revised_movement_label,segBoundary,segBoundary_start,segBoundary_end,length
stepping,67,0,67,67
rising,103,67,103,36
rearing,190,103,190,87
sniffing,222,190,222,32
rising,350,222,350,128
left_turning,386,350,386,36
grooming,387,386,387,1
rising,417,387,417,30
trotting,426,417,426,9
running,440,426,440,14
trotting,488,440,488,48
running,518,488,518,30
trotting,534,518,534,16
sniffing,542,534,542,8
stepping,590,542,590,48
rising,637,590,637,47
stepping,669,637,669,32
walking,670,669,670,1
stepping,671,670,671,1
walking,692,671,692,21
trotting,707,692,707,15
sniffing,752,707,752,45
walking,780,752,780,28
trotting,825,780,825,45
rising,826,825,826,1
rearing,888,826,888,62
sniffing,938,888,938,50
stepping,939,938,939,1
sniffing,981,939,981,42
rising,992,981,992,11
sniffing,1049,992,1049,57
rising,1113,1049,1113,64
rearing,1117,1113,1117,4
climbing,1160,1117,1160,43
rising,1328,1160,1328,168
climbing,1352,1328,1352,24
sniffing,1392,1352,1392,40
stepping,1423,1392,1423,31
sniffing,1484,1423,1484,61
left_turning,1497,1484,1497,13
rearing,1551,1497,1551,54
rising,1552,1551,1552,1
climbing,1606,1552,1606,54
grooming,2049,1606,2049,443
left_turning,2059,2049,2059,10
stepping,2079,2059,2079,20
sniffing,2135,2079,2135,56
stepping,2152,2135,2152,17
rising,2153,2152,2153,1
sniffing,2154,2153,2154,1
left_turning,2166,2154,2166,12
right_turning,2173,2166,2173,7
sniffing,2251,2173,2251,78
walking,2302,2251,2302,51
running,2313,2302,2313,11
trotting,2365,2313,2365,52
sniffing,2370,2365,2370,5
hunching,2419,2370,2419,49
climbing,2469,2419,2469,50
grooming,2470,2469,2470,1
left_turning,2500,2470,2500,30
walking,2509,2500,2509,9
rising,2527,2509,2527,18
sniffing,2715,2527,2715,188
left_turning,2740,2715,2740,25
running,2752,2740,2752,12
walking,2789,2752,2789,37
sniffing,2875,2789,2875,86
rising,2876,2875,2876,1
rearing,2978,2876,2978,102
climbing,3010,2978,3010,32
hunching,3019,3010,3019,9
grooming,3020,3019,3020,1
rearing,3106,3020,3106,86
sniffing,3107,3106,3107,1
grooming,3152,3107,3152,45
right_turning,3173,3152,3173,21
running,3198,3173,3198,25
walking,3225,3198,3225,27
sniffing,3229,3225,3229,4
rising,3260,3229,3260,31
sniffing,3273,3260,3273,13
rising,3290,3273,3290,17
rearing,3291,3290,3291,1
grooming,3292,3291,3292,1
climbing,3316,3292,3316,24
left_turning,3323,3316,3323,7
rearing,3353,3323,3353,30
hunching,3420,3353,3420,67
grooming,3476,3420,3476,56
stepping,3504,3476,3504,28
trotting,3534,3504,3534,30
rising,3548,3534,3548,14
walking,3611,3548,3611,63
rising,3667,3611,3667,56
grooming,3698,3667,3698,31
sniffing,3790,3698,3790,92
walking,3834,3790,3834,44
rearing,3846,3834,3846,12
climbing,3886,3846,3886,40
hunching,3958,3886,3958,72
grooming,4043,3958,4043,85
sniffing,4060,4043,4060,17
rising,4102,4060,4102,42
rearing,4173,4102,4173,71
rising,4219,4173,4219,46
right_turning,4232,4219,4232,13
sniffing,4233,4232,4233,1
rearing,4308,4233,4308,75
grooming,4385,4308,4385,77
right_turning,4397,4385,4397,12
sniffing,4398,4397,4398,1
rearing,4536,4398,4536,138
grooming,4667,4536,4667,131
sniffing,4729,4667,4729,62
stepping,4774,4729,4774,45
trotting,4785,4774,4785,11
sniffing,4806,4785,4806,21
rising,4840,4806,4840,34
sniffing,5082,4840,5082,242
rising,5133,5082,5133,51
right_turning,5151,5133,5151,18
walking,5163,5151,5163,12
sniffing,5181,5163,5181,18
rising,5185,5181,5185,4
running,5199,5185,5199,14
sniffing,5212,5199,5212,13
rising,5228,5212,5228,16
sniffing,5229,5228,5229,1
walking,5273,5229,5273,44
sniffing,5313,5273,5313,40
rising,5369,5313,5369,56
left_turning,5426,5369,5426,57
grooming,5528,5426,5528,102
rearing,5642,5528,5642,114
grooming,5643,5642,5643,1
sniffing,5678,5643,5678,35
rising,5679,5678,5679,1
grooming,5680,5679,5680,1
rearing,5752,5680,5752,72
sniffing,5783,5752,5783,31
right_turning,5801,5783,5801,18
sniffing,5802,5801,5802,1
trotting,5811,5802,5811,9
stepping,5813,5811,5813,2
sniffing,5949,5813,5949,136
walking,6038,5949,6038,89
trotting,6053,6038,6053,15
sniffing,6076,6053,6076,23
rising,6109,6076,6109,33
climbing,6139,6109,6139,30
rearing,6238,6139,6238,99
rising,6269,6238,6269,31
sniffing,6287,6269,6287,18
rising,6363,6287,6363,76
hunching,6392,6363,6392,29
grooming,6460,6392,6460,68
walking,6495,6460,6495,35
stepping,6537,6495,6537,42
sniffing,6570,6537,6570,33
grooming,7254,6570,7254,684
rearing,7318,7254,7318,64
grooming,7381,7318,7381,63
right_turning,7394,7381,7394,13
walking,7448,7394,7448,54
sniffing,7492,7448,7492,44
walking,7513,7492,7513,21
trotting,7520,7513,7520,7
walking,7557,7520,7557,37
stepping,7599,7557,7599,42
walking,7647,7599,7647,48
stepping,7669,7647,7669,22
rising,7886,7669,7886,217
hunching,7924,7886,7924,38
grooming,7925,7924,7925,1
hunching,7974,7925,7974,49
grooming,7998,7974,7998,24
left_turning,8045,7998,8045,47
hunching,8088,8045,8088,43
grooming,8237,8088,8237,149
right_turning,8257,8237,8257,20
trotting,8284,8257,8284,27
stepping,8313,8284,8313,29
rearing,8401,8313,8401,88
climbing,8452,8401,8452,51
left_turning,8487,8452,8487,35
trotting,8513,8487,8513,26
stepping,8544,8513,8544,31
rearing,8612,8544,8612,68
sniffing,8613,8612,8613,1
rearing,8679,8613,8679,66
rising,8680,8679,8680,1
trotting,8710,8680,8710,30
rearing,8720,8710,8720,10
left_turning,8733,8720,8733,13
grooming,8806,8733,8806,73
sniffing,8836,8806,8836,30
walking,8881,8836,8881,45
trotting,8898,8881,8898,17
stepping,8950,8898,8950,52
walking,8959,8950,8959,9
sniffing,9018,8959,9018,59
grooming,9263,9018,9263,245
hunching,9327,9263,9327,64
rearing,9328,9327,9328,1
sniffing,9491,9328,9491,163
left_turning,9509,9491,9509,18
stepping,9510,9509,9510,1
right_turning,9541,9510,9541,31
sniffing,9557,9541,9557,16
walking,9616,9557,9616,59
stepping,9632,9616,9632,16
trotting,9661,9632,9661,29
sniffing,9730,9661,9730,69
stepping,9734,9730,9734,4
climbing,9786,9734,9786,52
grooming,9802,9786,9802,16
walking,9842,9802,9842,40
sniffing,9867,9842,9867,25
stepping,9925,9867,9925,58
rising,10013,9925,10013,88
stepping,10026,10013,10026,13
rising,10061,10026,10061,35
climbing,10087,10061,10087,26
right_turning,10106,10087,10106,19
rising,10130,10106,10130,24
grooming,10242,10130,10242,112
trotting,10253,10242,10253,11
rising,10282,10253,10282,29
grooming,10549,10282,10549,267
hunching,10636,10549,10636,87
grooming,10637,10636,10637,1
left_turning,10657,10637,10657,20
sniffing,10674,10657,10674,17
rearing,10675,10674,10675,1
running,10696,10675,10696,21
walking,10726,10696,10726,30
rising,10782,10726,10782,56
sniffing,10931,10782,10931,149
stepping,10941,10931,10941,10
walking,10976,10941,10976,35
stepping,10979,10976,10979,3
sniffing,10980,10979,10980,1
stepping,11005,10980,11005,25
sniffing,11044,11005,11044,39
rising,11056,11044,11056,12
grooming,11309,11056,11309,253
climbing,11323,11309,11323,14
grooming,11423,11323,11423,100
rising,11424,11423,11424,1
sniffing,11464,11424,11464,40
stepping,11487,11464,11487,23
rising,11532,11487,11532,45
climbing,11548,11532,11548,16
grooming,11549,11548,11549,1
rearing,11550,11549,11550,1
hunching,11592,11550,11592,42
grooming,11619,11592,11619,27
hunching,11620,11619,11620,1
grooming,11821,11620,11821,201
climbing,11860,11821,11860,39
grooming,11933,11860,11933,73
rearing,12056,11933,12056,123
climbing,12065,12056,12065,9
stepping,12071,12065,12071,6
sniffing,12095,12071,12095,24
left_turning,12121,12095,12121,26
rising,12160,12121,12160,39
climbing,12214,12160,12214,54
grooming,12281,12214,12281,67
right_turning,12295,12281,12295,14
sniffing,12386,12295,12386,91
rising,12401,12386,12401,15
climbing,12436,12401,12436,35
left_turning,12481,12436,12481,45
running,12521,12481,12521,40
stepping,12556,12521,12556,35
walking,12582,12556,12582,26
stepping,12606,12582,12606,24
rising,12632,12606,12632,26
sniffing,12668,12632,12668,36
stepping,12687,12668,12687,19
grooming,12911,12687,12911,224
rising,12912,12911,12912,1
sniffing,12966,12912,12966,54
grooming,12967,12966,12967,1
stepping,12990,12967,12990,23
walking,12998,12990,12998,8
stepping,13053,12998,13053,55
sniffing,13138,13053,13138,85
grooming,13450,13138,13450,312
left_turning,13454,13450,13454,4
grooming,13816,13454,13816,362
stepping,13822,13816,13822,6
trotting,13860,13822,13860,38
stepping,13875,13860,13875,15
sniffing,13907,13875,13907,32
grooming,13908,13907,13908,1
rising,14024,13908,14024,116
left_turning,14030,14024,14030,6
grooming,14308,14030,14308,278
hunching,14348,14308,14348,40
rearing,14362,14348,14362,14
climbing,14416,14362,14416,54
left_turning,14420,14416,14420,4
sniffing,14421,14420,14421,1
climbing,14451,14421,14451,30
sniffing,14462,14451,14462,11
climbing,14488,14462,14488,26
walking,14511,14488,14511,23
sniffing,14565,14511,14565,54
stepping,14588,14565,14588,23
climbing,14673,14588,14673,85
sniffing,14726,14673,14726,53
grooming,15406,14726,15406,680
trotting,15436,15406,15436,30
sniffing,15437,15436,15437,1
stepping,15466,15437,15466,29
grooming,15529,15466,15529,63
sniffing,15601,15529,15601,72
grooming,16085,15601,16085,484
sniffing,16139,16085,16139,54
rising,16267,16139,16267,128
rearing,16379,16267,16379,112
hunching,16417,16379,16417,38
rearing,16631,16417,16631,214
stepping,16652,16631,16652,21
climbing,16713,16652,16713,61
rearing,16726,16713,16726,13
hunching,16749,16726,16749,23
rearing,16807,16749,16807,58
hunching,16846,16807,16846,39
rising,16893,16846,16893,47
stepping,16932,16893,16932,39
grooming,16933,16932,16933,1
stepping,16966,16933,16966,33
walking,16975,16966,16975,9
grooming,17076,16975,17076,101
rising,17124,17076,17124,48
walking,17133,17124,17133,9
trotting,17166,17133,17166,33
grooming,17335,17166,17335,169
sniffing,17463,17335,17463,128
grooming,17554,17463,17554,91
rearing,17555,17554,17555,1
stepping,17579,17555,17579,24
grooming,17688,17579,17688,109
scratching,17725,17688,17725,37
grooming,17726,17725,17726,1
rising,17783,17726,17783,57
left_turning,17801,17783,17801,18
stepping,17843,17801,17843,42
sniffing,17918,17843,17918,75
grooming,18097,17918,18097,179
sniffing,18216,18097,18216,119
grooming,18447,18216,18447,231
hunching,18481,18447,18481,34
grooming,18523,18481,18523,42
stepping,18556,18523,18556,33
sniffing,18587,18556,18587,31
rising,18615,18587,18615,28
climbing,18663,18615,18663,48
left_turning,18678,18663,18678,15
trotting,18692,18678,18692,14
walking,18708,18692,18708,16
stepping,18735,18708,18735,27
trotting,18749,18735,18749,14
walking,18773,18749,18773,24
stepping,18826,18773,18826,53
sniffing,18856,18826,18856,30
grooming,19056,18856,19056,200
climbing,19103,19056,19103,47
trotting,19164,19103,19164,61
sniffing,19232,19164,19232,68
scratching,19294,19232,19294,62
sniffing,19342,19294,19342,48
rising,19391,19342,19391,49
left_turning,19459,19391,19459,68
walking,19470,19459,19470,11
stepping,19490,19470,19490,20
walking,19536,19490,19536,46
running,19538,19536,19538,2
rising,19605,19538,19605,67
left_turning,19619,19605,19619,14
grooming,19711,19619,19711,92
climbing,19779,19711,19779,68
walking,19790,19779,19790,11
stepping,19821,19790,19821,31
walking,19828,19821,19828,7
rising,19829,19828,19829,1
climbing,19853,19829,19853,24
grooming,19904,19853,19904,51
hunching,19961,19904,19961,57
rising,20013,19961,20013,52
stepping,20033,20013,20033,20
grooming,20178,20033,20178,145
rearing,20235,20178,20235,57
hunching,20245,20235,20245,10
grooming,20279,20245,20279,34
hunching,20343,20279,20343,64
grooming,20875,20343,20875,532
rearing,20899,20875,20899,24
grooming,20929,20899,20929,30
rearing,20930,20929,20930,1
climbing,21013,20930,21013,83
sniffing,21014,21013,21014,1
stepping,21067,21014,21067,53
climbing,21101,21067,21101,34
grooming,21134,21101,21134,33
rearing,21218,21134,21218,84
grooming,21308,21218,21308,90
rising,21326,21308,21326,18
sniffing,21337,21326,21337,11
rising,21488,21337,21488,151
grooming,21545,21488,21545,57
walking,21561,21545,21561,16
sniffing,21607,21561,21607,46
walking,21644,21607,21644,37
sniffing,21697,21644,21697,53
walking,21766,21697,21766,69
grooming,21951,21766,21951,185
climbing,21986,21951,21986,35
rising,21995,21986,21995,9
walking,22009,21995,22009,14
sniffing,22083,22009,22083,74
grooming,22113,22083,22113,30
climbing,22152,22113,22152,39
sniffing,22168,22152,22168,16
stepping,22169,22168,22169,1
grooming,22170,22169,22170,1
sniffing,22179,22170,22179,9
climbing,22232,22179,22232,53
right_turning,22247,22232,22247,15
walking,22297,22247,22297,50
grooming,22358,22297,22358,61
rearing,22434,22358,22434,76
grooming,22474,22434,22474,40
stepping,22507,22474,22507,33
walking,22515,22507,22515,8
sniffing,22527,22515,22527,12
walking,22560,22527,22560,33
sniffing,22666,22560,22666,106
stepping,22725,22666,22725,59
sniffing,22739,22725,22739,14
grooming,22908,22739,22908,169
rearing,22966,22908,22966,58
sniffing,22973,22966,22973,7
rising,23007,22973,23007,34
hunching,23066,23007,23066,59
grooming,23362,23066,23362,296
hunching,23467,23362,23467,105
grooming,23487,23467,23487,20
walking,23512,23487,23512,25
rising,23540,23512,23540,28
grooming,23541,23540,23541,1
rearing,23791,23541,23791,250
hunching,23799,23791,23799,8
grooming,24451,23799,24451,652
rearing,24452,24451,24452,1
grooming,24482,24452,24482,30
walking,24547,24482,24547,65
rising,24577,24547,24577,30
stepping,24603,24577,24603,26
walking,24682,24603,24682,79
grooming,24708,24682,24708,26
sniffing,24742,24708,24742,34
stepping,24768,24742,24768,26
walking,24826,24768,24826,58
running,24858,24826,24858,32
walking,24868,24858,24868,10
sniffing,24926,24868,24926,58
stepping,24948,24926,24948,22
grooming,24983,24948,24983,35
sniffing,24984,24983,24984,1
walking,25003,24984,25003,19
stepping,25046,25003,25046,43
climbing,25090,25046,25090,44
grooming,25181,25090,25181,91
rearing,25182,25181,25182,1
grooming,25534,25182,25534,352
sniffing,25586,25534,25586,52
hunching,25650,25586,25650,64
rearing,25651,25650,25651,1
sniffing,25708,25651,25708,57
grooming,25920,25708,25920,212
sniffing,25943,25920,25943,23
hunching,25972,25943,25972,29
stepping,25981,25972,25981,9
walking,26058,25981,26058,77
stepping,26069,26058,26069,11
sniffing,26085,26069,26085,16
rising,26121,26085,26121,36
stepping,26122,26121,26122,1
sniffing,26156,26122,26156,34
grooming,26157,26156,26157,1
rearing,26219,26157,26219,62
sniffing,26233,26219,26233,14
rising,26259,26233,26259,26
grooming,26260,26259,26260,1
trotting,26280,26260,26280,20
sniffing,26330,26280,26330,50
stepping,26361,26330,26361,31
rising,26397,26361,26397,36
sniffing,26483,26397,26483,86
rising,26533,26483,26533,50
grooming,26604,26533,26604,71
rearing,26620,26604,26620,16
climbing,26668,26620,26668,48
sniffing,26669,26668,26669,1
stepping,26744,26669,26744,75
sniffing,26794,26744,26794,50
walking,26841,26794,26841,47
rising,26842,26841,26842,1
climbing,26937,26842,26937,95
rearing,26946,26937,26946,9
grooming,26947,26946,26947,1
rising,26948,26947,26948,1
sniffing,27029,26948,27029,81
left_turning,27088,27029,27088,59
walking,27109,27088,27109,21
stepping,27110,27109,27110,1
walking,27147,27110,27147,37
rising,27148,27147,27148,1
rearing,27433,27148,27433,285
left_turning,27445,27433,27445,12
stepping,27470,27445,27470,25
right_turning,27487,27470,27487,17
trotting,27515,27487,27515,28
grooming,27516,27515,27516,1
rearing,27750,27516,27750,234
grooming,27751,27750,27751,1
rearing,27752,27751,27752,1
climbing,27788,27752,27788,36
stepping,27807,27788,27807,19
hunching,27826,27807,27826,19
grooming,27889,27826,27889,63
hunching,27976,27889,27976,87
grooming,28118,27976,28118,142
sniffing,28119,28118,28119,1
grooming,28120,28119,28120,1
rearing,28183,28120,28183,63
grooming,28184,28183,28184,1
walking,28204,28184,28204,20
sniffing,28217,28204,28217,13
rising,28288,28217,28288,71
rearing,28362,28288,28362,74
running,28368,28362,28368,6
walking,28369,28368,28369,1
running,28370,28369,28370,1
trotting,28405,28370,28405,35
sniffing,28431,28405,28431,26
stepping,28440,28431,28440,9
walking,28458,28440,28458,18
rearing,28459,28458,28459,1
grooming,28695,28459,28695,236
sniffing,28723,28695,28723,28
stepping,28747,28723,28747,24
sniffing,28799,28747,28799,52
grooming,28800,28799,28800,1
left_turning,28844,28800,28844,44
stepping,28858,28844,28858,14
walking,28866,28858,28866,8
sniffing,28884,28866,28884,18
stepping,28902,28884,28902,18
walking,28962,28902,28962,60
right_turning,28994,28962,28994,32
stepping,29017,28994,29017,23
sniffing,29040,29017,29040,23
stepping,29068,29040,29068,28
rearing,29069,29068,29069,1
hunching,29070,29069,29070,1
grooming,29071,29070,29071,1
rising,29106,29071,29106,35
sniffing,29164,29106,29164,58
stepping,29188,29164,29188,24
rearing,29204,29188,29204,16
hunching,29249,29204,29249,45
grooming,29335,29249,29335,86
rearing,29400,29335,29400,65
grooming,29473,29400,29473,73
sniffing,29474,29473,29474,1
stepping,29559,29474,29559,85
trotting,29591,29559,29591,32
sniffing,29628,29591,29628,37
right_turning,29640,29628,29640,12
walking,29646,29640,29646,6
trotting,29677,29646,29677,31
walking,29717,29677,29717,40
stepping,29748,29717,29748,31
climbing,29803,29748,29803,55
rearing,30065,29803,30065,262
sniffing,30107,30065,30107,42
grooming,30275,30107,30275,168
left_turning,30323,30275,30323,48
running,30342,30323,30342,19
sniffing,30373,30342,30373,31
stepping,30431,30373,30431,58
sniffing,30448,30431,30448,17
walking,30449,30448,30449,1
stepping,30450,30449,30450,1
sniffing,30498,30450,30498,48
rising,30499,30498,30499,1
sniffing,30568,30499,30568,69
grooming,30569,30568,30569,1
walking,30578,30569,30578,9
running,30599,30578,30599,21
stepping,30619,30599,30619,20
trotting,30638,30619,30638,19
walking,30653,30638,30653,15
stepping,30661,30653,30661,8
sniffing,30698,30661,30698,37
grooming,30699,30698,30699,1
walking,30726,30699,30726,27
running,30733,30726,30733,7
walking,30779,30733,30779,46
rising,30904,30779,30904,125
stepping,30999,30904,30999,95
sniffing,31133,30999,31133,134
rising,31137,31133,31137,4
grooming,31264,31137,31264,127
sniffing,31326,31264,31326,62
walking,31343,31326,31343,17
left_turning,31390,31343,31390,47
running,31408,31390,31408,18
right_turning,31416,31408,31416,8
trotting,31437,31416,31437,21
running,31484,31437,31484,47
trotting,31497,31484,31497,13
walking,31526,31497,31526,29
rising,31573,31526,31573,47
trotting,31610,31573,31610,37
sniffing,31665,31610,31665,55
stepping,31693,31665,31693,28
climbing,31694,31693,31694,1
grooming,32136,31694,32136,442
sniffing,32205,32136,32205,69
stepping,32216,32205,32216,11
sniffing,32228,32216,32228,12
right_turning,32259,32228,32259,31
stepping,32305,32259,32305,46
sniffing,32329,32305,32329,24
grooming,32498,32329,32498,169
running,32519,32498,32519,21
walking,32553,32519,32553,34
stepping,32595,32553,32595,42
walking,32619,32595,32619,24
rearing,32670,32619,32670,51
hunching,32693,32670,32693,23
sniffing,32715,32693,32715,22
right_turning,32725,32715,32725,10
sniffing,32734,32725,32734,9
walking,32738,32734,32738,4
rising,32754,32738,32754,16
climbing,32838,32754,32838,84
left_turning,32896,32838,32896,58
sniffing,32940,32896,32940,44
stepping,32942,32940,32942,2
walking,32987,32942,32987,45
rearing,33000,32987,33000,13
grooming,33023,33000,33023,23
hunching,33092,33023,33092,69
grooming,33265,33092,33265,173
rearing,33297,33265,33297,32
left_turning,33309,33297,33309,12
trotting,33322,33309,33322,13
stepping,33335,33322,33335,13
right_turning,33345,33335,33345,10
stepping,33366,33345,33366,21
walking,33397,33366,33397,31
rearing,33573,33397,33573,176
sniffing,33630,33573,33630,57
walking,33635,33630,33635,5
right_turning,33671,33635,33671,36
stepping,33703,33671,33703,32
sniffing,33763,33703,33763,60
rising,33782,33763,33782,19
climbing,33815,33782,33815,33
grooming,33816,33815,33816,1
left_turning,33821,33816,33821,5
sniffing,33864,33821,33864,43
rising,33867,33864,33867,3
grooming,33868,33867,33868,1
rearing,34045,33868,34045,177
grooming,34115,34045,34115,70
sniffing,34230,34115,34230,115
trotting,34250,34230,34250,20
sniffing,34258,34250,34258,8
stepping,34287,34258,34287,29
rising,34308,34287,34308,21
right_turning,34323,34308,34323,15
stepping,34341,34323,34341,18
walking,34354,34341,34354,13
grooming,35106,34354,35106,752
sniffing,35114,35106,35114,8
walking,35148,35114,35148,34
stepping,35192,35148,35192,44
left_turning,35211,35192,35211,19
rising,35240,35211,35240,29
sniffing,35272,35240,35272,32
left_turning,35302,35272,35302,30
walking,35344,35302,35344,42
grooming,35345,35344,35345,1
hunching,35431,35345,35431,86
rearing,35527,35431,35527,96
grooming,35643,35527,35643,116
sniffing,35690,35643,35690,47
rising,35691,35690,35691,1
sniffing,35727,35691,35727,36
rearing,35879,35727,35879,152
grooming,35908,35879,35908,29
rearing,36008,35908,36008,100
grooming,36009,36008,36009,1
rearing,36010,36009,36010,1
hunching,36064,36010,36064,54
grooming,36258,36064,36258,194
rearing,36322,36258,36322,64
walking,36356,36322,36356,34
climbing,36391,36356,36391,35
left_turning,36436,36391,36436,45
grooming,36513,36436,36513,77
sniffing,36561,36513,36561,48
walking,36578,36561,36578,17
sniffing,36642,36578,36642,64
walking,36669,36642,36669,27
stepping,36681,36669,36681,12
sniffing,36688,36681,36688,7
rising,36716,36688,36716,28
climbing,36803,36716,36803,87
left_turning,36851,36803,36851,48
running,36864,36851,36864,13
right_turning,36875,36864,36875,11
stepping,36876,36875,36876,1
walking,36894,36876,36894,18
sniffing,36895,36894,36895,1
grooming,37161,36895,37161,266
hunching,37207,37161,37207,46
rearing,37346,37207,37346,139
hunching,37430,37346,37430,84
rearing,37513,37430,37513,83
sniffing,37541,37513,37541,28
right_turning,37564,37541,37564,23
trotting,37582,37564,37582,18
sniffing,37583,37582,37583,1
trotting,37640,37583,37640,57
walking,37654,37640,37654,14
running,37677,37654,37677,23
rearing,37698,37677,37698,21
stepping,37711,37698,37711,13
climbing,37726,37711,37726,15
stepping,37730,37726,37730,4
trotting,37760,37730,37760,30
stepping,37774,37760,37774,14
hunching,37897,37774,37897,123
grooming,37898,37897,37898,1
walking,37906,37898,37906,8
stepping,37913,37906,37913,7
grooming,37966,37913,37966,53
rearing,37967,37966,37967,1
running,37990,37967,37990,23
sniffing,37991,37990,37991,1
left_turning,38031,37991,38031,40
stepping,38084,38031,38084,53
sniffing,38152,38084,38152,68
climbing,38189,38152,38189,37
left_turning,38212,38189,38212,23
grooming,38579,38212,38579,367
climbing,38601,38579,38601,22
trotting,38633,38601,38633,32
rising,38657,38633,38657,24
grooming,38749,38657,38749,92
left_turning,38805,38749,38805,56
sniffing,38806,38805,38806,1
running,38808,38806,38808,2
walking,38819,38808,38819,11
stepping,38826,38819,38826,7
pausing,38977,38826,38977,151
sniffing,39048,38977,39048,71
rising,39071,39048,39071,23
climbing,39072,39071,39072,1
walking,39150,39072,39150,78
sniffing,39197,39150,39197,47
stepping,39225,39197,39225,28
rising,39254,39225,39254,29
trotting,39279,39254,39279,25
sniffing,39389,39279,39389,110
rearing,39409,39389,39409,20
left_turning,39425,39409,39425,16
stepping,39448,39425,39448,23
sniffing,39521,39448,39521,73
stepping,39522,39521,39522,1
sniffing,39523,39522,39523,1
stepping,39577,39523,39577,54
rising,39593,39577,39593,16
left_turning,39626,39593,39626,33
sniffing,39653,39626,39653,27
right_turning,39660,39653,39660,7
trotting,39680,39660,39680,20
rising,39688,39680,39688,8
climbing,39751,39688,39751,63
rearing,39808,39751,39808,57
grooming,39910,39808,39910,102
rising,39911,39910,39911,1
stepping,39919,39911,39919,8
sniffing,39920,39919,39920,1
scratching,39927,39920,39927,7
left_turning,39957,39927,39957,30
sniffing,39986,39957,39986,29
walking,40006,39986,40006,20
sniffing,40046,40006,40046,40
stepping,40080,40046,40080,34
sniffing,40095,40080,40095,15
grooming,40198,40095,40198,103
rearing,40199,40198,40199,1
sniffing,40200,40199,40200,1
rising,40219,40200,40219,19
stepping,40248,40219,40248,29
grooming,40249,40248,40249,1
hunching,40325,40249,40325,76
grooming,40329,40325,40329,4
sniffing,40330,40329,40330,1
trotting,40369,40330,40369,39
walking,40415,40369,40415,46
stepping,40434,40415,40434,19
sniffing,40520,40434,40520,86
climbing,40547,40520,40547,27
walking,40554,40547,40554,7
sniffing,40555,40554,40555,1
grooming,40556,40555,40556,1
running,40571,40556,40571,15
walking,40620,40571,40620,49
rearing,40645,40620,40645,25
grooming,40955,40645,40955,310
climbing,40999,40955,40999,44
right_turning,41019,40999,41019,20
stepping,41027,41019,41027,8
rising,41034,41027,41034,7
walking,41035,41034,41035,1
sniffing,41036,41035,41036,1
rising,41037,41036,41037,1
grooming,41080,41037,41080,43
rearing,41109,41080,41109,29
grooming,41110,41109,41110,1
scratching,41147,41110,41147,37
sniffing,41148,41147,41148,1
rising,41149,41148,41149,1
rearing,41197,41149,41197,48
climbing,41259,41197,41259,62
rising,41260,41259,41260,1
walking,41273,41260,41273,13
right_turning,41314,41273,41314,41
stepping,41344,41314,41344,30
walking,41357,41344,41357,13
sniffing,41372,41357,41372,15
grooming,41468,41372,41468,96
walking,41500,41468,41500,32
sniffing,41537,41500,41537,37
trotting,41589,41537,41589,52
walking,41595,41589,41595,6
left_turning,41618,41595,41618,23
rearing,41675,41618,41675,57
walking,41691,41675,41691,16
grooming,41712,41691,41712,21
scratching,41738,41712,41738,26
grooming,41768,41738,41768,30
rearing,41809,41768,41809,41
stepping,41859,41809,41859,50
sniffing,41860,41859,41860,1
walking,41887,41860,41887,27
sniffing,41928,41887,41928,41
grooming,42344,41928,42344,416
trotting,42345,42344,42345,1
sniffing,42400,42345,42400,55
rising,42429,42400,42429,29
sniffing,42483,42429,42483,54
stepping,42511,42483,42511,28
sniffing,42569,42511,42569,58
walking,42608,42569,42608,39
stepping,42642,42608,42642,34
sniffing,42699,42642,42699,57
grooming,42802,42699,42802,103
rising,42803,42802,42803,1
grooming,42925,42803,42925,122
rearing,43032,42925,43032,107
grooming,43058,43032,43058,26
hunching,43059,43058,43059,1
grooming,43099,43059,43099,40
hunching,43170,43099,43170,71
grooming,43245,43170,43245,75
left_turning,43246,43245,43246,1
grooming,43492,43246,43492,246
rearing,43526,43492,43526,34
hunching,43572,43526,43572,46
rising,43589,43572,43589,17
grooming,43590,43589,43590,1
walking,43611,43590,43611,21
sniffing,43647,43611,43647,36
walking,43665,43647,43665,18
sniffing,43712,43665,43712,47
climbing,43752,43712,43752,40
left_turning,43772,43752,43772,20
sniffing,43785,43772,43785,13
walking,43796,43785,43796,11
trotting,43815,43796,43815,19
stepping,43866,43815,43866,51
climbing,43890,43866,43890,24
right_turning,43926,43890,43926,36
stepping,43941,43926,43941,15
sniffing,43987,43941,43987,46
rearing,44011,43987,44011,24
grooming,44012,44011,44012,1
sniffing,44057,44012,44057,45
grooming,44058,44057,44058,1
stepping,44102,44058,44102,44
rearing,44188,44102,44188,86
left_turning,44199,44188,44199,11
walking,44208,44199,44208,9
stepping,44209,44208,44209,1
climbing,44254,44209,44254,45
left_turning,44340,44254,44340,86
sniffing,44404,44340,44404,64
stepping,44479,44404,44479,75
running,44521,44479,44521,42
stepping,44566,44521,44566,45
sniffing,44611,44566,44611,45
rising,44631,44611,44631,20
sniffing,44632,44631,44632,1
grooming,44784,44632,44784,152
trotting,44812,44784,44812,28
rising,44813,44812,44813,1
climbing,44890,44813,44890,77
rearing,44903,44890,44903,13
hunching,44998,44903,44998,95
grooming,44999,44998,44999,1
scratching,45074,44999,45074,75
grooming,45806,45074,45806,732
climbing,45902,45806,45902,96
walking,45908,45902,45908,6
running,45948,45908,45948,40
walking,45949,45948,45949,1
stepping,45969,45949,45969,20
rising,46012,45969,46012,43
climbing,46064,46012,46064,52
sniffing,46098,46064,46098,34
stepping,46154,46098,46154,56
left_turning,46209,46154,46209,55
walking,46217,46209,46217,8
rising,46233,46217,46233,16
rearing,46234,46233,46234,1
climbing,46291,46234,46291,57
rearing,46293,46291,46293,2
sniffing,46294,46293,46294,1
walking,46309,46294,46309,15
stepping,46347,46309,46347,38
sniffing,46348,46347,46348,1
left_turning,46400,46348,46400,52
walking,46447,46400,46447,47
stepping,46488,46447,46488,41
climbing,46548,46488,46548,60
rising,46577,46548,46577,29
walking,46592,46577,46592,15
sniffing,46593,46592,46593,1
grooming,46824,46593,46824,231
rearing,46923,46824,46923,99
grooming,47008,46923,47008,85
left_turning,47011,47008,47011,3
walking,47051,47011,47051,40
stepping,47083,47051,47083,32
rearing,47137,47083,47137,54
grooming,47511,47137,47511,374
stepping,47531,47511,47531,20
sniffing,47590,47531,47590,59
stepping,47661,47590,47661,71
right_turning,47681,47661,47681,20
sniffing,47821,47681,47821,140
left_turning,47891,47821,47891,70
walking,47898,47891,47898,7
sniffing,47899,47898,47899,1
stepping,47925,47899,47925,26
sniffing,47985,47925,47985,60
stepping,47987,47985,47987,2
walking,48062,47987,48062,75
left_turning,48119,48062,48119,57
sniffing,48143,48119,48143,24
right_turning,48158,48143,48158,15
sniffing,48170,48158,48170,12
stepping,48248,48170,48248,78
left_turning,48272,48248,48272,24
walking,48318,48272,48318,46
stepping,48350,48318,48350,32
right_turning,48361,48350,48361,11
walking,48405,48361,48405,44
stepping,48457,48405,48457,52
sniffing,48496,48457,48496,39
stepping,48500,48496,48500,4
left_turning,48501,48500,48501,1
grooming,48685,48501,48685,184
walking,48686,48685,48686,1
stepping,48753,48686,48753,67
walking,48775,48753,48775,22
rearing,48824,48775,48824,49
hunching,48825,48824,48825,1
grooming,48840,48825,48840,15
walking,48870,48840,48870,30
grooming,49061,48870,49061,191
left_turning,49078,49061,49078,17
grooming,49125,49078,49125,47
rising,49150,49125,49150,25
grooming,49323,49150,49323,173
sniffing,49373,49323,49373,50
walking,49374,49373,49374,1
stepping,49403,49374,49403,29
sniffing,49415,49403,49415,12
left_turning,49422,49415,49422,7
walking,49455,49422,49455,33
right_turning,49482,49455,49482,27
sniffing,49489,49482,49489,7
climbing,49539,49489,49539,50
trotting,49565,49539,49565,26
sniffing,49566,49565,49566,1
grooming,49567,49566,49567,1
rearing,49568,49567,49568,1
climbing,49633,49568,49633,65
running,49674,49633,49674,41
sniffing,49719,49674,49719,45
left_turning,49771,49719,49771,52
grooming,49772,49771,49772,1
hunching,49809,49772,49809,37
grooming,49983,49809,49983,174
walking,50025,49983,50025,42
sniffing,50063,50025,50063,38
grooming,50165,50063,50165,102
hunching,50294,50165,50294,129
grooming,50295,50294,50295,1
rearing,50331,50295,50331,36
grooming,50505,50331,50505,174
hunching,50507,50505,50507,2
grooming,50743,50507,50743,236
rearing,50744,50743,50744,1
sniffing,50781,50744,50781,37
walking,50819,50781,50819,38
sniffing,50900,50819,50900,81
grooming,50901,50900,50901,1
hunching,50981,50901,50981,80
left_turning,51044,50981,51044,63
stepping,51067,51044,51067,23
sniffing,51136,51067,51136,69
grooming,51392,51136,51392,256
stepping,51398,51392,51398,6
rising,51433,51398,51433,35
climbing,51485,51433,51485,52
grooming,51528,51485,51528,43
hunching,51643,51528,51643,115
grooming,51727,51643,51727,84
walking,51784,51727,51784,57
sniffing,51785,51784,51785,1
stepping,51841,51785,51841,56
sniffing,51864,51841,51864,23
stepping,51874,51864,51874,10
sniffing,51991,51874,51991,117
walking,51992,51991,51992,1
sniffing,52077,51992,52077,85
rising,52138,52077,52138,61
climbing,52198,52138,52198,60
rearing,52206,52198,52206,8
climbing,52214,52206,52214,8
right_turning,52231,52214,52231,17
walking,52300,52231,52300,69
sniffing,52301,52300,52301,1
left_turning,52356,52301,52356,55
walking,52376,52356,52376,20
stepping,52389,52376,52389,13
hunching,52390,52389,52390,1
left_turning,52400,52390,52400,10
sniffing,52433,52400,52433,33
walking,52434,52433,52434,1
sniffing,52435,52434,52435,1
left_turning,52450,52435,52450,15
sniffing,52451,52450,52451,1
walking,52486,52451,52486,35
sniffing,52549,52486,52549,63
grooming,52550,52549,52550,1
rearing,52588,52550,52588,38
grooming,52589,52588,52589,1
sniffing,52662,52589,52662,73
walking,52675,52662,52675,13
right_turning,52697,52675,52697,22
sniffing,52698,52697,52698,1
rising,52699,52698,52699,1
grooming,52753,52699,52753,54
sniffing,52871,52753,52871,118
hunching,52872,52871,52872,1
rearing,52913,52872,52913,41
grooming,53136,52913,53136,223
trotting,53150,53136,53150,14
stepping,53191,53150,53191,41
walking,53192,53191,53192,1
trotting,53231,53192,53231,39
stepping,53256,53231,53256,25
sniffing,53332,53256,53332,76
walking,53375,53332,53375,43
sniffing,53403,53375,53403,28
stepping,53439,53403,53439,36
running,53466,53439,53466,27
walking,53467,53466,53467,1
rearing,53480,53467,53480,13
walking,53520,53480,53520,40
sniffing,53580,53520,53580,60
grooming,54299,53580,54299,719
scratching,54337,54299,54337,38
grooming,54417,54337,54417,80
stepping,54477,54417,54477,60
walking,54512,54477,54512,35
stepping,54570,54512,54570,58
rearing,54610,54570,54610,40
running,54658,54610,54658,48
rising,54717,54658,54717,59
hunching,54735,54717,54735,18
grooming,54752,54735,54752,17
walking,54784,54752,54784,32
sniffing,54880,54784,54880,96
climbing,54923,54880,54923,43
rising,54924,54923,54924,1
climbing,54969,54924,54969,45
left_turning,55004,54969,55004,35
right_turning,55007,55004,55007,3
walking,55025,55007,55025,18
sniffing,55053,55025,55053,28
walking,55117,55053,55117,64
sniffing,55180,55117,55180,63
grooming,55314,55180,55314,134
trotting,55328,55314,55328,14
rising,55329,55328,55329,1
sniffing,55343,55329,55343,14
grooming,55392,55343,55392,49
rearing,55433,55392,55433,41
grooming,55789,55433,55789,356
sniffing,55797,55789,55797,8
rising,55840,55797,55840,43
rearing,55841,55840,55841,1
grooming,56006,55841,56006,165
sniffing,56013,56006,56013,7
trotting,56056,56013,56056,43
left_turning,56065,56056,56065,9
walking,56087,56065,56087,22
stepping,56108,56087,56108,21
rising,56123,56108,56123,15
rearing,56254,56123,56254,131
climbing,56265,56254,56265,11
rising,56314,56265,56314,49
left_turning,56338,56314,56338,24
sniffing,56477,56338,56477,139
stepping,56515,56477,56515,38
walking,56531,56515,56531,16
sniffing,56562,56531,56562,31
stepping,56591,56562,56591,29
walking,56620,56591,56620,29
sniffing,56637,56620,56637,17
walking,56669,56637,56669,32
stepping,56718,56669,56718,49
walking,56787,56718,56787,69
stepping,56803,56787,56803,16
grooming,56804,56803,56804,1
rearing,56857,56804,56857,53
rising,56903,56857,56903,46
walking,56904,56903,56904,1
grooming,56905,56904,56905,1
rearing,56945,56905,56945,40
grooming,56960,56945,56960,15
sniffing,57199,56960,57199,239
walking,57212,57199,57212,13
sniffing,57213,57212,57213,1
running,57232,57213,57232,19
sniffing,57442,57232,57442,210
right_turning,57479,57442,57479,37
sniffing,57556,57479,57556,77
rising,57557,57556,57557,1
hunching,57572,57557,57572,15
rearing,57596,57572,57596,24
walking,57618,57596,57618,22
climbing,57634,57618,57634,16
sniffing,57733,57634,57733,99
stepping,57785,57733,57785,52
rearing,57852,57785,57852,67
grooming,58019,57852,58019,167
left_turning,58046,58019,58046,27
trotting,58059,58046,58059,13
stepping,58078,58059,58078,19
sniffing,58149,58078,58149,71
rearing,58262,58149,58262,113
running,58301,58262,58301,39
sniffing,58302,58301,58302,1
rising,58338,58302,58338,36
left_turning,58347,58338,58347,9
walking,58358,58347,58358,11
stepping,58388,58358,58388,30
walking,58412,58388,58412,24
sniffing,58493,58412,58493,81
stepping,58500,58493,58500,7
sniffing,58544,58500,58544,44
walking,58574,58544,58574,30
sniffing,58578,58574,58578,4
stepping,58589,58578,58589,11
walking,58590,58589,58590,1
sniffing,58648,58590,58648,58
stepping,58670,58648,58670,22
walking,58705,58670,58705,35
sniffing,58753,58705,58753,48
left_turning,58774,58753,58774,21
walking,58823,58774,58823,49
sniffing,58911,58823,58911,88
walking,58983,58911,58983,72
left_turning,58984,58983,58984,1
sniffing,58985,58984,58985,1
right_turning,58997,58985,58997,12
stepping,59006,58997,59006,9
grooming,59239,59006,59239,233
right_turning,59280,59239,59280,41
trotting,59309,59280,59309,29
rising,59324,59309,59324,15
climbing,59379,59324,59379,55
grooming,59590,59379,59590,211
hunching,59656,59590,59656,66
grooming,59718,59656,59718,62
sniffing,59721,59718,59721,3
walking,59732,59721,59732,11
right_turning,59748,59732,59748,16
grooming,59848,59748,59848,100
hunching,59904,59848,59904,56
grooming,59941,59904,59941,37
rearing,60053,59941,60053,112
grooming,60417,60053,60417,364
scratching,60475,60417,60475,58
grooming,60862,60475,60862,387
rearing,60918,60862,60918,56
grooming,60919,60918,60919,1
sniffing,61068,60919,61068,149
rising,61069,61068,61069,1
climbing,61119,61069,61119,50
hunching,61146,61119,61146,27
grooming,61227,61146,61227,81
rearing,61331,61227,61331,104
running,61359,61331,61359,28
grooming,61411,61359,61411,52
trotting,61429,61411,61429,18
running,61458,61429,61458,29
walking,61487,61458,61487,29
sniffing,61550,61487,61550,63
walking,61562,61550,61562,12
sniffing,61685,61562,61685,123
grooming,61686,61685,61686,1
stepping,61718,61686,61718,32
rising,61745,61718,61745,27
sniffing,61746,61745,61746,1
walking,61774,61746,61774,28
sniffing,61796,61774,61796,22
trotting,61821,61796,61821,25
rising,61889,61821,61889,68
rearing,61920,61889,61920,31
jumping,61936,61920,61936,16
left_turning,61992,61936,61992,56
sniffing,61993,61992,61993,1
rising,61994,61993,61994,1
grooming,62016,61994,62016,22
sniffing,62036,62016,62036,20
grooming,62201,62036,62201,165
rearing,62216,62201,62216,15
grooming,62217,62216,62217,1
hunching,62282,62217,62282,65
grooming,62411,62282,62411,129
running,62432,62411,62432,21
walking,62435,62432,62435,3
stepping,62460,62435,62460,25
sniffing,62551,62460,62551,91
walking,62563,62551,62563,12
sniffing,62596,62563,62596,33
stepping,62632,62596,62632,36
left_turning,62633,62632,62633,1
trotting,62648,62633,62648,15
walking,62680,62648,62680,32
rising,62681,62680,62681,1
grooming,62682,62681,62682,1
sniffing,62688,62682,62688,6
stepping,62726,62688,62726,38
jumping,62828,62726,62828,102
grooming,62829,62828,62829,1
rising,62830,62829,62830,1
climbing,62868,62830,62868,38
grooming,62985,62868,62985,117
sniffing,63027,62985,63027,42
right_turning,63029,63027,63029,2
walking,63110,63029,63110,81
rising,63270,63110,63270,160
left_turning,63271,63270,63271,1
sniffing,63361,63271,63361,90
stepping,63402,63361,63402,41
walking,63403,63402,63403,1
jumping,63431,63403,63431,28
left_turning,63432,63431,63432,1
trotting,63458,63432,63458,26
stepping,63487,63458,63487,29
climbing,63507,63487,63507,20
running,63545,63507,63545,38
walking,63566,63545,63566,21
sniffing,63595,63566,63595,29
left_turning,63683,63595,63683,88
hunching,63780,63683,63780,97
rearing,63824,63780,63824,44
sniffing,63867,63824,63867,43
walking,63875,63867,63875,8
climbing,63887,63875,63887,12
rising,63893,63887,63893,6
left_turning,63927,63893,63927,34
walking,63944,63927,63944,17
rearing,63945,63944,63945,1
walking,64009,63945,64009,64
sniffing,64071,64009,64071,62
climbing,64077,64071,64077,6
trotting,64114,64077,64114,37
sniffing,64210,64114,64210,96
grooming,64703,64210,64703,493
walking,64737,64703,64737,34
climbing,64894,64737,64894,157
walking,64917,64894,64917,23
sniffing,65006,64917,65006,89
stepping,65022,65006,65022,16
grooming,65092,65022,65092,70
left_turning,65240,65092,65240,148
walking,65286,65240,65286,46
climbing,65304,65286,65304,18
walking,65307,65304,65307,3
climbing,65356,65307,65356,49
left_turning,65399,65356,65399,43
walking,65437,65399,65437,38
sniffing,65438,65437,65438,1
rising,65441,65438,65441,3
left_turning,65515,65441,65515,74
walking,65535,65515,65535,20
sniffing,65724,65535,65724,189
grooming,65951,65724,65951,227
rising,66004,65951,66004,53
rearing,66007,66004,66007,3
hunching,66032,66007,66032,25
rearing,66052,66032,66052,20
rising,66053,66052,66053,1
climbing,66090,66053,66090,37
rising,66161,66090,66161,71
climbing,66190,66161,66190,29
rearing,66255,66190,66255,65
grooming,66353,66255,66353,98
climbing,66354,66353,66354,1
grooming,66562,66354,66562,208
rearing,66563,66562,66563,1
rising,66589,66563,66589,26
rearing,66590,66589,66590,1
grooming,66802,66590,66802,212
left_turning,66807,66802,66807,5
grooming,66882,66807,66882,75
sniffing,66929,66882,66929,47
walking,66958,66929,66958,29
sniffing,66959,66958,66959,1
hunching,67039,66959,67039,80
sniffing,67044,67039,67044,5
grooming,67278,67044,67278,234
walking,67310,67278,67310,32
stepping,67330,67310,67330,20
grooming,67331,67330,67331,1
sniffing,67367,67331,67367,36
left_turning,67380,67367,67380,13
walking,67409,67380,67409,29
sniffing,67422,67409,67422,13
grooming,67687,67422,67687,265
rearing,67688,67687,67688,1
grooming,67832,67688,67832,144
rearing,68131,67832,68131,299
climbing,68241,68131,68241,110
rearing,68242,68241,68242,1
grooming,68482,68242,68482,240
hunching,68536,68482,68536,54
grooming,69238,68536,69238,702
sniffing,69255,69238,69255,17
walking,69281,69255,69281,26
rising,69293,69281,69293,12
sniffing,69316,69293,69316,23
walking,69347,69316,69347,31
stepping,69367,69347,69367,20
rising,69368,69367,69368,1
rearing,69414,69368,69414,46
grooming,69415,69414,69415,1
hunching,69447,69415,69447,32
rearing,69448,69447,69448,1
grooming,69538,69448,69538,90
climbing,69558,69538,69558,20
sniffing,69563,69558,69563,5
stepping,69573,69563,69573,10
sniffing,69580,69573,69580,7
left_turning,69615,69580,69615,35
walking,69633,69615,69633,18
rearing,69706,69633,69706,73
running,69727,69706,69727,21
rising,69728,69727,69728,1
stepping,69756,69728,69756,28
running,69766,69756,69766,10
sniffing,69887,69766,69887,121
left_turning,69909,69887,69909,22
grooming,69956,69909,69956,47
hunching,70021,69956,70021,65
grooming,70022,70021,70022,1
walking,70062,70022,70062,40
stepping,70099,70062,70099,37
walking,70100,70099,70100,1
sniffing,70101,70100,70101,1
rising,70151,70101,70151,50
climbing,70152,70151,70152,1
sniffing,70163,70152,70163,11
walking,70175,70163,70175,12
trotting,70197,70175,70197,22
sniffing,70198,70197,70198,1
stepping,70206,70198,70206,8
sniffing,70250,70206,70250,44
left_turning,70269,70250,70269,19
trotting,70289,70269,70289,20
sniffing,70381,70289,70381,92
climbing,70407,70381,70407,26
walking,70435,70407,70435,28
right_turning,70476,70435,70476,41
walking,70511,70476,70511,35
stepping,70573,70511,70573,62
walking,70620,70573,70620,47
rising,70639,70620,70639,19
climbing,70698,70639,70698,59
running,70741,70698,70741,43
sniffing,70816,70741,70816,75
rising,70896,70816,70896,80
sniffing,70981,70896,70981,85
stepping,70986,70981,70986,5
rising,71019,70986,71019,33
walking,71059,71019,71059,40
stepping,71076,71059,71076,17
climbing,71103,71076,71103,27
left_turning,71146,71103,71146,43
stepping,71147,71146,71147,1
sniffing,71201,71147,71201,54
hunching,71273,71201,71273,72
rearing,71308,71273,71308,35
walking,71345,71308,71345,37
rising,71347,71345,71347,2
climbing,71364,71347,71364,17
sniffing,71419,71364,71419,55
rising,71506,71419,71506,87
grooming,71695,71506,71695,189
rising,71696,71695,71696,1
grooming,71811,71696,71811,115
sniffing,71825,71811,71825,14
rising,71841,71825,71841,16
sniffing,71875,71841,71875,34
walking,71903,71875,71903,28
left_turning,71949,71903,71949,46
right_turning,71958,71949,71958,9
walking,71959,71958,71959,1
rising,72047,71959,72047,88
climbing,72087,72047,72087,40
grooming,72128,72087,72128,41
sniffing,72129,72128,72129,1
rising,72141,72129,72141,12
sniffing,72151,72141,72151,10
rising,72188,72151,72188,37
rearing,72237,72188,72237,49
grooming,72240,72237,72240,3
left_turning,72246,72240,72246,6
rising,72287,72246,72287,41
climbing,72397,72287,72397,110
walking,72412,72397,72412,15
sniffing,72521,72412,72521,109
left_turning,72537,72521,72537,16
walking,72575,72537,72575,38
stepping,72598,72575,72598,23
rising,72599,72598,72599,1
sniffing,72721,72599,72721,122
rising,72730,72721,72730,9
walking,72798,72730,72798,68
sniffing,72824,72798,72824,26
climbing,72848,72824,72848,24
grooming,72972,72848,72972,124
sniffing,73053,72972,73053,81
walking,73056,73053,73056,3
trotting,73087,73056,73087,31
walking,73129,73087,73129,42
grooming,73177,73129,73177,48
rearing,73438,73177,73438,261
grooming,73536,73438,73536,98
hunching,73545,73536,73545,9
grooming,73546,73545,73546,1
sniffing,73547,73546,73547,1
stepping,73587,73547,73587,40
sniffing,73645,73587,73645,58
grooming,73809,73645,73809,164
hunching,73912,73809,73912,103
rearing,73923,73912,73923,11
grooming,74080,73923,74080,157
left_turning,74081,74080,74081,1
walking,74082,74081,74082,1
sniffing,74163,74082,74163,81
stepping,74185,74163,74185,22
rearing,74264,74185,74264,79
grooming,74454,74264,74454,190
left_turning,74483,74454,74483,29
sniffing,74567,74483,74567,84
left_turning,74582,74567,74582,15
running,74603,74582,74603,21
sniffing,74633,74603,74633,30
trotting,74656,74633,74656,23
walking,74692,74656,74692,36
sniffing,74745,74692,74745,53
stepping,74771,74745,74771,26
walking,74799,74771,74799,28
climbing,74828,74799,74828,29
left_turning,74864,74828,74864,36
walking,74888,74864,74888,24
stepping,74893,74888,74893,5
grooming,74894,74893,74894,1
sniffing,74921,74894,74921,27
stepping,74947,74921,74947,26
grooming,75217,74947,75217,270
sniffing,75218,75217,75218,1
left_turning,75260,75218,75260,42
grooming,75261,75260,75261,1
rearing,75409,75261,75409,148
rising,75429,75409,75429,20
rearing,75453,75429,75453,24
grooming,75713,75453,75713,260
walking,75725,75713,75725,12
sniffing,75726,75725,75726,1
walking,75764,75726,75764,38
sniffing,75788,75764,75788,24
left_turning,75827,75788,75827,39
hunching,75894,75827,75894,67
scratching,75972,75894,75972,78
sniffing,75973,75972,75973,1
stepping,76029,75973,76029,56
sniffing,76030,76029,76030,1
grooming,76039,76030,76039,9
rearing,76103,76039,76103,64
right_turning,76104,76103,76104,1
sniffing,76156,76104,76156,52
left_turning,76210,76156,76210,54
sniffing,76211,76210,76211,1
stepping,76236,76211,76236,25
climbing,76286,76236,76286,50
sniffing,76354,76286,76354,68
walking,76436,76354,76436,82
grooming,76708,76436,76708,272
sniffing,76770,76708,76770,62
stepping,76792,76770,76792,22
sniffing,76851,76792,76851,59
stepping,76885,76851,76885,34
walking,76901,76885,76901,16
rearing,76964,76901,76964,63
stepping,77004,76964,77004,40
sniffing,77032,77004,77032,28
left_turning,77074,77032,77074,42
sniffing,77133,77074,77133,59
rising,77163,77133,77163,30
climbing,77215,77163,77215,52
walking,77240,77215,77240,25
climbing,77275,77240,77275,35
rearing,77276,77275,77276,1
walking,77323,77276,77323,47
rearing,77325,77323,77325,2
rising,77354,77325,77354,29
rearing,77369,77354,77369,15
walking,77393,77369,77393,24
sniffing,77459,77393,77459,66
rising,77476,77459,77476,17
grooming,77960,77476,77960,484
rearing,78008,77960,78008,48
left_turning,78072,78008,78072,64
walking,78131,78072,78131,59
sniffing,78176,78131,78176,45
walking,78232,78176,78232,56
sniffing,78233,78232,78233,1
rearing,78437,78233,78437,204
stepping,78448,78437,78448,11
rearing,78493,78448,78493,45
climbing,78523,78493,78523,30
walking,78527,78523,78527,4
sniffing,78593,78527,78593,66
walking,78606,78593,78606,13
rising,78631,78606,78631,25
climbing,78668,78631,78668,37
left_turning,78702,78668,78702,34
running,78722,78702,78722,20
stepping,78731,78722,78731,9
sniffing,78733,78731,78733,2
stepping,78765,78733,78765,32
rising,78803,78765,78803,38
rearing,78841,78803,78841,38
grooming,79025,78841,79025,184
scratching,79082,79025,79082,57
walking,79125,79082,79125,43
sniffing,79128,79125,79128,3
rising,79180,79128,79180,52
grooming,79324,79180,79324,144
left_turning,79356,79324,79356,32
walking,79380,79356,79380,24
sniffing,79429,79380,79429,49
grooming,79430,79429,79430,1
rearing,79431,79430,79431,1
stepping,79499,79431,79499,68
walking,79530,79499,79530,31
rising,79536,79530,79536,6
sniffing,79545,79536,79545,9
grooming,79550,79545,79550,5
climbing,79577,79550,79577,27
rearing,79578,79577,79578,1
grooming,79752,79578,79752,174
rearing,79753,79752,79753,1
grooming,79756,79753,79756,3
sniffing,79757,79756,79757,1
grooming,79921,79757,79921,164
climbing,80010,79921,80010,89
trotting,80073,80010,80073,63
sniffing,80077,80073,80077,4
grooming,80485,80077,80485,408
hunching,80556,80485,80556,71
grooming,80714,80556,80714,158
climbing,80768,80714,80768,54
walking,80811,80768,80811,43
rising,80838,80811,80838,27
left_turning,80950,80838,80950,112
sniffing,81015,80950,81015,65
rearing,81047,81015,81047,32
climbing,81094,81047,81094,47
left_turning,81145,81094,81145,51
trotting,81182,81145,81182,37
walking,81183,81182,81183,1
rearing,81192,81183,81192,9
walking,81193,81192,81193,1
running,81206,81193,81206,13
right_turning,81223,81206,81223,17
rising,81279,81223,81279,56
left_turning,81309,81279,81309,30
rearing,81310,81309,81310,1
hunching,81483,81310,81483,173
climbing,81561,81483,81561,78
right_turning,81565,81561,81565,4
rising,81646,81565,81646,81
climbing,81665,81646,81665,19
grooming,81929,81665,81929,264
climbing,81950,81929,81950,21
grooming,81951,81950,81951,1
rearing,81963,81951,81963,12
climbing,82010,81963,82010,47
grooming,82155,82010,82155,145
sniffing,82195,82155,82195,40
stepping,82209,82195,82209,14
sniffing,82243,82209,82243,34
walking,82257,82243,82257,14
stepping,82286,82257,82286,29
walking,82313,82286,82313,27
rising,82339,82313,82339,26
climbing,82370,82339,82370,31
hunching,82411,82370,82411,41
rearing,82565,82411,82565,154
grooming,82566,82565,82566,1
sniffing,82578,82566,82578,12
walking,82638,82578,82638,60
stepping,82664,82638,82664,26
sniffing,82669,82664,82669,5
stepping,82737,82669,82737,68
sniffing,82792,82737,82792,55
stepping,82807,82792,82807,15
grooming,82808,82807,82808,1
trotting,82857,82808,82857,49
sniffing,82894,82857,82894,37
walking,82936,82894,82936,42
sniffing,82955,82936,82955,19
walking,82956,82955,82956,1
sniffing,82957,82956,82957,1
left_turning,82958,82957,82958,1
rearing,82959,82958,82959,1
sniffing,83003,82959,83003,44
trotting,83017,83003,83017,14
stepping,83030,83017,83030,13
climbing,83090,83030,83090,60
running,83117,83090,83117,27
trotting,83149,83117,83149,32
sniffing,83191,83149,83191,42
stepping,83267,83191,83267,76
rearing,83322,83267,83322,55
hunching,83331,83322,83331,9
stepping,83351,83331,83351,20
sniffing,83386,83351,83386,35
rearing,83604,83386,83604,218
hunching,83743,83604,83743,139
rearing,83751,83743,83751,8
left_turning,83775,83751,83775,24
walking,83797,83775,83797,22
climbing,83847,83797,83847,50
stepping,83888,83847,83888,41
sniffing,83932,83888,83932,44
rising,83983,83932,83983,51
climbing,84001,83983,84001,18
running,84032,84001,84032,31
sniffing,84074,84032,84074,42
walking,84113,84074,84113,39
sniffing,84146,84113,84146,33
stepping,84163,84146,84163,17
rising,84196,84163,84196,33
stepping,84246,84196,84246,50
climbing,84322,84246,84322,76
rearing,84374,84322,84374,52
left_turning,84416,84374,84416,42
sniffing,84437,84416,84437,21
stepping,84478,84437,84478,41
rearing,84566,84478,84566,88
grooming,84815,84566,84815,249
rearing,84816,84815,84816,1
grooming,84817,84816,84817,1
rising,84839,84817,84839,22
left_turning,84878,84839,84878,39
sniffing,84896,84878,84896,18
walking,84908,84896,84908,12
stepping,84930,84908,84930,22
sniffing,85004,84930,85004,74
stepping,85038,85004,85038,34
trotting,85043,85038,85043,5
sniffing,85123,85043,85123,80
walking,85136,85123,85136,13
rearing,85137,85136,85137,1
grooming,85630,85137,85630,493
rising,85631,85630,85631,1
climbing,85662,85631,85662,31
walking,85680,85662,85680,18
sniffing,85766,85680,85766,86
running,85805,85766,85805,39
walking,85849,85805,85849,44
sniffing,85896,85849,85896,47
rising,85898,85896,85898,2
right_turning,85907,85898,85907,9
walking,85937,85907,85937,30
sniffing,85994,85937,85994,57
stepping,86022,85994,86022,28
sniffing,86045,86022,86045,23
stepping,86064,86045,86064,19
rising,86092,86064,86092,28
sniffing,86098,86092,86098,6
trotting,86107,86098,86107,9
rearing,86152,86107,86152,45
grooming,86491,86152,86491,339
walking,86519,86491,86519,28
grooming,86520,86519,86520,1
left_turning,86560,86520,86560,40
sniffing,86609,86560,86609,49
right_turning,86629,86609,86629,20
stepping,86709,86629,86709,80
sniffing,86806,86709,86806,97
hunching,86807,86806,86807,1
sniffing,86947,86807,86947,140
walking,86959,86947,86959,12
stepping,87003,86959,87003,44
walking,87021,87003,87021,18
stepping,87063,87021,87063,42
rising,87093,87063,87093,30
sniffing,87173,87093,87173,80
stepping,87219,87173,87219,46
sniffing,87223,87219,87223,4
stepping,87278,87223,87278,55
sniffing,87349,87278,87349,71
rearing,87386,87349,87386,37
grooming,87507,87386,87507,121
hunching,87579,87507,87579,72
grooming,87742,87579,87742,163
rising,87761,87742,87761,19
grooming,87762,87761,87762,1
climbing,87784,87762,87784,22
rearing,87842,87784,87842,58
grooming,87844,87842,87844,2
right_turning,87857,87844,87857,13
grooming,87980,87857,87980,123
sniffing,88007,87980,88007,27
right_turning,88015,88007,88015,8
rising,88084,88015,88084,69
stepping,88111,88084,88111,27
walking,88172,88111,88172,61
stepping,88214,88172,88214,42
sniffing,88240,88214,88240,26
rising,88290,88240,88290,50
grooming,88481,88290,88481,191
sniffing,88529,88481,88529,48
climbing,88561,88529,88561,32
rising,88610,88561,88610,49
rearing,88625,88610,88625,15
rising,88641,88625,88641,16
grooming,88679,88641,88679,38
hunching,88711,88679,88711,32
grooming,88830,88711,88830,119
rearing,88854,88830,88854,24
grooming,88855,88854,88855,1
left_turning,88905,88855,88905,50
rising,88906,88905,88906,1
rearing,88967,88906,88967,61
walking,89009,88967,89009,42
sniffing,89050,89009,89050,41
rising,89078,89050,89078,28
sniffing,89103,89078,89103,25
rising,89106,89103,89106,3
rearing,89126,89106,89126,20
left_turning,89144,89126,89144,18
rearing,89145,89144,89145,1
grooming,89146,89145,89146,1
sniffing,89254,89146,89254,108
climbing,89284,89254,89284,30
stepping,89299,89284,89299,15
right_turning,89300,89299,89300,1
trotting,89319,89300,89319,19
walking,89331,89319,89331,12
climbing,89338,89331,89338,7
grooming,89339,89338,89339,1
left_turning,89385,89339,89385,46
walking,89501,89385,89501,116
stepping,89517,89501,89517,16
sniffing,89518,89517,89518,1
walking,89555,89518,89555,37
sniffing,89615,89555,89615,60
walking,89645,89615,89645,30
grooming,89707,89645,89707,62
scratching,89735,89707,89735,28
sniffing,89795,89735,89795,60
walking,89852,89795,89852,57
trotting,89856,89852,89856,4
walking,89869,89856,89869,13
stepping,89899,89869,89899,30
walking,89908,89899,89908,9
sniffing,89943,89908,89943,35
trotting,89948,89943,89948,5
walking,89955,89948,89955,7
sniffing,89956,89955,89956,1
right_turning,89967,89956,89967,11
sniffing,90087,89967,90087,120
rising,90113,90087,90113,26
rearing,90114,90113,90114,1
walking,90167,90114,90167,53
sniffing,90496,90167,90496,329
stepping,90498,90496,90498,2
rearing,90499,90498,90499,1
sniffing,90500,90499,90500,1
stepping,90515,90500,90515,15
rising,90524,90515,90524,9
climbing,90592,90524,90592,68
left_turning,90627,90592,90627,35
trotting,90638,90627,90638,11
sniffing,90698,90638,90698,60
left_turning,90732,90698,90732,34
walking,90733,90732,90733,1
sniffing,90772,90733,90772,39
walking,90807,90772,90807,35
climbing,90835,90807,90835,28
rearing,90870,90835,90870,35
sniffing,90874,90870,90874,4
stepping,90882,90874,90882,8
walking,90883,90882,90883,1
rising,90884,90883,90884,1
rearing,90891,90884,90891,7
stepping,90907,90891,90907,16
left_turning,90942,90907,90942,35
sniffing,91283,90942,91283,341
rearing,91344,91283,91344,61
grooming,91407,91344,91407,63
trotting,91421,91407,91421,14
rising,91422,91421,91422,1
sniffing,91471,91422,91471,49
left_turning,91500,91471,91500,29
walking,91576,91500,91576,76
climbing,91581,91576,91581,5
rearing,91630,91581,91630,49
sniffing,91676,91630,91676,46
grooming,91880,91676,91880,204
rising,91941,91880,91941,61
grooming,91946,91941,91946,5
sniffing,92009,91946,92009,63
left_turning,92038,92009,92038,29
walking,92077,92038,92077,39
rearing,92090,92077,92090,13
hunching,92125,92090,92125,35
rearing,92151,92125,92151,26
climbing,92225,92151,92225,74
rising,92226,92225,92226,1
grooming,92227,92226,92227,1
rising,92261,92227,92261,34
climbing,92299,92261,92299,38
walking,92316,92299,92316,17
climbing,92438,92316,92438,122
left_turning,92509,92438,92509,71
walking,92545,92509,92545,36
sniffing,92614,92545,92614,69
left_turning,92654,92614,92654,40
rising,92704,92654,92704,50
sniffing,92762,92704,92762,58
left_turning,92790,92762,92790,28
stepping,92807,92790,92807,17
walking,92818,92807,92818,11
trotting,92860,92818,92860,42
rearing,92861,92860,92861,1
grooming,93037,92861,93037,176
sniffing,93343,93037,93343,306
left_turning,93354,93343,93354,11
walking,93355,93354,93355,1
rearing,93409,93355,93409,54
climbing,93453,93409,93453,44
walking,93480,93453,93480,27
sniffing,93496,93480,93496,16
stepping,93523,93496,93523,27
sniffing,93558,93523,93558,35
walking,93619,93558,93619,61
stepping,93667,93619,93667,48
walking,93717,93667,93717,50
climbing,93752,93717,93752,35
rearing,93782,93752,93782,30
grooming,93898,93782,93898,116
rising,93918,93898,93918,20
grooming,93994,93918,93994,76
sniffing,94010,93994,94010,16
stepping,94015,94010,94015,5
walking,94030,94015,94030,15
sniffing,94068,94030,94068,38
grooming,95010,94068,95010,942
rearing,95107,95010,95107,97
left_turning,95108,95107,95108,1
rising,95109,95108,95109,1
climbing,95181,95109,95181,72
sniffing,95255,95181,95255,74
rising,95293,95255,95293,38
grooming,95294,95293,95294,1
walking,95316,95294,95316,22
rising,95348,95316,95348,32
stepping,95373,95348,95373,25
walking,95395,95373,95395,22
running,95417,95395,95417,22
trotting,95452,95417,95452,35
stepping,95502,95452,95502,50
sniffing,95527,95502,95527,25
stepping,95541,95527,95541,14
grooming,95542,95541,95542,1
walking,95582,95542,95582,40
running,95628,95582,95628,46
stepping,95646,95628,95646,18
hunching,95668,95646,95668,22
rearing,95685,95668,95685,17
climbing,95711,95685,95711,26
rising,95735,95711,95735,24
sniffing,95736,95735,95736,1
rearing,95737,95736,95737,1
rising,95787,95737,95787,50
grooming,95788,95787,95788,1
stepping,95816,95788,95816,28
climbing,95921,95816,95921,105
sniffing,95984,95921,95984,63
trotting,96024,95984,96024,40
sniffing,96039,96024,96039,15
grooming,96198,96039,96198,159
sniffing,96220,96198,96220,22
climbing,96291,96220,96291,71
stepping,96310,96291,96310,19
sniffing,96374,96310,96374,64
stepping,96412,96374,96412,38
rearing,96454,96412,96454,42
grooming,96455,96454,96455,1
sniffing,96456,96455,96456,1
walking,96457,96456,96457,1
trotting,96493,96457,96493,36
walking,96494,96493,96494,1
sniffing,96516,96494,96516,22
grooming,96860,96516,96860,344
rising,96902,96860,96902,42
stepping,96916,96902,96916,14
climbing,96949,96916,96949,33
rearing,96954,96949,96954,5
climbing,96998,96954,96998,44
sniffing,97026,96998,97026,28
walking,97070,97026,97070,44
running,97083,97070,97083,13
left_turning,97148,97083,97148,65
stepping,97154,97148,97154,6
rising,97360,97154,97360,206
climbing,97399,97360,97399,39
left_turning,97419,97399,97419,20
stepping,97467,97419,97467,48
sniffing,97478,97467,97478,11
grooming,97479,97478,97479,1
scratching,97559,97479,97559,80
grooming,97567,97559,97567,8
sniffing,97619,97567,97619,52
right_turning,97627,97619,97627,8
stepping,97684,97627,97684,57
walking,97688,97684,97688,4
stepping,97709,97688,97709,21
sniffing,97747,97709,97747,38
rising,97754,97747,97754,7
stepping,97790,97754,97790,36
rearing,97942,97790,97942,152
grooming,98072,97942,98072,130
sniffing,98090,98072,98090,18
left_turning,98147,98090,98147,57
walking,98205,98147,98205,58
rising,98230,98205,98230,25
grooming,98259,98230,98259,29
climbing,98290,98259,98290,31
grooming,98361,98290,98361,71
walking,98381,98361,98381,20
rearing,98382,98381,98382,1
stepping,98389,98382,98389,7
rearing,98475,98389,98475,86
walking,98501,98475,98501,26
stepping,98517,98501,98517,16
walking,98518,98517,98518,1
sniffing,98584,98518,98584,66
stepping,98624,98584,98624,40
walking,98630,98624,98630,6
stepping,98673,98630,98673,43
sniffing,98834,98673,98834,161
stepping,98837,98834,98837,3
walking,98841,98837,98841,4
stepping,98851,98841,98851,10
walking,98880,98851,98880,29
sniffing,99037,98880,99037,157
trotting,99049,99037,99049,12
rising,99074,99049,99074,25
sniffing,99105,99074,99105,31
rising,99143,99105,99143,38
sniffing,99196,99143,99196,53
left_turning,99250,99196,99250,54
rising,99271,99250,99271,21
rearing,99358,99271,99358,87
sniffing,99359,99358,99359,1
stepping,99389,99359,99389,30
walking,99455,99389,99455,66
sniffing,99608,99455,99608,153
stepping,99628,99608,99628,20
walking,99637,99628,99637,9
rising,99638,99637,99638,1
rearing,99654,99638,99654,16
grooming,99672,99654,99672,18
rearing,99677,99672,99677,5
grooming,99678,99677,99678,1
trotting,99726,99678,99726,48
rising,99753,99726,99753,27
climbing,99854,99753,99854,101
grooming,100218,99854,100218,364
sniffing,100291,100218,100291,73
left_turning,100306,100291,100306,15
grooming,100307,100306,100307,1
walking,100342,100307,100342,35
sniffing,100376,100342,100376,34
left_turning,100381,100376,100381,5
sniffing,100477,100381,100477,96
rising,100557,100477,100557,80
sniffing,100566,100557,100566,9
rising,100577,100566,100577,11
rearing,100608,100577,100608,31
stepping,100646,100608,100646,38
sniffing,100647,100646,100647,1
rising,100685,100647,100685,38
grooming,100943,100685,100943,258
right_turning,100979,100943,100979,36
running,100991,100979,100991,12
walking,101005,100991,101005,14
rearing,101066,101005,101066,61
scratching,101118,101066,101118,52
sniffing,101154,101118,101154,36
left_turning,101185,101154,101185,31
walking,101230,101185,101230,45
sniffing,101387,101230,101387,157
rearing,101433,101387,101433,46
rising,101453,101433,101453,20
sniffing,101467,101453,101467,14
grooming,102063,101467,102063,596
walking,102141,102063,102141,78
stepping,102191,102141,102191,50
sniffing,102245,102191,102245,54
rising,102246,102245,102246,1
rearing,102247,102246,102247,1
hunching,102294,102247,102294,47
rearing,102295,102294,102295,1
stepping,102357,102295,102357,62
climbing,102365,102357,102365,8
left_turning,102366,102365,102366,1
climbing,102477,102366,102477,111
stepping,102478,102477,102478,1
sniffing,102497,102478,102497,19
walking,102550,102497,102550,53
stepping,102569,102550,102569,19
sniffing,102590,102569,102590,21
climbing,102659,102590,102659,69
trotting,102682,102659,102682,23
climbing,102799,102682,102799,117
walking,102822,102799,102822,23
sniffing,103050,102822,103050,228
rising,103208,103050,103208,158
rearing,103223,103208,103223,15
walking,103268,103223,103268,45
stepping,103294,103268,103294,26
walking,103295,103294,103295,1
sniffing,103309,103295,103309,14
stepping,103310,103309,103310,1
sniffing,103364,103310,103364,54
rising,103365,103364,103365,1
sniffing,103391,103365,103391,26
stepping,103392,103391,103392,1
sniffing,103393,103392,103393,1
grooming,103406,103393,103406,13
stepping,103460,103406,103460,54
grooming,103461,103460,103461,1
hunching,103488,103461,103488,27
grooming,103489,103488,103489,1
climbing,103490,103489,103490,1
walking,103495,103490,103495,5
sniffing,103534,103495,103534,39
rearing,103567,103534,103567,33
stepping,103585,103567,103585,18
sniffing,103644,103585,103644,59
rearing,103707,103644,103707,63
rising,103755,103707,103755,48
sniffing,103813,103755,103813,58
left_turning,103856,103813,103856,43
sniffing,103857,103856,103857,1
grooming,104061,103857,104061,204
left_turning,104105,104061,104105,44
trotting,104108,104105,104108,3
sniffing,104140,104108,104140,32
rising,104205,104140,104205,65
walking,104264,104205,104264,59
sniffing,104318,104264,104318,54
scratching,104352,104318,104352,34
grooming,104353,104352,104353,1
rising,104377,104353,104377,24
rearing,104408,104377,104408,31
stepping,104447,104408,104447,39
grooming,104448,104447,104448,1
climbing,104455,104448,104455,7
grooming,104687,104455,104687,232
walking,104737,104687,104737,50
stepping,104756,104737,104756,19
sniffing,104790,104756,104790,34
grooming,104942,104790,104942,152
rearing,105023,104942,105023,81
sniffing,105103,105023,105103,80
stepping,105172,105103,105172,69
walking,105227,105172,105227,55
stepping,105246,105227,105246,19
grooming,105247,105246,105247,1
climbing,105266,105247,105266,19
grooming,105558,105266,105558,292
scratching,105575,105558,105575,17
sniffing,105610,105575,105610,35
walking,105647,105610,105647,37
sniffing,105672,105647,105672,25
stepping,105717,105672,105717,45
walking,105752,105717,105752,35
climbing,105755,105752,105755,3
grooming,105807,105755,105807,52
hunching,105984,105807,105984,177
rearing,106025,105984,106025,41
hunching,106026,106025,106026,1
rearing,106062,106026,106062,36
stepping,106118,106062,106118,56
sniffing,106147,106118,106147,29
rising,106201,106147,106201,54
sniffing,106250,106201,106250,49
stepping,106266,106250,106266,16
walking,106320,106266,106320,54
sniffing,106366,106320,106366,46
walking,106408,106366,106408,42
stepping,106441,106408,106441,33
rising,106512,106441,106512,71
climbing,106520,106512,106520,8
walking,106584,106520,106584,64
stepping,106615,106584,106615,31
walking,106657,106615,106657,42
sniffing,106746,106657,106746,89
left_turning,106799,106746,106799,53
walking,106811,106799,106811,12
grooming,106838,106811,106838,27
rearing,106858,106838,106858,20
hunching,106898,106858,106898,40
left_turning,106911,106898,106911,13
sniffing,106947,106911,106947,36
grooming,106948,106947,106948,1
climbing,107041,106948,107041,93
walking,107043,107041,107043,2
sniffing,107044,107043,107044,1
grooming,107045,107044,107045,1
hunching,107212,107045,107212,167
grooming,107213,107212,107213,1
walking,107235,107213,107235,22
sniffing,107253,107235,107253,18
rising,107337,107253,107337,84
climbing,107355,107337,107355,18
stepping,107395,107355,107395,40
sniffing,107443,107395,107443,48
stepping,107458,107443,107458,15
grooming,107914,107458,107914,456
rearing,107946,107914,107946,32
stepping,107982,107946,107982,36
climbing,108000,107982,108000,18
