revised_movement_label,segBoundary,segBoundary_start,segBoundary_end,length
sniffing,58,0,58,58
right_turning,74,58,74,16
running,93,74,93,19
stepping,121,93,121,28
sniffing,122,121,122,1
hunching,234,122,234,112
rising,256,234,256,22
climbing,300,256,300,44
hunching,308,300,308,8
grooming,365,308,365,57
right_turning,382,365,382,17
trotting,395,382,395,13
walking,418,395,418,23
trotting,434,418,434,16
walking,435,434,435,1
sniffing,448,435,448,13
walking,449,448,449,1
stepping,466,449,466,17
sniffing,494,466,494,28
grooming,540,494,540,46
climbing,580,540,580,40
rising,581,580,581,1
stepping,608,581,608,27
sniffing,618,608,618,10
left_turning,661,618,661,43
trotting,671,661,671,10
running,683,671,683,12
walking,686,683,686,3
sniffing,711,686,711,25
walking,715,711,715,4
stepping,746,715,746,31
walking,789,746,789,43
rising,833,789,833,44
climbing,878,833,878,45
sniffing,891,878,891,13
rising,928,891,928,37
grooming,977,928,977,49
rearing,989,977,989,12
climbing,1023,989,1023,34
rising,1206,1023,1206,183
walking,1230,1206,1230,24
stepping,1237,1230,1237,7
walking,1245,1237,1245,8
sniffing,1291,1245,1291,46
rising,1292,1291,1292,1
stepping,1311,1292,1311,19
rising,1352,1311,1352,41
running,1379,1352,1379,27
trotting,1412,1379,1412,33
walking,1471,1412,1471,59
sniffing,1498,1471,1498,27
walking,1524,1498,1524,26
trotting,1550,1524,1550,26
walking,1557,1550,1557,7
grooming,1672,1557,1672,115
rearing,1688,1672,1688,16
sniffing,1689,1688,1689,1
rising,1690,1689,1690,1
stepping,1721,1690,1721,31
walking,1739,1721,1739,18
rising,1776,1739,1776,37
stepping,1824,1776,1824,48
sniffing,1925,1824,1925,101
walking,1955,1925,1955,30
running,1967,1955,1967,12
walking,2002,1967,2002,35
rising,2003,2002,2003,1
right_turning,2020,2003,2020,17
sniffing,2021,2020,2021,1
stepping,2099,2021,2099,78
left_turning,2126,2099,2126,27
running,2153,2126,2153,27
walking,2217,2153,2217,64
stepping,2250,2217,2250,33
walking,2342,2250,2342,92
trotting,2393,2342,2393,51
grooming,2525,2393,2525,132
hunching,2548,2525,2548,23
grooming,2549,2548,2549,1
hunching,2682,2549,2682,133
rising,2732,2682,2732,50
stepping,2758,2732,2758,26
walking,2822,2758,2822,64
sniffing,2823,2822,2823,1
walking,2842,2823,2842,19
sniffing,2843,2842,2843,1
rising,2864,2843,2864,21
rearing,2865,2864,2865,1
rising,2978,2865,2978,113
sniffing,3013,2978,3013,35
stepping,3014,3013,3014,1
sniffing,3046,3014,3046,32
stepping,3071,3046,3071,25
walking,3093,3071,3093,22
sniffing,3164,3093,3164,71
trotting,3179,3164,3179,15
walking,3267,3179,3267,88
trotting,3276,3267,3276,9
left_turning,3305,3276,3305,29
walking,3344,3305,3344,39
trotting,3360,3344,3360,16
walking,3413,3360,3413,53
stepping,3438,3413,3438,25
rising,3445,3438,3445,7
walking,3529,3445,3529,84
stepping,3553,3529,3553,24
running,3576,3553,3576,23
trotting,3613,3576,3613,37
running,3631,3613,3631,18
walking,3642,3631,3642,11
sniffing,3662,3642,3662,20
walking,3711,3662,3711,49
stepping,3718,3711,3718,7
walking,3744,3718,3744,26
sniffing,3752,3744,3752,8
walking,3773,3752,3773,21
sniffing,3774,3773,3774,1
stepping,3822,3774,3822,48
trotting,3825,3822,3825,3
stepping,3851,3825,3851,26
sniffing,3889,3851,3889,38
rearing,3939,3889,3939,50
hunching,3980,3939,3980,41
rearing,4301,3980,4301,321
climbing,4356,4301,4356,55
running,4383,4356,4383,27
trotting,4423,4383,4423,40
rearing,4507,4423,4507,84
sniffing,4576,4507,4576,69
rising,4645,4576,4645,69
right_turning,4665,4645,4665,20
walking,4671,4665,4671,6
sniffing,4684,4671,4684,13
grooming,4861,4684,4861,177
rising,4862,4861,4862,1
stepping,4905,4862,4905,43
walking,4906,4905,4906,1
running,4928,4906,4928,22
walking,4956,4928,4956,28
rearing,5119,4956,5119,163
stepping,5151,5119,5151,32
sniffing,5234,5151,5234,83
walking,5264,5234,5264,30
trotting,5280,5264,5280,16
stepping,5300,5280,5300,20
rising,5338,5300,5338,38
sniffing,5364,5338,5364,26
hunching,5536,5364,5536,172
grooming,5702,5536,5702,166
rising,5703,5702,5703,1
climbing,5739,5703,5739,36
stepping,5747,5739,5747,8
running,5797,5747,5797,50
stepping,5824,5797,5824,27
sniffing,5875,5824,5875,51
right_turning,5887,5875,5887,12
walking,5891,5887,5891,4
rising,5920,5891,5920,29
sniffing,5921,5920,5921,1
stepping,5942,5921,5942,21
trotting,5976,5942,5976,34
walking,6019,5976,6019,43
trotting,6046,6019,6046,27
running,6066,6046,6066,20
sniffing,6102,6066,6102,36
rising,6158,6102,6158,56
left_turning,6172,6158,6172,14
rising,6206,6172,6206,34
sniffing,6219,6206,6219,13
running,6231,6219,6231,12
stepping,6262,6231,6262,31
rising,6263,6262,6263,1
right_turning,6283,6263,6283,20
sniffing,6305,6283,6305,22
rising,6319,6305,6319,14
left_turning,6338,6319,6338,19
sniffing,6356,6338,6356,18
rising,6381,6356,6381,25
stepping,6403,6381,6403,22
trotting,6423,6403,6423,20
stepping,6446,6423,6446,23
sniffing,6452,6446,6452,6
walking,6462,6452,6462,10
rising,6466,6462,6466,4
rearing,6528,6466,6528,62
climbing,6572,6528,6572,44
sniffing,6623,6572,6623,51
grooming,7561,6623,7561,938
hunching,7624,7561,7624,63
grooming,7711,7624,7711,87
sniffing,7751,7711,7751,40
running,7782,7751,7782,31
rising,7789,7782,7789,7
hunching,7968,7789,7968,179
grooming,7969,7968,7969,1
sniffing,8068,7969,8068,99
walking,8178,8068,8178,110
rising,8186,8178,8186,8
walking,8213,8186,8213,27
trotting,8233,8213,8233,20
walking,8241,8233,8241,8
sniffing,8242,8241,8242,1
grooming,8243,8242,8243,1
left_turning,8295,8243,8295,52
walking,8296,8295,8296,1
sniffing,8357,8296,8357,61
climbing,8380,8357,8380,23
grooming,8438,8380,8438,58
sniffing,8439,8438,8439,1
grooming,8477,8439,8477,38
walking,8483,8477,8483,6
rising,8484,8483,8484,1
grooming,8485,8484,8485,1
sniffing,8530,8485,8530,45
stepping,8568,8530,8568,38
trotting,8610,8568,8610,42
walking,8670,8610,8670,60
stepping,8709,8670,8709,39
walking,8717,8709,8717,8
stepping,8721,8717,8721,4
walking,8737,8721,8737,16
rising,8743,8737,8743,6
right_turning,8746,8743,8746,3
walking,8747,8746,8747,1
stepping,8788,8747,8788,41
sniffing,8904,8788,8904,116
rising,8905,8904,8905,1
sniffing,8914,8905,8914,9
stepping,8916,8914,8916,2
walking,8963,8916,8963,47
stepping,8987,8963,8987,24
trotting,9008,8987,9008,21
stepping,9095,9008,9095,87
rising,9120,9095,9120,25
grooming,9419,9120,9419,299
rising,9420,9419,9420,1
grooming,9526,9420,9526,106
sniffing,9527,9526,9527,1
rearing,9528,9527,9528,1
grooming,9529,9528,9529,1
climbing,9587,9529,9587,58
left_turning,9646,9587,9646,59
stepping,9647,9646,9647,1
walking,9681,9647,9681,34
sniffing,9717,9681,9717,36
running,9748,9717,9748,31
trotting,9767,9748,9767,19
sniffing,9928,9767,9928,161
running,9936,9928,9936,8
trotting,9959,9936,9959,23
stepping,9978,9959,9978,19
sniffing,10025,9978,10025,47
hunching,10104,10025,10104,79
grooming,10290,10104,10290,186
left_turning,10304,10290,10304,14
stepping,10359,10304,10359,55
walking,10379,10359,10379,20
trotting,10385,10379,10385,6
running,10435,10385,10435,50
stepping,10451,10435,10451,16
grooming,10554,10451,10554,103
left_turning,10628,10554,10628,74
climbing,10663,10628,10663,35
grooming,10859,10663,10859,196
sniffing,10905,10859,10905,46
stepping,10940,10905,10940,35
rising,10962,10940,10962,22
walking,11126,10962,11126,164
right_turning,11158,11126,11158,32
running,11172,11158,11172,14
stepping,11200,11172,11200,28
walking,11293,11200,11293,93
right_turning,11350,11293,11350,57
running,11365,11350,11365,15
stepping,11406,11365,11406,41
grooming,11487,11406,11487,81
stepping,11529,11487,11529,42
sniffing,11530,11529,11530,1
rising,11531,11530,11531,1
stepping,11556,11531,11556,25
running,11558,11556,11558,2
stepping,11589,11558,11589,31
trotting,11612,11589,11612,23
walking,11669,11612,11669,57
grooming,12233,11669,12233,564
running,12256,12233,12256,23
walking,12303,12256,12303,47
trotting,12307,12303,12307,4
running,12325,12307,12325,18
grooming,12326,12325,12326,1
rising,12327,12326,12327,1
grooming,12488,12327,12488,161
rising,12509,12488,12509,21
climbing,12548,12509,12548,39
sniffing,12574,12548,12574,26
grooming,12660,12574,12660,86
rearing,12763,12660,12763,103
stepping,12784,12763,12784,21
rising,12785,12784,12785,1
climbing,12812,12785,12812,27
trotting,12853,12812,12853,41
sniffing,13003,12853,13003,150
stepping,13015,13003,13015,12
trotting,13033,13015,13033,18
walking,13077,13033,13077,44
sniffing,13133,13077,13133,56
rising,13218,13133,13218,85
stepping,13238,13218,13238,20
sniffing,13291,13238,13291,53
left_turning,13292,13291,13292,1
running,13310,13292,13310,18
sniffing,13436,13310,13436,126
rising,13437,13436,13437,1
hunching,13468,13437,13468,31
grooming,13539,13468,13539,71
rearing,13670,13539,13670,131
hunching,13857,13670,13857,187
rising,13904,13857,13904,47
walking,13935,13904,13935,31
rising,13944,13935,13944,9
grooming,13964,13944,13964,20
hunching,14164,13964,14164,200
rearing,14283,14164,14283,119
climbing,14338,14283,14338,55
rearing,14396,14338,14396,58
grooming,14855,14396,14855,459
rearing,14856,14855,14856,1
sniffing,14891,14856,14891,35
rising,14963,14891,14963,72
grooming,14995,14963,14995,32
rearing,15127,14995,15127,132
grooming,15882,15127,15882,755
stepping,15897,15882,15897,15
walking,15901,15897,15901,4
stepping,15916,15901,15916,15
walking,15940,15916,15940,24
stepping,15958,15940,15958,18
grooming,16140,15958,16140,182
rising,16141,16140,16141,1
climbing,16196,16141,16196,55
rearing,16197,16196,16197,1
sniffing,16221,16197,16221,24
stepping,16222,16221,16222,1
rearing,16294,16222,16294,72
hunching,16413,16294,16413,119
rearing,16414,16413,16414,1
climbing,16439,16414,16439,25
left_turning,16440,16439,16440,1
sniffing,16512,16440,16512,72
stepping,16525,16512,16525,13
walking,16536,16525,16536,11
sniffing,16540,16536,16540,4
climbing,16555,16540,16555,15
hunching,16556,16555,16556,1
sniffing,16607,16556,16607,51
grooming,16662,16607,16662,55
sniffing,16703,16662,16703,41
climbing,16718,16703,16718,15
grooming,17558,16718,17558,840
stepping,17596,17558,17596,38
sniffing,17669,17596,17669,73
stepping,17732,17669,17732,63
trotting,17735,17732,17735,3
sniffing,17749,17735,17749,14
grooming,17857,17749,17857,108
stepping,17885,17857,17885,28
grooming,17886,17885,17886,1
rearing,17887,17886,17887,1
grooming,18429,17887,18429,542
stepping,18439,18429,18439,10
sniffing,18472,18439,18472,33
stepping,18543,18472,18543,71
walking,18561,18543,18561,18
stepping,18580,18561,18580,19
rising,18582,18580,18582,2
sniffing,18699,18582,18699,117
hunching,18719,18699,18719,20
grooming,18720,18719,18720,1
rearing,18721,18720,18721,1
stepping,18751,18721,18751,30
sniffing,18761,18751,18761,10
right_turning,18781,18761,18781,20
grooming,18797,18781,18797,16
sniffing,18905,18797,18905,108
grooming,18906,18905,18906,1
climbing,18958,18906,18958,52
left_turning,18975,18958,18975,17
walking,18994,18975,18994,19
rearing,18995,18994,18995,1
hunching,19019,18995,19019,24
grooming,19242,19019,19242,223
hunching,19272,19242,19272,30
grooming,19282,19272,19282,10
rearing,19338,19282,19338,56
grooming,19509,19338,19509,171
rearing,19607,19509,19607,98
walking,19662,19607,19662,55
running,19684,19662,19684,22
walking,19685,19684,19685,1
sniffing,19686,19685,19686,1
stepping,19731,19686,19731,45
sniffing,19781,19731,19781,50
left_turning,19815,19781,19815,34
sniffing,19944,19815,19944,129
left_turning,20062,19944,20062,118
sniffing,20101,20062,20101,39
stepping,20103,20101,20103,2
grooming,20104,20103,20104,1
climbing,20125,20104,20125,21
grooming,20558,20125,20558,433
sniffing,20559,20558,20559,1
left_turning,20578,20559,20578,19
trotting,20583,20578,20583,5
left_turning,20589,20583,20589,6
walking,20590,20589,20590,1
stepping,20591,20590,20591,1
walking,20622,20591,20622,31
stepping,20662,20622,20662,40
grooming,20800,20662,20800,138
rearing,20962,20800,20962,162
grooming,20963,20962,20963,1
rearing,20965,20963,20965,2
grooming,21057,20965,21057,92
sniffing,21083,21057,21083,26
trotting,21101,21083,21101,18
left_turning,21128,21101,21128,27
trotting,21160,21128,21160,32
grooming,21272,21160,21272,112
hunching,21339,21272,21339,67
rearing,21364,21339,21364,25
climbing,21395,21364,21395,31
grooming,21396,21395,21396,1
hunching,21397,21396,21397,1
grooming,21398,21397,21398,1
walking,21451,21398,21451,53
stepping,21463,21451,21463,12
climbing,21511,21463,21511,48
sniffing,21544,21511,21544,33
walking,21591,21544,21591,47
rising,21629,21591,21629,38
walking,21675,21629,21675,46
climbing,21758,21675,21758,83
walking,21763,21758,21763,5
sniffing,21850,21763,21850,87
stepping,21853,21850,21853,3
sniffing,21913,21853,21913,60
trotting,21922,21913,21922,9
sniffing,21960,21922,21960,38
hunching,22015,21960,22015,55
rearing,22016,22015,22016,1
hunching,22070,22016,22070,54
left_turning,22131,22070,22131,61
stepping,22132,22131,22132,1
walking,22144,22132,22144,12
right_turning,22147,22144,22147,3
running,22172,22147,22172,25
trotting,22195,22172,22195,23
running,22231,22195,22231,36
sniffing,22285,22231,22285,54
walking,22304,22285,22304,19
trotting,22316,22304,22316,12
stepping,22353,22316,22353,37
sniffing,22471,22353,22471,118
rearing,22472,22471,22472,1
climbing,22564,22472,22564,92
left_turning,22567,22564,22567,3
walking,22603,22567,22603,36
grooming,22644,22603,22644,41
rearing,22740,22644,22740,96
grooming,22933,22740,22933,193
climbing,22943,22933,22943,10
grooming,22944,22943,22944,1
walking,22982,22944,22982,38
stepping,22998,22982,22998,16
sniffing,23044,22998,23044,46
grooming,23794,23044,23794,750
climbing,23887,23794,23887,93
running,23922,23887,23922,35
sniffing,23923,23922,23923,1
stepping,23924,23923,23924,1
rising,23937,23924,23937,13
climbing,23955,23937,23955,18
sniffing,23964,23955,23964,9
grooming,24051,23964,24051,87
climbing,24074,24051,24074,23
right_turning,24075,24074,24075,1
walking,24100,24075,24100,25
stepping,24148,24100,24148,48
grooming,24149,24148,24149,1
sniffing,24260,24149,24260,111
climbing,24292,24260,24292,32
left_turning,24323,24292,24323,31
walking,24365,24323,24365,42
grooming,24475,24365,24475,110
trotting,24488,24475,24488,13
walking,24528,24488,24528,40
sniffing,24602,24528,24602,74
rising,24603,24602,24603,1
walking,24616,24603,24616,13
sniffing,24732,24616,24732,116
grooming,24733,24732,24733,1
walking,24754,24733,24754,21
sniffing,24788,24754,24788,34
walking,24807,24788,24807,19
trotting,24856,24807,24856,49
right_turning,24859,24856,24859,3
stepping,24913,24859,24913,54
sniffing,24950,24913,24950,37
walking,24971,24950,24971,21
sniffing,24972,24971,24972,1
left_turning,24984,24972,24984,12
stepping,24985,24984,24985,1
grooming,25158,24985,25158,173
walking,25184,25158,25184,26
sniffing,25215,25184,25215,31
rising,25271,25215,25271,56
stepping,25309,25271,25309,38
walking,25343,25309,25343,34
grooming,25513,25343,25513,170
hunching,25588,25513,25588,75
left_turning,25605,25588,25605,17
trotting,25628,25605,25628,23
walking,25661,25628,25661,33
sniffing,25695,25661,25695,34
rising,25696,25695,25696,1
left_turning,25697,25696,25697,1
grooming,25800,25697,25800,103
walking,25814,25800,25814,14
sniffing,25826,25814,25826,12
rising,25856,25826,25856,30
sniffing,25891,25856,25891,35
stepping,25935,25891,25935,44
sniffing,25992,25935,25992,57
walking,26012,25992,26012,20
sniffing,26063,26012,26063,51
stepping,26103,26063,26103,40
sniffing,26156,26103,26156,53
stepping,26183,26156,26183,27
sniffing,26217,26183,26217,34
rearing,26280,26217,26280,63
climbing,26307,26280,26307,27
left_turning,26325,26307,26325,18
grooming,26353,26325,26353,28
left_turning,26358,26353,26358,5
sniffing,26375,26358,26375,17
rising,26434,26375,26434,59
walking,26532,26434,26532,98
sniffing,26558,26532,26558,26
walking,26590,26558,26590,32
rising,26645,26590,26645,55
sniffing,26701,26645,26701,56
stepping,26721,26701,26721,20
sniffing,26802,26721,26802,81
rising,26824,26802,26824,22
sniffing,26931,26824,26931,107
grooming,27039,26931,27039,108
walking,27049,27039,27049,10
stepping,27055,27049,27055,6
sniffing,27058,27055,27058,3
rising,27097,27058,27097,39
trotting,27107,27097,27107,10
stepping,27129,27107,27129,22
walking,27139,27129,27139,10
grooming,27140,27139,27140,1
walking,27173,27140,27173,33
sniffing,27233,27173,27233,60
stepping,27235,27233,27235,2
walking,27258,27235,27258,23
left_turning,27268,27258,27268,10
walking,27287,27268,27287,19
trotting,27329,27287,27329,42
stepping,27373,27329,27373,44
right_turning,27379,27373,27379,6
stepping,27427,27379,27427,48
walking,27461,27427,27461,34
sniffing,27471,27461,27471,10
grooming,27630,27471,27630,159
hunching,27809,27630,27809,179
grooming,27810,27809,27810,1
sniffing,27856,27810,27856,46
rising,27882,27856,27882,26
rearing,27883,27882,27883,1
hunching,27955,27883,27955,72
rearing,28023,27955,28023,68
sniffing,28060,28023,28060,37
rising,28117,28060,28117,57
grooming,28118,28117,28118,1
stepping,28187,28118,28187,69
climbing,28239,28187,28239,52
grooming,28346,28239,28346,107
left_turning,28424,28346,28424,78
sniffing,28461,28424,28461,37
stepping,28476,28461,28476,15
hunching,28635,28476,28635,159
grooming,28742,28635,28742,107
hunching,28760,28742,28760,18
rearing,28858,28760,28858,98
running,28875,28858,28875,17
sniffing,28909,28875,28909,34
stepping,28941,28909,28941,32
sniffing,29012,28941,29012,71
grooming,29013,29012,29013,1
climbing,29032,29013,29032,19
running,29042,29032,29042,10
walking,29094,29042,29094,52
left_turning,29129,29094,29129,35
sniffing,29130,29129,29130,1
stepping,29167,29130,29167,37
sniffing,29254,29167,29254,87
grooming,29255,29254,29255,1
trotting,29276,29255,29276,21
sniffing,29307,29276,29307,31
grooming,29481,29307,29481,174
stepping,29483,29481,29483,2
climbing,29596,29483,29596,113
grooming,30433,29596,30433,837
hunching,30452,30433,30452,19
grooming,30453,30452,30453,1
rearing,30472,30453,30472,19
hunching,30540,30472,30540,68
sniffing,30676,30540,30676,136
right_turning,30691,30676,30691,15
grooming,30920,30691,30920,229
right_turning,30948,30920,30948,28
stepping,30992,30948,30992,44
walking,31012,30992,31012,20
grooming,31013,31012,31013,1
rearing,31057,31013,31057,44
right_turning,31068,31057,31068,11
walking,31091,31068,31091,23
stepping,31103,31091,31103,12
walking,31133,31103,31133,30
stepping,31142,31133,31142,9
walking,31181,31142,31181,39
rising,31204,31181,31204,23
sniffing,31269,31204,31269,65
stepping,31276,31269,31276,7
walking,31303,31276,31303,27
trotting,31352,31303,31352,49
walking,31353,31352,31353,1
stepping,31396,31353,31396,43
walking,31423,31396,31423,27
stepping,31458,31423,31458,35
sniffing,31505,31458,31505,47
stepping,31525,31505,31525,20
trotting,31547,31525,31547,22
rising,31587,31547,31587,40
sniffing,31588,31587,31588,1
stepping,31600,31588,31600,12
walking,31610,31600,31610,10
trotting,31631,31610,31631,21
left_turning,31682,31631,31682,51
walking,31696,31682,31696,14
right_turning,31724,31696,31724,28
stepping,31737,31724,31737,13
grooming,31940,31737,31940,203
hunching,31941,31940,31941,1
rearing,31942,31941,31942,1
rising,31990,31942,31990,48
climbing,32071,31990,32071,81
grooming,32154,32071,32154,83
running,32202,32154,32202,48
grooming,32203,32202,32203,1
sniffing,32240,32203,32240,37
rising,32267,32240,32267,27
stepping,32314,32267,32314,47
rearing,32487,32314,32487,173
hunching,32546,32487,32546,59
trotting,32561,32546,32561,15
walking,32612,32561,32612,51
jumping,32673,32612,32673,61
rearing,32771,32673,32771,98
grooming,33063,32771,33063,292
walking,33091,33063,33091,28
trotting,33111,33091,33111,20
sniffing,33131,33111,33131,20
grooming,33222,33131,33222,91
sniffing,33307,33222,33307,85
left_turning,33352,33307,33352,45
walking,33372,33352,33372,20
sniffing,33510,33372,33510,138
rising,33517,33510,33517,7
sniffing,33571,33517,33571,54
running,33598,33571,33598,27
walking,33648,33598,33648,50
stepping,33649,33648,33649,1
climbing,33659,33649,33659,10
sniffing,33745,33659,33745,86
stepping,33801,33745,33801,56
trotting,33839,33801,33839,38
left_turning,33877,33839,33877,38
sniffing,33891,33877,33891,14
rising,33965,33891,33965,74
climbing,34033,33965,34033,68
running,34052,34033,34052,19
trotting,34095,34052,34095,43
climbing,34142,34095,34142,47
left_turning,34195,34142,34195,53
sniffing,34209,34195,34209,14
walking,34238,34209,34238,29
sniffing,34266,34238,34266,28
trotting,34280,34266,34280,14
sniffing,34333,34280,34333,53
trotting,34350,34333,34350,17
grooming,34515,34350,34515,165
rearing,34669,34515,34669,154
grooming,34836,34669,34836,167
scratching,34842,34836,34842,6
sniffing,34963,34842,34963,121
walking,34985,34963,34985,22
trotting,34986,34985,34986,1
sniffing,35001,34986,35001,15
rising,35059,35001,35059,58
left_turning,35060,35059,35060,1
walking,35075,35060,35075,15
stepping,35182,35075,35182,107
walking,35206,35182,35206,24
sniffing,35254,35206,35254,48
stepping,35282,35254,35282,28
sniffing,35381,35282,35381,99
rising,35398,35381,35398,17
climbing,35407,35398,35407,9
grooming,35949,35407,35949,542
hunching,36029,35949,36029,80
grooming,36436,36029,36436,407
hunching,36437,36436,36437,1
rearing,36438,36437,36438,1
grooming,36439,36438,36439,1
sniffing,36453,36439,36453,14
stepping,36454,36453,36454,1
grooming,36967,36454,36967,513
rearing,36968,36967,36968,1
climbing,36981,36968,36981,13
sniffing,37008,36981,37008,27
walking,37075,37008,37075,67
rising,37112,37075,37112,37
trotting,37156,37112,37156,44
sniffing,37200,37156,37200,44
walking,37242,37200,37242,42
right_turning,37262,37242,37262,20
walking,37274,37262,37274,12
stepping,37360,37274,37360,86
grooming,37552,37360,37552,192
walking,37572,37552,37572,20
rising,37592,37572,37592,20
rearing,37625,37592,37625,33
grooming,38128,37625,38128,503
rising,38154,38128,38154,26
sniffing,38177,38154,38177,23
grooming,38279,38177,38279,102
sniffing,38366,38279,38366,87
grooming,38367,38366,38367,1
climbing,38404,38367,38404,37
rearing,38405,38404,38405,1
rising,38406,38405,38406,1
sniffing,38462,38406,38462,56
rearing,38476,38462,38476,14
grooming,38806,38476,38806,330
trotting,38840,38806,38840,34
walking,38872,38840,38872,32
sniffing,38876,38872,38876,4
left_turning,38887,38876,38887,11
sniffing,38905,38887,38905,18
grooming,39164,38905,39164,259
sniffing,39216,39164,39216,52
grooming,39293,39216,39293,77
left_turning,39330,39293,39330,37
walking,39339,39330,39339,9
rising,39386,39339,39386,47
left_turning,39387,39386,39387,1
climbing,39423,39387,39423,36
grooming,40383,39423,40383,960
sniffing,40411,40383,40411,28
climbing,40458,40411,40458,47
grooming,40522,40458,40522,64
rising,40540,40522,40540,18
walking,40597,40540,40597,57
grooming,40794,40597,40794,197
stepping,40830,40794,40830,36
rising,40831,40830,40831,1
stepping,40859,40831,40859,28
sniffing,40913,40859,40913,54
rising,40925,40913,40925,12
walking,40941,40925,40941,16
trotting,40955,40941,40955,14
stepping,40988,40955,40988,33
sniffing,41042,40988,41042,54
walking,41071,41042,41071,29
sniffing,41072,41071,41072,1
stepping,41078,41072,41078,6
climbing,41127,41078,41127,49
grooming,41253,41127,41253,126
sniffing,41297,41253,41297,44
left_turning,41327,41297,41327,30
sniffing,41396,41327,41396,69
stepping,41413,41396,41413,17
climbing,41440,41413,41440,27
running,41471,41440,41471,31
walking,41526,41471,41526,55
stepping,41582,41526,41582,56
walking,41624,41582,41624,42
left_turning,41661,41624,41661,37
walking,41740,41661,41740,79
sniffing,41741,41740,41741,1
walking,41855,41741,41855,114
climbing,41900,41855,41900,45
trotting,41907,41900,41907,7
walking,41961,41907,41961,54
sniffing,41995,41961,41995,34
right_turning,42016,41995,42016,21
walking,42022,42016,42022,6
sniffing,42060,42022,42060,38
stepping,42066,42060,42066,6
rearing,42095,42066,42095,29
stepping,42102,42095,42102,7
sniffing,42128,42102,42128,26
climbing,42165,42128,42165,37
grooming,42166,42165,42166,1
rearing,42169,42166,42169,3
climbing,42184,42169,42184,15
trotting,42252,42184,42252,68
sniffing,42258,42252,42258,6
grooming,42559,42258,42559,301
sniffing,42569,42559,42569,10
grooming,42570,42569,42570,1
right_turning,42594,42570,42594,24
sniffing,42610,42594,42610,16
walking,42659,42610,42659,49
stepping,42686,42659,42686,27
sniffing,42730,42686,42730,44
rearing,42750,42730,42750,20
hunching,42793,42750,42793,43
rising,42807,42793,42807,14
left_turning,42821,42807,42821,14
walking,42842,42821,42842,21
grooming,42896,42842,42896,54
sniffing,43000,42896,43000,104
grooming,43001,43000,43001,1
hunching,43086,43001,43086,85
grooming,43275,43086,43275,189
right_turning,43287,43275,43287,12
stepping,43300,43287,43300,13
running,43325,43300,43325,25
right_turning,43332,43325,43332,7
climbing,43353,43332,43353,21
walking,43384,43353,43384,31
sniffing,43515,43384,43515,131
right_turning,43517,43515,43517,2
walking,43523,43517,43523,6
rising,43530,43523,43530,7
grooming,43671,43530,43671,141
rising,43704,43671,43704,33
grooming,43705,43704,43705,1
left_turning,43784,43705,43784,79
stepping,43802,43784,43802,18
sniffing,43826,43802,43826,24
stepping,43860,43826,43860,34
sniffing,44006,43860,44006,146
walking,44007,44006,44007,1
trotting,44045,44007,44045,38
rearing,44052,44045,44052,7
climbing,44103,44052,44103,51
sniffing,44104,44103,44104,1
grooming,44488,44104,44488,384
rising,44512,44488,44512,24
grooming,44806,44512,44806,294
trotting,44818,44806,44818,12
sniffing,44846,44818,44846,28
grooming,44847,44846,44847,1
left_turning,44883,44847,44883,36
stepping,44893,44883,44893,10
sniffing,44935,44893,44935,42
left_turning,44954,44935,44954,19
sniffing,44997,44954,44997,43
stepping,44998,44997,44998,1
walking,45022,44998,45022,24
sniffing,45041,45022,45041,19
grooming,45295,45041,45295,254
hunching,45340,45295,45340,45
rearing,45379,45340,45379,39
walking,45394,45379,45394,15
sniffing,45542,45394,45542,148
stepping,45564,45542,45564,22
sniffing,45631,45564,45631,67
rising,45647,45631,45647,16
climbing,45673,45647,45673,26
running,45699,45673,45699,26
rearing,45792,45699,45792,93
climbing,45796,45792,45796,4
walking,45810,45796,45810,14
climbing,45833,45810,45833,23
rearing,45858,45833,45858,25
climbing,45903,45858,45903,45
rising,45913,45903,45913,10
hunching,45940,45913,45940,27
rearing,45946,45940,45946,6
hunching,45991,45946,45991,45
grooming,46176,45991,46176,185
rearing,46281,46176,46281,105
grooming,46282,46281,46282,1
sniffing,46382,46282,46382,100
right_turning,46405,46382,46405,23
stepping,46448,46405,46448,43
sniffing,46462,46448,46462,14
stepping,46519,46462,46519,57
rising,46577,46519,46577,58
walking,46591,46577,46591,14
sniffing,46780,46591,46780,189
pausing,47143,46780,47143,363
sniffing,47144,47143,47144,1
stepping,47211,47144,47211,67
walking,47257,47211,47257,46
sniffing,47322,47257,47322,65
stepping,47332,47322,47332,10
climbing,47381,47332,47381,49
left_turning,47490,47381,47490,109
grooming,47966,47490,47966,476
hunching,48116,47966,48116,150
grooming,48421,48116,48421,305
rearing,48584,48421,48584,163
grooming,49037,48584,49037,453
left_turning,49042,49037,49042,5
walking,49063,49042,49063,21
running,49096,49063,49096,33
trotting,49138,49096,49138,42
sniffing,49204,49138,49204,66
running,49233,49204,49233,29
trotting,49256,49233,49256,23
grooming,49257,49256,49257,1
rising,49289,49257,49289,32
rearing,49290,49289,49290,1
grooming,49291,49290,49291,1
rearing,49292,49291,49292,1
rising,49371,49292,49371,79
running,49392,49371,49392,21
rising,49403,49392,49403,11
grooming,49511,49403,49511,108
hunching,49518,49511,49518,7
grooming,49768,49518,49768,250
left_turning,49773,49768,49773,5
running,49796,49773,49796,23
stepping,49830,49796,49830,34
sniffing,49890,49830,49890,60
rising,49931,49890,49931,41
sniffing,50218,49931,50218,287
running,50234,50218,50234,16
stepping,50299,50234,50299,65
rising,50336,50299,50336,37
rearing,50382,50336,50382,46
grooming,51342,50382,51342,960
right_turning,51350,51342,51350,8
trotting,51386,51350,51386,36
sniffing,51387,51386,51387,1
stepping,51396,51387,51396,9
right_turning,51412,51396,51412,16
stepping,51509,51412,51509,97
sniffing,51537,51509,51537,28
walking,51566,51537,51566,29
sniffing,51587,51566,51587,21
stepping,51591,51587,51591,4
sniffing,51638,51591,51638,47
rising,51686,51638,51686,48
sniffing,51719,51686,51719,33
left_turning,51775,51719,51775,56
stepping,51848,51775,51848,73
sniffing,51973,51848,51973,125
stepping,52001,51973,52001,28
sniffing,52043,52001,52043,42
stepping,52053,52043,52053,10
climbing,52078,52053,52078,25
grooming,52079,52078,52079,1
walking,52104,52079,52104,25
trotting,52135,52104,52135,31
walking,52153,52135,52153,18
right_turning,52183,52153,52183,30
walking,52212,52183,52212,29
sniffing,52240,52212,52240,28
walking,52283,52240,52283,43
sniffing,52312,52283,52312,29
walking,52354,52312,52354,42
sniffing,52447,52354,52447,93
running,52482,52447,52482,35
sniffing,52578,52482,52578,96
walking,52601,52578,52601,23
sniffing,52651,52601,52651,50
hunching,52748,52651,52748,97
grooming,52911,52748,52911,163
rearing,53010,52911,53010,99
sniffing,53011,53010,53011,1
walking,53042,53011,53042,31
rising,53059,53042,53059,17
walking,53101,53059,53101,42
sniffing,53132,53101,53132,31
grooming,53273,53132,53273,141
walking,53287,53273,53287,14
grooming,53510,53287,53510,223
walking,53529,53510,53529,19
rising,53621,53529,53621,92
sniffing,53684,53621,53684,63
walking,53729,53684,53729,45
sniffing,53807,53729,53807,78
grooming,53808,53807,53808,1
rising,53819,53808,53819,11
grooming,54142,53819,54142,323
hunching,54185,54142,54185,43
rearing,54186,54185,54186,1
climbing,54225,54186,54225,39
walking,54257,54225,54257,32
stepping,54274,54257,54274,17
sniffing,54299,54274,54299,25
left_turning,54352,54299,54352,53
sniffing,54375,54352,54375,23
walking,54436,54375,54436,61
sniffing,54514,54436,54514,78
rising,54572,54514,54572,58
climbing,54631,54572,54631,59
walking,54669,54631,54669,38
sniffing,54751,54669,54751,82
walking,54767,54751,54767,16
left_turning,54809,54767,54809,42
walking,54821,54809,54821,12
sniffing,54880,54821,54880,59
walking,54937,54880,54937,57
stepping,54965,54937,54965,28
walking,54999,54965,54999,34
stepping,55033,54999,55033,34
grooming,55346,55033,55346,313
stepping,55369,55346,55369,23
left_turning,55377,55369,55377,8
sniffing,55429,55377,55429,52
grooming,55849,55429,55849,420
rearing,55866,55849,55866,17
stepping,55867,55866,55867,1
walking,55875,55867,55875,8
sniffing,55876,55875,55876,1
left_turning,55937,55876,55937,61
sniffing,55957,55937,55957,20
stepping,56001,55957,56001,44
right_turning,56005,56001,56005,4
sniffing,56027,56005,56027,22
grooming,56108,56027,56108,81
trotting,56147,56108,56147,39
walking,56193,56147,56193,46
stepping,56226,56193,56226,33
grooming,56227,56226,56227,1
hunching,56335,56227,56335,108
right_turning,56369,56335,56369,34
stepping,56393,56369,56393,24
sniffing,56396,56393,56396,3
grooming,56449,56396,56449,53
hunching,56515,56449,56515,66
grooming,56641,56515,56641,126
sniffing,56642,56641,56642,1
rising,56643,56642,56643,1
grooming,56736,56643,56736,93
scratching,56778,56736,56778,42
left_turning,56792,56778,56792,14
sniffing,56871,56792,56871,79
walking,56934,56871,56934,63
right_turning,56959,56934,56959,25
sniffing,56978,56959,56978,19
walking,57009,56978,57009,31
stepping,57036,57009,57036,27
running,57063,57036,57063,27
rising,57105,57063,57105,42
grooming,57262,57105,57262,157
rearing,57263,57262,57263,1
climbing,57278,57263,57278,15
stepping,57335,57278,57335,57
left_turning,57376,57335,57376,41
walking,57408,57376,57408,32
trotting,57415,57408,57415,7
walking,57454,57415,57454,39
sniffing,57482,57454,57482,28
stepping,57483,57482,57483,1
walking,57575,57483,57575,92
climbing,57621,57575,57621,46
right_turning,57651,57621,57651,30
stepping,57705,57651,57705,54
sniffing,57728,57705,57728,23
stepping,57738,57728,57738,10
sniffing,57793,57738,57793,55
hunching,57815,57793,57815,22
grooming,58083,57815,58083,268
stepping,58147,58083,58147,64
walking,58199,58147,58199,52
sniffing,58231,58199,58231,32
left_turning,58235,58231,58235,4
walking,58253,58235,58253,18
sniffing,58300,58253,58300,47
rising,58335,58300,58335,35
walking,58388,58335,58388,53
climbing,58437,58388,58437,49
left_turning,58475,58437,58475,38
walking,58501,58475,58501,26
sniffing,58516,58501,58516,15
grooming,58539,58516,58539,23
rising,58559,58539,58559,20
left_turning,58620,58559,58620,61
scratching,58640,58620,58640,20
grooming,58700,58640,58700,60
rearing,58748,58700,58748,48
rising,58751,58748,58751,3
rearing,58752,58751,58752,1
walking,58761,58752,58761,9
rising,58789,58761,58789,28
rearing,58796,58789,58796,7
rising,58846,58796,58846,50
climbing,58866,58846,58866,20
grooming,58867,58866,58867,1
left_turning,58946,58867,58946,79
stepping,58967,58946,58967,21
rearing,59054,58967,59054,87
grooming,59386,59054,59386,332
rising,59411,59386,59411,25
sniffing,59486,59411,59486,75
rising,59556,59486,59556,70
rearing,59635,59556,59635,79
grooming,59761,59635,59761,126
walking,59872,59761,59872,111
rearing,59882,59872,59882,10
climbing,59912,59882,59912,30
trotting,59947,59912,59947,35
climbing,59986,59947,59986,39
rising,59987,59986,59987,1
rearing,60045,59987,60045,58
grooming,60046,60045,60046,1
stepping,60085,60046,60085,39
walking,60117,60085,60117,32
climbing,60173,60117,60173,56
rearing,60222,60173,60222,49
walking,60235,60222,60235,13
stepping,60236,60235,60236,1
left_turning,60266,60236,60266,30
walking,60281,60266,60281,15
stepping,60344,60281,60344,63
sniffing,60345,60344,60345,1
stepping,60348,60345,60348,3
walking,60360,60348,60360,12
sniffing,60383,60360,60383,23
stepping,60428,60383,60428,45
sniffing,60440,60428,60440,12
grooming,60441,60440,60441,1
sniffing,60506,60441,60506,65
walking,60538,60506,60538,32
stepping,60544,60538,60544,6
left_turning,60545,60544,60545,1
scratching,60612,60545,60612,67
grooming,60865,60612,60865,253
left_turning,60896,60865,60896,31
sniffing,60975,60896,60975,79
left_turning,60976,60975,60976,1
grooming,61135,60976,61135,159
rearing,61136,61135,61136,1
climbing,61166,61136,61166,30
grooming,61167,61166,61167,1
sniffing,61208,61167,61208,41
left_turning,61263,61208,61263,55
grooming,61480,61263,61480,217
walking,61499,61480,61499,19
stepping,61535,61499,61535,36
sniffing,61632,61535,61632,97
stepping,61684,61632,61684,52
trotting,61711,61684,61711,27
left_turning,61736,61711,61736,25
sniffing,61854,61736,61854,118
left_turning,61880,61854,61880,26
sniffing,62004,61880,62004,124
stepping,62057,62004,62057,53
right_turning,62061,62057,62061,4
sniffing,62121,62061,62121,60
rearing,62131,62121,62131,10
climbing,62185,62131,62185,54
left_turning,62197,62185,62197,12
stepping,62235,62197,62235,38
rearing,62236,62235,62236,1
rising,62237,62236,62237,1
left_turning,62278,62237,62278,41
walking,62299,62278,62299,21
rising,62314,62299,62314,15
walking,62339,62314,62339,25
trotting,62380,62339,62380,41
stepping,62392,62380,62392,12
rising,62410,62392,62410,18
grooming,62540,62410,62540,130
rearing,62549,62540,62549,9
grooming,62618,62549,62618,69
rising,62619,62618,62619,1
rearing,62830,62619,62830,211
hunching,62881,62830,62881,51
grooming,62882,62881,62882,1
scratching,62883,62882,62883,1
left_turning,62915,62883,62915,32
sniffing,62920,62915,62920,5
right_turning,62961,62920,62961,41
walking,63003,62961,63003,42
sniffing,63096,63003,63096,93
stepping,63097,63096,63097,1
climbing,63206,63097,63206,109
trotting,63226,63206,63226,20
rearing,63300,63226,63300,74
hunching,63307,63300,63307,7
grooming,63308,63307,63308,1
trotting,63318,63308,63318,10
stepping,63323,63318,63323,5
sniffing,63324,63323,63324,1
grooming,63425,63324,63425,101
trotting,63441,63425,63441,16
climbing,63459,63441,63459,18
walking,63503,63459,63503,44
sniffing,63544,63503,63544,41
stepping,63592,63544,63592,48
walking,63606,63592,63606,14
stepping,63630,63606,63630,24
sniffing,63685,63630,63685,55
grooming,63686,63685,63686,1
rearing,63691,63686,63691,5
grooming,63692,63691,63692,1
hunching,63701,63692,63701,9
walking,63736,63701,63736,35
sniffing,63737,63736,63737,1
left_turning,63784,63737,63784,47
walking,63799,63784,63799,15
grooming,63800,63799,63800,1
climbing,63813,63800,63813,13
left_turning,63854,63813,63854,41
sniffing,63866,63854,63866,12
grooming,63867,63866,63867,1
rearing,63886,63867,63886,19
hunching,63914,63886,63914,28
rearing,63915,63914,63915,1
hunching,63943,63915,63943,28
grooming,64005,63943,64005,62
walking,64010,64005,64010,5
rising,64011,64010,64011,1
sniffing,64021,64011,64021,10
scratching,64034,64021,64034,13
walking,64044,64034,64044,10
left_turning,64067,64044,64067,23
sniffing,64068,64067,64068,1
right_turning,64113,64068,64113,45
trotting,64134,64113,64134,21
walking,64150,64134,64150,16
sniffing,64221,64150,64221,71
rising,64273,64221,64273,52
climbing,64328,64273,64328,55
running,64365,64328,64365,37
sniffing,64434,64365,64434,69
stepping,64449,64434,64449,15
sniffing,64461,64449,64461,12
walking,64565,64461,64565,104
sniffing,64584,64565,64584,19
right_turning,64600,64584,64600,16
sniffing,64645,64600,64645,45
rising,64674,64645,64674,29
rearing,64730,64674,64730,56
grooming,64738,64730,64738,8
sniffing,64765,64738,64765,27
left_turning,64803,64765,64803,38
stepping,64827,64803,64827,24
sniffing,64875,64827,64875,48
stepping,64892,64875,64892,17
climbing,64906,64892,64906,14
stepping,64929,64906,64929,23
sniffing,65103,64929,65103,174
stepping,65109,65103,65109,6
sniffing,65111,65109,65111,2
rising,65112,65111,65112,1
stepping,65142,65112,65142,30
rising,65178,65142,65178,36
climbing,65212,65178,65212,34
grooming,65398,65212,65398,186
rearing,65494,65398,65494,96
climbing,65518,65494,65518,24
left_turning,65525,65518,65525,7
rising,65536,65525,65536,11
climbing,65611,65536,65611,75
grooming,65654,65611,65654,43
sniffing,65687,65654,65687,33
walking,65740,65687,65740,53
climbing,65770,65740,65770,30
left_turning,65784,65770,65784,14
grooming,65889,65784,65889,105
hunching,66063,65889,66063,174
rearing,66103,66063,66103,40
rising,66104,66103,66104,1
grooming,66173,66104,66173,69
rearing,66176,66173,66176,3
grooming,66321,66176,66321,145
rearing,66353,66321,66353,32
climbing,66393,66353,66393,40
rising,66419,66393,66419,26
climbing,66460,66419,66460,41
right_turning,66508,66460,66508,48
grooming,67252,66508,67252,744
rearing,67253,67252,67253,1
grooming,67319,67253,67319,66
sniffing,67365,67319,67365,46
rearing,67367,67365,67367,2
grooming,67620,67367,67620,253
rearing,67685,67620,67685,65
climbing,67704,67685,67704,19
running,67710,67704,67710,6
trotting,67755,67710,67755,45
running,67775,67755,67775,20
rising,67796,67775,67796,21
sniffing,67864,67796,67864,68
trotting,67916,67864,67916,52
sniffing,67974,67916,67974,58
scratching,68150,67974,68150,176
grooming,68283,68150,68283,133
sniffing,68333,68283,68333,50
stepping,68347,68333,68347,14
sniffing,68365,68347,68365,18
grooming,68366,68365,68366,1
walking,68376,68366,68376,10
stepping,68404,68376,68404,28
walking,68428,68404,68428,24
right_turning,68460,68428,68460,32
rising,68543,68460,68543,83
climbing,68600,68543,68600,57
rising,68659,68600,68659,59
rearing,68695,68659,68695,36
grooming,68700,68695,68700,5
rising,68721,68700,68721,21
climbing,68761,68721,68761,40
left_turning,68800,68761,68800,39
scratching,69001,68800,69001,201
walking,69005,69001,69005,4
sniffing,69006,69005,69006,1
stepping,69023,69006,69023,17
rearing,69132,69023,69132,109
grooming,69133,69132,69133,1
sniffing,69147,69133,69147,14
rearing,69343,69147,69343,196
climbing,69363,69343,69363,20
grooming,69433,69363,69433,70
left_turning,69483,69433,69483,50
grooming,69691,69483,69691,208
sniffing,69735,69691,69735,44
grooming,69736,69735,69736,1
walking,69741,69736,69741,5
sniffing,69776,69741,69776,35
running,69795,69776,69795,19
rising,69825,69795,69825,30
rearing,69829,69825,69829,4
walking,69865,69829,69865,36
sniffing,69971,69865,69971,106
left_turning,69984,69971,69984,13
stepping,70018,69984,70018,34
left_turning,70048,70018,70048,30
trotting,70054,70048,70054,6
walking,70127,70054,70127,73
stepping,70158,70127,70158,31
sniffing,70250,70158,70250,92
grooming,70376,70250,70376,126
sniffing,70416,70376,70416,40
stepping,70453,70416,70453,37
sniffing,70601,70453,70601,148
grooming,70931,70601,70931,330
left_turning,70932,70931,70932,1
sniffing,70976,70932,70976,44
rising,71061,70976,71061,85
rearing,71137,71061,71137,76
stepping,71147,71137,71147,10
rising,71187,71147,71187,40
stepping,71242,71187,71242,55
sniffing,71397,71242,71397,155
walking,71419,71397,71419,22
sniffing,71462,71419,71462,43
grooming,71768,71462,71768,306
scratching,71873,71768,71873,105
grooming,72066,71873,72066,193
rearing,72197,72066,72197,131
grooming,72198,72197,72198,1
sniffing,72209,72198,72209,11
stepping,72237,72209,72237,28
walking,72347,72237,72347,110
sniffing,72417,72347,72417,70
right_turning,72475,72417,72475,58
walking,72479,72475,72479,4
sniffing,72494,72479,72494,15
walking,72527,72494,72527,33
sniffing,72543,72527,72543,16
stepping,72574,72543,72574,31
walking,72620,72574,72620,46
stepping,72621,72620,72621,1
grooming,72674,72621,72674,53
rearing,72689,72674,72689,15
grooming,72950,72689,72950,261
sniffing,73027,72950,73027,77
walking,73044,73027,73044,17
scratching,73224,73044,73224,180
sniffing,73262,73224,73262,38
stepping,73342,73262,73342,80
rising,73381,73342,73381,39
grooming,73396,73381,73396,15
walking,73398,73396,73398,2
sniffing,73475,73398,73475,77
rising,73528,73475,73528,53
walking,73554,73528,73554,26
stepping,73555,73554,73555,1
rearing,73784,73555,73784,229
walking,73789,73784,73789,5
scratching,73910,73789,73910,121
left_turning,73949,73910,73949,39
stepping,73985,73949,73985,36
walking,73997,73985,73997,12
grooming,74098,73997,74098,101
sniffing,74153,74098,74153,55
grooming,74154,74153,74154,1
sniffing,74233,74154,74233,79
grooming,74293,74233,74293,60
stepping,74328,74293,74328,35
walking,74364,74328,74364,36
climbing,74375,74364,74375,11
stepping,74435,74375,74435,60
rearing,74441,74435,74441,6
grooming,74442,74441,74442,1
sniffing,74482,74442,74482,40
rising,74507,74482,74507,25
rearing,74517,74507,74517,10
sniffing,74590,74517,74590,73
rising,74600,74590,74600,10
sniffing,74606,74600,74606,6
climbing,74652,74606,74652,46
trotting,74661,74652,74661,9
sniffing,74662,74661,74662,1
climbing,74713,74662,74713,51
rearing,74796,74713,74796,83
grooming,75031,74796,75031,235
stepping,75090,75031,75090,59
sniffing,75093,75090,75093,3
trotting,75127,75093,75127,34
walking,75222,75127,75222,95
stepping,75268,75222,75268,46
walking,75272,75268,75272,4
trotting,75273,75272,75273,1
sniffing,75292,75273,75292,19
left_turning,75334,75292,75334,42
scratching,75337,75334,75337,3
grooming,75406,75337,75406,69
climbing,75455,75406,75455,49
walking,75479,75455,75479,24
stepping,75491,75479,75491,12
rising,75512,75491,75512,21
rearing,75691,75512,75691,179
grooming,75773,75691,75773,82
left_turning,75803,75773,75803,30
stepping,75819,75803,75819,16
left_turning,75946,75819,75946,127
grooming,75947,75946,75947,1
walking,76000,75947,76000,53
stepping,76037,76000,76037,37
grooming,76126,76037,76126,89
rising,76143,76126,76143,17
climbing,76157,76143,76157,14
stepping,76161,76157,76161,4
sniffing,76260,76161,76260,99
grooming,76261,76260,76261,1
left_turning,76287,76261,76287,26
sniffing,76300,76287,76300,13
rearing,76301,76300,76301,1
stepping,76322,76301,76322,21
sniffing,76338,76322,76338,16
walking,76348,76338,76348,10
sniffing,76365,76348,76365,17
left_turning,76415,76365,76415,50
stepping,76462,76415,76462,47
sniffing,76463,76462,76463,1
rearing,76548,76463,76548,85
grooming,76610,76548,76610,62
sniffing,76621,76610,76621,11
stepping,76699,76621,76699,78
rearing,76700,76699,76700,1
walking,76736,76700,76736,36
sniffing,76739,76736,76739,3
stepping,76763,76739,76763,24
rising,76796,76763,76796,33
walking,76802,76796,76802,6
rearing,76809,76802,76809,7
hunching,76866,76809,76866,57
rising,76868,76866,76868,2
climbing,76902,76868,76902,34
right_turning,76933,76902,76933,31
climbing,76964,76933,76964,31
sniffing,76970,76964,76970,6
stepping,76986,76970,76986,16
walking,76987,76986,76987,1
right_turning,77030,76987,77030,43
walking,77060,77030,77060,30
running,77068,77060,77068,8
climbing,77069,77068,77069,1
sniffing,77119,77069,77119,50
grooming,77120,77119,77120,1
rearing,77202,77120,77202,82
left_turning,77307,77202,77307,105
climbing,77308,77307,77308,1
running,77329,77308,77329,21
rising,77349,77329,77349,20
climbing,77406,77349,77406,57
trotting,77445,77406,77445,39
walking,77469,77445,77469,24
stepping,77478,77469,77478,9
walking,77499,77478,77499,21
sniffing,77662,77499,77662,163
rising,77687,77662,77687,25
walking,77709,77687,77709,22
sniffing,77710,77709,77710,1
walking,77722,77710,77722,12
sniffing,77976,77722,77976,254
walking,78000,77976,78000,24
sniffing,78087,78000,78087,87
rising,78118,78087,78118,31
hunching,78132,78118,78132,14
grooming,78133,78132,78133,1
sniffing,78214,78133,78214,81
walking,78221,78214,78221,7
sniffing,78293,78221,78293,72
grooming,78541,78293,78541,248
hunching,78648,78541,78648,107
rearing,78814,78648,78814,166
rising,78820,78814,78820,6
sniffing,78876,78820,78876,56
rising,78920,78876,78920,44
grooming,79268,78920,79268,348
climbing,79318,79268,79318,50
rearing,79378,79318,79378,60
hunching,79498,79378,79498,120
rearing,79501,79498,79501,3
sniffing,79502,79501,79502,1
rearing,79515,79502,79515,13
walking,79549,79515,79549,34
right_turning,79561,79549,79561,12
walking,79575,79561,79575,14
grooming,79644,79575,79644,69
left_turning,79645,79644,79645,1
grooming,79908,79645,79908,263
rearing,79980,79908,79980,72
climbing,80032,79980,80032,52
grooming,80033,80032,80033,1
sniffing,80038,80033,80038,5
rising,80042,80038,80042,4
stepping,80059,80042,80059,17
sniffing,80255,80059,80255,196
left_turning,80317,80255,80317,62
walking,80334,80317,80334,17
trotting,80353,80334,80353,19
walking,80374,80353,80374,21
sniffing,80461,80374,80461,87
grooming,80462,80461,80462,1
walking,80463,80462,80463,1
sniffing,80477,80463,80477,14
rearing,80544,80477,80544,67
rising,80553,80544,80553,9
rearing,80564,80553,80564,11
left_turning,80617,80564,80617,53
grooming,80823,80617,80823,206
rearing,80936,80823,80936,113
rising,80953,80936,80953,17
climbing,81010,80953,81010,57
right_turning,81027,81010,81027,17
walking,81065,81027,81065,38
left_turning,81109,81065,81109,44
grooming,81171,81109,81171,62
climbing,81211,81171,81211,40
left_turning,81269,81211,81269,58
sniffing,81270,81269,81270,1
grooming,81431,81270,81431,161
climbing,81551,81431,81551,120
right_turning,81580,81551,81580,29
left_turning,81624,81580,81624,44
walking,81662,81624,81662,38
sniffing,81663,81662,81663,1
walking,81690,81663,81690,27
trotting,81715,81690,81715,25
stepping,81728,81715,81728,13
walking,81729,81728,81729,1
rearing,81826,81729,81826,97
hunching,81890,81826,81890,64
rising,81927,81890,81927,37
rearing,81949,81927,81949,22
climbing,81971,81949,81971,22
walking,81984,81971,81984,13
stepping,81985,81984,81985,1
running,81998,81985,81998,13
grooming,82103,81998,82103,105
sniffing,82141,82103,82141,38
walking,82179,82141,82179,38
sniffing,82397,82179,82397,218
left_turning,82437,82397,82437,40
trotting,82474,82437,82474,37
walking,82487,82474,82487,13
left_turning,82563,82487,82563,76
walking,82619,82563,82619,56
sniffing,82680,82619,82680,61
stepping,82690,82680,82690,10
hunching,82768,82690,82768,78
grooming,82922,82768,82922,154
rising,82954,82922,82954,32
grooming,82955,82954,82955,1
rearing,83049,82955,83049,94
rising,83069,83049,83069,20
walking,83070,83069,83070,1
trotting,83089,83070,83089,19
stepping,83090,83089,83090,1
sniffing,83116,83090,83116,26
rising,83181,83116,83181,65
climbing,83195,83181,83195,14
walking,83196,83195,83196,1
sniffing,83216,83196,83216,20
rising,83263,83216,83263,47
grooming,83424,83263,83424,161
sniffing,83430,83424,83430,6
walking,83431,83430,83431,1
sniffing,83478,83431,83478,47
rising,83479,83478,83479,1
rearing,83480,83479,83480,1
sniffing,83540,83480,83540,60
rearing,83541,83540,83541,1
climbing,83596,83541,83596,55
walking,83649,83596,83649,53
trotting,83671,83649,83671,22
walking,83717,83671,83717,46
sniffing,83719,83717,83719,2
walking,83759,83719,83759,40
sniffing,83957,83759,83957,198
left_turning,84025,83957,84025,68
grooming,84478,84025,84478,453
rearing,84479,84478,84479,1
grooming,84480,84479,84480,1
hunching,84507,84480,84507,27
grooming,84508,84507,84508,1
trotting,84509,84508,84509,1
walking,84595,84509,84595,86
sniffing,84659,84595,84659,64
stepping,84680,84659,84680,21
rising,84682,84680,84682,2
climbing,84739,84682,84739,57
rising,84830,84739,84830,91
right_turning,84839,84830,84839,9
trotting,84865,84839,84865,26
sniffing,84866,84865,84866,1
stepping,84872,84866,84872,6
sniffing,85026,84872,85026,154
rising,85031,85026,85031,5
walking,85032,85031,85032,1
running,85053,85032,85053,21
trotting,85062,85053,85062,9
sniffing,85078,85062,85078,16
walking,85114,85078,85114,36
sniffing,85145,85114,85145,31
walking,85216,85145,85216,71
sniffing,85219,85216,85219,3
trotting,85245,85219,85245,26
walking,85292,85245,85292,47
sniffing,85299,85292,85299,7
walking,85357,85299,85357,58
sniffing,85358,85357,85358,1
rearing,85465,85358,85465,107
sniffing,85471,85465,85471,6
stepping,85492,85471,85492,21
grooming,85641,85492,85641,149
climbing,85756,85641,85756,115
rearing,85847,85756,85847,91
grooming,86050,85847,86050,203
hunching,86123,86050,86123,73
grooming,86124,86123,86124,1
walking,86208,86124,86208,84
sniffing,86209,86208,86209,1
walking,86306,86209,86306,97
rearing,86387,86306,86387,81
grooming,86388,86387,86388,1
left_turning,86390,86388,86390,2
grooming,86391,86390,86391,1
hunching,86392,86391,86392,1
climbing,86463,86392,86463,71
sniffing,86502,86463,86502,39
rising,86549,86502,86549,47
sniffing,86550,86549,86550,1
stepping,86588,86550,86588,38
rising,86589,86588,86589,1
climbing,86672,86589,86672,83
grooming,87829,86672,87829,1157
rising,87830,87829,87830,1
stepping,87862,87830,87862,32
right_turning,87864,87862,87864,2
climbing,87920,87864,87920,56
rearing,87976,87920,87976,56
climbing,88032,87976,88032,56
grooming,88289,88032,88289,257
rearing,88382,88289,88382,93
left_turning,88401,88382,88401,19
rising,88453,88401,88453,52
rearing,88464,88453,88464,11
stepping,88493,88464,88493,29
walking,88530,88493,88530,37
rearing,88592,88530,88592,62
hunching,88681,88592,88681,89
grooming,88682,88681,88682,1
right_turning,88683,88682,88683,1
rising,88689,88683,88689,6
hunching,88765,88689,88765,76
sniffing,88826,88765,88826,61
walking,88841,88826,88841,15
sniffing,88889,88841,88889,48
right_turning,88932,88889,88932,43
running,88952,88932,88952,20
walking,88966,88952,88966,14
stepping,88981,88966,88981,15
walking,89012,88981,89012,31
sniffing,89015,89012,89015,3
left_turning,89095,89015,89095,80
trotting,89132,89095,89132,37
walking,89147,89132,89147,15
sniffing,89209,89147,89209,62
walking,89263,89209,89263,54
sniffing,89353,89263,89353,90
rising,89369,89353,89369,16
grooming,89423,89369,89423,54
sniffing,89450,89423,89450,27
stepping,89476,89450,89476,26
walking,89498,89476,89498,22
trotting,89508,89498,89508,10
walking,89533,89508,89533,25
sniffing,89617,89533,89617,84
walking,89653,89617,89653,36
sniffing,89660,89653,89660,7
walking,89678,89660,89678,18
rising,89776,89678,89776,98
scratching,89828,89776,89828,52
sniffing,89937,89828,89937,109
grooming,89938,89937,89938,1
sniffing,89994,89938,89994,56
rising,90012,89994,90012,18
right_turning,90047,90012,90047,35
sniffing,90049,90047,90049,2
trotting,90067,90049,90067,18
stepping,90069,90067,90069,2
sniffing,90070,90069,90070,1
right_turning,90074,90070,90074,4
sniffing,90100,90074,90100,26
grooming,90101,90100,90101,1
rearing,90164,90101,90164,63
grooming,90775,90164,90775,611
stepping,90835,90775,90835,60
sniffing,90878,90835,90878,43
rearing,90911,90878,90911,33
grooming,91454,90911,91454,543
left_turning,91462,91454,91462,8
walking,91469,91462,91469,7
climbing,91582,91469,91582,113
walking,91626,91582,91626,44
stepping,91638,91626,91638,12
climbing,91708,91638,91708,70
left_turning,91737,91708,91737,29
stepping,91759,91737,91759,22
sniffing,91830,91759,91830,71
rearing,91831,91830,91831,1
climbing,91848,91831,91848,17
grooming,91904,91848,91904,56
sniffing,92151,91904,92151,247
rising,92197,92151,92197,46
climbing,92247,92197,92247,50
left_turning,92250,92247,92250,3
walking,92281,92250,92281,31
jumping,92282,92281,92282,1
right_turning,92298,92282,92298,16
sniffing,92339,92298,92339,41
grooming,92445,92339,92445,106
trotting,92457,92445,92457,12
walking,92496,92457,92496,39
stepping,92565,92496,92565,69
rising,92606,92565,92606,41
climbing,92648,92606,92648,42
running,92685,92648,92685,37
rising,92746,92685,92746,61
right_turning,92764,92746,92764,18
stepping,92818,92764,92818,54
right_turning,92870,92818,92870,52
running,92913,92870,92913,43
rising,92922,92913,92922,9
stepping,92998,92922,92998,76
sniffing,93033,92998,93033,35
climbing,93058,93033,93058,25
walking,93071,93058,93071,13
trotting,93101,93071,93101,30
rising,93155,93101,93155,54
grooming,93156,93155,93156,1
right_turning,93173,93156,93173,17
walking,93207,93173,93207,34
stepping,93237,93207,93237,30
rearing,93286,93237,93286,49
climbing,93319,93286,93319,33
rising,93353,93319,93353,34
rearing,93437,93353,93437,84
left_turning,93479,93437,93479,42
sniffing,93480,93479,93480,1
walking,93530,93480,93530,50
sniffing,93579,93530,93579,49
stepping,93584,93579,93584,5
walking,93618,93584,93618,34
rising,93622,93618,93622,4
climbing,93672,93622,93672,50
grooming,93712,93672,93712,40
right_turning,93731,93712,93731,19
sniffing,93733,93731,93733,2
rearing,93734,93733,93734,1
stepping,93765,93734,93765,31
sniffing,93854,93765,93854,89
stepping,93887,93854,93887,33
sniffing,93902,93887,93902,15
grooming,94070,93902,94070,168
sniffing,94152,94070,94152,82
rising,94203,94152,94203,51
stepping,94285,94203,94285,82
sniffing,94315,94285,94315,30
grooming,94316,94315,94316,1
hunching,94399,94316,94399,83
grooming,94400,94399,94400,1
sniffing,94487,94400,94487,87
rising,94488,94487,94488,1
climbing,94528,94488,94528,40
left_turning,94529,94528,94529,1
rising,94562,94529,94562,33
sniffing,94611,94562,94611,49
rising,94646,94611,94646,35
sniffing,94677,94646,94677,31
right_turning,94694,94677,94694,17
sniffing,94785,94694,94785,91
right_turning,94800,94785,94800,15
sniffing,94801,94800,94801,1
rising,94802,94801,94802,1
sniffing,94803,94802,94803,1
left_turning,94858,94803,94858,55
rearing,94932,94858,94932,74
grooming,95038,94932,95038,106
rearing,95199,95038,95199,161
stepping,95218,95199,95218,19
sniffing,95270,95218,95270,52
walking,95276,95270,95276,6
sniffing,95343,95276,95343,67
climbing,95407,95343,95407,64
rearing,95408,95407,95408,1
walking,95446,95408,95446,38
sniffing,95521,95446,95521,75
left_turning,95535,95521,95535,14
walking,95590,95535,95590,55
sniffing,95613,95590,95613,23
grooming,95614,95613,95614,1
walking,95629,95614,95629,15
stepping,95658,95629,95658,29
walking,95696,95658,95696,38
sniffing,95697,95696,95697,1
walking,95707,95697,95707,10
climbing,95755,95707,95755,48
stepping,95765,95755,95765,10
right_turning,95777,95765,95777,12
sniffing,95820,95777,95820,43
rising,95879,95820,95879,59
left_turning,95915,95879,95915,36
rearing,95979,95915,95979,64
grooming,96082,95979,96082,103
rising,96157,96082,96157,75
rearing,96158,96157,96158,1
grooming,96381,96158,96381,223
stepping,96385,96381,96385,4
sniffing,96401,96385,96401,16
right_turning,96415,96401,96415,14
sniffing,96442,96415,96442,27
walking,96451,96442,96451,9
sniffing,96533,96451,96533,82
rising,96549,96533,96549,16
rearing,96550,96549,96550,1
grooming,96609,96550,96609,59
walking,96645,96609,96645,36
stepping,96663,96645,96663,18
rising,96684,96663,96684,21
rearing,96724,96684,96724,40
grooming,97102,96724,97102,378
hunching,97111,97102,97111,9
rearing,97125,97111,97125,14
grooming,97133,97125,97133,8
rearing,97140,97133,97140,7
sniffing,97242,97140,97242,102
grooming,97400,97242,97400,158
rearing,97420,97400,97420,20
walking,97455,97420,97455,35
sniffing,97497,97455,97497,42
walking,97504,97497,97504,7
stepping,97522,97504,97522,18
sniffing,97590,97522,97590,68
climbing,97617,97590,97617,27
rearing,97661,97617,97661,44
stepping,97700,97661,97700,39
sniffing,97701,97700,97701,1
rearing,97702,97701,97702,1
right_turning,97722,97702,97722,20
walking,97764,97722,97764,42
rising,97779,97764,97779,15
rearing,97888,97779,97888,109
walking,97896,97888,97896,8
rising,97906,97896,97906,10
climbing,97951,97906,97951,45
sniffing,97981,97951,97981,30
right_turning,98006,97981,98006,25
walking,98028,98006,98028,22
sniffing,98038,98028,98038,10
walking,98043,98038,98043,5
stepping,98063,98043,98063,20
sniffing,98142,98063,98142,79
left_turning,98163,98142,98163,21
climbing,98215,98163,98215,52
left_turning,98256,98215,98256,41
walking,98269,98256,98269,13
climbing,98302,98269,98302,33
stepping,98319,98302,98319,17
sniffing,98320,98319,98320,1
walking,98334,98320,98334,14
grooming,98335,98334,98335,1
scratching,98336,98335,98336,1
sniffing,98351,98336,98351,15
walking,98377,98351,98377,26
stepping,98424,98377,98424,47
climbing,98438,98424,98438,14
sniffing,98446,98438,98446,8
stepping,98491,98446,98491,45
sniffing,98586,98491,98586,95
walking,98626,98586,98626,40
sniffing,98629,98626,98629,3
rising,98686,98629,98686,57
sniffing,98720,98686,98720,34
walking,98762,98720,98762,42
rearing,98808,98762,98808,46
grooming,98973,98808,98973,165
rearing,98998,98973,98998,25
stepping,99016,98998,99016,18
left_turning,99029,99016,99029,13
stepping,99076,99029,99076,47
climbing,99143,99076,99143,67
trotting,99170,99143,99170,27
climbing,99171,99170,99171,1
left_turning,99222,99171,99222,51
scratching,99314,99222,99314,92
grooming,99413,99314,99413,99
sniffing,99414,99413,99414,1
grooming,99415,99414,99415,1
stepping,99475,99415,99475,60
walking,99489,99475,99489,14
sniffing,99527,99489,99527,38
grooming,99724,99527,99724,197
scratching,99725,99724,99725,1
sniffing,99729,99725,99729,4
grooming,99877,99729,99877,148
hunching,99941,99877,99941,64
rearing,99999,99941,99999,58
grooming,100098,99999,100098,99
rearing,100170,100098,100170,72
climbing,100171,100170,100171,1
left_turning,100225,100171,100225,54
walking,100257,100225,100257,32
sniffing,100314,100257,100314,57
rising,100330,100314,100330,16
grooming,100436,100330,100436,106
left_turning,100457,100436,100457,21
walking,100478,100457,100478,21
trotting,100513,100478,100513,35
walking,100536,100513,100536,23
stepping,100559,100536,100559,23
sniffing,100642,100559,100642,83
rising,100643,100642,100643,1
hunching,100741,100643,100741,98
grooming,101039,100741,101039,298
stepping,101049,101039,101049,10
left_turning,101060,101049,101060,11
walking,101143,101060,101143,83
stepping,101151,101143,101151,8
sniffing,101196,101151,101196,45
stepping,101210,101196,101210,14
sniffing,101233,101210,101233,23
walking,101262,101233,101262,29
sniffing,101284,101262,101284,22
stepping,101328,101284,101328,44
sniffing,101349,101328,101349,21
running,101368,101349,101368,19
walking,101407,101368,101407,39
stepping,101427,101407,101427,20
sniffing,101480,101427,101480,53
stepping,101481,101480,101481,1
rising,101571,101481,101571,90
rearing,101647,101571,101647,76
grooming,101782,101647,101782,135
rearing,101783,101782,101783,1
hunching,101828,101783,101828,45
rearing,101878,101828,101878,50
grooming,102120,101878,102120,242
rearing,102238,102120,102238,118
grooming,102301,102238,102301,63
hunching,102336,102301,102336,35
grooming,102366,102336,102366,30
trotting,102382,102366,102382,16
rearing,102407,102382,102407,25
sniffing,102459,102407,102459,52
rearing,102579,102459,102579,120
climbing,102632,102579,102632,53
rising,102701,102632,102701,69
rearing,102702,102701,102702,1
grooming,102777,102702,102777,75
sniffing,102933,102777,102933,156
grooming,102937,102933,102937,4
rearing,102999,102937,102999,62
left_turning,103000,102999,103000,1
sniffing,103039,103000,103039,39
stepping,103070,103039,103070,31
walking,103102,103070,103102,32
sniffing,103190,103102,103190,88
stepping,103204,103190,103204,14
sniffing,103241,103204,103241,37
walking,103292,103241,103292,51
right_turning,103305,103292,103305,13
walking,103334,103305,103334,29
climbing,103370,103334,103370,36
hunching,103371,103370,103371,1
stepping,103423,103371,103423,52
sniffing,103464,103423,103464,41
left_turning,103502,103464,103502,38
grooming,103503,103502,103503,1
rearing,103682,103503,103682,179
rising,103683,103682,103683,1
rearing,103767,103683,103767,84
climbing,103888,103767,103888,121
left_turning,103935,103888,103935,47
sniffing,103936,103935,103936,1
rising,104015,103936,104015,79
walking,104086,104015,104086,71
climbing,104134,104086,104134,48
sniffing,104151,104134,104151,17
stepping,104205,104151,104205,54
rising,104206,104205,104206,1
sniffing,104230,104206,104230,24
rising,104273,104230,104273,43
sniffing,104274,104273,104274,1
left_turning,104288,104274,104288,14
sniffing,104300,104288,104300,12
grooming,104469,104300,104469,169
sniffing,104546,104469,104546,77
rising,104714,104546,104714,168
walking,104744,104714,104744,30
stepping,104800,104744,104800,56
sniffing,104804,104800,104804,4
grooming,104805,104804,104805,1
rearing,104873,104805,104873,68
rising,104974,104873,104974,101
sniffing,105055,104974,105055,81
stepping,105096,105055,105096,41
climbing,105148,105096,105148,52
rearing,105164,105148,105164,16
climbing,105240,105164,105240,76
right_turning,105252,105240,105252,12
sniffing,105323,105252,105323,71
grooming,105354,105323,105354,31
scratching,105381,105354,105381,27
sniffing,105404,105381,105404,23
rising,105424,105404,105424,20
grooming,105943,105424,105943,519
sniffing,105977,105943,105977,34
stepping,106010,105977,106010,33
rising,106016,106010,106016,6
sniffing,106060,106016,106060,44
stepping,106080,106060,106080,20
right_turning,106091,106080,106091,11
rearing,106184,106091,106184,93
sniffing,106263,106184,106263,79
grooming,106338,106263,106338,75
rearing,106347,106338,106347,9
grooming,106348,106347,106348,1
sniffing,106386,106348,106386,38
grooming,106387,106386,106387,1
left_turning,106433,106387,106433,46
walking,106459,106433,106459,26
sniffing,106469,106459,106469,10
grooming,106539,106469,106539,70
hunching,106577,106539,106577,38
rearing,106689,106577,106689,112
grooming,106690,106689,106690,1
rising,106705,106690,106705,15
sniffing,106726,106705,106726,21
trotting,106766,106726,106766,40
right_turning,106787,106766,106787,21
climbing,106823,106787,106823,36
left_turning,106873,106823,106873,50
grooming,106900,106873,106900,27
rearing,106901,106900,106901,1
hunching,107057,106901,107057,156
rearing,107427,107057,107427,370
left_turning,107478,107427,107478,51
rearing,107561,107478,107561,83
grooming,107627,107561,107627,66
rearing,107633,107627,107633,6
climbing,107654,107633,107654,21
grooming,107661,107654,107661,7
hunching,107918,107661,107918,257
right_turning,107936,107918,107936,18
trotting,107947,107936,107947,11
sniffing,108000,107947,108000,53
