revised_movement_label,segBoundary,segBoundary_start,segBoundary_end,length
sniffing,52,0,52,52
left_turning,104,52,104,52
walking,107,104,107,3
sniffing,177,107,177,70
rearing,343,177,343,166
hunching,383,343,383,40
grooming,418,383,418,35
right_turning,419,418,419,1
sniffing,495,419,495,76
left_turning,546,495,546,51
walking,596,546,596,50
stepping,703,596,703,107
climbing,737,703,737,34
grooming,1225,737,1225,488
hunching,1295,1225,1295,70
grooming,1296,1295,1296,1
hunching,1463,1296,1463,167
sniffing,1589,1463,1589,126
grooming,1877,1589,1877,288
left_turning,1905,1877,1905,28
right_turning,1911,1905,1911,6
stepping,1920,1911,1920,9
walking,1978,1920,1978,58
sniffing,1989,1978,1989,11
rearing,1990,1989,1990,1
sniffing,2066,1990,2066,76
walking,2070,2066,2070,4
stepping,2071,2070,2071,1
rearing,2153,2071,2153,82
grooming,2678,2153,2678,525
left_turning,2709,2678,2709,31
sniffing,2727,2709,2727,18
right_turning,2735,2727,2735,8
walking,2767,2735,2767,32
trotting,2780,2767,2780,13
rising,3041,2780,3041,261
rearing,3205,3041,3205,164
hunching,3206,3205,3206,1
grooming,3312,3206,3312,106
walking,3316,3312,3316,4
sniffing,3317,3316,3317,1
walking,3359,3317,3359,42
sniffing,3381,3359,3381,22
rising,3386,3381,3386,5
grooming,3387,3386,3387,1
stepping,3388,3387,3388,1
rising,3397,3388,3397,9
right_turning,3438,3397,3438,41
trotting,3459,3438,3459,21
sniffing,3515,3459,3515,56
stepping,3520,3515,3520,5
walking,3536,3520,3536,16
rising,3575,3536,3575,39
hunching,3688,3575,3688,113
grooming,3689,3688,3689,1
hunching,3765,3689,3765,76
running,3817,3765,3817,52
walking,3854,3817,3854,37
sniffing,3974,3854,3974,120
rising,3991,3974,3991,17
walking,4046,3991,4046,55
sniffing,4083,4046,4083,37
rising,4176,4083,4176,93
sniffing,4188,4176,4188,12
walking,4193,4188,4193,5
rising,4234,4193,4234,41
climbing,4284,4234,4284,50
left_turning,4320,4284,4320,36
running,4327,4320,4327,7
walking,4387,4327,4387,60
sniffing,4394,4387,4394,7
left_turning,4414,4394,4414,20
sniffing,4415,4414,4415,1
grooming,4634,4415,4634,219
sniffing,4667,4634,4667,33
stepping,4688,4667,4688,21
rising,4689,4688,4689,1
hunching,4810,4689,4810,121
stepping,4833,4810,4833,23
trotting,4855,4833,4855,22
walking,4856,4855,4856,1
sniffing,4857,4856,4857,1
walking,4885,4857,4885,28
stepping,4941,4885,4941,56
sniffing,4961,4941,4961,20
walking,4976,4961,4976,15
sniffing,4998,4976,4998,22
grooming,5068,4998,5068,70
rearing,5111,5068,5111,43
climbing,5139,5111,5139,28
rearing,5223,5139,5223,84
sniffing,5269,5223,5269,46
walking,5270,5269,5270,1
left_turning,5315,5270,5315,45
sniffing,5322,5315,5322,7
rising,5362,5322,5362,40
sniffing,5406,5362,5406,44
walking,5431,5406,5431,25
trotting,5446,5431,5446,15
running,5457,5446,5457,11
trotting,5478,5457,5478,21
walking,5503,5478,5503,25
left_turning,5531,5503,5531,28
rising,5546,5531,5546,15
left_turning,5562,5546,5562,16
sniffing,5580,5562,5580,18
stepping,5582,5580,5582,2
sniffing,5629,5582,5629,47
rising,5677,5629,5677,48
walking,5713,5677,5713,36
sniffing,5714,5713,5714,1
grooming,5853,5714,5853,139
hunching,5874,5853,5874,21
grooming,5875,5874,5875,1
rearing,5880,5875,5880,5
rising,5960,5880,5960,80
sniffing,5983,5960,5983,23
walking,5984,5983,5984,1
stepping,6024,5984,6024,40
rising,6071,6024,6071,47
left_turning,6072,6071,6072,1
trotting,6100,6072,6100,28
sniffing,6215,6100,6215,115
grooming,6546,6215,6546,331
trotting,6576,6546,6576,30
walking,6653,6576,6653,77
rising,6657,6653,6657,4
trotting,6664,6657,6664,7
sniffing,6681,6664,6681,17
grooming,7072,6681,7072,391
rearing,7090,7072,7090,18
grooming,7214,7090,7214,124
walking,7217,7214,7217,3
stepping,7341,7217,7341,124
right_turning,7348,7341,7348,7
walking,7349,7348,7349,1
stepping,7370,7349,7370,21
trotting,7389,7370,7389,19
walking,7414,7389,7414,25
sniffing,7415,7414,7415,1
walking,7455,7415,7455,40
trotting,7466,7455,7466,11
walking,7488,7466,7488,22
running,7510,7488,7510,22
sniffing,7537,7510,7537,27
rising,7589,7537,7589,52
rearing,7615,7589,7615,26
left_turning,7616,7615,7616,1
sniffing,7717,7616,7717,101
rearing,7836,7717,7836,119
hunching,8104,7836,8104,268
rising,8140,8104,8140,36
rearing,8141,8140,8141,1
climbing,8174,8141,8174,33
grooming,8267,8174,8267,93
climbing,8317,8267,8317,50
hunching,8550,8317,8550,233
rearing,8656,8550,8656,106
grooming,8657,8656,8657,1
right_turning,8670,8657,8670,13
stepping,8704,8670,8704,34
running,8725,8704,8725,21
rising,8744,8725,8744,19
grooming,8849,8744,8849,105
sniffing,8865,8849,8865,16
rising,8938,8865,8938,73
right_turning,8961,8938,8961,23
trotting,8977,8961,8977,16
running,8993,8977,8993,16
walking,9009,8993,9009,16
sniffing,9031,9009,9031,22
right_turning,9058,9031,9058,27
trotting,9059,9058,9059,1
rising,9060,9059,9060,1
rearing,9081,9060,9081,21
trotting,9118,9081,9118,37
sniffing,9170,9118,9170,52
walking,9202,9170,9202,32
sniffing,9260,9202,9260,58
rearing,9321,9260,9321,61
sniffing,9409,9321,9409,88
walking,9437,9409,9437,28
stepping,9473,9437,9473,36
walking,9500,9473,9500,27
sniffing,9675,9500,9675,175
running,9712,9675,9712,37
right_turning,9734,9712,9734,22
trotting,9737,9734,9737,3
stepping,9802,9737,9802,65
rising,9824,9802,9824,22
sniffing,9901,9824,9901,77
rising,9942,9901,9942,41
grooming,10058,9942,10058,116
trotting,10064,10058,10064,6
left_turning,10094,10064,10094,30
walking,10114,10094,10114,20
rearing,10124,10114,10124,10
sniffing,10172,10124,10172,48
climbing,10223,10172,10223,51
stepping,10274,10223,10274,51
right_turning,10325,10274,10325,51
trotting,10373,10325,10373,48
sniffing,10403,10373,10403,30
grooming,11181,10403,11181,778
climbing,11218,11181,11218,37
rising,11234,11218,11234,16
climbing,11266,11234,11266,32
grooming,11293,11266,11293,27
rearing,11383,11293,11383,90
grooming,11532,11383,11532,149
walking,11541,11532,11541,9
stepping,11552,11541,11552,11
right_turning,11562,11552,11562,10
walking,11596,11562,11596,34
sniffing,11676,11596,11676,80
walking,11730,11676,11730,54
trotting,11749,11730,11749,19
rearing,11782,11749,11782,33
grooming,12855,11782,12855,1073
rearing,12856,12855,12856,1
climbing,12946,12856,12946,90
left_turning,13046,12946,13046,100
sniffing,13166,13046,13166,120
grooming,13344,13166,13344,178
running,13352,13344,13352,8
walking,13388,13352,13388,36
sniffing,13412,13388,13412,24
grooming,13413,13412,13413,1
rearing,13632,13413,13632,219
rising,13734,13632,13734,102
sniffing,13737,13734,13737,3
grooming,13845,13737,13845,108
sniffing,13879,13845,13879,34
hunching,14051,13879,14051,172
sniffing,14112,14051,14112,61
running,14124,14112,14124,12
walking,14178,14124,14178,54
rising,14208,14178,14208,30
walking,14253,14208,14253,45
right_turning,14263,14253,14263,10
trotting,14297,14263,14297,34
stepping,14318,14297,14318,21
sniffing,14445,14318,14445,127
walking,14478,14445,14478,33
running,14492,14478,14492,14
left_turning,14543,14492,14543,51
sniffing,14571,14543,14571,28
rising,14627,14571,14627,56
grooming,14718,14627,14718,91
rearing,14734,14718,14734,16
hunching,14892,14734,14892,158
grooming,15099,14892,15099,207
rising,15120,15099,15120,21
sniffing,15151,15120,15151,31
running,15186,15151,15186,35
rearing,15249,15186,15249,63
grooming,15321,15249,15321,72
stepping,15348,15321,15348,27
climbing,15387,15348,15387,39
grooming,15572,15387,15572,185
running,15583,15572,15583,11
sniffing,15655,15583,15655,72
stepping,15672,15655,15672,17
trotting,15691,15672,15691,19
walking,15692,15691,15692,1
rising,15693,15692,15693,1
climbing,15725,15693,15725,32
stepping,15758,15725,15758,33
sniffing,15814,15758,15814,56
stepping,15830,15814,15830,16
sniffing,15898,15830,15898,68
stepping,15939,15898,15939,41
sniffing,15971,15939,15971,32
running,16006,15971,16006,35
walking,16007,16006,16007,1
trotting,16056,16007,16056,49
stepping,16166,16056,16166,110
grooming,16432,16166,16432,266
trotting,16487,16432,16487,55
sniffing,16495,16487,16495,8
stepping,16519,16495,16519,24
rising,16520,16519,16520,1
walking,16567,16520,16567,47
stepping,16626,16567,16626,59
climbing,16671,16626,16671,45
left_turning,16715,16671,16715,44
sniffing,16756,16715,16756,41
rising,16855,16756,16855,99
stepping,16856,16855,16856,1
trotting,16892,16856,16892,36
left_turning,16952,16892,16952,60
sniffing,16958,16952,16958,6
trotting,16959,16958,16959,1
sniffing,17027,16959,17027,68
hunching,17040,17027,17040,13
grooming,17074,17040,17074,34
left_turning,17076,17074,17076,2
rising,17124,17076,17124,48
grooming,17126,17124,17126,2
climbing,17163,17126,17163,37
grooming,17340,17163,17340,177
climbing,17368,17340,17368,28
grooming,17369,17368,17369,1
hunching,17431,17369,17431,62
rearing,17691,17431,17691,260
climbing,17716,17691,17716,25
sniffing,17727,17716,17727,11
right_turning,17736,17727,17736,9
stepping,17766,17736,17766,30
sniffing,17785,17766,17785,19
stepping,17827,17785,17827,42
left_turning,17848,17827,17848,21
stepping,17908,17848,17908,60
rising,17955,17908,17955,47
trotting,17987,17955,17987,32
walking,17988,17987,17988,1
stepping,18011,17988,18011,23
sniffing,18081,18011,18081,70
stepping,18090,18081,18090,9
sniffing,18127,18090,18127,37
grooming,18244,18127,18244,117
left_turning,18303,18244,18303,59
stepping,18336,18303,18336,33
trotting,18361,18336,18361,25
sniffing,18380,18361,18380,19
rising,18413,18380,18413,33
sniffing,18414,18413,18414,1
walking,18489,18414,18489,75
grooming,18490,18489,18490,1
sniffing,18518,18490,18518,28
walking,18541,18518,18541,23
sniffing,18553,18541,18553,12
stepping,18603,18553,18603,50
sniffing,18891,18603,18891,288
right_turning,18900,18891,18900,9
sniffing,18912,18900,18912,12
hunching,18930,18912,18930,18
left_turning,18960,18930,18960,30
stepping,18991,18960,18991,31
sniffing,19049,18991,19049,58
scratching,19107,19049,19107,58
walking,19123,19107,19123,16
sniffing,19169,19123,19169,46
walking,19207,19169,19207,38
sniffing,19227,19207,19227,20
right_turning,19260,19227,19260,33
trotting,19264,19260,19264,4
stepping,19286,19264,19286,22
sniffing,19335,19286,19335,49
climbing,19378,19335,19378,43
grooming,19419,19378,19419,41
sniffing,19563,19419,19563,144
grooming,20167,19563,20167,604
sniffing,20212,20167,20212,45
rising,20296,20212,20296,84
rearing,20558,20296,20558,262
climbing,20627,20558,20627,69
walking,20643,20627,20643,16
rising,20662,20643,20662,19
rearing,20691,20662,20691,29
climbing,20734,20691,20734,43
stepping,20744,20734,20744,10
walking,20750,20744,20750,6
rising,20764,20750,20764,14
sniffing,20765,20764,20765,1
walking,20806,20765,20806,41
stepping,20836,20806,20836,30
rising,20871,20836,20871,35
sniffing,20904,20871,20904,33
rising,20908,20904,20908,4
stepping,20943,20908,20943,35
walking,20967,20943,20967,24
sniffing,21015,20967,21015,48
stepping,21037,21015,21037,22
walking,21038,21037,21038,1
sniffing,21108,21038,21108,70
rising,21164,21108,21164,56
rearing,21228,21164,21228,64
grooming,21229,21228,21229,1
rearing,21316,21229,21316,87
sniffing,21317,21316,21317,1
walking,21345,21317,21345,28
sniffing,21368,21345,21368,23
grooming,21624,21368,21624,256
hunching,21682,21624,21682,58
grooming,21772,21682,21772,90
stepping,21805,21772,21805,33
walking,21859,21805,21859,54
sniffing,21875,21859,21875,16
walking,21923,21875,21923,48
sniffing,21988,21923,21988,65
stepping,21993,21988,21993,5
sniffing,22035,21993,22035,42
rising,22092,22035,22092,57
rearing,22093,22092,22093,1
sniffing,22094,22093,22094,1
right_turning,22105,22094,22105,11
sniffing,22106,22105,22106,1
hunching,22241,22106,22241,135
grooming,22366,22241,22366,125
sniffing,22409,22366,22409,43
left_turning,22420,22409,22420,11
trotting,22448,22420,22448,28
running,22468,22448,22468,20
left_turning,22491,22468,22491,23
sniffing,22545,22491,22545,54
stepping,22571,22545,22571,26
grooming,23099,22571,23099,528
walking,23121,23099,23121,22
trotting,23134,23121,23134,13
sniffing,23187,23134,23187,53
climbing,23188,23187,23188,1
grooming,23189,23188,23189,1
stepping,23221,23189,23221,32
sniffing,23279,23221,23279,58
grooming,23416,23279,23416,137
rearing,23538,23416,23538,122
trotting,23566,23538,23566,28
rising,23771,23566,23771,205
climbing,23787,23771,23787,16
walking,23815,23787,23815,28
grooming,23816,23815,23816,1
sniffing,23873,23816,23873,57
stepping,23917,23873,23917,44
climbing,23986,23917,23986,69
grooming,24192,23986,24192,206
left_turning,24233,24192,24233,41
stepping,24241,24233,24241,8
left_turning,24259,24241,24259,18
sniffing,24318,24259,24318,59
rearing,24369,24318,24369,51
grooming,24567,24369,24567,198
stepping,24638,24567,24638,71
grooming,24639,24638,24639,1
sniffing,24777,24639,24777,138
rising,24931,24777,24931,154
sniffing,24946,24931,24946,15
rearing,25000,24946,25000,54
stepping,25009,25000,25009,9
climbing,25032,25009,25032,23
trotting,25063,25032,25063,31
rising,25108,25063,25108,45
grooming,25218,25108,25218,110
sniffing,25358,25218,25358,140
grooming,26105,25358,26105,747
rearing,26106,26105,26106,1
climbing,26151,26106,26151,45
left_turning,26193,26151,26193,42
trotting,26240,26193,26240,47
sniffing,26246,26240,26246,6
stepping,26261,26246,26261,15
grooming,26368,26261,26368,107
walking,26389,26368,26389,21
stepping,26424,26389,26424,35
sniffing,26499,26424,26499,75
walking,26537,26499,26537,38
running,26569,26537,26569,32
stepping,26594,26569,26594,25
walking,26624,26594,26624,30
sniffing,26645,26624,26645,21
rising,26733,26645,26733,88
rearing,26785,26733,26785,52
grooming,27957,26785,27957,1172
left_turning,28011,27957,28011,54
stepping,28033,28011,28033,22
sniffing,28061,28033,28061,28
walking,28104,28061,28104,43
sniffing,28253,28104,28253,149
stepping,28315,28253,28315,62
rearing,28371,28315,28371,56
grooming,28444,28371,28444,73
walking,28467,28444,28467,23
right_turning,28493,28467,28493,26
stepping,28531,28493,28531,38
sniffing,28539,28531,28539,8
left_turning,28556,28539,28556,17
grooming,28778,28556,28778,222
rising,28890,28778,28890,112
rearing,28891,28890,28891,1
grooming,29154,28891,29154,263
rearing,29171,29154,29171,17
rising,29182,29171,29182,11
rearing,29199,29182,29199,17
grooming,29368,29199,29368,169
hunching,29424,29368,29424,56
grooming,29684,29424,29684,260
left_turning,29711,29684,29711,27
walking,29712,29711,29712,1
rearing,29772,29712,29772,60
grooming,29975,29772,29975,203
trotting,29994,29975,29994,19
walking,29995,29994,29995,1
stepping,30024,29995,30024,29
sniffing,30079,30024,30079,55
walking,30094,30079,30094,15
right_turning,30136,30094,30136,42
stepping,30160,30136,30160,24
climbing,30242,30160,30242,82
walking,30281,30242,30281,39
rising,30353,30281,30353,72
walking,30368,30353,30368,15
stepping,30418,30368,30418,50
sniffing,30461,30418,30461,43
walking,30486,30461,30486,25
sniffing,30518,30486,30518,32
walking,30526,30518,30526,8
stepping,30553,30526,30553,27
walking,30594,30553,30594,41
sniffing,30623,30594,30623,29
stepping,30641,30623,30641,18
rising,30697,30641,30697,56
stepping,30752,30697,30752,55
left_turning,30800,30752,30800,48
sniffing,30840,30800,30840,40
trotting,30860,30840,30860,20
walking,30893,30860,30893,33
rising,30928,30893,30928,35
climbing,31002,30928,31002,74
left_turning,31012,31002,31012,10
scratching,31018,31012,31018,6
grooming,31019,31018,31019,1
left_turning,31047,31019,31047,28
sniffing,31048,31047,31048,1
rearing,31141,31048,31141,93
climbing,31199,31141,31199,58
grooming,31354,31199,31354,155
hunching,31386,31354,31386,32
grooming,32429,31386,32429,1043
left_turning,32446,32429,32446,17
walking,32489,32446,32489,43
sniffing,32504,32489,32504,15
walking,32541,32504,32541,37
stepping,32568,32541,32568,27
left_turning,32584,32568,32584,16
sniffing,32585,32584,32585,1
rising,32646,32585,32646,61
sniffing,32661,32646,32661,15
left_turning,32683,32661,32683,22
grooming,32684,32683,32684,1
sniffing,32802,32684,32802,118
grooming,32839,32802,32839,37
hunching,32905,32839,32905,66
rearing,33017,32905,33017,112
stepping,33026,33017,33026,9
climbing,33067,33026,33067,41
sniffing,33134,33067,33134,67
rearing,33135,33134,33135,1
grooming,33724,33135,33724,589
walking,33759,33724,33759,35
grooming,33815,33759,33815,56
rising,33830,33815,33830,15
grooming,34012,33830,34012,182
scratching,34069,34012,34069,57
sniffing,34091,34069,34091,22
left_turning,34117,34091,34117,26
stepping,34137,34117,34137,20
sniffing,34179,34137,34179,42
walking,34226,34179,34226,47
stepping,34249,34226,34249,23
trotting,34273,34249,34273,24
grooming,34400,34273,34400,127
hunching,34497,34400,34497,97
rearing,34600,34497,34600,103
grooming,34807,34600,34807,207
walking,34817,34807,34817,10
sniffing,34887,34817,34887,70
grooming,34953,34887,34953,66
rearing,35023,34953,35023,70
grooming,35035,35023,35035,12
walking,35075,35035,35075,40
sniffing,35076,35075,35076,1
rising,35084,35076,35084,8
rearing,35195,35084,35195,111
grooming,35345,35195,35345,150
rising,35395,35345,35395,50
sniffing,35430,35395,35430,35
rising,35460,35430,35460,30
left_turning,35497,35460,35497,37
grooming,35895,35497,35895,398
rearing,35949,35895,35949,54
grooming,36010,35949,36010,61
rearing,36068,36010,36068,58
left_turning,36100,36068,36100,32
trotting,36114,36100,36114,14
sniffing,36150,36114,36150,36
rising,36251,36150,36251,101
grooming,36395,36251,36395,144
sniffing,36412,36395,36412,17
rising,36413,36412,36413,1
grooming,36414,36413,36414,1
climbing,36441,36414,36441,27
hunching,36442,36441,36442,1
grooming,36634,36442,36634,192
left_turning,36653,36634,36653,19
sniffing,36675,36653,36675,22
scratching,36813,36675,36813,138
grooming,36814,36813,36814,1
rearing,36815,36814,36815,1
grooming,36987,36815,36987,172
rearing,37064,36987,37064,77
grooming,37146,37064,37146,82
hunching,37166,37146,37166,20
grooming,37333,37166,37333,167
stepping,37341,37333,37341,8
grooming,37429,37341,37429,88
sniffing,37430,37429,37430,1
left_turning,37488,37430,37488,58
sniffing,37525,37488,37525,37
stepping,37576,37525,37576,51
sniffing,37625,37576,37625,49
trotting,37657,37625,37657,32
sniffing,37706,37657,37706,49
grooming,37895,37706,37895,189
sniffing,37923,37895,37923,28
stepping,37928,37923,37928,5
running,37941,37928,37941,13
rising,37964,37941,37964,23
climbing,37985,37964,37985,21
walking,38032,37985,38032,47
rearing,38101,38032,38101,69
grooming,38133,38101,38133,32
left_turning,38134,38133,38134,1
rising,38135,38134,38135,1
walking,38170,38135,38170,35
rising,38213,38170,38213,43
grooming,38214,38213,38214,1
stepping,38232,38214,38232,18
left_turning,38233,38232,38233,1
stepping,38262,38233,38262,29
walking,38289,38262,38289,27
rising,38290,38289,38290,1
sniffing,38380,38290,38380,90
walking,38391,38380,38391,11
left_turning,38424,38391,38424,33
climbing,38449,38424,38449,25
sniffing,38488,38449,38488,39
stepping,38534,38488,38534,46
walking,38561,38534,38561,27
sniffing,38686,38561,38686,125
grooming,38904,38686,38904,218
stepping,38952,38904,38952,48
rearing,39005,38952,39005,53
left_turning,39081,39005,39081,76
sniffing,39082,39081,39082,1
grooming,39083,39082,39083,1
rising,39091,39083,39091,8
climbing,39112,39091,39112,21
left_turning,39162,39112,39162,50
grooming,39270,39162,39270,108
stepping,39325,39270,39325,55
walking,39355,39325,39355,30
trotting,39402,39355,39402,47
stepping,39405,39402,39405,3
sniffing,39470,39405,39470,65
climbing,39543,39470,39543,73
grooming,39976,39543,39976,433
rising,40103,39976,40103,127
grooming,40295,40103,40295,192
scratching,40328,40295,40328,33
left_turning,40329,40328,40329,1
rearing,40342,40329,40342,13
rising,40366,40342,40366,24
climbing,40427,40366,40427,61
left_turning,40506,40427,40506,79
sniffing,40576,40506,40576,70
stepping,40594,40576,40594,18
walking,40610,40594,40610,16
stepping,40622,40610,40622,12
walking,40636,40622,40636,14
sniffing,40731,40636,40731,95
trotting,40755,40731,40755,24
rising,40793,40755,40793,38
climbing,40833,40793,40833,40
stepping,40856,40833,40856,23
sniffing,40860,40856,40860,4
stepping,40861,40860,40861,1
grooming,40959,40861,40959,98
rearing,40986,40959,40986,27
grooming,41160,40986,41160,174
stepping,41218,41160,41218,58
sniffing,41292,41218,41292,74
climbing,41326,41292,41326,34
grooming,42044,41326,42044,718
sniffing,42074,42044,42074,30
climbing,42109,42074,42109,35
walking,42111,42109,42111,2
stepping,42144,42111,42144,33
grooming,42421,42144,42421,277
rearing,42628,42421,42628,207
left_turning,42629,42628,42629,1
rearing,42646,42629,42646,17
running,42670,42646,42670,24
sniffing,42711,42670,42711,41
rearing,42748,42711,42748,37
climbing,42805,42748,42805,57
stepping,42842,42805,42842,37
rising,42877,42842,42877,35
hunching,42976,42877,42976,99
rearing,43012,42976,43012,36
grooming,43179,43012,43179,167
stepping,43199,43179,43199,20
sniffing,43256,43199,43256,57
grooming,43268,43256,43268,12
sniffing,43350,43268,43350,82
climbing,43406,43350,43406,56
stepping,43449,43406,43449,43
trotting,43479,43449,43479,30
sniffing,43519,43479,43519,40
stepping,43549,43519,43549,30
sniffing,43552,43549,43552,3
stepping,43560,43552,43560,8
grooming,43674,43560,43674,114
sniffing,43716,43674,43716,42
stepping,43819,43716,43819,103
sniffing,43862,43819,43862,43
climbing,43907,43862,43907,45
rearing,43939,43907,43939,32
climbing,43978,43939,43978,39
trotting,43984,43978,43984,6
sniffing,44003,43984,44003,19
stepping,44012,44003,44012,9
walking,44053,44012,44053,41
left_turning,44058,44053,44058,5
sniffing,44091,44058,44091,33
walking,44112,44091,44112,21
climbing,44176,44112,44176,64
left_turning,44201,44176,44201,25
walking,44244,44201,44244,43
stepping,44252,44244,44252,8
climbing,44300,44252,44300,48
grooming,44391,44300,44391,91
walking,44430,44391,44430,39
trotting,44448,44430,44448,18
sniffing,44449,44448,44449,1
left_turning,44488,44449,44488,39
walking,44530,44488,44530,42
stepping,44570,44530,44570,40
walking,44591,44570,44591,21
sniffing,44662,44591,44662,71
left_turning,44670,44662,44670,8
walking,44671,44670,44671,1
stepping,44688,44671,44688,17
sniffing,44698,44688,44698,10
walking,44737,44698,44737,39
sniffing,44772,44737,44772,35
rearing,44829,44772,44829,57
hunching,44966,44829,44966,137
grooming,44967,44966,44967,1
walking,44974,44967,44974,7
trotting,45016,44974,45016,42
sniffing,45017,45016,45017,1
rearing,45079,45017,45079,62
climbing,45140,45079,45140,61
rearing,45141,45140,45141,1
grooming,45142,45141,45142,1
sniffing,45185,45142,45185,43
stepping,45223,45185,45223,38
sniffing,45293,45223,45293,70
grooming,45525,45293,45525,232
rearing,45666,45525,45666,141
sniffing,45717,45666,45717,51
rising,45720,45717,45720,3
grooming,45721,45720,45721,1
left_turning,45731,45721,45731,10
trotting,45757,45731,45757,26
rearing,45771,45757,45771,14
hunching,45969,45771,45969,198
grooming,46259,45969,46259,290
right_turning,46274,46259,46274,15
scratching,46275,46274,46275,1
grooming,46605,46275,46605,330
rising,46625,46605,46625,20
rearing,46674,46625,46674,49
rising,46723,46674,46723,49
climbing,46743,46723,46743,20
sniffing,46752,46743,46752,9
grooming,46932,46752,46932,180
trotting,46966,46932,46966,34
rearing,46989,46966,46989,23
grooming,46990,46989,46990,1
rearing,47035,46990,47035,45
grooming,47364,47035,47364,329
running,47397,47364,47397,33
right_turning,47424,47397,47424,27
walking,47444,47424,47444,20
sniffing,47457,47444,47457,13
left_turning,47513,47457,47513,56
running,47536,47513,47536,23
walking,47563,47536,47563,27
sniffing,47632,47563,47632,69
stepping,47662,47632,47662,30
rising,47775,47662,47775,113
sniffing,47776,47775,47776,1
walking,47787,47776,47787,11
rearing,47871,47787,47871,84
climbing,47892,47871,47892,21
walking,47931,47892,47931,39
sniffing,48072,47931,48072,141
running,48087,48072,48087,15
grooming,48317,48087,48317,230
hunching,48318,48317,48318,1
grooming,48319,48318,48319,1
rearing,48327,48319,48327,8
scratching,48401,48327,48401,74
sniffing,48436,48401,48436,35
rising,48453,48436,48453,17
sniffing,48501,48453,48501,48
left_turning,48538,48501,48538,37
sniffing,48556,48538,48556,18
walking,48617,48556,48617,61
sniffing,48703,48617,48703,86
stepping,48753,48703,48753,50
climbing,48762,48753,48762,9
sniffing,48857,48762,48857,95
rising,48894,48857,48894,37
climbing,48916,48894,48916,22
rearing,48954,48916,48954,38
climbing,48986,48954,48986,32
hunching,48987,48986,48987,1
grooming,49207,48987,49207,220
rising,49243,49207,49243,36
sniffing,49260,49243,49260,17
right_turning,49273,49260,49273,13
scratching,49340,49273,49340,67
left_turning,49356,49340,49356,16
running,49394,49356,49394,38
walking,49395,49394,49395,1
sniffing,49415,49395,49415,20
stepping,49459,49415,49459,44
left_turning,49468,49459,49468,9
sniffing,49481,49468,49481,13
left_turning,49518,49481,49518,37
walking,49545,49518,49545,27
stepping,49568,49545,49568,23
sniffing,49638,49568,49638,70
grooming,49795,49638,49795,157
sniffing,49813,49795,49813,18
walking,49845,49813,49845,32
sniffing,49884,49845,49884,39
rearing,49885,49884,49885,1
stepping,49922,49885,49922,37
grooming,50382,49922,50382,460
hunching,50391,50382,50391,9
left_turning,50455,50391,50455,64
grooming,50805,50455,50805,350
climbing,50837,50805,50837,32
left_turning,50918,50837,50918,81
walking,50942,50918,50942,24
sniffing,51030,50942,51030,88
walking,51073,51030,51073,43
sniffing,51189,51073,51189,116
walking,51215,51189,51215,26
stepping,51267,51215,51267,52
rising,51334,51267,51334,67
grooming,51453,51334,51453,119
rising,51476,51453,51476,23
rearing,51519,51476,51519,43
grooming,51717,51519,51717,198
stepping,51724,51717,51724,7
sniffing,51777,51724,51777,53
right_turning,51812,51777,51812,35
walking,51825,51812,51825,13
scratching,51849,51825,51849,24
grooming,51878,51849,51878,29
right_turning,51904,51878,51904,26
stepping,51920,51904,51920,16
rising,51935,51920,51935,15
climbing,51966,51935,51966,31
left_turning,51967,51966,51967,1
rearing,51974,51967,51974,7
climbing,51987,51974,51987,13
grooming,51988,51987,51988,1
hunching,52050,51988,52050,62
stepping,52106,52050,52106,56
sniffing,52172,52106,52172,66
rising,52253,52172,52253,81
left_turning,52269,52253,52269,16
sniffing,52317,52269,52317,48
left_turning,52360,52317,52360,43
sniffing,52396,52360,52396,36
grooming,52618,52396,52618,222
rising,52624,52618,52624,6
grooming,53173,52624,53173,549
rearing,53195,53173,53195,22
walking,53210,53195,53210,15
stepping,53246,53210,53246,36
right_turning,53275,53246,53275,29
left_turning,53279,53275,53279,4
sniffing,53356,53279,53356,77
rearing,53357,53356,53357,1
walking,53369,53357,53369,12
stepping,53370,53369,53370,1
walking,53399,53370,53399,29
sniffing,53464,53399,53464,65
grooming,53484,53464,53484,20
rearing,53572,53484,53572,88
sniffing,53662,53572,53662,90
grooming,54674,53662,54674,1012
rearing,54714,54674,54714,40
grooming,54844,54714,54844,130
rearing,54923,54844,54923,79
grooming,54991,54923,54991,68
right_turning,55025,54991,55025,34
sniffing,55051,55025,55051,26
grooming,55311,55051,55311,260
hunching,55375,55311,55375,64
walking,55379,55375,55379,4
rearing,55450,55379,55450,71
climbing,55457,55450,55457,7
grooming,55822,55457,55822,365
rearing,55823,55822,55823,1
trotting,55848,55823,55848,25
rising,55849,55848,55849,1
rearing,55884,55849,55884,35
climbing,55948,55884,55948,64
left_turning,55965,55948,55965,17
walking,55972,55965,55972,7
running,56007,55972,56007,35
sniffing,56069,56007,56069,62
rising,56083,56069,56083,14
rearing,56084,56083,56084,1
climbing,56148,56084,56148,64
left_turning,56151,56148,56151,3
walking,56212,56151,56212,61
stepping,56230,56212,56230,18
grooming,56231,56230,56231,1
scratching,56657,56231,56657,426
stepping,56698,56657,56698,41
right_turning,56699,56698,56699,1
stepping,56723,56699,56723,24
walking,56760,56723,56760,37
grooming,56761,56760,56761,1
rearing,56762,56761,56762,1
left_turning,56772,56762,56772,10
grooming,56841,56772,56841,69
rearing,56862,56841,56862,21
grooming,56863,56862,56863,1
hunching,57010,56863,57010,147
grooming,57188,57010,57188,178
sniffing,57223,57188,57223,35
grooming,57351,57223,57351,128
sniffing,57373,57351,57373,22
left_turning,57374,57373,57374,1
stepping,57416,57374,57416,42
right_turning,57450,57416,57450,34
sniffing,57500,57450,57500,50
left_turning,57503,57500,57503,3
sniffing,57529,57503,57529,26
stepping,57555,57529,57555,26
walking,57589,57555,57589,34
stepping,57612,57589,57612,23
grooming,58369,57612,58369,757
climbing,58409,58369,58409,40
trotting,58417,58409,58417,8
walking,58453,58417,58453,36
sniffing,58532,58453,58532,79
grooming,58695,58532,58695,163
sniffing,58771,58695,58771,76
stepping,58853,58771,58853,82
sniffing,58854,58853,58854,1
left_turning,58855,58854,58855,1
stepping,58865,58855,58865,10
sniffing,58917,58865,58917,52
grooming,59094,58917,59094,177
rearing,59095,59094,59095,1
climbing,59124,59095,59124,29
grooming,59125,59124,59125,1
hunching,59133,59125,59133,8
sniffing,59204,59133,59204,71
trotting,59222,59204,59222,18
rising,59241,59222,59241,19
climbing,59278,59241,59278,37
rearing,59332,59278,59332,54
climbing,59356,59332,59356,24
trotting,59373,59356,59373,17
stepping,59402,59373,59402,29
sniffing,59413,59402,59413,11
trotting,59435,59413,59435,22
walking,59510,59435,59510,75
stepping,59522,59510,59522,12
grooming,60001,59522,60001,479
sniffing,60038,60001,60038,37
rising,60039,60038,60039,1
walking,60058,60039,60058,19
stepping,60117,60058,60117,59
climbing,60121,60117,60121,4
sniffing,60159,60121,60159,38
walking,60175,60159,60175,16
rising,60183,60175,60183,8
sniffing,60227,60183,60227,44
walking,60275,60227,60275,48
stepping,60335,60275,60335,60
rising,60524,60335,60524,189
climbing,60533,60524,60533,9
left_turning,60629,60533,60629,96
sniffing,60630,60629,60630,1
rising,60631,60630,60631,1
grooming,60842,60631,60842,211
stepping,60868,60842,60868,26
sniffing,60974,60868,60974,106
walking,61015,60974,61015,41
sniffing,61187,61015,61187,172
stepping,61209,61187,61209,22
climbing,61252,61209,61252,43
rearing,61253,61252,61253,1
hunching,61290,61253,61290,37
rearing,61291,61290,61291,1
climbing,61334,61291,61334,43
rearing,61400,61334,61400,66
right_turning,61416,61400,61416,16
walking,61491,61416,61491,75
left_turning,61518,61491,61518,27
running,61534,61518,61534,16
sniffing,61537,61534,61537,3
rising,61569,61537,61569,32
climbing,61639,61569,61639,70
stepping,61663,61639,61663,24
sniffing,61746,61663,61746,83
rising,61747,61746,61747,1
hunching,61756,61747,61756,9
climbing,61812,61756,61812,56
left_turning,61813,61812,61813,1
stepping,61866,61813,61866,53
sniffing,61867,61866,61867,1
right_turning,61891,61867,61891,24
running,61910,61891,61910,19
sniffing,61936,61910,61936,26
rearing,61937,61936,61937,1
stepping,61957,61937,61957,20
sniffing,61967,61957,61967,10
grooming,62078,61967,62078,111
trotting,62114,62078,62114,36
rising,62158,62114,62158,44
climbing,62199,62158,62199,41
rearing,62312,62199,62312,113
climbing,62373,62312,62373,61
rearing,62374,62373,62374,1
grooming,62547,62374,62547,173
stepping,62566,62547,62566,19
walking,62587,62566,62587,21
stepping,62634,62587,62634,47
rearing,62782,62634,62782,148
grooming,63009,62782,63009,227
sniffing,63010,63009,63010,1
stepping,63059,63010,63059,49
rearing,63184,63059,63184,125
grooming,63185,63184,63185,1
rearing,63234,63185,63234,49
grooming,63235,63234,63235,1
sniffing,63252,63235,63252,17
running,63263,63252,63263,11
sniffing,63306,63263,63306,43
rising,63348,63306,63348,42
rearing,63381,63348,63381,33
rising,63438,63381,63438,57
climbing,63567,63438,63567,129
right_turning,63594,63567,63594,27
walking,63624,63594,63624,30
sniffing,63635,63624,63635,11
grooming,63993,63635,63993,358
rising,64021,63993,64021,28
climbing,64065,64021,64065,44
left_turning,64107,64065,64107,42
grooming,64157,64107,64157,50
walking,64158,64157,64158,1
sniffing,64159,64158,64159,1
rising,64171,64159,64171,12
sniffing,64186,64171,64186,15
walking,64187,64186,64187,1
sniffing,64251,64187,64251,64
walking,64280,64251,64280,29
stepping,64315,64280,64315,35
sniffing,64357,64315,64357,42
grooming,64363,64357,64363,6
right_turning,64385,64363,64385,22
rising,64410,64385,64410,25
climbing,64460,64410,64460,50
trotting,64480,64460,64480,20
walking,64527,64480,64527,47
sniffing,64682,64527,64682,155
stepping,64705,64682,64705,23
left_turning,64740,64705,64740,35
stepping,64750,64740,64750,10
sniffing,64868,64750,64868,118
grooming,64999,64868,64999,131
sniffing,65010,64999,65010,11
grooming,65011,65010,65011,1
rearing,65057,65011,65057,46
grooming,65332,65057,65332,275
rearing,65390,65332,65390,58
rising,65424,65390,65424,34
climbing,65435,65424,65435,11
walking,65517,65435,65517,82
right_turning,65534,65517,65534,17
sniffing,65700,65534,65700,166
grooming,65712,65700,65712,12
stepping,65722,65712,65722,10
sniffing,65749,65722,65749,27
walking,65770,65749,65770,21
rising,65785,65770,65785,15
rearing,65787,65785,65787,2
walking,65847,65787,65847,60
stepping,65874,65847,65874,27
walking,65886,65874,65886,12
grooming,66451,65886,66451,565
scratching,66452,66451,66452,1
grooming,66456,66452,66456,4
rising,66495,66456,66495,39
rearing,66589,66495,66589,94
rising,66631,66589,66631,42
climbing,66686,66631,66686,55
rearing,66742,66686,66742,56
running,66768,66742,66768,26
walking,66778,66768,66778,10
sniffing,66847,66778,66847,69
grooming,66859,66847,66859,12
sniffing,66917,66859,66917,58
walking,66975,66917,66975,58
stepping,66983,66975,66983,8
right_turning,67037,66983,67037,54
running,67048,67037,67048,11
walking,67091,67048,67091,43
sniffing,67185,67091,67185,94
trotting,67186,67185,67186,1
walking,67187,67186,67187,1
left_turning,67228,67187,67228,41
sniffing,67304,67228,67304,76
stepping,67325,67304,67325,21
sniffing,67413,67325,67413,88
climbing,67477,67413,67477,64
grooming,67700,67477,67700,223
trotting,67728,67700,67728,28
sniffing,67760,67728,67760,32
walking,67761,67760,67761,1
sniffing,67784,67761,67784,23
left_turning,67808,67784,67808,24
walking,67839,67808,67839,31
climbing,67931,67839,67931,92
walking,68003,67931,68003,72
sniffing,68043,68003,68043,40
grooming,68108,68043,68108,65
rearing,68497,68108,68497,389
climbing,68544,68497,68544,47
rearing,68582,68544,68582,38
climbing,68610,68582,68610,28
rearing,68614,68610,68614,4
stepping,68657,68614,68657,43
grooming,69160,68657,69160,503
rearing,69202,69160,69202,42
rising,69207,69202,69207,5
climbing,69258,69207,69258,51
running,69272,69258,69272,14
walking,69299,69272,69299,27
right_turning,69312,69299,69312,13
sniffing,69313,69312,69313,1
grooming,69314,69313,69314,1
hunching,69331,69314,69331,17
grooming,69332,69331,69332,1
left_turning,69351,69332,69351,19
running,69381,69351,69381,30
walking,69382,69381,69382,1
sniffing,69460,69382,69460,78
rising,69477,69460,69477,17
climbing,69526,69477,69526,49
walking,69627,69526,69627,101
sniffing,69692,69627,69692,65
trotting,69725,69692,69725,33
sniffing,69843,69725,69843,118
walking,69922,69843,69922,79
stepping,69948,69922,69948,26
walking,69949,69948,69949,1
right_turning,69952,69949,69952,3
sniffing,70015,69952,70015,63
left_turning,70099,70015,70099,84
grooming,70100,70099,70100,1
left_turning,70124,70100,70124,24
sniffing,70125,70124,70125,1
rearing,70180,70125,70180,55
rising,70247,70180,70247,67
rearing,70364,70247,70364,117
hunching,70392,70364,70392,28
left_turning,70433,70392,70433,41
walking,70475,70433,70475,42
stepping,70476,70475,70476,1
sniffing,70515,70476,70515,39
stepping,70516,70515,70516,1
sniffing,70544,70516,70544,28
grooming,70809,70544,70809,265
rising,70824,70809,70824,15
climbing,70877,70824,70877,53
walking,70891,70877,70891,14
stepping,70956,70891,70956,65
walking,71023,70956,71023,67
sniffing,71059,71023,71059,36
walking,71089,71059,71089,30
sniffing,71159,71089,71159,70
grooming,71160,71159,71160,1
rearing,71161,71160,71161,1
stepping,71190,71161,71190,29
grooming,71194,71190,71194,4
sniffing,71195,71194,71195,1
left_turning,71199,71195,71199,4
trotting,71235,71199,71235,36
sniffing,71267,71235,71267,32
left_turning,71314,71267,71314,47
trotting,71359,71314,71359,45
stepping,71369,71359,71369,10
sniffing,71454,71369,71454,85
stepping,71519,71454,71519,65
right_turning,71547,71519,71547,28
sniffing,71605,71547,71605,58
left_turning,71649,71605,71649,44
walking,71710,71649,71710,61
rising,71721,71710,71721,11
climbing,71749,71721,71749,28
grooming,71859,71749,71859,110
rearing,71908,71859,71908,49
grooming,71909,71908,71909,1
walking,71941,71909,71941,32
left_turning,71974,71941,71974,33
sniffing,72021,71974,72021,47
grooming,72208,72021,72208,187
sniffing,72290,72208,72290,82
walking,72324,72290,72324,34
left_turning,72342,72324,72342,18
walking,72350,72342,72350,8
running,72368,72350,72368,18
walking,72379,72368,72379,11
sniffing,72428,72379,72428,49
rearing,72429,72428,72429,1
trotting,72453,72429,72453,24
sniffing,72454,72453,72454,1
walking,72499,72454,72499,45
sniffing,72525,72499,72525,26
stepping,72547,72525,72547,22
sniffing,72548,72547,72548,1
rearing,72718,72548,72718,170
grooming,72822,72718,72822,104
walking,72831,72822,72831,9
sniffing,72832,72831,72832,1
walking,72858,72832,72858,26
stepping,72864,72858,72864,6
running,72872,72864,72872,8
trotting,72884,72872,72884,12
sniffing,72962,72884,72962,78
rising,72968,72962,72968,6
climbing,73027,72968,73027,59
grooming,73028,73027,73028,1
sniffing,73029,73028,73029,1
stepping,73062,73029,73062,33
sniffing,73128,73062,73128,66
rising,73169,73128,73169,41
stepping,73185,73169,73185,16
climbing,73207,73185,73207,22
sniffing,73278,73207,73278,71
rising,73284,73278,73284,6
sniffing,73335,73284,73335,51
walking,73350,73335,73350,15
sniffing,73363,73350,73363,13
grooming,73427,73363,73427,64
left_turning,73454,73427,73454,27
stepping,73455,73454,73455,1
left_turning,73478,73455,73478,23
grooming,73481,73478,73481,3
sniffing,73526,73481,73526,45
walking,73558,73526,73558,32
climbing,73571,73558,73571,13
rising,73598,73571,73598,27
climbing,73604,73598,73604,6
running,73611,73604,73611,7
climbing,73616,73611,73616,5
sniffing,73669,73616,73669,53
left_turning,73678,73669,73678,9
walking,73729,73678,73729,51
sniffing,73749,73729,73749,20
walking,73817,73749,73817,68
stepping,73827,73817,73827,10
walking,73869,73827,73869,42
sniffing,73905,73869,73905,36
stepping,73935,73905,73935,30
climbing,73976,73935,73976,41
rearing,73994,73976,73994,18
grooming,74230,73994,74230,236
rearing,74266,74230,74266,36
grooming,74267,74266,74267,1
left_turning,74302,74267,74302,35
rising,74333,74302,74333,31
rearing,74382,74333,74382,49
grooming,74383,74382,74383,1
sniffing,74422,74383,74422,39
grooming,74423,74422,74423,1
sniffing,74424,74423,74424,1
climbing,74427,74424,74427,3
walking,74463,74427,74463,36
sniffing,74496,74463,74496,33
grooming,74603,74496,74603,107
rising,74620,74603,74620,17
rearing,74627,74620,74627,7
grooming,74682,74627,74682,55
rearing,75015,74682,75015,333
grooming,75016,75015,75016,1
walking,75036,75016,75036,20
sniffing,75094,75036,75094,58
trotting,75108,75094,75108,14
sniffing,75109,75108,75109,1
rising,75168,75109,75168,59
rearing,75169,75168,75169,1
climbing,75195,75169,75195,26
sniffing,75339,75195,75339,144
grooming,75345,75339,75345,6
rearing,75359,75345,75359,14
sniffing,75373,75359,75373,14
walking,75374,75373,75374,1
trotting,75392,75374,75392,18
climbing,75451,75392,75451,59
right_turning,75459,75451,75459,8
stepping,75460,75459,75460,1
walking,75474,75460,75474,14
left_turning,75480,75474,75480,6
trotting,75517,75480,75517,37
climbing,75543,75517,75543,26
trotting,75568,75543,75568,25
running,75600,75568,75600,32
rearing,75610,75600,75610,10
running,75621,75610,75621,11
sniffing,75748,75621,75748,127
grooming,76022,75748,76022,274
rearing,76201,76022,76201,179
climbing,76258,76201,76258,57
left_turning,76267,76258,76267,9
sniffing,76268,76267,76268,1
right_turning,76284,76268,76284,16
scratching,76368,76284,76368,84
grooming,76609,76368,76609,241
walking,76660,76609,76660,51
sniffing,76693,76660,76693,33
stepping,76704,76693,76704,11
walking,76725,76704,76725,21
rearing,76806,76725,76806,81
grooming,76953,76806,76953,147
rearing,76972,76953,76972,19
grooming,76973,76972,76973,1
rising,76981,76973,76981,8
scratching,76982,76981,76982,1
grooming,77051,76982,77051,69
trotting,77079,77051,77079,28
sniffing,77098,77079,77098,19
trotting,77111,77098,77111,13
walking,77130,77111,77130,19
stepping,77170,77130,77170,40
walking,77194,77170,77194,24
sniffing,77252,77194,77252,58
stepping,77291,77252,77291,39
sniffing,77376,77291,77376,85
hunching,77499,77376,77499,123
sniffing,77605,77499,77605,106
left_turning,77648,77605,77648,43
grooming,77945,77648,77945,297
walking,77946,77945,77946,1
grooming,77947,77946,77947,1
sniffing,77948,77947,77948,1
walking,77952,77948,77952,4
sniffing,77964,77952,77964,12
rising,78012,77964,78012,48
climbing,78069,78012,78069,57
trotting,78085,78069,78085,16
sniffing,78086,78085,78086,1
stepping,78134,78086,78134,48
sniffing,78166,78134,78166,32
walking,78184,78166,78184,18
sniffing,78211,78184,78211,27
left_turning,78212,78211,78212,1
stepping,78214,78212,78214,2
grooming,78228,78214,78228,14
walking,78269,78228,78269,41
sniffing,78274,78269,78274,5
grooming,78373,78274,78373,99
hunching,78418,78373,78418,45
grooming,78520,78418,78520,102
rising,78565,78520,78565,45
rearing,78586,78565,78586,21
climbing,78706,78586,78706,120
walking,78760,78706,78760,54
stepping,78787,78760,78787,27
walking,78835,78787,78835,48
sniffing,78881,78835,78881,46
stepping,78890,78881,78890,9
sniffing,78927,78890,78927,37
stepping,78970,78927,78970,43
sniffing,78980,78970,78980,10
stepping,79000,78980,79000,20
sniffing,79010,79000,79010,10
trotting,79025,79010,79025,15
right_turning,79042,79025,79042,17
stepping,79043,79042,79043,1
grooming,79489,79043,79489,446
rearing,79541,79489,79541,52
stepping,79565,79541,79565,24
sniffing,79635,79565,79635,70
walking,79677,79635,79677,42
left_turning,79741,79677,79741,64
running,79756,79741,79756,15
sniffing,79857,79756,79857,101
walking,79905,79857,79905,48
rearing,80085,79905,80085,180
rising,80127,80085,80127,42
sniffing,80163,80127,80163,36
stepping,80192,80163,80192,29
rising,80210,80192,80210,18
sniffing,80276,80210,80276,66
stepping,80297,80276,80297,21
sniffing,80332,80297,80332,35
stepping,80345,80332,80345,13
sniffing,80411,80345,80411,66
right_turning,80434,80411,80434,23
sniffing,80469,80434,80469,35
rising,80474,80469,80474,5
rearing,80537,80474,80537,63
grooming,80538,80537,80538,1
climbing,80548,80538,80548,10
right_turning,80559,80548,80559,11
walking,80583,80559,80583,24
stepping,80600,80583,80600,17
rearing,80617,80600,80617,17
walking,80670,80617,80670,53
left_turning,80671,80670,80671,1
sniffing,80681,80671,80681,10
stepping,80683,80681,80683,2
grooming,80807,80683,80807,124
rearing,80838,80807,80838,31
grooming,80839,80838,80839,1
rearing,80892,80839,80892,53
grooming,80920,80892,80920,28
left_turning,80921,80920,80921,1
walking,80931,80921,80931,10
rising,80939,80931,80939,8
climbing,80965,80939,80965,26
rearing,81015,80965,81015,50
rising,81029,81015,81029,14
rearing,81132,81029,81132,103
sniffing,81160,81132,81160,28
stepping,81198,81160,81198,38
sniffing,81270,81198,81270,72
left_turning,81322,81270,81322,52
walking,81351,81322,81351,29
trotting,81399,81351,81399,48
rising,81438,81399,81438,39
climbing,81477,81438,81477,39
walking,81522,81477,81522,45
stepping,81575,81522,81575,53
rising,81576,81575,81576,1
rearing,81642,81576,81642,66
grooming,81643,81642,81643,1
walking,81687,81643,81687,44
right_turning,81699,81687,81699,12
sniffing,81700,81699,81700,1
stepping,81712,81700,81712,12
sniffing,81740,81712,81740,28
stepping,81753,81740,81753,13
trotting,81754,81753,81754,1
stepping,81799,81754,81799,45
sniffing,81833,81799,81833,34
grooming,81834,81833,81834,1
sniffing,81884,81834,81884,50
left_turning,81911,81884,81911,27
sniffing,81972,81911,81972,61
stepping,81979,81972,81979,7
right_turning,82018,81979,82018,39
sniffing,82035,82018,82035,17
grooming,82912,82035,82912,877
stepping,82914,82912,82914,2
grooming,83084,82914,83084,170
walking,83113,83084,83113,29
trotting,83134,83113,83134,21
stepping,83147,83134,83147,13
sniffing,83162,83147,83162,15
stepping,83279,83162,83279,117
sniffing,83357,83279,83357,78
rising,83418,83357,83418,61
sniffing,83449,83418,83449,31
running,83463,83449,83463,14
sniffing,83501,83463,83501,38
rising,83531,83501,83531,30
stepping,83560,83531,83560,29
rising,83605,83560,83605,45
grooming,83615,83605,83615,10
sniffing,83672,83615,83672,57
hunching,83697,83672,83697,25
grooming,83709,83697,83709,12
sniffing,83734,83709,83734,25
stepping,83777,83734,83777,43
left_turning,83778,83777,83778,1
grooming,84440,83778,84440,662
sniffing,84469,84440,84469,29
grooming,84484,84469,84484,15
sniffing,84524,84484,84524,40
stepping,84549,84524,84549,25
sniffing,84612,84549,84612,63
grooming,84649,84612,84649,37
rearing,84700,84649,84700,51
grooming,84718,84700,84718,18
rearing,84794,84718,84794,76
climbing,84836,84794,84836,42
sniffing,84850,84836,84850,14
climbing,84873,84850,84873,23
rearing,84919,84873,84919,46
rising,84952,84919,84952,33
rearing,84973,84952,84973,21
climbing,85073,84973,85073,100
rearing,85352,85073,85352,279
grooming,85515,85352,85515,163
sniffing,85569,85515,85569,54
grooming,85685,85569,85685,116
sniffing,85696,85685,85696,11
left_turning,85701,85696,85701,5
stepping,85731,85701,85731,30
rising,85738,85731,85738,7
climbing,85766,85738,85766,28
stepping,85783,85766,85783,17
walking,85798,85783,85798,15
sniffing,86007,85798,86007,209
rising,86022,86007,86022,15
grooming,86265,86022,86265,243
rearing,86332,86265,86332,67
right_turning,86351,86332,86351,19
running,86372,86351,86372,21
right_turning,86391,86372,86391,19
stepping,86408,86391,86408,17
sniffing,86472,86408,86472,64
walking,86492,86472,86492,20
sniffing,86542,86492,86542,50
grooming,86609,86542,86609,67
sniffing,86672,86609,86672,63
stepping,86692,86672,86692,20
walking,86720,86692,86720,28
grooming,87073,86720,87073,353
left_turning,87084,87073,87084,11
rising,87289,87084,87289,205
climbing,87292,87289,87292,3
right_turning,87308,87292,87308,16
sniffing,87386,87308,87386,78
rising,87402,87386,87402,16
sniffing,87403,87402,87403,1
scratching,87477,87403,87477,74
sniffing,87554,87477,87554,77
walking,87574,87554,87574,20
right_turning,87577,87574,87577,3
walking,87654,87577,87654,77
sniffing,87752,87654,87752,98
rising,87825,87752,87825,73
stepping,87826,87825,87826,1
rearing,87890,87826,87890,64
grooming,88012,87890,88012,122
rising,88028,88012,88028,16
stepping,88051,88028,88051,23
running,88081,88051,88081,30
walking,88082,88081,88082,1
sniffing,88083,88082,88083,1
rearing,88087,88083,88087,4
sniffing,88180,88087,88180,93
walking,88207,88180,88207,27
stepping,88219,88207,88219,12
sniffing,88220,88219,88220,1
trotting,88262,88220,88262,42
sniffing,88263,88262,88263,1
left_turning,88304,88263,88304,41
trotting,88305,88304,88305,1
walking,88313,88305,88313,8
stepping,88344,88313,88344,31
walking,88370,88344,88370,26
stepping,88406,88370,88406,36
sniffing,88425,88406,88425,19
stepping,88499,88425,88499,74
sniffing,88523,88499,88523,24
right_turning,88535,88523,88535,12
sniffing,88645,88535,88645,110
grooming,88941,88645,88941,296
rearing,89058,88941,89058,117
rising,89100,89058,89100,42
sniffing,89148,89100,89148,48
pausing,89255,89148,89255,107
sniffing,89283,89255,89283,28
stepping,89289,89283,89289,6
left_turning,89290,89289,89290,1
sniffing,89295,89290,89295,5
running,89322,89295,89322,27
sniffing,89375,89322,89375,53
stepping,89382,89375,89382,7
sniffing,89447,89382,89447,65
hunching,89475,89447,89475,28
stepping,89528,89475,89528,53
climbing,89560,89528,89560,32
rearing,89837,89560,89837,277
climbing,89881,89837,89881,44
rearing,89882,89881,89882,1
sniffing,89980,89882,89980,98
grooming,90059,89980,90059,79
left_turning,90088,90059,90088,29
sniffing,90113,90088,90113,25
walking,90129,90113,90129,16
grooming,90133,90129,90133,4
rising,90142,90133,90142,9
walking,90186,90142,90186,44
sniffing,90194,90186,90194,8
rising,90228,90194,90228,34
grooming,90229,90228,90229,1
left_turning,90254,90229,90254,25
sniffing,90281,90254,90281,27
left_turning,90309,90281,90309,28
running,90349,90309,90349,40
scratching,90530,90349,90530,181
sniffing,90591,90530,90591,61
rising,90604,90591,90604,13
walking,90620,90604,90620,16
sniffing,90673,90620,90673,53
running,90718,90673,90718,45
rearing,90758,90718,90758,40
stepping,90801,90758,90801,43
sniffing,90880,90801,90880,79
trotting,90923,90880,90923,43
stepping,90999,90923,90999,76
sniffing,91064,90999,91064,65
stepping,91095,91064,91095,31
grooming,91096,91095,91096,1
rearing,91124,91096,91124,28
grooming,91125,91124,91125,1
rearing,91189,91125,91189,64
climbing,91232,91189,91232,43
rearing,91286,91232,91286,54
hunching,91332,91286,91332,46
left_turning,91360,91332,91360,28
walking,91375,91360,91375,15
sniffing,91424,91375,91424,49
rising,91433,91424,91433,9
climbing,91481,91433,91481,48
grooming,91482,91481,91482,1
stepping,91523,91482,91523,41
sniffing,91580,91523,91580,57
grooming,91581,91580,91581,1
sniffing,91612,91581,91612,31
walking,91638,91612,91638,26
stepping,91639,91638,91639,1
grooming,91640,91639,91640,1
sniffing,91716,91640,91716,76
grooming,91966,91716,91966,250
rising,92021,91966,92021,55
left_turning,92031,92021,92031,10
stepping,92041,92031,92041,10
sniffing,92042,92041,92042,1
rising,92080,92042,92080,38
rearing,92167,92080,92167,87
climbing,92225,92167,92225,58
sniffing,92271,92225,92271,46
walking,92285,92271,92285,14
sniffing,92295,92285,92295,10
grooming,92391,92295,92391,96
rising,92425,92391,92425,34
rearing,92466,92425,92466,41
climbing,92475,92466,92475,9
grooming,92476,92475,92476,1
sniffing,92477,92476,92477,1
grooming,92504,92477,92504,27
walking,92552,92504,92552,48
sniffing,92553,92552,92553,1
grooming,92674,92553,92674,121
right_turning,92683,92674,92683,9
left_turning,92732,92683,92732,49
sniffing,92736,92732,92736,4
walking,92780,92736,92780,44
stepping,92800,92780,92800,20
rising,92830,92800,92830,30
stepping,92858,92830,92858,28
walking,92866,92858,92866,8
climbing,92908,92866,92908,42
running,92933,92908,92933,25
walking,92934,92933,92934,1
rearing,93033,92934,93033,99
climbing,93034,93033,93034,1
running,93061,93034,93061,27
trotting,93100,93061,93100,39
stepping,93101,93100,93101,1
walking,93138,93101,93138,37
running,93167,93138,93167,29
stepping,93214,93167,93214,47
sniffing,93271,93214,93271,57
stepping,93282,93271,93282,11
climbing,93318,93282,93318,36
grooming,93319,93318,93319,1
hunching,93326,93319,93326,7
rearing,93370,93326,93370,44
grooming,93392,93370,93392,22
sniffing,93628,93392,93628,236
walking,93670,93628,93670,42
sniffing,93680,93670,93680,10
walking,93681,93680,93681,1
rising,93692,93681,93692,11
sniffing,93707,93692,93707,15
running,93725,93707,93725,18
stepping,93749,93725,93749,24
grooming,93897,93749,93897,148
right_turning,93898,93897,93898,1
grooming,93899,93898,93899,1
climbing,93918,93899,93918,19
rearing,93982,93918,93982,64
grooming,93983,93982,93983,1
rearing,94015,93983,94015,32
climbing,94026,94015,94026,11
right_turning,94036,94026,94036,10
walking,94046,94036,94046,10
sniffing,94047,94046,94047,1
left_turning,94053,94047,94053,6
walking,94065,94053,94065,12
sniffing,94100,94065,94100,35
right_turning,94114,94100,94114,14
stepping,94119,94114,94119,5
climbing,94133,94119,94133,14
rearing,94134,94133,94134,1
sniffing,94141,94134,94141,7
rising,94178,94141,94178,37
climbing,94203,94178,94203,25
rearing,94272,94203,94272,69
grooming,94273,94272,94273,1
climbing,94395,94273,94395,122
grooming,94439,94395,94439,44
walking,94476,94439,94476,37
rearing,94503,94476,94503,27
climbing,94532,94503,94532,29
rearing,94584,94532,94584,52
grooming,94585,94584,94585,1
climbing,94650,94585,94650,65
walking,94699,94650,94699,49
rearing,94706,94699,94706,7
climbing,94707,94706,94707,1
rearing,94811,94707,94811,104
sniffing,94871,94811,94871,60
right_turning,94894,94871,94894,23
walking,94902,94894,94902,8
sniffing,94903,94902,94903,1
stepping,94936,94903,94936,33
sniffing,94937,94936,94937,1
stepping,95002,94937,95002,65
sniffing,95025,95002,95025,23
rising,95057,95025,95057,32
stepping,95073,95057,95073,16
sniffing,95128,95073,95128,55
walking,95151,95128,95151,23
sniffing,95242,95151,95242,91
walking,95293,95242,95293,51
stepping,95318,95293,95318,25
sniffing,95362,95318,95362,44
right_turning,95381,95362,95381,19
trotting,95417,95381,95417,36
stepping,95444,95417,95444,27
grooming,95445,95444,95445,1
right_turning,95453,95445,95453,8
rearing,95489,95453,95489,36
rising,95510,95489,95510,21
stepping,95540,95510,95540,30
sniffing,95591,95540,95591,51
grooming,95630,95591,95630,39
rearing,95670,95630,95670,40
grooming,95802,95670,95802,132
rising,95828,95802,95828,26
trotting,95864,95828,95864,36
sniffing,95948,95864,95948,84
rising,95966,95948,95966,18
sniffing,95967,95966,95967,1
walking,95997,95967,95997,30
grooming,95998,95997,95998,1
climbing,96021,95998,96021,23
walking,96059,96021,96059,38
stepping,96079,96059,96079,20
rising,96101,96079,96101,22
stepping,96102,96101,96102,1
walking,96105,96102,96105,3
sniffing,96138,96105,96138,33
trotting,96160,96138,96160,22
walking,96176,96160,96176,16
stepping,96179,96176,96179,3
climbing,96233,96179,96233,54
stepping,96265,96233,96265,32
sniffing,96328,96265,96328,63
stepping,96386,96328,96386,58
rising,96435,96386,96435,49
climbing,96487,96435,96487,52
stepping,96512,96487,96512,25
sniffing,96518,96512,96518,6
rising,96543,96518,96543,25
sniffing,96588,96543,96588,45
stepping,96596,96588,96596,8
rearing,96615,96596,96615,19
climbing,96645,96615,96645,30
grooming,96646,96645,96646,1
walking,96671,96646,96671,25
sniffing,96757,96671,96757,86
stepping,96764,96757,96764,7
sniffing,96816,96764,96816,52
scratching,96944,96816,96944,128
grooming,96946,96944,96946,2
right_turning,96966,96946,96966,20
climbing,97005,96966,97005,39
rearing,97077,97005,97077,72
sniffing,97082,97077,97082,5
walking,97083,97082,97083,1
sniffing,97084,97083,97084,1
rising,97099,97084,97099,15
sniffing,97100,97099,97100,1
stepping,97115,97100,97115,15
rising,97139,97115,97139,24
sniffing,97279,97139,97279,140
walking,97280,97279,97280,1
sniffing,97335,97280,97335,55
grooming,97457,97335,97457,122
rearing,97505,97457,97505,48
left_turning,97534,97505,97534,29
sniffing,97555,97534,97555,21
left_turning,97590,97555,97590,35
sniffing,97632,97590,97632,42
left_turning,97633,97632,97633,1
rearing,97794,97633,97794,161
trotting,97800,97794,97800,6
walking,97833,97800,97833,33
climbing,97873,97833,97873,40
trotting,97921,97873,97921,48
walking,97956,97921,97956,35
grooming,97957,97956,97957,1
right_turning,98001,97957,98001,44
sniffing,98002,98001,98002,1
stepping,98054,98002,98054,52
walking,98067,98054,98067,13
stepping,98093,98067,98093,26
walking,98110,98093,98110,17
sniffing,98162,98110,98162,52
stepping,98167,98162,98167,5
left_turning,98228,98167,98228,61
rising,98250,98228,98250,22
grooming,98308,98250,98308,58
hunching,98333,98308,98333,25
walking,98385,98333,98385,52
stepping,98411,98385,98411,26
walking,98419,98411,98419,8
stepping,98430,98419,98430,11
grooming,98431,98430,98431,1
left_turning,98482,98431,98482,51
sniffing,98738,98482,98738,256
rearing,98739,98738,98739,1
grooming,98887,98739,98887,148
rearing,98939,98887,98939,52
sniffing,99008,98939,99008,69
left_turning,99048,99008,99048,40
rising,99049,99048,99049,1
rearing,99106,99049,99106,57
climbing,99132,99106,99132,26
hunching,99147,99132,99147,15
stepping,99202,99147,99202,55
right_turning,99219,99202,99219,17
sniffing,99286,99219,99286,67
rearing,99299,99286,99299,13
rising,99417,99299,99417,118
climbing,99471,99417,99471,54
running,99484,99471,99484,13
stepping,99495,99484,99495,11
sniffing,99499,99495,99499,4
stepping,99536,99499,99536,37
sniffing,99546,99536,99546,10
stepping,99577,99546,99577,31
sniffing,99650,99577,99650,73
grooming,99766,99650,99766,116
climbing,99918,99766,99918,152
walking,99951,99918,99951,33
sniffing,100087,99951,100087,136
rising,100104,100087,100104,17
sniffing,100171,100104,100171,67
walking,100207,100171,100207,36
rising,100265,100207,100265,58
climbing,100279,100265,100279,14
walking,100310,100279,100310,31
rearing,100311,100310,100311,1
climbing,100380,100311,100380,69
running,100418,100380,100418,38
walking,100468,100418,100468,50
sniffing,100487,100468,100487,19
walking,100542,100487,100542,55
stepping,100592,100542,100592,50
sniffing,100593,100592,100593,1
rising,100630,100593,100630,37
rearing,100667,100630,100667,37
grooming,100668,100667,100668,1
sniffing,100756,100668,100756,88
rearing,100812,100756,100812,56
grooming,101029,100812,101029,217
hunching,101085,101029,101085,56
rearing,101260,101085,101260,175
climbing,101286,101260,101286,26
trotting,101291,101286,101291,5
stepping,101325,101291,101325,34
grooming,101438,101325,101438,113
left_turning,101439,101438,101439,1
grooming,101542,101439,101542,103
rising,101543,101542,101543,1
walking,101601,101543,101601,58
stepping,101654,101601,101654,53
right_turning,101678,101654,101678,24
stepping,101700,101678,101700,22
grooming,101858,101700,101858,158
climbing,101923,101858,101923,65
rising,101968,101923,101968,45
stepping,101977,101968,101977,9
sniffing,102050,101977,102050,73
hunching,102099,102050,102099,49
grooming,102100,102099,102100,1
rising,102101,102100,102101,1
grooming,102231,102101,102231,130
sniffing,102287,102231,102287,56
stepping,102311,102287,102311,24
sniffing,102384,102311,102384,73
rearing,102406,102384,102406,22
grooming,102570,102406,102570,164
rearing,102595,102570,102595,25
hunching,102689,102595,102689,94
stepping,102716,102689,102716,27
sniffing,102745,102716,102745,29
rearing,102966,102745,102966,221
stepping,102978,102966,102978,12
rising,102992,102978,102992,14
climbing,103030,102992,103030,38
trotting,103047,103030,103047,17
walking,103086,103047,103086,39
grooming,103174,103086,103174,88
rearing,103239,103174,103239,65
climbing,103260,103239,103260,21
left_turning,103323,103260,103323,63
rising,103328,103323,103328,5
walking,103347,103328,103347,19
climbing,103371,103347,103371,24
running,103415,103371,103415,44
trotting,103436,103415,103436,21
sniffing,103497,103436,103497,61
walking,103543,103497,103543,46
grooming,104217,103543,104217,674
sniffing,104218,104217,104218,1
grooming,104219,104218,104219,1
hunching,104220,104219,104220,1
rearing,104222,104220,104222,2
sniffing,104264,104222,104264,42
grooming,104265,104264,104265,1
sniffing,104368,104265,104368,103
trotting,104393,104368,104393,25
sniffing,104514,104393,104514,121
stepping,104584,104514,104584,70
walking,104610,104584,104610,26
sniffing,104638,104610,104638,28
walking,104684,104638,104684,46
sniffing,104740,104684,104740,56
grooming,105357,104740,105357,617
right_turning,105371,105357,105371,14
stepping,105419,105371,105419,48
grooming,105498,105419,105498,79
left_turning,105556,105498,105556,58
walking,105596,105556,105596,40
stepping,105630,105596,105630,34
rearing,105749,105630,105749,119
grooming,105997,105749,105997,248
rearing,106033,105997,106033,36
hunching,106162,106033,106162,129
grooming,106163,106162,106163,1
rearing,106274,106163,106274,111
grooming,106304,106274,106304,30
sniffing,106323,106304,106323,19
stepping,106337,106323,106337,14
walking,106401,106337,106401,64
rearing,106484,106401,106484,83
grooming,106548,106484,106548,64
hunching,106638,106548,106638,90
grooming,106639,106638,106639,1
climbing,106653,106639,106653,14
grooming,106682,106653,106682,29
sniffing,106729,106682,106729,47
walking,106742,106729,106742,13
stepping,106793,106742,106793,51
climbing,106797,106793,106797,4
rising,106798,106797,106798,1
climbing,106834,106798,106834,36
running,106838,106834,106838,4
sniffing,106839,106838,106839,1
left_turning,106918,106839,106918,79
sniffing,107010,106918,107010,92
walking,107029,107010,107029,19
stepping,107063,107029,107063,34
sniffing,107107,107063,107107,44
walking,107111,107107,107111,4
rising,107119,107111,107119,8
climbing,107163,107119,107163,44
stepping,107212,107163,107212,49
sniffing,107247,107212,107247,35
rising,107433,107247,107433,186
rearing,107434,107433,107434,1
rising,107441,107434,107441,7
climbing,107490,107441,107490,49
rearing,107491,107490,107491,1
climbing,107536,107491,107536,45
rising,107558,107536,107558,22
rearing,107578,107558,107578,20
grooming,107595,107578,107595,17
rising,107600,107595,107600,5
climbing,107685,107600,107685,85
sniffing,107764,107685,107764,79
rising,107810,107764,107810,46
grooming,107819,107810,107819,9
hunching,107842,107819,107842,23
grooming,107843,107842,107843,1
rearing,107844,107843,107844,1
left_turning,107897,107844,107897,53
scratching,107979,107897,107979,82
grooming,107980,107979,107980,1
sniffing,107991,107980,107991,11
left_turning,108000,107991,108000,9
