revised_movement_label,segBoundary,segBoundary_start,segBoundary_end,length
grooming,55,0,55,55
sniffing,144,55,144,89
rising,222,144,222,78
climbing,259,222,259,37
sniffing,264,259,264,5
left_turning,302,264,302,38
sniffing,370,302,370,68
grooming,741,370,741,371
rearing,773,741,773,32
rising,839,773,839,66
climbing,943,839,943,104
hunching,998,943,998,55
left_turning,1024,998,1024,26
trotting,1041,1024,1041,17
sniffing,1048,1041,1048,7
rising,1086,1048,1086,38
sniffing,1088,1086,1088,2
stepping,1121,1088,1121,33
trotting,1154,1121,1154,33
stepping,1164,1154,1164,10
walking,1184,1164,1184,20
grooming,1185,1184,1185,1
walking,1204,1185,1204,19
hunching,1229,1204,1229,25
rearing,1252,1229,1252,23
stepping,1282,1252,1282,30
walking,1297,1282,1297,15
stepping,1298,1297,1298,1
walking,1325,1298,1325,27
stepping,1337,1325,1337,12
rearing,1372,1337,1372,35
grooming,1373,1372,1373,1
left_turning,1379,1373,1379,6
stepping,1429,1379,1429,50
rising,1451,1429,1451,22
left_turning,1455,1451,1455,4
sniffing,1456,1455,1456,1
rearing,1525,1456,1525,69
climbing,1569,1525,1569,44
rising,1585,1569,1585,16
left_turning,1605,1585,1605,20
rising,1903,1605,1903,298
rearing,1951,1903,1951,48
rising,1966,1951,1966,15
grooming,1967,1966,1967,1
right_turning,1983,1967,1983,16
walking,2009,1983,2009,26
sniffing,2045,2009,2045,36
rising,2120,2045,2120,75
sniffing,2176,2120,2176,56
rising,2303,2176,2303,127
grooming,2540,2303,2540,237
left_turning,2570,2540,2570,30
sniffing,2673,2570,2673,103
rising,2674,2673,2674,1
rearing,2963,2674,2963,289
rising,3013,2963,3013,50
sniffing,3042,3013,3042,29
rising,3082,3042,3082,40
walking,3120,3082,3120,38
trotting,3130,3120,3130,10
rising,3141,3130,3141,11
walking,3169,3141,3169,28
rising,3268,3169,3268,99
rearing,3370,3268,3370,102
grooming,3394,3370,3394,24
sniffing,3395,3394,3395,1
stepping,3423,3395,3423,28
walking,3475,3423,3475,52
sniffing,3581,3475,3581,106
rearing,3690,3581,3690,109
climbing,3743,3690,3743,53
walking,3793,3743,3793,50
sniffing,3794,3793,3794,1
grooming,3795,3794,3795,1
scratching,3926,3795,3926,131
grooming,4107,3926,4107,181
left_turning,4109,4107,4109,2
stepping,4155,4109,4155,46
walking,4195,4155,4195,40
sniffing,4305,4195,4305,110
walking,4308,4305,4308,3
left_turning,4312,4308,4312,4
walking,4336,4312,4336,24
grooming,4384,4336,4384,48
hunching,4451,4384,4451,67
rearing,4594,4451,4594,143
sniffing,4658,4594,4658,64
left_turning,4661,4658,4661,3
walking,4699,4661,4699,38
stepping,4713,4699,4713,14
sniffing,4728,4713,4728,15
left_turning,4769,4728,4769,41
rising,4791,4769,4791,22
rearing,4795,4791,4795,4
stepping,4819,4795,4819,24
sniffing,4824,4819,4824,5
rising,4836,4824,4836,12
stepping,4863,4836,4863,27
sniffing,4897,4863,4897,34
rising,4991,4897,4991,94
hunching,4997,4991,4997,6
grooming,5116,4997,5116,119
left_turning,5151,5116,5151,35
sniffing,5162,5151,5162,11
rising,5214,5162,5214,52
grooming,5336,5214,5336,122
rearing,5337,5336,5337,1
climbing,5397,5337,5397,60
sniffing,5438,5397,5438,41
rising,5439,5438,5439,1
left_turning,5450,5439,5450,11
trotting,5464,5450,5464,14
sniffing,5466,5464,5466,2
trotting,5495,5466,5495,29
walking,5539,5495,5539,44
sniffing,5569,5539,5569,30
walking,5570,5569,5570,1
trotting,5607,5570,5607,37
running,5626,5607,5626,19
walking,5651,5626,5651,25
sniffing,5652,5651,5652,1
stepping,5659,5652,5659,7
sniffing,5675,5659,5675,16
left_turning,5678,5675,5678,3
sniffing,5679,5678,5679,1
walking,5696,5679,5696,17
sniffing,5735,5696,5735,39
stepping,5736,5735,5736,1
sniffing,5791,5736,5791,55
rising,5802,5791,5802,11
sniffing,5839,5802,5839,37
grooming,5840,5839,5840,1
rearing,5841,5840,5841,1
sniffing,5917,5841,5917,76
right_turning,5919,5917,5919,2
walking,5956,5919,5956,37
stepping,5992,5956,5992,36
walking,6067,5992,6067,75
running,6096,6067,6096,29
walking,6127,6096,6127,31
stepping,6163,6127,6163,36
trotting,6171,6163,6171,8
walking,6193,6171,6193,22
sniffing,6209,6193,6209,16
hunching,6281,6209,6281,72
rearing,6338,6281,6338,57
grooming,6340,6338,6340,2
sniffing,6347,6340,6347,7
rising,6375,6347,6375,28
sniffing,6554,6375,6554,179
hunching,6590,6554,6590,36
rising,6652,6590,6652,62
hunching,6672,6652,6672,20
grooming,6683,6672,6683,11
walking,6719,6683,6719,36
left_turning,6720,6719,6720,1
hunching,6721,6720,6721,1
grooming,6819,6721,6819,98
sniffing,6950,6819,6950,131
walking,6952,6950,6952,2
sniffing,6953,6952,6953,1
rising,7154,6953,7154,201
climbing,7181,7154,7181,27
grooming,7242,7181,7242,61
rising,7290,7242,7290,48
sniffing,7324,7290,7324,34
stepping,7358,7324,7358,34
right_turning,7383,7358,7383,25
walking,7439,7383,7439,56
trotting,7457,7439,7457,18
rising,7534,7457,7534,77
walking,7599,7534,7599,65
running,7611,7599,7611,12
rising,7634,7611,7634,23
left_turning,7658,7634,7658,24
rising,7681,7658,7681,23
left_turning,7702,7681,7702,21
stepping,7742,7702,7742,40
rising,7828,7742,7828,86
walking,7865,7828,7865,37
sniffing,7908,7865,7908,43
left_turning,7928,7908,7928,20
sniffing,7940,7928,7940,12
rising,7952,7940,7952,12
sniffing,8036,7952,8036,84
rising,8074,8036,8074,38
sniffing,8149,8074,8149,75
left_turning,8154,8149,8154,5
walking,8187,8154,8187,33
sniffing,8213,8187,8213,26
climbing,8238,8213,8238,25
running,8269,8238,8269,31
trotting,8281,8269,8281,12
running,8311,8281,8311,30
stepping,8339,8311,8339,28
sniffing,8377,8339,8377,38
rising,8393,8377,8393,16
sniffing,8510,8393,8510,117
rising,8530,8510,8530,20
sniffing,8566,8530,8566,36
grooming,8703,8566,8703,137
stepping,8722,8703,8722,19
running,8746,8722,8746,24
hunching,8826,8746,8826,80
rearing,9271,8826,9271,445
walking,9312,9271,9312,41
grooming,9327,9312,9327,15
rising,9356,9327,9356,29
stepping,9372,9356,9372,16
sniffing,9473,9372,9473,101
stepping,9496,9473,9496,23
grooming,9521,9496,9521,25
scratching,9586,9521,9586,65
sniffing,9621,9586,9621,35
walking,9631,9621,9631,10
climbing,9664,9631,9664,33
grooming,9759,9664,9759,95
rearing,9878,9759,9878,119
grooming,9983,9878,9983,105
rising,10073,9983,10073,90
grooming,10296,10073,10296,223
rearing,10530,10296,10530,234
trotting,10538,10530,10538,8
sniffing,10582,10538,10582,44
walking,10598,10582,10598,16
stepping,10623,10598,10623,25
sniffing,10636,10623,10636,13
rising,10753,10636,10753,117
sniffing,10802,10753,10802,49
left_turning,10848,10802,10848,46
rearing,10959,10848,10959,111
climbing,10968,10959,10968,9
rearing,10976,10968,10976,8
hunching,10995,10976,10995,19
rearing,11087,10995,11087,92
running,11093,11087,11093,6
rising,11094,11093,11094,1
grooming,11442,11094,11442,348
rising,11505,11442,11505,63
grooming,11657,11505,11657,152
rearing,11658,11657,11658,1
right_turning,11671,11658,11671,13
rising,11804,11671,11804,133
grooming,11926,11804,11926,122
sniffing,11976,11926,11976,50
stepping,12013,11976,12013,37
sniffing,12027,12013,12027,14
grooming,12028,12027,12028,1
sniffing,12029,12028,12029,1
stepping,12057,12029,12057,28
trotting,12080,12057,12080,23
walking,12089,12080,12089,9
sniffing,12110,12089,12110,21
grooming,12646,12110,12646,536
rising,12665,12646,12665,19
walking,12685,12665,12685,20
sniffing,12742,12685,12742,57
trotting,12763,12742,12763,21
rising,12825,12763,12825,62
grooming,12892,12825,12892,67
sniffing,12917,12892,12917,25
stepping,12934,12917,12934,17
walking,12947,12934,12947,13
stepping,12950,12947,12950,3
rising,12959,12950,12959,9
grooming,12960,12959,12960,1
walking,12983,12960,12983,23
climbing,13033,12983,13033,50
grooming,13034,13033,13034,1
rearing,13054,13034,13054,20
grooming,13247,13054,13247,193
sniffing,13274,13247,13274,27
left_turning,13317,13274,13317,43
trotting,13328,13317,13328,11
sniffing,13497,13328,13497,169
rising,13498,13497,13498,1
sniffing,13532,13498,13532,34
grooming,14087,13532,14087,555
walking,14095,14087,14095,8
stepping,14133,14095,14133,38
hunching,14242,14133,14242,109
grooming,14243,14242,14243,1
sniffing,14277,14243,14277,34
rearing,14304,14277,14304,27
grooming,14466,14304,14466,162
scratching,14514,14466,14514,48
trotting,14531,14514,14531,17
sniffing,14638,14531,14638,107
grooming,14660,14638,14660,22
left_turning,14679,14660,14679,19
trotting,14694,14679,14694,15
walking,14752,14694,14752,58
stepping,14774,14752,14774,22
trotting,14815,14774,14815,41
stepping,14838,14815,14838,23
rising,14886,14838,14886,48
hunching,14950,14886,14950,64
grooming,14951,14950,14951,1
sniffing,15047,14951,15047,96
stepping,15075,15047,15075,28
walking,15102,15075,15102,27
rearing,15122,15102,15122,20
grooming,15123,15122,15123,1
rising,15134,15123,15134,11
left_turning,15145,15134,15145,11
sniffing,15245,15145,15245,100
walking,15291,15245,15291,46
sniffing,15351,15291,15351,60
left_turning,15376,15351,15376,25
running,15412,15376,15412,36
sniffing,15423,15412,15423,11
stepping,15428,15423,15428,5
sniffing,15455,15428,15455,27
right_turning,15456,15455,15456,1
walking,15493,15456,15493,37
stepping,15543,15493,15543,50
running,15566,15543,15566,23
walking,15577,15566,15577,11
sniffing,15607,15577,15607,30
climbing,15669,15607,15669,62
rearing,15670,15669,15670,1
grooming,15671,15670,15671,1
sniffing,15672,15671,15672,1
grooming,15844,15672,15844,172
right_turning,15845,15844,15845,1
sniffing,15846,15845,15846,1
rising,15855,15846,15855,9
grooming,15856,15855,15856,1
hunching,15953,15856,15953,97
grooming,16138,15953,16138,185
hunching,16273,16138,16273,135
rearing,16288,16273,16288,15
grooming,16427,16288,16427,139
walking,16458,16427,16458,31
stepping,16483,16458,16483,25
grooming,16637,16483,16637,154
rising,16663,16637,16663,26
grooming,16726,16663,16726,63
walking,16776,16726,16776,50
running,16804,16776,16804,28
trotting,16829,16804,16829,25
sniffing,16848,16829,16848,19
walking,16874,16848,16874,26
sniffing,16877,16874,16877,3
stepping,16912,16877,16912,35
grooming,17196,16912,17196,284
trotting,17235,17196,17235,39
grooming,17517,17235,17517,282
walking,17558,17517,17558,41
left_turning,17579,17558,17579,21
stepping,17586,17579,17586,7
trotting,17623,17586,17623,37
sniffing,17666,17623,17666,43
grooming,17717,17666,17717,51
hunching,17762,17717,17762,45
grooming,17822,17762,17822,60
rearing,17882,17822,17882,60
climbing,17941,17882,17941,59
walking,17954,17941,17954,13
rising,18030,17954,18030,76
climbing,18072,18030,18072,42
grooming,18073,18072,18073,1
walking,18089,18073,18089,16
rising,18090,18089,18090,1
sniffing,18098,18090,18098,8
stepping,18115,18098,18115,17
rising,18160,18115,18160,45
climbing,18205,18160,18205,45
sniffing,18268,18205,18268,63
stepping,18269,18268,18269,1
walking,18310,18269,18310,41
running,18330,18310,18330,20
sniffing,18335,18330,18335,5
grooming,18386,18335,18386,51
hunching,18413,18386,18413,27
grooming,18671,18413,18671,258
climbing,18693,18671,18693,22
trotting,18716,18693,18716,23
walking,18717,18716,18717,1
sniffing,18763,18717,18763,46
grooming,18764,18763,18764,1
right_turning,18779,18764,18779,15
stepping,18780,18779,18780,1
rearing,18793,18780,18793,13
trotting,18818,18793,18818,25
sniffing,18863,18818,18863,45
stepping,18873,18863,18873,10
climbing,18927,18873,18927,54
walking,18940,18927,18940,13
trotting,18971,18940,18971,31
walking,19021,18971,19021,50
sniffing,19033,19021,19033,12
walking,19064,19033,19064,31
sniffing,19096,19064,19096,32
climbing,19164,19096,19164,68
right_turning,19211,19164,19211,47
rising,19250,19211,19250,39
left_turning,19269,19250,19269,19
stepping,19285,19269,19285,16
rising,19324,19285,19324,39
left_turning,19345,19324,19345,21
walking,19346,19345,19346,1
running,19370,19346,19370,24
trotting,19397,19370,19397,27
sniffing,19437,19397,19437,40
rising,19491,19437,19491,54
walking,19542,19491,19542,51
sniffing,19584,19542,19584,42
scratching,19656,19584,19656,72
sniffing,19819,19656,19819,163
grooming,20030,19819,20030,211
rearing,20031,20030,20031,1
climbing,20066,20031,20066,35
trotting,20079,20066,20079,13
walking,20106,20079,20106,27
right_turning,20112,20106,20112,6
sniffing,20161,20112,20161,49
stepping,20200,20161,20200,39
rearing,20201,20200,20201,1
rising,20223,20201,20223,22
sniffing,20276,20223,20276,53
running,20327,20276,20327,51
rising,20338,20327,20338,11
sniffing,20342,20338,20342,4
hunching,20367,20342,20367,25
stepping,20390,20367,20390,23
grooming,20391,20390,20391,1
sniffing,20418,20391,20418,27
left_turning,20455,20418,20455,37
walking,20471,20455,20471,16
grooming,21147,20471,21147,676
sniffing,21193,21147,21193,46
grooming,21351,21193,21351,158
walking,21400,21351,21400,49
sniffing,21401,21400,21401,1
stepping,21409,21401,21409,8
sniffing,21442,21409,21442,33
stepping,21460,21442,21460,18
walking,21504,21460,21504,44
sniffing,21550,21504,21550,46
rising,21558,21550,21558,8
left_turning,21576,21558,21576,18
stepping,21598,21576,21598,22
rising,21655,21598,21655,57
sniffing,21718,21655,21718,63
grooming,21928,21718,21928,210
stepping,21954,21928,21954,26
grooming,22083,21954,22083,129
stepping,22111,22083,22111,28
sniffing,22112,22111,22112,1
grooming,22303,22112,22303,191
hunching,22304,22303,22304,1
sniffing,22350,22304,22350,46
grooming,22424,22350,22424,74
rearing,22425,22424,22425,1
grooming,22657,22425,22657,232
stepping,22699,22657,22699,42
climbing,22747,22699,22747,48
hunching,22775,22747,22775,28
rising,22839,22775,22839,64
hunching,22850,22839,22850,11
grooming,22873,22850,22873,23
rearing,22929,22873,22929,56
grooming,22984,22929,22984,55
hunching,23055,22984,23055,71
rising,23116,23055,23116,61
walking,23117,23116,23117,1
rearing,23118,23117,23118,1
hunching,23133,23118,23133,15
rearing,23296,23133,23296,163
grooming,23437,23296,23437,141
sniffing,23444,23437,23444,7
grooming,23641,23444,23641,197
scratching,23736,23641,23736,95
sniffing,23755,23736,23755,19
trotting,23773,23755,23773,18
walking,23804,23773,23804,31
sniffing,23846,23804,23846,42
rising,23847,23846,23847,1
sniffing,23886,23847,23886,39
walking,23912,23886,23912,26
sniffing,23948,23912,23948,36
hunching,23960,23948,23960,12
stepping,23970,23960,23970,10
left_turning,24011,23970,24011,41
sniffing,24050,24011,24050,39
grooming,24287,24050,24287,237
sniffing,24308,24287,24308,21
rearing,24336,24308,24336,28
climbing,24388,24336,24388,52
grooming,24389,24388,24389,1
left_turning,24390,24389,24390,1
walking,24428,24390,24428,38
grooming,24475,24428,24475,47
walking,24479,24475,24479,4
sniffing,24491,24479,24491,12
grooming,24492,24491,24492,1
right_turning,24546,24492,24546,54
walking,24586,24546,24586,40
running,24628,24586,24628,42
climbing,24680,24628,24680,52
grooming,24764,24680,24764,84
rearing,24892,24764,24892,128
grooming,24893,24892,24893,1
trotting,24903,24893,24903,10
walking,24904,24903,24904,1
sniffing,24932,24904,24932,28
grooming,24933,24932,24933,1
walking,24980,24933,24980,47
stepping,25001,24980,25001,21
rising,25030,25001,25030,29
climbing,25107,25030,25107,77
grooming,25144,25107,25144,37
left_turning,25176,25144,25176,32
rising,25248,25176,25248,72
grooming,25584,25248,25584,336
rearing,25632,25584,25632,48
walking,25673,25632,25673,41
grooming,26351,25673,26351,678
rearing,26380,26351,26380,29
walking,26411,26380,26411,31
rising,26457,26411,26457,46
sniffing,26458,26457,26458,1
right_turning,26462,26458,26462,4
walking,26478,26462,26478,16
sniffing,26540,26478,26540,62
stepping,26604,26540,26604,64
sniffing,26608,26604,26608,4
rising,26648,26608,26648,40
grooming,26808,26648,26808,160
right_turning,26836,26808,26836,28
stepping,26857,26836,26857,21
rising,26904,26857,26904,47
sniffing,26978,26904,26978,74
stepping,27017,26978,27017,39
sniffing,27057,27017,27057,40
walking,27099,27057,27099,42
left_turning,27100,27099,27100,1
walking,27109,27100,27109,9
grooming,27305,27109,27305,196
left_turning,27317,27305,27317,12
stepping,27407,27317,27407,90
walking,27421,27407,27421,14
stepping,27451,27421,27451,30
trotting,27499,27451,27499,48
rising,27502,27499,27502,3
sniffing,27564,27502,27564,62
climbing,27606,27564,27606,42
grooming,27607,27606,27607,1
climbing,27652,27607,27652,45
right_turning,27683,27652,27683,31
sniffing,27685,27683,27685,2
rising,27686,27685,27686,1
rearing,27698,27686,27698,12
grooming,27980,27698,27980,282
rearing,28034,27980,28034,54
hunching,28045,28034,28045,11
sniffing,28058,28045,28058,13
stepping,28116,28058,28116,58
sniffing,28117,28116,28117,1
stepping,28137,28117,28137,20
sniffing,28196,28137,28196,59
rearing,28255,28196,28255,59
left_turning,28269,28255,28269,14
grooming,28373,28269,28373,104
rearing,28429,28373,28429,56
walking,28460,28429,28460,31
grooming,28474,28460,28474,14
hunching,28581,28474,28581,107
rearing,28706,28581,28706,125
climbing,28721,28706,28721,15
sniffing,28795,28721,28795,74
left_turning,28799,28795,28799,4
rising,28851,28799,28851,52
climbing,28907,28851,28907,56
rearing,28908,28907,28908,1
trotting,28930,28908,28930,22
running,28939,28930,28939,9
stepping,28953,28939,28953,14
walking,29026,28953,29026,73
stepping,29060,29026,29060,34
sniffing,29105,29060,29105,45
walking,29123,29105,29123,18
sniffing,29138,29123,29138,15
stepping,29154,29138,29154,16
rearing,29182,29154,29182,28
hunching,29223,29182,29223,41
grooming,29224,29223,29224,1
left_turning,29310,29224,29310,86
walking,29332,29310,29332,22
rising,29365,29332,29365,33
grooming,29454,29365,29454,89
right_turning,29465,29454,29465,11
sniffing,29480,29465,29480,15
stepping,29522,29480,29522,42
sniffing,29627,29522,29627,105
rising,29633,29627,29633,6
climbing,29686,29633,29686,53
trotting,29692,29686,29692,6
walking,29702,29692,29702,10
sniffing,29740,29702,29740,38
left_turning,29771,29740,29771,31
walking,29800,29771,29800,29
sniffing,29821,29800,29821,21
walking,29829,29821,29829,8
stepping,29830,29829,29830,1
sniffing,29882,29830,29882,52
grooming,29950,29882,29950,68
left_turning,29951,29950,29951,1
walking,29972,29951,29972,21
stepping,29994,29972,29994,22
sniffing,30059,29994,30059,65
grooming,30060,30059,30060,1
sniffing,30061,30060,30061,1
walking,30065,30061,30065,4
sniffing,30126,30065,30126,61
walking,30164,30126,30164,38
sniffing,30192,30164,30192,28
stepping,30208,30192,30208,16
climbing,30251,30208,30251,43
trotting,30304,30251,30304,53
sniffing,30331,30304,30331,27
grooming,30366,30331,30366,35
scratching,30552,30366,30552,186
right_turning,30596,30552,30596,44
trotting,30646,30596,30646,50
stepping,30666,30646,30666,20
sniffing,30722,30666,30722,56
grooming,31203,30722,31203,481
sniffing,31281,31203,31281,78
rising,31317,31281,31317,36
stepping,31344,31317,31344,27
rearing,31354,31344,31354,10
grooming,31541,31354,31541,187
rearing,31647,31541,31647,106
grooming,31659,31647,31659,12
hunching,31725,31659,31725,66
sniffing,31726,31725,31726,1
rising,31727,31726,31727,1
climbing,31748,31727,31748,21
grooming,31749,31748,31749,1
walking,31807,31749,31807,58
sniffing,31837,31807,31837,30
stepping,31838,31837,31838,1
sniffing,31870,31838,31870,32
right_turning,31894,31870,31894,24
walking,31947,31894,31947,53
sniffing,31973,31947,31973,26
grooming,32000,31973,32000,27
running,32006,32000,32006,6
rising,32035,32006,32035,29
trotting,32071,32035,32071,36
stepping,32084,32071,32084,13
grooming,32085,32084,32085,1
left_turning,32095,32085,32095,10
sniffing,32117,32095,32117,22
walking,32123,32117,32123,6
sniffing,32124,32123,32124,1
walking,32130,32124,32130,6
rising,32174,32130,32174,44
sniffing,32206,32174,32206,32
rising,32271,32206,32271,65
grooming,32407,32271,32407,136
rising,32437,32407,32437,30
rearing,32528,32437,32528,91
grooming,32570,32528,32570,42
sniffing,32731,32570,32731,161
rising,32732,32731,32732,1
sniffing,32778,32732,32778,46
rising,32796,32778,32796,18
sniffing,33024,32796,33024,228
trotting,33058,33024,33058,34
running,33081,33058,33081,23
trotting,33105,33081,33105,24
walking,33130,33105,33130,25
sniffing,33168,33130,33168,38
rising,33234,33168,33234,66
stepping,33302,33234,33302,68
rearing,33318,33302,33318,16
running,33333,33318,33333,15
trotting,33384,33333,33384,51
sniffing,33386,33384,33386,2
rising,33419,33386,33419,33
sniffing,33432,33419,33432,13
rising,33459,33432,33459,27
hunching,33460,33459,33460,1
grooming,33479,33460,33479,19
walking,33508,33479,33508,29
sniffing,33551,33508,33551,43
rising,33552,33551,33552,1
sniffing,33553,33552,33553,1
walking,33576,33553,33576,23
stepping,33608,33576,33608,32
left_turning,33641,33608,33641,33
walking,33695,33641,33695,54
sniffing,33709,33695,33709,14
rising,33710,33709,33710,1
climbing,33762,33710,33762,52
running,33797,33762,33797,35
walking,33836,33797,33836,39
rising,33839,33836,33839,3
left_turning,33840,33839,33840,1
sniffing,33880,33840,33880,40
stepping,33949,33880,33949,69
sniffing,33955,33949,33955,6
walking,33956,33955,33956,1
sniffing,33957,33956,33957,1
grooming,33958,33957,33958,1
right_turning,33976,33958,33976,18
walking,33990,33976,33990,14
sniffing,33991,33990,33991,1
grooming,34595,33991,34595,604
rearing,34631,34595,34631,36
rising,34843,34631,34843,212
climbing,34888,34843,34888,45
left_turning,34914,34888,34914,26
walking,34972,34914,34972,58
stepping,35050,34972,35050,78
trotting,35080,35050,35080,30
sniffing,35091,35080,35091,11
grooming,35277,35091,35277,186
sniffing,35278,35277,35278,1
grooming,35279,35278,35279,1
hunching,35300,35279,35300,21
grooming,35462,35300,35462,162
rising,35481,35462,35481,19
climbing,35502,35481,35502,21
walking,35558,35502,35558,56
stepping,35588,35558,35588,30
sniffing,35649,35588,35649,61
stepping,35650,35649,35650,1
walking,35673,35650,35673,23
stepping,35685,35673,35685,12
rearing,35802,35685,35802,117
hunching,35825,35802,35825,23
grooming,36283,35825,36283,458
left_turning,36310,36283,36310,27
sniffing,36427,36310,36427,117
trotting,36469,36427,36469,42
sniffing,36522,36469,36522,53
stepping,36540,36522,36540,18
sniffing,36591,36540,36591,51
rising,36592,36591,36592,1
grooming,37786,36592,37786,1194
rising,37855,37786,37855,69
climbing,37893,37855,37893,38
rearing,37894,37893,37894,1
running,37921,37894,37921,27
sniffing,37952,37921,37952,31
rising,37975,37952,37975,23
climbing,38015,37975,38015,40
hunching,38113,38015,38113,98
rearing,38201,38113,38201,88
hunching,38229,38201,38229,28
rearing,38270,38229,38270,41
grooming,38832,38270,38832,562
walking,38909,38832,38909,77
rising,38943,38909,38943,34
sniffing,38944,38943,38944,1
grooming,39340,38944,39340,396
left_turning,39376,39340,39376,36
right_turning,39405,39376,39405,29
sniffing,39420,39405,39420,15
walking,39446,39420,39446,26
sniffing,39466,39446,39466,20
stepping,39517,39466,39517,51
sniffing,39529,39517,39529,12
stepping,39558,39529,39558,29
right_turning,39565,39558,39565,7
trotting,39583,39565,39583,18
sniffing,39612,39583,39612,29
rearing,39648,39612,39648,36
grooming,39734,39648,39734,86
sniffing,39738,39734,39738,4
right_turning,39752,39738,39752,14
stepping,39798,39752,39798,46
sniffing,39819,39798,39819,21
grooming,40170,39819,40170,351
rearing,40171,40170,40171,1
hunching,40252,40171,40252,81
grooming,40253,40252,40253,1
climbing,40302,40253,40302,49
sniffing,40328,40302,40328,26
trotting,40359,40328,40359,31
stepping,40405,40359,40405,46
right_turning,40414,40405,40414,9
sniffing,40415,40414,40415,1
grooming,40456,40415,40456,41
rising,40457,40456,40457,1
hunching,40478,40457,40478,21
rising,40489,40478,40489,11
stepping,40526,40489,40526,37
grooming,40527,40526,40527,1
rearing,40587,40527,40587,60
jumping,40655,40587,40655,68
climbing,40684,40655,40684,29
stepping,40689,40684,40689,5
sniffing,40707,40689,40707,18
grooming,40909,40707,40909,202
left_turning,40998,40909,40998,89
hunching,41118,40998,41118,120
trotting,41131,41118,41131,13
walking,41154,41131,41154,23
rising,41213,41154,41213,59
grooming,42199,41213,42199,986
climbing,42253,42199,42253,54
grooming,42266,42253,42266,13
trotting,42301,42266,42301,35
stepping,42303,42301,42303,2
sniffing,42311,42303,42311,8
walking,42340,42311,42340,29
rearing,42341,42340,42341,1
hunching,42369,42341,42369,28
left_turning,42381,42369,42381,12
walking,42389,42381,42389,8
right_turning,42390,42389,42390,1
stepping,42396,42390,42396,6
sniffing,42397,42396,42397,1
climbing,42426,42397,42426,29
sniffing,42444,42426,42444,18
stepping,42461,42444,42461,17
sniffing,42529,42461,42529,68
rising,42530,42529,42530,1
grooming,42531,42530,42531,1
stepping,42547,42531,42547,16
sniffing,42619,42547,42619,72
grooming,42620,42619,42620,1
walking,42654,42620,42654,34
sniffing,42690,42654,42690,36
left_turning,42739,42690,42739,49
sniffing,42808,42739,42808,69
grooming,42809,42808,42809,1
hunching,42810,42809,42810,1
left_turning,42820,42810,42820,10
walking,42843,42820,42843,23
sniffing,42854,42843,42854,11
rising,42942,42854,42942,88
trotting,42990,42942,42990,48
sniffing,43022,42990,43022,32
climbing,43044,43022,43044,22
grooming,43475,43044,43475,431
sniffing,43532,43475,43532,57
stepping,43557,43532,43557,25
grooming,43558,43557,43558,1
stepping,43605,43558,43605,47
walking,43648,43605,43648,43
climbing,43717,43648,43717,69
grooming,43752,43717,43752,35
rising,43753,43752,43753,1
grooming,43787,43753,43787,34
climbing,43830,43787,43830,43
rising,43856,43830,43856,26
walking,43864,43856,43864,8
grooming,43977,43864,43977,113
climbing,43982,43977,43982,5
walking,43988,43982,43988,6
sniffing,44065,43988,44065,77
walking,44070,44065,44070,5
stepping,44105,44070,44105,35
walking,44151,44105,44151,46
rearing,44152,44151,44152,1
rising,44161,44152,44161,9
grooming,44162,44161,44162,1
hunching,44196,44162,44196,34
rearing,44317,44196,44317,121
sniffing,44318,44317,44318,1
rising,44392,44318,44392,74
sniffing,44433,44392,44433,41
stepping,44442,44433,44442,9
sniffing,44480,44442,44480,38
grooming,44481,44480,44481,1
stepping,44505,44481,44505,24
sniffing,44506,44505,44506,1
stepping,44544,44506,44544,38
rearing,44638,44544,44638,94
grooming,44766,44638,44766,128
trotting,44793,44766,44793,27
sniffing,44822,44793,44822,29
rising,44862,44822,44862,40
climbing,44900,44862,44900,38
stepping,44916,44900,44916,16
grooming,45014,44916,45014,98
rising,45068,45014,45068,54
sniffing,45086,45068,45086,18
stepping,45104,45086,45104,18
rising,45139,45104,45139,35
grooming,45265,45139,45265,126
rearing,45494,45265,45494,229
left_turning,45545,45494,45545,51
scratching,45546,45545,45546,1
left_turning,45565,45546,45565,19
stepping,45566,45565,45566,1
grooming,45773,45566,45773,207
hunching,45926,45773,45926,153
rearing,45992,45926,45992,66
grooming,47031,45992,47031,1039
stepping,47072,47031,47072,41
sniffing,47141,47072,47141,69
right_turning,47161,47141,47161,20
rising,47208,47161,47208,47
grooming,47209,47208,47209,1
rearing,47211,47209,47211,2
grooming,48085,47211,48085,874
right_turning,48123,48085,48123,38
sniffing,48173,48123,48173,50
rising,48174,48173,48174,1
stepping,48222,48174,48222,48
walking,48235,48222,48235,13
sniffing,48276,48235,48276,41
stepping,48299,48276,48299,23
sniffing,48332,48299,48332,33
stepping,48356,48332,48356,24
rearing,48416,48356,48416,60
grooming,48417,48416,48417,1
hunching,48488,48417,48488,71
grooming,48824,48488,48824,336
rising,48852,48824,48852,28
sniffing,48920,48852,48920,68
rearing,48921,48920,48921,1
grooming,48922,48921,48922,1
trotting,48952,48922,48952,30
walking,49001,48952,49001,49
sniffing,49011,49001,49011,10
running,49012,49011,49012,1
stepping,49013,49012,49013,1
climbing,49065,49013,49065,52
grooming,49083,49065,49083,18
stepping,49084,49083,49084,1
sniffing,49187,49084,49187,103
walking,49235,49187,49235,48
trotting,49253,49235,49253,18
sniffing,49318,49253,49318,65
rising,49350,49318,49350,32
sniffing,49380,49350,49380,30
stepping,49382,49380,49382,2
sniffing,49439,49382,49439,57
left_turning,49441,49439,49441,2
walking,49442,49441,49442,1
stepping,49468,49442,49468,26
grooming,49513,49468,49513,45
sniffing,49514,49513,49514,1
rising,49534,49514,49534,20
left_turning,49567,49534,49567,33
sniffing,49666,49567,49666,99
rearing,49679,49666,49679,13
hunching,49722,49679,49722,43
rising,49742,49722,49742,20
climbing,49812,49742,49812,70
left_turning,49898,49812,49898,86
walking,49958,49898,49958,60
sniffing,49999,49958,49999,41
rising,50021,49999,50021,22
walking,50037,50021,50037,16
sniffing,50038,50037,50038,1
walking,50054,50038,50054,16
stepping,50060,50054,50060,6
left_turning,50112,50060,50112,52
grooming,50615,50112,50615,503
left_turning,50648,50615,50648,33
walking,50668,50648,50668,20
running,50693,50668,50693,25
rearing,50747,50693,50747,54
grooming,50769,50747,50769,22
right_turning,50784,50769,50784,15
stepping,50823,50784,50823,39
right_turning,50854,50823,50854,31
stepping,50868,50854,50868,14
sniffing,50869,50868,50869,1
right_turning,50918,50869,50918,49
climbing,51020,50918,51020,102
left_turning,51049,51020,51049,29
stepping,51057,51049,51057,8
rising,51075,51057,51075,18
walking,51099,51075,51099,24
grooming,51394,51099,51394,295
rearing,51527,51394,51527,133
grooming,51528,51527,51528,1
walking,51553,51528,51553,25
sniffing,51620,51553,51620,67
climbing,51697,51620,51697,77
right_turning,51731,51697,51731,34
walking,51732,51731,51732,1
stepping,51758,51732,51758,26
walking,51781,51758,51781,23
sniffing,51800,51781,51800,19
walking,51819,51800,51819,19
sniffing,51839,51819,51839,20
right_turning,51871,51839,51871,32
walking,51908,51871,51908,37
sniffing,51926,51908,51926,18
left_turning,51951,51926,51951,25
walking,51956,51951,51956,5
trotting,51959,51956,51959,3
climbing,51963,51959,51963,4
stepping,51989,51963,51989,26
grooming,52101,51989,52101,112
sniffing,52131,52101,52131,30
stepping,52153,52131,52153,22
sniffing,52239,52153,52239,86
grooming,52350,52239,52350,111
hunching,52351,52350,52351,1
grooming,52365,52351,52365,14
sniffing,52416,52365,52416,51
left_turning,52437,52416,52437,21
stepping,52492,52437,52492,55
rising,52571,52492,52571,79
climbing,52624,52571,52624,53
running,52666,52624,52666,42
sniffing,52667,52666,52667,1
left_turning,52767,52667,52767,100
trotting,52785,52767,52785,18
walking,52804,52785,52804,19
grooming,52805,52804,52805,1
trotting,52832,52805,52832,27
rising,52833,52832,52833,1
rearing,52920,52833,52920,87
grooming,53175,52920,53175,255
rearing,53191,53175,53191,16
jumping,53224,53191,53224,33
stepping,53269,53224,53269,45
rising,53270,53269,53270,1
walking,53299,53270,53299,29
stepping,53349,53299,53349,50
walking,53401,53349,53401,52
stepping,53452,53401,53452,51
sniffing,53567,53452,53567,115
walking,53580,53567,53580,13
sniffing,53646,53580,53646,66
rising,53647,53646,53647,1
climbing,53679,53647,53679,32
rearing,53707,53679,53707,28
left_turning,53741,53707,53741,34
walking,53786,53741,53786,45
stepping,53877,53786,53877,91
sniffing,53970,53877,53970,93
grooming,54113,53970,54113,143
rearing,54139,54113,54139,26
grooming,54140,54139,54140,1
hunching,54213,54140,54213,73
rising,54252,54213,54252,39
sniffing,54354,54252,54354,102
rearing,54368,54354,54368,14
climbing,54390,54368,54390,22
rearing,54399,54390,54399,9
climbing,54420,54399,54420,21
rising,54424,54420,54424,4
grooming,54425,54424,54425,1
climbing,54474,54425,54474,49
left_turning,54498,54474,54498,24
stepping,54503,54498,54503,5
walking,54530,54503,54530,27
stepping,54555,54530,54555,25
climbing,54627,54555,54627,72
stepping,54681,54627,54681,54
rising,54746,54681,54746,65
stepping,54776,54746,54776,30
sniffing,54783,54776,54783,7
walking,54819,54783,54819,36
trotting,54821,54819,54821,2
sniffing,54867,54821,54867,46
rising,55011,54867,55011,144
climbing,55037,55011,55037,26
left_turning,55038,55037,55038,1
grooming,55039,55038,55039,1
hunching,55098,55039,55098,59
grooming,55632,55098,55632,534
hunching,55643,55632,55643,11
rearing,55789,55643,55789,146
grooming,55790,55789,55790,1
sniffing,55800,55790,55800,10
stepping,55819,55800,55819,19
grooming,55936,55819,55936,117
sniffing,55937,55936,55937,1
walking,55972,55937,55972,35
sniffing,56033,55972,56033,61
left_turning,56034,56033,56034,1
walking,56064,56034,56064,30
running,56075,56064,56075,11
trotting,56098,56075,56098,23
sniffing,56099,56098,56099,1
stepping,56113,56099,56113,14
grooming,56308,56113,56308,195
jumping,56373,56308,56373,65
left_turning,56374,56373,56374,1
trotting,56398,56374,56398,24
rising,56439,56398,56439,41
walking,56458,56439,56458,19
sniffing,56497,56458,56497,39
walking,56507,56497,56507,10
stepping,56509,56507,56509,2
sniffing,56598,56509,56598,89
walking,56599,56598,56599,1
running,56622,56599,56622,23
stepping,56634,56622,56634,12
sniffing,56678,56634,56678,44
left_turning,56709,56678,56709,31
scratching,56732,56709,56732,23
left_turning,56766,56732,56766,34
walking,56788,56766,56788,22
sniffing,56819,56788,56819,31
rising,56822,56819,56822,3
sniffing,56909,56822,56909,87
rearing,56980,56909,56980,71
rising,56999,56980,56999,19
sniffing,57043,56999,57043,44
hunching,57127,57043,57127,84
grooming,57128,57127,57128,1
left_turning,57129,57128,57129,1
running,57149,57129,57149,20
trotting,57171,57149,57171,22
stepping,57239,57171,57239,68
sniffing,57310,57239,57310,71
stepping,57329,57310,57329,19
rearing,57330,57329,57330,1
walking,57331,57330,57331,1
climbing,57357,57331,57357,26
sniffing,57424,57357,57424,67
stepping,57482,57424,57482,58
sniffing,57483,57482,57483,1
right_turning,57497,57483,57497,14
sniffing,57551,57497,57551,54
walking,57556,57551,57556,5
rearing,57602,57556,57602,46
grooming,57620,57602,57620,18
left_turning,57634,57620,57634,14
rising,57658,57634,57658,24
rearing,57690,57658,57690,32
sniffing,57705,57690,57705,15
left_turning,57821,57705,57821,116
sniffing,57907,57821,57907,86
stepping,57944,57907,57944,37
walking,57984,57944,57984,40
stepping,57985,57984,57985,1
sniffing,58015,57985,58015,30
stepping,58018,58015,58018,3
rising,58019,58018,58019,1
climbing,58033,58019,58033,14
grooming,58122,58033,58122,89
hunching,58123,58122,58123,1
grooming,58140,58123,58140,17
sniffing,58210,58140,58210,70
rising,58244,58210,58244,34
climbing,58274,58244,58274,30
rearing,58275,58274,58275,1
climbing,58287,58275,58287,12
trotting,58316,58287,58316,29
walking,58351,58316,58351,35
sniffing,58375,58351,58375,24
right_turning,58392,58375,58392,17
sniffing,58465,58392,58465,73
grooming,58846,58465,58846,381
left_turning,58879,58846,58879,33
stepping,58919,58879,58919,40
rearing,58960,58919,58960,41
grooming,59051,58960,59051,91
walking,59052,59051,59052,1
sniffing,59053,59052,59053,1
right_turning,59074,59053,59074,21
climbing,59107,59074,59107,33
left_turning,59157,59107,59157,50
rising,59167,59157,59167,10
grooming,59260,59167,59260,93
hunching,59315,59260,59315,55
sniffing,59357,59315,59357,42
rising,59383,59357,59383,26
climbing,59443,59383,59443,60
trotting,59456,59443,59456,13
stepping,59457,59456,59457,1
sniffing,59498,59457,59498,41
walking,59509,59498,59509,11
sniffing,59531,59509,59531,22
trotting,59557,59531,59557,26
walking,59592,59557,59592,35
left_turning,59669,59592,59669,77
running,59693,59669,59693,24
sniffing,59708,59693,59708,15
stepping,59719,59708,59719,11
sniffing,59775,59719,59775,56
walking,59816,59775,59816,41
rising,59896,59816,59896,80
sniffing,59922,59896,59922,26
walking,59934,59922,59934,12
rising,59997,59934,59997,63
sniffing,60073,59997,60073,76
stepping,60079,60073,60079,6
rearing,60080,60079,60080,1
climbing,60107,60080,60107,27
rising,60150,60107,60150,43
rearing,60231,60150,60231,81
grooming,60904,60231,60904,673
sniffing,61110,60904,61110,206
scratching,61111,61110,61111,1
left_turning,61131,61111,61131,20
trotting,61142,61131,61142,11
left_turning,61143,61142,61143,1
sniffing,61232,61143,61232,89
right_turning,61262,61232,61262,30
stepping,61309,61262,61309,47
sniffing,61323,61309,61323,14
stepping,61367,61323,61367,44
rising,61431,61367,61431,64
climbing,61433,61431,61433,2
grooming,61434,61433,61434,1
rearing,61532,61434,61532,98
climbing,61560,61532,61560,28
trotting,61594,61560,61594,34
stepping,61615,61594,61615,21
rising,61668,61615,61668,53
climbing,61741,61668,61741,73
left_turning,61742,61741,61742,1
rearing,61787,61742,61787,45
grooming,62095,61787,62095,308
climbing,62167,62095,62167,72
grooming,62263,62167,62263,96
rearing,62385,62263,62385,122
grooming,62479,62385,62479,94
sniffing,62493,62479,62493,14
grooming,62599,62493,62599,106
climbing,62624,62599,62624,25
walking,62673,62624,62673,49
sniffing,62730,62673,62730,57
climbing,62734,62730,62734,4
left_turning,62756,62734,62756,22
walking,62792,62756,62792,36
sniffing,62808,62792,62808,16
right_turning,62821,62808,62821,13
stepping,62862,62821,62862,41
walking,62863,62862,62863,1
grooming,62864,62863,62864,1
walking,62921,62864,62921,57
rising,62922,62921,62922,1
left_turning,62969,62922,62969,47
walking,63037,62969,63037,68
stepping,63063,63037,63063,26
climbing,63073,63063,63073,10
stepping,63104,63073,63104,31
sniffing,63150,63104,63150,46
grooming,63274,63150,63274,124
rearing,63293,63274,63293,19
left_turning,63354,63293,63354,61
sniffing,63404,63354,63404,50
grooming,63581,63404,63581,177
rising,63616,63581,63616,35
trotting,63629,63616,63629,13
sniffing,63669,63629,63669,40
walking,63681,63669,63681,12
stepping,63696,63681,63696,15
sniffing,63776,63696,63776,80
stepping,63798,63776,63798,22
sniffing,63843,63798,63843,45
walking,63849,63843,63849,6
sniffing,63910,63849,63910,61
right_turning,63931,63910,63931,21
walking,63948,63931,63948,17
running,64002,63948,64002,54
sniffing,64042,64002,64042,40
right_turning,64062,64042,64062,20
stepping,64070,64062,64070,8
sniffing,64103,64070,64103,33
rising,64110,64103,64110,7
sniffing,64111,64110,64111,1
stepping,64170,64111,64170,59
walking,64174,64170,64174,4
trotting,64203,64174,64203,29
walking,64212,64203,64212,9
sniffing,64221,64212,64221,9
walking,64240,64221,64240,19
sniffing,64298,64240,64298,58
scratching,64467,64298,64467,169
grooming,65512,64467,65512,1045
rearing,65564,65512,65564,52
grooming,65724,65564,65724,160
walking,65772,65724,65772,48
stepping,65784,65772,65784,12
climbing,65814,65784,65814,30
sniffing,65845,65814,65845,31
climbing,65850,65845,65850,5
trotting,65866,65850,65866,16
walking,65893,65866,65893,27
sniffing,65913,65893,65913,20
right_turning,65944,65913,65944,31
rising,65964,65944,65964,20
sniffing,65980,65964,65980,16
left_turning,66065,65980,66065,85
scratching,66088,66065,66088,23
walking,66158,66088,66158,70
grooming,66197,66158,66197,39
sniffing,66215,66197,66215,18
walking,66249,66215,66249,34
sniffing,66312,66249,66312,63
trotting,66334,66312,66334,22
walking,66362,66334,66362,28
rising,66389,66362,66389,27
rearing,66401,66389,66401,12
grooming,66547,66401,66547,146
hunching,66596,66547,66596,49
rearing,66656,66596,66656,60
rising,66677,66656,66677,21
grooming,66810,66677,66810,133
left_turning,66823,66810,66823,13
walking,66849,66823,66849,26
stepping,66875,66849,66875,26
sniffing,66878,66875,66878,3
rising,66969,66878,66969,91
rearing,67033,66969,67033,64
grooming,67034,67033,67034,1
rearing,67126,67034,67126,92
rising,67141,67126,67141,15
stepping,67181,67141,67181,40
sniffing,67182,67181,67182,1
rising,67215,67182,67215,33
grooming,67415,67215,67415,200
rising,67417,67415,67417,2
rearing,67435,67417,67435,18
grooming,67560,67435,67560,125
rising,67580,67560,67580,20
left_turning,67587,67580,67587,7
rising,67596,67587,67596,9
climbing,67616,67596,67616,20
rising,67637,67616,67637,21
climbing,67661,67637,67661,24
rearing,67759,67661,67759,98
left_turning,67801,67759,67801,42
trotting,67818,67801,67818,17
sniffing,67836,67818,67836,18
stepping,67859,67836,67859,23
rearing,67861,67859,67861,2
climbing,67915,67861,67915,54
stepping,67959,67915,67959,44
grooming,68084,67959,68084,125
scratching,68141,68084,68141,57
grooming,68688,68141,68688,547
rising,68723,68688,68723,35
rearing,68742,68723,68742,19
grooming,68913,68742,68913,171
sniffing,69041,68913,69041,128
climbing,69077,69041,69077,36
running,69102,69077,69102,25
sniffing,69169,69102,69169,67
trotting,69206,69169,69206,37
rearing,69304,69206,69304,98
grooming,69320,69304,69320,16
sniffing,69333,69320,69333,13
stepping,69356,69333,69356,23
walking,69357,69356,69357,1
sniffing,69443,69357,69443,86
left_turning,69463,69443,69463,20
running,69487,69463,69487,24
stepping,69508,69487,69508,21
sniffing,69543,69508,69543,35
stepping,69575,69543,69575,32
sniffing,69627,69575,69627,52
walking,69653,69627,69653,26
rising,69703,69653,69703,50
sniffing,69849,69703,69849,146
rising,69865,69849,69865,16
climbing,69925,69865,69925,60
sniffing,69955,69925,69955,30
running,69970,69955,69970,15
stepping,69992,69970,69992,22
walking,70008,69992,70008,16
climbing,70094,70008,70094,86
grooming,70120,70094,70120,26
rearing,70179,70120,70179,59
grooming,71023,70179,71023,844
rearing,71024,71023,71024,1
walking,71058,71024,71058,34
sniffing,71149,71058,71149,91
hunching,71246,71149,71246,97
grooming,71265,71246,71265,19
left_turning,71313,71265,71313,48
walking,71325,71313,71325,12
sniffing,71402,71325,71402,77
walking,71450,71402,71450,48
stepping,71492,71450,71492,42
right_turning,71511,71492,71511,19
walking,71563,71511,71563,52
sniffing,71621,71563,71621,58
right_turning,71665,71621,71665,44
walking,71668,71665,71668,3
sniffing,71681,71668,71681,13
walking,71699,71681,71699,18
sniffing,71757,71699,71757,58
rising,71822,71757,71822,65
climbing,71874,71822,71874,52
running,71907,71874,71907,33
trotting,71947,71907,71947,40
sniffing,71952,71947,71952,5
rising,72009,71952,72009,57
walking,72051,72009,72051,42
trotting,72079,72051,72079,28
sniffing,72124,72079,72124,45
walking,72141,72124,72141,17
climbing,72179,72141,72179,38
rearing,72180,72179,72180,1
left_turning,72183,72180,72183,3
trotting,72196,72183,72196,13
walking,72234,72196,72234,38
sniffing,72284,72234,72284,50
stepping,72326,72284,72326,42
right_turning,72370,72326,72370,44
walking,72407,72370,72407,37
sniffing,72500,72407,72500,93
walking,72556,72500,72556,56
trotting,72596,72556,72596,40
stepping,72636,72596,72636,40
walking,72679,72636,72679,43
sniffing,72749,72679,72749,70
trotting,72786,72749,72786,37
walking,72816,72786,72816,30
stepping,72835,72816,72835,19
grooming,72836,72835,72836,1
climbing,72873,72836,72873,37
rising,72934,72873,72934,61
rearing,72973,72934,72973,39
hunching,72999,72973,72999,26
sniffing,73112,72999,73112,113
stepping,73146,73112,73146,34
walking,73194,73146,73194,48
sniffing,73279,73194,73279,85
rearing,73380,73279,73380,101
hunching,73496,73380,73496,116
rearing,73499,73496,73499,3
left_turning,73578,73499,73578,79
stepping,73596,73578,73596,18
walking,73597,73596,73597,1
sniffing,73606,73597,73606,9
left_turning,73621,73606,73621,15
sniffing,73622,73621,73622,1
right_turning,73632,73622,73632,10
stepping,73663,73632,73663,31
rising,73678,73663,73678,15
climbing,73719,73678,73719,41
walking,73747,73719,73747,28
stepping,73763,73747,73763,16
walking,73781,73763,73781,18
sniffing,73782,73781,73782,1
left_turning,73783,73782,73783,1
rising,73792,73783,73792,9
climbing,73824,73792,73824,32
trotting,73842,73824,73842,18
sniffing,73843,73842,73843,1
grooming,73996,73843,73996,153
rearing,74112,73996,74112,116
walking,74113,74112,74113,1
sniffing,74262,74113,74262,149
climbing,74285,74262,74285,23
sniffing,74360,74285,74360,75
walking,74417,74360,74417,57
stepping,74439,74417,74439,22
sniffing,74504,74439,74504,65
walking,74514,74504,74514,10
sniffing,74553,74514,74553,39
stepping,74577,74553,74577,24
grooming,74578,74577,74578,1
hunching,74778,74578,74778,200
sniffing,74805,74778,74805,27
grooming,74949,74805,74949,144
climbing,74970,74949,74970,21
right_turning,74998,74970,74998,28
trotting,75023,74998,75023,25
sniffing,75088,75023,75088,65
trotting,75107,75088,75107,19
walking,75111,75107,75111,4
climbing,75130,75111,75130,19
walking,75201,75130,75201,71
sniffing,75242,75201,75242,41
stepping,75267,75242,75267,25
walking,75295,75267,75295,28
sniffing,75402,75295,75402,107
walking,75411,75402,75411,9
sniffing,75475,75411,75475,64
stepping,75494,75475,75494,19
rearing,75519,75494,75519,25
left_turning,75537,75519,75537,18
sniffing,75552,75537,75552,15
walking,75585,75552,75585,33
sniffing,75621,75585,75621,36
walking,75622,75621,75622,1
trotting,75631,75622,75631,9
sniffing,75643,75631,75643,12
grooming,75701,75643,75701,58
walking,75702,75701,75702,1
sniffing,75753,75702,75753,51
rearing,75793,75753,75793,40
sniffing,75844,75793,75844,51
left_turning,75852,75844,75852,8
walking,75873,75852,75873,21
right_turning,75909,75873,75909,36
stepping,75923,75909,75923,14
sniffing,75967,75923,75967,44
stepping,76008,75967,76008,41
walking,76040,76008,76040,32
stepping,76075,76040,76075,35
rearing,76076,76075,76076,1
sniffing,76133,76076,76133,57
stepping,76182,76133,76182,49
sniffing,76183,76182,76183,1
stepping,76211,76183,76211,28
sniffing,76266,76211,76266,55
walking,76327,76266,76327,61
rising,76374,76327,76374,47
grooming,76380,76374,76380,6
rearing,76389,76380,76389,9
walking,76446,76389,76446,57
climbing,76455,76446,76455,9
grooming,76456,76455,76456,1
rearing,76479,76456,76479,23
grooming,76480,76479,76480,1
rearing,76481,76480,76481,1
sniffing,76556,76481,76556,75
stepping,76563,76556,76563,7
sniffing,76564,76563,76564,1
walking,76604,76564,76604,40
sniffing,76628,76604,76628,24
rising,76660,76628,76660,32
climbing,76700,76660,76700,40
walking,76725,76700,76725,25
sniffing,76759,76725,76759,34
rising,76771,76759,76771,12
climbing,76855,76771,76855,84
walking,76904,76855,76904,49
sniffing,76905,76904,76905,1
climbing,76935,76905,76935,30
running,76972,76935,76972,37
sniffing,77001,76972,77001,29
walking,77016,77001,77016,15
stepping,77048,77016,77048,32
walking,77072,77048,77072,24
rising,77073,77072,77073,1
sniffing,77077,77073,77077,4
rising,77108,77077,77108,31
climbing,77145,77108,77145,37
left_turning,77214,77145,77214,69
sniffing,77460,77214,77460,246
stepping,77468,77460,77468,8
rearing,77618,77468,77618,150
stepping,77690,77618,77690,72
sniffing,77721,77690,77721,31
grooming,78164,77721,78164,443
rearing,78222,78164,78222,58
rising,78254,78222,78254,32
climbing,78277,78254,78277,23
rearing,78321,78277,78321,44
rising,78362,78321,78362,41
climbing,78439,78362,78439,77
running,78454,78439,78454,15
walking,78513,78454,78513,59
rising,78540,78513,78540,27
grooming,78541,78540,78541,1
sniffing,78542,78541,78542,1
right_turning,78548,78542,78548,6
sniffing,78581,78548,78581,33
walking,78582,78581,78582,1
sniffing,78599,78582,78599,17
rising,78624,78599,78624,25
climbing,78702,78624,78702,78
sniffing,78750,78702,78750,48
grooming,78751,78750,78751,1
rearing,78829,78751,78829,78
grooming,78830,78829,78830,1
rearing,78839,78830,78839,9
grooming,78840,78839,78840,1
climbing,78917,78840,78917,77
stepping,78928,78917,78928,11
walking,78938,78928,78938,10
stepping,78949,78938,78949,11
sniffing,78977,78949,78977,28
stepping,79005,78977,79005,28
rising,79020,79005,79020,15
left_turning,79021,79020,79021,1
rearing,79059,79021,79059,38
walking,79062,79059,79062,3
sniffing,79108,79062,79108,46
rising,79134,79108,79134,26
climbing,79181,79134,79181,47
grooming,79299,79181,79299,118
rising,79320,79299,79320,21
rearing,79506,79320,79506,186
climbing,79560,79506,79560,54
walking,79577,79560,79577,17
rising,79648,79577,79648,71
sniffing,79711,79648,79711,63
walking,79726,79711,79726,15
sniffing,79759,79726,79759,33
walking,79761,79759,79761,2
trotting,79805,79761,79805,44
climbing,79819,79805,79819,14
right_turning,79852,79819,79852,33
walking,79860,79852,79860,8
trotting,79909,79860,79909,49
sniffing,79966,79909,79966,57
left_turning,80011,79966,80011,45
sniffing,80018,80011,80018,7
stepping,80028,80018,80028,10
walking,80047,80028,80047,19
sniffing,80112,80047,80112,65
grooming,80712,80112,80712,600
climbing,80765,80712,80765,53
stepping,80779,80765,80779,14
walking,80794,80779,80794,15
stepping,80808,80794,80808,14
rearing,81158,80808,81158,350
grooming,81159,81158,81159,1
hunching,81189,81159,81189,30
left_turning,81192,81189,81192,3
sniffing,81193,81192,81193,1
stepping,81219,81193,81219,26
climbing,81297,81219,81297,78
rearing,81321,81297,81321,24
grooming,81322,81321,81322,1
walking,81342,81322,81342,20
sniffing,81375,81342,81375,33
left_turning,81415,81375,81415,40
rearing,81416,81415,81416,1
hunching,81417,81416,81417,1
sniffing,81522,81417,81522,105
walking,81530,81522,81530,8
running,81556,81530,81556,26
sniffing,81580,81556,81580,24
rising,81581,81580,81581,1
sniffing,81583,81581,81583,2
rising,81597,81583,81597,14
sniffing,81730,81597,81730,133
rising,81770,81730,81770,40
rearing,81790,81770,81790,20
sniffing,81831,81790,81831,41
walking,81861,81831,81861,30
sniffing,81936,81861,81936,75
walking,81953,81936,81953,17
rising,82001,81953,82001,48
sniffing,82002,82001,82002,1
stepping,82043,82002,82043,41
sniffing,82127,82043,82127,84
rising,82129,82127,82129,2
walking,82223,82129,82223,94
sniffing,82347,82223,82347,124
scratching,82383,82347,82383,36
sniffing,82494,82383,82494,111
grooming,82804,82494,82804,310
rearing,82805,82804,82805,1
hunching,82806,82805,82806,1
rearing,82807,82806,82807,1
grooming,82808,82807,82808,1
sniffing,82849,82808,82849,41
walking,82860,82849,82860,11
stepping,82862,82860,82862,2
sniffing,82872,82862,82872,10
rearing,82915,82872,82915,43
grooming,82955,82915,82955,40
walking,82959,82955,82959,4
sniffing,83047,82959,83047,88
rising,83086,83047,83086,39
left_turning,83152,83086,83152,66
walking,83183,83152,83183,31
stepping,83197,83183,83197,14
walking,83268,83197,83268,71
stepping,83273,83268,83273,5
sniffing,83413,83273,83413,140
walking,83435,83413,83435,22
stepping,83455,83435,83455,20
sniffing,83534,83455,83534,79
walking,83535,83534,83535,1
sniffing,83567,83535,83567,32
stepping,83595,83567,83595,28
sniffing,83662,83595,83662,67
walking,83664,83662,83664,2
right_turning,83673,83664,83673,9
climbing,83739,83673,83739,66
rearing,83812,83739,83812,73
rising,83875,83812,83875,63
stepping,83944,83875,83944,69
sniffing,83998,83944,83998,54
rising,84003,83998,84003,5
climbing,84057,84003,84057,54
grooming,84058,84057,84058,1
scratching,84105,84058,84105,47
grooming,84119,84105,84119,14
scratching,84163,84119,84163,44
right_turning,84173,84163,84173,10
rising,84199,84173,84199,26
grooming,84200,84199,84200,1
sniffing,84253,84200,84253,53
grooming,84254,84253,84254,1
stepping,84257,84254,84257,3
walking,84274,84257,84274,17
left_turning,84306,84274,84306,32
climbing,84319,84306,84319,13
sniffing,84320,84319,84320,1
rising,84339,84320,84339,19
left_turning,84399,84339,84399,60
sniffing,84400,84399,84400,1
left_turning,84454,84400,84454,54
grooming,84524,84454,84524,70
sniffing,84558,84524,84558,34
grooming,85328,84558,85328,770
rearing,85329,85328,85329,1
stepping,85330,85329,85330,1
sniffing,85520,85330,85520,190
rising,85544,85520,85544,24
climbing,85653,85544,85653,109
running,85673,85653,85673,20
rearing,85705,85673,85705,32
left_turning,85743,85705,85743,38
walking,85772,85743,85772,29
stepping,85796,85772,85796,24
rising,85868,85796,85868,72
grooming,85869,85868,85869,1
climbing,85928,85869,85928,59
grooming,85933,85928,85933,5
climbing,85977,85933,85977,44
rising,85978,85977,85978,1
rearing,86031,85978,86031,53
climbing,86095,86031,86095,64
rearing,86096,86095,86096,1
sniffing,86097,86096,86097,1
rearing,86113,86097,86113,16
hunching,86120,86113,86120,7
rearing,86159,86120,86159,39
climbing,86229,86159,86229,70
grooming,86788,86229,86788,559
rearing,86863,86788,86863,75
grooming,87170,86863,87170,307
rearing,87510,87170,87510,340
climbing,87511,87510,87511,1
right_turning,87526,87511,87526,15
walking,87589,87526,87589,63
sniffing,87614,87589,87614,25
climbing,87651,87614,87651,37
running,87690,87651,87690,39
walking,87740,87690,87740,50
left_turning,87778,87740,87778,38
sniffing,87870,87778,87870,92
walking,87905,87870,87905,35
rising,87912,87905,87912,7
sniffing,87994,87912,87994,82
walking,88004,87994,88004,10
stepping,88038,88004,88038,34
trotting,88071,88038,88071,33
sniffing,88079,88071,88079,8
stepping,88112,88079,88112,33
walking,88128,88112,88128,16
sniffing,88253,88128,88253,125
hunching,88267,88253,88267,14
rearing,88334,88267,88334,67
trotting,88335,88334,88335,1
walking,88346,88335,88346,11
sniffing,88382,88346,88382,36
stepping,88403,88382,88403,21
sniffing,88493,88403,88493,90
right_turning,88504,88493,88504,11
rearing,88505,88504,88505,1
right_turning,88519,88505,88519,14
sniffing,88524,88519,88524,5
stepping,88553,88524,88553,29
sniffing,88554,88553,88554,1
rearing,88628,88554,88628,74
grooming,88771,88628,88771,143
rearing,88786,88771,88786,15
grooming,88787,88786,88787,1
trotting,88843,88787,88843,56
rearing,88891,88843,88891,48
grooming,88892,88891,88892,1
rearing,88893,88892,88893,1
stepping,88927,88893,88927,34
rising,88938,88927,88938,11
grooming,89013,88938,89013,75
rising,89029,89013,89029,16
sniffing,89030,89029,89030,1
walking,89052,89030,89052,22
stepping,89085,89052,89085,33
left_turning,89093,89085,89093,8
rising,89100,89093,89100,7
climbing,89125,89100,89125,25
walking,89168,89125,89168,43
sniffing,89253,89168,89253,85
stepping,89262,89253,89262,9
walking,89306,89262,89306,44
trotting,89335,89306,89335,29
walking,89371,89335,89371,36
trotting,89388,89371,89388,17
stepping,89422,89388,89422,34
sniffing,89523,89422,89523,101
walking,89527,89523,89527,4
left_turning,89565,89527,89565,38
rearing,89590,89565,89590,25
grooming,89692,89590,89692,102
rearing,89778,89692,89778,86
right_turning,89812,89778,89812,34
grooming,89877,89812,89877,65
rearing,89878,89877,89878,1
rising,89909,89878,89909,31
rearing,89947,89909,89947,38
climbing,89974,89947,89974,27
sniffing,89996,89974,89996,22
hunching,90123,89996,90123,127
left_turning,90152,90123,90152,29
stepping,90170,90152,90170,18
sniffing,90171,90170,90171,1
walking,90198,90171,90198,27
trotting,90237,90198,90237,39
stepping,90258,90237,90258,21
sniffing,90578,90258,90578,320
grooming,90863,90578,90863,285
climbing,90877,90863,90877,14
walking,90891,90877,90891,14
hunching,90985,90891,90985,94
climbing,91017,90985,91017,32
walking,91052,91017,91052,35
rising,91053,91052,91053,1
grooming,91179,91053,91179,126
left_turning,91212,91179,91212,33
walking,91240,91212,91240,28
sniffing,91241,91240,91241,1
scratching,91244,91241,91244,3
grooming,91443,91244,91443,199
left_turning,91470,91443,91470,27
sniffing,91500,91470,91500,30
stepping,91505,91500,91505,5
climbing,91552,91505,91552,47
walking,91553,91552,91553,1
rising,91566,91553,91566,13
rearing,91611,91566,91611,45
hunching,91663,91611,91663,52
rearing,91694,91663,91694,31
hunching,91793,91694,91793,99
rearing,91814,91793,91814,21
grooming,91940,91814,91940,126
rearing,92076,91940,92076,136
climbing,92145,92076,92145,69
grooming,92251,92145,92251,106
left_turning,92299,92251,92299,48
rearing,92324,92299,92324,25
climbing,92374,92324,92374,50
trotting,92388,92374,92388,14
walking,92466,92388,92466,78
sniffing,92509,92466,92509,43
walking,92513,92509,92513,4
rearing,92567,92513,92567,54
rising,92587,92567,92587,20
left_turning,92673,92587,92673,86
rearing,92818,92673,92818,145
rising,92819,92818,92819,1
grooming,92847,92819,92847,28
rearing,92848,92847,92848,1
rising,92849,92848,92849,1
rearing,92860,92849,92860,11
grooming,93011,92860,93011,151
rising,93012,93011,93012,1
rearing,93084,93012,93084,72
sniffing,93130,93084,93130,46
walking,93168,93130,93168,38
sniffing,93181,93168,93181,13
right_turning,93197,93181,93197,16
stepping,93200,93197,93200,3
rising,93208,93200,93208,8
grooming,93276,93208,93276,68
climbing,93313,93276,93313,37
trotting,93346,93313,93346,33
stepping,93349,93346,93349,3
sniffing,93359,93349,93359,10
trotting,93385,93359,93385,26
sniffing,93488,93385,93488,103
left_turning,93511,93488,93511,23
grooming,93675,93511,93675,164
sniffing,93676,93675,93676,1
right_turning,93685,93676,93685,9
walking,93715,93685,93715,30
sniffing,93754,93715,93754,39
trotting,93786,93754,93786,32
sniffing,93794,93786,93794,8
climbing,93823,93794,93823,29
rearing,93934,93823,93934,111
hunching,93935,93934,93935,1
left_turning,93936,93935,93936,1
trotting,93956,93936,93956,20
sniffing,93964,93956,93964,8
rising,93995,93964,93995,31
climbing,94053,93995,94053,58
walking,94092,94053,94092,39
trotting,94093,94092,94093,1
sniffing,94134,94093,94134,41
climbing,94233,94134,94233,99
rearing,94320,94233,94320,87
climbing,94355,94320,94355,35
running,94392,94355,94392,37
sniffing,94429,94392,94429,37
trotting,94459,94429,94459,30
walking,94486,94459,94486,27
jumping,94605,94486,94605,119
walking,94624,94605,94624,19
sniffing,94674,94624,94674,50
rising,94730,94674,94730,56
rearing,94801,94730,94801,71
climbing,94884,94801,94884,83
rearing,94986,94884,94986,102
hunching,95013,94986,95013,27
grooming,95123,95013,95123,110
climbing,95177,95123,95177,54
right_turning,95188,95177,95188,11
climbing,95227,95188,95227,39
grooming,95435,95227,95435,208
right_turning,95441,95435,95441,6
climbing,95506,95441,95506,65
walking,95536,95506,95536,30
stepping,95558,95536,95558,22
rising,95607,95558,95607,49
rearing,95720,95607,95720,113
climbing,95755,95720,95755,35
right_turning,95756,95755,95756,1
walking,95785,95756,95785,29
rearing,95814,95785,95814,29
grooming,95835,95814,95835,21
rearing,95886,95835,95886,51
grooming,95991,95886,95991,105
rearing,96062,95991,96062,71
grooming,96086,96062,96086,24
rearing,96142,96086,96142,56
left_turning,96196,96142,96196,54
sniffing,96243,96196,96243,47
walking,96299,96243,96299,56
rising,96306,96299,96306,7
grooming,96459,96306,96459,153
stepping,96471,96459,96471,12
grooming,96472,96471,96472,1
sniffing,96491,96472,96491,19
left_turning,96509,96491,96509,18
grooming,96782,96509,96782,273
hunching,96979,96782,96979,197
rearing,97041,96979,97041,62
sniffing,97115,97041,97115,74
trotting,97135,97115,97135,20
rearing,97149,97135,97149,14
hunching,97212,97149,97212,63
grooming,97386,97212,97386,174
rising,97410,97386,97410,24
grooming,97519,97410,97519,109
climbing,97558,97519,97558,39
rising,97594,97558,97594,36
rearing,97595,97594,97595,1
climbing,97603,97595,97603,8
sniffing,97675,97603,97675,72
stepping,97716,97675,97716,41
sniffing,97803,97716,97803,87
stepping,97804,97803,97804,1
climbing,97853,97804,97853,49
rearing,97880,97853,97880,27
climbing,97884,97880,97884,4
rearing,97946,97884,97946,62
rising,97961,97946,97961,15
climbing,97997,97961,97997,36
walking,98011,97997,98011,14
stepping,98044,98011,98044,33
climbing,98072,98044,98072,28
grooming,98073,98072,98073,1
hunching,98168,98073,98168,95
rearing,98169,98168,98169,1
rising,98183,98169,98183,14
climbing,98200,98183,98200,17
rearing,98323,98200,98323,123
climbing,98365,98323,98365,42
walking,98390,98365,98390,25
stepping,98411,98390,98411,21
walking,98464,98411,98464,53
sniffing,98488,98464,98488,24
stepping,98519,98488,98519,31
climbing,98586,98519,98586,67
stepping,98614,98586,98614,28
rising,98643,98614,98643,29
rearing,98644,98643,98644,1
climbing,98653,98644,98653,9
running,98688,98653,98688,35
sniffing,98691,98688,98691,3
grooming,99983,98691,99983,1292
walking,100001,99983,100001,18
sniffing,100100,100001,100100,99
rising,100101,100100,100101,1
sniffing,100102,100101,100102,1
walking,100119,100102,100119,17
sniffing,100184,100119,100184,65
stepping,100211,100184,100211,27
walking,100221,100211,100221,10
rising,100222,100221,100222,1
rearing,100364,100222,100364,142
left_turning,100395,100364,100395,31
rising,100488,100395,100488,93
sniffing,100518,100488,100518,30
walking,100541,100518,100541,23
stepping,100545,100541,100545,4
rising,100587,100545,100587,42
rearing,100631,100587,100631,44
climbing,100709,100631,100709,78
rearing,100789,100709,100789,80
grooming,100795,100789,100795,6
climbing,100811,100795,100811,16
right_turning,100825,100811,100825,14
stepping,100826,100825,100826,1
sniffing,100827,100826,100827,1
rising,100828,100827,100828,1
rearing,100855,100828,100855,27
grooming,100939,100855,100939,84
climbing,100959,100939,100959,20
grooming,100969,100959,100969,10
hunching,101049,100969,101049,80
rearing,101050,101049,101050,1
hunching,101100,101050,101100,50
grooming,101183,101100,101183,83
sniffing,101184,101183,101184,1
trotting,101207,101184,101207,23
walking,101259,101207,101259,52
sniffing,101346,101259,101346,87
rising,101366,101346,101366,20
rearing,101436,101366,101436,70
climbing,101437,101436,101437,1
grooming,101438,101437,101438,1
sniffing,101494,101438,101494,56
rising,101679,101494,101679,185
climbing,101690,101679,101690,11
rising,101752,101690,101752,62
grooming,101753,101752,101753,1
hunching,101775,101753,101775,22
sniffing,101832,101775,101832,57
stepping,101849,101832,101849,17
sniffing,101903,101849,101903,54
walking,101933,101903,101933,30
sniffing,101979,101933,101979,46
stepping,102014,101979,102014,35
climbing,102029,102014,102029,15
left_turning,102110,102029,102110,81
rearing,102210,102110,102210,100
grooming,102569,102210,102569,359
sniffing,102684,102569,102684,115
rearing,102699,102684,102699,15
grooming,102700,102699,102700,1
sniffing,102718,102700,102718,18
stepping,102749,102718,102749,31
right_turning,102765,102749,102765,16
walking,102787,102765,102787,22
stepping,102794,102787,102794,7
walking,102811,102794,102811,17
rising,102812,102811,102812,1
rearing,102904,102812,102904,92
grooming,103018,102904,103018,114
left_turning,103044,103018,103044,26
grooming,103140,103044,103140,96
rearing,103161,103140,103161,21
rising,103162,103161,103162,1
climbing,103206,103162,103206,44
rearing,103292,103206,103292,86
sniffing,103374,103292,103374,82
grooming,103377,103374,103377,3
sniffing,103378,103377,103378,1
rearing,103469,103378,103469,91
left_turning,103502,103469,103502,33
sniffing,103552,103502,103552,50
walking,103589,103552,103589,37
right_turning,103625,103589,103625,36
walking,103648,103625,103648,23
sniffing,103713,103648,103713,65
grooming,104116,103713,104116,403
rising,104128,104116,104128,12
rearing,104170,104128,104170,42
grooming,104171,104170,104171,1
rearing,104247,104171,104247,76
left_turning,104276,104247,104276,29
running,104309,104276,104309,33
rising,104342,104309,104342,33
grooming,104425,104342,104425,83
rearing,104466,104425,104466,41
grooming,104467,104466,104467,1
sniffing,104596,104467,104596,129
left_turning,104597,104596,104597,1
hunching,104598,104597,104598,1
left_turning,104629,104598,104629,31
stepping,104643,104629,104643,14
sniffing,104659,104643,104659,16
left_turning,104700,104659,104700,41
sniffing,104759,104700,104759,59
grooming,104886,104759,104886,127
sniffing,104965,104886,104965,79
stepping,104971,104965,104971,6
sniffing,104980,104971,104980,9
stepping,105010,104980,105010,30
walking,105064,105010,105064,54
rising,105065,105064,105065,1
sniffing,105160,105065,105160,95
walking,105197,105160,105197,37
stepping,105237,105197,105237,40
walking,105324,105237,105324,87
stepping,105362,105324,105362,38
walking,105425,105362,105425,63
sniffing,105456,105425,105456,31
rising,105504,105456,105504,48
climbing,105539,105504,105539,35
left_turning,105584,105539,105584,45
sniffing,105628,105584,105628,44
left_turning,105774,105628,105774,146
sniffing,105812,105774,105812,38
stepping,105847,105812,105847,35
sniffing,105874,105847,105874,27
trotting,105910,105874,105910,36
walking,105953,105910,105953,43
trotting,105981,105953,105981,28
stepping,106004,105981,106004,23
sniffing,106032,106004,106032,28
stepping,106062,106032,106062,30
walking,106083,106062,106083,21
rising,106177,106083,106177,94
climbing,106186,106177,106186,9
rearing,106246,106186,106246,60
grooming,106247,106246,106247,1
rearing,106299,106247,106299,52
left_turning,106371,106299,106371,72
stepping,106454,106371,106454,83
trotting,106483,106454,106483,29
running,106506,106483,106506,23
stepping,106532,106506,106532,26
rising,106540,106532,106540,8
sniffing,106742,106540,106742,202
hunching,106790,106742,106790,48
rising,106791,106790,106791,1
grooming,106792,106791,106792,1
rearing,106793,106792,106793,1
sniffing,106897,106793,106897,104
left_turning,106947,106897,106947,50
walking,106948,106947,106948,1
right_turning,106970,106948,106970,22
grooming,106971,106970,106971,1
walking,106972,106971,106972,1
sniffing,107079,106972,107079,107
rising,107137,107079,107137,58
hunching,107195,107137,107195,58
grooming,107711,107195,107711,516
left_turning,107743,107711,107743,32
walking,107752,107743,107752,9
right_turning,107781,107752,107781,29
stepping,107836,107781,107836,55
sniffing,107926,107836,107926,90
stepping,107947,107926,107947,21
sniffing,107948,107947,107948,1
rising,107949,107948,107949,1
rearing,107950,107949,107950,1
grooming,107977,107950,107977,27
rearing,108000,107977,108000,23
