revised_movement_label,segBoundary,segBoundary_start,segBoundary_end,length
grooming,7,0,7,7
rearing,8,7,8,1
grooming,54,8,54,46
rearing,55,54,55,1
left_turning,98,55,98,43
running,130,98,130,32
right_turning,165,130,165,35
trotting,186,165,186,21
walking,209,186,209,23
rising,218,209,218,9
walking,259,218,259,41
running,273,259,273,14
trotting,282,273,282,9
rising,297,282,297,15
rearing,303,297,303,6
right_turning,310,303,310,7
trotting,320,310,320,10
rising,397,320,397,77
stepping,418,397,418,21
rising,427,418,427,9
walking,510,427,510,83
stepping,516,510,516,6
rising,542,516,542,26
walking,637,542,637,95
sniffing,651,637,651,14
left_turning,679,651,679,28
grooming,680,679,680,1
sniffing,754,680,754,74
walking,769,754,769,15
sniffing,915,769,915,146
stepping,936,915,936,21
sniffing,1027,936,1027,91
walking,1060,1027,1060,33
running,1093,1060,1093,33
walking,1161,1093,1161,68
grooming,1162,1161,1162,1
left_turning,1170,1162,1170,8
stepping,1194,1170,1194,24
walking,1207,1194,1207,13
running,1239,1207,1239,32
walking,1272,1239,1272,33
sniffing,1307,1272,1307,35
rearing,1355,1307,1355,48
climbing,1382,1355,1382,27
left_turning,1426,1382,1426,44
grooming,1431,1426,1431,5
sniffing,1494,1431,1494,63
stepping,1541,1494,1541,47
walking,1542,1541,1542,1
sniffing,1555,1542,1555,13
walking,1602,1555,1602,47
trotting,1626,1602,1626,24
running,1649,1626,1649,23
walking,1681,1649,1681,32
stepping,1682,1681,1682,1
trotting,1683,1682,1683,1
sniffing,1689,1683,1689,6
stepping,1710,1689,1710,21
walking,1742,1710,1742,32
trotting,1744,1742,1744,2
walking,1792,1744,1792,48
rearing,1901,1792,1901,109
hunching,1947,1901,1947,46
rising,2008,1947,2008,61
sniffing,2016,2008,2016,8
running,2025,2016,2025,9
walking,2099,2025,2099,74
trotting,2117,2099,2117,18
walking,2177,2117,2177,60
trotting,2208,2177,2208,31
walking,2237,2208,2237,29
stepping,2247,2237,2247,10
walking,2305,2247,2305,58
rising,2360,2305,2360,55
grooming,2633,2360,2633,273
left_turning,2648,2633,2648,15
sniffing,2668,2648,2668,20
rearing,2903,2668,2903,235
grooming,2904,2903,2904,1
scratching,2951,2904,2951,47
sniffing,2972,2951,2972,21
rising,3001,2972,3001,29
left_turning,3043,3001,3043,42
running,3067,3043,3067,24
trotting,3115,3067,3115,48
sniffing,3129,3115,3129,14
hunching,3130,3129,3130,1
grooming,3201,3130,3201,71
left_turning,3217,3201,3217,16
right_turning,3232,3217,3232,15
walking,3289,3232,3289,57
sniffing,3316,3289,3316,27
rising,3317,3316,3317,1
stepping,3341,3317,3341,24
walking,3394,3341,3394,53
trotting,3421,3394,3421,27
running,3443,3421,3443,22
stepping,3473,3443,3473,30
rearing,3611,3473,3611,138
rising,3633,3611,3633,22
left_turning,3701,3633,3701,68
sniffing,3742,3701,3742,41
left_turning,3764,3742,3764,22
sniffing,3765,3764,3765,1
stepping,3791,3765,3791,26
walking,3853,3791,3853,62
sniffing,3869,3853,3869,16
trotting,3881,3869,3881,12
walking,3898,3881,3898,17
stepping,3921,3898,3921,23
rising,3956,3921,3956,35
walking,3959,3956,3959,3
sniffing,3961,3959,3961,2
rising,3962,3961,3962,1
left_turning,3965,3962,3965,3
trotting,3976,3965,3976,11
walking,4001,3976,4001,25
trotting,4011,4001,4011,10
walking,4052,4011,4052,41
sniffing,4144,4052,4144,92
grooming,4153,4144,4153,9
scratching,4171,4153,4171,18
sniffing,4177,4171,4177,6
stepping,4237,4177,4237,60
sniffing,4247,4237,4247,10
stepping,4251,4247,4251,4
left_turning,4252,4251,4252,1
trotting,4263,4252,4263,11
stepping,4311,4263,4311,48
rising,4312,4311,4312,1
rearing,4359,4312,4359,47
trotting,4387,4359,4387,28
stepping,4423,4387,4423,36
sniffing,4437,4423,4437,14
rearing,4654,4437,4654,217
rising,4843,4654,4843,189
sniffing,4922,4843,4922,79
grooming,4981,4922,4981,59
rearing,5011,4981,5011,30
sniffing,5058,5011,5058,47
left_turning,5079,5058,5079,21
rising,5175,5079,5175,96
rearing,5244,5175,5244,69
rising,5295,5244,5295,51
sniffing,5334,5295,5334,39
rising,5335,5334,5335,1
rearing,5348,5335,5348,13
rising,5349,5348,5349,1
left_turning,5350,5349,5350,1
trotting,5367,5350,5367,17
sniffing,5396,5367,5396,29
right_turning,5417,5396,5417,21
sniffing,5484,5417,5484,67
walking,5526,5484,5526,42
running,5593,5526,5593,67
trotting,5635,5593,5635,42
sniffing,5723,5635,5723,88
walking,5730,5723,5730,7
sniffing,5814,5730,5814,84
walking,5834,5814,5834,20
sniffing,5886,5834,5886,52
walking,5942,5886,5942,56
rising,6008,5942,6008,66
grooming,6102,6008,6102,94
trotting,6133,6102,6133,31
rising,6203,6133,6203,70
sniffing,6217,6203,6217,14
walking,6245,6217,6245,28
sniffing,6287,6245,6287,42
walking,6320,6287,6320,33
sniffing,6389,6320,6389,69
walking,6397,6389,6397,8
stepping,6417,6397,6417,20
rising,6465,6417,6465,48
sniffing,6482,6465,6482,17
walking,6537,6482,6537,55
rising,6546,6537,6546,9
sniffing,6592,6546,6592,46
rising,6622,6592,6622,30
stepping,6661,6622,6661,39
sniffing,6671,6661,6671,10
walking,6695,6671,6695,24
trotting,6727,6695,6727,32
rising,6790,6727,6790,63
sniffing,6838,6790,6838,48
hunching,6930,6838,6930,92
stepping,6973,6930,6973,43
rising,7162,6973,7162,189
sniffing,7165,7162,7165,3
walking,7199,7165,7199,34
stepping,7205,7199,7205,6
sniffing,7308,7205,7308,103
walking,7333,7308,7333,25
stepping,7343,7333,7343,10
rising,7354,7343,7354,11
grooming,7596,7354,7596,242
running,7610,7596,7610,14
trotting,7626,7610,7626,16
walking,7683,7626,7683,57
running,7706,7683,7706,23
walking,7737,7706,7737,31
sniffing,7779,7737,7779,42
stepping,7809,7779,7809,30
walking,7822,7809,7822,13
rising,7823,7822,7823,1
left_turning,7836,7823,7836,13
sniffing,7883,7836,7883,47
stepping,7937,7883,7937,54
rearing,7938,7937,7938,1
grooming,8089,7938,8089,151
climbing,8148,8089,8148,59
grooming,8245,8148,8245,97
left_turning,8291,8245,8291,46
walking,8348,8291,8348,57
sniffing,8400,8348,8400,52
grooming,8575,8400,8575,175
left_turning,8586,8575,8586,11
grooming,8643,8586,8643,57
left_turning,8658,8643,8658,15
stepping,8695,8658,8695,37
rising,8719,8695,8719,24
left_turning,8764,8719,8764,45
sniffing,8917,8764,8917,153
scratching,8953,8917,8953,36
grooming,8954,8953,8954,1
sniffing,8975,8954,8975,21
stepping,8993,8975,8993,18
grooming,9000,8993,9000,7
running,9031,9000,9031,31
stepping,9084,9031,9084,53
walking,9085,9084,9085,1
trotting,9106,9085,9106,21
running,9139,9106,9139,33
walking,9167,9139,9167,28
rearing,9254,9167,9254,87
rising,9287,9254,9287,33
climbing,9355,9287,9355,68
right_turning,9366,9355,9366,11
stepping,9396,9366,9396,30
rising,9448,9396,9448,52
grooming,9449,9448,9449,1
rearing,9471,9449,9471,22
hunching,9472,9471,9472,1
grooming,9473,9472,9473,1
sniffing,9480,9473,9480,7
running,9507,9480,9507,27
right_turning,9547,9507,9547,40
stepping,9570,9547,9570,23
sniffing,9671,9570,9671,101
rising,9784,9671,9784,113
sniffing,9996,9784,9996,212
hunching,9997,9996,9997,1
grooming,10066,9997,10066,69
scratching,10067,10066,10067,1
grooming,10491,10067,10491,424
sniffing,10493,10491,10493,2
rearing,10494,10493,10494,1
grooming,10495,10494,10495,1
scratching,10553,10495,10553,58
sniffing,10556,10553,10556,3
left_turning,10557,10556,10557,1
rising,10604,10557,10604,47
grooming,10723,10604,10723,119
walking,10752,10723,10752,29
rearing,10753,10752,10753,1
climbing,10807,10753,10807,54
grooming,10819,10807,10819,12
sniffing,10829,10819,10829,10
rising,10879,10829,10879,50
sniffing,10900,10879,10900,21
rising,10973,10900,10973,73
rearing,10986,10973,10986,13
grooming,10987,10986,10987,1
sniffing,11085,10987,11085,98
grooming,11306,11085,11306,221
hunching,11388,11306,11388,82
rearing,11592,11388,11592,204
hunching,11658,11592,11658,66
grooming,11932,11658,11932,274
rising,11954,11932,11954,22
right_turning,12017,11954,12017,63
trotting,12054,12017,12054,37
running,12076,12054,12076,22
trotting,12091,12076,12091,15
sniffing,12193,12091,12193,102
walking,12211,12193,12211,18
rising,12270,12211,12270,59
rearing,12404,12270,12404,134
hunching,12472,12404,12472,68
rearing,12514,12472,12514,42
grooming,12515,12514,12515,1
sniffing,12564,12515,12564,49
stepping,12578,12564,12578,14
walking,12585,12578,12585,7
stepping,12596,12585,12596,11
sniffing,12695,12596,12695,99
left_turning,12734,12695,12734,39
walking,12735,12734,12735,1
sniffing,12762,12735,12762,27
rising,12804,12762,12804,42
climbing,12861,12804,12861,57
scratching,12875,12861,12875,14
grooming,12907,12875,12907,32
rearing,12989,12907,12989,82
rising,12990,12989,12990,1
rearing,13234,12990,13234,244
climbing,13286,13234,13286,52
rearing,13388,13286,13388,102
sniffing,13446,13388,13446,58
rising,13458,13446,13458,12
grooming,13459,13458,13459,1
rearing,13460,13459,13460,1
hunching,13537,13460,13537,77
grooming,13687,13537,13687,150
hunching,13764,13687,13764,77
climbing,13794,13764,13794,30
grooming,13931,13794,13931,137
rising,13932,13931,13932,1
grooming,13933,13932,13933,1
walking,13947,13933,13947,14
left_turning,13966,13947,13966,19
walking,13975,13966,13975,9
left_turning,13995,13975,13995,20
stepping,14033,13995,14033,38
grooming,14034,14033,14034,1
left_turning,14078,14034,14078,44
running,14095,14078,14095,17
left_turning,14152,14095,14152,57
trotting,14173,14152,14173,21
rising,14340,14173,14340,167
left_turning,14389,14340,14389,49
trotting,14410,14389,14410,21
rising,14460,14410,14460,50
rearing,14609,14460,14609,149
stepping,14678,14609,14678,69
walking,14681,14678,14681,3
rising,14691,14681,14691,10
climbing,14733,14691,14733,42
grooming,15339,14733,15339,606
rearing,15340,15339,15340,1
grooming,15656,15340,15656,316
walking,15691,15656,15691,35
stepping,15749,15691,15749,58
rising,15750,15749,15750,1
walking,15754,15750,15754,4
rising,15755,15754,15755,1
grooming,15852,15755,15852,97
stepping,15888,15852,15888,36
sniffing,15937,15888,15937,49
rearing,16003,15937,16003,66
grooming,16189,16003,16189,186
sniffing,16246,16189,16246,57
walking,16262,16246,16262,16
stepping,16320,16262,16320,58
walking,16330,16320,16330,10
stepping,16355,16330,16355,25
grooming,17288,16355,17288,933
hunching,17369,17288,17369,81
rearing,17438,17369,17438,69
hunching,17439,17438,17439,1
rearing,17491,17439,17491,52
hunching,17492,17491,17492,1
right_turning,17526,17492,17526,34
climbing,17573,17526,17573,47
grooming,17939,17573,17939,366
sniffing,17958,17939,17958,19
grooming,17966,17958,17966,8
climbing,18015,17966,18015,49
rearing,18016,18015,18016,1
grooming,18017,18016,18017,1
rearing,18075,18017,18075,58
hunching,18149,18075,18149,74
grooming,18822,18149,18822,673
sniffing,18841,18822,18841,19
grooming,18863,18841,18863,22
walking,18893,18863,18893,30
sniffing,18918,18893,18918,25
grooming,19065,18918,19065,147
hunching,19163,19065,19163,98
rising,19164,19163,19164,1
grooming,19309,19164,19309,145
hunching,19326,19309,19326,17
grooming,19440,19326,19440,114
sniffing,19505,19440,19505,65
stepping,19547,19505,19547,42
walking,19612,19547,19612,65
rising,19638,19612,19638,26
sniffing,19639,19638,19639,1
rising,19672,19639,19672,33
stepping,19694,19672,19694,22
sniffing,19735,19694,19735,41
climbing,19742,19735,19742,7
stepping,19753,19742,19753,11
walking,19754,19753,19754,1
sniffing,19815,19754,19815,61
trotting,19847,19815,19847,32
walking,19873,19847,19873,26
rising,19907,19873,19907,34
stepping,19965,19907,19965,58
left_turning,19999,19965,19999,34
sniffing,20047,19999,20047,48
stepping,20061,20047,20061,14
rising,20078,20061,20078,17
left_turning,20115,20078,20115,37
grooming,20116,20115,20116,1
sniffing,20168,20116,20168,52
grooming,21351,20168,21351,1183
left_turning,21486,21351,21486,135
walking,21494,21486,21494,8
left_turning,21516,21494,21516,22
grooming,21521,21516,21521,5
climbing,21595,21521,21595,74
sniffing,21596,21595,21596,1
rising,21608,21596,21608,12
right_turning,21640,21608,21640,32
running,21652,21640,21652,12
walking,21660,21652,21660,8
sniffing,21751,21660,21751,91
grooming,21866,21751,21866,115
rearing,21946,21866,21946,80
grooming,21982,21946,21982,36
sniffing,22023,21982,22023,41
grooming,22156,22023,22156,133
left_turning,22202,22156,22202,46
walking,22233,22202,22233,31
sniffing,22257,22233,22257,24
walking,22286,22257,22286,29
sniffing,22369,22286,22369,83
stepping,22382,22369,22382,13
sniffing,22449,22382,22449,67
grooming,22450,22449,22450,1
sniffing,22464,22450,22464,14
grooming,23143,22464,23143,679
walking,23154,23143,23154,11
climbing,23182,23154,23182,28
rearing,23283,23182,23283,101
grooming,23433,23283,23433,150
stepping,23457,23433,23457,24
rising,23478,23457,23478,21
stepping,23585,23478,23585,107
grooming,23586,23585,23586,1
trotting,23627,23586,23627,41
walking,23646,23627,23646,19
sniffing,23689,23646,23689,43
stepping,23690,23689,23690,1
walking,23723,23690,23723,33
stepping,23729,23723,23729,6
sniffing,23777,23729,23777,48
rising,23817,23777,23817,40
grooming,23818,23817,23818,1
hunching,23822,23818,23822,4
rising,23823,23822,23823,1
trotting,23839,23823,23839,16
stepping,23884,23839,23884,45
rearing,23944,23884,23944,60
grooming,23949,23944,23949,5
stepping,23993,23949,23993,44
sniffing,24033,23993,24033,40
left_turning,24052,24033,24052,19
walking,24055,24052,24055,3
sniffing,24096,24055,24096,41
left_turning,24173,24096,24173,77
walking,24196,24173,24196,23
rising,24204,24196,24204,8
grooming,24309,24204,24309,105
rearing,24357,24309,24357,48
grooming,24358,24357,24358,1
walking,24382,24358,24382,24
stepping,24433,24382,24433,51
climbing,24468,24433,24468,35
right_turning,24474,24468,24474,6
running,24499,24474,24499,25
sniffing,24516,24499,24516,17
rising,24523,24516,24523,7
hunching,24524,24523,24524,1
climbing,24558,24524,24558,34
grooming,24624,24558,24624,66
walking,24637,24624,24637,13
sniffing,24638,24637,24638,1
rearing,24698,24638,24698,60
grooming,24960,24698,24960,262
left_turning,24985,24960,24985,25
grooming,25777,24985,25777,792
walking,25782,25777,25782,5
trotting,25807,25782,25807,25
rising,25828,25807,25828,21
right_turning,25863,25828,25863,35
stepping,25867,25863,25867,4
right_turning,25905,25867,25905,38
sniffing,25947,25905,25947,42
stepping,26027,25947,26027,80
running,26055,26027,26055,28
rearing,26056,26055,26056,1
grooming,26306,26056,26306,250
climbing,26342,26306,26342,36
walking,26359,26342,26359,17
grooming,26405,26359,26405,46
sniffing,26444,26405,26444,39
climbing,26485,26444,26485,41
rearing,26532,26485,26532,47
sniffing,26565,26532,26565,33
rising,26602,26565,26602,37
walking,26618,26602,26618,16
left_turning,26635,26618,26635,17
walking,26667,26635,26667,32
left_turning,26696,26667,26696,29
trotting,26754,26696,26754,58
walking,26793,26754,26793,39
stepping,26847,26793,26847,54
sniffing,26886,26847,26886,39
rearing,26937,26886,26937,51
hunching,26978,26937,26978,41
walking,27012,26978,27012,34
grooming,27158,27012,27158,146
right_turning,27159,27158,27159,1
running,27193,27159,27193,34
left_turning,27238,27193,27238,45
rising,27259,27238,27259,21
sniffing,27284,27259,27284,25
rising,27305,27284,27305,21
grooming,27435,27305,27435,130
sniffing,27556,27435,27556,121
walking,27611,27556,27611,55
running,27674,27611,27674,63
stepping,27711,27674,27711,37
grooming,27712,27711,27712,1
scratching,27823,27712,27823,111
grooming,27824,27823,27824,1
stepping,27825,27824,27825,1
walking,27870,27825,27870,45
rearing,27907,27870,27907,37
grooming,27908,27907,27908,1
running,27911,27908,27911,3
grooming,27913,27911,27913,2
sniffing,27949,27913,27949,36
rising,28067,27949,28067,118
sniffing,28068,28067,28068,1
stepping,28070,28068,28070,2
sniffing,28144,28070,28144,74
rising,28212,28144,28212,68
stepping,28225,28212,28225,13
sniffing,28273,28225,28273,48
grooming,28494,28273,28494,221
stepping,28537,28494,28537,43
right_turning,28554,28537,28554,17
walking,28555,28554,28555,1
stepping,28603,28555,28603,48
sniffing,28614,28603,28614,11
walking,28642,28614,28642,28
sniffing,28671,28642,28671,29
running,28717,28671,28717,46
left_turning,28725,28717,28725,8
running,28729,28725,28729,4
right_turning,28730,28729,28730,1
walking,28755,28730,28755,25
sniffing,28784,28755,28784,29
stepping,28816,28784,28816,32
sniffing,28857,28816,28857,41
walking,28909,28857,28909,52
sniffing,28942,28909,28942,33
rearing,29190,28942,29190,248
grooming,29585,29190,29585,395
sniffing,29626,29585,29626,41
trotting,29672,29626,29672,46
walking,29693,29672,29693,21
rearing,29695,29693,29695,2
grooming,29696,29695,29696,1
climbing,29737,29696,29737,41
grooming,29738,29737,29738,1
trotting,29766,29738,29766,28
stepping,29793,29766,29793,27
sniffing,29856,29793,29856,63
right_turning,29873,29856,29873,17
walking,29890,29873,29890,17
stepping,29891,29890,29891,1
sniffing,29919,29891,29919,28
stepping,29984,29919,29984,65
left_turning,29985,29984,29985,1
stepping,30012,29985,30012,27
rising,30029,30012,30029,17
rearing,30071,30029,30071,42
grooming,30072,30071,30072,1
right_turning,30092,30072,30092,20
stepping,30130,30092,30130,38
rearing,30131,30130,30131,1
running,30157,30131,30157,26
rising,30198,30157,30198,41
grooming,30241,30198,30241,43
sniffing,30281,30241,30281,40
rising,30308,30281,30308,27
climbing,30363,30308,30363,55
walking,30390,30363,30390,27
stepping,30439,30390,30439,49
walking,30486,30439,30486,47
sniffing,30554,30486,30554,68
walking,30555,30554,30555,1
sniffing,30556,30555,30556,1
grooming,30557,30556,30557,1
hunching,30576,30557,30576,19
grooming,30628,30576,30628,52
sniffing,30659,30628,30659,31
walking,30693,30659,30693,34
left_turning,30710,30693,30710,17
stepping,30788,30710,30788,78
walking,30804,30788,30804,16
sniffing,30830,30804,30830,26
grooming,31052,30830,31052,222
walking,31053,31052,31053,1
sniffing,31090,31053,31090,37
grooming,31144,31090,31144,54
walking,31166,31144,31166,22
right_turning,31175,31166,31175,9
rising,31251,31175,31251,76
grooming,31252,31251,31252,1
scratching,31322,31252,31322,70
grooming,31353,31322,31353,31
sniffing,31417,31353,31417,64
left_turning,31436,31417,31436,19
walking,31472,31436,31472,36
stepping,31497,31472,31497,25
sniffing,31526,31497,31526,29
rising,31527,31526,31527,1
stepping,31540,31527,31540,13
sniffing,31638,31540,31638,98
running,31651,31638,31651,13
right_turning,31683,31651,31683,32
trotting,31698,31683,31698,15
stepping,31699,31698,31699,1
running,31721,31699,31721,22
grooming,31869,31721,31869,148
walking,31899,31869,31899,30
stepping,31914,31899,31914,15
rising,31919,31914,31919,5
climbing,31990,31919,31990,71
left_turning,31998,31990,31998,8
walking,31999,31998,31999,1
sniffing,32009,31999,32009,10
stepping,32030,32009,32030,21
sniffing,32186,32030,32186,156
rising,32187,32186,32187,1
rearing,32217,32187,32217,30
walking,32243,32217,32243,26
sniffing,32244,32243,32244,1
stepping,32277,32244,32277,33
grooming,32851,32277,32851,574
right_turning,32854,32851,32854,3
walking,32864,32854,32864,10
sniffing,32903,32864,32903,39
stepping,32926,32903,32926,23
grooming,32951,32926,32951,25
left_turning,32978,32951,32978,27
running,33007,32978,33007,29
walking,33046,33007,33046,39
sniffing,33078,33046,33078,32
walking,33096,33078,33096,18
rearing,33124,33096,33124,28
grooming,33298,33124,33298,174
hunching,33329,33298,33329,31
grooming,33330,33329,33330,1
climbing,33345,33330,33345,15
stepping,33365,33345,33365,20
left_turning,33400,33365,33400,35
grooming,33607,33400,33607,207
rearing,33734,33607,33734,127
stepping,33754,33734,33754,20
climbing,33774,33754,33774,20
sniffing,33778,33774,33778,4
rising,33780,33778,33780,2
sniffing,33831,33780,33831,51
rising,33846,33831,33846,15
grooming,33897,33846,33897,51
rising,33922,33897,33922,25
climbing,33957,33922,33957,35
grooming,33958,33957,33958,1
running,33974,33958,33974,16
trotting,34016,33974,34016,42
rising,34020,34016,34020,4
sniffing,34086,34020,34086,66
stepping,34133,34086,34133,47
left_turning,34141,34133,34141,8
walking,34208,34141,34208,67
sniffing,34258,34208,34258,50
trotting,34269,34258,34269,11
sniffing,34310,34269,34310,41
walking,34333,34310,34333,23
sniffing,34371,34333,34371,38
walking,34395,34371,34395,24
sniffing,34470,34395,34470,75
climbing,34502,34470,34502,32
left_turning,34527,34502,34527,25
sniffing,34598,34527,34598,71
climbing,34699,34598,34699,101
sniffing,34741,34699,34741,42
running,34759,34741,34759,18
sniffing,34782,34759,34782,23
grooming,35080,34782,35080,298
hunching,35206,35080,35206,126
rearing,35288,35206,35288,82
grooming,35289,35288,35289,1
trotting,35313,35289,35313,24
grooming,35351,35313,35351,38
hunching,35396,35351,35396,45
grooming,35580,35396,35580,184
walking,35595,35580,35595,15
stepping,35672,35595,35672,77
left_turning,35680,35672,35680,8
walking,35745,35680,35745,65
rising,35778,35745,35778,33
rearing,35779,35778,35779,1
grooming,35780,35779,35780,1
rising,35785,35780,35785,5
left_turning,35786,35785,35786,1
running,35838,35786,35838,52
grooming,35996,35838,35996,158
rearing,36016,35996,36016,20
grooming,36017,36016,36017,1
left_turning,36053,36017,36053,36
running,36063,36053,36063,10
sniffing,36136,36063,36136,73
rising,36169,36136,36169,33
climbing,36176,36169,36176,7
rising,36192,36176,36192,16
stepping,36224,36192,36224,32
walking,36225,36224,36225,1
stepping,36226,36225,36226,1
walking,36270,36226,36270,44
trotting,36310,36270,36310,40
sniffing,36378,36310,36378,68
rising,36427,36378,36427,49
stepping,36436,36427,36436,9
grooming,36437,36436,36437,1
sniffing,36472,36437,36472,35
walking,36511,36472,36511,39
sniffing,36595,36511,36595,84
walking,36621,36595,36621,26
grooming,36622,36621,36622,1
hunching,36623,36622,36623,1
grooming,36624,36623,36624,1
right_turning,36632,36624,36632,8
trotting,36655,36632,36655,23
sniffing,36660,36655,36660,5
grooming,36661,36660,36661,1
hunching,36662,36661,36662,1
grooming,36663,36662,36663,1
stepping,36714,36663,36714,51
trotting,36717,36714,36717,3
stepping,36731,36717,36731,14
trotting,36752,36731,36752,21
walking,36753,36752,36753,1
stepping,36787,36753,36787,34
trotting,36842,36787,36842,55
walking,36871,36842,36871,29
sniffing,36874,36871,36874,3
stepping,36887,36874,36887,13
left_turning,36966,36887,36966,79
trotting,36990,36966,36990,24
stepping,37041,36990,37041,51
walking,37110,37041,37110,69
sniffing,37158,37110,37158,48
grooming,37159,37158,37159,1
hunching,37160,37159,37160,1
grooming,37387,37160,37387,227
sniffing,37413,37387,37413,26
rising,37414,37413,37414,1
scratching,37474,37414,37474,60
walking,37515,37474,37515,41
running,37531,37515,37531,16
walking,37552,37531,37552,21
grooming,37720,37552,37720,168
hunching,37798,37720,37798,78
rearing,37889,37798,37889,91
grooming,37950,37889,37950,61
sniffing,38036,37950,38036,86
rising,38068,38036,38068,32
rearing,38069,38068,38069,1
hunching,38070,38069,38070,1
rearing,38071,38070,38071,1
hunching,38127,38071,38127,56
rearing,38245,38127,38245,118
grooming,38313,38245,38313,68
sniffing,38358,38313,38358,45
grooming,38561,38358,38561,203
climbing,38623,38561,38623,62
trotting,38656,38623,38656,33
rearing,38713,38656,38713,57
climbing,38739,38713,38739,26
running,38787,38739,38787,48
rising,38807,38787,38807,20
sniffing,38912,38807,38912,105
rearing,39089,38912,39089,177
sniffing,39109,39089,39109,20
running,39156,39109,39156,47
stepping,39157,39156,39157,1
rising,39244,39157,39244,87
sniffing,39261,39244,39261,17
trotting,39308,39261,39308,47
left_turning,39359,39308,39359,51
walking,39393,39359,39393,34
sniffing,39457,39393,39457,64
right_turning,39458,39457,39458,1
trotting,39467,39458,39467,9
stepping,39476,39467,39476,9
sniffing,39509,39476,39509,33
hunching,39529,39509,39529,20
grooming,39530,39529,39530,1
trotting,39566,39530,39566,36
stepping,39583,39566,39583,17
walking,39594,39583,39594,11
rising,39669,39594,39669,75
stepping,39715,39669,39715,46
sniffing,39716,39715,39716,1
stepping,39730,39716,39730,14
trotting,39790,39730,39790,60
grooming,39865,39790,39865,75
hunching,39938,39865,39938,73
rising,39960,39938,39960,22
sniffing,40015,39960,40015,55
walking,40069,40015,40069,54
sniffing,40070,40069,40070,1
trotting,40096,40070,40096,26
walking,40117,40096,40117,21
sniffing,40118,40117,40118,1
left_turning,40156,40118,40156,38
trotting,40167,40156,40167,11
rising,40203,40167,40203,36
rearing,40250,40203,40250,47
grooming,40474,40250,40474,224
hunching,40525,40474,40525,51
sniffing,40546,40525,40546,21
grooming,40739,40546,40739,193
rearing,40792,40739,40792,53
grooming,40793,40792,40793,1
left_turning,40794,40793,40794,1
grooming,40799,40794,40799,5
rising,40819,40799,40819,20
scratching,40865,40819,40865,46
grooming,41081,40865,41081,216
rearing,41082,41081,41082,1
left_turning,41122,41082,41122,40
rising,41129,41122,41129,7
grooming,41169,41129,41169,40
stepping,41202,41169,41202,33
trotting,41232,41202,41232,30
walking,41269,41232,41269,37
grooming,41361,41269,41361,92
hunching,41439,41361,41439,78
grooming,41561,41439,41561,122
rearing,41648,41561,41648,87
grooming,41683,41648,41683,35
hunching,41729,41683,41729,46
rising,41745,41729,41745,16
sniffing,41771,41745,41771,26
stepping,41784,41771,41784,13
sniffing,41829,41784,41829,45
grooming,41830,41829,41830,1
rearing,41919,41830,41919,89
left_turning,41922,41919,41922,3
stepping,41928,41922,41928,6
sniffing,41932,41928,41932,4
rising,41933,41932,41933,1
sniffing,42074,41933,42074,141
trotting,42103,42074,42103,29
rearing,42104,42103,42104,1
climbing,42158,42104,42158,54
left_turning,42159,42158,42159,1
grooming,42160,42159,42160,1
stepping,42162,42160,42162,2
walking,42188,42162,42188,26
grooming,42290,42188,42290,102
stepping,42310,42290,42310,20
right_turning,42312,42310,42312,2
walking,42385,42312,42385,73
rising,42388,42385,42388,3
rearing,42389,42388,42389,1
rising,42428,42389,42428,39
sniffing,42429,42428,42429,1
stepping,42485,42429,42485,56
sniffing,42516,42485,42516,31
walking,42519,42516,42519,3
right_turning,42542,42519,42542,23
sniffing,42554,42542,42554,12
stepping,42573,42554,42573,19
sniffing,42574,42573,42574,1
grooming,42737,42574,42737,163
rearing,42738,42737,42738,1
grooming,42859,42738,42859,121
walking,42886,42859,42886,27
grooming,43246,42886,43246,360
walking,43279,43246,43279,33
sniffing,43316,43279,43316,37
climbing,43339,43316,43339,23
left_turning,43375,43339,43375,36
walking,43376,43375,43376,1
sniffing,43412,43376,43412,36
climbing,43430,43412,43430,18
running,43432,43430,43432,2
trotting,43439,43432,43439,7
stepping,43463,43439,43463,24
walking,43478,43463,43478,15
sniffing,43495,43478,43495,17
grooming,43732,43495,43732,237
sniffing,43740,43732,43740,8
scratching,43782,43740,43782,42
grooming,43890,43782,43890,108
rising,43891,43890,43891,1
stepping,43892,43891,43892,1
sniffing,43926,43892,43926,34
rising,43964,43926,43964,38
climbing,44090,43964,44090,126
hunching,44091,44090,44091,1
grooming,44105,44091,44105,14
left_turning,44106,44105,44106,1
stepping,44130,44106,44130,24
walking,44151,44130,44151,21
right_turning,44196,44151,44196,45
walking,44231,44196,44231,35
grooming,44448,44231,44448,217
rearing,44503,44448,44503,55
rising,44588,44503,44588,85
walking,44623,44588,44623,35
grooming,44624,44623,44624,1
left_turning,44652,44624,44652,28
running,44678,44652,44678,26
stepping,44709,44678,44709,31
sniffing,44720,44709,44720,11
rising,44760,44720,44760,40
sniffing,44810,44760,44810,50
grooming,45007,44810,45007,197
left_turning,45098,45007,45098,91
sniffing,45122,45098,45122,24
trotting,45140,45122,45140,18
sniffing,45226,45140,45226,86
walking,45250,45226,45250,24
sniffing,45277,45250,45277,27
climbing,45332,45277,45332,55
rearing,45333,45332,45333,1
grooming,45521,45333,45521,188
rearing,45534,45521,45534,13
stepping,45552,45534,45552,18
sniffing,45577,45552,45577,25
stepping,45645,45577,45645,68
rising,45674,45645,45674,29
hunching,45741,45674,45741,67
climbing,45808,45741,45808,67
sniffing,45812,45808,45812,4
stepping,45820,45812,45820,8
sniffing,45881,45820,45881,61
rising,45889,45881,45889,8
rearing,45900,45889,45900,11
climbing,45935,45900,45935,35
grooming,46061,45935,46061,126
hunching,46141,46061,46141,80
grooming,46142,46141,46142,1
scratching,46337,46142,46337,195
grooming,47927,46337,47927,1590
sniffing,47972,47927,47972,45
running,47987,47972,47987,15
rising,48014,47987,48014,27
climbing,48051,48014,48051,37
grooming,48052,48051,48052,1
rising,48114,48052,48114,62
grooming,48415,48114,48415,301
hunching,48499,48415,48499,84
rearing,48587,48499,48587,88
grooming,48775,48587,48775,188
left_turning,48776,48775,48776,1
stepping,48814,48776,48814,38
sniffing,48934,48814,48934,120
grooming,49025,48934,49025,91
left_turning,49070,49025,49070,45
rising,49086,49070,49086,16
sniffing,49120,49086,49120,34
rising,49265,49120,49265,145
grooming,49266,49265,49266,1
walking,49310,49266,49310,44
sniffing,49350,49310,49350,40
stepping,49398,49350,49398,48
walking,49399,49398,49399,1
sniffing,49423,49399,49423,24
walking,49438,49423,49438,15
sniffing,49453,49438,49453,15
climbing,49454,49453,49454,1
hunching,49555,49454,49555,101
grooming,49556,49555,49556,1
rising,49580,49556,49580,24
climbing,49581,49580,49581,1
grooming,49582,49581,49582,1
sniffing,49623,49582,49623,41
rearing,49824,49623,49824,201
grooming,50695,49824,50695,871
left_turning,50773,50695,50773,78
rising,50837,50773,50837,64
climbing,50892,50837,50892,55
trotting,50903,50892,50903,11
stepping,50926,50903,50926,23
climbing,50972,50926,50972,46
rising,51054,50972,51054,82
climbing,51071,51054,51071,17
rearing,51158,51071,51158,87
grooming,51393,51158,51393,235
walking,51449,51393,51449,56
sniffing,51625,51449,51625,176
climbing,51701,51625,51701,76
sniffing,51765,51701,51765,64
stepping,51766,51765,51766,1
climbing,51767,51766,51767,1
walking,51776,51767,51776,9
right_turning,51786,51776,51786,10
rising,51829,51786,51829,43
climbing,51884,51829,51884,55
sniffing,51909,51884,51909,25
rising,51910,51909,51910,1
sniffing,51940,51910,51940,30
rising,52006,51940,52006,66
rearing,52007,52006,52007,1
grooming,52162,52007,52162,155
trotting,52172,52162,52172,10
sniffing,52184,52172,52184,12
grooming,52909,52184,52909,725
hunching,52921,52909,52921,12
rearing,52962,52921,52962,41
climbing,53001,52962,53001,39
trotting,53039,53001,53039,38
sniffing,53060,53039,53060,21
walking,53127,53060,53127,67
stepping,53151,53127,53151,24
sniffing,53196,53151,53196,45
rising,53225,53196,53225,29
sniffing,53275,53225,53275,50
stepping,53280,53275,53280,5
rising,53287,53280,53287,7
rearing,53392,53287,53392,105
sniffing,53420,53392,53420,28
rising,53421,53420,53421,1
grooming,53536,53421,53536,115
walking,53594,53536,53594,58
sniffing,53627,53594,53627,33
rearing,53683,53627,53683,56
trotting,53708,53683,53708,25
grooming,53709,53708,53709,1
sniffing,53819,53709,53819,110
grooming,54069,53819,54069,250
walking,54070,54069,54070,1
rising,54084,54070,54084,14
climbing,54109,54084,54109,25
rearing,54125,54109,54125,16
left_turning,54126,54125,54126,1
walking,54141,54126,54141,15
sniffing,54234,54141,54234,93
rising,54296,54234,54296,62
right_turning,54317,54296,54317,21
walking,54351,54317,54351,34
stepping,54379,54351,54379,28
sniffing,54380,54379,54380,1
trotting,54417,54380,54417,37
sniffing,54487,54417,54487,70
walking,54549,54487,54549,62
sniffing,54605,54549,54605,56
rearing,54624,54605,54624,19
climbing,54696,54624,54696,72
rearing,54710,54696,54710,14
stepping,54758,54710,54758,48
walking,54778,54758,54778,20
sniffing,54779,54778,54779,1
grooming,54874,54779,54874,95
hunching,54946,54874,54946,72
left_turning,54956,54946,54956,10
walking,55008,54956,55008,52
sniffing,55047,55008,55047,39
left_turning,55071,55047,55071,24
sniffing,55118,55071,55118,47
walking,55136,55118,55136,18
sniffing,55178,55136,55178,42
grooming,55359,55178,55359,181
climbing,55400,55359,55400,41
grooming,55621,55400,55621,221
rising,55671,55621,55671,50
climbing,55733,55671,55733,62
right_turning,55747,55733,55747,14
sniffing,55825,55747,55825,78
walking,55864,55825,55864,39
running,55886,55864,55886,22
rearing,55964,55886,55964,78
hunching,56064,55964,56064,100
grooming,56538,56064,56538,474
sniffing,56629,56538,56629,91
walking,56637,56629,56637,8
stepping,56663,56637,56663,26
hunching,57021,56663,57021,358
grooming,57304,57021,57304,283
sniffing,57344,57304,57344,40
walking,57440,57344,57440,96
stepping,57493,57440,57493,53
grooming,57494,57493,57494,1
stepping,57519,57494,57519,25
sniffing,57537,57519,57537,18
walking,57626,57537,57626,89
stepping,57637,57626,57637,11
rising,57641,57637,57641,4
sniffing,57690,57641,57690,49
walking,57728,57690,57728,38
stepping,57733,57728,57733,5
sniffing,57772,57733,57772,39
walking,57784,57772,57784,12
stepping,57801,57784,57801,17
sniffing,57853,57801,57853,52
left_turning,57899,57853,57899,46
walking,57900,57899,57900,1
right_turning,57912,57900,57912,12
sniffing,57988,57912,57988,76
rising,57991,57988,57991,3
walking,58015,57991,58015,24
sniffing,58107,58015,58107,92
stepping,58168,58107,58168,61
sniffing,58214,58168,58214,46
walking,58240,58214,58240,26
sniffing,58248,58240,58248,8
stepping,58310,58248,58310,62
walking,58362,58310,58362,52
trotting,58382,58362,58382,20
rising,58420,58382,58420,38
stepping,58445,58420,58445,25
rearing,58446,58445,58446,1
grooming,58447,58446,58447,1
left_turning,58468,58447,58468,21
grooming,58496,58468,58496,28
rearing,58506,58496,58506,10
rising,58535,58506,58535,29
left_turning,58566,58535,58566,31
walking,58591,58566,58591,25
trotting,58611,58591,58611,20
rising,58656,58611,58656,45
rearing,58725,58656,58725,69
grooming,58726,58725,58726,1
rearing,58785,58726,58785,59
grooming,59315,58785,59315,530
walking,59339,59315,59339,24
grooming,59579,59339,59579,240
right_turning,59633,59579,59633,54
sniffing,59664,59633,59664,31
grooming,59835,59664,59835,171
scratching,59842,59835,59842,7
grooming,59991,59842,59991,149
left_turning,60037,59991,60037,46
grooming,60188,60037,60188,151
climbing,60275,60188,60275,87
left_turning,60289,60275,60289,14
stepping,60318,60289,60318,29
rising,60319,60318,60319,1
stepping,60334,60319,60334,15
walking,60346,60334,60346,12
rearing,60347,60346,60347,1
climbing,60427,60347,60427,80
right_turning,60443,60427,60443,16
walking,60468,60443,60468,25
rearing,60496,60468,60496,28
grooming,60497,60496,60497,1
rearing,60498,60497,60498,1
grooming,60925,60498,60925,427
climbing,60948,60925,60948,23
grooming,60949,60948,60949,1
walking,61005,60949,61005,56
stepping,61018,61005,61018,13
sniffing,61019,61018,61019,1
left_turning,61063,61019,61063,44
trotting,61081,61063,61081,18
sniffing,61082,61081,61082,1
hunching,61088,61082,61088,6
rising,61117,61088,61117,29
scratching,61177,61117,61177,60
left_turning,61191,61177,61191,14
trotting,61222,61191,61222,31
sniffing,61270,61222,61270,48
rising,61271,61270,61271,1
climbing,61281,61271,61281,10
grooming,61542,61281,61542,261
rearing,61571,61542,61571,29
grooming,61572,61571,61572,1
rearing,61575,61572,61575,3
climbing,61624,61575,61624,49
stepping,61686,61624,61686,62
sniffing,61724,61686,61724,38
stepping,61725,61724,61725,1
walking,61732,61725,61732,7
grooming,62468,61732,62468,736
rearing,62502,62468,62502,34
climbing,62542,62502,62542,40
grooming,62609,62542,62609,67
sniffing,62687,62609,62687,78
grooming,62709,62687,62709,22
running,62771,62709,62771,62
sniffing,62772,62771,62772,1
rearing,62830,62772,62830,58
sniffing,62859,62830,62859,29
running,62878,62859,62878,19
sniffing,62928,62878,62928,50
rearing,62972,62928,62972,44
hunching,63051,62972,63051,79
grooming,63134,63051,63134,83
rearing,63383,63134,63383,249
grooming,63508,63383,63508,125
sniffing,63509,63508,63509,1
rising,63553,63509,63553,44
sniffing,63567,63553,63567,14
stepping,63574,63567,63574,7
walking,63580,63574,63580,6
stepping,63586,63580,63586,6
sniffing,63599,63586,63599,13
stepping,63605,63599,63605,6
sniffing,63606,63605,63606,1
walking,63627,63606,63627,21
running,63663,63627,63663,36
right_turning,63692,63663,63692,29
stepping,63704,63692,63704,12
rising,63733,63704,63733,29
sniffing,63786,63733,63786,53
trotting,63808,63786,63808,22
running,63836,63808,63836,28
trotting,63874,63836,63874,38
sniffing,63911,63874,63911,37
walking,63960,63911,63960,49
sniffing,64013,63960,64013,53
rearing,64126,64013,64126,113
left_turning,64127,64126,64127,1
sniffing,64130,64127,64130,3
walking,64138,64130,64138,8
trotting,64177,64138,64177,39
sniffing,64261,64177,64261,84
stepping,64311,64261,64311,50
rearing,64317,64311,64317,6
hunching,64332,64317,64332,15
grooming,64451,64332,64451,119
trotting,64470,64451,64470,19
stepping,64480,64470,64480,10
walking,64481,64480,64481,1
rising,64531,64481,64531,50
grooming,64532,64531,64532,1
hunching,64554,64532,64554,22
rearing,65007,64554,65007,453
climbing,65083,65007,65083,76
grooming,65472,65083,65472,389
rearing,65477,65472,65477,5
left_turning,65514,65477,65514,37
sniffing,65630,65514,65630,116
right_turning,65631,65630,65631,1
walking,65674,65631,65674,43
sniffing,65768,65674,65768,94
trotting,65805,65768,65805,37
running,65841,65805,65841,36
sniffing,65909,65841,65909,68
hunching,66001,65909,66001,92
grooming,66232,66001,66232,231
hunching,66284,66232,66284,52
rising,66306,66284,66306,22
stepping,66318,66306,66318,12
sniffing,66320,66318,66320,2
walking,66321,66320,66321,1
stepping,66396,66321,66396,75
walking,66409,66396,66409,13
sniffing,66452,66409,66452,43
walking,66489,66452,66489,37
right_turning,66522,66489,66522,33
stepping,66558,66522,66558,36
rising,66604,66558,66604,46
climbing,66625,66604,66625,21
grooming,66626,66625,66626,1
sniffing,66627,66626,66627,1
left_turning,66675,66627,66675,48
walking,66716,66675,66716,41
stepping,66732,66716,66732,16
right_turning,66751,66732,66751,19
grooming,66752,66751,66752,1
sniffing,66808,66752,66808,56
grooming,66825,66808,66825,17
left_turning,66826,66825,66826,1
sniffing,66843,66826,66843,17
rising,66899,66843,66899,56
rearing,66998,66899,66998,99
climbing,67128,66998,67128,130
trotting,67168,67128,67168,40
walking,67173,67168,67173,5
stepping,67194,67173,67194,21
sniffing,67219,67194,67219,25
rearing,67272,67219,67272,53
rising,67390,67272,67390,118
rearing,67452,67390,67452,62
hunching,67512,67452,67512,60
grooming,67764,67512,67764,252
walking,67822,67764,67822,58
sniffing,67826,67822,67826,4
grooming,67842,67826,67842,16
climbing,67846,67842,67846,4
stepping,67866,67846,67866,20
sniffing,68012,67866,68012,146
climbing,68059,68012,68059,47
right_turning,68080,68059,68080,21
climbing,68094,68080,68094,14
left_turning,68132,68094,68132,38
walking,68161,68132,68161,29
rising,68162,68161,68162,1
grooming,68393,68162,68393,231
rearing,68426,68393,68426,33
climbing,68464,68426,68464,38
rearing,68564,68464,68564,100
grooming,68753,68564,68753,189
rising,68793,68753,68793,40
left_turning,68854,68793,68854,61
hunching,68902,68854,68902,48
rearing,68928,68902,68928,26
walking,68949,68928,68949,21
trotting,68994,68949,68994,45
sniffing,68995,68994,68995,1
trotting,69033,68995,69033,38
sniffing,69049,69033,69049,16
rearing,69128,69049,69128,79
sniffing,69191,69128,69191,63
grooming,69282,69191,69282,91
sniffing,69298,69282,69298,16
rising,69345,69298,69345,47
stepping,69355,69345,69355,10
sniffing,69476,69355,69476,121
rearing,69575,69476,69575,99
walking,69626,69575,69626,51
stepping,69661,69626,69661,35
sniffing,69723,69661,69723,62
walking,69740,69723,69740,17
left_turning,69770,69740,69770,30
walking,69816,69770,69816,46
rearing,69879,69816,69879,63
grooming,69928,69879,69928,49
trotting,69953,69928,69953,25
stepping,69991,69953,69991,38
sniffing,70139,69991,70139,148
right_turning,70155,70139,70155,16
stepping,70156,70155,70156,1
sniffing,70157,70156,70157,1
right_turning,70170,70157,70170,13
stepping,70291,70170,70291,121
climbing,70325,70291,70325,34
trotting,70377,70325,70377,52
walking,70385,70377,70385,8
stepping,70422,70385,70422,37
trotting,70458,70422,70458,36
rising,70505,70458,70505,47
climbing,70549,70505,70549,44
sniffing,70571,70549,70571,22
walking,70612,70571,70612,41
sniffing,70613,70612,70613,1
grooming,70614,70613,70614,1
sniffing,70628,70614,70628,14
climbing,70629,70628,70629,1
walking,70653,70629,70653,24
sniffing,70715,70653,70715,62
grooming,70948,70715,70948,233
climbing,70983,70948,70983,35
left_turning,71024,70983,71024,41
rising,71059,71024,71059,35
left_turning,71064,71059,71064,5
sniffing,71085,71064,71085,21
rearing,71194,71085,71194,109
grooming,71195,71194,71195,1
rising,71210,71195,71210,15
climbing,71259,71210,71259,49
grooming,71331,71259,71331,72
scratching,71442,71331,71442,111
grooming,71876,71442,71876,434
sniffing,71983,71876,71983,107
rising,72022,71983,72022,39
sniffing,72075,72022,72075,53
walking,72076,72075,72076,1
sniffing,72081,72076,72081,5
walking,72090,72081,72090,9
sniffing,72099,72090,72099,9
stepping,72104,72099,72104,5
sniffing,72111,72104,72111,7
rising,72119,72111,72119,8
grooming,72120,72119,72120,1
left_turning,72144,72120,72144,24
running,72160,72144,72160,16
rearing,72168,72160,72168,8
stepping,72190,72168,72190,22
sniffing,72262,72190,72262,72
grooming,72281,72262,72281,19
hunching,72348,72281,72348,67
rearing,72349,72348,72349,1
grooming,72515,72349,72515,166
stepping,72524,72515,72524,9
sniffing,72536,72524,72536,12
stepping,72560,72536,72560,24
rearing,72751,72560,72751,191
grooming,72936,72751,72936,185
hunching,72943,72936,72943,7
rising,72969,72943,72969,26
climbing,73006,72969,73006,37
grooming,73109,73006,73109,103
sniffing,73162,73109,73162,53
left_turning,73213,73162,73213,51
hunching,73278,73213,73278,65
walking,73304,73278,73304,26
sniffing,73319,73304,73319,15
stepping,73343,73319,73343,24
sniffing,73451,73343,73451,108
walking,73462,73451,73462,11
stepping,73473,73462,73473,11
grooming,73900,73473,73900,427
rearing,73926,73900,73926,26
climbing,73948,73926,73948,22
trotting,73991,73948,73991,43
sniffing,74035,73991,74035,44
rising,74046,74035,74046,11
climbing,74047,74046,74047,1
trotting,74051,74047,74051,4
stepping,74090,74051,74090,39
rearing,74182,74090,74182,92
trotting,74221,74182,74221,39
stepping,74245,74221,74245,24
running,74299,74245,74299,54
trotting,74334,74299,74334,35
right_turning,74368,74334,74368,34
trotting,74393,74368,74393,25
walking,74395,74393,74395,2
stepping,74421,74395,74421,26
rearing,74429,74421,74429,8
hunching,74430,74429,74430,1
grooming,74612,74430,74612,182
hunching,74668,74612,74668,56
left_turning,74669,74668,74669,1
sniffing,74830,74669,74830,161
stepping,74861,74830,74861,31
sniffing,74910,74861,74910,49
walking,74936,74910,74936,26
stepping,74940,74936,74940,4
sniffing,75076,74940,75076,136
walking,75091,75076,75091,15
sniffing,75105,75091,75105,14
grooming,75106,75105,75106,1
stepping,75151,75106,75151,45
walking,75187,75151,75187,36
rising,75201,75187,75201,14
sniffing,75293,75201,75293,92
rising,75306,75293,75306,13
left_turning,75311,75306,75311,5
sniffing,75363,75311,75363,52
rising,75372,75363,75372,9
rearing,75408,75372,75408,36
stepping,75428,75408,75428,20
walking,75462,75428,75462,34
sniffing,75518,75462,75518,56
rising,75557,75518,75557,39
climbing,75577,75557,75577,20
rearing,75620,75577,75620,43
walking,75634,75620,75634,14
sniffing,75635,75634,75635,1
right_turning,75687,75635,75687,52
sniffing,75838,75687,75838,151
rising,75843,75838,75843,5
climbing,75870,75843,75870,27
rising,75939,75870,75939,69
climbing,75959,75939,75959,20
rearing,76137,75959,76137,178
trotting,76154,76137,76154,17
rearing,76168,76154,76168,14
stepping,76189,76168,76189,21
sniffing,76222,76189,76222,33
stepping,76225,76222,76225,3
rising,76249,76225,76249,24
climbing,76281,76249,76281,32
sniffing,76347,76281,76347,66
left_turning,76369,76347,76369,22
sniffing,76428,76369,76428,59
rising,76491,76428,76491,63
grooming,76492,76491,76492,1
sniffing,76571,76492,76571,79
walking,76572,76571,76572,1
sniffing,76631,76572,76631,59
walking,76637,76631,76637,6
trotting,76686,76637,76686,49
sniffing,76695,76686,76695,9
rearing,76727,76695,76727,32
climbing,76748,76727,76748,21
sniffing,76837,76748,76837,89
walking,76878,76837,76878,41
climbing,76904,76878,76904,26
grooming,76905,76904,76905,1
hunching,76956,76905,76956,51
grooming,76957,76956,76957,1
sniffing,76982,76957,76982,25
left_turning,77005,76982,77005,23
rearing,77044,77005,77044,39
sniffing,77249,77044,77249,205
stepping,77251,77249,77251,2
sniffing,77279,77251,77279,28
grooming,77462,77279,77462,183
climbing,77507,77462,77507,45
walking,77550,77507,77550,43
sniffing,77556,77550,77556,6
rising,77623,77556,77623,67
climbing,77648,77623,77648,25
left_turning,77658,77648,77658,10
trotting,77694,77658,77694,36
walking,77712,77694,77712,18
sniffing,77774,77712,77774,62
right_turning,77791,77774,77791,17
stepping,77810,77791,77810,19
grooming,77927,77810,77927,117
walking,77970,77927,77970,43
sniffing,77971,77970,77971,1
walking,78004,77971,78004,33
stepping,78024,78004,78024,20
sniffing,78039,78024,78039,15
rising,78115,78039,78115,76
walking,78149,78115,78149,34
sniffing,78150,78149,78150,1
trotting,78151,78150,78151,1
sniffing,78152,78151,78152,1
rising,78153,78152,78153,1
sniffing,78154,78153,78154,1
rearing,78296,78154,78296,142
running,78341,78296,78341,45
rising,78374,78341,78374,33
rearing,78426,78374,78426,52
sniffing,78470,78426,78470,44
rising,78490,78470,78490,20
climbing,78501,78490,78501,11
stepping,78523,78501,78523,22
rearing,78535,78523,78535,12
sniffing,78552,78535,78552,17
right_turning,78559,78552,78559,7
walking,78560,78559,78560,1
stepping,78585,78560,78585,25
climbing,78658,78585,78658,73
grooming,78808,78658,78808,150
climbing,78825,78808,78825,17
walking,78882,78825,78882,57
stepping,78915,78882,78915,33
sniffing,78948,78915,78948,33
walking,78978,78948,78978,30
left_turning,78990,78978,78990,12
rising,79043,78990,79043,53
climbing,79072,79043,79072,29
left_turning,79087,79072,79087,15
sniffing,79111,79087,79111,24
stepping,79128,79111,79128,17
walking,79151,79128,79151,23
running,79178,79151,79178,27
rising,79206,79178,79206,28
rearing,79209,79206,79209,3
rising,79262,79209,79262,53
climbing,79305,79262,79305,43
grooming,79711,79305,79711,406
left_turning,79712,79711,79712,1
sniffing,79732,79712,79732,20
climbing,79764,79732,79764,32
grooming,79863,79764,79863,99
hunching,79898,79863,79898,35
grooming,80109,79898,80109,211
sniffing,80137,80109,80137,28
climbing,80198,80137,80198,61
walking,80277,80198,80277,79
left_turning,80311,80277,80311,34
sniffing,80333,80311,80333,22
right_turning,80354,80333,80354,21
walking,80368,80354,80368,14
rearing,80386,80368,80386,18
sniffing,80436,80386,80436,50
rearing,80468,80436,80468,32
grooming,80488,80468,80488,20
rising,80510,80488,80510,22
sniffing,80536,80510,80536,26
grooming,80696,80536,80696,160
stepping,80712,80696,80712,16
sniffing,80713,80712,80713,1
rising,80748,80713,80748,35
right_turning,80762,80748,80762,14
climbing,80814,80762,80814,52
trotting,80835,80814,80835,21
walking,80866,80835,80866,31
sniffing,80928,80866,80928,62
stepping,80990,80928,80990,62
rising,81056,80990,81056,66
grooming,81057,81056,81057,1
stepping,81092,81057,81092,35
sniffing,81374,81092,81374,282
stepping,81450,81374,81450,76
grooming,81475,81450,81475,25
sniffing,81514,81475,81514,39
hunching,81604,81514,81604,90
rearing,81689,81604,81689,85
trotting,81734,81689,81734,45
sniffing,81735,81734,81735,1
grooming,81773,81735,81773,38
rearing,81774,81773,81774,1
left_turning,81832,81774,81832,58
sniffing,81883,81832,81883,51
walking,81930,81883,81930,47
stepping,81948,81930,81948,18
sniffing,82048,81948,82048,100
left_turning,82071,82048,82071,23
grooming,82297,82071,82297,226
hunching,82372,82297,82372,75
climbing,82391,82372,82391,19
sniffing,82450,82391,82450,59
grooming,82671,82450,82671,221
rearing,82734,82671,82734,63
climbing,82785,82734,82785,51
walking,82813,82785,82813,28
stepping,82847,82813,82847,34
grooming,82900,82847,82900,53
stepping,82945,82900,82945,45
running,82983,82945,82983,38
trotting,83012,82983,83012,29
stepping,83035,83012,83035,23
left_turning,83046,83035,83046,11
sniffing,83084,83046,83084,38
walking,83093,83084,83093,9
sniffing,83176,83093,83176,83
rising,83199,83176,83199,23
stepping,83210,83199,83210,11
rising,83238,83210,83238,28
walking,83285,83238,83285,47
rearing,83487,83285,83487,202
rising,83512,83487,83512,25
rearing,83549,83512,83549,37
grooming,83803,83549,83803,254
sniffing,83889,83803,83889,86
grooming,83985,83889,83985,96
sniffing,84030,83985,84030,45
stepping,84063,84030,84063,33
right_turning,84093,84063,84093,30
stepping,84112,84093,84112,19
walking,84142,84112,84142,30
sniffing,84161,84142,84161,19
grooming,84162,84161,84162,1
left_turning,84205,84162,84205,43
walking,84234,84205,84234,29
climbing,84295,84234,84295,61
rising,84407,84295,84407,112
climbing,84461,84407,84461,54
stepping,84489,84461,84489,28
climbing,84559,84489,84559,70
rising,84603,84559,84603,44
climbing,84656,84603,84656,53
stepping,84705,84656,84705,49
sniffing,84797,84705,84797,92
rising,84838,84797,84838,41
trotting,84863,84838,84863,25
sniffing,84935,84863,84935,72
stepping,84944,84935,84944,9
sniffing,84953,84944,84953,9
right_turning,84996,84953,84996,43
sniffing,85023,84996,85023,27
walking,85079,85023,85079,56
stepping,85090,85079,85090,11
climbing,85147,85090,85147,57
walking,85180,85147,85180,33
sniffing,85181,85180,85181,1
stepping,85225,85181,85225,44
sniffing,85226,85225,85226,1
walking,85289,85226,85289,63
sniffing,85290,85289,85290,1
running,85311,85290,85311,21
stepping,85351,85311,85351,40
sniffing,85424,85351,85424,73
climbing,85464,85424,85464,40
right_turning,85491,85464,85491,27
stepping,85492,85491,85492,1
left_turning,85493,85492,85493,1
stepping,85499,85493,85499,6
running,85517,85499,85517,18
trotting,85553,85517,85553,36
sniffing,85554,85553,85554,1
rearing,85699,85554,85699,145
climbing,85723,85699,85723,24
left_turning,85758,85723,85758,35
climbing,85828,85758,85828,70
grooming,86325,85828,86325,497
running,86347,86325,86347,22
sniffing,86393,86347,86393,46
walking,86426,86393,86426,33
sniffing,86427,86426,86427,1
rising,86428,86427,86428,1
climbing,86475,86428,86475,47
walking,86535,86475,86535,60
sniffing,86557,86535,86557,22
grooming,86558,86557,86558,1
scratching,86569,86558,86569,11
right_turning,86570,86569,86570,1
running,86586,86570,86586,16
walking,86632,86586,86632,46
running,86653,86632,86653,21
sniffing,86675,86653,86675,22
grooming,86676,86675,86676,1
climbing,86721,86676,86721,45
right_turning,86730,86721,86730,9
grooming,86731,86730,86731,1
sniffing,86758,86731,86758,27
walking,86803,86758,86803,45
sniffing,86892,86803,86892,89
walking,86925,86892,86925,33
stepping,86966,86925,86966,41
sniffing,86967,86966,86967,1
walking,86997,86967,86997,30
stepping,87030,86997,87030,33
rising,87041,87030,87041,11
right_turning,87062,87041,87062,21
stepping,87083,87062,87083,21
sniffing,87147,87083,87147,64
stepping,87193,87147,87193,46
sniffing,87298,87193,87298,105
hunching,87345,87298,87345,47
grooming,87509,87345,87509,164
hunching,87533,87509,87533,24
grooming,87598,87533,87598,65
walking,87604,87598,87604,6
stepping,87654,87604,87654,50
trotting,87674,87654,87674,20
sniffing,87704,87674,87704,30
stepping,87747,87704,87747,43
climbing,87788,87747,87788,41
walking,87859,87788,87859,71
stepping,87880,87859,87880,21
climbing,87945,87880,87945,65
rearing,88024,87945,88024,79
grooming,88769,88024,88769,745
right_turning,88798,88769,88798,29
stepping,88888,88798,88888,90
sniffing,88934,88888,88934,46
rising,88950,88934,88950,16
climbing,88984,88950,88984,34
grooming,89585,88984,89585,601
sniffing,89643,89585,89643,58
rising,89695,89643,89695,52
grooming,89696,89695,89696,1
scratching,89698,89696,89698,2
grooming,90932,89698,90932,1234
sniffing,91005,90932,91005,73
stepping,91035,91005,91035,30
right_turning,91036,91035,91036,1
stepping,91047,91036,91047,11
sniffing,91054,91047,91054,7
stepping,91131,91054,91131,77
sniffing,91132,91131,91132,1
stepping,91154,91132,91154,22
sniffing,91206,91154,91206,52
hunching,91248,91206,91248,42
rising,91249,91248,91249,1
sniffing,91299,91249,91299,50
right_turning,91322,91299,91322,23
stepping,91327,91322,91327,5
climbing,91361,91327,91361,34
grooming,91362,91361,91362,1
rearing,91422,91362,91422,60
climbing,91463,91422,91463,41
rising,91478,91463,91478,15
climbing,91560,91478,91560,82
left_turning,91561,91560,91561,1
walking,91629,91561,91629,68
stepping,91633,91629,91633,4
sniffing,91634,91633,91634,1
grooming,91709,91634,91709,75
stepping,91730,91709,91730,21
walking,91752,91730,91752,22
stepping,91754,91752,91754,2
walking,91794,91754,91794,40
sniffing,91810,91794,91810,16
grooming,91928,91810,91928,118
rearing,91963,91928,91963,35
grooming,92034,91963,92034,71
rising,92083,92034,92083,49
walking,92131,92083,92131,48
stepping,92141,92131,92141,10
sniffing,92147,92141,92147,6
left_turning,92214,92147,92214,67
hunching,92291,92214,92291,77
rearing,92342,92291,92342,51
climbing,92394,92342,92394,52
rearing,92505,92394,92505,111
sniffing,92544,92505,92544,39
stepping,92578,92544,92578,34
rearing,92605,92578,92605,27
stepping,92652,92605,92652,47
rearing,92669,92652,92669,17
walking,92670,92669,92670,1
stepping,92686,92670,92686,16
sniffing,92720,92686,92720,34
rising,92722,92720,92722,2
grooming,92808,92722,92808,86
rearing,92892,92808,92892,84
hunching,92993,92892,92993,101
grooming,93028,92993,93028,35
right_turning,93040,93028,93040,12
stepping,93066,93040,93066,26
walking,93080,93066,93080,14
rearing,93081,93080,93081,1
left_turning,93143,93081,93143,62
rearing,93386,93143,93386,243
left_turning,93387,93386,93387,1
walking,93390,93387,93390,3
sniffing,93445,93390,93445,55
rising,93470,93445,93470,25
grooming,93583,93470,93583,113
walking,93611,93583,93611,28
sniffing,93630,93611,93630,19
stepping,93637,93630,93637,7
sniffing,93641,93637,93641,4
left_turning,93652,93641,93652,11
walking,93694,93652,93694,42
sniffing,93710,93694,93710,16
rising,93738,93710,93738,28
left_turning,93790,93738,93790,52
walking,93861,93790,93861,71
running,93883,93861,93883,22
stepping,93905,93883,93905,22
sniffing,94018,93905,94018,113
grooming,94067,94018,94067,49
walking,94091,94067,94091,24
hunching,94173,94091,94173,82
grooming,94174,94173,94174,1
climbing,94215,94174,94215,41
rearing,94244,94215,94244,29
rising,94250,94244,94250,6
grooming,94427,94250,94427,177
climbing,94463,94427,94463,36
stepping,94491,94463,94491,28
right_turning,94522,94491,94522,31
walking,94549,94522,94549,27
stepping,94567,94549,94567,18
sniffing,94568,94567,94568,1
left_turning,94586,94568,94586,18
sniffing,94629,94586,94629,43
grooming,94812,94629,94812,183
rearing,94829,94812,94829,17
rising,94830,94829,94830,1
left_turning,94868,94830,94868,38
sniffing,94930,94868,94930,62
right_turning,94965,94930,94965,35
trotting,94985,94965,94985,20
sniffing,95011,94985,95011,26
rising,95047,95011,95047,36
rearing,95121,95047,95121,74
stepping,95122,95121,95122,1
sniffing,95233,95122,95233,111
grooming,95279,95233,95279,46
walking,95301,95279,95301,22
sniffing,95314,95301,95314,13
rising,95322,95314,95322,8
sniffing,95323,95322,95323,1
walking,95324,95323,95324,1
sniffing,95388,95324,95388,64
walking,95419,95388,95419,31
sniffing,95481,95419,95481,62
stepping,95497,95481,95497,16
trotting,95516,95497,95516,19
running,95544,95516,95544,28
stepping,95547,95544,95547,3
walking,95605,95547,95605,58
climbing,95652,95605,95652,47
rearing,95775,95652,95775,123
grooming,95776,95775,95776,1
sniffing,95825,95776,95825,49
scratching,95956,95825,95956,131
sniffing,95984,95956,95984,28
scratching,96024,95984,96024,40
grooming,96138,96024,96138,114
rearing,96267,96138,96267,129
hunching,96312,96267,96312,45
rearing,96313,96312,96313,1
sniffing,96330,96313,96330,17
left_turning,96348,96330,96348,18
rearing,96399,96348,96399,51
stepping,96408,96399,96408,9
sniffing,96409,96408,96409,1
stepping,96418,96409,96418,9
sniffing,96450,96418,96450,32
climbing,96475,96450,96475,25
sniffing,96502,96475,96502,27
walking,96525,96502,96525,23
stepping,96575,96525,96575,50
walking,96603,96575,96603,28
rising,96659,96603,96659,56
climbing,96686,96659,96686,27
rising,96709,96686,96709,23
climbing,96726,96709,96726,17
walking,96740,96726,96740,14
climbing,96829,96740,96829,89
trotting,96862,96829,96862,33
running,96867,96862,96867,5
stepping,96885,96867,96885,18
sniffing,96886,96885,96886,1
rearing,96934,96886,96934,48
grooming,97061,96934,97061,127
rearing,97062,97061,97062,1
right_turning,97084,97062,97084,22
walking,97113,97084,97113,29
stepping,97122,97113,97122,9
grooming,97146,97122,97146,24
rearing,97267,97146,97267,121
grooming,97268,97267,97268,1
running,97298,97268,97298,30
walking,97340,97298,97340,42
trotting,97351,97340,97351,11
sniffing,97352,97351,97352,1
rising,97384,97352,97384,32
trotting,97408,97384,97408,24
walking,97423,97408,97423,15
sniffing,97432,97423,97432,9
walking,97453,97432,97453,21
trotting,97475,97453,97475,22
sniffing,97476,97475,97476,1
walking,97507,97476,97507,31
stepping,97545,97507,97545,38
left_turning,97577,97545,97577,32
sniffing,97578,97577,97578,1
walking,97638,97578,97638,60
rising,97659,97638,97659,21
rearing,97711,97659,97711,52
rising,97724,97711,97724,13
left_turning,97725,97724,97725,1
sniffing,97833,97725,97833,108
stepping,97834,97833,97834,1
walking,97884,97834,97884,50
climbing,97899,97884,97899,15
left_turning,97926,97899,97926,27
sniffing,97954,97926,97954,28
left_turning,98004,97954,98004,50
grooming,98130,98004,98130,126
rising,98169,98130,98169,39
sniffing,98170,98169,98170,1
stepping,98197,98170,98197,27
sniffing,98216,98197,98216,19
climbing,98235,98216,98235,19
grooming,98236,98235,98236,1
sniffing,98273,98236,98273,37
stepping,98302,98273,98302,29
right_turning,98306,98302,98306,4
rising,98315,98306,98315,9
sniffing,98348,98315,98348,33
grooming,98349,98348,98349,1
rearing,98390,98349,98390,41
hunching,98405,98390,98405,15
climbing,98450,98405,98450,45
stepping,98467,98450,98467,17
sniffing,98541,98467,98541,74
rearing,98682,98541,98682,141
walking,98697,98682,98697,15
sniffing,98698,98697,98698,1
left_turning,98699,98698,98699,1
rearing,98775,98699,98775,76
grooming,98833,98775,98833,58
rearing,98890,98833,98890,57
stepping,98891,98890,98891,1
walking,98920,98891,98920,29
rearing,99002,98920,99002,82
stepping,99017,99002,99017,15
rising,99058,99017,99058,41
right_turning,99066,99058,99066,8
sniffing,99067,99066,99067,1
rising,99097,99067,99097,30
sniffing,99140,99097,99140,43
walking,99156,99140,99156,16
rising,99253,99156,99253,97
left_turning,99263,99253,99263,10
trotting,99302,99263,99302,39
stepping,99317,99302,99317,15
sniffing,99359,99317,99359,42
climbing,99411,99359,99411,52
hunching,99468,99411,99468,57
rearing,99557,99468,99557,89
left_turning,99622,99557,99622,65
walking,99679,99622,99679,57
stepping,99701,99679,99701,22
sniffing,99712,99701,99712,11
stepping,99792,99712,99792,80
grooming,100001,99792,100001,209
rearing,100078,100001,100078,77
rising,100134,100078,100134,56
grooming,100135,100134,100135,1
hunching,100203,100135,100203,68
grooming,100204,100203,100204,1
rearing,100218,100204,100218,14
grooming,100986,100218,100986,768
rising,101001,100986,101001,15
sniffing,101055,101001,101055,54
stepping,101094,101055,101094,39
right_turning,101117,101094,101117,23
climbing,101146,101117,101146,29
sniffing,101183,101146,101183,37
grooming,101184,101183,101184,1
climbing,101314,101184,101314,130
right_turning,101325,101314,101325,11
sniffing,101407,101325,101407,82
rising,101489,101407,101489,82
hunching,101542,101489,101542,53
grooming,101557,101542,101557,15
left_turning,101572,101557,101572,15
grooming,101609,101572,101609,37
hunching,101643,101609,101643,34
grooming,101644,101643,101644,1
rearing,101645,101644,101645,1
sniffing,101706,101645,101706,61
stepping,101745,101706,101745,39
left_turning,101777,101745,101777,32
sniffing,101929,101777,101929,152
running,101937,101929,101937,8
stepping,101948,101937,101948,11
rising,102059,101948,102059,111
stepping,102089,102059,102089,30
walking,102090,102089,102090,1
sniffing,102151,102090,102151,61
stepping,102175,102151,102175,24
walking,102192,102175,102192,17
sniffing,102233,102192,102233,41
rising,102292,102233,102292,59
walking,102339,102292,102339,47
climbing,102354,102339,102354,15
sniffing,102438,102354,102438,84
rearing,102452,102438,102452,14
stepping,102463,102452,102463,11
sniffing,102545,102463,102545,82
walking,102590,102545,102590,45
rising,102619,102590,102619,29
walking,102648,102619,102648,29
sniffing,102722,102648,102722,74
stepping,102762,102722,102762,40
walking,102811,102762,102811,49
sniffing,102877,102811,102877,66
rising,102933,102877,102933,56
stepping,102971,102933,102971,38
trotting,103019,102971,103019,48
rising,103055,103019,103055,36
rearing,103264,103055,103264,209
grooming,103265,103264,103265,1
hunching,103326,103265,103326,61
rearing,103343,103326,103343,17
grooming,103344,103343,103344,1
rearing,103350,103344,103350,6
sniffing,103414,103350,103414,64
running,103421,103414,103421,7
stepping,103450,103421,103450,29
rising,103506,103450,103506,56
climbing,103591,103506,103591,85
trotting,103627,103591,103627,36
stepping,103674,103627,103674,47
sniffing,103695,103674,103695,21
walking,103723,103695,103723,28
rising,103735,103723,103735,12
grooming,103779,103735,103779,44
rearing,103851,103779,103851,72
left_turning,103870,103851,103870,19
walking,103877,103870,103877,7
sniffing,103882,103877,103882,5
left_turning,103945,103882,103945,63
grooming,103946,103945,103946,1
rising,103969,103946,103969,23
left_turning,103989,103969,103989,20
sniffing,104038,103989,104038,49
stepping,104050,104038,104050,12
running,104065,104050,104065,15
stepping,104079,104065,104079,14
walking,104115,104079,104115,36
stepping,104118,104115,104118,3
walking,104141,104118,104141,23
trotting,104177,104141,104177,36
rising,104204,104177,104204,27
left_turning,104224,104204,104224,20
walking,104271,104224,104271,47
sniffing,104272,104271,104272,1
walking,104304,104272,104304,32
sniffing,104361,104304,104361,57
stepping,104394,104361,104394,33
sniffing,104432,104394,104432,38
grooming,105169,104432,105169,737
rearing,105224,105169,105224,55
grooming,105225,105224,105225,1
rearing,105226,105225,105226,1
rising,105231,105226,105231,5
right_turning,105232,105231,105232,1
stepping,105267,105232,105267,35
sniffing,105330,105267,105330,63
walking,105358,105330,105358,28
right_turning,105382,105358,105382,24
walking,105383,105382,105383,1
sniffing,105574,105383,105574,191
left_turning,105608,105574,105608,34
grooming,105745,105608,105745,137
sniffing,105818,105745,105818,73
rising,105862,105818,105862,44
sniffing,105873,105862,105873,11
left_turning,105874,105873,105874,1
trotting,105909,105874,105909,35
sniffing,105948,105909,105948,39
grooming,106062,105948,106062,114
right_turning,106070,106062,106070,8
sniffing,106203,106070,106203,133
rising,106211,106203,106211,8
rearing,106252,106211,106252,41
hunching,106308,106252,106308,56
rearing,106338,106308,106338,30
grooming,106366,106338,106366,28
left_turning,106370,106366,106370,4
scratching,106383,106370,106383,13
grooming,106384,106383,106384,1
sniffing,106467,106384,106467,83
rising,106468,106467,106468,1
sniffing,106471,106468,106471,3
grooming,106675,106471,106675,204
rearing,106676,106675,106676,1
hunching,106696,106676,106696,20
grooming,106697,106696,106697,1
sniffing,106714,106697,106714,17
grooming,106715,106714,106715,1
rearing,106744,106715,106744,29
sniffing,106792,106744,106792,48
stepping,106811,106792,106811,19
sniffing,106857,106811,106857,46
walking,106883,106857,106883,26
trotting,106927,106883,106927,44
sniffing,106928,106927,106928,1
trotting,106971,106928,106971,43
walking,106993,106971,106993,22
stepping,107017,106993,107017,24
sniffing,107063,107017,107063,46
grooming,107067,107063,107067,4
left_turning,107105,107067,107105,38
walking,107138,107105,107138,33
sniffing,107184,107138,107184,46
grooming,107694,107184,107694,510
rising,107769,107694,107769,75
grooming,107770,107769,107770,1
left_turning,107779,107770,107779,9
climbing,107864,107779,107864,85
walking,107885,107864,107885,21
sniffing,107886,107885,107886,1
grooming,107887,107886,107887,1
rearing,107929,107887,107929,42
rising,107996,107929,107996,67
rearing,108000,107996,108000,4
