revised_movement_label,segBoundary,segBoundary_start,segBoundary_end,length
walking,40,0,40,40
sniffing,60,40,60,20
grooming,73,60,73,13
rising,80,73,80,7
stepping,95,80,95,15
walking,96,95,96,1
stepping,126,96,126,30
sniffing,232,126,232,106
rising,271,232,271,39
walking,283,271,283,12
sniffing,310,283,310,27
rising,327,310,327,17
right_turning,360,327,360,33
stepping,407,360,407,47
trotting,420,407,420,13
stepping,438,420,438,18
sniffing,450,438,450,12
stepping,499,450,499,49
walking,518,499,518,19
stepping,563,518,563,45
sniffing,619,563,619,56
trotting,634,619,634,15
stepping,664,634,664,30
sniffing,674,664,674,10
left_turning,675,674,675,1
right_turning,710,675,710,35
sniffing,729,710,729,19
grooming,819,729,819,90
climbing,842,819,842,23
grooming,919,842,919,77
rearing,920,919,920,1
sniffing,974,920,974,54
trotting,1005,974,1005,31
sniffing,1028,1005,1028,23
grooming,1109,1028,1109,81
sniffing,1233,1109,1233,124
trotting,1244,1233,1244,11
walking,1245,1244,1245,1
stepping,1274,1245,1274,29
walking,1290,1274,1290,16
left_turning,1342,1290,1342,52
walking,1376,1342,1376,34
sniffing,1444,1376,1444,68
rising,1500,1444,1500,56
left_turning,1535,1500,1535,35
sniffing,1572,1535,1572,37
running,1588,1572,1588,16
walking,1607,1588,1607,19
sniffing,1608,1607,1608,1
left_turning,1652,1608,1652,44
walking,1673,1652,1673,21
sniffing,1687,1673,1687,14
trotting,1706,1687,1706,19
stepping,1722,1706,1722,16
walking,1765,1722,1765,43
sniffing,1766,1765,1766,1
walking,1779,1766,1779,13
stepping,1813,1779,1813,34
walking,1852,1813,1852,39
trotting,1869,1852,1869,17
running,1900,1869,1900,31
trotting,1928,1900,1928,28
walking,1937,1928,1937,9
sniffing,2037,1937,2037,100
stepping,2048,2037,2048,11
right_turning,2061,2048,2061,13
trotting,2084,2061,2084,23
walking,2129,2084,2129,45
stepping,2177,2129,2177,48
walking,2203,2177,2203,26
climbing,2242,2203,2242,39
sniffing,2276,2242,2276,34
trotting,2305,2276,2305,29
sniffing,2306,2305,2306,1
climbing,2334,2306,2334,28
grooming,2413,2334,2413,79
rearing,2530,2413,2530,117
grooming,2848,2530,2848,318
hunching,2952,2848,2952,104
rearing,2977,2952,2977,25
sniffing,3004,2977,3004,27
rising,3005,3004,3005,1
stepping,3028,3005,3028,23
walking,3082,3028,3082,54
rising,3096,3082,3096,14
rearing,3097,3096,3097,1
grooming,3205,3097,3205,108
sniffing,3262,3205,3262,57
walking,3296,3262,3296,34
rising,3297,3296,3297,1
rearing,3455,3297,3455,158
climbing,3560,3455,3560,105
sniffing,3588,3560,3588,28
rising,3600,3588,3600,12
left_turning,3634,3600,3634,34
stepping,3648,3634,3648,14
walking,3686,3648,3686,38
stepping,3687,3686,3687,1
walking,3765,3687,3765,78
stepping,3806,3765,3806,41
walking,3840,3806,3840,34
left_turning,3866,3840,3866,26
sniffing,3893,3866,3893,27
left_turning,3913,3893,3913,20
running,3952,3913,3952,39
rising,4021,3952,4021,69
sniffing,4097,4021,4097,76
rising,4120,4097,4120,23
hunching,4121,4120,4121,1
rearing,4259,4121,4259,138
stepping,4277,4259,4277,18
left_turning,4285,4277,4285,8
stepping,4302,4285,4302,17
sniffing,4318,4302,4318,16
stepping,4351,4318,4351,33
rising,4376,4351,4376,25
sniffing,4377,4376,4377,1
rising,4411,4377,4411,34
rearing,4452,4411,4452,41
rising,4490,4452,4490,38
sniffing,4508,4490,4508,18
grooming,5119,4508,5119,611
climbing,5154,5119,5154,35
left_turning,5188,5154,5188,34
running,5227,5188,5227,39
walking,5228,5227,5228,1
trotting,5254,5228,5254,26
running,5277,5254,5277,23
trotting,5290,5277,5290,13
running,5318,5290,5318,28
trotting,5352,5318,5352,34
rising,5394,5352,5394,42
stepping,5447,5394,5447,53
running,5487,5447,5487,40
walking,5545,5487,5545,58
rising,5625,5545,5625,80
sniffing,5667,5625,5667,42
walking,5767,5667,5767,100
left_turning,5799,5767,5799,32
rising,5801,5799,5801,2
left_turning,5860,5801,5860,59
walking,5870,5860,5870,10
grooming,6026,5870,6026,156
right_turning,6039,6026,6039,13
sniffing,6047,6039,6047,8
rearing,6048,6047,6048,1
hunching,6215,6048,6215,167
grooming,6383,6215,6383,168
sniffing,6427,6383,6427,44
walking,6494,6427,6494,67
sniffing,6495,6494,6495,1
grooming,6575,6495,6575,80
left_turning,6577,6575,6577,2
grooming,6725,6577,6725,148
hunching,6785,6725,6785,60
grooming,6859,6785,6859,74
left_turning,6904,6859,6904,45
walking,6939,6904,6939,35
sniffing,7060,6939,7060,121
running,7074,7060,7074,14
trotting,7092,7074,7092,18
walking,7093,7092,7093,1
sniffing,7115,7093,7115,22
rising,7116,7115,7116,1
rearing,7117,7116,7117,1
sniffing,7185,7117,7185,68
rising,7186,7185,7186,1
sniffing,7197,7186,7197,11
walking,7217,7197,7217,20
running,7245,7217,7245,28
hunching,7246,7245,7246,1
rearing,7345,7246,7345,99
sniffing,7387,7345,7387,42
walking,7407,7387,7407,20
stepping,7427,7407,7427,20
walking,7475,7427,7475,48
sniffing,7476,7475,7476,1
walking,7539,7476,7539,63
sniffing,7540,7539,7540,1
grooming,7541,7540,7541,1
hunching,7542,7541,7542,1
rising,7589,7542,7589,47
grooming,7672,7589,7672,83
sniffing,7691,7672,7691,19
walking,7727,7691,7727,36
sniffing,7739,7727,7739,12
rising,7841,7739,7841,102
walking,7863,7841,7863,22
stepping,7876,7863,7876,13
sniffing,7890,7876,7890,14
running,7905,7890,7905,15
sniffing,7973,7905,7973,68
right_turning,7982,7973,7982,9
trotting,8019,7982,8019,37
sniffing,8078,8019,8078,59
grooming,8208,8078,8208,130
rising,8215,8208,8215,7
sniffing,8216,8215,8216,1
rising,8267,8216,8267,51
grooming,8351,8267,8351,84
rearing,8358,8351,8358,7
climbing,8376,8358,8376,18
sniffing,8432,8376,8432,56
walking,8464,8432,8464,32
running,8482,8464,8482,18
stepping,8495,8482,8495,13
rising,8593,8495,8593,98
grooming,8727,8593,8727,134
rising,8776,8727,8776,49
grooming,9194,8776,9194,418
rearing,9195,9194,9195,1
grooming,9256,9195,9256,61
rising,9257,9256,9257,1
sniffing,9307,9257,9307,50
rising,9328,9307,9328,21
left_turning,9340,9328,9340,12
right_turning,9356,9340,9356,16
sniffing,9394,9356,9394,38
stepping,9411,9394,9411,17
trotting,9442,9411,9442,31
walking,9512,9442,9512,70
stepping,9552,9512,9552,40
rising,9630,9552,9630,78
rearing,9662,9630,9662,32
left_turning,9727,9662,9727,65
stepping,9735,9727,9735,8
walking,9741,9735,9741,6
trotting,9777,9741,9777,36
running,9823,9777,9823,46
rising,9996,9823,9996,173
sniffing,10191,9996,10191,195
trotting,10229,10191,10229,38
walking,10258,10229,10258,29
rearing,10259,10258,10259,1
grooming,10357,10259,10357,98
sniffing,10391,10357,10391,34
rising,10607,10391,10607,216
grooming,10608,10607,10608,1
left_turning,10618,10608,10618,10
grooming,10724,10618,10724,106
walking,10731,10724,10731,7
sniffing,10806,10731,10806,75
stepping,10834,10806,10834,28
walking,10840,10834,10840,6
stepping,10903,10840,10903,63
trotting,10908,10903,10908,5
stepping,10989,10908,10989,81
sniffing,11034,10989,11034,45
stepping,11040,11034,11040,6
walking,11042,11040,11042,2
rising,11065,11042,11065,23
grooming,11066,11065,11066,1
rising,11111,11066,11111,45
left_turning,11133,11111,11133,22
trotting,11167,11133,11167,34
walking,11189,11167,11189,22
sniffing,11252,11189,11252,63
rising,11288,11252,11288,36
grooming,11289,11288,11289,1
rearing,11350,11289,11350,61
climbing,11367,11350,11367,17
left_turning,11400,11367,11400,33
trotting,11438,11400,11438,38
walking,11514,11438,11514,76
rearing,11580,11514,11580,66
sniffing,11601,11580,11601,21
running,11634,11601,11634,33
left_turning,11669,11634,11669,35
walking,11712,11669,11712,43
right_turning,11739,11712,11739,27
walking,11740,11739,11740,1
sniffing,11754,11740,11754,14
running,11793,11754,11793,39
walking,11794,11793,11794,1
sniffing,11809,11794,11809,15
rising,11810,11809,11810,1
rearing,11908,11810,11908,98
grooming,12202,11908,12202,294
rising,12203,12202,12203,1
grooming,12458,12203,12458,255
running,12480,12458,12480,22
sniffing,12507,12480,12507,27
rising,12549,12507,12549,42
climbing,12577,12549,12577,28
stepping,12609,12577,12609,32
sniffing,12635,12609,12635,26
grooming,12746,12635,12746,111
sniffing,12793,12746,12793,47
grooming,12794,12793,12794,1
rearing,12837,12794,12837,43
climbing,12850,12837,12850,13
left_turning,12892,12850,12892,42
walking,12937,12892,12937,45
rising,12987,12937,12987,50
rearing,13290,12987,13290,303
hunching,13372,13290,13372,82
walking,13391,13372,13391,19
trotting,13423,13391,13423,32
sniffing,13451,13423,13451,28
left_turning,13488,13451,13488,37
rising,13538,13488,13538,50
grooming,13539,13538,13539,1
rearing,13622,13539,13622,83
grooming,13769,13622,13769,147
stepping,13786,13769,13786,17
walking,13801,13786,13801,15
stepping,13802,13801,13802,1
rearing,13974,13802,13974,172
hunching,13979,13974,13979,5
grooming,14052,13979,14052,73
climbing,14096,14052,14096,44
walking,14122,14096,14122,26
sniffing,14155,14122,14155,33
grooming,14421,14155,14421,266
rearing,14507,14421,14507,86
rising,14511,14507,14511,4
running,14544,14511,14544,33
sniffing,14557,14544,14557,13
climbing,14582,14557,14582,25
left_turning,14627,14582,14627,45
walking,14647,14627,14647,20
rising,14696,14647,14696,49
sniffing,14735,14696,14735,39
grooming,14736,14735,14736,1
left_turning,14827,14736,14827,91
running,14828,14827,14828,1
stepping,14857,14828,14857,29
grooming,15073,14857,15073,216
rising,15103,15073,15103,30
rearing,15149,15103,15149,46
grooming,15170,15149,15170,21
sniffing,15280,15170,15280,110
rising,15409,15280,15409,129
sniffing,15422,15409,15422,13
rising,15426,15422,15426,4
sniffing,15438,15426,15438,12
grooming,15439,15438,15439,1
rearing,15440,15439,15440,1
grooming,15816,15440,15816,376
sniffing,15900,15816,15900,84
stepping,15924,15900,15924,24
rising,15983,15924,15983,59
left_turning,16009,15983,16009,26
sniffing,16056,16009,16056,47
trotting,16057,16056,16057,1
walking,16058,16057,16058,1
trotting,16097,16058,16097,39
stepping,16123,16097,16123,26
running,16175,16123,16175,52
sniffing,16252,16175,16252,77
trotting,16253,16252,16253,1
stepping,16342,16253,16342,89
rearing,16343,16342,16343,1
sniffing,16369,16343,16369,26
grooming,16514,16369,16514,145
hunching,16527,16514,16527,13
grooming,16528,16527,16528,1
rearing,16529,16528,16529,1
left_turning,16530,16529,16530,1
walking,16555,16530,16555,25
stepping,16595,16555,16595,40
sniffing,16639,16595,16639,44
left_turning,16644,16639,16644,5
rising,16698,16644,16698,54
hunching,16822,16698,16822,124
rising,17014,16822,17014,192
left_turning,17039,17014,17039,25
sniffing,17059,17039,17059,20
trotting,17090,17059,17090,31
running,17115,17090,17115,25
walking,17145,17115,17145,30
sniffing,17292,17145,17292,147
walking,17331,17292,17331,39
sniffing,17340,17331,17340,9
grooming,17499,17340,17499,159
rearing,17500,17499,17500,1
rising,17536,17500,17536,36
grooming,17824,17536,17824,288
rearing,17870,17824,17870,46
stepping,17882,17870,17882,12
rearing,17909,17882,17909,27
grooming,17957,17909,17957,48
rising,17958,17957,17958,1
stepping,17982,17958,17982,24
sniffing,18008,17982,18008,26
climbing,18040,18008,18040,32
rising,18108,18040,18108,68
grooming,18109,18108,18109,1
rising,18119,18109,18119,10
sniffing,18122,18119,18122,3
left_turning,18166,18122,18166,44
trotting,18189,18166,18189,23
sniffing,18260,18189,18260,71
rising,18261,18260,18261,1
sniffing,18281,18261,18281,20
stepping,18287,18281,18287,6
sniffing,18348,18287,18348,61
climbing,18357,18348,18357,9
trotting,18358,18357,18358,1
walking,18393,18358,18393,35
climbing,18422,18393,18422,29
walking,18433,18422,18433,11
sniffing,18467,18433,18467,34
rising,18480,18467,18480,13
sniffing,18481,18480,18481,1
grooming,18641,18481,18641,160
walking,18642,18641,18642,1
stepping,18670,18642,18670,28
rearing,18721,18670,18721,51
climbing,18772,18721,18772,51
grooming,19040,18772,19040,268
sniffing,19048,19040,19048,8
stepping,19096,19048,19096,48
sniffing,19196,19096,19196,100
stepping,19230,19196,19230,34
climbing,19276,19230,19276,46
rising,19316,19276,19316,40
right_turning,19376,19316,19376,60
sniffing,19401,19376,19401,25
hunching,19469,19401,19469,68
rearing,19522,19469,19522,53
climbing,19573,19522,19573,51
walking,19595,19573,19595,22
stepping,19620,19595,19620,25
rising,19640,19620,19640,20
walking,19669,19640,19669,29
right_turning,19679,19669,19679,10
walking,19683,19679,19683,4
sniffing,19707,19683,19707,24
rearing,19752,19707,19752,45
climbing,19805,19752,19805,53
rearing,19888,19805,19888,83
left_turning,19903,19888,19903,15
walking,19960,19903,19960,57
trotting,19993,19960,19993,33
right_turning,20009,19993,20009,16
running,20033,20009,20033,24
trotting,20068,20033,20068,35
sniffing,20143,20068,20143,75
grooming,20233,20143,20233,90
rearing,20251,20233,20251,18
climbing,20288,20251,20288,37
walking,20310,20288,20310,22
stepping,20359,20310,20359,49
walking,20388,20359,20388,29
stepping,20418,20388,20418,30
sniffing,20502,20418,20502,84
walking,20503,20502,20503,1
climbing,20574,20503,20574,71
stepping,20606,20574,20606,32
rearing,20648,20606,20648,42
hunching,20686,20648,20686,38
grooming,20874,20686,20874,188
hunching,20929,20874,20929,55
rising,20930,20929,20930,1
sniffing,20960,20930,20960,30
rearing,21197,20960,21197,237
walking,21227,21197,21227,30
right_turning,21250,21227,21250,23
sniffing,21264,21250,21264,14
trotting,21286,21264,21286,22
rising,21324,21286,21324,38
left_turning,21351,21324,21351,27
stepping,21386,21351,21386,35
sniffing,21425,21386,21425,39
stepping,21451,21425,21451,26
walking,21522,21451,21522,71
grooming,21847,21522,21847,325
stepping,21857,21847,21857,10
rising,21914,21857,21914,57
climbing,21953,21914,21953,39
stepping,21983,21953,21983,30
rising,21984,21983,21984,1
walking,22025,21984,22025,41
sniffing,22095,22025,22095,70
rearing,22162,22095,22162,67
trotting,22194,22162,22194,32
sniffing,22229,22194,22229,35
trotting,22254,22229,22254,25
walking,22283,22254,22283,29
rearing,22355,22283,22355,72
hunching,22367,22355,22367,12
grooming,22490,22367,22490,123
hunching,22517,22490,22517,27
rearing,22518,22517,22518,1
grooming,22674,22518,22674,156
left_turning,22693,22674,22693,19
stepping,22713,22693,22713,20
climbing,22771,22713,22771,58
left_turning,22804,22771,22804,33
trotting,22824,22804,22824,20
grooming,22825,22824,22825,1
left_turning,22880,22825,22880,55
rearing,22899,22880,22899,19
grooming,22900,22899,22900,1
rearing,23229,22900,23229,329
grooming,23230,23229,23230,1
climbing,23281,23230,23281,51
stepping,23284,23281,23284,3
sniffing,23285,23284,23285,1
grooming,23288,23285,23288,3
hunching,23497,23288,23497,209
grooming,24234,23497,24234,737
sniffing,24302,24234,24302,68
rearing,24328,24302,24328,26
walking,24365,24328,24365,37
sniffing,24398,24365,24398,33
grooming,25026,24398,25026,628
rising,25158,25026,25158,132
climbing,25182,25158,25182,24
grooming,25183,25182,25183,1
rearing,25250,25183,25250,67
grooming,25256,25250,25256,6
sniffing,25304,25256,25304,48
stepping,25321,25304,25321,17
trotting,25337,25321,25337,16
sniffing,25338,25337,25338,1
rising,25367,25338,25367,29
climbing,25404,25367,25404,37
rising,25415,25404,25415,11
hunching,25466,25415,25466,51
rearing,25583,25466,25583,117
rising,25584,25583,25584,1
rearing,25641,25584,25641,57
grooming,25884,25641,25884,243
rearing,25938,25884,25938,54
grooming,26251,25938,26251,313
rearing,26435,26251,26435,184
grooming,26450,26435,26450,15
rising,26451,26450,26451,1
walking,26469,26451,26469,18
sniffing,26490,26469,26490,21
trotting,26521,26490,26521,31
walking,26522,26521,26522,1
rising,26555,26522,26555,33
walking,26577,26555,26577,22
grooming,26599,26577,26599,22
rearing,26600,26599,26600,1
hunching,26601,26600,26601,1
rearing,26615,26601,26615,14
rising,26616,26615,26616,1
sniffing,26633,26616,26633,17
stepping,26639,26633,26639,6
sniffing,26640,26639,26640,1
stepping,26655,26640,26655,15
sniffing,26732,26655,26732,77
rising,26838,26732,26838,106
right_turning,26866,26838,26866,28
stepping,26896,26866,26896,30
sniffing,26956,26896,26956,60
grooming,26959,26956,26959,3
rearing,26961,26959,26961,2
grooming,27158,26961,27158,197
sniffing,27185,27158,27185,27
rearing,27225,27185,27225,40
stepping,27284,27225,27284,59
grooming,27285,27284,27285,1
sniffing,27335,27285,27335,50
stepping,27348,27335,27348,13
sniffing,27384,27348,27384,36
walking,27432,27384,27432,48
sniffing,27466,27432,27466,34
walking,27498,27466,27498,32
sniffing,27649,27498,27649,151
left_turning,27682,27649,27682,33
scratching,27784,27682,27784,102
grooming,27785,27784,27785,1
walking,27811,27785,27811,26
stepping,27859,27811,27859,48
rearing,27896,27859,27896,37
rising,27975,27896,27975,79
grooming,27976,27975,27976,1
walking,28005,27976,28005,29
stepping,28040,28005,28040,35
left_turning,28083,28040,28083,43
walking,28084,28083,28084,1
stepping,28118,28084,28118,34
sniffing,28154,28118,28154,36
rising,28203,28154,28203,49
climbing,28249,28203,28249,46
running,28261,28249,28261,12
walking,28294,28261,28294,33
sniffing,28348,28294,28348,54
walking,28371,28348,28371,23
sniffing,28460,28371,28460,89
grooming,28601,28460,28601,141
walking,28635,28601,28635,34
climbing,28655,28635,28655,20
stepping,28663,28655,28663,8
sniffing,28667,28663,28667,4
grooming,28842,28667,28842,175
climbing,28852,28842,28852,10
grooming,28904,28852,28904,52
walking,28917,28904,28917,13
sniffing,28945,28917,28945,28
grooming,29146,28945,29146,201
climbing,29225,29146,29225,79
running,29265,29225,29265,40
sniffing,29335,29265,29335,70
stepping,29356,29335,29356,21
walking,29403,29356,29403,47
stepping,29411,29403,29411,8
walking,29434,29411,29434,23
stepping,29442,29434,29442,8
walking,29493,29442,29493,51
stepping,29530,29493,29530,37
sniffing,29558,29530,29558,28
climbing,29591,29558,29591,33
sniffing,29624,29591,29624,33
stepping,29631,29624,29631,7
walking,29675,29631,29675,44
grooming,29676,29675,29676,1
rearing,29680,29676,29680,4
grooming,30151,29680,30151,471
walking,30173,30151,30173,22
trotting,30193,30173,30193,20
sniffing,30217,30193,30217,24
stepping,30261,30217,30261,44
running,30318,30261,30318,57
rising,30408,30318,30408,90
climbing,30484,30408,30484,76
running,30502,30484,30502,18
sniffing,30598,30502,30598,96
grooming,30760,30598,30760,162
sniffing,30809,30760,30809,49
climbing,30851,30809,30851,42
left_turning,30869,30851,30869,18
sniffing,30904,30869,30904,35
rearing,30905,30904,30905,1
grooming,31126,30905,31126,221
rising,31174,31126,31174,48
stepping,31259,31174,31259,85
sniffing,31353,31259,31353,94
hunching,31354,31353,31354,1
grooming,31531,31354,31531,177
sniffing,31563,31531,31563,32
rising,31600,31563,31600,37
rearing,31601,31600,31601,1
stepping,31635,31601,31635,34
walking,31662,31635,31662,27
stepping,31685,31662,31685,23
rearing,31763,31685,31763,78
climbing,31821,31763,31821,58
stepping,31885,31821,31885,64
rising,31928,31885,31928,43
rearing,31934,31928,31934,6
grooming,31935,31934,31935,1
climbing,31981,31935,31981,46
left_turning,32005,31981,32005,24
sniffing,32006,32005,32006,1
grooming,32080,32006,32080,74
sniffing,32094,32080,32094,14
rising,32172,32094,32172,78
sniffing,32215,32172,32215,43
left_turning,32245,32215,32245,30
trotting,32275,32245,32275,30
sniffing,32308,32275,32308,33
left_turning,32349,32308,32349,41
rising,32414,32349,32414,65
climbing,32450,32414,32450,36
grooming,32894,32450,32894,444
right_turning,32925,32894,32925,31
walking,32964,32925,32964,39
stepping,32976,32964,32976,12
right_turning,33024,32976,33024,48
walking,33051,33024,33051,27
rearing,33311,33051,33311,260
climbing,33334,33311,33334,23
walking,33344,33334,33344,10
sniffing,33417,33344,33417,73
grooming,33572,33417,33572,155
rising,33595,33572,33595,23
climbing,33636,33595,33636,41
grooming,33742,33636,33742,106
rearing,33784,33742,33784,42
hunching,33785,33784,33785,1
rearing,33836,33785,33836,51
rising,33870,33836,33870,34
right_turning,33872,33870,33872,2
stepping,33890,33872,33890,18
rearing,33993,33890,33993,103
stepping,34038,33993,34038,45
sniffing,34091,34038,34091,53
stepping,34116,34091,34116,25
left_turning,34118,34116,34118,2
stepping,34139,34118,34139,21
sniffing,34156,34139,34156,17
walking,34196,34156,34196,40
sniffing,34228,34196,34228,32
rising,34230,34228,34230,2
grooming,34342,34230,34342,112
hunching,34398,34342,34398,56
grooming,34412,34398,34412,14
rising,34493,34412,34493,81
climbing,34511,34493,34511,18
sniffing,34527,34511,34527,16
rising,34528,34527,34528,1
grooming,34529,34528,34529,1
rearing,34583,34529,34583,54
hunching,34584,34583,34584,1
rearing,34621,34584,34621,37
grooming,34767,34621,34767,146
rearing,34832,34767,34832,65
grooming,34939,34832,34939,107
hunching,34976,34939,34976,37
rearing,35076,34976,35076,100
sniffing,35086,35076,35086,10
grooming,36492,35086,36492,1406
sniffing,36497,36492,36497,5
grooming,36684,36497,36684,187
hunching,36787,36684,36787,103
grooming,37185,36787,37185,398
hunching,37259,37185,37259,74
rearing,37266,37259,37266,7
left_turning,37273,37266,37273,7
walking,37274,37273,37274,1
grooming,37482,37274,37482,208
left_turning,37498,37482,37498,16
sniffing,37542,37498,37542,44
walking,37543,37542,37543,1
climbing,37548,37543,37548,5
right_turning,37563,37548,37563,15
walking,37582,37563,37582,19
sniffing,37638,37582,37638,56
rearing,37724,37638,37724,86
stepping,37725,37724,37725,1
sniffing,37758,37725,37758,33
grooming,37759,37758,37759,1
stepping,37804,37759,37804,45
climbing,37812,37804,37812,8
rearing,37814,37812,37814,2
jumping,37841,37814,37841,27
rearing,37877,37841,37877,36
climbing,37963,37877,37963,86
grooming,38492,37963,38492,529
sniffing,38493,38492,38493,1
grooming,38592,38493,38592,99
rearing,38752,38592,38752,160
hunching,38778,38752,38778,26
grooming,38864,38778,38864,86
sniffing,38899,38864,38899,35
grooming,39056,38899,39056,157
trotting,39097,39056,39097,41
sniffing,39098,39097,39098,1
walking,39109,39098,39109,11
right_turning,39134,39109,39134,25
rising,39172,39134,39172,38
grooming,39173,39172,39173,1
left_turning,39208,39173,39208,35
grooming,39209,39208,39209,1
walking,39268,39209,39268,59
stepping,39280,39268,39280,12
sniffing,39299,39280,39299,19
walking,39300,39299,39300,1
stepping,39328,39300,39328,28
sniffing,39381,39328,39381,53
rising,39382,39381,39382,1
sniffing,39404,39382,39404,22
trotting,39431,39404,39431,27
sniffing,39533,39431,39533,102
stepping,39546,39533,39546,13
walking,39552,39546,39552,6
right_turning,39579,39552,39579,27
sniffing,39584,39579,39584,5
walking,39603,39584,39603,19
sniffing,39698,39603,39698,95
stepping,39702,39698,39702,4
climbing,39731,39702,39731,29
trotting,39771,39731,39771,40
sniffing,39804,39771,39804,33
walking,39824,39804,39824,20
rising,39830,39824,39830,6
rearing,39831,39830,39831,1
hunching,39871,39831,39871,40
grooming,40192,39871,40192,321
scratching,40220,40192,40220,28
trotting,40261,40220,40261,41
sniffing,40278,40261,40278,17
rising,40279,40278,40279,1
walking,40320,40279,40320,41
sniffing,40371,40320,40371,51
rising,40407,40371,40407,36
sniffing,40408,40407,40408,1
rearing,40512,40408,40512,104
grooming,40671,40512,40671,159
climbing,40716,40671,40716,45
rearing,40777,40716,40777,61
grooming,40866,40777,40866,89
rearing,40928,40866,40928,62
left_turning,40958,40928,40958,30
grooming,41016,40958,41016,58
rearing,41059,41016,41059,43
sniffing,41067,41059,41067,8
grooming,41184,41067,41184,117
sniffing,41195,41184,41195,11
climbing,41241,41195,41241,46
left_turning,41278,41241,41278,37
sniffing,41308,41278,41308,30
grooming,41353,41308,41353,45
sniffing,41394,41353,41394,41
rising,41430,41394,41430,36
sniffing,41473,41430,41473,43
walking,41536,41473,41536,63
stepping,41562,41536,41562,26
climbing,41582,41562,41582,20
rising,41628,41582,41628,46
climbing,41670,41628,41670,42
sniffing,41723,41670,41723,53
rearing,41724,41723,41724,1
sniffing,41811,41724,41811,87
grooming,41812,41811,41812,1
right_turning,41827,41812,41827,15
walking,41855,41827,41855,28
sniffing,41892,41855,41892,37
rising,41903,41892,41903,11
grooming,42069,41903,42069,166
left_turning,42070,42069,42070,1
sniffing,42105,42070,42105,35
stepping,42140,42105,42140,35
sniffing,42142,42140,42142,2
rising,42175,42142,42175,33
climbing,42225,42175,42225,50
walking,42255,42225,42255,30
stepping,42268,42255,42268,13
sniffing,42314,42268,42314,46
rising,42320,42314,42320,6
sniffing,42321,42320,42321,1
left_turning,42467,42321,42467,146
sniffing,42468,42467,42468,1
stepping,42506,42468,42506,38
climbing,42547,42506,42547,41
grooming,42651,42547,42651,104
stepping,42692,42651,42692,41
right_turning,42693,42692,42693,1
stepping,42711,42693,42711,18
right_turning,42727,42711,42727,16
walking,42772,42727,42772,45
rising,42839,42772,42839,67
stepping,42855,42839,42855,16
sniffing,42874,42855,42874,19
left_turning,42891,42874,42891,17
grooming,42892,42891,42892,1
left_turning,42893,42892,42893,1
walking,42906,42893,42906,13
sniffing,42915,42906,42915,9
walking,42973,42915,42973,58
rearing,43015,42973,43015,42
grooming,43339,43015,43339,324
walking,43357,43339,43357,18
stepping,43371,43357,43371,14
walking,43372,43371,43372,1
rearing,43373,43372,43373,1
grooming,43374,43373,43374,1
stepping,43422,43374,43422,48
sniffing,43492,43422,43492,70
right_turning,43505,43492,43505,13
rising,43532,43505,43532,27
climbing,43586,43532,43586,54
walking,43589,43586,43589,3
sniffing,43617,43589,43617,28
running,43627,43617,43627,10
walking,43628,43627,43628,1
sniffing,43662,43628,43662,34
walking,43704,43662,43704,42
sniffing,43756,43704,43756,52
stepping,43776,43756,43776,20
walking,43794,43776,43794,18
stepping,43861,43794,43861,67
climbing,43907,43861,43907,46
sniffing,43908,43907,43908,1
stepping,43966,43908,43966,58
sniffing,43990,43966,43990,24
grooming,44228,43990,44228,238
sniffing,44245,44228,44245,17
walking,44266,44245,44266,21
sniffing,44267,44266,44267,1
walking,44285,44267,44285,18
trotting,44310,44285,44310,25
walking,44424,44310,44424,114
sniffing,44425,44424,44425,1
stepping,44468,44425,44468,43
right_turning,44485,44468,44485,17
grooming,44705,44485,44705,220
climbing,44741,44705,44741,36
trotting,44759,44741,44759,18
sniffing,44790,44759,44790,31
left_turning,44810,44790,44810,20
sniffing,44882,44810,44882,72
grooming,45085,44882,45085,203
sniffing,45145,45085,45145,60
stepping,45153,45145,45153,8
right_turning,45163,45153,45163,10
sniffing,45189,45163,45189,26
trotting,45207,45189,45207,18
stepping,45237,45207,45237,30
sniffing,45243,45237,45243,6
grooming,45439,45243,45439,196
rearing,45440,45439,45440,1
rising,45486,45440,45486,46
stepping,45515,45486,45515,29
walking,45552,45515,45552,37
stepping,45578,45552,45578,26
sniffing,45676,45578,45676,98
rearing,45814,45676,45814,138
grooming,45815,45814,45815,1
walking,45876,45815,45876,61
rising,45917,45876,45917,41
climbing,45934,45917,45934,17
grooming,46010,45934,46010,76
scratching,46025,46010,46025,15
grooming,46076,46025,46076,51
hunching,46190,46076,46190,114
grooming,46451,46190,46451,261
right_turning,46456,46451,46456,5
sniffing,46472,46456,46472,16
rising,46481,46472,46481,9
sniffing,46511,46481,46511,30
rising,46545,46511,46545,34
left_turning,46553,46545,46553,8
sniffing,46572,46553,46572,19
grooming,46798,46572,46798,226
right_turning,46806,46798,46806,8
scratching,46907,46806,46907,101
left_turning,46930,46907,46930,23
stepping,46953,46930,46953,23
sniffing,47011,46953,47011,58
climbing,47038,47011,47038,27
sniffing,47112,47038,47112,74
stepping,47144,47112,47144,32
walking,47145,47144,47145,1
rising,47362,47145,47362,217
rearing,47408,47362,47408,46
climbing,47486,47408,47486,78
left_turning,47542,47486,47542,56
sniffing,47543,47542,47543,1
walking,47546,47543,47546,3
sniffing,47610,47546,47610,64
left_turning,47637,47610,47637,27
rising,47656,47637,47656,19
sniffing,47657,47656,47657,1
rearing,47663,47657,47663,6
climbing,47670,47663,47670,7
rearing,47748,47670,47748,78
grooming,47749,47748,47749,1
rising,47801,47749,47801,52
climbing,47860,47801,47860,59
trotting,47893,47860,47893,33
stepping,47909,47893,47909,16
grooming,48502,47909,48502,593
running,48531,48502,48531,29
sniffing,48571,48531,48571,40
trotting,48584,48571,48584,13
walking,48617,48584,48617,33
grooming,48699,48617,48699,82
rearing,48737,48699,48737,38
hunching,48812,48737,48812,75
grooming,48813,48812,48813,1
walking,48843,48813,48843,30
right_turning,48849,48843,48849,6
sniffing,48910,48849,48910,61
right_turning,48941,48910,48941,31
sniffing,48984,48941,48984,43
walking,49025,48984,49025,41
stepping,49026,49025,49026,1
sniffing,49046,49026,49046,20
walking,49081,49046,49081,35
stepping,49117,49081,49117,36
sniffing,49154,49117,49154,37
rising,49206,49154,49206,52
left_turning,49207,49206,49207,1
sniffing,49208,49207,49208,1
right_turning,49231,49208,49231,23
walking,49232,49231,49232,1
sniffing,49271,49232,49271,39
stepping,49301,49271,49301,30
climbing,49315,49301,49315,14
running,49354,49315,49354,39
trotting,49390,49354,49390,36
walking,49429,49390,49429,39
sniffing,49515,49429,49515,86
grooming,49600,49515,49600,85
sniffing,49774,49600,49774,174
stepping,49810,49774,49810,36
sniffing,49842,49810,49842,32
stepping,49847,49842,49847,5
climbing,49887,49847,49887,40
left_turning,49970,49887,49970,83
sniffing,49971,49970,49971,1
rising,50020,49971,50020,49
grooming,50190,50020,50190,170
rearing,50191,50190,50191,1
climbing,50206,50191,50206,15
walking,50219,50206,50219,13
grooming,50220,50219,50220,1
rearing,50221,50220,50221,1
trotting,50271,50221,50271,50
stepping,50279,50271,50279,8
sniffing,50283,50279,50283,4
stepping,50325,50283,50325,42
grooming,50529,50325,50529,204
climbing,50559,50529,50559,30
left_turning,50570,50559,50570,11
walking,50625,50570,50625,55
sniffing,50659,50625,50659,34
rising,50663,50659,50663,4
left_turning,50664,50663,50664,1
walking,50699,50664,50699,35
sniffing,50754,50699,50754,55
grooming,50813,50754,50813,59
sniffing,50882,50813,50882,69
left_turning,50908,50882,50908,26
sniffing,50909,50908,50909,1
rising,50938,50909,50938,29
sniffing,50970,50938,50970,32
stepping,50971,50970,50971,1
sniffing,51022,50971,51022,51
grooming,51196,51022,51196,174
rearing,51197,51196,51197,1
rising,51198,51197,51198,1
stepping,51234,51198,51234,36
grooming,51235,51234,51235,1
rising,51281,51235,51281,46
climbing,51366,51281,51366,85
rearing,51367,51366,51367,1
grooming,51530,51367,51530,163
left_turning,51572,51530,51572,42
sniffing,51613,51572,51613,41
stepping,51622,51613,51622,9
walking,51637,51622,51637,15
rearing,51638,51637,51638,1
climbing,51699,51638,51699,61
stepping,51812,51699,51812,113
sniffing,51867,51812,51867,55
stepping,51891,51867,51891,24
sniffing,51935,51891,51935,44
left_turning,51982,51935,51982,47
sniffing,52044,51982,52044,62
grooming,52070,52044,52070,26
left_turning,52071,52070,52071,1
sniffing,52073,52071,52073,2
stepping,52093,52073,52093,20
grooming,52625,52093,52625,532
walking,52643,52625,52643,18
stepping,52713,52643,52713,70
walking,52736,52713,52736,23
stepping,52751,52736,52751,15
walking,52834,52751,52834,83
sniffing,52835,52834,52835,1
trotting,52852,52835,52852,17
sniffing,52900,52852,52900,48
right_turning,52904,52900,52904,4
walking,52963,52904,52963,59
sniffing,53004,52963,53004,41
left_turning,53030,53004,53030,26
sniffing,53052,53030,53052,22
grooming,53053,53052,53053,1
sniffing,53103,53053,53103,50
pausing,53279,53103,53279,176
sniffing,53380,53279,53380,101
rising,53406,53380,53406,26
rearing,53407,53406,53407,1
grooming,53408,53407,53408,1
rising,53450,53408,53450,42
grooming,53451,53450,53451,1
right_turning,53454,53451,53454,3
sniffing,53530,53454,53530,76
walking,53540,53530,53540,10
trotting,53581,53540,53581,41
stepping,53591,53581,53591,10
sniffing,53673,53591,53673,82
climbing,53721,53673,53721,48
stepping,53723,53721,53723,2
sniffing,53724,53723,53724,1
stepping,53799,53724,53799,75
sniffing,53835,53799,53835,36
right_turning,53870,53835,53870,35
climbing,53904,53870,53904,34
left_turning,53945,53904,53945,41
sniffing,53965,53945,53965,20
rising,54006,53965,54006,41
climbing,54069,54006,54069,63
walking,54072,54069,54072,3
sniffing,54105,54072,54105,33
rising,54106,54105,54106,1
stepping,54178,54106,54178,72
walking,54265,54178,54265,87
left_turning,54266,54265,54266,1
walking,54320,54266,54320,54
trotting,54352,54320,54352,32
stepping,54380,54352,54380,28
climbing,54413,54380,54413,33
sniffing,54452,54413,54452,39
rising,54467,54452,54467,15
rearing,54516,54467,54516,49
left_turning,54517,54516,54517,1
walking,54529,54517,54529,12
sniffing,54630,54529,54630,101
grooming,55289,54630,55289,659
rearing,55290,55289,55290,1
sniffing,55322,55290,55322,32
rising,55326,55322,55326,4
climbing,55362,55326,55362,36
stepping,55384,55362,55384,22
sniffing,55420,55384,55420,36
scratching,55472,55420,55472,52
stepping,55578,55472,55578,106
sniffing,55604,55578,55604,26
rearing,55610,55604,55610,6
grooming,55611,55610,55611,1
sniffing,55650,55611,55650,39
grooming,55796,55650,55796,146
left_turning,55797,55796,55797,1
sniffing,55858,55797,55858,61
walking,55903,55858,55903,45
grooming,56148,55903,56148,245
left_turning,56160,56148,56160,12
running,56182,56160,56182,22
walking,56189,56182,56189,7
left_turning,56190,56189,56190,1
sniffing,56258,56190,56258,68
left_turning,56311,56258,56311,53
rearing,56335,56311,56335,24
grooming,56463,56335,56463,128
climbing,56497,56463,56497,34
running,56509,56497,56509,12
walking,56531,56509,56531,22
stepping,56549,56531,56549,18
sniffing,56556,56549,56556,7
stepping,56576,56556,56576,20
right_turning,56607,56576,56607,31
stepping,56689,56607,56689,82
sniffing,56730,56689,56730,41
walking,56764,56730,56764,34
sniffing,56771,56764,56771,7
left_turning,56799,56771,56799,28
scratching,56831,56799,56831,32
stepping,56869,56831,56869,38
rising,56870,56869,56870,1
climbing,56898,56870,56898,28
walking,56916,56898,56916,18
sniffing,56964,56916,56964,48
stepping,56982,56964,56982,18
rising,57021,56982,57021,39
walking,57057,57021,57057,36
running,57078,57057,57078,21
rearing,57145,57078,57145,67
grooming,57146,57145,57146,1
left_turning,57147,57146,57147,1
sniffing,57148,57147,57148,1
rising,57188,57148,57188,40
grooming,58456,57188,58456,1268
hunching,58468,58456,58468,12
rearing,58521,58468,58521,53
hunching,58553,58521,58553,32
grooming,58833,58553,58833,280
climbing,58854,58833,58854,21
stepping,58900,58854,58900,46
sniffing,58904,58900,58904,4
grooming,58905,58904,58905,1
rearing,58906,58905,58906,1
climbing,58947,58906,58947,41
grooming,58948,58947,58948,1
rearing,59056,58948,59056,108
climbing,59119,59056,59119,63
running,59127,59119,59127,8
trotting,59138,59127,59138,11
walking,59145,59138,59145,7
right_turning,59150,59145,59150,5
stepping,59151,59150,59151,1
grooming,59217,59151,59217,66
sniffing,59285,59217,59285,68
stepping,59300,59285,59300,15
walking,59326,59300,59326,26
sniffing,59396,59326,59396,70
left_turning,59397,59396,59397,1
sniffing,59483,59397,59483,86
rising,59531,59483,59531,48
climbing,59590,59531,59590,59
sniffing,59639,59590,59639,49
walking,59677,59639,59677,38
stepping,59700,59677,59700,23
rearing,59701,59700,59701,1
hunching,59924,59701,59924,223
grooming,60010,59924,60010,86
running,60037,60010,60037,27
sniffing,60076,60037,60076,39
left_turning,60139,60076,60139,63
sniffing,60219,60139,60219,80
walking,60259,60219,60259,40
sniffing,60333,60259,60333,74
rising,60374,60333,60374,41
climbing,60478,60374,60478,104
left_turning,60486,60478,60486,8
sniffing,60564,60486,60564,78
stepping,60667,60564,60667,103
walking,60708,60667,60708,41
sniffing,60774,60708,60774,66
walking,60783,60774,60783,9
sniffing,60831,60783,60831,48
right_turning,60848,60831,60848,17
walking,60849,60848,60849,1
sniffing,60905,60849,60905,56
walking,60931,60905,60931,26
climbing,61012,60931,61012,81
left_turning,61056,61012,61056,44
walking,61106,61056,61106,50
rising,61133,61106,61133,27
sniffing,61180,61133,61180,47
walking,61230,61180,61230,50
grooming,61231,61230,61231,1
hunching,61324,61231,61324,93
rearing,61325,61324,61325,1
grooming,61402,61325,61402,77
rearing,61455,61402,61455,53
climbing,61497,61455,61497,42
grooming,61518,61497,61518,21
hunching,61538,61518,61538,20
rising,61539,61538,61539,1
sniffing,61540,61539,61540,1
walking,61548,61540,61548,8
stepping,61559,61548,61559,11
walking,61626,61559,61626,67
sniffing,61627,61626,61627,1
left_turning,61659,61627,61659,32
grooming,61838,61659,61838,179
rearing,61839,61838,61839,1
grooming,61927,61839,61927,88
rearing,61928,61927,61928,1
sniffing,61960,61928,61960,32
grooming,62059,61960,62059,99
hunching,62074,62059,62074,15
grooming,62075,62074,62075,1
sniffing,62155,62075,62155,80
left_turning,62157,62155,62157,2
walking,62240,62157,62240,83
sniffing,62291,62240,62291,51
walking,62349,62291,62349,58
stepping,62360,62349,62360,11
sniffing,62412,62360,62412,52
stepping,62445,62412,62445,33
rising,62518,62445,62518,73
stepping,62532,62518,62532,14
sniffing,62558,62532,62558,26
walking,62585,62558,62585,27
rising,62631,62585,62631,46
rearing,62672,62631,62672,41
hunching,62673,62672,62673,1
grooming,62961,62673,62961,288
trotting,62981,62961,62981,20
walking,62984,62981,62984,3
rearing,63064,62984,63064,80
climbing,63113,63064,63113,49
rearing,63379,63113,63379,266
grooming,63526,63379,63526,147
rearing,63589,63526,63589,63
climbing,63643,63589,63643,54
walking,63677,63643,63677,34
sniffing,63835,63677,63835,158
grooming,64188,63835,64188,353
hunching,64345,64188,64345,157
grooming,64394,64345,64394,49
hunching,64507,64394,64507,113
grooming,64700,64507,64700,193
hunching,64704,64700,64704,4
rearing,64713,64704,64713,9
climbing,64745,64713,64745,32
trotting,64780,64745,64780,35
climbing,64803,64780,64803,23
left_turning,64804,64803,64804,1
rising,64845,64804,64845,41
climbing,64846,64845,64846,1
grooming,64847,64846,64847,1
scratching,64905,64847,64905,58
sniffing,64975,64905,64975,70
right_turning,64976,64975,64976,1
trotting,64989,64976,64989,13
walking,65007,64989,65007,18
sniffing,65081,65007,65081,74
stepping,65148,65081,65148,67
climbing,65171,65148,65171,23
grooming,65246,65171,65246,75
right_turning,65261,65246,65261,15
walking,65337,65261,65337,76
sniffing,65372,65337,65372,35
stepping,65391,65372,65391,19
right_turning,65404,65391,65404,13
rising,65415,65404,65415,11
sniffing,65432,65415,65432,17
rising,65455,65432,65455,23
climbing,65500,65455,65500,45
rising,65501,65500,65501,1
climbing,65570,65501,65570,69
stepping,65571,65570,65571,1
climbing,65649,65571,65649,78
stepping,65672,65649,65672,23
rearing,65682,65672,65682,10
running,65700,65682,65700,18
trotting,65737,65700,65737,37
sniffing,65821,65737,65821,84
grooming,65859,65821,65859,38
rearing,65930,65859,65930,71
climbing,65964,65930,65964,34
sniffing,65965,65964,65965,1
left_turning,65981,65965,65981,16
stepping,66001,65981,66001,20
trotting,66027,66001,66027,26
walking,66052,66027,66052,25
stepping,66091,66052,66091,39
rearing,66092,66091,66092,1
left_turning,66112,66092,66112,20
sniffing,66222,66112,66222,110
right_turning,66250,66222,66250,28
walking,66256,66250,66256,6
stepping,66312,66256,66312,56
sniffing,66313,66312,66313,1
stepping,66323,66313,66323,10
trotting,66343,66323,66343,20
stepping,66366,66343,66366,23
right_turning,66374,66366,66374,8
sniffing,66385,66374,66385,11
left_turning,66408,66385,66408,23
walking,66429,66408,66429,21
stepping,66442,66429,66442,13
sniffing,66460,66442,66460,18
grooming,66500,66460,66500,40
left_turning,66553,66500,66553,53
trotting,66581,66553,66581,28
stepping,66600,66581,66600,19
left_turning,66649,66600,66649,49
grooming,66885,66649,66885,236
hunching,66928,66885,66928,43
rearing,66977,66928,66977,49
sniffing,66978,66977,66978,1
grooming,66979,66978,66979,1
sniffing,67122,66979,67122,143
stepping,67163,67122,67163,41
sniffing,67260,67163,67260,97
left_turning,67294,67260,67294,34
walking,67364,67294,67364,70
right_turning,67372,67364,67372,8
walking,67390,67372,67390,18
stepping,67437,67390,67437,47
walking,67454,67437,67454,17
grooming,67844,67454,67844,390
rising,67859,67844,67859,15
grooming,67880,67859,67880,21
left_turning,67912,67880,67912,32
climbing,67950,67912,67950,38
running,67998,67950,67998,48
walking,67999,67998,67999,1
stepping,68039,67999,68039,40
grooming,68040,68039,68040,1
stepping,68046,68040,68046,6
right_turning,68080,68046,68080,34
sniffing,68150,68080,68150,70
stepping,68179,68150,68179,29
grooming,68180,68179,68180,1
sniffing,68233,68180,68233,53
walking,68234,68233,68234,1
stepping,68262,68234,68262,28
hunching,68310,68262,68310,48
grooming,68311,68310,68311,1
walking,68340,68311,68340,29
rearing,68470,68340,68470,130
sniffing,68537,68470,68537,67
stepping,68598,68537,68598,61
walking,68606,68598,68606,8
stepping,68659,68606,68659,53
walking,68708,68659,68708,49
stepping,68741,68708,68741,33
sniffing,68827,68741,68827,86
rising,68836,68827,68836,9
rearing,68837,68836,68837,1
grooming,68838,68837,68838,1
left_turning,68902,68838,68902,64
sniffing,68912,68902,68912,10
scratching,69027,68912,69027,115
grooming,69028,69027,69028,1
scratching,69310,69028,69310,282
grooming,69311,69310,69311,1
sniffing,69353,69311,69353,42
rising,69385,69353,69385,32
stepping,69397,69385,69397,12
climbing,69450,69397,69450,53
grooming,69584,69450,69584,134
rearing,69805,69584,69805,221
hunching,69969,69805,69969,164
grooming,70167,69969,70167,198
sniffing,70246,70167,70246,79
walking,70255,70246,70255,9
trotting,70287,70255,70287,32
rising,70332,70287,70332,45
hunching,70447,70332,70447,115
rearing,70534,70447,70534,87
grooming,71217,70534,71217,683
scratching,71288,71217,71288,71
trotting,71303,71288,71303,15
sniffing,71361,71303,71361,58
grooming,71528,71361,71528,167
left_turning,71580,71528,71580,52
walking,71609,71580,71609,29
stepping,71618,71609,71618,9
sniffing,71675,71618,71675,57
right_turning,71689,71675,71689,14
climbing,71695,71689,71695,6
walking,71699,71695,71699,4
sniffing,71750,71699,71750,51
left_turning,71770,71750,71770,20
stepping,71795,71770,71795,25
sniffing,71848,71795,71848,53
stepping,71849,71848,71849,1
grooming,71903,71849,71903,54
sniffing,71904,71903,71904,1
trotting,71907,71904,71907,3
sniffing,71908,71907,71908,1
stepping,71936,71908,71936,28
trotting,71952,71936,71952,16
sniffing,72035,71952,72035,83
walking,72062,72035,72062,27
sniffing,72130,72062,72130,68
stepping,72151,72130,72151,21
walking,72186,72151,72186,35
sniffing,72249,72186,72249,63
stepping,72268,72249,72268,19
walking,72280,72268,72280,12
stepping,72302,72280,72302,22
climbing,72316,72302,72316,14
grooming,72317,72316,72317,1
running,72341,72317,72341,24
walking,72353,72341,72353,12
right_turning,72378,72353,72378,25
climbing,72427,72378,72427,49
walking,72428,72427,72428,1
sniffing,72429,72428,72429,1
grooming,72686,72429,72686,257
sniffing,72748,72686,72748,62
rising,72754,72748,72754,6
left_turning,72775,72754,72775,21
walking,72786,72775,72786,11
left_turning,72791,72786,72791,5
walking,72837,72791,72837,46
sniffing,73007,72837,73007,170
rearing,73008,73007,73008,1
climbing,73024,73008,73024,16
grooming,73047,73024,73047,23
rearing,73048,73047,73048,1
stepping,73080,73048,73080,32
rising,73093,73080,73093,13
climbing,73147,73093,73147,54
walking,73189,73147,73189,42
stepping,73200,73189,73200,11
sniffing,73230,73200,73230,30
walking,73249,73230,73249,19
stepping,73272,73249,73272,23
sniffing,73276,73272,73276,4
stepping,73292,73276,73292,16
sniffing,73332,73292,73332,40
stepping,73361,73332,73361,29
walking,73394,73361,73394,33
trotting,73400,73394,73400,6
jumping,73422,73400,73422,22
grooming,73464,73422,73464,42
climbing,73648,73464,73648,184
left_turning,73707,73648,73707,59
stepping,73759,73707,73759,52
sniffing,73809,73759,73809,50
stepping,73828,73809,73828,19
trotting,73843,73828,73843,15
walking,73876,73843,73876,33
stepping,73896,73876,73896,20
sniffing,73950,73896,73950,54
walking,73967,73950,73967,17
trotting,73986,73967,73986,19
grooming,75255,73986,75255,1269
climbing,75257,75255,75257,2
rearing,75279,75257,75279,22
grooming,75327,75279,75327,48
rearing,75366,75327,75366,39
left_turning,75398,75366,75398,32
stepping,75409,75398,75409,11
sniffing,75517,75409,75517,108
stepping,75579,75517,75579,62
walking,75615,75579,75615,36
rearing,75792,75615,75792,177
grooming,75793,75792,75793,1
left_turning,75869,75793,75869,76
walking,75870,75869,75870,1
climbing,75881,75870,75881,11
trotting,75891,75881,75891,10
walking,75937,75891,75937,46
stepping,75956,75937,75956,19
sniffing,76064,75956,76064,108
stepping,76079,76064,76079,15
walking,76088,76079,76088,9
sniffing,76174,76088,76174,86
stepping,76197,76174,76197,23
hunching,76221,76197,76221,24
left_turning,76222,76221,76222,1
walking,76228,76222,76228,6
sniffing,76254,76228,76254,26
stepping,76259,76254,76259,5
rising,76260,76259,76260,1
right_turning,76276,76260,76276,16
walking,76313,76276,76313,37
sniffing,76382,76313,76382,69
trotting,76398,76382,76398,16
rearing,76492,76398,76492,94
rising,76509,76492,76509,17
sniffing,76510,76509,76510,1
rising,76543,76510,76543,33
walking,76544,76543,76544,1
rising,76573,76544,76573,29
rearing,76626,76573,76626,53
sniffing,76685,76626,76685,59
walking,76744,76685,76744,59
left_turning,76757,76744,76757,13
walking,76766,76757,76766,9
rearing,76770,76766,76770,4
stepping,76784,76770,76784,14
walking,76819,76784,76819,35
sniffing,76905,76819,76905,86
grooming,77097,76905,77097,192
rising,77123,77097,77123,26
stepping,77124,77123,77124,1
grooming,77281,77124,77281,157
sniffing,77312,77281,77312,31
trotting,77317,77312,77317,5
sniffing,77323,77317,77323,6
walking,77372,77323,77372,49
scratching,77373,77372,77373,1
grooming,77374,77373,77374,1
rearing,77375,77374,77375,1
hunching,77453,77375,77453,78
rearing,77511,77453,77511,58
grooming,77722,77511,77722,211
rising,77730,77722,77730,8
climbing,77839,77730,77839,109
trotting,77840,77839,77840,1
walking,77906,77840,77906,66
sniffing,77932,77906,77932,26
stepping,77936,77932,77936,4
walking,77939,77936,77939,3
sniffing,77993,77939,77993,54
left_turning,78025,77993,78025,32
stepping,78089,78025,78089,64
trotting,78128,78089,78128,39
running,78150,78128,78150,22
stepping,78165,78150,78165,15
sniffing,78166,78165,78166,1
walking,78190,78166,78190,24
stepping,78214,78190,78214,24
grooming,78828,78214,78828,614
rearing,78858,78828,78858,30
grooming,78859,78858,78859,1
sniffing,78860,78859,78860,1
rising,78885,78860,78885,25
sniffing,78971,78885,78971,86
walking,79011,78971,79011,40
trotting,79037,79011,79037,26
sniffing,79095,79037,79095,58
left_turning,79125,79095,79125,30
sniffing,79145,79125,79145,20
rising,79151,79145,79151,6
sniffing,79179,79151,79179,28
walking,79252,79179,79252,73
sniffing,79342,79252,79342,90
walking,79365,79342,79365,23
rearing,79424,79365,79424,59
climbing,79515,79424,79515,91
grooming,79594,79515,79594,79
rearing,79595,79594,79595,1
right_turning,79642,79595,79642,47
rearing,79643,79642,79643,1
right_turning,79653,79643,79653,10
sniffing,79702,79653,79702,49
rising,79703,79702,79703,1
sniffing,79722,79703,79722,19
stepping,79755,79722,79755,33
walking,79785,79755,79785,30
stepping,79800,79785,79800,15
right_turning,79801,79800,79801,1
grooming,79954,79801,79954,153
sniffing,80057,79954,80057,103
walking,80058,80057,80058,1
sniffing,80181,80058,80181,123
rising,80182,80181,80182,1
grooming,80244,80182,80244,62
trotting,80269,80244,80269,25
walking,80305,80269,80305,36
sniffing,80372,80305,80372,67
grooming,80644,80372,80644,272
sniffing,80794,80644,80794,150
grooming,80879,80794,80879,85
walking,80908,80879,80908,29
grooming,80939,80908,80939,31
climbing,80960,80939,80960,21
left_turning,80985,80960,80985,25
stepping,80993,80985,80993,8
walking,81030,80993,81030,37
sniffing,81106,81030,81106,76
rearing,81145,81106,81145,39
grooming,81227,81145,81227,82
rearing,81260,81227,81260,33
climbing,81261,81260,81261,1
rearing,81303,81261,81303,42
walking,81335,81303,81335,32
running,81338,81335,81338,3
sniffing,81407,81338,81407,69
stepping,81425,81407,81425,18
walking,81470,81425,81470,45
sniffing,81483,81470,81483,13
stepping,81510,81483,81510,27
walking,81543,81510,81543,33
sniffing,81592,81543,81592,49
walking,81639,81592,81639,47
trotting,81656,81639,81656,17
stepping,81673,81656,81673,17
rearing,81776,81673,81776,103
grooming,81795,81776,81795,19
hunching,81818,81795,81818,23
grooming,81819,81818,81819,1
sniffing,81843,81819,81843,24
rising,81883,81843,81883,40
climbing,81913,81883,81913,30
left_turning,81947,81913,81947,34
stepping,81991,81947,81991,44
climbing,82062,81991,82062,71
rearing,82075,82062,82075,13
climbing,82139,82075,82139,64
running,82175,82139,82175,36
walking,82236,82175,82236,61
sniffing,82328,82236,82328,92
grooming,82458,82328,82458,130
sniffing,82513,82458,82513,55
rising,82514,82513,82514,1
rearing,82564,82514,82564,50
climbing,82581,82564,82581,17
trotting,82611,82581,82611,30
sniffing,82691,82611,82691,80
walking,82755,82691,82755,64
climbing,82809,82755,82809,54
sniffing,82872,82809,82872,63
walking,82910,82872,82910,38
climbing,82951,82910,82951,41
rearing,82988,82951,82988,37
climbing,83042,82988,83042,54
grooming,83172,83042,83172,130
sniffing,83255,83172,83255,83
grooming,83422,83255,83422,167
stepping,83464,83422,83464,42
walking,83477,83464,83477,13
stepping,83478,83477,83478,1
sniffing,83570,83478,83570,92
stepping,83594,83570,83594,24
sniffing,83685,83594,83685,91
stepping,83715,83685,83715,30
grooming,83716,83715,83716,1
left_turning,83751,83716,83751,35
walking,83752,83751,83752,1
sniffing,83782,83752,83782,30
right_turning,83834,83782,83834,52
trotting,83845,83834,83845,11
walking,83900,83845,83900,55
climbing,83998,83900,83998,98
grooming,83999,83998,83999,1
trotting,84017,83999,84017,18
sniffing,84083,84017,84083,66
stepping,84137,84083,84137,54
walking,84207,84137,84207,70
rising,84234,84207,84234,27
sniffing,84249,84234,84249,15
walking,84269,84249,84269,20
climbing,84336,84269,84336,67
walking,84365,84336,84365,29
sniffing,84416,84365,84416,51
stepping,84450,84416,84450,34
left_turning,84471,84450,84471,21
stepping,84507,84471,84507,36
sniffing,84528,84507,84528,21
stepping,84538,84528,84538,10
walking,84558,84538,84558,20
climbing,84584,84558,84584,26
left_turning,84595,84584,84595,11
sniffing,84644,84595,84644,49
left_turning,84645,84644,84645,1
rearing,84690,84645,84690,45
grooming,84691,84690,84691,1
sniffing,84767,84691,84767,76
rising,84817,84767,84817,50
rearing,84828,84817,84828,11
grooming,84829,84828,84829,1
sniffing,84833,84829,84833,4
grooming,84834,84833,84834,1
scratching,84911,84834,84911,77
grooming,85108,84911,85108,197
walking,85110,85108,85110,2
rearing,85146,85110,85146,36
grooming,85506,85146,85506,360
rising,85511,85506,85511,5
sniffing,85513,85511,85513,2
stepping,85552,85513,85552,39
sniffing,85588,85552,85588,36
rising,85634,85588,85634,46
rearing,85696,85634,85696,62
grooming,85697,85696,85697,1
hunching,85775,85697,85775,78
stepping,85794,85775,85794,19
sniffing,85848,85794,85848,54
rising,85880,85848,85880,32
grooming,85920,85880,85920,40
rising,85955,85920,85955,35
walking,85997,85955,85997,42
sniffing,86025,85997,86025,28
stepping,86031,86025,86031,6
rising,86058,86031,86058,27
climbing,86101,86058,86101,43
running,86118,86101,86118,17
grooming,86119,86118,86119,1
scratching,86207,86119,86207,88
walking,86208,86207,86208,1
stepping,86249,86208,86249,41
right_turning,86269,86249,86269,20
rising,86315,86269,86315,46
climbing,86365,86315,86365,50
right_turning,86379,86365,86379,14
grooming,86624,86379,86624,245
scratching,86721,86624,86721,97
walking,86775,86721,86775,54
rearing,86835,86775,86835,60
climbing,86915,86835,86915,80
grooming,87109,86915,87109,194
sniffing,87143,87109,87143,34
walking,87162,87143,87162,19
right_turning,87175,87162,87175,13
walking,87199,87175,87199,24
stepping,87237,87199,87237,38
sniffing,87332,87237,87332,95
trotting,87333,87332,87333,1
stepping,87353,87333,87353,20
climbing,87400,87353,87400,47
right_turning,87414,87400,87414,14
sniffing,87482,87414,87482,68
left_turning,87681,87482,87681,199
walking,87716,87681,87716,35
sniffing,87827,87716,87827,111
grooming,87828,87827,87828,1
climbing,88016,87828,88016,188
grooming,88044,88016,88044,28
hunching,88086,88044,88086,42
grooming,88411,88086,88411,325
trotting,88462,88411,88462,51
sniffing,88533,88462,88533,71
left_turning,88534,88533,88534,1
sniffing,88599,88534,88599,65
walking,88630,88599,88630,31
sniffing,88677,88630,88677,47
climbing,88680,88677,88680,3
rearing,88740,88680,88740,60
walking,88782,88740,88782,42
stepping,88797,88782,88797,15
sniffing,88828,88797,88828,31
hunching,88872,88828,88872,44
rising,88873,88872,88873,1
grooming,88874,88873,88874,1
climbing,88876,88874,88876,2
walking,88897,88876,88897,21
trotting,88906,88897,88906,9
right_turning,88910,88906,88910,4
sniffing,88971,88910,88971,61
grooming,89167,88971,89167,196
climbing,89177,89167,89177,10
sniffing,89207,89177,89207,30
rising,89208,89207,89208,1
rearing,89209,89208,89209,1
grooming,89210,89209,89210,1
rearing,89245,89210,89245,35
sniffing,89319,89245,89319,74
climbing,89320,89319,89320,1
sniffing,89325,89320,89325,5
grooming,89454,89325,89454,129
rising,89484,89454,89484,30
climbing,89521,89484,89521,37
walking,89522,89521,89522,1
left_turning,89554,89522,89554,32
walking,89580,89554,89580,26
sniffing,89581,89580,89581,1
rising,89582,89581,89582,1
climbing,89688,89582,89688,106
walking,89716,89688,89716,28
grooming,89891,89716,89891,175
rearing,89998,89891,89998,107
sniffing,90042,89998,90042,44
rearing,90071,90042,90071,29
left_turning,90102,90071,90102,31
walking,90121,90102,90121,19
climbing,90173,90121,90173,52
rising,90187,90173,90187,14
sniffing,90188,90187,90188,1
rising,90213,90188,90213,25
hunching,90223,90213,90223,10
left_turning,90224,90223,90224,1
walking,90266,90224,90266,42
jumping,90272,90266,90272,6
walking,90311,90272,90311,39
sniffing,90382,90311,90382,71
left_turning,90413,90382,90413,31
grooming,90443,90413,90443,30
rearing,90487,90443,90487,44
hunching,90545,90487,90545,58
grooming,90812,90545,90812,267
rearing,90902,90812,90902,90
sniffing,90995,90902,90995,93
grooming,91172,90995,91172,177
trotting,91178,91172,91178,6
walking,91222,91178,91222,44
sniffing,91223,91222,91223,1
stepping,91240,91223,91240,17
left_turning,91273,91240,91273,33
trotting,91301,91273,91301,28
walking,91375,91301,91375,74
sniffing,91388,91375,91388,13
grooming,91389,91388,91389,1
rearing,91703,91389,91703,314
grooming,91822,91703,91822,119
rearing,91823,91822,91823,1
walking,91828,91823,91828,5
stepping,91860,91828,91860,32
right_turning,91887,91860,91887,27
walking,91929,91887,91929,42
stepping,91942,91929,91942,13
rearing,92007,91942,92007,65
sniffing,92057,92007,92057,50
walking,92058,92057,92058,1
sniffing,92087,92058,92087,29
left_turning,92145,92087,92145,58
sniffing,92192,92145,92192,47
stepping,92220,92192,92220,28
sniffing,92221,92220,92221,1
climbing,92285,92221,92285,64
walking,92320,92285,92320,35
stepping,92336,92320,92336,16
sniffing,92337,92336,92337,1
left_turning,92358,92337,92358,21
stepping,92360,92358,92360,2
sniffing,92532,92360,92532,172
grooming,92533,92532,92533,1
right_turning,92542,92533,92542,9
trotting,92558,92542,92558,16
walking,92572,92558,92572,14
stepping,92585,92572,92585,13
sniffing,92652,92585,92652,67
walking,92680,92652,92680,28
stepping,92689,92680,92689,9
walking,92719,92689,92719,30
stepping,92726,92719,92726,7
walking,92777,92726,92777,51
hunching,92852,92777,92852,75
left_turning,92867,92852,92867,15
climbing,92889,92867,92889,22
rearing,93188,92889,93188,299
hunching,93233,93188,93233,45
left_turning,93234,93233,93234,1
walking,93297,93234,93297,63
trotting,93310,93297,93310,13
walking,93325,93310,93325,15
grooming,93715,93325,93715,390
sniffing,93743,93715,93743,28
walking,93768,93743,93768,25
rising,93769,93768,93769,1
rearing,93770,93769,93770,1
climbing,93809,93770,93809,39
walking,93851,93809,93851,42
sniffing,93903,93851,93903,52
rising,93920,93903,93920,17
climbing,93989,93920,93989,69
walking,94002,93989,94002,13
trotting,94033,94002,94033,31
stepping,94084,94033,94084,51
rearing,94085,94084,94085,1
trotting,94123,94085,94123,38
walking,94158,94123,94158,35
sniffing,94198,94158,94198,40
rising,94214,94198,94214,16
rearing,94215,94214,94215,1
hunching,94289,94215,94289,74
rearing,94290,94289,94290,1
walking,94307,94290,94307,17
sniffing,94308,94307,94308,1
stepping,94340,94308,94340,32
trotting,94356,94340,94356,16
walking,94393,94356,94393,37
sniffing,94403,94393,94403,10
walking,94444,94403,94444,41
rising,94467,94444,94467,23
right_turning,94501,94467,94501,34
stepping,94531,94501,94531,30
sniffing,94533,94531,94533,2
trotting,94548,94533,94548,15
walking,94608,94548,94608,60
sniffing,94672,94608,94672,64
trotting,94702,94672,94702,30
stepping,94710,94702,94710,8
climbing,94740,94710,94740,30
left_turning,94763,94740,94763,23
rising,94785,94763,94785,22
sniffing,94790,94785,94790,5
rising,94810,94790,94810,20
climbing,94856,94810,94856,46
sniffing,94954,94856,94954,98
stepping,94969,94954,94969,15
climbing,95028,94969,95028,59
stepping,95070,95028,95070,42
walking,95079,95070,95079,9
sniffing,95119,95079,95119,40
stepping,95158,95119,95158,39
sniffing,95193,95158,95193,35
walking,95209,95193,95209,16
sniffing,95210,95209,95210,1
left_turning,95220,95210,95220,10
sniffing,95261,95220,95261,41
trotting,95297,95261,95297,36
walking,95303,95297,95303,6
stepping,95332,95303,95332,29
rising,95345,95332,95345,13
rearing,95408,95345,95408,63
sniffing,95453,95408,95453,45
rearing,95458,95453,95458,5
walking,95475,95458,95475,17
sniffing,95713,95475,95713,238
grooming,95714,95713,95714,1
sniffing,95812,95714,95812,98
grooming,95996,95812,95996,184
rising,96033,95996,96033,37
climbing,96073,96033,96073,40
stepping,96101,96073,96101,28
sniffing,96145,96101,96145,44
right_turning,96161,96145,96161,16
walking,96212,96161,96212,51
sniffing,96290,96212,96290,78
trotting,96323,96290,96323,33
sniffing,96348,96323,96348,25
grooming,96493,96348,96493,145
right_turning,96530,96493,96530,37
sniffing,96531,96530,96531,1
stepping,96556,96531,96556,25
rearing,96641,96556,96641,85
climbing,96711,96641,96711,70
sniffing,96712,96711,96712,1
grooming,96726,96712,96726,14
sniffing,96727,96726,96727,1
walking,96784,96727,96784,57
stepping,96793,96784,96793,9
sniffing,96874,96793,96874,81
left_turning,97013,96874,97013,139
rearing,97066,97013,97066,53
left_turning,97077,97066,97077,11
stepping,97093,97077,97093,16
walking,97119,97093,97119,26
rising,97234,97119,97234,115
sniffing,97287,97234,97287,53
walking,97321,97287,97321,34
rising,97323,97321,97323,2
walking,97334,97323,97334,11
sniffing,97412,97334,97412,78
rising,97446,97412,97446,34
grooming,97528,97446,97528,82
rearing,97605,97528,97605,77
hunching,97675,97605,97675,70
grooming,97869,97675,97869,194
rearing,97870,97869,97870,1
climbing,97871,97870,97871,1
grooming,97957,97871,97957,86
walking,97999,97957,97999,42
trotting,98015,97999,98015,16
walking,98083,98015,98083,68
running,98093,98083,98093,10
stepping,98116,98093,98116,23
sniffing,98150,98116,98150,34
stepping,98166,98150,98166,16
walking,98218,98166,98218,52
running,98237,98218,98237,19
sniffing,98280,98237,98280,43
stepping,98298,98280,98298,18
grooming,98309,98298,98309,11
trotting,98349,98309,98349,40
stepping,98396,98349,98396,47
rearing,98426,98396,98426,30
grooming,98427,98426,98427,1
rearing,98488,98427,98488,61
walking,98534,98488,98534,46
sniffing,98575,98534,98575,41
rising,98613,98575,98613,38
walking,98643,98613,98643,30
sniffing,98845,98643,98845,202
grooming,98846,98845,98846,1
walking,98847,98846,98847,1
sniffing,98848,98847,98848,1
grooming,99035,98848,99035,187
rising,99042,99035,99042,7
sniffing,99043,99042,99043,1
hunching,99044,99043,99044,1
stepping,99072,99044,99072,28
sniffing,99097,99072,99097,25
rising,99098,99097,99098,1
sniffing,99099,99098,99099,1
rising,99116,99099,99116,17
left_turning,99155,99116,99155,39
grooming,99156,99155,99156,1
right_turning,99162,99156,99162,6
stepping,99163,99162,99163,1
grooming,99228,99163,99228,65
rearing,99229,99228,99229,1
grooming,99230,99229,99230,1
climbing,99272,99230,99272,42
trotting,99284,99272,99284,12
stepping,99299,99284,99299,15
sniffing,99343,99299,99343,44
rising,99368,99343,99368,25
grooming,99373,99368,99373,5
hunching,99434,99373,99434,61
rearing,99439,99434,99439,5
grooming,99440,99439,99440,1
scratching,99511,99440,99511,71
sniffing,99553,99511,99553,42
walking,99602,99553,99602,49
stepping,99624,99602,99624,22
rearing,99683,99624,99683,59
right_turning,99688,99683,99688,5
sniffing,99689,99688,99689,1
rising,99696,99689,99696,7
climbing,99725,99696,99725,29
rearing,99774,99725,99774,49
grooming,99919,99774,99919,145
stepping,99962,99919,99962,43
sniffing,100031,99962,100031,69
walking,100105,100031,100105,74
trotting,100139,100105,100139,34
stepping,100165,100139,100165,26
walking,100203,100165,100203,38
stepping,100258,100203,100258,55
sniffing,100414,100258,100414,156
rising,100423,100414,100423,9
sniffing,100467,100423,100467,44
rising,100490,100467,100490,23
sniffing,100546,100490,100546,56
walking,100552,100546,100552,6
sniffing,100579,100552,100579,27
walking,100611,100579,100611,32
climbing,100627,100611,100627,16
rearing,100648,100627,100648,21
climbing,100699,100648,100699,51
sniffing,100820,100699,100820,121
walking,100832,100820,100832,12
sniffing,100833,100832,100833,1
left_turning,100862,100833,100862,29
hunching,100878,100862,100878,16
grooming,100879,100878,100879,1
hunching,100897,100879,100897,18
rearing,101070,100897,101070,173
right_turning,101088,101070,101088,18
walking,101140,101088,101140,52
trotting,101161,101140,101161,21
sniffing,101248,101161,101248,87
rearing,101269,101248,101269,21
climbing,101351,101269,101351,82
rearing,101352,101351,101352,1
grooming,101606,101352,101606,254
left_turning,101644,101606,101644,38
stepping,101653,101644,101653,9
walking,101672,101653,101672,19
stepping,101683,101672,101683,11
climbing,101703,101683,101703,20
rearing,101779,101703,101779,76
climbing,101822,101779,101822,43
right_turning,101872,101822,101872,50
sniffing,101897,101872,101897,25
walking,101898,101897,101898,1
sniffing,101899,101898,101899,1
stepping,101900,101899,101900,1
sniffing,101927,101900,101927,27
left_turning,101936,101927,101936,9
hunching,102059,101936,102059,123
grooming,102135,102059,102135,76
scratching,102200,102135,102200,65
sniffing,102333,102200,102333,133
stepping,102371,102333,102371,38
sniffing,102420,102371,102420,49
climbing,102459,102420,102459,39
rising,102462,102459,102462,3
rearing,102509,102462,102509,47
rising,102558,102509,102558,49
walking,102579,102558,102579,21
climbing,102582,102579,102582,3
right_turning,102614,102582,102614,32
stepping,102617,102614,102617,3
walking,102664,102617,102664,47
stepping,102711,102664,102711,47
sniffing,102774,102711,102774,63
left_turning,102775,102774,102775,1
sniffing,102787,102775,102787,12
stepping,102795,102787,102795,8
walking,102840,102795,102840,45
rising,102869,102840,102869,29
rearing,102965,102869,102965,96
hunching,103038,102965,103038,73
grooming,103229,103038,103229,191
rearing,103283,103229,103283,54
climbing,103319,103283,103319,36
sniffing,103327,103319,103327,8
walking,103364,103327,103364,37
rising,103430,103364,103430,66
trotting,103452,103430,103452,22
right_turning,103481,103452,103481,29
stepping,103486,103481,103486,5
rearing,103569,103486,103569,83
grooming,103570,103569,103570,1
rearing,103582,103570,103582,12
rising,103628,103582,103628,46
rearing,103629,103628,103629,1
hunching,103764,103629,103764,135
grooming,103765,103764,103765,1
rearing,103816,103765,103816,51
grooming,104290,103816,104290,474
hunching,104394,104290,104394,104
stepping,104438,104394,104438,44
sniffing,104439,104438,104439,1
left_turning,104549,104439,104549,110
walking,104584,104549,104584,35
sniffing,104638,104584,104638,54
walking,104699,104638,104699,61
stepping,104856,104699,104856,157
climbing,104875,104856,104875,19
right_turning,104925,104875,104925,50
walking,104997,104925,104997,72
stepping,105021,104997,105021,24
sniffing,105040,105021,105040,19
rising,105041,105040,105041,1
sniffing,105119,105041,105119,78
walking,105133,105119,105133,14
sniffing,105156,105133,105156,23
stepping,105161,105156,105161,5
rising,105174,105161,105174,13
stepping,105204,105174,105204,30
walking,105232,105204,105232,28
sniffing,105281,105232,105281,49
grooming,105627,105281,105627,346
rearing,105676,105627,105676,49
grooming,105677,105676,105677,1
rearing,105761,105677,105761,84
rising,105808,105761,105808,47
grooming,105812,105808,105812,4
hunching,105899,105812,105899,87
grooming,105900,105899,105900,1
walking,105945,105900,105945,45
climbing,105965,105945,105965,20
rearing,105997,105965,105997,32
left_turning,106009,105997,106009,12
sniffing,106088,106009,106088,79
grooming,106094,106088,106094,6
left_turning,106097,106094,106097,3
climbing,106098,106097,106098,1
rearing,106100,106098,106100,2
hunching,106101,106100,106101,1
rearing,106129,106101,106129,28
grooming,106241,106129,106241,112
rearing,106259,106241,106259,18
grooming,106450,106259,106450,191
rearing,106494,106450,106494,44
stepping,106516,106494,106516,22
walking,106517,106516,106517,1
sniffing,106593,106517,106593,76
rising,106631,106593,106631,38
rearing,106632,106631,106632,1
hunching,106712,106632,106712,80
rearing,106844,106712,106844,132
climbing,106864,106844,106864,20
grooming,106865,106864,106865,1
hunching,106967,106865,106967,102
grooming,107255,106967,107255,288
rising,107305,107255,107305,50
rearing,107385,107305,107385,80
rising,107472,107385,107472,87
left_turning,107482,107472,107482,10
climbing,107506,107482,107506,24
stepping,107518,107506,107518,12
sniffing,107589,107518,107589,71
walking,107602,107589,107602,13
sniffing,107622,107602,107622,20
walking,107673,107622,107673,51
stepping,107674,107673,107674,1
sniffing,107769,107674,107769,95
stepping,107796,107769,107796,27
sniffing,107870,107796,107870,74
climbing,107898,107870,107898,28
trotting,107907,107898,107907,9
stepping,107932,107907,107932,25
sniffing,107988,107932,107988,56
walking,107993,107988,107993,5
sniffing,107994,107993,107994,1
stepping,108000,107994,108000,6
