revised_movement_label,segBoundary,segBoundary_start,segBoundary_end,length
sniffing,38,0,38,38
walking,70,38,70,32
sniffing,99,70,99,29
walking,115,99,115,16
stepping,157,115,157,42
sniffing,198,157,198,41
right_turning,226,198,226,28
walking,239,226,239,13
sniffing,291,239,291,52
walking,360,291,360,69
rising,472,360,472,112
grooming,517,472,517,45
sniffing,544,517,544,27
stepping,577,544,577,33
sniffing,578,577,578,1
stepping,597,578,597,19
right_turning,605,597,605,8
walking,671,605,671,66
running,703,671,703,32
trotting,729,703,729,26
sniffing,750,729,750,21
stepping,787,750,787,37
sniffing,832,787,832,45
stepping,861,832,861,29
rearing,932,861,932,71
left_turning,969,932,969,37
sniffing,985,969,985,16
grooming,986,985,986,1
climbing,1034,986,1034,48
grooming,1149,1034,1149,115
rearing,1257,1149,1257,108
hunching,1314,1257,1314,57
stepping,1361,1314,1361,47
sniffing,1419,1361,1419,58
stepping,1443,1419,1443,24
sniffing,1596,1443,1596,153
stepping,1625,1596,1625,29
sniffing,1665,1625,1665,40
left_turning,1694,1665,1694,29
sniffing,1714,1694,1714,20
left_turning,1735,1714,1735,21
rearing,1763,1735,1763,28
hunching,1847,1763,1847,84
rearing,2074,1847,2074,227
sniffing,2082,2074,2082,8
grooming,2159,2082,2159,77
climbing,2174,2159,2174,15
rising,2196,2174,2196,22
walking,2208,2196,2208,12
rearing,2305,2208,2305,97
climbing,2344,2305,2344,39
left_turning,2374,2344,2374,30
rising,2452,2374,2452,78
sniffing,2503,2452,2503,51
walking,2526,2503,2526,23
rising,2583,2526,2583,57
rearing,2624,2583,2624,41
hunching,2625,2624,2625,1
left_turning,2677,2625,2677,52
walking,2750,2677,2750,73
stepping,2780,2750,2780,30
walking,2844,2780,2844,64
sniffing,2845,2844,2845,1
grooming,2846,2845,2846,1
sniffing,2847,2846,2847,1
rising,2848,2847,2848,1
sniffing,2877,2848,2877,29
stepping,2943,2877,2943,66
walking,2974,2943,2974,31
sniffing,3043,2974,3043,69
rising,3044,3043,3044,1
rearing,3135,3044,3135,91
climbing,3163,3135,3163,28
grooming,3164,3163,3164,1
hunching,3257,3164,3257,93
climbing,3268,3257,3268,11
walking,3313,3268,3313,45
stepping,3327,3313,3327,14
rising,3341,3327,3341,14
sniffing,3364,3341,3364,23
rising,3504,3364,3504,140
sniffing,3556,3504,3556,52
grooming,3648,3556,3648,92
sniffing,3732,3648,3732,84
stepping,3747,3732,3747,15
rising,3748,3747,3748,1
trotting,3759,3748,3759,11
sniffing,3795,3759,3795,36
rising,3796,3795,3796,1
left_turning,3866,3796,3866,70
walking,3908,3866,3908,42
sniffing,3937,3908,3937,29
rising,3971,3937,3971,34
sniffing,3996,3971,3996,25
stepping,4031,3996,4031,35
walking,4085,4031,4085,54
stepping,4086,4085,4086,1
walking,4129,4086,4129,43
rising,4316,4129,4316,187
grooming,4319,4316,4319,3
right_turning,4336,4319,4336,17
trotting,4357,4336,4357,21
walking,4363,4357,4363,6
stepping,4386,4363,4386,23
walking,4411,4386,4411,25
stepping,4440,4411,4440,29
walking,4464,4440,4464,24
sniffing,4527,4464,4527,63
left_turning,4554,4527,4554,27
rising,4629,4554,4629,75
stepping,4657,4629,4657,28
running,4678,4657,4678,21
sniffing,4697,4678,4697,19
left_turning,4698,4697,4698,1
walking,4731,4698,4731,33
sniffing,4760,4731,4760,29
stepping,4794,4760,4794,34
rising,4834,4794,4834,40
left_turning,4843,4834,4843,9
trotting,4883,4843,4883,40
sniffing,4965,4883,4965,82
walking,5028,4965,5028,63
sniffing,5060,5028,5060,32
scratching,5160,5060,5160,100
grooming,5192,5160,5192,32
scratching,5257,5192,5257,65
grooming,5438,5257,5438,181
hunching,5577,5438,5577,139
grooming,5578,5577,5578,1
rearing,5815,5578,5815,237
climbing,5848,5815,5848,33
sniffing,5849,5848,5849,1
rising,5897,5849,5897,48
left_turning,5900,5897,5900,3
sniffing,5937,5900,5937,37
hunching,5961,5937,5961,24
grooming,5962,5961,5962,1
hunching,6036,5962,6036,74
rearing,6167,6036,6167,131
rising,6229,6167,6229,62
sniffing,6268,6229,6268,39
hunching,6297,6268,6297,29
rearing,6301,6297,6301,4
rising,6351,6301,6351,50
stepping,6357,6351,6357,6
sniffing,6413,6357,6413,56
hunching,6470,6413,6470,57
climbing,6557,6470,6557,87
right_turning,6576,6557,6576,19
sniffing,6643,6576,6643,67
left_turning,6653,6643,6653,10
walking,6701,6653,6701,48
sniffing,6745,6701,6745,44
grooming,6859,6745,6859,114
rising,6930,6859,6930,71
sniffing,6959,6930,6959,29
left_turning,6984,6959,6984,25
sniffing,7014,6984,7014,30
grooming,7170,7014,7170,156
hunching,7260,7170,7260,90
rearing,7331,7260,7331,71
grooming,7584,7331,7584,253
left_turning,7599,7584,7599,15
sniffing,7600,7599,7600,1
walking,7649,7600,7649,49
sniffing,7697,7649,7697,48
stepping,7752,7697,7752,55
trotting,7787,7752,7787,35
stepping,7823,7787,7823,36
walking,7824,7823,7824,1
stepping,7841,7824,7841,17
rising,7868,7841,7868,27
grooming,7925,7868,7925,57
sniffing,7926,7925,7926,1
rising,8004,7926,8004,78
climbing,8024,8004,8024,20
walking,8109,8024,8109,85
sniffing,8139,8109,8139,30
rearing,8232,8139,8232,93
grooming,8233,8232,8233,1
walking,8274,8233,8274,41
sniffing,8275,8274,8275,1
rising,8299,8275,8299,24
right_turning,8314,8299,8314,15
walking,8351,8314,8351,37
rising,8410,8351,8410,59
sniffing,8471,8410,8471,61
rising,8472,8471,8472,1
stepping,8486,8472,8486,14
rising,8487,8486,8487,1
sniffing,8500,8487,8500,13
left_turning,8520,8500,8520,20
trotting,8526,8520,8526,6
climbing,8570,8526,8570,44
sniffing,8579,8570,8579,9
walking,8586,8579,8586,7
right_turning,8605,8586,8605,19
walking,8608,8605,8608,3
sniffing,8659,8608,8659,51
walking,8662,8659,8662,3
rising,8693,8662,8693,31
walking,8700,8693,8700,7
trotting,8720,8700,8720,20
running,8747,8720,8747,27
trotting,8748,8747,8748,1
walking,8784,8748,8784,36
sniffing,8823,8784,8823,39
left_turning,8844,8823,8844,21
rising,8865,8844,8865,21
left_turning,8866,8865,8866,1
walking,8880,8866,8880,14
left_turning,8900,8880,8900,20
running,8919,8900,8919,19
stepping,8950,8919,8950,31
climbing,9059,8950,9059,109
grooming,9060,9059,9060,1
sniffing,9061,9060,9061,1
walking,9079,9061,9079,18
sniffing,9144,9079,9144,65
stepping,9154,9144,9154,10
trotting,9155,9154,9155,1
stepping,9163,9155,9163,8
sniffing,9164,9163,9164,1
rising,9165,9164,9165,1
climbing,9219,9165,9219,54
left_turning,9247,9219,9247,28
running,9264,9247,9264,17
stepping,9285,9264,9285,21
sniffing,9310,9285,9310,25
walking,9341,9310,9341,31
trotting,9357,9341,9357,16
sniffing,9447,9357,9447,90
rearing,9479,9447,9479,32
hunching,9518,9479,9518,39
rising,9538,9518,9538,20
grooming,9992,9538,9992,454
stepping,10019,9992,10019,27
walking,10048,10019,10048,29
rearing,10049,10048,10049,1
climbing,10058,10049,10058,9
rearing,10059,10058,10059,1
stepping,10080,10059,10080,21
left_turning,10118,10080,10118,38
sniffing,10144,10118,10144,26
left_turning,10175,10144,10175,31
grooming,10176,10175,10176,1
sniffing,10177,10176,10177,1
trotting,10189,10177,10189,12
grooming,10800,10189,10800,611
walking,10820,10800,10820,20
sniffing,10825,10820,10825,5
walking,10838,10825,10838,13
rising,10858,10838,10858,20
left_turning,10865,10858,10865,7
stepping,10879,10865,10879,14
right_turning,10910,10879,10910,31
stepping,10971,10910,10971,61
walking,11019,10971,11019,48
trotting,11057,11019,11057,38
sniffing,11067,11057,11067,10
grooming,11114,11067,11114,47
trotting,11149,11114,11149,35
stepping,11190,11149,11190,41
left_turning,11211,11190,11211,21
walking,11242,11211,11242,31
sniffing,11297,11242,11297,55
rising,11376,11297,11376,79
stepping,11385,11376,11385,9
left_turning,11392,11385,11392,7
running,11416,11392,11416,24
rising,11490,11416,11490,74
rearing,11491,11490,11491,1
left_turning,11525,11491,11525,34
walking,11570,11525,11570,45
sniffing,11652,11570,11652,82
stepping,11699,11652,11699,47
grooming,11892,11699,11892,193
sniffing,11903,11892,11903,11
running,11920,11903,11920,17
walking,11966,11920,11966,46
rearing,11977,11966,11977,11
walking,12030,11977,12030,53
grooming,12211,12030,12211,181
sniffing,12261,12211,12261,50
grooming,12408,12261,12408,147
left_turning,12424,12408,12424,16
running,12461,12424,12461,37
walking,12469,12461,12469,8
sniffing,12510,12469,12510,41
scratching,12568,12510,12568,58
rising,12654,12568,12654,86
sniffing,12658,12654,12658,4
grooming,13180,12658,13180,522
stepping,13215,13180,13215,35
rising,13254,13215,13254,39
climbing,13309,13254,13309,55
grooming,13320,13309,13320,11
hunching,13525,13320,13525,205
grooming,14167,13525,14167,642
hunching,14216,14167,14216,49
grooming,14217,14216,14217,1
rising,14238,14217,14238,21
grooming,14368,14238,14368,130
stepping,14387,14368,14387,19
left_turning,14418,14387,14418,31
walking,14449,14418,14449,31
sniffing,14458,14449,14458,9
grooming,14459,14458,14459,1
left_turning,14462,14459,14462,3
stepping,14496,14462,14496,34
grooming,14792,14496,14792,296
rearing,14889,14792,14889,97
hunching,14908,14889,14908,19
rearing,15034,14908,15034,126
grooming,15188,15034,15188,154
running,15215,15188,15215,27
stepping,15238,15215,15238,23
rising,15244,15238,15244,6
walking,15290,15244,15290,46
stepping,15291,15290,15291,1
sniffing,15324,15291,15324,33
walking,15325,15324,15325,1
stepping,15340,15325,15340,15
grooming,15482,15340,15482,142
rising,15512,15482,15512,30
walking,15517,15512,15517,5
running,15538,15517,15538,21
left_turning,15558,15538,15558,20
stepping,15568,15558,15568,10
grooming,15569,15568,15569,1
sniffing,15621,15569,15621,52
stepping,15642,15621,15642,21
rising,15653,15642,15653,11
sniffing,15725,15653,15725,72
walking,15744,15725,15744,19
trotting,15764,15744,15764,20
running,15782,15764,15782,18
rearing,15969,15782,15969,187
hunching,16001,15969,16001,32
grooming,16002,16001,16002,1
hunching,16211,16002,16211,209
grooming,16357,16211,16357,146
rising,16604,16357,16604,247
left_turning,16638,16604,16638,34
stepping,16647,16638,16647,9
grooming,16791,16647,16791,144
right_turning,16823,16791,16823,32
stepping,16867,16823,16867,44
walking,16876,16867,16876,9
grooming,16986,16876,16986,110
stepping,17010,16986,17010,24
rising,17017,17010,17017,7
grooming,17018,17017,17018,1
running,17038,17018,17038,20
sniffing,17191,17038,17191,153
stepping,17202,17191,17202,11
grooming,17509,17202,17509,307
hunching,17559,17509,17559,50
grooming,17700,17559,17700,141
stepping,17765,17700,17765,65
trotting,17766,17765,17766,1
rearing,17854,17766,17854,88
hunching,17938,17854,17938,84
left_turning,17940,17938,17940,2
rising,18040,17940,18040,100
sniffing,18093,18040,18093,53
rising,18094,18093,18094,1
grooming,18240,18094,18240,146
walking,18268,18240,18268,28
sniffing,18272,18268,18272,4
left_turning,18298,18272,18298,26
trotting,18327,18298,18327,29
walking,18355,18327,18355,28
sniffing,18399,18355,18399,44
stepping,18429,18399,18429,30
walking,18468,18429,18468,39
trotting,18495,18468,18495,27
sniffing,18498,18495,18498,3
left_turning,18520,18498,18520,22
trotting,18563,18520,18563,43
walking,18580,18563,18580,17
stepping,18590,18580,18590,10
walking,18652,18590,18652,62
sniffing,18718,18652,18718,66
climbing,18772,18718,18772,54
sniffing,18773,18772,18773,1
rearing,18816,18773,18816,43
climbing,18855,18816,18855,39
rising,18872,18855,18872,17
climbing,18923,18872,18923,51
sniffing,18954,18923,18954,31
rising,18971,18954,18971,17
sniffing,19186,18971,19186,215
walking,19214,19186,19214,28
stepping,19264,19214,19264,50
sniffing,19294,19264,19294,30
grooming,19468,19294,19468,174
rising,19524,19468,19524,56
sniffing,19617,19524,19617,93
walking,19618,19617,19618,1
rising,19623,19618,19623,5
right_turning,19655,19623,19655,32
sniffing,19656,19655,19656,1
grooming,19843,19656,19843,187
hunching,19903,19843,19903,60
stepping,19906,19903,19906,3
sniffing,19927,19906,19927,21
stepping,19957,19927,19957,30
right_turning,19987,19957,19987,30
sniffing,19988,19987,19988,1
rising,20008,19988,20008,20
sniffing,20068,20008,20068,60
stepping,20073,20068,20073,5
left_turning,20101,20073,20101,28
sniffing,20133,20101,20133,32
grooming,20164,20133,20164,31
rearing,20202,20164,20202,38
stepping,20203,20202,20203,1
sniffing,20219,20203,20219,16
climbing,20251,20219,20251,32
trotting,20287,20251,20287,36
stepping,20334,20287,20334,47
walking,20346,20334,20346,12
sniffing,20347,20346,20347,1
rising,20435,20347,20435,88
hunching,20542,20435,20542,107
grooming,20674,20542,20674,132
left_turning,20716,20674,20716,42
grooming,21092,20716,21092,376
right_turning,21121,21092,21121,29
grooming,21239,21121,21239,118
left_turning,21249,21239,21249,10
walking,21293,21249,21293,44
sniffing,21347,21293,21347,54
rising,21401,21347,21401,54
grooming,21402,21401,21402,1
climbing,21421,21402,21421,19
grooming,21611,21421,21611,190
walking,21612,21611,21612,1
stepping,21643,21612,21643,31
walking,21732,21643,21732,89
rearing,21751,21732,21751,19
climbing,21826,21751,21826,75
rearing,21874,21826,21874,48
sniffing,21932,21874,21932,58
walking,21939,21932,21939,7
stepping,21958,21939,21958,19
walking,21987,21958,21987,29
sniffing,22001,21987,22001,14
left_turning,22023,22001,22023,22
rearing,22203,22023,22203,180
walking,22224,22203,22224,21
rising,22305,22224,22305,81
stepping,22332,22305,22332,27
sniffing,22356,22332,22356,24
walking,22362,22356,22362,6
sniffing,22411,22362,22411,49
rising,22432,22411,22432,21
sniffing,22445,22432,22445,13
walking,22494,22445,22494,49
sniffing,22521,22494,22521,27
climbing,22526,22521,22526,5
stepping,22564,22526,22564,38
sniffing,22595,22564,22595,31
walking,22630,22595,22630,35
stepping,22668,22630,22668,38
rising,22711,22668,22711,43
grooming,22916,22711,22916,205
climbing,22978,22916,22978,62
right_turning,22992,22978,22992,14
stepping,23072,22992,23072,80
climbing,23103,23072,23103,31
rising,23224,23103,23224,121
hunching,23271,23224,23271,47
stepping,23296,23271,23296,25
grooming,23297,23296,23297,1
stepping,23304,23297,23304,7
sniffing,23335,23304,23335,31
stepping,23357,23335,23357,22
rising,23369,23357,23369,12
stepping,23388,23369,23388,19
rising,23415,23388,23415,27
left_turning,23480,23415,23480,65
climbing,23564,23480,23564,84
grooming,23764,23564,23764,200
running,23766,23764,23766,2
trotting,23788,23766,23788,22
walking,23793,23788,23793,5
sniffing,23831,23793,23831,38
grooming,24018,23831,24018,187
stepping,24026,24018,24026,8
sniffing,24036,24026,24036,10
grooming,24220,24036,24220,184
left_turning,24246,24220,24246,26
rising,24293,24246,24293,47
stepping,24312,24293,24312,19
sniffing,24358,24312,24358,46
rearing,24407,24358,24407,49
climbing,24476,24407,24476,69
right_turning,24477,24476,24477,1
stepping,24504,24477,24504,27
walking,24524,24504,24524,20
rising,24525,24524,24525,1
sniffing,24620,24525,24620,95
rising,24658,24620,24658,38
climbing,24697,24658,24697,39
left_turning,24698,24697,24698,1
sniffing,24763,24698,24763,65
stepping,24793,24763,24793,30
right_turning,24819,24793,24819,26
sniffing,24820,24819,24820,1
stepping,24862,24820,24862,42
sniffing,24906,24862,24906,44
grooming,25042,24906,25042,136
rising,25114,25042,25114,72
hunching,25167,25114,25167,53
rearing,25224,25167,25224,57
walking,25227,25224,25227,3
sniffing,25295,25227,25295,68
rising,25316,25295,25316,21
climbing,25319,25316,25319,3
sniffing,25337,25319,25337,18
walking,25354,25337,25354,17
rising,25411,25354,25411,57
sniffing,25520,25411,25520,109
walking,25571,25520,25571,51
sniffing,25597,25571,25597,26
rising,25661,25597,25661,64
rearing,25730,25661,25730,69
stepping,25758,25730,25758,28
sniffing,25774,25758,25774,16
rising,25789,25774,25789,15
left_turning,25848,25789,25848,59
walking,25877,25848,25877,29
sniffing,25902,25877,25902,25
walking,25951,25902,25951,49
sniffing,26015,25951,26015,64
grooming,26016,26015,26016,1
climbing,26062,26016,26062,46
right_turning,26067,26062,26067,5
stepping,26079,26067,26079,12
sniffing,26262,26079,26262,183
stepping,26286,26262,26286,24
walking,26295,26286,26295,9
stepping,26404,26295,26404,109
sniffing,26477,26404,26477,73
rising,26522,26477,26522,45
hunching,26801,26522,26801,279
rearing,26913,26801,26913,112
rising,26967,26913,26967,54
hunching,27182,26967,27182,215
rearing,27248,27182,27248,66
walking,27277,27248,27277,29
sniffing,27278,27277,27278,1
grooming,27315,27278,27315,37
sniffing,27316,27315,27316,1
grooming,27369,27316,27369,53
sniffing,27394,27369,27394,25
stepping,27395,27394,27395,1
rearing,27428,27395,27428,33
grooming,27462,27428,27462,34
running,27484,27462,27484,22
climbing,27497,27484,27497,13
grooming,27607,27497,27607,110
rising,27656,27607,27656,49
sniffing,27683,27656,27683,27
rising,27753,27683,27753,70
sniffing,27850,27753,27850,97
stepping,27887,27850,27887,37
sniffing,27911,27887,27911,24
rising,27969,27911,27969,58
sniffing,28069,27969,28069,100
right_turning,28106,28069,28106,37
grooming,28328,28106,28328,222
scratching,28553,28328,28553,225
grooming,28554,28553,28554,1
rising,28609,28554,28609,55
climbing,28657,28609,28657,48
rearing,28704,28657,28704,47
running,28742,28704,28742,38
walking,28767,28742,28767,25
sniffing,28768,28767,28768,1
walking,28802,28768,28802,34
sniffing,28833,28802,28833,31
grooming,29061,28833,29061,228
left_turning,29078,29061,29078,17
sniffing,29129,29078,29129,51
rising,29130,29129,29130,1
grooming,29183,29130,29183,53
trotting,29209,29183,29209,26
sniffing,29284,29209,29284,75
grooming,29285,29284,29285,1
rearing,29299,29285,29299,14
grooming,29302,29299,29302,3
rearing,29357,29302,29357,55
grooming,29388,29357,29388,31
stepping,29395,29388,29395,7
left_turning,29440,29395,29440,45
stepping,29474,29440,29474,34
sniffing,29475,29474,29475,1
walking,29526,29475,29526,51
stepping,29530,29526,29530,4
grooming,29774,29530,29774,244
hunching,29921,29774,29921,147
grooming,30150,29921,30150,229
sniffing,30190,30150,30190,40
climbing,30214,30190,30214,24
sniffing,30260,30214,30260,46
left_turning,30308,30260,30308,48
sniffing,30369,30308,30369,61
stepping,30392,30369,30392,23
rising,30423,30392,30423,31
climbing,30463,30423,30463,40
stepping,30499,30463,30499,36
sniffing,30512,30499,30512,13
left_turning,30577,30512,30577,65
climbing,30634,30577,30634,57
hunching,30727,30634,30727,93
left_turning,30881,30727,30881,154
walking,30912,30881,30912,31
trotting,30921,30912,30921,9
stepping,30981,30921,30981,60
walking,30995,30981,30995,14
rising,30996,30995,30996,1
sniffing,30997,30996,30997,1
grooming,31336,30997,31336,339
walking,31368,31336,31368,32
sniffing,31389,31368,31389,21
hunching,31515,31389,31515,126
rearing,31580,31515,31580,65
grooming,31769,31580,31769,189
right_turning,31782,31769,31782,13
walking,31810,31782,31810,28
stepping,31834,31810,31834,24
sniffing,31920,31834,31920,86
stepping,32030,31920,32030,110
sniffing,32095,32030,32095,65
stepping,32099,32095,32099,4
left_turning,32126,32099,32126,27
sniffing,32129,32126,32129,3
rising,32130,32129,32130,1
grooming,32267,32130,32267,137
rearing,32346,32267,32346,79
grooming,32347,32346,32347,1
left_turning,32382,32347,32382,35
sniffing,32424,32382,32424,42
stepping,32450,32424,32450,26
sniffing,32578,32450,32578,128
walking,32614,32578,32614,36
sniffing,32624,32614,32624,10
grooming,32765,32624,32765,141
running,32804,32765,32804,39
sniffing,32923,32804,32923,119
walking,32952,32923,32952,29
sniffing,32953,32952,32953,1
right_turning,32969,32953,32969,16
stepping,33008,32969,33008,39
grooming,33009,33008,33009,1
rearing,33042,33009,33042,33
grooming,33223,33042,33223,181
rearing,33224,33223,33224,1
grooming,34034,33224,34034,810
right_turning,34057,34034,34057,23
sniffing,34080,34057,34080,23
grooming,34287,34080,34287,207
scratching,34371,34287,34371,84
trotting,34392,34371,34392,21
walking,34465,34392,34465,73
rising,34530,34465,34530,65
trotting,34549,34530,34549,19
walking,34564,34549,34564,15
rising,34623,34564,34623,59
sniffing,34624,34623,34624,1
grooming,35197,34624,35197,573
rearing,35198,35197,35198,1
hunching,35289,35198,35289,91
grooming,35465,35289,35465,176
hunching,35556,35465,35556,91
walking,35595,35556,35595,39
sniffing,35671,35595,35671,76
grooming,35806,35671,35806,135
left_turning,35862,35806,35862,56
trotting,35902,35862,35902,40
rising,35929,35902,35929,27
grooming,35982,35929,35982,53
rearing,35983,35982,35983,1
grooming,36071,35983,36071,88
left_turning,36083,36071,36083,12
sniffing,36112,36083,36112,29
walking,36125,36112,36125,13
grooming,36200,36125,36200,75
right_turning,36211,36200,36211,11
trotting,36229,36211,36229,18
running,36263,36229,36263,34
walking,36276,36263,36276,13
stepping,36313,36276,36313,37
walking,36373,36313,36373,60
sniffing,36437,36373,36437,64
climbing,36465,36437,36465,28
trotting,36469,36465,36469,4
climbing,36491,36469,36491,22
sniffing,36521,36491,36521,30
rising,36533,36521,36533,12
trotting,36562,36533,36562,29
sniffing,36609,36562,36609,47
walking,36637,36609,36637,28
sniffing,36684,36637,36684,47
grooming,36857,36684,36857,173
sniffing,36865,36857,36865,8
stepping,36919,36865,36919,54
walking,36968,36919,36968,49
sniffing,36989,36968,36989,21
walking,36990,36989,36990,1
stepping,37025,36990,37025,35
sniffing,37038,37025,37038,13
hunching,37156,37038,37156,118
rearing,37162,37156,37162,6
grooming,37319,37162,37319,157
sniffing,37322,37319,37322,3
grooming,37353,37322,37353,31
right_turning,37382,37353,37382,29
stepping,37429,37382,37429,47
grooming,37633,37429,37633,204
rearing,37843,37633,37843,210
grooming,37844,37843,37844,1
left_turning,37900,37844,37900,56
grooming,38602,37900,38602,702
left_turning,38643,38602,38643,41
sniffing,38662,38643,38662,19
grooming,38803,38662,38803,141
right_turning,38821,38803,38821,18
walking,38849,38821,38849,28
sniffing,38875,38849,38875,26
walking,38904,38875,38904,29
stepping,38979,38904,38979,75
trotting,38993,38979,38993,14
stepping,39014,38993,39014,21
rising,39045,39014,39045,31
rearing,39105,39045,39105,60
stepping,39126,39105,39126,21
sniffing,39186,39126,39186,60
left_turning,39190,39186,39190,4
trotting,39239,39190,39239,49
sniffing,39291,39239,39291,52
rising,39292,39291,39292,1
stepping,39293,39292,39293,1
rearing,39338,39293,39338,45
hunching,39361,39338,39361,23
sniffing,39370,39361,39370,9
climbing,39388,39370,39388,18
rearing,39389,39388,39389,1
grooming,39595,39389,39595,206
sniffing,39647,39595,39647,52
grooming,40243,39647,40243,596
sniffing,40404,40243,40404,161
grooming,40702,40404,40702,298
sniffing,40769,40702,40769,67
grooming,40770,40769,40770,1
scratching,40802,40770,40802,32
grooming,40905,40802,40905,103
climbing,41042,40905,41042,137
grooming,41200,41042,41200,158
left_turning,41201,41200,41201,1
stepping,41273,41201,41273,72
sniffing,41292,41273,41292,19
left_turning,41293,41292,41293,1
walking,41311,41293,41311,18
sniffing,41320,41311,41320,9
rearing,41321,41320,41321,1
grooming,41322,41321,41322,1
rearing,41323,41322,41323,1
grooming,41526,41323,41526,203
sniffing,41721,41526,41721,195
walking,41742,41721,41742,21
climbing,41802,41742,41802,60
hunching,41840,41802,41840,38
left_turning,41843,41840,41843,3
walking,41920,41843,41920,77
sniffing,41961,41920,41961,41
stepping,42040,41961,42040,79
sniffing,42110,42040,42110,70
walking,42123,42110,42123,13
sniffing,42124,42123,42124,1
left_turning,42153,42124,42153,29
sniffing,42213,42153,42213,60
walking,42225,42213,42225,12
sniffing,42241,42225,42241,16
rising,42279,42241,42279,38
sniffing,42300,42279,42300,21
walking,42319,42300,42319,19
rearing,42367,42319,42367,48
grooming,42529,42367,42529,162
walking,42532,42529,42532,3
sniffing,42566,42532,42566,34
walking,42596,42566,42596,30
running,42616,42596,42616,20
sniffing,42647,42616,42647,31
rearing,42706,42647,42706,59
grooming,43147,42706,43147,441
rearing,43179,43147,43179,32
grooming,43385,43179,43385,206
walking,43436,43385,43436,51
stepping,43444,43436,43444,8
grooming,43445,43444,43445,1
rearing,43598,43445,43598,153
grooming,43599,43598,43599,1
stepping,43634,43599,43634,35
sniffing,43777,43634,43777,143
walking,43816,43777,43816,39
sniffing,43841,43816,43841,25
climbing,43929,43841,43929,88
grooming,43930,43929,43930,1
rearing,44017,43930,44017,87
jumping,44102,44017,44102,85
grooming,44115,44102,44115,13
sniffing,44129,44115,44129,14
grooming,44345,44129,44345,216
stepping,44389,44345,44389,44
sniffing,44411,44389,44411,22
rearing,44774,44411,44774,363
grooming,44906,44774,44906,132
hunching,44963,44906,44963,57
grooming,45247,44963,45247,284
rearing,45462,45247,45462,215
rising,45514,45462,45514,52
grooming,45515,45514,45515,1
walking,45582,45515,45582,67
sniffing,45609,45582,45609,27
walking,45621,45609,45621,12
stepping,45658,45621,45658,37
hunching,45737,45658,45737,79
rearing,45757,45737,45757,20
grooming,45787,45757,45787,30
walking,45831,45787,45831,44
sniffing,45832,45831,45832,1
walking,45876,45832,45876,44
sniffing,45889,45876,45889,13
rising,45898,45889,45898,9
rearing,45961,45898,45961,63
sniffing,45993,45961,45993,32
grooming,46757,45993,46757,764
walking,46758,46757,46758,1
sniffing,46781,46758,46781,23
rising,46850,46781,46850,69
sniffing,46945,46850,46945,95
walking,46967,46945,46967,22
stepping,46987,46967,46987,20
sniffing,47014,46987,47014,27
walking,47075,47014,47075,61
stepping,47122,47075,47122,47
grooming,47123,47122,47123,1
hunching,47124,47123,47124,1
grooming,47125,47124,47125,1
hunching,47161,47125,47161,36
grooming,47175,47161,47175,14
walking,47194,47175,47194,19
sniffing,47195,47194,47195,1
left_turning,47266,47195,47266,71
grooming,47786,47266,47786,520
left_turning,47793,47786,47793,7
climbing,47821,47793,47821,28
rearing,47899,47821,47899,78
grooming,48113,47899,48113,214
walking,48115,48113,48115,2
grooming,48116,48115,48116,1
scratching,48155,48116,48155,39
walking,48201,48155,48201,46
sniffing,48222,48201,48222,21
walking,48258,48222,48258,36
sniffing,48360,48258,48360,102
left_turning,48393,48360,48393,33
sniffing,48447,48393,48447,54
walking,48475,48447,48475,28
trotting,48527,48475,48527,52
rearing,48550,48527,48550,23
running,48562,48550,48562,12
walking,48618,48562,48618,56
sniffing,48626,48618,48626,8
rising,48692,48626,48692,66
grooming,48693,48692,48693,1
scratching,48727,48693,48727,34
grooming,48920,48727,48920,193
rearing,49001,48920,49001,81
rising,49003,49001,49003,2
climbing,49043,49003,49043,40
grooming,49204,49043,49204,161
walking,49222,49204,49222,18
sniffing,49237,49222,49237,15
grooming,49238,49237,49238,1
walking,49258,49238,49258,20
grooming,49451,49258,49451,193
walking,49497,49451,49497,46
stepping,49541,49497,49541,44
sniffing,49587,49541,49587,46
walking,49653,49587,49653,66
trotting,49672,49653,49672,19
stepping,49731,49672,49731,59
walking,49752,49731,49752,21
left_turning,49772,49752,49772,20
climbing,49779,49772,49779,7
walking,49801,49779,49801,22
sniffing,49918,49801,49918,117
walking,49940,49918,49940,22
sniffing,49941,49940,49941,1
right_turning,49959,49941,49959,18
walking,50000,49959,50000,41
rising,50019,50000,50019,19
grooming,51283,50019,51283,1264
sniffing,51353,51283,51353,70
rising,51423,51353,51423,70
climbing,51493,51423,51493,70
rearing,51602,51493,51602,109
sniffing,51603,51602,51603,1
walking,51657,51603,51657,54
stepping,51706,51657,51706,49
walking,51741,51706,51741,35
sniffing,51742,51741,51742,1
grooming,52065,51742,52065,323
sniffing,52218,52065,52218,153
right_turning,52266,52218,52266,48
left_turning,52267,52266,52267,1
rising,52301,52267,52301,34
right_turning,52344,52301,52344,43
sniffing,52356,52344,52356,12
stepping,52357,52356,52357,1
sniffing,52420,52357,52420,63
left_turning,52431,52420,52431,11
rising,52465,52431,52465,34
rearing,52515,52465,52515,50
climbing,52548,52515,52548,33
stepping,52600,52548,52600,52
sniffing,52635,52600,52635,35
grooming,52711,52635,52711,76
sniffing,52716,52711,52716,5
walking,52718,52716,52718,2
sniffing,52720,52718,52720,2
walking,52754,52720,52754,34
sniffing,52817,52754,52817,63
left_turning,52826,52817,52826,9
sniffing,52827,52826,52827,1
walking,52845,52827,52845,18
stepping,52866,52845,52866,21
grooming,52947,52866,52947,81
rising,52956,52947,52956,9
sniffing,52980,52956,52980,24
stepping,52981,52980,52981,1
climbing,53003,52981,53003,22
sniffing,53053,53003,53053,50
left_turning,53109,53053,53109,56
sniffing,53240,53109,53240,131
grooming,53370,53240,53370,130
running,53395,53370,53395,25
sniffing,53431,53395,53431,36
stepping,53459,53431,53459,28
sniffing,53684,53459,53684,225
walking,53718,53684,53718,34
grooming,54420,53718,54420,702
hunching,54461,54420,54461,41
sniffing,54481,54461,54481,20
stepping,54522,54481,54522,41
walking,54544,54522,54544,22
rising,54606,54544,54606,62
climbing,54666,54606,54666,60
walking,54712,54666,54712,46
left_turning,54729,54712,54729,17
walking,54743,54729,54743,14
sniffing,54992,54743,54992,249
stepping,55009,54992,55009,17
left_turning,55010,55009,55010,1
sniffing,55067,55010,55067,57
left_turning,55072,55067,55072,5
walking,55097,55072,55097,25
stepping,55101,55097,55101,4
grooming,55187,55101,55187,86
rearing,55264,55187,55264,77
walking,55312,55264,55312,48
grooming,55471,55312,55471,159
hunching,55517,55471,55517,46
sniffing,55545,55517,55545,28
stepping,55620,55545,55620,75
sniffing,55652,55620,55652,32
rising,55653,55652,55653,1
hunching,55721,55653,55721,68
right_turning,55754,55721,55754,33
grooming,56121,55754,56121,367
climbing,56171,56121,56171,50
rearing,56172,56171,56172,1
rising,56254,56172,56254,82
rearing,56255,56254,56255,1
climbing,56284,56255,56284,29
left_turning,56345,56284,56345,61
sniffing,56387,56345,56387,42
walking,56403,56387,56403,16
sniffing,56520,56403,56520,117
walking,56628,56520,56628,108
sniffing,56665,56628,56665,37
stepping,56682,56665,56682,17
sniffing,56719,56682,56719,37
hunching,56790,56719,56790,71
grooming,56966,56790,56966,176
hunching,57061,56966,57061,95
grooming,57062,57061,57062,1
climbing,57091,57062,57091,29
trotting,57146,57091,57146,55
climbing,57191,57146,57191,45
grooming,57192,57191,57192,1
hunching,57273,57192,57273,81
grooming,57274,57273,57274,1
sniffing,57275,57274,57275,1
rising,57280,57275,57280,5
rearing,57326,57280,57326,46
rising,57327,57326,57327,1
climbing,57380,57327,57380,53
rearing,57424,57380,57424,44
sniffing,57524,57424,57524,100
walking,57536,57524,57536,12
rising,57537,57536,57537,1
stepping,57577,57537,57577,40
sniffing,57578,57577,57578,1
grooming,57621,57578,57621,43
rearing,57693,57621,57693,72
grooming,57702,57693,57702,9
stepping,57710,57702,57710,8
rearing,58069,57710,58069,359
climbing,58119,58069,58119,50
sniffing,58124,58119,58124,5
grooming,58396,58124,58396,272
right_turning,58398,58396,58398,2
trotting,58427,58398,58427,29
sniffing,58438,58427,58438,11
stepping,58456,58438,58456,18
rearing,58457,58456,58457,1
grooming,58689,58457,58689,232
running,58696,58689,58696,7
sniffing,58762,58696,58762,66
rearing,58782,58762,58782,20
rising,58783,58782,58783,1
walking,58790,58783,58790,7
stepping,58802,58790,58802,12
sniffing,58833,58802,58833,31
grooming,59115,58833,59115,282
climbing,59222,59115,59222,107
trotting,59260,59222,59260,38
walking,59271,59260,59271,11
sniffing,59361,59271,59361,90
stepping,59370,59361,59370,9
walking,59380,59370,59380,10
rising,59381,59380,59381,1
grooming,59382,59381,59382,1
climbing,59392,59382,59392,10
stepping,59441,59392,59441,49
left_turning,59476,59441,59476,35
walking,59536,59476,59536,60
stepping,59537,59536,59537,1
sniffing,59538,59537,59538,1
grooming,59559,59538,59559,21
left_turning,59621,59559,59621,62
sniffing,59723,59621,59723,102
grooming,60147,59723,60147,424
rearing,60149,60147,60149,2
grooming,60170,60149,60170,21
stepping,60211,60170,60211,41
scratching,60224,60211,60224,13
sniffing,60225,60224,60225,1
left_turning,60240,60225,60240,15
sniffing,60256,60240,60256,16
rising,60275,60256,60275,19
rearing,60276,60275,60276,1
grooming,60336,60276,60336,60
hunching,60405,60336,60405,69
rearing,60412,60405,60412,7
grooming,60413,60412,60413,1
stepping,60432,60413,60432,19
walking,60461,60432,60461,29
rearing,60569,60461,60569,108
hunching,60580,60569,60580,11
rising,60583,60580,60583,3
sniffing,60588,60583,60588,5
walking,60592,60588,60592,4
sniffing,60607,60592,60607,15
left_turning,60630,60607,60630,23
running,60652,60630,60652,22
walking,60692,60652,60692,40
sniffing,60696,60692,60696,4
stepping,60736,60696,60736,40
walking,60746,60736,60746,10
sniffing,60788,60746,60788,42
left_turning,60789,60788,60789,1
walking,60821,60789,60821,32
rearing,60822,60821,60822,1
climbing,60857,60822,60857,35
stepping,60865,60857,60865,8
rising,60870,60865,60870,5
sniffing,60903,60870,60903,33
grooming,60918,60903,60918,15
rising,60919,60918,60919,1
climbing,60977,60919,60977,58
sniffing,61030,60977,61030,53
rising,61126,61030,61126,96
sniffing,61139,61126,61139,13
stepping,61149,61139,61149,10
walking,61178,61149,61178,29
sniffing,61235,61178,61235,57
stepping,61252,61235,61252,17
grooming,62327,61252,62327,1075
climbing,62381,62327,62381,54
sniffing,62449,62381,62449,68
walking,62454,62449,62454,5
sniffing,62482,62454,62482,28
walking,62529,62482,62529,47
sniffing,62530,62529,62530,1
running,62561,62530,62561,31
sniffing,62584,62561,62584,23
left_turning,62590,62584,62590,6
stepping,62637,62590,62637,47
walking,62672,62637,62672,35
sniffing,62817,62672,62817,145
rearing,62921,62817,62921,104
sniffing,62925,62921,62925,4
grooming,63001,62925,63001,76
hunching,63003,63001,63003,2
walking,63046,63003,63046,43
left_turning,63047,63046,63047,1
sniffing,63048,63047,63048,1
stepping,63082,63048,63082,34
sniffing,63124,63082,63124,42
stepping,63154,63124,63154,30
sniffing,63200,63154,63200,46
stepping,63257,63200,63257,57
left_turning,63263,63257,63263,6
trotting,63275,63263,63275,12
rearing,63322,63275,63322,47
climbing,63357,63322,63357,35
rearing,63490,63357,63490,133
climbing,63560,63490,63560,70
sniffing,63614,63560,63614,54
rising,63635,63614,63635,21
left_turning,63715,63635,63715,80
sniffing,63765,63715,63765,50
grooming,63822,63765,63822,57
sniffing,63873,63822,63873,51
running,63907,63873,63907,34
stepping,63943,63907,63943,36
climbing,63993,63943,63993,50
walking,63997,63993,63997,4
stepping,64038,63997,64038,41
climbing,64086,64038,64086,48
right_turning,64125,64086,64125,39
walking,64126,64125,64126,1
stepping,64143,64126,64143,17
sniffing,64198,64143,64198,55
walking,64204,64198,64204,6
stepping,64234,64204,64234,30
grooming,64235,64234,64235,1
hunching,64285,64235,64285,50
rearing,64399,64285,64399,114
rising,64435,64399,64435,36
climbing,64491,64435,64491,56
sniffing,64552,64491,64552,61
grooming,64553,64552,64553,1
hunching,64563,64553,64563,10
grooming,64564,64563,64564,1
rising,64589,64564,64589,25
stepping,64615,64589,64615,26
sniffing,64622,64615,64622,7
walking,64653,64622,64653,31
stepping,64672,64653,64672,19
sniffing,64694,64672,64694,22
walking,64731,64694,64731,37
left_turning,64775,64731,64775,44
grooming,64890,64775,64890,115
left_turning,64891,64890,64891,1
stepping,64905,64891,64905,14
climbing,64920,64905,64920,15
rearing,64946,64920,64946,26
grooming,64947,64946,64947,1
rearing,64980,64947,64980,33
hunching,65043,64980,65043,63
rearing,65081,65043,65081,38
walking,65094,65081,65094,13
sniffing,65100,65094,65100,6
climbing,65170,65100,65170,70
running,65183,65170,65183,13
stepping,65226,65183,65226,43
climbing,65266,65226,65266,40
left_turning,65272,65266,65272,6
walking,65291,65272,65291,19
rising,65345,65291,65345,54
grooming,66404,65345,66404,1059
stepping,66405,66404,66405,1
climbing,66461,66405,66461,56
hunching,66469,66461,66469,8
grooming,66470,66469,66470,1
hunching,66518,66470,66518,48
sniffing,66596,66518,66596,78
stepping,66648,66596,66648,52
right_turning,66680,66648,66680,32
sniffing,66681,66680,66681,1
rising,66699,66681,66699,18
rearing,66700,66699,66700,1
grooming,66814,66700,66814,114
sniffing,66815,66814,66815,1
climbing,66849,66815,66849,34
right_turning,66877,66849,66877,28
walking,66912,66877,66912,35
sniffing,66947,66912,66947,35
rearing,67018,66947,67018,71
sniffing,67034,67018,67034,16
climbing,67068,67034,67068,34
trotting,67090,67068,67090,22
sniffing,67137,67090,67137,47
left_turning,67209,67137,67209,72
sniffing,67252,67209,67252,43
running,67269,67252,67269,17
trotting,67297,67269,67297,28
stepping,67329,67297,67329,32
walking,67330,67329,67330,1
sniffing,67496,67330,67496,166
running,67523,67496,67523,27
walking,67582,67523,67582,59
sniffing,67619,67582,67619,37
grooming,68037,67619,68037,418
left_turning,68046,68037,68046,9
sniffing,68048,68046,68048,2
rising,68082,68048,68082,34
rearing,68109,68082,68109,27
rising,68111,68109,68111,2
grooming,68112,68111,68112,1
sniffing,68160,68112,68160,48
grooming,68208,68160,68208,48
rearing,68269,68208,68269,61
sniffing,68288,68269,68288,19
trotting,68308,68288,68308,20
walking,68354,68308,68354,46
stepping,68373,68354,68373,19
sniffing,68553,68373,68553,180
running,68569,68553,68569,16
walking,68609,68569,68609,40
grooming,68610,68609,68610,1
sniffing,68611,68610,68611,1
rising,68653,68611,68653,42
walking,68698,68653,68698,45
stepping,68699,68698,68699,1
rising,68773,68699,68773,74
climbing,68806,68773,68806,33
left_turning,68823,68806,68823,17
trotting,68836,68823,68836,13
running,68861,68836,68861,25
sniffing,68892,68861,68892,31
stepping,68924,68892,68924,32
sniffing,68969,68924,68969,45
trotting,69009,68969,69009,40
stepping,69033,69009,69033,24
sniffing,69190,69033,69190,157
stepping,69259,69190,69259,69
walking,69260,69259,69260,1
sniffing,69484,69260,69484,224
left_turning,69489,69484,69489,5
trotting,69502,69489,69502,13
sniffing,69566,69502,69566,64
left_turning,69644,69566,69644,78
sniffing,69727,69644,69727,83
climbing,69769,69727,69769,42
walking,69815,69769,69815,46
grooming,69816,69815,69816,1
sniffing,69817,69816,69817,1
stepping,69821,69817,69821,4
trotting,69847,69821,69847,26
sniffing,69901,69847,69901,54
stepping,69910,69901,69910,9
sniffing,69936,69910,69936,26
climbing,69957,69936,69957,21
sniffing,69958,69957,69958,1
left_turning,70015,69958,70015,57
walking,70016,70015,70016,1
rising,70038,70016,70038,22
sniffing,70102,70038,70102,64
rising,70148,70102,70148,46
sniffing,70194,70148,70194,46
stepping,70211,70194,70211,17
sniffing,70240,70211,70240,29
left_turning,70272,70240,70272,32
walking,70309,70272,70309,37
stepping,70365,70309,70365,56
sniffing,70392,70365,70392,27
left_turning,70412,70392,70412,20
scratching,70465,70412,70465,53
sniffing,70514,70465,70514,49
grooming,70515,70514,70515,1
sniffing,70571,70515,70571,56
stepping,70585,70571,70585,14
sniffing,70669,70585,70669,84
stepping,70734,70669,70734,65
right_turning,70759,70734,70759,25
walking,70760,70759,70760,1
sniffing,70824,70760,70824,64
stepping,70837,70824,70837,13
sniffing,70873,70837,70873,36
stepping,70898,70873,70898,25
sniffing,70942,70898,70942,44
walking,70943,70942,70943,1
rising,70959,70943,70959,16
stepping,70987,70959,70987,28
sniffing,71035,70987,71035,48
left_turning,71061,71035,71061,26
grooming,71978,71061,71978,917
stepping,72040,71978,72040,62
sniffing,72129,72040,72129,89
stepping,72160,72129,72160,31
sniffing,72210,72160,72210,50
walking,72239,72210,72239,29
sniffing,72250,72239,72250,11
walking,72251,72250,72251,1
sniffing,72252,72251,72252,1
stepping,72263,72252,72263,11
sniffing,72352,72263,72352,89
stepping,72364,72352,72364,12
walking,72387,72364,72387,23
climbing,72405,72387,72405,18
walking,72425,72405,72425,20
rising,72523,72425,72523,98
walking,72526,72523,72526,3
stepping,72545,72526,72545,19
trotting,72557,72545,72557,12
stepping,72612,72557,72612,55
walking,72637,72612,72637,25
grooming,72953,72637,72953,316
trotting,72972,72953,72972,19
stepping,72973,72972,72973,1
walking,72974,72973,72974,1
rearing,73061,72974,73061,87
grooming,73150,73061,73150,89
sniffing,73195,73150,73195,45
grooming,73196,73195,73196,1
left_turning,73205,73196,73205,9
sniffing,73208,73205,73208,3
walking,73234,73208,73234,26
trotting,73247,73234,73247,13
walking,73279,73247,73279,32
rising,73280,73279,73280,1
grooming,73281,73280,73281,1
rising,73297,73281,73297,16
left_turning,73336,73297,73336,39
sniffing,73471,73336,73471,135
rising,73472,73471,73472,1
grooming,73511,73472,73511,39
scratching,73593,73511,73593,82
grooming,73594,73593,73594,1
sniffing,73644,73594,73644,50
left_turning,73659,73644,73659,15
running,73677,73659,73677,18
sniffing,73748,73677,73748,71
stepping,73757,73748,73757,9
sniffing,73881,73757,73881,124
walking,73907,73881,73907,26
sniffing,73998,73907,73998,91
walking,73999,73998,73999,1
rising,74029,73999,74029,30
grooming,74054,74029,74054,25
rising,74075,74054,74075,21
grooming,74270,74075,74270,195
sniffing,74298,74270,74298,28
rising,74299,74298,74299,1
climbing,74413,74299,74413,114
grooming,74414,74413,74414,1
sniffing,74450,74414,74450,36
left_turning,74459,74450,74459,9
scratching,74460,74459,74460,1
stepping,74477,74460,74477,17
rising,74490,74477,74490,13
rearing,74572,74490,74572,82
sniffing,74578,74572,74578,6
right_turning,74584,74578,74584,6
walking,74638,74584,74638,54
trotting,74649,74638,74649,11
right_turning,74678,74649,74678,29
sniffing,74691,74678,74691,13
walking,74695,74691,74695,4
stepping,74701,74695,74701,6
sniffing,74721,74701,74721,20
rising,74741,74721,74741,20
rearing,74746,74741,74746,5
left_turning,74779,74746,74779,33
sniffing,74836,74779,74836,57
stepping,74837,74836,74837,1
walking,74875,74837,74875,38
running,74895,74875,74895,20
stepping,74913,74895,74913,18
walking,74914,74913,74914,1
trotting,74924,74914,74924,10
climbing,74934,74924,74934,10
left_turning,74951,74934,74951,17
sniffing,74952,74951,74952,1
walking,74983,74952,74983,31
sniffing,75051,74983,75051,68
rising,75087,75051,75087,36
climbing,75137,75087,75137,50
grooming,75138,75137,75138,1
stepping,75141,75138,75141,3
left_turning,75187,75141,75187,46
sniffing,75211,75187,75211,24
stepping,75220,75211,75220,9
sniffing,75267,75220,75267,47
right_turning,75268,75267,75268,1
sniffing,75287,75268,75287,19
left_turning,75333,75287,75333,46
walking,75380,75333,75380,47
sniffing,75381,75380,75381,1
walking,75427,75381,75427,46
sniffing,75516,75427,75516,89
walking,75534,75516,75534,18
rising,75561,75534,75561,27
grooming,75623,75561,75623,62
rearing,75745,75623,75745,122
grooming,76035,75745,76035,290
sniffing,76133,76035,76133,98
walking,76139,76133,76139,6
rearing,76212,76139,76212,73
grooming,76213,76212,76213,1
rearing,76275,76213,76275,62
grooming,76276,76275,76276,1
climbing,76284,76276,76284,8
grooming,76420,76284,76420,136
rearing,76571,76420,76571,151
rising,76572,76571,76572,1
right_turning,76608,76572,76608,36
trotting,76624,76608,76624,16
sniffing,76677,76624,76677,53
rearing,76741,76677,76741,64
grooming,76742,76741,76742,1
walking,76769,76742,76769,27
grooming,76865,76769,76865,96
hunching,76960,76865,76960,95
grooming,77111,76960,77111,151
rearing,77112,77111,77112,1
sniffing,77126,77112,77126,14
rising,77152,77126,77152,26
climbing,77199,77152,77199,47
left_turning,77208,77199,77208,9
rising,77252,77208,77252,44
rearing,77309,77252,77309,57
hunching,77352,77309,77352,43
rearing,77399,77352,77399,47
sniffing,77472,77399,77472,73
stepping,77502,77472,77502,30
walking,77516,77502,77516,14
rising,77535,77516,77535,19
stepping,77550,77535,77550,15
sniffing,77564,77550,77564,14
left_turning,77609,77564,77609,45
grooming,77610,77609,77610,1
rearing,77913,77610,77913,303
stepping,77945,77913,77945,32
left_turning,77980,77945,77980,35
walking,77996,77980,77996,16
sniffing,78103,77996,78103,107
right_turning,78107,78103,78107,4
walking,78124,78107,78124,17
trotting,78145,78124,78145,21
climbing,78186,78145,78186,41
sniffing,78233,78186,78233,47
stepping,78251,78233,78251,18
sniffing,78284,78251,78284,33
grooming,78285,78284,78285,1
hunching,78393,78285,78393,108
grooming,78719,78393,78719,326
sniffing,78743,78719,78743,24
scratching,78797,78743,78797,54
left_turning,78807,78797,78807,10
walking,78831,78807,78831,24
sniffing,78865,78831,78865,34
walking,78868,78865,78868,3
stepping,78889,78868,78889,21
trotting,78914,78889,78914,25
right_turning,78915,78914,78915,1
sniffing,78932,78915,78932,17
walking,78958,78932,78958,26
trotting,78971,78958,78971,13
left_turning,78972,78971,78972,1
walking,78973,78972,78973,1
sniffing,78974,78973,78974,1
stepping,79025,78974,79025,51
climbing,79089,79025,79089,64
grooming,79226,79089,79226,137
walking,79229,79226,79229,3
sniffing,79287,79229,79287,58
grooming,79453,79287,79453,166
left_turning,79474,79453,79474,21
rising,79500,79474,79500,26
sniffing,79552,79500,79552,52
right_turning,79558,79552,79558,6
sniffing,79611,79558,79611,53
stepping,79658,79611,79658,47
sniffing,79707,79658,79707,49
walking,79766,79707,79766,59
sniffing,79870,79766,79870,104
stepping,79950,79870,79950,80
sniffing,79951,79950,79951,1
walking,79974,79951,79974,23
sniffing,79998,79974,79998,24
grooming,79999,79998,79999,1
rearing,80014,79999,80014,15
sniffing,80042,80014,80042,28
stepping,80056,80042,80056,14
left_turning,80057,80056,80057,1
running,80065,80057,80065,8
rearing,80105,80065,80105,40
hunching,80145,80105,80145,40
climbing,80174,80145,80174,29
walking,80192,80174,80192,18
climbing,80235,80192,80235,43
left_turning,80250,80235,80250,15
walking,80281,80250,80281,31
climbing,80330,80281,80330,49
grooming,80433,80330,80433,103
scratching,80678,80433,80678,245
grooming,81005,80678,81005,327
left_turning,81006,81005,81006,1
stepping,81014,81006,81014,8
sniffing,81134,81014,81134,120
right_turning,81146,81134,81146,12
walking,81191,81146,81191,45
stepping,81196,81191,81196,5
climbing,81268,81196,81268,72
grooming,81601,81268,81601,333
rising,81656,81601,81656,55
climbing,81682,81656,81682,26
walking,81713,81682,81713,31
right_turning,81729,81713,81729,16
rising,81730,81729,81730,1
rearing,81815,81730,81815,85
grooming,81979,81815,81979,164
rearing,81986,81979,81986,7
climbing,81995,81986,81995,9
grooming,82046,81995,82046,51
scratching,82084,82046,82084,38
sniffing,82120,82084,82120,36
walking,82165,82120,82165,45
stepping,82199,82165,82199,34
sniffing,82316,82199,82316,117
trotting,82358,82316,82358,42
rising,82421,82358,82421,63
grooming,82422,82421,82422,1
stepping,82453,82422,82453,31
walking,82507,82453,82507,54
rising,82576,82507,82576,69
grooming,82702,82576,82702,126
sniffing,82703,82702,82703,1
rising,82713,82703,82713,10
climbing,82736,82713,82736,23
rising,82789,82736,82789,53
rearing,82866,82789,82866,77
hunching,83164,82866,83164,298
rearing,83191,83164,83191,27
climbing,83224,83191,83224,33
grooming,83269,83224,83269,45
left_turning,83281,83269,83281,12
stepping,83310,83281,83310,29
climbing,83377,83310,83377,67
walking,83397,83377,83397,20
sniffing,83424,83397,83424,27
grooming,83425,83424,83425,1
rearing,83490,83425,83490,65
rising,83495,83490,83495,5
stepping,83519,83495,83519,24
sniffing,83608,83519,83608,89
grooming,84283,83608,84283,675
rearing,84284,84283,84284,1
left_turning,84400,84284,84400,116
walking,84462,84400,84462,62
rearing,84573,84462,84573,111
rising,84585,84573,84585,12
rearing,84586,84585,84586,1
climbing,84613,84586,84613,27
right_turning,84631,84613,84631,18
rising,84710,84631,84710,79
climbing,84753,84710,84753,43
walking,84764,84753,84764,11
rising,84796,84764,84796,32
climbing,84840,84796,84840,44
rising,84900,84840,84900,60
sniffing,84979,84900,84979,79
grooming,85224,84979,85224,245
sniffing,85279,85224,85279,55
rising,85404,85279,85404,125
sniffing,85405,85404,85405,1
stepping,85414,85405,85414,9
climbing,85456,85414,85456,42
trotting,85469,85456,85469,13
sniffing,85548,85469,85548,79
walking,85574,85548,85574,26
sniffing,85587,85574,85587,13
walking,85657,85587,85657,70
stepping,85659,85657,85659,2
rising,85660,85659,85660,1
climbing,85707,85660,85707,47
rearing,85719,85707,85719,12
climbing,85846,85719,85846,127
left_turning,85945,85846,85945,99
sniffing,85992,85945,85992,47
stepping,86005,85992,86005,13
rising,86016,86005,86016,11
rearing,86052,86016,86052,36
sniffing,86107,86052,86107,55
rising,86174,86107,86174,67
rearing,86236,86174,86236,62
grooming,86456,86236,86456,220
climbing,86487,86456,86487,31
rearing,86542,86487,86542,55
left_turning,86623,86542,86623,81
sniffing,86705,86623,86705,82
rearing,86706,86705,86706,1
left_turning,86756,86706,86756,50
stepping,86760,86756,86760,4
rising,86761,86760,86761,1
sniffing,86820,86761,86820,59
grooming,86951,86820,86951,131
walking,87010,86951,87010,59
sniffing,87082,87010,87082,72
rising,87095,87082,87095,13
sniffing,87133,87095,87133,38
walking,87209,87133,87209,76
climbing,87267,87209,87267,58
stepping,87299,87267,87299,32
rising,87309,87299,87309,10
stepping,87347,87309,87347,38
sniffing,87352,87347,87352,5
grooming,87442,87352,87442,90
climbing,87454,87442,87454,12
trotting,87492,87454,87492,38
sniffing,87545,87492,87545,53
grooming,87850,87545,87850,305
hunching,87897,87850,87897,47
rearing,87898,87897,87898,1
sniffing,88003,87898,88003,105
stepping,88007,88003,88007,4
rearing,88008,88007,88008,1
left_turning,88027,88008,88027,19
rearing,88028,88027,88028,1
grooming,88461,88028,88461,433
stepping,88515,88461,88515,54
sniffing,88516,88515,88516,1
right_turning,88525,88516,88525,9
walking,88539,88525,88539,14
climbing,88552,88539,88552,13
right_turning,88577,88552,88577,25
left_turning,88646,88577,88646,69
rising,88726,88646,88726,80
climbing,88800,88726,88800,74
sniffing,88951,88800,88951,151
rising,88954,88951,88954,3
climbing,88984,88954,88984,30
rearing,89021,88984,89021,37
hunching,89075,89021,89075,54
left_turning,89076,89075,89076,1
stepping,89134,89076,89134,58
climbing,89183,89134,89183,49
left_turning,89188,89183,89188,5
sniffing,89219,89188,89219,31
climbing,89278,89219,89278,59
stepping,89311,89278,89311,33
sniffing,89359,89311,89359,48
right_turning,89372,89359,89372,13
walking,89385,89372,89385,13
running,89413,89385,89413,28
stepping,89442,89413,89442,29
sniffing,89443,89442,89443,1
walking,89464,89443,89464,21
rising,89505,89464,89505,41
left_turning,89526,89505,89526,21
sniffing,89537,89526,89537,11
rearing,89579,89537,89579,42
grooming,90008,89579,90008,429
sniffing,90009,90008,90009,1
left_turning,90010,90009,90010,1
stepping,90051,90010,90051,41
rising,90082,90051,90082,31
walking,90138,90082,90138,56
rising,90168,90138,90168,30
climbing,90224,90168,90224,56
right_turning,90225,90224,90225,1
walking,90233,90225,90233,8
sniffing,90234,90233,90234,1
trotting,90254,90234,90254,20
sniffing,90255,90254,90255,1
walking,90256,90255,90256,1
sniffing,90263,90256,90263,7
stepping,90277,90263,90277,14
climbing,90316,90277,90316,39
running,90337,90316,90337,21
sniffing,90350,90337,90350,13
walking,90412,90350,90412,62
rearing,90505,90412,90505,93
grooming,90608,90505,90608,103
climbing,90610,90608,90610,2
stepping,90620,90610,90620,10
sniffing,90663,90620,90663,43
walking,90673,90663,90673,10
sniffing,90678,90673,90678,5
stepping,90713,90678,90713,35
rearing,90714,90713,90714,1
sniffing,90755,90714,90755,41
walking,90787,90755,90787,32
sniffing,90846,90787,90846,59
rising,90866,90846,90866,20
walking,90889,90866,90889,23
stepping,90934,90889,90934,45
sniffing,91042,90934,91042,108
stepping,91046,91042,91046,4
walking,91084,91046,91084,38
climbing,91126,91084,91126,42
stepping,91147,91126,91147,21
walking,91200,91147,91200,53
climbing,91210,91200,91210,10
stepping,91235,91210,91235,25
sniffing,91236,91235,91236,1
rearing,91242,91236,91242,6
climbing,91271,91242,91271,29
sniffing,91312,91271,91312,41
walking,91352,91312,91352,40
stepping,91399,91352,91399,47
left_turning,91424,91399,91424,25
rearing,91493,91424,91493,69
grooming,91506,91493,91506,13
walking,91515,91506,91515,9
trotting,91521,91515,91521,6
walking,91550,91521,91550,29
sniffing,91579,91550,91579,29
grooming,91695,91579,91695,116
rising,91749,91695,91749,54
sniffing,91789,91749,91789,40
rising,91820,91789,91820,31
rearing,91903,91820,91903,83
walking,91923,91903,91923,20
rising,91924,91923,91924,1
grooming,92108,91924,92108,184
left_turning,92177,92108,92177,69
sniffing,92194,92177,92194,17
grooming,92380,92194,92380,186
rearing,92389,92380,92389,9
sniffing,92547,92389,92547,158
walking,92591,92547,92591,44
sniffing,92729,92591,92729,138
climbing,92766,92729,92766,37
left_turning,92816,92766,92816,50
sniffing,92892,92816,92892,76
rising,92928,92892,92928,36
rearing,92929,92928,92929,1
hunching,92937,92929,92937,8
grooming,93035,92937,93035,98
walking,93056,93035,93056,21
grooming,93057,93056,93057,1
walking,93060,93057,93060,3
rearing,93122,93060,93122,62
climbing,93164,93122,93164,42
running,93186,93164,93186,22
stepping,93189,93186,93189,3
rearing,93258,93189,93258,69
rising,93302,93258,93302,44
climbing,93332,93302,93332,30
sniffing,93370,93332,93370,38
rearing,93429,93370,93429,59
grooming,93430,93429,93430,1
climbing,93446,93430,93446,16
rearing,93513,93446,93513,67
grooming,94832,93513,94832,1319
sniffing,94934,94832,94934,102
rising,94946,94934,94946,12
sniffing,94965,94946,94965,19
rising,95003,94965,95003,38
right_turning,95047,95003,95047,44
grooming,95048,95047,95048,1
sniffing,95179,95048,95179,131
walking,95213,95179,95213,34
sniffing,95225,95213,95225,12
left_turning,95238,95225,95238,13
sniffing,95370,95238,95370,132
stepping,95383,95370,95383,13
sniffing,95401,95383,95401,18
stepping,95424,95401,95424,23
grooming,95441,95424,95441,17
hunching,95494,95441,95494,53
grooming,95640,95494,95640,146
walking,95664,95640,95664,24
stepping,95701,95664,95701,37
trotting,95742,95701,95742,41
walking,95756,95742,95756,14
stepping,95757,95756,95757,1
sniffing,95788,95757,95788,31
walking,95822,95788,95822,34
left_turning,95879,95822,95879,57
sniffing,95916,95879,95916,37
stepping,95929,95916,95929,13
sniffing,95959,95929,95959,30
stepping,95966,95959,95966,7
walking,95998,95966,95998,32
stepping,96024,95998,96024,26
sniffing,96106,96024,96106,82
rising,96111,96106,96111,5
sniffing,96191,96111,96191,80
climbing,96233,96191,96233,42
grooming,96550,96233,96550,317
right_turning,96561,96550,96561,11
walking,96562,96561,96562,1
stepping,96585,96562,96585,23
walking,96636,96585,96636,51
sniffing,96637,96636,96637,1
rising,96644,96637,96644,7
grooming,96689,96644,96689,45
climbing,96777,96689,96777,88
stepping,96807,96777,96807,30
sniffing,96913,96807,96913,106
right_turning,96938,96913,96938,25
stepping,96979,96938,96979,41
sniffing,97069,96979,97069,90
trotting,97102,97069,97102,33
walking,97114,97102,97114,12
climbing,97128,97114,97128,14
grooming,97211,97128,97211,83
scratching,97212,97211,97212,1
sniffing,97256,97212,97256,44
stepping,97273,97256,97273,17
walking,97295,97273,97295,22
sniffing,97370,97295,97370,75
climbing,97377,97370,97377,7
left_turning,97378,97377,97378,1
walking,97410,97378,97410,32
climbing,97472,97410,97472,62
rearing,97501,97472,97501,29
walking,97540,97501,97540,39
stepping,97558,97540,97558,18
rising,97585,97558,97585,27
sniffing,97617,97585,97617,32
walking,97649,97617,97649,32
stepping,97689,97649,97689,40
running,97706,97689,97706,17
sniffing,97744,97706,97744,38
walking,97800,97744,97800,56
trotting,97816,97800,97816,16
stepping,97859,97816,97859,43
sniffing,97918,97859,97918,59
rising,97953,97918,97953,35
stepping,97954,97953,97954,1
climbing,98041,97954,98041,87
grooming,98320,98041,98320,279
rearing,98321,98320,98321,1
hunching,98364,98321,98364,43
rearing,98429,98364,98429,65
grooming,98615,98429,98615,186
scratching,98622,98615,98622,7
grooming,98707,98622,98707,85
hunching,98756,98707,98756,49
climbing,98757,98756,98757,1
rearing,98841,98757,98841,84
grooming,98842,98841,98842,1
sniffing,98868,98842,98868,26
stepping,98932,98868,98932,64
walking,98963,98932,98963,31
rising,98974,98963,98974,11
climbing,99051,98974,99051,77
rearing,99160,99051,99160,109
hunching,99229,99160,99229,69
rearing,99301,99229,99301,72
right_turning,99315,99301,99315,14
stepping,99416,99315,99416,101
sniffing,99449,99416,99449,33
right_turning,99478,99449,99478,29
stepping,99502,99478,99502,24
sniffing,99596,99502,99596,94
rising,99646,99596,99646,50
climbing,99739,99646,99739,93
walking,99769,99739,99769,30
stepping,99781,99769,99781,12
climbing,99816,99781,99816,35
walking,99840,99816,99840,24
sniffing,99924,99840,99924,84
right_turning,99960,99924,99960,36
left_turning,100046,99960,100046,86
sniffing,100069,100046,100069,23
stepping,100082,100069,100082,13
grooming,100083,100082,100083,1
rearing,100134,100083,100134,51
hunching,100135,100134,100135,1
grooming,100238,100135,100238,103
rising,100259,100238,100259,21
sniffing,100339,100259,100339,80
stepping,100380,100339,100380,41
rearing,100482,100380,100482,102
grooming,100483,100482,100483,1
sniffing,100528,100483,100528,45
left_turning,100542,100528,100542,14
walking,100590,100542,100590,48
sniffing,100654,100590,100654,64
grooming,100765,100654,100765,111
rising,100818,100765,100818,53
climbing,100868,100818,100868,50
trotting,100902,100868,100902,34
climbing,100942,100902,100942,40
trotting,100983,100942,100983,41
rearing,100984,100983,100984,1
stepping,101009,100984,101009,25
sniffing,101018,101009,101018,9
stepping,101047,101018,101047,29
sniffing,101157,101047,101157,110
left_turning,101195,101157,101195,38
running,101218,101195,101218,23
walking,101253,101218,101253,35
stepping,101277,101253,101277,24
rearing,101368,101277,101368,91
grooming,101714,101368,101714,346
hunching,101778,101714,101778,64
sniffing,101825,101778,101825,47
walking,101826,101825,101826,1
rising,101890,101826,101890,64
hunching,102020,101890,102020,130
grooming,102513,102020,102513,493
climbing,102562,102513,102562,49
hunching,102563,102562,102563,1
rearing,102564,102563,102564,1
grooming,102626,102564,102626,62
climbing,102683,102626,102683,57
right_turning,102689,102683,102689,6
sniffing,102726,102689,102726,37
stepping,102744,102726,102744,18
sniffing,102745,102744,102745,1
walking,102796,102745,102796,51
sniffing,102833,102796,102833,37
left_turning,102845,102833,102845,12
grooming,102978,102845,102978,133
walking,102994,102978,102994,16
stepping,103050,102994,103050,56
sniffing,103096,103050,103096,46
stepping,103124,103096,103124,28
sniffing,103151,103124,103151,27
walking,103187,103151,103187,36
sniffing,103252,103187,103252,65
walking,103281,103252,103281,29
stepping,103293,103281,103293,12
sniffing,103349,103293,103349,56
rising,103396,103349,103396,47
sniffing,103405,103396,103405,9
stepping,103434,103405,103434,29
sniffing,103516,103434,103516,82
grooming,103517,103516,103517,1
left_turning,103518,103517,103518,1
walking,103540,103518,103540,22
stepping,103546,103540,103546,6
walking,103569,103546,103569,23
stepping,103575,103569,103575,6
walking,103623,103575,103623,48
rearing,103662,103623,103662,39
hunching,103788,103662,103788,126
rearing,103789,103788,103789,1
grooming,103812,103789,103812,23
rising,103819,103812,103819,7
left_turning,103866,103819,103866,47
stepping,103899,103866,103899,33
hunching,104107,103899,104107,208
rearing,104221,104107,104221,114
stepping,104263,104221,104263,42
climbing,104331,104263,104331,68
rearing,104340,104331,104340,9
grooming,104671,104340,104671,331
sniffing,104738,104671,104738,67
rising,104739,104738,104739,1
right_turning,104752,104739,104752,13
sniffing,104764,104752,104764,12
walking,104786,104764,104786,22
sniffing,104845,104786,104845,59
stepping,104846,104845,104846,1
rearing,104899,104846,104899,53
rising,104969,104899,104969,70
climbing,105011,104969,105011,42
sniffing,105043,105011,105043,32
right_turning,105059,105043,105059,16
trotting,105060,105059,105060,1
right_turning,105089,105060,105089,29
stepping,105126,105089,105126,37
walking,105171,105126,105171,45
sniffing,105212,105171,105212,41
rising,105213,105212,105213,1
walking,105231,105213,105231,18
sniffing,105333,105231,105333,102
grooming,105346,105333,105346,13
sniffing,105373,105346,105373,27
walking,105412,105373,105412,39
sniffing,105513,105412,105513,101
walking,105581,105513,105581,68
rising,105631,105581,105631,50
rearing,105813,105631,105813,182
grooming,105917,105813,105917,104
rearing,106064,105917,106064,147
grooming,106083,106064,106083,19
rearing,106276,106083,106276,193
hunching,106440,106276,106440,164
grooming,106958,106440,106958,518
walking,106982,106958,106982,24
sniffing,107154,106982,107154,172
hunching,107155,107154,107155,1
grooming,107238,107155,107238,83
climbing,107268,107238,107268,30
sniffing,107287,107268,107287,19
rising,107321,107287,107321,34
rearing,107401,107321,107401,80
grooming,107402,107401,107402,1
climbing,107403,107402,107403,1
sniffing,107488,107403,107488,85
hunching,107514,107488,107514,26
rearing,107521,107514,107521,7
stepping,107548,107521,107548,27
sniffing,107549,107548,107549,1
walking,107593,107549,107593,44
rising,107648,107593,107648,55
walking,107687,107648,107687,39
sniffing,107688,107687,107688,1
rising,107750,107688,107750,62
grooming,107818,107750,107818,68
rearing,107819,107818,107819,1
hunching,107861,107819,107861,42
rearing,107909,107861,107909,48
sniffing,107974,107909,107974,65
left_turning,107975,107974,107975,1
stepping,107980,107975,107980,5
sniffing,107981,107980,107981,1
rearing,108000,107981,108000,19
