revised_movement_label,segBoundary,segBoundary_start,segBoundary_end,length
sniffing,1,0,1,1
stepping,76,1,76,75
walking,123,76,123,47
sniffing,211,123,211,88
walking,215,211,215,4
left_turning,240,215,240,25
sniffing,258,240,258,18
walking,263,258,263,5
sniffing,264,263,264,1
grooming,286,264,286,22
left_turning,289,286,289,3
rising,325,289,325,36
walking,364,325,364,39
trotting,395,364,395,31
sniffing,396,395,396,1
walking,439,396,439,43
sniffing,562,439,562,123
right_turning,563,562,563,1
walking,564,563,564,1
rising,574,564,574,10
rearing,618,574,618,44
rising,690,618,690,72
sniffing,693,690,693,3
rising,749,693,749,56
sniffing,888,749,888,139
walking,913,888,913,25
stepping,957,913,957,44
sniffing,1094,957,1094,137
walking,1121,1094,1121,27
stepping,1212,1121,1212,91
walking,1297,1212,1297,85
trotting,1301,1297,1301,4
running,1331,1301,1331,30
trotting,1374,1331,1374,43
sniffing,1404,1374,1404,30
hunching,1474,1404,1474,70
grooming,1475,1474,1475,1
left_turning,1491,1475,1491,16
running,1530,1491,1530,39
walking,1531,1530,1531,1
sniffing,1550,1531,1550,19
trotting,1562,1550,1562,12
stepping,1563,1562,1563,1
running,1588,1563,1588,25
sniffing,1597,1588,1597,9
walking,1615,1597,1615,18
sniffing,1711,1615,1711,96
stepping,1740,1711,1740,29
rising,1779,1740,1779,39
sniffing,1787,1779,1787,8
climbing,1826,1787,1826,39
grooming,1839,1826,1839,13
sniffing,1939,1839,1939,100
walking,1968,1939,1968,29
right_turning,1969,1968,1969,1
trotting,1995,1969,1995,26
sniffing,2002,1995,2002,7
walking,2043,2002,2043,41
stepping,2067,2043,2067,24
walking,2092,2067,2092,25
sniffing,2138,2092,2138,46
walking,2150,2138,2150,12
stepping,2213,2150,2213,63
running,2237,2213,2237,24
walking,2238,2237,2238,1
rising,2281,2238,2281,43
climbing,2317,2281,2317,36
grooming,2461,2317,2461,144
sniffing,2573,2461,2573,112
rising,2594,2573,2594,21
right_turning,2620,2594,2620,26
trotting,2653,2620,2653,33
stepping,2656,2653,2656,3
walking,2690,2656,2690,34
sniffing,2691,2690,2691,1
walking,2699,2691,2699,8
grooming,2700,2699,2700,1
running,2701,2700,2701,1
stepping,2719,2701,2719,18
sniffing,2720,2719,2720,1
stepping,2734,2720,2734,14
walking,2739,2734,2739,5
trotting,2754,2739,2754,15
stepping,2765,2754,2765,11
rising,2800,2765,2800,35
rearing,2851,2800,2851,51
rising,2864,2851,2864,13
running,2895,2864,2895,31
sniffing,3033,2895,3033,138
walking,3075,3033,3075,42
rising,3130,3075,3130,55
stepping,3162,3130,3162,32
walking,3210,3162,3210,48
running,3220,3210,3220,10
sniffing,3310,3220,3310,90
walking,3348,3310,3348,38
rising,3349,3348,3349,1
sniffing,3478,3349,3478,129
rising,3499,3478,3499,21
left_turning,3520,3499,3520,21
walking,3526,3520,3526,6
sniffing,3605,3526,3605,79
grooming,3684,3605,3684,79
left_turning,3697,3684,3697,13
sniffing,3753,3697,3753,56
walking,3776,3753,3776,23
sniffing,3794,3776,3794,18
stepping,3797,3794,3797,3
sniffing,3826,3797,3826,29
rearing,3942,3826,3942,116
hunching,4031,3942,4031,89
grooming,4107,4031,4107,76
sniffing,4159,4107,4159,52
running,4170,4159,4170,11
trotting,4203,4170,4203,33
stepping,4238,4203,4238,35
trotting,4270,4238,4270,32
walking,4295,4270,4295,25
stepping,4314,4295,4314,19
walking,4346,4314,4346,32
trotting,4376,4346,4376,30
running,4396,4376,4396,20
rising,4426,4396,4426,30
sniffing,4577,4426,4577,151
rising,4578,4577,4578,1
rearing,4923,4578,4923,345
climbing,4971,4923,4971,48
grooming,4972,4971,4972,1
hunching,4973,4972,4973,1
sniffing,5020,4973,5020,47
rising,5046,5020,5046,26
sniffing,5047,5046,5047,1
walking,5087,5047,5087,40
rising,5096,5087,5096,9
sniffing,5123,5096,5123,27
stepping,5125,5123,5125,2
sniffing,5141,5125,5141,16
stepping,5173,5141,5173,32
walking,5201,5173,5201,28
trotting,5253,5201,5253,52
sniffing,5271,5253,5271,18
stepping,5303,5271,5303,32
trotting,5308,5303,5308,5
stepping,5314,5308,5314,6
walking,5329,5314,5329,15
stepping,5363,5329,5363,34
sniffing,5406,5363,5406,43
grooming,5548,5406,5548,142
rising,5549,5548,5549,1
walking,5586,5549,5586,37
grooming,5587,5586,5587,1
rearing,5661,5587,5661,74
walking,5709,5661,5709,48
stepping,5720,5709,5720,11
rising,5789,5720,5789,69
sniffing,5807,5789,5807,18
stepping,5818,5807,5818,11
climbing,5875,5818,5875,57
hunching,5951,5875,5951,76
sniffing,6026,5951,6026,75
grooming,6713,6026,6713,687
stepping,6757,6713,6757,44
sniffing,6782,6757,6782,25
grooming,7098,6782,7098,316
sniffing,7223,7098,7223,125
rising,7229,7223,7229,6
sniffing,7235,7229,7235,6
rising,7250,7235,7250,15
rearing,7265,7250,7265,15
hunching,7311,7265,7311,46
rearing,7445,7311,7445,134
left_turning,7454,7445,7454,9
walking,7501,7454,7501,47
running,7517,7501,7517,16
walking,7531,7517,7531,14
running,7556,7531,7556,25
trotting,7575,7556,7575,19
sniffing,7637,7575,7637,62
rearing,7872,7637,7872,235
rising,7900,7872,7900,28
stepping,7923,7900,7923,23
rising,7931,7923,7931,8
trotting,7976,7931,7976,45
running,7994,7976,7994,18
sniffing,8070,7994,8070,76
grooming,8183,8070,8183,113
hunching,8449,8183,8449,266
climbing,8512,8449,8512,63
sniffing,8740,8512,8740,228
walking,8819,8740,8819,79
stepping,8844,8819,8844,25
running,8865,8844,8865,21
walking,8883,8865,8883,18
stepping,8890,8883,8890,7
sniffing,8891,8890,8891,1
rising,8903,8891,8903,12
sniffing,8904,8903,8904,1
rising,8927,8904,8927,23
rearing,9025,8927,9025,98
grooming,9026,9025,9026,1
climbing,9054,9026,9054,28
right_turning,9076,9054,9076,22
walking,9109,9076,9109,33
running,9149,9109,9149,40
rising,9256,9149,9256,107
walking,9280,9256,9280,24
sniffing,9480,9280,9480,200
hunching,9578,9480,9578,98
grooming,9579,9578,9579,1
right_turning,9580,9579,9580,1
walking,9645,9580,9645,65
sniffing,9733,9645,9733,88
rising,9734,9733,9734,1
rearing,9742,9734,9742,8
grooming,9743,9742,9743,1
rearing,9825,9743,9825,82
grooming,9969,9825,9969,144
rising,9970,9969,9970,1
grooming,10034,9970,10034,64
hunching,10113,10034,10113,79
rearing,10114,10113,10114,1
hunching,10256,10114,10256,142
grooming,10257,10256,10257,1
sniffing,10259,10257,10259,2
stepping,10260,10259,10260,1
walking,10277,10260,10277,17
sniffing,10411,10277,10411,134
trotting,10429,10411,10429,18
stepping,10467,10429,10467,38
left_turning,10507,10467,10507,40
climbing,10596,10507,10596,89
left_turning,10607,10596,10607,11
stepping,10665,10607,10665,58
running,10693,10665,10693,28
walking,10721,10693,10721,28
running,10742,10721,10742,21
rising,10743,10742,10743,1
stepping,10753,10743,10753,10
walking,10768,10753,10768,15
grooming,10769,10768,10769,1
hunching,11112,10769,11112,343
grooming,11113,11112,11113,1
climbing,11150,11113,11150,37
rising,11185,11150,11185,35
rearing,11186,11185,11186,1
grooming,11337,11186,11337,151
left_turning,11371,11337,11371,34
climbing,11436,11371,11436,65
trotting,11489,11436,11489,53
rising,11540,11489,11540,51
climbing,11576,11540,11576,36
sniffing,11642,11576,11642,66
hunching,11702,11642,11702,60
rearing,11703,11702,11703,1
grooming,11704,11703,11704,1
walking,11752,11704,11752,48
sniffing,11753,11752,11753,1
left_turning,11812,11753,11812,59
sniffing,11839,11812,11839,27
stepping,11875,11839,11875,36
walking,11907,11875,11907,32
stepping,11927,11907,11927,20
trotting,11944,11927,11944,17
rising,11975,11944,11975,31
climbing,12024,11975,12024,49
rearing,12041,12024,12041,17
hunching,12085,12041,12085,44
rearing,12167,12085,12167,82
climbing,12221,12167,12221,54
sniffing,12266,12221,12266,45
hunching,12302,12266,12302,36
rearing,12303,12302,12303,1
hunching,12383,12303,12383,80
grooming,13561,12383,13561,1178
sniffing,13677,13561,13677,116
rising,13678,13677,13678,1
grooming,14328,13678,14328,650
running,14354,14328,14354,26
rising,14395,14354,14395,41
walking,14405,14395,14405,10
grooming,14647,14405,14647,242
hunching,14677,14647,14677,30
grooming,14678,14677,14678,1
trotting,14695,14678,14695,17
sniffing,14761,14695,14761,66
stepping,14817,14761,14817,56
sniffing,14833,14817,14833,16
stepping,14856,14833,14856,23
grooming,14857,14856,14857,1
right_turning,14891,14857,14891,34
sniffing,14892,14891,14892,1
rising,14893,14892,14893,1
grooming,15057,14893,15057,164
rearing,15246,15057,15246,189
climbing,15282,15246,15282,36
grooming,15599,15282,15599,317
left_turning,15608,15599,15608,9
stepping,15625,15608,15625,17
rising,15672,15625,15672,47
grooming,16275,15672,16275,603
rising,16497,16275,16497,222
left_turning,16502,16497,16502,5
walking,16534,16502,16534,32
sniffing,16549,16534,16549,15
walking,16565,16549,16565,16
sniffing,16566,16565,16566,1
walking,16605,16566,16605,39
running,16634,16605,16634,29
walking,16715,16634,16715,81
rearing,16806,16715,16806,91
sniffing,16899,16806,16899,93
rising,16913,16899,16913,14
sniffing,16937,16913,16937,24
running,16959,16937,16959,22
rising,17039,16959,17039,80
sniffing,17078,17039,17078,39
grooming,17079,17078,17079,1
rearing,17125,17079,17125,46
hunching,17192,17125,17192,67
grooming,17328,17192,17328,136
sniffing,17355,17328,17355,27
hunching,17601,17355,17601,246
left_turning,17645,17601,17645,44
climbing,17721,17645,17721,76
grooming,17722,17721,17722,1
sniffing,17748,17722,17748,26
rising,17750,17748,17750,2
climbing,17801,17750,17801,51
rearing,17802,17801,17802,1
grooming,18161,17802,18161,359
sniffing,18290,18161,18290,129
stepping,18325,18290,18325,35
sniffing,18385,18325,18385,60
stepping,18413,18385,18413,28
trotting,18439,18413,18439,26
stepping,18444,18439,18444,5
sniffing,18499,18444,18499,55
rising,18602,18499,18602,103
sniffing,18631,18602,18631,29
walking,18642,18631,18642,11
sniffing,18660,18642,18660,18
stepping,18690,18660,18690,30
trotting,18714,18690,18714,24
sniffing,18734,18714,18734,20
rising,18751,18734,18751,17
sniffing,18768,18751,18768,17
walking,18778,18768,18778,10
stepping,18797,18778,18797,19
walking,18832,18797,18832,35
stepping,18867,18832,18867,35
sniffing,18868,18867,18868,1
grooming,18869,18868,18869,1
rearing,18950,18869,18950,81
stepping,18980,18950,18980,30
rearing,19017,18980,19017,37
grooming,19093,19017,19093,76
stepping,19125,19093,19125,32
climbing,19137,19125,19137,12
walking,19187,19137,19187,50
sniffing,19190,19187,19190,3
left_turning,19217,19190,19217,27
stepping,19241,19217,19241,24
sniffing,19244,19241,19244,3
trotting,19289,19244,19289,45
sniffing,19328,19289,19328,39
stepping,19362,19328,19362,34
sniffing,19402,19362,19402,40
rising,19439,19402,19439,37
grooming,19440,19439,19440,1
walking,19451,19440,19451,11
rearing,19480,19451,19480,29
rising,19507,19480,19507,27
walking,19548,19507,19548,41
rearing,19596,19548,19596,48
grooming,19667,19596,19667,71
hunching,19764,19667,19764,97
rising,19798,19764,19798,34
left_turning,19834,19798,19834,36
stepping,19855,19834,19855,21
sniffing,19886,19855,19886,31
grooming,20123,19886,20123,237
hunching,20172,20123,20172,49
right_turning,20189,20172,20189,17
sniffing,20207,20189,20207,18
stepping,20248,20207,20248,41
trotting,20259,20248,20259,11
sniffing,20308,20259,20308,49
right_turning,20342,20308,20342,34
stepping,20348,20342,20348,6
sniffing,20552,20348,20552,204
climbing,20625,20552,20625,73
walking,20692,20625,20692,67
running,20718,20692,20718,26
stepping,20736,20718,20736,18
sniffing,20830,20736,20830,94
stepping,20839,20830,20839,9
walking,20868,20839,20868,29
sniffing,20909,20868,20909,41
stepping,20969,20909,20969,60
sniffing,20995,20969,20995,26
grooming,21369,20995,21369,374
sniffing,21373,21369,21373,4
rising,21429,21373,21429,56
stepping,21458,21429,21458,29
climbing,21584,21458,21584,126
trotting,21593,21584,21593,9
rising,21622,21593,21622,29
grooming,21832,21622,21832,210
stepping,21833,21832,21833,1
grooming,21906,21833,21906,73
sniffing,21954,21906,21954,48
grooming,22064,21954,22064,110
sniffing,22089,22064,22089,25
stepping,22090,22089,22090,1
sniffing,22091,22090,22091,1
walking,22104,22091,22104,13
stepping,22135,22104,22135,31
sniffing,22136,22135,22136,1
walking,22181,22136,22181,45
rearing,22192,22181,22192,11
grooming,22193,22192,22193,1
rising,22231,22193,22231,38
running,22240,22231,22240,9
walking,22252,22240,22252,12
left_turning,22253,22252,22253,1
rearing,22310,22253,22310,57
grooming,22311,22310,22311,1
rearing,22312,22311,22312,1
grooming,22457,22312,22457,145
walking,22511,22457,22511,54
sniffing,22548,22511,22548,37
right_turning,22588,22548,22588,40
sniffing,22589,22588,22589,1
walking,22635,22589,22635,46
sniffing,22644,22635,22644,9
rising,22645,22644,22645,1
walking,22663,22645,22663,18
sniffing,22693,22663,22693,30
walking,22718,22693,22718,25
trotting,22742,22718,22742,24
stepping,22787,22742,22787,45
grooming,22881,22787,22881,94
rearing,22910,22881,22910,29
grooming,23123,22910,23123,213
sniffing,23245,23123,23245,122
grooming,23246,23245,23246,1
stepping,23270,23246,23270,24
walking,23298,23270,23298,28
trotting,23326,23298,23326,28
sniffing,23338,23326,23338,12
stepping,23368,23338,23368,30
sniffing,23430,23368,23430,62
grooming,23695,23430,23695,265
rearing,23843,23695,23843,148
stepping,23945,23843,23945,102
sniffing,23980,23945,23980,35
rising,23988,23980,23988,8
climbing,24009,23988,24009,21
right_turning,24041,24009,24041,32
sniffing,24083,24041,24083,42
rising,24125,24083,24125,42
hunching,24137,24125,24137,12
left_turning,24150,24137,24150,13
walking,24151,24150,24151,1
stepping,24169,24151,24169,18
rising,24231,24169,24231,62
grooming,24348,24231,24348,117
sniffing,24395,24348,24395,47
trotting,24406,24395,24406,11
rising,24443,24406,24443,37
grooming,24581,24443,24581,138
rearing,24582,24581,24582,1
climbing,24642,24582,24642,60
grooming,24793,24642,24793,151
sniffing,24794,24793,24794,1
stepping,24795,24794,24795,1
rising,24807,24795,24807,12
walking,24835,24807,24835,28
stepping,24883,24835,24883,48
grooming,25253,24883,25253,370
rearing,25272,25253,25272,19
grooming,25273,25272,25273,1
sniffing,25274,25273,25274,1
stepping,25275,25274,25275,1
trotting,25289,25275,25289,14
sniffing,25366,25289,25366,77
walking,25393,25366,25393,27
stepping,25394,25393,25394,1
sniffing,25405,25394,25405,11
rearing,25426,25405,25426,21
rising,25479,25426,25479,53
right_turning,25480,25479,25480,1
sniffing,25519,25480,25519,39
trotting,25550,25519,25550,31
stepping,25598,25550,25598,48
sniffing,25599,25598,25599,1
stepping,25612,25599,25612,13
left_turning,25647,25612,25647,35
right_turning,25661,25647,25661,14
walking,25664,25661,25664,3
grooming,25673,25664,25673,9
scratching,25883,25673,25883,210
sniffing,25921,25883,25921,38
rising,25951,25921,25951,30
left_turning,25995,25951,25995,44
trotting,25999,25995,25999,4
walking,26026,25999,26026,27
sniffing,26055,26026,26055,29
trotting,26065,26055,26065,10
walking,26094,26065,26094,29
right_turning,26109,26094,26109,15
sniffing,26121,26109,26121,12
stepping,26166,26121,26166,45
climbing,26283,26166,26283,117
rearing,26326,26283,26326,43
grooming,26327,26326,26327,1
rising,26344,26327,26344,17
climbing,26410,26344,26410,66
grooming,26610,26410,26610,200
stepping,26611,26610,26611,1
walking,26634,26611,26634,23
stepping,26642,26634,26642,8
grooming,26787,26642,26787,145
sniffing,26839,26787,26839,52
rising,26873,26839,26873,34
sniffing,26888,26873,26888,15
rising,26967,26888,26967,79
grooming,27068,26967,27068,101
rearing,27157,27068,27157,89
walking,27175,27157,27175,18
sniffing,27194,27175,27194,19
grooming,27258,27194,27258,64
left_turning,27274,27258,27274,16
stepping,27313,27274,27313,39
walking,27321,27313,27321,8
running,27376,27321,27376,55
sniffing,27379,27376,27379,3
stepping,27498,27379,27498,119
sniffing,27522,27498,27522,24
rising,27537,27522,27537,15
grooming,27813,27537,27813,276
climbing,27854,27813,27854,41
rearing,27874,27854,27874,20
stepping,27904,27874,27904,30
sniffing,27922,27904,27922,18
left_turning,27950,27922,27950,28
walking,27991,27950,27991,41
left_turning,28021,27991,28021,30
trotting,28060,28021,28060,39
sniffing,28136,28060,28136,76
right_turning,28153,28136,28153,17
trotting,28158,28153,28158,5
rearing,28223,28158,28223,65
running,28247,28223,28247,24
rising,28248,28247,28248,1
rearing,28249,28248,28249,1
stepping,28293,28249,28293,44
right_turning,28326,28293,28326,33
stepping,28341,28326,28341,15
walking,28363,28341,28363,22
rising,28383,28363,28383,20
sniffing,28390,28383,28390,7
grooming,28391,28390,28391,1
rearing,28427,28391,28427,36
grooming,28579,28427,28579,152
climbing,28646,28579,28646,67
rearing,28648,28646,28648,2
hunching,28803,28648,28803,155
grooming,28867,28803,28867,64
hunching,28894,28867,28894,27
grooming,29089,28894,29089,195
rising,29167,29089,29167,78
grooming,29369,29167,29369,202
running,29373,29369,29373,4
climbing,29400,29373,29400,27
rearing,29419,29400,29419,19
hunching,29552,29419,29552,133
rearing,29601,29552,29601,49
hunching,29602,29601,29602,1
grooming,29603,29602,29603,1
walking,29652,29603,29652,49
rising,29769,29652,29769,117
climbing,29788,29769,29788,19
left_turning,29819,29788,29819,31
sniffing,29826,29819,29826,7
rising,29868,29826,29868,42
stepping,29904,29868,29904,36
rising,29951,29904,29951,47
sniffing,29966,29951,29966,15
grooming,30193,29966,30193,227
rearing,30257,30193,30257,64
sniffing,30296,30257,30296,39
right_turning,30323,30296,30323,27
sniffing,30406,30323,30406,83
grooming,30407,30406,30407,1
rising,30498,30407,30498,91
grooming,30655,30498,30655,157
climbing,30656,30655,30656,1
rearing,30774,30656,30774,118
climbing,30816,30774,30816,42
grooming,30833,30816,30833,17
left_turning,30863,30833,30863,30
rising,30915,30863,30915,52
sniffing,30978,30915,30978,63
grooming,31127,30978,31127,149
walking,31138,31127,31138,11
stepping,31196,31138,31196,58
walking,31229,31196,31229,33
sniffing,31230,31229,31230,1
left_turning,31285,31230,31285,55
sniffing,31363,31285,31363,78
walking,31414,31363,31414,51
sniffing,31437,31414,31437,23
walking,31450,31437,31450,13
running,31481,31450,31481,31
walking,31487,31481,31487,6
trotting,31496,31487,31496,9
walking,31511,31496,31511,15
stepping,31553,31511,31553,42
sniffing,31614,31553,31614,61
grooming,31862,31614,31862,248
rising,31916,31862,31916,54
left_turning,31917,31916,31917,1
running,31975,31917,31975,58
stepping,32014,31975,32014,39
walking,32051,32014,32051,37
sniffing,32079,32051,32079,28
grooming,32080,32079,32080,1
walking,32101,32080,32101,21
sniffing,32164,32101,32164,63
rearing,32174,32164,32174,10
rising,32237,32174,32237,63
stepping,32242,32237,32242,5
left_turning,32243,32242,32243,1
trotting,32278,32243,32278,35
stepping,32316,32278,32316,38
climbing,32343,32316,32343,27
stepping,32408,32343,32408,65
grooming,32608,32408,32608,200
sniffing,32654,32608,32654,46
rising,32670,32654,32670,16
climbing,32747,32670,32747,77
walking,32755,32747,32755,8
sniffing,32794,32755,32794,39
rising,32813,32794,32813,19
stepping,32877,32813,32877,64
sniffing,32912,32877,32912,35
climbing,32928,32912,32928,16
hunching,33093,32928,33093,165
rearing,33218,33093,33218,125
grooming,33478,33218,33478,260
rearing,33572,33478,33572,94
hunching,33633,33572,33633,61
grooming,33634,33633,33634,1
walking,33690,33634,33690,56
sniffing,33767,33690,33767,77
stepping,33814,33767,33814,47
sniffing,33817,33814,33817,3
grooming,33932,33817,33932,115
hunching,33978,33932,33978,46
rearing,34022,33978,34022,44
walking,34037,34022,34037,15
climbing,34128,34037,34128,91
sniffing,34210,34128,34210,82
walking,34214,34210,34214,4
rising,34215,34214,34215,1
grooming,34421,34215,34421,206
walking,34425,34421,34425,4
stepping,34433,34425,34433,8
sniffing,34482,34433,34482,49
grooming,34496,34482,34496,14
stepping,34498,34496,34498,2
rising,34564,34498,34564,66
grooming,34605,34564,34605,41
sniffing,34749,34605,34749,144
right_turning,34750,34749,34750,1
sniffing,34794,34750,34794,44
grooming,35561,34794,35561,767
rearing,35615,35561,35615,54
hunching,35732,35615,35732,117
rearing,35733,35732,35733,1
rising,35734,35733,35734,1
climbing,35790,35734,35790,56
left_turning,35807,35790,35807,17
sniffing,35852,35807,35852,45
grooming,35853,35852,35853,1
trotting,35854,35853,35854,1
sniffing,35910,35854,35910,56
grooming,35929,35910,35929,19
left_turning,35943,35929,35943,14
sniffing,35949,35943,35949,6
left_turning,36017,35949,36017,68
scratching,36167,36017,36167,150
walking,36203,36167,36203,36
sniffing,36240,36203,36240,37
rising,36250,36240,36250,10
grooming,36251,36250,36251,1
rearing,36458,36251,36458,207
climbing,36535,36458,36535,77
rearing,36716,36535,36716,181
grooming,36783,36716,36783,67
stepping,36800,36783,36800,17
grooming,36904,36800,36904,104
rising,36916,36904,36916,12
sniffing,36917,36916,36917,1
stepping,36927,36917,36927,10
walking,36980,36927,36980,53
sniffing,37026,36980,37026,46
grooming,37050,37026,37050,24
trotting,37056,37050,37056,6
walking,37094,37056,37094,38
sniffing,37104,37094,37104,10
left_turning,37124,37104,37124,20
hunching,37186,37124,37186,62
grooming,37293,37186,37293,107
rearing,37294,37293,37294,1
grooming,37508,37294,37508,214
rearing,37607,37508,37607,99
sniffing,37618,37607,37618,11
rising,37650,37618,37650,32
climbing,37684,37650,37684,34
stepping,37707,37684,37707,23
walking,37726,37707,37726,19
sniffing,37822,37726,37822,96
rising,37903,37822,37903,81
stepping,37914,37903,37914,11
right_turning,37940,37914,37940,26
sniffing,37941,37940,37941,1
grooming,38095,37941,38095,154
rising,38105,38095,38105,10
grooming,38106,38105,38106,1
right_turning,38136,38106,38136,30
stepping,38186,38136,38186,50
left_turning,38212,38186,38212,26
grooming,38321,38212,38321,109
hunching,38382,38321,38382,61
grooming,38888,38382,38888,506
trotting,38897,38888,38897,9
walking,38924,38897,38924,27
stepping,38947,38924,38947,23
sniffing,39049,38947,39049,102
rising,39085,39049,39085,36
hunching,39156,39085,39156,71
rising,39157,39156,39157,1
walking,39189,39157,39189,32
sniffing,39254,39189,39254,65
walking,39282,39254,39282,28
sniffing,39287,39282,39287,5
climbing,39312,39287,39312,25
sniffing,39362,39312,39362,50
left_turning,39426,39362,39426,64
sniffing,39487,39426,39487,61
stepping,39488,39487,39488,1
sniffing,39539,39488,39539,51
walking,39554,39539,39554,15
sniffing,39555,39554,39555,1
stepping,39604,39555,39604,49
climbing,39637,39604,39637,33
right_turning,39653,39637,39653,16
trotting,39684,39653,39684,31
walking,39685,39684,39685,1
stepping,39724,39685,39724,39
sniffing,39737,39724,39737,13
stepping,39751,39737,39751,14
walking,39773,39751,39773,22
right_turning,39789,39773,39789,16
sniffing,39793,39789,39793,4
rising,39807,39793,39807,14
rearing,39836,39807,39836,29
grooming,39844,39836,39844,8
rearing,39901,39844,39901,57
hunching,39924,39901,39924,23
grooming,39928,39924,39928,4
hunching,40028,39928,40028,100
grooming,40029,40028,40029,1
rearing,40046,40029,40046,17
sniffing,40063,40046,40063,17
rearing,40064,40063,40064,1
climbing,40074,40064,40074,10
left_turning,40121,40074,40121,47
sniffing,40157,40121,40157,36
rising,40183,40157,40183,26
grooming,40184,40183,40184,1
right_turning,40213,40184,40213,29
walking,40244,40213,40244,31
sniffing,40290,40244,40290,46
stepping,40315,40290,40315,25
walking,40331,40315,40331,16
grooming,40416,40331,40416,85
walking,40439,40416,40439,23
grooming,40440,40439,40440,1
rearing,40452,40440,40452,12
hunching,40547,40452,40547,95
grooming,40695,40547,40695,148
rising,40696,40695,40696,1
grooming,40815,40696,40815,119
stepping,40866,40815,40866,51
grooming,40867,40866,40867,1
rearing,41032,40867,41032,165
climbing,41100,41032,41100,68
stepping,41119,41100,41119,19
sniffing,41120,41119,41120,1
left_turning,41172,41120,41172,52
sniffing,41219,41172,41219,47
stepping,41234,41219,41234,15
sniffing,41235,41234,41235,1
rising,41255,41235,41255,20
grooming,41793,41255,41793,538
climbing,41817,41793,41817,24
left_turning,41854,41817,41854,37
trotting,41864,41854,41864,10
rearing,42124,41864,42124,260
grooming,42125,42124,42125,1
climbing,42157,42125,42157,32
stepping,42166,42157,42166,9
sniffing,42194,42166,42194,28
grooming,42195,42194,42195,1
rearing,42241,42195,42241,46
hunching,42339,42241,42339,98
grooming,42340,42339,42340,1
hunching,42365,42340,42365,25
grooming,42514,42365,42514,149
left_turning,42515,42514,42515,1
rising,42516,42515,42516,1
grooming,42726,42516,42726,210
left_turning,42766,42726,42766,40
walking,42767,42766,42767,1
sniffing,42798,42767,42798,31
left_turning,42799,42798,42799,1
stepping,42814,42799,42814,15
sniffing,42896,42814,42896,82
grooming,42951,42896,42951,55
rearing,43027,42951,43027,76
grooming,43028,43027,43028,1
hunching,43053,43028,43053,25
grooming,43595,43053,43595,542
right_turning,43609,43595,43609,14
grooming,43756,43609,43756,147
hunching,43835,43756,43835,79
left_turning,43881,43835,43881,46
stepping,43886,43881,43886,5
sniffing,43902,43886,43902,16
left_turning,43958,43902,43958,56
trotting,43983,43958,43983,25
running,44004,43983,44004,21
stepping,44061,44004,44061,57
climbing,44133,44061,44133,72
grooming,44493,44133,44493,360
sniffing,44518,44493,44518,25
grooming,44604,44518,44604,86
climbing,44623,44604,44623,19
rearing,44680,44623,44680,57
walking,44692,44680,44692,12
stepping,44735,44692,44735,43
walking,44748,44735,44748,13
climbing,44793,44748,44793,45
sniffing,44861,44793,44861,68
grooming,45023,44861,45023,162
sniffing,45171,45023,45171,148
rearing,45172,45171,45172,1
climbing,45216,45172,45216,44
grooming,46446,45216,46446,1230
climbing,46483,46446,46483,37
rearing,46583,46483,46583,100
stepping,46584,46583,46584,1
rising,46600,46584,46600,16
grooming,46601,46600,46601,1
rearing,46796,46601,46796,195
grooming,47529,46796,47529,733
rearing,47603,47529,47603,74
rising,47644,47603,47644,41
grooming,48063,47644,48063,419
trotting,48071,48063,48071,8
stepping,48119,48071,48119,48
sniffing,48133,48119,48133,14
walking,48151,48133,48151,18
sniffing,48205,48151,48205,54
rising,48228,48205,48228,23
climbing,48315,48228,48315,87
rearing,48316,48315,48316,1
left_turning,48336,48316,48336,20
grooming,48418,48336,48418,82
sniffing,48497,48418,48497,79
rising,48523,48497,48523,26
left_turning,48524,48523,48524,1
sniffing,48583,48524,48583,59
grooming,48607,48583,48607,24
trotting,48620,48607,48620,13
walking,48648,48620,48648,28
sniffing,48754,48648,48754,106
rising,48787,48754,48787,33
grooming,48932,48787,48932,145
climbing,48955,48932,48955,23
rearing,48979,48955,48979,24
grooming,49196,48979,49196,217
stepping,49197,49196,49197,1
rising,49245,49197,49245,48
grooming,49480,49245,49480,235
climbing,49553,49480,49553,73
walking,49562,49553,49562,9
sniffing,49619,49562,49619,57
grooming,49648,49619,49648,29
right_turning,49686,49648,49686,38
climbing,49742,49686,49742,56
rising,49763,49742,49763,21
hunching,49764,49763,49764,1
grooming,50084,49764,50084,320
walking,50096,50084,50096,12
sniffing,50120,50096,50120,24
walking,50128,50120,50128,8
stepping,50143,50128,50143,15
climbing,50210,50143,50210,67
grooming,50446,50210,50446,236
sniffing,50463,50446,50463,17
stepping,50474,50463,50474,11
walking,50496,50474,50496,22
stepping,50530,50496,50530,34
rearing,50581,50530,50581,51
sniffing,50639,50581,50639,58
grooming,50640,50639,50640,1
stepping,50653,50640,50653,13
sniffing,50727,50653,50727,74
climbing,50744,50727,50744,17
grooming,51202,50744,51202,458
right_turning,51203,51202,51203,1
walking,51251,51203,51251,48
climbing,51298,51251,51298,47
rearing,51377,51298,51377,79
climbing,51423,51377,51423,46
sniffing,51424,51423,51424,1
left_turning,51425,51424,51425,1
walking,51446,51425,51446,21
stepping,51450,51446,51450,4
sniffing,51451,51450,51451,1
rising,51521,51451,51521,70
rearing,51555,51521,51555,34
hunching,51650,51555,51650,95
grooming,51695,51650,51695,45
left_turning,51743,51695,51743,48
grooming,51863,51743,51863,120
stepping,51864,51863,51864,1
right_turning,51877,51864,51877,13
stepping,51895,51877,51895,18
sniffing,51946,51895,51946,51
rising,51955,51946,51955,9
sniffing,52079,51955,52079,124
walking,52082,52079,52082,3
sniffing,52087,52082,52087,5
trotting,52115,52087,52115,28
sniffing,52174,52115,52174,59
rising,52245,52174,52245,71
sniffing,52305,52245,52305,60
grooming,52684,52305,52684,379
left_turning,52700,52684,52700,16
rising,52759,52700,52759,59
grooming,52760,52759,52760,1
left_turning,52764,52760,52764,4
sniffing,52766,52764,52766,2
walking,52788,52766,52788,22
running,52810,52788,52810,22
rising,52942,52810,52942,132
rearing,53017,52942,53017,75
climbing,53071,53017,53071,54
hunching,53127,53071,53127,56
climbing,53226,53127,53226,99
grooming,53667,53226,53667,441
rising,53686,53667,53686,19
sniffing,53753,53686,53753,67
left_turning,53783,53753,53783,30
stepping,53800,53783,53800,17
trotting,53839,53800,53839,39
sniffing,53896,53839,53896,57
rising,53936,53896,53936,40
climbing,53975,53936,53975,39
rearing,53992,53975,53992,17
rising,54073,53992,54073,81
climbing,54098,54073,54098,25
stepping,54101,54098,54101,3
left_turning,54141,54101,54141,40
hunching,54189,54141,54189,48
grooming,54395,54189,54395,206
sniffing,54398,54395,54398,3
rising,54407,54398,54407,9
left_turning,54434,54407,54434,27
rising,54435,54434,54435,1
rearing,54436,54435,54436,1
climbing,54481,54436,54481,45
grooming,54938,54481,54938,457
sniffing,54989,54938,54989,51
rearing,55212,54989,55212,223
hunching,55213,55212,55213,1
sniffing,55231,55213,55231,18
rearing,55315,55231,55315,84
grooming,55430,55315,55430,115
rising,55460,55430,55460,30
rearing,55475,55460,55475,15
grooming,55476,55475,55476,1
sniffing,55533,55476,55533,57
left_turning,55640,55533,55640,107
hunching,55652,55640,55652,12
scratching,55653,55652,55653,1
grooming,55657,55653,55657,4
sniffing,55682,55657,55682,25
stepping,55727,55682,55727,45
sniffing,55755,55727,55755,28
grooming,55787,55755,55787,32
sniffing,55788,55787,55788,1
stepping,55794,55788,55794,6
sniffing,55834,55794,55834,40
rising,55835,55834,55835,1
grooming,56105,55835,56105,270
climbing,56184,56105,56184,79
grooming,56185,56184,56185,1
hunching,56186,56185,56186,1
left_turning,56244,56186,56244,58
running,56269,56244,56269,25
walking,56309,56269,56309,40
sniffing,56329,56309,56329,20
stepping,56353,56329,56353,24
sniffing,56477,56353,56477,124
stepping,56535,56477,56535,58
left_turning,56585,56535,56585,50
sniffing,56658,56585,56658,73
stepping,56672,56658,56672,14
rearing,56798,56672,56798,126
climbing,56939,56798,56939,141
stepping,56940,56939,56940,1
walking,56965,56940,56965,25
rising,57041,56965,57041,76
grooming,57736,57041,57736,695
hunching,57780,57736,57780,44
left_turning,57815,57780,57815,35
sniffing,57926,57815,57926,111
stepping,57947,57926,57947,21
rearing,58030,57947,58030,83
climbing,58087,58030,58087,57
grooming,58294,58087,58294,207
trotting,58312,58294,58312,18
walking,58326,58312,58326,14
stepping,58359,58326,58359,33
walking,58394,58359,58394,35
sniffing,58421,58394,58421,27
rearing,58474,58421,58474,53
left_turning,58475,58474,58475,1
grooming,58932,58475,58932,457
climbing,58961,58932,58961,29
grooming,59550,58961,59550,589
right_turning,59566,59550,59566,16
sniffing,59639,59566,59639,73
stepping,59673,59639,59673,34
sniffing,59674,59673,59674,1
left_turning,59675,59674,59675,1
grooming,59676,59675,59676,1
sniffing,59813,59676,59813,137
walking,59818,59813,59818,5
stepping,59835,59818,59835,17
rising,59864,59835,59864,29
hunching,59881,59864,59881,17
rearing,59889,59881,59889,8
walking,59929,59889,59929,40
sniffing,59983,59929,59983,54
stepping,60006,59983,60006,23
sniffing,60007,60006,60007,1
stepping,60052,60007,60052,45
rising,60153,60052,60153,101
walking,60173,60153,60173,20
sniffing,60174,60173,60174,1
grooming,60356,60174,60356,182
hunching,60418,60356,60418,62
grooming,60634,60418,60634,216
rearing,60681,60634,60681,47
grooming,60865,60681,60865,184
climbing,60926,60865,60926,61
rearing,60937,60926,60937,11
climbing,60972,60937,60972,35
grooming,61151,60972,61151,179
trotting,61194,61151,61194,43
stepping,61214,61194,61214,20
sniffing,61238,61214,61238,24
grooming,61308,61238,61308,70
rearing,61379,61308,61379,71
running,61395,61379,61395,16
stepping,61430,61395,61430,35
sniffing,61479,61430,61479,49
walking,61516,61479,61516,37
stepping,61533,61516,61533,17
sniffing,61548,61533,61548,15
rising,61565,61548,61565,17
sniffing,61566,61565,61566,1
grooming,61817,61566,61817,251
rearing,61896,61817,61896,79
climbing,61937,61896,61937,41
rearing,62031,61937,62031,94
rising,62088,62031,62088,57
scratching,62163,62088,62163,75
left_turning,62209,62163,62209,46
grooming,62210,62209,62210,1
rising,62280,62210,62280,70
sniffing,62304,62280,62304,24
rising,62305,62304,62305,1
sniffing,62360,62305,62360,55
stepping,62372,62360,62372,12
trotting,62408,62372,62408,36
walking,62459,62408,62459,51
sniffing,62460,62459,62460,1
right_turning,62479,62460,62479,19
walking,62513,62479,62513,34
sniffing,62535,62513,62535,22
stepping,62565,62535,62565,30
sniffing,62594,62565,62594,29
stepping,62622,62594,62622,28
scratching,62703,62622,62703,81
grooming,62704,62703,62704,1
rearing,62714,62704,62714,10
sniffing,62761,62714,62761,47
grooming,63030,62761,63030,269
sniffing,63031,63030,63031,1
stepping,63055,63031,63055,24
sniffing,63076,63055,63076,21
stepping,63079,63076,63079,3
climbing,63089,63079,63089,10
left_turning,63094,63089,63094,5
climbing,63124,63094,63124,30
sniffing,63178,63124,63178,54
trotting,63209,63178,63209,31
walking,63234,63209,63234,25
sniffing,63340,63234,63340,106
rising,63360,63340,63360,20
climbing,63396,63360,63396,36
walking,63441,63396,63441,45
sniffing,63551,63441,63551,110
trotting,63573,63551,63573,22
sniffing,63626,63573,63626,53
rising,63638,63626,63638,12
climbing,63668,63638,63668,30
left_turning,63699,63668,63699,31
rising,63719,63699,63719,20
grooming,63826,63719,63826,107
sniffing,63881,63826,63881,55
stepping,63926,63881,63926,45
walking,63951,63926,63951,25
stepping,63997,63951,63997,46
rising,64066,63997,64066,69
sniffing,64109,64066,64109,43
trotting,64117,64109,64117,8
grooming,64150,64117,64150,33
walking,64194,64150,64194,44
trotting,64229,64194,64229,35
sniffing,64253,64229,64253,24
walking,64283,64253,64283,30
sniffing,64455,64283,64455,172
rising,64515,64455,64515,60
left_turning,64553,64515,64553,38
walking,64569,64553,64569,16
sniffing,64617,64569,64617,48
walking,64630,64617,64630,13
sniffing,64632,64630,64632,2
stepping,64701,64632,64701,69
grooming,64894,64701,64894,193
hunching,64992,64894,64992,98
grooming,64993,64992,64993,1
sniffing,65041,64993,65041,48
rising,65157,65041,65157,116
left_turning,65198,65157,65198,41
running,65224,65198,65224,26
stepping,65256,65224,65256,32
sniffing,65314,65256,65314,58
walking,65361,65314,65361,47
rising,65417,65361,65417,56
rearing,65418,65417,65418,1
climbing,65461,65418,65461,43
left_turning,65533,65461,65533,72
trotting,65535,65533,65535,2
walking,65549,65535,65549,14
stepping,65579,65549,65579,30
climbing,65650,65579,65650,71
rising,65725,65650,65725,75
climbing,65769,65725,65769,44
stepping,65814,65769,65814,45
sniffing,65862,65814,65862,48
walking,65882,65862,65882,20
sniffing,65998,65882,65998,116
rising,66003,65998,66003,5
hunching,66020,66003,66020,17
grooming,66244,66020,66244,224
rearing,66354,66244,66354,110
grooming,66355,66354,66355,1
pausing,66505,66355,66505,150
sniffing,66578,66505,66578,73
stepping,66616,66578,66616,38
walking,66681,66616,66681,65
sniffing,66691,66681,66691,10
grooming,67115,66691,67115,424
walking,67128,67115,67128,13
rising,67196,67128,67196,68
climbing,67240,67196,67240,44
running,67251,67240,67251,11
walking,67293,67251,67293,42
rising,67311,67293,67311,18
right_turning,67329,67311,67329,18
walking,67358,67329,67358,29
grooming,67505,67358,67505,147
rising,67540,67505,67540,35
sniffing,67578,67540,67578,38
climbing,67617,67578,67617,39
stepping,67630,67617,67630,13
rearing,67688,67630,67688,58
left_turning,67758,67688,67758,70
walking,67830,67758,67830,72
trotting,67838,67830,67838,8
walking,67861,67838,67861,23
trotting,67897,67861,67897,36
sniffing,67934,67897,67934,37
walking,67956,67934,67956,22
sniffing,67976,67956,67976,20
walking,68018,67976,68018,42
sniffing,68019,68018,68019,1
rearing,68248,68019,68248,229
rising,68265,68248,68265,17
climbing,68286,68265,68286,21
grooming,68300,68286,68300,14
stepping,68359,68300,68359,59
sniffing,68388,68359,68388,29
running,68409,68388,68409,21
trotting,68441,68409,68441,32
walking,68478,68441,68478,37
stepping,68497,68478,68497,19
climbing,68544,68497,68544,47
stepping,68545,68544,68545,1
walking,68553,68545,68553,8
sniffing,68572,68553,68572,19
rising,68573,68572,68573,1
grooming,68574,68573,68574,1
rising,68652,68574,68652,78
grooming,68986,68652,68986,334
rearing,68987,68986,68987,1
trotting,68998,68987,68998,11
sniffing,69008,68998,69008,10
right_turning,69023,69008,69023,15
sniffing,69132,69023,69132,109
grooming,69430,69132,69430,298
hunching,69529,69430,69529,99
left_turning,69539,69529,69539,10
scratching,69679,69539,69679,140
sniffing,69793,69679,69793,114
rising,69814,69793,69814,21
climbing,69815,69814,69815,1
grooming,69871,69815,69871,56
running,69872,69871,69872,1
walking,69928,69872,69928,56
sniffing,69951,69928,69951,23
walking,69992,69951,69992,41
sniffing,70013,69992,70013,21
rising,70048,70013,70048,35
sniffing,70049,70048,70049,1
stepping,70082,70049,70082,33
sniffing,70215,70082,70215,133
scratching,70244,70215,70244,29
sniffing,70252,70244,70252,8
grooming,70974,70252,70974,722
rearing,71089,70974,71089,115
hunching,71188,71089,71188,99
grooming,71289,71188,71289,101
sniffing,71398,71289,71398,109
left_turning,71467,71398,71467,69
walking,71490,71467,71490,23
sniffing,71631,71490,71631,141
walking,71632,71631,71632,1
stepping,71670,71632,71670,38
sniffing,71698,71670,71698,28
left_turning,71730,71698,71730,32
sniffing,71731,71730,71731,1
grooming,71894,71731,71894,163
rearing,71934,71894,71934,40
scratching,71988,71934,71988,54
sniffing,71989,71988,71989,1
right_turning,72016,71989,72016,27
walking,72055,72016,72055,39
right_turning,72057,72055,72057,2
sniffing,72081,72057,72081,24
rising,72172,72081,72172,91
sniffing,72197,72172,72197,25
rising,72200,72197,72200,3
sniffing,72305,72200,72305,105
rising,72328,72305,72328,23
stepping,72364,72328,72364,36
sniffing,72400,72364,72400,36
grooming,72532,72400,72532,132
hunching,72598,72532,72598,66
grooming,72599,72598,72599,1
climbing,72669,72599,72669,70
trotting,72675,72669,72675,6
stepping,72711,72675,72711,36
walking,72720,72711,72720,9
trotting,72732,72720,72732,12
sniffing,72748,72732,72748,16
rising,72749,72748,72749,1
sniffing,72761,72749,72761,12
rising,72789,72761,72789,28
climbing,72844,72789,72844,55
rising,72855,72844,72855,11
stepping,72893,72855,72893,38
left_turning,72894,72893,72894,1
walking,72914,72894,72914,20
sniffing,72946,72914,72946,32
stepping,72983,72946,72983,37
rising,72988,72983,72988,5
grooming,73122,72988,73122,134
rearing,73239,73122,73239,117
grooming,73240,73239,73240,1
hunching,73266,73240,73266,26
rearing,73303,73266,73303,37
walking,73309,73303,73309,6
sniffing,73413,73309,73413,104
grooming,73414,73413,73414,1
hunching,73506,73414,73506,92
rearing,73546,73506,73546,40
right_turning,73549,73546,73549,3
trotting,73580,73549,73580,31
stepping,73632,73580,73632,52
walking,73647,73632,73647,15
rearing,73730,73647,73730,83
grooming,73731,73730,73731,1
rising,73767,73731,73767,36
stepping,73790,73767,73790,23
walking,73846,73790,73846,56
sniffing,73848,73846,73848,2
right_turning,73849,73848,73849,1
rising,73853,73849,73853,4
walking,73894,73853,73894,41
stepping,73901,73894,73901,7
right_turning,73922,73901,73922,21
walking,73923,73922,73923,1
climbing,74042,73923,74042,119
stepping,74061,74042,74061,19
sniffing,74131,74061,74131,70
grooming,74132,74131,74132,1
left_turning,74133,74132,74133,1
climbing,74188,74133,74188,55
grooming,74189,74188,74189,1
rearing,74209,74189,74209,20
grooming,74252,74209,74252,43
stepping,74255,74252,74255,3
rearing,74256,74255,74256,1
hunching,74344,74256,74344,88
rearing,74410,74344,74410,66
left_turning,74515,74410,74515,105
stepping,74523,74515,74523,8
walking,74562,74523,74562,39
sniffing,74667,74562,74667,105
rising,74668,74667,74668,1
climbing,74669,74668,74669,1
grooming,74709,74669,74709,40
rearing,74716,74709,74716,7
grooming,74795,74716,74795,79
hunching,74807,74795,74807,12
grooming,74808,74807,74808,1
rearing,74825,74808,74825,17
left_turning,74917,74825,74917,92
walking,74966,74917,74966,49
sniffing,74986,74966,74986,20
rearing,74987,74986,74987,1
climbing,75036,74987,75036,49
running,75059,75036,75059,23
sniffing,75096,75059,75096,37
grooming,75320,75096,75320,224
sniffing,75322,75320,75322,2
scratching,75411,75322,75411,89
left_turning,75463,75411,75463,52
sniffing,75522,75463,75522,59
rising,75559,75522,75559,37
rearing,75589,75559,75589,30
stepping,75590,75589,75590,1
walking,75623,75590,75623,33
trotting,75628,75623,75628,5
sniffing,75691,75628,75691,63
rising,75794,75691,75794,103
climbing,75835,75794,75835,41
sniffing,75856,75835,75856,21
walking,75913,75856,75913,57
left_turning,75922,75913,75922,9
climbing,75959,75922,75959,37
trotting,75985,75959,75985,26
sniffing,75988,75985,75988,3
walking,76026,75988,76026,38
sniffing,76052,76026,76052,26
right_turning,76060,76052,76060,8
grooming,76276,76060,76276,216
scratching,76406,76276,76406,130
grooming,76439,76406,76439,33
scratching,76440,76439,76440,1
sniffing,76466,76440,76466,26
walking,76488,76466,76488,22
sniffing,76546,76488,76546,58
grooming,76938,76546,76938,392
climbing,76981,76938,76981,43
left_turning,77018,76981,77018,37
scratching,77049,77018,77049,31
sniffing,77093,77049,77093,44
right_turning,77110,77093,77110,17
sniffing,77177,77110,77177,67
left_turning,77178,77177,77178,1
grooming,77626,77178,77626,448
hunching,77662,77626,77662,36
rearing,77686,77662,77686,24
grooming,78075,77686,78075,389
scratching,78087,78075,78087,12
grooming,78403,78087,78403,316
sniffing,78447,78403,78447,44
stepping,78449,78447,78449,2
sniffing,78471,78449,78471,22
rising,78472,78471,78472,1
walking,78491,78472,78491,19
stepping,78497,78491,78497,6
sniffing,78557,78497,78557,60
stepping,78559,78557,78559,2
sniffing,78560,78559,78560,1
rearing,78603,78560,78603,43
grooming,78684,78603,78684,81
rising,78700,78684,78700,16
climbing,78745,78700,78745,45
grooming,78919,78745,78919,174
hunching,79097,78919,79097,178
rearing,79141,79097,79141,44
hunching,79184,79141,79184,43
grooming,79596,79184,79596,412
hunching,79598,79596,79598,2
grooming,79599,79598,79599,1
rearing,79602,79599,79602,3
grooming,79948,79602,79948,346
hunching,79949,79948,79949,1
sniffing,79970,79949,79970,21
rearing,79994,79970,79994,24
grooming,80118,79994,80118,124
walking,80143,80118,80143,25
stepping,80144,80143,80144,1
sniffing,80203,80144,80203,59
stepping,80218,80203,80218,15
rearing,80220,80218,80220,2
left_turning,80293,80220,80293,73
walking,80302,80293,80302,9
sniffing,80303,80302,80303,1
stepping,80344,80303,80344,41
right_turning,80361,80344,80361,17
stepping,80386,80361,80386,25
walking,80405,80386,80405,19
stepping,80407,80405,80407,2
walking,80408,80407,80408,1
climbing,80432,80408,80432,24
trotting,80466,80432,80466,34
right_turning,80474,80466,80474,8
sniffing,80509,80474,80509,35
stepping,80539,80509,80539,30
walking,80550,80539,80550,11
stepping,80577,80550,80577,27
rising,80592,80577,80592,15
left_turning,80632,80592,80632,40
walking,80644,80632,80644,12
trotting,80664,80644,80664,20
left_turning,80672,80664,80672,8
walking,80690,80672,80690,18
sniffing,80723,80690,80723,33
stepping,80755,80723,80755,32
rearing,80758,80755,80758,3
grooming,81596,80758,81596,838
walking,81629,81596,81629,33
sniffing,81679,81629,81679,50
walking,81727,81679,81727,48
rising,81741,81727,81741,14
climbing,81807,81741,81807,66
right_turning,81834,81807,81834,27
stepping,81869,81834,81869,35
sniffing,81892,81869,81892,23
left_turning,81915,81892,81915,23
sniffing,81997,81915,81997,82
stepping,82047,81997,82047,50
rising,82081,82047,82081,34
sniffing,82158,82081,82158,77
walking,82184,82158,82184,26
left_turning,82194,82184,82194,10
sniffing,82196,82194,82196,2
rising,82197,82196,82197,1
rearing,82328,82197,82328,131
grooming,82534,82328,82534,206
left_turning,82555,82534,82555,21
walking,82574,82555,82574,19
sniffing,82646,82574,82646,72
trotting,82678,82646,82678,32
stepping,82721,82678,82721,43
walking,82724,82721,82724,3
stepping,82747,82724,82747,23
sniffing,82748,82747,82748,1
left_turning,82784,82748,82784,36
trotting,82825,82784,82825,41
sniffing,82914,82825,82914,89
rising,82934,82914,82934,20
climbing,82993,82934,82993,59
walking,82996,82993,82996,3
sniffing,83005,82996,83005,9
stepping,83037,83005,83037,32
rising,83069,83037,83069,32
sniffing,83089,83069,83089,20
grooming,83201,83089,83201,112
sniffing,83202,83201,83202,1
rearing,83280,83202,83280,78
grooming,83514,83280,83514,234
sniffing,83593,83514,83593,79
stepping,83594,83593,83594,1
climbing,83632,83594,83632,38
grooming,83633,83632,83633,1
climbing,83675,83633,83675,42
grooming,83676,83675,83676,1
left_turning,83706,83676,83706,30
sniffing,83720,83706,83720,14
walking,83743,83720,83743,23
stepping,83746,83743,83746,3
rearing,83747,83746,83747,1
grooming,84142,83747,84142,395
climbing,84164,84142,84164,22
left_turning,84174,84164,84174,10
rising,84225,84174,84225,51
grooming,84561,84225,84561,336
left_turning,84608,84561,84608,47
walking,84646,84608,84646,38
right_turning,84683,84646,84683,37
sniffing,84741,84683,84741,58
walking,84794,84741,84794,53
sniffing,84845,84794,84845,51
trotting,84880,84845,84880,35
sniffing,84963,84880,84963,83
walking,85010,84963,85010,47
right_turning,85022,85010,85022,12
sniffing,85023,85022,85023,1
walking,85061,85023,85061,38
rearing,85103,85061,85103,42
walking,85137,85103,85137,34
stepping,85146,85137,85146,9
sniffing,85147,85146,85147,1
stepping,85234,85147,85234,87
walking,85281,85234,85281,47
sniffing,85282,85281,85282,1
grooming,85359,85282,85359,77
walking,85370,85359,85370,11
stepping,85415,85370,85415,45
sniffing,85507,85415,85507,92
walking,85547,85507,85547,40
climbing,85626,85547,85626,79
walking,85672,85626,85672,46
grooming,85829,85672,85829,157
rearing,85869,85829,85869,40
right_turning,85892,85869,85892,23
running,85899,85892,85899,7
walking,85933,85899,85933,34
trotting,85934,85933,85934,1
stepping,85971,85934,85971,37
rising,85972,85971,85972,1
right_turning,85990,85972,85990,18
walking,86011,85990,86011,21
stepping,86055,86011,86055,44
sniffing,86119,86055,86119,64
left_turning,86142,86119,86142,23
climbing,86222,86142,86222,80
rising,86237,86222,86237,15
climbing,86278,86237,86278,41
trotting,86280,86278,86280,2
rising,86318,86280,86318,38
rearing,86420,86318,86420,102
grooming,86579,86420,86579,159
stepping,86622,86579,86622,43
sniffing,86669,86622,86669,47
walking,86677,86669,86677,8
left_turning,86765,86677,86765,88
rearing,86835,86765,86835,70
grooming,86955,86835,86955,120
rising,87021,86955,87021,66
grooming,87409,87021,87409,388
hunching,87455,87409,87455,46
grooming,87456,87455,87456,1
rearing,87507,87456,87507,51
grooming,87724,87507,87724,217
sniffing,87757,87724,87757,33
rising,87768,87757,87768,11
stepping,87818,87768,87818,50
trotting,87852,87818,87852,34
grooming,87853,87852,87853,1
sniffing,87934,87853,87934,81
grooming,88045,87934,88045,111
sniffing,88046,88045,88046,1
grooming,88291,88046,88291,245
hunching,88312,88291,88312,21
grooming,88365,88312,88365,53
rearing,88366,88365,88366,1
grooming,88464,88366,88464,98
right_turning,88476,88464,88476,12
climbing,88541,88476,88541,65
grooming,88747,88541,88747,206
rearing,88786,88747,88786,39
grooming,88815,88786,88815,29
sniffing,88867,88815,88867,52
walking,88892,88867,88892,25
trotting,88900,88892,88900,8
grooming,89094,88900,89094,194
stepping,89138,89094,89138,44
sniffing,89205,89138,89205,67
walking,89227,89205,89227,22
rising,89260,89227,89260,33
climbing,89276,89260,89276,16
right_turning,89277,89276,89277,1
walking,89346,89277,89346,69
left_turning,89385,89346,89385,39
walking,89396,89385,89396,11
climbing,89427,89396,89427,31
walking,89441,89427,89441,14
stepping,89460,89441,89460,19
running,89489,89460,89489,29
walking,89515,89489,89515,26
climbing,89551,89515,89551,36
rearing,89552,89551,89552,1
hunching,89553,89552,89553,1
rearing,89628,89553,89628,75
grooming,89722,89628,89722,94
walking,89725,89722,89725,3
sniffing,89748,89725,89748,23
grooming,89961,89748,89961,213
sniffing,89980,89961,89980,19
grooming,90601,89980,90601,621
climbing,90693,90601,90693,92
grooming,90771,90693,90771,78
climbing,90865,90771,90865,94
hunching,90879,90865,90879,14
climbing,90923,90879,90923,44
right_turning,90938,90923,90938,15
stepping,90953,90938,90953,15
sniffing,91029,90953,91029,76
stepping,91063,91029,91063,34
sniffing,91105,91063,91105,42
walking,91121,91105,91121,16
sniffing,91167,91121,91167,46
stepping,91184,91167,91184,17
walking,91229,91184,91229,45
sniffing,91343,91229,91343,114
walking,91363,91343,91363,20
stepping,91385,91363,91385,22
grooming,91386,91385,91386,1
rising,91387,91386,91387,1
stepping,91404,91387,91404,17
sniffing,91405,91404,91405,1
walking,91412,91405,91412,7
climbing,91473,91412,91473,61
rearing,91474,91473,91474,1
grooming,91500,91474,91500,26
sniffing,91502,91500,91502,2
stepping,91517,91502,91517,15
walking,91559,91517,91559,42
sniffing,91574,91559,91574,15
trotting,91605,91574,91605,31
sniffing,91669,91605,91669,64
rearing,91683,91669,91683,14
stepping,91686,91683,91686,3
sniffing,91780,91686,91780,94
rearing,91838,91780,91838,58
climbing,91888,91838,91888,50
grooming,92068,91888,92068,180
walking,92104,92068,92104,36
right_turning,92132,92104,92132,28
left_turning,92172,92132,92172,40
walking,92240,92172,92240,68
sniffing,92253,92240,92253,13
stepping,92256,92253,92256,3
walking,92260,92256,92260,4
sniffing,92287,92260,92287,27
stepping,92350,92287,92350,63
walking,92424,92350,92424,74
sniffing,92425,92424,92425,1
walking,92438,92425,92438,13
trotting,92461,92438,92461,23
sniffing,92462,92461,92462,1
grooming,92543,92462,92543,81
hunching,92544,92543,92544,1
rising,92585,92544,92585,41
rearing,92588,92585,92588,3
climbing,92633,92588,92633,45
right_turning,92655,92633,92655,22
trotting,92669,92655,92669,14
walking,92726,92669,92726,57
trotting,92752,92726,92752,26
walking,92771,92752,92771,19
rearing,92789,92771,92789,18
climbing,92807,92789,92807,18
stepping,92833,92807,92833,26
sniffing,92834,92833,92834,1
grooming,92877,92834,92877,43
left_turning,92907,92877,92907,30
climbing,92974,92907,92974,67
grooming,92999,92974,92999,25
sniffing,93012,92999,93012,13
stepping,93045,93012,93045,33
rising,93079,93045,93079,34
rearing,93149,93079,93149,70
grooming,93150,93149,93150,1
rising,93179,93150,93179,29
walking,93198,93179,93198,19
sniffing,93255,93198,93255,57
walking,93298,93255,93298,43
sniffing,93441,93298,93441,143
left_turning,93452,93441,93452,11
walking,93453,93452,93453,1
sniffing,93526,93453,93526,73
grooming,93527,93526,93527,1
climbing,93551,93527,93551,24
rising,93563,93551,93563,12
trotting,93569,93563,93569,6
stepping,93578,93569,93578,9
sniffing,93680,93578,93680,102
stepping,93698,93680,93698,18
sniffing,93753,93698,93753,55
grooming,93754,93753,93754,1
hunching,93802,93754,93802,48
rising,93812,93802,93812,10
grooming,93813,93812,93813,1
rearing,93875,93813,93875,62
hunching,93958,93875,93958,83
left_turning,93969,93958,93969,11
climbing,93978,93969,93978,9
walking,94036,93978,94036,58
sniffing,94065,94036,94065,29
stepping,94086,94065,94086,21
sniffing,94087,94086,94087,1
walking,94109,94087,94109,22
stepping,94127,94109,94127,18
walking,94148,94127,94148,21
rearing,94180,94148,94180,32
rising,94188,94180,94188,8
stepping,94189,94188,94189,1
sniffing,94284,94189,94284,95
rising,94304,94284,94304,20
sniffing,94334,94304,94334,30
rising,94363,94334,94363,29
trotting,94394,94363,94394,31
left_turning,94408,94394,94408,14
sniffing,94483,94408,94483,75
stepping,94491,94483,94491,8
trotting,94518,94491,94518,27
running,94542,94518,94542,24
walking,94549,94542,94549,7
sniffing,94555,94549,94555,6
right_turning,94568,94555,94568,13
trotting,94579,94568,94579,11
walking,94610,94579,94610,31
sniffing,94622,94610,94622,12
left_turning,94623,94622,94623,1
walking,94641,94623,94641,18
stepping,94675,94641,94675,34
sniffing,94703,94675,94703,28
stepping,94708,94703,94708,5
sniffing,94738,94708,94738,30
left_turning,94762,94738,94762,24
grooming,94853,94762,94853,91
rising,94854,94853,94854,1
climbing,94918,94854,94918,64
rearing,94963,94918,94963,45
trotting,94982,94963,94982,19
stepping,94998,94982,94998,16
walking,95020,94998,95020,22
sniffing,95021,95020,95021,1
rising,95046,95021,95046,25
climbing,95097,95046,95097,51
left_turning,95098,95097,95098,1
trotting,95111,95098,95111,13
climbing,95159,95111,95159,48
rearing,95160,95159,95160,1
walking,95169,95160,95169,9
rearing,95170,95169,95170,1
stepping,95262,95170,95262,92
sniffing,95336,95262,95336,74
stepping,95382,95336,95382,46
walking,95425,95382,95425,43
sniffing,95459,95425,95459,34
stepping,95492,95459,95492,33
walking,95570,95492,95570,78
sniffing,95571,95570,95571,1
grooming,95583,95571,95583,12
walking,95608,95583,95608,25
sniffing,95636,95608,95636,28
stepping,95669,95636,95669,33
trotting,95695,95669,95695,26
sniffing,95722,95695,95722,27
stepping,95740,95722,95740,18
rising,95741,95740,95741,1
sniffing,95742,95741,95742,1
stepping,95772,95742,95772,30
rearing,95773,95772,95773,1
rising,95790,95773,95790,17
walking,95791,95790,95791,1
stepping,95830,95791,95830,39
rearing,95843,95830,95843,13
rising,95882,95843,95882,39
grooming,95890,95882,95890,8
climbing,95943,95890,95943,53
walking,95982,95943,95982,39
sniffing,96071,95982,96071,89
rising,96072,96071,96072,1
climbing,96118,96072,96118,46
grooming,96146,96118,96146,28
sniffing,96203,96146,96203,57
grooming,96204,96203,96204,1
rearing,96279,96204,96279,75
rising,96287,96279,96287,8
sniffing,96336,96287,96336,49
left_turning,96362,96336,96362,26
walking,96387,96362,96387,25
right_turning,96400,96387,96400,13
walking,96433,96400,96433,33
sniffing,96487,96433,96487,54
trotting,96488,96487,96488,1
sniffing,96519,96488,96519,31
stepping,96562,96519,96562,43
sniffing,96651,96562,96651,89
left_turning,96675,96651,96675,24
sniffing,96676,96675,96676,1
walking,96735,96676,96735,59
rising,96760,96735,96760,25
sniffing,96930,96760,96930,170
rising,96970,96930,96970,40
rearing,97142,96970,97142,172
hunching,97232,97142,97232,90
rearing,97357,97232,97357,125
stepping,97387,97357,97387,30
rearing,97448,97387,97448,61
climbing,97486,97448,97486,38
stepping,97510,97486,97510,24
sniffing,97561,97510,97561,51
walking,97615,97561,97615,54
sniffing,97643,97615,97643,28
rearing,97664,97643,97664,21
hunching,97706,97664,97706,42
grooming,97818,97706,97818,112
right_turning,97825,97818,97825,7
grooming,97966,97825,97966,141
hunching,97968,97966,97968,2
grooming,98085,97968,98085,117
rearing,98198,98085,98198,113
grooming,98243,98198,98243,45
left_turning,98261,98243,98261,18
rising,98287,98261,98287,26
rearing,98360,98287,98360,73
trotting,98387,98360,98387,27
rearing,98408,98387,98408,21
sniffing,98462,98408,98462,54
walking,98482,98462,98482,20
trotting,98506,98482,98506,24
walking,98541,98506,98541,35
grooming,98640,98541,98640,99
stepping,98722,98640,98722,82
walking,98742,98722,98742,20
climbing,98765,98742,98765,23
rearing,98788,98765,98788,23
sniffing,98817,98788,98817,29
stepping,98851,98817,98851,34
rising,98852,98851,98852,1
grooming,98872,98852,98872,20
sniffing,98873,98872,98873,1
rearing,98898,98873,98898,25
grooming,99207,98898,99207,309
trotting,99210,99207,99210,3
right_turning,99237,99210,99237,27
trotting,99260,99237,99260,23
walking,99261,99260,99261,1
rising,99269,99261,99269,8
rearing,99326,99269,99326,57
grooming,99327,99326,99327,1
left_turning,99394,99327,99394,67
rearing,99414,99394,99414,20
rising,99429,99414,99429,15
sniffing,99506,99429,99506,77
grooming,99507,99506,99507,1
walking,99514,99507,99514,7
sniffing,99591,99514,99591,77
rearing,99920,99591,99920,329
grooming,100057,99920,100057,137
hunching,100101,100057,100101,44
left_turning,100349,100101,100349,248
walking,100389,100349,100389,40
stepping,100390,100389,100390,1
walking,100391,100390,100391,1
sniffing,100407,100391,100407,16
rearing,100417,100407,100417,10
walking,100456,100417,100456,39
sniffing,100457,100456,100457,1
left_turning,100477,100457,100477,20
walking,100479,100477,100479,2
rising,100487,100479,100487,8
climbing,100504,100487,100504,17
rearing,100541,100504,100541,37
grooming,100611,100541,100611,70
rising,100639,100611,100639,28
rearing,100640,100639,100640,1
grooming,100738,100640,100738,98
rearing,100811,100738,100811,73
hunching,100979,100811,100979,168
grooming,100980,100979,100980,1
hunching,101047,100980,101047,67
rearing,101081,101047,101081,34
hunching,101122,101081,101122,41
left_turning,101128,101122,101128,6
rearing,101343,101128,101343,215
left_turning,101376,101343,101376,33
sniffing,101393,101376,101393,17
walking,101416,101393,101416,23
stepping,101431,101416,101431,15
left_turning,101432,101431,101432,1
grooming,101740,101432,101740,308
walking,101781,101740,101781,41
stepping,101849,101781,101849,68
sniffing,101850,101849,101850,1
rising,101851,101850,101851,1
rearing,102175,101851,102175,324
rising,102176,102175,102176,1
sniffing,102253,102176,102253,77
walking,102279,102253,102279,26
stepping,102319,102279,102319,40
sniffing,102408,102319,102408,89
stepping,102435,102408,102435,27
sniffing,102512,102435,102512,77
rising,102518,102512,102518,6
sniffing,102566,102518,102566,48
rising,102614,102566,102614,48
stepping,102645,102614,102645,31
walking,102688,102645,102688,43
sniffing,102707,102688,102707,19
stepping,102719,102707,102719,12
walking,102766,102719,102766,47
sniffing,102790,102766,102790,24
walking,102815,102790,102815,25
sniffing,102921,102815,102921,106
rising,102928,102921,102928,7
sniffing,102929,102928,102929,1
grooming,103002,102929,103002,73
sniffing,103101,103002,103101,99
stepping,103123,103101,103123,22
sniffing,103293,103123,103293,170
left_turning,103333,103293,103333,40
sniffing,103418,103333,103418,85
scratching,103435,103418,103435,17
sniffing,103436,103435,103436,1
stepping,103499,103436,103499,63
walking,103513,103499,103513,14
rising,103558,103513,103558,45
grooming,103680,103558,103680,122
rearing,103681,103680,103681,1
right_turning,103697,103681,103697,16
walking,103698,103697,103698,1
stepping,103736,103698,103736,38
trotting,103747,103736,103747,11
rearing,103796,103747,103796,49
grooming,103902,103796,103902,106
hunching,103976,103902,103976,74
grooming,103977,103976,103977,1
hunching,104041,103977,104041,64
grooming,104240,104041,104240,199
climbing,104415,104240,104415,175
rearing,104416,104415,104416,1
rising,104538,104416,104538,122
walking,104560,104538,104560,22
climbing,104608,104560,104608,48
sniffing,104649,104608,104649,41
rising,104702,104649,104702,53
walking,104769,104702,104769,67
sniffing,104779,104769,104779,10
trotting,104821,104779,104821,42
climbing,104851,104821,104851,30
grooming,104856,104851,104856,5
climbing,104875,104856,104875,19
grooming,104943,104875,104943,68
climbing,104979,104943,104979,36
rearing,104980,104979,104980,1
grooming,105104,104980,105104,124
rearing,105105,105104,105105,1
grooming,105106,105105,105106,1
sniffing,105177,105106,105177,71
climbing,105237,105177,105237,60
running,105245,105237,105245,8
trotting,105254,105245,105254,9
sniffing,105255,105254,105255,1
stepping,105270,105255,105270,15
sniffing,105304,105270,105304,34
stepping,105318,105304,105318,14
sniffing,105350,105318,105350,32
grooming,105558,105350,105558,208
rearing,105653,105558,105653,95
sniffing,105699,105653,105699,46
grooming,105777,105699,105777,78
hunching,105990,105777,105990,213
rearing,105991,105990,105991,1
sniffing,105997,105991,105997,6
rearing,106055,105997,106055,58
grooming,106136,106055,106136,81
sniffing,106275,106136,106275,139
left_turning,106276,106275,106276,1
rising,106277,106276,106277,1
scratching,106406,106277,106406,129
sniffing,106407,106406,106407,1
stepping,106454,106407,106454,47
sniffing,106518,106454,106518,64
rising,106547,106518,106547,29
sniffing,106630,106547,106630,83
stepping,106661,106630,106661,31
rising,106694,106661,106694,33
climbing,106695,106694,106695,1
rising,106696,106695,106696,1
climbing,106808,106696,106808,112
running,106816,106808,106816,8
trotting,106827,106816,106827,11
walking,106867,106827,106867,40
stepping,106890,106867,106890,23
walking,106895,106890,106895,5
grooming,106896,106895,106896,1
sniffing,106910,106896,106910,14
walking,106954,106910,106954,44
rising,106958,106954,106958,4
rearing,107075,106958,107075,117
climbing,107118,107075,107118,43
sniffing,107154,107118,107154,36
walking,107164,107154,107164,10
sniffing,107399,107164,107399,235
rising,107400,107399,107400,1
sniffing,107428,107400,107428,28
grooming,107456,107428,107456,28
rearing,107477,107456,107477,21
sniffing,107485,107477,107485,8
rearing,107575,107485,107575,90
grooming,107576,107575,107576,1
trotting,107593,107576,107593,17
walking,107622,107593,107622,29
stepping,107680,107622,107680,58
right_turning,107684,107680,107684,4
stepping,107685,107684,107685,1
sniffing,107809,107685,107809,124
rising,107843,107809,107843,34
sniffing,107844,107843,107844,1
left_turning,107845,107844,107845,1
grooming,107846,107845,107846,1
walking,107879,107846,107879,33
sniffing,107925,107879,107925,46
rising,107994,107925,107994,69
grooming,108000,107994,108000,6
