revised_movement_label,segBoundary,segBoundary_start,segBoundary_end,length
rising,1,0,1,1
sniffing,27,1,27,26
rising,119,27,119,92
sniffing,146,119,146,27
grooming,176,146,176,30
sniffing,242,176,242,66
rising,271,242,271,29
walking,328,271,328,57
sniffing,377,328,377,49
walking,378,377,378,1
sniffing,495,378,495,117
walking,578,495,578,83
sniffing,593,578,593,15
walking,663,593,663,70
sniffing,664,663,664,1
stepping,665,664,665,1
right_turning,691,665,691,26
walking,728,691,728,37
rising,779,728,779,51
walking,822,779,822,43
trotting,826,822,826,4
stepping,844,826,844,18
sniffing,845,844,845,1
grooming,846,845,846,1
rearing,880,846,880,34
climbing,917,880,917,37
grooming,981,917,981,64
hunching,982,981,982,1
rearing,983,982,983,1
grooming,984,983,984,1
hunching,1163,984,1163,179
grooming,1228,1163,1228,65
climbing,1240,1228,1240,12
grooming,1367,1240,1367,127
sniffing,1403,1367,1403,36
grooming,1413,1403,1413,10
hunching,1440,1413,1440,27
grooming,1441,1440,1441,1
sniffing,1540,1441,1540,99
rising,1563,1540,1563,23
left_turning,1586,1563,1586,23
walking,1602,1586,1602,16
trotting,1612,1602,1612,10
walking,1644,1612,1644,32
stepping,1673,1644,1673,29
sniffing,1704,1673,1704,31
rising,1716,1704,1716,12
trotting,1767,1716,1767,51
walking,1779,1767,1779,12
sniffing,1852,1779,1852,73
grooming,1953,1852,1953,101
rising,2012,1953,2012,59
sniffing,2056,2012,2056,44
rising,2064,2056,2064,8
grooming,2220,2064,2220,156
trotting,2231,2220,2231,11
stepping,2248,2231,2248,17
sniffing,2325,2248,2325,77
running,2365,2325,2365,40
trotting,2394,2365,2394,29
walking,2438,2394,2438,44
trotting,2455,2438,2455,17
sniffing,2456,2455,2456,1
grooming,2510,2456,2510,54
running,2526,2510,2526,16
stepping,2538,2526,2538,12
walking,2557,2538,2557,19
stepping,2588,2557,2588,31
walking,2598,2588,2598,10
sniffing,2663,2598,2663,65
walking,2664,2663,2664,1
trotting,2695,2664,2695,31
running,2716,2695,2716,21
walking,2718,2716,2718,2
rearing,2765,2718,2765,47
climbing,2802,2765,2802,37
grooming,2876,2802,2876,74
rising,2975,2876,2975,99
left_turning,2984,2975,2984,9
grooming,3272,2984,3272,288
sniffing,3338,3272,3338,66
stepping,3347,3338,3347,9
sniffing,3348,3347,3348,1
rearing,3582,3348,3582,234
right_turning,3594,3582,3594,12
running,3599,3594,3599,5
rearing,3724,3599,3724,125
rising,3829,3724,3829,105
grooming,3888,3829,3888,59
rising,3903,3888,3903,15
rearing,3904,3903,3904,1
climbing,3994,3904,3994,90
grooming,4393,3994,4393,399
walking,4435,4393,4435,42
sniffing,4530,4435,4530,95
rising,4565,4530,4565,35
grooming,5148,4565,5148,583
stepping,5207,5148,5207,59
rising,5208,5207,5208,1
walking,5234,5208,5234,26
rising,5237,5234,5237,3
grooming,5319,5237,5319,82
running,5334,5319,5334,15
stepping,5343,5334,5343,9
walking,5408,5343,5408,65
sniffing,5426,5408,5426,18
stepping,5439,5426,5439,13
sniffing,5475,5439,5475,36
rising,5476,5475,5476,1
rearing,5479,5476,5479,3
hunching,5579,5479,5579,100
grooming,6157,5579,6157,578
stepping,6199,6157,6199,42
rising,6217,6199,6217,18
sniffing,6266,6217,6266,49
walking,6328,6266,6328,62
trotting,6349,6328,6349,21
walking,6402,6349,6402,53
rising,6425,6402,6425,23
walking,6521,6425,6521,96
stepping,6548,6521,6548,27
sniffing,6549,6548,6549,1
grooming,6676,6549,6676,127
rising,6775,6676,6775,99
walking,6818,6775,6818,43
stepping,6850,6818,6850,32
rising,6994,6850,6994,144
rearing,6995,6994,6995,1
rising,7131,6995,7131,136
sniffing,7141,7131,7141,10
rising,7142,7141,7142,1
walking,7167,7142,7167,25
rising,7214,7167,7214,47
left_turning,7238,7214,7238,24
stepping,7240,7238,7240,2
walking,7260,7240,7260,20
sniffing,7297,7260,7297,37
walking,7315,7297,7315,18
stepping,7363,7315,7363,48
trotting,7383,7363,7383,20
walking,7399,7383,7399,16
right_turning,7412,7399,7412,13
stepping,7451,7412,7451,39
sniffing,7478,7451,7478,27
trotting,7499,7478,7499,21
walking,7517,7499,7517,18
trotting,7527,7517,7527,10
walking,7552,7527,7552,25
sniffing,7577,7552,7577,25
stepping,7590,7577,7590,13
sniffing,7658,7590,7658,68
climbing,7713,7658,7713,55
left_turning,7723,7713,7723,10
grooming,7726,7723,7726,3
left_turning,7761,7726,7761,35
stepping,7787,7761,7787,26
walking,7852,7787,7852,65
sniffing,7853,7852,7853,1
grooming,7881,7853,7881,28
sniffing,7936,7881,7936,55
rising,7976,7936,7976,40
right_turning,7986,7976,7986,10
sniffing,8112,7986,8112,126
rising,8116,8112,8116,4
sniffing,8141,8116,8141,25
rising,8142,8141,8142,1
sniffing,8225,8142,8225,83
rising,8396,8225,8396,171
grooming,8469,8396,8469,73
rising,8470,8469,8470,1
grooming,8519,8470,8519,49
walking,8539,8519,8539,20
stepping,8566,8539,8566,27
sniffing,8669,8566,8669,103
rising,8727,8669,8727,58
left_turning,8767,8727,8767,40
grooming,8778,8767,8778,11
hunching,8902,8778,8902,124
left_turning,9024,8902,9024,122
walking,9052,9024,9052,28
stepping,9106,9052,9106,54
walking,9192,9106,9192,86
right_turning,9231,9192,9231,39
grooming,9763,9231,9763,532
rearing,9821,9763,9821,58
grooming,9939,9821,9939,118
rearing,10045,9939,10045,106
sniffing,10095,10045,10095,50
grooming,10378,10095,10378,283
rearing,10396,10378,10396,18
stepping,10468,10396,10468,72
rising,10469,10468,10469,1
hunching,10483,10469,10483,14
grooming,10592,10483,10592,109
hunching,10639,10592,10639,47
grooming,10640,10639,10640,1
rearing,10691,10640,10691,51
left_turning,10703,10691,10703,12
running,10725,10703,10725,22
sniffing,10798,10725,10798,73
stepping,10825,10798,10825,27
walking,10846,10825,10846,21
sniffing,10907,10846,10907,61
stepping,10924,10907,10924,17
sniffing,11013,10924,11013,89
left_turning,11024,11013,11024,11
sniffing,11058,11024,11058,34
stepping,11059,11058,11059,1
rising,11070,11059,11070,11
rearing,11085,11070,11085,15
climbing,11149,11085,11149,64
rising,11281,11149,11281,132
hunching,11320,11281,11320,39
grooming,11406,11320,11406,86
left_turning,11427,11406,11427,21
trotting,11452,11427,11452,25
sniffing,11488,11452,11488,36
rising,11510,11488,11510,22
grooming,11814,11510,11814,304
rearing,11822,11814,11822,8
climbing,11854,11822,11854,32
rearing,11875,11854,11875,21
grooming,11876,11875,11876,1
trotting,11900,11876,11900,24
rising,11901,11900,11901,1
sniffing,11955,11901,11955,54
walking,11965,11955,11965,10
sniffing,12049,11965,12049,84
grooming,12508,12049,12508,459
rising,12530,12508,12530,22
grooming,13015,12530,13015,485
stepping,13024,13015,13024,9
rising,13050,13024,13050,26
climbing,13110,13050,13110,60
right_turning,13123,13110,13123,13
walking,13173,13123,13173,50
sniffing,13244,13173,13244,71
rising,13284,13244,13284,40
right_turning,13328,13284,13328,44
running,13382,13328,13382,54
walking,13401,13382,13401,19
stepping,13435,13401,13435,34
sniffing,13450,13435,13450,15
grooming,13451,13450,13451,1
rearing,13474,13451,13474,23
grooming,13642,13474,13642,168
rising,13643,13642,13643,1
rearing,13654,13643,13654,11
walking,13709,13654,13709,55
stepping,13747,13709,13747,38
sniffing,13755,13747,13755,8
stepping,13797,13755,13797,42
climbing,13843,13797,13843,46
grooming,13974,13843,13974,131
stepping,13983,13974,13983,9
climbing,14015,13983,14015,32
sniffing,14031,14015,14031,16
walking,14034,14031,14034,3
stepping,14070,14034,14070,36
running,14102,14070,14102,32
stepping,14133,14102,14133,31
sniffing,14138,14133,14138,5
stepping,14165,14138,14165,27
walking,14166,14165,14166,1
sniffing,14167,14166,14167,1
grooming,14168,14167,14168,1
stepping,14177,14168,14177,9
grooming,14178,14177,14178,1
walking,14210,14178,14210,32
stepping,14225,14210,14225,15
walking,14277,14225,14277,52
sniffing,14325,14277,14325,48
right_turning,14352,14325,14352,27
grooming,14386,14352,14386,34
sniffing,14403,14386,14403,17
grooming,15328,14403,15328,925
running,15355,15328,15355,27
sniffing,15383,15355,15383,28
rising,15403,15383,15403,20
stepping,15496,15403,15496,93
trotting,15551,15496,15551,55
rising,15552,15551,15552,1
left_turning,15553,15552,15553,1
walking,15570,15553,15570,17
left_turning,15578,15570,15578,8
climbing,15610,15578,15610,32
grooming,16450,15610,16450,840
hunching,16498,16450,16498,48
rearing,16499,16498,16499,1
hunching,16500,16499,16500,1
rising,16576,16500,16576,76
grooming,16887,16576,16887,311
sniffing,17007,16887,17007,120
rising,17046,17007,17046,39
climbing,17107,17046,17107,61
rearing,17176,17107,17176,69
climbing,17250,17176,17250,74
rising,17251,17250,17251,1
stepping,17263,17251,17263,12
rising,17323,17263,17323,60
climbing,17381,17323,17381,58
sniffing,17444,17381,17444,63
rearing,17465,17444,17465,21
climbing,17521,17465,17521,56
grooming,18412,17521,18412,891
rising,18468,18412,18468,56
sniffing,18469,18468,18469,1
rising,18470,18469,18470,1
rearing,18539,18470,18539,69
left_turning,18557,18539,18557,18
stepping,18592,18557,18592,35
climbing,18606,18592,18606,14
sniffing,18654,18606,18654,48
walking,18731,18654,18731,77
rising,18767,18731,18767,36
climbing,18800,18767,18800,33
grooming,19045,18800,19045,245
sniffing,19077,19045,19077,32
stepping,19089,19077,19089,12
grooming,19109,19089,19109,20
climbing,19126,19109,19126,17
grooming,19127,19126,19127,1
rearing,19185,19127,19185,58
walking,19209,19185,19209,24
sniffing,19224,19209,19224,15
hunching,19225,19224,19225,1
grooming,19337,19225,19337,112
sniffing,19350,19337,19350,13
climbing,19430,19350,19430,80
grooming,19431,19430,19431,1
rising,19434,19431,19434,3
walking,19479,19434,19479,45
sniffing,19497,19479,19497,18
rising,19499,19497,19499,2
right_turning,19501,19499,19501,2
walking,19528,19501,19528,27
grooming,19549,19528,19549,21
rearing,19550,19549,19550,1
grooming,19551,19550,19551,1
rising,19586,19551,19586,35
walking,19587,19586,19587,1
sniffing,19591,19587,19591,4
rising,19592,19591,19592,1
sniffing,19593,19592,19593,1
climbing,19643,19593,19643,50
grooming,20156,19643,20156,513
climbing,20168,20156,20168,12
trotting,20218,20168,20218,50
sniffing,20219,20218,20219,1
stepping,20239,20219,20239,20
sniffing,20240,20239,20240,1
walking,20267,20240,20267,27
rearing,20317,20267,20317,50
hunching,20400,20317,20400,83
trotting,20401,20400,20401,1
stepping,20421,20401,20421,20
walking,20447,20421,20447,26
sniffing,20448,20447,20448,1
rising,20473,20448,20473,25
sniffing,20492,20473,20492,19
hunching,20587,20492,20587,95
grooming,20980,20587,20980,393
rearing,20987,20980,20987,7
rising,20988,20987,20988,1
rearing,21095,20988,21095,107
walking,21114,21095,21114,19
stepping,21161,21114,21161,47
grooming,21222,21161,21222,61
sniffing,21287,21222,21287,65
walking,21313,21287,21313,26
sniffing,21350,21313,21350,37
grooming,21632,21350,21632,282
hunching,21653,21632,21653,21
grooming,21957,21653,21957,304
rising,22103,21957,22103,146
hunching,22104,22103,22104,1
walking,22105,22104,22105,1
stepping,22130,22105,22130,25
trotting,22145,22130,22145,15
walking,22171,22145,22171,26
rising,22172,22171,22172,1
sniffing,22224,22172,22224,52
left_turning,22248,22224,22248,24
sniffing,22289,22248,22289,41
grooming,22290,22289,22290,1
sniffing,22291,22290,22291,1
grooming,22329,22291,22329,38
running,22361,22329,22361,32
walking,22419,22361,22419,58
sniffing,22486,22419,22486,67
grooming,22487,22486,22487,1
stepping,22509,22487,22509,22
climbing,22516,22509,22516,7
walking,22541,22516,22541,25
hunching,22609,22541,22609,68
walking,22651,22609,22651,42
sniffing,22652,22651,22652,1
stepping,22669,22652,22669,17
sniffing,22670,22669,22670,1
stepping,22702,22670,22702,32
rising,22754,22702,22754,52
stepping,22786,22754,22786,32
sniffing,22829,22786,22829,43
stepping,22856,22829,22856,27
rising,22907,22856,22907,51
climbing,22946,22907,22946,39
rearing,22987,22946,22987,41
grooming,23126,22987,23126,139
climbing,23207,23126,23207,81
rising,23263,23207,23263,56
walking,23286,23263,23286,23
trotting,23318,23286,23318,32
walking,23319,23318,23319,1
sniffing,23364,23319,23364,45
left_turning,23441,23364,23441,77
walking,23475,23441,23475,34
grooming,23476,23475,23476,1
rising,23491,23476,23491,15
sniffing,23492,23491,23492,1
rising,23521,23492,23521,29
sniffing,23545,23521,23545,24
left_turning,23553,23545,23553,8
walking,23565,23553,23565,12
running,23577,23565,23577,12
climbing,23607,23577,23607,30
grooming,23693,23607,23693,86
left_turning,23694,23693,23694,1
trotting,23738,23694,23738,44
climbing,23782,23738,23782,44
sniffing,23856,23782,23856,74
stepping,23973,23856,23973,117
sniffing,24030,23973,24030,57
rising,24042,24030,24042,12
walking,24051,24042,24051,9
rearing,24085,24051,24085,34
sniffing,24123,24085,24123,38
rising,24160,24123,24160,37
rearing,24315,24160,24315,155
climbing,24394,24315,24394,79
walking,24417,24394,24417,23
sniffing,24495,24417,24495,78
trotting,24520,24495,24520,25
walking,24559,24520,24559,39
right_turning,24600,24559,24600,41
sniffing,24681,24600,24681,81
grooming,24877,24681,24877,196
sniffing,24878,24877,24878,1
right_turning,24903,24878,24903,25
stepping,24927,24903,24927,24
walking,24951,24927,24951,24
sniffing,25000,24951,25000,49
left_turning,25007,25000,25007,7
trotting,25011,25007,25011,4
sniffing,25072,25011,25072,61
trotting,25102,25072,25102,30
rearing,25220,25102,25220,118
grooming,25530,25220,25530,310
stepping,25540,25530,25540,10
rising,25577,25540,25577,37
sniffing,25653,25577,25653,76
grooming,25793,25653,25793,140
climbing,25840,25793,25840,47
grooming,26008,25840,26008,168
hunching,26021,26008,26021,13
climbing,26038,26021,26038,17
left_turning,26090,26038,26090,52
stepping,26114,26090,26114,24
sniffing,26201,26114,26201,87
stepping,26255,26201,26255,54
sniffing,26263,26255,26263,8
rising,26298,26263,26298,35
sniffing,26318,26298,26318,20
stepping,26330,26318,26330,12
sniffing,26386,26330,26386,56
rising,26435,26386,26435,49
sniffing,26525,26435,26525,90
grooming,26527,26525,26527,2
hunching,26544,26527,26544,17
grooming,26923,26544,26923,379
sniffing,26980,26923,26980,57
right_turning,26981,26980,26981,1
rising,27013,26981,27013,32
rearing,27014,27013,27014,1
grooming,27318,27014,27318,304
sniffing,27355,27318,27355,37
rising,27412,27355,27412,57
rearing,27413,27412,27413,1
climbing,27416,27413,27416,3
right_turning,27431,27416,27431,15
sniffing,27434,27431,27434,3
climbing,27514,27434,27514,80
sniffing,27515,27514,27515,1
stepping,27605,27515,27605,90
left_turning,27619,27605,27619,14
sniffing,27620,27619,27620,1
stepping,27628,27620,27628,8
walking,27640,27628,27640,12
stepping,27654,27640,27654,14
grooming,27745,27654,27745,91
rearing,27788,27745,27788,43
grooming,27789,27788,27789,1
left_turning,27819,27789,27819,30
running,27839,27819,27839,20
sniffing,27901,27839,27901,62
stepping,27955,27901,27955,54
grooming,28011,27955,28011,56
walking,28013,28011,28013,2
sniffing,28046,28013,28046,33
walking,28080,28046,28080,34
sniffing,28094,28080,28094,14
walking,28115,28094,28115,21
stepping,28124,28115,28124,9
sniffing,28198,28124,28198,74
walking,28257,28198,28257,59
climbing,28311,28257,28311,54
stepping,28312,28311,28312,1
hunching,28439,28312,28439,127
grooming,28675,28439,28675,236
left_turning,28702,28675,28702,27
stepping,28725,28702,28725,23
grooming,28869,28725,28869,144
walking,28905,28869,28905,36
sniffing,28956,28905,28956,51
left_turning,28963,28956,28963,7
sniffing,29009,28963,29009,46
left_turning,29025,29009,29025,16
trotting,29048,29025,29048,23
walking,29074,29048,29074,26
rising,29084,29074,29084,10
sniffing,29085,29084,29085,1
trotting,29104,29085,29104,19
sniffing,29127,29104,29127,23
stepping,29178,29127,29178,51
running,29201,29178,29201,23
rearing,29254,29201,29254,53
climbing,29277,29254,29277,23
rearing,29489,29277,29489,212
grooming,29884,29489,29884,395
stepping,29919,29884,29919,35
sniffing,29944,29919,29944,25
stepping,30000,29944,30000,56
walking,30017,30000,30017,17
left_turning,30025,30017,30025,8
running,30039,30025,30039,14
climbing,30098,30039,30098,59
walking,30146,30098,30146,48
rising,30164,30146,30164,18
grooming,30371,30164,30371,207
rearing,30381,30371,30381,10
hunching,30410,30381,30410,29
grooming,30411,30410,30411,1
right_turning,30421,30411,30421,10
stepping,30431,30421,30431,10
walking,30463,30431,30463,32
rising,30481,30463,30481,18
left_turning,30547,30481,30547,66
stepping,30567,30547,30567,20
trotting,30605,30567,30605,38
sniffing,30660,30605,30660,55
rising,30704,30660,30704,44
left_turning,30755,30704,30755,51
trotting,30794,30755,30794,39
sniffing,30877,30794,30877,83
grooming,30878,30877,30878,1
rearing,30937,30878,30937,59
grooming,30986,30937,30986,49
sniffing,31072,30986,31072,86
rising,31090,31072,31090,18
sniffing,31146,31090,31146,56
grooming,31484,31146,31484,338
hunching,31615,31484,31615,131
rearing,31720,31615,31720,105
grooming,31998,31720,31998,278
climbing,32002,31998,32002,4
rearing,32003,32002,32003,1
grooming,32177,32003,32177,174
hunching,32312,32177,32312,135
sniffing,32325,32312,32325,13
stepping,32347,32325,32347,22
rising,32389,32347,32389,42
grooming,32537,32389,32537,148
sniffing,32538,32537,32538,1
grooming,32774,32538,32774,236
stepping,32823,32774,32823,49
walking,32825,32823,32825,2
stepping,32828,32825,32828,3
walking,32839,32828,32839,11
stepping,32850,32839,32850,11
sniffing,32851,32850,32851,1
trotting,32890,32851,32890,39
sniffing,32905,32890,32905,15
grooming,33086,32905,33086,181
left_turning,33105,33086,33105,19
rising,33113,33105,33113,8
climbing,33132,33113,33132,19
grooming,33269,33132,33269,137
right_turning,33287,33269,33287,18
climbing,33321,33287,33321,34
rising,33368,33321,33368,47
walking,33414,33368,33414,46
grooming,33653,33414,33653,239
rearing,33700,33653,33700,47
rising,33710,33700,33710,10
rearing,33711,33710,33711,1
sniffing,33742,33711,33742,31
grooming,33797,33742,33797,55
trotting,33810,33797,33810,13
walking,33818,33810,33818,8
stepping,33822,33818,33822,4
sniffing,33870,33822,33870,48
stepping,33901,33870,33901,31
sniffing,33996,33901,33996,95
walking,34027,33996,34027,31
rising,34028,34027,34028,1
grooming,34076,34028,34076,48
hunching,34429,34076,34429,353
grooming,34682,34429,34682,253
rising,34696,34682,34696,14
climbing,34741,34696,34741,45
running,34792,34741,34792,51
rising,34834,34792,34834,42
climbing,34854,34834,34854,20
stepping,34888,34854,34888,34
walking,34923,34888,34923,35
left_turning,34945,34923,34945,22
trotting,34977,34945,34977,32
sniffing,35016,34977,35016,39
grooming,35017,35016,35017,1
rising,35199,35017,35199,182
left_turning,35200,35199,35200,1
rising,35233,35200,35233,33
stepping,35251,35233,35251,18
walking,35252,35251,35252,1
grooming,35253,35252,35253,1
sniffing,35335,35253,35335,82
walking,35373,35335,35373,38
sniffing,35418,35373,35418,45
grooming,35484,35418,35484,66
rearing,35567,35484,35567,83
hunching,35608,35567,35608,41
sniffing,35749,35608,35749,141
climbing,35793,35749,35793,44
grooming,35862,35793,35862,69
rearing,35879,35862,35879,17
grooming,36121,35879,36121,242
sniffing,36153,36121,36153,32
rising,36175,36153,36175,22
sniffing,36251,36175,36251,76
grooming,36625,36251,36625,374
rearing,36746,36625,36746,121
hunching,36747,36746,36747,1
climbing,36799,36747,36799,52
stepping,36806,36799,36806,7
grooming,36985,36806,36985,179
rearing,37034,36985,37034,49
running,37054,37034,37054,20
walking,37072,37054,37072,18
rising,37111,37072,37111,39
grooming,37114,37111,37114,3
rising,37169,37114,37169,55
grooming,37170,37169,37170,1
sniffing,37200,37170,37200,30
grooming,37363,37200,37363,163
rising,37364,37363,37364,1
grooming,37493,37364,37493,129
left_turning,37536,37493,37536,43
stepping,37587,37536,37587,51
rearing,37649,37587,37649,62
sniffing,37701,37649,37701,52
walking,37732,37701,37732,31
right_turning,37746,37732,37746,14
jumping,37846,37746,37846,100
climbing,37879,37846,37879,33
rising,37915,37879,37915,36
stepping,37961,37915,37961,46
sniffing,38051,37961,38051,90
stepping,38080,38051,38080,29
rearing,38225,38080,38225,145
grooming,38370,38225,38370,145
trotting,38378,38370,38378,8
stepping,38389,38378,38389,11
rising,38413,38389,38413,24
sniffing,38449,38413,38449,36
stepping,38477,38449,38477,28
sniffing,38504,38477,38504,27
rising,38516,38504,38516,12
rearing,38603,38516,38603,87
climbing,38628,38603,38628,25
right_turning,38635,38628,38635,7
stepping,38649,38635,38649,14
grooming,38662,38649,38662,13
hunching,38741,38662,38741,79
grooming,38780,38741,38780,39
hunching,38789,38780,38789,9
left_turning,38793,38789,38793,4
sniffing,38833,38793,38833,40
walking,38846,38833,38846,13
trotting,38856,38846,38856,10
sniffing,38888,38856,38888,32
grooming,39050,38888,39050,162
hunching,39144,39050,39144,94
sniffing,39214,39144,39214,70
rising,39215,39214,39215,1
right_turning,39240,39215,39240,25
walking,39286,39240,39286,46
rearing,39317,39286,39317,31
trotting,39357,39317,39357,40
sniffing,39389,39357,39389,32
rising,39393,39389,39393,4
climbing,39424,39393,39424,31
grooming,39495,39424,39495,71
walking,39506,39495,39506,11
stepping,39565,39506,39565,59
grooming,39768,39565,39768,203
walking,39777,39768,39777,9
sniffing,39789,39777,39789,12
trotting,39813,39789,39813,24
stepping,39854,39813,39854,41
left_turning,39855,39854,39855,1
rising,39862,39855,39862,7
left_turning,39882,39862,39882,20
sniffing,40005,39882,40005,123
stepping,40029,40005,40029,24
running,40041,40029,40041,12
stepping,40057,40041,40057,16
walking,40080,40057,40080,23
sniffing,40129,40080,40129,49
running,40139,40129,40139,10
walking,40178,40139,40178,39
rearing,40246,40178,40246,68
running,40251,40246,40251,5
sniffing,40281,40251,40281,30
walking,40304,40281,40304,23
sniffing,40325,40304,40325,21
stepping,40360,40325,40360,35
walking,40411,40360,40411,51
sniffing,40442,40411,40442,31
walking,40544,40442,40544,102
trotting,40576,40544,40576,32
sniffing,40626,40576,40626,50
walking,40628,40626,40628,2
stepping,40647,40628,40647,19
walking,40674,40647,40674,27
rising,40724,40674,40724,50
climbing,40789,40724,40789,65
left_turning,40790,40789,40790,1
climbing,40798,40790,40798,8
sniffing,40839,40798,40839,41
grooming,40840,40839,40840,1
walking,40845,40840,40845,5
rising,40857,40845,40857,12
sniffing,40894,40857,40894,37
walking,40933,40894,40933,39
sniffing,40981,40933,40981,48
stepping,40998,40981,40998,17
sniffing,41127,40998,41127,129
grooming,41222,41127,41222,95
walking,41260,41222,41260,38
sniffing,41304,41260,41304,44
rising,41307,41304,41307,3
climbing,41352,41307,41352,45
sniffing,41402,41352,41402,50
grooming,41424,41402,41424,22
stepping,41438,41424,41438,14
trotting,41453,41438,41453,15
rising,41461,41453,41461,8
rearing,41500,41461,41500,39
climbing,41594,41500,41594,94
right_turning,41604,41594,41604,10
stepping,41649,41604,41649,45
climbing,41717,41649,41717,68
trotting,41751,41717,41751,34
sniffing,41769,41751,41769,18
trotting,41795,41769,41795,26
walking,41820,41795,41820,25
rising,41821,41820,41821,1
climbing,41830,41821,41830,9
stepping,41871,41830,41871,41
trotting,41917,41871,41917,46
sniffing,41918,41917,41918,1
rearing,41920,41918,41920,2
rising,41952,41920,41952,32
stepping,41973,41952,41973,21
walking,41974,41973,41974,1
sniffing,42045,41974,42045,71
walking,42046,42045,42046,1
sniffing,42056,42046,42056,10
walking,42063,42056,42063,7
sniffing,42124,42063,42124,61
climbing,42190,42124,42190,66
grooming,43150,42190,43150,960
stepping,43177,43150,43177,27
walking,43178,43177,43178,1
sniffing,43226,43178,43226,48
rising,43244,43226,43244,18
walking,43262,43244,43262,18
stepping,43267,43262,43267,5
sniffing,43268,43267,43268,1
stepping,43305,43268,43305,37
sniffing,43355,43305,43355,50
stepping,43385,43355,43385,30
sniffing,43408,43385,43408,23
trotting,43428,43408,43428,20
running,43454,43428,43454,26
stepping,43503,43454,43503,49
right_turning,43517,43503,43517,14
running,43557,43517,43557,40
grooming,43558,43557,43558,1
hunching,43559,43558,43559,1
rearing,43622,43559,43622,63
grooming,43623,43622,43623,1
rearing,43680,43623,43680,57
grooming,43861,43680,43861,181
rising,43862,43861,43862,1
stepping,43903,43862,43903,41
walking,43919,43903,43919,16
running,43947,43919,43947,28
walking,43995,43947,43995,48
sniffing,44078,43995,44078,83
grooming,44106,44078,44106,28
climbing,44167,44106,44167,61
trotting,44200,44167,44200,33
sniffing,44204,44200,44204,4
trotting,44212,44204,44212,8
sniffing,44257,44212,44257,45
grooming,44258,44257,44258,1
rearing,44259,44258,44259,1
grooming,44261,44259,44261,2
hunching,44272,44261,44272,11
rearing,44325,44272,44325,53
grooming,44326,44325,44326,1
sniffing,44408,44326,44408,82
grooming,44409,44408,44409,1
stepping,44444,44409,44444,35
grooming,44490,44444,44490,46
walking,44513,44490,44513,23
right_turning,44514,44513,44514,1
stepping,44572,44514,44572,58
sniffing,44599,44572,44599,27
grooming,44819,44599,44819,220
sniffing,44845,44819,44845,26
left_turning,44849,44845,44849,4
stepping,44875,44849,44875,26
sniffing,44895,44875,44895,20
climbing,44944,44895,44944,49
walking,44945,44944,44945,1
running,44948,44945,44948,3
grooming,44949,44948,44949,1
rearing,44976,44949,44976,27
rising,45079,44976,45079,103
climbing,45112,45079,45112,33
trotting,45143,45112,45143,31
sniffing,45159,45143,45159,16
walking,45188,45159,45188,29
stepping,45193,45188,45193,5
rising,45194,45193,45194,1
sniffing,45243,45194,45243,49
climbing,45299,45243,45299,56
sniffing,45308,45299,45308,9
scratching,45309,45308,45309,1
sniffing,45310,45309,45310,1
grooming,45311,45310,45311,1
hunching,45489,45311,45489,178
grooming,45814,45489,45814,325
rearing,45843,45814,45843,29
grooming,45992,45843,45992,149
sniffing,46086,45992,46086,94
grooming,46141,46086,46141,55
rearing,46150,46141,46150,9
grooming,46207,46150,46207,57
stepping,46236,46207,46236,29
sniffing,46237,46236,46237,1
walking,46238,46237,46238,1
sniffing,46281,46238,46281,43
walking,46282,46281,46282,1
left_turning,46296,46282,46296,14
sniffing,46333,46296,46333,37
trotting,46337,46333,46337,4
sniffing,46407,46337,46407,70
walking,46438,46407,46438,31
sniffing,46470,46438,46470,32
grooming,46692,46470,46692,222
rearing,46724,46692,46724,32
walking,46752,46724,46752,28
sniffing,46780,46752,46780,28
running,46816,46780,46816,36
walking,46838,46816,46838,22
sniffing,46901,46838,46901,63
rising,46916,46901,46916,15
rearing,46983,46916,46983,67
hunching,46984,46983,46984,1
grooming,46991,46984,46991,7
rearing,47027,46991,47027,36
hunching,47129,47027,47129,102
grooming,47217,47129,47217,88
climbing,47240,47217,47240,23
rising,47253,47240,47253,13
grooming,47254,47253,47254,1
sniffing,47278,47254,47278,24
walking,47301,47278,47301,23
trotting,47315,47301,47315,14
walking,47327,47315,47327,12
stepping,47353,47327,47353,26
sniffing,47467,47353,47467,114
rising,47474,47467,47474,7
sniffing,47505,47474,47505,31
walking,47529,47505,47529,24
sniffing,47570,47529,47570,41
rising,47646,47570,47646,76
grooming,47745,47646,47745,99
rearing,47759,47745,47759,14
climbing,47819,47759,47819,60
sniffing,47820,47819,47820,1
grooming,47999,47820,47999,179
rising,48012,47999,48012,13
sniffing,48030,48012,48030,18
left_turning,48031,48030,48031,1
sniffing,48032,48031,48032,1
rearing,48183,48032,48183,151
climbing,48225,48183,48225,42
grooming,48312,48225,48312,87
scratching,48328,48312,48328,16
sniffing,48334,48328,48334,6
left_turning,48387,48334,48387,53
scratching,48399,48387,48399,12
sniffing,48400,48399,48400,1
walking,48449,48400,48449,49
grooming,48959,48449,48959,510
sniffing,48997,48959,48997,38
stepping,49024,48997,49024,27
sniffing,49096,49024,49096,72
running,49116,49096,49116,20
walking,49128,49116,49128,12
left_turning,49168,49128,49168,40
grooming,49278,49168,49278,110
walking,49321,49278,49321,43
sniffing,49413,49321,49413,92
left_turning,49443,49413,49443,30
walking,49445,49443,49445,2
sniffing,49460,49445,49460,15
walking,49461,49460,49461,1
rearing,49462,49461,49462,1
running,49507,49462,49507,45
sniffing,49514,49507,49514,7
running,49534,49514,49534,20
right_turning,49542,49534,49542,8
sniffing,49565,49542,49565,23
grooming,49566,49565,49566,1
climbing,49634,49566,49634,68
grooming,49639,49634,49639,5
trotting,49677,49639,49677,38
sniffing,49683,49677,49683,6
right_turning,49720,49683,49720,37
walking,49721,49720,49721,1
sniffing,49779,49721,49779,58
walking,49843,49779,49843,64
scratching,49911,49843,49911,68
sniffing,50070,49911,50070,159
walking,50109,50070,50109,39
sniffing,50126,50109,50126,17
climbing,50164,50126,50164,38
right_turning,50192,50164,50192,28
walking,50216,50192,50216,24
grooming,50412,50216,50412,196
rearing,50424,50412,50424,12
climbing,50449,50424,50449,25
running,50499,50449,50499,50
rising,50516,50499,50516,17
hunching,50523,50516,50523,7
rearing,50611,50523,50611,88
stepping,50678,50611,50678,67
rising,50707,50678,50707,29
climbing,50734,50707,50734,27
running,50743,50734,50743,9
stepping,50774,50743,50774,31
walking,50802,50774,50802,28
rising,50825,50802,50825,23
right_turning,50838,50825,50838,13
sniffing,50916,50838,50916,78
left_turning,50928,50916,50928,12
rising,50937,50928,50937,9
climbing,51001,50937,51001,64
rearing,51047,51001,51047,46
left_turning,51100,51047,51100,53
scratching,51258,51100,51258,158
stepping,51259,51258,51259,1
walking,51304,51259,51304,45
sniffing,51386,51304,51386,82
stepping,51403,51386,51403,17
right_turning,51428,51403,51428,25
trotting,51439,51428,51439,11
sniffing,51440,51439,51440,1
grooming,51463,51440,51463,23
hunching,51464,51463,51464,1
grooming,51465,51464,51465,1
running,51476,51465,51476,11
trotting,51505,51476,51505,29
sniffing,51516,51505,51516,11
grooming,51986,51516,51986,470
scratching,52163,51986,52163,177
grooming,52164,52163,52164,1
sniffing,52165,52164,52165,1
rising,52175,52165,52175,10
climbing,52205,52175,52205,30
trotting,52241,52205,52241,36
sniffing,52242,52241,52242,1
trotting,52259,52242,52259,17
sniffing,52317,52259,52317,58
running,52350,52317,52350,33
walking,52351,52350,52351,1
trotting,52377,52351,52377,26
walking,52416,52377,52416,39
rising,52447,52416,52447,31
walking,52467,52447,52467,20
stepping,52468,52467,52468,1
sniffing,52602,52468,52602,134
right_turning,52631,52602,52631,29
sniffing,52677,52631,52677,46
grooming,53510,52677,53510,833
stepping,53588,53510,53588,78
climbing,53599,53588,53599,11
grooming,53633,53599,53633,34
rearing,53726,53633,53726,93
grooming,53893,53726,53893,167
rearing,53894,53893,53894,1
grooming,54287,53894,54287,393
rising,54326,54287,54326,39
sniffing,54329,54326,54329,3
rising,54383,54329,54383,54
rearing,54384,54383,54384,1
left_turning,54419,54384,54419,35
sniffing,54435,54419,54435,16
walking,54451,54435,54451,16
running,54473,54451,54473,22
walking,54501,54473,54501,28
left_turning,54502,54501,54502,1
walking,54568,54502,54568,66
left_turning,54569,54568,54569,1
walking,54570,54569,54570,1
stepping,54652,54570,54652,82
rising,54721,54652,54721,69
sniffing,54749,54721,54749,28
trotting,54785,54749,54785,36
climbing,54817,54785,54817,32
right_turning,54849,54817,54849,32
sniffing,54876,54849,54876,27
grooming,54958,54876,54958,82
stepping,54982,54958,54982,24
walking,55053,54982,55053,71
rising,55054,55053,55054,1
climbing,55093,55054,55093,39
stepping,55109,55093,55109,16
sniffing,55147,55109,55147,38
rearing,55219,55147,55219,72
hunching,55358,55219,55358,139
grooming,55359,55358,55359,1
sniffing,55571,55359,55571,212
left_turning,55590,55571,55590,19
stepping,55696,55590,55696,106
sniffing,55786,55696,55786,90
stepping,55811,55786,55811,25
walking,55812,55811,55812,1
sniffing,55891,55812,55891,79
grooming,55983,55891,55983,92
running,56005,55983,56005,22
walking,56098,56005,56098,93
trotting,56113,56098,56113,15
walking,56134,56113,56134,21
sniffing,56173,56134,56173,39
rising,56233,56173,56233,60
rearing,56249,56233,56249,16
stepping,56250,56249,56250,1
sniffing,56374,56250,56374,124
stepping,56408,56374,56408,34
grooming,57532,56408,57532,1124
sniffing,57533,57532,57533,1
grooming,57909,57533,57909,376
left_turning,57916,57909,57916,7
sniffing,57940,57916,57940,24
left_turning,57963,57940,57963,23
walking,57999,57963,57999,36
sniffing,58050,57999,58050,51
left_turning,58068,58050,58068,18
walking,58081,58068,58081,13
left_turning,58082,58081,58082,1
sniffing,58188,58082,58188,106
rising,58189,58188,58189,1
sniffing,58253,58189,58253,64
rising,58254,58253,58254,1
climbing,58279,58254,58279,25
stepping,58298,58279,58298,19
grooming,58333,58298,58333,35
rising,58399,58333,58399,66
left_turning,58427,58399,58427,28
trotting,58435,58427,58435,8
rising,58436,58435,58436,1
sniffing,58521,58436,58521,85
walking,58523,58521,58523,2
sniffing,58573,58523,58573,50
grooming,58734,58573,58734,161
rising,58735,58734,58735,1
rearing,58780,58735,58780,45
grooming,58781,58780,58781,1
rearing,58832,58781,58832,51
climbing,58908,58832,58908,76
rearing,58932,58908,58932,24
climbing,58975,58932,58975,43
left_turning,58997,58975,58997,22
grooming,59101,58997,59101,104
sniffing,59102,59101,59102,1
grooming,59103,59102,59103,1
right_turning,59135,59103,59135,32
sniffing,59159,59135,59159,24
walking,59192,59159,59192,33
sniffing,59274,59192,59274,82
stepping,59293,59274,59293,19
rearing,59369,59293,59369,76
rising,59563,59369,59563,194
rearing,59652,59563,59652,89
grooming,59866,59652,59866,214
rearing,59917,59866,59917,51
grooming,60410,59917,60410,493
sniffing,60495,60410,60495,85
left_turning,60496,60495,60496,1
sniffing,60497,60496,60497,1
rising,60543,60497,60543,46
stepping,60555,60543,60555,12
sniffing,60570,60555,60570,15
rising,60609,60570,60609,39
grooming,60610,60609,60610,1
climbing,60671,60610,60671,61
rearing,60745,60671,60745,74
climbing,60790,60745,60790,45
left_turning,60870,60790,60870,80
stepping,60898,60870,60898,28
hunching,61001,60898,61001,103
rearing,61113,61001,61113,112
grooming,61114,61113,61114,1
walking,61133,61114,61133,19
left_turning,61162,61133,61162,29
walking,61179,61162,61179,17
sniffing,61393,61179,61393,214
left_turning,61425,61393,61425,32
sniffing,61459,61425,61459,34
left_turning,61503,61459,61503,44
walking,61540,61503,61540,37
left_turning,61577,61540,61577,37
walking,61610,61577,61610,33
sniffing,61614,61610,61614,4
walking,61624,61614,61624,10
stepping,61661,61624,61661,37
rearing,61738,61661,61738,77
grooming,61906,61738,61906,168
hunching,61956,61906,61956,50
grooming,62231,61956,62231,275
rising,62293,62231,62293,62
climbing,62361,62293,62361,68
rising,62385,62361,62385,24
climbing,62439,62385,62439,54
left_turning,62469,62439,62469,30
rising,62499,62469,62499,30
sniffing,62500,62499,62500,1
grooming,62501,62500,62501,1
scratching,62502,62501,62502,1
grooming,62649,62502,62649,147
scratching,62664,62649,62664,15
stepping,62712,62664,62712,48
climbing,62741,62712,62741,29
grooming,62914,62741,62914,173
hunching,62982,62914,62982,68
grooming,63318,62982,63318,336
sniffing,63438,63318,63438,120
hunching,63529,63438,63529,91
grooming,63687,63529,63687,158
rearing,63765,63687,63765,78
climbing,63824,63765,63824,59
grooming,63825,63824,63825,1
sniffing,63918,63825,63918,93
rising,63934,63918,63934,16
grooming,64608,63934,64608,674
hunching,64665,64608,64665,57
rising,64677,64665,64677,12
grooming,64689,64677,64689,12
left_turning,64719,64689,64719,30
rising,64822,64719,64822,103
rearing,65009,64822,65009,187
grooming,65130,65009,65130,121
rearing,65138,65130,65138,8
climbing,65191,65138,65191,53
trotting,65218,65191,65218,27
sniffing,65244,65218,65244,26
right_turning,65266,65244,65266,22
walking,65290,65266,65290,24
rearing,65479,65290,65479,189
climbing,65483,65479,65483,4
walking,65538,65483,65538,55
stepping,65597,65538,65597,59
sniffing,65629,65597,65629,32
rising,65635,65629,65635,6
rearing,65636,65635,65636,1
right_turning,65646,65636,65646,10
sniffing,65656,65646,65656,10
rising,65684,65656,65684,28
rearing,65694,65684,65694,10
grooming,65983,65694,65983,289
sniffing,65984,65983,65984,1
stepping,65997,65984,65997,13
running,66015,65997,66015,18
stepping,66036,66015,66036,21
sniffing,66061,66036,66061,25
grooming,66203,66061,66203,142
sniffing,66210,66203,66210,7
right_turning,66230,66210,66230,20
sniffing,66231,66230,66231,1
rising,66232,66231,66232,1
climbing,66259,66232,66259,27
left_turning,66297,66259,66297,38
rising,66298,66297,66298,1
rearing,66365,66298,66365,67
grooming,66366,66365,66366,1
sniffing,66407,66366,66407,41
walking,66435,66407,66435,28
stepping,66462,66435,66462,27
rising,66463,66462,66463,1
left_turning,66464,66463,66464,1
sniffing,66635,66464,66635,171
rising,66656,66635,66656,21
rearing,66711,66656,66711,55
sniffing,66762,66711,66762,51
stepping,66783,66762,66783,21
climbing,66787,66783,66787,4
rising,66788,66787,66788,1
walking,66809,66788,66809,21
stepping,66815,66809,66815,6
scratching,67132,66815,67132,317
sniffing,67261,67132,67261,129
left_turning,67302,67261,67302,41
trotting,67336,67302,67336,34
sniffing,67391,67336,67391,55
stepping,67434,67391,67434,43
sniffing,67503,67434,67503,69
stepping,67512,67503,67512,9
left_turning,67532,67512,67532,20
walking,67545,67532,67545,13
sniffing,67573,67545,67573,28
walking,67610,67573,67610,37
sniffing,67652,67610,67652,42
walking,67653,67652,67653,1
stepping,67679,67653,67679,26
sniffing,67760,67679,67760,81
stepping,67815,67760,67815,55
sniffing,67819,67815,67819,4
rising,67878,67819,67878,59
walking,67906,67878,67906,28
sniffing,67948,67906,67948,42
stepping,67982,67948,67982,34
climbing,68069,67982,68069,87
rising,68087,68069,68087,18
sniffing,68137,68087,68137,50
stepping,68159,68137,68159,22
rearing,68180,68159,68180,21
walking,68226,68180,68226,46
left_turning,68237,68226,68237,11
grooming,68434,68237,68434,197
sniffing,68562,68434,68562,128
stepping,68591,68562,68591,29
rearing,68594,68591,68594,3
climbing,68623,68594,68623,29
trotting,68672,68623,68672,49
walking,68721,68672,68721,49
sniffing,68814,68721,68814,93
left_turning,68911,68814,68911,97
sniffing,68947,68911,68947,36
walking,68984,68947,68984,37
stepping,69012,68984,69012,28
walking,69033,69012,69033,21
trotting,69062,69033,69062,29
running,69068,69062,69068,6
walking,69153,69068,69153,85
sniffing,69275,69153,69275,122
rising,69282,69275,69282,7
grooming,69715,69282,69715,433
left_turning,69783,69715,69783,68
stepping,69828,69783,69828,45
climbing,69856,69828,69856,28
rising,69889,69856,69889,33
walking,69907,69889,69907,18
sniffing,69912,69907,69912,5
rising,69938,69912,69938,26
rearing,69993,69938,69993,55
rising,69996,69993,69996,3
rearing,70030,69996,70030,34
walking,70034,70030,70034,4
climbing,70085,70034,70085,51
right_turning,70121,70085,70121,36
walking,70159,70121,70159,38
sniffing,70227,70159,70227,68
stepping,70272,70227,70272,45
rising,70282,70272,70282,10
climbing,70326,70282,70326,44
grooming,70476,70326,70476,150
left_turning,70477,70476,70477,1
stepping,70492,70477,70492,15
sniffing,70590,70492,70590,98
walking,70604,70590,70604,14
left_turning,70629,70604,70629,25
hunching,70684,70629,70684,55
grooming,70903,70684,70903,219
walking,70922,70903,70922,19
sniffing,71013,70922,71013,91
grooming,71562,71013,71562,549
sniffing,71563,71562,71563,1
walking,71598,71563,71598,35
sniffing,71601,71598,71601,3
stepping,71606,71601,71606,5
sniffing,71631,71606,71631,25
rearing,71632,71631,71632,1
grooming,71633,71632,71633,1
sniffing,71634,71633,71634,1
stepping,71635,71634,71635,1
walking,71661,71635,71661,26
sniffing,71680,71661,71680,19
left_turning,71713,71680,71713,33
walking,71720,71713,71720,7
sniffing,71725,71720,71725,5
walking,71739,71725,71739,14
sniffing,71862,71739,71862,123
left_turning,71863,71862,71863,1
stepping,71886,71863,71886,23
walking,71929,71886,71929,43
grooming,71977,71929,71977,48
sniffing,72053,71977,72053,76
walking,72104,72053,72104,51
rearing,72107,72104,72107,3
sniffing,72205,72107,72205,98
scratching,72214,72205,72214,9
grooming,72400,72214,72400,186
rearing,72401,72400,72401,1
rising,72457,72401,72457,56
grooming,72458,72457,72458,1
climbing,72482,72458,72482,24
stepping,72516,72482,72516,34
running,72523,72516,72523,7
walking,72547,72523,72547,24
sniffing,72557,72547,72557,10
walking,72568,72557,72568,11
stepping,72648,72568,72648,80
climbing,72683,72648,72683,35
rearing,72892,72683,72892,209
left_turning,72970,72892,72970,78
walking,72988,72970,72988,18
trotting,73017,72988,73017,29
walking,73057,73017,73057,40
sniffing,73077,73057,73077,20
rearing,73078,73077,73078,1
grooming,73268,73078,73268,190
hunching,73373,73268,73373,105
grooming,73518,73373,73518,145
sniffing,73531,73518,73531,13
left_turning,73533,73531,73533,2
grooming,73623,73533,73623,90
rearing,73902,73623,73902,279
hunching,73953,73902,73953,51
rearing,73954,73953,73954,1
grooming,74003,73954,74003,49
rearing,74076,74003,74076,73
grooming,74077,74076,74077,1
sniffing,74111,74077,74111,34
walking,74122,74111,74122,11
climbing,74155,74122,74155,33
running,74178,74155,74178,23
trotting,74226,74178,74226,48
stepping,74249,74226,74249,23
rearing,74265,74249,74265,16
stepping,74306,74265,74306,41
sniffing,74307,74306,74307,1
left_turning,74325,74307,74325,18
walking,74334,74325,74334,9
stepping,74361,74334,74361,27
sniffing,74382,74361,74382,21
stepping,74441,74382,74441,59
walking,74473,74441,74473,32
running,74489,74473,74489,16
stepping,74514,74489,74514,25
walking,74537,74514,74537,23
stepping,74568,74537,74568,31
walking,74573,74568,74573,5
sniffing,74659,74573,74659,86
rising,74703,74659,74703,44
sniffing,74740,74703,74740,37
walking,74789,74740,74789,49
stepping,74814,74789,74814,25
rising,74847,74814,74847,33
sniffing,74875,74847,74875,28
stepping,74900,74875,74900,25
sniffing,74934,74900,74934,34
walking,74980,74934,74980,46
sniffing,75022,74980,75022,42
left_turning,75046,75022,75046,24
walking,75047,75046,75047,1
stepping,75068,75047,75068,21
grooming,75069,75068,75069,1
climbing,75106,75069,75106,37
left_turning,75107,75106,75107,1
climbing,75137,75107,75137,30
stepping,75156,75137,75156,19
walking,75206,75156,75206,50
climbing,75247,75206,75247,41
grooming,75380,75247,75380,133
rearing,75410,75380,75410,30
right_turning,75424,75410,75424,14
walking,75475,75424,75475,51
right_turning,75476,75475,75476,1
grooming,75568,75476,75568,92
rising,75606,75568,75606,38
left_turning,75621,75606,75621,15
walking,75630,75621,75630,9
sniffing,75682,75630,75682,52
grooming,75683,75682,75683,1
sniffing,75739,75683,75739,56
grooming,75740,75739,75740,1
rearing,75754,75740,75754,14
left_turning,75756,75754,75756,2
sniffing,75807,75756,75807,51
trotting,75822,75807,75822,15
sniffing,75860,75822,75860,38
stepping,75907,75860,75907,47
right_turning,75946,75907,75946,39
stepping,75959,75946,75959,13
sniffing,75960,75959,75960,1
stepping,75981,75960,75981,21
sniffing,76016,75981,76016,35
walking,76051,76016,76051,35
sniffing,76105,76051,76105,54
walking,76120,76105,76120,15
trotting,76144,76120,76144,24
walking,76146,76144,76146,2
stepping,76164,76146,76164,18
sniffing,76234,76164,76234,70
rising,76265,76234,76265,31
rearing,76439,76265,76439,174
grooming,76440,76439,76440,1
left_turning,76442,76440,76442,2
running,76454,76442,76454,12
climbing,76497,76454,76497,43
grooming,76612,76497,76612,115
sniffing,76613,76612,76613,1
grooming,76707,76613,76707,94
rising,76724,76707,76724,17
rearing,76782,76724,76782,58
climbing,76836,76782,76836,54
sniffing,76894,76836,76894,58
grooming,77053,76894,77053,159
rising,77105,77053,77105,52
climbing,77304,77105,77304,199
grooming,77305,77304,77305,1
left_turning,77320,77305,77320,15
running,77338,77320,77338,18
trotting,77370,77338,77370,32
walking,77409,77370,77409,39
rearing,77410,77409,77410,1
grooming,77493,77410,77493,83
rearing,77494,77493,77494,1
grooming,77495,77494,77495,1
sniffing,77593,77495,77593,98
left_turning,77651,77593,77651,58
sniffing,77657,77651,77657,6
walking,77683,77657,77683,26
sniffing,77775,77683,77775,92
walking,77801,77775,77801,26
sniffing,77873,77801,77873,72
stepping,77910,77873,77910,37
walking,77939,77910,77939,29
climbing,78039,77939,78039,100
running,78058,78039,78058,19
climbing,78092,78058,78092,34
rearing,78108,78092,78108,16
stepping,78150,78108,78150,42
climbing,78205,78150,78205,55
left_turning,78223,78205,78223,18
walking,78244,78223,78244,21
trotting,78274,78244,78274,30
walking,78287,78274,78287,13
sniffing,78294,78287,78294,7
grooming,78466,78294,78466,172
walking,78507,78466,78507,41
sniffing,78556,78507,78556,49
walking,78568,78556,78568,12
sniffing,78620,78568,78620,52
rising,78640,78620,78640,20
rearing,78651,78640,78651,11
grooming,78663,78651,78663,12
climbing,78667,78663,78667,4
sniffing,78711,78667,78711,44
stepping,78733,78711,78733,22
walking,78763,78733,78763,30
sniffing,78804,78763,78804,41
pausing,78955,78804,78955,151
sniffing,78956,78955,78956,1
rising,78957,78956,78957,1
sniffing,78958,78957,78958,1
stepping,78977,78958,78977,19
grooming,79244,78977,79244,267
rearing,79402,79244,79402,158
sniffing,79435,79402,79435,33
rising,79449,79435,79449,14
rearing,79479,79449,79479,30
climbing,79492,79479,79492,13
walking,79532,79492,79532,40
sniffing,79573,79532,79573,41
rising,79586,79573,79586,13
sniffing,79596,79586,79596,10
rising,79646,79596,79646,50
sniffing,79807,79646,79807,161
hunching,79888,79807,79888,81
rearing,79963,79888,79963,75
climbing,80004,79963,80004,41
trotting,80028,80004,80028,24
right_turning,80043,80028,80043,15
left_turning,80087,80043,80087,44
stepping,80101,80087,80101,14
sniffing,80201,80101,80201,100
walking,80225,80201,80225,24
sniffing,80393,80225,80393,168
stepping,80433,80393,80433,40
right_turning,80451,80433,80451,18
stepping,80464,80451,80464,13
sniffing,80546,80464,80546,82
trotting,80577,80546,80577,31
running,80583,80577,80583,6
stepping,80619,80583,80619,36
climbing,80667,80619,80667,48
grooming,80803,80667,80803,136
sniffing,80805,80803,80805,2
stepping,80842,80805,80842,37
sniffing,80843,80842,80843,1
rising,80909,80843,80909,66
left_turning,80915,80909,80915,6
sniffing,80916,80915,80916,1
rising,80935,80916,80935,19
sniffing,80970,80935,80970,35
stepping,81029,80970,81029,59
rising,81138,81029,81138,109
climbing,81156,81138,81156,18
rearing,81208,81156,81208,52
hunching,81215,81208,81215,7
grooming,81414,81215,81414,199
rearing,81522,81414,81522,108
grooming,81666,81522,81666,144
walking,81726,81666,81726,60
sniffing,81747,81726,81747,21
walking,81775,81747,81775,28
stepping,81803,81775,81803,28
sniffing,81854,81803,81854,51
rising,81858,81854,81858,4
climbing,81890,81858,81890,32
running,81909,81890,81909,19
trotting,81931,81909,81931,22
stepping,81959,81931,81959,28
rearing,82183,81959,82183,224
stepping,82209,82183,82209,26
walking,82232,82209,82232,23
rising,82250,82232,82250,18
rearing,82251,82250,82251,1
grooming,82252,82251,82252,1
right_turning,82261,82252,82261,9
rising,82290,82261,82290,29
stepping,82333,82290,82333,43
walking,82350,82333,82350,17
trotting,82372,82350,82372,22
rising,82387,82372,82387,15
sniffing,82437,82387,82437,50
stepping,82482,82437,82482,45
walking,82483,82482,82483,1
rearing,82484,82483,82484,1
grooming,82590,82484,82590,106
rearing,82591,82590,82591,1
left_turning,82655,82591,82655,64
walking,82694,82655,82694,39
trotting,82712,82694,82712,18
rising,82717,82712,82717,5
rearing,82718,82717,82718,1
grooming,82795,82718,82795,77
stepping,82829,82795,82829,34
walking,82839,82829,82839,10
right_turning,82867,82839,82867,28
walking,82937,82867,82937,70
sniffing,83029,82937,83029,92
stepping,83109,83029,83109,80
rising,83122,83109,83122,13
rearing,83136,83122,83136,14
stepping,83207,83136,83207,71
sniffing,83229,83207,83229,22
grooming,83297,83229,83297,68
climbing,83322,83297,83322,25
stepping,83343,83322,83343,21
sniffing,83344,83343,83344,1
rising,83372,83344,83372,28
grooming,83373,83372,83373,1
rearing,83381,83373,83381,8
grooming,83556,83381,83556,175
right_turning,83557,83556,83557,1
sniffing,83570,83557,83570,13
walking,83645,83570,83645,75
sniffing,83673,83645,83673,28
stepping,83783,83673,83783,110
rising,83841,83783,83841,58
climbing,83910,83841,83910,69
left_turning,83911,83910,83911,1
sniffing,83945,83911,83945,34
stepping,83948,83945,83948,3
walking,83985,83948,83985,37
trotting,84024,83985,84024,39
grooming,84073,84024,84073,49
rising,84074,84073,84074,1
climbing,84127,84074,84127,53
walking,84151,84127,84151,24
stepping,84190,84151,84190,39
left_turning,84191,84190,84191,1
rising,84240,84191,84240,49
walking,84254,84240,84254,14
stepping,84258,84254,84258,4
rising,84282,84258,84282,24
grooming,84371,84282,84371,89
hunching,84372,84371,84372,1
rearing,84439,84372,84439,67
climbing,84485,84439,84485,46
rearing,84515,84485,84515,30
hunching,84585,84515,84585,70
grooming,84586,84585,84586,1
rearing,84641,84586,84641,55
rising,84655,84641,84655,14
sniffing,84810,84655,84810,155
grooming,85017,84810,85017,207
right_turning,85066,85017,85066,49
walking,85114,85066,85114,48
sniffing,85171,85114,85171,57
climbing,85185,85171,85185,14
walking,85216,85185,85216,31
rearing,85218,85216,85218,2
grooming,85235,85218,85235,17
sniffing,85361,85235,85361,126
rising,85393,85361,85393,32
rearing,85422,85393,85422,29
grooming,85423,85422,85423,1
sniffing,85450,85423,85450,27
stepping,85490,85450,85490,40
walking,85527,85490,85527,37
running,85539,85527,85539,12
walking,85557,85539,85557,18
sniffing,85558,85557,85558,1
stepping,85602,85558,85602,44
scratching,85669,85602,85669,67
grooming,85761,85669,85761,92
stepping,85794,85761,85794,33
rising,85820,85794,85820,26
walking,85861,85820,85861,41
running,85883,85861,85883,22
sniffing,85900,85883,85900,17
walking,85945,85900,85945,45
stepping,85956,85945,85956,11
rearing,85957,85956,85957,1
grooming,85958,85957,85958,1
sniffing,85959,85958,85959,1
rising,85993,85959,85993,34
grooming,86207,85993,86207,214
rearing,86251,86207,86251,44
grooming,86252,86251,86252,1
sniffing,86265,86252,86265,13
grooming,86405,86265,86405,140
rearing,86448,86405,86448,43
trotting,86479,86448,86479,31
rearing,86480,86479,86480,1
grooming,86615,86480,86615,135
rearing,86687,86615,86687,72
hunching,86688,86687,86688,1
rearing,87045,86688,87045,357
stepping,87055,87045,87055,10
rising,87070,87055,87070,15
stepping,87097,87070,87097,27
sniffing,87147,87097,87147,50
right_turning,87154,87147,87154,7
grooming,87545,87154,87545,391
hunching,87573,87545,87573,28
rearing,87592,87573,87592,19
walking,87627,87592,87627,35
sniffing,87628,87627,87628,1
stepping,87657,87628,87657,29
grooming,87969,87657,87969,312
rising,87970,87969,87970,1
rearing,88057,87970,88057,87
climbing,88130,88057,88130,73
grooming,88164,88130,88164,34
sniffing,88165,88164,88165,1
rearing,88166,88165,88166,1
right_turning,88175,88166,88175,9
trotting,88197,88175,88197,22
sniffing,88219,88197,88219,22
stepping,88260,88219,88260,41
grooming,88261,88260,88261,1
stepping,88292,88261,88292,31
sniffing,88320,88292,88320,28
stepping,88332,88320,88332,12
walking,88333,88332,88333,1
stepping,88380,88333,88380,47
sniffing,88381,88380,88381,1
stepping,88382,88381,88382,1
climbing,88479,88382,88479,97
grooming,88566,88479,88566,87
walking,88579,88566,88579,13
running,88603,88579,88603,24
walking,88677,88603,88677,74
rising,88688,88677,88688,11
walking,88693,88688,88693,5
rearing,88752,88693,88752,59
hunching,88812,88752,88812,60
grooming,89138,88812,89138,326
sniffing,89150,89138,89150,12
walking,89168,89150,89168,18
sniffing,89169,89168,89169,1
rising,89170,89169,89170,1
rearing,89206,89170,89206,36
grooming,89423,89206,89423,217
rearing,89463,89423,89463,40
hunching,89467,89463,89467,4
rearing,89526,89467,89526,59
grooming,89594,89526,89594,68
climbing,89618,89594,89618,24
left_turning,89627,89618,89627,9
walking,89689,89627,89689,62
sniffing,89792,89689,89792,103
walking,89828,89792,89828,36
sniffing,89842,89828,89842,14
walking,89852,89842,89852,10
rising,89891,89852,89891,39
rearing,89995,89891,89995,104
grooming,89996,89995,89996,1
sniffing,90030,89996,90030,34
rising,90058,90030,90058,28
sniffing,90081,90058,90081,23
climbing,90108,90081,90108,27
rearing,90109,90108,90109,1
rising,90116,90109,90116,7
sniffing,90119,90116,90119,3
rising,90125,90119,90125,6
grooming,90667,90125,90667,542
climbing,90699,90667,90699,32
grooming,91292,90699,91292,593
rising,91316,91292,91316,24
sniffing,91388,91316,91388,72
left_turning,91436,91388,91436,48
grooming,91437,91436,91437,1
climbing,91470,91437,91470,33
grooming,91511,91470,91511,41
rearing,91575,91511,91575,64
stepping,91604,91575,91604,29
rearing,91626,91604,91626,22
climbing,91674,91626,91674,48
stepping,91689,91674,91689,15
sniffing,91726,91689,91726,37
grooming,91784,91726,91784,58
rising,91807,91784,91807,23
climbing,91840,91807,91840,33
grooming,91841,91840,91841,1
running,91854,91841,91854,13
stepping,91871,91854,91871,17
sniffing,91965,91871,91965,94
grooming,92131,91965,92131,166
climbing,92140,92131,92140,9
rearing,92147,92140,92147,7
grooming,92166,92147,92166,19
sniffing,92197,92166,92197,31
stepping,92228,92197,92228,31
sniffing,92262,92228,92262,34
walking,92296,92262,92296,34
hunching,92320,92296,92320,24
grooming,92343,92320,92343,23
rearing,92358,92343,92358,15
rising,92366,92358,92366,8
climbing,92401,92366,92401,35
stepping,92418,92401,92418,17
walking,92454,92418,92454,36
left_turning,92495,92454,92495,41
stepping,92550,92495,92550,55
rising,92624,92550,92624,74
sniffing,92652,92624,92652,28
grooming,92722,92652,92722,70
sniffing,92773,92722,92773,51
running,92793,92773,92793,20
walking,92810,92793,92810,17
sniffing,92862,92810,92862,52
walking,92863,92862,92863,1
stepping,92907,92863,92907,44
grooming,93517,92907,93517,610
scratching,93658,93517,93658,141
grooming,93659,93658,93659,1
climbing,93714,93659,93714,55
grooming,93843,93714,93843,129
rising,93850,93843,93850,7
left_turning,93855,93850,93855,5
sniffing,93893,93855,93893,38
rising,93963,93893,93963,70
sniffing,93964,93963,93964,1
walking,93997,93964,93997,33
climbing,94066,93997,94066,69
trotting,94088,94066,94088,22
walking,94091,94088,94091,3
sniffing,94200,94091,94200,109
trotting,94221,94200,94221,21
walking,94246,94221,94246,25
stepping,94275,94246,94275,29
right_turning,94289,94275,94289,14
walking,94327,94289,94327,38
grooming,94338,94327,94338,11
rearing,94417,94338,94417,79
grooming,94418,94417,94418,1
climbing,94505,94418,94505,87
grooming,94550,94505,94550,45
sniffing,94551,94550,94551,1
walking,94589,94551,94589,38
sniffing,94642,94589,94642,53
stepping,94643,94642,94643,1
sniffing,94780,94643,94780,137
stepping,94797,94780,94797,17
walking,94824,94797,94824,27
sniffing,94843,94824,94843,19
walking,94887,94843,94887,44
sniffing,94927,94887,94927,40
walking,94928,94927,94928,1
right_turning,94958,94928,94958,30
stepping,95004,94958,95004,46
rising,95031,95004,95031,27
sniffing,95058,95031,95058,27
walking,95100,95058,95100,42
climbing,95185,95100,95185,85
rearing,95213,95185,95213,28
climbing,95246,95213,95246,33
grooming,95273,95246,95273,27
climbing,95419,95273,95419,146
walking,95429,95419,95429,10
stepping,95497,95429,95497,68
sniffing,95578,95497,95578,81
rising,95579,95578,95579,1
grooming,95634,95579,95634,55
left_turning,95660,95634,95660,26
climbing,95696,95660,95696,36
rearing,95754,95696,95754,58
walking,95785,95754,95785,31
stepping,95794,95785,95794,9
grooming,96069,95794,96069,275
scratching,96085,96069,96085,16
sniffing,96086,96085,96086,1
stepping,96091,96086,96091,5
rearing,96130,96091,96130,39
climbing,96167,96130,96167,37
rearing,96168,96167,96168,1
walking,96253,96168,96253,85
rising,96287,96253,96287,34
grooming,96483,96287,96483,196
rearing,96484,96483,96484,1
grooming,96526,96484,96526,42
scratching,96527,96526,96527,1
grooming,96603,96527,96603,76
rearing,96621,96603,96621,18
rising,96667,96621,96667,46
stepping,96686,96667,96686,19
sniffing,96687,96686,96687,1
stepping,96706,96687,96706,19
sniffing,96773,96706,96773,67
grooming,96925,96773,96925,152
rearing,96985,96925,96985,60
sniffing,97005,96985,97005,20
stepping,97023,97005,97023,18
rising,97052,97023,97052,29
rearing,97100,97052,97100,48
stepping,97125,97100,97125,25
sniffing,97126,97125,97126,1
walking,97170,97126,97170,44
sniffing,97305,97170,97305,135
grooming,97306,97305,97306,1
scratching,97327,97306,97327,21
grooming,97434,97327,97434,107
trotting,97459,97434,97459,25
sniffing,97486,97459,97486,27
walking,97560,97486,97560,74
rearing,97630,97560,97630,70
hunching,97738,97630,97738,108
grooming,97788,97738,97788,50
hunching,97842,97788,97842,54
sniffing,97931,97842,97931,89
right_turning,97955,97931,97955,24
scratching,98043,97955,98043,88
left_turning,98047,98043,98047,4
sniffing,98073,98047,98073,26
rising,98074,98073,98074,1
rearing,98122,98074,98122,48
rising,98149,98122,98149,27
climbing,98167,98149,98167,18
sniffing,98193,98167,98193,26
right_turning,98219,98193,98219,26
scratching,98382,98219,98382,163
sniffing,98439,98382,98439,57
right_turning,98455,98439,98455,16
running,98484,98455,98484,29
stepping,98509,98484,98509,25
rearing,98510,98509,98510,1
climbing,98534,98510,98534,24
grooming,98535,98534,98535,1
scratching,98626,98535,98626,91
grooming,99242,98626,99242,616
sniffing,99264,99242,99264,22
rising,99322,99264,99322,58
sniffing,99361,99322,99361,39
left_turning,99382,99361,99382,21
sniffing,99468,99382,99468,86
left_turning,99510,99468,99510,42
grooming,99535,99510,99535,25
walking,99571,99535,99571,36
sniffing,99770,99571,99770,199
right_turning,99790,99770,99790,20
stepping,99801,99790,99801,11
walking,99823,99801,99823,22
sniffing,99940,99823,99940,117
left_turning,99991,99940,99991,51
walking,100054,99991,100054,63
sniffing,100098,100054,100098,44
scratching,100175,100098,100175,77
grooming,100176,100175,100176,1
rearing,100177,100176,100177,1
grooming,100439,100177,100439,262
rearing,100441,100439,100441,2
hunching,100497,100441,100497,56
grooming,100511,100497,100511,14
walking,100553,100511,100553,42
sniffing,100568,100553,100568,15
rising,100569,100568,100569,1
hunching,100619,100569,100619,50
rearing,100727,100619,100727,108
grooming,100822,100727,100822,95
sniffing,100872,100822,100872,50
stepping,100903,100872,100903,31
walking,100934,100903,100934,31
sniffing,100978,100934,100978,44
rising,101041,100978,101041,63
sniffing,101070,101041,101070,29
stepping,101110,101070,101110,40
rising,101111,101110,101111,1
climbing,101135,101111,101135,24
sniffing,101177,101135,101177,42
right_turning,101178,101177,101178,1
stepping,101208,101178,101208,30
sniffing,101215,101208,101215,7
left_turning,101216,101215,101216,1
grooming,101489,101216,101489,273
hunching,101685,101489,101685,196
rearing,101726,101685,101726,41
stepping,101762,101726,101762,36
climbing,101851,101762,101851,89
walking,101853,101851,101853,2
right_turning,101883,101853,101883,30
trotting,101932,101883,101932,49
stepping,101933,101932,101933,1
sniffing,102032,101933,102032,99
stepping,102033,102032,102033,1
rearing,102251,102033,102251,218
grooming,102424,102251,102424,173
rearing,102425,102424,102425,1
grooming,102426,102425,102426,1
rearing,102476,102426,102476,50
climbing,102593,102476,102593,117
grooming,102745,102593,102745,152
hunching,102747,102745,102747,2
rearing,102843,102747,102843,96
hunching,102909,102843,102909,66
rearing,102961,102909,102961,52
grooming,103115,102961,103115,154
climbing,103152,103115,103152,37
stepping,103203,103152,103203,51
sniffing,103242,103203,103242,39
grooming,103300,103242,103300,58
sniffing,103394,103300,103394,94
rising,103395,103394,103395,1
climbing,103396,103395,103396,1
grooming,103397,103396,103397,1
rearing,103446,103397,103446,49
rising,103580,103446,103580,134
climbing,103589,103580,103589,9
rearing,103691,103589,103691,102
sniffing,103762,103691,103762,71
left_turning,103793,103762,103793,31
hunching,103804,103793,103804,11
left_turning,103979,103804,103979,175
scratching,104035,103979,104035,56
sniffing,104061,104035,104061,26
stepping,104129,104061,104129,68
rising,104130,104129,104130,1
climbing,104185,104130,104185,55
walking,104197,104185,104197,12
rising,104235,104197,104235,38
rearing,104270,104235,104270,35
sniffing,104361,104270,104361,91
grooming,104690,104361,104690,329
walking,104746,104690,104746,56
sniffing,104822,104746,104822,76
left_turning,104850,104822,104850,28
sniffing,104921,104850,104921,71
walking,104931,104921,104931,10
stepping,104936,104931,104936,5
walking,104962,104936,104962,26
jumping,104965,104962,104965,3
grooming,105034,104965,105034,69
sniffing,105037,105034,105037,3
left_turning,105080,105037,105080,43
sniffing,105143,105080,105143,63
climbing,105180,105143,105180,37
grooming,105181,105180,105181,1
left_turning,105198,105181,105198,17
sniffing,105265,105198,105265,67
left_turning,105312,105265,105312,47
rising,105313,105312,105313,1
left_turning,105345,105313,105345,32
grooming,105440,105345,105440,95
sniffing,105454,105440,105454,14
walking,105471,105454,105471,17
trotting,105492,105471,105492,21
rising,105588,105492,105588,96
grooming,105983,105588,105983,395
stepping,106016,105983,106016,33
rising,106103,106016,106103,87
sniffing,106104,106103,106104,1
walking,106135,106104,106135,31
grooming,106760,106135,106760,625
left_turning,106784,106760,106784,24
sniffing,106918,106784,106918,134
stepping,106919,106918,106919,1
sniffing,106986,106919,106986,67
left_turning,106987,106986,106987,1
sniffing,107060,106987,107060,73
left_turning,107126,107060,107126,66
climbing,107185,107126,107185,59
grooming,107337,107185,107337,152
rearing,107338,107337,107338,1
climbing,107405,107338,107405,67
walking,107432,107405,107432,27
climbing,107433,107432,107433,1
rearing,107712,107433,107712,279
climbing,107754,107712,107754,42
rising,107755,107754,107755,1
grooming,107848,107755,107848,93
rearing,107928,107848,107928,80
walking,107985,107928,107985,57
right_turning,108000,107985,108000,15
