revised_movement_label,segBoundary,segBoundary_start,segBoundary_end,length
rising,74,0,74,74
trotting,124,74,124,50
walking,153,124,153,29
trotting,167,153,167,14
sniffing,208,167,208,41
stepping,237,208,237,29
walking,276,237,276,39
rising,321,276,321,45
sniffing,366,321,366,45
rising,701,366,701,335
sniffing,734,701,734,33
walking,741,734,741,7
stepping,775,741,775,34
right_turning,817,775,817,42
walking,819,817,819,2
rising,821,819,821,2
grooming,998,821,998,177
left_turning,1020,998,1020,22
sniffing,1061,1020,1061,41
climbing,1092,1061,1092,31
rising,1093,1092,1093,1
left_turning,1100,1093,1100,7
grooming,1218,1100,1218,118
sniffing,1219,1218,1219,1
grooming,1220,1219,1220,1
trotting,1236,1220,1236,16
sniffing,1252,1236,1252,16
grooming,1253,1252,1253,1
rearing,1427,1253,1427,174
grooming,1568,1427,1568,141
rising,1569,1568,1569,1
sniffing,1579,1569,1579,10
stepping,1620,1579,1620,41
trotting,1647,1620,1647,27
walking,1648,1647,1648,1
trotting,1655,1648,1655,7
walking,1680,1655,1680,25
sniffing,1703,1680,1703,23
walking,1714,1703,1714,11
rising,1715,1714,1715,1
left_turning,1723,1715,1723,8
walking,1741,1723,1741,18
sniffing,1852,1741,1852,111
grooming,1911,1852,1911,59
stepping,1926,1911,1926,15
rising,1927,1926,1927,1
stepping,1975,1927,1975,48
trotting,2016,1975,2016,41
climbing,2052,2016,2052,36
grooming,2182,2052,2182,130
sniffing,2213,2182,2213,31
left_turning,2233,2213,2233,20
sniffing,2255,2233,2255,22
rising,2295,2255,2295,40
sniffing,2361,2295,2361,66
rising,2373,2361,2373,12
walking,2406,2373,2406,33
sniffing,2447,2406,2447,41
grooming,2448,2447,2448,1
sniffing,2449,2448,2449,1
grooming,2450,2449,2450,1
sniffing,2507,2450,2507,57
rising,2508,2507,2508,1
sniffing,2623,2508,2623,115
stepping,2654,2623,2654,31
sniffing,2804,2654,2804,150
walking,2831,2804,2831,27
rising,2845,2831,2845,14
walking,2863,2845,2863,18
sniffing,2866,2863,2866,3
rearing,2925,2866,2925,59
grooming,3009,2925,3009,84
rising,3052,3009,3052,43
stepping,3087,3052,3087,35
sniffing,3141,3087,3141,54
rearing,3163,3141,3163,22
climbing,3180,3163,3180,17
sniffing,3189,3180,3189,9
rising,3202,3189,3202,13
rearing,3203,3202,3203,1
hunching,3277,3203,3277,74
grooming,3324,3277,3324,47
walking,3419,3324,3419,95
trotting,3476,3419,3476,57
sniffing,3505,3476,3505,29
stepping,3536,3505,3536,31
sniffing,3564,3536,3564,28
walking,3581,3564,3581,17
rising,3590,3581,3590,9
sniffing,3675,3590,3675,85
stepping,3701,3675,3701,26
sniffing,3774,3701,3774,73
walking,3811,3774,3811,37
rising,3812,3811,3812,1
left_turning,3854,3812,3854,42
stepping,3867,3854,3867,13
sniffing,3909,3867,3909,42
trotting,3929,3909,3929,20
running,3953,3929,3953,24
sniffing,4012,3953,4012,59
rising,4017,4012,4017,5
walking,4055,4017,4055,38
right_turning,4088,4055,4088,33
stepping,4105,4088,4105,17
sniffing,4157,4105,4157,52
left_turning,4158,4157,4158,1
walking,4231,4158,4231,73
running,4266,4231,4266,35
sniffing,4289,4266,4289,23
grooming,4290,4289,4290,1
sniffing,4366,4290,4366,76
rising,4478,4366,4478,112
grooming,4538,4478,4538,60
sniffing,4542,4538,4542,4
rising,4543,4542,4543,1
sniffing,4589,4543,4589,46
stepping,4636,4589,4636,47
sniffing,4674,4636,4674,38
stepping,4695,4674,4695,21
rearing,4696,4695,4696,1
grooming,4813,4696,4813,117
sniffing,4828,4813,4828,15
running,4858,4828,4858,30
left_turning,4919,4858,4919,61
grooming,4971,4919,4971,52
hunching,4972,4971,4972,1
stepping,4999,4972,4999,27
walking,5021,4999,5021,22
left_turning,5059,5021,5059,38
sniffing,5093,5059,5093,34
scratching,5223,5093,5223,130
sniffing,5302,5223,5302,79
rising,5339,5302,5339,37
grooming,5442,5339,5442,103
sniffing,5463,5442,5463,21
rising,5491,5463,5491,28
sniffing,5494,5491,5494,3
rearing,5512,5494,5512,18
grooming,5661,5512,5661,149
sniffing,5703,5661,5703,42
rising,5717,5703,5717,14
rearing,5742,5717,5742,25
sniffing,5775,5742,5775,33
stepping,5787,5775,5787,12
walking,5845,5787,5845,58
sniffing,5846,5845,5846,1
walking,5959,5846,5959,113
running,6003,5959,6003,44
rising,6063,6003,6063,60
sniffing,6124,6063,6124,61
walking,6131,6124,6131,7
stepping,6138,6131,6138,7
walking,6169,6138,6169,31
rising,6221,6169,6221,52
climbing,6255,6221,6255,34
sniffing,6290,6255,6290,35
walking,6344,6290,6344,54
rearing,6399,6344,6399,55
rising,6409,6399,6409,10
grooming,6600,6409,6600,191
stepping,6670,6600,6670,70
walking,6671,6670,6671,1
sniffing,6749,6671,6749,78
right_turning,6752,6749,6752,3
rising,6773,6752,6773,21
sniffing,6838,6773,6838,65
left_turning,6839,6838,6839,1
rising,6868,6839,6868,29
sniffing,6954,6868,6954,86
right_turning,6961,6954,6961,7
walking,6973,6961,6973,12
trotting,6988,6973,6988,15
stepping,7013,6988,7013,25
walking,7040,7013,7040,27
rising,7115,7040,7115,75
walking,7132,7115,7132,17
trotting,7144,7132,7144,12
stepping,7227,7144,7227,83
walking,7253,7227,7253,26
stepping,7273,7253,7273,20
sniffing,7327,7273,7327,54
stepping,7361,7327,7361,34
sniffing,7401,7361,7401,40
stepping,7436,7401,7436,35
walking,7494,7436,7494,58
rising,7584,7494,7584,90
walking,7614,7584,7614,30
rising,7657,7614,7657,43
stepping,7689,7657,7689,32
rising,7749,7689,7749,60
grooming,7885,7749,7885,136
stepping,7909,7885,7909,24
walking,7995,7909,7995,86
rising,8059,7995,8059,64
sniffing,8066,8059,8066,7
rising,8095,8066,8095,29
walking,8154,8095,8154,59
stepping,8184,8154,8184,30
rearing,8185,8184,8185,1
grooming,8186,8185,8186,1
rising,8278,8186,8278,92
rearing,8358,8278,8358,80
rising,8373,8358,8373,15
walking,8400,8373,8400,27
rising,8512,8400,8512,112
grooming,8689,8512,8689,177
trotting,8705,8689,8705,16
running,8736,8705,8736,31
trotting,8761,8736,8761,25
sniffing,8787,8761,8787,26
stepping,8805,8787,8805,18
walking,8869,8805,8869,64
rising,8921,8869,8921,52
stepping,8933,8921,8933,12
trotting,8950,8933,8950,17
sniffing,9066,8950,9066,116
rising,9111,9066,9111,45
climbing,9114,9111,9114,3
grooming,9154,9114,9154,40
rearing,9155,9154,9155,1
grooming,9156,9155,9156,1
sniffing,9182,9156,9182,26
walking,9264,9182,9264,82
trotting,9321,9264,9321,57
sniffing,9342,9321,9342,21
grooming,9485,9342,9485,143
rearing,9486,9485,9486,1
grooming,10649,9486,10649,1163
trotting,10674,10649,10674,25
stepping,10685,10674,10685,11
walking,10715,10685,10715,30
stepping,10736,10715,10736,21
climbing,10771,10736,10771,35
grooming,10799,10771,10799,28
hunching,10900,10799,10900,101
left_turning,10916,10900,10916,16
sniffing,10950,10916,10950,34
walking,10954,10950,10954,4
trotting,10963,10954,10963,9
stepping,11013,10963,11013,50
sniffing,11014,11013,11014,1
grooming,11037,11014,11037,23
stepping,11076,11037,11076,39
walking,11133,11076,11133,57
sniffing,11183,11133,11183,50
stepping,11189,11183,11189,6
sniffing,11190,11189,11190,1
stepping,11241,11190,11241,51
rising,11319,11241,11319,78
climbing,11334,11319,11334,15
left_turning,11385,11334,11385,51
grooming,11598,11385,11598,213
running,11603,11598,11603,5
rearing,11676,11603,11676,73
sniffing,11723,11676,11723,47
rearing,11822,11723,11822,99
sniffing,11976,11822,11976,154
stepping,12016,11976,12016,40
running,12031,12016,12031,15
stepping,12036,12031,12036,5
walking,12037,12036,12037,1
sniffing,12077,12037,12077,40
rising,12121,12077,12121,44
climbing,12174,12121,12174,53
left_turning,12227,12174,12227,53
stepping,12273,12227,12273,46
rising,12327,12273,12327,54
sniffing,12364,12327,12364,37
grooming,12873,12364,12873,509
rearing,13045,12873,13045,172
grooming,13397,13045,13397,352
climbing,13483,13397,13483,86
grooming,13510,13483,13510,27
sniffing,13546,13510,13546,36
grooming,13573,13546,13573,27
running,13603,13573,13603,30
grooming,13830,13603,13830,227
stepping,13860,13830,13860,30
grooming,14228,13860,14228,368
stepping,14322,14228,14322,94
grooming,14434,14322,14434,112
left_turning,14451,14434,14451,17
sniffing,14505,14451,14505,54
rising,14519,14505,14519,14
rearing,14561,14519,14561,42
grooming,14868,14561,14868,307
sniffing,14964,14868,14964,96
walking,15012,14964,15012,48
sniffing,15013,15012,15013,1
walking,15028,15013,15028,15
stepping,15029,15028,15029,1
walking,15030,15029,15030,1
stepping,15069,15030,15069,39
sniffing,15077,15069,15077,8
left_turning,15107,15077,15107,30
walking,15116,15107,15116,9
stepping,15179,15116,15179,63
rising,15229,15179,15229,50
climbing,15284,15229,15284,55
grooming,15475,15284,15475,191
rising,15476,15475,15476,1
rearing,15577,15476,15577,101
sniffing,15588,15577,15588,11
rearing,15630,15588,15630,42
climbing,15703,15630,15703,73
left_turning,15708,15703,15708,5
running,15724,15708,15724,16
walking,15743,15724,15743,19
rising,15804,15743,15804,61
hunching,15830,15804,15830,26
rising,15849,15830,15849,19
stepping,15867,15849,15867,18
sniffing,15868,15867,15868,1
stepping,15876,15868,15876,8
rising,15900,15876,15900,24
rearing,16000,15900,16000,100
grooming,16013,16000,16013,13
hunching,16102,16013,16102,89
grooming,16127,16102,16127,25
rearing,16128,16127,16128,1
climbing,16154,16128,16154,26
grooming,16815,16154,16815,661
left_turning,16843,16815,16843,28
walking,16861,16843,16861,18
rearing,16862,16861,16862,1
rising,16901,16862,16901,39
rearing,16981,16901,16981,80
hunching,17010,16981,17010,29
grooming,17364,17010,17364,354
hunching,17422,17364,17422,58
rising,17447,17422,17447,25
hunching,17728,17447,17728,281
grooming,17945,17728,17945,217
sniffing,17955,17945,17955,10
climbing,18008,17955,18008,53
walking,18044,18008,18044,36
sniffing,18055,18044,18055,11
rearing,18071,18055,18071,16
rising,18072,18071,18072,1
left_turning,18092,18072,18092,20
grooming,18093,18092,18093,1
trotting,18123,18093,18123,30
sniffing,18124,18123,18124,1
rising,18162,18124,18162,38
walking,18221,18162,18221,59
stepping,18240,18221,18240,19
rising,18283,18240,18283,43
grooming,18435,18283,18435,152
rising,18449,18435,18449,14
rearing,18452,18449,18452,3
hunching,18534,18452,18534,82
left_turning,18556,18534,18556,22
running,18588,18556,18588,32
walking,18642,18588,18642,54
left_turning,18643,18642,18643,1
trotting,18677,18643,18677,34
stepping,18678,18677,18678,1
grooming,18765,18678,18765,87
rearing,18848,18765,18848,83
walking,18860,18848,18860,12
rising,18903,18860,18903,43
climbing,18940,18903,18940,37
rearing,18977,18940,18977,37
grooming,19058,18977,19058,81
climbing,19088,19058,19088,30
grooming,19235,19088,19235,147
trotting,19278,19235,19278,43
walking,19304,19278,19304,26
sniffing,19375,19304,19375,71
grooming,19376,19375,19376,1
left_turning,19418,19376,19418,42
trotting,19448,19418,19448,30
walking,19519,19448,19519,71
climbing,19550,19519,19550,31
rearing,19595,19550,19595,45
climbing,19621,19595,19621,26
left_turning,19622,19621,19622,1
walking,19674,19622,19674,52
rising,19742,19674,19742,68
grooming,19939,19742,19939,197
rearing,20096,19939,20096,157
walking,20106,20096,20106,10
stepping,20142,20106,20142,36
sniffing,20150,20142,20150,8
grooming,20151,20150,20151,1
hunching,20235,20151,20235,84
grooming,20318,20235,20318,83
left_turning,20359,20318,20359,41
rising,20442,20359,20442,83
stepping,20481,20442,20481,39
walking,20497,20481,20497,16
sniffing,20529,20497,20529,32
climbing,20583,20529,20583,54
stepping,20607,20583,20607,24
sniffing,20646,20607,20646,39
grooming,20695,20646,20695,49
rearing,20750,20695,20750,55
trotting,20787,20750,20787,37
walking,20788,20787,20788,1
trotting,20833,20788,20833,45
sniffing,20860,20833,20860,27
rising,20879,20860,20879,19
rearing,20880,20879,20880,1
hunching,21017,20880,21017,137
rearing,21052,21017,21052,35
rising,21147,21052,21147,95
rearing,21381,21147,21381,234
trotting,21403,21381,21403,22
sniffing,21478,21403,21478,75
climbing,21486,21478,21486,8
walking,21489,21486,21489,3
stepping,21496,21489,21496,7
left_turning,21536,21496,21536,40
sniffing,21549,21536,21549,13
grooming,21550,21549,21550,1
rearing,21617,21550,21617,67
grooming,21618,21617,21618,1
rearing,21655,21618,21655,37
grooming,21810,21655,21810,155
sniffing,21892,21810,21892,82
climbing,21931,21892,21931,39
rising,21948,21931,21948,17
rearing,21949,21948,21949,1
climbing,21991,21949,21991,42
sniffing,22032,21991,22032,41
rising,22053,22032,22053,21
grooming,22375,22053,22375,322
rising,22409,22375,22409,34
left_turning,22410,22409,22410,1
walking,22420,22410,22420,10
trotting,22429,22420,22429,9
sniffing,22453,22429,22453,24
stepping,22481,22453,22481,28
trotting,22498,22481,22498,17
walking,22524,22498,22524,26
sniffing,22595,22524,22595,71
left_turning,22607,22595,22607,12
walking,22630,22607,22630,23
sniffing,22662,22630,22662,32
stepping,22705,22662,22705,43
walking,22737,22705,22737,32
rising,22800,22737,22800,63
grooming,22801,22800,22801,1
hunching,22905,22801,22905,104
left_turning,22906,22905,22906,1
sniffing,22952,22906,22952,46
stepping,23010,22952,23010,58
sniffing,23106,23010,23106,96
grooming,23222,23106,23222,116
hunching,23270,23222,23270,48
grooming,23515,23270,23515,245
rearing,23624,23515,23624,109
trotting,23636,23624,23636,12
walking,23656,23636,23656,20
sniffing,23753,23656,23753,97
grooming,23795,23753,23795,42
rearing,23815,23795,23815,20
grooming,23939,23815,23939,124
walking,23965,23939,23965,26
trotting,24011,23965,24011,46
walking,24013,24011,24013,2
climbing,24054,24013,24054,41
grooming,24132,24054,24132,78
climbing,24166,24132,24166,34
left_turning,24167,24166,24167,1
stepping,24180,24167,24180,13
trotting,24199,24180,24199,19
walking,24210,24199,24210,11
stepping,24250,24210,24250,40
walking,24264,24250,24264,14
stepping,24336,24264,24336,72
rising,24352,24336,24352,16
climbing,24399,24352,24399,47
grooming,24400,24399,24400,1
left_turning,24417,24400,24417,17
stepping,24426,24417,24426,9
walking,24427,24426,24427,1
sniffing,24429,24427,24429,2
rising,24459,24429,24459,30
walking,24468,24459,24468,9
sniffing,24684,24468,24684,216
grooming,24685,24684,24685,1
hunching,24695,24685,24695,10
rearing,24696,24695,24696,1
rising,24745,24696,24745,49
rearing,24746,24745,24746,1
grooming,24769,24746,24769,23
left_turning,24782,24769,24782,13
walking,24812,24782,24812,30
stepping,24834,24812,24834,22
walking,24855,24834,24855,21
stepping,24859,24855,24859,4
sniffing,24924,24859,24924,65
grooming,25088,24924,25088,164
left_turning,25115,25088,25115,27
trotting,25149,25115,25149,34
walking,25191,25149,25191,42
rearing,25231,25191,25231,40
grooming,25479,25231,25479,248
running,25504,25479,25504,25
rearing,25573,25504,25573,69
walking,25593,25573,25593,20
stepping,25618,25593,25618,25
right_turning,25624,25618,25624,6
walking,25646,25624,25646,22
stepping,25652,25646,25652,6
grooming,25794,25652,25794,142
climbing,25863,25794,25863,69
trotting,25881,25863,25881,18
running,25931,25881,25931,50
trotting,25970,25931,25970,39
sniffing,26084,25970,26084,114
stepping,26096,26084,26096,12
climbing,26132,26096,26132,36
rearing,26133,26132,26133,1
hunching,26164,26133,26164,31
rearing,26230,26164,26230,66
walking,26235,26230,26235,5
stepping,26292,26235,26292,57
grooming,26293,26292,26293,1
left_turning,26326,26293,26326,33
walking,26369,26326,26369,43
stepping,26384,26369,26384,15
walking,26433,26384,26433,49
stepping,26439,26433,26439,6
sniffing,26614,26439,26614,175
walking,26638,26614,26638,24
right_turning,26666,26638,26666,28
walking,26669,26666,26669,3
sniffing,26732,26669,26732,63
rising,26753,26732,26753,21
hunching,26754,26753,26754,1
climbing,26789,26754,26789,35
walking,26827,26789,26827,38
trotting,26845,26827,26845,18
walking,26868,26845,26868,23
rearing,26884,26868,26884,16
climbing,26894,26884,26894,10
sniffing,26930,26894,26930,36
stepping,26999,26930,26999,69
walking,27023,26999,27023,24
stepping,27045,27023,27045,22
rearing,27053,27045,27053,8
hunching,27054,27053,27054,1
left_turning,27095,27054,27095,41
grooming,27143,27095,27143,48
hunching,27251,27143,27251,108
grooming,27252,27251,27252,1
hunching,27290,27252,27290,38
rising,27312,27290,27312,22
climbing,27336,27312,27336,24
grooming,27469,27336,27469,133
running,27499,27469,27499,30
trotting,27542,27499,27542,43
sniffing,27750,27542,27750,208
running,27765,27750,27765,15
sniffing,27776,27765,27776,11
climbing,27828,27776,27828,52
walking,27849,27828,27849,21
rising,27850,27849,27850,1
stepping,27862,27850,27862,12
sniffing,27863,27862,27863,1
left_turning,27943,27863,27943,80
grooming,28095,27943,28095,152
sniffing,28111,28095,28111,16
stepping,28147,28111,28147,36
sniffing,28151,28147,28151,4
grooming,28152,28151,28152,1
trotting,28192,28152,28192,40
sniffing,28193,28192,28193,1
rising,28216,28193,28216,23
sniffing,28255,28216,28255,39
left_turning,28283,28255,28283,28
trotting,28287,28283,28287,4
sniffing,28298,28287,28298,11
stepping,28348,28298,28348,50
left_turning,28382,28348,28382,34
stepping,28461,28382,28461,79
walking,28482,28461,28482,21
rising,28488,28482,28488,6
rearing,28533,28488,28533,45
sniffing,28608,28533,28608,75
left_turning,28632,28608,28632,24
sniffing,28695,28632,28695,63
rearing,28711,28695,28711,16
grooming,28772,28711,28772,61
running,28793,28772,28793,21
trotting,28827,28793,28827,34
rising,28845,28827,28845,18
climbing,28874,28845,28874,29
left_turning,28877,28874,28877,3
sniffing,28935,28877,28935,58
walking,28947,28935,28947,12
rising,29045,28947,29045,98
climbing,29057,29045,29057,12
right_turning,29065,29057,29065,8
stepping,29099,29065,29099,34
sniffing,29101,29099,29101,2
left_turning,29102,29101,29102,1
stepping,29180,29102,29180,78
walking,29224,29180,29224,44
sniffing,29268,29224,29268,44
left_turning,29295,29268,29295,27
walking,29323,29295,29323,28
rearing,29386,29323,29386,63
trotting,29437,29386,29437,51
left_turning,29454,29437,29454,17
climbing,29490,29454,29490,36
running,29510,29490,29510,20
stepping,29520,29510,29520,10
walking,29585,29520,29585,65
rising,29595,29585,29595,10
sniffing,29611,29595,29611,16
rearing,29763,29611,29763,152
hunching,29830,29763,29830,67
grooming,30137,29830,30137,307
left_turning,30150,30137,30150,13
walking,30187,30150,30187,37
rising,30280,30187,30280,93
stepping,30295,30280,30295,15
sniffing,30384,30295,30384,89
stepping,30385,30384,30385,1
walking,30480,30385,30480,95
sniffing,30556,30480,30556,76
grooming,30584,30556,30584,28
left_turning,30630,30584,30630,46
grooming,30685,30630,30685,55
left_turning,30726,30685,30726,41
walking,30843,30726,30843,117
rising,30844,30843,30844,1
walking,30920,30844,30920,76
sniffing,30921,30920,30921,1
rising,30922,30921,30922,1
sniffing,30942,30922,30942,20
rising,30956,30942,30956,14
walking,31018,30956,31018,62
rising,31038,31018,31038,20
walking,31040,31038,31040,2
sniffing,31064,31040,31064,24
stepping,31098,31064,31098,34
sniffing,31267,31098,31267,169
running,31288,31267,31288,21
trotting,31349,31288,31349,61
sniffing,31373,31349,31373,24
grooming,31455,31373,31455,82
scratching,31536,31455,31536,81
sniffing,31583,31536,31583,47
stepping,31629,31583,31629,46
rearing,31844,31629,31844,215
grooming,32003,31844,32003,159
running,32040,32003,32040,37
grooming,32326,32040,32326,286
left_turning,32352,32326,32352,26
grooming,32353,32352,32353,1
walking,32387,32353,32387,34
stepping,32399,32387,32399,12
grooming,32541,32399,32541,142
hunching,32612,32541,32612,71
rearing,32703,32612,32703,91
grooming,32806,32703,32806,103
hunching,32891,32806,32891,85
grooming,33132,32891,33132,241
scratching,33203,33132,33203,71
grooming,33204,33203,33204,1
hunching,33252,33204,33252,48
sniffing,33253,33252,33253,1
rearing,33330,33253,33330,77
grooming,33331,33330,33331,1
hunching,33452,33331,33452,121
trotting,33495,33452,33495,43
walking,33503,33495,33503,8
stepping,33536,33503,33536,33
sniffing,33560,33536,33560,24
left_turning,33576,33560,33576,16
stepping,33617,33576,33617,41
climbing,33655,33617,33655,38
right_turning,33672,33655,33672,17
sniffing,33682,33672,33682,10
left_turning,33746,33682,33746,64
grooming,33921,33746,33921,175
running,33931,33921,33931,10
walking,33942,33931,33942,11
grooming,34320,33942,34320,378
walking,34356,34320,34356,36
sniffing,34415,34356,34415,59
trotting,34482,34415,34482,67
left_turning,34517,34482,34517,35
rising,34568,34517,34568,51
rearing,34760,34568,34760,192
grooming,35017,34760,35017,257
hunching,35072,35017,35072,55
scratching,35167,35072,35167,95
stepping,35181,35167,35181,14
sniffing,35218,35181,35218,37
grooming,35549,35218,35549,331
walking,35550,35549,35550,1
rearing,35592,35550,35592,42
stepping,35607,35592,35607,15
sniffing,35656,35607,35656,49
stepping,35702,35656,35702,46
grooming,36355,35702,36355,653
rising,36387,36355,36387,32
climbing,36429,36387,36429,42
running,36460,36429,36460,31
sniffing,36473,36460,36473,13
stepping,36514,36473,36514,41
sniffing,36539,36514,36539,25
walking,36548,36539,36548,9
sniffing,36563,36548,36563,15
grooming,36724,36563,36724,161
hunching,36829,36724,36829,105
grooming,36990,36829,36990,161
left_turning,36991,36990,36991,1
running,37029,36991,37029,38
grooming,37030,37029,37030,1
rearing,37031,37030,37031,1
stepping,37034,37031,37034,3
climbing,37103,37034,37103,69
walking,37107,37103,37107,4
sniffing,37145,37107,37145,38
left_turning,37146,37145,37146,1
rearing,37243,37146,37243,97
climbing,37282,37243,37282,39
running,37294,37282,37294,12
walking,37316,37294,37316,22
sniffing,37356,37316,37356,40
walking,37405,37356,37405,49
sniffing,37422,37405,37422,17
stepping,37458,37422,37458,36
walking,37487,37458,37487,29
stepping,37520,37487,37520,33
grooming,37521,37520,37521,1
walking,37607,37521,37607,86
sniffing,37740,37607,37740,133
right_turning,37750,37740,37750,10
walking,37785,37750,37785,35
left_turning,37792,37785,37792,7
running,37807,37792,37807,15
trotting,37816,37807,37816,9
stepping,37864,37816,37864,48
trotting,37883,37864,37883,19
walking,37924,37883,37924,41
stepping,37956,37924,37956,32
climbing,37989,37956,37989,33
left_turning,38013,37989,38013,24
sniffing,38060,38013,38060,47
left_turning,38078,38060,38078,18
climbing,38102,38078,38102,24
grooming,38206,38102,38206,104
left_turning,38243,38206,38243,37
sniffing,38458,38243,38458,215
rearing,38480,38458,38480,22
left_turning,38527,38480,38527,47
sniffing,38553,38527,38553,26
grooming,38554,38553,38554,1
sniffing,38593,38554,38593,39
stepping,38603,38593,38603,10
walking,38604,38603,38604,1
running,38639,38604,38639,35
stepping,38680,38639,38680,41
right_turning,38711,38680,38711,31
trotting,38746,38711,38746,35
stepping,38756,38746,38756,10
sniffing,38784,38756,38784,28
rising,38795,38784,38795,11
stepping,38803,38795,38803,8
sniffing,38870,38803,38870,67
rearing,38884,38870,38884,14
grooming,38909,38884,38909,25
rearing,38976,38909,38976,67
left_turning,38988,38976,38988,12
walking,39036,38988,39036,48
sniffing,39095,39036,39095,59
stepping,39098,39095,39098,3
rising,39099,39098,39099,1
trotting,39144,39099,39144,45
left_turning,39145,39144,39145,1
grooming,39191,39145,39191,46
hunching,39258,39191,39258,67
sniffing,39259,39258,39259,1
grooming,39260,39259,39260,1
hunching,39265,39260,39265,5
rearing,39270,39265,39270,5
climbing,39324,39270,39324,54
grooming,39325,39324,39325,1
sniffing,39337,39325,39337,12
scratching,39395,39337,39395,58
stepping,39443,39395,39443,48
sniffing,39463,39443,39463,20
trotting,39479,39463,39479,16
sniffing,39551,39479,39551,72
climbing,39586,39551,39586,35
trotting,39601,39586,39601,15
stepping,39634,39601,39634,33
walking,39690,39634,39690,56
sniffing,39702,39690,39702,12
stepping,39724,39702,39724,22
trotting,39767,39724,39767,43
sniffing,39809,39767,39809,42
trotting,39834,39809,39834,25
sniffing,39888,39834,39888,54
climbing,39917,39888,39917,29
rearing,39944,39917,39944,27
hunching,40024,39944,40024,80
rearing,40070,40024,40070,46
grooming,40316,40070,40316,246
rearing,40371,40316,40371,55
grooming,40372,40371,40372,1
hunching,40449,40372,40449,77
rearing,40458,40449,40458,9
hunching,40528,40458,40528,70
grooming,40549,40528,40549,21
left_turning,40570,40549,40570,21
sniffing,40617,40570,40617,47
stepping,40628,40617,40628,11
rising,40629,40628,40629,1
climbing,40651,40629,40651,22
rearing,40706,40651,40706,55
grooming,41076,40706,41076,370
climbing,41131,41076,41131,55
trotting,41143,41131,41143,12
sniffing,41213,41143,41213,70
walking,41215,41213,41215,2
stepping,41252,41215,41252,37
sniffing,41256,41252,41256,4
stepping,41316,41256,41316,60
sniffing,41440,41316,41440,124
walking,41441,41440,41441,1
climbing,41541,41441,41541,100
left_turning,41558,41541,41558,17
walking,41559,41558,41559,1
sniffing,41578,41559,41578,19
stepping,41600,41578,41600,22
right_turning,41627,41600,41627,27
walking,41656,41627,41656,29
sniffing,41661,41656,41661,5
climbing,41725,41661,41725,64
sniffing,41738,41725,41738,13
rising,41776,41738,41776,38
rearing,41777,41776,41777,1
grooming,41975,41777,41975,198
left_turning,42025,41975,42025,50
walking,42033,42025,42033,8
running,42068,42033,42068,35
rising,42113,42068,42113,45
grooming,42229,42113,42229,116
sniffing,42350,42229,42350,121
rising,42398,42350,42398,48
stepping,42435,42398,42435,37
left_turning,42436,42435,42436,1
stepping,42467,42436,42467,31
sniffing,42529,42467,42529,62
walking,42544,42529,42544,15
stepping,42593,42544,42593,49
sniffing,42652,42593,42652,59
stepping,42684,42652,42684,32
walking,42685,42684,42685,1
stepping,42722,42685,42722,37
sniffing,42723,42722,42723,1
walking,42748,42723,42748,25
stepping,42767,42748,42767,19
trotting,42799,42767,42799,32
rising,42835,42799,42835,36
climbing,42866,42835,42866,31
trotting,42904,42866,42904,38
sniffing,42939,42904,42939,35
trotting,42965,42939,42965,26
stepping,42981,42965,42981,16
rising,42990,42981,42990,9
climbing,43007,42990,43007,17
right_turning,43021,43007,43021,14
walking,43058,43021,43058,37
stepping,43097,43058,43097,39
sniffing,43147,43097,43147,50
stepping,43174,43147,43174,27
right_turning,43191,43174,43191,17
running,43218,43191,43218,27
sniffing,43262,43218,43262,44
stepping,43276,43262,43276,14
trotting,43312,43276,43312,36
stepping,43353,43312,43353,41
walking,43386,43353,43386,33
sniffing,43419,43386,43419,33
stepping,43463,43419,43463,44
running,43473,43463,43473,10
rising,43505,43473,43505,32
climbing,43606,43505,43606,101
left_turning,43607,43606,43607,1
walking,43608,43607,43608,1
stepping,43658,43608,43658,50
sniffing,43672,43658,43672,14
climbing,43724,43672,43724,52
sniffing,43745,43724,43745,21
rising,43762,43745,43762,17
sniffing,43775,43762,43775,13
trotting,43817,43775,43817,42
stepping,43837,43817,43837,20
walking,43927,43837,43927,90
grooming,43928,43927,43928,1
left_turning,43975,43928,43975,47
hunching,44069,43975,44069,94
grooming,44202,44069,44202,133
sniffing,44337,44202,44337,135
walking,44346,44337,44346,9
stepping,44362,44346,44362,16
rearing,44412,44362,44412,50
walking,44430,44412,44430,18
sniffing,44460,44430,44460,30
scratching,44539,44460,44539,79
sniffing,44558,44539,44558,19
rising,44565,44558,44565,7
climbing,44593,44565,44593,28
grooming,44801,44593,44801,208
climbing,44833,44801,44833,32
grooming,45042,44833,45042,209
sniffing,45080,45042,45080,38
left_turning,45137,45080,45137,57
sniffing,45174,45137,45174,37
rising,45224,45174,45224,50
right_turning,45262,45224,45262,38
rising,45298,45262,45298,36
climbing,45366,45298,45366,68
rearing,45468,45366,45468,102
climbing,45514,45468,45514,46
rising,45606,45514,45606,92
walking,45660,45606,45660,54
rising,45688,45660,45688,28
sniffing,45689,45688,45689,1
grooming,45857,45689,45857,168
hunching,45883,45857,45883,26
grooming,45884,45883,45884,1
stepping,45900,45884,45900,16
trotting,45933,45900,45933,33
walking,45953,45933,45953,20
trotting,45970,45953,45970,17
sniffing,46091,45970,46091,121
grooming,46173,46091,46173,82
hunching,46215,46173,46215,42
rearing,46277,46215,46277,62
running,46318,46277,46318,41
grooming,46331,46318,46331,13
right_turning,46363,46331,46363,32
left_turning,46446,46363,46446,83
grooming,47165,46446,47165,719
rearing,47213,47165,47213,48
grooming,47214,47213,47214,1
rearing,47260,47214,47260,46
grooming,47320,47260,47320,60
rearing,47331,47320,47331,11
grooming,47425,47331,47425,94
stepping,47445,47425,47445,20
grooming,47592,47445,47592,147
sniffing,47628,47592,47628,36
grooming,47773,47628,47773,145
rearing,47779,47773,47779,6
stepping,47780,47779,47780,1
rearing,47835,47780,47835,55
grooming,47836,47835,47836,1
rearing,47837,47836,47837,1
hunching,47884,47837,47884,47
rearing,47928,47884,47928,44
grooming,48264,47928,48264,336
rearing,48313,48264,48313,49
climbing,48363,48313,48363,50
stepping,48371,48363,48371,8
grooming,48392,48371,48392,21
hunching,48438,48392,48438,46
rearing,48483,48438,48483,45
walking,48558,48483,48558,75
sniffing,48581,48558,48581,23
stepping,48627,48581,48627,46
sniffing,48700,48627,48700,73
rising,48713,48700,48713,13
rearing,48753,48713,48753,40
stepping,48784,48753,48784,31
sniffing,48824,48784,48824,40
walking,48854,48824,48854,30
rising,48855,48854,48855,1
left_turning,48897,48855,48897,42
grooming,48898,48897,48898,1
sniffing,49023,48898,49023,125
rising,49122,49023,49122,99
trotting,49148,49122,49148,26
sniffing,49153,49148,49153,5
trotting,49160,49153,49160,7
walking,49190,49160,49190,30
sniffing,49226,49190,49226,36
rising,49273,49226,49273,47
rearing,49345,49273,49345,72
climbing,49366,49345,49366,21
rearing,49367,49366,49367,1
hunching,49370,49367,49370,3
sniffing,49445,49370,49445,75
rising,49455,49445,49455,10
sniffing,49504,49455,49504,49
rising,49514,49504,49514,10
rearing,49609,49514,49609,95
grooming,49908,49609,49908,299
sniffing,49938,49908,49938,30
grooming,50403,49938,50403,465
climbing,50441,50403,50441,38
rising,50522,50441,50522,81
right_turning,50547,50522,50547,25
sniffing,50600,50547,50600,53
running,50622,50600,50622,22
stepping,50630,50622,50630,8
sniffing,50652,50630,50652,22
rising,50653,50652,50653,1
sniffing,50745,50653,50745,92
walking,50829,50745,50829,84
sniffing,50857,50829,50857,28
left_turning,50871,50857,50871,14
climbing,50928,50871,50928,57
trotting,50973,50928,50973,45
sniffing,51011,50973,51011,38
left_turning,51024,51011,51024,13
walking,51054,51024,51054,30
sniffing,51078,51054,51078,24
rising,51137,51078,51137,59
hunching,51138,51137,51138,1
climbing,51173,51138,51173,35
left_turning,51200,51173,51200,27
walking,51238,51200,51238,38
stepping,51267,51238,51267,29
sniffing,51271,51267,51271,4
stepping,51285,51271,51285,14
sniffing,51423,51285,51423,138
rising,51445,51423,51445,22
rearing,51634,51445,51634,189
hunching,51660,51634,51660,26
grooming,51661,51660,51661,1
stepping,51683,51661,51683,22
walking,51692,51683,51692,9
stepping,51693,51692,51693,1
sniffing,51694,51693,51694,1
rising,51895,51694,51895,201
rearing,51896,51895,51896,1
left_turning,51903,51896,51903,7
walking,51947,51903,51947,44
sniffing,52017,51947,52017,70
trotting,52078,52017,52078,61
sniffing,52079,52078,52079,1
walking,52084,52079,52084,5
climbing,52164,52084,52164,80
grooming,52517,52164,52517,353
sniffing,52599,52517,52599,82
stepping,52628,52599,52628,29
sniffing,52668,52628,52668,40
rearing,52710,52668,52710,42
grooming,52781,52710,52781,71
rearing,52842,52781,52842,61
climbing,52880,52842,52880,38
walking,52898,52880,52898,18
trotting,52961,52898,52961,63
walking,53000,52961,53000,39
sniffing,53001,53000,53001,1
grooming,53140,53001,53140,139
walking,53150,53140,53150,10
sniffing,53151,53150,53151,1
walking,53185,53151,53185,34
sniffing,53234,53185,53234,49
rearing,53418,53234,53418,184
grooming,53419,53418,53419,1
walking,53465,53419,53465,46
sniffing,53642,53465,53642,177
left_turning,53677,53642,53677,35
stepping,53711,53677,53711,34
sniffing,53891,53711,53891,180
walking,53915,53891,53915,24
running,53936,53915,53936,21
walking,53940,53936,53940,4
stepping,53954,53940,53954,14
left_turning,53975,53954,53975,21
running,53992,53975,53992,17
sniffing,53997,53992,53997,5
walking,54008,53997,54008,11
rising,54066,54008,54066,58
grooming,54098,54066,54098,32
left_turning,54137,54098,54137,39
sniffing,54153,54137,54153,16
walking,54180,54153,54180,27
stepping,54194,54180,54194,14
climbing,54238,54194,54238,44
grooming,54559,54238,54559,321
hunching,54597,54559,54597,38
grooming,54598,54597,54598,1
stepping,54599,54598,54599,1
walking,54655,54599,54655,56
rearing,54712,54655,54712,57
hunching,54713,54712,54713,1
rearing,54725,54713,54725,12
hunching,54735,54725,54735,10
grooming,54736,54735,54736,1
sniffing,54770,54736,54770,34
grooming,54771,54770,54771,1
walking,54783,54771,54783,12
sniffing,54803,54783,54803,20
left_turning,54804,54803,54804,1
hunching,54871,54804,54871,67
rearing,54872,54871,54872,1
running,54898,54872,54898,26
grooming,55081,54898,55081,183
stepping,55122,55081,55122,41
sniffing,55225,55122,55225,103
stepping,55245,55225,55245,20
scratching,55282,55245,55282,37
sniffing,55301,55282,55301,19
walking,55326,55301,55326,25
sniffing,55383,55326,55383,57
left_turning,55402,55383,55402,19
walking,55406,55402,55406,4
sniffing,55419,55406,55419,13
rising,55478,55419,55478,59
sniffing,55513,55478,55513,35
stepping,55550,55513,55550,37
sniffing,55603,55550,55603,53
walking,55638,55603,55638,35
sniffing,55639,55638,55639,1
walking,55676,55639,55676,37
sniffing,55720,55676,55720,44
hunching,55772,55720,55772,52
sniffing,55788,55772,55788,16
left_turning,55791,55788,55791,3
walking,55808,55791,55808,17
sniffing,55809,55808,55809,1
walking,55812,55809,55812,3
stepping,55892,55812,55892,80
walking,55925,55892,55925,33
sniffing,55970,55925,55970,45
rising,55974,55970,55974,4
climbing,55990,55974,55990,16
sniffing,56117,55990,56117,127
grooming,56333,56117,56333,216
rearing,56421,56333,56421,88
hunching,56434,56421,56434,13
rearing,56495,56434,56495,61
grooming,56656,56495,56656,161
sniffing,56724,56656,56724,68
stepping,56773,56724,56773,49
grooming,56845,56773,56845,72
rising,56851,56845,56851,6
sniffing,56912,56851,56912,61
grooming,57180,56912,57180,268
left_turning,57201,57180,57201,21
sniffing,57240,57201,57240,39
left_turning,57268,57240,57268,28
stepping,57343,57268,57343,75
rising,57359,57343,57359,16
left_turning,57420,57359,57420,61
trotting,57451,57420,57451,31
sniffing,57520,57451,57520,69
left_turning,57537,57520,57537,17
walking,57636,57537,57636,99
sniffing,57811,57636,57811,175
rising,57834,57811,57834,23
rearing,57940,57834,57940,106
grooming,58872,57940,58872,932
sniffing,58873,58872,58873,1
right_turning,58882,58873,58882,9
climbing,58943,58882,58943,61
walking,58963,58943,58963,20
trotting,58984,58963,58984,21
sniffing,59035,58984,59035,51
rising,59039,59035,59039,4
sniffing,59040,59039,59040,1
stepping,59059,59040,59059,19
sniffing,59090,59059,59090,31
rising,59140,59090,59140,50
climbing,59173,59140,59173,33
left_turning,59179,59173,59179,6
scratching,59339,59179,59339,160
stepping,59355,59339,59355,16
left_turning,59418,59355,59418,63
sniffing,59455,59418,59455,37
rearing,59555,59455,59555,100
left_turning,59576,59555,59576,21
sniffing,59584,59576,59584,8
walking,59626,59584,59626,42
sniffing,59686,59626,59686,60
walking,59699,59686,59699,13
left_turning,59741,59699,59741,42
sniffing,59779,59741,59779,38
rearing,59780,59779,59780,1
climbing,59826,59780,59826,46
grooming,59827,59826,59827,1
left_turning,59828,59827,59828,1
grooming,60237,59828,60237,409
sniffing,60300,60237,60300,63
rising,60301,60300,60301,1
sniffing,60357,60301,60357,56
left_turning,60411,60357,60411,54
sniffing,60524,60411,60524,113
rising,60551,60524,60551,27
trotting,60568,60551,60568,17
sniffing,60603,60568,60603,35
left_turning,60611,60603,60611,8
sniffing,60682,60611,60682,71
rising,60743,60682,60743,61
right_turning,60752,60743,60752,9
climbing,60779,60752,60779,27
rising,60818,60779,60818,39
sniffing,60832,60818,60832,14
right_turning,60861,60832,60861,29
walking,60908,60861,60908,47
stepping,60928,60908,60928,20
rising,60945,60928,60945,17
climbing,60986,60945,60986,41
grooming,60987,60986,60987,1
right_turning,61017,60987,61017,30
rising,61069,61017,61069,52
sniffing,61206,61069,61206,137
climbing,61218,61206,61218,12
walking,61269,61218,61269,51
sniffing,61273,61269,61273,4
stepping,61288,61273,61288,15
walking,61328,61288,61328,40
trotting,61367,61328,61367,39
walking,61376,61367,61376,9
sniffing,61397,61376,61397,21
right_turning,61414,61397,61414,17
sniffing,61462,61414,61462,48
rearing,61463,61462,61463,1
hunching,61569,61463,61569,106
grooming,61602,61569,61602,33
sniffing,61611,61602,61611,9
grooming,61726,61611,61726,115
sniffing,61779,61726,61779,53
stepping,61796,61779,61796,17
grooming,61797,61796,61797,1
sniffing,61825,61797,61825,28
rising,61885,61825,61885,60
grooming,62334,61885,62334,449
rearing,62335,62334,62335,1
sniffing,62337,62335,62337,2
walking,62353,62337,62353,16
stepping,62379,62353,62379,26
walking,62404,62379,62404,25
rearing,62421,62404,62421,17
walking,62477,62421,62477,56
rising,62517,62477,62517,40
climbing,62582,62517,62582,65
walking,62624,62582,62624,42
sniffing,62781,62624,62781,157
rising,62841,62781,62841,60
climbing,62876,62841,62876,35
grooming,62877,62876,62877,1
hunching,62997,62877,62997,120
grooming,63057,62997,63057,60
stepping,63074,63057,63074,17
grooming,63237,63074,63237,163
rearing,63320,63237,63320,83
grooming,63510,63320,63510,190
climbing,63635,63510,63635,125
left_turning,63707,63635,63707,72
running,63733,63707,63733,26
walking,63757,63733,63757,24
sniffing,63815,63757,63815,58
walking,63842,63815,63842,27
rising,63843,63842,63843,1
rearing,64061,63843,64061,218
climbing,64114,64061,64114,53
running,64128,64114,64128,14
trotting,64139,64128,64139,11
stepping,64140,64139,64140,1
walking,64203,64140,64203,63
sniffing,64306,64203,64306,103
stepping,64334,64306,64334,28
climbing,64344,64334,64344,10
left_turning,64345,64344,64345,1
walking,64368,64345,64368,23
right_turning,64393,64368,64393,25
rearing,64466,64393,64466,73
climbing,64581,64466,64581,115
stepping,64594,64581,64594,13
running,64605,64594,64605,11
rising,64611,64605,64611,6
climbing,64674,64611,64674,63
grooming,64857,64674,64857,183
scratching,64858,64857,64858,1
grooming,64947,64858,64947,89
rearing,65038,64947,65038,91
hunching,65128,65038,65128,90
grooming,65357,65128,65357,229
hunching,65401,65357,65401,44
grooming,65423,65401,65423,22
left_turning,65457,65423,65457,34
sniffing,65485,65457,65485,28
rearing,65609,65485,65609,124
grooming,65610,65609,65610,1
left_turning,65632,65610,65632,22
trotting,65654,65632,65654,22
walking,65681,65654,65681,27
sniffing,65724,65681,65724,43
stepping,65777,65724,65777,53
walking,65807,65777,65807,30
climbing,65874,65807,65874,67
grooming,65939,65874,65939,65
stepping,65961,65939,65961,22
grooming,66040,65961,66040,79
hunching,66130,66040,66130,90
grooming,66180,66130,66180,50
rearing,66199,66180,66199,19
trotting,66214,66199,66214,15
sniffing,66234,66214,66234,20
walking,66248,66234,66248,14
sniffing,66264,66248,66264,16
walking,66309,66264,66309,45
sniffing,66375,66309,66375,66
stepping,66376,66375,66376,1
sniffing,66544,66376,66544,168
grooming,66655,66544,66655,111
rearing,66713,66655,66713,58
grooming,66757,66713,66757,44
rising,66798,66757,66798,41
rearing,66871,66798,66871,73
grooming,67132,66871,67132,261
stepping,67174,67132,67174,42
grooming,67560,67174,67560,386
climbing,67572,67560,67572,12
rising,67573,67572,67573,1
walking,67589,67573,67589,16
climbing,67657,67589,67657,68
grooming,67658,67657,67658,1
left_turning,67673,67658,67673,15
sniffing,67723,67673,67723,50
walking,67759,67723,67759,36
trotting,67788,67759,67788,29
rising,67842,67788,67842,54
climbing,67872,67842,67872,30
grooming,67996,67872,67996,124
climbing,68002,67996,68002,6
walking,68030,68002,68030,28
sniffing,68157,68030,68157,127
left_turning,68158,68157,68158,1
walking,68173,68158,68173,15
rearing,68210,68173,68210,37
sniffing,68234,68210,68234,24
rising,68266,68234,68266,32
sniffing,68296,68266,68296,30
walking,68315,68296,68315,19
stepping,68324,68315,68324,9
grooming,68367,68324,68367,43
left_turning,68381,68367,68381,14
walking,68404,68381,68404,23
sniffing,68405,68404,68405,1
rising,68433,68405,68433,28
grooming,68469,68433,68469,36
rearing,68470,68469,68470,1
climbing,68554,68470,68554,84
rearing,68589,68554,68589,35
grooming,68672,68589,68672,83
hunching,68746,68672,68746,74
grooming,68931,68746,68931,185
running,68961,68931,68961,30
trotting,68968,68961,68968,7
sniffing,69019,68968,69019,51
trotting,69030,69019,69030,11
sniffing,69031,69030,69031,1
running,69064,69031,69064,33
sniffing,69105,69064,69105,41
rising,69122,69105,69122,17
rearing,69158,69122,69158,36
hunching,69288,69158,69288,130
grooming,69542,69288,69542,254
rearing,69544,69542,69544,2
rising,69578,69544,69578,34
sniffing,69635,69578,69635,57
walking,69643,69635,69643,8
rearing,69729,69643,69729,86
grooming,69840,69729,69840,111
sniffing,69881,69840,69881,41
walking,69895,69881,69895,14
stepping,69921,69895,69921,26
grooming,69957,69921,69957,36
rearing,70079,69957,70079,122
sniffing,70107,70079,70107,28
left_turning,70155,70107,70155,48
walking,70165,70155,70165,10
left_turning,70277,70165,70277,112
walking,70324,70277,70324,47
sniffing,70379,70324,70379,55
rising,70380,70379,70380,1
sniffing,70409,70380,70409,29
grooming,70569,70409,70569,160
left_turning,70611,70569,70611,42
rising,70612,70611,70612,1
walking,70631,70612,70631,19
sniffing,70691,70631,70691,60
right_turning,70707,70691,70707,16
stepping,70714,70707,70714,7
walking,70745,70714,70745,31
running,70795,70745,70795,50
stepping,70832,70795,70832,37
running,70852,70832,70852,20
trotting,70865,70852,70865,13
walking,70892,70865,70892,27
rising,70933,70892,70933,41
walking,70942,70933,70942,9
sniffing,71022,70942,71022,80
rising,71038,71022,71038,16
grooming,71039,71038,71039,1
sniffing,71065,71039,71065,26
grooming,71103,71065,71103,38
rising,71104,71103,71104,1
rearing,71111,71104,71111,7
rising,71164,71111,71164,53
left_turning,71201,71164,71201,37
stepping,71262,71201,71262,61
sniffing,71332,71262,71332,70
trotting,71338,71332,71338,6
sniffing,71340,71338,71340,2
rising,71383,71340,71383,43
climbing,71426,71383,71426,43
grooming,71508,71426,71508,82
sniffing,71570,71508,71570,62
walking,71641,71570,71641,71
rising,71670,71641,71670,29
climbing,71711,71670,71711,41
walking,71737,71711,71737,26
sniffing,71772,71737,71772,35
walking,71787,71772,71787,15
sniffing,71838,71787,71838,51
left_turning,71893,71838,71893,55
sniffing,71941,71893,71941,48
walking,72008,71941,72008,67
stepping,72037,72008,72037,29
sniffing,72080,72037,72080,43
rising,72097,72080,72097,17
trotting,72148,72097,72148,51
walking,72217,72148,72217,69
sniffing,72245,72217,72245,28
rising,72262,72245,72262,17
climbing,72373,72262,72373,111
sniffing,72391,72373,72391,18
rising,72392,72391,72392,1
climbing,72406,72392,72406,14
hunching,72407,72406,72407,1
grooming,72512,72407,72512,105
rearing,72532,72512,72532,20
climbing,72573,72532,72573,41
walking,72584,72573,72584,11
running,72597,72584,72597,13
sniffing,72725,72597,72725,128
walking,72792,72725,72792,67
sniffing,72848,72792,72848,56
grooming,72849,72848,72849,1
left_turning,72885,72849,72885,36
rearing,72919,72885,72919,34
stepping,72945,72919,72945,26
rearing,72957,72945,72957,12
grooming,73090,72957,73090,133
sniffing,73139,73090,73139,49
walking,73161,73139,73161,22
stepping,73181,73161,73181,20
sniffing,73182,73181,73182,1
walking,73194,73182,73194,12
sniffing,73202,73194,73202,8
left_turning,73216,73202,73216,14
stepping,73273,73216,73273,57
sniffing,73348,73273,73348,75
left_turning,73349,73348,73349,1
walking,73358,73349,73358,9
sniffing,73376,73358,73376,18
walking,73416,73376,73416,40
rising,73417,73416,73417,1
sniffing,73435,73417,73435,18
stepping,73441,73435,73441,6
climbing,73509,73441,73509,68
rearing,73536,73509,73536,27
climbing,73643,73536,73643,107
walking,73676,73643,73676,33
stepping,73680,73676,73680,4
climbing,73727,73680,73727,47
rearing,73833,73727,73833,106
grooming,73993,73833,73993,160
trotting,74015,73993,74015,22
sniffing,74052,74015,74052,37
stepping,74074,74052,74074,22
sniffing,74075,74074,74075,1
stepping,74086,74075,74086,11
left_turning,74087,74086,74087,1
sniffing,74137,74087,74137,50
walking,74159,74137,74159,22
sniffing,74176,74159,74176,17
grooming,74198,74176,74198,22
rearing,74199,74198,74199,1
climbing,74217,74199,74217,18
grooming,74541,74217,74541,324
walking,74573,74541,74573,32
sniffing,74614,74573,74614,41
scratching,74693,74614,74693,79
left_turning,74739,74693,74739,46
stepping,74779,74739,74779,40
walking,74788,74779,74788,9
sniffing,74813,74788,74813,25
stepping,74871,74813,74871,58
rising,74921,74871,74921,50
left_turning,74968,74921,74968,47
walking,74971,74968,74971,3
sniffing,75021,74971,75021,50
stepping,75041,75021,75041,20
sniffing,75074,75041,75074,33
walking,75113,75074,75113,39
grooming,75166,75113,75166,53
sniffing,75216,75166,75216,50
rearing,75225,75216,75225,9
climbing,75243,75225,75243,18
walking,75281,75243,75281,38
grooming,75484,75281,75484,203
rearing,75559,75484,75559,75
grooming,76138,75559,76138,579
climbing,76156,76138,76156,18
walking,76208,76156,76208,52
trotting,76248,76208,76248,40
sniffing,76249,76248,76249,1
stepping,76271,76249,76271,22
walking,76283,76271,76283,12
stepping,76315,76283,76315,32
rearing,76419,76315,76419,104
grooming,76764,76419,76764,345
left_turning,76798,76764,76798,34
sniffing,76859,76798,76859,61
right_turning,76874,76859,76874,15
walking,76877,76874,76877,3
rising,76890,76877,76890,13
climbing,76937,76890,76937,47
stepping,76955,76937,76955,18
walking,76988,76955,76988,33
sniffing,77007,76988,77007,19
walking,77052,77007,77052,45
climbing,77066,77052,77066,14
walking,77110,77066,77110,44
sniffing,77144,77110,77144,34
stepping,77163,77144,77163,19
sniffing,77197,77163,77197,34
hunching,77208,77197,77208,11
grooming,77390,77208,77390,182
rearing,77460,77390,77460,70
sniffing,77524,77460,77524,64
right_turning,77537,77524,77537,13
sniffing,77538,77537,77538,1
left_turning,77539,77538,77539,1
sniffing,77540,77539,77540,1
walking,77552,77540,77552,12
sniffing,77589,77552,77589,37
walking,77619,77589,77619,30
running,77632,77619,77632,13
walking,77635,77632,77635,3
stepping,77679,77635,77679,44
sniffing,77694,77679,77694,15
walking,77738,77694,77738,44
trotting,77763,77738,77763,25
sniffing,77805,77763,77805,42
right_turning,77820,77805,77820,15
stepping,77821,77820,77821,1
walking,77822,77821,77822,1
sniffing,77887,77822,77887,65
grooming,77948,77887,77948,61
sniffing,77975,77948,77975,27
grooming,77976,77975,77976,1
walking,78062,77976,78062,86
sniffing,78063,78062,78063,1
rising,78064,78063,78064,1
left_turning,78128,78064,78128,64
rising,78183,78128,78183,55
rearing,78235,78183,78235,52
grooming,78367,78235,78367,132
walking,78387,78367,78387,20
left_turning,78399,78387,78399,12
walking,78418,78399,78418,19
trotting,78456,78418,78456,38
right_turning,78494,78456,78494,38
sniffing,78517,78494,78517,23
rising,78518,78517,78518,1
walking,78524,78518,78524,6
sniffing,78551,78524,78551,27
walking,78552,78551,78552,1
climbing,78626,78552,78626,74
walking,78699,78626,78699,73
stepping,78720,78699,78720,21
walking,78753,78720,78753,33
stepping,78778,78753,78778,25
climbing,78796,78778,78796,18
rearing,79018,78796,79018,222
grooming,79019,79018,79019,1
left_turning,79020,79019,79020,1
walking,79033,79020,79033,13
sniffing,79051,79033,79051,18
left_turning,79062,79051,79062,11
stepping,79070,79062,79070,8
sniffing,79106,79070,79106,36
rising,79115,79106,79115,9
climbing,79147,79115,79147,32
stepping,79186,79147,79186,39
sniffing,79273,79186,79273,87
stepping,79274,79273,79274,1
walking,79275,79274,79275,1
trotting,79308,79275,79308,33
sniffing,79357,79308,79357,49
stepping,79398,79357,79398,41
sniffing,79399,79398,79399,1
walking,79400,79399,79400,1
stepping,79401,79400,79401,1
rising,79444,79401,79444,43
grooming,79769,79444,79769,325
scratching,79856,79769,79856,87
left_turning,79885,79856,79885,29
walking,79976,79885,79976,91
stepping,80006,79976,80006,30
sniffing,80032,80006,80032,26
stepping,80074,80032,80074,42
rising,80123,80074,80123,49
climbing,80166,80123,80166,43
grooming,80167,80166,80167,1
sniffing,80172,80167,80172,5
left_turning,80237,80172,80237,65
grooming,80257,80237,80257,20
rearing,80435,80257,80435,178
stepping,80459,80435,80459,24
walking,80474,80459,80474,15
running,80521,80474,80521,47
sniffing,80545,80521,80545,24
walking,80562,80545,80562,17
sniffing,80584,80562,80584,22
rising,80617,80584,80617,33
sniffing,80650,80617,80650,33
rising,80651,80650,80651,1
grooming,80769,80651,80769,118
sniffing,80792,80769,80792,23
walking,80806,80792,80806,14
sniffing,80858,80806,80858,52
walking,80859,80858,80859,1
sniffing,80911,80859,80911,52
walking,80929,80911,80929,18
stepping,80945,80929,80945,16
rising,80947,80945,80947,2
climbing,80979,80947,80979,32
grooming,81054,80979,81054,75
rearing,81092,81054,81092,38
sniffing,81119,81092,81119,27
hunching,81181,81119,81181,62
grooming,81219,81181,81219,38
rearing,81516,81219,81516,297
rising,81530,81516,81530,14
rearing,81531,81530,81531,1
walking,81532,81531,81532,1
sniffing,81648,81532,81648,116
walking,81715,81648,81715,67
grooming,81716,81715,81716,1
sniffing,81825,81716,81825,109
walking,81850,81825,81850,25
climbing,81898,81850,81898,48
right_turning,81947,81898,81947,49
grooming,81974,81947,81974,27
climbing,81977,81974,81977,3
walking,82028,81977,82028,51
sniffing,82071,82028,82071,43
right_turning,82094,82071,82094,23
left_turning,82136,82094,82136,42
sniffing,82144,82136,82144,8
walking,82182,82144,82182,38
sniffing,82183,82182,82183,1
stepping,82208,82183,82208,25
sniffing,82268,82208,82268,60
rising,82294,82268,82294,26
walking,82304,82294,82304,10
stepping,82305,82304,82305,1
grooming,82408,82305,82408,103
sniffing,82505,82408,82505,97
walking,82535,82505,82535,30
sniffing,82595,82535,82595,60
rising,82606,82595,82606,11
rearing,82623,82606,82623,17
stepping,82653,82623,82653,30
rising,82666,82653,82666,13
rearing,82774,82666,82774,108
left_turning,82816,82774,82816,42
walking,82817,82816,82817,1
scratching,82834,82817,82834,17
sniffing,82878,82834,82878,44
climbing,82925,82878,82925,47
right_turning,82950,82925,82950,25
sniffing,82956,82950,82956,6
walking,82962,82956,82962,6
sniffing,83060,82962,83060,98
left_turning,83119,83060,83119,59
right_turning,83139,83119,83139,20
sniffing,83156,83139,83156,17
walking,83171,83156,83171,15
stepping,83205,83171,83205,34
sniffing,83238,83205,83238,33
grooming,83485,83238,83485,247
hunching,83595,83485,83595,110
rearing,83648,83595,83648,53
right_turning,83649,83648,83649,1
rising,83650,83649,83650,1
sniffing,83730,83650,83730,80
left_turning,83735,83730,83735,5
rearing,83811,83735,83811,76
climbing,83886,83811,83886,75
grooming,83968,83886,83968,82
rearing,83972,83968,83972,4
stepping,84003,83972,84003,31
right_turning,84027,84003,84027,24
climbing,84071,84027,84071,44
walking,84072,84071,84072,1
stepping,84073,84072,84073,1
sniffing,84316,84073,84316,243
rearing,84317,84316,84317,1
rising,84374,84317,84374,57
climbing,84490,84374,84490,116
running,84525,84490,84525,35
walking,84526,84525,84526,1
stepping,84551,84526,84551,25
trotting,84582,84551,84582,31
stepping,84605,84582,84605,23
sniffing,84606,84605,84606,1
rising,84650,84606,84650,44
sniffing,84678,84650,84678,28
stepping,84690,84678,84690,12
sniffing,84732,84690,84732,42
rearing,84786,84732,84786,54
stepping,84806,84786,84806,20
right_turning,84830,84806,84830,24
rearing,84831,84830,84831,1
grooming,85104,84831,85104,273
hunching,85161,85104,85161,57
grooming,85162,85161,85162,1
rising,85206,85162,85206,44
hunching,85273,85206,85273,67
grooming,85398,85273,85398,125
rising,85404,85398,85404,6
grooming,85699,85404,85699,295
right_turning,85728,85699,85728,29
walking,85747,85728,85747,19
sniffing,85759,85747,85759,12
walking,85768,85759,85768,9
right_turning,85802,85768,85802,34
stepping,85854,85802,85854,52
hunching,85960,85854,85960,106
grooming,85961,85960,85961,1
climbing,86006,85961,86006,45
rising,86007,86006,86007,1
rearing,86134,86007,86134,127
hunching,86206,86134,86206,72
rising,86241,86206,86241,35
walking,86268,86241,86268,27
sniffing,86269,86268,86269,1
left_turning,86270,86269,86270,1
walking,86316,86270,86316,46
climbing,86343,86316,86343,27
rearing,86428,86343,86428,85
climbing,86461,86428,86461,33
rearing,86501,86461,86501,40
climbing,86502,86501,86502,1
trotting,86519,86502,86519,17
climbing,86534,86519,86534,15
right_turning,86563,86534,86563,29
climbing,86655,86563,86655,92
right_turning,86676,86655,86676,21
sniffing,86705,86676,86705,29
walking,86748,86705,86748,43
stepping,86779,86748,86779,31
sniffing,86855,86779,86855,76
walking,86888,86855,86888,33
rising,86980,86888,86980,92
right_turning,86998,86980,86998,18
rising,87056,86998,87056,58
rearing,87057,87056,87057,1
stepping,87080,87057,87080,23
sniffing,87136,87080,87136,56
rising,87208,87136,87208,72
walking,87278,87208,87278,70
stepping,87279,87278,87279,1
sniffing,87301,87279,87301,22
rearing,87347,87301,87347,46
climbing,87385,87347,87385,38
rearing,87407,87385,87407,22
left_turning,87434,87407,87434,27
sniffing,87435,87434,87435,1
rising,87436,87435,87436,1
left_turning,87484,87436,87484,48
stepping,87528,87484,87528,44
left_turning,87598,87528,87598,70
sniffing,87634,87598,87634,36
rising,87635,87634,87635,1
stepping,87696,87635,87696,61
rearing,87741,87696,87741,45
hunching,87742,87741,87742,1
grooming,87842,87742,87842,100
rising,87898,87842,87898,56
grooming,87899,87898,87899,1
hunching,87926,87899,87926,27
climbing,87967,87926,87967,41
sniffing,88058,87967,88058,91
walking,88101,88058,88101,43
sniffing,88102,88101,88102,1
stepping,88137,88102,88137,35
rearing,88187,88137,88187,50
climbing,88226,88187,88226,39
left_turning,88275,88226,88275,49
running,88287,88275,88287,12
walking,88315,88287,88315,28
sniffing,88350,88315,88350,35
rising,88351,88350,88351,1
left_turning,88598,88351,88598,247
rearing,88599,88598,88599,1
running,88614,88599,88614,15
walking,88615,88614,88615,1
stepping,88652,88615,88652,37
walking,88672,88652,88672,20
stepping,88696,88672,88696,24
climbing,88741,88696,88741,45
sniffing,88808,88741,88808,67
walking,88809,88808,88809,1
sniffing,88818,88809,88818,9
left_turning,88872,88818,88872,54
grooming,89117,88872,89117,245
stepping,89132,89117,89132,15
walking,89141,89132,89141,9
stepping,89159,89141,89159,18
sniffing,89185,89159,89185,26
walking,89215,89185,89215,30
sniffing,89248,89215,89248,33
walking,89289,89248,89289,41
sniffing,89290,89289,89290,1
walking,89308,89290,89308,18
stepping,89341,89308,89341,33
sniffing,89404,89341,89404,63
rising,89420,89404,89420,16
grooming,89595,89420,89595,175
hunching,89596,89595,89596,1
stepping,89643,89596,89643,47
sniffing,89724,89643,89724,81
stepping,89739,89724,89739,15
rising,89824,89739,89824,85
climbing,89896,89824,89896,72
rearing,89922,89896,89922,26
running,89939,89922,89939,17
grooming,90142,89939,90142,203
rearing,90210,90142,90210,68
sniffing,90211,90210,90211,1
rising,90242,90211,90242,31
grooming,90368,90242,90368,126
rearing,90380,90368,90380,12
hunching,90381,90380,90381,1
grooming,90861,90381,90861,480
sniffing,90899,90861,90899,38
stepping,90921,90899,90921,22
sniffing,90922,90921,90922,1
stepping,90948,90922,90948,26
rising,90981,90948,90981,33
sniffing,90998,90981,90998,17
rising,91059,90998,91059,61
walking,91116,91059,91116,57
climbing,91164,91116,91164,48
grooming,91572,91164,91572,408
sniffing,91579,91572,91579,7
rising,91625,91579,91625,46
sniffing,91705,91625,91705,80
rising,91713,91705,91713,8
sniffing,91761,91713,91761,48
grooming,91901,91761,91901,140
walking,91925,91901,91925,24
stepping,91935,91925,91935,10
sniffing,91957,91935,91957,22
trotting,92004,91957,92004,47
walking,92047,92004,92047,43
rising,92071,92047,92071,24
grooming,92152,92071,92152,81
stepping,92189,92152,92189,37
climbing,92229,92189,92229,40
stepping,92278,92229,92278,49
sniffing,92334,92278,92334,56
walking,92375,92334,92375,41
stepping,92397,92375,92397,22
sniffing,92625,92397,92625,228
grooming,92626,92625,92626,1
sniffing,92723,92626,92723,97
stepping,92761,92723,92761,38
trotting,92785,92761,92785,24
right_turning,92830,92785,92830,45
stepping,92865,92830,92865,35
sniffing,92898,92865,92898,33
grooming,92993,92898,92993,95
climbing,93002,92993,93002,9
grooming,93026,93002,93026,24
rearing,93027,93026,93027,1
rising,93067,93027,93067,40
walking,93101,93067,93101,34
rising,93106,93101,93106,5
hunching,93178,93106,93178,72
rearing,93214,93178,93214,36
grooming,93219,93214,93219,5
rearing,93249,93219,93249,30
climbing,93329,93249,93329,80
grooming,93445,93329,93445,116
rearing,93509,93445,93509,64
climbing,93555,93509,93555,46
grooming,93556,93555,93556,1
stepping,93569,93556,93569,13
left_turning,93580,93569,93580,11
rearing,93660,93580,93660,80
stepping,93673,93660,93673,13
walking,93714,93673,93714,41
sniffing,93762,93714,93762,48
trotting,93789,93762,93789,27
stepping,93799,93789,93799,10
sniffing,93829,93799,93829,30
stepping,93850,93829,93850,21
sniffing,93926,93850,93926,76
trotting,93947,93926,93947,21
walking,93956,93947,93956,9
rearing,94034,93956,94034,78
climbing,94067,94034,94067,33
running,94094,94067,94094,27
trotting,94126,94094,94126,32
stepping,94147,94126,94147,21
sniffing,94218,94147,94218,71
left_turning,94225,94218,94225,7
sniffing,94273,94225,94273,48
left_turning,94274,94273,94274,1
stepping,94326,94274,94326,52
sniffing,94452,94326,94452,126
left_turning,94454,94452,94454,2
rearing,94498,94454,94498,44
hunching,94499,94498,94499,1
grooming,94500,94499,94500,1
hunching,94595,94500,94595,95
grooming,94993,94595,94993,398
rearing,95056,94993,95056,63
climbing,95085,95056,95085,29
grooming,95185,95085,95185,100
rearing,95229,95185,95229,44
hunching,95274,95229,95274,45
walking,95329,95274,95329,55
sniffing,95330,95329,95330,1
stepping,95346,95330,95346,16
sniffing,95358,95346,95358,12
trotting,95370,95358,95370,12
walking,95371,95370,95371,1
stepping,95394,95371,95394,23
walking,95413,95394,95413,19
rising,95430,95413,95430,17
stepping,95458,95430,95458,28
walking,95474,95458,95474,16
rising,95503,95474,95503,29
grooming,95504,95503,95504,1
sniffing,95557,95504,95557,53
walking,95600,95557,95600,43
climbing,95672,95600,95672,72
sniffing,95673,95672,95673,1
stepping,95690,95673,95690,17
sniffing,95766,95690,95766,76
rising,95791,95766,95791,25
walking,95799,95791,95799,8
rising,95866,95799,95866,67
grooming,95905,95866,95905,39
right_turning,95936,95905,95936,31
stepping,95969,95936,95969,33
grooming,95970,95969,95970,1
sniffing,96099,95970,96099,129
left_turning,96158,96099,96158,59
walking,96217,96158,96217,59
stepping,96223,96217,96223,6
rearing,96242,96223,96242,19
walking,96243,96242,96243,1
stepping,96244,96243,96244,1
rising,96259,96244,96259,15
stepping,96390,96259,96390,131
grooming,96391,96390,96391,1
sniffing,96417,96391,96417,26
stepping,96454,96417,96454,37
sniffing,96455,96454,96455,1
stepping,96478,96455,96478,23
jumping,96542,96478,96542,64
walking,96583,96542,96583,41
stepping,96655,96583,96655,72
grooming,96656,96655,96656,1
climbing,96707,96656,96707,51
walking,96727,96707,96727,20
sniffing,96801,96727,96801,74
walking,96831,96801,96831,30
trotting,96852,96831,96852,21
walking,96854,96852,96854,2
climbing,96870,96854,96870,16
grooming,96871,96870,96871,1
right_turning,96914,96871,96914,43
sniffing,97010,96914,97010,96
stepping,97035,97010,97035,25
walking,97069,97035,97069,34
stepping,97097,97069,97097,28
sniffing,97134,97097,97134,37
walking,97151,97134,97151,17
grooming,97301,97151,97301,150
climbing,97309,97301,97309,8
running,97319,97309,97319,10
walking,97324,97319,97324,5
sniffing,97349,97324,97349,25
rearing,97378,97349,97378,29
grooming,97443,97378,97443,65
climbing,97466,97443,97466,23
running,97518,97466,97518,52
trotting,97549,97518,97549,31
stepping,97554,97549,97554,5
trotting,97606,97554,97606,52
stepping,97631,97606,97631,25
rearing,97801,97631,97801,170
climbing,97851,97801,97851,50
left_turning,97854,97851,97854,3
walking,97855,97854,97855,1
stepping,97888,97855,97888,33
rearing,97944,97888,97944,56
grooming,98106,97944,98106,162
rearing,98144,98106,98144,38
grooming,98145,98144,98145,1
sniffing,98302,98145,98302,157
left_turning,98380,98302,98380,78
grooming,98381,98380,98381,1
rearing,98422,98381,98422,41
stepping,98502,98422,98502,80
sniffing,98553,98502,98553,51
left_turning,98559,98553,98559,6
grooming,98653,98559,98653,94
rising,98726,98653,98726,73
sniffing,98737,98726,98737,11
rising,98739,98737,98739,2
stepping,98787,98739,98787,48
walking,98851,98787,98851,64
sniffing,99242,98851,99242,391
grooming,99380,99242,99380,138
rearing,99388,99380,99388,8
climbing,99469,99388,99469,81
trotting,99480,99469,99480,11
rising,99481,99480,99481,1
grooming,100357,99481,100357,876
sniffing,100426,100357,100426,69
walking,100429,100426,100429,3
rising,100443,100429,100443,14
sniffing,100575,100443,100575,132
walking,100604,100575,100604,29
sniffing,100623,100604,100623,19
left_turning,100666,100623,100666,43
sniffing,100792,100666,100792,126
stepping,100852,100792,100852,60
sniffing,100853,100852,100853,1
walking,100881,100853,100881,28
sniffing,100955,100881,100955,74
grooming,101056,100955,101056,101
rearing,101057,101056,101057,1
sniffing,101075,101057,101075,18
left_turning,101090,101075,101090,15
stepping,101126,101090,101126,36
sniffing,101170,101126,101170,44
left_turning,101213,101170,101213,43
grooming,101262,101213,101262,49
sniffing,101288,101262,101288,26
stepping,101327,101288,101327,39
sniffing,101378,101327,101378,51
rearing,101435,101378,101435,57
sniffing,101436,101435,101436,1
walking,101453,101436,101453,17
sniffing,101500,101453,101500,47
left_turning,101519,101500,101519,19
rising,101582,101519,101582,63
left_turning,101643,101582,101643,61
sniffing,101663,101643,101663,20
rising,101664,101663,101664,1
rearing,101665,101664,101665,1
rising,101709,101665,101709,44
climbing,101810,101709,101810,101
grooming,102029,101810,102029,219
rearing,102129,102029,102129,100
grooming,102229,102129,102229,100
sniffing,102260,102229,102260,31
stepping,102308,102260,102308,48
sniffing,102324,102308,102324,16
left_turning,102342,102324,102342,18
sniffing,102405,102342,102405,63
rising,102436,102405,102436,31
climbing,102517,102436,102517,81
left_turning,102575,102517,102575,58
sniffing,102597,102575,102597,22
grooming,102598,102597,102598,1
climbing,102637,102598,102637,39
right_turning,102659,102637,102659,22
walking,102698,102659,102698,39
stepping,102717,102698,102717,19
sniffing,102775,102717,102775,58
grooming,103304,102775,103304,529
rearing,103338,103304,103338,34
grooming,103380,103338,103380,42
trotting,103386,103380,103386,6
walking,103401,103386,103401,15
rising,103402,103401,103402,1
grooming,103445,103402,103445,43
sniffing,103476,103445,103476,31
walking,103513,103476,103513,37
stepping,103596,103513,103596,83
trotting,103609,103596,103609,13
sniffing,103638,103609,103638,29
grooming,103753,103638,103753,115
rearing,103861,103753,103861,108
grooming,103862,103861,103862,1
trotting,103880,103862,103880,18
stepping,103881,103880,103881,1
rearing,104027,103881,104027,146
grooming,104087,104027,104087,60
sniffing,104206,104087,104206,119
rising,104262,104206,104262,56
rearing,104272,104262,104272,10
left_turning,104294,104272,104294,22
sniffing,104330,104294,104330,36
grooming,104377,104330,104377,47
left_turning,104379,104377,104379,2
grooming,104380,104379,104380,1
rising,104388,104380,104388,8
rearing,104450,104388,104450,62
grooming,104776,104450,104776,326
hunching,104872,104776,104872,96
rearing,104936,104872,104936,64
climbing,104937,104936,104937,1
grooming,105095,104937,105095,158
rearing,105096,105095,105096,1
rising,105139,105096,105139,43
climbing,105176,105139,105176,37
walking,105184,105176,105184,8
stepping,105193,105184,105193,9
walking,105274,105193,105274,81
right_turning,105291,105274,105291,17
stepping,105307,105291,105307,16
sniffing,105346,105307,105346,39
stepping,105383,105346,105383,37
rising,105434,105383,105434,51
rearing,105439,105434,105439,5
grooming,105440,105439,105440,1
rearing,105441,105440,105441,1
grooming,105649,105441,105649,208
rearing,105650,105649,105650,1
grooming,105887,105650,105887,237
sniffing,105925,105887,105925,38
stepping,105960,105925,105960,35
hunching,106003,105960,106003,43
rising,106073,106003,106073,70
hunching,106119,106073,106119,46
rearing,106143,106119,106143,24
grooming,106413,106143,106413,270
rising,106495,106413,106495,82
grooming,107004,106495,107004,509
sniffing,107162,107004,107162,158
left_turning,107174,107162,107174,12
walking,107176,107174,107176,2
sniffing,107241,107176,107241,65
rising,107277,107241,107277,36
sniffing,107278,107277,107278,1
climbing,107333,107278,107333,55
grooming,107370,107333,107370,37
climbing,107371,107370,107371,1
grooming,107485,107371,107485,114
climbing,107601,107485,107601,116
left_turning,107621,107601,107621,20
grooming,108000,107621,108000,379
