revised_movement_label,segBoundary,segBoundary_start,segBoundary_end,length
sniffing,33,0,33,33
stepping,86,33,86,53
sniffing,138,86,138,52
stepping,139,138,139,1
sniffing,219,139,219,80
right_turning,257,219,257,38
walking,345,257,345,88
sniffing,364,345,364,19
left_turning,398,364,398,34
sniffing,421,398,421,23
stepping,422,421,422,1
walking,460,422,460,38
sniffing,524,460,524,64
rising,525,524,525,1
climbing,545,525,545,20
grooming,551,545,551,6
rearing,671,551,671,120
rising,723,671,723,52
rearing,724,723,724,1
hunching,804,724,804,80
rearing,859,804,859,55
climbing,881,859,881,22
grooming,882,881,882,1
right_turning,940,882,940,58
trotting,950,940,950,10
stepping,973,950,973,23
walking,995,973,995,22
rising,996,995,996,1
sniffing,1033,996,1033,37
rising,1164,1033,1164,131
grooming,1236,1164,1236,72
hunching,1264,1236,1264,28
grooming,1276,1264,1276,12
rising,1277,1276,1277,1
rearing,1480,1277,1480,203
sniffing,1571,1480,1571,91
rising,1640,1571,1640,69
grooming,1655,1640,1655,15
left_turning,1739,1655,1739,84
sniffing,1740,1739,1740,1
right_turning,1764,1740,1764,24
walking,1795,1764,1795,31
trotting,1830,1795,1830,35
walking,1863,1830,1863,33
stepping,1883,1863,1883,20
sniffing,1898,1883,1898,15
left_turning,1954,1898,1954,56
walking,1955,1954,1955,1
stepping,1991,1955,1991,36
rising,2070,1991,2070,79
left_turning,2071,2070,2071,1
grooming,2187,2071,2187,116
left_turning,2203,2187,2203,16
walking,2237,2203,2237,34
left_turning,2252,2237,2252,15
trotting,2262,2252,2262,10
walking,2293,2262,2293,31
left_turning,2294,2293,2294,1
trotting,2304,2294,2304,10
sniffing,2384,2304,2384,80
rising,2436,2384,2436,52
sniffing,2447,2436,2447,11
walking,2448,2447,2448,1
rising,2474,2448,2474,26
hunching,2494,2474,2494,20
stepping,2519,2494,2519,25
climbing,2541,2519,2541,22
left_turning,2553,2541,2553,12
rising,2563,2553,2563,10
rearing,2598,2563,2598,35
sniffing,2635,2598,2635,37
left_turning,2667,2635,2667,32
walking,2714,2667,2714,47
trotting,2743,2714,2743,29
stepping,2777,2743,2777,34
rising,2780,2777,2780,3
walking,2835,2780,2835,55
climbing,2868,2835,2868,33
rearing,2913,2868,2913,45
right_turning,2938,2913,2938,25
walking,2970,2938,2970,32
sniffing,2971,2970,2971,1
walking,2989,2971,2989,18
stepping,3010,2989,3010,21
rising,3047,3010,3047,37
grooming,3605,3047,3605,558
walking,3663,3605,3663,58
sniffing,3757,3663,3757,94
climbing,3801,3757,3801,44
rearing,3897,3801,3897,96
grooming,3898,3897,3898,1
hunching,3952,3898,3952,54
rearing,4155,3952,4155,203
right_turning,4168,4155,4168,13
sniffing,4308,4168,4308,140
right_turning,4320,4308,4320,12
sniffing,4321,4320,4321,1
stepping,4350,4321,4350,29
trotting,4365,4350,4365,15
walking,4368,4365,4368,3
rising,4443,4368,4443,75
sniffing,4758,4443,4758,315
stepping,4787,4758,4787,29
rising,4814,4787,4814,27
grooming,4945,4814,4945,131
rising,4988,4945,4988,43
sniffing,5012,4988,5012,24
rearing,5104,5012,5104,92
running,5119,5104,5119,15
sniffing,5144,5119,5144,25
grooming,5213,5144,5213,69
hunching,5254,5213,5254,41
rising,5271,5254,5271,17
rearing,5272,5271,5272,1
grooming,5273,5272,5273,1
left_turning,5303,5273,5303,30
walking,5321,5303,5321,18
running,5335,5321,5335,14
walking,5359,5335,5359,24
rearing,5487,5359,5487,128
climbing,5539,5487,5539,52
rising,5555,5539,5555,16
walking,5580,5555,5580,25
stepping,5598,5580,5598,18
sniffing,5621,5598,5621,23
walking,5649,5621,5649,28
sniffing,5688,5649,5688,39
rising,5705,5688,5705,17
sniffing,5728,5705,5728,23
stepping,5757,5728,5757,29
sniffing,5797,5757,5797,40
stepping,5845,5797,5845,48
walking,5862,5845,5862,17
running,5883,5862,5883,21
walking,5923,5883,5923,40
rising,5924,5923,5924,1
walking,5958,5924,5958,34
stepping,5963,5958,5963,5
sniffing,6011,5963,6011,48
rising,6033,6011,6033,22
trotting,6055,6033,6055,22
stepping,6059,6055,6059,4
walking,6061,6059,6061,2
stepping,6116,6061,6116,55
sniffing,6166,6116,6166,50
grooming,6167,6166,6167,1
right_turning,6178,6167,6178,11
walking,6185,6178,6185,7
running,6196,6185,6196,11
sniffing,6236,6196,6236,40
rising,6237,6236,6237,1
stepping,6315,6237,6315,78
rising,6365,6315,6365,50
stepping,6373,6365,6373,8
trotting,6403,6373,6403,30
walking,6432,6403,6432,29
left_turning,6434,6432,6434,2
walking,6435,6434,6435,1
sniffing,6483,6435,6483,48
rising,6638,6483,6638,155
sniffing,6667,6638,6667,29
walking,6713,6667,6713,46
rising,6739,6713,6739,26
right_turning,6754,6739,6754,15
rising,6755,6754,6755,1
trotting,6782,6755,6782,27
sniffing,6854,6782,6854,72
rising,6895,6854,6895,41
sniffing,6921,6895,6921,26
grooming,6998,6921,6998,77
rearing,6999,6998,6999,1
sniffing,7134,6999,7134,135
right_turning,7146,7134,7146,12
stepping,7172,7146,7172,26
sniffing,7173,7172,7173,1
grooming,7174,7173,7174,1
left_turning,7212,7174,7212,38
sniffing,7356,7212,7356,144
left_turning,7394,7356,7394,38
walking,7431,7394,7431,37
stepping,7432,7431,7432,1
walking,7480,7432,7480,48
sniffing,7545,7480,7545,65
left_turning,7564,7545,7564,19
stepping,7587,7564,7587,23
sniffing,7667,7587,7667,80
climbing,7726,7667,7726,59
sniffing,7759,7726,7759,33
rising,7843,7759,7843,84
sniffing,7844,7843,7844,1
rising,7855,7844,7855,11
right_turning,7866,7855,7866,11
running,7874,7866,7874,8
left_turning,7896,7874,7896,22
trotting,7930,7896,7930,34
sniffing,7987,7930,7987,57
left_turning,8002,7987,8002,15
stepping,8047,8002,8047,45
trotting,8075,8047,8075,28
sniffing,8131,8075,8131,56
left_turning,8145,8131,8145,14
stepping,8161,8145,8161,16
walking,8172,8161,8172,11
sniffing,8215,8172,8215,43
rising,8284,8215,8284,69
sniffing,8285,8284,8285,1
walking,8338,8285,8338,53
grooming,8404,8338,8404,66
rearing,8415,8404,8415,11
climbing,8469,8415,8469,54
grooming,8934,8469,8934,465
sniffing,8988,8934,8988,54
grooming,9022,8988,9022,34
left_turning,9056,9022,9056,34
walking,9094,9056,9094,38
stepping,9096,9094,9096,2
trotting,9121,9096,9121,25
stepping,9160,9121,9160,39
walking,9181,9160,9181,21
sniffing,9182,9181,9182,1
rising,9223,9182,9223,41
trotting,9245,9223,9245,22
sniffing,9246,9245,9246,1
left_turning,9264,9246,9264,18
grooming,9343,9264,9343,79
rearing,9367,9343,9367,24
climbing,9417,9367,9417,50
walking,9447,9417,9447,30
sniffing,9476,9447,9476,29
grooming,9516,9476,9516,40
rearing,9613,9516,9613,97
climbing,9668,9613,9668,55
stepping,9677,9668,9677,9
sniffing,9727,9677,9727,50
stepping,9743,9727,9743,16
sniffing,9806,9743,9806,63
stepping,9863,9806,9863,57
grooming,10171,9863,10171,308
climbing,10193,10171,10193,22
grooming,10240,10193,10240,47
sniffing,10273,10240,10273,33
grooming,10346,10273,10346,73
walking,10360,10346,10360,14
stepping,10416,10360,10416,56
rising,10419,10416,10419,3
stepping,10420,10419,10420,1
walking,10440,10420,10440,20
stepping,10463,10440,10463,23
rising,10464,10463,10464,1
walking,10535,10464,10535,71
sniffing,10536,10535,10536,1
rising,10561,10536,10561,25
sniffing,10562,10561,10562,1
grooming,10565,10562,10565,3
rearing,10576,10565,10576,11
grooming,10681,10576,10681,105
scratching,10718,10681,10718,37
sniffing,10847,10718,10847,129
rearing,10856,10847,10856,9
left_turning,10879,10856,10879,23
stepping,10937,10879,10937,58
walking,10941,10937,10941,4
trotting,10969,10941,10969,28
walking,10970,10969,10970,1
stepping,11026,10970,11026,56
sniffing,11095,11026,11095,69
climbing,11143,11095,11143,48
grooming,11301,11143,11301,158
stepping,11328,11301,11328,27
sniffing,11369,11328,11369,41
stepping,11396,11369,11396,27
walking,11443,11396,11443,47
trotting,11448,11443,11448,5
sniffing,11539,11448,11539,91
left_turning,11540,11539,11540,1
walking,11553,11540,11553,13
grooming,11634,11553,11634,81
stepping,11699,11634,11699,65
walking,11727,11699,11727,28
sniffing,11785,11727,11785,58
stepping,11820,11785,11820,35
grooming,12569,11820,12569,749
rearing,12702,12569,12702,133
hunching,12819,12702,12819,117
rearing,13054,12819,13054,235
grooming,13243,13054,13243,189
right_turning,13244,13243,13244,1
sniffing,13330,13244,13330,86
stepping,13343,13330,13343,13
sniffing,13360,13343,13360,17
right_turning,13370,13360,13370,10
stepping,13396,13370,13396,26
rearing,13397,13396,13397,1
sniffing,13425,13397,13425,28
grooming,13734,13425,13734,309
rising,13764,13734,13764,30
stepping,13774,13764,13774,10
grooming,13906,13774,13906,132
hunching,13977,13906,13977,71
rearing,13978,13977,13978,1
grooming,13979,13978,13979,1
left_turning,13980,13979,13980,1
running,14002,13980,14002,22
climbing,14092,14002,14092,90
rearing,14161,14092,14161,69
hunching,14200,14161,14200,39
grooming,14317,14200,14317,117
sniffing,14331,14317,14331,14
stepping,14345,14331,14345,14
sniffing,14362,14345,14362,17
stepping,14376,14362,14376,14
climbing,14412,14376,14412,36
grooming,14598,14412,14598,186
hunching,14692,14598,14692,94
grooming,14837,14692,14837,145
hunching,14838,14837,14838,1
grooming,14888,14838,14888,50
rising,14917,14888,14917,29
grooming,15034,14917,15034,117
walking,15067,15034,15067,33
trotting,15086,15067,15086,19
walking,15103,15086,15103,17
sniffing,15104,15103,15104,1
running,15129,15104,15129,25
walking,15137,15129,15137,8
grooming,15257,15137,15257,120
scratching,15314,15257,15314,57
grooming,15469,15314,15469,155
rearing,15542,15469,15542,73
walking,15543,15542,15543,1
sniffing,15565,15543,15565,22
rising,15645,15565,15645,80
rearing,15682,15645,15682,37
hunching,15713,15682,15713,31
grooming,15956,15713,15956,243
rising,16125,15956,16125,169
sniffing,16134,16125,16134,9
rising,16185,16134,16185,51
stepping,16237,16185,16237,52
rearing,16313,16237,16313,76
hunching,16440,16313,16440,127
rearing,16603,16440,16603,163
hunching,16760,16603,16760,157
rearing,16761,16760,16761,1
grooming,17170,16761,17170,409
rising,17171,17170,17171,1
sniffing,17195,17171,17195,24
walking,17235,17195,17235,40
stepping,17259,17235,17259,24
sniffing,17260,17259,17260,1
rearing,17261,17260,17261,1
climbing,17275,17261,17275,14
grooming,17447,17275,17447,172
trotting,17484,17447,17484,37
walking,17502,17484,17502,18
sniffing,17518,17502,17518,16
stepping,17538,17518,17538,20
rising,17539,17538,17539,1
walking,17545,17539,17545,6
hunching,17797,17545,17797,252
rearing,17853,17797,17853,56
hunching,17974,17853,17974,121
rearing,17975,17974,17975,1
hunching,17978,17975,17978,3
grooming,18192,17978,18192,214
sniffing,18232,18192,18232,40
stepping,18239,18232,18239,7
sniffing,18240,18239,18240,1
grooming,18241,18240,18241,1
walking,18280,18241,18280,39
sniffing,18426,18280,18426,146
right_turning,18461,18426,18461,35
sniffing,18529,18461,18529,68
rising,18681,18529,18681,152
grooming,18750,18681,18750,69
scratching,18755,18750,18755,5
sniffing,18825,18755,18825,70
stepping,18827,18825,18827,2
trotting,18846,18827,18846,19
walking,18847,18846,18847,1
stepping,18881,18847,18881,34
running,18893,18881,18893,12
walking,18917,18893,18917,24
left_turning,18918,18917,18918,1
stepping,18926,18918,18926,8
sniffing,18936,18926,18936,10
walking,18958,18936,18958,22
sniffing,18982,18958,18982,24
walking,19000,18982,19000,18
sniffing,19031,19000,19031,31
stepping,19047,19031,19047,16
sniffing,19083,19047,19083,36
left_turning,19162,19083,19162,79
stepping,19166,19162,19166,4
walking,19200,19166,19200,34
trotting,19215,19200,19215,15
walking,19278,19215,19278,63
stepping,19289,19278,19289,11
rearing,19322,19289,19322,33
grooming,19474,19322,19474,152
stepping,19527,19474,19527,53
grooming,19792,19527,19792,265
walking,19809,19792,19809,17
stepping,19842,19809,19842,33
rearing,19874,19842,19874,32
hunching,19875,19874,19875,1
grooming,20018,19875,20018,143
sniffing,20026,20018,20026,8
left_turning,20066,20026,20066,40
rising,20090,20066,20090,24
grooming,20180,20090,20180,90
stepping,20222,20180,20222,42
climbing,20260,20222,20260,38
sniffing,20307,20260,20307,47
rising,20308,20307,20308,1
climbing,20358,20308,20358,50
left_turning,20383,20358,20383,25
sniffing,20476,20383,20476,93
walking,20506,20476,20506,30
trotting,20511,20506,20511,5
right_turning,20512,20511,20512,1
sniffing,20531,20512,20531,19
grooming,20533,20531,20533,2
left_turning,20538,20533,20538,5
rising,20539,20538,20539,1
sniffing,20639,20539,20639,100
running,20682,20639,20682,43
walking,20741,20682,20741,59
stepping,20848,20741,20848,107
sniffing,20862,20848,20862,14
left_turning,20902,20862,20902,40
walking,20956,20902,20956,54
stepping,20989,20956,20989,33
right_turning,21025,20989,21025,36
walking,21063,21025,21063,38
right_turning,21074,21063,21074,11
walking,21100,21074,21100,26
stepping,21128,21100,21128,28
trotting,21151,21128,21151,23
grooming,21355,21151,21355,204
running,21391,21355,21391,36
sniffing,21423,21391,21423,32
left_turning,21450,21423,21450,27
walking,21471,21450,21471,21
stepping,21521,21471,21521,50
grooming,21692,21521,21692,171
walking,21789,21692,21789,97
sniffing,21804,21789,21804,15
rising,21825,21804,21825,21
sniffing,21869,21825,21869,44
grooming,22635,21869,22635,766
rearing,22652,22635,22652,17
grooming,22786,22652,22786,134
rearing,22860,22786,22860,74
climbing,22904,22860,22904,44
trotting,22905,22904,22905,1
stepping,22907,22905,22907,2
sniffing,22911,22907,22911,4
grooming,22912,22911,22912,1
stepping,22982,22912,22982,70
rearing,23078,22982,23078,96
grooming,23312,23078,23312,234
stepping,23355,23312,23355,43
walking,23383,23355,23383,28
sniffing,23523,23383,23523,140
rearing,23524,23523,23524,1
stepping,23564,23524,23564,40
rising,23573,23564,23573,9
walking,23612,23573,23612,39
left_turning,23616,23612,23616,4
sniffing,23660,23616,23660,44
rising,23661,23660,23661,1
rearing,23662,23661,23662,1
right_turning,23683,23662,23683,21
walking,23711,23683,23711,28
stepping,23714,23711,23714,3
sniffing,23715,23714,23715,1
trotting,23729,23715,23729,14
walking,23780,23729,23780,51
stepping,23875,23780,23875,95
walking,23913,23875,23913,38
grooming,23914,23913,23914,1
sniffing,23966,23914,23966,52
running,24002,23966,24002,36
sniffing,24028,24002,24028,26
hunching,24033,24028,24033,5
rising,24079,24033,24079,46
sniffing,24109,24079,24109,30
stepping,24125,24109,24125,16
walking,24181,24125,24181,56
climbing,24200,24181,24200,19
grooming,24335,24200,24335,135
climbing,24340,24335,24340,5
rearing,24361,24340,24361,21
grooming,24856,24361,24856,495
left_turning,24914,24856,24914,58
rising,24984,24914,24984,70
grooming,25069,24984,25069,85
sniffing,25107,25069,25107,38
right_turning,25144,25107,25144,37
walking,25145,25144,25145,1
rearing,25146,25145,25146,1
climbing,25210,25146,25210,64
grooming,25223,25210,25223,13
rising,25266,25223,25266,43
left_turning,25282,25266,25282,16
walking,25348,25282,25348,66
stepping,25374,25348,25374,26
walking,25411,25374,25411,37
sniffing,25465,25411,25465,54
rising,25595,25465,25595,130
rearing,25631,25595,25631,36
grooming,25800,25631,25800,169
left_turning,25825,25800,25825,25
rearing,25836,25825,25836,11
hunching,25915,25836,25915,79
rearing,25916,25915,25916,1
stepping,25924,25916,25924,8
rising,25966,25924,25966,42
walking,25977,25966,25977,11
hunching,26019,25977,26019,42
rising,26084,26019,26084,65
grooming,26314,26084,26314,230
hunching,26319,26314,26319,5
grooming,26377,26319,26377,58
sniffing,26396,26377,26396,19
grooming,26397,26396,26397,1
rearing,26643,26397,26643,246
walking,26664,26643,26664,21
stepping,26702,26664,26702,38
walking,26709,26702,26709,7
stepping,26734,26709,26734,25
sniffing,26883,26734,26883,149
stepping,26919,26883,26919,36
walking,26965,26919,26965,46
stepping,26985,26965,26985,20
sniffing,27039,26985,27039,54
left_turning,27040,27039,27040,1
walking,27051,27040,27051,11
grooming,27163,27051,27163,112
sniffing,27193,27163,27193,30
walking,27217,27193,27217,24
stepping,27241,27217,27241,24
sniffing,27291,27241,27291,50
trotting,27314,27291,27314,23
right_turning,27356,27314,27356,42
climbing,27447,27356,27447,91
walking,27448,27447,27448,1
rearing,27449,27448,27449,1
walking,27461,27449,27461,12
stepping,27475,27461,27475,14
grooming,27654,27475,27654,179
rearing,27756,27654,27756,102
grooming,27810,27756,27810,54
hunching,27816,27810,27816,6
grooming,27968,27816,27968,152
trotting,27998,27968,27998,30
running,28022,27998,28022,24
rearing,28145,28022,28145,123
climbing,28146,28145,28146,1
sniffing,28190,28146,28190,44
walking,28207,28190,28207,17
rising,28260,28207,28260,53
stepping,28330,28260,28330,70
rising,28407,28330,28407,77
stepping,28444,28407,28444,37
sniffing,28491,28444,28491,47
right_turning,28502,28491,28502,11
stepping,28528,28502,28528,26
rearing,28529,28528,28529,1
grooming,28977,28529,28977,448
hunching,29036,28977,29036,59
grooming,29120,29036,29120,84
rearing,29164,29120,29164,44
hunching,29255,29164,29255,91
grooming,29598,29255,29598,343
hunching,29689,29598,29689,91
grooming,29809,29689,29809,120
climbing,29867,29809,29867,58
sniffing,29899,29867,29899,32
grooming,29945,29899,29945,46
climbing,29960,29945,29960,15
stepping,29997,29960,29997,37
sniffing,30002,29997,30002,5
climbing,30033,30002,30033,31
rising,30075,30033,30075,42
climbing,30091,30075,30091,16
left_turning,30110,30091,30110,19
climbing,30204,30110,30204,94
left_turning,30245,30204,30245,41
rising,30246,30245,30246,1
climbing,30280,30246,30280,34
trotting,30302,30280,30302,22
stepping,30417,30302,30417,115
climbing,30501,30417,30501,84
left_turning,30560,30501,30560,59
rising,30618,30560,30618,58
grooming,30629,30618,30629,11
climbing,30660,30629,30660,31
grooming,30739,30660,30739,79
rearing,30748,30739,30748,9
grooming,30851,30748,30851,103
rearing,31033,30851,31033,182
grooming,31039,31033,31039,6
left_turning,31194,31039,31194,155
grooming,31195,31194,31195,1
sniffing,31198,31195,31198,3
walking,31238,31198,31238,40
sniffing,31401,31238,31401,163
rearing,31483,31401,31483,82
sniffing,31484,31483,31484,1
rising,31563,31484,31563,79
left_turning,31597,31563,31597,34
stepping,31648,31597,31648,51
walking,31705,31648,31705,57
rising,31753,31705,31753,48
climbing,31855,31753,31855,102
right_turning,31860,31855,31860,5
sniffing,31909,31860,31909,49
walking,31940,31909,31940,31
sniffing,31996,31940,31996,56
rising,32004,31996,32004,8
climbing,32028,32004,32028,24
sniffing,32058,32028,32058,30
left_turning,32112,32058,32112,54
walking,32132,32112,32132,20
sniffing,32197,32132,32197,65
stepping,32239,32197,32239,42
sniffing,32249,32239,32249,10
left_turning,32304,32249,32304,55
grooming,32305,32304,32305,1
sniffing,32328,32305,32328,23
rising,32362,32328,32362,34
sniffing,32424,32362,32424,62
walking,32445,32424,32445,21
sniffing,32483,32445,32483,38
stepping,32523,32483,32523,40
grooming,32699,32523,32699,176
rising,32771,32699,32771,72
climbing,32804,32771,32804,33
stepping,32827,32804,32827,23
rising,32865,32827,32865,38
rearing,32935,32865,32935,70
climbing,32964,32935,32964,29
sniffing,32973,32964,32973,9
stepping,32988,32973,32988,15
walking,33015,32988,33015,27
sniffing,33035,33015,33035,20
running,33047,33035,33047,12
sniffing,33049,33047,33049,2
scratching,33075,33049,33075,26
sniffing,33084,33075,33084,9
grooming,33223,33084,33223,139
left_turning,33224,33223,33224,1
grooming,34030,33224,34030,806
hunching,34112,34030,34112,82
grooming,34158,34112,34158,46
rearing,34159,34158,34159,1
hunching,34182,34159,34182,23
grooming,34183,34182,34183,1
climbing,34292,34183,34292,109
left_turning,34351,34292,34351,59
grooming,34719,34351,34719,368
left_turning,34778,34719,34778,59
running,34792,34778,34792,14
stepping,34903,34792,34903,111
sniffing,34922,34903,34922,19
rising,34931,34922,34931,9
climbing,34970,34931,34970,39
running,34979,34970,34979,9
walking,35031,34979,35031,52
sniffing,35074,35031,35074,43
rising,35075,35074,35075,1
grooming,35257,35075,35257,182
rising,35270,35257,35270,13
left_turning,35271,35270,35271,1
grooming,35324,35271,35324,53
climbing,35405,35324,35405,81
sniffing,35429,35405,35429,24
stepping,35433,35429,35433,4
right_turning,35438,35433,35438,5
running,35462,35438,35462,24
walking,35472,35462,35472,10
stepping,35536,35472,35536,64
sniffing,35577,35536,35577,41
left_turning,35603,35577,35603,26
trotting,35628,35603,35628,25
walking,35650,35628,35650,22
rising,35687,35650,35687,37
hunching,35688,35687,35688,1
grooming,35865,35688,35865,177
left_turning,35877,35865,35877,12
rearing,35913,35877,35913,36
sniffing,35914,35913,35914,1
climbing,35973,35914,35973,59
trotting,35992,35973,35992,19
sniffing,36049,35992,36049,57
walking,36071,36049,36071,22
sniffing,36089,36071,36089,18
left_turning,36091,36089,36091,2
walking,36128,36091,36128,37
sniffing,36258,36128,36258,130
stepping,36293,36258,36293,35
sniffing,36316,36293,36316,23
grooming,36317,36316,36317,1
rearing,36385,36317,36385,68
left_turning,36440,36385,36440,55
sniffing,36544,36440,36544,104
stepping,36554,36544,36554,10
sniffing,36606,36554,36606,52
rising,36652,36606,36652,46
trotting,36686,36652,36686,34
sniffing,36700,36686,36700,14
trotting,36718,36700,36718,18
stepping,36738,36718,36738,20
right_turning,36747,36738,36747,9
walking,36753,36747,36753,6
sniffing,36765,36753,36765,12
right_turning,36796,36765,36796,31
grooming,37189,36796,37189,393
stepping,37203,37189,37203,14
rearing,37204,37203,37204,1
sniffing,37224,37204,37224,20
grooming,37255,37224,37255,31
rising,37299,37255,37299,44
sniffing,37310,37299,37310,11
rising,37351,37310,37351,41
climbing,37367,37351,37367,16
sniffing,37400,37367,37400,33
left_turning,37426,37400,37426,26
walking,37427,37426,37427,1
stepping,37428,37427,37428,1
walking,37456,37428,37456,28
sniffing,37522,37456,37522,66
grooming,37564,37522,37564,42
sniffing,37667,37564,37667,103
right_turning,37683,37667,37683,16
walking,37700,37683,37700,17
left_turning,37701,37700,37701,1
stepping,37713,37701,37713,12
sniffing,37714,37713,37714,1
rearing,37715,37714,37715,1
grooming,37841,37715,37841,126
walking,37849,37841,37849,8
stepping,37875,37849,37875,26
sniffing,37885,37875,37885,10
walking,37923,37885,37923,38
rising,37953,37923,37953,30
climbing,37954,37953,37954,1
grooming,37997,37954,37997,43
left_turning,38034,37997,38034,37
walking,38047,38034,38047,13
sniffing,38164,38047,38164,117
walking,38227,38164,38227,63
sniffing,38281,38227,38281,54
grooming,38855,38281,38855,574
walking,38859,38855,38859,4
sniffing,38916,38859,38916,57
walking,38948,38916,38948,32
grooming,39023,38948,39023,75
walking,39047,39023,39047,24
stepping,39070,39047,39070,23
rising,39082,39070,39082,12
sniffing,39083,39082,39083,1
stepping,39144,39083,39144,61
grooming,39178,39144,39178,34
climbing,39224,39178,39224,46
walking,39225,39224,39225,1
sniffing,39249,39225,39249,24
grooming,39281,39249,39281,32
scratching,39357,39281,39357,76
sniffing,39430,39357,39430,73
right_turning,39449,39430,39449,19
walking,39450,39449,39450,1
right_turning,39472,39450,39472,22
sniffing,39510,39472,39510,38
rising,39511,39510,39511,1
climbing,39550,39511,39550,39
right_turning,39561,39550,39561,11
jumping,39604,39561,39604,43
running,39614,39604,39614,10
sniffing,39640,39614,39640,26
walking,39647,39640,39647,7
running,39666,39647,39666,19
sniffing,39706,39666,39706,40
grooming,39794,39706,39794,88
climbing,39855,39794,39855,61
sniffing,39862,39855,39862,7
left_turning,39882,39862,39882,20
stepping,39895,39882,39895,13
sniffing,39961,39895,39961,66
stepping,39980,39961,39980,19
sniffing,39997,39980,39997,17
stepping,40005,39997,40005,8
sniffing,40035,40005,40035,30
left_turning,40056,40035,40056,21
sniffing,40072,40056,40072,16
rearing,40141,40072,40141,69
grooming,40142,40141,40142,1
rearing,40143,40142,40143,1
running,40182,40143,40182,39
walking,40210,40182,40210,28
stepping,40230,40210,40230,20
sniffing,40231,40230,40231,1
rising,40245,40231,40245,14
sniffing,40278,40245,40278,33
stepping,40279,40278,40279,1
grooming,40304,40279,40304,25
rearing,40339,40304,40339,35
hunching,40359,40339,40359,20
left_turning,40403,40359,40403,44
trotting,40434,40403,40434,31
walking,40442,40434,40442,8
climbing,40484,40442,40484,42
trotting,40501,40484,40501,17
sniffing,40522,40501,40522,21
grooming,40963,40522,40963,441
stepping,40964,40963,40964,1
right_turning,40983,40964,40983,19
walking,41010,40983,41010,27
right_turning,41011,41010,41011,1
sniffing,41053,41011,41053,42
rising,41080,41053,41080,27
stepping,41082,41080,41082,2
sniffing,41149,41082,41149,67
stepping,41150,41149,41150,1
sniffing,41175,41150,41175,25
grooming,41473,41175,41473,298
right_turning,41495,41473,41495,22
sniffing,41551,41495,41551,56
walking,41567,41551,41567,16
stepping,41575,41567,41575,8
rising,41609,41575,41609,34
left_turning,41626,41609,41626,17
stepping,41651,41626,41651,25
walking,41681,41651,41681,30
stepping,41732,41681,41732,51
grooming,41733,41732,41733,1
left_turning,41734,41733,41734,1
climbing,41795,41734,41795,61
left_turning,41894,41795,41894,99
stepping,41925,41894,41925,31
left_turning,41970,41925,41970,45
walking,42008,41970,42008,38
right_turning,42033,42008,42033,25
sniffing,42090,42033,42090,57
grooming,42283,42090,42283,193
left_turning,42300,42283,42300,17
sniffing,42355,42300,42355,55
rising,42400,42355,42400,45
walking,42409,42400,42409,9
rising,42483,42409,42483,74
grooming,42484,42483,42484,1
sniffing,42488,42484,42488,4
grooming,42520,42488,42520,32
sniffing,42600,42520,42600,80
stepping,42601,42600,42601,1
grooming,42707,42601,42707,106
stepping,42709,42707,42709,2
rising,42710,42709,42710,1
rearing,42781,42710,42781,71
grooming,42797,42781,42797,16
sniffing,42844,42797,42844,47
stepping,42869,42844,42869,25
rearing,42905,42869,42905,36
grooming,42977,42905,42977,72
running,42995,42977,42995,18
sniffing,43020,42995,43020,25
grooming,43042,43020,43042,22
walking,43079,43042,43079,37
stepping,43104,43079,43104,25
right_turning,43106,43104,43106,2
walking,43113,43106,43113,7
rising,43158,43113,43158,45
rearing,43165,43158,43165,7
grooming,43844,43165,43844,679
sniffing,43850,43844,43850,6
grooming,43965,43850,43965,115
sniffing,44018,43965,44018,53
grooming,44019,44018,44019,1
climbing,44072,44019,44072,53
walking,44084,44072,44084,12
rearing,44101,44084,44101,17
left_turning,44162,44101,44162,61
sniffing,44202,44162,44202,40
rising,44229,44202,44229,27
walking,44261,44229,44261,32
stepping,44272,44261,44272,11
pausing,44423,44272,44423,151
sniffing,44441,44423,44441,18
walking,44463,44441,44463,22
sniffing,44523,44463,44523,60
rising,44562,44523,44562,39
rearing,44624,44562,44624,62
grooming,44625,44624,44625,1
trotting,44669,44625,44669,44
running,44690,44669,44690,21
walking,44724,44690,44724,34
sniffing,44780,44724,44780,56
rearing,44844,44780,44844,64
climbing,44848,44844,44848,4
left_turning,44877,44848,44877,29
walking,44913,44877,44913,36
rearing,44914,44913,44914,1
grooming,44915,44914,44915,1
sniffing,44960,44915,44960,45
stepping,44987,44960,44987,27
trotting,45030,44987,45030,43
rising,45088,45030,45088,58
climbing,45144,45088,45144,56
walking,45181,45144,45181,37
sniffing,45182,45181,45182,1
rising,45187,45182,45187,5
sniffing,45271,45187,45271,84
stepping,45342,45271,45342,71
sniffing,45390,45342,45390,48
right_turning,45406,45390,45406,16
sniffing,45461,45406,45461,55
rearing,45473,45461,45473,12
sniffing,45513,45473,45513,40
right_turning,45546,45513,45546,33
climbing,45580,45546,45580,34
grooming,45669,45580,45669,89
hunching,45670,45669,45670,1
grooming,45671,45670,45671,1
rearing,45744,45671,45744,73
walking,45766,45744,45766,22
stepping,45810,45766,45810,44
walking,45811,45810,45811,1
sniffing,45827,45811,45827,16
left_turning,45859,45827,45859,32
trotting,45879,45859,45879,20
stepping,45905,45879,45905,26
sniffing,45958,45905,45958,53
walking,45999,45958,45999,41
stepping,46106,45999,46106,107
walking,46156,46106,46156,50
sniffing,46223,46156,46223,67
stepping,46225,46223,46225,2
walking,46255,46225,46255,30
grooming,46586,46255,46586,331
left_turning,46587,46586,46587,1
walking,46588,46587,46588,1
sniffing,46589,46588,46589,1
walking,46590,46589,46590,1
sniffing,46618,46590,46618,28
rising,46655,46618,46655,37
rearing,46696,46655,46696,41
grooming,46697,46696,46697,1
rearing,46728,46697,46728,31
left_turning,46752,46728,46752,24
grooming,46753,46752,46753,1
sniffing,46778,46753,46778,25
scratching,46779,46778,46779,1
grooming,47269,46779,47269,490
hunching,47284,47269,47284,15
rearing,47285,47284,47285,1
sniffing,47396,47285,47396,111
grooming,47397,47396,47397,1
sniffing,47478,47397,47478,81
right_turning,47498,47478,47498,20
walking,47534,47498,47534,36
sniffing,47535,47534,47535,1
right_turning,47554,47535,47554,19
sniffing,47555,47554,47555,1
walking,47608,47555,47608,53
sniffing,47614,47608,47614,6
trotting,47630,47614,47630,16
walking,47651,47630,47651,21
running,47691,47651,47691,40
stepping,47709,47691,47709,18
sniffing,47773,47709,47773,64
walking,47823,47773,47823,50
sniffing,47889,47823,47889,66
grooming,48196,47889,48196,307
climbing,48249,48196,48249,53
running,48266,48249,48266,17
climbing,48329,48266,48329,63
grooming,48514,48329,48514,185
stepping,48557,48514,48557,43
right_turning,48574,48557,48574,17
trotting,48597,48574,48597,23
left_turning,48651,48597,48651,54
sniffing,48655,48651,48655,4
scratching,48690,48655,48690,35
left_turning,48781,48690,48781,91
walking,48813,48781,48813,32
sniffing,48870,48813,48870,57
grooming,48871,48870,48871,1
walking,48912,48871,48912,41
stepping,48913,48912,48913,1
walking,48975,48913,48975,62
sniffing,49011,48975,49011,36
right_turning,49030,49011,49030,19
sniffing,49069,49030,49069,39
left_turning,49085,49069,49085,16
walking,49086,49085,49086,1
sniffing,49180,49086,49180,94
running,49194,49180,49194,14
sniffing,49260,49194,49260,66
grooming,49357,49260,49357,97
rising,49358,49357,49358,1
rearing,49359,49358,49359,1
grooming,50382,49359,50382,1023
hunching,50467,50382,50467,85
grooming,50701,50467,50701,234
sniffing,50760,50701,50760,59
walking,50762,50760,50762,2
stepping,50777,50762,50777,15
sniffing,50794,50777,50794,17
stepping,50832,50794,50832,38
running,50872,50832,50872,40
sniffing,50904,50872,50904,32
rising,50905,50904,50905,1
grooming,50934,50905,50934,29
stepping,50957,50934,50957,23
grooming,50959,50957,50959,2
rising,50982,50959,50982,23
climbing,51023,50982,51023,41
sniffing,51064,51023,51064,41
stepping,51065,51064,51065,1
grooming,51287,51065,51287,222
stepping,51389,51287,51389,102
walking,51414,51389,51414,25
stepping,51418,51414,51418,4
running,51442,51418,51442,24
walking,51475,51442,51475,33
rising,51480,51475,51480,5
grooming,52233,51480,52233,753
walking,52258,52233,52258,25
stepping,52269,52258,52269,11
rising,52270,52269,52270,1
left_turning,52326,52270,52326,56
grooming,52327,52326,52327,1
stepping,52356,52327,52356,29
right_turning,52357,52356,52357,1
stepping,52363,52357,52363,6
right_turning,52390,52363,52390,27
sniffing,52539,52390,52539,149
left_turning,52659,52539,52659,120
running,52682,52659,52682,23
rising,52723,52682,52723,41
grooming,52794,52723,52794,71
left_turning,52834,52794,52834,40
walking,52848,52834,52848,14
stepping,52862,52848,52862,14
walking,52917,52862,52917,55
grooming,52984,52917,52984,67
walking,53005,52984,53005,21
trotting,53044,53005,53044,39
sniffing,53173,53044,53173,129
walking,53209,53173,53209,36
stepping,53273,53209,53273,64
right_turning,53293,53273,53293,20
walking,53351,53293,53351,58
sniffing,53355,53351,53355,4
left_turning,53422,53355,53422,67
walking,53434,53422,53434,12
stepping,53487,53434,53487,53
walking,53510,53487,53510,23
rising,53563,53510,53563,53
grooming,53864,53563,53864,301
rearing,53872,53864,53872,8
sniffing,53937,53872,53937,65
right_turning,53970,53937,53970,33
sniffing,54031,53970,54031,61
right_turning,54032,54031,54032,1
sniffing,54033,54032,54033,1
stepping,54073,54033,54073,40
sniffing,54141,54073,54141,68
left_turning,54185,54141,54185,44
sniffing,54205,54185,54205,20
right_turning,54228,54205,54228,23
stepping,54256,54228,54256,28
sniffing,54392,54256,54392,136
stepping,54421,54392,54421,29
sniffing,54422,54421,54422,1
rearing,54502,54422,54502,80
grooming,54924,54502,54924,422
sniffing,54956,54924,54956,32
stepping,55015,54956,55015,59
hunching,55112,55015,55112,97
right_turning,55129,55112,55129,17
sniffing,55184,55129,55184,55
left_turning,55185,55184,55185,1
walking,55186,55185,55186,1
sniffing,55274,55186,55274,88
rising,55275,55274,55275,1
climbing,55293,55275,55293,18
grooming,55294,55293,55294,1
walking,55341,55294,55341,47
right_turning,55354,55341,55354,13
trotting,55368,55354,55368,14
rising,55404,55368,55404,36
grooming,55405,55404,55405,1
rearing,55406,55405,55406,1
grooming,55453,55406,55453,47
sniffing,55526,55453,55526,73
rearing,55571,55526,55571,45
sniffing,55655,55571,55655,84
stepping,55673,55655,55673,18
walking,55687,55673,55687,14
sniffing,55874,55687,55874,187
stepping,55890,55874,55890,16
sniffing,55922,55890,55922,32
stepping,55950,55922,55950,28
rising,55991,55950,55991,41
climbing,56006,55991,56006,15
walking,56021,56006,56021,15
sniffing,56137,56021,56137,116
rising,56162,56137,56162,25
sniffing,56206,56162,56206,44
walking,56220,56206,56220,14
stepping,56235,56220,56235,15
left_turning,56277,56235,56277,42
walking,56297,56277,56297,20
stepping,56350,56297,56350,53
trotting,56391,56350,56391,41
sniffing,56533,56391,56533,142
left_turning,56601,56533,56601,68
rising,56619,56601,56619,18
grooming,56638,56619,56638,19
running,56654,56638,56654,16
sniffing,56709,56654,56709,55
left_turning,56745,56709,56745,36
hunching,56820,56745,56820,75
right_turning,56834,56820,56834,14
stepping,56861,56834,56861,27
sniffing,56904,56861,56904,43
grooming,57125,56904,57125,221
left_turning,57181,57125,57181,56
stepping,57224,57181,57224,43
sniffing,57225,57224,57225,1
left_turning,57228,57225,57228,3
walking,57275,57228,57275,47
stepping,57317,57275,57317,42
walking,57349,57317,57349,32
sniffing,57430,57349,57430,81
stepping,57438,57430,57438,8
walking,57452,57438,57452,14
sniffing,57668,57452,57668,216
rearing,57705,57668,57705,37
walking,57717,57705,57717,12
sniffing,57763,57717,57763,46
hunching,57814,57763,57814,51
rising,57886,57814,57886,72
sniffing,57923,57886,57923,37
rearing,57974,57923,57974,51
grooming,58007,57974,58007,33
rearing,58281,58007,58281,274
right_turning,58301,58281,58301,20
sniffing,58335,58301,58335,34
grooming,58336,58335,58336,1
sniffing,58379,58336,58379,43
grooming,58493,58379,58493,114
walking,58512,58493,58512,19
rising,58566,58512,58566,54
sniffing,58583,58566,58583,17
grooming,58911,58583,58911,328
left_turning,58912,58911,58912,1
sniffing,58960,58912,58960,48
grooming,59118,58960,59118,158
scratching,59119,59118,59119,1
sniffing,59158,59119,59158,39
grooming,59457,59158,59457,299
rearing,59458,59457,59458,1
right_turning,59467,59458,59467,9
sniffing,59493,59467,59493,26
walking,59534,59493,59534,41
sniffing,59662,59534,59662,128
stepping,59665,59662,59665,3
walking,59691,59665,59691,26
stepping,59723,59691,59723,32
trotting,59752,59723,59752,29
walking,59787,59752,59787,35
stepping,59824,59787,59824,37
sniffing,59892,59824,59892,68
rearing,59911,59892,59911,19
grooming,60006,59911,60006,95
rearing,60007,60006,60007,1
climbing,60023,60007,60023,16
trotting,60074,60023,60074,51
sniffing,60075,60074,60075,1
right_turning,60090,60075,60090,15
walking,60167,60090,60167,77
sniffing,60209,60167,60209,42
grooming,60229,60209,60229,20
sniffing,60230,60229,60230,1
walking,60271,60230,60271,41
stepping,60340,60271,60340,69
sniffing,60427,60340,60427,87
rearing,60454,60427,60454,27
running,60475,60454,60475,21
rising,60476,60475,60476,1
right_turning,60479,60476,60479,3
sniffing,60622,60479,60622,143
rearing,60683,60622,60683,61
grooming,60778,60683,60778,95
rising,60787,60778,60787,9
sniffing,60791,60787,60791,4
left_turning,60826,60791,60826,35
walking,60839,60826,60839,13
sniffing,60866,60839,60866,27
grooming,60880,60866,60880,14
sniffing,60938,60880,60938,58
stepping,60960,60938,60960,22
walking,60980,60960,60980,20
rising,60986,60980,60986,6
right_turning,61004,60986,61004,18
stepping,61032,61004,61032,28
sniffing,61039,61032,61039,7
rearing,61172,61039,61172,133
rising,61173,61172,61173,1
climbing,61176,61173,61176,3
left_turning,61207,61176,61207,31
sniffing,61259,61207,61259,52
walking,61266,61259,61266,7
stepping,61300,61266,61300,34
sniffing,61339,61300,61339,39
stepping,61368,61339,61368,29
grooming,61493,61368,61493,125
rearing,61494,61493,61494,1
walking,61495,61494,61495,1
sniffing,61508,61495,61508,13
walking,61513,61508,61513,5
sniffing,61552,61513,61552,39
climbing,61566,61552,61566,14
grooming,61623,61566,61623,57
walking,61651,61623,61651,28
rearing,61652,61651,61652,1
climbing,61693,61652,61693,41
walking,61701,61693,61701,8
sniffing,61791,61701,61791,90
walking,61803,61791,61803,12
sniffing,61922,61803,61922,119
stepping,61923,61922,61923,1
sniffing,62022,61923,62022,99
left_turning,62030,62022,62030,8
walking,62080,62030,62080,50
sniffing,62081,62080,62081,1
walking,62102,62081,62102,21
sniffing,62136,62102,62136,34
rising,62154,62136,62154,18
hunching,62180,62154,62180,26
rearing,62423,62180,62423,243
grooming,62555,62423,62555,132
hunching,62556,62555,62556,1
grooming,62771,62556,62771,215
stepping,62877,62771,62877,106
trotting,62898,62877,62898,21
sniffing,62913,62898,62913,15
grooming,63105,62913,63105,192
rearing,63106,63105,63106,1
grooming,63261,63106,63261,155
rearing,63327,63261,63327,66
left_turning,63422,63327,63422,95
trotting,63442,63422,63442,20
sniffing,63481,63442,63481,39
trotting,63498,63481,63498,17
sniffing,63499,63498,63499,1
stepping,63502,63499,63502,3
walking,63509,63502,63509,7
sniffing,63522,63509,63522,13
grooming,63634,63522,63634,112
stepping,63676,63634,63676,42
sniffing,63721,63676,63721,45
left_turning,63768,63721,63768,47
grooming,63838,63768,63838,70
hunching,63928,63838,63928,90
stepping,63934,63928,63934,6
trotting,63964,63934,63964,30
sniffing,63965,63964,63965,1
walking,63983,63965,63983,18
grooming,64138,63983,64138,155
rearing,64154,64138,64154,16
sniffing,64165,64154,64165,11
right_turning,64171,64165,64171,6
sniffing,64267,64171,64267,96
grooming,64360,64267,64360,93
hunching,64434,64360,64434,74
left_turning,64462,64434,64462,28
right_turning,64475,64462,64475,13
walking,64484,64475,64484,9
sniffing,64504,64484,64504,20
left_turning,64505,64504,64505,1
walking,64531,64505,64531,26
trotting,64562,64531,64562,31
climbing,64625,64562,64625,63
stepping,64690,64625,64690,65
sniffing,64714,64690,64714,24
rising,64740,64714,64740,26
sniffing,64779,64740,64779,39
scratching,64780,64779,64780,1
grooming,64993,64780,64993,213
rearing,64997,64993,64997,4
sniffing,64998,64997,64998,1
walking,65044,64998,65044,46
sniffing,65118,65044,65118,74
grooming,65119,65118,65119,1
rearing,65163,65119,65163,44
climbing,65208,65163,65208,45
trotting,65236,65208,65236,28
walking,65245,65236,65245,9
sniffing,65267,65245,65267,22
stepping,65275,65267,65275,8
sniffing,65337,65275,65337,62
rearing,65420,65337,65420,83
climbing,65441,65420,65441,21
rearing,65473,65441,65473,32
grooming,65554,65473,65554,81
rearing,65722,65554,65722,168
rising,65723,65722,65723,1
climbing,65758,65723,65758,35
stepping,65786,65758,65786,28
rising,65809,65786,65809,23
climbing,65821,65809,65821,12
grooming,65863,65821,65863,42
rearing,65866,65863,65866,3
hunching,65945,65866,65945,79
grooming,66125,65945,66125,180
left_turning,66152,66125,66152,27
stepping,66181,66152,66181,29
climbing,66196,66181,66196,15
rising,66226,66196,66226,30
walking,66302,66226,66302,76
stepping,66352,66302,66352,50
rising,66404,66352,66404,52
climbing,66409,66404,66409,5
grooming,66539,66409,66539,130
rearing,66596,66539,66596,57
climbing,66604,66596,66604,8
rising,66620,66604,66620,16
sniffing,66692,66620,66692,72
stepping,66723,66692,66723,31
sniffing,66724,66723,66724,1
left_turning,66751,66724,66751,27
walking,66752,66751,66752,1
trotting,66794,66752,66794,42
walking,66842,66794,66842,48
rising,66851,66842,66851,9
sniffing,66852,66851,66852,1
climbing,66882,66852,66882,30
grooming,66883,66882,66883,1
stepping,66922,66883,66922,39
rising,66938,66922,66938,16
climbing,66973,66938,66973,35
rising,66980,66973,66980,7
sniffing,67065,66980,67065,85
rising,67130,67065,67130,65
climbing,67199,67130,67199,69
rising,67200,67199,67200,1
climbing,67211,67200,67211,11
grooming,67535,67211,67535,324
sniffing,67598,67535,67598,63
grooming,67805,67598,67805,207
climbing,67860,67805,67860,55
grooming,67861,67860,67861,1
rearing,67868,67861,67868,7
climbing,67869,67868,67869,1
grooming,67870,67869,67870,1
hunching,67929,67870,67929,59
sniffing,67940,67929,67940,11
walking,67946,67940,67946,6
sniffing,68031,67946,68031,85
rising,68032,68031,68032,1
sniffing,68072,68032,68072,40
stepping,68076,68072,68076,4
climbing,68106,68076,68106,30
running,68138,68106,68138,32
trotting,68175,68138,68175,37
running,68207,68175,68207,32
trotting,68222,68207,68222,15
walking,68296,68222,68296,74
trotting,68327,68296,68327,31
walking,68347,68327,68347,20
sniffing,68426,68347,68426,79
right_turning,68432,68426,68432,6
walking,68478,68432,68478,46
sniffing,68534,68478,68534,56
walking,68545,68534,68545,11
stepping,68596,68545,68596,51
sniffing,68669,68596,68669,73
walking,68770,68669,68770,101
sniffing,68818,68770,68818,48
rearing,68851,68818,68851,33
grooming,68898,68851,68898,47
rearing,68899,68898,68899,1
stepping,68931,68899,68931,32
sniffing,68969,68931,68969,38
rising,69004,68969,69004,35
rearing,69100,69004,69100,96
grooming,69134,69100,69134,34
hunching,69227,69134,69227,93
grooming,69228,69227,69228,1
stepping,69248,69228,69248,20
sniffing,69249,69248,69249,1
rearing,69304,69249,69304,55
stepping,69306,69304,69306,2
walking,69330,69306,69330,24
grooming,69407,69330,69407,77
walking,69434,69407,69434,27
sniffing,69472,69434,69472,38
walking,69484,69472,69484,12
running,69516,69484,69516,32
sniffing,69805,69516,69805,289
trotting,69839,69805,69839,34
walking,69840,69839,69840,1
sniffing,69866,69840,69866,26
stepping,69898,69866,69898,32
grooming,69979,69898,69979,81
scratching,70032,69979,70032,53
walking,70109,70032,70109,77
grooming,70532,70109,70532,423
sniffing,70533,70532,70533,1
rising,70566,70533,70566,33
left_turning,70618,70566,70618,52
walking,70680,70618,70680,62
trotting,70724,70680,70724,44
stepping,70761,70724,70761,37
rearing,70965,70761,70965,204
grooming,71148,70965,71148,183
sniffing,71223,71148,71223,75
stepping,71253,71223,71253,30
sniffing,71360,71253,71360,107
rearing,71456,71360,71456,96
grooming,71517,71456,71517,61
hunching,71518,71517,71518,1
sniffing,71599,71518,71599,81
rising,71633,71599,71633,34
rearing,71669,71633,71669,36
hunching,71726,71669,71726,57
grooming,71868,71726,71868,142
rearing,71881,71868,71881,13
rising,71888,71881,71888,7
climbing,71932,71888,71932,44
running,71960,71932,71960,28
sniffing,71961,71960,71961,1
right_turning,71995,71961,71995,34
running,72008,71995,72008,13
walking,72017,72008,72017,9
sniffing,72035,72017,72035,18
left_turning,72141,72035,72141,106
sniffing,72191,72141,72191,50
stepping,72204,72191,72204,13
grooming,72527,72204,72527,323
left_turning,72528,72527,72528,1
walking,72551,72528,72551,23
rising,72627,72551,72627,76
climbing,72663,72627,72663,36
stepping,72670,72663,72670,7
grooming,72719,72670,72719,49
stepping,72738,72719,72738,19
sniffing,72804,72738,72804,66
rising,72805,72804,72805,1
climbing,72836,72805,72836,31
rising,72869,72836,72869,33
climbing,72919,72869,72919,50
grooming,72920,72919,72920,1
scratching,72921,72920,72921,1
left_turning,72954,72921,72954,33
walking,72962,72954,72962,8
stepping,72971,72962,72971,9
running,73007,72971,73007,36
stepping,73015,73007,73015,8
sniffing,73016,73015,73016,1
left_turning,73017,73016,73017,1
walking,73028,73017,73028,11
left_turning,73041,73028,73041,13
walking,73068,73041,73068,27
climbing,73106,73068,73106,38
right_turning,73122,73106,73122,16
stepping,73130,73122,73130,8
sniffing,73185,73130,73185,55
walking,73223,73185,73223,38
sniffing,73256,73223,73256,33
rising,73341,73256,73341,85
walking,73359,73341,73359,18
stepping,73371,73359,73371,12
walking,73404,73371,73404,33
right_turning,73416,73404,73416,12
walking,73419,73416,73419,3
trotting,73440,73419,73440,21
left_turning,73557,73440,73557,117
scratching,73626,73557,73626,69
sniffing,73728,73626,73728,102
stepping,73745,73728,73745,17
sniffing,73747,73745,73747,2
climbing,73768,73747,73768,21
rearing,73794,73768,73794,26
sniffing,73858,73794,73858,64
left_turning,73900,73858,73900,42
stepping,73902,73900,73902,2
rising,73903,73902,73903,1
sniffing,73947,73903,73947,44
stepping,73971,73947,73971,24
rearing,74000,73971,74000,29
climbing,74013,74000,74013,13
grooming,74216,74013,74216,203
stepping,74240,74216,74240,24
sniffing,74263,74240,74263,23
rising,74296,74263,74296,33
walking,74297,74296,74297,1
sniffing,74321,74297,74321,24
stepping,74357,74321,74357,36
grooming,74560,74357,74560,203
sniffing,74584,74560,74584,24
stepping,74638,74584,74638,54
rearing,74653,74638,74653,15
climbing,74693,74653,74693,40
rearing,74859,74693,74859,166
hunching,74904,74859,74904,45
grooming,75252,74904,75252,348
sniffing,75293,75252,75293,41
scratching,75468,75293,75468,175
grooming,75469,75468,75469,1
sniffing,75524,75469,75524,55
right_turning,75540,75524,75540,16
sniffing,75541,75540,75541,1
rising,75553,75541,75553,12
climbing,75586,75553,75586,33
walking,75621,75586,75621,35
stepping,75652,75621,75652,31
walking,75684,75652,75684,32
sniffing,75685,75684,75685,1
rising,75709,75685,75709,24
sniffing,75719,75709,75719,10
left_turning,75720,75719,75720,1
grooming,76732,75720,76732,1012
walking,76736,76732,76736,4
stepping,76744,76736,76744,8
trotting,76751,76744,76751,7
walking,76783,76751,76783,32
sniffing,76854,76783,76854,71
right_turning,76883,76854,76883,29
trotting,76897,76883,76897,14
sniffing,76933,76897,76933,36
stepping,76938,76933,76938,5
walking,76995,76938,76995,57
sniffing,76996,76995,76996,1
walking,76997,76996,76997,1
left_turning,77027,76997,77027,30
walking,77028,77027,77028,1
rising,77039,77028,77039,11
left_turning,77052,77039,77052,13
trotting,77072,77052,77072,20
sniffing,77073,77072,77073,1
stepping,77092,77073,77092,19
walking,77144,77092,77144,52
rearing,77323,77144,77323,179
grooming,77324,77323,77324,1
rearing,77409,77324,77409,85
climbing,77414,77409,77414,5
walking,77458,77414,77458,44
sniffing,77459,77458,77459,1
stepping,77460,77459,77460,1
walking,77474,77460,77474,14
rearing,77526,77474,77526,52
grooming,77527,77526,77527,1
left_turning,77536,77527,77536,9
sniffing,77593,77536,77593,57
right_turning,77594,77593,77594,1
sniffing,77619,77594,77619,25
walking,77620,77619,77620,1
sniffing,77660,77620,77660,40
trotting,77693,77660,77693,33
stepping,77710,77693,77710,17
sniffing,77774,77710,77774,64
walking,77788,77774,77788,14
sniffing,77851,77788,77851,63
stepping,77900,77851,77900,49
sniffing,77915,77900,77915,15
rearing,77916,77915,77916,1
left_turning,78002,77916,78002,86
grooming,78205,78002,78205,203
left_turning,78223,78205,78223,18
sniffing,78228,78223,78228,5
rising,78283,78228,78283,55
sniffing,78351,78283,78351,68
walking,78374,78351,78374,23
grooming,78565,78374,78565,191
stepping,78601,78565,78601,36
sniffing,78602,78601,78602,1
right_turning,78622,78602,78622,20
sniffing,78708,78622,78708,86
rising,78721,78708,78721,13
climbing,78760,78721,78760,39
walking,78886,78760,78886,126
sniffing,78906,78886,78906,20
walking,78908,78906,78908,2
sniffing,78972,78908,78972,64
right_turning,78976,78972,78976,4
sniffing,79066,78976,79066,90
grooming,79233,79066,79233,167
sniffing,79236,79233,79236,3
walking,79251,79236,79251,15
stepping,79263,79251,79263,12
sniffing,79311,79263,79311,48
walking,79368,79311,79368,57
stepping,79386,79368,79386,18
sniffing,79432,79386,79432,46
walking,79433,79432,79433,1
stepping,79464,79433,79464,31
rearing,79465,79464,79465,1
rising,79489,79465,79489,24
climbing,79493,79489,79493,4
left_turning,79507,79493,79507,14
sniffing,79508,79507,79508,1
running,79529,79508,79529,21
walking,79554,79529,79554,25
sniffing,79601,79554,79601,47
walking,79624,79601,79624,23
sniffing,79640,79624,79640,16
rearing,79677,79640,79677,37
grooming,79678,79677,79678,1
hunching,79750,79678,79750,72
grooming,79927,79750,79927,177
walking,79941,79927,79941,14
right_turning,79956,79941,79956,15
rearing,80039,79956,80039,83
hunching,80098,80039,80098,59
grooming,80099,80098,80099,1
rearing,80100,80099,80100,1
climbing,80125,80100,80125,25
sniffing,80200,80125,80200,75
walking,80226,80200,80226,26
sniffing,80254,80226,80254,28
grooming,80307,80254,80307,53
sniffing,80355,80307,80355,48
stepping,80386,80355,80386,31
left_turning,80398,80386,80398,12
walking,80452,80398,80452,54
sniffing,80453,80452,80453,1
stepping,80531,80453,80531,78
right_turning,80533,80531,80533,2
trotting,80553,80533,80553,20
walking,80593,80553,80593,40
stepping,80644,80593,80644,51
walking,80657,80644,80657,13
stepping,80666,80657,80666,9
rearing,80746,80666,80746,80
running,80756,80746,80756,10
walking,80781,80756,80781,25
stepping,80794,80781,80794,13
walking,80832,80794,80832,38
stepping,80861,80832,80861,29
left_turning,80987,80861,80987,126
sniffing,80988,80987,80988,1
stepping,81003,80988,81003,15
walking,81009,81003,81009,6
left_turning,81158,81009,81158,149
running,81175,81158,81175,17
trotting,81196,81175,81196,21
walking,81221,81196,81221,25
sniffing,81260,81221,81260,39
rearing,81310,81260,81310,50
rising,81360,81310,81360,50
climbing,81396,81360,81396,36
rearing,81421,81396,81421,25
rising,81468,81421,81468,47
sniffing,81541,81468,81541,73
walking,81543,81541,81543,2
sniffing,81559,81543,81559,16
walking,81567,81559,81567,8
sniffing,81604,81567,81604,37
stepping,81658,81604,81658,54
sniffing,81678,81658,81678,20
grooming,81757,81678,81757,79
rearing,81883,81757,81883,126
hunching,81884,81883,81884,1
sniffing,81914,81884,81914,30
walking,81933,81914,81933,19
rearing,81934,81933,81934,1
climbing,81951,81934,81951,17
stepping,81953,81951,81953,2
trotting,81962,81953,81962,9
walking,81968,81962,81968,6
stepping,81991,81968,81991,23
sniffing,82052,81991,82052,61
rising,82074,82052,82074,22
left_turning,82121,82074,82121,47
trotting,82140,82121,82140,19
sniffing,82195,82140,82195,55
stepping,82253,82195,82253,58
sniffing,82266,82253,82266,13
grooming,82393,82266,82393,127
scratching,82502,82393,82502,109
grooming,82893,82502,82893,391
rearing,83059,82893,83059,166
sniffing,83070,83059,83070,11
trotting,83100,83070,83100,30
walking,83111,83100,83111,11
climbing,83163,83111,83163,52
grooming,83333,83163,83333,170
hunching,83537,83333,83537,204
rising,83554,83537,83554,17
climbing,83577,83554,83577,23
left_turning,83599,83577,83599,22
sniffing,83609,83599,83609,10
rising,83610,83609,83610,1
rearing,83611,83610,83611,1
grooming,83651,83611,83651,40
rearing,83703,83651,83703,52
grooming,83826,83703,83826,123
climbing,83859,83826,83859,33
left_turning,83895,83859,83895,36
grooming,84198,83895,84198,303
rearing,84253,84198,84253,55
climbing,84315,84253,84315,62
grooming,84316,84315,84316,1
rearing,84380,84316,84380,64
climbing,84409,84380,84409,29
rising,84424,84409,84424,15
rearing,84460,84424,84460,36
grooming,84584,84460,84584,124
running,84633,84584,84633,49
walking,84634,84633,84634,1
rearing,84694,84634,84694,60
right_turning,84718,84694,84718,24
stepping,84740,84718,84740,22
rising,84759,84740,84759,19
sniffing,84760,84759,84760,1
stepping,84761,84760,84761,1
sniffing,84776,84761,84776,15
rearing,84868,84776,84868,92
sniffing,84886,84868,84886,18
grooming,85149,84886,85149,263
rearing,85232,85149,85232,83
sniffing,85280,85232,85280,48
rising,85293,85280,85293,13
sniffing,85389,85293,85389,96
grooming,85390,85389,85390,1
rearing,85499,85390,85499,109
rising,85520,85499,85520,21
rearing,85615,85520,85615,95
rising,85674,85615,85674,59
grooming,86151,85674,86151,477
rearing,86197,86151,86197,46
climbing,86230,86197,86230,33
hunching,86350,86230,86350,120
grooming,86396,86350,86396,46
trotting,86403,86396,86403,7
rising,86424,86403,86424,21
climbing,86461,86424,86461,37
stepping,86520,86461,86520,59
climbing,86555,86520,86555,35
rising,86596,86555,86596,41
walking,86607,86596,86607,11
stepping,86611,86607,86611,4
grooming,86913,86611,86913,302
rearing,87022,86913,87022,109
hunching,87077,87022,87077,55
rearing,87137,87077,87137,60
hunching,87203,87137,87203,66
walking,87224,87203,87224,21
grooming,87231,87224,87231,7
sniffing,87242,87231,87242,11
climbing,87286,87242,87286,44
rearing,87366,87286,87366,80
climbing,87397,87366,87397,31
rearing,87398,87397,87398,1
grooming,87404,87398,87404,6
sniffing,87449,87404,87449,45
rearing,87579,87449,87579,130
sniffing,87582,87579,87582,3
stepping,87633,87582,87633,51
trotting,87659,87633,87659,26
walking,87674,87659,87674,15
sniffing,87683,87674,87683,9
rising,87684,87683,87684,1
climbing,87725,87684,87725,41
trotting,87748,87725,87748,23
sniffing,87749,87748,87749,1
running,87759,87749,87759,10
sniffing,87808,87759,87808,49
trotting,87868,87808,87868,60
stepping,87919,87868,87919,51
rising,87921,87919,87921,2
rearing,87922,87921,87922,1
stepping,87951,87922,87951,29
sniffing,88061,87951,88061,110
stepping,88071,88061,88071,10
walking,88072,88071,88072,1
sniffing,88073,88072,88073,1
walking,88119,88073,88119,46
sniffing,88163,88119,88163,44
grooming,88337,88163,88337,174
left_turning,88344,88337,88344,7
grooming,88345,88344,88345,1
climbing,88385,88345,88385,40
grooming,88386,88385,88386,1
climbing,88454,88386,88454,68
grooming,88644,88454,88644,190
sniffing,88645,88644,88645,1
walking,88653,88645,88653,8
running,88664,88653,88664,11
walking,88695,88664,88695,31
sniffing,88771,88695,88771,76
rearing,88883,88771,88883,112
climbing,88913,88883,88913,30
grooming,88985,88913,88985,72
left_turning,88993,88985,88993,8
sniffing,89040,88993,89040,47
walking,89094,89040,89094,54
stepping,89095,89094,89095,1
trotting,89119,89095,89119,24
stepping,89123,89119,89123,4
sniffing,89149,89123,89149,26
left_turning,89172,89149,89172,23
walking,89201,89172,89201,29
sniffing,89240,89201,89240,39
grooming,89260,89240,89260,20
left_turning,89261,89260,89261,1
sniffing,89262,89261,89262,1
walking,89327,89262,89327,65
sniffing,89394,89327,89394,67
rising,89417,89394,89417,23
sniffing,89500,89417,89500,83
walking,89507,89500,89507,7
sniffing,89508,89507,89508,1
grooming,90531,89508,90531,1023
rearing,90580,90531,90580,49
grooming,90816,90580,90816,236
hunching,90839,90816,90839,23
grooming,91065,90839,91065,226
walking,91092,91065,91092,27
trotting,91103,91092,91103,11
stepping,91104,91103,91104,1
walking,91139,91104,91139,35
rising,91220,91139,91220,81
stepping,91239,91220,91239,19
sniffing,91275,91239,91275,36
rising,91316,91275,91316,41
climbing,91354,91316,91354,38
trotting,91369,91354,91369,15
rising,91389,91369,91389,20
sniffing,91406,91389,91406,17
right_turning,91420,91406,91420,14
sniffing,91451,91420,91451,31
walking,91490,91451,91490,39
sniffing,91563,91490,91563,73
grooming,91564,91563,91564,1
hunching,91590,91564,91590,26
grooming,91591,91590,91591,1
sniffing,91614,91591,91614,23
walking,91669,91614,91669,55
stepping,91713,91669,91713,44
walking,91749,91713,91749,36
trotting,91789,91749,91789,40
stepping,91811,91789,91811,22
trotting,91840,91811,91840,29
sniffing,91953,91840,91953,113
rising,91991,91953,91991,38
sniffing,92005,91991,92005,14
stepping,92017,92005,92017,12
walking,92051,92017,92051,34
stepping,92083,92051,92083,32
grooming,92151,92083,92151,68
sniffing,92172,92151,92172,21
running,92200,92172,92200,28
walking,92215,92200,92215,15
sniffing,92274,92215,92274,59
walking,92344,92274,92344,70
stepping,92360,92344,92360,16
sniffing,92392,92360,92392,32
walking,92426,92392,92426,34
hunching,92490,92426,92490,64
grooming,92667,92490,92667,177
walking,92695,92667,92695,28
trotting,92704,92695,92704,9
rearing,92904,92704,92904,200
hunching,93042,92904,93042,138
walking,93045,93042,93045,3
sniffing,93100,93045,93100,55
left_turning,93240,93100,93240,140
rising,93304,93240,93304,64
left_turning,93305,93304,93305,1
rearing,93358,93305,93358,53
sniffing,93419,93358,93419,61
grooming,93516,93419,93516,97
walking,93531,93516,93531,15
sniffing,93589,93531,93589,58
stepping,93613,93589,93613,24
grooming,93991,93613,93991,378
hunching,94231,93991,94231,240
rearing,94302,94231,94302,71
sniffing,94394,94302,94394,92
grooming,94471,94394,94471,77
walking,94493,94471,94493,22
stepping,94512,94493,94512,19
rising,94518,94512,94518,6
sniffing,94664,94518,94664,146
walking,94665,94664,94665,1
sniffing,94746,94665,94746,81
left_turning,94748,94746,94748,2
rising,94771,94748,94771,23
left_turning,94772,94771,94772,1
grooming,94776,94772,94776,4
rearing,94783,94776,94783,7
left_turning,94784,94783,94784,1
scratching,94904,94784,94904,120
sniffing,94909,94904,94909,5
rising,94934,94909,94934,25
left_turning,94979,94934,94979,45
rearing,95202,94979,95202,223
right_turning,95216,95202,95216,14
stepping,95248,95216,95248,32
running,95269,95248,95269,21
stepping,95277,95269,95277,8
sniffing,95323,95277,95323,46
right_turning,95325,95323,95325,2
trotting,95352,95325,95352,27
sniffing,95367,95352,95367,15
left_turning,95390,95367,95390,23
sniffing,95452,95390,95452,62
rising,95486,95452,95486,34
trotting,95495,95486,95495,9
rising,95536,95495,95536,41
rearing,95586,95536,95586,50
rising,95634,95586,95634,48
left_turning,95664,95634,95664,30
sniffing,95728,95664,95728,64
walking,95761,95728,95761,33
stepping,95763,95761,95763,2
rising,95764,95763,95764,1
stepping,95792,95764,95792,28
sniffing,95801,95792,95801,9
walking,95814,95801,95814,13
rising,95841,95814,95841,27
sniffing,95906,95841,95906,65
walking,95922,95906,95922,16
running,95952,95922,95952,30
trotting,95962,95952,95962,10
stepping,96025,95962,96025,63
sniffing,96132,96025,96132,107
walking,96148,96132,96148,16
left_turning,96171,96148,96171,23
stepping,96181,96171,96181,10
walking,96197,96181,96197,16
stepping,96235,96197,96235,38
rising,96249,96235,96249,14
sniffing,96318,96249,96318,69
stepping,96330,96318,96330,12
left_turning,96393,96330,96393,63
sniffing,96416,96393,96416,23
stepping,96443,96416,96443,27
sniffing,96534,96443,96534,91
walking,96552,96534,96552,18
running,96571,96552,96571,19
trotting,96597,96571,96597,26
sniffing,96616,96597,96616,19
stepping,96634,96616,96634,18
rising,96662,96634,96662,28
rearing,96663,96662,96663,1
hunching,96751,96663,96751,88
left_turning,96884,96751,96884,133
grooming,96885,96884,96885,1
sniffing,96958,96885,96958,73
left_turning,97016,96958,97016,58
walking,97044,97016,97044,28
stepping,97063,97044,97063,19
sniffing,97064,97063,97064,1
walking,97085,97064,97085,21
sniffing,97157,97085,97157,72
stepping,97206,97157,97206,49
walking,97224,97206,97224,18
rising,97231,97224,97231,7
rearing,97244,97231,97244,13
rising,97301,97244,97301,57
grooming,97446,97301,97446,145
rearing,97498,97446,97498,52
climbing,97516,97498,97516,18
left_turning,97517,97516,97517,1
walking,97534,97517,97534,17
sniffing,97580,97534,97580,46
rising,97593,97580,97593,13
grooming,97738,97593,97738,145
trotting,97766,97738,97766,28
stepping,97789,97766,97789,23
rearing,97790,97789,97790,1
left_turning,97824,97790,97824,34
walking,97896,97824,97896,72
sniffing,98048,97896,98048,152
stepping,98064,98048,98064,16
grooming,98087,98064,98087,23
rearing,98088,98087,98088,1
walking,98108,98088,98108,20
climbing,98148,98108,98148,40
rising,98163,98148,98163,15
sniffing,98231,98163,98231,68
rising,98241,98231,98241,10
rearing,98245,98241,98245,4
walking,98294,98245,98294,49
stepping,98312,98294,98312,18
sniffing,98313,98312,98313,1
stepping,98354,98313,98354,41
sniffing,98380,98354,98380,26
walking,98402,98380,98402,22
sniffing,98405,98402,98405,3
stepping,98406,98405,98406,1
left_turning,98477,98406,98477,71
walking,98479,98477,98479,2
climbing,98514,98479,98514,35
rearing,98567,98514,98567,53
grooming,99536,98567,99536,969
hunching,99668,99536,99668,132
rearing,99690,99668,99690,22
grooming,99793,99690,99793,103
rearing,99837,99793,99837,44
rising,99849,99837,99849,12
grooming,99885,99849,99885,36
hunching,99991,99885,99991,106
left_turning,100065,99991,100065,74
grooming,100134,100065,100134,69
stepping,100165,100134,100165,31
trotting,100212,100165,100212,47
sniffing,100221,100212,100221,9
left_turning,100310,100221,100310,89
rising,100314,100310,100314,4
sniffing,100351,100314,100351,37
rearing,100377,100351,100377,26
sniffing,100454,100377,100454,77
right_turning,100461,100454,100461,7
sniffing,100462,100461,100462,1
walking,100463,100462,100463,1
sniffing,100464,100463,100464,1
rising,100562,100464,100562,98
rearing,100712,100562,100712,150
grooming,100751,100712,100751,39
sniffing,100763,100751,100763,12
left_turning,100792,100763,100792,29
walking,100818,100792,100818,26
sniffing,100886,100818,100886,68
left_turning,100951,100886,100951,65
rearing,100972,100951,100972,21
climbing,101027,100972,101027,55
rising,101076,101027,101076,49
left_turning,101090,101076,101090,14
sniffing,101144,101090,101144,54
stepping,101192,101144,101192,48
rearing,101313,101192,101313,121
rising,101314,101313,101314,1
grooming,101362,101314,101362,48
left_turning,101402,101362,101402,40
walking,101404,101402,101404,2
sniffing,101496,101404,101496,92
stepping,101519,101496,101519,23
walking,101521,101519,101521,2
sniffing,101522,101521,101522,1
grooming,101889,101522,101889,367
rearing,101958,101889,101958,69
hunching,102122,101958,102122,164
grooming,102416,102122,102416,294
rising,102419,102416,102419,3
grooming,102420,102419,102420,1
hunching,102434,102420,102434,14
left_turning,102450,102434,102450,16
sniffing,102516,102450,102516,66
scratching,102586,102516,102586,70
sniffing,102587,102586,102587,1
grooming,102620,102587,102620,33
running,102641,102620,102641,21
walking,102657,102641,102657,16
rising,102684,102657,102684,27
grooming,102953,102684,102953,269
rearing,102954,102953,102954,1
climbing,102964,102954,102964,10
rearing,103063,102964,103063,99
hunching,103180,103063,103180,117
rearing,103205,103180,103205,25
sniffing,103247,103205,103247,42
rising,103248,103247,103248,1
sniffing,103294,103248,103294,46
grooming,103319,103294,103319,25
rearing,103559,103319,103559,240
sniffing,103601,103559,103601,42
rising,103621,103601,103621,20
sniffing,103633,103621,103633,12
rising,103634,103633,103634,1
climbing,103668,103634,103668,34
rearing,103742,103668,103742,74
scratching,103770,103742,103770,28
sniffing,103782,103770,103782,12
stepping,103825,103782,103825,43
sniffing,103826,103825,103826,1
left_turning,103827,103826,103827,1
rising,103864,103827,103864,37
stepping,103898,103864,103898,34
rising,103927,103898,103927,29
sniffing,103969,103927,103969,42
left_turning,103981,103969,103981,12
scratching,104057,103981,104057,76
sniffing,104188,104057,104188,131
left_turning,104251,104188,104251,63
sniffing,104252,104251,104252,1
rearing,104348,104252,104348,96
sniffing,104381,104348,104381,33
rising,104389,104381,104389,8
grooming,104696,104389,104696,307
scratching,104811,104696,104811,115
rising,104812,104811,104812,1
scratching,104850,104812,104850,38
grooming,105608,104850,105608,758
walking,105638,105608,105638,30
rearing,105639,105638,105639,1
climbing,105645,105639,105645,6
rearing,105704,105645,105704,59
grooming,105946,105704,105946,242
scratching,105957,105946,105957,11
grooming,105958,105957,105958,1
hunching,106035,105958,106035,77
rearing,106048,106035,106048,13
rising,106059,106048,106059,11
sniffing,106101,106059,106101,42
stepping,106119,106101,106119,18
sniffing,106130,106119,106130,11
rising,106199,106130,106199,69
grooming,106360,106199,106360,161
left_turning,106406,106360,106406,46
stepping,106420,106406,106420,14
sniffing,106477,106420,106477,57
left_turning,106509,106477,106509,32
sniffing,106653,106509,106653,144
grooming,106699,106653,106699,46
rearing,106727,106699,106727,28
grooming,106808,106727,106808,81
rearing,106841,106808,106841,33
rising,106881,106841,106881,40
grooming,106882,106881,106882,1
sniffing,106883,106882,106883,1
walking,106902,106883,106902,19
right_turning,106911,106902,106911,9
walking,106952,106911,106952,41
stepping,106969,106952,106969,17
sniffing,106970,106969,106970,1
walking,106984,106970,106984,14
left_turning,107000,106984,107000,16
walking,107001,107000,107001,1
sniffing,107038,107001,107038,37
left_turning,107077,107038,107077,39
sniffing,107160,107077,107160,83
trotting,107178,107160,107178,18
sniffing,107188,107178,107188,10
rising,107215,107188,107215,27
grooming,107362,107215,107362,147
climbing,107428,107362,107428,66
left_turning,107435,107428,107435,7
rearing,107469,107435,107469,34
hunching,107500,107469,107500,31
sniffing,107515,107500,107515,15
rising,107542,107515,107542,27
climbing,107556,107542,107556,14
stepping,107564,107556,107564,8
sniffing,107575,107564,107575,11
rising,107604,107575,107604,29
sniffing,107677,107604,107677,73
left_turning,107678,107677,107678,1
stepping,107740,107678,107740,62
sniffing,107789,107740,107789,49
rising,107827,107789,107827,38
sniffing,107916,107827,107916,89
grooming,107964,107916,107964,48
sniffing,108000,107964,108000,36
