revised_movement_label,segBoundary,segBoundary_start,segBoundary_end,length
sniffing,78,0,78,78
stepping,115,78,115,37
sniffing,145,115,145,30
running,161,145,161,16
rising,290,161,290,129
sniffing,291,290,291,1
stepping,316,291,316,25
rising,331,316,331,15
left_turning,355,331,355,24
walking,430,355,430,75
rising,482,430,482,52
grooming,636,482,636,154
sniffing,675,636,675,39
stepping,718,675,718,43
sniffing,719,718,719,1
stepping,720,719,720,1
sniffing,721,720,721,1
rising,862,721,862,141
running,871,862,871,9
stepping,921,871,921,50
sniffing,955,921,955,34
right_turning,972,955,972,17
trotting,973,972,973,1
rising,1003,973,1003,30
stepping,1014,1003,1014,11
walking,1051,1014,1051,37
sniffing,1220,1051,1220,169
trotting,1240,1220,1240,20
sniffing,1348,1240,1348,108
trotting,1366,1348,1366,18
walking,1374,1366,1374,8
trotting,1389,1374,1389,15
sniffing,1432,1389,1432,43
rising,1439,1432,1439,7
walking,1447,1439,1447,8
stepping,1495,1447,1495,48
rising,1504,1495,1504,9
walking,1516,1504,1516,12
stepping,1526,1516,1526,10
walking,1561,1526,1561,35
stepping,1606,1561,1606,45
trotting,1637,1606,1637,31
running,1652,1637,1652,15
stepping,1667,1652,1667,15
walking,1699,1667,1699,32
rearing,1733,1699,1733,34
sniffing,1784,1733,1784,51
stepping,1813,1784,1813,29
rising,1896,1813,1896,83
grooming,2048,1896,2048,152
walking,2061,2048,2061,13
left_turning,2099,2061,2099,38
sniffing,2121,2099,2121,22
left_turning,2129,2121,2129,8
trotting,2134,2129,2134,5
walking,2161,2134,2161,27
stepping,2182,2161,2182,21
walking,2230,2182,2230,48
stepping,2231,2230,2231,1
walking,2317,2231,2317,86
stepping,2348,2317,2348,31
sniffing,2412,2348,2412,64
grooming,2470,2412,2470,58
hunching,2527,2470,2527,57
stepping,2577,2527,2577,50
walking,2591,2577,2591,14
sniffing,2628,2591,2628,37
walking,2653,2628,2653,25
sniffing,2760,2653,2760,107
rising,2794,2760,2794,34
rearing,3074,2794,3074,280
grooming,3075,3074,3075,1
rearing,3162,3075,3162,87
grooming,3163,3162,3163,1
trotting,3181,3163,3181,18
walking,3258,3181,3258,77
running,3274,3258,3274,16
stepping,3290,3274,3290,16
walking,3312,3290,3312,22
stepping,3317,3312,3317,5
sniffing,3364,3317,3364,47
grooming,3365,3364,3365,1
left_turning,3366,3365,3366,1
rearing,3372,3366,3372,6
rising,3378,3372,3378,6
sniffing,3439,3378,3439,61
running,3468,3439,3468,29
sniffing,3530,3468,3530,62
climbing,3568,3530,3568,38
rearing,3569,3568,3569,1
grooming,4008,3569,4008,439
sniffing,4012,4008,4012,4
rising,4027,4012,4027,15
sniffing,4058,4027,4058,31
stepping,4075,4058,4075,17
left_turning,4105,4075,4105,30
stepping,4144,4105,4144,39
sniffing,4209,4144,4209,65
left_turning,4272,4209,4272,63
walking,4298,4272,4298,26
stepping,4318,4298,4318,20
sniffing,4387,4318,4387,69
rising,4412,4387,4412,25
stepping,4438,4412,4438,26
walking,4453,4438,4453,15
sniffing,4454,4453,4454,1
right_turning,4482,4454,4482,28
trotting,4524,4482,4524,42
walking,4607,4524,4607,83
sniffing,4635,4607,4635,28
stepping,4679,4635,4679,44
sniffing,4727,4679,4727,48
walking,4728,4727,4728,1
stepping,4752,4728,4752,24
rising,4769,4752,4769,17
trotting,4778,4769,4778,9
walking,4787,4778,4787,9
sniffing,4821,4787,4821,34
rising,4903,4821,4903,82
sniffing,4913,4903,4913,10
stepping,4941,4913,4941,28
walking,4996,4941,4996,55
trotting,5032,4996,5032,36
walking,5051,5032,5051,19
sniffing,5107,5051,5107,56
stepping,5108,5107,5108,1
rising,5150,5108,5150,42
sniffing,5193,5150,5193,43
walking,5220,5193,5220,27
left_turning,5253,5220,5253,33
sniffing,5324,5253,5324,71
running,5362,5324,5362,38
trotting,5397,5362,5397,35
stepping,5414,5397,5414,17
sniffing,5462,5414,5462,48
rising,5523,5462,5523,61
left_turning,5537,5523,5537,14
rearing,5561,5537,5561,24
grooming,5933,5561,5933,372
climbing,5967,5933,5967,34
hunching,6202,5967,6202,235
climbing,6236,6202,6236,34
right_turning,6237,6236,6237,1
stepping,6274,6237,6274,37
rising,6293,6274,6293,19
sniffing,6300,6293,6300,7
stepping,6327,6300,6327,27
walking,6374,6327,6374,47
sniffing,6447,6374,6447,73
left_turning,6502,6447,6502,55
sniffing,6522,6502,6522,20
rising,6572,6522,6572,50
sniffing,6630,6572,6630,58
rising,6702,6630,6702,72
sniffing,6703,6702,6703,1
stepping,6747,6703,6747,44
walking,6766,6747,6766,19
sniffing,6799,6766,6799,33
stepping,6817,6799,6817,18
right_turning,6832,6817,6832,15
sniffing,6848,6832,6848,16
rising,6882,6848,6882,34
stepping,6907,6882,6907,25
walking,6935,6907,6935,28
trotting,6961,6935,6961,26
walking,7000,6961,7000,39
sniffing,7041,7000,7041,41
grooming,7042,7041,7042,1
right_turning,7072,7042,7072,30
walking,7082,7072,7082,10
sniffing,7149,7082,7149,67
rising,7249,7149,7249,100
grooming,7335,7249,7335,86
sniffing,7377,7335,7377,42
rearing,7378,7377,7378,1
grooming,7484,7378,7484,106
trotting,7514,7484,7514,30
running,7534,7514,7534,20
trotting,7556,7534,7556,22
rising,7560,7556,7560,4
walking,7633,7560,7633,73
sniffing,7657,7633,7657,24
rising,7678,7657,7678,21
climbing,7706,7678,7706,28
left_turning,7719,7706,7719,13
walking,7736,7719,7736,17
rising,7737,7736,7737,1
trotting,7758,7737,7758,21
stepping,7788,7758,7788,30
walking,7823,7788,7823,35
sniffing,7914,7823,7914,91
rearing,7996,7914,7996,82
grooming,8261,7996,8261,265
rearing,8432,8261,8432,171
hunching,8518,8432,8518,86
rising,8553,8518,8553,35
sniffing,8599,8553,8599,46
rising,8653,8599,8653,54
climbing,8687,8653,8687,34
hunching,8708,8687,8708,21
stepping,8722,8708,8722,14
rising,8882,8722,8882,160
sniffing,8913,8882,8913,31
rising,8958,8913,8958,45
sniffing,8966,8958,8966,8
walking,9007,8966,9007,41
stepping,9021,9007,9021,14
sniffing,9093,9021,9093,72
running,9119,9093,9119,26
rising,9150,9119,9150,31
grooming,9151,9150,9151,1
left_turning,9152,9151,9152,1
sniffing,9217,9152,9217,65
walking,9241,9217,9241,24
sniffing,9242,9241,9242,1
stepping,9286,9242,9286,44
rising,9390,9286,9390,104
climbing,9448,9390,9448,58
walking,9478,9448,9478,30
sniffing,9565,9478,9565,87
climbing,9642,9565,9642,77
sniffing,9643,9642,9643,1
right_turning,9646,9643,9646,3
rising,9647,9646,9647,1
grooming,10378,9647,10378,731
rising,10382,10378,10382,4
grooming,10383,10382,10383,1
walking,10412,10383,10412,29
stepping,10450,10412,10450,38
walking,10521,10450,10521,71
climbing,10565,10521,10565,44
right_turning,10591,10565,10591,26
sniffing,10602,10591,10602,11
walking,10643,10602,10643,41
sniffing,10662,10643,10662,19
stepping,10690,10662,10690,28
grooming,10842,10690,10842,152
rearing,10899,10842,10899,57
grooming,11026,10899,11026,127
running,11030,11026,11030,4
walking,11076,11030,11076,46
sniffing,11100,11076,11100,24
climbing,11135,11100,11135,35
left_turning,11167,11135,11167,32
grooming,11811,11167,11811,644
hunching,11891,11811,11891,80
rearing,11959,11891,11959,68
grooming,12168,11959,12168,209
rising,12169,12168,12169,1
rearing,12170,12169,12170,1
hunching,12285,12170,12285,115
grooming,12505,12285,12505,220
right_turning,12525,12505,12525,20
walking,12559,12525,12559,34
trotting,12580,12559,12580,21
stepping,12620,12580,12620,40
grooming,13079,12620,13079,459
trotting,13108,13079,13108,29
sniffing,13122,13108,13122,14
trotting,13139,13122,13139,17
grooming,13140,13139,13140,1
left_turning,13145,13140,13145,5
running,13170,13145,13170,25
trotting,13191,13170,13191,21
sniffing,13265,13191,13265,74
climbing,13296,13265,13296,31
stepping,13297,13296,13297,1
rising,13382,13297,13382,85
sniffing,13414,13382,13414,32
stepping,13427,13414,13427,13
rising,13449,13427,13449,22
grooming,13549,13449,13549,100
stepping,13573,13549,13573,24
grooming,13574,13573,13574,1
left_turning,13593,13574,13593,19
sniffing,13631,13593,13631,38
left_turning,13669,13631,13669,38
walking,13712,13669,13712,43
stepping,13713,13712,13713,1
rising,13847,13713,13847,134
walking,13853,13847,13853,6
rising,13884,13853,13884,31
sniffing,13972,13884,13972,88
walking,14005,13972,14005,33
left_turning,14033,14005,14033,28
grooming,14138,14033,14138,105
rearing,14198,14138,14198,60
walking,14225,14198,14225,27
stepping,14242,14225,14242,17
rising,14243,14242,14243,1
rearing,14310,14243,14310,67
grooming,14412,14310,14412,102
rising,14413,14412,14413,1
grooming,14414,14413,14414,1
rising,14440,14414,14440,26
sniffing,14475,14440,14475,35
walking,14491,14475,14491,16
sniffing,14537,14491,14537,46
climbing,14592,14537,14592,55
grooming,14593,14592,14593,1
climbing,14657,14593,14657,64
grooming,14658,14657,14658,1
rising,14705,14658,14705,47
left_turning,14716,14705,14716,11
climbing,14750,14716,14750,34
sniffing,14768,14750,14768,18
grooming,14924,14768,14924,156
rearing,14972,14924,14972,48
left_turning,14992,14972,14992,20
rising,15053,14992,15053,61
sniffing,15157,15053,15157,104
climbing,15207,15157,15207,50
sniffing,15208,15207,15208,1
grooming,15452,15208,15452,244
stepping,15471,15452,15471,19
trotting,15508,15471,15508,37
walking,15521,15508,15521,13
stepping,15587,15521,15587,66
sniffing,15590,15587,15590,3
grooming,16161,15590,16161,571
walking,16162,16161,16162,1
grooming,16163,16162,16163,1
hunching,16287,16163,16287,124
rearing,16638,16287,16638,351
grooming,16682,16638,16682,44
sniffing,16737,16682,16737,55
stepping,16766,16737,16766,29
rearing,16909,16766,16909,143
rising,17092,16909,17092,183
sniffing,17128,17092,17128,36
stepping,17137,17128,17137,9
rising,17194,17137,17194,57
walking,17233,17194,17233,39
stepping,17266,17233,17266,33
grooming,17562,17266,17562,296
left_turning,17580,17562,17580,18
running,17600,17580,17600,20
sniffing,17606,17600,17606,6
rising,17607,17606,17607,1
stepping,17664,17607,17664,57
right_turning,17665,17664,17665,1
trotting,17695,17665,17695,30
walking,17738,17695,17738,43
rising,17739,17738,17739,1
rearing,17792,17739,17792,53
grooming,17793,17792,17793,1
left_turning,17803,17793,17803,10
running,17841,17803,17841,38
trotting,17912,17841,17912,71
rising,17939,17912,17939,27
stepping,17940,17939,17940,1
grooming,17941,17940,17941,1
walking,17989,17941,17989,48
rising,18020,17989,18020,31
climbing,18084,18020,18084,64
left_turning,18103,18084,18103,19
stepping,18150,18103,18150,47
rising,18155,18150,18155,5
sniffing,18173,18155,18173,18
grooming,18813,18173,18813,640
sniffing,18923,18813,18923,110
left_turning,18976,18923,18976,53
grooming,18977,18976,18977,1
hunching,19040,18977,19040,63
rearing,19056,19040,19056,16
sniffing,19101,19056,19101,45
grooming,19178,19101,19178,77
left_turning,19206,19178,19206,28
sniffing,19308,19206,19308,102
walking,19344,19308,19344,36
stepping,19353,19344,19353,9
sniffing,19378,19353,19378,25
stepping,19396,19378,19396,18
rising,19400,19396,19400,4
sniffing,19403,19400,19403,3
walking,19421,19403,19421,18
sniffing,19485,19421,19485,64
rearing,19506,19485,19506,21
rising,19564,19506,19564,58
grooming,19851,19564,19851,287
rearing,19852,19851,19852,1
rising,19853,19852,19853,1
stepping,19899,19853,19899,46
walking,19900,19899,19900,1
hunching,19901,19900,19901,1
grooming,20069,19901,20069,168
right_turning,20086,20069,20086,17
sniffing,20097,20086,20097,11
walking,20154,20097,20154,57
grooming,20495,20154,20495,341
climbing,20524,20495,20524,29
sniffing,20563,20524,20563,39
rising,20648,20563,20648,85
hunching,20649,20648,20649,1
rearing,20657,20649,20657,8
grooming,20658,20657,20658,1
running,20697,20658,20697,39
sniffing,20806,20697,20806,109
grooming,20882,20806,20882,76
walking,20903,20882,20903,21
sniffing,20946,20903,20946,43
rising,20981,20946,20981,35
walking,21026,20981,21026,45
stepping,21047,21026,21047,21
grooming,21159,21047,21159,112
sniffing,21160,21159,21160,1
right_turning,21187,21160,21187,27
stepping,21237,21187,21237,50
rearing,21345,21237,21345,108
grooming,21346,21345,21346,1
climbing,21357,21346,21357,11
trotting,21400,21357,21400,43
sniffing,21462,21400,21462,62
rearing,21533,21462,21533,71
climbing,21584,21533,21584,51
sniffing,21585,21584,21585,1
grooming,21785,21585,21785,200
sniffing,21788,21785,21788,3
rising,21821,21788,21821,33
hunching,21917,21821,21917,96
stepping,21983,21917,21983,66
left_turning,22005,21983,22005,22
right_turning,22024,22005,22024,19
climbing,22064,22024,22064,40
stepping,22065,22064,22065,1
rising,22102,22065,22102,37
left_turning,22114,22102,22114,12
stepping,22130,22114,22130,16
walking,22167,22130,22167,37
sniffing,22168,22167,22168,1
left_turning,22180,22168,22180,12
grooming,22310,22180,22310,130
walking,22320,22310,22320,10
sniffing,22355,22320,22355,35
grooming,22500,22355,22500,145
stepping,22513,22500,22513,13
right_turning,22523,22513,22523,10
sniffing,22569,22523,22569,46
right_turning,22584,22569,22584,15
walking,22623,22584,22623,39
sniffing,22689,22623,22689,66
walking,22709,22689,22709,20
sniffing,22740,22709,22740,31
walking,22809,22740,22809,69
stepping,22837,22809,22837,28
rising,22867,22837,22867,30
climbing,22894,22867,22894,27
rising,22944,22894,22944,50
rearing,23109,22944,23109,165
walking,23126,23109,23126,17
rearing,23127,23126,23127,1
hunching,23151,23127,23151,24
grooming,23312,23151,23312,161
walking,23374,23312,23374,62
sniffing,23445,23374,23445,71
rising,23480,23445,23480,35
climbing,23489,23480,23489,9
walking,23499,23489,23499,10
climbing,23530,23499,23530,31
walking,23553,23530,23553,23
left_turning,23567,23553,23567,14
trotting,23573,23567,23573,6
sniffing,23583,23573,23583,10
right_turning,23589,23583,23589,6
rising,23594,23589,23594,5
sniffing,23664,23594,23664,70
rising,23673,23664,23673,9
climbing,23705,23673,23705,32
trotting,23707,23705,23707,2
sniffing,23772,23707,23772,65
grooming,23880,23772,23880,108
sniffing,24160,23880,24160,280
rising,24187,24160,24187,27
sniffing,24289,24187,24289,102
rearing,24383,24289,24383,94
rising,24440,24383,24440,57
stepping,24478,24440,24478,38
walking,24502,24478,24502,24
sniffing,24544,24502,24544,42
walking,24553,24544,24553,9
sniffing,24554,24553,24554,1
hunching,24651,24554,24651,97
rearing,24715,24651,24715,64
grooming,24742,24715,24742,27
hunching,24773,24742,24773,31
grooming,24836,24773,24836,63
sniffing,24985,24836,24985,149
walking,24989,24985,24989,4
rising,24990,24989,24990,1
grooming,25069,24990,25069,79
left_turning,25079,25069,25079,10
grooming,25195,25079,25195,116
hunching,25196,25195,25196,1
rising,25204,25196,25204,8
walking,25223,25204,25223,19
sniffing,25271,25223,25271,48
walking,25305,25271,25305,34
hunching,25393,25305,25393,88
grooming,26117,25393,26117,724
hunching,26171,26117,26171,54
climbing,26243,26171,26243,72
left_turning,26302,26243,26302,59
sniffing,26359,26302,26359,57
rising,26373,26359,26373,14
climbing,26409,26373,26409,36
left_turning,26454,26409,26454,45
walking,26478,26454,26478,24
stepping,26517,26478,26517,39
sniffing,26547,26517,26547,30
walking,26575,26547,26575,28
sniffing,26631,26575,26631,56
rising,26677,26631,26677,46
grooming,26678,26677,26678,1
rearing,26719,26678,26719,41
hunching,26789,26719,26789,70
grooming,26790,26789,26790,1
rising,26910,26790,26910,120
sniffing,26975,26910,26975,65
walking,26980,26975,26980,5
sniffing,26999,26980,26999,19
hunching,27115,26999,27115,116
grooming,27204,27115,27204,89
rising,27216,27204,27216,12
sniffing,27309,27216,27309,93
stepping,27323,27309,27323,14
grooming,27337,27323,27337,14
rearing,27358,27337,27358,21
grooming,27573,27358,27573,215
climbing,27589,27573,27589,16
stepping,27607,27589,27607,18
right_turning,27611,27607,27611,4
walking,27665,27611,27665,54
sniffing,27674,27665,27674,9
rising,27730,27674,27730,56
sniffing,27808,27730,27808,78
grooming,28174,27808,28174,366
left_turning,28175,28174,28175,1
trotting,28204,28175,28204,29
walking,28267,28204,28267,63
sniffing,28300,28267,28300,33
walking,28322,28300,28322,22
left_turning,28340,28322,28340,18
rearing,28436,28340,28436,96
rising,28470,28436,28470,34
grooming,28608,28470,28608,138
rearing,28609,28608,28609,1
sniffing,28621,28609,28621,12
running,28642,28621,28642,21
walking,28660,28642,28660,18
rising,28695,28660,28695,35
sniffing,28721,28695,28721,26
rising,28735,28721,28735,14
grooming,28862,28735,28862,127
walking,28887,28862,28887,25
stepping,28925,28887,28925,38
walking,28946,28925,28946,21
sniffing,28977,28946,28977,31
trotting,29035,28977,29035,58
sniffing,29136,29035,29136,101
trotting,29154,29136,29154,18
sniffing,29200,29154,29200,46
rising,29213,29200,29213,13
walking,29272,29213,29272,59
sniffing,29282,29272,29282,10
rising,29321,29282,29321,39
trotting,29338,29321,29338,17
left_turning,29378,29338,29378,40
trotting,29409,29378,29409,31
grooming,29775,29409,29775,366
left_turning,29848,29775,29848,73
grooming,30147,29848,30147,299
rising,30155,30147,30155,8
climbing,30204,30155,30204,49
rearing,30205,30204,30205,1
trotting,30217,30205,30217,12
grooming,30450,30217,30450,233
walking,30454,30450,30454,4
stepping,30481,30454,30481,27
sniffing,30490,30481,30490,9
rising,30512,30490,30512,22
grooming,30994,30512,30994,482
rearing,31084,30994,31084,90
grooming,31085,31084,31085,1
walking,31093,31085,31093,8
sniffing,31210,31093,31210,117
left_turning,31211,31210,31211,1
grooming,31416,31211,31416,205
rearing,31504,31416,31504,88
grooming,31505,31504,31505,1
hunching,31560,31505,31560,55
grooming,31561,31560,31561,1
trotting,31593,31561,31593,32
stepping,31624,31593,31624,31
sniffing,31642,31624,31642,18
grooming,31688,31642,31688,46
hunching,31821,31688,31821,133
grooming,31930,31821,31930,109
rearing,31945,31930,31945,15
rising,31986,31945,31986,41
climbing,32016,31986,32016,30
grooming,32017,32016,32017,1
sniffing,32039,32017,32039,22
rearing,32117,32039,32117,78
climbing,32177,32117,32177,60
grooming,32511,32177,32511,334
running,32540,32511,32540,29
trotting,32559,32540,32559,19
sniffing,32643,32559,32643,84
walking,32685,32643,32685,42
sniffing,32736,32685,32736,51
stepping,32740,32736,32740,4
sniffing,32817,32740,32817,77
rising,32837,32817,32837,20
left_turning,32850,32837,32850,13
sniffing,32882,32850,32882,32
left_turning,32883,32882,32883,1
grooming,33139,32883,33139,256
sniffing,33167,33139,33167,28
grooming,33168,33167,33168,1
rearing,33235,33168,33235,67
grooming,33469,33235,33469,234
scratching,33643,33469,33643,174
sniffing,33652,33643,33652,9
rising,33696,33652,33696,44
grooming,33868,33696,33868,172
left_turning,33884,33868,33884,16
walking,33914,33884,33914,30
stepping,33945,33914,33945,31
sniffing,33984,33945,33984,39
stepping,34000,33984,34000,16
walking,34019,34000,34019,19
sniffing,34020,34019,34020,1
rising,34188,34020,34188,168
grooming,34189,34188,34189,1
left_turning,34231,34189,34231,42
walking,34249,34231,34249,18
trotting,34290,34249,34290,41
walking,34293,34290,34293,3
rising,34321,34293,34321,28
climbing,34352,34321,34352,31
running,34385,34352,34385,33
right_turning,34431,34385,34431,46
sniffing,34494,34431,34494,63
grooming,34784,34494,34784,290
rearing,34809,34784,34809,25
climbing,34848,34809,34848,39
walking,34866,34848,34866,18
hunching,34867,34866,34867,1
rearing,34968,34867,34968,101
running,34997,34968,34997,29
trotting,35021,34997,35021,24
sniffing,35039,35021,35039,18
rising,35052,35039,35052,13
stepping,35101,35052,35101,49
sniffing,35102,35101,35102,1
stepping,35121,35102,35121,19
walking,35153,35121,35153,32
sniffing,35154,35153,35154,1
walking,35164,35154,35164,10
stepping,35219,35164,35219,55
sniffing,35223,35219,35223,4
right_turning,35234,35223,35234,11
rising,35235,35234,35235,1
rearing,35318,35235,35318,83
rising,35319,35318,35319,1
rearing,35337,35319,35337,18
grooming,35561,35337,35561,224
walking,35562,35561,35562,1
rearing,35604,35562,35604,42
grooming,35605,35604,35605,1
right_turning,35627,35605,35627,22
rising,35651,35627,35651,24
climbing,35745,35651,35745,94
trotting,35779,35745,35779,34
sniffing,35827,35779,35827,48
rising,35863,35827,35863,36
trotting,35882,35863,35882,19
rising,35961,35882,35961,79
climbing,36037,35961,36037,76
left_turning,36056,36037,36056,19
running,36113,36056,36113,57
climbing,36171,36113,36171,58
rising,36188,36171,36188,17
climbing,36221,36188,36221,33
trotting,36233,36221,36233,12
walking,36266,36233,36266,33
stepping,36302,36266,36302,36
walking,36307,36302,36307,5
trotting,36327,36307,36327,20
sniffing,36408,36327,36408,81
grooming,36697,36408,36697,289
stepping,36698,36697,36698,1
sniffing,36718,36698,36718,20
walking,36741,36718,36741,23
right_turning,36745,36741,36745,4
rising,36908,36745,36908,163
grooming,36997,36908,36997,89
climbing,37037,36997,37037,40
grooming,37041,37037,37041,4
rearing,37068,37041,37068,27
grooming,37069,37068,37069,1
sniffing,37070,37069,37070,1
walking,37122,37070,37122,52
stepping,37132,37122,37132,10
sniffing,37171,37132,37171,39
left_turning,37205,37171,37205,34
sniffing,37225,37205,37225,20
right_turning,37237,37225,37237,12
trotting,37245,37237,37245,8
climbing,37259,37245,37259,14
sniffing,37278,37259,37278,19
stepping,37306,37278,37306,28
rising,37307,37306,37307,1
climbing,37342,37307,37342,35
rearing,37444,37342,37444,102
trotting,37459,37444,37459,15
left_turning,37460,37459,37460,1
sniffing,37532,37460,37532,72
rearing,37613,37532,37613,81
grooming,37678,37613,37678,65
rearing,37702,37678,37702,24
jumping,37744,37702,37744,42
rearing,37777,37744,37777,33
left_turning,37820,37777,37820,43
running,37841,37820,37841,21
trotting,37858,37841,37858,17
rising,37869,37858,37869,11
sniffing,37870,37869,37870,1
grooming,37944,37870,37944,74
sniffing,37954,37944,37954,10
grooming,37955,37954,37955,1
rearing,37956,37955,37956,1
grooming,38035,37956,38035,79
hunching,38036,38035,38036,1
left_turning,38039,38036,38039,3
grooming,38040,38039,38040,1
rearing,38092,38040,38092,52
left_turning,38265,38092,38265,173
sniffing,38278,38265,38278,13
grooming,38676,38278,38676,398
sniffing,38725,38676,38725,49
stepping,38759,38725,38759,34
walking,38800,38759,38800,41
sniffing,38801,38800,38801,1
rearing,38886,38801,38886,85
grooming,38898,38886,38898,12
climbing,38933,38898,38933,35
stepping,38991,38933,38991,58
walking,39013,38991,39013,22
stepping,39031,39013,39031,18
rising,39032,39031,39032,1
grooming,39170,39032,39170,138
climbing,39214,39170,39214,44
sniffing,39215,39214,39215,1
grooming,39216,39215,39216,1
rising,39252,39216,39252,36
climbing,39323,39252,39323,71
left_turning,39352,39323,39352,29
sniffing,39388,39352,39388,36
walking,39414,39388,39414,26
stepping,39445,39414,39445,31
walking,39475,39445,39475,30
rising,39480,39475,39480,5
walking,39490,39480,39490,10
sniffing,39491,39490,39491,1
walking,39498,39491,39498,7
stepping,39531,39498,39531,33
sniffing,39547,39531,39547,16
trotting,39566,39547,39566,19
sniffing,39567,39566,39567,1
left_turning,39614,39567,39614,47
walking,39623,39614,39623,9
sniffing,39673,39623,39673,50
scratching,39714,39673,39714,41
sniffing,39775,39714,39775,61
rising,39852,39775,39852,77
walking,39913,39852,39913,61
left_turning,39914,39913,39914,1
hunching,39984,39914,39984,70
grooming,40375,39984,40375,391
hunching,40387,40375,40387,12
rearing,40455,40387,40455,68
sniffing,40456,40455,40456,1
right_turning,40473,40456,40473,17
walking,40493,40473,40493,20
sniffing,40558,40493,40558,65
left_turning,40676,40558,40676,118
sniffing,40699,40676,40699,23
walking,40711,40699,40711,12
rising,40735,40711,40735,24
walking,40756,40735,40756,21
stepping,40787,40756,40787,31
walking,40805,40787,40805,18
sniffing,40904,40805,40904,99
rearing,40961,40904,40961,57
climbing,40978,40961,40978,17
running,40989,40978,40989,11
stepping,41030,40989,41030,41
left_turning,41062,41030,41062,32
walking,41063,41062,41063,1
sniffing,41139,41063,41139,76
stepping,41170,41139,41170,31
right_turning,41174,41170,41174,4
stepping,41175,41174,41175,1
rising,41225,41175,41225,50
stepping,41231,41225,41231,6
left_turning,41265,41231,41265,34
sniffing,41266,41265,41266,1
rearing,41267,41266,41267,1
left_turning,41282,41267,41282,15
walking,41358,41282,41358,76
sniffing,41433,41358,41433,75
grooming,41507,41433,41507,74
sniffing,41523,41507,41523,16
walking,41557,41523,41557,34
left_turning,41600,41557,41600,43
walking,41693,41600,41693,93
left_turning,41694,41693,41694,1
walking,41695,41694,41695,1
rising,41770,41695,41770,75
grooming,41843,41770,41843,73
hunching,41897,41843,41897,54
grooming,41914,41897,41914,17
sniffing,41964,41914,41964,50
grooming,41965,41964,41965,1
rearing,42097,41965,42097,132
sniffing,42112,42097,42112,15
stepping,42135,42112,42135,23
climbing,42156,42135,42156,21
stepping,42167,42156,42167,11
rearing,42168,42167,42168,1
grooming,42331,42168,42331,163
sniffing,42569,42331,42569,238
rearing,42580,42569,42580,11
trotting,42611,42580,42611,31
sniffing,42704,42611,42704,93
stepping,42705,42704,42705,1
sniffing,42708,42705,42708,3
rising,42739,42708,42739,31
stepping,42790,42739,42790,51
running,42801,42790,42801,11
stepping,42802,42801,42802,1
walking,42803,42802,42803,1
sniffing,42812,42803,42812,9
rising,42813,42812,42813,1
walking,42882,42813,42882,69
climbing,42899,42882,42899,17
stepping,42911,42899,42911,12
walking,42935,42911,42935,24
stepping,42954,42935,42954,19
grooming,43253,42954,43253,299
sniffing,43432,43253,43432,179
stepping,43439,43432,43439,7
pausing,43590,43439,43590,151
sniffing,43642,43590,43642,52
stepping,43651,43642,43651,9
walking,43669,43651,43669,18
sniffing,43697,43669,43697,28
grooming,43866,43697,43866,169
sniffing,43867,43866,43867,1
grooming,44049,43867,44049,182
scratching,44071,44049,44071,22
sniffing,44075,44071,44075,4
walking,44152,44075,44152,77
sniffing,44197,44152,44197,45
rising,44208,44197,44208,11
stepping,44216,44208,44216,8
grooming,44217,44216,44217,1
stepping,44224,44217,44224,7
climbing,44251,44224,44251,27
rising,44282,44251,44282,31
sniffing,44283,44282,44283,1
rearing,44291,44283,44291,8
rising,44318,44291,44318,27
grooming,44417,44318,44417,99
sniffing,44443,44417,44443,26
walking,44474,44443,44474,31
sniffing,44524,44474,44524,50
stepping,44540,44524,44540,16
walking,44541,44540,44541,1
rising,44574,44541,44574,33
walking,44610,44574,44610,36
sniffing,44674,44610,44674,64
grooming,44675,44674,44675,1
right_turning,44682,44675,44682,7
sniffing,44742,44682,44742,60
rising,44748,44742,44748,6
rearing,44756,44748,44756,8
grooming,44977,44756,44977,221
rising,45082,44977,45082,105
climbing,45103,45082,45103,21
walking,45117,45103,45117,14
sniffing,45168,45117,45168,51
stepping,45177,45168,45177,9
sniffing,45203,45177,45203,26
rising,45248,45203,45248,45
grooming,45452,45248,45452,204
rearing,45453,45452,45453,1
climbing,45454,45453,45454,1
sniffing,45472,45454,45472,18
rearing,45660,45472,45660,188
grooming,45675,45660,45675,15
rearing,45676,45675,45676,1
hunching,45742,45676,45742,66
grooming,45772,45742,45772,30
hunching,45786,45772,45786,14
rearing,45980,45786,45980,194
grooming,46156,45980,46156,176
walking,46174,46156,46174,18
sniffing,46175,46174,46175,1
grooming,46497,46175,46497,322
scratching,46611,46497,46611,114
walking,46633,46611,46633,22
sniffing,46655,46633,46655,22
walking,46663,46655,46663,8
sniffing,46664,46663,46664,1
stepping,46689,46664,46689,25
sniffing,46751,46689,46751,62
walking,46764,46751,46764,13
rising,46780,46764,46780,16
climbing,46814,46780,46814,34
grooming,47006,46814,47006,192
sniffing,47044,47006,47044,38
right_turning,47068,47044,47068,24
rearing,47078,47068,47078,10
hunching,47079,47078,47079,1
grooming,47241,47079,47241,162
scratching,47285,47241,47285,44
grooming,47512,47285,47512,227
rearing,47533,47512,47533,21
climbing,47566,47533,47566,33
walking,47570,47566,47570,4
sniffing,47627,47570,47627,57
scratching,47749,47627,47749,122
right_turning,47786,47749,47786,37
stepping,47802,47786,47802,16
walking,47840,47802,47840,38
sniffing,47860,47840,47860,20
climbing,47968,47860,47968,108
rising,48020,47968,48020,52
grooming,48275,48020,48275,255
running,48320,48275,48320,45
climbing,48356,48320,48356,36
rising,48394,48356,48394,38
stepping,48420,48394,48420,26
trotting,48463,48420,48463,43
walking,48487,48463,48487,24
sniffing,48488,48487,48488,1
walking,48519,48488,48519,31
stepping,48541,48519,48541,22
sniffing,48542,48541,48542,1
grooming,48588,48542,48588,46
sniffing,48630,48588,48630,42
walking,48631,48630,48631,1
left_turning,48675,48631,48675,44
grooming,48869,48675,48869,194
rising,48921,48869,48921,52
sniffing,48932,48921,48932,11
left_turning,48945,48932,48945,13
sniffing,49090,48945,49090,145
stepping,49120,49090,49120,30
sniffing,49121,49120,49121,1
walking,49148,49121,49148,27
stepping,49186,49148,49186,38
walking,49204,49186,49204,18
sniffing,49243,49204,49243,39
rising,49320,49243,49320,77
rearing,49344,49320,49344,24
climbing,49419,49344,49419,75
stepping,49441,49419,49441,22
sniffing,49679,49441,49679,238
grooming,49710,49679,49710,31
sniffing,49788,49710,49788,78
rising,49804,49788,49804,16
climbing,49864,49804,49864,60
rising,49934,49864,49934,70
rearing,50001,49934,50001,67
climbing,50075,50001,50075,74
grooming,50092,50075,50092,17
walking,50126,50092,50126,34
stepping,50144,50126,50144,18
walking,50191,50144,50191,47
rising,50192,50191,50192,1
trotting,50221,50192,50221,29
rising,50222,50221,50222,1
climbing,50308,50222,50308,86
right_turning,50334,50308,50334,26
sniffing,50335,50334,50335,1
walking,50373,50335,50373,38
sniffing,50489,50373,50489,116
stepping,50551,50489,50551,62
sniffing,50616,50551,50616,65
rising,50655,50616,50655,39
sniffing,50706,50655,50706,51
walking,50748,50706,50748,42
grooming,50749,50748,50749,1
rearing,50754,50749,50754,5
grooming,50863,50754,50863,109
sniffing,50889,50863,50889,26
running,50916,50889,50916,27
rising,50951,50916,50951,35
grooming,51050,50951,51050,99
rearing,51127,51050,51127,77
grooming,51128,51127,51128,1
climbing,51175,51128,51175,47
walking,51187,51175,51187,12
stepping,51208,51187,51208,21
rearing,51277,51208,51277,69
climbing,51309,51277,51309,32
rising,51357,51309,51357,48
walking,51367,51357,51367,10
stepping,51388,51367,51388,21
sniffing,51402,51388,51402,14
left_turning,51403,51402,51403,1
sniffing,51526,51403,51526,123
grooming,51847,51526,51847,321
scratching,51959,51847,51959,112
grooming,52526,51959,52526,567
running,52545,52526,52545,19
stepping,52595,52545,52595,50
sniffing,52608,52595,52608,13
rising,52609,52608,52609,1
right_turning,52634,52609,52634,25
sniffing,52752,52634,52752,118
stepping,52838,52752,52838,86
rising,52856,52838,52856,18
walking,52889,52856,52889,33
sniffing,52905,52889,52905,16
walking,52972,52905,52972,67
sniffing,53073,52972,53073,101
climbing,53087,53073,53087,14
grooming,53201,53087,53201,114
running,53217,53201,53217,16
walking,53218,53217,53218,1
sniffing,53291,53218,53291,73
left_turning,53305,53291,53305,14
grooming,53571,53305,53571,266
walking,53587,53571,53587,16
trotting,53637,53587,53637,50
sniffing,53691,53637,53691,54
rising,53712,53691,53712,21
sniffing,53744,53712,53744,32
rising,53745,53744,53745,1
rearing,53746,53745,53746,1
grooming,53865,53746,53865,119
walking,53909,53865,53909,44
rearing,54072,53909,54072,163
rising,54164,54072,54164,92
stepping,54194,54164,54194,30
walking,54211,54194,54211,17
trotting,54222,54211,54222,11
sniffing,54271,54222,54271,49
stepping,54272,54271,54272,1
scratching,54300,54272,54300,28
stepping,54312,54300,54312,12
walking,54329,54312,54329,17
sniffing,54395,54329,54395,66
scratching,54493,54395,54493,98
walking,54520,54493,54520,27
stepping,54537,54520,54537,17
climbing,54608,54537,54608,71
rising,54649,54608,54649,41
grooming,54866,54649,54866,217
hunching,54920,54866,54920,54
left_turning,54951,54920,54951,31
grooming,55146,54951,55146,195
climbing,55179,55146,55179,33
right_turning,55203,55179,55203,24
sniffing,55219,55203,55219,16
walking,55220,55219,55220,1
stepping,55247,55220,55247,27
rising,55248,55247,55248,1
left_turning,55249,55248,55249,1
walking,55282,55249,55282,33
sniffing,55338,55282,55338,56
rising,55345,55338,55345,7
sniffing,55378,55345,55378,33
rising,55414,55378,55414,36
stepping,55444,55414,55444,30
trotting,55461,55444,55461,17
stepping,55509,55461,55509,48
rearing,55538,55509,55538,29
climbing,55558,55538,55558,20
grooming,55559,55558,55559,1
stepping,55565,55559,55565,6
sniffing,55623,55565,55623,58
walking,55657,55623,55657,34
sniffing,55683,55657,55683,26
stepping,55693,55683,55693,10
climbing,55724,55693,55724,31
left_turning,55725,55724,55725,1
stepping,55790,55725,55790,65
walking,55811,55790,55811,21
stepping,55841,55811,55841,30
sniffing,55844,55841,55844,3
rearing,55845,55844,55845,1
grooming,56065,55845,56065,220
hunching,56155,56065,56155,90
grooming,56156,56155,56156,1
stepping,56184,56156,56184,28
walking,56267,56184,56267,83
left_turning,56277,56267,56277,10
sniffing,56344,56277,56344,67
grooming,56426,56344,56426,82
right_turning,56481,56426,56481,55
sniffing,56485,56481,56485,4
rising,56537,56485,56537,52
rearing,56554,56537,56554,17
grooming,56759,56554,56759,205
rearing,56760,56759,56760,1
climbing,56805,56760,56805,45
running,56820,56805,56820,15
walking,56828,56820,56828,8
sniffing,56938,56828,56938,110
rising,56939,56938,56939,1
grooming,56940,56939,56940,1
trotting,56948,56940,56948,8
walking,56976,56948,56976,28
sniffing,57089,56976,57089,113
stepping,57101,57089,57101,12
running,57115,57101,57115,14
stepping,57130,57115,57130,15
walking,57150,57130,57150,20
sniffing,57168,57150,57168,18
rearing,57255,57168,57255,87
rising,57348,57255,57348,93
hunching,57379,57348,57379,31
left_turning,57380,57379,57380,1
grooming,57491,57380,57491,111
rising,57492,57491,57492,1
left_turning,57568,57492,57568,76
trotting,57584,57568,57584,16
grooming,57919,57584,57919,335
sniffing,58006,57919,58006,87
left_turning,58030,58006,58030,24
sniffing,58072,58030,58072,42
walking,58073,58072,58073,1
sniffing,58109,58073,58109,36
stepping,58159,58109,58159,50
rearing,58160,58159,58160,1
climbing,58201,58160,58201,41
rearing,58282,58201,58282,81
grooming,58283,58282,58283,1
right_turning,58339,58283,58339,56
stepping,58360,58339,58360,21
climbing,58464,58360,58464,104
rising,58475,58464,58475,11
grooming,58617,58475,58617,142
sniffing,58618,58617,58618,1
right_turning,58631,58618,58631,13
sniffing,58674,58631,58674,43
left_turning,58712,58674,58712,38
climbing,58765,58712,58765,53
trotting,58783,58765,58783,18
sniffing,58911,58783,58911,128
grooming,59575,58911,59575,664
left_turning,59616,59575,59616,41
trotting,59627,59616,59627,11
walking,59683,59627,59683,56
sniffing,59727,59683,59727,44
grooming,59809,59727,59809,82
walking,59831,59809,59831,22
rearing,59834,59831,59834,3
grooming,59886,59834,59886,52
hunching,59946,59886,59946,60
left_turning,59986,59946,59986,40
trotting,59997,59986,59997,11
climbing,60019,59997,60019,22
running,60047,60019,60047,28
rearing,60140,60047,60140,93
hunching,60234,60140,60234,94
rearing,60413,60234,60413,179
grooming,60490,60413,60490,77
left_turning,60535,60490,60535,45
stepping,60538,60535,60538,3
right_turning,60571,60538,60571,33
sniffing,60590,60571,60590,19
stepping,60625,60590,60625,35
sniffing,60696,60625,60696,71
walking,60711,60696,60711,15
sniffing,60712,60711,60712,1
walking,60766,60712,60766,54
rising,60774,60766,60774,8
grooming,60775,60774,60775,1
rising,60789,60775,60789,14
walking,60815,60789,60815,26
sniffing,60816,60815,60816,1
left_turning,60926,60816,60926,110
sniffing,60976,60926,60976,50
rearing,61034,60976,61034,58
grooming,61258,61034,61258,224
rearing,61259,61258,61259,1
sniffing,61283,61259,61283,24
walking,61316,61283,61316,33
sniffing,61346,61316,61346,30
walking,61375,61346,61375,29
sniffing,61448,61375,61448,73
stepping,61476,61448,61476,28
rearing,61783,61476,61783,307
climbing,61830,61783,61830,47
left_turning,61853,61830,61853,23
sniffing,61898,61853,61898,45
trotting,61931,61898,61931,33
sniffing,61952,61931,61952,21
grooming,62208,61952,62208,256
trotting,62224,62208,62224,16
sniffing,62225,62224,62225,1
walking,62270,62225,62270,45
sniffing,62271,62270,62271,1
grooming,62442,62271,62442,171
walking,62480,62442,62480,38
left_turning,62526,62480,62526,46
sniffing,62532,62526,62532,6
walking,62543,62532,62543,11
trotting,62584,62543,62584,41
sniffing,62638,62584,62638,54
left_turning,62655,62638,62655,17
running,62682,62655,62682,27
rearing,62754,62682,62754,72
stepping,62762,62754,62762,8
rearing,62795,62762,62795,33
grooming,62796,62795,62796,1
sniffing,62853,62796,62853,57
right_turning,62854,62853,62854,1
stepping,62893,62854,62893,39
grooming,63040,62893,63040,147
rising,63041,63040,63041,1
climbing,63062,63041,63062,21
rearing,63063,63062,63063,1
grooming,63190,63063,63190,127
sniffing,63191,63190,63191,1
rearing,63366,63191,63366,175
hunching,63436,63366,63436,70
grooming,63491,63436,63491,55
walking,63492,63491,63492,1
sniffing,63515,63492,63515,23
grooming,63582,63515,63582,67
sniffing,63590,63582,63590,8
grooming,63591,63590,63591,1
sniffing,63652,63591,63652,61
stepping,63670,63652,63670,18
climbing,63706,63670,63706,36
right_turning,63739,63706,63739,33
walking,63740,63739,63740,1
stepping,63776,63740,63776,36
walking,63797,63776,63797,21
sniffing,63913,63797,63913,116
walking,63954,63913,63954,41
trotting,63992,63954,63992,38
stepping,63993,63992,63993,1
right_turning,63994,63993,63994,1
grooming,64124,63994,64124,130
climbing,64125,64124,64125,1
grooming,64426,64125,64426,301
sniffing,64441,64426,64441,15
rising,64442,64441,64442,1
sniffing,64443,64442,64443,1
grooming,64572,64443,64572,129
rising,64590,64572,64590,18
grooming,64591,64590,64591,1
rising,64650,64591,64650,59
climbing,64702,64650,64702,52
walking,64722,64702,64722,20
climbing,64756,64722,64756,34
trotting,64774,64756,64774,18
walking,64827,64774,64827,53
sniffing,64846,64827,64846,19
rising,64907,64846,64907,61
grooming,64908,64907,64908,1
stepping,64949,64908,64949,41
rising,64950,64949,64950,1
sniffing,64991,64950,64991,41
left_turning,65056,64991,65056,65
stepping,65075,65056,65075,19
walking,65150,65075,65150,75
sniffing,65158,65150,65158,8
left_turning,65224,65158,65224,66
walking,65305,65224,65305,81
rearing,65326,65305,65326,21
grooming,65439,65326,65439,113
hunching,65491,65439,65491,52
grooming,65492,65491,65492,1
rising,65532,65492,65532,40
stepping,65557,65532,65557,25
walking,65566,65557,65566,9
stepping,65595,65566,65595,29
walking,65610,65595,65610,15
stepping,65611,65610,65611,1
left_turning,65646,65611,65646,35
stepping,65660,65646,65660,14
walking,65678,65660,65678,18
stepping,65702,65678,65702,24
sniffing,65738,65702,65738,36
grooming,65765,65738,65765,27
scratching,65812,65765,65812,47
sniffing,65831,65812,65831,19
walking,65844,65831,65844,13
sniffing,65902,65844,65902,58
stepping,65961,65902,65961,59
climbing,65996,65961,65996,35
walking,66019,65996,66019,23
climbing,66038,66019,66038,19
rearing,66067,66038,66067,29
sniffing,66085,66067,66085,18
walking,66087,66085,66087,2
sniffing,66128,66087,66128,41
trotting,66180,66128,66180,52
walking,66183,66180,66183,3
sniffing,66221,66183,66221,38
stepping,66248,66221,66248,27
trotting,66251,66248,66251,3
rising,66270,66251,66270,19
rearing,66313,66270,66313,43
hunching,66314,66313,66314,1
rearing,66346,66314,66346,32
grooming,66347,66346,66347,1
rearing,66348,66347,66348,1
climbing,66399,66348,66399,51
left_turning,66400,66399,66400,1
climbing,66418,66400,66418,18
walking,66447,66418,66447,29
stepping,66467,66447,66467,20
grooming,66468,66467,66468,1
stepping,66520,66468,66520,52
walking,66569,66520,66569,49
sniffing,66571,66569,66571,2
rising,66585,66571,66585,14
climbing,66592,66585,66592,7
grooming,66709,66592,66709,117
rearing,66727,66709,66727,18
sniffing,66824,66727,66824,97
walking,66831,66824,66831,7
stepping,66852,66831,66852,21
sniffing,66859,66852,66859,7
trotting,66892,66859,66892,33
running,66916,66892,66916,24
sniffing,66979,66916,66979,63
stepping,66996,66979,66996,17
sniffing,67061,66996,67061,65
rearing,67062,67061,67062,1
grooming,67245,67062,67245,183
sniffing,67321,67245,67321,76
trotting,67368,67321,67368,47
climbing,67369,67368,67369,1
walking,67396,67369,67396,27
stepping,67397,67396,67397,1
rising,67425,67397,67425,28
sniffing,67486,67425,67486,61
left_turning,67546,67486,67546,60
stepping,67558,67546,67558,12
sniffing,67653,67558,67653,95
rising,67679,67653,67679,26
sniffing,67736,67679,67736,57
grooming,67737,67736,67737,1
left_turning,67746,67737,67746,9
sniffing,67779,67746,67779,33
stepping,67801,67779,67801,22
sniffing,67827,67801,67827,26
stepping,67843,67827,67843,16
sniffing,67844,67843,67844,1
right_turning,67865,67844,67865,21
grooming,67866,67865,67866,1
hunching,67915,67866,67915,49
rearing,67928,67915,67928,13
stepping,67932,67928,67932,4
grooming,68035,67932,68035,103
rising,68064,68035,68064,29
sniffing,68087,68064,68087,23
walking,68127,68087,68127,40
sniffing,68207,68127,68207,80
grooming,68208,68207,68208,1
rising,68241,68208,68241,33
sniffing,68289,68241,68289,48
rising,68331,68289,68331,42
rearing,68369,68331,68369,38
climbing,68429,68369,68429,60
rising,68430,68429,68430,1
stepping,68461,68430,68461,31
grooming,68594,68461,68594,133
rearing,68621,68594,68621,27
grooming,68622,68621,68622,1
hunching,68670,68622,68670,48
grooming,68826,68670,68826,156
walking,68908,68826,68908,82
rising,68953,68908,68953,45
running,68971,68953,68971,18
walking,68985,68971,68985,14
sniffing,69048,68985,69048,63
rising,69116,69048,69116,68
walking,69153,69116,69153,37
running,69187,69153,69187,34
sniffing,69254,69187,69254,67
walking,69264,69254,69264,10
trotting,69281,69264,69281,17
sniffing,69328,69281,69328,47
stepping,69387,69328,69387,59
sniffing,69420,69387,69420,33
walking,69438,69420,69438,18
sniffing,69502,69438,69502,64
stepping,69503,69502,69503,1
trotting,69511,69503,69511,8
rising,69648,69511,69648,137
grooming,69792,69648,69792,144
sniffing,69818,69792,69818,26
stepping,69872,69818,69872,54
sniffing,69873,69872,69873,1
rising,69898,69873,69898,25
grooming,70647,69898,70647,749
rearing,70692,70647,70692,45
walking,70694,70692,70694,2
rearing,70820,70694,70820,126
stepping,70839,70820,70839,19
walking,70878,70839,70878,39
trotting,70905,70878,70905,27
walking,70914,70905,70914,9
climbing,70931,70914,70931,17
rising,70966,70931,70966,35
hunching,71005,70966,71005,39
grooming,71173,71005,71173,168
rearing,71482,71173,71482,309
sniffing,71483,71482,71483,1
walking,71520,71483,71520,37
sniffing,71539,71520,71539,19
left_turning,71540,71539,71540,1
sniffing,71562,71540,71562,22
grooming,71588,71562,71588,26
hunching,71589,71588,71589,1
rearing,71658,71589,71658,69
walking,71691,71658,71691,33
sniffing,71703,71691,71703,12
stepping,71704,71703,71704,1
walking,71745,71704,71745,41
sniffing,71746,71745,71746,1
right_turning,71764,71746,71764,18
stepping,71771,71764,71771,7
sniffing,71808,71771,71808,37
stepping,71862,71808,71862,54
rearing,71964,71862,71964,102
hunching,71974,71964,71974,10
rearing,71977,71974,71977,3
grooming,71978,71977,71978,1
walking,71982,71978,71982,4
sniffing,72050,71982,72050,68
walking,72054,72050,72054,4
running,72074,72054,72074,20
trotting,72107,72074,72107,33
rearing,72119,72107,72119,12
hunching,72149,72119,72149,30
rising,72165,72149,72165,16
climbing,72212,72165,72212,47
sniffing,72213,72212,72213,1
grooming,72234,72213,72234,21
sniffing,72235,72234,72235,1
stepping,72255,72235,72255,20
grooming,72417,72255,72417,162
walking,72435,72417,72435,18
sniffing,72571,72435,72571,136
stepping,72585,72571,72585,14
sniffing,72586,72585,72586,1
walking,72587,72586,72587,1
sniffing,72656,72587,72656,69
rising,72724,72656,72724,68
grooming,72755,72724,72755,31
sniffing,72840,72755,72840,85
rising,72862,72840,72862,22
rearing,72957,72862,72957,95
climbing,73009,72957,73009,52
walking,73039,73009,73039,30
left_turning,73040,73039,73040,1
walking,73057,73040,73057,17
stepping,73058,73057,73058,1
walking,73072,73058,73072,14
stepping,73108,73072,73108,36
rising,73122,73108,73122,14
grooming,73214,73122,73214,92
stepping,73259,73214,73259,45
right_turning,73271,73259,73271,12
stepping,73291,73271,73291,20
rising,73322,73291,73322,31
climbing,73334,73322,73334,12
rearing,73385,73334,73385,51
grooming,73552,73385,73552,167
rearing,73576,73552,73576,24
sniffing,73654,73576,73654,78
walking,73678,73654,73678,24
stepping,73709,73678,73709,31
walking,73771,73709,73771,62
stepping,73793,73771,73793,22
sniffing,73811,73793,73811,18
stepping,73846,73811,73846,35
rising,73874,73846,73874,28
sniffing,73878,73874,73878,4
rising,73918,73878,73918,40
climbing,73940,73918,73940,22
rearing,74014,73940,74014,74
grooming,74190,74014,74190,176
walking,74264,74190,74264,74
sniffing,74265,74264,74265,1
stepping,74310,74265,74310,45
sniffing,74405,74310,74405,95
walking,74493,74405,74493,88
running,74526,74493,74526,33
trotting,74549,74526,74549,23
sniffing,74606,74549,74606,57
grooming,74775,74606,74775,169
walking,74830,74775,74830,55
sniffing,74930,74830,74930,100
walking,74957,74930,74957,27
sniffing,75021,74957,75021,64
trotting,75048,75021,75048,27
rearing,75146,75048,75146,98
sniffing,75189,75146,75189,43
grooming,75418,75189,75418,229
rearing,75460,75418,75460,42
left_turning,75497,75460,75497,37
grooming,75498,75497,75498,1
left_turning,75520,75498,75520,22
sniffing,75706,75520,75706,186
stepping,75779,75706,75779,73
right_turning,75817,75779,75817,38
sniffing,75855,75817,75855,38
running,75889,75855,75889,34
sniffing,75921,75889,75921,32
walking,75978,75921,75978,57
sniffing,76026,75978,76026,48
rising,76048,76026,76048,22
grooming,76488,76048,76488,440
sniffing,76522,76488,76522,34
grooming,76523,76522,76523,1
rearing,76557,76523,76557,34
sniffing,76681,76557,76681,124
rearing,76689,76681,76689,8
running,76692,76689,76692,3
walking,76707,76692,76707,15
sniffing,76708,76707,76708,1
walking,76764,76708,76764,56
sniffing,76799,76764,76799,35
left_turning,77046,76799,77046,247
stepping,77087,77046,77087,41
sniffing,77107,77087,77107,20
trotting,77118,77107,77118,11
rising,77121,77118,77121,3
rearing,77122,77121,77122,1
hunching,77206,77122,77206,84
rearing,77308,77206,77308,102
grooming,77551,77308,77551,243
sniffing,77578,77551,77578,27
walking,77611,77578,77611,33
trotting,77641,77611,77641,30
running,77655,77641,77655,14
sniffing,77697,77655,77697,42
stepping,77712,77697,77712,15
sniffing,77717,77712,77717,5
walking,77728,77717,77728,11
stepping,77829,77728,77829,101
walking,77872,77829,77872,43
sniffing,77873,77872,77873,1
stepping,77893,77873,77893,20
walking,77894,77893,77894,1
rising,77956,77894,77956,62
walking,77975,77956,77975,19
sniffing,78017,77975,78017,42
rising,78048,78017,78048,31
rearing,78088,78048,78088,40
sniffing,78191,78088,78191,103
grooming,78447,78191,78447,256
walking,78529,78447,78529,82
stepping,78539,78529,78539,10
right_turning,78550,78539,78550,11
walking,78598,78550,78598,48
stepping,78651,78598,78651,53
sniffing,78694,78651,78694,43
right_turning,78724,78694,78724,30
sniffing,78783,78724,78783,59
walking,78822,78783,78822,39
grooming,79087,78822,79087,265
running,79119,79087,79119,32
climbing,79176,79119,79176,57
walking,79186,79176,79186,10
right_turning,79187,79186,79187,1
walking,79199,79187,79199,12
grooming,79410,79199,79410,211
scratching,79449,79410,79449,39
grooming,79753,79449,79753,304
climbing,79804,79753,79804,51
trotting,79828,79804,79828,24
walking,79876,79828,79876,48
sniffing,79938,79876,79938,62
grooming,79939,79938,79939,1
hunching,80006,79939,80006,67
grooming,80164,80006,80164,158
hunching,80165,80164,80165,1
sniffing,80168,80165,80168,3
walking,80217,80168,80217,49
sniffing,80284,80217,80284,67
rising,80322,80284,80322,38
climbing,80350,80322,80350,28
walking,80418,80350,80418,68
sniffing,80419,80418,80419,1
stepping,80442,80419,80442,23
walking,80456,80442,80456,14
stepping,80500,80456,80500,44
rising,80531,80500,80531,31
hunching,80695,80531,80695,164
grooming,81135,80695,81135,440
rearing,81136,81135,81136,1
hunching,81209,81136,81209,73
rearing,81281,81209,81281,72
climbing,81336,81281,81336,55
grooming,81352,81336,81352,16
trotting,81358,81352,81358,6
rising,81398,81358,81398,40
climbing,81403,81398,81403,5
trotting,81415,81403,81415,12
rising,81445,81415,81445,30
trotting,81470,81445,81470,25
walking,81494,81470,81494,24
stepping,81495,81494,81495,1
walking,81524,81495,81524,29
sniffing,81525,81524,81525,1
walking,81610,81525,81610,85
sniffing,81672,81610,81672,62
right_turning,81688,81672,81688,16
running,81689,81688,81689,1
sniffing,81692,81689,81692,3
walking,81741,81692,81741,49
stepping,81742,81741,81742,1
sniffing,81796,81742,81796,54
rising,81821,81796,81821,25
climbing,81894,81821,81894,73
rearing,81960,81894,81960,66
grooming,81994,81960,81994,34
rising,82029,81994,82029,35
left_turning,82085,82029,82085,56
walking,82106,82085,82106,21
stepping,82136,82106,82136,30
sniffing,82148,82136,82148,12
rising,82176,82148,82176,28
walking,82185,82176,82185,9
sniffing,82260,82185,82260,75
walking,82311,82260,82311,51
stepping,82348,82311,82348,37
sniffing,82503,82348,82503,155
right_turning,82523,82503,82523,20
climbing,82524,82523,82524,1
sniffing,82618,82524,82618,94
right_turning,82643,82618,82643,25
sniffing,82720,82643,82720,77
right_turning,82745,82720,82745,25
walking,82749,82745,82749,4
trotting,82774,82749,82774,25
sniffing,82835,82774,82835,61
rearing,82836,82835,82836,1
grooming,82837,82836,82837,1
rearing,82852,82837,82852,15
left_turning,82868,82852,82868,16
sniffing,82877,82868,82877,9
walking,82878,82877,82878,1
left_turning,82907,82878,82907,29
sniffing,82945,82907,82945,38
stepping,82948,82945,82948,3
grooming,82949,82948,82949,1
hunching,83081,82949,83081,132
grooming,83353,83081,83353,272
sniffing,83501,83353,83501,148
pausing,84028,83501,84028,527
sniffing,84044,84028,84044,16
trotting,84045,84044,84045,1
sniffing,84102,84045,84102,57
grooming,84391,84102,84391,289
sniffing,84463,84391,84463,72
climbing,84517,84463,84517,54
walking,84539,84517,84539,22
sniffing,84646,84539,84646,107
grooming,85230,84646,85230,584
sniffing,85285,85230,85285,55
stepping,85291,85285,85291,6
rearing,85351,85291,85351,60
sniffing,85352,85351,85352,1
stepping,85361,85352,85361,9
walking,85401,85361,85401,40
rising,85402,85401,85402,1
climbing,85431,85402,85431,29
rearing,85498,85431,85498,67
rising,85523,85498,85523,25
hunching,85588,85523,85588,65
rearing,85603,85588,85603,15
sniffing,85614,85603,85614,11
rearing,85753,85614,85753,139
sniffing,85774,85753,85774,21
rearing,85802,85774,85802,28
left_turning,85852,85802,85852,50
sniffing,85864,85852,85864,12
grooming,85897,85864,85897,33
rearing,85898,85897,85898,1
climbing,85949,85898,85949,51
trotting,86012,85949,86012,63
walking,86058,86012,86058,46
stepping,86064,86058,86064,6
grooming,86065,86064,86065,1
walking,86066,86065,86066,1
rising,86067,86066,86067,1
climbing,86145,86067,86145,78
right_turning,86158,86145,86158,13
stepping,86174,86158,86174,16
sniffing,86188,86174,86188,14
rising,86205,86188,86205,17
sniffing,86235,86205,86235,30
stepping,86254,86235,86254,19
climbing,86265,86254,86265,11
rising,86290,86265,86290,25
stepping,86335,86290,86335,45
sniffing,86418,86335,86418,83
left_turning,86419,86418,86419,1
trotting,86439,86419,86439,20
running,86454,86439,86454,15
sniffing,86470,86454,86470,16
rearing,86557,86470,86557,87
stepping,86558,86557,86558,1
sniffing,86595,86558,86595,37
walking,86622,86595,86622,27
trotting,86687,86622,86687,65
rising,86708,86687,86708,21
grooming,86941,86708,86941,233
sniffing,86942,86941,86942,1
stepping,86975,86942,86975,33
walking,86997,86975,86997,22
grooming,87103,86997,87103,106
sniffing,87162,87103,87162,59
grooming,87364,87162,87364,202
climbing,87399,87364,87399,35
sniffing,87479,87399,87479,80
stepping,87484,87479,87484,5
right_turning,87507,87484,87507,23
walking,87535,87507,87535,28
trotting,87561,87535,87561,26
sniffing,87655,87561,87655,94
stepping,87669,87655,87669,14
sniffing,87718,87669,87718,49
rearing,87805,87718,87805,87
left_turning,87856,87805,87856,51
sniffing,87910,87856,87910,54
rising,87945,87910,87945,35
climbing,87996,87945,87996,51
walking,88031,87996,88031,35
sniffing,88046,88031,88046,15
stepping,88086,88046,88086,40
sniffing,88196,88086,88196,110
walking,88197,88196,88197,1
stepping,88246,88197,88246,49
sniffing,88264,88246,88264,18
grooming,88265,88264,88265,1
rearing,88302,88265,88302,37
trotting,88322,88302,88322,20
sniffing,88323,88322,88323,1
rearing,88483,88323,88483,160
rising,88484,88483,88484,1
rearing,88685,88484,88685,201
walking,88700,88685,88700,15
sniffing,88797,88700,88797,97
walking,88836,88797,88836,39
climbing,88906,88836,88906,70
grooming,89213,88906,89213,307
walking,89288,89213,89288,75
stepping,89365,89288,89365,77
rearing,89366,89365,89366,1
sniffing,89382,89366,89382,16
rearing,89421,89382,89421,39
grooming,89539,89421,89539,118
scratching,89574,89539,89574,35
walking,89594,89574,89594,20
sniffing,89662,89594,89662,68
walking,89691,89662,89691,29
stepping,89711,89691,89711,20
sniffing,89729,89711,89729,18
climbing,89738,89729,89738,9
rearing,89822,89738,89822,84
grooming,90319,89822,90319,497
rearing,90323,90319,90323,4
grooming,90409,90323,90409,86
rearing,90452,90409,90452,43
rising,90454,90452,90454,2
sniffing,90497,90454,90497,43
walking,90595,90497,90595,98
stepping,90609,90595,90609,14
sniffing,90743,90609,90743,134
rising,90752,90743,90752,9
climbing,90793,90752,90793,41
grooming,90845,90793,90845,52
rising,90846,90845,90846,1
climbing,90867,90846,90867,21
sniffing,91030,90867,91030,163
rising,91067,91030,91067,37
rearing,91086,91067,91086,19
walking,91101,91086,91101,15
stepping,91181,91101,91181,80
climbing,91221,91181,91221,40
grooming,91222,91221,91222,1
sniffing,91223,91222,91223,1
walking,91234,91223,91234,11
rearing,91309,91234,91309,75
stepping,91340,91309,91340,31
sniffing,91373,91340,91373,33
left_turning,91423,91373,91423,50
walking,91499,91423,91499,76
stepping,91542,91499,91542,43
walking,91594,91542,91594,52
stepping,91667,91594,91667,73
sniffing,91698,91667,91698,31
rearing,91761,91698,91761,63
grooming,91842,91761,91842,81
right_turning,91843,91842,91843,1
jumping,91865,91843,91865,22
rising,91880,91865,91880,15
climbing,91881,91880,91881,1
grooming,92067,91881,92067,186
trotting,92091,92067,92091,24
stepping,92130,92091,92130,39
sniffing,92137,92130,92137,7
trotting,92177,92137,92177,40
sniffing,92435,92177,92435,258
rising,92489,92435,92489,54
rearing,92490,92489,92490,1
stepping,92498,92490,92498,8
rearing,92623,92498,92623,125
grooming,92772,92623,92772,149
sniffing,92856,92772,92856,84
left_turning,92857,92856,92857,1
grooming,93118,92857,93118,261
rising,93119,93118,93119,1
grooming,93120,93119,93120,1
climbing,93166,93120,93166,46
rearing,93176,93166,93176,10
running,93206,93176,93206,30
trotting,93222,93206,93222,16
walking,93245,93222,93245,23
sniffing,93285,93245,93285,40
rising,93317,93285,93317,32
stepping,93349,93317,93349,32
sniffing,93364,93349,93364,15
stepping,93374,93364,93374,10
walking,93428,93374,93428,54
stepping,93437,93428,93437,9
rearing,93495,93437,93495,58
grooming,93568,93495,93568,73
sniffing,93572,93568,93572,4
walking,93599,93572,93599,27
stepping,93613,93599,93613,14
sniffing,93664,93613,93664,51
hunching,93733,93664,93733,69
rearing,93747,93733,93747,14
hunching,93814,93747,93814,67
walking,93830,93814,93830,16
stepping,93831,93830,93831,1
sniffing,93832,93831,93832,1
stepping,93856,93832,93856,24
sniffing,93917,93856,93917,61
rising,93956,93917,93956,39
hunching,94062,93956,94062,106
grooming,94163,94062,94163,101
rising,94206,94163,94206,43
sniffing,94238,94206,94238,32
rising,94249,94238,94249,11
climbing,94277,94249,94277,28
hunching,94359,94277,94359,82
grooming,94491,94359,94491,132
hunching,94599,94491,94599,108
rearing,94633,94599,94633,34
walking,94647,94633,94647,14
trotting,94676,94647,94676,29
walking,94677,94676,94677,1
stepping,94678,94677,94678,1
rising,94683,94678,94683,5
right_turning,94692,94683,94692,9
walking,94719,94692,94719,27
stepping,94747,94719,94747,28
sniffing,94892,94747,94892,145
rising,94929,94892,94929,37
climbing,95008,94929,95008,79
rearing,95023,95008,95023,15
grooming,95035,95023,95035,12
running,95063,95035,95063,28
trotting,95083,95063,95083,20
sniffing,95092,95083,95092,9
hunching,95100,95092,95100,8
rearing,95179,95100,95179,79
stepping,95184,95179,95184,5
sniffing,95230,95184,95230,46
left_turning,95311,95230,95311,81
walking,95358,95311,95358,47
running,95395,95358,95395,37
walking,95419,95395,95419,24
climbing,95515,95419,95515,96
trotting,95547,95515,95547,32
stepping,95551,95547,95551,4
rising,95610,95551,95610,59
climbing,95649,95610,95649,39
walking,95697,95649,95697,48
stepping,95698,95697,95698,1
walking,95741,95698,95741,43
rearing,95804,95741,95804,63
rising,95808,95804,95808,4
sniffing,95816,95808,95816,8
stepping,95846,95816,95846,30
trotting,95893,95846,95893,47
climbing,95908,95893,95908,15
rising,95914,95908,95914,6
grooming,95915,95914,95915,1
rearing,95916,95915,95916,1
grooming,95943,95916,95943,27
rearing,96095,95943,96095,152
climbing,96124,96095,96124,29
grooming,96221,96124,96221,97
rearing,96291,96221,96291,70
rising,96319,96291,96319,28
grooming,96684,96319,96684,365
rearing,96692,96684,96692,8
walking,96729,96692,96729,37
stepping,96743,96729,96743,14
rising,96759,96743,96759,16
stepping,96787,96759,96787,28
walking,96795,96787,96795,8
stepping,96808,96795,96808,13
sniffing,96859,96808,96859,51
scratching,96860,96859,96860,1
stepping,96890,96860,96890,30
walking,96949,96890,96949,59
stepping,96980,96949,96980,31
climbing,96981,96980,96981,1
grooming,96982,96981,96982,1
rearing,97057,96982,97057,75
grooming,97158,97057,97158,101
walking,97193,97158,97193,35
sniffing,97227,97193,97227,34
stepping,97273,97227,97273,46
sniffing,97349,97273,97349,76
trotting,97352,97349,97352,3
rising,97383,97352,97383,31
sniffing,97425,97383,97425,42
left_turning,97448,97425,97448,23
sniffing,97478,97448,97478,30
rising,97501,97478,97501,23
walking,97519,97501,97519,18
stepping,97576,97519,97576,57
left_turning,97650,97576,97650,74
climbing,97697,97650,97697,47
rising,97731,97697,97731,34
sniffing,97759,97731,97759,28
stepping,97765,97759,97765,6
walking,97768,97765,97768,3
sniffing,97769,97768,97769,1
stepping,97790,97769,97790,21
trotting,97822,97790,97822,32
grooming,98432,97822,98432,610
rearing,98465,98432,98465,33
grooming,98617,98465,98617,152
sniffing,98648,98617,98648,31
stepping,98660,98648,98660,12
climbing,98694,98660,98694,34
left_turning,98748,98694,98748,54
sniffing,98749,98748,98749,1
right_turning,98750,98749,98750,1
running,98771,98750,98771,21
stepping,98811,98771,98811,40
sniffing,98812,98811,98812,1
rising,98844,98812,98844,32
grooming,98925,98844,98925,81
walking,98964,98925,98964,39
rising,99027,98964,99027,63
sniffing,99028,99027,99028,1
walking,99035,99028,99035,7
sniffing,99091,99035,99091,56
walking,99151,99091,99151,60
sniffing,99222,99151,99222,71
stepping,99233,99222,99233,11
rearing,99400,99233,99400,167
grooming,99507,99400,99507,107
walking,99522,99507,99522,15
stepping,99533,99522,99533,11
rising,99534,99533,99534,1
climbing,99567,99534,99567,33
rearing,99647,99567,99647,80
grooming,99678,99647,99678,31
stepping,99691,99678,99691,13
grooming,99772,99691,99772,81
hunching,99807,99772,99807,35
rearing,99941,99807,99941,134
grooming,100095,99941,100095,154
rising,100096,100095,100096,1
left_turning,100142,100096,100142,46
walking,100231,100142,100231,89
grooming,100339,100231,100339,108
running,100357,100339,100357,18
walking,100369,100357,100369,12
sniffing,100443,100369,100443,74
left_turning,100461,100443,100461,18
walking,100487,100461,100487,26
stepping,100488,100487,100488,1
sniffing,100526,100488,100526,38
rearing,100551,100526,100551,25
left_turning,100566,100551,100566,15
grooming,100567,100566,100567,1
rearing,100758,100567,100758,191
grooming,100759,100758,100759,1
rising,100767,100759,100767,8
grooming,100791,100767,100791,24
stepping,100855,100791,100855,64
sniffing,100865,100855,100865,10
rising,100868,100865,100868,3
stepping,100880,100868,100880,12
walking,100919,100880,100919,39
stepping,100934,100919,100934,15
grooming,100935,100934,100935,1
rearing,100981,100935,100981,46
stepping,101007,100981,101007,26
sniffing,101125,101007,101125,118
rising,101159,101125,101159,34
sniffing,101160,101159,101160,1
grooming,101505,101160,101505,345
hunching,101592,101505,101592,87
rearing,101601,101592,101601,9
grooming,102204,101601,102204,603
rearing,102205,102204,102205,1
hunching,102243,102205,102243,38
rising,102244,102243,102244,1
rearing,102303,102244,102303,59
climbing,102326,102303,102326,23
rearing,102365,102326,102365,39
hunching,102372,102365,102372,7
grooming,102421,102372,102421,49
climbing,102485,102421,102485,64
running,102505,102485,102505,20
sniffing,102552,102505,102552,47
walking,102564,102552,102564,12
sniffing,102567,102564,102567,3
walking,102568,102567,102568,1
trotting,102600,102568,102600,32
walking,102630,102600,102630,30
right_turning,102665,102630,102665,35
rearing,102666,102665,102666,1
grooming,102723,102666,102723,57
sniffing,102820,102723,102820,97
grooming,102990,102820,102990,170
sniffing,102991,102990,102991,1
walking,103028,102991,103028,37
right_turning,103069,103028,103069,41
climbing,103081,103069,103081,12
left_turning,103102,103081,103102,21
sniffing,103135,103102,103135,33
rearing,103195,103135,103195,60
climbing,103232,103195,103232,37
rearing,103306,103232,103306,74
sniffing,103370,103306,103370,64
stepping,103395,103370,103395,25
climbing,103415,103395,103415,20
rising,103441,103415,103441,26
rearing,103517,103441,103517,76
climbing,103590,103517,103590,73
rearing,103615,103590,103615,25
grooming,103616,103615,103616,1
rising,103617,103616,103617,1
climbing,103627,103617,103627,10
grooming,103633,103627,103633,6
walking,103667,103633,103667,34
sniffing,103676,103667,103676,9
walking,103677,103676,103677,1
rising,103694,103677,103694,17
sniffing,103695,103694,103695,1
stepping,103772,103695,103772,77
walking,103813,103772,103813,41
sniffing,103901,103813,103901,88
walking,103944,103901,103944,43
sniffing,104110,103944,104110,166
walking,104136,104110,104136,26
rearing,104297,104136,104297,161
rising,104311,104297,104311,14
walking,104312,104311,104312,1
rising,104383,104312,104383,71
stepping,104416,104383,104416,33
sniffing,104417,104416,104417,1
grooming,104482,104417,104482,65
hunching,104687,104482,104687,205
grooming,104692,104687,104692,5
rearing,104777,104692,104777,85
grooming,104966,104777,104966,189
left_turning,104967,104966,104967,1
sniffing,104992,104967,104992,25
stepping,105014,104992,105014,22
climbing,105054,105014,105054,40
sniffing,105278,105054,105278,224
stepping,105315,105278,105315,37
sniffing,105338,105315,105338,23
rising,105377,105338,105377,39
sniffing,105475,105377,105475,98
grooming,105796,105475,105796,321
rearing,105915,105796,105915,119
grooming,105916,105915,105916,1
rearing,106079,105916,106079,163
grooming,106499,106079,106499,420
rearing,106830,106499,106830,331
hunching,106831,106830,106831,1
sniffing,106902,106831,106902,71
grooming,107019,106902,107019,117
sniffing,107075,107019,107075,56
walking,107131,107075,107131,56
rising,107193,107131,107193,62
walking,107203,107193,107203,10
sniffing,107284,107203,107284,81
rising,107285,107284,107285,1
grooming,108000,107285,108000,715
