revised_movement_label,segBoundary,segBoundary_start,segBoundary_end,length
sniffing,151,0,151,151
rising,171,151,171,20
sniffing,201,171,201,30
rising,303,201,303,102
sniffing,350,303,350,47
hunching,420,350,420,70
rearing,573,420,573,153
grooming,632,573,632,59
climbing,673,632,673,41
hunching,725,673,725,52
grooming,726,725,726,1
walking,775,726,775,49
sniffing,823,775,823,48
hunching,951,823,951,128
rising,993,951,993,42
grooming,994,993,994,1
hunching,1097,994,1097,103
grooming,1098,1097,1098,1
left_turning,1099,1098,1099,1
grooming,1100,1099,1100,1
left_turning,1101,1100,1101,1
walking,1139,1101,1139,38
rising,1221,1139,1221,82
trotting,1230,1221,1230,9
running,1260,1230,1260,30
right_turning,1271,1260,1271,11
rising,1272,1271,1272,1
climbing,1325,1272,1325,53
walking,1387,1325,1387,62
stepping,1388,1387,1388,1
sniffing,1424,1388,1424,36
walking,1425,1424,1425,1
sniffing,1533,1425,1533,108
stepping,1604,1533,1604,71
grooming,1654,1604,1654,50
scratching,1706,1654,1706,52
grooming,1724,1706,1724,18
right_turning,1725,1724,1725,1
stepping,1726,1725,1726,1
walking,1755,1726,1755,29
sniffing,1793,1755,1793,38
stepping,1859,1793,1859,66
walking,1894,1859,1894,35
trotting,1911,1894,1911,17
walking,1935,1911,1935,24
stepping,1941,1935,1941,6
walking,1967,1941,1967,26
stepping,1969,1967,1969,2
rising,2030,1969,2030,61
sniffing,2086,2030,2086,56
walking,2087,2086,2087,1
rising,2088,2087,2088,1
sniffing,2089,2088,2089,1
rising,2100,2089,2100,11
left_turning,2101,2100,2101,1
running,2118,2101,2118,17
trotting,2137,2118,2137,19
sniffing,2138,2137,2138,1
walking,2139,2138,2139,1
sniffing,2212,2139,2212,73
walking,2241,2212,2241,29
sniffing,2322,2241,2322,81
rearing,2387,2322,2387,65
hunching,2451,2387,2451,64
rearing,2470,2451,2470,19
sniffing,2514,2470,2514,44
walking,2546,2514,2546,32
stepping,2575,2546,2575,29
grooming,2576,2575,2576,1
sniffing,2619,2576,2619,43
stepping,2620,2619,2620,1
rising,2624,2620,2624,4
grooming,2678,2624,2678,54
walking,2719,2678,2719,41
running,2747,2719,2747,28
trotting,2754,2747,2754,7
walking,2772,2754,2772,18
stepping,2778,2772,2778,6
walking,2842,2778,2842,64
trotting,2867,2842,2867,25
sniffing,2937,2867,2937,70
left_turning,2972,2937,2972,35
running,3011,2972,3011,39
walking,3012,3011,3012,1
stepping,3039,3012,3039,27
sniffing,3104,3039,3104,65
hunching,3132,3104,3132,28
rising,3143,3132,3143,11
sniffing,3168,3143,3168,25
trotting,3201,3168,3201,33
stepping,3243,3201,3243,42
rising,3341,3243,3341,98
grooming,3962,3341,3962,621
sniffing,4027,3962,4027,65
rising,4089,4027,4089,62
walking,4109,4089,4109,20
trotting,4141,4109,4141,32
sniffing,4142,4141,4142,1
grooming,4248,4142,4248,106
walking,4345,4248,4345,97
rising,4377,4345,4377,32
rearing,4614,4377,4614,237
walking,4617,4614,4617,3
rearing,4625,4617,4625,8
rising,4670,4625,4670,45
trotting,4679,4670,4679,9
stepping,4702,4679,4702,23
rising,4703,4702,4703,1
stepping,4733,4703,4733,30
walking,4758,4733,4758,25
trotting,4789,4758,4789,31
walking,4840,4789,4840,51
stepping,4861,4840,4861,21
sniffing,4862,4861,4862,1
grooming,4926,4862,4926,64
left_turning,4941,4926,4941,15
trotting,4963,4941,4963,22
walking,5020,4963,5020,57
trotting,5036,5020,5036,16
walking,5049,5036,5049,13
trotting,5068,5049,5068,19
walking,5090,5068,5090,22
rising,5118,5090,5118,28
grooming,5119,5118,5119,1
walking,5120,5119,5120,1
stepping,5163,5120,5163,43
sniffing,5208,5163,5208,45
right_turning,5221,5208,5221,13
walking,5231,5221,5231,10
rising,5232,5231,5232,1
sniffing,5244,5232,5244,12
walking,5286,5244,5286,42
sniffing,5294,5286,5294,8
running,5352,5294,5352,58
sniffing,5366,5352,5366,14
trotting,5387,5366,5387,21
stepping,5490,5387,5490,103
right_turning,5531,5490,5531,41
walking,5532,5531,5532,1
rising,5555,5532,5555,23
sniffing,5556,5555,5556,1
stepping,5596,5556,5596,40
rising,5597,5596,5597,1
climbing,5644,5597,5644,47
hunching,5716,5644,5716,72
grooming,5813,5716,5813,97
stepping,5873,5813,5873,60
sniffing,5969,5873,5969,96
stepping,5976,5969,5976,7
trotting,5982,5976,5982,6
stepping,6025,5982,6025,43
rising,6042,6025,6042,17
sniffing,6071,6042,6071,29
walking,6084,6071,6084,13
sniffing,6088,6084,6088,4
hunching,6124,6088,6124,36
grooming,6336,6124,6336,212
left_turning,6337,6336,6337,1
walking,6356,6337,6356,19
sniffing,6388,6356,6388,32
grooming,6389,6388,6389,1
hunching,6483,6389,6483,94
grooming,6567,6483,6567,84
rising,6670,6567,6670,103
grooming,7437,6670,7437,767
sniffing,7621,7437,7621,184
rising,7639,7621,7639,18
hunching,7692,7639,7692,53
grooming,7699,7692,7699,7
rearing,7700,7699,7700,1
sniffing,7701,7700,7701,1
stepping,7706,7701,7706,5
walking,7747,7706,7747,41
stepping,7766,7747,7766,19
walking,7814,7766,7814,48
grooming,7887,7814,7887,73
stepping,7938,7887,7938,51
walking,7939,7938,7939,1
sniffing,8032,7939,8032,93
grooming,8153,8032,8153,121
sniffing,8154,8153,8154,1
right_turning,8179,8154,8179,25
stepping,8180,8179,8180,1
rising,8220,8180,8220,40
sniffing,8280,8220,8280,60
walking,8291,8280,8291,11
rising,8340,8291,8340,49
trotting,8359,8340,8359,19
sniffing,8396,8359,8396,37
walking,8441,8396,8441,45
sniffing,8487,8441,8487,46
rearing,8510,8487,8510,23
sniffing,8555,8510,8555,45
stepping,8582,8555,8582,27
rising,8613,8582,8613,31
hunching,8643,8613,8643,30
grooming,9101,8643,9101,458
walking,9131,9101,9131,30
running,9155,9131,9155,24
sniffing,9156,9155,9156,1
grooming,9404,9156,9404,248
sniffing,9542,9404,9542,138
grooming,9543,9542,9543,1
stepping,9570,9543,9570,27
walking,9603,9570,9603,33
rearing,9799,9603,9799,196
grooming,9800,9799,9800,1
sniffing,9939,9800,9939,139
grooming,9976,9939,9976,37
rearing,9977,9976,9977,1
hunching,10080,9977,10080,103
left_turning,10131,10080,10131,51
running,10158,10131,10158,27
stepping,10205,10158,10205,47
sniffing,10207,10205,10207,2
rising,10208,10207,10208,1
climbing,10235,10208,10235,27
rising,10236,10235,10236,1
rearing,10252,10236,10252,16
rising,10258,10252,10258,6
sniffing,10305,10258,10305,47
trotting,10328,10305,10328,23
rising,10341,10328,10341,13
rearing,10342,10341,10342,1
grooming,10427,10342,10427,85
rising,10481,10427,10481,54
sniffing,10500,10481,10500,19
grooming,11113,10500,11113,613
rising,11128,11113,11128,15
walking,11141,11128,11141,13
rising,11164,11141,11164,23
grooming,11444,11164,11444,280
hunching,11445,11444,11445,1
grooming,11574,11445,11574,129
scratching,11602,11574,11602,28
walking,11648,11602,11648,46
rising,11678,11648,11678,30
grooming,11782,11678,11782,104
stepping,11845,11782,11845,63
sniffing,11847,11845,11847,2
walking,11878,11847,11878,31
sniffing,11911,11878,11911,33
walking,11962,11911,11962,51
rising,11963,11962,11963,1
climbing,11990,11963,11990,27
sniffing,12006,11990,12006,16
left_turning,12019,12006,12019,13
rising,12240,12019,12240,221
walking,12292,12240,12292,52
running,12317,12292,12317,25
sniffing,12424,12317,12424,107
rising,12440,12424,12440,16
hunching,12485,12440,12485,45
grooming,12486,12485,12486,1
rising,12565,12486,12565,79
climbing,12587,12565,12587,22
walking,12588,12587,12588,1
rearing,12639,12588,12639,51
hunching,12717,12639,12717,78
rising,12718,12717,12718,1
climbing,12771,12718,12771,53
sniffing,12816,12771,12816,45
rising,12845,12816,12845,29
stepping,12870,12845,12870,25
rearing,13127,12870,13127,257
grooming,13327,13127,13327,200
stepping,13357,13327,13357,30
rising,13402,13357,13402,45
sniffing,13457,13402,13457,55
grooming,13678,13457,13678,221
rising,13766,13678,13766,88
left_turning,13798,13766,13798,32
right_turning,13801,13798,13801,3
climbing,13802,13801,13802,1
rearing,13828,13802,13828,26
hunching,13910,13828,13910,82
rearing,13995,13910,13995,85
sniffing,14096,13995,14096,101
walking,14119,14096,14119,23
grooming,14256,14119,14256,137
sniffing,14279,14256,14279,23
left_turning,14343,14279,14343,64
trotting,14371,14343,14371,28
sniffing,14375,14371,14375,4
stepping,14443,14375,14443,68
sniffing,14488,14443,14488,45
rising,14506,14488,14506,18
grooming,14507,14506,14507,1
stepping,14534,14507,14534,27
sniffing,14601,14534,14601,67
grooming,14632,14601,14632,31
rising,14664,14632,14664,32
climbing,14683,14664,14683,19
grooming,14753,14683,14753,70
rising,14786,14753,14786,33
right_turning,14853,14786,14853,67
sniffing,14854,14853,14854,1
walking,14895,14854,14895,41
stepping,14896,14895,14896,1
sniffing,14897,14896,14897,1
running,14914,14897,14914,17
rising,14953,14914,14953,39
grooming,14954,14953,14954,1
sniffing,15047,14954,15047,93
grooming,15048,15047,15048,1
hunching,15085,15048,15085,37
grooming,15249,15085,15249,164
left_turning,15268,15249,15268,19
sniffing,15347,15268,15347,79
walking,15381,15347,15381,34
stepping,15382,15381,15382,1
rising,15523,15382,15523,141
hunching,15625,15523,15625,102
rearing,15757,15625,15757,132
hunching,15830,15757,15830,73
grooming,16569,15830,16569,739
walking,16574,16569,16574,5
rearing,16824,16574,16824,250
climbing,16849,16824,16849,25
rising,16850,16849,16850,1
grooming,16953,16850,16953,103
rising,17077,16953,17077,124
rearing,17142,17077,17142,65
right_turning,17179,17142,17179,37
walking,17246,17179,17246,67
rearing,17351,17246,17351,105
grooming,17522,17351,17522,171
rearing,17641,17522,17641,119
hunching,17677,17641,17677,36
grooming,17958,17677,17958,281
walking,18013,17958,18013,55
sniffing,18077,18013,18077,64
grooming,18078,18077,18078,1
hunching,18119,18078,18119,41
rearing,18120,18119,18120,1
walking,18141,18120,18141,21
stepping,18184,18141,18184,43
rising,18223,18184,18223,39
walking,18236,18223,18236,13
stepping,18279,18236,18279,43
walking,18316,18279,18316,37
stepping,18358,18316,18358,42
right_turning,18377,18358,18377,19
sniffing,18484,18377,18484,107
rising,18530,18484,18530,46
sniffing,18531,18530,18531,1
rising,18532,18531,18532,1
climbing,18588,18532,18588,56
left_turning,18604,18588,18604,16
walking,18626,18604,18626,22
trotting,18640,18626,18640,14
walking,18683,18640,18683,43
stepping,18724,18683,18724,41
sniffing,18725,18724,18725,1
running,18747,18725,18747,22
stepping,18778,18747,18778,31
rising,18821,18778,18821,43
rearing,18855,18821,18855,34
climbing,18867,18855,18867,12
walking,18935,18867,18935,68
trotting,18958,18935,18958,23
sniffing,18998,18958,18998,40
stepping,19047,18998,19047,49
sniffing,19094,19047,19094,47
left_turning,19101,19094,19101,7
stepping,19110,19101,19110,9
sniffing,19169,19110,19169,59
stepping,19219,19169,19219,50
walking,19220,19219,19220,1
sniffing,19244,19220,19244,24
trotting,19272,19244,19272,28
running,19324,19272,19324,52
walking,19326,19324,19326,2
left_turning,19327,19326,19327,1
sniffing,19382,19327,19382,55
right_turning,19383,19382,19383,1
stepping,19418,19383,19418,35
sniffing,19442,19418,19442,24
climbing,19458,19442,19458,16
sniffing,19468,19458,19468,10
rising,19490,19468,19490,22
walking,19495,19490,19495,5
sniffing,19542,19495,19542,47
stepping,19585,19542,19585,43
walking,19602,19585,19602,17
sniffing,19651,19602,19651,49
right_turning,19675,19651,19675,24
stepping,19758,19675,19758,83
grooming,19759,19758,19759,1
walking,19760,19759,19760,1
sniffing,19795,19760,19795,35
grooming,19796,19795,19796,1
climbing,19861,19796,19861,65
right_turning,19882,19861,19882,21
stepping,19889,19882,19889,7
sniffing,19926,19889,19926,37
grooming,19967,19926,19967,41
left_turning,19968,19967,19968,1
sniffing,19983,19968,19983,15
hunching,20004,19983,20004,21
grooming,20005,20004,20005,1
left_turning,20037,20005,20037,32
grooming,20038,20037,20038,1
rearing,20039,20038,20039,1
stepping,20044,20039,20044,5
sniffing,20056,20044,20056,12
hunching,20138,20056,20138,82
rearing,20206,20138,20206,68
hunching,20246,20206,20246,40
rearing,20270,20246,20270,24
trotting,20299,20270,20299,29
sniffing,20356,20299,20356,57
rising,20396,20356,20396,40
grooming,20397,20396,20397,1
stepping,20404,20397,20404,7
sniffing,20412,20404,20412,8
climbing,20485,20412,20485,73
sniffing,20514,20485,20514,29
walking,20554,20514,20554,40
sniffing,20555,20554,20555,1
rising,20556,20555,20556,1
sniffing,20593,20556,20593,37
stepping,20660,20593,20660,67
walking,20710,20660,20710,50
grooming,20711,20710,20711,1
stepping,20807,20711,20807,96
climbing,20831,20807,20831,24
right_turning,20845,20831,20845,14
walking,20848,20845,20848,3
stepping,20861,20848,20861,13
sniffing,20923,20861,20923,62
stepping,20954,20923,20954,31
walking,20988,20954,20988,34
sniffing,20989,20988,20989,1
rearing,21065,20989,21065,76
grooming,21353,21065,21353,288
left_turning,21405,21353,21405,52
walking,21420,21405,21420,15
stepping,21469,21420,21469,49
sniffing,21470,21469,21470,1
rising,21500,21470,21500,30
walking,21501,21500,21501,1
sniffing,21586,21501,21586,85
stepping,21600,21586,21600,14
sniffing,21601,21600,21601,1
grooming,21760,21601,21760,159
left_turning,21788,21760,21788,28
walking,21804,21788,21804,16
rearing,22057,21804,22057,253
grooming,22910,22057,22910,853
sniffing,22929,22910,22929,19
rising,23052,22929,23052,123
climbing,23071,23052,23071,19
right_turning,23090,23071,23090,19
walking,23105,23090,23105,15
stepping,23148,23105,23148,43
sniffing,23177,23148,23177,29
left_turning,23228,23177,23228,51
stepping,23275,23228,23275,47
sniffing,23276,23275,23276,1
climbing,23312,23276,23312,36
grooming,23313,23312,23313,1
left_turning,23338,23313,23338,25
sniffing,23339,23338,23339,1
rearing,23432,23339,23432,93
left_turning,23439,23432,23439,7
trotting,23460,23439,23460,21
stepping,23494,23460,23494,34
sniffing,23561,23494,23561,67
stepping,23601,23561,23601,40
sniffing,23632,23601,23632,31
grooming,23633,23632,23633,1
stepping,23648,23633,23648,15
walking,23698,23648,23698,50
sniffing,23744,23698,23744,46
climbing,23782,23744,23782,38
grooming,23982,23782,23982,200
rearing,24018,23982,24018,36
grooming,24019,24018,24019,1
stepping,24043,24019,24043,24
rising,24062,24043,24062,19
walking,24079,24062,24079,17
sniffing,24122,24079,24122,43
grooming,24235,24122,24235,113
sniffing,24272,24235,24272,37
rising,24327,24272,24327,55
grooming,24392,24327,24392,65
right_turning,24413,24392,24413,21
walking,24434,24413,24434,21
sniffing,24435,24434,24435,1
rearing,24521,24435,24521,86
climbing,24563,24521,24563,42
running,24583,24563,24583,20
stepping,24603,24583,24603,20
grooming,24630,24603,24630,27
rising,24658,24630,24658,28
left_turning,24706,24658,24706,48
scratching,24851,24706,24851,145
sniffing,24854,24851,24854,3
climbing,24871,24854,24871,17
left_turning,24929,24871,24929,58
walking,24946,24929,24946,17
stepping,24964,24946,24964,18
climbing,25016,24964,25016,52
left_turning,25068,25016,25068,52
stepping,25122,25068,25122,54
walking,25124,25122,25124,2
trotting,25152,25124,25152,28
sniffing,25158,25152,25158,6
hunching,25197,25158,25197,39
stepping,25202,25197,25202,5
rising,25212,25202,25212,10
hunching,25296,25212,25296,84
rearing,25385,25296,25385,89
walking,25395,25385,25395,10
grooming,25568,25395,25568,173
stepping,25598,25568,25598,30
sniffing,25648,25598,25648,50
climbing,25689,25648,25689,41
left_turning,25703,25689,25703,14
walking,25711,25703,25711,8
sniffing,25776,25711,25776,65
trotting,25815,25776,25815,39
stepping,25881,25815,25881,66
walking,25928,25881,25928,47
sniffing,25976,25928,25976,48
hunching,26017,25976,26017,41
sniffing,26048,26017,26048,31
rearing,26141,26048,26141,93
climbing,26161,26141,26161,20
grooming,26711,26161,26711,550
rearing,26766,26711,26766,55
climbing,26830,26766,26830,64
stepping,26844,26830,26844,14
sniffing,26871,26844,26871,27
rearing,26872,26871,26872,1
stepping,26899,26872,26899,27
running,26925,26899,26925,26
trotting,26929,26925,26929,4
walking,26935,26929,26935,6
trotting,26943,26935,26943,8
sniffing,26960,26943,26960,17
walking,26987,26960,26987,27
sniffing,27055,26987,27055,68
climbing,27072,27055,27072,17
left_turning,27087,27072,27087,15
walking,27107,27087,27107,20
rising,27148,27107,27148,41
sniffing,27149,27148,27149,1
stepping,27181,27149,27181,32
sniffing,27182,27181,27182,1
stepping,27245,27182,27245,63
rising,27270,27245,27270,25
walking,27322,27270,27322,52
sniffing,27446,27322,27446,124
climbing,27470,27446,27470,24
sniffing,27471,27470,27471,1
walking,27551,27471,27551,80
sniffing,27577,27551,27577,26
stepping,27602,27577,27602,25
sniffing,27615,27602,27615,13
stepping,27641,27615,27641,26
sniffing,27642,27641,27642,1
grooming,27814,27642,27814,172
walking,27892,27814,27892,78
stepping,27908,27892,27908,16
sniffing,27954,27908,27954,46
rising,27955,27954,27955,1
grooming,28049,27955,28049,94
hunching,28162,28049,28162,113
grooming,28330,28162,28330,168
rearing,28412,28330,28412,82
climbing,28510,28412,28510,98
left_turning,28544,28510,28544,34
stepping,28572,28544,28572,28
sniffing,28685,28572,28685,113
climbing,28722,28685,28722,37
stepping,28760,28722,28760,38
sniffing,28765,28760,28765,5
scratching,28792,28765,28792,27
sniffing,28793,28792,28793,1
rising,28800,28793,28800,7
grooming,28801,28800,28801,1
left_turning,28884,28801,28884,83
walking,28908,28884,28908,24
rising,28993,28908,28993,85
stepping,29046,28993,29046,53
sniffing,29059,29046,29059,13
rising,29142,29059,29142,83
rearing,29205,29142,29205,63
rising,29281,29205,29281,76
trotting,29318,29281,29318,37
sniffing,29341,29318,29341,23
right_turning,29346,29341,29346,5
grooming,29347,29346,29347,1
trotting,29406,29347,29406,59
sniffing,29447,29406,29447,41
stepping,29476,29447,29476,29
sniffing,29477,29476,29477,1
rising,29480,29477,29480,3
sniffing,29481,29480,29481,1
grooming,29610,29481,29610,129
stepping,29612,29610,29612,2
right_turning,29646,29612,29646,34
trotting,29659,29646,29659,13
rearing,29728,29659,29728,69
hunching,29729,29728,29729,1
rearing,29816,29729,29816,87
rising,29843,29816,29843,27
sniffing,29905,29843,29905,62
grooming,29935,29905,29935,30
stepping,29953,29935,29953,18
grooming,30386,29953,30386,433
stepping,30387,30386,30387,1
sniffing,30399,30387,30399,12
stepping,30410,30399,30410,11
walking,30416,30410,30416,6
rearing,30521,30416,30521,105
stepping,30524,30521,30524,3
rising,30565,30524,30565,41
left_turning,30614,30565,30614,49
walking,30651,30614,30651,37
sniffing,30652,30651,30652,1
grooming,30782,30652,30782,130
left_turning,30800,30782,30800,18
sniffing,30864,30800,30864,64
grooming,31157,30864,31157,293
stepping,31188,31157,31188,31
running,31208,31188,31208,20
trotting,31209,31208,31209,1
sniffing,31265,31209,31265,56
stepping,31308,31265,31308,43
climbing,31350,31308,31350,42
trotting,31372,31350,31372,22
stepping,31386,31372,31386,14
sniffing,31458,31386,31458,72
trotting,31469,31458,31469,11
sniffing,31540,31469,31540,71
stepping,31563,31540,31563,23
walking,31624,31563,31624,61
right_turning,31639,31624,31639,15
walking,31659,31639,31659,20
stepping,31676,31659,31676,17
grooming,31677,31676,31677,1
running,31678,31677,31678,1
walking,31696,31678,31696,18
stepping,31725,31696,31725,29
climbing,31767,31725,31767,42
right_turning,31788,31767,31788,21
stepping,31817,31788,31817,29
sniffing,31818,31817,31818,1
walking,31831,31818,31831,13
climbing,31900,31831,31900,69
walking,31933,31900,31933,33
sniffing,31973,31933,31973,40
stepping,32077,31973,32077,104
sniffing,32131,32077,32131,54
stepping,32173,32131,32173,42
sniffing,32215,32173,32215,42
walking,32227,32215,32227,12
sniffing,32266,32227,32266,39
hunching,32332,32266,32332,66
rearing,32438,32332,32438,106
rising,32439,32438,32439,1
grooming,32471,32439,32471,32
stepping,32511,32471,32511,40
walking,32524,32511,32524,13
stepping,32551,32524,32551,27
sniffing,32579,32551,32579,28
stepping,32614,32579,32614,35
rearing,32705,32614,32705,91
sniffing,32756,32705,32756,51
grooming,32872,32756,32872,116
stepping,32898,32872,32898,26
walking,32916,32898,32916,18
stepping,32954,32916,32954,38
walking,32995,32954,32995,41
stepping,33019,32995,33019,24
rising,33047,33019,33047,28
stepping,33069,33047,33069,22
grooming,33086,33069,33086,17
hunching,33124,33086,33124,38
rearing,33370,33124,33370,246
grooming,33438,33370,33438,68
stepping,33446,33438,33446,8
walking,33482,33446,33482,36
sniffing,33574,33482,33574,92
stepping,33595,33574,33595,21
rearing,33621,33595,33621,26
sniffing,33666,33621,33666,45
rearing,33752,33666,33752,86
walking,33804,33752,33804,52
sniffing,33907,33804,33907,103
right_turning,33908,33907,33908,1
sniffing,33926,33908,33926,18
left_turning,33960,33926,33960,34
walking,33994,33960,33994,34
left_turning,34009,33994,34009,15
scratching,34066,34009,34066,57
sniffing,34169,34066,34169,103
right_turning,34182,34169,34182,13
walking,34253,34182,34253,71
stepping,34285,34253,34285,32
rising,34330,34285,34330,45
rearing,34374,34330,34374,44
stepping,34388,34374,34388,14
sniffing,34460,34388,34460,72
stepping,34461,34460,34461,1
running,34493,34461,34493,32
stepping,34501,34493,34501,8
sniffing,34554,34501,34554,53
grooming,34634,34554,34634,80
stepping,34675,34634,34675,41
walking,34711,34675,34711,36
sniffing,34712,34711,34712,1
walking,34714,34712,34714,2
sniffing,34769,34714,34769,55
rising,34812,34769,34812,43
climbing,34902,34812,34902,90
sniffing,34952,34902,34952,50
stepping,34973,34952,34973,21
grooming,35048,34973,35048,75
hunching,35097,35048,35097,49
rearing,35124,35097,35124,27
climbing,35156,35124,35156,32
grooming,35161,35156,35161,5
rearing,35273,35161,35273,112
grooming,35571,35273,35571,298
left_turning,35577,35571,35577,6
hunching,35664,35577,35664,87
rearing,35759,35664,35759,95
rising,35795,35759,35795,36
sniffing,35930,35795,35930,135
rearing,35978,35930,35978,48
rising,36000,35978,36000,22
grooming,36001,36000,36001,1
hunching,36093,36001,36093,92
rearing,36168,36093,36168,75
grooming,36225,36168,36225,57
climbing,36271,36225,36271,46
grooming,36272,36271,36272,1
sniffing,36285,36272,36285,13
grooming,36286,36285,36286,1
walking,36302,36286,36302,16
rising,36345,36302,36345,43
climbing,36375,36345,36375,30
sniffing,36414,36375,36414,39
rising,36457,36414,36457,43
sniffing,36475,36457,36475,18
left_turning,36483,36475,36483,8
sniffing,36520,36483,36520,37
grooming,36762,36520,36762,242
rearing,36763,36762,36763,1
right_turning,36792,36763,36792,29
trotting,36827,36792,36827,35
climbing,36852,36827,36852,25
grooming,37482,36852,37482,630
rearing,37483,37482,37483,1
stepping,37506,37483,37506,23
climbing,37510,37506,37510,4
sniffing,37624,37510,37624,114
rearing,37720,37624,37720,96
climbing,37784,37720,37784,64
rising,37796,37784,37796,12
grooming,37797,37796,37797,1
hunching,37807,37797,37807,10
grooming,37961,37807,37961,154
hunching,38005,37961,38005,44
walking,38037,38005,38037,32
left_turning,38061,38037,38061,24
rearing,38073,38061,38073,12
climbing,38145,38073,38145,72
sniffing,38187,38145,38187,42
stepping,38190,38187,38190,3
sniffing,38191,38190,38191,1
stepping,38200,38191,38200,9
sniffing,38232,38200,38232,32
rising,38251,38232,38251,19
grooming,38562,38251,38562,311
rising,38563,38562,38563,1
grooming,38564,38563,38564,1
rearing,38601,38564,38601,37
rising,38636,38601,38636,35
left_turning,38677,38636,38677,41
sniffing,38691,38677,38691,14
walking,38729,38691,38729,38
sniffing,38738,38729,38738,9
stepping,38804,38738,38804,66
sniffing,38835,38804,38835,31
grooming,38875,38835,38875,40
rearing,38880,38875,38880,5
right_turning,38898,38880,38898,18
grooming,38907,38898,38907,9
rearing,39011,38907,39011,104
grooming,39139,39011,39139,128
stepping,39179,39139,39179,40
sniffing,39281,39179,39281,102
rising,39286,39281,39286,5
stepping,39309,39286,39309,23
climbing,39387,39309,39387,78
rearing,39408,39387,39408,21
left_turning,39448,39408,39448,40
walking,39504,39448,39504,56
left_turning,39568,39504,39568,64
stepping,39606,39568,39606,38
rearing,39609,39606,39609,3
walking,39661,39609,39661,52
stepping,39705,39661,39705,44
sniffing,39751,39705,39751,46
stepping,39781,39751,39781,30
rearing,39782,39781,39782,1
left_turning,39822,39782,39822,40
sniffing,39835,39822,39835,13
stepping,39900,39835,39900,65
sniffing,39929,39900,39929,29
grooming,39930,39929,39930,1
left_turning,39972,39930,39972,42
grooming,39973,39972,39973,1
rearing,40028,39973,40028,55
sniffing,40038,40028,40038,10
grooming,40196,40038,40196,158
hunching,40466,40196,40466,270
grooming,40675,40466,40675,209
walking,40726,40675,40726,51
sniffing,40727,40726,40727,1
walking,40760,40727,40760,33
stepping,40828,40760,40828,68
walking,40844,40828,40844,16
rising,40852,40844,40852,8
climbing,40879,40852,40879,27
grooming,40880,40879,40880,1
left_turning,40898,40880,40898,18
grooming,40951,40898,40951,53
sniffing,40966,40951,40966,15
climbing,41011,40966,41011,45
left_turning,41030,41011,41030,19
walking,41086,41030,41086,56
right_turning,41123,41086,41123,37
stepping,41195,41123,41195,72
right_turning,41196,41195,41196,1
walking,41217,41196,41217,21
rising,41262,41217,41262,45
grooming,41364,41262,41364,102
scratching,41466,41364,41466,102
sniffing,41489,41466,41489,23
rising,41504,41489,41504,15
climbing,41540,41504,41540,36
trotting,41578,41540,41578,38
sniffing,41643,41578,41643,65
stepping,41672,41643,41672,29
sniffing,41742,41672,41742,70
walking,41771,41742,41771,29
sniffing,41801,41771,41801,30
walking,41805,41801,41805,4
rising,41813,41805,41813,8
climbing,41885,41813,41885,72
stepping,41909,41885,41909,24
walking,42006,41909,42006,97
sniffing,42083,42006,42083,77
grooming,42084,42083,42084,1
sniffing,42085,42084,42085,1
stepping,42102,42085,42102,17
climbing,42152,42102,42152,50
stepping,42211,42152,42211,59
grooming,42212,42211,42212,1
right_turning,42221,42212,42221,9
sniffing,42250,42221,42250,29
walking,42273,42250,42273,23
running,42312,42273,42312,39
trotting,42320,42312,42320,8
stepping,42328,42320,42328,8
rising,42379,42328,42379,51
stepping,42404,42379,42404,25
grooming,42405,42404,42405,1
rearing,42484,42405,42484,79
stepping,42509,42484,42509,25
rearing,42607,42509,42607,98
grooming,42934,42607,42934,327
hunching,43142,42934,43142,208
rearing,43243,43142,43243,101
grooming,43284,43243,43284,41
left_turning,43295,43284,43295,11
grooming,43685,43295,43685,390
scratching,43694,43685,43694,9
grooming,43695,43694,43695,1
stepping,43738,43695,43738,43
grooming,43739,43738,43739,1
sniffing,43789,43739,43789,50
stepping,43822,43789,43822,33
trotting,43830,43822,43830,8
stepping,43863,43830,43863,33
walking,43906,43863,43906,43
sniffing,43909,43906,43909,3
grooming,44018,43909,44018,109
stepping,44035,44018,44035,17
walking,44082,44035,44082,47
stepping,44121,44082,44121,39
sniffing,44157,44121,44157,36
left_turning,44202,44157,44202,45
grooming,44465,44202,44465,263
climbing,44540,44465,44540,75
walking,44564,44540,44564,24
stepping,44590,44564,44590,26
right_turning,44610,44590,44610,20
walking,44611,44610,44611,1
stepping,44650,44611,44650,39
sniffing,44866,44650,44866,216
rearing,44892,44866,44892,26
grooming,44966,44892,44966,74
stepping,44976,44966,44976,10
grooming,45855,44976,45855,879
walking,45864,45855,45864,9
sniffing,45924,45864,45924,60
rising,45925,45924,45925,1
rearing,45926,45925,45926,1
grooming,46909,45926,46909,983
scratching,47096,46909,47096,187
stepping,47122,47096,47122,26
grooming,47323,47122,47323,201
stepping,47333,47323,47333,10
sniffing,47334,47333,47334,1
climbing,47415,47334,47415,81
sniffing,47437,47415,47437,22
scratching,47781,47437,47781,344
stepping,47782,47781,47782,1
sniffing,47831,47782,47831,49
grooming,47854,47831,47854,23
hunching,47855,47854,47855,1
grooming,47888,47855,47888,33
sniffing,47935,47888,47935,47
rearing,47936,47935,47936,1
grooming,48085,47936,48085,149
walking,48103,48085,48103,18
sniffing,48135,48103,48135,32
grooming,48279,48135,48279,144
right_turning,48319,48279,48319,40
sniffing,48517,48319,48517,198
walking,48547,48517,48547,30
stepping,48555,48547,48555,8
climbing,48568,48555,48568,13
walking,48619,48568,48619,51
left_turning,48620,48619,48620,1
walking,48654,48620,48654,34
left_turning,48672,48654,48672,18
walking,48685,48672,48685,13
sniffing,48716,48685,48716,31
left_turning,48733,48716,48733,17
grooming,48734,48733,48734,1
walking,48745,48734,48745,11
stepping,48758,48745,48758,13
sniffing,48779,48758,48779,21
climbing,48818,48779,48818,39
right_turning,48839,48818,48839,21
walking,48847,48839,48847,8
climbing,48883,48847,48883,36
grooming,49380,48883,49380,497
rearing,49430,49380,49430,50
grooming,49708,49430,49708,278
climbing,49817,49708,49817,109
grooming,49852,49817,49852,35
rearing,49878,49852,49878,26
hunching,49960,49878,49960,82
sniffing,50120,49960,50120,160
grooming,50338,50120,50338,218
walking,50394,50338,50394,56
stepping,50402,50394,50402,8
rearing,50470,50402,50470,68
grooming,50700,50470,50700,230
rearing,50701,50700,50701,1
grooming,50911,50701,50911,210
stepping,50912,50911,50912,1
grooming,50913,50912,50913,1
right_turning,50939,50913,50939,26
stepping,50965,50939,50965,26
walking,51001,50965,51001,36
climbing,51051,51001,51051,50
grooming,51052,51051,51052,1
sniffing,51121,51052,51121,69
walking,51151,51121,51151,30
rising,51153,51151,51153,2
rearing,51223,51153,51223,70
grooming,51224,51223,51224,1
rearing,51391,51224,51391,167
hunching,51457,51391,51457,66
rearing,51540,51457,51540,83
grooming,51541,51540,51541,1
walking,51571,51541,51571,30
trotting,51588,51571,51588,17
sniffing,51656,51588,51656,68
rising,51675,51656,51675,19
right_turning,51697,51675,51697,22
walking,51698,51697,51698,1
sniffing,51712,51698,51712,14
stepping,51738,51712,51738,26
sniffing,51790,51738,51790,52
rising,51791,51790,51791,1
climbing,51806,51791,51806,15
stepping,51811,51806,51811,5
left_turning,51834,51811,51834,23
stepping,51835,51834,51835,1
sniffing,51930,51835,51930,95
walking,51947,51930,51947,17
sniffing,51973,51947,51973,26
grooming,51974,51973,51974,1
stepping,52032,51974,52032,58
right_turning,52058,52032,52058,26
sniffing,52068,52058,52068,10
rising,52126,52068,52126,58
sniffing,52150,52126,52150,24
stepping,52162,52150,52162,12
sniffing,52207,52162,52207,45
rising,52238,52207,52238,31
scratching,52355,52238,52355,117
left_turning,52363,52355,52363,8
sniffing,52494,52363,52494,131
walking,52495,52494,52495,1
sniffing,52617,52495,52617,122
walking,52636,52617,52636,19
rising,52698,52636,52698,62
sniffing,52842,52698,52842,144
walking,52847,52842,52847,5
stepping,52861,52847,52861,14
sniffing,52882,52861,52882,21
rising,52895,52882,52895,13
climbing,52950,52895,52950,55
left_turning,52966,52950,52966,16
walking,52987,52966,52987,21
sniffing,53013,52987,53013,26
grooming,53798,53013,53798,785
rearing,53807,53798,53807,9
grooming,53808,53807,53808,1
hunching,54020,53808,54020,212
grooming,54461,54020,54461,441
sniffing,54508,54461,54508,47
hunching,54590,54508,54590,82
rearing,54677,54590,54677,87
hunching,54707,54677,54707,30
grooming,54946,54707,54946,239
sniffing,54947,54946,54947,1
trotting,54974,54947,54974,27
grooming,55014,54974,55014,40
climbing,55026,55014,55026,12
left_turning,55027,55026,55027,1
walking,55079,55027,55079,52
sniffing,55150,55079,55150,71
rising,55207,55150,55207,57
grooming,55459,55207,55459,252
hunching,55505,55459,55505,46
rising,55506,55505,55506,1
grooming,55507,55506,55507,1
walking,55528,55507,55528,21
sniffing,55592,55528,55592,64
rearing,55652,55592,55652,60
climbing,55688,55652,55688,36
left_turning,55700,55688,55700,12
walking,55731,55700,55731,31
sniffing,55821,55731,55821,90
rising,55845,55821,55845,24
climbing,55888,55845,55888,43
sniffing,55889,55888,55889,1
walking,55903,55889,55903,14
sniffing,55911,55903,55911,8
walking,55930,55911,55930,19
sniffing,55931,55930,55931,1
grooming,55932,55931,55932,1
sniffing,56014,55932,56014,82
walking,56073,56014,56073,59
trotting,56100,56073,56100,27
sniffing,56135,56100,56135,35
walking,56174,56135,56174,39
sniffing,56238,56174,56238,64
grooming,56239,56238,56239,1
rearing,56308,56239,56308,69
left_turning,56318,56308,56318,10
stepping,56340,56318,56340,22
walking,56363,56340,56363,23
stepping,56364,56363,56364,1
sniffing,56386,56364,56386,22
walking,56396,56386,56396,10
stepping,56418,56396,56418,22
running,56440,56418,56440,22
walking,56458,56440,56458,18
sniffing,56523,56458,56523,65
walking,56553,56523,56553,30
sniffing,56605,56553,56605,52
grooming,56633,56605,56633,28
hunching,56661,56633,56661,28
sniffing,56734,56661,56734,73
stepping,56776,56734,56776,42
trotting,56791,56776,56791,15
sniffing,56835,56791,56835,44
rising,56851,56835,56851,16
sniffing,56852,56851,56852,1
walking,56885,56852,56885,33
stepping,56917,56885,56917,32
sniffing,56918,56917,56918,1
stepping,56940,56918,56940,22
right_turning,56986,56940,56986,46
walking,57010,56986,57010,24
sniffing,57062,57010,57062,52
stepping,57072,57062,57072,10
walking,57096,57072,57096,24
sniffing,57097,57096,57097,1
scratching,57099,57097,57099,2
grooming,57354,57099,57354,255
left_turning,57378,57354,57378,24
trotting,57430,57378,57430,52
running,57452,57430,57452,22
stepping,57459,57452,57459,7
rearing,57460,57459,57460,1
sniffing,57464,57460,57464,4
rising,57481,57464,57481,17
climbing,57510,57481,57510,29
rearing,57591,57510,57591,81
jumping,57634,57591,57634,43
left_turning,57635,57634,57635,1
sniffing,57642,57635,57642,7
rising,57652,57642,57652,10
left_turning,57678,57652,57678,26
grooming,57679,57678,57679,1
rising,57680,57679,57680,1
left_turning,57704,57680,57704,24
sniffing,57757,57704,57757,53
rising,57778,57757,57778,21
rearing,57889,57778,57889,111
grooming,58427,57889,58427,538
stepping,58490,58427,58490,63
walking,58491,58490,58491,1
stepping,58545,58491,58545,54
sniffing,58585,58545,58585,40
walking,58605,58585,58605,20
stepping,58606,58605,58606,1
walking,58607,58606,58607,1
sniffing,58630,58607,58630,23
walking,58648,58630,58648,18
trotting,58664,58648,58664,16
walking,58696,58664,58696,32
sniffing,58775,58696,58775,79
stepping,58813,58775,58813,38
sniffing,58892,58813,58892,79
stepping,58920,58892,58920,28
walking,58946,58920,58946,26
stepping,58963,58946,58963,17
rising,58977,58963,58977,14
left_turning,59009,58977,59009,32
stepping,59028,59009,59028,19
sniffing,59069,59028,59069,41
rising,59119,59069,59119,50
left_turning,59173,59119,59173,54
sniffing,59225,59173,59225,52
walking,59263,59225,59263,38
running,59282,59263,59282,19
sniffing,59294,59282,59294,12
left_turning,59338,59294,59338,44
walking,59365,59338,59365,27
sniffing,59394,59365,59394,29
stepping,59443,59394,59443,49
grooming,60071,59443,60071,628
rearing,60101,60071,60101,30
climbing,60131,60101,60131,30
grooming,60226,60131,60226,95
left_turning,60230,60226,60230,4
scratching,60247,60230,60247,17
sniffing,60341,60247,60341,94
rising,60392,60341,60392,51
rearing,60571,60392,60571,179
grooming,60807,60571,60807,236
left_turning,60865,60807,60865,58
stepping,60873,60865,60873,8
rising,60906,60873,60906,33
sniffing,60938,60906,60938,32
climbing,60951,60938,60951,13
grooming,60958,60951,60958,7
sniffing,61077,60958,61077,119
rising,61085,61077,61085,8
walking,61121,61085,61121,36
sniffing,61174,61121,61174,53
hunching,61191,61174,61191,17
grooming,61192,61191,61192,1
hunching,61281,61192,61281,89
grooming,61282,61281,61282,1
climbing,61365,61282,61365,83
running,61381,61365,61381,16
walking,61407,61381,61407,26
sniffing,61431,61407,61431,24
stepping,61432,61431,61432,1
sniffing,61487,61432,61487,55
stepping,61515,61487,61515,28
sniffing,61532,61515,61532,17
walking,61537,61532,61537,5
stepping,61598,61537,61598,61
sniffing,61599,61598,61599,1
stepping,61644,61599,61644,45
trotting,61698,61644,61698,54
sniffing,61753,61698,61753,55
grooming,61970,61753,61970,217
rearing,62004,61970,62004,34
walking,62027,62004,62027,23
sniffing,62069,62027,62069,42
stepping,62083,62069,62083,14
climbing,62198,62083,62198,115
hunching,62288,62198,62288,90
grooming,62566,62288,62566,278
trotting,62571,62566,62571,5
climbing,62607,62571,62607,36
rising,62608,62607,62608,1
climbing,62640,62608,62640,32
left_turning,62654,62640,62654,14
sniffing,62683,62654,62683,29
walking,62701,62683,62701,18
sniffing,62917,62701,62917,216
walking,62962,62917,62962,45
sniffing,62970,62962,62970,8
stepping,62976,62970,62976,6
rising,63012,62976,63012,36
climbing,63054,63012,63054,42
walking,63069,63054,63069,15
sniffing,63169,63069,63169,100
grooming,63226,63169,63226,57
scratching,63296,63226,63296,70
sniffing,63390,63296,63390,94
rising,63478,63390,63478,88
grooming,63564,63478,63564,86
rearing,63616,63564,63616,52
rising,63617,63616,63617,1
grooming,63718,63617,63718,101
sniffing,63812,63718,63812,94
rising,63988,63812,63988,176
rearing,64065,63988,64065,77
rising,64066,64065,64066,1
grooming,64067,64066,64067,1
stepping,64075,64067,64075,8
left_turning,64102,64075,64102,27
stepping,64162,64102,64162,60
sniffing,64200,64162,64200,38
left_turning,64254,64200,64254,54
sniffing,64336,64254,64336,82
trotting,64365,64336,64365,29
sniffing,64366,64365,64366,1
climbing,64513,64366,64513,147
grooming,64622,64513,64622,109
rearing,64664,64622,64664,42
grooming,64826,64664,64826,162
sniffing,64908,64826,64908,82
left_turning,64909,64908,64909,1
walking,64927,64909,64927,18
sniffing,65020,64927,65020,93
stepping,65063,65020,65063,43
sniffing,65097,65063,65097,34
rising,65100,65097,65100,3
rearing,65178,65100,65178,78
grooming,65179,65178,65179,1
rearing,65180,65179,65180,1
climbing,65221,65180,65221,41
trotting,65259,65221,65259,38
grooming,65644,65259,65644,385
right_turning,65646,65644,65646,2
stepping,65688,65646,65688,42
walking,65689,65688,65689,1
stepping,65690,65689,65690,1
sniffing,65898,65690,65898,208
grooming,66279,65898,66279,381
scratching,66367,66279,66367,88
sniffing,66557,66367,66557,190
walking,66584,66557,66584,27
sniffing,66619,66584,66619,35
stepping,66643,66619,66643,24
grooming,67297,66643,67297,654
rearing,67500,67297,67500,203
rising,67501,67500,67501,1
sniffing,67545,67501,67545,44
left_turning,67557,67545,67557,12
sniffing,67558,67557,67558,1
walking,67580,67558,67580,22
rising,67581,67580,67581,1
rearing,67582,67581,67582,1
grooming,67628,67582,67628,46
sniffing,67700,67628,67700,72
running,67719,67700,67719,19
walking,67738,67719,67738,19
sniffing,67779,67738,67779,41
right_turning,67798,67779,67798,19
rising,67843,67798,67843,45
grooming,67844,67843,67844,1
trotting,67870,67844,67870,26
walking,67902,67870,67902,32
sniffing,68021,67902,68021,119
stepping,68074,68021,68074,53
sniffing,68083,68074,68083,9
rising,68084,68083,68084,1
climbing,68093,68084,68093,9
rising,68187,68093,68187,94
sniffing,68224,68187,68224,37
trotting,68242,68224,68242,18
climbing,68243,68242,68243,1
grooming,68244,68243,68244,1
hunching,68282,68244,68282,38
grooming,68297,68282,68297,15
sniffing,68344,68297,68344,47
walking,68352,68344,68352,8
stepping,68364,68352,68364,12
walking,68398,68364,68398,34
stepping,68401,68398,68401,3
sniffing,68402,68401,68402,1
rising,68418,68402,68418,16
rearing,68462,68418,68462,44
left_turning,68463,68462,68463,1
sniffing,68541,68463,68541,78
rising,68581,68541,68581,40
rearing,69017,68581,69017,436
grooming,69192,69017,69192,175
left_turning,69219,69192,69219,27
grooming,69376,69219,69376,157
rearing,69377,69376,69377,1
grooming,69980,69377,69980,603
hunching,70135,69980,70135,155
rearing,70162,70135,70162,27
rising,70203,70162,70203,41
grooming,70272,70203,70272,69
trotting,70283,70272,70283,11
walking,70359,70283,70359,76
sniffing,70478,70359,70478,119
rearing,70577,70478,70577,99
sniffing,70618,70577,70618,41
stepping,70659,70618,70659,41
sniffing,70660,70659,70660,1
stepping,70661,70660,70661,1
walking,70689,70661,70689,28
sniffing,70821,70689,70821,132
stepping,70822,70821,70822,1
sniffing,70858,70822,70858,36
walking,70899,70858,70899,41
climbing,70924,70899,70924,25
rising,70952,70924,70952,28
left_turning,70991,70952,70991,39
walking,71020,70991,71020,29
sniffing,71113,71020,71113,93
grooming,71295,71113,71295,182
trotting,71296,71295,71296,1
stepping,71336,71296,71336,40
rising,71337,71336,71337,1
climbing,71442,71337,71442,105
grooming,71443,71442,71443,1
left_turning,71543,71443,71543,100
running,71569,71543,71569,26
sniffing,71635,71569,71635,66
grooming,72306,71635,72306,671
sniffing,72392,72306,72392,86
rising,72418,72392,72418,26
climbing,72447,72418,72447,29
left_turning,72477,72447,72477,30
stepping,72529,72477,72529,52
sniffing,72533,72529,72533,4
stepping,72571,72533,72571,38
walking,72583,72571,72583,12
sniffing,72640,72583,72640,57
right_turning,72641,72640,72641,1
sniffing,72656,72641,72656,15
walking,72682,72656,72682,26
rearing,72761,72682,72761,79
sniffing,72829,72761,72829,68
stepping,72846,72829,72846,17
sniffing,72885,72846,72885,39
right_turning,72895,72885,72895,10
stepping,72918,72895,72918,23
rising,73041,72918,73041,123
stepping,73074,73041,73074,33
sniffing,73088,73074,73088,14
stepping,73120,73088,73120,32
walking,73175,73120,73175,55
sniffing,73270,73175,73270,95
right_turning,73289,73270,73289,19
walking,73309,73289,73309,20
climbing,73350,73309,73350,41
rearing,73407,73350,73407,57
sniffing,73430,73407,73430,23
walking,73443,73430,73443,13
sniffing,73502,73443,73502,59
stepping,73540,73502,73540,38
walking,73554,73540,73554,14
grooming,73677,73554,73677,123
rearing,73763,73677,73763,86
left_turning,73785,73763,73785,22
rising,73786,73785,73786,1
sniffing,73852,73786,73852,66
right_turning,73871,73852,73871,19
climbing,73900,73871,73900,29
stepping,73924,73900,73924,24
sniffing,73941,73924,73941,17
rising,73956,73941,73956,15
rearing,73976,73956,73976,20
grooming,74103,73976,74103,127
rearing,74157,74103,74157,54
climbing,74204,74157,74204,47
sniffing,74205,74204,74205,1
right_turning,74232,74205,74232,27
sniffing,74281,74232,74281,49
walking,74295,74281,74295,14
hunching,74323,74295,74323,28
grooming,74502,74323,74502,179
rearing,74674,74502,74674,172
left_turning,74684,74674,74684,10
walking,74685,74684,74685,1
sniffing,74733,74685,74733,48
walking,74761,74733,74761,28
right_turning,74771,74761,74771,10
sniffing,74829,74771,74829,58
walking,74838,74829,74838,9
rearing,74913,74838,74913,75
rising,74963,74913,74963,50
sniffing,74999,74963,74999,36
grooming,75115,74999,75115,116
scratching,75164,75115,75164,49
grooming,75187,75164,75187,23
rising,75254,75187,75254,67
sniffing,75255,75254,75255,1
walking,75268,75255,75268,13
stepping,75272,75268,75272,4
sniffing,75426,75272,75426,154
rising,75703,75426,75703,277
climbing,75724,75703,75724,21
grooming,75725,75724,75725,1
rearing,75748,75725,75748,23
sniffing,75749,75748,75749,1
stepping,75750,75749,75750,1
sniffing,75846,75750,75846,96
rising,75871,75846,75871,25
rearing,75931,75871,75931,60
grooming,75932,75931,75932,1
rearing,75953,75932,75953,21
sniffing,75966,75953,75966,13
rearing,76004,75966,76004,38
sniffing,76111,76004,76111,107
grooming,76189,76111,76189,78
stepping,76214,76189,76214,25
sniffing,76215,76214,76215,1
walking,76265,76215,76265,50
sniffing,76266,76265,76266,1
walking,76291,76266,76291,25
sniffing,76347,76291,76347,56
stepping,76352,76347,76352,5
sniffing,76370,76352,76370,18
right_turning,76387,76370,76387,17
rising,76504,76387,76504,117
climbing,76538,76504,76538,34
grooming,76539,76538,76539,1
climbing,76759,76539,76759,220
left_turning,76794,76759,76794,35
walking,76809,76794,76809,15
sniffing,76837,76809,76837,28
walking,76877,76837,76877,40
sniffing,76895,76877,76895,18
walking,76913,76895,76913,18
sniffing,76933,76913,76933,20
rearing,77211,76933,77211,278
rising,77240,77211,77240,29
climbing,77302,77240,77302,62
rearing,77335,77302,77335,33
running,77361,77335,77361,26
sniffing,77475,77361,77475,114
climbing,77533,77475,77533,58
grooming,77638,77533,77638,105
rearing,77639,77638,77639,1
grooming,77640,77639,77640,1
walking,77660,77640,77660,20
stepping,77661,77660,77661,1
sniffing,77662,77661,77662,1
left_turning,77663,77662,77663,1
walking,77682,77663,77682,19
sniffing,77708,77682,77708,26
rising,77737,77708,77737,29
climbing,77787,77737,77787,50
grooming,77931,77787,77931,144
climbing,77980,77931,77980,49
grooming,77981,77980,77981,1
scratching,78028,77981,78028,47
grooming,78029,78028,78029,1
hunching,78109,78029,78109,80
grooming,78260,78109,78260,151
climbing,78284,78260,78284,24
rising,78285,78284,78285,1
climbing,78312,78285,78312,27
rearing,78313,78312,78313,1
left_turning,78352,78313,78352,39
scratching,78435,78352,78435,83
sniffing,78485,78435,78485,50
rising,78532,78485,78532,47
rearing,78533,78532,78533,1
stepping,78545,78533,78545,12
rising,78561,78545,78561,16
rearing,78640,78561,78640,79
climbing,78662,78640,78662,22
walking,78711,78662,78711,49
sniffing,78715,78711,78715,4
left_turning,78763,78715,78763,48
grooming,78819,78763,78819,56
hunching,78861,78819,78861,42
grooming,78862,78861,78862,1
scratching,78890,78862,78890,28
stepping,78894,78890,78894,4
right_turning,78906,78894,78906,12
sniffing,78988,78906,78988,82
right_turning,78994,78988,78994,6
walking,79016,78994,79016,22
sniffing,79081,79016,79081,65
walking,79123,79081,79123,42
sniffing,79142,79123,79142,19
walking,79161,79142,79161,19
stepping,79162,79161,79162,1
rising,79163,79162,79163,1
stepping,79199,79163,79199,36
sniffing,79239,79199,79239,40
left_turning,79240,79239,79240,1
rising,79283,79240,79283,43
sniffing,79324,79283,79324,41
rearing,79362,79324,79362,38
rising,79403,79362,79403,41
climbing,79404,79403,79404,1
grooming,79405,79404,79405,1
sniffing,79407,79405,79407,2
rising,79472,79407,79472,65
sniffing,79514,79472,79514,42
trotting,79546,79514,79546,32
sniffing,79547,79546,79547,1
left_turning,79550,79547,79550,3
stepping,79587,79550,79587,37
trotting,79601,79587,79601,14
right_turning,79630,79601,79630,29
walking,79664,79630,79664,34
sniffing,79687,79664,79687,23
walking,79726,79687,79726,39
stepping,79754,79726,79754,28
sniffing,79811,79754,79811,57
stepping,79836,79811,79836,25
sniffing,79883,79836,79883,47
grooming,79983,79883,79983,100
left_turning,80074,79983,80074,91
stepping,80104,80074,80104,30
grooming,80139,80104,80139,35
rearing,80177,80139,80177,38
sniffing,80198,80177,80198,21
stepping,80202,80198,80202,4
rising,80225,80202,80225,23
climbing,80282,80225,80282,57
walking,80303,80282,80303,21
rearing,80357,80303,80357,54
left_turning,80387,80357,80387,30
hunching,80410,80387,80410,23
grooming,80684,80410,80684,274
rearing,80726,80684,80726,42
grooming,80981,80726,80981,255
walking,80995,80981,80995,14
sniffing,81168,80995,81168,173
walking,81176,81168,81176,8
rising,81183,81176,81183,7
stepping,81267,81183,81267,84
sniffing,81343,81267,81343,76
stepping,81350,81343,81350,7
walking,81351,81350,81351,1
right_turning,81358,81351,81358,7
walking,81376,81358,81376,18
sniffing,81443,81376,81443,67
hunching,81448,81443,81448,5
sniffing,81449,81448,81449,1
walking,81478,81449,81478,29
rearing,81479,81478,81479,1
stepping,81480,81479,81480,1
grooming,81726,81480,81726,246
walking,81739,81726,81739,13
stepping,81770,81739,81770,31
trotting,81805,81770,81805,35
sniffing,81820,81805,81820,15
running,81830,81820,81830,10
sniffing,81857,81830,81857,27
stepping,81894,81857,81894,37
walking,81919,81894,81919,25
running,81935,81919,81935,16
walking,81961,81935,81961,26
grooming,82363,81961,82363,402
sniffing,82383,82363,82383,20
rising,82415,82383,82415,32
climbing,82477,82415,82477,62
grooming,82550,82477,82550,73
rearing,82551,82550,82551,1
grooming,82562,82551,82562,11
rearing,82689,82562,82689,127
climbing,82777,82689,82777,88
stepping,82812,82777,82812,35
sniffing,82813,82812,82813,1
grooming,82939,82813,82939,126
stepping,82997,82939,82997,58
rising,83002,82997,83002,5
climbing,83027,83002,83027,25
hunching,83116,83027,83116,89
rearing,83255,83116,83255,139
climbing,83294,83255,83294,39
grooming,83930,83294,83930,636
rearing,83968,83930,83968,38
climbing,84020,83968,84020,52
rearing,84200,84020,84200,180
grooming,84242,84200,84242,42
rearing,84263,84242,84263,21
grooming,84400,84263,84400,137
sniffing,84463,84400,84463,63
right_turning,84464,84463,84464,1
climbing,84553,84464,84553,89
grooming,84676,84553,84676,123
sniffing,84705,84676,84705,29
climbing,84845,84705,84845,140
walking,84876,84845,84876,31
grooming,85065,84876,85065,189
rearing,85122,85065,85122,57
grooming,85673,85122,85673,551
rising,85710,85673,85710,37
grooming,86113,85710,86113,403
climbing,86135,86113,86135,22
walking,86172,86135,86172,37
trotting,86185,86172,86185,13
walking,86242,86185,86242,57
trotting,86248,86242,86248,6
walking,86261,86248,86261,13
sniffing,86262,86261,86262,1
hunching,86340,86262,86340,78
grooming,86341,86340,86341,1
walking,86350,86341,86350,9
stepping,86351,86350,86351,1
sniffing,86352,86351,86352,1
stepping,86382,86352,86382,30
sniffing,86478,86382,86478,96
walking,86493,86478,86493,15
right_turning,86498,86493,86498,5
grooming,86594,86498,86594,96
sniffing,86656,86594,86656,62
walking,86689,86656,86689,33
sniffing,86757,86689,86757,68
grooming,86873,86757,86873,116
climbing,86971,86873,86971,98
left_turning,87004,86971,87004,33
walking,87010,87004,87010,6
rising,87012,87010,87012,2
walking,87049,87012,87049,37
sniffing,87050,87049,87050,1
walking,87105,87050,87105,55
sniffing,87106,87105,87106,1
grooming,87149,87106,87149,43
hunching,87217,87149,87217,68
rearing,87244,87217,87244,27
grooming,87618,87244,87618,374
rearing,87619,87618,87619,1
hunching,87649,87619,87649,30
left_turning,87728,87649,87728,79
right_turning,87748,87728,87748,20
walking,87792,87748,87792,44
sniffing,87825,87792,87825,33
rising,87890,87825,87890,65
sniffing,87942,87890,87942,52
stepping,87983,87942,87983,41
climbing,88033,87983,88033,50
left_turning,88102,88033,88102,69
stepping,88127,88102,88127,25
rearing,88151,88127,88151,24
grooming,88217,88151,88217,66
stepping,88265,88217,88265,48
sniffing,88285,88265,88285,20
rising,88322,88285,88322,37
grooming,88501,88322,88501,179
rearing,88511,88501,88511,10
stepping,88554,88511,88554,43
sniffing,88625,88554,88625,71
stepping,88675,88625,88675,50
rising,88700,88675,88700,25
rearing,88720,88700,88720,20
climbing,88800,88720,88800,80
rising,88872,88800,88872,72
grooming,88889,88872,88889,17
rearing,88939,88889,88939,50
rising,88958,88939,88958,19
rearing,89030,88958,89030,72
stepping,89075,89030,89075,45
left_turning,89115,89075,89115,40
running,89134,89115,89134,19
sniffing,89156,89134,89156,22
stepping,89192,89156,89192,36
sniffing,89243,89192,89243,51
walking,89267,89243,89267,24
left_turning,89268,89267,89268,1
sniffing,89275,89268,89275,7
walking,89281,89275,89281,6
sniffing,89329,89281,89329,48
rising,89341,89329,89341,12
trotting,89373,89341,89373,32
walking,89391,89373,89391,18
sniffing,89469,89391,89469,78
walking,89485,89469,89485,16
sniffing,89558,89485,89558,73
grooming,89701,89558,89701,143
walking,89742,89701,89742,41
grooming,89743,89742,89743,1
scratching,89750,89743,89750,7
grooming,90068,89750,90068,318
left_turning,90097,90068,90097,29
grooming,90139,90097,90139,42
right_turning,90148,90139,90148,9
sniffing,90208,90148,90208,60
rising,90241,90208,90241,33
stepping,90282,90241,90282,41
sniffing,90464,90282,90464,182
grooming,90471,90464,90471,7
sniffing,90564,90471,90564,93
trotting,90595,90564,90595,31
sniffing,90673,90595,90673,78
stepping,90713,90673,90713,40
walking,90754,90713,90754,41
stepping,90795,90754,90795,41
rising,90871,90795,90871,76
rearing,90912,90871,90912,41
hunching,91028,90912,91028,116
rearing,91093,91028,91093,65
walking,91112,91093,91112,19
sniffing,91113,91112,91113,1
stepping,91114,91113,91114,1
sniffing,91131,91114,91131,17
stepping,91162,91131,91162,31
rising,91215,91162,91215,53
rearing,91274,91215,91274,59
grooming,91358,91274,91358,84
walking,91379,91358,91379,21
climbing,91443,91379,91443,64
walking,91444,91443,91444,1
stepping,91483,91444,91483,39
climbing,91497,91483,91497,14
grooming,91498,91497,91498,1
climbing,91524,91498,91524,26
rearing,91532,91524,91532,8
rising,91581,91532,91581,49
grooming,91674,91581,91674,93
hunching,91765,91674,91765,91
left_turning,91789,91765,91789,24
grooming,91796,91789,91796,7
left_turning,91851,91796,91851,55
sniffing,91965,91851,91965,114
scratching,91980,91965,91980,15
right_turning,91994,91980,91994,14
walking,92021,91994,92021,27
sniffing,92053,92021,92053,32
rising,92068,92053,92068,15
rearing,92209,92068,92209,141
sniffing,92263,92209,92263,54
grooming,92273,92263,92273,10
sniffing,92319,92273,92319,46
right_turning,92364,92319,92364,45
walking,92368,92364,92368,4
stepping,92420,92368,92420,52
grooming,92673,92420,92673,253
rising,92704,92673,92704,31
grooming,92817,92704,92817,113
right_turning,92828,92817,92828,11
sniffing,92829,92828,92829,1
scratching,92915,92829,92915,86
sniffing,92954,92915,92954,39
walking,92985,92954,92985,31
sniffing,93001,92985,93001,16
walking,93028,93001,93028,27
trotting,93053,93028,93053,25
walking,93079,93053,93079,26
stepping,93098,93079,93098,19
sniffing,93099,93098,93099,1
rising,93114,93099,93114,15
sniffing,93185,93114,93185,71
grooming,93323,93185,93323,138
walking,93349,93323,93349,26
sniffing,93407,93349,93407,58
walking,93447,93407,93447,40
left_turning,93452,93447,93452,5
grooming,93566,93452,93566,114
hunching,93584,93566,93584,18
left_turning,93599,93584,93599,15
rising,93604,93599,93604,5
stepping,93641,93604,93641,37
sniffing,93648,93641,93648,7
trotting,93649,93648,93649,1
sniffing,93833,93649,93833,184
rising,93852,93833,93852,19
rearing,93890,93852,93890,38
sniffing,93941,93890,93941,51
grooming,93994,93941,93994,53
climbing,94037,93994,94037,43
rearing,94142,94037,94142,105
left_turning,94163,94142,94163,21
rising,94183,94163,94183,20
walking,94209,94183,94209,26
sniffing,94212,94209,94212,3
grooming,94362,94212,94362,150
sniffing,94436,94362,94436,74
left_turning,94627,94436,94627,191
rising,94628,94627,94628,1
stepping,94675,94628,94675,47
grooming,95089,94675,95089,414
walking,95095,95089,95095,6
sniffing,95118,95095,95118,23
right_turning,95156,95118,95156,38
walking,95215,95156,95215,59
sniffing,95316,95215,95316,101
grooming,95317,95316,95317,1
stepping,95322,95317,95322,5
rearing,95370,95322,95370,48
hunching,95420,95370,95420,50
walking,95421,95420,95421,1
rising,95439,95421,95439,18
grooming,95572,95439,95572,133
left_turning,95627,95572,95627,55
walking,95673,95627,95673,46
sniffing,95732,95673,95732,59
rising,95751,95732,95751,19
left_turning,95752,95751,95752,1
sniffing,95762,95752,95762,10
grooming,96170,95762,96170,408
climbing,96200,96170,96200,30
rearing,96201,96200,96201,1
grooming,96332,96201,96332,131
left_turning,96333,96332,96333,1
walking,96342,96333,96342,9
stepping,96423,96342,96423,81
sniffing,96484,96423,96484,61
left_turning,96504,96484,96504,20
stepping,96538,96504,96538,34
sniffing,96563,96538,96563,25
rising,96574,96563,96574,11
climbing,96621,96574,96621,47
right_turning,96642,96621,96642,21
jumping,96691,96642,96691,49
walking,96736,96691,96736,45
sniffing,96921,96736,96921,185
grooming,96991,96921,96991,70
climbing,97020,96991,97020,29
sniffing,97176,97020,97176,156
right_turning,97192,97176,97192,16
sniffing,97220,97192,97220,28
rising,97253,97220,97253,33
stepping,97295,97253,97295,42
rising,97330,97295,97330,35
grooming,97398,97330,97398,68
walking,97457,97398,97457,59
sniffing,97500,97457,97500,43
stepping,97540,97500,97540,40
sniffing,97599,97540,97599,59
rising,97627,97599,97627,28
grooming,97736,97627,97736,109
sniffing,97764,97736,97764,28
rising,97817,97764,97817,53
grooming,97837,97817,97837,20
stepping,97868,97837,97868,31
climbing,97909,97868,97909,41
rising,97935,97909,97935,26
grooming,98365,97935,98365,430
sniffing,98446,98365,98446,81
left_turning,98461,98446,98461,15
sniffing,98462,98461,98462,1
walking,98496,98462,98496,34
rearing,98559,98496,98559,63
grooming,98750,98559,98750,191
sniffing,98797,98750,98797,47
rising,98798,98797,98798,1
rearing,98799,98798,98799,1
walking,98819,98799,98819,20
sniffing,98820,98819,98820,1
stepping,98831,98820,98831,11
rising,98851,98831,98851,20
sniffing,98980,98851,98980,129
stepping,99002,98980,99002,22
rising,99008,99002,99008,6
walking,99012,99008,99012,4
rising,99013,99012,99013,1
rearing,99065,99013,99065,52
grooming,99066,99065,99066,1
hunching,99067,99066,99067,1
rearing,99283,99067,99283,216
grooming,100286,99283,100286,1003
walking,100315,100286,100315,29
rearing,100350,100315,100350,35
grooming,100370,100350,100370,20
hunching,100424,100370,100424,54
rearing,100473,100424,100473,49
sniffing,100474,100473,100474,1
rising,100524,100474,100524,50
sniffing,100547,100524,100547,23
left_turning,100553,100547,100553,6
sniffing,100584,100553,100584,31
grooming,101068,100584,101068,484
stepping,101098,101068,101098,30
running,101138,101098,101138,40
trotting,101159,101138,101159,21
sniffing,101165,101159,101165,6
left_turning,101166,101165,101166,1
walking,101184,101166,101184,18
sniffing,101254,101184,101254,70
rising,101355,101254,101355,101
walking,101374,101355,101374,19
stepping,101389,101374,101389,15
sniffing,101428,101389,101428,39
walking,101456,101428,101456,28
sniffing,101473,101456,101473,17
stepping,101482,101473,101482,9
sniffing,101500,101482,101500,18
left_turning,101543,101500,101543,43
climbing,101611,101543,101611,68
rearing,101628,101611,101628,17
grooming,101851,101628,101851,223
rearing,101902,101851,101902,51
left_turning,101903,101902,101903,1
hunching,102029,101903,102029,126
grooming,102030,102029,102030,1
sniffing,102130,102030,102130,100
rising,102278,102130,102278,148
rearing,102392,102278,102392,114
left_turning,102467,102392,102467,75
sniffing,102481,102467,102481,14
rearing,102484,102481,102484,3
grooming,102921,102484,102921,437
sniffing,102977,102921,102977,56
walking,103000,102977,103000,23
sniffing,103053,103000,103053,53
walking,103075,103053,103075,22
grooming,103076,103075,103076,1
sniffing,103135,103076,103135,59
left_turning,103206,103135,103206,71
sniffing,103331,103206,103331,125
rising,103375,103331,103375,44
climbing,103423,103375,103423,48
running,103433,103423,103433,10
sniffing,103435,103433,103435,2
rising,103557,103435,103557,122
rearing,103610,103557,103610,53
rising,103667,103610,103667,57
rearing,103751,103667,103751,84
sniffing,103752,103751,103752,1
right_turning,103792,103752,103792,40
stepping,103824,103792,103824,32
rising,103830,103824,103830,6
sniffing,103919,103830,103919,89
trotting,103938,103919,103938,19
stepping,103976,103938,103976,38
sniffing,104020,103976,104020,44
rising,104021,104020,104021,1
hunching,104056,104021,104056,35
grooming,104057,104056,104057,1
rearing,104058,104057,104058,1
rising,104059,104058,104059,1
sniffing,104132,104059,104132,73
left_turning,104139,104132,104139,7
grooming,104249,104139,104249,110
left_turning,104250,104249,104250,1
hunching,104291,104250,104291,41
grooming,104292,104291,104292,1
hunching,104385,104292,104385,93
sniffing,104386,104385,104386,1
rearing,104387,104386,104387,1
grooming,104655,104387,104655,268
sniffing,104714,104655,104714,59
stepping,104750,104714,104750,36
sniffing,104802,104750,104802,52
walking,104938,104802,104938,136
stepping,104974,104938,104974,36
walking,104991,104974,104991,17
trotting,105009,104991,105009,18
right_turning,105029,105009,105029,20
running,105053,105029,105053,24
climbing,105071,105053,105071,18
sniffing,105081,105071,105081,10
stepping,105140,105081,105140,59
right_turning,105166,105140,105166,26
climbing,105185,105166,105185,19
walking,105241,105185,105241,56
right_turning,105251,105241,105251,10
stepping,105282,105251,105282,31
left_turning,105361,105282,105361,79
sniffing,105383,105361,105383,22
stepping,105384,105383,105384,1
sniffing,105385,105384,105385,1
left_turning,105442,105385,105442,57
grooming,105971,105442,105971,529
climbing,106035,105971,106035,64
rearing,106057,106035,106057,22
rising,106058,106057,106058,1
hunching,106059,106058,106059,1
grooming,106355,106059,106355,296
climbing,106380,106355,106380,25
right_turning,106389,106380,106389,9
walking,106425,106389,106425,36
sniffing,106483,106425,106483,58
stepping,106491,106483,106491,8
sniffing,106535,106491,106535,44
grooming,106536,106535,106536,1
rearing,106557,106536,106557,21
grooming,106681,106557,106681,124
hunching,106682,106681,106682,1
rearing,106683,106682,106683,1
hunching,106684,106683,106684,1
rearing,106775,106684,106775,91
sniffing,106866,106775,106866,91
hunching,106908,106866,106908,42
grooming,107124,106908,107124,216
sniffing,107155,107124,107155,31
rising,107206,107155,107206,51
climbing,107275,107206,107275,69
grooming,107513,107275,107513,238
rearing,107514,107513,107514,1
sniffing,107557,107514,107557,43
walking,107571,107557,107571,14
stepping,107612,107571,107612,41
sniffing,107613,107612,107613,1
walking,107636,107613,107636,23
sniffing,107796,107636,107796,160
walking,107879,107796,107879,83
rearing,108000,107879,108000,121
