revised_movement_label,segBoundary,segBoundary_start,segBoundary_end,length
left_turning,17,0,17,17
grooming,228,17,228,211
rearing,236,228,236,8
sniffing,348,236,348,112
rising,400,348,400,52
grooming,401,400,401,1
rearing,424,401,424,23
running,447,424,447,23
grooming,875,447,875,428
stepping,903,875,903,28
rising,904,903,904,1
grooming,1054,904,1054,150
sniffing,1099,1054,1099,45
running,1130,1099,1130,31
rising,1142,1130,1142,12
rearing,1143,1142,1143,1
grooming,1378,1143,1378,235
sniffing,1508,1378,1508,130
trotting,1528,1508,1528,20
running,1529,1528,1529,1
sniffing,1547,1529,1547,18
stepping,1576,1547,1576,29
walking,1611,1576,1611,35
rearing,1734,1611,1734,123
grooming,1764,1734,1764,30
left_turning,1784,1764,1784,20
walking,1785,1784,1785,1
stepping,1818,1785,1818,33
walking,1819,1818,1819,1
trotting,1835,1819,1835,16
walking,1843,1835,1843,8
sniffing,1870,1843,1870,27
trotting,1913,1870,1913,43
sniffing,1923,1913,1923,10
grooming,2042,1923,2042,119
right_turning,2062,2042,2062,20
trotting,2107,2062,2107,45
running,2128,2107,2128,21
walking,2186,2128,2186,58
trotting,2231,2186,2231,45
running,2258,2231,2258,27
rising,2335,2258,2335,77
left_turning,2354,2335,2354,19
stepping,2364,2354,2364,10
grooming,2365,2364,2365,1
walking,2399,2365,2399,34
rearing,2504,2399,2504,105
rising,2578,2504,2578,74
sniffing,2579,2578,2579,1
walking,2642,2579,2642,63
right_turning,2665,2642,2665,23
stepping,2677,2665,2677,12
sniffing,2741,2677,2741,64
running,2764,2741,2764,23
walking,2804,2764,2804,40
sniffing,2830,2804,2830,26
walking,2888,2830,2888,58
sniffing,2889,2888,2889,1
rising,2974,2889,2974,85
left_turning,2990,2974,2990,16
sniffing,3178,2990,3178,188
scratching,3237,3178,3237,59
right_turning,3274,3237,3274,37
rising,3275,3274,3275,1
climbing,3328,3275,3328,53
grooming,3623,3328,3623,295
sniffing,3624,3623,3624,1
walking,3739,3624,3739,115
rising,3740,3739,3740,1
stepping,3745,3740,3745,5
sniffing,3763,3745,3763,18
rising,3764,3763,3764,1
rearing,3765,3764,3765,1
rising,3886,3765,3886,121
left_turning,3900,3886,3900,14
rising,3901,3900,3901,1
left_turning,3907,3901,3907,6
walking,3951,3907,3951,44
stepping,3977,3951,3977,26
rising,3978,3977,3978,1
rearing,3982,3978,3982,4
sniffing,4030,3982,4030,48
stepping,4055,4030,4055,25
sniffing,4067,4055,4067,12
walking,4068,4067,4068,1
rising,4092,4068,4092,24
walking,4104,4092,4104,12
stepping,4124,4104,4124,20
sniffing,4172,4124,4172,48
rearing,4227,4172,4227,55
grooming,4303,4227,4303,76
climbing,4329,4303,4329,26
sniffing,4330,4329,4330,1
rearing,4339,4330,4339,9
hunching,4405,4339,4405,66
stepping,4428,4405,4428,23
rising,4477,4428,4477,49
grooming,4585,4477,4585,108
rearing,4795,4585,4795,210
sniffing,4796,4795,4796,1
rising,4836,4796,4836,40
sniffing,4884,4836,4884,48
walking,4885,4884,4885,1
sniffing,4886,4885,4886,1
rising,4930,4886,4930,44
grooming,5009,4930,5009,79
rising,5013,5009,5013,4
walking,5022,5013,5022,9
trotting,5069,5022,5069,47
sniffing,5070,5069,5070,1
rising,5086,5070,5086,16
stepping,5134,5086,5134,48
walking,5166,5134,5166,32
sniffing,5203,5166,5203,37
trotting,5207,5203,5207,4
stepping,5256,5207,5256,49
rising,5321,5256,5321,65
stepping,5358,5321,5358,37
sniffing,5372,5358,5372,14
running,5409,5372,5409,37
stepping,5411,5409,5411,2
walking,5461,5411,5461,50
running,5487,5461,5487,26
sniffing,5488,5487,5488,1
rising,5592,5488,5592,104
sniffing,5639,5592,5639,47
rising,5640,5639,5640,1
grooming,5647,5640,5647,7
rearing,5943,5647,5943,296
left_turning,5978,5943,5978,35
trotting,6003,5978,6003,25
sniffing,6004,6003,6004,1
grooming,6098,6004,6098,94
stepping,6143,6098,6143,45
sniffing,6187,6143,6187,44
stepping,6224,6187,6224,37
running,6252,6224,6252,28
walking,6276,6252,6276,24
trotting,6287,6276,6287,11
walking,6354,6287,6354,67
sniffing,6395,6354,6395,41
right_turning,6418,6395,6418,23
trotting,6447,6418,6447,29
walking,6467,6447,6467,20
trotting,6468,6467,6468,1
running,6469,6468,6469,1
walking,6500,6469,6500,31
running,6520,6500,6520,20
sniffing,6654,6520,6654,134
grooming,6799,6654,6799,145
climbing,6869,6799,6869,70
grooming,6942,6869,6942,73
walking,6943,6942,6943,1
sniffing,6962,6943,6962,19
rising,7003,6962,7003,41
stepping,7041,7003,7041,38
sniffing,7076,7041,7076,35
rising,7170,7076,7170,94
rearing,7266,7170,7266,96
grooming,7267,7266,7267,1
stepping,7323,7267,7323,56
sniffing,7341,7323,7341,18
walking,7370,7341,7370,29
sniffing,7411,7370,7411,41
grooming,7430,7411,7430,19
hunching,7461,7430,7461,31
trotting,7493,7461,7493,32
running,7504,7493,7504,11
stepping,7514,7504,7514,10
walking,7542,7514,7542,28
trotting,7562,7542,7562,20
sniffing,7624,7562,7624,62
grooming,7754,7624,7754,130
walking,7755,7754,7755,1
sniffing,7803,7755,7803,48
rearing,7804,7803,7804,1
grooming,7898,7804,7898,94
trotting,7940,7898,7940,42
sniffing,7941,7940,7941,1
rising,7999,7941,7999,58
grooming,8201,7999,8201,202
stepping,8221,8201,8221,20
walking,8243,8221,8243,22
stepping,8269,8243,8269,26
walking,8315,8269,8315,46
sniffing,8321,8315,8321,6
stepping,8359,8321,8359,38
walking,8362,8359,8362,3
right_turning,8388,8362,8388,26
trotting,8405,8388,8405,17
walking,8406,8405,8406,1
rising,8407,8406,8407,1
walking,8466,8407,8466,59
trotting,8485,8466,8485,19
grooming,8580,8485,8580,95
walking,8598,8580,8598,18
sniffing,8599,8598,8599,1
stepping,8623,8599,8623,24
trotting,8629,8623,8629,6
running,8663,8629,8663,34
walking,8686,8663,8686,23
rising,8719,8686,8719,33
stepping,8737,8719,8737,18
rising,8771,8737,8771,34
sniffing,8960,8771,8960,189
right_turning,8976,8960,8976,16
stepping,8977,8976,8977,1
rising,9033,8977,9033,56
sniffing,9112,9033,9112,79
walking,9114,9112,9114,2
sniffing,9198,9114,9198,84
left_turning,9222,9198,9222,24
running,9234,9222,9234,12
climbing,9253,9234,9253,19
grooming,9426,9253,9426,173
walking,9482,9426,9482,56
sniffing,9519,9482,9519,37
rising,9579,9519,9579,60
trotting,9618,9579,9618,39
rising,9619,9618,9619,1
grooming,9620,9619,9620,1
running,9643,9620,9643,23
sniffing,9736,9643,9736,93
grooming,9982,9736,9982,246
climbing,10032,9982,10032,50
grooming,10177,10032,10177,145
rising,10233,10177,10233,56
stepping,10263,10233,10263,30
walking,10347,10263,10347,84
grooming,10871,10347,10871,524
sniffing,10924,10871,10924,53
stepping,10933,10924,10933,9
rising,10950,10933,10950,17
rearing,11004,10950,11004,54
grooming,11141,11004,11141,137
rising,11142,11141,11142,1
hunching,11202,11142,11202,60
rearing,11417,11202,11417,215
running,11440,11417,11440,23
stepping,11477,11440,11477,37
left_turning,11515,11477,11515,38
stepping,11551,11515,11551,36
grooming,11566,11551,11566,15
hunching,11682,11566,11682,116
grooming,11878,11682,11878,196
walking,11930,11878,11930,52
sniffing,11931,11930,11931,1
walking,11950,11931,11950,19
stepping,11958,11950,11958,8
sniffing,12016,11958,12016,58
left_turning,12030,12016,12030,14
sniffing,12085,12030,12085,55
stepping,12115,12085,12115,30
grooming,12116,12115,12116,1
climbing,12175,12116,12175,59
left_turning,12177,12175,12177,2
sniffing,12235,12177,12235,58
walking,12249,12235,12249,14
stepping,12321,12249,12321,72
sniffing,12350,12321,12350,29
walking,12369,12350,12369,19
stepping,12441,12369,12441,72
trotting,12442,12441,12442,1
walking,12450,12442,12450,8
grooming,12451,12450,12451,1
hunching,12463,12451,12463,12
rising,12534,12463,12534,71
stepping,12608,12534,12608,74
sniffing,12634,12608,12634,26
walking,12649,12634,12649,15
stepping,12679,12649,12679,30
sniffing,12720,12679,12720,41
grooming,12917,12720,12917,197
climbing,12993,12917,12993,76
grooming,13213,12993,13213,220
rearing,13313,13213,13313,100
running,13342,13313,13342,29
stepping,13398,13342,13398,56
walking,13407,13398,13407,9
hunching,13484,13407,13484,77
grooming,13485,13484,13485,1
walking,13565,13485,13565,80
grooming,13700,13565,13700,135
climbing,13771,13700,13771,71
grooming,13772,13771,13772,1
left_turning,13779,13772,13779,7
sniffing,13836,13779,13836,57
stepping,13841,13836,13841,5
rearing,14064,13841,14064,223
climbing,14100,14064,14100,36
trotting,14124,14100,14124,24
sniffing,14167,14124,14167,43
stepping,14190,14167,14190,23
walking,14197,14190,14197,7
rising,14198,14197,14198,1
climbing,14245,14198,14245,47
stepping,14251,14245,14251,6
rising,14293,14251,14293,42
grooming,14347,14293,14347,54
walking,14404,14347,14404,57
stepping,14449,14404,14449,45
walking,14483,14449,14483,34
hunching,14573,14483,14573,90
right_turning,14574,14573,14574,1
running,14600,14574,14600,26
trotting,14637,14600,14637,37
left_turning,14690,14637,14690,53
grooming,14712,14690,14712,22
climbing,14740,14712,14740,28
sniffing,14751,14740,14751,11
walking,14755,14751,14755,4
rising,14785,14755,14785,30
sniffing,14806,14785,14806,21
grooming,15105,14806,15105,299
left_turning,15143,15105,15143,38
stepping,15153,15143,15153,10
walking,15154,15153,15154,1
rising,15206,15154,15206,52
sniffing,15247,15206,15247,41
rising,15317,15247,15317,70
left_turning,15346,15317,15346,29
walking,15355,15346,15355,9
stepping,15369,15355,15369,14
trotting,15392,15369,15392,23
walking,15430,15392,15430,38
sniffing,15484,15430,15484,54
walking,15511,15484,15511,27
rising,15514,15511,15514,3
stepping,15520,15514,15520,6
left_turning,15522,15520,15522,2
trotting,15553,15522,15553,31
running,15574,15553,15574,21
grooming,15669,15574,15669,95
hunching,15699,15669,15699,30
rearing,15700,15699,15700,1
climbing,15741,15700,15741,41
sniffing,15778,15741,15778,37
walking,15825,15778,15825,47
grooming,15922,15825,15922,97
hunching,16001,15922,16001,79
rising,16027,16001,16027,26
grooming,16188,16027,16188,161
walking,16296,16188,16296,108
sniffing,16355,16296,16355,59
grooming,16505,16355,16505,150
running,16565,16505,16565,60
stepping,16587,16565,16587,22
sniffing,16607,16587,16607,20
grooming,16613,16607,16613,6
sniffing,16657,16613,16657,44
walking,16698,16657,16698,41
stepping,16703,16698,16703,5
grooming,16704,16703,16704,1
rising,16705,16704,16705,1
rearing,16730,16705,16730,25
hunching,16746,16730,16746,16
rearing,16897,16746,16897,151
climbing,16909,16897,16909,12
grooming,16910,16909,16910,1
scratching,16960,16910,16960,50
sniffing,16977,16960,16977,17
grooming,16980,16977,16980,3
rearing,17115,16980,17115,135
climbing,17154,17115,17154,39
rising,17162,17154,17162,8
rearing,17178,17162,17178,16
trotting,17218,17178,17218,40
stepping,17240,17218,17240,22
rearing,17376,17240,17376,136
grooming,17449,17376,17449,73
left_turning,17481,17449,17481,32
sniffing,17565,17481,17565,84
left_turning,17571,17565,17571,6
stepping,17582,17571,17582,11
walking,17615,17582,17615,33
trotting,17639,17615,17639,24
running,17674,17639,17674,35
rising,17681,17674,17681,7
grooming,17709,17681,17709,28
walking,17710,17709,17710,1
running,17723,17710,17723,13
stepping,17759,17723,17759,36
sniffing,17834,17759,17834,75
walking,17854,17834,17854,20
rising,17866,17854,17866,12
grooming,17867,17866,17867,1
sniffing,17910,17867,17910,43
walking,17952,17910,17952,42
running,17986,17952,17986,34
right_turning,17998,17986,17998,12
grooming,18150,17998,18150,152
climbing,18198,18150,18198,48
right_turning,18199,18198,18199,1
sniffing,18282,18199,18282,83
walking,18300,18282,18300,18
rearing,18343,18300,18343,43
climbing,18410,18343,18410,67
grooming,18411,18410,18411,1
walking,18413,18411,18413,2
sniffing,18435,18413,18435,22
scratching,18494,18435,18494,59
walking,18512,18494,18512,18
sniffing,18577,18512,18577,65
grooming,18671,18577,18671,94
sniffing,18709,18671,18709,38
rising,18729,18709,18729,20
grooming,18903,18729,18903,174
hunching,18996,18903,18996,93
left_turning,18997,18996,18997,1
sniffing,19001,18997,19001,4
grooming,19002,19001,19002,1
left_turning,19044,19002,19044,42
stepping,19062,19044,19062,18
walking,19068,19062,19068,6
sniffing,19116,19068,19116,48
trotting,19151,19116,19151,35
sniffing,19210,19151,19210,59
grooming,19448,19210,19448,238
hunching,19647,19448,19647,199
rearing,19821,19647,19821,174
climbing,19842,19821,19842,21
walking,19908,19842,19908,66
right_turning,19909,19908,19909,1
sniffing,19944,19909,19944,35
stepping,19958,19944,19958,14
walking,19966,19958,19966,8
sniffing,19967,19966,19967,1
rising,20032,19967,20032,65
sniffing,20065,20032,20065,33
walking,20080,20065,20080,15
rising,20081,20080,20081,1
hunching,20082,20081,20082,1
left_turning,20100,20082,20100,18
stepping,20146,20100,20146,46
grooming,20239,20146,20239,93
right_turning,20270,20239,20270,31
walking,20271,20270,20271,1
sniffing,20303,20271,20303,32
stepping,20308,20303,20308,5
sniffing,20371,20308,20371,63
rising,20408,20371,20408,37
sniffing,20409,20408,20409,1
stepping,20463,20409,20463,54
sniffing,20672,20463,20672,209
grooming,20812,20672,20812,140
sniffing,20813,20812,20813,1
rising,20840,20813,20840,27
walking,20867,20840,20867,27
sniffing,20988,20867,20988,121
grooming,21023,20988,21023,35
rising,21035,21023,21035,12
climbing,21064,21035,21064,29
left_turning,21065,21064,21065,1
rearing,21066,21065,21066,1
hunching,21094,21066,21094,28
rearing,21106,21094,21106,12
grooming,21409,21106,21409,303
sniffing,21469,21409,21469,60
walking,21486,21469,21486,17
sniffing,21544,21486,21544,58
stepping,21567,21544,21567,23
rising,21613,21567,21613,46
stepping,21646,21613,21646,33
grooming,21694,21646,21694,48
hunching,21770,21694,21770,76
rearing,21785,21770,21785,15
hunching,21806,21785,21806,21
left_turning,21857,21806,21857,51
stepping,21880,21857,21880,23
walking,21907,21880,21907,27
trotting,21954,21907,21954,47
sniffing,21972,21954,21972,18
walking,21977,21972,21977,5
right_turning,21985,21977,21985,8
sniffing,21986,21985,21986,1
stepping,22025,21986,22025,39
trotting,22037,22025,22037,12
walking,22080,22037,22080,43
left_turning,22105,22080,22105,25
sniffing,22163,22105,22163,58
walking,22194,22163,22194,31
sniffing,22195,22194,22195,1
rising,22226,22195,22226,31
sniffing,22258,22226,22258,32
running,22283,22258,22283,25
rearing,22301,22283,22301,18
grooming,22436,22301,22436,135
rearing,22466,22436,22466,30
grooming,22761,22466,22761,295
walking,22762,22761,22762,1
stepping,22804,22762,22804,42
rising,22901,22804,22901,97
climbing,22947,22901,22947,46
grooming,22949,22947,22949,2
stepping,22969,22949,22969,20
sniffing,23005,22969,23005,36
walking,23052,23005,23052,47
stepping,23084,23052,23084,32
rising,23265,23084,23265,181
walking,23309,23265,23309,44
sniffing,23348,23309,23348,39
grooming,23500,23348,23500,152
hunching,23501,23500,23501,1
grooming,23502,23501,23502,1
running,23508,23502,23508,6
walking,23590,23508,23590,82
sniffing,23641,23590,23641,51
grooming,23744,23641,23744,103
sniffing,23803,23744,23803,59
grooming,24507,23803,24507,704
stepping,24537,24507,24537,30
sniffing,24575,24537,24575,38
walking,24595,24575,24595,20
rearing,24750,24595,24750,155
hunching,24939,24750,24939,189
grooming,24987,24939,24987,48
hunching,24988,24987,24988,1
grooming,24989,24988,24989,1
walking,25021,24989,25021,32
sniffing,25022,25021,25022,1
rearing,25078,25022,25078,56
sniffing,25124,25078,25124,46
climbing,25137,25124,25137,13
sniffing,25152,25137,25152,15
rising,25212,25152,25212,60
sniffing,25272,25212,25272,60
rising,25273,25272,25273,1
climbing,25311,25273,25311,38
sniffing,25316,25311,25316,5
grooming,25317,25316,25317,1
sniffing,25419,25317,25419,102
rearing,25420,25419,25420,1
climbing,25465,25420,25465,45
rising,25698,25465,25698,233
stepping,25716,25698,25716,18
grooming,26297,25716,26297,581
climbing,26348,26297,26348,51
sniffing,26374,26348,26374,26
rising,26380,26374,26380,6
grooming,26524,26380,26524,144
walking,26525,26524,26525,1
hunching,26526,26525,26526,1
left_turning,26527,26526,26527,1
grooming,26721,26527,26721,194
climbing,26744,26721,26744,23
left_turning,26754,26744,26754,10
grooming,26985,26754,26985,231
stepping,26994,26985,26994,9
grooming,27005,26994,27005,11
rearing,27020,27005,27020,15
grooming,27021,27020,27021,1
sniffing,27059,27021,27059,38
grooming,27179,27059,27179,120
rearing,27340,27179,27340,161
grooming,27455,27340,27455,115
stepping,27461,27455,27461,6
sniffing,27483,27461,27483,22
rising,27505,27483,27505,22
hunching,27557,27505,27557,52
rearing,27558,27557,27558,1
grooming,27714,27558,27714,156
climbing,27728,27714,27728,14
trotting,27782,27728,27782,54
walking,27797,27782,27797,15
grooming,27825,27797,27825,28
sniffing,27849,27825,27849,24
grooming,27953,27849,27953,104
walking,27974,27953,27974,21
stepping,27981,27974,27981,7
climbing,28032,27981,28032,51
sniffing,28033,28032,28033,1
grooming,28291,28033,28291,258
hunching,28351,28291,28351,60
grooming,28653,28351,28653,302
rearing,28775,28653,28775,122
grooming,28841,28775,28841,66
rearing,29062,28841,29062,221
grooming,29504,29062,29504,442
sniffing,29535,29504,29535,31
stepping,29576,29535,29576,41
sniffing,29642,29576,29642,66
stepping,29649,29642,29649,7
sniffing,29650,29649,29650,1
stepping,29708,29650,29708,58
rising,29726,29708,29726,18
sniffing,29744,29726,29744,18
rising,29768,29744,29768,24
grooming,29946,29768,29946,178
walking,29971,29946,29971,25
left_turning,30012,29971,30012,41
climbing,30110,30012,30110,98
rising,30138,30110,30138,28
rearing,30179,30138,30179,41
grooming,30180,30179,30180,1
rising,30184,30180,30184,4
stepping,30233,30184,30233,49
rising,30386,30233,30386,153
rearing,30583,30386,30583,197
sniffing,30597,30583,30597,14
rising,30635,30597,30635,38
sniffing,30832,30635,30832,197
rising,30833,30832,30833,1
sniffing,30848,30833,30848,15
grooming,31126,30848,31126,278
rearing,31213,31126,31213,87
grooming,31498,31213,31498,285
stepping,31560,31498,31560,62
sniffing,31561,31560,31561,1
rising,31577,31561,31577,16
walking,31605,31577,31605,28
rising,31613,31605,31613,8
climbing,31663,31613,31663,50
rising,31681,31663,31681,18
climbing,31704,31681,31704,23
grooming,31705,31704,31705,1
trotting,31756,31705,31756,51
running,31791,31756,31791,35
trotting,31796,31791,31796,5
stepping,31846,31796,31846,50
sniffing,31888,31846,31888,42
grooming,31889,31888,31889,1
rearing,32040,31889,32040,151
hunching,32099,32040,32099,59
grooming,32250,32099,32250,151
rising,32311,32250,32311,61
rearing,32372,32311,32372,61
grooming,32500,32372,32500,128
walking,32529,32500,32529,29
stepping,32540,32529,32540,11
rising,32568,32540,32568,28
left_turning,32596,32568,32596,28
sniffing,32615,32596,32615,19
hunching,32616,32615,32616,1
rising,32625,32616,32625,9
grooming,32626,32625,32626,1
hunching,32676,32626,32676,50
rearing,32747,32676,32747,71
grooming,32748,32747,32748,1
rearing,32749,32748,32749,1
grooming,32995,32749,32995,246
rearing,33222,32995,33222,227
grooming,33223,33222,33223,1
trotting,33272,33223,33272,49
walking,33296,33272,33296,24
stepping,33331,33296,33331,35
walking,33350,33331,33350,19
stepping,33393,33350,33393,43
climbing,33401,33393,33401,8
sniffing,33435,33401,33435,34
walking,33474,33435,33474,39
sniffing,33475,33474,33475,1
rising,33511,33475,33511,36
rearing,33659,33511,33659,148
grooming,33820,33659,33820,161
sniffing,33822,33820,33822,2
stepping,33848,33822,33848,26
sniffing,33906,33848,33906,58
walking,33935,33906,33935,29
sniffing,33973,33935,33973,38
stepping,33996,33973,33996,23
rising,34040,33996,34040,44
left_turning,34114,34040,34114,74
stepping,34179,34114,34179,65
walking,34229,34179,34229,50
sniffing,34269,34229,34269,40
walking,34323,34269,34323,54
climbing,34391,34323,34391,68
left_turning,34433,34391,34433,42
sniffing,34434,34433,34434,1
grooming,34622,34434,34622,188
left_turning,34693,34622,34693,71
stepping,34733,34693,34733,40
sniffing,34892,34733,34892,159
rising,35036,34892,35036,144
left_turning,35050,35036,35050,14
grooming,35051,35050,35051,1
stepping,35102,35051,35102,51
rising,35134,35102,35134,32
grooming,35267,35134,35267,133
rising,35287,35267,35287,20
climbing,35330,35287,35330,43
stepping,35366,35330,35366,36
climbing,35415,35366,35415,49
right_turning,35456,35415,35456,41
sniffing,35498,35456,35498,42
rising,35512,35498,35512,14
climbing,35543,35512,35543,31
trotting,35553,35543,35553,10
walking,35573,35553,35573,20
rising,35642,35573,35642,69
sniffing,35768,35642,35768,126
stepping,35839,35768,35839,71
left_turning,35872,35839,35872,33
walking,35873,35872,35873,1
sniffing,35928,35873,35928,55
rising,35942,35928,35942,14
rearing,35943,35942,35943,1
left_turning,35958,35943,35958,15
stepping,35967,35958,35967,9
left_turning,35971,35967,35971,4
sniffing,36028,35971,36028,57
walking,36080,36028,36080,52
sniffing,36126,36080,36126,46
stepping,36146,36126,36146,20
sniffing,36201,36146,36201,55
stepping,36251,36201,36251,50
rising,36285,36251,36285,34
climbing,36313,36285,36313,28
running,36324,36313,36324,11
walking,36402,36324,36402,78
sniffing,36465,36402,36465,63
grooming,36584,36465,36584,119
left_turning,36614,36584,36614,30
sniffing,36636,36614,36636,22
rising,36679,36636,36679,43
climbing,36714,36679,36714,35
sniffing,36715,36714,36715,1
rising,36778,36715,36778,63
climbing,36802,36778,36802,24
sniffing,36837,36802,36837,35
grooming,37029,36837,37029,192
hunching,37041,37029,37041,12
grooming,37043,37041,37043,2
hunching,37123,37043,37123,80
grooming,37241,37123,37241,118
sniffing,37265,37241,37265,24
rising,37278,37265,37278,13
climbing,37353,37278,37353,75
right_turning,37358,37353,37358,5
sniffing,37359,37358,37359,1
stepping,37376,37359,37376,17
climbing,37408,37376,37408,32
grooming,37428,37408,37428,20
sniffing,37438,37428,37438,10
rising,37449,37438,37449,11
grooming,37596,37449,37596,147
left_turning,37630,37596,37630,34
trotting,37635,37630,37635,5
sniffing,37755,37635,37755,120
stepping,37791,37755,37791,36
sniffing,37798,37791,37798,7
stepping,37827,37798,37827,29
climbing,37868,37827,37868,41
grooming,38109,37868,38109,241
scratching,38164,38109,38164,55
sniffing,38175,38164,38175,11
rising,38215,38175,38215,40
sniffing,38243,38215,38243,28
grooming,38244,38243,38244,1
hunching,38311,38244,38311,67
grooming,38454,38311,38454,143
rising,38487,38454,38487,33
climbing,38547,38487,38547,60
grooming,38703,38547,38703,156
right_turning,38726,38703,38726,23
running,38757,38726,38757,31
climbing,38861,38757,38861,104
sniffing,38901,38861,38901,40
climbing,38958,38901,38958,57
rising,38959,38958,38959,1
climbing,38987,38959,38987,28
right_turning,39016,38987,39016,29
walking,39030,39016,39030,14
trotting,39038,39030,39038,8
sniffing,39075,39038,39075,37
walking,39109,39075,39109,34
trotting,39152,39109,39152,43
walking,39205,39152,39205,53
stepping,39209,39205,39209,4
sniffing,39214,39209,39214,5
right_turning,39239,39214,39239,25
walking,39259,39239,39259,20
sniffing,39313,39259,39313,54
stepping,39317,39313,39317,4
sniffing,39360,39317,39360,43
grooming,39445,39360,39445,85
stepping,39478,39445,39478,33
left_turning,39510,39478,39510,32
walking,39538,39510,39538,28
sniffing,39614,39538,39614,76
rearing,39699,39614,39699,85
right_turning,39722,39699,39722,23
trotting,39749,39722,39749,27
stepping,39795,39749,39795,46
rearing,39847,39795,39847,52
climbing,39860,39847,39860,13
hunching,39908,39860,39908,48
grooming,40493,39908,40493,585
left_turning,40523,40493,40523,30
walking,40560,40523,40560,37
climbing,40578,40560,40578,18
grooming,40579,40578,40579,1
walking,40587,40579,40587,8
sniffing,40588,40587,40588,1
left_turning,40615,40588,40615,27
running,40661,40615,40661,46
sniffing,40804,40661,40804,143
trotting,40813,40804,40813,9
grooming,40814,40813,40814,1
hunching,40815,40814,40815,1
rearing,40835,40815,40835,20
rising,40852,40835,40852,17
sniffing,40935,40852,40935,83
walking,40952,40935,40952,17
sniffing,40973,40952,40973,21
grooming,41114,40973,41114,141
rearing,41255,41114,41255,141
rising,41274,41255,41274,19
climbing,41308,41274,41308,34
grooming,41510,41308,41510,202
stepping,41545,41510,41545,35
grooming,41583,41545,41583,38
rearing,41738,41583,41738,155
grooming,41872,41738,41872,134
rising,41882,41872,41882,10
climbing,41929,41882,41929,47
left_turning,41930,41929,41930,1
running,41944,41930,41944,14
sniffing,41956,41944,41956,12
rearing,42062,41956,42062,106
climbing,42145,42062,42145,83
grooming,42154,42145,42154,9
sniffing,42156,42154,42156,2
walking,42166,42156,42166,10
sniffing,42232,42166,42232,66
stepping,42289,42232,42289,57
grooming,42358,42289,42358,69
rearing,42486,42358,42486,128
grooming,42599,42486,42599,113
right_turning,42608,42599,42608,9
walking,42662,42608,42662,54
sniffing,42710,42662,42710,48
grooming,42954,42710,42954,244
running,42985,42954,42985,31
stepping,43019,42985,43019,34
sniffing,43114,43019,43114,95
rearing,43161,43114,43161,47
grooming,43226,43161,43226,65
climbing,43275,43226,43275,49
left_turning,43298,43275,43298,23
sniffing,43323,43298,43323,25
walking,43324,43323,43324,1
stepping,43351,43324,43351,27
rising,43373,43351,43373,22
right_turning,43390,43373,43390,17
grooming,43391,43390,43391,1
stepping,43408,43391,43408,17
rearing,43409,43408,43409,1
grooming,43439,43409,43439,30
rearing,43479,43439,43479,40
grooming,43708,43479,43708,229
rising,43709,43708,43709,1
rearing,43710,43709,43710,1
walking,43743,43710,43743,33
rearing,43824,43743,43824,81
climbing,43837,43824,43837,13
grooming,43838,43837,43838,1
sniffing,43926,43838,43926,88
walking,43944,43926,43944,18
sniffing,44023,43944,44023,79
rising,44068,44023,44068,45
climbing,44108,44068,44108,40
rearing,44344,44108,44344,236
grooming,44695,44344,44695,351
climbing,44750,44695,44750,55
sniffing,44785,44750,44785,35
walking,44803,44785,44803,18
sniffing,44804,44803,44804,1
rising,44842,44804,44842,38
rearing,44903,44842,44903,61
sniffing,44907,44903,44907,4
walking,44914,44907,44914,7
stepping,44915,44914,44915,1
walking,44929,44915,44929,14
sniffing,45110,44929,45110,181
left_turning,45158,45110,45158,48
rising,45160,45158,45160,2
grooming,45364,45160,45364,204
climbing,45436,45364,45436,72
rising,45493,45436,45493,57
trotting,45529,45493,45529,36
sniffing,45530,45529,45530,1
walking,45533,45530,45533,3
stepping,45566,45533,45566,33
sniffing,45643,45566,45643,77
walking,45652,45643,45652,9
sniffing,45716,45652,45716,64
left_turning,45851,45716,45851,135
sniffing,45889,45851,45889,38
left_turning,45929,45889,45929,40
grooming,46007,45929,46007,78
climbing,46116,46007,46116,109
grooming,46361,46116,46361,245
rearing,46362,46361,46362,1
grooming,46413,46362,46413,51
walking,46454,46413,46454,41
grooming,46672,46454,46672,218
walking,46673,46672,46673,1
sniffing,46699,46673,46699,26
rising,46763,46699,46763,64
right_turning,46797,46763,46797,34
grooming,47821,46797,47821,1024
walking,47822,47821,47822,1
grooming,47823,47822,47823,1
right_turning,47846,47823,47846,23
walking,47886,47846,47886,40
sniffing,47956,47886,47956,70
grooming,48030,47956,48030,74
walking,48040,48030,48040,10
sniffing,48076,48040,48076,36
stepping,48116,48076,48116,40
sniffing,48153,48116,48153,37
stepping,48191,48153,48191,38
running,48231,48191,48231,40
rising,48239,48231,48239,8
walking,48323,48239,48323,84
stepping,48335,48323,48335,12
walking,48364,48335,48364,29
right_turning,48382,48364,48382,18
sniffing,48429,48382,48429,47
right_turning,48439,48429,48439,10
rising,48500,48439,48500,61
climbing,48520,48500,48520,20
left_turning,48527,48520,48527,7
walking,48545,48527,48545,18
stepping,48560,48545,48560,15
sniffing,48586,48560,48586,26
rising,48616,48586,48616,30
climbing,48648,48616,48648,32
stepping,48699,48648,48699,51
climbing,48730,48699,48730,31
walking,48767,48730,48767,37
sniffing,48886,48767,48886,119
climbing,48958,48886,48958,72
walking,48975,48958,48975,17
sniffing,49032,48975,49032,57
trotting,49045,49032,49045,13
stepping,49067,49045,49067,22
walking,49109,49067,49109,42
sniffing,49116,49109,49116,7
rising,49167,49116,49167,51
scratching,49212,49167,49212,45
sniffing,49213,49212,49213,1
right_turning,49246,49213,49246,33
walking,49281,49246,49281,35
stepping,49296,49281,49296,15
walking,49303,49296,49303,7
sniffing,49304,49303,49304,1
grooming,49554,49304,49554,250
sniffing,49617,49554,49617,63
stepping,49628,49617,49628,11
climbing,49685,49628,49685,57
running,49703,49685,49703,18
grooming,49756,49703,49756,53
rearing,49774,49756,49774,18
grooming,49775,49774,49775,1
rearing,49791,49775,49791,16
walking,49813,49791,49813,22
sniffing,49882,49813,49882,69
grooming,50152,49882,50152,270
rising,50161,50152,50161,9
climbing,50200,50161,50200,39
rearing,50236,50200,50236,36
rising,50269,50236,50269,33
sniffing,50326,50269,50326,57
left_turning,50360,50326,50360,34
rising,50426,50360,50426,66
walking,50437,50426,50437,11
sniffing,50527,50437,50527,90
right_turning,50552,50527,50552,25
sniffing,50577,50552,50577,25
stepping,50581,50577,50581,4
sniffing,50632,50581,50632,51
left_turning,50633,50632,50633,1
sniffing,50657,50633,50657,24
walking,50682,50657,50682,25
left_turning,50756,50682,50756,74
stepping,50811,50756,50811,55
right_turning,50848,50811,50848,37
walking,50856,50848,50856,8
sniffing,50872,50856,50872,16
grooming,51046,50872,51046,174
sniffing,51047,51046,51047,1
walking,51060,51047,51060,13
sniffing,51119,51060,51119,59
running,51143,51119,51143,24
rising,51173,51143,51173,30
trotting,51207,51173,51207,34
sniffing,51223,51207,51223,16
grooming,51458,51223,51458,235
rearing,51585,51458,51585,127
rising,51597,51585,51597,12
grooming,51598,51597,51598,1
rearing,51629,51598,51629,31
climbing,51665,51629,51665,36
trotting,51708,51665,51708,43
rising,51709,51708,51709,1
rearing,51710,51709,51710,1
climbing,51771,51710,51771,61
sniffing,51830,51771,51830,59
right_turning,51851,51830,51851,21
sniffing,51932,51851,51932,81
trotting,51944,51932,51944,12
sniffing,51986,51944,51986,42
stepping,52033,51986,52033,47
walking,52068,52033,52068,35
stepping,52106,52068,52106,38
sniffing,52293,52106,52293,187
grooming,52406,52293,52406,113
rising,52448,52406,52448,42
grooming,52533,52448,52533,85
stepping,52581,52533,52581,48
sniffing,52755,52581,52755,174
rearing,52820,52755,52820,65
stepping,52842,52820,52842,22
sniffing,52868,52842,52868,26
stepping,52890,52868,52890,22
sniffing,52954,52890,52954,64
rising,52989,52954,52989,35
climbing,53135,52989,53135,146
stepping,53197,53135,53197,62
running,53214,53197,53214,17
rearing,53552,53214,53552,338
grooming,53755,53552,53755,203
left_turning,53801,53755,53801,46
grooming,53822,53801,53822,21
stepping,53823,53822,53823,1
sniffing,53824,53823,53824,1
trotting,53850,53824,53850,26
sniffing,53992,53850,53992,142
grooming,54081,53992,54081,89
stepping,54087,54081,54087,6
rising,54129,54087,54129,42
sniffing,54246,54129,54246,117
walking,54256,54246,54256,10
stepping,54288,54256,54288,32
sniffing,54335,54288,54335,47
stepping,54377,54335,54377,42
grooming,54661,54377,54661,284
rising,54706,54661,54706,45
climbing,54759,54706,54759,53
grooming,54913,54759,54913,154
right_turning,54915,54913,54915,2
running,54947,54915,54947,32
sniffing,55151,54947,55151,204
grooming,55500,55151,55500,349
right_turning,55501,55500,55501,1
sniffing,55563,55501,55563,62
stepping,55585,55563,55585,22
climbing,55631,55585,55631,46
left_turning,55666,55631,55666,35
sniffing,55667,55666,55667,1
rising,55668,55667,55668,1
climbing,55693,55668,55693,25
sniffing,55694,55693,55694,1
rearing,55848,55694,55848,154
walking,55849,55848,55849,1
climbing,55893,55849,55893,44
grooming,55955,55893,55955,62
sniffing,56021,55955,56021,66
grooming,56310,56021,56310,289
rising,56326,56310,56326,16
grooming,56764,56326,56764,438
stepping,56798,56764,56798,34
walking,56817,56798,56817,19
sniffing,56844,56817,56844,27
stepping,56872,56844,56872,28
rising,56891,56872,56891,19
rearing,56892,56891,56892,1
grooming,57344,56892,57344,452
climbing,57355,57344,57355,11
grooming,57501,57355,57501,146
sniffing,57502,57501,57502,1
rearing,57545,57502,57545,43
climbing,57565,57545,57565,20
trotting,57582,57565,57582,17
walking,57628,57582,57628,46
running,57648,57628,57648,20
walking,57656,57648,57656,8
rising,57716,57656,57716,60
stepping,57722,57716,57722,6
sniffing,57725,57722,57725,3
stepping,57750,57725,57750,25
walking,57855,57750,57855,105
right_turning,57885,57855,57885,30
sniffing,57934,57885,57934,49
rising,57942,57934,57942,8
grooming,58082,57942,58082,140
stepping,58107,58082,58107,25
running,58114,58107,58114,7
sniffing,58188,58114,58188,74
rising,58236,58188,58236,48
rearing,58244,58236,58244,8
climbing,58249,58244,58249,5
right_turning,58256,58249,58256,7
rising,58277,58256,58277,21
climbing,58330,58277,58330,53
grooming,58705,58330,58705,375
rising,58706,58705,58706,1
climbing,58746,58706,58746,40
sniffing,58773,58746,58773,27
trotting,58799,58773,58799,26
walking,58830,58799,58830,31
sniffing,58902,58830,58902,72
rearing,58976,58902,58976,74
running,59003,58976,59003,27
rising,59031,59003,59031,28
scratching,59484,59031,59484,453
left_turning,59553,59484,59553,69
walking,59571,59553,59571,18
rearing,59608,59571,59608,37
walking,59616,59608,59616,8
rising,59641,59616,59641,25
climbing,59738,59641,59738,97
walking,59751,59738,59751,13
rearing,59796,59751,59796,45
climbing,59828,59796,59828,32
grooming,59870,59828,59870,42
walking,59904,59870,59904,34
stepping,59916,59904,59916,12
left_turning,59999,59916,59999,83
rearing,60004,59999,60004,5
grooming,60240,60004,60240,236
rearing,60311,60240,60311,71
stepping,60364,60311,60364,53
walking,60394,60364,60394,30
sniffing,60395,60394,60395,1
climbing,60414,60395,60414,19
right_turning,60453,60414,60453,39
trotting,60507,60453,60507,54
sniffing,60528,60507,60528,21
walking,60542,60528,60542,14
sniffing,60554,60542,60554,12
walking,60558,60554,60558,4
sniffing,60570,60558,60570,12
left_turning,60573,60570,60573,3
stepping,60617,60573,60617,44
sniffing,60618,60617,60618,1
walking,60627,60618,60627,9
left_turning,60641,60627,60641,14
sniffing,60642,60641,60642,1
climbing,60759,60642,60759,117
walking,60784,60759,60784,25
sniffing,60824,60784,60824,40
rising,60873,60824,60873,49
right_turning,60880,60873,60880,7
sniffing,60910,60880,60910,30
grooming,61163,60910,61163,253
hunching,61180,61163,61180,17
rising,61237,61180,61237,57
sniffing,61269,61237,61269,32
stepping,61270,61269,61270,1
rearing,61356,61270,61356,86
hunching,61507,61356,61507,151
left_turning,61613,61507,61613,106
trotting,61642,61613,61642,29
rearing,61647,61642,61647,5
climbing,61708,61647,61708,61
left_turning,61793,61708,61793,85
stepping,61827,61793,61827,34
sniffing,61828,61827,61828,1
left_turning,61843,61828,61843,15
sniffing,61845,61843,61845,2
rising,61857,61845,61857,12
grooming,62007,61857,62007,150
rearing,62008,62007,62008,1
climbing,62078,62008,62078,70
grooming,62079,62078,62079,1
climbing,62112,62079,62112,33
rearing,62182,62112,62182,70
climbing,62211,62182,62211,29
walking,62273,62211,62273,62
running,62295,62273,62295,22
walking,62308,62295,62308,13
sniffing,62341,62308,62341,33
walking,62363,62341,62363,22
climbing,62414,62363,62414,51
grooming,62549,62414,62549,135
hunching,62550,62549,62550,1
sniffing,62599,62550,62599,49
stepping,62672,62599,62672,73
left_turning,62674,62672,62674,2
sniffing,62740,62674,62740,66
left_turning,62741,62740,62741,1
walking,62746,62741,62746,5
stepping,62747,62746,62747,1
sniffing,62781,62747,62781,34
stepping,62818,62781,62818,37
grooming,63118,62818,63118,300
left_turning,63186,63118,63186,68
rising,63188,63186,63188,2
grooming,63189,63188,63189,1
rearing,63265,63189,63265,76
sniffing,63299,63265,63299,34
trotting,63300,63299,63300,1
stepping,63339,63300,63339,39
walking,63411,63339,63411,72
grooming,64009,63411,64009,598
rearing,64051,64009,64051,42
grooming,64065,64051,64065,14
stepping,64084,64065,64084,19
left_turning,64092,64084,64092,8
rising,64108,64092,64108,16
climbing,64205,64108,64205,97
running,64234,64205,64234,29
walking,64250,64234,64250,16
sniffing,64272,64250,64272,22
stepping,64279,64272,64279,7
sniffing,64280,64279,64280,1
rising,64303,64280,64303,23
climbing,64485,64303,64485,182
rearing,64486,64485,64486,1
sniffing,64591,64486,64591,105
trotting,64606,64591,64606,15
sniffing,64625,64606,64625,19
climbing,64676,64625,64676,51
rearing,64750,64676,64750,74
left_turning,64751,64750,64751,1
running,64770,64751,64770,19
stepping,64792,64770,64792,22
sniffing,64885,64792,64885,93
scratching,65033,64885,65033,148
walking,65074,65033,65074,41
stepping,65093,65074,65093,19
walking,65096,65093,65096,3
jumping,65145,65096,65145,49
right_turning,65147,65145,65147,2
stepping,65194,65147,65194,47
sniffing,65389,65194,65389,195
stepping,65408,65389,65408,19
sniffing,65500,65408,65500,92
scratching,65620,65500,65620,120
sniffing,65725,65620,65725,105
rising,65761,65725,65761,36
rearing,65762,65761,65762,1
hunching,65799,65762,65799,37
rising,65824,65799,65824,25
sniffing,65825,65824,65825,1
left_turning,65826,65825,65826,1
walking,65865,65826,65865,39
sniffing,65895,65865,65895,30
rearing,66023,65895,66023,128
sniffing,66081,66023,66081,58
rising,66082,66081,66082,1
stepping,66112,66082,66112,30
grooming,66371,66112,66371,259
left_turning,66400,66371,66400,29
running,66432,66400,66432,32
walking,66463,66432,66463,31
sniffing,66512,66463,66512,49
stepping,66555,66512,66555,43
sniffing,66622,66555,66622,67
left_turning,66623,66622,66623,1
walking,66636,66623,66636,13
climbing,66685,66636,66685,49
rearing,66686,66685,66686,1
grooming,66687,66686,66687,1
sniffing,66710,66687,66710,23
rising,66726,66710,66726,16
grooming,66727,66726,66727,1
scratching,66962,66727,66962,235
sniffing,66992,66962,66992,30
walking,67043,66992,67043,51
running,67058,67043,67058,15
right_turning,67092,67058,67092,34
walking,67110,67092,67110,18
rising,67183,67110,67183,73
sniffing,67184,67183,67184,1
stepping,67197,67184,67197,13
walking,67237,67197,67237,40
rising,67301,67237,67301,64
grooming,67522,67301,67522,221
rearing,67593,67522,67593,71
hunching,67598,67593,67598,5
grooming,67677,67598,67677,79
left_turning,67706,67677,67706,29
rearing,67749,67706,67749,43
hunching,67799,67749,67799,50
rearing,67876,67799,67876,77
grooming,67877,67876,67877,1
climbing,67902,67877,67902,25
sniffing,67952,67902,67952,50
stepping,67959,67952,67959,7
grooming,68221,67959,68221,262
stepping,68254,68221,68254,33
walking,68277,68254,68277,23
stepping,68293,68277,68293,16
running,68302,68293,68302,9
climbing,68326,68302,68326,24
grooming,68327,68326,68327,1
sniffing,68397,68327,68397,70
rising,68434,68397,68434,37
rearing,68439,68434,68439,5
hunching,68513,68439,68513,74
grooming,68690,68513,68690,177
rearing,68691,68690,68691,1
hunching,68692,68691,68692,1
grooming,68823,68692,68823,131
trotting,68854,68823,68854,31
sniffing,68893,68854,68893,39
left_turning,68906,68893,68906,13
trotting,68933,68906,68933,27
sniffing,68966,68933,68966,33
rising,68967,68966,68967,1
rearing,69039,68967,69039,72
hunching,69344,69039,69344,305
grooming,69427,69344,69427,83
scratching,69499,69427,69499,72
stepping,69537,69499,69537,38
rising,69540,69537,69540,3
sniffing,69610,69540,69610,70
walking,69611,69610,69611,1
grooming,69983,69611,69983,372
rearing,70043,69983,70043,60
climbing,70054,70043,70054,11
hunching,70126,70054,70126,72
stepping,70147,70126,70147,21
sniffing,70218,70147,70218,71
left_turning,70253,70218,70253,35
climbing,70413,70253,70413,160
sniffing,70459,70413,70459,46
walking,70460,70459,70460,1
sniffing,70461,70460,70461,1
rising,70462,70461,70462,1
right_turning,70469,70462,70469,7
trotting,70487,70469,70487,18
rising,70533,70487,70533,46
sniffing,70587,70533,70587,54
grooming,70653,70587,70653,66
sniffing,70740,70653,70740,87
climbing,70757,70740,70757,17
left_turning,70795,70757,70795,38
sniffing,70821,70795,70821,26
left_turning,70859,70821,70859,38
trotting,70860,70859,70860,1
walking,70921,70860,70921,61
sniffing,70976,70921,70976,55
grooming,71108,70976,71108,132
left_turning,71116,71108,71116,8
stepping,71117,71116,71117,1
climbing,71141,71117,71141,24
left_turning,71142,71141,71142,1
sniffing,71201,71142,71201,59
rising,71232,71201,71232,31
left_turning,71278,71232,71278,46
sniffing,71295,71278,71295,17
rising,71340,71295,71340,45
left_turning,71355,71340,71355,15
sniffing,71424,71355,71424,69
rising,71517,71424,71517,93
grooming,71551,71517,71551,34
right_turning,71574,71551,71574,23
sniffing,71600,71574,71600,26
climbing,71654,71600,71654,54
left_turning,71717,71654,71717,63
walking,71725,71717,71725,8
sniffing,71726,71725,71726,1
walking,71763,71726,71763,37
trotting,71798,71763,71798,35
walking,71845,71798,71845,47
sniffing,71846,71845,71846,1
rearing,71881,71846,71881,35
grooming,72048,71881,72048,167
stepping,72086,72048,72086,38
sniffing,72110,72086,72110,24
stepping,72143,72110,72143,33
rearing,72202,72143,72202,59
hunching,72210,72202,72210,8
scratching,72238,72210,72238,28
grooming,72449,72238,72449,211
stepping,72474,72449,72474,25
grooming,72577,72474,72577,103
hunching,72634,72577,72634,57
grooming,72645,72634,72645,11
walking,72648,72645,72648,3
sniffing,72649,72648,72649,1
trotting,72670,72649,72670,21
left_turning,72671,72670,72671,1
stepping,72694,72671,72694,23
rearing,72695,72694,72695,1
walking,72717,72695,72717,22
sniffing,72853,72717,72853,136
grooming,72854,72853,72854,1
left_turning,72860,72854,72860,6
sniffing,72870,72860,72870,10
right_turning,72878,72870,72878,8
stepping,72921,72878,72921,43
sniffing,72960,72921,72960,39
left_turning,72977,72960,72977,17
walking,73001,72977,73001,24
grooming,73083,73001,73083,82
climbing,73112,73083,73112,29
trotting,73140,73112,73140,28
stepping,73172,73140,73172,32
grooming,73173,73172,73173,1
hunching,73265,73173,73265,92
sniffing,73332,73265,73332,67
walking,73352,73332,73352,20
stepping,73372,73352,73372,20
grooming,73429,73372,73429,57
rearing,73442,73429,73442,13
running,73447,73442,73447,5
sniffing,73495,73447,73495,48
trotting,73506,73495,73506,11
stepping,73560,73506,73560,54
sniffing,73568,73560,73568,8
rising,73585,73568,73585,17
climbing,73644,73585,73644,59
sniffing,73645,73644,73645,1
walking,73662,73645,73662,17
sniffing,73722,73662,73722,60
hunching,73780,73722,73780,58
grooming,73791,73780,73791,11
rising,73823,73791,73823,32
sniffing,73860,73823,73860,37
walking,73888,73860,73888,28
sniffing,74106,73888,74106,218
grooming,74408,74106,74408,302
walking,74485,74408,74485,77
trotting,74509,74485,74509,24
sniffing,74510,74509,74510,1
stepping,74530,74510,74530,20
walking,74566,74530,74566,36
sniffing,74601,74566,74601,35
stepping,74614,74601,74614,13
sniffing,74656,74614,74656,42
stepping,74669,74656,74669,13
trotting,74686,74669,74686,17
right_turning,74691,74686,74691,5
sniffing,74721,74691,74721,30
walking,74744,74721,74744,23
sniffing,74784,74744,74784,40
grooming,74984,74784,74984,200
stepping,75007,74984,75007,23
walking,75033,75007,75033,26
stepping,75075,75033,75075,42
sniffing,75077,75075,75077,2
left_turning,75078,75077,75078,1
grooming,75257,75078,75257,179
sniffing,75258,75257,75258,1
rising,75274,75258,75274,16
climbing,75309,75274,75309,35
rising,75324,75309,75324,15
climbing,75359,75324,75359,35
running,75373,75359,75373,14
walking,75429,75373,75429,56
rearing,75499,75429,75499,70
climbing,75534,75499,75534,35
sniffing,75614,75534,75614,80
rising,75625,75614,75625,11
climbing,75657,75625,75657,32
trotting,75671,75657,75671,14
grooming,75984,75671,75984,313
rising,76012,75984,76012,28
climbing,76081,76012,76081,69
grooming,76345,76081,76345,264
climbing,76394,76345,76394,49
sniffing,76395,76394,76395,1
grooming,76993,76395,76993,598
walking,76994,76993,76994,1
climbing,77044,76994,77044,50
walking,77045,77044,77045,1
running,77063,77045,77063,18
rising,77098,77063,77098,35
sniffing,77099,77098,77099,1
walking,77107,77099,77107,8
sniffing,77136,77107,77136,29
rising,77182,77136,77182,46
left_turning,77191,77182,77191,9
rising,77206,77191,77206,15
climbing,77224,77206,77224,18
left_turning,77236,77224,77236,12
sniffing,77239,77236,77239,3
running,77262,77239,77262,23
walking,77283,77262,77283,21
stepping,77318,77283,77318,35
rising,77338,77318,77338,20
climbing,77372,77338,77372,34
sniffing,77388,77372,77388,16
stepping,77437,77388,77437,49
rising,77484,77437,77484,47
rearing,77567,77484,77567,83
climbing,77576,77567,77576,9
running,77610,77576,77610,34
climbing,77625,77610,77625,15
walking,77669,77625,77669,44
sniffing,77722,77669,77722,53
left_turning,77743,77722,77743,21
hunching,77886,77743,77886,143
grooming,78163,77886,78163,277
walking,78164,78163,78164,1
stepping,78165,78164,78165,1
sniffing,78213,78165,78213,48
rising,78272,78213,78272,59
climbing,78284,78272,78284,12
walking,78289,78284,78289,5
rising,78290,78289,78290,1
grooming,78291,78290,78291,1
sniffing,78307,78291,78307,16
stepping,78341,78307,78341,34
walking,78357,78341,78357,16
climbing,78425,78357,78425,68
right_turning,78440,78425,78440,15
stepping,78461,78440,78461,21
sniffing,78499,78461,78499,38
walking,78526,78499,78526,27
sniffing,78581,78526,78581,55
climbing,78624,78581,78624,43
grooming,78773,78624,78773,149
sniffing,78774,78773,78774,1
stepping,78787,78774,78787,13
walking,78798,78787,78798,11
climbing,78852,78798,78852,54
walking,78876,78852,78876,24
sniffing,78924,78876,78924,48
rising,78929,78924,78929,5
rearing,78987,78929,78987,58
stepping,78988,78987,78988,1
climbing,79008,78988,79008,20
right_turning,79053,79008,79053,45
sniffing,79064,79053,79064,11
rising,79065,79064,79065,1
rearing,79086,79065,79086,21
grooming,79087,79086,79087,1
sniffing,79088,79087,79088,1
stepping,79164,79088,79164,76
climbing,79209,79164,79209,45
sniffing,79295,79209,79295,86
stepping,79319,79295,79319,24
walking,79330,79319,79330,11
left_turning,79389,79330,79389,59
stepping,79390,79389,79390,1
walking,79397,79390,79397,7
trotting,79420,79397,79420,23
rearing,79489,79420,79489,69
grooming,79490,79489,79490,1
hunching,79491,79490,79491,1
rearing,79517,79491,79517,26
climbing,79538,79517,79538,21
rearing,79539,79538,79539,1
grooming,79763,79539,79763,224
sniffing,79835,79763,79835,72
rising,79836,79835,79836,1
climbing,79875,79836,79875,39
walking,79880,79875,79880,5
stepping,79919,79880,79919,39
sniffing,79956,79919,79956,37
walking,79957,79956,79957,1
stepping,79988,79957,79988,31
rearing,80053,79988,80053,65
grooming,80259,80053,80259,206
right_turning,80278,80259,80278,19
trotting,80321,80278,80321,43
sniffing,80322,80321,80322,1
stepping,80340,80322,80340,18
grooming,80532,80340,80532,192
sniffing,80577,80532,80577,45
stepping,80602,80577,80602,25
walking,80603,80602,80603,1
stepping,80636,80603,80636,33
sniffing,80637,80636,80637,1
grooming,80839,80637,80839,202
left_turning,80873,80839,80873,34
walking,80885,80873,80885,12
sniffing,80902,80885,80902,17
rising,80903,80902,80903,1
sniffing,80965,80903,80965,62
walking,80966,80965,80966,1
sniffing,80967,80966,80967,1
climbing,81004,80967,81004,37
walking,81047,81004,81047,43
grooming,81156,81047,81156,109
sniffing,81195,81156,81195,39
grooming,81196,81195,81196,1
rearing,81209,81196,81209,13
climbing,81344,81209,81344,135
left_turning,81345,81344,81345,1
walking,81369,81345,81369,24
sniffing,81387,81369,81387,18
rising,81451,81387,81451,64
rearing,81475,81451,81475,24
rising,81502,81475,81502,27
right_turning,81522,81502,81522,20
sniffing,81591,81522,81591,69
rearing,81697,81591,81697,106
left_turning,81705,81697,81705,8
stepping,81723,81705,81723,18
walking,81761,81723,81761,38
stepping,81791,81761,81791,30
rising,81792,81791,81792,1
rearing,81847,81792,81847,55
sniffing,81909,81847,81909,62
stepping,81912,81909,81912,3
sniffing,81966,81912,81966,54
walking,81970,81966,81970,4
stepping,82041,81970,82041,71
walking,82045,82041,82045,4
right_turning,82061,82045,82061,16
trotting,82063,82061,82063,2
walking,82078,82063,82078,15
trotting,82094,82078,82094,16
sniffing,82095,82094,82095,1
walking,82128,82095,82128,33
sniffing,82130,82128,82130,2
rearing,82131,82130,82131,1
walking,82154,82131,82154,23
stepping,82176,82154,82176,22
sniffing,82256,82176,82256,80
grooming,82257,82256,82257,1
right_turning,82274,82257,82274,17
rising,82336,82274,82336,62
rearing,82360,82336,82360,24
sniffing,82361,82360,82361,1
walking,82388,82361,82388,27
sniffing,82409,82388,82409,21
rearing,82431,82409,82431,22
running,82459,82431,82459,28
trotting,82470,82459,82470,11
walking,82506,82470,82506,36
scratching,82581,82506,82581,75
sniffing,82582,82581,82582,1
stepping,82609,82582,82609,27
trotting,82648,82609,82648,39
stepping,82674,82648,82674,26
grooming,82834,82674,82834,160
walking,82835,82834,82835,1
sniffing,82848,82835,82848,13
rearing,82986,82848,82986,138
walking,83002,82986,83002,16
grooming,83007,83002,83007,5
climbing,83039,83007,83039,32
walking,83051,83039,83051,12
stepping,83076,83051,83076,25
climbing,83120,83076,83120,44
stepping,83124,83120,83124,4
walking,83156,83124,83156,32
sniffing,83210,83156,83210,54
rearing,83211,83210,83211,1
grooming,83590,83211,83590,379
rearing,83623,83590,83623,33
rising,83670,83623,83670,47
sniffing,83671,83670,83671,1
walking,83690,83671,83690,19
stepping,83758,83690,83758,68
sniffing,83765,83758,83765,7
rising,83790,83765,83790,25
left_turning,83794,83790,83794,4
walking,83811,83794,83811,17
climbing,83815,83811,83815,4
rising,83868,83815,83868,53
sniffing,83891,83868,83891,23
walking,83897,83891,83897,6
rising,83902,83897,83902,5
sniffing,83906,83902,83906,4
stepping,83972,83906,83972,66
walking,83988,83972,83988,16
stepping,84018,83988,84018,30
sniffing,84058,84018,84058,40
stepping,84067,84058,84067,9
walking,84091,84067,84091,24
sniffing,84176,84091,84176,85
rising,84177,84176,84177,1
left_turning,84212,84177,84212,35
sniffing,84282,84212,84282,70
trotting,84312,84282,84312,30
walking,84324,84312,84324,12
sniffing,84380,84324,84380,56
grooming,84462,84380,84462,82
scratching,84509,84462,84509,47
grooming,84585,84509,84585,76
rising,84621,84585,84621,36
grooming,84622,84621,84622,1
climbing,84681,84622,84681,59
walking,84714,84681,84714,33
sniffing,84748,84714,84748,34
grooming,85179,84748,85179,431
walking,85182,85179,85182,3
stepping,85201,85182,85201,19
grooming,85228,85201,85228,27
hunching,85255,85228,85255,27
rearing,85336,85255,85336,81
climbing,85390,85336,85390,54
right_turning,85429,85390,85429,39
sniffing,85430,85429,85430,1
grooming,85474,85430,85474,44
rising,85519,85474,85519,45
sniffing,85520,85519,85520,1
stepping,85558,85520,85558,38
grooming,85610,85558,85610,52
rearing,85650,85610,85650,40
grooming,85851,85650,85851,201
climbing,85930,85851,85930,79
running,85962,85930,85962,32
rising,85974,85962,85974,12
rearing,86105,85974,86105,131
sniffing,86161,86105,86161,56
left_turning,86202,86161,86202,41
trotting,86222,86202,86222,20
stepping,86250,86222,86250,28
sniffing,86300,86250,86300,50
rising,86323,86300,86323,23
rearing,86428,86323,86428,105
sniffing,86485,86428,86485,57
walking,86533,86485,86533,48
rising,86552,86533,86552,19
grooming,86716,86552,86716,164
rearing,86717,86716,86717,1
grooming,86718,86717,86718,1
climbing,86746,86718,86746,28
walking,86778,86746,86778,32
sniffing,86819,86778,86819,41
grooming,87298,86819,87298,479
rising,87324,87298,87324,26
stepping,87333,87324,87333,9
walking,87348,87333,87348,15
stepping,87349,87348,87349,1
sniffing,87406,87349,87406,57
grooming,87622,87406,87622,216
rising,87662,87622,87662,40
climbing,87690,87662,87690,28
trotting,87710,87690,87710,20
walking,87731,87710,87731,21
sniffing,87739,87731,87739,8
left_turning,87740,87739,87740,1
trotting,87751,87740,87751,11
sniffing,87791,87751,87791,40
walking,87817,87791,87817,26
stepping,87833,87817,87833,16
sniffing,87870,87833,87870,37
jumping,87871,87870,87871,1
left_turning,87872,87871,87872,1
walking,87873,87872,87873,1
climbing,87952,87873,87952,79
running,87988,87952,87988,36
sniffing,88007,87988,88007,19
left_turning,88038,88007,88038,31
grooming,88081,88038,88081,43
stepping,88085,88081,88085,4
climbing,88109,88085,88109,24
rising,88144,88109,88144,35
stepping,88158,88144,88158,14
sniffing,88159,88158,88159,1
walking,88185,88159,88185,26
left_turning,88209,88185,88209,24
sniffing,88261,88209,88261,52
walking,88292,88261,88292,31
stepping,88307,88292,88307,15
grooming,88308,88307,88308,1
rearing,88352,88308,88352,44
hunching,88426,88352,88426,74
stepping,88506,88426,88506,80
sniffing,88586,88506,88586,80
stepping,88661,88586,88661,75
walking,88686,88661,88686,25
sniffing,88693,88686,88693,7
right_turning,88717,88693,88717,24
stepping,88722,88717,88722,5
trotting,88731,88722,88731,9
sniffing,88794,88731,88794,63
left_turning,88832,88794,88832,38
sniffing,88853,88832,88853,21
stepping,88864,88853,88864,11
trotting,88900,88864,88900,36
walking,88942,88900,88942,42
left_turning,88975,88942,88975,33
stepping,89001,88975,89001,26
rising,89020,89001,89020,19
rearing,89087,89020,89087,67
grooming,89295,89087,89295,208
sniffing,89336,89295,89336,41
grooming,89921,89336,89921,585
rising,89922,89921,89922,1
climbing,89999,89922,89999,77
rearing,90011,89999,90011,12
grooming,90012,90011,90012,1
stepping,90054,90012,90054,42
climbing,90083,90054,90083,29
running,90095,90083,90095,12
stepping,90101,90095,90101,6
sniffing,90162,90101,90162,61
grooming,90237,90162,90237,75
rising,90273,90237,90273,36
climbing,90299,90273,90299,26
rearing,90308,90299,90308,9
grooming,90309,90308,90309,1
rearing,90350,90309,90350,41
stepping,90362,90350,90362,12
sniffing,90409,90362,90409,47
stepping,90410,90409,90410,1
climbing,90440,90410,90440,30
hunching,90460,90440,90460,20
rearing,90467,90460,90467,7
climbing,90533,90467,90533,66
walking,90570,90533,90570,37
sniffing,90676,90570,90676,106
walking,90689,90676,90689,13
sniffing,90718,90689,90718,29
climbing,90747,90718,90747,29
rearing,90749,90747,90749,2
hunching,90788,90749,90788,39
walking,90829,90788,90829,41
grooming,90976,90829,90976,147
rising,91032,90976,91032,56
climbing,91092,91032,91092,60
rising,91147,91092,91147,55
sniffing,91172,91147,91172,25
grooming,91315,91172,91315,143
sniffing,91362,91315,91362,47
walking,91414,91362,91414,52
climbing,91461,91414,91461,47
trotting,91474,91461,91474,13
sniffing,91475,91474,91475,1
climbing,91496,91475,91496,21
grooming,91497,91496,91497,1
rising,91498,91497,91498,1
right_turning,91509,91498,91509,11
walking,91530,91509,91530,21
trotting,91551,91530,91551,21
stepping,91602,91551,91602,51
rising,91603,91602,91603,1
trotting,91625,91603,91625,22
sniffing,91635,91625,91635,10
left_turning,91665,91635,91665,30
stepping,91673,91665,91673,8
grooming,92393,91673,92393,720
rearing,92489,92393,92489,96
stepping,92492,92489,92492,3
walking,92526,92492,92526,34
rising,92570,92526,92570,44
climbing,92606,92570,92606,36
rising,92614,92606,92614,8
climbing,92662,92614,92662,48
left_turning,92663,92662,92663,1
sniffing,92722,92663,92722,59
grooming,92723,92722,92723,1
rearing,92816,92723,92816,93
grooming,92874,92816,92874,58
stepping,92903,92874,92903,29
rearing,93045,92903,93045,142
grooming,93051,93045,93051,6
sniffing,93117,93051,93117,66
stepping,93128,93117,93128,11
trotting,93168,93128,93168,40
sniffing,93288,93168,93288,120
climbing,93342,93288,93342,54
walking,93387,93342,93387,45
rising,93436,93387,93436,49
rearing,93509,93436,93509,73
walking,93541,93509,93541,32
grooming,93542,93541,93542,1
sniffing,93653,93542,93653,111
stepping,93716,93653,93716,63
walking,93732,93716,93732,16
sniffing,93774,93732,93774,42
walking,93775,93774,93775,1
sniffing,93794,93775,93794,19
left_turning,93863,93794,93863,69
stepping,93870,93863,93870,7
sniffing,93871,93870,93871,1
stepping,93912,93871,93912,41
sniffing,93935,93912,93935,23
walking,93936,93935,93936,1
trotting,93968,93936,93968,32
sniffing,93969,93968,93969,1
rising,93985,93969,93985,16
stepping,94035,93985,94035,50
rearing,94074,94035,94074,39
walking,94097,94074,94097,23
stepping,94115,94097,94115,18
walking,94122,94115,94122,7
stepping,94135,94122,94135,13
walking,94155,94135,94155,20
sniffing,94178,94155,94178,23
running,94203,94178,94203,25
trotting,94242,94203,94242,39
sniffing,94253,94242,94253,11
grooming,94495,94253,94495,242
stepping,94531,94495,94531,36
rearing,94532,94531,94532,1
grooming,94533,94532,94533,1
hunching,94597,94533,94597,64
rearing,94669,94597,94669,72
running,94700,94669,94700,31
sniffing,94733,94700,94733,33
grooming,94965,94733,94965,232
walking,95045,94965,95045,80
sniffing,95122,95045,95122,77
stepping,95137,95122,95137,15
walking,95162,95137,95162,25
stepping,95182,95162,95182,20
sniffing,95183,95182,95183,1
walking,95198,95183,95198,15
trotting,95209,95198,95209,11
right_turning,95233,95209,95233,24
stepping,95236,95233,95236,3
sniffing,95278,95236,95278,42
walking,95280,95278,95280,2
sniffing,95288,95280,95288,8
rising,95316,95288,95316,28
sniffing,95348,95316,95348,32
trotting,95368,95348,95368,20
sniffing,95394,95368,95394,26
walking,95430,95394,95430,36
rearing,95495,95430,95495,65
stepping,95510,95495,95510,15
rearing,95629,95510,95629,119
grooming,95677,95629,95677,48
climbing,95735,95677,95735,58
rearing,95752,95735,95752,17
sniffing,95866,95752,95866,114
stepping,95917,95866,95917,51
walking,95952,95917,95952,35
rising,95965,95952,95965,13
rearing,96080,95965,96080,115
right_turning,96089,96080,96089,9
running,96113,96089,96113,24
walking,96135,96113,96135,22
trotting,96172,96135,96172,37
stepping,96173,96172,96173,1
sniffing,96259,96173,96259,86
left_turning,96260,96259,96260,1
walking,96298,96260,96298,38
sniffing,96374,96298,96374,76
walking,96414,96374,96414,40
grooming,96789,96414,96789,375
climbing,96805,96789,96805,16
rising,96817,96805,96817,12
walking,96823,96817,96823,6
right_turning,96841,96823,96841,18
sniffing,96901,96841,96901,60
walking,96952,96901,96952,51
rising,96953,96952,96953,1
sniffing,97015,96953,97015,62
left_turning,97041,97015,97041,26
hunching,97085,97041,97085,44
grooming,97086,97085,97086,1
rising,97129,97086,97129,43
rearing,97130,97129,97130,1
grooming,97217,97130,97217,87
rearing,97227,97217,97227,10
stepping,97239,97227,97239,12
sniffing,97240,97239,97240,1
rising,97257,97240,97257,17
grooming,97471,97257,97471,214
right_turning,97490,97471,97490,19
rising,97543,97490,97543,53
sniffing,97594,97543,97594,51
rising,97605,97594,97605,11
grooming,97606,97605,97606,1
rearing,97659,97606,97659,53
grooming,97872,97659,97872,213
walking,97877,97872,97877,5
sniffing,97898,97877,97898,21
rising,97905,97898,97905,7
stepping,97916,97905,97916,11
rearing,97917,97916,97917,1
grooming,97957,97917,97957,40
rearing,98038,97957,98038,81
rising,98063,98038,98063,25
climbing,98109,98063,98109,46
rearing,98210,98109,98210,101
rising,98221,98210,98221,11
left_turning,98299,98221,98299,78
trotting,98301,98299,98301,2
sniffing,98362,98301,98362,61
walking,98374,98362,98374,12
stepping,98405,98374,98405,31
walking,98433,98405,98433,28
trotting,98456,98433,98456,23
sniffing,98479,98456,98479,23
rising,98500,98479,98500,21
climbing,98534,98500,98534,34
rearing,98585,98534,98585,51
hunching,98607,98585,98607,22
grooming,98644,98607,98644,37
sniffing,98690,98644,98690,46
rising,98717,98690,98717,27
left_turning,98729,98717,98729,12
sniffing,98744,98729,98744,15
rising,98802,98744,98802,58
left_turning,98844,98802,98844,42
sniffing,98859,98844,98859,15
left_turning,98877,98859,98877,18
walking,98917,98877,98917,40
sniffing,98988,98917,98988,71
left_turning,99022,98988,99022,34
rising,99037,99022,99037,15
hunching,99230,99037,99230,193
rearing,99265,99230,99265,35
climbing,99379,99265,99379,114
rearing,99380,99379,99380,1
grooming,99568,99380,99568,188
walking,99598,99568,99598,30
stepping,99608,99598,99608,10
rising,99637,99608,99637,29
sniffing,99691,99637,99691,54
walking,99711,99691,99711,20
sniffing,99792,99711,99792,81
walking,99830,99792,99830,38
rising,99894,99830,99894,64
left_turning,99933,99894,99933,39
walking,99976,99933,99976,43
left_turning,99977,99976,99977,1
sniffing,100041,99977,100041,64
walking,100082,100041,100082,41
sniffing,100140,100082,100140,58
rising,100162,100140,100162,22
rearing,100203,100162,100203,41
rising,100214,100203,100214,11
grooming,100380,100214,100380,166
sniffing,100381,100380,100381,1
trotting,100397,100381,100397,16
sniffing,100428,100397,100428,31
walking,100496,100428,100496,68
stepping,100529,100496,100529,33
climbing,100530,100529,100530,1
rearing,100920,100530,100920,390
climbing,100950,100920,100950,30
stepping,100980,100950,100980,30
sniffing,101061,100980,101061,81
climbing,101062,101061,101062,1
grooming,101201,101062,101201,139
climbing,101247,101201,101247,46
sniffing,101302,101247,101302,55
rising,101389,101302,101389,87
sniffing,101390,101389,101390,1
stepping,101441,101390,101441,51
grooming,101514,101441,101514,73
hunching,101515,101514,101515,1
grooming,101769,101515,101769,254
left_turning,101789,101769,101789,20
rearing,101898,101789,101898,109
left_turning,101909,101898,101909,11
walking,101910,101909,101910,1
stepping,101933,101910,101933,23
rising,101977,101933,101977,44
climbing,102032,101977,102032,55
walking,102033,102032,102033,1
sniffing,102039,102033,102039,6
running,102071,102039,102071,32
sniffing,102158,102071,102158,87
stepping,102225,102158,102225,67
grooming,102231,102225,102231,6
rising,102291,102231,102291,60
walking,102310,102291,102310,19
trotting,102320,102310,102320,10
stepping,102330,102320,102330,10
climbing,102331,102330,102331,1
trotting,102349,102331,102349,18
sniffing,102389,102349,102389,40
stepping,102410,102389,102410,21
sniffing,102573,102410,102573,163
left_turning,102644,102573,102644,71
grooming,102649,102644,102649,5
rearing,102687,102649,102687,38
grooming,102840,102687,102840,153
rearing,103024,102840,103024,184
hunching,103025,103024,103025,1
grooming,103133,103025,103133,108
rising,103308,103133,103308,175
hunching,103351,103308,103351,43
rising,103352,103351,103352,1
grooming,103392,103352,103392,40
left_turning,103431,103392,103431,39
rising,103478,103431,103478,47
stepping,103514,103478,103514,36
sniffing,103554,103514,103554,40
stepping,103578,103554,103578,24
grooming,103579,103578,103579,1
left_turning,103582,103579,103582,3
walking,103600,103582,103600,18
sniffing,103601,103600,103601,1
stepping,103619,103601,103619,18
grooming,103620,103619,103620,1
rearing,103621,103620,103621,1
grooming,103691,103621,103691,70
walking,103736,103691,103736,45
sniffing,103812,103736,103812,76
rising,103813,103812,103813,1
grooming,103814,103813,103814,1
rising,103821,103814,103821,7
grooming,104051,103821,104051,230
scratching,104098,104051,104098,47
sniffing,104099,104098,104099,1
stepping,104111,104099,104111,12
climbing,104154,104111,104154,43
sniffing,104173,104154,104173,19
left_turning,104174,104173,104174,1
sniffing,104215,104174,104215,41
walking,104244,104215,104244,29
sniffing,104356,104244,104356,112
rising,104371,104356,104371,15
grooming,104600,104371,104600,229
sniffing,104601,104600,104601,1
left_turning,104614,104601,104614,13
stepping,104645,104614,104645,31
climbing,104714,104645,104714,69
grooming,104715,104714,104715,1
hunching,104737,104715,104737,22
rearing,104755,104737,104755,18
climbing,104763,104755,104763,8
sniffing,104877,104763,104877,114
walking,104917,104877,104917,40
right_turning,104958,104917,104958,41
walking,105080,104958,105080,122
sniffing,105130,105080,105130,50
stepping,105185,105130,105185,55
walking,105195,105185,105195,10
stepping,105235,105195,105235,40
rising,105236,105235,105236,1
sniffing,105299,105236,105299,63
grooming,105340,105299,105340,41
sniffing,105341,105340,105341,1
stepping,105342,105341,105342,1
sniffing,105381,105342,105381,39
rising,105448,105381,105448,67
climbing,105493,105448,105493,45
rearing,105669,105493,105669,176
hunching,105805,105669,105805,136
rising,105806,105805,105806,1
climbing,105840,105806,105840,34
running,105854,105840,105854,14
walking,105855,105854,105855,1
sniffing,105984,105855,105984,129
rising,106016,105984,106016,32
sniffing,106079,106016,106079,63
rising,106122,106079,106122,43
sniffing,106123,106122,106123,1
stepping,106139,106123,106139,16
walking,106221,106139,106221,82
sniffing,106295,106221,106295,74
rising,106354,106295,106354,59
rearing,106461,106354,106461,107
hunching,106569,106461,106569,108
rearing,106622,106569,106622,53
sniffing,106623,106622,106623,1
rising,106624,106623,106624,1
sniffing,106713,106624,106713,89
walking,106752,106713,106752,39
rising,106835,106752,106835,83
rearing,107004,106835,107004,169
sniffing,107036,107004,107036,32
left_turning,107064,107036,107064,28
stepping,107075,107064,107075,11
sniffing,107076,107075,107076,1
stepping,107099,107076,107099,23
rising,107112,107099,107112,13
walking,107131,107112,107131,19
sniffing,107184,107131,107184,53
walking,107195,107184,107195,11
sniffing,107260,107195,107260,65
grooming,107261,107260,107261,1
running,107284,107261,107284,23
walking,107316,107284,107316,32
sniffing,107364,107316,107364,48
walking,107369,107364,107369,5
rearing,107539,107369,107539,170
hunching,107540,107539,107540,1
grooming,107730,107540,107730,190
left_turning,107749,107730,107749,19
scratching,107918,107749,107918,169
grooming,108000,107918,108000,82
