revised_movement_label,segBoundary,segBoundary_start,segBoundary_end,length
rising,22,0,22,22
rearing,201,22,201,179
climbing,241,201,241,40
grooming,414,241,414,173
rising,816,414,816,402
grooming,929,816,929,113
rising,1015,929,1015,86
grooming,1077,1015,1077,62
left_turning,1128,1077,1128,51
walking,1171,1128,1171,43
sniffing,1198,1171,1198,27
stepping,1251,1198,1251,53
sniffing,1261,1251,1261,10
rising,1262,1261,1262,1
sniffing,1263,1262,1263,1
rising,1271,1263,1271,8
trotting,1287,1271,1287,16
sniffing,1288,1287,1288,1
walking,1371,1288,1371,83
rising,1401,1371,1401,30
left_turning,1411,1401,1411,10
hunching,1419,1411,1419,8
grooming,1483,1419,1483,64
right_turning,1513,1483,1513,30
walking,1557,1513,1557,44
stepping,1590,1557,1590,33
sniffing,1603,1590,1603,13
walking,1618,1603,1618,15
rising,1619,1618,1619,1
rearing,1620,1619,1620,1
rising,1628,1620,1628,8
left_turning,1649,1628,1649,21
sniffing,1699,1649,1699,50
right_turning,1711,1699,1711,12
sniffing,1769,1711,1769,58
rising,1784,1769,1784,15
stepping,1785,1784,1785,1
walking,1799,1785,1799,14
stepping,1832,1799,1832,33
walking,1862,1832,1862,30
stepping,1905,1862,1905,43
sniffing,1906,1905,1906,1
running,1911,1906,1911,5
rising,1954,1911,1954,43
hunching,1986,1954,1986,32
rearing,2002,1986,2002,16
stepping,2007,2002,2007,5
grooming,2344,2007,2344,337
left_turning,2367,2344,2367,23
sniffing,2410,2367,2410,43
walking,2418,2410,2418,8
sniffing,2456,2418,2456,38
walking,2490,2456,2490,34
stepping,2512,2490,2512,22
walking,2541,2512,2541,29
sniffing,2555,2541,2555,14
rearing,2564,2555,2564,9
rising,2617,2564,2617,53
trotting,2625,2617,2625,8
walking,2708,2625,2708,83
stepping,2764,2708,2764,56
walking,2771,2764,2771,7
sniffing,2800,2771,2800,29
rearing,2880,2800,2880,80
grooming,3072,2880,3072,192
walking,3134,3072,3134,62
stepping,3161,3134,3161,27
sniffing,3162,3161,3162,1
stepping,3207,3162,3207,45
walking,3217,3207,3217,10
trotting,3233,3217,3233,16
walking,3235,3233,3235,2
rising,3333,3235,3333,98
walking,3384,3333,3384,51
trotting,3392,3384,3392,8
climbing,3432,3392,3432,40
grooming,3442,3432,3442,10
hunching,3480,3442,3480,38
rising,3491,3480,3491,11
walking,3510,3491,3510,19
stepping,3556,3510,3556,46
sniffing,3577,3556,3577,21
stepping,3616,3577,3616,39
rising,3656,3616,3656,40
sniffing,3681,3656,3681,25
stepping,3718,3681,3718,37
walking,3781,3718,3781,63
rising,3808,3781,3808,27
sniffing,3869,3808,3869,61
running,3901,3869,3901,32
left_turning,3910,3901,3910,9
sniffing,4062,3910,4062,152
stepping,4080,4062,4080,18
walking,4081,4080,4081,1
stepping,4095,4081,4095,14
walking,4130,4095,4130,35
sniffing,4131,4130,4131,1
rising,4132,4131,4132,1
stepping,4203,4132,4203,71
sniffing,4207,4203,4207,4
left_turning,4222,4207,4222,15
sniffing,4269,4222,4269,47
rising,4286,4269,4286,17
sniffing,4287,4286,4287,1
walking,4288,4287,4288,1
grooming,4289,4288,4289,1
rising,4347,4289,4347,58
walking,4379,4347,4379,32
stepping,4380,4379,4380,1
running,4391,4380,4391,11
trotting,4406,4391,4406,15
walking,4407,4406,4407,1
stepping,4420,4407,4420,13
trotting,4438,4420,4438,18
running,4467,4438,4467,29
stepping,4493,4467,4493,26
sniffing,4535,4493,4535,42
rising,4613,4535,4613,78
sniffing,4614,4613,4614,1
rising,4615,4614,4615,1
trotting,4637,4615,4637,22
sniffing,4657,4637,4657,20
rising,4681,4657,4681,24
walking,4691,4681,4691,10
sniffing,4711,4691,4711,20
right_turning,4712,4711,4712,1
walking,4844,4712,4844,132
sniffing,4869,4844,4869,25
walking,4909,4869,4909,40
trotting,4932,4909,4932,23
sniffing,4990,4932,4990,58
stepping,4991,4990,4991,1
walking,5019,4991,5019,28
trotting,5029,5019,5029,10
rising,5039,5029,5039,10
walking,5057,5039,5057,18
sniffing,5102,5057,5102,45
stepping,5130,5102,5130,28
rising,5159,5130,5159,29
sniffing,5268,5159,5268,109
rearing,5279,5268,5279,11
hunching,5367,5279,5367,88
grooming,5673,5367,5673,306
rising,5674,5673,5674,1
sniffing,5675,5674,5675,1
walking,5681,5675,5681,6
stepping,5728,5681,5728,47
rising,5794,5728,5794,66
climbing,5847,5794,5847,53
grooming,6042,5847,6042,195
rising,6076,6042,6076,34
right_turning,6098,6076,6098,22
rising,6121,6098,6121,23
walking,6182,6121,6182,61
trotting,6218,6182,6218,36
rising,6249,6218,6249,31
grooming,6316,6249,6316,67
right_turning,6332,6316,6332,16
walking,6362,6332,6362,30
sniffing,6689,6362,6689,327
grooming,6703,6689,6703,14
sniffing,6705,6703,6705,2
stepping,6758,6705,6758,53
sniffing,6820,6758,6820,62
walking,6864,6820,6864,44
trotting,6896,6864,6896,32
stepping,6927,6896,6927,31
sniffing,6974,6927,6974,47
stepping,6994,6974,6994,20
walking,7010,6994,7010,16
sniffing,7122,7010,7122,112
rising,7165,7122,7165,43
stepping,7170,7165,7170,5
walking,7189,7170,7189,19
rising,7259,7189,7259,70
trotting,7317,7259,7317,58
stepping,7318,7317,7318,1
trotting,7341,7318,7341,23
rising,7424,7341,7424,83
sniffing,7460,7424,7460,36
rearing,7482,7460,7482,22
rising,7491,7482,7491,9
grooming,7531,7491,7531,40
walking,7588,7531,7588,57
sniffing,7629,7588,7629,41
rearing,7630,7629,7630,1
stepping,7641,7630,7641,11
sniffing,7682,7641,7682,41
grooming,7683,7682,7683,1
rising,7717,7683,7717,34
walking,7719,7717,7719,2
trotting,7738,7719,7738,19
running,7773,7738,7773,35
trotting,7792,7773,7792,19
stepping,7833,7792,7833,41
rising,7834,7833,7834,1
rearing,7910,7834,7910,76
grooming,8915,7910,8915,1005
rearing,8923,8915,8923,8
grooming,9007,8923,9007,84
sniffing,9025,9007,9025,18
scratching,9044,9025,9044,19
grooming,9045,9044,9045,1
hunching,9046,9045,9046,1
rising,9084,9046,9084,38
grooming,9109,9084,9109,25
sniffing,9147,9109,9147,38
left_turning,9200,9147,9200,53
stepping,9221,9200,9221,21
rearing,9319,9221,9319,98
grooming,9555,9319,9555,236
hunching,9601,9555,9601,46
grooming,10005,9601,10005,404
trotting,10038,10005,10038,33
sniffing,10065,10038,10065,27
walking,10091,10065,10091,26
sniffing,10092,10091,10092,1
stepping,10110,10092,10110,18
rising,10134,10110,10134,24
running,10156,10134,10156,22
walking,10171,10156,10171,15
sniffing,10219,10171,10219,48
hunching,10256,10219,10256,37
rearing,10312,10256,10312,56
hunching,10376,10312,10376,64
grooming,10871,10376,10871,495
rearing,10872,10871,10872,1
sniffing,10897,10872,10897,25
stepping,10955,10897,10955,58
walking,10956,10955,10956,1
sniffing,11070,10956,11070,114
grooming,11071,11070,11071,1
hunching,11183,11071,11183,112
grooming,11398,11183,11398,215
sniffing,11399,11398,11399,1
rising,11400,11399,11400,1
grooming,11401,11400,11401,1
hunching,11504,11401,11504,103
grooming,11601,11504,11601,97
walking,11648,11601,11648,47
sniffing,11725,11648,11725,77
hunching,11764,11725,11764,39
rearing,11765,11764,11765,1
rising,11785,11765,11785,20
climbing,11813,11785,11813,28
left_turning,11853,11813,11853,40
running,11864,11853,11864,11
rising,11872,11864,11872,8
grooming,12079,11872,12079,207
right_turning,12089,12079,12089,10
walking,12110,12089,12110,21
sniffing,12144,12110,12144,34
grooming,12145,12144,12145,1
climbing,12186,12145,12186,41
grooming,12271,12186,12271,85
scratching,12297,12271,12297,26
sniffing,12338,12297,12338,41
left_turning,12347,12338,12347,9
walking,12348,12347,12348,1
sniffing,12391,12348,12391,43
climbing,12415,12391,12415,24
grooming,12416,12415,12416,1
sniffing,12516,12416,12516,100
walking,12557,12516,12557,41
rising,12558,12557,12558,1
sniffing,12559,12558,12559,1
stepping,12591,12559,12591,32
sniffing,12879,12591,12879,288
running,12902,12879,12902,23
rising,12949,12902,12949,47
climbing,12978,12949,12978,29
left_turning,13002,12978,13002,24
running,13031,13002,13031,29
left_turning,13062,13031,13062,31
running,13082,13062,13082,20
stepping,13128,13082,13128,46
running,13164,13128,13164,36
trotting,13186,13164,13186,22
walking,13255,13186,13255,69
stepping,13262,13255,13262,7
grooming,13620,13262,13620,358
left_turning,13677,13620,13677,57
walking,13689,13677,13689,12
running,13697,13689,13697,8
left_turning,13698,13697,13698,1
trotting,13741,13698,13741,43
stepping,13765,13741,13765,24
trotting,13802,13765,13802,37
walking,13844,13802,13844,42
rising,13855,13844,13855,11
trotting,13880,13855,13880,25
sniffing,13888,13880,13888,8
rearing,13889,13888,13889,1
grooming,13890,13889,13890,1
trotting,13893,13890,13893,3
running,13953,13893,13953,60
sniffing,13970,13953,13970,17
left_turning,13994,13970,13994,24
trotting,14026,13994,14026,32
sniffing,14027,14026,14027,1
rising,14085,14027,14085,58
grooming,14288,14085,14288,203
sniffing,14298,14288,14298,10
trotting,14311,14298,14311,13
walking,14312,14311,14312,1
rising,14386,14312,14386,74
rearing,14387,14386,14387,1
grooming,14388,14387,14388,1
stepping,14395,14388,14395,7
sniffing,14408,14395,14408,13
walking,14492,14408,14492,84
rising,14517,14492,14517,25
stepping,14518,14517,14518,1
walking,14569,14518,14569,51
stepping,14598,14569,14598,29
walking,14604,14598,14604,6
running,14681,14604,14681,77
walking,14701,14681,14701,20
stepping,14734,14701,14734,33
walking,14789,14734,14789,55
rearing,14860,14789,14860,71
stepping,14885,14860,14885,25
rising,14970,14885,14970,85
stepping,15002,14970,15002,32
grooming,15241,15002,15241,239
stepping,15271,15241,15271,30
sniffing,15283,15271,15283,12
left_turning,15332,15283,15332,49
stepping,15345,15332,15345,13
rising,15359,15345,15359,14
grooming,15492,15359,15492,133
sniffing,15512,15492,15512,20
walking,15597,15512,15597,85
stepping,15614,15597,15614,17
rising,15690,15614,15690,76
rearing,15691,15690,15691,1
rising,15692,15691,15692,1
walking,15789,15692,15789,97
sniffing,15801,15789,15801,12
walking,15802,15801,15802,1
stepping,15828,15802,15828,26
sniffing,15870,15828,15870,42
grooming,16040,15870,16040,170
rearing,16084,16040,16084,44
left_turning,16099,16084,16099,15
walking,16133,16099,16133,34
sniffing,16180,16133,16180,47
stepping,16292,16180,16292,112
sniffing,16330,16292,16330,38
walking,16344,16330,16344,14
stepping,16377,16344,16377,33
sniffing,16396,16377,16396,19
climbing,16423,16396,16423,27
grooming,16508,16423,16508,85
rearing,16542,16508,16542,34
sniffing,16560,16542,16560,18
running,16603,16560,16603,43
walking,16658,16603,16658,55
sniffing,16661,16658,16661,3
rising,16717,16661,16717,56
grooming,16718,16717,16718,1
running,16748,16718,16748,30
walking,16807,16748,16807,59
sniffing,16889,16807,16889,82
walking,16944,16889,16944,55
trotting,16968,16944,16968,24
walking,17028,16968,17028,60
rearing,17033,17028,17033,5
grooming,17040,17033,17040,7
rearing,17094,17040,17094,54
grooming,17224,17094,17224,130
hunching,17236,17224,17236,12
grooming,17451,17236,17451,215
walking,17495,17451,17495,44
stepping,17519,17495,17519,24
walking,17526,17519,17526,7
sniffing,17559,17526,17559,33
left_turning,17587,17559,17587,28
trotting,17614,17587,17614,27
sniffing,17615,17614,17615,1
rising,17695,17615,17695,80
grooming,17696,17695,17696,1
sniffing,17702,17696,17702,6
walking,17731,17702,17731,29
stepping,17750,17731,17750,19
walking,17786,17750,17786,36
rearing,17787,17786,17787,1
hunching,17880,17787,17880,93
rising,17900,17880,17900,20
sniffing,17917,17900,17917,17
climbing,17957,17917,17957,40
grooming,17958,17957,17958,1
running,17996,17958,17996,38
rising,18039,17996,18039,43
walking,18064,18039,18064,25
trotting,18077,18064,18077,13
running,18121,18077,18121,44
trotting,18139,18121,18139,18
walking,18141,18139,18141,2
rising,18186,18141,18186,45
grooming,18249,18186,18249,63
hunching,18563,18249,18563,314
grooming,18564,18563,18564,1
hunching,18598,18564,18598,34
rearing,18653,18598,18653,55
sniffing,18674,18653,18674,21
rearing,18675,18674,18675,1
climbing,18765,18675,18765,90
rearing,18862,18765,18862,97
trotting,18879,18862,18879,17
walking,18942,18879,18942,63
sniffing,19022,18942,19022,80
rearing,19023,19022,19023,1
trotting,19045,19023,19045,22
running,19068,19045,19068,23
stepping,19116,19068,19116,48
climbing,19179,19116,19179,63
sniffing,19217,19179,19217,38
grooming,19371,19217,19371,154
stepping,19398,19371,19398,27
walking,19426,19398,19426,28
sniffing,19427,19426,19427,1
trotting,19435,19427,19435,8
sniffing,19476,19435,19476,41
climbing,19520,19476,19520,44
sniffing,19556,19520,19556,36
walking,19558,19556,19558,2
stepping,19637,19558,19637,79
grooming,19638,19637,19638,1
walking,19681,19638,19681,43
sniffing,19687,19681,19687,6
trotting,19708,19687,19708,21
right_turning,19724,19708,19724,16
sniffing,19732,19724,19732,8
rising,19781,19732,19781,49
right_turning,19788,19781,19788,7
stepping,19812,19788,19812,24
rearing,19974,19812,19974,162
grooming,21202,19974,21202,1228
walking,21273,21202,21273,71
stepping,21345,21273,21345,72
walking,21404,21345,21404,59
grooming,21405,21404,21405,1
walking,21423,21405,21423,18
sniffing,21424,21423,21424,1
stepping,21425,21424,21425,1
trotting,21447,21425,21447,22
right_turning,21457,21447,21457,10
sniffing,21486,21457,21486,29
rising,21487,21486,21487,1
hunching,21489,21487,21489,2
grooming,21788,21489,21788,299
climbing,21861,21788,21861,73
grooming,21895,21861,21895,34
left_turning,21896,21895,21896,1
stepping,21952,21896,21952,56
walking,21999,21952,21999,47
stepping,22053,21999,22053,54
sniffing,22076,22053,22076,23
walking,22097,22076,22097,21
grooming,22310,22097,22310,213
rearing,22395,22310,22395,85
walking,22416,22395,22416,21
rising,22433,22416,22433,17
stepping,22471,22433,22471,38
sniffing,22472,22471,22472,1
left_turning,22487,22472,22487,15
walking,22499,22487,22499,12
rearing,22579,22499,22579,80
climbing,22604,22579,22604,25
grooming,23094,22604,23094,490
hunching,23175,23094,23175,81
grooming,23399,23175,23399,224
sniffing,23445,23399,23445,46
stepping,23485,23445,23485,40
walking,23495,23485,23495,10
rearing,23683,23495,23683,188
grooming,23772,23683,23772,89
right_turning,23801,23772,23801,29
stepping,23836,23801,23836,35
sniffing,23837,23836,23837,1
hunching,24021,23837,24021,184
rearing,24173,24021,24173,152
grooming,24270,24173,24270,97
walking,24280,24270,24280,10
sniffing,24321,24280,24321,41
grooming,24523,24321,24523,202
hunching,24621,24523,24621,98
grooming,24691,24621,24691,70
left_turning,24707,24691,24707,16
sniffing,24733,24707,24733,26
rearing,24805,24733,24805,72
climbing,24821,24805,24821,16
grooming,24830,24821,24830,9
rearing,24845,24830,24845,15
grooming,24975,24845,24975,130
rearing,25055,24975,25055,80
stepping,25153,25055,25153,98
rising,25211,25153,25211,58
grooming,25245,25211,25245,34
rearing,25383,25245,25383,138
hunching,25470,25383,25470,87
rearing,25500,25470,25500,30
stepping,25571,25500,25571,71
sniffing,25727,25571,25727,156
rising,25733,25727,25733,6
climbing,25754,25733,25754,21
sniffing,25827,25754,25827,73
stepping,25832,25827,25832,5
rearing,25915,25832,25915,83
sniffing,25933,25915,25933,18
walking,25973,25933,25973,40
sniffing,26064,25973,26064,91
stepping,26119,26064,26119,55
rising,26138,26119,26138,19
climbing,26168,26138,26168,30
grooming,26200,26168,26200,32
rearing,26201,26200,26201,1
stepping,26231,26201,26231,30
sniffing,26321,26231,26321,90
trotting,26348,26321,26348,27
walking,26407,26348,26407,59
sniffing,26427,26407,26427,20
stepping,26461,26427,26461,34
sniffing,26603,26461,26603,142
rearing,26649,26603,26649,46
sniffing,26703,26649,26703,54
left_turning,26737,26703,26737,34
sniffing,26783,26737,26783,46
grooming,26784,26783,26784,1
right_turning,26802,26784,26802,18
grooming,26803,26802,26803,1
rising,26872,26803,26872,69
sniffing,26910,26872,26910,38
stepping,26924,26910,26924,14
rising,26953,26924,26953,29
hunching,27009,26953,27009,56
grooming,27126,27009,27126,117
running,27149,27126,27149,23
grooming,27261,27149,27261,112
rearing,27332,27261,27332,71
grooming,27333,27332,27333,1
left_turning,27334,27333,27334,1
climbing,27335,27334,27335,1
right_turning,27354,27335,27354,19
rising,27382,27354,27382,28
rearing,27429,27382,27429,47
walking,27463,27429,27463,34
trotting,27496,27463,27496,33
walking,27543,27496,27543,47
stepping,27551,27543,27551,8
rearing,27769,27551,27769,218
sniffing,27849,27769,27849,80
grooming,27994,27849,27994,145
rearing,27995,27994,27995,1
grooming,27996,27995,27996,1
hunching,28007,27996,28007,11
grooming,28298,28007,28298,291
rising,28326,28298,28326,28
right_turning,28358,28326,28358,32
rising,28359,28358,28359,1
climbing,28400,28359,28400,41
rising,28462,28400,28462,62
grooming,28698,28462,28698,236
sniffing,28741,28698,28741,43
right_turning,28772,28741,28772,31
walking,28782,28772,28782,10
sniffing,28895,28782,28895,113
stepping,28911,28895,28911,16
sniffing,28938,28911,28938,27
climbing,29000,28938,29000,62
walking,29008,29000,29008,8
stepping,29034,29008,29034,26
sniffing,29092,29034,29092,58
walking,29119,29092,29119,27
sniffing,29235,29119,29235,116
rising,29261,29235,29261,26
stepping,29275,29261,29275,14
sniffing,29318,29275,29318,43
left_turning,29342,29318,29342,24
walking,29382,29342,29382,40
sniffing,29397,29382,29397,15
rising,29445,29397,29445,48
sniffing,29488,29445,29488,43
grooming,29596,29488,29596,108
hunching,29597,29596,29597,1
grooming,29619,29597,29619,22
rearing,29802,29619,29802,183
grooming,30205,29802,30205,403
left_turning,30274,30205,30274,69
climbing,30301,30274,30301,27
hunching,30302,30301,30302,1
stepping,30331,30302,30331,29
climbing,30343,30331,30343,12
running,30383,30343,30383,40
rising,30410,30383,30410,27
climbing,30442,30410,30442,32
stepping,30443,30442,30443,1
grooming,30444,30443,30444,1
sniffing,30483,30444,30483,39
grooming,30804,30483,30804,321
hunching,30808,30804,30808,4
grooming,30939,30808,30939,131
hunching,31236,30939,31236,297
grooming,31411,31236,31411,175
climbing,31460,31411,31460,49
stepping,31485,31460,31485,25
walking,31521,31485,31521,36
jumping,31569,31521,31569,48
rearing,31701,31569,31701,132
hunching,31819,31701,31819,118
left_turning,31859,31819,31859,40
stepping,31871,31859,31871,12
right_turning,31881,31871,31881,10
sniffing,31969,31881,31969,88
stepping,31989,31969,31989,20
rearing,31990,31989,31990,1
climbing,32105,31990,32105,115
grooming,32106,32105,32106,1
hunching,32107,32106,32107,1
grooming,32108,32107,32108,1
hunching,32203,32108,32203,95
grooming,32308,32203,32308,105
walking,32353,32308,32353,45
sniffing,32377,32353,32377,24
climbing,32400,32377,32400,23
left_turning,32405,32400,32405,5
rising,32477,32405,32477,72
stepping,32512,32477,32512,35
sniffing,32615,32512,32615,103
rising,32696,32615,32696,81
stepping,32731,32696,32731,35
rising,32737,32731,32737,6
grooming,32871,32737,32871,134
stepping,32879,32871,32879,8
right_turning,32924,32879,32924,45
trotting,32946,32924,32946,22
rearing,33031,32946,33031,85
grooming,33032,33031,33032,1
left_turning,33047,33032,33047,15
stepping,33078,33047,33078,31
left_turning,33080,33078,33080,2
walking,33083,33080,33083,3
sniffing,33102,33083,33102,19
rising,33103,33102,33103,1
climbing,33133,33103,33133,30
walking,33155,33133,33155,22
sniffing,33177,33155,33177,22
walking,33218,33177,33218,41
rising,33248,33218,33248,30
rearing,33302,33248,33302,54
rising,33315,33302,33315,13
walking,33337,33315,33337,22
sniffing,33424,33337,33424,87
running,33454,33424,33454,30
walking,33455,33454,33455,1
sniffing,33467,33455,33467,12
grooming,33657,33467,33657,190
rising,33711,33657,33711,54
left_turning,33720,33711,33720,9
climbing,33772,33720,33772,52
rearing,33880,33772,33880,108
left_turning,33896,33880,33896,16
grooming,33998,33896,33998,102
trotting,34048,33998,34048,50
sniffing,34070,34048,34070,22
left_turning,34097,34070,34097,27
running,34120,34097,34120,23
sniffing,34144,34120,34144,24
rising,34158,34144,34158,14
grooming,34348,34158,34348,190
sniffing,34349,34348,34349,1
stepping,34413,34349,34413,64
sniffing,34414,34413,34414,1
grooming,35083,34414,35083,669
hunching,35100,35083,35100,17
rearing,35152,35100,35152,52
hunching,35239,35152,35239,87
grooming,35403,35239,35403,164
sniffing,35417,35403,35417,14
grooming,35557,35417,35557,140
left_turning,35558,35557,35558,1
grooming,35559,35558,35559,1
trotting,35586,35559,35586,27
stepping,35589,35586,35589,3
walking,35615,35589,35615,26
left_turning,35681,35615,35681,66
walking,35728,35681,35728,47
stepping,35754,35728,35754,26
walking,35830,35754,35830,76
sniffing,35831,35830,35831,1
grooming,35912,35831,35912,81
hunching,36006,35912,36006,94
grooming,36013,36006,36013,7
right_turning,36038,36013,36038,25
sniffing,36060,36038,36060,22
grooming,36061,36060,36061,1
stepping,36086,36061,36086,25
grooming,36512,36086,36512,426
rising,36526,36512,36526,14
climbing,36578,36526,36578,52
rising,36638,36578,36638,60
grooming,36639,36638,36639,1
trotting,36671,36639,36671,32
stepping,36672,36671,36672,1
sniffing,36691,36672,36691,19
stepping,36764,36691,36764,73
rising,36783,36764,36783,19
rearing,36784,36783,36784,1
grooming,36800,36784,36800,16
sniffing,36829,36800,36829,29
stepping,36861,36829,36861,32
sniffing,36862,36861,36862,1
rising,36900,36862,36900,38
trotting,36936,36900,36936,36
sniffing,36978,36936,36978,42
walking,36998,36978,36998,20
grooming,37191,36998,37191,193
stepping,37222,37191,37222,31
sniffing,37334,37222,37334,112
running,37348,37334,37348,14
left_turning,37365,37348,37365,17
walking,37406,37365,37406,41
running,37446,37406,37446,40
stepping,37447,37446,37447,1
walking,37464,37447,37464,17
sniffing,37487,37464,37487,23
trotting,37503,37487,37503,16
walking,37537,37503,37537,34
stepping,37599,37537,37599,62
walking,37663,37599,37663,64
sniffing,37672,37663,37672,9
climbing,37709,37672,37709,37
rearing,37788,37709,37788,79
grooming,37789,37788,37789,1
trotting,37815,37789,37815,26
walking,37821,37815,37821,6
sniffing,37843,37821,37843,22
climbing,37876,37843,37876,33
grooming,38050,37876,38050,174
rising,38051,38050,38051,1
grooming,38091,38051,38091,40
stepping,38152,38091,38152,61
sniffing,38287,38152,38287,135
grooming,38408,38287,38408,121
stepping,38427,38408,38427,19
sniffing,38448,38427,38448,21
rising,38456,38448,38456,8
sniffing,38472,38456,38472,16
walking,38505,38472,38505,33
stepping,38525,38505,38525,20
walking,38536,38525,38536,11
stepping,38549,38536,38549,13
sniffing,38623,38549,38623,74
stepping,38664,38623,38664,41
walking,38674,38664,38674,10
sniffing,38712,38674,38712,38
walking,38713,38712,38713,1
sniffing,38730,38713,38730,17
walking,38767,38730,38767,37
sniffing,38817,38767,38817,50
grooming,38945,38817,38945,128
sniffing,38983,38945,38983,38
running,39008,38983,39008,25
stepping,39031,39008,39031,23
sniffing,39063,39031,39063,32
rising,39067,39063,39067,4
rearing,39084,39067,39084,17
grooming,39161,39084,39161,77
rearing,39176,39161,39176,15
grooming,39299,39176,39299,123
rising,39300,39299,39300,1
rearing,39301,39300,39301,1
trotting,39328,39301,39328,27
walking,39384,39328,39384,56
rearing,39432,39384,39432,48
stepping,39438,39432,39438,6
sniffing,39479,39438,39479,41
grooming,39904,39479,39904,425
sniffing,39931,39904,39931,27
grooming,39974,39931,39974,43
right_turning,40007,39974,40007,33
climbing,40032,40007,40032,25
rearing,40043,40032,40043,11
grooming,41287,40043,41287,1244
sniffing,41288,41287,41288,1
grooming,41601,41288,41601,313
sniffing,41686,41601,41686,85
stepping,41704,41686,41704,18
grooming,41793,41704,41793,89
walking,41822,41793,41822,29
stepping,41830,41822,41830,8
rising,41897,41830,41897,67
left_turning,41959,41897,41959,62
sniffing,42065,41959,42065,106
grooming,42598,42065,42598,533
sniffing,42599,42598,42599,1
grooming,42600,42599,42600,1
rising,42628,42600,42628,28
sniffing,42634,42628,42634,6
running,42656,42634,42656,22
walking,42712,42656,42712,56
sniffing,42762,42712,42762,50
rising,42798,42762,42798,36
sniffing,42799,42798,42799,1
walking,42800,42799,42800,1
climbing,42847,42800,42847,47
trotting,42864,42847,42864,17
sniffing,42941,42864,42941,77
rising,42970,42941,42970,29
walking,42971,42970,42971,1
sniffing,42972,42971,42972,1
climbing,43031,42972,43031,59
stepping,43052,43031,43052,21
sniffing,43182,43052,43182,130
right_turning,43198,43182,43198,16
sniffing,43414,43198,43414,216
stepping,43415,43414,43415,1
right_turning,43432,43415,43432,17
sniffing,43440,43432,43440,8
grooming,43664,43440,43664,224
rearing,43696,43664,43696,32
grooming,43771,43696,43771,75
sniffing,43772,43771,43772,1
grooming,43773,43772,43773,1
rearing,43774,43773,43774,1
left_turning,43797,43774,43797,23
stepping,43823,43797,43823,26
walking,43836,43823,43836,13
stepping,43884,43836,43884,48
sniffing,43931,43884,43931,47
trotting,43945,43931,43945,14
sniffing,43956,43945,43956,11
grooming,44355,43956,44355,399
rising,44356,44355,44356,1
grooming,44570,44356,44570,214
hunching,44623,44570,44623,53
rearing,44628,44623,44628,5
hunching,44629,44628,44629,1
grooming,44685,44629,44685,56
rearing,44686,44685,44686,1
grooming,44687,44686,44687,1
sniffing,44730,44687,44730,43
right_turning,44742,44730,44742,12
walking,44747,44742,44747,5
sniffing,44819,44747,44819,72
left_turning,44820,44819,44820,1
trotting,44852,44820,44852,32
stepping,44854,44852,44854,2
sniffing,44902,44854,44902,48
walking,44921,44902,44921,19
sniffing,45001,44921,45001,80
walking,45043,45001,45043,42
stepping,45062,45043,45062,19
walking,45076,45062,45076,14
sniffing,45091,45076,45091,15
stepping,45128,45091,45128,37
walking,45163,45128,45163,35
stepping,45164,45163,45164,1
sniffing,45168,45164,45168,4
rising,45208,45168,45208,40
climbing,45258,45208,45258,50
rearing,45271,45258,45271,13
grooming,45799,45271,45799,528
hunching,45800,45799,45800,1
grooming,46467,45800,46467,667
rearing,46468,46467,46468,1
walking,46471,46468,46471,3
sniffing,46514,46471,46514,43
trotting,46539,46514,46539,25
sniffing,46540,46539,46540,1
walking,46559,46540,46559,19
stepping,46592,46559,46592,33
walking,46600,46592,46600,8
sniffing,46623,46600,46623,23
rising,46649,46623,46649,26
right_turning,46672,46649,46672,23
trotting,46703,46672,46703,31
rising,46709,46703,46709,6
left_turning,46775,46709,46775,66
walking,46782,46775,46782,7
stepping,46828,46782,46828,46
rearing,46877,46828,46877,49
grooming,46951,46877,46951,74
rising,46955,46951,46955,4
climbing,46987,46955,46987,32
grooming,46988,46987,46988,1
rearing,46989,46988,46989,1
grooming,46990,46989,46990,1
rearing,47018,46990,47018,28
climbing,47019,47018,47019,1
trotting,47029,47019,47029,10
rearing,47030,47029,47030,1
grooming,47156,47030,47156,126
sniffing,47216,47156,47216,60
right_turning,47227,47216,47227,11
walking,47261,47227,47261,34
running,47280,47261,47280,19
grooming,47692,47280,47692,412
hunching,47697,47692,47697,5
grooming,47745,47697,47745,48
left_turning,47817,47745,47817,72
trotting,47851,47817,47851,34
sniffing,47912,47851,47912,61
stepping,47919,47912,47919,7
sniffing,47935,47919,47935,16
stepping,47969,47935,47969,34
left_turning,48009,47969,48009,40
grooming,48010,48009,48010,1
rearing,48054,48010,48054,44
grooming,48236,48054,48236,182
walking,48237,48236,48237,1
trotting,48265,48237,48265,28
grooming,48443,48265,48443,178
trotting,48499,48443,48499,56
left_turning,48559,48499,48559,60
walking,48570,48559,48570,11
right_turning,48581,48570,48581,11
sniffing,48588,48581,48588,7
left_turning,48645,48588,48645,57
sniffing,48659,48645,48659,14
walking,48685,48659,48685,26
sniffing,48768,48685,48768,83
rising,48804,48768,48804,36
climbing,48887,48804,48887,83
rising,48890,48887,48890,3
grooming,49004,48890,49004,114
rearing,49043,49004,49043,39
hunching,49086,49043,49086,43
grooming,49369,49086,49369,283
rising,49599,49369,49599,230
climbing,49622,49599,49622,23
walking,49623,49622,49623,1
sniffing,49627,49623,49627,4
stepping,49646,49627,49646,19
grooming,49919,49646,49919,273
hunching,49941,49919,49941,22
rearing,49942,49941,49942,1
walking,49946,49942,49946,4
stepping,49968,49946,49968,22
sniffing,50018,49968,50018,50
grooming,50019,50018,50019,1
climbing,50047,50019,50047,28
walking,50100,50047,50100,53
sniffing,50101,50100,50101,1
walking,50167,50101,50167,66
sniffing,50223,50167,50223,56
walking,50299,50223,50299,76
sniffing,50333,50299,50333,34
walking,50383,50333,50383,50
stepping,50402,50383,50402,19
grooming,50489,50402,50489,87
climbing,50545,50489,50545,56
walking,50546,50545,50546,1
stepping,50548,50546,50548,2
sniffing,50577,50548,50577,29
running,50608,50577,50608,31
walking,50639,50608,50639,31
stepping,50680,50639,50680,41
trotting,50686,50680,50686,6
walking,50703,50686,50703,17
sniffing,50704,50703,50704,1
grooming,50935,50704,50935,231
trotting,50960,50935,50960,25
walking,50983,50960,50983,23
sniffing,50997,50983,50997,14
grooming,51269,50997,51269,272
stepping,51387,51269,51387,118
walking,51410,51387,51410,23
running,51428,51410,51428,18
sniffing,51489,51428,51489,61
trotting,51516,51489,51516,27
walking,51532,51516,51532,16
sniffing,51545,51532,51545,13
stepping,51581,51545,51581,36
climbing,51638,51581,51638,57
grooming,51825,51638,51825,187
hunching,51991,51825,51991,166
grooming,52222,51991,52222,231
stepping,52262,52222,52262,40
rising,52298,52262,52298,36
sniffing,52375,52298,52375,77
walking,52408,52375,52408,33
trotting,52441,52408,52441,33
sniffing,52454,52441,52454,13
stepping,52461,52454,52461,7
walking,52496,52461,52496,35
sniffing,52534,52496,52534,38
rearing,52601,52534,52601,67
climbing,52654,52601,52654,53
left_turning,52665,52654,52665,11
sniffing,52728,52665,52728,63
walking,52754,52728,52754,26
stepping,52845,52754,52845,91
rising,52897,52845,52897,52
grooming,52977,52897,52977,80
sniffing,52978,52977,52978,1
rising,52984,52978,52984,6
climbing,53011,52984,53011,27
hunching,53122,53011,53122,111
grooming,53346,53122,53346,224
sniffing,53406,53346,53406,60
stepping,53468,53406,53468,62
rearing,53709,53468,53709,241
sniffing,53749,53709,53749,40
rising,53814,53749,53814,65
climbing,53851,53814,53851,37
left_turning,53884,53851,53884,33
walking,53931,53884,53931,47
stepping,53968,53931,53968,37
grooming,54070,53968,54070,102
rearing,54146,54070,54146,76
sniffing,54147,54146,54147,1
rising,54210,54147,54210,63
rearing,54240,54210,54240,30
climbing,54293,54240,54293,53
left_turning,54294,54293,54294,1
walking,54312,54294,54312,18
stepping,54343,54312,54343,31
rising,54372,54343,54372,29
walking,54386,54372,54386,14
rearing,54426,54386,54426,40
grooming,54995,54426,54995,569
left_turning,55029,54995,55029,34
rising,55053,55029,55053,24
walking,55091,55053,55091,38
sniffing,55117,55091,55117,26
walking,55125,55117,55125,8
stepping,55158,55125,55158,33
rearing,55252,55158,55252,94
grooming,55290,55252,55290,38
trotting,55336,55290,55336,46
stepping,55370,55336,55370,34
right_turning,55377,55370,55377,7
walking,55378,55377,55378,1
sniffing,55549,55378,55549,171
left_turning,55564,55549,55564,15
stepping,55594,55564,55594,30
sniffing,55618,55594,55618,24
walking,55665,55618,55665,47
rearing,55694,55665,55694,29
running,55724,55694,55724,30
walking,55812,55724,55812,88
sniffing,55874,55812,55874,62
walking,55887,55874,55887,13
sniffing,55888,55887,55888,1
rising,55927,55888,55927,39
sniffing,56037,55927,56037,110
walking,56106,56037,56106,69
stepping,56112,56106,56112,6
grooming,57073,56112,57073,961
left_turning,57074,57073,57074,1
walking,57079,57074,57079,5
stepping,57099,57079,57099,20
sniffing,57126,57099,57126,27
walking,57127,57126,57127,1
rising,57146,57127,57146,19
left_turning,57171,57146,57171,25
trotting,57182,57171,57182,11
walking,57235,57182,57235,53
stepping,57278,57235,57278,43
sniffing,57321,57278,57321,43
walking,57363,57321,57363,42
jumping,57421,57363,57421,58
walking,57422,57421,57422,1
sniffing,57547,57422,57547,125
left_turning,57563,57547,57563,16
trotting,57620,57563,57620,57
right_turning,57640,57620,57640,20
running,57662,57640,57662,22
sniffing,57722,57662,57722,60
rising,57753,57722,57753,31
rearing,57765,57753,57765,12
hunching,57823,57765,57823,58
grooming,58047,57823,58047,224
sniffing,58074,58047,58074,27
rising,58077,58074,58077,3
climbing,58204,58077,58204,127
walking,58251,58204,58251,47
sniffing,58442,58251,58442,191
walking,58476,58442,58476,34
stepping,58506,58476,58506,30
walking,58509,58506,58509,3
stepping,58549,58509,58549,40
rising,58574,58549,58574,25
walking,58590,58574,58590,16
grooming,58656,58590,58656,66
running,58681,58656,58681,25
sniffing,58733,58681,58733,52
walking,58761,58733,58761,28
climbing,58803,58761,58803,42
rearing,58841,58803,58841,38
climbing,58903,58841,58903,62
left_turning,58953,58903,58953,50
stepping,58982,58953,58982,29
walking,58999,58982,58999,17
sniffing,59099,58999,59099,100
climbing,59125,59099,59125,26
stepping,59151,59125,59151,26
sniffing,59181,59151,59181,30
grooming,59182,59181,59182,1
sniffing,59392,59182,59392,210
stepping,59404,59392,59404,12
sniffing,59478,59404,59478,74
stepping,59511,59478,59511,33
rising,59547,59511,59547,36
sniffing,59570,59547,59570,23
left_turning,59602,59570,59602,32
walking,59640,59602,59640,38
sniffing,59720,59640,59720,80
rising,59721,59720,59721,1
rearing,59755,59721,59755,34
grooming,59756,59755,59756,1
rising,59838,59756,59838,82
left_turning,59862,59838,59862,24
walking,59872,59862,59872,10
sniffing,59910,59872,59910,38
grooming,60047,59910,60047,137
rearing,60124,60047,60124,77
running,60130,60124,60130,6
trotting,60172,60130,60172,42
walking,60193,60172,60193,21
right_turning,60234,60193,60234,41
grooming,60301,60234,60301,67
climbing,60310,60301,60310,9
trotting,60340,60310,60340,30
climbing,60401,60340,60401,61
stepping,60451,60401,60451,50
sniffing,60468,60451,60468,17
stepping,60492,60468,60492,24
sniffing,60544,60492,60544,52
rearing,60604,60544,60604,60
climbing,60666,60604,60666,62
running,60682,60666,60682,16
walking,60758,60682,60758,76
stepping,60779,60758,60779,21
sniffing,60811,60779,60811,32
rising,60812,60811,60812,1
climbing,60859,60812,60859,47
running,60878,60859,60878,19
sniffing,61049,60878,61049,171
stepping,61061,61049,61061,12
grooming,61062,61061,61062,1
stepping,61121,61062,61121,59
walking,61147,61121,61147,26
sniffing,61234,61147,61234,87
grooming,61249,61234,61249,15
rearing,61320,61249,61320,71
right_turning,61339,61320,61339,19
sniffing,61574,61339,61574,235
walking,61596,61574,61596,22
stepping,61620,61596,61620,24
sniffing,61634,61620,61634,14
rearing,61707,61634,61707,73
climbing,61723,61707,61723,16
left_turning,61762,61723,61762,39
sniffing,61823,61762,61823,61
grooming,62034,61823,62034,211
walking,62093,62034,62093,59
stepping,62099,62093,62099,6
walking,62153,62099,62153,54
sniffing,62154,62153,62154,1
rising,62258,62154,62258,104
sniffing,62352,62258,62352,94
grooming,62430,62352,62430,78
running,62460,62430,62460,30
walking,62501,62460,62501,41
sniffing,62503,62501,62503,2
rearing,62533,62503,62533,30
hunching,62534,62533,62534,1
left_turning,62558,62534,62558,24
walking,62600,62558,62600,42
rearing,62668,62600,62668,68
grooming,62821,62668,62821,153
climbing,62857,62821,62857,36
walking,62869,62857,62869,12
grooming,62870,62869,62870,1
right_turning,62901,62870,62901,31
stepping,62902,62901,62902,1
sniffing,62928,62902,62928,26
stepping,62967,62928,62967,39
sniffing,63078,62967,63078,111
stepping,63116,63078,63116,38
climbing,63158,63116,63158,42
stepping,63179,63158,63179,21
running,63199,63179,63199,20
walking,63202,63199,63202,3
trotting,63232,63202,63232,30
sniffing,63233,63232,63233,1
walking,63264,63233,63264,31
climbing,63342,63264,63342,78
rising,63379,63342,63379,37
rearing,63430,63379,63430,51
stepping,63458,63430,63458,28
sniffing,63529,63458,63529,71
climbing,63576,63529,63576,47
right_turning,63584,63576,63584,8
sniffing,63609,63584,63609,25
grooming,63895,63609,63895,286
stepping,63926,63895,63926,31
walking,63960,63926,63960,34
stepping,64001,63960,64001,41
grooming,64091,64001,64091,90
sniffing,64136,64091,64136,45
climbing,64195,64136,64195,59
walking,64219,64195,64219,24
stepping,64269,64219,64269,50
grooming,64337,64269,64337,68
sniffing,64445,64337,64445,108
rising,64446,64445,64446,1
left_turning,64466,64446,64466,20
grooming,65354,64466,65354,888
walking,65389,65354,65389,35
rising,65416,65389,65416,27
climbing,65502,65416,65502,86
grooming,65503,65502,65503,1
rearing,65570,65503,65570,67
grooming,65571,65570,65571,1
left_turning,65577,65571,65577,6
walking,65627,65577,65627,50
sniffing,65685,65627,65685,58
stepping,65735,65685,65735,50
sniffing,65856,65735,65856,121
left_turning,65869,65856,65869,13
rearing,65937,65869,65937,68
grooming,66100,65937,66100,163
walking,66115,66100,66115,15
rising,66211,66115,66211,96
rearing,66237,66211,66237,26
rising,66238,66237,66238,1
grooming,66550,66238,66550,312
hunching,66655,66550,66655,105
rearing,66656,66655,66656,1
grooming,66894,66656,66894,238
rearing,67020,66894,67020,126
hunching,67079,67020,67079,59
rearing,67080,67079,67080,1
rising,67106,67080,67106,26
left_turning,67129,67106,67129,23
stepping,67130,67129,67130,1
sniffing,67162,67130,67162,32
left_turning,67193,67162,67193,31
walking,67243,67193,67243,50
sniffing,67276,67243,67276,33
right_turning,67277,67276,67277,1
climbing,67305,67277,67305,28
left_turning,67345,67305,67345,40
right_turning,67354,67345,67354,9
stepping,67384,67354,67384,30
left_turning,67414,67384,67414,30
stepping,67432,67414,67432,18
rising,67466,67432,67466,34
rearing,67523,67466,67523,57
grooming,67524,67523,67524,1
scratching,67525,67524,67525,1
sniffing,67540,67525,67540,15
left_turning,67541,67540,67541,1
grooming,67703,67541,67703,162
rearing,67704,67703,67704,1
grooming,68291,67704,68291,587
hunching,68380,68291,68380,89
rearing,68402,68380,68402,22
hunching,68403,68402,68403,1
grooming,68609,68403,68609,206
walking,68694,68609,68694,85
stepping,68732,68694,68732,38
sniffing,68791,68732,68791,59
rising,68851,68791,68851,60
climbing,68914,68851,68914,63
rearing,68928,68914,68928,14
stepping,68997,68928,68997,69
sniffing,69073,68997,69073,76
stepping,69080,69073,69080,7
walking,69156,69080,69156,76
left_turning,69192,69156,69192,36
walking,69194,69192,69194,2
sniffing,69256,69194,69256,62
stepping,69265,69256,69265,9
sniffing,69333,69265,69333,68
rising,69350,69333,69350,17
climbing,69401,69350,69401,51
rising,69410,69401,69410,9
climbing,69457,69410,69457,47
trotting,69500,69457,69500,43
stepping,69542,69500,69542,42
left_turning,69551,69542,69551,9
running,69577,69551,69577,26
stepping,69639,69577,69639,62
sniffing,69652,69639,69652,13
climbing,69693,69652,69693,41
walking,69758,69693,69758,65
sniffing,69822,69758,69822,64
trotting,69856,69822,69856,34
stepping,69897,69856,69897,41
sniffing,69924,69897,69924,27
walking,69925,69924,69925,1
stepping,69955,69925,69955,30
sniffing,70117,69955,70117,162
rising,70179,70117,70179,62
climbing,70234,70179,70234,55
trotting,70268,70234,70268,34
stepping,70285,70268,70285,17
climbing,70318,70285,70318,33
right_turning,70340,70318,70340,22
grooming,70393,70340,70393,53
hunching,70483,70393,70483,90
rearing,70565,70483,70565,82
sniffing,70577,70565,70577,12
rising,70607,70577,70607,30
rearing,70608,70607,70608,1
sniffing,70609,70608,70609,1
right_turning,70626,70609,70626,17
trotting,70666,70626,70666,40
running,70693,70666,70693,27
sniffing,70713,70693,70713,20
trotting,70738,70713,70738,25
walking,70763,70738,70763,25
stepping,70769,70763,70769,6
grooming,70787,70769,70787,18
walking,70832,70787,70832,45
rising,70848,70832,70848,16
climbing,70916,70848,70916,68
walking,70953,70916,70953,37
sniffing,71036,70953,71036,83
grooming,71037,71036,71037,1
rearing,71140,71037,71140,103
climbing,71192,71140,71192,52
rearing,71205,71192,71205,13
walking,71232,71205,71232,27
trotting,71244,71232,71244,12
sniffing,71271,71244,71271,27
walking,71337,71271,71337,66
sniffing,71575,71337,71575,238
stepping,71585,71575,71585,10
walking,71586,71585,71586,1
rising,71609,71586,71609,23
climbing,71676,71609,71676,67
grooming,71858,71676,71858,182
rearing,71897,71858,71897,39
sniffing,71971,71897,71971,74
rising,71993,71971,71993,22
rearing,71994,71993,71994,1
hunching,72029,71994,72029,35
rearing,72087,72029,72087,58
sniffing,72168,72087,72168,81
rising,72210,72168,72210,42
rearing,72304,72210,72304,94
climbing,72341,72304,72341,37
grooming,72616,72341,72616,275
sniffing,72634,72616,72634,18
stepping,72669,72634,72669,35
rising,72687,72669,72687,18
rearing,72688,72687,72688,1
climbing,72689,72688,72689,1
grooming,72690,72689,72690,1
sniffing,72691,72690,72691,1
grooming,72692,72691,72692,1
sniffing,72797,72692,72797,105
left_turning,72805,72797,72805,8
sniffing,72845,72805,72845,40
climbing,72877,72845,72877,32
walking,72918,72877,72918,41
sniffing,73044,72918,73044,126
stepping,73094,73044,73094,50
sniffing,73095,73094,73095,1
rising,73096,73095,73096,1
rearing,73132,73096,73132,36
sniffing,73211,73132,73211,79
walking,73249,73211,73249,38
stepping,73301,73249,73301,52
rising,73342,73301,73342,41
trotting,73372,73342,73372,30
rising,73403,73372,73403,31
grooming,73899,73403,73899,496
running,73935,73899,73935,36
sniffing,73947,73935,73947,12
hunching,74132,73947,74132,185
rearing,74219,74132,74219,87
left_turning,74267,74219,74267,48
sniffing,74288,74267,74288,21
stepping,74374,74288,74374,86
sniffing,74446,74374,74446,72
walking,74447,74446,74447,1
grooming,74683,74447,74683,236
sniffing,74785,74683,74785,102
grooming,74859,74785,74859,74
scratching,74933,74859,74933,74
left_turning,74939,74933,74939,6
running,74959,74939,74959,20
trotting,75017,74959,75017,58
sniffing,75102,75017,75102,85
stepping,75123,75102,75123,21
rearing,75212,75123,75212,89
stepping,75245,75212,75245,33
sniffing,75246,75245,75246,1
climbing,75278,75246,75278,32
grooming,75438,75278,75438,160
sniffing,75439,75438,75439,1
left_turning,75442,75439,75442,3
sniffing,75551,75442,75551,109
walking,75575,75551,75575,24
climbing,75615,75575,75615,40
grooming,75616,75615,75616,1
left_turning,75659,75616,75659,43
stepping,75667,75659,75667,8
rearing,75763,75667,75763,96
hunching,75845,75763,75845,82
rearing,75919,75845,75919,74
left_turning,75920,75919,75920,1
sniffing,75942,75920,75942,22
stepping,75968,75942,75968,26
sniffing,76046,75968,76046,78
left_turning,76276,76046,76276,230
walking,76285,76276,76285,9
rising,76314,76285,76314,29
hunching,76392,76314,76392,78
rearing,76494,76392,76494,102
grooming,76495,76494,76495,1
rearing,76523,76495,76523,28
stepping,76560,76523,76560,37
sniffing,76617,76560,76617,57
walking,76632,76617,76632,15
grooming,76664,76632,76664,32
rising,76729,76664,76729,65
climbing,76803,76729,76803,74
sniffing,76822,76803,76822,19
grooming,77070,76822,77070,248
rising,77078,77070,77078,8
grooming,77079,77078,77079,1
sniffing,77124,77079,77124,45
rising,77130,77124,77130,6
rearing,77203,77130,77203,73
grooming,77231,77203,77231,28
trotting,77267,77231,77267,36
stepping,77281,77267,77281,14
walking,77304,77281,77304,23
sniffing,77352,77304,77352,48
grooming,77353,77352,77353,1
walking,77385,77353,77385,32
sniffing,77419,77385,77419,34
stepping,77456,77419,77456,37
right_turning,77458,77456,77458,2
walking,77499,77458,77499,41
trotting,77508,77499,77508,9
walking,77615,77508,77615,107
rearing,77617,77615,77617,2
climbing,77661,77617,77661,44
rearing,77662,77661,77662,1
right_turning,77691,77662,77691,29
stepping,77710,77691,77710,19
walking,77743,77710,77743,33
climbing,77789,77743,77789,46
trotting,77820,77789,77820,31
stepping,77821,77820,77821,1
rearing,77903,77821,77903,82
grooming,78142,77903,78142,239
walking,78176,78142,78176,34
sniffing,78238,78176,78238,62
right_turning,78239,78238,78239,1
stepping,78271,78239,78271,32
walking,78276,78271,78276,5
left_turning,78306,78276,78306,30
trotting,78326,78306,78326,20
sniffing,78359,78326,78359,33
walking,78420,78359,78420,61
stepping,78464,78420,78464,44
sniffing,78503,78464,78503,39
stepping,78504,78503,78504,1
sniffing,78560,78504,78560,56
walking,78577,78560,78577,17
grooming,78744,78577,78744,167
rearing,78768,78744,78768,24
grooming,78770,78768,78770,2
climbing,78832,78770,78832,62
rising,78886,78832,78886,54
climbing,78941,78886,78941,55
sniffing,78975,78941,78975,34
walking,79014,78975,79014,39
sniffing,79015,79014,79015,1
rising,79044,79015,79044,29
rearing,79218,79044,79218,174
stepping,79262,79218,79262,44
walking,79278,79262,79278,16
stepping,79310,79278,79310,32
sniffing,79339,79310,79339,29
stepping,79378,79339,79378,39
grooming,80645,79378,80645,1267
climbing,80684,80645,80684,39
sniffing,80685,80684,80685,1
walking,80741,80685,80741,56
stepping,80772,80741,80772,31
sniffing,80791,80772,80791,19
walking,80800,80791,80800,9
grooming,80939,80800,80939,139
rearing,80983,80939,80983,44
grooming,81148,80983,81148,165
hunching,81265,81148,81265,117
rearing,81373,81265,81373,108
hunching,81419,81373,81419,46
rearing,81448,81419,81448,29
stepping,81490,81448,81490,42
sniffing,81557,81490,81557,67
rising,81583,81557,81583,26
rearing,81625,81583,81625,42
hunching,81718,81625,81718,93
climbing,81741,81718,81741,23
right_turning,81744,81741,81744,3
climbing,81833,81744,81833,89
stepping,81847,81833,81847,14
sniffing,81916,81847,81916,69
scratching,81930,81916,81930,14
walking,81951,81930,81951,21
rearing,81952,81951,81952,1
sniffing,81980,81952,81980,28
walking,81994,81980,81994,14
grooming,81995,81994,81995,1
rising,81996,81995,81996,1
grooming,82163,81996,82163,167
hunching,82181,82163,82181,18
grooming,82252,82181,82252,71
sniffing,82278,82252,82278,26
climbing,82320,82278,82320,42
rearing,82362,82320,82362,42
grooming,83091,82362,83091,729
sniffing,83142,83091,83142,51
hunching,83143,83142,83143,1
sniffing,83209,83143,83209,66
rearing,83326,83209,83326,117
grooming,83372,83326,83372,46
rearing,83434,83372,83434,62
grooming,83663,83434,83663,229
rising,83718,83663,83718,55
grooming,83979,83718,83979,261
walking,84058,83979,84058,79
stepping,84059,84058,84059,1
walking,84101,84059,84101,42
running,84130,84101,84130,29
sniffing,84144,84130,84144,14
walking,84154,84144,84154,10
sniffing,84185,84154,84185,31
walking,84225,84185,84225,40
sniffing,84276,84225,84276,51
stepping,84333,84276,84333,57
walking,84336,84333,84336,3
stepping,84342,84336,84342,6
sniffing,84418,84342,84418,76
trotting,84431,84418,84431,13
rearing,84569,84431,84569,138
rising,84581,84569,84581,12
sniffing,84614,84581,84614,33
left_turning,84615,84614,84615,1
sniffing,84729,84615,84729,114
left_turning,84757,84729,84757,28
walking,84763,84757,84763,6
sniffing,84797,84763,84797,34
rising,84798,84797,84798,1
climbing,84809,84798,84809,11
left_turning,84845,84809,84845,36
trotting,84882,84845,84882,37
walking,84901,84882,84901,19
right_turning,84934,84901,84934,33
grooming,85024,84934,85024,90
sniffing,85100,85024,85100,76
rearing,85270,85100,85270,170
grooming,85323,85270,85323,53
sniffing,85603,85323,85603,280
stepping,85641,85603,85641,38
walking,85679,85641,85679,38
rising,85697,85679,85697,18
climbing,85706,85697,85706,9
rearing,85707,85706,85707,1
rising,85752,85707,85752,45
stepping,85776,85752,85776,24
sniffing,85845,85776,85845,69
rearing,85897,85845,85897,52
grooming,86507,85897,86507,610
hunching,86511,86507,86511,4
rising,86558,86511,86558,47
rearing,86559,86558,86559,1
climbing,86618,86559,86618,59
trotting,86620,86618,86620,2
stepping,86652,86620,86652,32
rising,86832,86652,86832,180
rearing,86867,86832,86867,35
sniffing,86964,86867,86964,97
left_turning,87003,86964,87003,39
sniffing,87046,87003,87046,43
grooming,87047,87046,87047,1
scratching,87071,87047,87071,24
grooming,87118,87071,87118,47
rearing,87187,87118,87187,69
sniffing,87241,87187,87241,54
walking,87296,87241,87296,55
sniffing,87352,87296,87352,56
stepping,87379,87352,87379,27
sniffing,87380,87379,87380,1
walking,87413,87380,87413,33
sniffing,87442,87413,87442,29
right_turning,87457,87442,87457,15
stepping,87493,87457,87493,36
walking,87520,87493,87520,27
rising,87527,87520,87527,7
rearing,87532,87527,87532,5
stepping,87597,87532,87597,65
sniffing,87664,87597,87664,67
grooming,87828,87664,87828,164
rising,87829,87828,87829,1
walking,87873,87829,87873,44
climbing,87929,87873,87929,56
rearing,87963,87929,87963,34
stepping,87985,87963,87985,22
sniffing,87986,87985,87986,1
grooming,88321,87986,88321,335
rearing,88503,88321,88503,182
climbing,88663,88503,88663,160
left_turning,88664,88663,88664,1
walking,88673,88664,88673,9
sniffing,88783,88673,88783,110
walking,88791,88783,88791,8
stepping,88793,88791,88793,2
rearing,88807,88793,88807,14
grooming,89027,88807,89027,220
rearing,89094,89027,89094,67
left_turning,89138,89094,89138,44
sniffing,89211,89138,89211,73
stepping,89225,89211,89225,14
rearing,89229,89225,89229,4
sniffing,89266,89229,89266,37
stepping,89273,89266,89273,7
rising,89274,89273,89274,1
rearing,89398,89274,89398,124
left_turning,89443,89398,89443,45
trotting,89450,89443,89450,7
stepping,89481,89450,89481,31
sniffing,89502,89481,89502,21
walking,89545,89502,89545,43
stepping,89550,89545,89550,5
sniffing,89645,89550,89645,95
rising,89718,89645,89718,73
stepping,89728,89718,89728,10
grooming,89881,89728,89881,153
rearing,90010,89881,90010,129
sniffing,90048,90010,90048,38
rising,90069,90048,90069,21
climbing,90107,90069,90107,38
rising,90173,90107,90173,66
grooming,90182,90173,90182,9
sniffing,90230,90182,90230,48
grooming,90426,90230,90426,196
hunching,90497,90426,90497,71
grooming,90550,90497,90550,53
hunching,90580,90550,90580,30
rearing,90581,90580,90581,1
hunching,90609,90581,90609,28
grooming,90790,90609,90790,181
left_turning,90827,90790,90827,37
rearing,90934,90827,90934,107
hunching,90953,90934,90953,19
grooming,90954,90953,90954,1
rearing,90974,90954,90974,20
grooming,90975,90974,90975,1
climbing,90982,90975,90982,7
walking,91003,90982,91003,21
rising,91015,91003,91015,12
grooming,91144,91015,91144,129
running,91149,91144,91149,5
sniffing,91216,91149,91216,67
rising,91224,91216,91224,8
rearing,91230,91224,91230,6
left_turning,91231,91230,91231,1
stepping,91257,91231,91257,26
scratching,91328,91257,91328,71
sniffing,91329,91328,91329,1
stepping,91342,91329,91342,13
rising,91343,91342,91343,1
grooming,91416,91343,91416,73
right_turning,91438,91416,91438,22
stepping,91468,91438,91468,30
grooming,91598,91468,91598,130
stepping,91627,91598,91627,29
sniffing,91628,91627,91628,1
walking,91653,91628,91653,25
grooming,91654,91653,91654,1
sniffing,91703,91654,91703,49
grooming,91704,91703,91704,1
trotting,91740,91704,91740,36
stepping,91770,91740,91770,30
trotting,91802,91770,91802,32
stepping,91814,91802,91814,12
rising,91832,91814,91832,18
rearing,91890,91832,91890,58
sniffing,91999,91890,91999,109
rearing,92000,91999,92000,1
left_turning,92050,92000,92050,50
trotting,92083,92050,92083,33
climbing,92137,92083,92137,54
walking,92138,92137,92138,1
stepping,92152,92138,92152,14
rising,92183,92152,92183,31
rearing,92194,92183,92194,11
sniffing,92204,92194,92204,10
stepping,92252,92204,92252,48
sniffing,92293,92252,92293,41
rising,92357,92293,92357,64
climbing,92384,92357,92384,27
rearing,92427,92384,92427,43
sniffing,92483,92427,92483,56
rising,92506,92483,92506,23
rearing,92507,92506,92507,1
walking,92528,92507,92528,21
stepping,92555,92528,92555,27
walking,92574,92555,92574,19
stepping,92617,92574,92617,43
sniffing,92802,92617,92802,185
left_turning,92803,92802,92803,1
sniffing,92925,92803,92925,122
left_turning,93018,92925,93018,93
walking,93037,93018,93037,19
sniffing,93038,93037,93038,1
trotting,93100,93038,93100,62
sniffing,93101,93100,93101,1
left_turning,93135,93101,93135,34
grooming,93221,93135,93221,86
rearing,93298,93221,93298,77
climbing,93357,93298,93357,59
grooming,93358,93357,93358,1
walking,93419,93358,93419,61
climbing,93473,93419,93473,54
sniffing,93607,93473,93607,134
walking,93616,93607,93616,9
left_turning,93645,93616,93645,29
sniffing,93673,93645,93673,28
rearing,93733,93673,93733,60
grooming,93760,93733,93760,27
right_turning,93773,93760,93773,13
stepping,93792,93773,93792,19
walking,93800,93792,93800,8
rearing,93856,93800,93856,56
grooming,93857,93856,93857,1
rearing,93909,93857,93909,52
stepping,93964,93909,93964,55
sniffing,93965,93964,93965,1
grooming,94081,93965,94081,116
hunching,94149,94081,94149,68
sniffing,94150,94149,94150,1
grooming,94237,94150,94237,87
rearing,94297,94237,94297,60
grooming,94344,94297,94344,47
sniffing,94408,94344,94408,64
walking,94443,94408,94443,35
sniffing,94459,94443,94459,16
walking,94482,94459,94482,23
rearing,94557,94482,94557,75
stepping,94581,94557,94581,24
walking,94608,94581,94608,27
sniffing,94622,94608,94622,14
walking,94630,94622,94630,8
grooming,94777,94630,94777,147
rearing,94838,94777,94838,61
stepping,94903,94838,94903,65
sniffing,94904,94903,94904,1
stepping,94930,94904,94930,26
climbing,94975,94930,94975,45
left_turning,94993,94975,94993,18
stepping,94999,94993,94999,6
rising,95028,94999,95028,29
grooming,95029,95028,95029,1
rising,95081,95029,95081,52
rearing,95147,95081,95147,66
climbing,95167,95147,95167,20
left_turning,95173,95167,95173,6
rearing,95190,95173,95190,17
sniffing,95204,95190,95204,14
hunching,95212,95204,95212,8
rearing,95251,95212,95251,39
grooming,95285,95251,95285,34
rearing,95351,95285,95351,66
walking,95381,95351,95381,30
sniffing,95424,95381,95424,43
stepping,95425,95424,95425,1
trotting,95446,95425,95446,21
sniffing,95491,95446,95491,45
stepping,95510,95491,95510,19
sniffing,95511,95510,95511,1
walking,95521,95511,95521,10
sniffing,95522,95521,95522,1
stepping,95535,95522,95535,13
left_turning,95540,95535,95540,5
stepping,95561,95540,95561,21
sniffing,95618,95561,95618,57
walking,95624,95618,95624,6
climbing,95673,95624,95673,49
grooming,95727,95673,95727,54
rearing,95734,95727,95734,7
grooming,96019,95734,96019,285
sniffing,96058,96019,96058,39
stepping,96071,96058,96071,13
walking,96125,96071,96125,54
left_turning,96194,96125,96194,69
sniffing,96334,96194,96334,140
right_turning,96362,96334,96362,28
walking,96363,96362,96363,1
grooming,96485,96363,96485,122
right_turning,96528,96485,96528,43
walking,96554,96528,96554,26
sniffing,96726,96554,96726,172
grooming,96848,96726,96848,122
rising,96866,96848,96866,18
walking,96902,96866,96902,36
sniffing,96920,96902,96920,18
rearing,96944,96920,96944,24
stepping,96952,96944,96952,8
rearing,97006,96952,97006,54
climbing,97069,97006,97069,63
left_turning,97073,97069,97073,4
rearing,97160,97073,97160,87
grooming,97244,97160,97244,84
walking,97280,97244,97280,36
rising,97294,97280,97294,14
walking,97297,97294,97297,3
stepping,97329,97297,97329,32
trotting,97353,97329,97353,24
walking,97378,97353,97378,25
running,97404,97378,97404,26
sniffing,97437,97404,97437,33
walking,97450,97437,97450,13
stepping,97473,97450,97473,23
grooming,97585,97473,97585,112
rearing,97696,97585,97696,111
left_turning,97736,97696,97736,40
walking,97749,97736,97749,13
stepping,97758,97749,97758,9
walking,97793,97758,97793,35
running,97830,97793,97830,37
climbing,97835,97830,97835,5
rising,97862,97835,97862,27
rearing,97933,97862,97933,71
grooming,97937,97933,97937,4
scratching,98050,97937,98050,113
sniffing,98085,98050,98085,35
rising,98098,98085,98098,13
climbing,98107,98098,98107,9
hunching,98131,98107,98131,24
grooming,98132,98131,98132,1
sniffing,98160,98132,98160,28
walking,98213,98160,98213,53
sniffing,98215,98213,98215,2
right_turning,98233,98215,98233,18
stepping,98263,98233,98263,30
walking,98290,98263,98290,27
sniffing,98338,98290,98338,48
walking,98375,98338,98375,37
rearing,98435,98375,98435,60
rising,98480,98435,98480,45
rearing,98481,98480,98481,1
rising,98483,98481,98483,2
rearing,98585,98483,98585,102
right_turning,98605,98585,98605,20
grooming,98821,98605,98821,216
walking,98902,98821,98902,81
sniffing,98903,98902,98903,1
walking,98944,98903,98944,41
right_turning,98945,98944,98945,1
sniffing,98959,98945,98959,14
stepping,99005,98959,99005,46
rising,99072,99005,99072,67
stepping,99115,99072,99115,43
grooming,99330,99115,99330,215
rearing,99331,99330,99331,1
walking,99356,99331,99356,25
climbing,99390,99356,99390,34
rearing,99418,99390,99418,28
left_turning,99422,99418,99422,4
stepping,99437,99422,99437,15
grooming,99462,99437,99462,25
scratching,99520,99462,99520,58
left_turning,99762,99520,99762,242
grooming,99763,99762,99763,1
hunching,99827,99763,99827,64
grooming,99850,99827,99850,23
stepping,99876,99850,99876,26
walking,99927,99876,99927,51
rising,99965,99927,99965,38
rearing,100001,99965,100001,36
hunching,100139,100001,100139,138
rearing,100209,100139,100209,70
hunching,100372,100209,100372,163
rearing,100421,100372,100421,49
grooming,100422,100421,100422,1
right_turning,100456,100422,100456,34
stepping,100495,100456,100495,39
walking,100526,100495,100526,31
stepping,100590,100526,100590,64
rising,100652,100590,100652,62
sniffing,100722,100652,100722,70
stepping,100779,100722,100779,57
sniffing,100780,100779,100780,1
walking,100781,100780,100781,1
stepping,100833,100781,100833,52
sniffing,100876,100833,100876,43
walking,100904,100876,100904,28
sniffing,100916,100904,100916,12
walking,100985,100916,100985,69
rearing,100998,100985,100998,13
hunching,101094,100998,101094,96
grooming,101193,101094,101193,99
climbing,101194,101193,101194,1
walking,101207,101194,101207,13
trotting,101225,101207,101225,18
sniffing,101374,101225,101374,149
grooming,101375,101374,101375,1
rearing,101415,101375,101415,40
hunching,101416,101415,101416,1
grooming,101501,101416,101501,85
rearing,101502,101501,101502,1
stepping,101503,101502,101503,1
walking,101550,101503,101550,47
stepping,101588,101550,101588,38
sniffing,101661,101588,101661,73
rising,101736,101661,101736,75
climbing,101778,101736,101778,42
stepping,101809,101778,101809,31
walking,101889,101809,101889,80
stepping,101897,101889,101897,8
sniffing,101947,101897,101947,50
walking,101991,101947,101991,44
trotting,102008,101991,102008,17
sniffing,102067,102008,102067,59
walking,102096,102067,102096,29
sniffing,102097,102096,102097,1
walking,102098,102097,102098,1
stepping,102099,102098,102099,1
rising,102133,102099,102133,34
rearing,102212,102133,102212,79
climbing,102319,102212,102319,107
running,102339,102319,102339,20
sniffing,102340,102339,102340,1
left_turning,102354,102340,102354,14
stepping,102411,102354,102411,57
sniffing,102445,102411,102445,34
stepping,102497,102445,102497,52
grooming,102498,102497,102498,1
rearing,102535,102498,102535,37
grooming,102607,102535,102607,72
rearing,102608,102607,102608,1
grooming,102687,102608,102687,79
rearing,102794,102687,102794,107
rising,102915,102794,102915,121
sniffing,102916,102915,102916,1
walking,102940,102916,102940,24
sniffing,103007,102940,103007,67
running,103022,103007,103022,15
sniffing,103068,103022,103068,46
walking,103132,103068,103132,64
sniffing,103227,103132,103227,95
stepping,103250,103227,103250,23
trotting,103299,103250,103299,49
climbing,103321,103299,103321,22
rearing,103398,103321,103398,77
sniffing,103399,103398,103399,1
grooming,103692,103399,103692,293
sniffing,103753,103692,103753,61
grooming,103992,103753,103992,239
rearing,104043,103992,104043,51
grooming,104085,104043,104085,42
rearing,104188,104085,104188,103
sniffing,104212,104188,104212,24
left_turning,104219,104212,104219,7
walking,104253,104219,104253,34
sniffing,104298,104253,104298,45
stepping,104351,104298,104351,53
sniffing,104363,104351,104363,12
grooming,104499,104363,104499,136
stepping,104516,104499,104516,17
rearing,104584,104516,104584,68
rising,104732,104584,104732,148
grooming,105096,104732,105096,364
walking,105130,105096,105130,34
sniffing,105131,105130,105131,1
right_turning,105158,105131,105158,27
climbing,105160,105158,105160,2
walking,105178,105160,105178,18
sniffing,105230,105178,105230,52
rearing,105258,105230,105258,28
sniffing,105353,105258,105353,95
left_turning,105408,105353,105408,55
rising,105472,105408,105472,64
left_turning,105537,105472,105537,65
walking,105568,105537,105568,31
sniffing,105668,105568,105668,100
climbing,105727,105668,105727,59
walking,105760,105727,105760,33
sniffing,105779,105760,105779,19
stepping,105844,105779,105844,65
left_turning,105854,105844,105854,10
stepping,105882,105854,105882,28
sniffing,105883,105882,105883,1
grooming,105962,105883,105962,79
hunching,106009,105962,106009,47
rearing,106095,106009,106095,86
climbing,106099,106095,106099,4
rearing,106149,106099,106149,50
rising,106235,106149,106235,86
stepping,106236,106235,106236,1
sniffing,106237,106236,106237,1
walking,106241,106237,106241,4
rising,106250,106241,106250,9
climbing,106332,106250,106332,82
left_turning,106390,106332,106390,58
stepping,106391,106390,106391,1
walking,106435,106391,106435,44
stepping,106442,106435,106442,7
walking,106453,106442,106453,11
rising,106496,106453,106496,43
hunching,106547,106496,106547,51
grooming,106548,106547,106548,1
hunching,106595,106548,106595,47
grooming,106645,106595,106645,50
left_turning,106674,106645,106674,29
sniffing,106857,106674,106857,183
stepping,106899,106857,106899,42
sniffing,106900,106899,106900,1
right_turning,106932,106900,106932,32
sniffing,107083,106932,107083,151
walking,107092,107083,107092,9
sniffing,107114,107092,107114,22
stepping,107142,107114,107142,28
walking,107174,107142,107174,32
sniffing,107217,107174,107217,43
rising,107218,107217,107218,1
sniffing,107220,107218,107220,2
stepping,107261,107220,107261,41
rising,107299,107261,107299,38
grooming,107324,107299,107324,25
hunching,107362,107324,107362,38
grooming,107363,107362,107363,1
rearing,107508,107363,107508,145
rising,107521,107508,107521,13
left_turning,107525,107521,107525,4
rising,107629,107525,107629,104
sniffing,107689,107629,107689,60
trotting,107704,107689,107704,15
sniffing,107742,107704,107742,38
walking,107743,107742,107743,1
rising,107802,107743,107802,59
rearing,107819,107802,107819,17
grooming,108000,107819,108000,181
