revised_movement_label,segBoundary,segBoundary_start,segBoundary_end,length
stepping,19,0,19,19
rising,78,19,78,59
grooming,79,78,79,1
sniffing,88,79,88,9
rising,189,88,189,101
sniffing,199,189,199,10
rising,205,199,205,6
grooming,265,205,265,60
hunching,319,265,319,54
left_turning,336,319,336,17
walking,383,336,383,47
sniffing,407,383,407,24
hunching,408,407,408,1
climbing,475,408,475,67
left_turning,491,475,491,16
stepping,500,491,500,9
sniffing,555,500,555,55
walking,556,555,556,1
rising,605,556,605,49
left_turning,648,605,648,43
walking,653,648,653,5
sniffing,672,653,672,19
stepping,708,672,708,36
walking,737,708,737,29
rising,752,737,752,15
grooming,838,752,838,86
climbing,872,838,872,34
left_turning,905,872,905,33
rising,906,905,906,1
sniffing,927,906,927,21
grooming,1054,927,1054,127
sniffing,1086,1054,1086,32
left_turning,1093,1086,1093,7
rising,1094,1093,1094,1
sniffing,1172,1094,1172,78
walking,1268,1172,1268,96
trotting,1269,1268,1269,1
walking,1295,1269,1295,26
stepping,1306,1295,1306,11
rising,1335,1306,1335,29
sniffing,1351,1335,1351,16
rising,1423,1351,1423,72
walking,1455,1423,1455,32
sniffing,1676,1455,1676,221
stepping,1734,1676,1734,58
trotting,1771,1734,1771,37
walking,1848,1771,1848,77
grooming,1984,1848,1984,136
rearing,2016,1984,2016,32
grooming,2096,2016,2096,80
rising,2120,2096,2120,24
sniffing,2133,2120,2133,13
rearing,2151,2133,2151,18
right_turning,2159,2151,2159,8
walking,2176,2159,2176,17
grooming,2250,2176,2250,74
walking,2251,2250,2251,1
sniffing,2318,2251,2318,67
stepping,2354,2318,2354,36
trotting,2386,2354,2386,32
rising,2417,2386,2417,31
stepping,2446,2417,2446,29
rising,2447,2446,2447,1
sniffing,2497,2447,2497,50
grooming,2663,2497,2663,166
sniffing,2710,2663,2710,47
stepping,2711,2710,2711,1
sniffing,2745,2711,2745,34
stepping,2746,2745,2746,1
sniffing,2756,2746,2756,10
rising,2776,2756,2776,20
rearing,3009,2776,3009,233
right_turning,3022,3009,3022,13
trotting,3040,3022,3040,18
sniffing,3088,3040,3088,48
stepping,3089,3088,3089,1
walking,3100,3089,3100,11
sniffing,3114,3100,3114,14
stepping,3118,3114,3118,4
walking,3199,3118,3199,81
rising,3225,3199,3225,26
sniffing,3257,3225,3257,32
grooming,3311,3257,3311,54
hunching,3520,3311,3520,209
grooming,3521,3520,3521,1
rearing,3566,3521,3566,45
rising,3671,3566,3671,105
left_turning,3721,3671,3721,50
walking,3722,3721,3722,1
rising,3829,3722,3829,107
sniffing,3844,3829,3844,15
rising,3857,3844,3857,13
sniffing,3901,3857,3901,44
rising,3903,3901,3903,2
sniffing,3945,3903,3945,42
right_turning,3963,3945,3963,18
stepping,3967,3963,3967,4
sniffing,3968,3967,3968,1
rising,4003,3968,4003,35
stepping,4051,4003,4051,48
walking,4058,4051,4058,7
stepping,4083,4058,4083,25
running,4088,4083,4088,5
walking,4112,4088,4112,24
sniffing,4131,4112,4131,19
rearing,4151,4131,4151,20
hunching,4214,4151,4214,63
stepping,4240,4214,4240,26
rising,4319,4240,4319,79
left_turning,4339,4319,4339,20
sniffing,4346,4339,4346,7
stepping,4371,4346,4371,25
sniffing,4378,4371,4378,7
walking,4398,4378,4398,20
stepping,4426,4398,4426,28
walking,4441,4426,4441,15
stepping,4464,4441,4464,23
sniffing,4483,4464,4483,19
walking,4509,4483,4509,26
rising,4510,4509,4510,1
hunching,4617,4510,4617,107
grooming,4749,4617,4749,132
walking,4750,4749,4750,1
sniffing,4751,4750,4751,1
rising,4825,4751,4825,74
sniffing,4869,4825,4869,44
walking,4942,4869,4942,73
sniffing,4943,4942,4943,1
rising,4987,4943,4987,44
walking,5011,4987,5011,24
rising,5082,5011,5082,71
stepping,5088,5082,5088,6
sniffing,5119,5088,5119,31
stepping,5121,5119,5121,2
trotting,5131,5121,5131,10
sniffing,5177,5131,5177,46
rising,5230,5177,5230,53
sniffing,5281,5230,5281,51
running,5304,5281,5304,23
stepping,5332,5304,5332,28
rising,5333,5332,5333,1
sniffing,5334,5333,5334,1
walking,5359,5334,5359,25
rising,5418,5359,5418,59
climbing,5469,5418,5469,51
left_turning,5470,5469,5470,1
walking,5473,5470,5473,3
trotting,5489,5473,5489,16
walking,5505,5489,5505,16
hunching,5625,5505,5625,120
rising,5673,5625,5673,48
rearing,5856,5673,5856,183
rising,5857,5856,5857,1
stepping,5858,5857,5858,1
sniffing,5892,5858,5892,34
stepping,5906,5892,5906,14
rising,5960,5906,5960,54
sniffing,6020,5960,6020,60
hunching,6119,6020,6119,99
grooming,6221,6119,6221,102
right_turning,6251,6221,6251,30
stepping,6253,6251,6253,2
sniffing,6268,6253,6268,15
rising,6296,6268,6296,28
sniffing,6305,6296,6305,9
left_turning,6323,6305,6323,18
stepping,6349,6323,6349,26
sniffing,6371,6349,6371,22
trotting,6382,6371,6382,11
sniffing,6394,6382,6394,12
left_turning,6432,6394,6432,38
sniffing,6433,6432,6433,1
rising,6465,6433,6465,32
rearing,6504,6465,6504,39
hunching,6537,6504,6537,33
trotting,6543,6537,6543,6
sniffing,6599,6543,6599,56
left_turning,6629,6599,6629,30
running,6654,6629,6654,25
left_turning,6696,6654,6696,42
sniffing,6782,6696,6782,86
rising,6829,6782,6829,47
rearing,6830,6829,6830,1
rising,6831,6830,6831,1
stepping,6852,6831,6852,21
rising,6886,6852,6886,34
walking,6916,6886,6916,30
sniffing,6931,6916,6931,15
walking,6956,6931,6956,25
running,6969,6956,6969,13
hunching,6985,6969,6985,16
grooming,6986,6985,6986,1
stepping,7004,6986,7004,18
sniffing,7048,7004,7048,44
walking,7103,7048,7103,55
stepping,7131,7103,7131,28
rising,7215,7131,7215,84
right_turning,7229,7215,7229,14
running,7258,7229,7258,29
trotting,7277,7258,7277,19
running,7308,7277,7308,31
trotting,7319,7308,7319,11
running,7332,7319,7332,13
sniffing,7459,7332,7459,127
rising,7460,7459,7460,1
sniffing,7500,7460,7500,40
grooming,7575,7500,7575,75
hunching,7725,7575,7725,150
grooming,7726,7725,7726,1
rising,7749,7726,7749,23
grooming,8007,7749,8007,258
left_turning,8020,8007,8020,13
walking,8108,8020,8108,88
stepping,8117,8108,8117,9
rising,8154,8117,8154,37
right_turning,8168,8154,8168,14
walking,8193,8168,8193,25
rising,8194,8193,8194,1
sniffing,8195,8194,8195,1
left_turning,8197,8195,8197,2
running,8228,8197,8228,31
walking,8229,8228,8229,1
sniffing,8348,8229,8348,119
stepping,8382,8348,8382,34
walking,8427,8382,8427,45
stepping,8442,8427,8442,15
rising,8531,8442,8531,89
walking,8578,8531,8578,47
sniffing,8592,8578,8592,14
right_turning,8593,8592,8593,1
walking,8652,8593,8652,59
stepping,8681,8652,8681,29
walking,8754,8681,8754,73
sniffing,8812,8754,8812,58
rising,8830,8812,8830,18
walking,8831,8830,8831,1
sniffing,8881,8831,8881,50
stepping,8919,8881,8919,38
walking,8940,8919,8940,21
sniffing,8971,8940,8971,31
rearing,9002,8971,9002,31
hunching,9014,9002,9014,12
rearing,9075,9014,9075,61
left_turning,9077,9075,9077,2
walking,9105,9077,9105,28
running,9137,9105,9137,32
rising,9151,9137,9151,14
rearing,9152,9151,9152,1
stepping,9213,9152,9213,61
walking,9238,9213,9238,25
right_turning,9288,9238,9288,50
walking,9338,9288,9338,50
sniffing,9353,9338,9353,15
stepping,9392,9353,9392,39
sniffing,9394,9392,9394,2
grooming,9395,9394,9395,1
right_turning,9408,9395,9408,13
walking,9463,9408,9463,55
left_turning,9490,9463,9490,27
sniffing,9526,9490,9526,36
climbing,9578,9526,9578,52
walking,9621,9578,9621,43
stepping,9647,9621,9647,26
hunching,9669,9647,9669,22
rearing,9715,9669,9715,46
grooming,9775,9715,9775,60
hunching,9834,9775,9834,59
grooming,9872,9834,9872,38
right_turning,9885,9872,9885,13
running,9918,9885,9918,33
trotting,9927,9918,9927,9
grooming,10080,9927,10080,153
walking,10107,10080,10107,27
grooming,10680,10107,10680,573
climbing,10745,10680,10745,65
grooming,11039,10745,11039,294
scratching,11116,11039,11116,77
stepping,11120,11116,11120,4
climbing,11122,11120,11122,2
grooming,11123,11122,11123,1
rearing,11184,11123,11184,61
hunching,11185,11184,11185,1
rearing,11310,11185,11310,125
grooming,11311,11310,11311,1
sniffing,11351,11311,11351,40
stepping,11365,11351,11365,14
climbing,11395,11365,11395,30
grooming,11728,11395,11728,333
sniffing,11781,11728,11781,53
climbing,11843,11781,11843,62
rearing,12041,11843,12041,198
grooming,12042,12041,12042,1
sniffing,12052,12042,12052,10
grooming,12367,12052,12367,315
sniffing,12398,12367,12398,31
walking,12437,12398,12437,39
sniffing,12438,12437,12438,1
rearing,12439,12438,12439,1
left_turning,12472,12439,12472,33
sniffing,12483,12472,12483,11
walking,12580,12483,12580,97
left_turning,12618,12580,12618,38
trotting,12642,12618,12642,24
sniffing,12643,12642,12643,1
walking,12684,12643,12684,41
rearing,12804,12684,12804,120
rising,12815,12804,12815,11
left_turning,12884,12815,12884,69
climbing,12910,12884,12910,26
left_turning,12918,12910,12918,8
climbing,12942,12918,12942,24
grooming,13068,12942,13068,126
stepping,13081,13068,13081,13
sniffing,13082,13081,13082,1
rising,13130,13082,13130,48
climbing,13175,13130,13175,45
rearing,13300,13175,13300,125
hunching,13348,13300,13348,48
rearing,13388,13348,13388,40
grooming,13543,13388,13543,155
right_turning,13584,13543,13584,41
sniffing,13644,13584,13644,60
walking,13697,13644,13697,53
trotting,13701,13697,13701,4
walking,13755,13701,13755,54
running,13767,13755,13767,12
walking,13780,13767,13780,13
stepping,13782,13780,13782,2
sniffing,13786,13782,13786,4
left_turning,13794,13786,13794,8
running,13802,13794,13802,8
left_turning,13803,13802,13803,1
sniffing,13804,13803,13804,1
stepping,13835,13804,13835,31
sniffing,13883,13835,13883,48
grooming,14021,13883,14021,138
hunching,14159,14021,14159,138
left_turning,14172,14159,14172,13
rearing,14173,14172,14173,1
climbing,14216,14173,14216,43
left_turning,14217,14216,14217,1
trotting,14274,14217,14274,57
walking,14275,14274,14275,1
stepping,14337,14275,14337,62
rearing,14434,14337,14434,97
grooming,14495,14434,14495,61
rising,14509,14495,14509,14
climbing,14558,14509,14558,49
grooming,14623,14558,14623,65
hunching,14682,14623,14682,59
grooming,14683,14682,14683,1
sniffing,14712,14683,14712,29
grooming,15065,14712,15065,353
trotting,15098,15065,15098,33
stepping,15116,15098,15116,18
sniffing,15179,15116,15179,63
rising,15181,15179,15181,2
grooming,15290,15181,15290,109
stepping,15324,15290,15324,34
sniffing,15354,15324,15354,30
running,15358,15354,15358,4
rising,15384,15358,15384,26
sniffing,15487,15384,15487,103
walking,15518,15487,15518,31
rising,15593,15518,15593,75
left_turning,15619,15593,15619,26
grooming,15620,15619,15620,1
left_turning,15626,15620,15626,6
trotting,15693,15626,15693,67
walking,15721,15693,15721,28
sniffing,15726,15721,15726,5
left_turning,15737,15726,15737,11
rearing,15738,15737,15738,1
sniffing,15741,15738,15741,3
stepping,15760,15741,15760,19
sniffing,15820,15760,15820,60
rearing,15844,15820,15844,24
hunching,15917,15844,15917,73
grooming,16066,15917,16066,149
sniffing,16102,16066,16102,36
stepping,16121,16102,16121,19
climbing,16194,16121,16194,73
grooming,17054,16194,17054,860
scratching,17115,17054,17115,61
sniffing,17129,17115,17129,14
grooming,17130,17129,17130,1
sniffing,17176,17130,17176,46
stepping,17190,17176,17190,14
sniffing,17253,17190,17253,63
right_turning,17256,17253,17256,3
sniffing,17317,17256,17317,61
left_turning,17320,17317,17320,3
sniffing,17337,17320,17337,17
rearing,17338,17337,17338,1
climbing,17385,17338,17385,47
left_turning,17388,17385,17388,3
trotting,17411,17388,17411,23
rearing,17412,17411,17412,1
sniffing,17454,17412,17454,42
grooming,17518,17454,17518,64
rearing,17677,17518,17677,159
stepping,17700,17677,17700,23
walking,17730,17700,17730,30
stepping,17788,17730,17788,58
climbing,17823,17788,17823,35
grooming,18065,17823,18065,242
left_turning,18078,18065,18078,13
sniffing,18079,18078,18079,1
rising,18108,18079,18108,29
rearing,18144,18108,18144,36
hunching,18145,18144,18145,1
rearing,18148,18145,18148,3
climbing,18195,18148,18195,47
trotting,18232,18195,18232,37
sniffing,18233,18232,18233,1
hunching,18337,18233,18337,104
rising,18445,18337,18445,108
sniffing,18497,18445,18497,52
climbing,18515,18497,18515,18
walking,18594,18515,18594,79
trotting,18646,18594,18646,52
walking,18666,18646,18666,20
sniffing,18692,18666,18692,26
stepping,18694,18692,18694,2
walking,18719,18694,18719,25
trotting,18751,18719,18751,32
walking,18752,18751,18752,1
sniffing,18768,18752,18768,16
stepping,18771,18768,18771,3
right_turning,18776,18771,18776,5
stepping,18797,18776,18797,21
sniffing,18848,18797,18848,51
rearing,18936,18848,18936,88
walking,18960,18936,18960,24
rising,19011,18960,19011,51
grooming,19203,19011,19203,192
stepping,19221,19203,19221,18
sniffing,19256,19221,19256,35
trotting,19276,19256,19276,20
sniffing,19281,19276,19281,5
grooming,19699,19281,19699,418
rising,19719,19699,19719,20
sniffing,19754,19719,19754,35
left_turning,19780,19754,19780,26
stepping,19803,19780,19803,23
rising,19841,19803,19841,38
rearing,19919,19841,19919,78
grooming,19936,19919,19936,17
rearing,19937,19936,19937,1
sniffing,19938,19937,19938,1
walking,19944,19938,19944,6
right_turning,19963,19944,19963,19
sniffing,20018,19963,20018,55
grooming,20019,20018,20019,1
rearing,20219,20019,20219,200
hunching,20400,20219,20400,181
grooming,20616,20400,20616,216
walking,20622,20616,20622,6
running,20639,20622,20639,17
walking,20664,20639,20664,25
rising,20665,20664,20665,1
sniffing,20743,20665,20743,78
walking,20746,20743,20746,3
stepping,20808,20746,20808,62
walking,20854,20808,20854,46
sniffing,20855,20854,20855,1
walking,20856,20855,20856,1
sniffing,20870,20856,20870,14
rising,20889,20870,20889,19
sniffing,20890,20889,20890,1
climbing,20921,20890,20921,31
left_turning,20947,20921,20947,26
walking,20956,20947,20956,9
stepping,21001,20956,21001,45
walking,21038,21001,21038,37
stepping,21045,21038,21045,7
walking,21083,21045,21083,38
grooming,21177,21083,21177,94
walking,21186,21177,21186,9
sniffing,21187,21186,21187,1
rising,21188,21187,21188,1
walking,21237,21188,21237,49
rising,21266,21237,21266,29
sniffing,21363,21266,21363,97
right_turning,21378,21363,21378,15
sniffing,21623,21378,21623,245
walking,21645,21623,21645,22
sniffing,21778,21645,21778,133
left_turning,21801,21778,21801,23
walking,21820,21801,21820,19
climbing,21851,21820,21851,31
sniffing,21874,21851,21874,23
stepping,21881,21874,21881,7
sniffing,21944,21881,21944,63
walking,21984,21944,21984,40
stepping,22044,21984,22044,60
walking,22047,22044,22047,3
rearing,22082,22047,22082,35
grooming,22283,22082,22283,201
left_turning,22299,22283,22299,16
walking,22364,22299,22364,65
rising,22415,22364,22415,51
grooming,22416,22415,22416,1
rearing,22417,22416,22417,1
rising,22454,22417,22454,37
grooming,22495,22454,22495,41
right_turning,22504,22495,22504,9
stepping,22554,22504,22554,50
climbing,22599,22554,22599,45
left_turning,22650,22599,22650,51
rising,22689,22650,22689,39
grooming,22737,22689,22737,48
hunching,22828,22737,22828,91
grooming,22829,22828,22829,1
rearing,22945,22829,22945,116
grooming,22946,22945,22946,1
rearing,23124,22946,23124,178
grooming,23125,23124,23125,1
hunching,23126,23125,23126,1
left_turning,23141,23126,23141,15
sniffing,23167,23141,23167,26
walking,23201,23167,23201,34
left_turning,23222,23201,23222,21
walking,23239,23222,23239,17
rising,23337,23239,23337,98
sniffing,23338,23337,23338,1
rising,23339,23338,23339,1
grooming,23409,23339,23409,70
hunching,23474,23409,23474,65
sniffing,23501,23474,23501,27
hunching,23598,23501,23598,97
stepping,23605,23598,23605,7
grooming,24135,23605,24135,530
rearing,24176,24135,24176,41
grooming,24512,24176,24512,336
climbing,24559,24512,24559,47
grooming,24734,24559,24734,175
rearing,24818,24734,24818,84
climbing,24857,24818,24857,39
rising,24900,24857,24900,43
sniffing,24908,24900,24908,8
rearing,24909,24908,24909,1
stepping,24934,24909,24934,25
sniffing,24946,24934,24946,12
grooming,25323,24946,25323,377
stepping,25362,25323,25362,39
climbing,25377,25362,25377,15
grooming,26130,25377,26130,753
trotting,26149,26130,26149,19
walking,26154,26149,26154,5
sniffing,26191,26154,26191,37
hunching,26240,26191,26240,49
grooming,26286,26240,26286,46
trotting,26336,26286,26336,50
left_turning,26379,26336,26379,43
rising,26504,26379,26504,125
right_turning,26536,26504,26536,32
trotting,26554,26536,26554,18
sniffing,26600,26554,26600,46
rising,26629,26600,26629,29
climbing,26687,26629,26687,58
left_turning,26703,26687,26703,16
walking,26723,26703,26723,20
right_turning,26759,26723,26759,36
sniffing,26760,26759,26760,1
rising,26808,26760,26808,48
grooming,26892,26808,26892,84
climbing,26916,26892,26916,24
walking,26955,26916,26955,39
right_turning,26979,26955,26979,24
sniffing,27033,26979,27033,54
grooming,27157,27033,27157,124
running,27192,27157,27192,35
walking,27200,27192,27200,8
stepping,27259,27200,27259,59
sniffing,27275,27259,27275,16
rising,27302,27275,27302,27
climbing,27415,27302,27415,113
grooming,27502,27415,27502,87
sniffing,27552,27502,27552,50
rising,27565,27552,27565,13
climbing,27615,27565,27615,50
grooming,27904,27615,27904,289
rearing,27905,27904,27905,1
grooming,28086,27905,28086,181
rearing,28087,28086,28087,1
grooming,28384,28087,28384,297
rearing,28532,28384,28532,148
hunching,28682,28532,28682,150
grooming,28851,28682,28851,169
right_turning,28861,28851,28861,10
stepping,28887,28861,28887,26
walking,28928,28887,28928,41
sniffing,28939,28928,28939,11
grooming,28940,28939,28940,1
sniffing,29068,28940,29068,128
trotting,29095,29068,29095,27
grooming,29322,29095,29322,227
sniffing,29354,29322,29354,32
rearing,29419,29354,29419,65
trotting,29455,29419,29455,36
walking,29474,29455,29474,19
sniffing,29519,29474,29519,45
grooming,29520,29519,29520,1
climbing,29537,29520,29537,17
sniffing,29558,29537,29558,21
stepping,29612,29558,29612,54
walking,29626,29612,29626,14
grooming,29627,29626,29627,1
hunching,29667,29627,29667,40
grooming,30101,29667,30101,434
scratching,30175,30101,30175,74
left_turning,30215,30175,30215,40
rising,30265,30215,30265,50
climbing,30323,30265,30323,58
grooming,30324,30323,30324,1
stepping,30363,30324,30363,39
rearing,30364,30363,30364,1
hunching,30365,30364,30365,1
sniffing,30410,30365,30410,45
trotting,30442,30410,30442,32
running,30484,30442,30484,42
stepping,30491,30484,30491,7
climbing,30498,30491,30498,7
right_turning,30518,30498,30518,20
climbing,30562,30518,30562,44
sniffing,30563,30562,30563,1
stepping,30582,30563,30582,19
left_turning,30605,30582,30605,23
sniffing,30618,30605,30618,13
rising,30653,30618,30653,35
walking,30671,30653,30671,18
sniffing,30695,30671,30695,24
rearing,30935,30695,30935,240
grooming,31263,30935,31263,328
rearing,31325,31263,31325,62
rising,31364,31325,31364,39
sniffing,31436,31364,31436,72
climbing,31460,31436,31460,24
stepping,31497,31460,31497,37
walking,31514,31497,31514,17
grooming,31515,31514,31515,1
right_turning,31518,31515,31518,3
stepping,31579,31518,31579,61
sniffing,31591,31579,31591,12
walking,31624,31591,31624,33
grooming,32191,31624,32191,567
hunching,32251,32191,32251,60
grooming,32252,32251,32252,1
rising,32253,32252,32253,1
grooming,32611,32253,32611,358
trotting,32624,32611,32624,13
walking,32636,32624,32636,12
sniffing,32642,32636,32642,6
rising,32677,32642,32677,35
sniffing,32678,32677,32678,1
rising,32700,32678,32700,22
climbing,32762,32700,32762,62
left_turning,32792,32762,32792,30
running,32827,32792,32827,35
climbing,32852,32827,32852,25
running,32890,32852,32890,38
sniffing,32891,32890,32891,1
grooming,32892,32891,32892,1
hunching,32987,32892,32987,95
grooming,33131,32987,33131,144
walking,33197,33131,33197,66
sniffing,33220,33197,33220,23
stepping,33280,33220,33280,60
grooming,33424,33280,33424,144
walking,33427,33424,33427,3
sniffing,33430,33427,33430,3
stepping,33471,33430,33471,41
walking,33489,33471,33489,18
stepping,33592,33489,33592,103
sniffing,33624,33592,33624,32
climbing,33649,33624,33649,25
left_turning,33698,33649,33698,49
climbing,33741,33698,33741,43
running,33773,33741,33773,32
trotting,33824,33773,33824,51
running,33854,33824,33854,30
trotting,33868,33854,33868,14
sniffing,33891,33868,33891,23
right_turning,33903,33891,33903,12
stepping,33943,33903,33943,40
climbing,34031,33943,34031,88
trotting,34033,34031,34033,2
sniffing,34079,34033,34079,46
trotting,34128,34079,34128,49
rising,34181,34128,34181,53
sniffing,34222,34181,34222,41
stepping,34233,34222,34233,11
rising,34313,34233,34313,80
sniffing,34396,34313,34396,83
rising,34460,34396,34460,64
grooming,34464,34460,34464,4
hunching,34527,34464,34527,63
rearing,34528,34527,34528,1
grooming,34738,34528,34738,210
walking,34746,34738,34746,8
sniffing,34833,34746,34833,87
climbing,34892,34833,34892,59
grooming,35002,34892,35002,110
left_turning,35003,35002,35003,1
stepping,35008,35003,35008,5
walking,35017,35008,35017,9
sniffing,35061,35017,35061,44
rearing,35240,35061,35240,179
sniffing,35323,35240,35323,83
walking,35335,35323,35335,12
stepping,35410,35335,35410,75
sniffing,35472,35410,35472,62
rising,35473,35472,35473,1
sniffing,35506,35473,35506,33
stepping,35518,35506,35518,12
sniffing,35531,35518,35531,13
rising,35536,35531,35536,5
walking,35579,35536,35579,43
sniffing,35592,35579,35592,13
walking,35613,35592,35613,21
rising,35614,35613,35614,1
walking,35658,35614,35658,44
sniffing,35724,35658,35724,66
left_turning,35756,35724,35756,32
stepping,35796,35756,35796,40
walking,35820,35796,35820,24
stepping,35841,35820,35841,21
hunching,35932,35841,35932,91
grooming,35933,35932,35933,1
sniffing,35934,35933,35934,1
rising,35935,35934,35935,1
sniffing,36116,35935,36116,181
stepping,36142,36116,36142,26
sniffing,36170,36142,36170,28
rising,36246,36170,36246,76
walking,36271,36246,36271,25
sniffing,36354,36271,36354,83
rising,36355,36354,36355,1
sniffing,36422,36355,36422,67
grooming,36950,36422,36950,528
sniffing,36951,36950,36951,1
trotting,37020,36951,37020,69
walking,37030,37020,37030,10
running,37075,37030,37075,45
stepping,37115,37075,37115,40
grooming,37116,37115,37116,1
hunching,37168,37116,37168,52
grooming,37377,37168,37377,209
sniffing,37399,37377,37399,22
rising,37400,37399,37400,1
climbing,37471,37400,37471,71
running,37486,37471,37486,15
sniffing,37534,37486,37534,48
grooming,37760,37534,37760,226
rising,37805,37760,37805,45
climbing,37852,37805,37852,47
sniffing,37853,37852,37853,1
rising,37895,37853,37895,42
sniffing,37896,37895,37896,1
grooming,37897,37896,37897,1
rearing,38028,37897,38028,131
grooming,38029,38028,38029,1
sniffing,38060,38029,38060,31
walking,38107,38060,38107,47
rearing,38126,38107,38126,19
left_turning,38147,38126,38147,21
rising,38377,38147,38377,230
walking,38402,38377,38402,25
right_turning,38414,38402,38414,12
walking,38435,38414,38435,21
sniffing,38517,38435,38517,82
rising,38549,38517,38549,32
grooming,38550,38549,38550,1
walking,38562,38550,38562,12
rising,38583,38562,38583,21
rearing,38604,38583,38604,21
stepping,38615,38604,38615,11
walking,38684,38615,38684,69
stepping,38706,38684,38706,22
sniffing,38736,38706,38736,30
walking,38747,38736,38747,11
sniffing,38803,38747,38803,56
grooming,38804,38803,38804,1
rearing,38922,38804,38922,118
climbing,38960,38922,38960,38
rising,38994,38960,38994,34
grooming,39536,38994,39536,542
sniffing,39576,39536,39576,40
right_turning,39610,39576,39610,34
sniffing,39615,39610,39615,5
walking,39644,39615,39644,29
sniffing,39673,39644,39673,29
stepping,39700,39673,39700,27
sniffing,39780,39700,39780,80
stepping,39862,39780,39862,82
sniffing,39877,39862,39877,15
stepping,39892,39877,39892,15
sniffing,39916,39892,39916,24
rising,39926,39916,39926,10
climbing,39954,39926,39954,28
left_turning,39998,39954,39998,44
rising,40030,39998,40030,32
walking,40063,40030,40063,33
grooming,40064,40063,40064,1
left_turning,40065,40064,40065,1
walking,40077,40065,40077,12
stepping,40087,40077,40087,10
rearing,40088,40087,40088,1
hunching,40144,40088,40144,56
grooming,40150,40144,40150,6
sniffing,40195,40150,40195,45
rearing,40347,40195,40347,152
grooming,40386,40347,40386,39
trotting,40408,40386,40408,22
running,40420,40408,40420,12
sniffing,40427,40420,40427,7
grooming,40562,40427,40562,135
trotting,40568,40562,40568,6
walking,40600,40568,40600,32
sniffing,40692,40600,40692,92
grooming,40975,40692,40975,283
left_turning,41004,40975,41004,29
stepping,41018,41004,41018,14
grooming,41752,41018,41752,734
stepping,41796,41752,41796,44
sniffing,41851,41796,41851,55
stepping,41881,41851,41881,30
sniffing,41933,41881,41933,52
stepping,41958,41933,41958,25
rearing,42104,41958,42104,146
grooming,42230,42104,42230,126
sniffing,42243,42230,42243,13
walking,42318,42243,42318,75
sniffing,42328,42318,42328,10
climbing,42414,42328,42414,86
rearing,42512,42414,42512,98
stepping,42531,42512,42531,19
climbing,42548,42531,42548,17
trotting,42573,42548,42573,25
left_turning,42574,42573,42574,1
walking,42596,42574,42596,22
stepping,42625,42596,42625,29
sniffing,42693,42625,42693,68
walking,42694,42693,42694,1
sniffing,42709,42694,42709,15
grooming,42770,42709,42770,61
hunching,42786,42770,42786,16
rearing,42797,42786,42797,11
grooming,43321,42797,43321,524
rearing,43325,43321,43325,4
grooming,43498,43325,43498,173
walking,43518,43498,43518,20
sniffing,43586,43518,43586,68
walking,43607,43586,43607,21
running,43627,43607,43627,20
sniffing,43628,43627,43628,1
trotting,43648,43628,43648,20
sniffing,43649,43648,43649,1
stepping,43652,43649,43652,3
sniffing,43693,43652,43693,41
grooming,43731,43693,43731,38
stepping,43739,43731,43739,8
sniffing,43749,43739,43749,10
climbing,43787,43749,43787,38
grooming,44353,43787,44353,566
climbing,44366,44353,44366,13
rearing,44459,44366,44459,93
grooming,44677,44459,44677,218
stepping,44691,44677,44691,14
grooming,44839,44691,44839,148
rearing,44927,44839,44927,88
hunching,45000,44927,45000,73
grooming,45089,45000,45089,89
sniffing,45121,45089,45121,32
stepping,45122,45121,45122,1
sniffing,45123,45122,45123,1
rising,45124,45123,45124,1
left_turning,45174,45124,45174,50
walking,45200,45174,45200,26
sniffing,45328,45200,45328,128
stepping,45350,45328,45350,22
sniffing,45368,45350,45368,18
stepping,45383,45368,45383,15
walking,45389,45383,45389,6
trotting,45421,45389,45421,32
sniffing,45422,45421,45422,1
stepping,45468,45422,45468,46
walking,45510,45468,45510,42
stepping,45526,45510,45526,16
right_turning,45546,45526,45546,20
trotting,45567,45546,45567,21
walking,45590,45567,45590,23
sniffing,45616,45590,45616,26
rising,45617,45616,45617,1
rearing,45618,45617,45618,1
hunching,45744,45618,45744,126
grooming,45839,45744,45839,95
walking,45868,45839,45868,29
sniffing,46030,45868,46030,162
trotting,46064,46030,46064,34
walking,46085,46064,46085,21
grooming,47292,46085,47292,1207
rearing,47295,47292,47295,3
hunching,47393,47295,47393,98
sniffing,47394,47393,47394,1
rising,47440,47394,47440,46
climbing,47468,47440,47468,28
running,47482,47468,47482,14
stepping,47568,47482,47568,86
sniffing,47590,47568,47590,22
left_turning,47610,47590,47610,20
walking,47633,47610,47633,23
sniffing,47648,47633,47648,15
rising,47649,47648,47649,1
walking,47654,47649,47654,5
grooming,47666,47654,47666,12
hunching,47704,47666,47704,38
rearing,47785,47704,47785,81
grooming,47846,47785,47846,61
rearing,47895,47846,47895,49
climbing,47913,47895,47913,18
grooming,47914,47913,47914,1
sniffing,47945,47914,47945,31
walking,47965,47945,47965,20
sniffing,47977,47965,47977,12
hunching,48044,47977,48044,67
rearing,48054,48044,48054,10
grooming,48305,48054,48305,251
left_turning,48306,48305,48306,1
walking,48338,48306,48338,32
stepping,48371,48338,48371,33
sniffing,48433,48371,48433,62
walking,48460,48433,48460,27
sniffing,48498,48460,48498,38
walking,48556,48498,48556,58
sniffing,48557,48556,48557,1
rising,48603,48557,48603,46
grooming,48680,48603,48680,77
rearing,48762,48680,48762,82
grooming,49647,48762,49647,885
climbing,49648,49647,49648,1
running,49660,49648,49660,12
walking,49684,49660,49684,24
rising,49685,49684,49685,1
sniffing,49792,49685,49792,107
grooming,50001,49792,50001,209
sniffing,50012,50001,50012,11
rising,50044,50012,50044,32
grooming,50318,50044,50318,274
sniffing,50319,50318,50319,1
walking,50358,50319,50358,39
sniffing,50359,50358,50359,1
rising,50422,50359,50422,63
climbing,50425,50422,50425,3
grooming,50426,50425,50426,1
stepping,50481,50426,50481,55
walking,50509,50481,50509,28
rearing,50552,50509,50552,43
sniffing,50580,50552,50580,28
walking,50642,50580,50642,62
running,50685,50642,50685,43
walking,50706,50685,50706,21
stepping,50741,50706,50741,35
walking,50784,50741,50784,43
stepping,50825,50784,50825,41
sniffing,50881,50825,50881,56
rising,50920,50881,50920,39
sniffing,51052,50920,51052,132
left_turning,51101,51052,51101,49
walking,51114,51101,51114,13
trotting,51144,51114,51144,30
sniffing,51189,51144,51189,45
trotting,51217,51189,51217,28
walking,51234,51217,51234,17
running,51260,51234,51260,26
sniffing,51286,51260,51286,26
right_turning,51308,51286,51308,22
walking,51333,51308,51333,25
left_turning,51334,51333,51334,1
walking,51352,51334,51352,18
left_turning,51353,51352,51353,1
stepping,51380,51353,51380,27
walking,51418,51380,51418,38
sniffing,51455,51418,51455,37
right_turning,51464,51455,51464,9
walking,51488,51464,51488,24
rising,51579,51488,51579,91
rearing,51591,51579,51591,12
grooming,51592,51591,51592,1
walking,51608,51592,51608,16
sniffing,51680,51608,51680,72
rising,51710,51680,51710,30
left_turning,51749,51710,51749,39
sniffing,51848,51749,51848,99
walking,51849,51848,51849,1
running,51885,51849,51885,36
rising,51904,51885,51904,19
grooming,52330,51904,52330,426
right_turning,52353,52330,52353,23
trotting,52377,52353,52377,24
sniffing,52378,52377,52378,1
grooming,52393,52378,52393,15
climbing,52394,52393,52394,1
hunching,52395,52394,52395,1
grooming,52506,52395,52506,111
rearing,52559,52506,52559,53
left_turning,52599,52559,52599,40
rising,52632,52599,52632,33
sniffing,52633,52632,52633,1
walking,52680,52633,52680,47
sniffing,52681,52680,52681,1
stepping,52708,52681,52708,27
sniffing,52716,52708,52716,8
scratching,52728,52716,52728,12
right_turning,52796,52728,52796,68
walking,52841,52796,52841,45
sniffing,52852,52841,52852,11
climbing,52899,52852,52899,47
trotting,52937,52899,52937,38
stepping,52941,52937,52941,4
rising,52944,52941,52944,3
grooming,53131,52944,53131,187
stepping,53162,53131,53162,31
rising,53163,53162,53163,1
rearing,53204,53163,53204,41
sniffing,53269,53204,53269,65
right_turning,53306,53269,53306,37
sniffing,53363,53306,53363,57
left_turning,53426,53363,53426,63
sniffing,53499,53426,53499,73
stepping,53567,53499,53567,68
sniffing,53642,53567,53642,75
grooming,54211,53642,54211,569
sniffing,54242,54211,54242,31
right_turning,54254,54242,54254,12
rising,54260,54254,54260,6
climbing,54311,54260,54311,51
grooming,54312,54311,54312,1
sniffing,54377,54312,54377,65
rising,54615,54377,54615,238
rearing,54674,54615,54674,59
climbing,54682,54674,54682,8
grooming,54695,54682,54695,13
rising,54754,54695,54754,59
climbing,54782,54754,54782,28
grooming,54783,54782,54783,1
climbing,54824,54783,54824,41
left_turning,54852,54824,54852,28
walking,54863,54852,54863,11
sniffing,54889,54863,54889,26
right_turning,54893,54889,54893,4
rising,54894,54893,54894,1
climbing,54964,54894,54964,70
grooming,54972,54964,54972,8
rearing,54973,54972,54973,1
climbing,55000,54973,55000,27
trotting,55024,55000,55024,24
stepping,55049,55024,55049,25
rearing,55051,55049,55051,2
left_turning,55119,55051,55119,68
sniffing,55205,55119,55205,86
walking,55206,55205,55206,1
left_turning,55274,55206,55274,68
sniffing,55309,55274,55309,35
rearing,55310,55309,55310,1
sniffing,55550,55310,55550,240
right_turning,55567,55550,55567,17
walking,55602,55567,55602,35
left_turning,55672,55602,55672,70
sniffing,55720,55672,55720,48
left_turning,55733,55720,55733,13
trotting,55749,55733,55749,16
sniffing,55801,55749,55801,52
walking,55812,55801,55812,11
stepping,55828,55812,55828,16
rearing,55843,55828,55843,15
climbing,55896,55843,55896,53
trotting,55935,55896,55935,39
climbing,55969,55935,55969,34
jumping,55987,55969,55987,18
rearing,56103,55987,56103,116
grooming,56268,56103,56268,165
hunching,56278,56268,56278,10
grooming,56647,56278,56647,369
walking,56680,56647,56680,33
sniffing,56804,56680,56804,124
walking,56856,56804,56856,52
stepping,56892,56856,56892,36
sniffing,56904,56892,56904,12
left_turning,56928,56904,56928,24
stepping,56975,56928,56975,47
grooming,56976,56975,56976,1
hunching,57031,56976,57031,55
grooming,57540,57031,57540,509
walking,57562,57540,57562,22
grooming,57617,57562,57617,55
hunching,57635,57617,57635,18
grooming,57926,57635,57926,291
hunching,57989,57926,57989,63
grooming,58177,57989,58177,188
rising,58223,58177,58223,46
walking,58242,58223,58242,19
trotting,58264,58242,58264,22
walking,58289,58264,58289,25
stepping,58333,58289,58333,44
walking,58372,58333,58372,39
sniffing,58435,58372,58435,63
rearing,58436,58435,58436,1
climbing,58489,58436,58489,53
sniffing,58497,58489,58497,8
grooming,58498,58497,58498,1
hunching,58639,58498,58639,141
climbing,58698,58639,58698,59
rising,58699,58698,58699,1
stepping,58715,58699,58715,16
walking,58751,58715,58751,36
left_turning,58781,58751,58781,30
walking,58823,58781,58823,42
stepping,58848,58823,58848,25
hunching,58908,58848,58908,60
rearing,59034,58908,59034,126
walking,59036,59034,59036,2
stepping,59037,59036,59037,1
sniffing,59050,59037,59050,13
left_turning,59121,59050,59121,71
grooming,59313,59121,59313,192
rearing,59333,59313,59333,20
grooming,59401,59333,59401,68
rearing,59461,59401,59461,60
grooming,59659,59461,59659,198
sniffing,59736,59659,59736,77
walking,59747,59736,59747,11
sniffing,59826,59747,59826,79
climbing,59878,59826,59878,52
running,59899,59878,59899,21
right_turning,59928,59899,59928,29
sniffing,60079,59928,60079,151
stepping,60094,60079,60094,15
sniffing,60269,60094,60269,175
stepping,60339,60269,60339,70
rising,60394,60339,60394,55
rearing,60446,60394,60446,52
walking,60463,60446,60463,17
sniffing,60501,60463,60501,38
stepping,60539,60501,60539,38
walking,60563,60539,60563,24
sniffing,60600,60563,60600,37
climbing,60635,60600,60635,35
sniffing,60666,60635,60666,31
stepping,60699,60666,60699,33
grooming,60700,60699,60700,1
sniffing,60714,60700,60714,14
trotting,60736,60714,60736,22
grooming,60872,60736,60872,136
rising,60886,60872,60886,14
sniffing,60922,60886,60922,36
rising,60923,60922,60923,1
walking,60939,60923,60939,16
rearing,60952,60939,60952,13
rising,60973,60952,60973,21
left_turning,61009,60973,61009,36
walking,61024,61009,61024,15
trotting,61066,61024,61066,42
climbing,61086,61066,61086,20
rising,61099,61086,61099,13
climbing,61150,61099,61150,51
sniffing,61151,61150,61151,1
climbing,61175,61151,61175,24
left_turning,61196,61175,61196,21
walking,61220,61196,61220,24
stepping,61247,61220,61247,27
grooming,61470,61247,61470,223
walking,61484,61470,61484,14
sniffing,61566,61484,61566,82
right_turning,61611,61566,61611,45
sniffing,61632,61611,61632,21
stepping,61655,61632,61655,23
walking,61656,61655,61656,1
sniffing,61691,61656,61691,35
stepping,61725,61691,61725,34
right_turning,61726,61725,61726,1
walking,61727,61726,61727,1
sniffing,61791,61727,61791,64
trotting,61812,61791,61812,21
walking,61826,61812,61826,14
sniffing,61893,61826,61893,67
stepping,62007,61893,62007,114
sniffing,62065,62007,62065,58
grooming,62167,62065,62167,102
rising,62189,62167,62189,22
stepping,62200,62189,62200,11
sniffing,62326,62200,62326,126
rearing,62391,62326,62391,65
grooming,62664,62391,62664,273
rearing,62756,62664,62756,92
grooming,62883,62756,62883,127
walking,62912,62883,62912,29
right_turning,62949,62912,62949,37
walking,63046,62949,63046,97
sniffing,63047,63046,63047,1
trotting,63069,63047,63069,22
sniffing,63294,63069,63294,225
walking,63318,63294,63318,24
climbing,63323,63318,63323,5
right_turning,63324,63323,63324,1
sniffing,63369,63324,63369,45
rising,63375,63369,63375,6
climbing,63395,63375,63395,20
grooming,63463,63395,63463,68
hunching,63508,63463,63508,45
rearing,63509,63508,63509,1
grooming,63600,63509,63600,91
rising,63616,63600,63616,16
rearing,63717,63616,63717,101
sniffing,63742,63717,63742,25
climbing,63752,63742,63752,10
rearing,63769,63752,63769,17
hunching,63770,63769,63770,1
left_turning,63820,63770,63820,50
sniffing,63821,63820,63821,1
walking,63847,63821,63847,26
stepping,63883,63847,63883,36
hunching,64071,63883,64071,188
grooming,64204,64071,64204,133
rising,64215,64204,64215,11
rearing,64241,64215,64241,26
climbing,64255,64241,64255,14
grooming,64555,64255,64555,300
rearing,64556,64555,64556,1
sniffing,64602,64556,64602,46
scratching,64692,64602,64692,90
left_turning,64722,64692,64722,30
scratching,64798,64722,64798,76
stepping,64842,64798,64842,44
climbing,64894,64842,64894,52
left_turning,64905,64894,64905,11
grooming,64906,64905,64906,1
sniffing,64956,64906,64956,50
right_turning,64981,64956,64981,25
running,65014,64981,65014,33
stepping,65035,65014,65035,21
sniffing,65068,65035,65068,33
walking,65159,65068,65159,91
sniffing,65246,65159,65246,87
rising,65251,65246,65251,5
climbing,65342,65251,65342,91
rearing,65463,65342,65463,121
grooming,65652,65463,65652,189
sniffing,65698,65652,65698,46
rearing,65705,65698,65705,7
left_turning,65785,65705,65785,80
running,65807,65785,65807,22
stepping,65873,65807,65873,66
rising,65908,65873,65908,35
rearing,65909,65908,65909,1
grooming,65958,65909,65958,49
left_turning,65970,65958,65970,12
running,65987,65970,65987,17
sniffing,65988,65987,65988,1
stepping,66030,65988,66030,42
climbing,66061,66030,66061,31
grooming,66062,66061,66062,1
sniffing,66134,66062,66134,72
stepping,66155,66134,66155,21
grooming,66337,66155,66337,182
left_turning,66352,66337,66352,15
sniffing,66475,66352,66475,123
stepping,66489,66475,66489,14
climbing,66539,66489,66539,50
stepping,66560,66539,66560,21
rising,66579,66560,66579,19
rearing,66621,66579,66621,42
grooming,66820,66621,66820,199
rising,66832,66820,66832,12
climbing,66833,66832,66833,1
running,66845,66833,66845,12
trotting,66886,66845,66886,41
walking,66916,66886,66916,30
right_turning,66940,66916,66940,24
walking,66965,66940,66965,25
stepping,66977,66965,66977,12
trotting,67017,66977,67017,40
walking,67056,67017,67056,39
rising,67057,67056,67057,1
stepping,67096,67057,67096,39
sniffing,67118,67096,67118,22
walking,67128,67118,67128,10
sniffing,67153,67128,67153,25
stepping,67296,67153,67296,143
sniffing,67395,67296,67395,99
walking,67439,67395,67439,44
sniffing,67440,67439,67440,1
right_turning,67472,67440,67472,32
sniffing,67587,67472,67587,115
left_turning,67588,67587,67588,1
trotting,67614,67588,67614,26
walking,67647,67614,67647,33
right_turning,67666,67647,67666,19
stepping,67696,67666,67696,30
walking,67741,67696,67741,45
stepping,67758,67741,67758,17
walking,67766,67758,67766,8
sniffing,67845,67766,67845,79
grooming,67846,67845,67846,1
hunching,67926,67846,67926,80
grooming,68230,67926,68230,304
hunching,68327,68230,68327,97
grooming,68811,68327,68811,484
left_turning,68812,68811,68812,1
trotting,68840,68812,68840,28
walking,68877,68840,68877,37
rising,68929,68877,68929,52
climbing,69034,68929,69034,105
trotting,69076,69034,69076,42
climbing,69126,69076,69126,50
left_turning,69142,69126,69142,16
trotting,69184,69142,69184,42
walking,69257,69184,69257,73
stepping,69294,69257,69294,37
sniffing,69358,69294,69358,64
walking,69402,69358,69402,44
stepping,69424,69402,69424,22
grooming,69464,69424,69464,40
walking,69502,69464,69502,38
climbing,69609,69502,69609,107
walking,69671,69609,69671,62
right_turning,69677,69671,69677,6
sniffing,69804,69677,69804,127
walking,69805,69804,69805,1
stepping,69856,69805,69856,51
sniffing,69857,69856,69857,1
stepping,69873,69857,69873,16
walking,69908,69873,69908,35
sniffing,69909,69908,69909,1
stepping,69911,69909,69911,2
sniffing,69951,69911,69951,40
rising,70006,69951,70006,55
sniffing,70213,70006,70213,207
stepping,70279,70213,70279,66
sniffing,70330,70279,70330,51
rearing,70337,70330,70337,7
climbing,70354,70337,70354,17
rearing,70378,70354,70378,24
sniffing,70417,70378,70417,39
rising,70419,70417,70419,2
climbing,70467,70419,70467,48
grooming,70518,70467,70518,51
sniffing,70600,70518,70600,82
walking,70652,70600,70652,52
trotting,70673,70652,70673,21
sniffing,70735,70673,70735,62
climbing,70787,70735,70787,52
walking,70824,70787,70824,37
sniffing,70878,70824,70878,54
grooming,71085,70878,71085,207
walking,71090,71085,71090,5
stepping,71122,71090,71122,32
left_turning,71159,71122,71159,37
stepping,71168,71159,71168,9
sniffing,71220,71168,71220,52
right_turning,71234,71220,71234,14
sniffing,71296,71234,71296,62
walking,71342,71296,71342,46
stepping,71382,71342,71382,40
climbing,71412,71382,71412,30
rearing,71484,71412,71484,72
sniffing,71517,71484,71517,33
right_turning,71548,71517,71548,31
walking,71556,71548,71556,8
stepping,71567,71556,71567,11
rising,71584,71567,71584,17
rearing,71639,71584,71639,55
sniffing,71640,71639,71640,1
grooming,71641,71640,71641,1
climbing,71678,71641,71678,37
left_turning,71685,71678,71685,7
sniffing,71736,71685,71736,51
left_turning,71737,71736,71737,1
rearing,71738,71737,71738,1
grooming,71853,71738,71853,115
sniffing,71899,71853,71899,46
walking,71953,71899,71953,54
sniffing,72076,71953,72076,123
stepping,72092,72076,72092,16
grooming,72137,72092,72137,45
sniffing,72197,72137,72197,60
walking,72200,72197,72200,3
stepping,72231,72200,72231,31
sniffing,72262,72231,72262,31
rising,72282,72262,72282,20
rearing,72422,72282,72422,140
left_turning,72467,72422,72467,45
walking,72470,72467,72470,3
sniffing,72483,72470,72483,13
stepping,72489,72483,72489,6
sniffing,72490,72489,72490,1
walking,72499,72490,72499,9
grooming,72654,72499,72654,155
rising,72689,72654,72689,35
sniffing,72721,72689,72721,32
walking,72735,72721,72735,14
stepping,72754,72735,72754,19
sniffing,72755,72754,72755,1
walking,72780,72755,72780,25
sniffing,72793,72780,72793,13
rising,72794,72793,72794,1
climbing,72818,72794,72818,24
stepping,72873,72818,72873,55
rising,72945,72873,72945,72
climbing,72984,72945,72984,39
grooming,72985,72984,72985,1
scratching,73013,72985,73013,28
grooming,73014,73013,73014,1
sniffing,73093,73014,73093,79
rearing,73115,73093,73115,22
walking,73151,73115,73151,36
sniffing,73189,73151,73189,38
right_turning,73193,73189,73193,4
walking,73217,73193,73217,24
stepping,73222,73217,73222,5
walking,73260,73222,73260,38
stepping,73262,73260,73262,2
sniffing,73365,73262,73365,103
stepping,73422,73365,73422,57
trotting,73445,73422,73445,23
walking,73460,73445,73460,15
sniffing,73514,73460,73514,54
stepping,73533,73514,73533,19
walking,73553,73533,73553,20
sniffing,73619,73553,73619,66
walking,73635,73619,73635,16
sniffing,73640,73635,73640,5
rising,73720,73640,73720,80
climbing,73777,73720,73777,57
grooming,73778,73777,73778,1
hunching,73837,73778,73837,59
grooming,74054,73837,74054,217
rearing,74137,74054,74137,83
grooming,74138,74137,74138,1
left_turning,74219,74138,74219,81
walking,74296,74219,74296,77
jumping,74382,74296,74382,86
grooming,74678,74382,74678,296
hunching,74679,74678,74679,1
grooming,74843,74679,74843,164
rearing,74844,74843,74844,1
sniffing,74878,74844,74878,34
left_turning,74879,74878,74879,1
climbing,74910,74879,74910,31
trotting,74940,74910,74940,30
stepping,75019,74940,75019,79
walking,75031,75019,75031,12
sniffing,75063,75031,75063,32
rising,75087,75063,75087,24
climbing,75092,75087,75092,5
right_turning,75106,75092,75106,14
stepping,75139,75106,75139,33
sniffing,75140,75139,75140,1
walking,75169,75140,75169,29
sniffing,75191,75169,75191,22
stepping,75238,75191,75238,47
left_turning,75278,75238,75278,40
walking,75287,75278,75287,9
sniffing,75326,75287,75326,39
walking,75350,75326,75350,24
running,75371,75350,75371,21
walking,75391,75371,75391,20
sniffing,75448,75391,75448,57
walking,75468,75448,75468,20
stepping,75519,75468,75519,51
sniffing,75622,75519,75622,103
left_turning,75677,75622,75677,55
grooming,75893,75677,75893,216
left_turning,75943,75893,75943,50
sniffing,75944,75943,75944,1
right_turning,75955,75944,75955,11
sniffing,75977,75955,75977,22
walking,76010,75977,76010,33
sniffing,76032,76010,76032,22
right_turning,76033,76032,76033,1
walking,76051,76033,76051,18
sniffing,76151,76051,76151,100
walking,76167,76151,76167,16
sniffing,76173,76167,76173,6
grooming,76226,76173,76226,53
walking,76233,76226,76233,7
sniffing,76265,76233,76265,32
trotting,76276,76265,76276,11
walking,76300,76276,76300,24
stepping,76311,76300,76311,11
sniffing,76455,76311,76455,144
walking,76521,76455,76521,66
stepping,76550,76521,76550,29
sniffing,76562,76550,76562,12
left_turning,76613,76562,76613,51
walking,76623,76613,76623,10
right_turning,76625,76623,76625,2
stepping,76662,76625,76662,37
rising,76686,76662,76686,24
sniffing,76740,76686,76740,54
walking,76749,76740,76749,9
trotting,76789,76749,76789,40
sniffing,76810,76789,76810,21
walking,76856,76810,76856,46
sniffing,76894,76856,76894,38
grooming,77140,76894,77140,246
running,77179,77140,77179,39
trotting,77227,77179,77227,48
stepping,77273,77227,77273,46
sniffing,77294,77273,77294,21
rising,77337,77294,77337,43
sniffing,77382,77337,77382,45
grooming,77431,77382,77431,49
sniffing,77454,77431,77454,23
left_turning,77523,77454,77523,69
sniffing,77614,77523,77614,91
walking,77631,77614,77631,17
sniffing,77688,77631,77688,57
grooming,77689,77688,77689,1
rearing,77690,77689,77690,1
sniffing,77750,77690,77750,60
walking,77834,77750,77834,84
stepping,77854,77834,77854,20
sniffing,77931,77854,77931,77
rising,77932,77931,77932,1
rearing,77974,77932,77974,42
grooming,77975,77974,77975,1
sniffing,77981,77975,77981,6
stepping,78010,77981,78010,29
sniffing,78022,78010,78022,12
left_turning,78031,78022,78031,9
running,78070,78031,78070,39
sniffing,78093,78070,78093,23
stepping,78106,78093,78106,13
sniffing,78107,78106,78107,1
stepping,78144,78107,78144,37
sniffing,78312,78144,78312,168
scratching,78421,78312,78421,109
walking,78467,78421,78467,46
running,78484,78467,78484,17
stepping,78544,78484,78544,60
trotting,78562,78544,78562,18
sniffing,78743,78562,78743,181
stepping,78758,78743,78758,15
rearing,78855,78758,78855,97
grooming,78856,78855,78856,1
climbing,78925,78856,78925,69
grooming,79005,78925,79005,80
scratching,79142,79005,79142,137
sniffing,79208,79142,79208,66
trotting,79240,79208,79240,32
rearing,79241,79240,79241,1
climbing,79258,79241,79258,17
rearing,79522,79258,79522,264
grooming,79679,79522,79679,157
rearing,79687,79679,79687,8
grooming,79688,79687,79688,1
sniffing,79698,79688,79698,10
right_turning,79706,79698,79706,8
stepping,79765,79706,79765,59
walking,79784,79765,79784,19
stepping,79797,79784,79797,13
rising,79830,79797,79830,33
sniffing,79853,79830,79853,23
rising,79915,79853,79915,62
jumping,79916,79915,79916,1
grooming,79988,79916,79988,72
climbing,80038,79988,80038,50
rising,80043,80038,80043,5
rearing,80047,80043,80047,4
hunching,80079,80047,80079,32
rearing,80135,80079,80135,56
climbing,80153,80135,80153,18
left_turning,80163,80153,80163,10
stepping,80203,80163,80203,40
rising,80219,80203,80219,16
sniffing,80226,80219,80226,7
walking,80290,80226,80290,64
sniffing,80360,80290,80360,70
stepping,80394,80360,80394,34
sniffing,80439,80394,80439,45
stepping,80459,80439,80459,20
rearing,80491,80459,80491,32
grooming,80968,80491,80968,477
rearing,81094,80968,81094,126
grooming,81157,81094,81157,63
sniffing,81218,81157,81218,61
walking,81240,81218,81240,22
stepping,81254,81240,81254,14
rising,81270,81254,81270,16
stepping,81304,81270,81304,34
rearing,81305,81304,81305,1
grooming,81411,81305,81411,106
stepping,81422,81411,81422,11
sniffing,81469,81422,81469,47
right_turning,81479,81469,81479,10
stepping,81523,81479,81523,44
sniffing,81563,81523,81563,40
walking,81574,81563,81574,11
sniffing,81617,81574,81617,43
pausing,81697,81617,81697,80
sniffing,81764,81697,81764,67
walking,81765,81764,81765,1
stepping,81820,81765,81820,55
walking,81821,81820,81821,1
stepping,81834,81821,81834,13
rearing,81857,81834,81857,23
trotting,81876,81857,81876,19
sniffing,81877,81876,81877,1
climbing,81913,81877,81913,36
grooming,81914,81913,81914,1
sniffing,81933,81914,81933,19
running,81971,81933,81971,38
rearing,81973,81971,81973,2
climbing,82030,81973,82030,57
walking,82036,82030,82036,6
stepping,82093,82036,82093,57
rising,82145,82093,82145,52
stepping,82185,82145,82185,40
sniffing,82335,82185,82335,150
stepping,82345,82335,82345,10
trotting,82365,82345,82365,20
walking,82366,82365,82366,1
climbing,82387,82366,82387,21
right_turning,82394,82387,82394,7
walking,82398,82394,82398,4
rising,82461,82398,82461,63
rearing,82543,82461,82543,82
sniffing,82544,82543,82544,1
left_turning,82564,82544,82564,20
walking,82600,82564,82600,36
sniffing,82619,82600,82619,19
scratching,82646,82619,82646,27
grooming,82741,82646,82741,95
rearing,82892,82741,82892,151
rising,82923,82892,82923,31
climbing,82969,82923,82969,46
walking,82998,82969,82998,29
sniffing,82999,82998,82999,1
walking,83007,82999,83007,8
stepping,83084,83007,83084,77
sniffing,83107,83084,83107,23
grooming,83291,83107,83291,184
rearing,83348,83291,83348,57
grooming,83349,83348,83349,1
rising,83393,83349,83393,44
climbing,83485,83393,83485,92
grooming,83535,83485,83535,50
sniffing,83649,83535,83649,114
grooming,83656,83649,83656,7
stepping,83724,83656,83724,68
grooming,83725,83724,83725,1
hunching,83772,83725,83772,47
grooming,83815,83772,83815,43
sniffing,83830,83815,83830,15
stepping,83833,83830,83833,3
walking,83867,83833,83867,34
sniffing,83881,83867,83881,14
hunching,83945,83881,83945,64
rearing,84000,83945,84000,55
hunching,84024,84000,84024,24
rearing,84031,84024,84031,7
hunching,84113,84031,84113,82
climbing,84156,84113,84156,43
running,84172,84156,84172,16
stepping,84173,84172,84173,1
walking,84259,84173,84259,86
sniffing,84295,84259,84295,36
stepping,84336,84295,84336,41
sniffing,84337,84336,84337,1
rising,84387,84337,84387,50
left_turning,84436,84387,84436,49
grooming,84815,84436,84815,379
sniffing,84816,84815,84816,1
left_turning,84817,84816,84817,1
sniffing,84869,84817,84869,52
walking,84873,84869,84873,4
rising,84874,84873,84874,1
rearing,85262,84874,85262,388
climbing,85281,85262,85281,19
grooming,85391,85281,85391,110
rearing,85443,85391,85443,52
hunching,85522,85443,85522,79
grooming,85523,85522,85523,1
climbing,85561,85523,85561,38
stepping,85572,85561,85572,11
sniffing,85600,85572,85600,28
walking,85619,85600,85619,19
sniffing,85670,85619,85670,51
stepping,85672,85670,85672,2
grooming,86843,85672,86843,1171
sniffing,86847,86843,86847,4
grooming,87087,86847,87087,240
stepping,87138,87087,87138,51
sniffing,87219,87138,87219,81
walking,87263,87219,87263,44
sniffing,87318,87263,87318,55
left_turning,87347,87318,87347,29
sniffing,87348,87347,87348,1
walking,87349,87348,87349,1
stepping,87352,87349,87352,3
walking,87381,87352,87381,29
sniffing,87409,87381,87409,28
rising,87432,87409,87432,23
grooming,87657,87432,87657,225
hunching,87732,87657,87732,75
walking,87739,87732,87739,7
rising,87740,87739,87740,1
trotting,87795,87740,87795,55
climbing,87825,87795,87825,30
rising,87826,87825,87826,1
rearing,88029,87826,88029,203
sniffing,88030,88029,88030,1
grooming,88031,88030,88031,1
rising,88037,88031,88037,6
climbing,88103,88037,88103,66
hunching,88139,88103,88139,36
grooming,88140,88139,88140,1
sniffing,88141,88140,88141,1
left_turning,88152,88141,88152,11
grooming,88261,88152,88261,109
climbing,88326,88261,88326,65
grooming,88425,88326,88425,99
hunching,88488,88425,88488,63
climbing,88516,88488,88516,28
left_turning,88615,88516,88615,99
stepping,88664,88615,88664,49
walking,88674,88664,88674,10
climbing,88701,88674,88701,27
left_turning,88922,88701,88922,221
sniffing,88957,88922,88957,35
walking,89009,88957,89009,52
climbing,89069,89009,89069,60
rearing,89078,89069,89078,9
grooming,89484,89078,89484,406
rearing,89485,89484,89485,1
sniffing,89592,89485,89592,107
trotting,89615,89592,89615,23
rising,89640,89615,89640,25
rearing,89669,89640,89669,29
walking,89695,89669,89695,26
running,89713,89695,89713,18
stepping,89736,89713,89736,23
sniffing,89828,89736,89828,92
rising,89858,89828,89858,30
rearing,89926,89858,89926,68
walking,89941,89926,89941,15
sniffing,90051,89941,90051,110
walking,90072,90051,90072,21
sniffing,90094,90072,90094,22
climbing,90095,90094,90095,1
grooming,90096,90095,90096,1
walking,90098,90096,90098,2
stepping,90132,90098,90132,34
rearing,90133,90132,90133,1
rising,90184,90133,90184,51
climbing,90241,90184,90241,57
rising,90263,90241,90263,22
stepping,90272,90263,90272,9
sniffing,90289,90272,90289,17
grooming,90452,90289,90452,163
rearing,90522,90452,90522,70
stepping,90536,90522,90536,14
rising,90594,90536,90594,58
sniffing,90595,90594,90595,1
grooming,90596,90595,90596,1
stepping,90602,90596,90602,6
climbing,90657,90602,90657,55
rearing,90759,90657,90759,102
climbing,90787,90759,90787,28
grooming,91390,90787,91390,603
rising,91431,91390,91431,41
sniffing,91456,91431,91456,25
left_turning,91457,91456,91457,1
walking,91459,91457,91459,2
sniffing,91494,91459,91494,35
rearing,91505,91494,91505,11
grooming,91579,91505,91579,74
hunching,91580,91579,91580,1
climbing,91588,91580,91588,8
grooming,91657,91588,91657,69
walking,91658,91657,91658,1
trotting,91683,91658,91683,25
sniffing,91800,91683,91800,117
grooming,91801,91800,91801,1
rising,91851,91801,91851,50
rearing,91892,91851,91892,41
climbing,91928,91892,91928,36
rising,91945,91928,91945,17
climbing,91971,91945,91971,26
left_turning,91984,91971,91984,13
walking,92039,91984,92039,55
sniffing,92195,92039,92195,156
stepping,92252,92195,92252,57
sniffing,92268,92252,92268,16
walking,92280,92268,92280,12
sniffing,92330,92280,92330,50
left_turning,92365,92330,92365,35
sniffing,92366,92365,92366,1
climbing,92428,92366,92428,62
walking,92456,92428,92456,28
sniffing,92487,92456,92487,31
rising,92505,92487,92505,18
climbing,92518,92505,92518,13
rearing,92573,92518,92573,55
stepping,92592,92573,92592,19
rising,92668,92592,92668,76
grooming,92669,92668,92669,1
rising,92736,92669,92736,67
climbing,92781,92736,92781,45
trotting,92785,92781,92785,4
sniffing,92902,92785,92902,117
stepping,92940,92902,92940,38
right_turning,92945,92940,92945,5
running,92947,92945,92947,2
walking,92951,92947,92951,4
stepping,92990,92951,92990,39
walking,93001,92990,93001,11
sniffing,93107,93001,93107,106
climbing,93150,93107,93150,43
rearing,93196,93150,93196,46
rising,93282,93196,93282,86
rearing,93425,93282,93425,143
rising,93501,93425,93501,76
sniffing,93509,93501,93509,8
walking,93620,93509,93620,111
stepping,93658,93620,93658,38
rising,93669,93658,93669,11
stepping,93711,93669,93711,42
walking,93735,93711,93735,24
sniffing,93821,93735,93821,86
left_turning,93825,93821,93825,4
stepping,93878,93825,93878,53
rearing,93945,93878,93945,67
grooming,93946,93945,93946,1
trotting,93983,93946,93983,37
stepping,93984,93983,93984,1
rearing,93985,93984,93985,1
rising,94004,93985,94004,19
sniffing,94024,94004,94024,20
hunching,94070,94024,94070,46
rearing,94225,94070,94225,155
left_turning,94256,94225,94256,31
stepping,94275,94256,94275,19
sniffing,94291,94275,94291,16
stepping,94316,94291,94316,25
climbing,94331,94316,94331,15
trotting,94338,94331,94338,7
walking,94342,94338,94342,4
sniffing,94346,94342,94346,4
stepping,94359,94346,94359,13
sniffing,94410,94359,94410,51
grooming,94411,94410,94411,1
climbing,94451,94411,94451,40
left_turning,94464,94451,94464,13
grooming,94642,94464,94642,178
climbing,94685,94642,94685,43
running,94727,94685,94727,42
climbing,94785,94727,94785,58
left_turning,94801,94785,94801,16
trotting,94821,94801,94821,20
stepping,94828,94821,94828,7
rearing,94829,94828,94829,1
climbing,94846,94829,94846,17
sniffing,94853,94846,94853,7
stepping,94867,94853,94867,14
climbing,94883,94867,94883,16
stepping,94902,94883,94902,19
sniffing,94962,94902,94962,60
grooming,95144,94962,95144,182
rearing,95145,95144,95145,1
grooming,95202,95145,95202,57
sniffing,95299,95202,95299,97
rearing,95333,95299,95333,34
left_turning,95336,95333,95336,3
sniffing,95347,95336,95347,11
scratching,95348,95347,95348,1
grooming,95349,95348,95349,1
rising,95352,95349,95352,3
sniffing,95438,95352,95438,86
stepping,95493,95438,95493,55
rising,95528,95493,95528,35
climbing,95549,95528,95549,21
rising,95568,95549,95568,19
grooming,95612,95568,95612,44
rearing,95656,95612,95656,44
hunching,95725,95656,95725,69
left_turning,95746,95725,95746,21
walking,95793,95746,95793,47
sniffing,95810,95793,95810,17
walking,95835,95810,95835,25
running,95849,95835,95849,14
walking,95868,95849,95868,19
trotting,95887,95868,95887,19
stepping,95898,95887,95898,11
right_turning,95917,95898,95917,19
walking,95942,95917,95942,25
sniffing,96006,95942,96006,64
trotting,96021,96006,96021,15
sniffing,96064,96021,96064,43
walking,96106,96064,96106,42
trotting,96114,96106,96114,8
stepping,96128,96114,96128,14
walking,96132,96128,96132,4
stepping,96133,96132,96133,1
climbing,96176,96133,96176,43
walking,96247,96176,96247,71
climbing,96268,96247,96268,21
running,96288,96268,96288,20
stepping,96318,96288,96318,30
walking,96331,96318,96331,13
stepping,96332,96331,96332,1
rearing,96333,96332,96333,1
stepping,96382,96333,96382,49
walking,96417,96382,96417,35
sniffing,96481,96417,96481,64
stepping,96482,96481,96482,1
sniffing,96483,96482,96483,1
grooming,96484,96483,96484,1
rearing,96514,96484,96514,30
stepping,96550,96514,96550,36
climbing,96601,96550,96601,51
rearing,96651,96601,96651,50
grooming,96652,96651,96652,1
rising,96669,96652,96669,17
walking,96771,96669,96771,102
sniffing,96831,96771,96831,60
stepping,96879,96831,96879,48
sniffing,96971,96879,96971,92
grooming,96972,96971,96972,1
scratching,96973,96972,96973,1
grooming,96974,96973,96974,1
walking,96997,96974,96997,23
sniffing,96998,96997,96998,1
rising,97025,96998,97025,27
climbing,97072,97025,97072,47
walking,97112,97072,97112,40
sniffing,97148,97112,97148,36
climbing,97157,97148,97157,9
sniffing,97215,97157,97215,58
left_turning,97250,97215,97250,35
sniffing,97328,97250,97328,78
right_turning,97340,97328,97340,12
climbing,97359,97340,97359,19
walking,97428,97359,97428,69
sniffing,97468,97428,97468,40
grooming,97538,97468,97538,70
rearing,97552,97538,97552,14
sniffing,97593,97552,97593,41
stepping,97606,97593,97606,13
rising,97625,97606,97625,19
rearing,97633,97625,97633,8
sniffing,97669,97633,97669,36
walking,97726,97669,97726,57
sniffing,97790,97726,97790,64
walking,97791,97790,97791,1
rearing,97864,97791,97864,73
sniffing,98243,97864,98243,379
left_turning,98244,98243,98244,1
sniffing,98273,98244,98273,29
right_turning,98287,98273,98287,14
walking,98326,98287,98326,39
rising,98327,98326,98327,1
sniffing,98379,98327,98379,52
left_turning,98459,98379,98459,80
walking,98482,98459,98482,23
sniffing,98495,98482,98495,13
stepping,98522,98495,98522,27
climbing,98548,98522,98548,26
rearing,98557,98548,98557,9
rising,98583,98557,98583,26
grooming,98728,98583,98728,145
rearing,98729,98728,98729,1
grooming,99633,98729,99633,904
rearing,99722,99633,99722,89
rising,99723,99722,99723,1
rearing,99917,99723,99917,194
sniffing,99944,99917,99944,27
grooming,100119,99944,100119,175
left_turning,100142,100119,100142,23
sniffing,100143,100142,100143,1
grooming,100144,100143,100144,1
rearing,100268,100144,100268,124
sniffing,100269,100268,100269,1
rising,100270,100269,100270,1
sniffing,100302,100270,100302,32
stepping,100348,100302,100348,46
sniffing,100400,100348,100400,52
grooming,100401,100400,100401,1
left_turning,100407,100401,100407,6
rising,100455,100407,100455,48
rearing,100556,100455,100556,101
grooming,100729,100556,100729,173
rearing,100730,100729,100730,1
running,100757,100730,100757,27
trotting,100782,100757,100782,25
walking,100817,100782,100817,35
stepping,100889,100817,100889,72
sniffing,100894,100889,100894,5
stepping,100931,100894,100931,37
sniffing,100963,100931,100963,32
stepping,100968,100963,100968,5
rearing,100969,100968,100969,1
grooming,100970,100969,100970,1
rearing,100971,100970,100971,1
grooming,100972,100971,100972,1
left_turning,100973,100972,100973,1
sniffing,101029,100973,101029,56
rising,101131,101029,101131,102
grooming,101215,101131,101215,84
climbing,101273,101215,101273,58
walking,101359,101273,101359,86
sniffing,101387,101359,101387,28
stepping,101394,101387,101394,7
sniffing,101448,101394,101448,54
walking,101456,101448,101456,8
trotting,101488,101456,101488,32
jumping,101514,101488,101514,26
rearing,101515,101514,101515,1
hunching,101576,101515,101576,61
grooming,102049,101576,102049,473
left_turning,102072,102049,102072,23
sniffing,102073,102072,102073,1
walking,102088,102073,102088,15
sniffing,102098,102088,102098,10
walking,102133,102098,102133,35
stepping,102147,102133,102147,14
sniffing,102185,102147,102185,38
rising,102188,102185,102188,3
left_turning,102212,102188,102212,24
running,102234,102212,102234,22
walking,102243,102234,102243,9
sniffing,102340,102243,102340,97
stepping,102342,102340,102342,2
sniffing,102439,102342,102439,97
stepping,102480,102439,102480,41
sniffing,102509,102480,102509,29
hunching,102596,102509,102596,87
grooming,102935,102596,102935,339
rising,102936,102935,102936,1
climbing,102937,102936,102937,1
rearing,102997,102937,102997,60
rising,103043,102997,103043,46
sniffing,103113,103043,103113,70
rearing,103165,103113,103165,52
grooming,103392,103165,103392,227
sniffing,103456,103392,103456,64
grooming,103457,103456,103457,1
sniffing,103458,103457,103458,1
rising,103565,103458,103565,107
sniffing,103598,103565,103598,33
walking,103627,103598,103627,29
stepping,103650,103627,103650,23
sniffing,103658,103650,103658,8
rising,103659,103658,103659,1
left_turning,103693,103659,103693,34
sniffing,103701,103693,103701,8
rising,103703,103701,103703,2
sniffing,103856,103703,103856,153
scratching,103895,103856,103895,39
sniffing,103900,103895,103900,5
hunching,103988,103900,103988,88
rising,103989,103988,103989,1
rearing,104071,103989,104071,82
hunching,104086,104071,104086,15
rearing,104417,104086,104417,331
grooming,104694,104417,104694,277
rearing,104695,104694,104695,1
sniffing,104696,104695,104696,1
left_turning,104722,104696,104722,26
walking,104741,104722,104741,19
stepping,104803,104741,104803,62
sniffing,104905,104803,104905,102
walking,104939,104905,104939,34
sniffing,104942,104939,104942,3
stepping,104981,104942,104981,39
left_turning,105010,104981,105010,29
walking,105044,105010,105044,34
sniffing,105119,105044,105119,75
walking,105170,105119,105170,51
right_turning,105190,105170,105190,20
stepping,105207,105190,105207,17
rearing,105292,105207,105292,85
grooming,105293,105292,105293,1
stepping,105297,105293,105297,4
sniffing,105342,105297,105342,45
right_turning,105357,105342,105357,15
walking,105406,105357,105406,49
stepping,105423,105406,105423,17
rising,105424,105423,105424,1
sniffing,105504,105424,105504,80
rearing,105652,105504,105652,148
stepping,105700,105652,105700,48
sniffing,105750,105700,105750,50
left_turning,105767,105750,105767,17
climbing,105853,105767,105853,86
walking,105872,105853,105872,19
sniffing,105885,105872,105885,13
rising,105886,105885,105886,1
rearing,106004,105886,106004,118
stepping,106038,106004,106038,34
rearing,106050,106038,106050,12
grooming,106051,106050,106051,1
rearing,106101,106051,106101,50
grooming,106102,106101,106102,1
rearing,106103,106102,106103,1
grooming,106968,106103,106968,865
sniffing,106995,106968,106995,27
grooming,106998,106995,106998,3
rising,107018,106998,107018,20
climbing,107084,107018,107084,66
grooming,107085,107084,107085,1
trotting,107105,107085,107105,20
sniffing,107133,107105,107133,28
left_turning,107162,107133,107162,29
walking,107194,107162,107194,32
rising,107283,107194,107283,89
sniffing,107331,107283,107331,48
climbing,107349,107331,107349,18
grooming,107782,107349,107782,433
rising,107841,107782,107841,59
climbing,107891,107841,107891,50
left_turning,107942,107891,107942,51
grooming,108000,107942,108000,58
