revised_movement_label,segBoundary,segBoundary_start,segBoundary_end,length
walking,25,0,25,25
sniffing,96,25,96,71
left_turning,108,96,108,12
walking,182,108,182,74
sniffing,218,182,218,36
stepping,225,218,225,7
sniffing,302,225,302,77
rising,323,302,323,21
sniffing,562,323,562,239
stepping,568,562,568,6
sniffing,609,568,609,41
walking,670,609,670,61
sniffing,719,670,719,49
stepping,754,719,754,35
walking,774,754,774,20
trotting,802,774,802,28
walking,841,802,841,39
stepping,849,841,849,8
rising,854,849,854,5
sniffing,889,854,889,35
stepping,933,889,933,44
rising,993,933,993,60
grooming,994,993,994,1
rising,1048,994,1048,54
walking,1059,1048,1059,11
sniffing,1101,1059,1101,42
right_turning,1112,1101,1112,11
walking,1159,1112,1159,47
sniffing,1189,1159,1189,30
grooming,1658,1189,1658,469
rearing,1688,1658,1688,30
rising,1715,1688,1715,27
right_turning,1719,1715,1719,4
running,1751,1719,1751,32
sniffing,1775,1751,1775,24
walking,1846,1775,1846,71
left_turning,1865,1846,1865,19
rising,1867,1865,1867,2
grooming,1868,1867,1868,1
sniffing,1869,1868,1869,1
walking,1901,1869,1901,32
rising,1902,1901,1902,1
trotting,1924,1902,1924,22
sniffing,1930,1924,1930,6
running,1952,1930,1952,22
sniffing,2042,1952,2042,90
grooming,2248,2042,2248,206
rearing,2317,2248,2317,69
rising,2355,2317,2355,38
stepping,2410,2355,2410,55
rising,2430,2410,2430,20
grooming,3115,2430,3115,685
stepping,3132,3115,3132,17
sniffing,3152,3132,3152,20
rising,3188,3152,3188,36
climbing,3228,3188,3228,40
left_turning,3276,3228,3276,48
stepping,3317,3276,3317,41
rising,3372,3317,3372,55
rearing,3549,3372,3549,177
rising,3615,3549,3615,66
sniffing,3626,3615,3626,11
rearing,3644,3626,3644,18
right_turning,3656,3644,3656,12
rising,3657,3656,3657,1
trotting,3673,3657,3673,16
walking,3695,3673,3695,22
running,3708,3695,3708,13
sniffing,3783,3708,3783,75
grooming,3901,3783,3901,118
sniffing,3902,3901,3902,1
rising,3916,3902,3916,14
walking,3942,3916,3942,26
sniffing,4041,3942,4041,99
grooming,4186,4041,4186,145
hunching,4197,4186,4197,11
grooming,4262,4197,4262,65
hunching,4347,4262,4347,85
left_turning,4408,4347,4408,61
walking,4436,4408,4436,28
rising,4651,4436,4651,215
climbing,4662,4651,4662,11
grooming,4686,4662,4686,24
sniffing,4709,4686,4709,23
stepping,4721,4709,4721,12
sniffing,4859,4721,4859,138
walking,4874,4859,4874,15
sniffing,4893,4874,4893,19
walking,4910,4893,4910,17
stepping,4933,4910,4933,23
rising,4981,4933,4981,48
sniffing,5038,4981,5038,57
rising,5131,5038,5131,93
walking,5142,5131,5142,11
sniffing,5233,5142,5233,91
running,5248,5233,5248,15
trotting,5274,5248,5274,26
walking,5285,5274,5285,11
stepping,5331,5285,5331,46
sniffing,5344,5331,5344,13
rising,5345,5344,5345,1
trotting,5380,5345,5380,35
sniffing,5400,5380,5400,20
grooming,5712,5400,5712,312
walking,5722,5712,5722,10
sniffing,5749,5722,5749,27
stepping,5787,5749,5787,38
rising,5940,5787,5940,153
sniffing,5968,5940,5968,28
stepping,5995,5968,5995,27
rising,6022,5995,6022,27
sniffing,6064,6022,6064,42
left_turning,6096,6064,6096,32
sniffing,6139,6096,6139,43
stepping,6147,6139,6147,8
rearing,6148,6147,6148,1
rising,6149,6148,6149,1
sniffing,6221,6149,6221,72
stepping,6239,6221,6239,18
rising,6252,6239,6252,13
walking,6280,6252,6280,28
trotting,6315,6280,6315,35
walking,6333,6315,6333,18
sniffing,6340,6333,6340,7
stepping,6378,6340,6378,38
walking,6406,6378,6406,28
rising,6470,6406,6470,64
sniffing,6509,6470,6509,39
rising,6521,6509,6521,12
right_turning,6525,6521,6525,4
stepping,6539,6525,6539,14
sniffing,6573,6539,6573,34
walking,6582,6573,6582,9
trotting,6593,6582,6593,11
walking,6679,6593,6679,86
stepping,6704,6679,6704,25
sniffing,6709,6704,6709,5
rising,6877,6709,6877,168
stepping,6912,6877,6912,35
grooming,6913,6912,6913,1
rising,6946,6913,6946,33
stepping,6956,6946,6956,10
walking,7057,6956,7057,101
rising,7058,7057,7058,1
sniffing,7072,7058,7072,14
stepping,7104,7072,7104,32
walking,7137,7104,7137,33
sniffing,7138,7137,7138,1
stepping,7174,7138,7174,36
sniffing,7175,7174,7175,1
walking,7203,7175,7203,28
stepping,7225,7203,7225,22
sniffing,7271,7225,7271,46
stepping,7310,7271,7310,39
grooming,7402,7310,7402,92
right_turning,7427,7402,7427,25
sniffing,7470,7427,7470,43
walking,7490,7470,7490,20
sniffing,7550,7490,7550,60
rising,7551,7550,7551,1
grooming,7581,7551,7581,30
trotting,7600,7581,7600,19
grooming,7654,7600,7654,54
rearing,7746,7654,7746,92
walking,7768,7746,7768,22
rising,7807,7768,7807,39
sniffing,7831,7807,7831,24
walking,7897,7831,7897,66
sniffing,7938,7897,7938,41
grooming,7963,7938,7963,25
sniffing,7964,7963,7964,1
walking,7997,7964,7997,33
trotting,8025,7997,8025,28
rising,8158,8025,8158,133
trotting,8174,8158,8174,16
stepping,8203,8174,8203,29
walking,8247,8203,8247,44
trotting,8270,8247,8270,23
walking,8328,8270,8328,58
trotting,8363,8328,8363,35
walking,8436,8363,8436,73
sniffing,8482,8436,8482,46
left_turning,8487,8482,8487,5
running,8514,8487,8514,27
trotting,8517,8514,8517,3
rising,8540,8517,8540,23
grooming,8649,8540,8649,109
sniffing,8650,8649,8650,1
left_turning,8687,8650,8687,37
sniffing,8688,8687,8688,1
rearing,8709,8688,8709,21
grooming,8934,8709,8934,225
rising,8935,8934,8935,1
sniffing,8943,8935,8943,8
stepping,8966,8943,8966,23
sniffing,8972,8966,8972,6
rising,9017,8972,9017,45
hunching,9031,9017,9031,14
grooming,9333,9031,9333,302
rearing,9525,9333,9525,192
grooming,10109,9525,10109,584
hunching,10200,10109,10200,91
rearing,10631,10200,10631,431
rising,10671,10631,10671,40
rearing,10672,10671,10672,1
running,10749,10672,10749,77
stepping,10795,10749,10795,46
trotting,10806,10795,10806,11
walking,10825,10806,10825,19
stepping,10861,10825,10861,36
walking,10876,10861,10876,15
sniffing,10905,10876,10905,29
rising,10987,10905,10987,82
rearing,11101,10987,11101,114
climbing,11163,11101,11163,62
trotting,11207,11163,11207,44
walking,11248,11207,11248,41
rising,11431,11248,11431,183
sniffing,11442,11431,11442,11
grooming,12800,11442,12800,1358
hunching,12827,12800,12827,27
rearing,12879,12827,12879,52
grooming,12880,12879,12880,1
stepping,12982,12880,12982,102
rising,13076,12982,13076,94
sniffing,13145,13076,13145,69
walking,13165,13145,13165,20
running,13171,13165,13171,6
left_turning,13176,13171,13176,5
sniffing,13256,13176,13256,80
rearing,13298,13256,13298,42
grooming,13395,13298,13395,97
sniffing,13405,13395,13405,10
stepping,13431,13405,13431,26
trotting,13508,13431,13508,77
rising,13531,13508,13531,23
climbing,13570,13531,13570,39
left_turning,13577,13570,13577,7
walking,13578,13577,13578,1
left_turning,13611,13578,13611,33
climbing,13655,13611,13655,44
left_turning,13692,13655,13692,37
sniffing,13805,13692,13805,113
right_turning,13815,13805,13815,10
trotting,13842,13815,13842,27
rising,14028,13842,14028,186
sniffing,14043,14028,14043,15
left_turning,14063,14043,14063,20
walking,14093,14063,14093,30
sniffing,14157,14093,14157,64
climbing,14197,14157,14197,40
sniffing,14228,14197,14228,31
walking,14242,14228,14242,14
sniffing,14294,14242,14294,52
climbing,14311,14294,14311,17
grooming,14539,14311,14539,228
left_turning,14574,14539,14574,35
sniffing,14613,14574,14613,39
climbing,14634,14613,14634,21
right_turning,14644,14634,14644,10
stepping,14682,14644,14682,38
walking,14693,14682,14693,11
rising,14743,14693,14743,50
sniffing,14807,14743,14807,64
climbing,14846,14807,14846,39
left_turning,14901,14846,14901,55
sniffing,14909,14901,14909,8
grooming,15070,14909,15070,161
sniffing,15141,15070,15141,71
walking,15156,15141,15156,15
sniffing,15157,15156,15157,1
rearing,15175,15157,15175,18
grooming,15414,15175,15414,239
rearing,15421,15414,15421,7
grooming,15652,15421,15652,231
walking,15691,15652,15691,39
grooming,15716,15691,15716,25
right_turning,15731,15716,15731,15
walking,15734,15731,15734,3
trotting,15769,15734,15769,35
rearing,15804,15769,15804,35
hunching,15941,15804,15941,137
rising,16003,15941,16003,62
rearing,16095,16003,16095,92
grooming,16096,16095,16096,1
rearing,16097,16096,16097,1
hunching,16098,16097,16098,1
grooming,16132,16098,16132,34
running,16141,16132,16141,9
sniffing,16144,16141,16144,3
rising,16228,16144,16228,84
left_turning,16267,16228,16267,39
sniffing,16329,16267,16329,62
running,16344,16329,16344,15
stepping,16380,16344,16380,36
walking,16446,16380,16446,66
stepping,16447,16446,16447,1
walking,16458,16447,16458,11
sniffing,16477,16458,16477,19
rearing,16571,16477,16571,94
grooming,16629,16571,16629,58
trotting,16648,16629,16648,19
stepping,16681,16648,16681,33
trotting,16701,16681,16701,20
walking,16737,16701,16737,36
stepping,16758,16737,16758,21
sniffing,16769,16758,16769,11
stepping,16812,16769,16812,43
trotting,16840,16812,16840,28
grooming,16841,16840,16841,1
stepping,16867,16841,16867,26
sniffing,16909,16867,16909,42
stepping,16919,16909,16919,10
sniffing,16968,16919,16968,49
grooming,17630,16968,17630,662
sniffing,17677,17630,17677,47
climbing,17739,17677,17739,62
grooming,18007,17739,18007,268
sniffing,18034,18007,18034,27
left_turning,18040,18034,18040,6
stepping,18136,18040,18136,96
rising,18137,18136,18137,1
climbing,18181,18137,18181,44
trotting,18201,18181,18201,20
right_turning,18213,18201,18213,12
stepping,18279,18213,18279,66
sniffing,18291,18279,18291,12
left_turning,18333,18291,18333,42
sniffing,18355,18333,18355,22
grooming,18371,18355,18371,16
rearing,18425,18371,18425,54
rising,18440,18425,18440,15
climbing,18479,18440,18479,39
rearing,18480,18479,18480,1
stepping,18522,18480,18522,42
sniffing,18533,18522,18533,11
stepping,18560,18533,18560,27
walking,18567,18560,18567,7
sniffing,18615,18567,18615,48
walking,18635,18615,18635,20
stepping,18660,18635,18660,25
sniffing,18707,18660,18707,47
climbing,18757,18707,18757,50
grooming,19355,18757,19355,598
left_turning,19369,19355,19369,14
walking,19386,19369,19386,17
sniffing,19387,19386,19387,1
stepping,19422,19387,19422,35
walking,19445,19422,19445,23
stepping,19453,19445,19453,8
sniffing,19607,19453,19607,154
right_turning,19633,19607,19633,26
walking,19668,19633,19668,35
sniffing,19728,19668,19728,60
left_turning,19763,19728,19763,35
walking,19783,19763,19783,20
stepping,19801,19783,19801,18
rearing,19850,19801,19850,49
grooming,19906,19850,19906,56
hunching,19907,19906,19907,1
rearing,20084,19907,20084,177
climbing,20126,20084,20126,42
sniffing,20142,20126,20142,16
grooming,20893,20142,20893,751
hunching,20894,20893,20894,1
rearing,20895,20894,20895,1
grooming,20903,20895,20903,8
scratching,20978,20903,20978,75
grooming,21332,20978,21332,354
walking,21346,21332,21346,14
right_turning,21361,21346,21361,15
sniffing,21409,21361,21409,48
trotting,21451,21409,21451,42
sniffing,21508,21451,21508,57
grooming,21509,21508,21509,1
rearing,21709,21509,21709,200
grooming,21717,21709,21717,8
rearing,21727,21717,21727,10
rising,21742,21727,21742,15
climbing,21767,21742,21767,25
rising,21768,21767,21768,1
left_turning,21809,21768,21809,41
sniffing,21820,21809,21820,11
grooming,22582,21820,22582,762
hunching,22665,22582,22665,83
grooming,22666,22665,22666,1
hunching,22667,22666,22667,1
stepping,22687,22667,22687,20
trotting,22732,22687,22732,45
rising,22859,22732,22859,127
walking,22876,22859,22876,17
stepping,22907,22876,22907,31
walking,22919,22907,22919,12
stepping,22920,22919,22920,1
walking,22921,22920,22921,1
sniffing,22972,22921,22972,51
rising,22994,22972,22994,22
sniffing,23013,22994,23013,19
grooming,23014,23013,23014,1
hunching,23103,23014,23103,89
rearing,23104,23103,23104,1
grooming,23241,23104,23241,137
sniffing,23294,23241,23294,53
left_turning,23330,23294,23330,36
sniffing,23347,23330,23347,17
rearing,23362,23347,23362,15
climbing,23395,23362,23395,33
left_turning,23444,23395,23444,49
walking,23470,23444,23470,26
sniffing,23517,23470,23517,47
walking,23549,23517,23549,32
climbing,23574,23549,23574,25
stepping,23596,23574,23596,22
grooming,23736,23596,23736,140
rearing,23737,23736,23737,1
climbing,23827,23737,23827,90
sniffing,23839,23827,23839,12
right_turning,23859,23839,23859,20
trotting,23865,23859,23865,6
walking,23890,23865,23890,25
rearing,23916,23890,23916,26
left_turning,23952,23916,23952,36
grooming,24250,23952,24250,298
left_turning,24278,24250,24278,28
stepping,24323,24278,24323,45
climbing,24379,24323,24379,56
rearing,24380,24379,24380,1
climbing,24428,24380,24428,48
walking,24430,24428,24430,2
stepping,24485,24430,24485,55
climbing,24513,24485,24513,28
grooming,24514,24513,24514,1
rearing,24554,24514,24554,40
sniffing,24555,24554,24555,1
rising,24581,24555,24581,26
grooming,24682,24581,24682,101
rising,24684,24682,24684,2
walking,24695,24684,24695,11
stepping,24716,24695,24716,21
sniffing,24717,24716,24717,1
rising,24751,24717,24751,34
left_turning,24772,24751,24772,21
stepping,24820,24772,24820,48
sniffing,24857,24820,24857,37
walking,24886,24857,24886,29
sniffing,24922,24886,24922,36
walking,24947,24922,24947,25
left_turning,24975,24947,24975,28
grooming,25057,24975,25057,82
right_turning,25079,25057,25079,22
sniffing,25149,25079,25149,70
right_turning,25177,25149,25177,28
sniffing,25249,25177,25249,72
rising,25293,25249,25293,44
walking,25297,25293,25297,4
sniffing,25320,25297,25320,23
climbing,25341,25320,25341,21
trotting,25358,25341,25358,17
stepping,25369,25358,25369,11
walking,25384,25369,25384,15
stepping,25409,25384,25409,25
sniffing,25451,25409,25451,42
stepping,25477,25451,25477,26
left_turning,25478,25477,25478,1
sniffing,25526,25478,25526,48
grooming,25763,25526,25763,237
sniffing,25795,25763,25795,32
stepping,25805,25795,25805,10
sniffing,25839,25805,25839,34
rising,25844,25839,25844,5
stepping,25887,25844,25887,43
rearing,26039,25887,26039,152
climbing,26064,26039,26064,25
rearing,26143,26064,26143,79
grooming,26144,26143,26144,1
sniffing,26159,26144,26159,15
walking,26196,26159,26196,37
sniffing,26254,26196,26254,58
grooming,26387,26254,26387,133
sniffing,26388,26387,26388,1
grooming,26452,26388,26452,64
walking,26466,26452,26466,14
sniffing,26475,26466,26475,9
rising,26489,26475,26489,14
sniffing,26543,26489,26543,54
left_turning,26580,26543,26580,37
walking,26581,26580,26581,1
stepping,26593,26581,26593,12
sniffing,26594,26593,26594,1
stepping,26610,26594,26610,16
walking,26627,26610,26627,17
sniffing,26731,26627,26731,104
walking,26788,26731,26788,57
right_turning,26808,26788,26808,20
trotting,26833,26808,26833,25
walking,26876,26833,26876,43
grooming,26897,26876,26897,21
climbing,26900,26897,26900,3
sniffing,26909,26900,26909,9
rising,26954,26909,26954,45
stepping,26958,26954,26958,4
grooming,27728,26958,27728,770
running,27782,27728,27782,54
climbing,27813,27782,27813,31
stepping,27833,27813,27833,20
grooming,28087,27833,28087,254
left_turning,28095,28087,28095,8
grooming,28115,28095,28115,20
rearing,28200,28115,28200,85
hunching,28349,28200,28349,149
left_turning,28372,28349,28372,23
running,28411,28372,28411,39
walking,28503,28411,28503,92
rising,28533,28503,28533,30
climbing,28573,28533,28573,40
right_turning,28597,28573,28597,24
walking,28624,28597,28624,27
rearing,28636,28624,28636,12
grooming,28637,28636,28637,1
rearing,28638,28637,28638,1
rising,28639,28638,28639,1
hunching,28660,28639,28660,21
grooming,28661,28660,28661,1
trotting,28681,28661,28681,20
running,28714,28681,28714,33
walking,28736,28714,28736,22
sniffing,28771,28736,28771,35
left_turning,28830,28771,28830,59
walking,28831,28830,28831,1
grooming,29332,28831,29332,501
hunching,29368,29332,29368,36
rearing,29387,29368,29387,19
stepping,29427,29387,29427,40
walking,29442,29427,29442,15
sniffing,29482,29442,29482,40
stepping,29500,29482,29500,18
rearing,29532,29500,29532,32
hunching,29561,29532,29561,29
rearing,29673,29561,29673,112
hunching,29775,29673,29775,102
grooming,29776,29775,29776,1
rising,29777,29776,29777,1
rearing,29807,29777,29807,30
walking,29834,29807,29834,27
left_turning,29892,29834,29892,58
scratching,29958,29892,29958,66
grooming,30384,29958,30384,426
sniffing,30455,30384,30455,71
stepping,30482,30455,30482,27
rearing,30483,30482,30483,1
grooming,30907,30483,30907,424
left_turning,30925,30907,30925,18
walking,30936,30925,30936,11
sniffing,30977,30936,30977,41
rising,31018,30977,31018,41
stepping,31024,31018,31024,6
hunching,31037,31024,31037,13
grooming,31038,31037,31038,1
trotting,31039,31038,31039,1
running,31070,31039,31070,31
stepping,31099,31070,31099,29
rising,31102,31099,31102,3
right_turning,31152,31102,31152,50
climbing,31198,31152,31198,46
grooming,31232,31198,31232,34
sniffing,31424,31232,31424,192
stepping,31461,31424,31461,37
trotting,31478,31461,31478,17
walking,31510,31478,31510,32
sniffing,31514,31510,31514,4
left_turning,31546,31514,31546,32
sniffing,31605,31546,31605,59
rearing,31606,31605,31606,1
grooming,31965,31606,31965,359
climbing,31980,31965,31980,15
rearing,31986,31980,31986,6
rising,32026,31986,32026,40
grooming,32055,32026,32055,29
left_turning,32117,32055,32117,62
sniffing,32322,32117,32322,205
walking,32349,32322,32349,27
trotting,32364,32349,32364,15
sniffing,32443,32364,32443,79
climbing,32481,32443,32481,38
rising,32498,32481,32498,17
left_turning,32501,32498,32501,3
stepping,32513,32501,32513,12
climbing,32525,32513,32525,12
grooming,32804,32525,32804,279
sniffing,32846,32804,32846,42
grooming,32850,32846,32850,4
hunching,32908,32850,32908,58
trotting,32936,32908,32936,28
rising,32959,32936,32959,23
climbing,32977,32959,32977,18
rearing,33072,32977,33072,95
rising,33107,33072,33107,35
sniffing,33309,33107,33309,202
walking,33333,33309,33333,24
stepping,33370,33333,33370,37
trotting,33380,33370,33380,10
rising,33397,33380,33397,17
sniffing,33422,33397,33422,25
grooming,33470,33422,33470,48
climbing,33529,33470,33529,59
trotting,33536,33529,33536,7
stepping,33541,33536,33541,5
grooming,33542,33541,33542,1
climbing,33602,33542,33602,60
grooming,33659,33602,33659,57
hunching,33679,33659,33679,20
trotting,33701,33679,33701,22
stepping,33720,33701,33720,19
running,33725,33720,33725,5
walking,33736,33725,33736,11
rearing,33776,33736,33776,40
climbing,33810,33776,33810,34
grooming,33811,33810,33811,1
hunching,33875,33811,33875,64
grooming,34088,33875,34088,213
sniffing,34113,34088,34113,25
walking,34147,34113,34147,34
sniffing,34216,34147,34216,69
rearing,34217,34216,34217,1
stepping,34250,34217,34250,33
rearing,34251,34250,34251,1
grooming,34252,34251,34252,1
climbing,34287,34252,34287,35
trotting,34334,34287,34334,47
walking,34366,34334,34366,32
sniffing,34367,34366,34367,1
rising,34395,34367,34395,28
sniffing,34409,34395,34409,14
rising,34417,34409,34417,8
rearing,34776,34417,34776,359
hunching,34794,34776,34794,18
grooming,34795,34794,34795,1
sniffing,34838,34795,34838,43
stepping,34839,34838,34839,1
rearing,34840,34839,34840,1
grooming,34885,34840,34885,45
left_turning,34922,34885,34922,37
sniffing,34986,34922,34986,64
grooming,35019,34986,35019,33
sniffing,35072,35019,35072,53
rising,35081,35072,35081,9
rearing,35120,35081,35120,39
hunching,35121,35120,35121,1
grooming,35122,35121,35122,1
stepping,35168,35122,35168,46
running,35203,35168,35203,35
sniffing,35368,35203,35368,165
grooming,35890,35368,35890,522
sniffing,35941,35890,35941,51
trotting,35988,35941,35988,47
stepping,36027,35988,36027,39
trotting,36069,36027,36069,42
sniffing,36098,36069,36098,29
walking,36138,36098,36138,40
sniffing,36153,36138,36153,15
left_turning,36204,36153,36204,51
grooming,36784,36204,36784,580
sniffing,36810,36784,36810,26
rising,36824,36810,36824,14
running,36858,36824,36858,34
sniffing,36903,36858,36903,45
climbing,36945,36903,36945,42
left_turning,37113,36945,37113,168
walking,37140,37113,37140,27
sniffing,37173,37140,37173,33
grooming,37263,37173,37263,90
climbing,37299,37263,37299,36
walking,37332,37299,37332,33
grooming,37373,37332,37373,41
walking,37379,37373,37379,6
trotting,37406,37379,37406,27
sniffing,37464,37406,37464,58
left_turning,37466,37464,37466,2
sniffing,37499,37466,37499,33
rising,37515,37499,37515,16
walking,37545,37515,37545,30
stepping,37550,37545,37550,5
grooming,37651,37550,37651,101
left_turning,37697,37651,37697,46
walking,37732,37697,37732,35
grooming,38339,37732,38339,607
sniffing,38344,38339,38344,5
stepping,38356,38344,38356,12
sniffing,38409,38356,38409,53
stepping,38410,38409,38410,1
sniffing,38485,38410,38485,75
left_turning,38511,38485,38511,26
walking,38547,38511,38547,36
stepping,38579,38547,38579,32
sniffing,38632,38579,38632,53
rearing,38780,38632,38780,148
grooming,38940,38780,38940,160
stepping,38941,38940,38941,1
rising,38982,38941,38982,41
rearing,39029,38982,39029,47
sniffing,39110,39029,39110,81
left_turning,39166,39110,39166,56
walking,39176,39166,39176,10
stepping,39200,39176,39200,24
sniffing,39229,39200,39229,29
left_turning,39279,39229,39279,50
walking,39306,39279,39306,27
rising,39325,39306,39325,19
sniffing,39358,39325,39358,33
grooming,39359,39358,39359,1
sniffing,39431,39359,39431,72
grooming,39553,39431,39553,122
scratching,39574,39553,39574,21
sniffing,39592,39574,39592,18
grooming,39668,39592,39668,76
stepping,39675,39668,39675,7
running,39676,39675,39676,1
sniffing,39729,39676,39729,53
walking,39730,39729,39730,1
sniffing,39791,39730,39791,61
rearing,39824,39791,39824,33
grooming,39825,39824,39825,1
rearing,39826,39825,39826,1
grooming,39940,39826,39940,114
rearing,39982,39940,39982,42
left_turning,39985,39982,39985,3
stepping,39990,39985,39990,5
trotting,40033,39990,40033,43
sniffing,40034,40033,40034,1
grooming,40131,40034,40131,97
walking,40153,40131,40153,22
stepping,40170,40153,40170,17
sniffing,40216,40170,40216,46
right_turning,40238,40216,40238,22
stepping,40263,40238,40263,25
sniffing,40315,40263,40315,52
stepping,40356,40315,40356,41
walking,40383,40356,40383,27
sniffing,40440,40383,40440,57
grooming,40588,40440,40588,148
climbing,40610,40588,40610,22
hunching,40781,40610,40781,171
grooming,41230,40781,41230,449
rearing,41289,41230,41289,59
hunching,41545,41289,41545,256
sniffing,41566,41545,41566,21
left_turning,41567,41566,41567,1
grooming,41568,41567,41568,1
hunching,41569,41568,41569,1
left_turning,41607,41569,41607,38
walking,41617,41607,41617,10
rearing,41644,41617,41644,27
stepping,41681,41644,41681,37
climbing,41753,41681,41753,72
left_turning,41800,41753,41800,47
sniffing,41972,41800,41972,172
left_turning,42013,41972,42013,41
sniffing,42035,42013,42035,22
trotting,42052,42035,42052,17
sniffing,42096,42052,42096,44
climbing,42225,42096,42225,129
sniffing,42252,42225,42252,27
rising,42302,42252,42302,50
hunching,42408,42302,42408,106
grooming,42409,42408,42409,1
rising,42410,42409,42410,1
grooming,42411,42410,42411,1
stepping,42483,42411,42483,72
grooming,42506,42483,42506,23
climbing,42529,42506,42529,23
walking,42601,42529,42601,72
stepping,42608,42601,42608,7
sniffing,42697,42608,42697,89
left_turning,42751,42697,42751,54
sniffing,42785,42751,42785,34
rearing,42864,42785,42864,79
hunching,42963,42864,42963,99
rearing,43072,42963,43072,109
grooming,43073,43072,43073,1
rearing,43074,43073,43074,1
climbing,43110,43074,43110,36
right_turning,43130,43110,43130,20
sniffing,43219,43130,43219,89
rising,43267,43219,43267,48
right_turning,43291,43267,43291,24
stepping,43292,43291,43292,1
sniffing,43293,43292,43293,1
trotting,43343,43293,43343,50
stepping,43354,43343,43354,11
grooming,43355,43354,43355,1
scratching,43408,43355,43408,53
walking,43424,43408,43424,16
rising,43446,43424,43446,22
climbing,43474,43446,43474,28
grooming,43648,43474,43648,174
trotting,43694,43648,43694,46
stepping,43699,43694,43699,5
walking,43709,43699,43709,10
right_turning,43710,43709,43710,1
stepping,43721,43710,43721,11
climbing,43758,43721,43758,37
grooming,44221,43758,44221,463
rearing,44544,44221,44544,323
climbing,44557,44544,44557,13
stepping,44586,44557,44586,29
running,44613,44586,44613,27
walking,44636,44613,44636,23
trotting,44647,44636,44647,11
climbing,44653,44647,44653,6
trotting,44683,44653,44683,30
stepping,44710,44683,44710,27
sniffing,44711,44710,44711,1
grooming,44884,44711,44884,173
rearing,44885,44884,44885,1
grooming,45089,44885,45089,204
rearing,45165,45089,45165,76
walking,45188,45165,45188,23
stepping,45204,45188,45204,16
walking,45212,45204,45212,8
sniffing,45213,45212,45213,1
grooming,45214,45213,45214,1
left_turning,45228,45214,45228,14
walking,45256,45228,45256,28
stepping,45304,45256,45304,48
grooming,45305,45304,45305,1
rising,45306,45305,45306,1
climbing,45383,45306,45383,77
left_turning,45405,45383,45405,22
sniffing,45406,45405,45406,1
walking,45439,45406,45439,33
rearing,45468,45439,45468,29
hunching,45469,45468,45469,1
grooming,45535,45469,45535,66
hunching,45536,45535,45536,1
rearing,45681,45536,45681,145
hunching,45682,45681,45682,1
walking,45715,45682,45715,33
sniffing,45798,45715,45798,83
rearing,45864,45798,45864,66
sniffing,45890,45864,45890,26
stepping,45910,45890,45910,20
walking,45924,45910,45924,14
sniffing,45996,45924,45996,72
walking,46018,45996,46018,22
sniffing,46044,46018,46044,26
rising,46261,46044,46261,217
rearing,46262,46261,46262,1
walking,46288,46262,46288,26
sniffing,46382,46288,46382,94
walking,46383,46382,46383,1
grooming,46452,46383,46452,69
hunching,46528,46452,46528,76
left_turning,46535,46528,46535,7
rising,46557,46535,46557,22
sniffing,46582,46557,46582,25
walking,46623,46582,46623,41
sniffing,46624,46623,46624,1
stepping,46646,46624,46646,22
running,46656,46646,46656,10
right_turning,46673,46656,46673,17
sniffing,46753,46673,46753,80
climbing,46784,46753,46784,31
walking,46798,46784,46798,14
trotting,46837,46798,46837,39
stepping,46852,46837,46852,15
rising,46856,46852,46856,4
grooming,46857,46856,46857,1
stepping,46881,46857,46881,24
sniffing,46893,46881,46893,12
walking,46911,46893,46911,18
right_turning,46972,46911,46972,61
walking,46985,46972,46985,13
right_turning,46992,46985,46992,7
trotting,47020,46992,47020,28
walking,47036,47020,47036,16
sniffing,47053,47036,47053,17
stepping,47071,47053,47071,18
rising,47129,47071,47129,58
rearing,47130,47129,47130,1
grooming,47152,47130,47152,22
scratching,47153,47152,47153,1
sniffing,47173,47153,47173,20
grooming,47254,47173,47254,81
sniffing,47271,47254,47271,17
right_turning,47286,47271,47286,15
sniffing,47375,47286,47375,89
grooming,47486,47375,47486,111
stepping,47499,47486,47499,13
rising,47523,47499,47523,24
sniffing,47524,47523,47524,1
left_turning,47546,47524,47546,22
walking,47570,47546,47570,24
grooming,48158,47570,48158,588
walking,48161,48158,48161,3
stepping,48162,48161,48162,1
running,48182,48162,48182,20
rising,48192,48182,48192,10
left_turning,48208,48192,48208,16
walking,48224,48208,48224,16
stepping,48249,48224,48249,25
sniffing,48304,48249,48304,55
stepping,48369,48304,48369,65
right_turning,48392,48369,48392,23
sniffing,48396,48392,48396,4
rising,48411,48396,48411,15
climbing,48419,48411,48419,8
grooming,48554,48419,48554,135
right_turning,48572,48554,48572,18
walking,48600,48572,48600,28
sniffing,48654,48600,48654,54
walking,48690,48654,48690,36
sniffing,48743,48690,48743,53
stepping,48779,48743,48779,36
climbing,48828,48779,48828,49
running,48864,48828,48864,36
grooming,49039,48864,49039,175
walking,49045,49039,49045,6
rearing,49046,49045,49046,1
left_turning,49094,49046,49094,48
sniffing,49118,49094,49118,24
walking,49139,49118,49139,21
stepping,49154,49139,49154,15
sniffing,49173,49154,49173,19
grooming,49283,49173,49283,110
right_turning,49286,49283,49286,3
trotting,49308,49286,49308,22
sniffing,49427,49308,49427,119
grooming,49587,49427,49587,160
rearing,49588,49587,49588,1
grooming,49743,49588,49743,155
rearing,49774,49743,49774,31
grooming,50219,49774,50219,445
rising,50316,50219,50316,97
left_turning,50336,50316,50336,20
rising,50384,50336,50384,48
climbing,50440,50384,50440,56
running,50459,50440,50459,19
sniffing,50460,50459,50460,1
left_turning,50522,50460,50522,62
sniffing,50538,50522,50538,16
rising,50539,50538,50539,1
sniffing,50603,50539,50603,64
stepping,50636,50603,50636,33
climbing,50654,50636,50654,18
walking,50700,50654,50700,46
sniffing,50736,50700,50736,36
grooming,51036,50736,51036,300
rearing,51072,51036,51072,36
climbing,51073,51072,51073,1
running,51088,51073,51088,15
jumping,51099,51088,51099,11
left_turning,51120,51099,51120,21
walking,51150,51120,51150,30
sniffing,51152,51150,51152,2
rising,51153,51152,51153,1
grooming,51295,51153,51295,142
rising,51321,51295,51321,26
climbing,51415,51321,51415,94
walking,51457,51415,51457,42
sniffing,51470,51457,51470,13
stepping,51511,51470,51511,41
sniffing,51517,51511,51517,6
walking,51541,51517,51541,24
running,51556,51541,51556,15
right_turning,51578,51556,51578,22
walking,51594,51578,51594,16
climbing,51627,51594,51627,33
sniffing,51628,51627,51628,1
stepping,51633,51628,51633,5
rising,51634,51633,51634,1
climbing,51681,51634,51681,47
sniffing,51734,51681,51734,53
left_turning,51807,51734,51807,73
walking,51824,51807,51824,17
stepping,51841,51824,51841,17
sniffing,51883,51841,51883,42
grooming,52462,51883,52462,579
left_turning,52492,52462,52492,30
sniffing,52493,52492,52493,1
walking,52524,52493,52524,31
sniffing,52578,52524,52578,54
left_turning,52608,52578,52608,30
grooming,52992,52608,52992,384
sniffing,53005,52992,53005,13
rising,53006,53005,53006,1
grooming,53452,53006,53452,446
left_turning,53509,53452,53509,57
sniffing,53556,53509,53556,47
grooming,53876,53556,53876,320
rising,53923,53876,53923,47
hunching,54173,53923,54173,250
grooming,54420,54173,54420,247
sniffing,54481,54420,54481,61
walking,54482,54481,54482,1
sniffing,54569,54482,54569,87
right_turning,54577,54569,54577,8
sniffing,54635,54577,54635,58
stepping,54666,54635,54666,31
rising,54667,54666,54667,1
sniffing,54789,54667,54789,122
rising,54821,54789,54821,32
climbing,54844,54821,54844,23
stepping,54858,54844,54858,14
walking,54881,54858,54881,23
sniffing,54891,54881,54891,10
walking,54979,54891,54979,88
stepping,54989,54979,54989,10
walking,55021,54989,55021,32
stepping,55033,55021,55033,12
sniffing,55042,55033,55042,9
walking,55084,55042,55084,42
stepping,55108,55084,55108,24
rising,55140,55108,55140,32
left_turning,55202,55140,55202,62
sniffing,55241,55202,55241,39
right_turning,55269,55241,55269,28
stepping,55275,55269,55275,6
right_turning,55298,55275,55298,23
running,55317,55298,55317,19
stepping,55361,55317,55361,44
climbing,55389,55361,55389,28
walking,55432,55389,55432,43
sniffing,55552,55432,55552,120
rising,55613,55552,55613,61
left_turning,55664,55613,55664,51
grooming,55880,55664,55880,216
stepping,55903,55880,55903,23
sniffing,55904,55903,55904,1
rising,55935,55904,55935,31
sniffing,56011,55935,56011,76
climbing,56017,56011,56017,6
left_turning,56018,56017,56018,1
walking,56078,56018,56078,60
right_turning,56117,56078,56117,39
trotting,56150,56117,56150,33
left_turning,56151,56150,56151,1
walking,56162,56151,56162,11
sniffing,56202,56162,56202,40
stepping,56203,56202,56203,1
walking,56236,56203,56236,33
rearing,56299,56236,56299,63
grooming,56541,56299,56541,242
stepping,56555,56541,56555,14
sniffing,56592,56555,56592,37
rising,56721,56592,56721,129
walking,56743,56721,56743,22
sniffing,56806,56743,56806,63
left_turning,56837,56806,56837,31
walking,56874,56837,56874,37
stepping,56875,56874,56875,1
rising,56876,56875,56876,1
sniffing,56898,56876,56898,22
walking,56981,56898,56981,83
stepping,56984,56981,56984,3
walking,56991,56984,56991,7
sniffing,57058,56991,57058,67
grooming,57271,57058,57271,213
rearing,57278,57271,57278,7
climbing,57334,57278,57334,56
walking,57360,57334,57360,26
sniffing,57480,57360,57480,120
rising,57509,57480,57509,29
left_turning,57541,57509,57541,32
walking,57554,57541,57554,13
stepping,57669,57554,57669,115
walking,57670,57669,57670,1
stepping,57693,57670,57693,23
rearing,57769,57693,57769,76
left_turning,57808,57769,57808,39
stepping,57823,57808,57823,15
sniffing,57910,57823,57910,87
hunching,57994,57910,57994,84
right_turning,58034,57994,58034,40
walking,58102,58034,58102,68
sniffing,58145,58102,58145,43
rising,58146,58145,58146,1
rearing,58200,58146,58200,54
sniffing,58286,58200,58286,86
rising,58297,58286,58297,11
stepping,58336,58297,58336,39
sniffing,58374,58336,58374,38
walking,58389,58374,58389,15
stepping,58412,58389,58412,23
walking,58451,58412,58451,39
stepping,58468,58451,58468,17
sniffing,58610,58468,58610,142
right_turning,58629,58610,58629,19
sniffing,58651,58629,58651,22
rising,58711,58651,58711,60
grooming,58712,58711,58712,1
sniffing,58851,58712,58851,139
rising,58902,58851,58902,51
hunching,58979,58902,58979,77
rearing,59002,58979,59002,23
climbing,59040,59002,59040,38
stepping,59058,59040,59058,18
walking,59078,59058,59078,20
stepping,59111,59078,59111,33
sniffing,59166,59111,59166,55
stepping,59185,59166,59185,19
rearing,59290,59185,59290,105
sniffing,59370,59290,59370,80
stepping,59425,59370,59425,55
climbing,59530,59425,59530,105
sniffing,59553,59530,59553,23
stepping,59576,59553,59576,23
walking,59588,59576,59588,12
sniffing,59643,59588,59643,55
stepping,59654,59643,59654,11
sniffing,59672,59654,59672,18
rising,59696,59672,59696,24
grooming,59856,59696,59856,160
stepping,59887,59856,59887,31
sniffing,59948,59887,59948,61
walking,59978,59948,59978,30
climbing,60014,59978,60014,36
trotting,60016,60014,60016,2
stepping,60037,60016,60037,21
sniffing,60038,60037,60038,1
right_turning,60055,60038,60055,17
sniffing,60136,60055,60136,81
right_turning,60180,60136,60180,44
sniffing,60181,60180,60181,1
stepping,60207,60181,60207,26
sniffing,60235,60207,60235,28
climbing,60282,60235,60282,47
grooming,60283,60282,60283,1
rearing,60433,60283,60433,150
grooming,60434,60433,60434,1
left_turning,60455,60434,60455,21
walking,60487,60455,60487,32
sniffing,60504,60487,60504,17
rising,60540,60504,60540,36
climbing,60555,60540,60555,15
grooming,60664,60555,60664,109
left_turning,60692,60664,60692,28
walking,60745,60692,60745,53
trotting,60772,60745,60772,27
sniffing,60850,60772,60850,78
left_turning,60914,60850,60914,64
walking,60915,60914,60915,1
sniffing,60992,60915,60992,77
left_turning,61062,60992,61062,70
sniffing,61098,61062,61098,36
rising,61132,61098,61132,34
stepping,61148,61132,61148,16
right_turning,61159,61148,61159,11
sniffing,61160,61159,61160,1
walking,61161,61160,61161,1
sniffing,61201,61161,61201,40
rising,61213,61201,61213,12
walking,61253,61213,61253,40
stepping,61282,61253,61282,29
grooming,61441,61282,61441,159
sniffing,61463,61441,61463,22
grooming,61464,61463,61464,1
running,61490,61464,61490,26
sniffing,61534,61490,61534,44
rising,61616,61534,61616,82
left_turning,61646,61616,61646,30
grooming,61789,61646,61789,143
climbing,61802,61789,61802,13
rearing,61867,61802,61867,65
grooming,62078,61867,62078,211
left_turning,62141,62078,62141,63
grooming,62142,62141,62142,1
left_turning,62156,62142,62156,14
trotting,62180,62156,62180,24
stepping,62193,62180,62193,13
sniffing,62294,62193,62294,101
rearing,62295,62294,62295,1
walking,62300,62295,62300,5
stepping,62338,62300,62338,38
left_turning,62416,62338,62416,78
sniffing,62519,62416,62519,103
walking,62538,62519,62538,19
right_turning,62572,62538,62572,34
stepping,62619,62572,62619,47
grooming,62620,62619,62620,1
scratching,62675,62620,62675,55
grooming,62784,62675,62784,109
stepping,62802,62784,62802,18
sniffing,62834,62802,62834,32
rearing,62835,62834,62835,1
climbing,62892,62835,62892,57
trotting,62900,62892,62900,8
stepping,62970,62900,62970,70
jumping,62997,62970,62997,27
stepping,63017,62997,63017,20
climbing,63070,63017,63070,53
stepping,63100,63070,63100,30
sniffing,63179,63100,63179,79
walking,63188,63179,63188,9
stepping,63196,63188,63196,8
sniffing,63389,63196,63389,193
rising,63408,63389,63408,19
grooming,64115,63408,64115,707
sniffing,64181,64115,64181,66
walking,64206,64181,64206,25
sniffing,64245,64206,64245,39
right_turning,64246,64245,64246,1
walking,64265,64246,64265,19
rearing,64308,64265,64308,43
walking,64309,64308,64309,1
grooming,64310,64309,64310,1
rearing,64441,64310,64441,131
hunching,64627,64441,64627,186
stepping,64663,64627,64663,36
sniffing,64664,64663,64664,1
grooming,64772,64664,64772,108
rising,64803,64772,64803,31
climbing,64833,64803,64833,30
trotting,64856,64833,64856,23
walking,64917,64856,64917,61
stepping,64918,64917,64918,1
rearing,64919,64918,64919,1
grooming,64920,64919,64920,1
rising,64963,64920,64963,43
climbing,65023,64963,65023,60
walking,65033,65023,65033,10
sniffing,65084,65033,65084,51
hunching,65122,65084,65122,38
left_turning,65137,65122,65137,15
rearing,65155,65137,65155,18
trotting,65185,65155,65185,30
walking,65218,65185,65218,33
stepping,65278,65218,65278,60
sniffing,65309,65278,65309,31
trotting,65362,65309,65362,53
stepping,65374,65362,65374,12
running,65395,65374,65395,21
rising,65410,65395,65410,15
stepping,65420,65410,65420,10
sniffing,65450,65420,65450,30
left_turning,65493,65450,65493,43
running,65511,65493,65511,18
trotting,65567,65511,65567,56
walking,65594,65567,65594,27
stepping,65602,65594,65602,8
sniffing,65653,65602,65653,51
right_turning,65696,65653,65696,43
walking,65717,65696,65717,21
sniffing,65806,65717,65806,89
rising,65863,65806,65863,57
sniffing,66016,65863,66016,153
rising,66017,66016,66017,1
climbing,66066,66017,66066,49
trotting,66076,66066,66076,10
grooming,66077,66076,66077,1
sniffing,66098,66077,66098,21
rising,66118,66098,66118,20
climbing,66179,66118,66179,61
rearing,66180,66179,66180,1
grooming,66181,66180,66181,1
hunching,66326,66181,66326,145
grooming,66327,66326,66327,1
rearing,66328,66327,66328,1
grooming,66461,66328,66461,133
left_turning,66486,66461,66486,25
stepping,66495,66486,66495,9
sniffing,66534,66495,66534,39
rising,66549,66534,66549,15
grooming,66668,66549,66668,119
rising,66714,66668,66714,46
rearing,66748,66714,66748,34
stepping,66775,66748,66775,27
sniffing,66806,66775,66806,31
grooming,66953,66806,66953,147
rearing,67007,66953,67007,54
grooming,67131,67007,67131,124
sniffing,67132,67131,67132,1
grooming,67224,67132,67224,92
walking,67269,67224,67269,45
trotting,67328,67269,67328,59
rising,67377,67328,67377,49
hunching,67458,67377,67458,81
left_turning,67524,67458,67524,66
sniffing,67543,67524,67543,19
grooming,67636,67543,67636,93
climbing,67711,67636,67711,75
grooming,67905,67711,67905,194
sniffing,67945,67905,67945,40
walking,67971,67945,67971,26
climbing,68004,67971,68004,33
rearing,68113,68004,68113,109
grooming,68359,68113,68359,246
rearing,68421,68359,68421,62
grooming,68942,68421,68942,521
stepping,68951,68942,68951,9
sniffing,68988,68951,68988,37
walking,69055,68988,69055,67
sniffing,69073,69055,69073,18
left_turning,69099,69073,69099,26
sniffing,69116,69099,69116,17
left_turning,69162,69116,69162,46
sniffing,69241,69162,69241,79
walking,69252,69241,69252,11
sniffing,69253,69252,69253,1
walking,69293,69253,69293,40
stepping,69307,69293,69307,14
sniffing,69330,69307,69330,23
stepping,69337,69330,69337,7
walking,69352,69337,69352,15
sniffing,69353,69352,69353,1
stepping,69371,69353,69371,18
trotting,69410,69371,69410,39
sniffing,69459,69410,69459,49
stepping,69515,69459,69515,56
running,69525,69515,69525,10
walking,69533,69525,69533,8
stepping,69534,69533,69534,1
sniffing,69561,69534,69561,27
grooming,69698,69561,69698,137
sniffing,69757,69698,69757,59
left_turning,69773,69757,69773,16
trotting,69784,69773,69784,11
stepping,69787,69784,69787,3
walking,69795,69787,69795,8
climbing,69877,69795,69877,82
running,69895,69877,69895,18
trotting,69941,69895,69941,46
walking,69973,69941,69973,32
sniffing,70051,69973,70051,78
rearing,70055,70051,70055,4
sniffing,70180,70055,70180,125
grooming,70435,70180,70435,255
rearing,70436,70435,70436,1
grooming,70437,70436,70437,1
walking,70462,70437,70462,25
sniffing,70473,70462,70473,11
rising,70474,70473,70474,1
rearing,70505,70474,70505,31
grooming,70560,70505,70560,55
sniffing,70575,70560,70575,15
trotting,70611,70575,70611,36
walking,70693,70611,70693,82
climbing,70723,70693,70723,30
right_turning,70725,70723,70725,2
sniffing,70736,70725,70736,11
trotting,70764,70736,70764,28
walking,70771,70764,70771,7
sniffing,70828,70771,70828,57
walking,70852,70828,70852,24
climbing,70915,70852,70915,63
left_turning,70957,70915,70957,42
stepping,70986,70957,70986,29
sniffing,71017,70986,71017,31
running,71034,71017,71034,17
trotting,71048,71034,71048,14
stepping,71076,71048,71076,28
sniffing,71078,71076,71078,2
scratching,71079,71078,71079,1
grooming,71122,71079,71122,43
running,71154,71122,71154,32
walking,71191,71154,71191,37
sniffing,71263,71191,71263,72
walking,71285,71263,71285,22
sniffing,71323,71285,71323,38
left_turning,71324,71323,71324,1
trotting,71364,71324,71364,40
sniffing,71371,71364,71371,7
stepping,71472,71371,71472,101
grooming,71707,71472,71707,235
stepping,71708,71707,71708,1
sniffing,71709,71708,71709,1
rearing,71749,71709,71749,40
trotting,71801,71749,71801,52
walking,71814,71801,71814,13
stepping,71850,71814,71850,36
walking,71853,71850,71853,3
stepping,71889,71853,71889,36
grooming,71894,71889,71894,5
rearing,71902,71894,71902,8
stepping,71980,71902,71980,78
sniffing,72000,71980,72000,20
rearing,72028,72000,72028,28
walking,72119,72028,72119,91
sniffing,72436,72119,72436,317
climbing,72470,72436,72470,34
left_turning,72508,72470,72508,38
rising,72509,72508,72509,1
climbing,72535,72509,72535,26
grooming,72737,72535,72737,202
climbing,72805,72737,72805,68
grooming,73184,72805,73184,379
left_turning,73286,73184,73286,102
stepping,73302,73286,73302,16
walking,73310,73302,73310,8
stepping,73328,73310,73328,18
rising,73358,73328,73358,30
climbing,73374,73358,73374,16
stepping,73391,73374,73391,17
walking,73392,73391,73392,1
sniffing,73399,73392,73399,7
stepping,73412,73399,73412,13
sniffing,73447,73412,73447,35
rising,73503,73447,73503,56
rearing,73509,73503,73509,6
grooming,73581,73509,73581,72
right_turning,73606,73581,73606,25
sniffing,73641,73606,73641,35
walking,73681,73641,73681,40
sniffing,73726,73681,73726,45
rearing,73727,73726,73727,1
grooming,73767,73727,73767,40
running,73773,73767,73773,6
walking,73778,73773,73778,5
trotting,73813,73778,73813,35
walking,73830,73813,73830,17
sniffing,73878,73830,73878,48
right_turning,73901,73878,73901,23
stepping,73911,73901,73911,10
sniffing,73971,73911,73971,60
right_turning,73989,73971,73989,18
walking,73990,73989,73990,1
stepping,74013,73990,74013,23
sniffing,74017,74013,74017,4
left_turning,74033,74017,74033,16
sniffing,74056,74033,74056,23
stepping,74081,74056,74081,25
sniffing,74136,74081,74136,55
walking,74152,74136,74152,16
stepping,74203,74152,74203,51
walking,74217,74203,74217,14
sniffing,74218,74217,74218,1
grooming,74306,74218,74306,88
right_turning,74339,74306,74339,33
sniffing,74363,74339,74363,24
right_turning,74380,74363,74380,17
walking,74430,74380,74430,50
stepping,74442,74430,74442,12
walking,74443,74442,74443,1
rising,74459,74443,74459,16
sniffing,74525,74459,74525,66
walking,74540,74525,74540,15
stepping,74585,74540,74585,45
sniffing,74586,74585,74586,1
left_turning,74659,74586,74659,73
trotting,74666,74659,74666,7
stepping,74682,74666,74682,16
sniffing,74693,74682,74693,11
stepping,74731,74693,74731,38
rearing,74776,74731,74776,45
grooming,75041,74776,75041,265
sniffing,75090,75041,75090,49
stepping,75091,75090,75091,1
sniffing,75092,75091,75092,1
walking,75137,75092,75137,45
sniffing,75206,75137,75206,69
walking,75221,75206,75221,15
stepping,75275,75221,75275,54
climbing,75293,75275,75293,18
trotting,75346,75293,75346,53
sniffing,75471,75346,75471,125
left_turning,75472,75471,75472,1
walking,75497,75472,75497,25
running,75532,75497,75532,35
walking,75539,75532,75539,7
right_turning,75555,75539,75555,16
stepping,75581,75555,75581,26
sniffing,75649,75581,75649,68
climbing,75688,75649,75688,39
left_turning,75722,75688,75722,34
walking,75744,75722,75744,22
sniffing,75756,75744,75756,12
rising,75772,75756,75772,16
climbing,75798,75772,75798,26
sniffing,76062,75798,76062,264
left_turning,76087,76062,76087,25
grooming,76088,76087,76088,1
rearing,76089,76088,76089,1
rising,76100,76089,76100,11
climbing,76132,76100,76132,32
rearing,76159,76132,76159,27
left_turning,76184,76159,76184,25
sniffing,76215,76184,76215,31
grooming,77102,76215,77102,887
rising,77154,77102,77154,52
climbing,77210,77154,77210,56
rearing,77216,77210,77216,6
left_turning,77252,77216,77252,36
sniffing,77267,77252,77267,15
rearing,77390,77267,77390,123
grooming,77688,77390,77688,298
walking,77702,77688,77702,14
stepping,77741,77702,77741,39
walking,77742,77741,77742,1
climbing,77807,77742,77807,65
grooming,77808,77807,77808,1
hunching,77837,77808,77837,29
rearing,77861,77837,77861,24
left_turning,77917,77861,77917,56
walking,77961,77917,77961,44
sniffing,78040,77961,78040,79
stepping,78084,78040,78084,44
walking,78151,78084,78151,67
rising,78184,78151,78184,33
grooming,78438,78184,78438,254
stepping,78487,78438,78487,49
sniffing,78549,78487,78549,62
rising,78588,78549,78588,39
climbing,78631,78588,78631,43
grooming,78632,78631,78632,1
climbing,78697,78632,78697,65
left_turning,78749,78697,78749,52
sniffing,78803,78749,78803,54
left_turning,78952,78803,78952,149
sniffing,78953,78952,78953,1
walking,78976,78953,78976,23
sniffing,79012,78976,79012,36
walking,79043,79012,79043,31
rising,79053,79043,79053,10
right_turning,79066,79053,79066,13
sniffing,79177,79066,79177,111
stepping,79197,79177,79197,20
walking,79211,79197,79211,14
stepping,79243,79211,79243,32
rearing,79291,79243,79291,48
sniffing,79292,79291,79292,1
stepping,79316,79292,79316,24
sniffing,79317,79316,79317,1
walking,79326,79317,79326,9
rising,79332,79326,79332,6
sniffing,79437,79332,79437,105
running,79464,79437,79464,27
stepping,79561,79464,79561,97
sniffing,79649,79561,79649,88
stepping,79658,79649,79658,9
sniffing,79668,79658,79668,10
rearing,79891,79668,79891,223
grooming,79892,79891,79892,1
stepping,79905,79892,79905,13
sniffing,79935,79905,79935,30
walking,79956,79935,79956,21
stepping,79998,79956,79998,42
trotting,80007,79998,80007,9
walking,80023,80007,80023,16
sniffing,80071,80023,80071,48
walking,80096,80071,80096,25
sniffing,80101,80096,80101,5
walking,80157,80101,80157,56
sniffing,80226,80157,80226,69
hunching,80227,80226,80227,1
rearing,80238,80227,80238,11
hunching,80244,80238,80244,6
rearing,80267,80244,80267,23
hunching,80329,80267,80329,62
grooming,80345,80329,80345,16
sniffing,80401,80345,80401,56
stepping,80450,80401,80450,49
rearing,80549,80450,80549,99
sniffing,80618,80549,80618,69
walking,80646,80618,80646,28
rising,80647,80646,80647,1
sniffing,80655,80647,80655,8
walking,80691,80655,80691,36
sniffing,80778,80691,80778,87
stepping,80804,80778,80804,26
sniffing,80850,80804,80850,46
rising,80894,80850,80894,44
grooming,80895,80894,80895,1
walking,80901,80895,80901,6
sniffing,80915,80901,80915,14
rising,80921,80915,80921,6
rearing,80966,80921,80966,45
climbing,80967,80966,80967,1
walking,80986,80967,80986,19
sniffing,81012,80986,81012,26
stepping,81045,81012,81045,33
rearing,81076,81045,81076,31
left_turning,81165,81076,81165,89
rising,81177,81165,81177,12
sniffing,81188,81177,81188,11
stepping,81206,81188,81206,18
sniffing,81233,81206,81233,27
rearing,81321,81233,81321,88
stepping,81348,81321,81348,27
sniffing,81416,81348,81416,68
walking,81454,81416,81454,38
climbing,81483,81454,81483,29
left_turning,81484,81483,81484,1
rearing,81650,81484,81650,166
grooming,81734,81650,81734,84
hunching,81867,81734,81867,133
grooming,81877,81867,81877,10
sniffing,81923,81877,81923,46
left_turning,81947,81923,81947,24
sniffing,82001,81947,82001,54
stepping,82012,82001,82012,11
walking,82122,82012,82122,110
stepping,82170,82122,82170,48
sniffing,82171,82170,82171,1
rising,82172,82171,82172,1
sniffing,82262,82172,82262,90
grooming,82920,82262,82920,658
rearing,82921,82920,82921,1
sniffing,82932,82921,82932,11
left_turning,82936,82932,82936,4
rising,82961,82936,82961,25
rearing,83030,82961,83030,69
grooming,83031,83030,83031,1
hunching,83032,83031,83032,1
grooming,83033,83032,83033,1
hunching,83059,83033,83059,26
climbing,83068,83059,83068,9
rearing,83104,83068,83104,36
grooming,83460,83104,83460,356
hunching,83497,83460,83497,37
rearing,83498,83497,83498,1
stepping,83543,83498,83543,45
sniffing,83558,83543,83558,15
rising,83580,83558,83580,22
rearing,83605,83580,83605,25
hunching,83677,83605,83677,72
grooming,83774,83677,83774,97
climbing,83817,83774,83817,43
grooming,84029,83817,84029,212
sniffing,84098,84029,84098,69
rising,84143,84098,84143,45
hunching,84179,84143,84179,36
grooming,84400,84179,84400,221
sniffing,84450,84400,84450,50
rearing,84451,84450,84451,1
hunching,84488,84451,84488,37
left_turning,84499,84488,84499,11
walking,84533,84499,84533,34
sniffing,84649,84533,84649,116
walking,84650,84649,84650,1
trotting,84688,84650,84688,38
stepping,84717,84688,84717,29
trotting,84769,84717,84769,52
walking,84770,84769,84770,1
grooming,84771,84770,84771,1
rising,84789,84771,84789,18
rearing,84790,84789,84790,1
sniffing,84858,84790,84858,68
rising,84859,84858,84859,1
grooming,85160,84859,85160,301
rearing,85208,85160,85208,48
sniffing,85240,85208,85240,32
rearing,85287,85240,85287,47
sniffing,85310,85287,85310,23
pausing,85423,85310,85423,113
sniffing,85426,85423,85426,3
grooming,85474,85426,85474,48
rearing,85506,85474,85506,32
rising,85516,85506,85516,10
sniffing,85553,85516,85553,37
grooming,85575,85553,85575,22
sniffing,85623,85575,85623,48
stepping,85624,85623,85624,1
climbing,85666,85624,85666,42
sniffing,85842,85666,85842,176
rearing,85865,85842,85865,23
left_turning,85916,85865,85916,51
trotting,85932,85916,85932,16
sniffing,85933,85932,85933,1
stepping,85942,85933,85942,9
climbing,86047,85942,86047,105
stepping,86088,86047,86088,41
sniffing,86141,86088,86141,53
stepping,86190,86141,86190,49
left_turning,86191,86190,86191,1
sniffing,86192,86191,86192,1
right_turning,86194,86192,86194,2
sniffing,86228,86194,86228,34
grooming,86229,86228,86229,1
rising,86240,86229,86240,11
rearing,86297,86240,86297,57
stepping,86326,86297,86326,29
sniffing,86330,86326,86330,4
walking,86331,86330,86331,1
right_turning,86369,86331,86369,38
walking,86434,86369,86434,65
running,86461,86434,86461,27
sniffing,86544,86461,86544,83
rearing,86610,86544,86610,66
climbing,86611,86610,86611,1
walking,86700,86611,86700,89
running,86731,86700,86731,31
sniffing,86772,86731,86772,41
rising,86986,86772,86986,214
climbing,86989,86986,86989,3
left_turning,87088,86989,87088,99
sniffing,87178,87088,87178,90
left_turning,87227,87178,87227,49
walking,87252,87227,87252,25
sniffing,87305,87252,87305,53
stepping,87342,87305,87342,37
sniffing,87414,87342,87414,72
trotting,87442,87414,87442,28
rising,87471,87442,87471,29
grooming,87721,87471,87721,250
rearing,87756,87721,87756,35
climbing,87773,87756,87773,17
grooming,87774,87773,87774,1
sniffing,87822,87774,87822,48
walking,87833,87822,87833,11
stepping,87879,87833,87879,46
rearing,87900,87879,87900,21
right_turning,87949,87900,87949,49
stepping,87964,87949,87964,15
rearing,88074,87964,88074,110
rising,88125,88074,88125,51
sniffing,88126,88125,88126,1
grooming,88253,88126,88253,127
rearing,88254,88253,88254,1
sniffing,88255,88254,88255,1
walking,88337,88255,88337,82
sniffing,88354,88337,88354,17
walking,88383,88354,88383,29
right_turning,88404,88383,88404,21
walking,88432,88404,88432,28
trotting,88465,88432,88465,33
stepping,88503,88465,88503,38
walking,88544,88503,88544,41
sniffing,88605,88544,88605,61
rising,88606,88605,88606,1
rearing,88607,88606,88607,1
grooming,88608,88607,88608,1
hunching,88694,88608,88694,86
grooming,88719,88694,88719,25
rearing,88794,88719,88794,75
hunching,88898,88794,88898,104
grooming,89003,88898,89003,105
walking,89050,89003,89050,47
stepping,89070,89050,89070,20
grooming,89135,89070,89135,65
hunching,89190,89135,89190,55
rearing,89258,89190,89258,68
grooming,89294,89258,89294,36
rising,89325,89294,89325,31
climbing,89449,89325,89449,124
left_turning,89457,89449,89457,8
stepping,89493,89457,89493,36
right_turning,89494,89493,89494,1
stepping,89531,89494,89531,37
sniffing,89557,89531,89557,26
rising,89577,89557,89577,20
climbing,89650,89577,89650,73
walking,89667,89650,89667,17
rearing,89714,89667,89714,47
walking,89760,89714,89760,46
rearing,89761,89760,89761,1
grooming,89822,89761,89822,61
sniffing,89868,89822,89868,46
stepping,89909,89868,89909,41
sniffing,89910,89909,89910,1
rearing,89975,89910,89975,65
hunching,90043,89975,90043,68
stepping,90064,90043,90064,21
sniffing,90078,90064,90078,14
stepping,90098,90078,90098,20
walking,90115,90098,90115,17
stepping,90116,90115,90116,1
rearing,90138,90116,90138,22
grooming,90220,90138,90220,82
climbing,90221,90220,90221,1
rearing,90246,90221,90246,25
rising,90265,90246,90265,19
left_turning,90287,90265,90287,22
walking,90288,90287,90288,1
running,90299,90288,90299,11
climbing,90300,90299,90300,1
walking,90325,90300,90325,25
sniffing,90335,90325,90335,10
climbing,90396,90335,90396,61
rising,90412,90396,90412,16
grooming,90413,90412,90413,1
walking,90462,90413,90462,49
sniffing,90625,90462,90625,163
trotting,90667,90625,90667,42
walking,90680,90667,90680,13
sniffing,90715,90680,90715,35
rising,90719,90715,90719,4
walking,90773,90719,90773,54
rearing,90825,90773,90825,52
grooming,90849,90825,90849,24
climbing,90887,90849,90887,38
rearing,90892,90887,90892,5
grooming,90893,90892,90893,1
climbing,90935,90893,90935,42
left_turning,90956,90935,90956,21
sniffing,91045,90956,91045,89
grooming,91046,91045,91046,1
hunching,91113,91046,91113,67
grooming,91152,91113,91152,39
rearing,91158,91152,91158,6
rising,91159,91158,91159,1
climbing,91206,91159,91206,47
stepping,91207,91206,91207,1
sniffing,91299,91207,91299,92
stepping,91322,91299,91322,23
walking,91340,91322,91340,18
grooming,91341,91340,91341,1
left_turning,91429,91341,91429,88
walking,91448,91429,91448,19
rising,91490,91448,91490,42
left_turning,91505,91490,91505,15
walking,91630,91505,91630,125
stepping,91631,91630,91631,1
sniffing,91662,91631,91662,31
left_turning,91703,91662,91703,41
trotting,91752,91703,91752,49
sniffing,91808,91752,91808,56
left_turning,91837,91808,91837,29
sniffing,91861,91837,91861,24
trotting,91912,91861,91912,51
walking,91958,91912,91958,46
sniffing,91964,91958,91964,6
walking,92030,91964,92030,66
trotting,92094,92030,92094,64
stepping,92132,92094,92132,38
walking,92164,92132,92164,32
sniffing,92235,92164,92235,71
stepping,92284,92235,92284,49
rising,92317,92284,92317,33
sniffing,92411,92317,92411,94
stepping,92456,92411,92456,45
rearing,92468,92456,92468,12
climbing,92499,92468,92499,31
walking,92542,92499,92542,43
sniffing,92551,92542,92551,9
walking,92561,92551,92561,10
sniffing,92568,92561,92568,7
right_turning,92592,92568,92592,24
rising,92649,92592,92649,57
stepping,92702,92649,92702,53
sniffing,92782,92702,92782,80
rearing,92783,92782,92783,1
grooming,92867,92783,92867,84
climbing,92912,92867,92912,45
left_turning,92917,92912,92917,5
rising,92952,92917,92952,35
sniffing,92989,92952,92989,37
stepping,92990,92989,92990,1
sniffing,93012,92990,93012,22
walking,93025,93012,93025,13
sniffing,93120,93025,93120,95
walking,93124,93120,93124,4
sniffing,93233,93124,93233,109
stepping,93259,93233,93259,26
climbing,93319,93259,93319,60
grooming,93451,93319,93451,132
walking,93459,93451,93459,8
rearing,93516,93459,93516,57
trotting,93545,93516,93545,29
rising,93569,93545,93569,24
rearing,93582,93569,93582,13
climbing,93608,93582,93608,26
left_turning,93652,93608,93652,44
sniffing,93653,93652,93653,1
stepping,93658,93653,93658,5
rearing,93744,93658,93744,86
rising,93745,93744,93745,1
grooming,93746,93745,93746,1
rearing,93841,93746,93841,95
rising,93874,93841,93874,33
walking,93888,93874,93888,14
rising,93915,93888,93915,27
walking,93948,93915,93948,33
rearing,93950,93948,93950,2
running,93967,93950,93967,17
stepping,93989,93967,93989,22
sniffing,94030,93989,94030,41
grooming,94076,94030,94076,46
rearing,94077,94076,94077,1
grooming,94078,94077,94078,1
right_turning,94092,94078,94092,14
rearing,94127,94092,94127,35
running,94155,94127,94155,28
stepping,94183,94155,94183,28
sniffing,94198,94183,94198,15
walking,94219,94198,94219,21
stepping,94266,94219,94266,47
trotting,94281,94266,94281,15
walking,94319,94281,94319,38
sniffing,94343,94319,94343,24
walking,94379,94343,94379,36
sniffing,94436,94379,94436,57
grooming,94658,94436,94658,222
stepping,94698,94658,94698,40
grooming,94845,94698,94845,147
scratching,94969,94845,94969,124
grooming,95090,94969,95090,121
rearing,95124,95090,95124,34
grooming,95235,95124,95235,111
rearing,95363,95235,95363,128
walking,95398,95363,95398,35
sniffing,95401,95398,95401,3
trotting,95418,95401,95418,17
walking,95452,95418,95452,34
right_turning,95453,95452,95453,1
sniffing,95523,95453,95523,70
walking,95542,95523,95542,19
sniffing,95543,95542,95543,1
walking,95595,95543,95595,52
grooming,96001,95595,96001,406
stepping,96023,96001,96023,22
walking,96041,96023,96041,18
trotting,96080,96041,96080,39
stepping,96097,96080,96097,17
jumping,96230,96097,96230,133
rising,96306,96230,96306,76
rearing,96328,96306,96328,22
walking,96385,96328,96385,57
trotting,96415,96385,96415,30
walking,96485,96415,96485,70
rearing,96530,96485,96530,45
grooming,96531,96530,96531,1
rearing,96532,96531,96532,1
grooming,96714,96532,96714,182
climbing,96755,96714,96755,41
sniffing,96786,96755,96786,31
trotting,96819,96786,96819,33
rising,96846,96819,96846,27
left_turning,96847,96846,96847,1
walking,96901,96847,96901,54
rising,96926,96901,96926,25
sniffing,96927,96926,96927,1
left_turning,96970,96927,96970,43
stepping,96987,96970,96987,17
sniffing,96999,96987,96999,12
walking,97025,96999,97025,26
sniffing,97050,97025,97050,25
rearing,97330,97050,97330,280
sniffing,97370,97330,97370,40
right_turning,97394,97370,97394,24
rising,97441,97394,97441,47
climbing,97479,97441,97479,38
trotting,97506,97479,97506,27
walking,97520,97506,97520,14
rearing,97570,97520,97570,50
walking,97571,97570,97571,1
sniffing,97638,97571,97638,67
stepping,97641,97638,97641,3
walking,97680,97641,97680,39
running,97704,97680,97704,24
trotting,97735,97704,97735,31
right_turning,97736,97735,97736,1
trotting,97750,97736,97750,14
rising,97765,97750,97765,15
rearing,97766,97765,97766,1
hunching,97828,97766,97828,62
grooming,97993,97828,97993,165
trotting,98006,97993,98006,13
walking,98023,98006,98023,17
trotting,98059,98023,98059,36
grooming,98210,98059,98210,151
left_turning,98246,98210,98246,36
trotting,98287,98246,98287,41
sniffing,98291,98287,98291,4
walking,98314,98291,98314,23
sniffing,98331,98314,98331,17
left_turning,98397,98331,98397,66
walking,98457,98397,98457,60
climbing,98477,98457,98477,20
rising,98491,98477,98491,14
walking,98537,98491,98537,46
sniffing,98538,98537,98538,1
grooming,98600,98538,98600,62
right_turning,98613,98600,98613,13
sniffing,98624,98613,98624,11
walking,98660,98624,98660,36
rising,98682,98660,98682,22
hunching,98683,98682,98683,1
climbing,98733,98683,98733,50
rearing,98757,98733,98757,24
stepping,98792,98757,98792,35
sniffing,98902,98792,98902,110
grooming,99062,98902,99062,160
scratching,99099,99062,99099,37
grooming,99314,99099,99314,215
left_turning,99410,99314,99410,96
walking,99438,99410,99438,28
sniffing,99497,99438,99497,59
walking,99513,99497,99513,16
sniffing,99569,99513,99569,56
grooming,100992,99569,100992,1423
rearing,100993,100992,100993,1
grooming,101627,100993,101627,634
rearing,101666,101627,101666,39
hunching,101722,101666,101722,56
rearing,101723,101722,101723,1
grooming,101724,101723,101724,1
sniffing,101827,101724,101827,103
grooming,101889,101827,101889,62
rearing,101890,101889,101890,1
hunching,101951,101890,101951,61
rearing,101956,101951,101956,5
hunching,102257,101956,102257,301
rising,102348,102257,102348,91
sniffing,102459,102348,102459,111
stepping,102474,102459,102474,15
sniffing,102566,102474,102566,92
left_turning,102600,102566,102600,34
rising,102601,102600,102601,1
walking,102663,102601,102663,62
sniffing,102706,102663,102706,43
stepping,102751,102706,102751,45
rearing,102772,102751,102772,21
climbing,102776,102772,102776,4
rearing,102777,102776,102777,1
walking,102785,102777,102785,8
stepping,102862,102785,102862,77
climbing,102863,102862,102863,1
rearing,102864,102863,102864,1
stepping,102894,102864,102894,30
walking,102919,102894,102919,25
sniffing,102992,102919,102992,73
grooming,103083,102992,103083,91
stepping,103092,103083,103092,9
climbing,103093,103092,103093,1
grooming,103505,103093,103505,412
rearing,103574,103505,103574,69
hunching,103613,103574,103613,39
grooming,103614,103613,103614,1
rearing,103669,103614,103669,55
sniffing,103670,103669,103670,1
grooming,103671,103670,103671,1
scratching,103672,103671,103672,1
sniffing,103696,103672,103696,24
climbing,103788,103696,103788,92
rearing,103789,103788,103789,1
sniffing,103806,103789,103806,17
grooming,103881,103806,103881,75
rearing,103882,103881,103882,1
hunching,103924,103882,103924,42
left_turning,103988,103924,103988,64
sniffing,103989,103988,103989,1
rising,104030,103989,104030,41
right_turning,104048,104030,104048,18
stepping,104073,104048,104073,25
grooming,104278,104073,104278,205
sniffing,104313,104278,104313,35
grooming,104430,104313,104430,117
climbing,104488,104430,104488,58
walking,104547,104488,104547,59
right_turning,104548,104547,104548,1
stepping,104585,104548,104585,37
walking,104617,104585,104617,32
rearing,104650,104617,104650,33
hunching,104748,104650,104748,98
rearing,104749,104748,104749,1
grooming,104750,104749,104750,1
rearing,104877,104750,104877,127
climbing,104929,104877,104929,52
walking,105019,104929,105019,90
rising,105068,105019,105068,49
sniffing,105154,105068,105154,86
walking,105155,105154,105155,1
rising,105156,105155,105156,1
left_turning,105199,105156,105199,43
sniffing,105200,105199,105200,1
stepping,105228,105200,105228,28
scratching,105290,105228,105290,62
sniffing,105334,105290,105334,44
left_turning,105369,105334,105369,35
hunching,105438,105369,105438,69
running,105455,105438,105455,17
sniffing,105473,105455,105473,18
left_turning,105535,105473,105535,62
walking,105570,105535,105570,35
sniffing,105657,105570,105657,87
rising,105665,105657,105665,8
sniffing,105737,105665,105737,72
left_turning,105774,105737,105774,37
walking,105780,105774,105780,6
sniffing,105870,105780,105870,90
rearing,105900,105870,105900,30
rising,105901,105900,105901,1
rearing,105962,105901,105962,61
stepping,105977,105962,105977,15
sniffing,106040,105977,106040,63
grooming,106041,106040,106041,1
rearing,106082,106041,106082,41
sniffing,106131,106082,106131,49
walking,106162,106131,106162,31
rising,106226,106162,106226,64
rearing,106350,106226,106350,124
climbing,106364,106350,106364,14
rising,106440,106364,106440,76
sniffing,106460,106440,106460,20
stepping,106467,106460,106467,7
climbing,106512,106467,106512,45
sniffing,106580,106512,106580,68
rearing,106707,106580,106707,127
grooming,106708,106707,106708,1
sniffing,106760,106708,106760,52
grooming,106891,106760,106891,131
rising,106937,106891,106937,46
sniffing,106938,106937,106938,1
stepping,106945,106938,106945,7
walking,106973,106945,106973,28
sniffing,107011,106973,107011,38
rising,107012,107011,107012,1
rearing,107030,107012,107030,18
grooming,107031,107030,107031,1
rearing,107036,107031,107036,5
grooming,107738,107036,107738,702
scratching,107746,107738,107746,8
sniffing,107852,107746,107852,106
walking,107874,107852,107874,22
stepping,107904,107874,107904,30
walking,107939,107904,107939,35
sniffing,107954,107939,107954,15
walking,107992,107954,107992,38
sniffing,108000,107992,108000,8
