revised_movement_label,segBoundary,segBoundary_start,segBoundary_end,length
right_turning,1,0,1,1
stepping,40,1,40,39
sniffing,41,40,41,1
right_turning,67,41,67,26
walking,91,67,91,24
running,104,91,104,13
trotting,151,104,151,47
walking,262,151,262,111
sniffing,291,262,291,29
running,316,291,316,25
trotting,327,316,327,11
sniffing,341,327,341,14
grooming,342,341,342,1
rising,343,342,343,1
sniffing,345,343,345,2
walking,349,345,349,4
trotting,376,349,376,27
rising,456,376,456,80
sniffing,503,456,503,47
rising,504,503,504,1
hunching,644,504,644,140
rising,696,644,696,52
grooming,984,696,984,288
hunching,985,984,985,1
grooming,1040,985,1040,55
rearing,1041,1040,1041,1
rising,1165,1041,1165,124
sniffing,1180,1165,1180,15
rising,1230,1180,1230,50
rearing,1231,1230,1231,1
hunching,1232,1231,1232,1
climbing,1275,1232,1275,43
rearing,1319,1275,1319,44
sniffing,1369,1319,1369,50
rising,1376,1369,1376,7
walking,1438,1376,1438,62
stepping,1484,1438,1484,46
walking,1485,1484,1485,1
grooming,1595,1485,1595,110
stepping,1598,1595,1598,3
rising,1622,1598,1622,24
walking,1644,1622,1644,22
rising,1701,1644,1701,57
walking,1705,1701,1705,4
trotting,1743,1705,1743,38
stepping,1747,1743,1747,4
sniffing,1748,1747,1748,1
grooming,1884,1748,1884,136
left_turning,1920,1884,1920,36
stepping,1928,1920,1928,8
sniffing,1929,1928,1929,1
walking,1960,1929,1960,31
rising,2030,1960,2030,70
rearing,2032,2030,2032,2
right_turning,2041,2032,2041,9
walking,2049,2041,2049,8
sniffing,2107,2049,2107,58
walking,2132,2107,2132,25
sniffing,2158,2132,2158,26
stepping,2165,2158,2165,7
walking,2275,2165,2275,110
grooming,2458,2275,2458,183
right_turning,2475,2458,2475,17
stepping,2531,2475,2531,56
walking,2551,2531,2551,20
sniffing,2690,2551,2690,139
walking,2717,2690,2717,27
sniffing,2780,2717,2780,63
stepping,2826,2780,2826,46
grooming,2909,2826,2909,83
rising,2912,2909,2912,3
climbing,2957,2912,2957,45
grooming,3090,2957,3090,133
hunching,3352,3090,3352,262
running,3373,3352,3373,21
sniffing,3383,3373,3383,10
walking,3398,3383,3398,15
sniffing,3423,3398,3423,25
stepping,3453,3423,3453,30
walking,3519,3453,3519,66
rising,3520,3519,3520,1
walking,3641,3520,3641,121
stepping,3667,3641,3667,26
sniffing,3826,3667,3826,159
hunching,3903,3826,3903,77
grooming,3904,3903,3904,1
running,3933,3904,3933,29
walking,3947,3933,3947,14
stepping,3964,3947,3964,17
sniffing,3965,3964,3965,1
stepping,3989,3965,3989,24
sniffing,4028,3989,4028,39
left_turning,4055,4028,4055,27
hunching,4071,4055,4071,16
rearing,4072,4071,4072,1
sniffing,4116,4072,4116,44
walking,4159,4116,4159,43
sniffing,4172,4159,4172,13
stepping,4198,4172,4198,26
sniffing,4203,4198,4203,5
trotting,4219,4203,4219,16
grooming,4916,4219,4916,697
left_turning,4942,4916,4942,26
hunching,5027,4942,5027,85
left_turning,5032,5027,5032,5
stepping,5099,5032,5099,67
sniffing,5146,5099,5146,47
walking,5177,5146,5177,31
stepping,5178,5177,5178,1
sniffing,5225,5178,5225,47
grooming,5257,5225,5257,32
rising,5262,5257,5262,5
grooming,5274,5262,5274,12
hunching,5310,5274,5310,36
left_turning,5311,5310,5311,1
sniffing,5359,5311,5359,48
rising,5406,5359,5406,47
sniffing,5472,5406,5472,66
running,5477,5472,5477,5
stepping,5483,5477,5483,6
running,5515,5483,5515,32
stepping,5555,5515,5555,40
sniffing,5637,5555,5637,82
walking,5642,5637,5642,5
grooming,5676,5642,5676,34
rising,5776,5676,5776,100
stepping,5813,5776,5813,37
right_turning,5831,5813,5831,18
walking,5854,5831,5854,23
sniffing,5877,5854,5877,23
left_turning,5924,5877,5924,47
stepping,5938,5924,5938,14
walking,5947,5938,5947,9
stepping,5955,5947,5955,8
sniffing,6023,5955,6023,68
walking,6054,6023,6054,31
rising,6121,6054,6121,67
walking,6156,6121,6156,35
trotting,6195,6156,6195,39
running,6234,6195,6234,39
walking,6235,6234,6235,1
rising,6243,6235,6243,8
left_turning,6254,6243,6254,11
sniffing,6255,6254,6255,1
right_turning,6268,6255,6268,13
stepping,6271,6268,6271,3
walking,6302,6271,6302,31
sniffing,6342,6302,6342,40
rising,6372,6342,6372,30
left_turning,6436,6372,6436,64
sniffing,6466,6436,6466,30
right_turning,6510,6466,6510,44
sniffing,6514,6510,6514,4
walking,6604,6514,6604,90
stepping,6631,6604,6631,27
running,6649,6631,6649,18
walking,6650,6649,6650,1
rising,6686,6650,6686,36
grooming,6884,6686,6884,198
sniffing,6921,6884,6921,37
rising,6922,6921,6922,1
walking,6923,6922,6923,1
running,6949,6923,6949,26
stepping,6950,6949,6950,1
trotting,7004,6950,7004,54
stepping,7009,7004,7009,5
walking,7012,7009,7012,3
sniffing,7025,7012,7025,13
stepping,7030,7025,7030,5
sniffing,7031,7030,7031,1
stepping,7032,7031,7032,1
walking,7062,7032,7062,30
stepping,7150,7062,7150,88
walking,7232,7150,7232,82
sniffing,7241,7232,7241,9
rising,7280,7241,7280,39
rearing,7281,7280,7281,1
climbing,7333,7281,7333,52
hunching,7391,7333,7391,58
rising,7397,7391,7397,6
rearing,7482,7397,7482,85
sniffing,7490,7482,7490,8
stepping,7512,7490,7512,22
walking,7558,7512,7558,46
running,7563,7558,7563,5
walking,7566,7563,7566,3
sniffing,7637,7566,7637,71
left_turning,7658,7637,7658,21
stepping,7696,7658,7696,38
rising,7711,7696,7711,15
rearing,7712,7711,7712,1
left_turning,7718,7712,7718,6
stepping,7751,7718,7751,33
rising,7818,7751,7818,67
sniffing,7831,7818,7831,13
rising,7885,7831,7885,54
grooming,7886,7885,7886,1
sniffing,8019,7886,8019,133
rearing,8071,8019,8071,52
grooming,8072,8071,8072,1
rising,8115,8072,8115,43
sniffing,8117,8115,8117,2
left_turning,8137,8117,8137,20
sniffing,8138,8137,8138,1
grooming,8139,8138,8139,1
rising,8192,8139,8192,53
grooming,8193,8192,8193,1
sniffing,8213,8193,8213,20
walking,8224,8213,8224,11
sniffing,8249,8224,8249,25
grooming,8250,8249,8250,1
walking,8299,8250,8299,49
rising,8314,8299,8314,15
stepping,8345,8314,8345,31
sniffing,8363,8345,8363,18
stepping,8400,8363,8400,37
walking,8442,8400,8442,42
stepping,8476,8442,8476,34
walking,8491,8476,8491,15
sniffing,8501,8491,8501,10
rising,8554,8501,8554,53
stepping,8583,8554,8583,29
rising,8587,8583,8587,4
walking,8600,8587,8600,13
trotting,8616,8600,8616,16
running,8657,8616,8657,41
trotting,8672,8657,8672,15
stepping,8680,8672,8680,8
running,8690,8680,8690,10
walking,8729,8690,8729,39
grooming,9010,8729,9010,281
rising,9063,9010,9063,53
rearing,9273,9063,9273,210
hunching,9303,9273,9303,30
rearing,9473,9303,9473,170
hunching,9557,9473,9557,84
grooming,9558,9557,9558,1
hunching,9641,9558,9641,83
rearing,9748,9641,9748,107
sniffing,9807,9748,9807,59
rising,9849,9807,9849,42
grooming,10068,9849,10068,219
rising,10097,10068,10097,29
climbing,10132,10097,10132,35
walking,10158,10132,10158,26
rising,10159,10158,10159,1
climbing,10178,10159,10178,19
grooming,10343,10178,10343,165
left_turning,10346,10343,10346,3
walking,10393,10346,10393,47
grooming,10394,10393,10394,1
rearing,10403,10394,10403,9
grooming,10404,10403,10404,1
rearing,10405,10404,10405,1
grooming,10697,10405,10697,292
hunching,10763,10697,10763,66
rising,10816,10763,10816,53
sniffing,10825,10816,10825,9
rising,10842,10825,10842,17
sniffing,10889,10842,10889,47
rising,10902,10889,10902,13
climbing,10941,10902,10941,39
grooming,10942,10941,10942,1
climbing,10982,10942,10982,40
trotting,11008,10982,11008,26
walking,11027,11008,11027,19
trotting,11088,11027,11088,61
running,11117,11088,11117,29
trotting,11154,11117,11154,37
rising,11197,11154,11197,43
hunching,11221,11197,11221,24
grooming,11278,11221,11278,57
running,11312,11278,11312,34
walking,11350,11312,11350,38
stepping,11357,11350,11357,7
sniffing,11430,11357,11430,73
right_turning,11443,11430,11443,13
sniffing,11457,11443,11457,14
grooming,11952,11457,11952,495
sniffing,11973,11952,11973,21
walking,12013,11973,12013,40
sniffing,12090,12013,12090,77
rising,12138,12090,12138,48
stepping,12156,12138,12156,18
running,12178,12156,12178,22
stepping,12205,12178,12205,27
grooming,12264,12205,12264,59
walking,12286,12264,12286,22
sniffing,12287,12286,12287,1
walking,12318,12287,12318,31
sniffing,12360,12318,12360,42
left_turning,12364,12360,12364,4
running,12394,12364,12394,30
sniffing,12407,12394,12407,13
rising,12435,12407,12435,28
stepping,12447,12435,12447,12
walking,12481,12447,12481,34
rising,12482,12481,12482,1
sniffing,12581,12482,12581,99
grooming,12582,12581,12582,1
rising,12596,12582,12596,14
rearing,12597,12596,12597,1
grooming,12598,12597,12598,1
sniffing,12599,12598,12599,1
grooming,12848,12599,12848,249
sniffing,12888,12848,12888,40
walking,12982,12888,12982,94
sniffing,13012,12982,13012,30
grooming,13132,13012,13132,120
climbing,13170,13132,13170,38
running,13197,13170,13197,27
walking,13199,13197,13199,2
right_turning,13227,13199,13227,28
trotting,13244,13227,13244,17
sniffing,13293,13244,13293,49
rising,13340,13293,13340,47
left_turning,13379,13340,13379,39
walking,13409,13379,13409,30
rising,13410,13409,13410,1
grooming,13413,13410,13413,3
climbing,13444,13413,13444,31
walking,13483,13444,13483,39
stepping,13527,13483,13527,44
walking,13541,13527,13541,14
rising,13589,13541,13589,48
sniffing,13716,13589,13716,127
grooming,13953,13716,13953,237
rearing,14143,13953,14143,190
hunching,14170,14143,14170,27
rising,14204,14170,14204,34
hunching,14370,14204,14370,166
rearing,14465,14370,14465,95
rising,14530,14465,14530,65
rearing,14857,14530,14857,327
grooming,15494,14857,15494,637
climbing,15548,15494,15548,54
grooming,16108,15548,16108,560
hunching,16160,16108,16160,52
rearing,16299,16160,16299,139
hunching,16304,16299,16304,5
rearing,16377,16304,16377,73
stepping,16406,16377,16406,29
trotting,16425,16406,16425,19
stepping,16427,16425,16427,2
trotting,16445,16427,16445,18
running,16451,16445,16451,6
stepping,16472,16451,16472,21
sniffing,16538,16472,16538,66
rising,16571,16538,16571,33
rearing,16588,16571,16588,17
rising,16589,16588,16589,1
sniffing,16623,16589,16623,34
grooming,16624,16623,16624,1
rearing,16690,16624,16690,66
grooming,16866,16690,16866,176
trotting,16895,16866,16895,29
sniffing,16921,16895,16921,26
stepping,16948,16921,16948,27
grooming,16949,16948,16949,1
sniffing,16970,16949,16970,21
walking,16997,16970,16997,27
sniffing,17035,16997,17035,38
right_turning,17054,17035,17054,19
rising,17077,17054,17077,23
grooming,17488,17077,17488,411
sniffing,17489,17488,17489,1
rising,17561,17489,17561,72
left_turning,17562,17561,17562,1
grooming,17563,17562,17563,1
left_turning,17570,17563,17570,7
trotting,17628,17570,17628,58
sniffing,17720,17628,17720,92
rearing,17722,17720,17722,2
stepping,17730,17722,17730,8
grooming,17813,17730,17813,83
hunching,17814,17813,17814,1
rearing,17815,17814,17815,1
climbing,17860,17815,17860,45
sniffing,17949,17860,17949,89
right_turning,17984,17949,17984,35
sniffing,18002,17984,18002,18
walking,18024,18002,18024,22
stepping,18057,18024,18057,33
left_turning,18062,18057,18062,5
walking,18109,18062,18109,47
stepping,18110,18109,18110,1
rising,18148,18110,18148,38
climbing,18194,18148,18194,46
sniffing,18269,18194,18269,75
grooming,18270,18269,18270,1
hunching,18271,18270,18271,1
grooming,18272,18271,18272,1
trotting,18306,18272,18306,34
sniffing,18312,18306,18312,6
rising,18358,18312,18358,46
walking,18381,18358,18381,23
stepping,18406,18381,18406,25
sniffing,18456,18406,18456,50
stepping,18480,18456,18480,24
walking,18513,18480,18513,33
rising,18545,18513,18545,32
sniffing,18546,18545,18546,1
rising,18547,18546,18547,1
climbing,18580,18547,18580,33
stepping,18610,18580,18610,30
rising,18680,18610,18680,70
hunching,18693,18680,18693,13
rearing,18694,18693,18694,1
grooming,18695,18694,18695,1
walking,18732,18695,18732,37
left_turning,18768,18732,18768,36
trotting,18775,18768,18775,7
left_turning,18802,18775,18802,27
sniffing,18904,18802,18904,102
stepping,18930,18904,18930,26
sniffing,18978,18930,18978,48
stepping,19000,18978,19000,22
walking,19019,19000,19019,19
stepping,19028,19019,19028,9
rising,19090,19028,19090,62
climbing,19186,19090,19186,96
left_turning,19247,19186,19247,61
sniffing,19300,19247,19300,53
rising,19312,19300,19312,12
trotting,19336,19312,19336,24
walking,19399,19336,19399,63
rising,19443,19399,19443,44
sniffing,19564,19443,19564,121
walking,19594,19564,19594,30
right_turning,19599,19594,19599,5
sniffing,19617,19599,19617,18
stepping,19626,19617,19626,9
trotting,19679,19626,19679,53
sniffing,19773,19679,19773,94
rising,19827,19773,19827,54
walking,19852,19827,19852,25
climbing,19902,19852,19902,50
sniffing,19936,19902,19936,34
walking,19952,19936,19952,16
stepping,19960,19952,19960,8
walking,19961,19960,19961,1
stepping,19982,19961,19982,21
walking,19993,19982,19993,11
left_turning,20013,19993,20013,20
grooming,20014,20013,20014,1
hunching,20123,20014,20123,109
grooming,20152,20123,20152,29
sniffing,20245,20152,20245,93
grooming,20505,20245,20505,260
left_turning,20533,20505,20533,28
walking,20572,20533,20572,39
sniffing,20618,20572,20618,46
climbing,20657,20618,20657,39
trotting,20701,20657,20701,44
rising,20702,20701,20702,1
sniffing,20703,20702,20703,1
walking,20734,20703,20734,31
trotting,20769,20734,20769,35
walking,20799,20769,20799,30
rising,20800,20799,20800,1
climbing,20857,20800,20857,57
walking,20898,20857,20898,41
right_turning,20916,20898,20916,18
sniffing,20936,20916,20936,20
grooming,20937,20936,20937,1
left_turning,20955,20937,20955,18
stepping,21009,20955,21009,54
climbing,21036,21009,21036,27
running,21052,21036,21052,16
sniffing,21160,21052,21160,108
stepping,21162,21160,21162,2
sniffing,21236,21162,21236,74
right_turning,21248,21236,21248,12
sniffing,21249,21248,21249,1
right_turning,21267,21249,21267,18
walking,21268,21267,21268,1
sniffing,21269,21268,21269,1
stepping,21295,21269,21295,26
sniffing,21314,21295,21314,19
walking,21394,21314,21394,80
left_turning,21395,21394,21395,1
trotting,21431,21395,21431,36
walking,21456,21431,21456,25
sniffing,21458,21456,21458,2
walking,21501,21458,21501,43
climbing,21565,21501,21565,64
left_turning,21568,21565,21568,3
trotting,21582,21568,21582,14
sniffing,21586,21582,21586,4
stepping,21614,21586,21614,28
grooming,21950,21614,21950,336
left_turning,21972,21950,21972,22
grooming,22292,21972,22292,320
rearing,22479,22292,22479,187
grooming,22552,22479,22552,73
rearing,22569,22552,22569,17
grooming,23019,22569,23019,450
climbing,23020,23019,23020,1
walking,23030,23020,23030,10
sniffing,23031,23030,23031,1
stepping,23046,23031,23046,15
trotting,23088,23046,23088,42
sniffing,23146,23088,23146,58
scratching,23175,23146,23175,29
grooming,23357,23175,23357,182
left_turning,23358,23357,23358,1
sniffing,23359,23358,23359,1
walking,23364,23359,23364,5
stepping,23365,23364,23365,1
rising,23432,23365,23432,67
sniffing,23581,23432,23581,149
rising,23711,23581,23711,130
stepping,23736,23711,23736,25
sniffing,23785,23736,23785,49
climbing,23820,23785,23820,35
left_turning,23837,23820,23837,17
sniffing,23862,23837,23862,25
rising,23868,23862,23868,6
sniffing,23895,23868,23895,27
climbing,23921,23895,23921,26
trotting,23925,23921,23925,4
walking,23964,23925,23964,39
trotting,23973,23964,23973,9
climbing,24024,23973,24024,51
sniffing,24035,24024,24035,11
walking,24073,24035,24073,38
climbing,24112,24073,24112,39
trotting,24123,24112,24123,11
walking,24157,24123,24157,34
grooming,24940,24157,24940,783
stepping,24970,24940,24970,30
walking,24996,24970,24996,26
climbing,25054,24996,25054,58
stepping,25073,25054,25073,19
running,25084,25073,25084,11
sniffing,25085,25084,25085,1
grooming,25267,25085,25267,182
rearing,25268,25267,25268,1
grooming,25269,25268,25269,1
rising,25310,25269,25310,41
hunching,25366,25310,25366,56
grooming,26303,25366,26303,937
left_turning,26355,26303,26355,52
grooming,26356,26355,26356,1
right_turning,26361,26356,26361,5
grooming,26362,26361,26362,1
sniffing,26426,26362,26426,64
stepping,26472,26426,26472,46
walking,26509,26472,26509,37
sniffing,26537,26509,26537,28
walking,26565,26537,26565,28
stepping,26566,26565,26566,1
sniffing,26588,26566,26588,22
rising,26589,26588,26589,1
walking,26591,26589,26591,2
right_turning,26628,26591,26628,37
sniffing,26648,26628,26648,20
walking,26666,26648,26666,18
grooming,26698,26666,26698,32
rising,26718,26698,26718,20
grooming,26852,26718,26852,134
right_turning,26853,26852,26853,1
walking,26857,26853,26857,4
sniffing,26942,26857,26942,85
walking,26953,26942,26953,11
sniffing,26978,26953,26978,25
rising,26986,26978,26986,8
stepping,26995,26986,26995,9
sniffing,26996,26995,26996,1
grooming,27050,26996,27050,54
left_turning,27099,27050,27099,49
grooming,27301,27099,27301,202
rearing,27304,27301,27304,3
sniffing,27312,27304,27312,8
left_turning,27313,27312,27313,1
rearing,27452,27313,27452,139
hunching,27476,27452,27476,24
grooming,27567,27476,27567,91
hunching,27631,27567,27631,64
rearing,27632,27631,27632,1
grooming,27810,27632,27810,178
hunching,27893,27810,27893,83
rearing,27935,27893,27935,42
grooming,28037,27935,28037,102
stepping,28049,28037,28049,12
sniffing,28070,28049,28070,21
stepping,28136,28070,28136,66
climbing,28178,28136,28178,42
hunching,28271,28178,28271,93
sniffing,28281,28271,28281,10
walking,28310,28281,28310,29
stepping,28327,28310,28327,17
sniffing,28347,28327,28347,20
rising,28348,28347,28348,1
climbing,28366,28348,28366,18
walking,28368,28366,28368,2
stepping,28450,28368,28450,82
trotting,28490,28450,28490,40
stepping,28501,28490,28501,11
hunching,28666,28501,28666,165
grooming,28673,28666,28673,7
stepping,28688,28673,28688,15
sniffing,28729,28688,28729,41
left_turning,28740,28729,28740,11
grooming,28741,28740,28741,1
rearing,28827,28741,28827,86
grooming,28873,28827,28873,46
sniffing,28912,28873,28912,39
climbing,28959,28912,28959,47
grooming,29337,28959,29337,378
walking,29386,29337,29386,49
sniffing,29435,29386,29435,49
walking,29454,29435,29454,19
stepping,29480,29454,29480,26
trotting,29497,29480,29497,17
stepping,29532,29497,29532,35
sniffing,29609,29532,29609,77
stepping,29643,29609,29643,34
walking,29647,29643,29647,4
grooming,29899,29647,29899,252
running,29961,29899,29961,62
walking,29999,29961,29999,38
trotting,30005,29999,30005,6
sniffing,30128,30005,30128,123
stepping,30162,30128,30162,34
rearing,30262,30162,30262,100
walking,30279,30262,30279,17
stepping,30304,30279,30304,25
trotting,30331,30304,30331,27
left_turning,30391,30331,30391,60
walking,30407,30391,30407,16
sniffing,30422,30407,30422,15
walking,30454,30422,30454,32
stepping,30490,30454,30490,36
sniffing,30497,30490,30497,7
rising,30498,30497,30498,1
rearing,30499,30498,30499,1
rising,30503,30499,30503,4
left_turning,30542,30503,30542,39
scratching,30586,30542,30586,44
grooming,30679,30586,30679,93
rearing,30680,30679,30680,1
hunching,30708,30680,30708,28
rearing,30747,30708,30747,39
hunching,30854,30747,30854,107
grooming,30881,30854,30881,27
running,30896,30881,30896,15
walking,30944,30896,30944,48
stepping,30972,30944,30972,28
sniffing,31006,30972,31006,34
stepping,31031,31006,31031,25
trotting,31046,31031,31046,15
left_turning,31061,31046,31061,15
stepping,31083,31061,31083,22
walking,31084,31083,31084,1
sniffing,31156,31084,31156,72
walking,31205,31156,31205,49
stepping,31239,31205,31239,34
sniffing,31290,31239,31290,51
grooming,31291,31290,31291,1
hunching,31384,31291,31384,93
grooming,31535,31384,31535,151
walking,31536,31535,31536,1
rising,31559,31536,31559,23
grooming,31560,31559,31560,1
rearing,31561,31560,31561,1
sniffing,31570,31561,31570,9
grooming,31571,31570,31571,1
hunching,31687,31571,31687,116
rearing,31823,31687,31823,136
sniffing,31913,31823,31913,90
rising,31914,31913,31914,1
rearing,31955,31914,31955,41
grooming,32352,31955,32352,397
rearing,32392,32352,32392,40
hunching,32424,32392,32424,32
grooming,32577,32424,32577,153
stepping,32624,32577,32624,47
walking,32645,32624,32645,21
trotting,32671,32645,32671,26
walking,32703,32671,32703,32
sniffing,32745,32703,32745,42
walking,32752,32745,32752,7
grooming,32860,32752,32860,108
hunching,32933,32860,32933,73
right_turning,32935,32933,32935,2
sniffing,32936,32935,32936,1
grooming,32937,32936,32937,1
walking,32951,32937,32951,14
stepping,32980,32951,32980,29
grooming,33016,32980,33016,36
sniffing,33024,33016,33024,8
grooming,33221,33024,33221,197
rearing,33222,33221,33222,1
stepping,33249,33222,33249,27
walking,33254,33249,33254,5
sniffing,33267,33254,33267,13
walking,33294,33267,33294,27
sniffing,33314,33294,33314,20
rising,33328,33314,33328,14
climbing,33435,33328,33435,107
grooming,34023,33435,34023,588
walking,34057,34023,34057,34
stepping,34077,34057,34077,20
sniffing,34165,34077,34165,88
right_turning,34182,34165,34182,17
sniffing,34242,34182,34242,60
rising,34312,34242,34312,70
climbing,34348,34312,34348,36
trotting,34395,34348,34395,47
right_turning,34425,34395,34425,30
stepping,34469,34425,34469,44
sniffing,34607,34469,34607,138
grooming,34758,34607,34758,151
hunching,34779,34758,34779,21
grooming,34780,34779,34780,1
left_turning,34803,34780,34803,23
stepping,34837,34803,34837,34
sniffing,34843,34837,34843,6
walking,34914,34843,34914,71
trotting,34933,34914,34933,19
stepping,34964,34933,34964,31
rearing,34968,34964,34968,4
left_turning,34990,34968,34990,22
walking,35007,34990,35007,17
stepping,35044,35007,35044,37
rising,35089,35044,35089,45
grooming,35353,35089,35353,264
hunching,35416,35353,35416,63
rearing,35486,35416,35486,70
walking,35521,35486,35521,35
sniffing,35534,35521,35534,13
right_turning,35558,35534,35558,24
stepping,35559,35558,35559,1
climbing,35654,35559,35654,95
stepping,35660,35654,35660,6
sniffing,35683,35660,35683,23
rising,35684,35683,35684,1
sniffing,35729,35684,35729,45
grooming,35912,35729,35912,183
walking,35952,35912,35952,40
left_turning,35972,35952,35972,20
grooming,36250,35972,36250,278
rearing,36261,36250,36261,11
grooming,36262,36261,36262,1
rearing,36263,36262,36263,1
jumping,36344,36263,36344,81
running,36366,36344,36366,22
walking,36445,36366,36445,79
sniffing,36609,36445,36609,164
rising,36637,36609,36637,28
sniffing,36816,36637,36816,179
walking,36843,36816,36843,27
rising,36873,36843,36873,30
right_turning,36898,36873,36898,25
walking,36910,36898,36910,12
stepping,36936,36910,36936,26
walking,36972,36936,36972,36
stepping,37016,36972,37016,44
sniffing,37082,37016,37082,66
stepping,37123,37082,37123,41
running,37145,37123,37145,22
rising,37222,37145,37222,77
sniffing,37296,37222,37296,74
rising,37297,37296,37297,1
rearing,37359,37297,37359,62
hunching,37360,37359,37360,1
rearing,37400,37360,37400,40
grooming,38038,37400,38038,638
climbing,38079,38038,38079,41
stepping,38120,38079,38120,41
trotting,38136,38120,38136,16
stepping,38145,38136,38145,9
rising,38222,38145,38222,77
sniffing,38235,38222,38235,13
rising,38308,38235,38308,73
hunching,38471,38308,38471,163
grooming,38472,38471,38472,1
sniffing,38544,38472,38544,72
climbing,38648,38544,38648,104
sniffing,38743,38648,38743,95
right_turning,38765,38743,38765,22
walking,38818,38765,38818,53
trotting,38851,38818,38851,33
rising,38869,38851,38869,18
climbing,38894,38869,38894,25
walking,38911,38894,38911,17
sniffing,38954,38911,38954,43
rearing,38966,38954,38966,12
grooming,39201,38966,39201,235
rearing,39227,39201,39227,26
climbing,39261,39227,39261,34
walking,39289,39261,39289,28
sniffing,39344,39289,39344,55
rising,39430,39344,39430,86
hunching,39460,39430,39460,30
sniffing,39535,39460,39535,75
hunching,39536,39535,39536,1
grooming,39564,39536,39564,28
sniffing,39565,39564,39565,1
trotting,39593,39565,39593,28
walking,39643,39593,39643,50
sniffing,39652,39643,39652,9
grooming,39827,39652,39827,175
trotting,39890,39827,39890,63
walking,39899,39890,39899,9
sniffing,39900,39899,39900,1
stepping,39921,39900,39921,21
sniffing,39944,39921,39944,23
rising,39999,39944,39999,55
sniffing,40000,39999,40000,1
grooming,40101,40000,40101,101
hunching,40106,40101,40106,5
trotting,40157,40106,40157,51
walking,40163,40157,40163,6
sniffing,40227,40163,40227,64
rising,40228,40227,40228,1
stepping,40268,40228,40268,40
sniffing,40364,40268,40364,96
climbing,40390,40364,40390,26
running,40413,40390,40413,23
left_turning,40414,40413,40414,1
grooming,40523,40414,40523,109
stepping,40530,40523,40530,7
sniffing,40571,40530,40571,41
stepping,40584,40571,40584,13
rising,40617,40584,40617,33
sniffing,40636,40617,40636,19
walking,40678,40636,40678,42
sniffing,40718,40678,40718,40
grooming,40719,40718,40719,1
rearing,40720,40719,40720,1
hunching,40755,40720,40755,35
grooming,40883,40755,40883,128
sniffing,40884,40883,40884,1
grooming,41052,40884,41052,168
rearing,41273,41052,41273,221
left_turning,41303,41273,41303,30
walking,41304,41303,41304,1
left_turning,41346,41304,41346,42
rising,41347,41346,41347,1
rearing,41348,41347,41348,1
grooming,41349,41348,41349,1
sniffing,41350,41349,41350,1
rising,41388,41350,41388,38
rearing,41402,41388,41402,14
grooming,41436,41402,41436,34
rearing,41503,41436,41503,67
running,41535,41503,41535,32
trotting,41566,41535,41566,31
walking,41618,41566,41618,52
stepping,41627,41618,41627,9
grooming,41760,41627,41760,133
running,41761,41760,41761,1
right_turning,41788,41761,41788,27
walking,41850,41788,41850,62
sniffing,41853,41850,41853,3
grooming,42023,41853,42023,170
left_turning,42032,42023,42032,9
right_turning,42074,42032,42074,42
rearing,42143,42074,42143,69
hunching,42327,42143,42327,184
grooming,42490,42327,42490,163
hunching,42720,42490,42720,230
sniffing,42734,42720,42734,14
stepping,42766,42734,42766,32
running,42795,42766,42795,29
walking,42815,42795,42815,20
sniffing,42816,42815,42816,1
trotting,42858,42816,42858,42
stepping,42906,42858,42906,48
sniffing,42953,42906,42953,47
stepping,42996,42953,42996,43
sniffing,42997,42996,42997,1
climbing,43006,42997,43006,9
walking,43033,43006,43033,27
sniffing,43095,43033,43095,62
walking,43102,43095,43102,7
sniffing,43111,43102,43111,9
rising,43117,43111,43117,6
grooming,43633,43117,43633,516
rearing,43681,43633,43681,48
sniffing,43720,43681,43720,39
climbing,43753,43720,43753,33
grooming,43754,43753,43754,1
right_turning,43770,43754,43770,16
rising,43824,43770,43824,54
grooming,43970,43824,43970,146
left_turning,43998,43970,43998,28
sniffing,44180,43998,44180,182
rising,44230,44180,44230,50
climbing,44262,44230,44262,32
walking,44305,44262,44305,43
sniffing,44384,44305,44384,79
stepping,44416,44384,44416,32
walking,44429,44416,44429,13
trotting,44447,44429,44447,18
sniffing,44496,44447,44496,49
grooming,44657,44496,44657,161
walking,44686,44657,44686,29
trotting,44711,44686,44711,25
walking,44731,44711,44731,20
sniffing,44843,44731,44843,112
stepping,44862,44843,44862,19
walking,44863,44862,44863,1
sniffing,44908,44863,44908,45
grooming,45533,44908,45533,625
walking,45552,45533,45552,19
running,45558,45552,45558,6
grooming,45723,45558,45723,165
stepping,45774,45723,45774,51
sniffing,45790,45774,45790,16
hunching,45798,45790,45798,8
rearing,45966,45798,45966,168
climbing,46082,45966,46082,116
rising,46090,46082,46090,8
rearing,46147,46090,46147,57
sniffing,46203,46147,46203,56
stepping,46236,46203,46236,33
sniffing,46279,46236,46279,43
walking,46280,46279,46280,1
sniffing,46323,46280,46323,43
grooming,46545,46323,46545,222
walking,46601,46545,46601,56
stepping,46638,46601,46638,37
walking,46664,46638,46664,26
sniffing,46760,46664,46760,96
walking,46784,46760,46784,24
stepping,46809,46784,46809,25
right_turning,46816,46809,46816,7
sniffing,46817,46816,46817,1
stepping,46826,46817,46826,9
rising,46850,46826,46850,24
sniffing,46912,46850,46912,62
stepping,46913,46912,46913,1
walking,46915,46913,46915,2
sniffing,47007,46915,47007,92
left_turning,47037,47007,47037,30
sniffing,47119,47037,47119,82
left_turning,47142,47119,47142,23
sniffing,47166,47142,47166,24
rising,47209,47166,47209,43
climbing,47212,47209,47212,3
rising,47269,47212,47269,57
rearing,47284,47269,47284,15
grooming,47318,47284,47318,34
sniffing,47373,47318,47373,55
trotting,47414,47373,47414,41
walking,47445,47414,47445,31
stepping,47469,47445,47469,24
walking,47504,47469,47504,35
stepping,47544,47504,47544,40
rising,47569,47544,47569,25
sniffing,47613,47569,47613,44
walking,47619,47613,47619,6
sniffing,47626,47619,47626,7
walking,47640,47626,47640,14
stepping,47689,47640,47689,49
sniffing,47725,47689,47725,36
walking,47761,47725,47761,36
stepping,47805,47761,47805,44
walking,47853,47805,47853,48
stepping,47866,47853,47866,13
sniffing,47918,47866,47918,52
stepping,47957,47918,47957,39
rearing,47988,47957,47988,31
grooming,48067,47988,48067,79
rearing,48068,48067,48068,1
right_turning,48080,48068,48080,12
stepping,48112,48080,48112,32
climbing,48138,48112,48138,26
rising,48162,48138,48162,24
sniffing,48221,48162,48221,59
rearing,48222,48221,48222,1
climbing,48240,48222,48240,18
running,48261,48240,48261,21
sniffing,48281,48261,48281,20
rising,48377,48281,48377,96
hunching,48489,48377,48489,112
grooming,48753,48489,48753,264
rising,48773,48753,48773,20
sniffing,48827,48773,48827,54
running,48852,48827,48852,25
sniffing,48941,48852,48941,89
grooming,49204,48941,49204,263
hunching,49233,49204,49233,29
grooming,50349,49233,50349,1116
sniffing,50437,50349,50437,88
stepping,50460,50437,50460,23
right_turning,50471,50460,50471,11
walking,50516,50471,50516,45
grooming,50608,50516,50608,92
walking,50636,50608,50636,28
grooming,50923,50636,50923,287
rearing,51019,50923,51019,96
hunching,51020,51019,51020,1
sniffing,51050,51020,51050,30
walking,51063,51050,51063,13
running,51089,51063,51089,26
left_turning,51100,51089,51100,11
stepping,51131,51100,51131,31
walking,51158,51131,51158,27
sniffing,51159,51158,51159,1
rising,51187,51159,51187,28
climbing,51220,51187,51220,33
left_turning,51264,51220,51264,44
grooming,51358,51264,51358,94
sniffing,51391,51358,51391,33
trotting,51416,51391,51416,25
walking,51443,51416,51443,27
sniffing,51446,51443,51446,3
scratching,51532,51446,51532,86
left_turning,51537,51532,51537,5
walking,51552,51537,51552,15
trotting,51556,51552,51556,4
stepping,51584,51556,51584,28
walking,51598,51584,51598,14
sniffing,51688,51598,51688,90
stepping,51700,51688,51700,12
rising,51772,51700,51772,72
walking,51805,51772,51805,33
sniffing,51806,51805,51806,1
walking,51842,51806,51842,36
left_turning,51873,51842,51873,31
scratching,51996,51873,51996,123
walking,52033,51996,52033,37
running,52066,52033,52066,33
walking,52121,52066,52121,55
rearing,52122,52121,52122,1
hunching,52221,52122,52221,99
rearing,52287,52221,52287,66
grooming,52502,52287,52502,215
sniffing,52582,52502,52582,80
stepping,52595,52582,52595,13
rising,52615,52595,52615,20
hunching,52683,52615,52683,68
grooming,53672,52683,53672,989
rising,53673,53672,53673,1
grooming,54347,53673,54347,674
rearing,54369,54347,54369,22
grooming,54370,54369,54370,1
sniffing,54470,54370,54470,100
stepping,54471,54470,54471,1
rearing,54532,54471,54532,61
grooming,54801,54532,54801,269
hunching,54834,54801,54834,33
grooming,54835,54834,54835,1
rearing,54931,54835,54931,96
grooming,54932,54931,54932,1
sniffing,54953,54932,54953,21
stepping,54969,54953,54969,16
trotting,54981,54969,54981,12
rising,54989,54981,54989,8
rearing,54990,54989,54990,1
sniffing,55027,54990,55027,37
climbing,55073,55027,55073,46
stepping,55081,55073,55081,8
rearing,55082,55081,55082,1
hunching,55222,55082,55222,140
rearing,55228,55222,55228,6
grooming,55280,55228,55280,52
sniffing,55365,55280,55365,85
walking,55388,55365,55388,23
sniffing,55403,55388,55403,15
left_turning,55434,55403,55434,31
stepping,55463,55434,55463,29
sniffing,55464,55463,55464,1
stepping,55485,55464,55485,21
rising,55531,55485,55531,46
rearing,55565,55531,55565,34
grooming,55726,55565,55726,161
stepping,55749,55726,55749,23
sniffing,55794,55749,55794,45
left_turning,55828,55794,55828,34
sniffing,55829,55828,55829,1
stepping,55874,55829,55874,45
walking,55939,55874,55939,65
right_turning,55948,55939,55948,9
sniffing,55991,55948,55991,43
stepping,56010,55991,56010,19
sniffing,56043,56010,56043,33
scratching,56044,56043,56044,1
sniffing,56198,56044,56198,154
grooming,56199,56198,56199,1
walking,56221,56199,56221,22
sniffing,56307,56221,56307,86
left_turning,56308,56307,56308,1
walking,56311,56308,56311,3
sniffing,56350,56311,56350,39
left_turning,56366,56350,56366,16
sniffing,56383,56366,56383,17
rising,56384,56383,56384,1
rearing,56403,56384,56403,19
grooming,56526,56403,56526,123
left_turning,56529,56526,56529,3
sniffing,56530,56529,56530,1
walking,56575,56530,56575,45
sniffing,56589,56575,56589,14
rising,56646,56589,56646,57
grooming,56879,56646,56879,233
hunching,56930,56879,56930,51
rearing,56931,56930,56931,1
stepping,56983,56931,56983,52
sniffing,57004,56983,57004,21
walking,57018,57004,57018,14
trotting,57033,57018,57033,15
sniffing,57103,57033,57103,70
right_turning,57118,57103,57118,15
rearing,57225,57118,57225,107
stepping,57261,57225,57261,36
walking,57323,57261,57323,62
left_turning,57366,57323,57366,43
walking,57367,57366,57367,1
sniffing,57419,57367,57419,52
rising,57435,57419,57435,16
rearing,57487,57435,57487,52
grooming,57659,57487,57659,172
sniffing,57660,57659,57660,1
rising,57673,57660,57673,13
hunching,57689,57673,57689,16
grooming,57690,57689,57690,1
stepping,57729,57690,57729,39
climbing,57776,57729,57776,47
rearing,57893,57776,57893,117
grooming,57894,57893,57894,1
climbing,57937,57894,57937,43
trotting,57949,57937,57949,12
rising,58028,57949,58028,79
grooming,58029,58028,58029,1
hunching,58146,58029,58146,117
rearing,58307,58146,58307,161
sniffing,58308,58307,58308,1
trotting,58312,58308,58312,4
grooming,58313,58312,58313,1
rising,58377,58313,58377,64
rearing,58378,58377,58378,1
climbing,58420,58378,58420,42
grooming,58561,58420,58561,141
rearing,58703,58561,58703,142
grooming,58848,58703,58848,145
hunching,58849,58848,58849,1
grooming,58862,58849,58862,13
left_turning,58909,58862,58909,47
walking,58910,58909,58910,1
stepping,58964,58910,58964,54
trotting,58977,58964,58977,13
sniffing,59048,58977,59048,71
grooming,59228,59048,59228,180
right_turning,59258,59228,59258,30
running,59265,59258,59265,7
rising,59280,59265,59280,15
sniffing,59454,59280,59454,174
rising,59524,59454,59524,70
sniffing,59565,59524,59565,41
walking,59620,59565,59620,55
stepping,59645,59620,59645,25
rising,59654,59645,59654,9
trotting,59664,59654,59664,10
sniffing,59674,59664,59674,10
left_turning,59699,59674,59699,25
walking,59730,59699,59730,31
sniffing,59744,59730,59744,14
grooming,59745,59744,59745,1
rearing,59931,59745,59931,186
grooming,60307,59931,60307,376
walking,60337,60307,60337,30
sniffing,60397,60337,60397,60
stepping,60432,60397,60432,35
sniffing,60433,60432,60433,1
stepping,60435,60433,60435,2
sniffing,60444,60435,60444,9
stepping,60467,60444,60467,23
climbing,60535,60467,60535,68
grooming,60585,60535,60585,50
hunching,60678,60585,60678,93
grooming,60769,60678,60769,91
running,60797,60769,60797,28
walking,60798,60797,60798,1
sniffing,60799,60798,60799,1
walking,60864,60799,60864,65
stepping,60876,60864,60876,12
right_turning,60891,60876,60891,15
running,60901,60891,60901,10
walking,60905,60901,60905,4
sniffing,60927,60905,60927,22
trotting,60943,60927,60943,16
walking,61002,60943,61002,59
sniffing,61003,61002,61003,1
rising,61004,61003,61004,1
left_turning,61041,61004,61041,37
walking,61063,61041,61063,22
sniffing,61107,61063,61107,44
rising,61170,61107,61170,63
climbing,61195,61170,61195,25
left_turning,61215,61195,61215,20
grooming,61216,61215,61216,1
sniffing,61266,61216,61266,50
walking,61316,61266,61316,50
sniffing,61355,61316,61355,39
walking,61362,61355,61362,7
stepping,61371,61362,61371,9
sniffing,61442,61371,61442,71
rearing,61588,61442,61588,146
climbing,61642,61588,61642,54
walking,61702,61642,61702,60
hunching,61704,61702,61704,2
rearing,61731,61704,61731,27
walking,61770,61731,61770,39
hunching,61816,61770,61816,46
grooming,61834,61816,61834,18
sniffing,61862,61834,61862,28
scratching,61952,61862,61952,90
sniffing,62019,61952,62019,67
walking,62034,62019,62034,15
stepping,62035,62034,62035,1
sniffing,62036,62035,62036,1
walking,62086,62036,62086,50
rising,62114,62086,62114,28
stepping,62135,62114,62135,21
walking,62183,62135,62183,48
stepping,62209,62183,62209,26
walking,62210,62209,62210,1
sniffing,62262,62210,62262,52
walking,62278,62262,62278,16
sniffing,62279,62278,62279,1
right_turning,62307,62279,62307,28
rising,62308,62307,62308,1
grooming,62359,62308,62359,51
sniffing,62367,62359,62367,8
grooming,62397,62367,62397,30
hunching,62454,62397,62454,57
grooming,62780,62454,62780,326
sniffing,62791,62780,62791,11
stepping,62897,62791,62897,106
grooming,62976,62897,62976,79
trotting,63016,62976,63016,40
stepping,63034,63016,63034,18
sniffing,63081,63034,63081,47
rearing,63082,63081,63082,1
grooming,63119,63082,63119,37
rising,63158,63119,63158,39
climbing,63230,63158,63230,72
left_turning,63307,63230,63307,77
trotting,63342,63307,63342,35
running,63364,63342,63364,22
sniffing,63456,63364,63456,92
rearing,63510,63456,63510,54
sniffing,63535,63510,63535,25
left_turning,63574,63535,63574,39
grooming,63955,63574,63955,381
hunching,63987,63955,63987,32
rearing,64092,63987,64092,105
climbing,64160,64092,64160,68
walking,64170,64160,64170,10
sniffing,64225,64170,64225,55
stepping,64281,64225,64281,56
walking,64305,64281,64305,24
sniffing,64352,64305,64352,47
stepping,64376,64352,64376,24
left_turning,64397,64376,64397,21
sniffing,64457,64397,64457,60
rearing,64469,64457,64469,12
rising,64498,64469,64498,29
grooming,64659,64498,64659,161
hunching,64679,64659,64679,20
grooming,65532,64679,65532,853
rising,65540,65532,65540,8
climbing,65578,65540,65578,38
rising,65585,65578,65585,7
rearing,65586,65585,65586,1
sniffing,65660,65586,65660,74
walking,65707,65660,65707,47
right_turning,65745,65707,65745,38
stepping,65803,65745,65803,58
trotting,65815,65803,65815,12
rearing,65944,65815,65944,129
grooming,65945,65944,65945,1
hunching,65946,65945,65946,1
rearing,65947,65946,65947,1
grooming,65948,65947,65948,1
trotting,65973,65948,65973,25
walking,66031,65973,66031,58
left_turning,66061,66031,66061,30
walking,66090,66061,66090,29
sniffing,66148,66090,66148,58
walking,66149,66148,66149,1
stepping,66173,66149,66173,24
sniffing,66214,66173,66214,41
right_turning,66241,66214,66241,27
sniffing,66297,66241,66297,56
grooming,66298,66297,66298,1
rearing,66378,66298,66378,80
rising,66379,66378,66379,1
rearing,66466,66379,66466,87
sniffing,66546,66466,66546,80
walking,66572,66546,66572,26
left_turning,66633,66572,66633,61
rising,66687,66633,66687,54
rearing,66848,66687,66848,161
sniffing,66849,66848,66849,1
stepping,66894,66849,66894,45
rising,66895,66894,66895,1
sniffing,66918,66895,66918,23
stepping,66928,66918,66928,10
sniffing,67024,66928,67024,96
rising,67025,67024,67025,1
sniffing,67044,67025,67044,19
left_turning,67046,67044,67046,2
grooming,67238,67046,67238,192
rising,67274,67238,67274,36
grooming,67563,67274,67563,289
hunching,67564,67563,67564,1
grooming,67687,67564,67687,123
rearing,67688,67687,67688,1
walking,67694,67688,67694,6
trotting,67741,67694,67741,47
rising,67775,67741,67775,34
grooming,67973,67775,67973,198
sniffing,68017,67973,68017,44
rising,68026,68017,68026,9
grooming,68180,68026,68180,154
rearing,68188,68180,68188,8
stepping,68245,68188,68245,57
sniffing,68277,68245,68277,32
left_turning,68328,68277,68328,51
sniffing,68435,68328,68435,107
walking,68485,68435,68485,50
sniffing,68486,68485,68486,1
running,68499,68486,68499,13
sniffing,68563,68499,68563,64
rearing,68564,68563,68564,1
climbing,68602,68564,68602,38
trotting,68625,68602,68625,23
sniffing,68654,68625,68654,29
grooming,68655,68654,68655,1
rearing,68741,68655,68741,86
climbing,68742,68741,68742,1
walking,68826,68742,68826,84
sniffing,68843,68826,68843,17
rising,68898,68843,68898,55
sniffing,68899,68898,68899,1
walking,68918,68899,68918,19
stepping,68947,68918,68947,29
sniffing,68978,68947,68978,31
climbing,69037,68978,69037,59
grooming,69289,69037,69289,252
walking,69351,69289,69351,62
running,69383,69351,69383,32
stepping,69410,69383,69410,27
rising,69456,69410,69456,46
climbing,69578,69456,69578,122
left_turning,69589,69578,69589,11
grooming,69724,69589,69724,135
walking,69778,69724,69778,54
stepping,69809,69778,69809,31
grooming,69810,69809,69810,1
left_turning,69886,69810,69886,76
grooming,69887,69886,69887,1
climbing,69929,69887,69929,42
left_turning,69954,69929,69954,25
sniffing,69955,69954,69955,1
stepping,69992,69955,69992,37
sniffing,70053,69992,70053,61
climbing,70105,70053,70105,52
trotting,70117,70105,70117,12
sniffing,70257,70117,70257,140
rising,70298,70257,70298,41
climbing,70376,70298,70376,78
left_turning,70394,70376,70394,18
walking,70395,70394,70395,1
climbing,70466,70395,70466,71
trotting,70482,70466,70482,16
rearing,70483,70482,70483,1
walking,70502,70483,70502,19
sniffing,70530,70502,70530,28
rising,70593,70530,70593,63
walking,70626,70593,70626,33
sniffing,70654,70626,70654,28
rising,70711,70654,70711,57
left_turning,70733,70711,70733,22
rearing,70801,70733,70801,68
climbing,70809,70801,70809,8
walking,70822,70809,70822,13
stepping,70844,70822,70844,22
grooming,70946,70844,70946,102
sniffing,70989,70946,70989,43
rising,71031,70989,71031,42
stepping,71047,71031,71047,16
walking,71068,71047,71068,21
trotting,71089,71068,71089,21
stepping,71130,71089,71130,41
sniffing,71131,71130,71131,1
walking,71162,71131,71162,31
sniffing,71245,71162,71245,83
stepping,71284,71245,71284,39
sniffing,71415,71284,71415,131
stepping,71424,71415,71424,9
rising,71432,71424,71432,8
climbing,71477,71432,71477,45
rising,71478,71477,71478,1
rearing,71546,71478,71546,68
climbing,71595,71546,71595,49
rearing,71596,71595,71596,1
sniffing,71597,71596,71597,1
left_turning,71624,71597,71624,27
sniffing,71644,71624,71644,20
scratching,71749,71644,71749,105
walking,71768,71749,71768,19
stepping,71793,71768,71793,25
walking,71824,71793,71824,31
sniffing,71825,71824,71825,1
rising,71870,71825,71870,45
rearing,71974,71870,71974,104
grooming,71975,71974,71975,1
trotting,72025,71975,72025,50
walking,72036,72025,72036,11
trotting,72061,72036,72061,25
sniffing,72129,72061,72129,68
walking,72145,72129,72145,16
sniffing,72185,72145,72185,40
stepping,72224,72185,72224,39
sniffing,72254,72224,72254,30
walking,72313,72254,72313,59
grooming,72543,72313,72543,230
rearing,72628,72543,72628,85
sniffing,72673,72628,72673,45
climbing,72744,72673,72744,71
grooming,72855,72744,72855,111
stepping,72894,72855,72894,39
rising,72929,72894,72929,35
climbing,72961,72929,72961,32
jumping,73011,72961,73011,50
stepping,73082,73011,73082,71
climbing,73125,73082,73125,43
rearing,73256,73125,73256,131
sniffing,73296,73256,73296,40
walking,73309,73296,73309,13
sniffing,73393,73309,73393,84
climbing,73438,73393,73438,45
rearing,73492,73438,73492,54
hunching,73540,73492,73540,48
sniffing,73586,73540,73586,46
stepping,73602,73586,73602,16
climbing,73662,73602,73662,60
rearing,73682,73662,73682,20
sniffing,73718,73682,73718,36
rearing,73750,73718,73750,32
hunching,73830,73750,73830,80
rearing,73836,73830,73836,6
grooming,74266,73836,74266,430
sniffing,74267,74266,74267,1
walking,74269,74267,74269,2
sniffing,74311,74269,74311,42
stepping,74324,74311,74324,13
sniffing,74427,74324,74427,103
walking,74493,74427,74493,66
stepping,74542,74493,74542,49
rising,74787,74542,74787,245
sniffing,74817,74787,74817,30
stepping,74842,74817,74842,25
left_turning,74869,74842,74869,27
sniffing,74876,74869,74876,7
stepping,74937,74876,74937,61
climbing,75046,74937,75046,109
left_turning,75087,75046,75087,41
sniffing,75179,75087,75179,92
left_turning,75233,75179,75233,54
sniffing,75362,75233,75362,129
climbing,75397,75362,75397,35
stepping,75429,75397,75429,32
sniffing,75442,75429,75442,13
walking,75467,75442,75467,25
stepping,75470,75467,75470,3
walking,75512,75470,75512,42
sniffing,75572,75512,75572,60
grooming,75585,75572,75585,13
rearing,75648,75585,75648,63
sniffing,75705,75648,75705,57
stepping,75707,75705,75707,2
sniffing,75725,75707,75725,18
walking,75760,75725,75760,35
left_turning,75810,75760,75810,50
walking,75839,75810,75839,29
left_turning,75851,75839,75851,12
sniffing,75900,75851,75900,49
right_turning,75910,75900,75910,10
climbing,75942,75910,75942,32
stepping,75963,75942,75963,21
sniffing,75989,75963,75989,26
walking,76010,75989,76010,21
stepping,76048,76010,76048,38
climbing,76090,76048,76090,42
rearing,76091,76090,76091,1
sniffing,76122,76091,76122,31
rising,76158,76122,76158,36
climbing,76219,76158,76219,61
hunching,76261,76219,76261,42
rearing,76331,76261,76331,70
grooming,76332,76331,76332,1
right_turning,76342,76332,76342,10
walking,76361,76342,76361,19
right_turning,76389,76361,76389,28
trotting,76398,76389,76398,9
sniffing,76428,76398,76428,30
rising,76445,76428,76445,17
trotting,76446,76445,76446,1
running,76455,76446,76455,9
sniffing,76511,76455,76511,56
stepping,76515,76511,76515,4
sniffing,76561,76515,76561,46
right_turning,76594,76561,76594,33
walking,76632,76594,76632,38
rising,76641,76632,76641,9
right_turning,76642,76641,76642,1
sniffing,76726,76642,76726,84
walking,76745,76726,76745,19
sniffing,76796,76745,76796,51
stepping,76820,76796,76820,24
sniffing,76852,76820,76852,32
right_turning,76869,76852,76869,17
walking,76879,76869,76879,10
sniffing,76902,76879,76902,23
left_turning,76918,76902,76918,16
climbing,77037,76918,77037,119
rearing,77041,77037,77041,4
grooming,77053,77041,77053,12
sniffing,77067,77053,77067,14
rising,77075,77067,77075,8
sniffing,77187,77075,77187,112
walking,77207,77187,77207,20
stepping,77211,77207,77211,4
rising,77230,77211,77230,19
left_turning,77259,77230,77259,29
stepping,77269,77259,77269,10
sniffing,77388,77269,77388,119
rising,77416,77388,77416,28
climbing,77417,77416,77417,1
rising,77463,77417,77463,46
trotting,77480,77463,77480,17
walking,77500,77480,77500,20
left_turning,77501,77500,77501,1
sniffing,77525,77501,77525,24
rising,77541,77525,77541,16
climbing,77585,77541,77585,44
grooming,78120,77585,78120,535
sniffing,78149,78120,78149,29
walking,78180,78149,78180,31
right_turning,78205,78180,78205,25
stepping,78206,78205,78206,1
sniffing,78315,78206,78315,109
right_turning,78367,78315,78367,52
walking,78385,78367,78385,18
sniffing,78394,78385,78394,9
rearing,78395,78394,78395,1
grooming,78738,78395,78738,343
stepping,78756,78738,78756,18
rising,78772,78756,78772,16
climbing,78829,78772,78829,57
sniffing,78863,78829,78863,34
stepping,78867,78863,78867,4
sniffing,78871,78867,78871,4
stepping,78903,78871,78903,32
sniffing,78924,78903,78924,21
rising,78925,78924,78925,1
sniffing,78998,78925,78998,73
walking,79079,78998,79079,81
stepping,79080,79079,79080,1
sniffing,79133,79080,79133,53
walking,79156,79133,79156,23
climbing,79177,79156,79177,21
walking,79182,79177,79182,5
right_turning,79193,79182,79193,11
walking,79195,79193,79195,2
sniffing,79349,79195,79349,154
stepping,79397,79349,79397,48
sniffing,79415,79397,79415,18
grooming,79546,79415,79546,131
trotting,79584,79546,79584,38
stepping,79599,79584,79599,15
sniffing,79609,79599,79609,10
stepping,79622,79609,79622,13
sniffing,79623,79622,79623,1
left_turning,79651,79623,79651,28
trotting,79664,79651,79664,13
running,79696,79664,79696,32
walking,79746,79696,79746,50
sniffing,79747,79746,79747,1
walking,79773,79747,79773,26
left_turning,79836,79773,79836,63
stepping,79886,79836,79886,50
sniffing,79895,79886,79895,9
walking,79997,79895,79997,102
rearing,80046,79997,80046,49
grooming,80196,80046,80196,150
sniffing,80234,80196,80234,38
rearing,80320,80234,80320,86
climbing,80381,80320,80381,61
walking,80402,80381,80402,21
sniffing,80472,80402,80472,70
rising,80478,80472,80478,6
left_turning,80522,80478,80522,44
walking,80551,80522,80551,29
trotting,80578,80551,80578,27
sniffing,80623,80578,80623,45
grooming,80843,80623,80843,220
hunching,80923,80843,80923,80
grooming,80924,80923,80924,1
stepping,80933,80924,80933,9
sniffing,80941,80933,80941,8
rising,80970,80941,80970,29
grooming,80994,80970,80994,24
rising,81015,80994,81015,21
climbing,81058,81015,81058,43
right_turning,81068,81058,81068,10
walking,81102,81068,81102,34
sniffing,81145,81102,81145,43
rising,81205,81145,81205,60
rearing,81271,81205,81271,66
running,81292,81271,81292,21
walking,81361,81292,81361,69
sniffing,81375,81361,81375,14
stepping,81377,81375,81377,2
walking,81395,81377,81395,18
scratching,81473,81395,81473,78
grooming,81510,81473,81510,37
rearing,81548,81510,81548,38
left_turning,81561,81548,81561,13
stepping,81604,81561,81604,43
climbing,81619,81604,81619,15
sniffing,81620,81619,81620,1
grooming,81621,81620,81621,1
walking,81653,81621,81653,32
trotting,81677,81653,81677,24
sniffing,81693,81677,81693,16
grooming,81728,81693,81728,35
rearing,81751,81728,81751,23
sniffing,81809,81751,81809,58
stepping,81823,81809,81823,14
rising,81835,81823,81835,12
sniffing,81881,81835,81881,46
stepping,81922,81881,81922,41
climbing,81937,81922,81937,15
rearing,82082,81937,82082,145
climbing,82113,82082,82113,31
grooming,82230,82113,82230,117
scratching,82231,82230,82231,1
sniffing,82286,82231,82286,55
stepping,82301,82286,82301,15
grooming,82516,82301,82516,215
sniffing,82575,82516,82575,59
hunching,82616,82575,82616,41
rearing,82682,82616,82682,66
climbing,82747,82682,82747,65
walking,82794,82747,82794,47
grooming,82795,82794,82795,1
sniffing,82796,82795,82796,1
rearing,82891,82796,82891,95
grooming,82892,82891,82892,1
walking,82904,82892,82904,12
trotting,82943,82904,82943,39
stepping,82997,82943,82997,54
sniffing,83056,82997,83056,59
stepping,83096,83056,83096,40
sniffing,83192,83096,83192,96
left_turning,83197,83192,83197,5
grooming,83213,83197,83213,16
left_turning,83214,83213,83214,1
stepping,83223,83214,83223,9
sniffing,83244,83223,83244,21
walking,83266,83244,83266,22
sniffing,83267,83266,83267,1
stepping,83309,83267,83309,42
rearing,83393,83309,83393,84
climbing,83394,83393,83394,1
sniffing,83421,83394,83421,27
rearing,83591,83421,83591,170
walking,83640,83591,83640,49
sniffing,83676,83640,83676,36
grooming,83677,83676,83677,1
sniffing,83751,83677,83751,74
rising,83792,83751,83792,41
sniffing,83838,83792,83838,46
grooming,83964,83838,83964,126
right_turning,83980,83964,83980,16
sniffing,84102,83980,84102,122
rising,84241,84102,84241,139
stepping,84268,84241,84268,27
grooming,84556,84268,84556,288
sniffing,84611,84556,84611,55
walking,84614,84611,84614,3
right_turning,84627,84614,84627,13
stepping,84640,84627,84640,13
rising,84646,84640,84646,6
sniffing,84718,84646,84718,72
walking,84731,84718,84731,13
hunching,84796,84731,84796,65
rearing,84798,84796,84798,2
running,84825,84798,84825,27
walking,84843,84825,84843,18
rearing,84882,84843,84882,39
sniffing,84901,84882,84901,19
left_turning,84924,84901,84924,23
stepping,84991,84924,84991,67
sniffing,84992,84991,84992,1
rising,85065,84992,85065,73
rearing,85180,85065,85180,115
grooming,85304,85180,85304,124
sniffing,85350,85304,85350,46
rising,85359,85350,85359,9
rearing,85360,85359,85360,1
walking,85362,85360,85362,2
sniffing,85367,85362,85367,5
stepping,85368,85367,85368,1
running,85409,85368,85409,41
sniffing,85558,85409,85558,149
walking,85584,85558,85584,26
sniffing,85667,85584,85667,83
running,85718,85667,85718,51
trotting,85719,85718,85719,1
stepping,85739,85719,85739,20
sniffing,85783,85739,85783,44
hunching,85791,85783,85791,8
rising,85814,85791,85814,23
sniffing,85836,85814,85836,22
rearing,86147,85836,86147,311
grooming,86239,86147,86239,92
climbing,86310,86239,86310,71
grooming,86461,86310,86461,151
rearing,86505,86461,86505,44
stepping,86529,86505,86529,24
walking,86533,86529,86533,4
sniffing,86534,86533,86534,1
walking,86556,86534,86556,22
trotting,86575,86556,86575,19
sniffing,86625,86575,86625,50
walking,86642,86625,86642,17
sniffing,86654,86642,86654,12
rising,86716,86654,86716,62
sniffing,86747,86716,86747,31
climbing,86788,86747,86788,41
running,86813,86788,86813,25
sniffing,86829,86813,86829,16
walking,86861,86829,86861,32
sniffing,86935,86861,86935,74
walking,86938,86935,86938,3
sniffing,87025,86938,87025,87
walking,87066,87025,87066,41
sniffing,87098,87066,87098,32
grooming,87313,87098,87313,215
left_turning,87342,87313,87342,29
sniffing,87398,87342,87398,56
rising,87419,87398,87419,21
rearing,87435,87419,87435,16
left_turning,87436,87435,87436,1
walking,87449,87436,87449,13
stepping,87490,87449,87490,41
grooming,87592,87490,87592,102
rearing,87848,87592,87848,256
hunching,87850,87848,87850,2
grooming,88068,87850,88068,218
stepping,88101,88068,88101,33
walking,88133,88101,88133,32
trotting,88161,88133,88161,28
stepping,88213,88161,88213,52
sniffing,88248,88213,88248,35
climbing,88304,88248,88304,56
running,88326,88304,88326,22
trotting,88338,88326,88338,12
stepping,88374,88338,88374,36
grooming,88635,88374,88635,261
hunching,88734,88635,88734,99
sniffing,88735,88734,88735,1
walking,88745,88735,88745,10
running,88764,88745,88764,19
stepping,88803,88764,88803,39
rising,89023,88803,89023,220
sniffing,89045,89023,89045,22
walking,89065,89045,89065,20
sniffing,89102,89065,89102,37
left_turning,89124,89102,89124,22
sniffing,89224,89124,89224,100
stepping,89232,89224,89232,8
walking,89297,89232,89297,65
sniffing,89313,89297,89313,16
rearing,89348,89313,89348,35
left_turning,89349,89348,89349,1
walking,89399,89349,89399,50
grooming,89661,89399,89661,262
sniffing,89680,89661,89680,19
rising,89727,89680,89727,47
sniffing,89793,89727,89793,66
stepping,89813,89793,89813,20
walking,89842,89813,89842,29
sniffing,89907,89842,89907,65
right_turning,89916,89907,89916,9
rearing,89950,89916,89950,34
running,89979,89950,89979,29
right_turning,90012,89979,90012,33
rearing,90081,90012,90081,69
climbing,90135,90081,90135,54
running,90157,90135,90157,22
climbing,90204,90157,90204,47
rearing,90233,90204,90233,29
hunching,90293,90233,90293,60
rearing,90303,90293,90303,10
grooming,90328,90303,90328,25
sniffing,90399,90328,90399,71
walking,90424,90399,90424,25
stepping,90462,90424,90462,38
running,90479,90462,90479,17
walking,90519,90479,90519,40
sniffing,90539,90519,90539,20
rising,90560,90539,90560,21
sniffing,90600,90560,90600,40
rearing,90664,90600,90664,64
grooming,90766,90664,90766,102
rearing,90771,90766,90771,5
sniffing,90776,90771,90776,5
grooming,90811,90776,90811,35
sniffing,90812,90811,90812,1
grooming,90841,90812,90841,29
sniffing,90844,90841,90844,3
rising,90906,90844,90906,62
climbing,90998,90906,90998,92
sniffing,91063,90998,91063,65
grooming,91064,91063,91064,1
sniffing,91089,91064,91089,25
left_turning,91165,91089,91165,76
stepping,91189,91165,91189,24
sniffing,91253,91189,91253,64
climbing,91302,91253,91302,49
grooming,91303,91302,91303,1
rising,91313,91303,91313,10
climbing,91348,91313,91348,35
rising,91417,91348,91417,69
sniffing,91499,91417,91499,82
rising,91535,91499,91535,36
left_turning,91551,91535,91551,16
stepping,91566,91551,91566,15
walking,91616,91566,91616,50
sniffing,91722,91616,91722,106
scratching,91786,91722,91786,64
grooming,91787,91786,91787,1
sniffing,91788,91787,91788,1
walking,91827,91788,91827,39
sniffing,91828,91827,91828,1
rearing,91955,91828,91955,127
rising,91976,91955,91976,21
left_turning,92045,91976,92045,69
walking,92087,92045,92087,42
sniffing,92110,92087,92110,23
rising,92111,92110,92111,1
right_turning,92154,92111,92154,43
sniffing,92184,92154,92184,30
rising,92217,92184,92217,33
rearing,92227,92217,92227,10
left_turning,92280,92227,92280,53
climbing,92326,92280,92326,46
left_turning,92354,92326,92354,28
walking,92384,92354,92384,30
grooming,92449,92384,92449,65
rearing,92528,92449,92528,79
sniffing,92546,92528,92546,18
stepping,92568,92546,92568,22
sniffing,92608,92568,92608,40
walking,92626,92608,92626,18
sniffing,92670,92626,92670,44
stepping,92673,92670,92673,3
sniffing,92758,92673,92758,85
rising,92781,92758,92781,23
climbing,92788,92781,92788,7
grooming,92866,92788,92866,78
climbing,92888,92866,92888,22
left_turning,92893,92888,92893,5
stepping,92915,92893,92915,22
left_turning,92986,92915,92986,71
rising,93010,92986,93010,24
right_turning,93019,93010,93019,9
stepping,93042,93019,93042,23
walking,93105,93042,93105,63
sniffing,93135,93105,93135,30
walking,93157,93135,93157,22
rising,93184,93157,93184,27
climbing,93235,93184,93235,51
grooming,93330,93235,93330,95
left_turning,93331,93330,93331,1
rearing,93384,93331,93384,53
stepping,93437,93384,93437,53
walking,93551,93437,93551,114
stepping,93570,93551,93570,19
sniffing,93598,93570,93598,28
right_turning,93616,93598,93616,18
walking,93623,93616,93623,7
sniffing,93690,93623,93690,67
left_turning,93714,93690,93714,24
rearing,93746,93714,93746,32
grooming,93889,93746,93889,143
rearing,93962,93889,93962,73
grooming,93963,93962,93963,1
sniffing,93964,93963,93964,1
stepping,93991,93964,93991,27
rising,94030,93991,94030,39
climbing,94059,94030,94059,29
left_turning,94080,94059,94080,21
sniffing,94100,94080,94100,20
stepping,94115,94100,94115,15
sniffing,94160,94115,94160,45
walking,94186,94160,94186,26
grooming,94187,94186,94187,1
sniffing,94318,94187,94318,131
left_turning,94340,94318,94340,22
walking,94348,94340,94348,8
sniffing,94380,94348,94380,32
stepping,94417,94380,94417,37
walking,94432,94417,94432,15
right_turning,94448,94432,94448,16
rising,94509,94448,94509,61
right_turning,94536,94509,94536,27
walking,94577,94536,94577,41
stepping,94603,94577,94603,26
walking,94635,94603,94635,32
stepping,94663,94635,94663,28
climbing,94686,94663,94686,23
sniffing,94709,94686,94709,23
grooming,94710,94709,94710,1
walking,94711,94710,94711,1
stepping,94730,94711,94730,19
sniffing,94738,94730,94738,8
grooming,94824,94738,94824,86
right_turning,94825,94824,94825,1
grooming,94826,94825,94826,1
climbing,94893,94826,94893,67
grooming,95043,94893,95043,150
stepping,95055,95043,95055,12
sniffing,95056,95055,95056,1
walking,95105,95056,95105,49
trotting,95131,95105,95131,26
walking,95138,95131,95138,7
rising,95195,95138,95195,57
climbing,95232,95195,95232,37
grooming,95243,95232,95243,11
rearing,95257,95243,95257,14
hunching,95291,95257,95291,34
left_turning,95306,95291,95306,15
sniffing,95402,95306,95402,96
walking,95462,95402,95462,60
trotting,95463,95462,95463,1
grooming,95543,95463,95543,80
running,95574,95543,95574,31
trotting,95609,95574,95609,35
stepping,95634,95609,95634,25
sniffing,95743,95634,95743,109
rising,95744,95743,95744,1
grooming,95776,95744,95776,32
stepping,95811,95776,95811,35
sniffing,96065,95811,96065,254
rising,96067,96065,96067,2
sniffing,96070,96067,96070,3
stepping,96071,96070,96071,1
rearing,96122,96071,96122,51
grooming,96633,96122,96633,511
sniffing,96634,96633,96634,1
rising,96653,96634,96653,19
grooming,96693,96653,96693,40
rearing,96697,96693,96697,4
trotting,96701,96697,96701,4
sniffing,96721,96701,96721,20
stepping,96722,96721,96722,1
sniffing,96758,96722,96758,36
grooming,96759,96758,96759,1
left_turning,96780,96759,96780,21
stepping,96794,96780,96794,14
sniffing,96801,96794,96801,7
stepping,96822,96801,96822,21
sniffing,96875,96822,96875,53
grooming,97830,96875,97830,955
stepping,97844,97830,97844,14
trotting,97874,97844,97874,30
rising,97912,97874,97912,38
rearing,97919,97912,97919,7
jumping,98142,97919,98142,223
rearing,98174,98142,98174,32
climbing,98223,98174,98223,49
rising,98292,98223,98292,69
hunching,98428,98292,98428,136
walking,98471,98428,98471,43
sniffing,98472,98471,98472,1
stepping,98488,98472,98488,16
grooming,98489,98488,98489,1
sniffing,98556,98489,98556,67
scratching,98571,98556,98571,15
grooming,98582,98571,98582,11
walking,98615,98582,98615,33
stepping,98660,98615,98660,45
climbing,98722,98660,98722,62
hunching,98766,98722,98766,44
left_turning,98801,98766,98801,35
walking,98820,98801,98820,19
sniffing,98875,98820,98875,55
grooming,98953,98875,98953,78
climbing,98986,98953,98986,33
rearing,99018,98986,99018,32
scratching,99026,99018,99026,8
grooming,99027,99026,99027,1
walking,99045,99027,99045,18
left_turning,99054,99045,99054,9
stepping,99117,99054,99117,63
grooming,99297,99117,99297,180
left_turning,99353,99297,99353,56
stepping,99369,99353,99369,16
sniffing,99403,99369,99403,34
stepping,99427,99403,99427,24
sniffing,99467,99427,99467,40
walking,99513,99467,99513,46
stepping,99567,99513,99567,54
walking,99643,99567,99643,76
right_turning,99644,99643,99644,1
left_turning,99722,99644,99722,78
stepping,99727,99722,99727,5
climbing,99776,99727,99776,49
rearing,99825,99776,99825,49
right_turning,99831,99825,99831,6
walking,99840,99831,99840,9
stepping,99879,99840,99879,39
trotting,99901,99879,99901,22
sniffing,99953,99901,99953,52
grooming,99954,99953,99954,1
left_turning,99957,99954,99957,3
stepping,100000,99957,100000,43
rising,100028,100000,100028,28
rearing,100029,100028,100029,1
grooming,100030,100029,100030,1
stepping,100079,100030,100079,49
sniffing,100093,100079,100093,14
stepping,100139,100093,100139,46
sniffing,100171,100139,100171,32
right_turning,100177,100171,100177,6
stepping,100186,100177,100186,9
grooming,100187,100186,100187,1
hunching,100232,100187,100232,45
rearing,100247,100232,100247,15
grooming,100374,100247,100374,127
sniffing,100377,100374,100377,3
stepping,100380,100377,100380,3
sniffing,100381,100380,100381,1
grooming,100382,100381,100382,1
rearing,100452,100382,100452,70
sniffing,100453,100452,100453,1
stepping,100467,100453,100467,14
rising,100597,100467,100597,130
rearing,100659,100597,100659,62
grooming,100752,100659,100752,93
sniffing,100869,100752,100869,117
stepping,100876,100869,100876,7
grooming,101605,100876,101605,729
sniffing,101676,101605,101676,71
left_turning,101729,101676,101729,53
sniffing,101773,101729,101773,44
grooming,102125,101773,102125,352
scratching,102179,102125,102179,54
sniffing,102248,102179,102248,69
grooming,102420,102248,102420,172
climbing,102421,102420,102421,1
grooming,102551,102421,102551,130
sniffing,102663,102551,102663,112
walking,102711,102663,102711,48
sniffing,102763,102711,102763,52
rising,102775,102763,102775,12
left_turning,102827,102775,102827,52
walking,102847,102827,102847,20
sniffing,103003,102847,103003,156
rising,103023,103003,103023,20
left_turning,103029,103023,103029,6
rearing,103122,103029,103122,93
sniffing,103261,103122,103261,139
walking,103303,103261,103303,42
right_turning,103320,103303,103320,17
rearing,103446,103320,103446,126
hunching,103526,103446,103526,80
grooming,103649,103526,103649,123
sniffing,103650,103649,103650,1
stepping,103692,103650,103692,42
sniffing,103754,103692,103754,62
scratching,103807,103754,103807,53
left_turning,103839,103807,103839,32
walking,103903,103839,103903,64
sniffing,103908,103903,103908,5
left_turning,103972,103908,103972,64
rearing,104096,103972,104096,124
grooming,104382,104096,104382,286
walking,104384,104382,104384,2
sniffing,104385,104384,104385,1
walking,104386,104385,104386,1
sniffing,104431,104386,104431,45
stepping,104432,104431,104432,1
sniffing,104503,104432,104503,71
left_turning,104521,104503,104521,18
hunching,104591,104521,104591,70
stepping,104616,104591,104616,25
sniffing,104720,104616,104720,104
stepping,104753,104720,104753,33
walking,104754,104753,104754,1
sniffing,104797,104754,104797,43
right_turning,104798,104797,104798,1
walking,104817,104798,104817,19
rising,104818,104817,104818,1
rearing,104904,104818,104904,86
sniffing,104945,104904,104945,41
left_turning,105011,104945,105011,66
stepping,105074,105011,105074,63
grooming,105075,105074,105075,1
sniffing,105109,105075,105109,34
rising,105110,105109,105110,1
grooming,105177,105110,105177,67
hunching,105252,105177,105252,75
grooming,105253,105252,105253,1
left_turning,105290,105253,105290,37
scratching,105291,105290,105291,1
sniffing,105333,105291,105333,42
stepping,105334,105333,105334,1
grooming,105502,105334,105502,168
stepping,105521,105502,105521,19
sniffing,105570,105521,105570,49
rising,105590,105570,105590,20
climbing,105591,105590,105591,1
rearing,105970,105591,105970,379
sniffing,106082,105970,106082,112
left_turning,106083,106082,106083,1
sniffing,106092,106083,106092,9
grooming,106093,106092,106093,1
rising,106131,106093,106131,38
climbing,106218,106131,106218,87
right_turning,106243,106218,106243,25
stepping,106249,106243,106249,6
trotting,106254,106249,106254,5
running,106277,106254,106277,23
stepping,106290,106277,106290,13
sniffing,106291,106290,106291,1
left_turning,106310,106291,106310,19
sniffing,106311,106310,106311,1
stepping,106321,106311,106321,10
walking,106374,106321,106374,53
sniffing,106375,106374,106375,1
left_turning,106412,106375,106412,37
rising,106413,106412,106413,1
climbing,106414,106413,106414,1
sniffing,106431,106414,106431,17
walking,106464,106431,106464,33
running,106484,106464,106484,20
trotting,106499,106484,106499,15
stepping,106529,106499,106529,30
sniffing,106717,106529,106717,188
rising,106815,106717,106815,98
rearing,106834,106815,106834,19
left_turning,106863,106834,106863,29
walking,106864,106863,106864,1
rising,106926,106864,106926,62
walking,106975,106926,106975,49
stepping,106987,106975,106987,12
climbing,106992,106987,106992,5
grooming,107007,106992,107007,15
rearing,107128,107007,107128,121
grooming,107141,107128,107141,13
sniffing,107158,107141,107158,17
grooming,107246,107158,107246,88
climbing,107266,107246,107266,20
rearing,107412,107266,107412,146
left_turning,107466,107412,107466,54
hunching,107467,107466,107467,1
grooming,107468,107467,107468,1
left_turning,107469,107468,107469,1
walking,107471,107469,107471,2
rearing,107677,107471,107677,206
climbing,107719,107677,107719,42
rising,107790,107719,107790,71
rearing,107872,107790,107872,82
left_turning,107900,107872,107900,28
running,107923,107900,107923,23
walking,107924,107923,107924,1
stepping,107961,107924,107961,37
right_turning,107962,107961,107962,1
rearing,108000,107962,108000,38
