revised_movement_label,segBoundary,segBoundary_start,segBoundary_end,length
sniffing,59,0,59,59
walking,117,59,117,58
stepping,121,117,121,4
walking,143,121,143,22
trotting,145,143,145,2
stepping,169,145,169,24
sniffing,233,169,233,64
walking,255,233,255,22
trotting,285,255,285,30
walking,293,285,293,8
stepping,310,293,310,17
sniffing,347,310,347,37
stepping,408,347,408,61
running,457,408,457,49
trotting,478,457,478,21
stepping,497,478,497,19
sniffing,515,497,515,18
grooming,516,515,516,1
rearing,517,516,517,1
sniffing,559,517,559,42
stepping,585,559,585,26
rising,629,585,629,44
rearing,658,629,658,29
grooming,731,658,731,73
rearing,750,731,750,19
grooming,863,750,863,113
sniffing,934,863,934,71
grooming,997,934,997,63
sniffing,998,997,998,1
rising,1032,998,1032,34
sniffing,1098,1032,1098,66
walking,1111,1098,1111,13
sniffing,1112,1111,1112,1
stepping,1163,1112,1163,51
sniffing,1190,1163,1190,27
rising,1290,1190,1290,100
hunching,1519,1290,1519,229
grooming,1557,1519,1557,38
rising,1635,1557,1635,78
grooming,2155,1635,2155,520
walking,2189,2155,2189,34
sniffing,2226,2189,2226,37
stepping,2271,2226,2271,45
rising,2294,2271,2294,23
rearing,2295,2294,2295,1
sniffing,2327,2295,2327,32
walking,2345,2327,2345,18
running,2384,2345,2384,39
trotting,2391,2384,2391,7
stepping,2392,2391,2392,1
sniffing,2448,2392,2448,56
stepping,2467,2448,2467,19
trotting,2474,2467,2474,7
walking,2547,2474,2547,73
running,2583,2547,2583,36
trotting,2607,2583,2607,24
walking,2618,2607,2618,11
stepping,2632,2618,2632,14
sniffing,2641,2632,2641,9
hunching,2702,2641,2702,61
grooming,2703,2702,2703,1
sniffing,2737,2703,2737,34
running,2776,2737,2776,39
trotting,2798,2776,2798,22
stepping,2831,2798,2831,33
sniffing,2847,2831,2847,16
hunching,2848,2847,2848,1
trotting,2872,2848,2872,24
walking,2921,2872,2921,49
rising,2924,2921,2924,3
running,2927,2924,2927,3
stepping,3003,2927,3003,76
sniffing,3024,3003,3024,21
right_turning,3038,3024,3038,14
walking,3065,3038,3065,27
stepping,3066,3065,3066,1
rising,3082,3066,3082,16
left_turning,3106,3082,3106,24
sniffing,3157,3106,3157,51
rising,3167,3157,3167,10
sniffing,3189,3167,3189,22
grooming,3190,3189,3190,1
left_turning,3191,3190,3191,1
sniffing,3192,3191,3192,1
rising,3304,3192,3304,112
left_turning,3371,3304,3371,67
walking,3452,3371,3452,81
sniffing,3483,3452,3483,31
trotting,3485,3483,3485,2
walking,3562,3485,3562,77
stepping,3573,3562,3573,11
running,3589,3573,3589,16
walking,3635,3589,3635,46
trotting,3669,3635,3669,34
running,3698,3669,3698,29
walking,3743,3698,3743,45
stepping,3788,3743,3788,45
rising,3848,3788,3848,60
sniffing,3849,3848,3849,1
grooming,3865,3849,3865,16
running,3887,3865,3887,22
trotting,3895,3887,3895,8
stepping,3940,3895,3940,45
walking,3961,3940,3961,21
sniffing,4009,3961,4009,48
grooming,4085,4009,4085,76
stepping,4109,4085,4109,24
walking,4128,4109,4128,19
stepping,4151,4128,4151,23
sniffing,4190,4151,4190,39
running,4212,4190,4212,22
walking,4223,4212,4223,11
right_turning,4252,4223,4252,29
walking,4271,4252,4271,19
trotting,4310,4271,4310,39
stepping,4321,4310,4321,11
right_turning,4322,4321,4322,1
trotting,4359,4322,4359,37
sniffing,4362,4359,4362,3
grooming,4363,4362,4363,1
right_turning,4372,4363,4372,9
walking,4404,4372,4404,32
rising,4414,4404,4414,10
rearing,4419,4414,4419,5
right_turning,4455,4419,4455,36
walking,4478,4455,4478,23
sniffing,4561,4478,4561,83
stepping,4568,4561,4568,7
sniffing,4569,4568,4569,1
left_turning,4621,4569,4621,52
sniffing,4634,4621,4634,13
rising,4685,4634,4685,51
sniffing,4716,4685,4716,31
rising,4768,4716,4768,52
walking,4794,4768,4794,26
rising,4901,4794,4901,107
stepping,5001,4901,5001,100
running,5017,5001,5017,16
sniffing,5036,5017,5036,19
grooming,5118,5036,5118,82
rearing,5122,5118,5122,4
grooming,5123,5122,5123,1
stepping,5136,5123,5136,13
sniffing,5189,5136,5189,53
rising,5193,5189,5193,4
walking,5230,5193,5230,37
stepping,5245,5230,5245,15
right_turning,5276,5245,5276,31
walking,5304,5276,5304,28
sniffing,5396,5304,5396,92
left_turning,5406,5396,5406,10
sniffing,5407,5406,5407,1
rising,5409,5407,5409,2
walking,5461,5409,5461,52
sniffing,5462,5461,5462,1
rearing,5602,5462,5602,140
rising,5651,5602,5651,49
walking,5667,5651,5667,16
stepping,5695,5667,5695,28
grooming,5829,5695,5829,134
left_turning,5872,5829,5872,43
stepping,5885,5872,5885,13
left_turning,5915,5885,5915,30
stepping,5954,5915,5954,39
walking,5974,5954,5974,20
trotting,6028,5974,6028,54
rising,6057,6028,6057,29
sniffing,6130,6057,6130,73
trotting,6138,6130,6138,8
stepping,6178,6138,6178,40
sniffing,6285,6178,6285,107
walking,6339,6285,6339,54
stepping,6392,6339,6392,53
walking,6398,6392,6398,6
sniffing,6459,6398,6459,61
stepping,6481,6459,6481,22
running,6509,6481,6509,28
sniffing,6610,6509,6610,101
rising,6629,6610,6629,19
walking,6645,6629,6645,16
right_turning,6652,6645,6652,7
sniffing,6653,6652,6653,1
walking,6654,6653,6654,1
sniffing,6694,6654,6694,40
walking,6703,6694,6703,9
running,6733,6703,6733,30
trotting,6774,6733,6774,41
rising,6890,6774,6890,116
stepping,6971,6890,6971,81
sniffing,6978,6971,6978,7
left_turning,7011,6978,7011,33
walking,7035,7011,7035,24
rising,7040,7035,7040,5
grooming,7041,7040,7041,1
right_turning,7067,7041,7067,26
walking,7076,7067,7076,9
rising,7094,7076,7094,18
rearing,7158,7094,7158,64
climbing,7180,7158,7180,22
grooming,7315,7180,7315,135
sniffing,7345,7315,7345,30
walking,7389,7345,7389,44
rising,7474,7389,7474,85
walking,7509,7474,7509,35
sniffing,7510,7509,7510,1
walking,7531,7510,7531,21
sniffing,7555,7531,7555,24
grooming,7701,7555,7701,146
sniffing,7771,7701,7771,70
left_turning,7778,7771,7778,7
stepping,7811,7778,7811,33
sniffing,7812,7811,7812,1
rising,7814,7812,7814,2
stepping,7835,7814,7835,21
sniffing,7864,7835,7864,29
rising,7889,7864,7889,25
sniffing,7895,7889,7895,6
stepping,7935,7895,7935,40
left_turning,7949,7935,7949,14
trotting,7953,7949,7953,4
left_turning,7985,7953,7985,32
grooming,7996,7985,7996,11
stepping,8021,7996,8021,25
walking,8115,8021,8115,94
sniffing,8147,8115,8147,32
left_turning,8186,8147,8186,39
sniffing,8293,8186,8293,107
rearing,8294,8293,8294,1
climbing,8324,8294,8324,30
left_turning,8373,8324,8373,49
stepping,8416,8373,8416,43
rising,8454,8416,8454,38
grooming,8604,8454,8604,150
walking,8641,8604,8641,37
rising,8692,8641,8692,51
hunching,8742,8692,8742,50
grooming,8743,8742,8743,1
stepping,8753,8743,8753,10
sniffing,8760,8753,8760,7
rising,8794,8760,8794,34
sniffing,8865,8794,8865,71
stepping,8884,8865,8884,19
walking,8960,8884,8960,76
rising,9004,8960,9004,44
climbing,9030,9004,9030,26
rearing,9037,9030,9037,7
climbing,9108,9037,9108,71
rearing,9121,9108,9121,13
sniffing,9122,9121,9122,1
rising,9132,9122,9132,10
sniffing,9163,9132,9163,31
walking,9203,9163,9203,40
rising,9217,9203,9217,14
grooming,9218,9217,9218,1
walking,9227,9218,9227,9
stepping,9262,9227,9262,35
walking,9274,9262,9274,12
sniffing,9312,9274,9312,38
rising,9327,9312,9327,15
grooming,9328,9327,9328,1
sniffing,9350,9328,9350,22
stepping,9391,9350,9391,41
sniffing,9434,9391,9434,43
right_turning,9449,9434,9449,15
walking,9479,9449,9479,30
rising,9533,9479,9533,54
rearing,9534,9533,9534,1
running,9555,9534,9555,21
walking,9598,9555,9598,43
stepping,9599,9598,9599,1
sniffing,9636,9599,9636,37
trotting,9650,9636,9650,14
sniffing,9719,9650,9719,69
left_turning,9720,9719,9720,1
walking,9777,9720,9777,57
sniffing,9843,9777,9843,66
walking,9872,9843,9872,29
rearing,9901,9872,9901,29
climbing,9956,9901,9956,55
hunching,9957,9956,9957,1
grooming,9958,9957,9958,1
running,9987,9958,9987,29
stepping,10010,9987,10010,23
sniffing,10015,10010,10015,5
grooming,10177,10015,10177,162
trotting,10204,10177,10204,27
grooming,10507,10204,10507,303
rising,10508,10507,10508,1
sniffing,10541,10508,10541,33
rearing,10700,10541,10700,159
hunching,10819,10700,10819,119
rearing,10835,10819,10835,16
rising,10994,10835,10994,159
grooming,11195,10994,11195,201
stepping,11227,11195,11227,32
sniffing,11336,11227,11336,109
walking,11369,11336,11369,33
sniffing,11460,11369,11460,91
stepping,11461,11460,11461,1
rising,11522,11461,11522,61
walking,11549,11522,11549,27
grooming,11730,11549,11730,181
rising,11737,11730,11737,7
sniffing,11742,11737,11742,5
grooming,11950,11742,11950,208
walking,11978,11950,11978,28
left_turning,11992,11978,11992,14
grooming,12781,11992,12781,789
left_turning,12794,12781,12794,13
walking,12796,12794,12796,2
sniffing,12852,12796,12852,56
stepping,12890,12852,12890,38
walking,12891,12890,12891,1
sniffing,12896,12891,12896,5
stepping,12897,12896,12897,1
climbing,12922,12897,12922,25
left_turning,12962,12922,12962,40
rearing,12986,12962,12986,24
rising,13041,12986,13041,55
hunching,13042,13041,13042,1
rearing,13208,13042,13208,166
grooming,13387,13208,13387,179
sniffing,13404,13387,13404,17
stepping,13453,13404,13453,49
climbing,13511,13453,13511,58
left_turning,13523,13511,13523,12
walking,13550,13523,13550,27
trotting,13586,13550,13586,36
rising,13603,13586,13603,17
left_turning,13657,13603,13657,54
sniffing,13721,13657,13721,64
stepping,13772,13721,13772,51
grooming,13773,13772,13773,1
hunching,13883,13773,13883,110
rearing,13899,13883,13899,16
grooming,14087,13899,14087,188
rearing,14138,14087,14138,51
climbing,14197,14138,14197,59
sniffing,14233,14197,14233,36
stepping,14253,14233,14253,20
sniffing,14267,14253,14267,14
stepping,14268,14267,14268,1
climbing,14305,14268,14305,37
walking,14328,14305,14328,23
right_turning,14354,14328,14354,26
walking,14417,14354,14417,63
rising,14447,14417,14447,30
climbing,14505,14447,14505,58
grooming,14506,14505,14506,1
sniffing,14607,14506,14607,101
walking,14622,14607,14622,15
right_turning,14637,14622,14637,15
trotting,14687,14637,14687,50
climbing,14735,14687,14735,48
grooming,14736,14735,14736,1
trotting,14773,14736,14773,37
walking,14800,14773,14800,27
stepping,14840,14800,14840,40
walking,14948,14840,14948,108
grooming,15174,14948,15174,226
scratching,15227,15174,15227,53
sniffing,15235,15227,15235,8
stepping,15271,15235,15271,36
grooming,15588,15271,15588,317
walking,15598,15588,15598,10
stepping,15599,15598,15599,1
walking,15600,15599,15600,1
running,15623,15600,15623,23
walking,15652,15623,15652,29
sniffing,15653,15652,15653,1
stepping,15674,15653,15674,21
grooming,15675,15674,15675,1
rearing,15756,15675,15756,81
climbing,15806,15756,15806,50
left_turning,15849,15806,15849,43
sniffing,15921,15849,15921,72
stepping,15940,15921,15940,19
walking,15951,15940,15951,11
stepping,15975,15951,15975,24
rearing,15976,15975,15976,1
climbing,16020,15976,16020,44
sniffing,16021,16020,16021,1
walking,16077,16021,16077,56
sniffing,16152,16077,16152,75
rising,16169,16152,16169,17
sniffing,16226,16169,16226,57
rising,16255,16226,16255,29
sniffing,16272,16255,16272,17
stepping,16288,16272,16288,16
rising,16299,16288,16299,11
rearing,16319,16299,16319,20
grooming,16382,16319,16382,63
left_turning,16383,16382,16383,1
trotting,16421,16383,16421,38
sniffing,16442,16421,16442,21
stepping,16465,16442,16465,23
sniffing,16518,16465,16518,53
right_turning,16540,16518,16540,22
sniffing,16541,16540,16541,1
climbing,16575,16541,16575,34
grooming,16576,16575,16576,1
stepping,16606,16576,16606,30
grooming,16607,16606,16607,1
rearing,16700,16607,16700,93
grooming,16701,16700,16701,1
walking,16806,16701,16806,105
rising,16807,16806,16807,1
rearing,16873,16807,16873,66
hunching,16917,16873,16917,44
rearing,17270,16917,17270,353
rising,17281,17270,17281,11
rearing,17379,17281,17379,98
grooming,17562,17379,17562,183
rising,17633,17562,17633,71
stepping,17666,17633,17666,33
sniffing,17705,17666,17705,39
walking,17706,17705,17706,1
stepping,17720,17706,17720,14
walking,17775,17720,17775,55
rising,17806,17775,17806,31
climbing,17843,17806,17843,37
sniffing,17911,17843,17911,68
rearing,18020,17911,18020,109
hunching,18179,18020,18179,159
grooming,18657,18179,18657,478
hunching,18735,18657,18735,78
rising,18744,18735,18744,9
grooming,18745,18744,18745,1
climbing,18805,18745,18805,60
left_turning,18840,18805,18840,35
stepping,18889,18840,18889,49
sniffing,18940,18889,18940,51
rising,18979,18940,18979,39
rearing,19015,18979,19015,36
grooming,19260,19015,19260,245
stepping,19294,19260,19294,34
sniffing,19381,19294,19381,87
grooming,19533,19381,19533,152
right_turning,19567,19533,19567,34
grooming,19872,19567,19872,305
hunching,19925,19872,19925,53
left_turning,19952,19925,19952,27
grooming,20119,19952,20119,167
walking,20125,20119,20125,6
rearing,20193,20125,20193,68
grooming,20316,20193,20316,123
left_turning,20347,20316,20347,31
walking,20348,20347,20348,1
sniffing,20379,20348,20379,31
grooming,20629,20379,20629,250
left_turning,20632,20629,20632,3
climbing,20662,20632,20662,30
sniffing,20753,20662,20753,91
trotting,20770,20753,20770,17
stepping,20820,20770,20820,50
trotting,20854,20820,20854,34
rising,20905,20854,20905,51
climbing,20938,20905,20938,33
grooming,20939,20938,20939,1
hunching,20996,20939,20996,57
left_turning,21040,20996,21040,44
sniffing,21067,21040,21067,27
grooming,21140,21067,21140,73
sniffing,21250,21140,21250,110
right_turning,21277,21250,21277,27
stepping,21322,21277,21322,45
left_turning,21337,21322,21337,15
sniffing,21344,21337,21344,7
rising,21606,21344,21606,262
stepping,21607,21606,21607,1
sniffing,21616,21607,21616,9
stepping,21645,21616,21645,29
walking,21646,21645,21646,1
trotting,21670,21646,21670,24
walking,21705,21670,21705,35
sniffing,21716,21705,21716,11
climbing,21760,21716,21760,44
left_turning,21819,21760,21819,59
walking,21828,21819,21828,9
stepping,21923,21828,21923,95
left_turning,21924,21923,21924,1
trotting,21951,21924,21951,27
walking,21952,21951,21952,1
rising,21990,21952,21990,38
left_turning,22008,21990,22008,18
walking,22024,22008,22024,16
rising,22039,22024,22039,15
grooming,22237,22039,22237,198
hunching,22238,22237,22238,1
grooming,22239,22238,22239,1
hunching,22299,22239,22299,60
right_turning,22319,22299,22319,20
running,22362,22319,22362,43
walking,22372,22362,22372,10
trotting,22387,22372,22387,15
walking,22427,22387,22427,40
rearing,22475,22427,22475,48
grooming,22720,22475,22720,245
left_turning,22747,22720,22747,27
trotting,22786,22747,22786,39
stepping,22823,22786,22823,37
walking,22853,22823,22853,30
stepping,22906,22853,22906,53
left_turning,22922,22906,22922,16
running,22926,22922,22926,4
sniffing,22977,22926,22977,51
walking,23001,22977,23001,24
sniffing,23025,23001,23025,24
walking,23039,23025,23039,14
trotting,23063,23039,23063,24
walking,23083,23063,23083,20
stepping,23084,23083,23084,1
sniffing,23085,23084,23085,1
rising,23111,23085,23111,26
stepping,23128,23111,23128,17
sniffing,23190,23128,23190,62
right_turning,23207,23190,23207,17
climbing,23254,23207,23254,47
sniffing,23264,23254,23264,10
rising,23310,23264,23310,46
grooming,23311,23310,23311,1
climbing,23356,23311,23356,45
grooming,23471,23356,23471,115
hunching,23484,23471,23484,13
stepping,23511,23484,23511,27
sniffing,23593,23511,23593,82
stepping,23594,23593,23594,1
trotting,23604,23594,23604,10
stepping,23606,23604,23606,2
running,23612,23606,23612,6
left_turning,23668,23612,23668,56
grooming,23669,23668,23669,1
climbing,23682,23669,23682,13
left_turning,23690,23682,23690,8
rising,23730,23690,23730,40
walking,23754,23730,23754,24
rearing,23794,23754,23794,40
grooming,23795,23794,23795,1
sniffing,23844,23795,23844,49
stepping,23875,23844,23875,31
right_turning,23900,23875,23900,25
trotting,23940,23900,23940,40
rising,23964,23940,23964,24
grooming,24257,23964,24257,293
walking,24283,24257,24283,26
grooming,24284,24283,24284,1
rearing,24343,24284,24343,59
grooming,24344,24343,24344,1
sniffing,24360,24344,24360,16
grooming,24546,24360,24546,186
climbing,24562,24546,24562,16
right_turning,24580,24562,24580,18
sniffing,24588,24580,24588,8
walking,24603,24588,24603,15
left_turning,24604,24603,24604,1
walking,24610,24604,24610,6
trotting,24629,24610,24629,19
stepping,24657,24629,24657,28
sniffing,24682,24657,24682,25
stepping,24740,24682,24740,58
trotting,24754,24740,24754,14
sniffing,24769,24754,24769,15
grooming,25138,24769,25138,369
walking,25191,25138,25191,53
sniffing,25243,25191,25243,52
rising,25297,25243,25297,54
sniffing,25367,25297,25367,70
left_turning,25384,25367,25384,17
walking,25442,25384,25442,58
stepping,25535,25442,25535,93
grooming,25616,25535,25616,81
stepping,25706,25616,25706,90
sniffing,25746,25706,25746,40
rearing,25786,25746,25786,40
hunching,25806,25786,25806,20
grooming,25895,25806,25895,89
walking,25904,25895,25904,9
sniffing,25957,25904,25957,53
left_turning,25994,25957,25994,37
walking,26006,25994,26006,12
sniffing,26061,26006,26061,55
walking,26120,26061,26120,59
trotting,26169,26120,26169,49
stepping,26202,26169,26202,33
sniffing,26208,26202,26208,6
grooming,26353,26208,26353,145
sniffing,26364,26353,26364,11
stepping,26385,26364,26385,21
climbing,26438,26385,26438,53
left_turning,26474,26438,26474,36
stepping,26501,26474,26501,27
rising,26502,26501,26502,1
stepping,26519,26502,26519,17
sniffing,26539,26519,26539,20
trotting,26570,26539,26570,31
walking,26590,26570,26590,20
rising,26591,26590,26591,1
sniffing,26639,26591,26639,48
hunching,26724,26639,26724,85
grooming,26920,26724,26920,196
hunching,26992,26920,26992,72
grooming,27178,26992,27178,186
left_turning,27270,27178,27270,92
running,27313,27270,27313,43
trotting,27314,27313,27314,1
stepping,27351,27314,27351,37
rising,27402,27351,27402,51
stepping,27438,27402,27438,36
grooming,27572,27438,27572,134
running,27586,27572,27586,14
walking,27605,27586,27605,19
stepping,27626,27605,27626,21
sniffing,27762,27626,27762,136
rearing,27763,27762,27763,1
left_turning,27779,27763,27779,16
walking,27821,27779,27821,42
rising,27843,27821,27843,22
sniffing,27871,27843,27871,28
walking,27875,27871,27875,4
left_turning,27888,27875,27888,13
stepping,27889,27888,27889,1
sniffing,27924,27889,27924,35
stepping,27981,27924,27981,57
walking,28009,27981,28009,28
stepping,28028,28009,28028,19
rearing,28078,28028,28078,50
grooming,28089,28078,28089,11
rearing,28127,28089,28127,38
hunching,28128,28127,28128,1
grooming,28129,28128,28129,1
walking,28181,28129,28181,52
rearing,28280,28181,28280,99
grooming,28574,28280,28574,294
rising,28606,28574,28606,32
hunching,28646,28606,28646,40
rearing,28810,28646,28810,164
sniffing,28828,28810,28828,18
grooming,28982,28828,28982,154
hunching,29034,28982,29034,52
grooming,29035,29034,29035,1
rearing,29140,29035,29140,105
grooming,29141,29140,29141,1
scratching,29267,29141,29267,126
sniffing,29268,29267,29268,1
walking,29293,29268,29293,25
sniffing,29343,29293,29343,50
grooming,29350,29343,29350,7
walking,29374,29350,29374,24
rising,29386,29374,29386,12
climbing,29420,29386,29420,34
walking,29430,29420,29430,10
trotting,29457,29430,29457,27
walking,29473,29457,29473,16
stepping,29513,29473,29513,40
sniffing,29553,29513,29553,40
stepping,29558,29553,29558,5
sniffing,29617,29558,29617,59
walking,29630,29617,29630,13
sniffing,29679,29630,29679,49
rising,29737,29679,29737,58
walking,29750,29737,29750,13
sniffing,29822,29750,29822,72
left_turning,29825,29822,29825,3
stepping,29826,29825,29826,1
grooming,30090,29826,30090,264
sniffing,30096,30090,30096,6
left_turning,30124,30096,30124,28
running,30140,30124,30140,16
sniffing,30167,30140,30167,27
grooming,30290,30167,30290,123
walking,30321,30290,30321,31
sniffing,30336,30321,30336,15
walking,30380,30336,30380,44
rearing,30381,30380,30381,1
grooming,30570,30381,30570,189
hunching,30645,30570,30645,75
grooming,31163,30645,31163,518
left_turning,31208,31163,31208,45
sniffing,31306,31208,31306,98
left_turning,31335,31306,31335,29
sniffing,31385,31335,31385,50
climbing,31413,31385,31413,28
walking,31450,31413,31450,37
rising,31514,31450,31514,64
grooming,32045,31514,32045,531
hunching,32128,32045,32128,83
left_turning,32162,32128,32162,34
trotting,32197,32162,32197,35
sniffing,32215,32197,32215,18
left_turning,32231,32215,32231,16
walking,32249,32231,32249,18
stepping,32266,32249,32266,17
rising,32267,32266,32267,1
climbing,32330,32267,32330,63
rearing,32497,32330,32497,167
grooming,32498,32497,32498,1
sniffing,32569,32498,32569,71
rising,32590,32569,32590,21
sniffing,32596,32590,32596,6
stepping,32613,32596,32613,17
walking,32654,32613,32654,41
rising,32682,32654,32682,28
stepping,32725,32682,32725,43
sniffing,32768,32725,32768,43
stepping,32778,32768,32778,10
sniffing,32806,32778,32806,28
stepping,32827,32806,32827,21
grooming,32980,32827,32980,153
running,32996,32980,32996,16
walking,33032,32996,33032,36
sniffing,33145,33032,33145,113
walking,33169,33145,33169,24
sniffing,33199,33169,33199,30
climbing,33233,33199,33233,34
sniffing,33273,33233,33273,40
walking,33289,33273,33289,16
stepping,33290,33289,33290,1
sniffing,33291,33290,33291,1
stepping,33325,33291,33325,34
rearing,33445,33325,33445,120
grooming,33446,33445,33446,1
running,33478,33446,33478,32
walking,33517,33478,33517,39
right_turning,33533,33517,33533,16
walking,33573,33533,33573,40
trotting,33581,33573,33581,8
walking,33630,33581,33630,49
sniffing,33754,33630,33754,124
stepping,33841,33754,33841,87
rising,33870,33841,33870,29
walking,33877,33870,33877,7
sniffing,33941,33877,33941,64
walking,33942,33941,33942,1
trotting,33964,33942,33964,22
left_turning,33985,33964,33985,21
running,33990,33985,33990,5
left_turning,34003,33990,34003,13
grooming,34075,34003,34075,72
sniffing,34154,34075,34154,79
rising,34361,34154,34361,207
left_turning,34394,34361,34394,33
stepping,34448,34394,34448,54
climbing,34496,34448,34496,48
stepping,34527,34496,34527,31
grooming,34528,34527,34528,1
left_turning,34529,34528,34529,1
rising,34612,34529,34612,83
walking,34630,34612,34630,18
rising,34691,34630,34691,61
rearing,34796,34691,34796,105
hunching,34797,34796,34797,1
rearing,34834,34797,34834,37
rising,34853,34834,34853,19
grooming,35017,34853,35017,164
rearing,35040,35017,35040,23
climbing,35103,35040,35103,63
walking,35134,35103,35134,31
sniffing,35324,35134,35324,190
rising,35359,35324,35359,35
climbing,35452,35359,35452,93
left_turning,35455,35452,35455,3
walking,35478,35455,35478,23
sniffing,35529,35478,35529,51
walking,35551,35529,35551,22
left_turning,35591,35551,35591,40
grooming,35729,35591,35729,138
left_turning,35771,35729,35771,42
walking,35836,35771,35836,65
stepping,35860,35836,35860,24
rising,35890,35860,35890,30
grooming,35975,35890,35975,85
left_turning,35999,35975,35999,24
walking,36035,35999,36035,36
sniffing,36067,36035,36067,32
running,36075,36067,36075,8
walking,36114,36075,36114,39
stepping,36124,36114,36124,10
walking,36130,36124,36130,6
sniffing,36219,36130,36219,89
climbing,36285,36219,36285,66
sniffing,36308,36285,36308,23
rising,36328,36308,36328,20
climbing,36370,36328,36370,42
right_turning,36377,36370,36377,7
walking,36391,36377,36391,14
stepping,36428,36391,36428,37
left_turning,36486,36428,36486,58
trotting,36517,36486,36517,31
sniffing,36587,36517,36587,70
rising,36608,36587,36608,21
grooming,36693,36608,36693,85
left_turning,36694,36693,36694,1
right_turning,36704,36694,36704,10
walking,36705,36704,36705,1
rearing,36706,36705,36706,1
stepping,36743,36706,36743,37
sniffing,36780,36743,36780,37
grooming,37669,36780,37669,889
rearing,37670,37669,37670,1
left_turning,37688,37670,37688,18
sniffing,37745,37688,37745,57
grooming,38097,37745,38097,352
sniffing,38120,38097,38120,23
rising,38139,38120,38139,19
left_turning,38143,38139,38143,4
sniffing,38178,38143,38178,35
stepping,38217,38178,38217,39
left_turning,38258,38217,38258,41
walking,38259,38258,38259,1
sniffing,38288,38259,38288,29
rearing,38407,38288,38407,119
climbing,38459,38407,38459,52
grooming,38503,38459,38503,44
scratching,38536,38503,38536,33
right_turning,38537,38536,38537,1
running,38538,38537,38538,1
sniffing,38539,38538,38539,1
grooming,38540,38539,38540,1
climbing,38573,38540,38573,33
walking,38600,38573,38600,27
trotting,38624,38600,38624,24
sniffing,38625,38624,38625,1
grooming,38626,38625,38626,1
left_turning,38642,38626,38642,16
sniffing,38686,38642,38686,44
grooming,38710,38686,38710,24
sniffing,38763,38710,38763,53
right_turning,38768,38763,38768,5
sniffing,38784,38768,38784,16
running,38812,38784,38812,28
walking,38836,38812,38836,24
sniffing,38921,38836,38921,85
left_turning,38955,38921,38955,34
grooming,38956,38955,38956,1
rearing,38957,38956,38957,1
hunching,38997,38957,38997,40
rising,39013,38997,39013,16
climbing,39067,39013,39067,54
walking,39090,39067,39090,23
left_turning,39091,39090,39091,1
scratching,39190,39091,39190,99
stepping,39209,39190,39209,19
climbing,39243,39209,39243,34
walking,39267,39243,39267,24
stepping,39283,39267,39283,16
grooming,39345,39283,39345,62
trotting,39381,39345,39381,36
walking,39382,39381,39382,1
sniffing,39442,39382,39442,60
climbing,39473,39442,39473,31
grooming,39517,39473,39517,44
sniffing,39553,39517,39553,36
walking,39571,39553,39571,18
sniffing,39592,39571,39592,21
walking,39632,39592,39632,40
rising,39641,39632,39641,9
rearing,39655,39641,39655,14
hunching,39739,39655,39739,84
rearing,39785,39739,39785,46
sniffing,39833,39785,39833,48
walking,39892,39833,39892,59
trotting,39906,39892,39906,14
stepping,39982,39906,39982,76
walking,40003,39982,40003,21
sniffing,40020,40003,40020,17
left_turning,40064,40020,40064,44
grooming,40132,40064,40132,68
rearing,40190,40132,40190,58
grooming,40191,40190,40191,1
walking,40197,40191,40197,6
sniffing,40320,40197,40320,123
climbing,40354,40320,40354,34
stepping,40375,40354,40375,21
sniffing,40441,40375,40441,66
rising,40480,40441,40480,39
left_turning,40509,40480,40509,29
sniffing,40595,40509,40595,86
walking,40604,40595,40604,9
sniffing,40605,40604,40605,1
rearing,40665,40605,40665,60
sniffing,40666,40665,40666,1
rearing,40667,40666,40667,1
left_turning,40709,40667,40709,42
grooming,40858,40709,40858,149
stepping,40874,40858,40874,16
climbing,40910,40874,40910,36
left_turning,40911,40910,40911,1
running,40929,40911,40929,18
stepping,40952,40929,40952,23
sniffing,40965,40952,40965,13
grooming,40966,40965,40966,1
left_turning,40973,40966,40973,7
grooming,40984,40973,40984,11
rearing,41008,40984,41008,24
left_turning,41031,41008,41031,23
stepping,41054,41031,41054,23
sniffing,41055,41054,41055,1
climbing,41078,41055,41078,23
walking,41088,41078,41088,10
stepping,41104,41088,41104,16
walking,41132,41104,41132,28
climbing,41202,41132,41202,70
rearing,41289,41202,41289,87
hunching,41409,41289,41409,120
grooming,41428,41409,41428,19
rearing,41500,41428,41500,72
rising,41534,41500,41534,34
walking,41582,41534,41582,48
running,41629,41582,41629,47
walking,41664,41629,41664,35
sniffing,41740,41664,41740,76
rising,41860,41740,41860,120
grooming,41861,41860,41861,1
hunching,41909,41861,41909,48
rearing,41910,41909,41910,1
grooming,42040,41910,42040,130
walking,42047,42040,42047,7
rearing,42063,42047,42063,16
grooming,42064,42063,42064,1
walking,42067,42064,42067,3
sniffing,42151,42067,42151,84
stepping,42196,42151,42196,45
sniffing,42240,42196,42240,44
stepping,42265,42240,42265,25
walking,42269,42265,42269,4
sniffing,42303,42269,42303,34
rising,42326,42303,42326,23
rearing,42327,42326,42327,1
grooming,42328,42327,42328,1
rearing,42413,42328,42413,85
hunching,42433,42413,42433,20
trotting,42444,42433,42444,11
rising,42475,42444,42475,31
climbing,42499,42475,42499,24
left_turning,42524,42499,42524,25
trotting,42578,42524,42578,54
walking,42652,42578,42652,74
rising,42909,42652,42909,257
rearing,42910,42909,42910,1
hunching,42954,42910,42954,44
grooming,43065,42954,43065,111
scratching,43074,43065,43074,9
sniffing,43075,43074,43075,1
climbing,43205,43075,43205,130
rearing,43208,43205,43208,3
grooming,43314,43208,43314,106
rearing,43368,43314,43368,54
grooming,43382,43368,43382,14
climbing,43394,43382,43394,12
running,43415,43394,43415,21
walking,43451,43415,43451,36
sniffing,43495,43451,43495,44
left_turning,43505,43495,43505,10
grooming,43506,43505,43506,1
stepping,43516,43506,43516,10
trotting,43523,43516,43523,7
sniffing,43545,43523,43545,22
stepping,43571,43545,43571,26
walking,43585,43571,43585,14
grooming,43771,43585,43771,186
rearing,43836,43771,43836,65
climbing,43923,43836,43923,87
walking,44022,43923,44022,99
trotting,44037,44022,44037,15
walking,44060,44037,44060,23
sniffing,44107,44060,44107,47
right_turning,44121,44107,44121,14
walking,44122,44121,44122,1
right_turning,44145,44122,44145,23
grooming,44245,44145,44245,100
left_turning,44265,44245,44265,20
rearing,44266,44265,44266,1
grooming,44529,44266,44529,263
right_turning,44566,44529,44566,37
rising,44567,44566,44567,1
climbing,44636,44567,44636,69
left_turning,44690,44636,44690,54
climbing,44727,44690,44727,37
right_turning,44741,44727,44741,14
sniffing,44844,44741,44844,103
stepping,44848,44844,44848,4
right_turning,44849,44848,44849,1
sniffing,44900,44849,44900,51
hunching,45004,44900,45004,104
grooming,45458,45004,45458,454
running,45469,45458,45469,11
left_turning,45520,45469,45520,51
stepping,45543,45520,45543,23
rising,45607,45543,45607,64
sniffing,45620,45607,45620,13
walking,45677,45620,45677,57
sniffing,45724,45677,45724,47
grooming,45725,45724,45725,1
rearing,45788,45725,45788,63
climbing,45821,45788,45821,33
rising,45846,45821,45846,25
sniffing,45851,45846,45851,5
running,45859,45851,45859,8
trotting,45896,45859,45896,37
walking,45938,45896,45938,42
sniffing,45939,45938,45939,1
left_turning,45966,45939,45966,27
sniffing,46129,45966,46129,163
rising,46162,46129,46162,33
rearing,46184,46162,46184,22
hunching,46335,46184,46335,151
rearing,46451,46335,46451,116
sniffing,46482,46451,46482,31
grooming,46682,46482,46682,200
rearing,46683,46682,46683,1
climbing,46745,46683,46745,62
rearing,46764,46745,46764,19
climbing,46820,46764,46820,56
grooming,46835,46820,46835,15
sniffing,46836,46835,46836,1
left_turning,46854,46836,46854,18
walking,46867,46854,46867,13
left_turning,46868,46867,46868,1
sniffing,46915,46868,46915,47
rising,46959,46915,46959,44
stepping,46999,46959,46999,40
trotting,47004,46999,47004,5
stepping,47022,47004,47022,18
sniffing,47083,47022,47083,61
grooming,47084,47083,47084,1
stepping,47102,47084,47102,18
walking,47128,47102,47128,26
sniffing,47144,47128,47144,16
walking,47189,47144,47189,45
grooming,47500,47189,47500,311
rearing,47551,47500,47551,51
walking,47580,47551,47580,29
running,47618,47580,47618,38
climbing,47644,47618,47644,26
walking,47669,47644,47669,25
stepping,47680,47669,47680,11
sniffing,47691,47680,47691,11
stepping,47709,47691,47709,18
rising,47710,47709,47710,1
sniffing,47743,47710,47743,33
rising,47781,47743,47781,38
sniffing,47829,47781,47829,48
left_turning,47852,47829,47852,23
walking,47874,47852,47874,22
sniffing,47989,47874,47989,115
rising,48012,47989,48012,23
grooming,48013,48012,48013,1
sniffing,48042,48013,48042,29
walking,48043,48042,48043,1
sniffing,48205,48043,48205,162
rising,48206,48205,48206,1
sniffing,48207,48206,48207,1
walking,48265,48207,48265,58
rearing,48293,48265,48293,28
rising,48340,48293,48340,47
climbing,48437,48340,48437,97
rearing,48438,48437,48438,1
sniffing,48448,48438,48448,10
grooming,48535,48448,48535,87
rising,48546,48535,48546,11
grooming,48865,48546,48865,319
rising,48906,48865,48906,41
sniffing,49038,48906,49038,132
walking,49055,49038,49055,17
sniffing,49076,49055,49076,21
rising,49077,49076,49077,1
grooming,49296,49077,49296,219
right_turning,49305,49296,49305,9
walking,49338,49305,49338,33
trotting,49351,49338,49351,13
sniffing,49352,49351,49352,1
walking,49379,49352,49379,27
trotting,49399,49379,49399,20
stepping,49432,49399,49432,33
sniffing,49453,49432,49453,21
rising,49454,49453,49454,1
climbing,49464,49454,49464,10
rearing,49527,49464,49527,63
climbing,49596,49527,49596,69
running,49643,49596,49643,47
walking,49668,49643,49668,25
stepping,49691,49668,49691,23
sniffing,49751,49691,49751,60
rising,49752,49751,49752,1
right_turning,49768,49752,49768,16
scratching,49806,49768,49806,38
sniffing,49887,49806,49887,81
rearing,50091,49887,50091,204
hunching,50153,50091,50153,62
rearing,50175,50153,50175,22
sniffing,50212,50175,50212,37
left_turning,50278,50212,50278,66
stepping,50287,50278,50287,9
sniffing,50365,50287,50365,78
climbing,50417,50365,50417,52
left_turning,50421,50417,50421,4
sniffing,50468,50421,50468,47
stepping,50495,50468,50495,27
walking,50518,50495,50518,23
climbing,50549,50518,50549,31
rearing,50664,50549,50664,115
left_turning,50694,50664,50694,30
rising,50705,50694,50705,11
rearing,50790,50705,50790,85
left_turning,50795,50790,50795,5
walking,50828,50795,50828,33
sniffing,50837,50828,50837,9
climbing,50917,50837,50917,80
walking,50950,50917,50950,33
rising,50971,50950,50971,21
rearing,51053,50971,51053,82
grooming,52330,51053,52330,1277
left_turning,52395,52330,52395,65
sniffing,52436,52395,52436,41
grooming,52772,52436,52772,336
rising,52812,52772,52812,40
right_turning,52824,52812,52824,12
sniffing,52850,52824,52850,26
rising,52882,52850,52882,32
rearing,52979,52882,52979,97
rising,52987,52979,52987,8
sniffing,53012,52987,53012,25
walking,53047,53012,53047,35
grooming,53048,53047,53048,1
rearing,53080,53048,53080,32
running,53133,53080,53133,53
trotting,53179,53133,53179,46
walking,53229,53179,53229,50
stepping,53256,53229,53256,27
walking,53260,53256,53260,4
right_turning,53273,53260,53273,13
sniffing,53292,53273,53292,19
walking,53348,53292,53348,56
stepping,53397,53348,53397,49
sniffing,53398,53397,53398,1
rising,53524,53398,53524,126
rearing,53578,53524,53578,54
walking,53614,53578,53614,36
grooming,53669,53614,53669,55
climbing,53717,53669,53717,48
rising,53718,53717,53718,1
sniffing,53731,53718,53731,13
rising,53767,53731,53767,36
rearing,53857,53767,53857,90
sniffing,53911,53857,53911,54
rising,53944,53911,53944,33
grooming,54079,53944,54079,135
trotting,54105,54079,54105,26
walking,54133,54105,54133,28
sniffing,54203,54133,54203,70
rearing,54276,54203,54276,73
climbing,54319,54276,54319,43
rearing,54377,54319,54377,58
left_turning,54392,54377,54392,15
grooming,54393,54392,54393,1
left_turning,54394,54393,54394,1
sniffing,54437,54394,54437,43
grooming,54918,54437,54918,481
rearing,54933,54918,54933,15
grooming,54934,54933,54934,1
walking,54951,54934,54951,17
stepping,54980,54951,54980,29
rearing,55030,54980,55030,50
climbing,55069,55030,55069,39
stepping,55193,55069,55193,124
left_turning,55239,55193,55239,46
sniffing,55297,55239,55297,58
walking,55308,55297,55308,11
climbing,55317,55308,55317,9
trotting,55346,55317,55346,29
walking,55464,55346,55464,118
jumping,55499,55464,55499,35
stepping,55530,55499,55530,31
sniffing,55531,55530,55531,1
rearing,55532,55531,55532,1
hunching,55621,55532,55621,89
grooming,55715,55621,55715,94
scratching,55737,55715,55737,22
sniffing,55757,55737,55757,20
grooming,56031,55757,56031,274
rearing,56037,56031,56037,6
trotting,56083,56037,56083,46
sniffing,56281,56083,56281,198
grooming,56327,56281,56327,46
rearing,56347,56327,56347,20
climbing,56380,56347,56380,33
grooming,56483,56380,56483,103
rearing,56583,56483,56583,100
stepping,56592,56583,56592,9
sniffing,56602,56592,56602,10
rearing,56603,56602,56603,1
hunching,56680,56603,56680,77
grooming,57291,56680,57291,611
stepping,57295,57291,57295,4
rising,57324,57295,57324,29
grooming,57486,57324,57486,162
rearing,57487,57486,57487,1
grooming,57609,57487,57609,122
climbing,57617,57609,57617,8
stepping,57657,57617,57657,40
trotting,57686,57657,57686,29
walking,57752,57686,57752,66
stepping,57780,57752,57780,28
left_turning,57812,57780,57812,32
walking,57835,57812,57835,23
sniffing,57836,57835,57836,1
stepping,57852,57836,57852,16
rising,57853,57852,57853,1
left_turning,57906,57853,57906,53
trotting,57936,57906,57936,30
stepping,57950,57936,57950,14
walking,57963,57950,57963,13
trotting,57999,57963,57999,36
walking,58049,57999,58049,50
stepping,58050,58049,58050,1
sniffing,58051,58050,58051,1
rearing,58098,58051,58098,47
grooming,58248,58098,58248,150
hunching,58271,58248,58271,23
rearing,58339,58271,58339,68
grooming,58533,58339,58533,194
rearing,58632,58533,58632,99
hunching,58713,58632,58713,81
rising,58758,58713,58758,45
grooming,58964,58758,58964,206
stepping,58993,58964,58993,29
rearing,59040,58993,59040,47
climbing,59078,59040,59078,38
right_turning,59105,59078,59105,27
sniffing,59147,59105,59147,42
walking,59159,59147,59159,12
sniffing,59160,59159,59160,1
running,59181,59160,59181,21
sniffing,59230,59181,59230,49
rearing,59265,59230,59265,35
walking,59287,59265,59287,22
grooming,59288,59287,59288,1
left_turning,59342,59288,59342,54
sniffing,59480,59342,59480,138
climbing,59524,59480,59524,44
left_turning,59531,59524,59531,7
grooming,59532,59531,59532,1
rearing,59623,59532,59623,91
grooming,59624,59623,59624,1
walking,59685,59624,59685,61
sniffing,59725,59685,59725,40
grooming,59806,59725,59806,81
left_turning,59827,59806,59827,21
walking,59849,59827,59849,22
trotting,59854,59849,59854,5
running,59889,59854,59889,35
sniffing,59890,59889,59890,1
stepping,59922,59890,59922,32
sniffing,59923,59922,59923,1
rearing,59986,59923,59986,63
stepping,60096,59986,60096,110
walking,60101,60096,60101,5
sniffing,60156,60101,60156,55
grooming,60419,60156,60419,263
sniffing,60450,60419,60450,31
right_turning,60493,60450,60493,43
walking,60537,60493,60537,44
trotting,60572,60537,60572,35
sniffing,60576,60572,60576,4
left_turning,60637,60576,60637,61
walking,60693,60637,60693,56
sniffing,60714,60693,60714,21
walking,60724,60714,60724,10
sniffing,60736,60724,60736,12
left_turning,60760,60736,60760,24
sniffing,60761,60760,60761,1
walking,60854,60761,60854,93
stepping,60864,60854,60864,10
climbing,60889,60864,60889,25
grooming,60890,60889,60890,1
climbing,60899,60890,60899,9
trotting,60941,60899,60941,42
walking,60959,60941,60959,18
stepping,61001,60959,61001,42
walking,61036,61001,61036,35
sniffing,61069,61036,61069,33
walking,61075,61069,61075,6
rising,61112,61075,61112,37
walking,61160,61112,61160,48
sniffing,61238,61160,61238,78
grooming,61239,61238,61239,1
rearing,61240,61239,61240,1
climbing,61283,61240,61283,43
grooming,61337,61283,61337,54
sniffing,61362,61337,61362,25
left_turning,61373,61362,61373,11
grooming,61374,61373,61374,1
rearing,61450,61374,61450,76
climbing,61585,61450,61585,135
grooming,61749,61585,61749,164
rearing,61750,61749,61750,1
climbing,61813,61750,61813,63
grooming,61853,61813,61853,40
scratching,62003,61853,62003,150
grooming,62031,62003,62031,28
sniffing,62083,62031,62083,52
walking,62107,62083,62107,24
sniffing,62234,62107,62234,127
rearing,62235,62234,62235,1
grooming,62284,62235,62284,49
climbing,62318,62284,62318,34
sniffing,62417,62318,62417,99
walking,62446,62417,62446,29
grooming,62558,62446,62558,112
hunching,62614,62558,62614,56
grooming,62615,62614,62615,1
walking,62624,62615,62624,9
hunching,62705,62624,62705,81
rearing,62706,62705,62706,1
stepping,62715,62706,62715,9
sniffing,62748,62715,62748,33
stepping,62768,62748,62768,20
left_turning,62793,62768,62793,25
walking,62831,62793,62831,38
stepping,62833,62831,62833,2
sniffing,62834,62833,62834,1
walking,62863,62834,62863,29
right_turning,62888,62863,62888,25
stepping,62927,62888,62927,39
walking,62983,62927,62983,56
stepping,63013,62983,63013,30
rising,63026,63013,63026,13
grooming,63068,63026,63068,42
rearing,63143,63068,63143,75
rising,63144,63143,63144,1
climbing,63161,63144,63161,17
left_turning,63209,63161,63209,48
stepping,63215,63209,63215,6
sniffing,63294,63215,63294,79
walking,63312,63294,63312,18
sniffing,63413,63312,63413,101
rising,63451,63413,63451,38
rearing,63452,63451,63452,1
grooming,63453,63452,63453,1
rearing,63454,63453,63454,1
grooming,63455,63454,63455,1
hunching,63522,63455,63522,67
grooming,63523,63522,63523,1
left_turning,63548,63523,63548,25
trotting,63584,63548,63584,36
sniffing,63713,63584,63713,129
walking,63728,63713,63728,15
sniffing,63746,63728,63746,18
rising,63751,63746,63751,5
climbing,63766,63751,63766,15
rearing,63767,63766,63767,1
hunching,63774,63767,63774,7
grooming,63782,63774,63782,8
left_turning,63816,63782,63816,34
stepping,63840,63816,63840,24
walking,63881,63840,63881,41
right_turning,63913,63881,63913,32
stepping,63957,63913,63957,44
walking,63983,63957,63983,26
hunching,64002,63983,64002,19
grooming,64136,64002,64136,134
walking,64158,64136,64158,22
sniffing,64294,64158,64294,136
walking,64386,64294,64386,92
stepping,64394,64386,64394,8
rearing,64454,64394,64454,60
right_turning,64496,64454,64496,42
rising,64497,64496,64497,1
grooming,64498,64497,64498,1
rearing,64552,64498,64552,54
grooming,64771,64552,64771,219
hunching,64786,64771,64786,15
grooming,65054,64786,65054,268
rearing,65153,65054,65153,99
grooming,65154,65153,65154,1
left_turning,65155,65154,65155,1
sniffing,65171,65155,65171,16
walking,65185,65171,65185,14
sniffing,65193,65185,65193,8
stepping,65197,65193,65197,4
climbing,65240,65197,65240,43
grooming,65376,65240,65376,136
rearing,65481,65376,65481,105
grooming,66030,65481,66030,549
rearing,66057,66030,66057,27
grooming,66357,66057,66357,300
stepping,66412,66357,66412,55
rearing,66425,66412,66425,13
left_turning,66426,66425,66426,1
trotting,66454,66426,66454,28
stepping,66478,66454,66478,24
sniffing,66568,66478,66568,90
stepping,66569,66568,66569,1
grooming,66570,66569,66570,1
left_turning,66614,66570,66614,44
grooming,66708,66614,66708,94
hunching,66773,66708,66773,65
rising,66791,66773,66791,18
sniffing,66819,66791,66819,28
rising,66845,66819,66845,26
climbing,66885,66845,66885,40
walking,66888,66885,66888,3
stepping,66896,66888,66896,8
sniffing,66897,66896,66897,1
walking,66911,66897,66911,14
trotting,66921,66911,66921,10
sniffing,66922,66921,66922,1
trotting,66968,66922,66968,46
running,66998,66968,66998,30
sniffing,67028,66998,67028,30
left_turning,67029,67028,67029,1
grooming,67178,67029,67178,149
rearing,67253,67178,67253,75
rising,67293,67253,67293,40
rearing,67372,67293,67372,79
grooming,67957,67372,67957,585
sniffing,67958,67957,67958,1
grooming,67959,67958,67959,1
sniffing,68009,67959,68009,50
climbing,68039,68009,68039,30
grooming,68143,68039,68143,104
sniffing,68218,68143,68218,75
walking,68238,68218,68238,20
sniffing,68330,68238,68330,92
grooming,68487,68330,68487,157
rising,68516,68487,68516,29
hunching,68517,68516,68517,1
left_turning,68546,68517,68546,29
stepping,68595,68546,68595,49
rising,68602,68595,68602,7
sniffing,68639,68602,68639,37
left_turning,68640,68639,68640,1
walking,68672,68640,68672,32
sniffing,68748,68672,68748,76
walking,68749,68748,68749,1
stepping,68767,68749,68767,18
grooming,68786,68767,68786,19
rearing,68799,68786,68799,13
rising,68861,68799,68861,62
climbing,68888,68861,68888,27
grooming,68913,68888,68913,25
sniffing,68950,68913,68950,37
rising,68951,68950,68951,1
climbing,68998,68951,68998,47
walking,69027,68998,69027,29
sniffing,69033,69027,69033,6
stepping,69034,69033,69034,1
sniffing,69038,69034,69038,4
walking,69039,69038,69039,1
rising,69053,69039,69053,14
rearing,69069,69053,69069,16
left_turning,69114,69069,69114,45
grooming,69115,69114,69115,1
rising,69131,69115,69131,16
rearing,69267,69131,69267,136
grooming,69528,69267,69528,261
rising,69581,69528,69581,53
stepping,69602,69581,69602,21
grooming,69839,69602,69839,237
rearing,69870,69839,69870,31
climbing,69884,69870,69884,14
rearing,69982,69884,69982,98
grooming,70163,69982,70163,181
hunching,70263,70163,70263,100
rearing,70485,70263,70485,222
hunching,70492,70485,70492,7
rearing,70649,70492,70649,157
grooming,71132,70649,71132,483
rising,71133,71132,71133,1
grooming,71134,71133,71134,1
scratching,71268,71134,71268,134
sniffing,71269,71268,71269,1
walking,71295,71269,71295,26
sniffing,71347,71295,71347,52
stepping,71387,71347,71387,40
sniffing,71531,71387,71531,144
stepping,71599,71531,71599,68
sniffing,71631,71599,71631,32
right_turning,71668,71631,71668,37
walking,71690,71668,71690,22
sniffing,71731,71690,71731,41
rising,72073,71731,72073,342
sniffing,72074,72073,72074,1
rising,72123,72074,72123,49
climbing,72169,72123,72169,46
trotting,72187,72169,72187,18
sniffing,72209,72187,72209,22
walking,72235,72209,72235,26
sniffing,72349,72235,72349,114
grooming,72511,72349,72511,162
rising,72520,72511,72520,9
grooming,72521,72520,72521,1
walking,72537,72521,72537,16
sniffing,72538,72537,72538,1
grooming,72945,72538,72945,407
climbing,73004,72945,73004,59
sniffing,73005,73004,73005,1
walking,73006,73005,73006,1
sniffing,73076,73006,73076,70
rising,73077,73076,73077,1
rearing,73152,73077,73152,75
grooming,73199,73152,73199,47
rearing,73219,73199,73219,20
grooming,73380,73219,73380,161
hunching,73403,73380,73403,23
rearing,73488,73403,73488,85
right_turning,73492,73488,73492,4
sniffing,73543,73492,73543,51
right_turning,73570,73543,73570,27
stepping,73588,73570,73588,18
rearing,73632,73588,73632,44
climbing,73661,73632,73661,29
rising,73690,73661,73690,29
climbing,73704,73690,73704,14
rearing,73705,73704,73705,1
trotting,73715,73705,73715,10
walking,73738,73715,73738,23
sniffing,73766,73738,73766,28
stepping,73808,73766,73808,42
walking,73846,73808,73846,38
stepping,73850,73846,73850,4
grooming,74033,73850,74033,183
climbing,74125,74033,74125,92
trotting,74150,74125,74150,25
walking,74171,74150,74171,21
rising,74193,74171,74193,22
climbing,74231,74193,74231,38
rearing,74283,74231,74283,52
walking,74301,74283,74301,18
sniffing,74354,74301,74354,53
rising,74371,74354,74371,17
grooming,74545,74371,74545,174
hunching,74669,74545,74669,124
grooming,74670,74669,74670,1
running,74698,74670,74698,28
rearing,74734,74698,74734,36
grooming,74904,74734,74904,170
sniffing,74909,74904,74909,5
stepping,74943,74909,74943,34
walking,74992,74943,74992,49
stepping,75023,74992,75023,31
rising,75046,75023,75046,23
rearing,75117,75046,75117,71
climbing,75167,75117,75167,50
walking,75186,75167,75186,19
sniffing,75205,75186,75205,19
grooming,75347,75205,75347,142
sniffing,75348,75347,75348,1
stepping,75386,75348,75386,38
climbing,75420,75386,75420,34
walking,75429,75420,75429,9
trotting,75440,75429,75440,11
sniffing,75484,75440,75484,44
walking,75508,75484,75508,24
sniffing,75569,75508,75569,61
rising,75696,75569,75696,127
rearing,76000,75696,76000,304
grooming,76246,76000,76246,246
rearing,76274,76246,76274,28
grooming,76328,76274,76328,54
left_turning,76359,76328,76359,31
walking,76392,76359,76392,33
sniffing,76394,76392,76394,2
rising,76411,76394,76411,17
left_turning,76437,76411,76437,26
stepping,76452,76437,76452,15
walking,76453,76452,76453,1
trotting,76484,76453,76484,31
sniffing,76526,76484,76526,42
left_turning,76527,76526,76527,1
hunching,76583,76527,76583,56
grooming,76727,76583,76727,144
rearing,76797,76727,76797,70
stepping,76838,76797,76838,41
sniffing,76859,76838,76859,21
left_turning,76885,76859,76885,26
sniffing,76955,76885,76955,70
rising,76968,76955,76968,13
sniffing,77009,76968,77009,41
rising,77028,77009,77028,19
grooming,77029,77028,77029,1
rearing,77096,77029,77096,67
grooming,77247,77096,77247,151
hunching,77303,77247,77303,56
rearing,77358,77303,77358,55
rising,77406,77358,77406,48
grooming,77407,77406,77407,1
stepping,77428,77407,77428,21
running,77445,77428,77445,17
stepping,77469,77445,77469,24
rising,77518,77469,77518,49
climbing,77544,77518,77544,26
sniffing,77569,77544,77569,25
left_turning,77613,77569,77613,44
rising,77651,77613,77651,38
climbing,77669,77651,77669,18
stepping,77694,77669,77694,25
sniffing,77711,77694,77711,17
walking,77737,77711,77737,26
trotting,77753,77737,77753,16
sniffing,77763,77753,77763,10
walking,77768,77763,77768,5
rearing,77796,77768,77796,28
grooming,78149,77796,78149,353
sniffing,78150,78149,78150,1
stepping,78152,78150,78152,2
trotting,78181,78152,78181,29
walking,78227,78181,78227,46
stepping,78232,78227,78232,5
right_turning,78243,78232,78243,11
walking,78272,78243,78272,29
sniffing,78308,78272,78308,36
grooming,78391,78308,78391,83
sniffing,78437,78391,78437,46
stepping,78464,78437,78464,27
walking,78480,78464,78480,16
sniffing,78501,78480,78501,21
rising,78502,78501,78502,1
rearing,78539,78502,78539,37
rising,78563,78539,78563,24
climbing,78620,78563,78620,57
trotting,78642,78620,78642,22
grooming,78841,78642,78841,199
rearing,78842,78841,78842,1
grooming,78884,78842,78884,42
rearing,78925,78884,78925,41
running,78950,78925,78950,25
rising,78982,78950,78982,32
sniffing,78987,78982,78987,5
walking,78988,78987,78988,1
stepping,79014,78988,79014,26
sniffing,79111,79014,79111,97
grooming,79131,79111,79131,20
climbing,79173,79131,79173,42
stepping,79210,79173,79210,37
walking,79232,79210,79232,22
trotting,79256,79232,79256,24
stepping,79287,79256,79287,31
walking,79321,79287,79321,34
sniffing,79396,79321,79396,75
walking,79400,79396,79400,4
stepping,79441,79400,79441,41
walking,79486,79441,79486,45
sniffing,79550,79486,79550,64
stepping,79575,79550,79575,25
sniffing,79660,79575,79660,85
right_turning,79672,79660,79672,12
walking,79751,79672,79751,79
stepping,79777,79751,79777,26
climbing,79818,79777,79818,41
stepping,79851,79818,79851,33
walking,79874,79851,79874,23
climbing,79880,79874,79880,6
sniffing,79931,79880,79931,51
walking,79958,79931,79958,27
grooming,79959,79958,79959,1
rising,79966,79959,79966,7
trotting,80026,79966,80026,60
sniffing,80100,80026,80100,74
left_turning,80136,80100,80136,36
walking,80162,80136,80162,26
trotting,80175,80162,80175,13
stepping,80194,80175,80194,19
climbing,80243,80194,80243,49
left_turning,80300,80243,80300,57
grooming,80301,80300,80301,1
left_turning,80346,80301,80346,45
grooming,80783,80346,80783,437
rising,80821,80783,80821,38
trotting,80864,80821,80864,43
walking,80897,80864,80897,33
sniffing,80905,80897,80905,8
stepping,80937,80905,80937,32
climbing,80965,80937,80965,28
hunching,81020,80965,81020,55
rising,81021,81020,81021,1
sniffing,81106,81021,81106,85
rising,81107,81106,81107,1
rearing,81113,81107,81113,6
sniffing,81114,81113,81114,1
grooming,81207,81114,81207,93
hunching,81240,81207,81240,33
grooming,81435,81240,81435,195
hunching,81511,81435,81511,76
sniffing,81542,81511,81542,31
walking,81543,81542,81543,1
rearing,81544,81543,81544,1
sniffing,81549,81544,81549,5
walking,81581,81549,81581,32
stepping,81600,81581,81600,19
rising,81601,81600,81601,1
sniffing,81602,81601,81602,1
grooming,81603,81602,81603,1
stepping,81625,81603,81625,22
sniffing,81627,81625,81627,2
grooming,81772,81627,81772,145
rearing,81962,81772,81962,190
grooming,82466,81962,82466,504
right_turning,82483,82466,82483,17
sniffing,82528,82483,82528,45
rearing,82575,82528,82575,47
hunching,82602,82575,82602,27
rearing,82674,82602,82674,72
walking,82683,82674,82683,9
left_turning,82758,82683,82758,75
sniffing,82767,82758,82767,9
walking,82842,82767,82842,75
climbing,82870,82842,82870,28
trotting,82871,82870,82871,1
grooming,82872,82871,82872,1
left_turning,82873,82872,82873,1
sniffing,82884,82873,82884,11
climbing,82935,82884,82935,51
walking,82968,82935,82968,33
running,82998,82968,82998,30
grooming,83226,82998,83226,228
right_turning,83239,83226,83239,13
walking,83266,83239,83266,27
stepping,83320,83266,83320,54
sniffing,83334,83320,83334,14
stepping,83389,83334,83389,55
walking,83390,83389,83390,1
stepping,83419,83390,83419,29
sniffing,83473,83419,83473,54
rearing,83474,83473,83474,1
grooming,83562,83474,83562,88
rearing,83563,83562,83563,1
climbing,83600,83563,83600,37
right_turning,83613,83600,83613,13
climbing,83664,83613,83664,51
left_turning,83702,83664,83702,38
sniffing,83768,83702,83768,66
grooming,83848,83768,83848,80
rearing,83961,83848,83961,113
grooming,84058,83961,84058,97
hunching,84062,84058,84062,4
left_turning,84096,84062,84096,34
sniffing,84119,84096,84119,23
running,84150,84119,84150,31
trotting,84166,84150,84166,16
rising,84220,84166,84220,54
stepping,84221,84220,84221,1
walking,84273,84221,84273,52
sniffing,84339,84273,84339,66
stepping,84364,84339,84364,25
right_turning,84371,84364,84371,7
sniffing,84487,84371,84487,116
stepping,84494,84487,84494,7
rearing,84495,84494,84495,1
grooming,84767,84495,84767,272
sniffing,84831,84767,84831,64
walking,84863,84831,84863,32
trotting,84899,84863,84899,36
stepping,84959,84899,84959,60
sniffing,85028,84959,85028,69
rearing,85072,85028,85072,44
grooming,85094,85072,85094,22
hunching,85283,85094,85283,189
grooming,85288,85283,85288,5
hunching,85351,85288,85351,63
rearing,85352,85351,85352,1
walking,85439,85352,85439,87
sniffing,85440,85439,85440,1
rearing,85471,85440,85471,31
walking,85475,85471,85475,4
stepping,85512,85475,85512,37
walking,85541,85512,85541,29
sniffing,85589,85541,85589,48
climbing,85663,85589,85663,74
rising,85693,85663,85693,30
climbing,85730,85693,85730,37
stepping,85756,85730,85756,26
rising,85757,85756,85757,1
stepping,85778,85757,85778,21
rearing,85819,85778,85819,41
rising,85893,85819,85893,74
rearing,85921,85893,85921,28
sniffing,85999,85921,85999,78
stepping,86005,85999,86005,6
sniffing,86015,86005,86015,10
rising,86113,86015,86113,98
rearing,86153,86113,86153,40
grooming,86225,86153,86225,72
running,86254,86225,86254,29
sniffing,86267,86254,86267,13
walking,86316,86267,86316,49
left_turning,86353,86316,86353,37
running,86377,86353,86377,24
sniffing,86419,86377,86419,42
walking,86437,86419,86437,18
sniffing,86513,86437,86513,76
walking,86514,86513,86514,1
trotting,86557,86514,86557,43
stepping,86623,86557,86623,66
trotting,86646,86623,86646,23
sniffing,86647,86646,86647,1
walking,86685,86647,86685,38
running,86729,86685,86729,44
stepping,86764,86729,86764,35
sniffing,86827,86764,86827,63
rising,86829,86827,86829,2
sniffing,86848,86829,86848,19
rising,86892,86848,86892,44
climbing,86936,86892,86936,44
right_turning,87004,86936,87004,68
climbing,87068,87004,87068,64
right_turning,87074,87068,87074,6
walking,87142,87074,87142,68
sniffing,87204,87142,87204,62
grooming,87362,87204,87362,158
rising,87363,87362,87363,1
right_turning,87395,87363,87395,32
walking,87411,87395,87411,16
sniffing,87474,87411,87474,63
rising,87478,87474,87478,4
hunching,87505,87478,87505,27
climbing,87506,87505,87506,1
running,87518,87506,87518,12
stepping,87569,87518,87569,51
grooming,88081,87569,88081,512
left_turning,88100,88081,88100,19
scratching,88101,88100,88101,1
grooming,88141,88101,88141,40
rearing,88142,88141,88142,1
walking,88145,88142,88145,3
stepping,88147,88145,88147,2
climbing,88240,88147,88240,93
trotting,88271,88240,88271,31
stepping,88281,88271,88281,10
sniffing,88336,88281,88336,55
walking,88337,88336,88337,1
sniffing,88347,88337,88347,10
right_turning,88361,88347,88361,14
rising,88362,88361,88362,1
climbing,88365,88362,88365,3
rising,88366,88365,88366,1
grooming,88472,88366,88472,106
rearing,88544,88472,88544,72
grooming,88625,88544,88625,81
rearing,88668,88625,88668,43
climbing,88705,88668,88705,37
grooming,88710,88705,88710,5
trotting,88711,88710,88711,1
stepping,88739,88711,88739,28
walking,88757,88739,88757,18
right_turning,88790,88757,88790,33
sniffing,88794,88790,88794,4
walking,88838,88794,88838,44
sniffing,88869,88838,88869,31
walking,88907,88869,88907,38
stepping,88949,88907,88949,42
sniffing,88996,88949,88996,47
rearing,89223,88996,89223,227
sniffing,89248,89223,89248,25
climbing,89288,89248,89288,40
grooming,89536,89288,89536,248
rising,89569,89536,89569,33
rearing,89626,89569,89626,57
grooming,89916,89626,89916,290
rising,89978,89916,89978,62
rearing,90004,89978,90004,26
grooming,90033,90004,90033,29
walking,90086,90033,90086,53
grooming,90550,90086,90550,464
rearing,90633,90550,90633,83
rising,90656,90633,90656,23
left_turning,90688,90656,90688,32
rearing,90689,90688,90689,1
grooming,90690,90689,90690,1
hunching,90691,90690,90691,1
grooming,90730,90691,90730,39
rearing,90790,90730,90790,60
grooming,90905,90790,90905,115
stepping,90906,90905,90906,1
sniffing,90927,90906,90927,21
grooming,91062,90927,91062,135
walking,91105,91062,91105,43
rising,91123,91105,91123,18
sniffing,91167,91123,91167,44
rearing,91168,91167,91168,1
grooming,91170,91168,91170,2
sniffing,91220,91170,91220,50
walking,91237,91220,91237,17
sniffing,91590,91237,91590,353
grooming,91591,91590,91591,1
sniffing,91791,91591,91791,200
stepping,91792,91791,91792,1
walking,91832,91792,91832,40
stepping,91873,91832,91873,41
rearing,91927,91873,91927,54
left_turning,91950,91927,91950,23
walking,91982,91950,91982,32
stepping,91990,91982,91990,8
rearing,92032,91990,92032,42
grooming,92033,92032,92033,1
rearing,92045,92033,92045,12
sniffing,92103,92045,92103,58
rising,92130,92103,92130,27
grooming,92131,92130,92131,1
left_turning,92138,92131,92138,7
walking,92153,92138,92153,15
sniffing,92162,92153,92162,9
rising,92167,92162,92167,5
sniffing,92352,92167,92352,185
walking,92359,92352,92359,7
sniffing,92380,92359,92380,21
walking,92411,92380,92411,31
sniffing,92421,92411,92421,10
grooming,92551,92421,92551,130
rising,92552,92551,92552,1
right_turning,92560,92552,92560,8
climbing,92595,92560,92595,35
rearing,92596,92595,92596,1
grooming,92641,92596,92641,45
rearing,92699,92641,92699,58
walking,92728,92699,92728,29
sniffing,92792,92728,92792,64
walking,92793,92792,92793,1
trotting,92813,92793,92813,20
climbing,92875,92813,92875,62
grooming,92943,92875,92943,68
rearing,93028,92943,93028,85
climbing,93070,93028,93070,42
walking,93095,93070,93095,25
sniffing,93209,93095,93209,114
rearing,93210,93209,93210,1
stepping,93216,93210,93216,6
sniffing,93259,93216,93259,43
left_turning,93260,93259,93260,1
sniffing,93346,93260,93346,86
grooming,93469,93346,93469,123
rearing,93505,93469,93505,36
left_turning,93532,93505,93532,27
stepping,93561,93532,93561,29
grooming,93725,93561,93725,164
climbing,93726,93725,93726,1
trotting,93753,93726,93753,27
walking,93782,93753,93782,29
sniffing,93981,93782,93981,199
stepping,94005,93981,94005,24
walking,94038,94005,94038,33
rising,94071,94038,94071,33
stepping,94097,94071,94097,26
right_turning,94109,94097,94109,12
sniffing,94187,94109,94187,78
grooming,94188,94187,94188,1
stepping,94232,94188,94232,44
sniffing,94309,94232,94309,77
stepping,94323,94309,94323,14
rising,94375,94323,94375,52
grooming,94376,94375,94376,1
scratching,94377,94376,94377,1
walking,94411,94377,94411,34
stepping,94419,94411,94419,8
rising,94440,94419,94440,21
climbing,94473,94440,94473,33
stepping,94474,94473,94474,1
walking,94475,94474,94475,1
sniffing,94500,94475,94500,25
climbing,94501,94500,94501,1
rearing,94620,94501,94620,119
left_turning,94729,94620,94729,109
sniffing,94740,94729,94740,11
stepping,94787,94740,94787,47
grooming,95630,94787,95630,843
sniffing,95681,95630,95681,51
stepping,95705,95681,95705,24
rearing,95736,95705,95736,31
grooming,96279,95736,96279,543
hunching,96308,96279,96308,29
grooming,96363,96308,96363,55
sniffing,96364,96363,96364,1
walking,96403,96364,96403,39
sniffing,96442,96403,96442,39
left_turning,96473,96442,96473,31
walking,96497,96473,96497,24
climbing,96580,96497,96580,83
walking,96607,96580,96607,27
sniffing,96660,96607,96660,53
walking,96679,96660,96679,19
sniffing,96709,96679,96709,30
walking,96726,96709,96726,17
sniffing,96735,96726,96735,9
right_turning,96736,96735,96736,1
running,96744,96736,96744,8
trotting,96791,96744,96791,47
running,96821,96791,96821,30
trotting,96839,96821,96839,18
rising,96872,96839,96872,33
climbing,96919,96872,96919,47
trotting,96956,96919,96956,37
rising,96974,96956,96974,18
climbing,97057,96974,97057,83
grooming,97058,97057,97058,1
stepping,97078,97058,97078,20
rearing,97094,97078,97094,16
climbing,97145,97094,97145,51
rearing,97146,97145,97146,1
stepping,97163,97146,97163,17
sniffing,97183,97163,97183,20
stepping,97228,97183,97228,45
sniffing,97229,97228,97229,1
grooming,97279,97229,97279,50
rearing,97332,97279,97332,53
grooming,97467,97332,97467,135
climbing,97537,97467,97537,70
grooming,97682,97537,97682,145
hunching,97705,97682,97705,23
rearing,97809,97705,97809,104
climbing,97810,97809,97810,1
trotting,97825,97810,97825,15
sniffing,98258,97825,98258,433
right_turning,98281,98258,98281,23
rising,98299,98281,98299,18
grooming,98348,98299,98348,49
sniffing,98362,98348,98362,14
climbing,98419,98362,98419,57
rearing,98452,98419,98452,33
hunching,98472,98452,98472,20
grooming,98473,98472,98473,1
sniffing,98474,98473,98474,1
left_turning,98528,98474,98528,54
climbing,98543,98528,98543,15
grooming,98764,98543,98764,221
sniffing,98824,98764,98824,60
left_turning,98831,98824,98831,7
sniffing,98846,98831,98846,15
right_turning,98847,98846,98847,1
sniffing,98848,98847,98848,1
walking,98864,98848,98864,16
rising,98878,98864,98878,14
right_turning,98898,98878,98898,20
climbing,98952,98898,98952,54
walking,99034,98952,99034,82
stepping,99035,99034,99035,1
sniffing,99144,99035,99144,109
walking,99164,99144,99164,20
stepping,99178,99164,99178,14
sniffing,99206,99178,99206,28
rising,99270,99206,99270,64
rearing,99408,99270,99408,138
grooming,99604,99408,99604,196
sniffing,99690,99604,99690,86
rising,99739,99690,99739,49
grooming,99929,99739,99929,190
climbing,99965,99929,99965,36
trotting,99989,99965,99989,24
sniffing,100047,99989,100047,58
hunching,100238,100047,100238,191
rising,100253,100238,100253,15
climbing,100321,100253,100321,68
hunching,100388,100321,100388,67
grooming,100407,100388,100407,19
sniffing,100443,100407,100443,36
rearing,100497,100443,100497,54
climbing,100539,100497,100539,42
walking,100586,100539,100586,47
rising,100587,100586,100587,1
rearing,100724,100587,100724,137
grooming,100859,100724,100859,135
rearing,100876,100859,100876,17
sniffing,100893,100876,100893,17
walking,100912,100893,100912,19
stepping,100916,100912,100916,4
sniffing,100953,100916,100953,37
rising,101008,100953,101008,55
stepping,101041,101008,101041,33
sniffing,101103,101041,101103,62
walking,101127,101103,101127,24
sniffing,101175,101127,101175,48
stepping,101219,101175,101219,44
sniffing,101280,101219,101280,61
rearing,101290,101280,101290,10
left_turning,101330,101290,101330,40
walking,101345,101330,101345,15
rising,101346,101345,101346,1
sniffing,101369,101346,101369,23
stepping,101392,101369,101392,23
right_turning,101439,101392,101439,47
walking,101462,101439,101462,23
sniffing,101512,101462,101512,50
rising,101548,101512,101548,36
rearing,101673,101548,101673,125
sniffing,101683,101673,101683,10
stepping,101826,101683,101826,143
sniffing,101970,101826,101970,144
grooming,102051,101970,102051,81
rearing,102120,102051,102120,69
sniffing,102243,102120,102243,123
walking,102266,102243,102266,23
stepping,102313,102266,102313,47
sniffing,102322,102313,102322,9
stepping,102341,102322,102341,19
rising,102342,102341,102342,1
stepping,102383,102342,102383,41
sniffing,102392,102383,102392,9
left_turning,102425,102392,102425,33
rearing,102436,102425,102436,11
grooming,102520,102436,102520,84
hunching,102617,102520,102617,97
grooming,102700,102617,102700,83
rearing,102762,102700,102762,62
grooming,102832,102762,102832,70
hunching,102930,102832,102930,98
rearing,102951,102930,102951,21
climbing,102998,102951,102998,47
trotting,103008,102998,103008,10
climbing,103052,103008,103052,44
grooming,103114,103052,103114,62
sniffing,103151,103114,103151,37
right_turning,103180,103151,103180,29
walking,103181,103180,103181,1
sniffing,103243,103181,103243,62
stepping,103256,103243,103256,13
rising,103320,103256,103320,64
sniffing,103321,103320,103321,1
walking,103355,103321,103355,34
rising,103386,103355,103386,31
grooming,103387,103386,103387,1
sniffing,103461,103387,103461,74
rising,103501,103461,103501,40
grooming,103502,103501,103502,1
sniffing,103509,103502,103509,7
left_turning,103524,103509,103524,15
walking,103572,103524,103572,48
sniffing,103609,103572,103609,37
left_turning,103610,103609,103610,1
running,103634,103610,103634,24
walking,103719,103634,103719,85
sniffing,103751,103719,103751,32
hunching,103787,103751,103787,36
rearing,103898,103787,103898,111
grooming,103899,103898,103899,1
scratching,103910,103899,103910,11
grooming,103928,103910,103928,18
stepping,103996,103928,103996,68
sniffing,104030,103996,104030,34
rising,104105,104030,104105,75
climbing,104181,104105,104181,76
rearing,104182,104181,104182,1
left_turning,104197,104182,104197,15
grooming,105079,104197,105079,882
stepping,105080,105079,105080,1
sniffing,105081,105080,105081,1
grooming,105164,105081,105164,83
sniffing,105202,105164,105202,38
rearing,105203,105202,105203,1
left_turning,105219,105203,105219,16
stepping,105242,105219,105242,23
sniffing,105248,105242,105248,6
climbing,105297,105248,105297,49
rearing,105298,105297,105298,1
right_turning,105320,105298,105320,22
stepping,105369,105320,105369,49
trotting,105375,105369,105375,6
rearing,105610,105375,105610,235
grooming,105820,105610,105820,210
climbing,105870,105820,105870,50
walking,105874,105870,105874,4
trotting,105892,105874,105892,18
walking,105893,105892,105893,1
sniffing,105900,105893,105900,7
stepping,105926,105900,105926,26
walking,105953,105926,105953,27
sniffing,105954,105953,105954,1
walking,106011,105954,106011,57
sniffing,106049,106011,106049,38
rising,106053,106049,106053,4
walking,106066,106053,106066,13
climbing,106084,106066,106084,18
stepping,106122,106084,106122,38
rearing,106173,106122,106173,51
grooming,106174,106173,106174,1
hunching,106452,106174,106452,278
rising,106471,106452,106471,19
hunching,106536,106471,106536,65
rearing,106690,106536,106690,154
sniffing,106691,106690,106691,1
left_turning,106736,106691,106736,45
walking,106751,106736,106751,15
sniffing,106803,106751,106803,52
grooming,106838,106803,106838,35
rearing,106979,106838,106979,141
stepping,106981,106979,106981,2
sniffing,107011,106981,107011,30
rising,107060,107011,107060,49
rearing,107061,107060,107061,1
sniffing,107098,107061,107098,37
stepping,107144,107098,107144,46
rising,107263,107144,107263,119
rearing,107474,107263,107474,211
stepping,107507,107474,107507,33
trotting,107534,107507,107534,27
sniffing,107588,107534,107588,54
rising,107633,107588,107633,45
grooming,107896,107633,107896,263
rearing,107897,107896,107897,1
sniffing,107937,107897,107937,40
stepping,108000,107937,108000,63
