revised_movement_label,segBoundary,segBoundary_start,segBoundary_end,length
right_turning,5,0,5,5
sniffing,6,5,6,1
walking,16,6,16,10
rising,17,16,17,1
climbing,75,17,75,58
rearing,137,75,137,62
rising,157,137,157,20
grooming,158,157,158,1
right_turning,186,158,186,28
walking,226,186,226,40
rising,227,226,227,1
grooming,228,227,228,1
rising,474,228,474,246
sniffing,484,474,484,10
running,520,484,520,36
trotting,576,520,576,56
walking,604,576,604,28
rising,643,604,643,39
sniffing,661,643,661,18
running,671,661,671,10
walking,690,671,690,19
sniffing,691,690,691,1
right_turning,718,691,718,27
stepping,719,718,719,1
rising,737,719,737,18
sniffing,817,737,817,80
rising,818,817,818,1
right_turning,849,818,849,31
sniffing,916,849,916,67
right_turning,931,916,931,15
running,940,931,940,9
stepping,976,940,976,36
rising,1046,976,1046,70
sniffing,1090,1046,1090,44
left_turning,1100,1090,1100,10
sniffing,1101,1100,1101,1
rearing,1178,1101,1178,77
grooming,1202,1178,1202,24
rising,1230,1202,1230,28
walking,1290,1230,1290,60
rising,1291,1290,1291,1
sniffing,1347,1291,1347,56
stepping,1371,1347,1371,24
left_turning,1430,1371,1430,59
running,1440,1430,1440,10
sniffing,1476,1440,1476,36
rearing,1570,1476,1570,94
grooming,1696,1570,1696,126
sniffing,1731,1696,1731,35
trotting,1767,1731,1767,36
stepping,1780,1767,1780,13
sniffing,1888,1780,1888,108
rising,1915,1888,1915,27
sniffing,1924,1915,1924,9
stepping,1965,1924,1965,41
rising,1966,1965,1966,1
sniffing,1983,1966,1983,17
rising,1984,1983,1984,1
stepping,2022,1984,2022,38
running,2044,2022,2044,22
walking,2094,2044,2094,50
right_turning,2098,2094,2098,4
sniffing,2176,2098,2176,78
walking,2197,2176,2197,21
running,2212,2197,2212,15
walking,2269,2212,2269,57
rising,2311,2269,2311,42
stepping,2331,2311,2331,20
walking,2440,2331,2440,109
trotting,2457,2440,2457,17
sniffing,2458,2457,2458,1
stepping,2485,2458,2485,27
walking,2524,2485,2524,39
stepping,2553,2524,2553,29
walking,2607,2553,2607,54
sniffing,2627,2607,2627,20
grooming,2718,2627,2718,91
walking,2721,2718,2721,3
sniffing,2790,2721,2790,69
right_turning,2796,2790,2796,6
walking,2840,2796,2840,44
sniffing,2862,2840,2862,22
stepping,2863,2862,2863,1
sniffing,2880,2863,2880,17
walking,2881,2880,2881,1
trotting,2912,2881,2912,31
climbing,2945,2912,2945,33
right_turning,2971,2945,2971,26
trotting,2999,2971,2999,28
walking,3097,2999,3097,98
running,3113,3097,3113,16
left_turning,3126,3113,3126,13
trotting,3159,3126,3159,33
rising,3160,3159,3160,1
grooming,3591,3160,3591,431
rising,3611,3591,3611,20
trotting,3648,3611,3648,37
stepping,3676,3648,3676,28
walking,3773,3676,3773,97
stepping,3790,3773,3790,17
walking,3822,3790,3822,32
trotting,3828,3822,3828,6
walking,3887,3828,3887,59
sniffing,3936,3887,3936,49
hunching,4046,3936,4046,110
grooming,4047,4046,4047,1
rearing,4381,4047,4381,334
sniffing,4409,4381,4409,28
walking,4447,4409,4447,38
stepping,4448,4447,4448,1
sniffing,4583,4448,4583,135
walking,4619,4583,4619,36
stepping,4627,4619,4627,8
running,4672,4627,4672,45
trotting,4677,4672,4677,5
walking,4699,4677,4699,22
sniffing,4721,4699,4721,22
walking,4738,4721,4738,17
sniffing,4744,4738,4744,6
hunching,4782,4744,4782,38
grooming,4783,4782,4783,1
hunching,4920,4783,4920,137
walking,4964,4920,4964,44
sniffing,5051,4964,5051,87
rearing,5052,5051,5052,1
sniffing,5053,5052,5053,1
walking,5069,5053,5069,16
sniffing,5118,5069,5118,49
stepping,5119,5118,5119,1
walking,5120,5119,5120,1
stepping,5121,5120,5121,1
sniffing,5135,5121,5135,14
trotting,5169,5135,5169,34
rising,5199,5169,5199,30
sniffing,5331,5199,5331,132
climbing,5352,5331,5352,21
sniffing,5379,5352,5379,27
stepping,5392,5379,5392,13
walking,5395,5392,5395,3
sniffing,5425,5395,5425,30
rising,5427,5425,5427,2
walking,5466,5427,5466,39
sniffing,5498,5466,5498,32
left_turning,5506,5498,5506,8
trotting,5517,5506,5517,11
running,5523,5517,5523,6
sniffing,5576,5523,5576,53
stepping,5577,5576,5577,1
sniffing,5620,5577,5620,43
left_turning,5641,5620,5641,21
walking,5659,5641,5659,18
running,5671,5659,5671,12
walking,5704,5671,5704,33
rising,5726,5704,5726,22
sniffing,5797,5726,5797,71
rising,5879,5797,5879,82
left_turning,5887,5879,5887,8
walking,5896,5887,5896,9
stepping,5951,5896,5951,55
walking,5956,5951,5956,5
rising,5964,5956,5964,8
rearing,6135,5964,6135,171
climbing,6178,6135,6178,43
grooming,6335,6178,6335,157
right_turning,6336,6335,6336,1
stepping,6361,6336,6361,25
rising,6422,6361,6422,61
sniffing,6497,6422,6497,75
rising,6720,6497,6720,223
climbing,6777,6720,6777,57
grooming,6899,6777,6899,122
sniffing,6957,6899,6957,58
rearing,6958,6957,6958,1
right_turning,6977,6958,6977,19
walking,6988,6977,6988,11
sniffing,7028,6988,7028,40
stepping,7073,7028,7073,45
climbing,7122,7073,7122,49
stepping,7154,7122,7154,32
rearing,7279,7154,7279,125
left_turning,7327,7279,7327,48
running,7354,7327,7354,27
trotting,7397,7354,7397,43
stepping,7400,7397,7400,3
walking,7427,7400,7427,27
trotting,7442,7427,7442,15
walking,7463,7442,7463,21
stepping,7501,7463,7501,38
sniffing,7535,7501,7535,34
right_turning,7544,7535,7544,9
sniffing,7658,7544,7658,114
grooming,7851,7658,7851,193
left_turning,7871,7851,7871,20
walking,7894,7871,7894,23
grooming,7918,7894,7918,24
hunching,7968,7918,7968,50
rising,8041,7968,8041,73
climbing,8060,8041,8060,19
sniffing,8088,8060,8088,28
stepping,8093,8088,8093,5
sniffing,8136,8093,8136,43
stepping,8141,8136,8141,5
walking,8196,8141,8196,55
stepping,8212,8196,8212,16
sniffing,8349,8212,8349,137
rising,8358,8349,8358,9
stepping,8381,8358,8381,23
sniffing,8382,8381,8382,1
walking,8386,8382,8386,4
sniffing,8392,8386,8392,6
left_turning,8435,8392,8435,43
rising,8461,8435,8461,26
sniffing,8504,8461,8504,43
rising,8534,8504,8534,30
grooming,8634,8534,8634,100
sniffing,8719,8634,8719,85
walking,8746,8719,8746,27
stepping,8747,8746,8747,1
sniffing,8758,8747,8758,11
walking,8768,8758,8768,10
stepping,8814,8768,8814,46
sniffing,8815,8814,8815,1
stepping,8857,8815,8857,42
sniffing,8902,8857,8902,45
left_turning,8919,8902,8919,17
trotting,8920,8919,8920,1
walking,8946,8920,8946,26
rising,8997,8946,8997,51
left_turning,9021,8997,9021,24
stepping,9044,9021,9044,23
sniffing,9082,9044,9082,38
stepping,9101,9082,9101,19
sniffing,9102,9101,9102,1
stepping,9148,9102,9148,46
grooming,9195,9148,9195,47
walking,9196,9195,9196,1
running,9222,9196,9222,26
stepping,9255,9222,9255,33
hunching,9288,9255,9288,33
left_turning,9330,9288,9330,42
walking,9353,9330,9353,23
sniffing,9425,9353,9425,72
climbing,9437,9425,9437,12
left_turning,9450,9437,9450,13
stepping,9489,9450,9489,39
grooming,9490,9489,9490,1
rearing,9519,9490,9519,29
grooming,9715,9519,9715,196
stepping,9721,9715,9721,6
rising,9800,9721,9800,79
trotting,9824,9800,9824,24
sniffing,9833,9824,9833,9
grooming,9903,9833,9903,70
walking,9952,9903,9952,49
sniffing,9976,9952,9976,24
scratching,10025,9976,10025,49
sniffing,10181,10025,10181,156
left_turning,10182,10181,10182,1
sniffing,10208,10182,10208,26
rising,10220,10208,10220,12
stepping,10257,10220,10257,37
walking,10311,10257,10311,54
stepping,10344,10311,10344,33
walking,10355,10344,10355,11
sniffing,10491,10355,10491,136
grooming,10492,10491,10492,1
sniffing,10556,10492,10556,64
rising,10578,10556,10578,22
rearing,10680,10578,10680,102
grooming,10826,10680,10826,146
right_turning,10845,10826,10845,19
running,10874,10845,10874,29
trotting,10885,10874,10885,11
walking,10910,10885,10910,25
grooming,11088,10910,11088,178
rearing,11134,11088,11134,46
hunching,11218,11134,11218,84
grooming,11324,11218,11324,106
hunching,11385,11324,11385,61
grooming,11574,11385,11574,189
sniffing,11605,11574,11605,31
walking,11636,11605,11636,31
stepping,11672,11636,11672,36
rearing,11822,11672,11822,150
hunching,11935,11822,11935,113
grooming,11936,11935,11936,1
rearing,12166,11936,12166,230
walking,12230,12166,12230,64
trotting,12261,12230,12261,31
walking,12269,12261,12269,8
running,12312,12269,12312,43
climbing,12354,12312,12354,42
grooming,12355,12354,12355,1
climbing,12400,12355,12400,45
stepping,12421,12400,12421,21
sniffing,12422,12421,12422,1
grooming,13065,12422,13065,643
climbing,13109,13065,13109,44
rearing,13110,13109,13110,1
rising,13111,13110,13111,1
grooming,13807,13111,13807,696
rearing,13953,13807,13953,146
hunching,14069,13953,14069,116
grooming,14238,14069,14238,169
running,14261,14238,14261,23
walking,14281,14261,14281,20
right_turning,14314,14281,14314,33
stepping,14362,14314,14362,48
grooming,14363,14362,14363,1
hunching,14437,14363,14437,74
grooming,14817,14437,14817,380
sniffing,14818,14817,14818,1
left_turning,14851,14818,14851,33
walking,14852,14851,14852,1
sniffing,14984,14852,14984,132
stepping,14985,14984,14985,1
walking,15000,14985,15000,15
sniffing,15103,15000,15103,103
right_turning,15112,15103,15112,9
walking,15150,15112,15150,38
stepping,15205,15150,15205,55
rising,15212,15205,15212,7
grooming,15250,15212,15250,38
sniffing,15302,15250,15302,52
rising,15303,15302,15303,1
walking,15354,15303,15354,51
rising,15407,15354,15407,53
stepping,15431,15407,15431,24
sniffing,15451,15431,15451,20
right_turning,15486,15451,15486,35
grooming,15537,15486,15537,51
right_turning,15545,15537,15545,8
trotting,15571,15545,15571,26
walking,15615,15571,15615,44
grooming,16397,15615,16397,782
rising,16398,16397,16398,1
hunching,16496,16398,16496,98
grooming,16589,16496,16589,93
stepping,16614,16589,16614,25
left_turning,16656,16614,16656,42
stepping,16657,16656,16657,1
scratching,16717,16657,16717,60
sniffing,16733,16717,16733,16
rearing,16788,16733,16788,55
grooming,16789,16788,16789,1
sniffing,16839,16789,16839,50
running,16867,16839,16867,28
sniffing,16965,16867,16965,98
rising,16986,16965,16986,21
walking,17064,16986,17064,78
right_turning,17067,17064,17067,3
stepping,17086,17067,17086,19
rising,17137,17086,17137,51
hunching,17209,17137,17209,72
walking,17243,17209,17243,34
sniffing,17263,17243,17263,20
grooming,17516,17263,17516,253
rearing,17679,17516,17679,163
sniffing,17706,17679,17706,27
stepping,17786,17706,17786,80
sniffing,17798,17786,17798,12
left_turning,17841,17798,17841,43
sniffing,17863,17841,17863,22
running,17893,17863,17893,30
walking,17924,17893,17924,31
rearing,17981,17924,17981,57
grooming,18178,17981,18178,197
left_turning,18193,18178,18193,15
right_turning,18200,18193,18200,7
sniffing,18268,18200,18268,68
grooming,18327,18268,18327,59
sniffing,18343,18327,18343,16
stepping,18377,18343,18377,34
sniffing,18378,18377,18378,1
hunching,18394,18378,18394,16
left_turning,18420,18394,18420,26
sniffing,18458,18420,18458,38
left_turning,18467,18458,18467,9
stepping,18510,18467,18510,43
sniffing,18539,18510,18539,29
rising,18585,18539,18585,46
rearing,18586,18585,18586,1
sniffing,18641,18586,18641,55
rising,18666,18641,18666,25
sniffing,18698,18666,18698,32
left_turning,18807,18698,18807,109
grooming,18875,18807,18875,68
rising,18885,18875,18885,10
walking,18886,18885,18886,1
rising,18954,18886,18954,68
left_turning,18983,18954,18983,29
rising,19034,18983,19034,51
trotting,19045,19034,19045,11
stepping,19057,19045,19057,12
sniffing,19091,19057,19091,34
grooming,19256,19091,19256,165
left_turning,19291,19256,19291,35
stepping,19335,19291,19335,44
sniffing,19336,19335,19336,1
climbing,19381,19336,19381,45
grooming,19426,19381,19426,45
hunching,19446,19426,19446,20
grooming,19469,19446,19469,23
walking,19504,19469,19504,35
stepping,19550,19504,19550,46
hunching,19575,19550,19575,25
walking,19645,19575,19645,70
rising,19689,19645,19689,44
grooming,19690,19689,19690,1
climbing,19717,19690,19717,27
grooming,19718,19717,19718,1
rearing,19911,19718,19911,193
climbing,19934,19911,19934,23
walking,19940,19934,19940,6
stepping,19941,19940,19941,1
climbing,19994,19941,19994,53
grooming,20326,19994,20326,332
stepping,20341,20326,20341,15
rearing,20363,20341,20363,22
climbing,20390,20363,20390,27
sniffing,20401,20390,20401,11
walking,20453,20401,20453,52
trotting,20458,20453,20458,5
left_turning,20503,20458,20503,45
rising,20658,20503,20658,155
grooming,20659,20658,20659,1
stepping,20695,20659,20695,36
grooming,20919,20695,20919,224
sniffing,20970,20919,20970,51
climbing,21011,20970,21011,41
sniffing,21012,21011,21012,1
hunching,21049,21012,21049,37
left_turning,21085,21049,21085,36
stepping,21086,21085,21086,1
climbing,21112,21086,21112,26
walking,21157,21112,21157,45
hunching,21158,21157,21158,1
rearing,21159,21158,21159,1
rising,21213,21159,21213,54
sniffing,21235,21213,21235,22
rearing,21236,21235,21236,1
grooming,21344,21236,21344,108
rearing,21377,21344,21377,33
left_turning,21434,21377,21434,57
grooming,21568,21434,21568,134
sniffing,21620,21568,21620,52
walking,21648,21620,21648,28
grooming,21649,21648,21649,1
running,21668,21649,21668,19
trotting,21705,21668,21705,37
sniffing,21736,21705,21736,31
left_turning,21759,21736,21759,23
trotting,21791,21759,21791,32
sniffing,21799,21791,21799,8
stepping,21912,21799,21912,113
sniffing,22064,21912,22064,152
stepping,22091,22064,22091,27
walking,22145,22091,22145,54
stepping,22197,22145,22197,52
sniffing,22220,22197,22220,23
walking,22240,22220,22240,20
sniffing,22370,22240,22370,130
grooming,22676,22370,22676,306
rearing,22789,22676,22789,113
grooming,22809,22789,22809,20
rising,22846,22809,22846,37
hunching,23051,22846,23051,205
rearing,23052,23051,23052,1
grooming,23290,23052,23290,238
left_turning,23298,23290,23298,8
grooming,23299,23298,23299,1
sniffing,23332,23299,23332,33
rising,23355,23332,23355,23
sniffing,23405,23355,23405,50
rising,23438,23405,23438,33
rearing,23556,23438,23556,118
rising,23580,23556,23580,24
hunching,23610,23580,23610,30
stepping,23634,23610,23634,24
right_turning,23665,23634,23665,31
stepping,23722,23665,23722,57
sniffing,23816,23722,23816,94
rearing,23817,23816,23817,1
grooming,23842,23817,23842,25
climbing,23909,23842,23909,67
grooming,24241,23909,24241,332
left_turning,24298,24241,24298,57
walking,24319,24298,24319,21
stepping,24402,24319,24402,83
sniffing,24427,24402,24427,25
grooming,24428,24427,24428,1
sniffing,24429,24428,24429,1
grooming,24504,24429,24504,75
sniffing,24505,24504,24505,1
grooming,24629,24505,24629,124
hunching,24630,24629,24630,1
rearing,24850,24630,24850,220
sniffing,25031,24850,25031,181
stepping,25032,25031,25032,1
sniffing,25114,25032,25114,82
stepping,25158,25114,25158,44
left_turning,25163,25158,25163,5
grooming,25345,25163,25345,182
sniffing,25382,25345,25382,37
rising,25409,25382,25409,27
hunching,25498,25409,25498,89
grooming,25682,25498,25682,184
sniffing,25691,25682,25691,9
left_turning,25722,25691,25722,31
walking,25771,25722,25771,49
stepping,25839,25771,25839,68
walking,25853,25839,25853,14
grooming,26307,25853,26307,454
hunching,26389,26307,26389,82
rearing,26390,26389,26390,1
grooming,26805,26390,26805,415
rearing,26806,26805,26806,1
grooming,26807,26806,26807,1
left_turning,26831,26807,26831,24
sniffing,26870,26831,26870,39
left_turning,26893,26870,26893,23
trotting,26902,26893,26902,9
sniffing,26903,26902,26903,1
grooming,26904,26903,26904,1
hunching,26940,26904,26940,36
grooming,27227,26940,27227,287
rearing,27273,27227,27273,46
climbing,27310,27273,27310,37
sniffing,27381,27310,27381,71
stepping,27402,27381,27402,21
rising,27441,27402,27441,39
sniffing,27507,27441,27507,66
grooming,27728,27507,27728,221
left_turning,27759,27728,27759,31
rearing,27861,27759,27861,102
climbing,27941,27861,27941,80
grooming,28236,27941,28236,295
rising,28254,28236,28254,18
rearing,28361,28254,28361,107
grooming,28563,28361,28563,202
sniffing,28615,28563,28615,52
rising,28616,28615,28616,1
rearing,28617,28616,28617,1
sniffing,28655,28617,28655,38
stepping,28656,28655,28656,1
grooming,28931,28656,28931,275
sniffing,28944,28931,28944,13
left_turning,28951,28944,28951,7
sniffing,28969,28951,28969,18
rising,28984,28969,28984,15
left_turning,29054,28984,29054,70
sniffing,29118,29054,29118,64
walking,29152,29118,29152,34
stepping,29209,29152,29209,57
walking,29226,29209,29226,17
grooming,29462,29226,29462,236
stepping,29517,29462,29517,55
trotting,29538,29517,29538,21
walking,29563,29538,29563,25
rising,29596,29563,29596,33
climbing,29670,29596,29670,74
stepping,29713,29670,29713,43
walking,29715,29713,29715,2
jumping,29777,29715,29777,62
stepping,29801,29777,29801,24
sniffing,29802,29801,29802,1
walking,29855,29802,29855,53
stepping,29875,29855,29875,20
sniffing,29929,29875,29929,54
left_turning,29954,29929,29954,25
grooming,30099,29954,30099,145
sniffing,30154,30099,30154,55
grooming,30529,30154,30529,375
climbing,30557,30529,30557,28
left_turning,30569,30557,30569,12
stepping,30603,30569,30603,34
sniffing,30644,30603,30644,41
right_turning,30651,30644,30651,7
trotting,30682,30651,30682,31
left_turning,30724,30682,30724,42
rising,30758,30724,30758,34
stepping,30773,30758,30773,15
sniffing,30795,30773,30795,22
grooming,30801,30795,30801,6
stepping,30846,30801,30846,45
grooming,30900,30846,30900,54
rearing,30931,30900,30931,31
rising,30942,30931,30942,11
climbing,31013,30942,31013,71
rearing,31041,31013,31041,28
grooming,31235,31041,31235,194
right_turning,31253,31235,31253,18
walking,31275,31253,31275,22
stepping,31285,31275,31285,10
sniffing,31294,31285,31294,9
climbing,31348,31294,31348,54
sniffing,31438,31348,31438,90
climbing,31504,31438,31504,66
left_turning,31526,31504,31526,22
sniffing,31588,31526,31588,62
stepping,31600,31588,31600,12
sniffing,31682,31600,31682,82
stepping,31730,31682,31730,48
sniffing,31731,31730,31731,1
walking,31764,31731,31764,33
sniffing,31796,31764,31796,32
walking,31816,31796,31816,20
grooming,31817,31816,31817,1
sniffing,31872,31817,31872,55
left_turning,31886,31872,31886,14
stepping,31931,31886,31931,45
walking,31965,31931,31965,34
sniffing,32106,31965,32106,141
grooming,32592,32106,32592,486
running,32624,32592,32624,32
walking,32632,32624,32632,8
sniffing,32705,32632,32705,73
left_turning,32724,32705,32724,19
walking,32748,32724,32748,24
rising,32749,32748,32749,1
climbing,32750,32749,32750,1
stepping,32812,32750,32812,62
sniffing,32827,32812,32827,15
stepping,32868,32827,32868,41
sniffing,33015,32868,33015,147
rising,33091,33015,33091,76
rearing,33108,33091,33108,17
grooming,33109,33108,33109,1
sniffing,33112,33109,33112,3
left_turning,33120,33112,33120,8
climbing,33213,33120,33213,93
left_turning,33214,33213,33214,1
sniffing,33293,33214,33293,79
right_turning,33317,33293,33317,24
sniffing,33414,33317,33414,97
stepping,33418,33414,33418,4
trotting,33461,33418,33461,43
left_turning,33462,33461,33462,1
stepping,33498,33462,33498,36
rearing,33524,33498,33524,26
grooming,33713,33524,33713,189
left_turning,33714,33713,33714,1
sniffing,33745,33714,33745,31
left_turning,33825,33745,33825,80
sniffing,33911,33825,33911,86
walking,33931,33911,33931,20
grooming,33987,33931,33987,56
left_turning,33988,33987,33988,1
stepping,34003,33988,34003,15
grooming,34100,34003,34100,97
rearing,34192,34100,34192,92
hunching,34216,34192,34216,24
sniffing,34268,34216,34268,52
grooming,34479,34268,34479,211
walking,34489,34479,34489,10
rising,34552,34489,34552,63
climbing,34591,34552,34591,39
left_turning,34607,34591,34607,16
running,34625,34607,34625,18
trotting,34655,34625,34655,30
rearing,34716,34655,34716,61
hunching,34720,34716,34720,4
grooming,34721,34720,34721,1
sniffing,34738,34721,34738,17
walking,34742,34738,34742,4
left_turning,34750,34742,34750,8
trotting,34789,34750,34789,39
left_turning,34845,34789,34845,56
walking,34862,34845,34862,17
sniffing,34898,34862,34898,36
stepping,34913,34898,34913,15
grooming,34930,34913,34930,17
running,34977,34930,34977,47
walking,34978,34977,34978,1
sniffing,35116,34978,35116,138
walking,35133,35116,35133,17
sniffing,35198,35133,35198,65
stepping,35221,35198,35221,23
sniffing,35222,35221,35222,1
stepping,35228,35222,35228,6
running,35245,35228,35245,17
trotting,35284,35245,35284,39
stepping,35307,35284,35307,23
rising,35319,35307,35319,12
grooming,35978,35319,35978,659
hunching,35993,35978,35993,15
rising,36026,35993,36026,33
rearing,36027,36026,36027,1
grooming,36213,36027,36213,186
rearing,36306,36213,36306,93
hunching,36390,36306,36390,84
grooming,36423,36390,36423,33
rearing,36504,36423,36504,81
sniffing,36562,36504,36562,58
grooming,36858,36562,36858,296
sniffing,36877,36858,36877,19
walking,36915,36877,36915,38
left_turning,36963,36915,36963,48
running,36979,36963,36979,16
rising,36988,36979,36988,9
rearing,37062,36988,37062,74
grooming,37220,37062,37220,158
rearing,37221,37220,37221,1
climbing,37243,37221,37243,22
grooming,37271,37243,37271,28
stepping,37321,37271,37321,50
sniffing,37354,37321,37354,33
rising,37355,37354,37355,1
grooming,37356,37355,37356,1
rearing,37418,37356,37418,62
grooming,37524,37418,37524,106
sniffing,37525,37524,37525,1
left_turning,37535,37525,37535,10
sniffing,37579,37535,37579,44
rearing,37686,37579,37686,107
grooming,37687,37686,37687,1
sniffing,37712,37687,37712,25
walking,37725,37712,37725,13
sniffing,37746,37725,37746,21
stepping,37779,37746,37779,33
sniffing,37893,37779,37893,114
rising,37904,37893,37904,11
rearing,37970,37904,37970,66
hunching,38073,37970,38073,103
grooming,38074,38073,38074,1
jumping,38086,38074,38086,12
rearing,38184,38086,38184,98
rising,38219,38184,38219,35
grooming,38228,38219,38228,9
hunching,38316,38228,38316,88
grooming,38346,38316,38346,30
hunching,38401,38346,38401,55
grooming,38402,38401,38402,1
walking,38403,38402,38403,1
rearing,38418,38403,38418,15
climbing,38438,38418,38438,20
grooming,38742,38438,38742,304
rearing,38780,38742,38780,38
grooming,39189,38780,39189,409
climbing,39208,39189,39208,19
walking,39209,39208,39209,1
sniffing,39284,39209,39284,75
rising,39329,39284,39329,45
climbing,39362,39329,39362,33
rising,39476,39362,39476,114
walking,39483,39476,39483,7
sniffing,39501,39483,39501,18
rearing,39518,39501,39518,17
climbing,39551,39518,39551,33
walking,39566,39551,39566,15
sniffing,39590,39566,39590,24
rearing,39743,39590,39743,153
running,39767,39743,39767,24
left_turning,39824,39767,39824,57
rearing,39851,39824,39851,27
sniffing,39893,39851,39893,42
walking,39913,39893,39913,20
rising,39915,39913,39915,2
climbing,39936,39915,39936,21
rising,39944,39936,39944,8
stepping,39950,39944,39950,6
rising,39989,39950,39989,39
grooming,39990,39989,39990,1
stepping,39991,39990,39991,1
sniffing,40084,39991,40084,93
walking,40104,40084,40104,20
sniffing,40133,40104,40133,29
rising,40242,40133,40242,109
hunching,40316,40242,40316,74
rearing,40391,40316,40391,75
sniffing,40399,40391,40399,8
walking,40420,40399,40420,21
sniffing,40427,40420,40427,7
left_turning,40456,40427,40456,29
grooming,40475,40456,40475,19
hunching,40529,40475,40529,54
grooming,41830,40529,41830,1301
sniffing,41840,41830,41840,10
rising,41851,41840,41851,11
walking,41866,41851,41866,15
sniffing,41869,41866,41869,3
stepping,41879,41869,41879,10
trotting,41900,41879,41900,21
walking,41908,41900,41908,8
sniffing,41935,41908,41935,27
rising,41974,41935,41974,39
climbing,42009,41974,42009,35
walking,42011,42009,42011,2
sniffing,42034,42011,42034,23
stepping,42035,42034,42035,1
walking,42064,42035,42064,29
stepping,42136,42064,42136,72
walking,42178,42136,42178,42
sniffing,42288,42178,42288,110
grooming,42289,42288,42289,1
stepping,42305,42289,42305,16
right_turning,42344,42305,42344,39
walking,42365,42344,42365,21
right_turning,42375,42365,42375,10
walking,42452,42375,42452,77
sniffing,42470,42452,42470,18
grooming,42602,42470,42602,132
rearing,42603,42602,42603,1
stepping,42635,42603,42635,32
sniffing,42664,42635,42664,29
running,42688,42664,42688,24
walking,42730,42688,42730,42
sniffing,42731,42730,42731,1
grooming,42790,42731,42790,59
hunching,42831,42790,42831,41
grooming,43391,42831,43391,560
sniffing,43532,43391,43532,141
rearing,43534,43532,43534,2
grooming,43579,43534,43579,45
sniffing,43626,43579,43626,47
walking,43663,43626,43663,37
sniffing,43697,43663,43697,34
left_turning,43734,43697,43734,37
grooming,43872,43734,43872,138
walking,43901,43872,43901,29
running,43917,43901,43917,16
sniffing,44048,43917,44048,131
trotting,44074,44048,44074,26
walking,44158,44074,44158,84
sniffing,44193,44158,44193,35
rising,44205,44193,44205,12
walking,44207,44205,44207,2
rising,44212,44207,44212,5
trotting,44245,44212,44245,33
rising,44285,44245,44285,40
walking,44307,44285,44307,22
climbing,44358,44307,44358,51
running,44374,44358,44374,16
walking,44393,44374,44393,19
stepping,44415,44393,44415,22
hunching,44544,44415,44544,129
rising,44545,44544,44545,1
right_turning,44571,44545,44571,26
running,44592,44571,44592,21
walking,44652,44592,44652,60
rearing,44653,44652,44653,1
left_turning,44734,44653,44734,81
grooming,44735,44734,44735,1
hunching,44872,44735,44872,137
grooming,44928,44872,44928,56
sniffing,44975,44928,44975,47
rising,44978,44975,44978,3
sniffing,45104,44978,45104,126
walking,45127,45104,45127,23
sniffing,45178,45127,45178,51
stepping,45209,45178,45209,31
sniffing,45236,45209,45236,27
rising,45237,45236,45237,1
grooming,46040,45237,46040,803
hunching,46071,46040,46071,31
grooming,46089,46071,46089,18
rising,46097,46089,46097,8
running,46141,46097,46141,44
rising,46156,46141,46156,15
grooming,46157,46156,46157,1
sniffing,46205,46157,46205,48
left_turning,46230,46205,46230,25
sniffing,46316,46230,46316,86
stepping,46347,46316,46347,31
walking,46372,46347,46372,25
running,46417,46372,46417,45
trotting,46478,46417,46478,61
right_turning,46506,46478,46506,28
sniffing,46553,46506,46553,47
left_turning,46590,46553,46590,37
stepping,46591,46590,46591,1
trotting,46620,46591,46620,29
stepping,46693,46620,46693,73
sniffing,46712,46693,46712,19
rising,46809,46712,46809,97
scratching,47037,46809,47037,228
left_turning,47240,47037,47240,203
walking,47246,47240,47246,6
sniffing,47312,47246,47312,66
right_turning,47318,47312,47318,6
climbing,47331,47318,47331,13
running,47357,47331,47357,26
walking,47372,47357,47372,15
sniffing,47410,47372,47410,38
stepping,47445,47410,47445,35
sniffing,47446,47445,47446,1
grooming,47614,47446,47614,168
rearing,47680,47614,47680,66
hunching,47702,47680,47702,22
grooming,47703,47702,47703,1
hunching,47764,47703,47764,61
rearing,47765,47764,47765,1
grooming,48084,47765,48084,319
rising,48141,48084,48141,57
rearing,48306,48141,48306,165
grooming,48559,48306,48559,253
climbing,48678,48559,48678,119
walking,48703,48678,48703,25
sniffing,48733,48703,48733,30
grooming,48852,48733,48852,119
walking,48867,48852,48867,15
trotting,48915,48867,48915,48
stepping,48916,48915,48916,1
walking,48921,48916,48921,5
sniffing,49025,48921,49025,104
right_turning,49026,49025,49026,1
stepping,49048,49026,49048,22
climbing,49078,49048,49078,30
stepping,49111,49078,49111,33
left_turning,49112,49111,49112,1
sniffing,49168,49112,49168,56
stepping,49189,49168,49189,21
climbing,49277,49189,49277,88
walking,49304,49277,49304,27
sniffing,49374,49304,49374,70
walking,49418,49374,49418,44
stepping,49478,49418,49478,60
climbing,49544,49478,49544,66
walking,49547,49544,49547,3
stepping,49583,49547,49583,36
sniffing,49679,49583,49679,96
stepping,49703,49679,49703,24
grooming,49920,49703,49920,217
sniffing,49974,49920,49974,54
grooming,50196,49974,50196,222
sniffing,50262,50196,50262,66
grooming,50263,50262,50263,1
sniffing,50282,50263,50282,19
walking,50285,50282,50285,3
rising,50290,50285,50290,5
sniffing,50342,50290,50342,52
walking,50359,50342,50359,17
trotting,50372,50359,50372,13
walking,50386,50372,50386,14
sniffing,50401,50386,50401,15
trotting,50410,50401,50410,9
rearing,50469,50410,50469,59
hunching,50470,50469,50470,1
rearing,50471,50470,50471,1
sniffing,50502,50471,50502,31
walking,50557,50502,50557,55
sniffing,50712,50557,50712,155
trotting,50737,50712,50737,25
walking,50777,50737,50777,40
stepping,50826,50777,50826,49
sniffing,50845,50826,50845,19
stepping,50865,50845,50865,20
sniffing,50927,50865,50927,62
left_turning,50981,50927,50981,54
grooming,52149,50981,52149,1168
sniffing,52216,52149,52216,67
left_turning,52240,52216,52240,24
walking,52284,52240,52284,44
stepping,52289,52284,52289,5
sniffing,52307,52289,52307,18
stepping,52348,52307,52348,41
walking,52380,52348,52380,32
right_turning,52391,52380,52391,11
walking,52403,52391,52403,12
sniffing,52421,52403,52421,18
trotting,52434,52421,52434,13
walking,52476,52434,52476,42
stepping,52557,52476,52557,81
walking,52576,52557,52576,19
sniffing,52606,52576,52606,30
trotting,52650,52606,52650,44
sniffing,52651,52650,52651,1
grooming,53130,52651,53130,479
rearing,53170,53130,53170,40
grooming,53408,53170,53408,238
sniffing,53435,53408,53435,27
running,53437,53435,53437,2
rearing,53471,53437,53471,34
sniffing,53510,53471,53510,39
rising,53533,53510,53533,23
climbing,53605,53533,53605,72
right_turning,53624,53605,53624,19
rearing,53634,53624,53634,10
hunching,53819,53634,53819,185
walking,53849,53819,53849,30
stepping,53850,53849,53850,1
hunching,53901,53850,53901,51
rearing,53930,53901,53930,29
grooming,54547,53930,54547,617
sniffing,54548,54547,54548,1
walking,54618,54548,54618,70
stepping,54633,54618,54633,15
walking,54680,54633,54680,47
sniffing,54685,54680,54685,5
trotting,54702,54685,54702,17
walking,54750,54702,54750,48
stepping,54782,54750,54782,32
climbing,54867,54782,54867,85
walking,54904,54867,54904,37
trotting,54941,54904,54941,37
sniffing,55015,54941,55015,74
walking,55041,55015,55041,26
sniffing,55061,55041,55061,20
rising,55062,55061,55062,1
grooming,55063,55062,55063,1
rearing,55064,55063,55064,1
grooming,55123,55064,55123,59
right_turning,55124,55123,55124,1
walking,55130,55124,55130,6
sniffing,55228,55130,55228,98
grooming,55463,55228,55463,235
right_turning,55469,55463,55469,6
sniffing,55509,55469,55509,40
rising,55551,55509,55551,42
climbing,55596,55551,55596,45
walking,55610,55596,55610,14
stepping,55636,55610,55636,26
walking,55651,55636,55651,15
trotting,55664,55651,55664,13
running,55701,55664,55701,37
walking,55725,55701,55725,24
sniffing,55813,55725,55813,88
rising,55832,55813,55832,19
climbing,55886,55832,55886,54
trotting,55901,55886,55901,15
walking,55905,55901,55905,4
sniffing,55906,55905,55906,1
grooming,55948,55906,55948,42
sniffing,56012,55948,56012,64
walking,56026,56012,56026,14
stepping,56054,56026,56054,28
rising,56069,56054,56069,15
climbing,56110,56069,56110,41
rising,56131,56110,56131,21
climbing,56209,56131,56209,78
walking,56237,56209,56237,28
sniffing,56273,56237,56273,36
rising,56317,56273,56317,44
climbing,56318,56317,56318,1
grooming,57021,56318,57021,703
sniffing,57125,57021,57125,104
right_turning,57152,57125,57152,27
stepping,57198,57152,57198,46
grooming,57382,57198,57382,184
left_turning,57392,57382,57392,10
walking,57404,57392,57404,12
sniffing,57467,57404,57467,63
running,57484,57467,57484,17
rearing,57559,57484,57559,75
climbing,57629,57559,57629,70
stepping,57659,57629,57659,30
rearing,57771,57659,57771,112
grooming,57772,57771,57772,1
rearing,57773,57772,57773,1
left_turning,57820,57773,57820,47
walking,57850,57820,57850,30
sniffing,57880,57850,57880,30
rising,57930,57880,57930,50
stepping,57959,57930,57959,29
rearing,58059,57959,58059,100
climbing,58114,58059,58114,55
sniffing,58128,58114,58128,14
stepping,58129,58128,58129,1
sniffing,58145,58129,58145,16
stepping,58172,58145,58172,27
jumping,58266,58172,58266,94
rearing,58290,58266,58290,24
left_turning,58292,58290,58292,2
sniffing,58312,58292,58312,20
stepping,58348,58312,58348,36
sniffing,58445,58348,58445,97
walking,58470,58445,58470,25
stepping,58528,58470,58528,58
sniffing,58593,58528,58593,65
walking,58612,58593,58612,19
rearing,58679,58612,58679,67
running,58707,58679,58707,28
stepping,58726,58707,58726,19
walking,58789,58726,58789,63
sniffing,58790,58789,58790,1
grooming,58791,58790,58791,1
climbing,58855,58791,58855,64
left_turning,58876,58855,58876,21
walking,58884,58876,58884,8
stepping,59014,58884,59014,130
climbing,59077,59014,59077,63
trotting,59082,59077,59082,5
running,59124,59082,59124,42
walking,59137,59124,59137,13
sniffing,59164,59137,59164,27
walking,59192,59164,59192,28
sniffing,59203,59192,59203,11
rising,59204,59203,59204,1
hunching,59281,59204,59281,77
grooming,59305,59281,59305,24
rising,59392,59305,59392,87
hunching,59565,59392,59565,173
scratching,59604,59565,59604,39
stepping,59658,59604,59658,54
grooming,59697,59658,59697,39
sniffing,59744,59697,59744,47
walking,59775,59744,59775,31
stepping,59815,59775,59815,40
sniffing,59826,59815,59826,11
stepping,59869,59826,59869,43
left_turning,59870,59869,59870,1
sniffing,59914,59870,59914,44
walking,59915,59914,59915,1
stepping,59944,59915,59944,29
rising,59968,59944,59968,24
left_turning,60017,59968,60017,49
walking,60022,60017,60022,5
stepping,60074,60022,60074,52
walking,60098,60074,60098,24
left_turning,60112,60098,60112,14
running,60123,60112,60123,11
sniffing,60255,60123,60255,132
stepping,60308,60255,60308,53
sniffing,60406,60308,60406,98
walking,60518,60406,60518,112
sniffing,60519,60518,60519,1
rearing,60564,60519,60564,45
hunching,60668,60564,60668,104
rising,60705,60668,60705,37
sniffing,60706,60705,60706,1
rising,60819,60706,60819,113
rearing,60848,60819,60848,29
left_turning,60855,60848,60855,7
sniffing,60903,60855,60903,48
walking,60944,60903,60944,41
stepping,61005,60944,61005,61
sniffing,61065,61005,61065,60
grooming,61227,61065,61227,162
sniffing,61277,61227,61277,50
grooming,61284,61277,61284,7
walking,61296,61284,61296,12
stepping,61319,61296,61319,23
rearing,61320,61319,61320,1
climbing,61377,61320,61377,57
grooming,61433,61377,61433,56
rearing,61494,61433,61494,61
climbing,61543,61494,61543,49
sniffing,61544,61543,61544,1
running,61571,61544,61571,27
rising,61624,61571,61624,53
rearing,61625,61624,61625,1
sniffing,61626,61625,61626,1
walking,61665,61626,61665,39
stepping,61746,61665,61746,81
grooming,61904,61746,61904,158
rearing,62003,61904,62003,99
walking,62046,62003,62046,43
stepping,62088,62046,62088,42
jumping,62112,62088,62112,24
left_turning,62239,62112,62239,127
grooming,62362,62239,62362,123
left_turning,62363,62362,62363,1
stepping,62374,62363,62374,11
walking,62384,62374,62384,10
climbing,62445,62384,62445,61
stepping,62487,62445,62487,42
walking,62532,62487,62532,45
sniffing,62533,62532,62533,1
walking,62555,62533,62555,22
trotting,62600,62555,62600,45
rearing,62656,62600,62656,56
left_turning,62692,62656,62692,36
walking,62706,62692,62706,14
sniffing,62707,62706,62707,1
left_turning,62982,62707,62982,275
walking,63000,62982,63000,18
sniffing,63043,63000,63043,43
grooming,63207,63043,63207,164
left_turning,63233,63207,63233,26
trotting,63264,63233,63264,31
walking,63331,63264,63331,67
sniffing,63332,63331,63332,1
rising,63333,63332,63333,1
left_turning,63382,63333,63382,49
sniffing,63400,63382,63400,18
grooming,63401,63400,63401,1
rearing,63410,63401,63410,9
rising,63411,63410,63411,1
rearing,63577,63411,63577,166
grooming,63578,63577,63578,1
sniffing,63620,63578,63620,42
running,63633,63620,63633,13
rising,63715,63633,63715,82
hunching,63743,63715,63743,28
sniffing,63764,63743,63764,21
walking,63797,63764,63797,33
stepping,63829,63797,63829,32
sniffing,63881,63829,63881,52
rising,63909,63881,63909,28
rearing,63910,63909,63910,1
climbing,63958,63910,63958,48
left_turning,63991,63958,63991,33
walking,64014,63991,64014,23
right_turning,64021,64014,64021,7
trotting,64070,64021,64070,49
rearing,64167,64070,64167,97
grooming,64261,64167,64261,94
sniffing,64341,64261,64341,80
grooming,64452,64341,64452,111
rearing,64477,64452,64477,25
grooming,64481,64477,64481,4
rearing,64482,64481,64482,1
stepping,64483,64482,64483,1
sniffing,64499,64483,64499,16
walking,64564,64499,64564,65
left_turning,64603,64564,64603,39
rising,64606,64603,64606,3
climbing,64643,64606,64643,37
grooming,64874,64643,64874,231
walking,64922,64874,64922,48
left_turning,64972,64922,64972,50
sniffing,65017,64972,65017,45
stepping,65029,65017,65029,12
sniffing,65122,65029,65122,93
right_turning,65149,65122,65149,27
sniffing,65234,65149,65234,85
rising,65254,65234,65254,20
sniffing,65281,65254,65281,27
hunching,65367,65281,65367,86
rising,65390,65367,65390,23
sniffing,65394,65390,65394,4
rising,65439,65394,65439,45
climbing,65490,65439,65490,51
walking,65491,65490,65491,1
sniffing,65496,65491,65496,5
walking,65553,65496,65553,57
trotting,65603,65553,65603,50
rearing,65608,65603,65608,5
grooming,65618,65608,65618,10
walking,65629,65618,65629,11
grooming,65630,65629,65630,1
sniffing,65731,65630,65731,101
stepping,65741,65731,65741,10
climbing,65801,65741,65801,60
grooming,65993,65801,65993,192
rearing,66041,65993,66041,48
climbing,66060,66041,66060,19
grooming,66150,66060,66150,90
walking,66154,66150,66154,4
rising,66169,66154,66169,15
left_turning,66170,66169,66170,1
sniffing,66230,66170,66230,60
left_turning,66249,66230,66249,19
sniffing,66271,66249,66271,22
rising,66317,66271,66317,46
grooming,66874,66317,66874,557
right_turning,66900,66874,66900,26
stepping,66917,66900,66917,17
climbing,66961,66917,66961,44
sniffing,66983,66961,66983,22
stepping,67008,66983,67008,25
rearing,67009,67008,67009,1
hunching,67010,67009,67010,1
grooming,67011,67010,67011,1
left_turning,67012,67011,67012,1
right_turning,67016,67012,67016,4
sniffing,67017,67016,67017,1
scratching,67028,67017,67028,11
grooming,67271,67028,67271,243
walking,67331,67271,67331,60
sniffing,67443,67331,67443,112
walking,67475,67443,67475,32
sniffing,67492,67475,67492,17
walking,67502,67492,67502,10
sniffing,67506,67502,67506,4
rising,67601,67506,67601,95
grooming,67602,67601,67602,1
hunching,67607,67602,67607,5
rearing,67715,67607,67715,108
climbing,67772,67715,67772,57
trotting,67784,67772,67784,12
rising,67788,67784,67788,4
left_turning,67853,67788,67853,65
walking,67861,67853,67861,8
sniffing,67920,67861,67920,59
grooming,68043,67920,68043,123
trotting,68092,68043,68092,49
sniffing,68121,68092,68121,29
walking,68126,68121,68126,5
running,68144,68126,68144,18
trotting,68152,68144,68152,8
walking,68177,68152,68177,25
sniffing,68184,68177,68184,7
grooming,68276,68184,68276,92
rearing,68277,68276,68277,1
walking,68280,68277,68280,3
rising,68281,68280,68281,1
stepping,68282,68281,68282,1
grooming,68283,68282,68283,1
sniffing,68368,68283,68368,85
rising,68405,68368,68405,37
climbing,68464,68405,68464,59
grooming,68465,68464,68465,1
rearing,68733,68465,68733,268
grooming,68917,68733,68917,184
rising,68918,68917,68918,1
grooming,69070,68918,69070,152
rising,69106,69070,69106,36
sniffing,69131,69106,69131,25
grooming,69132,69131,69132,1
left_turning,69202,69132,69202,70
rearing,69249,69202,69249,47
grooming,69250,69249,69250,1
walking,69315,69250,69315,65
sniffing,69325,69315,69325,10
rising,69396,69325,69396,71
sniffing,69409,69396,69409,13
grooming,69516,69409,69516,107
sniffing,69583,69516,69583,67
scratching,69584,69583,69584,1
walking,69639,69584,69639,55
sniffing,69663,69639,69663,24
stepping,69689,69663,69689,26
rising,69726,69689,69726,37
climbing,69827,69726,69827,101
rising,69880,69827,69880,53
stepping,69937,69880,69937,57
rising,69990,69937,69990,53
stepping,70027,69990,70027,37
sniffing,70028,70027,70028,1
scratching,70039,70028,70039,11
sniffing,70238,70039,70238,199
grooming,70290,70238,70290,52
rearing,70337,70290,70337,47
grooming,70338,70337,70338,1
scratching,70431,70338,70431,93
sniffing,70432,70431,70432,1
rising,70473,70432,70473,41
stepping,70474,70473,70474,1
trotting,70499,70474,70499,25
rising,70602,70499,70602,103
sniffing,70662,70602,70662,60
grooming,70781,70662,70781,119
left_turning,70806,70781,70806,25
walking,70839,70806,70839,33
climbing,70948,70839,70948,109
rearing,70949,70948,70949,1
sniffing,71029,70949,71029,80
trotting,71051,71029,71051,22
rising,71071,71051,71071,20
grooming,71072,71071,71072,1
climbing,71108,71072,71108,36
rearing,71136,71108,71136,28
grooming,71174,71136,71174,38
rearing,71253,71174,71253,79
grooming,71254,71253,71254,1
rearing,71372,71254,71372,118
grooming,71494,71372,71494,122
sniffing,71560,71494,71560,66
rising,71561,71560,71561,1
climbing,71613,71561,71613,52
grooming,71764,71613,71764,151
rising,71825,71764,71825,61
hunching,71922,71825,71922,97
sniffing,72200,71922,72200,278
left_turning,72288,72200,72288,88
grooming,72289,72288,72289,1
climbing,72335,72289,72335,46
left_turning,72341,72335,72341,6
stepping,72345,72341,72345,4
climbing,72406,72345,72406,61
jumping,72407,72406,72407,1
stepping,72445,72407,72445,38
walking,72450,72445,72450,5
sniffing,72487,72450,72487,37
left_turning,72510,72487,72510,23
walking,72572,72510,72572,62
rising,72596,72572,72596,24
right_turning,72611,72596,72611,15
grooming,72781,72611,72781,170
rearing,72788,72781,72788,7
left_turning,72828,72788,72828,40
walking,72836,72828,72836,8
sniffing,72872,72836,72872,36
rising,72899,72872,72899,27
climbing,72909,72899,72909,10
grooming,73502,72909,73502,593
rearing,73616,73502,73616,114
walking,73640,73616,73640,24
rising,73672,73640,73672,32
climbing,73706,73672,73706,34
running,73726,73706,73726,20
sniffing,73759,73726,73759,33
left_turning,73804,73759,73804,45
grooming,74227,73804,74227,423
rearing,74322,74227,74322,95
climbing,74354,74322,74354,32
sniffing,74446,74354,74446,92
walking,74487,74446,74487,41
stepping,74492,74487,74492,5
sniffing,74561,74492,74561,69
walking,74604,74561,74604,43
grooming,74605,74604,74605,1
sniffing,74692,74605,74692,87
walking,74737,74692,74737,45
sniffing,74738,74737,74738,1
walking,74770,74738,74770,32
trotting,74804,74770,74804,34
stepping,74847,74804,74847,43
walking,74871,74847,74871,24
sniffing,74906,74871,74906,35
rising,74924,74906,74924,18
sniffing,74966,74924,74966,42
grooming,75163,74966,75163,197
running,75173,75163,75173,10
walking,75182,75173,75182,9
stepping,75197,75182,75197,15
walking,75221,75197,75221,24
stepping,75228,75221,75228,7
sniffing,75348,75228,75348,120
hunching,75574,75348,75574,226
rearing,75575,75574,75575,1
grooming,75676,75575,75676,101
sniffing,75703,75676,75703,27
running,75730,75703,75730,27
walking,75744,75730,75744,14
rearing,75844,75744,75844,100
right_turning,75852,75844,75852,8
left_turning,75877,75852,75877,25
walking,75893,75877,75893,16
climbing,75924,75893,75924,31
sniffing,75961,75924,75961,37
stepping,75978,75961,75978,17
sniffing,76002,75978,76002,24
rising,76021,76002,76021,19
hunching,76144,76021,76144,123
grooming,76288,76144,76288,144
right_turning,76299,76288,76299,11
trotting,76313,76299,76313,14
sniffing,76404,76313,76404,91
grooming,76405,76404,76405,1
left_turning,76411,76405,76411,6
walking,76426,76411,76426,15
rearing,76446,76426,76446,20
climbing,76451,76446,76451,5
trotting,76483,76451,76483,32
walking,76484,76483,76484,1
climbing,76542,76484,76542,58
right_turning,76562,76542,76562,20
walking,76568,76562,76568,6
rising,76609,76568,76609,41
walking,76623,76609,76623,14
sniffing,76652,76623,76652,29
trotting,76665,76652,76665,13
walking,76728,76665,76728,63
sniffing,76800,76728,76800,72
walking,76841,76800,76841,41
grooming,77003,76841,77003,162
rearing,77028,77003,77028,25
stepping,77039,77028,77039,11
rising,77043,77039,77043,4
stepping,77068,77043,77068,25
walking,77125,77068,77125,57
stepping,77165,77125,77165,40
trotting,77179,77165,77179,14
walking,77218,77179,77218,39
sniffing,77221,77218,77221,3
rising,77232,77221,77232,11
climbing,77248,77232,77248,16
running,77259,77248,77259,11
stepping,77296,77259,77296,37
sniffing,77313,77296,77313,17
rising,77345,77313,77345,32
grooming,77491,77345,77491,146
sniffing,77509,77491,77509,18
stepping,77543,77509,77543,34
sniffing,77544,77543,77544,1
stepping,77548,77544,77548,4
sniffing,77571,77548,77571,23
grooming,77608,77571,77608,37
trotting,77623,77608,77623,15
right_turning,77655,77623,77655,32
rising,77674,77655,77674,19
climbing,77727,77674,77727,53
walking,77786,77727,77786,59
sniffing,77809,77786,77809,23
grooming,78013,77809,78013,204
scratching,78014,78013,78014,1
grooming,78015,78014,78015,1
rearing,78098,78015,78098,83
left_turning,78101,78098,78101,3
walking,78124,78101,78124,23
sniffing,78125,78124,78125,1
stepping,78126,78125,78126,1
walking,78149,78126,78149,23
rising,78152,78149,78152,3
climbing,78206,78152,78206,54
rising,78218,78206,78218,12
climbing,78241,78218,78241,23
stepping,78278,78241,78278,37
sniffing,78325,78278,78325,47
left_turning,78385,78325,78385,60
sniffing,78386,78385,78386,1
left_turning,78402,78386,78402,16
grooming,78582,78402,78582,180
rearing,78583,78582,78583,1
climbing,78650,78583,78650,67
rearing,78686,78650,78686,36
sniffing,78687,78686,78687,1
walking,78698,78687,78698,11
sniffing,78741,78698,78741,43
rearing,78742,78741,78742,1
grooming,78812,78742,78812,70
climbing,78866,78812,78866,54
trotting,78913,78866,78913,47
stepping,78960,78913,78960,47
sniffing,78965,78960,78965,5
stepping,79013,78965,79013,48
left_turning,79015,79013,79015,2
stepping,79029,79015,79029,14
sniffing,79189,79029,79189,160
stepping,79229,79189,79229,40
walking,79283,79229,79283,54
running,79318,79283,79318,35
trotting,79327,79318,79327,9
walking,79388,79327,79388,61
running,79438,79388,79438,50
stepping,79455,79438,79455,17
walking,79470,79455,79470,15
rearing,79526,79470,79526,56
climbing,79536,79526,79536,10
trotting,79570,79536,79570,34
stepping,79599,79570,79599,29
grooming,79600,79599,79600,1
stepping,79611,79600,79611,11
sniffing,79757,79611,79757,146
walking,79758,79757,79758,1
sniffing,79802,79758,79802,44
scratching,79895,79802,79895,93
stepping,79924,79895,79924,29
walking,79958,79924,79958,34
rearing,80024,79958,80024,66
grooming,80025,80024,80025,1
rising,80029,80025,80029,4
climbing,80058,80029,80058,29
sniffing,80171,80058,80171,113
stepping,80174,80171,80174,3
trotting,80175,80174,80175,1
walking,80211,80175,80211,36
sniffing,80263,80211,80263,52
left_turning,80294,80263,80294,31
trotting,80330,80294,80330,36
right_turning,80358,80330,80358,28
walking,80387,80358,80387,29
stepping,80388,80387,80388,1
grooming,80389,80388,80389,1
rearing,80553,80389,80553,164
grooming,80554,80553,80554,1
rising,80585,80554,80585,31
sniffing,80690,80585,80690,105
right_turning,80712,80690,80712,22
stepping,80713,80712,80713,1
walking,80812,80713,80812,99
sniffing,80824,80812,80824,12
rising,80840,80824,80840,16
stepping,80874,80840,80874,34
sniffing,81026,80874,81026,152
rearing,81053,81026,81053,27
sniffing,81285,81053,81285,232
left_turning,81303,81285,81303,18
stepping,81315,81303,81315,12
rising,81367,81315,81367,52
left_turning,81541,81367,81541,174
walking,81554,81541,81554,13
sniffing,81622,81554,81622,68
rising,81663,81622,81663,41
rearing,81664,81663,81664,1
rising,81725,81664,81725,61
rearing,81900,81725,81900,175
hunching,81959,81900,81959,59
grooming,82064,81959,82064,105
rising,82100,82064,82100,36
climbing,82123,82100,82123,23
walking,82138,82123,82138,15
sniffing,82139,82138,82139,1
walking,82193,82139,82193,54
climbing,82243,82193,82243,50
rearing,82244,82243,82244,1
grooming,82276,82244,82276,32
rearing,82326,82276,82326,50
grooming,82525,82326,82525,199
sniffing,82533,82525,82533,8
rising,82621,82533,82621,88
rearing,82676,82621,82676,55
left_turning,82684,82676,82684,8
stepping,82694,82684,82694,10
climbing,82771,82694,82771,77
trotting,82804,82771,82804,33
rising,82831,82804,82831,27
grooming,82832,82831,82832,1
sniffing,82869,82832,82869,37
rising,82919,82869,82919,50
sniffing,83021,82919,83021,102
grooming,83022,83021,83022,1
hunching,83023,83022,83023,1
rising,83035,83023,83035,12
climbing,83090,83035,83090,55
walking,83133,83090,83133,43
stepping,83157,83133,83157,24
trotting,83182,83157,83182,25
stepping,83257,83182,83257,75
left_turning,83280,83257,83280,23
climbing,83334,83280,83334,54
right_turning,83349,83334,83349,15
sniffing,83350,83349,83350,1
stepping,83378,83350,83378,28
sniffing,83419,83378,83419,41
grooming,83559,83419,83559,140
rearing,83606,83559,83606,47
rising,83644,83606,83644,38
rearing,83815,83644,83815,171
grooming,84060,83815,84060,245
sniffing,84094,84060,84094,34
walking,84133,84094,84133,39
right_turning,84150,84133,84150,17
sniffing,84200,84150,84200,50
climbing,84241,84200,84241,41
grooming,84456,84241,84456,215
hunching,84636,84456,84636,180
rearing,84650,84636,84650,14
hunching,84720,84650,84720,70
grooming,84726,84720,84726,6
left_turning,84728,84726,84728,2
walking,84778,84728,84778,50
stepping,84816,84778,84816,38
sniffing,84899,84816,84899,83
stepping,84919,84899,84919,20
sniffing,84983,84919,84983,64
stepping,84986,84983,84986,3
walking,85068,84986,85068,82
stepping,85078,85068,85078,10
rearing,85094,85078,85094,16
grooming,85314,85094,85314,220
rearing,85326,85314,85326,12
sniffing,85344,85326,85344,18
rearing,85357,85344,85357,13
grooming,85547,85357,85547,190
trotting,85566,85547,85566,19
walking,85633,85566,85633,67
stepping,85634,85633,85634,1
walking,85671,85634,85671,37
sniffing,85711,85671,85711,40
walking,85749,85711,85749,38
stepping,85776,85749,85776,27
climbing,85803,85776,85803,27
right_turning,85842,85803,85842,39
stepping,85870,85842,85870,28
sniffing,85871,85870,85871,1
grooming,85884,85871,85884,13
rearing,85885,85884,85885,1
grooming,85886,85885,85886,1
stepping,85887,85886,85887,1
walking,85909,85887,85909,22
sniffing,85946,85909,85946,37
rearing,85986,85946,85986,40
climbing,86038,85986,86038,52
left_turning,86102,86038,86102,64
sniffing,86152,86102,86152,50
stepping,86180,86152,86180,28
walking,86181,86180,86181,1
grooming,86182,86181,86182,1
sniffing,86262,86182,86262,80
walking,86305,86262,86305,43
sniffing,86306,86305,86306,1
stepping,86308,86306,86308,2
sniffing,86334,86308,86334,26
rising,86360,86334,86360,26
grooming,86441,86360,86441,81
rearing,86442,86441,86442,1
climbing,86448,86442,86448,6
left_turning,86488,86448,86488,40
trotting,86522,86488,86522,34
sniffing,86523,86522,86523,1
rearing,86567,86523,86567,44
rising,86608,86567,86608,41
sniffing,86650,86608,86650,42
grooming,86686,86650,86686,36
walking,86746,86686,86746,60
rising,86797,86746,86797,51
rearing,86899,86797,86899,102
grooming,87004,86899,87004,105
rising,87025,87004,87025,21
rearing,87067,87025,87067,42
grooming,87262,87067,87262,195
rearing,87281,87262,87281,19
grooming,87282,87281,87282,1
rising,87337,87282,87337,55
climbing,87357,87337,87357,20
grooming,87523,87357,87523,166
rearing,87561,87523,87561,38
climbing,87654,87561,87654,93
trotting,87684,87654,87684,30
rising,87698,87684,87698,14
grooming,87778,87698,87778,80
sniffing,87826,87778,87826,48
walking,87855,87826,87855,29
rising,87888,87855,87888,33
hunching,87984,87888,87984,96
rearing,88003,87984,88003,19
sniffing,88004,88003,88004,1
walking,88026,88004,88026,22
right_turning,88045,88026,88045,19
rising,88079,88045,88079,34
climbing,88104,88079,88104,25
stepping,88109,88104,88109,5
sniffing,88140,88109,88140,31
left_turning,88150,88140,88150,10
climbing,88181,88150,88181,31
walking,88207,88181,88207,26
stepping,88234,88207,88234,27
walking,88258,88234,88258,24
sniffing,88268,88258,88268,10
stepping,88281,88268,88281,13
sniffing,88355,88281,88355,74
walking,88368,88355,88368,13
rearing,88411,88368,88411,43
running,88440,88411,88440,29
walking,88452,88440,88452,12
sniffing,88492,88452,88492,40
grooming,88951,88492,88951,459
rearing,88957,88951,88957,6
hunching,88992,88957,88992,35
grooming,88993,88992,88993,1
rising,88994,88993,88994,1
hunching,89069,88994,89069,75
sniffing,89108,89069,89108,39
grooming,89441,89108,89441,333
rearing,89442,89441,89442,1
climbing,89512,89442,89512,70
rising,89520,89512,89520,8
grooming,89856,89520,89856,336
walking,89860,89856,89860,4
sniffing,89877,89860,89877,17
rising,89919,89877,89919,42
climbing,89958,89919,89958,39
right_turning,90000,89958,90000,42
stepping,90032,90000,90032,32
sniffing,90057,90032,90057,25
rising,90058,90057,90058,1
grooming,90298,90058,90298,240
rearing,90327,90298,90327,29
rising,90347,90327,90347,20
sniffing,90375,90347,90375,28
grooming,90416,90375,90416,41
rising,90445,90416,90445,29
sniffing,90487,90445,90487,42
stepping,90500,90487,90500,13
sniffing,90501,90500,90501,1
stepping,90506,90501,90506,5
rising,90513,90506,90513,7
right_turning,90519,90513,90519,6
sniffing,90550,90519,90550,31
grooming,90551,90550,90551,1
right_turning,90552,90551,90552,1
stepping,90572,90552,90572,20
rearing,90747,90572,90747,175
stepping,90750,90747,90750,3
sniffing,90855,90750,90855,105
stepping,90876,90855,90876,21
walking,90917,90876,90917,41
grooming,90918,90917,90918,1
climbing,90958,90918,90958,40
grooming,91038,90958,91038,80
sniffing,91073,91038,91073,35
stepping,91110,91073,91110,37
rising,91138,91110,91138,28
rearing,91157,91138,91157,19
sniffing,91268,91157,91268,111
right_turning,91291,91268,91291,23
running,91326,91291,91326,35
walking,91327,91326,91327,1
stepping,91367,91327,91367,40
walking,91401,91367,91401,34
stepping,91415,91401,91415,14
walking,91419,91415,91419,4
sniffing,91430,91419,91430,11
climbing,91460,91430,91460,30
rearing,91558,91460,91558,98
sniffing,91605,91558,91605,47
rising,91629,91605,91629,24
rearing,91646,91629,91646,17
sniffing,91710,91646,91710,64
grooming,91791,91710,91791,81
rearing,91792,91791,91792,1
stepping,91798,91792,91798,6
rising,91824,91798,91824,26
left_turning,91837,91824,91837,13
rising,91862,91837,91862,25
stepping,91908,91862,91908,46
climbing,91913,91908,91913,5
rising,91914,91913,91914,1
climbing,91971,91914,91971,57
trotting,92013,91971,92013,42
stepping,92042,92013,92042,29
rearing,92127,92042,92127,85
left_turning,92161,92127,92161,34
stepping,92180,92161,92180,19
sniffing,92181,92180,92181,1
hunching,92254,92181,92254,73
rearing,92352,92254,92352,98
sniffing,92526,92352,92526,174
stepping,92582,92526,92582,56
sniffing,92612,92582,92612,30
rearing,92667,92612,92667,55
sniffing,92736,92667,92736,69
left_turning,92792,92736,92792,56
walking,92817,92792,92817,25
stepping,92830,92817,92830,13
sniffing,93007,92830,93007,177
walking,93037,93007,93037,30
sniffing,93086,93037,93086,49
stepping,93125,93086,93125,39
trotting,93178,93125,93178,53
sniffing,93184,93178,93184,6
rising,93213,93184,93213,29
grooming,93214,93213,93214,1
stepping,93233,93214,93233,19
sniffing,93301,93233,93301,68
rising,93343,93301,93343,42
rearing,93344,93343,93344,1
climbing,93390,93344,93390,46
rearing,93391,93390,93391,1
rising,93436,93391,93436,45
stepping,93452,93436,93452,16
sniffing,93519,93452,93519,67
rising,93548,93519,93548,29
rearing,93587,93548,93587,39
grooming,93620,93587,93620,33
hunching,93648,93620,93648,28
grooming,93652,93648,93652,4
hunching,93693,93652,93693,41
sniffing,93735,93693,93735,42
stepping,93761,93735,93761,26
walking,93791,93761,93791,30
climbing,93875,93791,93875,84
stepping,93899,93875,93899,24
trotting,93962,93899,93962,63
left_turning,93989,93962,93989,27
grooming,94044,93989,94044,55
climbing,94076,94044,94076,32
hunching,94105,94076,94105,29
climbing,94167,94105,94167,62
sniffing,94199,94167,94199,32
stepping,94236,94199,94236,37
walking,94289,94236,94289,53
stepping,94290,94289,94290,1
rising,94315,94290,94315,25
climbing,94365,94315,94365,50
rearing,94368,94365,94368,3
climbing,94420,94368,94420,52
rearing,94443,94420,94443,23
stepping,94474,94443,94474,31
walking,94515,94474,94515,41
rising,94546,94515,94546,31
rearing,94600,94546,94600,54
hunching,94742,94600,94742,142
climbing,94797,94742,94797,55
grooming,95383,94797,95383,586
sniffing,95424,95383,95424,41
left_turning,95439,95424,95439,15
walking,95455,95439,95455,16
sniffing,95493,95455,95493,38
climbing,95656,95493,95656,163
grooming,95729,95656,95729,73
sniffing,95808,95729,95808,79
rising,95855,95808,95855,47
climbing,95919,95855,95919,64
left_turning,95927,95919,95927,8
grooming,95970,95927,95970,43
climbing,95976,95970,95976,6
walking,95992,95976,95992,16
stepping,96044,95992,96044,52
walking,96108,96044,96108,64
stepping,96139,96108,96139,31
sniffing,96183,96139,96183,44
grooming,96316,96183,96316,133
sniffing,96433,96316,96433,117
grooming,96614,96433,96614,181
rearing,96707,96614,96707,93
left_turning,96709,96707,96709,2
walking,96710,96709,96710,1
trotting,96733,96710,96733,23
walking,96765,96733,96765,32
stepping,96789,96765,96789,24
rearing,96813,96789,96813,24
grooming,96883,96813,96883,70
left_turning,96913,96883,96913,30
trotting,96938,96913,96938,25
sniffing,96967,96938,96967,29
walking,97011,96967,97011,44
sniffing,97049,97011,97049,38
trotting,97053,97049,97053,4
rearing,97079,97053,97079,26
climbing,97109,97079,97109,30
rearing,97151,97109,97151,42
grooming,97242,97151,97242,91
walking,97255,97242,97255,13
rising,97331,97255,97331,76
climbing,97378,97331,97378,47
grooming,97379,97378,97379,1
walking,97394,97379,97394,15
sniffing,97438,97394,97438,44
rising,97439,97438,97439,1
sniffing,97499,97439,97499,60
walking,97553,97499,97553,54
sniffing,97554,97553,97554,1
rising,97555,97554,97555,1
trotting,97585,97555,97585,30
walking,97586,97585,97586,1
stepping,97590,97586,97590,4
sniffing,97710,97590,97710,120
rising,97735,97710,97735,25
rearing,97793,97735,97793,58
grooming,97891,97793,97891,98
rearing,97930,97891,97930,39
running,97963,97930,97963,33
grooming,98057,97963,98057,94
rearing,98058,98057,98058,1
hunching,98165,98058,98165,107
grooming,98212,98165,98212,47
rising,98226,98212,98226,14
rearing,98406,98226,98406,180
climbing,98426,98406,98426,20
walking,98457,98426,98457,31
grooming,98458,98457,98458,1
rearing,98526,98458,98526,68
walking,98571,98526,98571,45
sniffing,98626,98571,98626,55
grooming,98643,98626,98643,17
sniffing,98714,98643,98714,71
rearing,98765,98714,98765,51
sniffing,98830,98765,98830,65
hunching,98884,98830,98884,54
rearing,98911,98884,98911,27
sniffing,98962,98911,98962,51
left_turning,98996,98962,98996,34
rearing,99009,98996,99009,13
grooming,99010,99009,99010,1
hunching,99160,99010,99160,150
grooming,99415,99160,99415,255
hunching,99448,99415,99448,33
grooming,99534,99448,99534,86
right_turning,99586,99534,99586,52
sniffing,99674,99586,99674,88
walking,99684,99674,99684,10
sniffing,99752,99684,99752,68
stepping,99779,99752,99779,27
walking,99801,99779,99801,22
sniffing,99844,99801,99844,43
stepping,99876,99844,99876,32
sniffing,100087,99876,100087,211
left_turning,100095,100087,100095,8
sniffing,100100,100095,100100,5
left_turning,100105,100100,100105,5
walking,100121,100105,100121,16
sniffing,100122,100121,100122,1
grooming,100173,100122,100173,51
rearing,100174,100173,100174,1
sniffing,100189,100174,100189,15
stepping,100234,100189,100234,45
climbing,100235,100234,100235,1
rearing,100285,100235,100285,50
sniffing,100308,100285,100308,23
walking,100323,100308,100323,15
stepping,100389,100323,100389,66
sniffing,100520,100389,100520,131
left_turning,100536,100520,100536,16
walking,100579,100536,100579,43
rising,100647,100579,100647,68
stepping,100675,100647,100675,28
grooming,100723,100675,100723,48
left_turning,100756,100723,100756,33
sniffing,100770,100756,100770,14
rising,100791,100770,100791,21
grooming,101056,100791,101056,265
rearing,101157,101056,101157,101
grooming,101158,101157,101158,1
rearing,101213,101158,101213,55
right_turning,101216,101213,101216,3
stepping,101237,101216,101237,21
sniffing,101335,101237,101335,98
walking,101351,101335,101351,16
stepping,101371,101351,101371,20
walking,101420,101371,101420,49
sniffing,101483,101420,101483,63
stepping,101524,101483,101524,41
walking,101536,101524,101536,12
trotting,101537,101536,101537,1
sniffing,101570,101537,101570,33
walking,101623,101570,101623,53
stepping,101633,101623,101633,10
grooming,101769,101633,101769,136
rearing,101770,101769,101770,1
right_turning,101777,101770,101777,7
sniffing,101829,101777,101829,52
trotting,101850,101829,101850,21
running,101876,101850,101876,26
sniffing,102005,101876,102005,129
rising,102046,102005,102046,41
grooming,102097,102046,102097,51
rearing,102189,102097,102189,92
stepping,102207,102189,102207,18
sniffing,102251,102207,102251,44
trotting,102262,102251,102262,11
sniffing,102296,102262,102296,34
trotting,102314,102296,102314,18
sniffing,102370,102314,102370,56
stepping,102398,102370,102398,28
hunching,102452,102398,102452,54
rearing,102590,102452,102590,138
rising,102622,102590,102622,32
grooming,102777,102622,102777,155
hunching,102910,102777,102910,133
left_turning,102911,102910,102911,1
sniffing,102958,102911,102958,47
walking,102985,102958,102985,27
sniffing,102997,102985,102997,12
rearing,103230,102997,103230,233
grooming,103353,103230,103353,123
trotting,103358,103353,103358,5
stepping,103385,103358,103385,27
grooming,103576,103385,103576,191
left_turning,103577,103576,103577,1
sniffing,103639,103577,103639,62
left_turning,103699,103639,103699,60
sniffing,103731,103699,103731,32
rearing,103740,103731,103740,9
hunching,103810,103740,103810,70
rearing,103874,103810,103874,64
hunching,103885,103874,103885,11
rearing,104042,103885,104042,157
sniffing,104167,104042,104167,125
left_turning,104225,104167,104225,58
hunching,104256,104225,104256,31
sniffing,104377,104256,104377,121
right_turning,104399,104377,104399,22
trotting,104410,104399,104410,11
climbing,104504,104410,104504,94
sniffing,104508,104504,104508,4
rising,104569,104508,104569,61
sniffing,104570,104569,104570,1
stepping,104640,104570,104640,70
grooming,104749,104640,104749,109
climbing,104750,104749,104750,1
trotting,104771,104750,104771,21
walking,104812,104771,104812,41
jumping,104926,104812,104926,114
rearing,105065,104926,105065,139
grooming,105066,105065,105066,1
stepping,105097,105066,105097,31
sniffing,105123,105097,105123,26
rising,105175,105123,105175,52
sniffing,105214,105175,105214,39
rising,105215,105214,105215,1
left_turning,105216,105215,105216,1
sniffing,105226,105216,105226,10
running,105245,105226,105245,19
rearing,105277,105245,105277,32
sniffing,105278,105277,105278,1
stepping,105283,105278,105283,5
walking,105327,105283,105327,44
sniffing,105339,105327,105339,12
rising,105382,105339,105382,43
rearing,105493,105382,105493,111
hunching,105562,105493,105562,69
rearing,105563,105562,105563,1
grooming,105684,105563,105684,121
rearing,105710,105684,105710,26
grooming,105768,105710,105768,58
scratching,105788,105768,105788,20
sniffing,105858,105788,105858,70
stepping,105882,105858,105882,24
right_turning,105912,105882,105912,30
rising,105987,105912,105987,75
sniffing,105998,105987,105998,11
rearing,106128,105998,106128,130
grooming,106129,106128,106129,1
sniffing,106252,106129,106252,123
rearing,106287,106252,106287,35
hunching,106400,106287,106400,113
stepping,106436,106400,106436,36
hunching,106437,106436,106437,1
grooming,106438,106437,106438,1
rearing,106557,106438,106557,119
rising,106578,106557,106578,21
climbing,106619,106578,106619,41
trotting,106635,106619,106635,16
right_turning,106651,106635,106651,16
walking,106703,106651,106703,52
trotting,106706,106703,106706,3
sniffing,106814,106706,106814,108
grooming,106815,106814,106815,1
rearing,106876,106815,106876,61
grooming,106877,106876,106877,1
sniffing,106893,106877,106893,16
rising,106934,106893,106934,41
rearing,106977,106934,106977,43
sniffing,106993,106977,106993,16
grooming,106995,106993,106995,2
right_turning,107001,106995,107001,6
rearing,107160,107001,107160,159
grooming,107161,107160,107161,1
sniffing,107162,107161,107162,1
climbing,107208,107162,107208,46
walking,107242,107208,107242,34
sniffing,107243,107242,107243,1
rearing,107244,107243,107244,1
sniffing,107321,107244,107321,77
left_turning,107342,107321,107342,21
hunching,107399,107342,107399,57
grooming,107400,107399,107400,1
left_turning,107479,107400,107479,79
hunching,107566,107479,107566,87
left_turning,107628,107566,107628,62
sniffing,107702,107628,107702,74
left_turning,107703,107702,107703,1
sniffing,107719,107703,107719,16
grooming,108000,107719,108000,281
