revised_movement_label,segBoundary,segBoundary_start,segBoundary_end,length
rising,1,0,1,1
walking,16,1,16,15
stepping,28,16,28,12
right_turning,41,28,41,13
walking,86,41,86,45
stepping,100,86,100,14
sniffing,154,100,154,54
walking,180,154,180,26
running,190,180,190,10
walking,226,190,226,36
rising,275,226,275,49
rearing,311,275,311,36
stepping,342,311,342,31
sniffing,370,342,370,28
stepping,418,370,418,48
sniffing,438,418,438,20
rising,484,438,484,46
walking,514,484,514,30
rising,521,514,521,7
left_turning,545,521,545,24
grooming,769,545,769,224
rising,789,769,789,20
sniffing,842,789,842,53
stepping,865,842,865,23
sniffing,912,865,912,47
walking,935,912,935,23
trotting,974,935,974,39
rising,1008,974,1008,34
sniffing,1050,1008,1050,42
left_turning,1077,1050,1077,27
trotting,1097,1077,1097,20
walking,1126,1097,1126,29
rising,1137,1126,1137,11
sniffing,1178,1137,1178,41
stepping,1219,1178,1219,41
rising,1220,1219,1220,1
left_turning,1242,1220,1242,22
walking,1269,1242,1269,27
sniffing,1297,1269,1297,28
running,1325,1297,1325,28
trotting,1351,1325,1351,26
stepping,1373,1351,1373,22
left_turning,1431,1373,1431,58
sniffing,1454,1431,1454,23
rising,1470,1454,1470,16
walking,1541,1470,1541,71
stepping,1573,1541,1573,32
sniffing,1621,1573,1621,48
right_turning,1634,1621,1634,13
sniffing,1635,1634,1635,1
stepping,1682,1635,1682,47
rising,1751,1682,1751,69
stepping,1772,1751,1772,21
walking,1843,1772,1843,71
sniffing,1844,1843,1844,1
grooming,2000,1844,2000,156
rising,2064,2000,2064,64
trotting,2078,2064,2078,14
stepping,2093,2078,2093,15
walking,2112,2093,2112,19
stepping,2145,2112,2145,33
walking,2173,2145,2173,28
running,2195,2173,2195,22
walking,2196,2195,2196,1
stepping,2234,2196,2234,38
sniffing,2267,2234,2267,33
rising,2394,2267,2394,127
grooming,2395,2394,2395,1
rising,2405,2395,2405,10
walking,2425,2405,2425,20
sniffing,2519,2425,2519,94
rising,2629,2519,2629,110
stepping,2657,2629,2657,28
sniffing,2873,2657,2873,216
rising,2910,2873,2910,37
left_turning,2911,2910,2911,1
grooming,2987,2911,2987,76
stepping,2988,2987,2988,1
sniffing,2989,2988,2989,1
stepping,3004,2989,3004,15
sniffing,3075,3004,3075,71
rising,3164,3075,3164,89
rearing,3165,3164,3165,1
grooming,3177,3165,3177,12
rising,3213,3177,3213,36
climbing,3266,3213,3266,53
right_turning,3298,3266,3298,32
stepping,3317,3298,3317,19
rising,3363,3317,3363,46
stepping,3366,3363,3366,3
walking,3386,3366,3386,20
rising,3387,3386,3387,1
sniffing,3442,3387,3442,55
trotting,3443,3442,3443,1
running,3444,3443,3444,1
trotting,3448,3444,3448,4
stepping,3475,3448,3475,27
rising,3535,3475,3535,60
hunching,3581,3535,3581,46
grooming,3761,3581,3761,180
sniffing,3790,3761,3790,29
walking,3841,3790,3841,51
trotting,3856,3841,3856,15
running,3862,3856,3862,6
left_turning,3892,3862,3892,30
sniffing,3893,3892,3893,1
stepping,3906,3893,3906,13
sniffing,3907,3906,3907,1
walking,3912,3907,3912,5
grooming,4034,3912,4034,122
sniffing,4043,4034,4043,9
rising,4070,4043,4070,27
left_turning,4094,4070,4094,24
rising,4095,4094,4095,1
sniffing,4096,4095,4096,1
left_turning,4122,4096,4122,26
walking,4255,4122,4255,133
sniffing,4257,4255,4257,2
rising,4308,4257,4308,51
trotting,4340,4308,4340,32
stepping,4360,4340,4360,20
sniffing,4451,4360,4451,91
stepping,4481,4451,4481,30
sniffing,4487,4481,4487,6
rising,4526,4487,4526,39
rearing,4698,4526,4698,172
climbing,4759,4698,4759,61
walking,4794,4759,4794,35
stepping,4840,4794,4840,46
sniffing,4861,4840,4861,21
rearing,4862,4861,4862,1
grooming,4863,4862,4863,1
walking,4950,4863,4950,87
stepping,4984,4950,4984,34
sniffing,4999,4984,4999,15
trotting,5049,4999,5049,50
walking,5085,5049,5085,36
trotting,5091,5085,5091,6
rising,5100,5091,5100,9
grooming,5101,5100,5101,1
right_turning,5109,5101,5109,8
grooming,5110,5109,5110,1
sniffing,5141,5110,5141,31
walking,5177,5141,5177,36
stepping,5178,5177,5178,1
walking,5218,5178,5218,40
trotting,5226,5218,5226,8
walking,5294,5226,5294,68
trotting,5306,5294,5306,12
rising,5630,5306,5630,324
walking,5688,5630,5688,58
sniffing,5689,5688,5689,1
left_turning,5712,5689,5712,23
walking,5715,5712,5715,3
trotting,5731,5715,5731,16
sniffing,5822,5731,5822,91
rising,5875,5822,5875,53
stepping,5876,5875,5876,1
walking,5906,5876,5906,30
sniffing,6066,5906,6066,160
rising,6067,6066,6067,1
grooming,6316,6067,6316,249
hunching,6513,6316,6513,197
climbing,6568,6513,6568,55
grooming,6627,6568,6627,59
rearing,6692,6627,6692,65
grooming,6748,6692,6748,56
rising,6780,6748,6780,32
rearing,6903,6780,6903,123
grooming,7100,6903,7100,197
hunching,7101,7100,7101,1
rearing,7102,7101,7102,1
rising,7104,7102,7104,2
grooming,7226,7104,7226,122
left_turning,7256,7226,7256,30
sniffing,7296,7256,7296,40
left_turning,7320,7296,7320,24
sniffing,7386,7320,7386,66
rising,7399,7386,7399,13
climbing,7456,7399,7456,57
left_turning,7460,7456,7460,4
sniffing,7486,7460,7486,26
stepping,7498,7486,7498,12
walking,7514,7498,7514,16
running,7535,7514,7535,21
trotting,7561,7535,7561,26
walking,7577,7561,7577,16
sniffing,7596,7577,7596,19
right_turning,7643,7596,7643,47
walking,7673,7643,7673,30
sniffing,7730,7673,7730,57
stepping,7768,7730,7768,38
rising,7769,7768,7769,1
rearing,7854,7769,7854,85
grooming,7855,7854,7855,1
left_turning,7877,7855,7877,22
walking,7882,7877,7882,5
stepping,7894,7882,7894,12
trotting,7910,7894,7910,16
running,7940,7910,7940,30
sniffing,7973,7940,7973,33
grooming,7974,7973,7974,1
right_turning,7987,7974,7987,13
walking,8079,7987,8079,92
rearing,8080,8079,8080,1
grooming,8190,8080,8190,110
climbing,8241,8190,8241,51
stepping,8272,8241,8272,31
walking,8316,8272,8316,44
stepping,8317,8316,8317,1
sniffing,8338,8317,8338,21
rising,8371,8338,8371,33
stepping,8414,8371,8414,43
sniffing,8473,8414,8473,59
rising,8530,8473,8530,57
rearing,8602,8530,8602,72
climbing,8655,8602,8655,53
grooming,8849,8655,8849,194
rearing,8850,8849,8850,1
grooming,8851,8850,8851,1
rearing,8852,8851,8852,1
rising,8909,8852,8909,57
grooming,8910,8909,8910,1
left_turning,8923,8910,8923,13
rearing,8937,8923,8937,14
rising,9008,8937,9008,71
sniffing,9028,9008,9028,20
walking,9030,9028,9030,2
running,9051,9030,9051,21
stepping,9084,9051,9084,33
walking,9086,9084,9086,2
hunching,9217,9086,9217,131
grooming,9218,9217,9218,1
sniffing,9310,9218,9310,92
rising,9377,9310,9377,67
stepping,9443,9377,9443,66
rising,9476,9443,9476,33
hunching,9477,9476,9477,1
grooming,9478,9477,9478,1
hunching,9542,9478,9542,64
grooming,9543,9542,9543,1
left_turning,9596,9543,9596,53
rearing,9773,9596,9773,177
left_turning,9790,9773,9790,17
running,9813,9790,9813,23
stepping,9838,9813,9838,25
walking,9874,9838,9874,36
stepping,9885,9874,9885,11
grooming,9886,9885,9886,1
hunching,9983,9886,9983,97
grooming,9984,9983,9984,1
scratching,10041,9984,10041,57
sniffing,10127,10041,10127,86
grooming,10154,10127,10154,27
sniffing,10155,10154,10155,1
left_turning,10216,10155,10216,61
walking,10221,10216,10221,5
trotting,10246,10221,10246,25
running,10279,10246,10279,33
left_turning,10285,10279,10285,6
walking,10299,10285,10299,14
sniffing,10302,10299,10302,3
stepping,10321,10302,10321,19
grooming,11155,10321,11155,834
trotting,11194,11155,11194,39
running,11233,11194,11233,39
walking,11257,11233,11257,24
sniffing,11265,11257,11265,8
right_turning,11327,11265,11327,62
sniffing,11379,11327,11379,52
right_turning,11396,11379,11396,17
walking,11446,11396,11446,50
right_turning,11447,11446,11447,1
walking,11470,11447,11470,23
trotting,11508,11470,11508,38
stepping,11531,11508,11531,23
trotting,11546,11531,11546,15
sniffing,11567,11546,11567,21
walking,11572,11567,11572,5
sniffing,11573,11572,11573,1
running,11594,11573,11594,21
stepping,11622,11594,11622,28
sniffing,11658,11622,11658,36
stepping,11719,11658,11719,61
grooming,11795,11719,11795,76
sniffing,11830,11795,11830,35
rearing,11844,11830,11844,14
grooming,12035,11844,12035,191
rising,12145,12035,12145,110
grooming,12758,12145,12758,613
rearing,12965,12758,12965,207
hunching,12966,12965,12966,1
rearing,13039,12966,13039,73
grooming,13634,13039,13634,595
sniffing,13700,13634,13700,66
walking,13750,13700,13750,50
running,13756,13750,13756,6
walking,13800,13756,13800,44
sniffing,13818,13800,13818,18
grooming,13955,13818,13955,137
trotting,13977,13955,13977,22
stepping,14013,13977,14013,36
walking,14078,14013,14078,65
sniffing,14155,14078,14155,77
rising,14158,14155,14158,3
walking,14191,14158,14191,33
sniffing,14244,14191,14244,53
walking,14290,14244,14290,46
rising,14343,14290,14343,53
rearing,14401,14343,14401,58
hunching,14547,14401,14547,146
sniffing,14548,14547,14548,1
climbing,14594,14548,14594,46
stepping,14606,14594,14606,12
walking,14615,14606,14615,9
rising,14693,14615,14693,78
climbing,14725,14693,14725,32
grooming,14848,14725,14848,123
sniffing,14884,14848,14884,36
stepping,14915,14884,14915,31
sniffing,14966,14915,14966,51
trotting,14996,14966,14996,30
sniffing,15008,14996,15008,12
stepping,15025,15008,15025,17
rising,15215,15025,15215,190
left_turning,15242,15215,15242,27
grooming,15288,15242,15288,46
rising,15367,15288,15367,79
walking,15368,15367,15368,1
trotting,15387,15368,15387,19
stepping,15424,15387,15424,37
sniffing,15537,15424,15537,113
stepping,15571,15537,15571,34
sniffing,15591,15571,15591,20
left_turning,15593,15591,15593,2
walking,15604,15593,15604,11
stepping,15642,15604,15642,38
grooming,15643,15642,15643,1
hunching,15694,15643,15694,51
rearing,15695,15694,15695,1
hunching,15780,15695,15780,85
left_turning,15809,15780,15809,29
sniffing,15880,15809,15880,71
walking,15910,15880,15910,30
rearing,15945,15910,15945,35
walking,15971,15945,15971,26
sniffing,16028,15971,16028,57
climbing,16058,16028,16058,30
stepping,16083,16058,16083,25
climbing,16133,16083,16133,50
grooming,16154,16133,16154,21
sniffing,16155,16154,16155,1
stepping,16195,16155,16195,40
rising,16227,16195,16227,32
grooming,16542,16227,16542,315
climbing,16602,16542,16602,60
left_turning,16615,16602,16615,13
trotting,16648,16615,16648,33
stepping,16707,16648,16707,59
right_turning,16747,16707,16747,40
walking,16796,16747,16796,49
sniffing,16866,16796,16866,70
rearing,16999,16866,16999,133
rising,17126,16999,17126,127
climbing,17146,17126,17146,20
grooming,17192,17146,17192,46
walking,17205,17192,17205,13
left_turning,17277,17205,17277,72
grooming,17403,17277,17403,126
sniffing,17404,17403,17404,1
hunching,17412,17404,17412,8
rising,17448,17412,17448,36
trotting,17461,17448,17461,13
walking,17512,17461,17512,51
trotting,17545,17512,17545,33
sniffing,17568,17545,17568,23
rising,17875,17568,17875,307
left_turning,17918,17875,17918,43
grooming,18081,17918,18081,163
running,18116,18081,18116,35
stepping,18173,18116,18173,57
walking,18187,18173,18187,14
sniffing,18238,18187,18238,51
grooming,18429,18238,18429,191
climbing,18480,18429,18480,51
left_turning,18486,18480,18486,6
rising,18491,18486,18491,5
grooming,18532,18491,18532,41
rearing,18533,18532,18533,1
climbing,18595,18533,18595,62
grooming,19066,18595,19066,471
rising,19104,19066,19104,38
left_turning,19126,19104,19126,22
stepping,19157,19126,19157,31
walking,19191,19157,19191,34
sniffing,19192,19191,19192,1
grooming,19212,19192,19212,20
rearing,19278,19212,19278,66
stepping,19279,19278,19279,1
sniffing,19283,19279,19283,4
rising,19358,19283,19358,75
grooming,19359,19358,19359,1
stepping,19385,19359,19385,26
sniffing,19432,19385,19432,47
stepping,19435,19432,19435,3
sniffing,19503,19435,19503,68
rearing,19504,19503,19504,1
rising,19585,19504,19585,81
sniffing,19626,19585,19626,41
stepping,19718,19626,19718,92
rising,19724,19718,19724,6
grooming,19725,19724,19725,1
left_turning,19771,19725,19771,46
right_turning,19850,19771,19850,79
sniffing,19919,19850,19919,69
grooming,20070,19919,20070,151
sniffing,20134,20070,20134,64
stepping,20136,20134,20136,2
walking,20183,20136,20183,47
stepping,20191,20183,20191,8
sniffing,20261,20191,20261,70
grooming,20262,20261,20262,1
left_turning,20279,20262,20279,17
sniffing,20280,20279,20280,1
rearing,20365,20280,20365,85
grooming,20366,20365,20366,1
stepping,20396,20366,20396,30
sniffing,20397,20396,20397,1
stepping,20413,20397,20413,16
walking,20428,20413,20428,15
sniffing,20445,20428,20445,17
grooming,20504,20445,20504,59
climbing,20518,20504,20518,14
grooming,20519,20518,20519,1
walking,20555,20519,20555,36
sniffing,20650,20555,20650,95
rising,20677,20650,20677,27
walking,20716,20677,20716,39
sniffing,20757,20716,20757,41
walking,20761,20757,20761,4
grooming,21277,20761,21277,516
climbing,21303,21277,21303,26
left_turning,21414,21303,21414,111
walking,21445,21414,21445,31
stepping,21446,21445,21446,1
sniffing,21447,21446,21447,1
walking,21498,21447,21498,51
sniffing,21499,21498,21499,1
walking,21539,21499,21539,40
sniffing,21602,21539,21602,63
grooming,22222,21602,22222,620
walking,22240,22222,22240,18
trotting,22263,22240,22263,23
grooming,22375,22263,22375,112
scratching,22376,22375,22376,1
grooming,22377,22376,22377,1
running,22401,22377,22401,24
stepping,22426,22401,22426,25
sniffing,22427,22426,22427,1
stepping,22443,22427,22443,16
sniffing,22533,22443,22533,90
stepping,22555,22533,22555,22
hunching,22625,22555,22625,70
grooming,22626,22625,22626,1
left_turning,22711,22626,22711,85
scratching,22816,22711,22816,105
sniffing,22842,22816,22842,26
rising,22906,22842,22906,64
walking,22907,22906,22907,1
sniffing,22940,22907,22940,33
climbing,22952,22940,22952,12
rearing,23089,22952,23089,137
grooming,23515,23089,23515,426
walking,23521,23515,23521,6
trotting,23545,23521,23545,24
walking,23593,23545,23593,48
grooming,23710,23593,23710,117
sniffing,23741,23710,23741,31
stepping,23789,23741,23789,48
sniffing,23840,23789,23840,51
trotting,23871,23840,23871,31
walking,23880,23871,23880,9
sniffing,23917,23880,23917,37
grooming,24400,23917,24400,483
stepping,24435,24400,24435,35
sniffing,24436,24435,24436,1
walking,24462,24436,24462,26
rearing,24503,24462,24503,41
stepping,24550,24503,24550,47
rising,24590,24550,24590,40
grooming,24819,24590,24819,229
stepping,24837,24819,24837,18
walking,24855,24837,24855,18
running,24887,24855,24887,32
walking,24908,24887,24908,21
hunching,24979,24908,24979,71
grooming,24998,24979,24998,19
sniffing,25053,24998,25053,55
rising,25085,25053,25085,32
stepping,25137,25085,25137,52
grooming,25139,25137,25139,2
trotting,25168,25139,25168,29
sniffing,25175,25168,25175,7
stepping,25201,25175,25201,26
sniffing,25202,25201,25202,1
walking,25241,25202,25241,39
left_turning,25269,25241,25269,28
trotting,25298,25269,25298,29
walking,25329,25298,25329,31
sniffing,25339,25329,25339,10
climbing,25406,25339,25406,67
sniffing,25428,25406,25428,22
trotting,25442,25428,25442,14
stepping,25495,25442,25495,53
walking,25516,25495,25516,21
right_turning,25552,25516,25552,36
sniffing,25577,25552,25577,25
walking,25621,25577,25621,44
sniffing,25651,25621,25651,30
stepping,25694,25651,25694,43
climbing,25754,25694,25754,60
sniffing,25814,25754,25814,60
left_turning,25826,25814,25826,12
trotting,25854,25826,25854,28
stepping,25906,25854,25906,52
sniffing,25909,25906,25909,3
rearing,25992,25909,25992,83
rising,26221,25992,26221,229
stepping,26239,26221,26239,18
walking,26277,26239,26277,38
stepping,26278,26277,26278,1
grooming,26398,26278,26398,120
stepping,26425,26398,26425,27
running,26431,26425,26431,6
rising,26432,26431,26432,1
sniffing,26433,26432,26433,1
rising,26615,26433,26615,182
stepping,26641,26615,26641,26
grooming,26967,26641,26967,326
walking,26986,26967,26986,19
right_turning,27016,26986,27016,30
trotting,27034,27016,27034,18
sniffing,27067,27034,27067,33
rising,27148,27067,27148,81
climbing,27169,27148,27169,21
grooming,27261,27169,27261,92
sniffing,27301,27261,27301,40
walking,27373,27301,27373,72
stepping,27386,27373,27386,13
sniffing,27414,27386,27414,28
walking,27443,27414,27443,29
stepping,27504,27443,27504,61
climbing,27573,27504,27573,69
grooming,27574,27573,27574,1
sniffing,27595,27574,27595,21
rising,27646,27595,27646,51
running,27660,27646,27660,14
walking,27682,27660,27682,22
rising,27742,27682,27742,60
climbing,27780,27742,27780,38
running,27793,27780,27793,13
climbing,27816,27793,27816,23
left_turning,27846,27816,27846,30
sniffing,27944,27846,27944,98
climbing,27971,27944,27971,27
right_turning,28012,27971,28012,41
sniffing,28061,28012,28061,49
walking,28094,28061,28094,33
sniffing,28174,28094,28174,80
grooming,28528,28174,28528,354
right_turning,28537,28528,28537,9
climbing,28578,28537,28578,41
grooming,28724,28578,28724,146
rising,28774,28724,28774,50
grooming,28775,28774,28775,1
walking,28776,28775,28776,1
stepping,28821,28776,28821,45
sniffing,28822,28821,28822,1
stepping,28896,28822,28896,74
sniffing,28920,28896,28920,24
rising,28961,28920,28961,41
sniffing,28990,28961,28990,29
climbing,29002,28990,29002,12
running,29025,29002,29025,23
sniffing,29075,29025,29075,50
rising,29076,29075,29076,1
sniffing,29153,29076,29153,77
climbing,29167,29153,29167,14
trotting,29187,29167,29187,20
sniffing,29199,29187,29199,12
hunching,29200,29199,29200,1
grooming,29303,29200,29303,103
scratching,29341,29303,29341,38
right_turning,29354,29341,29354,13
climbing,29445,29354,29445,91
left_turning,29466,29445,29466,21
grooming,29698,29466,29698,232
walking,29699,29698,29699,1
sniffing,29773,29699,29773,74
right_turning,29810,29773,29810,37
sniffing,29811,29810,29811,1
rearing,29890,29811,29890,79
grooming,29941,29890,29941,51
stepping,29978,29941,29978,37
right_turning,29996,29978,29996,18
stepping,30053,29996,30053,57
left_turning,30094,30053,30094,41
running,30119,30094,30119,25
sniffing,30196,30119,30196,77
grooming,30694,30196,30694,498
left_turning,30697,30694,30697,3
stepping,30787,30697,30787,90
left_turning,30806,30787,30806,19
walking,30856,30806,30856,50
trotting,30885,30856,30885,29
climbing,30913,30885,30913,28
walking,30964,30913,30964,51
stepping,30998,30964,30998,34
sniffing,31054,30998,31054,56
stepping,31073,31054,31073,19
sniffing,31117,31073,31117,44
grooming,31118,31117,31118,1
scratching,31151,31118,31151,33
sniffing,31221,31151,31221,70
grooming,31294,31221,31294,73
walking,31351,31294,31351,57
stepping,31386,31351,31386,35
grooming,31425,31386,31425,39
walking,31474,31425,31474,49
stepping,31504,31474,31504,30
sniffing,31516,31504,31516,12
grooming,31717,31516,31717,201
hunching,31749,31717,31749,32
stepping,31785,31749,31785,36
grooming,31810,31785,31810,25
hunching,31826,31810,31826,16
rearing,31960,31826,31960,134
grooming,32047,31960,32047,87
right_turning,32063,32047,32063,16
stepping,32095,32063,32095,32
sniffing,32159,32095,32159,64
walking,32188,32159,32188,29
sniffing,32273,32188,32273,85
stepping,32305,32273,32305,32
sniffing,32341,32305,32341,36
trotting,32361,32341,32361,20
walking,32388,32361,32388,27
sniffing,32448,32388,32448,60
walking,32503,32448,32503,55
rising,32696,32503,32696,193
sniffing,32787,32696,32787,91
rising,32794,32787,32794,7
grooming,32795,32794,32795,1
rearing,32817,32795,32817,22
hunching,32882,32817,32882,65
grooming,32883,32882,32883,1
sniffing,32922,32883,32922,39
right_turning,32929,32922,32929,7
stepping,32961,32929,32961,32
walking,33017,32961,33017,56
right_turning,33021,33017,33021,4
rising,33065,33021,33065,44
left_turning,33105,33065,33105,40
rising,33106,33105,33106,1
sniffing,33136,33106,33136,30
rising,33137,33136,33137,1
sniffing,33170,33137,33170,33
walking,33199,33170,33199,29
sniffing,33253,33199,33253,54
left_turning,33271,33253,33271,18
walking,33292,33271,33292,21
rising,33332,33292,33332,40
grooming,33553,33332,33553,221
rearing,33554,33553,33554,1
hunching,33623,33554,33623,69
rearing,33735,33623,33735,112
grooming,33736,33735,33736,1
rearing,33779,33736,33779,43
stepping,33843,33779,33843,64
walking,33891,33843,33891,48
grooming,34014,33891,34014,123
hunching,34015,34014,34015,1
grooming,34016,34015,34016,1
sniffing,34029,34016,34029,13
stepping,34067,34029,34067,38
sniffing,34192,34067,34192,125
walking,34213,34192,34213,21
stepping,34214,34213,34214,1
sniffing,34279,34214,34279,65
grooming,34412,34279,34412,133
hunching,34482,34412,34482,70
rising,34649,34482,34649,167
walking,34735,34649,34735,86
stepping,34752,34735,34752,17
walking,34766,34752,34766,14
running,34768,34766,34768,2
walking,34815,34768,34815,47
trotting,34866,34815,34866,51
left_turning,34887,34866,34887,21
rising,34936,34887,34936,49
climbing,34964,34936,34964,28
stepping,34965,34964,34965,1
walking,34983,34965,34983,18
sniffing,35006,34983,35006,23
left_turning,35052,35006,35052,46
stepping,35120,35052,35120,68
climbing,35169,35120,35169,49
stepping,35178,35169,35178,9
rising,35222,35178,35222,44
rearing,35253,35222,35253,31
rising,35321,35253,35321,68
grooming,35509,35321,35509,188
left_turning,35563,35509,35563,54
trotting,35589,35563,35589,26
climbing,35651,35589,35651,62
walking,35687,35651,35687,36
stepping,35745,35687,35745,58
grooming,36316,35745,36316,571
sniffing,36317,36316,36317,1
stepping,36343,36317,36343,26
left_turning,36349,36343,36349,6
stepping,36382,36349,36382,33
right_turning,36393,36382,36393,11
running,36411,36393,36411,18
trotting,36446,36411,36446,35
stepping,36491,36446,36491,45
sniffing,36494,36491,36494,3
stepping,36515,36494,36515,21
walking,36545,36515,36545,30
left_turning,36546,36545,36546,1
sniffing,36591,36546,36591,45
stepping,36597,36591,36597,6
walking,36642,36597,36642,45
climbing,36695,36642,36695,53
trotting,36748,36695,36748,53
sniffing,36806,36748,36806,58
stepping,36834,36806,36834,28
sniffing,36858,36834,36858,24
stepping,36866,36858,36866,8
walking,36925,36866,36925,59
left_turning,36977,36925,36977,52
stepping,37023,36977,37023,46
sniffing,37024,37023,37024,1
rising,37056,37024,37056,32
sniffing,37242,37056,37242,186
grooming,37418,37242,37418,176
right_turning,37427,37418,37427,9
sniffing,37498,37427,37498,71
rising,37501,37498,37501,3
stepping,37533,37501,37533,32
running,37547,37533,37547,14
walking,37548,37547,37548,1
stepping,37584,37548,37584,36
climbing,37652,37584,37652,68
trotting,37675,37652,37675,23
stepping,37714,37675,37714,39
sniffing,37764,37714,37764,50
walking,37783,37764,37783,19
sniffing,37840,37783,37840,57
grooming,37841,37840,37841,1
rearing,37871,37841,37871,30
grooming,37872,37871,37872,1
left_turning,37873,37872,37873,1
grooming,38040,37873,38040,167
sniffing,38128,38040,38128,88
walking,38129,38128,38129,1
sniffing,38166,38129,38166,37
trotting,38195,38166,38195,29
sniffing,38196,38195,38196,1
right_turning,38221,38196,38221,25
sniffing,38300,38221,38300,79
rearing,38343,38300,38343,43
climbing,38357,38343,38357,14
left_turning,38394,38357,38394,37
stepping,38432,38394,38432,38
sniffing,38647,38432,38647,215
stepping,38682,38647,38682,35
sniffing,38711,38682,38711,29
running,38748,38711,38748,37
sniffing,38749,38748,38749,1
grooming,38750,38749,38750,1
stepping,38769,38750,38769,19
rearing,38849,38769,38849,80
hunching,38940,38849,38940,91
left_turning,39011,38940,39011,71
walking,39026,39011,39026,15
sniffing,39081,39026,39081,55
left_turning,39119,39081,39119,38
sniffing,39181,39119,39181,62
left_turning,39231,39181,39231,50
trotting,39289,39231,39289,58
sniffing,39340,39289,39340,51
walking,39391,39340,39391,51
climbing,39436,39391,39436,45
sniffing,39437,39436,39437,1
stepping,39504,39437,39504,67
sniffing,39564,39504,39564,60
rearing,39583,39564,39583,19
grooming,40064,39583,40064,481
trotting,40098,40064,40098,34
left_turning,40155,40098,40155,57
hunching,40208,40155,40208,53
grooming,40387,40208,40387,179
sniffing,40432,40387,40432,45
right_turning,40441,40432,40441,9
sniffing,40451,40441,40451,10
trotting,40453,40451,40453,2
walking,40475,40453,40475,22
sniffing,40476,40475,40476,1
stepping,40487,40476,40487,11
sniffing,40491,40487,40491,4
stepping,40504,40491,40504,13
rising,40540,40504,40540,36
climbing,40647,40540,40647,107
stepping,40666,40647,40666,19
rising,40703,40666,40703,37
sniffing,40876,40703,40876,173
rising,40883,40876,40883,7
sniffing,40884,40883,40884,1
scratching,40960,40884,40960,76
grooming,40961,40960,40961,1
rearing,40964,40961,40964,3
hunching,41087,40964,41087,123
grooming,41088,41087,41088,1
left_turning,41162,41088,41162,74
walking,41181,41162,41181,19
sniffing,41242,41181,41242,61
rising,41262,41242,41262,20
left_turning,41278,41262,41278,16
running,41307,41278,41307,29
sniffing,41321,41307,41321,14
stepping,41322,41321,41322,1
sniffing,41393,41322,41393,71
stepping,41398,41393,41398,5
sniffing,41432,41398,41432,34
stepping,41492,41432,41492,60
sniffing,41520,41492,41520,28
rising,41563,41520,41563,43
grooming,41838,41563,41838,275
sniffing,41845,41838,41845,7
grooming,41846,41845,41846,1
rising,41860,41846,41860,14
stepping,41917,41860,41917,57
sniffing,41985,41917,41985,68
stepping,42011,41985,42011,26
sniffing,42053,42011,42053,42
stepping,42090,42053,42090,37
walking,42113,42090,42113,23
sniffing,42239,42113,42239,126
grooming,42287,42239,42287,48
sniffing,42341,42287,42341,54
grooming,42572,42341,42572,231
sniffing,42573,42572,42573,1
trotting,42596,42573,42596,23
rising,42613,42596,42613,17
stepping,42622,42613,42622,9
grooming,42623,42622,42623,1
rising,42637,42623,42637,14
grooming,42710,42637,42710,73
hunching,42747,42710,42747,37
rearing,42805,42747,42805,58
climbing,42825,42805,42825,20
grooming,42854,42825,42854,29
hunching,42964,42854,42964,110
grooming,42992,42964,42992,28
stepping,43036,42992,43036,44
sniffing,43068,43036,43068,32
climbing,43127,43068,43127,59
grooming,43128,43127,43128,1
walking,43214,43128,43214,86
sniffing,43270,43214,43270,56
rising,43271,43270,43271,1
stepping,43316,43271,43316,45
grooming,43541,43316,43541,225
rearing,43573,43541,43573,32
grooming,43710,43573,43710,137
rising,43740,43710,43740,30
climbing,43799,43740,43799,59
rearing,43827,43799,43827,28
left_turning,43842,43827,43842,15
sniffing,43883,43842,43883,41
rising,43884,43883,43884,1
rearing,44011,43884,44011,127
climbing,44046,44011,44046,35
grooming,44197,44046,44197,151
sniffing,44198,44197,44198,1
stepping,44222,44198,44222,24
sniffing,44266,44222,44266,44
walking,44288,44266,44288,22
right_turning,44331,44288,44331,43
walking,44334,44331,44334,3
trotting,44366,44334,44366,32
rearing,44367,44366,44367,1
grooming,44579,44367,44579,212
rearing,44620,44579,44620,41
walking,44647,44620,44647,27
sniffing,44668,44647,44668,21
walking,44706,44668,44706,38
stepping,44712,44706,44712,6
sniffing,44781,44712,44781,69
stepping,44791,44781,44791,10
walking,44821,44791,44821,30
rearing,44822,44821,44822,1
grooming,45024,44822,45024,202
left_turning,45046,45024,45046,22
sniffing,45049,45046,45049,3
left_turning,45108,45049,45108,59
walking,45145,45108,45145,37
stepping,45158,45145,45158,13
grooming,45978,45158,45978,820
sniffing,46027,45978,46027,49
rising,46174,46027,46174,147
climbing,46197,46174,46197,23
rising,46216,46197,46216,19
right_turning,46226,46216,46226,10
sniffing,46258,46226,46258,32
walking,46286,46258,46286,28
sniffing,46433,46286,46433,147
stepping,46434,46433,46434,1
sniffing,46486,46434,46486,52
stepping,46529,46486,46529,43
sniffing,46562,46529,46562,33
rising,46563,46562,46563,1
hunching,46668,46563,46668,105
grooming,47327,46668,47327,659
hunching,47408,47327,47408,81
left_turning,47444,47408,47444,36
grooming,47445,47444,47445,1
rising,47527,47445,47527,82
hunching,47528,47527,47528,1
grooming,47849,47528,47849,321
hunching,47911,47849,47911,62
left_turning,47936,47911,47936,25
sniffing,48031,47936,48031,95
grooming,48032,48031,48032,1
sniffing,48078,48032,48078,46
grooming,48671,48078,48671,593
stepping,48672,48671,48672,1
sniffing,48673,48672,48673,1
rising,48702,48673,48702,29
climbing,48732,48702,48732,30
right_turning,48743,48732,48743,11
stepping,48754,48743,48754,11
sniffing,48784,48754,48784,30
grooming,48839,48784,48839,55
rising,48875,48839,48875,36
rearing,49098,48875,49098,223
hunching,49205,49098,49205,107
rearing,49254,49205,49254,49
left_turning,49327,49254,49327,73
running,49368,49327,49368,41
trotting,49383,49368,49383,15
walking,49391,49383,49391,8
stepping,49417,49391,49417,26
sniffing,49454,49417,49454,37
rising,49496,49454,49496,42
grooming,50170,49496,50170,674
left_turning,50172,50170,50172,2
walking,50226,50172,50226,54
right_turning,50263,50226,50263,37
walking,50278,50263,50278,15
rising,50307,50278,50307,29
left_turning,50337,50307,50337,30
trotting,50364,50337,50364,27
walking,50401,50364,50401,37
sniffing,50402,50401,50402,1
walking,50418,50402,50418,16
sniffing,50419,50418,50419,1
stepping,50420,50419,50420,1
climbing,50446,50420,50446,26
stepping,50477,50446,50477,31
sniffing,50531,50477,50531,54
stepping,50532,50531,50532,1
rising,50577,50532,50577,45
rearing,50680,50577,50680,103
climbing,50720,50680,50720,40
sniffing,50775,50720,50775,55
trotting,50825,50775,50825,50
sniffing,50871,50825,50871,46
left_turning,50898,50871,50898,27
stepping,50941,50898,50941,43
sniffing,50946,50941,50946,5
left_turning,50976,50946,50976,30
sniffing,51048,50976,51048,72
grooming,51525,51048,51525,477
hunching,51740,51525,51740,215
grooming,52052,51740,52052,312
rising,52081,52052,52081,29
climbing,52115,52081,52115,34
stepping,52142,52115,52142,27
walking,52144,52142,52144,2
sniffing,52316,52144,52316,172
stepping,52318,52316,52318,2
left_turning,52353,52318,52353,35
sniffing,52446,52353,52446,93
grooming,52464,52446,52464,18
rearing,52483,52464,52483,19
grooming,52690,52483,52690,207
rearing,52763,52690,52763,73
climbing,52795,52763,52795,32
stepping,52796,52795,52796,1
sniffing,52912,52796,52912,116
stepping,52913,52912,52913,1
sniffing,52917,52913,52917,4
trotting,52942,52917,52942,25
stepping,52943,52942,52943,1
rising,52948,52943,52948,5
walking,52982,52948,52982,34
trotting,53015,52982,53015,33
stepping,53102,53015,53102,87
sniffing,53115,53102,53115,13
walking,53131,53115,53131,16
sniffing,53206,53131,53206,75
stepping,53242,53206,53242,36
walking,53272,53242,53272,30
trotting,53316,53272,53316,44
stepping,53318,53316,53318,2
climbing,53334,53318,53334,16
grooming,53335,53334,53335,1
rearing,53363,53335,53363,28
climbing,53364,53363,53364,1
left_turning,53372,53364,53372,8
walking,53422,53372,53422,50
sniffing,53423,53422,53423,1
grooming,53424,53423,53424,1
stepping,53451,53424,53451,27
sniffing,53615,53451,53615,164
walking,53627,53615,53627,12
sniffing,53637,53627,53637,10
rearing,53766,53637,53766,129
trotting,53796,53766,53796,30
walking,53819,53796,53819,23
stepping,53859,53819,53859,40
grooming,53860,53859,53860,1
walking,53889,53860,53889,29
sniffing,53957,53889,53957,68
walking,53973,53957,53973,16
stepping,53974,53973,53974,1
sniffing,54043,53974,54043,69
rising,54044,54043,54044,1
grooming,54185,54044,54185,141
trotting,54226,54185,54226,41
sniffing,54263,54226,54263,37
walking,54295,54263,54295,32
right_turning,54318,54295,54318,23
rising,54319,54318,54319,1
right_turning,54330,54319,54330,11
stepping,54356,54330,54356,26
sniffing,54392,54356,54392,36
walking,54409,54392,54409,17
sniffing,54410,54409,54410,1
climbing,54431,54410,54431,21
walking,54437,54431,54437,6
stepping,54478,54437,54478,41
sniffing,54513,54478,54513,35
rising,54567,54513,54567,54
right_turning,54581,54567,54581,14
stepping,54646,54581,54646,65
sniffing,54726,54646,54726,80
grooming,54844,54726,54844,118
sniffing,54917,54844,54917,73
walking,54937,54917,54937,20
sniffing,54943,54937,54943,6
left_turning,54988,54943,54988,45
sniffing,55105,54988,55105,117
left_turning,55144,55105,55144,39
sniffing,55202,55144,55202,58
rising,55210,55202,55210,8
grooming,55308,55210,55308,98
rearing,55360,55308,55360,52
running,55375,55360,55375,15
walking,55441,55375,55441,66
sniffing,55454,55441,55454,13
rising,55471,55454,55471,17
rearing,55472,55471,55472,1
grooming,55605,55472,55605,133
left_turning,55606,55605,55606,1
trotting,55626,55606,55626,20
sniffing,55664,55626,55664,38
stepping,55665,55664,55665,1
sniffing,55708,55665,55708,43
rising,55714,55708,55714,6
climbing,55753,55714,55753,39
left_turning,55770,55753,55770,17
walking,55832,55770,55832,62
hunching,55833,55832,55833,1
rearing,55839,55833,55839,6
climbing,55896,55839,55896,57
grooming,55897,55896,55897,1
stepping,55955,55897,55955,58
running,56005,55955,56005,50
stepping,56036,56005,56036,31
rising,56037,56036,56037,1
right_turning,56060,56037,56060,23
walking,56091,56060,56091,31
sniffing,56121,56091,56121,30
stepping,56122,56121,56122,1
sniffing,56276,56122,56276,154
stepping,56294,56276,56294,18
hunching,56427,56294,56427,133
rearing,56508,56427,56508,81
hunching,56533,56508,56533,25
grooming,56644,56533,56644,111
rearing,56668,56644,56668,24
climbing,56692,56668,56692,24
sniffing,56742,56692,56742,50
walking,56767,56742,56767,25
sniffing,56768,56767,56768,1
stepping,56817,56768,56817,49
climbing,56864,56817,56864,47
trotting,56875,56864,56875,11
stepping,56956,56875,56956,81
rearing,57048,56956,57048,92
hunching,57122,57048,57122,74
grooming,57264,57122,57264,142
sniffing,57306,57264,57306,42
rearing,57337,57306,57337,31
walking,57360,57337,57360,23
stepping,57407,57360,57407,47
sniffing,57408,57407,57408,1
grooming,57409,57408,57409,1
sniffing,57452,57409,57452,43
grooming,57685,57452,57685,233
rearing,57775,57685,57775,90
climbing,57809,57775,57809,34
grooming,57810,57809,57810,1
sniffing,57869,57810,57869,59
hunching,57988,57869,57988,119
grooming,58028,57988,58028,40
sniffing,58053,58028,58053,25
rising,58054,58053,58054,1
climbing,58136,58054,58136,82
grooming,58153,58136,58153,17
hunching,58196,58153,58196,43
sniffing,58230,58196,58230,34
stepping,58252,58230,58252,22
sniffing,58323,58252,58323,71
stepping,58370,58323,58370,47
sniffing,58403,58370,58403,33
rearing,58556,58403,58556,153
walking,58557,58556,58557,1
rearing,58864,58557,58864,307
hunching,58885,58864,58885,21
rising,58904,58885,58904,19
running,58931,58904,58931,27
walking,58941,58931,58941,10
sniffing,59009,58941,59009,68
stepping,59069,59009,59069,60
walking,59111,59069,59111,42
rising,59168,59111,59168,57
grooming,59169,59168,59169,1
sniffing,59219,59169,59219,50
walking,59293,59219,59293,74
sniffing,59327,59293,59327,34
climbing,59371,59327,59371,44
rising,59372,59371,59372,1
stepping,59410,59372,59410,38
grooming,59411,59410,59411,1
left_turning,59421,59411,59421,10
rising,59523,59421,59523,102
sniffing,59610,59523,59610,87
grooming,59611,59610,59611,1
trotting,59637,59611,59637,26
sniffing,59710,59637,59710,73
rearing,59738,59710,59738,28
hunching,59739,59738,59739,1
rising,59761,59739,59761,22
climbing,59795,59761,59795,34
running,59810,59795,59810,15
rising,59861,59810,59861,51
rearing,59873,59861,59873,12
hunching,59903,59873,59903,30
grooming,60089,59903,60089,186
sniffing,60137,60089,60137,48
scratching,60230,60137,60230,93
grooming,60375,60230,60375,145
running,60382,60375,60382,7
walking,60383,60382,60383,1
sniffing,60506,60383,60506,123
left_turning,60507,60506,60507,1
stepping,60530,60507,60530,23
grooming,60531,60530,60531,1
sniffing,60728,60531,60728,197
grooming,60758,60728,60758,30
hunching,60764,60758,60764,6
sniffing,60775,60764,60775,11
rising,60783,60775,60783,8
stepping,60804,60783,60804,21
rising,60839,60804,60839,35
hunching,60917,60839,60917,78
left_turning,60940,60917,60940,23
sniffing,60975,60940,60975,35
left_turning,60992,60975,60992,17
sniffing,61020,60992,61020,28
left_turning,61044,61020,61044,24
sniffing,61060,61044,61060,16
stepping,61110,61060,61110,50
right_turning,61135,61110,61135,25
walking,61145,61135,61145,10
stepping,61160,61145,61160,15
sniffing,61225,61160,61225,65
rising,61233,61225,61233,8
walking,61277,61233,61277,44
stepping,61286,61277,61286,9
walking,61319,61286,61319,33
stepping,61335,61319,61335,16
grooming,61336,61335,61336,1
left_turning,61374,61336,61374,38
sniffing,61465,61374,61465,91
climbing,61474,61465,61474,9
rearing,61483,61474,61483,9
grooming,61484,61483,61484,1
rising,61485,61484,61485,1
sniffing,61617,61485,61617,132
walking,61635,61617,61635,18
right_turning,61640,61635,61640,5
sniffing,61666,61640,61666,26
left_turning,61702,61666,61702,36
walking,61703,61702,61703,1
sniffing,61749,61703,61749,46
rising,61750,61749,61750,1
stepping,61772,61750,61772,22
grooming,61883,61772,61883,111
rearing,61884,61883,61884,1
sniffing,61927,61884,61927,43
left_turning,61962,61927,61962,35
sniffing,61979,61962,61979,17
rising,62100,61979,62100,121
grooming,62101,62100,62101,1
scratching,62145,62101,62145,44
sniffing,62168,62145,62168,23
left_turning,62169,62168,62169,1
stepping,62185,62169,62185,16
rearing,62207,62185,62207,22
climbing,62274,62207,62274,67
grooming,62275,62274,62275,1
hunching,62320,62275,62320,45
grooming,62397,62320,62397,77
sniffing,62407,62397,62407,10
stepping,62442,62407,62442,35
grooming,62523,62442,62523,81
scratching,62630,62523,62630,107
sniffing,62665,62630,62665,35
rearing,62715,62665,62715,50
walking,62750,62715,62750,35
stepping,62773,62750,62773,23
climbing,62836,62773,62836,63
stepping,62842,62836,62842,6
walking,62855,62842,62855,13
sniffing,62856,62855,62856,1
stepping,62879,62856,62879,23
walking,62902,62879,62902,23
left_turning,62917,62902,62917,15
sniffing,62918,62917,62918,1
walking,62935,62918,62935,17
left_turning,62976,62935,62976,41
walking,63006,62976,63006,30
sniffing,63020,63006,63020,14
rising,63021,63020,63021,1
sniffing,63022,63021,63022,1
right_turning,63049,63022,63049,27
climbing,63064,63049,63064,15
right_turning,63084,63064,63084,20
stepping,63116,63084,63116,32
rearing,63199,63116,63199,83
grooming,63991,63199,63991,792
rearing,64058,63991,64058,67
grooming,64087,64058,64087,29
rearing,64127,64087,64127,40
walking,64137,64127,64137,10
trotting,64157,64137,64157,20
stepping,64197,64157,64197,40
walking,64219,64197,64219,22
sniffing,64291,64219,64291,72
stepping,64334,64291,64334,43
grooming,64561,64334,64561,227
sniffing,64650,64561,64650,89
running,64668,64650,64668,18
stepping,64683,64668,64683,15
climbing,64734,64683,64734,51
rising,64735,64734,64735,1
rearing,64748,64735,64748,13
rising,64759,64748,64759,11
left_turning,64789,64759,64789,30
sniffing,64847,64789,64847,58
rearing,64872,64847,64872,25
climbing,64907,64872,64907,35
left_turning,64946,64907,64946,39
sniffing,64947,64946,64947,1
rearing,64988,64947,64988,41
grooming,65276,64988,65276,288
sniffing,65382,65276,65382,106
rearing,65461,65382,65461,79
grooming,65552,65461,65552,91
scratching,65644,65552,65644,92
stepping,65670,65644,65670,26
sniffing,65727,65670,65727,57
grooming,65914,65727,65914,187
rearing,66000,65914,66000,86
grooming,66087,66000,66087,87
sniffing,66178,66087,66178,91
left_turning,66200,66178,66200,22
scratching,66242,66200,66242,42
sniffing,66243,66242,66243,1
walking,66244,66243,66244,1
sniffing,66263,66244,66263,19
left_turning,66280,66263,66280,17
sniffing,66315,66280,66315,35
running,66322,66315,66322,7
sniffing,66380,66322,66380,58
stepping,66424,66380,66424,44
grooming,66715,66424,66715,291
sniffing,66716,66715,66716,1
stepping,66754,66716,66754,38
sniffing,66785,66754,66785,31
left_turning,66792,66785,66792,7
sniffing,66931,66792,66931,139
grooming,67162,66931,67162,231
rising,67192,67162,67192,30
left_turning,67197,67192,67197,5
walking,67219,67197,67219,22
sniffing,67478,67219,67478,259
running,67487,67478,67487,9
walking,67508,67487,67508,21
sniffing,67634,67508,67634,126
rising,67665,67634,67665,31
stepping,67681,67665,67681,16
sniffing,67757,67681,67757,76
stepping,67797,67757,67797,40
walking,67821,67797,67821,24
stepping,67822,67821,67822,1
sniffing,67926,67822,67926,104
walking,67959,67926,67959,33
stepping,67989,67959,67989,30
sniffing,68016,67989,68016,27
rearing,68101,68016,68101,85
sniffing,68102,68101,68102,1
stepping,68125,68102,68125,23
rearing,68126,68125,68126,1
hunching,68127,68126,68127,1
rearing,68128,68127,68128,1
hunching,68129,68128,68129,1
left_turning,68169,68129,68169,40
walking,68203,68169,68203,34
rearing,68294,68203,68294,91
hunching,68363,68294,68363,69
grooming,68559,68363,68559,196
rearing,68607,68559,68607,48
left_turning,68658,68607,68658,51
grooming,69099,68658,69099,441
left_turning,69122,69099,69122,23
rearing,69185,69122,69185,63
sniffing,69248,69185,69248,63
rising,69266,69248,69266,18
stepping,69316,69266,69316,50
right_turning,69323,69316,69323,7
sniffing,69350,69323,69350,27
rising,69372,69350,69372,22
walking,69422,69372,69422,50
climbing,69450,69422,69450,28
grooming,69451,69450,69451,1
sniffing,69502,69451,69502,51
rising,69522,69502,69522,20
climbing,69561,69522,69561,39
running,69602,69561,69602,41
stepping,69699,69602,69699,97
sniffing,69790,69699,69790,91
grooming,70285,69790,70285,495
sniffing,70466,70285,70466,181
climbing,70511,70466,70511,45
rearing,70575,70511,70575,64
grooming,70576,70575,70576,1
running,70596,70576,70596,20
trotting,70612,70596,70612,16
walking,70650,70612,70650,38
running,70657,70650,70657,7
walking,70669,70657,70669,12
stepping,70691,70669,70691,22
walking,70756,70691,70756,65
stepping,70793,70756,70793,37
rising,70811,70793,70811,18
grooming,70812,70811,70812,1
rearing,70883,70812,70883,71
rising,70903,70883,70903,20
grooming,71164,70903,71164,261
sniffing,71190,71164,71190,26
rising,71241,71190,71241,51
stepping,71276,71241,71276,35
climbing,71283,71276,71283,7
trotting,71289,71283,71289,6
walking,71295,71289,71295,6
right_turning,71313,71295,71313,18
walking,71323,71313,71323,10
rearing,71326,71323,71326,3
sniffing,71451,71326,71451,125
rearing,71492,71451,71492,41
hunching,71559,71492,71559,67
grooming,71560,71559,71560,1
rearing,71561,71560,71561,1
grooming,71707,71561,71707,146
climbing,71759,71707,71759,52
rising,71761,71759,71761,2
stepping,71797,71761,71797,36
walking,71823,71797,71823,26
stepping,71827,71823,71827,4
sniffing,71852,71827,71852,25
stepping,71853,71852,71853,1
rising,71912,71853,71912,59
grooming,72850,71912,72850,938
sniffing,72851,72850,72851,1
grooming,72995,72851,72995,144
rising,73000,72995,73000,5
left_turning,73034,73000,73034,34
trotting,73050,73034,73050,16
rising,73051,73050,73051,1
rearing,73151,73051,73151,100
left_turning,73189,73151,73189,38
trotting,73224,73189,73224,35
walking,73244,73224,73244,20
climbing,73250,73244,73250,6
trotting,73259,73250,73259,9
sniffing,73285,73259,73285,26
stepping,73298,73285,73298,13
walking,73381,73298,73381,83
sniffing,73438,73381,73438,57
walking,73445,73438,73445,7
climbing,73479,73445,73479,34
left_turning,73480,73479,73480,1
walking,73490,73480,73490,10
rising,73506,73490,73506,16
sniffing,73522,73506,73522,16
stepping,73544,73522,73544,22
left_turning,73582,73544,73582,38
stepping,73589,73582,73589,7
walking,73620,73589,73620,31
rising,73651,73620,73651,31
stepping,73657,73651,73657,6
rearing,73692,73657,73692,35
grooming,73714,73692,73714,22
sniffing,73756,73714,73756,42
rising,73800,73756,73800,44
climbing,73841,73800,73841,41
sniffing,73912,73841,73912,71
grooming,73913,73912,73913,1
rearing,74004,73913,74004,91
sniffing,74038,74004,74038,34
walking,74100,74038,74100,62
sniffing,74104,74100,74104,4
walking,74131,74104,74131,27
stepping,74181,74131,74181,50
grooming,74317,74181,74317,136
hunching,74381,74317,74381,64
rearing,74430,74381,74430,49
climbing,74478,74430,74478,48
stepping,74516,74478,74516,38
rearing,74600,74516,74600,84
walking,74601,74600,74601,1
stepping,74641,74601,74641,40
rising,74660,74641,74660,19
climbing,74663,74660,74663,3
walking,74691,74663,74691,28
rising,74735,74691,74735,44
sniffing,74736,74735,74736,1
walking,74761,74736,74761,25
sniffing,74762,74761,74762,1
climbing,74826,74762,74826,64
running,74862,74826,74862,36
rising,74875,74862,74875,13
rearing,75053,74875,75053,178
climbing,75066,75053,75066,13
trotting,75093,75066,75093,27
stepping,75119,75093,75119,26
sniffing,75189,75119,75189,70
stepping,75211,75189,75211,22
climbing,75258,75211,75258,47
grooming,75706,75258,75706,448
rearing,75707,75706,75707,1
grooming,75729,75707,75729,22
climbing,75755,75729,75755,26
rearing,75781,75755,75781,26
grooming,75788,75781,75788,7
climbing,75830,75788,75830,42
left_turning,75855,75830,75855,25
walking,75879,75855,75879,24
stepping,75925,75879,75925,46
sniffing,75988,75925,75988,63
rearing,76102,75988,76102,114
stepping,76145,76102,76145,43
trotting,76158,76145,76158,13
walking,76179,76158,76179,21
stepping,76214,76179,76214,35
walking,76240,76214,76240,26
rising,76292,76240,76292,52
stepping,76338,76292,76338,46
walking,76375,76338,76375,37
stepping,76408,76375,76408,33
sniffing,76426,76408,76426,18
walking,76439,76426,76439,13
sniffing,76440,76439,76440,1
walking,76466,76440,76466,26
grooming,76467,76466,76467,1
sniffing,76542,76467,76542,75
right_turning,76558,76542,76558,16
stepping,76573,76558,76573,15
grooming,77422,76573,77422,849
rising,77448,77422,77448,26
sniffing,77533,77448,77533,85
stepping,77561,77533,77561,28
walking,77569,77561,77569,8
stepping,77632,77569,77632,63
rearing,77728,77632,77728,96
grooming,77729,77728,77729,1
sniffing,77737,77729,77737,8
walking,77757,77737,77757,20
sniffing,77849,77757,77849,92
right_turning,77852,77849,77852,3
sniffing,77949,77852,77949,97
walking,77961,77949,77961,12
sniffing,77997,77961,77997,36
rising,78009,77997,78009,12
climbing,78057,78009,78057,48
walking,78082,78057,78082,25
stepping,78145,78082,78145,63
sniffing,78170,78145,78170,25
stepping,78188,78170,78188,18
sniffing,78224,78188,78224,36
stepping,78264,78224,78264,40
sniffing,78322,78264,78322,58
stepping,78339,78322,78339,17
rising,78351,78339,78351,12
sniffing,78361,78351,78361,10
hunching,78451,78361,78451,90
left_turning,78470,78451,78470,19
walking,78528,78470,78528,58
sniffing,78586,78528,78586,58
stepping,78624,78586,78624,38
rising,78636,78624,78636,12
climbing,78684,78636,78684,48
walking,78728,78684,78728,44
running,78766,78728,78766,38
walking,78800,78766,78800,34
stepping,78818,78800,78818,18
sniffing,78947,78818,78947,129
right_turning,78967,78947,78967,20
sniffing,78988,78967,78988,21
stepping,79012,78988,79012,24
trotting,79046,79012,79046,34
sniffing,79062,79046,79062,16
climbing,79104,79062,79104,42
rearing,79182,79104,79182,78
stepping,79208,79182,79208,26
rising,79252,79208,79252,44
stepping,79273,79252,79273,21
walking,79340,79273,79340,67
sniffing,79341,79340,79341,1
right_turning,79379,79341,79379,38
rising,79381,79379,79381,2
sniffing,79403,79381,79403,22
stepping,79439,79403,79439,36
sniffing,79721,79439,79721,282
climbing,79722,79721,79722,1
grooming,79779,79722,79779,57
walking,79804,79779,79804,25
sniffing,79805,79804,79805,1
walking,79806,79805,79806,1
sniffing,79838,79806,79838,32
walking,79863,79838,79863,25
sniffing,79952,79863,79952,89
left_turning,79954,79952,79954,2
walking,79987,79954,79987,33
climbing,80052,79987,80052,65
rearing,80142,80052,80142,90
walking,80173,80142,80173,31
sniffing,80217,80173,80217,44
walking,80260,80217,80260,43
rising,80261,80260,80261,1
climbing,80291,80261,80291,30
trotting,80325,80291,80325,34
stepping,80367,80325,80367,42
sniffing,80526,80367,80526,159
stepping,80527,80526,80527,1
rising,80547,80527,80547,20
climbing,80594,80547,80594,47
stepping,80628,80594,80628,34
sniffing,80637,80628,80637,9
walking,80658,80637,80658,21
right_turning,80681,80658,80681,23
walking,80691,80681,80691,10
stepping,80694,80691,80694,3
sniffing,80739,80694,80739,45
left_turning,80740,80739,80740,1
walking,80786,80740,80786,46
trotting,80800,80786,80800,14
walking,80852,80800,80852,52
right_turning,80868,80852,80868,16
stepping,80902,80868,80902,34
sniffing,80903,80902,80903,1
stepping,80915,80903,80915,12
rearing,80916,80915,80916,1
sniffing,80979,80916,80979,63
stepping,81019,80979,81019,40
rising,81086,81019,81086,67
rearing,81199,81086,81199,113
grooming,81319,81199,81319,120
sniffing,81320,81319,81320,1
left_turning,81370,81320,81370,50
walking,81383,81370,81383,13
sniffing,81456,81383,81456,73
right_turning,81467,81456,81467,11
rising,81517,81467,81517,50
stepping,81527,81517,81527,10
sniffing,81553,81527,81553,26
grooming,81567,81553,81567,14
hunching,81598,81567,81598,31
grooming,81782,81598,81782,184
hunching,81821,81782,81821,39
grooming,81947,81821,81947,126
sniffing,82014,81947,82014,67
walking,82068,82014,82068,54
stepping,82127,82068,82127,59
trotting,82149,82127,82149,22
walking,82167,82149,82167,18
stepping,82168,82167,82168,1
sniffing,82202,82168,82202,34
grooming,82203,82202,82203,1
rearing,82271,82203,82271,68
rising,82304,82271,82304,33
sniffing,82362,82304,82362,58
walking,82386,82362,82386,24
sniffing,82434,82386,82434,48
walking,82435,82434,82435,1
stepping,82493,82435,82493,58
climbing,82519,82493,82519,26
rising,82584,82519,82584,65
rearing,82654,82584,82654,70
grooming,82746,82654,82746,92
rearing,82775,82746,82775,29
climbing,82851,82775,82851,76
left_turning,82886,82851,82886,35
stepping,82979,82886,82979,93
trotting,82997,82979,82997,18
stepping,83012,82997,83012,15
sniffing,83035,83012,83035,23
climbing,83070,83035,83070,35
left_turning,83291,83070,83291,221
sniffing,83397,83291,83397,106
rising,83409,83397,83409,12
sniffing,83410,83409,83410,1
grooming,83519,83410,83519,109
rising,83590,83519,83590,71
trotting,83615,83590,83615,25
walking,83621,83615,83621,6
rising,83657,83621,83657,36
stepping,83684,83657,83684,27
rising,83743,83684,83743,59
walking,83753,83743,83753,10
sniffing,83776,83753,83776,23
rearing,83806,83776,83806,30
climbing,83831,83806,83831,25
sniffing,83928,83831,83928,97
walking,83970,83928,83970,42
rearing,84056,83970,84056,86
grooming,84057,84056,84057,1
rising,84098,84057,84098,41
stepping,84135,84098,84135,37
walking,84150,84135,84150,15
sniffing,84151,84150,84151,1
walking,84169,84151,84169,18
sniffing,84220,84169,84220,51
walking,84225,84220,84225,5
stepping,84235,84225,84235,10
sniffing,84236,84235,84236,1
stepping,84271,84236,84271,35
trotting,84302,84271,84302,31
rearing,84323,84302,84323,21
running,84354,84323,84354,31
trotting,84374,84354,84374,20
stepping,84392,84374,84392,18
rising,84393,84392,84393,1
rearing,84394,84393,84394,1
left_turning,84425,84394,84425,31
walking,84429,84425,84429,4
sniffing,84462,84429,84462,33
walking,84497,84462,84497,35
rising,84639,84497,84639,142
climbing,84681,84639,84681,42
rearing,84792,84681,84792,111
hunching,84831,84792,84831,39
grooming,84951,84831,84951,120
rising,84981,84951,84981,30
grooming,84982,84981,84982,1
hunching,85068,84982,85068,86
rearing,85120,85068,85120,52
rising,85174,85120,85174,54
scratching,85264,85174,85264,90
sniffing,85347,85264,85347,83
stepping,85362,85347,85362,15
grooming,85363,85362,85363,1
rearing,85377,85363,85377,14
rising,85378,85377,85378,1
hunching,85430,85378,85430,52
rearing,85481,85430,85481,51
grooming,85762,85481,85762,281
sniffing,85777,85762,85777,15
grooming,85949,85777,85949,172
climbing,85993,85949,85993,44
trotting,86001,85993,86001,8
rising,86013,86001,86013,12
grooming,86366,86013,86366,353
left_turning,86367,86366,86367,1
sniffing,86433,86367,86433,66
running,86454,86433,86454,21
walking,86467,86454,86467,13
sniffing,86477,86467,86477,10
grooming,86671,86477,86671,194
sniffing,86688,86671,86688,17
grooming,86729,86688,86729,41
stepping,86771,86729,86771,42
climbing,86780,86771,86780,9
rearing,86781,86780,86781,1
grooming,86782,86781,86782,1
rearing,86934,86782,86934,152
grooming,87044,86934,87044,110
left_turning,87048,87044,87048,4
sniffing,87055,87048,87055,7
rearing,87106,87055,87106,51
hunching,87157,87106,87157,51
grooming,87158,87157,87158,1
stepping,87159,87158,87159,1
sniffing,87160,87159,87160,1
grooming,87174,87160,87174,14
hunching,87199,87174,87199,25
rearing,87366,87199,87366,167
walking,87453,87366,87453,87
sniffing,87520,87453,87520,67
rising,87566,87520,87566,46
sniffing,87772,87566,87772,206
rising,87824,87772,87824,52
rearing,87947,87824,87947,123
left_turning,87981,87947,87981,34
sniffing,88082,87981,88082,101
walking,88097,88082,88097,15
sniffing,88098,88097,88098,1
stepping,88128,88098,88128,30
sniffing,88298,88128,88298,170
walking,88309,88298,88309,11
sniffing,88315,88309,88315,6
stepping,88355,88315,88355,40
climbing,88389,88355,88389,34
left_turning,88400,88389,88400,11
walking,88447,88400,88447,47
sniffing,88459,88447,88459,12
left_turning,88472,88459,88472,13
rising,88492,88472,88492,20
stepping,88555,88492,88555,63
sniffing,88682,88555,88682,127
rearing,88719,88682,88719,37
grooming,88940,88719,88940,221
sniffing,89058,88940,89058,118
stepping,89090,89058,89090,32
trotting,89114,89090,89114,24
sniffing,89184,89114,89184,70
walking,89193,89184,89193,9
trotting,89210,89193,89210,17
stepping,89213,89210,89213,3
sniffing,89214,89213,89214,1
rearing,89215,89214,89215,1
left_turning,89287,89215,89287,72
walking,89299,89287,89299,12
grooming,89452,89299,89452,153
stepping,89470,89452,89470,18
rising,89502,89470,89502,32
walking,89514,89502,89514,12
rising,89618,89514,89618,104
grooming,89788,89618,89788,170
rising,89863,89788,89863,75
sniffing,89864,89863,89864,1
rising,89886,89864,89886,22
rearing,89978,89886,89978,92
stepping,90012,89978,90012,34
grooming,90300,90012,90300,288
rearing,90320,90300,90320,20
left_turning,90361,90320,90361,41
sniffing,90369,90361,90369,8
grooming,90384,90369,90384,15
rearing,90393,90384,90393,9
rising,90435,90393,90435,42
rearing,90548,90435,90548,113
left_turning,90557,90548,90557,9
sniffing,90593,90557,90593,36
right_turning,90622,90593,90622,29
stepping,90643,90622,90643,21
sniffing,90678,90643,90678,35
grooming,90679,90678,90679,1
rearing,90691,90679,90691,12
grooming,91080,90691,91080,389
left_turning,91129,91080,91129,49
stepping,91130,91129,91130,1
walking,91164,91130,91164,34
sniffing,91288,91164,91288,124
left_turning,91322,91288,91322,34
stepping,91342,91322,91342,20
walking,91343,91342,91343,1
sniffing,91344,91343,91344,1
rearing,91395,91344,91395,51
climbing,91520,91395,91520,125
sniffing,91686,91520,91686,166
stepping,91712,91686,91712,26
rising,91727,91712,91727,15
rearing,91783,91727,91783,56
grooming,91804,91783,91804,21
walking,91821,91804,91821,17
running,91834,91821,91834,13
trotting,91876,91834,91876,42
right_turning,91878,91876,91878,2
walking,91907,91878,91907,29
stepping,91908,91907,91908,1
rearing,91949,91908,91949,41
climbing,91978,91949,91978,29
walking,91986,91978,91986,8
sniffing,91987,91986,91987,1
climbing,92001,91987,92001,14
running,92015,92001,92015,14
walking,92016,92015,92016,1
sniffing,92089,92016,92089,73
stepping,92132,92089,92132,43
sniffing,92250,92132,92250,118
stepping,92277,92250,92277,27
sniffing,92294,92277,92294,17
walking,92299,92294,92299,5
hunching,92386,92299,92386,87
rearing,92471,92386,92471,85
walking,92513,92471,92513,42
left_turning,92579,92513,92579,66
stepping,92618,92579,92618,39
walking,92641,92618,92641,23
sniffing,92682,92641,92682,41
rearing,92739,92682,92739,57
grooming,93215,92739,93215,476
climbing,93228,93215,93228,13
grooming,93474,93228,93474,246
left_turning,93475,93474,93475,1
rising,93476,93475,93476,1
sniffing,93477,93476,93477,1
walking,93497,93477,93497,20
sniffing,93547,93497,93547,50
grooming,93573,93547,93573,26
rising,93601,93573,93601,28
sniffing,93623,93601,93623,22
grooming,93624,93623,93624,1
sniffing,93625,93624,93625,1
grooming,93688,93625,93688,63
rearing,93735,93688,93735,47
sniffing,93790,93735,93790,55
left_turning,93829,93790,93829,39
stepping,93865,93829,93865,36
left_turning,93884,93865,93884,19
rising,93898,93884,93898,14
sniffing,94036,93898,94036,138
rising,94038,94036,94038,2
grooming,94133,94038,94133,95
rearing,94183,94133,94183,50
climbing,94237,94183,94237,54
left_turning,94249,94237,94249,12
stepping,94258,94249,94258,9
walking,94312,94258,94312,54
trotting,94355,94312,94355,43
walking,94371,94355,94371,16
sniffing,94465,94371,94465,94
stepping,94498,94465,94498,33
sniffing,94527,94498,94527,29
walking,94562,94527,94562,35
sniffing,94622,94562,94622,60
stepping,94647,94622,94647,25
sniffing,94648,94647,94648,1
rising,94649,94648,94649,1
sniffing,94677,94649,94677,28
walking,94713,94677,94713,36
grooming,94928,94713,94928,215
scratching,95089,94928,95089,161
grooming,95417,95089,95417,328
sniffing,95459,95417,95459,42
stepping,95483,95459,95483,24
sniffing,95549,95483,95549,66
stepping,95572,95549,95572,23
sniffing,95597,95572,95597,25
grooming,95745,95597,95745,148
walking,95746,95745,95746,1
stepping,95768,95746,95768,22
sniffing,95787,95768,95787,19
stepping,95835,95787,95835,48
sniffing,95854,95835,95854,19
walking,95857,95854,95857,3
grooming,96055,95857,96055,198
rearing,96074,96055,96074,19
sniffing,96129,96074,96129,55
stepping,96178,96129,96178,49
left_turning,96179,96178,96179,1
walking,96188,96179,96188,9
rearing,96273,96188,96273,85
climbing,96362,96273,96362,89
walking,96385,96362,96385,23
sniffing,96386,96385,96386,1
stepping,96422,96386,96422,36
sniffing,96567,96422,96567,145
grooming,96576,96567,96576,9
left_turning,96590,96576,96590,14
sniffing,96730,96590,96730,140
grooming,96887,96730,96887,157
stepping,96896,96887,96896,9
sniffing,96932,96896,96932,36
rising,96990,96932,96990,58
sniffing,97005,96990,97005,15
right_turning,97020,97005,97020,15
trotting,97054,97020,97054,34
sniffing,97101,97054,97101,47
right_turning,97123,97101,97123,22
sniffing,97138,97123,97138,15
rising,97184,97138,97184,46
climbing,97195,97184,97195,11
rearing,97241,97195,97241,46
grooming,97242,97241,97242,1
sniffing,97305,97242,97305,63
stepping,97329,97305,97329,24
walking,97362,97329,97362,33
stepping,97371,97362,97371,9
grooming,97470,97371,97470,99
sniffing,97507,97470,97507,37
stepping,97540,97507,97540,33
rearing,97722,97540,97722,182
climbing,97787,97722,97787,65
rising,97820,97787,97820,33
sniffing,97984,97820,97984,164
grooming,97995,97984,97995,11
climbing,97998,97995,97998,3
stepping,98045,97998,98045,47
walking,98067,98045,98067,22
stepping,98102,98067,98102,35
rising,98112,98102,98112,10
sniffing,98255,98112,98255,143
right_turning,98266,98255,98266,11
walking,98272,98266,98272,6
stepping,98322,98272,98322,50
rising,98323,98322,98323,1
left_turning,98324,98323,98324,1
stepping,98334,98324,98334,10
sniffing,98416,98334,98416,82
stepping,98417,98416,98417,1
sniffing,98461,98417,98461,44
rising,98471,98461,98471,10
climbing,98488,98471,98488,17
grooming,98602,98488,98602,114
sniffing,98645,98602,98645,43
rearing,98731,98645,98731,86
grooming,98732,98731,98732,1
rearing,98815,98732,98815,83
rising,98816,98815,98816,1
climbing,98852,98816,98852,36
grooming,99686,98852,99686,834
left_turning,99704,99686,99704,18
rising,99705,99704,99705,1
rearing,99718,99705,99718,13
grooming,99906,99718,99906,188
walking,99928,99906,99928,22
climbing,99961,99928,99961,33
sniffing,99988,99961,99988,27
walking,100017,99988,100017,29
stepping,100042,100017,100042,25
sniffing,100131,100042,100131,89
walking,100182,100131,100182,51
sniffing,100236,100182,100236,54
walking,100287,100236,100287,51
rising,100362,100287,100362,75
grooming,100363,100362,100363,1
climbing,100394,100363,100394,31
left_turning,100454,100394,100454,60
stepping,100485,100454,100485,31
right_turning,100501,100485,100501,16
grooming,100593,100501,100593,92
sniffing,100761,100593,100761,168
left_turning,100762,100761,100762,1
walking,100793,100762,100793,31
sniffing,100904,100793,100904,111
rearing,100982,100904,100982,78
sniffing,100983,100982,100983,1
rearing,101037,100983,101037,54
sniffing,101062,101037,101062,25
rising,101065,101062,101065,3
left_turning,101089,101065,101089,24
stepping,101157,101089,101157,68
sniffing,101211,101157,101211,54
grooming,101507,101211,101507,296
scratching,101567,101507,101567,60
sniffing,101568,101567,101568,1
grooming,101784,101568,101784,216
scratching,101785,101784,101785,1
grooming,101860,101785,101860,75
scratching,101919,101860,101919,59
grooming,101984,101919,101984,65
right_turning,102024,101984,102024,40
sniffing,102108,102024,102108,84
walking,102124,102108,102124,16
sniffing,102138,102124,102138,14
stepping,102139,102138,102139,1
climbing,102144,102139,102144,5
grooming,102377,102144,102377,233
right_turning,102426,102377,102426,49
climbing,102470,102426,102470,44
sniffing,102489,102470,102489,19
stepping,102532,102489,102532,43
sniffing,102649,102532,102649,117
rising,102703,102649,102703,54
rearing,102704,102703,102704,1
grooming,103288,102704,103288,584
climbing,103289,103288,103289,1
rising,103290,103289,103290,1
grooming,103422,103290,103422,132
sniffing,103436,103422,103436,14
stepping,103501,103436,103501,65
sniffing,103516,103501,103516,15
walking,103558,103516,103558,42
stepping,103567,103558,103567,9
sniffing,103630,103567,103630,63
walking,103650,103630,103650,20
stepping,103652,103650,103652,2
walking,103662,103652,103662,10
sniffing,103754,103662,103754,92
left_turning,103769,103754,103769,15
walking,103789,103769,103789,20
sniffing,103906,103789,103906,117
grooming,104005,103906,104005,99
left_turning,104036,104005,104036,31
sniffing,104156,104036,104156,120
rising,104157,104156,104157,1
rearing,104231,104157,104231,74
sniffing,104342,104231,104342,111
rising,104354,104342,104354,12
rearing,104447,104354,104447,93
rising,104469,104447,104469,22
grooming,104470,104469,104470,1
trotting,104505,104470,104505,35
stepping,104564,104505,104564,59
sniffing,104565,104564,104565,1
walking,104572,104565,104572,7
stepping,104608,104572,104608,36
rising,104609,104608,104609,1
sniffing,104640,104609,104640,31
grooming,104968,104640,104968,328
sniffing,105032,104968,105032,64
stepping,105057,105032,105057,25
climbing,105144,105057,105144,87
rearing,105163,105144,105163,19
grooming,105198,105163,105198,35
rearing,105287,105198,105287,89
grooming,105425,105287,105425,138
hunching,105489,105425,105489,64
sniffing,105557,105489,105557,68
walking,105619,105557,105619,62
rising,105646,105619,105646,27
sniffing,105770,105646,105770,124
left_turning,105779,105770,105779,9
rising,105853,105779,105853,74
climbing,105914,105853,105914,61
walking,105943,105914,105943,29
sniffing,105969,105943,105969,26
climbing,106092,105969,106092,123
walking,106149,106092,106149,57
trotting,106175,106149,106175,26
sniffing,106226,106175,106226,51
walking,106258,106226,106258,32
stepping,106300,106258,106300,42
walking,106355,106300,106355,55
stepping,106356,106355,106356,1
sniffing,106357,106356,106357,1
grooming,106614,106357,106614,257
left_turning,106640,106614,106640,26
sniffing,106666,106640,106666,26
walking,106702,106666,106702,36
rising,106760,106702,106760,58
rearing,106811,106760,106811,51
hunching,106868,106811,106868,57
grooming,106978,106868,106978,110
rising,107013,106978,107013,35
sniffing,107085,107013,107085,72
walking,107097,107085,107097,12
stepping,107116,107097,107116,19
grooming,107240,107116,107240,124
sniffing,107287,107240,107287,47
rising,107301,107287,107301,14
sniffing,107302,107301,107302,1
rising,107343,107302,107343,41
sniffing,107477,107343,107477,134
walking,107490,107477,107490,13
sniffing,107510,107490,107510,20
left_turning,107542,107510,107542,32
rearing,107613,107542,107613,71
grooming,107614,107613,107614,1
sniffing,107666,107614,107666,52
left_turning,107682,107666,107682,16
climbing,107717,107682,107717,35
rising,107797,107717,107797,80
stepping,107836,107797,107836,39
sniffing,107892,107836,107892,56
rising,107893,107892,107893,1
climbing,107932,107893,107932,39
rearing,108000,107932,108000,68
