revised_movement_label,segBoundary,segBoundary_start,segBoundary_end,length
walking,30,0,30,30
climbing,72,30,72,42
walking,116,72,116,44
sniffing,172,116,172,56
rising,173,172,173,1
stepping,181,173,181,8
right_turning,213,181,213,32
running,246,213,246,33
trotting,280,246,280,34
walking,320,280,320,40
rising,330,320,330,10
stepping,364,330,364,34
left_turning,471,364,471,107
rising,495,471,495,24
sniffing,496,495,496,1
left_turning,516,496,516,20
sniffing,605,516,605,89
trotting,627,605,627,22
walking,696,627,696,69
left_turning,722,696,722,26
walking,723,722,723,1
rising,794,723,794,71
climbing,854,794,854,60
right_turning,855,854,855,1
running,874,855,874,19
walking,946,874,946,72
rising,991,946,991,45
walking,992,991,992,1
climbing,1067,992,1067,75
sniffing,1071,1067,1071,4
rising,1072,1071,1072,1
stepping,1135,1072,1135,63
climbing,1190,1135,1190,55
trotting,1211,1190,1211,21
walking,1229,1211,1229,18
right_turning,1286,1229,1286,57
walking,1287,1286,1287,1
sniffing,1586,1287,1586,299
walking,1693,1586,1693,107
sniffing,1694,1693,1694,1
rising,1695,1694,1695,1
right_turning,1752,1695,1752,57
trotting,1764,1752,1764,12
sniffing,1894,1764,1894,130
climbing,1925,1894,1925,31
walking,1981,1925,1981,56
sniffing,2223,1981,2223,242
right_turning,2224,2223,2224,1
sniffing,2225,2224,2225,1
rising,2246,2225,2246,21
sniffing,2293,2246,2293,47
rising,2294,2293,2294,1
grooming,2475,2294,2475,181
rearing,2589,2475,2589,114
rising,2606,2589,2606,17
grooming,2672,2606,2672,66
rearing,2703,2672,2703,31
left_turning,2775,2703,2775,72
walking,2786,2775,2786,11
sniffing,2787,2786,2787,1
walking,2803,2787,2803,16
trotting,2835,2803,2835,32
rising,2844,2835,2844,9
walking,2864,2844,2864,20
sniffing,2865,2864,2865,1
climbing,2918,2865,2918,53
walking,2919,2918,2919,1
climbing,2955,2919,2955,36
left_turning,2987,2955,2987,32
sniffing,3061,2987,3061,74
climbing,3095,3061,3095,34
sniffing,3103,3095,3103,8
climbing,3127,3103,3127,24
sniffing,3271,3127,3271,144
climbing,3360,3271,3360,89
sniffing,3421,3360,3421,61
grooming,3495,3421,3495,74
climbing,3544,3495,3544,49
sniffing,3682,3544,3682,138
walking,3690,3682,3690,8
sniffing,3755,3690,3755,65
climbing,3772,3755,3772,17
sniffing,3857,3772,3857,85
left_turning,3891,3857,3891,34
walking,3996,3891,3996,105
climbing,4032,3996,4032,36
sniffing,4125,4032,4125,93
rising,4128,4125,4128,3
rearing,4134,4128,4134,6
climbing,4175,4134,4175,41
sniffing,4185,4175,4185,10
climbing,4197,4185,4197,12
sniffing,4267,4197,4267,70
right_turning,4326,4267,4326,59
walking,4409,4326,4409,83
sniffing,4443,4409,4443,34
left_turning,4530,4443,4530,87
trotting,4552,4530,4552,22
walking,4617,4552,4617,65
sniffing,4618,4617,4618,1
walking,4693,4618,4693,75
running,4735,4693,4735,42
rising,4770,4735,4770,35
left_turning,4860,4770,4860,90
sniffing,4912,4860,4912,52
walking,4974,4912,4974,62
rising,5025,4974,5025,51
climbing,5073,5025,5073,48
rearing,5107,5073,5107,34
climbing,5157,5107,5157,50
sniffing,5495,5157,5495,338
rising,5528,5495,5528,33
climbing,5582,5528,5582,54
rising,5622,5582,5622,40
climbing,5645,5622,5645,23
sniffing,5646,5645,5646,1
walking,5675,5646,5675,29
rising,5724,5675,5724,49
climbing,5755,5724,5755,31
sniffing,5762,5755,5762,7
rearing,5769,5762,5769,7
sniffing,5820,5769,5820,51
walking,5908,5820,5908,88
left_turning,5909,5908,5909,1
walking,5962,5909,5962,53
sniffing,6044,5962,6044,82
rising,6086,6044,6086,42
left_turning,6120,6086,6120,34
sniffing,6149,6120,6149,29
rising,6194,6149,6194,45
climbing,6275,6194,6275,81
right_turning,6289,6275,6289,14
walking,6290,6289,6290,1
rising,6362,6290,6362,72
grooming,6503,6362,6503,141
right_turning,6531,6503,6531,28
rising,6540,6531,6540,9
climbing,6704,6540,6704,164
sniffing,6713,6704,6713,9
trotting,6780,6713,6780,67
sniffing,7241,6780,7241,461
walking,7270,7241,7270,29
sniffing,7294,7270,7294,24
right_turning,7325,7294,7325,31
trotting,7350,7325,7350,25
walking,7368,7350,7368,18
sniffing,7369,7368,7369,1
rising,7423,7369,7423,54
walking,7428,7423,7428,5
climbing,7525,7428,7525,97
rising,7526,7525,7526,1
climbing,7563,7526,7563,37
rising,7639,7563,7639,76
stepping,7781,7639,7781,142
climbing,7827,7781,7827,46
walking,7955,7827,7955,128
running,7972,7955,7972,17
sniffing,8012,7972,8012,40
walking,8048,8012,8048,36
trotting,8082,8048,8082,34
sniffing,8103,8082,8103,21
hunching,8139,8103,8139,36
sniffing,8192,8139,8192,53
trotting,8280,8192,8280,88
rising,8305,8280,8305,25
climbing,8346,8305,8346,41
sniffing,8416,8346,8416,70
climbing,8478,8416,8478,62
sniffing,8490,8478,8490,12
rising,8524,8490,8524,34
climbing,8566,8524,8566,42
sniffing,8720,8566,8720,154
rising,8722,8720,8722,2
stepping,8784,8722,8784,62
rising,8840,8784,8840,56
walking,8947,8840,8947,107
sniffing,9018,8947,9018,71
left_turning,9038,9018,9038,20
sniffing,9067,9038,9067,29
walking,9068,9067,9068,1
sniffing,9181,9068,9181,113
walking,9182,9181,9182,1
sniffing,9226,9182,9226,44
climbing,9372,9226,9372,146
rising,9394,9372,9394,22
climbing,9508,9394,9508,114
left_turning,9509,9508,9509,1
sniffing,9588,9509,9588,79
walking,9605,9588,9605,17
sniffing,9686,9605,9686,81
right_turning,9725,9686,9725,39
stepping,9761,9725,9761,36
sniffing,10136,9761,10136,375
walking,10137,10136,10137,1
climbing,10171,10137,10171,34
trotting,10175,10171,10175,4
stepping,10209,10175,10209,34
rising,10219,10209,10219,10
sniffing,10220,10219,10220,1
rising,10250,10220,10250,30
climbing,10322,10250,10322,72
rearing,10372,10322,10372,50
rising,10435,10372,10435,63
rearing,10490,10435,10490,55
sniffing,10491,10490,10491,1
trotting,10563,10491,10563,72
rising,10588,10563,10588,25
sniffing,10592,10588,10592,4
climbing,10633,10592,10633,41
stepping,10679,10633,10679,46
running,10702,10679,10702,23
sniffing,10703,10702,10703,1
left_turning,10725,10703,10725,22
sniffing,10726,10725,10726,1
walking,10780,10726,10780,54
rising,10821,10780,10821,41
climbing,10873,10821,10873,52
right_turning,10877,10873,10877,4
running,10893,10877,10893,16
sniffing,10894,10893,10894,1
rising,10903,10894,10903,9
climbing,10962,10903,10962,59
sniffing,11012,10962,11012,50
rising,11043,11012,11043,31
climbing,11044,11043,11044,1
rising,11093,11044,11093,49
climbing,11134,11093,11134,41
sniffing,11239,11134,11239,105
rising,11256,11239,11256,17
left_turning,11274,11256,11274,18
sniffing,11275,11274,11275,1
rising,11317,11275,11317,42
climbing,11357,11317,11357,40
rearing,11485,11357,11485,128
grooming,11528,11485,11528,43
sniffing,11752,11528,11752,224
stepping,11811,11752,11811,59
climbing,11853,11811,11853,42
trotting,11892,11853,11892,39
walking,12020,11892,12020,128
rising,12021,12020,12021,1
rearing,12075,12021,12075,54
climbing,12139,12075,12139,64
walking,12178,12139,12178,39
sniffing,12240,12178,12240,62
right_turning,12285,12240,12285,45
rising,12349,12285,12349,64
sniffing,12376,12349,12376,27
grooming,12377,12376,12377,1
sniffing,12445,12377,12445,68
climbing,12505,12445,12505,60
sniffing,12507,12505,12507,2
walking,12508,12507,12508,1
sniffing,12594,12508,12594,86
climbing,12673,12594,12673,79
rearing,12720,12673,12720,47
grooming,12759,12720,12759,39
hunching,12821,12759,12821,62
sniffing,12909,12821,12909,88
climbing,12958,12909,12958,49
sniffing,12959,12958,12959,1
climbing,13094,12959,13094,135
rearing,13131,13094,13131,37
walking,13154,13131,13154,23
sniffing,13162,13154,13162,8
rising,13207,13162,13207,45
climbing,13213,13207,13213,6
walking,13286,13213,13286,73
sniffing,13322,13286,13322,36
walking,13323,13322,13323,1
right_turning,13364,13323,13364,41
stepping,13379,13364,13379,15
left_turning,13445,13379,13445,66
walking,13518,13445,13518,73
sniffing,13604,13518,13604,86
trotting,13624,13604,13624,20
sniffing,13667,13624,13667,43
pausing,13847,13667,13847,180
sniffing,13848,13847,13848,1
walking,13889,13848,13889,41
sniffing,13937,13889,13937,48
left_turning,13957,13937,13957,20
walking,14029,13957,14029,72
sniffing,14030,14029,14030,1
rising,14077,14030,14077,47
sniffing,14125,14077,14125,48
walking,14197,14125,14197,72
left_turning,14224,14197,14224,27
trotting,14281,14224,14281,57
sniffing,14285,14281,14285,4
rising,14286,14285,14286,1
hunching,14317,14286,14317,31
climbing,14368,14317,14368,51
sniffing,14427,14368,14427,59
left_turning,14483,14427,14483,56
sniffing,14519,14483,14519,36
stepping,14539,14519,14539,20
sniffing,14564,14539,14564,25
walking,14573,14564,14573,9
sniffing,14575,14573,14575,2
left_turning,14631,14575,14631,56
climbing,14632,14631,14632,1
rising,14633,14632,14633,1
sniffing,14641,14633,14641,8
rising,14720,14641,14720,79
sniffing,14748,14720,14748,28
climbing,14773,14748,14773,25
walking,14851,14773,14851,78
left_turning,14876,14851,14876,25
rising,14877,14876,14877,1
sniffing,14962,14877,14962,85
hunching,15003,14962,15003,41
sniffing,15026,15003,15026,23
right_turning,15071,15026,15071,45
walking,15132,15071,15132,61
sniffing,15210,15132,15210,78
rising,15224,15210,15224,14
climbing,15278,15224,15278,54
walking,15326,15278,15326,48
sniffing,15453,15326,15453,127
walking,15497,15453,15497,44
sniffing,15498,15497,15498,1
climbing,15595,15498,15595,97
right_turning,15625,15595,15625,30
trotting,15688,15625,15688,63
stepping,15753,15688,15753,65
right_turning,15799,15753,15799,46
sniffing,15812,15799,15812,13
left_turning,15827,15812,15827,15
sniffing,15877,15827,15877,50
running,15879,15877,15879,2
walking,15924,15879,15924,45
rising,16015,15924,16015,91
left_turning,16078,16015,16078,63
sniffing,16158,16078,16158,80
rising,16219,16158,16219,61
stepping,16283,16219,16283,64
sniffing,16330,16283,16330,47
left_turning,16370,16330,16370,40
sniffing,16371,16370,16371,1
left_turning,16442,16371,16442,71
sniffing,16457,16442,16457,15
rising,16458,16457,16458,1
climbing,16512,16458,16512,54
trotting,16531,16512,16531,19
stepping,16714,16531,16714,183
climbing,16715,16714,16715,1
sniffing,16755,16715,16755,40
rising,16837,16755,16837,82
left_turning,16852,16837,16852,15
walking,16877,16852,16877,25
stepping,16905,16877,16905,28
walking,16971,16905,16971,66
climbing,17024,16971,17024,53
sniffing,17123,17024,17123,99
walking,17124,17123,17124,1
sniffing,17125,17124,17125,1
right_turning,17180,17125,17180,55
stepping,17246,17180,17246,66
running,17255,17246,17255,9
walking,17309,17255,17309,54
rising,17321,17309,17321,12
climbing,17363,17321,17363,42
walking,17426,17363,17426,63
climbing,17490,17426,17490,64
right_turning,17491,17490,17491,1
sniffing,17542,17491,17542,51
rising,17543,17542,17543,1
walking,17614,17543,17614,71
stepping,17623,17614,17623,9
walking,17677,17623,17677,54
sniffing,17762,17677,17762,85
left_turning,17811,17762,17811,49
running,17827,17811,17827,16
sniffing,17848,17827,17848,21
stepping,17910,17848,17910,62
rising,17933,17910,17933,23
climbing,17971,17933,17971,38
sniffing,18031,17971,18031,60
walking,18077,18031,18077,46
sniffing,18202,18077,18202,125
walking,18232,18202,18232,30
climbing,18307,18232,18307,75
running,18336,18307,18336,29
sniffing,18597,18336,18597,261
right_turning,18633,18597,18633,36
walking,18651,18633,18651,18
climbing,18752,18651,18752,101
rising,18755,18752,18755,3
climbing,18830,18755,18830,75
rising,18850,18830,18850,20
climbing,18891,18850,18891,41
rearing,18930,18891,18930,39
sniffing,18931,18930,18931,1
right_turning,18932,18931,18932,1
trotting,18933,18932,18933,1
walking,19002,18933,19002,69
rising,19085,19002,19085,83
sniffing,19230,19085,19230,145
climbing,19285,19230,19285,55
hunching,19337,19285,19337,52
sniffing,19338,19337,19338,1
walking,19427,19338,19427,89
left_turning,19432,19427,19432,5
trotting,19457,19432,19457,25
sniffing,19697,19457,19697,240
right_turning,19711,19697,19711,14
walking,19752,19711,19752,41
rising,19766,19752,19766,14
walking,19790,19766,19790,24
sniffing,19934,19790,19934,144
rising,19953,19934,19953,19
left_turning,19954,19953,19954,1
walking,20002,19954,20002,48
stepping,20028,20002,20028,26
climbing,20030,20028,20030,2
walking,20089,20030,20089,59
left_turning,20155,20089,20155,66
walking,20156,20155,20156,1
right_turning,20158,20156,20158,2
walking,20159,20158,20159,1
climbing,20211,20159,20211,52
running,20242,20211,20242,31
sniffing,20275,20242,20275,33
left_turning,20276,20275,20276,1
walking,20277,20276,20277,1
sniffing,20316,20277,20316,39
rising,20332,20316,20332,16
climbing,20377,20332,20377,45
sniffing,20378,20377,20378,1
walking,20440,20378,20440,62
sniffing,20465,20440,20465,25
walking,20544,20465,20544,79
rising,20558,20544,20558,14
climbing,20581,20558,20581,23
running,20625,20581,20625,44
trotting,20649,20625,20649,24
walking,20702,20649,20702,53
left_turning,20757,20702,20757,55
sniffing,20758,20757,20758,1
right_turning,20834,20758,20834,76
walking,20901,20834,20901,67
sniffing,20911,20901,20911,10
climbing,20912,20911,20912,1
hunching,20913,20912,20913,1
walking,20945,20913,20945,32
sniffing,20946,20945,20946,1
walking,20955,20946,20955,9
sniffing,21059,20955,21059,104
climbing,21121,21059,21121,62
sniffing,21168,21121,21168,47
climbing,21215,21168,21215,47
left_turning,21275,21215,21275,60
sniffing,21279,21275,21279,4
climbing,21445,21279,21445,166
rearing,21632,21445,21632,187
trotting,21653,21632,21653,21
left_turning,21690,21653,21690,37
sniffing,21753,21690,21753,63
trotting,21779,21753,21779,26
walking,21795,21779,21795,16
sniffing,21827,21795,21827,32
stepping,21842,21827,21842,15
sniffing,21867,21842,21867,25
left_turning,21893,21867,21893,26
walking,21965,21893,21965,72
sniffing,22066,21965,22066,101
left_turning,22157,22066,22157,91
running,22169,22157,22169,12
walking,22261,22169,22261,92
sniffing,22484,22261,22484,223
grooming,22485,22484,22485,1
right_turning,22533,22485,22533,48
walking,22576,22533,22576,43
sniffing,22596,22576,22596,20
walking,22699,22596,22699,103
sniffing,22700,22699,22700,1
trotting,22711,22700,22711,11
sniffing,22752,22711,22752,41
climbing,22803,22752,22803,51
walking,22820,22803,22820,17
rising,22848,22820,22848,28
grooming,22849,22848,22849,1
stepping,22859,22849,22859,10
sniffing,22928,22859,22928,69
trotting,22973,22928,22973,45
sniffing,23041,22973,23041,68
stepping,23092,23041,23092,51
walking,23138,23092,23138,46
rising,23140,23138,23140,2
walking,23265,23140,23265,125
rising,23289,23265,23289,24
sniffing,23290,23289,23290,1
trotting,23328,23290,23328,38
climbing,23329,23328,23329,1
rearing,23330,23329,23330,1
climbing,23438,23330,23438,108
left_turning,23490,23438,23490,52
sniffing,23541,23490,23541,51
left_turning,23571,23541,23571,30
sniffing,23720,23571,23720,149
right_turning,23761,23720,23761,41
stepping,23795,23761,23795,34
left_turning,23817,23795,23817,22
trotting,23863,23817,23863,46
sniffing,23864,23863,23864,1
climbing,23956,23864,23956,92
sniffing,24004,23956,24004,48
trotting,24023,24004,24023,19
walking,24041,24023,24041,18
rising,24044,24041,24044,3
climbing,24090,24044,24090,46
sniffing,24138,24090,24138,48
walking,24156,24138,24156,18
rising,24218,24156,24218,62
left_turning,24300,24218,24300,82
sniffing,24401,24300,24401,101
grooming,24411,24401,24411,10
sniffing,24549,24411,24549,138
climbing,24628,24549,24628,79
walking,24669,24628,24669,41
rising,24715,24669,24715,46
walking,24763,24715,24763,48
climbing,24807,24763,24807,44
walking,24832,24807,24832,25
sniffing,24833,24832,24833,1
trotting,24899,24833,24899,66
walking,24925,24899,24925,26
rising,24939,24925,24939,14
climbing,24943,24939,24943,4
right_turning,24972,24943,24972,29
walking,25007,24972,25007,35
sniffing,25090,25007,25090,83
rising,25098,25090,25098,8
stepping,25161,25098,25161,63
sniffing,25226,25161,25226,65
climbing,25336,25226,25336,110
right_turning,25367,25336,25367,31
running,25401,25367,25401,34
stepping,25429,25401,25429,28
sniffing,25430,25429,25430,1
walking,25491,25430,25491,61
stepping,25547,25491,25547,56
climbing,25548,25547,25548,1
running,25549,25548,25549,1
rising,25552,25549,25552,3
grooming,25553,25552,25553,1
climbing,25613,25553,25613,60
sniffing,25738,25613,25738,125
stepping,25781,25738,25781,43
sniffing,25783,25781,25783,2
walking,25836,25783,25836,53
left_turning,25862,25836,25862,26
walking,25909,25862,25909,47
sniffing,25941,25909,25941,32
trotting,25942,25941,25942,1
stepping,25948,25942,25948,6
rising,26028,25948,26028,80
sniffing,26062,26028,26062,34
left_turning,26175,26062,26175,113
sniffing,26184,26175,26184,9
left_turning,26203,26184,26203,19
sniffing,26204,26203,26204,1
climbing,26205,26204,26205,1
sniffing,26235,26205,26235,30
rising,26248,26235,26248,13
climbing,26263,26248,26263,15
sniffing,26313,26263,26313,50
walking,26341,26313,26341,28
sniffing,26346,26341,26346,5
climbing,26435,26346,26435,89
rising,26469,26435,26469,34
rearing,26470,26469,26470,1
sniffing,26528,26470,26528,58
walking,26558,26528,26558,30
sniffing,26568,26558,26568,10
walking,26646,26568,26646,78
sniffing,26713,26646,26713,67
walking,26754,26713,26754,41
stepping,26791,26754,26791,37
sniffing,26912,26791,26912,121
trotting,26913,26912,26913,1
climbing,26988,26913,26988,75
walking,27034,26988,27034,46
right_turning,27066,27034,27066,32
rising,27067,27066,27067,1
rearing,27205,27067,27205,138
right_turning,27241,27205,27241,36
walking,27271,27241,27271,30
left_turning,27272,27271,27272,1
sniffing,27339,27272,27339,67
stepping,27406,27339,27406,67
walking,27468,27406,27468,62
sniffing,27542,27468,27542,74
trotting,27575,27542,27575,33
sniffing,27587,27575,27587,12
walking,27588,27587,27588,1
rising,27621,27588,27621,33
sniffing,27682,27621,27682,61
rising,27727,27682,27727,45
rearing,27736,27727,27736,9
grooming,27737,27736,27737,1
walking,27740,27737,27740,3
sniffing,27771,27740,27771,31
rearing,27842,27771,27842,71
walking,27954,27842,27954,112
sniffing,28063,27954,28063,109
rising,28076,28063,28076,13
climbing,28126,28076,28126,50
rearing,28157,28126,28157,31
walking,28160,28157,28160,3
climbing,28198,28160,28198,38
hunching,28253,28198,28253,55
rising,28263,28253,28263,10
climbing,28296,28263,28296,33
walking,28334,28296,28334,38
rising,28367,28334,28367,33
hunching,28383,28367,28383,16
climbing,28452,28383,28452,69
rising,28455,28452,28455,3
sniffing,28456,28455,28456,1
walking,28471,28456,28471,15
left_turning,28551,28471,28551,80
walking,28604,28551,28604,53
sniffing,28727,28604,28727,123
right_turning,28765,28727,28765,38
trotting,28794,28765,28794,29
rising,28858,28794,28858,64
right_turning,28878,28858,28878,20
walking,28899,28878,28899,21
sniffing,28951,28899,28951,52
walking,28973,28951,28973,22
sniffing,29106,28973,29106,133
left_turning,29124,29106,29124,18
sniffing,29233,29124,29233,109
rearing,29361,29233,29361,128
trotting,29398,29361,29398,37
rising,29399,29398,29399,1
jumping,29535,29399,29535,136
left_turning,29585,29535,29585,50
stepping,29641,29585,29641,56
left_turning,29689,29641,29689,48
sniffing,29766,29689,29766,77
left_turning,29794,29766,29794,28
sniffing,29890,29794,29890,96
rising,29921,29890,29921,31
sniffing,29959,29921,29959,38
right_turning,29990,29959,29990,31
walking,30053,29990,30053,63
rising,30095,30053,30095,42
rearing,30112,30095,30112,17
walking,30134,30112,30134,22
climbing,30142,30134,30142,8
sniffing,30201,30142,30201,59
rising,30244,30201,30244,43
sniffing,30245,30244,30245,1
rearing,30270,30245,30270,25
climbing,30307,30270,30307,37
sniffing,30346,30307,30346,39
rising,30347,30346,30347,1
sniffing,30348,30347,30348,1
walking,30418,30348,30418,70
sniffing,30430,30418,30430,12
walking,30496,30430,30496,66
sniffing,30649,30496,30649,153
right_turning,30690,30649,30690,41
sniffing,30691,30690,30691,1
rising,30706,30691,30706,15
rearing,30771,30706,30771,65
sniffing,30801,30771,30801,30
pausing,31066,30801,31066,265
sniffing,31190,31066,31190,124
walking,31191,31190,31191,1
sniffing,31508,31191,31508,317
climbing,31560,31508,31560,52
rearing,31715,31560,31715,155
climbing,31769,31715,31769,54
rising,31814,31769,31814,45
sniffing,31867,31814,31867,53
left_turning,31907,31867,31907,40
rising,31933,31907,31933,26
climbing,31987,31933,31987,54
sniffing,32109,31987,32109,122
walking,32115,32109,32115,6
climbing,32154,32115,32154,39
rearing,32191,32154,32191,37
left_turning,32263,32191,32263,72
sniffing,32342,32263,32342,79
stepping,32371,32342,32371,29
sniffing,32407,32371,32407,36
hunching,32418,32407,32418,11
sniffing,32517,32418,32517,99
right_turning,32570,32517,32570,53
trotting,32594,32570,32594,24
stepping,32626,32594,32626,32
walking,32652,32626,32652,26
left_turning,32653,32652,32653,1
climbing,32673,32653,32673,20
left_turning,32674,32673,32674,1
sniffing,32844,32674,32844,170
left_turning,32845,32844,32845,1
walking,32892,32845,32892,47
sniffing,32978,32892,32978,86
walking,33082,32978,33082,104
stepping,33104,33082,33104,22
walking,33154,33104,33154,50
sniffing,33161,33154,33161,7
grooming,33309,33161,33309,148
rearing,33346,33309,33346,37
walking,33347,33346,33347,1
rising,33360,33347,33360,13
left_turning,33364,33360,33364,4
sniffing,33480,33364,33480,116
right_turning,33502,33480,33502,22
walking,33503,33502,33503,1
left_turning,33529,33503,33529,26
climbing,33618,33529,33618,89
walking,33755,33618,33755,137
left_turning,33771,33755,33771,16
sniffing,33784,33771,33784,13
right_turning,33785,33784,33785,1
running,33809,33785,33809,24
rising,33856,33809,33856,47
climbing,33892,33856,33892,36
grooming,33893,33892,33893,1
sniffing,33896,33893,33896,3
walking,33962,33896,33962,66
sniffing,33963,33962,33963,1
rising,34033,33963,34033,70
climbing,34079,34033,34079,46
walking,34094,34079,34094,15
sniffing,34157,34094,34157,63
walking,34201,34157,34201,44
trotting,34245,34201,34245,44
sniffing,34304,34245,34304,59
walking,34343,34304,34343,39
left_turning,34405,34343,34405,62
walking,34439,34405,34439,34
climbing,34527,34439,34527,88
rising,34542,34527,34542,15
sniffing,34549,34542,34549,7
left_turning,34566,34549,34566,17
sniffing,34634,34566,34634,68
stepping,34695,34634,34695,61
climbing,34791,34695,34791,96
walking,34816,34791,34816,25
sniffing,34873,34816,34873,57
left_turning,34919,34873,34919,46
trotting,34956,34919,34956,37
sniffing,35028,34956,35028,72
rising,35065,35028,35065,37
sniffing,35258,35065,35258,193
left_turning,35282,35258,35282,24
sniffing,35334,35282,35334,52
walking,35421,35334,35421,87
sniffing,35465,35421,35465,44
stepping,35508,35465,35508,43
walking,35553,35508,35553,45
sniffing,35554,35553,35554,1
running,35568,35554,35568,14
walking,35569,35568,35569,1
rising,35581,35569,35581,12
climbing,35624,35581,35624,43
hunching,35626,35624,35626,2
climbing,35746,35626,35746,120
grooming,35747,35746,35747,1
sniffing,35909,35747,35909,162
grooming,36243,35909,36243,334
sniffing,36315,36243,36315,72
left_turning,36371,36315,36371,56
stepping,36381,36371,36381,10
sniffing,36608,36381,36608,227
climbing,36657,36608,36657,49
rising,36702,36657,36702,45
climbing,36718,36702,36718,16
hunching,36720,36718,36720,2
climbing,36721,36720,36721,1
rising,36771,36721,36771,50
sniffing,36772,36771,36772,1
left_turning,36773,36772,36773,1
rising,36796,36773,36796,23
trotting,36815,36796,36815,19
sniffing,36816,36815,36816,1
stepping,36817,36816,36817,1
walking,36884,36817,36884,67
sniffing,36885,36884,36885,1
walking,36886,36885,36886,1
sniffing,36979,36886,36979,93
rearing,37027,36979,37027,48
sniffing,37028,37027,37028,1
climbing,37096,37028,37096,68
sniffing,37131,37096,37131,35
rising,37138,37131,37138,7
right_turning,37139,37138,37139,1
rearing,37194,37139,37194,55
rising,37228,37194,37228,34
left_turning,37231,37228,37231,3
trotting,37248,37231,37248,17
walking,37249,37248,37249,1
sniffing,37254,37249,37254,5
walking,37297,37254,37297,43
sniffing,37358,37297,37358,61
walking,37401,37358,37401,43
sniffing,37551,37401,37551,150
rearing,37612,37551,37612,61
walking,37691,37612,37691,79
rising,37692,37691,37692,1
sniffing,37756,37692,37756,64
stepping,37829,37756,37829,73
hunching,37862,37829,37862,33
rearing,37882,37862,37882,20
grooming,37953,37882,37953,71
right_turning,38017,37953,38017,64
walking,38034,38017,38034,17
climbing,38035,38034,38035,1
hunching,38050,38035,38050,15
grooming,38051,38050,38051,1
rearing,38052,38051,38052,1
climbing,38064,38052,38064,12
sniffing,38073,38064,38073,9
rising,38141,38073,38141,68
walking,38149,38141,38149,8
sniffing,38311,38149,38311,162
hunching,38357,38311,38357,46
sniffing,38415,38357,38415,58
walking,38473,38415,38473,58
left_turning,38516,38473,38516,43
sniffing,38650,38516,38650,134
climbing,38651,38650,38651,1
trotting,38668,38651,38668,17
sniffing,38771,38668,38771,103
rearing,38815,38771,38815,44
running,38857,38815,38857,42
stepping,38890,38857,38890,33
climbing,39006,38890,39006,116
rising,39025,39006,39025,19
walking,39102,39025,39102,77
sniffing,39177,39102,39177,75
left_turning,39187,39177,39187,10
sniffing,39259,39187,39259,72
climbing,39318,39259,39318,59
sniffing,39350,39318,39350,32
rearing,39351,39350,39351,1
grooming,39467,39351,39467,116
climbing,39552,39467,39552,85
rising,39611,39552,39611,59
rearing,39638,39611,39638,27
rising,39645,39638,39645,7
sniffing,39734,39645,39734,89
left_turning,39746,39734,39746,12
rising,39840,39746,39840,94
sniffing,39841,39840,39841,1
rising,39849,39841,39849,8
climbing,39914,39849,39914,65
right_turning,39949,39914,39949,35
trotting,39974,39949,39974,25
left_turning,40023,39974,40023,49
sniffing,40039,40023,40039,16
walking,40096,40039,40096,57
stepping,40139,40096,40139,43
walking,40199,40139,40199,60
rising,40200,40199,40200,1
sniffing,40245,40200,40245,45
right_turning,40251,40245,40251,6
trotting,40272,40251,40272,21
right_turning,40290,40272,40290,18
walking,40291,40290,40291,1
sniffing,40366,40291,40366,75
grooming,40472,40366,40472,106
walking,40492,40472,40492,20
sniffing,40493,40492,40493,1
rising,40531,40493,40531,38
sniffing,40777,40531,40777,246
rearing,40825,40777,40825,48
climbing,40928,40825,40928,103
right_turning,40933,40928,40933,5
stepping,40963,40933,40963,30
rearing,40964,40963,40964,1
sniffing,41047,40964,41047,83
rising,41128,41047,41128,81
sniffing,41129,41128,41129,1
rising,41186,41129,41186,57
climbing,41287,41186,41287,101
walking,41307,41287,41307,20
trotting,41359,41307,41359,52
sniffing,41360,41359,41360,1
stepping,41446,41360,41446,86
climbing,41463,41446,41463,17
right_turning,41486,41463,41486,23
sniffing,41494,41486,41494,8
climbing,41514,41494,41514,20
rising,41529,41514,41529,15
climbing,41588,41529,41588,59
sniffing,41589,41588,41589,1
left_turning,41596,41589,41596,7
trotting,41632,41596,41632,36
left_turning,41650,41632,41650,18
sniffing,41778,41650,41778,128
rising,41779,41778,41779,1
sniffing,41815,41779,41815,36
left_turning,41842,41815,41842,27
trotting,41843,41842,41843,1
stepping,41862,41843,41862,19
climbing,41954,41862,41954,92
walking,41956,41954,41956,2
rising,42010,41956,42010,54
climbing,42014,42010,42014,4
rearing,42103,42014,42103,89
right_turning,42158,42103,42158,55
grooming,42230,42158,42230,72
rearing,42231,42230,42231,1
sniffing,42327,42231,42327,96
rising,42372,42327,42372,45
climbing,42470,42372,42470,98
trotting,42481,42470,42481,11
climbing,42549,42481,42549,68
right_turning,42550,42549,42550,1
rising,42555,42550,42555,5
climbing,42647,42555,42647,92
grooming,42820,42647,42820,173
right_turning,42843,42820,42843,23
walking,42857,42843,42857,14
sniffing,42987,42857,42987,130
rising,43081,42987,43081,94
climbing,43122,43081,43122,41
walking,43148,43122,43148,26
sniffing,43149,43148,43149,1
grooming,43266,43149,43266,117
hunching,43344,43266,43344,78
right_turning,43366,43344,43366,22
rising,43367,43366,43367,1
stepping,43422,43367,43422,55
climbing,43474,43422,43474,52
rising,43475,43474,43475,1
climbing,43573,43475,43573,98
trotting,43579,43573,43579,6
sniffing,43676,43579,43676,97
right_turning,43724,43676,43724,48
rearing,43725,43724,43725,1
trotting,43735,43725,43735,10
climbing,43774,43735,43774,39
rearing,43803,43774,43803,29
grooming,43911,43803,43911,108
sniffing,44013,43911,44013,102
climbing,44048,44013,44048,35
running,44071,44048,44071,23
sniffing,44096,44071,44096,25
rising,44113,44096,44113,17
climbing,44163,44113,44163,50
walking,44210,44163,44210,47
running,44251,44210,44251,41
left_turning,44254,44251,44254,3
walking,44262,44254,44262,8
sniffing,44292,44262,44292,30
climbing,44330,44292,44330,38
rising,44352,44330,44352,22
left_turning,44373,44352,44373,21
sniffing,44374,44373,44374,1
walking,44421,44374,44421,47
climbing,44479,44421,44479,58
sniffing,44591,44479,44591,112
right_turning,44628,44591,44628,37
walking,44641,44628,44641,13
sniffing,44695,44641,44695,54
walking,44760,44695,44760,65
sniffing,44761,44760,44761,1
climbing,44794,44761,44794,33
rearing,44817,44794,44817,23
sniffing,44858,44817,44858,41
stepping,44896,44858,44896,38
left_turning,44897,44896,44897,1
sniffing,45042,44897,45042,145
hunching,45046,45042,45046,4
sniffing,45047,45046,45047,1
left_turning,45077,45047,45077,30
sniffing,45159,45077,45159,82
rising,45160,45159,45160,1
sniffing,45245,45160,45245,85
rising,45270,45245,45270,25
climbing,45365,45270,45365,95
grooming,45448,45365,45448,83
hunching,45520,45448,45520,72
grooming,45521,45520,45521,1
rearing,45557,45521,45557,36
sniffing,45558,45557,45558,1
rising,45559,45558,45559,1
sniffing,45560,45559,45560,1
stepping,45612,45560,45612,52
sniffing,45669,45612,45669,57
pausing,45767,45669,45767,98
sniffing,45823,45767,45823,56
trotting,45866,45823,45866,43
walking,45908,45866,45908,42
trotting,45916,45908,45916,8
left_turning,45994,45916,45994,78
sniffing,46040,45994,46040,46
walking,46113,46040,46113,73
rising,46114,46113,46114,1
climbing,46170,46114,46170,56
left_turning,46176,46170,46176,6
rising,46195,46176,46195,19
sniffing,46196,46195,46196,1
running,46197,46196,46197,1
sniffing,46198,46197,46198,1
grooming,46228,46198,46228,30
sniffing,46262,46228,46262,34
rising,46314,46262,46314,52
sniffing,46315,46314,46315,1
stepping,46385,46315,46385,70
rising,46386,46385,46386,1
climbing,46453,46386,46453,67
sniffing,46560,46453,46560,107
grooming,46633,46560,46633,73
left_turning,46667,46633,46667,34
walking,46668,46667,46668,1
climbing,46816,46668,46816,148
rising,46866,46816,46866,50
climbing,46929,46866,46929,63
sniffing,47083,46929,47083,154
walking,47120,47083,47120,37
sniffing,47203,47120,47203,83
rising,47293,47203,47293,90
sniffing,47394,47293,47394,101
rising,47414,47394,47414,20
climbing,47451,47414,47451,37
sniffing,47482,47451,47482,31
walking,47483,47482,47483,1
climbing,47513,47483,47513,30
running,47561,47513,47561,48
walking,47562,47561,47562,1
sniffing,47649,47562,47649,87
pausing,47816,47649,47816,167
sniffing,47817,47816,47817,1
walking,47839,47817,47839,22
sniffing,47840,47839,47840,1
climbing,47876,47840,47876,36
left_turning,47927,47876,47927,51
sniffing,48038,47927,48038,111
rising,48041,48038,48041,3
hunching,48042,48041,48042,1
sniffing,48060,48042,48060,18
walking,48130,48060,48130,70
sniffing,48131,48130,48131,1
stepping,48139,48131,48139,8
left_turning,48164,48139,48164,25
sniffing,48226,48164,48226,62
rearing,48238,48226,48238,12
climbing,48336,48238,48336,98
rising,48365,48336,48365,29
sniffing,48568,48365,48568,203
rearing,48623,48568,48623,55
stepping,48665,48623,48665,42
sniffing,48726,48665,48726,61
right_turning,48775,48726,48775,49
running,48802,48775,48802,27
walking,48877,48802,48877,75
trotting,48918,48877,48918,41
sniffing,49007,48918,49007,89
left_turning,49025,49007,49025,18
stepping,49083,49025,49083,58
right_turning,49084,49083,49084,1
walking,49138,49084,49138,54
climbing,49139,49138,49139,1
sniffing,49187,49139,49187,48
right_turning,49188,49187,49188,1
sniffing,49195,49188,49195,7
rising,49196,49195,49196,1
rearing,49291,49196,49291,95
climbing,49338,49291,49338,47
sniffing,49517,49338,49517,179
walking,49595,49517,49595,78
sniffing,49596,49595,49596,1
pausing,49689,49596,49689,93
sniffing,49905,49689,49905,216
rising,49907,49905,49907,2
climbing,50010,49907,50010,103
walking,50058,50010,50058,48
climbing,50089,50058,50089,31
sniffing,50162,50089,50162,73
walking,50167,50162,50167,5
trotting,50209,50167,50209,42
running,50238,50209,50238,29
stepping,50273,50238,50273,35
sniffing,50274,50273,50274,1
rising,50280,50274,50280,6
climbing,50325,50280,50325,45
walking,50391,50325,50391,66
trotting,50466,50391,50466,75
left_turning,50528,50466,50528,62
sniffing,50568,50528,50568,40
climbing,50569,50568,50569,1
rising,50609,50569,50609,40
climbing,50648,50609,50648,39
rearing,50740,50648,50740,92
grooming,50758,50740,50758,18
hunching,50806,50758,50806,48
sniffing,50832,50806,50832,26
grooming,50865,50832,50865,33
sniffing,50933,50865,50933,68
stepping,51062,50933,51062,129
rearing,51074,51062,51074,12
grooming,51075,51074,51075,1
sniffing,51076,51075,51076,1
left_turning,51125,51076,51125,49
sniffing,51278,51125,51278,153
rising,51279,51278,51279,1
sniffing,51280,51279,51280,1
climbing,51352,51280,51352,72
rearing,51495,51352,51495,143
sniffing,51589,51495,51589,94
left_turning,51637,51589,51637,48
sniffing,51724,51637,51724,87
walking,51725,51724,51725,1
left_turning,51787,51725,51787,62
sniffing,51848,51787,51848,61
grooming,51851,51848,51851,3
sniffing,51966,51851,51966,115
rising,51967,51966,51967,1
climbing,52059,51967,52059,92
rearing,52123,52059,52123,64
left_turning,52173,52123,52173,50
rising,52196,52173,52196,23
climbing,52288,52196,52288,92
right_turning,52300,52288,52300,12
sniffing,52311,52300,52311,11
walking,52380,52311,52380,69
trotting,52396,52380,52396,16
rearing,52488,52396,52488,92
sniffing,52489,52488,52489,1
left_turning,52505,52489,52505,16
walking,52506,52505,52506,1
sniffing,52649,52506,52649,143
rising,52666,52649,52666,17
climbing,52803,52666,52803,137
rearing,52912,52803,52912,109
left_turning,53006,52912,53006,94
running,53029,53006,53029,23
sniffing,53055,53029,53055,26
stepping,53088,53055,53088,33
sniffing,53163,53088,53163,75
walking,53164,53163,53164,1
sniffing,53185,53164,53185,21
climbing,53230,53185,53230,45
trotting,53261,53230,53261,31
walking,53262,53261,53262,1
climbing,53322,53262,53322,60
rising,53339,53322,53339,17
left_turning,53391,53339,53391,52
walking,53435,53391,53435,44
stepping,53457,53435,53457,22
rising,53467,53457,53467,10
climbing,53474,53467,53474,7
sniffing,53633,53474,53633,159
rearing,53656,53633,53656,23
sniffing,53735,53656,53735,79
rearing,53797,53735,53797,62
rising,53858,53797,53858,61
rearing,53947,53858,53947,89
sniffing,53948,53947,53948,1
rising,54023,53948,54023,75
climbing,54024,54023,54024,1
rearing,54046,54024,54046,22
sniffing,54047,54046,54047,1
walking,54094,54047,54094,47
rising,54095,54094,54095,1
climbing,54115,54095,54115,20
rising,54127,54115,54127,12
rearing,54150,54127,54150,23
walking,54151,54150,54151,1
climbing,54244,54151,54244,93
sniffing,54404,54244,54404,160
rising,54456,54404,54456,52
sniffing,54472,54456,54472,16
rising,54519,54472,54519,47
climbing,54574,54519,54574,55
trotting,54581,54574,54581,7
walking,54605,54581,54605,24
trotting,54618,54605,54618,13
left_turning,54667,54618,54667,49
rising,54711,54667,54711,44
sniffing,54735,54711,54735,24
climbing,54800,54735,54800,65
hunching,54808,54800,54808,8
climbing,54881,54808,54881,73
walking,54922,54881,54922,41
sniffing,55006,54922,55006,84
walking,55007,55006,55007,1
right_turning,55027,55007,55027,20
sniffing,55028,55027,55028,1
climbing,55029,55028,55029,1
rising,55030,55029,55030,1
sniffing,55031,55030,55031,1
walking,55113,55031,55113,82
climbing,55151,55113,55151,38
rearing,55152,55151,55152,1
climbing,55153,55152,55153,1
sniffing,55190,55153,55190,37
grooming,55195,55190,55195,5
trotting,55196,55195,55196,1
rearing,55285,55196,55285,89
sniffing,55286,55285,55286,1
walking,55321,55286,55321,35
rising,55359,55321,55359,38
sniffing,55365,55359,55365,6
trotting,55375,55365,55375,10
sniffing,55394,55375,55394,19
walking,55434,55394,55434,40
sniffing,55435,55434,55435,1
climbing,55545,55435,55545,110
sniffing,55629,55545,55629,84
climbing,55676,55629,55676,47
rising,55685,55676,55685,9
sniffing,55703,55685,55703,18
walking,55824,55703,55824,121
rising,55909,55824,55909,85
sniffing,55937,55909,55937,28
walking,55969,55937,55969,32
left_turning,56043,55969,56043,74
walking,56062,56043,56062,19
sniffing,56068,56062,56068,6
left_turning,56074,56068,56074,6
walking,56082,56074,56082,8
rising,56168,56082,56168,86
sniffing,56182,56168,56182,14
hunching,56225,56182,56225,43
right_turning,56254,56225,56254,29
sniffing,56271,56254,56271,17
left_turning,56366,56271,56366,95
rising,56367,56366,56367,1
climbing,56368,56367,56368,1
walking,56419,56368,56419,51
left_turning,56471,56419,56471,52
sniffing,56483,56471,56483,12
rising,56609,56483,56609,126
trotting,56645,56609,56645,36
walking,56646,56645,56646,1
left_turning,56670,56646,56670,24
sniffing,56742,56670,56742,72
walking,56765,56742,56765,23
climbing,56806,56765,56806,41
running,56853,56806,56853,47
sniffing,56854,56853,56854,1
rearing,56967,56854,56967,113
rising,57022,56967,57022,55
sniffing,57042,57022,57042,20
rising,57075,57042,57075,33
climbing,57113,57075,57113,38
walking,57114,57113,57114,1
trotting,57171,57114,57171,57
sniffing,57175,57171,57175,4
grooming,57530,57175,57530,355
rearing,57671,57530,57671,141
rising,57698,57671,57698,27
left_turning,57832,57698,57832,134
walking,57889,57832,57889,57
sniffing,58182,57889,58182,293
left_turning,58183,58182,58183,1
walking,58260,58183,58260,77
sniffing,58354,58260,58354,94
rising,58436,58354,58436,82
sniffing,58543,58436,58543,107
stepping,58586,58543,58586,43
jumping,58670,58586,58670,84
rising,58724,58670,58724,54
walking,58725,58724,58725,1
stepping,58737,58725,58737,12
rising,58738,58737,58738,1
climbing,58778,58738,58778,40
rising,58845,58778,58845,67
climbing,58901,58845,58901,56
sniffing,58933,58901,58933,32
rearing,58976,58933,58976,43
rising,59012,58976,59012,36
climbing,59162,59012,59162,150
grooming,59363,59162,59363,201
hunching,59405,59363,59405,42
grooming,59510,59405,59510,105
rearing,59511,59510,59511,1
climbing,59555,59511,59555,44
sniffing,59607,59555,59607,52
walking,59700,59607,59700,93
sniffing,59734,59700,59734,34
climbing,59746,59734,59746,12
rearing,59747,59746,59747,1
climbing,59779,59747,59779,32
right_turning,59796,59779,59796,17
walking,59849,59796,59849,53
sniffing,59921,59849,59921,72
walking,59988,59921,59988,67
sniffing,60213,59988,60213,225
rising,60269,60213,60269,56
climbing,60290,60269,60290,21
sniffing,60291,60290,60291,1
walking,60330,60291,60330,39
rising,60360,60330,60360,30
sniffing,60398,60360,60398,38
left_turning,60399,60398,60399,1
stepping,60462,60399,60462,63
climbing,60504,60462,60504,42
rising,60539,60504,60539,35
climbing,60599,60539,60599,60
left_turning,60682,60599,60682,83
walking,60683,60682,60683,1
sniffing,60698,60683,60698,15
left_turning,60730,60698,60730,32
walking,60768,60730,60768,38
sniffing,60769,60768,60769,1
left_turning,60833,60769,60833,64
running,60873,60833,60873,40
left_turning,60874,60873,60874,1
walking,60921,60874,60921,47
trotting,60929,60921,60929,8
walking,60930,60929,60930,1
rising,60948,60930,60948,18
climbing,61031,60948,61031,83
rearing,61069,61031,61069,38
walking,61133,61069,61133,64
sniffing,61226,61133,61226,93
climbing,61332,61226,61332,106
rising,61342,61332,61342,10
climbing,61364,61342,61364,22
running,61400,61364,61400,36
rearing,61401,61400,61401,1
grooming,61423,61401,61423,22
rearing,61472,61423,61472,49
rising,61503,61472,61503,31
walking,61509,61503,61509,6
sniffing,61510,61509,61510,1
walking,61529,61510,61529,19
sniffing,61530,61529,61530,1
rearing,61531,61530,61531,1
sniffing,61532,61531,61532,1
trotting,61566,61532,61566,34
walking,61605,61566,61605,39
running,61611,61605,61611,6
sniffing,61755,61611,61755,144
walking,61802,61755,61802,47
stepping,61849,61802,61849,47
walking,61902,61849,61902,53
sniffing,62066,61902,62066,164
grooming,62067,62066,62067,1
rearing,62100,62067,62100,33
climbing,62155,62100,62155,55
left_turning,62189,62155,62189,34
trotting,62220,62189,62220,31
walking,62237,62220,62237,17
sniffing,62287,62237,62287,50
left_turning,62322,62287,62322,35
sniffing,62391,62322,62391,69
stepping,62434,62391,62434,43
walking,62491,62434,62491,57
climbing,62583,62491,62583,92
right_turning,62597,62583,62597,14
rising,62626,62597,62626,29
sniffing,62670,62626,62670,44
hunching,62768,62670,62768,98
sniffing,62769,62768,62769,1
walking,62783,62769,62783,14
sniffing,62784,62783,62784,1
rising,62785,62784,62785,1
sniffing,62844,62785,62844,59
rising,62868,62844,62868,24
climbing,62907,62868,62907,39
walking,62948,62907,62948,41
climbing,62978,62948,62978,30
right_turning,63000,62978,63000,22
walking,63081,63000,63081,81
sniffing,63179,63081,63179,98
walking,63185,63179,63185,6
sniffing,63377,63185,63377,192
rising,63391,63377,63391,14
climbing,63410,63391,63410,19
sniffing,63411,63410,63411,1
walking,63475,63411,63475,64
stepping,63523,63475,63523,48
sniffing,63524,63523,63524,1
right_turning,63540,63524,63540,16
sniffing,63541,63540,63541,1
rising,63598,63541,63598,57
sniffing,63599,63598,63599,1
rising,63638,63599,63638,39
climbing,63686,63638,63686,48
trotting,63712,63686,63712,26
right_turning,63724,63712,63724,12
walking,63777,63724,63777,53
climbing,63827,63777,63827,50
hunching,63828,63827,63828,1
sniffing,63962,63828,63962,134
right_turning,63971,63962,63971,9
left_turning,64014,63971,64014,43
sniffing,64118,64014,64118,104
rising,64119,64118,64119,1
sniffing,64451,64119,64451,332
walking,64473,64451,64473,22
sniffing,64474,64473,64474,1
climbing,64552,64474,64552,78
trotting,64628,64552,64628,76
stepping,64629,64628,64629,1
sniffing,64645,64629,64645,16
climbing,64691,64645,64691,46
rising,64692,64691,64692,1
trotting,64713,64692,64713,21
sniffing,64842,64713,64842,129
right_turning,64869,64842,64869,27
sniffing,64885,64869,64885,16
rising,64947,64885,64947,62
climbing,65007,64947,65007,60
rising,65056,65007,65056,49
sniffing,65274,65056,65274,218
walking,65299,65274,65299,25
rising,65300,65299,65300,1
climbing,65388,65300,65388,88
sniffing,65433,65388,65433,45
rising,65475,65433,65475,42
climbing,65711,65475,65711,236
stepping,65729,65711,65729,18
trotting,65767,65729,65767,38
rising,65819,65767,65819,52
hunching,65827,65819,65827,8
climbing,65880,65827,65880,53
walking,65922,65880,65922,42
sniffing,66067,65922,66067,145
left_turning,66103,66067,66103,36
rising,66148,66103,66148,45
sniffing,66185,66148,66185,37
walking,66284,66185,66284,99
stepping,66360,66284,66360,76
walking,66396,66360,66396,36
hunching,66469,66396,66469,73
rising,66478,66469,66478,9
climbing,66582,66478,66582,104
running,66610,66582,66610,28
walking,66636,66610,66636,26
sniffing,66736,66636,66736,100
right_turning,66749,66736,66749,13
hunching,66750,66749,66750,1
climbing,66777,66750,66777,27
walking,66789,66777,66789,12
climbing,66875,66789,66875,86
hunching,66876,66875,66876,1
walking,66877,66876,66877,1
rising,66878,66877,66878,1
sniffing,66892,66878,66892,14
walking,66912,66892,66912,20
sniffing,66913,66912,66913,1
left_turning,66915,66913,66915,2
sniffing,66974,66915,66974,59
climbing,67056,66974,67056,82
hunching,67121,67056,67121,65
right_turning,67122,67121,67122,1
rising,67155,67122,67155,33
rearing,67156,67155,67156,1
rising,67157,67156,67157,1
rearing,67209,67157,67209,52
sniffing,67337,67209,67337,128
grooming,67641,67337,67641,304
sniffing,67648,67641,67648,7
left_turning,67714,67648,67714,66
sniffing,67798,67714,67798,84
stepping,67853,67798,67853,55
sniffing,67918,67853,67918,65
rearing,67932,67918,67932,14
sniffing,67933,67932,67933,1
rising,67972,67933,67972,39
climbing,68061,67972,68061,89
rising,68071,68061,68071,10
climbing,68168,68071,68168,97
rising,68169,68168,68169,1
climbing,68287,68169,68287,118
trotting,68298,68287,68298,11
sniffing,68338,68298,68338,40
running,68355,68338,68355,17
sniffing,68356,68355,68356,1
climbing,68434,68356,68434,78
grooming,68435,68434,68435,1
left_turning,68506,68435,68506,71
sniffing,68619,68506,68619,113
right_turning,68659,68619,68659,40
climbing,68660,68659,68660,1
sniffing,68801,68660,68801,141
rising,68877,68801,68877,76
climbing,68886,68877,68886,9
rising,68897,68886,68897,11
climbing,68912,68897,68912,15
rearing,68990,68912,68990,78
hunching,69007,68990,69007,17
rising,69038,69007,69038,31
walking,69135,69038,69135,97
sniffing,69194,69135,69194,59
left_turning,69204,69194,69204,10
walking,69205,69204,69205,1
right_turning,69242,69205,69242,37
walking,69262,69242,69262,20
rising,69297,69262,69297,35
sniffing,69415,69297,69415,118
walking,69453,69415,69453,38
sniffing,69459,69453,69459,6
grooming,69530,69459,69530,71
right_turning,69531,69530,69531,1
sniffing,69532,69531,69532,1
rising,69533,69532,69533,1
sniffing,69633,69533,69633,100
grooming,69981,69633,69981,348
rearing,69988,69981,69988,7
sniffing,69999,69988,69999,11
rising,70051,69999,70051,52
sniffing,70052,70051,70052,1
left_turning,70076,70052,70076,24
walking,70092,70076,70092,16
running,70104,70092,70104,12
walking,70156,70104,70156,52
sniffing,70177,70156,70177,21
rising,70256,70177,70256,79
climbing,70372,70256,70372,116
walking,70429,70372,70429,57
rising,70561,70429,70561,132
climbing,70562,70561,70562,1
right_turning,70587,70562,70587,25
sniffing,70623,70587,70623,36
climbing,70660,70623,70660,37
trotting,70705,70660,70705,45
walking,70765,70705,70765,60
right_turning,70828,70765,70828,63
walking,70903,70828,70903,75
climbing,70943,70903,70943,40
rearing,71009,70943,71009,66
sniffing,71333,71009,71333,324
hunching,71423,71333,71423,90
sniffing,71520,71423,71520,97
right_turning,71536,71520,71536,16
climbing,71601,71536,71601,65
sniffing,71602,71601,71602,1
rising,71647,71602,71647,45
trotting,71685,71647,71685,38
sniffing,71756,71685,71756,71
left_turning,71785,71756,71785,29
right_turning,71854,71785,71854,69
running,71855,71854,71855,1
walking,71921,71855,71921,66
left_turning,71965,71921,71965,44
stepping,72004,71965,72004,39
walking,72014,72004,72014,10
left_turning,72051,72014,72051,37
walking,72062,72051,72062,11
sniffing,72155,72062,72155,93
rising,72156,72155,72156,1
walking,72157,72156,72157,1
climbing,72224,72157,72224,67
hunching,72263,72224,72263,39
sniffing,72282,72263,72282,19
pausing,72320,72282,72320,38
sniffing,72425,72320,72425,105
rising,72426,72425,72426,1
climbing,72517,72426,72517,91
rearing,72518,72517,72518,1
climbing,72519,72518,72519,1
sniffing,72595,72519,72595,76
rearing,72625,72595,72625,30
rising,72696,72625,72696,71
hunching,72730,72696,72730,34
rising,72783,72730,72783,53
rearing,72791,72783,72791,8
sniffing,72821,72791,72821,30
stepping,72850,72821,72850,29
left_turning,72924,72850,72924,74
running,72963,72924,72963,39
rising,73008,72963,73008,45
walking,73009,73008,73009,1
sniffing,73010,73009,73010,1
walking,73091,73010,73091,81
left_turning,73199,73091,73199,108
sniffing,73266,73199,73266,67
walking,73293,73266,73293,27
sniffing,73305,73293,73305,12
trotting,73343,73305,73343,38
climbing,73420,73343,73420,77
rearing,73506,73420,73506,86
sniffing,73507,73506,73507,1
climbing,73603,73507,73603,96
right_turning,73634,73603,73634,31
sniffing,73723,73634,73723,89
left_turning,73778,73723,73778,55
sniffing,73926,73778,73926,148
walking,73927,73926,73927,1
rising,73928,73927,73928,1
climbing,73929,73928,73929,1
walking,73937,73929,73937,8
climbing,74037,73937,74037,100
sniffing,74149,74037,74149,112
left_turning,74199,74149,74199,50
rising,74237,74199,74237,38
grooming,74683,74237,74683,446
climbing,74748,74683,74748,65
rising,74774,74748,74774,26
climbing,74805,74774,74805,31
rising,74843,74805,74843,38
climbing,74949,74843,74949,106
hunching,74966,74949,74966,17
rising,74991,74966,74991,25
sniffing,75160,74991,75160,169
trotting,75169,75160,75169,9
walking,75223,75169,75223,54
climbing,75225,75223,75225,2
rearing,75226,75225,75226,1
rising,75314,75226,75314,88
walking,75376,75314,75376,62
climbing,75377,75376,75377,1
rearing,75436,75377,75436,59
rising,75451,75436,75451,15
left_turning,75452,75451,75452,1
sniffing,75453,75452,75453,1
rising,75466,75453,75466,13
walking,75467,75466,75467,1
climbing,75538,75467,75538,71
walking,75574,75538,75574,36
climbing,75607,75574,75607,33
sniffing,75721,75607,75721,114
rearing,75733,75721,75733,12
rising,75829,75733,75829,96
climbing,75896,75829,75896,67
walking,75910,75896,75910,14
climbing,75992,75910,75992,82
sniffing,75993,75992,75993,1
grooming,76535,75993,76535,542
rearing,76594,76535,76594,59
climbing,76671,76594,76671,77
walking,76672,76671,76672,1
rearing,76717,76672,76717,45
climbing,76795,76717,76795,78
grooming,76796,76795,76796,1
climbing,76817,76796,76817,21
walking,76846,76817,76846,29
sniffing,77041,76846,77041,195
trotting,77128,77041,77128,87
sniffing,77219,77128,77219,91
climbing,77246,77219,77246,27
right_turning,77274,77246,77274,28
sniffing,77310,77274,77310,36
walking,77360,77310,77360,50
climbing,77373,77360,77373,13
right_turning,77438,77373,77438,65
walking,77459,77438,77459,21
sniffing,77566,77459,77566,107
right_turning,77609,77566,77609,43
sniffing,77610,77609,77610,1
climbing,77642,77610,77642,32
rearing,77657,77642,77657,15
climbing,77771,77657,77771,114
sniffing,77899,77771,77899,128
left_turning,77900,77899,77900,1
rising,77931,77900,77931,31
trotting,77942,77931,77942,11
walking,77999,77942,77999,57
trotting,78082,77999,78082,83
hunching,78100,78082,78100,18
rising,78123,78100,78123,23
climbing,78214,78123,78214,91
rising,78239,78214,78239,25
climbing,78300,78239,78300,61
walking,78346,78300,78346,46
climbing,78392,78346,78392,46
hunching,78468,78392,78468,76
walking,78487,78468,78487,19
rising,78500,78487,78500,13
climbing,78557,78500,78557,57
right_turning,78558,78557,78558,1
walking,78579,78558,78579,21
left_turning,78594,78579,78594,15
sniffing,78707,78594,78707,113
rising,78737,78707,78737,30
stepping,78773,78737,78773,36
walking,78784,78773,78784,11
trotting,78834,78784,78834,50
walking,78899,78834,78899,65
rearing,78900,78899,78900,1
stepping,78915,78900,78915,15
sniffing,78916,78915,78916,1
rising,78972,78916,78972,56
sniffing,79013,78972,79013,41
walking,79039,79013,79039,26
sniffing,79046,79039,79046,7
left_turning,79121,79046,79121,75
trotting,79169,79121,79169,48
sniffing,79266,79169,79266,97
climbing,79267,79266,79267,1
sniffing,79268,79267,79268,1
climbing,79304,79268,79304,36
trotting,79366,79304,79366,62
sniffing,79484,79366,79484,118
walking,79507,79484,79507,23
sniffing,79508,79507,79508,1
walking,79554,79508,79554,46
sniffing,79588,79554,79588,34
left_turning,79643,79588,79643,55
walking,79661,79643,79661,18
sniffing,79686,79661,79686,25
walking,79699,79686,79699,13
climbing,79700,79699,79700,1
rising,79755,79700,79755,55
sniffing,79770,79755,79770,15
right_turning,79852,79770,79852,82
rearing,79888,79852,79888,36
walking,79922,79888,79922,34
sniffing,79923,79922,79923,1
left_turning,79938,79923,79938,15
sniffing,80081,79938,80081,143
hunching,80082,80081,80082,1
rearing,80152,80082,80152,70
hunching,80153,80152,80153,1
sniffing,80175,80153,80175,22
rearing,80245,80175,80245,70
walking,80352,80245,80352,107
sniffing,80400,80352,80400,48
rearing,80499,80400,80499,99
left_turning,80569,80499,80569,70
stepping,80590,80569,80590,21
sniffing,80597,80590,80597,7
left_turning,80638,80597,80638,41
walking,80707,80638,80707,69
rising,80708,80707,80708,1
left_turning,80737,80708,80737,29
climbing,80916,80737,80916,179
sniffing,80965,80916,80965,49
stepping,81011,80965,81011,46
rising,81075,81011,81075,64
climbing,81191,81075,81191,116
sniffing,81192,81191,81192,1
stepping,81206,81192,81206,14
left_turning,81240,81206,81240,34
climbing,81241,81240,81241,1
sniffing,81242,81241,81242,1
grooming,81243,81242,81243,1
rearing,81244,81243,81244,1
right_turning,81302,81244,81302,58
rising,81320,81302,81320,18
rearing,81332,81320,81332,12
grooming,81460,81332,81460,128
hunching,81559,81460,81559,99
right_turning,81581,81559,81581,22
climbing,81602,81581,81602,21
right_turning,81640,81602,81640,38
walking,81708,81640,81708,68
sniffing,81812,81708,81812,104
right_turning,81817,81812,81817,5
rearing,81818,81817,81818,1
climbing,81890,81818,81890,72
stepping,81944,81890,81944,54
sniffing,81945,81944,81945,1
walking,81969,81945,81969,24
rising,81970,81969,81970,1
sniffing,82062,81970,82062,92
hunching,82063,82062,82063,1
left_turning,82105,82063,82105,42
sniffing,82155,82105,82155,50
rising,82228,82155,82228,73
climbing,82287,82228,82287,59
sniffing,82288,82287,82288,1
grooming,82735,82288,82735,447
rearing,82809,82735,82809,74
sniffing,82838,82809,82838,29
right_turning,82869,82838,82869,31
running,82897,82869,82897,28
sniffing,82898,82897,82898,1
right_turning,82940,82898,82940,42
left_turning,82958,82940,82958,18
walking,83008,82958,83008,50
sniffing,83273,83008,83273,265
left_turning,83305,83273,83305,32
sniffing,83347,83305,83347,42
rising,83348,83347,83348,1
sniffing,83439,83348,83439,91
climbing,83465,83439,83465,26
walking,83507,83465,83507,42
sniffing,83529,83507,83529,22
grooming,83930,83529,83930,401
left_turning,83931,83930,83931,1
climbing,84042,83931,84042,111
sniffing,84159,84042,84159,117
rising,84160,84159,84160,1
sniffing,84277,84160,84277,117
walking,84278,84277,84278,1
right_turning,84300,84278,84300,22
walking,84355,84300,84355,55
sniffing,84356,84355,84356,1
grooming,84928,84356,84928,572
left_turning,85014,84928,85014,86
walking,85052,85014,85052,38
sniffing,85053,85052,85053,1
grooming,85054,85053,85054,1
sniffing,85055,85054,85055,1
stepping,85099,85055,85099,44
sniffing,85100,85099,85100,1
stepping,85111,85100,85111,11
left_turning,85162,85111,85162,51
walking,85214,85162,85214,52
sniffing,85287,85214,85287,73
rising,85288,85287,85288,1
sniffing,85344,85288,85344,56
walking,85352,85344,85352,8
sniffing,85381,85352,85381,29
stepping,85447,85381,85447,66
walking,85524,85447,85524,77
stepping,85548,85524,85548,24
sniffing,85623,85548,85623,75
rising,85662,85623,85662,39
climbing,85811,85662,85811,149
sniffing,85927,85811,85927,116
trotting,85953,85927,85953,26
rising,85984,85953,85984,31
climbing,86037,85984,86037,53
rising,86107,86037,86107,70
sniffing,86164,86107,86164,57
stepping,86186,86164,86186,22
sniffing,86386,86186,86386,200
stepping,86422,86386,86422,36
walking,86443,86422,86443,21
sniffing,86449,86443,86449,6
walking,86458,86449,86458,9
rising,86459,86458,86459,1
climbing,86619,86459,86619,160
sniffing,86645,86619,86645,26
rising,86743,86645,86743,98
climbing,86871,86743,86871,128
stepping,86895,86871,86895,24
left_turning,86896,86895,86896,1
walking,86914,86896,86914,18
sniffing,87170,86914,87170,256
left_turning,87179,87170,87179,9
sniffing,87180,87179,87180,1
right_turning,87225,87180,87225,45
walking,87226,87225,87226,1
sniffing,87233,87226,87233,7
climbing,87269,87233,87269,36
hunching,87270,87269,87270,1
climbing,87321,87270,87321,51
rearing,87322,87321,87322,1
running,87362,87322,87362,40
sniffing,87363,87362,87363,1
walking,87437,87363,87437,74
left_turning,87438,87437,87438,1
sniffing,87480,87438,87480,42
stepping,87517,87480,87517,37
walking,87595,87517,87595,78
sniffing,87596,87595,87596,1
stepping,87629,87596,87629,33
sniffing,87681,87629,87681,52
left_turning,87737,87681,87737,56
trotting,87775,87737,87775,38
walking,87825,87775,87825,50
sniffing,87871,87825,87871,46
left_turning,87926,87871,87926,55
sniffing,87927,87926,87927,1
climbing,87964,87927,87964,37
walking,87968,87964,87968,4
climbing,88086,87968,88086,118
sniffing,88232,88086,88232,146
right_turning,88275,88232,88275,43
sniffing,88287,88275,88287,12
left_turning,88328,88287,88328,41
rising,88395,88328,88395,67
sniffing,88396,88395,88396,1
rearing,88434,88396,88434,38
hunching,88436,88434,88436,2
right_turning,88496,88436,88496,60
sniffing,88674,88496,88674,178
hunching,88788,88674,88788,114
sniffing,88891,88788,88891,103
right_turning,88955,88891,88955,64
trotting,88956,88955,88956,1
rising,88957,88956,88957,1
sniffing,88968,88957,88968,11
walking,89016,88968,89016,48
rising,89017,89016,89017,1
climbing,89110,89017,89110,93
sniffing,89138,89110,89138,28
rising,89212,89138,89212,74
sniffing,89278,89212,89278,66
rising,89314,89278,89314,36
stepping,89344,89314,89344,30
left_turning,89411,89344,89411,67
running,89450,89411,89450,39
trotting,89525,89450,89525,75
stepping,89552,89525,89552,27
running,89561,89552,89561,9
sniffing,89719,89561,89719,158
stepping,89757,89719,89757,38
left_turning,89770,89757,89770,13
walking,89788,89770,89788,18
sniffing,89789,89788,89789,1
walking,89874,89789,89874,85
left_turning,89924,89874,89924,50
sniffing,89925,89924,89925,1
right_turning,89962,89925,89962,37
running,89980,89962,89980,18
trotting,90009,89980,90009,29
walking,90061,90009,90061,52
hunching,90062,90061,90062,1
trotting,90073,90062,90073,11
grooming,90367,90073,90367,294
left_turning,90407,90367,90407,40
sniffing,90408,90407,90408,1
trotting,90451,90408,90451,43
rising,90452,90451,90452,1
sniffing,90508,90452,90508,56
left_turning,90528,90508,90528,20
walking,90560,90528,90560,32
sniffing,90580,90560,90580,20
walking,90619,90580,90619,39
sniffing,90620,90619,90620,1
left_turning,90667,90620,90667,47
walking,90721,90667,90721,54
sniffing,90722,90721,90722,1
walking,90837,90722,90837,115
sniffing,90838,90837,90838,1
left_turning,90865,90838,90865,27
sniffing,90866,90865,90866,1
left_turning,90892,90866,90892,26
trotting,90956,90892,90956,64
walking,91005,90956,91005,49
left_turning,91019,91005,91019,14
sniffing,91112,91019,91112,93
walking,91147,91112,91147,35
sniffing,91186,91147,91186,39
rising,91189,91186,91189,3
walking,91273,91189,91273,84
sniffing,91400,91273,91400,127
climbing,91478,91400,91478,78
rising,91501,91478,91501,23
rearing,91546,91501,91546,45
walking,91547,91546,91547,1
rising,91604,91547,91604,57
climbing,91656,91604,91656,52
rising,91693,91656,91693,37
climbing,91721,91693,91721,28
sniffing,91722,91721,91722,1
pausing,91907,91722,91907,185
sniffing,91984,91907,91984,77
climbing,92151,91984,92151,167
running,92178,92151,92178,27
sniffing,92199,92178,92199,21
left_turning,92224,92199,92224,25
sniffing,92288,92224,92288,64
rising,92325,92288,92325,37
sniffing,92377,92325,92377,52
rising,92419,92377,92419,42
rearing,92545,92419,92545,126
rising,92564,92545,92564,19
rearing,92629,92564,92629,65
left_turning,92661,92629,92661,32
sniffing,92784,92661,92784,123
left_turning,92811,92784,92811,27
sniffing,92858,92811,92858,47
rising,92859,92858,92859,1
sniffing,92949,92859,92949,90
rising,92997,92949,92997,48
sniffing,93128,92997,93128,131
walking,93179,93128,93179,51
hunching,93185,93179,93185,6
climbing,93186,93185,93186,1
right_turning,93197,93186,93197,11
sniffing,93198,93197,93198,1
walking,93235,93198,93235,37
rising,93293,93235,93293,58
rearing,93389,93293,93389,96
rising,93455,93389,93455,66
climbing,93487,93455,93487,32
rising,93584,93487,93584,97
sniffing,93585,93584,93585,1
left_turning,93604,93585,93604,19
walking,93719,93604,93719,115
sniffing,93806,93719,93806,87
climbing,93836,93806,93836,30
walking,93850,93836,93850,14
left_turning,93927,93850,93927,77
sniffing,94050,93927,94050,123
rising,94132,94050,94132,82
climbing,94133,94132,94133,1
walking,94215,94133,94215,82
left_turning,94223,94215,94223,8
walking,94292,94223,94292,69
sniffing,94446,94292,94446,154
trotting,94447,94446,94447,1
sniffing,94704,94447,94704,257
rising,94714,94704,94714,10
climbing,94804,94714,94804,90
grooming,95144,94804,95144,340
sniffing,95233,95144,95233,89
left_turning,95298,95233,95298,65
rising,95367,95298,95367,69
left_turning,95406,95367,95406,39
sniffing,95478,95406,95478,72
walking,95493,95478,95493,15
sniffing,95544,95493,95544,51
trotting,95579,95544,95579,35
sniffing,95651,95579,95651,72
rising,95652,95651,95652,1
sniffing,95715,95652,95715,63
rising,95780,95715,95780,65
sniffing,95938,95780,95938,158
rising,95949,95938,95949,11
climbing,96017,95949,96017,68
rearing,96055,96017,96055,38
sniffing,96155,96055,96155,100
rearing,96315,96155,96315,160
hunching,96364,96315,96364,49
sniffing,96463,96364,96463,99
grooming,96639,96463,96639,176
rearing,96709,96639,96709,70
climbing,96921,96709,96921,212
sniffing,97129,96921,97129,208
walking,97153,97129,97153,24
left_turning,97185,97153,97185,32
rising,97247,97185,97247,62
rearing,97364,97247,97364,117
grooming,97451,97364,97451,87
hunching,97513,97451,97513,62
climbing,97587,97513,97587,74
sniffing,97606,97587,97606,19
running,97638,97606,97638,32
left_turning,97658,97638,97658,20
trotting,97692,97658,97692,34
hunching,97708,97692,97708,16
rearing,97788,97708,97788,80
sniffing,97866,97788,97866,78
rising,98045,97866,98045,179
climbing,98080,98045,98080,35
right_turning,98129,98080,98129,49
sniffing,98153,98129,98153,24
pausing,98295,98153,98295,142
sniffing,98464,98295,98464,169
pausing,98662,98464,98662,198
sniffing,98709,98662,98709,47
grooming,98964,98709,98964,255
climbing,99202,98964,99202,238
rising,99258,99202,99258,56
sniffing,99391,99258,99391,133
hunching,99392,99391,99392,1
rising,99454,99392,99454,62
climbing,99535,99454,99535,81
rising,99536,99535,99536,1
sniffing,99694,99536,99694,158
rising,99743,99694,99743,49
hunching,99812,99743,99812,69
grooming,99996,99812,99996,184
sniffing,100280,99996,100280,284
walking,100286,100280,100286,6
sniffing,100523,100286,100523,237
pausing,101520,100523,101520,997
sniffing,101521,101520,101521,1
walking,101557,101521,101557,36
sniffing,101671,101557,101671,114
grooming,101743,101671,101743,72
climbing,101758,101743,101758,15
grooming,101946,101758,101946,188
rearing,101947,101946,101947,1
right_turning,101952,101947,101952,5
sniffing,101953,101952,101953,1
trotting,101963,101953,101963,10
rising,102008,101963,102008,45
climbing,102011,102008,102011,3
right_turning,102036,102011,102036,25
sniffing,102134,102036,102134,98
climbing,102234,102134,102234,100
right_turning,102262,102234,102262,28
left_turning,102293,102262,102293,31
sniffing,102385,102293,102385,92
rising,102463,102385,102463,78
rearing,102487,102463,102487,24
sniffing,102488,102487,102488,1
left_turning,102498,102488,102498,10
rearing,102621,102498,102621,123
rising,102684,102621,102684,63
rearing,102738,102684,102738,54
rising,102762,102738,102762,24
right_turning,102763,102762,102763,1
rising,102781,102763,102781,18
stepping,102835,102781,102835,54
sniffing,103030,102835,103030,195
trotting,103045,103030,103045,15
rising,103122,103045,103122,77
climbing,103168,103122,103168,46
sniffing,103169,103168,103169,1
left_turning,103216,103169,103216,47
walking,103268,103216,103268,52
sniffing,103349,103268,103349,81
rearing,103350,103349,103350,1
sniffing,103353,103350,103353,3
climbing,103428,103353,103428,75
rising,103613,103428,103613,185
climbing,103614,103613,103614,1
walking,103615,103614,103615,1
sniffing,103656,103615,103656,41
walking,103702,103656,103702,46
hunching,103851,103702,103851,149
climbing,103972,103851,103972,121
grooming,104078,103972,104078,106
hunching,104151,104078,104151,73
sniffing,104268,104151,104268,117
stepping,104269,104268,104269,1
left_turning,104306,104269,104306,37
rising,104307,104306,104307,1
sniffing,104354,104307,104354,47
walking,104382,104354,104382,28
hunching,104383,104382,104383,1
sniffing,104473,104383,104473,90
right_turning,104524,104473,104524,51
walking,104557,104524,104557,33
left_turning,104582,104557,104582,25
climbing,104601,104582,104601,19
rising,104709,104601,104709,108
climbing,104710,104709,104710,1
sniffing,104780,104710,104780,70
rising,104781,104780,104781,1
sniffing,104859,104781,104859,78
climbing,105142,104859,105142,283
stepping,105177,105142,105177,35
sniffing,105357,105177,105357,180
left_turning,105382,105357,105382,25
rising,105416,105382,105416,34
climbing,105465,105416,105465,49
rearing,105490,105465,105490,25
hunching,105491,105490,105491,1
rearing,105594,105491,105594,103
sniffing,105683,105594,105683,89
right_turning,105692,105683,105692,9
rising,105745,105692,105745,53
rearing,105798,105745,105798,53
walking,105825,105798,105825,27
sniffing,105853,105825,105853,28
hunching,105900,105853,105900,47
climbing,105984,105900,105984,84
rising,106036,105984,106036,52
rearing,106048,106036,106048,12
sniffing,106107,106048,106107,59
grooming,106149,106107,106149,42
sniffing,106150,106149,106150,1
climbing,106159,106150,106159,9
sniffing,106160,106159,106160,1
left_turning,106161,106160,106161,1
sniffing,106230,106161,106230,69
climbing,106301,106230,106301,71
right_turning,106330,106301,106330,29
sniffing,106361,106330,106361,31
rearing,106395,106361,106395,34
sniffing,106520,106395,106520,125
left_turning,106553,106520,106553,33
sniffing,106554,106553,106554,1
trotting,106572,106554,106572,18
sniffing,106636,106572,106636,64
rising,106659,106636,106659,23
climbing,106727,106659,106727,68
sniffing,106728,106727,106728,1
rising,106747,106728,106747,19
sniffing,106754,106747,106754,7
left_turning,106794,106754,106794,40
walking,106871,106794,106871,77
sniffing,106959,106871,106959,88
climbing,106979,106959,106979,20
sniffing,106994,106979,106994,15
left_turning,107022,106994,107022,28
sniffing,107069,107022,107069,47
rising,107070,107069,107070,1
sniffing,107225,107070,107225,155
right_turning,107245,107225,107245,20
sniffing,107272,107245,107272,27
grooming,107273,107272,107273,1
rearing,107274,107273,107274,1
grooming,107395,107274,107395,121
rising,107448,107395,107448,53
walking,107531,107448,107531,83
stepping,107544,107531,107544,13
rearing,107545,107544,107545,1
climbing,107688,107545,107688,143
rearing,107709,107688,107709,21
climbing,107811,107709,107811,102
sniffing,107838,107811,107838,27
right_turning,107914,107838,107914,76
walking,107955,107914,107955,41
sniffing,107970,107955,107970,15
walking,107985,107970,107985,15
sniffing,107986,107985,107986,1
left_turning,108000,107986,108000,14
