revised_movement_label,segBoundary,segBoundary_start,segBoundary_end,length
rising,1,0,1,1
climbing,2,1,2,1
trotting,21,2,21,19
sniffing,22,21,22,1
right_turning,27,22,27,5
walking,115,27,115,88
left_turning,161,115,161,46
trotting,179,161,179,18
sniffing,180,179,180,1
rising,235,180,235,55
climbing,283,235,283,48
trotting,284,283,284,1
sniffing,349,284,349,65
left_turning,427,349,427,78
sniffing,453,427,453,26
rising,493,453,493,40
climbing,538,493,538,45
rising,565,538,565,27
climbing,623,565,623,58
left_turning,684,623,684,61
climbing,685,684,685,1
stepping,746,685,746,61
sniffing,747,746,747,1
left_turning,768,747,768,21
sniffing,806,768,806,38
rising,814,806,814,8
climbing,870,814,870,56
rearing,934,870,934,64
climbing,964,934,964,30
sniffing,1002,964,1002,38
rising,1003,1002,1003,1
right_turning,1016,1003,1016,13
rising,1017,1016,1017,1
climbing,1087,1017,1087,70
trotting,1096,1087,1096,9
walking,1130,1096,1130,34
climbing,1176,1130,1176,46
sniffing,1225,1176,1225,49
walking,1256,1225,1256,31
sniffing,1262,1256,1262,6
left_turning,1288,1262,1288,26
sniffing,1360,1288,1360,72
rising,1399,1360,1399,39
climbing,1473,1399,1473,74
walking,1487,1473,1487,14
sniffing,1490,1487,1490,3
rising,1491,1490,1491,1
climbing,1537,1491,1537,46
sniffing,1584,1537,1584,47
walking,1592,1584,1592,8
sniffing,1677,1592,1677,85
climbing,1704,1677,1704,27
rising,1740,1704,1740,36
right_turning,1758,1740,1758,18
walking,1821,1758,1821,63
rising,1841,1821,1841,20
walking,1887,1841,1887,46
right_turning,1903,1887,1903,16
running,1921,1903,1921,18
sniffing,1952,1921,1952,31
left_turning,1990,1952,1990,38
walking,2056,1990,2056,66
stepping,2089,2056,2089,33
right_turning,2188,2089,2188,99
sniffing,2241,2188,2241,53
rising,2311,2241,2311,70
climbing,2312,2311,2312,1
trotting,2313,2312,2313,1
rising,2330,2313,2330,17
sniffing,2340,2330,2340,10
right_turning,2369,2340,2369,29
trotting,2403,2369,2403,34
walking,2435,2403,2435,32
sniffing,2573,2435,2573,138
left_turning,2663,2573,2663,90
sniffing,2751,2663,2751,88
climbing,2807,2751,2807,56
sniffing,2890,2807,2890,83
trotting,2946,2890,2946,56
walking,3003,2946,3003,57
stepping,3085,3003,3085,82
sniffing,3124,3085,3124,39
left_turning,3168,3124,3168,44
walking,3169,3168,3169,1
sniffing,3481,3169,3481,312
rising,3483,3481,3483,2
left_turning,3510,3483,3510,27
walking,3578,3510,3578,68
climbing,3601,3578,3601,23
walking,3631,3601,3631,30
hunching,3654,3631,3654,23
sniffing,3724,3654,3724,70
climbing,3774,3724,3774,50
rising,3775,3774,3775,1
sniffing,3860,3775,3860,85
trotting,3910,3860,3910,50
sniffing,3932,3910,3932,22
rising,3985,3932,3985,53
hunching,4054,3985,4054,69
stepping,4055,4054,4055,1
sniffing,4171,4055,4171,116
left_turning,4172,4171,4172,1
sniffing,4211,4172,4211,39
right_turning,4257,4211,4257,46
walking,4357,4257,4357,100
climbing,4395,4357,4395,38
sniffing,4483,4395,4483,88
rising,4529,4483,4529,46
right_turning,4581,4529,4581,52
sniffing,4582,4581,4582,1
trotting,4622,4582,4622,40
walking,4691,4622,4691,69
sniffing,4813,4691,4813,122
rising,4860,4813,4860,47
climbing,4925,4860,4925,65
walking,5024,4925,5024,99
sniffing,5096,5024,5096,72
walking,5100,5096,5100,4
left_turning,5141,5100,5141,41
walking,5144,5141,5144,3
sniffing,5256,5144,5256,112
climbing,5263,5256,5263,7
running,5300,5263,5300,37
walking,5371,5300,5371,71
rising,5396,5371,5396,25
left_turning,5432,5396,5432,36
walking,5461,5432,5461,29
sniffing,5502,5461,5502,41
trotting,5539,5502,5539,37
walking,5622,5539,5622,83
left_turning,5623,5622,5623,1
stepping,5695,5623,5695,72
rising,5696,5695,5696,1
climbing,5729,5696,5729,33
rising,5730,5729,5730,1
walking,5843,5730,5843,113
trotting,5877,5843,5877,34
sniffing,6188,5877,6188,311
walking,6250,6188,6250,62
left_turning,6330,6250,6330,80
sniffing,6360,6330,6360,30
running,6378,6360,6378,18
sniffing,6430,6378,6430,52
climbing,6443,6430,6443,13
sniffing,6515,6443,6515,72
walking,6581,6515,6581,66
sniffing,6740,6581,6740,159
trotting,6768,6740,6768,28
sniffing,6849,6768,6849,81
hunching,6864,6849,6864,15
climbing,6933,6864,6933,69
rising,6961,6933,6961,28
climbing,6986,6961,6986,25
sniffing,7045,6986,7045,59
walking,7101,7045,7101,56
rising,7167,7101,7167,66
rearing,7224,7167,7224,57
sniffing,7225,7224,7225,1
rising,7226,7225,7226,1
sniffing,7227,7226,7227,1
walking,7228,7227,7228,1
sniffing,7233,7228,7233,5
climbing,7242,7233,7242,9
walking,7280,7242,7280,38
sniffing,7435,7280,7435,155
walking,7443,7435,7443,8
sniffing,7490,7443,7490,47
walking,7507,7490,7507,17
rising,7586,7507,7586,79
right_turning,7592,7586,7592,6
rising,7598,7592,7598,6
climbing,7645,7598,7645,47
left_turning,7651,7645,7651,6
walking,7661,7651,7661,10
running,7690,7661,7690,29
left_turning,7726,7690,7726,36
sniffing,7779,7726,7779,53
rearing,7818,7779,7818,39
rising,7835,7818,7835,17
climbing,7901,7835,7901,66
sniffing,7932,7901,7932,31
walking,7933,7932,7933,1
sniffing,7942,7933,7942,9
climbing,7980,7942,7980,38
walking,7981,7980,7981,1
sniffing,7982,7981,7982,1
right_turning,8022,7982,8022,40
walking,8086,8022,8086,64
sniffing,8174,8086,8174,88
trotting,8282,8174,8282,108
right_turning,8366,8282,8366,84
rising,8381,8366,8381,15
walking,8467,8381,8467,86
rising,8468,8467,8468,1
trotting,8504,8468,8504,36
right_turning,8505,8504,8505,1
walking,8571,8505,8571,66
climbing,8602,8571,8602,31
running,8624,8602,8624,22
stepping,8660,8624,8660,36
sniffing,8748,8660,8748,88
left_turning,8823,8748,8823,75
sniffing,8877,8823,8877,54
walking,8878,8877,8878,1
sniffing,8922,8878,8922,44
climbing,8943,8922,8943,21
trotting,8986,8943,8986,43
rising,8988,8986,8988,2
climbing,9066,8988,9066,78
sniffing,9094,9066,9094,28
walking,9188,9094,9188,94
sniffing,9292,9188,9292,104
climbing,9340,9292,9340,48
rising,9366,9340,9366,26
stepping,9392,9366,9392,26
trotting,9422,9392,9422,30
sniffing,9550,9422,9550,128
rising,9582,9550,9582,32
climbing,9613,9582,9613,31
left_turning,9678,9613,9678,65
walking,9679,9678,9679,1
rising,9729,9679,9729,50
sniffing,9730,9729,9730,1
rising,9752,9730,9752,22
sniffing,9818,9752,9818,66
trotting,9872,9818,9872,54
stepping,9873,9872,9873,1
sniffing,9951,9873,9951,78
stepping,10000,9951,10000,49
sniffing,10027,10000,10027,27
trotting,10051,10027,10051,24
rising,10070,10051,10070,19
walking,10071,10070,10071,1
stepping,10134,10071,10134,63
walking,10219,10134,10219,85
left_turning,10245,10219,10245,26
sniffing,10591,10245,10591,346
grooming,10760,10591,10760,169
walking,10790,10760,10790,30
rising,10839,10790,10839,49
walking,10866,10839,10866,27
sniffing,10867,10866,10867,1
trotting,10893,10867,10893,26
running,10963,10893,10963,70
sniffing,11131,10963,11131,168
climbing,11193,11131,11193,62
sniffing,11275,11193,11275,82
rising,11302,11275,11302,27
climbing,11379,11302,11379,77
sniffing,11482,11379,11482,103
walking,11521,11482,11521,39
sniffing,11568,11521,11568,47
left_turning,11569,11568,11569,1
trotting,11592,11569,11592,23
walking,11690,11592,11690,98
sniffing,11766,11690,11766,76
left_turning,11795,11766,11795,29
sniffing,11810,11795,11810,15
walking,11863,11810,11863,53
sniffing,11940,11863,11940,77
walking,11941,11940,11941,1
sniffing,11942,11941,11942,1
climbing,12034,11942,12034,92
sniffing,12072,12034,12072,38
rising,12210,12072,12210,138
climbing,12295,12210,12295,85
rising,12327,12295,12327,32
sniffing,12363,12327,12363,36
rising,12394,12363,12394,31
left_turning,12395,12394,12395,1
sniffing,12396,12395,12396,1
rising,12441,12396,12441,45
walking,12556,12441,12556,115
sniffing,12581,12556,12581,25
walking,12582,12581,12582,1
sniffing,12583,12582,12583,1
rising,12625,12583,12625,42
sniffing,12707,12625,12707,82
right_turning,12742,12707,12742,35
walking,12831,12742,12831,89
left_turning,12851,12831,12851,20
walking,12902,12851,12902,51
sniffing,12950,12902,12950,48
rising,12962,12950,12962,12
climbing,12993,12962,12993,31
right_turning,13035,12993,13035,42
trotting,13070,13035,13070,35
sniffing,13146,13070,13146,76
rising,13149,13146,13149,3
climbing,13152,13149,13152,3
rising,13176,13152,13176,24
sniffing,13212,13176,13212,36
hunching,13236,13212,13236,24
sniffing,13241,13236,13241,5
rising,13242,13241,13242,1
right_turning,13266,13242,13266,24
stepping,13309,13266,13309,43
right_turning,13342,13309,13342,33
stepping,13382,13342,13382,40
right_turning,13383,13382,13383,1
sniffing,13408,13383,13408,25
left_turning,13423,13408,13423,15
walking,13424,13423,13424,1
sniffing,13476,13424,13476,52
climbing,13502,13476,13502,26
rising,13530,13502,13530,28
sniffing,13555,13530,13555,25
climbing,13589,13555,13589,34
sniffing,13600,13589,13600,11
left_turning,13660,13600,13660,60
climbing,13661,13660,13661,1
sniffing,13708,13661,13708,47
rearing,13804,13708,13804,96
trotting,13839,13804,13839,35
walking,13971,13839,13971,132
climbing,14001,13971,14001,30
right_turning,14075,14001,14075,74
stepping,14121,14075,14121,46
sniffing,14167,14121,14167,46
rising,14255,14167,14255,88
hunching,14294,14255,14294,39
sniffing,14413,14294,14413,119
climbing,14414,14413,14414,1
trotting,14450,14414,14450,36
stepping,14530,14450,14530,80
running,14579,14530,14579,49
walking,14610,14579,14610,31
climbing,14711,14610,14711,101
walking,14780,14711,14780,69
sniffing,14836,14780,14836,56
stepping,14884,14836,14884,48
sniffing,14911,14884,14911,27
rearing,15066,14911,15066,155
sniffing,15230,15066,15230,164
rising,15231,15230,15231,1
sniffing,15283,15231,15283,52
right_turning,15317,15283,15317,34
walking,15318,15317,15318,1
rising,15370,15318,15370,52
sniffing,15388,15370,15388,18
rearing,15407,15388,15407,19
grooming,15463,15407,15463,56
sniffing,15464,15463,15464,1
walking,15502,15464,15502,38
left_turning,15503,15502,15503,1
right_turning,15558,15503,15558,55
left_turning,15570,15558,15570,12
sniffing,15637,15570,15637,67
rising,15638,15637,15638,1
right_turning,15676,15638,15676,38
rising,15703,15676,15703,27
sniffing,15865,15703,15865,162
climbing,16007,15865,16007,142
sniffing,16128,16007,16128,121
running,16132,16128,16132,4
walking,16177,16132,16177,45
rising,16178,16177,16178,1
sniffing,16266,16178,16266,88
left_turning,16306,16266,16306,40
rising,16381,16306,16381,75
hunching,16440,16381,16440,59
sniffing,16534,16440,16534,94
walking,16596,16534,16596,62
climbing,16662,16596,16662,66
sniffing,16673,16662,16673,11
rising,16724,16673,16724,51
climbing,16725,16724,16725,1
hunching,16726,16725,16726,1
trotting,16754,16726,16754,28
sniffing,16786,16754,16786,32
left_turning,16820,16786,16820,34
sniffing,16850,16820,16850,30
right_turning,16877,16850,16877,27
sniffing,16979,16877,16979,102
pausing,17214,16979,17214,235
walking,17353,17214,17353,139
rising,17409,17353,17409,56
left_turning,17449,17409,17449,40
trotting,17470,17449,17470,21
stepping,17493,17470,17493,23
rising,17516,17493,17516,23
grooming,17556,17516,17556,40
right_turning,17573,17556,17573,17
walking,17631,17573,17631,58
sniffing,17632,17631,17632,1
left_turning,17671,17632,17671,39
sniffing,17786,17671,17786,115
stepping,17856,17786,17856,70
sniffing,17867,17856,17867,11
left_turning,17921,17867,17921,54
climbing,17943,17921,17943,22
sniffing,18017,17943,18017,74
rearing,18124,18017,18124,107
sniffing,18294,18124,18294,170
rising,18301,18294,18301,7
sniffing,18380,18301,18380,79
walking,18413,18380,18413,33
sniffing,18418,18413,18418,5
climbing,18470,18418,18470,52
sniffing,18508,18470,18508,38
left_turning,18559,18508,18559,51
walking,18560,18559,18560,1
sniffing,18770,18560,18770,210
rising,18795,18770,18795,25
grooming,18796,18795,18796,1
climbing,18873,18796,18873,77
sniffing,18874,18873,18874,1
climbing,18905,18874,18905,31
sniffing,18906,18905,18906,1
rising,18998,18906,18998,92
climbing,19123,18998,19123,125
sniffing,19173,19123,19173,50
left_turning,19206,19173,19206,33
walking,19207,19206,19207,1
left_turning,19273,19207,19273,66
sniffing,19323,19273,19323,50
rising,19347,19323,19347,24
sniffing,19409,19347,19409,62
right_turning,19524,19409,19524,115
walking,19567,19524,19567,43
rising,19648,19567,19648,81
sniffing,19654,19648,19654,6
walking,19730,19654,19730,76
stepping,19746,19730,19746,16
sniffing,19765,19746,19765,19
left_turning,19797,19765,19797,32
sniffing,20001,19797,20001,204
left_turning,20033,20001,20033,32
sniffing,20171,20033,20171,138
climbing,20190,20171,20190,19
sniffing,20226,20190,20226,36
running,20257,20226,20257,31
sniffing,20258,20257,20258,1
trotting,20308,20258,20308,50
climbing,20351,20308,20351,43
left_turning,20394,20351,20394,43
sniffing,20438,20394,20438,44
walking,20456,20438,20456,18
sniffing,20457,20456,20457,1
hunching,20514,20457,20514,57
grooming,20515,20514,20515,1
walking,20535,20515,20535,20
rising,20553,20535,20553,18
sniffing,20615,20553,20615,62
running,20628,20615,20628,13
sniffing,20691,20628,20691,63
rising,20700,20691,20700,9
grooming,20868,20700,20868,168
rearing,20872,20868,20872,4
rising,20873,20872,20873,1
sniffing,20880,20873,20880,7
rising,20895,20880,20895,15
left_turning,21017,20895,21017,122
walking,21029,21017,21029,12
stepping,21048,21029,21048,19
sniffing,21170,21048,21170,122
walking,21177,21170,21177,7
rising,21252,21177,21252,75
climbing,21263,21252,21263,11
hunching,21404,21263,21404,141
sniffing,21514,21404,21514,110
pausing,21754,21514,21754,240
sniffing,21843,21754,21843,89
rising,21897,21843,21897,54
climbing,21962,21897,21962,65
sniffing,21980,21962,21980,18
stepping,22011,21980,22011,31
walking,22030,22011,22030,19
rising,22102,22030,22102,72
climbing,22170,22102,22170,68
left_turning,22188,22170,22188,18
walking,22201,22188,22201,13
sniffing,22202,22201,22202,1
rising,22208,22202,22208,6
climbing,22209,22208,22209,1
left_turning,22301,22209,22301,92
sniffing,22407,22301,22407,106
stepping,22422,22407,22422,15
rising,22517,22422,22517,95
sniffing,22534,22517,22534,17
left_turning,22540,22534,22540,6
running,22561,22540,22561,21
stepping,22606,22561,22606,45
climbing,22748,22606,22748,142
stepping,22770,22748,22770,22
walking,22800,22770,22800,30
trotting,22811,22800,22811,11
left_turning,22825,22811,22825,14
sniffing,22897,22825,22897,72
climbing,22960,22897,22960,63
rising,23009,22960,23009,49
rearing,23045,23009,23045,36
rising,23046,23045,23046,1
trotting,23054,23046,23054,8
sniffing,23091,23054,23091,37
right_turning,23092,23091,23092,1
running,23119,23092,23119,27
sniffing,23159,23119,23159,40
stepping,23189,23159,23189,30
climbing,23227,23189,23227,38
right_turning,23283,23227,23283,56
trotting,23301,23283,23301,18
rearing,23398,23301,23398,97
rising,23399,23398,23399,1
climbing,23442,23399,23442,43
rising,23487,23442,23487,45
running,23550,23487,23550,63
walking,23610,23550,23610,60
sniffing,23710,23610,23710,100
climbing,23870,23710,23870,160
sniffing,24075,23870,24075,205
right_turning,24119,24075,24119,44
walking,24182,24119,24182,63
sniffing,24183,24182,24183,1
walking,24184,24183,24184,1
stepping,24209,24184,24209,25
rising,24240,24209,24240,31
sniffing,24397,24240,24397,157
trotting,24422,24397,24422,25
rising,24446,24422,24446,24
climbing,24495,24446,24495,49
sniffing,24509,24495,24509,14
stepping,24521,24509,24521,12
right_turning,24544,24521,24544,23
walking,24576,24544,24576,32
climbing,24665,24576,24665,89
hunching,24684,24665,24684,19
rearing,24709,24684,24709,25
walking,24737,24709,24737,28
climbing,24774,24737,24774,37
rising,24847,24774,24847,73
walking,24941,24847,24941,94
climbing,25022,24941,25022,81
grooming,25180,25022,25180,158
rearing,25234,25180,25234,54
walking,25251,25234,25251,17
sniffing,25318,25251,25318,67
trotting,25364,25318,25364,46
sniffing,25370,25364,25370,6
walking,25398,25370,25398,28
sniffing,25468,25398,25468,70
walking,25491,25468,25491,23
sniffing,25517,25491,25517,26
climbing,25518,25517,25518,1
walking,25540,25518,25540,22
sniffing,25541,25540,25541,1
trotting,25542,25541,25542,1
rising,25591,25542,25591,49
climbing,25627,25591,25627,36
sniffing,25631,25627,25631,4
right_turning,25658,25631,25658,27
walking,25691,25658,25691,33
sniffing,25806,25691,25806,115
walking,25877,25806,25877,71
rearing,25947,25877,25947,70
left_turning,26017,25947,26017,70
walking,26062,26017,26062,45
trotting,26111,26062,26111,49
rearing,26117,26111,26117,6
climbing,26164,26117,26164,47
rising,26207,26164,26207,43
grooming,26298,26207,26298,91
rearing,26349,26298,26349,51
climbing,26387,26349,26387,38
rising,26388,26387,26388,1
rearing,26401,26388,26401,13
grooming,26476,26401,26476,75
climbing,26603,26476,26603,127
sniffing,26608,26603,26608,5
stepping,26609,26608,26609,1
left_turning,26647,26609,26647,38
sniffing,26687,26647,26687,40
climbing,26696,26687,26696,9
running,26720,26696,26720,24
sniffing,26793,26720,26793,73
rising,26892,26793,26892,99
climbing,26946,26892,26946,54
walking,27020,26946,27020,74
rearing,27100,27020,27100,80
sniffing,27186,27100,27186,86
climbing,27207,27186,27207,21
left_turning,27232,27207,27232,25
walking,27242,27232,27242,10
sniffing,27316,27242,27316,74
trotting,27349,27316,27349,33
stepping,27413,27349,27413,64
sniffing,27454,27413,27454,41
rising,27491,27454,27491,37
rearing,27544,27491,27544,53
climbing,27578,27544,27578,34
stepping,27579,27578,27579,1
hunching,27630,27579,27630,51
sniffing,27696,27630,27696,66
climbing,27735,27696,27735,39
sniffing,27736,27735,27736,1
walking,27801,27736,27801,65
left_turning,27823,27801,27823,22
walking,27934,27823,27934,111
climbing,27965,27934,27965,31
rearing,28134,27965,28134,169
running,28155,28134,28155,21
rising,28158,28155,28158,3
climbing,28230,28158,28230,72
sniffing,28231,28230,28231,1
left_turning,28360,28231,28360,129
sniffing,28441,28360,28441,81
left_turning,28520,28441,28520,79
walking,28521,28520,28521,1
climbing,28557,28521,28557,36
left_turning,28558,28557,28558,1
stepping,28565,28558,28565,7
sniffing,28655,28565,28655,90
pausing,28946,28655,28946,291
sniffing,29083,28946,29083,137
climbing,29206,29083,29206,123
sniffing,29239,29206,29239,33
rising,29250,29239,29250,11
climbing,29336,29250,29336,86
rising,29408,29336,29408,72
sniffing,29409,29408,29409,1
left_turning,29455,29409,29455,46
sniffing,29456,29455,29456,1
left_turning,29522,29456,29522,66
sniffing,29616,29522,29616,94
left_turning,29647,29616,29647,31
sniffing,29671,29647,29671,24
climbing,29726,29671,29726,55
rising,29745,29726,29745,19
sniffing,29779,29745,29779,34
walking,29898,29779,29898,119
sniffing,30211,29898,30211,313
rearing,30212,30211,30212,1
trotting,30237,30212,30237,25
climbing,30266,30237,30266,29
rising,30269,30266,30269,3
climbing,30345,30269,30345,76
sniffing,30377,30345,30377,32
trotting,30424,30377,30424,47
sniffing,30442,30424,30442,18
walking,30471,30442,30471,29
stepping,30480,30471,30480,9
walking,30493,30480,30493,13
running,30519,30493,30519,26
right_turning,30555,30519,30555,36
sniffing,30618,30555,30618,63
rising,30661,30618,30661,43
sniffing,30754,30661,30754,93
left_turning,30793,30754,30793,39
sniffing,30794,30793,30794,1
left_turning,30837,30794,30837,43
stepping,30887,30837,30887,50
rising,30938,30887,30938,51
grooming,30939,30938,30939,1
climbing,30997,30939,30997,58
left_turning,31029,30997,31029,32
rising,31085,31029,31085,56
climbing,31106,31085,31106,21
trotting,31135,31106,31135,29
walking,31173,31135,31173,38
rising,31206,31173,31206,33
sniffing,31207,31206,31207,1
climbing,31208,31207,31208,1
stepping,31247,31208,31247,39
trotting,31266,31247,31266,19
left_turning,31301,31266,31301,35
walking,31306,31301,31306,5
stepping,31321,31306,31321,15
left_turning,31348,31321,31348,27
walking,31361,31348,31361,13
climbing,31394,31361,31394,33
stepping,31447,31394,31447,53
climbing,31477,31447,31477,30
running,31492,31477,31492,15
walking,31574,31492,31574,82
sniffing,31679,31574,31679,105
climbing,31693,31679,31693,14
walking,31759,31693,31759,66
sniffing,31994,31759,31994,235
left_turning,32034,31994,32034,40
trotting,32102,32034,32102,68
sniffing,32163,32102,32163,61
hunching,32164,32163,32164,1
grooming,32205,32164,32205,41
sniffing,32206,32205,32206,1
pausing,32407,32206,32407,201
sniffing,32408,32407,32408,1
walking,32409,32408,32409,1
sniffing,32528,32409,32528,119
walking,32647,32528,32647,119
rising,32670,32647,32670,23
sniffing,32749,32670,32749,79
right_turning,32790,32749,32790,41
walking,32861,32790,32861,71
left_turning,32890,32861,32890,29
running,32913,32890,32913,23
climbing,33013,32913,33013,100
sniffing,33061,33013,33061,48
hunching,33090,33061,33090,29
right_turning,33092,33090,33092,2
trotting,33125,33092,33125,33
walking,33262,33125,33262,137
right_turning,33306,33262,33306,44
walking,33341,33306,33341,35
right_turning,33409,33341,33409,68
walking,33472,33409,33472,63
rising,33524,33472,33524,52
trotting,33549,33524,33549,25
walking,33581,33549,33581,32
rising,33647,33581,33647,66
right_turning,33648,33647,33648,1
trotting,33708,33648,33708,60
stepping,33767,33708,33767,59
rising,33888,33767,33888,121
sniffing,33993,33888,33993,105
rising,34021,33993,34021,28
hunching,34043,34021,34043,22
rising,34094,34043,34094,51
climbing,34172,34094,34172,78
sniffing,34235,34172,34235,63
rearing,34291,34235,34291,56
rising,34330,34291,34330,39
trotting,34334,34330,34334,4
stepping,34382,34334,34382,48
left_turning,34412,34382,34412,30
sniffing,34509,34412,34509,97
right_turning,34528,34509,34528,19
sniffing,34554,34528,34554,26
climbing,34664,34554,34664,110
sniffing,34665,34664,34665,1
left_turning,34676,34665,34676,11
walking,34707,34676,34707,31
jumping,34747,34707,34747,40
rising,34837,34747,34837,90
rearing,34854,34837,34854,17
left_turning,34855,34854,34855,1
sniffing,34940,34855,34940,85
stepping,35010,34940,35010,70
right_turning,35037,35010,35037,27
sniffing,35038,35037,35038,1
rising,35078,35038,35078,40
right_turning,35100,35078,35100,22
walking,35134,35100,35134,34
sniffing,35251,35134,35251,117
walking,35289,35251,35289,38
rising,35334,35289,35334,45
climbing,35382,35334,35382,48
rising,35421,35382,35421,39
climbing,35423,35421,35423,2
sniffing,35453,35423,35453,30
rising,35454,35453,35454,1
sniffing,35513,35454,35513,59
trotting,35537,35513,35537,24
sniffing,35602,35537,35602,65
stepping,35636,35602,35636,34
walking,35670,35636,35670,34
rising,35715,35670,35715,45
left_turning,35716,35715,35716,1
rising,35747,35716,35747,31
climbing,35834,35747,35834,87
rising,35869,35834,35869,35
grooming,35957,35869,35957,88
trotting,36006,35957,36006,49
left_turning,36055,36006,36055,49
walking,36077,36055,36077,22
sniffing,36105,36077,36105,28
walking,36130,36105,36130,25
sniffing,36131,36130,36131,1
walking,36248,36131,36248,117
stepping,36299,36248,36299,51
climbing,36352,36299,36352,53
sniffing,36427,36352,36427,75
climbing,36428,36427,36428,1
trotting,36457,36428,36457,29
sniffing,36566,36457,36566,109
walking,36629,36566,36629,63
climbing,36735,36629,36735,106
rising,36764,36735,36764,29
left_turning,36797,36764,36797,33
sniffing,36808,36797,36808,11
stepping,36835,36808,36835,27
walking,36899,36835,36899,64
rising,36916,36899,36916,17
climbing,36944,36916,36944,28
rearing,36966,36944,36966,22
sniffing,37105,36966,37105,139
rising,37126,37105,37126,21
trotting,37127,37126,37127,1
running,37136,37127,37136,9
walking,37191,37136,37191,55
sniffing,37307,37191,37307,116
walking,37397,37307,37397,90
rising,37413,37397,37413,16
hunching,37450,37413,37450,37
right_turning,37458,37450,37458,8
sniffing,37585,37458,37585,127
rising,37634,37585,37634,49
walking,37710,37634,37710,76
sniffing,37927,37710,37927,217
stepping,37965,37927,37965,38
sniffing,37966,37965,37966,1
left_turning,37967,37966,37967,1
sniffing,38023,37967,38023,56
rising,38027,38023,38027,4
left_turning,38042,38027,38042,15
trotting,38043,38042,38043,1
left_turning,38087,38043,38087,44
sniffing,38092,38087,38092,5
rising,38093,38092,38093,1
climbing,38096,38093,38096,3
walking,38153,38096,38153,57
sniffing,38164,38153,38164,11
left_turning,38174,38164,38174,10
sniffing,38207,38174,38207,33
stepping,38214,38207,38214,7
sniffing,38313,38214,38313,99
rising,38333,38313,38333,20
climbing,38417,38333,38417,84
walking,38495,38417,38495,78
sniffing,38542,38495,38542,47
rising,38543,38542,38543,1
sniffing,38620,38543,38620,77
grooming,38694,38620,38694,74
left_turning,38740,38694,38740,46
sniffing,38833,38740,38833,93
grooming,39012,38833,39012,179
climbing,39067,39012,39067,55
walking,39073,39067,39073,6
stepping,39097,39073,39097,24
walking,39129,39097,39129,32
running,39133,39129,39133,4
walking,39177,39133,39177,44
sniffing,39178,39177,39178,1
rearing,39179,39178,39179,1
jumping,39301,39179,39301,122
grooming,39417,39301,39417,116
walking,39439,39417,39439,22
running,39446,39439,39446,7
walking,39493,39446,39493,47
sniffing,39571,39493,39571,78
walking,39632,39571,39632,61
sniffing,39658,39632,39658,26
walking,39668,39658,39668,10
stepping,39699,39668,39699,31
walking,39700,39699,39700,1
sniffing,39729,39700,39729,29
walking,39730,39729,39730,1
climbing,39758,39730,39758,28
running,39783,39758,39783,25
rising,39784,39783,39784,1
climbing,39820,39784,39820,36
right_turning,39835,39820,39835,15
trotting,39868,39835,39868,33
sniffing,40053,39868,40053,185
walking,40088,40053,40088,35
sniffing,40089,40088,40089,1
rearing,40169,40089,40169,80
climbing,40242,40169,40242,73
trotting,40287,40242,40287,45
sniffing,40433,40287,40433,146
rearing,40542,40433,40542,109
walking,40565,40542,40565,23
rising,40566,40565,40566,1
climbing,40644,40566,40644,78
left_turning,40711,40644,40711,67
walking,40763,40711,40763,52
sniffing,40764,40763,40764,1
rising,40795,40764,40795,31
sniffing,40882,40795,40882,87
rising,40907,40882,40907,25
climbing,40936,40907,40936,29
trotting,40947,40936,40947,11
walking,40990,40947,40990,43
left_turning,41008,40990,41008,18
trotting,41067,41008,41067,59
rising,41084,41067,41084,17
climbing,41182,41084,41182,98
running,41199,41182,41199,17
walking,41241,41199,41241,42
sniffing,41262,41241,41262,21
climbing,41348,41262,41348,86
sniffing,41369,41348,41369,21
walking,41370,41369,41370,1
running,41391,41370,41391,21
stepping,41407,41391,41407,16
walking,41496,41407,41496,89
climbing,41497,41496,41497,1
walking,41543,41497,41543,46
rising,41577,41543,41577,34
left_turning,41637,41577,41637,60
walking,41662,41637,41662,25
sniffing,41663,41662,41663,1
walking,41698,41663,41698,35
climbing,41777,41698,41777,79
sniffing,41792,41777,41792,15
rising,41879,41792,41879,87
climbing,41923,41879,41923,44
walking,41951,41923,41951,28
stepping,41981,41951,41981,30
rising,42016,41981,42016,35
climbing,42054,42016,42054,38
right_turning,42077,42054,42077,23
trotting,42156,42077,42156,79
walking,42200,42156,42200,44
rising,42235,42200,42235,35
climbing,42268,42235,42268,33
walking,42350,42268,42350,82
trotting,42382,42350,42382,32
rising,42421,42382,42421,39
sniffing,42562,42421,42562,141
left_turning,42612,42562,42612,50
walking,42668,42612,42668,56
sniffing,42807,42668,42807,139
climbing,42884,42807,42884,77
rising,42903,42884,42903,19
left_turning,42935,42903,42935,32
running,42985,42935,42985,50
walking,43063,42985,43063,78
left_turning,43186,43063,43186,123
stepping,43203,43186,43203,17
sniffing,43291,43203,43291,88
trotting,43332,43291,43332,41
sniffing,43384,43332,43384,52
stepping,43465,43384,43465,81
sniffing,43532,43465,43532,67
jumping,43576,43532,43576,44
rising,43616,43576,43616,40
right_turning,43632,43616,43632,16
stepping,43649,43632,43649,17
walking,43701,43649,43701,52
climbing,43723,43701,43723,22
sniffing,43724,43723,43724,1
right_turning,43757,43724,43757,33
sniffing,43771,43757,43771,14
hunching,43785,43771,43785,14
grooming,43805,43785,43805,20
sniffing,43815,43805,43815,10
walking,43816,43815,43816,1
rising,43890,43816,43890,74
walking,43945,43890,43945,55
rising,44031,43945,44031,86
climbing,44107,44031,44107,76
trotting,44149,44107,44149,42
sniffing,44212,44149,44212,63
rising,44213,44212,44213,1
walking,44255,44213,44255,42
left_turning,44275,44255,44275,20
sniffing,44373,44275,44373,98
rising,44374,44373,44374,1
sniffing,44552,44374,44552,178
rising,44553,44552,44553,1
stepping,44597,44553,44597,44
sniffing,44931,44597,44931,334
hunching,44957,44931,44957,26
rising,44971,44957,44971,14
stepping,45028,44971,45028,57
rising,45117,45028,45117,89
grooming,45118,45117,45118,1
sniffing,45198,45118,45198,80
walking,45239,45198,45239,41
hunching,45240,45239,45240,1
rearing,45241,45240,45241,1
rising,45264,45241,45264,23
climbing,45387,45264,45387,123
sniffing,45422,45387,45422,35
climbing,45537,45422,45537,115
rising,45585,45537,45585,48
climbing,45635,45585,45635,50
sniffing,45752,45635,45752,117
climbing,45861,45752,45861,109
rising,45895,45861,45895,34
sniffing,45956,45895,45956,61
rising,46066,45956,46066,110
climbing,46120,46066,46120,54
walking,46183,46120,46183,63
trotting,46198,46183,46198,15
sniffing,46290,46198,46290,92
pausing,46422,46290,46422,132
sniffing,46423,46422,46423,1
walking,46450,46423,46450,27
left_turning,46487,46450,46487,37
walking,46540,46487,46540,53
rising,46595,46540,46595,55
climbing,46674,46595,46674,79
hunching,46739,46674,46739,65
grooming,46958,46739,46958,219
rearing,47012,46958,47012,54
walking,47064,47012,47064,52
sniffing,47065,47064,47065,1
walking,47087,47065,47087,22
sniffing,47197,47087,47197,110
grooming,47209,47197,47209,12
rearing,47234,47209,47234,25
grooming,47346,47234,47346,112
rearing,47347,47346,47347,1
rising,47366,47347,47366,19
grooming,47443,47366,47443,77
sniffing,47515,47443,47515,72
walking,47535,47515,47535,20
sniffing,47614,47535,47614,79
rearing,47698,47614,47698,84
climbing,47786,47698,47786,88
rising,47837,47786,47837,51
sniffing,47874,47837,47874,37
climbing,47875,47874,47875,1
rearing,47879,47875,47879,4
hunching,47888,47879,47888,9
climbing,47889,47888,47889,1
walking,47890,47889,47890,1
climbing,47942,47890,47942,52
sniffing,47980,47942,47980,38
trotting,47983,47980,47983,3
rising,48020,47983,48020,37
hunching,48051,48020,48051,31
climbing,48124,48051,48124,73
right_turning,48177,48124,48177,53
running,48199,48177,48199,22
climbing,48273,48199,48273,74
trotting,48298,48273,48298,25
sniffing,48299,48298,48299,1
stepping,48300,48299,48300,1
sniffing,48378,48300,48378,78
walking,48415,48378,48415,37
rearing,48432,48415,48432,17
rising,48468,48432,48468,36
climbing,48491,48468,48491,23
left_turning,48507,48491,48507,16
sniffing,48508,48507,48508,1
grooming,48514,48508,48514,6
sniffing,48624,48514,48624,110
walking,48688,48624,48688,64
sniffing,48730,48688,48730,42
walking,48819,48730,48819,89
rising,48832,48819,48832,13
climbing,48869,48832,48869,37
rising,48910,48869,48910,41
sniffing,48923,48910,48923,13
walking,49027,48923,49027,104
left_turning,49121,49027,49121,94
sniffing,49352,49121,49352,231
rising,49415,49352,49415,63
climbing,49476,49415,49476,61
rising,49477,49476,49477,1
grooming,49661,49477,49661,184
sniffing,49757,49661,49757,96
walking,49808,49757,49808,51
sniffing,49827,49808,49827,19
left_turning,49828,49827,49828,1
rising,49873,49828,49873,45
sniffing,49953,49873,49953,80
climbing,50002,49953,50002,49
rearing,50034,50002,50034,32
sniffing,50091,50034,50091,57
rising,50118,50091,50118,27
climbing,50186,50118,50186,68
sniffing,50225,50186,50225,39
climbing,50264,50225,50264,39
rearing,50265,50264,50265,1
left_turning,50278,50265,50278,13
rising,50343,50278,50343,65
sniffing,50424,50343,50424,81
walking,50425,50424,50425,1
rising,50435,50425,50435,10
climbing,50501,50435,50501,66
rising,50502,50501,50502,1
left_turning,50559,50502,50559,57
walking,50574,50559,50574,15
stepping,50594,50574,50594,20
sniffing,50616,50594,50616,22
climbing,50626,50616,50626,10
sniffing,50737,50626,50737,111
climbing,50838,50737,50838,101
rearing,50839,50838,50839,1
sniffing,50978,50839,50978,139
walking,50985,50978,50985,7
climbing,51051,50985,51051,66
trotting,51078,51051,51078,27
walking,51088,51078,51088,10
trotting,51089,51088,51089,1
climbing,51115,51089,51115,26
left_turning,51136,51115,51136,21
sniffing,51246,51136,51246,110
left_turning,51247,51246,51247,1
walking,51293,51247,51293,46
left_turning,51342,51293,51342,49
trotting,51358,51342,51358,16
sniffing,51359,51358,51359,1
rising,51369,51359,51369,10
climbing,51412,51369,51412,43
rearing,51413,51412,51413,1
rising,51494,51413,51494,81
climbing,51519,51494,51519,25
rising,51613,51519,51613,94
sniffing,51658,51613,51658,45
climbing,51737,51658,51737,79
rearing,51738,51737,51738,1
grooming,51739,51738,51739,1
trotting,51781,51739,51781,42
left_turning,51802,51781,51802,21
rising,51843,51802,51843,41
walking,51867,51843,51867,24
sniffing,51880,51867,51880,13
walking,51950,51880,51950,70
rising,51977,51950,51977,27
sniffing,52050,51977,52050,73
stepping,52063,52050,52063,13
sniffing,52132,52063,52132,69
rising,52175,52132,52175,43
sniffing,52225,52175,52225,50
walking,52255,52225,52255,30
rearing,52295,52255,52295,40
climbing,52414,52295,52414,119
rising,52507,52414,52507,93
climbing,52569,52507,52569,62
sniffing,52726,52569,52726,157
left_turning,52756,52726,52756,30
climbing,52794,52756,52794,38
rearing,52795,52794,52795,1
sniffing,52819,52795,52819,24
climbing,52854,52819,52854,35
right_turning,52879,52854,52879,25
rising,52898,52879,52898,19
sniffing,53031,52898,53031,133
rising,53048,53031,53048,17
climbing,53049,53048,53049,1
sniffing,53077,53049,53077,28
rearing,53078,53077,53078,1
sniffing,53191,53078,53191,113
climbing,53234,53191,53234,43
left_turning,53239,53234,53239,5
sniffing,53240,53239,53240,1
hunching,53272,53240,53272,32
grooming,53477,53272,53477,205
sniffing,53498,53477,53498,21
rearing,53499,53498,53499,1
sniffing,53572,53499,53572,73
right_turning,53637,53572,53637,65
sniffing,53655,53637,53655,18
climbing,53749,53655,53749,94
left_turning,53805,53749,53805,56
trotting,53868,53805,53868,63
sniffing,53902,53868,53902,34
right_turning,53935,53902,53935,33
left_turning,53936,53935,53936,1
sniffing,54004,53936,54004,68
trotting,54025,54004,54025,21
sniffing,54118,54025,54118,93
walking,54219,54118,54219,101
sniffing,54319,54219,54319,100
left_turning,54369,54319,54369,50
trotting,54376,54369,54376,7
walking,54408,54376,54408,32
left_turning,54501,54408,54501,93
rearing,54566,54501,54566,65
climbing,54567,54566,54567,1
rising,54652,54567,54652,85
trotting,54702,54652,54702,50
sniffing,54723,54702,54723,21
pausing,54919,54723,54919,196
sniffing,54920,54919,54920,1
rising,54921,54920,54921,1
sniffing,54922,54921,54922,1
walking,54923,54922,54923,1
sniffing,54932,54923,54932,9
left_turning,54933,54932,54933,1
rearing,54934,54933,54934,1
rising,54940,54934,54940,6
hunching,54959,54940,54959,19
sniffing,54975,54959,54975,16
left_turning,55019,54975,55019,44
sniffing,55042,55019,55042,23
walking,55083,55042,55083,41
sniffing,55179,55083,55179,96
rising,55214,55179,55214,35
climbing,55293,55214,55293,79
grooming,55876,55293,55876,583
sniffing,55989,55876,55989,113
walking,56037,55989,56037,48
rising,56110,56037,56110,73
climbing,56137,56110,56137,27
grooming,56176,56137,56176,39
left_turning,56191,56176,56191,15
sniffing,56192,56191,56192,1
rising,56260,56192,56260,68
sniffing,56359,56260,56359,99
rising,56379,56359,56379,20
climbing,56407,56379,56407,28
rearing,56408,56407,56408,1
sniffing,56409,56408,56409,1
rising,56477,56409,56477,68
climbing,56588,56477,56588,111
hunching,56674,56588,56674,86
rising,56690,56674,56690,16
sniffing,56795,56690,56795,105
running,56830,56795,56830,35
walking,56864,56830,56864,34
rising,56921,56864,56921,57
left_turning,56955,56921,56955,34
sniffing,57057,56955,57057,102
grooming,57343,57057,57343,286
sniffing,57424,57343,57424,81
walking,57446,57424,57446,22
sniffing,57573,57446,57573,127
rising,57581,57573,57581,8
sniffing,57638,57581,57638,57
rising,57700,57638,57700,62
sniffing,57767,57700,57767,67
grooming,57913,57767,57913,146
walking,57958,57913,57958,45
stepping,57959,57958,57959,1
sniffing,58056,57959,58056,97
grooming,58403,58056,58403,347
rearing,58404,58403,58404,1
rising,58413,58404,58413,9
sniffing,58437,58413,58437,24
walking,58479,58437,58479,42
rearing,58499,58479,58499,20
grooming,58567,58499,58567,68
sniffing,58917,58567,58917,350
walking,58972,58917,58972,55
sniffing,59170,58972,59170,198
rising,59236,59170,59236,66
sniffing,59264,59236,59264,28
running,59278,59264,59278,14
left_turning,59290,59278,59290,12
sniffing,59326,59290,59326,36
rising,59342,59326,59342,16
left_turning,59389,59342,59389,47
trotting,59403,59389,59403,14
walking,59417,59403,59417,14
rearing,59427,59417,59427,10
climbing,59428,59427,59428,1
walking,59440,59428,59440,12
right_turning,59445,59440,59445,5
running,59483,59445,59483,38
trotting,59491,59483,59491,8
sniffing,59639,59491,59639,148
trotting,59653,59639,59653,14
rising,59716,59653,59716,63
sniffing,59744,59716,59744,28
rising,59745,59744,59745,1
left_turning,59803,59745,59803,58
sniffing,59832,59803,59832,29
right_turning,59881,59832,59881,49
trotting,59899,59881,59899,18
walking,59927,59899,59927,28
sniffing,59928,59927,59928,1
rising,59950,59928,59950,22
climbing,60000,59950,60000,50
sniffing,60011,60000,60011,11
walking,60064,60011,60064,53
left_turning,60065,60064,60065,1
walking,60116,60065,60116,51
rising,60154,60116,60154,38
grooming,60317,60154,60317,163
left_turning,60318,60317,60318,1
rising,60364,60318,60364,46
rearing,60365,60364,60365,1
rising,60445,60365,60445,80
hunching,60460,60445,60460,15
climbing,60461,60460,60461,1
sniffing,60484,60461,60484,23
left_turning,60544,60484,60544,60
sniffing,60596,60544,60596,52
rising,60643,60596,60643,47
climbing,60649,60643,60649,6
right_turning,60667,60649,60667,18
running,60685,60667,60685,18
left_turning,60761,60685,60761,76
sniffing,60762,60761,60762,1
climbing,60837,60762,60837,75
walking,60947,60837,60947,110
sniffing,60992,60947,60992,45
grooming,61008,60992,61008,16
climbing,61049,61008,61049,41
rearing,61107,61049,61107,58
climbing,61110,61107,61110,3
right_turning,61111,61110,61111,1
running,61134,61111,61134,23
stepping,61156,61134,61156,22
walking,61241,61156,61241,85
stepping,61301,61241,61301,60
sniffing,61322,61301,61322,21
rising,61371,61322,61371,49
sniffing,61443,61371,61443,72
left_turning,61466,61443,61466,23
sniffing,61611,61466,61611,145
climbing,61799,61611,61799,188
rearing,61870,61799,61870,71
grooming,61999,61870,61999,129
rearing,62058,61999,62058,59
trotting,62101,62058,62101,43
hunching,62124,62101,62124,23
right_turning,62125,62124,62125,1
left_turning,62159,62125,62159,34
trotting,62201,62159,62201,42
walking,62251,62201,62251,50
sniffing,62267,62251,62267,16
left_turning,62295,62267,62295,28
trotting,62305,62295,62305,10
left_turning,62345,62305,62345,40
walking,62376,62345,62376,31
climbing,62428,62376,62428,52
sniffing,62520,62428,62520,92
stepping,62555,62520,62555,35
climbing,62596,62555,62596,41
walking,62631,62596,62631,35
sniffing,62735,62631,62735,104
walking,62788,62735,62788,53
sniffing,62867,62788,62867,79
walking,62934,62867,62934,67
sniffing,63001,62934,63001,67
rising,63097,63001,63097,96
walking,63139,63097,63139,42
climbing,63186,63139,63186,47
sniffing,63357,63186,63357,171
climbing,63507,63357,63507,150
rising,63550,63507,63550,43
climbing,63551,63550,63551,1
rising,63586,63551,63586,35
climbing,63659,63586,63659,73
trotting,63707,63659,63707,48
rising,63746,63707,63746,39
climbing,63810,63746,63810,64
rearing,63830,63810,63830,20
sniffing,63882,63830,63882,52
rising,63919,63882,63919,37
rearing,63980,63919,63980,61
climbing,64036,63980,64036,56
right_turning,64109,64036,64109,73
running,64141,64109,64141,32
trotting,64223,64141,64223,82
rising,64303,64223,64303,80
stepping,64321,64303,64321,18
right_turning,64325,64321,64325,4
running,64327,64325,64327,2
sniffing,64352,64327,64352,25
left_turning,64443,64352,64443,91
sniffing,64527,64443,64527,84
rising,64528,64527,64528,1
sniffing,64567,64528,64567,39
left_turning,64568,64567,64568,1
walking,64569,64568,64569,1
stepping,64605,64569,64605,36
sniffing,64658,64605,64658,53
trotting,64682,64658,64682,24
left_turning,64701,64682,64701,19
running,64753,64701,64753,52
sniffing,64815,64753,64815,62
walking,64873,64815,64873,58
sniffing,64923,64873,64923,50
climbing,64944,64923,64944,21
left_turning,65007,64944,65007,63
walking,65023,65007,65023,16
sniffing,65144,65023,65144,121
left_turning,65145,65144,65145,1
sniffing,65261,65145,65261,116
left_turning,65302,65261,65302,41
sniffing,65422,65302,65422,120
rising,65509,65422,65509,87
climbing,65720,65509,65720,211
sniffing,65857,65720,65857,137
right_turning,65874,65857,65874,17
sniffing,65952,65874,65952,78
rising,65980,65952,65980,28
climbing,66070,65980,66070,90
rising,66073,66070,66073,3
left_turning,66120,66073,66120,47
sniffing,66123,66120,66123,3
left_turning,66157,66123,66157,34
sniffing,66251,66157,66251,94
walking,66307,66251,66307,56
sniffing,66451,66307,66451,144
left_turning,66505,66451,66505,54
rising,66506,66505,66506,1
climbing,66575,66506,66575,69
sniffing,66717,66575,66717,142
walking,66784,66717,66784,67
sniffing,66835,66784,66835,51
rising,66846,66835,66846,11
left_turning,66860,66846,66860,14
trotting,66903,66860,66903,43
walking,66937,66903,66937,34
rising,66985,66937,66985,48
rearing,66986,66985,66986,1
sniffing,67219,66986,67219,233
climbing,67360,67219,67360,141
right_turning,67408,67360,67408,48
sniffing,67452,67408,67452,44
climbing,67502,67452,67502,50
walking,67503,67502,67503,1
sniffing,67572,67503,67572,69
walking,67622,67572,67622,50
left_turning,67652,67622,67652,30
grooming,67653,67652,67653,1
sniffing,67682,67653,67682,29
hunching,67773,67682,67773,91
rearing,67774,67773,67774,1
climbing,67775,67774,67775,1
trotting,67807,67775,67807,32
sniffing,67873,67807,67873,66
rising,67904,67873,67904,31
stepping,67955,67904,67955,51
sniffing,68021,67955,68021,66
walking,68055,68021,68055,34
left_turning,68094,68055,68094,39
walking,68111,68094,68111,17
rearing,68234,68111,68234,123
grooming,68242,68234,68242,8
rearing,68273,68242,68273,31
walking,68343,68273,68343,70
climbing,68413,68343,68413,70
walking,68457,68413,68457,44
rising,68505,68457,68505,48
walking,68519,68505,68519,14
sniffing,68543,68519,68543,24
rising,68556,68543,68556,13
climbing,68627,68556,68627,71
sniffing,68629,68627,68629,2
walking,68656,68629,68656,27
rearing,68657,68656,68657,1
walking,68686,68657,68686,29
rising,68718,68686,68718,32
sniffing,68807,68718,68807,89
left_turning,68857,68807,68857,50
trotting,68875,68857,68875,18
stepping,68924,68875,68924,49
sniffing,68999,68924,68999,75
left_turning,69016,68999,69016,17
walking,69120,69016,69120,104
rising,69169,69120,69169,49
hunching,69224,69169,69224,55
climbing,69240,69224,69240,16
sniffing,69283,69240,69283,43
rising,69284,69283,69284,1
climbing,69424,69284,69424,140
sniffing,69456,69424,69456,32
left_turning,69495,69456,69495,39
trotting,69510,69495,69510,15
sniffing,69656,69510,69656,146
climbing,69662,69656,69662,6
trotting,69701,69662,69701,39
sniffing,69742,69701,69742,41
rising,69743,69742,69743,1
right_turning,69794,69743,69794,51
climbing,70018,69794,70018,224
walking,70159,70018,70159,141
sniffing,70221,70159,70221,62
left_turning,70222,70221,70222,1
rising,70270,70222,70270,48
stepping,70326,70270,70326,56
sniffing,70491,70326,70491,165
left_turning,70548,70491,70548,57
trotting,70558,70548,70558,10
sniffing,70559,70558,70559,1
stepping,70610,70559,70610,51
rising,70636,70610,70636,26
climbing,70720,70636,70720,84
trotting,70792,70720,70792,72
walking,70844,70792,70844,52
left_turning,70860,70844,70860,16
sniffing,70976,70860,70976,116
walking,71011,70976,71011,35
right_turning,71056,71011,71056,45
sniffing,71182,71056,71182,126
rising,71263,71182,71263,81
sniffing,71505,71263,71505,242
trotting,71551,71505,71551,46
rising,71552,71551,71552,1
walking,71566,71552,71566,14
sniffing,71648,71566,71648,82
climbing,71888,71648,71888,240
sniffing,71946,71888,71946,58
left_turning,71976,71946,71976,30
sniffing,72083,71976,72083,107
left_turning,72084,72083,72084,1
rising,72104,72084,72104,20
climbing,72387,72104,72387,283
grooming,72388,72387,72388,1
sniffing,72573,72388,72573,185
climbing,72574,72573,72574,1
rearing,72658,72574,72658,84
rising,72664,72658,72664,6
climbing,72666,72664,72666,2
sniffing,72701,72666,72701,35
rearing,72849,72701,72849,148
climbing,72985,72849,72985,136
trotting,73010,72985,73010,25
walking,73051,73010,73051,41
climbing,73110,73051,73110,59
rising,73111,73110,73111,1
left_turning,73173,73111,73173,62
walking,73185,73173,73185,12
sniffing,73220,73185,73220,35
walking,73273,73220,73273,53
rising,73314,73273,73314,41
rearing,73373,73314,73373,59
rising,73392,73373,73392,19
stepping,73393,73392,73393,1
sniffing,73438,73393,73438,45
walking,73441,73438,73441,3
trotting,73482,73441,73482,41
climbing,73529,73482,73529,47
sniffing,73674,73529,73674,145
walking,73726,73674,73726,52
climbing,73771,73726,73771,45
rising,73772,73771,73772,1
rearing,73847,73772,73847,75
sniffing,73923,73847,73923,76
right_turning,73958,73923,73958,35
sniffing,73959,73958,73959,1
hunching,74068,73959,74068,109
sniffing,74230,74068,74230,162
rising,74231,74230,74231,1
climbing,74289,74231,74289,58
right_turning,74296,74289,74296,7
hunching,74376,74296,74376,80
climbing,74421,74376,74421,45
rearing,74457,74421,74457,36
sniffing,74461,74457,74461,4
pausing,74587,74461,74587,126
sniffing,74809,74587,74809,222
hunching,74810,74809,74810,1
grooming,74872,74810,74872,62
climbing,74957,74872,74957,85
trotting,74985,74957,74985,28
rising,74987,74985,74987,2
sniffing,75091,74987,75091,104
stepping,75133,75091,75133,42
sniffing,75219,75133,75219,86
walking,75251,75219,75251,32
rearing,75271,75251,75271,20
left_turning,75272,75271,75272,1
walking,75291,75272,75291,19
left_turning,75337,75291,75337,46
climbing,75374,75337,75374,37
walking,75471,75374,75471,97
left_turning,75501,75471,75501,30
walking,75520,75501,75520,19
climbing,75624,75520,75624,104
rearing,75668,75624,75668,44
rising,75682,75668,75682,14
sniffing,75733,75682,75733,51
rearing,75734,75733,75734,1
rising,75780,75734,75780,46
grooming,75898,75780,75898,118
sniffing,75904,75898,75904,6
left_turning,75924,75904,75924,20
sniffing,75935,75924,75935,11
walking,75955,75935,75955,20
stepping,75998,75955,75998,43
rising,76035,75998,76035,37
rearing,76064,76035,76064,29
walking,76065,76064,76065,1
rearing,76066,76065,76066,1
walking,76086,76066,76086,20
rising,76087,76086,76087,1
sniffing,76232,76087,76232,145
climbing,76245,76232,76245,13
walking,76266,76245,76266,21
trotting,76267,76266,76267,1
stepping,76304,76267,76304,37
sniffing,76370,76304,76370,66
left_turning,76376,76370,76376,6
sniffing,76377,76376,76377,1
climbing,76416,76377,76416,39
right_turning,76427,76416,76427,11
walking,76541,76427,76541,114
climbing,76638,76541,76638,97
hunching,76749,76638,76749,111
rising,76769,76749,76769,20
climbing,76770,76769,76770,1
right_turning,76828,76770,76828,58
trotting,76839,76828,76839,11
walking,76873,76839,76873,34
trotting,76874,76873,76874,1
stepping,76912,76874,76912,38
sniffing,76994,76912,76994,82
walking,77060,76994,77060,66
climbing,77104,77060,77104,44
sniffing,77130,77104,77130,26
grooming,77231,77130,77231,101
rising,77234,77231,77234,3
right_turning,77262,77234,77262,28
walking,77295,77262,77295,33
rearing,77319,77295,77319,24
rising,77341,77319,77341,22
hunching,77342,77341,77342,1
walking,77385,77342,77385,43
sniffing,77386,77385,77386,1
left_turning,77437,77386,77437,51
right_turning,77461,77437,77461,24
sniffing,77558,77461,77558,97
rising,77559,77558,77559,1
climbing,77560,77559,77560,1
walking,77574,77560,77574,14
rising,77644,77574,77644,70
sniffing,77724,77644,77724,80
right_turning,77804,77724,77804,80
left_turning,77817,77804,77817,13
running,77820,77817,77820,3
walking,77821,77820,77821,1
rising,77822,77821,77822,1
climbing,77945,77822,77945,123
walking,78040,77945,78040,95
rising,78055,78040,78055,15
hunching,78056,78055,78056,1
sniffing,78360,78056,78360,304
walking,78377,78360,78377,17
rising,78393,78377,78393,16
climbing,78439,78393,78439,46
sniffing,78556,78439,78556,117
hunching,78609,78556,78609,53
left_turning,78635,78609,78635,26
sniffing,78745,78635,78745,110
walking,78787,78745,78787,42
sniffing,79030,78787,79030,243
rearing,79037,79030,79037,7
grooming,79038,79037,79038,1
left_turning,79091,79038,79091,53
right_turning,79121,79091,79121,30
sniffing,79160,79121,79160,39
left_turning,79212,79160,79212,52
walking,79250,79212,79250,38
climbing,79305,79250,79305,55
walking,79338,79305,79338,33
sniffing,79347,79338,79347,9
rising,79365,79347,79365,18
climbing,79484,79365,79484,119
grooming,79582,79484,79582,98
sniffing,79648,79582,79648,66
walking,79743,79648,79743,95
sniffing,79753,79743,79753,10
right_turning,79802,79753,79802,49
stepping,79835,79802,79835,33
sniffing,79920,79835,79920,85
rising,79954,79920,79954,34
climbing,80011,79954,80011,57
right_turning,80054,80011,80054,43
stepping,80115,80054,80115,61
walking,80144,80115,80144,29
sniffing,80195,80144,80195,51
pausing,80456,80195,80456,261
sniffing,80515,80456,80515,59
stepping,80532,80515,80532,17
walking,80578,80532,80578,46
rising,80598,80578,80598,20
climbing,80638,80598,80638,40
sniffing,80639,80638,80639,1
walking,80641,80639,80641,2
climbing,80719,80641,80719,78
hunching,80720,80719,80720,1
jumping,80761,80720,80761,41
sniffing,80780,80761,80780,19
rising,80822,80780,80822,42
climbing,80877,80822,80877,55
right_turning,80926,80877,80926,49
trotting,80993,80926,80993,67
left_turning,81041,80993,81041,48
sniffing,81042,81041,81042,1
walking,81110,81042,81110,68
sniffing,81120,81110,81120,10
rearing,81121,81120,81121,1
walking,81181,81121,81181,60
stepping,81216,81181,81216,35
trotting,81249,81216,81249,33
running,81275,81249,81275,26
walking,81306,81275,81306,31
running,81341,81306,81341,35
walking,81342,81341,81342,1
sniffing,81684,81342,81684,342
grooming,81870,81684,81870,186
climbing,81918,81870,81918,48
walking,81970,81918,81970,52
stepping,81993,81970,81993,23
rising,82044,81993,82044,51
sniffing,82186,82044,82186,142
rising,82202,82186,82202,16
sniffing,82203,82202,82203,1
walking,82278,82203,82278,75
sniffing,82279,82278,82279,1
walking,82301,82279,82301,22
sniffing,82430,82301,82430,129
rising,82502,82430,82502,72
sniffing,82585,82502,82585,83
running,82593,82585,82593,8
walking,82613,82593,82613,20
climbing,82712,82613,82712,99
sniffing,82805,82712,82805,93
climbing,82806,82805,82806,1
sniffing,82922,82806,82922,116
grooming,83139,82922,83139,217
sniffing,83255,83139,83255,116
walking,83371,83255,83371,116
sniffing,83724,83371,83724,353
climbing,83812,83724,83812,88
sniffing,83866,83812,83866,54
rising,83867,83866,83867,1
grooming,83868,83867,83868,1
climbing,83956,83868,83956,88
right_turning,83975,83956,83975,19
walking,84055,83975,84055,80
rising,84134,84055,84134,79
right_turning,84168,84134,84168,34
sniffing,84232,84168,84232,64
pausing,84432,84232,84432,200
sniffing,84499,84432,84499,67
walking,84588,84499,84588,89
stepping,84614,84588,84614,26
trotting,84637,84614,84637,23
sniffing,84638,84637,84638,1
walking,84695,84638,84695,57
left_turning,84748,84695,84748,53
right_turning,84767,84748,84767,19
walking,84803,84767,84803,36
rising,84804,84803,84804,1
climbing,84926,84804,84926,122
hunching,84970,84926,84970,44
sniffing,85108,84970,85108,138
rearing,85109,85108,85109,1
grooming,85253,85109,85253,144
rearing,85349,85253,85349,96
walking,85350,85349,85350,1
sniffing,85405,85350,85405,55
rising,85423,85405,85423,18
climbing,85424,85423,85424,1
right_turning,85492,85424,85492,68
sniffing,85596,85492,85596,104
left_turning,85622,85596,85622,26
sniffing,85671,85622,85671,49
rising,85672,85671,85672,1
hunching,85832,85672,85832,160
rearing,85955,85832,85955,123
sniffing,86074,85955,86074,119
grooming,86353,86074,86353,279
sniffing,86354,86353,86354,1
climbing,86566,86354,86566,212
rising,86570,86566,86570,4
climbing,86611,86570,86611,41
walking,86640,86611,86640,29
rising,86641,86640,86641,1
climbing,86763,86641,86763,122
rising,86764,86763,86764,1
hunching,86765,86764,86765,1
sniffing,86902,86765,86902,137
stepping,86903,86902,86903,1
left_turning,86932,86903,86932,29
walking,86961,86932,86961,29
trotting,87026,86961,87026,65
walking,87098,87026,87098,72
left_turning,87105,87098,87105,7
sniffing,87106,87105,87106,1
walking,87154,87106,87154,48
sniffing,87234,87154,87234,80
rising,87280,87234,87280,46
sniffing,87315,87280,87315,35
rising,87362,87315,87362,47
right_turning,87363,87362,87363,1
stepping,87414,87363,87414,51
left_turning,87471,87414,87471,57
sniffing,87542,87471,87542,71
rising,87580,87542,87580,38
walking,87654,87580,87654,74
sniffing,87763,87654,87763,109
trotting,87804,87763,87804,41
stepping,87834,87804,87834,30
walking,87838,87834,87838,4
rising,87839,87838,87839,1
climbing,87870,87839,87870,31
rising,87876,87870,87876,6
grooming,88546,87876,88546,670
rearing,88547,88546,88547,1
sniffing,88626,88547,88626,79
stepping,88666,88626,88666,40
walking,88718,88666,88718,52
rising,88736,88718,88736,18
grooming,88737,88736,88737,1
sniffing,88756,88737,88756,19
left_turning,88762,88756,88762,6
sniffing,88763,88762,88763,1
stepping,88793,88763,88793,30
sniffing,88837,88793,88837,44
rising,88869,88837,88869,32
climbing,89003,88869,89003,134
sniffing,89119,89003,89119,116
left_turning,89155,89119,89155,36
walking,89221,89155,89221,66
sniffing,89222,89221,89222,1
walking,89223,89222,89223,1
rising,89257,89223,89257,34
climbing,89306,89257,89306,49
rearing,89395,89306,89395,89
sniffing,89452,89395,89452,57
running,89467,89452,89467,15
sniffing,89547,89467,89547,80
walking,89589,89547,89589,42
sniffing,89729,89589,89729,140
left_turning,89731,89729,89731,2
sniffing,89833,89731,89833,102
right_turning,89862,89833,89862,29
sniffing,90002,89862,90002,140
running,90023,90002,90023,21
rising,90095,90023,90095,72
rearing,90210,90095,90210,115
rising,90272,90210,90272,62
rearing,90363,90272,90363,91
left_turning,90451,90363,90451,88
sniffing,90521,90451,90521,70
walking,90640,90521,90640,119
left_turning,90697,90640,90697,57
sniffing,90841,90697,90841,144
rising,90906,90841,90906,65
climbing,91004,90906,91004,98
rising,91038,91004,91038,34
climbing,91106,91038,91106,68
hunching,91217,91106,91217,111
climbing,91260,91217,91260,43
rising,91345,91260,91345,85
sniffing,91390,91345,91390,45
walking,91399,91390,91399,9
rising,91484,91399,91484,85
left_turning,91532,91484,91532,48
sniffing,91585,91532,91585,53
walking,91634,91585,91634,49
rearing,91635,91634,91635,1
sniffing,91695,91635,91695,60
right_turning,91710,91695,91710,15
walking,91718,91710,91718,8
sniffing,91873,91718,91873,155
walking,91887,91873,91887,14
sniffing,91977,91887,91977,90
pausing,92204,91977,92204,227
right_turning,92205,92204,92205,1
climbing,92350,92205,92350,145
left_turning,92415,92350,92415,65
walking,92451,92415,92451,36
sniffing,92475,92451,92475,24
right_turning,92476,92475,92476,1
walking,92477,92476,92477,1
sniffing,92506,92477,92506,29
rearing,92590,92506,92590,84
climbing,92645,92590,92645,55
left_turning,92684,92645,92684,39
climbing,92720,92684,92720,36
sniffing,92856,92720,92856,136
rearing,92937,92856,92937,81
hunching,92973,92937,92973,36
sniffing,93055,92973,93055,82
hunching,93056,93055,93056,1
right_turning,93108,93056,93108,52
climbing,93151,93108,93151,43
rising,93209,93151,93209,58
sniffing,93237,93209,93237,28
climbing,93306,93237,93306,69
running,93327,93306,93327,21
left_turning,93358,93327,93358,31
sniffing,93359,93358,93359,1
left_turning,93405,93359,93405,46
rising,93414,93405,93414,9
sniffing,93415,93414,93415,1
stepping,93476,93415,93476,61
trotting,93506,93476,93506,30
sniffing,93581,93506,93581,75
climbing,93601,93581,93601,20
left_turning,93611,93601,93611,10
walking,93656,93611,93656,45
left_turning,93676,93656,93676,20
trotting,93740,93676,93740,64
stepping,93801,93740,93801,61
climbing,93864,93801,93864,63
walking,93933,93864,93933,69
rising,93966,93933,93966,33
climbing,93967,93966,93967,1
grooming,93968,93967,93968,1
left_turning,93969,93968,93969,1
walking,94014,93969,94014,45
sniffing,94112,94014,94112,98
left_turning,94113,94112,94113,1
rising,94185,94113,94185,72
climbing,94213,94185,94213,28
hunching,94264,94213,94264,51
rising,94265,94264,94265,1
walking,94281,94265,94281,16
rising,94320,94281,94320,39
sniffing,94357,94320,94357,37
grooming,94358,94357,94358,1
sniffing,94366,94358,94366,8
climbing,94367,94366,94367,1
rearing,94372,94367,94372,5
grooming,94985,94372,94985,613
rising,94993,94985,94993,8
hunching,94994,94993,94994,1
rising,95074,94994,95074,80
climbing,95193,95074,95193,119
grooming,95194,95193,95194,1
sniffing,95280,95194,95280,86
rising,95305,95280,95305,25
climbing,95365,95305,95365,60
rearing,95366,95365,95366,1
hunching,95386,95366,95386,20
walking,95412,95386,95412,26
stepping,95413,95412,95413,1
walking,95518,95413,95518,105
sniffing,95537,95518,95537,19
walking,95598,95537,95598,61
right_turning,95621,95598,95621,23
walking,95718,95621,95718,97
left_turning,95742,95718,95742,24
sniffing,95812,95742,95812,70
rearing,95870,95812,95870,58
rising,95970,95870,95970,100
rearing,96046,95970,96046,76
rising,96097,96046,96097,51
climbing,96322,96097,96322,225
right_turning,96354,96322,96354,32
sniffing,96395,96354,96395,41
hunching,96441,96395,96441,46
rearing,96611,96441,96611,170
climbing,96630,96611,96630,19
left_turning,96632,96630,96632,2
sniffing,96633,96632,96633,1
rising,96636,96633,96636,3
rearing,96663,96636,96663,27
walking,96709,96663,96709,46
sniffing,96733,96709,96733,24
climbing,96861,96733,96861,128
trotting,96872,96861,96872,11
sniffing,96942,96872,96942,70
walking,97004,96942,97004,62
sniffing,97005,97004,97005,1
grooming,97195,97005,97195,190
rearing,97196,97195,97196,1
hunching,97292,97196,97292,96
grooming,97813,97292,97813,521
climbing,97906,97813,97906,93
sniffing,97991,97906,97991,85
walking,97992,97991,97992,1
sniffing,97993,97992,97993,1
trotting,98040,97993,98040,47
walking,98059,98040,98059,19
rearing,98127,98059,98127,68
sniffing,98128,98127,98128,1
walking,98149,98128,98149,21
sniffing,98151,98149,98151,2
right_turning,98178,98151,98178,27
left_turning,98179,98178,98179,1
sniffing,98180,98179,98180,1
rising,98285,98180,98285,105
walking,98325,98285,98325,40
sniffing,98326,98325,98326,1
climbing,98444,98326,98444,118
left_turning,98465,98444,98465,21
sniffing,98659,98465,98659,194
stepping,98702,98659,98702,43
walking,98703,98702,98703,1
sniffing,98734,98703,98734,31
left_turning,98758,98734,98758,24
hunching,98764,98758,98764,6
sniffing,98883,98764,98883,119
climbing,98934,98883,98934,51
sniffing,98935,98934,98935,1
hunching,99073,98935,99073,138
grooming,99250,99073,99250,177
sniffing,99672,99250,99672,422
rising,99673,99672,99673,1
climbing,99674,99673,99674,1
rearing,99675,99674,99675,1
grooming,100010,99675,100010,335
sniffing,100124,100010,100124,114
rearing,100194,100124,100194,70
walking,100215,100194,100215,21
sniffing,100299,100215,100299,84
left_turning,100339,100299,100339,40
stepping,100382,100339,100382,43
rising,100434,100382,100434,52
climbing,100507,100434,100507,73
rearing,100576,100507,100576,69
grooming,100696,100576,100696,120
sniffing,100697,100696,100697,1
left_turning,100698,100697,100698,1
climbing,100837,100698,100837,139
running,100850,100837,100850,13
rising,100864,100850,100864,14
sniffing,100865,100864,100865,1
climbing,100959,100865,100959,94
rearing,100960,100959,100960,1
rising,100983,100960,100983,23
sniffing,101384,100983,101384,401
walking,101427,101384,101427,43
rising,101535,101427,101535,108
climbing,101580,101535,101580,45
rising,101581,101580,101581,1
sniffing,101696,101581,101696,115
pausing,102285,101696,102285,589
sniffing,102342,102285,102342,57
rising,102375,102342,102375,33
climbing,102397,102375,102397,22
grooming,102529,102397,102529,132
sniffing,102636,102529,102636,107
running,102689,102636,102689,53
sniffing,103081,102689,103081,392
rising,103123,103081,103123,42
climbing,103190,103123,103190,67
rearing,103191,103190,103191,1
sniffing,103192,103191,103192,1
hunching,103273,103192,103273,81
sniffing,103295,103273,103295,22
rearing,103348,103295,103348,53
grooming,103466,103348,103466,118
walking,103493,103466,103493,27
right_turning,103536,103493,103536,43
walking,103656,103536,103656,120
sniffing,103770,103656,103770,114
grooming,104077,103770,104077,307
right_turning,104094,104077,104094,17
trotting,104140,104094,104140,46
walking,104250,104140,104250,110
trotting,104257,104250,104257,7
stepping,104334,104257,104334,77
sniffing,104457,104334,104457,123
rearing,104469,104457,104469,12
rising,104503,104469,104503,34
stepping,104504,104503,104504,1
grooming,104531,104504,104531,27
climbing,104557,104531,104557,26
sniffing,104611,104557,104611,54
trotting,104644,104611,104644,33
left_turning,104685,104644,104685,41
sniffing,104778,104685,104778,93
rearing,105019,104778,105019,241
sniffing,105114,105019,105114,95
left_turning,105143,105114,105143,29
walking,105160,105143,105160,17
rearing,105194,105160,105194,34
hunching,105253,105194,105253,59
left_turning,105290,105253,105290,37
sniffing,105480,105290,105480,190
rising,105653,105480,105653,173
rearing,105704,105653,105704,51
sniffing,105705,105704,105705,1
walking,105718,105705,105718,13
left_turning,105719,105718,105719,1
trotting,105749,105719,105749,30
left_turning,105807,105749,105807,58
rising,105924,105807,105924,117
left_turning,105946,105924,105946,22
walking,105976,105946,105976,30
sniffing,105993,105976,105993,17
rising,106112,105993,106112,119
grooming,106245,106112,106245,133
sniffing,106276,106245,106276,31
pausing,106363,106276,106363,87
sniffing,106400,106363,106400,37
trotting,106425,106400,106425,25
stepping,106445,106425,106445,20
sniffing,106619,106445,106619,174
climbing,106637,106619,106637,18
rising,106658,106637,106658,21
stepping,106696,106658,106696,38
walking,106736,106696,106736,40
sniffing,106918,106736,106918,182
walking,106931,106918,106931,13
rising,107046,106931,107046,115
sniffing,107074,107046,107074,28
rising,107115,107074,107115,41
walking,107188,107115,107188,73
rising,107303,107188,107303,115
sniffing,107365,107303,107365,62
rising,107366,107365,107366,1
rearing,107423,107366,107423,57
walking,107468,107423,107468,45
sniffing,107469,107468,107469,1
walking,107486,107469,107486,17
climbing,107487,107486,107487,1
rearing,107488,107487,107488,1
grooming,107489,107488,107489,1
rising,107494,107489,107494,5
walking,107561,107494,107561,67
right_turning,107618,107561,107618,57
stepping,107635,107618,107635,17
walking,107646,107635,107646,11
sniffing,107690,107646,107690,44
walking,107747,107690,107747,57
sniffing,107833,107747,107833,86
rising,107834,107833,107834,1
climbing,107928,107834,107928,94
rearing,107929,107928,107929,1
rising,108000,107929,108000,71
