revised_movement_label,segBoundary,segBoundary_start,segBoundary_end,length
trotting,39,0,39,39
sniffing,59,39,59,20
trotting,118,59,118,59
running,158,118,158,40
climbing,188,158,188,30
sniffing,229,188,229,41
trotting,249,229,249,20
right_turning,285,249,285,36
sniffing,316,285,316,31
rising,353,316,353,37
rearing,364,353,364,11
walking,387,364,387,23
rising,464,387,464,77
sniffing,604,464,604,140
running,611,604,611,7
walking,663,611,663,52
sniffing,751,663,751,88
right_turning,772,751,772,21
rising,773,772,773,1
right_turning,787,773,787,14
trotting,811,787,811,24
rising,812,811,812,1
sniffing,1058,812,1058,246
left_turning,1104,1058,1104,46
sniffing,1105,1104,1105,1
rising,1136,1105,1136,31
sniffing,1262,1136,1262,126
left_turning,1280,1262,1280,18
sniffing,1309,1280,1309,29
climbing,1357,1309,1357,48
walking,1360,1357,1360,3
trotting,1410,1360,1410,50
walking,1428,1410,1428,18
trotting,1454,1428,1454,26
left_turning,1490,1454,1490,36
sniffing,1545,1490,1545,55
walking,1594,1545,1594,49
sniffing,1668,1594,1668,74
climbing,1677,1668,1677,9
sniffing,1812,1677,1812,135
walking,1850,1812,1850,38
left_turning,1851,1850,1851,1
walking,1852,1851,1852,1
trotting,1896,1852,1896,44
sniffing,1963,1896,1963,67
walking,2005,1963,2005,42
left_turning,2006,2005,2006,1
rising,2007,2006,2007,1
climbing,2048,2007,2048,41
walking,2089,2048,2089,41
sniffing,2120,2089,2120,31
right_turning,2164,2120,2164,44
walking,2165,2164,2165,1
sniffing,2238,2165,2238,73
climbing,2285,2238,2285,47
left_turning,2300,2285,2300,15
sniffing,2301,2300,2301,1
climbing,2304,2301,2304,3
walking,2394,2304,2394,90
rising,2439,2394,2439,45
walking,2441,2439,2441,2
sniffing,2540,2441,2540,99
rising,2585,2540,2585,45
left_turning,2611,2585,2611,26
sniffing,2683,2611,2683,72
rearing,2690,2683,2690,7
sniffing,2754,2690,2754,64
climbing,2808,2754,2808,54
sniffing,2826,2808,2826,18
climbing,2880,2826,2880,54
rising,2884,2880,2884,4
walking,2959,2884,2959,75
sniffing,3076,2959,3076,117
running,3144,3076,3144,68
sniffing,3262,3144,3262,118
rising,3263,3262,3263,1
climbing,3376,3263,3376,113
left_turning,3387,3376,3387,11
sniffing,3401,3387,3401,14
trotting,3438,3401,3438,37
sniffing,3439,3438,3439,1
rising,3457,3439,3457,18
climbing,3492,3457,3492,35
trotting,3493,3492,3493,1
sniffing,3593,3493,3593,100
left_turning,3634,3593,3634,41
walking,3815,3634,3815,181
stepping,3832,3815,3832,17
sniffing,3833,3832,3833,1
climbing,3882,3833,3882,49
rising,3883,3882,3883,1
sniffing,3965,3883,3965,82
rising,3993,3965,3993,28
stepping,3994,3993,3994,1
sniffing,3995,3994,3995,1
walking,4077,3995,4077,82
trotting,4100,4077,4100,23
left_turning,4101,4100,4101,1
sniffing,4151,4101,4151,50
left_turning,4192,4151,4192,41
stepping,4211,4192,4211,19
rising,4254,4211,4254,43
walking,4255,4254,4255,1
climbing,4330,4255,4330,75
rising,4390,4330,4390,60
climbing,4441,4390,4441,51
sniffing,4513,4441,4513,72
rising,4554,4513,4554,41
climbing,4616,4554,4616,62
right_turning,4629,4616,4629,13
trotting,4642,4629,4642,13
running,4674,4642,4674,32
walking,4697,4674,4697,23
sniffing,4740,4697,4740,43
climbing,4782,4740,4782,42
left_turning,4799,4782,4799,17
walking,4805,4799,4805,6
climbing,4819,4805,4819,14
right_turning,4834,4819,4834,15
sniffing,4915,4834,4915,81
rising,4916,4915,4916,1
sniffing,4931,4916,4931,15
walking,5004,4931,5004,73
running,5020,5004,5020,16
walking,5095,5020,5095,75
running,5146,5095,5146,51
walking,5188,5146,5188,42
sniffing,5220,5188,5220,32
rising,5222,5220,5222,2
sniffing,5225,5222,5225,3
rising,5249,5225,5249,24
walking,5286,5249,5286,37
climbing,5307,5286,5307,21
walking,5420,5307,5420,113
left_turning,5456,5420,5456,36
trotting,5485,5456,5485,29
sniffing,5554,5485,5554,69
climbing,5623,5554,5623,69
sniffing,5677,5623,5677,54
walking,5721,5677,5721,44
sniffing,5752,5721,5752,31
rising,5796,5752,5796,44
left_turning,5797,5796,5797,1
climbing,5823,5797,5823,26
trotting,5859,5823,5859,36
walking,5930,5859,5930,71
stepping,5968,5930,5968,38
rising,6019,5968,6019,51
sniffing,6110,6019,6110,91
trotting,6125,6110,6125,15
sniffing,6202,6125,6202,77
rearing,6212,6202,6212,10
rising,6270,6212,6270,58
climbing,6281,6270,6281,11
right_turning,6337,6281,6337,56
hunching,6371,6337,6371,34
climbing,6437,6371,6437,66
walking,6533,6437,6533,96
left_turning,6544,6533,6544,11
rising,6622,6544,6622,78
right_turning,6651,6622,6651,29
rising,6713,6651,6713,62
climbing,6714,6713,6714,1
sniffing,6771,6714,6771,57
rearing,6787,6771,6787,16
sniffing,6812,6787,6812,25
climbing,6865,6812,6865,53
rising,6897,6865,6897,32
walking,6975,6897,6975,78
hunching,7011,6975,7011,36
climbing,7104,7011,7104,93
stepping,7125,7104,7125,21
trotting,7169,7125,7169,44
sniffing,7170,7169,7170,1
right_turning,7171,7170,7171,1
walking,7172,7171,7172,1
sniffing,7173,7172,7173,1
left_turning,7200,7173,7200,27
walking,7262,7200,7262,62
sniffing,7293,7262,7293,31
climbing,7330,7293,7330,37
rising,7331,7330,7331,1
sniffing,7395,7331,7395,64
climbing,7402,7395,7402,7
rising,7452,7402,7452,50
sniffing,7497,7452,7497,45
rearing,7508,7497,7508,11
sniffing,7577,7508,7577,69
climbing,7658,7577,7658,81
sniffing,7750,7658,7750,92
left_turning,7851,7750,7851,101
sniffing,7871,7851,7871,20
trotting,7881,7871,7881,10
running,7913,7881,7913,32
rising,7952,7913,7952,39
stepping,7979,7952,7979,27
hunching,7999,7979,7999,20
stepping,8061,7999,8061,62
left_turning,8083,8061,8083,22
climbing,8145,8083,8145,62
rising,8154,8145,8154,9
sniffing,8219,8154,8219,65
rising,8254,8219,8254,35
walking,8290,8254,8290,36
sniffing,8312,8290,8312,22
walking,8368,8312,8368,56
sniffing,8434,8368,8434,66
walking,8461,8434,8461,27
sniffing,8462,8461,8462,1
rising,8480,8462,8480,18
right_turning,8536,8480,8536,56
running,8562,8536,8562,26
walking,8592,8562,8592,30
sniffing,8661,8592,8661,69
rising,8662,8661,8662,1
climbing,8741,8662,8741,79
rising,8772,8741,8772,31
stepping,8792,8772,8792,20
walking,8842,8792,8842,50
sniffing,8843,8842,8843,1
trotting,8883,8843,8883,40
sniffing,8945,8883,8945,62
stepping,9005,8945,9005,60
sniffing,9071,9005,9071,66
rearing,9090,9071,9090,19
rising,9113,9090,9113,23
climbing,9162,9113,9162,49
sniffing,9265,9162,9265,103
rising,9312,9265,9312,47
walking,9317,9312,9317,5
sniffing,9404,9317,9404,87
rising,9452,9404,9452,48
sniffing,9476,9452,9476,24
climbing,9607,9476,9607,131
rising,9608,9607,9608,1
sniffing,9628,9608,9628,20
walking,9661,9628,9661,33
stepping,9704,9661,9704,43
trotting,9751,9704,9751,47
stepping,9781,9751,9781,30
sniffing,9851,9781,9851,70
stepping,9887,9851,9887,36
rising,9906,9887,9906,19
climbing,9976,9906,9976,70
trotting,9987,9976,9987,11
sniffing,10093,9987,10093,106
trotting,10117,10093,10117,24
sniffing,10175,10117,10175,58
left_turning,10203,10175,10203,28
trotting,10224,10203,10224,21
sniffing,10298,10224,10298,74
climbing,10366,10298,10366,68
rearing,10459,10366,10459,93
climbing,10487,10459,10487,28
hunching,10507,10487,10507,20
right_turning,10536,10507,10536,29
sniffing,10592,10536,10592,56
walking,10637,10592,10637,45
right_turning,10690,10637,10690,53
left_turning,10739,10690,10739,49
stepping,10779,10739,10779,40
walking,10818,10779,10818,39
left_turning,10834,10818,10834,16
sniffing,10872,10834,10872,38
climbing,10950,10872,10950,78
sniffing,10991,10950,10991,41
walking,10992,10991,10992,1
sniffing,10993,10992,10993,1
left_turning,11106,10993,11106,113
sniffing,11163,11106,11163,57
walking,11233,11163,11233,70
sniffing,11347,11233,11347,114
rising,11380,11347,11380,33
climbing,11456,11380,11456,76
rising,11485,11456,11485,29
right_turning,11510,11485,11510,25
rising,11518,11510,11518,8
sniffing,11553,11518,11553,35
left_turning,11609,11553,11609,56
walking,11709,11609,11709,100
rising,11715,11709,11715,6
walking,11725,11715,11725,10
climbing,11760,11725,11760,35
rising,11811,11760,11811,51
climbing,11829,11811,11829,18
walking,11864,11829,11864,35
sniffing,11868,11864,11868,4
left_turning,11882,11868,11882,14
walking,11920,11882,11920,38
climbing,12020,11920,12020,100
walking,12027,12020,12027,7
right_turning,12075,12027,12075,48
walking,12164,12075,12164,89
climbing,12323,12164,12323,159
left_turning,12324,12323,12324,1
walking,12366,12324,12366,42
sniffing,12403,12366,12403,37
walking,12443,12403,12443,40
sniffing,12502,12443,12502,59
left_turning,12542,12502,12542,40
sniffing,12580,12542,12580,38
left_turning,12609,12580,12609,29
walking,12696,12609,12696,87
climbing,12715,12696,12715,19
walking,12763,12715,12763,48
left_turning,12830,12763,12830,67
rising,12844,12830,12844,14
sniffing,12897,12844,12897,53
walking,12914,12897,12914,17
left_turning,12934,12914,12934,20
running,12955,12934,12955,21
walking,13036,12955,13036,81
trotting,13074,13036,13074,38
stepping,13113,13074,13113,39
trotting,13120,13113,13120,7
sniffing,13273,13120,13273,153
stepping,13306,13273,13306,33
climbing,13307,13306,13307,1
left_turning,13312,13307,13312,5
sniffing,13696,13312,13696,384
rising,13731,13696,13731,35
walking,13747,13731,13747,16
sniffing,13794,13747,13794,47
rising,13796,13794,13796,2
climbing,13857,13796,13857,61
rearing,13991,13857,13991,134
grooming,14012,13991,14012,21
hunching,14034,14012,14034,22
trotting,14105,14034,14105,71
left_turning,14106,14105,14106,1
sniffing,14148,14106,14148,42
walking,14177,14148,14177,29
rising,14206,14177,14206,29
sniffing,14274,14206,14274,68
walking,14275,14274,14275,1
sniffing,14320,14275,14320,45
hunching,14363,14320,14363,43
rearing,14417,14363,14417,54
grooming,14573,14417,14573,156
rising,14675,14573,14675,102
climbing,14744,14675,14744,69
running,14766,14744,14766,22
stepping,14806,14766,14806,40
climbing,14936,14806,14936,130
sniffing,14974,14936,14974,38
climbing,15029,14974,15029,55
rearing,15074,15029,15074,45
trotting,15105,15074,15105,31
right_turning,15114,15105,15114,9
running,15128,15114,15128,14
right_turning,15157,15128,15157,29
walking,15218,15157,15218,61
sniffing,15228,15218,15228,10
walking,15249,15228,15249,21
trotting,15301,15249,15301,52
rising,15307,15301,15307,6
sniffing,15344,15307,15344,37
walking,15384,15344,15384,40
sniffing,15471,15384,15471,87
rising,15479,15471,15479,8
rearing,15543,15479,15543,64
sniffing,15662,15543,15662,119
hunching,15710,15662,15710,48
climbing,15784,15710,15784,74
sniffing,15807,15784,15807,23
rising,15817,15807,15817,10
walking,15818,15817,15818,1
left_turning,15849,15818,15849,31
running,15880,15849,15880,31
walking,15924,15880,15924,44
sniffing,15955,15924,15955,31
left_turning,15956,15955,15956,1
walking,16014,15956,16014,58
sniffing,16035,16014,16035,21
left_turning,16040,16035,16040,5
climbing,16102,16040,16102,62
sniffing,16103,16102,16103,1
walking,16173,16103,16173,70
sniffing,16197,16173,16197,24
walking,16256,16197,16256,59
sniffing,16304,16256,16304,48
trotting,16342,16304,16342,38
sniffing,16384,16342,16384,42
rising,16444,16384,16444,60
left_turning,16470,16444,16470,26
sniffing,16481,16470,16481,11
rising,16506,16481,16506,25
sniffing,16661,16506,16661,155
rising,16694,16661,16694,33
climbing,16759,16694,16759,65
walking,16853,16759,16853,94
rising,16867,16853,16867,14
left_turning,16918,16867,16918,51
sniffing,16937,16918,16937,19
climbing,17026,16937,17026,89
running,17054,17026,17054,28
left_turning,17057,17054,17057,3
walking,17167,17057,17167,110
sniffing,17195,17167,17195,28
rising,17206,17195,17206,11
climbing,17350,17206,17350,144
rearing,17351,17350,17351,1
rising,17352,17351,17352,1
sniffing,17353,17352,17353,1
walking,17367,17353,17367,14
sniffing,17368,17367,17368,1
right_turning,17409,17368,17409,41
walking,17477,17409,17477,68
trotting,17483,17477,17483,6
left_turning,17531,17483,17531,48
running,17557,17531,17557,26
sniffing,17559,17557,17559,2
walking,17582,17559,17582,23
rising,17646,17582,17646,64
climbing,17683,17646,17683,37
rising,17729,17683,17729,46
sniffing,17813,17729,17813,84
trotting,17842,17813,17842,29
climbing,17895,17842,17895,53
walking,17915,17895,17915,20
trotting,17935,17915,17935,20
sniffing,17996,17935,17996,61
right_turning,18023,17996,18023,27
running,18064,18023,18064,41
walking,18121,18064,18121,57
sniffing,18156,18121,18156,35
rising,18176,18156,18176,20
right_turning,18192,18176,18192,16
walking,18257,18192,18257,65
sniffing,18258,18257,18258,1
rearing,18286,18258,18286,28
sniffing,18359,18286,18359,73
stepping,18395,18359,18395,36
sniffing,18468,18395,18468,73
left_turning,18482,18468,18482,14
walking,18543,18482,18543,61
sniffing,18555,18543,18555,12
rising,18570,18555,18570,15
climbing,18657,18570,18657,87
rising,18698,18657,18698,41
climbing,18747,18698,18747,49
right_turning,18763,18747,18763,16
walking,18786,18763,18786,23
climbing,18858,18786,18858,72
left_turning,18896,18858,18896,38
sniffing,18920,18896,18920,24
walking,18959,18920,18959,39
sniffing,18982,18959,18982,23
left_turning,18992,18982,18992,10
sniffing,18993,18992,18993,1
rising,19000,18993,19000,7
climbing,19020,19000,19020,20
rising,19076,19020,19076,56
climbing,19077,19076,19077,1
stepping,19108,19077,19108,31
climbing,19196,19108,19196,88
rising,19197,19196,19197,1
climbing,19280,19197,19280,83
hunching,19345,19280,19345,65
grooming,19503,19345,19503,158
rising,19504,19503,19504,1
walking,19550,19504,19550,46
left_turning,19551,19550,19551,1
walking,19587,19551,19587,36
sniffing,19650,19587,19650,63
walking,19676,19650,19676,26
climbing,19723,19676,19723,47
sniffing,19724,19723,19724,1
climbing,19808,19724,19808,84
rearing,19840,19808,19840,32
sniffing,19970,19840,19970,130
rising,20068,19970,20068,98
climbing,20172,20068,20172,104
rising,20219,20172,20219,47
climbing,20245,20219,20245,26
sniffing,20329,20245,20329,84
left_turning,20401,20329,20401,72
walking,20433,20401,20433,32
sniffing,20477,20433,20477,44
rising,20519,20477,20519,42
sniffing,20551,20519,20551,32
rising,20582,20551,20582,31
walking,20641,20582,20641,59
sniffing,20736,20641,20736,95
walking,20786,20736,20786,50
sniffing,20871,20786,20871,85
rising,20905,20871,20905,34
climbing,20906,20905,20906,1
left_turning,20907,20906,20907,1
sniffing,21038,20907,21038,131
walking,21071,21038,21071,33
sniffing,21140,21071,21140,69
trotting,21173,21140,21173,33
right_turning,21187,21173,21187,14
hunching,21303,21187,21303,116
climbing,21345,21303,21345,42
trotting,21368,21345,21368,23
sniffing,21369,21368,21369,1
rearing,21370,21369,21370,1
hunching,21400,21370,21400,30
sniffing,21498,21400,21498,98
walking,21543,21498,21543,45
sniffing,21627,21543,21627,84
left_turning,21652,21627,21652,25
sniffing,21784,21652,21784,132
trotting,21833,21784,21833,49
walking,21925,21833,21925,92
sniffing,21971,21925,21971,46
walking,22015,21971,22015,44
climbing,22072,22015,22072,57
stepping,22135,22072,22135,63
rising,22194,22135,22194,59
climbing,22231,22194,22231,37
right_turning,22244,22231,22244,13
climbing,22260,22244,22260,16
sniffing,22261,22260,22261,1
climbing,22293,22261,22293,32
sniffing,22294,22293,22294,1
rising,22362,22294,22362,68
climbing,22423,22362,22423,61
sniffing,22424,22423,22424,1
rearing,22425,22424,22425,1
climbing,22516,22425,22516,91
sniffing,22517,22516,22517,1
walking,22559,22517,22559,42
sniffing,22560,22559,22560,1
rising,22613,22560,22613,53
sniffing,22641,22613,22641,28
left_turning,22669,22641,22669,28
walking,22698,22669,22698,29
left_turning,22760,22698,22760,62
sniffing,22817,22760,22817,57
stepping,22830,22817,22830,13
sniffing,22904,22830,22904,74
walking,23003,22904,23003,99
sniffing,23212,23003,23212,209
climbing,23214,23212,23214,2
rearing,23266,23214,23266,52
rising,23314,23266,23314,48
climbing,23372,23314,23372,58
stepping,23423,23372,23423,51
left_turning,23458,23423,23458,35
sniffing,23511,23458,23511,53
left_turning,23575,23511,23575,64
sniffing,23623,23575,23623,48
rising,23670,23623,23670,47
sniffing,23671,23670,23671,1
walking,23712,23671,23712,41
sniffing,23713,23712,23713,1
right_turning,23750,23713,23750,37
walking,23760,23750,23760,10
sniffing,23796,23760,23796,36
walking,23831,23796,23831,35
sniffing,23857,23831,23857,26
rising,23859,23857,23859,2
sniffing,23900,23859,23900,41
climbing,23924,23900,23924,24
walking,24096,23924,24096,172
sniffing,24105,24096,24105,9
stepping,24151,24105,24151,46
sniffing,24152,24151,24152,1
left_turning,24191,24152,24191,39
sniffing,24192,24191,24192,1
hunching,24193,24192,24193,1
rising,24209,24193,24209,16
walking,24303,24209,24303,94
sniffing,24322,24303,24322,19
left_turning,24323,24322,24323,1
sniffing,24395,24323,24395,72
rising,24396,24395,24396,1
rearing,24457,24396,24457,61
hunching,24497,24457,24497,40
rising,24564,24497,24564,67
sniffing,24697,24564,24697,133
walking,24749,24697,24749,52
sniffing,24810,24749,24810,61
left_turning,24811,24810,24811,1
sniffing,24871,24811,24871,60
rising,24928,24871,24928,57
sniffing,25035,24928,25035,107
rising,25074,25035,25074,39
grooming,25125,25074,25125,51
rearing,25131,25125,25131,6
grooming,25282,25131,25282,151
rearing,25377,25282,25377,95
rising,25404,25377,25404,27
rearing,25433,25404,25433,29
grooming,25638,25433,25638,205
sniffing,25699,25638,25699,61
climbing,25753,25699,25753,54
rising,25789,25753,25789,36
climbing,25833,25789,25833,44
rising,25839,25833,25839,6
sniffing,25883,25839,25883,44
stepping,25909,25883,25909,26
left_turning,25975,25909,25975,66
walking,25983,25975,25983,8
rising,25984,25983,25984,1
walking,26023,25984,26023,39
sniffing,26024,26023,26024,1
running,26043,26024,26043,19
left_turning,26083,26043,26083,40
walking,26128,26083,26128,45
sniffing,26144,26128,26144,16
trotting,26195,26144,26195,51
sniffing,26260,26195,26260,65
left_turning,26279,26260,26279,19
rising,26305,26279,26305,26
climbing,26356,26305,26356,51
walking,26405,26356,26405,49
trotting,26440,26405,26440,35
stepping,26478,26440,26478,38
left_turning,26519,26478,26519,41
sniffing,26540,26519,26540,21
climbing,26630,26540,26630,90
rising,26693,26630,26693,63
left_turning,26735,26693,26735,42
walking,26736,26735,26736,1
trotting,26754,26736,26754,18
sniffing,26755,26754,26755,1
rising,26758,26755,26758,3
hunching,26791,26758,26791,33
climbing,26870,26791,26870,79
rearing,27128,26870,27128,258
grooming,27299,27128,27299,171
hunching,27300,27299,27300,1
climbing,27329,27300,27329,29
rearing,27451,27329,27451,122
sniffing,27473,27451,27473,22
pausing,27736,27473,27736,263
sniffing,27758,27736,27758,22
rising,27784,27758,27784,26
climbing,27807,27784,27807,23
walking,27862,27807,27862,55
trotting,27893,27862,27893,31
running,27928,27893,27928,35
sniffing,27929,27928,27929,1
left_turning,27968,27929,27968,39
sniffing,27999,27968,27999,31
rising,28000,27999,28000,1
sniffing,28001,28000,28001,1
left_turning,28062,28001,28062,61
trotting,28113,28062,28113,51
walking,28163,28113,28163,50
trotting,28180,28163,28180,17
rising,28235,28180,28235,55
sniffing,28328,28235,28328,93
climbing,28412,28328,28412,84
rearing,28475,28412,28475,63
climbing,28539,28475,28539,64
sniffing,28596,28539,28596,57
left_turning,28668,28596,28668,72
walking,28706,28668,28706,38
sniffing,28707,28706,28707,1
grooming,28784,28707,28784,77
sniffing,29028,28784,29028,244
walking,29029,29028,29029,1
sniffing,29034,29029,29034,5
left_turning,29100,29034,29100,66
sniffing,29101,29100,29101,1
walking,29138,29101,29138,37
sniffing,29214,29138,29214,76
running,29248,29214,29248,34
sniffing,29296,29248,29296,48
climbing,29450,29296,29450,154
sniffing,29485,29450,29485,35
walking,29596,29485,29596,111
stepping,29661,29596,29661,65
sniffing,29762,29661,29762,101
rising,29768,29762,29768,6
sniffing,29835,29768,29835,67
walking,29910,29835,29910,75
left_turning,29942,29910,29942,32
sniffing,29970,29942,29970,28
rearing,30001,29970,30001,31
sniffing,30074,30001,30074,73
walking,30119,30074,30119,45
left_turning,30165,30119,30165,46
walking,30201,30165,30201,36
sniffing,30202,30201,30202,1
climbing,30203,30202,30203,1
walking,30245,30203,30245,42
sniffing,30246,30245,30246,1
left_turning,30286,30246,30286,40
walking,30383,30286,30383,97
climbing,30411,30383,30411,28
rising,30429,30411,30429,18
climbing,30469,30429,30469,40
walking,30490,30469,30490,21
climbing,30583,30490,30583,93
walking,30584,30583,30584,1
sniffing,30652,30584,30652,68
hunching,30689,30652,30689,37
sniffing,30723,30689,30723,34
rising,30754,30723,30754,31
rearing,30772,30754,30772,18
right_turning,30783,30772,30783,11
walking,30784,30783,30784,1
rising,30833,30784,30833,49
hunching,30892,30833,30892,59
climbing,30963,30892,30963,71
trotting,31006,30963,31006,43
rising,31090,31006,31090,84
climbing,31169,31090,31169,79
rising,31175,31169,31175,6
hunching,31243,31175,31243,68
climbing,31272,31243,31272,29
sniffing,31273,31272,31273,1
rising,31274,31273,31274,1
trotting,31278,31274,31278,4
walking,31309,31278,31309,31
right_turning,31361,31309,31361,52
trotting,31394,31361,31394,33
stepping,31395,31394,31395,1
left_turning,31459,31395,31459,64
walking,31471,31459,31471,12
rising,31472,31471,31472,1
climbing,31550,31472,31550,78
rearing,31641,31550,31641,91
climbing,31667,31641,31667,26
hunching,31701,31667,31701,34
right_turning,31764,31701,31764,63
walking,31783,31764,31783,19
climbing,31803,31783,31803,20
trotting,31810,31803,31810,7
left_turning,31879,31810,31879,69
sniffing,31914,31879,31914,35
left_turning,31916,31914,31916,2
rearing,31939,31916,31939,23
sniffing,31964,31939,31964,25
climbing,32029,31964,32029,65
walking,32031,32029,32031,2
sniffing,32069,32031,32069,38
hunching,32145,32069,32145,76
walking,32213,32145,32213,68
rising,32238,32213,32238,25
right_turning,32257,32238,32257,19
stepping,32272,32257,32272,15
left_turning,32273,32272,32273,1
trotting,32274,32273,32274,1
left_turning,32277,32274,32277,3
sniffing,32397,32277,32397,120
rising,32413,32397,32413,16
climbing,32426,32413,32426,13
walking,32477,32426,32477,51
sniffing,32744,32477,32744,267
rising,32780,32744,32780,36
climbing,32840,32780,32840,60
rearing,32884,32840,32884,44
rising,32885,32884,32885,1
grooming,32886,32885,32886,1
walking,32914,32886,32914,28
left_turning,32950,32914,32950,36
sniffing,32951,32950,32951,1
rising,32964,32951,32964,13
right_turning,33011,32964,33011,47
left_turning,33033,33011,33033,22
stepping,33079,33033,33079,46
walking,33121,33079,33121,42
climbing,33167,33121,33167,46
rising,33209,33167,33209,42
rearing,33210,33209,33210,1
grooming,33235,33210,33235,25
trotting,33284,33235,33284,49
left_turning,33319,33284,33319,35
climbing,33394,33319,33394,75
right_turning,33435,33394,33435,41
running,33467,33435,33467,32
sniffing,33560,33467,33560,93
right_turning,33587,33560,33587,27
walking,33603,33587,33603,16
stepping,33652,33603,33652,49
rising,33699,33652,33699,47
trotting,33700,33699,33700,1
walking,33728,33700,33728,28
left_turning,33861,33728,33861,133
trotting,33880,33861,33880,19
rising,33902,33880,33902,22
left_turning,33960,33902,33960,58
walking,34000,33960,34000,40
climbing,34046,34000,34046,46
rising,34077,34046,34077,31
sniffing,34169,34077,34169,92
left_turning,34201,34169,34201,32
running,34231,34201,34231,30
stepping,34242,34231,34242,11
walking,34282,34242,34282,40
climbing,34350,34282,34350,68
trotting,34395,34350,34395,45
stepping,34435,34395,34435,40
sniffing,34436,34435,34436,1
stepping,34439,34436,34439,3
right_turning,34463,34439,34463,24
sniffing,34478,34463,34478,15
trotting,34522,34478,34522,44
rising,34548,34522,34548,26
climbing,34604,34548,34604,56
rising,34605,34604,34605,1
climbing,34613,34605,34613,8
sniffing,34691,34613,34691,78
rising,34692,34691,34692,1
sniffing,34693,34692,34693,1
running,34714,34693,34714,21
sniffing,34735,34714,34735,21
stepping,34749,34735,34749,14
climbing,34791,34749,34791,42
jumping,34838,34791,34838,47
rising,34844,34838,34844,6
climbing,34940,34844,34940,96
right_turning,35017,34940,35017,77
walking,35021,35017,35021,4
rearing,35022,35021,35022,1
hunching,35098,35022,35098,76
sniffing,35202,35098,35202,104
left_turning,35262,35202,35262,60
walking,35342,35262,35342,80
sniffing,35457,35342,35457,115
walking,35489,35457,35489,32
stepping,35490,35489,35490,1
walking,35549,35490,35549,59
running,35568,35549,35568,19
left_turning,35635,35568,35635,67
walking,35651,35635,35651,16
sniffing,35669,35651,35669,18
stepping,35693,35669,35693,24
trotting,35723,35693,35723,30
sniffing,35750,35723,35750,27
climbing,35780,35750,35780,30
sniffing,35833,35780,35833,53
walking,35844,35833,35844,11
running,35860,35844,35860,16
sniffing,35892,35860,35892,32
walking,35900,35892,35900,8
sniffing,35957,35900,35957,57
trotting,35992,35957,35992,35
stepping,36037,35992,36037,45
sniffing,36043,36037,36043,6
climbing,36044,36043,36044,1
right_turning,36059,36044,36059,15
walking,36110,36059,36110,51
rearing,36169,36110,36169,59
left_turning,36188,36169,36188,19
sniffing,36269,36188,36269,81
rising,36305,36269,36305,36
sniffing,36438,36305,36438,133
walking,36484,36438,36484,46
climbing,36494,36484,36494,10
sniffing,36569,36494,36569,75
rising,36591,36569,36591,22
walking,36636,36591,36636,45
sniffing,36768,36636,36768,132
rising,36778,36768,36778,10
sniffing,36900,36778,36900,122
climbing,36990,36900,36990,90
hunching,37151,36990,37151,161
grooming,37271,37151,37271,120
rearing,37287,37271,37287,16
grooming,37365,37287,37365,78
sniffing,37368,37365,37368,3
walking,37421,37368,37421,53
rearing,37440,37421,37440,19
walking,37459,37440,37459,19
climbing,37464,37459,37464,5
running,37508,37464,37508,44
trotting,37509,37508,37509,1
sniffing,37697,37509,37697,188
left_turning,37750,37697,37750,53
walking,37827,37750,37827,77
climbing,37835,37827,37835,8
walking,37897,37835,37897,62
trotting,37936,37897,37936,39
sniffing,38055,37936,38055,119
right_turning,38099,38055,38099,44
walking,38126,38099,38126,27
sniffing,38127,38126,38127,1
right_turning,38130,38127,38130,3
sniffing,38474,38130,38474,344
walking,38477,38474,38477,3
rising,38533,38477,38533,56
walking,38534,38533,38534,1
climbing,38557,38534,38557,23
walking,38570,38557,38570,13
climbing,38616,38570,38616,46
sniffing,38682,38616,38682,66
left_turning,38709,38682,38709,27
sniffing,38744,38709,38744,35
left_turning,38845,38744,38845,101
stepping,38865,38845,38865,20
rising,38900,38865,38900,35
climbing,38908,38900,38908,8
rearing,38922,38908,38922,14
sniffing,38923,38922,38923,1
rearing,38935,38923,38935,12
left_turning,39016,38935,39016,81
sniffing,39102,39016,39102,86
walking,39144,39102,39144,42
climbing,39166,39144,39166,22
sniffing,39268,39166,39268,102
left_turning,39282,39268,39282,14
sniffing,39351,39282,39351,69
rising,39423,39351,39423,72
rearing,39508,39423,39508,85
walking,39582,39508,39582,74
sniffing,39622,39582,39622,40
walking,39667,39622,39667,45
sniffing,39694,39667,39694,27
right_turning,39741,39694,39741,47
stepping,39762,39741,39762,21
sniffing,39904,39762,39904,142
climbing,39905,39904,39905,1
trotting,39948,39905,39948,43
climbing,40020,39948,40020,72
rearing,40021,40020,40021,1
sniffing,40091,40021,40091,70
rising,40092,40091,40092,1
climbing,40271,40092,40271,179
rising,40272,40271,40272,1
sniffing,40400,40272,40400,128
grooming,40464,40400,40464,64
hunching,40507,40464,40507,43
rising,40565,40507,40565,58
climbing,40632,40565,40632,67
rearing,40688,40632,40688,56
grooming,40710,40688,40710,22
sniffing,40826,40710,40826,116
walking,40828,40826,40828,2
trotting,40852,40828,40852,24
sniffing,40936,40852,40936,84
rearing,41002,40936,41002,66
grooming,41223,41002,41223,221
sniffing,41224,41223,41224,1
rising,41276,41224,41276,52
climbing,41323,41276,41323,47
rearing,41437,41323,41437,114
trotting,41455,41437,41455,18
sniffing,41539,41455,41539,84
climbing,41569,41539,41569,30
rearing,41634,41569,41634,65
rising,41704,41634,41704,70
sniffing,41758,41704,41758,54
left_turning,41824,41758,41824,66
walking,41874,41824,41874,50
climbing,41947,41874,41947,73
sniffing,42095,41947,42095,148
left_turning,42142,42095,42142,47
walking,42146,42142,42146,4
sniffing,42232,42146,42232,86
grooming,42233,42232,42233,1
climbing,42294,42233,42294,61
sniffing,42295,42294,42295,1
climbing,42408,42295,42408,113
rising,42427,42408,42427,19
sniffing,42500,42427,42500,73
right_turning,42524,42500,42524,24
trotting,42551,42524,42551,27
walking,42566,42551,42566,15
sniffing,42731,42566,42731,165
walking,42739,42731,42739,8
sniffing,42740,42739,42740,1
grooming,42780,42740,42780,40
rearing,42878,42780,42878,98
climbing,42899,42878,42899,21
walking,42926,42899,42926,27
trotting,42952,42926,42952,26
walking,43010,42952,43010,58
rising,43014,43010,43014,4
sniffing,43107,43014,43107,93
walking,43132,43107,43132,25
sniffing,43208,43132,43208,76
trotting,43237,43208,43237,29
sniffing,43270,43237,43270,33
left_turning,43306,43270,43306,36
climbing,43450,43306,43450,144
trotting,43467,43450,43467,17
sniffing,43584,43467,43584,117
rising,43603,43584,43603,19
trotting,43612,43603,43612,9
left_turning,43643,43612,43643,31
sniffing,43726,43643,43726,83
grooming,43798,43726,43798,72
sniffing,43871,43798,43871,73
grooming,43908,43871,43908,37
running,43912,43908,43912,4
sniffing,44022,43912,44022,110
hunching,44096,44022,44096,74
rising,44145,44096,44145,49
left_turning,44200,44145,44200,55
trotting,44224,44200,44224,24
walking,44264,44224,44264,40
stepping,44267,44264,44267,3
right_turning,44331,44267,44331,64
rising,44363,44331,44363,32
rearing,44401,44363,44401,38
rising,44473,44401,44473,72
climbing,44533,44473,44533,60
rearing,44621,44533,44621,88
climbing,44636,44621,44636,15
trotting,44647,44636,44647,11
sniffing,44648,44647,44648,1
rising,44649,44648,44649,1
sniffing,44900,44649,44900,251
rising,44941,44900,44941,41
climbing,45051,44941,45051,110
stepping,45107,45051,45107,56
climbing,45267,45107,45267,160
left_turning,45311,45267,45311,44
walking,45374,45311,45374,63
rising,45426,45374,45426,52
climbing,45427,45426,45427,1
rising,45429,45427,45429,2
sniffing,45449,45429,45449,20
right_turning,45499,45449,45499,50
walking,45527,45499,45527,28
sniffing,45688,45527,45688,161
climbing,45721,45688,45721,33
right_turning,45722,45721,45722,1
walking,45834,45722,45834,112
running,45864,45834,45864,30
walking,45873,45864,45873,9
left_turning,45938,45873,45938,65
sniffing,45992,45938,45992,54
climbing,46037,45992,46037,45
rearing,46038,46037,46038,1
rising,46062,46038,46062,24
climbing,46185,46062,46185,123
rising,46232,46185,46232,47
climbing,46288,46232,46288,56
trotting,46344,46288,46344,56
walking,46345,46344,46345,1
left_turning,46365,46345,46365,20
grooming,46560,46365,46560,195
sniffing,46561,46560,46561,1
stepping,46566,46561,46566,5
sniffing,46777,46566,46777,211
rising,46834,46777,46834,57
hunching,46835,46834,46835,1
right_turning,46866,46835,46866,31
sniffing,46867,46866,46867,1
trotting,46913,46867,46913,46
stepping,46960,46913,46960,47
rising,46962,46960,46962,2
climbing,46987,46962,46987,25
walking,47074,46987,47074,87
sniffing,47199,47074,47199,125
rising,47210,47199,47210,11
trotting,47234,47210,47234,24
walking,47247,47234,47247,13
climbing,47282,47247,47282,35
rising,47358,47282,47358,76
hunching,47359,47358,47359,1
rising,47392,47359,47392,33
climbing,47393,47392,47393,1
sniffing,47459,47393,47459,66
walking,47508,47459,47508,49
sniffing,47544,47508,47544,36
rising,47549,47544,47549,5
climbing,47628,47549,47628,79
sniffing,47629,47628,47629,1
rising,47630,47629,47630,1
sniffing,47654,47630,47654,24
rising,47681,47654,47681,27
sniffing,47682,47681,47682,1
rearing,47727,47682,47727,45
sniffing,47774,47727,47774,47
rising,47784,47774,47784,10
climbing,47785,47784,47785,1
rearing,47810,47785,47810,25
sniffing,47864,47810,47864,54
walking,47916,47864,47916,52
climbing,47960,47916,47960,44
rearing,48056,47960,48056,96
grooming,48273,48056,48273,217
walking,48331,48273,48331,58
sniffing,48373,48331,48373,42
walking,48410,48373,48410,37
sniffing,48502,48410,48502,92
rising,48557,48502,48557,55
sniffing,48692,48557,48692,135
walking,48761,48692,48761,69
sniffing,48879,48761,48879,118
left_turning,48907,48879,48907,28
walking,48908,48907,48908,1
trotting,48940,48908,48940,32
walking,48993,48940,48993,53
stepping,49017,48993,49017,24
left_turning,49018,49017,49018,1
rising,49060,49018,49060,42
walking,49084,49060,49084,24
sniffing,49085,49084,49085,1
walking,49116,49085,49116,31
sniffing,49185,49116,49185,69
walking,49251,49185,49251,66
sniffing,49310,49251,49310,59
rising,49354,49310,49354,44
sniffing,49396,49354,49396,42
left_turning,49456,49396,49456,60
walking,49505,49456,49505,49
climbing,49538,49505,49538,33
rising,49608,49538,49608,70
stepping,49609,49608,49609,1
right_turning,49626,49609,49626,17
walking,49713,49626,49713,87
trotting,49751,49713,49751,38
running,49765,49751,49765,14
walking,49778,49765,49778,13
sniffing,49779,49778,49779,1
climbing,49868,49779,49868,89
walking,49897,49868,49897,29
trotting,49920,49897,49920,23
running,49932,49920,49932,12
sniffing,49968,49932,49968,36
stepping,50031,49968,50031,63
climbing,50093,50031,50093,62
rearing,50094,50093,50094,1
left_turning,50126,50094,50126,32
walking,50137,50126,50137,11
trotting,50162,50137,50162,25
sniffing,50322,50162,50322,160
walking,50353,50322,50353,31
sniffing,50445,50353,50445,92
left_turning,50483,50445,50483,38
stepping,50505,50483,50505,22
climbing,50575,50505,50575,70
trotting,50599,50575,50599,24
walking,50619,50599,50619,20
rising,50646,50619,50646,27
sniffing,50860,50646,50860,214
rising,50915,50860,50915,55
climbing,50963,50915,50963,48
sniffing,50964,50963,50964,1
climbing,51075,50964,51075,111
rearing,51096,51075,51096,21
rising,51118,51096,51118,22
climbing,51120,51118,51120,2
grooming,51175,51120,51175,55
hunching,51245,51175,51245,70
climbing,51276,51245,51276,31
walking,51277,51276,51277,1
climbing,51420,51277,51420,143
sniffing,51499,51420,51499,79
rising,51542,51499,51542,43
climbing,51635,51542,51635,93
running,51658,51635,51658,23
left_turning,51747,51658,51747,89
walking,51799,51747,51799,52
sniffing,51913,51799,51913,114
trotting,51946,51913,51946,33
climbing,52019,51946,52019,73
hunching,52184,52019,52184,165
sniffing,52194,52184,52194,10
walking,52195,52194,52195,1
sniffing,52196,52195,52196,1
left_turning,52225,52196,52225,29
sniffing,52324,52225,52324,99
rising,52368,52324,52368,44
climbing,52466,52368,52466,98
hunching,52467,52466,52467,1
rearing,52521,52467,52521,54
rising,52552,52521,52552,31
rearing,52643,52552,52643,91
sniffing,52740,52643,52740,97
trotting,52772,52740,52772,32
sniffing,52847,52772,52847,75
walking,52913,52847,52913,66
stepping,52941,52913,52941,28
sniffing,53014,52941,53014,73
left_turning,53015,53014,53015,1
sniffing,53089,53015,53089,74
climbing,53241,53089,53241,152
rearing,53242,53241,53242,1
climbing,53263,53242,53263,21
walking,53349,53263,53349,86
sniffing,53350,53349,53350,1
rearing,53441,53350,53441,91
rising,53466,53441,53466,25
climbing,53562,53466,53562,96
walking,53619,53562,53619,57
sniffing,53620,53619,53620,1
rising,53621,53620,53621,1
sniffing,53703,53621,53703,82
climbing,53759,53703,53759,56
rearing,53793,53759,53793,34
sniffing,53841,53793,53841,48
stepping,53868,53841,53868,27
walking,53890,53868,53890,22
sniffing,53906,53890,53906,16
rising,53988,53906,53988,82
hunching,53989,53988,53989,1
right_turning,53990,53989,53990,1
climbing,54029,53990,54029,39
sniffing,54030,54029,54030,1
walking,54070,54030,54070,40
sniffing,54355,54070,54355,285
walking,54411,54355,54411,56
sniffing,54412,54411,54412,1
right_turning,54429,54412,54429,17
trotting,54457,54429,54457,28
stepping,54520,54457,54520,63
sniffing,54521,54520,54521,1
right_turning,54522,54521,54522,1
walking,54561,54522,54561,39
sniffing,54716,54561,54716,155
left_turning,54777,54716,54777,61
walking,54795,54777,54795,18
sniffing,54870,54795,54870,75
rising,54871,54870,54871,1
stepping,54910,54871,54910,39
walking,54954,54910,54954,44
stepping,55025,54954,55025,71
sniffing,55191,55025,55191,166
pausing,55398,55191,55398,207
grooming,55490,55398,55490,92
rearing,55491,55490,55491,1
climbing,55517,55491,55517,26
sniffing,55531,55517,55531,14
walking,55630,55531,55630,99
left_turning,55668,55630,55668,38
trotting,55704,55668,55704,36
walking,55760,55704,55760,56
trotting,55775,55760,55775,15
sniffing,55845,55775,55845,70
right_turning,55877,55845,55877,32
trotting,55927,55877,55927,50
walking,55956,55927,55956,29
sniffing,55957,55956,55957,1
climbing,56036,55957,56036,79
walking,56107,56036,56107,71
sniffing,56222,56107,56222,115
climbing,56285,56222,56285,63
sniffing,56286,56285,56286,1
rising,56310,56286,56310,24
sniffing,56356,56310,56356,46
left_turning,56405,56356,56405,49
walking,56462,56405,56462,57
sniffing,56463,56462,56463,1
rearing,56465,56463,56465,2
rising,56497,56465,56497,32
rearing,56498,56497,56498,1
sniffing,56563,56498,56563,65
walking,56602,56563,56602,39
rising,56655,56602,56655,53
walking,56679,56655,56679,24
sniffing,56680,56679,56680,1
stepping,56709,56680,56709,29
walking,56802,56709,56802,93
rising,56846,56802,56846,44
climbing,56895,56846,56895,49
sniffing,56946,56895,56946,51
walking,56947,56946,56947,1
sniffing,57028,56947,57028,81
rising,57110,57028,57110,82
sniffing,57111,57110,57111,1
rearing,57118,57111,57118,7
rising,57162,57118,57162,44
sniffing,57163,57162,57163,1
stepping,57191,57163,57191,28
walking,57192,57191,57192,1
rising,57210,57192,57210,18
climbing,57211,57210,57211,1
rearing,57325,57211,57325,114
walking,57366,57325,57366,41
sniffing,57531,57366,57531,165
stepping,57536,57531,57536,5
sniffing,57537,57536,57537,1
climbing,57641,57537,57641,104
rearing,57722,57641,57722,81
grooming,57859,57722,57859,137
sniffing,57927,57859,57927,68
rising,57928,57927,57928,1
sniffing,57981,57928,57981,53
rearing,57982,57981,57982,1
grooming,58047,57982,58047,65
rearing,58115,58047,58115,68
walking,58144,58115,58144,29
left_turning,58190,58144,58190,46
rising,58191,58190,58191,1
walking,58201,58191,58201,10
hunching,58224,58201,58224,23
rearing,58251,58224,58251,27
hunching,58349,58251,58349,98
right_turning,58369,58349,58369,20
walking,58454,58369,58454,85
sniffing,58464,58454,58464,10
walking,58465,58464,58465,1
left_turning,58470,58465,58470,5
walking,58518,58470,58518,48
rising,58570,58518,58570,52
sniffing,58676,58570,58676,106
rising,58677,58676,58677,1
climbing,58786,58677,58786,109
sniffing,58820,58786,58820,34
walking,58900,58820,58900,80
trotting,58969,58900,58969,69
stepping,58989,58969,58989,20
rising,59137,58989,59137,148
sniffing,59145,59137,59145,8
walking,59169,59145,59169,24
sniffing,59174,59169,59174,5
left_turning,59198,59174,59198,24
sniffing,59202,59198,59202,4
walking,59203,59202,59203,1
trotting,59204,59203,59204,1
sniffing,59272,59204,59272,68
walking,59309,59272,59309,37
sniffing,59365,59309,59365,56
grooming,59394,59365,59394,29
walking,59464,59394,59464,70
sniffing,59496,59464,59496,32
jumping,59726,59496,59726,230
right_turning,59757,59726,59757,31
stepping,59827,59757,59827,70
walking,59828,59827,59828,1
trotting,59829,59828,59829,1
sniffing,59882,59829,59882,53
left_turning,59937,59882,59937,55
sniffing,59987,59937,59987,50
walking,60076,59987,60076,89
sniffing,60157,60076,60157,81
stepping,60172,60157,60172,15
left_turning,60230,60172,60230,58
rising,60307,60230,60307,77
climbing,60373,60307,60373,66
rearing,60422,60373,60422,49
hunching,60423,60422,60423,1
grooming,60504,60423,60504,81
rearing,60505,60504,60505,1
sniffing,60594,60505,60594,89
rearing,60619,60594,60619,25
rising,60670,60619,60670,51
rearing,60757,60670,60757,87
walking,60777,60757,60777,20
rising,60839,60777,60839,62
sniffing,60939,60839,60939,100
walking,60940,60939,60940,1
rising,60941,60940,60941,1
sniffing,60972,60941,60972,31
left_turning,61009,60972,61009,37
trotting,61070,61009,61070,61
sniffing,61098,61070,61098,28
rising,61158,61098,61158,60
sniffing,61187,61158,61187,29
stepping,61238,61187,61238,51
sniffing,61507,61238,61507,269
left_turning,61541,61507,61541,34
sniffing,61588,61541,61588,47
left_turning,61611,61588,61611,23
walking,61642,61611,61642,31
sniffing,61681,61642,61681,39
climbing,61779,61681,61779,98
sniffing,61889,61779,61889,110
walking,61968,61889,61968,79
trotting,61988,61968,61988,20
sniffing,61992,61988,61992,4
rising,62042,61992,62042,50
climbing,62215,62042,62215,173
sniffing,62304,62215,62304,89
right_turning,62347,62304,62347,43
sniffing,62415,62347,62415,68
rising,62430,62415,62430,15
climbing,62465,62430,62465,35
right_turning,62475,62465,62475,10
sniffing,62538,62475,62538,63
right_turning,62603,62538,62603,65
walking,62620,62603,62620,17
trotting,62664,62620,62664,44
sniffing,62669,62664,62669,5
rising,62681,62669,62681,12
climbing,62798,62681,62798,117
grooming,62799,62798,62799,1
walking,62802,62799,62802,3
right_turning,62817,62802,62817,15
rearing,62818,62817,62818,1
climbing,62881,62818,62881,63
sniffing,62999,62881,62999,118
trotting,63074,62999,63074,75
left_turning,63125,63074,63125,51
walking,63161,63125,63161,36
running,63175,63161,63175,14
sniffing,63249,63175,63249,74
walking,63279,63249,63279,30
sniffing,63280,63279,63280,1
right_turning,63331,63280,63331,51
climbing,63479,63331,63479,148
rising,63519,63479,63519,40
rearing,63542,63519,63542,23
sniffing,63589,63542,63589,47
hunching,63598,63589,63598,9
rearing,63705,63598,63705,107
rising,63706,63705,63706,1
hunching,63707,63706,63707,1
climbing,63708,63707,63708,1
trotting,63740,63708,63740,32
walking,63818,63740,63818,78
sniffing,63890,63818,63890,72
rising,63891,63890,63891,1
sniffing,64005,63891,64005,114
walking,64037,64005,64037,32
climbing,64109,64037,64109,72
rising,64136,64109,64136,27
stepping,64167,64136,64167,31
walking,64168,64167,64168,1
climbing,64225,64168,64225,57
sniffing,64303,64225,64303,78
walking,64350,64303,64350,47
sniffing,64420,64350,64420,70
rising,64465,64420,64465,45
left_turning,64497,64465,64497,32
walking,64498,64497,64498,1
rising,64519,64498,64519,21
walking,64532,64519,64532,13
left_turning,64571,64532,64571,39
running,64601,64571,64601,30
walking,64680,64601,64680,79
sniffing,64815,64680,64815,135
rising,64894,64815,64894,79
climbing,64951,64894,64951,57
rising,64952,64951,64952,1
climbing,65043,64952,65043,91
rearing,65214,65043,65214,171
rising,65268,65214,65268,54
climbing,65303,65268,65303,35
sniffing,65343,65303,65343,40
rising,65381,65343,65381,38
climbing,65394,65381,65394,13
sniffing,65454,65394,65454,60
running,65493,65454,65493,39
walking,65575,65493,65575,82
climbing,65660,65575,65660,85
walking,65775,65660,65775,115
left_turning,65814,65775,65814,39
walking,65837,65814,65837,23
sniffing,65976,65837,65976,139
climbing,66195,65976,66195,219
walking,66253,66195,66253,58
sniffing,66415,66253,66415,162
rising,66490,66415,66490,75
climbing,66491,66490,66491,1
right_turning,66516,66491,66516,25
running,66538,66516,66538,22
sniffing,66539,66538,66539,1
climbing,66607,66539,66607,68
rearing,66685,66607,66685,78
rising,66695,66685,66695,10
sniffing,66696,66695,66696,1
walking,66705,66696,66705,9
sniffing,66726,66705,66726,21
right_turning,66727,66726,66727,1
rising,66779,66727,66779,52
walking,66798,66779,66798,19
sniffing,66843,66798,66843,45
right_turning,66870,66843,66870,27
hunching,66904,66870,66904,34
rearing,66905,66904,66905,1
stepping,66929,66905,66929,24
sniffing,67159,66929,67159,230
right_turning,67236,67159,67236,77
running,67244,67236,67244,8
trotting,67268,67244,67268,24
sniffing,67425,67268,67425,157
walking,67477,67425,67477,52
sniffing,67478,67477,67478,1
left_turning,67530,67478,67530,52
walking,67598,67530,67598,68
stepping,67673,67598,67673,75
left_turning,67723,67673,67723,50
rising,67785,67723,67785,62
sniffing,67793,67785,67793,8
stepping,67794,67793,67794,1
sniffing,67795,67794,67795,1
rising,67803,67795,67803,8
climbing,67908,67803,67908,105
rising,67909,67908,67909,1
rearing,67927,67909,67927,18
grooming,68162,67927,68162,235
rearing,68163,68162,68163,1
sniffing,68341,68163,68341,178
right_turning,68342,68341,68342,1
running,68365,68342,68365,23
walking,68370,68365,68370,5
sniffing,68373,68370,68373,3
trotting,68384,68373,68384,11
sniffing,68392,68384,68392,8
climbing,68478,68392,68478,86
sniffing,68556,68478,68556,78
walking,68561,68556,68561,5
sniffing,68648,68561,68648,87
left_turning,68649,68648,68649,1
hunching,68698,68649,68698,49
climbing,68750,68698,68750,52
walking,68792,68750,68792,42
sniffing,68905,68792,68905,113
walking,68924,68905,68924,19
left_turning,68972,68924,68972,48
sniffing,69137,68972,69137,165
right_turning,69170,69137,69170,33
walking,69174,69170,69174,4
left_turning,69175,69174,69175,1
walking,69176,69175,69176,1
sniffing,69238,69176,69238,62
rising,69290,69238,69290,52
sniffing,69291,69290,69291,1
rising,69292,69291,69292,1
hunching,69370,69292,69370,78
grooming,69506,69370,69506,136
hunching,69507,69506,69507,1
grooming,69508,69507,69508,1
hunching,69513,69508,69513,5
sniffing,69627,69513,69627,114
walking,69661,69627,69661,34
climbing,69748,69661,69748,87
hunching,69757,69748,69757,9
grooming,69758,69757,69758,1
sniffing,69814,69758,69814,56
right_turning,69820,69814,69820,6
walking,69863,69820,69863,43
sniffing,69940,69863,69940,77
left_turning,70023,69940,70023,83
walking,70073,70023,70073,50
rising,70087,70073,70087,14
grooming,70155,70087,70155,68
sniffing,70300,70155,70300,145
left_turning,70329,70300,70329,29
trotting,70389,70329,70389,60
left_turning,70424,70389,70424,35
sniffing,70531,70424,70531,107
walking,70543,70531,70543,12
right_turning,70594,70543,70594,51
sniffing,70662,70594,70662,68
right_turning,70717,70662,70717,55
stepping,70733,70717,70733,16
climbing,70825,70733,70825,92
sniffing,70883,70825,70883,58
left_turning,70891,70883,70891,8
walking,70967,70891,70967,76
climbing,71091,70967,71091,124
rearing,71092,71091,71092,1
walking,71133,71092,71133,41
rising,71134,71133,71134,1
right_turning,71179,71134,71179,45
stepping,71204,71179,71204,25
sniffing,71244,71204,71244,40
stepping,71311,71244,71311,67
sniffing,71312,71311,71312,1
walking,71376,71312,71376,64
stepping,71394,71376,71394,18
left_turning,71436,71394,71436,42
rising,71442,71436,71442,6
walking,71477,71442,71477,35
sniffing,71543,71477,71543,66
left_turning,71545,71543,71545,2
trotting,71601,71545,71601,56
sniffing,71622,71601,71622,21
rising,71631,71622,71631,9
sniffing,71632,71631,71632,1
left_turning,71679,71632,71679,47
sniffing,71723,71679,71723,44
left_turning,71728,71723,71728,5
sniffing,71729,71728,71729,1
walking,71746,71729,71746,17
sniffing,71908,71746,71908,162
rising,71943,71908,71943,35
climbing,72034,71943,72034,91
walking,72104,72034,72104,70
sniffing,72150,72104,72150,46
rising,72151,72150,72151,1
left_turning,72211,72151,72211,60
sniffing,72264,72211,72264,53
grooming,72384,72264,72384,120
climbing,72409,72384,72409,25
walking,72410,72409,72410,1
climbing,72427,72410,72427,17
rearing,72501,72427,72501,74
grooming,72598,72501,72598,97
hunching,72599,72598,72599,1
sniffing,72748,72599,72748,149
walking,72766,72748,72766,18
left_turning,72883,72766,72883,117
walking,72905,72883,72905,22
sniffing,72966,72905,72966,61
right_turning,73013,72966,73013,47
walking,73014,73013,73014,1
trotting,73047,73014,73047,33
walking,73062,73047,73062,15
sniffing,73063,73062,73063,1
left_turning,73118,73063,73118,55
sniffing,73188,73118,73188,70
rising,73266,73188,73266,78
climbing,73335,73266,73335,69
right_turning,73354,73335,73354,19
sniffing,73417,73354,73417,63
left_turning,73433,73417,73433,16
sniffing,73531,73433,73531,98
walking,73556,73531,73556,25
sniffing,73636,73556,73636,80
rearing,73745,73636,73745,109
climbing,73800,73745,73800,55
trotting,73803,73800,73803,3
sniffing,73893,73803,73893,90
walking,73934,73893,73934,41
sniffing,74022,73934,74022,88
trotting,74025,74022,74025,3
left_turning,74026,74025,74026,1
rearing,74050,74026,74050,24
trotting,74068,74050,74068,18
left_turning,74141,74068,74141,73
sniffing,74182,74141,74182,41
left_turning,74245,74182,74245,63
rising,74260,74245,74260,15
climbing,74374,74260,74374,114
rising,74453,74374,74453,79
trotting,74460,74453,74460,7
climbing,74466,74460,74466,6
right_turning,74503,74466,74503,37
sniffing,74706,74503,74706,203
left_turning,74758,74706,74758,52
sniffing,74759,74758,74759,1
walking,74768,74759,74768,9
sniffing,74806,74768,74806,38
climbing,74895,74806,74895,89
right_turning,74908,74895,74908,13
walking,74935,74908,74935,27
climbing,74936,74935,74936,1
rearing,74960,74936,74960,24
climbing,75063,74960,75063,103
walking,75100,75063,75100,37
sniffing,75182,75100,75182,82
walking,75183,75182,75183,1
climbing,75277,75183,75277,94
sniffing,75318,75277,75318,41
grooming,75495,75318,75495,177
rising,75496,75495,75496,1
sniffing,75640,75496,75640,144
walking,75670,75640,75670,30
sniffing,75794,75670,75794,124
rising,75796,75794,75796,2
climbing,75878,75796,75878,82
stepping,75893,75878,75893,15
sniffing,76028,75893,76028,135
grooming,76250,76028,76250,222
rearing,76607,76250,76607,357
left_turning,76672,76607,76672,65
climbing,76697,76672,76697,25
rearing,76757,76697,76757,60
stepping,76771,76757,76771,14
sniffing,76772,76771,76772,1
left_turning,76835,76772,76835,63
sniffing,76840,76835,76840,5
walking,76927,76840,76927,87
sniffing,77002,76927,77002,75
left_turning,77054,77002,77054,52
stepping,77110,77054,77110,56
hunching,77159,77110,77159,49
climbing,77278,77159,77278,119
rearing,77289,77278,77289,11
grooming,77290,77289,77290,1
left_turning,77311,77290,77311,21
trotting,77333,77311,77333,22
sniffing,77386,77333,77386,53
stepping,77442,77386,77442,56
rising,77478,77442,77478,36
climbing,77597,77478,77597,119
rearing,77656,77597,77656,59
rising,77687,77656,77687,31
sniffing,77688,77687,77688,1
grooming,77689,77688,77689,1
sniffing,77825,77689,77825,136
climbing,77875,77825,77875,50
walking,77922,77875,77922,47
sniffing,78061,77922,78061,139
walking,78092,78061,78092,31
climbing,78174,78092,78174,82
rising,78183,78174,78183,9
sniffing,78397,78183,78397,214
walking,78453,78397,78453,56
right_turning,78454,78453,78454,1
sniffing,78497,78454,78497,43
rising,78567,78497,78567,70
walking,78608,78567,78608,41
sniffing,78609,78608,78609,1
hunching,78664,78609,78664,55
sniffing,78665,78664,78665,1
rising,78711,78665,78711,46
climbing,78848,78711,78848,137
walking,78904,78848,78904,56
sniffing,79014,78904,79014,110
right_turning,79036,79014,79036,22
climbing,79065,79036,79065,29
sniffing,79066,79065,79066,1
left_turning,79080,79066,79080,14
rising,79084,79080,79084,4
climbing,79103,79084,79103,19
trotting,79164,79103,79164,61
walking,79165,79164,79165,1
sniffing,79427,79165,79427,262
climbing,79428,79427,79428,1
rearing,79646,79428,79646,218
grooming,79647,79646,79647,1
trotting,79648,79647,79648,1
walking,79719,79648,79719,71
climbing,79720,79719,79720,1
stepping,79744,79720,79744,24
climbing,79766,79744,79766,22
rising,79810,79766,79810,44
rearing,79815,79810,79815,5
sniffing,79903,79815,79903,88
walking,79925,79903,79925,22
stepping,79973,79925,79973,48
sniffing,79984,79973,79984,11
rearing,79985,79984,79985,1
rising,79995,79985,79995,10
sniffing,80154,79995,80154,159
climbing,80330,80154,80330,176
sniffing,80350,80330,80350,20
rising,80525,80350,80525,175
climbing,80738,80525,80738,213
hunching,80741,80738,80741,3
right_turning,80784,80741,80784,43
walking,80853,80784,80853,69
rearing,80942,80853,80942,89
sniffing,80943,80942,80943,1
walking,80944,80943,80944,1
climbing,81043,80944,81043,99
rising,81089,81043,81089,46
rearing,81151,81089,81151,62
grooming,81807,81151,81807,656
rearing,81904,81807,81904,97
rising,81913,81904,81913,9
right_turning,81949,81913,81949,36
climbing,81961,81949,81961,12
rising,82025,81961,82025,64
sniffing,82145,82025,82145,120
left_turning,82184,82145,82184,39
rising,82240,82184,82240,56
grooming,82390,82240,82390,150
rearing,82420,82390,82420,30
sniffing,82551,82420,82551,131
rising,82561,82551,82561,10
climbing,82562,82561,82562,1
rearing,82656,82562,82656,94
sniffing,82761,82656,82761,105
left_turning,82808,82761,82808,47
sniffing,82809,82808,82809,1
pausing,83112,82809,83112,303
sniffing,83147,83112,83147,35
rising,83173,83147,83173,26
rearing,83186,83173,83186,13
left_turning,83187,83186,83187,1
rising,83197,83187,83197,10
sniffing,83198,83197,83198,1
rising,83283,83198,83283,85
climbing,83321,83283,83321,38
walking,83402,83321,83402,81
climbing,83403,83402,83403,1
walking,83474,83403,83474,71
stepping,83493,83474,83493,19
walking,83570,83493,83570,77
sniffing,83609,83570,83609,39
walking,83618,83609,83618,9
sniffing,83666,83618,83666,48
right_turning,83708,83666,83708,42
left_turning,83719,83708,83719,11
sniffing,83824,83719,83824,105
rising,83849,83824,83849,25
hunching,83896,83849,83896,47
walking,83897,83896,83897,1
sniffing,83944,83897,83944,47
walking,84030,83944,84030,86
climbing,84099,84030,84099,69
left_turning,84143,84099,84143,44
rising,84256,84143,84256,113
climbing,84342,84256,84342,86
right_turning,84375,84342,84375,33
rising,84424,84375,84424,49
climbing,84457,84424,84457,33
sniffing,84458,84457,84458,1
left_turning,84552,84458,84552,94
sniffing,84604,84552,84604,52
rearing,84638,84604,84638,34
trotting,84690,84638,84690,52
stepping,84710,84690,84710,20
sniffing,84725,84710,84725,15
grooming,85179,84725,85179,454
sniffing,85315,85179,85315,136
left_turning,85328,85315,85328,13
sniffing,85478,85328,85478,150
climbing,85571,85478,85571,93
rising,85590,85571,85590,19
climbing,85659,85590,85659,69
sniffing,85961,85659,85961,302
stepping,85997,85961,85997,36
climbing,85998,85997,85998,1
rising,86028,85998,86028,30
climbing,86118,86028,86118,90
rising,86167,86118,86167,49
grooming,86282,86167,86282,115
trotting,86309,86282,86309,27
left_turning,86344,86309,86344,35
sniffing,86457,86344,86457,113
left_turning,86465,86457,86465,8
walking,86518,86465,86518,53
sniffing,86727,86518,86727,209
rising,86773,86727,86773,46
climbing,86813,86773,86813,40
right_turning,86814,86813,86814,1
walking,86860,86814,86860,46
sniffing,86983,86860,86983,123
grooming,87457,86983,87457,474
rearing,87458,87457,87458,1
rising,87486,87458,87486,28
hunching,87500,87486,87500,14
right_turning,87530,87500,87530,30
running,87573,87530,87573,43
right_turning,87645,87573,87645,72
trotting,87671,87645,87671,26
sniffing,87761,87671,87761,90
right_turning,87768,87761,87768,7
walking,87845,87768,87845,77
sniffing,87846,87845,87846,1
rising,87990,87846,87990,144
climbing,88004,87990,88004,14
left_turning,88005,88004,88005,1
walking,88006,88005,88006,1
rearing,88068,88006,88068,62
grooming,88344,88068,88344,276
walking,88351,88344,88351,7
stepping,88401,88351,88401,50
walking,88450,88401,88450,49
trotting,88489,88450,88489,39
walking,88580,88489,88580,91
sniffing,88621,88580,88621,41
right_turning,88661,88621,88661,40
stepping,88719,88661,88719,58
climbing,88724,88719,88724,5
sniffing,88826,88724,88826,102
running,88837,88826,88837,11
left_turning,88838,88837,88838,1
right_turning,88839,88838,88839,1
walking,88954,88839,88954,115
rearing,88958,88954,88958,4
rising,88967,88958,88967,9
climbing,89044,88967,89044,77
left_turning,89045,89044,89045,1
sniffing,89064,89045,89064,19
rising,89065,89064,89065,1
stepping,89103,89065,89103,38
walking,89104,89103,89104,1
left_turning,89176,89104,89176,72
walking,89250,89176,89250,74
climbing,89310,89250,89310,60
walking,89319,89310,89319,9
rising,89368,89319,89368,49
sniffing,89479,89368,89479,111
left_turning,89498,89479,89498,19
sniffing,89499,89498,89499,1
walking,89527,89499,89527,28
sniffing,89741,89527,89741,214
hunching,89815,89741,89815,74
trotting,89841,89815,89841,26
running,89882,89841,89882,41
walking,89925,89882,89925,43
climbing,90006,89925,90006,81
hunching,90041,90006,90041,35
rising,90056,90041,90056,15
hunching,90135,90056,90135,79
rearing,90139,90135,90139,4
right_turning,90166,90139,90166,27
running,90221,90166,90221,55
trotting,90230,90221,90230,9
walking,90231,90230,90231,1
sniffing,90232,90231,90232,1
walking,90358,90232,90358,126
sniffing,90507,90358,90507,149
trotting,90532,90507,90532,25
walking,90569,90532,90569,37
climbing,90604,90569,90604,35
sniffing,90646,90604,90646,42
stepping,90709,90646,90709,63
sniffing,90732,90709,90732,23
rising,90828,90732,90828,96
right_turning,90847,90828,90847,19
walking,90899,90847,90899,52
stepping,90935,90899,90935,36
trotting,90947,90935,90947,12
rising,91001,90947,91001,54
climbing,91102,91001,91102,101
sniffing,91341,91102,91341,239
trotting,91413,91341,91413,72
rising,91524,91413,91524,111
climbing,91622,91524,91622,98
grooming,92027,91622,92027,405
rearing,92090,92027,92090,63
climbing,92141,92090,92141,51
rising,92142,92141,92142,1
climbing,92271,92142,92271,129
sniffing,92366,92271,92366,95
right_turning,92367,92366,92367,1
rising,92539,92367,92539,172
climbing,92587,92539,92587,48
sniffing,92767,92587,92767,180
right_turning,92886,92767,92886,119
rising,92938,92886,92938,52
climbing,92985,92938,92985,47
sniffing,92986,92985,92986,1
rising,92987,92986,92987,1
sniffing,93096,92987,93096,109
climbing,93134,93096,93134,38
walking,93145,93134,93145,11
climbing,93213,93145,93213,68
sniffing,93328,93213,93328,115
rising,93363,93328,93363,35
sniffing,93448,93363,93448,85
walking,93488,93448,93488,40
rising,93489,93488,93489,1
sniffing,93582,93489,93582,93
stepping,93600,93582,93600,18
climbing,93676,93600,93676,76
sniffing,93677,93676,93677,1
walking,93739,93677,93739,62
sniffing,93834,93739,93834,95
climbing,93835,93834,93835,1
sniffing,93894,93835,93894,59
left_turning,93922,93894,93922,28
rising,94035,93922,94035,113
walking,94134,94035,94134,99
rising,94144,94134,94144,10
climbing,94151,94144,94151,7
sniffing,94176,94151,94176,25
walking,94262,94176,94262,86
sniffing,94290,94262,94290,28
rising,94318,94290,94318,28
sniffing,94472,94318,94472,154
rising,94473,94472,94473,1
climbing,94509,94473,94509,36
trotting,94597,94509,94597,88
walking,94643,94597,94643,46
sniffing,94644,94643,94644,1
pausing,94916,94644,94916,272
sniffing,95109,94916,95109,193
rearing,95227,95109,95227,118
walking,95271,95227,95271,44
sniffing,95272,95271,95272,1
right_turning,95289,95272,95289,17
climbing,95374,95289,95374,85
running,95396,95374,95396,22
sniffing,95494,95396,95494,98
walking,95528,95494,95528,34
stepping,95555,95528,95555,27
left_turning,95556,95555,95556,1
rising,95585,95556,95585,29
hunching,95734,95585,95734,149
sniffing,95790,95734,95790,56
rearing,95873,95790,95873,83
sniffing,95874,95873,95874,1
climbing,95883,95874,95883,9
hunching,95994,95883,95994,111
climbing,96030,95994,96030,36
running,96065,96030,96065,35
walking,96089,96065,96089,24
sniffing,96229,96089,96229,140
walking,96268,96229,96268,39
rising,96385,96268,96385,117
climbing,96428,96385,96428,43
hunching,96439,96428,96439,11
trotting,96454,96439,96454,15
rising,96499,96454,96499,45
climbing,96551,96499,96551,52
hunching,96552,96551,96552,1
walking,96666,96552,96666,114
jumping,96796,96666,96796,130
walking,96860,96796,96860,64
sniffing,96966,96860,96966,106
rising,96967,96966,96967,1
sniffing,97035,96967,97035,68
left_turning,97093,97035,97093,58
sniffing,97095,97093,97095,2
climbing,97169,97095,97169,74
rising,97184,97169,97184,15
sniffing,97381,97184,97381,197
rearing,97451,97381,97451,70
walking,97458,97451,97458,7
climbing,97478,97458,97478,20
sniffing,97494,97478,97494,16
walking,97517,97494,97517,23
sniffing,97629,97517,97629,112
hunching,97692,97629,97692,63
sniffing,97786,97692,97786,94
climbing,97873,97786,97873,87
sniffing,97874,97873,97874,1
climbing,98002,97874,98002,128
running,98046,98002,98046,44
left_turning,98074,98046,98074,28
walking,98075,98074,98075,1
left_turning,98103,98075,98103,28
sniffing,98442,98103,98442,339
climbing,98451,98442,98451,9
left_turning,98480,98451,98480,29
rearing,98529,98480,98529,49
climbing,98530,98529,98530,1
grooming,99048,98530,99048,518
rearing,99173,99048,99173,125
sniffing,99252,99173,99252,79
hunching,99322,99252,99322,70
sniffing,99423,99322,99423,101
rising,99472,99423,99472,49
walking,99641,99472,99641,169
climbing,99740,99641,99740,99
grooming,100045,99740,100045,305
rearing,100054,100045,100054,9
sniffing,100143,100054,100143,89
walking,100186,100143,100186,43
rising,100194,100186,100194,8
sniffing,100195,100194,100195,1
left_turning,100196,100195,100196,1
walking,100250,100196,100250,54
hunching,100262,100250,100262,12
right_turning,100276,100262,100276,14
sniffing,100313,100276,100313,37
rising,100368,100313,100368,55
climbing,100573,100368,100573,205
rising,100579,100573,100579,6
climbing,100725,100579,100725,146
rising,100780,100725,100780,55
sniffing,100892,100780,100892,112
trotting,100955,100892,100955,63
left_turning,101035,100955,101035,80
sniffing,101190,101035,101190,155
stepping,101281,101190,101281,91
walking,101324,101281,101324,43
hunching,101326,101324,101326,2
rising,101347,101326,101347,21
sniffing,101448,101347,101448,101
pausing,101525,101448,101525,77
sniffing,101623,101525,101623,98
right_turning,101664,101623,101664,41
walking,101667,101664,101667,3
stepping,101709,101667,101709,42
sniffing,101983,101709,101983,274
hunching,101997,101983,101997,14
rising,101998,101997,101998,1
sniffing,102202,101998,102202,204
walking,102295,102202,102295,93
sniffing,102514,102295,102514,219
climbing,102555,102514,102555,41
walking,102575,102555,102575,20
sniffing,102591,102575,102591,16
rising,102617,102591,102617,26
running,102650,102617,102650,33
walking,102669,102650,102669,19
stepping,102746,102669,102746,77
rearing,102812,102746,102812,66
rising,102858,102812,102858,46
climbing,102887,102858,102887,29
sniffing,103181,102887,103181,294
hunching,103182,103181,103182,1
left_turning,103283,103182,103283,101
rising,103340,103283,103340,57
climbing,103412,103340,103412,72
grooming,103413,103412,103413,1
hunching,103448,103413,103448,35
sniffing,103635,103448,103635,187
rearing,103723,103635,103723,88
sniffing,103724,103723,103724,1
right_turning,103747,103724,103747,23
trotting,103794,103747,103794,47
walking,103840,103794,103840,46
left_turning,103912,103840,103912,72
sniffing,103931,103912,103931,19
rearing,103932,103931,103932,1
sniffing,103933,103932,103933,1
grooming,103934,103933,103934,1
rising,104004,103934,104004,70
climbing,104029,104004,104029,25
hunching,104045,104029,104045,16
climbing,104046,104045,104046,1
rearing,104047,104046,104047,1
climbing,104066,104047,104066,19
sniffing,104067,104066,104067,1
rearing,104075,104067,104075,8
climbing,104232,104075,104232,157
rearing,104235,104232,104235,3
climbing,104465,104235,104465,230
sniffing,104466,104465,104466,1
hunching,104562,104466,104562,96
trotting,104576,104562,104576,14
sniffing,104577,104576,104577,1
rising,104624,104577,104624,47
sniffing,104752,104624,104752,128
right_turning,104753,104752,104753,1
walking,104820,104753,104820,67
trotting,104859,104820,104859,39
rising,104860,104859,104860,1
walking,104922,104860,104922,62
sniffing,105044,104922,105044,122
climbing,105165,105044,105165,121
rising,105176,105165,105176,11
right_turning,105177,105176,105177,1
climbing,105337,105177,105337,160
rising,105345,105337,105345,8
sniffing,105346,105345,105346,1
running,105376,105346,105376,30
left_turning,105397,105376,105397,21
stepping,105443,105397,105443,46
walking,105469,105443,105469,26
sniffing,105470,105469,105470,1
hunching,105502,105470,105502,32
grooming,105570,105502,105570,68
rearing,105683,105570,105683,113
sniffing,105740,105683,105740,57
rising,105766,105740,105766,26
rearing,105846,105766,105846,80
grooming,106115,105846,106115,269
sniffing,106116,106115,106116,1
rising,106190,106116,106190,74
climbing,106259,106190,106259,69
trotting,106291,106259,106291,32
left_turning,106311,106291,106311,20
sniffing,106312,106311,106312,1
grooming,106528,106312,106528,216
climbing,106598,106528,106598,70
trotting,106646,106598,106646,48
walking,106680,106646,106680,34
stepping,106716,106680,106716,36
sniffing,106793,106716,106793,77
left_turning,106811,106793,106811,18
sniffing,106934,106811,106934,123
pausing,107141,106934,107141,207
sniffing,107285,107141,107285,144
rearing,107369,107285,107369,84
climbing,107395,107369,107395,26
hunching,107457,107395,107457,62
sniffing,107458,107457,107458,1
climbing,107459,107458,107459,1
walking,107512,107459,107512,53
sniffing,107612,107512,107612,100
rising,107628,107612,107628,16
sniffing,107687,107628,107687,59
grooming,108000,107687,108000,313
