revised_movement_label,segBoundary,segBoundary_start,segBoundary_end,length
walking,67,0,67,67
sniffing,120,67,120,53
rising,126,120,126,6
climbing,167,126,167,41
left_turning,233,167,233,66
sniffing,306,233,306,73
left_turning,307,306,307,1
rising,363,307,363,56
sniffing,434,363,434,71
hunching,437,434,437,3
sniffing,529,437,529,92
rising,530,529,530,1
climbing,569,530,569,39
rising,611,569,611,42
stepping,672,611,672,61
walking,770,672,770,98
climbing,841,770,841,71
walking,875,841,875,34
sniffing,950,875,950,75
rising,1029,950,1029,79
climbing,1036,1029,1036,7
sniffing,1122,1036,1122,86
climbing,1190,1122,1190,68
sniffing,1207,1190,1207,17
walking,1257,1207,1257,50
sniffing,1312,1257,1312,55
climbing,1435,1312,1435,123
walking,1468,1435,1468,33
rising,1487,1468,1487,19
rearing,1610,1487,1610,123
hunching,1629,1610,1629,19
right_turning,1674,1629,1674,45
running,1698,1674,1698,24
walking,1785,1698,1785,87
sniffing,1837,1785,1837,52
climbing,1867,1837,1867,30
rearing,1903,1867,1903,36
climbing,1947,1903,1947,44
sniffing,2494,1947,2494,547
rising,2495,2494,2495,1
climbing,2545,2495,2545,50
walking,2582,2545,2582,37
sniffing,2664,2582,2664,82
rising,2693,2664,2693,29
walking,2751,2693,2751,58
sniffing,2951,2751,2951,200
walking,2995,2951,2995,44
sniffing,3005,2995,3005,10
rising,3035,3005,3035,30
right_turning,3046,3035,3046,11
walking,3109,3046,3109,63
sniffing,3169,3109,3169,60
walking,3216,3169,3216,47
rising,3224,3216,3224,8
climbing,3278,3224,3278,54
left_turning,3367,3278,3367,89
walking,3457,3367,3457,90
sniffing,3458,3457,3458,1
trotting,3520,3458,3520,62
rising,3554,3520,3554,34
sniffing,3648,3554,3648,94
walking,3681,3648,3681,33
trotting,3818,3681,3818,137
rising,3864,3818,3864,46
right_turning,3865,3864,3865,1
rising,3910,3865,3910,45
climbing,3964,3910,3964,54
trotting,4019,3964,4019,55
walking,4020,4019,4020,1
sniffing,4021,4020,4021,1
rearing,4022,4021,4022,1
rising,4088,4022,4088,66
left_turning,4125,4088,4125,37
climbing,4191,4125,4191,66
running,4215,4191,4215,24
stepping,4290,4215,4290,75
walking,4338,4290,4338,48
rising,4339,4338,4339,1
climbing,4355,4339,4355,16
sniffing,4391,4355,4391,36
left_turning,4461,4391,4461,70
trotting,4488,4461,4488,27
sniffing,4552,4488,4552,64
walking,4594,4552,4594,42
stepping,4621,4594,4621,27
sniffing,4648,4621,4648,27
left_turning,4649,4648,4649,1
sniffing,4723,4649,4723,74
walking,4794,4723,4794,71
sniffing,4863,4794,4863,69
left_turning,4912,4863,4912,49
trotting,4933,4912,4933,21
walking,5001,4933,5001,68
stepping,5010,5001,5010,9
climbing,5038,5010,5038,28
walking,5092,5038,5092,54
climbing,5157,5092,5157,65
sniffing,5214,5157,5214,57
climbing,5317,5214,5317,103
trotting,5318,5317,5318,1
walking,5389,5318,5389,71
sniffing,5423,5389,5423,34
walking,5438,5423,5438,15
left_turning,5452,5438,5452,14
trotting,5502,5452,5502,50
rising,5515,5502,5515,13
walking,5657,5515,5657,142
climbing,5681,5657,5681,24
sniffing,5756,5681,5756,75
walking,5757,5756,5757,1
trotting,5758,5757,5758,1
stepping,5820,5758,5820,62
walking,5838,5820,5838,18
left_turning,5854,5838,5854,16
walking,5858,5854,5858,4
rising,5900,5858,5900,42
sniffing,5902,5900,5902,2
walking,5903,5902,5903,1
trotting,5928,5903,5928,25
sniffing,5996,5928,5996,68
walking,6045,5996,6045,49
rising,6052,6045,6052,7
walking,6069,6052,6069,17
sniffing,6100,6069,6100,31
rearing,6236,6100,6236,136
grooming,6275,6236,6275,39
climbing,6303,6275,6303,28
stepping,6313,6303,6313,10
sniffing,6314,6313,6314,1
climbing,6355,6314,6355,41
walking,6379,6355,6379,24
sniffing,6477,6379,6477,98
climbing,6536,6477,6536,59
rising,6579,6536,6579,43
climbing,6598,6579,6598,19
sniffing,6599,6598,6599,1
grooming,6768,6599,6768,169
left_turning,6844,6768,6844,76
rising,6878,6844,6878,34
stepping,6918,6878,6918,40
walking,6965,6918,6965,47
rising,6966,6965,6966,1
climbing,6969,6966,6969,3
sniffing,6984,6969,6984,15
running,7013,6984,7013,29
sniffing,7060,7013,7060,47
rising,7106,7060,7106,46
sniffing,7155,7106,7155,49
walking,7165,7155,7165,10
rising,7187,7165,7187,22
sniffing,7253,7187,7253,66
walking,7310,7253,7310,57
sniffing,7311,7310,7311,1
climbing,7393,7311,7393,82
rising,7404,7393,7404,11
climbing,7446,7404,7446,42
walking,7521,7446,7521,75
trotting,7569,7521,7569,48
walking,7619,7569,7619,50
running,7638,7619,7638,19
sniffing,7684,7638,7684,46
walking,7685,7684,7685,1
left_turning,7743,7685,7743,58
walking,7827,7743,7827,84
left_turning,7872,7827,7872,45
trotting,7927,7872,7927,55
running,7966,7927,7966,39
rising,7997,7966,7997,31
sniffing,8086,7997,8086,89
walking,8132,8086,8132,46
rising,8172,8132,8172,40
stepping,8210,8172,8210,38
rising,8248,8210,8248,38
climbing,8265,8248,8265,17
rising,8293,8265,8293,28
walking,8326,8293,8326,33
sniffing,8327,8326,8327,1
climbing,8353,8327,8353,26
right_turning,8408,8353,8408,55
running,8437,8408,8437,29
sniffing,8472,8437,8472,35
rising,8495,8472,8495,23
sniffing,8496,8495,8496,1
climbing,8574,8496,8574,78
sniffing,8575,8574,8575,1
trotting,8625,8575,8625,50
walking,8669,8625,8669,44
sniffing,8716,8669,8716,47
climbing,8739,8716,8739,23
sniffing,8827,8739,8827,88
climbing,8873,8827,8873,46
left_turning,8909,8873,8909,36
rising,8988,8909,8988,79
walking,9005,8988,9005,17
climbing,9057,9005,9057,52
sniffing,9107,9057,9107,50
left_turning,9115,9107,9115,8
rising,9161,9115,9161,46
climbing,9200,9161,9200,39
stepping,9210,9200,9210,10
rising,9246,9210,9246,36
climbing,9247,9246,9247,1
sniffing,9273,9247,9273,26
walking,9391,9273,9391,118
sniffing,9451,9391,9451,60
climbing,9452,9451,9452,1
rising,9509,9452,9509,57
hunching,9552,9509,9552,43
walking,9558,9552,9558,6
sniffing,9594,9558,9594,36
left_turning,9622,9594,9622,28
walking,9673,9622,9673,51
sniffing,9733,9673,9733,60
rearing,9798,9733,9798,65
grooming,9860,9798,9860,62
walking,9894,9860,9894,34
rising,9908,9894,9908,14
sniffing,9957,9908,9957,49
walking,10037,9957,10037,80
sniffing,10103,10037,10103,66
right_turning,10133,10103,10133,30
running,10163,10133,10163,30
sniffing,10205,10163,10205,42
running,10258,10205,10258,53
sniffing,10350,10258,10350,92
climbing,10427,10350,10427,77
sniffing,10451,10427,10451,24
walking,10489,10451,10489,38
sniffing,10622,10489,10622,133
stepping,10647,10622,10647,25
rising,10659,10647,10659,12
climbing,10660,10659,10660,1
rising,10741,10660,10741,81
climbing,10803,10741,10803,62
rising,10861,10803,10861,58
sniffing,10954,10861,10954,93
rising,11005,10954,11005,51
walking,11006,11005,11006,1
sniffing,11007,11006,11007,1
left_turning,11026,11007,11026,19
rearing,11052,11026,11052,26
walking,11120,11052,11120,68
sniffing,11121,11120,11121,1
walking,11246,11121,11246,125
climbing,11302,11246,11302,56
walking,11344,11302,11344,42
sniffing,11514,11344,11514,170
climbing,11519,11514,11519,5
walking,11532,11519,11532,13
sniffing,11628,11532,11628,96
left_turning,11675,11628,11675,47
sniffing,11704,11675,11704,29
left_turning,11743,11704,11743,39
rearing,11744,11743,11744,1
hunching,11745,11744,11745,1
climbing,11791,11745,11791,46
sniffing,11819,11791,11819,28
right_turning,11886,11819,11886,67
walking,11887,11886,11887,1
right_turning,11928,11887,11928,41
climbing,11946,11928,11946,18
trotting,12003,11946,12003,57
left_turning,12070,12003,12070,67
walking,12102,12070,12102,32
sniffing,12133,12102,12133,31
climbing,12186,12133,12186,53
rising,12226,12186,12226,40
climbing,12241,12226,12241,15
rearing,12313,12241,12313,72
left_turning,12336,12313,12336,23
climbing,12403,12336,12403,67
walking,12415,12403,12415,12
sniffing,12534,12415,12534,119
climbing,12535,12534,12535,1
right_turning,12563,12535,12563,28
sniffing,12564,12563,12564,1
rearing,12565,12564,12565,1
sniffing,12566,12565,12566,1
walking,12621,12566,12621,55
sniffing,12650,12621,12650,29
rising,12705,12650,12705,55
climbing,12739,12705,12739,34
hunching,12812,12739,12812,73
grooming,12842,12812,12842,30
left_turning,12879,12842,12879,37
right_turning,12880,12879,12880,1
walking,12920,12880,12920,40
sniffing,12961,12920,12961,41
left_turning,12994,12961,12994,33
sniffing,12997,12994,12997,3
right_turning,13050,12997,13050,53
stepping,13114,13050,13114,64
walking,13182,13114,13182,68
sniffing,13303,13182,13303,121
grooming,13409,13303,13409,106
rearing,13452,13409,13452,43
trotting,13497,13452,13497,45
walking,13633,13497,13633,136
rearing,13634,13633,13634,1
sniffing,13667,13634,13667,33
rising,13732,13667,13732,65
climbing,13833,13732,13833,101
sniffing,13884,13833,13884,51
rising,13970,13884,13970,86
sniffing,13987,13970,13987,17
rising,14043,13987,14043,56
climbing,14101,14043,14101,58
rising,14102,14101,14102,1
climbing,14153,14102,14153,51
rising,14247,14153,14247,94
trotting,14283,14247,14283,36
sniffing,14359,14283,14359,76
left_turning,14402,14359,14402,43
rising,14501,14402,14501,99
climbing,14558,14501,14558,57
rising,14608,14558,14608,50
rearing,14681,14608,14681,73
rising,14738,14681,14738,57
left_turning,14756,14738,14756,18
running,14798,14756,14798,42
walking,14837,14798,14837,39
stepping,14887,14837,14887,50
walking,14913,14887,14913,26
sniffing,14987,14913,14987,74
rising,15083,14987,15083,96
climbing,15150,15083,15150,67
rising,15151,15150,15151,1
climbing,15259,15151,15259,108
left_turning,15279,15259,15279,20
grooming,15357,15279,15357,78
hunching,15368,15357,15368,11
rising,15414,15368,15414,46
climbing,15475,15414,15475,61
right_turning,15529,15475,15529,54
walking,15535,15529,15535,6
rising,15636,15535,15636,101
trotting,15651,15636,15651,15
walking,15747,15651,15747,96
rising,15778,15747,15778,31
sniffing,15861,15778,15861,83
rearing,15877,15861,15877,16
climbing,15925,15877,15925,48
sniffing,15926,15925,15926,1
rising,15950,15926,15950,24
grooming,16029,15950,16029,79
sniffing,16112,16029,16112,83
hunching,16114,16112,16114,2
sniffing,16474,16114,16474,360
left_turning,16542,16474,16542,68
walking,16546,16542,16546,4
climbing,16625,16546,16625,79
rising,16647,16625,16647,22
trotting,16666,16647,16666,19
sniffing,16674,16666,16674,8
rising,16716,16674,16716,42
climbing,16717,16716,16717,1
left_turning,16753,16717,16753,36
stepping,16797,16753,16797,44
sniffing,16885,16797,16885,88
trotting,16917,16885,16917,32
walking,17004,16917,17004,87
sniffing,17162,17004,17162,158
climbing,17214,17162,17214,52
sniffing,17275,17214,17275,61
climbing,17326,17275,17326,51
sniffing,17348,17326,17348,22
rearing,17426,17348,17426,78
sniffing,17442,17426,17442,16
climbing,17460,17442,17460,18
rising,17496,17460,17496,36
climbing,17556,17496,17556,60
hunching,17629,17556,17629,73
sniffing,17709,17629,17709,80
hunching,17740,17709,17740,31
sniffing,17858,17740,17858,118
climbing,17953,17858,17953,95
rearing,17985,17953,17985,32
climbing,18020,17985,18020,35
trotting,18053,18020,18053,33
walking,18058,18053,18058,5
sniffing,18093,18058,18093,35
grooming,18094,18093,18094,1
trotting,18112,18094,18112,18
sniffing,18172,18112,18172,60
trotting,18173,18172,18173,1
walking,18206,18173,18206,33
climbing,18301,18206,18301,95
right_turning,18324,18301,18324,23
rising,18402,18324,18402,78
climbing,18417,18402,18417,15
trotting,18437,18417,18437,20
walking,18463,18437,18463,26
sniffing,18571,18463,18571,108
left_turning,18654,18571,18654,83
running,18677,18654,18677,23
sniffing,18680,18677,18680,3
walking,18723,18680,18723,43
sniffing,18771,18723,18771,48
right_turning,18782,18771,18782,11
sniffing,18883,18782,18883,101
climbing,18916,18883,18916,33
rising,18932,18916,18932,16
climbing,18993,18932,18993,61
sniffing,19057,18993,19057,64
stepping,19105,19057,19105,48
running,19113,19105,19113,8
sniffing,19132,19113,19132,19
running,19167,19132,19167,35
trotting,19220,19167,19220,53
left_turning,19221,19220,19221,1
walking,19234,19221,19234,13
sniffing,19339,19234,19339,105
rising,19390,19339,19390,51
sniffing,19419,19390,19419,29
rearing,19423,19419,19423,4
climbing,19440,19423,19440,17
rising,19472,19440,19472,32
sniffing,19530,19472,19530,58
climbing,19563,19530,19563,33
rising,19567,19563,19567,4
sniffing,19585,19567,19585,18
trotting,19597,19585,19597,12
walking,19651,19597,19651,54
sniffing,19652,19651,19652,1
climbing,19798,19652,19798,146
left_turning,19799,19798,19799,1
walking,19893,19799,19893,94
sniffing,19996,19893,19996,103
climbing,20090,19996,20090,94
rearing,20145,20090,20145,55
grooming,20434,20145,20434,289
rising,20484,20434,20484,50
rearing,20558,20484,20558,74
climbing,20559,20558,20559,1
running,20571,20559,20571,12
stepping,20611,20571,20611,40
rising,20662,20611,20662,51
left_turning,20735,20662,20735,73
trotting,20761,20735,20761,26
walking,20842,20761,20842,81
sniffing,20998,20842,20998,156
climbing,21027,20998,21027,29
left_turning,21040,21027,21040,13
sniffing,21041,21040,21041,1
walking,21051,21041,21051,10
left_turning,21070,21051,21070,19
pausing,21112,21070,21112,42
sniffing,21151,21112,21151,39
left_turning,21153,21151,21153,2
walking,21164,21153,21164,11
sniffing,21166,21164,21166,2
rising,21266,21166,21266,100
walking,21306,21266,21306,40
climbing,21327,21306,21327,21
sniffing,21432,21327,21432,105
right_turning,21452,21432,21452,20
rising,21485,21452,21485,33
climbing,21531,21485,21531,46
rising,21532,21531,21532,1
left_turning,21615,21532,21615,83
sniffing,21745,21615,21745,130
stepping,21801,21745,21801,56
right_turning,21842,21801,21842,41
trotting,21869,21842,21869,27
rising,21870,21869,21870,1
sniffing,21871,21870,21871,1
left_turning,21903,21871,21903,32
sniffing,21945,21903,21945,42
rising,21946,21945,21946,1
hunching,21963,21946,21963,17
sniffing,22113,21963,22113,150
climbing,22195,22113,22195,82
rearing,22229,22195,22229,34
climbing,22230,22229,22230,1
trotting,22271,22230,22271,41
sniffing,22388,22271,22388,117
hunching,22466,22388,22466,78
climbing,22470,22466,22470,4
sniffing,22521,22470,22521,51
walking,22560,22521,22560,39
sniffing,22561,22560,22561,1
left_turning,22579,22561,22579,18
walking,22640,22579,22640,61
rising,22678,22640,22678,38
climbing,22727,22678,22727,49
walking,22771,22727,22771,44
left_turning,22803,22771,22803,32
walking,22827,22803,22827,24
stepping,22872,22827,22872,45
walking,22883,22872,22883,11
sniffing,22984,22883,22984,101
left_turning,23042,22984,23042,58
walking,23076,23042,23076,34
climbing,23085,23076,23085,9
right_turning,23086,23085,23086,1
stepping,23119,23086,23119,33
sniffing,23166,23119,23166,47
walking,23256,23166,23256,90
sniffing,23333,23256,23333,77
rising,23377,23333,23377,44
climbing,23399,23377,23399,22
rising,23400,23399,23400,1
climbing,23487,23400,23487,87
rearing,23527,23487,23527,40
trotting,23528,23527,23528,1
rising,23531,23528,23531,3
climbing,23546,23531,23546,15
left_turning,23568,23546,23568,22
walking,23596,23568,23596,28
stepping,23636,23596,23636,40
sniffing,23637,23636,23637,1
rearing,23777,23637,23777,140
left_turning,23794,23777,23794,17
sniffing,23861,23794,23861,67
right_turning,23904,23861,23904,43
trotting,23925,23904,23925,21
rising,23939,23925,23939,14
trotting,23940,23939,23940,1
sniffing,23969,23940,23969,29
trotting,23990,23969,23990,21
left_turning,23991,23990,23991,1
sniffing,24086,23991,24086,95
walking,24143,24086,24143,57
left_turning,24189,24143,24189,46
sniffing,24205,24189,24205,16
left_turning,24228,24205,24228,23
walking,24288,24228,24288,60
sniffing,24361,24288,24361,73
walking,24410,24361,24410,49
sniffing,24467,24410,24467,57
climbing,24510,24467,24510,43
running,24529,24510,24529,19
trotting,24540,24529,24540,11
walking,24604,24540,24604,64
sniffing,24931,24604,24931,327
running,24969,24931,24969,38
stepping,25026,24969,25026,57
sniffing,25071,25026,25071,45
left_turning,25121,25071,25121,50
walking,25149,25121,25149,28
rising,25196,25149,25196,47
climbing,25282,25196,25282,86
stepping,25313,25282,25313,31
right_turning,25348,25313,25348,35
left_turning,25415,25348,25415,67
running,25424,25415,25424,9
trotting,25437,25424,25437,13
sniffing,25438,25437,25438,1
right_turning,25445,25438,25445,7
walking,25501,25445,25501,56
sniffing,25631,25501,25631,130
rising,25666,25631,25666,35
sniffing,25761,25666,25761,95
stepping,25816,25761,25816,55
sniffing,25820,25816,25820,4
left_turning,25833,25820,25833,13
sniffing,25862,25833,25862,29
climbing,25952,25862,25952,90
rearing,26036,25952,26036,84
rising,26037,26036,26037,1
climbing,26063,26037,26063,26
rising,26076,26063,26076,13
climbing,26140,26076,26140,64
sniffing,26153,26140,26153,13
trotting,26210,26153,26210,57
walking,26211,26210,26211,1
left_turning,26232,26211,26232,21
running,26283,26232,26283,51
walking,26329,26283,26329,46
sniffing,26510,26329,26510,181
rising,26511,26510,26511,1
climbing,26530,26511,26530,19
sniffing,26576,26530,26576,46
climbing,26587,26576,26587,11
trotting,26592,26587,26592,5
sniffing,26632,26592,26632,40
rising,26633,26632,26633,1
climbing,26706,26633,26706,73
rearing,26707,26706,26707,1
rising,26728,26707,26728,21
rearing,26785,26728,26785,57
rising,26828,26785,26828,43
climbing,26911,26828,26911,83
walking,26919,26911,26919,8
sniffing,26986,26919,26986,67
hunching,27045,26986,27045,59
climbing,27073,27045,27073,28
left_turning,27110,27073,27110,37
walking,27144,27110,27144,34
left_turning,27158,27144,27158,14
sniffing,27231,27158,27231,73
walking,27259,27231,27259,28
sniffing,27260,27259,27260,1
rising,27312,27260,27312,52
sniffing,27429,27312,27429,117
left_turning,27469,27429,27469,40
running,27482,27469,27482,13
walking,27545,27482,27545,63
climbing,27546,27545,27546,1
sniffing,27566,27546,27566,20
rising,27599,27566,27599,33
climbing,27714,27599,27714,115
hunching,27775,27714,27775,61
walking,27802,27775,27802,27
sniffing,27803,27802,27803,1
stepping,27873,27803,27873,70
rearing,27928,27873,27928,55
rising,27970,27928,27970,42
stepping,27992,27970,27992,22
rising,28029,27992,28029,37
climbing,28090,28029,28090,61
rising,28136,28090,28136,46
climbing,28211,28136,28211,75
rising,28259,28211,28259,48
trotting,28260,28259,28260,1
sniffing,28336,28260,28336,76
walking,28337,28336,28337,1
rising,28394,28337,28394,57
climbing,28436,28394,28436,42
rising,28501,28436,28501,65
right_turning,28508,28501,28508,7
sniffing,28594,28508,28594,86
rising,28675,28594,28675,81
walking,28676,28675,28676,1
rising,28699,28676,28699,23
climbing,28742,28699,28742,43
right_turning,28791,28742,28791,49
sniffing,28792,28791,28792,1
walking,28817,28792,28817,25
sniffing,28839,28817,28839,22
grooming,28840,28839,28840,1
sniffing,28883,28840,28883,43
walking,28910,28883,28910,27
running,28960,28910,28960,50
walking,28972,28960,28972,12
rising,29020,28972,29020,48
climbing,29146,29020,29146,126
sniffing,29187,29146,29187,41
left_turning,29212,29187,29212,25
walking,29367,29212,29367,155
sniffing,29393,29367,29393,26
climbing,29457,29393,29457,64
walking,29478,29457,29478,21
sniffing,29479,29478,29479,1
right_turning,29533,29479,29533,54
rising,29616,29533,29616,83
trotting,29636,29616,29636,20
walking,29689,29636,29689,53
sniffing,29701,29689,29701,12
right_turning,29780,29701,29780,79
trotting,29795,29780,29795,15
sniffing,29886,29795,29886,91
rising,29887,29886,29887,1
sniffing,29888,29887,29888,1
rising,29921,29888,29921,33
sniffing,30129,29921,30129,208
left_turning,30130,30129,30130,1
walking,30156,30130,30156,26
stepping,30207,30156,30207,51
sniffing,30208,30207,30208,1
climbing,30317,30208,30317,109
rising,30358,30317,30358,41
climbing,30449,30358,30449,91
rising,30492,30449,30492,43
climbing,30518,30492,30518,26
running,30533,30518,30533,15
sniffing,30565,30533,30565,32
right_turning,30595,30565,30595,30
running,30611,30595,30611,16
walking,30640,30611,30640,29
rising,30701,30640,30701,61
sniffing,30702,30701,30702,1
walking,30738,30702,30738,36
stepping,30803,30738,30803,65
climbing,30880,30803,30880,77
sniffing,30950,30880,30950,70
left_turning,30969,30950,30969,19
walking,31019,30969,31019,50
sniffing,31039,31019,31039,20
left_turning,31050,31039,31050,11
rising,31106,31050,31106,56
sniffing,31162,31106,31162,56
trotting,31186,31162,31186,24
stepping,31235,31186,31235,49
sniffing,31336,31235,31336,101
left_turning,31350,31336,31350,14
trotting,31381,31350,31381,31
sniffing,31511,31381,31511,130
left_turning,31554,31511,31554,43
walking,31603,31554,31603,49
sniffing,31604,31603,31604,1
trotting,31655,31604,31655,51
sniffing,31736,31655,31736,81
walking,31764,31736,31764,28
left_turning,31829,31764,31829,65
sniffing,31850,31829,31850,21
rising,31852,31850,31852,2
climbing,31980,31852,31980,128
running,32011,31980,32011,31
rising,32014,32011,32014,3
rearing,32052,32014,32052,38
walking,32064,32052,32064,12
trotting,32068,32064,32068,4
right_turning,32102,32068,32102,34
walking,32110,32102,32110,8
sniffing,32174,32110,32174,64
climbing,32213,32174,32213,39
rising,32257,32213,32257,44
sniffing,32322,32257,32322,65
trotting,32342,32322,32342,20
right_turning,32368,32342,32368,26
sniffing,32369,32368,32369,1
climbing,32382,32369,32382,13
rearing,32456,32382,32456,74
grooming,32457,32456,32457,1
sniffing,32500,32457,32500,43
rising,32512,32500,32512,12
climbing,32614,32512,32614,102
walking,32641,32614,32641,27
climbing,32660,32641,32660,19
rearing,32829,32660,32829,169
sniffing,32830,32829,32830,1
right_turning,32849,32830,32849,19
walking,32900,32849,32900,51
sniffing,33187,32900,33187,287
rising,33217,33187,33217,30
sniffing,33284,33217,33284,67
walking,33346,33284,33346,62
sniffing,33347,33346,33347,1
climbing,33372,33347,33372,25
walking,33373,33372,33373,1
sniffing,33507,33373,33507,134
left_turning,33515,33507,33515,8
sniffing,33578,33515,33578,63
walking,33579,33578,33579,1
left_turning,33637,33579,33637,58
trotting,33666,33637,33666,29
walking,33767,33666,33767,101
sniffing,33820,33767,33820,53
walking,33830,33820,33830,10
running,33893,33830,33893,63
walking,33950,33893,33950,57
stepping,33986,33950,33986,36
left_turning,34050,33986,34050,64
sniffing,34093,34050,34093,43
rising,34143,34093,34143,50
rearing,34161,34143,34161,18
hunching,34265,34161,34265,104
sniffing,34321,34265,34321,56
walking,34415,34321,34415,94
running,34441,34415,34441,26
stepping,34491,34441,34491,50
rearing,34532,34491,34532,41
stepping,34581,34532,34581,49
sniffing,34656,34581,34656,75
walking,34664,34656,34664,8
sniffing,34714,34664,34714,50
rising,34750,34714,34750,36
trotting,34815,34750,34815,65
stepping,34861,34815,34861,46
sniffing,34909,34861,34909,48
climbing,35046,34909,35046,137
grooming,35203,35046,35203,157
right_turning,35234,35203,35234,31
walking,35260,35234,35260,26
sniffing,35383,35260,35383,123
rising,35407,35383,35407,24
walking,35474,35407,35474,67
sniffing,35497,35474,35497,23
rising,35552,35497,35552,55
climbing,35607,35552,35607,55
running,35632,35607,35632,25
sniffing,35729,35632,35729,97
rising,35792,35729,35792,63
right_turning,35793,35792,35793,1
sniffing,35854,35793,35854,61
rising,35861,35854,35861,7
sniffing,35862,35861,35862,1
rising,35880,35862,35880,18
right_turning,35896,35880,35896,16
climbing,35960,35896,35960,64
rising,35961,35960,35961,1
sniffing,36027,35961,36027,66
stepping,36049,36027,36049,22
rising,36050,36049,36050,1
sniffing,36210,36050,36210,160
walking,36249,36210,36249,39
rising,36294,36249,36294,45
walking,36320,36294,36320,26
sniffing,36375,36320,36375,55
rising,36508,36375,36508,133
climbing,36564,36508,36564,56
rising,36596,36564,36596,32
walking,36662,36596,36662,66
sniffing,36663,36662,36663,1
rising,36664,36663,36664,1
climbing,36704,36664,36704,40
sniffing,36705,36704,36705,1
left_turning,36736,36705,36736,31
sniffing,36737,36736,36737,1
climbing,36777,36737,36777,40
rising,36791,36777,36791,14
stepping,36822,36791,36822,31
sniffing,36990,36822,36990,168
stepping,37037,36990,37037,47
jumping,37117,37037,37117,80
trotting,37147,37117,37147,30
left_turning,37148,37147,37148,1
sniffing,37331,37148,37331,183
climbing,37366,37331,37366,35
walking,37426,37366,37426,60
sniffing,37427,37426,37427,1
rising,37428,37427,37428,1
rearing,37442,37428,37442,14
rising,37458,37442,37458,16
climbing,37554,37458,37554,96
rising,37601,37554,37601,47
climbing,37610,37601,37610,9
sniffing,37624,37610,37624,14
rising,37686,37624,37686,62
climbing,37728,37686,37728,42
right_turning,37787,37728,37787,59
hunching,37788,37787,37788,1
rising,37789,37788,37789,1
walking,37832,37789,37832,43
climbing,37833,37832,37833,1
walking,37862,37833,37862,29
climbing,37898,37862,37898,36
sniffing,37903,37898,37903,5
walking,37970,37903,37970,67
right_turning,38043,37970,38043,73
sniffing,38186,38043,38186,143
left_turning,38197,38186,38197,11
sniffing,38306,38197,38306,109
hunching,38336,38306,38336,30
walking,38396,38336,38396,60
rearing,38505,38396,38505,109
grooming,38506,38505,38506,1
sniffing,38561,38506,38561,55
left_turning,38585,38561,38585,24
sniffing,38686,38585,38686,101
grooming,38780,38686,38780,94
sniffing,38831,38780,38831,51
climbing,38879,38831,38879,48
walking,38880,38879,38880,1
sniffing,38881,38880,38881,1
rearing,38997,38881,38997,116
rising,39002,38997,39002,5
climbing,39143,39002,39143,141
rearing,39153,39143,39153,10
climbing,39250,39153,39250,97
rising,39285,39250,39285,35
sniffing,39312,39285,39312,27
climbing,39389,39312,39389,77
hunching,39390,39389,39390,1
left_turning,39437,39390,39437,47
rearing,39447,39437,39447,10
running,39448,39447,39448,1
rising,39451,39448,39451,3
sniffing,39593,39451,39593,142
walking,39607,39593,39607,14
sniffing,39743,39607,39743,136
rising,39754,39743,39754,11
right_turning,39778,39754,39778,24
running,39813,39778,39813,35
climbing,40045,39813,40045,232
sniffing,40107,40045,40107,62
hunching,40120,40107,40120,13
walking,40157,40120,40157,37
left_turning,40168,40157,40168,11
walking,40235,40168,40235,67
stepping,40254,40235,40254,19
running,40286,40254,40286,32
walking,40374,40286,40374,88
rearing,40459,40374,40459,85
trotting,40474,40459,40474,15
walking,40475,40474,40475,1
sniffing,40497,40475,40497,22
rising,40565,40497,40565,68
climbing,40600,40565,40600,35
running,40618,40600,40618,18
sniffing,40631,40618,40631,13
walking,40721,40631,40721,90
rising,40772,40721,40772,51
sniffing,40871,40772,40871,99
walking,40893,40871,40893,22
climbing,40918,40893,40918,25
rearing,40957,40918,40957,39
left_turning,40969,40957,40969,12
trotting,41009,40969,41009,40
sniffing,41347,41009,41347,338
rising,41369,41347,41369,22
climbing,41445,41369,41445,76
walking,41493,41445,41493,48
left_turning,41514,41493,41514,21
walking,41568,41514,41568,54
sniffing,41763,41568,41763,195
rising,41794,41763,41794,31
walking,41875,41794,41875,81
trotting,41920,41875,41920,45
stepping,41974,41920,41974,54
hunching,41996,41974,41996,22
grooming,42035,41996,42035,39
climbing,42105,42035,42105,70
rising,42106,42105,42106,1
climbing,42141,42106,42141,35
walking,42193,42141,42193,52
rising,42219,42193,42219,26
hunching,42220,42219,42220,1
grooming,42356,42220,42356,136
right_turning,42371,42356,42371,15
sniffing,42417,42371,42417,46
rising,42507,42417,42507,90
right_turning,42549,42507,42549,42
left_turning,42585,42549,42585,36
sniffing,43012,42585,43012,427
left_turning,43037,43012,43037,25
walking,43127,43037,43127,90
left_turning,43175,43127,43175,48
sniffing,43242,43175,43242,67
walking,43243,43242,43243,1
stepping,43281,43243,43281,38
climbing,43390,43281,43390,109
rearing,43410,43390,43410,20
grooming,43709,43410,43709,299
rearing,43749,43709,43749,40
walking,43756,43749,43756,7
sniffing,43993,43756,43993,237
rising,44061,43993,44061,68
grooming,44062,44061,44062,1
rearing,44184,44062,44184,122
grooming,44194,44184,44194,10
sniffing,44313,44194,44313,119
hunching,44373,44313,44373,60
climbing,44431,44373,44431,58
rising,44466,44431,44466,35
rearing,44469,44466,44469,3
trotting,44486,44469,44486,17
sniffing,44526,44486,44526,40
rising,44570,44526,44570,44
rearing,44571,44570,44571,1
right_turning,44638,44571,44638,67
trotting,44649,44638,44649,11
left_turning,44703,44649,44703,54
trotting,44709,44703,44709,6
sniffing,44844,44709,44844,135
walking,44846,44844,44846,2
stepping,44861,44846,44861,15
hunching,44887,44861,44887,26
rising,44888,44887,44888,1
climbing,45107,44888,45107,219
sniffing,45278,45107,45278,171
rearing,45389,45278,45389,111
sniffing,45486,45389,45486,97
rising,45515,45486,45515,29
sniffing,45586,45515,45586,71
hunching,45587,45586,45587,1
climbing,45757,45587,45757,170
trotting,45780,45757,45780,23
walking,45847,45780,45847,67
rising,45883,45847,45883,36
rearing,46024,45883,46024,141
trotting,46050,46024,46050,26
sniffing,46113,46050,46113,63
running,46144,46113,46144,31
sniffing,46281,46144,46281,137
hunching,46379,46281,46379,98
right_turning,46437,46379,46437,58
walking,46527,46437,46527,90
climbing,46607,46527,46607,80
sniffing,46837,46607,46837,230
hunching,46838,46837,46838,1
grooming,46995,46838,46995,157
sniffing,47145,46995,47145,150
walking,47200,47145,47200,55
sniffing,47201,47200,47201,1
rearing,47265,47201,47265,64
stepping,47351,47265,47351,86
trotting,47392,47351,47392,41
sniffing,47443,47392,47443,51
rising,47473,47443,47473,30
climbing,47570,47473,47570,97
hunching,47599,47570,47599,29
rising,47720,47599,47720,121
sniffing,47934,47720,47934,214
walking,47955,47934,47955,21
sniffing,48086,47955,48086,131
walking,48119,48086,48119,33
left_turning,48121,48119,48121,2
sniffing,48392,48121,48392,271
climbing,48456,48392,48456,64
right_turning,48524,48456,48524,68
sniffing,48643,48524,48643,119
pausing,48707,48643,48707,64
sniffing,48708,48707,48708,1
trotting,48739,48708,48739,31
walking,48749,48739,48749,10
rising,48750,48749,48750,1
left_turning,48761,48750,48761,11
sniffing,48886,48761,48886,125
climbing,48925,48886,48925,39
sniffing,48926,48925,48926,1
walking,48946,48926,48946,20
sniffing,48947,48946,48947,1
walking,48951,48947,48951,4
trotting,48970,48951,48970,19
left_turning,48974,48970,48974,4
sniffing,49056,48974,49056,82
walking,49091,49056,49091,35
left_turning,49102,49091,49102,11
sniffing,49314,49102,49314,212
rising,49371,49314,49371,57
sniffing,49418,49371,49418,47
walking,49500,49418,49500,82
climbing,49598,49500,49598,98
trotting,49625,49598,49625,27
left_turning,49633,49625,49633,8
sniffing,49662,49633,49662,29
rising,49816,49662,49816,154
climbing,49817,49816,49817,1
left_turning,49872,49817,49872,55
walking,49935,49872,49935,63
sniffing,50169,49935,50169,234
walking,50261,50169,50261,92
sniffing,50383,50261,50383,122
rising,50442,50383,50442,59
stepping,50492,50442,50492,50
walking,50610,50492,50610,118
sniffing,50777,50610,50777,167
stepping,50792,50777,50792,15
walking,50829,50792,50829,37
stepping,50894,50829,50894,65
rearing,51150,50894,51150,256
rising,51151,51150,51151,1
sniffing,51199,51151,51199,48
climbing,51263,51199,51263,64
right_turning,51311,51263,51311,48
sniffing,51312,51311,51312,1
rising,51341,51312,51341,29
rearing,51342,51341,51342,1
walking,51343,51342,51343,1
sniffing,51437,51343,51437,94
stepping,51509,51437,51509,72
trotting,51519,51509,51519,10
sniffing,51630,51519,51630,111
walking,51668,51630,51668,38
climbing,51752,51668,51752,84
rising,51776,51752,51776,24
sniffing,51777,51776,51777,1
left_turning,51866,51777,51866,89
sniffing,52033,51866,52033,167
right_turning,52074,52033,52074,41
walking,52125,52074,52125,51
sniffing,52152,52125,52152,27
left_turning,52188,52152,52188,36
walking,52233,52188,52233,45
climbing,52315,52233,52315,82
rising,52337,52315,52337,22
climbing,52359,52337,52359,22
rising,52405,52359,52405,46
climbing,52479,52405,52479,74
sniffing,52585,52479,52585,106
climbing,52679,52585,52679,94
rising,52682,52679,52682,3
left_turning,52714,52682,52714,32
sniffing,52786,52714,52786,72
rising,52812,52786,52812,26
stepping,52843,52812,52843,31
sniffing,53040,52843,53040,197
rearing,53041,53040,53041,1
sniffing,53097,53041,53097,56
left_turning,53130,53097,53130,33
sniffing,53159,53130,53159,29
trotting,53160,53159,53160,1
left_turning,53247,53160,53247,87
right_turning,53272,53247,53272,25
walking,53317,53272,53317,45
rising,53326,53317,53326,9
climbing,53350,53326,53350,24
left_turning,53402,53350,53402,52
sniffing,53403,53402,53403,1
walking,53418,53403,53418,15
sniffing,53586,53418,53586,168
left_turning,53647,53586,53647,61
climbing,53650,53647,53650,3
sniffing,53651,53650,53651,1
rising,53652,53651,53652,1
sniffing,53653,53652,53653,1
climbing,53654,53653,53654,1
trotting,53693,53654,53693,39
sniffing,53723,53693,53723,30
rising,53748,53723,53748,25
climbing,53757,53748,53757,9
grooming,54010,53757,54010,253
climbing,54031,54010,54031,21
rearing,54069,54031,54069,38
sniffing,54070,54069,54070,1
trotting,54125,54070,54125,55
sniffing,54213,54125,54213,88
climbing,54214,54213,54214,1
sniffing,54219,54214,54219,5
left_turning,54254,54219,54254,35
trotting,54285,54254,54285,31
sniffing,54334,54285,54334,49
pausing,54487,54334,54487,153
sniffing,54717,54487,54717,230
right_turning,54724,54717,54724,7
hunching,54754,54724,54754,30
sniffing,54833,54754,54833,79
running,54874,54833,54874,41
walking,54918,54874,54918,44
rising,54953,54918,54953,35
walking,54954,54953,54954,1
climbing,54986,54954,54986,32
sniffing,55033,54986,55033,47
right_turning,55034,55033,55034,1
sniffing,55035,55034,55035,1
rearing,55036,55035,55036,1
grooming,55294,55036,55294,258
sniffing,55396,55294,55396,102
rising,55415,55396,55415,19
sniffing,55536,55415,55536,121
rising,55551,55536,55551,15
rearing,55611,55551,55611,60
rising,55637,55611,55637,26
sniffing,55644,55637,55644,7
rising,55645,55644,55645,1
left_turning,55687,55645,55687,42
rising,55716,55687,55716,29
left_turning,55730,55716,55730,14
walking,55773,55730,55773,43
climbing,55885,55773,55885,112
sniffing,55993,55885,55993,108
rising,56015,55993,56015,22
rearing,56087,56015,56087,72
sniffing,56248,56087,56248,161
stepping,56249,56248,56249,1
sniffing,56365,56249,56365,116
walking,56366,56365,56366,1
rising,56367,56366,56367,1
grooming,56504,56367,56504,137
rearing,56559,56504,56559,55
rising,56598,56559,56598,39
sniffing,56795,56598,56795,197
climbing,56909,56795,56909,114
walking,56923,56909,56923,14
rising,56940,56923,56940,17
climbing,57015,56940,57015,75
right_turning,57021,57015,57021,6
sniffing,57107,57021,57107,86
stepping,57108,57107,57108,1
rising,57112,57108,57112,4
climbing,57113,57112,57113,1
rearing,57158,57113,57158,45
sniffing,57186,57158,57186,28
climbing,57205,57186,57205,19
hunching,57286,57205,57286,81
rearing,57405,57286,57405,119
walking,57501,57405,57501,96
climbing,57581,57501,57581,80
grooming,58119,57581,58119,538
rising,58220,58119,58220,101
climbing,58285,58220,58285,65
sniffing,58292,58285,58292,7
walking,58321,58292,58321,29
sniffing,58416,58321,58416,95
walking,58484,58416,58484,68
left_turning,58533,58484,58533,49
sniffing,58538,58533,58538,5
climbing,58577,58538,58577,39
left_turning,58620,58577,58620,43
stepping,58654,58620,58654,34
rising,58665,58654,58665,11
climbing,58723,58665,58723,58
right_turning,58741,58723,58741,18
sniffing,58780,58741,58780,39
walking,58817,58780,58817,37
climbing,58818,58817,58818,1
rising,58838,58818,58838,20
climbing,58847,58838,58847,9
sniffing,58870,58847,58870,23
walking,58894,58870,58894,24
sniffing,58895,58894,58895,1
rising,58908,58895,58908,13
sniffing,58994,58908,58994,86
right_turning,59018,58994,59018,24
rising,59044,59018,59044,26
rearing,59054,59044,59054,10
left_turning,59099,59054,59099,45
sniffing,59100,59099,59100,1
climbing,59163,59100,59163,63
walking,59176,59163,59176,13
climbing,59189,59176,59189,13
walking,59198,59189,59198,9
sniffing,59224,59198,59224,26
walking,59261,59224,59261,37
running,59285,59261,59285,24
left_turning,59325,59285,59325,40
sniffing,59428,59325,59428,103
rising,59477,59428,59477,49
sniffing,59695,59477,59695,218
walking,59731,59695,59731,36
left_turning,59755,59731,59755,24
walking,59804,59755,59804,49
sniffing,59816,59804,59816,12
right_turning,59842,59816,59842,26
running,59869,59842,59869,27
stepping,59909,59869,59909,40
climbing,59933,59909,59933,24
hunching,59969,59933,59969,36
sniffing,60028,59969,60028,59
right_turning,60029,60028,60029,1
walking,60083,60029,60083,54
stepping,60131,60083,60131,48
climbing,60155,60131,60155,24
walking,60169,60155,60169,14
left_turning,60203,60169,60203,34
trotting,60230,60203,60230,27
walking,60267,60230,60267,37
sniffing,60351,60267,60351,84
climbing,60352,60351,60352,1
sniffing,60477,60352,60477,125
climbing,60501,60477,60501,24
rising,60503,60501,60503,2
walking,60506,60503,60506,3
sniffing,60507,60506,60507,1
rearing,60537,60507,60537,30
grooming,60616,60537,60616,79
stepping,60637,60616,60637,21
walking,60638,60637,60638,1
rising,60639,60638,60639,1
climbing,60673,60639,60673,34
left_turning,60703,60673,60703,30
sniffing,60784,60703,60784,81
grooming,61144,60784,61144,360
left_turning,61185,61144,61185,41
stepping,61200,61185,61200,15
sniffing,61204,61200,61204,4
left_turning,61210,61204,61210,6
sniffing,61312,61210,61312,102
rearing,61405,61312,61405,93
walking,61420,61405,61420,15
sniffing,61482,61420,61482,62
climbing,61508,61482,61508,26
sniffing,61541,61508,61541,33
left_turning,61576,61541,61576,35
sniffing,61737,61576,61737,161
walking,61738,61737,61738,1
rising,61775,61738,61775,37
rearing,61816,61775,61816,41
climbing,61965,61816,61965,149
walking,61972,61965,61972,7
stepping,61998,61972,61998,26
sniffing,62084,61998,62084,86
rearing,62126,62084,62126,42
rising,62194,62126,62194,68
climbing,62239,62194,62239,45
left_turning,62273,62239,62273,34
sniffing,62336,62273,62336,63
trotting,62403,62336,62403,67
walking,62430,62403,62430,27
trotting,62449,62430,62449,19
sniffing,62574,62449,62574,125
rising,62583,62574,62583,9
left_turning,62603,62583,62603,20
sniffing,62678,62603,62678,75
rising,62733,62678,62733,55
sniffing,62786,62733,62786,53
rising,62833,62786,62833,47
climbing,62845,62833,62845,12
trotting,62849,62845,62849,4
walking,62903,62849,62903,54
sniffing,62938,62903,62938,35
trotting,62955,62938,62955,17
walking,62984,62955,62984,29
rearing,62995,62984,62995,11
rising,62996,62995,62996,1
climbing,63049,62996,63049,53
hunching,63054,63049,63054,5
climbing,63055,63054,63055,1
trotting,63115,63055,63115,60
sniffing,63166,63115,63166,51
left_turning,63200,63166,63200,34
sniffing,63249,63200,63249,49
left_turning,63307,63249,63307,58
sniffing,63600,63307,63600,293
walking,63632,63600,63632,32
sniffing,63808,63632,63808,176
grooming,63908,63808,63908,100
sniffing,63960,63908,63960,52
rising,64049,63960,64049,89
rearing,64062,64049,64062,13
hunching,64095,64062,64095,33
climbing,64159,64095,64159,64
walking,64207,64159,64207,48
stepping,64246,64207,64246,39
walking,64268,64246,64268,22
stepping,64366,64268,64366,98
sniffing,64515,64366,64515,149
right_turning,64534,64515,64534,19
walking,64576,64534,64576,42
sniffing,64831,64576,64831,255
right_turning,64886,64831,64886,55
climbing,64906,64886,64906,20
right_turning,64951,64906,64951,45
trotting,64990,64951,64990,39
running,65006,64990,65006,16
trotting,65061,65006,65061,55
sniffing,65083,65061,65083,22
rearing,65118,65083,65118,35
stepping,65119,65118,65119,1
climbing,65123,65119,65123,4
sniffing,65285,65123,65285,162
rising,65330,65285,65330,45
grooming,65331,65330,65331,1
climbing,65482,65331,65482,151
walking,65526,65482,65526,44
sniffing,65645,65526,65645,119
right_turning,65687,65645,65687,42
sniffing,65688,65687,65688,1
climbing,65709,65688,65709,21
running,65733,65709,65733,24
walking,65734,65733,65734,1
climbing,65873,65734,65873,139
rearing,65970,65873,65970,97
trotting,66025,65970,66025,55
left_turning,66034,66025,66034,9
sniffing,66203,66034,66203,169
walking,66368,66203,66368,165
left_turning,66443,66368,66443,75
sniffing,66556,66443,66556,113
climbing,66580,66556,66580,24
rising,66650,66580,66650,70
rearing,66651,66650,66651,1
grooming,66652,66651,66652,1
rearing,66655,66652,66655,3
rising,66755,66655,66755,100
climbing,66843,66755,66843,88
walking,66904,66843,66904,61
left_turning,66905,66904,66905,1
sniffing,66906,66905,66906,1
hunching,66915,66906,66915,9
sniffing,66985,66915,66985,70
walking,66986,66985,66986,1
sniffing,67190,66986,67190,204
walking,67202,67190,67202,12
climbing,67285,67202,67285,83
grooming,67286,67285,67286,1
sniffing,67336,67286,67336,50
running,67381,67336,67381,45
sniffing,67499,67381,67499,118
grooming,67500,67499,67500,1
sniffing,67517,67500,67517,17
rising,67525,67517,67525,8
sniffing,67526,67525,67526,1
rising,67527,67526,67527,1
climbing,67618,67527,67618,91
sniffing,67619,67618,67619,1
rising,67680,67619,67680,61
climbing,67735,67680,67735,55
rearing,67736,67735,67736,1
climbing,67784,67736,67784,48
rearing,67874,67784,67874,90
left_turning,67948,67874,67948,74
stepping,68005,67948,68005,57
sniffing,68129,68005,68129,124
walking,68130,68129,68130,1
climbing,68238,68130,68238,108
rising,68314,68238,68314,76
sniffing,68380,68314,68380,66
left_turning,68395,68380,68395,15
walking,68433,68395,68433,38
climbing,68434,68433,68434,1
right_turning,68435,68434,68435,1
walking,68530,68435,68530,95
rising,68547,68530,68547,17
climbing,68572,68547,68572,25
sniffing,68761,68572,68761,189
climbing,68762,68761,68762,1
walking,68790,68762,68790,28
rearing,68791,68790,68791,1
grooming,68910,68791,68910,119
rearing,68911,68910,68911,1
sniffing,69126,68911,69126,215
climbing,69181,69126,69181,55
rearing,69327,69181,69327,146
sniffing,69609,69327,69609,282
walking,69618,69609,69618,9
sniffing,69690,69618,69690,72
walking,69711,69690,69711,21
sniffing,69737,69711,69737,26
stepping,69755,69737,69755,18
sniffing,69904,69755,69904,149
rising,69911,69904,69911,7
sniffing,69912,69911,69912,1
rising,69963,69912,69963,51
walking,70002,69963,70002,39
left_turning,70007,70002,70007,5
rising,70042,70007,70042,35
climbing,70094,70042,70094,52
sniffing,70171,70094,70171,77
stepping,70196,70171,70196,25
rising,70224,70196,70224,28
sniffing,70238,70224,70238,14
rising,70265,70238,70265,27
sniffing,70304,70265,70304,39
running,70320,70304,70320,16
walking,70340,70320,70340,20
sniffing,70488,70340,70488,148
climbing,70489,70488,70489,1
sniffing,70541,70489,70541,52
climbing,70658,70541,70658,117
rising,70706,70658,70706,48
sniffing,70777,70706,70777,71
climbing,70803,70777,70803,26
right_turning,70826,70803,70826,23
rising,70848,70826,70848,22
left_turning,70880,70848,70880,32
walking,70902,70880,70902,22
left_turning,70918,70902,70918,16
trotting,70958,70918,70958,40
rising,70977,70958,70977,19
sniffing,71004,70977,71004,27
left_turning,71046,71004,71046,42
sniffing,71163,71046,71163,117
rising,71164,71163,71164,1
rearing,71219,71164,71219,55
climbing,71277,71219,71277,58
rising,71278,71277,71278,1
climbing,71377,71278,71377,99
hunching,71388,71377,71388,11
sniffing,71473,71388,71473,85
right_turning,71517,71473,71517,44
walking,71599,71517,71599,82
left_turning,71634,71599,71634,35
running,71666,71634,71666,32
left_turning,71731,71666,71731,65
sniffing,71889,71731,71889,158
left_turning,71900,71889,71900,11
sniffing,72037,71900,72037,137
right_turning,72071,72037,72071,34
stepping,72118,72071,72118,47
walking,72119,72118,72119,1
sniffing,72172,72119,72172,53
right_turning,72197,72172,72197,25
stepping,72225,72197,72225,28
rising,72270,72225,72270,45
climbing,72351,72270,72351,81
hunching,72352,72351,72352,1
sniffing,72421,72352,72421,69
rising,72422,72421,72422,1
climbing,72438,72422,72438,16
hunching,72480,72438,72480,42
sniffing,72501,72480,72501,21
grooming,72526,72501,72526,25
sniffing,72592,72526,72592,66
rising,72649,72592,72649,57
sniffing,72650,72649,72650,1
rising,72689,72650,72689,39
climbing,72756,72689,72756,67
sniffing,72924,72756,72924,168
left_turning,72925,72924,72925,1
trotting,72971,72925,72971,46
walking,72972,72971,72972,1
climbing,73021,72972,73021,49
sniffing,73142,73021,73142,121
climbing,73192,73142,73192,50
sniffing,73255,73192,73255,63
walking,73345,73255,73345,90
sniffing,73453,73345,73453,108
climbing,73535,73453,73535,82
trotting,73575,73535,73575,40
walking,73633,73575,73633,58
climbing,73791,73633,73791,158
walking,73815,73791,73815,24
rising,73832,73815,73832,17
sniffing,73896,73832,73896,64
rising,73914,73896,73914,18
climbing,73991,73914,73991,77
left_turning,74071,73991,74071,80
walking,74147,74071,74147,76
sniffing,74148,74147,74148,1
right_turning,74149,74148,74149,1
walking,74186,74149,74186,37
climbing,74284,74186,74284,98
left_turning,74368,74284,74368,84
walking,74458,74368,74458,90
sniffing,74539,74458,74539,81
climbing,74601,74539,74601,62
walking,74691,74601,74691,90
sniffing,74796,74691,74796,105
climbing,74828,74796,74828,32
right_turning,74829,74828,74829,1
trotting,74866,74829,74866,37
walking,75006,74866,75006,140
sniffing,75033,75006,75033,27
rearing,75042,75033,75042,9
sniffing,75043,75042,75043,1
right_turning,75046,75043,75046,3
running,75063,75046,75063,17
walking,75079,75063,75079,16
stepping,75119,75079,75119,40
sniffing,75174,75119,75174,55
left_turning,75175,75174,75175,1
walking,75210,75175,75210,35
rising,75231,75210,75231,21
climbing,75232,75231,75232,1
rearing,75255,75232,75255,23
walking,75284,75255,75284,29
rearing,75348,75284,75348,64
left_turning,75375,75348,75375,27
walking,75428,75375,75428,53
sniffing,75429,75428,75429,1
rising,75430,75429,75430,1
grooming,75575,75430,75575,145
rearing,75667,75575,75667,92
sniffing,75673,75667,75673,6
rising,75698,75673,75698,25
sniffing,75754,75698,75754,56
trotting,75807,75754,75807,53
rising,75808,75807,75808,1
right_turning,75848,75808,75848,40
walking,75852,75848,75852,4
sniffing,75853,75852,75853,1
rising,75860,75853,75860,7
sniffing,75980,75860,75980,120
walking,76029,75980,76029,49
climbing,76166,76029,76166,137
sniffing,76227,76166,76227,61
rearing,76348,76227,76348,121
walking,76426,76348,76426,78
sniffing,76442,76426,76442,16
walking,76482,76442,76482,40
sniffing,76568,76482,76568,86
grooming,76648,76568,76648,80
sniffing,76703,76648,76703,55
trotting,76717,76703,76717,14
walking,76749,76717,76749,32
stepping,76779,76749,76779,30
sniffing,76975,76779,76975,196
rising,77009,76975,77009,34
sniffing,77060,77009,77060,51
grooming,77061,77060,77061,1
climbing,77091,77061,77091,30
left_turning,77185,77091,77185,94
rising,77191,77185,77191,6
grooming,77282,77191,77282,91
left_turning,77292,77282,77292,10
walking,77346,77292,77346,54
sniffing,77370,77346,77370,24
climbing,77406,77370,77406,36
sniffing,77407,77406,77407,1
rising,77408,77407,77408,1
rearing,77422,77408,77422,14
sniffing,77423,77422,77423,1
climbing,77439,77423,77439,16
sniffing,77620,77439,77620,181
rising,77674,77620,77674,54
sniffing,77779,77674,77779,105
rising,77786,77779,77786,7
climbing,77787,77786,77787,1
running,77826,77787,77826,39
sniffing,77827,77826,77827,1
grooming,78003,77827,78003,176
sniffing,78052,78003,78052,49
walking,78156,78052,78156,104
rising,78207,78156,78207,51
sniffing,78322,78207,78322,115
pausing,78552,78322,78552,230
sniffing,78638,78552,78638,86
walking,78703,78638,78703,65
sniffing,78704,78703,78704,1
rising,78730,78704,78730,26
sniffing,78906,78730,78906,176
trotting,78909,78906,78909,3
rising,78944,78909,78944,35
sniffing,79040,78944,79040,96
climbing,79045,79040,79045,5
rising,79046,79045,79046,1
sniffing,79057,79046,79057,11
rearing,79091,79057,79091,34
grooming,79127,79091,79127,36
rearing,79224,79127,79224,97
left_turning,79274,79224,79274,50
walking,79333,79274,79333,59
rearing,79377,79333,79377,44
left_turning,79390,79377,79390,13
climbing,79406,79390,79406,16
sniffing,79453,79406,79453,47
rising,79469,79453,79469,16
rearing,79527,79469,79527,58
grooming,79552,79527,79552,25
trotting,79559,79552,79559,7
sniffing,79572,79559,79572,13
stepping,79602,79572,79602,30
sniffing,79651,79602,79651,49
climbing,79760,79651,79760,109
right_turning,79775,79760,79775,15
walking,79863,79775,79863,88
rising,79924,79863,79924,61
walking,79978,79924,79978,54
stepping,80021,79978,80021,43
rising,80033,80021,80033,12
left_turning,80078,80033,80078,45
walking,80079,80078,80079,1
climbing,80115,80079,80115,36
rising,80116,80115,80116,1
sniffing,80131,80116,80131,15
rising,80166,80131,80166,35
climbing,80234,80166,80234,68
sniffing,80344,80234,80344,110
running,80357,80344,80357,13
walking,80460,80357,80460,103
rising,80461,80460,80461,1
climbing,80462,80461,80462,1
sniffing,80463,80462,80463,1
walking,80475,80463,80475,12
sniffing,80720,80475,80720,245
rearing,80780,80720,80780,60
sniffing,80821,80780,80821,41
left_turning,80888,80821,80888,67
running,80957,80888,80957,69
rearing,81064,80957,81064,107
sniffing,81183,81064,81183,119
left_turning,81211,81183,81211,28
walking,81266,81211,81266,55
sniffing,81296,81266,81296,30
left_turning,81330,81296,81330,34
sniffing,81456,81330,81456,126
walking,81492,81456,81492,36
sniffing,81493,81492,81493,1
rising,81494,81493,81494,1
climbing,81796,81494,81796,302
sniffing,81873,81796,81873,77
walking,81885,81873,81885,12
sniffing,82012,81885,82012,127
walking,82105,82012,82105,93
left_turning,82106,82105,82106,1
climbing,82259,82106,82259,153
right_turning,82279,82259,82279,20
sniffing,82348,82279,82348,69
walking,82428,82348,82428,80
rearing,82493,82428,82493,65
right_turning,82494,82493,82494,1
trotting,82526,82494,82526,32
sniffing,82545,82526,82545,19
hunching,82546,82545,82546,1
sniffing,82619,82546,82619,73
walking,82682,82619,82682,63
rising,82832,82682,82832,150
sniffing,82836,82832,82836,4
right_turning,82844,82836,82844,8
sniffing,82923,82844,82923,79
right_turning,82958,82923,82958,35
sniffing,83162,82958,83162,204
rearing,83180,83162,83180,18
sniffing,83181,83180,83181,1
rising,83182,83181,83182,1
sniffing,83326,83182,83326,144
walking,83407,83326,83407,81
sniffing,83812,83407,83812,405
stepping,83869,83812,83869,57
hunching,83936,83869,83936,67
grooming,83937,83936,83937,1
rearing,84010,83937,84010,73
grooming,84401,84010,84401,391
sniffing,84441,84401,84441,40
trotting,84457,84441,84457,16
sniffing,84465,84457,84465,8
grooming,84466,84465,84466,1
climbing,84523,84466,84523,57
sniffing,84574,84523,84574,51
rising,84575,84574,84575,1
right_turning,84587,84575,84587,12
walking,84620,84587,84620,33
sniffing,84621,84620,84621,1
rising,84652,84621,84652,31
rearing,84726,84652,84726,74
rising,84747,84726,84747,21
sniffing,84887,84747,84887,140
rising,84888,84887,84888,1
walking,84933,84888,84933,45
trotting,84943,84933,84943,10
rising,85071,84943,85071,128
walking,85124,85071,85124,53
stepping,85125,85124,85125,1
walking,85166,85125,85166,41
sniffing,85182,85166,85182,16
rising,85200,85182,85200,18
climbing,85245,85200,85245,45
rearing,85375,85245,85375,130
rising,85376,85375,85376,1
sniffing,85377,85376,85377,1
rising,85472,85377,85472,95
right_turning,85523,85472,85523,51
rising,85587,85523,85587,64
sniffing,85647,85587,85647,60
left_turning,85720,85647,85720,73
sniffing,85757,85720,85757,37
rising,85758,85757,85758,1
climbing,85789,85758,85789,31
sniffing,85790,85789,85790,1
left_turning,85833,85790,85833,43
sniffing,85835,85833,85835,2
rising,85841,85835,85841,6
sniffing,85859,85841,85859,18
left_turning,85871,85859,85871,12
walking,85901,85871,85901,30
stepping,85932,85901,85932,31
left_turning,85983,85932,85983,51
walking,86059,85983,86059,76
sniffing,86153,86059,86153,94
left_turning,86221,86153,86221,68
trotting,86250,86221,86250,29
stepping,86275,86250,86275,25
hunching,86344,86275,86344,69
grooming,86403,86344,86403,59
rising,86436,86403,86436,33
sniffing,86509,86436,86509,73
grooming,86534,86509,86534,25
left_turning,86566,86534,86566,32
walking,86667,86566,86667,101
climbing,86717,86667,86717,50
right_turning,86767,86717,86767,50
climbing,86768,86767,86768,1
sniffing,86876,86768,86876,108
rising,86905,86876,86905,29
sniffing,86960,86905,86960,55
left_turning,86998,86960,86998,38
sniffing,87206,86998,87206,208
walking,87258,87206,87258,52
sniffing,87286,87258,87286,28
hunching,87351,87286,87351,65
rising,87364,87351,87364,13
sniffing,87405,87364,87405,41
right_turning,87429,87405,87429,24
walking,87464,87429,87464,35
left_turning,87493,87464,87493,29
sniffing,87669,87493,87669,176
climbing,87778,87669,87778,109
sniffing,87928,87778,87928,150
climbing,87961,87928,87961,33
sniffing,87962,87961,87962,1
rearing,87993,87962,87993,31
left_turning,88038,87993,88038,45
sniffing,88039,88038,88039,1
pausing,88236,88039,88236,197
sniffing,88306,88236,88306,70
walking,88350,88306,88350,44
sniffing,88432,88350,88432,82
rearing,88464,88432,88464,32
sniffing,88717,88464,88717,253
hunching,88752,88717,88752,35
sniffing,88896,88752,88896,144
grooming,89135,88896,89135,239
climbing,89167,89135,89167,32
grooming,89247,89167,89247,80
rising,89283,89247,89283,36
climbing,89372,89283,89372,89
trotting,89439,89372,89439,67
rising,89513,89439,89513,74
sniffing,89613,89513,89613,100
rearing,89614,89613,89614,1
rising,89615,89614,89615,1
climbing,89762,89615,89762,147
left_turning,89849,89762,89849,87
sniffing,89964,89849,89964,115
stepping,90020,89964,90020,56
walking,90089,90020,90089,69
sniffing,90234,90089,90234,145
hunching,90335,90234,90335,101
sniffing,90692,90335,90692,357
rising,90693,90692,90693,1
walking,90694,90693,90694,1
rising,90757,90694,90757,63
rearing,90766,90757,90766,9
rising,90781,90766,90781,15
climbing,90792,90781,90792,11
rising,90793,90792,90793,1
climbing,90976,90793,90976,183
sniffing,90977,90976,90977,1
left_turning,91060,90977,91060,83
sniffing,91136,91060,91136,76
right_turning,91160,91136,91160,24
sniffing,91233,91160,91233,73
walking,91254,91233,91254,21
climbing,91355,91254,91355,101
right_turning,91411,91355,91411,56
left_turning,91412,91411,91412,1
sniffing,91418,91412,91418,6
rising,91472,91418,91472,54
climbing,91488,91472,91488,16
sniffing,91564,91488,91564,76
right_turning,91565,91564,91565,1
sniffing,91847,91565,91847,282
right_turning,91887,91847,91887,40
walking,91891,91887,91891,4
sniffing,92047,91891,92047,156
walking,92112,92047,92112,65
sniffing,92137,92112,92137,25
right_turning,92145,92137,92145,8
trotting,92178,92145,92178,33
sniffing,92245,92178,92245,67
pausing,92431,92245,92431,186
sniffing,92432,92431,92432,1
walking,92480,92432,92480,48
left_turning,92519,92480,92519,39
running,92526,92519,92526,7
right_turning,92532,92526,92532,6
running,92552,92532,92552,20
rising,92567,92552,92567,15
rearing,92690,92567,92690,123
left_turning,92712,92690,92712,22
sniffing,92763,92712,92763,51
stepping,92793,92763,92793,30
climbing,92862,92793,92862,69
right_turning,92874,92862,92874,12
walking,92901,92874,92901,27
sniffing,93110,92901,93110,209
climbing,93234,93110,93234,124
sniffing,93250,93234,93250,16
rearing,93293,93250,93293,43
hunching,93294,93293,93294,1
rearing,93300,93294,93300,6
grooming,93301,93300,93301,1
rearing,93361,93301,93361,60
sniffing,93616,93361,93616,255
stepping,93689,93616,93689,73
sniffing,93701,93689,93701,12
walking,93803,93701,93803,102
stepping,93804,93803,93804,1
walking,93818,93804,93818,14
rising,93945,93818,93945,127
left_turning,94012,93945,94012,67
walking,94053,94012,94053,41
jumping,94107,94053,94107,54
sniffing,94142,94107,94142,35
rising,94159,94142,94159,17
sniffing,94175,94159,94175,16
climbing,94203,94175,94203,28
sniffing,94308,94203,94308,105
rising,94390,94308,94390,82
climbing,94407,94390,94407,17
rearing,94441,94407,94441,34
sniffing,94478,94441,94478,37
climbing,94490,94478,94490,12
sniffing,94491,94490,94491,1
rearing,94507,94491,94507,16
climbing,94551,94507,94551,44
walking,94579,94551,94579,28
trotting,94631,94579,94631,52
rising,94632,94631,94632,1
sniffing,94738,94632,94738,106
walking,94817,94738,94817,79
rising,94826,94817,94826,9
right_turning,94827,94826,94827,1
walking,94866,94827,94866,39
right_turning,94892,94866,94892,26
sniffing,94933,94892,94933,41
rising,94934,94933,94934,1
climbing,94967,94934,94967,33
right_turning,94968,94967,94968,1
walking,95003,94968,95003,35
rising,95009,95003,95009,6
sniffing,95171,95009,95171,162
walking,95176,95171,95176,5
sniffing,95177,95176,95177,1
climbing,95178,95177,95178,1
running,95187,95178,95187,9
sniffing,95188,95187,95188,1
left_turning,95202,95188,95202,14
sniffing,95284,95202,95284,82
grooming,95285,95284,95285,1
sniffing,95338,95285,95338,53
rising,95339,95338,95339,1
sniffing,95388,95339,95388,49
grooming,95444,95388,95444,56
hunching,95491,95444,95491,47
climbing,95525,95491,95525,34
grooming,95753,95525,95753,228
hunching,95754,95753,95754,1
rearing,95760,95754,95760,6
sniffing,95761,95760,95761,1
climbing,95806,95761,95806,45
rearing,95886,95806,95886,80
climbing,96001,95886,96001,115
running,96019,96001,96019,18
rising,96102,96019,96102,83
right_turning,96142,96102,96142,40
walking,96205,96142,96205,63
rising,96313,96205,96313,108
sniffing,96363,96313,96363,50
grooming,96458,96363,96458,95
rising,96475,96458,96475,17
sniffing,96543,96475,96543,68
hunching,96586,96543,96586,43
climbing,96610,96586,96610,24
rising,96686,96610,96686,76
climbing,96845,96686,96845,159
right_turning,96856,96845,96856,11
walking,96943,96856,96943,87
right_turning,96944,96943,96944,1
sniffing,97053,96944,97053,109
walking,97054,97053,97054,1
rising,97085,97054,97085,31
sniffing,97211,97085,97211,126
rising,97226,97211,97226,15
sniffing,97308,97226,97308,82
trotting,97342,97308,97342,34
climbing,97437,97342,97437,95
sniffing,97517,97437,97517,80
left_turning,97590,97517,97590,73
sniffing,97595,97590,97595,5
left_turning,97596,97595,97596,1
walking,97685,97596,97685,89
rising,97710,97685,97710,25
sniffing,97768,97710,97768,58
left_turning,97794,97768,97794,26
running,97812,97794,97812,18
rearing,97856,97812,97856,44
climbing,97939,97856,97939,83
sniffing,98082,97939,98082,143
rearing,98083,98082,98083,1
sniffing,98084,98083,98084,1
climbing,98141,98084,98141,57
rising,98143,98141,98143,2
climbing,98238,98143,98238,95
rearing,98254,98238,98254,16
walking,98318,98254,98318,64
sniffing,98513,98318,98513,195
walking,98567,98513,98567,54
stepping,98583,98567,98583,16
sniffing,98584,98583,98584,1
left_turning,98586,98584,98586,2
sniffing,98677,98586,98677,91
walking,98741,98677,98741,64
left_turning,98773,98741,98773,32
sniffing,98934,98773,98934,161
climbing,99004,98934,99004,70
sniffing,99005,99004,99005,1
rearing,99139,99005,99139,134
sniffing,99223,99139,99223,84
rising,99292,99223,99292,69
sniffing,99351,99292,99351,59
walking,99387,99351,99387,36
rising,99388,99387,99388,1
sniffing,99468,99388,99468,80
hunching,99558,99468,99558,90
grooming,99658,99558,99658,100
climbing,99698,99658,99698,40
left_turning,99737,99698,99737,39
walking,99784,99737,99784,47
trotting,99829,99784,99829,45
sniffing,99830,99829,99830,1
right_turning,99831,99830,99831,1
walking,99832,99831,99832,1
right_turning,99842,99832,99842,10
trotting,99862,99842,99862,20
sniffing,99899,99862,99899,37
rising,99918,99899,99918,19
climbing,99925,99918,99925,7
rearing,100076,99925,100076,151
rising,100122,100076,100122,46
sniffing,100236,100122,100236,114
pausing,100913,100236,100913,677
right_turning,100976,100913,100976,63
trotting,101025,100976,101025,49
sniffing,101060,101025,101060,35
rising,101123,101060,101123,63
sniffing,101208,101123,101208,85
trotting,101254,101208,101254,46
rising,101287,101254,101287,33
trotting,101365,101287,101365,78
sniffing,101453,101365,101453,88
left_turning,101481,101453,101481,28
sniffing,101538,101481,101538,57
climbing,101618,101538,101618,80
rearing,101755,101618,101755,137
climbing,101804,101755,101804,49
sniffing,101863,101804,101863,59
rising,101867,101863,101867,4
left_turning,101937,101867,101937,70
walking,101986,101937,101986,49
sniffing,102137,101986,102137,151
running,102157,102137,102157,20
walking,102206,102157,102206,49
sniffing,102207,102206,102207,1
grooming,102208,102207,102208,1
rearing,102212,102208,102212,4
sniffing,102286,102212,102286,74
rising,102291,102286,102291,5
climbing,102438,102291,102438,147
sniffing,102516,102438,102516,78
right_turning,102521,102516,102521,5
walking,102589,102521,102589,68
sniffing,102601,102589,102601,12
right_turning,102627,102601,102627,26
climbing,102661,102627,102661,34
stepping,102730,102661,102730,69
walking,102739,102730,102739,9
climbing,102818,102739,102818,79
walking,102843,102818,102843,25
left_turning,102886,102843,102886,43
sniffing,102962,102886,102962,76
right_turning,102973,102962,102973,11
running,102974,102973,102974,1
climbing,103216,102974,103216,242
right_turning,103217,103216,103217,1
walking,103218,103217,103218,1
climbing,103256,103218,103256,38
grooming,103265,103256,103265,9
rearing,103324,103265,103324,59
sniffing,103392,103324,103392,68
right_turning,103432,103392,103432,40
trotting,103447,103432,103447,15
left_turning,103517,103447,103517,70
sniffing,103618,103517,103618,101
grooming,103651,103618,103651,33
rearing,103705,103651,103705,54
grooming,103971,103705,103971,266
left_turning,104015,103971,104015,44
walking,104040,104015,104040,25
sniffing,104151,104040,104151,111
rearing,104152,104151,104152,1
sniffing,104286,104152,104286,134
rising,104293,104286,104293,7
sniffing,104315,104293,104315,22
walking,104330,104315,104330,15
sniffing,104449,104330,104449,119
walking,104501,104449,104501,52
right_turning,104516,104501,104516,15
running,104555,104516,104555,39
sniffing,104690,104555,104690,135
stepping,104756,104690,104756,66
left_turning,104812,104756,104812,56
sniffing,104840,104812,104840,28
left_turning,104921,104840,104921,81
sniffing,105169,104921,105169,248
walking,105226,105169,105226,57
stepping,105240,105226,105240,14
left_turning,105277,105240,105277,37
climbing,105278,105277,105278,1
stepping,105322,105278,105322,44
left_turning,105327,105322,105327,5
walking,105421,105327,105421,94
stepping,105450,105421,105450,29
left_turning,105553,105450,105553,103
sniffing,105737,105553,105737,184
trotting,105796,105737,105796,59
sniffing,106092,105796,106092,296
grooming,106273,106092,106273,181
sniffing,106342,106273,106342,69
rising,106394,106342,106394,52
rearing,106395,106394,106395,1
climbing,106544,106395,106544,149
sniffing,106559,106544,106559,15
rising,106624,106559,106624,65
sniffing,106635,106624,106635,11
rising,106739,106635,106739,104
sniffing,106843,106739,106843,104
rising,106901,106843,106901,58
climbing,106970,106901,106970,69
walking,107075,106970,107075,105
trotting,107108,107075,107108,33
running,107143,107108,107143,35
walking,107200,107143,107200,57
sniffing,107301,107200,107301,101
walking,107338,107301,107338,37
trotting,107361,107338,107361,23
walking,107401,107361,107401,40
climbing,107415,107401,107415,14
sniffing,107451,107415,107451,36
trotting,107495,107451,107495,44
jumping,107496,107495,107496,1
rising,107497,107496,107497,1
sniffing,107568,107497,107568,71
grooming,107569,107568,107569,1
rearing,108000,107569,108000,431
