revised_movement_label,segBoundary,segBoundary_start,segBoundary_end,length
rising,4,0,4,4
right_turning,78,4,78,74
trotting,167,78,167,89
grooming,392,167,392,225
rearing,481,392,481,89
rising,522,481,522,41
walking,523,522,523,1
rising,575,523,575,52
walking,576,575,576,1
rising,582,576,582,6
walking,583,582,583,1
trotting,611,583,611,28
sniffing,652,611,652,41
walking,658,652,658,6
sniffing,796,658,796,138
rising,929,796,929,133
left_turning,930,929,930,1
walking,973,930,973,43
sniffing,1061,973,1061,88
rising,1137,1061,1137,76
walking,1183,1137,1183,46
stepping,1261,1183,1261,78
sniffing,1306,1261,1306,45
running,1357,1306,1357,51
walking,1392,1357,1392,35
sniffing,1393,1392,1393,1
rising,1400,1393,1400,7
hunching,1458,1400,1458,58
climbing,1503,1458,1503,45
rising,1548,1503,1548,45
stepping,1558,1548,1558,10
rising,1569,1558,1569,11
left_turning,1593,1569,1593,24
sniffing,1649,1593,1649,56
walking,1735,1649,1735,86
sniffing,1744,1735,1744,9
rising,1782,1744,1782,38
climbing,1836,1782,1836,54
right_turning,1918,1836,1918,82
trotting,1932,1918,1932,14
walking,1988,1932,1988,56
sniffing,1989,1988,1989,1
rising,2069,1989,2069,80
climbing,2111,2069,2111,42
trotting,2147,2111,2147,36
sniffing,2160,2147,2160,13
stepping,2210,2160,2210,50
walking,2261,2210,2261,51
rising,2262,2261,2262,1
walking,2380,2262,2380,118
sniffing,2438,2380,2438,58
rearing,2499,2438,2499,61
grooming,2695,2499,2695,196
sniffing,2770,2695,2770,75
climbing,2810,2770,2810,40
walking,2843,2810,2843,33
sniffing,2844,2843,2844,1
walking,2889,2844,2889,45
climbing,2922,2889,2922,33
trotting,2937,2922,2937,15
sniffing,2950,2937,2950,13
climbing,2965,2950,2965,15
sniffing,3022,2965,3022,57
left_turning,3023,3022,3023,1
walking,3168,3023,3168,145
sniffing,3272,3168,3272,104
walking,3301,3272,3301,29
sniffing,3481,3301,3481,180
rising,3501,3481,3501,20
walking,3530,3501,3530,29
sniffing,3565,3530,3565,35
rearing,3585,3565,3585,20
sniffing,3673,3585,3673,88
climbing,3702,3673,3702,29
sniffing,3703,3702,3703,1
climbing,3789,3703,3789,86
running,3823,3789,3823,34
rearing,3846,3823,3846,23
right_turning,3926,3846,3926,80
walking,3948,3926,3948,22
sniffing,3961,3948,3961,13
rising,3998,3961,3998,37
climbing,4025,3998,4025,27
rising,4052,4025,4052,27
walking,4075,4052,4075,23
sniffing,4076,4075,4076,1
rising,4112,4076,4112,36
climbing,4129,4112,4129,17
sniffing,4196,4129,4196,67
walking,4244,4196,4244,48
sniffing,4251,4244,4251,7
climbing,4253,4251,4253,2
right_turning,4298,4253,4298,45
hunching,4307,4298,4307,9
sniffing,4354,4307,4354,47
climbing,4450,4354,4450,96
left_turning,4512,4450,4512,62
walking,4517,4512,4517,5
climbing,4588,4517,4588,71
left_turning,4612,4588,4612,24
trotting,4635,4612,4635,23
sniffing,4725,4635,4725,90
rearing,4754,4725,4754,29
left_turning,4842,4754,4842,88
sniffing,4860,4842,4860,18
climbing,4910,4860,4910,50
rising,5008,4910,5008,98
grooming,5234,5008,5234,226
hunching,5274,5234,5274,40
sniffing,5294,5274,5294,20
left_turning,5295,5294,5295,1
sniffing,5514,5295,5514,219
walking,5545,5514,5545,31
running,5577,5545,5577,32
sniffing,5651,5577,5651,74
rising,5715,5651,5715,64
climbing,5748,5715,5748,33
trotting,5783,5748,5783,35
sniffing,5884,5783,5884,101
hunching,5904,5884,5904,20
rising,5923,5904,5923,19
walking,6049,5923,6049,126
stepping,6143,6049,6143,94
trotting,6204,6143,6204,61
walking,6275,6204,6275,71
rising,6283,6275,6283,8
left_turning,6289,6283,6289,6
walking,6290,6289,6290,1
trotting,6339,6290,6339,49
sniffing,6366,6339,6366,27
rising,6380,6366,6380,14
rearing,6409,6380,6409,29
rising,6410,6409,6410,1
stepping,6411,6410,6411,1
walking,6449,6411,6449,38
hunching,6509,6449,6509,60
grooming,6650,6509,6650,141
sniffing,6682,6650,6682,32
rising,6756,6682,6756,74
right_turning,6791,6756,6791,35
running,6807,6791,6807,16
walking,6869,6807,6869,62
rearing,6870,6869,6870,1
left_turning,6911,6870,6911,41
stepping,7001,6911,7001,90
climbing,7078,7001,7078,77
sniffing,7088,7078,7088,10
climbing,7107,7088,7107,19
trotting,7110,7107,7110,3
walking,7171,7110,7171,61
rising,7227,7171,7227,56
left_turning,7236,7227,7236,9
walking,7264,7236,7264,28
climbing,7305,7264,7305,41
stepping,7321,7305,7321,16
sniffing,7357,7321,7357,36
right_turning,7372,7357,7372,15
left_turning,7412,7372,7412,40
sniffing,7427,7412,7427,15
right_turning,7428,7427,7428,1
stepping,7458,7428,7458,30
walking,7479,7458,7479,21
climbing,7501,7479,7501,22
sniffing,7521,7501,7521,20
trotting,7561,7521,7561,40
sniffing,7583,7561,7583,22
walking,7640,7583,7640,57
climbing,7658,7640,7658,18
rising,7695,7658,7695,37
left_turning,7754,7695,7754,59
sniffing,7755,7754,7755,1
walking,7769,7755,7769,14
climbing,7845,7769,7845,76
sniffing,7848,7845,7848,3
rising,7854,7848,7854,6
climbing,7920,7854,7920,66
rising,7937,7920,7937,17
right_turning,7942,7937,7942,5
trotting,7953,7942,7953,11
walking,7962,7953,7962,9
sniffing,7995,7962,7995,33
left_turning,8000,7995,8000,5
walking,8037,8000,8037,37
sniffing,8087,8037,8087,50
walking,8117,8087,8117,30
sniffing,8141,8117,8141,24
climbing,8178,8141,8178,37
trotting,8265,8178,8265,87
walking,8318,8265,8318,53
sniffing,8373,8318,8373,55
walking,8448,8373,8448,75
sniffing,8594,8448,8594,146
climbing,8595,8594,8595,1
walking,8603,8595,8603,8
right_turning,8615,8603,8615,12
walking,8640,8615,8640,25
rearing,8641,8640,8641,1
walking,8647,8641,8647,6
rising,8687,8647,8687,40
right_turning,8707,8687,8707,20
sniffing,8813,8707,8813,106
right_turning,8814,8813,8814,1
walking,8839,8814,8839,25
sniffing,8926,8839,8926,87
climbing,8973,8926,8973,47
sniffing,9013,8973,9013,40
right_turning,9021,9013,9021,8
walking,9098,9021,9098,77
right_turning,9121,9098,9121,23
stepping,9164,9121,9164,43
trotting,9171,9164,9171,7
left_turning,9195,9171,9195,24
sniffing,9251,9195,9251,56
running,9287,9251,9287,36
climbing,9310,9287,9310,23
sniffing,9400,9310,9400,90
walking,9438,9400,9438,38
sniffing,9465,9438,9465,27
rearing,9466,9465,9466,1
climbing,9547,9466,9547,81
rising,9608,9547,9608,61
climbing,9644,9608,9644,36
sniffing,9700,9644,9700,56
running,9758,9700,9758,58
stepping,9778,9758,9778,20
sniffing,9805,9778,9805,27
grooming,9880,9805,9880,75
left_turning,9899,9880,9899,19
trotting,9915,9899,9915,16
sniffing,10084,9915,10084,169
right_turning,10103,10084,10103,19
hunching,10134,10103,10134,31
rearing,10135,10134,10135,1
left_turning,10189,10135,10189,54
sniffing,10227,10189,10227,38
right_turning,10239,10227,10239,12
stepping,10328,10239,10328,89
sniffing,10675,10328,10675,347
rising,10717,10675,10717,42
climbing,10763,10717,10763,46
walking,10838,10763,10838,75
sniffing,10940,10838,10940,102
climbing,10962,10940,10962,22
trotting,11009,10962,11009,47
sniffing,11128,11009,11128,119
climbing,11129,11128,11129,1
rearing,11170,11129,11170,41
hunching,11200,11170,11200,30
walking,11232,11200,11232,32
rising,11279,11232,11279,47
rearing,11336,11279,11336,57
sniffing,11552,11336,11552,216
walking,11608,11552,11608,56
rising,11609,11608,11609,1
climbing,11614,11609,11614,5
sniffing,11615,11614,11615,1
climbing,11708,11615,11708,93
right_turning,11717,11708,11717,9
stepping,11774,11717,11774,57
sniffing,11800,11774,11800,26
climbing,11808,11800,11808,8
sniffing,11845,11808,11845,37
climbing,11916,11845,11916,71
trotting,11923,11916,11923,7
sniffing,12027,11923,12027,104
climbing,12155,12027,12155,128
right_turning,12188,12155,12188,33
walking,12201,12188,12201,13
sniffing,12298,12201,12298,97
trotting,12369,12298,12369,71
rising,12383,12369,12383,14
sniffing,12473,12383,12473,90
climbing,12503,12473,12503,30
sniffing,12504,12503,12504,1
rising,12555,12504,12555,51
climbing,12592,12555,12592,37
rising,12593,12592,12593,1
sniffing,12632,12593,12632,39
climbing,12721,12632,12721,89
walking,12754,12721,12754,33
sniffing,12786,12754,12786,32
rearing,12892,12786,12892,106
left_turning,12937,12892,12937,45
walking,12987,12937,12987,50
climbing,13070,12987,13070,83
rising,13131,13070,13131,61
climbing,13225,13131,13225,94
rising,13240,13225,13240,15
rearing,13249,13240,13249,9
grooming,13377,13249,13377,128
rising,13389,13377,13389,12
grooming,13390,13389,13390,1
rearing,13429,13390,13429,39
right_turning,13433,13429,13433,4
walking,13434,13433,13434,1
climbing,13452,13434,13452,18
sniffing,13593,13452,13593,141
walking,13673,13593,13673,80
sniffing,13770,13673,13770,97
climbing,13810,13770,13810,40
rising,13885,13810,13885,75
walking,13945,13885,13945,60
sniffing,14014,13945,14014,69
walking,14091,14014,14091,77
sniffing,14227,14091,14227,136
stepping,14254,14227,14254,27
walking,14333,14254,14333,79
sniffing,14359,14333,14359,26
rising,14406,14359,14406,47
right_turning,14420,14406,14420,14
walking,14444,14420,14444,24
sniffing,14485,14444,14485,41
right_turning,14498,14485,14498,13
trotting,14499,14498,14499,1
climbing,14570,14499,14570,71
rising,14584,14570,14584,14
sniffing,14654,14584,14654,70
walking,14691,14654,14691,37
sniffing,14720,14691,14720,29
walking,14787,14720,14787,67
left_turning,14808,14787,14808,21
walking,14847,14808,14847,39
rising,14883,14847,14883,36
left_turning,14895,14883,14895,12
sniffing,14896,14895,14896,1
walking,14906,14896,14906,10
sniffing,14931,14906,14931,25
walking,14933,14931,14933,2
sniffing,14978,14933,14978,45
rising,15034,14978,15034,56
sniffing,15189,15034,15189,155
rising,15227,15189,15227,38
climbing,15295,15227,15295,68
right_turning,15349,15295,15349,54
sniffing,15350,15349,15350,1
stepping,15393,15350,15393,43
climbing,15485,15393,15485,92
sniffing,15493,15485,15493,8
right_turning,15545,15493,15545,52
sniffing,15546,15545,15546,1
walking,15571,15546,15571,25
trotting,15587,15571,15587,16
rising,15588,15587,15588,1
rearing,15679,15588,15679,91
grooming,15782,15679,15782,103
sniffing,15821,15782,15821,39
trotting,15855,15821,15855,34
sniffing,15856,15855,15856,1
walking,15922,15856,15922,66
rearing,15923,15922,15923,1
rising,15944,15923,15944,21
left_turning,15979,15944,15979,35
rising,16066,15979,16066,87
walking,16126,16066,16126,60
sniffing,16195,16126,16195,69
walking,16213,16195,16213,18
sniffing,16303,16213,16303,90
stepping,16346,16303,16346,43
sniffing,16425,16346,16425,79
rising,16432,16425,16432,7
climbing,16464,16432,16464,32
sniffing,16465,16464,16465,1
right_turning,16513,16465,16513,48
climbing,16671,16513,16671,158
sniffing,16747,16671,16747,76
climbing,16789,16747,16789,42
walking,16874,16789,16874,85
sniffing,16915,16874,16915,41
rising,16995,16915,16995,80
sniffing,17096,16995,17096,101
stepping,17129,17096,17129,33
rising,17130,17129,17130,1
rearing,17152,17130,17152,22
rising,17169,17152,17169,17
sniffing,17379,17169,17379,210
climbing,17424,17379,17424,45
grooming,17490,17424,17490,66
sniffing,17701,17490,17701,211
walking,17753,17701,17753,52
sniffing,17754,17753,17754,1
trotting,17813,17754,17813,59
sniffing,17871,17813,17871,58
rising,17885,17871,17885,14
climbing,17950,17885,17950,65
hunching,17951,17950,17951,1
right_turning,17952,17951,17952,1
sniffing,18006,17952,18006,54
climbing,18007,18006,18007,1
left_turning,18008,18007,18008,1
running,18011,18008,18011,3
walking,18014,18011,18014,3
sniffing,18225,18014,18225,211
left_turning,18260,18225,18260,35
sniffing,18261,18260,18261,1
trotting,18281,18261,18281,20
left_turning,18287,18281,18287,6
trotting,18341,18287,18341,54
sniffing,18577,18341,18577,236
stepping,18597,18577,18597,20
sniffing,18650,18597,18650,53
rising,18665,18650,18665,15
rearing,18740,18665,18740,75
climbing,18822,18740,18822,82
grooming,18870,18822,18870,48
right_turning,18871,18870,18871,1
walking,18904,18871,18904,33
climbing,18977,18904,18977,73
rising,19066,18977,19066,89
climbing,19112,19066,19112,46
sniffing,19144,19112,19144,32
stepping,19190,19144,19190,46
rearing,19269,19190,19269,79
hunching,19314,19269,19314,45
sniffing,19449,19314,19449,135
stepping,19507,19449,19507,58
sniffing,19508,19507,19508,1
walking,19557,19508,19557,49
sniffing,19690,19557,19690,133
rising,19702,19690,19702,12
sniffing,19793,19702,19793,91
rising,19871,19793,19871,78
rearing,19912,19871,19912,41
rising,19963,19912,19963,51
stepping,20023,19963,20023,60
walking,20094,20023,20094,71
sniffing,20256,20094,20256,162
climbing,20324,20256,20324,68
sniffing,20325,20324,20325,1
walking,20383,20325,20383,58
sniffing,20404,20383,20404,21
right_turning,20504,20404,20504,100
stepping,20559,20504,20559,55
running,20604,20559,20604,45
walking,20673,20604,20673,69
hunching,20717,20673,20717,44
right_turning,20732,20717,20732,15
walking,20835,20732,20835,103
rising,20894,20835,20894,59
sniffing,20968,20894,20968,74
grooming,21001,20968,21001,33
right_turning,21018,21001,21018,17
walking,21088,21018,21088,70
stepping,21089,21088,21089,1
walking,21096,21089,21096,7
sniffing,21174,21096,21174,78
left_turning,21249,21174,21249,75
stepping,21257,21249,21257,8
walking,21273,21257,21273,16
left_turning,21302,21273,21302,29
walking,21306,21302,21306,4
left_turning,21307,21306,21307,1
walking,21339,21307,21339,32
sniffing,21351,21339,21351,12
left_turning,21352,21351,21352,1
sniffing,21353,21352,21353,1
rising,21379,21353,21379,26
climbing,21464,21379,21464,85
sniffing,21489,21464,21489,25
rising,21529,21489,21529,40
rearing,21558,21529,21558,29
hunching,21559,21558,21559,1
right_turning,21565,21559,21565,6
trotting,21582,21565,21582,17
sniffing,21583,21582,21583,1
walking,21629,21583,21629,46
rising,21641,21629,21641,12
rearing,21660,21641,21660,19
rising,21681,21660,21681,21
sniffing,21709,21681,21709,28
hunching,21770,21709,21770,61
sniffing,21858,21770,21858,88
left_turning,21944,21858,21944,86
walking,21959,21944,21959,15
sniffing,22079,21959,22079,120
rising,22111,22079,22111,32
climbing,22169,22111,22169,58
walking,22201,22169,22201,32
sniffing,22214,22201,22214,13
walking,22279,22214,22279,65
sniffing,22346,22279,22346,67
stepping,22431,22346,22431,85
walking,22480,22431,22480,49
left_turning,22535,22480,22535,55
sniffing,22536,22535,22536,1
climbing,22558,22536,22558,22
walking,22621,22558,22621,63
sniffing,22622,22621,22622,1
walking,22652,22622,22652,30
sniffing,22658,22652,22658,6
climbing,22903,22658,22903,245
left_turning,23069,22903,23069,166
walking,23070,23069,23070,1
sniffing,23091,23070,23091,21
left_turning,23167,23091,23167,76
rising,23168,23167,23168,1
sniffing,23176,23168,23176,8
left_turning,23177,23176,23177,1
walking,23242,23177,23242,65
rising,23284,23242,23284,42
climbing,23374,23284,23374,90
rearing,23420,23374,23420,46
climbing,23451,23420,23451,31
sniffing,23452,23451,23452,1
rising,23453,23452,23453,1
trotting,23465,23453,23465,12
rising,23533,23465,23533,68
sniffing,23565,23533,23565,32
rearing,23612,23565,23612,47
sniffing,23788,23612,23788,176
walking,23832,23788,23832,44
trotting,23898,23832,23898,66
left_turning,23945,23898,23945,47
stepping,23957,23945,23957,12
sniffing,24028,23957,24028,71
left_turning,24093,24028,24093,65
walking,24123,24093,24123,30
sniffing,24166,24123,24166,43
rising,24169,24166,24169,3
rearing,24241,24169,24241,72
walking,24290,24241,24290,49
rising,24291,24290,24291,1
sniffing,24325,24291,24325,34
climbing,24392,24325,24392,67
hunching,24413,24392,24413,21
walking,24421,24413,24421,8
left_turning,24440,24421,24440,19
sniffing,24499,24440,24499,59
rising,24679,24499,24679,180
grooming,24683,24679,24683,4
left_turning,24717,24683,24717,34
sniffing,24804,24717,24804,87
rising,24841,24804,24841,37
climbing,24920,24841,24920,79
sniffing,24921,24920,24921,1
stepping,24962,24921,24962,41
walking,24967,24962,24967,5
sniffing,25000,24967,25000,33
trotting,25017,25000,25017,17
left_turning,25083,25017,25083,66
walking,25158,25083,25158,75
sniffing,25252,25158,25252,94
climbing,25341,25252,25341,89
sniffing,25384,25341,25384,43
stepping,25416,25384,25416,32
walking,25458,25416,25458,42
sniffing,25459,25458,25459,1
rising,25460,25459,25460,1
climbing,25527,25460,25527,67
rising,25531,25527,25531,4
rearing,25651,25531,25651,120
sniffing,25699,25651,25699,48
stepping,25789,25699,25789,90
running,25798,25789,25798,9
walking,25844,25798,25844,46
trotting,25848,25844,25848,4
walking,25863,25848,25863,15
right_turning,25948,25863,25948,85
walking,25956,25948,25956,8
stepping,25976,25956,25976,20
rising,25996,25976,25996,20
sniffing,26082,25996,26082,86
stepping,26083,26082,26083,1
walking,26140,26083,26140,57
sniffing,26141,26140,26141,1
walking,26208,26141,26208,67
left_turning,26227,26208,26227,19
sniffing,26228,26227,26228,1
rearing,26308,26228,26308,80
sniffing,26383,26308,26383,75
climbing,26462,26383,26462,79
walking,26503,26462,26503,41
rising,26579,26503,26579,76
hunching,26615,26579,26615,36
climbing,26626,26615,26626,11
left_turning,26642,26626,26642,16
rearing,26678,26642,26678,36
sniffing,26798,26678,26798,120
right_turning,26836,26798,26836,38
trotting,26880,26836,26880,44
sniffing,26881,26880,26881,1
rising,26906,26881,26906,25
grooming,26907,26906,26907,1
rearing,26931,26907,26931,24
sniffing,26932,26931,26932,1
trotting,26991,26932,26991,59
sniffing,27018,26991,27018,27
rising,27052,27018,27052,34
climbing,27101,27052,27101,49
walking,27102,27101,27102,1
sniffing,27120,27102,27120,18
climbing,27136,27120,27136,16
rising,27198,27136,27198,62
left_turning,27242,27198,27242,44
running,27261,27242,27261,19
walking,27303,27261,27303,42
sniffing,27325,27303,27325,22
rising,27326,27325,27326,1
climbing,27327,27326,27327,1
grooming,27338,27327,27338,11
rearing,27387,27338,27387,49
rising,27428,27387,27428,41
rearing,27508,27428,27508,80
sniffing,27534,27508,27534,26
rearing,27601,27534,27601,67
grooming,27696,27601,27696,95
trotting,27718,27696,27718,22
sniffing,27844,27718,27844,126
trotting,27877,27844,27877,33
walking,27878,27877,27878,1
trotting,27887,27878,27887,9
sniffing,27888,27887,27888,1
trotting,27923,27888,27923,35
jumping,27935,27923,27935,12
running,27937,27935,27937,2
sniffing,28168,27937,28168,231
rearing,28192,28168,28192,24
sniffing,28416,28192,28416,224
rising,28434,28416,28434,18
walking,28479,28434,28479,45
left_turning,28513,28479,28513,34
walking,28524,28513,28524,11
sniffing,28537,28524,28537,13
climbing,28583,28537,28583,46
rising,28601,28583,28601,18
climbing,28633,28601,28633,32
left_turning,28709,28633,28709,76
running,28723,28709,28723,14
sniffing,28738,28723,28738,15
rising,28772,28738,28772,34
climbing,28773,28772,28773,1
running,28803,28773,28803,30
stepping,28817,28803,28817,14
walking,28818,28817,28818,1
trotting,28824,28818,28824,6
sniffing,28933,28824,28933,109
climbing,28944,28933,28944,11
hunching,29041,28944,29041,97
walking,29096,29041,29096,55
stepping,29117,29096,29117,21
walking,29168,29117,29168,51
sniffing,29413,29168,29413,245
running,29450,29413,29450,37
rising,29517,29450,29517,67
climbing,29520,29517,29520,3
rising,29521,29520,29521,1
sniffing,29585,29521,29585,64
rising,29586,29585,29586,1
climbing,29650,29586,29650,64
rearing,29712,29650,29712,62
sniffing,29713,29712,29713,1
climbing,29714,29713,29714,1
sniffing,29831,29714,29831,117
rising,29862,29831,29862,31
left_turning,29958,29862,29958,96
walking,29970,29958,29970,12
sniffing,30029,29970,30029,59
walking,30047,30029,30047,18
sniffing,30094,30047,30094,47
rising,30137,30094,30137,43
climbing,30202,30137,30202,65
left_turning,30252,30202,30252,50
stepping,30282,30252,30282,30
walking,30349,30282,30349,67
stepping,30389,30349,30389,40
rising,30409,30389,30409,20
walking,30411,30409,30411,2
sniffing,30616,30411,30616,205
trotting,30667,30616,30667,51
walking,30698,30667,30698,31
running,30710,30698,30710,12
walking,30762,30710,30762,52
rising,30798,30762,30798,36
climbing,30829,30798,30829,31
sniffing,30859,30829,30859,30
climbing,30958,30859,30958,99
rearing,31017,30958,31017,59
walking,31087,31017,31087,70
sniffing,31212,31087,31212,125
climbing,31281,31212,31281,69
walking,31323,31281,31323,42
stepping,31343,31323,31343,20
walking,31374,31343,31374,31
climbing,31380,31374,31380,6
running,31410,31380,31410,30
walking,31424,31410,31424,14
sniffing,31425,31424,31425,1
walking,31459,31425,31459,34
sniffing,31562,31459,31562,103
left_turning,31587,31562,31587,25
walking,31634,31587,31634,47
climbing,31645,31634,31645,11
left_turning,31666,31645,31666,21
running,31714,31666,31714,48
rising,31715,31714,31715,1
climbing,31724,31715,31724,9
rising,31774,31724,31774,50
sniffing,31866,31774,31866,92
walking,31942,31866,31942,76
climbing,32013,31942,32013,71
walking,32021,32013,32021,8
sniffing,32022,32021,32022,1
left_turning,32091,32022,32091,69
walking,32122,32091,32122,31
sniffing,32237,32122,32237,115
rising,32292,32237,32292,55
sniffing,32323,32292,32323,31
climbing,32368,32323,32368,45
trotting,32384,32368,32384,16
rising,32392,32384,32392,8
left_turning,32433,32392,32433,41
sniffing,32434,32433,32434,1
rearing,32435,32434,32435,1
rising,32460,32435,32460,25
climbing,32502,32460,32502,42
trotting,32523,32502,32523,21
sniffing,32524,32523,32524,1
left_turning,32605,32524,32605,81
sniffing,32646,32605,32646,41
rising,32666,32646,32666,20
trotting,32686,32666,32686,20
rising,32723,32686,32723,37
sniffing,32784,32723,32784,61
left_turning,32808,32784,32808,24
walking,32823,32808,32823,15
climbing,32894,32823,32894,71
rising,32944,32894,32944,50
left_turning,33002,32944,33002,58
sniffing,33063,33002,33063,61
trotting,33112,33063,33112,49
sniffing,33125,33112,33125,13
climbing,33126,33125,33126,1
stepping,33191,33126,33191,65
walking,33249,33191,33249,58
rearing,33250,33249,33250,1
right_turning,33270,33250,33270,20
walking,33271,33270,33271,1
climbing,33329,33271,33329,58
rearing,33389,33329,33389,60
walking,33487,33389,33487,98
climbing,33641,33487,33641,154
walking,33731,33641,33731,90
rising,33779,33731,33779,48
climbing,33780,33779,33780,1
rising,33781,33780,33781,1
climbing,33807,33781,33807,26
rising,33857,33807,33857,50
sniffing,33928,33857,33928,71
left_turning,33945,33928,33945,17
rising,33946,33945,33946,1
left_turning,34039,33946,34039,93
sniffing,34113,34039,34113,74
walking,34114,34113,34114,1
running,34161,34114,34161,47
walking,34162,34161,34162,1
sniffing,34348,34162,34348,186
rising,34439,34348,34439,91
grooming,34468,34439,34468,29
left_turning,34502,34468,34502,34
walking,34542,34502,34542,40
sniffing,34646,34542,34646,104
grooming,34739,34646,34739,93
trotting,34807,34739,34807,68
sniffing,34856,34807,34856,49
trotting,34876,34856,34876,20
sniffing,34948,34876,34948,72
rising,35038,34948,35038,90
sniffing,35069,35038,35069,31
rising,35112,35069,35112,43
trotting,35140,35112,35140,28
rising,35151,35140,35151,11
sniffing,35224,35151,35224,73
rising,35225,35224,35225,1
walking,35289,35225,35289,64
sniffing,35352,35289,35352,63
rising,35421,35352,35421,69
climbing,35472,35421,35472,51
walking,35590,35472,35590,118
sniffing,35591,35590,35591,1
rising,35616,35591,35616,25
climbing,35701,35616,35701,85
rising,35727,35701,35727,26
left_turning,35774,35727,35774,47
walking,35819,35774,35819,45
stepping,35868,35819,35868,49
grooming,35962,35868,35962,94
rearing,35973,35962,35973,11
right_turning,35996,35973,35996,23
walking,36068,35996,36068,72
left_turning,36116,36068,36116,48
walking,36141,36116,36141,25
sniffing,36142,36141,36142,1
right_turning,36160,36142,36160,18
rising,36164,36160,36164,4
sniffing,36487,36164,36487,323
walking,36488,36487,36488,1
sniffing,36489,36488,36489,1
climbing,36525,36489,36525,36
sniffing,36566,36525,36566,41
climbing,36667,36566,36667,101
running,36687,36667,36687,20
walking,36734,36687,36734,47
climbing,36746,36734,36746,12
rearing,36785,36746,36785,39
grooming,36786,36785,36786,1
hunching,36873,36786,36873,87
right_turning,36922,36873,36922,49
walking,36935,36922,36935,13
trotting,36973,36935,36973,38
sniffing,36974,36973,36974,1
rearing,37037,36974,37037,63
left_turning,37045,37037,37045,8
walking,37204,37045,37204,159
rising,37223,37204,37223,19
left_turning,37270,37223,37270,47
rising,37297,37270,37297,27
climbing,37368,37297,37368,71
walking,37372,37368,37372,4
sniffing,37488,37372,37488,116
stepping,37501,37488,37501,13
rearing,37542,37501,37542,41
grooming,37689,37542,37689,147
climbing,37758,37689,37758,69
right_turning,37828,37758,37828,70
trotting,37853,37828,37853,25
stepping,37865,37853,37865,12
rising,37895,37865,37895,30
climbing,37954,37895,37954,59
rising,37979,37954,37979,25
walking,38005,37979,38005,26
sniffing,38237,38005,38237,232
right_turning,38290,38237,38290,53
walking,38373,38290,38373,83
left_turning,38383,38373,38383,10
climbing,38440,38383,38440,57
walking,38497,38440,38497,57
climbing,38535,38497,38535,38
right_turning,38582,38535,38582,47
left_turning,38583,38582,38583,1
sniffing,38609,38583,38609,26
trotting,38642,38609,38642,33
left_turning,38648,38642,38648,6
walking,38779,38648,38779,131
sniffing,38800,38779,38800,21
rising,38860,38800,38860,60
rearing,38936,38860,38936,76
grooming,38937,38936,38937,1
rearing,38990,38937,38990,53
grooming,38991,38990,38991,1
sniffing,38992,38991,38992,1
walking,38993,38992,38993,1
rising,38994,38993,38994,1
climbing,39012,38994,39012,18
running,39013,39012,39013,1
stepping,39075,39013,39075,62
walking,39096,39075,39096,21
sniffing,39109,39096,39109,13
walking,39196,39109,39196,87
left_turning,39219,39196,39219,23
walking,39261,39219,39261,42
rising,39264,39261,39264,3
sniffing,39330,39264,39330,66
rising,39367,39330,39367,37
rearing,39383,39367,39383,16
running,39412,39383,39412,29
sniffing,39520,39412,39520,108
left_turning,39554,39520,39554,34
sniffing,39609,39554,39609,55
trotting,39650,39609,39650,41
sniffing,39733,39650,39733,83
right_turning,39734,39733,39734,1
walking,39754,39734,39754,20
stepping,39815,39754,39815,61
rearing,39816,39815,39816,1
sniffing,39817,39816,39817,1
stepping,39829,39817,39829,12
sniffing,39864,39829,39864,35
walking,39966,39864,39966,102
sniffing,40017,39966,40017,51
rising,40049,40017,40049,32
rearing,40121,40049,40121,72
rising,40122,40121,40122,1
sniffing,40123,40122,40123,1
walking,40146,40123,40146,23
sniffing,40232,40146,40232,86
climbing,40258,40232,40258,26
right_turning,40306,40258,40306,48
rising,40319,40306,40319,13
sniffing,40320,40319,40320,1
walking,40400,40320,40400,80
sniffing,40414,40400,40414,14
rising,40487,40414,40487,73
climbing,40530,40487,40530,43
sniffing,40600,40530,40600,70
walking,40615,40600,40615,15
rising,40694,40615,40694,79
left_turning,40752,40694,40752,58
trotting,40779,40752,40779,27
left_turning,40814,40779,40814,35
sniffing,40914,40814,40914,100
walking,40946,40914,40946,32
sniffing,40947,40946,40947,1
rising,40984,40947,40984,37
sniffing,40985,40984,40985,1
walking,40998,40985,40998,13
sniffing,41044,40998,41044,46
trotting,41073,41044,41073,29
walking,41111,41073,41111,38
sniffing,41215,41111,41215,104
rising,41216,41215,41216,1
rearing,41317,41216,41317,101
sniffing,41318,41317,41318,1
running,41349,41318,41349,31
walking,41416,41349,41416,67
sniffing,41525,41416,41525,109
rising,41526,41525,41526,1
sniffing,41567,41526,41567,41
left_turning,41596,41567,41596,29
sniffing,41653,41596,41653,57
grooming,41654,41653,41654,1
rearing,41655,41654,41655,1
right_turning,41686,41655,41686,31
climbing,41731,41686,41731,45
sniffing,41874,41731,41874,143
climbing,42012,41874,42012,138
hunching,42030,42012,42030,18
right_turning,42055,42030,42055,25
sniffing,42152,42055,42152,97
walking,42169,42152,42169,17
sniffing,42170,42169,42170,1
running,42171,42170,42171,1
sniffing,42187,42171,42187,16
walking,42239,42187,42239,52
climbing,42290,42239,42290,51
rising,42340,42290,42340,50
sniffing,42430,42340,42430,90
climbing,42547,42430,42547,117
walking,42609,42547,42609,62
stepping,42631,42609,42631,22
trotting,42638,42631,42638,7
right_turning,42647,42638,42647,9
running,42678,42647,42678,31
trotting,42714,42678,42714,36
sniffing,42801,42714,42801,87
walking,42802,42801,42802,1
climbing,42804,42802,42804,2
rearing,42853,42804,42853,49
left_turning,42858,42853,42858,5
running,42899,42858,42899,41
stepping,42919,42899,42919,20
left_turning,42949,42919,42949,30
climbing,42998,42949,42998,49
walking,42999,42998,42999,1
sniffing,43073,42999,43073,74
right_turning,43090,43073,43090,17
trotting,43110,43090,43110,20
walking,43123,43110,43123,13
rising,43124,43123,43124,1
sniffing,43170,43124,43170,46
rising,43218,43170,43218,48
hunching,43225,43218,43225,7
sniffing,43326,43225,43326,101
walking,43327,43326,43327,1
rising,43393,43327,43393,66
right_turning,43394,43393,43394,1
walking,43485,43394,43485,91
sniffing,43504,43485,43504,19
left_turning,43520,43504,43520,16
sniffing,43521,43520,43521,1
walking,43522,43521,43522,1
sniffing,43640,43522,43640,118
trotting,43641,43640,43641,1
stepping,43689,43641,43689,48
running,43690,43689,43690,1
sniffing,43715,43690,43715,25
walking,43727,43715,43727,12
sniffing,43728,43727,43728,1
climbing,43765,43728,43765,37
walking,43828,43765,43828,63
hunching,43909,43828,43909,81
right_turning,43910,43909,43910,1
trotting,43932,43910,43932,22
stepping,43988,43932,43988,56
sniffing,43989,43988,43989,1
walking,44056,43989,44056,67
climbing,44128,44056,44128,72
sniffing,44180,44128,44180,52
right_turning,44206,44180,44206,26
sniffing,44326,44206,44326,120
left_turning,44327,44326,44327,1
sniffing,44328,44327,44328,1
stepping,44357,44328,44357,29
rising,44358,44357,44358,1
trotting,44416,44358,44416,58
walking,44457,44416,44457,41
sniffing,44662,44457,44662,205
trotting,44669,44662,44669,7
stepping,44688,44669,44688,19
walking,44739,44688,44739,51
running,44749,44739,44749,10
climbing,44815,44749,44815,66
grooming,44848,44815,44848,33
walking,44849,44848,44849,1
sniffing,44957,44849,44957,108
trotting,44965,44957,44965,8
walking,44992,44965,44992,27
sniffing,45057,44992,45057,65
walking,45120,45057,45120,63
sniffing,45220,45120,45220,100
walking,45221,45220,45221,1
sniffing,45327,45221,45327,106
rising,45379,45327,45379,52
climbing,45498,45379,45498,119
sniffing,45672,45498,45672,174
trotting,45692,45672,45692,20
walking,45773,45692,45773,81
left_turning,45774,45773,45774,1
rising,45813,45774,45813,39
climbing,45835,45813,45835,22
stepping,45851,45835,45851,16
sniffing,45899,45851,45899,48
rising,45924,45899,45924,25
trotting,45968,45924,45968,44
sniffing,46038,45968,46038,70
stepping,46069,46038,46069,31
sniffing,46124,46069,46124,55
stepping,46226,46124,46226,102
walking,46279,46226,46279,53
climbing,46369,46279,46369,90
sniffing,46546,46369,46546,177
right_turning,46583,46546,46583,37
stepping,46617,46583,46617,34
rising,46650,46617,46650,33
climbing,46682,46650,46682,32
walking,46683,46682,46683,1
sniffing,46707,46683,46707,24
rising,46727,46707,46727,20
climbing,46833,46727,46833,106
rising,46860,46833,46860,27
sniffing,46861,46860,46861,1
right_turning,46889,46861,46889,28
rising,46987,46889,46987,98
climbing,46990,46987,46990,3
walking,47075,46990,47075,85
sniffing,47076,47075,47076,1
grooming,47216,47076,47216,140
rearing,47238,47216,47238,22
sniffing,47260,47238,47260,22
rising,47291,47260,47291,31
walking,47312,47291,47312,21
sniffing,47471,47312,47471,159
rising,47506,47471,47506,35
sniffing,47663,47506,47663,157
left_turning,47664,47663,47664,1
sniffing,47899,47664,47899,235
hunching,48216,47899,48216,317
sniffing,48267,48216,48267,51
trotting,48292,48267,48292,25
sniffing,48361,48292,48361,69
right_turning,48362,48361,48362,1
walking,48510,48362,48510,148
sniffing,48541,48510,48541,31
right_turning,48568,48541,48568,27
sniffing,48610,48568,48610,42
hunching,48611,48610,48611,1
grooming,48941,48611,48941,330
hunching,49009,48941,49009,68
stepping,49093,49009,49093,84
walking,49111,49093,49111,18
climbing,49134,49111,49134,23
running,49188,49134,49188,54
left_turning,49272,49188,49272,84
walking,49329,49272,49329,57
sniffing,49444,49329,49444,115
right_turning,49459,49444,49459,15
climbing,49460,49459,49460,1
rising,49503,49460,49503,43
climbing,49583,49503,49583,80
rearing,49684,49583,49684,101
sniffing,49704,49684,49704,20
walking,49816,49704,49816,112
right_turning,49838,49816,49838,22
walking,49839,49838,49839,1
climbing,49840,49839,49840,1
rising,49883,49840,49883,43
grooming,50078,49883,50078,195
hunching,50079,50078,50079,1
walking,50139,50079,50139,60
rising,50177,50139,50177,38
climbing,50250,50177,50250,73
rising,50262,50250,50262,12
running,50292,50262,50292,30
walking,50384,50292,50384,92
sniffing,50516,50384,50516,132
walking,50521,50516,50521,5
left_turning,50559,50521,50559,38
sniffing,50607,50559,50607,48
rising,50628,50607,50628,21
sniffing,50703,50628,50703,75
left_turning,50721,50703,50721,18
sniffing,50722,50721,50722,1
climbing,50780,50722,50780,58
left_turning,50826,50780,50826,46
walking,50859,50826,50859,33
left_turning,50905,50859,50905,46
rising,50929,50905,50929,24
rearing,50949,50929,50949,20
sniffing,50950,50949,50950,1
left_turning,51007,50950,51007,57
sniffing,51088,51007,51088,81
walking,51137,51088,51137,49
stepping,51198,51137,51198,61
sniffing,51299,51198,51299,101
rising,51316,51299,51316,17
grooming,51345,51316,51345,29
sniffing,51391,51345,51391,46
walking,51428,51391,51428,37
climbing,51491,51428,51491,63
stepping,51492,51491,51492,1
walking,51493,51492,51493,1
left_turning,51526,51493,51526,33
walking,51600,51526,51600,74
sniffing,51601,51600,51601,1
left_turning,51659,51601,51659,58
sniffing,51687,51659,51687,28
right_turning,51715,51687,51715,28
walking,51729,51715,51729,14
rising,51758,51729,51758,29
sniffing,51822,51758,51822,64
trotting,51850,51822,51850,28
sniffing,51871,51850,51871,21
rising,51944,51871,51944,73
climbing,51977,51944,51977,33
sniffing,52093,51977,52093,116
trotting,52113,52093,52113,20
walking,52197,52113,52197,84
climbing,52224,52197,52224,27
rising,52247,52224,52247,23
rearing,52321,52247,52321,74
running,52347,52321,52347,26
sniffing,52348,52347,52348,1
grooming,52349,52348,52349,1
rearing,52390,52349,52390,41
grooming,52391,52390,52391,1
rising,52448,52391,52448,57
climbing,52504,52448,52504,56
left_turning,52512,52504,52512,8
trotting,52556,52512,52556,44
sniffing,52628,52556,52628,72
stepping,52643,52628,52643,15
walking,52696,52643,52696,53
climbing,52831,52696,52831,135
right_turning,52859,52831,52859,28
stepping,52941,52859,52941,82
sniffing,53057,52941,53057,116
climbing,53165,53057,53165,108
sniffing,53166,53165,53166,1
climbing,53246,53166,53246,80
sniffing,53247,53246,53247,1
climbing,53337,53247,53337,90
rearing,53377,53337,53377,40
rising,53449,53377,53449,72
climbing,53587,53449,53587,138
rearing,53727,53587,53727,140
sniffing,53730,53727,53730,3
climbing,53734,53730,53734,4
sniffing,53759,53734,53759,25
pausing,53760,53759,53760,1
sniffing,53853,53760,53853,93
walking,53854,53853,53854,1
rearing,53871,53854,53871,17
sniffing,53993,53871,53993,122
walking,54044,53993,54044,51
sniffing,54236,54044,54236,192
walking,54237,54236,54237,1
rising,54259,54237,54259,22
climbing,54272,54259,54272,13
sniffing,54391,54272,54391,119
rising,54466,54391,54466,75
climbing,54531,54466,54531,65
right_turning,54532,54531,54532,1
stepping,54592,54532,54592,60
sniffing,54672,54592,54672,80
climbing,54673,54672,54673,1
left_turning,54719,54673,54719,46
sniffing,54720,54719,54720,1
rising,54758,54720,54758,38
walking,54821,54758,54821,63
rising,54861,54821,54861,40
sniffing,55079,54861,55079,218
left_turning,55086,55079,55086,7
sniffing,55157,55086,55157,71
right_turning,55181,55157,55181,24
running,55183,55181,55183,2
rising,55261,55183,55261,78
climbing,55380,55261,55380,119
walking,55413,55380,55413,33
trotting,55429,55413,55429,16
walking,55491,55429,55491,62
sniffing,55567,55491,55567,76
walking,55568,55567,55568,1
sniffing,55646,55568,55646,78
walking,55647,55646,55647,1
running,55673,55647,55673,26
sniffing,55770,55673,55770,97
left_turning,55790,55770,55790,20
sniffing,55817,55790,55817,27
trotting,55834,55817,55834,17
sniffing,56010,55834,56010,176
left_turning,56019,56010,56019,9
running,56047,56019,56047,28
trotting,56071,56047,56071,24
rising,56153,56071,56153,82
left_turning,56269,56153,56269,116
stepping,56290,56269,56290,21
rearing,56419,56290,56419,129
rising,56476,56419,56476,57
sniffing,56592,56476,56592,116
walking,56694,56592,56694,102
left_turning,56703,56694,56703,9
sniffing,56795,56703,56795,92
grooming,56955,56795,56955,160
walking,56956,56955,56956,1
left_turning,57028,56956,57028,72
stepping,57107,57028,57107,79
rising,57138,57107,57138,31
walking,57234,57138,57234,96
sniffing,57247,57234,57247,13
stepping,57268,57247,57268,21
sniffing,57269,57268,57269,1
climbing,57350,57269,57350,81
rising,57395,57350,57395,45
walking,57396,57395,57396,1
sniffing,57536,57396,57536,140
rearing,57597,57536,57597,61
climbing,57661,57597,57661,64
trotting,57662,57661,57662,1
climbing,57772,57662,57772,110
grooming,57820,57772,57820,48
rearing,57885,57820,57885,65
left_turning,57982,57885,57982,97
walking,58036,57982,58036,54
climbing,58284,58036,58284,248
right_turning,58339,58284,58339,55
sniffing,58446,58339,58446,107
rising,58454,58446,58454,8
rearing,58477,58454,58477,23
left_turning,58500,58477,58500,23
sniffing,58637,58500,58637,137
walking,58710,58637,58710,73
left_turning,58735,58710,58735,25
sniffing,58799,58735,58799,64
hunching,58803,58799,58803,4
right_turning,58805,58803,58805,2
walking,58822,58805,58822,17
rising,58874,58822,58874,52
pausing,58992,58874,58992,118
sniffing,59040,58992,59040,48
left_turning,59091,59040,59091,51
stepping,59149,59091,59149,58
walking,59181,59149,59181,32
left_turning,59201,59181,59201,20
walking,59271,59201,59271,70
trotting,59272,59271,59272,1
sniffing,59366,59272,59366,94
right_turning,59432,59366,59432,66
walking,59521,59432,59521,89
right_turning,59552,59521,59552,31
walking,59632,59552,59632,80
sniffing,59633,59632,59633,1
walking,59673,59633,59673,40
sniffing,59770,59673,59770,97
rearing,59796,59770,59796,26
hunching,59849,59796,59849,53
climbing,59940,59849,59940,91
stepping,59968,59940,59968,28
rising,60022,59968,60022,54
sniffing,60119,60022,60119,97
stepping,60150,60119,60150,31
sniffing,60267,60150,60267,117
left_turning,60292,60267,60292,25
stepping,60317,60292,60317,25
left_turning,60337,60317,60337,20
sniffing,60429,60337,60429,92
rising,60473,60429,60473,44
grooming,60637,60473,60637,164
sniffing,60805,60637,60805,168
walking,60880,60805,60880,75
rising,60938,60880,60938,58
climbing,61010,60938,61010,72
left_turning,61064,61010,61064,54
stepping,61099,61064,61099,35
rearing,61203,61099,61203,104
climbing,61295,61203,61295,92
rising,61298,61295,61298,3
rearing,61359,61298,61359,61
grooming,61360,61359,61360,1
rearing,61365,61360,61365,5
walking,61371,61365,61371,6
sniffing,61622,61371,61622,251
climbing,61637,61622,61637,15
rearing,61638,61637,61638,1
rising,61687,61638,61687,49
sniffing,61807,61687,61807,120
walking,61843,61807,61843,36
sniffing,61910,61843,61910,67
walking,61911,61910,61911,1
sniffing,61980,61911,61980,69
rising,62054,61980,62054,74
climbing,62094,62054,62094,40
grooming,62144,62094,62144,50
climbing,62194,62144,62194,50
rearing,62299,62194,62299,105
rising,62369,62299,62369,70
hunching,62518,62369,62518,149
rising,62519,62518,62519,1
climbing,62620,62519,62620,101
rearing,62648,62620,62648,28
left_turning,62686,62648,62686,38
sniffing,62959,62686,62959,273
walking,63003,62959,63003,44
left_turning,63008,63003,63008,5
rising,63077,63008,63077,69
rearing,63108,63077,63108,31
sniffing,63126,63108,63126,18
walking,63137,63126,63137,11
sniffing,63144,63137,63144,7
climbing,63241,63144,63241,97
walking,63290,63241,63290,49
sniffing,63447,63290,63447,157
hunching,63474,63447,63474,27
climbing,63559,63474,63559,85
walking,63620,63559,63620,61
trotting,63641,63620,63641,21
rising,63664,63641,63664,23
stepping,63738,63664,63738,74
sniffing,63739,63738,63739,1
right_turning,63741,63739,63741,2
stepping,63766,63741,63766,25
rising,63767,63766,63767,1
hunching,63822,63767,63822,55
rising,63841,63822,63841,19
running,63854,63841,63854,13
rising,63875,63854,63875,21
sniffing,63876,63875,63876,1
walking,64013,63876,64013,137
sniffing,64107,64013,64107,94
rising,64115,64107,64115,8
climbing,64200,64115,64200,85
sniffing,64263,64200,64263,63
grooming,64913,64263,64913,650
rearing,65335,64913,65335,422
stepping,65392,65335,65392,57
trotting,65411,65392,65411,19
sniffing,65447,65411,65447,36
right_turning,65470,65447,65470,23
stepping,65497,65470,65497,27
sniffing,65498,65497,65498,1
rising,65499,65498,65499,1
climbing,65588,65499,65588,89
left_turning,65621,65588,65621,33
sniffing,65677,65621,65677,56
rising,65702,65677,65702,25
right_turning,65724,65702,65724,22
left_turning,65728,65724,65728,4
walking,65766,65728,65766,38
sniffing,66200,65766,66200,434
rising,66221,66200,66221,21
sniffing,66319,66221,66319,98
rising,66324,66319,66324,5
climbing,66396,66324,66396,72
rearing,66435,66396,66435,39
rising,66436,66435,66436,1
sniffing,66496,66436,66496,60
rising,66500,66496,66500,4
sniffing,66554,66500,66554,54
left_turning,66605,66554,66605,51
sniffing,66606,66605,66606,1
hunching,66639,66606,66639,33
rearing,66675,66639,66675,36
grooming,66676,66675,66676,1
rising,66737,66676,66737,61
climbing,66787,66737,66787,50
right_turning,66815,66787,66815,28
sniffing,66900,66815,66900,85
rising,66928,66900,66928,28
climbing,66958,66928,66958,30
right_turning,67040,66958,67040,82
rising,67118,67040,67118,78
sniffing,67156,67118,67156,38
stepping,67198,67156,67198,42
sniffing,67287,67198,67287,89
walking,67324,67287,67324,37
stepping,67351,67324,67351,27
climbing,67486,67351,67486,135
hunching,67516,67486,67516,30
sniffing,67517,67516,67517,1
walking,67534,67517,67534,17
sniffing,67571,67534,67571,37
walking,67653,67571,67653,82
sniffing,67730,67653,67730,77
rearing,67749,67730,67749,19
sniffing,67868,67749,67868,119
rearing,67869,67868,67869,1
right_turning,67891,67869,67891,22
running,67903,67891,67903,12
sniffing,67999,67903,67999,96
climbing,68000,67999,68000,1
right_turning,68015,68000,68015,15
climbing,68016,68015,68016,1
rising,68094,68016,68094,78
sniffing,68338,68094,68338,244
hunching,68427,68338,68427,89
stepping,68460,68427,68460,33
climbing,68461,68460,68461,1
hunching,68492,68461,68492,31
climbing,68629,68492,68629,137
sniffing,68709,68629,68709,80
left_turning,68721,68709,68721,12
sniffing,68847,68721,68847,126
hunching,68942,68847,68942,95
climbing,68967,68942,68967,25
rearing,68978,68967,68978,11
grooming,68979,68978,68979,1
hunching,69136,68979,69136,157
right_turning,69193,69136,69193,57
walking,69195,69193,69195,2
climbing,69332,69195,69332,137
rising,69398,69332,69398,66
right_turning,69400,69398,69400,2
running,69419,69400,69419,19
walking,69424,69419,69424,5
rising,69451,69424,69451,27
climbing,69480,69451,69480,29
right_turning,69494,69480,69494,14
walking,69531,69494,69531,37
climbing,69556,69531,69556,25
rearing,69592,69556,69592,36
left_turning,69593,69592,69593,1
rising,69594,69593,69594,1
walking,69610,69594,69610,16
left_turning,69654,69610,69654,44
walking,69657,69654,69657,3
sniffing,69864,69657,69864,207
left_turning,69918,69864,69918,54
sniffing,69944,69918,69944,26
rising,69945,69944,69945,1
climbing,70071,69945,70071,126
trotting,70072,70071,70072,1
sniffing,70109,70072,70109,37
walking,70115,70109,70115,6
sniffing,70236,70115,70236,121
left_turning,70249,70236,70249,13
walking,70358,70249,70358,109
sniffing,70394,70358,70394,36
climbing,70395,70394,70395,1
hunching,70403,70395,70403,8
running,70439,70403,70439,36
sniffing,70470,70439,70470,31
rearing,70488,70470,70488,18
sniffing,70650,70488,70650,162
grooming,70694,70650,70694,44
sniffing,70793,70694,70793,99
right_turning,70845,70793,70845,52
sniffing,70846,70845,70846,1
walking,70873,70846,70873,27
sniffing,70936,70873,70936,63
right_turning,70962,70936,70962,26
walking,71031,70962,71031,69
sniffing,71086,71031,71086,55
right_turning,71108,71086,71108,22
sniffing,71184,71108,71184,76
rearing,71185,71184,71185,1
climbing,71279,71185,71279,94
rising,71357,71279,71357,78
right_turning,71384,71357,71384,27
trotting,71421,71384,71421,37
sniffing,71422,71421,71422,1
hunching,71480,71422,71480,58
stepping,71525,71480,71525,45
walking,71568,71525,71568,43
sniffing,71654,71568,71654,86
climbing,71683,71654,71683,29
rearing,71690,71683,71690,7
climbing,71798,71690,71798,108
rising,71823,71798,71823,25
climbing,71936,71823,71936,113
right_turning,71937,71936,71937,1
walking,71964,71937,71964,27
rising,71979,71964,71979,15
climbing,72043,71979,72043,64
walking,72145,72043,72145,102
sniffing,72292,72145,72292,147
climbing,72373,72292,72373,81
right_turning,72394,72373,72394,21
sniffing,72466,72394,72466,72
walking,72483,72466,72483,17
trotting,72511,72483,72511,28
sniffing,72780,72511,72780,269
left_turning,72781,72780,72781,1
sniffing,72823,72781,72823,42
trotting,72873,72823,72873,50
left_turning,72888,72873,72888,15
walking,72914,72888,72914,26
sniffing,73016,72914,73016,102
rising,73035,73016,73035,19
rearing,73074,73035,73074,39
running,73093,73074,73093,19
walking,73115,73093,73115,22
trotting,73123,73115,73123,8
walking,73178,73123,73178,55
sniffing,73179,73178,73179,1
rearing,73186,73179,73186,7
grooming,73206,73186,73206,20
sniffing,73307,73206,73307,101
rising,73398,73307,73398,91
walking,73523,73398,73523,125
left_turning,73566,73523,73566,43
sniffing,73627,73566,73627,61
right_turning,73628,73627,73628,1
sniffing,73629,73628,73629,1
climbing,73648,73629,73648,19
right_turning,73683,73648,73683,35
walking,73715,73683,73715,32
climbing,73891,73715,73891,176
sniffing,73924,73891,73924,33
hunching,73998,73924,73998,74
sniffing,74029,73998,74029,31
walking,74030,74029,74030,1
climbing,74085,74030,74085,55
hunching,74147,74085,74147,62
rearing,74148,74147,74148,1
walking,74284,74148,74284,136
sniffing,74285,74284,74285,1
rising,74318,74285,74318,33
climbing,74349,74318,74349,31
sniffing,74462,74349,74462,113
climbing,74530,74462,74530,68
right_turning,74553,74530,74553,23
walking,74586,74553,74586,33
sniffing,74587,74586,74587,1
stepping,74659,74587,74659,72
sniffing,74683,74659,74683,24
walking,74722,74683,74722,39
climbing,74810,74722,74810,88
grooming,74895,74810,74895,85
rearing,74982,74895,74982,87
climbing,75005,74982,75005,23
rearing,75006,75005,75006,1
sniffing,75267,75006,75267,261
left_turning,75336,75267,75336,69
climbing,75404,75336,75404,68
rising,75423,75404,75423,19
sniffing,75553,75423,75553,130
rising,75588,75553,75588,35
walking,75644,75588,75644,56
sniffing,75654,75644,75654,10
right_turning,75694,75654,75694,40
sniffing,75816,75694,75816,122
climbing,75833,75816,75833,17
sniffing,75964,75833,75964,131
rising,75979,75964,75979,15
climbing,76076,75979,76076,97
rearing,76077,76076,76077,1
grooming,76290,76077,76290,213
sniffing,76292,76290,76292,2
left_turning,76337,76292,76337,45
rising,76372,76337,76372,35
hunching,76452,76372,76452,80
sniffing,76534,76452,76534,82
walking,76535,76534,76535,1
sniffing,76599,76535,76599,64
stepping,76674,76599,76674,75
sniffing,76752,76674,76752,78
pausing,76817,76752,76817,65
sniffing,77007,76817,77007,190
pausing,77206,77007,77206,199
sniffing,77330,77206,77330,124
rising,77356,77330,77356,26
climbing,77373,77356,77373,17
sniffing,77412,77373,77412,39
rising,77448,77412,77448,36
climbing,77449,77448,77449,1
sniffing,77467,77449,77467,18
rising,77508,77467,77508,41
sniffing,77509,77508,77509,1
climbing,77584,77509,77584,75
rising,77628,77584,77628,44
walking,77674,77628,77674,46
rearing,77703,77674,77703,29
running,77742,77703,77742,39
trotting,77748,77742,77748,6
right_turning,77783,77748,77783,35
trotting,77806,77783,77806,23
sniffing,77841,77806,77841,35
climbing,77877,77841,77877,36
trotting,77878,77877,77878,1
climbing,77930,77878,77930,52
trotting,77975,77930,77975,45
rising,78031,77975,78031,56
sniffing,78066,78031,78066,35
right_turning,78111,78066,78111,45
running,78160,78111,78160,49
walking,78223,78160,78223,63
sniffing,78258,78223,78258,35
rearing,78269,78258,78269,11
rising,78344,78269,78344,75
walking,78433,78344,78433,89
sniffing,78492,78433,78492,59
left_turning,78557,78492,78557,65
rising,78579,78557,78579,22
sniffing,78580,78579,78580,1
trotting,78581,78580,78581,1
sniffing,78586,78581,78586,5
rising,78626,78586,78626,40
sniffing,78692,78626,78692,66
climbing,78871,78692,78871,179
rearing,78880,78871,78880,9
walking,78953,78880,78953,73
sniffing,78965,78953,78965,12
climbing,79187,78965,79187,222
walking,79233,79187,79233,46
rising,79294,79233,79294,61
sniffing,79364,79294,79364,70
rearing,79444,79364,79444,80
sniffing,79445,79444,79445,1
climbing,79466,79445,79466,21
running,79492,79466,79492,26
sniffing,79529,79492,79529,37
right_turning,79543,79529,79543,14
walking,79551,79543,79551,8
sniffing,79729,79551,79729,178
running,79739,79729,79739,10
sniffing,79886,79739,79886,147
rising,79950,79886,79950,64
climbing,79989,79950,79989,39
sniffing,79990,79989,79990,1
pausing,80022,79990,80022,32
sniffing,80064,80022,80064,42
hunching,80065,80064,80065,1
sniffing,80215,80065,80215,150
right_turning,80259,80215,80259,44
walking,80291,80259,80291,32
rising,80292,80291,80292,1
rearing,80293,80292,80293,1
walking,80388,80293,80388,95
sniffing,80389,80388,80389,1
left_turning,80456,80389,80456,67
climbing,80597,80456,80597,141
rising,80598,80597,80598,1
climbing,80681,80598,80681,83
walking,80734,80681,80734,53
climbing,80794,80734,80794,60
sniffing,80803,80794,80803,9
walking,80856,80803,80856,53
climbing,80942,80856,80942,86
rising,81048,80942,81048,106
sniffing,81052,81048,81052,4
rearing,81053,81052,81053,1
rising,81057,81053,81057,4
sniffing,81211,81057,81211,154
rising,81212,81211,81212,1
sniffing,81218,81212,81218,6
climbing,81268,81218,81268,50
rearing,81288,81268,81288,20
grooming,81559,81288,81559,271
sniffing,81588,81559,81588,29
stepping,81600,81588,81600,12
walking,81623,81600,81623,23
sniffing,81784,81623,81784,161
trotting,81816,81784,81816,32
sniffing,81881,81816,81881,65
rising,81911,81881,81911,30
right_turning,81938,81911,81938,27
running,81946,81938,81946,8
rearing,81965,81946,81965,19
sniffing,82038,81965,82038,73
rising,82044,82038,82044,6
jumping,82127,82044,82127,83
trotting,82187,82127,82187,60
rising,82193,82187,82193,6
trotting,82221,82193,82221,28
rising,82246,82221,82246,25
sniffing,82249,82246,82249,3
left_turning,82262,82249,82262,13
stepping,82307,82262,82307,45
sniffing,82308,82307,82308,1
hunching,82343,82308,82343,35
rising,82377,82343,82377,34
walking,82416,82377,82416,39
stepping,82439,82416,82439,23
sniffing,82530,82439,82530,91
walking,82573,82530,82573,43
rising,82606,82573,82606,33
sniffing,82723,82606,82723,117
rearing,82800,82723,82800,77
trotting,82834,82800,82834,34
rising,82836,82834,82836,2
climbing,82854,82836,82854,18
walking,82868,82854,82868,14
sniffing,82936,82868,82936,68
hunching,82937,82936,82937,1
sniffing,82968,82937,82968,31
left_turning,82969,82968,82969,1
climbing,82972,82969,82972,3
rearing,83040,82972,83040,68
grooming,83041,83040,83041,1
climbing,83042,83041,83042,1
walking,83117,83042,83117,75
sniffing,83122,83117,83122,5
rising,83132,83122,83132,10
left_turning,83178,83132,83178,46
sniffing,83251,83178,83251,73
walking,83280,83251,83280,29
rising,83324,83280,83324,44
sniffing,83325,83324,83325,1
rising,83352,83325,83352,27
climbing,83377,83352,83377,25
sniffing,83458,83377,83458,81
rising,83459,83458,83459,1
sniffing,83466,83459,83466,7
climbing,83514,83466,83514,48
left_turning,83588,83514,83588,74
walking,83641,83588,83641,53
sniffing,83808,83641,83808,167
climbing,83872,83808,83872,64
grooming,84014,83872,84014,142
left_turning,84015,84014,84015,1
trotting,84066,84015,84066,51
left_turning,84106,84066,84106,40
sniffing,84171,84106,84171,65
running,84186,84171,84186,15
walking,84187,84186,84187,1
hunching,84307,84187,84307,120
right_turning,84311,84307,84311,4
trotting,84335,84311,84335,24
sniffing,84585,84335,84585,250
grooming,84586,84585,84586,1
climbing,84666,84586,84666,80
left_turning,84697,84666,84697,31
walking,84755,84697,84755,58
sniffing,84824,84755,84824,69
left_turning,84868,84824,84868,44
sniffing,84908,84868,84908,40
walking,84947,84908,84947,39
sniffing,85049,84947,85049,102
rising,85075,85049,85075,26
rearing,85108,85075,85108,33
rising,85165,85108,85165,57
rearing,85170,85165,85170,5
grooming,85423,85170,85423,253
rearing,85482,85423,85482,59
walking,85552,85482,85552,70
rearing,85770,85552,85770,218
grooming,86214,85770,86214,444
hunching,86275,86214,86275,61
right_turning,86318,86275,86318,43
left_turning,86327,86318,86327,9
sniffing,86589,86327,86589,262
pausing,86655,86589,86655,66
sniffing,86656,86655,86656,1
trotting,86724,86656,86724,68
sniffing,86725,86724,86725,1
rearing,86752,86725,86752,27
sniffing,86831,86752,86831,79
grooming,86854,86831,86854,23
climbing,86929,86854,86929,75
trotting,86947,86929,86947,18
sniffing,87050,86947,87050,103
right_turning,87053,87050,87053,3
trotting,87069,87053,87069,16
running,87079,87069,87079,10
walking,87214,87079,87214,135
stepping,87238,87214,87238,24
walking,87249,87238,87249,11
left_turning,87252,87249,87252,3
sniffing,87414,87252,87414,162
hunching,87483,87414,87483,69
sniffing,87484,87483,87484,1
rearing,87551,87484,87551,67
grooming,87552,87551,87552,1
rearing,87608,87552,87608,56
climbing,87639,87608,87639,31
running,87673,87639,87673,34
left_turning,87685,87673,87685,12
walking,87689,87685,87689,4
left_turning,87701,87689,87701,12
sniffing,87739,87701,87739,38
pausing,87982,87739,87982,243
sniffing,87985,87982,87985,3
walking,88062,87985,88062,77
stepping,88085,88062,88085,23
walking,88103,88085,88103,18
sniffing,88158,88103,88158,55
climbing,88217,88158,88217,59
rising,88294,88217,88294,77
climbing,88295,88294,88295,1
trotting,88317,88295,88317,22
sniffing,88350,88317,88350,33
grooming,88729,88350,88729,379
sniffing,89061,88729,89061,332
left_turning,89080,89061,89080,19
climbing,89110,89080,89110,30
rearing,89130,89110,89130,20
right_turning,89131,89130,89131,1
climbing,89132,89131,89132,1
rising,89169,89132,89169,37
climbing,89224,89169,89224,55
running,89261,89224,89261,37
trotting,89300,89261,89300,39
left_turning,89366,89300,89366,66
walking,89405,89366,89405,39
sniffing,89406,89405,89406,1
rearing,89600,89406,89600,194
climbing,89794,89600,89794,194
rearing,89998,89794,89998,204
left_turning,90048,89998,90048,50
rearing,90049,90048,90049,1
rising,90062,90049,90062,13
climbing,90134,90062,90134,72
left_turning,90162,90134,90162,28
sniffing,90215,90162,90215,53
trotting,90252,90215,90252,37
sniffing,90354,90252,90354,102
rising,90416,90354,90416,62
sniffing,90495,90416,90495,79
pausing,90654,90495,90654,159
sniffing,90714,90654,90714,60
rising,90715,90714,90715,1
running,90744,90715,90744,29
sniffing,90756,90744,90756,12
walking,90827,90756,90827,71
left_turning,90877,90827,90877,50
sniffing,90907,90877,90907,30
rising,90908,90907,90908,1
climbing,90909,90908,90909,1
sniffing,90920,90909,90920,11
climbing,91032,90920,91032,112
sniffing,91070,91032,91070,38
rising,91126,91070,91126,56
stepping,91127,91126,91127,1
climbing,91150,91127,91150,23
trotting,91210,91150,91210,60
walking,91218,91210,91218,8
climbing,91249,91218,91249,31
sniffing,91313,91249,91313,64
right_turning,91327,91313,91327,14
trotting,91356,91327,91356,29
stepping,91390,91356,91390,34
right_turning,91391,91390,91391,1
walking,91457,91391,91457,66
sniffing,91522,91457,91522,65
left_turning,91589,91522,91589,67
sniffing,91669,91589,91669,80
rearing,91705,91669,91705,36
left_turning,91740,91705,91740,35
sniffing,91746,91740,91746,6
left_turning,91812,91746,91812,66
sniffing,91883,91812,91883,71
rising,91886,91883,91886,3
trotting,91954,91886,91954,68
sniffing,92071,91954,92071,117
right_turning,92084,92071,92084,13
running,92085,92084,92085,1
sniffing,92191,92085,92191,106
grooming,92192,92191,92192,1
sniffing,92276,92192,92276,84
rearing,92304,92276,92304,28
hunching,92308,92304,92308,4
grooming,92498,92308,92498,190
hunching,92583,92498,92583,85
rearing,92681,92583,92681,98
climbing,92784,92681,92784,103
rearing,92870,92784,92870,86
sniffing,92961,92870,92961,91
walking,92976,92961,92976,15
grooming,93406,92976,93406,430
climbing,93432,93406,93432,26
right_turning,93486,93432,93486,54
walking,93542,93486,93542,56
rising,93544,93542,93544,2
hunching,93586,93544,93586,42
walking,93693,93586,93693,107
left_turning,93731,93693,93731,38
walking,93732,93731,93732,1
right_turning,93753,93732,93753,21
walking,93817,93753,93817,64
sniffing,93880,93817,93880,63
left_turning,93966,93880,93966,86
trotting,93994,93966,93994,28
walking,94100,93994,94100,106
sniffing,94142,94100,94142,42
grooming,94143,94142,94143,1
sniffing,94261,94143,94261,118
rising,94346,94261,94346,85
sniffing,94408,94346,94408,62
left_turning,94440,94408,94440,32
walking,94487,94440,94487,47
right_turning,94491,94487,94491,4
running,94522,94491,94522,31
trotting,94527,94522,94527,5
rising,94566,94527,94566,39
sniffing,94723,94566,94723,157
rising,94730,94723,94730,7
climbing,94733,94730,94733,3
rearing,94821,94733,94821,88
sniffing,94978,94821,94978,157
rising,95034,94978,95034,56
rearing,95090,95034,95090,56
grooming,95091,95090,95091,1
rearing,95224,95091,95224,133
walking,95280,95224,95280,56
sniffing,95285,95280,95285,5
walking,95357,95285,95357,72
rising,95436,95357,95436,79
grooming,95444,95436,95444,8
sniffing,95583,95444,95583,139
climbing,95667,95583,95667,84
left_turning,95678,95667,95678,11
sniffing,95857,95678,95857,179
left_turning,95858,95857,95858,1
walking,95951,95858,95951,93
climbing,95975,95951,95975,24
grooming,96068,95975,96068,93
left_turning,96116,96068,96116,48
running,96137,96116,96137,21
rising,96138,96137,96138,1
climbing,96213,96138,96213,75
sniffing,96402,96213,96402,189
rearing,96479,96402,96479,77
rising,96567,96479,96567,88
climbing,96663,96567,96663,96
grooming,97215,96663,97215,552
sniffing,97322,97215,97322,107
rearing,97371,97322,97371,49
climbing,97452,97371,97452,81
rising,97557,97452,97557,105
sniffing,97558,97557,97558,1
rising,97559,97558,97559,1
rearing,97560,97559,97560,1
walking,97608,97560,97608,48
left_turning,97655,97608,97655,47
running,97693,97655,97693,38
climbing,97735,97693,97735,42
grooming,97890,97735,97890,155
hunching,97928,97890,97928,38
rising,97965,97928,97965,37
climbing,97985,97965,97985,20
right_turning,98080,97985,98080,95
trotting,98092,98080,98092,12
walking,98143,98092,98143,51
right_turning,98154,98143,98154,11
sniffing,98263,98154,98263,109
walking,98270,98263,98270,7
sniffing,98291,98270,98291,21
walking,98364,98291,98364,73
sniffing,98365,98364,98365,1
rearing,98456,98365,98456,91
walking,98486,98456,98486,30
sniffing,98558,98486,98558,72
grooming,99280,98558,99280,722
sniffing,99290,99280,99290,10
right_turning,99339,99290,99339,49
walking,99432,99339,99432,93
rearing,99570,99432,99570,138
sniffing,99637,99570,99637,67
running,99674,99637,99674,37
walking,99711,99674,99711,37
stepping,99811,99711,99811,100
walking,99871,99811,99871,60
rearing,99891,99871,99891,20
sniffing,99892,99891,99892,1
right_turning,99909,99892,99909,17
sniffing,100040,99909,100040,131
walking,100132,100040,100132,92
sniffing,100237,100132,100237,105
left_turning,100282,100237,100282,45
right_turning,100308,100282,100308,26
running,100361,100308,100361,53
rising,100384,100361,100384,23
trotting,100411,100384,100411,27
rising,100412,100411,100412,1
climbing,100443,100412,100443,31
sniffing,100458,100443,100458,15
left_turning,100505,100458,100505,47
stepping,100554,100505,100554,49
walking,100581,100554,100581,27
sniffing,100668,100581,100668,87
grooming,101145,100668,101145,477
rearing,101160,101145,101160,15
climbing,101167,101160,101167,7
grooming,101697,101167,101697,530
climbing,101767,101697,101767,70
walking,101809,101767,101809,42
sniffing,101815,101809,101815,6
rising,101858,101815,101858,43
hunching,101881,101858,101881,23
left_turning,101902,101881,101902,21
walking,101905,101902,101905,3
sniffing,102070,101905,102070,165
climbing,102132,102070,102132,62
rising,102197,102132,102197,65
climbing,102446,102197,102446,249
rising,102480,102446,102480,34
sniffing,102481,102480,102481,1
pausing,102625,102481,102625,144
sniffing,102626,102625,102626,1
left_turning,102755,102626,102755,129
walking,102756,102755,102756,1
running,102785,102756,102785,29
sniffing,102786,102785,102786,1
walking,102846,102786,102846,60
sniffing,103059,102846,103059,213
left_turning,103092,103059,103092,33
walking,103133,103092,103133,41
climbing,103160,103133,103160,27
walking,103205,103160,103205,45
sniffing,103301,103205,103301,96
rising,103333,103301,103333,32
climbing,103442,103333,103442,109
grooming,103730,103442,103730,288
right_turning,103770,103730,103770,40
sniffing,103876,103770,103876,106
hunching,103931,103876,103931,55
grooming,104007,103931,104007,76
walking,104078,104007,104078,71
sniffing,104085,104078,104085,7
rising,104086,104085,104086,1
grooming,104087,104086,104087,1
sniffing,104286,104087,104286,199
walking,104361,104286,104361,75
sniffing,104362,104361,104362,1
running,104404,104362,104404,42
trotting,104444,104404,104444,40
rising,104499,104444,104499,55
rearing,104585,104499,104585,86
sniffing,104586,104585,104586,1
climbing,104617,104586,104617,31
rearing,104670,104617,104670,53
climbing,104671,104670,104671,1
left_turning,104678,104671,104678,7
sniffing,104844,104678,104844,166
climbing,104950,104844,104950,106
grooming,105215,104950,105215,265
left_turning,105241,105215,105241,26
sniffing,105365,105241,105365,124
rising,105444,105365,105444,79
climbing,105519,105444,105519,75
right_turning,105614,105519,105614,95
walking,105617,105614,105617,3
rising,105627,105617,105627,10
climbing,105762,105627,105762,135
right_turning,105780,105762,105780,18
walking,105812,105780,105812,32
sniffing,105871,105812,105871,59
climbing,105872,105871,105872,1
right_turning,105880,105872,105880,8
walking,105954,105880,105954,74
left_turning,105967,105954,105967,13
walking,105968,105967,105968,1
grooming,106251,105968,106251,283
rearing,106252,106251,106252,1
sniffing,106253,106252,106253,1
pausing,106633,106253,106633,380
sniffing,106650,106633,106650,17
rising,106651,106650,106651,1
left_turning,106684,106651,106684,33
walking,106742,106684,106742,58
sniffing,106743,106742,106743,1
rising,106744,106743,106744,1
climbing,106932,106744,106932,188
rising,106963,106932,106963,31
sniffing,107045,106963,107045,82
rising,107139,107045,107139,94
sniffing,107222,107139,107222,83
rising,107243,107222,107243,21
climbing,107283,107243,107283,40
grooming,107444,107283,107444,161
rearing,107445,107444,107445,1
climbing,107489,107445,107489,44
rearing,107637,107489,107637,148
sniffing,107707,107637,107707,70
right_turning,107756,107707,107756,49
sniffing,107786,107756,107786,30
grooming,107921,107786,107921,135
sniffing,107993,107921,107993,72
rearing,108000,107993,108000,7
