revised_movement_label,segBoundary,segBoundary_start,segBoundary_end,length
sniffing,42,0,42,42
grooming,115,42,115,73
climbing,141,115,141,26
rearing,220,141,220,79
sniffing,329,220,329,109
trotting,331,329,331,2
climbing,381,331,381,50
trotting,382,381,382,1
walking,427,382,427,45
rising,479,427,479,52
running,488,479,488,9
sniffing,489,488,489,1
right_turning,512,489,512,23
sniffing,565,512,565,53
rearing,614,565,614,49
sniffing,644,614,644,30
left_turning,658,644,658,14
sniffing,695,658,695,37
rearing,755,695,755,60
sniffing,835,755,835,80
walking,836,835,836,1
running,847,836,847,11
walking,851,847,851,4
sniffing,862,851,862,11
running,863,862,863,1
right_turning,934,863,934,71
walking,986,934,986,52
climbing,1027,986,1027,41
rearing,1202,1027,1202,175
grooming,1250,1202,1250,48
sniffing,1251,1250,1251,1
right_turning,1261,1251,1261,10
climbing,1300,1261,1300,39
sniffing,1372,1300,1372,72
stepping,1375,1372,1375,3
sniffing,1376,1375,1376,1
climbing,1436,1376,1436,60
rising,1483,1436,1483,47
climbing,1512,1483,1512,29
sniffing,1521,1512,1521,9
stepping,1552,1521,1552,31
climbing,1610,1552,1610,58
rising,1611,1610,1611,1
climbing,1644,1611,1644,33
sniffing,1645,1644,1645,1
right_turning,1662,1645,1662,17
sniffing,1711,1662,1711,49
left_turning,1734,1711,1734,23
walking,1735,1734,1735,1
sniffing,1845,1735,1845,110
climbing,1854,1845,1854,9
trotting,1903,1854,1903,49
sniffing,1904,1903,1904,1
climbing,1919,1904,1919,15
sniffing,1955,1919,1955,36
rising,1966,1955,1966,11
stepping,2026,1966,2026,60
sniffing,2027,2026,2027,1
rising,2041,2027,2041,14
walking,2125,2041,2125,84
stepping,2126,2125,2126,1
climbing,2165,2126,2165,39
running,2189,2165,2189,24
walking,2197,2189,2197,8
climbing,2260,2197,2260,63
sniffing,2261,2260,2261,1
grooming,2262,2261,2262,1
sniffing,2304,2262,2304,42
walking,2305,2304,2305,1
rising,2362,2305,2362,57
sniffing,2525,2362,2525,163
left_turning,2552,2525,2552,27
trotting,2629,2552,2629,77
rising,2630,2629,2630,1
trotting,2656,2630,2656,26
rising,2697,2656,2697,41
climbing,2782,2697,2782,85
rising,2783,2782,2783,1
walking,2847,2783,2847,64
rising,2848,2847,2848,1
walking,2888,2848,2888,40
rising,2911,2888,2911,23
climbing,3020,2911,3020,109
rising,3025,3020,3025,5
climbing,3060,3025,3060,35
trotting,3068,3060,3068,8
running,3082,3068,3082,14
left_turning,3095,3082,3095,13
sniffing,3258,3095,3258,163
left_turning,3324,3258,3324,66
sniffing,3328,3324,3328,4
climbing,3342,3328,3342,14
sniffing,3411,3342,3411,69
walking,3437,3411,3437,26
running,3480,3437,3480,43
trotting,3529,3480,3529,49
stepping,3565,3529,3565,36
right_turning,3581,3565,3581,16
rising,3602,3581,3602,21
climbing,3665,3602,3665,63
rearing,3666,3665,3666,1
grooming,3745,3666,3745,79
sniffing,3764,3745,3764,19
walking,3810,3764,3810,46
climbing,3876,3810,3876,66
sniffing,3877,3876,3877,1
climbing,3935,3877,3935,58
left_turning,3985,3935,3985,50
sniffing,3994,3985,3994,9
walking,4001,3994,4001,7
climbing,4077,4001,4077,76
trotting,4097,4077,4097,20
climbing,4156,4097,4156,59
stepping,4188,4156,4188,32
rising,4206,4188,4206,18
sniffing,4421,4206,4421,215
walking,4448,4421,4448,27
sniffing,4461,4448,4461,13
walking,4490,4461,4490,29
sniffing,4530,4490,4530,40
running,4549,4530,4549,19
sniffing,4561,4549,4561,12
rising,4603,4561,4603,42
right_turning,4618,4603,4618,15
trotting,4637,4618,4637,19
sniffing,4672,4637,4672,35
left_turning,4722,4672,4722,50
running,4755,4722,4755,33
sniffing,4878,4755,4878,123
climbing,4924,4878,4924,46
sniffing,4925,4924,4925,1
climbing,4999,4925,4999,74
left_turning,5000,4999,5000,1
sniffing,5094,5000,5094,94
rearing,5101,5094,5101,7
left_turning,5163,5101,5163,62
trotting,5191,5163,5191,28
rising,5192,5191,5192,1
grooming,5338,5192,5338,146
running,5358,5338,5358,20
walking,5371,5358,5371,13
climbing,5426,5371,5426,55
walking,5459,5426,5459,33
climbing,5554,5459,5554,95
rising,5572,5554,5572,18
climbing,5593,5572,5593,21
sniffing,5722,5593,5722,129
walking,5799,5722,5799,77
climbing,5861,5799,5861,62
walking,5909,5861,5909,48
right_turning,5910,5909,5910,1
sniffing,5911,5910,5911,1
rising,5954,5911,5954,43
sniffing,6082,5954,6082,128
climbing,6117,6082,6117,35
walking,6323,6117,6323,206
climbing,6371,6323,6371,48
walking,6432,6371,6432,61
left_turning,6498,6432,6498,66
running,6567,6498,6567,69
sniffing,6568,6567,6568,1
rising,6662,6568,6662,94
sniffing,6717,6662,6717,55
climbing,6764,6717,6764,47
sniffing,6885,6764,6885,121
climbing,6920,6885,6920,35
sniffing,6921,6920,6921,1
walking,7008,6921,7008,87
rising,7009,7008,7009,1
climbing,7023,7009,7023,14
walking,7027,7023,7027,4
rising,7028,7027,7028,1
left_turning,7053,7028,7053,25
right_turning,7084,7053,7084,31
walking,7114,7084,7114,30
rising,7115,7114,7115,1
sniffing,7148,7115,7148,33
walking,7149,7148,7149,1
rising,7173,7149,7173,24
left_turning,7256,7173,7256,83
trotting,7298,7256,7298,42
walking,7360,7298,7360,62
rising,7369,7360,7369,9
right_turning,7403,7369,7403,34
walking,7536,7403,7536,133
left_turning,7555,7536,7555,19
climbing,7597,7555,7597,42
hunching,7659,7597,7659,62
rearing,7673,7659,7673,14
rising,7727,7673,7727,54
sniffing,7896,7727,7896,169
rising,7903,7896,7903,7
climbing,7925,7903,7925,22
sniffing,7980,7925,7980,55
walking,8039,7980,8039,59
rising,8046,8039,8046,7
sniffing,8047,8046,8047,1
climbing,8154,8047,8154,107
running,8169,8154,8169,15
trotting,8202,8169,8202,33
running,8235,8202,8235,33
walking,8247,8235,8247,12
rising,8248,8247,8248,1
climbing,8289,8248,8289,41
sniffing,8323,8289,8323,34
running,8341,8323,8341,18
rising,8366,8341,8366,25
rearing,8367,8366,8367,1
trotting,8400,8367,8400,33
walking,8435,8400,8435,35
trotting,8468,8435,8468,33
walking,8552,8468,8552,84
trotting,8580,8552,8580,28
left_turning,8592,8580,8592,12
walking,8607,8592,8607,15
right_turning,8632,8607,8632,25
trotting,8703,8632,8703,71
rising,8704,8703,8704,1
climbing,8723,8704,8723,19
trotting,8741,8723,8741,18
walking,8772,8741,8772,31
rising,8778,8772,8778,6
right_turning,8815,8778,8815,37
trotting,8816,8815,8816,1
sniffing,8817,8816,8817,1
rearing,8818,8817,8818,1
walking,8845,8818,8845,27
stepping,8939,8845,8939,94
sniffing,8987,8939,8987,48
walking,8998,8987,8998,11
rising,9018,8998,9018,20
rearing,9088,9018,9088,70
sniffing,9089,9088,9089,1
walking,9113,9089,9113,24
trotting,9133,9113,9133,20
sniffing,9190,9133,9190,57
climbing,9275,9190,9275,85
left_turning,9315,9275,9315,40
rising,9322,9315,9322,7
rearing,9376,9322,9376,54
sniffing,9419,9376,9419,43
rising,9443,9419,9443,24
sniffing,9456,9443,9456,13
left_turning,9480,9456,9480,24
walking,9506,9480,9506,26
sniffing,9582,9506,9582,76
right_turning,9586,9582,9586,4
trotting,9608,9586,9608,22
left_turning,9609,9608,9609,1
sniffing,9629,9609,9629,20
rising,9679,9629,9679,50
climbing,9741,9679,9741,62
hunching,9742,9741,9742,1
sniffing,9864,9742,9864,122
rising,9889,9864,9889,25
climbing,9959,9889,9959,70
sniffing,10046,9959,10046,87
climbing,10055,10046,10055,9
sniffing,10292,10055,10292,237
walking,10354,10292,10354,62
sniffing,10410,10354,10410,56
climbing,10438,10410,10438,28
grooming,10476,10438,10476,38
sniffing,10595,10476,10595,119
walking,10596,10595,10596,1
sniffing,10635,10596,10635,39
hunching,10647,10635,10647,12
rising,10655,10647,10655,8
hunching,10691,10655,10691,36
sniffing,10763,10691,10763,72
grooming,10966,10763,10966,203
hunching,10969,10966,10969,3
rising,11040,10969,11040,71
trotting,11044,11040,11044,4
walking,11064,11044,11064,20
sniffing,11080,11064,11080,16
climbing,11081,11080,11081,1
rising,11082,11081,11082,1
sniffing,11234,11082,11234,152
stepping,11275,11234,11275,41
climbing,11330,11275,11330,55
sniffing,11390,11330,11390,60
right_turning,11404,11390,11404,14
stepping,11454,11404,11454,50
rising,11512,11454,11512,58
trotting,11537,11512,11537,25
sniffing,11538,11537,11538,1
right_turning,11613,11538,11613,75
walking,11642,11613,11642,29
sniffing,11643,11642,11643,1
rising,11672,11643,11672,29
sniffing,11692,11672,11692,20
climbing,11777,11692,11777,85
rising,11853,11777,11853,76
left_turning,11898,11853,11898,45
rising,11915,11898,11915,17
sniffing,12075,11915,12075,160
left_turning,12086,12075,12086,11
running,12101,12086,12101,15
walking,12172,12101,12172,71
sniffing,12213,12172,12213,41
walking,12233,12213,12233,20
rearing,12300,12233,12300,67
running,12346,12300,12346,46
stepping,12382,12346,12382,36
walking,12406,12382,12406,24
right_turning,12447,12406,12447,41
trotting,12487,12447,12487,40
sniffing,12606,12487,12606,119
rising,12631,12606,12631,25
sniffing,12736,12631,12736,105
walking,12767,12736,12767,31
climbing,12838,12767,12838,71
sniffing,12868,12838,12868,30
rising,12896,12868,12896,28
walking,12938,12896,12938,42
sniffing,13013,12938,13013,75
climbing,13128,13013,13128,115
left_turning,13153,13128,13153,25
rising,13154,13153,13154,1
left_turning,13155,13154,13155,1
sniffing,13218,13155,13218,63
right_turning,13219,13218,13219,1
stepping,13267,13219,13267,48
left_turning,13306,13267,13306,39
right_turning,13347,13306,13347,41
walking,13381,13347,13381,34
sniffing,13610,13381,13610,229
stepping,13642,13610,13642,32
sniffing,13643,13642,13643,1
trotting,13685,13643,13685,42
climbing,13686,13685,13686,1
sniffing,13904,13686,13904,218
climbing,14047,13904,14047,143
sniffing,14074,14047,14074,27
walking,14139,14074,14139,65
sniffing,14179,14139,14179,40
right_turning,14192,14179,14192,13
left_turning,14249,14192,14249,57
rising,14250,14249,14250,1
running,14275,14250,14275,25
walking,14333,14275,14333,58
rising,14334,14333,14334,1
walking,14396,14334,14396,62
climbing,14449,14396,14449,53
rising,14463,14449,14463,14
sniffing,14524,14463,14524,61
walking,14525,14524,14525,1
sniffing,14575,14525,14575,50
walking,14594,14575,14594,19
trotting,14606,14594,14606,12
sniffing,14650,14606,14650,44
climbing,14654,14650,14654,4
rising,14672,14654,14672,18
walking,14673,14672,14673,1
left_turning,14730,14673,14730,57
sniffing,14840,14730,14840,110
left_turning,14881,14840,14881,41
sniffing,14933,14881,14933,52
left_turning,14979,14933,14979,46
walking,15191,14979,15191,212
climbing,15253,15191,15253,62
walking,15254,15253,15254,1
sniffing,15330,15254,15330,76
left_turning,15354,15330,15354,24
climbing,15369,15354,15369,15
rising,15370,15369,15370,1
sniffing,15371,15370,15371,1
hunching,15430,15371,15430,59
sniffing,15509,15430,15509,79
climbing,15558,15509,15558,49
walking,15625,15558,15625,67
rising,15652,15625,15652,27
left_turning,15657,15652,15657,5
rising,15676,15657,15676,19
climbing,15732,15676,15732,56
left_turning,15780,15732,15780,48
sniffing,15856,15780,15856,76
left_turning,15918,15856,15918,62
walking,15919,15918,15919,1
climbing,15977,15919,15977,58
rearing,15993,15977,15993,16
left_turning,16052,15993,16052,59
running,16058,16052,16058,6
walking,16088,16058,16088,30
sniffing,16153,16088,16153,65
climbing,16266,16153,16266,113
rearing,16355,16266,16355,89
rising,16407,16355,16407,52
climbing,16408,16407,16408,1
left_turning,16460,16408,16460,52
walking,16496,16460,16496,36
left_turning,16530,16496,16530,34
sniffing,16592,16530,16592,62
rising,16612,16592,16612,20
sniffing,16719,16612,16719,107
left_turning,16720,16719,16720,1
walking,16721,16720,16721,1
rising,16732,16721,16732,11
sniffing,16775,16732,16775,43
left_turning,16824,16775,16824,49
sniffing,16844,16824,16844,20
stepping,16884,16844,16884,40
sniffing,17017,16884,17017,133
rising,17040,17017,17040,23
walking,17073,17040,17073,33
running,17092,17073,17092,19
walking,17130,17092,17130,38
rising,17166,17130,17166,36
left_turning,17167,17166,17167,1
sniffing,17234,17167,17234,67
walking,17269,17234,17269,35
climbing,17330,17269,17330,61
rising,17449,17330,17449,119
walking,17465,17449,17465,16
left_turning,17498,17465,17498,33
walking,17540,17498,17540,42
sniffing,17557,17540,17557,17
rearing,17611,17557,17611,54
left_turning,17636,17611,17636,25
sniffing,17792,17636,17792,156
walking,17832,17792,17832,40
rising,17864,17832,17864,32
rearing,17920,17864,17920,56
right_turning,17972,17920,17972,52
climbing,18112,17972,18112,140
walking,18170,18112,18170,58
left_turning,18227,18170,18227,57
rising,18265,18227,18265,38
climbing,18327,18265,18327,62
rising,18340,18327,18340,13
sniffing,18420,18340,18420,80
left_turning,18460,18420,18460,40
walking,18461,18460,18461,1
left_turning,18500,18461,18500,39
sniffing,18609,18500,18609,109
right_turning,18618,18609,18618,9
trotting,18653,18618,18653,35
climbing,18687,18653,18687,34
rearing,18690,18687,18690,3
sniffing,18816,18690,18816,126
climbing,18887,18816,18887,71
rising,18945,18887,18945,58
climbing,18995,18945,18995,50
walking,19018,18995,19018,23
trotting,19027,19018,19027,9
walking,19103,19027,19103,76
running,19115,19103,19115,12
walking,19189,19115,19189,74
rising,19232,19189,19232,43
climbing,19476,19232,19476,244
sniffing,19550,19476,19550,74
hunching,19586,19550,19586,36
sniffing,19609,19586,19609,23
walking,19662,19609,19662,53
rising,19682,19662,19682,20
walking,19752,19682,19752,70
sniffing,19803,19752,19803,51
rising,19804,19803,19804,1
sniffing,19844,19804,19844,40
walking,19871,19844,19871,27
sniffing,20047,19871,20047,176
walking,20086,20047,20086,39
sniffing,20087,20086,20087,1
left_turning,20091,20087,20091,4
sniffing,20165,20091,20165,74
stepping,20221,20165,20221,56
sniffing,20297,20221,20297,76
rising,20338,20297,20338,41
right_turning,20339,20338,20339,1
sniffing,20495,20339,20495,156
walking,20562,20495,20562,67
left_turning,20579,20562,20579,17
sniffing,20580,20579,20580,1
walking,20589,20580,20589,9
rising,20590,20589,20590,1
hunching,20592,20590,20592,2
rising,20649,20592,20649,57
sniffing,20856,20649,20856,207
rising,20919,20856,20919,63
right_turning,20969,20919,20969,50
trotting,20982,20969,20982,13
climbing,20983,20982,20983,1
walking,21061,20983,21061,78
stepping,21111,21061,21111,50
walking,21133,21111,21133,22
stepping,21148,21133,21148,15
walking,21176,21148,21176,28
rising,21177,21176,21177,1
climbing,21193,21177,21193,16
sniffing,21295,21193,21295,102
stepping,21296,21295,21296,1
rising,21366,21296,21366,70
grooming,21447,21366,21447,81
left_turning,21481,21447,21481,34
walking,21494,21481,21494,13
left_turning,21543,21494,21543,49
sniffing,21556,21543,21556,13
climbing,21618,21556,21618,62
rearing,21644,21618,21644,26
left_turning,21730,21644,21730,86
sniffing,21757,21730,21757,27
rising,21782,21757,21782,25
rearing,21783,21782,21783,1
left_turning,21800,21783,21800,17
stepping,21801,21800,21801,1
right_turning,21802,21801,21802,1
walking,21864,21802,21864,62
rising,21879,21864,21879,15
left_turning,21996,21879,21996,117
sniffing,22034,21996,22034,38
trotting,22043,22034,22043,9
sniffing,22139,22043,22139,96
rising,22167,22139,22167,28
rearing,22168,22167,22168,1
grooming,22176,22168,22176,8
sniffing,22188,22176,22188,12
climbing,22243,22188,22243,55
sniffing,22244,22243,22244,1
climbing,22245,22244,22245,1
walking,22334,22245,22334,89
left_turning,22450,22334,22450,116
sniffing,22492,22450,22492,42
climbing,22558,22492,22558,66
rising,22597,22558,22597,39
climbing,22665,22597,22665,68
walking,22706,22665,22706,41
stepping,22759,22706,22759,53
left_turning,22766,22759,22766,7
sniffing,22767,22766,22767,1
climbing,22862,22767,22862,95
walking,22863,22862,22863,1
climbing,22900,22863,22900,37
rising,22989,22900,22989,89
sniffing,23018,22989,23018,29
left_turning,23105,23018,23105,87
trotting,23115,23105,23115,10
rising,23172,23115,23172,57
hunching,23173,23172,23173,1
grooming,23225,23173,23225,52
right_turning,23229,23225,23229,4
walking,23301,23229,23301,72
sniffing,23397,23301,23397,96
stepping,23449,23397,23449,52
left_turning,23486,23449,23486,37
sniffing,23498,23486,23498,12
walking,23600,23498,23600,102
right_turning,23603,23600,23603,3
rising,23639,23603,23639,36
sniffing,23917,23639,23917,278
climbing,23969,23917,23969,52
stepping,23998,23969,23998,29
sniffing,23999,23998,23999,1
right_turning,24040,23999,24040,41
left_turning,24041,24040,24041,1
sniffing,24063,24041,24063,22
rising,24102,24063,24102,39
sniffing,24275,24102,24275,173
left_turning,24315,24275,24315,40
walking,24385,24315,24385,70
climbing,24452,24385,24452,67
walking,24493,24452,24493,41
rising,24561,24493,24561,68
climbing,24664,24561,24664,103
rising,24715,24664,24715,51
sniffing,24753,24715,24753,38
rising,24754,24753,24754,1
climbing,24755,24754,24755,1
sniffing,24813,24755,24813,58
walking,24849,24813,24849,36
trotting,24876,24849,24876,27
sniffing,24918,24876,24918,42
stepping,24931,24918,24931,13
sniffing,24952,24931,24952,21
hunching,25009,24952,25009,57
sniffing,25033,25009,25033,24
rising,25184,25033,25184,151
climbing,25261,25184,25261,77
walking,25295,25261,25295,34
sniffing,25296,25295,25296,1
climbing,25332,25296,25332,36
hunching,25407,25332,25407,75
grooming,25871,25407,25871,464
rearing,25927,25871,25927,56
grooming,25928,25927,25928,1
rearing,25929,25928,25929,1
left_turning,25934,25929,25934,5
walking,25935,25934,25935,1
trotting,25990,25935,25990,55
rising,25991,25990,25991,1
rearing,25999,25991,25999,8
hunching,26030,25999,26030,31
sniffing,26106,26030,26106,76
walking,26108,26106,26108,2
sniffing,26283,26108,26283,175
trotting,26307,26283,26307,24
walking,26391,26307,26391,84
sniffing,26494,26391,26494,103
left_turning,26501,26494,26501,7
rising,26550,26501,26550,49
climbing,26578,26550,26578,28
running,26599,26578,26599,21
sniffing,26600,26599,26600,1
pausing,26673,26600,26673,73
sniffing,26831,26673,26831,158
rising,26850,26831,26850,19
walking,26914,26850,26914,64
sniffing,27010,26914,27010,96
rearing,27127,27010,27127,117
climbing,27257,27127,27257,130
trotting,27270,27257,27270,13
climbing,27342,27270,27342,72
right_turning,27343,27342,27343,1
walking,27384,27343,27384,41
stepping,27441,27384,27441,57
sniffing,27460,27441,27460,19
rising,27518,27460,27518,58
sniffing,27589,27518,27589,71
trotting,27664,27589,27664,75
hunching,27701,27664,27701,37
rearing,27765,27701,27765,64
sniffing,27808,27765,27808,43
trotting,27834,27808,27834,26
walking,27835,27834,27835,1
climbing,27836,27835,27836,1
hunching,27849,27836,27849,13
rising,27850,27849,27850,1
sniffing,27893,27850,27893,43
walking,27915,27893,27915,22
sniffing,28004,27915,28004,89
left_turning,28040,28004,28040,36
running,28102,28040,28102,62
rising,28168,28102,28168,66
hunching,28209,28168,28209,41
rising,28300,28209,28300,91
climbing,28393,28300,28393,93
trotting,28438,28393,28438,45
rising,28460,28438,28460,22
rearing,28511,28460,28511,51
left_turning,28541,28511,28541,30
climbing,28572,28541,28572,31
rising,28653,28572,28653,81
left_turning,28683,28653,28683,30
stepping,28716,28683,28716,33
walking,28717,28716,28717,1
sniffing,28807,28717,28807,90
pausing,28940,28807,28940,133
sniffing,29061,28940,29061,121
left_turning,29082,29061,29082,21
walking,29083,29082,29083,1
sniffing,29084,29083,29084,1
right_turning,29085,29084,29085,1
walking,29095,29085,29095,10
left_turning,29154,29095,29154,59
walking,29155,29154,29155,1
trotting,29188,29155,29188,33
jumping,29308,29188,29308,120
rearing,29372,29308,29372,64
rising,29376,29372,29376,4
sniffing,29515,29376,29515,139
rising,29533,29515,29533,18
walking,29573,29533,29573,40
rising,29613,29573,29613,40
climbing,29614,29613,29614,1
hunching,29615,29614,29615,1
climbing,29623,29615,29623,8
rising,29648,29623,29648,25
sniffing,29742,29648,29742,94
climbing,29933,29742,29933,191
rising,29951,29933,29951,18
sniffing,30097,29951,30097,146
left_turning,30121,30097,30121,24
stepping,30140,30121,30140,19
sniffing,30197,30140,30197,57
climbing,30281,30197,30281,84
running,30296,30281,30296,15
rising,30348,30296,30348,52
climbing,30402,30348,30402,54
sniffing,30403,30402,30403,1
walking,30491,30403,30491,88
climbing,30510,30491,30510,19
rearing,30574,30510,30574,64
climbing,30589,30574,30589,15
sniffing,30666,30589,30666,77
walking,30719,30666,30719,53
sniffing,30791,30719,30791,72
grooming,30865,30791,30865,74
sniffing,30993,30865,30993,128
walking,30994,30993,30994,1
trotting,31065,30994,31065,71
sniffing,31118,31065,31118,53
right_turning,31182,31118,31182,64
walking,31183,31182,31183,1
sniffing,31250,31183,31250,67
right_turning,31278,31250,31278,28
rising,31279,31278,31279,1
left_turning,31280,31279,31280,1
running,31316,31280,31316,36
sniffing,31355,31316,31355,39
walking,31407,31355,31407,52
trotting,31481,31407,31481,74
hunching,31510,31481,31510,29
right_turning,31512,31510,31512,2
walking,31566,31512,31566,54
rising,31567,31566,31567,1
climbing,31568,31567,31568,1
rising,31599,31568,31599,31
climbing,31612,31599,31612,13
sniffing,31613,31612,31613,1
walking,31673,31613,31673,60
rising,31771,31673,31771,98
trotting,31813,31771,31813,42
sniffing,31864,31813,31864,51
grooming,31927,31864,31927,63
rearing,31951,31927,31951,24
trotting,32009,31951,32009,58
sniffing,32043,32009,32043,34
walking,32067,32043,32067,24
sniffing,32068,32067,32068,1
left_turning,32090,32068,32090,22
running,32103,32090,32103,13
left_turning,32117,32103,32117,14
rising,32131,32117,32131,14
rearing,32148,32131,32148,17
sniffing,32256,32148,32256,108
stepping,32281,32256,32281,25
walking,32349,32281,32349,68
rising,32411,32349,32411,62
climbing,32477,32411,32477,66
right_turning,32513,32477,32513,36
trotting,32577,32513,32577,64
sniffing,32597,32577,32597,20
stepping,32641,32597,32641,44
right_turning,32652,32641,32652,11
stepping,32690,32652,32690,38
sniffing,32723,32690,32723,33
stepping,32774,32723,32774,51
walking,32798,32774,32798,24
climbing,32874,32798,32874,76
running,32904,32874,32904,30
trotting,32909,32904,32909,5
stepping,32942,32909,32942,33
sniffing,33010,32942,33010,68
stepping,33051,33010,33051,41
walking,33081,33051,33081,30
sniffing,33136,33081,33136,55
climbing,33245,33136,33245,109
rising,33246,33245,33246,1
rearing,33256,33246,33256,10
right_turning,33380,33256,33380,124
walking,33449,33380,33449,69
sniffing,33450,33449,33450,1
walking,33542,33450,33542,92
sniffing,33543,33542,33543,1
climbing,33616,33543,33616,73
trotting,33660,33616,33660,44
walking,33684,33660,33684,24
trotting,33702,33684,33702,18
walking,33712,33702,33712,10
left_turning,33740,33712,33740,28
running,33783,33740,33783,43
walking,33788,33783,33788,5
left_turning,33835,33788,33835,47
sniffing,33894,33835,33894,59
grooming,33959,33894,33959,65
left_turning,34001,33959,34001,42
sniffing,34002,34001,34002,1
walking,34003,34002,34003,1
rising,34031,34003,34031,28
walking,34043,34031,34043,12
sniffing,34044,34043,34044,1
rising,34048,34044,34048,4
climbing,34081,34048,34081,33
running,34126,34081,34126,45
rising,34144,34126,34144,18
climbing,34165,34144,34165,21
rising,34221,34165,34221,56
climbing,34283,34221,34283,62
sniffing,34394,34283,34394,111
left_turning,34395,34394,34395,1
sniffing,34476,34395,34476,81
rising,34485,34476,34485,9
sniffing,34486,34485,34486,1
walking,34511,34486,34511,25
sniffing,34512,34511,34512,1
right_turning,34556,34512,34556,44
sniffing,34647,34556,34647,91
running,34693,34647,34693,46
walking,34723,34693,34723,30
rising,34791,34723,34791,68
grooming,34819,34791,34819,28
sniffing,34931,34819,34931,112
climbing,35129,34931,35129,198
rearing,35187,35129,35187,58
sniffing,35258,35187,35258,71
walking,35263,35258,35263,5
climbing,35304,35263,35304,41
sniffing,35393,35304,35393,89
trotting,35441,35393,35441,48
walking,35489,35441,35489,48
sniffing,35490,35489,35490,1
right_turning,35559,35490,35559,69
sniffing,35571,35559,35571,12
rising,35634,35571,35634,63
walking,35742,35634,35742,108
left_turning,35767,35742,35767,25
sniffing,35768,35767,35768,1
left_turning,35776,35768,35776,8
walking,35807,35776,35807,31
stepping,35858,35807,35858,51
left_turning,35899,35858,35899,41
stepping,35912,35899,35912,13
sniffing,35948,35912,35948,36
walking,35951,35948,35951,3
left_turning,35986,35951,35986,35
walking,36078,35986,36078,92
climbing,36102,36078,36102,24
sniffing,36167,36102,36167,65
rising,36256,36167,36256,89
rearing,36270,36256,36270,14
rising,36314,36270,36314,44
rearing,36328,36314,36328,14
sniffing,36441,36328,36441,113
stepping,36469,36441,36469,28
trotting,36483,36469,36483,14
walking,36493,36483,36493,10
stepping,36498,36493,36498,5
climbing,36529,36498,36529,31
right_turning,36552,36529,36552,23
trotting,36602,36552,36602,50
sniffing,36603,36602,36603,1
grooming,36698,36603,36698,95
sniffing,36859,36698,36859,161
left_turning,36871,36859,36871,12
walking,36888,36871,36888,17
climbing,36990,36888,36990,102
running,37012,36990,37012,22
walking,37060,37012,37060,48
rising,37128,37060,37128,68
climbing,37186,37128,37186,58
walking,37206,37186,37206,20
rearing,37285,37206,37285,79
rising,37292,37285,37292,7
sniffing,37464,37292,37464,172
right_turning,37479,37464,37479,15
trotting,37519,37479,37519,40
walking,37531,37519,37531,12
trotting,37564,37531,37564,33
sniffing,37613,37564,37613,49
walking,37614,37613,37614,1
sniffing,37742,37614,37742,128
rearing,37743,37742,37743,1
jumping,37744,37743,37744,1
trotting,37745,37744,37745,1
sniffing,37754,37745,37754,9
left_turning,37763,37754,37763,9
sniffing,37906,37763,37906,143
climbing,37935,37906,37935,29
grooming,38261,37935,38261,326
stepping,38328,38261,38328,67
rising,38361,38328,38361,33
climbing,38421,38361,38421,60
walking,38485,38421,38485,64
rearing,38515,38485,38515,30
climbing,38584,38515,38584,69
rearing,38616,38584,38616,32
grooming,38678,38616,38678,62
running,38679,38678,38679,1
walking,38813,38679,38813,134
right_turning,38864,38813,38864,51
trotting,38865,38864,38865,1
climbing,38921,38865,38921,56
left_turning,39010,38921,39010,89
walking,39027,39010,39027,17
sniffing,39319,39027,39319,292
rising,39366,39319,39366,47
walking,39387,39366,39387,21
right_turning,39395,39387,39395,8
walking,39510,39395,39510,115
sniffing,39622,39510,39622,112
left_turning,39630,39622,39630,8
sniffing,39800,39630,39800,170
rearing,39862,39800,39862,62
sniffing,39875,39862,39875,13
climbing,39915,39875,39915,40
walking,39951,39915,39951,36
rearing,40077,39951,40077,126
rising,40139,40077,40139,62
sniffing,40261,40139,40261,122
rising,40262,40261,40262,1
climbing,40263,40262,40263,1
stepping,40290,40263,40290,27
left_turning,40334,40290,40334,44
walking,40339,40334,40339,5
climbing,40413,40339,40413,74
walking,40539,40413,40539,126
sniffing,40660,40539,40660,121
climbing,40661,40660,40661,1
right_turning,40673,40661,40673,12
rising,40825,40673,40825,152
climbing,40826,40825,40826,1
rising,40855,40826,40855,29
sniffing,40890,40855,40890,35
left_turning,40940,40890,40940,50
sniffing,41007,40940,41007,67
right_turning,41024,41007,41024,17
trotting,41059,41024,41059,35
walking,41193,41059,41193,134
climbing,41278,41193,41278,85
walking,41292,41278,41292,14
climbing,41300,41292,41300,8
grooming,41392,41300,41392,92
left_turning,41465,41392,41465,73
walking,41526,41465,41526,61
sniffing,41527,41526,41527,1
walking,41613,41527,41613,86
sniffing,41761,41613,41761,148
rising,41810,41761,41810,49
rearing,41843,41810,41843,33
rising,41844,41843,41844,1
rearing,41845,41844,41845,1
left_turning,41890,41845,41890,45
sniffing,41960,41890,41960,70
walking,41980,41960,41980,20
rising,42016,41980,42016,36
stepping,42022,42016,42022,6
sniffing,42212,42022,42212,190
rising,42213,42212,42213,1
sniffing,42248,42213,42248,35
grooming,42320,42248,42320,72
sniffing,42413,42320,42413,93
rising,42448,42413,42448,35
running,42467,42448,42467,19
walking,42473,42467,42473,6
rising,42525,42473,42525,52
climbing,42527,42525,42527,2
left_turning,42580,42527,42580,53
rising,42659,42580,42659,79
right_turning,42665,42659,42665,6
left_turning,42703,42665,42703,38
sniffing,42706,42703,42706,3
stepping,42731,42706,42731,25
sniffing,42732,42731,42732,1
climbing,42740,42732,42740,8
running,42757,42740,42757,17
walking,42837,42757,42837,80
left_turning,42909,42837,42909,72
trotting,42927,42909,42927,18
left_turning,42979,42927,42979,52
walking,43013,42979,43013,34
sniffing,43125,43013,43125,112
climbing,43184,43125,43184,59
rising,43206,43184,43206,22
climbing,43244,43206,43244,38
trotting,43245,43244,43245,1
walking,43315,43245,43315,70
sniffing,43316,43315,43316,1
walking,43335,43316,43335,19
sniffing,43418,43335,43418,83
left_turning,43466,43418,43466,48
sniffing,43518,43466,43518,52
right_turning,43552,43518,43552,34
sniffing,43603,43552,43603,51
left_turning,43604,43603,43604,1
walking,43715,43604,43715,111
sniffing,43716,43715,43716,1
left_turning,43728,43716,43728,12
sniffing,43867,43728,43867,139
rising,43868,43867,43868,1
right_turning,43871,43868,43871,3
sniffing,43872,43871,43872,1
stepping,43876,43872,43876,4
sniffing,43947,43876,43947,71
walking,44033,43947,44033,86
trotting,44045,44033,44045,12
stepping,44047,44045,44047,2
sniffing,44081,44047,44081,34
rising,44082,44081,44082,1
sniffing,44083,44082,44083,1
rising,44113,44083,44113,30
rearing,44166,44113,44166,53
rising,44198,44166,44198,32
left_turning,44248,44198,44248,50
sniffing,44281,44248,44281,33
rising,44413,44281,44413,132
climbing,44503,44413,44503,90
walking,44577,44503,44577,74
sniffing,44644,44577,44644,67
rising,44703,44644,44703,59
climbing,44709,44703,44709,6
right_turning,44723,44709,44723,14
running,44748,44723,44748,25
sniffing,44793,44748,44793,45
walking,44842,44793,44842,49
rising,44868,44842,44868,26
sniffing,44869,44868,44869,1
walking,44889,44869,44889,20
climbing,44918,44889,44918,29
left_turning,44930,44918,44930,12
walking,44939,44930,44939,9
climbing,44976,44939,44976,37
rearing,45056,44976,45056,80
sniffing,45178,45056,45178,122
left_turning,45233,45178,45233,55
sniffing,45234,45233,45234,1
trotting,45253,45234,45253,19
stepping,45280,45253,45280,27
walking,45388,45280,45388,108
sniffing,45437,45388,45437,49
left_turning,45495,45437,45495,58
walking,45496,45495,45496,1
sniffing,45595,45496,45595,99
left_turning,45622,45595,45622,27
sniffing,45702,45622,45702,80
rising,45783,45702,45783,81
walking,45797,45783,45797,14
rising,45802,45797,45802,5
sniffing,45853,45802,45853,51
climbing,45901,45853,45901,48
rearing,45902,45901,45902,1
sniffing,45903,45902,45903,1
running,45932,45903,45932,29
walking,45979,45932,45979,47
rising,45988,45979,45988,9
walking,46038,45988,46038,50
climbing,46121,46038,46121,83
rising,46182,46121,46182,61
trotting,46208,46182,46208,26
sniffing,46210,46208,46210,2
climbing,46256,46210,46256,46
left_turning,46272,46256,46272,16
sniffing,46273,46272,46273,1
stepping,46294,46273,46294,21
right_turning,46317,46294,46317,23
walking,46353,46317,46353,36
climbing,46545,46353,46545,192
rearing,46613,46545,46613,68
sniffing,46674,46613,46674,61
rising,46675,46674,46675,1
sniffing,46704,46675,46704,29
hunching,46763,46704,46763,59
climbing,46781,46763,46781,18
walking,46816,46781,46816,35
hunching,46892,46816,46892,76
grooming,46939,46892,46939,47
left_turning,46950,46939,46950,11
walking,47008,46950,47008,58
rising,47032,47008,47032,24
sniffing,47083,47032,47083,51
trotting,47111,47083,47111,28
sniffing,47189,47111,47189,78
climbing,47219,47189,47219,30
sniffing,47220,47219,47220,1
left_turning,47221,47220,47221,1
sniffing,47222,47221,47222,1
walking,47223,47222,47223,1
sniffing,47305,47223,47305,82
left_turning,47315,47305,47315,10
running,47318,47315,47318,3
left_turning,47338,47318,47338,20
sniffing,47339,47338,47339,1
rising,47365,47339,47365,26
climbing,47400,47365,47400,35
grooming,47766,47400,47766,366
sniffing,47767,47766,47767,1
pausing,47852,47767,47852,85
sniffing,47853,47852,47853,1
climbing,47864,47853,47864,11
trotting,47879,47864,47879,15
rising,47880,47879,47880,1
climbing,47961,47880,47961,81
rearing,48036,47961,48036,75
sniffing,48071,48036,48071,35
climbing,48076,48071,48076,5
running,48084,48076,48084,8
walking,48146,48084,48146,62
left_turning,48216,48146,48216,70
sniffing,48217,48216,48217,1
rearing,48218,48217,48218,1
rising,48246,48218,48246,28
climbing,48332,48246,48332,86
sniffing,48409,48332,48409,77
climbing,48435,48409,48435,26
sniffing,48551,48435,48551,116
right_turning,48552,48551,48552,1
sniffing,48553,48552,48553,1
right_turning,48590,48553,48590,37
walking,48641,48590,48641,51
sniffing,48703,48641,48703,62
left_turning,48729,48703,48729,26
walking,48735,48729,48735,6
climbing,48788,48735,48788,53
walking,48850,48788,48850,62
climbing,48905,48850,48905,55
left_turning,48962,48905,48962,57
rising,49017,48962,49017,55
climbing,49039,49017,49039,22
rising,49057,49039,49057,18
grooming,49115,49057,49115,58
rearing,49182,49115,49182,67
sniffing,49284,49182,49284,102
rising,49327,49284,49327,43
sniffing,49358,49327,49358,31
stepping,49388,49358,49388,30
left_turning,49394,49388,49394,6
sniffing,49454,49394,49454,60
right_turning,49498,49454,49498,44
walking,49540,49498,49540,42
sniffing,49592,49540,49592,52
running,49623,49592,49623,31
walking,49640,49623,49640,17
trotting,49673,49640,49673,33
walking,49701,49673,49701,28
running,49743,49701,49743,42
left_turning,49770,49743,49770,27
sniffing,49902,49770,49902,132
rising,49975,49902,49975,73
left_turning,50010,49975,50010,35
rising,50085,50010,50085,75
climbing,50165,50085,50165,80
left_turning,50168,50165,50168,3
walking,50173,50168,50173,5
sniffing,50174,50173,50174,1
rising,50208,50174,50208,34
hunching,50261,50208,50261,53
right_turning,50338,50261,50338,77
trotting,50385,50338,50385,47
walking,50430,50385,50430,45
sniffing,50523,50430,50523,93
rising,50555,50523,50555,32
hunching,50613,50555,50613,58
climbing,50614,50613,50614,1
rising,50618,50614,50618,4
rearing,50654,50618,50654,36
sniffing,50805,50654,50805,151
left_turning,50806,50805,50806,1
sniffing,50999,50806,50999,193
climbing,51016,50999,51016,17
sniffing,51028,51016,51028,12
trotting,51077,51028,51077,49
walking,51170,51077,51170,93
sniffing,51294,51170,51294,124
pausing,51360,51294,51360,66
sniffing,51399,51360,51399,39
walking,51440,51399,51440,41
sniffing,51493,51440,51493,53
right_turning,51517,51493,51517,24
trotting,51570,51517,51570,53
left_turning,51592,51570,51592,22
walking,51639,51592,51639,47
left_turning,51703,51639,51703,64
walking,51758,51703,51758,55
climbing,51816,51758,51816,58
sniffing,51904,51816,51904,88
grooming,52066,51904,52066,162
sniffing,52111,52066,52111,45
climbing,52147,52111,52147,36
right_turning,52169,52147,52169,22
sniffing,52252,52169,52252,83
rearing,52311,52252,52311,59
rising,52366,52311,52366,55
grooming,52916,52366,52916,550
rearing,52967,52916,52967,51
sniffing,53050,52967,53050,83
hunching,53240,53050,53240,190
climbing,53307,53240,53307,67
right_turning,53324,53307,53324,17
trotting,53365,53324,53365,41
rising,53383,53365,53383,18
sniffing,53521,53383,53521,138
walking,53533,53521,53533,12
sniffing,53572,53533,53572,39
rising,53573,53572,53573,1
walking,53604,53573,53604,31
sniffing,53856,53604,53856,252
climbing,53979,53856,53979,123
rearing,53980,53979,53980,1
sniffing,54035,53980,54035,55
left_turning,54036,54035,54036,1
sniffing,54037,54036,54037,1
trotting,54060,54037,54060,23
walking,54152,54060,54152,92
sniffing,54245,54152,54245,93
rising,54287,54245,54287,42
rearing,54311,54287,54311,24
grooming,54512,54311,54512,201
right_turning,54513,54512,54513,1
walking,54555,54513,54555,42
sniffing,54673,54555,54673,118
rising,54674,54673,54674,1
hunching,54685,54674,54685,11
grooming,54686,54685,54686,1
climbing,54724,54686,54724,38
rising,54755,54724,54755,31
sniffing,54874,54755,54874,119
rising,54896,54874,54896,22
climbing,54940,54896,54940,44
rearing,54941,54940,54941,1
stepping,54998,54941,54998,57
climbing,55080,54998,55080,82
grooming,55088,55080,55088,8
rearing,55148,55088,55148,60
grooming,55182,55148,55182,34
sniffing,55357,55182,55357,175
stepping,55423,55357,55423,66
sniffing,55506,55423,55506,83
walking,55615,55506,55615,109
sniffing,55708,55615,55708,93
climbing,55804,55708,55804,96
walking,55819,55804,55819,15
stepping,55871,55819,55871,52
rising,55943,55871,55943,72
climbing,55995,55943,55995,52
hunching,56002,55995,56002,7
climbing,56012,56002,56012,10
left_turning,56030,56012,56030,18
running,56061,56030,56061,31
sniffing,56076,56061,56076,15
trotting,56122,56076,56122,46
climbing,56134,56122,56134,12
walking,56146,56134,56146,12
rearing,56169,56146,56169,23
rising,56170,56169,56170,1
rearing,56231,56170,56231,61
sniffing,56379,56231,56379,148
climbing,56466,56379,56466,87
sniffing,56519,56466,56519,53
rearing,56521,56519,56521,2
rising,56584,56521,56584,63
left_turning,56617,56584,56617,33
climbing,56653,56617,56653,36
sniffing,56656,56653,56656,3
rearing,56658,56656,56658,2
grooming,56659,56658,56659,1
hunching,56709,56659,56709,50
sniffing,56786,56709,56786,77
rearing,56835,56786,56835,49
left_turning,56854,56835,56854,19
walking,56879,56854,56879,25
stepping,56930,56879,56930,51
rising,56944,56930,56944,14
climbing,56994,56944,56994,50
sniffing,57100,56994,57100,106
rising,57161,57100,57161,61
jumping,57307,57161,57307,146
trotting,57340,57307,57340,33
sniffing,57485,57340,57485,145
right_turning,57486,57485,57486,1
walking,57537,57486,57537,51
stepping,57610,57537,57610,73
sniffing,57636,57610,57636,26
rising,57637,57636,57637,1
sniffing,57655,57637,57655,18
walking,57707,57655,57707,52
trotting,57762,57707,57762,55
left_turning,57812,57762,57812,50
running,57842,57812,57842,30
left_turning,57904,57842,57904,62
sniffing,57948,57904,57948,44
climbing,57966,57948,57966,18
rising,57995,57966,57995,29
climbing,58086,57995,58086,91
rising,58168,58086,58168,82
walking,58214,58168,58214,46
sniffing,58254,58214,58254,40
rising,58255,58254,58255,1
sniffing,58359,58255,58359,104
rising,58468,58359,58468,109
sniffing,58530,58468,58530,62
rising,58552,58530,58552,22
climbing,58588,58552,58588,36
rising,58595,58588,58595,7
rearing,58629,58595,58629,34
grooming,58630,58629,58630,1
rearing,58649,58630,58649,19
rising,58698,58649,58698,49
stepping,58713,58698,58713,15
walking,58794,58713,58794,81
stepping,58847,58794,58847,53
left_turning,58870,58847,58870,23
sniffing,58929,58870,58929,59
rising,58976,58929,58976,47
sniffing,59266,58976,59266,290
rising,59307,59266,59307,41
climbing,59387,59307,59387,80
grooming,59727,59387,59727,340
sniffing,59800,59727,59800,73
rising,59804,59800,59804,4
hunching,59805,59804,59805,1
right_turning,59847,59805,59847,42
running,59866,59847,59866,19
sniffing,59944,59866,59944,78
rising,59945,59944,59945,1
walking,59995,59945,59995,50
running,60043,59995,60043,48
stepping,60074,60043,60074,31
right_turning,60162,60074,60162,88
walking,60215,60162,60215,53
rising,60271,60215,60271,56
climbing,60285,60271,60285,14
walking,60369,60285,60369,84
sniffing,60433,60369,60433,64
rising,60476,60433,60476,43
sniffing,60477,60476,60477,1
rearing,60569,60477,60569,92
climbing,60636,60569,60636,67
rising,60637,60636,60637,1
running,60680,60637,60680,43
rising,60716,60680,60716,36
walking,60799,60716,60799,83
rising,60800,60799,60800,1
rearing,60831,60800,60831,31
climbing,60894,60831,60894,63
sniffing,61120,60894,61120,226
left_turning,61183,61120,61183,63
walking,61284,61183,61284,101
sniffing,61326,61284,61326,42
rising,61336,61326,61336,10
rearing,61427,61336,61427,91
walking,61489,61427,61489,62
climbing,61684,61489,61684,195
right_turning,61685,61684,61685,1
trotting,61707,61685,61707,22
sniffing,61845,61707,61845,138
rising,61860,61845,61860,15
sniffing,61905,61860,61905,45
rising,61916,61905,61916,11
stepping,61956,61916,61956,40
sniffing,61957,61956,61957,1
rising,61983,61957,61983,26
sniffing,62054,61983,62054,71
walking,62137,62054,62137,83
climbing,62138,62137,62138,1
walking,62197,62138,62197,59
trotting,62199,62197,62199,2
sniffing,62406,62199,62406,207
rising,62502,62406,62502,96
climbing,62552,62502,62552,50
rearing,62693,62552,62693,141
climbing,62704,62693,62704,11
rearing,62705,62704,62705,1
climbing,62763,62705,62763,58
trotting,62835,62763,62835,72
sniffing,62836,62835,62836,1
climbing,62920,62836,62920,84
running,62947,62920,62947,27
walking,62979,62947,62979,32
sniffing,63038,62979,63038,59
left_turning,63053,63038,63053,15
trotting,63088,63053,63088,35
rising,63099,63088,63099,11
rearing,63168,63099,63168,69
hunching,63198,63168,63198,30
grooming,63410,63198,63410,212
sniffing,63411,63410,63411,1
climbing,63444,63411,63444,33
grooming,63465,63444,63465,21
sniffing,63467,63465,63467,2
rising,63489,63467,63489,22
climbing,63806,63489,63806,317
rising,63807,63806,63807,1
climbing,63864,63807,63864,57
rising,63865,63864,63865,1
grooming,64015,63865,64015,150
sniffing,64078,64015,64078,63
left_turning,64113,64078,64113,35
sniffing,64114,64113,64114,1
climbing,64193,64114,64193,79
rearing,64229,64193,64229,36
climbing,64378,64229,64378,149
rearing,64379,64378,64379,1
sniffing,64392,64379,64392,13
walking,64431,64392,64431,39
sniffing,64441,64431,64441,10
left_turning,64459,64441,64459,18
trotting,64491,64459,64491,32
sniffing,64568,64491,64568,77
right_turning,64591,64568,64591,23
trotting,64604,64591,64604,13
sniffing,64615,64604,64615,11
walking,64719,64615,64719,104
rising,64804,64719,64804,85
climbing,64918,64804,64918,114
rising,64964,64918,64964,46
sniffing,65015,64964,65015,51
climbing,65072,65015,65072,57
rising,65129,65072,65129,57
climbing,65211,65129,65211,82
rearing,65254,65211,65254,43
grooming,65661,65254,65661,407
sniffing,65662,65661,65662,1
left_turning,65677,65662,65677,15
trotting,65681,65677,65681,4
sniffing,65786,65681,65786,105
walking,65788,65786,65788,2
rearing,65825,65788,65825,37
rising,65839,65825,65839,14
climbing,65859,65839,65859,20
rising,65860,65859,65860,1
stepping,65875,65860,65875,15
sniffing,65876,65875,65876,1
walking,65945,65876,65945,69
climbing,66001,65945,66001,56
sniffing,66107,66001,66107,106
rearing,66131,66107,66131,24
sniffing,66199,66131,66199,68
rearing,66385,66199,66385,186
climbing,66411,66385,66411,26
right_turning,66427,66411,66427,16
sniffing,66428,66427,66428,1
rearing,66496,66428,66496,68
walking,66525,66496,66525,29
rising,66551,66525,66551,26
walking,66586,66551,66586,35
sniffing,66655,66586,66655,69
rising,66725,66655,66725,70
climbing,66726,66725,66726,1
rearing,66739,66726,66739,13
sniffing,66868,66739,66868,129
walking,66917,66868,66917,49
left_turning,66952,66917,66952,35
walking,66984,66952,66984,32
rising,66985,66984,66985,1
climbing,67015,66985,67015,30
sniffing,67033,67015,67033,18
hunching,67090,67033,67090,57
rearing,67098,67090,67098,8
rising,67137,67098,67137,39
walking,67188,67137,67188,51
sniffing,67189,67188,67189,1
climbing,67354,67189,67354,165
rearing,67471,67354,67471,117
climbing,67514,67471,67514,43
rising,67568,67514,67568,54
climbing,67602,67568,67602,34
grooming,67603,67602,67603,1
sniffing,67662,67603,67662,59
left_turning,67679,67662,67679,17
running,67702,67679,67702,23
walking,67720,67702,67720,18
sniffing,67782,67720,67782,62
climbing,67848,67782,67848,66
trotting,67910,67848,67910,62
sniffing,68118,67910,68118,208
rising,68157,68118,68157,39
right_turning,68168,68157,68168,11
trotting,68222,68168,68222,54
walking,68290,68222,68290,68
sniffing,68389,68290,68389,99
stepping,68390,68389,68390,1
sniffing,68491,68390,68491,101
left_turning,68517,68491,68517,26
walking,68529,68517,68529,12
sniffing,68566,68529,68566,37
left_turning,68593,68566,68593,27
trotting,68618,68593,68618,25
left_turning,68652,68618,68652,34
rising,68686,68652,68686,34
climbing,68747,68686,68747,61
hunching,68827,68747,68827,80
grooming,68856,68827,68856,29
rearing,68861,68856,68861,5
running,68895,68861,68895,34
sniffing,68924,68895,68924,29
rising,68941,68924,68941,17
right_turning,68987,68941,68987,46
sniffing,69017,68987,69017,30
walking,69018,69017,69018,1
sniffing,69044,69018,69044,26
rising,69079,69044,69079,35
sniffing,69133,69079,69133,54
walking,69147,69133,69147,14
sniffing,69376,69147,69376,229
trotting,69453,69376,69453,77
sniffing,69763,69453,69763,310
rising,69764,69763,69764,1
climbing,69868,69764,69868,104
sniffing,69869,69868,69869,1
right_turning,69907,69869,69907,38
running,69912,69907,69912,5
sniffing,69968,69912,69968,56
climbing,69969,69968,69969,1
sniffing,70034,69969,70034,65
left_turning,70052,70034,70052,18
sniffing,70156,70052,70156,104
left_turning,70179,70156,70179,23
sniffing,70297,70179,70297,118
running,70318,70297,70318,21
trotting,70362,70318,70362,44
sniffing,70374,70362,70374,12
rising,70424,70374,70424,50
walking,70441,70424,70441,17
right_turning,70459,70441,70459,18
walking,70461,70459,70461,2
sniffing,70582,70461,70582,121
rearing,70583,70582,70583,1
rising,70600,70583,70600,17
climbing,70812,70600,70812,212
rearing,70865,70812,70865,53
stepping,70893,70865,70893,28
left_turning,70904,70893,70904,11
sniffing,70987,70904,70987,83
left_turning,71048,70987,71048,61
sniffing,71110,71048,71110,62
rising,71150,71110,71150,40
climbing,71231,71150,71231,81
rearing,71259,71231,71259,28
rising,71294,71259,71294,35
climbing,71373,71294,71373,79
walking,71434,71373,71434,61
hunching,71553,71434,71553,119
sniffing,71649,71553,71649,96
running,71708,71649,71708,59
sniffing,71709,71708,71709,1
rearing,71757,71709,71757,48
walking,71816,71757,71816,59
stepping,71817,71816,71817,1
sniffing,71911,71817,71911,94
walking,71981,71911,71981,70
climbing,72088,71981,72088,107
grooming,72089,72088,72089,1
sniffing,72090,72089,72090,1
walking,72201,72090,72201,111
sniffing,72202,72201,72202,1
stepping,72240,72202,72240,38
sniffing,72241,72240,72241,1
left_turning,72284,72241,72284,43
walking,72306,72284,72306,22
left_turning,72363,72306,72363,57
trotting,72416,72363,72416,53
walking,72456,72416,72456,40
sniffing,72552,72456,72552,96
left_turning,72553,72552,72553,1
trotting,72554,72553,72554,1
walking,72597,72554,72597,43
sniffing,72619,72597,72619,22
walking,72645,72619,72645,26
sniffing,72985,72645,72985,340
grooming,73373,72985,73373,388
sniffing,73470,73373,73470,97
rising,73488,73470,73488,18
sniffing,73575,73488,73575,87
grooming,73576,73575,73576,1
right_turning,73592,73576,73592,16
walking,73600,73592,73600,8
sniffing,73611,73600,73611,11
trotting,73624,73611,73624,13
walking,73636,73624,73636,12
stepping,73683,73636,73683,47
sniffing,73684,73683,73684,1
rising,73689,73684,73689,5
trotting,73720,73689,73720,31
climbing,73814,73720,73814,94
sniffing,74055,73814,74055,241
left_turning,74070,74055,74070,15
rising,74107,74070,74107,37
sniffing,74108,74107,74108,1
rising,74186,74108,74186,78
sniffing,74225,74186,74225,39
rising,74274,74225,74274,49
hunching,74275,74274,74275,1
sniffing,74276,74275,74276,1
rearing,74362,74276,74362,86
sniffing,74439,74362,74439,77
walking,74464,74439,74464,25
sniffing,74465,74464,74465,1
walking,74536,74465,74536,71
sniffing,74537,74536,74537,1
rising,74601,74537,74601,64
sniffing,74632,74601,74632,31
left_turning,74644,74632,74644,12
sniffing,74756,74644,74756,112
rising,74757,74756,74757,1
sniffing,74791,74757,74791,34
climbing,74877,74791,74877,86
right_turning,74904,74877,74904,27
sniffing,74905,74904,74905,1
rising,74906,74905,74906,1
sniffing,75037,74906,75037,131
climbing,75059,75037,75059,22
left_turning,75065,75059,75065,6
running,75101,75065,75101,36
sniffing,75275,75101,75275,174
walking,75349,75275,75349,74
stepping,75414,75349,75414,65
left_turning,75431,75414,75431,17
walking,75453,75431,75453,22
sniffing,75470,75453,75470,17
left_turning,75471,75470,75471,1
sniffing,75605,75471,75605,134
grooming,76019,75605,76019,414
rearing,76145,76019,76145,126
left_turning,76191,76145,76191,46
rising,76227,76191,76227,36
climbing,76332,76227,76332,105
jumping,76368,76332,76368,36
rearing,76369,76368,76369,1
left_turning,76396,76369,76396,27
walking,76435,76396,76435,39
trotting,76438,76435,76438,3
rising,76462,76438,76462,24
climbing,76612,76462,76612,150
sniffing,76692,76612,76692,80
left_turning,76709,76692,76709,17
walking,76710,76709,76710,1
rising,76754,76710,76754,44
climbing,76860,76754,76860,106
rising,76861,76860,76861,1
walking,76896,76861,76896,35
sniffing,76900,76896,76900,4
left_turning,76976,76900,76976,76
walking,76977,76976,76977,1
sniffing,77051,76977,77051,74
stepping,77128,77051,77128,77
sniffing,77129,77128,77129,1
left_turning,77170,77129,77170,41
sniffing,77184,77170,77184,14
left_turning,77219,77184,77219,35
sniffing,77322,77219,77322,103
left_turning,77386,77322,77386,64
walking,77437,77386,77437,51
left_turning,77500,77437,77500,63
running,77502,77500,77502,2
sniffing,77514,77502,77514,12
left_turning,77564,77514,77564,50
rising,77586,77564,77586,22
climbing,77587,77586,77587,1
rising,77611,77587,77611,24
climbing,77729,77611,77729,118
left_turning,77758,77729,77758,29
trotting,77786,77758,77786,28
sniffing,77787,77786,77787,1
grooming,77893,77787,77893,106
sniffing,78074,77893,78074,181
left_turning,78091,78074,78091,17
walking,78092,78091,78092,1
sniffing,78238,78092,78238,146
climbing,78308,78238,78308,70
sniffing,78390,78308,78390,82
rising,78499,78390,78499,109
climbing,78566,78499,78566,67
grooming,78567,78566,78567,1
pausing,78764,78567,78764,197
sniffing,78766,78764,78766,2
running,78794,78766,78794,28
sniffing,78810,78794,78810,16
left_turning,78811,78810,78811,1
rising,78901,78811,78901,90
sniffing,78962,78901,78962,61
rearing,78963,78962,78963,1
sniffing,78964,78963,78964,1
climbing,79031,78964,79031,67
sniffing,79074,79031,79074,43
right_turning,79100,79074,79100,26
walking,79107,79100,79107,7
stepping,79147,79107,79147,40
walking,79148,79147,79148,1
climbing,79219,79148,79219,71
sniffing,79220,79219,79220,1
rising,79318,79220,79318,98
walking,79357,79318,79357,39
sniffing,79441,79357,79441,84
pausing,79547,79441,79547,106
sniffing,79549,79547,79549,2
walking,79593,79549,79593,44
trotting,79644,79593,79644,51
walking,79669,79644,79669,25
sniffing,79670,79669,79670,1
rising,79683,79670,79683,13
walking,79728,79683,79728,45
sniffing,79931,79728,79931,203
rising,79953,79931,79953,22
sniffing,80078,79953,80078,125
left_turning,80158,80078,80158,80
sniffing,80356,80158,80356,198
rising,80357,80356,80357,1
climbing,80462,80357,80462,105
sniffing,80574,80462,80574,112
left_turning,80591,80574,80591,17
sniffing,80771,80591,80771,180
rising,80796,80771,80796,25
climbing,80850,80796,80850,54
sniffing,80938,80850,80938,88
rising,80941,80938,80941,3
rearing,80999,80941,80999,58
rising,81000,80999,81000,1
hunching,81113,81000,81113,113
walking,81114,81113,81114,1
sniffing,81168,81114,81168,54
rising,81186,81168,81186,18
climbing,81223,81186,81223,37
rising,81233,81223,81233,10
sniffing,81422,81233,81422,189
left_turning,81465,81422,81465,43
walking,81502,81465,81502,37
running,81521,81502,81521,19
sniffing,81589,81521,81589,68
climbing,81674,81589,81674,85
running,81725,81674,81725,51
rising,81854,81725,81854,129
hunching,81860,81854,81860,6
walking,81861,81860,81861,1
rising,81939,81861,81939,78
sniffing,82022,81939,82022,83
stepping,82087,82022,82087,65
trotting,82126,82087,82126,39
grooming,82338,82126,82338,212
sniffing,82467,82338,82467,129
walking,82524,82467,82524,57
rising,82578,82524,82578,54
grooming,82690,82578,82690,112
sniffing,82809,82690,82809,119
left_turning,82836,82809,82836,27
sniffing,82837,82836,82837,1
trotting,82862,82837,82862,25
climbing,82967,82862,82967,105
walking,82968,82967,82968,1
sniffing,82969,82968,82969,1
rising,82977,82969,82977,8
walking,83065,82977,83065,88
sniffing,83108,83065,83108,43
pausing,83109,83108,83109,1
sniffing,83110,83109,83110,1
left_turning,83117,83110,83117,7
sniffing,83187,83117,83187,70
left_turning,83205,83187,83205,18
walking,83229,83205,83229,24
rising,83235,83229,83235,6
climbing,83288,83235,83288,53
sniffing,83338,83288,83338,50
right_turning,83382,83338,83382,44
walking,83429,83382,83429,47
sniffing,83438,83429,83438,9
left_turning,83484,83438,83484,46
trotting,83550,83484,83550,66
walking,83635,83550,83635,85
trotting,83669,83635,83669,34
sniffing,83717,83669,83717,48
walking,83748,83717,83748,31
trotting,83806,83748,83806,58
sniffing,83945,83806,83945,139
rising,83964,83945,83964,19
climbing,84056,83964,84056,92
sniffing,84126,84056,84126,70
left_turning,84138,84126,84138,12
running,84139,84138,84139,1
trotting,84142,84139,84142,3
left_turning,84191,84142,84191,49
stepping,84239,84191,84239,48
sniffing,84271,84239,84271,32
rearing,84316,84271,84316,45
rising,84344,84316,84344,28
sniffing,84439,84344,84439,95
walking,84478,84439,84478,39
rising,84498,84478,84498,20
rearing,84527,84498,84527,29
rising,84554,84527,84554,27
sniffing,84620,84554,84620,66
left_turning,84653,84620,84653,33
walking,84690,84653,84690,37
stepping,84744,84690,84744,54
left_turning,84745,84744,84745,1
sniffing,84829,84745,84829,84
walking,84916,84829,84916,87
climbing,85104,84916,85104,188
right_turning,85158,85104,85158,54
climbing,85310,85158,85310,152
sniffing,85319,85310,85319,9
hunching,85435,85319,85435,116
rising,85538,85435,85538,103
rearing,85578,85538,85578,40
sniffing,85579,85578,85579,1
left_turning,85655,85579,85655,76
sniffing,85755,85655,85755,100
rising,85761,85755,85761,6
rearing,85816,85761,85816,55
sniffing,85820,85816,85820,4
walking,85821,85820,85821,1
sniffing,85903,85821,85903,82
rising,85904,85903,85904,1
grooming,85905,85904,85905,1
hunching,85906,85905,85906,1
rising,85972,85906,85972,66
sniffing,86044,85972,86044,72
rising,86045,86044,86045,1
sniffing,86089,86045,86089,44
walking,86119,86089,86119,30
climbing,86120,86119,86120,1
sniffing,86167,86120,86167,47
rearing,86241,86167,86241,74
sniffing,86242,86241,86242,1
grooming,86708,86242,86708,466
rising,86731,86708,86731,23
left_turning,86732,86731,86732,1
sniffing,86733,86732,86733,1
right_turning,86773,86733,86773,40
trotting,86774,86773,86774,1
stepping,86784,86774,86784,10
walking,86824,86784,86824,40
stepping,86846,86824,86846,22
walking,86871,86846,86871,25
sniffing,87027,86871,87027,156
left_turning,87041,87027,87041,14
sniffing,87042,87041,87042,1
hunching,87072,87042,87072,30
right_turning,87132,87072,87132,60
trotting,87155,87132,87155,23
climbing,87284,87155,87284,129
rising,87285,87284,87285,1
sniffing,87342,87285,87342,57
running,87369,87342,87369,27
left_turning,87418,87369,87418,49
walking,87432,87418,87432,14
sniffing,87545,87432,87545,113
stepping,87604,87545,87604,59
walking,87646,87604,87646,42
sniffing,87647,87646,87647,1
rearing,87710,87647,87710,63
left_turning,87731,87710,87731,21
walking,87773,87731,87773,42
trotting,87774,87773,87774,1
climbing,87823,87774,87823,49
right_turning,87865,87823,87865,42
rising,87866,87865,87866,1
climbing,87914,87866,87914,48
rising,88005,87914,88005,91
sniffing,88006,88005,88006,1
left_turning,88007,88006,88007,1
trotting,88033,88007,88033,26
sniffing,88115,88033,88115,82
hunching,88129,88115,88129,14
rising,88219,88129,88219,90
trotting,88251,88219,88251,32
left_turning,88283,88251,88283,32
running,88322,88283,88322,39
left_turning,88374,88322,88374,52
stepping,88405,88374,88405,31
sniffing,88504,88405,88504,99
trotting,88526,88504,88526,22
sniffing,88637,88526,88637,111
climbing,88681,88637,88681,44
right_turning,88722,88681,88722,41
running,88752,88722,88752,30
sniffing,88937,88752,88937,185
walking,88944,88937,88944,7
stepping,88996,88944,88996,52
sniffing,89005,88996,89005,9
walking,89050,89005,89050,45
stepping,89062,89050,89062,12
rising,89063,89062,89063,1
left_turning,89118,89063,89118,55
trotting,89143,89118,89143,25
walking,89150,89143,89150,7
climbing,89201,89150,89201,51
sniffing,89202,89201,89202,1
rising,89228,89202,89228,26
sniffing,89229,89228,89229,1
hunching,89397,89229,89397,168
rearing,89479,89397,89479,82
sniffing,89517,89479,89517,38
walking,89544,89517,89544,27
sniffing,89663,89544,89663,119
rearing,89753,89663,89753,90
hunching,89759,89753,89759,6
grooming,89760,89759,89760,1
walking,89761,89760,89761,1
hunching,89817,89761,89817,56
climbing,89845,89817,89845,28
rising,89879,89845,89879,34
sniffing,89926,89879,89926,47
pausing,89927,89926,89927,1
sniffing,90057,89927,90057,130
right_turning,90105,90057,90105,48
walking,90176,90105,90176,71
sniffing,90273,90176,90273,97
rising,90318,90273,90318,45
sniffing,90319,90318,90319,1
climbing,90447,90319,90447,128
sniffing,90512,90447,90512,65
rising,90560,90512,90560,48
walking,90588,90560,90588,28
sniffing,90625,90588,90625,37
right_turning,90626,90625,90626,1
walking,90657,90626,90657,31
sniffing,90658,90657,90658,1
walking,90688,90658,90688,30
sniffing,90782,90688,90782,94
pausing,91151,90782,91151,369
left_turning,91206,91151,91206,55
walking,91235,91206,91235,29
grooming,91307,91235,91307,72
sniffing,91308,91307,91308,1
walking,91382,91308,91382,74
sniffing,91409,91382,91409,27
rising,91451,91409,91451,42
sniffing,91452,91451,91452,1
rising,91482,91452,91482,30
climbing,91594,91482,91594,112
running,91620,91594,91620,26
rearing,91741,91620,91741,121
left_turning,91796,91741,91796,55
sniffing,92185,91796,92185,389
rising,92221,92185,92221,36
climbing,92282,92221,92282,61
hunching,92323,92282,92323,41
rising,92411,92323,92411,88
sniffing,92412,92411,92412,1
climbing,92413,92412,92413,1
sniffing,92414,92413,92414,1
right_turning,92464,92414,92464,50
running,92498,92464,92498,34
sniffing,92504,92498,92504,6
rising,92505,92504,92505,1
climbing,92629,92505,92629,124
left_turning,92678,92629,92678,49
sniffing,92679,92678,92679,1
rising,92717,92679,92717,38
rearing,92985,92717,92985,268
sniffing,93130,92985,93130,145
right_turning,93183,93130,93183,53
trotting,93247,93183,93247,64
sniffing,93401,93247,93401,154
climbing,93487,93401,93487,86
sniffing,93575,93487,93575,88
climbing,93654,93575,93654,79
trotting,93699,93654,93699,45
walking,93812,93699,93812,113
sniffing,93820,93812,93820,8
walking,93886,93820,93886,66
trotting,93945,93886,93945,59
walking,94002,93945,94002,57
sniffing,94003,94002,94003,1
rising,94100,94003,94100,97
sniffing,94134,94100,94134,34
rising,94190,94134,94190,56
walking,94191,94190,94191,1
rising,94268,94191,94268,77
rearing,94269,94268,94269,1
walking,94285,94269,94285,16
stepping,94395,94285,94395,110
walking,94499,94395,94499,104
stepping,94571,94499,94571,72
trotting,94572,94571,94572,1
rising,94573,94572,94573,1
sniffing,94583,94573,94583,10
climbing,94708,94583,94708,125
rearing,94795,94708,94795,87
trotting,94841,94795,94841,46
walking,94877,94841,94877,36
sniffing,94904,94877,94904,27
rising,94905,94904,94905,1
rearing,94906,94905,94906,1
hunching,94922,94906,94922,16
trotting,94952,94922,94952,30
walking,94989,94952,94989,37
right_turning,94990,94989,94990,1
climbing,95081,94990,95081,91
hunching,95168,95081,95168,87
right_turning,95169,95168,95169,1
hunching,95386,95169,95386,217
left_turning,95424,95386,95424,38
sniffing,95461,95424,95461,37
left_turning,95482,95461,95482,21
stepping,95534,95482,95534,52
walking,95535,95534,95535,1
rising,95536,95535,95536,1
sniffing,95700,95536,95700,164
climbing,95764,95700,95764,64
rearing,95765,95764,95765,1
sniffing,95905,95765,95905,140
walking,95944,95905,95944,39
rising,96000,95944,96000,56
climbing,96001,96000,96001,1
walking,96045,96001,96045,44
sniffing,96113,96045,96113,68
rising,96170,96113,96170,57
sniffing,96171,96170,96171,1
rising,96344,96171,96344,173
climbing,96436,96344,96436,92
sniffing,96437,96436,96437,1
right_turning,96488,96437,96488,51
rising,96502,96488,96502,14
left_turning,96503,96502,96503,1
trotting,96527,96503,96527,24
sniffing,96596,96527,96596,69
trotting,96611,96596,96611,15
sniffing,96633,96611,96633,22
pausing,96816,96633,96816,183
sniffing,96858,96816,96858,42
rising,96867,96858,96867,9
sniffing,96923,96867,96923,56
walking,96931,96923,96931,8
sniffing,96961,96931,96961,30
stepping,97023,96961,97023,62
walking,97024,97023,97024,1
left_turning,97033,97024,97033,9
sniffing,97058,97033,97058,25
trotting,97059,97058,97059,1
rising,97099,97059,97099,40
climbing,97100,97099,97100,1
walking,97186,97100,97186,86
climbing,97204,97186,97204,18
left_turning,97249,97204,97249,45
stepping,97271,97249,97271,22
sniffing,97272,97271,97272,1
rearing,97308,97272,97308,36
rising,97349,97308,97349,41
climbing,97418,97349,97418,69
walking,97494,97418,97494,76
sniffing,97613,97494,97613,119
rising,97704,97613,97704,91
sniffing,97978,97704,97978,274
stepping,98004,97978,98004,26
rising,98055,98004,98055,51
climbing,98102,98055,98102,47
sniffing,98120,98102,98120,18
hunching,98190,98120,98190,70
climbing,98257,98190,98257,67
hunching,98371,98257,98371,114
walking,98418,98371,98418,47
climbing,98464,98418,98464,46
walking,98567,98464,98567,103
jumping,98675,98567,98675,108
rising,98680,98675,98680,5
rearing,98761,98680,98761,81
grooming,98950,98761,98950,189
sniffing,99129,98950,99129,179
climbing,99136,99129,99136,7
walking,99167,99136,99167,31
right_turning,99196,99167,99196,29
trotting,99231,99196,99231,35
rising,99267,99231,99267,36
sniffing,99348,99267,99348,81
pausing,99417,99348,99417,69
sniffing,99418,99417,99418,1
climbing,99501,99418,99501,83
grooming,99717,99501,99717,216
sniffing,99751,99717,99751,34
rising,99752,99751,99752,1
climbing,99800,99752,99800,48
walking,99869,99800,99869,69
sniffing,99965,99869,99965,96
left_turning,99985,99965,99985,20
sniffing,100039,99985,100039,54
climbing,100040,100039,100040,1
sniffing,100053,100040,100053,13
left_turning,100062,100053,100062,9
climbing,100111,100062,100111,49
grooming,100112,100111,100112,1
left_turning,100113,100112,100113,1
sniffing,100158,100113,100158,45
rising,100212,100158,100212,54
climbing,100213,100212,100213,1
sniffing,100214,100213,100214,1
rising,100226,100214,100226,12
trotting,100256,100226,100256,30
left_turning,100333,100256,100333,77
climbing,100434,100333,100434,101
rising,100458,100434,100458,24
walking,100478,100458,100478,20
climbing,100543,100478,100543,65
rearing,100576,100543,100576,33
sniffing,100579,100576,100579,3
trotting,100606,100579,100606,27
sniffing,100742,100606,100742,136
rising,100757,100742,100757,15
climbing,100911,100757,100911,154
rearing,100964,100911,100964,53
grooming,101039,100964,101039,75
sniffing,101040,101039,101040,1
right_turning,101041,101040,101041,1
left_turning,101042,101041,101042,1
sniffing,101108,101042,101108,66
rising,101187,101108,101187,79
grooming,101560,101187,101560,373
sniffing,101626,101560,101626,66
hunching,101790,101626,101790,164
climbing,101844,101790,101844,54
hunching,101857,101844,101857,13
rising,101926,101857,101926,69
climbing,102001,101926,102001,75
sniffing,102107,102001,102107,106
left_turning,102133,102107,102133,26
sniffing,102143,102133,102143,10
trotting,102212,102143,102212,69
sniffing,102306,102212,102306,94
stepping,102326,102306,102326,20
rising,102378,102326,102378,52
rearing,102418,102378,102418,40
rising,102486,102418,102486,68
rearing,102694,102486,102694,208
sniffing,103019,102694,103019,325
rearing,103047,103019,103047,28
left_turning,103092,103047,103092,45
sniffing,103323,103092,103323,231
rising,103347,103323,103347,24
stepping,103396,103347,103396,49
sniffing,103504,103396,103504,108
right_turning,103526,103504,103526,22
rising,103527,103526,103527,1
sniffing,103570,103527,103570,43
rising,103571,103570,103571,1
sniffing,103605,103571,103605,34
stepping,103606,103605,103606,1
rising,103650,103606,103650,44
climbing,103786,103650,103786,136
sniffing,103858,103786,103858,72
rearing,103914,103858,103914,56
hunching,103987,103914,103987,73
climbing,104066,103987,104066,79
rearing,104122,104066,104122,56
rising,104176,104122,104176,54
rearing,104229,104176,104229,53
climbing,104380,104229,104380,151
rearing,104381,104380,104381,1
grooming,104454,104381,104454,73
sniffing,104608,104454,104608,154
left_turning,104618,104608,104618,10
walking,104684,104618,104684,66
stepping,104724,104684,104724,40
walking,104750,104724,104750,26
rising,104808,104750,104808,58
walking,104846,104808,104846,38
left_turning,104849,104846,104849,3
rising,104922,104849,104922,73
left_turning,104975,104922,104975,53
sniffing,105086,104975,105086,111
pausing,105428,105086,105428,342
sniffing,105516,105428,105516,88
walking,105569,105516,105569,53
sniffing,105656,105569,105656,87
rising,105741,105656,105741,85
climbing,105783,105741,105783,42
rearing,105833,105783,105833,50
sniffing,105972,105833,105972,139
left_turning,105973,105972,105973,1
walking,106013,105973,106013,40
sniffing,106014,106013,106014,1
rising,106017,106014,106017,3
sniffing,106123,106017,106123,106
trotting,106159,106123,106159,36
sniffing,106219,106159,106219,60
stepping,106220,106219,106220,1
sniffing,106285,106220,106285,65
pausing,106286,106285,106286,1
sniffing,106426,106286,106426,140
left_turning,106445,106426,106445,19
sniffing,106472,106445,106472,27
rising,106473,106472,106473,1
sniffing,106482,106473,106482,9
walking,106521,106482,106521,39
sniffing,106644,106521,106644,123
left_turning,106765,106644,106765,121
walking,106835,106765,106835,70
sniffing,106864,106835,106864,29
walking,106884,106864,106884,20
sniffing,107238,106884,107238,354
walking,107252,107238,107252,14
right_turning,107272,107252,107272,20
rearing,107285,107272,107285,13
rising,107397,107285,107397,112
climbing,107490,107397,107490,93
walking,107491,107490,107491,1
left_turning,107504,107491,107504,13
sniffing,107505,107504,107505,1
rising,107615,107505,107615,110
climbing,107664,107615,107664,49
walking,107714,107664,107714,50
sniffing,107747,107714,107747,33
rising,107795,107747,107795,48
sniffing,107920,107795,107920,125
climbing,107970,107920,107970,50
rising,108000,107970,108000,30
