revised_movement_label,segBoundary,segBoundary_start,segBoundary_end,length
sniffing,88,0,88,88
walking,112,88,112,24
sniffing,210,112,210,98
trotting,212,210,212,2
walking,327,212,327,115
trotting,356,327,356,29
sniffing,357,356,357,1
climbing,365,357,365,8
running,369,365,369,4
sniffing,370,369,370,1
rising,431,370,431,61
sniffing,450,431,450,19
left_turning,475,450,475,25
sniffing,563,475,563,88
left_turning,590,563,590,27
sniffing,591,590,591,1
climbing,645,591,645,54
sniffing,658,645,658,13
rising,661,658,661,3
sniffing,693,661,693,32
left_turning,704,693,704,11
walking,932,704,932,228
sniffing,975,932,975,43
climbing,1041,975,1041,66
sniffing,1076,1041,1076,35
climbing,1136,1076,1136,60
walking,1176,1136,1176,40
sniffing,1215,1176,1215,39
walking,1271,1215,1271,56
rising,1365,1271,1365,94
climbing,1407,1365,1407,42
left_turning,1410,1407,1410,3
walking,1468,1410,1468,58
sniffing,1492,1468,1492,24
left_turning,1538,1492,1538,46
running,1568,1538,1568,30
walking,1647,1568,1647,79
left_turning,1667,1647,1667,20
walking,1687,1667,1687,20
climbing,1733,1687,1733,46
rising,1734,1733,1734,1
climbing,1809,1734,1809,75
right_turning,1848,1809,1848,39
trotting,1861,1848,1861,13
walking,1944,1861,1944,83
left_turning,1949,1944,1949,5
walking,2005,1949,2005,56
right_turning,2048,2005,2048,43
walking,2121,2048,2121,73
trotting,2183,2121,2183,62
rising,2196,2183,2196,13
trotting,2202,2196,2202,6
walking,2340,2202,2340,138
running,2366,2340,2366,26
rising,2415,2366,2415,49
climbing,2444,2415,2444,29
trotting,2485,2444,2485,41
sniffing,2543,2485,2543,58
climbing,2585,2543,2585,42
sniffing,2682,2585,2682,97
walking,2691,2682,2691,9
sniffing,2773,2691,2773,82
climbing,2832,2773,2832,59
rearing,2981,2832,2981,149
climbing,3086,2981,3086,105
hunching,3089,3086,3089,3
rearing,3121,3089,3121,32
left_turning,3122,3121,3122,1
walking,3214,3122,3214,92
sniffing,3323,3214,3323,109
left_turning,3355,3323,3355,32
walking,3428,3355,3428,73
stepping,3490,3428,3490,62
trotting,3506,3490,3506,16
rising,3526,3506,3526,20
climbing,3573,3526,3573,47
walking,3646,3573,3646,73
sniffing,3738,3646,3738,92
climbing,3744,3738,3744,6
stepping,3771,3744,3771,27
hunching,3772,3771,3772,1
rising,3807,3772,3807,35
climbing,3835,3807,3835,28
rising,3851,3835,3851,16
climbing,3937,3851,3937,86
left_turning,3971,3937,3971,34
stepping,4048,3971,4048,77
trotting,4082,4048,4082,34
rising,4133,4082,4133,51
left_turning,4195,4133,4195,62
walking,4246,4195,4246,51
left_turning,4301,4246,4301,55
running,4302,4301,4302,1
walking,4377,4302,4377,75
right_turning,4397,4377,4397,20
sniffing,4586,4397,4586,189
climbing,4681,4586,4681,95
sniffing,4705,4681,4705,24
rising,4749,4705,4749,44
sniffing,4794,4749,4794,45
climbing,4841,4794,4841,47
right_turning,4888,4841,4888,47
sniffing,4924,4888,4924,36
climbing,4953,4924,4953,29
left_turning,5010,4953,5010,57
sniffing,5053,5010,5053,43
climbing,5099,5053,5099,46
sniffing,5100,5099,5100,1
left_turning,5165,5100,5165,65
trotting,5190,5165,5190,25
sniffing,5263,5190,5263,73
rising,5296,5263,5296,33
walking,5388,5296,5388,92
rising,5440,5388,5440,52
sniffing,5481,5440,5481,41
climbing,5529,5481,5529,48
walking,5530,5529,5530,1
sniffing,5632,5530,5632,102
walking,5669,5632,5669,37
running,5680,5669,5680,11
sniffing,5934,5680,5934,254
walking,5990,5934,5990,56
climbing,6037,5990,6037,47
walking,6102,6037,6102,65
left_turning,6232,6102,6232,130
trotting,6235,6232,6235,3
rising,6268,6235,6268,33
climbing,6320,6268,6320,52
sniffing,6365,6320,6365,45
trotting,6406,6365,6406,41
walking,6419,6406,6419,13
sniffing,6515,6419,6515,96
trotting,6564,6515,6564,49
walking,6611,6564,6611,47
sniffing,6765,6611,6765,154
rising,6787,6765,6787,22
sniffing,6869,6787,6869,82
walking,6873,6869,6873,4
sniffing,6912,6873,6912,39
walking,6994,6912,6994,82
trotting,7017,6994,7017,23
walking,7033,7017,7033,16
sniffing,7070,7033,7070,37
rising,7147,7070,7147,77
walking,7210,7147,7210,63
sniffing,7316,7210,7316,106
walking,7353,7316,7353,37
trotting,7372,7353,7372,19
sniffing,7373,7372,7373,1
climbing,7502,7373,7502,129
hunching,7547,7502,7547,45
trotting,7562,7547,7562,15
stepping,7570,7562,7570,8
walking,7627,7570,7627,57
sniffing,7628,7627,7628,1
trotting,7686,7628,7686,58
sniffing,7772,7686,7772,86
right_turning,7773,7772,7773,1
walking,7824,7773,7824,51
left_turning,7829,7824,7829,5
sniffing,7871,7829,7871,42
walking,7897,7871,7897,26
sniffing,7930,7897,7930,33
climbing,8010,7930,8010,80
rising,8056,8010,8056,46
sniffing,8176,8056,8176,120
climbing,8232,8176,8232,56
sniffing,8333,8232,8333,101
running,8360,8333,8360,27
sniffing,8449,8360,8449,89
trotting,8450,8449,8450,1
left_turning,8509,8450,8509,59
sniffing,8512,8509,8512,3
rearing,8565,8512,8565,53
right_turning,8568,8565,8568,3
sniffing,8591,8568,8591,23
walking,8616,8591,8616,25
sniffing,8627,8616,8627,11
walking,8658,8627,8658,31
sniffing,8708,8658,8708,50
climbing,8752,8708,8752,44
walking,8816,8752,8816,64
stepping,8875,8816,8875,59
walking,8937,8875,8937,62
sniffing,9029,8937,9029,92
walking,9030,9029,9030,1
sniffing,9031,9030,9031,1
rising,9069,9031,9069,38
trotting,9114,9069,9114,45
sniffing,9115,9114,9115,1
left_turning,9119,9115,9119,4
stepping,9184,9119,9184,65
climbing,9228,9184,9228,44
grooming,9229,9228,9229,1
climbing,9254,9229,9254,25
rising,9271,9254,9271,17
sniffing,9272,9271,9272,1
running,9306,9272,9306,34
sniffing,9379,9306,9379,73
rising,9500,9379,9500,121
climbing,9529,9500,9529,29
walking,9530,9529,9530,1
rising,9531,9530,9531,1
sniffing,9579,9531,9579,48
climbing,9611,9579,9611,32
left_turning,9646,9611,9646,35
rising,9732,9646,9732,86
trotting,9733,9732,9733,1
sniffing,9746,9733,9746,13
stepping,9767,9746,9767,21
sniffing,9823,9767,9823,56
running,9863,9823,9863,40
rising,9914,9863,9914,51
climbing,10006,9914,10006,92
sniffing,10060,10006,10060,54
walking,10063,10060,10063,3
trotting,10111,10063,10111,48
walking,10112,10111,10112,1
sniffing,10115,10112,10115,3
rising,10187,10115,10187,72
sniffing,10300,10187,10300,113
rising,10380,10300,10380,80
climbing,10431,10380,10431,51
rising,10459,10431,10459,28
climbing,10548,10459,10548,89
walking,10611,10548,10611,63
climbing,10613,10611,10613,2
running,10639,10613,10639,26
climbing,10666,10639,10666,27
right_turning,10667,10666,10667,1
trotting,10694,10667,10694,27
right_turning,10750,10694,10750,56
stepping,10763,10750,10763,13
sniffing,10883,10763,10883,120
rising,10884,10883,10884,1
sniffing,10913,10884,10913,29
rising,10972,10913,10972,59
climbing,11075,10972,11075,103
walking,11083,11075,11083,8
right_turning,11095,11083,11095,12
walking,11096,11095,11096,1
rising,11138,11096,11138,42
hunching,11210,11138,11210,72
sniffing,11249,11210,11249,39
rearing,11301,11249,11301,52
sniffing,11366,11301,11366,65
walking,11487,11366,11487,121
sniffing,11600,11487,11600,113
rising,11646,11600,11646,46
walking,11746,11646,11746,100
running,11765,11746,11765,19
walking,11774,11765,11774,9
rising,11824,11774,11824,50
climbing,11852,11824,11852,28
right_turning,11882,11852,11882,30
rising,11975,11882,11975,93
climbing,12040,11975,12040,65
rising,12090,12040,12090,50
stepping,12113,12090,12113,23
climbing,12174,12113,12174,61
sniffing,12255,12174,12255,81
rising,12278,12255,12278,23
stepping,12308,12278,12308,30
walking,12337,12308,12337,29
stepping,12378,12337,12378,41
trotting,12428,12378,12428,50
sniffing,12474,12428,12474,46
left_turning,12509,12474,12509,35
rearing,12586,12509,12586,77
sniffing,12644,12586,12644,58
stepping,12669,12644,12669,25
walking,12679,12669,12679,10
rising,12708,12679,12708,29
left_turning,12760,12708,12760,52
walking,12861,12760,12861,101
rising,12876,12861,12876,15
rearing,12924,12876,12924,48
hunching,13050,12924,13050,126
climbing,13131,13050,13131,81
walking,13216,13131,13216,85
hunching,13269,13216,13269,53
sniffing,13270,13269,13270,1
trotting,13295,13270,13295,25
sniffing,13360,13295,13360,65
walking,13376,13360,13376,16
climbing,13459,13376,13459,83
walking,13481,13459,13481,22
sniffing,13496,13481,13496,15
left_turning,13525,13496,13525,29
walking,13569,13525,13569,44
trotting,13631,13569,13631,62
walking,13653,13631,13653,22
left_turning,13705,13653,13705,52
walking,13767,13705,13767,62
rising,13832,13767,13832,65
walking,13848,13832,13848,16
left_turning,13899,13848,13899,51
sniffing,13993,13899,13993,94
climbing,14047,13993,14047,54
rising,14116,14047,14116,69
sniffing,14134,14116,14134,18
left_turning,14189,14134,14189,55
walking,14240,14189,14240,51
climbing,14327,14240,14327,87
walking,14383,14327,14383,56
rising,14448,14383,14448,65
rearing,14541,14448,14541,93
hunching,14542,14541,14542,1
sniffing,14618,14542,14618,76
walking,14691,14618,14691,73
climbing,14694,14691,14694,3
sniffing,14767,14694,14767,73
running,14784,14767,14784,17
sniffing,14785,14784,14785,1
trotting,14803,14785,14803,18
stepping,14882,14803,14882,79
sniffing,14929,14882,14929,47
rising,14986,14929,14986,57
sniffing,14987,14986,14987,1
rearing,15134,14987,15134,147
left_turning,15169,15134,15169,35
sniffing,15205,15169,15205,36
stepping,15229,15205,15229,24
sniffing,15301,15229,15301,72
trotting,15334,15301,15334,33
stepping,15346,15334,15346,12
right_turning,15392,15346,15392,46
running,15444,15392,15444,52
left_turning,15445,15444,15445,1
running,15472,15445,15472,27
walking,15513,15472,15513,41
sniffing,15534,15513,15534,21
right_turning,15557,15534,15557,23
walking,15632,15557,15632,75
stepping,15668,15632,15668,36
left_turning,15693,15668,15693,25
rising,15718,15693,15718,25
sniffing,15812,15718,15812,94
rising,15840,15812,15840,28
sniffing,15976,15840,15976,136
left_turning,16015,15976,16015,39
rising,16016,16015,16016,1
rearing,16017,16016,16017,1
rising,16047,16017,16047,30
sniffing,16097,16047,16097,50
left_turning,16171,16097,16171,74
sniffing,16174,16171,16174,3
rising,16193,16174,16193,19
climbing,16222,16193,16222,29
walking,16251,16222,16251,29
stepping,16308,16251,16308,57
sniffing,16404,16308,16404,96
climbing,16450,16404,16450,46
right_turning,16486,16450,16486,36
walking,16524,16486,16524,38
right_turning,16567,16524,16567,43
sniffing,16643,16567,16643,76
grooming,16910,16643,16910,267
hunching,16938,16910,16938,28
walking,16985,16938,16985,47
sniffing,17013,16985,17013,28
walking,17093,17013,17093,80
rising,17130,17093,17130,37
climbing,17134,17130,17134,4
rising,17135,17134,17135,1
sniffing,17287,17135,17287,152
rising,17355,17287,17355,68
sniffing,17452,17355,17452,97
right_turning,17455,17452,17455,3
trotting,17488,17455,17488,33
sniffing,17626,17488,17626,138
walking,17700,17626,17700,74
rising,17748,17700,17748,48
sniffing,17800,17748,17800,52
walking,17803,17800,17803,3
sniffing,17898,17803,17898,95
right_turning,17990,17898,17990,92
walking,18059,17990,18059,69
right_turning,18060,18059,18060,1
trotting,18107,18060,18107,47
climbing,18176,18107,18176,69
sniffing,18284,18176,18284,108
left_turning,18402,18284,18402,118
walking,18482,18402,18482,80
climbing,18532,18482,18532,50
walking,18645,18532,18645,113
sniffing,18687,18645,18687,42
left_turning,18688,18687,18688,1
walking,18813,18688,18813,125
sniffing,18830,18813,18830,17
grooming,18882,18830,18882,52
sniffing,18931,18882,18931,49
walking,18943,18931,18943,12
stepping,18978,18943,18978,35
sniffing,18979,18978,18979,1
walking,19008,18979,19008,29
rising,19042,19008,19042,34
walking,19047,19042,19047,5
rising,19126,19047,19126,79
rearing,19176,19126,19176,50
sniffing,19193,19176,19193,17
stepping,19254,19193,19254,61
hunching,19333,19254,19333,79
rising,19358,19333,19358,25
climbing,19545,19358,19545,187
rising,19546,19545,19546,1
sniffing,19559,19546,19559,13
left_turning,19560,19559,19560,1
sniffing,19561,19560,19561,1
rising,19623,19561,19623,62
sniffing,19682,19623,19682,59
walking,19700,19682,19700,18
sniffing,19733,19700,19733,33
trotting,19764,19733,19764,31
stepping,19802,19764,19802,38
left_turning,19812,19802,19812,10
trotting,19851,19812,19851,39
walking,19890,19851,19890,39
sniffing,19891,19890,19891,1
left_turning,19922,19891,19922,31
stepping,19961,19922,19961,39
walking,20005,19961,20005,44
left_turning,20077,20005,20077,72
stepping,20126,20077,20126,49
walking,20192,20126,20192,66
sniffing,20193,20192,20193,1
left_turning,20194,20193,20194,1
walking,20392,20194,20392,198
rising,20457,20392,20457,65
walking,20494,20457,20494,37
climbing,20560,20494,20560,66
grooming,20649,20560,20649,89
left_turning,20685,20649,20685,36
sniffing,20686,20685,20686,1
hunching,20687,20686,20687,1
sniffing,20719,20687,20719,32
trotting,20737,20719,20737,18
left_turning,20835,20737,20835,98
running,20862,20835,20862,27
rising,20867,20862,20867,5
climbing,20953,20867,20953,86
rearing,21026,20953,21026,73
grooming,21027,21026,21027,1
left_turning,21038,21027,21038,11
rising,21039,21038,21039,1
sniffing,21172,21039,21172,133
trotting,21202,21172,21202,30
sniffing,21225,21202,21225,23
right_turning,21265,21225,21265,40
walking,21297,21265,21297,32
climbing,21349,21297,21349,52
rearing,21350,21349,21350,1
running,21373,21350,21373,23
walking,21412,21373,21412,39
sniffing,21496,21412,21496,84
walking,21551,21496,21551,55
stepping,21620,21551,21620,69
sniffing,21712,21620,21712,92
left_turning,21732,21712,21732,20
sniffing,21760,21732,21760,28
rising,21816,21760,21816,56
climbing,21830,21816,21830,14
sniffing,21831,21830,21831,1
rising,21850,21831,21850,19
sniffing,21927,21850,21927,77
walking,22011,21927,22011,84
sniffing,22078,22011,22078,67
rearing,22153,22078,22153,75
right_turning,22178,22153,22178,25
walking,22190,22178,22190,12
sniffing,22291,22190,22291,101
walking,22292,22291,22292,1
rising,22323,22292,22323,31
right_turning,22337,22323,22337,14
trotting,22419,22337,22419,82
climbing,22633,22419,22633,214
sniffing,22646,22633,22646,13
running,22659,22646,22659,13
trotting,22717,22659,22717,58
right_turning,22731,22717,22731,14
walking,22732,22731,22732,1
sniffing,22733,22732,22733,1
left_turning,22779,22733,22779,46
walking,22810,22779,22810,31
sniffing,22852,22810,22852,42
rising,22912,22852,22912,60
trotting,22926,22912,22926,14
rising,22967,22926,22967,41
sniffing,23001,22967,23001,34
left_turning,23038,23001,23038,37
walking,23099,23038,23099,61
stepping,23152,23099,23152,53
sniffing,23153,23152,23153,1
right_turning,23183,23153,23183,30
sniffing,23191,23183,23191,8
trotting,23226,23191,23226,35
sniffing,23330,23226,23330,104
walking,23373,23330,23373,43
stepping,23413,23373,23413,40
walking,23476,23413,23476,63
trotting,23497,23476,23497,21
sniffing,23625,23497,23625,128
rising,23660,23625,23660,35
sniffing,23757,23660,23757,97
right_turning,23796,23757,23796,39
walking,23801,23796,23801,5
climbing,23850,23801,23850,49
rising,23860,23850,23860,10
rearing,23921,23860,23921,61
running,23968,23921,23968,47
rising,24026,23968,24026,58
grooming,24124,24026,24124,98
rearing,24184,24124,24184,60
left_turning,24268,24184,24268,84
sniffing,24269,24268,24269,1
walking,24355,24269,24355,86
sniffing,24381,24355,24381,26
trotting,24386,24381,24386,5
sniffing,24387,24386,24387,1
right_turning,24458,24387,24458,71
walking,24480,24458,24480,22
climbing,24501,24480,24501,21
walking,24550,24501,24550,49
sniffing,24594,24550,24594,44
trotting,24616,24594,24616,22
walking,24617,24616,24617,1
climbing,24643,24617,24643,26
rising,24658,24643,24658,15
climbing,24659,24658,24659,1
trotting,24695,24659,24695,36
walking,24764,24695,24764,69
trotting,24800,24764,24800,36
left_turning,24855,24800,24855,55
sniffing,24919,24855,24919,64
rising,24957,24919,24957,38
rearing,24990,24957,24990,33
grooming,25067,24990,25067,77
climbing,25140,25067,25140,73
trotting,25174,25140,25174,34
walking,25203,25174,25203,29
sniffing,25478,25203,25478,275
walking,25486,25478,25486,8
sniffing,25526,25486,25526,40
stepping,25558,25526,25558,32
walking,25566,25558,25566,8
rising,25592,25566,25592,26
climbing,25667,25592,25667,75
sniffing,25668,25667,25668,1
left_turning,25682,25668,25682,14
sniffing,25754,25682,25754,72
climbing,25808,25754,25808,54
rising,25829,25808,25829,21
stepping,25845,25829,25845,16
climbing,25847,25845,25847,2
rearing,25848,25847,25848,1
rising,25864,25848,25864,16
rearing,25865,25864,25865,1
left_turning,25914,25865,25914,49
jumping,25996,25914,25996,82
climbing,26153,25996,26153,157
walking,26225,26153,26225,72
left_turning,26233,26225,26233,8
walking,26271,26233,26271,38
sniffing,26272,26271,26272,1
right_turning,26325,26272,26325,53
walking,26401,26325,26401,76
sniffing,26419,26401,26419,18
right_turning,26475,26419,26475,56
trotting,26521,26475,26521,46
walking,26536,26521,26536,15
stepping,26567,26536,26567,31
sniffing,26650,26567,26650,83
walking,26681,26650,26681,31
rearing,26682,26681,26682,1
rising,26737,26682,26737,55
climbing,26837,26737,26837,100
sniffing,26895,26837,26895,58
rearing,26896,26895,26896,1
rising,26932,26896,26932,36
sniffing,26977,26932,26977,45
rising,27154,26977,27154,177
climbing,27220,27154,27220,66
walking,27248,27220,27248,28
sniffing,27417,27248,27417,169
walking,27432,27417,27432,15
sniffing,27572,27432,27572,140
rising,27573,27572,27573,1
rearing,27574,27573,27574,1
grooming,27597,27574,27597,23
left_turning,27632,27597,27632,35
running,27663,27632,27663,31
walking,27664,27663,27664,1
sniffing,27732,27664,27732,68
left_turning,27786,27732,27786,54
trotting,27825,27786,27825,39
rising,27832,27825,27832,7
climbing,27869,27832,27869,37
walking,27897,27869,27897,28
rising,27964,27897,27964,67
walking,27997,27964,27997,33
climbing,28026,27997,28026,29
rising,28082,28026,28082,56
stepping,28128,28082,28128,46
rising,28162,28128,28162,34
sniffing,28240,28162,28240,78
walking,28272,28240,28272,32
sniffing,28481,28272,28481,209
left_turning,28566,28481,28566,85
rising,28567,28566,28567,1
rearing,28643,28567,28643,76
rising,28646,28643,28646,3
climbing,28672,28646,28672,26
sniffing,28947,28672,28947,275
left_turning,29018,28947,29018,71
sniffing,29066,29018,29066,48
left_turning,29097,29066,29097,31
walking,29102,29097,29102,5
trotting,29119,29102,29119,17
walking,29134,29119,29134,15
sniffing,29232,29134,29232,98
hunching,29233,29232,29233,1
rearing,29349,29233,29349,116
sniffing,29603,29349,29603,254
right_turning,29638,29603,29638,35
trotting,29675,29638,29675,37
sniffing,29769,29675,29769,94
left_turning,29799,29769,29799,30
sniffing,29886,29799,29886,87
stepping,29887,29886,29887,1
walking,29919,29887,29919,32
sniffing,29920,29919,29920,1
walking,29964,29920,29964,44
sniffing,30027,29964,30027,63
climbing,30070,30027,30070,43
sniffing,30099,30070,30099,29
stepping,30137,30099,30137,38
sniffing,30169,30137,30169,32
rising,30226,30169,30226,57
climbing,30252,30226,30252,26
walking,30295,30252,30295,43
sniffing,30296,30295,30296,1
stepping,30335,30296,30335,39
walking,30351,30335,30351,16
stepping,30410,30351,30410,59
walking,30441,30410,30441,31
rearing,30442,30441,30442,1
trotting,30476,30442,30476,34
walking,30494,30476,30494,18
trotting,30563,30494,30563,69
stepping,30594,30563,30594,31
sniffing,30595,30594,30595,1
left_turning,30677,30595,30677,82
sniffing,30678,30677,30678,1
left_turning,30722,30678,30722,44
sniffing,30723,30722,30723,1
rising,30777,30723,30777,54
sniffing,30778,30777,30778,1
rising,30791,30778,30791,13
walking,30882,30791,30882,91
rising,30939,30882,30939,57
climbing,30982,30939,30982,43
rising,31023,30982,31023,41
left_turning,31050,31023,31050,27
walking,31096,31050,31096,46
running,31108,31096,31108,12
walking,31146,31108,31146,38
sniffing,31388,31146,31388,242
rising,31420,31388,31420,32
walking,31486,31420,31486,66
sniffing,31534,31486,31534,48
climbing,31551,31534,31551,17
hunching,31586,31551,31586,35
right_turning,31636,31586,31636,50
hunching,31667,31636,31667,31
sniffing,31691,31667,31691,24
left_turning,31739,31691,31739,48
walking,31740,31739,31740,1
stepping,31752,31740,31752,12
walking,31812,31752,31812,60
sniffing,31839,31812,31839,27
rising,31860,31839,31860,21
climbing,31946,31860,31946,86
right_turning,31958,31946,31958,12
trotting,31981,31958,31981,23
stepping,32029,31981,32029,48
sniffing,32192,32029,32192,163
walking,32270,32192,32270,78
stepping,32324,32270,32324,54
rearing,32325,32324,32325,1
rising,32351,32325,32351,26
climbing,32433,32351,32433,82
right_turning,32486,32433,32486,53
walking,32498,32486,32498,12
sniffing,32529,32498,32529,31
walking,32564,32529,32564,35
running,32576,32564,32576,12
walking,32577,32576,32577,1
sniffing,32719,32577,32719,142
rising,32720,32719,32720,1
climbing,32802,32720,32802,82
walking,32824,32802,32824,22
sniffing,33120,32824,33120,296
left_turning,33151,33120,33151,31
sniffing,33177,33151,33177,26
walking,33200,33177,33200,23
left_turning,33268,33200,33268,68
rising,33334,33268,33334,66
hunching,33372,33334,33372,38
sniffing,33373,33372,33373,1
left_turning,33431,33373,33431,58
rising,33432,33431,33432,1
trotting,33433,33432,33433,1
stepping,33503,33433,33503,70
left_turning,33531,33503,33531,28
sniffing,33532,33531,33532,1
hunching,33569,33532,33569,37
rising,33616,33569,33616,47
sniffing,33716,33616,33716,100
right_turning,33741,33716,33741,25
walking,33806,33741,33806,65
sniffing,33872,33806,33872,66
grooming,33912,33872,33912,40
rearing,33963,33912,33963,51
hunching,34006,33963,34006,43
climbing,34031,34006,34031,25
walking,34032,34031,34032,1
stepping,34081,34032,34081,49
right_turning,34084,34081,34084,3
rising,34085,34084,34085,1
trotting,34103,34085,34103,18
sniffing,34104,34103,34104,1
rising,34136,34104,34136,32
climbing,34262,34136,34262,126
rising,34263,34262,34263,1
climbing,34307,34263,34307,44
sniffing,34308,34307,34308,1
rising,34362,34308,34362,54
sniffing,34537,34362,34537,175
walking,34571,34537,34571,34
left_turning,34620,34571,34620,49
rearing,34649,34620,34649,29
left_turning,34685,34649,34685,36
sniffing,34793,34685,34793,108
walking,34851,34793,34851,58
left_turning,34888,34851,34888,37
walking,34983,34888,34983,95
sniffing,35039,34983,35039,56
grooming,35123,35039,35123,84
rearing,35141,35123,35141,18
sniffing,35151,35141,35151,10
walking,35242,35151,35242,91
left_turning,35324,35242,35324,82
trotting,35395,35324,35395,71
sniffing,35456,35395,35456,61
trotting,35494,35456,35494,38
left_turning,35495,35494,35495,1
sniffing,35496,35495,35496,1
trotting,35509,35496,35509,13
left_turning,35518,35509,35518,9
rising,35606,35518,35606,88
climbing,35696,35606,35696,90
rising,35720,35696,35720,24
climbing,35760,35720,35760,40
sniffing,35841,35760,35841,81
climbing,35842,35841,35842,1
right_turning,35854,35842,35854,12
walking,35923,35854,35923,69
sniffing,35934,35923,35934,11
walking,35980,35934,35980,46
climbing,36062,35980,36062,82
stepping,36069,36062,36069,7
sniffing,36167,36069,36167,98
rising,36237,36167,36237,70
rearing,36346,36237,36346,109
stepping,36362,36346,36362,16
climbing,36415,36362,36415,53
rising,36488,36415,36488,73
sniffing,36505,36488,36505,17
walking,36555,36505,36555,50
stepping,36578,36555,36578,23
climbing,36608,36578,36608,30
right_turning,36618,36608,36618,10
rising,36711,36618,36711,93
climbing,36775,36711,36775,64
sniffing,36916,36775,36916,141
left_turning,36929,36916,36929,13
rising,37030,36929,37030,101
climbing,37031,37030,37031,1
walking,37080,37031,37080,49
rising,37141,37080,37141,61
walking,37157,37141,37157,16
rearing,37206,37157,37206,49
walking,37312,37206,37312,106
rising,37356,37312,37356,44
right_turning,37391,37356,37391,35
rearing,37459,37391,37459,68
sniffing,37662,37459,37662,203
rising,37772,37662,37772,110
right_turning,37773,37772,37773,1
stepping,37802,37773,37802,29
rearing,37823,37802,37823,21
jumping,37824,37823,37824,1
rising,37871,37824,37871,47
rearing,37916,37871,37916,45
grooming,38071,37916,38071,155
rearing,38186,38071,38186,115
grooming,38216,38186,38216,30
walking,38235,38216,38235,19
sniffing,38236,38235,38236,1
left_turning,38237,38236,38237,1
sniffing,38354,38237,38354,117
rising,38408,38354,38408,54
climbing,38409,38408,38409,1
running,38420,38409,38420,11
sniffing,38506,38420,38506,86
pausing,38719,38506,38719,213
sniffing,38720,38719,38720,1
left_turning,38721,38720,38721,1
rising,38772,38721,38772,51
left_turning,38773,38772,38773,1
sniffing,38774,38773,38774,1
climbing,38839,38774,38839,65
sniffing,38903,38839,38903,64
stepping,38946,38903,38946,43
climbing,39107,38946,39107,161
grooming,39144,39107,39144,37
hunching,39145,39144,39145,1
climbing,39206,39145,39206,61
sniffing,39207,39206,39207,1
walking,39242,39207,39242,35
rising,39411,39242,39411,169
sniffing,39492,39411,39492,81
rising,39520,39492,39520,28
sniffing,39523,39520,39523,3
walking,39587,39523,39587,64
right_turning,39646,39587,39646,59
rearing,39700,39646,39700,54
climbing,39778,39700,39778,78
walking,39824,39778,39824,46
rearing,39854,39824,39854,30
sniffing,39855,39854,39855,1
climbing,39857,39855,39857,2
sniffing,40115,39857,40115,258
climbing,40161,40115,40161,46
rising,40203,40161,40203,42
climbing,40327,40203,40327,124
sniffing,40367,40327,40367,40
hunching,40370,40367,40370,3
grooming,40396,40370,40396,26
rearing,40466,40396,40466,70
trotting,40504,40466,40504,38
walking,40566,40504,40566,62
rising,40602,40566,40602,36
trotting,40603,40602,40603,1
sniffing,40604,40603,40604,1
stepping,40675,40604,40675,71
climbing,40719,40675,40719,44
rising,40720,40719,40720,1
climbing,40721,40720,40721,1
right_turning,40754,40721,40754,33
walking,40766,40754,40766,12
sniffing,40801,40766,40801,35
hunching,40875,40801,40875,74
sniffing,40912,40875,40912,37
trotting,40924,40912,40924,12
rising,40969,40924,40969,45
climbing,40988,40969,40988,19
walking,41036,40988,41036,48
sniffing,41130,41036,41130,94
walking,41131,41130,41131,1
climbing,41210,41131,41210,79
rising,41313,41210,41313,103
sniffing,41392,41313,41392,79
rising,41445,41392,41445,53
left_turning,41480,41445,41480,35
sniffing,41534,41480,41534,54
climbing,41620,41534,41620,86
walking,41697,41620,41697,77
rising,41735,41697,41735,38
walking,41755,41735,41755,20
left_turning,41809,41755,41809,54
rising,41831,41809,41831,22
climbing,41859,41831,41859,28
walking,41902,41859,41902,43
climbing,41926,41902,41926,24
running,41951,41926,41951,25
sniffing,42123,41951,42123,172
right_turning,42137,42123,42137,14
sniffing,42240,42137,42240,103
climbing,42322,42240,42322,82
rising,42323,42322,42323,1
climbing,42355,42323,42355,32
walking,42385,42355,42385,30
rearing,42386,42385,42386,1
grooming,42567,42386,42567,181
hunching,42651,42567,42651,84
climbing,42745,42651,42745,94
walking,42803,42745,42803,58
running,42840,42803,42840,37
walking,42850,42840,42850,10
rising,42860,42850,42860,10
stepping,42897,42860,42897,37
rising,42962,42897,42962,65
walking,43034,42962,43034,72
left_turning,43095,43034,43095,61
walking,43105,43095,43105,10
sniffing,43204,43105,43204,99
walking,43236,43204,43236,32
sniffing,43252,43236,43252,16
rising,43295,43252,43295,43
sniffing,43296,43295,43296,1
rising,43337,43296,43337,41
climbing,43367,43337,43367,30
walking,43435,43367,43435,68
rising,43436,43435,43436,1
sniffing,43543,43436,43543,107
stepping,43589,43543,43589,46
climbing,43620,43589,43620,31
rising,43634,43620,43634,14
stepping,43697,43634,43697,63
trotting,43709,43697,43709,12
walking,43726,43709,43726,17
sniffing,43727,43726,43727,1
walking,43790,43727,43790,63
left_turning,43805,43790,43805,15
walking,43806,43805,43806,1
stepping,43853,43806,43853,47
walking,43917,43853,43917,64
rising,43933,43917,43933,16
sniffing,44043,43933,44043,110
rising,44070,44043,44070,27
climbing,44115,44070,44115,45
right_turning,44142,44115,44142,27
walking,44166,44142,44166,24
rising,44206,44166,44206,40
rearing,44249,44206,44249,43
sniffing,44320,44249,44320,71
rising,44321,44320,44321,1
sniffing,44324,44321,44324,3
trotting,44374,44324,44374,50
walking,44461,44374,44461,87
climbing,44506,44461,44506,45
running,44523,44506,44523,17
walking,44598,44523,44598,75
sniffing,44771,44598,44771,173
hunching,44829,44771,44829,58
right_turning,44834,44829,44834,5
sniffing,44952,44834,44952,118
rising,44975,44952,44975,23
climbing,45000,44975,45000,25
left_turning,45014,45000,45014,14
stepping,45081,45014,45081,67
left_turning,45145,45081,45145,64
sniffing,45247,45145,45247,102
climbing,45266,45247,45266,19
grooming,45267,45266,45267,1
left_turning,45336,45267,45336,69
walking,45364,45336,45364,28
sniffing,45588,45364,45588,224
rising,45603,45588,45603,15
grooming,45623,45603,45623,20
walking,45662,45623,45662,39
sniffing,45698,45662,45698,36
right_turning,45704,45698,45704,6
sniffing,45705,45704,45705,1
hunching,45706,45705,45706,1
rising,45718,45706,45718,12
jumping,45754,45718,45754,36
sniffing,45784,45754,45784,30
left_turning,45785,45784,45785,1
rising,45804,45785,45804,19
rearing,45805,45804,45805,1
running,45809,45805,45809,4
rising,45862,45809,45862,53
walking,45888,45862,45888,26
climbing,45996,45888,45996,108
walking,46016,45996,46016,20
left_turning,46066,46016,46066,50
sniffing,46121,46066,46121,55
rising,46160,46121,46160,39
right_turning,46175,46160,46175,15
sniffing,46201,46175,46201,26
walking,46270,46201,46270,69
sniffing,46330,46270,46330,60
rearing,46477,46330,46477,147
sniffing,46529,46477,46529,52
rearing,46584,46529,46584,55
walking,46646,46584,46646,62
stepping,46698,46646,46698,52
sniffing,46699,46698,46699,1
rising,46773,46699,46773,74
left_turning,46805,46773,46805,32
sniffing,46934,46805,46934,129
right_turning,46969,46934,46969,35
sniffing,47002,46969,47002,33
rising,47044,47002,47044,42
right_turning,47074,47044,47074,30
sniffing,47104,47074,47104,30
right_turning,47139,47104,47139,35
sniffing,47140,47139,47140,1
walking,47167,47140,47167,27
sniffing,47255,47167,47255,88
trotting,47319,47255,47319,64
sniffing,47414,47319,47414,95
hunching,47445,47414,47445,31
grooming,47987,47445,47987,542
left_turning,48015,47987,48015,28
rising,48062,48015,48062,47
sniffing,48145,48062,48145,83
left_turning,48187,48145,48187,42
sniffing,48188,48187,48188,1
rising,48226,48188,48226,38
sniffing,48227,48226,48227,1
right_turning,48264,48227,48264,37
sniffing,48300,48264,48300,36
hunching,48342,48300,48342,42
climbing,48367,48342,48367,25
walking,48377,48367,48377,10
rising,48451,48377,48451,74
climbing,48518,48451,48518,67
sniffing,48593,48518,48593,75
stepping,48594,48593,48594,1
sniffing,48627,48594,48627,33
hunching,48638,48627,48638,11
climbing,48709,48638,48709,71
right_turning,48710,48709,48710,1
trotting,48780,48710,48780,70
rising,48817,48780,48817,37
rearing,48825,48817,48825,8
right_turning,48826,48825,48826,1
trotting,48829,48826,48829,3
sniffing,48871,48829,48871,42
left_turning,48885,48871,48885,14
sniffing,48946,48885,48946,61
left_turning,48956,48946,48956,10
walking,49000,48956,49000,44
left_turning,49036,49000,49036,36
sniffing,49069,49036,49069,33
walking,49106,49069,49106,37
sniffing,49107,49106,49107,1
climbing,49138,49107,49138,31
sniffing,49256,49138,49256,118
climbing,49381,49256,49381,125
rising,49413,49381,49413,32
grooming,49414,49413,49414,1
sniffing,49446,49414,49446,32
left_turning,49456,49446,49456,10
sniffing,49457,49456,49457,1
left_turning,49458,49457,49458,1
right_turning,49470,49458,49470,12
sniffing,49491,49470,49491,21
rearing,49507,49491,49507,16
climbing,49536,49507,49536,29
rising,49568,49536,49568,32
left_turning,49611,49568,49611,43
trotting,49671,49611,49671,60
running,49693,49671,49693,22
stepping,49769,49693,49769,76
sniffing,49770,49769,49770,1
rising,49837,49770,49837,67
climbing,49838,49837,49838,1
hunching,49912,49838,49912,74
climbing,49990,49912,49990,78
sniffing,50125,49990,50125,135
climbing,50295,50125,50295,170
sniffing,50388,50295,50388,93
trotting,50453,50388,50453,65
sniffing,50537,50453,50537,84
walking,50540,50537,50540,3
sniffing,50541,50540,50541,1
stepping,50635,50541,50635,94
trotting,50647,50635,50647,12
walking,50648,50647,50648,1
sniffing,50794,50648,50794,146
trotting,50861,50794,50861,67
walking,50915,50861,50915,54
sniffing,50956,50915,50956,41
right_turning,50964,50956,50964,8
sniffing,51105,50964,51105,141
climbing,51133,51105,51133,28
sniffing,51235,51133,51235,102
walking,51291,51235,51291,56
sniffing,51482,51291,51482,191
walking,51498,51482,51498,16
sniffing,51587,51498,51587,89
rising,51640,51587,51640,53
hunching,51675,51640,51675,35
stepping,51697,51675,51697,22
trotting,51701,51697,51701,4
walking,51737,51701,51737,36
rising,51810,51737,51810,73
right_turning,51867,51810,51867,57
trotting,51915,51867,51915,48
left_turning,51916,51915,51916,1
walking,51917,51916,51917,1
sniffing,52086,51917,52086,169
left_turning,52104,52086,52104,18
walking,52170,52104,52170,66
rearing,52234,52170,52234,64
rising,52248,52234,52248,14
sniffing,52310,52248,52310,62
hunching,52386,52310,52386,76
climbing,52483,52386,52483,97
rearing,52528,52483,52528,45
rising,52609,52528,52609,81
sniffing,52693,52609,52693,84
walking,52730,52693,52730,37
hunching,52731,52730,52731,1
right_turning,52753,52731,52753,22
rising,52767,52753,52767,14
climbing,52784,52767,52784,17
running,52832,52784,52832,48
left_turning,52859,52832,52859,27
sniffing,52978,52859,52978,119
climbing,53111,52978,53111,133
grooming,53292,53111,53292,181
stepping,53404,53292,53404,112
walking,53442,53404,53442,38
sniffing,53639,53442,53639,197
walking,53670,53639,53670,31
climbing,53719,53670,53719,49
right_turning,53774,53719,53774,55
hunching,53798,53774,53798,24
rising,53803,53798,53803,5
rearing,53804,53803,53804,1
walking,53816,53804,53816,12
rising,53881,53816,53881,65
sniffing,53940,53881,53940,59
climbing,53941,53940,53941,1
sniffing,54027,53941,54027,86
climbing,54112,54027,54112,85
rising,54153,54112,54153,41
sniffing,54154,54153,54154,1
right_turning,54176,54154,54176,22
walking,54243,54176,54243,67
rising,54253,54243,54253,10
climbing,54310,54253,54310,57
walking,54335,54310,54335,25
stepping,54399,54335,54399,64
sniffing,54495,54399,54495,96
grooming,54847,54495,54847,352
rearing,54865,54847,54865,18
left_turning,54872,54865,54872,7
walking,54943,54872,54943,71
trotting,54980,54943,54980,37
sniffing,55017,54980,55017,37
pausing,55181,55017,55181,164
sniffing,55182,55181,55182,1
rising,55196,55182,55196,14
climbing,55213,55196,55213,17
sniffing,55317,55213,55317,104
grooming,55728,55317,55728,411
walking,55770,55728,55770,42
rising,55813,55770,55813,43
climbing,55874,55813,55874,61
sniffing,55927,55874,55927,53
walking,55970,55927,55970,43
sniffing,55971,55970,55971,1
walking,55980,55971,55980,9
rising,55981,55980,55981,1
climbing,56143,55981,56143,162
sniffing,56282,56143,56282,139
walking,56296,56282,56296,14
sniffing,56397,56296,56397,101
right_turning,56422,56397,56422,25
rising,56438,56422,56438,16
climbing,56496,56438,56496,58
trotting,56497,56496,56497,1
sniffing,56498,56497,56498,1
rising,56549,56498,56549,51
climbing,56550,56549,56550,1
running,56574,56550,56574,24
walking,56588,56574,56588,14
sniffing,56692,56588,56692,104
climbing,56787,56692,56787,95
rising,56788,56787,56788,1
climbing,56866,56788,56866,78
sniffing,56938,56866,56938,72
hunching,56963,56938,56963,25
climbing,57025,56963,57025,62
sniffing,57100,57025,57100,75
rising,57106,57100,57106,6
climbing,57107,57106,57107,1
rising,57115,57107,57115,8
sniffing,57116,57115,57116,1
left_turning,57143,57116,57143,27
walking,57234,57143,57234,91
left_turning,57272,57234,57272,38
sniffing,57440,57272,57440,168
right_turning,57451,57440,57451,11
walking,57497,57451,57497,46
rising,57506,57497,57506,9
rearing,57507,57506,57507,1
rising,57598,57507,57598,91
right_turning,57625,57598,57625,27
walking,57660,57625,57660,35
climbing,57661,57660,57661,1
sniffing,57662,57661,57662,1
walking,57697,57662,57697,35
climbing,57803,57697,57803,106
rising,57825,57803,57825,22
sniffing,57829,57825,57829,4
hunching,57869,57829,57869,40
left_turning,57939,57869,57939,70
walking,57960,57939,57960,21
rising,57983,57960,57983,23
climbing,58190,57983,58190,207
rising,58235,58190,58235,45
climbing,58272,58235,58272,37
rising,58333,58272,58333,61
sniffing,58334,58333,58334,1
rising,58431,58334,58431,97
sniffing,58432,58431,58432,1
grooming,58578,58432,58578,146
climbing,58579,58578,58579,1
right_turning,58620,58579,58620,41
sniffing,58780,58620,58780,160
left_turning,58786,58780,58786,6
sniffing,58787,58786,58787,1
rearing,58847,58787,58847,60
rising,58919,58847,58919,72
sniffing,59110,58919,59110,191
left_turning,59159,59110,59159,49
sniffing,59307,59159,59307,148
walking,59326,59307,59326,19
sniffing,59327,59326,59327,1
walking,59409,59327,59409,82
rising,59475,59409,59475,66
left_turning,59531,59475,59531,56
sniffing,59607,59531,59607,76
walking,59641,59607,59641,34
climbing,59717,59641,59717,76
walking,59718,59717,59718,1
sniffing,59721,59718,59721,3
rising,59722,59721,59722,1
walking,59850,59722,59850,128
rising,59851,59850,59851,1
sniffing,59852,59851,59852,1
walking,59863,59852,59863,11
sniffing,59983,59863,59983,120
climbing,59984,59983,59984,1
walking,59985,59984,59985,1
left_turning,60042,59985,60042,57
walking,60083,60042,60083,41
sniffing,60092,60083,60092,9
rearing,60093,60092,60093,1
walking,60128,60093,60128,35
sniffing,60321,60128,60321,193
right_turning,60322,60321,60322,1
trotting,60369,60322,60369,47
walking,60389,60369,60389,20
sniffing,60392,60389,60392,3
walking,60426,60392,60426,34
rising,60480,60426,60480,54
sniffing,60481,60480,60481,1
right_turning,60487,60481,60487,6
walking,60509,60487,60509,22
climbing,60524,60509,60524,15
walking,60547,60524,60547,23
left_turning,60586,60547,60586,39
walking,60660,60586,60660,74
sniffing,60702,60660,60702,42
left_turning,60750,60702,60750,48
rising,60876,60750,60876,126
sniffing,61034,60876,61034,158
climbing,61092,61034,61092,58
rising,61093,61092,61093,1
climbing,61144,61093,61144,51
walking,61170,61144,61170,26
left_turning,61214,61170,61214,44
walking,61290,61214,61290,76
sniffing,61295,61290,61295,5
pausing,61469,61295,61469,174
sniffing,61501,61469,61501,32
climbing,61623,61501,61623,122
rising,61668,61623,61668,45
left_turning,61698,61668,61698,30
trotting,61699,61698,61699,1
climbing,61700,61699,61700,1
sniffing,61768,61700,61768,68
climbing,61821,61768,61821,53
left_turning,61836,61821,61836,15
sniffing,61936,61836,61936,100
left_turning,61937,61936,61937,1
running,61953,61937,61953,16
walking,62052,61953,62052,99
sniffing,62158,62052,62158,106
left_turning,62206,62158,62206,48
walking,62302,62206,62302,96
sniffing,62377,62302,62377,75
left_turning,62382,62377,62382,5
walking,62457,62382,62457,75
sniffing,62458,62457,62458,1
trotting,62487,62458,62487,29
rising,62528,62487,62528,41
right_turning,62572,62528,62572,44
stepping,62594,62572,62594,22
trotting,62618,62594,62618,24
rising,62700,62618,62700,82
climbing,62706,62700,62706,6
rising,62725,62706,62725,19
climbing,62766,62725,62766,41
sniffing,62780,62766,62780,14
climbing,62897,62780,62897,117
sniffing,62898,62897,62898,1
left_turning,62969,62898,62969,71
trotting,63025,62969,63025,56
walking,63126,63025,63126,101
sniffing,63244,63126,63244,118
walking,63265,63244,63265,21
rearing,63302,63265,63302,37
left_turning,63331,63302,63331,29
sniffing,63370,63331,63370,39
walking,63424,63370,63424,54
left_turning,63425,63424,63425,1
stepping,63442,63425,63442,17
right_turning,63462,63442,63462,20
walking,63496,63462,63496,34
climbing,63565,63496,63565,69
sniffing,63623,63565,63623,58
grooming,63643,63623,63643,20
right_turning,63762,63643,63762,119
left_turning,63780,63762,63780,18
sniffing,63865,63780,63865,85
right_turning,63879,63865,63879,14
sniffing,64011,63879,64011,132
rising,64033,64011,64033,22
hunching,64040,64033,64040,7
sniffing,64041,64040,64041,1
trotting,64042,64041,64042,1
walking,64098,64042,64098,56
sniffing,64099,64098,64099,1
rising,64156,64099,64156,57
climbing,64217,64156,64217,61
walking,64236,64217,64236,19
trotting,64239,64236,64239,3
left_turning,64277,64239,64277,38
walking,64321,64277,64321,44
sniffing,64387,64321,64387,66
stepping,64445,64387,64445,58
walking,64455,64445,64455,10
sniffing,64502,64455,64502,47
walking,64560,64502,64560,58
right_turning,64583,64560,64583,23
rising,64584,64583,64584,1
sniffing,64605,64584,64605,21
rising,64606,64605,64606,1
rearing,64607,64606,64607,1
sniffing,64712,64607,64712,105
trotting,64713,64712,64713,1
left_turning,64767,64713,64767,54
walking,64813,64767,64813,46
sniffing,64825,64813,64825,12
climbing,64973,64825,64973,148
trotting,64974,64973,64974,1
rising,65032,64974,65032,58
stepping,65047,65032,65047,15
walking,65107,65047,65107,60
sniffing,65170,65107,65170,63
trotting,65192,65170,65192,22
sniffing,65261,65192,65261,69
trotting,65262,65261,65262,1
sniffing,65263,65262,65263,1
pausing,65900,65263,65900,637
sniffing,66037,65900,66037,137
rising,66087,66037,66087,50
sniffing,66088,66087,66088,1
rearing,66178,66088,66178,90
stepping,66211,66178,66211,33
rising,66281,66211,66281,70
right_turning,66329,66281,66329,48
sniffing,66516,66329,66516,187
rising,66575,66516,66575,59
climbing,66615,66575,66615,40
right_turning,66629,66615,66629,14
sniffing,66630,66629,66630,1
right_turning,66644,66630,66644,14
sniffing,66741,66644,66741,97
walking,66764,66741,66764,23
sniffing,66874,66764,66874,110
walking,66906,66874,66906,32
left_turning,66927,66906,66927,21
stepping,66958,66927,66958,31
walking,67014,66958,67014,56
sniffing,67079,67014,67079,65
left_turning,67100,67079,67100,21
trotting,67140,67100,67140,40
rising,67230,67140,67230,90
rearing,67231,67230,67231,1
sniffing,67277,67231,67277,46
rising,67279,67277,67279,2
climbing,67286,67279,67286,7
sniffing,67313,67286,67313,27
left_turning,67314,67313,67314,1
walking,67322,67314,67322,8
climbing,67420,67322,67420,98
sniffing,67532,67420,67532,112
climbing,67626,67532,67626,94
walking,67687,67626,67687,61
climbing,67767,67687,67767,80
right_turning,67845,67767,67845,78
rising,67884,67845,67884,39
climbing,67920,67884,67920,36
rising,67957,67920,67957,37
climbing,68006,67957,68006,49
walking,68106,68006,68106,100
sniffing,68107,68106,68107,1
hunching,68149,68107,68149,42
sniffing,68150,68149,68150,1
rising,68151,68150,68151,1
sniffing,68243,68151,68243,92
rising,68260,68243,68260,17
walking,68276,68260,68276,16
rearing,68371,68276,68371,95
grooming,68725,68371,68725,354
rearing,68753,68725,68753,28
sniffing,68801,68753,68801,48
trotting,68836,68801,68836,35
hunching,68905,68836,68905,69
rearing,69021,68905,69021,116
sniffing,69067,69021,69067,46
rearing,69068,69067,69068,1
grooming,69244,69068,69244,176
sniffing,69339,69244,69339,95
rising,69358,69339,69358,19
sniffing,69378,69358,69378,20
walking,69405,69378,69405,27
rising,69406,69405,69406,1
stepping,69445,69406,69445,39
climbing,69529,69445,69529,84
rising,69530,69529,69530,1
left_turning,69559,69530,69559,29
sniffing,69694,69559,69694,135
climbing,69723,69694,69723,29
rising,69738,69723,69738,15
rearing,69832,69738,69832,94
walking,69900,69832,69900,68
rising,69901,69900,69901,1
sniffing,69909,69901,69909,8
rising,69923,69909,69923,14
climbing,70070,69923,70070,147
walking,70083,70070,70083,13
climbing,70214,70083,70214,131
hunching,70309,70214,70309,95
climbing,70383,70309,70383,74
walking,70444,70383,70444,61
rearing,70503,70444,70503,59
rising,70504,70503,70504,1
sniffing,70599,70504,70599,95
grooming,70600,70599,70600,1
hunching,70665,70600,70665,65
rearing,70694,70665,70694,29
rising,70773,70694,70773,79
climbing,70806,70773,70806,33
rearing,70863,70806,70863,57
sniffing,70971,70863,70971,108
left_turning,70981,70971,70981,10
sniffing,71007,70981,71007,26
rising,71068,71007,71068,61
sniffing,71069,71068,71069,1
right_turning,71087,71069,71087,18
sniffing,71124,71087,71124,37
walking,71162,71124,71162,38
sniffing,71247,71162,71247,85
left_turning,71289,71247,71289,42
trotting,71295,71289,71295,6
walking,71355,71295,71355,60
sniffing,71385,71355,71385,30
walking,71386,71385,71386,1
sniffing,71397,71386,71397,11
rising,71398,71397,71398,1
sniffing,71536,71398,71536,138
right_turning,71572,71536,71572,36
sniffing,71835,71572,71835,263
walking,71872,71835,71872,37
rising,71873,71872,71873,1
climbing,71923,71873,71923,50
left_turning,71985,71923,71985,62
walking,72035,71985,72035,50
sniffing,72101,72035,72101,66
trotting,72148,72101,72148,47
walking,72149,72148,72149,1
sniffing,72150,72149,72150,1
hunching,72151,72150,72151,1
grooming,72238,72151,72238,87
rearing,72239,72238,72239,1
rising,72240,72239,72240,1
climbing,72285,72240,72285,45
right_turning,72318,72285,72318,33
stepping,72376,72318,72376,58
right_turning,72378,72376,72378,2
walking,72453,72378,72453,75
climbing,72580,72453,72580,127
rising,72663,72580,72663,83
climbing,72707,72663,72707,44
rearing,72721,72707,72721,14
climbing,72722,72721,72722,1
sniffing,72812,72722,72812,90
stepping,72835,72812,72835,23
sniffing,72858,72835,72858,23
left_turning,72929,72858,72929,71
rising,72942,72929,72942,13
walking,72961,72942,72961,19
sniffing,73114,72961,73114,153
rising,73115,73114,73115,1
sniffing,73311,73115,73311,196
left_turning,73374,73311,73374,63
walking,73413,73374,73413,39
rising,73438,73413,73438,25
sniffing,73666,73438,73666,228
rearing,73746,73666,73746,80
climbing,73847,73746,73847,101
walking,73906,73847,73906,59
left_turning,73963,73906,73963,57
sniffing,74082,73963,74082,119
walking,74167,74082,74167,85
climbing,74227,74167,74227,60
grooming,74228,74227,74228,1
rearing,74289,74228,74289,61
rising,74308,74289,74308,19
climbing,74392,74308,74392,84
left_turning,74445,74392,74445,53
sniffing,74499,74445,74499,54
right_turning,74534,74499,74534,35
left_turning,74588,74534,74588,54
sniffing,74638,74588,74638,50
walking,74639,74638,74639,1
climbing,74744,74639,74744,105
running,74763,74744,74763,19
climbing,74896,74763,74896,133
sniffing,74897,74896,74897,1
left_turning,74927,74897,74927,30
sniffing,75009,74927,75009,82
walking,75050,75009,75050,41
rising,75090,75050,75090,40
rearing,75105,75090,75105,15
rising,75106,75105,75106,1
climbing,75355,75106,75355,249
walking,75356,75355,75356,1
left_turning,75415,75356,75415,59
walking,75477,75415,75477,62
sniffing,75567,75477,75567,90
right_turning,75599,75567,75599,32
walking,75621,75599,75621,22
sniffing,75622,75621,75622,1
rising,75647,75622,75647,25
rearing,75699,75647,75699,52
climbing,75748,75699,75748,49
trotting,75763,75748,75763,15
rearing,75764,75763,75764,1
left_turning,75788,75764,75788,24
walking,75789,75788,75789,1
sniffing,75790,75789,75790,1
rising,75863,75790,75863,73
sniffing,75864,75863,75864,1
walking,75911,75864,75911,47
sniffing,75912,75911,75912,1
rising,76009,75912,76009,97
right_turning,76030,76009,76030,21
trotting,76037,76030,76037,7
walking,76120,76037,76120,83
trotting,76155,76120,76155,35
rising,76269,76155,76269,114
walking,76286,76269,76286,17
right_turning,76287,76286,76287,1
sniffing,76405,76287,76405,118
rising,76481,76405,76481,76
walking,76486,76481,76486,5
sniffing,76487,76486,76487,1
rising,76488,76487,76488,1
sniffing,76559,76488,76559,71
walking,76594,76559,76594,35
sniffing,76682,76594,76682,88
rising,76766,76682,76766,84
walking,76834,76766,76834,68
left_turning,76877,76834,76877,43
sniffing,76878,76877,76878,1
rearing,76937,76878,76937,59
sniffing,77090,76937,77090,153
left_turning,77266,77090,77266,176
walking,77338,77266,77338,72
sniffing,77364,77338,77364,26
walking,77419,77364,77419,55
stepping,77495,77419,77495,76
walking,77547,77495,77547,52
trotting,77555,77547,77555,8
stepping,77614,77555,77614,59
sniffing,77657,77614,77657,43
walking,77682,77657,77682,25
right_turning,77683,77682,77683,1
sniffing,77684,77683,77684,1
right_turning,77721,77684,77721,37
running,77744,77721,77744,23
stepping,77791,77744,77791,47
sniffing,77869,77791,77869,78
climbing,77882,77869,77882,13
right_turning,77918,77882,77918,36
climbing,77919,77918,77919,1
rising,78017,77919,78017,98
sniffing,78071,78017,78071,54
rising,78122,78071,78122,51
climbing,78141,78122,78141,19
running,78177,78141,78177,36
left_turning,78196,78177,78196,19
sniffing,78413,78196,78413,217
stepping,78422,78413,78422,9
left_turning,78424,78422,78424,2
trotting,78460,78424,78460,36
sniffing,78587,78460,78587,127
walking,78606,78587,78606,19
right_turning,78616,78606,78616,10
walking,78665,78616,78665,49
rearing,78690,78665,78690,25
sniffing,78691,78690,78691,1
right_turning,78699,78691,78699,8
sniffing,78704,78699,78704,5
rising,78705,78704,78705,1
climbing,78798,78705,78798,93
rearing,78799,78798,78799,1
climbing,78858,78799,78858,59
rising,78892,78858,78892,34
rearing,78913,78892,78913,21
grooming,79015,78913,79015,102
rearing,79016,79015,79016,1
hunching,79057,79016,79057,41
sniffing,79086,79057,79086,29
climbing,79174,79086,79174,88
trotting,79207,79174,79207,33
walking,79211,79207,79211,4
sniffing,79279,79211,79279,68
climbing,79280,79279,79280,1
hunching,79281,79280,79281,1
sniffing,79289,79281,79289,8
left_turning,79307,79289,79307,18
walking,79310,79307,79310,3
rising,79360,79310,79360,50
sniffing,79418,79360,79418,58
left_turning,79450,79418,79450,32
sniffing,79485,79450,79485,35
left_turning,79567,79485,79567,82
running,79577,79567,79577,10
walking,79595,79577,79595,18
climbing,79710,79595,79710,115
rearing,79714,79710,79714,4
sniffing,79865,79714,79865,151
grooming,79977,79865,79977,112
left_turning,79989,79977,79989,12
right_turning,80021,79989,80021,32
walking,80022,80021,80022,1
stepping,80023,80022,80023,1
left_turning,80047,80023,80047,24
walking,80149,80047,80149,102
sniffing,80226,80149,80226,77
rising,80284,80226,80284,58
climbing,80315,80284,80315,31
hunching,80316,80315,80316,1
climbing,80385,80316,80385,69
grooming,80386,80385,80386,1
rising,80447,80386,80447,61
walking,80457,80447,80457,10
rising,80468,80457,80468,11
rearing,80469,80468,80469,1
climbing,80508,80469,80508,39
rising,80509,80508,80509,1
sniffing,80605,80509,80605,96
rearing,80642,80605,80642,37
rising,80660,80642,80660,18
walking,80761,80660,80761,101
sniffing,80778,80761,80778,17
left_turning,80792,80778,80792,14
stepping,80827,80792,80827,35
walking,80828,80827,80828,1
sniffing,80917,80828,80917,89
rising,80919,80917,80919,2
walking,81035,80919,81035,116
left_turning,81085,81035,81085,50
walking,81118,81085,81118,33
sniffing,81119,81118,81119,1
rising,81149,81119,81149,30
jumping,81230,81149,81230,81
trotting,81258,81230,81258,28
walking,81259,81258,81259,1
sniffing,81358,81259,81358,99
rising,81435,81358,81435,77
climbing,81533,81435,81533,98
trotting,81570,81533,81570,37
rising,81616,81570,81616,46
walking,81716,81616,81716,100
sniffing,81789,81716,81789,73
left_turning,81796,81789,81796,7
sniffing,81985,81796,81985,189
walking,82036,81985,82036,51
left_turning,82099,82036,82099,63
walking,82116,82099,82116,17
sniffing,82236,82116,82236,120
walking,82312,82236,82312,76
sniffing,82313,82312,82313,1
pausing,83031,82313,83031,718
sniffing,83118,83031,83118,87
right_turning,83137,83118,83137,19
trotting,83138,83137,83138,1
walking,83157,83138,83157,19
sniffing,83171,83157,83171,14
running,83199,83171,83199,28
sniffing,83230,83199,83230,31
walking,83354,83230,83354,124
climbing,83364,83354,83364,10
left_turning,83369,83364,83369,5
stepping,83389,83369,83389,20
left_turning,83428,83389,83428,39
sniffing,83444,83428,83444,16
climbing,83543,83444,83543,99
stepping,83570,83543,83570,27
walking,83603,83570,83603,33
trotting,83632,83603,83632,29
sniffing,83657,83632,83657,25
pausing,84291,83657,84291,634
sniffing,84530,84291,84530,239
hunching,84531,84530,84531,1
sniffing,84555,84531,84555,24
running,84569,84555,84569,14
walking,84630,84569,84630,61
trotting,84650,84630,84650,20
climbing,84787,84650,84787,137
sniffing,84846,84787,84846,59
left_turning,84888,84846,84888,42
walking,84991,84888,84991,103
rising,85015,84991,85015,24
climbing,85086,85015,85086,71
rising,85196,85086,85196,110
sniffing,85248,85196,85248,52
walking,85336,85248,85336,88
sniffing,85496,85336,85496,160
walking,85497,85496,85497,1
sniffing,85576,85497,85576,79
trotting,85633,85576,85633,57
rising,85672,85633,85672,39
climbing,85768,85672,85768,96
trotting,85815,85768,85815,47
sniffing,85974,85815,85974,159
rising,86147,85974,86147,173
climbing,86244,86147,86244,97
walking,86315,86244,86315,71
rising,86368,86315,86368,53
sniffing,86471,86368,86471,103
left_turning,86527,86471,86527,56
sniffing,86597,86527,86597,70
grooming,86598,86597,86598,1
climbing,86679,86598,86679,81
right_turning,86703,86679,86703,24
trotting,86708,86703,86708,5
climbing,86800,86708,86800,92
right_turning,86801,86800,86801,1
rising,86806,86801,86806,5
rearing,86862,86806,86862,56
right_turning,86866,86862,86866,4
walking,86905,86866,86905,39
rising,86964,86905,86964,59
sniffing,86970,86964,86970,6
trotting,86997,86970,86997,27
rising,87001,86997,87001,4
climbing,87026,87001,87026,25
right_turning,87062,87026,87062,36
trotting,87104,87062,87104,42
sniffing,87105,87104,87105,1
rising,87140,87105,87140,35
sniffing,87284,87140,87284,144
climbing,87348,87284,87348,64
rising,87349,87348,87349,1
climbing,87415,87349,87415,66
rearing,87463,87415,87463,48
rising,87516,87463,87516,53
climbing,87656,87516,87656,140
sniffing,87676,87656,87676,20
left_turning,87700,87676,87700,24
walking,87761,87700,87761,61
sniffing,87943,87761,87943,182
rising,87953,87943,87953,10
sniffing,87964,87953,87964,11
left_turning,88019,87964,88019,55
walking,88054,88019,88054,35
sniffing,88055,88054,88055,1
rising,88114,88055,88114,59
rearing,88115,88114,88115,1
rising,88144,88115,88144,29
climbing,88171,88144,88171,27
sniffing,88325,88171,88325,154
left_turning,88326,88325,88326,1
sniffing,88327,88326,88327,1
walking,88401,88327,88401,74
stepping,88448,88401,88448,47
left_turning,88474,88448,88474,26
sniffing,88542,88474,88542,68
climbing,88634,88542,88634,92
sniffing,88747,88634,88747,113
trotting,88787,88747,88787,40
sniffing,88848,88787,88848,61
rising,88857,88848,88857,9
climbing,88858,88857,88858,1
rearing,88957,88858,88957,99
rising,89031,88957,89031,74
climbing,89166,89031,89166,135
sniffing,89176,89166,89176,10
walking,89342,89176,89342,166
trotting,89393,89342,89393,51
rising,89458,89393,89458,65
left_turning,89497,89458,89497,39
walking,89523,89497,89523,26
rearing,89572,89523,89572,49
climbing,89687,89572,89687,115
walking,89804,89687,89804,117
climbing,89902,89804,89902,98
rising,89923,89902,89923,21
pausing,89924,89923,89924,1
sniffing,89925,89924,89925,1
left_turning,89926,89925,89926,1
trotting,89953,89926,89953,27
sniffing,89954,89953,89954,1
rising,89955,89954,89955,1
right_turning,90001,89955,90001,46
walking,90101,90001,90101,100
rearing,90143,90101,90143,42
climbing,90181,90143,90181,38
rising,90182,90181,90182,1
hunching,90248,90182,90248,66
sniffing,90249,90248,90249,1
hunching,90254,90249,90254,5
rising,90255,90254,90255,1
sniffing,90260,90255,90260,5
rising,90261,90260,90261,1
sniffing,90262,90261,90262,1
rising,90338,90262,90338,76
sniffing,90672,90338,90672,334
trotting,90698,90672,90698,26
walking,90744,90698,90744,46
sniffing,90745,90744,90745,1
rearing,90772,90745,90772,27
climbing,90860,90772,90860,88
rising,90879,90860,90879,19
sniffing,90880,90879,90880,1
climbing,90907,90880,90907,27
sniffing,91064,90907,91064,157
rising,91065,91064,91065,1
sniffing,91086,91065,91086,21
rearing,91087,91086,91087,1
climbing,91088,91087,91088,1
hunching,91132,91088,91132,44
climbing,91236,91132,91236,104
walking,91261,91236,91261,25
sniffing,91262,91261,91262,1
trotting,91292,91262,91292,30
sniffing,91360,91292,91360,68
rising,91361,91360,91361,1
sniffing,91388,91361,91388,27
climbing,91484,91388,91484,96
trotting,91518,91484,91518,34
walking,91565,91518,91565,47
rising,91576,91565,91576,11
climbing,91607,91576,91607,31
rising,91667,91607,91667,60
sniffing,91696,91667,91696,29
climbing,91735,91696,91735,39
sniffing,91850,91735,91850,115
rising,91861,91850,91861,11
walking,91896,91861,91896,35
rising,91963,91896,91963,67
climbing,91964,91963,91964,1
sniffing,92158,91964,92158,194
trotting,92223,92158,92223,65
climbing,92272,92223,92272,49
sniffing,92319,92272,92319,47
rising,92613,92319,92613,294
trotting,92658,92613,92658,45
sniffing,92752,92658,92752,94
climbing,92952,92752,92952,200
grooming,93108,92952,93108,156
rearing,93131,93108,93131,23
climbing,93190,93131,93190,59
grooming,93327,93190,93327,137
hunching,93392,93327,93392,65
left_turning,93393,93392,93393,1
walking,93450,93393,93450,57
sniffing,93568,93450,93568,118
left_turning,93625,93568,93625,57
rising,93652,93625,93652,27
left_turning,93653,93652,93653,1
climbing,93705,93653,93705,52
sniffing,93805,93705,93805,100
walking,93823,93805,93823,18
sniffing,93859,93823,93859,36
stepping,93881,93859,93881,22
left_turning,93890,93881,93890,9
rising,93891,93890,93891,1
climbing,93892,93891,93892,1
rising,93943,93892,93943,51
sniffing,94099,93943,94099,156
rising,94132,94099,94132,33
climbing,94250,94132,94250,118
walking,94257,94250,94257,7
rising,94313,94257,94313,56
climbing,94396,94313,94396,83
rearing,94397,94396,94397,1
sniffing,94422,94397,94422,25
grooming,94573,94422,94573,151
rearing,94676,94573,94676,103
grooming,94677,94676,94677,1
rearing,94678,94677,94678,1
sniffing,94705,94678,94705,27
walking,94765,94705,94765,60
sniffing,94803,94765,94803,38
rearing,94901,94803,94901,98
grooming,94945,94901,94945,44
left_turning,94980,94945,94980,35
rising,94981,94980,94981,1
sniffing,95083,94981,95083,102
stepping,95117,95083,95117,34
sniffing,95197,95117,95197,80
rising,95230,95197,95230,33
rearing,95299,95230,95299,69
sniffing,95373,95299,95373,74
rising,95413,95373,95413,40
stepping,95445,95413,95445,32
left_turning,95461,95445,95461,16
sniffing,95601,95461,95601,140
pausing,95814,95601,95814,213
sniffing,95815,95814,95815,1
rising,95884,95815,95884,69
climbing,95889,95884,95889,5
sniffing,95907,95889,95907,18
climbing,96080,95907,96080,173
walking,96083,96080,96083,3
jumping,96106,96083,96106,23
sniffing,96420,96106,96420,314
rising,96466,96420,96466,46
sniffing,96502,96466,96502,36
trotting,96517,96502,96517,15
walking,96535,96517,96535,18
sniffing,96536,96535,96536,1
walking,96553,96536,96553,17
rising,96592,96553,96592,39
climbing,96699,96592,96699,107
hunching,96766,96699,96766,67
grooming,96767,96766,96767,1
rearing,97009,96767,97009,242
rising,97046,97009,97046,37
sniffing,97047,97046,97047,1
rising,97048,97047,97048,1
climbing,97102,97048,97102,54
walking,97103,97102,97103,1
sniffing,97104,97103,97104,1
pausing,97233,97104,97233,129
sniffing,97309,97233,97309,76
rising,97313,97309,97313,4
sniffing,97368,97313,97368,55
hunching,97420,97368,97420,52
climbing,97488,97420,97488,68
sniffing,97520,97488,97520,32
hunching,97521,97520,97521,1
rearing,97579,97521,97579,58
rising,97598,97579,97598,19
climbing,97673,97598,97673,75
right_turning,97680,97673,97680,7
rearing,97860,97680,97860,180
sniffing,98088,97860,98088,228
climbing,98129,98088,98129,41
rising,98135,98129,98135,6
climbing,98196,98135,98196,61
sniffing,98268,98196,98268,72
trotting,98303,98268,98303,35
grooming,98612,98303,98612,309
rearing,98660,98612,98660,48
right_turning,98672,98660,98672,12
sniffing,98733,98672,98733,61
grooming,98734,98733,98734,1
rearing,98762,98734,98762,28
rising,98882,98762,98882,120
sniffing,99029,98882,99029,147
stepping,99060,99029,99060,31
left_turning,99146,99060,99146,86
walking,99228,99146,99228,82
sniffing,99376,99228,99376,148
climbing,99465,99376,99465,89
hunching,99466,99465,99466,1
sniffing,99593,99466,99593,127
hunching,99594,99593,99594,1
right_turning,99608,99594,99608,14
walking,99664,99608,99664,56
sniffing,99844,99664,99844,180
grooming,99921,99844,99921,77
sniffing,100042,99921,100042,121
walking,100084,100042,100084,42
sniffing,100186,100084,100186,102
rising,100226,100186,100226,40
sniffing,100240,100226,100240,14
walking,100266,100240,100266,26
sniffing,100270,100266,100270,4
rising,100364,100270,100364,94
climbing,100480,100364,100480,116
rising,100545,100480,100545,65
sniffing,100546,100545,100546,1
grooming,100686,100546,100686,140
sniffing,100767,100686,100767,81
trotting,100807,100767,100807,40
climbing,100846,100807,100846,39
right_turning,100868,100846,100868,22
stepping,100880,100868,100880,12
sniffing,101019,100880,101019,139
rising,101030,101019,101030,11
climbing,101089,101030,101089,59
grooming,101313,101089,101313,224
sniffing,101355,101313,101355,42
rising,101436,101355,101436,81
rearing,101493,101436,101493,57
sniffing,101580,101493,101580,87
walking,101628,101580,101628,48
rearing,101629,101628,101629,1
walking,101693,101629,101693,64
rising,101734,101693,101734,41
climbing,101797,101734,101797,63
rising,101819,101797,101819,22
sniffing,102000,101819,102000,181
grooming,102001,102000,102001,1
left_turning,102048,102001,102048,47
stepping,102063,102048,102063,15
sniffing,102124,102063,102124,61
walking,102153,102124,102153,29
sniffing,102164,102153,102164,11
grooming,102165,102164,102165,1
rearing,102166,102165,102166,1
climbing,102227,102166,102227,61
right_turning,102233,102227,102233,6
walking,102234,102233,102234,1
sniffing,102382,102234,102382,148
walking,102495,102382,102495,113
sniffing,102886,102495,102886,391
rising,102887,102886,102887,1
sniffing,102895,102887,102895,8
grooming,103644,102895,103644,749
walking,103669,103644,103669,25
rising,103721,103669,103721,52
sniffing,103766,103721,103766,45
grooming,103767,103766,103767,1
hunching,103782,103767,103782,15
sniffing,103830,103782,103830,48
stepping,103840,103830,103840,10
walking,103864,103840,103864,24
trotting,103902,103864,103902,38
left_turning,103957,103902,103957,55
rising,104035,103957,104035,78
grooming,104108,104035,104108,73
hunching,104211,104108,104211,103
climbing,104269,104211,104269,58
sniffing,104391,104269,104391,122
climbing,104499,104391,104499,108
sniffing,104500,104499,104500,1
rising,104530,104500,104530,30
rearing,104589,104530,104589,59
rising,104591,104589,104591,2
climbing,104698,104591,104698,107
trotting,104731,104698,104731,33
walking,104790,104731,104790,59
sniffing,105035,104790,105035,245
right_turning,105036,105035,105036,1
trotting,105062,105036,105062,26
sniffing,105063,105062,105063,1
rising,105126,105063,105126,63
rearing,105127,105126,105127,1
sniffing,105128,105127,105128,1
walking,105154,105128,105154,26
sniffing,105284,105154,105284,130
left_turning,105316,105284,105316,32
stepping,105381,105316,105381,65
left_turning,105411,105381,105411,30
pausing,105878,105411,105878,467
sniffing,105997,105878,105997,119
walking,106030,105997,106030,33
sniffing,106031,106030,106031,1
trotting,106066,106031,106066,35
sniffing,106134,106066,106134,68
rising,106196,106134,106196,62
climbing,106236,106196,106236,40
walking,106250,106236,106250,14
rising,106284,106250,106284,34
sniffing,106335,106284,106335,51
climbing,106420,106335,106420,85
right_turning,106456,106420,106456,36
sniffing,106457,106456,106457,1
walking,106479,106457,106479,22
climbing,106480,106479,106480,1
sniffing,106547,106480,106547,67
pausing,106739,106547,106739,192
sniffing,106740,106739,106740,1
right_turning,106741,106740,106741,1
walking,106747,106741,106747,6
rising,106833,106747,106833,86
climbing,106885,106833,106885,52
grooming,106886,106885,106886,1
walking,106919,106886,106919,33
climbing,106987,106919,106987,68
sniffing,107015,106987,107015,28
rising,107016,107015,107016,1
climbing,107071,107016,107071,55
rising,107113,107071,107113,42
climbing,107131,107113,107131,18
grooming,107200,107131,107200,69
hunching,107333,107200,107333,133
rearing,107442,107333,107442,109
sniffing,107481,107442,107481,39
grooming,107482,107481,107482,1
climbing,107502,107482,107502,20
sniffing,107608,107502,107608,106
grooming,107609,107608,107609,1
rising,107677,107609,107677,68
trotting,107692,107677,107692,15
sniffing,107965,107692,107965,273
climbing,108000,107965,108000,35
