revised_movement_label,segBoundary,segBoundary_start,segBoundary_end,length
walking,56,0,56,56
sniffing,147,56,147,91
rising,202,147,202,55
climbing,254,202,254,52
walking,352,254,352,98
rising,376,352,376,24
climbing,472,376,472,96
sniffing,579,472,579,107
stepping,662,579,662,83
sniffing,838,662,838,176
walking,925,838,925,87
sniffing,952,925,952,27
grooming,976,952,976,24
sniffing,1018,976,1018,42
walking,1112,1018,1112,94
right_turning,1126,1112,1126,14
sniffing,1212,1126,1212,86
rearing,1235,1212,1235,23
rising,1236,1235,1236,1
climbing,1289,1236,1289,53
sniffing,1302,1289,1302,13
rising,1331,1302,1331,29
left_turning,1332,1331,1332,1
sniffing,1340,1332,1340,8
trotting,1352,1340,1352,12
sniffing,1353,1352,1353,1
rearing,1354,1353,1354,1
grooming,1410,1354,1410,56
sniffing,1411,1410,1411,1
climbing,1435,1411,1435,24
rising,1492,1435,1492,57
sniffing,1610,1492,1610,118
climbing,1636,1610,1636,26
walking,1687,1636,1687,51
sniffing,1796,1687,1796,109
climbing,1855,1796,1855,59
rising,1922,1855,1922,67
sniffing,1946,1922,1946,24
walking,2068,1946,2068,122
sniffing,2122,2068,2122,54
left_turning,2123,2122,2123,1
walking,2140,2123,2140,17
sniffing,2174,2140,2174,34
right_turning,2177,2174,2177,3
sniffing,2211,2177,2211,34
walking,2300,2211,2300,89
trotting,2322,2300,2322,22
rising,2332,2322,2332,10
climbing,2366,2332,2366,34
sniffing,2398,2366,2398,32
left_turning,2473,2398,2473,75
sniffing,2491,2473,2491,18
trotting,2518,2491,2518,27
sniffing,2621,2518,2621,103
rising,2636,2621,2636,15
sniffing,2686,2636,2686,50
climbing,2745,2686,2745,59
sniffing,2831,2745,2831,86
rising,2918,2831,2918,87
left_turning,2942,2918,2942,24
sniffing,3050,2942,3050,108
climbing,3106,3050,3106,56
rearing,3258,3106,3258,152
grooming,3259,3258,3259,1
sniffing,3260,3259,3260,1
rising,3284,3260,3284,24
rearing,3298,3284,3298,14
climbing,3345,3298,3345,47
right_turning,3354,3345,3354,9
sniffing,3402,3354,3402,48
rising,3437,3402,3437,35
sniffing,3529,3437,3529,92
pausing,3711,3529,3711,182
stepping,3755,3711,3755,44
climbing,3810,3755,3810,55
sniffing,3811,3810,3811,1
climbing,3817,3811,3817,6
left_turning,3830,3817,3830,13
sniffing,3903,3830,3903,73
climbing,3976,3903,3976,73
walking,4077,3976,4077,101
climbing,4109,4077,4109,32
sniffing,4110,4109,4110,1
left_turning,4132,4110,4132,22
sniffing,4204,4132,4204,72
walking,4296,4204,4296,92
left_turning,4304,4296,4304,8
sniffing,4341,4304,4341,37
walking,4346,4341,4346,5
sniffing,4395,4346,4395,49
walking,4472,4395,4472,77
climbing,4510,4472,4510,38
sniffing,4563,4510,4563,53
pausing,4701,4563,4701,138
sniffing,4702,4701,4702,1
climbing,4757,4702,4757,55
sniffing,4795,4757,4795,38
climbing,4859,4795,4859,64
sniffing,4880,4859,4880,21
rearing,4909,4880,4909,29
hunching,4929,4909,4929,20
sniffing,4939,4929,4939,10
climbing,5001,4939,5001,62
running,5019,5001,5019,18
walking,5037,5019,5037,18
sniffing,5124,5037,5124,87
trotting,5147,5124,5147,23
walking,5167,5147,5167,20
climbing,5216,5167,5216,49
sniffing,5352,5216,5352,136
rising,5406,5352,5406,54
left_turning,5467,5406,5467,61
sniffing,5566,5467,5566,99
rising,5603,5566,5603,37
right_turning,5638,5603,5638,35
walking,5724,5638,5724,86
climbing,5746,5724,5746,22
right_turning,5759,5746,5759,13
running,5791,5759,5791,32
right_turning,5860,5791,5860,69
rising,5891,5860,5891,31
climbing,5952,5891,5952,61
running,5979,5952,5979,27
trotting,6021,5979,6021,42
stepping,6110,6021,6110,89
rising,6162,6110,6162,52
left_turning,6163,6162,6163,1
climbing,6180,6163,6180,17
sniffing,6224,6180,6224,44
walking,6406,6224,6406,182
trotting,6443,6406,6443,37
walking,6452,6443,6452,9
left_turning,6620,6452,6620,168
sniffing,6671,6620,6671,51
left_turning,6704,6671,6704,33
sniffing,6719,6704,6719,15
walking,6733,6719,6733,14
running,6776,6733,6776,43
sniffing,6870,6776,6870,94
rising,6922,6870,6922,52
climbing,6999,6922,6999,77
sniffing,7000,6999,7000,1
left_turning,7079,7000,7079,79
trotting,7133,7079,7133,54
rising,7134,7133,7134,1
climbing,7160,7134,7160,26
stepping,7187,7160,7187,27
climbing,7222,7187,7222,35
walking,7248,7222,7248,26
rising,7249,7248,7249,1
walking,7250,7249,7250,1
sniffing,7251,7250,7251,1
rising,7291,7251,7291,40
left_turning,7299,7291,7299,8
rising,7345,7299,7345,46
right_turning,7358,7345,7358,13
running,7402,7358,7402,44
walking,7404,7402,7404,2
sniffing,7518,7404,7518,114
rising,7531,7518,7531,13
climbing,7567,7531,7567,36
rising,7568,7567,7568,1
climbing,7627,7568,7627,59
rising,7668,7627,7668,41
walking,7699,7668,7699,31
sniffing,7700,7699,7700,1
rising,7722,7700,7722,22
climbing,7764,7722,7764,42
rising,7765,7764,7765,1
climbing,7789,7765,7789,24
walking,7873,7789,7873,84
rising,7958,7873,7958,85
sniffing,8019,7958,8019,61
left_turning,8020,8019,8020,1
walking,8070,8020,8070,50
left_turning,8122,8070,8122,52
trotting,8162,8122,8162,40
running,8212,8162,8212,50
left_turning,8213,8212,8213,1
sniffing,8275,8213,8275,62
grooming,8276,8275,8276,1
rearing,8342,8276,8342,66
climbing,8348,8342,8348,6
sniffing,8478,8348,8478,130
rising,8492,8478,8492,14
climbing,8535,8492,8535,43
running,8573,8535,8573,38
rising,8586,8573,8586,13
walking,8704,8586,8704,118
climbing,8734,8704,8734,30
left_turning,8818,8734,8818,84
trotting,8834,8818,8834,16
walking,8858,8834,8858,24
rising,8885,8858,8885,27
sniffing,8970,8885,8970,85
rising,9068,8970,9068,98
climbing,9078,9068,9078,10
walking,9092,9078,9092,14
sniffing,9093,9092,9093,1
hunching,9094,9093,9094,1
walking,9146,9094,9146,52
sniffing,9154,9146,9154,8
rising,9155,9154,9155,1
climbing,9172,9155,9172,17
walking,9189,9172,9189,17
sniffing,9298,9189,9298,109
rising,9356,9298,9356,58
rearing,9469,9356,9469,113
rising,9525,9469,9525,56
right_turning,9526,9525,9526,1
left_turning,9578,9526,9578,52
walking,9581,9578,9581,3
rising,9663,9581,9663,82
climbing,9720,9663,9720,57
right_turning,9721,9720,9721,1
trotting,9723,9721,9723,2
right_turning,9765,9723,9765,42
walking,9830,9765,9830,65
rising,9845,9830,9845,15
rearing,10024,9845,10024,179
grooming,10143,10024,10143,119
left_turning,10219,10143,10219,76
walking,10241,10219,10241,22
sniffing,10242,10241,10242,1
hunching,10303,10242,10303,61
grooming,10384,10303,10384,81
right_turning,10388,10384,10388,4
trotting,10452,10388,10452,64
sniffing,10501,10452,10501,49
walking,10583,10501,10583,82
sniffing,10664,10583,10664,81
walking,10792,10664,10792,128
sniffing,11057,10792,11057,265
rising,11125,11057,11125,68
left_turning,11160,11125,11160,35
climbing,11179,11160,11179,19
rising,11241,11179,11241,62
climbing,11304,11241,11304,63
hunching,11348,11304,11348,44
sniffing,11477,11348,11477,129
left_turning,11499,11477,11499,22
walking,11631,11499,11631,132
left_turning,11641,11631,11641,10
walking,11672,11641,11672,31
sniffing,11673,11672,11673,1
right_turning,11707,11673,11707,34
walking,11738,11707,11738,31
left_turning,11787,11738,11787,49
sniffing,11953,11787,11953,166
rising,11997,11953,11997,44
climbing,12081,11997,12081,84
right_turning,12107,12081,12107,26
walking,12184,12107,12184,77
rising,12207,12184,12207,23
sniffing,12310,12207,12310,103
rising,12322,12310,12322,12
sniffing,12431,12322,12431,109
rising,12432,12431,12432,1
climbing,12438,12432,12438,6
right_turning,12471,12438,12471,33
rising,12484,12471,12484,13
trotting,12524,12484,12524,40
rising,12595,12524,12595,71
sniffing,12652,12595,12652,57
right_turning,12653,12652,12653,1
stepping,12693,12653,12693,40
walking,12782,12693,12782,89
sniffing,12850,12782,12850,68
right_turning,12866,12850,12866,16
walking,12884,12866,12884,18
sniffing,12939,12884,12939,55
left_turning,13054,12939,13054,115
trotting,13087,13054,13087,33
sniffing,13088,13087,13088,1
grooming,13187,13088,13187,99
walking,13208,13187,13208,21
stepping,13224,13208,13224,16
walking,13299,13224,13299,75
left_turning,13315,13299,13315,16
walking,13400,13315,13400,85
sniffing,13511,13400,13511,111
left_turning,13606,13511,13606,95
sniffing,13731,13606,13731,125
running,13763,13731,13763,32
trotting,13825,13763,13825,62
sniffing,13834,13825,13834,9
walking,13906,13834,13906,72
sniffing,13953,13906,13953,47
climbing,13994,13953,13994,41
stepping,14032,13994,14032,38
left_turning,14067,14032,14067,35
trotting,14095,14067,14095,28
running,14116,14095,14116,21
walking,14174,14116,14174,58
sniffing,14236,14174,14236,62
rising,14237,14236,14237,1
climbing,14391,14237,14391,154
sniffing,14432,14391,14432,41
right_turning,14451,14432,14451,19
stepping,14491,14451,14491,40
climbing,14577,14491,14577,86
rearing,14639,14577,14639,62
sniffing,14715,14639,14715,76
walking,14716,14715,14716,1
sniffing,14717,14716,14717,1
left_turning,14779,14717,14779,62
sniffing,14795,14779,14795,16
climbing,14823,14795,14823,28
sniffing,14858,14823,14858,35
rising,14916,14858,14916,58
rearing,14927,14916,14927,11
trotting,14953,14927,14953,26
walking,15012,14953,15012,59
sniffing,15102,15012,15102,90
walking,15114,15102,15114,12
rising,15135,15114,15135,21
climbing,15184,15135,15184,49
right_turning,15219,15184,15219,35
walking,15266,15219,15266,47
sniffing,15319,15266,15319,53
walking,15532,15319,15532,213
sniffing,15614,15532,15614,82
rearing,15648,15614,15648,34
climbing,15724,15648,15724,76
hunching,15807,15724,15807,83
walking,15875,15807,15875,68
climbing,15906,15875,15906,31
sniffing,15927,15906,15927,21
rising,15928,15927,15928,1
climbing,15929,15928,15929,1
rising,15976,15929,15976,47
climbing,15979,15976,15979,3
rising,16038,15979,16038,59
climbing,16104,16038,16104,66
sniffing,16216,16104,16216,112
walking,16230,16216,16230,14
rising,16231,16230,16231,1
trotting,16232,16231,16232,1
walking,16331,16232,16331,99
rising,16369,16331,16369,38
sniffing,16435,16369,16435,66
rising,16451,16435,16451,16
climbing,16497,16451,16497,46
right_turning,16514,16497,16514,17
stepping,16580,16514,16580,66
running,16633,16580,16633,53
stepping,16636,16633,16636,3
sniffing,16679,16636,16679,43
trotting,16727,16679,16727,48
stepping,16782,16727,16782,55
walking,16821,16782,16821,39
left_turning,16826,16821,16826,5
rearing,16827,16826,16827,1
walking,16865,16827,16865,38
sniffing,16866,16865,16866,1
left_turning,16867,16866,16867,1
sniffing,16983,16867,16983,116
trotting,17043,16983,17043,60
stepping,17085,17043,17085,42
sniffing,17086,17085,17086,1
left_turning,17090,17086,17090,4
climbing,17165,17090,17165,75
rising,17199,17165,17199,34
walking,17235,17199,17235,36
left_turning,17236,17235,17236,1
walking,17273,17236,17273,37
left_turning,17335,17273,17335,62
sniffing,17648,17335,17648,313
walking,17654,17648,17654,6
climbing,17712,17654,17712,58
rising,17756,17712,17756,44
trotting,17763,17756,17763,7
walking,17782,17763,17782,19
sniffing,17898,17782,17898,116
grooming,17969,17898,17969,71
hunching,17991,17969,17991,22
sniffing,18048,17991,18048,57
trotting,18082,18048,18082,34
left_turning,18110,18082,18110,28
sniffing,18136,18110,18136,26
walking,18144,18136,18144,8
rising,18147,18144,18147,3
climbing,18188,18147,18188,41
sniffing,18292,18188,18292,104
stepping,18293,18292,18293,1
sniffing,18299,18293,18299,6
rising,18328,18299,18328,29
sniffing,18376,18328,18376,48
walking,18461,18376,18461,85
sniffing,18561,18461,18561,100
climbing,18571,18561,18571,10
sniffing,18640,18571,18640,69
running,18669,18640,18669,29
sniffing,18715,18669,18715,46
stepping,18759,18715,18759,44
trotting,18764,18759,18764,5
sniffing,18765,18764,18765,1
rising,18804,18765,18804,39
sniffing,18805,18804,18805,1
rising,18824,18805,18824,19
sniffing,18927,18824,18927,103
rising,18960,18927,18960,33
climbing,18971,18960,18971,11
sniffing,18972,18971,18972,1
left_turning,18996,18972,18996,24
sniffing,19107,18996,19107,111
trotting,19108,19107,19108,1
sniffing,19241,19108,19241,133
walking,19316,19241,19316,75
stepping,19366,19316,19366,50
hunching,19373,19366,19373,7
grooming,19374,19373,19374,1
sniffing,19423,19374,19423,49
walking,19488,19423,19488,65
sniffing,19517,19488,19517,29
left_turning,19538,19517,19538,21
walking,19539,19538,19539,1
climbing,19540,19539,19540,1
rearing,19612,19540,19612,72
climbing,19655,19612,19655,43
sniffing,19711,19655,19711,56
left_turning,19777,19711,19777,66
walking,19830,19777,19830,53
left_turning,19831,19830,19831,1
walking,19899,19831,19899,68
sniffing,19989,19899,19989,90
walking,20018,19989,20018,29
right_turning,20056,20018,20056,38
trotting,20079,20056,20079,23
sniffing,20135,20079,20135,56
rising,20165,20135,20165,30
left_turning,20235,20165,20235,70
walking,20302,20235,20302,67
trotting,20347,20302,20347,45
walking,20384,20347,20384,37
sniffing,20435,20384,20435,51
left_turning,20462,20435,20462,27
walking,20512,20462,20512,50
left_turning,20571,20512,20571,59
sniffing,20693,20571,20693,122
walking,20694,20693,20694,1
left_turning,20711,20694,20711,17
running,20754,20711,20754,43
sniffing,20756,20754,20756,2
rising,20764,20756,20764,8
left_turning,20820,20764,20820,56
sniffing,20886,20820,20886,66
trotting,20914,20886,20914,28
right_turning,20967,20914,20967,53
walking,21046,20967,21046,79
rising,21057,21046,21057,11
climbing,21064,21057,21064,7
hunching,21065,21064,21065,1
climbing,21090,21065,21090,25
rising,21117,21090,21117,27
walking,21196,21117,21196,79
trotting,21232,21196,21232,36
sniffing,21259,21232,21259,27
walking,21276,21259,21276,17
sniffing,21318,21276,21318,42
climbing,21350,21318,21350,32
rearing,21377,21350,21377,27
rising,21396,21377,21396,19
climbing,21440,21396,21440,44
hunching,21488,21440,21488,48
sniffing,21607,21488,21607,119
hunching,21611,21607,21611,4
rising,21749,21611,21749,138
stepping,21813,21749,21813,64
sniffing,21832,21813,21832,19
left_turning,21876,21832,21876,44
stepping,21944,21876,21944,68
climbing,21996,21944,21996,52
walking,22003,21996,22003,7
rising,22075,22003,22075,72
sniffing,22160,22075,22160,85
walking,22161,22160,22161,1
right_turning,22162,22161,22162,1
left_turning,22163,22162,22163,1
sniffing,22164,22163,22164,1
hunching,22210,22164,22210,46
rising,22278,22210,22278,68
climbing,22286,22278,22286,8
sniffing,22313,22286,22313,27
stepping,22338,22313,22338,25
sniffing,22447,22338,22447,109
stepping,22498,22447,22498,51
climbing,22519,22498,22519,21
rising,22578,22519,22578,59
sniffing,22683,22578,22683,105
walking,22732,22683,22732,49
climbing,22797,22732,22797,65
running,22822,22797,22822,25
stepping,22850,22822,22850,28
walking,22870,22850,22870,20
left_turning,22935,22870,22935,65
trotting,22972,22935,22972,37
right_turning,23033,22972,23033,61
sniffing,23135,23033,23135,102
left_turning,23185,23135,23185,50
walking,23218,23185,23218,33
sniffing,23275,23218,23275,57
left_turning,23284,23275,23284,9
sniffing,23371,23284,23371,87
rising,23420,23371,23420,49
rearing,23465,23420,23465,45
grooming,23561,23465,23561,96
rearing,23564,23561,23564,3
grooming,23831,23564,23831,267
rearing,23856,23831,23856,25
trotting,23873,23856,23873,17
left_turning,23925,23873,23925,52
rising,23926,23925,23926,1
climbing,23974,23926,23974,48
sniffing,24079,23974,24079,105
climbing,24156,24079,24156,77
rearing,24313,24156,24313,157
sniffing,24400,24313,24400,87
trotting,24443,24400,24443,43
sniffing,24457,24443,24457,14
left_turning,24469,24457,24469,12
trotting,24497,24469,24497,28
walking,24520,24497,24520,23
sniffing,24570,24520,24570,50
left_turning,24645,24570,24645,75
trotting,24663,24645,24663,18
rising,24675,24663,24675,12
running,24700,24675,24700,25
rising,24745,24700,24745,45
walking,24773,24745,24773,28
sniffing,24821,24773,24821,48
walking,24894,24821,24894,73
sniffing,24935,24894,24935,41
trotting,24960,24935,24960,25
walking,24961,24960,24961,1
sniffing,25055,24961,25055,94
climbing,25094,25055,25094,39
sniffing,25108,25094,25108,14
rising,25153,25108,25153,45
climbing,25284,25153,25284,131
walking,25355,25284,25355,71
stepping,25410,25355,25410,55
climbing,25450,25410,25450,40
hunching,25451,25450,25451,1
sniffing,25487,25451,25487,36
trotting,25518,25487,25518,31
walking,25550,25518,25550,32
stepping,25571,25550,25571,21
climbing,25642,25571,25642,71
left_turning,25711,25642,25711,69
walking,25745,25711,25745,34
left_turning,25826,25745,25826,81
sniffing,25907,25826,25907,81
hunching,25979,25907,25979,72
sniffing,25980,25979,25980,1
rising,26072,25980,26072,92
rearing,26110,26072,26110,38
stepping,26175,26110,26175,65
walking,26264,26175,26264,89
rising,26286,26264,26286,22
climbing,26294,26286,26294,8
sniffing,26317,26294,26317,23
right_turning,26336,26317,26336,19
rising,26444,26336,26444,108
climbing,26499,26444,26499,55
grooming,26566,26499,26566,67
sniffing,26704,26566,26704,138
walking,26783,26704,26783,79
sniffing,26793,26783,26793,10
rising,26852,26793,26852,59
walking,26906,26852,26906,54
climbing,26975,26906,26975,69
left_turning,27013,26975,27013,38
running,27018,27013,27018,5
jumping,27049,27018,27049,31
sniffing,27050,27049,27050,1
running,27085,27050,27085,35
sniffing,27323,27085,27323,238
right_turning,27324,27323,27324,1
walking,27394,27324,27394,70
sniffing,27469,27394,27469,75
walking,27490,27469,27490,21
sniffing,27502,27490,27502,12
trotting,27548,27502,27548,46
sniffing,27745,27548,27745,197
rising,27793,27745,27793,48
left_turning,27855,27793,27855,62
walking,27860,27855,27860,5
stepping,27883,27860,27883,23
left_turning,27913,27883,27913,30
walking,27946,27913,27946,33
sniffing,28056,27946,28056,110
hunching,28057,28056,28057,1
sniffing,28109,28057,28109,52
left_turning,28137,28109,28137,28
rising,28145,28137,28145,8
climbing,28187,28145,28187,42
rearing,28205,28187,28205,18
walking,28235,28205,28235,30
sniffing,28320,28235,28320,85
rising,28359,28320,28359,39
sniffing,28377,28359,28377,18
walking,28381,28377,28381,4
climbing,28403,28381,28403,22
sniffing,28537,28403,28537,134
rising,28583,28537,28583,46
walking,28590,28583,28590,7
climbing,28666,28590,28666,76
rising,28701,28666,28701,35
sniffing,28824,28701,28824,123
walking,28867,28824,28867,43
sniffing,28868,28867,28868,1
walking,28891,28868,28891,23
rising,28936,28891,28936,45
sniffing,29029,28936,29029,93
walking,29039,29029,29039,10
climbing,29070,29039,29070,31
rising,29129,29070,29129,59
sniffing,29130,29129,29130,1
stepping,29137,29130,29137,7
hunching,29180,29137,29180,43
walking,29223,29180,29223,43
stepping,29246,29223,29246,23
right_turning,29270,29246,29270,24
sniffing,29384,29270,29384,114
walking,29419,29384,29419,35
sniffing,29481,29419,29481,62
trotting,29488,29481,29488,7
stepping,29515,29488,29515,27
rising,29562,29515,29562,47
left_turning,29647,29562,29647,85
walking,29696,29647,29696,49
sniffing,29697,29696,29697,1
walking,29776,29697,29776,79
stepping,29804,29776,29804,28
sniffing,29883,29804,29883,79
right_turning,29905,29883,29905,22
trotting,29955,29905,29955,50
sniffing,30050,29955,30050,95
left_turning,30075,30050,30075,25
sniffing,30095,30075,30095,20
trotting,30096,30095,30096,1
walking,30097,30096,30097,1
left_turning,30121,30097,30121,24
walking,30175,30121,30175,54
rising,30181,30175,30181,6
sniffing,30247,30181,30247,66
walking,30263,30247,30263,16
sniffing,30305,30263,30305,42
right_turning,30311,30305,30311,6
left_turning,30312,30311,30312,1
walking,30319,30312,30319,7
climbing,30383,30319,30383,64
hunching,30432,30383,30432,49
walking,30433,30432,30433,1
jumping,30476,30433,30476,43
rising,30517,30476,30517,41
rearing,30530,30517,30530,13
rising,30547,30530,30547,17
sniffing,30574,30547,30574,27
left_turning,30646,30574,30646,72
sniffing,30665,30646,30665,19
rising,30726,30665,30726,61
walking,30772,30726,30772,46
trotting,30807,30772,30807,35
stepping,30833,30807,30833,26
sniffing,30906,30833,30906,73
left_turning,30977,30906,30977,71
climbing,31121,30977,31121,144
rising,31122,31121,31122,1
sniffing,31204,31122,31204,82
rising,31257,31204,31257,53
walking,31276,31257,31276,19
stepping,31350,31276,31350,74
left_turning,31389,31350,31389,39
sniffing,31390,31389,31390,1
climbing,31426,31390,31426,36
trotting,31448,31426,31448,22
stepping,31521,31448,31521,73
walking,31553,31521,31553,32
sniffing,31717,31553,31717,164
trotting,31722,31717,31722,5
rising,31774,31722,31774,52
sniffing,32021,31774,32021,247
rising,32052,32021,32052,31
right_turning,32066,32052,32066,14
trotting,32092,32066,32092,26
rising,32093,32092,32093,1
climbing,32094,32093,32094,1
walking,32128,32094,32128,34
left_turning,32129,32128,32129,1
sniffing,32173,32129,32173,44
climbing,32180,32173,32180,7
sniffing,32356,32180,32356,176
climbing,32523,32356,32523,167
hunching,32591,32523,32591,68
rearing,32661,32591,32661,70
walking,32717,32661,32717,56
sniffing,32821,32717,32821,104
trotting,32850,32821,32850,29
left_turning,32887,32850,32887,37
sniffing,32982,32887,32982,95
trotting,33056,32982,33056,74
sniffing,33057,33056,33057,1
climbing,33092,33057,33092,35
right_turning,33118,33092,33118,26
grooming,33165,33118,33165,47
right_turning,33218,33165,33218,53
walking,33234,33218,33234,16
sniffing,33288,33234,33288,54
right_turning,33341,33288,33341,53
walking,33367,33341,33367,26
trotting,33392,33367,33392,25
walking,33462,33392,33462,70
sniffing,33518,33462,33518,56
climbing,33664,33518,33664,146
rising,33666,33664,33666,2
climbing,33729,33666,33729,63
rising,33801,33729,33801,72
rearing,33802,33801,33802,1
hunching,33857,33802,33857,55
rising,33883,33857,33883,26
sniffing,34023,33883,34023,140
stepping,34043,34023,34043,20
trotting,34079,34043,34079,36
sniffing,34117,34079,34117,38
trotting,34129,34117,34129,12
rising,34162,34129,34162,33
climbing,34233,34162,34233,71
rising,34234,34233,34234,1
climbing,34276,34234,34276,42
rising,34329,34276,34329,53
climbing,34393,34329,34393,64
rearing,34443,34393,34443,50
sniffing,34487,34443,34487,44
left_turning,34545,34487,34545,58
rising,34574,34545,34574,29
sniffing,34741,34574,34741,167
left_turning,34797,34741,34797,56
walking,34876,34797,34876,79
sniffing,34976,34876,34976,100
rising,34977,34976,34977,1
sniffing,35095,34977,35095,118
climbing,35157,35095,35157,62
grooming,35383,35157,35383,226
sniffing,35478,35383,35478,95
hunching,35518,35478,35518,40
climbing,35571,35518,35571,53
rising,35604,35571,35604,33
climbing,35714,35604,35714,110
running,35731,35714,35731,17
left_turning,35767,35731,35767,36
stepping,35800,35767,35800,33
left_turning,35855,35800,35855,55
walking,35856,35855,35856,1
sniffing,35926,35856,35926,70
rising,35952,35926,35952,26
climbing,36029,35952,36029,77
walking,36059,36029,36059,30
rising,36106,36059,36106,47
climbing,36129,36106,36129,23
rising,36210,36129,36210,81
running,36221,36210,36221,11
sniffing,36316,36221,36316,95
rising,36317,36316,36317,1
sniffing,36343,36317,36343,26
rising,36383,36343,36383,40
climbing,36384,36383,36384,1
sniffing,36485,36384,36485,101
right_turning,36518,36485,36518,33
walking,36519,36518,36519,1
right_turning,36520,36519,36520,1
walking,36557,36520,36557,37
climbing,36624,36557,36624,67
sniffing,36650,36624,36650,26
walking,36655,36650,36655,5
sniffing,36723,36655,36723,68
walking,36724,36723,36724,1
sniffing,36807,36724,36807,83
walking,36881,36807,36881,74
rising,36953,36881,36953,72
sniffing,36954,36953,36954,1
trotting,36957,36954,36957,3
stepping,36961,36957,36961,4
sniffing,36962,36961,36962,1
stepping,37011,36962,37011,49
climbing,37073,37011,37073,62
rearing,37137,37073,37137,64
right_turning,37209,37137,37209,72
jumping,37289,37209,37289,80
walking,37305,37289,37305,16
trotting,37357,37305,37357,52
stepping,37387,37357,37387,30
sniffing,37388,37387,37388,1
left_turning,37494,37388,37494,106
walking,37551,37494,37551,57
sniffing,37552,37551,37552,1
rising,37557,37552,37557,5
walking,37558,37557,37558,1
climbing,37594,37558,37594,36
sniffing,37597,37594,37597,3
walking,37598,37597,37598,1
sniffing,37795,37598,37795,197
left_turning,37804,37795,37804,9
sniffing,37852,37804,37852,48
rising,37872,37852,37872,20
left_turning,37904,37872,37904,32
trotting,37916,37904,37916,12
sniffing,37946,37916,37946,30
rearing,38018,37946,38018,72
walking,38061,38018,38061,43
sniffing,38140,38061,38140,79
rising,38164,38140,38164,24
grooming,38576,38164,38576,412
climbing,38601,38576,38601,25
sniffing,38935,38601,38935,334
rising,38973,38935,38973,38
rearing,38974,38973,38974,1
grooming,39069,38974,39069,95
climbing,39155,39069,39155,86
walking,39156,39155,39156,1
sniffing,39162,39156,39162,6
stepping,39204,39162,39204,42
rearing,39220,39204,39220,16
rising,39221,39220,39221,1
climbing,39229,39221,39229,8
rearing,39260,39229,39260,31
climbing,39331,39260,39331,71
sniffing,39332,39331,39332,1
rising,39333,39332,39333,1
rearing,39369,39333,39369,36
left_turning,39478,39369,39478,109
sniffing,39562,39478,39562,84
walking,39585,39562,39585,23
sniffing,39644,39585,39644,59
rising,39645,39644,39645,1
stepping,39656,39645,39656,11
climbing,39760,39656,39760,104
sniffing,39846,39760,39846,86
right_turning,39889,39846,39889,43
sniffing,39890,39889,39890,1
rising,39916,39890,39916,26
climbing,39917,39916,39917,1
rising,39918,39917,39918,1
left_turning,39956,39918,39956,38
sniffing,40072,39956,40072,116
climbing,40119,40072,40119,47
rising,40120,40119,40120,1
sniffing,40246,40120,40246,126
walking,40247,40246,40247,1
climbing,40310,40247,40310,63
hunching,40370,40310,40370,60
sniffing,40450,40370,40450,80
walking,40478,40450,40478,28
left_turning,40542,40478,40542,64
trotting,40585,40542,40585,43
walking,40605,40585,40605,20
sniffing,40765,40605,40765,160
rearing,40766,40765,40766,1
rising,40797,40766,40797,31
sniffing,40798,40797,40798,1
climbing,40909,40798,40909,111
rising,40941,40909,40941,32
climbing,41051,40941,41051,110
grooming,41178,41051,41178,127
sniffing,41217,41178,41217,39
left_turning,41254,41217,41254,37
sniffing,41255,41254,41255,1
climbing,41307,41255,41307,52
right_turning,41394,41307,41394,87
walking,41451,41394,41451,57
rising,41573,41451,41573,122
climbing,41607,41573,41607,34
walking,41657,41607,41657,50
sniffing,41677,41657,41677,20
left_turning,41704,41677,41704,27
walking,41741,41704,41741,37
left_turning,41788,41741,41788,47
trotting,41796,41788,41796,8
walking,41948,41796,41948,152
right_turning,42002,41948,42002,54
walking,42065,42002,42065,63
sniffing,42098,42065,42098,33
rising,42111,42098,42111,13
sniffing,42112,42111,42112,1
pausing,42296,42112,42296,184
sniffing,42424,42296,42424,128
trotting,42446,42424,42446,22
stepping,42496,42446,42496,50
sniffing,42497,42496,42497,1
climbing,42532,42497,42532,35
walking,42533,42532,42533,1
sniffing,42534,42533,42534,1
walking,42568,42534,42568,34
stepping,42615,42568,42615,47
trotting,42625,42615,42625,10
walking,42720,42625,42720,95
sniffing,42774,42720,42774,54
climbing,42813,42774,42813,39
sniffing,43015,42813,43015,202
climbing,43022,43015,43022,7
sniffing,43023,43022,43023,1
left_turning,43077,43023,43077,54
sniffing,43082,43077,43082,5
climbing,43106,43082,43106,24
right_turning,43130,43106,43130,24
walking,43131,43130,43131,1
rising,43164,43131,43164,33
rearing,43165,43164,43165,1
climbing,43279,43165,43279,114
walking,43285,43279,43285,6
climbing,43311,43285,43311,26
walking,43417,43311,43417,106
left_turning,43440,43417,43440,23
trotting,43455,43440,43455,15
walking,43505,43455,43505,50
stepping,43513,43505,43513,8
sniffing,43514,43513,43514,1
grooming,43625,43514,43625,111
rearing,43638,43625,43638,13
grooming,43660,43638,43660,22
sniffing,43721,43660,43721,61
pausing,43919,43721,43919,198
sniffing,43960,43919,43960,41
rising,44012,43960,44012,52
stepping,44037,44012,44037,25
sniffing,44227,44037,44227,190
pausing,44375,44227,44375,148
sniffing,44386,44375,44386,11
trotting,44387,44386,44387,1
walking,44417,44387,44417,30
sniffing,44422,44417,44422,5
rearing,44475,44422,44475,53
grooming,44568,44475,44568,93
rearing,44569,44568,44569,1
climbing,44604,44569,44604,35
right_turning,44622,44604,44622,18
walking,44634,44622,44634,12
sniffing,44697,44634,44697,63
walking,44716,44697,44716,19
rising,44737,44716,44737,21
sniffing,44828,44737,44828,91
rising,44829,44828,44829,1
climbing,44907,44829,44907,78
right_turning,44955,44907,44955,48
stepping,45021,44955,45021,66
rising,45147,45021,45147,126
sniffing,45247,45147,45247,100
rising,45275,45247,45275,28
climbing,45347,45275,45347,72
left_turning,45370,45347,45370,23
walking,45431,45370,45431,61
sniffing,45556,45431,45556,125
rearing,45565,45556,45565,9
grooming,45566,45565,45566,1
left_turning,45584,45566,45584,18
stepping,45635,45584,45635,51
sniffing,45671,45635,45671,36
walking,45672,45671,45672,1
left_turning,45754,45672,45754,82
walking,45806,45754,45806,52
rising,45815,45806,45815,9
climbing,45943,45815,45943,128
sniffing,45977,45943,45977,34
walking,46030,45977,46030,53
left_turning,46032,46030,46032,2
trotting,46080,46032,46080,48
stepping,46104,46080,46104,24
walking,46152,46104,46152,48
sniffing,46191,46152,46191,39
walking,46197,46191,46197,6
sniffing,46334,46197,46334,137
trotting,46361,46334,46361,27
sniffing,46363,46361,46363,2
rising,46410,46363,46410,47
climbing,46411,46410,46411,1
rearing,46506,46411,46506,95
sniffing,46591,46506,46591,85
trotting,46619,46591,46619,28
sniffing,46620,46619,46620,1
trotting,46629,46620,46629,9
left_turning,46657,46629,46657,28
walking,46687,46657,46687,30
sniffing,46732,46687,46732,45
climbing,46742,46732,46742,10
rising,46776,46742,46776,34
grooming,46875,46776,46875,99
sniffing,46907,46875,46907,32
stepping,46921,46907,46921,14
rising,46938,46921,46938,17
right_turning,46939,46938,46939,1
walking,46963,46939,46963,24
sniffing,47000,46963,47000,37
walking,47017,47000,47017,17
sniffing,47062,47017,47062,45
left_turning,47102,47062,47102,40
walking,47122,47102,47122,20
climbing,47171,47122,47171,49
grooming,47229,47171,47229,58
sniffing,47305,47229,47305,76
rearing,47565,47305,47565,260
walking,47586,47565,47586,21
rising,47629,47586,47629,43
walking,47694,47629,47694,65
stepping,47717,47694,47717,23
sniffing,47762,47717,47762,45
rising,47806,47762,47806,44
climbing,47880,47806,47880,74
rising,47985,47880,47985,105
climbing,48033,47985,48033,48
grooming,48298,48033,48298,265
sniffing,48428,48298,48428,130
walking,48446,48428,48446,18
sniffing,48524,48446,48524,78
walking,48556,48524,48556,32
sniffing,48587,48556,48587,31
right_turning,48645,48587,48645,58
climbing,48704,48645,48704,59
rearing,48745,48704,48745,41
sniffing,48917,48745,48917,172
left_turning,48918,48917,48918,1
rising,48952,48918,48952,34
hunching,49010,48952,49010,58
climbing,49112,49010,49112,102
rising,49173,49112,49173,61
left_turning,49194,49173,49194,21
walking,49207,49194,49207,13
sniffing,49315,49207,49315,108
trotting,49346,49315,49346,31
stepping,49362,49346,49362,16
climbing,49364,49362,49364,2
left_turning,49399,49364,49399,35
rising,49418,49399,49418,19
climbing,49419,49418,49419,1
left_turning,49436,49419,49436,17
walking,49451,49436,49451,15
sniffing,49462,49451,49462,11
walking,49530,49462,49530,68
stepping,49581,49530,49581,51
sniffing,49582,49581,49582,1
walking,49603,49582,49603,21
trotting,49628,49603,49628,25
rising,49629,49628,49629,1
trotting,49661,49629,49661,32
stepping,49688,49661,49688,27
rising,49723,49688,49723,35
climbing,49748,49723,49748,25
trotting,49753,49748,49753,5
walking,49793,49753,49793,40
left_turning,49860,49793,49860,67
rising,49956,49860,49956,96
climbing,49969,49956,49969,13
walking,49980,49969,49980,11
stepping,49988,49980,49988,8
sniffing,50006,49988,50006,18
rising,50007,50006,50007,1
walking,50061,50007,50061,54
left_turning,50062,50061,50062,1
sniffing,50186,50062,50186,124
rising,50217,50186,50217,31
climbing,50223,50217,50223,6
right_turning,50246,50223,50246,23
trotting,50270,50246,50270,24
walking,50324,50270,50324,54
rising,50325,50324,50325,1
climbing,50432,50325,50432,107
sniffing,50458,50432,50458,26
rising,50523,50458,50523,65
climbing,50580,50523,50580,57
sniffing,50581,50580,50581,1
climbing,50612,50581,50612,31
running,50638,50612,50638,26
stepping,50663,50638,50663,25
walking,50802,50663,50802,139
sniffing,50804,50802,50804,2
walking,50805,50804,50805,1
climbing,50806,50805,50806,1
sniffing,50927,50806,50927,121
walking,50961,50927,50961,34
hunching,51012,50961,51012,51
right_turning,51013,51012,51013,1
running,51053,51013,51053,40
left_turning,51054,51053,51054,1
sniffing,51174,51054,51174,120
left_turning,51194,51174,51194,20
rising,51244,51194,51244,50
climbing,51253,51244,51253,9
sniffing,51320,51253,51320,67
rearing,51453,51320,51453,133
grooming,51472,51453,51472,19
sniffing,51555,51472,51555,83
rising,51556,51555,51556,1
climbing,51557,51556,51557,1
left_turning,51585,51557,51585,28
stepping,51598,51585,51598,13
climbing,51643,51598,51643,45
right_turning,51660,51643,51660,17
sniffing,51709,51660,51709,49
rising,51710,51709,51710,1
sniffing,51937,51710,51937,227
rising,52008,51937,52008,71
climbing,52012,52008,52012,4
rising,52052,52012,52052,40
climbing,52133,52052,52133,81
right_turning,52162,52133,52162,29
trotting,52197,52162,52197,35
walking,52210,52197,52210,13
rising,52289,52210,52289,79
walking,52330,52289,52330,41
sniffing,52366,52330,52366,36
walking,52370,52366,52370,4
left_turning,52399,52370,52399,29
climbing,52451,52399,52451,52
sniffing,52485,52451,52485,34
left_turning,52505,52485,52505,20
sniffing,52506,52505,52506,1
walking,52511,52506,52511,5
rising,52585,52511,52585,74
climbing,52586,52585,52586,1
running,52609,52586,52609,23
rearing,52711,52609,52711,102
grooming,52712,52711,52712,1
rearing,52833,52712,52833,121
sniffing,52886,52833,52886,53
climbing,52944,52886,52944,58
walking,52950,52944,52950,6
right_turning,52990,52950,52990,40
sniffing,53087,52990,53087,97
stepping,53141,53087,53141,54
climbing,53256,53141,53256,115
rearing,53302,53256,53302,46
trotting,53319,53302,53319,17
walking,53351,53319,53351,32
trotting,53380,53351,53380,29
stepping,53398,53380,53398,18
trotting,53405,53398,53405,7
stepping,53425,53405,53425,20
walking,53483,53425,53483,58
sniffing,53520,53483,53520,37
trotting,53538,53520,53538,18
walking,53593,53538,53593,55
rising,53627,53593,53627,34
right_turning,53645,53627,53645,18
rising,53646,53645,53646,1
sniffing,53733,53646,53733,87
rising,53770,53733,53770,37
sniffing,53845,53770,53845,75
running,53846,53845,53846,1
rising,53847,53846,53847,1
walking,53848,53847,53848,1
rearing,53868,53848,53868,20
grooming,53927,53868,53927,59
left_turning,53928,53927,53928,1
rising,53993,53928,53993,65
sniffing,54008,53993,54008,15
rising,54067,54008,54067,59
sniffing,54109,54067,54109,42
left_turning,54176,54109,54176,67
walking,54261,54176,54261,85
rising,54262,54261,54262,1
climbing,54320,54262,54320,58
hunching,54341,54320,54341,21
sniffing,54422,54341,54422,81
left_turning,54470,54422,54470,48
sniffing,54499,54470,54499,29
climbing,54517,54499,54517,18
sniffing,54635,54517,54635,118
rising,54642,54635,54642,7
climbing,54657,54642,54657,15
rising,54658,54657,54658,1
climbing,54680,54658,54680,22
rising,54681,54680,54681,1
climbing,54818,54681,54818,137
right_turning,54822,54818,54822,4
sniffing,54937,54822,54937,115
rising,55023,54937,55023,86
trotting,55067,55023,55067,44
stepping,55095,55067,55095,28
walking,55163,55095,55163,68
sniffing,55203,55163,55203,40
rearing,55239,55203,55239,36
climbing,55255,55239,55255,16
right_turning,55293,55255,55293,38
sniffing,55329,55293,55329,36
rising,55528,55329,55528,199
sniffing,55529,55528,55529,1
climbing,55542,55529,55542,13
stepping,55558,55542,55558,16
rising,55602,55558,55602,44
climbing,55695,55602,55695,93
rising,55730,55695,55730,35
rearing,55731,55730,55731,1
sniffing,55789,55731,55789,58
left_turning,55854,55789,55854,65
walking,55892,55854,55892,38
left_turning,55960,55892,55960,68
walking,56006,55960,56006,46
sniffing,56007,56006,56007,1
walking,56044,56007,56044,37
sniffing,56086,56044,56086,42
rearing,56135,56086,56135,49
grooming,56147,56135,56147,12
rearing,56161,56147,56161,14
rising,56212,56161,56212,51
climbing,56289,56212,56289,77
rising,56300,56289,56300,11
climbing,56312,56300,56312,12
left_turning,56332,56312,56332,20
walking,56345,56332,56345,13
rising,56419,56345,56419,74
climbing,56528,56419,56528,109
walking,56561,56528,56561,33
sniffing,56751,56561,56751,190
right_turning,56752,56751,56752,1
stepping,56806,56752,56806,54
walking,56807,56806,56807,1
sniffing,56862,56807,56862,55
walking,56880,56862,56880,18
rising,56918,56880,56918,38
jumping,56939,56918,56939,21
climbing,56993,56939,56993,54
sniffing,56994,56993,56994,1
right_turning,57050,56994,57050,56
running,57074,57050,57074,24
stepping,57094,57074,57094,20
left_turning,57099,57094,57099,5
walking,57128,57099,57128,29
sniffing,57155,57128,57155,27
walking,57156,57155,57156,1
trotting,57183,57156,57183,27
stepping,57213,57183,57213,30
right_turning,57234,57213,57234,21
hunching,57235,57234,57235,1
grooming,57236,57235,57236,1
left_turning,57256,57236,57256,20
walking,57323,57256,57323,67
rising,57372,57323,57372,49
sniffing,57430,57372,57430,58
stepping,57469,57430,57469,39
walking,57499,57469,57499,30
sniffing,57621,57499,57621,122
walking,57670,57621,57670,49
sniffing,57740,57670,57740,70
left_turning,57801,57740,57801,61
trotting,57836,57801,57836,35
sniffing,58019,57836,58019,183
rearing,58020,58019,58020,1
sniffing,58076,58020,58076,56
running,58116,58076,58116,40
sniffing,58129,58116,58129,13
rising,58164,58129,58164,35
trotting,58201,58164,58201,37
walking,58266,58201,58266,65
running,58305,58266,58305,39
walking,58338,58305,58338,33
climbing,58390,58338,58390,52
rising,58484,58390,58484,94
sniffing,58562,58484,58562,78
right_turning,58586,58562,58586,24
walking,58640,58586,58640,54
sniffing,58695,58640,58695,55
jumping,59025,58695,59025,330
grooming,59157,59025,59157,132
sniffing,59198,59157,59198,41
rising,59312,59198,59312,114
rearing,59313,59312,59313,1
rising,59348,59313,59348,35
sniffing,59394,59348,59394,46
walking,59395,59394,59395,1
rising,59444,59395,59444,49
climbing,59551,59444,59551,107
left_turning,59577,59551,59577,26
sniffing,59761,59577,59761,184
stepping,59811,59761,59811,50
trotting,59850,59811,59850,39
sniffing,59851,59850,59851,1
stepping,59905,59851,59905,54
walking,59957,59905,59957,52
stepping,59979,59957,59979,22
walking,59990,59979,59990,11
trotting,60052,59990,60052,62
hunching,60053,60052,60053,1
sniffing,60064,60053,60064,11
left_turning,60086,60064,60086,22
sniffing,60127,60086,60127,41
rising,60141,60127,60141,14
sniffing,60182,60141,60182,41
stepping,60222,60182,60222,40
right_turning,60223,60222,60223,1
sniffing,60403,60223,60403,180
rising,60404,60403,60404,1
climbing,60511,60404,60511,107
running,60545,60511,60545,34
stepping,60632,60545,60632,87
sniffing,60648,60632,60648,16
left_turning,60649,60648,60649,1
trotting,60664,60649,60664,15
stepping,60699,60664,60699,35
sniffing,60746,60699,60746,47
hunching,60754,60746,60754,8
rearing,60793,60754,60793,39
right_turning,60796,60793,60796,3
running,60816,60796,60816,20
stepping,60832,60816,60832,16
rearing,60833,60832,60833,1
left_turning,60837,60833,60837,4
walking,60848,60837,60848,11
sniffing,60849,60848,60849,1
left_turning,60875,60849,60875,26
walking,60880,60875,60880,5
sniffing,60964,60880,60964,84
rising,60965,60964,60965,1
walking,61020,60965,61020,55
left_turning,61060,61020,61060,40
trotting,61088,61060,61088,28
walking,61201,61088,61201,113
left_turning,61227,61201,61227,26
rising,61228,61227,61228,1
sniffing,61350,61228,61350,122
stepping,61372,61350,61372,22
sniffing,61373,61372,61373,1
trotting,61379,61373,61379,6
walking,61380,61379,61380,1
rising,61474,61380,61474,94
climbing,61492,61474,61492,18
sniffing,61561,61492,61561,69
walking,61660,61561,61660,99
sniffing,61817,61660,61817,157
grooming,61888,61817,61888,71
climbing,61981,61888,61981,93
hunching,62063,61981,62063,82
rising,62064,62063,62064,1
hunching,62115,62064,62115,51
sniffing,62159,62115,62159,44
climbing,62295,62159,62295,136
sniffing,62447,62295,62447,152
left_turning,62489,62447,62489,42
climbing,62490,62489,62490,1
rising,62525,62490,62525,35
sniffing,62526,62525,62526,1
walking,62556,62526,62556,30
left_turning,62584,62556,62584,28
trotting,62626,62584,62626,42
stepping,62689,62626,62689,63
sniffing,62750,62689,62750,61
climbing,62779,62750,62779,29
sniffing,62808,62779,62808,29
hunching,62809,62808,62809,1
right_turning,62834,62809,62834,25
sniffing,62950,62834,62950,116
walking,62951,62950,62951,1
sniffing,63010,62951,63010,59
grooming,63381,63010,63381,371
climbing,63402,63381,63402,21
rearing,63540,63402,63540,138
rising,63564,63540,63564,24
walking,63565,63564,63565,1
sniffing,63596,63565,63596,31
stepping,63608,63596,63608,12
trotting,63612,63608,63612,4
sniffing,63613,63612,63613,1
walking,63652,63613,63652,39
left_turning,63664,63652,63664,12
walking,63665,63664,63665,1
rising,63666,63665,63666,1
climbing,63733,63666,63733,67
rising,63752,63733,63752,19
grooming,63928,63752,63928,176
climbing,63998,63928,63998,70
sniffing,63999,63998,63999,1
left_turning,64044,63999,64044,45
sniffing,64091,64044,64091,47
left_turning,64097,64091,64097,6
walking,64152,64097,64152,55
sniffing,64233,64152,64233,81
left_turning,64285,64233,64285,52
sniffing,64286,64285,64286,1
rising,64332,64286,64332,46
climbing,64417,64332,64417,85
rising,64448,64417,64448,31
right_turning,64471,64448,64471,23
walking,64527,64471,64527,56
stepping,64577,64527,64577,50
rearing,64656,64577,64656,79
trotting,64670,64656,64670,14
sniffing,64713,64670,64713,43
rising,64732,64713,64732,19
climbing,64782,64732,64782,50
running,64800,64782,64800,18
sniffing,64833,64800,64833,33
left_turning,64843,64833,64843,10
sniffing,64911,64843,64911,68
right_turning,64912,64911,64912,1
hunching,65009,64912,65009,97
rising,65020,65009,65020,11
sniffing,65091,65020,65091,71
walking,65092,65091,65092,1
left_turning,65137,65092,65137,45
walking,65193,65137,65193,56
trotting,65223,65193,65223,30
sniffing,65334,65223,65334,111
hunching,65362,65334,65362,28
walking,65387,65362,65387,25
climbing,65571,65387,65571,184
rising,65572,65571,65572,1
sniffing,65635,65572,65635,63
rising,65636,65635,65636,1
walking,65701,65636,65701,65
climbing,65811,65701,65811,110
hunching,65816,65811,65816,5
rearing,65817,65816,65817,1
rising,65845,65817,65845,28
sniffing,65883,65845,65883,38
rising,65884,65883,65884,1
climbing,65885,65884,65885,1
rising,65912,65885,65912,27
climbing,65936,65912,65936,24
rearing,65961,65936,65961,25
grooming,66163,65961,66163,202
right_turning,66197,66163,66197,34
sniffing,66203,66197,66203,6
rearing,66254,66203,66254,51
rising,66292,66254,66292,38
rearing,66293,66292,66293,1
climbing,66340,66293,66340,47
left_turning,66402,66340,66402,62
sniffing,66483,66402,66483,81
left_turning,66500,66483,66500,17
walking,66512,66500,66512,12
sniffing,66602,66512,66602,90
rising,66649,66602,66649,47
rearing,66750,66649,66750,101
rising,66751,66750,66751,1
rearing,66828,66751,66828,77
grooming,66829,66828,66829,1
rising,66888,66829,66888,59
climbing,66946,66888,66946,58
right_turning,66947,66946,66947,1
stepping,66977,66947,66977,30
trotting,67037,66977,67037,60
sniffing,67118,67037,67118,81
walking,67136,67118,67136,18
climbing,67235,67136,67235,99
right_turning,67273,67235,67273,38
running,67289,67273,67289,16
sniffing,67290,67289,67290,1
climbing,67316,67290,67316,26
hunching,67317,67316,67317,1
grooming,67383,67317,67383,66
rearing,67487,67383,67487,104
trotting,67526,67487,67526,39
walking,67575,67526,67575,49
climbing,67680,67575,67680,105
walking,67722,67680,67722,42
running,67749,67722,67749,27
left_turning,67750,67749,67750,1
sniffing,67751,67750,67751,1
rising,67800,67751,67800,49
walking,67801,67800,67801,1
sniffing,67856,67801,67856,55
walking,67875,67856,67875,19
sniffing,68084,67875,68084,209
grooming,68743,68084,68743,659
sniffing,68744,68743,68744,1
grooming,68808,68744,68808,64
rearing,68809,68808,68809,1
right_turning,68835,68809,68835,26
running,68878,68835,68878,43
walking,68915,68878,68915,37
sniffing,68978,68915,68978,63
climbing,69076,68978,69076,98
right_turning,69104,69076,69104,28
sniffing,69116,69104,69116,12
rearing,69117,69116,69117,1
rising,69123,69117,69123,6
hunching,69200,69123,69200,77
grooming,69350,69200,69350,150
rearing,69370,69350,69370,20
rising,69371,69370,69371,1
climbing,69429,69371,69429,58
grooming,69430,69429,69430,1
climbing,69490,69430,69490,60
walking,69563,69490,69563,73
rearing,69564,69563,69564,1
hunching,69613,69564,69613,49
climbing,69681,69613,69681,68
rising,69716,69681,69716,35
climbing,69780,69716,69780,64
rearing,69799,69780,69799,19
climbing,69803,69799,69803,4
rising,69901,69803,69901,98
climbing,69934,69901,69934,33
left_turning,69942,69934,69942,8
walking,70003,69942,70003,61
sniffing,70091,70003,70091,88
rising,70137,70091,70137,46
sniffing,70278,70137,70278,141
left_turning,70342,70278,70342,64
sniffing,70470,70342,70470,128
left_turning,70530,70470,70530,60
sniffing,70641,70530,70641,111
rising,70657,70641,70657,16
rearing,70745,70657,70745,88
rising,70751,70745,70751,6
climbing,70754,70751,70754,3
walking,70778,70754,70778,24
sniffing,70888,70778,70888,110
climbing,70900,70888,70900,12
rearing,70983,70900,70983,83
sniffing,70984,70983,70984,1
walking,70985,70984,70985,1
trotting,71055,70985,71055,70
sniffing,71079,71055,71079,24
walking,71087,71079,71087,8
stepping,71112,71087,71112,25
sniffing,71255,71112,71255,143
left_turning,71278,71255,71278,23
sniffing,71342,71278,71342,64
walking,71362,71342,71362,20
sniffing,71506,71362,71506,144
rising,71574,71506,71574,68
climbing,71618,71574,71618,44
rising,71632,71618,71632,14
climbing,71725,71632,71725,93
right_turning,71733,71725,71733,8
sniffing,71746,71733,71746,13
walking,71774,71746,71774,28
sniffing,71813,71774,71813,39
hunching,71971,71813,71971,158
sniffing,72042,71971,72042,71
rising,72143,72042,72143,101
walking,72267,72143,72267,124
climbing,72377,72267,72377,110
walking,72392,72377,72392,15
left_turning,72431,72392,72431,39
sniffing,72489,72431,72489,58
trotting,72510,72489,72510,21
rising,72591,72510,72591,81
climbing,72601,72591,72601,10
right_turning,72602,72601,72602,1
trotting,72654,72602,72654,52
sniffing,72815,72654,72815,161
trotting,72834,72815,72834,19
stepping,72842,72834,72842,8
rising,72877,72842,72877,35
rearing,72925,72877,72925,48
rising,73003,72925,73003,78
climbing,73062,73003,73062,59
rearing,73098,73062,73098,36
rising,73135,73098,73135,37
sniffing,73167,73135,73167,32
walking,73241,73167,73241,74
sniffing,73242,73241,73242,1
rearing,73296,73242,73296,54
rising,73368,73296,73368,72
climbing,73489,73368,73489,121
rearing,73524,73489,73524,35
grooming,73525,73524,73525,1
sniffing,73573,73525,73573,48
right_turning,73592,73573,73592,19
stepping,73638,73592,73638,46
climbing,73714,73638,73714,76
right_turning,73731,73714,73731,17
running,73736,73731,73736,5
walking,73820,73736,73820,84
sniffing,73856,73820,73856,36
walking,73869,73856,73869,13
left_turning,73924,73869,73924,55
sniffing,73935,73924,73935,11
right_turning,73982,73935,73982,47
rising,73983,73982,73983,1
sniffing,74143,73983,74143,160
climbing,74230,74143,74230,87
sniffing,74332,74230,74332,102
left_turning,74374,74332,74374,42
trotting,74422,74374,74422,48
walking,74505,74422,74505,83
sniffing,74564,74505,74564,59
walking,74626,74564,74626,62
sniffing,74627,74626,74627,1
climbing,74701,74627,74701,74
grooming,74702,74701,74702,1
climbing,74730,74702,74730,28
hunching,74750,74730,74750,20
sniffing,74769,74750,74769,19
walking,74770,74769,74770,1
sniffing,74865,74770,74865,95
rising,74866,74865,74866,1
climbing,74915,74866,74915,49
left_turning,74970,74915,74970,55
walking,74989,74970,74989,19
rearing,75017,74989,75017,28
grooming,75018,75017,75018,1
hunching,75039,75018,75039,21
climbing,75088,75039,75088,49
walking,75102,75088,75102,14
sniffing,75128,75102,75128,26
stepping,75159,75128,75159,31
rising,75259,75159,75259,100
climbing,75276,75259,75276,17
rearing,75398,75276,75398,122
walking,75399,75398,75399,1
left_turning,75450,75399,75450,51
sniffing,75464,75450,75464,14
left_turning,75465,75464,75465,1
climbing,75575,75465,75575,110
sniffing,75658,75575,75658,83
right_turning,75660,75658,75660,2
trotting,75712,75660,75712,52
left_turning,75733,75712,75733,21
sniffing,75739,75733,75739,6
rising,75823,75739,75823,84
sniffing,75923,75823,75923,100
rising,75963,75923,75963,40
climbing,76028,75963,76028,65
grooming,76051,76028,76051,23
sniffing,76118,76051,76118,67
trotting,76189,76118,76189,71
walking,76209,76189,76209,20
stepping,76254,76209,76254,45
right_turning,76261,76254,76261,7
walking,76262,76261,76262,1
sniffing,76313,76262,76313,51
right_turning,76324,76313,76324,11
walking,76334,76324,76334,10
sniffing,76365,76334,76365,31
rising,76373,76365,76373,8
climbing,76490,76373,76490,117
rearing,76597,76490,76597,107
climbing,76598,76597,76598,1
right_turning,76599,76598,76599,1
trotting,76639,76599,76639,40
left_turning,76640,76639,76640,1
right_turning,76641,76640,76641,1
running,76665,76641,76665,24
sniffing,76863,76665,76863,198
left_turning,76864,76863,76864,1
sniffing,76865,76864,76865,1
climbing,76869,76865,76869,4
walking,76896,76869,76896,27
left_turning,76922,76896,76922,26
rising,76947,76922,76947,25
rearing,77030,76947,77030,83
climbing,77040,77030,77040,10
walking,77075,77040,77075,35
sniffing,77195,77075,77195,120
climbing,77235,77195,77235,40
hunching,77333,77235,77333,98
sniffing,77384,77333,77384,51
walking,77451,77384,77451,67
stepping,77470,77451,77470,19
sniffing,77507,77470,77507,37
climbing,77508,77507,77508,1
grooming,77652,77508,77652,144
trotting,77721,77652,77721,69
stepping,77771,77721,77771,50
walking,77773,77771,77773,2
climbing,77887,77773,77887,114
right_turning,77946,77887,77946,59
trotting,78021,77946,78021,75
walking,78080,78021,78080,59
left_turning,78162,78080,78162,82
trotting,78228,78162,78228,66
sniffing,78233,78228,78233,5
climbing,78236,78233,78236,3
sniffing,78237,78236,78237,1
left_turning,78389,78237,78389,152
sniffing,78541,78389,78541,152
left_turning,78567,78541,78567,26
sniffing,78726,78567,78726,159
left_turning,78760,78726,78760,34
sniffing,78805,78760,78805,45
rising,78813,78805,78813,8
climbing,78814,78813,78814,1
walking,78815,78814,78815,1
right_turning,78861,78815,78861,46
running,78864,78861,78864,3
walking,78865,78864,78865,1
sniffing,78908,78865,78908,43
rising,78920,78908,78920,12
trotting,78968,78920,78968,48
rising,78979,78968,78979,11
trotting,79024,78979,79024,45
left_turning,79048,79024,79048,24
sniffing,79154,79048,79154,106
left_turning,79194,79154,79194,40
trotting,79225,79194,79225,31
rearing,79255,79225,79255,30
left_turning,79316,79255,79316,61
walking,79349,79316,79349,33
sniffing,79375,79349,79375,26
pausing,79768,79375,79768,393
sniffing,79867,79768,79867,99
right_turning,79922,79867,79922,55
sniffing,79950,79922,79950,28
walking,79959,79950,79959,9
grooming,79960,79959,79960,1
rising,79961,79960,79961,1
rearing,79962,79961,79962,1
grooming,80129,79962,80129,167
climbing,80163,80129,80163,34
rearing,80301,80163,80301,138
climbing,80342,80301,80342,41
walking,80343,80342,80343,1
sniffing,80456,80343,80456,113
walking,80501,80456,80501,45
sniffing,80533,80501,80533,32
rising,80575,80533,80575,42
climbing,80609,80575,80609,34
rising,80637,80609,80637,28
climbing,80817,80637,80817,180
rearing,80828,80817,80828,11
rising,80829,80828,80829,1
climbing,80876,80829,80876,47
walking,80912,80876,80912,36
right_turning,80938,80912,80938,26
running,80994,80938,80994,56
walking,81009,80994,81009,15
rising,81058,81009,81058,49
climbing,81129,81058,81129,71
walking,81145,81129,81145,16
rising,81146,81145,81146,1
climbing,81166,81146,81166,20
sniffing,81215,81166,81215,49
rising,81280,81215,81280,65
climbing,81340,81280,81340,60
stepping,81373,81340,81373,33
climbing,81443,81373,81443,70
rising,81448,81443,81448,5
sniffing,81635,81448,81635,187
walking,81636,81635,81636,1
sniffing,81737,81636,81737,101
stepping,81775,81737,81775,38
climbing,81791,81775,81791,16
sniffing,81823,81791,81823,32
rising,81868,81823,81868,45
walking,81893,81868,81893,25
sniffing,81951,81893,81951,58
pausing,82389,81951,82389,438
sniffing,82390,82389,82390,1
stepping,82412,82390,82412,22
climbing,82437,82412,82437,25
rising,82445,82437,82445,8
climbing,82470,82445,82470,25
rearing,82483,82470,82483,13
walking,82545,82483,82545,62
sniffing,82677,82545,82677,132
hunching,82678,82677,82678,1
walking,82753,82678,82753,75
stepping,82805,82753,82805,52
sniffing,82806,82805,82806,1
walking,82864,82806,82864,58
rising,82916,82864,82916,52
rearing,82962,82916,82962,46
rising,82963,82962,82963,1
sniffing,82968,82963,82968,5
grooming,83127,82968,83127,159
rising,83144,83127,83144,17
sniffing,83176,83144,83176,32
walking,83254,83176,83254,78
sniffing,83455,83254,83455,201
climbing,83456,83455,83456,1
rearing,83574,83456,83574,118
sniffing,83603,83574,83603,29
left_turning,83652,83603,83652,49
walking,83664,83652,83664,12
sniffing,83695,83664,83695,31
left_turning,83740,83695,83740,45
sniffing,83805,83740,83805,65
rising,83810,83805,83810,5
sniffing,83944,83810,83944,134
pausing,84096,83944,84096,152
sniffing,84148,84096,84148,52
climbing,84176,84148,84176,28
sniffing,84275,84176,84275,99
hunching,84334,84275,84334,59
right_turning,84356,84334,84356,22
running,84367,84356,84367,11
walking,84368,84367,84368,1
rising,84408,84368,84408,40
climbing,84467,84408,84467,59
trotting,84514,84467,84514,47
rising,84599,84514,84599,85
climbing,84626,84599,84626,27
rising,84763,84626,84763,137
rearing,84787,84763,84787,24
hunching,84841,84787,84841,54
walking,84886,84841,84886,45
sniffing,84928,84886,84928,42
rising,85108,84928,85108,180
sniffing,85191,85108,85191,83
rising,85247,85191,85247,56
sniffing,85284,85247,85284,37
left_turning,85322,85284,85322,38
stepping,85342,85322,85342,20
sniffing,85447,85342,85447,105
left_turning,85484,85447,85484,37
sniffing,85538,85484,85538,54
climbing,85596,85538,85596,58
rearing,85735,85596,85735,139
grooming,86595,85735,86595,860
sniffing,86882,86595,86882,287
stepping,86924,86882,86924,42
left_turning,86974,86924,86974,50
sniffing,87021,86974,87021,47
grooming,87164,87021,87164,143
rearing,87213,87164,87213,49
hunching,87247,87213,87247,34
climbing,87255,87247,87255,8
rearing,87325,87255,87325,70
sniffing,87361,87325,87361,36
rising,87434,87361,87434,73
rearing,87506,87434,87506,72
rising,87578,87506,87578,72
sniffing,87622,87578,87622,44
left_turning,87667,87622,87667,45
walking,87687,87667,87687,20
sniffing,87802,87687,87802,115
climbing,87905,87802,87905,103
rearing,87947,87905,87947,42
grooming,88072,87947,88072,125
sniffing,88127,88072,88127,55
climbing,88146,88127,88146,19
sniffing,88151,88146,88151,5
stepping,88192,88151,88192,41
walking,88201,88192,88201,9
climbing,88202,88201,88202,1
sniffing,88266,88202,88266,64
rising,88267,88266,88267,1
walking,88278,88267,88278,11
rising,88290,88278,88290,12
climbing,88304,88290,88304,14
hunching,88305,88304,88305,1
sniffing,88306,88305,88306,1
rising,88371,88306,88371,65
climbing,88372,88371,88372,1
sniffing,88373,88372,88373,1
rising,88405,88373,88405,32
left_turning,88406,88405,88406,1
sniffing,88515,88406,88515,109
trotting,88547,88515,88547,32
sniffing,88561,88547,88561,14
walking,88562,88561,88562,1
sniffing,88795,88562,88795,233
left_turning,88835,88795,88835,40
sniffing,88984,88835,88984,149
rising,89003,88984,89003,19
sniffing,89072,89003,89072,69
climbing,89195,89072,89195,123
rising,89244,89195,89244,49
sniffing,89305,89244,89305,61
pausing,89798,89305,89798,493
sniffing,89851,89798,89851,53
rising,89871,89851,89871,20
climbing,90186,89871,90186,315
sniffing,90226,90186,90226,40
grooming,90329,90226,90329,103
sniffing,90343,90329,90343,14
rearing,90421,90343,90421,78
walking,90461,90421,90461,40
sniffing,90688,90461,90688,227
right_turning,90689,90688,90689,1
trotting,90741,90689,90741,52
sniffing,90768,90741,90768,27
climbing,90878,90768,90878,110
sniffing,90991,90878,90991,113
rising,90998,90991,90998,7
sniffing,91114,90998,91114,116
trotting,91152,91114,91152,38
sniffing,91208,91152,91208,56
rising,91224,91208,91224,16
walking,91261,91224,91261,37
sniffing,91300,91261,91300,39
climbing,91380,91300,91380,80
grooming,91443,91380,91443,63
rearing,91486,91443,91486,43
sniffing,91585,91486,91585,99
left_turning,91618,91585,91618,33
walking,91709,91618,91709,91
trotting,91732,91709,91732,23
stepping,91768,91732,91768,36
walking,91813,91768,91813,45
trotting,91831,91813,91831,18
hunching,91878,91831,91878,47
grooming,91879,91878,91879,1
sniffing,91880,91879,91880,1
rising,91916,91880,91916,36
sniffing,91953,91916,91953,37
right_turning,92006,91953,92006,53
trotting,92023,92006,92023,17
sniffing,92050,92023,92050,27
climbing,92322,92050,92322,272
sniffing,92382,92322,92382,60
walking,92383,92382,92383,1
sniffing,92438,92383,92438,55
trotting,92493,92438,92493,55
sniffing,92541,92493,92541,48
rearing,92586,92541,92586,45
sniffing,92752,92586,92752,166
rising,92789,92752,92789,37
sniffing,92790,92789,92790,1
trotting,92831,92790,92831,41
sniffing,92901,92831,92901,70
left_turning,92932,92901,92932,31
stepping,92933,92932,92933,1
walking,92969,92933,92969,36
climbing,93000,92969,93000,31
sniffing,93001,93000,93001,1
climbing,93091,93001,93091,90
rising,93092,93091,93092,1
rearing,93238,93092,93238,146
sniffing,93324,93238,93324,86
rising,93325,93324,93325,1
climbing,93329,93325,93329,4
grooming,93332,93329,93332,3
sniffing,93333,93332,93333,1
rising,93370,93333,93370,37
climbing,93490,93370,93490,120
left_turning,93491,93490,93491,1
sniffing,93508,93491,93508,17
walking,93536,93508,93536,28
sniffing,93537,93536,93537,1
left_turning,93628,93537,93628,91
walking,93629,93628,93629,1
climbing,93720,93629,93720,91
hunching,93818,93720,93818,98
right_turning,93833,93818,93833,15
walking,93930,93833,93930,97
left_turning,93967,93930,93967,37
walking,94028,93967,94028,61
sniffing,94165,94028,94165,137
left_turning,94210,94165,94210,45
walking,94260,94210,94260,50
sniffing,94305,94260,94305,45
pausing,94478,94305,94478,173
sniffing,94535,94478,94535,57
rising,94543,94535,94543,8
walking,94547,94543,94547,4
sniffing,94585,94547,94585,38
walking,94603,94585,94603,18
trotting,94675,94603,94675,72
left_turning,94676,94675,94676,1
sniffing,94677,94676,94677,1
stepping,94720,94677,94720,43
walking,94774,94720,94774,54
rising,94797,94774,94797,23
rearing,94858,94797,94858,61
climbing,94904,94858,94904,46
walking,94952,94904,94952,48
sniffing,95090,94952,95090,138
left_turning,95111,95090,95111,21
sniffing,95165,95111,95165,54
rising,95277,95165,95277,112
pausing,95402,95277,95402,125
sniffing,95494,95402,95494,92
grooming,95792,95494,95792,298
sniffing,95912,95792,95912,120
rising,95956,95912,95956,44
rearing,96150,95956,96150,194
rising,96217,96150,96217,67
hunching,96218,96217,96218,1
grooming,96386,96218,96386,168
rising,96512,96386,96512,126
sniffing,96551,96512,96551,39
left_turning,96556,96551,96556,5
sniffing,96563,96556,96563,7
rearing,96608,96563,96608,45
climbing,96705,96608,96705,97
rising,96748,96705,96748,43
trotting,96776,96748,96776,28
sniffing,96814,96776,96814,38
left_turning,96815,96814,96815,1
stepping,96858,96815,96858,43
sniffing,96940,96858,96940,82
rising,97011,96940,97011,71
climbing,97122,97011,97122,111
walking,97146,97122,97146,24
rearing,97173,97146,97173,27
sniffing,97174,97173,97174,1
walking,97206,97174,97206,32
right_turning,97224,97206,97224,18
walking,97250,97224,97250,26
sniffing,97389,97250,97389,139
climbing,97390,97389,97390,1
rearing,97391,97390,97391,1
running,97404,97391,97404,13
sniffing,97510,97404,97510,106
left_turning,97548,97510,97548,38
walking,97552,97548,97552,4
right_turning,97567,97552,97567,15
left_turning,97613,97567,97613,46
rising,97684,97613,97684,71
stepping,97714,97684,97714,30
sniffing,97728,97714,97728,14
grooming,97916,97728,97916,188
rearing,97977,97916,97977,61
climbing,98015,97977,98015,38
running,98036,98015,98036,21
sniffing,98074,98036,98074,38
rising,98077,98074,98077,3
climbing,98172,98077,98172,95
rising,98220,98172,98220,48
sniffing,98360,98220,98360,140
grooming,98735,98360,98735,375
rearing,98771,98735,98771,36
sniffing,98860,98771,98860,89
grooming,98957,98860,98957,97
rearing,99136,98957,99136,179
sniffing,99137,99136,99137,1
rising,99171,99137,99171,34
climbing,99200,99171,99200,29
walking,99262,99200,99262,62
climbing,99396,99262,99396,134
hunching,99476,99396,99476,80
sniffing,99631,99476,99631,155
trotting,99652,99631,99652,21
walking,99655,99652,99655,3
climbing,99702,99655,99702,47
sniffing,99780,99702,99780,78
stepping,99798,99780,99798,18
sniffing,99986,99798,99986,188
trotting,99987,99986,99987,1
left_turning,100024,99987,100024,37
rising,100025,100024,100025,1
climbing,100031,100025,100031,6
rising,100201,100031,100201,170
sniffing,100249,100201,100249,48
trotting,100288,100249,100288,39
left_turning,100289,100288,100289,1
running,100306,100289,100306,17
rising,100406,100306,100406,100
sniffing,100447,100406,100447,41
hunching,100448,100447,100448,1
left_turning,100499,100448,100499,51
sniffing,100561,100499,100561,62
climbing,100562,100561,100562,1
sniffing,100575,100562,100575,13
rearing,100689,100575,100689,114
climbing,100719,100689,100719,30
rearing,100797,100719,100797,78
sniffing,101011,100797,101011,214
rising,101031,101011,101031,20
rearing,101160,101031,101160,129
sniffing,101161,101160,101161,1
climbing,101208,101161,101208,47
sniffing,101265,101208,101265,57
right_turning,101276,101265,101276,11
sniffing,101347,101276,101347,71
rearing,101348,101347,101348,1
sniffing,101396,101348,101396,48
stepping,101482,101396,101482,86
sniffing,101515,101482,101515,33
right_turning,101547,101515,101547,32
sniffing,101783,101547,101783,236
stepping,101784,101783,101784,1
left_turning,101863,101784,101863,79
sniffing,101985,101863,101985,122
stepping,102055,101985,102055,70
walking,102103,102055,102103,48
rising,102182,102103,102182,79
climbing,102302,102182,102302,120
rising,102343,102302,102343,41
climbing,102436,102343,102436,93
grooming,102451,102436,102451,15
climbing,102571,102451,102571,120
rising,102580,102571,102580,9
walking,102589,102580,102589,9
sniffing,102699,102589,102699,110
right_turning,102700,102699,102700,1
sniffing,102713,102700,102713,13
trotting,102758,102713,102758,45
sniffing,102778,102758,102778,20
walking,102779,102778,102779,1
hunching,102847,102779,102847,68
rearing,102892,102847,102892,45
grooming,103231,102892,103231,339
left_turning,103269,103231,103269,38
stepping,103367,103269,103367,98
right_turning,103404,103367,103404,37
walking,103491,103404,103491,87
trotting,103492,103491,103492,1
sniffing,103629,103492,103629,137
rising,103665,103629,103665,36
right_turning,103701,103665,103701,36
running,103757,103701,103757,56
rearing,103765,103757,103765,8
rising,103847,103765,103847,82
grooming,103940,103847,103940,93
left_turning,103969,103940,103969,29
running,104039,103969,104039,70
walking,104091,104039,104091,52
rising,104094,104091,104094,3
climbing,104200,104094,104200,106
trotting,104226,104200,104226,26
sniffing,104236,104226,104236,10
walking,104263,104236,104263,27
sniffing,104328,104263,104328,65
hunching,104329,104328,104329,1
climbing,104351,104329,104351,22
walking,104354,104351,104354,3
rising,104389,104354,104389,35
sniffing,104501,104389,104501,112
walking,104620,104501,104620,119
climbing,104735,104620,104735,115
sniffing,104736,104735,104736,1
left_turning,104775,104736,104775,39
trotting,104814,104775,104814,39
walking,104878,104814,104878,64
rising,104972,104878,104972,94
rearing,104973,104972,104973,1
sniffing,105009,104973,105009,36
climbing,105049,105009,105049,40
rearing,105211,105049,105211,162
rising,105241,105211,105241,30
climbing,105289,105241,105289,48
sniffing,105347,105289,105347,58
left_turning,105421,105347,105421,74
walking,105497,105421,105497,76
rising,105602,105497,105602,105
sniffing,105665,105602,105665,63
left_turning,105761,105665,105761,96
climbing,105766,105761,105766,5
right_turning,105791,105766,105791,25
rising,105826,105791,105826,35
walking,105873,105826,105873,47
climbing,106021,105873,106021,148
rearing,106087,106021,106087,66
climbing,106241,106087,106241,154
hunching,106384,106241,106384,143
sniffing,106495,106384,106495,111
rising,106496,106495,106496,1
left_turning,106534,106496,106534,38
walking,106547,106534,106547,13
right_turning,106553,106547,106553,6
sniffing,106602,106553,106602,49
trotting,106654,106602,106654,52
sniffing,106655,106654,106655,1
pausing,106986,106655,106986,331
sniffing,107092,106986,107092,106
rising,107187,107092,107187,95
climbing,107201,107187,107201,14
rearing,107447,107201,107447,246
sniffing,107521,107447,107521,74
pausing,108000,107521,108000,479
