revised_movement_label,segBoundary,segBoundary_start,segBoundary_end,length
sniffing,28,0,28,28
left_turning,72,28,72,44
walking,130,72,130,58
sniffing,131,130,131,1
rising,163,131,163,32
climbing,171,163,171,8
left_turning,172,171,172,1
rising,193,172,193,21
walking,259,193,259,66
sniffing,294,259,294,35
walking,322,294,322,28
sniffing,323,322,323,1
climbing,394,323,394,71
rising,416,394,416,22
sniffing,456,416,456,40
trotting,503,456,503,47
sniffing,741,503,741,238
walking,803,741,803,62
sniffing,804,803,804,1
walking,876,804,876,72
rising,877,876,877,1
sniffing,937,877,937,60
stepping,947,937,947,10
sniffing,948,947,948,1
right_turning,999,948,999,51
walking,1049,999,1049,50
rising,1098,1049,1098,49
climbing,1101,1098,1101,3
walking,1148,1101,1148,47
climbing,1167,1148,1167,19
sniffing,1238,1167,1238,71
climbing,1293,1238,1293,55
rising,1330,1293,1330,37
trotting,1347,1330,1347,17
sniffing,1374,1347,1374,27
running,1448,1374,1448,74
sniffing,1575,1448,1575,127
left_turning,1605,1575,1605,30
walking,1722,1605,1722,117
rising,1729,1722,1729,7
climbing,1804,1729,1804,75
sniffing,1906,1804,1906,102
trotting,1938,1906,1938,32
walking,1988,1938,1988,50
sniffing,2085,1988,2085,97
climbing,2090,2085,2090,5
rising,2121,2090,2121,31
trotting,2150,2121,2150,29
walking,2181,2150,2181,31
rearing,2256,2181,2256,75
rising,2267,2256,2267,11
walking,2268,2267,2268,1
stepping,2355,2268,2355,87
sniffing,2356,2355,2356,1
walking,2392,2356,2392,36
sniffing,2398,2392,2398,6
climbing,2429,2398,2429,31
rising,2458,2429,2458,29
sniffing,2459,2458,2459,1
walking,2511,2459,2511,52
stepping,2555,2511,2555,44
climbing,2594,2555,2594,39
trotting,2632,2594,2632,38
sniffing,2655,2632,2655,23
climbing,2708,2655,2708,53
sniffing,2713,2708,2713,5
trotting,2785,2713,2785,72
stepping,2786,2785,2786,1
walking,2827,2786,2827,41
right_turning,2851,2827,2851,24
running,2861,2851,2861,10
walking,2941,2861,2941,80
sniffing,2992,2941,2992,51
left_turning,3042,2992,3042,50
sniffing,3046,3042,3046,4
rising,3102,3046,3102,56
sniffing,3112,3102,3112,10
running,3115,3112,3115,3
sniffing,3164,3115,3164,49
trotting,3227,3164,3227,63
walking,3241,3227,3241,14
sniffing,3285,3241,3285,44
climbing,3340,3285,3340,55
trotting,3341,3340,3341,1
rising,3436,3341,3436,95
sniffing,3437,3436,3437,1
climbing,3477,3437,3477,40
rising,3478,3477,3478,1
walking,3524,3478,3524,46
sniffing,3525,3524,3525,1
walking,3602,3525,3602,77
sniffing,3603,3602,3603,1
left_turning,3604,3603,3604,1
sniffing,3625,3604,3625,21
walking,3675,3625,3675,50
right_turning,3720,3675,3720,45
climbing,3741,3720,3741,21
rising,3808,3741,3808,67
climbing,3884,3808,3884,76
sniffing,3885,3884,3885,1
trotting,3911,3885,3911,26
sniffing,3948,3911,3948,37
rising,4058,3948,4058,110
climbing,4077,4058,4077,19
rising,4083,4077,4083,6
climbing,4133,4083,4133,50
right_turning,4165,4133,4165,32
left_turning,4182,4165,4182,17
sniffing,4183,4182,4183,1
trotting,4200,4183,4200,17
sniffing,4201,4200,4201,1
right_turning,4202,4201,4202,1
rising,4228,4202,4228,26
walking,4236,4228,4236,8
sniffing,4300,4236,4300,64
walking,4304,4300,4304,4
left_turning,4305,4304,4305,1
trotting,4320,4305,4320,15
sniffing,4483,4320,4483,163
right_turning,4494,4483,4494,11
walking,4532,4494,4532,38
stepping,4586,4532,4586,54
sniffing,4607,4586,4607,21
left_turning,4619,4607,4619,12
walking,4620,4619,4620,1
rising,4621,4620,4621,1
walking,4622,4621,4622,1
sniffing,4655,4622,4655,33
walking,4696,4655,4696,41
climbing,4770,4696,4770,74
sniffing,4797,4770,4797,27
climbing,4864,4797,4864,67
sniffing,5103,4864,5103,239
climbing,5104,5103,5104,1
rearing,5105,5104,5105,1
rising,5198,5105,5198,93
sniffing,5332,5198,5332,134
walking,5342,5332,5342,10
sniffing,5372,5342,5372,30
trotting,5409,5372,5409,37
rising,5443,5409,5443,34
sniffing,5447,5443,5447,4
climbing,5500,5447,5500,53
hunching,5515,5500,5515,15
rising,5574,5515,5574,59
left_turning,5602,5574,5602,28
climbing,5623,5602,5623,21
sniffing,5624,5623,5624,1
trotting,5695,5624,5695,71
walking,5707,5695,5707,12
rising,5719,5707,5719,12
climbing,5758,5719,5758,39
rearing,5802,5758,5802,44
sniffing,5844,5802,5844,42
climbing,5915,5844,5915,71
sniffing,5997,5915,5997,82
trotting,6002,5997,6002,5
left_turning,6023,6002,6023,21
walking,6091,6023,6091,68
stepping,6103,6091,6103,12
sniffing,6137,6103,6137,34
walking,6173,6137,6173,36
sniffing,6214,6173,6214,41
right_turning,6222,6214,6222,8
climbing,6261,6222,6261,39
right_turning,6308,6261,6308,47
walking,6319,6308,6319,11
climbing,6343,6319,6343,24
trotting,6369,6343,6369,26
running,6402,6369,6402,33
rearing,6403,6402,6403,1
climbing,6421,6403,6421,18
sniffing,6481,6421,6481,60
walking,6497,6481,6497,16
trotting,6525,6497,6525,28
rising,6555,6525,6555,30
stepping,6570,6555,6570,15
walking,6595,6570,6595,25
sniffing,6646,6595,6646,51
walking,6760,6646,6760,114
sniffing,6790,6760,6790,30
walking,6804,6790,6804,14
sniffing,6805,6804,6805,1
walking,6850,6805,6850,45
rising,6875,6850,6875,25
sniffing,6935,6875,6935,60
grooming,6953,6935,6953,18
sniffing,6992,6953,6992,39
walking,7012,6992,7012,20
climbing,7099,7012,7099,87
left_turning,7165,7099,7165,66
sniffing,7202,7165,7202,37
pausing,7653,7202,7653,451
sniffing,7671,7653,7671,18
walking,7714,7671,7714,43
sniffing,7759,7714,7759,45
left_turning,7781,7759,7781,22
walking,7826,7781,7826,45
sniffing,7924,7826,7924,98
walking,7943,7924,7943,19
left_turning,7973,7943,7973,30
sniffing,8041,7973,8041,68
running,8073,8041,8073,32
sniffing,8226,8073,8226,153
climbing,8263,8226,8263,37
rising,8325,8263,8325,62
walking,8337,8325,8337,12
sniffing,8348,8337,8348,11
rising,8371,8348,8371,23
left_turning,8410,8371,8410,39
sniffing,8462,8410,8462,52
walking,8513,8462,8513,51
climbing,8559,8513,8559,46
sniffing,8563,8559,8563,4
climbing,8625,8563,8625,62
right_turning,8681,8625,8681,56
running,8707,8681,8707,26
walking,8708,8707,8708,1
sniffing,8819,8708,8819,111
climbing,8895,8819,8895,76
trotting,8917,8895,8917,22
walking,8918,8917,8918,1
sniffing,8938,8918,8938,20
climbing,8988,8938,8988,50
sniffing,8989,8988,8989,1
rearing,8990,8989,8990,1
climbing,9054,8990,9054,64
sniffing,9175,9054,9175,121
rising,9176,9175,9176,1
sniffing,9268,9176,9268,92
left_turning,9305,9268,9305,37
walking,9362,9305,9362,57
stepping,9385,9362,9385,23
sniffing,9545,9385,9545,160
trotting,9600,9545,9600,55
sniffing,9652,9600,9652,52
rising,9707,9652,9707,55
right_turning,9723,9707,9723,16
walking,9751,9723,9751,28
trotting,9780,9751,9780,29
stepping,9829,9780,9829,49
walking,9874,9829,9874,45
rising,9934,9874,9934,60
grooming,10060,9934,10060,126
rearing,10094,10060,10094,34
running,10118,10094,10118,24
left_turning,10135,10118,10135,17
climbing,10201,10135,10201,66
sniffing,10203,10201,10203,2
climbing,10294,10203,10294,91
walking,10303,10294,10303,9
sniffing,10339,10303,10339,36
stepping,10373,10339,10373,34
trotting,10394,10373,10394,21
sniffing,10429,10394,10429,35
rising,10477,10429,10477,48
sniffing,10560,10477,10560,83
climbing,10608,10560,10608,48
sniffing,10634,10608,10634,26
trotting,10635,10634,10635,1
sniffing,10654,10635,10654,19
stepping,10724,10654,10724,70
climbing,10758,10724,10758,34
trotting,10806,10758,10806,48
walking,10840,10806,10840,34
climbing,10889,10840,10889,49
sniffing,10921,10889,10921,32
walking,10928,10921,10928,7
left_turning,10953,10928,10953,25
sniffing,11039,10953,11039,86
walking,11040,11039,11040,1
climbing,11084,11040,11084,44
sniffing,11115,11084,11115,31
walking,11200,11115,11200,85
sniffing,11201,11200,11201,1
rising,11222,11201,11222,21
climbing,11270,11222,11270,48
walking,11300,11270,11300,30
climbing,11389,11300,11389,89
sniffing,11536,11389,11536,147
grooming,11643,11536,11643,107
sniffing,11644,11643,11644,1
left_turning,11660,11644,11660,16
sniffing,11661,11660,11661,1
rising,11662,11661,11662,1
climbing,11704,11662,11704,42
rising,11762,11704,11762,58
climbing,11871,11762,11871,109
trotting,11897,11871,11897,26
walking,11912,11897,11912,15
sniffing,11986,11912,11986,74
walking,11987,11986,11987,1
stepping,12037,11987,12037,50
sniffing,12038,12037,12038,1
trotting,12051,12038,12051,13
sniffing,12071,12051,12071,20
climbing,12115,12071,12115,44
sniffing,12138,12115,12138,23
climbing,12219,12138,12219,81
stepping,12305,12219,12305,86
sniffing,12347,12305,12347,42
rising,12395,12347,12395,48
rearing,12408,12395,12408,13
hunching,12426,12408,12426,18
walking,12453,12426,12453,27
sniffing,12482,12453,12482,29
running,12514,12482,12514,32
walking,12573,12514,12573,59
hunching,12598,12573,12598,25
left_turning,12632,12598,12632,34
walking,12652,12632,12652,20
sniffing,12674,12652,12674,22
walking,12710,12674,12710,36
sniffing,12711,12710,12711,1
climbing,12740,12711,12740,29
walking,12761,12740,12761,21
sniffing,12818,12761,12818,57
left_turning,12841,12818,12841,23
walking,12882,12841,12882,41
sniffing,12959,12882,12959,77
walking,13021,12959,13021,62
rising,13039,13021,13039,18
sniffing,13108,13039,13108,69
left_turning,13125,13108,13125,17
climbing,13212,13125,13212,87
rising,13257,13212,13257,45
sniffing,13290,13257,13290,33
left_turning,13309,13290,13309,19
sniffing,13410,13309,13410,101
rising,13460,13410,13460,50
sniffing,13528,13460,13528,68
stepping,13548,13528,13548,20
hunching,13580,13548,13580,32
sniffing,13581,13580,13581,1
climbing,13595,13581,13595,14
running,13661,13595,13661,66
stepping,13722,13661,13722,61
sniffing,13765,13722,13765,43
rising,13825,13765,13825,60
climbing,13826,13825,13826,1
right_turning,13827,13826,13827,1
left_turning,13836,13827,13836,9
walking,13885,13836,13885,49
rising,13909,13885,13909,24
sniffing,14031,13909,14031,122
stepping,14102,14031,14102,71
sniffing,14318,14102,14318,216
rising,14359,14318,14359,41
climbing,14506,14359,14506,147
rising,14551,14506,14551,45
stepping,14565,14551,14565,14
sniffing,14566,14565,14566,1
climbing,14620,14566,14620,54
rising,14645,14620,14645,25
left_turning,14684,14645,14684,39
sniffing,14696,14684,14696,12
climbing,14822,14696,14822,126
rising,14871,14822,14871,49
rearing,14919,14871,14919,48
sniffing,14950,14919,14950,31
trotting,15019,14950,15019,69
rising,15070,15019,15070,51
right_turning,15092,15070,15092,22
trotting,15111,15092,15111,19
sniffing,15210,15111,15210,99
walking,15250,15210,15250,40
sniffing,15251,15250,15251,1
stepping,15313,15251,15313,62
left_turning,15352,15313,15352,39
sniffing,15353,15352,15353,1
stepping,15394,15353,15394,41
right_turning,15403,15394,15403,9
left_turning,15448,15403,15448,45
walking,15513,15448,15513,65
sniffing,15514,15513,15514,1
climbing,15551,15514,15551,37
trotting,15577,15551,15577,26
running,15586,15577,15586,9
trotting,15649,15586,15649,63
walking,15698,15649,15698,49
sniffing,15739,15698,15739,41
walking,15750,15739,15750,11
rising,15751,15750,15751,1
climbing,15789,15751,15789,38
right_turning,15790,15789,15790,1
stepping,15819,15790,15819,29
climbing,15820,15819,15820,1
walking,15851,15820,15851,31
climbing,15894,15851,15894,43
stepping,15910,15894,15910,16
climbing,16057,15910,16057,147
right_turning,16058,16057,16058,1
sniffing,16059,16058,16059,1
rising,16075,16059,16075,16
hunching,16113,16075,16113,38
sniffing,16263,16113,16263,150
walking,16271,16263,16271,8
left_turning,16289,16271,16289,18
sniffing,16313,16289,16313,24
hunching,16396,16313,16396,83
rearing,16397,16396,16397,1
rising,16398,16397,16398,1
sniffing,16413,16398,16413,15
left_turning,16443,16413,16443,30
sniffing,16444,16443,16444,1
stepping,16496,16444,16496,52
climbing,16570,16496,16570,74
sniffing,16672,16570,16672,102
walking,16715,16672,16715,43
stepping,16746,16715,16746,31
trotting,16756,16746,16756,10
rearing,16825,16756,16825,69
rising,16870,16825,16870,45
climbing,16967,16870,16967,97
sniffing,17008,16967,17008,41
walking,17035,17008,17035,27
rising,17050,17035,17050,15
climbing,17055,17050,17055,5
rising,17089,17055,17089,34
walking,17117,17089,17117,28
left_turning,17137,17117,17137,20
walking,17183,17137,17183,46
sniffing,17191,17183,17191,8
left_turning,17227,17191,17227,36
walking,17247,17227,17247,20
rising,17269,17247,17269,22
sniffing,17270,17269,17270,1
right_turning,17271,17270,17271,1
sniffing,17299,17271,17299,28
rising,17332,17299,17332,33
rearing,17333,17332,17333,1
sniffing,17443,17333,17443,110
right_turning,17482,17443,17482,39
stepping,17540,17482,17540,58
rising,17562,17540,17562,22
walking,17610,17562,17610,48
trotting,17632,17610,17632,22
sniffing,17703,17632,17703,71
rising,17723,17703,17723,20
left_turning,17763,17723,17763,40
sniffing,17768,17763,17768,5
running,17785,17768,17785,17
sniffing,17862,17785,17862,77
rising,17920,17862,17920,58
sniffing,17948,17920,17948,28
right_turning,18011,17948,18011,63
walking,18043,18011,18043,32
climbing,18056,18043,18056,13
sniffing,18085,18056,18085,29
right_turning,18120,18085,18120,35
walking,18136,18120,18136,16
running,18168,18136,18168,32
left_turning,18222,18168,18222,54
walking,18310,18222,18310,88
trotting,18314,18310,18314,4
sniffing,18388,18314,18388,74
hunching,18389,18388,18389,1
climbing,18464,18389,18464,75
right_turning,18491,18464,18491,27
stepping,18546,18491,18546,55
right_turning,18553,18546,18553,7
trotting,18605,18553,18605,52
walking,18617,18605,18617,12
sniffing,18618,18617,18618,1
climbing,18649,18618,18649,31
sniffing,18778,18649,18778,129
left_turning,18816,18778,18816,38
walking,18851,18816,18851,35
left_turning,18893,18851,18893,42
walking,18982,18893,18982,89
sniffing,19046,18982,19046,64
walking,19047,19046,19047,1
sniffing,19113,19047,19113,66
rising,19131,19113,19131,18
sniffing,19205,19131,19205,74
hunching,19290,19205,19290,85
climbing,19309,19290,19309,19
walking,19331,19309,19331,22
sniffing,19417,19331,19417,86
trotting,19441,19417,19441,24
stepping,19504,19441,19504,63
sniffing,19593,19504,19593,89
walking,19686,19593,19686,93
rising,19705,19686,19705,19
climbing,19791,19705,19791,86
walking,19792,19791,19792,1
sniffing,19908,19792,19908,116
climbing,19999,19908,19999,91
trotting,20056,19999,20056,57
sniffing,20097,20056,20097,41
hunching,20098,20097,20098,1
climbing,20099,20098,20099,1
rearing,20105,20099,20105,6
trotting,20177,20105,20177,72
rearing,20179,20177,20179,2
sniffing,20305,20179,20305,126
climbing,20306,20305,20306,1
left_turning,20343,20306,20343,37
running,20381,20343,20381,38
sniffing,20482,20381,20482,101
left_turning,20545,20482,20545,63
grooming,20674,20545,20674,129
sniffing,20739,20674,20739,65
rising,20765,20739,20765,26
climbing,20788,20765,20788,23
left_turning,20789,20788,20789,1
walking,20847,20789,20847,58
climbing,20901,20847,20901,54
rearing,20910,20901,20910,9
rising,20980,20910,20980,70
climbing,20993,20980,20993,13
rearing,21033,20993,21033,40
grooming,21154,21033,21154,121
rearing,21195,21154,21195,41
rising,21243,21195,21243,48
right_turning,21267,21243,21267,24
trotting,21269,21267,21269,2
sniffing,21301,21269,21301,32
right_turning,21356,21301,21356,55
walking,21357,21356,21357,1
climbing,21425,21357,21425,68
walking,21468,21425,21468,43
hunching,21523,21468,21523,55
sniffing,21644,21523,21644,121
stepping,21680,21644,21680,36
rising,21713,21680,21713,33
sniffing,21837,21713,21837,124
walking,21867,21837,21867,30
left_turning,21910,21867,21910,43
stepping,21943,21910,21943,33
left_turning,22014,21943,22014,71
walking,22056,22014,22056,42
rising,22074,22056,22074,18
sniffing,22256,22074,22256,182
walking,22286,22256,22286,30
sniffing,22300,22286,22300,14
climbing,22351,22300,22351,51
rearing,22352,22351,22352,1
sniffing,22362,22352,22362,10
climbing,22426,22362,22426,64
rising,22512,22426,22512,86
sniffing,22637,22512,22637,125
climbing,22658,22637,22658,21
left_turning,22678,22658,22678,20
rising,22702,22678,22702,24
right_turning,22708,22702,22708,6
walking,22743,22708,22743,35
climbing,22775,22743,22775,32
sniffing,22811,22775,22811,36
walking,22812,22811,22812,1
sniffing,22879,22812,22879,67
walking,22946,22879,22946,67
stepping,23074,22946,23074,128
sniffing,23091,23074,23091,17
rising,23126,23091,23126,35
climbing,23127,23126,23127,1
trotting,23136,23127,23136,9
walking,23164,23136,23164,28
sniffing,23185,23164,23185,21
rising,23213,23185,23213,28
climbing,23236,23213,23236,23
right_turning,23272,23236,23272,36
stepping,23293,23272,23293,21
sniffing,23307,23293,23307,14
right_turning,23334,23307,23334,27
walking,23335,23334,23335,1
sniffing,23443,23335,23443,108
rising,23528,23443,23528,85
sniffing,23529,23528,23529,1
rising,23550,23529,23550,21
climbing,23551,23550,23551,1
right_turning,23558,23551,23558,7
running,23579,23558,23579,21
left_turning,23646,23579,23646,67
running,23683,23646,23683,37
rising,23684,23683,23684,1
walking,23744,23684,23744,60
rising,23789,23744,23789,45
rearing,23790,23789,23790,1
right_turning,23813,23790,23813,23
running,23814,23813,23814,1
sniffing,23885,23814,23885,71
climbing,23886,23885,23886,1
sniffing,23887,23886,23887,1
right_turning,23905,23887,23905,18
sniffing,23933,23905,23933,28
stepping,23998,23933,23998,65
sniffing,23999,23998,23999,1
left_turning,24049,23999,24049,50
sniffing,24147,24049,24147,98
left_turning,24223,24147,24223,76
walking,24313,24223,24313,90
rearing,24380,24313,24380,67
grooming,24543,24380,24543,163
walking,24610,24543,24610,67
climbing,24672,24610,24672,62
walking,24716,24672,24716,44
climbing,24778,24716,24778,62
rearing,24823,24778,24823,45
walking,24942,24823,24942,119
jumping,24990,24942,24990,48
sniffing,25010,24990,25010,20
right_turning,25022,25010,25022,12
trotting,25087,25022,25087,65
rising,25121,25087,25121,34
climbing,25168,25121,25168,47
running,25190,25168,25190,22
walking,25221,25190,25221,31
hunching,25255,25221,25255,34
grooming,25264,25255,25264,9
climbing,25311,25264,25311,47
right_turning,25389,25311,25389,78
climbing,25436,25389,25436,47
hunching,25488,25436,25488,52
climbing,25588,25488,25588,100
rising,25685,25588,25685,97
climbing,25686,25685,25686,1
sniffing,25763,25686,25763,77
running,25788,25763,25788,25
walking,25882,25788,25882,94
sniffing,25883,25882,25883,1
climbing,25926,25883,25926,43
hunching,25927,25926,25927,1
sniffing,25985,25927,25985,58
stepping,25993,25985,25993,8
climbing,26027,25993,26027,34
rising,26062,26027,26062,35
right_turning,26164,26062,26164,102
trotting,26200,26164,26200,36
climbing,26300,26200,26300,100
running,26302,26300,26302,2
sniffing,26358,26302,26358,56
right_turning,26386,26358,26386,28
left_turning,26436,26386,26436,50
sniffing,26490,26436,26490,54
left_turning,26580,26490,26580,90
sniffing,26583,26580,26583,3
rising,26620,26583,26620,37
climbing,26688,26620,26688,68
trotting,26698,26688,26698,10
sniffing,26713,26698,26713,15
climbing,26757,26713,26757,44
rearing,26798,26757,26798,41
hunching,26845,26798,26845,47
walking,26846,26845,26846,1
trotting,26871,26846,26871,25
sniffing,26872,26871,26872,1
running,26883,26872,26883,11
walking,26921,26883,26921,38
rising,26957,26921,26957,36
climbing,26987,26957,26987,30
trotting,27020,26987,27020,33
walking,27035,27020,27035,15
stepping,27083,27035,27083,48
right_turning,27084,27083,27084,1
walking,27161,27084,27161,77
rising,27215,27161,27215,54
walking,27289,27215,27289,74
hunching,27333,27289,27333,44
right_turning,27345,27333,27345,12
trotting,27395,27345,27395,50
sniffing,27455,27395,27455,60
rising,27523,27455,27523,68
left_turning,27539,27523,27539,16
walking,27540,27539,27540,1
sniffing,27557,27540,27557,17
right_turning,27614,27557,27614,57
stepping,27672,27614,27672,58
walking,27710,27672,27710,38
sniffing,27745,27710,27745,35
left_turning,27746,27745,27746,1
trotting,27771,27746,27771,25
rising,27793,27771,27793,22
rearing,27800,27793,27800,7
sniffing,27862,27800,27862,62
right_turning,27915,27862,27915,53
sniffing,28024,27915,28024,109
left_turning,28056,28024,28056,32
rising,28057,28056,28057,1
climbing,28121,28057,28121,64
walking,28221,28121,28221,100
rising,28249,28221,28249,28
walking,28317,28249,28317,68
running,28354,28317,28354,37
trotting,28401,28354,28401,47
left_turning,28458,28401,28458,57
walking,28487,28458,28487,29
trotting,28488,28487,28488,1
sniffing,28596,28488,28596,108
left_turning,28658,28596,28658,62
running,28686,28658,28686,28
right_turning,28691,28686,28691,5
walking,28693,28691,28693,2
rising,28694,28693,28694,1
climbing,28831,28694,28831,137
sniffing,28979,28831,28979,148
left_turning,29038,28979,29038,59
running,29065,29038,29065,27
sniffing,29240,29065,29240,175
walking,29313,29240,29313,73
sniffing,29383,29313,29383,70
right_turning,29401,29383,29401,18
walking,29466,29401,29466,65
left_turning,29478,29466,29478,12
rearing,29483,29478,29483,5
walking,29484,29483,29484,1
rising,29529,29484,29529,45
jumping,29576,29529,29576,47
hunching,29609,29576,29609,33
climbing,29687,29609,29687,78
rearing,29719,29687,29719,32
climbing,29789,29719,29789,70
walking,29801,29789,29801,12
sniffing,29859,29801,29859,58
walking,29906,29859,29906,47
climbing,30028,29906,30028,122
right_turning,30053,30028,30053,25
sniffing,30112,30053,30112,59
pausing,30340,30112,30340,228
sniffing,30378,30340,30378,38
right_turning,30383,30378,30383,5
climbing,30457,30383,30457,74
rising,30511,30457,30511,54
hunching,30622,30511,30622,111
rising,30645,30622,30645,23
left_turning,30708,30645,30708,63
sniffing,30769,30708,30769,61
walking,30780,30769,30780,11
left_turning,30787,30780,30787,7
sniffing,30839,30787,30839,52
walking,30918,30839,30918,79
climbing,30919,30918,30919,1
rising,30920,30919,30920,1
walking,30948,30920,30948,28
rising,30951,30948,30951,3
walking,30955,30951,30955,4
sniffing,31025,30955,31025,70
stepping,31084,31025,31084,59
sniffing,31206,31084,31206,122
stepping,31207,31206,31207,1
left_turning,31253,31207,31253,46
rising,31295,31253,31295,42
sniffing,31296,31295,31296,1
rising,31352,31296,31352,56
rearing,31402,31352,31402,50
climbing,31470,31402,31470,68
sniffing,31551,31470,31551,81
stepping,31594,31551,31594,43
sniffing,31595,31594,31595,1
rising,31658,31595,31658,63
sniffing,31783,31658,31783,125
rearing,31798,31783,31798,15
climbing,31873,31798,31873,75
sniffing,31968,31873,31968,95
right_turning,31978,31968,31978,10
left_turning,31997,31978,31997,19
sniffing,32052,31997,32052,55
rising,32067,32052,32067,15
sniffing,32175,32067,32175,108
rising,32181,32175,32181,6
hunching,32182,32181,32182,1
rising,32251,32182,32251,69
sniffing,32412,32251,32412,161
left_turning,32465,32412,32465,53
walking,32489,32465,32489,24
sniffing,32490,32489,32490,1
walking,32617,32490,32617,127
stepping,32631,32617,32631,14
sniffing,32702,32631,32702,71
hunching,32703,32702,32703,1
right_turning,32726,32703,32726,23
trotting,32759,32726,32759,33
sniffing,32777,32759,32777,18
walking,32790,32777,32790,13
sniffing,32934,32790,32934,144
right_turning,32935,32934,32935,1
walking,32980,32935,32980,45
sniffing,33036,32980,33036,56
climbing,33112,33036,33112,76
rearing,33121,33112,33121,9
climbing,33148,33121,33148,27
trotting,33196,33148,33196,48
sniffing,33400,33196,33400,204
walking,33423,33400,33423,23
sniffing,33492,33423,33492,69
right_turning,33534,33492,33534,42
trotting,33554,33534,33554,20
hunching,33555,33554,33555,1
climbing,33600,33555,33600,45
hunching,33601,33600,33601,1
climbing,33709,33601,33709,108
rearing,33776,33709,33776,67
sniffing,33876,33776,33876,100
trotting,33889,33876,33889,13
sniffing,33969,33889,33969,80
walking,34069,33969,34069,100
stepping,34076,34069,34076,7
walking,34118,34076,34118,42
climbing,34267,34118,34267,149
sniffing,34305,34267,34305,38
left_turning,34346,34305,34346,41
rising,34376,34346,34376,30
climbing,34413,34376,34413,37
walking,34450,34413,34450,37
sniffing,34502,34450,34502,52
rising,34563,34502,34563,61
climbing,34591,34563,34591,28
rising,34651,34591,34651,60
climbing,34697,34651,34697,46
sniffing,34716,34697,34716,19
climbing,34778,34716,34778,62
hunching,34794,34778,34794,16
sniffing,34876,34794,34876,82
climbing,34973,34876,34973,97
rising,34993,34973,34993,20
walking,35060,34993,35060,67
climbing,35143,35060,35143,83
rising,35144,35143,35144,1
right_turning,35156,35144,35156,12
stepping,35179,35156,35179,23
walking,35180,35179,35180,1
sniffing,35188,35180,35188,8
grooming,35366,35188,35366,178
climbing,35368,35366,35368,2
trotting,35423,35368,35423,55
left_turning,35454,35423,35454,31
walking,35520,35454,35520,66
sniffing,35634,35520,35634,114
trotting,35690,35634,35690,56
walking,35711,35690,35711,21
sniffing,35712,35711,35712,1
grooming,35948,35712,35948,236
rearing,36008,35948,36008,60
trotting,36050,36008,36050,42
left_turning,36078,36050,36078,28
trotting,36139,36078,36139,61
stepping,36140,36139,36140,1
walking,36203,36140,36203,63
rising,36242,36203,36242,39
hunching,36266,36242,36266,24
climbing,36291,36266,36291,25
walking,36370,36291,36370,79
sniffing,36450,36370,36450,80
hunching,36460,36450,36460,10
rearing,36461,36460,36461,1
hunching,36463,36461,36463,2
rearing,36520,36463,36520,57
sniffing,36531,36520,36531,11
rising,36568,36531,36568,37
walking,36571,36568,36571,3
sniffing,36572,36571,36572,1
hunching,36649,36572,36649,77
sniffing,36759,36649,36759,110
hunching,36797,36759,36797,38
climbing,36829,36797,36829,32
walking,36830,36829,36830,1
sniffing,36917,36830,36917,87
walking,36961,36917,36961,44
sniffing,36970,36961,36970,9
walking,37023,36970,37023,53
sniffing,37087,37023,37087,64
walking,37088,37087,37088,1
climbing,37120,37088,37120,32
sniffing,37128,37120,37128,8
climbing,37199,37128,37199,71
stepping,37234,37199,37234,35
rearing,37235,37234,37235,1
left_turning,37260,37235,37260,25
walking,37261,37260,37261,1
sniffing,37299,37261,37299,38
rising,37300,37299,37300,1
climbing,37372,37300,37372,72
hunching,37412,37372,37412,40
rising,37440,37412,37440,28
left_turning,37445,37440,37445,5
sniffing,37565,37445,37565,120
walking,37600,37565,37600,35
sniffing,37631,37600,37631,31
walking,37685,37631,37685,54
sniffing,37829,37685,37829,144
grooming,37865,37829,37865,36
hunching,37890,37865,37890,25
rising,38042,37890,38042,152
left_turning,38044,38042,38044,2
rising,38061,38044,38061,17
grooming,38146,38061,38146,85
rearing,38147,38146,38147,1
climbing,38207,38147,38207,60
sniffing,38288,38207,38288,81
left_turning,38312,38288,38312,24
sniffing,38364,38312,38364,52
rising,38402,38364,38402,38
climbing,38415,38402,38415,13
rearing,38416,38415,38416,1
climbing,38463,38416,38463,47
rising,38518,38463,38518,55
grooming,38724,38518,38724,206
running,38737,38724,38737,13
walking,38738,38737,38738,1
sniffing,38739,38738,38739,1
running,38780,38739,38780,41
trotting,38793,38780,38793,13
walking,38839,38793,38839,46
climbing,38899,38839,38899,60
hunching,38900,38899,38900,1
left_turning,39027,38900,39027,127
walking,39073,39027,39073,46
rising,39133,39073,39133,60
sniffing,39218,39133,39218,85
climbing,39280,39218,39280,62
right_turning,39283,39280,39283,3
sniffing,39423,39283,39423,140
rising,39468,39423,39468,45
sniffing,39524,39468,39524,56
running,39541,39524,39541,17
left_turning,39581,39541,39581,40
sniffing,39681,39581,39681,100
hunching,39719,39681,39719,38
sniffing,39797,39719,39797,78
trotting,39845,39797,39845,48
running,39868,39845,39868,23
trotting,39869,39868,39869,1
rising,39911,39869,39911,42
sniffing,39944,39911,39944,33
rising,39969,39944,39969,25
sniffing,39982,39969,39982,13
trotting,40017,39982,40017,35
sniffing,40096,40017,40096,79
rising,40097,40096,40097,1
rearing,40280,40097,40280,183
jumping,40442,40280,40442,162
running,40476,40442,40476,34
sniffing,40595,40476,40595,119
walking,40631,40595,40631,36
climbing,40645,40631,40645,14
rearing,40722,40645,40722,77
climbing,40723,40722,40723,1
sniffing,40803,40723,40803,80
hunching,40835,40803,40835,32
sniffing,40896,40835,40896,61
grooming,40913,40896,40913,17
rearing,40914,40913,40914,1
climbing,40915,40914,40915,1
stepping,40928,40915,40928,13
sniffing,41010,40928,41010,82
climbing,41049,41010,41049,39
walking,41138,41049,41138,89
stepping,41153,41138,41153,15
climbing,41206,41153,41206,53
left_turning,41228,41206,41228,22
sniffing,41274,41228,41274,46
grooming,41370,41274,41370,96
rising,41413,41370,41413,43
sniffing,41422,41413,41422,9
climbing,41496,41422,41496,74
rising,41518,41496,41518,22
climbing,41663,41518,41663,145
hunching,41694,41663,41694,31
sniffing,42009,41694,42009,315
climbing,42131,42009,42131,122
rising,42264,42131,42264,133
climbing,42379,42264,42379,115
walking,42448,42379,42448,69
sniffing,42459,42448,42459,11
grooming,42574,42459,42574,115
left_turning,42616,42574,42616,42
sniffing,42638,42616,42638,22
climbing,42780,42638,42780,142
rearing,42781,42780,42781,1
rising,42807,42781,42807,26
climbing,42851,42807,42851,44
hunching,42910,42851,42910,59
sniffing,42911,42910,42911,1
walking,42963,42911,42963,52
sniffing,42980,42963,42980,17
rearing,42999,42980,42999,19
grooming,43088,42999,43088,89
hunching,43089,43088,43089,1
walking,43127,43089,43127,38
climbing,43212,43127,43212,85
left_turning,43232,43212,43232,20
sniffing,43251,43232,43251,19
walking,43286,43251,43286,35
sniffing,43518,43286,43518,232
rearing,43534,43518,43534,16
climbing,43552,43534,43552,18
walking,43557,43552,43557,5
sniffing,43558,43557,43558,1
rising,43589,43558,43589,31
rearing,43788,43589,43788,199
rising,43839,43788,43839,51
climbing,43870,43839,43870,31
walking,43871,43870,43871,1
sniffing,43946,43871,43946,75
trotting,43986,43946,43986,40
walking,44009,43986,44009,23
trotting,44047,44009,44047,38
hunching,44163,44047,44163,116
right_turning,44191,44163,44191,28
sniffing,44192,44191,44192,1
left_turning,44247,44192,44247,55
sniffing,44345,44247,44345,98
grooming,44431,44345,44431,86
sniffing,44542,44431,44542,111
rearing,44543,44542,44543,1
sniffing,44622,44543,44622,79
right_turning,44672,44622,44672,50
rising,44750,44672,44750,78
climbing,44876,44750,44876,126
right_turning,44939,44876,44939,63
rising,44971,44939,44971,32
climbing,44972,44971,44972,1
walking,45021,44972,45021,49
rising,45075,45021,45075,54
climbing,45156,45075,45156,81
sniffing,45281,45156,45281,125
rearing,45319,45281,45319,38
grooming,45499,45319,45499,180
sniffing,45515,45499,45515,16
right_turning,45516,45515,45516,1
walking,45556,45516,45556,40
rearing,45557,45556,45557,1
hunching,45558,45557,45558,1
sniffing,45559,45558,45559,1
left_turning,45579,45559,45579,20
sniffing,45656,45579,45656,77
left_turning,45690,45656,45690,34
walking,45691,45690,45691,1
sniffing,45692,45691,45692,1
running,45716,45692,45716,24
jumping,45761,45716,45761,45
rising,45785,45761,45785,24
rearing,45919,45785,45919,134
climbing,45970,45919,45970,51
left_turning,46008,45970,46008,38
sniffing,46009,46008,46009,1
grooming,46032,46009,46032,23
rearing,46083,46032,46083,51
sniffing,46115,46083,46115,32
trotting,46135,46115,46135,20
sniffing,46216,46135,46216,81
walking,46232,46216,46232,16
left_turning,46239,46232,46239,7
sniffing,46260,46239,46260,21
walking,46302,46260,46302,42
sniffing,46303,46302,46303,1
walking,46308,46303,46308,5
sniffing,46467,46308,46467,159
trotting,46474,46467,46474,7
left_turning,46510,46474,46510,36
walking,46511,46510,46511,1
climbing,46558,46511,46558,47
rearing,46604,46558,46604,46
right_turning,46611,46604,46611,7
walking,46632,46611,46632,21
left_turning,46684,46632,46684,52
sniffing,46685,46684,46685,1
trotting,46712,46685,46712,27
sniffing,46775,46712,46775,63
rearing,46806,46775,46806,31
rising,46956,46806,46956,150
left_turning,46957,46956,46957,1
sniffing,47011,46957,47011,54
hunching,47012,47011,47012,1
walking,47121,47012,47121,109
sniffing,47158,47121,47158,37
right_turning,47194,47158,47194,36
trotting,47250,47194,47250,56
sniffing,47350,47250,47350,100
rising,47378,47350,47378,28
climbing,47423,47378,47423,45
rising,47510,47423,47510,87
sniffing,47650,47510,47650,140
left_turning,47683,47650,47683,33
sniffing,47784,47683,47784,101
walking,47814,47784,47814,30
stepping,47885,47814,47885,71
left_turning,47888,47885,47888,3
sniffing,47948,47888,47948,60
left_turning,47982,47948,47982,34
trotting,48032,47982,48032,50
climbing,48054,48032,48054,22
grooming,48320,48054,48320,266
climbing,48410,48320,48410,90
grooming,48674,48410,48674,264
rearing,48733,48674,48733,59
sniffing,48847,48733,48847,114
left_turning,48882,48847,48882,35
sniffing,48917,48882,48917,35
rising,48987,48917,48987,70
sniffing,49112,48987,49112,125
walking,49126,49112,49126,14
running,49176,49126,49176,50
rising,49177,49176,49177,1
sniffing,49281,49177,49281,104
left_turning,49305,49281,49305,24
trotting,49340,49305,49340,35
sniffing,49567,49340,49567,227
running,49589,49567,49589,22
rising,49610,49589,49610,21
left_turning,49617,49610,49617,7
stepping,49639,49617,49639,22
hunching,49696,49639,49696,57
climbing,49776,49696,49776,80
walking,49801,49776,49801,25
left_turning,49830,49801,49830,29
trotting,49878,49830,49878,48
rising,49913,49878,49913,35
rearing,49928,49913,49928,15
rising,49929,49928,49929,1
stepping,49974,49929,49974,45
sniffing,50079,49974,50079,105
left_turning,50167,50079,50167,88
running,50202,50167,50202,35
sniffing,50230,50202,50230,28
trotting,50261,50230,50261,31
left_turning,50262,50261,50262,1
trotting,50317,50262,50317,55
stepping,50371,50317,50371,54
walking,50380,50371,50380,9
sniffing,50507,50380,50507,127
hunching,50510,50507,50510,3
rearing,50512,50510,50512,2
left_turning,50562,50512,50562,50
walking,50591,50562,50591,29
climbing,50725,50591,50725,134
rising,50726,50725,50726,1
climbing,50843,50726,50843,117
grooming,51123,50843,51123,280
hunching,51142,51123,51142,19
grooming,51487,51142,51487,345
left_turning,51503,51487,51503,16
walking,51563,51503,51563,60
left_turning,51644,51563,51644,81
rising,51813,51644,51813,169
climbing,51815,51813,51815,2
walking,51841,51815,51841,26
rising,51847,51841,51847,6
sniffing,51887,51847,51887,40
rising,51888,51887,51888,1
climbing,51991,51888,51991,103
sniffing,52067,51991,52067,76
left_turning,52122,52067,52122,55
walking,52197,52122,52197,75
sniffing,52198,52197,52198,1
walking,52216,52198,52216,18
sniffing,52217,52216,52217,1
climbing,52227,52217,52227,10
sniffing,52260,52227,52260,33
hunching,52319,52260,52319,59
rising,52320,52319,52320,1
climbing,52430,52320,52430,110
hunching,52431,52430,52431,1
sniffing,52576,52431,52576,145
rising,52577,52576,52577,1
sniffing,52578,52577,52578,1
walking,52634,52578,52634,56
stepping,52635,52634,52635,1
climbing,52793,52635,52793,158
sniffing,52828,52793,52828,35
trotting,52862,52828,52862,34
running,52904,52862,52904,42
walking,52905,52904,52905,1
rising,52924,52905,52924,19
climbing,52947,52924,52947,23
trotting,52988,52947,52988,41
stepping,53064,52988,53064,76
grooming,53372,53064,53372,308
sniffing,53373,53372,53373,1
walking,53381,53373,53381,8
sniffing,53431,53381,53431,50
left_turning,53448,53431,53448,17
trotting,53470,53448,53470,22
sniffing,53613,53470,53613,143
rising,53690,53613,53690,77
right_turning,53700,53690,53700,10
walking,53703,53700,53703,3
rising,53814,53703,53814,111
climbing,53915,53814,53915,101
running,53916,53915,53916,1
rising,53947,53916,53947,31
sniffing,53989,53947,53989,42
rising,54021,53989,54021,32
rearing,54040,54021,54040,19
climbing,54108,54040,54108,68
sniffing,54109,54108,54109,1
rising,54110,54109,54110,1
rearing,54129,54110,54129,19
walking,54175,54129,54175,46
left_turning,54219,54175,54219,44
rising,54281,54219,54281,62
sniffing,54282,54281,54282,1
rising,54289,54282,54289,7
climbing,54372,54289,54372,83
rearing,54399,54372,54399,27
grooming,54548,54399,54548,149
hunching,54587,54548,54587,39
sniffing,54594,54587,54594,7
climbing,54626,54594,54626,32
rising,54661,54626,54661,35
sniffing,54673,54661,54673,12
rearing,54735,54673,54735,62
climbing,54825,54735,54825,90
grooming,54829,54825,54829,4
rearing,54936,54829,54936,107
right_turning,54970,54936,54970,34
trotting,55001,54970,55001,31
sniffing,55120,55001,55120,119
rearing,55167,55120,55167,47
climbing,55168,55167,55168,1
running,55196,55168,55196,28
walking,55250,55196,55250,54
climbing,55309,55250,55309,59
rearing,55310,55309,55310,1
rising,55335,55310,55335,25
rearing,55464,55335,55464,129
rising,55496,55464,55496,32
climbing,55622,55496,55622,126
rising,55626,55622,55626,4
walking,55666,55626,55666,40
sniffing,55679,55666,55679,13
hunching,55749,55679,55749,70
rising,55866,55749,55866,117
left_turning,55916,55866,55916,50
rising,55917,55916,55917,1
left_turning,55941,55917,55941,24
sniffing,55967,55941,55967,26
left_turning,56005,55967,56005,38
sniffing,56249,56005,56249,244
walking,56315,56249,56315,66
stepping,56405,56315,56405,90
sniffing,56490,56405,56490,85
trotting,56512,56490,56512,22
rearing,56516,56512,56516,4
sniffing,56572,56516,56572,56
rising,56644,56572,56644,72
climbing,56676,56644,56676,32
walking,56689,56676,56689,13
sniffing,56708,56689,56708,19
rearing,56755,56708,56755,47
walking,56779,56755,56779,24
climbing,56780,56779,56780,1
sniffing,56835,56780,56835,55
trotting,56872,56835,56872,37
climbing,57000,56872,57000,128
sniffing,57044,57000,57044,44
walking,57053,57044,57053,9
sniffing,57115,57053,57115,62
walking,57116,57115,57116,1
right_turning,57117,57116,57117,1
walking,57221,57117,57221,104
sniffing,57222,57221,57222,1
left_turning,57250,57222,57250,28
trotting,57267,57250,57267,17
walking,57317,57267,57317,50
sniffing,57381,57317,57381,64
stepping,57388,57381,57388,7
walking,57481,57388,57481,93
sniffing,57548,57481,57548,67
walking,57652,57548,57652,104
rising,57667,57652,57667,15
running,57693,57667,57693,26
walking,57727,57693,57727,34
running,57761,57727,57761,34
walking,57790,57761,57790,29
rearing,57836,57790,57836,46
sniffing,57878,57836,57878,42
hunching,57911,57878,57911,33
grooming,57912,57911,57912,1
sniffing,57949,57912,57949,37
climbing,58028,57949,58028,79
rising,58046,58028,58046,18
running,58069,58046,58069,23
left_turning,58161,58069,58161,92
stepping,58217,58161,58217,56
sniffing,58225,58217,58225,8
rearing,58251,58225,58251,26
grooming,58283,58251,58283,32
left_turning,58355,58283,58355,72
sniffing,58371,58355,58371,16
left_turning,58372,58371,58372,1
sniffing,58393,58372,58393,21
left_turning,58396,58393,58396,3
sniffing,58485,58396,58485,89
hunching,58649,58485,58649,164
right_turning,58725,58649,58725,76
hunching,58733,58725,58733,8
right_turning,58775,58733,58775,42
sniffing,58847,58775,58847,72
left_turning,58915,58847,58915,68
sniffing,58916,58915,58916,1
rearing,58969,58916,58969,53
rising,59032,58969,59032,63
walking,59073,59032,59073,41
stepping,59124,59073,59124,51
sniffing,59183,59124,59183,59
stepping,59208,59183,59208,25
walking,59209,59208,59209,1
hunching,59235,59209,59235,26
stepping,59256,59235,59256,21
hunching,59313,59256,59313,57
rearing,59314,59313,59314,1
hunching,59367,59314,59367,53
sniffing,59368,59367,59368,1
walking,59376,59368,59376,8
sniffing,59471,59376,59471,95
rising,59472,59471,59472,1
climbing,59473,59472,59473,1
rising,59489,59473,59489,16
climbing,59623,59489,59623,134
rearing,59624,59623,59624,1
sniffing,59700,59624,59700,76
running,59702,59700,59702,2
left_turning,59768,59702,59768,66
walking,59834,59768,59834,66
rearing,59912,59834,59912,78
sniffing,59913,59912,59913,1
stepping,59985,59913,59985,72
climbing,60142,59985,60142,157
rising,60268,60142,60268,126
sniffing,60483,60268,60483,215
climbing,60593,60483,60593,110
sniffing,60649,60593,60649,56
left_turning,60701,60649,60701,52
sniffing,60755,60701,60755,54
rising,60814,60755,60814,59
walking,60864,60814,60864,50
sniffing,60932,60864,60932,68
walking,60946,60932,60946,14
sniffing,60953,60946,60953,7
climbing,61012,60953,61012,59
grooming,61013,61012,61013,1
rearing,61048,61013,61048,35
rising,61078,61048,61078,30
climbing,61178,61078,61178,100
rising,61221,61178,61221,43
sniffing,61265,61221,61265,44
grooming,61266,61265,61266,1
rearing,61324,61266,61324,58
walking,61325,61324,61325,1
left_turning,61395,61325,61395,70
running,61429,61395,61429,34
sniffing,61530,61429,61530,101
rising,61531,61530,61531,1
right_turning,61581,61531,61581,50
walking,61716,61581,61716,135
sniffing,61753,61716,61753,37
rising,61769,61753,61769,16
sniffing,61770,61769,61770,1
left_turning,61821,61770,61821,51
trotting,61851,61821,61851,30
climbing,61924,61851,61924,73
rearing,61925,61924,61925,1
grooming,62023,61925,62023,98
rearing,62066,62023,62066,43
sniffing,62191,62066,62191,125
climbing,62279,62191,62279,88
hunching,62345,62279,62345,66
left_turning,62394,62345,62394,49
walking,62415,62394,62415,21
stepping,62450,62415,62450,35
rising,62451,62450,62451,1
rearing,62485,62451,62485,34
left_turning,62515,62485,62515,30
sniffing,62516,62515,62516,1
left_turning,62588,62516,62588,72
walking,62654,62588,62654,66
climbing,62673,62654,62673,19
right_turning,62697,62673,62697,24
walking,62777,62697,62777,80
left_turning,62801,62777,62801,24
stepping,62834,62801,62834,33
walking,62847,62834,62847,13
sniffing,62871,62847,62871,24
walking,62898,62871,62898,27
sniffing,62960,62898,62960,62
climbing,63066,62960,63066,106
right_turning,63082,63066,63082,16
sniffing,63083,63082,63083,1
walking,63170,63083,63170,87
rising,63197,63170,63197,27
walking,63198,63197,63198,1
sniffing,63271,63198,63271,73
rising,63353,63271,63353,82
climbing,63391,63353,63391,38
sniffing,63428,63391,63428,37
trotting,63474,63428,63474,46
sniffing,63543,63474,63543,69
hunching,63570,63543,63570,27
rising,63662,63570,63662,92
climbing,63726,63662,63726,64
right_turning,63756,63726,63756,30
sniffing,63770,63756,63770,14
hunching,63793,63770,63793,23
sniffing,63842,63793,63842,49
walking,63917,63842,63917,75
sniffing,64071,63917,64071,154
walking,64179,64071,64179,108
climbing,64269,64179,64269,90
sniffing,64380,64269,64380,111
rearing,64394,64380,64394,14
climbing,64409,64394,64409,15
stepping,64462,64409,64462,53
climbing,64463,64462,64463,1
hunching,64511,64463,64511,48
sniffing,64512,64511,64512,1
running,64513,64512,64513,1
sniffing,64514,64513,64514,1
left_turning,64639,64514,64639,125
sniffing,64713,64639,64713,74
left_turning,64787,64713,64787,74
walking,64798,64787,64798,11
sniffing,64799,64798,64799,1
rising,64858,64799,64858,59
sniffing,64859,64858,64859,1
climbing,64865,64859,64865,6
sniffing,64976,64865,64976,111
grooming,65284,64976,65284,308
rearing,65327,65284,65327,43
rising,65361,65327,65361,34
sniffing,65422,65361,65422,61
climbing,65496,65422,65496,74
hunching,65500,65496,65500,4
rearing,65501,65500,65501,1
hunching,65542,65501,65542,41
grooming,65840,65542,65840,298
hunching,66003,65840,66003,163
sniffing,66023,66003,66023,20
left_turning,66049,66023,66049,26
trotting,66056,66049,66056,7
running,66069,66056,66069,13
walking,66092,66069,66092,23
left_turning,66102,66092,66102,10
sniffing,66158,66102,66158,56
rising,66213,66158,66213,55
climbing,66280,66213,66280,67
rearing,66372,66280,66372,92
grooming,66611,66372,66611,239
hunching,66624,66611,66624,13
sniffing,66717,66624,66717,93
right_turning,66785,66717,66785,68
walking,66848,66785,66848,63
sniffing,66876,66848,66876,28
walking,66920,66876,66920,44
rearing,67077,66920,67077,157
rising,67126,67077,67126,49
sniffing,67230,67126,67230,104
rising,67285,67230,67285,55
sniffing,67340,67285,67340,55
left_turning,67367,67340,67367,27
rising,67368,67367,67368,1
sniffing,67369,67368,67369,1
rearing,67425,67369,67425,56
rising,67446,67425,67446,21
walking,67480,67446,67480,34
sniffing,67481,67480,67481,1
left_turning,67482,67481,67482,1
walking,67490,67482,67490,8
left_turning,67514,67490,67514,24
trotting,67568,67514,67568,54
left_turning,67591,67568,67591,23
sniffing,67647,67591,67647,56
walking,67648,67647,67648,1
climbing,67683,67648,67683,35
walking,67773,67683,67773,90
rising,67774,67773,67774,1
climbing,67775,67774,67775,1
rising,67800,67775,67800,25
sniffing,67892,67800,67892,92
left_turning,67949,67892,67949,57
sniffing,68111,67949,68111,162
left_turning,68131,68111,68131,20
sniffing,68188,68131,68188,57
climbing,68191,68188,68191,3
walking,68222,68191,68222,31
stepping,68223,68222,68223,1
sniffing,68247,68223,68247,24
climbing,68312,68247,68312,65
rearing,68313,68312,68313,1
climbing,68449,68313,68449,136
trotting,68482,68449,68482,33
walking,68483,68482,68483,1
rising,68488,68483,68488,5
rearing,68579,68488,68579,91
climbing,68631,68579,68631,52
sniffing,68671,68631,68671,40
rising,68697,68671,68697,26
climbing,68879,68697,68879,182
rising,68880,68879,68880,1
sniffing,68892,68880,68892,12
walking,68903,68892,68903,11
rising,68943,68903,68943,40
hunching,69036,68943,69036,93
rising,69091,69036,69091,55
climbing,69327,69091,69327,236
sniffing,69328,69327,69328,1
right_turning,69360,69328,69360,32
walking,69387,69360,69387,27
sniffing,69487,69387,69487,100
left_turning,69512,69487,69512,25
sniffing,69627,69512,69627,115
rising,69659,69627,69659,32
climbing,69689,69659,69689,30
sniffing,69729,69689,69729,40
right_turning,69752,69729,69752,23
sniffing,69755,69752,69755,3
walking,69759,69755,69759,4
climbing,69789,69759,69789,30
sniffing,69846,69789,69846,57
left_turning,69847,69846,69847,1
trotting,69883,69847,69883,36
walking,69884,69883,69884,1
rising,69936,69884,69936,52
climbing,69991,69936,69991,55
rising,70013,69991,70013,22
climbing,70038,70013,70038,25
running,70060,70038,70060,22
sniffing,70061,70060,70061,1
climbing,70227,70061,70227,166
hunching,70367,70227,70367,140
sniffing,70403,70367,70403,36
climbing,70456,70403,70456,53
right_turning,70494,70456,70494,38
sniffing,70898,70494,70898,404
rising,70935,70898,70935,37
climbing,70988,70935,70988,53
rising,71050,70988,71050,62
rearing,71064,71050,71064,14
climbing,71164,71064,71164,100
right_turning,71185,71164,71185,21
walking,71186,71185,71186,1
sniffing,71334,71186,71334,148
rising,71411,71334,71411,77
rearing,71452,71411,71452,41
sniffing,71528,71452,71528,76
left_turning,71571,71528,71571,43
sniffing,71572,71571,71572,1
rising,71678,71572,71678,106
climbing,71808,71678,71808,130
rising,71833,71808,71833,25
climbing,71913,71833,71913,80
walking,71964,71913,71964,51
left_turning,71974,71964,71974,10
hunching,71993,71974,71993,19
sniffing,72028,71993,72028,35
trotting,72048,72028,72048,20
sniffing,72095,72048,72095,47
climbing,72195,72095,72195,100
left_turning,72266,72195,72266,71
walking,72268,72266,72268,2
climbing,72335,72268,72335,67
rising,72336,72335,72336,1
right_turning,72377,72336,72377,41
walking,72541,72377,72541,164
rising,72568,72541,72568,27
climbing,72597,72568,72597,29
rising,72601,72597,72601,4
hunching,72602,72601,72602,1
climbing,72604,72602,72604,2
rearing,72636,72604,72636,32
climbing,72710,72636,72710,74
right_turning,72740,72710,72740,30
sniffing,72742,72740,72742,2
rising,72783,72742,72783,41
climbing,72849,72783,72849,66
sniffing,72850,72849,72850,1
trotting,72888,72850,72888,38
walking,72952,72888,72952,64
right_turning,72953,72952,72953,1
trotting,72998,72953,72998,45
walking,73023,72998,73023,25
sniffing,73046,73023,73046,23
walking,73133,73046,73133,87
climbing,73184,73133,73184,51
rearing,73185,73184,73185,1
sniffing,73186,73185,73186,1
climbing,73271,73186,73271,85
sniffing,73395,73271,73395,124
left_turning,73419,73395,73419,24
sniffing,73428,73419,73428,9
climbing,73458,73428,73458,30
left_turning,73471,73458,73471,13
sniffing,73492,73471,73492,21
walking,73545,73492,73545,53
sniffing,73546,73545,73546,1
left_turning,73613,73546,73613,67
climbing,73720,73613,73720,107
hunching,73740,73720,73740,20
sniffing,73903,73740,73903,163
climbing,74028,73903,74028,125
rearing,74029,74028,74029,1
climbing,74053,74029,74053,24
sniffing,74143,74053,74143,90
climbing,74194,74143,74194,51
rearing,74211,74194,74211,17
rising,74255,74211,74255,44
climbing,74414,74255,74414,159
grooming,74632,74414,74632,218
rising,74670,74632,74670,38
sniffing,74762,74670,74762,92
left_turning,74798,74762,74798,36
sniffing,74811,74798,74811,13
left_turning,74841,74811,74841,30
sniffing,75026,74841,75026,185
rearing,75042,75026,75042,16
sniffing,75132,75042,75132,90
rising,75147,75132,75147,15
climbing,75263,75147,75263,116
right_turning,75329,75263,75329,66
stepping,75389,75329,75389,60
climbing,75589,75389,75589,200
rearing,75631,75589,75631,42
hunching,75657,75631,75657,26
rearing,75885,75657,75885,228
left_turning,75936,75885,75936,51
walking,75949,75936,75949,13
sniffing,76000,75949,76000,51
pausing,76251,76000,76251,251
sniffing,76318,76251,76318,67
rising,76377,76318,76377,59
hunching,76412,76377,76412,35
climbing,76476,76412,76476,64
rearing,76477,76476,76477,1
rising,76478,76477,76478,1
walking,76504,76478,76504,26
right_turning,76505,76504,76505,1
trotting,76551,76505,76551,46
climbing,76561,76551,76561,10
grooming,76702,76561,76702,141
rearing,76923,76702,76923,221
left_turning,77029,76923,77029,106
sniffing,77198,77029,77198,169
rising,77220,77198,77220,22
trotting,77250,77220,77250,30
sniffing,77302,77250,77302,52
pausing,77320,77302,77320,18
sniffing,77694,77320,77694,374
walking,77753,77694,77753,59
rearing,77769,77753,77769,16
right_turning,77808,77769,77808,39
sniffing,77809,77808,77809,1
left_turning,77823,77809,77823,14
stepping,77896,77823,77896,73
rising,77897,77896,77897,1
right_turning,77964,77897,77964,67
climbing,77983,77964,77983,19
walking,78009,77983,78009,26
hunching,78088,78009,78088,79
climbing,78213,78088,78213,125
rearing,78240,78213,78240,27
sniffing,78241,78240,78241,1
trotting,78327,78241,78327,86
left_turning,78365,78327,78365,38
sniffing,78500,78365,78500,135
rising,78521,78500,78521,21
climbing,78677,78521,78677,156
right_turning,78685,78677,78685,8
walking,78722,78685,78722,37
rising,78770,78722,78770,48
left_turning,78790,78770,78790,20
rising,78860,78790,78860,70
climbing,78994,78860,78994,134
rearing,78995,78994,78995,1
left_turning,79001,78995,79001,6
sniffing,79076,79001,79076,75
climbing,79186,79076,79186,110
sniffing,79187,79186,79187,1
right_turning,79203,79187,79203,16
walking,79204,79203,79204,1
sniffing,79311,79204,79311,107
climbing,79343,79311,79343,32
right_turning,79388,79343,79388,45
sniffing,79567,79388,79567,179
climbing,79636,79567,79636,69
hunching,79694,79636,79694,58
climbing,79716,79694,79716,22
sniffing,79842,79716,79842,126
left_turning,79892,79842,79892,50
sniffing,79936,79892,79936,44
grooming,79937,79936,79937,1
sniffing,79997,79937,79997,60
grooming,80262,79997,80262,265
climbing,80390,80262,80390,128
trotting,80422,80390,80422,32
sniffing,80423,80422,80423,1
climbing,80424,80423,80424,1
rising,80473,80424,80473,49
climbing,80474,80473,80474,1
walking,80475,80474,80475,1
sniffing,80647,80475,80647,172
hunching,80708,80647,80708,61
climbing,80759,80708,80759,51
rising,80760,80759,80760,1
sniffing,80804,80760,80804,44
trotting,80825,80804,80825,21
left_turning,80826,80825,80826,1
stepping,80861,80826,80861,35
sniffing,81016,80861,81016,155
grooming,81017,81016,81017,1
sniffing,81131,81017,81131,114
trotting,81143,81131,81143,12
left_turning,81211,81143,81211,68
climbing,81264,81211,81264,53
sniffing,81347,81264,81347,83
rising,81348,81347,81348,1
sniffing,81397,81348,81397,49
right_turning,81414,81397,81414,17
sniffing,81424,81414,81424,10
left_turning,81449,81424,81449,25
climbing,81450,81449,81450,1
rising,81496,81450,81496,46
climbing,81577,81496,81577,81
trotting,81615,81577,81615,38
stepping,81653,81615,81653,38
left_turning,81698,81653,81698,45
sniffing,81699,81698,81699,1
left_turning,81700,81699,81700,1
sniffing,81829,81700,81829,129
rearing,81897,81829,81897,68
sniffing,81898,81897,81898,1
stepping,81922,81898,81922,24
walking,81950,81922,81950,28
right_turning,81960,81950,81960,10
walking,82068,81960,82068,108
sniffing,82075,82068,82075,7
rearing,82148,82075,82148,73
rising,82201,82148,82201,53
sniffing,82265,82201,82265,64
rising,82292,82265,82292,27
climbing,82293,82292,82293,1
rising,82344,82293,82344,51
climbing,82403,82344,82403,59
right_turning,82447,82403,82447,44
rising,82536,82447,82536,89
climbing,82556,82536,82556,20
walking,82599,82556,82599,43
sniffing,82600,82599,82600,1
right_turning,82643,82600,82643,43
walking,82695,82643,82695,52
rising,82749,82695,82749,54
climbing,82750,82749,82750,1
rising,82778,82750,82778,28
pausing,82982,82778,82982,204
sniffing,82983,82982,82983,1
walking,83045,82983,83045,62
rising,83104,83045,83104,59
climbing,83204,83104,83204,100
rising,83250,83204,83250,46
climbing,83306,83250,83306,56
rising,83361,83306,83361,55
climbing,83365,83361,83365,4
hunching,83366,83365,83366,1
right_turning,83394,83366,83394,28
left_turning,83411,83394,83411,17
sniffing,83498,83411,83498,87
trotting,83520,83498,83520,22
sniffing,83521,83520,83521,1
climbing,83592,83521,83592,71
rising,83593,83592,83593,1
rearing,83690,83593,83690,97
sniffing,83808,83690,83808,118
rising,83815,83808,83815,7
rearing,83836,83815,83836,21
hunching,83926,83836,83926,90
grooming,84354,83926,84354,428
rearing,84361,84354,84361,7
rising,84363,84361,84363,2
rearing,84388,84363,84388,25
rising,84389,84388,84389,1
hunching,84631,84389,84631,242
sniffing,84725,84631,84725,94
climbing,84916,84725,84916,191
hunching,84993,84916,84993,77
sniffing,85133,84993,85133,140
walking,85198,85133,85198,65
sniffing,85201,85198,85201,3
rising,85227,85201,85227,26
climbing,85258,85227,85258,31
trotting,85259,85258,85259,1
walking,85273,85259,85273,14
climbing,85394,85273,85394,121
sniffing,85498,85394,85498,104
walking,85525,85498,85525,27
climbing,85557,85525,85557,32
rising,85558,85557,85558,1
sniffing,85648,85558,85648,90
rising,85682,85648,85682,34
trotting,85687,85682,85687,5
walking,85736,85687,85736,49
right_turning,85748,85736,85748,12
walking,85749,85748,85749,1
stepping,85750,85749,85750,1
walking,85768,85750,85768,18
sniffing,85878,85768,85878,110
stepping,85909,85878,85909,31
walking,85910,85909,85910,1
left_turning,85978,85910,85978,68
sniffing,86082,85978,86082,104
climbing,86083,86082,86083,1
sniffing,86112,86083,86112,29
walking,86167,86112,86167,55
climbing,86171,86167,86171,4
walking,86226,86171,86226,55
sniffing,86317,86226,86317,91
grooming,86537,86317,86537,220
hunching,86590,86537,86590,53
rearing,86648,86590,86648,58
rising,86739,86648,86739,91
climbing,86753,86739,86753,14
walking,86759,86753,86759,6
sniffing,86854,86759,86854,95
grooming,86990,86854,86990,136
rearing,86991,86990,86991,1
sniffing,87108,86991,87108,117
left_turning,87129,87108,87129,21
walking,87130,87129,87130,1
sniffing,87408,87130,87408,278
rising,87421,87408,87421,13
sniffing,87521,87421,87521,100
climbing,87534,87521,87534,13
sniffing,87622,87534,87622,88
trotting,87652,87622,87652,30
walking,87681,87652,87681,29
climbing,87729,87681,87729,48
rearing,87730,87729,87730,1
grooming,87731,87730,87731,1
climbing,87956,87731,87956,225
walking,88004,87956,88004,48
rearing,88122,88004,88122,118
climbing,88138,88122,88138,16
sniffing,88139,88138,88139,1
climbing,88247,88139,88247,108
rising,88409,88247,88409,162
sniffing,88463,88409,88463,54
walking,88491,88463,88491,28
sniffing,88622,88491,88622,131
trotting,88663,88622,88663,41
sniffing,88664,88663,88664,1
rising,88703,88664,88703,39
sniffing,88812,88703,88812,109
hunching,88813,88812,88813,1
climbing,88839,88813,88839,26
sniffing,88969,88839,88969,130
walking,89015,88969,89015,46
sniffing,89053,89015,89053,38
left_turning,89078,89053,89078,25
walking,89169,89078,89169,91
sniffing,89170,89169,89170,1
grooming,89510,89170,89510,340
sniffing,89886,89510,89886,376
left_turning,89901,89886,89901,15
walking,89968,89901,89968,67
sniffing,89969,89968,89969,1
rising,89997,89969,89997,28
grooming,90358,89997,90358,361
sniffing,90359,90358,90359,1
rising,90396,90359,90396,37
sniffing,90410,90396,90410,14
left_turning,90457,90410,90457,47
sniffing,90625,90457,90625,168
stepping,90681,90625,90681,56
sniffing,90800,90681,90800,119
rearing,90914,90800,90914,114
sniffing,90989,90914,90989,75
walking,91024,90989,91024,35
stepping,91055,91024,91055,31
walking,91058,91055,91058,3
rising,91059,91058,91059,1
climbing,91076,91059,91076,17
trotting,91138,91076,91138,62
sniffing,91161,91138,91161,23
right_turning,91167,91161,91167,6
walking,91195,91167,91195,28
sniffing,91424,91195,91424,229
walking,91490,91424,91490,66
right_turning,91540,91490,91540,50
walking,91611,91540,91611,71
right_turning,91620,91611,91620,9
walking,91721,91620,91721,101
sniffing,91722,91721,91722,1
rising,91756,91722,91756,34
left_turning,91791,91756,91791,35
sniffing,91792,91791,91792,1
left_turning,91809,91792,91809,17
stepping,91852,91809,91852,43
walking,91881,91852,91881,29
rising,91959,91881,91959,78
sniffing,92030,91959,92030,71
running,92055,92030,92055,25
left_turning,92090,92055,92090,35
sniffing,92198,92090,92198,108
walking,92223,92198,92223,25
stepping,92257,92223,92257,34
climbing,92258,92257,92258,1
rising,92365,92258,92365,107
right_turning,92428,92365,92428,63
trotting,92482,92428,92482,54
sniffing,92575,92482,92575,93
stepping,92706,92575,92706,131
trotting,92733,92706,92733,27
sniffing,92898,92733,92898,165
left_turning,92914,92898,92914,16
walking,92938,92914,92938,24
sniffing,92986,92938,92986,48
rising,93009,92986,93009,23
rearing,93014,93009,93014,5
climbing,93033,93014,93033,19
sniffing,93108,93033,93108,75
stepping,93142,93108,93142,34
left_turning,93143,93142,93143,1
walking,93266,93143,93266,123
left_turning,93310,93266,93310,44
walking,93317,93310,93317,7
sniffing,93364,93317,93364,47
climbing,93394,93364,93394,30
walking,93458,93394,93458,64
left_turning,93471,93458,93471,13
sniffing,93546,93471,93546,75
hunching,93656,93546,93656,110
rearing,93687,93656,93687,31
hunching,93715,93687,93715,28
rising,93716,93715,93716,1
rearing,93831,93716,93831,115
sniffing,93920,93831,93920,89
left_turning,93944,93920,93944,24
walking,94015,93944,94015,71
sniffing,94034,94015,94034,19
walking,94108,94034,94108,74
right_turning,94135,94108,94135,27
sniffing,94190,94135,94190,55
rising,94191,94190,94191,1
left_turning,94192,94191,94192,1
walking,94245,94192,94245,53
stepping,94271,94245,94271,26
walking,94301,94271,94301,30
climbing,94302,94301,94302,1
walking,94371,94302,94371,69
right_turning,94394,94371,94394,23
sniffing,94455,94394,94455,61
walking,94464,94455,94464,9
rising,94465,94464,94465,1
climbing,94513,94465,94513,48
right_turning,94561,94513,94561,48
climbing,94596,94561,94596,35
sniffing,94624,94596,94624,28
left_turning,94669,94624,94669,45
rising,94720,94669,94720,51
walking,94775,94720,94775,55
climbing,94945,94775,94945,170
sniffing,94951,94945,94951,6
walking,95024,94951,95024,73
sniffing,95099,95024,95099,75
walking,95132,95099,95132,33
left_turning,95133,95132,95133,1
climbing,95157,95133,95157,24
left_turning,95199,95157,95199,42
sniffing,95245,95199,95245,46
left_turning,95273,95245,95273,28
climbing,95375,95273,95375,102
grooming,95409,95375,95409,34
sniffing,95417,95409,95417,8
grooming,95418,95417,95418,1
sniffing,95459,95418,95459,41
right_turning,95460,95459,95460,1
walking,95520,95460,95520,60
climbing,95521,95520,95521,1
sniffing,95522,95521,95522,1
left_turning,95570,95522,95570,48
stepping,95632,95570,95632,62
sniffing,95696,95632,95696,64
walking,95755,95696,95755,59
climbing,95800,95755,95800,45
sniffing,95973,95800,95973,173
walking,95998,95973,95998,25
sniffing,96037,95998,96037,39
rising,96038,96037,96038,1
rearing,96080,96038,96080,42
climbing,96137,96080,96137,57
sniffing,96174,96137,96174,37
left_turning,96182,96174,96182,8
stepping,96233,96182,96233,51
sniffing,96397,96233,96397,164
grooming,96912,96397,96912,515
rising,96913,96912,96913,1
rearing,96938,96913,96938,25
sniffing,97152,96938,97152,214
rearing,97156,97152,97156,4
right_turning,97157,97156,97157,1
trotting,97190,97157,97190,33
running,97210,97190,97210,20
sniffing,97217,97210,97217,7
left_turning,97242,97217,97242,25
walking,97279,97242,97279,37
trotting,97313,97279,97313,34
sniffing,97376,97313,97376,63
rearing,97524,97376,97524,148
pausing,97703,97524,97703,179
sniffing,97782,97703,97782,79
left_turning,97824,97782,97824,42
sniffing,97901,97824,97901,77
climbing,97954,97901,97954,53
left_turning,98003,97954,98003,49
trotting,98014,98003,98014,11
left_turning,98054,98014,98054,40
sniffing,98201,98054,98201,147
climbing,98202,98201,98202,1
rearing,98221,98202,98221,19
climbing,98343,98221,98343,122
rising,98425,98343,98425,82
trotting,98463,98425,98463,38
rising,98519,98463,98519,56
stepping,98553,98519,98553,34
rising,98554,98553,98554,1
sniffing,98555,98554,98555,1
right_turning,98596,98555,98596,41
running,98635,98596,98635,39
rising,98657,98635,98657,22
sniffing,98704,98657,98704,47
rising,98731,98704,98731,27
walking,98767,98731,98767,36
sniffing,98893,98767,98893,126
rising,98899,98893,98899,6
left_turning,98965,98899,98965,66
trotting,98978,98965,98978,13
rising,99028,98978,99028,50
climbing,99093,99028,99093,65
rising,99156,99093,99156,63
grooming,99171,99156,99171,15
rising,99211,99171,99211,40
sniffing,99308,99211,99308,97
rising,99309,99308,99309,1
sniffing,99475,99309,99475,166
rising,99521,99475,99521,46
sniffing,99615,99521,99615,94
rising,99676,99615,99676,61
walking,99691,99676,99691,15
climbing,99840,99691,99840,149
grooming,99841,99840,99841,1
sniffing,99949,99841,99949,108
walking,99967,99949,99967,18
sniffing,100138,99967,100138,171
hunching,100154,100138,100154,16
sniffing,100155,100154,100155,1
climbing,100191,100155,100191,36
right_turning,100244,100191,100244,53
walking,100344,100244,100344,100
sniffing,100345,100344,100345,1
climbing,100389,100345,100389,44
rearing,100390,100389,100390,1
sniffing,100466,100390,100466,76
rising,100545,100466,100545,79
right_turning,100546,100545,100546,1
walking,100601,100546,100601,55
rising,100706,100601,100706,105
climbing,100797,100706,100797,91
walking,100862,100797,100862,65
rising,100981,100862,100981,119
rearing,100996,100981,100996,15
running,101015,100996,101015,19
walking,101016,101015,101016,1
sniffing,101093,101016,101093,77
grooming,101376,101093,101376,283
climbing,101452,101376,101452,76
rising,101466,101452,101466,14
sniffing,101591,101466,101591,125
walking,101620,101591,101620,29
sniffing,101621,101620,101621,1
rising,101622,101621,101622,1
sniffing,101767,101622,101767,145
rising,101768,101767,101768,1
sniffing,101881,101768,101881,113
left_turning,101945,101881,101945,64
sniffing,101991,101945,101991,46
stepping,101992,101991,101992,1
sniffing,101993,101992,101993,1
grooming,101994,101993,101994,1
hunching,102029,101994,102029,35
trotting,102031,102029,102031,2
sniffing,102081,102031,102081,50
grooming,102358,102081,102358,277
sniffing,102359,102358,102359,1
climbing,102627,102359,102627,268
rearing,102628,102627,102628,1
sniffing,102666,102628,102666,38
right_turning,102685,102666,102685,19
walking,102714,102685,102714,29
sniffing,102862,102714,102862,148
walking,102916,102862,102916,54
rising,103020,102916,103020,104
rearing,103033,103020,103033,13
rising,103034,103033,103034,1
rearing,103036,103034,103036,2
sniffing,103184,103036,103184,148
climbing,103232,103184,103232,48
rearing,103336,103232,103336,104
climbing,103495,103336,103495,159
running,103523,103495,103523,28
sniffing,103791,103523,103791,268
left_turning,103860,103791,103860,69
walking,103917,103860,103917,57
rising,103936,103917,103936,19
climbing,103978,103936,103978,42
walking,104060,103978,104060,82
sniffing,104202,104060,104202,142
rising,104352,104202,104352,150
walking,104386,104352,104386,34
climbing,104577,104386,104577,191
rearing,104624,104577,104624,47
left_turning,104650,104624,104650,26
rearing,104678,104650,104678,28
grooming,104679,104678,104679,1
rearing,104747,104679,104747,68
rising,104748,104747,104748,1
climbing,104860,104748,104860,112
rising,104861,104860,104861,1
climbing,104870,104861,104870,9
rearing,104979,104870,104979,109
left_turning,105042,104979,105042,63
sniffing,105043,105042,105043,1
walking,105190,105043,105190,147
stepping,105229,105190,105229,39
hunching,105281,105229,105281,52
rising,105295,105281,105295,14
rearing,105296,105295,105296,1
sniffing,105297,105296,105297,1
right_turning,105367,105297,105367,70
walking,105424,105367,105424,57
climbing,105519,105424,105519,95
rearing,105520,105519,105520,1
rising,105521,105520,105521,1
climbing,105572,105521,105572,51
sniffing,105679,105572,105679,107
rearing,105748,105679,105748,69
walking,105780,105748,105780,32
climbing,105781,105780,105781,1
grooming,105923,105781,105923,142
sniffing,105937,105923,105937,14
grooming,106180,105937,106180,243
rising,106221,106180,106221,41
rearing,106252,106221,106252,31
sniffing,106253,106252,106253,1
climbing,106255,106253,106255,2
rising,106308,106255,106308,53
left_turning,106411,106308,106411,103
right_turning,106448,106411,106448,37
rearing,106515,106448,106515,67
rising,106516,106515,106516,1
climbing,106551,106516,106551,35
rising,106552,106551,106552,1
stepping,106598,106552,106598,46
walking,106670,106598,106670,72
left_turning,106748,106670,106748,78
climbing,106858,106748,106858,110
rising,106879,106858,106879,21
rearing,106888,106879,106888,9
sniffing,106889,106888,106889,1
rising,106909,106889,106909,20
climbing,107124,106909,107124,215
grooming,107177,107124,107177,53
rearing,107178,107177,107178,1
sniffing,107305,107178,107305,127
pausing,107342,107305,107342,37
sniffing,107343,107342,107343,1
left_turning,107365,107343,107365,22
sniffing,107652,107365,107652,287
walking,107697,107652,107697,45
climbing,107698,107697,107698,1
running,107740,107698,107740,42
sniffing,107746,107740,107746,6
rising,107818,107746,107818,72
sniffing,108000,107818,108000,182
