revised_movement_label,segBoundary,segBoundary_start,segBoundary_end,length
trotting,33,0,33,33
sniffing,121,33,121,88
grooming,232,121,232,111
sniffing,276,232,276,44
rising,318,276,318,42
climbing,368,318,368,50
grooming,590,368,590,222
sniffing,608,590,608,18
climbing,641,608,641,33
right_turning,657,641,657,16
sniffing,755,657,755,98
rising,777,755,777,22
climbing,889,777,889,112
walking,890,889,890,1
sniffing,891,890,891,1
climbing,918,891,918,27
sniffing,1014,918,1014,96
rising,1039,1014,1039,25
sniffing,1151,1039,1151,112
climbing,1190,1151,1190,39
rising,1191,1190,1191,1
sniffing,1192,1191,1192,1
hunching,1245,1192,1245,53
rearing,1285,1245,1285,40
left_turning,1345,1285,1345,60
walking,1395,1345,1395,50
stepping,1427,1395,1427,32
walking,1428,1427,1428,1
rising,1472,1428,1472,44
left_turning,1551,1472,1551,79
walking,1571,1551,1571,20
climbing,1601,1571,1601,30
sniffing,1654,1601,1654,53
walking,1699,1654,1699,45
stepping,1735,1699,1735,36
walking,1739,1735,1739,4
climbing,1740,1739,1740,1
right_turning,1784,1740,1784,44
walking,1804,1784,1804,20
rising,1865,1804,1865,61
climbing,1968,1865,1968,103
walking,2070,1968,2070,102
stepping,2109,2070,2109,39
sniffing,2220,2109,2220,111
trotting,2268,2220,2268,48
rising,2280,2268,2280,12
walking,2321,2280,2321,41
sniffing,2409,2321,2409,88
right_turning,2432,2409,2432,23
walking,2433,2432,2433,1
sniffing,2561,2433,2561,128
climbing,2630,2561,2630,69
right_turning,2648,2630,2648,18
running,2672,2648,2672,24
walking,2691,2672,2691,19
sniffing,2692,2691,2692,1
climbing,2726,2692,2726,34
sniffing,2778,2726,2778,52
left_turning,2788,2778,2788,10
rising,2837,2788,2837,49
walking,2865,2837,2865,28
sniffing,2897,2865,2897,32
walking,2905,2897,2905,8
sniffing,2906,2905,2906,1
walking,2939,2906,2939,33
sniffing,2940,2939,2940,1
rising,3027,2940,3027,87
walking,3028,3027,3028,1
sniffing,3084,3028,3084,56
climbing,3139,3084,3139,55
sniffing,3221,3139,3221,82
rising,3222,3221,3222,1
right_turning,3256,3222,3256,34
walking,3257,3256,3257,1
sniffing,3342,3257,3342,85
walking,3421,3342,3421,79
sniffing,3447,3421,3447,26
rising,3481,3447,3481,34
grooming,3598,3481,3598,117
left_turning,3664,3598,3664,66
sniffing,3665,3664,3665,1
trotting,3708,3665,3708,43
sniffing,3747,3708,3747,39
rising,3774,3747,3774,27
left_turning,3892,3774,3892,118
sniffing,3974,3892,3974,82
climbing,3975,3974,3975,1
rising,3994,3975,3994,19
climbing,4046,3994,4046,52
right_turning,4126,4046,4126,80
walking,4146,4126,4146,20
sniffing,4343,4146,4343,197
rearing,4368,4343,4368,25
climbing,4413,4368,4413,45
rising,4423,4413,4423,10
sniffing,4550,4423,4550,127
trotting,4625,4550,4625,75
sniffing,4657,4625,4657,32
left_turning,4701,4657,4701,44
stepping,4747,4701,4747,46
trotting,4778,4747,4778,31
walking,4860,4778,4860,82
sniffing,4900,4860,4900,40
walking,5013,4900,5013,113
left_turning,5053,5013,5053,40
walking,5167,5053,5167,114
climbing,5221,5167,5221,54
rising,5281,5221,5281,60
sniffing,5329,5281,5329,48
rising,5351,5329,5351,22
sniffing,5352,5351,5352,1
walking,5353,5352,5353,1
right_turning,5393,5353,5393,40
climbing,5451,5393,5451,58
walking,5452,5451,5452,1
sniffing,5548,5452,5548,96
rising,5589,5548,5589,41
sniffing,5599,5589,5599,10
walking,5600,5599,5600,1
rising,5601,5600,5601,1
walking,5602,5601,5602,1
sniffing,5663,5602,5663,61
climbing,5686,5663,5686,23
sniffing,5783,5686,5783,97
climbing,5784,5783,5784,1
sniffing,5936,5784,5936,152
walking,5994,5936,5994,58
sniffing,5996,5994,5996,2
climbing,6012,5996,6012,16
left_turning,6022,6012,6022,10
walking,6084,6022,6084,62
sniffing,6202,6084,6202,118
left_turning,6274,6202,6274,72
sniffing,6286,6274,6286,12
right_turning,6326,6286,6326,40
walking,6384,6326,6384,58
left_turning,6465,6384,6465,81
trotting,6514,6465,6514,49
walking,6515,6514,6515,1
rising,6569,6515,6569,54
walking,6640,6569,6640,71
sniffing,6641,6640,6641,1
walking,6708,6641,6708,67
running,6726,6708,6726,18
walking,6727,6726,6727,1
rising,6753,6727,6753,26
walking,6760,6753,6760,7
trotting,6819,6760,6819,59
sniffing,6894,6819,6894,75
running,6931,6894,6931,37
walking,6948,6931,6948,17
climbing,6993,6948,6993,45
rising,6994,6993,6994,1
climbing,7068,6994,7068,74
walking,7076,7068,7076,8
trotting,7109,7076,7109,33
walking,7194,7109,7194,85
sniffing,7244,7194,7244,50
walking,7315,7244,7315,71
left_turning,7372,7315,7372,57
running,7384,7372,7384,12
sniffing,7503,7384,7503,119
climbing,7505,7503,7505,2
walking,7506,7505,7506,1
sniffing,7631,7506,7631,125
walking,7662,7631,7662,31
stepping,7665,7662,7665,3
climbing,7680,7665,7680,15
running,7728,7680,7728,48
stepping,7736,7728,7736,8
walking,7746,7736,7746,10
climbing,7776,7746,7776,30
left_turning,7820,7776,7820,44
walking,7824,7820,7824,4
sniffing,7849,7824,7849,25
right_turning,7870,7849,7870,21
walking,7910,7870,7910,40
left_turning,7955,7910,7955,45
trotting,7956,7955,7956,1
sniffing,7964,7956,7964,8
climbing,8014,7964,8014,50
sniffing,8228,8014,8228,214
left_turning,8229,8228,8229,1
climbing,8293,8229,8293,64
sniffing,8405,8293,8405,112
walking,8457,8405,8457,52
sniffing,8504,8457,8504,47
trotting,8562,8504,8562,58
sniffing,8563,8562,8563,1
left_turning,8580,8563,8580,17
sniffing,8688,8580,8688,108
walking,8759,8688,8759,71
climbing,8822,8759,8822,63
rising,8857,8822,8857,35
running,8886,8857,8886,29
trotting,8932,8886,8932,46
sniffing,9072,8932,9072,140
left_turning,9151,9072,9151,79
running,9173,9151,9173,22
sniffing,9213,9173,9213,40
walking,9303,9213,9303,90
sniffing,9373,9303,9373,70
walking,9414,9373,9414,41
rising,9415,9414,9415,1
right_turning,9416,9415,9416,1
walking,9455,9416,9455,39
rising,9509,9455,9509,54
climbing,9548,9509,9548,39
rising,9549,9548,9549,1
climbing,9615,9549,9615,66
rising,9644,9615,9644,29
climbing,9676,9644,9676,32
rearing,9748,9676,9748,72
grooming,9869,9748,9869,121
rearing,9987,9869,9987,118
rising,10032,9987,10032,45
sniffing,10115,10032,10115,83
walking,10165,10115,10165,50
left_turning,10201,10165,10201,36
trotting,10226,10201,10226,25
walking,10265,10226,10265,39
trotting,10305,10265,10305,40
sniffing,10373,10305,10373,68
walking,10397,10373,10397,24
climbing,10423,10397,10423,26
running,10472,10423,10472,49
sniffing,10579,10472,10579,107
trotting,10632,10579,10632,53
right_turning,10665,10632,10665,33
left_turning,10666,10665,10666,1
sniffing,10667,10666,10667,1
walking,10709,10667,10709,42
climbing,10754,10709,10754,45
sniffing,10786,10754,10786,32
walking,10812,10786,10812,26
sniffing,10904,10812,10904,92
trotting,10995,10904,10995,91
sniffing,11052,10995,11052,57
rising,11175,11052,11175,123
walking,11212,11175,11212,37
left_turning,11230,11212,11230,18
sniffing,11277,11230,11277,47
pausing,11315,11277,11315,38
sniffing,11331,11315,11331,16
climbing,11359,11331,11359,28
sniffing,11360,11359,11360,1
left_turning,11380,11360,11380,20
sniffing,11381,11380,11381,1
climbing,11409,11381,11409,28
sniffing,11455,11409,11455,46
rising,11531,11455,11531,76
walking,11572,11531,11572,41
stepping,11647,11572,11647,75
sniffing,11731,11647,11731,84
stepping,11764,11731,11764,33
running,11777,11764,11777,13
right_turning,11840,11777,11840,63
trotting,11879,11840,11879,39
sniffing,11957,11879,11957,78
walking,11967,11957,11967,10
sniffing,12072,11967,12072,105
rearing,12143,12072,12143,71
rising,12144,12143,12144,1
climbing,12219,12144,12219,75
stepping,12280,12219,12280,61
sniffing,12294,12280,12294,14
right_turning,12302,12294,12302,8
climbing,12368,12302,12368,66
right_turning,12428,12368,12428,60
walking,12478,12428,12478,50
sniffing,12479,12478,12479,1
rising,12503,12479,12503,24
sniffing,12562,12503,12562,59
grooming,12651,12562,12651,89
left_turning,12685,12651,12685,34
sniffing,12715,12685,12715,30
trotting,12746,12715,12746,31
walking,12798,12746,12798,52
sniffing,12883,12798,12883,85
climbing,12889,12883,12889,6
sniffing,12928,12889,12928,39
walking,12929,12928,12929,1
left_turning,12963,12929,12963,34
stepping,12980,12963,12980,17
trotting,13031,12980,13031,51
walking,13056,13031,13056,25
rising,13087,13056,13087,31
sniffing,13166,13087,13166,79
climbing,13167,13166,13167,1
left_turning,13192,13167,13192,25
sniffing,13289,13192,13289,97
climbing,13344,13289,13344,55
walking,13346,13344,13346,2
rising,13388,13346,13388,42
climbing,13445,13388,13445,57
running,13488,13445,13488,43
trotting,13531,13488,13531,43
stepping,13536,13531,13536,5
climbing,13603,13536,13603,67
rising,13611,13603,13611,8
climbing,13684,13611,13684,73
left_turning,13705,13684,13705,21
sniffing,13706,13705,13706,1
left_turning,13716,13706,13716,10
sniffing,13717,13716,13717,1
stepping,13773,13717,13773,56
rising,13801,13773,13801,28
sniffing,13922,13801,13922,121
trotting,13990,13922,13990,68
stepping,14041,13990,14041,51
sniffing,14042,14041,14042,1
trotting,14086,14042,14086,44
sniffing,14157,14086,14157,71
climbing,14247,14157,14247,90
sniffing,14275,14247,14275,28
right_turning,14371,14275,14371,96
walking,14404,14371,14404,33
sniffing,14517,14404,14517,113
trotting,14519,14517,14519,2
sniffing,14640,14519,14640,121
walking,14710,14640,14710,70
sniffing,14768,14710,14768,58
walking,14857,14768,14857,89
sniffing,15135,14857,15135,278
rising,15151,15135,15151,16
running,15170,15151,15170,19
right_turning,15217,15170,15217,47
climbing,15271,15217,15271,54
left_turning,15272,15271,15272,1
walking,15273,15272,15273,1
left_turning,15324,15273,15324,51
sniffing,15337,15324,15337,13
left_turning,15352,15337,15352,15
walking,15353,15352,15353,1
sniffing,15392,15353,15392,39
rising,15393,15392,15393,1
hunching,15412,15393,15412,19
right_turning,15426,15412,15426,14
trotting,15488,15426,15488,62
rising,15553,15488,15553,65
climbing,15624,15553,15624,71
rearing,15725,15624,15725,101
climbing,15779,15725,15779,54
walking,15858,15779,15858,79
rising,15870,15858,15870,12
sniffing,15898,15870,15898,28
rising,15910,15898,15910,12
left_turning,15937,15910,15937,27
sniffing,16005,15937,16005,68
climbing,16101,16005,16101,96
rising,16108,16101,16108,7
rearing,16118,16108,16118,10
grooming,16133,16118,16133,15
climbing,16149,16133,16149,16
running,16157,16149,16157,8
walking,16195,16157,16195,38
right_turning,16211,16195,16211,16
trotting,16247,16211,16247,36
climbing,16335,16247,16335,88
running,16362,16335,16362,27
sniffing,16434,16362,16434,72
trotting,16462,16434,16462,28
climbing,16569,16462,16569,107
sniffing,16708,16569,16708,139
climbing,16782,16708,16782,74
walking,16783,16782,16783,1
rising,16827,16783,16827,44
sniffing,16828,16827,16828,1
stepping,16863,16828,16863,35
walking,16887,16863,16887,24
sniffing,16987,16887,16987,100
trotting,17030,16987,17030,43
rising,17085,17030,17085,55
rearing,17159,17085,17159,74
right_turning,17160,17159,17160,1
climbing,17226,17160,17226,66
right_turning,17280,17226,17280,54
trotting,17281,17280,17281,1
walking,17282,17281,17282,1
rearing,17393,17282,17393,111
rising,17407,17393,17407,14
sniffing,17408,17407,17408,1
left_turning,17413,17408,17413,5
sniffing,17446,17413,17446,33
left_turning,17489,17446,17489,43
walking,17551,17489,17551,62
sniffing,17612,17551,17612,61
stepping,17660,17612,17660,48
walking,17661,17660,17661,1
sniffing,17749,17661,17749,88
climbing,17836,17749,17836,87
right_turning,17854,17836,17854,18
left_turning,17901,17854,17901,47
walking,17923,17901,17923,22
rising,17951,17923,17951,28
climbing,18042,17951,18042,91
rearing,18075,18042,18075,33
sniffing,18076,18075,18076,1
climbing,18133,18076,18133,57
sniffing,18262,18133,18262,129
left_turning,18268,18262,18268,6
rising,18283,18268,18283,15
sniffing,18284,18283,18284,1
left_turning,18341,18284,18341,57
running,18369,18341,18369,28
stepping,18407,18369,18407,38
sniffing,18536,18407,18536,129
rising,18537,18536,18537,1
climbing,18538,18537,18538,1
rising,18547,18538,18547,9
sniffing,18656,18547,18656,109
walking,18720,18656,18720,64
climbing,18731,18720,18731,11
hunching,18732,18731,18732,1
sniffing,18847,18732,18847,115
walking,18947,18847,18947,100
sniffing,19139,18947,19139,192
walking,19140,19139,19140,1
running,19167,19140,19167,27
trotting,19216,19167,19216,49
walking,19231,19216,19231,15
sniffing,19336,19231,19336,105
climbing,19402,19336,19402,66
rearing,19510,19402,19510,108
trotting,19517,19510,19517,7
sniffing,19534,19517,19534,17
climbing,19540,19534,19540,6
right_turning,19541,19540,19541,1
walking,19581,19541,19581,40
right_turning,19641,19581,19641,60
running,19650,19641,19650,9
sniffing,19675,19650,19675,25
rearing,19721,19675,19721,46
walking,19745,19721,19745,24
sniffing,19824,19745,19824,79
right_turning,19880,19824,19880,56
walking,19940,19880,19940,60
sniffing,19980,19940,19980,40
trotting,20022,19980,20022,42
left_turning,20081,20022,20081,59
stepping,20098,20081,20098,17
sniffing,20104,20098,20104,6
rising,20160,20104,20160,56
climbing,20185,20160,20185,25
trotting,20229,20185,20229,44
sniffing,20278,20229,20278,49
trotting,20335,20278,20335,57
grooming,20382,20335,20382,47
climbing,20415,20382,20415,33
hunching,20416,20415,20416,1
right_turning,20424,20416,20424,8
walking,20476,20424,20476,52
sniffing,20493,20476,20493,17
walking,20602,20493,20602,109
sniffing,20603,20602,20603,1
hunching,20632,20603,20632,29
right_turning,20633,20632,20633,1
walking,20695,20633,20695,62
right_turning,20711,20695,20711,16
walking,20781,20711,20781,70
stepping,20803,20781,20803,22
left_turning,20886,20803,20886,83
trotting,20913,20886,20913,27
climbing,21018,20913,21018,105
walking,21089,21018,21089,71
climbing,21157,21089,21157,68
walking,21202,21157,21202,45
sniffing,21226,21202,21226,24
running,21227,21226,21227,1
left_turning,21237,21227,21237,10
walking,21292,21237,21292,55
sniffing,21337,21292,21337,45
climbing,21474,21337,21474,137
hunching,21520,21474,21520,46
climbing,21564,21520,21564,44
trotting,21594,21564,21594,30
climbing,21655,21594,21655,61
right_turning,21676,21655,21676,21
trotting,21681,21676,21681,5
sniffing,21682,21681,21682,1
walking,21718,21682,21718,36
rising,21783,21718,21783,65
climbing,21842,21783,21842,59
sniffing,22000,21842,22000,158
climbing,22075,22000,22075,75
right_turning,22113,22075,22113,38
walking,22150,22113,22150,37
left_turning,22151,22150,22151,1
walking,22206,22151,22206,55
sniffing,22253,22206,22253,47
trotting,22254,22253,22254,1
rising,22287,22254,22287,33
walking,22317,22287,22317,30
trotting,22341,22317,22341,24
sniffing,22366,22341,22366,25
rising,22418,22366,22418,52
climbing,22460,22418,22460,42
sniffing,22506,22460,22506,46
trotting,22535,22506,22535,29
sniffing,22609,22535,22609,74
left_turning,22624,22609,22624,15
walking,22712,22624,22712,88
climbing,22772,22712,22772,60
walking,22804,22772,22804,32
rearing,22892,22804,22892,88
rising,22899,22892,22899,7
walking,22937,22899,22937,38
sniffing,22938,22937,22938,1
stepping,22987,22938,22987,49
sniffing,23065,22987,23065,78
rising,23119,23065,23119,54
climbing,23169,23119,23169,50
walking,23178,23169,23178,9
right_turning,23189,23178,23189,11
sniffing,23308,23189,23308,119
grooming,23312,23308,23312,4
sniffing,23342,23312,23342,30
rising,23382,23342,23382,40
climbing,23404,23382,23404,22
walking,23434,23404,23434,30
climbing,23491,23434,23491,57
sniffing,23655,23491,23655,164
trotting,23724,23655,23724,69
walking,23751,23724,23751,27
left_turning,23799,23751,23799,48
trotting,23849,23799,23849,50
hunching,23850,23849,23850,1
walking,23886,23850,23886,36
climbing,23975,23886,23975,89
sniffing,24024,23975,24024,49
right_turning,24072,24024,24072,48
trotting,24092,24072,24092,20
stepping,24138,24092,24138,46
trotting,24186,24138,24186,48
rising,24287,24186,24287,101
rearing,24288,24287,24288,1
walking,24382,24288,24382,94
stepping,24393,24382,24393,11
rising,24447,24393,24447,54
grooming,24486,24447,24486,39
sniffing,24504,24486,24504,18
walking,24574,24504,24574,70
left_turning,24634,24574,24634,60
sniffing,24651,24634,24651,17
right_turning,24676,24651,24676,25
walking,24770,24676,24770,94
rising,24790,24770,24790,20
stepping,24791,24790,24791,1
sniffing,24843,24791,24843,52
walking,24892,24843,24892,49
rising,24934,24892,24934,42
sniffing,25056,24934,25056,122
walking,25091,25056,25091,35
right_turning,25092,25091,25092,1
rising,25126,25092,25126,34
stepping,25257,25126,25257,131
sniffing,25406,25257,25406,149
rising,25433,25406,25433,27
climbing,25496,25433,25496,63
sniffing,25497,25496,25497,1
trotting,25528,25497,25528,31
rearing,25590,25528,25590,62
climbing,25653,25590,25653,63
rising,25674,25653,25674,21
sniffing,25770,25674,25770,96
climbing,25856,25770,25856,86
hunching,25878,25856,25878,22
sniffing,26140,25878,26140,262
climbing,26197,26140,26197,57
right_turning,26207,26197,26207,10
running,26239,26207,26239,32
stepping,26288,26239,26288,49
rising,26340,26288,26340,52
walking,26341,26340,26341,1
rearing,26367,26341,26367,26
hunching,26412,26367,26412,45
right_turning,26448,26412,26448,36
sniffing,26585,26448,26585,137
right_turning,26595,26585,26595,10
rising,26652,26595,26652,57
left_turning,26685,26652,26685,33
running,26700,26685,26700,15
sniffing,26732,26700,26732,32
rearing,26766,26732,26766,34
sniffing,26767,26766,26767,1
walking,26812,26767,26812,45
sniffing,26883,26812,26883,71
walking,26896,26883,26896,13
rising,26908,26896,26908,12
climbing,26909,26908,26909,1
sniffing,26969,26909,26969,60
right_turning,26994,26969,26994,25
running,26995,26994,26995,1
walking,26996,26995,26996,1
sniffing,26998,26996,26998,2
rising,27003,26998,27003,5
left_turning,27073,27003,27073,70
rising,27149,27073,27149,76
sniffing,27233,27149,27233,84
walking,27251,27233,27251,18
rising,27272,27251,27272,21
right_turning,27322,27272,27322,50
walking,27353,27322,27353,31
left_turning,27404,27353,27404,51
sniffing,27456,27404,27456,52
left_turning,27505,27456,27505,49
rising,27519,27505,27519,14
sniffing,27520,27519,27520,1
pausing,27674,27520,27674,154
sniffing,27689,27674,27689,15
walking,27723,27689,27723,34
right_turning,27750,27723,27750,27
trotting,27756,27750,27756,6
climbing,27819,27756,27819,63
trotting,27824,27819,27824,5
sniffing,27825,27824,27825,1
rising,27826,27825,27826,1
climbing,27827,27826,27827,1
rising,27847,27827,27847,20
climbing,27921,27847,27921,74
walking,27941,27921,27941,20
left_turning,27942,27941,27942,1
rising,27953,27942,27953,11
sniffing,27954,27953,27954,1
grooming,28124,27954,28124,170
hunching,28137,28124,28137,13
sniffing,28202,28137,28202,65
rising,28244,28202,28244,42
climbing,28287,28244,28287,43
rising,28302,28287,28302,15
grooming,28505,28302,28505,203
rearing,28537,28505,28537,32
rising,28538,28537,28538,1
hunching,28647,28538,28647,109
walking,28711,28647,28711,64
trotting,28733,28711,28733,22
sniffing,28734,28733,28734,1
rising,28783,28734,28783,49
sniffing,28853,28783,28853,70
right_turning,28880,28853,28880,27
walking,28918,28880,28918,38
climbing,28984,28918,28984,66
trotting,28991,28984,28991,7
rising,29036,28991,29036,45
sniffing,29037,29036,29037,1
left_turning,29075,29037,29075,38
walking,29082,29075,29082,7
left_turning,29130,29082,29130,48
climbing,29152,29130,29152,22
rising,29216,29152,29216,64
climbing,29306,29216,29306,90
walking,29307,29306,29307,1
rising,29323,29307,29323,16
walking,29379,29323,29379,56
left_turning,29380,29379,29380,1
running,29418,29380,29418,38
walking,29483,29418,29483,65
rising,29534,29483,29534,51
climbing,29554,29534,29554,20
running,29580,29554,29580,26
trotting,29617,29580,29617,37
sniffing,29618,29617,29618,1
stepping,29661,29618,29661,43
rising,29692,29661,29692,31
climbing,29809,29692,29809,117
walking,29843,29809,29843,34
sniffing,30007,29843,30007,164
left_turning,30040,30007,30040,33
rising,30090,30040,30090,50
sniffing,30106,30090,30106,16
walking,30167,30106,30167,61
climbing,30262,30167,30262,95
walking,30283,30262,30283,21
trotting,30316,30283,30316,33
sniffing,30317,30316,30317,1
rearing,30318,30317,30318,1
grooming,30319,30318,30319,1
right_turning,30320,30319,30320,1
sniffing,30321,30320,30321,1
stepping,30389,30321,30389,68
left_turning,30419,30389,30419,30
running,30427,30419,30427,8
sniffing,30501,30427,30501,74
rising,30521,30501,30521,20
trotting,30549,30521,30549,28
rising,30580,30549,30580,31
climbing,30648,30580,30648,68
sniffing,30671,30648,30671,23
rearing,30716,30671,30716,45
rising,30727,30716,30727,11
climbing,30831,30727,30831,104
rearing,30918,30831,30918,87
grooming,31103,30918,31103,185
trotting,31147,31103,31147,44
sniffing,31167,31147,31167,20
stepping,31179,31167,31179,12
walking,31184,31179,31184,5
sniffing,31185,31184,31185,1
rising,31286,31185,31286,101
walking,31293,31286,31293,7
left_turning,31302,31293,31302,9
sniffing,31416,31302,31416,114
climbing,31459,31416,31459,43
rearing,31538,31459,31538,79
walking,31576,31538,31576,38
sniffing,31650,31576,31650,74
climbing,31684,31650,31684,34
sniffing,31704,31684,31704,20
walking,31772,31704,31772,68
climbing,31800,31772,31800,28
walking,31848,31800,31848,48
running,31864,31848,31864,16
sniffing,31865,31864,31865,1
rearing,31936,31865,31936,71
grooming,31971,31936,31971,35
walking,32016,31971,32016,45
sniffing,32065,32016,32065,49
rising,32087,32065,32087,22
rearing,32116,32087,32116,29
running,32137,32116,32137,21
sniffing,32138,32137,32138,1
walking,32139,32138,32139,1
sniffing,32140,32139,32140,1
rising,32145,32140,32145,5
sniffing,32287,32145,32287,142
stepping,32312,32287,32312,25
hunching,32314,32312,32314,2
climbing,32315,32314,32315,1
running,32325,32315,32325,10
trotting,32374,32325,32374,49
sniffing,32388,32374,32388,14
grooming,32563,32388,32563,175
rearing,32634,32563,32634,71
climbing,32674,32634,32674,40
rising,32736,32674,32736,62
stepping,32761,32736,32761,25
walking,32868,32761,32868,107
sniffing,32869,32868,32869,1
rising,32961,32869,32961,92
walking,33023,32961,33023,62
stepping,33058,33023,33058,35
walking,33163,33058,33163,105
stepping,33187,33163,33187,24
sniffing,33284,33187,33284,97
left_turning,33369,33284,33369,85
walking,33440,33369,33440,71
stepping,33441,33440,33441,1
rising,33508,33441,33508,67
right_turning,33559,33508,33559,51
walking,33584,33559,33584,25
trotting,33607,33584,33607,23
rising,33661,33607,33661,54
walking,33738,33661,33738,77
running,33796,33738,33796,58
walking,33819,33796,33819,23
left_turning,33881,33819,33881,62
running,33908,33881,33908,27
walking,33955,33908,33955,47
climbing,33962,33955,33962,7
hunching,34043,33962,34043,81
rising,34069,34043,34069,26
right_turning,34125,34069,34125,56
trotting,34162,34125,34162,37
left_turning,34240,34162,34240,78
sniffing,34282,34240,34282,42
left_turning,34292,34282,34292,10
sniffing,34293,34292,34293,1
rising,34311,34293,34311,18
right_turning,34312,34311,34312,1
stepping,34389,34312,34389,77
grooming,34466,34389,34466,77
hunching,34467,34466,34467,1
grooming,34771,34467,34771,304
hunching,34814,34771,34814,43
right_turning,34876,34814,34876,62
walking,34900,34876,34900,24
sniffing,34986,34900,34986,86
right_turning,35041,34986,35041,55
walking,35116,35041,35116,75
sniffing,35249,35116,35249,133
left_turning,35250,35249,35250,1
rising,35290,35250,35290,40
sniffing,35321,35290,35321,31
grooming,35399,35321,35399,78
rearing,35473,35399,35473,74
grooming,35529,35473,35529,56
sniffing,35582,35529,35582,53
left_turning,35596,35582,35596,14
walking,35647,35596,35647,51
stepping,35687,35647,35687,40
sniffing,35702,35687,35702,15
left_turning,35722,35702,35722,20
sniffing,35723,35722,35723,1
rising,35739,35723,35739,16
rearing,35775,35739,35775,36
sniffing,35912,35775,35912,137
walking,35976,35912,35976,64
left_turning,36020,35976,36020,44
walking,36021,36020,36021,1
sniffing,36105,36021,36105,84
right_turning,36126,36105,36126,21
walking,36191,36126,36191,65
left_turning,36218,36191,36218,27
sniffing,36263,36218,36263,45
rising,36345,36263,36345,82
climbing,36467,36345,36467,122
rising,36505,36467,36505,38
sniffing,36562,36505,36562,57
right_turning,36604,36562,36604,42
stepping,36646,36604,36646,42
walking,36672,36646,36672,26
sniffing,36766,36672,36766,94
grooming,36847,36766,36847,81
sniffing,36998,36847,36998,151
rearing,36999,36998,36999,1
grooming,37373,36999,37373,374
walking,37403,37373,37403,30
sniffing,37443,37403,37443,40
walking,37473,37443,37473,30
stepping,37494,37473,37494,21
trotting,37526,37494,37526,32
walking,37552,37526,37552,26
stepping,37606,37552,37606,54
sniffing,37687,37606,37687,81
left_turning,37693,37687,37693,6
walking,37747,37693,37747,54
sniffing,38097,37747,38097,350
climbing,38155,38097,38155,58
walking,38164,38155,38164,9
hunching,38172,38164,38172,8
rising,38173,38172,38173,1
sniffing,38291,38173,38291,118
rising,38302,38291,38302,11
sniffing,38459,38302,38459,157
walking,38497,38459,38497,38
rising,38498,38497,38498,1
climbing,38532,38498,38532,34
sniffing,38533,38532,38533,1
rising,38601,38533,38601,68
sniffing,38602,38601,38602,1
rising,38632,38602,38632,30
stepping,38682,38632,38682,50
sniffing,38867,38682,38867,185
climbing,38916,38867,38916,49
rearing,38987,38916,38987,71
sniffing,39255,38987,39255,268
walking,39351,39255,39351,96
sniffing,39362,39351,39362,11
rearing,39377,39362,39377,15
climbing,39507,39377,39507,130
rearing,39546,39507,39546,39
rising,39547,39546,39547,1
sniffing,39548,39547,39548,1
rising,39599,39548,39599,51
left_turning,39669,39599,39669,70
sniffing,39766,39669,39766,97
running,39833,39766,39833,67
left_turning,39862,39833,39862,29
sniffing,39912,39862,39912,50
rearing,39943,39912,39943,31
rising,39944,39943,39944,1
climbing,39963,39944,39963,19
sniffing,40056,39963,40056,93
walking,40137,40056,40137,81
rearing,40187,40137,40187,50
climbing,40194,40187,40194,7
rising,40206,40194,40206,12
walking,40247,40206,40247,41
climbing,40341,40247,40341,94
running,40344,40341,40344,3
sniffing,40517,40344,40517,173
walking,40518,40517,40518,1
sniffing,40596,40518,40596,78
left_turning,40597,40596,40597,1
sniffing,40598,40597,40598,1
rising,40634,40598,40634,36
left_turning,40635,40634,40635,1
trotting,40646,40635,40646,11
stepping,40693,40646,40693,47
walking,40748,40693,40748,55
rising,40777,40748,40777,29
sniffing,40868,40777,40868,91
rising,40906,40868,40906,38
rearing,40932,40906,40932,26
hunching,40979,40932,40979,47
rising,40980,40979,40980,1
trotting,41008,40980,41008,28
sniffing,41025,41008,41025,17
climbing,41097,41025,41097,72
rearing,41124,41097,41124,27
grooming,41192,41124,41192,68
sniffing,41193,41192,41193,1
grooming,41416,41193,41416,223
rearing,41436,41416,41436,20
left_turning,41439,41436,41439,3
walking,41479,41439,41479,40
climbing,41555,41479,41555,76
trotting,41614,41555,41614,59
stepping,41657,41614,41657,43
rearing,41712,41657,41712,55
grooming,41732,41712,41732,20
sniffing,41738,41732,41738,6
hunching,41768,41738,41768,30
sniffing,41824,41768,41824,56
walking,41883,41824,41883,59
rising,41974,41883,41974,91
climbing,42014,41974,42014,40
sniffing,42053,42014,42053,39
climbing,42155,42053,42155,102
rearing,42179,42155,42179,24
sniffing,42199,42179,42199,20
walking,42230,42199,42230,31
rising,42269,42230,42269,39
running,42296,42269,42296,27
walking,42336,42296,42336,40
trotting,42387,42336,42387,51
stepping,42456,42387,42456,69
sniffing,42457,42456,42457,1
stepping,42509,42457,42509,52
walking,42588,42509,42588,79
sniffing,42656,42588,42656,68
running,42668,42656,42668,12
stepping,42670,42668,42670,2
sniffing,42695,42670,42695,25
rising,42745,42695,42745,50
trotting,42780,42745,42780,35
walking,42800,42780,42800,20
rising,42833,42800,42833,33
hunching,42852,42833,42852,19
right_turning,42869,42852,42869,17
sniffing,42999,42869,42999,130
rising,43016,42999,43016,17
climbing,43103,43016,43103,87
rising,43153,43103,43153,50
sniffing,43166,43153,43166,13
walking,43232,43166,43232,66
right_turning,43251,43232,43251,19
trotting,43277,43251,43277,26
left_turning,43287,43277,43287,10
trotting,43326,43287,43326,39
walking,43365,43326,43365,39
sniffing,43402,43365,43402,37
stepping,43456,43402,43456,54
sniffing,43484,43456,43484,28
left_turning,43524,43484,43524,40
sniffing,43604,43524,43604,80
walking,43638,43604,43638,34
left_turning,43710,43638,43710,72
trotting,43744,43710,43744,34
sniffing,43752,43744,43752,8
rising,43767,43752,43767,15
climbing,43852,43767,43852,85
rising,43907,43852,43907,55
climbing,44003,43907,44003,96
hunching,44004,44003,44004,1
climbing,44066,44004,44066,62
sniffing,44067,44066,44067,1
rising,44068,44067,44068,1
running,44114,44068,44114,46
rising,44115,44114,44115,1
right_turning,44136,44115,44136,21
trotting,44148,44136,44148,12
sniffing,44303,44148,44303,155
walking,44330,44303,44330,27
stepping,44376,44330,44376,46
climbing,44377,44376,44377,1
walking,44388,44377,44388,11
stepping,44436,44388,44436,48
sniffing,44474,44436,44474,38
right_turning,44478,44474,44478,4
climbing,44492,44478,44492,14
rising,44530,44492,44530,38
sniffing,44626,44530,44626,96
hunching,44637,44626,44637,11
rearing,44707,44637,44707,70
hunching,44810,44707,44810,103
stepping,44847,44810,44847,37
walking,44867,44847,44867,20
sniffing,44967,44867,44967,100
left_turning,44988,44967,44988,21
walking,45014,44988,45014,26
sniffing,45045,45014,45045,31
trotting,45083,45045,45083,38
sniffing,45084,45083,45084,1
trotting,45133,45084,45133,49
sniffing,45193,45133,45193,60
rising,45194,45193,45194,1
climbing,45275,45194,45275,81
walking,45336,45275,45336,61
climbing,45483,45336,45483,147
trotting,45537,45483,45537,54
sniffing,45586,45537,45586,49
hunching,45650,45586,45650,64
sniffing,45651,45650,45651,1
rising,45652,45651,45652,1
climbing,45719,45652,45719,67
rearing,45720,45719,45720,1
left_turning,45773,45720,45773,53
sniffing,45845,45773,45845,72
right_turning,45864,45845,45864,19
walking,45966,45864,45966,102
stepping,46032,45966,46032,66
walking,46033,46032,46033,1
rearing,46034,46033,46034,1
hunching,46035,46034,46035,1
rising,46087,46035,46087,52
climbing,46089,46087,46089,2
rising,46126,46089,46126,37
trotting,46163,46126,46163,37
sniffing,46230,46163,46230,67
rising,46240,46230,46240,10
climbing,46376,46240,46376,136
rearing,46377,46376,46377,1
trotting,46390,46377,46390,13
walking,46436,46390,46436,46
sniffing,46502,46436,46502,66
trotting,46551,46502,46551,49
sniffing,46663,46551,46663,112
walking,46792,46663,46792,129
sniffing,46793,46792,46793,1
hunching,46809,46793,46809,16
rearing,46825,46809,46825,16
sniffing,46936,46825,46936,111
trotting,46968,46936,46968,32
sniffing,47006,46968,47006,38
trotting,47050,47006,47050,44
running,47095,47050,47095,45
rising,47096,47095,47096,1
climbing,47216,47096,47216,120
rearing,47222,47216,47222,6
climbing,47264,47222,47264,42
rearing,47447,47264,47447,183
walking,47484,47447,47484,37
sniffing,47674,47484,47674,190
rising,47675,47674,47675,1
sniffing,47676,47675,47676,1
left_turning,47724,47676,47724,48
walking,47725,47724,47725,1
sniffing,47843,47725,47843,118
left_turning,47879,47843,47879,36
sniffing,47969,47879,47969,90
left_turning,48005,47969,48005,36
walking,48012,48005,48012,7
climbing,48117,48012,48117,105
stepping,48158,48117,48158,41
walking,48172,48158,48172,14
sniffing,48234,48172,48234,62
rising,48238,48234,48238,4
climbing,48298,48238,48298,60
rearing,48330,48298,48330,32
right_turning,48343,48330,48343,13
climbing,48397,48343,48397,54
running,48413,48397,48413,16
walking,48414,48413,48414,1
left_turning,48443,48414,48443,29
sniffing,48459,48443,48459,16
rising,48460,48459,48460,1
climbing,48563,48460,48563,103
rearing,48564,48563,48564,1
sniffing,48572,48564,48572,8
rearing,48646,48572,48646,74
walking,48661,48646,48661,15
climbing,48771,48661,48771,110
rising,48814,48771,48814,43
rearing,48849,48814,48849,35
grooming,48850,48849,48850,1
hunching,48921,48850,48921,71
grooming,48922,48921,48922,1
hunching,48923,48922,48923,1
walking,48979,48923,48979,56
sniffing,49004,48979,49004,25
walking,49026,49004,49026,22
sniffing,49146,49026,49146,120
left_turning,49213,49146,49213,67
walking,49225,49213,49225,12
sniffing,49280,49225,49280,55
walking,49347,49280,49347,67
sniffing,49373,49347,49373,26
walking,49439,49373,49439,66
sniffing,49574,49439,49574,135
rising,49623,49574,49623,49
sniffing,49659,49623,49659,36
left_turning,49660,49659,49660,1
sniffing,49716,49660,49716,56
rising,49780,49716,49780,64
walking,49805,49780,49805,25
rising,49873,49805,49873,68
climbing,49922,49873,49922,49
hunching,49956,49922,49956,34
sniffing,50085,49956,50085,129
grooming,50340,50085,50340,255
sniffing,50381,50340,50381,41
right_turning,50383,50381,50383,2
trotting,50429,50383,50429,46
sniffing,50504,50429,50504,75
grooming,50573,50504,50573,69
sniffing,50574,50573,50574,1
rising,50575,50574,50575,1
climbing,50593,50575,50593,18
right_turning,50611,50593,50611,18
stepping,50660,50611,50660,49
rising,50711,50660,50711,51
climbing,50746,50711,50746,35
sniffing,50791,50746,50791,45
rearing,50861,50791,50861,70
left_turning,50862,50861,50862,1
sniffing,50978,50862,50978,116
left_turning,51000,50978,51000,22
sniffing,51001,51000,51001,1
climbing,51051,51001,51051,50
right_turning,51057,51051,51057,6
running,51085,51057,51085,28
rising,51087,51085,51087,2
climbing,51156,51087,51156,69
sniffing,51193,51156,51193,37
rising,51194,51193,51194,1
sniffing,51320,51194,51320,126
hunching,51403,51320,51403,83
walking,51421,51403,51421,18
rising,51429,51421,51429,8
climbing,51494,51429,51494,65
rearing,51563,51494,51563,69
trotting,51580,51563,51580,17
left_turning,51605,51580,51605,25
trotting,51620,51605,51620,15
left_turning,51652,51620,51652,32
walking,51716,51652,51716,64
rising,51776,51716,51776,60
climbing,51821,51776,51821,45
sniffing,51864,51821,51864,43
left_turning,51896,51864,51896,32
walking,51943,51896,51943,47
sniffing,51944,51943,51944,1
walking,51973,51944,51973,29
sniffing,52080,51973,52080,107
right_turning,52106,52080,52106,26
trotting,52115,52106,52115,9
sniffing,52181,52115,52181,66
trotting,52199,52181,52199,18
left_turning,52208,52199,52208,9
sniffing,52249,52208,52249,41
rising,52250,52249,52250,1
climbing,52267,52250,52267,17
rearing,52289,52267,52289,22
trotting,52339,52289,52339,50
sniffing,52354,52339,52354,15
left_turning,52364,52354,52364,10
walking,52365,52364,52365,1
rising,52366,52365,52366,1
climbing,52367,52366,52367,1
sniffing,52484,52367,52484,117
climbing,52543,52484,52543,59
trotting,52589,52543,52589,46
sniffing,52611,52589,52611,22
left_turning,52648,52611,52648,37
running,52669,52648,52669,21
walking,52693,52669,52693,24
sniffing,52757,52693,52757,64
climbing,52758,52757,52758,1
sniffing,52759,52758,52759,1
rearing,52941,52759,52941,182
walking,53020,52941,53020,79
rising,53039,53020,53039,19
rearing,53051,53039,53051,12
sniffing,53101,53051,53101,50
right_turning,53172,53101,53172,71
sniffing,53215,53172,53215,43
left_turning,53245,53215,53245,30
sniffing,53290,53245,53290,45
rearing,53680,53290,53680,390
left_turning,53723,53680,53723,43
walking,53743,53723,53743,20
rising,53777,53743,53777,34
running,53778,53777,53778,1
walking,53813,53778,53813,35
rising,53879,53813,53879,66
hunching,53894,53879,53894,15
stepping,53953,53894,53953,59
sniffing,53960,53953,53960,7
climbing,54032,53960,54032,72
rising,54073,54032,54073,41
rearing,54115,54073,54115,42
sniffing,54240,54115,54240,125
walking,54241,54240,54241,1
sniffing,54364,54241,54364,123
right_turning,54436,54364,54436,72
rearing,54463,54436,54463,27
right_turning,54485,54463,54485,22
walking,54514,54485,54514,29
climbing,54515,54514,54515,1
sniffing,54634,54515,54634,119
walking,54671,54634,54671,37
sniffing,54719,54671,54719,48
left_turning,54747,54719,54747,28
sniffing,54748,54747,54748,1
rising,54765,54748,54765,17
climbing,54823,54765,54823,58
rising,54853,54823,54853,30
sniffing,54910,54853,54910,57
rearing,54929,54910,54929,19
hunching,54930,54929,54930,1
sniffing,55028,54930,55028,98
walking,55049,55028,55049,21
rearing,55102,55049,55102,53
hunching,55182,55102,55182,80
sniffing,55304,55182,55304,122
trotting,55321,55304,55321,17
walking,55338,55321,55338,17
rearing,55480,55338,55480,142
rising,55562,55480,55562,82
walking,55579,55562,55579,17
sniffing,55672,55579,55672,93
left_turning,55742,55672,55742,70
walking,55780,55742,55780,38
sniffing,55844,55780,55844,64
rising,55865,55844,55865,21
climbing,55890,55865,55890,25
trotting,55927,55890,55927,37
left_turning,56031,55927,56031,104
rising,56049,56031,56049,18
running,56062,56049,56062,13
rising,56063,56062,56063,1
climbing,56145,56063,56145,82
rising,56146,56145,56146,1
climbing,56247,56146,56247,101
grooming,56438,56247,56438,191
rearing,56473,56438,56473,35
right_turning,56474,56473,56474,1
trotting,56509,56474,56509,35
rising,56510,56509,56510,1
sniffing,56560,56510,56560,50
left_turning,56589,56560,56589,29
sniffing,56590,56589,56590,1
running,56604,56590,56604,14
left_turning,56621,56604,56621,17
sniffing,56718,56621,56718,97
grooming,56804,56718,56804,86
running,56828,56804,56828,24
trotting,56844,56828,56844,16
left_turning,56863,56844,56863,19
walking,56864,56863,56864,1
sniffing,56940,56864,56940,76
stepping,56964,56940,56964,24
jumping,57271,56964,57271,307
sniffing,57384,57271,57384,113
left_turning,57428,57384,57428,44
climbing,57498,57428,57498,70
grooming,57499,57498,57499,1
walking,57518,57499,57518,19
trotting,57558,57518,57558,40
sniffing,57559,57558,57559,1
climbing,57715,57559,57715,156
sniffing,57941,57715,57941,226
walking,57961,57941,57961,20
trotting,58025,57961,58025,64
walking,58090,58025,58090,65
left_turning,58119,58090,58119,29
stepping,58194,58119,58194,75
walking,58268,58194,58268,74
rearing,58373,58268,58373,105
sniffing,58478,58373,58478,105
stepping,58522,58478,58522,44
sniffing,58599,58522,58599,77
climbing,58682,58599,58682,83
sniffing,58867,58682,58867,185
rising,58912,58867,58912,45
climbing,59031,58912,59031,119
sniffing,59032,59031,59032,1
stepping,59119,59032,59119,87
sniffing,59120,59119,59120,1
left_turning,59144,59120,59144,24
running,59168,59144,59168,24
sniffing,59197,59168,59197,29
climbing,59203,59197,59203,6
rising,59232,59203,59232,29
climbing,59297,59232,59297,65
hunching,59340,59297,59340,43
rising,59389,59340,59389,49
climbing,59431,59389,59431,42
rising,59518,59431,59518,87
climbing,59634,59518,59634,116
walking,59692,59634,59692,58
rearing,59902,59692,59902,210
rising,59922,59902,59922,20
climbing,60002,59922,60002,80
rising,60003,60002,60003,1
sniffing,60017,60003,60017,14
left_turning,60047,60017,60047,30
sniffing,60100,60047,60100,53
rising,60120,60100,60120,20
grooming,60121,60120,60121,1
sniffing,60420,60121,60420,299
rearing,60421,60420,60421,1
rising,60483,60421,60483,62
walking,60536,60483,60536,53
sniffing,60551,60536,60551,15
right_turning,60562,60551,60562,11
trotting,60570,60562,60570,8
walking,60614,60570,60614,44
climbing,60636,60614,60636,22
rising,60637,60636,60637,1
grooming,60865,60637,60865,228
rearing,60869,60865,60869,4
grooming,61106,60869,61106,237
hunching,61155,61106,61155,49
rising,61191,61155,61191,36
climbing,61218,61191,61218,27
rising,61397,61218,61397,179
climbing,61485,61397,61485,88
right_turning,61520,61485,61520,35
sniffing,61521,61520,61521,1
left_turning,61565,61521,61565,44
sniffing,61566,61565,61566,1
walking,61619,61566,61619,53
rising,61620,61619,61620,1
climbing,61670,61620,61670,50
rearing,61701,61670,61701,31
right_turning,61718,61701,61718,17
rising,61721,61718,61721,3
sniffing,61801,61721,61801,80
walking,61805,61801,61805,4
rising,61811,61805,61811,6
climbing,61812,61811,61812,1
rising,61813,61812,61813,1
climbing,61875,61813,61875,62
sniffing,61933,61875,61933,58
rising,61971,61933,61971,38
climbing,62036,61971,62036,65
rising,62063,62036,62063,27
climbing,62078,62063,62078,15
sniffing,62146,62078,62146,68
stepping,62222,62146,62222,76
climbing,62223,62222,62223,1
rearing,62246,62223,62246,23
climbing,62285,62246,62285,39
sniffing,62348,62285,62348,63
climbing,62424,62348,62424,76
trotting,62425,62424,62425,1
rising,62463,62425,62463,38
climbing,62597,62463,62597,134
rising,62663,62597,62663,66
rearing,62745,62663,62745,82
walking,62822,62745,62822,77
sniffing,62823,62822,62823,1
stepping,62851,62823,62851,28
walking,62890,62851,62890,39
rearing,62891,62890,62891,1
left_turning,62906,62891,62906,15
sniffing,62964,62906,62964,58
left_turning,62981,62964,62981,17
sniffing,62982,62981,62982,1
stepping,63001,62982,63001,19
sniffing,63145,63001,63145,144
trotting,63175,63145,63175,30
running,63214,63175,63214,39
walking,63274,63214,63274,60
running,63301,63274,63301,27
sniffing,63315,63301,63315,14
rising,63358,63315,63358,43
rearing,63382,63358,63382,24
climbing,63415,63382,63415,33
sniffing,63560,63415,63560,145
left_turning,63623,63560,63623,63
walking,63685,63623,63685,62
rearing,63740,63685,63740,55
sniffing,63741,63740,63741,1
left_turning,63796,63741,63796,55
sniffing,63797,63796,63797,1
climbing,63820,63797,63820,23
sniffing,63821,63820,63821,1
rising,63866,63821,63866,45
sniffing,63959,63866,63959,93
hunching,63960,63959,63960,1
climbing,63994,63960,63994,34
grooming,64072,63994,64072,78
climbing,64085,64072,64085,13
right_turning,64128,64085,64128,43
sniffing,64212,64128,64212,84
climbing,64216,64212,64216,4
sniffing,64303,64216,64303,87
walking,64353,64303,64353,50
trotting,64375,64353,64375,22
sniffing,64471,64375,64471,96
rearing,64532,64471,64532,61
sniffing,64716,64532,64716,184
rising,64717,64716,64717,1
climbing,64804,64717,64804,87
rearing,64894,64804,64894,90
grooming,65019,64894,65019,125
hunching,65074,65019,65074,55
rearing,65075,65074,65075,1
climbing,65179,65075,65179,104
running,65240,65179,65240,61
climbing,65367,65240,65367,127
left_turning,65368,65367,65368,1
sniffing,65505,65368,65505,137
grooming,65604,65505,65604,99
rearing,65647,65604,65647,43
rising,65667,65647,65667,20
right_turning,65693,65667,65693,26
walking,65740,65693,65740,47
sniffing,65985,65740,65985,245
rising,66042,65985,66042,57
climbing,66147,66042,66147,105
running,66196,66147,66196,49
walking,66253,66196,66253,57
right_turning,66288,66253,66288,35
rising,66289,66288,66289,1
climbing,66402,66289,66402,113
rising,66403,66402,66403,1
climbing,66442,66403,66442,39
rising,66482,66442,66482,40
climbing,66520,66482,66520,38
right_turning,66539,66520,66539,19
sniffing,66559,66539,66559,20
right_turning,66574,66559,66574,15
sniffing,66714,66574,66714,140
walking,66761,66714,66761,47
left_turning,66813,66761,66813,52
sniffing,66850,66813,66850,37
walking,66851,66850,66851,1
climbing,66961,66851,66961,110
right_turning,66963,66961,66963,2
climbing,67019,66963,67019,56
sniffing,67020,67019,67020,1
rising,67097,67020,67097,77
grooming,67253,67097,67253,156
sniffing,67296,67253,67296,43
walking,67376,67296,67376,80
climbing,67468,67376,67468,92
walking,67511,67468,67511,43
climbing,67557,67511,67557,46
right_turning,67558,67557,67558,1
walking,67615,67558,67615,57
sniffing,67666,67615,67666,51
walking,67722,67666,67722,56
right_turning,67765,67722,67765,43
sniffing,67909,67765,67909,144
rising,67959,67909,67959,50
climbing,68025,67959,68025,66
sniffing,68185,68025,68185,160
stepping,68223,68185,68223,38
rising,68247,68223,68247,24
sniffing,68337,68247,68337,90
right_turning,68385,68337,68385,48
sniffing,68454,68385,68454,69
walking,68476,68454,68476,22
sniffing,68562,68476,68562,86
hunching,68643,68562,68643,81
sniffing,68710,68643,68710,67
walking,68753,68710,68753,43
sniffing,68768,68753,68768,15
left_turning,68861,68768,68861,93
climbing,68979,68861,68979,118
rearing,69061,68979,69061,82
sniffing,69063,69061,69063,2
rising,69120,69063,69120,57
sniffing,69147,69120,69147,27
walking,69227,69147,69227,80
stepping,69258,69227,69258,31
walking,69286,69258,69286,28
sniffing,69362,69286,69362,76
walking,69386,69362,69386,24
sniffing,69572,69386,69572,186
left_turning,69626,69572,69626,54
walking,69750,69626,69750,124
stepping,69789,69750,69789,39
walking,69801,69789,69801,12
sniffing,69882,69801,69882,81
pausing,70194,69882,70194,312
sniffing,70203,70194,70203,9
right_turning,70226,70203,70226,23
trotting,70274,70226,70274,48
stepping,70278,70274,70278,4
rising,70294,70278,70294,16
rearing,70433,70294,70433,139
sniffing,70636,70433,70636,203
rising,70662,70636,70662,26
sniffing,70696,70662,70696,34
rising,70753,70696,70753,57
climbing,70864,70753,70864,111
sniffing,70911,70864,70911,47
stepping,70946,70911,70946,35
left_turning,70950,70946,70950,4
sniffing,70951,70950,70951,1
climbing,70952,70951,70952,1
hunching,70953,70952,70953,1
walking,70999,70953,70999,46
stepping,71013,70999,71013,14
right_turning,71030,71013,71030,17
walking,71167,71030,71167,137
left_turning,71168,71167,71168,1
trotting,71188,71168,71188,20
rising,71189,71188,71189,1
climbing,71303,71189,71303,114
sniffing,71361,71303,71361,58
hunching,71497,71361,71497,136
rearing,71498,71497,71498,1
climbing,71557,71498,71557,59
right_turning,71590,71557,71590,33
walking,71640,71590,71640,50
sniffing,71694,71640,71694,54
climbing,71739,71694,71739,45
hunching,71745,71739,71745,6
sniffing,71880,71745,71880,135
climbing,72077,71880,72077,197
walking,72175,72077,72175,98
left_turning,72237,72175,72237,62
sniffing,72276,72237,72276,39
hunching,72277,72276,72277,1
grooming,72303,72277,72303,26
left_turning,72389,72303,72389,86
sniffing,72534,72389,72534,145
stepping,72586,72534,72586,52
walking,72676,72586,72676,90
sniffing,72694,72676,72694,18
left_turning,72756,72694,72756,62
stepping,72813,72756,72813,57
sniffing,72864,72813,72864,51
grooming,72865,72864,72865,1
left_turning,72893,72865,72893,28
sniffing,72894,72893,72894,1
left_turning,72973,72894,72973,79
sniffing,73027,72973,73027,54
rising,73028,73027,73028,1
climbing,73077,73028,73077,49
sniffing,73083,73077,73083,6
climbing,73148,73083,73148,65
walking,73194,73148,73194,46
sniffing,73279,73194,73279,85
walking,73301,73279,73301,22
sniffing,73455,73301,73455,154
rising,73486,73455,73486,31
sniffing,73500,73486,73500,14
right_turning,73543,73500,73543,43
sniffing,73551,73543,73551,8
left_turning,73552,73551,73552,1
trotting,73602,73552,73602,50
sniffing,73611,73602,73611,9
stepping,73653,73611,73653,42
sniffing,73768,73653,73768,115
rearing,73841,73768,73841,73
sniffing,73842,73841,73842,1
walking,73874,73842,73874,32
right_turning,73879,73874,73879,5
walking,73953,73879,73953,74
rearing,73957,73953,73957,4
grooming,74095,73957,74095,138
rearing,74166,74095,74166,71
grooming,74444,74166,74444,278
sniffing,74491,74444,74491,47
rearing,74518,74491,74518,27
hunching,74531,74518,74531,13
sniffing,74814,74531,74814,283
rising,74830,74814,74830,16
sniffing,74841,74830,74841,11
rising,74842,74841,74842,1
stepping,74937,74842,74937,95
sniffing,74938,74937,74938,1
left_turning,74980,74938,74980,42
walking,75062,74980,75062,82
climbing,75279,75062,75279,217
trotting,75336,75279,75336,57
rearing,75416,75336,75416,80
climbing,75453,75416,75453,37
rearing,75462,75453,75462,9
walking,75559,75462,75559,97
sniffing,75560,75559,75560,1
stepping,75573,75560,75573,13
left_turning,75602,75573,75602,29
walking,75658,75602,75658,56
right_turning,75696,75658,75696,38
walking,75709,75696,75709,13
sniffing,75746,75709,75746,37
rising,75747,75746,75747,1
climbing,75844,75747,75844,97
sniffing,75956,75844,75956,112
rising,75957,75956,75957,1
climbing,76025,75957,76025,68
rising,76121,76025,76121,96
climbing,76381,76121,76381,260
right_turning,76422,76381,76422,41
sniffing,76471,76422,76471,49
rising,76488,76471,76488,17
climbing,76572,76488,76572,84
left_turning,76606,76572,76606,34
sniffing,76607,76606,76607,1
climbing,76698,76607,76698,91
trotting,76737,76698,76737,39
sniffing,76771,76737,76771,34
left_turning,76785,76771,76785,14
walking,76826,76785,76826,41
sniffing,76827,76826,76827,1
rising,76828,76827,76828,1
rearing,76847,76828,76847,19
hunching,76912,76847,76912,65
sniffing,77037,76912,77037,125
climbing,77102,77037,77102,65
rising,77103,77102,77103,1
rearing,77191,77103,77191,88
climbing,77308,77191,77308,117
hunching,77357,77308,77357,49
sniffing,77434,77357,77434,77
rising,77479,77434,77479,45
sniffing,77480,77479,77480,1
rearing,77506,77480,77506,26
left_turning,77543,77506,77543,37
sniffing,77594,77543,77594,51
grooming,77826,77594,77826,232
sniffing,78139,77826,78139,313
pausing,78140,78139,78140,1
sniffing,78298,78140,78298,158
right_turning,78322,78298,78322,24
sniffing,78400,78322,78400,78
walking,78481,78400,78481,81
trotting,78534,78481,78534,53
walking,78598,78534,78598,64
sniffing,78841,78598,78841,243
walking,78914,78841,78914,73
sniffing,79025,78914,79025,111
pausing,79085,79025,79085,60
sniffing,79165,79085,79165,80
stepping,79192,79165,79192,27
sniffing,79261,79192,79261,69
walking,79351,79261,79351,90
sniffing,79378,79351,79378,27
climbing,79435,79378,79435,57
sniffing,79454,79435,79454,19
rising,79500,79454,79500,46
walking,79521,79500,79521,21
sniffing,79629,79521,79629,108
right_turning,79661,79629,79661,32
sniffing,79694,79661,79694,33
grooming,79695,79694,79695,1
sniffing,79740,79695,79740,45
rising,79819,79740,79819,79
sniffing,79909,79819,79909,90
rising,79946,79909,79946,37
sniffing,79947,79946,79947,1
trotting,79990,79947,79990,43
sniffing,80086,79990,80086,96
hunching,80087,80086,80087,1
sniffing,80088,80087,80088,1
right_turning,80092,80088,80092,4
running,80116,80092,80116,24
walking,80206,80116,80206,90
climbing,80209,80206,80209,3
sniffing,80311,80209,80311,102
climbing,80574,80311,80574,263
rearing,80575,80574,80575,1
rising,80659,80575,80659,84
climbing,80717,80659,80717,58
rearing,80752,80717,80752,35
left_turning,80754,80752,80754,2
rising,80803,80754,80803,49
trotting,80820,80803,80820,17
left_turning,80887,80820,80887,67
sniffing,80888,80887,80888,1
rising,80989,80888,80989,101
rearing,81064,80989,81064,75
sniffing,81099,81064,81099,35
stepping,81146,81099,81146,47
walking,81187,81146,81187,41
climbing,81242,81187,81242,55
sniffing,81498,81242,81498,256
left_turning,81544,81498,81544,46
sniffing,81593,81544,81593,49
left_turning,81624,81593,81624,31
walking,81696,81624,81696,72
rising,81771,81696,81771,75
climbing,81868,81771,81868,97
walking,81892,81868,81892,24
sniffing,81981,81892,81981,89
rising,81982,81981,81982,1
sniffing,82174,81982,82174,192
rearing,82175,82174,82175,1
walking,82232,82175,82232,57
sniffing,82402,82232,82402,170
climbing,82458,82402,82458,56
walking,82459,82458,82459,1
rising,82460,82459,82460,1
climbing,82496,82460,82496,36
rising,82594,82496,82594,98
sniffing,82635,82594,82635,41
climbing,82687,82635,82687,52
sniffing,82790,82687,82790,103
trotting,82834,82790,82834,44
stepping,82888,82834,82888,54
sniffing,82919,82888,82919,31
rising,83017,82919,83017,98
sniffing,83190,83017,83190,173
walking,83261,83190,83261,71
sniffing,83468,83261,83468,207
rising,83487,83468,83487,19
right_turning,83562,83487,83562,75
walking,83618,83562,83618,56
stepping,83638,83618,83638,20
sniffing,83703,83638,83703,65
rearing,83704,83703,83704,1
hunching,83766,83704,83766,62
sniffing,83886,83766,83886,120
walking,83927,83886,83927,41
sniffing,83948,83927,83948,21
hunching,83987,83948,83987,39
stepping,84052,83987,84052,65
walking,84053,84052,84053,1
left_turning,84076,84053,84076,23
walking,84118,84076,84118,42
climbing,84119,84118,84119,1
grooming,84243,84119,84243,124
hunching,84244,84243,84244,1
climbing,84291,84244,84291,47
rising,84315,84291,84315,24
walking,84350,84315,84350,35
left_turning,84374,84350,84374,24
walking,84388,84374,84388,14
sniffing,84389,84388,84389,1
rising,84396,84389,84396,7
climbing,84397,84396,84397,1
left_turning,84522,84397,84522,125
running,84567,84522,84567,45
walking,84629,84567,84629,62
climbing,84637,84629,84637,8
walking,84638,84637,84638,1
sniffing,84783,84638,84783,145
climbing,84846,84783,84846,63
rearing,84985,84846,84985,139
climbing,85062,84985,85062,77
sniffing,85090,85062,85090,28
walking,85135,85090,85135,45
stepping,85136,85135,85136,1
sniffing,85171,85136,85171,35
climbing,85369,85171,85369,198
rising,85373,85369,85373,4
climbing,85421,85373,85421,48
walking,85423,85421,85423,2
sniffing,85424,85423,85424,1
rising,85458,85424,85458,34
sniffing,85566,85458,85566,108
trotting,85601,85566,85601,35
sniffing,85654,85601,85654,53
climbing,85702,85654,85702,48
left_turning,85746,85702,85746,44
sniffing,85781,85746,85781,35
walking,85782,85781,85782,1
rising,85849,85782,85849,67
sniffing,85850,85849,85850,1
walking,85851,85850,85851,1
stepping,85870,85851,85870,19
rising,85885,85870,85885,15
climbing,85893,85885,85893,8
left_turning,85908,85893,85908,15
sniffing,86128,85908,86128,220
climbing,86181,86128,86181,53
sniffing,86299,86181,86299,118
left_turning,86338,86299,86338,39
sniffing,86339,86338,86339,1
rearing,86392,86339,86392,53
rising,86459,86392,86459,67
sniffing,86639,86459,86639,180
climbing,86706,86639,86706,67
sniffing,86707,86706,86707,1
walking,86729,86707,86729,22
sniffing,86776,86729,86776,47
hunching,86777,86776,86777,1
sniffing,86879,86777,86879,102
left_turning,86880,86879,86880,1
sniffing,87105,86880,87105,225
pausing,87558,87105,87558,453
sniffing,87641,87558,87641,83
rising,87669,87641,87669,28
right_turning,87677,87669,87677,8
walking,87693,87677,87693,16
sniffing,87736,87693,87736,43
grooming,87880,87736,87880,144
hunching,87936,87880,87936,56
sniffing,87937,87936,87937,1
climbing,88012,87937,88012,75
sniffing,88013,88012,88013,1
left_turning,88086,88013,88086,73
rising,88096,88086,88096,10
sniffing,88201,88096,88201,105
walking,88202,88201,88202,1
right_turning,88262,88202,88262,60
stepping,88322,88262,88322,60
right_turning,88361,88322,88361,39
sniffing,88362,88361,88362,1
trotting,88414,88362,88414,52
rising,88512,88414,88512,98
trotting,88585,88512,88585,73
sniffing,88814,88585,88814,229
right_turning,88847,88814,88847,33
walking,88848,88847,88848,1
sniffing,89025,88848,89025,177
pausing,89358,89025,89358,333
sniffing,89382,89358,89382,24
rising,89454,89382,89454,72
grooming,90344,89454,90344,890
rearing,90391,90344,90391,47
sniffing,90446,90391,90446,55
rising,90460,90446,90460,14
climbing,90468,90460,90468,8
rearing,90473,90468,90473,5
grooming,90474,90473,90474,1
climbing,90475,90474,90475,1
rearing,90508,90475,90508,33
sniffing,90636,90508,90636,128
right_turning,90637,90636,90637,1
trotting,90642,90637,90642,5
walking,90653,90642,90653,11
right_turning,90741,90653,90741,88
walking,90823,90741,90823,82
sniffing,90885,90823,90885,62
left_turning,90907,90885,90907,22
rearing,90964,90907,90964,57
rising,90965,90964,90965,1
sniffing,90966,90965,90966,1
left_turning,91015,90966,91015,49
walking,91022,91015,91022,7
rearing,91023,91022,91023,1
walking,91081,91023,91081,58
sniffing,91166,91081,91166,85
climbing,91175,91166,91175,9
running,91214,91175,91214,39
trotting,91250,91214,91250,36
sniffing,91304,91250,91304,54
hunching,91308,91304,91308,4
climbing,91431,91308,91431,123
walking,91438,91431,91438,7
sniffing,91700,91438,91700,262
rising,91712,91700,91712,12
sniffing,91713,91712,91713,1
climbing,91871,91713,91871,158
rearing,91971,91871,91971,100
grooming,91972,91971,91972,1
climbing,92035,91972,92035,63
rising,92051,92035,92051,16
rearing,92085,92051,92085,34
sniffing,92140,92085,92140,55
rising,92141,92140,92141,1
walking,92149,92141,92149,8
climbing,92332,92149,92332,183
rearing,92381,92332,92381,49
left_turning,92396,92381,92396,15
sniffing,92442,92396,92442,46
rearing,92539,92442,92539,97
sniffing,92793,92539,92793,254
walking,92794,92793,92794,1
sniffing,92795,92794,92795,1
left_turning,92912,92795,92912,117
sniffing,92999,92912,92999,87
climbing,93120,92999,93120,121
sniffing,93121,93120,93121,1
climbing,93173,93121,93173,52
rising,93190,93173,93190,17
climbing,93191,93190,93191,1
walking,93209,93191,93209,18
left_turning,93210,93209,93210,1
rising,93231,93210,93231,21
climbing,93232,93231,93232,1
rearing,93246,93232,93246,14
sniffing,93283,93246,93283,37
climbing,93372,93283,93372,89
sniffing,93373,93372,93373,1
climbing,93382,93373,93382,9
walking,93393,93382,93393,11
trotting,93418,93393,93418,25
sniffing,93457,93418,93457,39
stepping,93480,93457,93480,23
sniffing,93547,93480,93547,67
climbing,93587,93547,93587,40
walking,93622,93587,93622,35
stepping,93691,93622,93691,69
walking,93746,93691,93746,55
rising,93769,93746,93769,23
rearing,93829,93769,93829,60
climbing,93868,93829,93868,39
sniffing,94004,93868,94004,136
rising,94034,94004,94034,30
sniffing,94121,94034,94121,87
left_turning,94168,94121,94168,47
sniffing,94283,94168,94283,115
rising,94288,94283,94288,5
trotting,94306,94288,94306,18
rising,94323,94306,94323,17
walking,94388,94323,94388,65
sniffing,94431,94388,94431,43
walking,94439,94431,94439,8
climbing,94518,94439,94518,79
rising,94537,94518,94537,19
sniffing,94580,94537,94580,43
stepping,94613,94580,94613,33
walking,94636,94613,94636,23
sniffing,94701,94636,94701,65
walking,94750,94701,94750,49
climbing,94817,94750,94817,67
left_turning,94818,94817,94818,1
sniffing,94941,94818,94941,123
hunching,94942,94941,94942,1
climbing,94943,94942,94943,1
sniffing,95224,94943,95224,281
left_turning,95257,95224,95257,33
walking,95294,95257,95294,37
sniffing,95360,95294,95360,66
climbing,95377,95360,95377,17
sniffing,95499,95377,95499,122
rising,95603,95499,95603,104
sniffing,95658,95603,95658,55
rearing,95659,95658,95659,1
sniffing,95924,95659,95924,265
rising,95954,95924,95954,30
climbing,96010,95954,96010,56
walking,96019,96010,96019,9
sniffing,96068,96019,96068,49
climbing,96158,96068,96158,90
rising,96192,96158,96192,34
grooming,96292,96192,96292,100
sniffing,96293,96292,96293,1
stepping,96339,96293,96339,46
sniffing,96343,96339,96343,4
climbing,96437,96343,96437,94
rearing,96464,96437,96464,27
hunching,96520,96464,96520,56
sniffing,96521,96520,96521,1
rising,96542,96521,96542,21
walking,96625,96542,96625,83
sniffing,96687,96625,96687,62
left_turning,96693,96687,96693,6
right_turning,96696,96693,96696,3
trotting,96711,96696,96711,15
rising,96760,96711,96760,49
climbing,96788,96760,96788,28
right_turning,96789,96788,96789,1
rising,96805,96789,96805,16
rearing,96806,96805,96806,1
climbing,96860,96806,96860,54
running,96870,96860,96870,10
right_turning,96907,96870,96907,37
walking,96908,96907,96908,1
sniffing,97061,96908,97061,153
stepping,97098,97061,97098,37
sniffing,97173,97098,97173,75
grooming,97174,97173,97174,1
right_turning,97230,97174,97230,56
sniffing,97521,97230,97521,291
walking,97546,97521,97546,25
trotting,97566,97546,97566,20
sniffing,97941,97566,97941,375
rising,97988,97941,97988,47
climbing,98078,97988,98078,90
sniffing,98085,98078,98085,7
climbing,98145,98085,98145,60
sniffing,98276,98145,98276,131
climbing,98371,98276,98371,95
rearing,98452,98371,98452,81
stepping,98508,98452,98508,56
sniffing,98695,98508,98695,187
climbing,98814,98695,98814,119
walking,98883,98814,98883,69
rising,98951,98883,98951,68
walking,98957,98951,98957,6
sniffing,98981,98957,98981,24
right_turning,99025,98981,99025,44
grooming,99178,99025,99178,153
hunching,99179,99178,99179,1
climbing,99298,99179,99298,119
right_turning,99352,99298,99352,54
left_turning,99437,99352,99437,85
walking,99489,99437,99489,52
sniffing,99686,99489,99686,197
climbing,99742,99686,99742,56
rising,99743,99742,99743,1
walking,99764,99743,99764,21
sniffing,99863,99764,99863,99
rearing,99981,99863,99981,118
left_turning,99982,99981,99982,1
sniffing,100110,99982,100110,128
hunching,100151,100110,100151,41
right_turning,100174,100151,100174,23
walking,100228,100174,100228,54
sniffing,100324,100228,100324,96
rising,100350,100324,100350,26
climbing,100367,100350,100367,17
sniffing,100451,100367,100451,84
rising,100485,100451,100485,34
climbing,100584,100485,100584,99
right_turning,100627,100584,100627,43
sniffing,100628,100627,100628,1
walking,100694,100628,100694,66
rising,100695,100694,100695,1
hunching,100736,100695,100736,41
right_turning,100751,100736,100751,15
sniffing,100820,100751,100820,69
rising,101242,100820,101242,422
climbing,101243,101242,101243,1
sniffing,101379,101243,101379,136
left_turning,101398,101379,101398,19
climbing,101530,101398,101530,132
sniffing,101659,101530,101659,129
right_turning,101704,101659,101704,45
climbing,101809,101704,101809,105
grooming,101854,101809,101854,45
rising,101899,101854,101899,45
sniffing,102038,101899,102038,139
trotting,102091,102038,102091,53
walking,102112,102091,102112,21
climbing,102328,102112,102328,216
rising,102329,102328,102329,1
climbing,102409,102329,102409,80
sniffing,102426,102409,102426,17
walking,102427,102426,102427,1
rearing,102549,102427,102549,122
climbing,102602,102549,102602,53
walking,102659,102602,102659,57
left_turning,102684,102659,102684,25
sniffing,102690,102684,102690,6
hunching,102693,102690,102693,3
climbing,102780,102693,102780,87
walking,102867,102780,102867,87
rising,103000,102867,103000,133
climbing,103031,103000,103031,31
right_turning,103032,103031,103032,1
rearing,103033,103032,103033,1
stepping,103034,103033,103034,1
walking,103070,103034,103070,36
climbing,103184,103070,103184,114
walking,103202,103184,103202,18
rising,103290,103202,103290,88
sniffing,103340,103290,103340,50
rearing,103341,103340,103341,1
sniffing,103342,103341,103342,1
left_turning,103400,103342,103400,58
walking,103423,103400,103423,23
rising,103424,103423,103424,1
sniffing,103620,103424,103620,196
grooming,103728,103620,103728,108
sniffing,103729,103728,103729,1
rising,103738,103729,103738,9
sniffing,103885,103738,103885,147
right_turning,103918,103885,103918,33
walking,103970,103918,103970,52
sniffing,104104,103970,104104,134
stepping,104159,104104,104159,55
sniffing,104280,104159,104280,121
rising,104281,104280,104281,1
stepping,104345,104281,104345,64
left_turning,104346,104345,104346,1
sniffing,104360,104346,104360,14
climbing,104397,104360,104397,37
rearing,104480,104397,104480,83
rising,104522,104480,104522,42
rearing,104573,104522,104573,51
hunching,104645,104573,104645,72
right_turning,104700,104645,104700,55
trotting,104718,104700,104718,18
walking,104739,104718,104739,21
stepping,104793,104739,104793,54
hunching,104876,104793,104876,83
grooming,104972,104876,104972,96
sniffing,104973,104972,104973,1
grooming,105119,104973,105119,146
sniffing,105181,105119,105181,62
rising,105183,105181,105183,2
climbing,105298,105183,105298,115
left_turning,105353,105298,105353,55
walking,105364,105353,105364,11
climbing,105373,105364,105373,9
trotting,105403,105373,105403,30
sniffing,105500,105403,105500,97
rising,105510,105500,105510,10
climbing,105536,105510,105536,26
walking,105537,105536,105537,1
stepping,105626,105537,105626,89
right_turning,105656,105626,105656,30
rising,105684,105656,105684,28
rearing,105708,105684,105708,24
climbing,105969,105708,105969,261
trotting,106037,105969,106037,68
rising,106120,106037,106120,83
climbing,106289,106120,106289,169
hunching,106354,106289,106354,65
climbing,106355,106354,106355,1
rearing,106445,106355,106445,90
grooming,106631,106445,106631,186
walking,106654,106631,106654,23
sniffing,106655,106654,106655,1
rising,106690,106655,106690,35
rearing,106839,106690,106839,149
sniffing,106972,106839,106972,133
rising,107037,106972,107037,65
climbing,107142,107037,107142,105
rising,107216,107142,107216,74
grooming,107486,107216,107486,270
left_turning,107512,107486,107512,26
sniffing,107513,107512,107513,1
walking,107552,107513,107552,39
sniffing,107560,107552,107560,8
walking,107613,107560,107613,53
trotting,107632,107613,107632,19
sniffing,107849,107632,107849,217
grooming,108000,107849,108000,151
