revised_movement_label,segBoundary,segBoundary_start,segBoundary_end,length
sniffing,188,0,188,188
grooming,189,188,189,1
climbing,197,189,197,8
sniffing,288,197,288,91
climbing,344,288,344,56
sniffing,356,344,356,12
rising,357,356,357,1
climbing,371,357,371,14
rising,439,371,439,68
climbing,445,439,445,6
walking,528,445,528,83
sniffing,565,528,565,37
walking,566,565,566,1
right_turning,567,566,567,1
walking,631,567,631,64
sniffing,730,631,730,99
rising,780,730,780,50
climbing,837,780,837,57
sniffing,1027,837,1027,190
climbing,1036,1027,1036,9
rising,1048,1036,1048,12
sniffing,1142,1048,1142,94
rising,1168,1142,1168,26
left_turning,1206,1168,1206,38
trotting,1272,1206,1272,66
walking,1299,1272,1299,27
stepping,1373,1299,1373,74
left_turning,1374,1373,1374,1
walking,1435,1374,1435,61
trotting,1492,1435,1492,57
left_turning,1524,1492,1524,32
sniffing,1564,1524,1564,40
walking,1583,1564,1583,19
rising,1606,1583,1606,23
sniffing,1625,1606,1625,19
climbing,1659,1625,1659,34
walking,1763,1659,1763,104
sniffing,1764,1763,1764,1
walking,1775,1764,1775,11
climbing,1958,1775,1958,183
rising,1959,1958,1959,1
climbing,2045,1959,2045,86
trotting,2096,2045,2096,51
running,2119,2096,2119,23
walking,2177,2119,2177,58
sniffing,2178,2177,2178,1
walking,2179,2178,2179,1
sniffing,2265,2179,2265,86
hunching,2304,2265,2304,39
right_turning,2308,2304,2308,4
walking,2360,2308,2360,52
climbing,2387,2360,2387,27
walking,2413,2387,2413,26
climbing,2438,2413,2438,25
sniffing,2459,2438,2459,21
rising,2492,2459,2492,33
sniffing,2506,2492,2506,14
climbing,2523,2506,2523,17
right_turning,2583,2523,2583,60
sniffing,2605,2583,2605,22
trotting,2607,2605,2607,2
left_turning,2649,2607,2649,42
trotting,2685,2649,2685,36
sniffing,2736,2685,2736,51
trotting,2752,2736,2752,16
sniffing,2808,2752,2808,56
climbing,2849,2808,2849,41
stepping,2886,2849,2886,37
sniffing,2981,2886,2981,95
rising,3007,2981,3007,26
walking,3044,3007,3044,37
left_turning,3077,3044,3077,33
climbing,3097,3077,3097,20
left_turning,3115,3097,3115,18
trotting,3124,3115,3124,9
walking,3161,3124,3161,37
left_turning,3200,3161,3200,39
trotting,3231,3200,3231,31
sniffing,3341,3231,3341,110
walking,3435,3341,3435,94
left_turning,3494,3435,3494,59
walking,3525,3494,3525,31
sniffing,3652,3525,3652,127
rising,3653,3652,3653,1
trotting,3695,3653,3695,42
walking,3798,3695,3798,103
sniffing,3929,3798,3929,131
trotting,3954,3929,3954,25
climbing,3957,3954,3957,3
right_turning,3985,3957,3985,28
walking,4011,3985,4011,26
sniffing,4035,4011,4035,24
rising,4075,4035,4075,40
sniffing,4076,4075,4076,1
rising,4126,4076,4126,50
sniffing,4134,4126,4134,8
climbing,4199,4134,4199,65
rearing,4201,4199,4201,2
sniffing,4270,4201,4270,69
right_turning,4281,4270,4281,11
walking,4293,4281,4293,12
sniffing,4294,4293,4294,1
left_turning,4359,4294,4359,65
sniffing,4480,4359,4480,121
trotting,4552,4480,4552,72
rising,4703,4552,4703,151
climbing,4758,4703,4758,55
sniffing,4820,4758,4820,62
walking,4898,4820,4898,78
left_turning,4927,4898,4927,29
trotting,4962,4927,4962,35
sniffing,4999,4962,4999,37
walking,5029,4999,5029,30
climbing,5056,5029,5056,27
sniffing,5114,5056,5114,58
left_turning,5156,5114,5156,42
walking,5157,5156,5157,1
sniffing,5158,5157,5158,1
climbing,5174,5158,5174,16
grooming,5305,5174,5305,131
hunching,5369,5305,5369,64
grooming,5370,5369,5370,1
walking,5378,5370,5378,8
rising,5409,5378,5409,31
rearing,5410,5409,5410,1
grooming,5457,5410,5457,47
rising,5522,5457,5522,65
walking,5545,5522,5545,23
climbing,5597,5545,5597,52
sniffing,5598,5597,5598,1
rising,5662,5598,5662,64
climbing,5685,5662,5685,23
sniffing,5760,5685,5760,75
trotting,5782,5760,5782,22
climbing,5859,5782,5859,77
sniffing,5927,5859,5927,68
climbing,5960,5927,5960,33
left_turning,5985,5960,5985,25
walking,6041,5985,6041,56
climbing,6089,6041,6089,48
sniffing,6090,6089,6090,1
stepping,6137,6090,6137,47
sniffing,6141,6137,6141,4
left_turning,6185,6141,6185,44
stepping,6239,6185,6239,54
walking,6322,6239,6322,83
stepping,6411,6322,6411,89
climbing,6450,6411,6450,39
rising,6481,6450,6481,31
left_turning,6502,6481,6502,21
walking,6503,6502,6503,1
sniffing,6548,6503,6548,45
left_turning,6637,6548,6637,89
sniffing,6811,6637,6811,174
rearing,6867,6811,6867,56
rising,6923,6867,6923,56
sniffing,6999,6923,6999,76
rising,7021,6999,7021,22
walking,7044,7021,7044,23
rising,7072,7044,7072,28
sniffing,7077,7072,7077,5
rising,7117,7077,7117,40
left_turning,7158,7117,7158,41
sniffing,7159,7158,7159,1
hunching,7179,7159,7179,20
climbing,7218,7179,7218,39
sniffing,7259,7218,7259,41
trotting,7277,7259,7277,18
rising,7279,7277,7279,2
right_turning,7297,7279,7297,18
sniffing,7384,7297,7384,87
walking,7400,7384,7400,16
rising,7435,7400,7435,35
trotting,7518,7435,7518,83
rising,7546,7518,7546,28
left_turning,7547,7546,7547,1
walking,7596,7547,7596,49
sniffing,7597,7596,7597,1
walking,7629,7597,7629,32
sniffing,7667,7629,7667,38
climbing,7723,7667,7723,56
walking,7805,7723,7805,82
sniffing,7860,7805,7860,55
climbing,7910,7860,7910,50
sniffing,7971,7910,7971,61
grooming,7999,7971,7999,28
sniffing,8033,7999,8033,34
rearing,8045,8033,8045,12
hunching,8083,8045,8083,38
grooming,8355,8083,8355,272
rearing,8356,8355,8356,1
sniffing,8408,8356,8408,52
walking,8462,8408,8462,54
rising,8544,8462,8544,82
walking,8555,8544,8555,11
stepping,8616,8555,8616,61
trotting,8686,8616,8686,70
walking,8724,8686,8724,38
rising,8745,8724,8745,21
climbing,8806,8745,8806,61
walking,8843,8806,8843,37
sniffing,8964,8843,8964,121
walking,8976,8964,8976,12
stepping,9003,8976,9003,27
climbing,9045,9003,9045,42
rearing,9071,9045,9071,26
rising,9164,9071,9164,93
sniffing,9218,9164,9218,54
walking,9272,9218,9272,54
sniffing,9290,9272,9290,18
left_turning,9311,9290,9311,21
walking,9312,9311,9312,1
climbing,9396,9312,9396,84
rising,9425,9396,9425,29
climbing,9510,9425,9510,85
rising,9548,9510,9548,38
rearing,9604,9548,9604,56
climbing,9673,9604,9673,69
hunching,9713,9673,9713,40
right_turning,9759,9713,9759,46
walking,9781,9759,9781,22
sniffing,9801,9781,9801,20
rising,9833,9801,9833,32
climbing,9949,9833,9949,116
rising,9996,9949,9996,47
climbing,10020,9996,10020,24
rising,10034,10020,10034,14
left_turning,10073,10034,10073,39
walking,10089,10073,10089,16
rising,10112,10089,10112,23
walking,10162,10112,10162,50
rising,10186,10162,10186,24
climbing,10266,10186,10266,80
rising,10319,10266,10319,53
sniffing,10443,10319,10443,124
walking,10506,10443,10506,63
sniffing,10507,10506,10507,1
rising,10572,10507,10572,65
running,10583,10572,10583,11
climbing,10624,10583,10624,41
sniffing,10631,10624,10631,7
walking,10652,10631,10652,21
left_turning,10664,10652,10664,12
trotting,10689,10664,10689,25
left_turning,10707,10689,10707,18
sniffing,10708,10707,10708,1
left_turning,10748,10708,10748,40
walking,10749,10748,10749,1
rearing,10750,10749,10750,1
grooming,10890,10750,10890,140
rising,10920,10890,10920,30
climbing,10942,10920,10942,22
trotting,10957,10942,10957,15
walking,10958,10957,10958,1
trotting,10991,10958,10991,33
climbing,11004,10991,11004,13
left_turning,11085,11004,11085,81
walking,11129,11085,11129,44
sniffing,11228,11129,11228,99
rising,11268,11228,11268,40
walking,11269,11268,11269,1
rising,11281,11269,11281,12
sniffing,11282,11281,11282,1
walking,11352,11282,11352,70
rearing,11353,11352,11353,1
sniffing,11354,11353,11354,1
climbing,11434,11354,11434,80
sniffing,11525,11434,11525,91
rearing,11542,11525,11542,17
left_turning,11600,11542,11600,58
climbing,11633,11600,11633,33
right_turning,11690,11633,11690,57
sniffing,11691,11690,11691,1
right_turning,11748,11691,11748,57
sniffing,11794,11748,11794,46
walking,11896,11794,11896,102
climbing,11984,11896,11984,88
rising,12051,11984,12051,67
sniffing,12084,12051,12084,33
walking,12085,12084,12085,1
left_turning,12162,12085,12162,77
walking,12196,12162,12196,34
left_turning,12204,12196,12204,8
running,12205,12204,12205,1
climbing,12238,12205,12238,33
running,12247,12238,12247,9
left_turning,12327,12247,12327,80
walking,12401,12327,12401,74
sniffing,12448,12401,12448,47
rising,12528,12448,12528,80
walking,12553,12528,12553,25
left_turning,12601,12553,12601,48
sniffing,12660,12601,12660,59
left_turning,12721,12660,12721,61
walking,12741,12721,12741,20
climbing,12764,12741,12764,23
sniffing,12951,12764,12951,187
right_turning,12957,12951,12957,6
trotting,12964,12957,12964,7
running,12978,12964,12978,14
walking,13077,12978,13077,99
stepping,13134,13077,13134,57
walking,13225,13134,13225,91
rising,13231,13225,13231,6
sniffing,13232,13231,13232,1
climbing,13275,13232,13275,43
walking,13299,13275,13299,24
climbing,13327,13299,13327,28
rising,13364,13327,13364,37
right_turning,13407,13364,13407,43
rising,13424,13407,13424,17
rearing,13557,13424,13557,133
rising,13559,13557,13559,2
sniffing,13560,13559,13560,1
walking,13584,13560,13584,24
climbing,13627,13584,13627,43
rearing,13657,13627,13657,30
grooming,13813,13657,13813,156
rising,13847,13813,13847,34
stepping,13862,13847,13862,15
trotting,13874,13862,13874,12
sniffing,13939,13874,13939,65
climbing,14037,13939,14037,98
sniffing,14125,14037,14125,88
rearing,14137,14125,14137,12
walking,14211,14137,14211,74
left_turning,14238,14211,14238,27
sniffing,14335,14238,14335,97
hunching,14386,14335,14386,51
sniffing,14449,14386,14449,63
climbing,14500,14449,14500,51
sniffing,14533,14500,14533,33
left_turning,14579,14533,14579,46
walking,14629,14579,14629,50
climbing,14686,14629,14686,57
sniffing,14790,14686,14790,104
left_turning,14838,14790,14838,48
sniffing,14858,14838,14858,20
climbing,14984,14858,14984,126
sniffing,15201,14984,15201,217
walking,15214,15201,15214,13
sniffing,15215,15214,15215,1
rising,15233,15215,15233,18
walking,15249,15233,15249,16
climbing,15287,15249,15287,38
walking,15344,15287,15344,57
sniffing,15345,15344,15345,1
left_turning,15409,15345,15409,64
trotting,15465,15409,15465,56
right_turning,15566,15465,15566,101
walking,15568,15566,15568,2
sniffing,15596,15568,15596,28
climbing,15621,15596,15621,25
walking,15622,15621,15622,1
climbing,15667,15622,15667,45
left_turning,15693,15667,15693,26
sniffing,15839,15693,15839,146
walking,15886,15839,15886,47
stepping,15937,15886,15937,51
climbing,16015,15937,16015,78
walking,16070,16015,16070,55
sniffing,16146,16070,16146,76
walking,16147,16146,16147,1
trotting,16152,16147,16152,5
left_turning,16189,16152,16189,37
running,16221,16189,16221,32
sniffing,16265,16221,16265,44
rising,16324,16265,16324,59
left_turning,16405,16324,16405,81
trotting,16425,16405,16425,20
walking,16490,16425,16490,65
left_turning,16546,16490,16546,56
walking,16635,16546,16635,89
sniffing,16711,16635,16711,76
running,16751,16711,16751,40
rising,16772,16751,16772,21
walking,16818,16772,16818,46
sniffing,16819,16818,16819,1
right_turning,16860,16819,16860,41
walking,16898,16860,16898,38
right_turning,16927,16898,16927,29
walking,16939,16927,16939,12
left_turning,17007,16939,17007,68
walking,17048,17007,17048,41
rising,17103,17048,17103,55
trotting,17170,17103,17170,67
sniffing,17200,17170,17200,30
right_turning,17256,17200,17256,56
walking,17352,17256,17352,96
rising,17364,17352,17364,12
climbing,17521,17364,17521,157
rising,17561,17521,17561,40
left_turning,17597,17561,17597,36
sniffing,17676,17597,17676,79
climbing,17773,17676,17773,97
sniffing,17799,17773,17799,26
climbing,17823,17799,17823,24
rearing,17906,17823,17906,83
left_turning,17949,17906,17949,43
climbing,17991,17949,17991,42
left_turning,18053,17991,18053,62
sniffing,18054,18053,18054,1
rearing,18058,18054,18058,4
right_turning,18118,18058,18118,60
rising,18195,18118,18195,77
climbing,18278,18195,18278,83
left_turning,18310,18278,18310,32
sniffing,18311,18310,18311,1
walking,18389,18311,18389,78
sniffing,18411,18389,18411,22
stepping,18452,18411,18452,41
trotting,18491,18452,18491,39
walking,18532,18491,18532,41
climbing,18592,18532,18592,60
sniffing,18615,18592,18615,23
left_turning,18639,18615,18639,24
trotting,18648,18639,18648,9
walking,18736,18648,18736,88
left_turning,18793,18736,18793,57
rising,18794,18793,18794,1
walking,18817,18794,18817,23
sniffing,18869,18817,18869,52
left_turning,18870,18869,18870,1
walking,18880,18870,18880,10
climbing,18984,18880,18984,104
sniffing,19049,18984,19049,65
climbing,19233,19049,19233,184
rising,19276,19233,19276,43
sniffing,19311,19276,19311,35
right_turning,19371,19311,19371,60
walking,19382,19371,19382,11
grooming,19524,19382,19524,142
right_turning,19525,19524,19525,1
walking,19571,19525,19571,46
sniffing,19574,19571,19574,3
left_turning,19636,19574,19636,62
walking,19742,19636,19742,106
rising,19818,19742,19818,76
walking,19819,19818,19819,1
sniffing,19860,19819,19860,41
climbing,19878,19860,19878,18
sniffing,20025,19878,20025,147
right_turning,20067,20025,20067,42
rising,20100,20067,20100,33
left_turning,20137,20100,20137,37
sniffing,20254,20137,20254,117
climbing,20316,20254,20316,62
grooming,20677,20316,20677,361
rearing,20696,20677,20696,19
sniffing,20793,20696,20793,97
trotting,20794,20793,20794,1
sniffing,20798,20794,20798,4
walking,20827,20798,20827,29
climbing,20974,20827,20974,147
rearing,21002,20974,21002,28
sniffing,21033,21002,21033,31
hunching,21098,21033,21098,65
grooming,21315,21098,21315,217
rearing,21328,21315,21328,13
sniffing,21442,21328,21442,114
hunching,21452,21442,21452,10
sniffing,21504,21452,21504,52
rising,21520,21504,21520,16
walking,21545,21520,21545,25
sniffing,21546,21545,21546,1
rising,21560,21546,21560,14
climbing,21613,21560,21613,53
trotting,21660,21613,21660,47
sniffing,21672,21660,21672,12
stepping,21673,21672,21673,1
left_turning,21681,21673,21681,8
sniffing,21805,21681,21805,124
left_turning,21818,21805,21818,13
walking,21896,21818,21896,78
rising,21952,21896,21952,56
sniffing,22059,21952,22059,107
left_turning,22111,22059,22111,52
stepping,22136,22111,22136,25
sniffing,22167,22136,22167,31
left_turning,22182,22167,22182,15
running,22223,22182,22223,41
walking,22234,22223,22234,11
sniffing,22235,22234,22235,1
climbing,22357,22235,22357,122
walking,22395,22357,22395,38
rising,22411,22395,22411,16
rearing,22443,22411,22443,32
rising,22473,22443,22473,30
stepping,22480,22473,22480,7
rising,22495,22480,22495,15
sniffing,22739,22495,22739,244
trotting,22780,22739,22780,41
sniffing,22871,22780,22871,91
left_turning,22916,22871,22916,45
grooming,22990,22916,22990,74
pausing,23206,22990,23206,216
sniffing,23395,23206,23395,189
hunching,23403,23395,23403,8
sniffing,23454,23403,23454,51
rising,23502,23454,23502,48
grooming,23503,23502,23503,1
right_turning,23522,23503,23522,19
climbing,23532,23522,23532,10
sniffing,23533,23532,23533,1
climbing,23569,23533,23569,36
walking,23640,23569,23640,71
sniffing,23666,23640,23666,26
rising,23734,23666,23734,68
sniffing,23814,23734,23814,80
rising,23870,23814,23870,56
stepping,23871,23870,23871,1
rising,23872,23871,23872,1
climbing,23873,23872,23873,1
trotting,23915,23873,23915,42
rising,23949,23915,23949,34
sniffing,24062,23949,24062,113
right_turning,24066,24062,24066,4
trotting,24114,24066,24114,48
walking,24135,24114,24135,21
rising,24144,24135,24144,9
climbing,24235,24144,24235,91
rising,24244,24235,24244,9
walking,24245,24244,24245,1
rising,24272,24245,24272,27
climbing,24323,24272,24323,51
sniffing,24530,24323,24530,207
walking,24601,24530,24601,71
sniffing,24665,24601,24665,64
walking,24753,24665,24753,88
sniffing,24816,24753,24816,63
rising,24880,24816,24880,64
climbing,24973,24880,24973,93
sniffing,24974,24973,24974,1
left_turning,24979,24974,24979,5
rising,25080,24979,25080,101
climbing,25140,25080,25140,60
sniffing,25155,25140,25155,15
walking,25192,25155,25192,37
climbing,25203,25192,25203,11
sniffing,25219,25203,25219,16
stepping,25256,25219,25256,37
trotting,25321,25256,25321,65
left_turning,25344,25321,25344,23
sniffing,25357,25344,25357,13
left_turning,25417,25357,25417,60
running,25467,25417,25467,50
left_turning,25636,25467,25636,169
walking,25723,25636,25723,87
trotting,25754,25723,25754,31
sniffing,25872,25754,25872,118
rearing,25894,25872,25894,22
sniffing,26101,25894,26101,207
stepping,26153,26101,26153,52
walking,26180,26153,26180,27
rising,26221,26180,26221,41
sniffing,26343,26221,26343,122
rising,26367,26343,26367,24
walking,26383,26367,26383,16
left_turning,26489,26383,26489,106
sniffing,26490,26489,26490,1
stepping,26540,26490,26540,50
rising,26582,26540,26582,42
sniffing,26624,26582,26624,42
rising,26629,26624,26629,5
sniffing,26630,26629,26630,1
rising,26708,26630,26708,78
sniffing,26806,26708,26806,98
climbing,26847,26806,26847,41
stepping,26848,26847,26848,1
sniffing,26985,26848,26985,137
walking,27090,26985,27090,105
rising,27136,27090,27136,46
jumping,27182,27136,27182,46
rising,27208,27182,27208,26
trotting,27209,27208,27209,1
sniffing,27424,27209,27424,215
trotting,27451,27424,27451,27
walking,27469,27451,27469,18
climbing,27517,27469,27517,48
running,27543,27517,27543,26
sniffing,27621,27543,27621,78
walking,27624,27621,27624,3
left_turning,27625,27624,27625,1
trotting,27626,27625,27626,1
hunching,27627,27626,27627,1
rising,27628,27627,27628,1
trotting,27674,27628,27674,46
walking,27732,27674,27732,58
sniffing,27733,27732,27733,1
left_turning,27765,27733,27765,32
sniffing,27815,27765,27815,50
left_turning,27816,27815,27816,1
sniffing,27817,27816,27817,1
left_turning,27868,27817,27868,51
sniffing,27983,27868,27983,115
left_turning,27984,27983,27984,1
sniffing,28007,27984,28007,23
rising,28017,28007,28017,10
right_turning,28042,28017,28042,25
stepping,28068,28042,28068,26
right_turning,28086,28068,28086,18
walking,28144,28086,28144,58
sniffing,28254,28144,28254,110
grooming,28255,28254,28255,1
rearing,28307,28255,28307,52
sniffing,28450,28307,28450,143
left_turning,28571,28450,28571,121
rearing,28606,28571,28606,35
walking,28644,28606,28644,38
left_turning,28660,28644,28660,16
climbing,28716,28660,28716,56
sniffing,28747,28716,28747,31
rising,28830,28747,28830,83
climbing,28870,28830,28870,40
walking,28902,28870,28902,32
sniffing,28903,28902,28903,1
left_turning,28931,28903,28931,28
sniffing,28949,28931,28949,18
right_turning,28961,28949,28961,12
walking,29010,28961,29010,49
sniffing,29052,29010,29052,42
left_turning,29108,29052,29108,56
walking,29168,29108,29168,60
trotting,29217,29168,29217,49
sniffing,29375,29217,29375,158
walking,29377,29375,29377,2
stepping,29435,29377,29435,58
sniffing,29436,29435,29436,1
climbing,29615,29436,29615,179
rising,29662,29615,29662,47
sniffing,29723,29662,29723,61
left_turning,29724,29723,29724,1
rising,29731,29724,29731,7
rearing,29797,29731,29797,66
walking,29884,29797,29884,87
stepping,29945,29884,29945,61
rising,29985,29945,29985,40
left_turning,30047,29985,30047,62
trotting,30080,30047,30080,33
walking,30243,30080,30243,163
trotting,30277,30243,30277,34
left_turning,30295,30277,30295,18
sniffing,30392,30295,30392,97
trotting,30431,30392,30431,39
left_turning,30474,30431,30474,43
trotting,30506,30474,30506,32
rising,30535,30506,30535,29
climbing,30554,30535,30554,19
left_turning,30585,30554,30585,31
rising,30673,30585,30673,88
climbing,30756,30673,30756,83
rising,30822,30756,30822,66
climbing,30883,30822,30883,61
stepping,30925,30883,30925,42
rearing,30926,30925,30926,1
hunching,30927,30926,30927,1
climbing,30928,30927,30928,1
sniffing,31015,30928,31015,87
climbing,31060,31015,31060,45
sniffing,31116,31060,31116,56
rising,31121,31116,31121,5
trotting,31153,31121,31153,32
walking,31162,31153,31162,9
trotting,31203,31162,31203,41
sniffing,31204,31203,31204,1
left_turning,31205,31204,31205,1
walking,31263,31205,31263,58
sniffing,31364,31263,31364,101
rising,31376,31364,31376,12
climbing,31433,31376,31433,57
walking,31452,31433,31452,19
left_turning,31484,31452,31484,32
running,31509,31484,31509,25
trotting,31521,31509,31521,12
sniffing,31604,31521,31604,83
hunching,31637,31604,31637,33
climbing,31669,31637,31669,32
rearing,31670,31669,31670,1
right_turning,31695,31670,31695,25
walking,31696,31695,31696,1
left_turning,31746,31696,31746,50
sniffing,31758,31746,31758,12
trotting,31830,31758,31830,72
sniffing,31870,31830,31870,40
walking,31908,31870,31908,38
sniffing,32038,31908,32038,130
climbing,32115,32038,32115,77
walking,32170,32115,32170,55
left_turning,32204,32170,32204,34
trotting,32215,32204,32215,11
walking,32255,32215,32255,40
left_turning,32295,32255,32295,40
sniffing,32324,32295,32324,29
left_turning,32360,32324,32360,36
walking,32447,32360,32447,87
left_turning,32463,32447,32463,16
walking,32494,32463,32494,31
sniffing,32504,32494,32504,10
rising,32505,32504,32505,1
hunching,32536,32505,32536,31
right_turning,32542,32536,32542,6
walking,32566,32542,32566,24
left_turning,32653,32566,32653,87
sniffing,32697,32653,32697,44
walking,32760,32697,32760,63
sniffing,32801,32760,32801,41
left_turning,32825,32801,32825,24
stepping,32882,32825,32882,57
sniffing,33049,32882,33049,167
pausing,33193,33049,33193,144
sniffing,33382,33193,33382,189
rising,33383,33382,33383,1
walking,33421,33383,33421,38
sniffing,33483,33421,33483,62
walking,33523,33483,33523,40
left_turning,33557,33523,33557,34
rising,33581,33557,33581,24
sniffing,33582,33581,33582,1
pausing,33767,33582,33767,185
sniffing,33836,33767,33836,69
walking,33904,33836,33904,68
sniffing,34035,33904,34035,131
rising,34075,34035,34075,40
climbing,34115,34075,34115,40
rising,34136,34115,34136,21
climbing,34221,34136,34221,85
right_turning,34244,34221,34244,23
left_turning,34323,34244,34323,79
sniffing,34443,34323,34443,120
left_turning,34481,34443,34481,38
rising,34520,34481,34520,39
left_turning,34572,34520,34572,52
sniffing,34613,34572,34613,41
rising,34644,34613,34644,31
rearing,34710,34644,34710,66
sniffing,34808,34710,34808,98
right_turning,34814,34808,34814,6
walking,34815,34814,34815,1
sniffing,34933,34815,34933,118
stepping,34994,34933,34994,61
rising,35070,34994,35070,76
sniffing,35175,35070,35175,105
rising,35186,35175,35186,11
hunching,35187,35186,35187,1
sniffing,35188,35187,35188,1
hunching,35247,35188,35247,59
sniffing,35248,35247,35248,1
rising,35249,35248,35249,1
sniffing,35330,35249,35330,81
rising,35377,35330,35377,47
left_turning,35378,35377,35378,1
climbing,35423,35378,35423,45
rising,35474,35423,35474,51
walking,35475,35474,35475,1
sniffing,35519,35475,35519,44
rising,35523,35519,35523,4
sniffing,35562,35523,35562,39
walking,35583,35562,35583,21
right_turning,35595,35583,35595,12
walking,35633,35595,35633,38
rising,35652,35633,35652,19
rearing,35653,35652,35653,1
walking,35682,35653,35682,29
sniffing,35710,35682,35710,28
rearing,35711,35710,35711,1
climbing,35748,35711,35748,37
rising,35749,35748,35749,1
climbing,35867,35749,35867,118
walking,35868,35867,35868,1
climbing,35970,35868,35970,102
right_turning,35971,35970,35971,1
walking,36021,35971,36021,50
sniffing,36022,36021,36022,1
climbing,36145,36022,36145,123
left_turning,36186,36145,36186,41
walking,36205,36186,36205,19
climbing,36267,36205,36267,62
walking,36285,36267,36285,18
stepping,36304,36285,36304,19
walking,36344,36304,36344,40
sniffing,36425,36344,36425,81
left_turning,36431,36425,36431,6
walking,36457,36431,36457,26
left_turning,36498,36457,36498,41
walking,36526,36498,36526,28
right_turning,36527,36526,36527,1
walking,36576,36527,36576,49
left_turning,36642,36576,36642,66
sniffing,36653,36642,36653,11
walking,36669,36653,36669,16
rising,36712,36669,36712,43
rearing,36713,36712,36713,1
climbing,36784,36713,36784,71
stepping,36785,36784,36785,1
climbing,36913,36785,36913,128
walking,36959,36913,36959,46
trotting,36989,36959,36989,30
walking,37012,36989,37012,23
left_turning,37031,37012,37031,19
sniffing,37032,37031,37032,1
walking,37109,37032,37109,77
sniffing,37130,37109,37130,21
climbing,37197,37130,37197,67
sniffing,37286,37197,37286,89
climbing,37287,37286,37287,1
rising,37338,37287,37338,51
sniffing,37443,37338,37443,105
rising,37444,37443,37444,1
stepping,37493,37444,37493,49
rising,37506,37493,37506,13
climbing,37507,37506,37507,1
walking,37508,37507,37508,1
rising,37509,37508,37509,1
climbing,37510,37509,37510,1
walking,37531,37510,37531,21
stepping,37571,37531,37571,40
sniffing,37649,37571,37649,78
pausing,37967,37649,37967,318
sniffing,38028,37967,38028,61
walking,38106,38028,38106,78
sniffing,38203,38106,38203,97
climbing,38204,38203,38204,1
walking,38272,38204,38272,68
left_turning,38273,38272,38273,1
walking,38291,38273,38291,18
trotting,38326,38291,38326,35
rising,38395,38326,38395,69
walking,38415,38395,38415,20
climbing,38485,38415,38485,70
walking,38522,38485,38522,37
left_turning,38523,38522,38523,1
walking,38524,38523,38524,1
climbing,38598,38524,38598,74
rearing,38757,38598,38757,159
climbing,38877,38757,38877,120
walking,38901,38877,38901,24
rising,38955,38901,38955,54
climbing,38990,38955,38990,35
walking,39043,38990,39043,53
sniffing,39044,39043,39044,1
right_turning,39088,39044,39088,44
hunching,39137,39088,39137,49
grooming,39253,39137,39253,116
rising,39314,39253,39314,61
climbing,39315,39314,39315,1
walking,39368,39315,39368,53
sniffing,39369,39368,39369,1
rearing,39409,39369,39409,40
grooming,39509,39409,39509,100
rearing,39590,39509,39590,81
rising,39632,39590,39632,42
rearing,39633,39632,39633,1
sniffing,39634,39633,39634,1
rearing,39668,39634,39668,34
walking,39724,39668,39724,56
left_turning,39754,39724,39754,30
climbing,39758,39754,39758,4
walking,39765,39758,39765,7
rising,39788,39765,39788,23
sniffing,39955,39788,39955,167
hunching,39976,39955,39976,21
sniffing,40068,39976,40068,92
grooming,40299,40068,40299,231
sniffing,40362,40299,40362,63
stepping,40413,40362,40413,51
rising,40437,40413,40437,24
climbing,40507,40437,40507,70
right_turning,40522,40507,40522,15
sniffing,40570,40522,40570,48
walking,40634,40570,40634,64
stepping,40655,40634,40655,21
sniffing,40685,40655,40685,30
left_turning,40717,40685,40717,32
sniffing,40790,40717,40790,73
climbing,40834,40790,40834,44
trotting,40863,40834,40863,29
right_turning,40890,40863,40890,27
walking,40969,40890,40969,79
sniffing,41023,40969,41023,54
rising,41036,41023,41036,13
climbing,41061,41036,41061,25
right_turning,41084,41061,41084,23
sniffing,41174,41084,41174,90
rising,41204,41174,41204,30
rearing,41280,41204,41280,76
rising,41299,41280,41299,19
rearing,41348,41299,41348,49
climbing,41349,41348,41349,1
sniffing,41454,41349,41454,105
right_turning,41480,41454,41480,26
left_turning,41510,41480,41510,30
rising,41559,41510,41559,49
climbing,41614,41559,41614,55
walking,41667,41614,41667,53
sniffing,41674,41667,41674,7
left_turning,41702,41674,41702,28
sniffing,41890,41702,41890,188
rising,41980,41890,41980,90
sniffing,42092,41980,42092,112
walking,42151,42092,42151,59
left_turning,42162,42151,42162,11
walking,42193,42162,42193,31
sniffing,42194,42193,42194,1
climbing,42276,42194,42276,82
walking,42323,42276,42323,47
left_turning,42422,42323,42422,99
sniffing,42451,42422,42451,29
stepping,42452,42451,42452,1
sniffing,42575,42452,42575,123
left_turning,42611,42575,42611,36
climbing,42633,42611,42633,22
running,42639,42633,42639,6
sniffing,42640,42639,42640,1
climbing,42712,42640,42712,72
running,42743,42712,42743,31
sniffing,42878,42743,42878,135
walking,42903,42878,42903,25
stepping,42951,42903,42951,48
sniffing,42952,42951,42952,1
hunching,43045,42952,43045,93
sniffing,43057,43045,43057,12
walking,43106,43057,43106,49
climbing,43107,43106,43107,1
trotting,43148,43107,43148,41
rising,43179,43148,43179,31
sniffing,43268,43179,43268,89
rearing,43355,43268,43355,87
grooming,43356,43355,43356,1
climbing,43388,43356,43388,32
sniffing,43540,43388,43540,152
running,43552,43540,43552,12
sniffing,43558,43552,43558,6
rising,43622,43558,43622,64
rearing,43731,43622,43731,109
climbing,43795,43731,43795,64
rearing,43804,43795,43804,9
climbing,43854,43804,43854,50
rising,43914,43854,43914,60
climbing,43994,43914,43994,80
running,44003,43994,44003,9
walking,44037,44003,44037,34
rising,44038,44037,44038,1
walking,44040,44038,44040,2
climbing,44185,44040,44185,145
walking,44254,44185,44254,69
sniffing,44255,44254,44255,1
rising,44256,44255,44256,1
sniffing,44261,44256,44261,5
rising,44269,44261,44269,8
sniffing,44342,44269,44342,73
walking,44498,44342,44498,156
climbing,44625,44498,44625,127
right_turning,44659,44625,44659,34
running,44660,44659,44660,1
stepping,44713,44660,44713,53
running,44743,44713,44743,30
stepping,44796,44743,44796,53
trotting,44821,44796,44821,25
walking,44916,44821,44916,95
trotting,44950,44916,44950,34
walking,44994,44950,44994,44
rising,44995,44994,44995,1
sniffing,45134,44995,45134,139
left_turning,45156,45134,45156,22
walking,45227,45156,45227,71
rising,45295,45227,45295,68
left_turning,45305,45295,45305,10
walking,45339,45305,45339,34
sniffing,45400,45339,45400,61
walking,45401,45400,45401,1
sniffing,45487,45401,45487,86
left_turning,45546,45487,45546,59
right_turning,45592,45546,45592,46
walking,45627,45592,45627,35
rising,45628,45627,45628,1
sniffing,45689,45628,45689,61
climbing,45765,45689,45765,76
left_turning,45766,45765,45766,1
sniffing,45882,45766,45882,116
walking,45935,45882,45935,53
hunching,45939,45935,45939,4
climbing,46047,45939,46047,108
walking,46077,46047,46077,30
sniffing,46205,46077,46205,128
trotting,46210,46205,46210,5
sniffing,46256,46210,46256,46
left_turning,46257,46256,46257,1
walking,46308,46257,46308,51
left_turning,46370,46308,46370,62
stepping,46382,46370,46382,12
climbing,46401,46382,46401,19
left_turning,46438,46401,46438,37
right_turning,46439,46438,46439,1
left_turning,46494,46439,46494,55
climbing,46506,46494,46506,12
rearing,46553,46506,46553,47
hunching,46572,46553,46572,19
sniffing,46681,46572,46681,109
climbing,46812,46681,46812,131
sniffing,46863,46812,46863,51
walking,46913,46863,46913,50
left_turning,46962,46913,46962,49
sniffing,47058,46962,47058,96
trotting,47093,47058,47093,35
walking,47197,47093,47197,104
sniffing,47198,47197,47198,1
rising,47203,47198,47203,5
walking,47268,47203,47268,65
rising,47291,47268,47291,23
climbing,47354,47291,47354,63
rising,47432,47354,47432,78
hunching,47541,47432,47541,109
climbing,47573,47541,47573,32
sniffing,47574,47573,47574,1
walking,47638,47574,47638,64
rearing,47639,47638,47639,1
walking,47698,47639,47698,59
sniffing,47699,47698,47699,1
left_turning,47733,47699,47733,34
stepping,47765,47733,47765,32
sniffing,47867,47765,47867,102
rearing,47913,47867,47913,46
grooming,48320,47913,48320,407
rising,48339,48320,48339,19
rearing,48342,48339,48342,3
sniffing,48350,48342,48350,8
stepping,48351,48350,48351,1
sniffing,48409,48351,48409,58
climbing,48540,48409,48540,131
right_turning,48542,48540,48542,2
stepping,48599,48542,48599,57
walking,48616,48599,48616,17
sniffing,48623,48616,48623,7
rising,48677,48623,48677,54
rearing,48678,48677,48678,1
hunching,48680,48678,48680,2
sniffing,48687,48680,48687,7
climbing,48755,48687,48755,68
walking,48814,48755,48814,59
sniffing,48827,48814,48827,13
rising,48907,48827,48907,80
jumping,48908,48907,48908,1
rising,48938,48908,48938,30
climbing,49002,48938,49002,64
rising,49051,49002,49051,49
climbing,49209,49051,49209,158
grooming,49457,49209,49457,248
rearing,49528,49457,49528,71
grooming,49792,49528,49792,264
rearing,49793,49792,49793,1
grooming,49850,49793,49850,57
climbing,49916,49850,49916,66
sniffing,49917,49916,49917,1
stepping,49966,49917,49966,49
rising,49985,49966,49985,19
grooming,49986,49985,49986,1
left_turning,50023,49986,50023,37
sniffing,50142,50023,50142,119
rising,50143,50142,50143,1
climbing,50179,50143,50179,36
rising,50230,50179,50230,51
sniffing,50245,50230,50245,15
right_turning,50291,50245,50291,46
walking,50331,50291,50331,40
rising,50348,50331,50348,17
climbing,50388,50348,50388,40
rising,50395,50388,50395,7
climbing,50475,50395,50475,80
walking,50522,50475,50522,47
left_turning,50533,50522,50533,11
walking,50536,50533,50536,3
rising,50537,50536,50537,1
climbing,50683,50537,50683,146
running,50684,50683,50684,1
sniffing,50692,50684,50692,8
left_turning,50697,50692,50697,5
sniffing,50739,50697,50739,42
walking,50791,50739,50791,52
sniffing,50813,50791,50813,22
left_turning,50866,50813,50866,53
sniffing,50943,50866,50943,77
climbing,50995,50943,50995,52
rising,51024,50995,51024,29
sniffing,51038,51024,51038,14
walking,51159,51038,51159,121
rising,51164,51159,51164,5
sniffing,51185,51164,51185,21
climbing,51260,51185,51260,75
running,51281,51260,51281,21
rearing,51353,51281,51353,72
rising,51442,51353,51442,89
climbing,51594,51442,51594,152
rising,51614,51594,51614,20
sniffing,51615,51614,51615,1
rising,51684,51615,51684,69
walking,51685,51684,51685,1
trotting,51706,51685,51706,21
sniffing,51707,51706,51707,1
left_turning,51744,51707,51744,37
sniffing,51803,51744,51803,59
left_turning,51879,51803,51879,76
walking,51896,51879,51896,17
trotting,51900,51896,51900,4
climbing,52030,51900,52030,130
grooming,52375,52030,52375,345
sniffing,52405,52375,52405,30
stepping,52452,52405,52452,47
climbing,52516,52452,52516,64
hunching,52517,52516,52517,1
sniffing,52518,52517,52518,1
walking,52578,52518,52578,60
sniffing,52639,52578,52639,61
rising,52691,52639,52691,52
walking,52805,52691,52805,114
left_turning,52825,52805,52825,20
rising,52861,52825,52861,36
walking,52924,52861,52924,63
running,52966,52924,52966,42
sniffing,53086,52966,53086,120
climbing,53140,53086,53140,54
sniffing,53386,53140,53386,246
walking,53387,53386,53387,1
sniffing,53433,53387,53433,46
walking,53449,53433,53449,16
sniffing,53495,53449,53495,46
stepping,53555,53495,53555,60
rising,53611,53555,53611,56
sniffing,53714,53611,53714,103
grooming,53878,53714,53878,164
rearing,53928,53878,53928,50
climbing,54020,53928,54020,92
trotting,54051,54020,54051,31
walking,54082,54051,54082,31
sniffing,54107,54082,54107,25
walking,54141,54107,54141,34
sniffing,54246,54141,54246,105
climbing,54247,54246,54247,1
sniffing,54463,54247,54463,216
rising,54534,54463,54534,71
climbing,54535,54534,54535,1
running,54563,54535,54563,28
stepping,54654,54563,54654,91
sniffing,54709,54654,54709,55
hunching,54745,54709,54745,36
right_turning,54771,54745,54771,26
walking,54804,54771,54804,33
rising,54845,54804,54845,41
climbing,54846,54845,54846,1
hunching,54898,54846,54898,52
sniffing,54998,54898,54998,100
right_turning,55017,54998,55017,19
running,55035,55017,55035,18
rising,55056,55035,55056,21
sniffing,55058,55056,55058,2
climbing,55077,55058,55077,19
trotting,55145,55077,55145,68
stepping,55172,55145,55172,27
sniffing,55188,55172,55188,16
climbing,55328,55188,55328,140
hunching,55368,55328,55368,40
rearing,55442,55368,55442,74
rising,55472,55442,55472,30
sniffing,55484,55472,55484,12
rising,55508,55484,55508,24
climbing,55619,55508,55619,111
right_turning,55648,55619,55648,29
hunching,55670,55648,55670,22
right_turning,55699,55670,55699,29
climbing,55732,55699,55732,33
rising,55749,55732,55749,17
climbing,55757,55749,55757,8
walking,55796,55757,55796,39
climbing,55837,55796,55837,41
rearing,55886,55837,55886,49
grooming,55887,55886,55887,1
rearing,55980,55887,55980,93
walking,56004,55980,56004,24
rising,56054,56004,56054,50
sniffing,56203,56054,56203,149
rearing,56204,56203,56204,1
right_turning,56233,56204,56233,29
left_turning,56264,56233,56264,31
walking,56313,56264,56313,49
sniffing,56314,56313,56314,1
right_turning,56380,56314,56380,66
running,56407,56380,56407,27
stepping,56453,56407,56453,46
walking,56485,56453,56485,32
rearing,56511,56485,56511,26
hunching,56589,56511,56589,78
climbing,56760,56589,56760,171
right_turning,56812,56760,56812,52
trotting,56838,56812,56838,26
sniffing,56839,56838,56839,1
pausing,57012,56839,57012,173
sniffing,57053,57012,57053,41
rising,57058,57053,57058,5
grooming,57462,57058,57462,404
sniffing,57463,57462,57463,1
climbing,57494,57463,57494,31
trotting,57509,57494,57509,15
walking,57519,57509,57519,10
rising,57540,57519,57540,21
climbing,57590,57540,57590,50
rearing,57704,57590,57704,114
rising,57780,57704,57780,76
sniffing,57858,57780,57858,78
grooming,57963,57858,57963,105
climbing,58042,57963,58042,79
sniffing,58053,58042,58053,11
stepping,58080,58053,58080,27
sniffing,58263,58080,58263,183
rising,58294,58263,58294,31
climbing,58328,58294,58328,34
sniffing,58329,58328,58329,1
climbing,58363,58329,58363,34
sniffing,58452,58363,58452,89
climbing,58560,58452,58560,108
hunching,58561,58560,58561,1
climbing,58600,58561,58600,39
left_turning,58733,58600,58733,133
trotting,58755,58733,58755,22
walking,58756,58755,58756,1
stepping,58810,58756,58810,54
sniffing,58811,58810,58811,1
trotting,58866,58811,58866,55
sniffing,59089,58866,59089,223
walking,59110,59089,59110,21
sniffing,59211,59110,59211,101
walking,59266,59211,59266,55
sniffing,59285,59266,59285,19
rising,59289,59285,59289,4
trotting,59325,59289,59325,36
walking,59345,59325,59345,20
rising,59346,59345,59346,1
climbing,59347,59346,59347,1
sniffing,59348,59347,59348,1
right_turning,59377,59348,59377,29
walking,59432,59377,59432,55
rising,59433,59432,59433,1
climbing,59499,59433,59499,66
right_turning,59508,59499,59508,9
trotting,59525,59508,59525,17
rising,59558,59525,59558,33
climbing,59559,59558,59559,1
grooming,59654,59559,59654,95
hunching,59719,59654,59719,65
climbing,59737,59719,59737,18
rising,59771,59737,59771,34
climbing,59805,59771,59805,34
sniffing,59916,59805,59916,111
left_turning,59923,59916,59923,7
walking,59963,59923,59963,40
sniffing,59986,59963,59986,23
rising,59988,59986,59988,2
climbing,60060,59988,60060,72
rising,60097,60060,60097,37
rearing,60098,60097,60098,1
sniffing,60233,60098,60233,135
rearing,60306,60233,60306,73
grooming,60307,60306,60307,1
left_turning,60326,60307,60326,19
sniffing,60374,60326,60374,48
rising,60412,60374,60412,38
climbing,60469,60412,60469,57
walking,60493,60469,60493,24
sniffing,60529,60493,60529,36
climbing,60623,60529,60623,94
rising,60663,60623,60663,40
climbing,60666,60663,60666,3
walking,60667,60666,60667,1
sniffing,60810,60667,60810,143
rising,60816,60810,60816,6
sniffing,60872,60816,60872,56
climbing,60873,60872,60873,1
sniffing,60879,60873,60879,6
running,60880,60879,60880,1
stepping,60929,60880,60929,49
walking,60930,60929,60930,1
rearing,60931,60930,60931,1
rising,61178,60931,61178,247
climbing,61219,61178,61219,41
sniffing,61300,61219,61300,81
rising,61347,61300,61347,47
hunching,61348,61347,61348,1
climbing,61358,61348,61358,10
rearing,61365,61358,61365,7
hunching,61441,61365,61441,76
rearing,61442,61441,61442,1
rising,61449,61442,61449,7
stepping,61524,61449,61524,75
trotting,61540,61524,61540,16
walking,61541,61540,61541,1
sniffing,61553,61541,61553,12
grooming,61554,61553,61554,1
sniffing,61692,61554,61692,138
rising,61723,61692,61723,31
sniffing,61732,61723,61732,9
walking,61807,61732,61807,75
sniffing,61890,61807,61890,83
stepping,61898,61890,61898,8
rising,61943,61898,61943,45
climbing,61998,61943,61998,55
trotting,62061,61998,62061,63
sniffing,62149,62061,62149,88
trotting,62194,62149,62194,45
climbing,62339,62194,62339,145
left_turning,62377,62339,62377,38
walking,62440,62377,62440,63
rising,62441,62440,62441,1
rearing,62451,62441,62451,10
climbing,62467,62451,62467,16
walking,62548,62467,62548,81
climbing,62588,62548,62588,40
rising,62623,62588,62623,35
climbing,62641,62623,62641,18
rearing,62642,62641,62642,1
sniffing,62727,62642,62727,85
left_turning,62728,62727,62728,1
sniffing,62757,62728,62757,29
climbing,62813,62757,62813,56
trotting,62852,62813,62852,39
walking,62912,62852,62912,60
sniffing,62945,62912,62945,33
left_turning,62998,62945,62998,53
sniffing,63088,62998,63088,90
rising,63175,63088,63175,87
walking,63241,63175,63241,66
sniffing,63418,63241,63418,177
rearing,63419,63418,63419,1
running,63437,63419,63437,18
walking,63454,63437,63454,17
climbing,63504,63454,63504,50
walking,63521,63504,63521,17
sniffing,63522,63521,63522,1
rising,63523,63522,63523,1
trotting,63533,63523,63533,10
sniffing,63551,63533,63551,18
right_turning,63592,63551,63592,41
running,63620,63592,63620,28
right_turning,63655,63620,63655,35
walking,63675,63655,63675,20
left_turning,63719,63675,63719,44
grooming,63831,63719,63831,112
sniffing,63972,63831,63972,141
walking,63973,63972,63973,1
rising,63974,63973,63974,1
sniffing,63981,63974,63981,7
rising,64062,63981,64062,81
climbing,64245,64062,64245,183
grooming,64246,64245,64246,1
sniffing,64247,64246,64247,1
walking,64272,64247,64272,25
hunching,64339,64272,64339,67
grooming,64524,64339,64524,185
left_turning,64571,64524,64571,47
rising,64637,64571,64637,66
sniffing,64697,64637,64697,60
left_turning,64714,64697,64714,17
rising,64715,64714,64715,1
sniffing,64752,64715,64752,37
walking,64767,64752,64767,15
sniffing,64854,64767,64854,87
hunching,64855,64854,64855,1
sniffing,65052,64855,65052,197
climbing,65132,65052,65132,80
sniffing,65228,65132,65228,96
left_turning,65236,65228,65236,8
sniffing,65292,65236,65292,56
left_turning,65303,65292,65303,11
rearing,65304,65303,65304,1
climbing,65327,65304,65327,23
rearing,65328,65327,65328,1
sniffing,65382,65328,65382,54
rising,65383,65382,65383,1
climbing,65384,65383,65384,1
rearing,65407,65384,65407,23
sniffing,65725,65407,65725,318
rising,65738,65725,65738,13
climbing,65764,65738,65764,26
rising,65792,65764,65792,28
climbing,65793,65792,65793,1
right_turning,65794,65793,65794,1
trotting,65832,65794,65832,38
walking,65848,65832,65848,16
sniffing,65952,65848,65952,104
rising,65963,65952,65963,11
sniffing,65994,65963,65994,31
rising,66008,65994,66008,14
climbing,66115,66008,66115,107
sniffing,66331,66115,66331,216
stepping,66361,66331,66361,30
sniffing,66386,66361,66386,25
left_turning,66404,66386,66404,18
sniffing,66405,66404,66405,1
grooming,66458,66405,66458,53
rearing,66524,66458,66524,66
hunching,66550,66524,66550,26
rising,66568,66550,66568,18
climbing,66625,66568,66625,57
walking,66626,66625,66626,1
sniffing,66662,66626,66662,36
walking,66725,66662,66725,63
sniffing,66764,66725,66764,39
climbing,66817,66764,66817,53
rearing,66818,66817,66818,1
sniffing,66855,66818,66855,37
walking,66889,66855,66889,34
sniffing,66946,66889,66946,57
rising,66959,66946,66959,13
hunching,66960,66959,66960,1
sniffing,66976,66960,66976,16
left_turning,66988,66976,66988,12
rising,66989,66988,66989,1
grooming,66990,66989,66990,1
sniffing,66998,66990,66998,8
grooming,67068,66998,67068,70
climbing,67069,67068,67069,1
right_turning,67077,67069,67077,8
trotting,67118,67077,67118,41
walking,67160,67118,67160,42
sniffing,67211,67160,67211,51
hunching,67315,67211,67315,104
rearing,67364,67315,67364,49
sniffing,67387,67364,67387,23
pausing,67906,67387,67906,519
sniffing,67909,67906,67909,3
walking,67965,67909,67965,56
sniffing,67966,67965,67966,1
rearing,67980,67966,67980,14
sniffing,67981,67980,67981,1
rearing,67982,67981,67982,1
hunching,68040,67982,68040,58
climbing,68157,68040,68157,117
walking,68192,68157,68192,35
sniffing,68193,68192,68193,1
rising,68228,68193,68228,35
sniffing,68321,68228,68321,93
rising,68322,68321,68322,1
sniffing,68355,68322,68355,33
trotting,68430,68355,68430,75
sniffing,68481,68430,68481,51
rearing,68859,68481,68859,378
sniffing,68880,68859,68880,21
rising,68887,68880,68887,7
walking,68928,68887,68928,41
trotting,68970,68928,68970,42
walking,69003,68970,69003,33
right_turning,69022,69003,69022,19
stepping,69081,69022,69081,59
walking,69130,69081,69130,49
sniffing,69132,69130,69132,2
rearing,69180,69132,69180,48
climbing,69209,69180,69209,29
sniffing,69284,69209,69284,75
left_turning,69312,69284,69312,28
stepping,69353,69312,69353,41
climbing,69503,69353,69503,150
right_turning,69527,69503,69527,24
trotting,69556,69527,69556,29
walking,69583,69556,69583,27
rising,69600,69583,69600,17
trotting,69646,69600,69646,46
sniffing,69652,69646,69652,6
left_turning,69696,69652,69696,44
walking,69739,69696,69739,43
sniffing,69824,69739,69824,85
rising,69825,69824,69825,1
climbing,69907,69825,69907,82
rising,69908,69907,69908,1
sniffing,69987,69908,69987,79
walking,70024,69987,70024,37
rearing,70058,70024,70058,34
right_turning,70059,70058,70059,1
rising,70096,70059,70096,37
climbing,70121,70096,70121,25
sniffing,70222,70121,70222,101
walking,70266,70222,70266,44
rearing,70346,70266,70346,80
walking,70354,70346,70354,8
sniffing,70490,70354,70490,136
left_turning,70533,70490,70533,43
trotting,70553,70533,70553,20
sniffing,70595,70553,70595,42
rising,70613,70595,70613,18
climbing,70727,70613,70727,114
sniffing,70822,70727,70822,95
walking,70844,70822,70844,22
sniffing,70985,70844,70985,141
left_turning,70986,70985,70986,1
sniffing,70993,70986,70993,7
walking,71017,70993,71017,24
sniffing,71123,71017,71123,106
hunching,71153,71123,71153,30
sniffing,71174,71153,71174,21
pausing,71175,71174,71175,1
sniffing,71396,71175,71396,221
rising,71520,71396,71520,124
sniffing,71557,71520,71557,37
walking,71611,71557,71611,54
rising,71645,71611,71645,34
sniffing,71820,71645,71820,175
left_turning,71834,71820,71834,14
sniffing,71877,71834,71877,43
stepping,71897,71877,71897,20
jumping,72007,71897,72007,110
walking,72093,72007,72093,86
stepping,72120,72093,72120,27
hunching,72221,72120,72221,101
sniffing,72336,72221,72336,115
climbing,72337,72336,72337,1
right_turning,72401,72337,72401,64
walking,72427,72401,72427,26
sniffing,72428,72427,72428,1
walking,72536,72428,72536,108
sniffing,72631,72536,72631,95
climbing,72648,72631,72648,17
walking,72681,72648,72681,33
rising,72712,72681,72712,31
sniffing,72765,72712,72765,53
right_turning,72781,72765,72781,16
trotting,72841,72781,72841,60
walking,72910,72841,72910,69
right_turning,72911,72910,72911,1
walking,72936,72911,72936,25
left_turning,73010,72936,73010,74
sniffing,73052,73010,73052,42
rising,73093,73052,73093,41
rearing,73121,73093,73121,28
rising,73143,73121,73143,22
sniffing,73320,73143,73320,177
left_turning,73360,73320,73360,40
sniffing,73526,73360,73526,166
rearing,73621,73526,73621,95
climbing,73651,73621,73651,30
grooming,73652,73651,73652,1
rearing,73747,73652,73747,95
rising,73752,73747,73752,5
climbing,73766,73752,73766,14
walking,73767,73766,73767,1
rising,73768,73767,73768,1
walking,73783,73768,73783,15
sniffing,73911,73783,73911,128
rising,73992,73911,73992,81
climbing,74075,73992,74075,83
hunching,74076,74075,74076,1
grooming,74190,74076,74190,114
sniffing,74327,74190,74327,137
rearing,74328,74327,74328,1
climbing,74404,74328,74404,76
rising,74420,74404,74420,16
sniffing,74650,74420,74650,230
rising,74699,74650,74699,49
walking,74757,74699,74757,58
rising,74759,74757,74759,2
climbing,74760,74759,74760,1
sniffing,74762,74760,74762,2
trotting,74763,74762,74763,1
sniffing,74874,74763,74874,111
rising,74881,74874,74881,7
sniffing,74923,74881,74923,42
rising,74924,74923,74924,1
climbing,74978,74924,74978,54
rising,74999,74978,74999,21
running,75000,74999,75000,1
walking,75065,75000,75065,65
sniffing,75072,75065,75072,7
walking,75073,75072,75073,1
sniffing,75119,75073,75119,46
trotting,75161,75119,75161,42
walking,75193,75161,75193,32
trotting,75237,75193,75237,44
left_turning,75277,75237,75277,40
sniffing,75307,75277,75307,30
running,75343,75307,75343,36
trotting,75372,75343,75372,29
rising,75447,75372,75447,75
sniffing,75551,75447,75551,104
right_turning,75600,75551,75600,49
walking,75634,75600,75634,34
sniffing,75706,75634,75706,72
walking,75744,75706,75744,38
sniffing,75782,75744,75782,38
left_turning,75809,75782,75809,27
climbing,75874,75809,75874,65
walking,75907,75874,75907,33
sniffing,75908,75907,75908,1
walking,75914,75908,75914,6
sniffing,75948,75914,75948,34
walking,75964,75948,75964,16
climbing,75999,75964,75999,35
walking,76065,75999,76065,66
right_turning,76085,76065,76085,20
sniffing,76086,76085,76086,1
rising,76115,76086,76115,29
climbing,76136,76115,76136,21
walking,76195,76136,76195,59
left_turning,76234,76195,76234,39
sniffing,76235,76234,76235,1
right_turning,76250,76235,76250,15
sniffing,76294,76250,76294,44
hunching,76295,76294,76295,1
left_turning,76325,76295,76325,30
sniffing,76345,76325,76345,20
rising,76385,76345,76385,40
left_turning,76390,76385,76390,5
sniffing,76565,76390,76565,175
walking,76581,76565,76581,16
climbing,76642,76581,76642,61
hunching,76669,76642,76669,27
grooming,76872,76669,76872,203
sniffing,76873,76872,76873,1
rising,76874,76873,76874,1
climbing,76886,76874,76886,12
hunching,76935,76886,76935,49
walking,77027,76935,77027,92
sniffing,77087,77027,77087,60
walking,77111,77087,77111,24
sniffing,77214,77111,77214,103
walking,77270,77214,77270,56
left_turning,77361,77270,77361,91
sniffing,77658,77361,77658,297
climbing,77680,77658,77680,22
right_turning,77681,77680,77681,1
sniffing,77682,77681,77682,1
running,77722,77682,77722,40
sniffing,77814,77722,77814,92
left_turning,77817,77814,77817,3
walking,77820,77817,77820,3
climbing,77870,77820,77870,50
rising,77966,77870,77966,96
sniffing,77973,77966,77973,7
left_turning,77985,77973,77985,12
sniffing,78066,77985,78066,81
right_turning,78067,78066,78067,1
running,78097,78067,78097,30
climbing,78161,78097,78161,64
sniffing,78162,78161,78162,1
rearing,78163,78162,78163,1
climbing,78283,78163,78283,120
rearing,78314,78283,78314,31
grooming,78566,78314,78566,252
sniffing,78616,78566,78616,50
rearing,78663,78616,78663,47
walking,78664,78663,78664,1
sniffing,78819,78664,78819,155
climbing,78851,78819,78851,32
trotting,78855,78851,78855,4
walking,78856,78855,78856,1
stepping,78876,78856,78876,20
rearing,78977,78876,78977,101
left_turning,78989,78977,78989,12
sniffing,79011,78989,79011,22
right_turning,79036,79011,79036,25
walking,79066,79036,79066,30
hunching,79077,79066,79077,11
climbing,79196,79077,79196,119
trotting,79223,79196,79223,27
sniffing,79330,79223,79330,107
trotting,79343,79330,79343,13
walking,79389,79343,79389,46
right_turning,79411,79389,79411,22
trotting,79449,79411,79449,38
sniffing,79451,79449,79451,2
rising,79452,79451,79452,1
rearing,79462,79452,79462,10
rising,79463,79462,79463,1
sniffing,79464,79463,79464,1
rising,79465,79464,79465,1
sniffing,79473,79465,79473,8
right_turning,79474,79473,79474,1
trotting,79475,79474,79475,1
left_turning,79518,79475,79518,43
walking,79519,79518,79519,1
sniffing,79605,79519,79605,86
rising,79638,79605,79638,33
climbing,79659,79638,79659,21
grooming,79831,79659,79831,172
hunching,79832,79831,79832,1
climbing,79874,79832,79874,42
walking,79909,79874,79909,35
sniffing,79959,79909,79959,50
stepping,80011,79959,80011,52
right_turning,80028,80011,80028,17
sniffing,80029,80028,80029,1
left_turning,80043,80029,80043,14
sniffing,80063,80043,80063,20
rising,80145,80063,80145,82
climbing,80212,80145,80212,67
right_turning,80220,80212,80220,8
sniffing,80261,80220,80261,41
stepping,80373,80261,80373,112
walking,80374,80373,80374,1
climbing,80422,80374,80422,48
sniffing,80673,80422,80673,251
walking,80740,80673,80740,67
left_turning,80812,80740,80812,72
walking,80881,80812,80881,69
sniffing,81152,80881,81152,271
climbing,81173,81152,81173,21
stepping,81230,81173,81230,57
walking,81233,81230,81233,3
sniffing,81329,81233,81329,96
grooming,81425,81329,81425,96
sniffing,81446,81425,81446,21
left_turning,81490,81446,81490,44
sniffing,81562,81490,81562,72
left_turning,81596,81562,81596,34
walking,81671,81596,81671,75
rising,81686,81671,81686,15
climbing,81752,81686,81752,66
sniffing,81980,81752,81980,228
grooming,81981,81980,81981,1
rearing,82065,81981,82065,84
sniffing,82285,82065,82285,220
grooming,82523,82285,82523,238
sniffing,82682,82523,82682,159
rising,82696,82682,82696,14
sniffing,82697,82696,82697,1
trotting,82774,82697,82774,77
stepping,82828,82774,82828,54
running,82869,82828,82869,41
sniffing,82907,82869,82907,38
left_turning,82943,82907,82943,36
rising,83101,82943,83101,158
grooming,83245,83101,83245,144
sniffing,83498,83245,83498,253
running,83518,83498,83518,20
walking,83558,83518,83558,40
left_turning,83589,83558,83589,31
sniffing,83590,83589,83590,1
rising,83624,83590,83624,34
climbing,83698,83624,83698,74
rising,83781,83698,83781,83
sniffing,83792,83781,83792,11
rising,83825,83792,83825,33
climbing,83840,83825,83840,15
sniffing,84015,83840,84015,175
pausing,84016,84015,84016,1
sniffing,84147,84016,84147,131
right_turning,84151,84147,84151,4
rising,84177,84151,84177,26
climbing,84241,84177,84241,64
rising,84298,84241,84298,57
climbing,84334,84298,84334,36
sniffing,84388,84334,84388,54
rising,84398,84388,84398,10
climbing,84504,84398,84504,106
walking,84567,84504,84567,63
rearing,84697,84567,84697,130
rising,84703,84697,84703,6
sniffing,84906,84703,84906,203
right_turning,84950,84906,84950,44
walking,84993,84950,84993,43
trotting,85014,84993,85014,21
sniffing,85218,85014,85218,204
left_turning,85223,85218,85223,5
walking,85275,85223,85275,52
running,85299,85275,85299,24
sniffing,85300,85299,85300,1
walking,85324,85300,85324,24
sniffing,85325,85324,85325,1
climbing,85401,85325,85401,76
right_turning,85427,85401,85427,26
trotting,85467,85427,85467,40
stepping,85489,85467,85489,22
sniffing,85490,85489,85490,1
right_turning,85491,85490,85491,1
trotting,85525,85491,85525,34
sniffing,85526,85525,85526,1
climbing,85570,85526,85570,44
grooming,85654,85570,85654,84
rearing,85771,85654,85771,117
grooming,86322,85771,86322,551
rearing,86415,86322,86415,93
left_turning,86454,86415,86454,39
walking,86589,86454,86589,135
stepping,86613,86589,86613,24
walking,86675,86613,86675,62
trotting,86722,86675,86722,47
walking,86753,86722,86753,31
sniffing,86818,86753,86818,65
rising,86822,86818,86822,4
sniffing,86823,86822,86823,1
rising,86847,86823,86847,24
sniffing,87070,86847,87070,223
rearing,87078,87070,87078,8
hunching,87096,87078,87096,18
rearing,87101,87096,87101,5
climbing,87144,87101,87144,43
sniffing,87310,87144,87310,166
climbing,87402,87310,87402,92
rising,87446,87402,87446,44
rearing,87571,87446,87571,125
climbing,87582,87571,87582,11
hunching,87725,87582,87725,143
climbing,87892,87725,87892,167
rising,87893,87892,87893,1
climbing,87978,87893,87978,85
walking,88050,87978,88050,72
stepping,88120,88050,88120,70
climbing,88238,88120,88238,118
walking,88239,88238,88239,1
climbing,88303,88239,88303,64
walking,88322,88303,88322,19
trotting,88325,88322,88325,3
sniffing,88341,88325,88341,16
running,88369,88341,88369,28
stepping,88384,88369,88384,15
right_turning,88393,88384,88393,9
sniffing,88447,88393,88447,54
trotting,88494,88447,88494,47
rising,88514,88494,88514,20
sniffing,88515,88514,88515,1
walking,88574,88515,88574,59
left_turning,88639,88574,88639,65
sniffing,88740,88639,88740,101
rising,88759,88740,88759,19
right_turning,88767,88759,88767,8
trotting,88813,88767,88813,46
sniffing,88821,88813,88821,8
walking,88837,88821,88837,16
sniffing,89058,88837,89058,221
trotting,89115,89058,89115,57
running,89142,89115,89142,27
trotting,89176,89142,89176,34
walking,89234,89176,89234,58
left_turning,89236,89234,89236,2
trotting,89251,89236,89251,15
sniffing,89276,89251,89276,25
walking,89373,89276,89373,97
sniffing,89374,89373,89374,1
right_turning,89402,89374,89402,28
trotting,89444,89402,89444,42
walking,89481,89444,89481,37
left_turning,89530,89481,89530,49
trotting,89531,89530,89531,1
sniffing,89577,89531,89577,46
walking,89578,89577,89578,1
climbing,89651,89578,89651,73
sniffing,89652,89651,89652,1
grooming,89795,89652,89795,143
rising,89875,89795,89875,80
stepping,89934,89875,89934,59
sniffing,90020,89934,90020,86
stepping,90064,90020,90064,44
left_turning,90091,90064,90091,27
walking,90168,90091,90168,77
left_turning,90196,90168,90196,28
trotting,90230,90196,90230,34
sniffing,90315,90230,90315,85
trotting,90333,90315,90333,18
stepping,90350,90333,90350,17
walking,90380,90350,90380,30
left_turning,90397,90380,90397,17
rising,90398,90397,90398,1
climbing,90513,90398,90513,115
sniffing,90598,90513,90598,85
climbing,90617,90598,90617,19
grooming,90618,90617,90618,1
climbing,90734,90618,90734,116
sniffing,90849,90734,90849,115
grooming,91112,90849,91112,263
rising,91113,91112,91113,1
sniffing,91130,91113,91130,17
rising,91162,91130,91162,32
grooming,91244,91162,91244,82
rising,91245,91244,91245,1
climbing,91460,91245,91460,215
sniffing,91494,91460,91494,34
trotting,91548,91494,91548,54
rising,91633,91548,91633,85
rearing,91741,91633,91741,108
hunching,91788,91741,91788,47
right_turning,91833,91788,91833,45
walking,91867,91833,91867,34
sniffing,91999,91867,91999,132
trotting,92010,91999,92010,11
rising,92019,92010,92019,9
sniffing,92108,92019,92108,89
rising,92139,92108,92139,31
sniffing,92140,92139,92140,1
rearing,92148,92140,92148,8
sniffing,92195,92148,92195,47
walking,92261,92195,92261,66
running,92290,92261,92290,29
trotting,92306,92290,92306,16
left_turning,92359,92306,92359,53
rising,92466,92359,92466,107
sniffing,92494,92466,92494,28
right_turning,92524,92494,92524,30
walking,92596,92524,92596,72
sniffing,92680,92596,92680,84
trotting,92745,92680,92745,65
rising,92842,92745,92842,97
sniffing,92853,92842,92853,11
right_turning,92908,92853,92908,55
stepping,92938,92908,92938,30
sniffing,93105,92938,93105,167
walking,93152,93105,93152,47
left_turning,93209,93152,93209,57
sniffing,93348,93209,93348,139
rising,93438,93348,93438,90
climbing,93528,93438,93528,90
walking,93586,93528,93586,58
rising,93587,93586,93587,1
sniffing,93660,93587,93660,73
stepping,93710,93660,93710,50
walking,93754,93710,93754,44
left_turning,93811,93754,93811,57
running,93823,93811,93823,12
walking,93835,93823,93835,12
stepping,93872,93835,93872,37
right_turning,93917,93872,93917,45
walking,93944,93917,93944,27
left_turning,93997,93944,93997,53
running,94018,93997,94018,21
sniffing,94058,94018,94058,40
hunching,94089,94058,94089,31
rising,94090,94089,94090,1
sniffing,94245,94090,94245,155
climbing,94285,94245,94285,40
sniffing,94387,94285,94387,102
rearing,94412,94387,94412,25
climbing,94443,94412,94443,31
rising,94444,94443,94444,1
walking,94476,94444,94476,32
left_turning,94492,94476,94492,16
walking,94507,94492,94507,15
hunching,94508,94507,94508,1
climbing,94567,94508,94567,59
rearing,94630,94567,94630,63
hunching,94662,94630,94662,32
rearing,94663,94662,94663,1
climbing,94750,94663,94750,87
sniffing,94908,94750,94908,158
walking,94910,94908,94910,2
sniffing,94956,94910,94956,46
left_turning,94974,94956,94974,18
walking,94996,94974,94996,22
sniffing,95031,94996,95031,35
rising,95162,95031,95162,131
sniffing,95196,95162,95196,34
right_turning,95207,95196,95207,11
left_turning,95230,95207,95230,23
sniffing,95231,95230,95231,1
trotting,95278,95231,95278,47
rising,95294,95278,95294,16
walking,95325,95294,95325,31
sniffing,95341,95325,95341,16
rising,95342,95341,95342,1
climbing,95443,95342,95443,101
sniffing,95563,95443,95563,120
rising,95591,95563,95591,28
rearing,95638,95591,95638,47
climbing,95639,95638,95639,1
sniffing,95810,95639,95810,171
walking,95954,95810,95954,144
stepping,95983,95954,95983,29
sniffing,96054,95983,96054,71
left_turning,96055,96054,96055,1
sniffing,96170,96055,96170,115
climbing,96232,96170,96232,62
rising,96285,96232,96285,53
left_turning,96305,96285,96305,20
walking,96383,96305,96383,78
rearing,96457,96383,96457,74
rising,96471,96457,96471,14
climbing,96490,96471,96490,19
rearing,96500,96490,96500,10
pausing,96660,96500,96660,160
sniffing,96735,96660,96735,75
rising,96736,96735,96736,1
stepping,96746,96736,96746,10
climbing,96808,96746,96808,62
rearing,96841,96808,96841,33
walking,96918,96841,96918,77
sniffing,97051,96918,97051,133
rising,97142,97051,97142,91
sniffing,97254,97142,97254,112
walking,97315,97254,97315,61
rising,97369,97315,97369,54
sniffing,97489,97369,97489,120
rearing,97490,97489,97490,1
climbing,97611,97490,97611,121
left_turning,97635,97611,97635,24
walking,97731,97635,97731,96
climbing,97740,97731,97740,9
sniffing,97891,97740,97891,151
rising,97942,97891,97942,51
sniffing,97960,97942,97960,18
rising,97961,97960,97961,1
climbing,97979,97961,97979,18
walking,98007,97979,98007,28
rearing,98016,98007,98016,9
grooming,98053,98016,98053,37
sniffing,98165,98053,98165,112
walking,98220,98165,98220,55
sniffing,98221,98220,98221,1
walking,98238,98221,98238,17
rising,98257,98238,98257,19
climbing,98305,98257,98305,48
walking,98366,98305,98366,61
right_turning,98421,98366,98421,55
walking,98432,98421,98432,11
sniffing,98474,98432,98474,42
walking,98488,98474,98488,14
sniffing,98616,98488,98616,128
rearing,98688,98616,98688,72
sniffing,98824,98688,98824,136
rearing,98829,98824,98829,5
rising,98830,98829,98830,1
sniffing,98919,98830,98919,89
hunching,98944,98919,98944,25
grooming,99029,98944,99029,85
left_turning,99093,99029,99093,64
walking,99094,99093,99094,1
sniffing,99100,99094,99100,6
climbing,99211,99100,99211,111
sniffing,99304,99211,99304,93
rising,99334,99304,99334,30
climbing,99375,99334,99375,41
rearing,99382,99375,99382,7
sniffing,99383,99382,99383,1
right_turning,99384,99383,99384,1
walking,99441,99384,99441,57
rearing,99486,99441,99486,45
walking,99488,99486,99488,2
climbing,99552,99488,99552,64
rising,99623,99552,99623,71
sniffing,99701,99623,99701,78
stepping,99756,99701,99756,55
walking,99761,99756,99761,5
sniffing,99833,99761,99833,72
rising,99867,99833,99867,34
stepping,99887,99867,99887,20
sniffing,99929,99887,99929,42
walking,99975,99929,99975,46
rising,100041,99975,100041,66
rearing,100150,100041,100150,109
right_turning,100151,100150,100151,1
climbing,100217,100151,100217,66
grooming,100452,100217,100452,235
sniffing,100453,100452,100453,1
climbing,100544,100453,100544,91
rearing,100654,100544,100654,110
sniffing,100655,100654,100655,1
right_turning,100656,100655,100656,1
stepping,100686,100656,100686,30
climbing,100779,100686,100779,93
right_turning,100801,100779,100801,22
walking,100855,100801,100855,54
rising,100965,100855,100965,110
climbing,101116,100965,101116,151
sniffing,101153,101116,101153,37
grooming,101649,101153,101649,496
climbing,101685,101649,101685,36
walking,101714,101685,101714,29
sniffing,101849,101714,101849,135
walking,101903,101849,101903,54
sniffing,101943,101903,101943,40
pausing,102297,101943,102297,354
right_turning,102362,102297,102362,65
running,102387,102362,102387,25
sniffing,102469,102387,102469,82
rising,102487,102469,102487,18
sniffing,102656,102487,102656,169
hunching,102750,102656,102750,94
grooming,102751,102750,102751,1
left_turning,102812,102751,102812,61
sniffing,102813,102812,102813,1
grooming,103464,102813,103464,651
rearing,103537,103464,103537,73
sniffing,103621,103537,103621,84
walking,103678,103621,103678,57
rearing,103679,103678,103679,1
sniffing,103766,103679,103766,87
grooming,103975,103766,103975,209
climbing,103992,103975,103992,17
trotting,104035,103992,104035,43
sniffing,104071,104035,104071,36
rising,104128,104071,104128,57
climbing,104284,104128,104284,156
grooming,104730,104284,104730,446
sniffing,104809,104730,104809,79
stepping,104827,104809,104827,18
walking,104902,104827,104902,75
stepping,104933,104902,104933,31
walking,104942,104933,104942,9
sniffing,105072,104942,105072,130
left_turning,105161,105072,105161,89
sniffing,105442,105161,105442,281
stepping,105493,105442,105493,51
rearing,105564,105493,105564,71
climbing,105806,105564,105806,242
walking,105854,105806,105854,48
rising,105855,105854,105855,1
right_turning,105857,105855,105857,2
running,105892,105857,105892,35
trotting,105911,105892,105911,19
walking,105949,105911,105949,38
climbing,106186,105949,106186,237
grooming,106388,106186,106388,202
left_turning,106494,106388,106494,106
climbing,106549,106494,106549,55
sniffing,106614,106549,106614,65
hunching,106734,106614,106734,120
grooming,106735,106734,106735,1
rising,106736,106735,106736,1
climbing,106770,106736,106770,34
sniffing,106771,106770,106771,1
grooming,106772,106771,106772,1
climbing,106902,106772,106902,130
walking,106963,106902,106963,61
sniffing,107060,106963,107060,97
rising,107123,107060,107123,63
sniffing,107208,107123,107208,85
walking,107224,107208,107224,16
sniffing,107312,107224,107312,88
walking,107358,107312,107358,46
rising,107393,107358,107393,35
sniffing,107591,107393,107591,198
left_turning,107639,107591,107639,48
climbing,107640,107639,107640,1
walking,107677,107640,107677,37
sniffing,107770,107677,107770,93
rising,107833,107770,107833,63
sniffing,107874,107833,107874,41
grooming,107875,107874,107875,1
hunching,107964,107875,107964,89
climbing,108000,107964,108000,36
