revised_movement_label,segBoundary,segBoundary_start,segBoundary_end,length
climbing,25,0,25,25
sniffing,146,25,146,121
right_turning,191,146,191,45
trotting,248,191,248,57
rising,250,248,250,2
sniffing,286,250,286,36
climbing,347,286,347,61
sniffing,360,347,360,13
climbing,406,360,406,46
sniffing,466,406,466,60
climbing,516,466,516,50
left_turning,606,516,606,90
rising,607,606,607,1
sniffing,892,607,892,285
right_turning,946,892,946,54
walking,976,946,976,30
sniffing,1283,976,1283,307
stepping,1374,1283,1374,91
walking,1375,1374,1375,1
running,1412,1375,1412,37
walking,1421,1412,1421,9
trotting,1504,1421,1504,83
rising,1517,1504,1517,13
climbing,1518,1517,1518,1
rising,1538,1518,1538,20
walking,1543,1538,1543,5
climbing,1603,1543,1603,60
sniffing,1643,1603,1643,40
rising,1644,1643,1644,1
sniffing,1744,1644,1744,100
rearing,1798,1744,1798,54
climbing,1847,1798,1847,49
rearing,1848,1847,1848,1
grooming,1917,1848,1917,69
walking,1999,1917,1999,82
sniffing,2097,1999,2097,98
rearing,2109,2097,2109,12
climbing,2121,2109,2121,12
right_turning,2167,2121,2167,46
running,2175,2167,2175,8
sniffing,2218,2175,2218,43
right_turning,2219,2218,2219,1
walking,2275,2219,2275,56
sniffing,2296,2275,2296,21
hunching,2338,2296,2338,42
climbing,2371,2338,2371,33
left_turning,2432,2371,2432,61
walking,2474,2432,2474,42
rising,2494,2474,2494,20
grooming,2522,2494,2522,28
climbing,2581,2522,2581,59
left_turning,2657,2581,2657,76
rising,2674,2657,2674,17
sniffing,2721,2674,2721,47
rising,2722,2721,2722,1
walking,2767,2722,2767,45
sniffing,2879,2767,2879,112
climbing,3000,2879,3000,121
rising,3001,3000,3001,1
climbing,3107,3001,3107,106
rising,3134,3107,3134,27
climbing,3190,3134,3190,56
rising,3230,3190,3230,40
stepping,3236,3230,3236,6
rising,3260,3236,3260,24
climbing,3337,3260,3337,77
rising,3386,3337,3386,49
stepping,3455,3386,3455,69
right_turning,3494,3455,3494,39
sniffing,3564,3494,3564,70
rising,3571,3564,3571,7
sniffing,3580,3571,3580,9
grooming,3596,3580,3596,16
rearing,3650,3596,3650,54
rising,3706,3650,3706,56
sniffing,3828,3706,3828,122
walking,3939,3828,3939,111
rising,3940,3939,3940,1
climbing,3986,3940,3986,46
walking,4016,3986,4016,30
rising,4017,4016,4017,1
climbing,4033,4017,4033,16
left_turning,4034,4033,4034,1
walking,4119,4034,4119,85
rising,4120,4119,4120,1
climbing,4187,4120,4187,67
right_turning,4228,4187,4228,41
walking,4279,4228,4279,51
running,4303,4279,4303,24
walking,4322,4303,4322,19
sniffing,4336,4322,4336,14
left_turning,4363,4336,4363,27
running,4381,4363,4381,18
stepping,4424,4381,4424,43
climbing,4454,4424,4454,30
grooming,4552,4454,4552,98
rearing,4553,4552,4553,1
left_turning,4562,4553,4562,9
rising,4609,4562,4609,47
sniffing,4697,4609,4697,88
right_turning,4702,4697,4702,5
rising,4749,4702,4749,47
left_turning,4806,4749,4806,57
sniffing,4835,4806,4835,29
rising,4891,4835,4891,56
walking,4943,4891,4943,52
sniffing,4944,4943,4944,1
walking,5052,4944,5052,108
left_turning,5096,5052,5096,44
sniffing,5193,5096,5193,97
climbing,5243,5193,5243,50
walking,5329,5243,5329,86
sniffing,5377,5329,5377,48
walking,5400,5377,5400,23
sniffing,5425,5400,5425,25
climbing,5496,5425,5496,71
sniffing,5575,5496,5575,79
hunching,5614,5575,5614,39
sniffing,5663,5614,5663,49
climbing,5701,5663,5701,38
rising,5759,5701,5759,58
walking,5816,5759,5816,57
rising,5847,5816,5847,31
walking,5848,5847,5848,1
rising,5889,5848,5889,41
climbing,5894,5889,5894,5
left_turning,5895,5894,5895,1
climbing,6016,5895,6016,121
hunching,6089,6016,6089,73
rising,6107,6089,6107,18
climbing,6148,6107,6148,41
rearing,6157,6148,6157,9
climbing,6190,6157,6190,33
sniffing,6191,6190,6191,1
rising,6237,6191,6237,46
climbing,6303,6237,6303,66
right_turning,6427,6303,6427,124
running,6458,6427,6458,31
left_turning,6486,6458,6486,28
sniffing,6520,6486,6520,34
rising,6526,6520,6526,6
sniffing,6527,6526,6527,1
left_turning,6536,6527,6536,9
sniffing,6587,6536,6587,51
climbing,6641,6587,6641,54
sniffing,6642,6641,6642,1
walking,6645,6642,6645,3
running,6650,6645,6650,5
sniffing,6726,6650,6726,76
walking,6780,6726,6780,54
sniffing,6781,6780,6781,1
running,6782,6781,6782,1
rising,6783,6782,6783,1
climbing,6812,6783,6812,29
walking,6924,6812,6924,112
sniffing,6986,6924,6986,62
right_turning,7013,6986,7013,27
trotting,7020,7013,7020,7
sniffing,7123,7020,7123,103
climbing,7214,7123,7214,91
walking,7249,7214,7249,35
climbing,7325,7249,7325,76
sniffing,7351,7325,7351,26
climbing,7374,7351,7374,23
stepping,7411,7374,7411,37
walking,7466,7411,7466,55
rising,7511,7466,7511,45
climbing,7568,7511,7568,57
sniffing,7848,7568,7848,280
climbing,7885,7848,7885,37
walking,7886,7885,7886,1
trotting,7924,7886,7924,38
sniffing,7970,7924,7970,46
walking,8012,7970,8012,42
climbing,8079,8012,8079,67
hunching,8085,8079,8085,6
climbing,8106,8085,8106,21
trotting,8144,8106,8144,38
sniffing,8145,8144,8145,1
left_turning,8188,8145,8188,43
running,8204,8188,8204,16
sniffing,8274,8204,8274,70
right_turning,8283,8274,8283,9
rising,8344,8283,8344,61
climbing,8424,8344,8424,80
hunching,8464,8424,8464,40
climbing,8550,8464,8550,86
rising,8551,8550,8551,1
walking,8588,8551,8588,37
sniffing,8589,8588,8589,1
right_turning,8610,8589,8610,21
walking,8667,8610,8667,57
sniffing,8668,8667,8668,1
right_turning,8678,8668,8678,10
walking,8693,8678,8693,15
stepping,8711,8693,8711,18
hunching,8766,8711,8766,55
trotting,8785,8766,8785,19
walking,8808,8785,8808,23
right_turning,8830,8808,8830,22
rising,8872,8830,8872,42
sniffing,8889,8872,8889,17
running,8905,8889,8905,16
walking,8939,8905,8939,34
rising,9290,8939,9290,351
rearing,9330,9290,9330,40
rising,9368,9330,9368,38
climbing,9495,9368,9495,127
sniffing,9501,9495,9501,6
climbing,9567,9501,9567,66
right_turning,9595,9567,9595,28
walking,9638,9595,9638,43
rising,9682,9638,9682,44
climbing,9683,9682,9683,1
left_turning,9725,9683,9725,42
walking,9746,9725,9746,21
sniffing,9753,9746,9753,7
left_turning,9790,9753,9790,37
sniffing,9791,9790,9791,1
climbing,9792,9791,9792,1
rearing,9854,9792,9854,62
trotting,9865,9854,9865,11
sniffing,9899,9865,9899,34
trotting,9938,9899,9938,39
sniffing,9996,9938,9996,58
trotting,10004,9996,10004,8
walking,10066,10004,10066,62
sniffing,10239,10066,10239,173
trotting,10286,10239,10286,47
sniffing,10412,10286,10412,126
climbing,10464,10412,10464,52
walking,10508,10464,10508,44
rising,10558,10508,10558,50
climbing,10677,10558,10677,119
sniffing,10678,10677,10678,1
rising,10709,10678,10709,31
sniffing,10802,10709,10802,93
rising,10856,10802,10856,54
sniffing,10857,10856,10857,1
left_turning,10872,10857,10872,15
climbing,10912,10872,10912,40
sniffing,11018,10912,11018,106
left_turning,11053,11018,11053,35
sniffing,11054,11053,11054,1
climbing,11119,11054,11119,65
right_turning,11127,11119,11127,8
sniffing,11128,11127,11128,1
stepping,11195,11128,11195,67
sniffing,11226,11195,11226,31
right_turning,11266,11226,11266,40
rising,11313,11266,11313,47
sniffing,11404,11313,11404,91
walking,11413,11404,11413,9
sniffing,11464,11413,11464,51
climbing,11465,11464,11465,1
hunching,11508,11465,11508,43
trotting,11565,11508,11565,57
stepping,11614,11565,11614,49
climbing,11619,11614,11619,5
rising,11680,11619,11680,61
left_turning,11720,11680,11720,40
sniffing,11799,11720,11799,79
rising,11819,11799,11819,20
walking,11820,11819,11820,1
sniffing,11883,11820,11883,63
stepping,11922,11883,11922,39
walking,11923,11922,11923,1
stepping,11992,11923,11992,69
sniffing,11993,11992,11993,1
walking,12026,11993,12026,33
sniffing,12037,12026,12037,11
running,12070,12037,12070,33
walking,12107,12070,12107,37
sniffing,12141,12107,12141,34
rising,12142,12141,12142,1
sniffing,12220,12142,12220,78
rising,12250,12220,12250,30
right_turning,12281,12250,12281,31
stepping,12355,12281,12355,74
climbing,12437,12355,12437,82
sniffing,12463,12437,12463,26
climbing,12537,12463,12537,74
walking,12603,12537,12603,66
climbing,12654,12603,12654,51
rising,12655,12654,12655,1
trotting,12677,12655,12677,22
sniffing,12678,12677,12678,1
climbing,12702,12678,12702,24
sniffing,12703,12702,12703,1
stepping,12724,12703,12724,21
climbing,12725,12724,12725,1
rising,12779,12725,12779,54
climbing,12854,12779,12854,75
right_turning,12872,12854,12872,18
hunching,12936,12872,12936,64
right_turning,12956,12936,12956,20
walking,13019,12956,13019,63
sniffing,13094,13019,13094,75
hunching,13139,13094,13139,45
trotting,13230,13139,13230,91
walking,13304,13230,13304,74
right_turning,13308,13304,13308,4
rising,13374,13308,13374,66
climbing,13400,13374,13400,26
walking,13404,13400,13404,4
climbing,13477,13404,13477,73
hunching,13490,13477,13490,13
sniffing,13534,13490,13534,44
left_turning,13540,13534,13540,6
stepping,13587,13540,13587,47
sniffing,13588,13587,13588,1
walking,13619,13588,13619,31
sniffing,13664,13619,13664,45
trotting,13677,13664,13677,13
walking,13678,13677,13678,1
sniffing,13775,13678,13775,97
climbing,13832,13775,13832,57
right_turning,13880,13832,13880,48
walking,13934,13880,13934,54
left_turning,13948,13934,13948,14
sniffing,13949,13948,13949,1
walking,14042,13949,14042,93
stepping,14094,14042,14094,52
sniffing,14160,14094,14160,66
climbing,14161,14160,14161,1
sniffing,14283,14161,14283,122
rising,14284,14283,14284,1
climbing,14334,14284,14334,50
walking,14346,14334,14346,12
hunching,14362,14346,14362,16
climbing,14398,14362,14398,36
rearing,14465,14398,14465,67
left_turning,14476,14465,14476,11
sniffing,14492,14476,14492,16
right_turning,14528,14492,14528,36
climbing,14591,14528,14591,63
walking,14592,14591,14592,1
climbing,14634,14592,14634,42
rising,14645,14634,14645,11
right_turning,14730,14645,14730,85
left_turning,14772,14730,14772,42
running,14814,14772,14814,42
left_turning,14833,14814,14833,19
sniffing,14915,14833,14915,82
walking,14966,14915,14966,51
sniffing,15156,14966,15156,190
hunching,15175,15156,15175,19
right_turning,15203,15175,15203,28
walking,15212,15203,15212,9
sniffing,15283,15212,15283,71
walking,15361,15283,15361,78
left_turning,15362,15361,15362,1
walking,15396,15362,15396,34
sniffing,15521,15396,15521,125
running,15559,15521,15559,38
sniffing,15568,15559,15568,9
left_turning,15600,15568,15600,32
sniffing,15635,15600,15635,35
right_turning,15661,15635,15661,26
walking,15662,15661,15662,1
trotting,15663,15662,15663,1
walking,15719,15663,15719,56
trotting,15743,15719,15743,24
walking,15765,15743,15765,22
sniffing,15810,15765,15810,45
climbing,15894,15810,15894,84
rising,15964,15894,15964,70
climbing,16073,15964,16073,109
walking,16096,16073,16096,23
sniffing,16213,16096,16213,117
climbing,16258,16213,16258,45
sniffing,16350,16258,16350,92
climbing,16414,16350,16414,64
rising,16455,16414,16455,41
sniffing,16562,16455,16562,107
climbing,16580,16562,16580,18
sniffing,16678,16580,16678,98
left_turning,16697,16678,16697,19
sniffing,16705,16697,16705,8
rising,16784,16705,16784,79
climbing,16874,16784,16874,90
left_turning,16876,16874,16876,2
sniffing,16932,16876,16932,56
stepping,16983,16932,16983,51
sniffing,17061,16983,17061,78
trotting,17117,17061,17117,56
stepping,17143,17117,17143,26
rising,17146,17143,17146,3
sniffing,17189,17146,17189,43
walking,17190,17189,17190,1
sniffing,17376,17190,17376,186
rising,17377,17376,17377,1
left_turning,17421,17377,17421,44
sniffing,17517,17421,17517,96
rising,17588,17517,17588,71
climbing,17613,17588,17613,25
rising,17635,17613,17635,22
sniffing,17760,17635,17760,125
rearing,17790,17760,17790,30
trotting,17816,17790,17816,26
sniffing,17890,17816,17890,74
rising,17894,17890,17894,4
walking,17947,17894,17947,53
left_turning,17948,17947,17948,1
sniffing,18032,17948,18032,84
walking,18085,18032,18085,53
left_turning,18141,18085,18141,56
walking,18208,18141,18208,67
sniffing,18289,18208,18289,81
trotting,18339,18289,18339,50
sniffing,18415,18339,18415,76
left_turning,18425,18415,18425,10
sniffing,18426,18425,18426,1
climbing,18476,18426,18476,50
rising,18498,18476,18498,22
walking,18583,18498,18583,85
rising,18658,18583,18658,75
sniffing,18659,18658,18659,1
left_turning,18660,18659,18660,1
sniffing,18703,18660,18703,43
rising,18718,18703,18718,15
climbing,18811,18718,18811,93
rearing,18819,18811,18819,8
climbing,18868,18819,18868,49
stepping,18904,18868,18904,36
hunching,18920,18904,18920,16
sniffing,18944,18920,18944,24
trotting,18956,18944,18956,12
sniffing,19097,18956,19097,141
walking,19145,19097,19145,48
climbing,19179,19145,19179,34
rising,19216,19179,19216,37
climbing,19288,19216,19288,72
sniffing,19318,19288,19318,30
stepping,19319,19318,19319,1
trotting,19333,19319,19333,14
sniffing,19368,19333,19368,35
rising,19391,19368,19391,23
sniffing,19406,19391,19406,15
right_turning,19412,19406,19412,6
sniffing,19480,19412,19480,68
walking,19574,19480,19574,94
sniffing,19575,19574,19575,1
trotting,19612,19575,19612,37
climbing,19691,19612,19691,79
walking,19770,19691,19770,79
left_turning,19837,19770,19837,67
walking,19853,19837,19853,16
sniffing,19888,19853,19888,35
climbing,19947,19888,19947,59
sniffing,20007,19947,20007,60
rearing,20014,20007,20014,7
sniffing,20090,20014,20090,76
left_turning,20091,20090,20091,1
sniffing,20092,20091,20092,1
climbing,20093,20092,20093,1
sniffing,20100,20093,20100,7
left_turning,20171,20100,20171,71
walking,20207,20171,20207,36
sniffing,20251,20207,20251,44
walking,20252,20251,20252,1
sniffing,20322,20252,20322,70
rising,20332,20322,20332,10
rearing,20342,20332,20342,10
rising,20389,20342,20389,47
climbing,20433,20389,20433,44
rearing,20496,20433,20496,63
climbing,20558,20496,20558,62
grooming,20559,20558,20559,1
sniffing,20658,20559,20658,99
trotting,20659,20658,20659,1
left_turning,20693,20659,20693,34
trotting,20710,20693,20710,17
left_turning,20776,20710,20776,66
sniffing,20856,20776,20856,80
rising,20946,20856,20946,90
sniffing,21006,20946,21006,60
rising,21041,21006,21041,35
trotting,21082,21041,21082,41
sniffing,21093,21082,21093,11
stepping,21123,21093,21123,30
sniffing,21124,21123,21124,1
trotting,21147,21124,21147,23
sniffing,21178,21147,21178,31
stepping,21179,21178,21179,1
sniffing,21189,21179,21189,10
walking,21233,21189,21233,44
climbing,21426,21233,21426,193
sniffing,21473,21426,21473,47
climbing,21522,21473,21522,49
sniffing,21581,21522,21581,59
left_turning,21615,21581,21615,34
walking,21652,21615,21652,37
rising,21682,21652,21682,30
climbing,21831,21682,21831,149
rising,21844,21831,21844,13
left_turning,21930,21844,21930,86
sniffing,21931,21930,21931,1
walking,21932,21931,21932,1
sniffing,21955,21932,21955,23
rising,21961,21955,21961,6
climbing,21989,21961,21989,28
rising,22042,21989,22042,53
trotting,22061,22042,22061,19
walking,22084,22061,22084,23
sniffing,22124,22084,22124,40
climbing,22139,22124,22139,15
walking,22140,22139,22140,1
trotting,22168,22140,22168,28
rising,22231,22168,22231,63
sniffing,22324,22231,22324,93
left_turning,22357,22324,22357,33
walking,22358,22357,22358,1
stepping,22436,22358,22436,78
running,22449,22436,22449,13
stepping,22511,22449,22511,62
sniffing,22576,22511,22576,65
left_turning,22611,22576,22611,35
running,22631,22611,22631,20
walking,22686,22631,22686,55
trotting,22707,22686,22707,21
climbing,22790,22707,22790,83
rising,22804,22790,22804,14
sniffing,22995,22804,22995,191
left_turning,23050,22995,23050,55
sniffing,23140,23050,23140,90
walking,23142,23140,23142,2
sniffing,23155,23142,23155,13
stepping,23156,23155,23156,1
walking,23233,23156,23233,77
rising,23255,23233,23255,22
trotting,23300,23255,23300,45
rising,23315,23300,23315,15
climbing,23395,23315,23395,80
grooming,23396,23395,23396,1
rearing,23447,23396,23447,51
rising,23452,23447,23452,5
left_turning,23469,23452,23469,17
sniffing,23482,23469,23482,13
climbing,23528,23482,23528,46
grooming,23561,23528,23561,33
right_turning,23592,23561,23592,31
stepping,23639,23592,23639,47
walking,23691,23639,23691,52
sniffing,23692,23691,23692,1
left_turning,23734,23692,23734,42
trotting,23765,23734,23765,31
climbing,23814,23765,23814,49
right_turning,23853,23814,23853,39
trotting,23869,23853,23869,16
sniffing,23943,23869,23943,74
rising,23944,23943,23944,1
sniffing,24020,23944,24020,76
left_turning,24064,24020,24064,44
walking,24129,24064,24129,65
stepping,24130,24129,24130,1
walking,24178,24130,24178,48
sniffing,24209,24178,24209,31
rising,24224,24209,24224,15
climbing,24258,24224,24258,34
sniffing,24369,24258,24369,111
hunching,24393,24369,24393,24
rearing,24394,24393,24394,1
grooming,24581,24394,24581,187
rearing,24616,24581,24616,35
grooming,24888,24616,24888,272
sniffing,24984,24888,24984,96
trotting,25033,24984,25033,49
left_turning,25034,25033,25034,1
walking,25101,25034,25101,67
sniffing,25248,25101,25248,147
walking,25308,25248,25308,60
stepping,25327,25308,25327,19
sniffing,25481,25327,25481,154
climbing,25495,25481,25495,14
rising,25496,25495,25496,1
stepping,25575,25496,25575,79
trotting,25600,25575,25600,25
rising,25640,25600,25640,40
walking,25695,25640,25695,55
left_turning,25749,25695,25749,54
walking,25805,25749,25805,56
right_turning,25842,25805,25842,37
walking,25855,25842,25855,13
sniffing,25934,25855,25934,79
climbing,25990,25934,25990,56
sniffing,26023,25990,26023,33
walking,26039,26023,26039,16
left_turning,26068,26039,26068,29
walking,26165,26068,26165,97
sniffing,26166,26165,26166,1
trotting,26180,26166,26180,14
right_turning,26204,26180,26204,24
walking,26225,26204,26225,21
stepping,26226,26225,26226,1
climbing,26363,26226,26363,137
right_turning,26387,26363,26387,24
rising,26413,26387,26413,26
sniffing,26522,26413,26522,109
trotting,26537,26522,26537,15
left_turning,26555,26537,26555,18
sniffing,26580,26555,26580,25
climbing,26652,26580,26652,72
rearing,26707,26652,26707,55
sniffing,26855,26707,26855,148
stepping,26887,26855,26887,32
sniffing,26923,26887,26923,36
trotting,26933,26923,26933,10
sniffing,26934,26933,26934,1
walking,26944,26934,26944,10
sniffing,27019,26944,27019,75
left_turning,27039,27019,27039,20
sniffing,27057,27039,27057,18
hunching,27098,27057,27098,41
sniffing,27129,27098,27129,31
walking,27130,27129,27130,1
sniffing,27209,27130,27209,79
left_turning,27236,27209,27236,27
trotting,27270,27236,27270,34
sniffing,27351,27270,27351,81
walking,27364,27351,27364,13
rising,27381,27364,27381,17
jumping,27491,27381,27491,110
sniffing,27492,27491,27492,1
trotting,27507,27492,27507,15
sniffing,27555,27507,27555,48
climbing,27586,27555,27586,31
sniffing,27618,27586,27618,32
walking,27648,27618,27648,30
left_turning,27691,27648,27691,43
climbing,27791,27691,27791,100
sniffing,27860,27791,27860,69
trotting,27861,27860,27861,1
walking,27940,27861,27940,79
right_turning,27983,27940,27983,43
rising,28025,27983,28025,42
sniffing,28120,28025,28120,95
rising,28130,28120,28130,10
rearing,28204,28130,28204,74
right_turning,28232,28204,28232,28
walking,28275,28232,28275,43
climbing,28352,28275,28352,77
rising,28374,28352,28374,22
sniffing,28438,28374,28438,64
rearing,28478,28438,28478,40
rising,28504,28478,28504,26
rearing,28598,28504,28598,94
sniffing,28763,28598,28763,165
left_turning,28786,28763,28786,23
hunching,28787,28786,28787,1
sniffing,28965,28787,28965,178
walking,29013,28965,29013,48
trotting,29044,29013,29044,31
sniffing,29099,29044,29099,55
walking,29131,29099,29131,32
rearing,29261,29131,29261,130
rising,29291,29261,29291,30
sniffing,29417,29291,29417,126
pausing,29587,29417,29587,170
sniffing,29640,29587,29640,53
rising,29641,29640,29641,1
sniffing,29642,29641,29642,1
climbing,29831,29642,29831,189
rising,29865,29831,29865,34
trotting,29918,29865,29918,53
walking,29988,29918,29988,70
rising,29989,29988,29989,1
climbing,30045,29989,30045,56
sniffing,30141,30045,30141,96
walking,30214,30141,30214,73
running,30230,30214,30230,16
rising,30233,30230,30233,3
left_turning,30237,30233,30237,4
walking,30326,30237,30326,89
sniffing,30351,30326,30351,25
climbing,30399,30351,30399,48
trotting,30426,30399,30426,27
sniffing,30494,30426,30494,68
right_turning,30530,30494,30530,36
running,30539,30530,30539,9
walking,30540,30539,30540,1
left_turning,30582,30540,30582,42
sniffing,30583,30582,30583,1
trotting,30612,30583,30612,29
walking,30620,30612,30620,8
sniffing,30724,30620,30724,104
walking,30776,30724,30776,52
stepping,30814,30776,30814,38
sniffing,30926,30814,30926,112
rising,30966,30926,30966,40
walking,31029,30966,31029,63
sniffing,31076,31029,31076,47
left_turning,31132,31076,31132,56
sniffing,31133,31132,31133,1
walking,31134,31133,31134,1
rising,31162,31134,31162,28
climbing,31206,31162,31206,44
rising,31238,31206,31238,32
walking,31258,31238,31258,20
sniffing,31291,31258,31291,33
trotting,31335,31291,31335,44
walking,31348,31335,31348,13
sniffing,31349,31348,31349,1
grooming,31472,31349,31472,123
rearing,31510,31472,31510,38
sniffing,31627,31510,31627,117
trotting,31646,31627,31646,19
rising,31657,31646,31657,11
sniffing,31658,31657,31658,1
walking,31660,31658,31660,2
stepping,31718,31660,31718,58
left_turning,31738,31718,31738,20
sniffing,31914,31738,31914,176
left_turning,31915,31914,31915,1
rising,31992,31915,31992,77
rearing,32032,31992,32032,40
climbing,32033,32032,32033,1
left_turning,32071,32033,32071,38
trotting,32103,32071,32103,32
walking,32124,32103,32124,21
stepping,32170,32124,32170,46
sniffing,32171,32170,32171,1
walking,32185,32171,32185,14
sniffing,32497,32185,32497,312
rising,32540,32497,32540,43
sniffing,32688,32540,32688,148
right_turning,32705,32688,32705,17
walking,32747,32705,32747,42
right_turning,32782,32747,32782,35
sniffing,32904,32782,32904,122
rising,32929,32904,32929,25
trotting,32941,32929,32941,12
rising,32977,32941,32977,36
sniffing,33028,32977,33028,51
walking,33067,33028,33067,39
rising,33105,33067,33105,38
climbing,33145,33105,33145,40
rising,33209,33145,33209,64
climbing,33303,33209,33303,94
right_turning,33316,33303,33316,13
left_turning,33335,33316,33335,19
sniffing,33434,33335,33434,99
grooming,33465,33434,33465,31
sniffing,33466,33465,33466,1
rising,33481,33466,33481,15
sniffing,33593,33481,33593,112
trotting,33605,33593,33605,12
sniffing,33606,33605,33606,1
walking,33681,33606,33681,75
rising,33745,33681,33745,64
sniffing,33917,33745,33917,172
trotting,33945,33917,33945,28
left_turning,33976,33945,33976,31
rising,34024,33976,34024,48
climbing,34075,34024,34075,51
walking,34109,34075,34109,34
sniffing,34144,34109,34144,35
rising,34173,34144,34173,29
sniffing,34196,34173,34196,23
left_turning,34221,34196,34221,25
walking,34304,34221,34304,83
sniffing,34329,34304,34329,25
left_turning,34330,34329,34330,1
sniffing,34406,34330,34406,76
left_turning,34434,34406,34434,28
sniffing,34480,34434,34480,46
rearing,34618,34480,34618,138
rising,34651,34618,34651,33
climbing,34693,34651,34693,42
rising,34712,34693,34712,19
rearing,34728,34712,34728,16
walking,34776,34728,34776,48
sniffing,34950,34776,34950,174
walking,34970,34950,34970,20
trotting,34976,34970,34976,6
sniffing,35113,34976,35113,137
trotting,35120,35113,35120,7
walking,35216,35120,35216,96
left_turning,35283,35216,35283,67
right_turning,35293,35283,35293,10
stepping,35324,35293,35324,31
sniffing,35386,35324,35386,62
left_turning,35387,35386,35387,1
walking,35421,35387,35421,34
climbing,35477,35421,35477,56
trotting,35502,35477,35502,25
sniffing,35503,35502,35503,1
rising,35544,35503,35544,41
left_turning,35545,35544,35545,1
walking,35546,35545,35546,1
sniffing,35615,35546,35615,69
climbing,35671,35615,35671,56
left_turning,35761,35671,35761,90
stepping,35813,35761,35813,52
walking,35914,35813,35914,101
sniffing,35921,35914,35921,7
pausing,36047,35921,36047,126
sniffing,36063,36047,36063,16
grooming,36136,36063,36136,73
climbing,36193,36136,36193,57
trotting,36212,36193,36212,19
sniffing,36277,36212,36277,65
right_turning,36314,36277,36314,37
walking,36315,36314,36315,1
sniffing,36362,36315,36362,47
climbing,36398,36362,36398,36
rising,36413,36398,36413,15
left_turning,36459,36413,36459,46
sniffing,36887,36459,36887,428
walking,36963,36887,36963,76
running,36977,36963,36977,14
rising,36978,36977,36978,1
walking,37022,36978,37022,44
right_turning,37044,37022,37044,22
trotting,37066,37044,37066,22
stepping,37083,37066,37083,17
walking,37149,37083,37149,66
sniffing,37155,37149,37155,6
rising,37199,37155,37199,44
climbing,37297,37199,37297,98
sniffing,37351,37297,37351,54
left_turning,37396,37351,37396,45
sniffing,37397,37396,37397,1
climbing,37481,37397,37481,84
rising,37563,37481,37563,82
climbing,37612,37563,37612,49
rearing,37635,37612,37635,23
walking,37656,37635,37656,21
sniffing,37779,37656,37779,123
climbing,37787,37779,37787,8
walking,37870,37787,37870,83
left_turning,37889,37870,37889,19
sniffing,37890,37889,37890,1
left_turning,37917,37890,37917,27
sniffing,38018,37917,38018,101
climbing,38070,38018,38070,52
walking,38071,38070,38071,1
rearing,38105,38071,38105,34
grooming,38160,38105,38160,55
rearing,38161,38160,38161,1
right_turning,38222,38161,38222,61
rising,38246,38222,38246,24
walking,38262,38246,38262,16
rising,38287,38262,38287,25
climbing,38288,38287,38288,1
left_turning,38366,38288,38366,78
sniffing,38367,38366,38367,1
trotting,38428,38367,38428,61
sniffing,38467,38428,38467,39
rising,38593,38467,38593,126
sniffing,38657,38593,38657,64
pausing,38736,38657,38736,79
sniffing,38902,38736,38902,166
walking,38943,38902,38943,41
left_turning,38998,38943,38998,55
sniffing,38999,38998,38999,1
hunching,39074,38999,39074,75
right_turning,39093,39074,39093,19
sniffing,39122,39093,39122,29
pausing,39329,39122,39329,207
sniffing,39458,39329,39458,129
running,39494,39458,39494,36
sniffing,39573,39494,39573,79
right_turning,39613,39573,39613,40
running,39643,39613,39643,30
walking,39644,39643,39644,1
rising,39736,39644,39736,92
sniffing,39740,39736,39740,4
walking,39741,39740,39741,1
climbing,39873,39741,39873,132
sniffing,39947,39873,39947,74
walking,39959,39947,39959,12
climbing,40084,39959,40084,125
rising,40102,40084,40102,18
climbing,40103,40102,40103,1
rising,40106,40103,40106,3
rearing,40218,40106,40218,112
walking,40278,40218,40278,60
sniffing,40279,40278,40279,1
left_turning,40386,40279,40386,107
walking,40387,40386,40387,1
sniffing,40482,40387,40482,95
stepping,40489,40482,40489,7
climbing,40631,40489,40631,142
sniffing,40632,40631,40632,1
rising,40657,40632,40657,25
left_turning,40695,40657,40695,38
climbing,40754,40695,40754,59
stepping,40761,40754,40761,7
trotting,40773,40761,40773,12
walking,40794,40773,40794,21
climbing,40924,40794,40924,130
sniffing,40927,40924,40927,3
walking,40931,40927,40931,4
right_turning,40932,40931,40932,1
stepping,40981,40932,40981,49
rising,41073,40981,41073,92
trotting,41153,41073,41153,80
rising,41268,41153,41268,115
sniffing,41321,41268,41321,53
walking,41385,41321,41385,64
rearing,41387,41385,41387,2
sniffing,41658,41387,41658,271
walking,41698,41658,41698,40
trotting,41705,41698,41705,7
sniffing,41748,41705,41748,43
stepping,41778,41748,41778,30
climbing,41814,41778,41814,36
walking,41856,41814,41856,42
rising,41896,41856,41896,40
rearing,41942,41896,41942,46
sniffing,41997,41942,41997,55
rising,42030,41997,42030,33
climbing,42064,42030,42064,34
rising,42157,42064,42157,93
right_turning,42198,42157,42198,41
stepping,42310,42198,42310,112
climbing,42373,42310,42373,63
hunching,42421,42373,42421,48
sniffing,42556,42421,42556,135
rearing,42587,42556,42587,31
walking,42651,42587,42651,64
rising,42719,42651,42719,68
walking,42751,42719,42751,32
rising,42833,42751,42833,82
left_turning,42839,42833,42839,6
sniffing,42950,42839,42950,111
walking,42996,42950,42996,46
sniffing,43072,42996,43072,76
walking,43073,43072,43073,1
rising,43074,43073,43074,1
sniffing,43212,43074,43212,138
left_turning,43241,43212,43241,29
trotting,43268,43241,43268,27
right_turning,43269,43268,43269,1
climbing,43325,43269,43325,56
walking,43377,43325,43377,52
climbing,43418,43377,43418,41
running,43435,43418,43435,17
walking,43494,43435,43494,59
rising,43518,43494,43518,24
sniffing,43542,43518,43542,24
rising,43571,43542,43571,29
climbing,43650,43571,43650,79
sniffing,43663,43650,43663,13
left_turning,43694,43663,43694,31
sniffing,43760,43694,43760,66
walking,43813,43760,43813,53
sniffing,43814,43813,43814,1
walking,43847,43814,43847,33
stepping,43865,43847,43865,18
sniffing,43879,43865,43879,14
climbing,43910,43879,43910,31
rearing,43911,43910,43911,1
climbing,43975,43911,43975,64
rising,43989,43975,43989,14
climbing,44124,43989,44124,135
rising,44152,44124,44152,28
climbing,44153,44152,44153,1
stepping,44178,44153,44178,25
walking,44197,44178,44197,19
hunching,44244,44197,44244,47
sniffing,44352,44244,44352,108
rising,44396,44352,44396,44
sniffing,44397,44396,44397,1
climbing,44398,44397,44398,1
rising,44455,44398,44455,57
climbing,44545,44455,44545,90
walking,44615,44545,44615,70
climbing,44692,44615,44692,77
walking,44749,44692,44749,57
rising,44809,44749,44809,60
hunching,44913,44809,44913,104
grooming,44983,44913,44983,70
sniffing,44984,44983,44984,1
left_turning,45028,44984,45028,44
rising,45042,45028,45042,14
right_turning,45066,45042,45066,24
running,45098,45066,45098,32
walking,45144,45098,45144,46
left_turning,45166,45144,45166,22
sniffing,45204,45166,45204,38
climbing,45335,45204,45335,131
running,45388,45335,45388,53
sniffing,45389,45388,45389,1
climbing,45408,45389,45408,19
rising,45415,45408,45415,7
climbing,45417,45415,45417,2
right_turning,45457,45417,45457,40
walking,45538,45457,45538,81
sniffing,45539,45538,45539,1
rising,45570,45539,45570,31
sniffing,45678,45570,45678,108
left_turning,45706,45678,45706,28
stepping,45730,45706,45730,24
walking,45756,45730,45756,26
sniffing,45806,45756,45806,50
stepping,45862,45806,45862,56
sniffing,45863,45862,45863,1
stepping,45864,45863,45864,1
rising,45865,45864,45865,1
left_turning,45897,45865,45897,32
trotting,45928,45897,45928,31
sniffing,45929,45928,45929,1
rising,45996,45929,45996,67
right_turning,46007,45996,46007,11
sniffing,46079,46007,46079,72
walking,46269,46079,46269,190
sniffing,46317,46269,46317,48
right_turning,46368,46317,46368,51
walking,46396,46368,46396,28
sniffing,46406,46396,46406,10
pausing,46620,46406,46620,214
sniffing,46621,46620,46621,1
left_turning,46662,46621,46662,41
sniffing,46688,46662,46688,26
running,46700,46688,46700,12
walking,46731,46700,46731,31
sniffing,46796,46731,46796,65
rising,46820,46796,46820,24
sniffing,46940,46820,46940,120
climbing,46980,46940,46980,40
rising,46998,46980,46998,18
climbing,47134,46998,47134,136
trotting,47151,47134,47151,17
stepping,47188,47151,47188,37
walking,47190,47188,47190,2
trotting,47245,47190,47245,55
walking,47302,47245,47302,57
sniffing,47358,47302,47358,56
rising,47359,47358,47359,1
sniffing,47535,47359,47535,176
walking,47593,47535,47593,58
sniffing,47714,47593,47714,121
climbing,47881,47714,47881,167
right_turning,47938,47881,47938,57
rising,47958,47938,47958,20
running,47980,47958,47980,22
walking,48086,47980,48086,106
trotting,48128,48086,48128,42
rearing,48166,48128,48166,38
left_turning,48238,48166,48238,72
rising,48249,48238,48249,11
sniffing,48277,48249,48277,28
pausing,48500,48277,48500,223
sniffing,48619,48500,48619,119
pausing,48840,48619,48840,221
sniffing,48867,48840,48867,27
rising,48901,48867,48901,34
left_turning,48915,48901,48915,14
sniffing,48916,48915,48916,1
climbing,48971,48916,48971,55
rising,48991,48971,48991,20
climbing,49023,48991,49023,32
trotting,49052,49023,49052,29
right_turning,49068,49052,49068,16
trotting,49077,49068,49077,9
sniffing,49158,49077,49158,81
walking,49159,49158,49159,1
sniffing,49212,49159,49212,53
walking,49248,49212,49248,36
sniffing,49302,49248,49302,54
trotting,49321,49302,49321,19
sniffing,49322,49321,49322,1
rising,49341,49322,49341,19
climbing,49390,49341,49390,49
walking,49398,49390,49398,8
sniffing,49492,49398,49492,94
climbing,49541,49492,49541,49
rearing,49617,49541,49617,76
climbing,49641,49617,49641,24
trotting,49643,49641,49643,2
sniffing,49737,49643,49737,94
grooming,49749,49737,49749,12
rearing,49795,49749,49795,46
sniffing,49915,49795,49915,120
left_turning,49965,49915,49965,50
walking,50051,49965,50051,86
rising,50085,50051,50085,34
sniffing,50160,50085,50160,75
walking,50186,50160,50186,26
sniffing,50187,50186,50187,1
walking,50240,50187,50240,53
sniffing,50242,50240,50242,2
climbing,50308,50242,50308,66
rearing,50409,50308,50409,101
sniffing,50498,50409,50498,89
rising,50518,50498,50518,20
trotting,50520,50518,50520,2
sniffing,50521,50520,50521,1
left_turning,50566,50521,50566,45
trotting,50581,50566,50581,15
walking,50611,50581,50611,30
hunching,50612,50611,50612,1
grooming,50696,50612,50696,84
rearing,50714,50696,50714,18
climbing,50743,50714,50743,29
sniffing,50763,50743,50763,20
left_turning,50809,50763,50809,46
sniffing,50848,50809,50848,39
stepping,50866,50848,50866,18
sniffing,50909,50866,50909,43
climbing,50995,50909,50995,86
walking,51011,50995,51011,16
rising,51025,51011,51025,14
climbing,51059,51025,51059,34
sniffing,51102,51059,51102,43
rearing,51130,51102,51130,28
sniffing,51160,51130,51160,30
rising,51172,51160,51172,12
right_turning,51204,51172,51204,32
walking,51257,51204,51257,53
sniffing,51280,51257,51280,23
left_turning,51314,51280,51314,34
trotting,51349,51314,51349,35
stepping,51369,51349,51369,20
sniffing,51594,51369,51594,225
rising,51595,51594,51595,1
climbing,51635,51595,51635,40
rising,51643,51635,51643,8
rearing,51766,51643,51766,123
walking,51767,51766,51767,1
left_turning,51812,51767,51812,45
walking,51817,51812,51817,5
sniffing,51825,51817,51825,8
climbing,51865,51825,51865,40
running,51866,51865,51866,1
rising,51902,51866,51902,36
rearing,52006,51902,52006,104
right_turning,52040,52006,52040,34
stepping,52041,52040,52041,1
rising,52049,52041,52049,8
sniffing,52140,52049,52140,91
left_turning,52153,52140,52153,13
walking,52184,52153,52184,31
sniffing,52285,52184,52285,101
grooming,52364,52285,52364,79
rearing,52389,52364,52389,25
grooming,52462,52389,52462,73
climbing,52463,52462,52463,1
running,52525,52463,52525,62
walking,52569,52525,52569,44
sniffing,52608,52569,52608,39
trotting,52652,52608,52652,44
stepping,52760,52652,52760,108
sniffing,52761,52760,52761,1
rising,52789,52761,52789,28
sniffing,52794,52789,52794,5
stepping,52830,52794,52830,36
walking,52831,52830,52831,1
sniffing,52832,52831,52832,1
walking,52926,52832,52926,94
left_turning,52985,52926,52985,59
sniffing,53005,52985,53005,20
walking,53010,53005,53010,5
running,53046,53010,53046,36
rising,53086,53046,53086,40
climbing,53141,53086,53141,55
grooming,53385,53141,53385,244
rearing,53454,53385,53454,69
climbing,53531,53454,53531,77
rearing,53586,53531,53586,55
grooming,53733,53586,53733,147
rearing,53736,53733,53736,3
grooming,53953,53736,53953,217
climbing,54047,53953,54047,94
right_turning,54055,54047,54055,8
climbing,54177,54055,54177,122
rising,54239,54177,54239,62
sniffing,54359,54239,54359,120
rearing,54580,54359,54580,221
climbing,54710,54580,54710,130
walking,54760,54710,54760,50
rising,54799,54760,54799,39
climbing,54835,54799,54835,36
walking,54931,54835,54931,96
rising,54955,54931,54955,24
grooming,55088,54955,55088,133
sniffing,55173,55088,55173,85
rising,55208,55173,55208,35
left_turning,55232,55208,55232,24
running,55254,55232,55254,22
walking,55303,55254,55303,49
sniffing,55346,55303,55346,43
left_turning,55376,55346,55376,30
running,55406,55376,55406,30
sniffing,55568,55406,55568,162
walking,55637,55568,55637,69
sniffing,55735,55637,55735,98
left_turning,55795,55735,55795,60
walking,55863,55795,55863,68
hunching,55944,55863,55944,81
rising,56061,55944,56061,117
climbing,56157,56061,56157,96
sniffing,56181,56157,56181,24
left_turning,56192,56181,56192,11
sniffing,56239,56192,56239,47
left_turning,56266,56239,56266,27
trotting,56273,56266,56273,7
running,56284,56273,56284,11
trotting,56320,56284,56320,36
walking,56376,56320,56376,56
sniffing,56511,56376,56511,135
climbing,56731,56511,56731,220
rising,56742,56731,56742,11
climbing,56831,56742,56831,89
left_turning,56845,56831,56845,14
sniffing,56846,56845,56846,1
climbing,56902,56846,56902,56
sniffing,56952,56902,56952,50
walking,56981,56952,56981,29
sniffing,56986,56981,56986,5
trotting,57008,56986,57008,22
climbing,57012,57008,57012,4
sniffing,57109,57012,57109,97
left_turning,57114,57109,57114,5
sniffing,57181,57114,57181,67
running,57213,57181,57213,32
walking,57309,57213,57309,96
left_turning,57323,57309,57323,14
sniffing,57351,57323,57351,28
trotting,57362,57351,57362,11
stepping,57404,57362,57404,42
climbing,57540,57404,57540,136
sniffing,57617,57540,57617,77
walking,57618,57617,57618,1
sniffing,57619,57618,57619,1
stepping,57620,57619,57620,1
walking,57660,57620,57660,40
sniffing,57661,57660,57661,1
rising,57690,57661,57690,29
hunching,57751,57690,57751,61
sniffing,57794,57751,57794,43
rising,57801,57794,57801,7
climbing,57887,57801,57887,86
right_turning,57888,57887,57888,1
rising,57904,57888,57904,16
grooming,57905,57904,57905,1
rising,57906,57905,57906,1
sniffing,57972,57906,57972,66
rising,58092,57972,58092,120
rearing,58114,58092,58114,22
running,58138,58114,58138,24
sniffing,58305,58138,58305,167
left_turning,58372,58305,58372,67
running,58397,58372,58397,25
rearing,58497,58397,58497,100
sniffing,58498,58497,58498,1
walking,58521,58498,58521,23
rising,58522,58521,58522,1
sniffing,58630,58522,58630,108
stepping,58631,58630,58631,1
walking,58656,58631,58656,25
climbing,58763,58656,58763,107
hunching,58808,58763,58808,45
sniffing,58834,58808,58834,26
grooming,58835,58834,58835,1
sniffing,59016,58835,59016,181
walking,59017,59016,59017,1
sniffing,59201,59017,59201,184
right_turning,59227,59201,59227,26
trotting,59261,59227,59261,34
walking,59270,59261,59270,9
sniffing,59422,59270,59422,152
climbing,59445,59422,59445,23
rising,59487,59445,59487,42
walking,59567,59487,59567,80
trotting,59615,59567,59615,48
sniffing,59733,59615,59733,118
rising,59734,59733,59734,1
sniffing,59787,59734,59787,53
rising,59937,59787,59937,150
rearing,59956,59937,59956,19
rising,59987,59956,59987,31
stepping,60028,59987,60028,41
sniffing,60029,60028,60029,1
climbing,60039,60029,60039,10
walking,60116,60039,60116,77
rising,60117,60116,60117,1
grooming,60210,60117,60210,93
rearing,60211,60210,60211,1
sniffing,60249,60211,60249,38
left_turning,60292,60249,60292,43
walking,60333,60292,60333,41
sniffing,60444,60333,60444,111
rising,60481,60444,60481,37
sniffing,60636,60481,60636,155
walking,60686,60636,60686,50
left_turning,60774,60686,60774,88
running,60793,60774,60793,19
sniffing,60888,60793,60888,95
left_turning,60904,60888,60904,16
walking,60905,60904,60905,1
rearing,61011,60905,61011,106
sniffing,61132,61011,61132,121
rising,61290,61132,61290,158
sniffing,61375,61290,61375,85
rising,61401,61375,61401,26
climbing,61447,61401,61447,46
trotting,61519,61447,61519,72
running,61522,61519,61522,3
left_turning,61530,61522,61530,8
stepping,61584,61530,61584,54
sniffing,61681,61584,61681,97
rising,61695,61681,61695,14
sniffing,61728,61695,61728,33
walking,61798,61728,61798,70
left_turning,61804,61798,61804,6
walking,61864,61804,61864,60
sniffing,61865,61864,61865,1
climbing,61879,61865,61879,14
rearing,61884,61879,61884,5
grooming,61922,61884,61922,38
rearing,61923,61922,61923,1
walking,61933,61923,61933,10
sniffing,62030,61933,62030,97
right_turning,62043,62030,62043,13
running,62058,62043,62058,15
walking,62104,62058,62104,46
rearing,62237,62104,62237,133
sniffing,62238,62237,62238,1
climbing,62401,62238,62401,163
rising,62421,62401,62421,20
climbing,62422,62421,62422,1
sniffing,62569,62422,62569,147
climbing,62596,62569,62596,27
rising,62612,62596,62612,16
left_turning,62637,62612,62637,25
sniffing,62707,62637,62707,70
walking,62736,62707,62736,29
stepping,62759,62736,62759,23
sniffing,62808,62759,62808,49
grooming,62809,62808,62809,1
rearing,62873,62809,62873,64
rising,62874,62873,62874,1
sniffing,62892,62874,62892,18
walking,62962,62892,62962,70
rearing,63009,62962,63009,47
grooming,63010,63009,63010,1
climbing,63081,63010,63081,71
trotting,63123,63081,63123,42
sniffing,63156,63123,63156,33
rising,63250,63156,63250,94
rearing,63303,63250,63303,53
climbing,63382,63303,63382,79
rearing,63383,63382,63383,1
sniffing,63384,63383,63384,1
rising,63406,63384,63406,22
trotting,63463,63406,63463,57
walking,63512,63463,63512,49
rising,63522,63512,63522,10
climbing,63544,63522,63544,22
right_turning,63556,63544,63556,12
walking,63584,63556,63584,28
stepping,63632,63584,63632,48
right_turning,63655,63632,63655,23
walking,63694,63655,63694,39
sniffing,63715,63694,63715,21
climbing,63806,63715,63806,91
rearing,63866,63806,63866,60
sniffing,63867,63866,63867,1
left_turning,63883,63867,63883,16
stepping,63930,63883,63930,47
sniffing,63943,63930,63943,13
rising,63974,63943,63974,31
rearing,64033,63974,64033,59
stepping,64068,64033,64068,35
rising,64107,64068,64107,39
climbing,64227,64107,64227,120
left_turning,64232,64227,64232,5
rising,64233,64232,64233,1
climbing,64296,64233,64296,63
sniffing,64425,64296,64425,129
rising,64500,64425,64500,75
climbing,64501,64500,64501,1
rearing,64576,64501,64576,75
right_turning,64595,64576,64595,19
stepping,64662,64595,64662,67
rising,64664,64662,64664,2
sniffing,64665,64664,64665,1
climbing,64716,64665,64716,51
walking,64726,64716,64726,10
stepping,64787,64726,64787,61
sniffing,64788,64787,64788,1
rising,64836,64788,64836,48
climbing,64894,64836,64894,58
rising,64932,64894,64932,38
stepping,64964,64932,64964,32
right_turning,64975,64964,64975,11
sniffing,64976,64975,64976,1
walking,65012,64976,65012,36
trotting,65013,65012,65013,1
right_turning,65048,65013,65048,35
walking,65089,65048,65089,41
sniffing,65126,65089,65126,37
rising,65149,65126,65149,23
grooming,65150,65149,65150,1
rearing,65181,65150,65181,31
climbing,65286,65181,65286,105
walking,65322,65286,65322,36
sniffing,65407,65322,65407,85
rising,65429,65407,65429,22
climbing,65436,65429,65436,7
walking,65462,65436,65462,26
sniffing,65478,65462,65478,16
pausing,65891,65478,65891,413
sniffing,65915,65891,65915,24
walking,66002,65915,66002,87
stepping,66009,66002,66009,7
climbing,66010,66009,66010,1
grooming,66073,66010,66073,63
climbing,66206,66073,66206,133
rising,66211,66206,66211,5
climbing,66212,66211,66212,1
left_turning,66235,66212,66235,23
sniffing,66492,66235,66492,257
walking,66509,66492,66509,17
sniffing,66561,66509,66561,52
rising,66587,66561,66587,26
left_turning,66611,66587,66611,24
walking,66642,66611,66642,31
hunching,66684,66642,66684,42
rearing,66776,66684,66776,92
sniffing,66951,66776,66951,175
right_turning,66979,66951,66979,28
sniffing,66980,66979,66980,1
climbing,66981,66980,66981,1
left_turning,66982,66981,66982,1
sniffing,66987,66982,66987,5
rising,66995,66987,66995,8
rearing,67042,66995,67042,47
hunching,67128,67042,67128,86
rearing,67146,67128,67146,18
hunching,67147,67146,67147,1
rearing,67182,67147,67182,35
walking,67209,67182,67209,27
rearing,67269,67209,67269,60
climbing,67310,67269,67310,41
running,67311,67310,67311,1
walking,67354,67311,67354,43
sniffing,67468,67354,67468,114
left_turning,67471,67468,67471,3
sniffing,67622,67471,67622,151
hunching,67643,67622,67643,21
climbing,67644,67643,67644,1
walking,67645,67644,67645,1
stepping,67691,67645,67691,46
climbing,67749,67691,67749,58
grooming,67755,67749,67755,6
rearing,67756,67755,67756,1
rising,67782,67756,67782,26
climbing,67898,67782,67898,116
sniffing,67936,67898,67936,38
left_turning,67943,67936,67943,7
stepping,67944,67943,67944,1
sniffing,67984,67944,67984,40
trotting,68009,67984,68009,25
climbing,68071,68009,68071,62
grooming,68072,68071,68072,1
hunching,68073,68072,68073,1
stepping,68094,68073,68094,21
walking,68129,68094,68129,35
sniffing,68235,68129,68235,106
rising,68264,68235,68264,29
walking,68293,68264,68293,29
sniffing,68294,68293,68294,1
grooming,68444,68294,68444,150
right_turning,68473,68444,68473,29
walking,68512,68473,68512,39
sniffing,68737,68512,68737,225
climbing,68827,68737,68827,90
rising,68896,68827,68896,69
sniffing,68939,68896,68939,43
rising,68941,68939,68941,2
climbing,69065,68941,69065,124
grooming,69294,69065,69294,229
sniffing,69295,69294,69295,1
left_turning,69319,69295,69319,24
trotting,69344,69319,69344,25
walking,69392,69344,69392,48
climbing,69412,69392,69412,20
walking,69467,69412,69467,55
trotting,69526,69467,69526,59
rising,69563,69526,69563,37
rearing,69564,69563,69564,1
sniffing,69573,69564,69573,9
walking,69653,69573,69653,80
left_turning,69654,69653,69654,1
sniffing,69707,69654,69707,53
walking,69737,69707,69737,30
rising,69784,69737,69784,47
sniffing,69863,69784,69863,79
rising,69924,69863,69924,61
climbing,70057,69924,70057,133
right_turning,70071,70057,70071,14
sniffing,70178,70071,70178,107
rising,70263,70178,70263,85
right_turning,70287,70263,70287,24
rising,70349,70287,70349,62
climbing,70422,70349,70422,73
trotting,70433,70422,70433,11
sniffing,70601,70433,70601,168
rising,70677,70601,70677,76
climbing,70725,70677,70725,48
rising,70726,70725,70726,1
running,70755,70726,70755,29
trotting,70784,70755,70784,29
walking,70785,70784,70785,1
sniffing,70889,70785,70889,104
walking,70916,70889,70916,27
sniffing,71011,70916,71011,95
climbing,71111,71011,71111,100
right_turning,71142,71111,71142,31
sniffing,71204,71142,71204,62
hunching,71254,71204,71254,50
grooming,71947,71254,71947,693
left_turning,71990,71947,71990,43
running,72008,71990,72008,18
walking,72038,72008,72038,30
rising,72092,72038,72092,54
climbing,72093,72092,72093,1
rising,72127,72093,72127,34
sniffing,72413,72127,72413,286
rising,72450,72413,72450,37
sniffing,72509,72450,72509,59
walking,72547,72509,72547,38
sniffing,72666,72547,72666,119
rearing,72667,72666,72667,1
climbing,72826,72667,72826,159
rising,72839,72826,72839,13
sniffing,72969,72839,72969,130
grooming,73114,72969,73114,145
rearing,73187,73114,73187,73
rising,73249,73187,73249,62
grooming,73573,73249,73573,324
hunching,73647,73573,73647,74
rising,73737,73647,73737,90
climbing,73806,73737,73806,69
sniffing,73853,73806,73853,47
running,73871,73853,73871,18
rising,73887,73871,73887,16
sniffing,73923,73887,73923,36
rising,74012,73923,74012,89
sniffing,74053,74012,74053,41
left_turning,74118,74053,74118,65
sniffing,74137,74118,74137,19
walking,74180,74137,74180,43
climbing,74181,74180,74181,1
sniffing,74192,74181,74192,11
climbing,74216,74192,74216,24
rising,74250,74216,74250,34
climbing,74286,74250,74286,36
rising,74335,74286,74335,49
sniffing,74349,74335,74349,14
walking,74419,74349,74419,70
trotting,74445,74419,74445,26
climbing,74472,74445,74472,27
rearing,74473,74472,74473,1
climbing,74625,74473,74625,152
sniffing,74717,74625,74717,92
rising,74775,74717,74775,58
right_turning,74797,74775,74797,22
trotting,74799,74797,74799,2
climbing,74893,74799,74893,94
left_turning,74900,74893,74900,7
rising,74901,74900,74901,1
climbing,75000,74901,75000,99
right_turning,75029,75000,75029,29
walking,75030,75029,75030,1
left_turning,75083,75030,75083,53
walking,75113,75083,75113,30
sniffing,75256,75113,75256,143
walking,75301,75256,75301,45
rearing,75382,75301,75382,81
left_turning,75443,75382,75443,61
climbing,75503,75443,75503,60
sniffing,75619,75503,75619,116
left_turning,75695,75619,75695,76
sniffing,75734,75695,75734,39
climbing,75773,75734,75773,39
rearing,75774,75773,75774,1
climbing,75776,75774,75776,2
rising,75791,75776,75791,15
rearing,75828,75791,75828,37
grooming,75862,75828,75862,34
sniffing,75863,75862,75863,1
rising,75899,75863,75899,36
sniffing,75985,75899,75985,86
climbing,76039,75985,76039,54
sniffing,76058,76039,76058,19
rising,76071,76058,76071,13
rearing,76105,76071,76105,34
trotting,76106,76105,76106,1
sniffing,76192,76106,76192,86
left_turning,76264,76192,76264,72
stepping,76304,76264,76304,40
sniffing,76305,76304,76305,1
grooming,76306,76305,76306,1
left_turning,76307,76306,76307,1
trotting,76337,76307,76337,30
left_turning,76377,76337,76377,40
walking,76457,76377,76457,80
sniffing,76618,76457,76618,161
climbing,76881,76618,76881,263
stepping,76906,76881,76906,25
sniffing,76919,76906,76919,13
right_turning,76933,76919,76933,14
rising,76980,76933,76980,47
hunching,77016,76980,77016,36
rearing,77059,77016,77059,43
rising,77060,77059,77060,1
climbing,77140,77060,77140,80
left_turning,77165,77140,77165,25
sniffing,77345,77165,77345,180
grooming,77551,77345,77551,206
climbing,77569,77551,77569,18
rising,77596,77569,77596,27
sniffing,77597,77596,77597,1
rearing,77633,77597,77633,36
rising,77704,77633,77704,71
sniffing,77764,77704,77764,60
hunching,77815,77764,77815,51
climbing,77868,77815,77868,53
rising,77910,77868,77910,42
climbing,77911,77910,77911,1
trotting,77948,77911,77948,37
sniffing,78019,77948,78019,71
hunching,78020,78019,78020,1
grooming,78021,78020,78021,1
sniffing,78082,78021,78082,61
walking,78083,78082,78083,1
sniffing,78165,78083,78165,82
walking,78204,78165,78204,39
sniffing,78234,78204,78234,30
right_turning,78254,78234,78254,20
rising,78276,78254,78276,22
walking,78338,78276,78338,62
sniffing,78341,78338,78341,3
rising,78361,78341,78361,20
climbing,78502,78361,78502,141
walking,78505,78502,78505,3
right_turning,78511,78505,78511,6
sniffing,78546,78511,78546,35
rising,78589,78546,78589,43
sniffing,78673,78589,78673,84
rising,78679,78673,78679,6
climbing,78710,78679,78710,31
walking,78732,78710,78732,22
left_turning,78733,78732,78733,1
walking,78735,78733,78735,2
sniffing,78833,78735,78833,98
grooming,78927,78833,78927,94
rising,78936,78927,78936,9
walking,78937,78936,78937,1
sniffing,78938,78937,78938,1
walking,79040,78938,79040,102
sniffing,79041,79040,79041,1
grooming,79042,79041,79042,1
rearing,79075,79042,79075,33
left_turning,79094,79075,79094,19
trotting,79122,79094,79122,28
walking,79167,79122,79167,45
trotting,79207,79167,79207,40
sniffing,79329,79207,79329,122
climbing,79343,79329,79343,14
rising,79388,79343,79388,45
right_turning,79425,79388,79425,37
sniffing,79516,79425,79516,91
right_turning,79564,79516,79564,48
walking,79663,79564,79663,99
left_turning,79687,79663,79687,24
walking,79715,79687,79715,28
stepping,79727,79715,79727,12
climbing,79770,79727,79770,43
right_turning,79812,79770,79812,42
walking,79856,79812,79856,44
sniffing,79857,79856,79857,1
stepping,79898,79857,79898,41
walking,79938,79898,79938,40
sniffing,80060,79938,80060,122
left_turning,80130,80060,80130,70
sniffing,80165,80130,80165,35
pausing,80257,80165,80257,92
sniffing,80359,80257,80359,102
left_turning,80391,80359,80391,32
trotting,80410,80391,80410,19
climbing,80452,80410,80452,42
running,80478,80452,80478,26
sniffing,80573,80478,80573,95
climbing,80634,80573,80634,61
hunching,80635,80634,80635,1
sniffing,80636,80635,80636,1
climbing,80678,80636,80678,42
sniffing,80729,80678,80729,51
right_turning,80734,80729,80734,5
sniffing,80841,80734,80841,107
left_turning,80895,80841,80895,54
walking,80921,80895,80921,26
rising,80956,80921,80956,35
sniffing,81073,80956,81073,117
rising,81083,81073,81083,10
sniffing,81148,81083,81148,65
grooming,81165,81148,81165,17
left_turning,81177,81165,81177,12
sniffing,81609,81177,81609,432
walking,81654,81609,81654,45
left_turning,81718,81654,81718,64
walking,81719,81718,81719,1
rising,81723,81719,81723,4
climbing,81750,81723,81750,27
rearing,81757,81750,81757,7
walking,81778,81757,81778,21
sniffing,82114,81778,82114,336
trotting,82143,82114,82143,29
sniffing,82188,82143,82188,45
rising,82254,82188,82254,66
climbing,82346,82254,82346,92
right_turning,82377,82346,82377,31
stepping,82419,82377,82419,42
hunching,82420,82419,82420,1
sniffing,82421,82420,82421,1
hunching,82454,82421,82454,33
grooming,82455,82454,82455,1
sniffing,82456,82455,82456,1
walking,82468,82456,82468,12
climbing,82545,82468,82545,77
rearing,82667,82545,82667,122
rising,82732,82667,82732,65
trotting,82767,82732,82767,35
left_turning,82809,82767,82809,42
sniffing,82810,82809,82810,1
left_turning,82881,82810,82881,71
walking,82944,82881,82944,63
sniffing,82945,82944,82945,1
rising,82977,82945,82977,32
hunching,82978,82977,82978,1
grooming,82979,82978,82979,1
left_turning,82998,82979,82998,19
climbing,83116,82998,83116,118
grooming,83192,83116,83192,76
hunching,83283,83192,83283,91
sniffing,83346,83283,83346,63
climbing,83459,83346,83459,113
grooming,83514,83459,83514,55
sniffing,83523,83514,83523,9
grooming,83734,83523,83734,211
left_turning,83795,83734,83795,61
stepping,83863,83795,83863,68
sniffing,83920,83863,83920,57
rising,83921,83920,83921,1
climbing,83953,83921,83953,32
right_turning,83981,83953,83981,28
walking,83996,83981,83996,15
rising,84014,83996,84014,18
sniffing,84015,84014,84015,1
rising,84016,84015,84016,1
trotting,84072,84016,84072,56
sniffing,84219,84072,84219,147
walking,84220,84219,84220,1
sniffing,84221,84220,84221,1
rearing,84222,84221,84222,1
climbing,84298,84222,84298,76
rising,84404,84298,84404,106
climbing,84589,84404,84589,185
right_turning,84625,84589,84625,36
left_turning,84627,84625,84627,2
sniffing,84780,84627,84780,153
running,84805,84780,84805,25
left_turning,84810,84805,84810,5
running,84819,84810,84819,9
walking,84861,84819,84861,42
sniffing,84907,84861,84907,46
walking,84968,84907,84968,61
climbing,85039,84968,85039,71
sniffing,85119,85039,85119,80
grooming,85120,85119,85120,1
sniffing,85213,85120,85213,93
rising,85275,85213,85275,62
sniffing,85358,85275,85358,83
trotting,85391,85358,85391,33
sniffing,85392,85391,85392,1
rising,85394,85392,85394,2
trotting,85407,85394,85407,13
sniffing,85455,85407,85455,48
climbing,85501,85455,85501,46
running,85532,85501,85532,31
sniffing,85533,85532,85533,1
left_turning,85534,85533,85534,1
sniffing,85637,85534,85637,103
stepping,85668,85637,85668,31
walking,85713,85668,85713,45
rising,85714,85713,85714,1
rearing,85715,85714,85715,1
sniffing,85716,85715,85716,1
right_turning,85744,85716,85744,28
walking,85802,85744,85802,58
right_turning,85803,85802,85803,1
sniffing,85853,85803,85853,50
walking,85873,85853,85873,20
left_turning,85937,85873,85937,64
rising,85944,85937,85944,7
climbing,86014,85944,86014,70
stepping,86042,86014,86042,28
walking,86043,86042,86043,1
stepping,86114,86043,86114,71
rising,86156,86114,86156,42
right_turning,86171,86156,86171,15
walking,86196,86171,86196,25
sniffing,86228,86196,86228,32
walking,86229,86228,86229,1
left_turning,86230,86229,86230,1
stepping,86282,86230,86282,52
walking,86334,86282,86334,52
sniffing,86335,86334,86335,1
running,86386,86335,86386,51
trotting,86440,86386,86440,54
sniffing,86441,86440,86441,1
rising,86442,86441,86442,1
sniffing,86501,86442,86501,59
left_turning,86549,86501,86549,48
walking,86629,86549,86629,80
sniffing,86630,86629,86630,1
pausing,86837,86630,86837,207
sniffing,86906,86837,86906,69
left_turning,86940,86906,86940,34
sniffing,87002,86940,87002,62
rising,87030,87002,87030,28
climbing,87151,87030,87151,121
rearing,87219,87151,87219,68
rising,87274,87219,87274,55
walking,87300,87274,87300,26
sniffing,87432,87300,87432,132
left_turning,87446,87432,87446,14
sniffing,87549,87446,87549,103
right_turning,87570,87549,87570,21
walking,87599,87570,87599,29
sniffing,87600,87599,87600,1
walking,87614,87600,87614,14
sniffing,87688,87614,87688,74
rising,87776,87688,87776,88
walking,87863,87776,87863,87
sniffing,87924,87863,87924,61
right_turning,87955,87924,87955,31
walking,88001,87955,88001,46
sniffing,88002,88001,88002,1
pausing,88384,88002,88384,382
sniffing,88479,88384,88479,95
right_turning,88516,88479,88516,37
climbing,88577,88516,88577,61
rising,88613,88577,88613,36
rearing,88755,88613,88755,142
sniffing,88756,88755,88756,1
walking,88836,88756,88836,80
hunching,88837,88836,88837,1
sniffing,88956,88837,88956,119
rising,89010,88956,89010,54
climbing,89014,89010,89014,4
left_turning,89088,89014,89088,74
sniffing,89349,89088,89349,261
grooming,89573,89349,89573,224
climbing,89599,89573,89599,26
sniffing,89702,89599,89702,103
grooming,89775,89702,89775,73
left_turning,89818,89775,89818,43
walking,89819,89818,89819,1
sniffing,89820,89819,89820,1
walking,89864,89820,89864,44
sniffing,89865,89864,89865,1
walking,89866,89865,89866,1
trotting,89891,89866,89891,25
sniffing,89947,89891,89947,56
rearing,90041,89947,90041,94
climbing,90093,90041,90093,52
hunching,90193,90093,90193,100
right_turning,90218,90193,90218,25
sniffing,90233,90218,90233,15
left_turning,90280,90233,90280,47
walking,90344,90280,90344,64
sniffing,90345,90344,90345,1
walking,90357,90345,90357,12
hunching,90358,90357,90358,1
sniffing,90364,90358,90364,6
walking,90390,90364,90390,26
trotting,90438,90390,90438,48
left_turning,90481,90438,90481,43
pausing,90690,90481,90690,209
sniffing,90952,90690,90952,262
rising,91076,90952,91076,124
stepping,91104,91076,91104,28
climbing,91311,91104,91311,207
sniffing,91509,91311,91509,198
running,91518,91509,91518,9
sniffing,91589,91518,91589,71
rising,91644,91589,91644,55
climbing,91764,91644,91764,120
sniffing,91765,91764,91765,1
grooming,92096,91765,92096,331
sniffing,92182,92096,92182,86
right_turning,92191,92182,92191,9
stepping,92237,92191,92237,46
sniffing,92244,92237,92244,7
grooming,92245,92244,92245,1
sniffing,92283,92245,92283,38
right_turning,92330,92283,92330,47
running,92339,92330,92339,9
sniffing,92410,92339,92410,71
right_turning,92453,92410,92453,43
sniffing,92513,92453,92513,60
rising,92536,92513,92536,23
sniffing,92580,92536,92580,44
left_turning,92603,92580,92603,23
walking,92658,92603,92658,55
sniffing,92724,92658,92724,66
walking,92810,92724,92810,86
left_turning,92865,92810,92865,55
trotting,92882,92865,92882,17
sniffing,93023,92882,93023,141
walking,93024,93023,93024,1
right_turning,93073,93024,93073,49
walking,93076,93073,93076,3
rising,93077,93076,93077,1
walking,93078,93077,93078,1
rising,93127,93078,93127,49
sniffing,93208,93127,93208,81
hunching,93312,93208,93312,104
climbing,93412,93312,93412,100
sniffing,93451,93412,93451,39
climbing,93526,93451,93526,75
rearing,93543,93526,93543,17
climbing,93604,93543,93604,61
rising,93653,93604,93653,49
grooming,93916,93653,93916,263
right_turning,93954,93916,93954,38
rising,94000,93954,94000,46
climbing,94077,94000,94077,77
sniffing,94078,94077,94078,1
walking,94115,94078,94115,37
stepping,94194,94115,94194,79
climbing,94259,94194,94259,65
grooming,94768,94259,94768,509
rearing,94847,94768,94847,79
climbing,94924,94847,94924,77
rising,95006,94924,95006,82
sniffing,95065,95006,95065,59
walking,95138,95065,95138,73
left_turning,95155,95138,95155,17
stepping,95156,95155,95156,1
sniffing,95203,95156,95203,47
walking,95228,95203,95228,25
rearing,95290,95228,95290,62
climbing,95295,95290,95295,5
right_turning,95365,95295,95365,70
trotting,95397,95365,95397,32
walking,95439,95397,95439,42
left_turning,95482,95439,95482,43
stepping,95510,95482,95510,28
sniffing,95692,95510,95692,182
rising,95755,95692,95755,63
climbing,95758,95755,95758,3
rearing,95759,95758,95759,1
sniffing,95894,95759,95894,135
stepping,95910,95894,95910,16
rising,95947,95910,95947,37
rearing,96004,95947,96004,57
rising,96005,96004,96005,1
grooming,96323,96005,96323,318
sniffing,96423,96323,96423,100
hunching,96482,96423,96482,59
sniffing,96554,96482,96554,72
climbing,96610,96554,96610,56
rising,96611,96610,96611,1
climbing,96630,96611,96630,19
walking,96686,96630,96686,56
sniffing,96687,96686,96687,1
grooming,97248,96687,97248,561
climbing,97269,97248,97269,21
walking,97311,97269,97311,42
sniffing,97473,97311,97473,162
rising,97486,97473,97486,13
rearing,97539,97486,97539,53
sniffing,97700,97539,97700,161
rising,97785,97700,97785,85
rearing,97854,97785,97854,69
right_turning,97879,97854,97879,25
sniffing,97936,97879,97936,57
grooming,97937,97936,97937,1
sniffing,98031,97937,98031,94
rearing,98049,98031,98049,18
sniffing,98050,98049,98050,1
left_turning,98115,98050,98115,65
running,98138,98115,98138,23
walking,98184,98138,98184,46
sniffing,98281,98184,98281,97
walking,98294,98281,98294,13
sniffing,98358,98294,98358,64
right_turning,98360,98358,98360,2
walking,98367,98360,98367,7
sniffing,98368,98367,98368,1
left_turning,98369,98368,98369,1
running,98383,98369,98383,14
sniffing,98482,98383,98482,99
left_turning,98508,98482,98508,26
rising,98512,98508,98512,4
climbing,98575,98512,98575,63
rearing,98625,98575,98625,50
left_turning,98626,98625,98626,1
running,98641,98626,98641,15
walking,98652,98641,98652,11
sniffing,98706,98652,98706,54
walking,98775,98706,98775,69
sniffing,98776,98775,98776,1
rising,98837,98776,98837,61
walking,98838,98837,98838,1
right_turning,98857,98838,98857,19
walking,98883,98857,98883,26
rising,98884,98883,98884,1
climbing,98952,98884,98952,68
rising,98953,98952,98953,1
grooming,99057,98953,99057,104
sniffing,99058,99057,99058,1
rising,99098,99058,99098,40
climbing,99131,99098,99131,33
sniffing,99199,99131,99199,68
walking,99200,99199,99200,1
sniffing,99292,99200,99292,92
rearing,99362,99292,99362,70
rising,99363,99362,99363,1
rearing,99364,99363,99364,1
right_turning,99425,99364,99425,61
climbing,99495,99425,99495,70
right_turning,99537,99495,99537,42
sniffing,99659,99537,99659,122
hunching,99660,99659,99660,1
sniffing,99775,99660,99775,115
rising,99875,99775,99875,100
sniffing,100034,99875,100034,159
climbing,100125,100034,100125,91
rising,100205,100125,100205,80
sniffing,100243,100205,100243,38
walking,100244,100243,100244,1
trotting,100283,100244,100283,39
rising,100322,100283,100322,39
climbing,100329,100322,100329,7
rearing,100379,100329,100379,50
grooming,100662,100379,100662,283
rearing,100698,100662,100698,36
sniffing,100703,100698,100703,5
grooming,101841,100703,101841,1138
climbing,101951,101841,101951,110
rising,102019,101951,102019,68
left_turning,102031,102019,102031,12
sniffing,102046,102031,102046,15
rising,102108,102046,102108,62
sniffing,102208,102108,102208,100
rearing,102209,102208,102209,1
sniffing,102259,102209,102259,50
left_turning,102327,102259,102327,68
sniffing,102360,102327,102360,33
climbing,102385,102360,102385,25
rising,102437,102385,102437,52
climbing,102448,102437,102448,11
rearing,102477,102448,102477,29
climbing,102651,102477,102651,174
sniffing,102652,102651,102652,1
stepping,102701,102652,102701,49
hunching,102854,102701,102854,153
sniffing,102855,102854,102855,1
trotting,102885,102855,102885,30
walking,102922,102885,102922,37
trotting,102984,102922,102984,62
walking,102987,102984,102987,3
rising,103500,102987,103500,513
walking,103535,103500,103535,35
sniffing,103536,103535,103536,1
left_turning,103574,103536,103574,38
jumping,103575,103574,103575,1
rising,103576,103575,103576,1
rearing,103626,103576,103626,50
grooming,103765,103626,103765,139
sniffing,103840,103765,103840,75
climbing,103906,103840,103906,66
rearing,103907,103906,103907,1
sniffing,104141,103907,104141,234
rising,104152,104141,104152,11
sniffing,104300,104152,104300,148
left_turning,104320,104300,104320,20
sniffing,104374,104320,104374,54
hunching,104385,104374,104385,11
rearing,104532,104385,104532,147
rising,104533,104532,104533,1
climbing,104534,104533,104534,1
sniffing,104574,104534,104574,40
walking,104575,104574,104575,1
sniffing,104661,104575,104661,86
pausing,105026,104661,105026,365
sniffing,105027,105026,105027,1
climbing,105131,105027,105131,104
rearing,105132,105131,105132,1
grooming,105326,105132,105326,194
sniffing,105393,105326,105393,67
rearing,105426,105393,105426,33
rising,105656,105426,105656,230
sniffing,105700,105656,105700,44
stepping,105751,105700,105751,51
sniffing,105804,105751,105804,53
hunching,105912,105804,105912,108
rising,105974,105912,105974,62
climbing,106019,105974,106019,45
walking,106062,106019,106062,43
trotting,106063,106062,106063,1
sniffing,106145,106063,106145,82
right_turning,106188,106145,106188,43
walking,106215,106188,106215,27
sniffing,106228,106215,106228,13
left_turning,106282,106228,106282,54
sniffing,106312,106282,106312,30
rearing,106451,106312,106451,139
climbing,106569,106451,106569,118
sniffing,106636,106569,106636,67
walking,106674,106636,106674,38
sniffing,106744,106674,106744,70
hunching,106817,106744,106817,73
sniffing,106879,106817,106879,62
trotting,106909,106879,106909,30
sniffing,106910,106909,106910,1
rising,106926,106910,106926,16
climbing,107053,106926,107053,127
right_turning,107070,107053,107070,17
trotting,107071,107070,107071,1
stepping,107099,107071,107099,28
sniffing,107415,107099,107415,316
rising,107427,107415,107427,12
walking,107457,107427,107457,30
climbing,107574,107457,107574,117
grooming,107575,107574,107575,1
hunching,107648,107575,107648,73
sniffing,107649,107648,107649,1
rising,107650,107649,107650,1
sniffing,107690,107650,107690,40
pausing,107845,107690,107845,155
sniffing,108000,107845,108000,155
