revised_movement_label,segBoundary,segBoundary_start,segBoundary_end,length
left_turning,26,0,26,26
sniffing,38,26,38,12
walking,61,38,61,23
rising,62,61,62,1
sniffing,70,62,70,8
climbing,108,70,108,38
rising,131,108,131,23
sniffing,269,131,269,138
climbing,328,269,328,59
right_turning,366,328,366,38
sniffing,479,366,479,113
rising,544,479,544,65
stepping,579,544,579,35
walking,580,579,580,1
sniffing,581,580,581,1
climbing,638,581,638,57
walking,680,638,680,42
sniffing,732,680,732,52
walking,740,732,740,8
sniffing,886,740,886,146
trotting,887,886,887,1
walking,914,887,914,27
stepping,982,914,982,68
walking,1028,982,1028,46
climbing,1111,1028,1111,83
rearing,1148,1111,1148,37
sniffing,1201,1148,1201,53
walking,1249,1201,1249,48
rising,1250,1249,1250,1
trotting,1262,1250,1262,12
climbing,1320,1262,1320,58
left_turning,1351,1320,1351,31
sniffing,1404,1351,1404,53
left_turning,1405,1404,1405,1
walking,1406,1405,1406,1
sniffing,1493,1406,1493,87
stepping,1563,1493,1563,70
walking,1643,1563,1643,80
climbing,1680,1643,1680,37
walking,1721,1680,1721,41
rising,1758,1721,1758,37
climbing,1778,1758,1778,20
walking,1785,1778,1785,7
trotting,1867,1785,1867,82
sniffing,2024,1867,2024,157
running,2057,2024,2057,33
sniffing,2096,2057,2096,39
left_turning,2121,2096,2121,25
trotting,2179,2121,2179,58
sniffing,2224,2179,2224,45
climbing,2259,2224,2259,35
trotting,2309,2259,2309,50
walking,2357,2309,2357,48
sniffing,2358,2357,2358,1
climbing,2435,2358,2435,77
running,2467,2435,2467,32
walking,2490,2467,2490,23
left_turning,2567,2490,2567,77
stepping,2574,2567,2574,7
climbing,2654,2574,2654,80
walking,2676,2654,2676,22
sniffing,2677,2676,2677,1
stepping,2684,2677,2684,7
walking,2747,2684,2747,63
sniffing,2774,2747,2774,27
rising,2775,2774,2775,1
right_turning,2796,2775,2796,21
running,2815,2796,2815,19
sniffing,2959,2815,2959,144
rising,2973,2959,2973,14
climbing,3027,2973,3027,54
sniffing,3043,3027,3043,16
right_turning,3073,3043,3073,30
walking,3097,3073,3097,24
climbing,3128,3097,3128,31
right_turning,3129,3128,3129,1
trotting,3132,3129,3132,3
running,3160,3132,3160,28
walking,3178,3160,3178,18
sniffing,3205,3178,3205,27
rising,3254,3205,3254,49
walking,3276,3254,3276,22
climbing,3310,3276,3310,34
sniffing,3358,3310,3358,48
climbing,3359,3358,3359,1
rising,3377,3359,3377,18
climbing,3402,3377,3402,25
sniffing,3491,3402,3491,89
right_turning,3524,3491,3524,33
grooming,3531,3524,3531,7
sniffing,3552,3531,3552,21
rising,3618,3552,3618,66
sniffing,3732,3618,3732,114
running,3758,3732,3758,26
walking,3788,3758,3788,30
trotting,3824,3788,3824,36
walking,3825,3824,3825,1
stepping,3868,3825,3868,43
sniffing,3957,3868,3957,89
walking,4017,3957,4017,60
rising,4022,4017,4022,5
climbing,4051,4022,4051,29
rearing,4052,4051,4052,1
sniffing,4064,4052,4064,12
left_turning,4076,4064,4076,12
sniffing,4077,4076,4077,1
right_turning,4078,4077,4078,1
sniffing,4179,4078,4179,101
climbing,4219,4179,4219,40
right_turning,4220,4219,4220,1
walking,4221,4220,4221,1
stepping,4247,4221,4247,26
climbing,4284,4247,4284,37
stepping,4365,4284,4365,81
climbing,4397,4365,4397,32
walking,4398,4397,4398,1
rising,4473,4398,4473,75
climbing,4506,4473,4506,33
walking,4517,4506,4517,11
sniffing,4549,4517,4549,32
walking,4550,4549,4550,1
rising,4565,4550,4565,15
climbing,4595,4565,4595,30
sniffing,4741,4595,4741,146
rising,4742,4741,4742,1
climbing,4830,4742,4830,88
hunching,4836,4830,4836,6
sniffing,4902,4836,4902,66
rising,4942,4902,4942,40
sniffing,5064,4942,5064,122
climbing,5150,5064,5150,86
rising,5151,5150,5151,1
left_turning,5217,5151,5217,66
walking,5260,5217,5260,43
sniffing,5261,5260,5261,1
trotting,5291,5261,5291,30
sniffing,5315,5291,5315,24
climbing,5364,5315,5364,49
running,5375,5364,5375,11
walking,5417,5375,5417,42
stepping,5476,5417,5476,59
sniffing,5544,5476,5544,68
right_turning,5566,5544,5566,22
trotting,5643,5566,5643,77
walking,5685,5643,5685,42
sniffing,5763,5685,5763,78
right_turning,5780,5763,5780,17
left_turning,5781,5780,5781,1
running,5818,5781,5818,37
sniffing,5830,5818,5830,12
left_turning,5882,5830,5882,52
walking,5947,5882,5947,65
climbing,5992,5947,5992,45
stepping,6031,5992,6031,39
climbing,6073,6031,6073,42
trotting,6083,6073,6083,10
walking,6084,6083,6084,1
rising,6106,6084,6106,22
left_turning,6118,6106,6118,12
sniffing,6126,6118,6126,8
right_turning,6150,6126,6150,24
left_turning,6151,6150,6151,1
walking,6166,6151,6166,15
climbing,6229,6166,6229,63
sniffing,6325,6229,6325,96
rearing,6407,6325,6407,82
grooming,6501,6407,6501,94
sniffing,6558,6501,6558,57
rising,6602,6558,6602,44
climbing,6713,6602,6713,111
hunching,6746,6713,6746,33
sniffing,6801,6746,6801,55
climbing,6829,6801,6829,28
right_turning,6830,6829,6830,1
rising,6831,6830,6831,1
climbing,6977,6831,6977,146
grooming,7031,6977,7031,54
hunching,7065,7031,7065,34
climbing,7106,7065,7106,41
sniffing,7138,7106,7138,32
left_turning,7194,7138,7194,56
walking,7249,7194,7249,55
sniffing,7338,7249,7338,89
trotting,7369,7338,7369,31
rising,7374,7369,7374,5
sniffing,7430,7374,7430,56
climbing,7445,7430,7445,15
right_turning,7470,7445,7470,25
walking,7502,7470,7502,32
trotting,7586,7502,7586,84
walking,7690,7586,7690,104
running,7705,7690,7705,15
rising,7775,7705,7775,70
walking,7832,7775,7832,57
stepping,7884,7832,7884,52
sniffing,7885,7884,7885,1
rising,7886,7885,7886,1
stepping,7938,7886,7938,52
sniffing,8023,7938,8023,85
climbing,8080,8023,8080,57
grooming,8094,8080,8094,14
hunching,8138,8094,8138,44
climbing,8173,8138,8173,35
sniffing,8195,8173,8195,22
running,8235,8195,8235,40
sniffing,8236,8235,8236,1
rising,8265,8236,8265,29
walking,8268,8265,8268,3
sniffing,8321,8268,8321,53
walking,8388,8321,8388,67
sniffing,8454,8388,8454,66
grooming,8455,8454,8455,1
rearing,8480,8455,8480,25
rising,8506,8480,8506,26
sniffing,8572,8506,8572,66
walking,8602,8572,8602,30
sniffing,8705,8602,8705,103
right_turning,8735,8705,8735,30
walking,8781,8735,8781,46
sniffing,8782,8781,8782,1
climbing,8816,8782,8816,34
rising,8888,8816,8888,72
climbing,8956,8888,8956,68
sniffing,9035,8956,9035,79
left_turning,9069,9035,9069,34
sniffing,9151,9069,9151,82
rising,9152,9151,9152,1
walking,9190,9152,9190,38
sniffing,9191,9190,9191,1
walking,9229,9191,9229,38
sniffing,9285,9229,9285,56
left_turning,9363,9285,9363,78
sniffing,9486,9363,9486,123
rising,9504,9486,9504,18
walking,9539,9504,9539,35
left_turning,9574,9539,9574,35
rising,9597,9574,9597,23
climbing,9658,9597,9658,61
walking,9740,9658,9740,82
rising,9784,9740,9784,44
climbing,9826,9784,9826,42
right_turning,9831,9826,9831,5
climbing,9883,9831,9883,52
sniffing,9884,9883,9884,1
climbing,10022,9884,10022,138
sniffing,10026,10022,10026,4
climbing,10108,10026,10108,82
rising,10140,10108,10140,32
sniffing,10181,10140,10181,41
left_turning,10208,10181,10208,27
walking,10283,10208,10283,75
trotting,10309,10283,10309,26
sniffing,10340,10309,10340,31
climbing,10341,10340,10341,1
right_turning,10366,10341,10366,25
left_turning,10385,10366,10385,19
walking,10415,10385,10415,30
sniffing,10416,10415,10416,1
stepping,10437,10416,10437,21
trotting,10445,10437,10445,8
left_turning,10508,10445,10508,63
sniffing,10600,10508,10600,92
rising,10610,10600,10610,10
sniffing,10651,10610,10651,41
grooming,10742,10651,10742,91
hunching,10743,10742,10743,1
climbing,10819,10743,10819,76
rising,10856,10819,10856,37
climbing,10927,10856,10927,71
sniffing,10928,10927,10928,1
left_turning,10963,10928,10963,35
sniffing,11025,10963,11025,62
climbing,11038,11025,11038,13
right_turning,11042,11038,11042,4
trotting,11060,11042,11060,18
walking,11098,11060,11098,38
left_turning,11166,11098,11166,68
walking,11181,11166,11181,15
right_turning,11182,11181,11182,1
walking,11271,11182,11271,89
right_turning,11280,11271,11280,9
sniffing,11529,11280,11529,249
walking,11549,11529,11549,20
hunching,11550,11549,11550,1
right_turning,11551,11550,11551,1
walking,11562,11551,11562,11
trotting,11603,11562,11603,41
right_turning,11653,11603,11653,50
trotting,11724,11653,11724,71
sniffing,11727,11724,11727,3
walking,11828,11727,11828,101
sniffing,11973,11828,11973,145
climbing,11996,11973,11996,23
left_turning,12046,11996,12046,50
walking,12108,12046,12108,62
climbing,12138,12108,12138,30
trotting,12196,12138,12196,58
sniffing,12205,12196,12205,9
trotting,12274,12205,12274,69
left_turning,12302,12274,12302,28
walking,12339,12302,12339,37
rising,12348,12339,12348,9
climbing,12573,12348,12573,225
rising,12574,12573,12574,1
climbing,12594,12574,12594,20
sniffing,12709,12594,12709,115
trotting,12782,12709,12782,73
left_turning,12787,12782,12787,5
walking,12797,12787,12797,10
sniffing,12823,12797,12823,26
trotting,12863,12823,12863,40
sniffing,12942,12863,12942,79
rising,12973,12942,12973,31
climbing,13048,12973,13048,75
sniffing,13088,13048,13088,40
climbing,13107,13088,13107,19
sniffing,13108,13107,13108,1
left_turning,13140,13108,13140,32
walking,13193,13140,13193,53
stepping,13230,13193,13230,37
rising,13300,13230,13300,70
left_turning,13316,13300,13316,16
walking,13352,13316,13352,36
sniffing,13386,13352,13386,34
left_turning,13415,13386,13415,29
sniffing,13435,13415,13435,20
rising,13498,13435,13498,63
walking,13579,13498,13579,81
sniffing,13580,13579,13580,1
rising,13639,13580,13639,59
climbing,13699,13639,13699,60
sniffing,13700,13699,13700,1
walking,13734,13700,13734,34
sniffing,13735,13734,13735,1
right_turning,13736,13735,13736,1
running,13764,13736,13764,28
trotting,13799,13764,13799,35
rising,13840,13799,13840,41
walking,13875,13840,13875,35
sniffing,13876,13875,13876,1
left_turning,13877,13876,13877,1
sniffing,13966,13877,13966,89
walking,13992,13966,13992,26
sniffing,14030,13992,14030,38
rising,14032,14030,14032,2
left_turning,14033,14032,14033,1
sniffing,14083,14033,14083,50
climbing,14159,14083,14159,76
sniffing,14193,14159,14193,34
climbing,14221,14193,14221,28
sniffing,14222,14221,14222,1
rising,14227,14222,14227,5
walking,14263,14227,14263,36
sniffing,14326,14263,14326,63
walking,14329,14326,14329,3
sniffing,14330,14329,14330,1
stepping,14352,14330,14352,22
rising,14413,14352,14413,61
right_turning,14421,14413,14421,8
trotting,14457,14421,14457,36
sniffing,14458,14457,14458,1
rising,14494,14458,14494,36
rearing,14495,14494,14495,1
left_turning,14544,14495,14544,49
sniffing,14614,14544,14614,70
left_turning,14648,14614,14648,34
walking,14720,14648,14720,72
left_turning,14803,14720,14803,83
walking,14840,14803,14840,37
rising,14899,14840,14899,59
walking,14956,14899,14956,57
climbing,14976,14956,14976,20
hunching,15029,14976,15029,53
sniffing,15042,15029,15042,13
right_turning,15076,15042,15076,34
stepping,15082,15076,15082,6
sniffing,15083,15082,15083,1
climbing,15143,15083,15143,60
sniffing,15220,15143,15220,77
right_turning,15261,15220,15261,41
stepping,15283,15261,15283,22
sniffing,15385,15283,15385,102
running,15443,15385,15443,58
sniffing,15481,15443,15481,38
left_turning,15483,15481,15483,2
sniffing,15494,15483,15494,11
walking,15525,15494,15525,31
sniffing,15547,15525,15547,22
climbing,15606,15547,15606,59
sniffing,15709,15606,15709,103
climbing,15794,15709,15794,85
rising,15853,15794,15853,59
walking,15891,15853,15891,38
sniffing,15901,15891,15901,10
right_turning,15953,15901,15953,52
sniffing,16045,15953,16045,92
right_turning,16054,16045,16054,9
walking,16110,16054,16110,56
sniffing,16175,16110,16175,65
rising,16214,16175,16214,39
left_turning,16221,16214,16221,7
stepping,16234,16221,16234,13
walking,16235,16234,16235,1
right_turning,16236,16235,16236,1
walking,16351,16236,16351,115
sniffing,16352,16351,16352,1
climbing,16442,16352,16442,90
rising,16497,16442,16497,55
left_turning,16598,16497,16598,101
walking,16661,16598,16661,63
sniffing,16733,16661,16733,72
right_turning,16743,16733,16743,10
rising,16785,16743,16785,42
climbing,16840,16785,16840,55
sniffing,16872,16840,16872,32
rearing,16884,16872,16884,12
walking,16905,16884,16905,21
sniffing,17020,16905,17020,115
rising,17022,17020,17022,2
sniffing,17108,17022,17108,86
walking,17166,17108,17166,58
sniffing,17184,17166,17184,18
walking,17257,17184,17257,73
left_turning,17282,17257,17282,25
rearing,17295,17282,17295,13
grooming,17433,17295,17433,138
trotting,17451,17433,17451,18
rising,17477,17451,17477,26
climbing,17537,17477,17537,60
rising,17554,17537,17554,17
climbing,17595,17554,17595,41
trotting,17643,17595,17643,48
walking,17693,17643,17693,50
left_turning,17704,17693,17704,11
sniffing,17815,17704,17815,111
rising,17855,17815,17855,40
climbing,17929,17855,17929,74
left_turning,17966,17929,17966,37
sniffing,18009,17966,18009,43
climbing,18356,18009,18356,347
rising,18359,18356,18359,3
climbing,18442,18359,18442,83
walking,18467,18442,18467,25
sniffing,18540,18467,18540,73
trotting,18559,18540,18559,19
sniffing,18604,18559,18604,45
walking,18668,18604,18668,64
climbing,18719,18668,18719,51
walking,18744,18719,18744,25
climbing,18812,18744,18812,68
trotting,18834,18812,18834,22
left_turning,18835,18834,18835,1
trotting,18837,18835,18837,2
sniffing,18915,18837,18915,78
rising,18960,18915,18960,45
climbing,19017,18960,19017,57
left_turning,19051,19017,19051,34
walking,19106,19051,19106,55
sniffing,19112,19106,19112,6
left_turning,19124,19112,19124,12
walking,19125,19124,19125,1
rising,19176,19125,19176,51
climbing,19201,19176,19201,25
walking,19314,19201,19314,113
rearing,19361,19314,19361,47
grooming,19362,19361,19362,1
rising,19405,19362,19405,43
right_turning,19407,19405,19407,2
sniffing,19413,19407,19413,6
walking,19508,19413,19508,95
sniffing,19572,19508,19572,64
grooming,19581,19572,19581,9
rearing,19582,19581,19582,1
climbing,19591,19582,19591,9
trotting,19612,19591,19612,21
walking,19670,19612,19670,58
sniffing,19768,19670,19768,98
left_turning,19794,19768,19794,26
walking,19834,19794,19834,40
sniffing,19916,19834,19916,82
left_turning,19964,19916,19964,48
walking,19989,19964,19989,25
sniffing,20049,19989,20049,60
walking,20101,20049,20101,52
right_turning,20131,20101,20131,30
walking,20149,20131,20149,18
right_turning,20197,20149,20197,48
walking,20205,20197,20205,8
sniffing,20313,20205,20313,108
climbing,20366,20313,20366,53
rearing,20433,20366,20433,67
sniffing,20434,20433,20434,1
left_turning,20454,20434,20454,20
walking,20533,20454,20533,79
sniffing,20862,20533,20862,329
walking,20863,20862,20863,1
climbing,20960,20863,20960,97
rising,20961,20960,20961,1
climbing,21036,20961,21036,75
rising,21065,21036,21065,29
climbing,21066,21065,21066,1
sniffing,21077,21066,21077,11
left_turning,21078,21077,21078,1
walking,21084,21078,21084,6
sniffing,21085,21084,21085,1
climbing,21173,21085,21173,88
stepping,21179,21173,21179,6
walking,21213,21179,21213,34
climbing,21226,21213,21226,13
sniffing,21431,21226,21431,205
stepping,21439,21431,21439,8
sniffing,21440,21439,21440,1
trotting,21456,21440,21456,16
sniffing,21524,21456,21524,68
stepping,21547,21524,21547,23
walking,21552,21547,21552,5
trotting,21602,21552,21602,50
climbing,21717,21602,21717,115
stepping,21798,21717,21798,81
sniffing,21882,21798,21882,84
rising,21971,21882,21971,89
left_turning,22023,21971,22023,52
sniffing,22095,22023,22095,72
rising,22152,22095,22152,57
grooming,22153,22152,22153,1
rearing,22255,22153,22255,102
rising,22288,22255,22288,33
climbing,22306,22288,22306,18
hunching,22335,22306,22335,29
sniffing,22336,22335,22336,1
walking,22350,22336,22350,14
sniffing,22368,22350,22368,18
left_turning,22410,22368,22410,42
trotting,22421,22410,22421,11
left_turning,22479,22421,22479,58
trotting,22501,22479,22501,22
rising,22552,22501,22552,51
sniffing,22553,22552,22553,1
trotting,22590,22553,22590,37
walking,22635,22590,22635,45
sniffing,22709,22635,22709,74
right_turning,22742,22709,22742,33
trotting,22766,22742,22766,24
rising,22798,22766,22798,32
climbing,22963,22798,22963,165
rising,23047,22963,23047,84
climbing,23100,23047,23100,53
walking,23232,23100,23232,132
rising,23260,23232,23260,28
sniffing,23425,23260,23425,165
rising,23461,23425,23461,36
climbing,23483,23461,23483,22
rising,23484,23483,23484,1
sniffing,23494,23484,23494,10
walking,23518,23494,23518,24
rising,23548,23518,23548,30
climbing,23574,23548,23574,26
rearing,23595,23574,23595,21
sniffing,23734,23595,23734,139
left_turning,23752,23734,23752,18
hunching,23809,23752,23809,57
sniffing,23921,23809,23921,112
walking,23927,23921,23927,6
left_turning,23976,23927,23976,49
trotting,24003,23976,24003,27
walking,24070,24003,24070,67
rising,24115,24070,24115,45
sniffing,24284,24115,24284,169
running,24326,24284,24326,42
sniffing,24443,24326,24443,117
rising,24463,24443,24463,20
climbing,24473,24463,24473,10
rising,24510,24473,24510,37
climbing,24511,24510,24511,1
hunching,24558,24511,24558,47
right_turning,24593,24558,24593,35
rising,24649,24593,24649,56
climbing,24689,24649,24689,40
rising,24740,24689,24740,51
climbing,24767,24740,24767,27
rearing,24800,24767,24800,33
walking,24818,24800,24818,18
left_turning,24824,24818,24824,6
sniffing,24887,24824,24887,63
left_turning,24912,24887,24912,25
running,24928,24912,24928,16
walking,24957,24928,24957,29
trotting,24975,24957,24975,18
sniffing,24976,24975,24976,1
left_turning,24998,24976,24998,22
stepping,25039,24998,25039,41
left_turning,25064,25039,25064,25
walking,25145,25064,25145,81
jumping,25201,25145,25201,56
sniffing,25236,25201,25236,35
left_turning,25252,25236,25252,16
stepping,25253,25252,25253,1
walking,25254,25253,25254,1
sniffing,25255,25254,25255,1
walking,25256,25255,25256,1
sniffing,25329,25256,25329,73
climbing,25364,25329,25364,35
sniffing,25679,25364,25679,315
walking,25794,25679,25794,115
sniffing,25825,25794,25825,31
left_turning,25846,25825,25846,21
sniffing,25847,25846,25847,1
walking,25902,25847,25902,55
sniffing,25961,25902,25961,59
left_turning,26025,25961,26025,64
rising,26042,26025,26042,17
stepping,26063,26042,26063,21
left_turning,26109,26063,26109,46
trotting,26140,26109,26140,31
stepping,26180,26140,26180,40
climbing,26205,26180,26205,25
walking,26288,26205,26288,83
right_turning,26347,26288,26347,59
trotting,26388,26347,26388,41
left_turning,26453,26388,26453,65
sniffing,26454,26453,26454,1
walking,26484,26454,26484,30
climbing,26485,26484,26485,1
sniffing,26529,26485,26529,44
walking,26535,26529,26535,6
climbing,26641,26535,26641,106
walking,26737,26641,26737,96
climbing,26821,26737,26821,84
sniffing,26974,26821,26974,153
climbing,27029,26974,27029,55
right_turning,27062,27029,27062,33
walking,27084,27062,27084,22
rising,27085,27084,27085,1
sniffing,27117,27085,27117,32
walking,27212,27117,27212,95
sniffing,27244,27212,27244,32
rising,27298,27244,27298,54
climbing,27369,27298,27369,71
trotting,27398,27369,27398,29
sniffing,27554,27398,27554,156
stepping,27585,27554,27585,31
rearing,27632,27585,27632,47
climbing,27672,27632,27672,40
sniffing,27796,27672,27796,124
rising,27823,27796,27823,27
grooming,27913,27823,27913,90
rearing,27944,27913,27944,31
climbing,28054,27944,28054,110
right_turning,28115,28054,28115,61
left_turning,28116,28115,28116,1
sniffing,28171,28116,28171,55
running,28187,28171,28187,16
trotting,28218,28187,28218,31
sniffing,28219,28218,28219,1
right_turning,28233,28219,28233,14
walking,28245,28233,28245,12
rising,28314,28245,28314,69
rearing,28368,28314,28368,54
sniffing,28369,28368,28369,1
right_turning,28387,28369,28387,18
walking,28409,28387,28409,22
trotting,28449,28409,28449,40
walking,28450,28449,28450,1
left_turning,28529,28450,28529,79
rising,28530,28529,28530,1
stepping,28575,28530,28575,45
rising,28576,28575,28576,1
walking,28661,28576,28661,85
sniffing,28662,28661,28662,1
trotting,28714,28662,28714,52
walking,28758,28714,28758,44
stepping,28800,28758,28800,42
walking,28858,28800,28858,58
sniffing,28913,28858,28913,55
climbing,29032,28913,29032,119
walking,29081,29032,29081,49
sniffing,29176,29081,29176,95
stepping,29205,29176,29205,29
climbing,29273,29205,29273,68
sniffing,29274,29273,29274,1
left_turning,29283,29274,29283,9
running,29297,29283,29297,14
climbing,29338,29297,29338,41
sniffing,29367,29338,29367,29
rising,29428,29367,29428,61
right_turning,29463,29428,29463,35
running,29507,29463,29507,44
stepping,29545,29507,29545,38
right_turning,29553,29545,29553,8
sniffing,29625,29553,29625,72
rearing,29740,29625,29740,115
sniffing,29754,29740,29754,14
climbing,29824,29754,29824,70
walking,29855,29824,29855,31
sniffing,29871,29855,29871,16
left_turning,29872,29871,29872,1
sniffing,30071,29872,30071,199
grooming,30156,30071,30156,85
sniffing,30181,30156,30181,25
climbing,30216,30181,30216,35
running,30237,30216,30237,21
rising,30263,30237,30263,26
sniffing,30264,30263,30264,1
rising,30281,30264,30281,17
left_turning,30374,30281,30374,93
rising,30428,30374,30428,54
rearing,30429,30428,30429,1
walking,30451,30429,30451,22
rising,30457,30451,30457,6
climbing,30522,30457,30522,65
sniffing,30590,30522,30590,68
walking,30722,30590,30722,132
sniffing,30788,30722,30788,66
rising,30828,30788,30828,40
sniffing,30952,30828,30952,124
trotting,30953,30952,30953,1
walking,30967,30953,30967,14
left_turning,30978,30967,30978,11
sniffing,30979,30978,30979,1
walking,31077,30979,31077,98
left_turning,31137,31077,31137,60
stepping,31181,31137,31181,44
sniffing,31261,31181,31261,80
climbing,31325,31261,31325,64
right_turning,31329,31325,31329,4
walking,31386,31329,31386,57
sniffing,31434,31386,31434,48
climbing,31530,31434,31530,96
sniffing,31608,31530,31608,78
walking,31668,31608,31668,60
rising,31711,31668,31711,43
sniffing,31776,31711,31776,65
climbing,31814,31776,31814,38
stepping,31848,31814,31848,34
walking,31849,31848,31849,1
left_turning,31860,31849,31860,11
sniffing,31908,31860,31908,48
rising,31964,31908,31964,56
right_turning,32009,31964,32009,45
walking,32032,32009,32032,23
stepping,32089,32032,32089,57
rising,32090,32089,32090,1
climbing,32091,32090,32091,1
rearing,32134,32091,32134,43
grooming,32135,32134,32135,1
sniffing,32158,32135,32158,23
rising,32196,32158,32196,38
grooming,32197,32196,32197,1
rearing,32198,32197,32198,1
rising,32244,32198,32244,46
climbing,32266,32244,32266,22
walking,32267,32266,32267,1
sniffing,32296,32267,32296,29
grooming,32599,32296,32599,303
sniffing,32643,32599,32643,44
rearing,32710,32643,32710,67
sniffing,32753,32710,32753,43
left_turning,32866,32753,32866,113
walking,32905,32866,32905,39
climbing,32964,32905,32964,59
right_turning,32974,32964,32974,10
walking,33021,32974,33021,47
rising,33050,33021,33050,29
jumping,33141,33050,33141,91
sniffing,33142,33141,33142,1
left_turning,33169,33142,33169,27
walking,33210,33169,33210,41
right_turning,33216,33210,33216,6
walking,33317,33216,33317,101
sniffing,33318,33317,33318,1
rising,33376,33318,33376,58
climbing,33409,33376,33409,33
rearing,33461,33409,33461,52
sniffing,33519,33461,33519,58
hunching,33548,33519,33548,29
sniffing,33549,33548,33549,1
walking,33587,33549,33587,38
right_turning,33620,33587,33620,33
grooming,33625,33620,33625,5
left_turning,33694,33625,33694,69
walking,33743,33694,33743,49
left_turning,33779,33743,33779,36
sniffing,33780,33779,33780,1
walking,33823,33780,33823,43
left_turning,33918,33823,33918,95
climbing,33979,33918,33979,61
sniffing,34041,33979,34041,62
pausing,34138,34041,34138,97
sniffing,34139,34138,34139,1
left_turning,34168,34139,34168,29
sniffing,34265,34168,34265,97
left_turning,34318,34265,34318,53
sniffing,34425,34318,34425,107
hunching,34474,34425,34474,49
rearing,34475,34474,34475,1
grooming,34579,34475,34579,104
rearing,34585,34579,34585,6
walking,34632,34585,34632,47
rearing,34674,34632,34674,42
climbing,34799,34674,34799,125
trotting,34848,34799,34848,49
sniffing,34849,34848,34849,1
walking,34850,34849,34850,1
climbing,34865,34850,34865,15
running,34866,34865,34866,1
left_turning,34910,34866,34910,44
sniffing,34958,34910,34958,48
walking,34959,34958,34959,1
sniffing,34960,34959,34960,1
rising,34993,34960,34993,33
walking,35060,34993,35060,67
sniffing,35201,35060,35201,141
climbing,35257,35201,35257,56
right_turning,35272,35257,35272,15
stepping,35286,35272,35286,14
right_turning,35287,35286,35287,1
walking,35341,35287,35341,54
left_turning,35379,35341,35379,38
walking,35459,35379,35459,80
right_turning,35484,35459,35484,25
walking,35505,35484,35505,21
sniffing,35533,35505,35533,28
rising,35574,35533,35574,41
climbing,35590,35574,35590,16
running,35592,35590,35592,2
walking,35607,35592,35607,15
rising,35618,35607,35618,11
sniffing,35626,35618,35626,8
walking,35651,35626,35651,25
rising,35697,35651,35697,46
sniffing,35798,35697,35798,101
left_turning,35816,35798,35816,18
trotting,35837,35816,35837,21
running,35865,35837,35865,28
walking,35909,35865,35909,44
stepping,35951,35909,35951,42
climbing,35952,35951,35952,1
sniffing,36099,35952,36099,147
left_turning,36100,36099,36100,1
sniffing,36268,36100,36268,168
left_turning,36269,36268,36269,1
walking,36291,36269,36291,22
trotting,36385,36291,36385,94
left_turning,36416,36385,36416,31
sniffing,36493,36416,36493,77
rearing,36522,36493,36522,29
climbing,36552,36522,36552,30
grooming,36556,36552,36556,4
climbing,36657,36556,36657,101
grooming,36678,36657,36678,21
hunching,36751,36678,36751,73
grooming,36811,36751,36811,60
sniffing,36812,36811,36812,1
trotting,36821,36812,36821,9
sniffing,37087,36821,37087,266
running,37095,37087,37095,8
walking,37103,37095,37103,8
sniffing,37227,37103,37227,124
rising,37228,37227,37228,1
climbing,37315,37228,37315,87
hunching,37374,37315,37374,59
rising,37395,37374,37395,21
sniffing,37504,37395,37504,109
rising,37519,37504,37519,15
climbing,37546,37519,37546,27
running,37584,37546,37584,38
rising,37585,37584,37585,1
sniffing,37680,37585,37680,95
stepping,37687,37680,37687,7
sniffing,37688,37687,37688,1
rising,37719,37688,37719,31
climbing,37757,37719,37757,38
rearing,37853,37757,37853,96
grooming,37855,37853,37855,2
sniffing,37929,37855,37929,74
right_turning,37955,37929,37955,26
trotting,37986,37955,37986,31
climbing,38014,37986,38014,28
right_turning,38038,38014,38038,24
left_turning,38102,38038,38102,64
walking,38117,38102,38117,15
climbing,38182,38117,38182,65
right_turning,38220,38182,38220,38
trotting,38241,38220,38241,21
walking,38253,38241,38253,12
left_turning,38276,38253,38276,23
rising,38289,38276,38289,13
climbing,38306,38289,38306,17
rising,38393,38306,38393,87
right_turning,38402,38393,38402,9
walking,38434,38402,38434,32
trotting,38451,38434,38451,17
sniffing,38544,38451,38544,93
rearing,38545,38544,38545,1
sniffing,38546,38545,38546,1
walking,38619,38546,38619,73
sniffing,38644,38619,38644,25
left_turning,38678,38644,38678,34
walking,38681,38678,38681,3
sniffing,38684,38681,38684,3
grooming,38792,38684,38792,108
climbing,38850,38792,38850,58
rising,38961,38850,38961,111
rearing,39008,38961,39008,47
running,39024,39008,39024,16
walking,39058,39024,39058,34
rising,39067,39058,39067,9
left_turning,39101,39067,39101,34
rising,39180,39101,39180,79
left_turning,39230,39180,39230,50
walking,39284,39230,39284,54
rearing,39377,39284,39377,93
climbing,39497,39377,39497,120
right_turning,39552,39497,39552,55
sniffing,39588,39552,39588,36
rising,39664,39588,39664,76
hunching,39692,39664,39692,28
rearing,39777,39692,39777,85
left_turning,39833,39777,39833,56
walking,39859,39833,39859,26
sniffing,39860,39859,39860,1
rearing,39936,39860,39936,76
left_turning,39955,39936,39955,19
rising,39978,39955,39978,23
climbing,39980,39978,39980,2
walking,40043,39980,40043,63
rearing,40079,40043,40079,36
walking,40117,40079,40117,38
sniffing,40229,40117,40229,112
rising,40269,40229,40269,40
rearing,40289,40269,40289,20
climbing,40303,40289,40303,14
hunching,40362,40303,40362,59
grooming,40486,40362,40486,124
climbing,40537,40486,40537,51
running,40538,40537,40538,1
stepping,40557,40538,40557,19
climbing,40661,40557,40661,104
left_turning,40681,40661,40681,20
walking,40808,40681,40808,127
trotting,40841,40808,40841,33
left_turning,40880,40841,40880,39
right_turning,40945,40880,40945,65
running,40956,40945,40956,11
rising,41006,40956,41006,50
left_turning,41020,41006,41020,14
sniffing,41021,41020,41021,1
rising,41022,41021,41022,1
walking,41027,41022,41027,5
sniffing,41028,41027,41028,1
trotting,41083,41028,41083,55
walking,41115,41083,41115,32
trotting,41172,41115,41172,57
walking,41223,41172,41223,51
stepping,41228,41223,41228,5
sniffing,41234,41228,41234,6
left_turning,41265,41234,41265,31
sniffing,41364,41265,41364,99
walking,41453,41364,41453,89
rising,41475,41453,41475,22
climbing,41511,41475,41511,36
hunching,41562,41511,41562,51
sniffing,41591,41562,41591,29
hunching,41615,41591,41615,24
sniffing,41664,41615,41664,49
walking,41717,41664,41717,53
sniffing,41747,41717,41747,30
right_turning,41752,41747,41752,5
rearing,41762,41752,41762,10
trotting,41786,41762,41786,24
sniffing,41787,41786,41787,1
walking,41788,41787,41788,1
rising,41829,41788,41829,41
climbing,41936,41829,41936,107
grooming,41937,41936,41937,1
rearing,41938,41937,41938,1
hunching,41939,41938,41939,1
walking,41989,41939,41989,50
sniffing,41990,41989,41990,1
right_turning,42028,41990,42028,38
rearing,42029,42028,42029,1
left_turning,42068,42029,42068,39
sniffing,42069,42068,42069,1
climbing,42121,42069,42121,52
rising,42172,42121,42172,51
sniffing,42305,42172,42305,133
rising,42319,42305,42319,14
climbing,42418,42319,42418,99
hunching,42529,42418,42529,111
right_turning,42557,42529,42557,28
walking,42594,42557,42594,37
sniffing,42840,42594,42840,246
rising,42890,42840,42890,50
climbing,42935,42890,42935,45
rearing,42984,42935,42984,49
hunching,43051,42984,43051,67
climbing,43131,43051,43131,80
rising,43213,43131,43213,82
climbing,43225,43213,43225,12
right_turning,43245,43225,43245,20
rising,43273,43245,43273,28
climbing,43361,43273,43361,88
right_turning,43383,43361,43383,22
sniffing,43384,43383,43384,1
trotting,43406,43384,43406,22
walking,43440,43406,43440,34
sniffing,43548,43440,43548,108
rearing,43638,43548,43638,90
grooming,43640,43638,43640,2
sniffing,43728,43640,43728,88
climbing,43763,43728,43763,35
sniffing,43908,43763,43908,145
left_turning,43980,43908,43980,72
rising,44061,43980,44061,81
rearing,44134,44061,44134,73
right_turning,44171,44134,44171,37
trotting,44221,44171,44221,50
sniffing,44293,44221,44293,72
stepping,44325,44293,44325,32
sniffing,44350,44325,44350,25
walking,44373,44350,44373,23
sniffing,44470,44373,44470,97
left_turning,44471,44470,44471,1
sniffing,44546,44471,44546,75
running,44585,44546,44585,39
trotting,44599,44585,44599,14
stepping,44629,44599,44629,30
rising,44691,44629,44691,62
climbing,44758,44691,44758,67
trotting,44786,44758,44786,28
rising,44814,44786,44814,28
sniffing,44858,44814,44858,44
jumping,45030,44858,45030,172
rising,45031,45030,45031,1
walking,45142,45031,45142,111
sniffing,45143,45142,45143,1
rising,45175,45143,45175,32
sniffing,45176,45175,45176,1
left_turning,45204,45176,45204,28
walking,45214,45204,45214,10
hunching,45268,45214,45268,54
sniffing,45351,45268,45351,83
grooming,45637,45351,45637,286
stepping,45692,45637,45692,55
hunching,45726,45692,45726,34
walking,45727,45726,45727,1
climbing,45801,45727,45801,74
rearing,45849,45801,45849,48
sniffing,45905,45849,45905,56
running,45932,45905,45932,27
walking,45952,45932,45952,20
sniffing,46080,45952,46080,128
grooming,46081,46080,46081,1
rearing,46122,46081,46122,41
grooming,46438,46122,46438,316
sniffing,46439,46438,46439,1
jumping,46518,46439,46518,79
rising,46519,46518,46519,1
stepping,46565,46519,46565,46
sniffing,46618,46565,46618,53
trotting,46640,46618,46640,22
stepping,46650,46640,46650,10
sniffing,46670,46650,46670,20
walking,46709,46670,46709,39
climbing,46710,46709,46710,1
sniffing,46847,46710,46847,137
climbing,46860,46847,46860,13
rising,46950,46860,46950,90
hunching,46965,46950,46965,15
grooming,46968,46965,46968,3
sniffing,47061,46968,47061,93
walking,47062,47061,47062,1
left_turning,47063,47062,47063,1
sniffing,47087,47063,47087,24
stepping,47088,47087,47088,1
climbing,47116,47088,47116,28
sniffing,47117,47116,47117,1
rising,47181,47117,47181,64
sniffing,47257,47181,47257,76
climbing,47335,47257,47335,78
trotting,47384,47335,47384,49
right_turning,47389,47384,47389,5
sniffing,47453,47389,47453,64
right_turning,47498,47453,47498,45
trotting,47511,47498,47511,13
walking,47512,47511,47512,1
sniffing,47607,47512,47607,95
right_turning,47638,47607,47638,31
sniffing,47688,47638,47688,50
walking,47727,47688,47727,39
climbing,47796,47727,47796,69
walking,47808,47796,47808,12
rising,47879,47808,47879,71
climbing,47979,47879,47979,100
trotting,47996,47979,47996,17
stepping,48071,47996,48071,75
left_turning,48127,48071,48127,56
trotting,48148,48127,48148,21
walking,48220,48148,48220,72
rising,48239,48220,48239,19
right_turning,48272,48239,48272,33
sniffing,48340,48272,48340,68
climbing,48495,48340,48495,155
left_turning,48539,48495,48539,44
sniffing,48559,48539,48559,20
stepping,48566,48559,48566,7
trotting,48581,48566,48581,15
left_turning,48675,48581,48675,94
trotting,48701,48675,48701,26
walking,48732,48701,48732,31
rising,48788,48732,48788,56
left_turning,48824,48788,48824,36
walking,48873,48824,48873,49
sniffing,48917,48873,48917,44
climbing,48989,48917,48989,72
rearing,48990,48989,48990,1
walking,49051,48990,49051,61
sniffing,49102,49051,49102,51
rising,49172,49102,49172,70
walking,49254,49172,49254,82
sniffing,49255,49254,49255,1
climbing,49289,49255,49289,34
left_turning,49328,49289,49328,39
walking,49351,49328,49351,23
sniffing,49352,49351,49352,1
rising,49392,49352,49392,40
sniffing,49442,49392,49442,50
rising,49443,49442,49443,1
sniffing,49462,49443,49462,19
climbing,49567,49462,49567,105
sniffing,49767,49567,49767,200
left_turning,49783,49767,49783,16
rising,49789,49783,49789,6
sniffing,49906,49789,49906,117
climbing,49964,49906,49964,58
rearing,50014,49964,50014,50
stepping,50064,50014,50064,50
rising,50120,50064,50120,56
walking,50160,50120,50160,40
left_turning,50229,50160,50229,69
trotting,50260,50229,50260,31
left_turning,50267,50260,50267,7
walking,50324,50267,50324,57
trotting,50354,50324,50354,30
sniffing,50416,50354,50416,62
walking,50425,50416,50425,9
sniffing,50507,50425,50507,82
rearing,50508,50507,50508,1
sniffing,50545,50508,50545,37
left_turning,50560,50545,50560,15
trotting,50570,50560,50570,10
left_turning,50634,50570,50634,64
sniffing,50713,50634,50713,79
trotting,50720,50713,50720,7
rearing,50721,50720,50721,1
hunching,50722,50721,50722,1
sniffing,50766,50722,50766,44
rising,50787,50766,50787,21
sniffing,50884,50787,50884,97
right_turning,50885,50884,50885,1
walking,50913,50885,50913,28
sniffing,50926,50913,50926,13
left_turning,50991,50926,50991,65
walking,51040,50991,51040,49
sniffing,51041,51040,51041,1
pausing,51346,51041,51346,305
sniffing,51362,51346,51362,16
walking,51398,51362,51398,36
rising,51417,51398,51417,19
climbing,51425,51417,51425,8
walking,51453,51425,51453,28
stepping,51455,51453,51455,2
sniffing,51525,51455,51525,70
left_turning,51526,51525,51526,1
stepping,51589,51526,51589,63
sniffing,51643,51589,51643,54
rearing,51706,51643,51706,63
grooming,51806,51706,51806,100
rearing,51812,51806,51812,6
grooming,51813,51812,51813,1
stepping,51866,51813,51866,53
trotting,51900,51866,51900,34
climbing,51959,51900,51959,59
rising,51971,51959,51971,12
climbing,52031,51971,52031,60
sniffing,52062,52031,52062,31
running,52089,52062,52089,27
sniffing,52115,52089,52115,26
running,52143,52115,52143,28
walking,52144,52143,52144,1
rising,52145,52144,52145,1
sniffing,52146,52145,52146,1
left_turning,52153,52146,52153,7
sniffing,52178,52153,52178,25
left_turning,52227,52178,52227,49
sniffing,52354,52227,52354,127
grooming,52574,52354,52574,220
sniffing,52586,52574,52586,12
walking,52587,52586,52587,1
left_turning,52602,52587,52602,15
sniffing,52603,52602,52603,1
walking,52648,52603,52648,45
rising,52665,52648,52665,17
climbing,52788,52665,52788,123
grooming,53078,52788,53078,290
climbing,53095,53078,53095,17
running,53148,53095,53148,53
stepping,53220,53148,53220,72
trotting,53265,53220,53265,45
walking,53292,53265,53292,27
trotting,53322,53292,53322,30
walking,53382,53322,53382,60
climbing,53384,53382,53384,2
rearing,53447,53384,53447,63
left_turning,53448,53447,53448,1
sniffing,53510,53448,53510,62
climbing,53511,53510,53511,1
walking,53586,53511,53586,75
sniffing,53587,53586,53587,1
left_turning,53629,53587,53629,42
sniffing,53737,53629,53737,108
trotting,53759,53737,53759,22
sniffing,53797,53759,53797,38
rising,53826,53797,53826,29
sniffing,53909,53826,53909,83
running,53913,53909,53913,4
sniffing,54007,53913,54007,94
climbing,54018,54007,54018,11
grooming,54019,54018,54019,1
rearing,54046,54019,54046,27
grooming,54057,54046,54057,11
sniffing,54176,54057,54176,119
rising,54195,54176,54195,19
climbing,54275,54195,54275,80
hunching,54364,54275,54364,89
sniffing,54404,54364,54404,40
rising,54470,54404,54470,66
sniffing,54471,54470,54471,1
trotting,54500,54471,54500,29
walking,54577,54500,54577,77
sniffing,54705,54577,54705,128
walking,54769,54705,54769,64
sniffing,54921,54769,54921,152
stepping,55003,54921,55003,82
rearing,55047,55003,55047,44
climbing,55083,55047,55083,36
rising,55154,55083,55154,71
left_turning,55193,55154,55193,39
sniffing,55194,55193,55194,1
stepping,55262,55194,55262,68
climbing,55340,55262,55340,78
sniffing,55381,55340,55381,41
trotting,55440,55381,55440,59
climbing,55478,55440,55478,38
left_turning,55545,55478,55545,67
rising,55559,55545,55559,14
climbing,55560,55559,55560,1
right_turning,55579,55560,55579,19
hunching,55596,55579,55596,17
climbing,55608,55596,55608,12
hunching,55635,55608,55635,27
sniffing,55657,55635,55657,22
climbing,55703,55657,55703,46
rising,55710,55703,55710,7
walking,55812,55710,55812,102
sniffing,56107,55812,56107,295
walking,56174,56107,56174,67
sniffing,56240,56174,56240,66
climbing,56250,56240,56250,10
rearing,56270,56250,56270,20
sniffing,56416,56270,56416,146
walking,56467,56416,56467,51
sniffing,56486,56467,56486,19
right_turning,56519,56486,56519,33
left_turning,56520,56519,56520,1
walking,56576,56520,56576,56
sniffing,56703,56576,56703,127
rising,56747,56703,56747,44
climbing,56772,56747,56772,25
grooming,56773,56772,56773,1
sniffing,56872,56773,56872,99
left_turning,56932,56872,56932,60
sniffing,56933,56932,56933,1
climbing,56989,56933,56989,56
grooming,56990,56989,56990,1
trotting,56997,56990,56997,7
sniffing,57108,56997,57108,111
left_turning,57109,57108,57109,1
walking,57111,57109,57111,2
sniffing,57164,57111,57164,53
walking,57180,57164,57180,16
sniffing,57181,57180,57181,1
rising,57239,57181,57239,58
jumping,57240,57239,57240,1
hunching,57295,57240,57295,55
rearing,57365,57295,57365,70
rising,57550,57365,57550,185
sniffing,57725,57550,57725,175
walking,57757,57725,57757,32
sniffing,57758,57757,57758,1
trotting,57766,57758,57766,8
walking,57799,57766,57799,33
sniffing,57877,57799,57877,78
walking,57878,57877,57878,1
rising,57946,57878,57946,68
climbing,57965,57946,57965,19
sniffing,57966,57965,57966,1
rising,57992,57966,57992,26
climbing,57996,57992,57996,4
rising,57997,57996,57997,1
rearing,58069,57997,58069,72
grooming,58070,58069,58070,1
left_turning,58122,58070,58122,52
trotting,58124,58122,58124,2
left_turning,58142,58124,58142,18
walking,58235,58142,58235,93
climbing,58544,58235,58544,309
walking,58581,58544,58581,37
sniffing,58780,58581,58780,199
left_turning,58829,58780,58829,49
sniffing,59045,58829,59045,216
walking,59066,59045,59066,21
sniffing,59097,59066,59097,31
right_turning,59098,59097,59098,1
stepping,59125,59098,59125,27
sniffing,59131,59125,59131,6
walking,59210,59131,59210,79
sniffing,59421,59210,59421,211
walking,59428,59421,59428,7
sniffing,59452,59428,59452,24
rising,59496,59452,59496,44
sniffing,59497,59496,59497,1
left_turning,59535,59497,59535,38
walking,59565,59535,59565,30
rising,59596,59565,59596,31
sniffing,59666,59596,59666,70
rearing,59693,59666,59693,27
climbing,59768,59693,59768,75
sniffing,59813,59768,59813,45
rising,59825,59813,59825,12
sniffing,59883,59825,59883,58
climbing,59951,59883,59951,68
right_turning,59965,59951,59965,14
rising,59969,59965,59969,4
sniffing,59970,59969,59970,1
stepping,60025,59970,60025,55
trotting,60026,60025,60026,1
sniffing,60104,60026,60104,78
climbing,60169,60104,60169,65
rising,60170,60169,60170,1
rearing,60205,60170,60205,35
trotting,60253,60205,60253,48
walking,60293,60253,60293,40
stepping,60300,60293,60300,7
walking,60377,60300,60377,77
rising,60442,60377,60442,65
left_turning,60469,60442,60469,27
rising,60470,60469,60470,1
sniffing,60595,60470,60595,125
stepping,60659,60595,60659,64
sniffing,60779,60659,60779,120
rising,60838,60779,60838,59
sniffing,60928,60838,60928,90
walking,60932,60928,60932,4
left_turning,60933,60932,60933,1
walking,60936,60933,60936,3
rising,60968,60936,60968,32
hunching,61034,60968,61034,66
right_turning,61065,61034,61065,31
climbing,61111,61065,61111,46
left_turning,61151,61111,61151,40
walking,61171,61151,61171,20
sniffing,61323,61171,61323,152
left_turning,61329,61323,61329,6
sniffing,61374,61329,61374,45
walking,61441,61374,61441,67
sniffing,61520,61441,61520,79
rising,61538,61520,61538,18
walking,61585,61538,61585,47
climbing,61596,61585,61596,11
walking,61608,61596,61608,12
rearing,61614,61608,61614,6
climbing,61652,61614,61652,38
sniffing,61953,61652,61953,301
walking,61954,61953,61954,1
left_turning,62006,61954,62006,52
trotting,62031,62006,62031,25
sniffing,62032,62031,62032,1
rearing,62054,62032,62054,22
sniffing,62169,62054,62169,115
right_turning,62192,62169,62192,23
climbing,62280,62192,62280,88
trotting,62281,62280,62281,1
climbing,62386,62281,62386,105
sniffing,62408,62386,62408,22
trotting,62438,62408,62438,30
sniffing,62462,62438,62462,24
stepping,62509,62462,62509,47
walking,62553,62509,62553,44
sniffing,62705,62553,62705,152
walking,62729,62705,62729,24
left_turning,62811,62729,62811,82
sniffing,62847,62811,62847,36
walking,62860,62847,62860,13
left_turning,62883,62860,62883,23
sniffing,62919,62883,62919,36
pausing,63073,62919,63073,154
sniffing,63136,63073,63136,63
right_turning,63137,63136,63137,1
sniffing,63257,63137,63257,120
rising,63316,63257,63316,59
climbing,63339,63316,63339,23
running,63378,63339,63378,39
climbing,63455,63378,63455,77
trotting,63525,63455,63525,70
sniffing,63618,63525,63618,93
left_turning,63644,63618,63644,26
climbing,63827,63644,63827,183
right_turning,63861,63827,63861,34
walking,63911,63861,63911,50
sniffing,63912,63911,63912,1
pausing,64346,63912,64346,434
sniffing,64347,64346,64347,1
walking,64355,64347,64355,8
stepping,64374,64355,64374,19
left_turning,64378,64374,64378,4
sniffing,64397,64378,64397,19
walking,64440,64397,64440,43
sniffing,64518,64440,64518,78
rising,64543,64518,64543,25
sniffing,64544,64543,64544,1
left_turning,64586,64544,64586,42
sniffing,64652,64586,64652,66
rising,64662,64652,64662,10
grooming,64847,64662,64847,185
climbing,65130,64847,65130,283
left_turning,65161,65130,65161,31
rising,65204,65161,65204,43
climbing,65205,65204,65205,1
rising,65230,65205,65230,25
walking,65251,65230,65251,21
trotting,65280,65251,65280,29
walking,65340,65280,65340,60
sniffing,65354,65340,65354,14
rising,65392,65354,65392,38
sniffing,65393,65392,65393,1
rearing,65441,65393,65441,48
sniffing,65492,65441,65492,51
climbing,65493,65492,65493,1
right_turning,65506,65493,65506,13
walking,65507,65506,65507,1
left_turning,65530,65507,65530,23
sniffing,65535,65530,65535,5
rising,65536,65535,65536,1
trotting,65575,65536,65575,39
sniffing,65633,65575,65633,58
rising,65634,65633,65634,1
rearing,65635,65634,65635,1
rising,65666,65635,65666,31
sniffing,65838,65666,65838,172
climbing,65853,65838,65853,15
rearing,65854,65853,65854,1
sniffing,65855,65854,65855,1
left_turning,65890,65855,65890,35
walking,65912,65890,65912,22
sniffing,65982,65912,65982,70
rising,66061,65982,66061,79
sniffing,66062,66061,66062,1
walking,66072,66062,66072,10
sniffing,66138,66072,66138,66
left_turning,66175,66138,66175,37
sniffing,66262,66175,66262,87
stepping,66309,66262,66309,47
walking,66338,66309,66338,29
sniffing,66396,66338,66396,58
hunching,66397,66396,66397,1
jumping,66445,66397,66445,48
walking,66457,66445,66457,12
stepping,66492,66457,66492,35
walking,66535,66492,66535,43
climbing,66635,66535,66635,100
sniffing,66739,66635,66739,104
climbing,66937,66739,66937,198
right_turning,66938,66937,66938,1
sniffing,66966,66938,66966,28
left_turning,67000,66966,67000,34
sniffing,67001,67000,67001,1
left_turning,67036,67001,67036,35
stepping,67137,67036,67137,101
climbing,67209,67137,67209,72
sniffing,67341,67209,67341,132
right_turning,67351,67341,67351,10
climbing,67352,67351,67352,1
rising,67407,67352,67407,55
rearing,67482,67407,67482,75
rising,67488,67482,67488,6
sniffing,67493,67488,67493,5
rising,67553,67493,67553,60
sniffing,67554,67553,67554,1
pausing,67635,67554,67635,81
sniffing,67636,67635,67636,1
rising,67684,67636,67684,48
sniffing,67755,67684,67755,71
right_turning,67765,67755,67765,10
climbing,67867,67765,67867,102
rearing,67877,67867,67877,10
rising,67936,67877,67936,59
climbing,67965,67936,67965,29
walking,68013,67965,68013,48
climbing,68021,68013,68021,8
hunching,68044,68021,68044,23
right_turning,68086,68044,68086,42
rising,68087,68086,68087,1
sniffing,68123,68087,68123,36
right_turning,68157,68123,68157,34
sniffing,68245,68157,68245,88
rising,68281,68245,68281,36
sniffing,68282,68281,68282,1
hunching,68376,68282,68376,94
climbing,68468,68376,68468,92
rising,68542,68468,68542,74
climbing,68672,68542,68672,130
sniffing,68702,68672,68702,30
grooming,68735,68702,68735,33
rising,68822,68735,68822,87
climbing,68967,68822,68967,145
rising,69021,68967,69021,54
climbing,69100,69021,69100,79
sniffing,69304,69100,69304,204
walking,69305,69304,69305,1
sniffing,69334,69305,69334,29
rising,69424,69334,69424,90
left_turning,69434,69424,69434,10
sniffing,69502,69434,69502,68
right_turning,69533,69502,69533,31
walking,69632,69533,69632,99
sniffing,69633,69632,69633,1
walking,69668,69633,69668,35
sniffing,69756,69668,69756,88
walking,69784,69756,69784,28
sniffing,69830,69784,69830,46
rearing,69852,69830,69852,22
sniffing,69853,69852,69853,1
walking,69925,69853,69925,72
sniffing,70038,69925,70038,113
rising,70043,70038,70043,5
sniffing,70157,70043,70157,114
climbing,70245,70157,70245,88
rising,70278,70245,70278,33
climbing,70284,70278,70284,6
sniffing,70285,70284,70285,1
walking,70292,70285,70292,7
sniffing,70400,70292,70400,108
rearing,70440,70400,70440,40
grooming,70867,70440,70867,427
sniffing,70997,70867,70997,130
rising,71018,70997,71018,21
climbing,71045,71018,71045,27
right_turning,71046,71045,71046,1
walking,71047,71046,71047,1
sniffing,71054,71047,71054,7
climbing,71067,71054,71067,13
walking,71136,71067,71136,69
sniffing,71354,71136,71354,218
stepping,71412,71354,71412,58
trotting,71449,71412,71449,37
walking,71460,71449,71460,11
climbing,71640,71460,71640,180
hunching,71701,71640,71701,61
rearing,71732,71701,71732,31
rising,71827,71732,71827,95
sniffing,71873,71827,71873,46
pausing,71911,71873,71911,38
sniffing,71965,71911,71965,54
left_turning,72055,71965,72055,90
sniffing,72167,72055,72167,112
right_turning,72224,72167,72224,57
walking,72240,72224,72240,16
sniffing,72272,72240,72272,32
hunching,72344,72272,72344,72
rising,72430,72344,72430,86
climbing,72431,72430,72431,1
walking,72432,72431,72432,1
sniffing,72491,72432,72491,59
climbing,72631,72491,72631,140
sniffing,72788,72631,72788,157
walking,72803,72788,72803,15
trotting,72844,72803,72844,41
walking,72852,72844,72852,8
left_turning,72853,72852,72853,1
stepping,72873,72853,72873,20
right_turning,72896,72873,72896,23
climbing,72961,72896,72961,65
sniffing,73090,72961,73090,129
left_turning,73117,73090,73117,27
sniffing,73174,73117,73174,57
walking,73176,73174,73176,2
right_turning,73236,73176,73236,60
running,73252,73236,73252,16
walking,73273,73252,73273,21
rearing,73403,73273,73403,130
walking,73451,73403,73451,48
sniffing,73617,73451,73617,166
left_turning,73618,73617,73618,1
sniffing,73819,73618,73819,201
left_turning,73851,73819,73851,32
sniffing,73979,73851,73979,128
rising,73980,73979,73980,1
climbing,73981,73980,73981,1
sniffing,74110,73981,74110,129
walking,74117,74110,74117,7
sniffing,74118,74117,74118,1
left_turning,74119,74118,74119,1
sniffing,74190,74119,74190,71
hunching,74214,74190,74214,24
running,74240,74214,74240,26
rising,74276,74240,74276,36
climbing,74277,74276,74277,1
sniffing,74278,74277,74278,1
left_turning,74309,74278,74309,31
rising,74354,74309,74354,45
sniffing,74457,74354,74457,103
rearing,74537,74457,74537,80
right_turning,74552,74537,74552,15
climbing,74562,74552,74562,10
right_turning,74583,74562,74583,21
walking,74641,74583,74641,58
trotting,74658,74641,74658,17
walking,74707,74658,74707,49
rearing,74752,74707,74752,45
rising,74753,74752,74753,1
sniffing,74754,74753,74754,1
rising,74789,74754,74789,35
sniffing,74909,74789,74909,120
hunching,75014,74909,75014,105
trotting,75018,75014,75018,4
rising,75056,75018,75056,38
sniffing,75160,75056,75160,104
left_turning,75177,75160,75177,17
sniffing,75180,75177,75180,3
rising,75181,75180,75181,1
climbing,75202,75181,75202,21
rising,75206,75202,75206,4
sniffing,75365,75206,75365,159
stepping,75398,75365,75398,33
rising,75408,75398,75408,10
walking,75409,75408,75409,1
sniffing,75565,75409,75565,156
running,75589,75565,75589,24
sniffing,75702,75589,75702,113
left_turning,75755,75702,75755,53
sniffing,75771,75755,75771,16
rearing,75896,75771,75896,125
hunching,75934,75896,75934,38
trotting,75936,75934,75936,2
sniffing,76022,75936,76022,86
left_turning,76063,76022,76063,41
sniffing,76184,76063,76184,121
climbing,76236,76184,76236,52
walking,76313,76236,76313,77
rising,76314,76313,76314,1
climbing,76394,76314,76394,80
walking,76448,76394,76448,54
left_turning,76449,76448,76449,1
trotting,76496,76449,76496,47
right_turning,76527,76496,76527,31
trotting,76530,76527,76530,3
sniffing,76603,76530,76603,73
rising,76665,76603,76665,62
climbing,76732,76665,76732,67
rearing,76804,76732,76804,72
climbing,76869,76804,76869,65
sniffing,77025,76869,77025,156
walking,77067,77025,77067,42
sniffing,77076,77067,77076,9
walking,77095,77076,77095,19
rising,77160,77095,77160,65
climbing,77161,77160,77161,1
hunching,77162,77161,77162,1
climbing,77192,77162,77192,30
hunching,77233,77192,77233,41
sniffing,77238,77233,77238,5
climbing,77279,77238,77279,41
rearing,77389,77279,77389,110
climbing,77439,77389,77439,50
rising,77509,77439,77509,70
hunching,77510,77509,77510,1
sniffing,77676,77510,77676,166
left_turning,77682,77676,77682,6
sniffing,77683,77682,77683,1
climbing,77739,77683,77739,56
walking,77813,77739,77813,74
left_turning,77842,77813,77842,29
sniffing,77843,77842,77843,1
climbing,77900,77843,77900,57
rising,77917,77900,77917,17
left_turning,77932,77917,77932,15
sniffing,77933,77932,77933,1
grooming,78039,77933,78039,106
hunching,78040,78039,78040,1
trotting,78094,78040,78094,54
walking,78095,78094,78095,1
climbing,78229,78095,78229,134
sniffing,78318,78229,78318,89
walking,78372,78318,78372,54
left_turning,78406,78372,78406,34
running,78425,78406,78425,19
right_turning,78447,78425,78447,22
walking,78519,78447,78519,72
rearing,78520,78519,78520,1
walking,78559,78520,78559,39
sniffing,78643,78559,78643,84
stepping,78667,78643,78667,24
walking,78687,78667,78687,20
rearing,78817,78687,78817,130
climbing,78881,78817,78881,64
walking,78889,78881,78889,8
sniffing,79060,78889,79060,171
rising,79205,79060,79205,145
sniffing,79223,79205,79223,18
rising,79245,79223,79245,22
walking,79280,79245,79280,35
sniffing,79281,79280,79281,1
left_turning,79330,79281,79330,49
sniffing,79383,79330,79383,53
left_turning,79396,79383,79396,13
sniffing,79498,79396,79498,102
running,79501,79498,79501,3
stepping,79570,79501,79570,69
left_turning,79635,79570,79635,65
sniffing,79676,79635,79676,41
pausing,79870,79676,79870,194
sniffing,79926,79870,79926,56
left_turning,79937,79926,79937,11
climbing,80029,79937,80029,92
rearing,80145,80029,80145,116
climbing,80313,80145,80313,168
walking,80334,80313,80334,21
stepping,80377,80334,80377,43
rising,80422,80377,80422,45
sniffing,80438,80422,80438,16
climbing,80497,80438,80497,59
walking,80523,80497,80523,26
climbing,80561,80523,80561,38
sniffing,80669,80561,80669,108
walking,80741,80669,80741,72
sniffing,80742,80741,80742,1
running,80759,80742,80759,17
right_turning,80779,80759,80779,20
walking,80791,80779,80791,12
rising,80897,80791,80897,106
climbing,80974,80897,80974,77
trotting,80987,80974,80987,13
rising,81060,80987,81060,73
sniffing,81138,81060,81138,78
right_turning,81158,81138,81158,20
trotting,81213,81158,81213,55
sniffing,81214,81213,81214,1
rising,81251,81214,81251,37
sniffing,81252,81251,81252,1
left_turning,81267,81252,81267,15
trotting,81306,81267,81306,39
rising,81307,81306,81307,1
sniffing,81308,81307,81308,1
walking,81309,81308,81309,1
sniffing,81310,81309,81310,1
left_turning,81347,81310,81347,37
walking,81421,81347,81421,74
sniffing,81475,81421,81475,54
climbing,81481,81475,81481,6
left_turning,81531,81481,81531,50
sniffing,81601,81531,81601,70
climbing,81626,81601,81626,25
rearing,81715,81626,81715,89
sniffing,81716,81715,81716,1
rising,81717,81716,81717,1
climbing,81779,81717,81779,62
sniffing,81780,81779,81780,1
trotting,81833,81780,81833,53
sniffing,82041,81833,82041,208
left_turning,82064,82041,82064,23
sniffing,82520,82064,82520,456
right_turning,82563,82520,82563,43
walking,82580,82563,82580,17
sniffing,82581,82580,82581,1
right_turning,82590,82581,82590,9
trotting,82626,82590,82626,36
left_turning,82676,82626,82676,50
sniffing,82677,82676,82677,1
rising,82681,82677,82681,4
hunching,82760,82681,82760,79
sniffing,82805,82760,82805,45
right_turning,82806,82805,82806,1
rising,82807,82806,82807,1
sniffing,82830,82807,82830,23
rearing,82904,82830,82904,74
hunching,82905,82904,82905,1
rising,82970,82905,82970,65
sniffing,83314,82970,83314,344
hunching,83315,83314,83315,1
sniffing,83350,83315,83350,35
rising,83405,83350,83405,55
climbing,83573,83405,83573,168
rearing,83574,83573,83574,1
climbing,83585,83574,83585,11
hunching,83586,83585,83586,1
rising,83587,83586,83587,1
climbing,83666,83587,83666,79
running,83691,83666,83691,25
walking,83710,83691,83710,19
rising,83784,83710,83784,74
climbing,83903,83784,83903,119
rearing,83966,83903,83966,63
climbing,84006,83966,84006,40
rearing,84007,84006,84007,1
walking,84040,84007,84040,33
running,84076,84040,84076,36
left_turning,84126,84076,84126,50
walking,84130,84126,84130,4
sniffing,84199,84130,84199,69
rising,84288,84199,84288,89
climbing,84289,84288,84289,1
rearing,84322,84289,84322,33
climbing,84336,84322,84336,14
hunching,84383,84336,84383,47
rising,84423,84383,84423,40
sniffing,84484,84423,84484,61
rising,84537,84484,84537,53
sniffing,84538,84537,84538,1
rearing,84553,84538,84553,15
right_turning,84574,84553,84574,21
rising,84580,84574,84580,6
climbing,84626,84580,84626,46
right_turning,84627,84626,84627,1
trotting,84685,84627,84685,58
sniffing,84707,84685,84707,22
rising,84736,84707,84736,29
climbing,84779,84736,84779,43
stepping,84848,84779,84848,69
walking,84887,84848,84887,39
left_turning,84908,84887,84908,21
sniffing,84909,84908,84909,1
rising,84952,84909,84952,43
climbing,84977,84952,84977,25
rearing,85020,84977,85020,43
hunching,85050,85020,85050,30
grooming,85480,85050,85480,430
rising,85483,85480,85483,3
climbing,85601,85483,85601,118
right_turning,85643,85601,85643,42
stepping,85692,85643,85692,49
sniffing,85781,85692,85781,89
left_turning,85855,85781,85855,74
trotting,85898,85855,85898,43
climbing,85970,85898,85970,72
running,86002,85970,86002,32
left_turning,86051,86002,86051,49
sniffing,86052,86051,86052,1
rising,86081,86052,86081,29
sniffing,86165,86081,86165,84
walking,86197,86165,86197,32
rising,86203,86197,86203,6
sniffing,86215,86203,86215,12
left_turning,86252,86215,86252,37
sniffing,86301,86252,86301,49
pausing,86494,86301,86494,193
sniffing,86525,86494,86525,31
hunching,86547,86525,86547,22
sniffing,86643,86547,86643,96
stepping,86715,86643,86715,72
walking,86786,86715,86786,71
sniffing,86910,86786,86910,124
pausing,87332,86910,87332,422
sniffing,87396,87332,87396,64
left_turning,87432,87396,87432,36
sniffing,87575,87432,87575,143
climbing,87661,87575,87661,86
rearing,87663,87661,87663,2
rising,87671,87663,87671,8
climbing,87732,87671,87732,61
rising,87750,87732,87750,18
climbing,87849,87750,87849,99
sniffing,87912,87849,87912,63
left_turning,87913,87912,87913,1
walking,87959,87913,87959,46
sniffing,87960,87959,87960,1
rising,87961,87960,87961,1
rearing,88011,87961,88011,50
rising,88172,88011,88172,161
climbing,88173,88172,88173,1
trotting,88192,88173,88192,19
hunching,88265,88192,88265,73
rearing,88327,88265,88327,62
rising,88367,88327,88367,40
rearing,88380,88367,88380,13
left_turning,88425,88380,88425,45
sniffing,88594,88425,88594,169
walking,88630,88594,88630,36
rising,88665,88630,88665,35
climbing,88734,88665,88734,69
hunching,88836,88734,88836,102
sniffing,88849,88836,88849,13
rearing,88921,88849,88921,72
left_turning,89006,88921,89006,85
sniffing,89055,89006,89055,49
hunching,89109,89055,89109,54
grooming,89300,89109,89300,191
hunching,89309,89300,89309,9
stepping,89386,89309,89386,77
left_turning,89404,89386,89404,18
walking,89437,89404,89437,33
sniffing,89513,89437,89513,76
climbing,89561,89513,89561,48
sniffing,89614,89561,89614,53
walking,89683,89614,89683,69
stepping,89763,89683,89763,80
climbing,89902,89763,89902,139
sniffing,90002,89902,90002,100
grooming,90003,90002,90003,1
hunching,90004,90003,90004,1
sniffing,90081,90004,90081,77
rising,90082,90081,90082,1
left_turning,90213,90082,90213,131
trotting,90243,90213,90243,30
rising,90329,90243,90329,86
rearing,90330,90329,90330,1
climbing,90434,90330,90434,104
sniffing,90636,90434,90636,202
walking,90674,90636,90674,38
trotting,90703,90674,90703,29
sniffing,90757,90703,90757,54
rising,90763,90757,90763,6
climbing,90891,90763,90891,128
trotting,90929,90891,90929,38
rising,90991,90929,90991,62
climbing,91126,90991,91126,135
walking,91152,91126,91152,26
sniffing,91390,91152,91390,238
hunching,91391,91390,91391,1
right_turning,91438,91391,91438,47
running,91461,91438,91461,23
rising,91467,91461,91467,6
climbing,91591,91467,91591,124
trotting,91608,91591,91608,17
walking,91609,91608,91609,1
sniffing,91699,91609,91699,90
climbing,91743,91699,91743,44
rearing,91815,91743,91815,72
rising,91895,91815,91895,80
sniffing,91983,91895,91983,88
walking,92007,91983,92007,24
right_turning,92044,92007,92044,37
left_turning,92103,92044,92103,59
sniffing,92104,92103,92104,1
right_turning,92105,92104,92105,1
rising,92106,92105,92106,1
climbing,92107,92106,92107,1
rising,92149,92107,92149,42
climbing,92222,92149,92222,73
grooming,92223,92222,92223,1
sniffing,92534,92223,92534,311
rising,92543,92534,92543,9
climbing,92555,92543,92555,12
walking,92557,92555,92557,2
sniffing,92679,92557,92679,122
trotting,92700,92679,92700,21
walking,92703,92700,92703,3
rising,92752,92703,92752,49
rearing,93005,92752,93005,253
walking,93042,93005,93042,37
rising,93114,93042,93114,72
left_turning,93115,93114,93115,1
rising,93141,93115,93141,26
climbing,93269,93141,93269,128
rearing,93304,93269,93304,35
rising,93506,93304,93506,202
climbing,93531,93506,93531,25
hunching,93561,93531,93561,30
sniffing,93665,93561,93665,104
left_turning,93723,93665,93723,58
stepping,93764,93723,93764,41
climbing,93937,93764,93937,173
trotting,93953,93937,93953,16
sniffing,93954,93953,93954,1
climbing,93982,93954,93982,28
hunching,94059,93982,94059,77
grooming,94339,94059,94339,280
rising,94475,94339,94475,136
climbing,94592,94475,94592,117
hunching,94650,94592,94650,58
climbing,94708,94650,94708,58
trotting,94735,94708,94735,27
sniffing,94791,94735,94791,56
rising,94810,94791,94810,19
right_turning,94822,94810,94822,12
walking,94876,94822,94876,54
stepping,94877,94876,94877,1
walking,94878,94877,94878,1
climbing,94892,94878,94892,14
walking,94893,94892,94893,1
climbing,94933,94893,94933,40
rising,94935,94933,94935,2
right_turning,94962,94935,94962,27
walking,95072,94962,95072,110
climbing,95199,95072,95199,127
trotting,95239,95199,95239,40
sniffing,95240,95239,95240,1
rearing,95354,95240,95354,114
walking,95454,95354,95454,100
climbing,95498,95454,95498,44
walking,95512,95498,95512,14
sniffing,95692,95512,95692,180
rising,95727,95692,95727,35
climbing,95829,95727,95829,102
rising,95830,95829,95830,1
rearing,95862,95830,95862,32
hunching,95878,95862,95878,16
climbing,95909,95878,95909,31
sniffing,96015,95909,96015,106
rearing,96016,96015,96016,1
rising,96092,96016,96092,76
left_turning,96172,96092,96172,80
running,96238,96172,96238,66
rearing,96239,96238,96239,1
left_turning,96240,96239,96240,1
rising,96241,96240,96241,1
walking,96271,96241,96271,30
sniffing,96295,96271,96295,24
climbing,96353,96295,96353,58
rearing,96516,96353,96516,163
climbing,96573,96516,96573,57
sniffing,96613,96573,96613,40
rising,96633,96613,96633,20
climbing,96812,96633,96812,179
sniffing,96813,96812,96813,1
climbing,96945,96813,96945,132
running,96998,96945,96998,53
climbing,96999,96998,96999,1
rising,97098,96999,97098,99
walking,97147,97098,97147,49
rising,97193,97147,97193,46
climbing,97280,97193,97280,87
rising,97402,97280,97402,122
climbing,97458,97402,97458,56
walking,97479,97458,97479,21
rising,97529,97479,97529,50
climbing,97586,97529,97586,57
right_turning,97633,97586,97633,47
running,97665,97633,97665,32
rising,97698,97665,97698,33
sniffing,97699,97698,97699,1
rising,97700,97699,97700,1
climbing,97799,97700,97799,99
walking,97873,97799,97873,74
sniffing,97943,97873,97943,70
walking,97986,97943,97986,43
sniffing,98064,97986,98064,78
right_turning,98084,98064,98084,20
walking,98118,98084,98118,34
rising,98119,98118,98119,1
rearing,98192,98119,98192,73
rising,98295,98192,98295,103
left_turning,98359,98295,98359,64
walking,98378,98359,98378,19
sniffing,98481,98378,98481,103
running,98538,98481,98538,57
sniffing,98744,98538,98744,206
walking,98766,98744,98766,22
sniffing,98870,98766,98870,104
walking,98881,98870,98881,11
rising,98959,98881,98959,78
sniffing,99027,98959,99027,68
pausing,99423,99027,99423,396
sniffing,99424,99423,99424,1
hunching,99430,99424,99430,6
sniffing,99471,99430,99471,41
trotting,99511,99471,99511,40
stepping,99534,99511,99534,23
walking,99571,99534,99571,37
left_turning,99610,99571,99610,39
walking,99686,99610,99686,76
rising,99695,99686,99695,9
climbing,99759,99695,99759,64
rearing,99908,99759,99908,149
climbing,99909,99908,99909,1
walking,99980,99909,99980,71
stepping,99995,99980,99995,15
walking,100033,99995,100033,38
stepping,100066,100033,100066,33
rising,100137,100066,100137,71
climbing,100217,100137,100217,80
rearing,100218,100217,100218,1
rising,100275,100218,100275,57
rearing,100410,100275,100410,135
walking,100429,100410,100429,19
rising,100473,100429,100473,44
climbing,100496,100473,100496,23
rising,100519,100496,100519,23
sniffing,100644,100519,100644,125
right_turning,100697,100644,100697,53
rising,100698,100697,100698,1
sniffing,100845,100698,100845,147
rising,100854,100845,100854,9
climbing,100938,100854,100938,84
rising,100944,100938,100944,6
climbing,100945,100944,100945,1
sniffing,101010,100945,101010,65
left_turning,101042,101010,101042,32
sniffing,101098,101042,101098,56
pausing,101099,101098,101099,1
sniffing,101255,101099,101255,156
pausing,101486,101255,101486,231
sniffing,101487,101486,101487,1
stepping,101508,101487,101508,21
sniffing,101683,101508,101683,175
stepping,101760,101683,101760,77
climbing,101871,101760,101871,111
walking,101970,101871,101970,99
rearing,101971,101970,101971,1
right_turning,101972,101971,101972,1
walking,102021,101972,102021,49
sniffing,102108,102021,102108,87
pausing,102192,102108,102192,84
sniffing,102236,102192,102236,44
rearing,102237,102236,102237,1
rising,102238,102237,102238,1
sniffing,102344,102238,102344,106
left_turning,102345,102344,102345,1
sniffing,102465,102345,102465,120
left_turning,102466,102465,102466,1
walking,102467,102466,102467,1
sniffing,102482,102467,102482,15
walking,102488,102482,102488,6
stepping,102528,102488,102528,40
rising,102569,102528,102569,41
climbing,102650,102569,102650,81
rising,102728,102650,102728,78
climbing,102815,102728,102815,87
sniffing,102880,102815,102880,65
rising,102881,102880,102881,1
left_turning,102957,102881,102957,76
walking,102962,102957,102962,5
sniffing,103143,102962,103143,181
rising,103262,103143,103262,119
climbing,103354,103262,103354,92
rising,103355,103354,103355,1
climbing,103459,103355,103459,104
right_turning,103480,103459,103480,21
rising,103540,103480,103540,60
climbing,103593,103540,103593,53
rising,103664,103593,103664,71
climbing,103868,103664,103868,204
rearing,103869,103868,103869,1
climbing,103880,103869,103880,11
walking,103884,103880,103884,4
stepping,103934,103884,103934,50
left_turning,104004,103934,104004,70
sniffing,104005,104004,104005,1
right_turning,104007,104005,104007,2
rising,104008,104007,104008,1
sniffing,104028,104008,104028,20
rising,104129,104028,104129,101
sniffing,104136,104129,104136,7
climbing,104163,104136,104163,27
sniffing,104164,104163,104164,1
climbing,104253,104164,104253,89
right_turning,104330,104253,104330,77
left_turning,104374,104330,104374,44
walking,104450,104374,104450,76
climbing,104532,104450,104532,82
hunching,104533,104532,104533,1
sniffing,104617,104533,104617,84
rising,104664,104617,104664,47
climbing,104785,104664,104785,121
right_turning,104819,104785,104819,34
stepping,104853,104819,104853,34
walking,104882,104853,104882,29
stepping,104898,104882,104898,16
walking,104908,104898,104908,10
left_turning,104924,104908,104924,16
trotting,104928,104924,104928,4
stepping,104961,104928,104961,33
walking,105007,104961,105007,46
sniffing,105176,105007,105176,169
rearing,105204,105176,105204,28
grooming,105583,105204,105583,379
rearing,105634,105583,105634,51
rising,105661,105634,105661,27
climbing,105677,105661,105677,16
rising,105678,105677,105678,1
pausing,106171,105678,106171,493
sniffing,106274,106171,106274,103
grooming,106388,106274,106388,114
rearing,106595,106388,106595,207
rising,106596,106595,106596,1
sniffing,106608,106596,106608,12
rising,106672,106608,106672,64
right_turning,106701,106672,106701,29
walking,106757,106701,106757,56
stepping,106767,106757,106767,10
rising,106834,106767,106834,67
right_turning,106857,106834,106857,23
hunching,106901,106857,106901,44
climbing,106959,106901,106959,58
hunching,107054,106959,107054,95
walking,107099,107054,107099,45
left_turning,107113,107099,107113,14
sniffing,107204,107113,107204,91
rearing,107299,107204,107299,95
left_turning,107358,107299,107358,59
sniffing,107390,107358,107390,32
rising,107448,107390,107448,58
rearing,107477,107448,107477,29
sniffing,107585,107477,107585,108
left_turning,107586,107585,107586,1
stepping,107601,107586,107601,15
trotting,107622,107601,107622,21
sniffing,107713,107622,107713,91
walking,107739,107713,107739,26
left_turning,107852,107739,107852,113
sniffing,107918,107852,107918,66
rising,107919,107918,107919,1
sniffing,107939,107919,107939,20
rearing,107975,107939,107975,36
sniffing,107976,107975,107976,1
stepping,107977,107976,107977,1
sniffing,107978,107977,107978,1
rising,108000,107978,108000,22
