revised_movement_label,segBoundary,segBoundary_start,segBoundary_end,length
sniffing,1,0,1,1
walking,2,1,2,1
left_turning,69,2,69,67
walking,83,69,83,14
sniffing,122,83,122,39
trotting,153,122,153,31
walking,184,153,184,31
sniffing,185,184,185,1
walking,248,185,248,63
running,279,248,279,31
sniffing,322,279,322,43
left_turning,323,322,323,1
rising,347,323,347,24
sniffing,367,347,367,20
walking,394,367,394,27
left_turning,419,394,419,25
rising,423,419,423,4
sniffing,424,423,424,1
rising,465,424,465,41
climbing,476,465,476,11
right_turning,477,476,477,1
walking,478,477,478,1
sniffing,519,478,519,41
hunching,520,519,520,1
sniffing,521,520,521,1
walking,525,521,525,4
trotting,565,525,565,40
left_turning,566,565,566,1
rising,567,566,567,1
sniffing,614,567,614,47
rising,664,614,664,50
climbing,715,664,715,51
rising,723,715,723,8
stepping,792,723,792,69
sniffing,835,792,835,43
walking,861,835,861,26
left_turning,919,861,919,58
sniffing,956,919,956,37
walking,1007,956,1007,51
sniffing,1046,1007,1046,39
walking,1098,1046,1098,52
left_turning,1109,1098,1109,11
running,1148,1109,1148,39
walking,1214,1148,1214,66
sniffing,1215,1214,1215,1
stepping,1257,1215,1257,42
sniffing,1505,1257,1505,248
trotting,1506,1505,1506,1
sniffing,1507,1506,1507,1
climbing,1571,1507,1571,64
sniffing,1725,1571,1725,154
trotting,1743,1725,1743,18
sniffing,1791,1743,1791,48
left_turning,1792,1791,1792,1
rising,1821,1792,1821,29
climbing,1839,1821,1839,18
walking,1862,1839,1862,23
sniffing,1863,1862,1863,1
right_turning,1913,1863,1913,50
climbing,1965,1913,1965,52
walking,1966,1965,1966,1
right_turning,2005,1966,2005,39
rising,2016,2005,2016,11
climbing,2019,2016,2019,3
walking,2087,2019,2087,68
sniffing,2123,2087,2123,36
trotting,2160,2123,2160,37
stepping,2201,2160,2201,41
walking,2275,2201,2275,74
rising,2300,2275,2300,25
climbing,2323,2300,2323,23
walking,2324,2323,2324,1
rising,2329,2324,2329,5
walking,2355,2329,2355,26
rising,2369,2355,2369,14
right_turning,2404,2369,2404,35
trotting,2433,2404,2433,29
sniffing,2531,2433,2531,98
trotting,2532,2531,2532,1
sniffing,2533,2532,2533,1
rising,2581,2533,2581,48
climbing,2661,2581,2661,80
trotting,2665,2661,2665,4
right_turning,2681,2665,2681,16
walking,2936,2681,2936,255
climbing,2957,2936,2957,21
sniffing,2958,2957,2958,1
stepping,2959,2958,2959,1
sniffing,3100,2959,3100,141
rising,3131,3100,3131,31
sniffing,3149,3131,3149,18
left_turning,3251,3149,3251,102
walking,3314,3251,3314,63
rising,3347,3314,3347,33
stepping,3400,3347,3400,53
walking,3445,3400,3445,45
sniffing,3485,3445,3485,40
climbing,3510,3485,3510,25
sniffing,3579,3510,3579,69
left_turning,3628,3579,3628,49
running,3682,3628,3682,54
sniffing,3683,3682,3683,1
climbing,3777,3683,3777,94
running,3794,3777,3794,17
sniffing,3999,3794,3999,205
rising,4007,3999,4007,8
walking,4058,4007,4058,51
sniffing,4060,4058,4060,2
left_turning,4061,4060,4061,1
walking,4106,4061,4106,45
rising,4107,4106,4107,1
climbing,4215,4107,4215,108
sniffing,4268,4215,4268,53
climbing,4329,4268,4329,61
sniffing,4451,4329,4451,122
walking,4489,4451,4489,38
rising,4522,4489,4522,33
walking,4566,4522,4566,44
rising,4636,4566,4636,70
hunching,4646,4636,4646,10
climbing,4721,4646,4721,75
walking,4780,4721,4780,59
left_turning,4847,4780,4847,67
climbing,4880,4847,4880,33
walking,4994,4880,4994,114
hunching,5017,4994,5017,23
rearing,5037,5017,5037,20
sniffing,5085,5037,5085,48
trotting,5122,5085,5122,37
walking,5123,5122,5123,1
left_turning,5170,5123,5170,47
trotting,5242,5170,5242,72
walking,5281,5242,5281,39
rising,5316,5281,5316,35
walking,5339,5316,5339,23
climbing,5426,5339,5426,87
walking,5427,5426,5427,1
sniffing,5460,5427,5460,33
rearing,5490,5460,5490,30
rising,5570,5490,5570,80
climbing,5573,5570,5573,3
sniffing,5607,5573,5607,34
walking,5642,5607,5642,35
rising,5649,5642,5649,7
trotting,5680,5649,5680,31
walking,5704,5680,5704,24
sniffing,5761,5704,5761,57
rising,5847,5761,5847,86
running,5852,5847,5852,5
left_turning,5929,5852,5929,77
walking,5965,5929,5965,36
sniffing,5966,5965,5966,1
rising,5967,5966,5967,1
climbing,6070,5967,6070,103
right_turning,6119,6070,6119,49
rising,6132,6119,6132,13
climbing,6150,6132,6150,18
walking,6202,6150,6202,52
climbing,6299,6202,6299,97
walking,6361,6299,6361,62
sniffing,6403,6361,6403,42
rising,6431,6403,6431,28
sniffing,6432,6431,6432,1
rising,6463,6432,6463,31
left_turning,6490,6463,6490,27
sniffing,6513,6490,6513,23
running,6570,6513,6570,57
rising,6609,6570,6609,39
rearing,6610,6609,6610,1
rising,6632,6610,6632,22
rearing,6645,6632,6645,13
rising,6655,6645,6655,10
right_turning,6667,6655,6667,12
walking,6692,6667,6692,25
climbing,6752,6692,6752,60
sniffing,6754,6752,6754,2
climbing,6768,6754,6768,14
rising,6782,6768,6782,14
sniffing,6822,6782,6822,40
trotting,6882,6822,6882,60
sniffing,6937,6882,6937,55
rising,6969,6937,6969,32
sniffing,7040,6969,7040,71
climbing,7088,7040,7088,48
sniffing,7131,7088,7131,43
stepping,7153,7131,7153,22
sniffing,7154,7153,7154,1
grooming,7165,7154,7165,11
sniffing,7219,7165,7219,54
climbing,7256,7219,7256,37
left_turning,7277,7256,7277,21
sniffing,7331,7277,7331,54
stepping,7426,7331,7426,95
walking,7472,7426,7472,46
left_turning,7540,7472,7540,68
rising,7552,7540,7552,12
walking,7577,7552,7577,25
climbing,7578,7577,7578,1
left_turning,7581,7578,7581,3
walking,7611,7581,7611,30
rising,7617,7611,7617,6
climbing,7649,7617,7649,32
rising,7720,7649,7720,71
climbing,7817,7720,7817,97
running,7844,7817,7844,27
sniffing,7845,7844,7845,1
rearing,7846,7845,7846,1
grooming,7904,7846,7904,58
sniffing,7905,7904,7905,1
climbing,7908,7905,7908,3
walking,7966,7908,7966,58
left_turning,7990,7966,7990,24
sniffing,8111,7990,8111,121
trotting,8154,8111,8154,43
rising,8188,8154,8188,34
walking,8260,8188,8260,72
stepping,8328,8260,8328,68
sniffing,8329,8328,8329,1
right_turning,8330,8329,8330,1
trotting,8367,8330,8367,37
walking,8429,8367,8429,62
stepping,8533,8429,8533,104
rising,8534,8533,8534,1
climbing,8572,8534,8572,38
sniffing,8573,8572,8573,1
walking,8605,8573,8605,32
climbing,8723,8605,8723,118
walking,8799,8723,8799,76
sniffing,8917,8799,8917,118
walking,8934,8917,8934,17
stepping,8951,8934,8951,17
climbing,8993,8951,8993,42
sniffing,9028,8993,9028,35
walking,9035,9028,9035,7
climbing,9122,9035,9122,87
walking,9173,9122,9173,51
sniffing,9303,9173,9303,130
walking,9326,9303,9326,23
sniffing,9341,9326,9341,15
rising,9405,9341,9405,64
sniffing,9439,9405,9439,34
climbing,9471,9439,9471,32
sniffing,9514,9471,9514,43
climbing,9598,9514,9598,84
right_turning,9669,9598,9669,71
left_turning,9680,9669,9680,11
running,9720,9680,9720,40
walking,9726,9720,9726,6
rising,9772,9726,9772,46
stepping,9821,9772,9821,49
hunching,9822,9821,9822,1
right_turning,9825,9822,9825,3
rising,9826,9825,9826,1
climbing,9903,9826,9903,77
sniffing,9940,9903,9940,37
climbing,10003,9940,10003,63
left_turning,10090,10003,10090,87
walking,10144,10090,10144,54
sniffing,10252,10144,10252,108
walking,10318,10252,10318,66
rising,10332,10318,10332,14
climbing,10374,10332,10374,42
walking,10429,10374,10429,55
sniffing,10430,10429,10430,1
rearing,10562,10430,10562,132
sniffing,10676,10562,10676,114
rearing,10692,10676,10692,16
sniffing,10693,10692,10693,1
climbing,10759,10693,10759,66
rising,10813,10759,10813,54
climbing,10846,10813,10846,33
rising,10910,10846,10910,64
climbing,10997,10910,10997,87
sniffing,11082,10997,11082,85
walking,11143,11082,11143,61
rising,11144,11143,11144,1
walking,11227,11144,11227,83
stepping,11245,11227,11245,18
sniffing,11246,11245,11246,1
rising,11247,11246,11247,1
climbing,11330,11247,11330,83
rising,11334,11330,11334,4
climbing,11408,11334,11408,74
sniffing,11527,11408,11527,119
right_turning,11585,11527,11585,58
rising,11656,11585,11656,71
climbing,11745,11656,11745,89
sniffing,11829,11745,11829,84
left_turning,11859,11829,11859,30
sniffing,11912,11859,11912,53
rearing,11980,11912,11980,68
grooming,12028,11980,12028,48
climbing,12151,12028,12151,123
rising,12187,12151,12187,36
walking,12188,12187,12188,1
rising,12225,12188,12225,37
climbing,12283,12225,12283,58
walking,12359,12283,12359,76
climbing,12405,12359,12405,46
rising,12491,12405,12491,86
sniffing,12503,12491,12503,12
climbing,12504,12503,12504,1
sniffing,12509,12504,12509,5
walking,12552,12509,12552,43
sniffing,12572,12552,12572,20
climbing,12631,12572,12631,59
walking,12681,12631,12681,50
trotting,12725,12681,12725,44
left_turning,12743,12725,12743,18
walking,12763,12743,12763,20
right_turning,12816,12763,12816,53
walking,12818,12816,12818,2
sniffing,12845,12818,12845,27
running,12846,12845,12846,1
climbing,12887,12846,12887,41
sniffing,12920,12887,12920,33
left_turning,12948,12920,12948,28
sniffing,12949,12948,12949,1
left_turning,12950,12949,12950,1
walking,12954,12950,12954,4
trotting,12992,12954,12992,38
sniffing,12993,12992,12993,1
walking,13001,12993,13001,8
sniffing,13169,13001,13169,168
rising,13224,13169,13224,55
climbing,13251,13224,13251,27
walking,13252,13251,13252,1
running,13277,13252,13277,25
stepping,13287,13277,13287,10
sniffing,13288,13287,13288,1
left_turning,13323,13288,13323,35
walking,13350,13323,13350,27
left_turning,13372,13350,13372,22
walking,13441,13372,13441,69
rearing,13538,13441,13538,97
climbing,13575,13538,13575,37
sniffing,13603,13575,13603,28
right_turning,13620,13603,13620,17
walking,13671,13620,13671,51
sniffing,13725,13671,13725,54
climbing,13802,13725,13802,77
left_turning,13803,13802,13803,1
sniffing,13869,13803,13869,66
rising,13899,13869,13899,30
walking,13930,13899,13930,31
rising,13974,13930,13974,44
walking,14038,13974,14038,64
rising,14072,14038,14072,34
left_turning,14094,14072,14094,22
climbing,14137,14094,14137,43
rising,14193,14137,14193,56
sniffing,14243,14193,14243,50
climbing,14299,14243,14299,56
trotting,14353,14299,14353,54
walking,14394,14353,14394,41
sniffing,14482,14394,14482,88
climbing,14525,14482,14525,43
walking,14654,14525,14654,129
rising,14670,14654,14670,16
walking,14709,14670,14709,39
sniffing,14854,14709,14854,145
walking,14856,14854,14856,2
left_turning,14921,14856,14921,65
sniffing,15004,14921,15004,83
right_turning,15017,15004,15017,13
walking,15087,15017,15087,70
sniffing,15133,15087,15133,46
climbing,15156,15133,15156,23
right_turning,15170,15156,15170,14
rising,15237,15170,15237,67
hunching,15253,15237,15253,16
rearing,15254,15253,15254,1
sniffing,15304,15254,15304,50
climbing,15333,15304,15333,29
walking,15358,15333,15358,25
sniffing,15359,15358,15359,1
walking,15411,15359,15411,52
climbing,15482,15411,15482,71
running,15484,15482,15484,2
walking,15521,15484,15521,37
climbing,15602,15521,15602,81
walking,15649,15602,15649,47
sniffing,15763,15649,15763,114
hunching,15813,15763,15813,50
right_turning,15875,15813,15875,62
trotting,15931,15875,15931,56
right_turning,16003,15931,16003,72
trotting,16004,16003,16004,1
right_turning,16005,16004,16005,1
walking,16067,16005,16067,62
climbing,16101,16067,16101,34
sniffing,16123,16101,16123,22
climbing,16162,16123,16162,39
rising,16247,16162,16247,85
left_turning,16292,16247,16292,45
stepping,16361,16292,16361,69
walking,16376,16361,16376,15
sniffing,16534,16376,16534,158
right_turning,16595,16534,16595,61
walking,16668,16595,16668,73
rising,16669,16668,16669,1
rearing,16670,16669,16670,1
climbing,16726,16670,16726,56
walking,16733,16726,16733,7
climbing,16757,16733,16757,24
sniffing,16830,16757,16830,73
rising,16834,16830,16834,4
climbing,16913,16834,16913,79
sniffing,16974,16913,16974,61
climbing,17073,16974,17073,99
hunching,17100,17073,17100,27
sniffing,17262,17100,17262,162
running,17273,17262,17273,11
walking,17274,17273,17274,1
sniffing,17394,17274,17394,120
left_turning,17423,17394,17423,29
sniffing,17433,17423,17433,10
climbing,17563,17433,17563,130
stepping,17627,17563,17627,64
rising,17630,17627,17630,3
climbing,17718,17630,17718,88
rising,17721,17718,17721,3
walking,17760,17721,17760,39
left_turning,17799,17760,17799,39
sniffing,17895,17799,17895,96
trotting,17948,17895,17948,53
climbing,18007,17948,18007,59
running,18056,18007,18056,49
sniffing,18203,18056,18203,147
stepping,18223,18203,18223,20
sniffing,18346,18223,18346,123
walking,18372,18346,18372,26
sniffing,18430,18372,18430,58
walking,18490,18430,18490,60
stepping,18589,18490,18589,99
hunching,18608,18589,18608,19
grooming,18609,18608,18609,1
climbing,18666,18609,18666,57
sniffing,18696,18666,18696,30
left_turning,18760,18696,18760,64
sniffing,18953,18760,18953,193
walking,18990,18953,18990,37
sniffing,19026,18990,19026,36
climbing,19127,19026,19127,101
stepping,19175,19127,19175,48
sniffing,19176,19175,19176,1
trotting,19194,19176,19194,18
rising,19262,19194,19262,68
climbing,19385,19262,19385,123
stepping,19402,19385,19402,17
running,19444,19402,19444,42
sniffing,19445,19444,19445,1
climbing,19534,19445,19534,89
rearing,19606,19534,19606,72
right_turning,19625,19606,19625,19
walking,19654,19625,19654,29
sniffing,19739,19654,19739,85
climbing,19740,19739,19740,1
sniffing,19775,19740,19775,35
right_turning,19780,19775,19780,5
walking,19842,19780,19842,62
sniffing,19851,19842,19851,9
trotting,19873,19851,19873,22
walking,19905,19873,19905,32
right_turning,19964,19905,19964,59
walking,19965,19964,19965,1
trotting,20005,19965,20005,40
walking,20058,20005,20058,53
sniffing,20106,20058,20106,48
walking,20190,20106,20190,84
stepping,20235,20190,20235,45
sniffing,20295,20235,20295,60
climbing,20402,20295,20402,107
sniffing,20445,20402,20445,43
left_turning,20547,20445,20547,102
trotting,20590,20547,20590,43
walking,20647,20590,20647,57
rising,20648,20647,20648,1
walking,20679,20648,20679,31
sniffing,20680,20679,20680,1
rising,20695,20680,20695,15
climbing,20696,20695,20696,1
sniffing,20783,20696,20783,87
left_turning,20784,20783,20784,1
grooming,21136,20784,21136,352
sniffing,21182,21136,21182,46
climbing,21301,21182,21301,119
hunching,21337,21301,21337,36
sniffing,21357,21337,21357,20
walking,21421,21357,21421,64
sniffing,21479,21421,21479,58
walking,21485,21479,21485,6
left_turning,21543,21485,21543,58
walking,21578,21543,21578,35
trotting,21623,21578,21623,45
walking,21650,21623,21650,27
trotting,21694,21650,21694,44
left_turning,21777,21694,21777,83
rising,21829,21777,21829,52
walking,21948,21829,21948,119
sniffing,22009,21948,22009,61
walking,22096,22009,22096,87
left_turning,22097,22096,22097,1
trotting,22132,22097,22132,35
rising,22174,22132,22174,42
climbing,22218,22174,22218,44
left_turning,22233,22218,22233,15
walking,22255,22233,22255,22
rising,22266,22255,22266,11
climbing,22302,22266,22302,36
right_turning,22381,22302,22381,79
walking,22445,22381,22445,64
trotting,22457,22445,22457,12
walking,22519,22457,22519,62
sniffing,22544,22519,22544,25
climbing,22573,22544,22573,29
right_turning,22574,22573,22574,1
walking,22692,22574,22692,118
stepping,22741,22692,22741,49
hunching,22775,22741,22775,34
right_turning,22804,22775,22804,29
walking,22809,22804,22809,5
rising,22846,22809,22846,37
walking,22847,22846,22847,1
rising,22897,22847,22897,50
left_turning,22970,22897,22970,73
sniffing,22979,22970,22979,9
walking,23025,22979,23025,46
sniffing,23063,23025,23063,38
rearing,23083,23063,23083,20
walking,23110,23083,23110,27
trotting,23176,23110,23176,66
climbing,23289,23176,23289,113
running,23335,23289,23335,46
sniffing,23617,23335,23617,282
trotting,23675,23617,23675,58
left_turning,23759,23675,23759,84
walking,23791,23759,23791,32
sniffing,23890,23791,23890,99
walking,23898,23890,23898,8
sniffing,23900,23898,23900,2
right_turning,23926,23900,23926,26
trotting,23975,23926,23975,49
stepping,24002,23975,24002,27
sniffing,24060,24002,24060,58
left_turning,24123,24060,24123,63
rising,24124,24123,24124,1
grooming,24321,24124,24321,197
left_turning,24356,24321,24356,35
walking,24413,24356,24413,57
rising,24469,24413,24469,56
rearing,24510,24469,24510,41
jumping,24566,24510,24566,56
climbing,24703,24566,24703,137
sniffing,24726,24703,24726,23
walking,24755,24726,24755,29
rising,24767,24755,24767,12
climbing,24802,24767,24802,35
trotting,24817,24802,24817,15
rising,24864,24817,24864,47
climbing,24890,24864,24890,26
right_turning,24896,24890,24896,6
walking,24920,24896,24920,24
sniffing,24955,24920,24955,35
rising,24992,24955,24992,37
hunching,25036,24992,25036,44
climbing,25089,25036,25089,53
rearing,25090,25089,25090,1
climbing,25117,25090,25117,27
sniffing,25141,25117,25141,24
rising,25142,25141,25142,1
rearing,25224,25142,25224,82
right_turning,25241,25224,25241,17
left_turning,25296,25241,25296,55
sniffing,25349,25296,25349,53
right_turning,25379,25349,25379,30
stepping,25400,25379,25400,21
walking,25443,25400,25443,43
sniffing,25584,25443,25584,141
climbing,25635,25584,25635,51
walking,25655,25635,25655,20
sniffing,25703,25655,25703,48
climbing,25740,25703,25740,37
rising,25799,25740,25799,59
climbing,25800,25799,25800,1
rising,25801,25800,25801,1
trotting,25818,25801,25818,17
rising,25835,25818,25835,17
right_turning,25851,25835,25851,16
walking,25941,25851,25941,90
sniffing,25958,25941,25958,17
walking,26045,25958,26045,87
rising,26046,26045,26046,1
rearing,26056,26046,26056,10
climbing,26094,26056,26094,38
trotting,26124,26094,26124,30
walking,26129,26124,26129,5
sniffing,26147,26129,26147,18
walking,26206,26147,26206,59
climbing,26267,26206,26267,61
rearing,26334,26267,26334,67
trotting,26345,26334,26345,11
rising,26388,26345,26388,43
walking,26393,26388,26393,5
sniffing,26488,26393,26488,95
walking,26507,26488,26507,19
climbing,26508,26507,26508,1
rearing,26555,26508,26555,47
grooming,26737,26555,26737,182
climbing,26777,26737,26777,40
rearing,26778,26777,26778,1
sniffing,26843,26778,26843,65
hunching,26846,26843,26846,3
left_turning,26873,26846,26873,27
sniffing,26982,26873,26982,109
left_turning,27032,26982,27032,50
trotting,27038,27032,27038,6
climbing,27135,27038,27135,97
sniffing,27427,27135,27427,292
pausing,27542,27427,27542,115
sniffing,27797,27542,27797,255
rising,27816,27797,27816,19
rearing,27943,27816,27943,127
sniffing,28333,27943,28333,390
rising,28341,28333,28341,8
climbing,28428,28341,28428,87
sniffing,28500,28428,28500,72
walking,28527,28500,28527,27
trotting,28551,28527,28551,24
sniffing,28594,28551,28594,43
rising,28600,28594,28600,6
climbing,28601,28600,28601,1
rising,28623,28601,28623,22
climbing,28661,28623,28661,38
sniffing,28730,28661,28730,69
grooming,28779,28730,28779,49
rearing,28791,28779,28791,12
climbing,28815,28791,28815,24
walking,28816,28815,28816,1
sniffing,28921,28816,28921,105
climbing,28947,28921,28947,26
walking,28963,28947,28963,16
rising,28980,28963,28980,17
climbing,29022,28980,29022,42
right_turning,29071,29022,29071,49
walking,29104,29071,29104,33
climbing,29203,29104,29203,99
left_turning,29258,29203,29258,55
sniffing,29304,29258,29304,46
rising,29341,29304,29341,37
climbing,29440,29341,29440,99
sniffing,29478,29440,29478,38
walking,29518,29478,29518,40
rising,29519,29518,29519,1
climbing,29629,29519,29629,110
sniffing,29739,29629,29739,110
walking,29821,29739,29821,82
stepping,29900,29821,29900,79
right_turning,29916,29900,29916,16
stepping,29963,29916,29963,47
rearing,29964,29963,29964,1
sniffing,30032,29964,30032,68
right_turning,30037,30032,30037,5
trotting,30065,30037,30065,28
rising,30110,30065,30110,45
hunching,30137,30110,30137,27
sniffing,30154,30137,30154,17
right_turning,30155,30154,30155,1
walking,30196,30155,30196,41
stepping,30243,30196,30243,47
sniffing,30347,30243,30347,104
climbing,30431,30347,30431,84
rearing,30499,30431,30499,68
sniffing,30924,30499,30924,425
left_turning,30928,30924,30928,4
climbing,31005,30928,31005,77
hunching,31067,31005,31067,62
right_turning,31103,31067,31103,36
sniffing,31104,31103,31104,1
left_turning,31170,31104,31170,66
sniffing,31244,31170,31244,74
walking,31353,31244,31353,109
sniffing,31424,31353,31424,71
rising,31439,31424,31439,15
sniffing,31440,31439,31440,1
left_turning,31478,31440,31478,38
walking,31509,31478,31509,31
sniffing,31527,31509,31527,18
climbing,31742,31527,31742,215
walking,31764,31742,31764,22
left_turning,31765,31764,31765,1
walking,31803,31765,31803,38
sniffing,31860,31803,31860,57
climbing,31918,31860,31918,58
walking,31970,31918,31970,52
left_turning,32020,31970,32020,50
sniffing,32021,32020,32021,1
right_turning,32038,32021,32038,17
stepping,32051,32038,32051,13
sniffing,32072,32051,32072,21
walking,32106,32072,32106,34
sniffing,32178,32106,32178,72
walking,32221,32178,32221,43
sniffing,32299,32221,32299,78
left_turning,32335,32299,32335,36
trotting,32358,32335,32358,23
rising,32440,32358,32440,82
jumping,32579,32440,32579,139
sniffing,32706,32579,32706,127
rising,32769,32706,32769,63
right_turning,32797,32769,32797,28
rising,32882,32797,32882,85
climbing,32943,32882,32943,61
left_turning,32969,32943,32969,26
trotting,33006,32969,33006,37
sniffing,33031,33006,33031,25
left_turning,33037,33031,33037,6
sniffing,33107,33037,33107,70
rising,33111,33107,33111,4
climbing,33203,33111,33203,92
rearing,33217,33203,33217,14
climbing,33290,33217,33290,73
sniffing,33392,33290,33392,102
rearing,33403,33392,33403,11
grooming,33556,33403,33556,153
climbing,33616,33556,33616,60
right_turning,33643,33616,33643,27
running,33668,33643,33668,25
sniffing,33732,33668,33732,64
grooming,33733,33732,33733,1
rearing,33757,33733,33757,24
right_turning,33812,33757,33812,55
trotting,33854,33812,33854,42
sniffing,33855,33854,33855,1
climbing,33893,33855,33893,38
rearing,33926,33893,33926,33
right_turning,33936,33926,33936,10
walking,34010,33936,34010,74
sniffing,34125,34010,34125,115
stepping,34133,34125,34133,8
walking,34134,34133,34134,1
sniffing,34157,34134,34157,23
rising,34197,34157,34197,40
sniffing,34209,34197,34209,12
walking,34290,34209,34290,81
sniffing,34350,34290,34350,60
walking,34375,34350,34375,25
climbing,34412,34375,34412,37
sniffing,34533,34412,34533,121
walking,34602,34533,34602,69
climbing,34644,34602,34644,42
rising,34707,34644,34707,63
climbing,34749,34707,34749,42
rearing,34841,34749,34841,92
grooming,34865,34841,34865,24
left_turning,34887,34865,34887,22
walking,34888,34887,34888,1
sniffing,34948,34888,34948,60
walking,34999,34948,34999,51
rising,35024,34999,35024,25
sniffing,35160,35024,35160,136
stepping,35190,35160,35190,30
walking,35194,35190,35194,4
rising,35195,35194,35195,1
sniffing,35285,35195,35285,90
walking,35338,35285,35338,53
sniffing,35339,35338,35339,1
walking,35356,35339,35356,17
sniffing,35380,35356,35380,24
left_turning,35503,35380,35503,123
stepping,35511,35503,35511,8
left_turning,35537,35511,35537,26
trotting,35538,35537,35538,1
stepping,35542,35538,35542,4
walking,35616,35542,35616,74
rising,35657,35616,35657,41
grooming,35658,35657,35658,1
sniffing,35783,35658,35783,125
walking,35801,35783,35801,18
sniffing,35802,35801,35802,1
walking,35842,35802,35842,40
sniffing,35927,35842,35927,85
stepping,35975,35927,35975,48
rising,35976,35975,35976,1
trotting,36011,35976,36011,35
sniffing,36012,36011,36012,1
stepping,36066,36012,36066,54
walking,36149,36066,36149,83
climbing,36150,36149,36150,1
walking,36207,36150,36207,57
sniffing,36278,36207,36278,71
rising,36371,36278,36371,93
sniffing,36416,36371,36416,45
climbing,36498,36416,36498,82
hunching,36561,36498,36561,63
right_turning,36602,36561,36602,41
stepping,36680,36602,36680,78
climbing,36727,36680,36727,47
rising,36728,36727,36728,1
climbing,36779,36728,36779,51
trotting,36842,36779,36842,63
sniffing,36843,36842,36843,1
hunching,36844,36843,36844,1
sniffing,36930,36844,36930,86
right_turning,36948,36930,36948,18
walking,36970,36948,36970,22
grooming,36971,36970,36971,1
rising,36972,36971,36972,1
climbing,37042,36972,37042,70
trotting,37090,37042,37090,48
climbing,37117,37090,37117,27
rising,37118,37117,37118,1
rearing,37186,37118,37186,68
grooming,37281,37186,37281,95
rearing,37287,37281,37287,6
running,37295,37287,37295,8
stepping,37340,37295,37340,45
sniffing,37413,37340,37413,73
rising,37414,37413,37414,1
sniffing,37415,37414,37415,1
rising,37431,37415,37431,16
rearing,37477,37431,37477,46
sniffing,37499,37477,37499,22
climbing,37566,37499,37566,67
rearing,37581,37566,37581,15
grooming,37649,37581,37649,68
rising,37650,37649,37650,1
walking,37681,37650,37681,31
sniffing,37695,37681,37695,14
climbing,37792,37695,37792,97
walking,37813,37792,37813,21
sniffing,38142,37813,38142,329
left_turning,38194,38142,38194,52
rearing,38238,38194,38238,44
hunching,38293,38238,38293,55
rising,38294,38293,38294,1
rearing,38353,38294,38353,59
climbing,38413,38353,38413,60
sniffing,38489,38413,38489,76
rising,38552,38489,38552,63
climbing,38694,38552,38694,142
walking,38738,38694,38738,44
stepping,38774,38738,38774,36
hunching,38782,38774,38782,8
right_turning,38786,38782,38786,4
walking,38797,38786,38797,11
sniffing,38888,38797,38888,91
walking,38908,38888,38908,20
trotting,38931,38908,38931,23
stepping,38981,38931,38981,50
sniffing,38982,38981,38982,1
rearing,39027,38982,39027,45
grooming,39028,39027,39028,1
sniffing,39029,39028,39029,1
pausing,39252,39029,39252,223
sniffing,39367,39252,39367,115
running,39383,39367,39383,16
walking,39404,39383,39404,21
right_turning,39461,39404,39461,57
rising,39511,39461,39511,50
rearing,39522,39511,39522,11
walking,39567,39522,39567,45
trotting,39580,39567,39580,13
sniffing,39617,39580,39617,37
rising,39707,39617,39707,90
climbing,39717,39707,39717,10
sniffing,39761,39717,39761,44
walking,39762,39761,39762,1
rising,39763,39762,39763,1
rearing,39838,39763,39838,75
sniffing,39844,39838,39844,6
rising,39864,39844,39864,20
sniffing,39865,39864,39865,1
left_turning,39898,39865,39898,33
walking,39931,39898,39931,33
left_turning,39932,39931,39932,1
sniffing,40018,39932,40018,86
stepping,40048,40018,40048,30
climbing,40119,40048,40119,71
right_turning,40120,40119,40120,1
sniffing,40170,40120,40170,50
rising,40186,40170,40186,16
climbing,40225,40186,40225,39
hunching,40245,40225,40245,20
sniffing,40246,40245,40246,1
stepping,40273,40246,40273,27
walking,40301,40273,40301,28
rising,40302,40301,40302,1
walking,40323,40302,40323,21
climbing,40356,40323,40356,33
sniffing,40422,40356,40422,66
climbing,40455,40422,40455,33
rearing,40467,40455,40467,12
climbing,40502,40467,40502,35
rising,40535,40502,40535,33
climbing,40576,40535,40576,41
walking,40730,40576,40730,154
climbing,40731,40730,40731,1
walking,40757,40731,40757,26
sniffing,40795,40757,40795,38
climbing,40865,40795,40865,70
right_turning,40878,40865,40878,13
walking,40943,40878,40943,65
sniffing,40944,40943,40944,1
rising,41033,40944,41033,89
climbing,41034,41033,41034,1
walking,41080,41034,41080,46
sniffing,41081,41080,41081,1
rising,41090,41081,41090,9
climbing,41134,41090,41134,44
right_turning,41143,41134,41143,9
sniffing,41311,41143,41311,168
stepping,41363,41311,41363,52
rising,41388,41363,41388,25
climbing,41457,41388,41457,69
sniffing,41458,41457,41458,1
walking,41489,41458,41489,31
rising,41492,41489,41492,3
climbing,41589,41492,41589,97
right_turning,41590,41589,41590,1
running,41619,41590,41619,29
rising,41681,41619,41681,62
climbing,41789,41681,41789,108
rising,41829,41789,41829,40
trotting,41858,41829,41858,29
sniffing,41905,41858,41905,47
stepping,41957,41905,41957,52
walking,41960,41957,41960,3
stepping,41983,41960,41983,23
walking,42038,41983,42038,55
rising,42096,42038,42096,58
climbing,42137,42096,42137,41
sniffing,42385,42137,42385,248
rising,42429,42385,42429,44
stepping,42501,42429,42501,72
sniffing,42502,42501,42502,1
running,42547,42502,42547,45
sniffing,42571,42547,42571,24
climbing,42622,42571,42622,51
walking,42678,42622,42678,56
stepping,42724,42678,42724,46
walking,42780,42724,42780,56
right_turning,42790,42780,42790,10
grooming,42964,42790,42964,174
rearing,42989,42964,42989,25
walking,43087,42989,43087,98
sniffing,43180,43087,43180,93
climbing,43203,43180,43203,23
sniffing,43441,43203,43441,238
grooming,43486,43441,43486,45
rearing,43487,43486,43487,1
rising,43522,43487,43522,35
walking,43665,43522,43665,143
sniffing,43688,43665,43688,23
rising,43834,43688,43834,146
sniffing,43851,43834,43851,17
rising,43887,43851,43887,36
sniffing,44002,43887,44002,115
walking,44058,44002,44058,56
sniffing,44158,44058,44158,100
stepping,44213,44158,44213,55
sniffing,44278,44213,44278,65
walking,44316,44278,44316,38
trotting,44332,44316,44332,16
walking,44362,44332,44362,30
climbing,44406,44362,44406,44
sniffing,44492,44406,44492,86
climbing,44606,44492,44606,114
sniffing,44674,44606,44674,68
walking,44684,44674,44684,10
climbing,44786,44684,44786,102
sniffing,44911,44786,44911,125
rising,45006,44911,45006,95
walking,45007,45006,45007,1
rising,45055,45007,45055,48
rearing,45091,45055,45091,36
grooming,45190,45091,45190,99
stepping,45219,45190,45219,29
rising,45234,45219,45234,15
rearing,45263,45234,45263,29
climbing,45378,45263,45378,115
right_turning,45379,45378,45379,1
sniffing,45426,45379,45426,47
stepping,45472,45426,45472,46
trotting,45515,45472,45515,43
sniffing,45582,45515,45582,67
running,45609,45582,45609,27
walking,45628,45609,45628,19
sniffing,45629,45628,45629,1
running,45666,45629,45666,37
left_turning,45691,45666,45691,25
sniffing,45795,45691,45795,104
rising,45817,45795,45817,22
sniffing,45866,45817,45866,49
right_turning,45869,45866,45869,3
left_turning,45890,45869,45890,21
walking,45919,45890,45919,29
sniffing,46027,45919,46027,108
climbing,46080,46027,46080,53
rising,46092,46080,46092,12
climbing,46162,46092,46162,70
trotting,46206,46162,46206,44
stepping,46240,46206,46240,34
walking,46309,46240,46309,69
left_turning,46326,46309,46326,17
sniffing,46364,46326,46364,38
left_turning,46365,46364,46365,1
trotting,46435,46365,46435,70
stepping,46476,46435,46476,41
rising,46539,46476,46539,63
sniffing,46550,46539,46550,11
walking,46568,46550,46568,18
sniffing,46609,46568,46609,41
walking,46671,46609,46671,62
climbing,46694,46671,46694,23
grooming,46695,46694,46695,1
rearing,46718,46695,46718,23
climbing,46843,46718,46843,125
left_turning,46906,46843,46906,63
walking,46984,46906,46984,78
sniffing,47079,46984,47079,95
walking,47148,47079,47148,69
rising,47202,47148,47202,54
climbing,47228,47202,47228,26
sniffing,47238,47228,47238,10
right_turning,47249,47238,47249,11
walking,47293,47249,47293,44
left_turning,47326,47293,47326,33
walking,47375,47326,47375,49
sniffing,47376,47375,47376,1
rising,47415,47376,47415,39
trotting,47438,47415,47438,23
right_turning,47439,47438,47439,1
stepping,47444,47439,47444,5
climbing,47524,47444,47524,80
rearing,47577,47524,47577,53
sniffing,47578,47577,47578,1
pausing,47816,47578,47816,238
sniffing,47817,47816,47817,1
walking,47820,47817,47820,3
stepping,47870,47820,47870,50
left_turning,47917,47870,47917,47
walking,47950,47917,47950,33
sniffing,47970,47950,47970,20
trotting,47971,47970,47971,1
walking,47993,47971,47993,22
sniffing,48059,47993,48059,66
right_turning,48066,48059,48066,7
walking,48110,48066,48110,44
sniffing,48192,48110,48192,82
rearing,48264,48192,48264,72
sniffing,48265,48264,48265,1
climbing,48342,48265,48342,77
walking,48432,48342,48432,90
sniffing,48464,48432,48464,32
pausing,48517,48464,48517,53
sniffing,48678,48517,48678,161
pausing,48831,48678,48831,153
sniffing,48910,48831,48910,79
rising,49001,48910,49001,91
climbing,49035,49001,49035,34
rearing,49116,49035,49116,81
walking,49176,49116,49176,60
climbing,49223,49176,49223,47
sniffing,49419,49223,49419,196
grooming,49420,49419,49420,1
rising,49477,49420,49477,57
climbing,49649,49477,49649,172
walking,49747,49649,49747,98
sniffing,49792,49747,49792,45
right_turning,49842,49792,49842,50
running,49891,49842,49891,49
sniffing,49919,49891,49919,28
walking,49963,49919,49963,44
climbing,50039,49963,50039,76
sniffing,50040,50039,50040,1
hunching,50059,50040,50059,19
climbing,50075,50059,50075,16
rearing,50080,50075,50080,5
sniffing,50102,50080,50102,22
rearing,50137,50102,50137,35
sniffing,50264,50137,50264,127
climbing,50329,50264,50329,65
right_turning,50374,50329,50374,45
trotting,50424,50374,50424,50
left_turning,50425,50424,50425,1
sniffing,50470,50425,50470,45
climbing,50559,50470,50559,89
rearing,50594,50559,50594,35
rising,50595,50594,50595,1
trotting,50642,50595,50642,47
walking,50644,50642,50644,2
sniffing,50669,50644,50669,25
walking,50711,50669,50711,42
jumping,50712,50711,50712,1
rising,50734,50712,50734,22
sniffing,50838,50734,50838,104
climbing,50946,50838,50946,108
rising,50961,50946,50961,15
sniffing,51038,50961,51038,77
left_turning,51119,51038,51119,81
walking,51221,51119,51221,102
sniffing,51255,51221,51255,34
walking,51256,51255,51256,1
hunching,51296,51256,51296,40
stepping,51353,51296,51353,57
sniffing,51442,51353,51442,89
left_turning,51502,51442,51502,60
sniffing,51531,51502,51531,29
rising,51555,51531,51555,24
climbing,51611,51555,51611,56
walking,51640,51611,51640,29
rearing,51716,51640,51716,76
rising,51822,51716,51822,106
climbing,51823,51822,51823,1
sniffing,51855,51823,51855,32
walking,51927,51855,51927,72
sniffing,51975,51927,51975,48
rising,52012,51975,52012,37
right_turning,52017,52012,52017,5
hunching,52075,52017,52075,58
rising,52091,52075,52091,16
sniffing,52114,52091,52114,23
rising,52191,52114,52191,77
climbing,52251,52191,52251,60
walking,52305,52251,52305,54
rising,52363,52305,52363,58
climbing,52498,52363,52498,135
rising,52531,52498,52531,33
sniffing,52588,52531,52588,57
right_turning,52599,52588,52599,11
trotting,52651,52599,52651,52
left_turning,52664,52651,52664,13
sniffing,52762,52664,52762,98
left_turning,52763,52762,52763,1
walking,52782,52763,52782,19
right_turning,52788,52782,52788,6
sniffing,52940,52788,52940,152
trotting,52951,52940,52951,11
sniffing,53010,52951,53010,59
rising,53021,53010,53021,11
climbing,53075,53021,53075,54
sniffing,53076,53075,53076,1
rising,53084,53076,53084,8
rearing,53088,53084,53088,4
rising,53171,53088,53171,83
climbing,53256,53171,53256,85
walking,53272,53256,53272,16
sniffing,53342,53272,53342,70
walking,53343,53342,53343,1
sniffing,53476,53343,53476,133
rising,53488,53476,53488,12
sniffing,53489,53488,53489,1
walking,53578,53489,53578,89
rearing,53579,53578,53579,1
sniffing,53614,53579,53614,35
rising,53615,53614,53615,1
grooming,53616,53615,53616,1
rearing,53697,53616,53697,81
sniffing,53840,53697,53840,143
walking,53841,53840,53841,1
rising,53864,53841,53864,23
walking,53933,53864,53933,69
left_turning,53956,53933,53956,23
grooming,53957,53956,53957,1
rising,54067,53957,54067,110
grooming,54137,54067,54137,70
rising,54207,54137,54207,70
hunching,54247,54207,54247,40
right_turning,54294,54247,54294,47
running,54317,54294,54317,23
right_turning,54378,54317,54378,61
running,54422,54378,54422,44
sniffing,54538,54422,54538,116
climbing,54625,54538,54625,87
walking,54669,54625,54669,44
sniffing,54670,54669,54670,1
left_turning,54671,54670,54671,1
walking,54704,54671,54704,33
sniffing,54705,54704,54705,1
walking,54775,54705,54775,70
sniffing,54776,54775,54776,1
rearing,54863,54776,54863,87
climbing,54977,54863,54977,114
right_turning,54994,54977,54994,17
walking,55037,54994,55037,43
rising,55059,55037,55059,22
climbing,55060,55059,55060,1
sniffing,55061,55060,55061,1
hunching,55068,55061,55068,7
grooming,55156,55068,55156,88
right_turning,55160,55156,55160,4
running,55178,55160,55178,18
rising,55199,55178,55199,21
walking,55200,55199,55200,1
stepping,55201,55200,55201,1
rising,55202,55201,55202,1
pausing,55377,55202,55377,175
sniffing,55495,55377,55495,118
grooming,55713,55495,55713,218
rising,55762,55713,55762,49
walking,55807,55762,55807,45
rising,55835,55807,55835,28
climbing,55964,55835,55964,129
sniffing,55992,55964,55992,28
left_turning,56025,55992,56025,33
rising,56061,56025,56061,36
running,56062,56061,56062,1
trotting,56077,56062,56077,15
sniffing,56078,56077,56078,1
stepping,56117,56078,56117,39
sniffing,56191,56117,56191,74
rearing,56362,56191,56362,171
walking,56434,56362,56434,72
left_turning,56438,56434,56438,4
stepping,56504,56438,56504,66
sniffing,56529,56504,56529,25
climbing,56530,56529,56530,1
trotting,56568,56530,56568,38
walking,56569,56568,56569,1
climbing,56650,56569,56650,81
sniffing,56788,56650,56788,138
walking,56838,56788,56838,50
sniffing,56932,56838,56932,94
trotting,56949,56932,56949,17
walking,56994,56949,56994,45
climbing,57024,56994,57024,30
right_turning,57025,57024,57025,1
sniffing,57151,57025,57151,126
rising,57152,57151,57152,1
climbing,57269,57152,57269,117
rising,57279,57269,57279,10
hunching,57339,57279,57339,60
climbing,57477,57339,57477,138
rearing,57518,57477,57518,41
rising,57550,57518,57550,32
climbing,57627,57550,57627,77
right_turning,57628,57627,57628,1
sniffing,57830,57628,57830,202
hunching,57854,57830,57854,24
walking,57910,57854,57910,56
rearing,57911,57910,57911,1
rising,58035,57911,58035,124
sniffing,58085,58035,58085,50
rising,58086,58085,58086,1
rearing,58131,58086,58131,45
sniffing,58164,58131,58164,33
walking,58177,58164,58177,13
sniffing,58228,58177,58228,51
rising,58229,58228,58229,1
climbing,58288,58229,58288,59
sniffing,58289,58288,58289,1
walking,58331,58289,58331,42
sniffing,58567,58331,58567,236
rising,58596,58567,58596,29
climbing,58639,58596,58639,43
sniffing,58644,58639,58644,5
walking,58645,58644,58645,1
stepping,58649,58645,58649,4
walking,58693,58649,58693,44
sniffing,58753,58693,58753,60
rising,58802,58753,58802,49
left_turning,58832,58802,58832,30
sniffing,58833,58832,58833,1
walking,58858,58833,58858,25
rising,58869,58858,58869,11
climbing,58889,58869,58889,20
rising,59053,58889,59053,164
climbing,59141,59053,59141,88
hunching,59142,59141,59142,1
right_turning,59179,59142,59179,37
stepping,59209,59179,59209,30
left_turning,59275,59209,59275,66
walking,59329,59275,59329,54
rising,59351,59329,59351,22
climbing,59352,59351,59352,1
right_turning,59353,59352,59353,1
walking,59413,59353,59413,60
sniffing,59475,59413,59475,62
left_turning,59545,59475,59545,70
climbing,59605,59545,59605,60
right_turning,59642,59605,59642,37
trotting,59668,59642,59668,26
sniffing,59669,59668,59669,1
walking,59696,59669,59696,27
sniffing,59929,59696,59929,233
grooming,60241,59929,60241,312
rearing,60294,60241,60294,53
grooming,60520,60294,60520,226
climbing,60589,60520,60589,69
walking,60615,60589,60615,26
trotting,60624,60615,60624,9
running,60641,60624,60641,17
sniffing,60642,60641,60642,1
walking,60668,60642,60668,26
sniffing,60669,60668,60669,1
trotting,60731,60669,60731,62
rearing,60800,60731,60800,69
left_turning,60832,60800,60832,32
sniffing,60853,60832,60853,21
left_turning,60951,60853,60951,98
walking,60952,60951,60952,1
left_turning,60953,60952,60953,1
walking,60956,60953,60956,3
climbing,61035,60956,61035,79
sniffing,61134,61035,61134,99
rearing,61209,61134,61209,75
sniffing,61247,61209,61247,38
walking,61248,61247,61248,1
sniffing,61249,61248,61249,1
hunching,61312,61249,61312,63
grooming,61381,61312,61381,69
sniffing,61471,61381,61471,90
walking,61519,61471,61519,48
climbing,61587,61519,61587,68
grooming,61588,61587,61588,1
walking,61621,61588,61621,33
sniffing,61691,61621,61691,70
left_turning,61753,61691,61753,62
trotting,61789,61753,61789,36
right_turning,61792,61789,61792,3
trotting,61796,61792,61796,4
left_turning,61797,61796,61797,1
sniffing,61844,61797,61844,47
grooming,61984,61844,61984,140
trotting,62042,61984,62042,58
sniffing,62087,62042,62087,45
rising,62138,62087,62138,51
walking,62214,62138,62214,76
left_turning,62264,62214,62264,50
walking,62273,62264,62273,9
sniffing,62370,62273,62370,97
rising,62371,62370,62371,1
right_turning,62408,62371,62408,37
climbing,62417,62408,62417,9
rising,62418,62417,62418,1
rearing,62436,62418,62436,18
sniffing,62437,62436,62437,1
hunching,62471,62437,62471,34
right_turning,62504,62471,62504,33
running,62523,62504,62523,19
stepping,62538,62523,62538,15
left_turning,62601,62538,62601,63
sniffing,62624,62601,62624,23
walking,62659,62624,62659,35
climbing,62681,62659,62681,22
rearing,62707,62681,62707,26
left_turning,62712,62707,62712,5
walking,62727,62712,62727,15
right_turning,62748,62727,62748,21
walking,62781,62748,62781,33
rearing,62807,62781,62807,26
left_turning,62819,62807,62819,12
sniffing,62874,62819,62874,55
right_turning,62875,62874,62875,1
walking,62938,62875,62938,63
stepping,63005,62938,63005,67
sniffing,63108,63005,63108,103
climbing,63122,63108,63122,14
rising,63123,63122,63123,1
rearing,63269,63123,63269,146
sniffing,63349,63269,63349,80
walking,63350,63349,63350,1
sniffing,63504,63350,63504,154
walking,63568,63504,63568,64
sniffing,63569,63568,63569,1
grooming,63570,63569,63570,1
hunching,63571,63570,63571,1
walking,63611,63571,63611,40
sniffing,63850,63611,63850,239
right_turning,63851,63850,63851,1
walking,63910,63851,63910,59
stepping,63971,63910,63971,61
walking,63973,63971,63973,2
sniffing,64036,63973,64036,63
rising,64037,64036,64037,1
grooming,64112,64037,64112,75
rearing,64148,64112,64148,36
rising,64232,64148,64232,84
sniffing,64333,64232,64333,101
right_turning,64357,64333,64357,24
sniffing,64437,64357,64437,80
rising,64475,64437,64475,38
hunching,64601,64475,64601,126
walking,64635,64601,64635,34
trotting,64641,64635,64641,6
walking,64652,64641,64652,11
sniffing,64659,64652,64659,7
grooming,64660,64659,64660,1
rearing,64710,64660,64710,50
left_turning,64735,64710,64735,25
sniffing,64924,64735,64924,189
climbing,64962,64924,64962,38
sniffing,64999,64962,64999,37
climbing,65061,64999,65061,62
walking,65112,65061,65112,51
right_turning,65148,65112,65148,36
trotting,65167,65148,65167,19
sniffing,65192,65167,65192,25
walking,65248,65192,65248,56
rising,65267,65248,65267,19
sniffing,65363,65267,65363,96
walking,65477,65363,65477,114
climbing,65497,65477,65497,20
rearing,65502,65497,65502,5
grooming,65714,65502,65714,212
rearing,65758,65714,65758,44
climbing,65848,65758,65848,90
sniffing,65851,65848,65851,3
left_turning,65891,65851,65891,40
walking,65941,65891,65941,50
sniffing,65942,65941,65942,1
left_turning,65976,65942,65976,34
grooming,65977,65976,65977,1
rearing,65978,65977,65978,1
sniffing,66030,65978,66030,52
right_turning,66072,66030,66072,42
walking,66130,66072,66130,58
trotting,66158,66130,66158,28
stepping,66173,66158,66173,15
grooming,66174,66173,66174,1
sniffing,66198,66174,66198,24
left_turning,66199,66198,66199,1
sniffing,66307,66199,66307,108
climbing,66328,66307,66328,21
rising,66329,66328,66329,1
sniffing,66353,66329,66353,24
walking,66374,66353,66374,21
sniffing,66531,66374,66531,157
rearing,66600,66531,66600,69
rising,66612,66600,66612,12
sniffing,66701,66612,66701,89
rising,66829,66701,66829,128
climbing,66849,66829,66849,20
walking,66895,66849,66895,46
trotting,66963,66895,66963,68
sniffing,66964,66963,66964,1
rising,66997,66964,66997,33
climbing,67093,66997,67093,96
right_turning,67110,67093,67110,17
sniffing,67176,67110,67176,66
grooming,67369,67176,67369,193
hunching,67393,67369,67393,24
climbing,67485,67393,67485,92
sniffing,67486,67485,67486,1
rising,67533,67486,67533,47
rearing,67576,67533,67576,43
rising,67616,67576,67616,40
climbing,67617,67616,67617,1
hunching,67656,67617,67656,39
grooming,68355,67656,68355,699
sniffing,68356,68355,68356,1
rising,68399,68356,68399,43
climbing,68427,68399,68427,28
walking,68492,68427,68492,65
sniffing,68534,68492,68534,42
right_turning,68557,68534,68557,23
walking,68608,68557,68608,51
rising,68609,68608,68609,1
sniffing,68610,68609,68610,1
left_turning,68612,68610,68612,2
walking,68662,68612,68662,50
sniffing,68747,68662,68747,85
hunching,68808,68747,68808,61
trotting,68884,68808,68884,76
running,68926,68884,68926,42
walking,68927,68926,68927,1
sniffing,68945,68927,68945,18
rising,68988,68945,68988,43
sniffing,69252,68988,69252,264
climbing,69262,69252,69262,10
running,69271,69262,69271,9
sniffing,69345,69271,69345,74
rising,69368,69345,69368,23
stepping,69455,69368,69455,87
sniffing,69502,69455,69502,47
left_turning,69540,69502,69540,38
walking,69600,69540,69600,60
stepping,69626,69600,69626,26
walking,69674,69626,69674,48
sniffing,69887,69674,69887,213
stepping,69933,69887,69933,46
walking,69961,69933,69961,28
trotting,69972,69961,69972,11
sniffing,69973,69972,69973,1
rising,69983,69973,69983,10
sniffing,70018,69983,70018,35
climbing,70228,70018,70228,210
sniffing,70288,70228,70288,60
climbing,70420,70288,70420,132
rising,70461,70420,70461,41
left_turning,70471,70461,70471,10
stepping,70500,70471,70500,29
walking,70567,70500,70567,67
left_turning,70598,70567,70598,31
walking,70640,70598,70640,42
sniffing,70702,70640,70702,62
left_turning,70720,70702,70720,18
sniffing,70721,70720,70721,1
trotting,70738,70721,70738,17
sniffing,70872,70738,70872,134
grooming,70903,70872,70903,31
rearing,71010,70903,71010,107
rising,71024,71010,71024,14
climbing,71064,71024,71064,40
left_turning,71095,71064,71095,31
walking,71163,71095,71163,68
sniffing,71223,71163,71223,60
rising,71224,71223,71224,1
walking,71266,71224,71266,42
rising,71309,71266,71309,43
sniffing,71428,71309,71428,119
left_turning,71455,71428,71455,27
rising,71465,71455,71465,10
sniffing,71466,71465,71466,1
left_turning,71475,71466,71475,9
walking,71483,71475,71483,8
sniffing,71503,71483,71503,20
rising,71573,71503,71573,70
climbing,71633,71573,71633,60
rising,71663,71633,71663,30
hunching,71703,71663,71703,40
rearing,71763,71703,71763,60
sniffing,71803,71763,71803,40
left_turning,71812,71803,71812,9
sniffing,71881,71812,71881,69
pausing,72182,71881,72182,301
sniffing,72192,72182,72192,10
left_turning,72195,72192,72195,3
sniffing,72240,72195,72240,45
left_turning,72269,72240,72269,29
sniffing,72409,72269,72409,140
hunching,72412,72409,72412,3
sniffing,72473,72412,72473,61
walking,72517,72473,72517,44
sniffing,72521,72517,72521,4
rearing,72602,72521,72602,81
climbing,72639,72602,72639,37
rising,72690,72639,72690,51
left_turning,72732,72690,72732,42
trotting,72774,72732,72774,42
walking,72775,72774,72775,1
rising,72843,72775,72843,68
climbing,72910,72843,72910,67
sniffing,72962,72910,72962,52
left_turning,73043,72962,73043,81
rising,73144,73043,73144,101
trotting,73145,73144,73145,1
left_turning,73158,73145,73158,13
walking,73190,73158,73190,32
sniffing,73192,73190,73192,2
climbing,73295,73192,73295,103
rising,73354,73295,73354,59
climbing,73355,73354,73355,1
rearing,73430,73355,73430,75
rising,73431,73430,73431,1
walking,73466,73431,73466,35
stepping,73478,73466,73478,12
right_turning,73524,73478,73524,46
walking,73525,73524,73525,1
stepping,73540,73525,73540,15
hunching,73627,73540,73627,87
sniffing,73719,73627,73719,92
left_turning,73744,73719,73744,25
trotting,73793,73744,73793,49
walking,73829,73793,73829,36
climbing,73843,73829,73843,14
right_turning,73866,73843,73866,23
walking,73912,73866,73912,46
sniffing,74070,73912,74070,158
rising,74125,74070,74125,55
walking,74221,74125,74221,96
sniffing,74327,74221,74327,106
right_turning,74371,74327,74371,44
walking,74395,74371,74395,24
right_turning,74400,74395,74400,5
walking,74455,74400,74455,55
rearing,74456,74455,74456,1
grooming,74854,74456,74854,398
sniffing,74999,74854,74999,145
left_turning,75029,74999,75029,30
sniffing,75058,75029,75058,29
rearing,75059,75058,75059,1
hunching,75122,75059,75122,63
climbing,75176,75122,75176,54
rearing,75186,75176,75186,10
left_turning,75207,75186,75207,21
trotting,75258,75207,75258,51
sniffing,75259,75258,75259,1
rising,75260,75259,75260,1
hunching,75322,75260,75322,62
right_turning,75342,75322,75342,20
running,75359,75342,75359,17
sniffing,75444,75359,75444,85
climbing,75481,75444,75481,37
right_turning,75482,75481,75482,1
trotting,75531,75482,75531,49
hunching,75532,75531,75532,1
walking,75550,75532,75550,18
rearing,75557,75550,75557,7
climbing,75670,75557,75670,113
sniffing,75735,75670,75735,65
rising,75803,75735,75803,68
sniffing,75998,75803,75998,195
climbing,76063,75998,76063,65
rising,76083,76063,76083,20
sniffing,76280,76083,76280,197
grooming,76364,76280,76364,84
climbing,76381,76364,76381,17
trotting,76383,76381,76383,2
left_turning,76419,76383,76419,36
walking,76420,76419,76420,1
rising,76460,76420,76460,40
walking,76461,76460,76461,1
sniffing,76462,76461,76462,1
rising,76517,76462,76517,55
climbing,76523,76517,76523,6
trotting,76538,76523,76538,15
rising,76591,76538,76591,53
sniffing,76728,76591,76728,137
hunching,76851,76728,76851,123
right_turning,76905,76851,76905,54
walking,76944,76905,76944,39
climbing,77001,76944,77001,57
jumping,77156,77001,77156,155
rearing,77157,77156,77157,1
hunching,77167,77157,77167,10
sniffing,77421,77167,77421,254
left_turning,77445,77421,77445,24
sniffing,77446,77445,77446,1
rising,77470,77446,77470,24
climbing,77629,77470,77629,159
rising,77630,77629,77630,1
sniffing,77713,77630,77713,83
left_turning,77714,77713,77714,1
sniffing,77715,77714,77715,1
rising,77757,77715,77757,42
rearing,77783,77757,77783,26
grooming,77797,77783,77797,14
rearing,77805,77797,77805,8
climbing,77806,77805,77806,1
walking,77812,77806,77812,6
rearing,77813,77812,77813,1
hunching,77864,77813,77864,51
sniffing,78065,77864,78065,201
climbing,78220,78065,78220,155
rising,78288,78220,78288,68
climbing,78289,78288,78289,1
right_turning,78313,78289,78313,24
walking,78330,78313,78330,17
sniffing,78399,78330,78399,69
left_turning,78437,78399,78437,38
sniffing,78512,78437,78512,75
stepping,78513,78512,78513,1
hunching,78583,78513,78583,70
rising,78634,78583,78634,51
rearing,78650,78634,78650,16
grooming,78983,78650,78983,333
walking,79036,78983,79036,53
sniffing,79156,79036,79156,120
rising,79162,79156,79162,6
walking,79266,79162,79266,104
left_turning,79302,79266,79302,36
walking,79374,79302,79374,72
left_turning,79434,79374,79434,60
sniffing,79511,79434,79511,77
walking,79609,79511,79609,98
sniffing,79610,79609,79610,1
rising,79611,79610,79611,1
walking,79628,79611,79628,17
trotting,79646,79628,79646,18
sniffing,79754,79646,79754,108
walking,79808,79754,79808,54
hunching,79809,79808,79809,1
climbing,79810,79809,79810,1
walking,79811,79810,79811,1
sniffing,79832,79811,79832,21
stepping,79894,79832,79894,62
left_turning,79923,79894,79923,29
sniffing,79979,79923,79979,56
rising,79989,79979,79989,10
sniffing,80141,79989,80141,152
left_turning,80185,80141,80185,44
trotting,80186,80185,80186,1
walking,80210,80186,80210,24
trotting,80261,80210,80261,51
sniffing,80295,80261,80295,34
rising,80369,80295,80369,74
climbing,80416,80369,80416,47
sniffing,80417,80416,80417,1
rearing,80501,80417,80501,84
sniffing,80516,80501,80516,15
stepping,80551,80516,80551,35
climbing,80632,80551,80632,81
rising,80643,80632,80643,11
climbing,80674,80643,80674,31
grooming,80808,80674,80808,134
walking,80824,80808,80824,16
sniffing,80901,80824,80901,77
climbing,80922,80901,80922,21
rising,80938,80922,80938,16
walking,80961,80938,80961,23
sniffing,81206,80961,81206,245
trotting,81275,81206,81275,69
rising,81300,81275,81300,25
stepping,81330,81300,81330,30
sniffing,81331,81330,81331,1
right_turning,81354,81331,81354,23
walking,81500,81354,81500,146
stepping,81521,81500,81521,21
sniffing,81617,81521,81617,96
rising,81718,81617,81718,101
climbing,81727,81718,81727,9
right_turning,81728,81727,81728,1
rising,81759,81728,81759,31
sniffing,81760,81759,81760,1
right_turning,81778,81760,81778,18
sniffing,81936,81778,81936,158
rising,81987,81936,81987,51
climbing,81998,81987,81998,11
rearing,82009,81998,82009,11
sniffing,82011,82009,82011,2
right_turning,82037,82011,82037,26
walking,82078,82037,82078,41
sniffing,82142,82078,82142,64
climbing,82215,82142,82215,73
rising,82216,82215,82216,1
sniffing,82228,82216,82228,12
pausing,82229,82228,82229,1
sniffing,82314,82229,82314,85
walking,82391,82314,82391,77
rising,82478,82391,82478,87
sniffing,82595,82478,82595,117
walking,82631,82595,82631,36
sniffing,82724,82631,82724,93
rising,82754,82724,82754,30
sniffing,82755,82754,82755,1
walking,82767,82755,82767,12
sniffing,82826,82767,82826,59
left_turning,82846,82826,82846,20
trotting,82902,82846,82902,56
walking,82903,82902,82903,1
sniffing,83056,82903,83056,153
rising,83064,83056,83064,8
hunching,83156,83064,83156,92
rearing,83205,83156,83205,49
climbing,83266,83205,83266,61
rearing,83286,83266,83286,20
walking,83340,83286,83340,54
sniffing,83454,83340,83454,114
running,83490,83454,83490,36
left_turning,83538,83490,83538,48
walking,83580,83538,83580,42
rising,83597,83580,83597,17
sniffing,83712,83597,83712,115
rearing,83719,83712,83719,7
sniffing,83720,83719,83720,1
walking,83787,83720,83787,67
sniffing,83856,83787,83856,69
left_turning,83919,83856,83919,63
sniffing,84026,83919,84026,107
left_turning,84085,84026,84085,59
sniffing,84086,84085,84086,1
left_turning,84141,84086,84141,55
stepping,84170,84141,84170,29
walking,84224,84170,84224,54
sniffing,84225,84224,84225,1
rising,84249,84225,84249,24
climbing,84273,84249,84273,24
sniffing,84383,84273,84383,110
climbing,84438,84383,84438,55
rising,84452,84438,84452,14
sniffing,84590,84452,84590,138
left_turning,84615,84590,84615,25
sniffing,84770,84615,84770,155
walking,84793,84770,84793,23
trotting,84834,84793,84834,41
running,84862,84834,84862,28
sniffing,84896,84862,84896,34
left_turning,84922,84896,84922,26
sniffing,84994,84922,84994,72
stepping,85023,84994,85023,29
walking,85041,85023,85041,18
stepping,85070,85041,85070,29
sniffing,85101,85070,85101,31
right_turning,85106,85101,85106,5
sniffing,85243,85106,85243,137
grooming,85491,85243,85491,248
sniffing,85711,85491,85711,220
climbing,85775,85711,85775,64
rising,85805,85775,85805,30
climbing,85806,85805,85806,1
sniffing,85938,85806,85938,132
stepping,85992,85938,85992,54
walking,86018,85992,86018,26
sniffing,86185,86018,86185,167
right_turning,86213,86185,86213,28
running,86242,86213,86242,29
trotting,86292,86242,86292,50
walking,86299,86292,86299,7
left_turning,86304,86299,86304,5
sniffing,86305,86304,86305,1
climbing,86403,86305,86403,98
rearing,86483,86403,86483,80
grooming,86484,86483,86484,1
trotting,86497,86484,86497,13
sniffing,86498,86497,86498,1
grooming,86638,86498,86638,140
left_turning,86683,86638,86683,45
walking,86693,86683,86693,10
climbing,86726,86693,86726,33
right_turning,86751,86726,86751,25
walking,86811,86751,86811,60
left_turning,86855,86811,86855,44
walking,86869,86855,86869,14
rising,86889,86869,86889,20
sniffing,86899,86889,86899,10
climbing,86965,86899,86965,66
left_turning,87046,86965,87046,81
sniffing,87127,87046,87127,81
walking,87140,87127,87140,13
rising,87250,87140,87250,110
climbing,87405,87250,87405,155
rising,87406,87405,87406,1
walking,87407,87406,87407,1
sniffing,87446,87407,87446,39
climbing,87506,87446,87506,60
running,87533,87506,87533,27
rising,87583,87533,87583,50
climbing,87617,87583,87617,34
walking,87691,87617,87691,74
sniffing,87720,87691,87720,29
pausing,88861,87720,88861,1141
sniffing,88862,88861,88862,1
grooming,88975,88862,88975,113
hunching,88992,88975,88992,17
sniffing,89046,88992,89046,54
rising,89083,89046,89083,37
sniffing,89167,89083,89167,84
rising,89224,89167,89224,57
walking,89229,89224,89229,5
rising,89253,89229,89253,24
left_turning,89335,89253,89335,82
running,89355,89335,89355,20
walking,89411,89355,89411,56
rearing,89499,89411,89499,88
left_turning,89548,89499,89548,49
sniffing,89732,89548,89732,184
hunching,89833,89732,89833,101
right_turning,89879,89833,89879,46
walking,90053,89879,90053,174
sniffing,90206,90053,90206,153
rising,90233,90206,90233,27
climbing,90268,90233,90268,35
rearing,90325,90268,90325,57
sniffing,90416,90325,90416,91
rearing,90417,90416,90417,1
sniffing,90563,90417,90563,146
rearing,90708,90563,90708,145
climbing,90812,90708,90812,104
grooming,90813,90812,90813,1
rearing,90858,90813,90858,45
grooming,91327,90858,91327,469
climbing,91376,91327,91376,49
sniffing,91440,91376,91440,64
left_turning,91469,91440,91469,29
walking,91543,91469,91543,74
sniffing,91603,91543,91603,60
left_turning,91678,91603,91678,75
rising,91744,91678,91744,66
sniffing,91747,91744,91747,3
rearing,91748,91747,91748,1
climbing,91763,91748,91763,15
walking,91815,91763,91815,52
right_turning,91816,91815,91816,1
walking,91817,91816,91817,1
rising,91897,91817,91897,80
walking,91923,91897,91923,26
rising,91946,91923,91946,23
sniffing,91947,91946,91947,1
rising,92017,91947,92017,70
climbing,92177,92017,92177,160
rearing,92181,92177,92181,4
sniffing,92196,92181,92196,15
rising,92207,92196,92207,11
sniffing,92463,92207,92463,256
climbing,92481,92463,92481,18
running,92516,92481,92516,35
left_turning,92608,92516,92608,92
walking,92609,92608,92609,1
left_turning,92613,92609,92613,4
walking,92616,92613,92616,3
climbing,92617,92616,92617,1
sniffing,92618,92617,92618,1
rising,92619,92618,92619,1
walking,92620,92619,92620,1
sniffing,92626,92620,92626,6
left_turning,92646,92626,92646,20
walking,92777,92646,92777,131
sniffing,92778,92777,92778,1
walking,92779,92778,92779,1
sniffing,92958,92779,92958,179
walking,92959,92958,92959,1
rearing,92999,92959,92999,40
hunching,93021,92999,93021,22
climbing,93060,93021,93060,39
rising,93061,93060,93061,1
climbing,93062,93061,93062,1
right_turning,93092,93062,93092,30
walking,93133,93092,93133,41
trotting,93173,93133,93173,40
left_turning,93228,93173,93228,55
sniffing,93261,93228,93261,33
walking,93262,93261,93262,1
sniffing,93263,93262,93263,1
rearing,93319,93263,93319,56
climbing,93361,93319,93361,42
right_turning,93405,93361,93405,44
walking,93450,93405,93450,45
right_turning,93470,93450,93470,20
sniffing,93471,93470,93471,1
rising,93590,93471,93590,119
stepping,93651,93590,93651,61
walking,93701,93651,93701,50
right_turning,93702,93701,93702,1
trotting,93745,93702,93745,43
walking,93763,93745,93763,18
sniffing,93764,93763,93764,1
grooming,93765,93764,93765,1
sniffing,93872,93765,93872,107
walking,93873,93872,93873,1
stepping,93980,93873,93980,107
sniffing,94073,93980,94073,93
pausing,94249,94073,94249,176
sniffing,94339,94249,94339,90
rising,94351,94339,94351,12
sniffing,94425,94351,94425,74
right_turning,94426,94425,94426,1
trotting,94459,94426,94459,33
walking,94497,94459,94497,38
sniffing,94633,94497,94633,136
trotting,94646,94633,94646,13
left_turning,94663,94646,94663,17
hunching,94745,94663,94745,82
right_turning,94748,94745,94748,3
rising,94774,94748,94774,26
climbing,94809,94774,94809,35
rising,94837,94809,94837,28
sniffing,94919,94837,94919,82
rising,94960,94919,94960,41
climbing,95207,94960,95207,247
trotting,95272,95207,95272,65
climbing,95273,95272,95273,1
walking,95338,95273,95338,65
sniffing,95351,95338,95351,13
climbing,95489,95351,95489,138
sniffing,95608,95489,95608,119
walking,95609,95608,95609,1
sniffing,95610,95609,95610,1
rising,95630,95610,95630,20
rearing,95706,95630,95706,76
grooming,95707,95706,95707,1
sniffing,95714,95707,95714,7
rising,95715,95714,95715,1
grooming,95742,95715,95742,27
sniffing,95854,95742,95854,112
stepping,95860,95854,95860,6
trotting,95900,95860,95900,40
walking,95933,95900,95933,33
climbing,95978,95933,95978,45
sniffing,96076,95978,96076,98
rising,96077,96076,96077,1
right_turning,96078,96077,96078,1
grooming,96210,96078,96210,132
rearing,96220,96210,96220,10
sniffing,96310,96220,96310,90
rising,96326,96310,96326,16
stepping,96366,96326,96366,40
walking,96424,96366,96424,58
sniffing,96464,96424,96464,40
grooming,96583,96464,96583,119
rising,96632,96583,96632,49
walking,96646,96632,96646,14
left_turning,96654,96646,96654,8
sniffing,96657,96654,96657,3
rising,96668,96657,96668,11
climbing,96721,96668,96721,53
rising,96734,96721,96734,13
climbing,96748,96734,96748,14
left_turning,96749,96748,96749,1
sniffing,96847,96749,96847,98
walking,96905,96847,96905,58
sniffing,97254,96905,97254,349
left_turning,97255,97254,97255,1
stepping,97313,97255,97313,58
walking,97365,97313,97365,52
sniffing,97570,97365,97570,205
left_turning,97648,97570,97648,78
trotting,97660,97648,97660,12
walking,97720,97660,97720,60
sniffing,97757,97720,97757,37
rising,97775,97757,97775,18
rearing,97851,97775,97851,76
sniffing,97877,97851,97877,26
grooming,97988,97877,97988,111
rising,98031,97988,98031,43
climbing,98042,98031,98042,11
rising,98058,98042,98058,16
walking,98080,98058,98080,22
rising,98160,98080,98160,80
climbing,98208,98160,98208,48
right_turning,98281,98208,98281,73
sniffing,98294,98281,98294,13
rearing,98334,98294,98334,40
climbing,98360,98334,98360,26
sniffing,98361,98360,98361,1
right_turning,98373,98361,98373,12
walking,98425,98373,98425,52
rising,98531,98425,98531,106
climbing,98591,98531,98591,60
walking,98599,98591,98599,8
climbing,98714,98599,98714,115
grooming,98715,98714,98715,1
sniffing,98769,98715,98769,54
walking,98821,98769,98821,52
rising,98857,98821,98857,36
climbing,98931,98857,98931,74
rearing,98971,98931,98971,40
sniffing,99125,98971,99125,154
rearing,99185,99125,99185,60
sniffing,99200,99185,99200,15
rising,99208,99200,99208,8
rearing,99290,99208,99290,82
sniffing,99380,99290,99380,90
climbing,99453,99380,99453,73
right_turning,99488,99453,99488,35
trotting,99507,99488,99507,19
running,99537,99507,99537,30
rising,99541,99537,99541,4
left_turning,99562,99541,99562,21
sniffing,99571,99562,99571,9
rising,99572,99571,99572,1
climbing,99791,99572,99791,219
sniffing,99930,99791,99930,139
rising,99937,99930,99937,7
climbing,100111,99937,100111,174
running,100133,100111,100133,22
sniffing,100238,100133,100238,105
right_turning,100244,100238,100244,6
sniffing,100420,100244,100420,176
grooming,100892,100420,100892,472
hunching,101047,100892,101047,155
grooming,101158,101047,101158,111
sniffing,101159,101158,101159,1
rearing,101258,101159,101258,99
grooming,101347,101258,101347,89
climbing,101348,101347,101348,1
rearing,101390,101348,101390,42
sniffing,101650,101390,101650,260
grooming,101651,101650,101651,1
climbing,101707,101651,101707,56
sniffing,101803,101707,101803,96
rising,101892,101803,101892,89
trotting,101962,101892,101962,70
sniffing,102280,101962,102280,318
pausing,102770,102280,102770,490
sniffing,102836,102770,102836,66
running,102881,102836,102881,45
right_turning,102887,102881,102887,6
rearing,103005,102887,103005,118
rising,103077,103005,103077,72
climbing,103139,103077,103139,62
grooming,103147,103139,103147,8
sniffing,103240,103147,103240,93
right_turning,103245,103240,103245,5
sniffing,103467,103245,103467,222
rearing,103523,103467,103523,56
rising,103540,103523,103540,17
climbing,103665,103540,103665,125
walking,103689,103665,103689,24
sniffing,103722,103689,103722,33
stepping,103723,103722,103723,1
right_turning,103724,103723,103724,1
running,103773,103724,103773,49
sniffing,103898,103773,103898,125
rising,103899,103898,103899,1
walking,103948,103899,103948,49
stepping,104002,103948,104002,54
sniffing,104024,104002,104024,22
walking,104058,104024,104058,34
stepping,104099,104058,104099,41
left_turning,104152,104099,104152,53
rising,104234,104152,104234,82
climbing,104338,104234,104338,104
grooming,104339,104338,104339,1
climbing,104435,104339,104435,96
rearing,104527,104435,104527,92
grooming,104528,104527,104528,1
rearing,104596,104528,104596,68
sniffing,104737,104596,104737,141
rising,105029,104737,105029,292
sniffing,105082,105029,105082,53
hunching,105122,105082,105122,40
sniffing,105123,105122,105123,1
climbing,105177,105123,105177,54
walking,105194,105177,105194,17
sniffing,105328,105194,105328,134
rising,105444,105328,105444,116
climbing,105465,105444,105465,21
walking,105506,105465,105506,41
rising,105563,105506,105563,57
climbing,105630,105563,105630,67
rising,105631,105630,105631,1
hunching,105633,105631,105633,2
right_turning,105634,105633,105634,1
walking,105642,105634,105642,8
rising,105703,105642,105703,61
rearing,105758,105703,105758,55
grooming,105828,105758,105828,70
sniffing,106033,105828,106033,205
rising,106034,106033,106034,1
rearing,106082,106034,106082,48
right_turning,106119,106082,106119,37
walking,106142,106119,106142,23
sniffing,106221,106142,106221,79
pausing,106501,106221,106501,280
sniffing,106584,106501,106584,83
rearing,106631,106584,106631,47
walking,106708,106631,106708,77
stepping,106741,106708,106741,33
right_turning,106793,106741,106793,52
sniffing,106890,106793,106890,97
stepping,106906,106890,106906,16
sniffing,107010,106906,107010,104
left_turning,107109,107010,107109,99
stepping,107145,107109,107145,36
walking,107173,107145,107173,28
trotting,107174,107173,107174,1
walking,107226,107174,107226,52
left_turning,107265,107226,107265,39
rising,107266,107265,107266,1
grooming,107464,107266,107464,198
walking,107465,107464,107465,1
left_turning,107466,107465,107466,1
sniffing,107693,107466,107693,227
grooming,107706,107693,107706,13
rearing,107765,107706,107765,59
right_turning,107780,107765,107780,15
grooming,107866,107780,107866,86
sniffing,107867,107866,107867,1
hunching,107902,107867,107902,35
sniffing,107941,107902,107941,39
rising,108000,107941,108000,59
