revised_movement_label,segBoundary,segBoundary_start,segBoundary_end,length
trotting,34,0,34,34
left_turning,35,34,35,1
stepping,87,35,87,52
climbing,88,87,88,1
rearing,182,88,182,94
walking,197,182,197,15
rising,247,197,247,50
climbing,294,247,294,47
sniffing,411,294,411,117
right_turning,426,411,426,15
stepping,516,426,516,90
rising,568,516,568,52
climbing,604,568,604,36
walking,676,604,676,72
sniffing,710,676,710,34
walking,773,710,773,63
climbing,815,773,815,42
trotting,847,815,847,32
walking,857,847,857,10
climbing,901,857,901,44
rising,932,901,932,31
right_turning,976,932,976,44
walking,977,976,977,1
sniffing,984,977,984,7
left_turning,1012,984,1012,28
sniffing,1013,1012,1013,1
trotting,1034,1013,1034,21
walking,1045,1034,1045,11
sniffing,1072,1045,1072,27
trotting,1118,1072,1118,46
walking,1136,1118,1136,18
left_turning,1194,1136,1194,58
sniffing,1332,1194,1332,138
left_turning,1335,1332,1335,3
trotting,1384,1335,1384,49
walking,1458,1384,1458,74
sniffing,1459,1458,1459,1
walking,1462,1459,1462,3
rising,1516,1462,1516,54
climbing,1591,1516,1591,75
rising,1649,1591,1649,58
climbing,1709,1649,1709,60
walking,1710,1709,1710,1
running,1755,1710,1755,45
sniffing,1795,1755,1795,40
left_turning,1808,1795,1808,13
stepping,1824,1808,1824,16
climbing,1868,1824,1868,44
left_turning,1896,1868,1896,28
sniffing,1897,1896,1897,1
walking,1901,1897,1901,4
sniffing,1917,1901,1917,16
climbing,1969,1917,1969,52
sniffing,1987,1969,1987,18
rising,2105,1987,2105,118
climbing,2204,2105,2204,99
trotting,2252,2204,2252,48
running,2270,2252,2270,18
walking,2334,2270,2334,64
stepping,2364,2334,2364,30
walking,2436,2364,2436,72
stepping,2463,2436,2463,27
walking,2537,2463,2537,74
sniffing,2538,2537,2538,1
running,2558,2538,2558,20
sniffing,2595,2558,2595,37
left_turning,2669,2595,2669,74
running,2687,2669,2687,18
sniffing,2740,2687,2740,53
grooming,2741,2740,2741,1
hunching,2798,2741,2798,57
right_turning,2809,2798,2809,11
walking,2812,2809,2812,3
sniffing,2846,2812,2846,34
walking,2888,2846,2888,42
sniffing,2939,2888,2939,51
rising,2940,2939,2940,1
sniffing,2965,2940,2965,25
rearing,2994,2965,2994,29
grooming,3124,2994,3124,130
rearing,3265,3124,3265,141
sniffing,3345,3265,3345,80
climbing,3385,3345,3385,40
left_turning,3401,3385,3401,16
sniffing,3402,3401,3402,1
rising,3411,3402,3411,9
sniffing,3463,3411,3463,52
left_turning,3508,3463,3508,45
sniffing,3581,3508,3581,73
climbing,3591,3581,3591,10
walking,3625,3591,3625,34
climbing,3664,3625,3664,39
right_turning,3699,3664,3699,35
trotting,3700,3699,3700,1
sniffing,3715,3700,3715,15
rearing,3747,3715,3747,32
walking,3748,3747,3748,1
sniffing,3797,3748,3797,49
left_turning,3851,3797,3851,54
rising,3996,3851,3996,145
sniffing,4040,3996,4040,44
rising,4041,4040,4041,1
climbing,4086,4041,4086,45
walking,4103,4086,4103,17
left_turning,4153,4103,4153,50
walking,4222,4153,4222,69
running,4244,4222,4244,22
walking,4315,4244,4315,71
sniffing,4316,4315,4316,1
walking,4318,4316,4318,2
running,4325,4318,4325,7
walking,4340,4325,4340,15
rising,4353,4340,4353,13
walking,4438,4353,4438,85
sniffing,4439,4438,4439,1
left_turning,4508,4439,4508,69
sniffing,4562,4508,4562,54
climbing,4594,4562,4594,32
right_turning,4616,4594,4616,22
sniffing,4646,4616,4646,30
left_turning,4687,4646,4687,41
walking,4698,4687,4698,11
sniffing,4748,4698,4748,50
climbing,4808,4748,4808,60
walking,4861,4808,4861,53
trotting,4908,4861,4908,47
walking,4952,4908,4952,44
right_turning,4973,4952,4973,21
sniffing,4987,4973,4987,14
left_turning,5002,4987,5002,15
trotting,5081,5002,5081,79
sniffing,5217,5081,5217,136
rising,5276,5217,5276,59
walking,5277,5276,5277,1
sniffing,5308,5277,5308,31
right_turning,5367,5308,5367,59
walking,5385,5367,5385,18
sniffing,5432,5385,5432,47
rising,5440,5432,5440,8
walking,5441,5440,5441,1
right_turning,5450,5441,5450,9
walking,5494,5450,5494,44
left_turning,5532,5494,5532,38
trotting,5584,5532,5584,52
sniffing,5673,5584,5673,89
walking,5707,5673,5707,34
stepping,5726,5707,5726,19
walking,5752,5726,5752,26
sniffing,5753,5752,5753,1
walking,5772,5753,5772,19
climbing,5828,5772,5828,56
trotting,5866,5828,5866,38
left_turning,5881,5866,5881,15
walking,5921,5881,5921,40
trotting,5947,5921,5947,26
sniffing,5984,5947,5984,37
trotting,6013,5984,6013,29
stepping,6046,6013,6046,33
climbing,6082,6046,6082,36
walking,6125,6082,6125,43
stepping,6158,6125,6158,33
trotting,6160,6158,6160,2
sniffing,6212,6160,6212,52
left_turning,6213,6212,6213,1
rising,6219,6213,6219,6
right_turning,6239,6219,6239,20
trotting,6262,6239,6262,23
walking,6283,6262,6283,21
stepping,6331,6283,6331,48
climbing,6394,6331,6394,63
rising,6452,6394,6452,58
sniffing,6453,6452,6453,1
running,6484,6453,6484,31
walking,6497,6484,6497,13
climbing,6544,6497,6544,47
sniffing,6545,6544,6545,1
climbing,6648,6545,6648,103
sniffing,6687,6648,6687,39
climbing,6695,6687,6695,8
right_turning,6746,6695,6746,51
walking,6790,6746,6790,44
sniffing,6791,6790,6791,1
rising,6829,6791,6829,38
walking,6926,6829,6926,97
left_turning,6927,6926,6927,1
walking,7025,6927,7025,98
climbing,7108,7025,7108,83
rearing,7112,7108,7112,4
climbing,7148,7112,7148,36
hunching,7173,7148,7173,25
climbing,7240,7173,7240,67
walking,7288,7240,7288,48
sniffing,7328,7288,7328,40
climbing,7349,7328,7349,21
right_turning,7369,7349,7369,20
sniffing,7464,7369,7464,95
rising,7513,7464,7513,49
rearing,7618,7513,7618,105
hunching,7636,7618,7636,18
sniffing,7637,7636,7637,1
pausing,8212,7637,8212,575
sniffing,8213,8212,8213,1
walking,8229,8213,8229,16
climbing,8248,8229,8248,19
sniffing,8249,8248,8249,1
rising,8263,8249,8263,14
sniffing,8264,8263,8264,1
climbing,8293,8264,8293,29
rising,8332,8293,8332,39
climbing,8427,8332,8427,95
running,8440,8427,8440,13
left_turning,8474,8440,8474,34
trotting,8544,8474,8544,70
rising,8545,8544,8545,1
sniffing,8581,8545,8581,36
left_turning,8617,8581,8617,36
sniffing,8618,8617,8618,1
left_turning,8680,8618,8680,62
sniffing,8727,8680,8727,47
rising,8801,8727,8801,74
climbing,8849,8801,8849,48
trotting,8890,8849,8890,41
sniffing,8891,8890,8891,1
rising,8892,8891,8892,1
sniffing,8930,8892,8930,38
rising,8935,8930,8935,5
climbing,8967,8935,8967,32
walking,9025,8967,9025,58
sniffing,9071,9025,9071,46
rearing,9110,9071,9110,39
sniffing,9146,9110,9146,36
walking,9191,9146,9191,45
rising,9254,9191,9254,63
walking,9255,9254,9255,1
sniffing,9268,9255,9268,13
climbing,9282,9268,9282,14
walking,9291,9282,9291,9
sniffing,9292,9291,9292,1
rising,9316,9292,9316,24
climbing,9350,9316,9350,34
rearing,9351,9350,9351,1
sniffing,9447,9351,9447,96
walking,9502,9447,9502,55
sniffing,9503,9502,9503,1
walking,9564,9503,9564,61
sniffing,9588,9564,9588,24
climbing,9645,9588,9645,57
hunching,9659,9645,9659,14
sniffing,9786,9659,9786,127
walking,9800,9786,9800,14
climbing,9850,9800,9850,50
left_turning,9869,9850,9869,19
walking,9903,9869,9903,34
right_turning,9942,9903,9942,39
sniffing,10006,9942,10006,64
rising,10007,10006,10007,1
walking,10031,10007,10031,24
sniffing,10051,10031,10051,20
climbing,10075,10051,10075,24
sniffing,10182,10075,10182,107
left_turning,10210,10182,10210,28
sniffing,10308,10210,10308,98
right_turning,10326,10308,10326,18
stepping,10331,10326,10331,5
sniffing,10430,10331,10430,99
left_turning,10440,10430,10440,10
sniffing,10533,10440,10533,93
climbing,10579,10533,10579,46
walking,10619,10579,10619,40
left_turning,10638,10619,10638,19
sniffing,10667,10638,10667,29
climbing,10746,10667,10746,79
right_turning,10803,10746,10803,57
walking,10833,10803,10833,30
sniffing,10834,10833,10834,1
left_turning,10835,10834,10835,1
walking,10865,10835,10865,30
left_turning,10867,10865,10867,2
sniffing,10973,10867,10973,106
climbing,10980,10973,10980,7
right_turning,10996,10980,10996,16
walking,11005,10996,11005,9
sniffing,11024,11005,11024,19
climbing,11137,11024,11137,113
sniffing,11175,11137,11175,38
walking,11183,11175,11183,8
rising,11211,11183,11211,28
walking,11212,11211,11212,1
right_turning,11252,11212,11252,40
sniffing,11381,11252,11381,129
rearing,11445,11381,11445,64
rising,11460,11445,11460,15
climbing,11510,11460,11510,50
walking,11549,11510,11549,39
left_turning,11598,11549,11598,49
walking,11665,11598,11665,67
sniffing,11666,11665,11666,1
climbing,11762,11666,11762,96
sniffing,11874,11762,11874,112
stepping,11876,11874,11876,2
climbing,11907,11876,11907,31
sniffing,11953,11907,11953,46
rising,12080,11953,12080,127
sniffing,12081,12080,12081,1
walking,12308,12081,12308,227
sniffing,12348,12308,12348,40
climbing,12452,12348,12452,104
sniffing,12485,12452,12485,33
left_turning,12542,12485,12542,57
sniffing,12547,12542,12547,5
climbing,12604,12547,12604,57
sniffing,12633,12604,12633,29
walking,12666,12633,12666,33
trotting,12686,12666,12686,20
walking,12728,12686,12728,42
sniffing,12832,12728,12832,104
left_turning,12833,12832,12833,1
walking,12858,12833,12858,25
sniffing,12907,12858,12907,49
climbing,13006,12907,13006,99
walking,13030,13006,13030,24
rising,13067,13030,13067,37
climbing,13123,13067,13123,56
rising,13185,13123,13185,62
climbing,13220,13185,13220,35
left_turning,13267,13220,13267,47
running,13275,13267,13275,8
walking,13351,13275,13351,76
left_turning,13415,13351,13415,64
running,13448,13415,13448,33
rising,13488,13448,13488,40
climbing,13489,13488,13489,1
walking,13499,13489,13499,10
climbing,13524,13499,13524,25
walking,13525,13524,13525,1
sniffing,13774,13525,13774,249
walking,13844,13774,13844,70
left_turning,13860,13844,13860,16
running,13928,13860,13928,68
rising,13982,13928,13982,54
sniffing,13983,13982,13983,1
rising,14024,13983,14024,41
climbing,14078,14024,14078,54
left_turning,14135,14078,14135,57
sniffing,14161,14135,14161,26
climbing,14216,14161,14216,55
rising,14249,14216,14249,33
right_turning,14284,14249,14284,35
walking,14347,14284,14347,63
climbing,14376,14347,14376,29
rising,14377,14376,14377,1
left_turning,14392,14377,14392,15
sniffing,14468,14392,14468,76
walking,14507,14468,14507,39
running,14520,14507,14520,13
walking,14540,14520,14540,20
sniffing,14594,14540,14594,54
walking,14630,14594,14630,36
sniffing,14631,14630,14631,1
right_turning,14633,14631,14633,2
walking,14634,14633,14634,1
left_turning,14643,14634,14643,9
running,14671,14643,14671,28
trotting,14739,14671,14739,68
left_turning,14740,14739,14740,1
running,14781,14740,14781,41
walking,14861,14781,14861,80
right_turning,14902,14861,14902,41
walking,14927,14902,14927,25
left_turning,14985,14927,14985,58
rising,15035,14985,15035,50
sniffing,15050,15035,15050,15
climbing,15090,15050,15090,40
right_turning,15129,15090,15129,39
walking,15171,15129,15171,42
hunching,15198,15171,15198,27
walking,15211,15198,15211,13
sniffing,15257,15211,15257,46
climbing,15385,15257,15385,128
trotting,15395,15385,15395,10
running,15428,15395,15428,33
walking,15454,15428,15454,26
sniffing,15577,15454,15577,123
rising,15657,15577,15657,80
climbing,15751,15657,15751,94
sniffing,15918,15751,15918,167
hunching,15992,15918,15992,74
sniffing,16035,15992,16035,43
rising,16044,16035,16044,9
climbing,16079,16044,16079,35
sniffing,16155,16079,16155,76
rising,16156,16155,16156,1
sniffing,16196,16156,16196,40
left_turning,16252,16196,16252,56
walking,16292,16252,16292,40
hunching,16320,16292,16320,28
right_turning,16332,16320,16332,12
stepping,16359,16332,16359,27
climbing,16550,16359,16550,191
rising,16551,16550,16551,1
climbing,16595,16551,16595,44
rising,16624,16595,16624,29
walking,16644,16624,16644,20
sniffing,16738,16644,16738,94
trotting,16792,16738,16792,54
climbing,16810,16792,16810,18
sniffing,16954,16810,16954,144
climbing,16955,16954,16955,1
sniffing,17052,16955,17052,97
walking,17088,17052,17088,36
trotting,17145,17088,17145,57
sniffing,17211,17145,17211,66
walking,17258,17211,17258,47
rising,17268,17258,17268,10
climbing,17278,17268,17278,10
rising,17312,17278,17312,34
sniffing,17397,17312,17397,85
trotting,17485,17397,17485,88
left_turning,17574,17485,17574,89
trotting,17600,17574,17600,26
climbing,17633,17600,17633,33
sniffing,17746,17633,17746,113
right_turning,17760,17746,17760,14
running,17798,17760,17798,38
right_turning,17799,17798,17799,1
running,17834,17799,17834,35
walking,17890,17834,17890,56
rising,17905,17890,17905,15
sniffing,17906,17905,17906,1
walking,17926,17906,17926,20
stepping,17982,17926,17982,56
rearing,18021,17982,18021,39
climbing,18027,18021,18027,6
walking,18054,18027,18054,27
sniffing,18072,18054,18072,18
trotting,18154,18072,18154,82
walking,18181,18154,18181,27
rising,18222,18181,18222,41
walking,18253,18222,18253,31
sniffing,18380,18253,18380,127
rising,18436,18380,18436,56
rearing,18437,18436,18437,1
rising,18646,18437,18646,209
sniffing,18698,18646,18698,52
walking,18699,18698,18699,1
grooming,18779,18699,18779,80
sniffing,18891,18779,18891,112
stepping,18901,18891,18901,10
right_turning,18912,18901,18912,11
sniffing,18981,18912,18981,69
climbing,19043,18981,19043,62
running,19072,19043,19072,29
right_turning,19110,19072,19110,38
walking,19170,19110,19170,60
sniffing,19282,19170,19282,112
climbing,19298,19282,19298,16
walking,19324,19298,19324,26
rising,19325,19324,19325,1
hunching,19350,19325,19350,25
rising,19375,19350,19375,25
climbing,19398,19375,19398,23
rising,19463,19398,19463,65
walking,19478,19463,19478,15
running,19514,19478,19514,36
trotting,19538,19514,19538,24
walking,19553,19538,19553,15
sniffing,19598,19553,19598,45
walking,19661,19598,19661,63
left_turning,19676,19661,19676,15
sniffing,19752,19676,19752,76
walking,19753,19752,19753,1
climbing,19809,19753,19809,56
rising,19858,19809,19858,49
sniffing,19859,19858,19859,1
walking,19906,19859,19906,47
sniffing,19919,19906,19919,13
climbing,19922,19919,19922,3
walking,19966,19922,19966,44
climbing,20027,19966,20027,61
grooming,20028,20027,20028,1
sniffing,20088,20028,20088,60
walking,20101,20088,20101,13
sniffing,20137,20101,20137,36
walking,20159,20137,20159,22
sniffing,20362,20159,20362,203
trotting,20415,20362,20415,53
walking,20430,20415,20430,15
climbing,20440,20430,20440,10
right_turning,20468,20440,20468,28
trotting,20502,20468,20502,34
grooming,20516,20502,20516,14
sniffing,20581,20516,20581,65
stepping,20632,20581,20632,51
left_turning,20682,20632,20682,50
sniffing,20736,20682,20736,54
climbing,20766,20736,20766,30
sniffing,20913,20766,20913,147
rising,20949,20913,20949,36
sniffing,21147,20949,21147,198
trotting,21160,21147,21160,13
rising,21214,21160,21214,54
climbing,21234,21214,21234,20
hunching,21380,21234,21380,146
climbing,21498,21380,21498,118
hunching,21499,21498,21499,1
sniffing,21569,21499,21569,70
climbing,21632,21569,21632,63
rising,21668,21632,21668,36
rearing,21669,21668,21669,1
trotting,21723,21669,21723,54
sniffing,21788,21723,21788,65
right_turning,21792,21788,21792,4
left_turning,21901,21792,21901,109
rising,21904,21901,21904,3
climbing,22030,21904,22030,126
trotting,22060,22030,22060,30
left_turning,22073,22060,22073,13
sniffing,22074,22073,22074,1
stepping,22075,22074,22075,1
walking,22103,22075,22103,28
climbing,22175,22103,22175,72
left_turning,22178,22175,22178,3
walking,22240,22178,22240,62
rising,22263,22240,22263,23
hunching,22323,22263,22323,60
trotting,22377,22323,22377,54
rising,22378,22377,22378,1
climbing,22391,22378,22391,13
right_turning,22439,22391,22439,48
trotting,22492,22439,22492,53
walking,22562,22492,22562,70
climbing,22603,22562,22603,41
stepping,22644,22603,22644,41
sniffing,22669,22644,22669,25
right_turning,22682,22669,22682,13
stepping,22683,22682,22683,1
right_turning,22688,22683,22688,5
trotting,22721,22688,22721,33
sniffing,22814,22721,22814,93
right_turning,22876,22814,22876,62
stepping,22893,22876,22893,17
hunching,22930,22893,22930,37
rising,23005,22930,23005,75
stepping,23021,23005,23021,16
walking,23055,23021,23055,34
sniffing,23067,23055,23067,12
trotting,23102,23067,23102,35
walking,23107,23102,23107,5
rising,23135,23107,23135,28
sniffing,23137,23135,23137,2
right_turning,23173,23137,23173,36
sniffing,23174,23173,23174,1
trotting,23203,23174,23203,29
stepping,23211,23203,23211,8
sniffing,23257,23211,23257,46
walking,23310,23257,23310,53
sniffing,23311,23310,23311,1
rearing,23312,23311,23312,1
sniffing,23318,23312,23318,6
climbing,23319,23318,23319,1
rising,23329,23319,23329,10
hunching,23433,23329,23433,104
sniffing,23559,23433,23559,126
rising,23560,23559,23560,1
rearing,23632,23560,23632,72
right_turning,23689,23632,23689,57
sniffing,23690,23689,23690,1
walking,23751,23690,23751,61
sniffing,23846,23751,23846,95
rearing,23872,23846,23872,26
trotting,23894,23872,23894,22
sniffing,23895,23894,23895,1
left_turning,23939,23895,23939,44
sniffing,23940,23939,23940,1
walking,24006,23940,24006,66
right_turning,24028,24006,24028,22
trotting,24088,24028,24088,60
sniffing,24089,24088,24089,1
stepping,24132,24089,24132,43
sniffing,24355,24132,24355,223
trotting,24368,24355,24368,13
sniffing,24485,24368,24485,117
climbing,24502,24485,24502,17
grooming,24657,24502,24657,155
trotting,24682,24657,24682,25
climbing,24751,24682,24751,69
rearing,24759,24751,24759,8
climbing,24760,24759,24760,1
rising,24808,24760,24808,48
rearing,24809,24808,24809,1
walking,24810,24809,24810,1
stepping,24824,24810,24824,14
walking,24844,24824,24844,20
jumping,24918,24844,24918,74
right_turning,24925,24918,24925,7
walking,24943,24925,24943,18
climbing,25009,24943,25009,66
walking,25059,25009,25059,50
sniffing,25075,25059,25075,16
right_turning,25118,25075,25118,43
walking,25174,25118,25174,56
right_turning,25193,25174,25193,19
sniffing,25261,25193,25261,68
right_turning,25262,25261,25262,1
rising,25313,25262,25313,51
climbing,25314,25313,25314,1
right_turning,25325,25314,25325,11
trotting,25334,25325,25334,9
sniffing,25335,25334,25335,1
walking,25414,25335,25414,79
sniffing,25429,25414,25429,15
stepping,25445,25429,25445,16
climbing,25467,25445,25467,22
sniffing,25558,25467,25558,91
left_turning,25559,25558,25559,1
walking,25593,25559,25593,34
sniffing,25624,25593,25624,31
trotting,25641,25624,25641,17
sniffing,25642,25641,25642,1
walking,25708,25642,25708,66
sniffing,25782,25708,25782,74
left_turning,25811,25782,25811,29
sniffing,25921,25811,25921,110
right_turning,25931,25921,25931,10
walking,25956,25931,25956,25
trotting,25995,25956,25995,39
left_turning,26087,25995,26087,92
rising,26088,26087,26088,1
trotting,26123,26088,26123,35
left_turning,26219,26123,26219,96
trotting,26239,26219,26239,20
sniffing,26328,26239,26328,89
left_turning,26329,26328,26329,1
sniffing,26330,26329,26330,1
rising,26373,26330,26373,43
climbing,26455,26373,26455,82
sniffing,26502,26455,26502,47
rearing,26550,26502,26550,48
sniffing,26562,26550,26562,12
left_turning,26578,26562,26578,16
walking,26634,26578,26634,56
left_turning,26681,26634,26681,47
rising,26702,26681,26702,21
grooming,26703,26702,26703,1
hunching,26740,26703,26740,37
grooming,27014,26740,27014,274
walking,27054,27014,27054,40
sniffing,27108,27054,27108,54
rising,27168,27108,27168,60
sniffing,27269,27168,27269,101
rising,27313,27269,27313,44
climbing,27357,27313,27357,44
rising,27374,27357,27374,17
climbing,27409,27374,27409,35
rearing,27496,27409,27496,87
walking,27563,27496,27563,67
left_turning,27571,27563,27571,8
walking,27653,27571,27653,82
rising,27654,27653,27654,1
climbing,27737,27654,27737,83
rising,27760,27737,27760,23
sniffing,27818,27760,27818,58
rising,27836,27818,27836,18
hunching,27874,27836,27874,38
rising,27915,27874,27915,41
sniffing,28006,27915,28006,91
rising,28079,28006,28079,73
climbing,28109,28079,28109,30
rising,28155,28109,28155,46
right_turning,28186,28155,28186,31
left_turning,28198,28186,28198,12
walking,28247,28198,28247,49
sniffing,28248,28247,28248,1
walking,28249,28248,28249,1
right_turning,28268,28249,28268,19
walking,28325,28268,28325,57
sniffing,28383,28325,28383,58
running,28392,28383,28392,9
walking,28393,28392,28393,1
sniffing,28518,28393,28518,125
rising,28602,28518,28602,84
rearing,28687,28602,28687,85
left_turning,28722,28687,28722,35
trotting,28746,28722,28746,24
stepping,28793,28746,28793,47
walking,28863,28793,28863,70
stepping,28876,28863,28876,13
sniffing,28921,28876,28921,45
walking,28922,28921,28922,1
rising,29010,28922,29010,88
climbing,29077,29010,29077,67
sniffing,29146,29077,29146,69
walking,29204,29146,29204,58
rising,29234,29204,29234,30
jumping,29266,29234,29266,32
rising,29317,29266,29317,51
left_turning,29388,29317,29388,71
trotting,29409,29388,29409,21
sniffing,29528,29409,29528,119
left_turning,29562,29528,29562,34
walking,29563,29562,29563,1
sniffing,29650,29563,29650,87
grooming,29795,29650,29795,145
hunching,29932,29795,29932,137
rising,29933,29932,29933,1
climbing,29995,29933,29995,62
walking,30040,29995,30040,45
rising,30077,30040,30077,37
walking,30140,30077,30140,63
sniffing,30225,30140,30225,85
hunching,30226,30225,30226,1
right_turning,30277,30226,30277,51
walking,30326,30277,30326,49
stepping,30380,30326,30380,54
left_turning,30404,30380,30404,24
stepping,30410,30404,30410,6
rearing,30536,30410,30536,126
climbing,30583,30536,30583,47
walking,30584,30583,30584,1
sniffing,30615,30584,30615,31
climbing,30662,30615,30662,47
rising,30675,30662,30675,13
climbing,30745,30675,30745,70
rising,30766,30745,30766,21
left_turning,30803,30766,30803,37
sniffing,30870,30803,30870,67
rising,30875,30870,30875,5
sniffing,30883,30875,30883,8
left_turning,30920,30883,30920,37
sniffing,30921,30920,30921,1
rising,30937,30921,30937,16
right_turning,30974,30937,30974,37
walking,31030,30974,31030,56
left_turning,31056,31030,31056,26
sniffing,31285,31056,31285,229
rising,31308,31285,31308,23
sniffing,31388,31308,31388,80
climbing,31413,31388,31413,25
walking,31433,31413,31433,20
trotting,31438,31433,31438,5
hunching,31511,31438,31511,73
climbing,31644,31511,31644,133
sniffing,31667,31644,31667,23
left_turning,31668,31667,31668,1
rising,31743,31668,31743,75
sniffing,31860,31743,31860,117
right_turning,31913,31860,31913,53
sniffing,31978,31913,31978,65
walking,32019,31978,32019,41
stepping,32026,32019,32026,7
sniffing,32034,32026,32034,8
trotting,32079,32034,32079,45
stepping,32104,32079,32104,25
sniffing,32172,32104,32172,68
rising,32192,32172,32192,20
walking,32193,32192,32193,1
sniffing,32264,32193,32264,71
walking,32266,32264,32266,2
hunching,32267,32266,32267,1
climbing,32320,32267,32320,53
right_turning,32368,32320,32368,48
sniffing,32369,32368,32369,1
climbing,32422,32369,32422,53
rising,32442,32422,32442,20
left_turning,32443,32442,32443,1
walking,32564,32443,32564,121
hunching,32672,32564,32672,108
climbing,32695,32672,32695,23
sniffing,32760,32695,32760,65
rearing,32847,32760,32847,87
grooming,32871,32847,32871,24
hunching,32920,32871,32920,49
walking,32921,32920,32921,1
climbing,32953,32921,32953,32
running,32974,32953,32974,21
trotting,32997,32974,32997,23
sniffing,33082,32997,33082,85
rearing,33143,33082,33143,61
rising,33213,33143,33213,70
climbing,33214,33213,33214,1
rising,33284,33214,33284,70
climbing,33331,33284,33331,47
sniffing,33381,33331,33381,50
left_turning,33433,33381,33433,52
sniffing,33545,33433,33545,112
stepping,33597,33545,33597,52
walking,33612,33597,33612,15
trotting,33652,33612,33652,40
left_turning,33695,33652,33695,43
walking,33697,33695,33697,2
rising,33716,33697,33716,19
hunching,33745,33716,33745,29
sniffing,33903,33745,33903,158
rising,33906,33903,33906,3
sniffing,33922,33906,33922,16
climbing,33979,33922,33979,57
rising,34025,33979,34025,46
walking,34026,34025,34026,1
stepping,34052,34026,34052,26
sniffing,34130,34052,34130,78
left_turning,34155,34130,34155,25
sniffing,34184,34155,34184,29
rising,34185,34184,34185,1
climbing,34218,34185,34218,33
sniffing,34219,34218,34219,1
rearing,34272,34219,34272,53
walking,34331,34272,34331,59
sniffing,34378,34331,34378,47
walking,34441,34378,34441,63
sniffing,34469,34441,34469,28
hunching,34510,34469,34510,41
climbing,34511,34510,34511,1
right_turning,34521,34511,34521,10
trotting,34540,34521,34540,19
rising,34559,34540,34559,19
climbing,34560,34559,34560,1
rearing,34561,34560,34561,1
rising,34615,34561,34615,54
walking,34689,34615,34689,74
sniffing,34690,34689,34690,1
right_turning,34692,34690,34692,2
walking,34761,34692,34761,69
sniffing,34866,34761,34866,105
walking,34867,34866,34867,1
left_turning,34868,34867,34868,1
hunching,34966,34868,34966,98
climbing,35030,34966,35030,64
sniffing,35071,35030,35071,41
left_turning,35078,35071,35078,7
walking,35091,35078,35091,13
sniffing,35092,35091,35092,1
climbing,35129,35092,35129,37
running,35146,35129,35146,17
walking,35165,35146,35165,19
trotting,35176,35165,35176,11
sniffing,35177,35176,35177,1
trotting,35220,35177,35220,43
walking,35224,35220,35224,4
left_turning,35225,35224,35225,1
stepping,35252,35225,35252,27
hunching,35253,35252,35253,1
walking,35326,35253,35326,73
sniffing,35332,35326,35332,6
left_turning,35369,35332,35369,37
walking,35392,35369,35392,23
left_turning,35434,35392,35434,42
walking,35500,35434,35500,66
sniffing,35742,35500,35742,242
left_turning,35804,35742,35804,62
sniffing,35805,35804,35805,1
climbing,35900,35805,35900,95
rising,35992,35900,35992,92
right_turning,35998,35992,35998,6
stepping,36004,35998,36004,6
climbing,36008,36004,36008,4
rearing,36048,36008,36048,40
trotting,36069,36048,36069,21
sniffing,36118,36069,36118,49
climbing,36154,36118,36154,36
walking,36155,36154,36155,1
climbing,36156,36155,36156,1
sniffing,36185,36156,36185,29
left_turning,36217,36185,36217,32
rearing,36218,36217,36218,1
sniffing,36244,36218,36244,26
rearing,36289,36244,36289,45
grooming,36330,36289,36330,41
sniffing,36496,36330,36496,166
walking,36585,36496,36585,89
sniffing,36675,36585,36675,90
climbing,36758,36675,36758,83
running,36776,36758,36776,18
left_turning,36830,36776,36830,54
trotting,36836,36830,36836,6
walking,36837,36836,36837,1
climbing,36920,36837,36920,83
rearing,36921,36920,36921,1
grooming,37021,36921,37021,100
rearing,37063,37021,37063,42
sniffing,37210,37063,37210,147
right_turning,37223,37210,37223,13
trotting,37259,37223,37259,36
rising,37276,37259,37276,17
left_turning,37340,37276,37340,64
sniffing,37359,37340,37359,19
trotting,37411,37359,37411,52
walking,37458,37411,37458,47
climbing,37515,37458,37515,57
trotting,37542,37515,37542,27
walking,37574,37542,37574,32
sniffing,37575,37574,37575,1
stepping,37618,37575,37618,43
climbing,37754,37618,37754,136
walking,37755,37754,37755,1
right_turning,37783,37755,37783,28
walking,37831,37783,37831,48
sniffing,37859,37831,37859,28
rising,37906,37859,37906,47
sniffing,37975,37906,37975,69
walking,38039,37975,38039,64
sniffing,38040,38039,38040,1
climbing,38088,38040,38088,48
sniffing,38200,38088,38200,112
rising,38250,38200,38250,50
climbing,38253,38250,38253,3
grooming,38426,38253,38426,173
left_turning,38449,38426,38449,23
walking,38471,38449,38471,22
sniffing,38522,38471,38522,51
left_turning,38532,38522,38532,10
grooming,38541,38532,38541,9
right_turning,38554,38541,38554,13
stepping,38624,38554,38624,70
sniffing,38625,38624,38625,1
left_turning,38675,38625,38675,50
rising,38676,38675,38676,1
climbing,38703,38676,38703,27
walking,38738,38703,38738,35
sniffing,38754,38738,38754,16
grooming,38862,38754,38862,108
sniffing,39026,38862,39026,164
trotting,39027,39026,39027,1
sniffing,39140,39027,39140,113
walking,39206,39140,39206,66
trotting,39234,39206,39234,28
walking,39266,39234,39266,32
right_turning,39384,39266,39384,118
sniffing,39417,39384,39417,33
walking,39466,39417,39466,49
climbing,39525,39466,39525,59
walking,39609,39525,39609,84
trotting,39660,39609,39660,51
stepping,39687,39660,39687,27
walking,39700,39687,39700,13
rising,39701,39700,39701,1
walking,39706,39701,39706,5
climbing,39832,39706,39832,126
left_turning,39871,39832,39871,39
rising,39929,39871,39929,58
sniffing,39987,39929,39987,58
grooming,40111,39987,40111,124
rearing,40177,40111,40177,66
sniffing,40205,40177,40205,28
trotting,40228,40205,40228,23
walking,40298,40228,40298,70
rearing,40299,40298,40299,1
left_turning,40313,40299,40313,14
trotting,40324,40313,40324,11
climbing,40398,40324,40398,74
rising,40453,40398,40453,55
sniffing,40458,40453,40458,5
climbing,40598,40458,40598,140
sniffing,40615,40598,40615,17
climbing,40619,40615,40619,4
rising,40638,40619,40638,19
right_turning,40669,40638,40669,31
running,40711,40669,40711,42
trotting,40721,40711,40721,10
climbing,40813,40721,40813,92
rising,40849,40813,40849,36
climbing,40907,40849,40907,58
walking,40952,40907,40952,45
sniffing,41037,40952,41037,85
left_turning,41038,41037,41038,1
climbing,41055,41038,41055,17
sniffing,41098,41055,41098,43
rising,41142,41098,41142,44
left_turning,41156,41142,41156,14
trotting,41184,41156,41184,28
rising,41185,41184,41185,1
sniffing,41186,41185,41186,1
hunching,41193,41186,41193,7
sniffing,41347,41193,41347,154
climbing,41394,41347,41394,47
rising,41431,41394,41431,37
rearing,41485,41431,41485,54
rising,41524,41485,41524,39
climbing,41610,41524,41610,86
left_turning,41698,41610,41698,88
running,41731,41698,41731,33
sniffing,41939,41731,41939,208
rising,41940,41939,41940,1
walking,41983,41940,41983,43
trotting,42002,41983,42002,19
stepping,42035,42002,42035,33
trotting,42047,42035,42047,12
rising,42071,42047,42071,24
sniffing,42283,42071,42283,212
hunching,42284,42283,42284,1
sniffing,42333,42284,42333,49
rising,42395,42333,42395,62
right_turning,42422,42395,42422,27
walking,42484,42422,42484,62
climbing,42534,42484,42534,50
sniffing,42535,42534,42535,1
walking,42565,42535,42565,30
sniffing,42576,42565,42576,11
walking,42625,42576,42625,49
rearing,42644,42625,42644,19
climbing,42689,42644,42689,45
rising,42690,42689,42690,1
hunching,42698,42690,42698,8
rearing,42711,42698,42711,13
walking,42857,42711,42857,146
rising,42913,42857,42913,56
climbing,43123,42913,43123,210
grooming,43156,43123,43156,33
walking,43234,43156,43234,78
sniffing,43352,43234,43352,118
rising,43353,43352,43353,1
rearing,43463,43353,43463,110
climbing,43537,43463,43537,74
rising,43580,43537,43580,43
sniffing,43615,43580,43615,35
grooming,43616,43615,43616,1
sniffing,43765,43616,43765,149
walking,43831,43765,43831,66
running,43855,43831,43855,24
walking,43880,43855,43880,25
stepping,43901,43880,43901,21
walking,43921,43901,43921,20
right_turning,43948,43921,43948,27
stepping,44007,43948,44007,59
hunching,44078,44007,44078,71
sniffing,44148,44078,44148,70
walking,44164,44148,44164,16
sniffing,44193,44164,44193,29
trotting,44239,44193,44239,46
left_turning,44286,44239,44286,47
sniffing,44354,44286,44354,68
running,44365,44354,44365,11
sniffing,44375,44365,44375,10
walking,44391,44375,44391,16
rising,44392,44391,44392,1
right_turning,44417,44392,44417,25
rising,44538,44417,44538,121
right_turning,44578,44538,44578,40
stepping,44588,44578,44588,10
walking,44608,44588,44608,20
stepping,44630,44608,44630,22
sniffing,44715,44630,44715,85
rising,44716,44715,44716,1
rearing,44735,44716,44735,19
sniffing,44756,44735,44756,21
right_turning,44757,44756,44757,1
sniffing,44758,44757,44758,1
walking,44768,44758,44768,10
left_turning,44769,44768,44769,1
rising,44787,44769,44787,18
rearing,44852,44787,44852,65
trotting,44872,44852,44872,20
walking,44911,44872,44911,39
stepping,44959,44911,44959,48
sniffing,45022,44959,45022,63
rising,45067,45022,45067,45
climbing,45123,45067,45123,56
sniffing,45166,45123,45166,43
right_turning,45188,45166,45188,22
stepping,45251,45188,45251,63
trotting,45291,45251,45291,40
sniffing,45460,45291,45460,169
left_turning,45486,45460,45486,26
sniffing,45487,45486,45487,1
rising,45505,45487,45505,18
sniffing,45678,45505,45678,173
rising,45802,45678,45802,124
rearing,45884,45802,45884,82
rising,45984,45884,45984,100
climbing,46073,45984,46073,89
sniffing,46145,46073,46145,72
left_turning,46180,46145,46180,35
running,46187,46180,46187,7
rising,46235,46187,46235,48
climbing,46236,46235,46236,1
rising,46237,46236,46237,1
sniffing,46266,46237,46266,29
stepping,46306,46266,46306,40
sniffing,46353,46306,46353,47
walking,46418,46353,46418,65
rearing,46553,46418,46553,135
stepping,46583,46553,46583,30
rising,46584,46583,46584,1
climbing,46686,46584,46686,102
rearing,46724,46686,46724,38
left_turning,46725,46724,46725,1
sniffing,46807,46725,46807,82
walking,46910,46807,46910,103
sniffing,46989,46910,46989,79
rearing,47019,46989,47019,30
stepping,47047,47019,47047,28
walking,47080,47047,47080,33
sniffing,47149,47080,47149,69
walking,47167,47149,47167,18
sniffing,47266,47167,47266,99
walking,47267,47266,47267,1
rising,47295,47267,47295,28
climbing,47355,47295,47355,60
rearing,47443,47355,47443,88
sniffing,47513,47443,47513,70
rearing,47558,47513,47558,45
rising,47584,47558,47584,26
climbing,47688,47584,47688,104
rearing,47689,47688,47689,1
sniffing,47835,47689,47835,146
walking,47858,47835,47858,23
left_turning,47859,47858,47859,1
sniffing,47860,47859,47860,1
walking,47861,47860,47861,1
left_turning,47876,47861,47876,15
running,47906,47876,47906,30
walking,47976,47906,47976,70
left_turning,47997,47976,47997,21
sniffing,48125,47997,48125,128
rising,48143,48125,48143,18
climbing,48202,48143,48202,59
walking,48203,48202,48203,1
rising,48261,48203,48261,58
hunching,48337,48261,48337,76
climbing,48448,48337,48448,111
rising,48449,48448,48449,1
climbing,48553,48449,48553,104
walking,48554,48553,48554,1
climbing,48680,48554,48680,126
left_turning,48688,48680,48688,8
trotting,48701,48688,48701,13
rising,48702,48701,48702,1
left_turning,48743,48702,48743,41
running,48782,48743,48782,39
sniffing,48790,48782,48790,8
rearing,48948,48790,48948,158
stepping,48971,48948,48971,23
climbing,49082,48971,49082,111
rearing,49117,49082,49117,35
jumping,49125,49117,49125,8
rising,49177,49125,49177,52
rearing,49178,49177,49178,1
walking,49211,49178,49211,33
sniffing,49233,49211,49233,22
walking,49251,49233,49251,18
stepping,49252,49251,49252,1
rising,49324,49252,49324,72
sniffing,49374,49324,49374,50
stepping,49378,49374,49378,4
sniffing,49450,49378,49450,72
left_turning,49520,49450,49520,70
walking,49521,49520,49521,1
sniffing,49708,49521,49708,187
left_turning,49790,49708,49790,82
sniffing,49929,49790,49929,139
trotting,49981,49929,49981,52
sniffing,50033,49981,50033,52
rearing,50118,50033,50118,85
walking,50119,50118,50119,1
trotting,50178,50119,50178,59
rising,50179,50178,50179,1
sniffing,50187,50179,50187,8
hunching,50227,50187,50227,40
grooming,50552,50227,50552,325
rising,50553,50552,50553,1
climbing,50582,50553,50582,29
walking,50610,50582,50610,28
sniffing,50662,50610,50662,52
rising,50746,50662,50746,84
sniffing,50777,50746,50777,31
right_turning,50790,50777,50790,13
sniffing,50801,50790,50801,11
rising,50824,50801,50824,23
sniffing,50862,50824,50862,38
stepping,50933,50862,50933,71
sniffing,51263,50933,51263,330
jumping,51353,51263,51353,90
running,51372,51353,51372,19
rising,51417,51372,51417,45
walking,51444,51417,51444,27
sniffing,51575,51444,51575,131
rearing,51576,51575,51576,1
left_turning,51577,51576,51577,1
walking,51587,51577,51587,10
sniffing,51660,51587,51660,73
grooming,51827,51660,51827,167
stepping,51874,51827,51874,47
sniffing,51962,51874,51962,88
climbing,52014,51962,52014,52
sniffing,52020,52014,52020,6
left_turning,52092,52020,52092,72
sniffing,52093,52092,52093,1
rearing,52131,52093,52131,38
grooming,52461,52131,52461,330
hunching,52524,52461,52524,63
sniffing,52541,52524,52541,17
left_turning,52614,52541,52614,73
sniffing,52725,52614,52725,111
running,52727,52725,52727,2
rising,52744,52727,52744,17
climbing,52815,52744,52815,71
rearing,52864,52815,52864,49
hunching,52901,52864,52901,37
grooming,52902,52901,52902,1
hunching,52908,52902,52908,6
running,52931,52908,52931,23
climbing,52945,52931,52945,14
walking,52953,52945,52953,8
sniffing,53030,52953,53030,77
stepping,53039,53030,53039,9
walking,53146,53039,53146,107
sniffing,53183,53146,53183,37
rising,53246,53183,53246,63
climbing,53283,53246,53283,37
right_turning,53287,53283,53287,4
sniffing,53407,53287,53407,120
rising,53429,53407,53429,22
rearing,53470,53429,53470,41
grooming,53557,53470,53557,87
hunching,53593,53557,53593,36
rising,53621,53593,53621,28
sniffing,53684,53621,53684,63
walking,53750,53684,53750,66
sniffing,53802,53750,53802,52
climbing,53891,53802,53891,89
hunching,53933,53891,53933,42
rising,53984,53933,53984,51
hunching,54017,53984,54017,33
rearing,54018,54017,54018,1
climbing,54075,54018,54075,57
grooming,54226,54075,54226,151
sniffing,54281,54226,54281,55
rising,54306,54281,54306,25
sniffing,54474,54306,54474,168
rearing,54482,54474,54482,8
rising,54549,54482,54549,67
climbing,54631,54549,54631,82
rearing,54722,54631,54722,91
trotting,54730,54722,54730,8
hunching,54764,54730,54764,34
climbing,54800,54764,54800,36
sniffing,54850,54800,54850,50
walking,54860,54850,54860,10
sniffing,54869,54860,54869,9
stepping,54926,54869,54926,57
sniffing,55010,54926,55010,84
rearing,55084,55010,55084,74
left_turning,55106,55084,55106,22
trotting,55135,55106,55135,29
sniffing,55263,55135,55263,128
walking,55264,55263,55264,1
rising,55265,55264,55265,1
sniffing,55335,55265,55335,70
left_turning,55337,55335,55337,2
sniffing,55456,55337,55456,119
left_turning,55519,55456,55519,63
walking,55537,55519,55537,18
rising,55538,55537,55538,1
sniffing,55539,55538,55539,1
left_turning,55545,55539,55545,6
stepping,55589,55545,55589,44
walking,55644,55589,55644,55
sniffing,55645,55644,55645,1
rising,55683,55645,55683,38
climbing,55743,55683,55743,60
hunching,55750,55743,55750,7
right_turning,55788,55750,55788,38
sniffing,55851,55788,55851,63
climbing,55883,55851,55883,32
sniffing,55961,55883,55961,78
stepping,55984,55961,55984,23
left_turning,55985,55984,55985,1
trotting,55998,55985,55998,13
walking,56065,55998,56065,67
sniffing,56092,56065,56092,27
pausing,56289,56092,56289,197
rising,56290,56289,56290,1
climbing,56339,56290,56339,49
rearing,56348,56339,56348,9
grooming,56564,56348,56564,216
rising,56567,56564,56567,3
sniffing,56749,56567,56749,182
climbing,56790,56749,56790,41
sniffing,56846,56790,56846,56
trotting,56915,56846,56915,69
walking,56950,56915,56950,35
sniffing,56951,56950,56951,1
climbing,56952,56951,56952,1
hunching,56963,56952,56963,11
sniffing,57021,56963,57021,58
walking,57052,57021,57052,31
rising,57106,57052,57106,54
sniffing,57107,57106,57107,1
rising,57133,57107,57133,26
walking,57134,57133,57134,1
sniffing,57135,57134,57135,1
rising,57153,57135,57153,18
climbing,57171,57153,57171,18
rising,57172,57171,57172,1
climbing,57329,57172,57329,157
rising,57353,57329,57353,24
sniffing,57356,57353,57356,3
left_turning,57373,57356,57373,17
rising,57420,57373,57420,47
climbing,57589,57420,57589,169
left_turning,57619,57589,57619,30
sniffing,57740,57619,57740,121
rearing,57776,57740,57776,36
hunching,57777,57776,57777,1
grooming,57809,57777,57809,32
climbing,57834,57809,57834,25
rearing,57883,57834,57883,49
grooming,57884,57883,57884,1
sniffing,57898,57884,57898,14
walking,57920,57898,57920,22
sniffing,57978,57920,57978,58
climbing,57979,57978,57979,1
sniffing,58143,57979,58143,164
climbing,58144,58143,58144,1
rearing,58145,58144,58145,1
left_turning,58185,58145,58185,40
sniffing,58274,58185,58274,89
pausing,58325,58274,58325,51
rising,58375,58325,58375,50
climbing,58428,58375,58428,53
rising,58489,58428,58489,61
sniffing,58565,58489,58565,76
rising,58622,58565,58622,57
left_turning,58664,58622,58664,42
walking,58711,58664,58711,47
right_turning,58712,58711,58712,1
sniffing,58713,58712,58713,1
walking,58719,58713,58719,6
climbing,58773,58719,58773,54
walking,58821,58773,58821,48
left_turning,58850,58821,58850,29
trotting,58873,58850,58873,23
sniffing,59001,58873,59001,128
rising,59064,59001,59064,63
right_turning,59117,59064,59117,53
climbing,59235,59117,59235,118
rearing,59246,59235,59246,11
right_turning,59290,59246,59290,44
rising,59349,59290,59349,59
rearing,59445,59349,59445,96
sniffing,59506,59445,59506,61
rising,59541,59506,59541,35
left_turning,59567,59541,59567,26
sniffing,59650,59567,59650,83
climbing,59651,59650,59651,1
rising,59723,59651,59723,72
sniffing,59916,59723,59916,193
left_turning,59962,59916,59962,46
rising,59987,59962,59987,25
climbing,60018,59987,60018,31
hunching,60036,60018,60036,18
rearing,60042,60036,60042,6
grooming,60043,60042,60043,1
right_turning,60073,60043,60073,30
trotting,60124,60073,60124,51
walking,60164,60124,60164,40
climbing,60254,60164,60254,90
rising,60301,60254,60301,47
climbing,60368,60301,60368,67
left_turning,60392,60368,60392,24
walking,60393,60392,60393,1
sniffing,60462,60393,60462,69
trotting,60505,60462,60505,43
walking,60593,60505,60593,88
sniffing,60603,60593,60603,10
right_turning,60664,60603,60664,61
walking,60773,60664,60773,109
sniffing,60865,60773,60865,92
trotting,60883,60865,60883,18
walking,60884,60883,60884,1
sniffing,60889,60884,60889,5
climbing,60968,60889,60968,79
left_turning,60994,60968,60994,26
sniffing,61069,60994,61069,75
walking,61070,61069,61070,1
sniffing,61132,61070,61132,62
stepping,61164,61132,61164,32
sniffing,61218,61164,61218,54
walking,61238,61218,61238,20
rearing,61239,61238,61239,1
walking,61273,61239,61273,34
sniffing,61274,61273,61274,1
walking,61281,61274,61281,7
left_turning,61302,61281,61302,21
trotting,61329,61302,61329,27
walking,61364,61329,61364,35
sniffing,61365,61364,61365,1
walking,61410,61365,61410,45
sniffing,61488,61410,61488,78
walking,61566,61488,61566,78
trotting,61588,61566,61588,22
rising,61717,61588,61717,129
walking,61767,61717,61767,50
sniffing,61976,61767,61976,209
rising,62046,61976,62046,70
climbing,62069,62046,62069,23
sniffing,62186,62069,62186,117
climbing,62291,62186,62291,105
left_turning,62348,62291,62348,57
walking,62353,62348,62353,5
left_turning,62394,62353,62394,41
trotting,62449,62394,62449,55
rising,62493,62449,62493,44
climbing,62519,62493,62519,26
hunching,62525,62519,62525,6
right_turning,62559,62525,62559,34
trotting,62584,62559,62584,25
rising,62585,62584,62585,1
sniffing,62740,62585,62740,155
left_turning,62779,62740,62779,39
sniffing,62931,62779,62931,152
rising,63004,62931,63004,73
climbing,63089,63004,63089,85
rising,63153,63089,63153,64
sniffing,63197,63153,63197,44
grooming,63198,63197,63198,1
hunching,63203,63198,63203,5
grooming,63272,63203,63272,69
rearing,63327,63272,63327,55
grooming,63720,63327,63720,393
rising,63774,63720,63774,54
climbing,63825,63774,63825,51
right_turning,63905,63825,63905,80
sniffing,63906,63905,63906,1
climbing,63947,63906,63947,41
grooming,63948,63947,63948,1
left_turning,63978,63948,63978,30
trotting,64020,63978,64020,42
stepping,64050,64020,64050,30
walking,64078,64050,64078,28
sniffing,64080,64078,64080,2
left_turning,64135,64080,64135,55
sniffing,64266,64135,64266,131
right_turning,64279,64266,64279,13
trotting,64314,64279,64314,35
right_turning,64350,64314,64350,36
stepping,64419,64350,64419,69
rearing,64420,64419,64420,1
rising,64472,64420,64472,52
sniffing,64590,64472,64590,118
rising,64612,64590,64612,22
climbing,64807,64612,64807,195
rising,64977,64807,64977,170
sniffing,65031,64977,65031,54
running,65038,65031,65038,7
stepping,65059,65038,65059,21
rising,65099,65059,65099,40
sniffing,65154,65099,65154,55
rising,65155,65154,65155,1
sniffing,65199,65155,65199,44
grooming,65200,65199,65200,1
rising,65211,65200,65211,11
walking,65255,65211,65255,44
sniffing,65340,65255,65340,85
walking,65361,65340,65361,21
sniffing,65449,65361,65449,88
right_turning,65468,65449,65468,19
trotting,65523,65468,65523,55
sniffing,65524,65523,65524,1
hunching,65526,65524,65526,2
sniffing,65527,65526,65527,1
rising,65590,65527,65590,63
rearing,65591,65590,65591,1
sniffing,65739,65591,65739,148
left_turning,65768,65739,65768,29
sniffing,65785,65768,65785,17
climbing,65884,65785,65884,99
rising,65912,65884,65912,28
climbing,65922,65912,65922,10
rising,65984,65922,65984,62
climbing,66033,65984,66033,49
right_turning,66045,66033,66045,12
walking,66083,66045,66083,38
sniffing,66137,66083,66137,54
left_turning,66167,66137,66167,30
sniffing,66294,66167,66294,127
stepping,66314,66294,66314,20
sniffing,66337,66314,66337,23
climbing,66365,66337,66365,28
left_turning,66410,66365,66410,45
rearing,66418,66410,66418,8
sniffing,66419,66418,66419,1
pausing,66463,66419,66463,44
sniffing,66475,66463,66475,12
left_turning,66519,66475,66519,44
trotting,66534,66519,66534,15
sniffing,66635,66534,66635,101
rising,66662,66635,66662,27
climbing,66709,66662,66709,47
grooming,66710,66709,66710,1
sniffing,66711,66710,66711,1
left_turning,66724,66711,66724,13
sniffing,66928,66724,66928,204
climbing,66929,66928,66929,1
sniffing,67063,66929,67063,134
rising,67118,67063,67118,55
climbing,67172,67118,67172,54
sniffing,67232,67172,67232,60
left_turning,67233,67232,67233,1
stepping,67237,67233,67237,4
walking,67261,67237,67261,24
sniffing,67262,67261,67262,1
left_turning,67301,67262,67301,39
walking,67314,67301,67314,13
sniffing,67423,67314,67423,109
rising,67489,67423,67489,66
sniffing,67557,67489,67557,68
hunching,67601,67557,67601,44
sniffing,67805,67601,67805,204
walking,67853,67805,67853,48
sniffing,67867,67853,67867,14
left_turning,67882,67867,67882,15
trotting,67955,67882,67955,73
rising,68021,67955,68021,66
walking,68032,68021,68032,11
stepping,68053,68032,68053,21
rising,68054,68053,68054,1
grooming,68217,68054,68217,163
hunching,68246,68217,68246,29
climbing,68295,68246,68295,49
rearing,68329,68295,68329,34
grooming,68544,68329,68544,215
sniffing,68590,68544,68590,46
grooming,68707,68590,68707,117
hunching,68790,68707,68790,83
sniffing,68837,68790,68837,47
climbing,68944,68837,68944,107
rising,68956,68944,68956,12
sniffing,69030,68956,69030,74
walking,69031,69030,69031,1
rising,69032,69031,69032,1
right_turning,69033,69032,69033,1
trotting,69040,69033,69040,7
walking,69101,69040,69101,61
rising,69102,69101,69102,1
rearing,69203,69102,69203,101
right_turning,69229,69203,69229,26
sniffing,69289,69229,69289,60
left_turning,69302,69289,69302,13
sniffing,69515,69302,69515,213
walking,69540,69515,69540,25
stepping,69566,69540,69566,26
walking,69621,69566,69621,55
stepping,69676,69621,69676,55
sniffing,69677,69676,69677,1
rising,69705,69677,69705,28
climbing,69706,69705,69706,1
right_turning,69765,69706,69765,59
walking,69791,69765,69791,26
climbing,69833,69791,69833,42
rising,69841,69833,69841,8
rearing,69854,69841,69854,13
sniffing,69931,69854,69931,77
rearing,69966,69931,69966,35
grooming,70195,69966,70195,229
right_turning,70196,70195,70196,1
sniffing,70234,70196,70234,38
rising,70248,70234,70248,14
sniffing,70304,70248,70304,56
rising,70361,70304,70361,57
left_turning,70364,70361,70364,3
sniffing,70442,70364,70442,78
hunching,70476,70442,70476,34
rearing,70570,70476,70570,94
stepping,70597,70570,70597,27
climbing,70680,70597,70680,83
rising,70692,70680,70692,12
climbing,70695,70692,70695,3
rising,70728,70695,70728,33
walking,70754,70728,70754,26
right_turning,70766,70754,70766,12
sniffing,70872,70766,70872,106
climbing,70978,70872,70978,106
rising,71064,70978,71064,86
stepping,71146,71064,71146,82
walking,71224,71146,71224,78
rising,71228,71224,71228,4
sniffing,71229,71228,71229,1
climbing,71270,71229,71270,41
sniffing,71308,71270,71308,38
rising,71330,71308,71330,22
sniffing,71331,71330,71331,1
rising,71354,71331,71354,23
sniffing,71387,71354,71387,33
pausing,71539,71387,71539,152
sniffing,71591,71539,71591,52
left_turning,71622,71591,71622,31
sniffing,71717,71622,71717,95
rising,71768,71717,71768,51
sniffing,71769,71768,71769,1
left_turning,71851,71769,71851,82
rising,71881,71851,71881,30
rearing,71892,71881,71892,11
climbing,71919,71892,71919,27
right_turning,71935,71919,71935,16
walking,71942,71935,71942,7
sniffing,72011,71942,72011,69
rearing,72016,72011,72016,5
sniffing,72168,72016,72168,152
right_turning,72207,72168,72207,39
trotting,72234,72207,72234,27
sniffing,72501,72234,72501,267
running,72530,72501,72530,29
rising,72564,72530,72564,34
sniffing,72680,72564,72680,116
climbing,72832,72680,72832,152
hunching,72833,72832,72833,1
climbing,72970,72833,72970,137
grooming,73039,72970,73039,69
rearing,73118,73039,73118,79
sniffing,73155,73118,73155,37
rearing,73191,73155,73191,36
sniffing,73446,73191,73446,255
climbing,73535,73446,73535,89
left_turning,73616,73535,73616,81
walking,73683,73616,73683,67
sniffing,73714,73683,73714,31
rising,73715,73714,73715,1
running,73751,73715,73751,36
rising,73752,73751,73752,1
rearing,73848,73752,73848,96
left_turning,73880,73848,73880,32
sniffing,74020,73880,74020,140
walking,74086,74020,74086,66
rising,74129,74086,74129,43
grooming,74322,74129,74322,193
sniffing,74355,74322,74355,33
left_turning,74370,74355,74370,15
rising,74424,74370,74424,54
climbing,74521,74424,74521,97
left_turning,74531,74521,74531,10
sniffing,74532,74531,74532,1
climbing,74624,74532,74624,92
left_turning,74635,74624,74635,11
trotting,74657,74635,74657,22
running,74663,74657,74663,6
right_turning,74763,74663,74763,100
sniffing,74867,74763,74867,104
rising,74868,74867,74868,1
climbing,75004,74868,75004,136
rising,75007,75004,75007,3
sniffing,75075,75007,75075,68
stepping,75076,75075,75076,1
left_turning,75077,75076,75077,1
climbing,75165,75077,75165,88
walking,75199,75165,75199,34
sniffing,75211,75199,75211,12
rising,75212,75211,75212,1
climbing,75213,75212,75213,1
left_turning,75240,75213,75240,27
sniffing,75310,75240,75310,70
trotting,75352,75310,75352,42
sniffing,75467,75352,75467,115
grooming,75497,75467,75497,30
rearing,75573,75497,75573,76
sniffing,75609,75573,75609,36
grooming,75610,75609,75610,1
hunching,75616,75610,75616,6
rearing,75617,75616,75617,1
sniffing,75652,75617,75652,35
stepping,75707,75652,75707,55
walking,75728,75707,75728,21
left_turning,75755,75728,75755,27
sniffing,75756,75755,75756,1
rearing,75757,75756,75757,1
rising,75766,75757,75766,9
walking,75832,75766,75832,66
climbing,75836,75832,75836,4
rising,75888,75836,75888,52
left_turning,75928,75888,75928,40
walking,75942,75928,75942,14
left_turning,75971,75942,75971,29
sniffing,75972,75971,75972,1
walking,76031,75972,76031,59
sniffing,76032,76031,76032,1
walking,76080,76032,76080,48
sniffing,76155,76080,76155,75
right_turning,76194,76155,76194,39
trotting,76228,76194,76228,34
sniffing,76326,76228,76326,98
right_turning,76334,76326,76334,8
walking,76384,76334,76384,50
sniffing,76457,76384,76457,73
walking,76485,76457,76485,28
rising,76486,76485,76486,1
climbing,76572,76486,76572,86
rising,76573,76572,76573,1
climbing,76628,76573,76628,55
walking,76690,76628,76690,62
sniffing,76691,76690,76691,1
left_turning,76736,76691,76736,45
rising,76737,76736,76737,1
sniffing,76793,76737,76793,56
rising,76835,76793,76835,42
sniffing,76879,76835,76879,44
right_turning,76897,76879,76897,18
trotting,76915,76897,76915,18
sniffing,77002,76915,77002,87
walking,77009,77002,77009,7
sniffing,77060,77009,77060,51
left_turning,77086,77060,77086,26
walking,77107,77086,77107,21
sniffing,77380,77107,77380,273
rearing,77473,77380,77473,93
sniffing,77593,77473,77593,120
climbing,77640,77593,77640,47
rising,77644,77640,77644,4
rearing,77649,77644,77649,5
walking,77699,77649,77699,50
sniffing,77757,77699,77757,58
right_turning,77792,77757,77792,35
running,77793,77792,77793,1
rising,77828,77793,77828,35
left_turning,77869,77828,77869,41
stepping,77892,77869,77892,23
sniffing,77893,77892,77893,1
climbing,77964,77893,77964,71
rearing,78011,77964,78011,47
sniffing,78146,78011,78146,135
rising,78176,78146,78176,30
climbing,78177,78176,78177,1
rearing,78198,78177,78198,21
grooming,78460,78198,78460,262
sniffing,78461,78460,78461,1
running,78482,78461,78482,21
rising,78566,78482,78566,84
sniffing,78582,78566,78582,16
walking,78596,78582,78596,14
sniffing,78630,78596,78630,34
climbing,78677,78630,78677,47
rearing,78719,78677,78719,42
sniffing,78735,78719,78735,16
walking,78776,78735,78776,41
sniffing,78829,78776,78829,53
walking,78899,78829,78899,70
left_turning,78940,78899,78940,41
climbing,79073,78940,79073,133
rising,79122,79073,79122,49
walking,79192,79122,79192,70
sniffing,79334,79192,79334,142
rising,79366,79334,79366,32
climbing,79405,79366,79405,39
right_turning,79406,79405,79406,1
walking,79457,79406,79457,51
rising,79481,79457,79481,24
climbing,79577,79481,79577,96
grooming,79754,79577,79754,177
climbing,79833,79754,79833,79
rearing,79942,79833,79942,109
grooming,79943,79942,79943,1
sniffing,79944,79943,79944,1
right_turning,79976,79944,79976,32
sniffing,80001,79976,80001,25
left_turning,80053,80001,80053,52
walking,80065,80053,80065,12
sniffing,80169,80065,80169,104
walking,80203,80169,80203,34
climbing,80244,80203,80244,41
right_turning,80326,80244,80326,82
walking,80367,80326,80367,41
stepping,80408,80367,80408,41
walking,80425,80408,80425,17
sniffing,80470,80425,80470,45
rearing,80549,80470,80549,79
rising,80572,80549,80572,23
climbing,80597,80572,80597,25
rising,80637,80597,80637,40
left_turning,80736,80637,80736,99
sniffing,80737,80736,80737,1
rising,80820,80737,80820,83
sniffing,80869,80820,80869,49
walking,80902,80869,80902,33
sniffing,81001,80902,81001,99
rising,81096,81001,81096,95
sniffing,81097,81096,81097,1
climbing,81135,81097,81135,38
right_turning,81161,81135,81161,26
walking,81237,81161,81237,76
rearing,81353,81237,81353,116
grooming,81453,81353,81453,100
rearing,81479,81453,81479,26
sniffing,81480,81479,81480,1
walking,81532,81480,81532,52
rising,81605,81532,81605,73
right_turning,81666,81605,81666,61
sniffing,81832,81666,81832,166
rising,81854,81832,81854,22
climbing,81894,81854,81894,40
sniffing,81939,81894,81939,45
rearing,81946,81939,81946,7
sniffing,81947,81946,81947,1
stepping,81970,81947,81970,23
sniffing,82067,81970,82067,97
walking,82091,82067,82091,24
left_turning,82092,82091,82092,1
trotting,82134,82092,82134,42
hunching,82221,82134,82221,87
right_turning,82274,82221,82274,53
running,82275,82274,82275,1
rising,82455,82275,82455,180
sniffing,82515,82455,82515,60
hunching,82599,82515,82599,84
trotting,82636,82599,82636,37
walking,82674,82636,82674,38
climbing,82762,82674,82762,88
running,82794,82762,82794,32
walking,82795,82794,82795,1
rising,82853,82795,82853,58
sniffing,82943,82853,82943,90
stepping,83017,82943,83017,74
sniffing,83058,83017,83058,41
climbing,83146,83058,83146,88
walking,83235,83146,83235,89
sniffing,83445,83235,83445,210
walking,83475,83445,83475,30
sniffing,83529,83475,83529,54
pausing,83726,83529,83726,197
sniffing,83749,83726,83749,23
walking,83777,83749,83777,28
rising,83851,83777,83851,74
sniffing,84047,83851,84047,196
left_turning,84085,84047,84085,38
walking,84093,84085,84093,8
climbing,84168,84093,84168,75
sniffing,84235,84168,84235,67
walking,84300,84235,84300,65
rising,84301,84300,84301,1
right_turning,84362,84301,84362,61
sniffing,84363,84362,84363,1
rising,84420,84363,84420,57
stepping,84452,84420,84452,32
sniffing,84491,84452,84491,39
left_turning,84506,84491,84506,15
sniffing,84532,84506,84532,26
walking,84568,84532,84568,36
sniffing,84644,84568,84644,76
rising,84670,84644,84670,26
climbing,84671,84670,84671,1
stepping,84747,84671,84747,76
walking,84748,84747,84748,1
rising,84805,84748,84805,57
climbing,84910,84805,84910,105
rearing,84989,84910,84989,79
climbing,85107,84989,85107,118
right_turning,85153,85107,85153,46
trotting,85178,85153,85178,25
sniffing,85363,85178,85363,185
grooming,85563,85363,85563,200
sniffing,85564,85563,85564,1
rising,85629,85564,85629,65
sniffing,85736,85629,85736,107
walking,85737,85736,85737,1
sniffing,85766,85737,85766,29
walking,85815,85766,85815,49
sniffing,85852,85815,85852,37
climbing,85856,85852,85856,4
rearing,85857,85856,85857,1
climbing,86042,85857,86042,185
rising,86074,86042,86074,32
climbing,86137,86074,86137,63
grooming,86326,86137,86326,189
rearing,86391,86326,86391,65
rising,86442,86391,86442,51
sniffing,86443,86442,86443,1
left_turning,86444,86443,86444,1
rising,86488,86444,86488,44
climbing,86570,86488,86570,82
rising,86571,86570,86571,1
rearing,86607,86571,86607,36
climbing,86619,86607,86619,12
sniffing,86765,86619,86765,146
rising,86766,86765,86766,1
climbing,86828,86766,86828,62
rearing,86942,86828,86942,114
climbing,87181,86942,87181,239
right_turning,87191,87181,87191,10
climbing,87282,87191,87282,91
running,87322,87282,87322,40
walking,87335,87322,87335,13
sniffing,87424,87335,87424,89
climbing,87425,87424,87425,1
rising,87426,87425,87426,1
climbing,87427,87426,87427,1
sniffing,87459,87427,87459,32
grooming,87475,87459,87475,16
sniffing,87588,87475,87588,113
rearing,87601,87588,87601,13
climbing,87712,87601,87712,111
hunching,87761,87712,87761,49
rearing,87765,87761,87765,4
climbing,87798,87765,87798,33
trotting,87799,87798,87799,1
stepping,87833,87799,87833,34
walking,87890,87833,87890,57
sniffing,87922,87890,87922,32
rising,87955,87922,87955,33
sniffing,88035,87955,88035,80
right_turning,88091,88035,88091,56
sniffing,88103,88091,88103,12
rising,88200,88103,88200,97
sniffing,88227,88200,88227,27
walking,88238,88227,88238,11
climbing,88253,88238,88253,15
right_turning,88276,88253,88276,23
walking,88282,88276,88282,6
sniffing,88309,88282,88309,27
rising,88327,88309,88327,18
climbing,88566,88327,88566,239
rising,88619,88566,88619,53
stepping,88702,88619,88702,83
walking,88793,88702,88793,91
sniffing,88794,88793,88794,1
pausing,89082,88794,89082,288
sniffing,89209,89082,89209,127
left_turning,89258,89209,89258,49
sniffing,89286,89258,89286,28
right_turning,89332,89286,89332,46
sniffing,89374,89332,89374,42
rising,89433,89374,89433,59
climbing,89521,89433,89521,88
sniffing,89642,89521,89642,121
rising,89643,89642,89643,1
sniffing,89674,89643,89674,31
climbing,89685,89674,89685,11
hunching,89718,89685,89718,33
rising,89773,89718,89773,55
sniffing,89774,89773,89774,1
right_turning,89775,89774,89775,1
sniffing,89776,89775,89776,1
walking,89777,89776,89777,1
sniffing,89778,89777,89778,1
hunching,89859,89778,89859,81
rising,89860,89859,89860,1
climbing,89926,89860,89926,66
grooming,90136,89926,90136,210
climbing,90142,90136,90142,6
sniffing,90359,90142,90359,217
walking,90446,90359,90446,87
sniffing,90485,90446,90485,39
grooming,90919,90485,90919,434
rearing,91018,90919,91018,99
rising,91019,91018,91019,1
climbing,91108,91019,91108,89
right_turning,91153,91108,91153,45
walking,91176,91153,91176,23
sniffing,91179,91176,91179,3
pausing,91241,91179,91241,62
right_turning,91282,91241,91282,41
walking,91372,91282,91372,90
sniffing,91414,91372,91414,42
climbing,91437,91414,91437,23
right_turning,91438,91437,91438,1
walking,91512,91438,91512,74
stepping,91524,91512,91524,12
walking,91545,91524,91545,21
sniffing,91606,91545,91606,61
right_turning,91651,91606,91651,45
running,91699,91651,91699,48
left_turning,91733,91699,91733,34
sniffing,91791,91733,91791,58
left_turning,91831,91791,91831,40
sniffing,91933,91831,91933,102
trotting,91948,91933,91948,15
walking,92019,91948,92019,71
sniffing,92020,92019,92020,1
climbing,92156,92020,92156,136
rising,92240,92156,92240,84
climbing,92320,92240,92320,80
rising,92342,92320,92342,22
climbing,92343,92342,92343,1
rising,92498,92343,92498,155
walking,92564,92498,92564,66
rising,92650,92564,92650,86
climbing,92817,92650,92817,167
rearing,92818,92817,92818,1
climbing,92883,92818,92883,65
grooming,93074,92883,93074,191
hunching,93121,93074,93121,47
climbing,93212,93121,93212,91
hunching,93321,93212,93321,109
rising,93335,93321,93335,14
sniffing,93336,93335,93336,1
right_turning,93375,93336,93375,39
running,93423,93375,93423,48
walking,93424,93423,93424,1
sniffing,93433,93424,93433,9
left_turning,93510,93433,93510,77
stepping,93575,93510,93575,65
rising,93655,93575,93655,80
sniffing,93724,93655,93724,69
walking,93725,93724,93725,1
rising,93730,93725,93730,5
walking,93790,93730,93790,60
rising,93791,93790,93791,1
sniffing,93911,93791,93911,120
walking,93946,93911,93946,35
right_turning,93967,93946,93967,21
rising,94105,93967,94105,138
walking,94106,94105,94106,1
rising,94107,94106,94107,1
sniffing,94173,94107,94173,66
climbing,94174,94173,94174,1
sniffing,94322,94174,94322,148
trotting,94368,94322,94368,46
rising,94399,94368,94399,31
climbing,94445,94399,94445,46
left_turning,94478,94445,94478,33
running,94495,94478,94495,17
stepping,94523,94495,94523,28
trotting,94540,94523,94540,17
walking,94559,94540,94559,19
sniffing,94560,94559,94560,1
right_turning,94602,94560,94602,42
stepping,94653,94602,94653,51
walking,94654,94653,94654,1
rearing,94655,94654,94655,1
grooming,94949,94655,94949,294
rearing,95047,94949,95047,98
sniffing,95058,95047,95058,11
left_turning,95117,95058,95117,59
walking,95171,95117,95171,54
rising,95190,95171,95190,19
climbing,95229,95190,95229,39
rising,95286,95229,95286,57
hunching,95336,95286,95336,50
sniffing,95356,95336,95356,20
climbing,95424,95356,95424,68
walking,95497,95424,95497,73
climbing,95640,95497,95640,143
grooming,95641,95640,95641,1
rising,95689,95641,95689,48
sniffing,95690,95689,95690,1
rearing,95691,95690,95691,1
sniffing,95764,95691,95764,73
grooming,95773,95764,95773,9
climbing,95774,95773,95774,1
grooming,95937,95774,95937,163
sniffing,96043,95937,96043,106
climbing,96268,96043,96268,225
left_turning,96299,96268,96299,31
sniffing,96515,96299,96515,216
right_turning,96541,96515,96541,26
running,96577,96541,96577,36
sniffing,96779,96577,96779,202
right_turning,96802,96779,96802,23
hunching,96864,96802,96864,62
climbing,96958,96864,96958,94
sniffing,96959,96958,96959,1
walking,96963,96959,96963,4
left_turning,96976,96963,96976,13
sniffing,97101,96976,97101,125
hunching,97220,97101,97220,119
climbing,97245,97220,97245,25
sniffing,97386,97245,97386,141
rearing,97477,97386,97477,91
climbing,97513,97477,97513,36
rearing,97546,97513,97546,33
left_turning,97581,97546,97581,35
walking,97598,97581,97598,17
sniffing,97748,97598,97748,150
rising,97749,97748,97749,1
rearing,97750,97749,97750,1
climbing,97781,97750,97781,31
sniffing,97880,97781,97880,99
trotting,97898,97880,97898,18
sniffing,97931,97898,97931,33
climbing,98021,97931,98021,90
sniffing,98159,98021,98159,138
walking,98160,98159,98160,1
sniffing,98244,98160,98244,84
left_turning,98265,98244,98265,21
walking,98293,98265,98293,28
sniffing,98337,98293,98337,44
climbing,98354,98337,98354,17
rising,98355,98354,98355,1
sniffing,98359,98355,98359,4
rising,98376,98359,98376,17
climbing,98444,98376,98444,68
rearing,98445,98444,98445,1
sniffing,98474,98445,98474,29
climbing,98564,98474,98564,90
sniffing,98644,98564,98644,80
left_turning,98674,98644,98674,30
walking,98743,98674,98743,69
grooming,98928,98743,98928,185
hunching,98934,98928,98934,6
climbing,99009,98934,99009,75
walking,99041,99009,99041,32
sniffing,99115,99041,99115,74
walking,99155,99115,99155,40
stepping,99188,99155,99188,33
walking,99199,99188,99199,11
climbing,99200,99199,99200,1
sniffing,99363,99200,99363,163
pausing,99671,99363,99671,308
sniffing,99674,99671,99674,3
grooming,100088,99674,100088,414
sniffing,100109,100088,100109,21
stepping,100164,100109,100164,55
climbing,100194,100164,100194,30
rearing,100195,100194,100195,1
climbing,100301,100195,100301,106
right_turning,100325,100301,100325,24
rearing,100485,100325,100485,160
grooming,100668,100485,100668,183
rearing,100819,100668,100819,151
walking,100839,100819,100839,20
sniffing,100840,100839,100840,1
grooming,100841,100840,100841,1
climbing,100932,100841,100932,91
rising,100933,100932,100933,1
climbing,101216,100933,101216,283
sniffing,101359,101216,101359,143
trotting,101415,101359,101415,56
sniffing,101483,101415,101483,68
trotting,101490,101483,101490,7
sniffing,101607,101490,101607,117
rising,101618,101607,101618,11
sniffing,101774,101618,101774,156
walking,101847,101774,101847,73
stepping,101861,101847,101861,14
rearing,101929,101861,101929,68
sniffing,101999,101929,101999,70
walking,102033,101999,102033,34
rising,102053,102033,102053,20
sniffing,102156,102053,102156,103
rising,102157,102156,102157,1
sniffing,102295,102157,102295,138
climbing,102398,102295,102398,103
left_turning,102438,102398,102438,40
sniffing,102439,102438,102439,1
rearing,102440,102439,102440,1
climbing,102485,102440,102485,45
rearing,102486,102485,102486,1
left_turning,102578,102486,102578,92
walking,102579,102578,102579,1
sniffing,102815,102579,102815,236
grooming,102816,102815,102816,1
sniffing,102817,102816,102817,1
left_turning,102878,102817,102878,61
walking,102917,102878,102917,39
sniffing,102935,102917,102935,18
hunching,102936,102935,102936,1
grooming,103101,102936,103101,165
walking,103121,103101,103121,20
rearing,103146,103121,103146,25
sniffing,103182,103146,103182,36
climbing,103252,103182,103252,70
rising,103296,103252,103296,44
sniffing,103397,103296,103397,101
walking,103453,103397,103453,56
sniffing,103454,103453,103454,1
walking,103485,103454,103485,31
sniffing,103651,103485,103651,166
walking,103654,103651,103654,3
sniffing,103780,103654,103780,126
right_turning,103837,103780,103837,57
running,103847,103837,103847,10
stepping,103941,103847,103941,94
sniffing,104021,103941,104021,80
left_turning,104029,104021,104029,8
walking,104030,104029,104030,1
trotting,104069,104030,104069,39
walking,104139,104069,104139,70
sniffing,104213,104139,104213,74
climbing,104339,104213,104339,126
walking,104348,104339,104348,9
rearing,104466,104348,104466,118
climbing,104467,104466,104467,1
rising,104530,104467,104530,63
sniffing,104531,104530,104531,1
rising,104583,104531,104583,52
climbing,104589,104583,104589,6
rearing,104920,104589,104920,331
grooming,105095,104920,105095,175
sniffing,105096,105095,105096,1
grooming,105688,105096,105688,592
climbing,105689,105688,105689,1
right_turning,105717,105689,105717,28
sniffing,105842,105717,105842,125
grooming,105843,105842,105843,1
rearing,105989,105843,105989,146
sniffing,106074,105989,106074,85
climbing,106222,106074,106222,148
rearing,106348,106222,106348,126
sniffing,106385,106348,106385,37
hunching,106386,106385,106386,1
rising,106387,106386,106387,1
rearing,106441,106387,106441,54
grooming,106952,106441,106952,511
sniffing,107094,106952,107094,142
left_turning,107174,107094,107174,80
sniffing,107177,107174,107177,3
running,107202,107177,107202,25
walking,107290,107202,107290,88
rising,107325,107290,107325,35
climbing,107326,107325,107326,1
sniffing,107396,107326,107396,70
rising,107421,107396,107421,25
rearing,107432,107421,107432,11
sniffing,107482,107432,107482,50
stepping,107527,107482,107527,45
rearing,107572,107527,107572,45
stepping,107634,107572,107634,62
rising,107690,107634,107690,56
rearing,107723,107690,107723,33
hunching,107763,107723,107763,40
right_turning,107785,107763,107785,22
climbing,107792,107785,107792,7
walking,107797,107792,107797,5
sniffing,107834,107797,107834,37
rising,107835,107834,107835,1
sniffing,107950,107835,107950,115
rising,107972,107950,107972,22
rearing,107973,107972,107973,1
right_turning,108000,107973,108000,27
