revised_movement_label,segBoundary,segBoundary_start,segBoundary_end,length
walking,73,0,73,73
climbing,91,73,91,18
trotting,103,91,103,12
sniffing,131,103,131,28
right_turning,186,131,186,55
walking,222,186,222,36
sniffing,266,222,266,44
rising,379,266,379,113
sniffing,411,379,411,32
left_turning,446,411,446,35
walking,469,446,469,23
sniffing,470,469,470,1
walking,603,470,603,133
sniffing,623,603,623,20
trotting,632,623,632,9
sniffing,741,632,741,109
climbing,757,741,757,16
rising,759,757,759,2
right_turning,778,759,778,19
walking,815,778,815,37
sniffing,858,815,858,43
stepping,922,858,922,64
rising,961,922,961,39
climbing,995,961,995,34
sniffing,1297,995,1297,302
rising,1326,1297,1326,29
right_turning,1340,1326,1340,14
walking,1423,1340,1423,83
climbing,1528,1423,1528,105
trotting,1562,1528,1562,34
rising,1627,1562,1627,65
sniffing,1628,1627,1628,1
stepping,1645,1628,1645,17
climbing,1731,1645,1731,86
rearing,1789,1731,1789,58
left_turning,1857,1789,1857,68
trotting,1883,1857,1883,26
sniffing,1892,1883,1892,9
walking,1941,1892,1941,49
right_turning,1963,1941,1963,22
stepping,1991,1963,1991,28
walking,1992,1991,1992,1
sniffing,1993,1992,1993,1
trotting,2033,1993,2033,40
sniffing,2063,2033,2063,30
left_turning,2081,2063,2081,18
walking,2096,2081,2096,15
sniffing,2153,2096,2153,57
trotting,2195,2153,2195,42
walking,2240,2195,2240,45
sniffing,2288,2240,2288,48
climbing,2351,2288,2351,63
walking,2352,2351,2352,1
sniffing,2465,2352,2465,113
rising,2481,2465,2481,16
sniffing,2513,2481,2513,32
rising,2514,2513,2514,1
right_turning,2533,2514,2533,19
stepping,2589,2533,2589,56
rising,2590,2589,2590,1
walking,2601,2590,2601,11
sniffing,2675,2601,2675,74
climbing,2738,2675,2738,63
walking,2775,2738,2775,37
climbing,2837,2775,2837,62
rising,2846,2837,2846,9
sniffing,2887,2846,2887,41
stepping,2934,2887,2934,47
walking,3018,2934,3018,84
sniffing,3085,3018,3085,67
walking,3086,3085,3086,1
rising,3087,3086,3087,1
sniffing,3153,3087,3153,66
walking,3246,3153,3246,93
rising,3386,3246,3386,140
sniffing,3387,3386,3387,1
walking,3397,3387,3397,10
climbing,3444,3397,3444,47
right_turning,3456,3444,3456,12
walking,3464,3456,3464,8
sniffing,3540,3464,3540,76
left_turning,3607,3540,3607,67
walking,3668,3607,3668,61
sniffing,3682,3668,3682,14
climbing,3683,3682,3683,1
rising,3715,3683,3715,32
sniffing,3789,3715,3789,74
trotting,3821,3789,3821,32
walking,3879,3821,3879,58
sniffing,3880,3879,3880,1
climbing,3892,3880,3892,12
sniffing,3987,3892,3987,95
walking,4009,3987,4009,22
left_turning,4044,4009,4044,35
sniffing,4054,4044,4054,10
walking,4078,4054,4078,24
sniffing,4108,4078,4108,30
climbing,4150,4108,4150,42
trotting,4155,4150,4155,5
left_turning,4230,4155,4230,75
walking,4270,4230,4270,40
trotting,4320,4270,4320,50
sniffing,4455,4320,4455,135
walking,4456,4455,4456,1
sniffing,4561,4456,4561,105
right_turning,4634,4561,4634,73
trotting,4669,4634,4669,35
walking,4797,4669,4797,128
right_turning,4798,4797,4798,1
walking,4819,4798,4819,21
sniffing,4837,4819,4837,18
rising,4899,4837,4899,62
climbing,4958,4899,4958,59
sniffing,5008,4958,5008,50
rearing,5009,5008,5009,1
grooming,5046,5009,5046,37
climbing,5129,5046,5129,83
rising,5161,5129,5161,32
sniffing,5299,5161,5299,138
walking,5301,5299,5301,2
running,5337,5301,5337,36
rising,5403,5337,5403,66
walking,5404,5403,5404,1
trotting,5426,5404,5426,22
rising,5455,5426,5455,29
sniffing,5482,5455,5482,27
climbing,5495,5482,5495,13
sniffing,5519,5495,5519,24
rising,5590,5519,5590,71
climbing,5623,5590,5623,33
walking,5630,5623,5630,7
sniffing,5648,5630,5648,18
climbing,5710,5648,5710,62
running,5737,5710,5737,27
walking,5817,5737,5817,80
sniffing,5818,5817,5818,1
rising,5819,5818,5819,1
stepping,5938,5819,5938,119
walking,5962,5938,5962,24
sniffing,6058,5962,6058,96
trotting,6075,6058,6075,17
running,6117,6075,6117,42
sniffing,6212,6117,6212,95
left_turning,6290,6212,6290,78
walking,6336,6290,6336,46
trotting,6358,6336,6358,22
left_turning,6359,6358,6359,1
walking,6365,6359,6365,6
sniffing,6477,6365,6477,112
rising,6495,6477,6495,18
trotting,6532,6495,6532,37
walking,6561,6532,6561,29
stepping,6564,6561,6564,3
sniffing,6612,6564,6612,48
rising,6638,6612,6638,26
climbing,6671,6638,6671,33
running,6680,6671,6680,9
walking,6710,6680,6710,30
sniffing,6791,6710,6791,81
rearing,6829,6791,6829,38
grooming,6887,6829,6887,58
climbing,6945,6887,6945,58
running,6951,6945,6951,6
sniffing,6952,6951,6952,1
stepping,6996,6952,6996,44
left_turning,7016,6996,7016,20
sniffing,7017,7016,7017,1
walking,7172,7017,7172,155
right_turning,7173,7172,7173,1
walking,7176,7173,7176,3
sniffing,7372,7176,7372,196
running,7378,7372,7378,6
walking,7423,7378,7423,45
sniffing,7517,7423,7517,94
climbing,7598,7517,7598,81
sniffing,7599,7598,7599,1
right_turning,7671,7599,7671,72
walking,7701,7671,7701,30
climbing,7817,7701,7817,116
sniffing,7907,7817,7907,90
climbing,7964,7907,7964,57
sniffing,7965,7964,7965,1
rearing,7966,7965,7966,1
climbing,7982,7966,7982,16
sniffing,7983,7982,7983,1
walking,7984,7983,7984,1
sniffing,8022,7984,8022,38
walking,8023,8022,8023,1
right_turning,8042,8023,8042,19
trotting,8046,8042,8046,4
sniffing,8113,8046,8113,67
hunching,8182,8113,8182,69
trotting,8208,8182,8208,26
rising,8298,8208,8298,90
sniffing,8349,8298,8349,51
rising,8350,8349,8350,1
stepping,8436,8350,8436,86
rising,8473,8436,8473,37
climbing,8504,8473,8504,31
rising,8527,8504,8527,23
walking,8569,8527,8569,42
hunching,8571,8569,8571,2
rising,8610,8571,8610,39
sniffing,8621,8610,8621,11
trotting,8639,8621,8639,18
walking,8704,8639,8704,65
running,8739,8704,8739,35
walking,8918,8739,8918,179
climbing,8919,8918,8919,1
left_turning,8945,8919,8945,26
rearing,8946,8945,8946,1
grooming,9085,8946,9085,139
sniffing,9195,9085,9195,110
climbing,9251,9195,9251,56
right_turning,9282,9251,9282,31
rising,9296,9282,9296,14
climbing,9362,9296,9362,66
right_turning,9417,9362,9417,55
rising,9447,9417,9447,30
climbing,9510,9447,9510,63
right_turning,9545,9510,9545,35
running,9572,9545,9572,27
sniffing,9602,9572,9602,30
pausing,9844,9602,9844,242
hunching,9850,9844,9850,6
climbing,9888,9850,9888,38
rearing,9922,9888,9922,34
rising,9958,9922,9958,36
climbing,9978,9958,9978,20
sniffing,10017,9978,10017,39
left_turning,10084,10017,10084,67
sniffing,10234,10084,10234,150
right_turning,10272,10234,10272,38
walking,10300,10272,10300,28
right_turning,10306,10300,10306,6
rising,10307,10306,10307,1
right_turning,10341,10307,10341,34
trotting,10366,10341,10366,25
rising,10367,10366,10367,1
climbing,10425,10367,10425,58
walking,10440,10425,10440,15
sniffing,10513,10440,10513,73
rising,10574,10513,10574,61
sniffing,10610,10574,10610,36
left_turning,10611,10610,10611,1
rising,10640,10611,10640,29
climbing,10697,10640,10697,57
sniffing,10698,10697,10698,1
left_turning,10731,10698,10731,33
walking,10746,10731,10746,15
sniffing,10828,10746,10828,82
left_turning,10831,10828,10831,3
sniffing,10832,10831,10832,1
stepping,10887,10832,10887,55
walking,10901,10887,10901,14
climbing,10929,10901,10929,28
walking,10975,10929,10975,46
sniffing,11224,10975,11224,249
left_turning,11268,11224,11268,44
stepping,11300,11268,11300,32
sniffing,11355,11300,11355,55
walking,11391,11355,11391,36
climbing,11471,11391,11471,80
stepping,11472,11471,11472,1
sniffing,11567,11472,11567,95
left_turning,11601,11567,11601,34
sniffing,11617,11601,11617,16
rising,11643,11617,11643,26
rearing,11656,11643,11656,13
grooming,11832,11656,11832,176
hunching,11858,11832,11858,26
climbing,11868,11858,11868,10
right_turning,11936,11868,11936,68
running,11961,11936,11961,25
left_turning,11971,11961,11971,10
walking,11972,11971,11972,1
rising,11973,11972,11973,1
left_turning,11974,11973,11974,1
sniffing,11989,11974,11989,15
walking,11990,11989,11990,1
left_turning,11999,11990,11999,9
sniffing,12111,11999,12111,112
trotting,12144,12111,12144,33
rising,12196,12144,12196,52
climbing,12203,12196,12203,7
walking,12311,12203,12311,108
sniffing,12325,12311,12325,14
climbing,12397,12325,12397,72
rising,12425,12397,12425,28
sniffing,12549,12425,12549,124
rising,12599,12549,12599,50
sniffing,12616,12599,12616,17
climbing,12723,12616,12723,107
rising,12809,12723,12809,86
climbing,12882,12809,12882,73
trotting,12919,12882,12919,37
left_turning,12950,12919,12950,31
running,12960,12950,12960,10
walking,13042,12960,13042,82
sniffing,13090,13042,13090,48
walking,13091,13090,13091,1
rising,13119,13091,13119,28
sniffing,13209,13119,13209,90
rising,13210,13209,13210,1
sniffing,13211,13210,13211,1
left_turning,13234,13211,13234,23
trotting,13259,13234,13259,25
rising,13318,13259,13318,59
right_turning,13358,13318,13358,40
walking,13429,13358,13429,71
right_turning,13444,13429,13444,15
running,13466,13444,13466,22
left_turning,13508,13466,13508,42
walking,13552,13508,13552,44
sniffing,13553,13552,13553,1
stepping,13586,13553,13586,33
sniffing,13678,13586,13678,92
walking,13747,13678,13747,69
rising,13812,13747,13812,65
sniffing,13813,13812,13813,1
rising,13892,13813,13892,79
walking,13951,13892,13951,59
trotting,13973,13951,13973,22
sniffing,14032,13973,14032,59
walking,14108,14032,14108,76
running,14126,14108,14126,18
stepping,14179,14126,14179,53
climbing,14256,14179,14256,77
walking,14257,14256,14257,1
stepping,14283,14257,14283,26
walking,14401,14283,14401,118
left_turning,14405,14401,14405,4
sniffing,14406,14405,14406,1
left_turning,14458,14406,14458,52
walking,14521,14458,14521,63
rising,14530,14521,14530,9
hunching,14553,14530,14553,23
grooming,14554,14553,14554,1
rearing,14592,14554,14592,38
grooming,14731,14592,14731,139
left_turning,14792,14731,14792,61
sniffing,14793,14792,14793,1
walking,14850,14793,14850,57
rising,14897,14850,14897,47
walking,14899,14897,14899,2
sniffing,15001,14899,15001,102
climbing,15117,15001,15117,116
walking,15198,15117,15198,81
rising,15228,15198,15228,30
climbing,15252,15228,15252,24
rearing,15313,15252,15313,61
rising,15442,15313,15442,129
climbing,15485,15442,15485,43
hunching,15575,15485,15575,90
sniffing,15617,15575,15617,42
rising,15618,15617,15618,1
walking,15648,15618,15648,30
rising,15672,15648,15672,24
climbing,15690,15672,15690,18
trotting,15713,15690,15713,23
sniffing,15878,15713,15878,165
climbing,15903,15878,15903,25
sniffing,15906,15903,15906,3
left_turning,15931,15906,15931,25
sniffing,15982,15931,15982,51
walking,16028,15982,16028,46
climbing,16064,16028,16064,36
walking,16098,16064,16098,34
sniffing,16161,16098,16161,63
left_turning,16194,16161,16194,33
walking,16275,16194,16275,81
sniffing,16312,16275,16312,37
climbing,16332,16312,16332,20
running,16350,16332,16350,18
walking,16351,16350,16351,1
sniffing,16438,16351,16438,87
walking,16456,16438,16456,18
sniffing,16457,16456,16457,1
trotting,16494,16457,16494,37
walking,16568,16494,16568,74
rising,16633,16568,16633,65
climbing,16638,16633,16638,5
sniffing,16850,16638,16850,212
right_turning,16892,16850,16892,42
running,16907,16892,16907,15
sniffing,16908,16907,16908,1
rising,16945,16908,16945,37
walking,17002,16945,17002,57
sniffing,17039,17002,17039,37
rising,17053,17039,17053,14
climbing,17057,17053,17057,4
sniffing,17145,17057,17145,88
left_turning,17160,17145,17160,15
trotting,17197,17160,17197,37
stepping,17270,17197,17270,73
right_turning,17287,17270,17287,17
walking,17315,17287,17315,28
trotting,17340,17315,17340,25
rising,17358,17340,17358,18
trotting,17413,17358,17413,55
running,17444,17413,17444,31
walking,17456,17444,17456,12
climbing,17497,17456,17497,41
trotting,17505,17497,17505,8
walking,17561,17505,17561,56
climbing,17596,17561,17596,35
right_turning,17635,17596,17635,39
trotting,17710,17635,17710,75
walking,17717,17710,17717,7
sniffing,17833,17717,17833,116
walking,17905,17833,17905,72
sniffing,17929,17905,17929,24
climbing,17981,17929,17981,52
running,18021,17981,18021,40
trotting,18031,18021,18031,10
walking,18032,18031,18032,1
sniffing,18065,18032,18065,33
walking,18072,18065,18072,7
climbing,18083,18072,18083,11
rising,18084,18083,18084,1
rearing,18137,18084,18137,53
stepping,18150,18137,18150,13
left_turning,18183,18150,18183,33
trotting,18203,18183,18203,20
sniffing,18266,18203,18266,63
rising,18395,18266,18395,129
sniffing,18455,18395,18455,60
trotting,18487,18455,18487,32
stepping,18540,18487,18540,53
left_turning,18571,18540,18571,31
walking,18591,18571,18591,20
sniffing,18646,18591,18646,55
right_turning,18678,18646,18678,32
stepping,18718,18678,18718,40
walking,18726,18718,18726,8
climbing,18729,18726,18729,3
sniffing,18858,18729,18858,129
left_turning,18907,18858,18907,49
sniffing,18930,18907,18930,23
walking,18993,18930,18993,63
stepping,19054,18993,19054,61
sniffing,19092,19054,19092,38
walking,19101,19092,19101,9
sniffing,19189,19101,19189,88
running,19206,19189,19206,17
sniffing,19373,19206,19373,167
walking,19453,19373,19453,80
sniffing,19495,19453,19495,42
trotting,19509,19495,19509,14
walking,19510,19509,19510,1
sniffing,19564,19510,19564,54
stepping,19611,19564,19611,47
sniffing,19671,19611,19671,60
left_turning,19700,19671,19700,29
sniffing,19791,19700,19791,91
left_turning,19805,19791,19805,14
rising,19842,19805,19842,37
sniffing,19962,19842,19962,120
rising,20020,19962,20020,58
climbing,20064,20020,20064,44
right_turning,20065,20064,20065,1
left_turning,20118,20065,20118,53
sniffing,20119,20118,20119,1
climbing,20123,20119,20123,4
sniffing,20157,20123,20157,34
hunching,20211,20157,20211,54
rising,20212,20211,20212,1
walking,20285,20212,20285,73
climbing,20353,20285,20353,68
sniffing,20425,20353,20425,72
rising,20457,20425,20457,32
sniffing,20491,20457,20491,34
climbing,20513,20491,20513,22
rising,20533,20513,20533,20
right_turning,20560,20533,20560,27
walking,20630,20560,20630,70
climbing,20641,20630,20641,11
rising,20695,20641,20695,54
sniffing,20847,20695,20847,152
grooming,20874,20847,20874,27
climbing,20884,20874,20884,10
sniffing,20891,20884,20891,7
running,20932,20891,20932,41
stepping,20933,20932,20933,1
running,20948,20933,20948,15
walking,20984,20948,20984,36
stepping,21025,20984,21025,41
sniffing,21086,21025,21086,61
walking,21087,21086,21087,1
rearing,21088,21087,21088,1
left_turning,21148,21088,21148,60
right_turning,21149,21148,21149,1
sniffing,21227,21149,21227,78
rearing,21359,21227,21359,132
running,21382,21359,21382,23
sniffing,21446,21382,21446,64
walking,21478,21446,21478,32
sniffing,21513,21478,21513,35
left_turning,21548,21513,21548,35
sniffing,21562,21548,21562,14
rising,21576,21562,21576,14
sniffing,21599,21576,21599,23
rearing,21621,21599,21621,22
rising,21670,21621,21670,49
climbing,21775,21670,21775,105
rising,21780,21775,21780,5
left_turning,21856,21780,21856,76
running,21885,21856,21885,29
left_turning,21915,21885,21915,30
sniffing,21960,21915,21960,45
rising,21986,21960,21986,26
sniffing,22011,21986,22011,25
trotting,22034,22011,22034,23
walking,22068,22034,22068,34
sniffing,22199,22068,22199,131
walking,22200,22199,22200,1
sniffing,22293,22200,22293,93
walking,22340,22293,22340,47
climbing,22415,22340,22415,75
hunching,22451,22415,22451,36
right_turning,22479,22451,22479,28
trotting,22507,22479,22507,28
stepping,22522,22507,22522,15
sniffing,22567,22522,22567,45
rising,22568,22567,22568,1
left_turning,22599,22568,22599,31
walking,22684,22599,22684,85
sniffing,22700,22684,22700,16
walking,22730,22700,22730,30
sniffing,22731,22730,22731,1
walking,22756,22731,22756,25
left_turning,22757,22756,22757,1
running,22811,22757,22811,54
trotting,22853,22811,22853,42
walking,22958,22853,22958,105
sniffing,22961,22958,22961,3
walking,23004,22961,23004,43
rising,23005,23004,23005,1
right_turning,23006,23005,23006,1
sniffing,23030,23006,23030,24
walking,23072,23030,23072,42
left_turning,23092,23072,23092,20
rising,23135,23092,23135,43
sniffing,23205,23135,23205,70
rearing,23206,23205,23206,1
grooming,23334,23206,23334,128
left_turning,23341,23334,23341,7
walking,23342,23341,23342,1
sniffing,23429,23342,23429,87
rising,23451,23429,23451,22
hunching,23568,23451,23568,117
grooming,23569,23568,23569,1
rising,23572,23569,23572,3
hunching,23632,23572,23632,60
climbing,23647,23632,23647,15
rising,23695,23647,23695,48
climbing,23770,23695,23770,75
hunching,23810,23770,23810,40
rising,23811,23810,23811,1
sniffing,23962,23811,23962,151
rising,23965,23962,23965,3
sniffing,24035,23965,24035,70
rising,24036,24035,24036,1
left_turning,24040,24036,24040,4
walking,24063,24040,24063,23
sniffing,24064,24063,24064,1
rearing,24196,24064,24196,132
sniffing,24215,24196,24215,19
left_turning,24232,24215,24232,17
walking,24308,24232,24308,76
sniffing,24361,24308,24361,53
rising,24462,24361,24462,101
climbing,24538,24462,24538,76
left_turning,24566,24538,24566,28
walking,24605,24566,24605,39
right_turning,24608,24605,24608,3
trotting,24609,24608,24609,1
rising,24643,24609,24643,34
climbing,24665,24643,24665,22
trotting,24713,24665,24713,48
walking,24718,24713,24718,5
climbing,24786,24718,24786,68
sniffing,24839,24786,24839,53
trotting,24873,24839,24873,34
rising,24896,24873,24896,23
climbing,24936,24896,24936,40
sniffing,25178,24936,25178,242
grooming,25346,25178,25346,168
rearing,25429,25346,25429,83
climbing,25548,25429,25548,119
rising,25583,25548,25583,35
rearing,25653,25583,25653,70
rising,25674,25653,25674,21
climbing,25693,25674,25693,19
grooming,25882,25693,25882,189
sniffing,25883,25882,25883,1
walking,25926,25883,25926,43
left_turning,25986,25926,25986,60
walking,26042,25986,26042,56
sniffing,26183,26042,26183,141
rising,26231,26183,26231,48
climbing,26242,26231,26242,11
rising,26246,26242,26246,4
climbing,26247,26246,26247,1
right_turning,26248,26247,26248,1
sniffing,26249,26248,26249,1
climbing,26313,26249,26313,64
sniffing,26333,26313,26333,20
left_turning,26363,26333,26363,30
rising,26368,26363,26368,5
rearing,26369,26368,26369,1
walking,26375,26369,26375,6
sniffing,26410,26375,26410,35
rising,26411,26410,26411,1
rearing,26485,26411,26485,74
hunching,26512,26485,26512,27
walking,26568,26512,26568,56
sniffing,26569,26568,26569,1
left_turning,26637,26569,26637,68
sniffing,26654,26637,26654,17
walking,26756,26654,26756,102
sniffing,26858,26756,26858,102
walking,26914,26858,26914,56
sniffing,26952,26914,26952,38
walking,26967,26952,26967,15
sniffing,26968,26967,26968,1
left_turning,27030,26968,27030,62
hunching,27039,27030,27039,9
climbing,27093,27039,27093,54
rising,27160,27093,27160,67
walking,27161,27160,27161,1
trotting,27215,27161,27215,54
walking,27293,27215,27293,78
sniffing,27418,27293,27418,125
rising,27419,27418,27419,1
right_turning,27447,27419,27447,28
climbing,27477,27447,27477,30
trotting,27506,27477,27506,29
sniffing,27528,27506,27528,22
climbing,27550,27528,27550,22
jumping,27597,27550,27597,47
rising,27598,27597,27598,1
sniffing,27599,27598,27599,1
climbing,27618,27599,27618,19
rising,27661,27618,27661,43
walking,27698,27661,27698,37
sniffing,27715,27698,27715,17
right_turning,27717,27715,27717,2
stepping,27793,27717,27793,76
sniffing,27877,27793,27877,84
right_turning,27884,27877,27884,7
walking,27908,27884,27908,24
sniffing,27909,27908,27909,1
walking,27938,27909,27938,29
sniffing,27994,27938,27994,56
rearing,28076,27994,28076,82
right_turning,28100,28076,28100,24
stepping,28119,28100,28119,19
left_turning,28164,28119,28164,45
walking,28276,28164,28276,112
left_turning,28357,28276,28357,81
stepping,28418,28357,28418,61
sniffing,28494,28418,28494,76
rising,28495,28494,28495,1
climbing,28601,28495,28601,106
rearing,28602,28601,28602,1
sniffing,28662,28602,28662,60
left_turning,28703,28662,28703,41
sniffing,28829,28703,28829,126
trotting,28830,28829,28830,1
walking,28880,28830,28880,50
rising,28908,28880,28908,28
sniffing,28950,28908,28950,42
walking,28964,28950,28964,14
sniffing,28965,28964,28965,1
stepping,28999,28965,28999,34
right_turning,29024,28999,29024,25
left_turning,29025,29024,29025,1
running,29070,29025,29070,45
walking,29093,29070,29093,23
sniffing,29377,29093,29377,284
rising,29482,29377,29482,105
climbing,29532,29482,29532,50
grooming,29592,29532,29592,60
sniffing,29630,29592,29630,38
left_turning,29651,29630,29651,21
sniffing,29652,29651,29652,1
rising,29653,29652,29653,1
sniffing,29698,29653,29698,45
rising,29708,29698,29708,10
rearing,29782,29708,29782,74
climbing,29872,29782,29872,90
grooming,29979,29872,29979,107
sniffing,29980,29979,29980,1
left_turning,29981,29980,29981,1
walking,29998,29981,29998,17
trotting,30063,29998,30063,65
left_turning,30106,30063,30106,43
walking,30169,30106,30169,63
sniffing,30363,30169,30363,194
right_turning,30419,30363,30419,56
trotting,30462,30419,30462,43
walking,30554,30462,30554,92
stepping,30612,30554,30612,58
rearing,30613,30612,30613,1
running,30661,30613,30661,48
walking,30780,30661,30780,119
sniffing,30844,30780,30844,64
rising,30924,30844,30924,80
climbing,30970,30924,30970,46
rising,30991,30970,30991,21
jumping,31073,30991,31073,82
rising,31100,31073,31100,27
right_turning,31123,31100,31123,23
rising,31142,31123,31142,19
grooming,31221,31142,31221,79
sniffing,31251,31221,31251,30
right_turning,31257,31251,31257,6
trotting,31290,31257,31290,33
jumping,31320,31290,31320,30
rising,31384,31320,31384,64
sniffing,31469,31384,31469,85
climbing,31534,31469,31534,65
rearing,31618,31534,31618,84
sniffing,31664,31618,31664,46
rising,31686,31664,31686,22
climbing,31703,31686,31703,17
walking,31725,31703,31725,22
sniffing,31754,31725,31754,29
rising,31755,31754,31755,1
rearing,31790,31755,31790,35
climbing,31854,31790,31854,64
sniffing,31970,31854,31970,116
right_turning,31999,31970,31999,29
walking,32024,31999,32024,25
trotting,32034,32024,32034,10
sniffing,32153,32034,32153,119
walking,32210,32153,32210,57
stepping,32261,32210,32261,51
walking,32263,32261,32263,2
sniffing,32315,32263,32315,52
right_turning,32327,32315,32327,12
walking,32341,32327,32341,14
sniffing,32342,32341,32342,1
climbing,32493,32342,32493,151
rearing,32585,32493,32585,92
walking,32629,32585,32629,44
sniffing,32741,32629,32741,112
trotting,32769,32741,32769,28
stepping,32841,32769,32841,72
rising,32848,32841,32848,7
grooming,33035,32848,33035,187
rising,33036,33035,33036,1
jumping,33110,33036,33110,74
sniffing,33225,33110,33225,115
rising,33297,33225,33297,72
climbing,33307,33297,33307,10
rearing,33372,33307,33372,65
sniffing,33459,33372,33459,87
rising,33529,33459,33529,70
sniffing,33560,33529,33560,31
climbing,33583,33560,33583,23
hunching,33615,33583,33615,32
rearing,33669,33615,33669,54
rising,33721,33669,33721,52
walking,33804,33721,33804,83
climbing,33836,33804,33836,32
sniffing,33853,33836,33853,17
walking,33936,33853,33936,83
sniffing,33974,33936,33974,38
stepping,33986,33974,33986,12
sniffing,34076,33986,34076,90
rising,34120,34076,34120,44
stepping,34121,34120,34121,1
climbing,34122,34121,34122,1
rising,34139,34122,34139,17
trotting,34157,34139,34157,18
climbing,34239,34157,34239,82
sniffing,34245,34239,34245,6
walking,34269,34245,34269,24
sniffing,34433,34269,34433,164
rising,34473,34433,34473,40
right_turning,34524,34473,34524,51
running,34555,34524,34555,31
rising,34654,34555,34654,99
sniffing,34655,34654,34655,1
climbing,34656,34655,34656,1
running,34686,34656,34686,30
sniffing,34687,34686,34687,1
climbing,34688,34687,34688,1
sniffing,34689,34688,34689,1
climbing,34702,34689,34702,13
right_turning,34713,34702,34713,11
trotting,34724,34713,34724,11
sniffing,34767,34724,34767,43
left_turning,34812,34767,34812,45
trotting,34827,34812,34827,15
climbing,34924,34827,34924,97
rearing,34983,34924,34983,59
walking,35057,34983,35057,74
climbing,35199,35057,35199,142
sniffing,35294,35199,35294,95
rising,35321,35294,35321,27
right_turning,35325,35321,35325,4
walking,35357,35325,35357,32
sniffing,35427,35357,35427,70
stepping,35428,35427,35428,1
grooming,35731,35428,35731,303
rising,35765,35731,35765,34
climbing,35766,35765,35766,1
rising,35778,35766,35778,12
rearing,35779,35778,35779,1
grooming,35823,35779,35823,44
sniffing,35867,35823,35867,44
grooming,35868,35867,35868,1
rising,35873,35868,35873,5
rearing,35945,35873,35945,72
running,35971,35945,35971,26
trotting,36025,35971,36025,54
climbing,36052,36025,36052,27
sniffing,36247,36052,36247,195
walking,36248,36247,36248,1
sniffing,36275,36248,36275,27
stepping,36372,36275,36372,97
hunching,36444,36372,36444,72
rising,36480,36444,36480,36
sniffing,36577,36480,36577,97
rising,36627,36577,36627,50
rearing,36628,36627,36628,1
rising,36637,36628,36637,9
trotting,36689,36637,36689,52
left_turning,36708,36689,36708,19
sniffing,36777,36708,36777,69
hunching,36811,36777,36811,34
climbing,36857,36811,36857,46
walking,36938,36857,36938,81
left_turning,36992,36938,36992,54
walking,37033,36992,37033,41
sniffing,37115,37033,37115,82
rearing,37169,37115,37169,54
sniffing,37204,37169,37204,35
rearing,37245,37204,37245,41
hunching,37314,37245,37314,69
climbing,37332,37314,37332,18
running,37357,37332,37357,25
trotting,37399,37357,37399,42
sniffing,37406,37399,37406,7
rising,37451,37406,37451,45
climbing,37464,37451,37464,13
rising,37471,37464,37471,7
sniffing,37601,37471,37601,130
walking,37645,37601,37645,44
sniffing,37646,37645,37646,1
walking,37718,37646,37718,72
running,37745,37718,37745,27
sniffing,37746,37745,37746,1
rearing,37749,37746,37749,3
sniffing,37750,37749,37750,1
rising,37751,37750,37751,1
climbing,37838,37751,37838,87
sniffing,37926,37838,37926,88
trotting,37958,37926,37958,32
walking,38042,37958,38042,84
sniffing,38054,38042,38054,12
left_turning,38055,38054,38055,1
sniffing,38128,38055,38128,73
walking,38165,38128,38165,37
rising,38196,38165,38196,31
climbing,38293,38196,38293,97
walking,38298,38293,38298,5
climbing,38324,38298,38324,26
sniffing,38325,38324,38325,1
rising,38348,38325,38348,23
climbing,38349,38348,38349,1
rising,38398,38349,38398,49
climbing,38472,38398,38472,74
right_turning,38506,38472,38506,34
rising,38531,38506,38531,25
hunching,38620,38531,38620,89
walking,38656,38620,38656,36
climbing,38733,38656,38733,77
rising,38734,38733,38734,1
rearing,38780,38734,38780,46
sniffing,38913,38780,38913,133
rising,38937,38913,38937,24
climbing,39008,38937,39008,71
right_turning,39066,39008,39066,58
climbing,39067,39066,39067,1
rising,39129,39067,39129,62
left_turning,39218,39129,39218,89
trotting,39269,39218,39269,51
sniffing,39270,39269,39270,1
right_turning,39300,39270,39300,30
walking,39318,39300,39318,18
climbing,39409,39318,39409,91
rearing,39410,39409,39410,1
walking,39411,39410,39411,1
trotting,39413,39411,39413,2
sniffing,39415,39413,39415,2
left_turning,39463,39415,39463,48
sniffing,39579,39463,39579,116
left_turning,39580,39579,39580,1
trotting,39622,39580,39622,42
walking,39662,39622,39662,40
grooming,39663,39662,39663,1
climbing,39722,39663,39722,59
right_turning,39762,39722,39762,40
walking,39823,39762,39823,61
sniffing,39836,39823,39836,13
walking,39850,39836,39850,14
sniffing,39851,39850,39851,1
left_turning,39852,39851,39852,1
trotting,39897,39852,39897,45
sniffing,39947,39897,39947,50
walking,39948,39947,39948,1
left_turning,39964,39948,39964,16
right_turning,39992,39964,39992,28
stepping,40020,39992,40020,28
rearing,40021,40020,40021,1
grooming,40022,40021,40022,1
sniffing,40023,40022,40023,1
rearing,40100,40023,40100,77
climbing,40116,40100,40116,16
trotting,40139,40116,40139,23
walking,40189,40139,40189,50
sniffing,40464,40189,40464,275
rising,40533,40464,40533,69
left_turning,40545,40533,40545,12
walking,40599,40545,40599,54
sniffing,40704,40599,40704,105
right_turning,40738,40704,40738,34
rising,40739,40738,40739,1
sniffing,40767,40739,40767,28
right_turning,40850,40767,40850,83
rising,40889,40850,40889,39
climbing,40981,40889,40981,92
walking,41076,40981,41076,95
climbing,41079,41076,41079,3
sniffing,41256,41079,41256,177
rising,41268,41256,41268,12
sniffing,41361,41268,41361,93
walking,41396,41361,41396,35
stepping,41414,41396,41414,18
sniffing,41549,41414,41549,135
rising,41586,41549,41586,37
left_turning,41625,41586,41625,39
trotting,41649,41625,41649,24
climbing,41708,41649,41708,59
hunching,41745,41708,41745,37
sniffing,41869,41745,41869,124
hunching,41950,41869,41950,81
sniffing,42082,41950,42082,132
stepping,42094,42082,42094,12
climbing,42199,42094,42199,105
walking,42341,42199,42341,142
sniffing,42342,42341,42342,1
running,42370,42342,42370,28
rising,42430,42370,42430,60
sniffing,42470,42430,42470,40
hunching,42566,42470,42566,96
grooming,42629,42566,42629,63
rearing,42655,42629,42655,26
jumping,42701,42655,42701,46
rising,42733,42701,42733,32
walking,42755,42733,42755,22
climbing,42813,42755,42813,58
rising,42858,42813,42858,45
climbing,42943,42858,42943,85
sniffing,43007,42943,43007,64
walking,43031,43007,43031,24
climbing,43135,43031,43135,104
sniffing,43169,43135,43169,34
rearing,43199,43169,43199,30
left_turning,43288,43199,43288,89
running,43326,43288,43326,38
rising,43336,43326,43336,10
climbing,43424,43336,43424,88
walking,43482,43424,43482,58
stepping,43533,43482,43533,51
climbing,43552,43533,43552,19
right_turning,43572,43552,43572,20
climbing,43657,43572,43657,85
walking,43688,43657,43688,31
sniffing,43791,43688,43791,103
walking,43839,43791,43839,48
left_turning,43840,43839,43840,1
rising,43884,43840,43884,44
trotting,43948,43884,43948,64
climbing,44129,43948,44129,181
right_turning,44156,44129,44156,27
climbing,44240,44156,44240,84
rising,44279,44240,44279,39
walking,44334,44279,44334,55
left_turning,44351,44334,44351,17
walking,44383,44351,44383,32
sniffing,44520,44383,44520,137
climbing,44539,44520,44539,19
rearing,44593,44539,44593,54
rising,44623,44593,44623,30
rearing,44645,44623,44645,22
hunching,44646,44645,44646,1
grooming,44869,44646,44869,223
rising,44890,44869,44890,21
right_turning,44931,44890,44931,41
trotting,44967,44931,44967,36
sniffing,45003,44967,45003,36
rising,45090,45003,45090,87
walking,45371,45090,45371,281
climbing,45506,45371,45506,135
left_turning,45526,45506,45526,20
sniffing,45558,45526,45558,32
stepping,45609,45558,45609,51
trotting,45656,45609,45656,47
sniffing,45670,45656,45670,14
left_turning,45672,45670,45672,2
trotting,45713,45672,45713,41
walking,45748,45713,45748,35
sniffing,45830,45748,45830,82
rising,45874,45830,45874,44
climbing,45988,45874,45988,114
sniffing,46037,45988,46037,49
climbing,46148,46037,46148,111
sniffing,46237,46148,46237,89
rising,46312,46237,46312,75
rearing,46496,46312,46496,184
hunching,46497,46496,46497,1
sniffing,46506,46497,46506,9
left_turning,46564,46506,46564,58
right_turning,46586,46564,46586,22
walking,46677,46586,46677,91
sniffing,46717,46677,46717,40
rising,46736,46717,46736,19
left_turning,46764,46736,46764,28
walking,46834,46764,46834,70
sniffing,46843,46834,46843,9
rising,46863,46843,46863,20
left_turning,46864,46863,46864,1
stepping,46904,46864,46904,40
walking,46905,46904,46905,1
climbing,46918,46905,46918,13
trotting,46919,46918,46919,1
walking,46961,46919,46961,42
sniffing,47124,46961,47124,163
walking,47197,47124,47197,73
sniffing,47316,47197,47316,119
rearing,47381,47316,47381,65
rising,47410,47381,47410,29
running,47453,47410,47453,43
sniffing,47454,47453,47454,1
rising,47515,47454,47515,61
climbing,47593,47515,47593,78
rising,47625,47593,47625,32
climbing,47664,47625,47664,39
left_turning,47715,47664,47715,51
walking,47802,47715,47802,87
jumping,47869,47802,47869,67
hunching,47945,47869,47945,76
sniffing,48053,47945,48053,108
walking,48126,48053,48126,73
sniffing,48147,48126,48147,21
stepping,48206,48147,48206,59
walking,48207,48206,48207,1
sniffing,48353,48207,48353,146
left_turning,48372,48353,48372,19
trotting,48408,48372,48408,36
walking,48482,48408,48482,74
trotting,48504,48482,48504,22
walking,48602,48504,48602,98
left_turning,48612,48602,48612,10
walking,48636,48612,48636,24
sniffing,48738,48636,48738,102
right_turning,48746,48738,48746,8
trotting,48758,48746,48758,12
walking,48789,48758,48789,31
sniffing,48790,48789,48790,1
rising,48791,48790,48791,1
walking,48835,48791,48835,44
jumping,48871,48835,48871,36
rearing,48872,48871,48872,1
rising,48910,48872,48910,38
climbing,48960,48910,48960,50
sniffing,48979,48960,48979,19
walking,49009,48979,49009,30
rearing,49029,49009,49029,20
climbing,49030,49029,49030,1
hunching,49031,49030,49031,1
rising,49032,49031,49032,1
walking,49033,49032,49033,1
sniffing,49250,49033,49250,217
rising,49308,49250,49308,58
trotting,49334,49308,49334,26
walking,49353,49334,49353,19
sniffing,49391,49353,49391,38
climbing,49411,49391,49411,20
rising,49412,49411,49412,1
sniffing,49527,49412,49527,115
climbing,49538,49527,49538,11
sniffing,49593,49538,49593,55
trotting,49606,49593,49606,13
left_turning,49738,49606,49738,132
sniffing,49797,49738,49797,59
trotting,49830,49797,49830,33
sniffing,49865,49830,49865,35
stepping,49938,49865,49938,73
sniffing,50013,49938,50013,75
walking,50074,50013,50074,61
rising,50132,50074,50132,58
left_turning,50180,50132,50180,48
walking,50268,50180,50268,88
sniffing,50338,50268,50338,70
rising,50382,50338,50382,44
hunching,50428,50382,50428,46
rearing,50480,50428,50480,52
left_turning,50543,50480,50543,63
walking,50578,50543,50578,35
rising,50591,50578,50591,13
sniffing,50618,50591,50618,27
walking,50705,50618,50705,87
sniffing,50761,50705,50761,56
climbing,50771,50761,50771,10
right_turning,50791,50771,50791,20
sniffing,50929,50791,50929,138
walking,50995,50929,50995,66
climbing,51058,50995,51058,63
running,51068,51058,51068,10
walking,51102,51068,51102,34
rising,51143,51102,51143,41
climbing,51266,51143,51266,123
sniffing,51267,51266,51267,1
walking,51326,51267,51326,59
rising,51327,51326,51327,1
sniffing,51430,51327,51430,103
right_turning,51446,51430,51446,16
walking,51493,51446,51493,47
trotting,51518,51493,51518,25
stepping,51551,51518,51551,33
walking,51623,51551,51623,72
left_turning,51669,51623,51669,46
sniffing,51798,51669,51798,129
trotting,51852,51798,51852,54
climbing,51985,51852,51985,133
rising,52030,51985,52030,45
climbing,52107,52030,52107,77
sniffing,52224,52107,52224,117
climbing,52281,52224,52281,57
running,52300,52281,52300,19
sniffing,52321,52300,52321,21
climbing,52392,52321,52392,71
rearing,52410,52392,52410,18
hunching,52411,52410,52411,1
climbing,52430,52411,52430,19
walking,52483,52430,52483,53
stepping,52530,52483,52530,47
left_turning,52575,52530,52575,45
rising,52657,52575,52657,82
hunching,52735,52657,52735,78
climbing,52748,52735,52748,13
sniffing,52923,52748,52923,175
rising,52963,52923,52963,40
left_turning,53106,52963,53106,143
walking,53170,53106,53170,64
sniffing,53198,53170,53198,28
stepping,53201,53198,53201,3
walking,53202,53201,53202,1
rising,53252,53202,53252,50
climbing,53346,53252,53346,94
rising,53350,53346,53350,4
climbing,53381,53350,53381,31
sniffing,53382,53381,53382,1
hunching,53393,53382,53393,11
climbing,53423,53393,53423,30
sniffing,53501,53423,53501,78
pausing,53921,53501,53921,420
sniffing,53927,53921,53927,6
walking,53928,53927,53928,1
left_turning,53968,53928,53968,40
rising,54002,53968,54002,34
climbing,54017,54002,54017,15
right_turning,54037,54017,54037,20
walking,54073,54037,54073,36
sniffing,54210,54073,54210,137
left_turning,54211,54210,54211,1
sniffing,54294,54211,54294,83
right_turning,54305,54294,54305,11
sniffing,54381,54305,54381,76
climbing,54429,54381,54429,48
trotting,54480,54429,54480,51
walking,54515,54480,54515,35
sniffing,54568,54515,54568,53
climbing,54569,54568,54569,1
running,54593,54569,54593,24
trotting,54622,54593,54622,29
rising,54650,54622,54650,28
climbing,54789,54650,54789,139
left_turning,54795,54789,54795,6
sniffing,54796,54795,54796,1
trotting,54806,54796,54806,10
sniffing,54842,54806,54842,36
walking,54905,54842,54905,63
sniffing,55047,54905,55047,142
walking,55081,55047,55081,34
sniffing,55082,55081,55082,1
climbing,55151,55082,55151,69
hunching,55216,55151,55216,65
climbing,55282,55216,55282,66
rising,55313,55282,55313,31
right_turning,55378,55313,55378,65
trotting,55410,55378,55410,32
sniffing,55503,55410,55503,93
rearing,55522,55503,55522,19
rising,55527,55522,55527,5
climbing,55603,55527,55603,76
walking,55613,55603,55613,10
climbing,55788,55613,55788,175
sniffing,55789,55788,55789,1
walking,55833,55789,55833,44
sniffing,55873,55833,55873,40
walking,55901,55873,55901,28
sniffing,55978,55901,55978,77
climbing,55999,55978,55999,21
rearing,56017,55999,56017,18
climbing,56094,56017,56094,77
walking,56162,56094,56162,68
sniffing,56163,56162,56163,1
right_turning,56201,56163,56201,38
sniffing,56202,56201,56202,1
climbing,56306,56202,56306,104
grooming,56494,56306,56494,188
trotting,56526,56494,56526,32
sniffing,56564,56526,56564,38
stepping,56631,56564,56631,67
sniffing,56834,56631,56834,203
climbing,56921,56834,56921,87
left_turning,56958,56921,56958,37
walking,57005,56958,57005,47
sniffing,57077,57005,57077,72
trotting,57083,57077,57083,6
climbing,57123,57083,57123,40
rising,57124,57123,57124,1
climbing,57239,57124,57239,115
walking,57314,57239,57314,75
sniffing,57442,57314,57442,128
rising,57480,57442,57480,38
climbing,57481,57480,57481,1
running,57517,57481,57517,36
rising,57538,57517,57538,21
rearing,57784,57538,57784,246
rising,57791,57784,57791,7
climbing,57934,57791,57934,143
rearing,58061,57934,58061,127
climbing,58083,58061,58083,22
trotting,58102,58083,58102,19
sniffing,58220,58102,58220,118
trotting,58281,58220,58281,61
walking,58282,58281,58282,1
trotting,58331,58282,58331,49
sniffing,58434,58331,58434,103
rearing,58471,58434,58471,37
climbing,58524,58471,58524,53
sniffing,58525,58524,58525,1
left_turning,58548,58525,58548,23
rearing,58586,58548,58586,38
climbing,58587,58586,58587,1
sniffing,58640,58587,58640,53
left_turning,58656,58640,58656,16
stepping,58678,58656,58678,22
rising,58688,58678,58688,10
climbing,58756,58688,58756,68
walking,58826,58756,58826,70
left_turning,58827,58826,58827,1
sniffing,58876,58827,58876,49
rising,58922,58876,58922,46
climbing,58990,58922,58990,68
sniffing,59033,58990,59033,43
rising,59034,59033,59034,1
climbing,59099,59034,59099,65
right_turning,59109,59099,59109,10
walking,59136,59109,59136,27
trotting,59160,59136,59160,24
sniffing,59161,59160,59161,1
right_turning,59179,59161,59179,18
trotting,59226,59179,59226,47
climbing,59241,59226,59241,15
rearing,59370,59241,59370,129
right_turning,59402,59370,59402,32
walking,59433,59402,59433,31
sniffing,59590,59433,59590,157
left_turning,59624,59590,59624,34
stepping,59647,59624,59647,23
left_turning,59654,59647,59654,7
climbing,59655,59654,59655,1
hunching,59707,59655,59707,52
grooming,59855,59707,59855,148
rising,59974,59855,59974,119
sniffing,59975,59974,59975,1
left_turning,60040,59975,60040,65
sniffing,60184,60040,60184,144
walking,60227,60184,60227,43
climbing,60239,60227,60239,12
right_turning,60297,60239,60297,58
trotting,60306,60297,60306,9
sniffing,60336,60306,60336,30
walking,60354,60336,60354,18
climbing,60407,60354,60407,53
right_turning,60421,60407,60421,14
walking,60422,60421,60422,1
left_turning,60453,60422,60453,31
stepping,60481,60453,60481,28
rising,60496,60481,60496,15
walking,60566,60496,60566,70
sniffing,60662,60566,60662,96
rising,60663,60662,60663,1
climbing,60756,60663,60756,93
rearing,60824,60756,60824,68
climbing,60825,60824,60825,1
rising,60826,60825,60826,1
left_turning,60875,60826,60875,49
sniffing,60966,60875,60966,91
climbing,61090,60966,61090,124
walking,61126,61090,61126,36
rising,61189,61126,61189,63
climbing,61197,61189,61197,8
running,61198,61197,61198,1
stepping,61260,61198,61260,62
sniffing,61329,61260,61329,69
rising,61334,61329,61334,5
jumping,61376,61334,61376,42
rearing,61423,61376,61423,47
grooming,61658,61423,61658,235
sniffing,61676,61658,61676,18
climbing,61728,61676,61728,52
hunching,61784,61728,61784,56
climbing,61872,61784,61872,88
rearing,61873,61872,61873,1
left_turning,61927,61873,61927,54
rearing,61934,61927,61934,7
grooming,61935,61934,61935,1
sniffing,62138,61935,62138,203
rising,62250,62138,62250,112
rearing,62295,62250,62295,45
grooming,62460,62295,62460,165
sniffing,62549,62460,62549,89
climbing,62626,62549,62626,77
rising,62697,62626,62697,71
rearing,62750,62697,62750,53
climbing,62911,62750,62911,161
right_turning,62944,62911,62944,33
trotting,62980,62944,62980,36
left_turning,62999,62980,62999,19
walking,63025,62999,63025,26
sniffing,63100,63025,63100,75
walking,63124,63100,63124,24
stepping,63152,63124,63152,28
sniffing,63290,63152,63290,138
right_turning,63357,63290,63357,67
running,63384,63357,63384,27
sniffing,63409,63384,63409,25
rising,63420,63409,63420,11
climbing,63487,63420,63487,67
hunching,63602,63487,63602,115
sniffing,63931,63602,63931,329
climbing,64087,63931,64087,156
walking,64217,64087,64217,130
left_turning,64242,64217,64242,25
sniffing,64355,64242,64355,113
pausing,64462,64355,64462,107
sniffing,64484,64462,64484,22
walking,64514,64484,64514,30
left_turning,64529,64514,64529,15
running,64561,64529,64561,32
walking,64611,64561,64611,50
sniffing,64612,64611,64612,1
left_turning,64649,64612,64649,37
walking,64772,64649,64772,123
climbing,64857,64772,64857,85
rising,64896,64857,64896,39
climbing,65016,64896,65016,120
running,65040,65016,65040,24
walking,65081,65040,65081,41
sniffing,65224,65081,65224,143
rising,65225,65224,65225,1
climbing,65276,65225,65276,51
right_turning,65309,65276,65309,33
sniffing,65370,65309,65370,61
rearing,65371,65370,65371,1
climbing,65406,65371,65406,35
rising,65407,65406,65407,1
climbing,65499,65407,65499,92
right_turning,65507,65499,65507,8
running,65532,65507,65532,25
trotting,65552,65532,65552,20
sniffing,65629,65552,65629,77
right_turning,65688,65629,65688,59
walking,65694,65688,65694,6
sniffing,65754,65694,65754,60
grooming,65755,65754,65755,1
climbing,65787,65755,65787,32
rising,65837,65787,65837,50
rearing,65871,65837,65871,34
rising,65921,65871,65921,50
climbing,65995,65921,65995,74
hunching,66031,65995,66031,36
climbing,66123,66031,66123,92
running,66130,66123,66130,7
walking,66261,66130,66261,131
sniffing,66289,66261,66289,28
climbing,66311,66289,66311,22
rising,66360,66311,66360,49
right_turning,66389,66360,66389,29
climbing,66485,66389,66485,96
right_turning,66486,66485,66486,1
rising,66649,66486,66649,163
climbing,66767,66649,66767,118
left_turning,66843,66767,66843,76
sniffing,66927,66843,66927,84
rearing,66941,66927,66941,14
climbing,66952,66941,66952,11
rising,66954,66952,66954,2
grooming,66955,66954,66955,1
rearing,66956,66955,66956,1
climbing,66961,66956,66961,5
running,66986,66961,66986,25
sniffing,67054,66986,67054,68
right_turning,67074,67054,67074,20
running,67107,67074,67107,33
sniffing,67135,67107,67135,28
rising,67181,67135,67181,46
rearing,67257,67181,67257,76
walking,67260,67257,67260,3
sniffing,67324,67260,67324,64
walking,67371,67324,67371,47
rising,67372,67371,67372,1
sniffing,67393,67372,67393,21
grooming,67906,67393,67906,513
rearing,67955,67906,67955,49
climbing,68012,67955,68012,57
rising,68035,68012,68035,23
rearing,68045,68035,68045,10
running,68057,68045,68057,12
sniffing,68094,68057,68094,37
left_turning,68144,68094,68144,50
sniffing,68250,68144,68250,106
rising,68256,68250,68256,6
right_turning,68269,68256,68269,13
trotting,68279,68269,68279,10
rising,68318,68279,68318,39
rearing,68406,68318,68406,88
climbing,68427,68406,68427,21
rising,68492,68427,68492,65
sniffing,68631,68492,68631,139
rearing,68688,68631,68688,57
sniffing,68746,68688,68746,58
stepping,68817,68746,68817,71
trotting,68842,68817,68842,25
grooming,68843,68842,68843,1
left_turning,68859,68843,68859,16
sniffing,68969,68859,68969,110
pausing,69211,68969,69211,242
sniffing,69236,69211,69236,25
walking,69241,69236,69241,5
sniffing,69262,69241,69262,21
grooming,69405,69262,69405,143
hunching,69447,69405,69447,42
climbing,69448,69447,69448,1
right_turning,69475,69448,69475,27
rising,69485,69475,69485,10
sniffing,69518,69485,69518,33
right_turning,69548,69518,69548,30
sniffing,69664,69548,69664,116
climbing,69717,69664,69717,53
sniffing,69722,69717,69722,5
left_turning,69749,69722,69749,27
trotting,69773,69749,69773,24
left_turning,69774,69773,69774,1
sniffing,69880,69774,69880,106
climbing,70139,69880,70139,259
left_turning,70144,70139,70144,5
walking,70202,70144,70202,58
trotting,70244,70202,70244,42
rising,70293,70244,70293,49
climbing,70401,70293,70401,108
rising,70505,70401,70505,104
left_turning,70521,70505,70521,16
walking,70560,70521,70560,39
rising,70633,70560,70633,73
rearing,70641,70633,70641,8
rising,70651,70641,70651,10
hunching,70673,70651,70673,22
climbing,70685,70673,70685,12
rearing,70698,70685,70698,13
rising,70699,70698,70699,1
sniffing,70700,70699,70700,1
rising,70701,70700,70701,1
walking,70757,70701,70757,56
climbing,70788,70757,70788,31
rising,70790,70788,70790,2
climbing,70799,70790,70799,9
right_turning,70859,70799,70859,60
trotting,70879,70859,70879,20
hunching,70880,70879,70880,1
grooming,70976,70880,70976,96
climbing,71087,70976,71087,111
trotting,71108,71087,71108,21
stepping,71137,71108,71137,29
right_turning,71153,71137,71153,16
walking,71196,71153,71196,43
left_turning,71262,71196,71262,66
walking,71304,71262,71304,42
sniffing,71419,71304,71419,115
right_turning,71444,71419,71444,25
sniffing,71515,71444,71515,71
rearing,71516,71515,71516,1
rising,71517,71516,71517,1
sniffing,71518,71517,71518,1
rising,71519,71518,71519,1
climbing,71545,71519,71545,26
rising,71599,71545,71599,54
hunching,71654,71599,71654,55
climbing,71666,71654,71666,12
grooming,71674,71666,71674,8
sniffing,71802,71674,71802,128
rising,71831,71802,71831,29
sniffing,71874,71831,71874,43
hunching,71884,71874,71884,10
walking,71938,71884,71938,54
climbing,71939,71938,71939,1
hunching,71982,71939,71982,43
rearing,72041,71982,72041,59
rising,72042,72041,72042,1
climbing,72086,72042,72086,44
rearing,72151,72086,72151,65
grooming,72347,72151,72347,196
sniffing,72397,72347,72397,50
left_turning,72472,72397,72472,75
walking,72473,72472,72473,1
left_turning,72529,72473,72529,56
walking,72638,72529,72638,109
left_turning,72707,72638,72707,69
running,72752,72707,72752,45
sniffing,72802,72752,72802,50
left_turning,72832,72802,72832,30
sniffing,72849,72832,72849,17
hunching,72880,72849,72880,31
rising,72913,72880,72913,33
climbing,73184,72913,73184,271
rearing,73274,73184,73274,90
rising,73349,73274,73349,75
climbing,73350,73349,73350,1
sniffing,73381,73350,73381,31
left_turning,73422,73381,73422,41
sniffing,73423,73422,73423,1
climbing,73426,73423,73426,3
trotting,73455,73426,73455,29
walking,73456,73455,73456,1
left_turning,73530,73456,73530,74
sniffing,73777,73530,73777,247
trotting,73806,73777,73806,29
walking,73811,73806,73811,5
sniffing,73812,73811,73812,1
walking,73830,73812,73830,18
sniffing,73936,73830,73936,106
walking,73952,73936,73952,16
left_turning,73953,73952,73953,1
sniffing,74119,73953,74119,166
walking,74174,74119,74174,55
rising,74270,74174,74270,96
climbing,74304,74270,74304,34
walking,74328,74304,74328,24
trotting,74369,74328,74369,41
sniffing,74419,74369,74419,50
running,74455,74419,74455,36
stepping,74509,74455,74509,54
hunching,74559,74509,74559,50
right_turning,74560,74559,74560,1
walking,74561,74560,74561,1
rising,74592,74561,74592,31
climbing,74612,74592,74612,20
sniffing,74675,74612,74675,63
rearing,74707,74675,74707,32
walking,74752,74707,74752,45
climbing,74830,74752,74830,78
trotting,74878,74830,74878,48
rising,74901,74878,74901,23
climbing,74957,74901,74957,56
right_turning,74991,74957,74991,34
sniffing,74992,74991,74992,1
climbing,75062,74992,75062,70
sniffing,75063,75062,75063,1
stepping,75143,75063,75143,80
sniffing,75322,75143,75322,179
walking,75402,75322,75402,80
grooming,75470,75402,75470,68
sniffing,75613,75470,75613,143
right_turning,75614,75613,75614,1
walking,75728,75614,75728,114
sniffing,75842,75728,75842,114
walking,75850,75842,75850,8
rising,75902,75850,75902,52
climbing,75937,75902,75937,35
left_turning,75972,75937,75972,35
walking,75985,75972,75985,13
sniffing,76026,75985,76026,41
pausing,76146,76026,76146,120
sniffing,76147,76146,76147,1
climbing,76210,76147,76210,63
hunching,76255,76210,76255,45
right_turning,76256,76255,76256,1
trotting,76262,76256,76262,6
climbing,76293,76262,76293,31
sniffing,76324,76293,76324,31
walking,76405,76324,76405,81
climbing,76406,76405,76406,1
rearing,76492,76406,76492,86
rising,76557,76492,76557,65
sniffing,76562,76557,76562,5
rearing,76600,76562,76600,38
climbing,76657,76600,76657,57
sniffing,76996,76657,76996,339
climbing,77064,76996,77064,68
right_turning,77109,77064,77109,45
walking,77213,77109,77213,104
climbing,77214,77213,77214,1
walking,77235,77214,77235,21
rearing,77254,77235,77254,19
walking,77320,77254,77320,66
sniffing,77398,77320,77398,78
rearing,77399,77398,77399,1
climbing,77400,77399,77400,1
grooming,77921,77400,77921,521
sniffing,77971,77921,77971,50
left_turning,77973,77971,77973,2
rising,77980,77973,77980,7
sniffing,78009,77980,78009,29
walking,78054,78009,78054,45
left_turning,78128,78054,78128,74
sniffing,78200,78128,78200,72
left_turning,78245,78200,78245,45
sniffing,78304,78245,78304,59
stepping,78334,78304,78334,30
sniffing,78335,78334,78335,1
stepping,78347,78335,78347,12
right_turning,78402,78347,78402,55
sniffing,78494,78402,78494,92
right_turning,78495,78494,78495,1
trotting,78539,78495,78539,44
rising,78549,78539,78549,10
hunching,78556,78549,78556,7
sniffing,78641,78556,78641,85
climbing,78642,78641,78642,1
left_turning,78707,78642,78707,65
sniffing,78708,78707,78708,1
walking,78782,78708,78782,74
sniffing,78834,78782,78834,52
left_turning,78863,78834,78863,29
sniffing,78936,78863,78936,73
climbing,78972,78936,78972,36
sniffing,79022,78972,79022,50
right_turning,79074,79022,79074,52
walking,79075,79074,79075,1
left_turning,79121,79075,79121,46
sniffing,79272,79121,79272,151
rising,79296,79272,79296,24
sniffing,79355,79296,79355,59
running,79384,79355,79384,29
sniffing,79409,79384,79409,25
right_turning,79417,79409,79417,8
sniffing,79436,79417,79436,19
left_turning,79437,79436,79437,1
walking,79517,79437,79517,80
sniffing,79564,79517,79564,47
walking,79579,79564,79579,15
left_turning,79598,79579,79598,19
sniffing,79626,79598,79626,28
trotting,79656,79626,79656,30
walking,79685,79656,79685,29
sniffing,79937,79685,79937,252
trotting,79969,79937,79969,32
running,79973,79969,79973,4
sniffing,79974,79973,79974,1
hunching,80018,79974,80018,44
climbing,80150,80018,80150,132
rising,80248,80150,80248,98
walking,80332,80248,80332,84
sniffing,80428,80332,80428,96
rearing,80465,80428,80465,37
climbing,80729,80465,80729,264
grooming,80738,80729,80738,9
right_turning,80741,80738,80741,3
walking,80742,80741,80742,1
rising,80794,80742,80794,52
climbing,80878,80794,80878,84
rising,80911,80878,80911,33
hunching,80912,80911,80912,1
walking,81044,80912,81044,132
rising,81057,81044,81057,13
sniffing,81058,81057,81058,1
left_turning,81132,81058,81132,74
walking,81225,81132,81225,93
stepping,81238,81225,81238,13
trotting,81302,81238,81302,64
stepping,81327,81302,81327,25
rising,81407,81327,81407,80
walking,81412,81407,81412,5
stepping,81488,81412,81488,76
left_turning,81526,81488,81526,38
sniffing,81630,81526,81630,104
left_turning,81670,81630,81670,40
trotting,81712,81670,81712,42
sniffing,81784,81712,81784,72
rising,81839,81784,81839,55
walking,81841,81839,81841,2
rising,81894,81841,81894,53
sniffing,81908,81894,81908,14
left_turning,81932,81908,81932,24
stepping,81976,81932,81976,44
rising,81992,81976,81992,16
climbing,81993,81992,81993,1
sniffing,81994,81993,81994,1
stepping,82066,81994,82066,72
rising,82115,82066,82115,49
sniffing,82116,82115,82116,1
trotting,82151,82116,82151,35
sniffing,82206,82151,82206,55
rearing,82269,82206,82269,63
hunching,82297,82269,82297,28
rising,82370,82297,82370,73
climbing,82457,82370,82457,87
right_turning,82476,82457,82476,19
left_turning,82542,82476,82542,66
sniffing,82577,82542,82577,35
trotting,82631,82577,82631,54
sniffing,82717,82631,82717,86
right_turning,82832,82717,82832,115
trotting,82895,82832,82895,63
sniffing,82955,82895,82955,60
walking,82961,82955,82961,6
climbing,82962,82961,82962,1
right_turning,83010,82962,83010,48
left_turning,83042,83010,83042,32
rising,83100,83042,83100,58
sniffing,83130,83100,83130,30
hunching,83244,83130,83244,114
grooming,83639,83244,83639,395
rearing,83692,83639,83692,53
climbing,83768,83692,83768,76
rising,83785,83768,83785,17
climbing,83868,83785,83868,83
grooming,83931,83868,83931,63
rising,83969,83931,83969,38
sniffing,84065,83969,84065,96
running,84090,84065,84090,25
left_turning,84099,84090,84099,9
sniffing,84148,84099,84148,49
walking,84229,84148,84229,81
stepping,84259,84229,84259,30
sniffing,84296,84259,84296,37
climbing,84383,84296,84383,87
walking,84421,84383,84421,38
trotting,84469,84421,84469,48
running,84486,84469,84486,17
left_turning,84494,84486,84494,8
sniffing,84566,84494,84566,72
pausing,84745,84566,84745,179
rising,84863,84745,84863,118
climbing,84928,84863,84928,65
rising,84950,84928,84950,22
climbing,85024,84950,85024,74
sniffing,85030,85024,85030,6
hunching,85117,85030,85117,87
walking,85162,85117,85162,45
sniffing,85260,85162,85260,98
right_turning,85296,85260,85296,36
sniffing,85337,85296,85337,41
left_turning,85361,85337,85361,24
sniffing,85390,85361,85390,29
right_turning,85414,85390,85414,24
walking,85440,85414,85440,26
rising,85474,85440,85474,34
climbing,85525,85474,85525,51
rising,85534,85525,85534,9
sniffing,85552,85534,85552,18
hunching,85637,85552,85637,85
climbing,85657,85637,85657,20
trotting,85712,85657,85712,55
sniffing,85908,85712,85908,196
rising,85909,85908,85909,1
climbing,86028,85909,86028,119
rearing,86058,86028,86058,30
walking,86147,86058,86147,89
rearing,86191,86147,86191,44
walking,86259,86191,86259,68
sniffing,86324,86259,86324,65
rising,86480,86324,86480,156
climbing,86560,86480,86560,80
right_turning,86592,86560,86592,32
walking,86731,86592,86731,139
stepping,86789,86731,86789,58
running,86815,86789,86815,26
sniffing,87226,86815,87226,411
rising,87343,87226,87343,117
climbing,87429,87343,87429,86
running,87452,87429,87452,23
sniffing,87453,87452,87453,1
right_turning,87486,87453,87486,33
trotting,87528,87486,87528,42
sniffing,87529,87528,87529,1
rising,87652,87529,87652,123
climbing,87680,87652,87680,28
sniffing,87698,87680,87698,18
stepping,87743,87698,87743,45
sniffing,87889,87743,87889,146
rising,87890,87889,87890,1
trotting,87945,87890,87945,55
sniffing,88046,87945,88046,101
rising,88084,88046,88084,38
climbing,88087,88084,88087,3
walking,88224,88087,88224,137
stepping,88277,88224,88277,53
sniffing,88362,88277,88362,85
running,88373,88362,88373,11
walking,88424,88373,88424,51
left_turning,88452,88424,88452,28
trotting,88466,88452,88466,14
rearing,88559,88466,88559,93
left_turning,88560,88559,88560,1
walking,88561,88560,88561,1
sniffing,88680,88561,88680,119
climbing,88725,88680,88725,45
sniffing,88726,88725,88726,1
rising,88770,88726,88770,44
climbing,88906,88770,88906,136
grooming,88907,88906,88907,1
sniffing,88938,88907,88938,31
rearing,88997,88938,88997,59
sniffing,88998,88997,88998,1
rising,89100,88998,89100,102
climbing,89266,89100,89266,166
walking,89303,89266,89303,37
sniffing,89304,89303,89304,1
grooming,89496,89304,89496,192
rising,89497,89496,89497,1
hunching,89541,89497,89541,44
climbing,89687,89541,89687,146
rearing,89824,89687,89824,137
left_turning,89861,89824,89861,37
walking,89886,89861,89886,25
trotting,89888,89886,89888,2
sniffing,89967,89888,89967,79
walking,90052,89967,90052,85
sniffing,90149,90052,90149,97
trotting,90179,90149,90179,30
walking,90193,90179,90193,14
rising,90205,90193,90205,12
climbing,90234,90205,90234,29
rearing,90315,90234,90315,81
climbing,90316,90315,90316,1
sniffing,90412,90316,90412,96
left_turning,90456,90412,90456,44
stepping,90498,90456,90498,42
sniffing,90572,90498,90572,74
rearing,90649,90572,90649,77
running,90650,90649,90650,1
left_turning,90704,90650,90704,54
sniffing,90712,90704,90712,8
walking,90722,90712,90722,10
sniffing,90850,90722,90850,128
trotting,90866,90850,90866,16
walking,90890,90866,90890,24
sniffing,91072,90890,91072,182
rearing,91162,91072,91162,90
sniffing,91206,91162,91206,44
rising,91231,91206,91231,25
climbing,91331,91231,91331,100
sniffing,91403,91331,91403,72
rising,91468,91403,91468,65
left_turning,91489,91468,91489,21
running,91516,91489,91516,27
walking,91582,91516,91582,66
rising,91583,91582,91583,1
climbing,91833,91583,91833,250
walking,91891,91833,91891,58
grooming,92230,91891,92230,339
sniffing,92249,92230,92249,19
rearing,92281,92249,92281,32
sniffing,92366,92281,92366,85
jumping,92371,92366,92371,5
sniffing,92483,92371,92483,112
rearing,92701,92483,92701,218
walking,92739,92701,92739,38
rising,92789,92739,92789,50
left_turning,92808,92789,92808,19
sniffing,92866,92808,92866,58
climbing,92924,92866,92924,58
right_turning,92939,92924,92939,15
walking,92948,92939,92948,9
rearing,92967,92948,92967,19
walking,93005,92967,93005,38
rising,93100,93005,93100,95
jumping,93101,93100,93101,1
sniffing,93166,93101,93166,65
hunching,93261,93166,93261,95
rearing,93355,93261,93355,94
rising,93356,93355,93356,1
climbing,93369,93356,93369,13
hunching,93402,93369,93402,33
sniffing,93492,93402,93492,90
stepping,93554,93492,93554,62
running,93573,93554,93573,19
walking,93585,93573,93585,12
climbing,93700,93585,93700,115
grooming,93855,93700,93855,155
hunching,93921,93855,93921,66
sniffing,93922,93921,93922,1
right_turning,93942,93922,93942,20
walking,93956,93942,93956,14
left_turning,94000,93956,94000,44
walking,94001,94000,94001,1
stepping,94026,94001,94026,25
sniffing,94071,94026,94071,45
climbing,94072,94071,94072,1
sniffing,94249,94072,94249,177
grooming,94430,94249,94430,181
rearing,94547,94430,94547,117
rising,94581,94547,94581,34
left_turning,94614,94581,94614,33
sniffing,94718,94614,94718,104
left_turning,94719,94718,94719,1
walking,94748,94719,94748,29
sniffing,94755,94748,94755,7
pausing,94928,94755,94928,173
sniffing,94953,94928,94953,25
running,94995,94953,94995,42
walking,95029,94995,95029,34
sniffing,95071,95029,95071,42
climbing,95215,95071,95215,144
rearing,95475,95215,95475,260
grooming,95589,95475,95589,114
rearing,95624,95589,95624,35
walking,95675,95624,95675,51
climbing,95775,95675,95775,100
walking,95803,95775,95803,28
stepping,95816,95803,95816,13
walking,95882,95816,95882,66
left_turning,95883,95882,95883,1
sniffing,96173,95883,96173,290
climbing,96222,96173,96222,49
sniffing,96250,96222,96250,28
rising,96289,96250,96289,39
climbing,96290,96289,96290,1
rearing,96368,96290,96368,78
rising,96369,96368,96369,1
sniffing,96370,96369,96370,1
pausing,96428,96370,96428,58
sniffing,96470,96428,96470,42
rearing,96542,96470,96542,72
walking,96593,96542,96593,51
sniffing,96663,96593,96663,70
rising,96664,96663,96664,1
rearing,96685,96664,96685,21
hunching,96758,96685,96758,73
sniffing,96848,96758,96848,90
rising,96868,96848,96868,20
rearing,96869,96868,96869,1
climbing,96917,96869,96917,48
rising,96947,96917,96947,30
climbing,96948,96947,96948,1
grooming,96971,96948,96971,23
hunching,97007,96971,97007,36
trotting,97039,97007,97039,32
sniffing,97049,97039,97049,10
climbing,97050,97049,97050,1
grooming,97374,97050,97374,324
rising,97375,97374,97375,1
sniffing,97452,97375,97452,77
rising,97471,97452,97471,19
right_turning,97520,97471,97520,49
left_turning,97585,97520,97585,65
stepping,97626,97585,97626,41
walking,97643,97626,97643,17
left_turning,97660,97643,97660,17
sniffing,97661,97660,97661,1
trotting,97723,97661,97723,62
climbing,97776,97723,97776,53
running,97825,97776,97825,49
rising,97880,97825,97880,55
climbing,97890,97880,97890,10
rising,97915,97890,97915,25
walking,97919,97915,97919,4
rising,97938,97919,97938,19
sniffing,97979,97938,97979,41
rising,97995,97979,97995,16
climbing,97996,97995,97996,1
sniffing,98065,97996,98065,69
walking,98180,98065,98180,115
rising,98181,98180,98181,1
rearing,98261,98181,98261,80
sniffing,98315,98261,98315,54
left_turning,98393,98315,98393,78
stepping,98420,98393,98420,27
right_turning,98443,98420,98443,23
hunching,98565,98443,98565,122
sniffing,98566,98565,98566,1
left_turning,98613,98566,98613,47
trotting,98653,98613,98653,40
sniffing,98774,98653,98774,121
hunching,98837,98774,98837,63
grooming,99086,98837,99086,249
climbing,99099,99086,99099,13
grooming,99919,99099,99919,820
right_turning,99942,99919,99942,23
sniffing,99943,99942,99943,1
left_turning,100000,99943,100000,57
sniffing,100001,100000,100001,1
left_turning,100029,100001,100029,28
rising,100030,100029,100030,1
hunching,100086,100030,100086,56
rising,100295,100086,100295,209
sniffing,100430,100295,100430,135
left_turning,100474,100430,100474,44
trotting,100516,100474,100516,42
sniffing,100517,100516,100517,1
grooming,100518,100517,100518,1
sniffing,100759,100518,100759,241
rising,100798,100759,100798,39
sniffing,100807,100798,100807,9
rising,100856,100807,100856,49
climbing,100863,100856,100863,7
sniffing,100948,100863,100948,85
right_turning,100997,100948,100997,49
walking,101052,100997,101052,55
stepping,101053,101052,101053,1
rearing,101054,101053,101054,1
grooming,101197,101054,101197,143
hunching,101297,101197,101297,100
grooming,101350,101297,101350,53
rearing,101351,101350,101351,1
grooming,101526,101351,101526,175
climbing,101578,101526,101578,52
grooming,101579,101578,101579,1
sniffing,101580,101579,101580,1
rising,101627,101580,101627,47
sniffing,101628,101627,101628,1
rising,101843,101628,101843,215
rearing,102005,101843,102005,162
sniffing,102006,102005,102006,1
rearing,102138,102006,102138,132
walking,102163,102138,102163,25
left_turning,102191,102163,102191,28
stepping,102206,102191,102206,15
sniffing,102274,102206,102274,68
grooming,102289,102274,102289,15
sniffing,102336,102289,102336,47
right_turning,102337,102336,102337,1
sniffing,102377,102337,102377,40
rising,102395,102377,102395,18
climbing,102460,102395,102460,65
rising,102484,102460,102484,24
rearing,102503,102484,102503,19
grooming,102779,102503,102779,276
sniffing,102780,102779,102780,1
left_turning,102825,102780,102825,45
stepping,102894,102825,102894,69
sniffing,102955,102894,102955,61
walking,102976,102955,102976,21
trotting,102999,102976,102999,23
sniffing,103098,102999,103098,99
right_turning,103123,103098,103123,25
grooming,103124,103123,103124,1
rearing,103215,103124,103215,91
hunching,103294,103215,103294,79
climbing,103342,103294,103342,48
hunching,103379,103342,103379,37
sniffing,103462,103379,103462,83
left_turning,103511,103462,103511,49
sniffing,103538,103511,103538,27
right_turning,103595,103538,103595,57
trotting,103607,103595,103607,12
running,103617,103607,103617,10
walking,103667,103617,103667,50
rising,103740,103667,103740,73
rearing,103828,103740,103828,88
sniffing,103915,103828,103915,87
rising,103996,103915,103996,81
grooming,103997,103996,103997,1
hunching,103998,103997,103998,1
sniffing,104199,103998,104199,201
rising,104373,104199,104373,174
climbing,104501,104373,104501,128
rearing,104502,104501,104502,1
rising,104555,104502,104555,53
rearing,104701,104555,104701,146
rising,104763,104701,104763,62
grooming,104764,104763,104764,1
sniffing,104923,104764,104923,159
pausing,105271,104923,105271,348
sniffing,105347,105271,105347,76
pausing,105787,105347,105787,440
sniffing,105801,105787,105801,14
walking,105847,105801,105847,46
sniffing,106024,105847,106024,177
walking,106025,106024,106025,1
rising,106063,106025,106063,38
rearing,106311,106063,106311,248
sniffing,106312,106311,106312,1
left_turning,106364,106312,106364,52
running,106390,106364,106390,26
sniffing,106391,106390,106391,1
walking,106402,106391,106402,11
climbing,106403,106402,106403,1
rearing,106444,106403,106444,41
climbing,106535,106444,106535,91
trotting,106567,106535,106567,32
rising,106610,106567,106610,43
sniffing,106715,106610,106715,105
stepping,106747,106715,106747,32
sniffing,106748,106747,106748,1
rearing,106805,106748,106805,57
sniffing,106861,106805,106861,56
walking,106891,106861,106891,30
rising,106892,106891,106892,1
climbing,106981,106892,106981,89
rising,107065,106981,107065,84
climbing,107066,107065,107066,1
rearing,107067,107066,107067,1
sniffing,107068,107067,107068,1
stepping,107094,107068,107094,26
sniffing,107095,107094,107095,1
rising,107143,107095,107143,48
climbing,107440,107143,107440,297
walking,107472,107440,107472,32
rising,107504,107472,107504,32
rearing,107608,107504,107608,104
rising,107653,107608,107653,45
walking,107708,107653,107708,55
rising,107751,107708,107751,43
rearing,107752,107751,107752,1
sniffing,107753,107752,107753,1
rearing,107754,107753,107754,1
rising,107782,107754,107782,28
sniffing,107896,107782,107896,114
walking,107899,107896,107899,3
right_turning,107900,107899,107900,1
running,107928,107900,107928,28
rising,107973,107928,107973,45
sniffing,108000,107973,108000,27
