revised_movement_label,segBoundary,segBoundary_start,segBoundary_end,length
sniffing,92,0,92,92
climbing,104,92,104,12
sniffing,202,104,202,98
climbing,274,202,274,72
sniffing,376,274,376,102
rising,437,376,437,61
stepping,444,437,444,7
climbing,478,444,478,34
right_turning,479,478,479,1
running,491,479,491,12
rearing,492,491,492,1
rising,494,492,494,2
walking,516,494,516,22
climbing,564,516,564,48
walking,663,564,663,99
left_turning,744,663,744,81
sniffing,808,744,808,64
climbing,873,808,873,65
trotting,889,873,889,16
walking,943,889,943,54
sniffing,1031,943,1031,88
climbing,1081,1031,1081,50
rising,1140,1081,1140,59
walking,1218,1140,1218,78
sniffing,1223,1218,1223,5
rising,1247,1223,1247,24
sniffing,1290,1247,1290,43
left_turning,1317,1290,1317,27
sniffing,1462,1317,1462,145
right_turning,1478,1462,1478,16
running,1521,1478,1521,43
walking,1522,1521,1522,1
trotting,1570,1522,1570,48
sniffing,1651,1570,1651,81
walking,1691,1651,1691,40
rising,1709,1691,1709,18
sniffing,1735,1709,1735,26
hunching,1745,1735,1745,10
sniffing,1746,1745,1746,1
rising,1833,1746,1833,87
walking,1877,1833,1877,44
sniffing,1998,1877,1998,121
rising,2078,1998,2078,80
left_turning,2162,2078,2162,84
trotting,2236,2162,2236,74
walking,2263,2236,2263,27
sniffing,2370,2263,2370,107
left_turning,2394,2370,2394,24
trotting,2417,2394,2417,23
running,2454,2417,2454,37
stepping,2506,2454,2506,52
walking,2554,2506,2554,48
sniffing,2618,2554,2618,64
pausing,2645,2618,2645,27
sniffing,2726,2645,2726,81
walking,2727,2726,2727,1
rising,2760,2727,2760,33
climbing,2800,2760,2800,40
rising,2838,2800,2838,38
climbing,2890,2838,2890,52
rearing,2931,2890,2931,41
climbing,2964,2931,2964,33
walking,2988,2964,2988,24
trotting,3003,2988,3003,15
rising,3042,3003,3042,39
climbing,3116,3042,3116,74
running,3117,3116,3117,1
walking,3131,3117,3131,14
sniffing,3157,3131,3157,26
climbing,3183,3157,3183,26
right_turning,3184,3183,3184,1
rising,3240,3184,3240,56
left_turning,3272,3240,3272,32
rising,3321,3272,3321,49
sniffing,3379,3321,3379,58
climbing,3380,3379,3380,1
walking,3417,3380,3417,37
rising,3506,3417,3506,89
walking,3513,3506,3513,7
sniffing,3546,3513,3546,33
rising,3606,3546,3606,60
sniffing,3658,3606,3658,52
walking,3785,3658,3785,127
left_turning,3786,3785,3786,1
walking,3870,3786,3870,84
sniffing,4010,3870,4010,140
trotting,4038,4010,4038,28
walking,4114,4038,4114,76
sniffing,4135,4114,4135,21
walking,4137,4135,4137,2
sniffing,4199,4137,4199,62
walking,4200,4199,4200,1
rising,4201,4200,4201,1
walking,4251,4201,4251,50
rising,4315,4251,4315,64
climbing,4369,4315,4369,54
sniffing,4370,4369,4370,1
climbing,4425,4370,4425,55
rearing,4426,4425,4426,1
rising,4465,4426,4465,39
climbing,4479,4465,4479,14
sniffing,4549,4479,4549,70
climbing,4613,4549,4613,64
walking,4723,4613,4723,110
sniffing,4836,4723,4836,113
walking,4846,4836,4846,10
sniffing,4847,4846,4847,1
pausing,5139,4847,5139,292
sniffing,5211,5139,5211,72
left_turning,5212,5211,5212,1
sniffing,5323,5212,5323,111
walking,5387,5323,5387,64
sniffing,5464,5387,5464,77
climbing,5501,5464,5501,37
walking,5516,5501,5516,15
stepping,5553,5516,5553,37
sniffing,5554,5553,5554,1
walking,5555,5554,5555,1
climbing,5583,5555,5583,28
walking,5662,5583,5662,79
sniffing,5663,5662,5663,1
pausing,5738,5663,5738,75
sniffing,5861,5738,5861,123
left_turning,5873,5861,5873,12
running,5910,5873,5910,37
trotting,5911,5910,5911,1
climbing,5960,5911,5960,49
sniffing,6100,5960,6100,140
climbing,6164,6100,6164,64
running,6196,6164,6196,32
walking,6226,6196,6226,30
sniffing,6292,6226,6292,66
walking,6322,6292,6322,30
trotting,6362,6322,6362,40
left_turning,6427,6362,6427,65
running,6452,6427,6452,25
sniffing,6453,6452,6453,1
left_turning,6476,6453,6476,23
trotting,6497,6476,6497,21
walking,6526,6497,6526,29
sniffing,6527,6526,6527,1
rising,6528,6527,6528,1
climbing,6557,6528,6557,29
sniffing,6629,6557,6629,72
right_turning,6630,6629,6630,1
running,6658,6630,6658,28
walking,6680,6658,6680,22
left_turning,6687,6680,6687,7
sniffing,6788,6687,6788,101
walking,6837,6788,6837,49
rising,6874,6837,6874,37
climbing,6889,6874,6889,15
sniffing,6961,6889,6961,72
climbing,7052,6961,7052,91
rising,7127,7052,7127,75
sniffing,7128,7127,7128,1
rising,7159,7128,7159,31
walking,7213,7159,7213,54
sniffing,7289,7213,7289,76
climbing,7344,7289,7344,55
sniffing,7358,7344,7358,14
trotting,7420,7358,7420,62
sniffing,7459,7420,7459,39
walking,7503,7459,7503,44
sniffing,7548,7503,7548,45
left_turning,7582,7548,7582,34
climbing,7616,7582,7616,34
trotting,7632,7616,7632,16
walking,7680,7632,7680,48
stepping,7729,7680,7729,49
climbing,7775,7729,7775,46
rising,7805,7775,7805,30
walking,7870,7805,7870,65
sniffing,7924,7870,7924,54
left_turning,7956,7924,7956,32
rising,7996,7956,7996,40
climbing,8054,7996,8054,58
trotting,8081,8054,8081,27
sniffing,8128,8081,8128,47
trotting,8151,8128,8151,23
walking,8244,8151,8244,93
sniffing,8245,8244,8245,1
left_turning,8250,8245,8250,5
rising,8315,8250,8315,65
right_turning,8357,8315,8357,42
sniffing,8504,8357,8504,147
trotting,8572,8504,8572,68
sniffing,8741,8572,8741,169
rising,8742,8741,8742,1
climbing,8811,8742,8811,69
left_turning,8832,8811,8832,21
walking,8905,8832,8905,73
running,8909,8905,8909,4
walking,8923,8909,8923,14
sniffing,9027,8923,9027,104
rising,9028,9027,9028,1
sniffing,9063,9028,9063,35
stepping,9081,9063,9081,18
rising,9143,9081,9143,62
climbing,9187,9143,9187,44
rising,9212,9187,9212,25
climbing,9296,9212,9296,84
walking,9352,9296,9352,56
rising,9392,9352,9392,40
climbing,9393,9392,9393,1
right_turning,9461,9393,9461,68
running,9498,9461,9498,37
sniffing,9625,9498,9625,127
walking,9650,9625,9650,25
rising,9699,9650,9699,49
rearing,9771,9699,9771,72
grooming,9910,9771,9910,139
rising,9948,9910,9948,38
left_turning,9976,9948,9976,28
sniffing,10009,9976,10009,33
rearing,10093,10009,10093,84
grooming,10094,10093,10094,1
sniffing,10095,10094,10095,1
walking,10136,10095,10136,41
rising,10137,10136,10137,1
trotting,10152,10137,10152,15
sniffing,10313,10152,10313,161
walking,10328,10313,10328,15
stepping,10401,10328,10401,73
climbing,10457,10401,10457,56
right_turning,10489,10457,10489,32
sniffing,10562,10489,10562,73
right_turning,10587,10562,10587,25
walking,10588,10587,10588,1
left_turning,10696,10588,10696,108
climbing,10718,10696,10718,22
running,10740,10718,10740,22
walking,10746,10740,10746,6
rising,10796,10746,10796,50
sniffing,10797,10796,10797,1
climbing,10833,10797,10833,36
sniffing,10882,10833,10882,49
climbing,10906,10882,10906,24
left_turning,10907,10906,10907,1
trotting,10957,10907,10957,50
sniffing,11030,10957,11030,73
left_turning,11049,11030,11049,19
walking,11070,11049,11070,21
climbing,11116,11070,11116,46
sniffing,11117,11116,11117,1
climbing,11214,11117,11214,97
rearing,11251,11214,11251,37
climbing,11280,11251,11280,29
rising,11281,11280,11281,1
climbing,11321,11281,11321,40
sniffing,11322,11321,11322,1
rising,11323,11322,11323,1
climbing,11410,11323,11410,87
sniffing,11436,11410,11436,26
right_turning,11443,11436,11443,7
sniffing,11451,11443,11451,8
rearing,11476,11451,11476,25
sniffing,11477,11476,11477,1
rearing,11498,11477,11498,21
grooming,11499,11498,11499,1
rearing,11530,11499,11530,31
walking,11610,11530,11610,80
sniffing,11704,11610,11704,94
left_turning,11711,11704,11711,7
walking,11755,11711,11755,44
sniffing,11826,11755,11826,71
walking,11852,11826,11852,26
sniffing,11962,11852,11962,110
climbing,12022,11962,12022,60
walking,12037,12022,12037,15
climbing,12052,12037,12052,15
rising,12060,12052,12060,8
right_turning,12063,12060,12063,3
walking,12138,12063,12138,75
left_turning,12157,12138,12157,19
walking,12227,12157,12227,70
sniffing,12228,12227,12228,1
rising,12310,12228,12310,82
climbing,12342,12310,12342,32
grooming,12376,12342,12376,34
walking,12417,12376,12417,41
sniffing,12496,12417,12496,79
climbing,12505,12496,12505,9
sniffing,12577,12505,12577,72
running,12578,12577,12578,1
walking,12637,12578,12637,59
rising,12648,12637,12648,11
climbing,12651,12648,12651,3
sniffing,12736,12651,12736,85
walking,12847,12736,12847,111
stepping,12878,12847,12878,31
climbing,12879,12878,12879,1
trotting,12918,12879,12918,39
sniffing,12960,12918,12960,42
right_turning,13021,12960,13021,61
left_turning,13063,13021,13063,42
sniffing,13203,13063,13203,140
pausing,13450,13203,13450,247
sniffing,13509,13450,13509,59
running,13533,13509,13533,24
sniffing,13592,13533,13592,59
left_turning,13599,13592,13599,7
sniffing,13682,13599,13682,83
left_turning,13721,13682,13721,39
walking,13780,13721,13780,59
sniffing,13781,13780,13781,1
left_turning,13782,13781,13782,1
stepping,13853,13782,13853,71
climbing,13854,13853,13854,1
sniffing,13920,13854,13920,66
climbing,14060,13920,14060,140
left_turning,14089,14060,14089,29
walking,14159,14089,14159,70
sniffing,14186,14159,14186,27
walking,14200,14186,14200,14
sniffing,14251,14200,14251,51
trotting,14294,14251,14294,43
rising,14312,14294,14312,18
sniffing,14454,14312,14454,142
rising,14509,14454,14509,55
sniffing,14678,14509,14678,169
climbing,14717,14678,14717,39
walking,14843,14717,14843,126
climbing,14947,14843,14947,104
right_turning,14999,14947,14999,52
left_turning,15037,14999,15037,38
walking,15090,15037,15090,53
sniffing,15092,15090,15092,2
climbing,15123,15092,15123,31
sniffing,15322,15123,15322,199
climbing,15354,15322,15354,32
sniffing,15497,15354,15497,143
walking,15581,15497,15581,84
stepping,15593,15581,15593,12
rising,15642,15593,15642,49
climbing,15657,15642,15657,15
rearing,15766,15657,15766,109
walking,15794,15766,15794,28
trotting,15803,15794,15803,9
sniffing,15867,15803,15867,64
trotting,15883,15867,15883,16
sniffing,15974,15883,15974,91
rising,15975,15974,15975,1
sniffing,16036,15975,16036,61
walking,16046,16036,16046,10
sniffing,16159,16046,16159,113
rising,16235,16159,16235,76
climbing,16281,16235,16281,46
walking,16324,16281,16324,43
sniffing,16443,16324,16443,119
right_turning,16461,16443,16461,18
running,16482,16461,16482,21
sniffing,16581,16482,16581,99
left_turning,16617,16581,16617,36
walking,16632,16617,16632,15
trotting,16636,16632,16636,4
walking,16705,16636,16705,69
stepping,16766,16705,16766,61
rising,16768,16766,16768,2
left_turning,16799,16768,16799,31
sniffing,16880,16799,16880,81
climbing,16918,16880,16918,38
right_turning,16969,16918,16969,51
stepping,17045,16969,17045,76
rising,17046,17045,17046,1
left_turning,17077,17046,17077,31
sniffing,17136,17077,17136,59
pausing,17487,17136,17487,351
hunching,17504,17487,17504,17
rearing,17542,17504,17542,38
walking,17543,17542,17543,1
right_turning,17593,17543,17593,50
walking,17637,17593,17637,44
sniffing,17652,17637,17652,15
right_turning,17705,17652,17705,53
left_turning,17719,17705,17719,14
sniffing,17827,17719,17827,108
running,17845,17827,17845,18
walking,17846,17845,17846,1
sniffing,17923,17846,17923,77
rising,17931,17923,17931,8
sniffing,17968,17931,17968,37
walking,18027,17968,18027,59
rising,18083,18027,18083,56
climbing,18140,18083,18140,57
rearing,18156,18140,18156,16
walking,18157,18156,18157,1
sniffing,18277,18157,18277,120
rising,18323,18277,18323,46
sniffing,18431,18323,18431,108
climbing,18528,18431,18528,97
walking,18554,18528,18554,26
rising,18608,18554,18608,54
walking,18653,18608,18653,45
sniffing,18714,18653,18714,61
trotting,18770,18714,18770,56
climbing,18810,18770,18810,40
running,18845,18810,18845,35
walking,18875,18845,18875,30
sniffing,18916,18875,18916,41
rising,18963,18916,18963,47
sniffing,18964,18963,18964,1
walking,18965,18964,18965,1
rising,18983,18965,18983,18
climbing,19003,18983,19003,20
sniffing,19128,19003,19128,125
rising,19219,19128,19219,91
climbing,19301,19219,19301,82
sniffing,19333,19301,19333,32
right_turning,19369,19333,19369,36
running,19383,19369,19383,14
walking,19457,19383,19457,74
running,19483,19457,19483,26
walking,19516,19483,19516,33
rising,19552,19516,19552,36
sniffing,19586,19552,19586,34
hunching,19666,19586,19666,80
sniffing,19769,19666,19769,103
rising,19840,19769,19840,71
sniffing,19893,19840,19893,53
rising,19902,19893,19902,9
climbing,19960,19902,19960,58
walking,20001,19960,20001,41
climbing,20047,20001,20047,46
sniffing,20096,20047,20096,49
stepping,20123,20096,20123,27
climbing,20157,20123,20157,34
walking,20221,20157,20221,64
sniffing,20348,20221,20348,127
left_turning,20382,20348,20382,34
walking,20405,20382,20405,23
jumping,20481,20405,20481,76
walking,20526,20481,20526,45
left_turning,20536,20526,20536,10
sniffing,20569,20536,20569,33
grooming,20714,20569,20714,145
sniffing,20766,20714,20766,52
climbing,20823,20766,20823,57
right_turning,20831,20823,20831,8
walking,20881,20831,20881,50
left_turning,20897,20881,20897,16
sniffing,20985,20897,20985,88
climbing,21040,20985,21040,55
sniffing,21095,21040,21095,55
rising,21112,21095,21112,17
climbing,21151,21112,21151,39
rearing,21171,21151,21171,20
grooming,21262,21171,21262,91
sniffing,21263,21262,21263,1
trotting,21310,21263,21310,47
sniffing,21344,21310,21344,34
climbing,21402,21344,21402,58
rising,21411,21402,21411,9
climbing,21434,21411,21434,23
left_turning,21435,21434,21435,1
trotting,21436,21435,21436,1
sniffing,21480,21436,21480,44
left_turning,21484,21480,21484,4
sniffing,21611,21484,21611,127
left_turning,21635,21611,21635,24
stepping,21666,21635,21666,31
rising,21713,21666,21713,47
sniffing,21745,21713,21745,32
stepping,21761,21745,21761,16
left_turning,21774,21761,21774,13
sniffing,21904,21774,21904,130
trotting,21941,21904,21941,37
walking,21969,21941,21969,28
climbing,21970,21969,21970,1
sniffing,22087,21970,22087,117
rising,22099,22087,22099,12
sniffing,22176,22099,22176,77
left_turning,22203,22176,22203,27
walking,22215,22203,22215,12
rising,22286,22215,22286,71
climbing,22332,22286,22332,46
rearing,22338,22332,22338,6
left_turning,22339,22338,22339,1
sniffing,22377,22339,22377,38
rising,22379,22377,22379,2
left_turning,22422,22379,22422,43
sniffing,22571,22422,22571,149
rising,22619,22571,22619,48
rearing,22620,22619,22620,1
climbing,22629,22620,22629,9
rising,22692,22629,22692,63
sniffing,22759,22692,22759,67
climbing,22832,22759,22832,73
right_turning,22875,22832,22875,43
walking,22894,22875,22894,19
sniffing,22895,22894,22895,1
walking,22931,22895,22931,36
rearing,22947,22931,22947,16
walking,22953,22947,22953,6
left_turning,22972,22953,22972,19
sniffing,22973,22972,22973,1
right_turning,22985,22973,22985,12
walking,23041,22985,23041,56
sniffing,23074,23041,23074,33
left_turning,23088,23074,23088,14
walking,23103,23088,23103,15
climbing,23133,23103,23133,30
right_turning,23149,23133,23149,16
stepping,23194,23149,23194,45
rising,23206,23194,23206,12
sniffing,23295,23206,23295,89
left_turning,23309,23295,23309,14
sniffing,23321,23309,23321,12
trotting,23327,23321,23327,6
sniffing,23377,23327,23377,50
hunching,23387,23377,23387,10
climbing,23457,23387,23457,70
left_turning,23458,23457,23458,1
walking,23517,23458,23517,59
sniffing,23526,23517,23526,9
climbing,23601,23526,23601,75
sniffing,23696,23601,23696,95
right_turning,23723,23696,23723,27
rising,23778,23723,23778,55
climbing,23910,23778,23910,132
rising,23970,23910,23970,60
sniffing,23992,23970,23992,22
trotting,23996,23992,23996,4
left_turning,24017,23996,24017,21
walking,24056,24017,24056,39
sniffing,24159,24056,24159,103
running,24192,24159,24192,33
walking,24234,24192,24234,42
climbing,24371,24234,24371,137
sniffing,24436,24371,24436,65
trotting,24478,24436,24478,42
sniffing,24510,24478,24510,32
pausing,24697,24510,24697,187
sniffing,24698,24697,24698,1
trotting,24747,24698,24747,49
running,24757,24747,24757,10
stepping,24798,24757,24798,41
sniffing,24971,24798,24971,173
walking,25021,24971,25021,50
sniffing,25210,25021,25210,189
rearing,25211,25210,25211,1
climbing,25263,25211,25263,52
rising,25285,25263,25285,22
rearing,25313,25285,25313,28
trotting,25314,25313,25314,1
sniffing,25416,25314,25416,102
rearing,25454,25416,25454,38
grooming,25559,25454,25559,105
rearing,25601,25559,25601,42
climbing,25602,25601,25602,1
walking,25624,25602,25624,22
left_turning,25699,25624,25699,75
sniffing,25700,25699,25700,1
rising,25733,25700,25733,33
hunching,25734,25733,25734,1
right_turning,25752,25734,25752,18
walking,25787,25752,25787,35
rising,25839,25787,25839,52
climbing,25860,25839,25860,21
sniffing,25906,25860,25906,46
trotting,25909,25906,25909,3
rising,25931,25909,25931,22
left_turning,25932,25931,25932,1
walking,26066,25932,26066,134
sniffing,26124,26066,26124,58
left_turning,26126,26124,26126,2
rising,26162,26126,26162,36
climbing,26258,26162,26258,96
rising,26309,26258,26309,51
sniffing,26370,26309,26370,61
hunching,26386,26370,26386,16
right_turning,26405,26386,26405,19
walking,26435,26405,26435,30
rising,26436,26435,26436,1
grooming,26456,26436,26456,20
walking,26485,26456,26485,29
sniffing,26486,26485,26486,1
climbing,26552,26486,26552,66
sniffing,26646,26552,26646,94
walking,26699,26646,26699,53
sniffing,26772,26699,26772,73
rearing,26871,26772,26871,99
sniffing,26890,26871,26890,19
rising,26933,26890,26933,43
climbing,26944,26933,26944,11
sniffing,26991,26944,26991,47
right_turning,26992,26991,26992,1
running,27008,26992,27008,16
trotting,27009,27008,27009,1
rising,27083,27009,27083,74
sniffing,27084,27083,27084,1
right_turning,27085,27084,27085,1
climbing,27159,27085,27159,74
sniffing,27233,27159,27233,74
rearing,27264,27233,27264,31
trotting,27278,27264,27278,14
sniffing,27407,27278,27407,129
stepping,27440,27407,27440,33
rising,27478,27440,27478,38
climbing,27509,27478,27509,31
rising,27536,27509,27536,27
sniffing,27597,27536,27597,61
rearing,27651,27597,27651,54
walking,27701,27651,27701,50
sniffing,27713,27701,27713,12
rising,27731,27713,27731,18
walking,27732,27731,27732,1
sniffing,27733,27732,27733,1
left_turning,27793,27733,27793,60
walking,27890,27793,27890,97
sniffing,28008,27890,28008,118
left_turning,28043,28008,28043,35
sniffing,28107,28043,28107,64
right_turning,28144,28107,28144,37
walking,28225,28144,28225,81
sniffing,28280,28225,28280,55
walking,28312,28280,28312,32
sniffing,28313,28312,28313,1
walking,28358,28313,28358,45
left_turning,28471,28358,28471,113
rising,28541,28471,28541,70
walking,28609,28541,28609,68
trotting,28623,28609,28623,14
walking,28691,28623,28691,68
stepping,28724,28691,28724,33
sniffing,28749,28724,28749,25
stepping,28808,28749,28808,59
hunching,28870,28808,28870,62
rising,28897,28870,28897,27
sniffing,28981,28897,28981,84
rising,29022,28981,29022,41
climbing,29030,29022,29030,8
rising,29064,29030,29064,34
climbing,29090,29064,29090,26
sniffing,29109,29090,29109,19
left_turning,29130,29109,29130,21
sniffing,29237,29130,29237,107
rising,29241,29237,29241,4
walking,29311,29241,29311,70
sniffing,29366,29311,29366,55
rising,29367,29366,29367,1
grooming,29441,29367,29441,74
rearing,29546,29441,29546,105
rising,29580,29546,29580,34
sniffing,29626,29580,29626,46
climbing,29657,29626,29657,31
rearing,29734,29657,29734,77
right_turning,29788,29734,29788,54
running,29847,29788,29847,59
sniffing,29848,29847,29848,1
rising,29912,29848,29912,64
sniffing,29965,29912,29965,53
running,30005,29965,30005,40
rising,30051,30005,30051,46
sniffing,30190,30051,30190,139
running,30203,30190,30203,13
walking,30227,30203,30227,24
stepping,30257,30227,30257,30
climbing,30310,30257,30310,53
running,30352,30310,30352,42
sniffing,30468,30352,30468,116
trotting,30497,30468,30497,29
rising,30498,30497,30498,1
sniffing,30556,30498,30556,58
hunching,30663,30556,30663,107
climbing,30761,30663,30761,98
walking,30778,30761,30778,17
stepping,30788,30778,30788,10
walking,30835,30788,30835,47
sniffing,31028,30835,31028,193
right_turning,31080,31028,31080,52
left_turning,31149,31080,31149,69
sniffing,31150,31149,31150,1
rising,31165,31150,31165,15
rearing,31166,31165,31166,1
rising,31167,31166,31167,1
rearing,31255,31167,31255,88
grooming,31320,31255,31320,65
sniffing,31511,31320,31511,191
left_turning,31537,31511,31537,26
walking,31565,31537,31565,28
rising,31592,31565,31592,27
sniffing,31617,31592,31617,25
rising,31667,31617,31667,50
hunching,31668,31667,31668,1
climbing,31678,31668,31678,10
running,31694,31678,31694,16
walking,31711,31694,31711,17
rearing,31712,31711,31712,1
climbing,31786,31712,31786,74
walking,31809,31786,31809,23
trotting,31833,31809,31833,24
walking,31857,31833,31857,24
sniffing,31860,31857,31860,3
left_turning,31883,31860,31883,23
sniffing,31884,31883,31884,1
grooming,31885,31884,31885,1
pausing,32027,31885,32027,142
sniffing,32042,32027,32042,15
rising,32043,32042,32043,1
rearing,32137,32043,32137,94
sniffing,32232,32137,32232,95
rising,32256,32232,32256,24
sniffing,32352,32256,32352,96
rising,32384,32352,32384,32
sniffing,32493,32384,32493,109
rising,32494,32493,32494,1
jumping,32541,32494,32541,47
rising,32542,32541,32542,1
sniffing,32587,32542,32587,45
rearing,32661,32587,32661,74
walking,32719,32661,32719,58
sniffing,32766,32719,32766,47
walking,32835,32766,32835,69
sniffing,32836,32835,32836,1
right_turning,32896,32836,32896,60
rising,32997,32896,32997,101
sniffing,33073,32997,33073,76
hunching,33112,33073,33112,39
climbing,33140,33112,33140,28
rearing,33193,33140,33193,53
hunching,33194,33193,33194,1
climbing,33278,33194,33278,84
rising,33279,33278,33279,1
rearing,33297,33279,33297,18
rising,33329,33297,33329,32
stepping,33364,33329,33364,35
sniffing,33397,33364,33397,33
rising,33441,33397,33441,44
running,33472,33441,33472,31
sniffing,33513,33472,33513,41
left_turning,33514,33513,33514,1
walking,33526,33514,33526,12
climbing,33554,33526,33554,28
walking,33609,33554,33609,55
stepping,33656,33609,33656,47
sniffing,33840,33656,33840,184
climbing,33902,33840,33902,62
right_turning,33985,33902,33985,83
left_turning,34008,33985,34008,23
walking,34053,34008,34053,45
sniffing,34135,34053,34135,82
rising,34210,34135,34210,75
trotting,34236,34210,34236,26
walking,34289,34236,34289,53
sniffing,34290,34289,34290,1
trotting,34302,34290,34302,12
rearing,34416,34302,34416,114
climbing,34500,34416,34500,84
right_turning,34512,34500,34512,12
trotting,34513,34512,34513,1
climbing,34572,34513,34572,59
right_turning,34605,34572,34605,33
walking,34625,34605,34625,20
stepping,34680,34625,34680,55
sniffing,34710,34680,34710,30
rising,34736,34710,34736,26
jumping,34795,34736,34795,59
rising,34812,34795,34812,17
sniffing,34819,34812,34819,7
right_turning,34835,34819,34835,16
walking,34836,34835,34836,1
rising,34882,34836,34882,46
sniffing,34883,34882,34883,1
walking,34917,34883,34917,34
hunching,34918,34917,34918,1
climbing,35007,34918,35007,89
rearing,35100,35007,35100,93
right_turning,35102,35100,35102,2
stepping,35134,35102,35134,32
rearing,35156,35134,35156,22
walking,35157,35156,35157,1
sniffing,35159,35157,35159,2
climbing,35199,35159,35199,40
rising,35200,35199,35200,1
climbing,35201,35200,35201,1
hunching,35241,35201,35241,40
rising,35299,35241,35299,58
rearing,35346,35299,35346,47
walking,35470,35346,35470,124
trotting,35504,35470,35504,34
sniffing,35565,35504,35565,61
right_turning,35607,35565,35607,42
walking,35645,35607,35645,38
stepping,35646,35645,35646,1
rising,35651,35646,35651,5
climbing,35757,35651,35757,106
walking,35811,35757,35811,54
climbing,35812,35811,35812,1
sniffing,35932,35812,35932,120
rising,35934,35932,35934,2
climbing,35935,35934,35935,1
sniffing,35976,35935,35976,41
hunching,35985,35976,35985,9
rearing,35987,35985,35987,2
trotting,36012,35987,36012,25
sniffing,36158,36012,36158,146
left_turning,36252,36158,36252,94
sniffing,36313,36252,36313,61
rising,36314,36313,36314,1
climbing,36391,36314,36391,77
sniffing,36510,36391,36510,119
trotting,36541,36510,36541,31
walking,36593,36541,36593,52
sniffing,36652,36593,36652,59
climbing,36726,36652,36726,74
hunching,36781,36726,36781,55
grooming,36782,36781,36782,1
walking,36817,36782,36817,35
climbing,36875,36817,36875,58
sniffing,37070,36875,37070,195
walking,37071,37070,37071,1
climbing,37151,37071,37151,80
walking,37156,37151,37156,5
sniffing,37182,37156,37182,26
walking,37223,37182,37223,41
stepping,37271,37223,37271,48
rising,37321,37271,37321,50
climbing,37439,37321,37439,118
walking,37451,37439,37451,12
sniffing,37469,37451,37469,18
rearing,37505,37469,37505,36
sniffing,37695,37505,37695,190
pausing,37811,37695,37811,116
sniffing,37837,37811,37837,26
right_turning,37853,37837,37853,16
rising,37987,37853,37987,134
sniffing,38071,37987,38071,84
rising,38086,38071,38086,15
trotting,38158,38086,38158,72
sniffing,38159,38158,38159,1
walking,38181,38159,38181,22
climbing,38208,38181,38208,27
left_turning,38209,38208,38209,1
sniffing,38220,38209,38220,11
left_turning,38221,38220,38221,1
rising,38277,38221,38277,56
left_turning,38332,38277,38332,55
rising,38333,38332,38333,1
rearing,38384,38333,38384,51
rising,38385,38384,38385,1
sniffing,38444,38385,38444,59
climbing,38459,38444,38459,15
left_turning,38490,38459,38490,31
walking,38493,38490,38493,3
sniffing,38617,38493,38617,124
walking,38661,38617,38661,44
rising,38728,38661,38728,67
climbing,38729,38728,38729,1
hunching,38814,38729,38814,85
climbing,38815,38814,38815,1
left_turning,38819,38815,38819,4
trotting,38865,38819,38865,46
sniffing,38957,38865,38957,92
walking,39006,38957,39006,49
rising,39007,39006,39007,1
sniffing,39008,39007,39008,1
rising,39009,39008,39009,1
trotting,39049,39009,39049,40
sniffing,39124,39049,39124,75
stepping,39198,39124,39198,74
walking,39199,39198,39199,1
climbing,39239,39199,39239,40
sniffing,39266,39239,39266,27
climbing,39288,39266,39288,22
walking,39344,39288,39344,56
left_turning,39401,39344,39401,57
stepping,39447,39401,39447,46
walking,39448,39447,39448,1
climbing,39453,39448,39453,5
trotting,39454,39453,39454,1
stepping,39471,39454,39471,17
walking,39492,39471,39492,21
sniffing,39543,39492,39543,51
rising,39544,39543,39544,1
sniffing,39708,39544,39708,164
left_turning,39720,39708,39720,12
sniffing,39805,39720,39805,85
walking,39816,39805,39816,11
climbing,39875,39816,39875,59
walking,39965,39875,39965,90
sniffing,40091,39965,40091,126
walking,40176,40091,40176,85
sniffing,40215,40176,40215,39
climbing,40284,40215,40284,69
rising,40344,40284,40344,60
climbing,40355,40344,40355,11
walking,40361,40355,40361,6
sniffing,40362,40361,40362,1
rising,40383,40362,40383,21
rearing,40448,40383,40448,65
left_turning,40492,40448,40492,44
sniffing,40493,40492,40493,1
walking,40592,40493,40592,99
grooming,40743,40592,40743,151
sniffing,40815,40743,40815,72
walking,40915,40815,40915,100
left_turning,40979,40915,40979,64
trotting,40980,40979,40980,1
sniffing,41028,40980,41028,48
climbing,41096,41028,41096,68
right_turning,41099,41096,41099,3
sniffing,41161,41099,41161,62
left_turning,41240,41161,41240,79
sniffing,41290,41240,41290,50
climbing,41293,41290,41293,3
sniffing,41364,41293,41364,71
left_turning,41396,41364,41396,32
trotting,41419,41396,41419,23
walking,41424,41419,41424,5
left_turning,41425,41424,41425,1
hunching,41477,41425,41477,52
rearing,41496,41477,41496,19
climbing,41501,41496,41501,5
running,41502,41501,41502,1
walking,41530,41502,41530,28
sniffing,41531,41530,41531,1
stepping,41549,41531,41549,18
walking,41577,41549,41577,28
left_turning,41626,41577,41626,49
walking,41643,41626,41643,17
climbing,41713,41643,41713,70
sniffing,41798,41713,41798,85
rearing,41829,41798,41829,31
sniffing,41914,41829,41914,85
rising,41967,41914,41967,53
walking,42025,41967,42025,58
sniffing,42135,42025,42135,110
trotting,42160,42135,42160,25
climbing,42200,42160,42200,40
sniffing,42260,42200,42260,60
left_turning,42326,42260,42326,66
sniffing,42398,42326,42398,72
rising,42416,42398,42416,18
trotting,42420,42416,42420,4
sniffing,42507,42420,42507,87
left_turning,42569,42507,42569,62
walking,42599,42569,42599,30
sniffing,42649,42599,42649,50
rising,42694,42649,42694,45
walking,42745,42694,42745,51
sniffing,42930,42745,42930,185
rising,43003,42930,43003,73
climbing,43052,43003,43052,49
trotting,43074,43052,43074,22
walking,43077,43074,43077,3
sniffing,43078,43077,43078,1
climbing,43119,43078,43119,41
right_turning,43142,43119,43142,23
sniffing,43180,43142,43180,38
rising,43213,43180,43213,33
sniffing,43304,43213,43304,91
left_turning,43343,43304,43343,39
sniffing,43546,43343,43546,203
rearing,43547,43546,43547,1
hunching,43589,43547,43589,42
sniffing,43610,43589,43610,21
climbing,43611,43610,43611,1
left_turning,43635,43611,43635,24
trotting,43639,43635,43639,4
walking,43685,43639,43685,46
sniffing,43832,43685,43832,147
walking,43841,43832,43841,9
left_turning,43867,43841,43867,26
walking,43882,43867,43882,15
rising,43978,43882,43978,96
sniffing,43979,43978,43979,1
hunching,44001,43979,44001,22
sniffing,44163,44001,44163,162
left_turning,44195,44163,44195,32
walking,44233,44195,44233,38
sniffing,44271,44233,44271,38
right_turning,44298,44271,44298,27
stepping,44312,44298,44312,14
walking,44399,44312,44399,87
sniffing,44400,44399,44400,1
climbing,44472,44400,44472,72
right_turning,44479,44472,44479,7
trotting,44514,44479,44514,35
sniffing,44608,44514,44608,94
walking,44609,44608,44609,1
sniffing,44610,44609,44610,1
left_turning,44611,44610,44611,1
sniffing,44750,44611,44750,139
running,44794,44750,44794,44
left_turning,44816,44794,44816,22
walking,44819,44816,44819,3
sniffing,44822,44819,44822,3
rising,44944,44822,44944,122
climbing,44945,44944,44945,1
rising,44975,44945,44975,30
sniffing,45007,44975,45007,32
right_turning,45039,45007,45039,32
climbing,45086,45039,45086,47
rearing,45134,45086,45134,48
climbing,45243,45134,45243,109
rising,45257,45243,45257,14
sniffing,45382,45257,45382,125
hunching,45431,45382,45431,49
sniffing,45503,45431,45503,72
walking,45595,45503,45595,92
sniffing,45650,45595,45650,55
rising,45655,45650,45655,5
climbing,45747,45655,45747,92
rising,45780,45747,45780,33
climbing,45781,45780,45781,1
sniffing,45921,45781,45921,140
walking,45960,45921,45960,39
left_turning,45979,45960,45979,19
sniffing,46017,45979,46017,38
left_turning,46081,46017,46081,64
sniffing,46139,46081,46139,58
right_turning,46207,46139,46207,68
walking,46239,46207,46239,32
trotting,46279,46239,46279,40
rising,46345,46279,46345,66
walking,46361,46345,46361,16
sniffing,46469,46361,46469,108
right_turning,46470,46469,46470,1
walking,46471,46470,46471,1
sniffing,46520,46471,46520,49
rising,46531,46520,46531,11
climbing,46608,46531,46608,77
hunching,46619,46608,46619,11
rising,46648,46619,46648,29
climbing,46753,46648,46753,105
grooming,46760,46753,46760,7
sniffing,46790,46760,46790,30
rising,46834,46790,46834,44
climbing,46835,46834,46835,1
sniffing,46861,46835,46861,26
climbing,46880,46861,46880,19
sniffing,47005,46880,47005,125
rising,47018,47005,47018,13
climbing,47039,47018,47039,21
rising,47040,47039,47040,1
sniffing,47175,47040,47175,135
walking,47264,47175,47264,89
sniffing,47314,47264,47314,50
left_turning,47368,47314,47368,54
trotting,47375,47368,47375,7
sniffing,47515,47375,47515,140
hunching,47550,47515,47550,35
sniffing,47685,47550,47685,135
rising,47688,47685,47688,3
climbing,47807,47688,47807,119
right_turning,47836,47807,47836,29
trotting,47876,47836,47876,40
sniffing,47924,47876,47924,48
right_turning,47960,47924,47960,36
climbing,47995,47960,47995,35
walking,48054,47995,48054,59
right_turning,48087,48054,48087,33
sniffing,48088,48087,48088,1
rising,48182,48088,48182,94
climbing,48241,48182,48241,59
hunching,48305,48241,48305,64
sniffing,48497,48305,48497,192
climbing,48556,48497,48556,59
sniffing,48597,48556,48597,41
climbing,48598,48597,48598,1
hunching,48697,48598,48697,99
climbing,48751,48697,48751,54
rising,48761,48751,48761,10
right_turning,48816,48761,48816,55
sniffing,48829,48816,48829,13
left_turning,48830,48829,48830,1
sniffing,48935,48830,48935,105
rising,48956,48935,48956,21
sniffing,49001,48956,49001,45
rising,49035,49001,49035,34
rearing,49036,49035,49036,1
right_turning,49106,49036,49106,70
walking,49203,49106,49203,97
right_turning,49246,49203,49246,43
walking,49247,49246,49247,1
left_turning,49248,49247,49248,1
walking,49296,49248,49296,48
sniffing,49360,49296,49360,64
climbing,49382,49360,49382,22
walking,49391,49382,49391,9
sniffing,49429,49391,49429,38
hunching,49430,49429,49430,1
grooming,49431,49430,49431,1
hunching,49432,49431,49432,1
climbing,49530,49432,49530,98
walking,49531,49530,49531,1
hunching,49576,49531,49576,45
sniffing,49607,49576,49607,31
rising,49784,49607,49784,177
sniffing,49811,49784,49811,27
walking,49896,49811,49896,85
climbing,49942,49896,49942,46
sniffing,50001,49942,50001,59
rising,50021,50001,50021,20
trotting,50059,50021,50059,38
sniffing,50075,50059,50075,16
trotting,50076,50075,50076,1
stepping,50130,50076,50130,54
walking,50156,50130,50156,26
sniffing,50341,50156,50341,185
walking,50383,50341,50383,42
trotting,50428,50383,50428,45
sniffing,50429,50428,50429,1
climbing,50603,50429,50603,174
walking,50662,50603,50662,59
sniffing,50777,50662,50777,115
left_turning,50793,50777,50793,16
sniffing,50811,50793,50811,18
left_turning,50818,50811,50818,7
trotting,50870,50818,50870,52
walking,50911,50870,50911,41
sniffing,50984,50911,50984,73
grooming,50990,50984,50990,6
left_turning,51015,50990,51015,25
walking,51080,51015,51080,65
climbing,51099,51080,51099,19
hunching,51152,51099,51152,53
rearing,51188,51152,51188,36
sniffing,51282,51188,51282,94
rising,51297,51282,51297,15
climbing,51373,51297,51373,76
sniffing,51374,51373,51374,1
rising,51408,51374,51408,34
climbing,51444,51408,51444,36
rising,51488,51444,51488,44
climbing,51533,51488,51533,45
sniffing,51578,51533,51578,45
left_turning,51609,51578,51609,31
walking,51654,51609,51654,45
sniffing,51729,51654,51729,75
rearing,51732,51729,51732,3
grooming,51827,51732,51827,95
left_turning,51856,51827,51856,29
walking,51956,51856,51956,100
stepping,51971,51956,51971,15
sniffing,52058,51971,52058,87
walking,52087,52058,52087,29
climbing,52155,52087,52155,68
grooming,52156,52155,52156,1
rearing,52336,52156,52336,180
climbing,52389,52336,52389,53
stepping,52408,52389,52408,19
walking,52445,52408,52445,37
sniffing,52446,52445,52446,1
rearing,52461,52446,52461,15
rising,52532,52461,52532,71
sniffing,52616,52532,52616,84
rearing,52684,52616,52684,68
hunching,52685,52684,52685,1
sniffing,52771,52685,52771,86
left_turning,52813,52771,52813,42
sniffing,52977,52813,52977,164
climbing,53039,52977,53039,62
right_turning,53081,53039,53081,42
trotting,53082,53081,53082,1
sniffing,53264,53082,53264,182
walking,53294,53264,53294,30
trotting,53328,53294,53328,34
stepping,53340,53328,53340,12
sniffing,53499,53340,53499,159
rising,53506,53499,53506,7
climbing,53605,53506,53605,99
left_turning,53625,53605,53625,20
sniffing,53711,53625,53711,86
rising,53712,53711,53712,1
climbing,53743,53712,53743,31
right_turning,53756,53743,53756,13
trotting,53782,53756,53782,26
walking,53866,53782,53866,84
sniffing,53931,53866,53931,65
rising,53966,53931,53966,35
climbing,53974,53966,53974,8
stepping,54032,53974,54032,58
walking,54062,54032,54062,30
rising,54131,54062,54131,69
left_turning,54132,54131,54132,1
sniffing,54171,54132,54171,39
grooming,54172,54171,54172,1
rearing,54234,54172,54234,62
hunching,54308,54234,54308,74
grooming,54360,54308,54360,52
rearing,54447,54360,54447,87
left_turning,54480,54447,54480,33
stepping,54492,54480,54492,12
walking,54494,54492,54494,2
sniffing,54535,54494,54535,41
rising,54605,54535,54605,70
sniffing,54723,54605,54723,118
walking,54816,54723,54816,93
right_turning,54891,54816,54891,75
trotting,54926,54891,54926,35
sniffing,54981,54926,54981,55
left_turning,55033,54981,55033,52
walking,55154,55033,55154,121
sniffing,55220,55154,55220,66
rising,55221,55220,55221,1
running,55260,55221,55260,39
sniffing,55298,55260,55298,38
right_turning,55322,55298,55322,24
trotting,55370,55322,55370,48
sniffing,55411,55370,55411,41
climbing,55455,55411,55455,44
rearing,55533,55455,55533,78
walking,55589,55533,55589,56
rising,55612,55589,55612,23
climbing,55617,55612,55617,5
walking,55670,55617,55670,53
climbing,55671,55670,55671,1
sniffing,55756,55671,55756,85
grooming,55987,55756,55987,231
sniffing,56106,55987,56106,119
stepping,56120,56106,56120,14
left_turning,56168,56120,56168,48
trotting,56182,56168,56182,14
sniffing,56245,56182,56245,63
walking,56306,56245,56306,61
sniffing,56307,56306,56307,1
rising,56348,56307,56348,41
sniffing,56349,56348,56349,1
grooming,56364,56349,56364,15
left_turning,56365,56364,56365,1
sniffing,56501,56365,56501,136
rising,56502,56501,56502,1
climbing,56610,56502,56610,108
left_turning,56623,56610,56623,13
walking,56658,56623,56658,35
sniffing,56722,56658,56722,64
trotting,56729,56722,56729,7
walking,56730,56729,56730,1
climbing,56781,56730,56781,51
hunching,56826,56781,56826,45
rising,56900,56826,56900,74
rearing,56922,56900,56922,22
running,56941,56922,56941,19
rising,56942,56941,56942,1
climbing,57012,56942,57012,70
rising,57087,57012,57087,75
sniffing,57222,57087,57222,135
left_turning,57223,57222,57223,1
sniffing,57379,57223,57379,156
rising,57435,57379,57435,56
sniffing,57466,57435,57466,31
running,57481,57466,57481,15
rising,57482,57481,57482,1
running,57504,57482,57504,22
left_turning,57537,57504,57537,33
walking,57639,57537,57639,102
sniffing,57654,57639,57654,15
walking,57656,57654,57656,2
left_turning,57663,57656,57663,7
sniffing,57664,57663,57664,1
rearing,57710,57664,57710,46
sniffing,57711,57710,57711,1
left_turning,57720,57711,57720,9
sniffing,57778,57720,57778,58
right_turning,57801,57778,57801,23
running,57817,57801,57817,16
trotting,57874,57817,57874,57
walking,57881,57874,57881,7
rising,57882,57881,57882,1
sniffing,57929,57882,57929,47
rising,57953,57929,57953,24
left_turning,58027,57953,58027,74
walking,58042,58027,58042,15
sniffing,58189,58042,58189,147
left_turning,58246,58189,58246,57
rearing,58309,58246,58309,63
climbing,58380,58309,58380,71
hunching,58382,58380,58382,2
rearing,58403,58382,58403,21
rising,58404,58403,58404,1
walking,58449,58404,58449,45
climbing,58583,58449,58583,134
rising,58601,58583,58601,18
climbing,58651,58601,58651,50
rearing,58652,58651,58652,1
grooming,58681,58652,58681,29
sniffing,58688,58681,58688,7
rising,58689,58688,58689,1
climbing,58757,58689,58757,68
trotting,58775,58757,58775,18
rising,58817,58775,58817,42
sniffing,58905,58817,58905,88
walking,58983,58905,58983,78
sniffing,59041,58983,59041,58
walking,59111,59041,59111,70
left_turning,59223,59111,59223,112
walking,59250,59223,59250,27
right_turning,59274,59250,59274,24
rising,59339,59274,59339,65
climbing,59387,59339,59387,48
sniffing,59388,59387,59388,1
rising,59406,59388,59406,18
climbing,59463,59406,59463,57
trotting,59482,59463,59482,19
sniffing,59536,59482,59536,54
right_turning,59612,59536,59612,76
running,59638,59612,59638,26
stepping,59639,59638,59639,1
walking,59658,59639,59658,19
climbing,59721,59658,59721,63
sniffing,59868,59721,59868,147
walking,59941,59868,59941,73
climbing,60020,59941,60020,79
trotting,60031,60020,60031,11
stepping,60072,60031,60072,41
rising,60095,60072,60095,23
rearing,60096,60095,60096,1
rising,60097,60096,60097,1
climbing,60150,60097,60150,53
running,60183,60150,60183,33
sniffing,60184,60183,60184,1
running,60210,60184,60210,26
sniffing,60476,60210,60476,266
rearing,60477,60476,60477,1
sniffing,60478,60477,60478,1
right_turning,60488,60478,60488,10
rising,60489,60488,60489,1
sniffing,60490,60489,60490,1
climbing,60507,60490,60507,17
grooming,60514,60507,60514,7
walking,60556,60514,60556,42
sniffing,60685,60556,60685,129
rising,60743,60685,60743,58
climbing,60796,60743,60796,53
sniffing,60923,60796,60923,127
walking,60974,60923,60974,51
rising,61045,60974,61045,71
climbing,61161,61045,61161,116
grooming,61380,61161,61380,219
rearing,61503,61380,61503,123
climbing,61612,61503,61612,109
sniffing,61638,61612,61638,26
rising,61697,61638,61697,59
sniffing,61783,61697,61783,86
rising,61819,61783,61819,36
sniffing,61899,61819,61899,80
stepping,61930,61899,61930,31
rising,61967,61930,61967,37
left_turning,61986,61967,61986,19
walking,62062,61986,62062,76
sniffing,62081,62062,62081,19
trotting,62122,62081,62122,41
walking,62141,62122,62141,19
sniffing,62248,62141,62248,107
stepping,62295,62248,62295,47
walking,62296,62295,62296,1
sniffing,62408,62296,62408,112
climbing,62477,62408,62477,69
rearing,62733,62477,62733,256
climbing,62852,62733,62852,119
right_turning,62880,62852,62880,28
trotting,62910,62880,62910,30
rearing,62923,62910,62923,13
sniffing,63035,62923,63035,112
right_turning,63054,63035,63054,19
rising,63085,63054,63085,31
climbing,63283,63085,63283,198
right_turning,63337,63283,63337,54
trotting,63358,63337,63358,21
sniffing,63550,63358,63550,192
walking,63567,63550,63567,17
rising,63571,63567,63571,4
rearing,63593,63571,63593,22
climbing,63664,63593,63664,71
right_turning,63665,63664,63665,1
stepping,63680,63665,63680,15
hunching,63681,63680,63681,1
sniffing,63781,63681,63781,100
walking,63839,63781,63839,58
sniffing,63896,63839,63896,57
walking,63947,63896,63947,51
right_turning,63956,63947,63956,9
sniffing,64041,63956,64041,85
walking,64043,64041,64043,2
rising,64067,64043,64067,24
sniffing,64224,64067,64224,157
trotting,64239,64224,64239,15
sniffing,64455,64239,64455,216
walking,64456,64455,64456,1
right_turning,64491,64456,64491,35
running,64498,64491,64498,7
trotting,64568,64498,64568,70
walking,64575,64568,64575,7
rearing,64592,64575,64592,17
walking,64604,64592,64604,12
sniffing,64673,64604,64673,69
right_turning,64734,64673,64734,61
sniffing,64882,64734,64882,148
rising,64883,64882,64883,1
sniffing,64999,64883,64999,116
pausing,65035,64999,65035,36
sniffing,65078,65035,65078,43
left_turning,65129,65078,65129,51
walking,65146,65129,65146,17
rising,65147,65146,65147,1
left_turning,65177,65147,65177,30
sniffing,65312,65177,65312,135
right_turning,65314,65312,65314,2
sniffing,65376,65314,65376,62
stepping,65419,65376,65419,43
right_turning,65421,65419,65421,2
sniffing,65515,65421,65515,94
trotting,65542,65515,65542,27
walking,65574,65542,65574,32
sniffing,65722,65574,65722,148
left_turning,65748,65722,65748,26
trotting,65758,65748,65758,10
walking,65791,65758,65791,33
stepping,65813,65791,65813,22
rising,65888,65813,65888,75
climbing,65954,65888,65954,66
hunching,66039,65954,66039,85
walking,66050,66039,66050,11
sniffing,66074,66050,66074,24
pausing,66204,66074,66204,130
sniffing,66304,66204,66304,100
right_turning,66312,66304,66312,8
sniffing,66474,66312,66474,162
hunching,66532,66474,66532,58
sniffing,66628,66532,66628,96
right_turning,66663,66628,66663,35
walking,66747,66663,66747,84
climbing,66860,66747,66860,113
sniffing,66993,66860,66993,133
rearing,67045,66993,67045,52
rising,67060,67045,67060,15
climbing,67155,67060,67155,95
sniffing,67195,67155,67195,40
walking,67252,67195,67252,57
sniffing,67308,67252,67308,56
rearing,67309,67308,67309,1
grooming,67310,67309,67310,1
sniffing,67421,67310,67421,111
rising,67484,67421,67484,63
climbing,67497,67484,67497,13
hunching,67546,67497,67546,49
sniffing,67547,67546,67547,1
hunching,67549,67547,67549,2
sniffing,67623,67549,67623,74
stepping,67624,67623,67624,1
sniffing,67702,67624,67702,78
climbing,67793,67702,67793,91
sniffing,67920,67793,67920,127
right_turning,67976,67920,67976,56
sniffing,68069,67976,68069,93
rising,68121,68069,68121,52
left_turning,68170,68121,68170,49
walking,68233,68170,68233,63
trotting,68244,68233,68244,11
sniffing,68245,68244,68245,1
rising,68350,68245,68350,105
right_turning,68364,68350,68364,14
walking,68435,68364,68435,71
rising,68453,68435,68453,18
rearing,68506,68453,68506,53
sniffing,68546,68506,68546,40
rising,68622,68546,68622,76
climbing,68751,68622,68751,129
rising,68840,68751,68840,89
running,68867,68840,68867,27
sniffing,69002,68867,69002,135
left_turning,69023,69002,69023,21
sniffing,69024,69023,69024,1
left_turning,69025,69024,69025,1
walking,69094,69025,69094,69
rising,69129,69094,69129,35
rearing,69160,69129,69160,31
grooming,69237,69160,69237,77
sniffing,69290,69237,69290,53
right_turning,69349,69290,69349,59
running,69369,69349,69369,20
walking,69413,69369,69413,44
sniffing,69414,69413,69414,1
walking,69453,69414,69453,39
trotting,69504,69453,69504,51
sniffing,69705,69504,69705,201
walking,69723,69705,69723,18
hunching,69724,69723,69724,1
right_turning,69729,69724,69729,5
walking,69801,69729,69801,72
sniffing,69802,69801,69802,1
left_turning,69826,69802,69826,24
sniffing,70033,69826,70033,207
rising,70069,70033,70069,36
climbing,70086,70069,70086,17
hunching,70167,70086,70167,81
right_turning,70168,70167,70168,1
walking,70216,70168,70216,48
sniffing,70254,70216,70254,38
climbing,70332,70254,70332,78
left_turning,70362,70332,70362,30
sniffing,70363,70362,70363,1
rearing,70377,70363,70377,14
left_turning,70412,70377,70412,35
sniffing,70501,70412,70501,89
left_turning,70502,70501,70502,1
rising,70503,70502,70503,1
climbing,70506,70503,70506,3
right_turning,70545,70506,70545,39
walking,70593,70545,70593,48
stepping,70602,70593,70602,9
rising,70607,70602,70607,5
climbing,70648,70607,70648,41
sniffing,70674,70648,70674,26
walking,70757,70674,70757,83
sniffing,70973,70757,70973,216
right_turning,71013,70973,71013,40
walking,71066,71013,71066,53
rising,71067,71066,71067,1
climbing,71130,71067,71130,63
right_turning,71136,71130,71136,6
trotting,71190,71136,71190,54
sniffing,71289,71190,71289,99
rising,71294,71289,71294,5
climbing,71336,71294,71336,42
rising,71347,71336,71347,11
left_turning,71402,71347,71402,55
trotting,71442,71402,71442,40
rising,71443,71442,71443,1
left_turning,71483,71443,71483,40
sniffing,71484,71483,71484,1
walking,71519,71484,71519,35
rearing,71563,71519,71563,44
right_turning,71621,71563,71621,58
trotting,71659,71621,71659,38
sniffing,71660,71659,71660,1
rising,71733,71660,71733,73
sniffing,71797,71733,71797,64
climbing,71954,71797,71954,157
left_turning,71995,71954,71995,41
sniffing,71996,71995,71996,1
left_turning,72001,71996,72001,5
sniffing,72067,72001,72067,66
left_turning,72091,72067,72091,24
walking,72116,72091,72116,25
sniffing,72175,72116,72175,59
climbing,72176,72175,72176,1
sniffing,72264,72176,72264,88
stepping,72286,72264,72286,22
left_turning,72345,72286,72345,59
sniffing,72346,72345,72346,1
walking,72366,72346,72366,20
stepping,72442,72366,72442,76
left_turning,72494,72442,72494,52
sniffing,72587,72494,72587,93
climbing,72588,72587,72588,1
right_turning,72601,72588,72601,13
climbing,72616,72601,72616,15
walking,72658,72616,72658,42
sniffing,72714,72658,72714,56
climbing,72813,72714,72813,99
rising,72826,72813,72826,13
running,72863,72826,72863,37
trotting,72870,72863,72870,7
stepping,72892,72870,72892,22
sniffing,72975,72892,72975,83
left_turning,72978,72975,72978,3
stepping,73042,72978,73042,64
hunching,73066,73042,73066,24
climbing,73180,73066,73180,114
rising,73181,73180,73181,1
climbing,73267,73181,73267,86
rising,73286,73267,73286,19
climbing,73311,73286,73311,25
jumping,73438,73311,73438,127
trotting,73444,73438,73444,6
left_turning,73457,73444,73457,13
sniffing,73458,73457,73458,1
grooming,73511,73458,73511,53
trotting,73516,73511,73516,5
rising,73550,73516,73550,34
climbing,73730,73550,73730,180
walking,73732,73730,73732,2
trotting,73760,73732,73760,28
sniffing,73780,73760,73780,20
climbing,73833,73780,73833,53
rearing,73866,73833,73866,33
sniffing,73993,73866,73993,127
climbing,74061,73993,74061,68
walking,74070,74061,74070,9
right_turning,74119,74070,74119,49
stepping,74154,74119,74154,35
rising,74199,74154,74199,45
rearing,74282,74199,74282,83
walking,74298,74282,74298,16
sniffing,74308,74298,74308,10
rising,74367,74308,74367,59
climbing,74448,74367,74448,81
grooming,74449,74448,74449,1
hunching,74508,74449,74508,59
sniffing,74610,74508,74610,102
walking,74632,74610,74632,22
climbing,74710,74632,74710,78
right_turning,74714,74710,74714,4
walking,74785,74714,74785,71
climbing,74844,74785,74844,59
right_turning,74868,74844,74868,24
sniffing,74871,74868,74871,3
right_turning,74897,74871,74897,26
sniffing,74960,74897,74960,63
rising,75021,74960,75021,61
sniffing,75022,75021,75022,1
rising,75023,75022,75023,1
running,75108,75023,75108,85
right_turning,75109,75108,75109,1
walking,75110,75109,75110,1
right_turning,75117,75110,75117,7
hunching,75118,75117,75118,1
sniffing,75204,75118,75204,86
right_turning,75272,75204,75272,68
sniffing,75273,75272,75273,1
walking,75361,75273,75361,88
sniffing,75364,75361,75364,3
walking,75415,75364,75415,51
trotting,75461,75415,75461,46
sniffing,75499,75461,75499,38
grooming,75627,75499,75627,128
sniffing,75666,75627,75666,39
right_turning,75667,75666,75667,1
walking,75767,75667,75767,100
climbing,75768,75767,75768,1
rising,75818,75768,75818,50
left_turning,75882,75818,75882,64
trotting,75921,75882,75921,39
running,75951,75921,75951,30
sniffing,76061,75951,76061,110
rising,76100,76061,76100,39
rearing,76101,76100,76101,1
walking,76134,76101,76134,33
climbing,76173,76134,76173,39
sniffing,76174,76173,76174,1
climbing,76218,76174,76218,44
sniffing,76312,76218,76312,94
walking,76332,76312,76332,20
trotting,76359,76332,76359,27
stepping,76439,76359,76439,80
sniffing,76472,76439,76472,33
left_turning,76473,76472,76473,1
sniffing,76514,76473,76514,41
left_turning,76573,76514,76573,59
sniffing,76605,76573,76605,32
rising,76672,76605,76672,67
climbing,76727,76672,76727,55
sniffing,76775,76727,76775,48
climbing,76786,76775,76786,11
rearing,76860,76786,76860,74
sniffing,76906,76860,76906,46
rising,76977,76906,76977,71
sniffing,77003,76977,77003,26
walking,77041,77003,77041,38
sniffing,77117,77041,77117,76
stepping,77157,77117,77157,40
rearing,77169,77157,77169,12
grooming,77170,77169,77170,1
sniffing,77186,77170,77186,16
climbing,77250,77186,77250,64
walking,77301,77250,77301,51
sniffing,77302,77301,77302,1
hunching,77303,77302,77303,1
grooming,77434,77303,77434,131
walking,77484,77434,77484,50
left_turning,77485,77484,77485,1
sniffing,77514,77485,77514,29
climbing,77615,77514,77615,101
sniffing,77616,77615,77616,1
right_turning,77633,77616,77633,17
climbing,77709,77633,77709,76
rising,77744,77709,77744,35
sniffing,77815,77744,77815,71
climbing,77905,77815,77905,90
rising,77922,77905,77922,17
climbing,78075,77922,78075,153
rearing,78123,78075,78123,48
walking,78185,78123,78185,62
left_turning,78211,78185,78211,26
sniffing,78254,78211,78254,43
running,78270,78254,78270,16
walking,78308,78270,78308,38
sniffing,78370,78308,78370,62
walking,78455,78370,78455,85
sniffing,78456,78455,78456,1
rising,78457,78456,78457,1
rearing,78458,78457,78458,1
left_turning,78459,78458,78459,1
sniffing,78462,78459,78462,3
trotting,78491,78462,78491,29
walking,78556,78491,78556,65
sniffing,78615,78556,78615,59
walking,78659,78615,78659,44
sniffing,78660,78659,78660,1
walking,78661,78660,78661,1
sniffing,78792,78661,78792,131
rearing,78879,78792,78879,87
right_turning,78926,78879,78926,47
sniffing,78932,78926,78932,6
climbing,78940,78932,78940,8
rearing,78941,78940,78941,1
left_turning,79008,78941,79008,67
sniffing,79136,79008,79136,128
rearing,79182,79136,79182,46
rising,79183,79182,79183,1
hunching,79252,79183,79252,69
climbing,79351,79252,79351,99
walking,79397,79351,79397,46
rising,79476,79397,79476,79
climbing,79578,79476,79578,102
rising,79579,79578,79579,1
right_turning,79585,79579,79585,6
sniffing,79771,79585,79771,186
grooming,79793,79771,79793,22
left_turning,79818,79793,79818,25
walking,79906,79818,79906,88
left_turning,79908,79906,79908,2
hunching,79909,79908,79909,1
climbing,79910,79909,79910,1
rearing,79970,79910,79970,60
climbing,79971,79970,79971,1
walking,80037,79971,80037,66
left_turning,80060,80037,80060,23
rising,80061,80060,80061,1
sniffing,80285,80061,80285,224
grooming,80286,80285,80286,1
walking,80323,80286,80323,37
climbing,80336,80323,80336,13
grooming,80542,80336,80542,206
rising,80623,80542,80623,81
rearing,80712,80623,80712,89
walking,80713,80712,80713,1
sniffing,80714,80713,80714,1
stepping,80779,80714,80779,65
sniffing,80858,80779,80858,79
rising,80874,80858,80874,16
sniffing,81164,80874,81164,290
walking,81209,81164,81209,45
stepping,81228,81209,81228,19
walking,81237,81228,81237,9
sniffing,81391,81237,81391,154
rising,81430,81391,81430,39
sniffing,81526,81430,81526,96
trotting,81530,81526,81530,4
stepping,81586,81530,81586,56
walking,81587,81586,81587,1
sniffing,81588,81587,81588,1
climbing,81589,81588,81589,1
sniffing,81793,81589,81793,204
walking,81806,81793,81806,13
climbing,81822,81806,81822,16
running,81849,81822,81849,27
left_turning,81850,81849,81850,1
sniffing,81851,81850,81851,1
walking,81868,81851,81868,17
sniffing,81883,81868,81883,15
rising,81950,81883,81950,67
rearing,81951,81950,81951,1
rising,81956,81951,81956,5
climbing,82008,81956,82008,52
hunching,82028,82008,82028,20
walking,82081,82028,82081,53
rising,82103,82081,82103,22
climbing,82163,82103,82163,60
rising,82164,82163,82164,1
climbing,82308,82164,82308,144
hunching,82390,82308,82390,82
sniffing,82418,82390,82418,28
walking,82531,82418,82531,113
sniffing,82570,82531,82570,39
left_turning,82571,82570,82571,1
sniffing,82778,82571,82778,207
rising,82812,82778,82812,34
rearing,82849,82812,82849,37
rising,82881,82849,82881,32
sniffing,82883,82881,82883,2
pausing,83853,82883,83853,970
sniffing,83854,83853,83854,1
rearing,83896,83854,83896,42
rising,83917,83896,83917,21
sniffing,83918,83917,83918,1
left_turning,83969,83918,83969,51
trotting,84030,83969,84030,61
sniffing,84091,84030,84091,61
left_turning,84148,84091,84148,57
sniffing,84227,84148,84227,79
running,84252,84227,84252,25
rising,84253,84252,84253,1
climbing,84291,84253,84291,38
hunching,84369,84291,84369,78
grooming,84419,84369,84419,50
rearing,84445,84419,84445,26
left_turning,84458,84445,84458,13
sniffing,84486,84458,84486,28
rising,84533,84486,84533,47
right_turning,84559,84533,84559,26
sniffing,84772,84559,84772,213
walking,84794,84772,84794,22
sniffing,84842,84794,84842,48
rising,84915,84842,84915,73
sniffing,85010,84915,85010,95
pausing,85791,85010,85791,781
sniffing,85851,85791,85851,60
stepping,85888,85851,85888,37
rising,85947,85888,85947,59
right_turning,85948,85947,85948,1
walking,86005,85948,86005,57
rising,86059,86005,86059,54
rearing,86074,86059,86074,15
rising,86116,86074,86116,42
rearing,86162,86116,86162,46
grooming,86163,86162,86163,1
sniffing,86192,86163,86192,29
trotting,86203,86192,86203,11
sniffing,86233,86203,86233,30
climbing,86255,86233,86255,22
sniffing,86412,86255,86412,157
running,86422,86412,86422,10
stepping,86475,86422,86475,53
sniffing,86476,86475,86476,1
grooming,86695,86476,86695,219
sniffing,86782,86695,86782,87
rising,86810,86782,86810,28
climbing,86891,86810,86891,81
sniffing,86892,86891,86892,1
walking,86914,86892,86914,22
running,86934,86914,86934,20
trotting,86972,86934,86972,38
rising,87040,86972,87040,68
sniffing,87085,87040,87085,45
stepping,87163,87085,87163,78
left_turning,87195,87163,87195,32
running,87211,87195,87211,16
sniffing,87252,87211,87252,41
climbing,87277,87252,87277,25
sniffing,87292,87277,87292,15
rising,87314,87292,87314,22
left_turning,87356,87314,87356,42
walking,87369,87356,87369,13
sniffing,87451,87369,87451,82
left_turning,87514,87451,87514,63
sniffing,87596,87514,87596,82
stepping,87605,87596,87605,9
left_turning,87623,87605,87623,18
rising,87697,87623,87697,74
climbing,87732,87697,87732,35
sniffing,87886,87732,87886,154
walking,87922,87886,87922,36
sniffing,88029,87922,88029,107
grooming,88216,88029,88216,187
left_turning,88288,88216,88288,72
sniffing,88352,88288,88352,64
rising,88451,88352,88451,99
climbing,88544,88451,88544,93
sniffing,88609,88544,88609,65
rising,88839,88609,88839,230
walking,88890,88839,88890,51
rising,88967,88890,88967,77
climbing,88974,88967,88974,7
rearing,88975,88974,88975,1
sniffing,88976,88975,88976,1
right_turning,89032,88976,89032,56
walking,89082,89032,89082,50
rising,89113,89082,89113,31
climbing,89114,89113,89114,1
right_turning,89119,89114,89119,5
trotting,89199,89119,89199,80
walking,89235,89199,89235,36
stepping,89270,89235,89270,35
left_turning,89284,89270,89284,14
sniffing,89344,89284,89344,60
left_turning,89377,89344,89377,33
sniffing,89482,89377,89482,105
rising,89541,89482,89541,59
grooming,89863,89541,89863,322
climbing,89965,89863,89965,102
sniffing,90013,89965,90013,48
trotting,90069,90013,90069,56
sniffing,90151,90069,90151,82
rising,90168,90151,90168,17
climbing,90356,90168,90356,188
sniffing,90370,90356,90370,14
walking,90419,90370,90419,49
sniffing,90492,90419,90492,73
walking,90579,90492,90579,87
sniffing,90687,90579,90687,108
trotting,90734,90687,90734,47
walking,90796,90734,90796,62
right_turning,90797,90796,90797,1
walking,90864,90797,90864,67
stepping,90911,90864,90911,47
walking,90961,90911,90961,50
sniffing,90962,90961,90962,1
left_turning,90994,90962,90994,32
sniffing,91203,90994,91203,209
rising,91270,91203,91270,67
trotting,91300,91270,91300,30
rising,91329,91300,91329,29
left_turning,91404,91329,91404,75
walking,91424,91404,91424,20
hunching,91465,91424,91465,41
sniffing,91494,91465,91494,29
rising,91540,91494,91540,46
walking,91586,91540,91586,46
rising,91646,91586,91646,60
rearing,91682,91646,91682,36
grooming,93026,91682,93026,1344
rearing,93027,93026,93027,1
sniffing,93028,93027,93028,1
pausing,93062,93028,93062,34
sniffing,93167,93062,93167,105
walking,93188,93167,93188,21
sniffing,93383,93188,93383,195
rising,93422,93383,93422,39
sniffing,93476,93422,93476,54
rising,93586,93476,93586,110
sniffing,93633,93586,93633,47
trotting,93665,93633,93665,32
sniffing,93767,93665,93767,102
rising,93799,93767,93799,32
climbing,93802,93799,93802,3
left_turning,93862,93802,93862,60
rising,93952,93862,93952,90
climbing,93961,93952,93961,9
sniffing,93979,93961,93979,18
rising,93980,93979,93980,1
climbing,93982,93980,93982,2
walking,94025,93982,94025,43
sniffing,94076,94025,94076,51
walking,94142,94076,94142,66
rising,94143,94142,94143,1
climbing,94220,94143,94220,77
rising,94271,94220,94271,51
sniffing,94361,94271,94361,90
rearing,94504,94361,94504,143
right_turning,94539,94504,94539,35
walking,94586,94539,94586,47
sniffing,94673,94586,94673,87
climbing,94710,94673,94710,37
right_turning,94729,94710,94729,19
trotting,94790,94729,94790,61
stepping,94851,94790,94851,61
climbing,95010,94851,95010,159
grooming,95178,95010,95178,168
rearing,95180,95178,95180,2
left_turning,95206,95180,95206,26
walking,95269,95206,95269,63
sniffing,95385,95269,95385,116
left_turning,95402,95385,95402,17
walking,95411,95402,95411,9
sniffing,95466,95411,95466,55
walking,95489,95466,95489,23
right_turning,95537,95489,95537,48
walking,95614,95537,95614,77
sniffing,95628,95614,95628,14
walking,95672,95628,95672,44
rising,95739,95672,95739,67
climbing,95740,95739,95740,1
rearing,95837,95740,95837,97
climbing,95925,95837,95925,88
rearing,95926,95925,95926,1
grooming,96144,95926,96144,218
rearing,96145,96144,96145,1
walking,96163,96145,96163,18
rising,96210,96163,96210,47
rearing,96330,96210,96330,120
rising,96331,96330,96331,1
walking,96362,96331,96362,31
climbing,96400,96362,96400,38
rearing,96436,96400,96436,36
sniffing,96566,96436,96566,130
rising,96567,96566,96567,1
sniffing,96618,96567,96618,51
left_turning,96644,96618,96644,26
sniffing,96722,96644,96722,78
hunching,96743,96722,96743,21
grooming,96797,96743,96797,54
sniffing,96817,96797,96817,20
walking,96846,96817,96846,29
climbing,96851,96846,96851,5
sniffing,97007,96851,97007,156
left_turning,97061,97007,97061,54
sniffing,97122,97061,97122,61
hunching,97133,97122,97133,11
right_turning,97163,97133,97163,30
sniffing,97173,97163,97173,10
rearing,97191,97173,97191,18
grooming,97192,97191,97192,1
right_turning,97206,97192,97206,14
walking,97207,97206,97207,1
sniffing,97320,97207,97320,113
rising,97321,97320,97321,1
climbing,97376,97321,97376,55
sniffing,97630,97376,97630,254
left_turning,97646,97630,97646,16
sniffing,97647,97646,97647,1
left_turning,97672,97647,97672,25
walking,97698,97672,97698,26
trotting,97715,97698,97715,17
walking,97716,97715,97716,1
rearing,97811,97716,97811,95
rising,97880,97811,97880,69
sniffing,97881,97880,97881,1
trotting,97927,97881,97927,46
walking,97958,97927,97958,31
sniffing,97959,97958,97959,1
walking,98026,97959,98026,67
sniffing,98107,98026,98107,81
climbing,98144,98107,98144,37
rising,98145,98144,98145,1
walking,98287,98145,98287,142
climbing,98314,98287,98314,27
rising,98350,98314,98350,36
climbing,98451,98350,98451,101
hunching,98452,98451,98452,1
rising,98453,98452,98453,1
sniffing,98541,98453,98541,88
climbing,98692,98541,98692,151
walking,98708,98692,98708,16
sniffing,98979,98708,98979,271
trotting,99007,98979,99007,28
sniffing,99168,99007,99168,161
left_turning,99214,99168,99214,46
sniffing,99269,99214,99269,55
left_turning,99346,99269,99346,77
running,99360,99346,99360,14
sniffing,99361,99360,99361,1
walking,99390,99361,99390,29
sniffing,99403,99390,99403,13
pausing,99636,99403,99636,233
sniffing,99715,99636,99715,79
rising,99750,99715,99750,35
sniffing,99769,99750,99769,19
walking,99823,99769,99823,54
rising,99902,99823,99902,79
sniffing,100031,99902,100031,129
right_turning,100047,100031,100047,16
rising,100092,100047,100092,45
climbing,100127,100092,100127,35
rising,100232,100127,100232,105
grooming,100333,100232,100333,101
sniffing,100334,100333,100334,1
left_turning,100336,100334,100336,2
sniffing,100401,100336,100401,65
stepping,100529,100401,100529,128
sniffing,100604,100529,100604,75
walking,100665,100604,100665,61
climbing,100846,100665,100846,181
grooming,100847,100846,100847,1
sniffing,100869,100847,100869,22
left_turning,100889,100869,100889,20
sniffing,101093,100889,101093,204
stepping,101096,101093,101096,3
walking,101097,101096,101097,1
sniffing,101245,101097,101245,148
rising,101273,101245,101273,28
sniffing,101437,101273,101437,164
rising,101490,101437,101490,53
climbing,101594,101490,101594,104
grooming,101595,101594,101595,1
sniffing,101810,101595,101810,215
stepping,101862,101810,101862,52
sniffing,101863,101862,101863,1
climbing,101980,101863,101980,117
sniffing,102018,101980,102018,38
rising,102019,102018,102019,1
climbing,102109,102019,102109,90
grooming,102288,102109,102288,179
sniffing,102348,102288,102348,60
climbing,102445,102348,102445,97
sniffing,102551,102445,102551,106
rising,102607,102551,102607,56
sniffing,102673,102607,102673,66
walking,102750,102673,102750,77
sniffing,102829,102750,102829,79
pausing,103233,102829,103233,404
sniffing,103278,103233,103278,45
rising,103373,103278,103373,95
sniffing,103422,103373,103422,49
pausing,103869,103422,103869,447
sniffing,103963,103869,103963,94
rearing,104086,103963,104086,123
hunching,104148,104086,104148,62
sniffing,104234,104148,104234,86
rising,104235,104234,104235,1
sniffing,104317,104235,104317,82
climbing,104398,104317,104398,81
sniffing,104461,104398,104461,63
left_turning,104467,104461,104467,6
sniffing,104587,104467,104587,120
hunching,104630,104587,104630,43
sniffing,104775,104630,104775,145
walking,104853,104775,104853,78
rising,104892,104853,104892,39
left_turning,104917,104892,104917,25
sniffing,105009,104917,105009,92
rearing,105363,105009,105363,354
climbing,105415,105363,105415,52
grooming,105416,105415,105416,1
climbing,105478,105416,105478,62
rising,105517,105478,105517,39
climbing,105518,105517,105518,1
rising,105540,105518,105540,22
pausing,105748,105540,105748,208
climbing,105796,105748,105796,48
rising,105797,105796,105797,1
grooming,106133,105797,106133,336
hunching,106141,106133,106141,8
rising,106193,106141,106193,52
rearing,106320,106193,106320,127
sniffing,106355,106320,106355,35
climbing,106408,106355,106408,53
right_turning,106466,106408,106466,58
climbing,106534,106466,106534,68
grooming,106535,106534,106535,1
climbing,106644,106535,106644,109
rearing,106714,106644,106714,70
climbing,106922,106714,106922,208
rising,107023,106922,107023,101
climbing,107074,107023,107074,51
walking,107075,107074,107075,1
climbing,107173,107075,107173,98
rearing,107237,107173,107237,64
sniffing,107293,107237,107293,56
grooming,107457,107293,107457,164
sniffing,107600,107457,107600,143
right_turning,107618,107600,107618,18
running,107628,107618,107628,10
sniffing,107629,107628,107629,1
left_turning,107656,107629,107656,27
rising,107727,107656,107727,71
sniffing,107728,107727,107728,1
rising,107729,107728,107729,1
stepping,107754,107729,107754,25
sniffing,107837,107754,107837,83
stepping,107908,107837,107908,71
walking,107970,107908,107970,62
sniffing,108000,107970,108000,30
