revised_movement_label,segBoundary,segBoundary_start,segBoundary_end,length
walking,72,0,72,72
rising,112,72,112,40
climbing,133,112,133,21
sniffing,208,133,208,75
stepping,231,208,231,23
rising,232,231,232,1
sniffing,263,232,263,31
climbing,303,263,303,40
rising,335,303,335,32
sniffing,353,335,353,18
running,376,353,376,23
sniffing,377,376,377,1
rising,394,377,394,17
left_turning,422,394,422,28
walking,437,422,437,15
sniffing,438,437,438,1
left_turning,439,438,439,1
trotting,446,439,446,7
sniffing,530,446,530,84
walking,635,530,635,105
sniffing,648,635,648,13
rising,714,648,714,66
sniffing,715,714,715,1
climbing,759,715,759,44
walking,766,759,766,7
sniffing,767,766,767,1
climbing,770,767,770,3
sniffing,792,770,792,22
rising,841,792,841,49
walking,912,841,912,71
sniffing,926,912,926,14
climbing,942,926,942,16
left_turning,1028,942,1028,86
sniffing,1061,1028,1061,33
rising,1090,1061,1090,29
walking,1148,1090,1148,58
sniffing,1161,1148,1161,13
walking,1236,1161,1236,75
running,1241,1236,1241,5
sniffing,1242,1241,1242,1
walking,1255,1242,1255,13
right_turning,1259,1255,1259,4
trotting,1319,1259,1319,60
rising,1320,1319,1320,1
right_turning,1348,1320,1348,28
walking,1418,1348,1418,70
left_turning,1419,1418,1419,1
walking,1442,1419,1442,23
trotting,1460,1442,1460,18
left_turning,1562,1460,1562,102
rearing,1563,1562,1563,1
sniffing,1663,1563,1663,100
left_turning,1681,1663,1681,18
walking,1812,1681,1812,131
sniffing,1836,1812,1836,24
left_turning,1846,1836,1846,10
climbing,1899,1846,1899,53
left_turning,1958,1899,1958,59
trotting,1963,1958,1963,5
running,1977,1963,1977,14
trotting,2002,1977,2002,25
sniffing,2247,2002,2247,245
rising,2269,2247,2269,22
walking,2290,2269,2290,21
sniffing,2338,2290,2338,48
stepping,2380,2338,2380,42
sniffing,2408,2380,2408,28
walking,2455,2408,2455,47
sniffing,2456,2455,2456,1
grooming,2473,2456,2473,17
rearing,2561,2473,2561,88
climbing,2580,2561,2580,19
walking,2590,2580,2590,10
trotting,2610,2590,2610,20
left_turning,2673,2610,2673,63
sniffing,2795,2673,2795,122
walking,2817,2795,2817,22
climbing,2838,2817,2838,21
sniffing,2914,2838,2914,76
trotting,2918,2914,2918,4
left_turning,3019,2918,3019,101
walking,3039,3019,3039,20
hunching,3066,3039,3066,27
rising,3067,3066,3067,1
walking,3131,3067,3131,64
rising,3195,3131,3195,64
climbing,3225,3195,3225,30
right_turning,3232,3225,3232,7
walking,3276,3232,3276,44
running,3309,3276,3309,33
sniffing,3337,3309,3337,28
climbing,3339,3337,3339,2
hunching,3363,3339,3363,24
sniffing,3440,3363,3440,77
rising,3443,3440,3443,3
climbing,3503,3443,3503,60
sniffing,3568,3503,3568,65
rising,3582,3568,3582,14
right_turning,3609,3582,3609,27
walking,3661,3609,3661,52
sniffing,3662,3661,3662,1
left_turning,3691,3662,3691,29
walking,3712,3691,3712,21
sniffing,3713,3712,3713,1
rearing,3723,3713,3723,10
climbing,3724,3723,3724,1
right_turning,3850,3724,3850,126
walking,3851,3850,3851,1
rising,3870,3851,3870,19
running,3900,3870,3900,30
walking,3943,3900,3943,43
rising,4039,3943,4039,96
right_turning,4061,4039,4061,22
climbing,4118,4061,4118,57
rising,4153,4118,4153,35
sniffing,4155,4153,4155,2
rising,4185,4155,4185,30
climbing,4234,4185,4234,49
left_turning,4291,4234,4291,57
sniffing,4354,4291,4354,63
walking,4373,4354,4373,19
right_turning,4433,4373,4433,60
rising,4447,4433,4447,14
climbing,4469,4447,4469,22
running,4509,4469,4509,40
walking,4526,4509,4526,17
trotting,4551,4526,4551,25
walking,4552,4551,4552,1
sniffing,4605,4552,4605,53
left_turning,4625,4605,4625,20
climbing,4706,4625,4706,81
hunching,4773,4706,4773,67
sniffing,4780,4773,4780,7
right_turning,4806,4780,4806,26
stepping,4830,4806,4830,24
walking,4871,4830,4871,41
trotting,4902,4871,4902,31
running,4932,4902,4932,30
sniffing,4977,4932,4977,45
rearing,4982,4977,4982,5
left_turning,4992,4982,4992,10
sniffing,4993,4992,4993,1
walking,5023,4993,5023,30
sniffing,5024,5023,5024,1
walking,5068,5024,5068,44
sniffing,5135,5068,5135,67
rising,5183,5135,5183,48
climbing,5199,5183,5199,16
sniffing,5224,5199,5224,25
walking,5225,5224,5225,1
climbing,5261,5225,5261,36
walking,5320,5261,5320,59
climbing,5334,5320,5334,14
right_turning,5399,5334,5399,65
trotting,5437,5399,5437,38
walking,5470,5437,5470,33
sniffing,5508,5470,5508,38
left_turning,5572,5508,5572,64
walking,5612,5572,5612,40
sniffing,5638,5612,5638,26
climbing,5709,5638,5709,71
walking,5742,5709,5742,33
stepping,5800,5742,5800,58
climbing,5870,5800,5870,70
rising,5880,5870,5880,10
walking,5934,5880,5934,54
left_turning,5942,5934,5942,8
sniffing,6007,5942,6007,65
trotting,6061,6007,6061,54
rising,6089,6061,6089,28
sniffing,6104,6089,6104,15
walking,6105,6104,6105,1
sniffing,6106,6105,6106,1
left_turning,6131,6106,6131,25
trotting,6166,6131,6166,35
sniffing,6167,6166,6167,1
walking,6191,6167,6191,24
sniffing,6471,6191,6471,280
trotting,6502,6471,6502,31
sniffing,6577,6502,6577,75
right_turning,6586,6577,6586,9
sniffing,6614,6586,6614,28
rising,6682,6614,6682,68
sniffing,6704,6682,6704,22
trotting,6736,6704,6736,32
walking,6754,6736,6754,18
left_turning,6776,6754,6776,22
sniffing,6807,6776,6807,31
left_turning,6808,6807,6808,1
trotting,6824,6808,6824,16
sniffing,6834,6824,6834,10
rising,6921,6834,6921,87
climbing,6974,6921,6974,53
right_turning,6978,6974,6978,4
trotting,7026,6978,7026,48
walking,7027,7026,7027,1
sniffing,7095,7027,7095,68
rising,7096,7095,7096,1
sniffing,7103,7096,7103,7
walking,7161,7103,7161,58
sniffing,7266,7161,7266,105
walking,7295,7266,7295,29
trotting,7334,7295,7334,39
sniffing,7360,7334,7360,26
rising,7385,7360,7385,25
stepping,7429,7385,7429,44
rising,7478,7429,7478,49
stepping,7519,7478,7519,41
walking,7607,7519,7607,88
rising,7616,7607,7616,9
sniffing,7617,7616,7617,1
climbing,7678,7617,7678,61
sniffing,7778,7678,7778,100
rising,7779,7778,7779,1
right_turning,7824,7779,7824,45
walking,7836,7824,7836,12
sniffing,7840,7836,7840,4
walking,7904,7840,7904,64
sniffing,7999,7904,7999,95
rearing,8065,7999,8065,66
hunching,8110,8065,8110,45
climbing,8123,8110,8123,13
trotting,8129,8123,8129,6
climbing,8207,8129,8207,78
stepping,8224,8207,8224,17
sniffing,8357,8224,8357,133
left_turning,8368,8357,8368,11
climbing,8380,8368,8380,12
sniffing,8460,8380,8460,80
walking,8506,8460,8506,46
sniffing,8507,8506,8507,1
rising,8531,8507,8531,24
right_turning,8573,8531,8573,42
walking,8647,8573,8647,74
sniffing,8671,8647,8671,24
left_turning,8707,8671,8707,36
walking,8793,8707,8793,86
rising,8824,8793,8824,31
sniffing,8915,8824,8915,91
trotting,8945,8915,8945,30
walking,8951,8945,8951,6
trotting,9002,8951,9002,51
climbing,9022,9002,9022,20
walking,9023,9022,9023,1
climbing,9128,9023,9128,105
sniffing,9160,9128,9160,32
left_turning,9173,9160,9173,13
walking,9220,9173,9220,47
sniffing,9236,9220,9236,16
walking,9274,9236,9274,38
sniffing,9328,9274,9328,54
rising,9361,9328,9361,33
sniffing,9396,9361,9396,35
rearing,9416,9396,9416,20
sniffing,9421,9416,9421,5
climbing,9532,9421,9532,111
walking,9539,9532,9539,7
rising,9550,9539,9550,11
climbing,9599,9550,9599,49
walking,9630,9599,9630,31
sniffing,9633,9630,9633,3
right_turning,9638,9633,9638,5
left_turning,9659,9638,9659,21
sniffing,9743,9659,9743,84
walking,9776,9743,9776,33
left_turning,9811,9776,9811,35
sniffing,9812,9811,9812,1
grooming,9990,9812,9990,178
rearing,10035,9990,10035,45
hunching,10100,10035,10100,65
right_turning,10138,10100,10138,38
walking,10172,10138,10172,34
rising,10294,10172,10294,122
sniffing,10295,10294,10295,1
walking,10365,10295,10365,70
rising,10436,10365,10436,71
trotting,10473,10436,10473,37
sniffing,10511,10473,10511,38
pausing,10846,10511,10846,335
sniffing,10847,10846,10847,1
hunching,10856,10847,10856,9
right_turning,10875,10856,10875,19
running,10894,10875,10894,19
rising,10895,10894,10895,1
walking,10922,10895,10922,27
sniffing,10939,10922,10939,17
walking,11048,10939,11048,109
right_turning,11069,11048,11069,21
walking,11132,11069,11132,63
left_turning,11151,11132,11151,19
sniffing,11196,11151,11196,45
left_turning,11279,11196,11279,83
walking,11362,11279,11362,83
right_turning,11382,11362,11382,20
climbing,11383,11382,11383,1
rising,11414,11383,11414,31
climbing,11494,11414,11494,80
left_turning,11546,11494,11546,52
climbing,11608,11546,11608,62
sniffing,11628,11608,11628,20
walking,11683,11628,11683,55
sniffing,11684,11683,11684,1
left_turning,11693,11684,11693,9
walking,11697,11693,11697,4
rising,11719,11697,11719,22
sniffing,11754,11719,11754,35
stepping,11795,11754,11795,41
climbing,11833,11795,11833,38
trotting,11878,11833,11878,45
sniffing,11928,11878,11928,50
rising,12025,11928,12025,97
rearing,12088,12025,12088,63
grooming,12123,12088,12123,35
left_turning,12163,12123,12163,40
sniffing,12164,12163,12164,1
rising,12187,12164,12187,23
sniffing,12205,12187,12205,18
running,12231,12205,12231,26
left_turning,12273,12231,12273,42
sniffing,12355,12273,12355,82
climbing,12427,12355,12427,72
left_turning,12428,12427,12428,1
walking,12488,12428,12488,60
sniffing,12707,12488,12707,219
left_turning,12719,12707,12719,12
rising,12742,12719,12742,23
climbing,12743,12742,12743,1
walking,12756,12743,12756,13
rising,12804,12756,12804,48
climbing,12887,12804,12887,83
walking,12930,12887,12930,43
climbing,12946,12930,12946,16
sniffing,13021,12946,13021,75
walking,13110,13021,13110,89
climbing,13196,13110,13196,86
walking,13280,13196,13280,84
rising,13299,13280,13299,19
climbing,13302,13299,13302,3
rising,13337,13302,13337,35
grooming,13379,13337,13379,42
right_turning,13417,13379,13417,38
climbing,13439,13417,13439,22
hunching,13476,13439,13476,37
right_turning,13508,13476,13508,32
walking,13522,13508,13522,14
trotting,13558,13522,13558,36
sniffing,13565,13558,13565,7
walking,13600,13565,13600,35
sniffing,13692,13600,13692,92
walking,13795,13692,13795,103
rising,13800,13795,13800,5
sniffing,13881,13800,13881,81
climbing,13988,13881,13988,107
sniffing,13998,13988,13998,10
left_turning,14013,13998,14013,15
trotting,14045,14013,14045,32
sniffing,14046,14045,14046,1
rising,14070,14046,14070,24
climbing,14128,14070,14128,58
sniffing,14129,14128,14129,1
walking,14151,14129,14151,22
trotting,14184,14151,14184,33
sniffing,14194,14184,14194,10
climbing,14309,14194,14309,115
rising,14336,14309,14336,27
walking,14388,14336,14388,52
rising,14428,14388,14428,40
sniffing,14478,14428,14478,50
left_turning,14513,14478,14513,35
sniffing,14569,14513,14569,56
hunching,14584,14569,14584,15
climbing,14602,14584,14602,18
sniffing,14649,14602,14649,47
right_turning,14697,14649,14697,48
rising,14788,14697,14788,91
climbing,14900,14788,14900,112
right_turning,14914,14900,14914,14
walking,14959,14914,14959,45
sniffing,15009,14959,15009,50
rising,15019,15009,15019,10
walking,15023,15019,15023,4
sniffing,15055,15023,15055,32
left_turning,15085,15055,15085,30
sniffing,15130,15085,15130,45
right_turning,15149,15130,15149,19
trotting,15171,15149,15171,22
running,15177,15171,15177,6
stepping,15255,15177,15255,78
rising,15306,15255,15306,51
climbing,15378,15306,15378,72
rising,15431,15378,15431,53
sniffing,15505,15431,15505,74
walking,15515,15505,15515,10
right_turning,15525,15515,15525,10
walking,15657,15525,15657,132
left_turning,15691,15657,15691,34
walking,15741,15691,15741,50
hunching,15795,15741,15795,54
sniffing,15884,15795,15884,89
climbing,16038,15884,16038,154
walking,16097,16038,16097,59
sniffing,16143,16097,16143,46
climbing,16211,16143,16211,68
rearing,16212,16211,16212,1
hunching,16261,16212,16261,49
right_turning,16275,16261,16275,14
trotting,16287,16275,16287,12
walking,16288,16287,16288,1
sniffing,16399,16288,16399,111
rising,16482,16399,16482,83
left_turning,16524,16482,16524,42
walking,16534,16524,16534,10
rising,16535,16534,16535,1
climbing,16573,16535,16573,38
sniffing,16664,16573,16664,91
right_turning,16675,16664,16675,11
trotting,16688,16675,16688,13
sniffing,16689,16688,16689,1
trotting,16718,16689,16718,29
walking,16771,16718,16771,53
right_turning,16791,16771,16791,20
left_turning,16807,16791,16807,16
sniffing,16808,16807,16808,1
climbing,16887,16808,16887,79
sniffing,16913,16887,16913,26
climbing,16939,16913,16939,26
sniffing,17028,16939,17028,89
climbing,17110,17028,17110,82
hunching,17143,17110,17143,33
sniffing,17152,17143,17152,9
rearing,17178,17152,17178,26
sniffing,17186,17178,17186,8
pausing,17438,17186,17438,252
sniffing,17483,17438,17483,45
rearing,17484,17483,17484,1
grooming,17513,17484,17513,29
rising,17514,17513,17514,1
walking,17550,17514,17550,36
climbing,17649,17550,17649,99
left_turning,17683,17649,17683,34
walking,17763,17683,17763,80
sniffing,17799,17763,17799,36
left_turning,17850,17799,17850,51
trotting,17870,17850,17870,20
sniffing,17876,17870,17876,6
grooming,18071,17876,18071,195
climbing,18072,18071,18072,1
rising,18091,18072,18091,19
sniffing,18158,18091,18158,67
trotting,18194,18158,18194,36
sniffing,18195,18194,18195,1
walking,18232,18195,18232,37
sniffing,18259,18232,18259,27
left_turning,18302,18259,18302,43
trotting,18350,18302,18350,48
sniffing,18612,18350,18612,262
walking,18626,18612,18626,14
sniffing,18816,18626,18816,190
rising,18860,18816,18860,44
sniffing,19011,18860,19011,151
right_turning,19015,19011,19015,4
walking,19060,19015,19060,45
rising,19084,19060,19084,24
climbing,19184,19084,19184,100
rearing,19214,19184,19214,30
left_turning,19215,19214,19215,1
sniffing,19297,19215,19297,82
trotting,19310,19297,19310,13
walking,19384,19310,19384,74
rising,19464,19384,19464,80
sniffing,19465,19464,19465,1
walking,19531,19465,19531,66
climbing,19551,19531,19551,20
sniffing,19619,19551,19619,68
climbing,19752,19619,19752,133
stepping,19794,19752,19794,42
walking,19878,19794,19878,84
sniffing,19928,19878,19928,50
left_turning,19955,19928,19955,27
sniffing,19998,19955,19998,43
walking,20067,19998,20067,69
left_turning,20111,20067,20111,44
walking,20118,20111,20118,7
sniffing,20223,20118,20223,105
rising,20245,20223,20245,22
climbing,20277,20245,20277,32
rising,20315,20277,20315,38
climbing,20465,20315,20465,150
walking,20495,20465,20495,30
sniffing,20601,20495,20601,106
walking,20669,20601,20669,68
rising,20670,20669,20670,1
left_turning,20671,20670,20671,1
walking,20742,20671,20742,71
sniffing,20931,20742,20931,189
climbing,20993,20931,20993,62
stepping,21032,20993,21032,39
right_turning,21054,21032,21054,22
walking,21093,21054,21093,39
climbing,21094,21093,21094,1
sniffing,21133,21094,21133,39
rising,21211,21133,21211,78
climbing,21217,21211,21217,6
rising,21277,21217,21277,60
climbing,21303,21277,21303,26
rising,21351,21303,21351,48
sniffing,21352,21351,21352,1
rising,21376,21352,21376,24
climbing,21377,21376,21377,1
sniffing,21462,21377,21462,85
hunching,21520,21462,21520,58
climbing,21577,21520,21577,57
stepping,21590,21577,21590,13
walking,21659,21590,21659,69
rising,21743,21659,21743,84
sniffing,21887,21743,21887,144
climbing,21981,21887,21981,94
walking,21987,21981,21987,6
rising,22026,21987,22026,39
climbing,22112,22026,22112,86
rearing,22169,22112,22169,57
walking,22275,22169,22275,106
sniffing,22303,22275,22303,28
right_turning,22314,22303,22314,11
trotting,22339,22314,22339,25
right_turning,22392,22339,22392,53
sniffing,22498,22392,22498,106
rising,22569,22498,22569,71
climbing,22630,22569,22630,61
left_turning,22653,22630,22653,23
running,22654,22653,22654,1
sniffing,22741,22654,22741,87
climbing,22805,22741,22805,64
rising,22854,22805,22854,49
climbing,22870,22854,22870,16
sniffing,22871,22870,22871,1
trotting,22891,22871,22891,20
walking,22917,22891,22917,26
sniffing,22918,22917,22918,1
walking,22968,22918,22968,50
hunching,22994,22968,22994,26
grooming,22995,22994,22995,1
pausing,23245,22995,23245,250
sniffing,23246,23245,23246,1
climbing,23327,23246,23327,81
rising,23383,23327,23383,56
rearing,23384,23383,23384,1
sniffing,23385,23384,23385,1
walking,23449,23385,23449,64
rising,23453,23449,23453,4
sniffing,23454,23453,23454,1
walking,23506,23454,23506,52
stepping,23557,23506,23557,51
sniffing,23561,23557,23561,4
rearing,23563,23561,23563,2
sniffing,23580,23563,23580,17
rising,23606,23580,23606,26
sniffing,23622,23606,23622,16
climbing,23709,23622,23709,87
rising,23786,23709,23786,77
sniffing,23811,23786,23811,25
walking,23917,23811,23917,106
left_turning,23918,23917,23918,1
walking,23976,23918,23976,58
rising,24005,23976,24005,29
walking,24079,24005,24079,74
right_turning,24095,24079,24095,16
sniffing,24096,24095,24096,1
rising,24133,24096,24133,37
climbing,24207,24133,24207,74
sniffing,24279,24207,24279,72
hunching,24300,24279,24300,21
right_turning,24329,24300,24329,29
stepping,24359,24329,24359,30
rising,24360,24359,24360,1
hunching,24423,24360,24423,63
sniffing,24472,24423,24472,49
walking,24542,24472,24542,70
sniffing,24575,24542,24575,33
rising,24628,24575,24628,53
sniffing,24629,24628,24629,1
stepping,24695,24629,24695,66
hunching,24696,24695,24696,1
walking,24822,24696,24822,126
rising,24856,24822,24856,34
walking,24879,24856,24879,23
right_turning,24886,24879,24886,7
sniffing,24921,24886,24921,35
walking,24988,24921,24988,67
right_turning,25020,24988,25020,32
sniffing,25180,25020,25180,160
walking,25196,25180,25196,16
right_turning,25228,25196,25228,32
trotting,25258,25228,25258,30
sniffing,25374,25258,25374,116
stepping,25443,25374,25443,69
trotting,25461,25443,25461,18
walking,25489,25461,25489,28
rising,25547,25489,25547,58
right_turning,25591,25547,25591,44
running,25629,25591,25629,38
sniffing,25788,25629,25788,159
climbing,25800,25788,25800,12
walking,25845,25800,25845,45
sniffing,25873,25845,25873,28
rising,25874,25873,25874,1
stepping,25878,25874,25878,4
rising,25924,25878,25924,46
climbing,26010,25924,26010,86
sniffing,26011,26010,26011,1
walking,26054,26011,26054,43
left_turning,26063,26054,26063,9
sniffing,26112,26063,26112,49
rising,26155,26112,26155,43
climbing,26267,26155,26267,112
rising,26368,26267,26368,101
walking,26471,26368,26471,103
rising,26533,26471,26533,62
climbing,26624,26533,26624,91
sniffing,26639,26624,26639,15
walking,26684,26639,26684,45
right_turning,26721,26684,26721,37
rising,26766,26721,26766,45
climbing,26815,26766,26815,49
running,26865,26815,26865,50
trotting,26866,26865,26866,1
sniffing,26867,26866,26867,1
rising,26892,26867,26892,25
climbing,27022,26892,27022,130
sniffing,27101,27022,27101,79
running,27102,27101,27102,1
sniffing,27159,27102,27159,57
rising,27165,27159,27165,6
rearing,27215,27165,27215,50
running,27219,27215,27219,4
rising,27235,27219,27235,16
sniffing,27382,27235,27382,147
rearing,27445,27382,27445,63
sniffing,27513,27445,27513,68
walking,27600,27513,27600,87
running,27618,27600,27618,18
left_turning,27673,27618,27673,55
walking,27781,27673,27781,108
sniffing,27922,27781,27922,141
climbing,27932,27922,27932,10
right_turning,27933,27932,27933,1
climbing,27996,27933,27996,63
grooming,28375,27996,28375,379
sniffing,28414,28375,28414,39
climbing,28428,28414,28428,14
rising,28429,28428,28429,1
right_turning,28441,28429,28441,12
rising,28442,28441,28442,1
stepping,28482,28442,28482,40
climbing,28522,28482,28522,40
trotting,28532,28522,28532,10
rising,28581,28532,28581,49
climbing,28630,28581,28630,49
right_turning,28686,28630,28686,56
walking,28697,28686,28697,11
sniffing,28845,28697,28845,148
trotting,28899,28845,28899,54
running,28940,28899,28940,41
sniffing,29030,28940,29030,90
walking,29054,29030,29054,24
sniffing,29055,29054,29055,1
left_turning,29120,29055,29120,65
sniffing,29149,29120,29149,29
rising,29162,29149,29162,13
sniffing,29195,29162,29195,33
rising,29196,29195,29196,1
sniffing,29197,29196,29197,1
rearing,29222,29197,29222,25
rising,29253,29222,29253,31
rearing,29262,29253,29262,9
grooming,29278,29262,29278,16
left_turning,29321,29278,29321,43
sniffing,29322,29321,29322,1
rearing,29336,29322,29336,14
climbing,29349,29336,29349,13
sniffing,29350,29349,29350,1
left_turning,29428,29350,29428,78
rising,29486,29428,29486,58
sniffing,29620,29486,29620,134
pausing,29779,29620,29779,159
sniffing,29780,29779,29780,1
walking,29784,29780,29784,4
sniffing,29814,29784,29814,30
rising,29937,29814,29937,123
climbing,29991,29937,29991,54
right_turning,30020,29991,30020,29
walking,30049,30020,30049,29
climbing,30123,30049,30123,74
walking,30124,30123,30124,1
trotting,30157,30124,30157,33
stepping,30202,30157,30202,45
walking,30271,30202,30271,69
left_turning,30329,30271,30329,58
trotting,30357,30329,30357,28
sniffing,30438,30357,30438,81
climbing,30529,30438,30529,91
rising,30530,30529,30530,1
walking,30531,30530,30531,1
sniffing,30610,30531,30610,79
stepping,30665,30610,30665,55
sniffing,30739,30665,30739,74
rising,30795,30739,30795,56
right_turning,30815,30795,30815,20
rising,30875,30815,30875,60
sniffing,30948,30875,30948,73
running,30957,30948,30957,9
stepping,31002,30957,31002,45
sniffing,31003,31002,31003,1
walking,31011,31003,31011,8
sniffing,31031,31011,31031,20
rising,31066,31031,31066,35
climbing,31151,31066,31151,85
right_turning,31161,31151,31161,10
trotting,31189,31161,31189,28
hunching,31238,31189,31238,49
climbing,31289,31238,31289,51
running,31294,31289,31294,5
sniffing,31379,31294,31379,85
walking,31426,31379,31426,47
left_turning,31470,31426,31470,44
running,31489,31470,31489,19
rising,31534,31489,31534,45
left_turning,31572,31534,31572,38
running,31587,31572,31587,15
sniffing,31698,31587,31698,111
stepping,31737,31698,31737,39
walking,31752,31737,31752,15
climbing,31978,31752,31978,226
left_turning,32066,31978,32066,88
running,32086,32066,32086,20
sniffing,32125,32086,32125,39
walking,32154,32125,32154,29
sniffing,32156,32154,32156,2
rising,32232,32156,32232,76
sniffing,32314,32232,32314,82
rising,32380,32314,32380,66
climbing,32399,32380,32399,19
rising,32424,32399,32424,25
right_turning,32431,32424,32431,7
sniffing,32433,32431,32433,2
climbing,32549,32433,32549,116
rising,32646,32549,32646,97
climbing,32764,32646,32764,118
right_turning,32779,32764,32779,15
walking,32796,32779,32796,17
sniffing,32846,32796,32846,50
left_turning,32847,32846,32847,1
trotting,32855,32847,32855,8
sniffing,32951,32855,32951,96
walking,32981,32951,32981,30
running,33031,32981,33031,50
rising,33087,33031,33087,56
climbing,33157,33087,33157,70
running,33202,33157,33202,45
walking,33223,33202,33223,21
sniffing,33299,33223,33299,76
climbing,33350,33299,33350,51
walking,33351,33350,33351,1
stepping,33391,33351,33391,40
walking,33510,33391,33510,119
right_turning,33562,33510,33562,52
climbing,33678,33562,33678,116
right_turning,33708,33678,33708,30
rising,33733,33708,33733,25
rearing,33926,33733,33926,193
sniffing,34004,33926,34004,78
rising,34054,34004,34054,50
trotting,34075,34054,34075,21
sniffing,34129,34075,34129,54
left_turning,34176,34129,34176,47
walking,34240,34176,34240,64
climbing,34341,34240,34341,101
rising,34342,34341,34342,1
climbing,34400,34342,34400,58
sniffing,34419,34400,34419,19
rising,34431,34419,34431,12
climbing,34530,34431,34530,99
rearing,34592,34530,34592,62
walking,34643,34592,34643,51
sniffing,34702,34643,34702,59
right_turning,34714,34702,34714,12
rising,34751,34714,34751,37
climbing,34810,34751,34810,59
sniffing,34857,34810,34857,47
climbing,34916,34857,34916,59
rearing,34928,34916,34928,12
rising,34959,34928,34959,31
walking,35030,34959,35030,71
trotting,35052,35030,35052,22
jumping,35229,35052,35229,177
rearing,35230,35229,35230,1
rising,35309,35230,35309,79
sniffing,35336,35309,35336,27
rising,35362,35336,35362,26
climbing,35395,35362,35395,33
walking,35469,35395,35469,74
stepping,35523,35469,35523,54
climbing,35566,35523,35566,43
rearing,35670,35566,35670,104
walking,35671,35670,35671,1
left_turning,35711,35671,35711,40
walking,35737,35711,35737,26
sniffing,35846,35737,35846,109
stepping,35895,35846,35895,49
left_turning,35949,35895,35949,54
trotting,35960,35949,35960,11
left_turning,36025,35960,36025,65
trotting,36030,36025,36030,5
walking,36075,36030,36075,45
sniffing,36076,36075,36076,1
hunching,36092,36076,36092,16
climbing,36172,36092,36172,80
left_turning,36203,36172,36203,31
climbing,36272,36203,36272,69
sniffing,36306,36272,36306,34
left_turning,36341,36306,36341,35
walking,36378,36341,36378,37
rising,36405,36378,36405,27
sniffing,36511,36405,36511,106
rising,36532,36511,36532,21
rearing,36533,36532,36533,1
sniffing,36578,36533,36578,45
rearing,36605,36578,36605,27
walking,36615,36605,36615,10
left_turning,36683,36615,36683,68
trotting,36684,36683,36684,1
climbing,36756,36684,36756,72
hunching,36766,36756,36766,10
grooming,36900,36766,36900,134
right_turning,36910,36900,36910,10
sniffing,36973,36910,36973,63
walking,37009,36973,37009,36
stepping,37028,37009,37028,19
sniffing,37029,37028,37029,1
walking,37079,37029,37079,50
rising,37109,37079,37109,30
rearing,37133,37109,37133,24
walking,37178,37133,37178,45
sniffing,37206,37178,37206,28
climbing,37277,37206,37277,71
rising,37303,37277,37303,26
climbing,37304,37303,37304,1
rising,37305,37304,37305,1
sniffing,37315,37305,37315,10
rising,37429,37315,37429,114
sniffing,37539,37429,37539,110
rearing,37549,37539,37549,10
hunching,37613,37549,37613,64
sniffing,37707,37613,37707,94
right_turning,37709,37707,37709,2
left_turning,37769,37709,37769,60
rearing,37895,37769,37895,126
sniffing,37973,37895,37973,78
rising,37992,37973,37992,19
sniffing,38085,37992,38085,93
hunching,38144,38085,38144,59
grooming,38306,38144,38306,162
right_turning,38307,38306,38307,1
sniffing,38311,38307,38311,4
rising,38351,38311,38351,40
trotting,38379,38351,38379,28
walking,38471,38379,38471,92
climbing,38505,38471,38505,34
sniffing,38640,38505,38640,135
climbing,38700,38640,38700,60
trotting,38701,38700,38701,1
walking,38705,38701,38705,4
trotting,38709,38705,38709,4
rising,38710,38709,38710,1
sniffing,38819,38710,38819,109
climbing,38898,38819,38898,79
walking,38979,38898,38979,81
sniffing,39018,38979,39018,39
rising,39071,39018,39071,53
sniffing,39108,39071,39108,37
right_turning,39140,39108,39140,32
walking,39157,39140,39157,17
trotting,39158,39157,39158,1
sniffing,39195,39158,39195,37
rearing,39196,39195,39196,1
jumping,39197,39196,39197,1
running,39216,39197,39216,19
rising,39262,39216,39262,46
climbing,39323,39262,39323,61
rising,39395,39323,39395,72
sniffing,39396,39395,39396,1
rising,39428,39396,39428,32
sniffing,39429,39428,39429,1
rising,39452,39429,39452,23
climbing,39493,39452,39493,41
walking,39631,39493,39631,138
sniffing,39633,39631,39633,2
rising,39701,39633,39701,68
sniffing,39762,39701,39762,61
climbing,39884,39762,39884,122
right_turning,39924,39884,39924,40
walking,39941,39924,39941,17
trotting,39942,39941,39942,1
sniffing,39943,39942,39943,1
rising,39948,39943,39948,5
right_turning,39993,39948,39993,45
sniffing,40051,39993,40051,58
left_turning,40052,40051,40052,1
sniffing,40065,40052,40065,13
rearing,40120,40065,40120,55
sniffing,40140,40120,40140,20
rising,40141,40140,40141,1
right_turning,40177,40141,40177,36
walking,40202,40177,40202,25
stepping,40252,40202,40252,50
walking,40273,40252,40273,21
sniffing,40274,40273,40274,1
hunching,40354,40274,40354,80
walking,40370,40354,40370,16
rising,40371,40370,40371,1
sniffing,40405,40371,40405,34
left_turning,40479,40405,40479,74
sniffing,40573,40479,40573,94
rising,40631,40573,40631,58
sniffing,40632,40631,40632,1
rising,40633,40632,40633,1
climbing,40643,40633,40643,10
walking,40779,40643,40779,136
rising,40836,40779,40836,57
right_turning,40841,40836,40841,5
stepping,40875,40841,40875,34
trotting,40906,40875,40906,31
left_turning,40930,40906,40930,24
walking,40990,40930,40990,60
stepping,41043,40990,41043,53
rising,41051,41043,41051,8
sniffing,41103,41051,41103,52
hunching,41104,41103,41104,1
sniffing,41335,41104,41335,231
climbing,41441,41335,41441,106
left_turning,41448,41441,41448,7
sniffing,41558,41448,41558,110
walking,41644,41558,41644,86
sniffing,41848,41644,41848,204
walking,41854,41848,41854,6
climbing,41868,41854,41868,14
grooming,41941,41868,41941,73
sniffing,42059,41941,42059,118
hunching,42219,42059,42219,160
climbing,42294,42219,42294,75
sniffing,42312,42294,42312,18
stepping,42354,42312,42354,42
climbing,42355,42354,42355,1
rearing,42385,42355,42385,30
sniffing,42532,42385,42532,147
left_turning,42570,42532,42570,38
sniffing,42647,42570,42647,77
right_turning,42667,42647,42667,20
grooming,42838,42667,42838,171
sniffing,43095,42838,43095,257
rising,43166,43095,43166,71
sniffing,43219,43166,43219,53
rising,43320,43219,43320,101
sniffing,43321,43320,43321,1
rearing,43431,43321,43431,110
climbing,43449,43431,43449,18
sniffing,43525,43449,43525,76
walking,43533,43525,43533,8
climbing,43559,43533,43559,26
rising,43560,43559,43560,1
rearing,43651,43560,43651,91
left_turning,43699,43651,43699,48
walking,43735,43699,43735,36
sniffing,43783,43735,43783,48
walking,43859,43783,43859,76
stepping,43908,43859,43908,49
rearing,43909,43908,43909,1
hunching,43910,43909,43910,1
sniffing,44064,43910,44064,154
walking,44093,44064,44093,29
sniffing,44103,44093,44103,10
left_turning,44130,44103,44130,27
walking,44213,44130,44213,83
left_turning,44241,44213,44241,28
walking,44297,44241,44297,56
stepping,44313,44297,44313,16
sniffing,44406,44313,44406,93
grooming,44447,44406,44447,41
sniffing,44585,44447,44585,138
climbing,44605,44585,44605,20
walking,44606,44605,44606,1
rising,44686,44606,44686,80
sniffing,44718,44686,44718,32
left_turning,44793,44718,44793,75
sniffing,44880,44793,44880,87
rising,44886,44880,44886,6
sniffing,44892,44886,44892,6
rising,44902,44892,44902,10
rearing,44903,44902,44903,1
sniffing,44994,44903,44994,91
walking,45014,44994,45014,20
sniffing,45015,45014,45015,1
rising,45060,45015,45060,45
sniffing,45061,45060,45061,1
climbing,45067,45061,45067,6
walking,45147,45067,45147,80
sniffing,45182,45147,45182,35
rising,45183,45182,45183,1
rearing,45184,45183,45184,1
sniffing,45327,45184,45327,143
walking,45403,45327,45403,76
sniffing,45420,45403,45420,17
rearing,45421,45420,45421,1
grooming,45422,45421,45422,1
left_turning,45441,45422,45441,19
sniffing,45442,45441,45442,1
left_turning,45464,45442,45464,22
sniffing,45530,45464,45530,66
walking,45572,45530,45572,42
sniffing,45624,45572,45624,52
right_turning,45659,45624,45659,35
sniffing,45782,45659,45782,123
rising,45801,45782,45801,19
walking,45802,45801,45802,1
sniffing,45989,45802,45989,187
walking,46013,45989,46013,24
sniffing,46066,46013,46066,53
rising,46137,46066,46137,71
sniffing,46141,46137,46141,4
left_turning,46180,46141,46180,39
sniffing,46181,46180,46181,1
rising,46233,46181,46233,52
sniffing,46280,46233,46280,47
left_turning,46307,46280,46307,27
sniffing,46359,46307,46359,52
rising,46402,46359,46402,43
sniffing,46403,46402,46403,1
rising,46456,46403,46456,53
walking,46457,46456,46457,1
sniffing,46521,46457,46521,64
pausing,46655,46521,46655,134
sniffing,46656,46655,46656,1
climbing,46780,46656,46780,124
rearing,46817,46780,46817,37
climbing,46847,46817,46847,30
walking,46898,46847,46898,51
rearing,46977,46898,46977,79
running,46998,46977,46998,21
rising,47073,46998,47073,75
climbing,47221,47073,47221,148
right_turning,47265,47221,47265,44
running,47286,47265,47286,21
sniffing,47413,47286,47413,127
climbing,47419,47413,47419,6
rearing,47494,47419,47494,75
climbing,47544,47494,47544,50
rearing,47593,47544,47593,49
sniffing,47686,47593,47686,93
walking,47775,47686,47775,89
left_turning,47776,47775,47776,1
sniffing,47829,47776,47829,53
rising,47830,47829,47830,1
climbing,47831,47830,47831,1
sniffing,47847,47831,47847,16
climbing,47865,47847,47865,18
rising,47908,47865,47908,43
sniffing,47959,47908,47959,51
climbing,47960,47959,47960,1
rearing,48074,47960,48074,114
rising,48089,48074,48089,15
sniffing,48279,48089,48279,190
running,48287,48279,48287,8
walking,48385,48287,48385,98
sniffing,48406,48385,48406,21
walking,48433,48406,48433,27
running,48444,48433,48444,11
rising,48571,48444,48571,127
sniffing,48572,48571,48572,1
hunching,48589,48572,48589,17
climbing,48661,48589,48661,72
left_turning,48672,48661,48672,11
trotting,48705,48672,48705,33
rising,48734,48705,48734,29
climbing,48735,48734,48735,1
sniffing,48805,48735,48805,70
trotting,48827,48805,48827,22
rising,48885,48827,48885,58
grooming,48941,48885,48941,56
climbing,48991,48941,48991,50
trotting,49014,48991,49014,23
rising,49015,49014,49015,1
sniffing,49094,49015,49094,79
climbing,49203,49094,49203,109
right_turning,49204,49203,49204,1
stepping,49255,49204,49255,51
sniffing,49453,49255,49453,198
right_turning,49507,49453,49507,54
trotting,49566,49507,49566,59
sniffing,49567,49566,49567,1
left_turning,49625,49567,49625,58
rising,49634,49625,49634,9
rearing,49662,49634,49662,28
climbing,49708,49662,49708,46
walking,49778,49708,49778,70
sniffing,49942,49778,49942,164
left_turning,49963,49942,49963,21
sniffing,50068,49963,50068,105
rearing,50080,50068,50080,12
grooming,50081,50080,50081,1
sniffing,50206,50081,50206,125
left_turning,50207,50206,50207,1
walking,50284,50207,50284,77
left_turning,50316,50284,50316,32
walking,50317,50316,50317,1
sniffing,50364,50317,50364,47
stepping,50411,50364,50411,47
trotting,50429,50411,50429,18
climbing,50441,50429,50441,12
walking,50474,50441,50474,33
left_turning,50562,50474,50562,88
walking,50590,50562,50590,28
rising,50591,50590,50591,1
climbing,50617,50591,50617,26
hunching,50661,50617,50661,44
right_turning,50735,50661,50735,74
walking,50741,50735,50741,6
hunching,50824,50741,50824,83
climbing,50874,50824,50874,50
walking,50875,50874,50875,1
sniffing,50929,50875,50929,54
climbing,50951,50929,50951,22
rising,50952,50951,50952,1
left_turning,50981,50952,50981,29
walking,51013,50981,51013,32
climbing,51042,51013,51042,29
rising,51043,51042,51043,1
sniffing,51067,51043,51067,24
grooming,51227,51067,51227,160
rearing,51310,51227,51310,83
climbing,51317,51310,51317,7
rearing,51358,51317,51358,41
sniffing,51373,51358,51373,15
walking,51384,51373,51384,11
left_turning,51405,51384,51405,21
walking,51438,51405,51438,33
climbing,51509,51438,51509,71
trotting,51516,51509,51516,7
sniffing,51594,51516,51594,78
climbing,51723,51594,51723,129
rearing,51724,51723,51724,1
sniffing,51770,51724,51770,46
left_turning,51799,51770,51799,29
sniffing,52003,51799,52003,204
rising,52004,52003,52004,1
sniffing,52069,52004,52069,65
left_turning,52092,52069,52092,23
sniffing,52100,52092,52100,8
running,52123,52100,52123,23
left_turning,52155,52123,52155,32
rising,52157,52155,52157,2
rearing,52164,52157,52164,7
sniffing,52165,52164,52165,1
rising,52221,52165,52221,56
climbing,52280,52221,52280,59
sniffing,52385,52280,52385,105
rising,52448,52385,52448,63
climbing,52605,52448,52605,157
grooming,52606,52605,52606,1
sniffing,52622,52606,52622,16
climbing,52686,52622,52686,64
rising,52693,52686,52693,7
sniffing,52694,52693,52694,1
walking,52695,52694,52695,1
sniffing,52742,52695,52742,47
walking,52804,52742,52804,62
trotting,52848,52804,52848,44
sniffing,53063,52848,53063,215
left_turning,53146,53063,53146,83
stepping,53171,53146,53171,25
rearing,53253,53171,53253,82
climbing,53388,53253,53388,135
walking,53430,53388,53430,42
left_turning,53532,53430,53532,102
sniffing,53608,53532,53608,76
pausing,53686,53608,53686,78
hunching,53693,53686,53693,7
climbing,53733,53693,53733,40
sniffing,53767,53733,53767,34
trotting,53809,53767,53809,42
rising,53835,53809,53835,26
left_turning,53919,53835,53919,84
sniffing,53931,53919,53931,12
trotting,53932,53931,53932,1
sniffing,54015,53932,54015,83
climbing,54065,54015,54065,50
walking,54121,54065,54121,56
sniffing,54265,54121,54265,144
left_turning,54287,54265,54287,22
walking,54372,54287,54372,85
left_turning,54373,54372,54373,1
walking,54431,54373,54431,58
sniffing,54488,54431,54488,57
climbing,54588,54488,54588,100
right_turning,54589,54588,54589,1
rising,54590,54589,54590,1
sniffing,54750,54590,54750,160
left_turning,54767,54750,54767,17
sniffing,54802,54767,54802,35
climbing,54803,54802,54803,1
trotting,54814,54803,54814,11
sniffing,54815,54814,54815,1
right_turning,54825,54815,54825,10
trotting,54853,54825,54853,28
climbing,54882,54853,54882,29
grooming,54883,54882,54883,1
rearing,54950,54883,54950,67
grooming,54998,54950,54998,48
trotting,55009,54998,55009,11
sniffing,55037,55009,55037,28
stepping,55094,55037,55094,57
rising,55106,55094,55106,12
climbing,55149,55106,55149,43
rising,55202,55149,55202,53
climbing,55254,55202,55254,52
rearing,55259,55254,55259,5
climbing,55269,55259,55269,10
rearing,55312,55269,55312,43
rising,55313,55312,55313,1
rearing,55451,55313,55451,138
rising,55458,55451,55458,7
climbing,55598,55458,55598,140
rearing,55660,55598,55660,62
rising,55802,55660,55802,142
running,55805,55802,55805,3
sniffing,55899,55805,55899,94
pausing,56001,55899,56001,102
sniffing,56228,56001,56228,227
pausing,56423,56228,56423,195
grooming,56424,56423,56424,1
rearing,56507,56424,56507,83
rising,56508,56507,56508,1
climbing,56576,56508,56576,68
trotting,56611,56576,56611,35
sniffing,56798,56611,56798,187
rearing,56799,56798,56799,1
hunching,56878,56799,56878,79
sniffing,56968,56878,56968,90
left_turning,56969,56968,56969,1
rearing,57050,56969,57050,81
rising,57060,57050,57060,10
climbing,57080,57060,57080,20
sniffing,57081,57080,57081,1
walking,57082,57081,57082,1
sniffing,57144,57082,57144,62
trotting,57155,57144,57155,11
rising,57196,57155,57196,41
left_turning,57205,57196,57205,9
trotting,57225,57205,57225,20
walking,57272,57225,57272,47
rising,57273,57272,57273,1
rearing,57324,57273,57324,51
grooming,57383,57324,57383,59
hunching,57439,57383,57439,56
sniffing,57690,57439,57690,251
climbing,57790,57690,57790,100
sniffing,57949,57790,57949,159
stepping,58017,57949,58017,68
rearing,58169,58017,58169,152
sniffing,58196,58169,58196,27
rearing,58308,58196,58308,112
rising,58317,58308,58317,9
sniffing,58348,58317,58348,31
rising,58415,58348,58415,67
climbing,58416,58415,58416,1
sniffing,58421,58416,58421,5
left_turning,58422,58421,58422,1
walking,58493,58422,58493,71
left_turning,58512,58493,58512,19
walking,58552,58512,58552,40
climbing,58610,58552,58610,58
sniffing,58671,58610,58671,61
walking,58703,58671,58703,32
climbing,58719,58703,58719,16
rising,58856,58719,58856,137
walking,58906,58856,58906,50
sniffing,59018,58906,59018,112
rising,59090,59018,59090,72
rearing,59096,59090,59096,6
grooming,59281,59096,59281,185
rearing,59386,59281,59386,105
climbing,59429,59386,59429,43
walking,59471,59429,59471,42
climbing,59583,59471,59583,112
walking,59595,59583,59595,12
climbing,59596,59595,59596,1
sniffing,59670,59596,59670,74
rearing,59775,59670,59775,105
rising,59882,59775,59882,107
sniffing,59895,59882,59895,13
running,59921,59895,59921,26
left_turning,59939,59921,59939,18
running,59990,59939,59990,51
walking,60063,59990,60063,73
left_turning,60101,60063,60101,38
stepping,60128,60101,60128,27
left_turning,60151,60128,60151,23
walking,60193,60151,60193,42
rising,60204,60193,60204,11
trotting,60226,60204,60226,22
sniffing,60366,60226,60366,140
left_turning,60421,60366,60421,55
walking,60463,60421,60463,42
left_turning,60536,60463,60536,73
trotting,60589,60536,60589,53
rising,60614,60589,60614,25
climbing,60702,60614,60702,88
sniffing,60703,60702,60703,1
rising,60704,60703,60704,1
climbing,60738,60704,60738,34
hunching,60793,60738,60793,55
grooming,60794,60793,60794,1
rearing,60795,60794,60795,1
grooming,60964,60795,60964,169
sniffing,61048,60964,61048,84
rising,61057,61048,61057,9
left_turning,61069,61057,61069,12
walking,61228,61069,61228,159
sniffing,61590,61228,61590,362
climbing,61626,61590,61626,36
rearing,61668,61626,61668,42
rising,61696,61668,61696,28
sniffing,61705,61696,61705,9
rising,61706,61705,61706,1
sniffing,61707,61706,61707,1
rearing,61744,61707,61744,37
sniffing,61795,61744,61795,51
rising,61808,61795,61808,13
stepping,61837,61808,61837,29
rising,61838,61837,61838,1
right_turning,61842,61838,61842,4
rising,61883,61842,61883,41
sniffing,61984,61883,61984,101
right_turning,62037,61984,62037,53
walking,62087,62037,62087,50
sniffing,62088,62087,62088,1
climbing,62106,62088,62106,18
grooming,62116,62106,62116,10
sniffing,62133,62116,62133,17
rising,62167,62133,62167,34
climbing,62168,62167,62168,1
walking,62196,62168,62196,28
stepping,62258,62196,62258,62
sniffing,62259,62258,62259,1
left_turning,62309,62259,62309,50
sniffing,62310,62309,62310,1
climbing,62365,62310,62365,55
sniffing,62432,62365,62432,67
left_turning,62477,62432,62477,45
sniffing,62503,62477,62503,26
walking,62562,62503,62562,59
sniffing,62644,62562,62644,82
grooming,62645,62644,62645,1
sniffing,62646,62645,62646,1
trotting,62675,62646,62675,29
sniffing,62676,62675,62676,1
stepping,62682,62676,62682,6
hunching,62751,62682,62751,69
sniffing,62752,62751,62752,1
walking,62762,62752,62762,10
rising,62763,62762,62763,1
left_turning,62880,62763,62880,117
trotting,62921,62880,62921,41
walking,62922,62921,62922,1
rising,62932,62922,62932,10
climbing,62966,62932,62966,34
left_turning,63015,62966,63015,49
stepping,63036,63015,63036,21
sniffing,63113,63036,63113,77
stepping,63157,63113,63157,44
walking,63197,63157,63197,40
sniffing,63240,63197,63240,43
hunching,63264,63240,63264,24
sniffing,63364,63264,63364,100
pausing,63396,63364,63396,32
sniffing,63591,63396,63591,195
rearing,63622,63591,63622,31
left_turning,63679,63622,63679,57
running,63698,63679,63698,19
walking,63710,63698,63710,12
stepping,63750,63710,63750,40
climbing,63751,63750,63751,1
rising,63795,63751,63795,44
sniffing,63982,63795,63982,187
rearing,64039,63982,64039,57
climbing,64055,64039,64055,16
right_turning,64096,64055,64096,41
climbing,64272,64096,64272,176
right_turning,64284,64272,64284,12
sniffing,64314,64284,64314,30
climbing,64349,64314,64349,35
walking,64350,64349,64350,1
sniffing,64443,64350,64443,93
stepping,64486,64443,64486,43
climbing,64561,64486,64561,75
sniffing,64642,64561,64642,81
hunching,64669,64642,64669,27
stepping,64721,64669,64721,52
walking,64755,64721,64755,34
rearing,64759,64755,64759,4
climbing,64815,64759,64815,56
rising,64848,64815,64848,33
sniffing,65019,64848,65019,171
right_turning,65054,65019,65054,35
walking,65070,65054,65070,16
right_turning,65085,65070,65085,15
climbing,65127,65085,65127,42
right_turning,65138,65127,65138,11
rearing,65212,65138,65212,74
running,65223,65212,65223,11
stepping,65266,65223,65266,43
sniffing,65360,65266,65360,94
rising,65458,65360,65458,98
sniffing,65588,65458,65588,130
rising,65626,65588,65626,38
sniffing,65689,65626,65689,63
rearing,65813,65689,65813,124
grooming,65814,65813,65814,1
hunching,65837,65814,65837,23
sniffing,65874,65837,65874,37
grooming,65994,65874,65994,120
running,66030,65994,66030,36
sniffing,66031,66030,66031,1
walking,66068,66031,66068,37
sniffing,66087,66068,66087,19
rising,66121,66087,66121,34
climbing,66146,66121,66146,25
sniffing,66157,66146,66157,11
rising,66225,66157,66225,68
sniffing,66496,66225,66496,271
rearing,66497,66496,66497,1
rising,66555,66497,66555,58
climbing,66702,66555,66702,147
grooming,66703,66702,66703,1
climbing,66704,66703,66704,1
walking,66740,66704,66740,36
rising,66749,66740,66749,9
sniffing,66750,66749,66750,1
walking,66774,66750,66774,24
climbing,66864,66774,66864,90
left_turning,66903,66864,66903,39
running,66934,66903,66934,31
walking,66988,66934,66988,54
rising,67025,66988,67025,37
climbing,67123,67025,67123,98
right_turning,67150,67123,67150,27
climbing,67169,67150,67169,19
sniffing,67283,67169,67283,114
left_turning,67301,67283,67301,18
trotting,67339,67301,67339,38
walking,67363,67339,67363,24
climbing,67368,67363,67368,5
right_turning,67438,67368,67438,70
walking,67478,67438,67478,40
sniffing,67537,67478,67537,59
pausing,67786,67537,67786,249
sniffing,67879,67786,67879,93
climbing,67910,67879,67910,31
walking,67976,67910,67976,66
running,68004,67976,68004,28
sniffing,68124,68004,68124,120
right_turning,68125,68124,68125,1
sniffing,68326,68125,68326,201
right_turning,68395,68326,68395,69
stepping,68396,68395,68396,1
sniffing,68397,68396,68397,1
rising,68469,68397,68469,72
sniffing,68626,68469,68626,157
rising,68627,68626,68627,1
right_turning,68643,68627,68643,16
trotting,68740,68643,68740,97
running,68760,68740,68760,20
sniffing,68761,68760,68761,1
left_turning,68787,68761,68787,26
sniffing,68886,68787,68886,99
rising,68887,68886,68887,1
climbing,68911,68887,68911,24
right_turning,68970,68911,68970,59
stepping,68986,68970,68986,16
left_turning,69034,68986,69034,48
walking,69097,69034,69097,63
rising,69141,69097,69141,44
sniffing,69223,69141,69223,82
climbing,69260,69223,69260,37
grooming,69261,69260,69261,1
rising,69282,69261,69282,21
sniffing,69284,69282,69284,2
grooming,69812,69284,69812,528
right_turning,69838,69812,69838,26
stepping,69849,69838,69849,11
sniffing,69931,69849,69931,82
rising,69993,69931,69993,62
climbing,70118,69993,70118,125
rising,70119,70118,70119,1
hunching,70120,70119,70120,1
sniffing,70131,70120,70131,11
left_turning,70184,70131,70184,53
sniffing,70185,70184,70185,1
grooming,70384,70185,70384,199
hunching,70385,70384,70385,1
rising,70386,70385,70386,1
sniffing,70387,70386,70387,1
rising,70409,70387,70409,22
rearing,70443,70409,70443,34
sniffing,70558,70443,70558,115
walking,70611,70558,70611,53
sniffing,70612,70611,70612,1
rearing,70617,70612,70617,5
hunching,70639,70617,70639,22
sniffing,70663,70639,70663,24
pausing,71153,70663,71153,490
sniffing,71171,71153,71171,18
left_turning,71191,71171,71191,20
sniffing,71260,71191,71260,69
stepping,71292,71260,71292,32
rising,71293,71292,71293,1
sniffing,71417,71293,71417,124
grooming,71476,71417,71476,59
climbing,71693,71476,71693,217
sniffing,71779,71693,71779,86
rearing,71815,71779,71815,36
climbing,71890,71815,71890,75
walking,71891,71890,71891,1
sniffing,71935,71891,71935,44
grooming,71936,71935,71936,1
sniffing,71958,71936,71958,22
walking,72015,71958,72015,57
left_turning,72016,72015,72016,1
sniffing,72209,72016,72209,193
rising,72235,72209,72235,26
walking,72243,72235,72243,8
sniffing,72383,72243,72383,140
climbing,72459,72383,72459,76
sniffing,72464,72459,72464,5
stepping,72510,72464,72510,46
sniffing,72771,72510,72771,261
rising,72796,72771,72796,25
sniffing,72797,72796,72797,1
rising,72798,72797,72798,1
sniffing,72799,72798,72799,1
walking,72911,72799,72911,112
right_turning,72931,72911,72931,20
walking,72967,72931,72967,36
sniffing,73073,72967,73073,106
rearing,73103,73073,73103,30
sniffing,73129,73103,73129,26
stepping,73136,73129,73136,7
sniffing,73265,73136,73265,129
stepping,73285,73265,73285,20
sniffing,73405,73285,73405,120
stepping,73443,73405,73443,38
rising,73482,73443,73482,39
climbing,73504,73482,73504,22
rising,73505,73504,73505,1
climbing,73506,73505,73506,1
rising,73594,73506,73594,88
rearing,73595,73594,73595,1
rising,73650,73595,73650,55
climbing,73736,73650,73736,86
rising,73737,73736,73737,1
right_turning,73806,73737,73806,69
stepping,73815,73806,73815,9
left_turning,73816,73815,73816,1
running,73896,73816,73896,80
sniffing,74026,73896,74026,130
walking,74078,74026,74078,52
stepping,74142,74078,74142,64
sniffing,74143,74142,74143,1
pausing,74204,74143,74204,61
sniffing,74273,74204,74273,69
left_turning,74276,74273,74276,3
sniffing,74325,74276,74325,49
rising,74365,74325,74365,40
rearing,74394,74365,74394,29
grooming,74395,74394,74395,1
sniffing,74581,74395,74581,186
climbing,74656,74581,74656,75
trotting,74703,74656,74703,47
sniffing,74764,74703,74764,61
grooming,74942,74764,74942,178
left_turning,74980,74942,74980,38
sniffing,75059,74980,75059,79
hunching,75060,75059,75060,1
rearing,75080,75060,75080,20
grooming,75171,75080,75171,91
hunching,75216,75171,75216,45
walking,75217,75216,75217,1
sniffing,75281,75217,75281,64
rising,75309,75281,75309,28
rearing,75383,75309,75383,74
climbing,75418,75383,75418,35
walking,75464,75418,75464,46
sniffing,75479,75464,75479,15
left_turning,75482,75479,75482,3
sniffing,75616,75482,75616,134
rising,75661,75616,75661,45
walking,75722,75661,75722,61
climbing,75741,75722,75741,19
hunching,75742,75741,75742,1
right_turning,75743,75742,75743,1
walking,75786,75743,75786,43
climbing,75811,75786,75811,25
sniffing,75883,75811,75883,72
climbing,75979,75883,75979,96
sniffing,76189,75979,76189,210
climbing,76276,76189,76276,87
rising,76302,76276,76302,26
climbing,76352,76302,76352,50
rearing,76459,76352,76459,107
walking,76481,76459,76481,22
rearing,76551,76481,76551,70
sniffing,76636,76551,76636,85
rearing,76661,76636,76661,25
rising,76662,76661,76662,1
sniffing,76796,76662,76796,134
rising,76826,76796,76826,30
climbing,76849,76826,76849,23
rising,76850,76849,76850,1
rearing,76946,76850,76946,96
grooming,77189,76946,77189,243
sniffing,77190,77189,77190,1
walking,77236,77190,77236,46
sniffing,77296,77236,77296,60
stepping,77343,77296,77343,47
left_turning,77373,77343,77373,30
sniffing,77374,77373,77374,1
rising,77415,77374,77415,41
rearing,77490,77415,77490,75
grooming,77602,77490,77602,112
sniffing,77603,77602,77603,1
hunching,77604,77603,77604,1
right_turning,77648,77604,77648,44
walking,77696,77648,77696,48
trotting,77700,77696,77700,4
hunching,77701,77700,77701,1
walking,77702,77701,77702,1
sniffing,77784,77702,77784,82
grooming,77785,77784,77785,1
sniffing,77823,77785,77823,38
climbing,77855,77823,77855,32
right_turning,77888,77855,77888,33
sniffing,77940,77888,77940,52
rising,77970,77940,77970,30
walking,78036,77970,78036,66
sniffing,78063,78036,78063,27
rising,78080,78063,78080,17
sniffing,78112,78080,78112,32
grooming,78390,78112,78390,278
sniffing,78499,78390,78499,109
climbing,78529,78499,78529,30
sniffing,78636,78529,78636,107
stepping,78694,78636,78694,58
walking,78711,78694,78711,17
sniffing,78763,78711,78763,52
stepping,78764,78763,78764,1
left_turning,78812,78764,78812,48
running,78857,78812,78857,45
sniffing,78933,78857,78933,76
left_turning,78986,78933,78986,53
right_turning,79037,78986,79037,51
walking,79077,79037,79077,40
rearing,79130,79077,79130,53
stepping,79131,79130,79131,1
sniffing,79158,79131,79158,27
walking,79189,79158,79189,31
sniffing,79213,79189,79213,24
climbing,79278,79213,79278,65
right_turning,79289,79278,79289,11
walking,79327,79289,79327,38
sniffing,79334,79327,79334,7
walking,79335,79334,79335,1
sniffing,79336,79335,79336,1
trotting,79376,79336,79376,40
climbing,79454,79376,79454,78
left_turning,79549,79454,79549,95
stepping,79592,79549,79592,43
sniffing,79623,79592,79623,31
walking,79624,79623,79624,1
trotting,79634,79624,79634,10
walking,79703,79634,79703,69
rising,79704,79703,79704,1
sniffing,79774,79704,79774,70
climbing,79844,79774,79844,70
walking,79876,79844,79876,32
trotting,79897,79876,79897,21
sniffing,79938,79897,79938,41
right_turning,79956,79938,79956,18
left_turning,79966,79956,79966,10
trotting,79999,79966,79999,33
sniffing,80121,79999,80121,122
rising,80126,80121,80126,5
right_turning,80137,80126,80137,11
walking,80176,80137,80176,39
sniffing,80256,80176,80256,80
rising,80279,80256,80279,23
climbing,80487,80279,80487,208
sniffing,80493,80487,80493,6
right_turning,80508,80493,80508,15
sniffing,80643,80508,80643,135
left_turning,80690,80643,80690,47
right_turning,80696,80690,80696,6
running,80731,80696,80731,35
walking,80758,80731,80758,27
sniffing,80759,80758,80759,1
climbing,80811,80759,80811,52
rearing,80812,80811,80812,1
rising,80831,80812,80831,19
sniffing,80900,80831,80900,69
pausing,81089,80900,81089,189
sniffing,81090,81089,81090,1
stepping,81146,81090,81146,56
left_turning,81186,81146,81186,40
walking,81209,81186,81209,23
left_turning,81245,81209,81245,36
trotting,81288,81245,81288,43
rearing,81340,81288,81340,52
grooming,81490,81340,81490,150
hunching,81534,81490,81534,44
sniffing,81535,81534,81535,1
right_turning,81578,81535,81578,43
walking,81579,81578,81579,1
left_turning,81647,81579,81647,68
walking,81688,81647,81688,41
stepping,81733,81688,81733,45
running,81760,81733,81760,27
sniffing,81761,81760,81761,1
walking,81812,81761,81812,51
sniffing,81977,81812,81977,165
walking,82024,81977,82024,47
sniffing,82123,82024,82123,99
hunching,82149,82123,82149,26
sniffing,82308,82149,82308,159
trotting,82351,82308,82351,43
rearing,82432,82351,82432,81
rising,82433,82432,82433,1
climbing,82464,82433,82464,31
left_turning,82482,82464,82482,18
rising,82511,82482,82511,29
climbing,82559,82511,82559,48
rising,82623,82559,82623,64
climbing,82789,82623,82789,166
rearing,82821,82789,82821,32
rising,82852,82821,82852,31
sniffing,82906,82852,82906,54
walking,82907,82906,82907,1
rising,82972,82907,82972,65
climbing,83010,82972,83010,38
rearing,83138,83010,83138,128
grooming,83195,83138,83195,57
sniffing,83249,83195,83249,54
left_turning,83261,83249,83261,12
running,83285,83261,83285,24
walking,83332,83285,83332,47
sniffing,83494,83332,83494,162
rearing,83533,83494,83533,39
sniffing,83625,83533,83625,92
rising,83691,83625,83691,66
climbing,83779,83691,83779,88
rearing,83894,83779,83894,115
right_turning,83942,83894,83942,48
running,83985,83942,83985,43
left_turning,83986,83985,83986,1
trotting,83998,83986,83998,12
walking,83999,83998,83999,1
sniffing,84168,83999,84168,169
stepping,84259,84168,84259,91
rearing,84337,84259,84337,78
sniffing,84338,84337,84338,1
walking,84370,84338,84370,32
sniffing,84371,84370,84371,1
walking,84426,84371,84426,55
sniffing,84542,84426,84542,116
rising,84572,84542,84572,30
climbing,84700,84572,84700,128
hunching,84701,84700,84701,1
rising,84702,84701,84702,1
sniffing,84780,84702,84780,78
rising,84781,84780,84781,1
climbing,84883,84781,84883,102
sniffing,85072,84883,85072,189
walking,85085,85072,85085,13
sniffing,85086,85085,85086,1
rising,85143,85086,85143,57
sniffing,85144,85143,85144,1
walking,85186,85144,85186,42
stepping,85216,85186,85216,30
trotting,85241,85216,85241,25
sniffing,85376,85241,85376,135
trotting,85427,85376,85427,51
rearing,85465,85427,85465,38
hunching,85784,85465,85784,319
sniffing,85927,85784,85927,143
left_turning,85988,85927,85988,61
walking,86061,85988,86061,73
sniffing,86212,86061,86212,151
climbing,86301,86212,86301,89
rising,86302,86301,86302,1
rearing,86303,86302,86303,1
grooming,86304,86303,86304,1
sniffing,86305,86304,86305,1
rising,86315,86305,86315,10
climbing,86402,86315,86402,87
walking,86431,86402,86431,29
sniffing,86577,86431,86577,146
left_turning,86610,86577,86610,33
sniffing,86611,86610,86611,1
walking,86682,86611,86682,71
sniffing,86717,86682,86717,35
walking,86761,86717,86761,44
climbing,86774,86761,86774,13
grooming,86975,86774,86975,201
climbing,87083,86975,87083,108
hunching,87165,87083,87165,82
sniffing,87233,87165,87233,68
pausing,87234,87233,87234,1
sniffing,87235,87234,87235,1
walking,87261,87235,87261,26
sniffing,87445,87261,87445,184
rising,87446,87445,87446,1
climbing,87455,87446,87455,9
walking,87479,87455,87479,24
left_turning,87510,87479,87510,31
stepping,87530,87510,87530,20
sniffing,87591,87530,87591,61
climbing,87725,87591,87725,134
walking,87770,87725,87770,45
left_turning,87809,87770,87809,39
sniffing,88037,87809,88037,228
rising,88038,88037,88038,1
climbing,88100,88038,88100,62
grooming,88416,88100,88416,316
left_turning,88482,88416,88482,66
walking,88551,88482,88551,69
rising,88592,88551,88592,41
rearing,88630,88592,88630,38
climbing,88635,88630,88635,5
rising,88636,88635,88636,1
sniffing,88637,88636,88637,1
hunching,88670,88637,88670,33
sniffing,88743,88670,88743,73
left_turning,88750,88743,88750,7
stepping,88800,88750,88800,50
sniffing,88801,88800,88801,1
rising,88822,88801,88822,21
sniffing,88894,88822,88894,72
left_turning,88902,88894,88902,8
walking,88903,88902,88903,1
left_turning,88926,88903,88926,23
stepping,89012,88926,89012,86
sniffing,89030,89012,89030,18
walking,89075,89030,89075,45
rising,89108,89075,89108,33
hunching,89192,89108,89192,84
grooming,89193,89192,89193,1
rearing,89194,89193,89194,1
grooming,89316,89194,89316,122
climbing,89422,89316,89422,106
sniffing,89705,89422,89705,283
walking,89730,89705,89730,25
left_turning,89772,89730,89772,42
walking,89849,89772,89849,77
right_turning,89908,89849,89908,59
walking,89909,89908,89909,1
right_turning,89930,89909,89930,21
left_turning,89999,89930,89999,69
trotting,90035,89999,90035,36
rising,90124,90035,90124,89
climbing,90229,90124,90229,105
walking,90257,90229,90257,28
sniffing,90258,90257,90258,1
hunching,90352,90258,90352,94
sniffing,90368,90352,90368,16
trotting,90393,90368,90393,25
left_turning,90425,90393,90425,32
running,90487,90425,90487,62
rising,90544,90487,90544,57
sniffing,90545,90544,90545,1
rising,90553,90545,90553,8
right_turning,90554,90553,90554,1
trotting,90623,90554,90623,69
walking,90666,90623,90666,43
sniffing,90731,90666,90731,65
right_turning,90775,90731,90775,44
rising,90917,90775,90917,142
walking,90959,90917,90959,42
climbing,91034,90959,91034,75
left_turning,91104,91034,91104,70
sniffing,91214,91104,91214,110
climbing,91248,91214,91248,34
hunching,91249,91248,91249,1
sniffing,91296,91249,91296,47
left_turning,91327,91296,91327,31
trotting,91328,91327,91328,1
rising,91468,91328,91468,140
rearing,91526,91468,91526,58
left_turning,91545,91526,91545,19
sniffing,91611,91545,91611,66
rising,91711,91611,91711,100
sniffing,91712,91711,91712,1
rising,91713,91712,91713,1
right_turning,91716,91713,91716,3
sniffing,91797,91716,91797,81
trotting,91839,91797,91839,42
sniffing,91958,91839,91958,119
rising,91994,91958,91994,36
right_turning,92059,91994,92059,65
running,92077,92059,92077,18
rearing,92156,92077,92156,79
left_turning,92157,92156,92157,1
running,92179,92157,92179,22
trotting,92185,92179,92185,6
sniffing,92286,92185,92286,101
left_turning,92336,92286,92336,50
running,92353,92336,92353,17
walking,92449,92353,92449,96
rising,92471,92449,92471,22
grooming,92472,92471,92472,1
rearing,92473,92472,92473,1
stepping,92497,92473,92497,24
right_turning,92559,92497,92559,62
sniffing,92703,92559,92703,144
rising,92716,92703,92716,13
stepping,92771,92716,92771,55
left_turning,92869,92771,92869,98
stepping,92907,92869,92907,38
walking,92955,92907,92955,48
left_turning,92969,92955,92969,14
running,93004,92969,93004,35
trotting,93023,93004,93023,19
left_turning,93043,93023,93043,20
rising,93118,93043,93118,75
climbing,93137,93118,93137,19
grooming,93138,93137,93138,1
jumping,93139,93138,93139,1
walking,93193,93139,93193,54
left_turning,93226,93193,93226,33
sniffing,93309,93226,93309,83
walking,93343,93309,93343,34
sniffing,93380,93343,93380,37
walking,93401,93380,93401,21
sniffing,93422,93401,93422,21
pausing,93504,93422,93504,82
sniffing,93588,93504,93588,84
rising,93605,93588,93605,17
walking,93654,93605,93654,49
stepping,93671,93654,93671,17
walking,93672,93671,93672,1
sniffing,93673,93672,93673,1
grooming,93872,93673,93872,199
sniffing,94074,93872,94074,202
climbing,94080,94074,94080,6
rising,94107,94080,94107,27
climbing,94191,94107,94191,84
rising,94212,94191,94212,21
sniffing,94213,94212,94213,1
left_turning,94323,94213,94323,110
sniffing,94383,94323,94383,60
climbing,94497,94383,94497,114
rearing,94542,94497,94542,45
sniffing,94589,94542,94589,47
stepping,94625,94589,94625,36
sniffing,94670,94625,94670,45
right_turning,94721,94670,94721,51
sniffing,94744,94721,94744,23
grooming,95135,94744,95135,391
sniffing,95213,95135,95213,78
grooming,95259,95213,95259,46
sniffing,95269,95259,95269,10
trotting,95331,95269,95331,62
rising,95366,95331,95366,35
walking,95389,95366,95389,23
sniffing,95469,95389,95469,80
rising,95512,95469,95512,43
climbing,95635,95512,95635,123
rising,95748,95635,95748,113
climbing,95848,95748,95848,100
right_turning,95870,95848,95870,22
stepping,95884,95870,95884,14
rising,95905,95884,95905,21
climbing,95930,95905,95930,25
rising,96148,95930,96148,218
climbing,96204,96148,96204,56
grooming,96205,96204,96205,1
rising,96206,96205,96206,1
jumping,96285,96206,96285,79
rising,96287,96285,96287,2
left_turning,96314,96287,96314,27
pausing,96437,96314,96437,123
sniffing,96523,96437,96523,86
left_turning,96542,96523,96542,19
walking,96544,96542,96544,2
rising,96595,96544,96595,51
trotting,96625,96595,96625,30
stepping,96638,96625,96638,13
walking,96691,96638,96691,53
trotting,96692,96691,96692,1
sniffing,96753,96692,96753,61
left_turning,96762,96753,96762,9
walking,96768,96762,96768,6
sniffing,96909,96768,96909,141
rising,96944,96909,96944,35
sniffing,96997,96944,96997,53
rearing,97035,96997,97035,38
climbing,97165,97035,97165,130
left_turning,97167,97165,97167,2
stepping,97213,97167,97213,46
sniffing,97311,97213,97311,98
climbing,97457,97311,97457,146
running,97480,97457,97480,23
walking,97539,97480,97539,59
sniffing,97647,97539,97647,108
trotting,97648,97647,97648,1
walking,97683,97648,97683,35
rising,97740,97683,97740,57
sniffing,97909,97740,97909,169
rising,97990,97909,97990,81
walking,98041,97990,98041,51
right_turning,98107,98041,98107,66
left_turning,98113,98107,98113,6
walking,98186,98113,98186,73
rising,98197,98186,98197,11
grooming,98293,98197,98293,96
hunching,98301,98293,98301,8
rising,98372,98301,98372,71
sniffing,98635,98372,98635,263
stepping,98659,98635,98659,24
sniffing,98823,98659,98823,164
rising,98867,98823,98867,44
sniffing,98868,98867,98868,1
rising,98897,98868,98897,29
climbing,98912,98897,98912,15
running,98932,98912,98932,20
sniffing,99005,98932,99005,73
rising,99006,99005,99006,1
sniffing,99056,99006,99056,50
left_turning,99105,99056,99105,49
sniffing,99139,99105,99139,34
running,99194,99139,99194,55
trotting,99236,99194,99236,42
rising,99317,99236,99317,81
hunching,99318,99317,99318,1
climbing,99474,99318,99474,156
rising,99502,99474,99502,28
sniffing,99545,99502,99545,43
walking,99612,99545,99612,67
left_turning,99696,99612,99696,84
walking,99730,99696,99730,34
sniffing,99733,99730,99733,3
left_turning,99783,99733,99783,50
trotting,99805,99783,99805,22
sniffing,99825,99805,99825,20
hunching,99826,99825,99826,1
climbing,99865,99826,99865,39
grooming,100116,99865,100116,251
sniffing,100362,100116,100362,246
left_turning,100376,100362,100376,14
climbing,100476,100376,100476,100
rising,100518,100476,100518,42
walking,100594,100518,100594,76
sniffing,100673,100594,100673,79
grooming,101532,100673,101532,859
rearing,101615,101532,101615,83
climbing,101731,101615,101731,116
hunching,101843,101731,101843,112
rising,101898,101843,101898,55
walking,101928,101898,101928,30
rearing,101998,101928,101998,70
walking,102033,101998,102033,35
sniffing,102059,102033,102059,26
grooming,102860,102059,102860,801
sniffing,102901,102860,102901,41
left_turning,102902,102901,102902,1
climbing,103007,102902,103007,105
left_turning,103095,103007,103095,88
rising,103096,103095,103096,1
walking,103135,103096,103135,39
left_turning,103203,103135,103203,68
sniffing,103204,103203,103204,1
rising,103281,103204,103281,77
climbing,103364,103281,103364,83
rearing,103467,103364,103467,103
climbing,103524,103467,103524,57
grooming,103525,103524,103525,1
rearing,103640,103525,103640,115
sniffing,103641,103640,103641,1
right_turning,103669,103641,103669,28
running,103710,103669,103710,41
left_turning,103711,103710,103711,1
walking,103767,103711,103767,56
rearing,103768,103767,103768,1
climbing,103798,103768,103798,30
rearing,103819,103798,103819,21
rising,103859,103819,103859,40
sniffing,103899,103859,103899,40
walking,103947,103899,103947,48
stepping,103986,103947,103986,39
sniffing,103987,103986,103987,1
rising,104181,103987,104181,194
climbing,104182,104181,104182,1
rearing,104216,104182,104216,34
grooming,104217,104216,104217,1
rearing,104328,104217,104328,111
sniffing,104455,104328,104455,127
stepping,104456,104455,104456,1
sniffing,104502,104456,104502,46
rising,104505,104502,104505,3
trotting,104533,104505,104533,28
walking,104544,104533,104544,11
rising,104568,104544,104568,24
climbing,104569,104568,104569,1
rearing,104591,104569,104591,22
sniffing,104647,104591,104647,56
pausing,104910,104647,104910,263
sniffing,105021,104910,105021,111
rising,105091,105021,105091,70
rearing,105092,105091,105092,1
rising,105139,105092,105139,47
climbing,105155,105139,105155,16
sniffing,105416,105155,105416,261
walking,105430,105416,105430,14
rising,105431,105430,105431,1
sniffing,105476,105431,105476,45
grooming,106497,105476,106497,1021
rearing,106498,106497,106498,1
left_turning,106564,106498,106564,66
trotting,106565,106564,106565,1
sniffing,106692,106565,106692,127
walking,106693,106692,106693,1
sniffing,106694,106693,106694,1
pausing,106823,106694,106823,129
sniffing,106848,106823,106848,25
rising,106974,106848,106974,126
sniffing,106975,106974,106975,1
right_turning,107014,106975,107014,39
walking,107074,107014,107074,60
climbing,107164,107074,107164,90
sniffing,107198,107164,107198,34
rising,107209,107198,107209,11
climbing,107276,107209,107276,67
sniffing,107456,107276,107456,180
climbing,107457,107456,107457,1
right_turning,107470,107457,107470,13
rising,107486,107470,107486,16
climbing,107564,107486,107564,78
rising,107660,107564,107660,96
climbing,107661,107660,107661,1
sniffing,107662,107661,107662,1
walking,107678,107662,107678,16
stepping,107713,107678,107713,35
right_turning,107741,107713,107741,28
sniffing,107788,107741,107788,47
left_turning,107802,107788,107802,14
climbing,107839,107802,107839,37
sniffing,107879,107839,107879,40
rearing,107972,107879,107972,93
walking,108000,107972,108000,28
