revised_movement_label,segBoundary,segBoundary_start,segBoundary_end,length
trotting,35,0,35,35
rising,64,35,64,29
climbing,144,64,144,80
running,157,144,157,13
walking,167,157,167,10
rising,238,167,238,71
sniffing,244,238,244,6
walking,375,244,375,131
stepping,396,375,396,21
left_turning,441,396,441,45
walking,524,441,524,83
left_turning,535,524,535,11
walking,541,535,541,6
trotting,572,541,572,31
walking,573,572,573,1
right_turning,597,573,597,24
trotting,648,597,648,51
stepping,685,648,685,37
left_turning,696,685,696,11
sniffing,779,696,779,83
left_turning,787,779,787,8
stepping,873,787,873,86
left_turning,874,873,874,1
sniffing,948,874,948,74
climbing,1008,948,1008,60
sniffing,1026,1008,1026,18
left_turning,1042,1026,1042,16
stepping,1168,1042,1168,126
sniffing,1169,1168,1169,1
rising,1194,1169,1194,25
sniffing,1199,1194,1199,5
walking,1209,1199,1209,10
left_turning,1265,1209,1265,56
sniffing,1295,1265,1295,30
right_turning,1300,1295,1300,5
walking,1331,1300,1331,31
sniffing,1365,1331,1365,34
walking,1392,1365,1392,27
rising,1419,1392,1419,27
sniffing,1420,1419,1420,1
right_turning,1421,1420,1421,1
walking,1473,1421,1473,52
rising,1484,1473,1484,11
rearing,1485,1484,1485,1
climbing,1537,1485,1537,52
sniffing,1539,1537,1539,2
walking,1556,1539,1556,17
right_turning,1557,1556,1557,1
sniffing,1558,1557,1558,1
left_turning,1601,1558,1601,43
sniffing,1602,1601,1602,1
climbing,1647,1602,1647,45
hunching,1669,1647,1669,22
sniffing,1670,1669,1670,1
right_turning,1700,1670,1700,30
walking,1730,1700,1730,30
rising,1759,1730,1759,29
climbing,1798,1759,1798,39
right_turning,1814,1798,1814,16
running,1859,1814,1859,45
trotting,1860,1859,1860,1
walking,1872,1860,1872,12
sniffing,1953,1872,1953,81
walking,2011,1953,2011,58
left_turning,2027,2011,2027,16
walking,2043,2027,2043,16
sniffing,2101,2043,2101,58
rising,2133,2101,2133,32
climbing,2181,2133,2181,48
hunching,2220,2181,2220,39
sniffing,2248,2220,2248,28
right_turning,2270,2248,2270,22
running,2286,2270,2286,16
sniffing,2287,2286,2287,1
rising,2301,2287,2301,14
climbing,2391,2301,2391,90
sniffing,2392,2391,2392,1
climbing,2427,2392,2427,35
sniffing,2480,2427,2480,53
rising,2492,2480,2492,12
walking,2526,2492,2526,34
sniffing,2527,2526,2527,1
rising,2566,2527,2566,39
trotting,2570,2566,2570,4
sniffing,2588,2570,2588,18
climbing,2635,2588,2635,47
sniffing,2636,2635,2636,1
walking,2719,2636,2719,83
sniffing,2720,2719,2720,1
climbing,2773,2720,2773,53
trotting,2816,2773,2816,43
walking,2882,2816,2882,66
right_turning,2897,2882,2897,15
climbing,2929,2897,2929,32
rising,2985,2929,2985,56
sniffing,3015,2985,3015,30
walking,3058,3015,3058,43
running,3090,3058,3090,32
trotting,3130,3090,3130,40
rising,3137,3130,3137,7
walking,3183,3137,3183,46
climbing,3223,3183,3223,40
walking,3256,3223,3256,33
sniffing,3257,3256,3257,1
stepping,3303,3257,3303,46
walking,3337,3303,3337,34
sniffing,3384,3337,3384,47
walking,3385,3384,3385,1
left_turning,3386,3385,3386,1
sniffing,3463,3386,3463,77
rising,3464,3463,3464,1
right_turning,3510,3464,3510,46
trotting,3553,3510,3553,43
sniffing,3594,3553,3594,41
right_turning,3615,3594,3615,21
stepping,3616,3615,3616,1
sniffing,3634,3616,3634,18
trotting,3722,3634,3722,88
rising,3897,3722,3897,175
stepping,3971,3897,3971,74
walking,3972,3971,3972,1
sniffing,4067,3972,4067,95
climbing,4132,4067,4132,65
sniffing,4140,4132,4140,8
running,4167,4140,4167,27
stepping,4180,4167,4180,13
walking,4264,4180,4264,84
rising,4301,4264,4301,37
right_turning,4318,4301,4318,17
walking,4356,4318,4356,38
sniffing,4357,4356,4357,1
rising,4362,4357,4362,5
climbing,4365,4362,4365,3
running,4390,4365,4390,25
sniffing,4435,4390,4435,45
trotting,4489,4435,4489,54
climbing,4546,4489,4546,57
sniffing,4571,4546,4571,25
climbing,4572,4571,4572,1
sniffing,4581,4572,4581,9
climbing,4617,4581,4617,36
left_turning,4698,4617,4698,81
walking,4761,4698,4761,63
trotting,4812,4761,4812,51
rising,4897,4812,4897,85
climbing,4974,4897,4974,77
sniffing,5206,4974,5206,232
trotting,5221,5206,5221,15
running,5260,5221,5260,39
climbing,5318,5260,5318,58
sniffing,5319,5318,5319,1
rearing,5348,5319,5348,29
sniffing,5402,5348,5402,54
walking,5414,5402,5414,12
left_turning,5474,5414,5474,60
sniffing,5522,5474,5522,48
climbing,5556,5522,5556,34
hunching,5617,5556,5617,61
rearing,5643,5617,5643,26
sniffing,5816,5643,5816,173
climbing,5877,5816,5877,61
rising,5878,5877,5878,1
walking,5879,5878,5879,1
climbing,5947,5879,5947,68
sniffing,6085,5947,6085,138
climbing,6119,6085,6119,34
running,6138,6119,6138,19
stepping,6178,6138,6178,40
walking,6244,6178,6244,66
sniffing,6245,6244,6245,1
rearing,6246,6245,6246,1
left_turning,6272,6246,6272,26
walking,6337,6272,6337,65
sniffing,6446,6337,6446,109
walking,6509,6446,6509,63
left_turning,6540,6509,6540,31
sniffing,6712,6540,6712,172
climbing,6743,6712,6743,31
sniffing,6744,6743,6744,1
rising,6816,6744,6816,72
sniffing,6820,6816,6820,4
running,6835,6820,6835,15
sniffing,6935,6835,6935,100
walking,6979,6935,6979,44
left_turning,7017,6979,7017,38
rising,7031,7017,7031,14
climbing,7079,7031,7079,48
trotting,7080,7079,7080,1
sniffing,7081,7080,7081,1
running,7106,7081,7106,25
rising,7107,7106,7107,1
sniffing,7108,7107,7108,1
left_turning,7116,7108,7116,8
running,7138,7116,7138,22
walking,7139,7138,7139,1
rising,7140,7139,7140,1
climbing,7155,7140,7155,15
rising,7192,7155,7192,37
walking,7195,7192,7195,3
rising,7196,7195,7196,1
climbing,7284,7196,7284,88
trotting,7318,7284,7318,34
walking,7373,7318,7373,55
climbing,7432,7373,7432,59
walking,7491,7432,7491,59
stepping,7494,7491,7494,3
sniffing,7585,7494,7585,91
climbing,7602,7585,7602,17
rising,7632,7602,7632,30
grooming,7700,7632,7700,68
rising,7718,7700,7718,18
climbing,7785,7718,7785,67
sniffing,7827,7785,7827,42
climbing,7868,7827,7868,41
sniffing,7901,7868,7901,33
left_turning,7902,7901,7902,1
walking,7958,7902,7958,56
left_turning,7959,7958,7959,1
stepping,8010,7959,8010,51
trotting,8050,8010,8050,40
rearing,8061,8050,8061,11
hunching,8076,8061,8076,15
right_turning,8122,8076,8122,46
trotting,8158,8122,8158,36
walking,8179,8158,8179,21
sniffing,8203,8179,8203,24
walking,8307,8203,8307,104
stepping,8344,8307,8344,37
running,8353,8344,8353,9
left_turning,8354,8353,8354,1
running,8355,8354,8355,1
rising,8362,8355,8362,7
trotting,8363,8362,8363,1
sniffing,8495,8363,8495,132
climbing,8521,8495,8521,26
left_turning,8568,8521,8568,47
sniffing,8569,8568,8569,1
grooming,8624,8569,8624,55
sniffing,8625,8624,8625,1
right_turning,8660,8625,8660,35
walking,8677,8660,8677,17
sniffing,8810,8677,8810,133
walking,8940,8810,8940,130
stepping,8967,8940,8967,27
sniffing,9080,8967,9080,113
trotting,9102,9080,9102,22
climbing,9151,9102,9151,49
trotting,9186,9151,9186,35
sniffing,9248,9186,9248,62
right_turning,9258,9248,9258,10
trotting,9290,9258,9290,32
walking,9299,9290,9299,9
sniffing,9300,9299,9300,1
running,9346,9300,9346,46
left_turning,9400,9346,9400,54
trotting,9438,9400,9438,38
sniffing,9560,9438,9560,122
hunching,9622,9560,9622,62
walking,9680,9622,9680,58
trotting,9681,9680,9681,1
sniffing,9746,9681,9746,65
walking,9777,9746,9777,31
rising,9778,9777,9778,1
left_turning,9835,9778,9835,57
walking,9862,9835,9862,27
sniffing,9881,9862,9881,19
left_turning,9905,9881,9905,24
sniffing,10011,9905,10011,106
climbing,10078,10011,10078,67
walking,10082,10078,10082,4
sniffing,10090,10082,10090,8
climbing,10219,10090,10219,129
left_turning,10268,10219,10268,49
walking,10304,10268,10304,36
sniffing,10398,10304,10398,94
walking,10445,10398,10445,47
rising,10470,10445,10470,25
climbing,10527,10470,10527,57
rearing,10607,10527,10607,80
sniffing,10608,10607,10608,1
rearing,10683,10608,10683,75
sniffing,10695,10683,10695,12
rising,10739,10695,10739,44
climbing,10780,10739,10780,41
sniffing,10889,10780,10889,109
left_turning,10923,10889,10923,34
sniffing,11023,10923,11023,100
left_turning,11060,11023,11060,37
sniffing,11061,11060,11061,1
running,11067,11061,11067,6
walking,11092,11067,11092,25
running,11135,11092,11135,43
sniffing,11172,11135,11172,37
climbing,11253,11172,11253,81
rising,11264,11253,11264,11
climbing,11396,11264,11396,132
running,11431,11396,11431,35
trotting,11454,11431,11454,23
sniffing,11614,11454,11614,160
rising,11637,11614,11637,23
climbing,11705,11637,11705,68
walking,11773,11705,11773,68
sniffing,11985,11773,11985,212
right_turning,12004,11985,12004,19
sniffing,12005,12004,12005,1
climbing,12163,12005,12163,158
right_turning,12196,12163,12196,33
walking,12207,12196,12207,11
sniffing,12338,12207,12338,131
rising,12339,12338,12339,1
rearing,12406,12339,12406,67
grooming,12453,12406,12453,47
walking,12495,12453,12495,42
left_turning,12548,12495,12548,53
sniffing,12590,12548,12590,42
climbing,12653,12590,12653,63
sniffing,12681,12653,12681,28
rising,12755,12681,12755,74
stepping,12786,12755,12786,31
climbing,12826,12786,12826,40
rising,12833,12826,12833,7
left_turning,12857,12833,12857,24
sniffing,12858,12857,12858,1
left_turning,12910,12858,12910,52
rising,12941,12910,12941,31
walking,13015,12941,13015,74
stepping,13028,13015,13028,13
rising,13084,13028,13084,56
sniffing,13134,13084,13134,50
hunching,13200,13134,13200,66
sniffing,13245,13200,13245,45
left_turning,13315,13245,13315,70
grooming,13466,13315,13466,151
rearing,13499,13466,13499,33
climbing,13535,13499,13535,36
walking,13591,13535,13591,56
sniffing,13613,13591,13613,22
rising,13655,13613,13655,42
climbing,13686,13655,13686,31
walking,13687,13686,13687,1
stepping,13738,13687,13738,51
left_turning,13744,13738,13744,6
sniffing,13786,13744,13786,42
walking,13906,13786,13906,120
sniffing,14011,13906,14011,105
right_turning,14032,14011,14032,21
trotting,14119,14032,14119,87
sniffing,14125,14119,14125,6
hunching,14171,14125,14171,46
rearing,14172,14171,14172,1
sniffing,14260,14172,14260,88
rearing,14290,14260,14290,30
climbing,14344,14290,14344,54
sniffing,14383,14344,14383,39
stepping,14414,14383,14414,31
walking,14435,14414,14435,21
sniffing,14436,14435,14436,1
running,14444,14436,14444,8
rising,14459,14444,14459,15
rearing,14545,14459,14545,86
climbing,14553,14545,14553,8
running,14601,14553,14601,48
walking,14607,14601,14607,6
stepping,14665,14607,14665,58
walking,14725,14665,14725,60
sniffing,14883,14725,14883,158
walking,14921,14883,14921,38
left_turning,14982,14921,14982,61
walking,15081,14982,15081,99
rising,15082,15081,15082,1
stepping,15083,15082,15083,1
sniffing,15186,15083,15186,103
stepping,15207,15186,15207,21
rising,15208,15207,15208,1
sniffing,15334,15208,15334,126
rearing,15335,15334,15335,1
hunching,15338,15335,15338,3
rearing,15364,15338,15364,26
climbing,15420,15364,15420,56
left_turning,15478,15420,15478,58
walking,15592,15478,15592,114
sniffing,15714,15592,15714,122
left_turning,15753,15714,15753,39
climbing,15777,15753,15777,24
rearing,15832,15777,15832,55
climbing,15913,15832,15913,81
sniffing,16133,15913,16133,220
rising,16156,16133,16156,23
sniffing,16157,16156,16157,1
rising,16168,16157,16168,11
climbing,16231,16168,16231,63
rising,16246,16231,16246,15
trotting,16288,16246,16288,42
sniffing,16335,16288,16335,47
walking,16433,16335,16433,98
sniffing,16724,16433,16724,291
running,16760,16724,16760,36
walking,16884,16760,16884,124
sniffing,16885,16884,16885,1
trotting,16893,16885,16893,8
sniffing,16930,16893,16930,37
stepping,16973,16930,16973,43
sniffing,16982,16973,16982,9
stepping,17031,16982,17031,49
sniffing,17036,17031,17036,5
rising,17108,17036,17108,72
climbing,17179,17108,17179,71
right_turning,17201,17179,17201,22
rising,17218,17201,17218,17
climbing,17306,17218,17306,88
rising,17329,17306,17329,23
walking,17408,17329,17408,79
trotting,17416,17408,17416,8
rising,17430,17416,17430,14
sniffing,17519,17430,17519,89
rising,17556,17519,17556,37
sniffing,17557,17556,17557,1
climbing,17606,17557,17606,49
sniffing,17666,17606,17666,60
stepping,17722,17666,17722,56
climbing,17791,17722,17791,69
sniffing,17806,17791,17806,15
hunching,17818,17806,17818,12
left_turning,17860,17818,17860,42
sniffing,17861,17860,17861,1
left_turning,17887,17861,17887,26
right_turning,17935,17887,17935,48
rising,17961,17935,17961,26
sniffing,17985,17961,17985,24
walking,18017,17985,18017,32
left_turning,18046,18017,18046,29
walking,18072,18046,18072,26
rising,18113,18072,18113,41
walking,18169,18113,18169,56
sniffing,18184,18169,18184,15
climbing,18185,18184,18185,1
rearing,18218,18185,18218,33
trotting,18268,18218,18268,50
walking,18289,18268,18289,21
sniffing,18290,18289,18290,1
climbing,18368,18290,18368,78
sniffing,18422,18368,18422,54
jumping,18501,18422,18501,79
sniffing,18502,18501,18502,1
rising,18516,18502,18516,14
trotting,18530,18516,18530,14
walking,18577,18530,18577,47
rising,18598,18577,18598,21
climbing,18599,18598,18599,1
left_turning,18651,18599,18651,52
sniffing,18707,18651,18707,56
walking,18778,18707,18778,71
sniffing,18814,18778,18814,36
climbing,18889,18814,18889,75
sniffing,18932,18889,18932,43
walking,18950,18932,18950,18
sniffing,18951,18950,18951,1
rising,19013,18951,19013,62
right_turning,19053,19013,19053,40
trotting,19138,19053,19138,85
sniffing,19139,19138,19139,1
rising,19152,19139,19152,13
sniffing,19153,19152,19153,1
stepping,19166,19153,19166,13
sniffing,19167,19166,19167,1
rising,19204,19167,19204,37
sniffing,19205,19204,19205,1
rising,19246,19205,19246,41
trotting,19247,19246,19247,1
sniffing,19304,19247,19304,57
right_turning,19348,19304,19348,44
rising,19431,19348,19431,83
stepping,19451,19431,19451,20
sniffing,19543,19451,19543,92
rising,19544,19543,19544,1
climbing,19630,19544,19630,86
sniffing,19706,19630,19706,76
left_turning,19747,19706,19747,41
trotting,19784,19747,19784,37
left_turning,19846,19784,19846,62
walking,19897,19846,19897,51
sniffing,19943,19897,19943,46
running,19961,19943,19961,18
walking,19988,19961,19988,27
sniffing,20045,19988,20045,57
stepping,20047,20045,20047,2
walking,20073,20047,20073,26
rising,20155,20073,20155,82
climbing,20202,20155,20202,47
sniffing,20448,20202,20448,246
hunching,20483,20448,20483,35
rising,20518,20483,20518,35
climbing,20607,20518,20607,89
stepping,20609,20607,20609,2
left_turning,20672,20609,20672,63
walking,20673,20672,20673,1
sniffing,20674,20673,20674,1
walking,20757,20674,20757,83
rising,20758,20757,20758,1
climbing,20759,20758,20759,1
sniffing,20817,20759,20817,58
left_turning,20927,20817,20927,110
walking,20975,20927,20975,48
sniffing,21054,20975,21054,79
left_turning,21101,21054,21101,47
walking,21165,21101,21165,64
sniffing,21289,21165,21289,124
left_turning,21339,21289,21339,50
climbing,21367,21339,21367,28
rearing,21383,21367,21383,16
sniffing,21384,21383,21384,1
climbing,21436,21384,21436,52
sniffing,21631,21436,21631,195
walking,21672,21631,21672,41
right_turning,21707,21672,21707,35
walking,21749,21707,21749,42
rising,21811,21749,21811,62
hunching,21812,21811,21812,1
climbing,21900,21812,21900,88
rearing,21919,21900,21919,19
grooming,22072,21919,22072,153
trotting,22104,22072,22104,32
stepping,22143,22104,22143,39
walking,22187,22143,22187,44
climbing,22242,22187,22242,55
sniffing,22316,22242,22316,74
walking,22350,22316,22350,34
left_turning,22374,22350,22374,24
sniffing,22375,22374,22375,1
walking,22406,22375,22406,31
climbing,22441,22406,22441,35
walking,22526,22441,22526,85
sniffing,22571,22526,22571,45
rising,22599,22571,22599,28
climbing,22658,22599,22658,59
rising,22659,22658,22659,1
climbing,22755,22659,22755,96
left_turning,22786,22755,22786,31
stepping,22787,22786,22787,1
sniffing,22827,22787,22827,40
rising,22867,22827,22867,40
climbing,22891,22867,22891,24
sniffing,22892,22891,22892,1
walking,22927,22892,22927,35
left_turning,23022,22927,23022,95
walking,23023,23022,23023,1
rising,23024,23023,23024,1
grooming,23312,23024,23312,288
rearing,23322,23312,23322,10
climbing,23323,23322,23323,1
running,23367,23323,23367,44
sniffing,23438,23367,23438,71
walking,23444,23438,23444,6
sniffing,23558,23444,23558,114
pausing,23745,23558,23745,187
sniffing,23820,23745,23820,75
climbing,23924,23820,23924,104
sniffing,24042,23924,24042,118
climbing,24118,24042,24118,76
walking,24220,24118,24220,102
sniffing,24221,24220,24221,1
stepping,24257,24221,24257,36
trotting,24258,24257,24258,1
sniffing,24362,24258,24362,104
left_turning,24435,24362,24435,73
walking,24455,24435,24455,20
left_turning,24496,24455,24496,41
sniffing,24497,24496,24497,1
climbing,24515,24497,24515,18
rearing,24546,24515,24546,31
sniffing,24547,24546,24547,1
stepping,24576,24547,24576,29
rising,24577,24576,24577,1
climbing,24635,24577,24635,58
rising,24664,24635,24664,29
climbing,24669,24664,24669,5
sniffing,24721,24669,24721,52
stepping,24772,24721,24772,51
sniffing,24781,24772,24781,9
climbing,24885,24781,24885,104
trotting,24928,24885,24928,43
sniffing,24973,24928,24973,45
climbing,25060,24973,25060,87
rising,25061,25060,25061,1
climbing,25103,25061,25103,42
grooming,25208,25103,25208,105
right_turning,25269,25208,25269,61
climbing,25329,25269,25329,60
rearing,25352,25329,25352,23
grooming,26301,25352,26301,949
sniffing,26374,26301,26374,73
rising,26454,26374,26454,80
grooming,26455,26454,26455,1
rising,26505,26455,26505,50
sniffing,26506,26505,26506,1
walking,26507,26506,26507,1
climbing,26557,26507,26557,50
trotting,26605,26557,26605,48
stepping,26637,26605,26637,32
sniffing,26656,26637,26656,19
rising,26707,26656,26707,51
rearing,26766,26707,26766,59
hunching,26767,26766,26767,1
rearing,26792,26767,26792,25
hunching,26793,26792,26793,1
rising,26796,26793,26796,3
climbing,26838,26796,26838,42
sniffing,26957,26838,26957,119
climbing,27000,26957,27000,43
sniffing,27008,27000,27008,8
walking,27077,27008,27077,69
rising,27078,27077,27078,1
sniffing,27152,27078,27152,74
left_turning,27168,27152,27168,16
stepping,27231,27168,27231,63
walking,27232,27231,27232,1
rearing,27241,27232,27241,9
walking,27288,27241,27288,47
left_turning,27328,27288,27328,40
rising,27378,27328,27378,50
left_turning,27379,27378,27379,1
rising,27443,27379,27443,64
sniffing,27513,27443,27513,70
rising,27514,27513,27514,1
rearing,27547,27514,27547,33
rising,27600,27547,27600,53
trotting,27642,27600,27642,42
sniffing,27694,27642,27694,52
rising,27696,27694,27696,2
stepping,27760,27696,27760,64
right_turning,27808,27760,27808,48
sniffing,27895,27808,27895,87
left_turning,27917,27895,27917,22
rising,27935,27917,27935,18
sniffing,27981,27935,27981,46
left_turning,28084,27981,28084,103
stepping,28121,28084,28121,37
rising,28185,28121,28185,64
climbing,28351,28185,28351,166
trotting,28376,28351,28376,25
walking,28416,28376,28416,40
stepping,28431,28416,28431,15
climbing,28503,28431,28503,72
sniffing,28760,28503,28760,257
walking,28852,28760,28852,92
sniffing,28969,28852,28969,117
trotting,28987,28969,28987,18
left_turning,28998,28987,28998,11
stepping,29015,28998,29015,17
walking,29029,29015,29029,14
sniffing,29109,29029,29109,80
right_turning,29110,29109,29110,1
walking,29200,29110,29200,90
climbing,29296,29200,29296,96
running,29314,29296,29314,18
climbing,29367,29314,29367,53
sniffing,29368,29367,29368,1
rising,29397,29368,29397,29
rearing,29403,29397,29403,6
walking,29431,29403,29431,28
right_turning,29481,29431,29481,50
walking,29537,29481,29537,56
sniffing,29599,29537,29599,62
right_turning,29658,29599,29658,59
stepping,29709,29658,29709,51
sniffing,29722,29709,29722,13
trotting,29762,29722,29762,40
sniffing,29780,29762,29780,18
stepping,29813,29780,29813,33
walking,29833,29813,29833,20
sniffing,29965,29833,29965,132
rising,29997,29965,29997,32
sniffing,30214,29997,30214,217
walking,30256,30214,30256,42
rising,30309,30256,30309,53
running,30324,30309,30324,15
stepping,30383,30324,30383,59
trotting,30419,30383,30419,36
sniffing,30539,30419,30539,120
walking,30613,30539,30613,74
sniffing,30614,30613,30614,1
rising,30624,30614,30624,10
right_turning,30678,30624,30678,54
walking,30756,30678,30756,78
trotting,30801,30756,30801,45
rising,30806,30801,30806,5
climbing,30867,30806,30867,61
walking,30933,30867,30933,66
sniffing,31000,30933,31000,67
right_turning,31027,31000,31027,27
hunching,31076,31027,31076,49
rearing,31127,31076,31127,51
rising,31167,31127,31167,40
sniffing,31423,31167,31423,256
climbing,31433,31423,31433,10
sniffing,31434,31433,31434,1
rising,31462,31434,31462,28
climbing,31488,31462,31488,26
rearing,31632,31488,31632,144
grooming,31816,31632,31816,184
rising,31852,31816,31852,36
climbing,31947,31852,31947,95
rising,31955,31947,31955,8
hunching,31964,31955,31964,9
sniffing,32002,31964,32002,38
rearing,32003,32002,32003,1
walking,32016,32003,32016,13
climbing,32036,32016,32036,20
walking,32092,32036,32092,56
left_turning,32134,32092,32134,42
walking,32197,32134,32197,63
sniffing,32278,32197,32278,81
left_turning,32297,32278,32297,19
right_turning,32461,32297,32461,164
walking,32462,32461,32462,1
sniffing,32494,32462,32494,32
rising,32495,32494,32495,1
walking,32563,32495,32563,68
left_turning,32580,32563,32580,17
walking,32640,32580,32640,60
sniffing,32649,32640,32649,9
walking,32692,32649,32692,43
sniffing,32801,32692,32801,109
walking,32835,32801,32835,34
sniffing,32885,32835,32885,50
climbing,32907,32885,32907,22
walking,32924,32907,32924,17
sniffing,33013,32924,33013,89
climbing,33069,33013,33069,56
left_turning,33070,33069,33070,1
running,33112,33070,33112,42
rising,33144,33112,33144,32
walking,33214,33144,33214,70
climbing,33232,33214,33232,18
sniffing,33239,33232,33239,7
left_turning,33305,33239,33305,66
walking,33324,33305,33324,19
climbing,33455,33324,33455,131
walking,33465,33455,33465,10
left_turning,33523,33465,33523,58
walking,33564,33523,33564,41
sniffing,33573,33564,33573,9
trotting,33594,33573,33594,21
walking,33638,33594,33638,44
sniffing,33738,33638,33738,100
rising,33763,33738,33763,25
right_turning,33786,33763,33786,23
walking,33787,33786,33787,1
left_turning,33820,33787,33820,33
walking,33838,33820,33838,18
right_turning,33894,33838,33894,56
trotting,33899,33894,33899,5
sniffing,33916,33899,33916,17
rising,33976,33916,33976,60
right_turning,33998,33976,33998,22
grooming,34205,33998,34205,207
left_turning,34240,34205,34240,35
walking,34292,34240,34292,52
sniffing,34341,34292,34341,49
walking,34346,34341,34346,5
rising,34408,34346,34408,62
climbing,34502,34408,34502,94
left_turning,34503,34502,34503,1
rising,34618,34503,34618,115
climbing,34691,34618,34691,73
trotting,34710,34691,34710,19
rising,34743,34710,34743,33
climbing,34795,34743,34795,52
walking,34857,34795,34857,62
sniffing,34893,34857,34893,36
climbing,34905,34893,34905,12
rearing,35009,34905,35009,104
climbing,35031,35009,35031,22
walking,35067,35031,35067,36
stepping,35117,35067,35117,50
rising,35153,35117,35153,36
trotting,35207,35153,35207,54
sniffing,35274,35207,35274,67
right_turning,35326,35274,35326,52
walking,35413,35326,35413,87
trotting,35414,35413,35414,1
left_turning,35427,35414,35427,13
running,35447,35427,35447,20
sniffing,35499,35447,35499,52
walking,35501,35499,35501,2
hunching,35535,35501,35535,34
rising,35536,35535,35536,1
sniffing,35618,35536,35618,82
rising,35624,35618,35624,6
sniffing,35703,35624,35703,79
walking,35704,35703,35704,1
sniffing,35728,35704,35728,24
climbing,35835,35728,35835,107
running,35874,35835,35874,39
walking,35926,35874,35926,52
left_turning,35937,35926,35937,11
trotting,35968,35937,35968,31
left_turning,36045,35968,36045,77
stepping,36093,36045,36093,48
climbing,36146,36093,36146,53
trotting,36170,36146,36170,24
left_turning,36200,36170,36200,30
rising,36259,36200,36259,59
climbing,36356,36259,36356,97
sniffing,36357,36356,36357,1
grooming,36390,36357,36390,33
sniffing,36488,36390,36488,98
walking,36520,36488,36520,32
rising,36549,36520,36549,29
climbing,36626,36549,36626,77
walking,36662,36626,36662,36
rising,36663,36662,36663,1
running,36685,36663,36685,22
sniffing,36787,36685,36787,102
hunching,36817,36787,36817,30
climbing,36913,36817,36913,96
grooming,37073,36913,37073,160
walking,37095,37073,37095,22
left_turning,37156,37095,37156,61
walking,37172,37156,37172,16
sniffing,37175,37172,37175,3
rising,37224,37175,37224,49
climbing,37274,37224,37274,50
walking,37328,37274,37328,54
rising,37353,37328,37353,25
climbing,37354,37353,37354,1
walking,37403,37354,37403,49
sniffing,37439,37403,37439,36
walking,37484,37439,37484,45
climbing,37501,37484,37501,17
hunching,37590,37501,37590,89
right_turning,37618,37590,37618,28
rising,37657,37618,37657,39
rearing,37750,37657,37750,93
trotting,37763,37750,37763,13
sniffing,37808,37763,37808,45
rising,37832,37808,37832,24
hunching,38026,37832,38026,194
rising,38047,38026,38047,21
rearing,38051,38047,38051,4
jumping,38128,38051,38128,77
rising,38163,38128,38163,35
sniffing,38458,38163,38458,295
rising,38465,38458,38465,7
sniffing,38593,38465,38593,128
stepping,38656,38593,38656,63
walking,38791,38656,38791,135
hunching,38794,38791,38794,3
rearing,38949,38794,38949,155
sniffing,38950,38949,38950,1
walking,39019,38950,39019,69
climbing,39143,39019,39143,124
right_turning,39207,39143,39207,64
sniffing,39263,39207,39263,56
right_turning,39264,39263,39264,1
rising,39304,39264,39304,40
left_turning,39346,39304,39346,42
running,39349,39346,39349,3
walking,39432,39349,39432,83
sniffing,39593,39432,39593,161
climbing,39611,39593,39611,18
left_turning,39690,39611,39690,79
sniffing,39708,39690,39708,18
left_turning,39716,39708,39716,8
sniffing,39739,39716,39739,23
grooming,39758,39739,39758,19
sniffing,39782,39758,39782,24
rising,39810,39782,39810,28
walking,39920,39810,39920,110
climbing,39948,39920,39948,28
walking,39962,39948,39962,14
climbing,40042,39962,40042,80
right_turning,40072,40042,40072,30
stepping,40100,40072,40100,28
walking,40148,40100,40148,48
sniffing,40230,40148,40230,82
climbing,40238,40230,40238,8
hunching,40357,40238,40357,119
right_turning,40402,40357,40402,45
running,40431,40402,40431,29
rising,40446,40431,40446,15
left_turning,40447,40446,40447,1
sniffing,40695,40447,40695,248
climbing,40752,40695,40752,57
right_turning,40753,40752,40753,1
stepping,40782,40753,40782,29
walking,40853,40782,40853,71
sniffing,40888,40853,40888,35
walking,40957,40888,40957,69
sniffing,41079,40957,41079,122
climbing,41124,41079,41124,45
walking,41147,41124,41147,23
rising,41153,41147,41153,6
climbing,41266,41153,41266,113
rising,41311,41266,41311,45
left_turning,41331,41311,41331,20
stepping,41349,41331,41349,18
climbing,41407,41349,41407,58
sniffing,41572,41407,41572,165
rising,41610,41572,41610,38
trotting,41652,41610,41652,42
walking,41682,41652,41682,30
sniffing,41722,41682,41722,40
walking,41778,41722,41778,56
rising,41780,41778,41780,2
trotting,41831,41780,41831,51
walking,41842,41831,41842,11
sniffing,41843,41842,41843,1
rising,41906,41843,41906,63
sniffing,41938,41906,41938,32
walking,41948,41938,41948,10
sniffing,41949,41948,41949,1
walking,41994,41949,41994,45
rising,42033,41994,42033,39
sniffing,42065,42033,42065,32
climbing,42140,42065,42140,75
rising,42141,42140,42141,1
sniffing,42205,42141,42205,64
walking,42260,42205,42260,55
sniffing,42386,42260,42386,126
left_turning,42403,42386,42403,17
climbing,42459,42403,42459,56
grooming,42583,42459,42583,124
sniffing,42633,42583,42633,50
walking,42660,42633,42660,27
climbing,42738,42660,42738,78
right_turning,42799,42738,42799,61
walking,42828,42799,42828,29
stepping,42873,42828,42873,45
hunching,42920,42873,42920,47
walking,43019,42920,43019,99
running,43035,43019,43035,16
rising,43062,43035,43062,27
climbing,43167,43062,43167,105
walking,43199,43167,43199,32
left_turning,43226,43199,43226,27
running,43253,43226,43253,27
sniffing,43254,43253,43254,1
left_turning,43334,43254,43334,80
climbing,43337,43334,43337,3
running,43356,43337,43356,19
walking,43393,43356,43393,37
climbing,43456,43393,43456,63
rearing,43473,43456,43473,17
sniffing,43494,43473,43494,21
rising,43581,43494,43581,87
left_turning,43628,43581,43628,47
rising,43651,43628,43651,23
left_turning,43711,43651,43711,60
walking,43716,43711,43716,5
sniffing,43852,43716,43852,136
rising,43894,43852,43894,42
climbing,43990,43894,43990,96
walking,44044,43990,44044,54
sniffing,44137,44044,44137,93
left_turning,44181,44137,44181,44
rising,44182,44181,44182,1
climbing,44183,44182,44183,1
sniffing,44184,44183,44184,1
climbing,44258,44184,44258,74
rising,44272,44258,44272,14
sniffing,44279,44272,44279,7
rising,44290,44279,44290,11
right_turning,44301,44290,44301,11
sniffing,44302,44301,44302,1
walking,44314,44302,44314,12
sniffing,44405,44314,44405,91
walking,44520,44405,44520,115
sniffing,44557,44520,44557,37
rising,44576,44557,44576,19
sniffing,44620,44576,44620,44
right_turning,44637,44620,44637,17
trotting,44642,44637,44642,5
sniffing,44712,44642,44712,70
left_turning,44729,44712,44729,17
trotting,44771,44729,44771,42
left_turning,44781,44771,44781,10
sniffing,44812,44781,44812,31
rising,44839,44812,44839,27
left_turning,44852,44839,44852,13
climbing,44853,44852,44853,1
trotting,44893,44853,44893,40
walking,44902,44893,44902,9
left_turning,44907,44902,44907,5
walking,44980,44907,44980,73
sniffing,45028,44980,45028,48
rising,45119,45028,45119,91
sniffing,45193,45119,45193,74
walking,45250,45193,45250,57
sniffing,45304,45250,45304,54
rising,45305,45304,45305,1
sniffing,45412,45305,45412,107
left_turning,45413,45412,45413,1
sniffing,45484,45413,45484,71
trotting,45522,45484,45522,38
sniffing,45635,45522,45635,113
hunching,45651,45635,45651,16
grooming,45652,45651,45652,1
hunching,45689,45652,45689,37
climbing,45748,45689,45748,59
sniffing,45843,45748,45843,95
walking,45881,45843,45881,38
sniffing,45882,45881,45882,1
walking,45911,45882,45911,29
rising,45912,45911,45912,1
climbing,46035,45912,46035,123
rising,46085,46035,46085,50
climbing,46152,46085,46152,67
sniffing,46304,46152,46304,152
walking,46338,46304,46338,34
climbing,46358,46338,46358,20
hunching,46392,46358,46392,34
rearing,46457,46392,46457,65
rising,46458,46457,46458,1
climbing,46462,46458,46462,4
left_turning,46484,46462,46484,22
sniffing,46684,46484,46684,200
left_turning,46722,46684,46722,38
trotting,46760,46722,46760,38
walking,46770,46760,46770,10
sniffing,46940,46770,46940,170
rearing,47003,46940,47003,63
hunching,47038,47003,47038,35
stepping,47092,47038,47092,54
sniffing,47106,47092,47106,14
left_turning,47129,47106,47129,23
sniffing,47147,47129,47147,18
climbing,47148,47147,47148,1
sniffing,47250,47148,47250,102
rearing,47386,47250,47386,136
grooming,47387,47386,47387,1
climbing,47495,47387,47495,108
sniffing,47497,47495,47497,2
right_turning,47520,47497,47520,23
walking,47568,47520,47568,48
rearing,47616,47568,47616,48
running,47670,47616,47670,54
walking,47674,47670,47674,4
trotting,47675,47674,47675,1
walking,47710,47675,47710,35
left_turning,47727,47710,47727,17
walking,47793,47727,47793,66
sniffing,47804,47793,47804,11
right_turning,47838,47804,47838,34
walking,47851,47838,47851,13
sniffing,48084,47851,48084,233
left_turning,48106,48084,48106,22
walking,48107,48106,48107,1
sniffing,48108,48107,48108,1
trotting,48173,48108,48173,65
sniffing,48274,48173,48274,101
rising,48279,48274,48279,5
climbing,48353,48279,48353,74
walking,48374,48353,48374,21
trotting,48414,48374,48414,40
stepping,48486,48414,48486,72
sniffing,48487,48486,48487,1
walking,48542,48487,48542,55
rising,48574,48542,48574,32
rearing,48634,48574,48634,60
sniffing,48845,48634,48845,211
climbing,48926,48845,48926,81
walking,48992,48926,48992,66
sniffing,48998,48992,48998,6
trotting,49038,48998,49038,40
running,49039,49038,49039,1
stepping,49068,49039,49068,29
sniffing,49117,49068,49117,49
rising,49173,49117,49173,56
rearing,49383,49173,49383,210
sniffing,49632,49383,49632,249
left_turning,49761,49632,49761,129
walking,49762,49761,49762,1
sniffing,49782,49762,49782,20
trotting,49832,49782,49832,50
walking,49857,49832,49857,25
sniffing,49882,49857,49882,25
trotting,49884,49882,49884,2
walking,49885,49884,49885,1
sniffing,49904,49885,49904,19
running,49905,49904,49905,1
sniffing,49972,49905,49972,67
right_turning,50008,49972,50008,36
sniffing,50016,50008,50016,8
trotting,50022,50016,50022,6
walking,50023,50022,50023,1
rising,50049,50023,50049,26
sniffing,50154,50049,50154,105
walking,50248,50154,50248,94
sniffing,50271,50248,50271,23
right_turning,50329,50271,50329,58
stepping,50372,50329,50372,43
rising,50431,50372,50431,59
right_turning,50432,50431,50432,1
walking,50467,50432,50467,35
rising,50513,50467,50513,46
sniffing,50586,50513,50586,73
right_turning,50612,50586,50612,26
left_turning,50627,50612,50627,15
walking,50726,50627,50726,99
rising,50777,50726,50777,51
walking,50858,50777,50858,81
trotting,50892,50858,50892,34
right_turning,50898,50892,50898,6
sniffing,50899,50898,50899,1
walking,50933,50899,50933,34
left_turning,51001,50933,51001,68
walking,51037,51001,51037,36
rising,51039,51037,51039,2
climbing,51195,51039,51195,156
rising,51204,51195,51204,9
sniffing,51254,51204,51254,50
rearing,51272,51254,51272,18
running,51302,51272,51302,30
walking,51338,51302,51338,36
sniffing,51419,51338,51419,81
climbing,51490,51419,51490,71
sniffing,51574,51490,51574,84
climbing,51597,51574,51597,23
rising,51598,51597,51598,1
walking,51658,51598,51658,60
sniffing,51659,51658,51659,1
walking,51729,51659,51729,70
sniffing,51863,51729,51863,134
climbing,51906,51863,51906,43
running,51952,51906,51952,46
rising,52054,51952,52054,102
walking,52060,52054,52060,6
hunching,52062,52060,52062,2
climbing,52171,52062,52171,109
rearing,52218,52171,52218,47
walking,52274,52218,52274,56
rising,52378,52274,52378,104
climbing,52409,52378,52409,31
rising,52450,52409,52450,41
sniffing,52490,52450,52490,40
stepping,52541,52490,52541,51
sniffing,52563,52541,52563,22
right_turning,52593,52563,52593,30
rising,52611,52593,52611,18
sniffing,52612,52611,52612,1
trotting,52614,52612,52614,2
hunching,52650,52614,52650,36
sniffing,52655,52650,52655,5
right_turning,52659,52655,52659,4
walking,52679,52659,52679,20
climbing,52731,52679,52731,52
left_turning,52732,52731,52732,1
sniffing,52858,52732,52858,126
right_turning,52887,52858,52887,29
walking,52888,52887,52888,1
climbing,52893,52888,52893,5
rising,52956,52893,52956,63
left_turning,52957,52956,52957,1
rising,52992,52957,52992,35
climbing,53060,52992,53060,68
left_turning,53088,53060,53088,28
sniffing,53239,53088,53239,151
stepping,53240,53239,53240,1
sniffing,53241,53240,53241,1
walking,53272,53241,53272,31
sniffing,53327,53272,53327,55
running,53362,53327,53362,35
sniffing,53363,53362,53363,1
climbing,53364,53363,53364,1
rising,53407,53364,53407,43
climbing,53421,53407,53421,14
hunching,53484,53421,53484,63
sniffing,53664,53484,53664,180
running,53711,53664,53711,47
walking,53735,53711,53735,24
stepping,53793,53735,53793,58
hunching,53888,53793,53888,95
climbing,53933,53888,53933,45
sniffing,53943,53933,53943,10
rising,53960,53943,53960,17
climbing,53964,53960,53964,4
walking,53982,53964,53982,18
rising,54036,53982,54036,54
walking,54112,54036,54112,76
rising,54113,54112,54113,1
climbing,54151,54113,54151,38
walking,54163,54151,54163,12
climbing,54277,54163,54277,114
rearing,54398,54277,54398,121
climbing,54601,54398,54601,203
walking,54602,54601,54602,1
sniffing,54612,54602,54612,10
climbing,54699,54612,54699,87
rearing,54787,54699,54787,88
sniffing,54788,54787,54788,1
walking,54789,54788,54789,1
sniffing,54919,54789,54919,130
left_turning,54920,54919,54920,1
walking,54964,54920,54964,44
sniffing,54965,54964,54965,1
walking,54966,54965,54966,1
trotting,54990,54966,54990,24
sniffing,55128,54990,55128,138
rising,55129,55128,55129,1
left_turning,55189,55129,55189,60
rising,55190,55189,55190,1
sniffing,55210,55190,55210,20
climbing,55274,55210,55274,64
right_turning,55321,55274,55321,47
running,55326,55321,55326,5
stepping,55343,55326,55343,17
climbing,55377,55343,55377,34
sniffing,55428,55377,55428,51
stepping,55468,55428,55468,40
walking,55509,55468,55509,41
climbing,55624,55509,55624,115
walking,55689,55624,55689,65
sniffing,55777,55689,55777,88
climbing,55785,55777,55785,8
rearing,55829,55785,55829,44
rising,55855,55829,55855,26
rearing,55939,55855,55939,84
walking,55943,55939,55943,4
left_turning,55955,55943,55955,12
climbing,56050,55955,56050,95
stepping,56078,56050,56078,28
walking,56166,56078,56166,88
left_turning,56188,56166,56188,22
walking,56306,56188,56306,118
climbing,56307,56306,56307,1
rising,56358,56307,56358,51
rearing,56634,56358,56634,276
trotting,56686,56634,56686,52
stepping,56732,56686,56732,46
hunching,56733,56732,56733,1
right_turning,56791,56733,56791,58
sniffing,56920,56791,56920,129
left_turning,56930,56920,56930,10
sniffing,56931,56930,56931,1
trotting,56948,56931,56948,17
sniffing,57138,56948,57138,190
hunching,57238,57138,57238,100
right_turning,57239,57238,57239,1
walking,57252,57239,57252,13
rising,57282,57252,57282,30
grooming,57454,57282,57454,172
sniffing,57547,57454,57547,93
rearing,57642,57547,57642,95
sniffing,57752,57642,57752,110
right_turning,57753,57752,57753,1
stepping,57813,57753,57813,60
walking,57816,57813,57816,3
sniffing,57853,57816,57853,37
walking,57861,57853,57861,8
sniffing,57961,57861,57961,100
walking,57965,57961,57965,4
sniffing,58026,57965,58026,61
walking,58105,58026,58105,79
sniffing,58106,58105,58106,1
climbing,58118,58106,58118,12
rising,58165,58118,58165,47
sniffing,58271,58165,58271,106
climbing,58388,58271,58388,117
walking,58447,58388,58447,59
stepping,58518,58447,58518,71
sniffing,58647,58518,58647,129
rising,58648,58647,58648,1
sniffing,58752,58648,58752,104
right_turning,58775,58752,58775,23
walking,58835,58775,58835,60
sniffing,58857,58835,58857,22
left_turning,58900,58857,58900,43
trotting,58912,58900,58912,12
rearing,58921,58912,58921,9
hunching,58922,58921,58922,1
trotting,58961,58922,58961,39
running,58971,58961,58971,10
left_turning,59048,58971,59048,77
trotting,59059,59048,59059,11
walking,59100,59059,59100,41
rising,59101,59100,59101,1
sniffing,59201,59101,59201,100
walking,59235,59201,59235,34
left_turning,59239,59235,59239,4
sniffing,59337,59239,59337,98
stepping,59410,59337,59410,73
sniffing,59449,59410,59449,39
trotting,59490,59449,59490,41
sniffing,59491,59490,59491,1
rising,59530,59491,59530,39
sniffing,59544,59530,59544,14
walking,59558,59544,59558,14
climbing,59613,59558,59613,55
right_turning,59617,59613,59617,4
walking,59620,59617,59620,3
left_turning,59633,59620,59633,13
sniffing,59825,59633,59825,192
rising,59848,59825,59848,23
rearing,59934,59848,59934,86
rising,59954,59934,59954,20
climbing,60017,59954,60017,63
rising,60060,60017,60060,43
left_turning,60113,60060,60113,53
rearing,60292,60113,60292,179
left_turning,60401,60292,60401,109
rising,60470,60401,60470,69
walking,60494,60470,60494,24
rising,60526,60494,60526,32
sniffing,60547,60526,60547,21
hunching,60582,60547,60582,35
right_turning,60622,60582,60622,40
walking,60670,60622,60670,48
rising,60715,60670,60715,45
left_turning,60756,60715,60756,41
walking,60771,60756,60771,15
rearing,60817,60771,60817,46
climbing,60861,60817,60861,44
trotting,60892,60861,60892,31
sniffing,60969,60892,60969,77
stepping,61027,60969,61027,58
rising,61047,61027,61047,20
sniffing,61127,61047,61127,80
walking,61167,61127,61167,40
sniffing,61243,61167,61243,76
rising,61278,61243,61278,35
sniffing,61279,61278,61279,1
climbing,61293,61279,61293,14
sniffing,61349,61293,61349,56
left_turning,61445,61349,61445,96
running,61467,61445,61467,22
sniffing,61521,61467,61521,54
rising,61522,61521,61522,1
jumping,61746,61522,61746,224
sniffing,61870,61746,61870,124
walking,61899,61870,61899,29
sniffing,61910,61899,61910,11
left_turning,61942,61910,61942,32
sniffing,61972,61942,61972,30
stepping,61973,61972,61973,1
walking,61995,61973,61995,22
sniffing,62128,61995,62128,133
climbing,62129,62128,62129,1
right_turning,62185,62129,62185,56
walking,62214,62185,62214,29
climbing,62215,62214,62215,1
right_turning,62257,62215,62257,42
hunching,62331,62257,62331,74
sniffing,62441,62331,62441,110
right_turning,62464,62441,62464,23
climbing,62495,62464,62495,31
running,62529,62495,62529,34
rising,62557,62529,62557,28
left_turning,62565,62557,62565,8
running,62606,62565,62606,41
stepping,62653,62606,62653,47
walking,62655,62653,62655,2
sniffing,62681,62655,62681,26
rising,62735,62681,62735,54
walking,62766,62735,62766,31
left_turning,62781,62766,62781,15
walking,62889,62781,62889,108
left_turning,62937,62889,62937,48
walking,62998,62937,62998,61
rising,63089,62998,63089,91
sniffing,63162,63089,63162,73
walking,63167,63162,63167,5
sniffing,63168,63167,63168,1
rearing,63230,63168,63230,62
sniffing,63283,63230,63283,53
walking,63284,63283,63284,1
sniffing,63384,63284,63384,100
grooming,63469,63384,63469,85
sniffing,63532,63469,63532,63
walking,63573,63532,63573,41
climbing,63651,63573,63651,78
rearing,63671,63651,63671,20
right_turning,63672,63671,63672,1
climbing,63779,63672,63779,107
rising,63791,63779,63791,12
sniffing,63906,63791,63906,115
rising,63950,63906,63950,44
hunching,63997,63950,63997,47
grooming,65101,63997,65101,1104
right_turning,65124,65101,65124,23
walking,65125,65124,65125,1
left_turning,65201,65125,65201,76
sniffing,65278,65201,65278,77
right_turning,65289,65278,65289,11
sniffing,65387,65289,65387,98
rising,65500,65387,65500,113
climbing,65511,65500,65511,11
right_turning,65576,65511,65576,65
sniffing,65731,65576,65731,155
left_turning,65755,65731,65755,24
sniffing,65808,65755,65808,53
left_turning,65830,65808,65830,22
walking,65902,65830,65902,72
left_turning,65903,65902,65903,1
sniffing,65904,65903,65904,1
walking,65942,65904,65942,38
grooming,65943,65942,65943,1
left_turning,65969,65943,65969,26
sniffing,65970,65969,65970,1
right_turning,65971,65970,65971,1
sniffing,66074,65971,66074,103
left_turning,66075,66074,66075,1
right_turning,66086,66075,66086,11
climbing,66094,66086,66094,8
right_turning,66173,66094,66173,79
running,66197,66173,66197,24
sniffing,66404,66197,66404,207
walking,66504,66404,66504,100
climbing,66606,66504,66606,102
walking,66640,66606,66640,34
rearing,66665,66640,66665,25
sniffing,66848,66665,66848,183
rearing,66875,66848,66875,27
rising,66909,66875,66909,34
right_turning,66929,66909,66929,20
sniffing,67023,66929,67023,94
stepping,67077,67023,67077,54
walking,67172,67077,67172,95
rising,67250,67172,67250,78
climbing,67325,67250,67325,75
sniffing,67527,67325,67527,202
left_turning,67557,67527,67557,30
sniffing,67559,67557,67559,2
left_turning,67601,67559,67601,42
sniffing,67674,67601,67674,73
grooming,67675,67674,67675,1
climbing,67683,67675,67683,8
rising,67684,67683,67684,1
rearing,67747,67684,67747,63
sniffing,67947,67747,67947,200
stepping,67995,67947,67995,48
walking,68057,67995,68057,62
climbing,68135,68057,68135,78
grooming,68285,68135,68285,150
right_turning,68344,68285,68344,59
trotting,68409,68344,68409,65
stepping,68425,68409,68425,16
climbing,68499,68425,68499,74
rising,68516,68499,68516,17
right_turning,68585,68516,68585,69
walking,68634,68585,68634,49
sniffing,68703,68634,68703,69
walking,68723,68703,68723,20
stepping,68776,68723,68776,53
sniffing,68780,68776,68780,4
rising,68792,68780,68792,12
climbing,68849,68792,68849,57
rising,68880,68849,68880,31
sniffing,68889,68880,68889,9
stepping,68969,68889,68969,80
walking,68974,68969,68974,5
stepping,68978,68974,68978,4
left_turning,69012,68978,69012,34
sniffing,69030,69012,69030,18
left_turning,69035,69030,69035,5
climbing,69118,69035,69118,83
rising,69127,69118,69127,9
sniffing,69235,69127,69235,108
rising,69257,69235,69257,22
running,69258,69257,69258,1
hunching,69298,69258,69298,40
rising,69354,69298,69354,56
sniffing,69355,69354,69355,1
left_turning,69373,69355,69373,18
sniffing,69491,69373,69491,118
right_turning,69497,69491,69497,6
walking,69542,69497,69542,45
sniffing,69668,69542,69668,126
walking,69714,69668,69714,46
stepping,69756,69714,69756,42
walking,69773,69756,69773,17
sniffing,69792,69773,69792,19
rearing,69805,69792,69805,13
sniffing,69838,69805,69838,33
grooming,69839,69838,69839,1
left_turning,69874,69839,69874,35
walking,69875,69874,69875,1
sniffing,69981,69875,69981,106
rising,69999,69981,69999,18
sniffing,70001,69999,70001,2
rearing,70002,70001,70002,1
climbing,70041,70002,70041,39
right_turning,70046,70041,70046,5
climbing,70086,70046,70086,40
left_turning,70150,70086,70150,64
trotting,70165,70150,70165,15
right_turning,70167,70165,70167,2
rising,70212,70167,70212,45
sniffing,70238,70212,70238,26
left_turning,70307,70238,70307,69
rising,70308,70307,70308,1
sniffing,70523,70308,70523,215
left_turning,70560,70523,70560,37
walking,70616,70560,70616,56
sniffing,70697,70616,70697,81
rising,70698,70697,70698,1
sniffing,70754,70698,70754,56
walking,70799,70754,70799,45
trotting,70851,70799,70851,52
climbing,70992,70851,70992,141
right_turning,70997,70992,70997,5
running,71034,70997,71034,37
right_turning,71053,71034,71053,19
walking,71127,71053,71127,74
trotting,71153,71127,71153,26
climbing,71259,71153,71259,106
trotting,71286,71259,71286,27
sniffing,71427,71286,71427,141
rising,71431,71427,71431,4
walking,71439,71431,71439,8
climbing,71440,71439,71440,1
sniffing,71486,71440,71486,46
walking,71512,71486,71512,26
sniffing,71616,71512,71616,104
left_turning,71647,71616,71647,31
trotting,71683,71647,71683,36
sniffing,71789,71683,71789,106
rising,71838,71789,71838,49
climbing,71862,71838,71862,24
right_turning,71945,71862,71945,83
sniffing,72066,71945,72066,121
left_turning,72079,72066,72079,13
sniffing,72146,72079,72146,67
climbing,72147,72146,72147,1
grooming,72248,72147,72248,101
rearing,72296,72248,72296,48
walking,72335,72296,72335,39
climbing,72468,72335,72468,133
walking,72511,72468,72511,43
climbing,72578,72511,72578,67
walking,72653,72578,72653,75
sniffing,72698,72653,72698,45
right_turning,72711,72698,72711,13
sniffing,72806,72711,72806,95
climbing,72869,72806,72869,63
hunching,72905,72869,72905,36
rising,72931,72905,72931,26
climbing,72986,72931,72986,55
walking,73056,72986,73056,70
rising,73057,73056,73057,1
climbing,73058,73057,73058,1
hunching,73243,73058,73243,185
rising,73252,73243,73252,9
left_turning,73307,73252,73307,55
sniffing,73313,73307,73313,6
walking,73380,73313,73380,67
stepping,73396,73380,73396,16
sniffing,73401,73396,73401,5
trotting,73438,73401,73438,37
rising,73485,73438,73485,47
rearing,73539,73485,73539,54
trotting,73540,73539,73540,1
walking,73563,73540,73563,23
rising,73578,73563,73578,15
sniffing,73651,73578,73651,73
climbing,73693,73651,73693,42
sniffing,73694,73693,73694,1
rising,73695,73694,73695,1
climbing,73750,73695,73750,55
rearing,73908,73750,73908,158
climbing,73980,73908,73980,72
rising,73981,73980,73981,1
climbing,74007,73981,74007,26
rising,74071,74007,74071,64
walking,74081,74071,74081,10
sniffing,74210,74081,74210,129
rising,74211,74210,74211,1
climbing,74276,74211,74276,65
walking,74482,74276,74482,206
left_turning,74532,74482,74532,50
sniffing,74551,74532,74551,19
walking,74570,74551,74570,19
left_turning,74571,74570,74571,1
walking,74575,74571,74575,4
sniffing,74576,74575,74576,1
rising,74636,74576,74636,60
rearing,74637,74636,74637,1
sniffing,74646,74637,74646,9
hunching,74650,74646,74650,4
walking,74696,74650,74696,46
stepping,74789,74696,74789,93
walking,74790,74789,74790,1
climbing,74919,74790,74919,129
walking,74920,74919,74920,1
rising,74931,74920,74931,11
rearing,74977,74931,74977,46
sniffing,75109,74977,75109,132
stepping,75144,75109,75144,35
sniffing,75346,75144,75346,202
climbing,75420,75346,75420,74
rising,75443,75420,75443,23
climbing,75578,75443,75578,135
rearing,75612,75578,75612,34
rising,75710,75612,75710,98
walking,75757,75710,75757,47
left_turning,75845,75757,75845,88
walking,75889,75845,75889,44
sniffing,75965,75889,75965,76
climbing,75966,75965,75966,1
hunching,75967,75966,75967,1
rising,76036,75967,76036,69
climbing,76196,76036,76196,160
sniffing,76307,76196,76307,111
left_turning,76336,76307,76336,29
sniffing,76478,76336,76478,142
rising,76520,76478,76520,42
sniffing,76623,76520,76623,103
rising,76624,76623,76624,1
walking,76659,76624,76659,35
sniffing,76781,76659,76781,122
grooming,76963,76781,76963,182
climbing,76964,76963,76964,1
rearing,77038,76964,77038,74
grooming,77039,77038,77039,1
sniffing,77093,77039,77093,54
stepping,77133,77093,77133,40
sniffing,77274,77133,77274,141
hunching,77316,77274,77316,42
right_turning,77374,77316,77374,58
trotting,77397,77374,77397,23
sniffing,77504,77397,77504,107
left_turning,77522,77504,77522,18
sniffing,77713,77522,77713,191
hunching,77909,77713,77909,196
right_turning,77978,77909,77978,69
stepping,78005,77978,78005,27
rising,78046,78005,78046,41
rearing,78084,78046,78084,38
rising,78111,78084,78111,27
stepping,78163,78111,78163,52
sniffing,78387,78163,78387,224
left_turning,78417,78387,78417,30
sniffing,78429,78417,78429,12
left_turning,78430,78429,78430,1
sniffing,78536,78430,78536,106
walking,78537,78536,78537,1
sniffing,78666,78537,78666,129
stepping,78691,78666,78691,25
walking,78692,78691,78692,1
rising,78742,78692,78742,50
sniffing,78746,78742,78746,4
climbing,78802,78746,78802,56
walking,78803,78802,78803,1
right_turning,78831,78803,78831,28
stepping,78856,78831,78856,25
left_turning,78870,78856,78870,14
walking,78914,78870,78914,44
sniffing,78918,78914,78918,4
walking,78978,78918,78978,60
right_turning,78997,78978,78997,19
trotting,79025,78997,79025,28
sniffing,79154,79025,79154,129
stepping,79200,79154,79200,46
rising,79246,79200,79246,46
climbing,79390,79246,79390,144
hunching,79420,79390,79420,30
sniffing,79546,79420,79546,126
walking,79665,79546,79665,119
climbing,79708,79665,79708,43
rising,79722,79708,79722,14
rearing,79746,79722,79746,24
sniffing,79889,79746,79889,143
stepping,79948,79889,79948,59
sniffing,80011,79948,80011,63
rising,80073,80011,80073,62
climbing,80101,80073,80101,28
rising,80102,80101,80102,1
walking,80163,80102,80163,61
climbing,80220,80163,80220,57
rising,80297,80220,80297,77
sniffing,80355,80297,80355,58
rearing,80403,80355,80403,48
climbing,80404,80403,80404,1
rising,80469,80404,80469,65
climbing,80509,80469,80509,40
rearing,80510,80509,80510,1
rising,80575,80510,80575,65
climbing,80576,80575,80576,1
right_turning,80592,80576,80592,16
climbing,80614,80592,80614,22
walking,80621,80614,80621,7
sniffing,80753,80621,80753,132
walking,80768,80753,80768,15
sniffing,80969,80768,80969,201
walking,81007,80969,81007,38
rising,81053,81007,81053,46
left_turning,81080,81053,81080,27
sniffing,81204,81080,81204,124
left_turning,81237,81204,81237,33
walking,81266,81237,81266,29
sniffing,81458,81266,81458,192
left_turning,81504,81458,81504,46
sniffing,81516,81504,81516,12
walking,81532,81516,81532,16
climbing,81569,81532,81569,37
rearing,81570,81569,81570,1
rising,81571,81570,81571,1
sniffing,81730,81571,81730,159
rising,81731,81730,81731,1
left_turning,81746,81731,81746,15
running,81817,81746,81817,71
trotting,81893,81817,81893,76
walking,81913,81893,81913,20
sniffing,81922,81913,81922,9
rising,81937,81922,81937,15
sniffing,81938,81937,81938,1
rising,82007,81938,82007,69
sniffing,82046,82007,82046,39
right_turning,82075,82046,82075,29
climbing,82186,82075,82186,111
rearing,82335,82186,82335,149
climbing,82414,82335,82414,79
hunching,82422,82414,82422,8
left_turning,82442,82422,82442,20
sniffing,82443,82442,82443,1
rising,82470,82443,82470,27
climbing,82681,82470,82681,211
running,82685,82681,82685,4
stepping,82739,82685,82739,54
sniffing,82740,82739,82740,1
left_turning,82755,82740,82755,15
sniffing,82848,82755,82848,93
climbing,82892,82848,82892,44
trotting,82921,82892,82921,29
rising,82963,82921,82963,42
walking,83055,82963,83055,92
left_turning,83086,83055,83086,31
walking,83131,83086,83131,45
sniffing,83172,83131,83172,41
stepping,83239,83172,83239,67
left_turning,83287,83239,83287,48
sniffing,83450,83287,83450,163
walking,83541,83450,83541,91
rising,83542,83541,83542,1
sniffing,83543,83542,83543,1
right_turning,83559,83543,83559,16
walking,83655,83559,83655,96
sniffing,83704,83655,83704,49
stepping,83734,83704,83734,30
sniffing,83859,83734,83859,125
walking,83906,83859,83906,47
stepping,83973,83906,83973,67
trotting,83985,83973,83985,12
rearing,83986,83985,83986,1
right_turning,84020,83986,84020,34
left_turning,84047,84020,84047,27
running,84051,84047,84051,4
left_turning,84073,84051,84073,22
right_turning,84074,84073,84074,1
trotting,84129,84074,84129,55
sniffing,84275,84129,84275,146
rising,84307,84275,84307,32
left_turning,84372,84307,84372,65
walking,84426,84372,84426,54
sniffing,84493,84426,84493,67
left_turning,84516,84493,84516,23
walking,84548,84516,84548,32
climbing,84587,84548,84587,39
sniffing,84665,84587,84665,78
climbing,84756,84665,84756,91
walking,84757,84756,84757,1
climbing,84887,84757,84887,130
rearing,84933,84887,84933,46
climbing,84964,84933,84964,31
rising,84988,84964,84988,24
climbing,85019,84988,85019,31
rising,85079,85019,85079,60
sniffing,85084,85079,85084,5
left_turning,85126,85084,85126,42
sniffing,85233,85126,85233,107
hunching,85335,85233,85335,102
rearing,85336,85335,85336,1
walking,85353,85336,85353,17
climbing,85399,85353,85399,46
rearing,85403,85399,85403,4
grooming,85749,85403,85749,346
climbing,85791,85749,85791,42
walking,85821,85791,85821,30
climbing,85847,85821,85847,26
trotting,85852,85847,85852,5
sniffing,85867,85852,85867,15
climbing,85951,85867,85951,84
sniffing,85952,85951,85952,1
right_turning,85957,85952,85957,5
left_turning,86035,85957,86035,78
sniffing,86046,86035,86046,11
left_turning,86047,86046,86047,1
walking,86058,86047,86058,11
rearing,86175,86058,86175,117
sniffing,86176,86175,86176,1
rising,86177,86176,86177,1
climbing,86366,86177,86366,189
walking,86369,86366,86369,3
sniffing,86449,86369,86449,80
walking,86450,86449,86450,1
sniffing,86473,86450,86473,23
rising,86503,86473,86503,30
sniffing,86624,86503,86624,121
left_turning,86661,86624,86661,37
walking,86686,86661,86686,25
sniffing,86775,86686,86775,89
walking,86819,86775,86819,44
sniffing,86838,86819,86838,19
rearing,86840,86838,86840,2
grooming,87064,86840,87064,224
right_turning,87101,87064,87101,37
running,87122,87101,87122,21
walking,87172,87122,87172,50
rising,87173,87172,87173,1
climbing,87174,87173,87174,1
walking,87224,87174,87224,50
climbing,87225,87224,87225,1
sniffing,87226,87225,87226,1
walking,87288,87226,87288,62
rising,87396,87288,87396,108
rearing,87452,87396,87452,56
climbing,87483,87452,87483,31
grooming,87539,87483,87539,56
climbing,87540,87539,87540,1
hunching,87623,87540,87623,83
trotting,87628,87623,87628,5
rising,87692,87628,87692,64
climbing,87740,87692,87740,48
hunching,87748,87740,87748,8
rearing,87749,87748,87749,1
climbing,87802,87749,87802,53
walking,87917,87802,87917,115
sniffing,88034,87917,88034,117
trotting,88089,88034,88089,55
sniffing,88090,88089,88090,1
pausing,88091,88090,88091,1
rising,88138,88091,88138,47
rearing,88262,88138,88262,124
sniffing,88302,88262,88302,40
rising,88303,88302,88303,1
sniffing,88304,88303,88304,1
walking,88351,88304,88351,47
trotting,88404,88351,88404,53
sniffing,88491,88404,88491,87
rising,88492,88491,88492,1
sniffing,88675,88492,88675,183
rising,88729,88675,88729,54
rearing,89026,88729,89026,297
stepping,89043,89026,89043,17
sniffing,89044,89043,89044,1
climbing,89062,89044,89062,18
sniffing,89126,89062,89126,64
rearing,89203,89126,89203,77
right_turning,89204,89203,89204,1
trotting,89276,89204,89276,72
sniffing,89277,89276,89277,1
rising,89278,89277,89278,1
climbing,89290,89278,89290,12
hunching,89365,89290,89365,75
grooming,89484,89365,89484,119
climbing,89592,89484,89592,108
sniffing,89637,89592,89637,45
left_turning,89724,89637,89724,87
walking,89810,89724,89810,86
rising,89815,89810,89815,5
sniffing,89899,89815,89899,84
grooming,90658,89899,90658,759
rising,90659,90658,90659,1
rearing,90740,90659,90740,81
climbing,90850,90740,90850,110
sniffing,90961,90850,90961,111
stepping,91052,90961,91052,91
walking,91125,91052,91125,73
sniffing,91167,91125,91167,42
trotting,91184,91167,91184,17
sniffing,91185,91184,91185,1
left_turning,91208,91185,91208,23
walking,91237,91208,91237,29
left_turning,91238,91237,91238,1
rearing,91307,91238,91307,69
grooming,91314,91307,91314,7
rearing,91370,91314,91370,56
climbing,91440,91370,91440,70
grooming,91965,91440,91965,525
sniffing,92028,91965,92028,63
rising,92106,92028,92106,78
climbing,92262,92106,92262,156
sniffing,92263,92262,92263,1
walking,92286,92263,92286,23
climbing,92400,92286,92400,114
rising,92419,92400,92419,19
grooming,92867,92419,92867,448
sniffing,92897,92867,92897,30
climbing,93045,92897,93045,148
rising,93046,93045,93046,1
walking,93099,93046,93099,53
left_turning,93134,93099,93134,35
rising,93135,93134,93135,1
climbing,93136,93135,93136,1
sniffing,93215,93136,93215,79
right_turning,93250,93215,93250,35
running,93251,93250,93251,1
sniffing,93517,93251,93517,266
walking,93601,93517,93601,84
rising,93620,93601,93620,19
climbing,93656,93620,93656,36
sniffing,93998,93656,93998,342
jumping,93999,93998,93999,1
rising,94000,93999,94000,1
sniffing,94126,94000,94126,126
left_turning,94187,94126,94187,61
sniffing,94435,94187,94435,248
rearing,94581,94435,94581,146
rising,94620,94581,94620,39
sniffing,94621,94620,94621,1
left_turning,94669,94621,94669,48
walking,94729,94669,94729,60
sniffing,94730,94729,94730,1
rearing,94731,94730,94731,1
grooming,94947,94731,94947,216
rearing,94957,94947,94957,10
rising,94960,94957,94960,3
sniffing,95016,94960,95016,56
walking,95066,95016,95066,50
left_turning,95085,95066,95085,19
walking,95164,95085,95164,79
stepping,95199,95164,95199,35
sniffing,95200,95199,95200,1
stepping,95266,95200,95266,66
climbing,95362,95266,95362,96
sniffing,95425,95362,95425,63
walking,95440,95425,95440,15
left_turning,95447,95440,95447,7
trotting,95499,95447,95499,52
sniffing,95500,95499,95500,1
right_turning,95528,95500,95528,28
trotting,95552,95528,95552,24
walking,95585,95552,95585,33
right_turning,95604,95585,95604,19
walking,95663,95604,95663,59
sniffing,95671,95663,95671,8
left_turning,95691,95671,95691,20
walking,95734,95691,95734,43
climbing,95736,95734,95736,2
rising,95794,95736,95794,58
left_turning,95812,95794,95812,18
sniffing,95859,95812,95859,47
left_turning,95899,95859,95899,40
walking,95933,95899,95933,34
sniffing,95980,95933,95980,47
rising,95984,95980,95984,4
rearing,96047,95984,96047,63
climbing,96088,96047,96088,41
rising,96089,96088,96089,1
climbing,96201,96089,96201,112
sniffing,96219,96201,96219,18
rising,96314,96219,96314,95
climbing,96426,96314,96426,112
trotting,96459,96426,96459,33
sniffing,96677,96459,96677,218
right_turning,96678,96677,96678,1
trotting,96696,96678,96696,18
sniffing,96720,96696,96720,24
right_turning,96779,96720,96779,59
running,96801,96779,96801,22
sniffing,96802,96801,96802,1
hunching,96835,96802,96835,33
sniffing,96836,96835,96836,1
left_turning,96853,96836,96853,17
sniffing,97182,96853,97182,329
hunching,97262,97182,97262,80
sniffing,97263,97262,97263,1
walking,97278,97263,97278,15
stepping,97298,97278,97298,20
left_turning,97326,97298,97326,28
walking,97382,97326,97382,56
sniffing,97552,97382,97552,170
walking,97573,97552,97573,21
sniffing,97574,97573,97574,1
climbing,97575,97574,97575,1
rising,97627,97575,97627,52
climbing,97628,97627,97628,1
sniffing,97698,97628,97698,70
walking,97699,97698,97699,1
sniffing,97760,97699,97760,61
climbing,97848,97760,97848,88
sniffing,97895,97848,97895,47
walking,97914,97895,97914,19
sniffing,98023,97914,98023,109
left_turning,98086,98023,98086,63
running,98109,98086,98109,23
stepping,98136,98109,98136,27
walking,98175,98136,98175,39
sniffing,98195,98175,98195,20
trotting,98234,98195,98234,39
walking,98235,98234,98235,1
right_turning,98251,98235,98251,16
sniffing,98463,98251,98463,212
rising,98494,98463,98494,31
climbing,98581,98494,98581,87
right_turning,98612,98581,98612,31
trotting,98629,98612,98629,17
stepping,98696,98629,98696,67
rising,98730,98696,98730,34
right_turning,98761,98730,98761,31
trotting,98784,98761,98784,23
walking,98785,98784,98785,1
stepping,98811,98785,98811,26
climbing,98987,98811,98987,176
sniffing,98988,98987,98988,1
right_turning,99046,98988,99046,58
rising,99047,99046,99047,1
right_turning,99060,99047,99060,13
trotting,99108,99060,99108,48
sniffing,99248,99108,99248,140
trotting,99268,99248,99268,20
sniffing,99325,99268,99325,57
walking,99427,99325,99427,102
rising,99528,99427,99528,101
sniffing,99529,99528,99529,1
left_turning,99557,99529,99557,28
sniffing,99642,99557,99642,85
rising,99663,99642,99663,21
pausing,100547,99663,100547,884
sniffing,100696,100547,100696,149
stepping,100732,100696,100732,36
left_turning,100791,100732,100791,59
sniffing,100930,100791,100930,139
left_turning,100983,100930,100983,53
rising,100984,100983,100984,1
sniffing,100985,100984,100985,1
climbing,100986,100985,100986,1
right_turning,100988,100986,100988,2
climbing,100989,100988,100989,1
running,101011,100989,101011,22
sniffing,101075,101011,101075,64
rising,101156,101075,101156,81
climbing,101211,101156,101211,55
sniffing,101369,101211,101369,158
grooming,101821,101369,101821,452
climbing,101837,101821,101837,16
rearing,101872,101837,101872,35
sniffing,101882,101872,101882,10
rising,101883,101882,101883,1
climbing,101952,101883,101952,69
grooming,101968,101952,101968,16
sniffing,102164,101968,102164,196
rising,102283,102164,102283,119
sniffing,102359,102283,102359,76
rising,102452,102359,102452,93
climbing,102514,102452,102514,62
rising,102620,102514,102620,106
sniffing,102714,102620,102714,94
right_turning,102764,102714,102764,50
trotting,102805,102764,102805,41
stepping,102823,102805,102823,18
climbing,102879,102823,102879,56
sniffing,102880,102879,102880,1
rising,102881,102880,102881,1
walking,102920,102881,102920,39
sniffing,103024,102920,103024,104
right_turning,103048,103024,103048,24
grooming,103049,103048,103049,1
climbing,103195,103049,103195,146
right_turning,103196,103195,103196,1
trotting,103239,103196,103239,43
sniffing,103317,103239,103317,78
rising,103397,103317,103397,80
climbing,103510,103397,103510,113
sniffing,103627,103510,103627,117
left_turning,103674,103627,103674,47
sniffing,103675,103674,103675,1
rising,103699,103675,103699,24
sniffing,103736,103699,103736,37
grooming,103779,103736,103779,43
sniffing,104002,103779,104002,223
walking,104052,104002,104052,50
sniffing,104053,104052,104053,1
stepping,104083,104053,104083,30
rising,104084,104083,104084,1
grooming,104246,104084,104246,162
left_turning,104328,104246,104328,82
running,104364,104328,104364,36
walking,104438,104364,104438,74
sniffing,104592,104438,104592,154
rising,104694,104592,104694,102
hunching,104783,104694,104783,89
right_turning,104799,104783,104799,16
walking,104836,104799,104836,37
sniffing,104848,104836,104848,12
rising,104898,104848,104898,50
climbing,104948,104898,104948,50
walking,105006,104948,105006,58
sniffing,105007,105006,105007,1
climbing,105129,105007,105129,122
rearing,105268,105129,105268,139
hunching,105402,105268,105402,134
sniffing,105415,105402,105415,13
rising,105441,105415,105441,26
climbing,105497,105441,105497,56
rising,105501,105497,105501,4
climbing,105502,105501,105502,1
rearing,105559,105502,105559,57
walking,105595,105559,105595,36
rearing,105710,105595,105710,115
sniffing,105785,105710,105785,75
left_turning,105808,105785,105808,23
stepping,105848,105808,105848,40
sniffing,105860,105848,105860,12
rising,105935,105860,105935,75
walking,105971,105935,105971,36
sniffing,106068,105971,106068,97
rising,106070,106068,106070,2
climbing,106073,106070,106073,3
sniffing,106104,106073,106104,31
rearing,106256,106104,106256,152
sniffing,106470,106256,106470,214
left_turning,106513,106470,106513,43
running,106552,106513,106552,39
rising,106565,106552,106565,13
sniffing,106566,106565,106566,1
left_turning,106612,106566,106612,46
rising,106672,106612,106672,60
sniffing,106757,106672,106757,85
rising,106758,106757,106758,1
sniffing,106884,106758,106884,126
walking,106915,106884,106915,31
grooming,106916,106915,106916,1
rearing,106970,106916,106970,54
left_turning,106992,106970,106992,22
sniffing,107030,106992,107030,38
rising,107065,107030,107065,35
rearing,107148,107065,107148,83
sniffing,107149,107148,107149,1
hunching,107178,107149,107178,29
sniffing,107269,107178,107269,91
hunching,107354,107269,107354,85
sniffing,107357,107354,107357,3
right_turning,107366,107357,107366,9
walking,107389,107366,107389,23
left_turning,107403,107389,107403,14
rearing,107484,107403,107484,81
grooming,107786,107484,107786,302
left_turning,107832,107786,107832,46
walking,107877,107832,107877,45
trotting,107921,107877,107921,44
right_turning,107966,107921,107966,45
walking,107992,107966,107992,26
sniffing,108000,107992,108000,8
