revised_movement_label,segBoundary,segBoundary_start,segBoundary_end,length
sniffing,54,0,54,54
walking,131,54,131,77
sniffing,184,131,184,53
running,185,184,185,1
walking,293,185,293,108
trotting,352,293,352,59
left_turning,383,352,383,31
walking,411,383,411,28
trotting,415,411,415,4
sniffing,416,415,416,1
climbing,477,416,477,61
trotting,498,477,498,21
sniffing,499,498,499,1
trotting,500,499,500,1
sniffing,501,500,501,1
climbing,557,501,557,56
trotting,567,557,567,10
walking,621,567,621,54
stepping,647,621,647,26
climbing,685,647,685,38
sniffing,729,685,729,44
climbing,766,729,766,37
hunching,790,766,790,24
climbing,843,790,843,53
trotting,881,843,881,38
walking,940,881,940,59
rising,963,940,963,23
walking,964,963,964,1
sniffing,965,964,965,1
rising,966,965,966,1
sniffing,1075,966,1075,109
climbing,1113,1075,1113,38
sniffing,1175,1113,1175,62
walking,1176,1175,1176,1
climbing,1233,1176,1233,57
sniffing,1234,1233,1234,1
rising,1247,1234,1247,13
sniffing,1323,1247,1323,76
rising,1388,1323,1388,65
sniffing,1416,1388,1416,28
left_turning,1462,1416,1462,46
sniffing,1463,1462,1463,1
rearing,1464,1463,1464,1
walking,1515,1464,1515,51
sniffing,1516,1515,1516,1
rising,1572,1516,1572,56
climbing,1633,1572,1633,61
right_turning,1689,1633,1689,56
rising,1734,1689,1734,45
sniffing,1786,1734,1786,52
walking,1788,1786,1788,2
sniffing,1789,1788,1789,1
climbing,1812,1789,1812,23
sniffing,1844,1812,1844,32
walking,1850,1844,1850,6
sniffing,2021,1850,2021,171
trotting,2022,2021,2022,1
running,2057,2022,2057,35
sniffing,2174,2057,2174,117
walking,2185,2174,2185,11
climbing,2250,2185,2250,65
rising,2295,2250,2295,45
running,2335,2295,2335,40
sniffing,2336,2335,2336,1
left_turning,2397,2336,2397,61
sniffing,2529,2397,2529,132
trotting,2588,2529,2588,59
stepping,2596,2588,2596,8
sniffing,2676,2596,2676,80
rising,2704,2676,2704,28
climbing,2746,2704,2746,42
sniffing,2777,2746,2777,31
climbing,2821,2777,2821,44
left_turning,2873,2821,2873,52
trotting,2908,2873,2908,35
left_turning,2933,2908,2933,25
sniffing,2948,2933,2948,15
running,2990,2948,2990,42
stepping,3004,2990,3004,14
sniffing,3118,3004,3118,114
left_turning,3119,3118,3119,1
climbing,3188,3119,3188,69
left_turning,3189,3188,3189,1
trotting,3234,3189,3234,45
walking,3235,3234,3235,1
sniffing,3306,3235,3306,71
walking,3373,3306,3373,67
sniffing,3525,3373,3525,152
trotting,3585,3525,3585,60
sniffing,3708,3585,3708,123
right_turning,3727,3708,3727,19
rearing,3791,3727,3791,64
sniffing,3851,3791,3851,60
climbing,3893,3851,3893,42
sniffing,3904,3893,3904,11
rising,3952,3904,3952,48
walking,3983,3952,3983,31
rising,4044,3983,4044,61
climbing,4066,4044,4066,22
sniffing,4136,4066,4136,70
rearing,4137,4136,4137,1
rising,4227,4137,4227,90
walking,4312,4227,4312,85
sniffing,4394,4312,4394,82
rising,4465,4394,4465,71
climbing,4527,4465,4527,62
running,4541,4527,4541,14
trotting,4587,4541,4587,46
sniffing,4598,4587,4598,11
rising,4602,4598,4602,4
grooming,4900,4602,4900,298
climbing,4974,4900,4974,74
sniffing,5050,4974,5050,76
pausing,5510,5050,5510,460
sniffing,5516,5510,5516,6
rising,5517,5516,5517,1
walking,5518,5517,5518,1
climbing,5559,5518,5559,41
walking,5589,5559,5589,30
sniffing,5656,5589,5656,67
rising,5669,5656,5669,13
climbing,5785,5669,5785,116
walking,5786,5785,5786,1
rising,5819,5786,5819,33
walking,5888,5819,5888,69
sniffing,6029,5888,6029,141
walking,6089,6029,6089,60
sniffing,6129,6089,6129,40
left_turning,6188,6129,6188,59
walking,6267,6188,6267,79
trotting,6312,6267,6312,45
rising,6364,6312,6364,52
sniffing,6548,6364,6548,184
left_turning,6555,6548,6555,7
sniffing,6619,6555,6619,64
walking,6643,6619,6643,24
sniffing,6644,6643,6644,1
climbing,6675,6644,6675,31
sniffing,6771,6675,6771,96
trotting,6832,6771,6832,61
sniffing,6908,6832,6908,76
climbing,6946,6908,6946,38
running,6953,6946,6953,7
stepping,6981,6953,6981,28
rising,7015,6981,7015,34
walking,7016,7015,7016,1
sniffing,7055,7016,7055,39
left_turning,7128,7055,7128,73
right_turning,7199,7128,7199,71
walking,7247,7199,7247,48
sniffing,7248,7247,7248,1
rising,7276,7248,7276,28
rearing,7334,7276,7334,58
rising,7396,7334,7396,62
climbing,7431,7396,7431,35
walking,7432,7431,7432,1
sniffing,7502,7432,7502,70
left_turning,7559,7502,7559,57
walking,7560,7559,7560,1
sniffing,7608,7560,7608,48
climbing,7688,7608,7688,80
left_turning,7689,7688,7689,1
sniffing,7727,7689,7727,38
rising,7772,7727,7772,45
climbing,7870,7772,7870,98
rising,7878,7870,7878,8
walking,7957,7878,7957,79
climbing,8006,7957,8006,49
rising,8069,8006,8069,63
left_turning,8116,8069,8116,47
sniffing,8195,8116,8195,79
climbing,8236,8195,8236,41
walking,8237,8236,8237,1
rising,8335,8237,8335,98
sniffing,8391,8335,8391,56
left_turning,8440,8391,8440,49
walking,8444,8440,8444,4
rising,8448,8444,8448,4
climbing,8482,8448,8482,34
sniffing,8665,8482,8665,183
trotting,8666,8665,8666,1
sniffing,8667,8666,8667,1
grooming,8678,8667,8678,11
hunching,8777,8678,8777,99
rearing,8838,8777,8838,61
climbing,8920,8838,8920,82
left_turning,8924,8920,8924,4
stepping,8976,8924,8976,52
rising,9027,8976,9027,51
climbing,9132,9027,9132,105
sniffing,9164,9132,9164,32
climbing,9191,9164,9191,27
walking,9251,9191,9251,60
climbing,9315,9251,9315,64
rising,9363,9315,9363,48
climbing,9370,9363,9370,7
sniffing,9404,9370,9404,34
trotting,9438,9404,9438,34
walking,9476,9438,9476,38
sniffing,9529,9476,9529,53
rising,9530,9529,9530,1
sniffing,9647,9530,9647,117
climbing,9662,9647,9662,15
walking,9702,9662,9702,40
climbing,9768,9702,9768,66
right_turning,9793,9768,9793,25
rising,9794,9793,9794,1
climbing,9902,9794,9902,108
rising,9983,9902,9983,81
right_turning,9994,9983,9994,11
walking,10011,9994,10011,17
pausing,10095,10011,10095,84
hunching,10104,10095,10104,9
climbing,10180,10104,10180,76
running,10217,10180,10217,37
stepping,10249,10217,10249,32
climbing,10276,10249,10276,27
walking,10328,10276,10328,52
sniffing,10394,10328,10394,66
rising,10410,10394,10410,16
sniffing,10441,10410,10441,31
grooming,10507,10441,10507,66
hunching,10578,10507,10578,71
sniffing,10602,10578,10602,24
walking,10712,10602,10712,110
sniffing,10793,10712,10793,81
walking,10844,10793,10844,51
sniffing,10873,10844,10873,29
rising,10894,10873,10894,21
climbing,10929,10894,10929,35
sniffing,10994,10929,10994,65
climbing,11038,10994,11038,44
walking,11103,11038,11103,65
sniffing,11138,11103,11138,35
rising,11162,11138,11162,24
walking,11182,11162,11182,20
left_turning,11251,11182,11251,69
sniffing,11353,11251,11353,102
climbing,11419,11353,11419,66
sniffing,11434,11419,11434,15
walking,11479,11434,11479,45
left_turning,11528,11479,11528,49
walking,11529,11528,11529,1
rising,11530,11529,11530,1
climbing,11571,11530,11571,41
rising,11626,11571,11626,55
left_turning,11656,11626,11656,30
walking,11693,11656,11693,37
sniffing,11797,11693,11797,104
rising,11833,11797,11833,36
sniffing,11866,11833,11866,33
left_turning,11885,11866,11885,19
sniffing,11949,11885,11949,64
left_turning,12001,11949,12001,52
stepping,12032,12001,12032,31
trotting,12073,12032,12073,41
sniffing,12166,12073,12166,93
climbing,12236,12166,12236,70
hunching,12276,12236,12276,40
climbing,12335,12276,12335,59
walking,12336,12335,12336,1
stepping,12355,12336,12355,19
walking,12356,12355,12356,1
rising,12357,12356,12357,1
sniffing,12377,12357,12377,20
running,12429,12377,12429,52
walking,12438,12429,12438,9
left_turning,12454,12438,12454,16
trotting,12471,12454,12471,17
sniffing,12513,12471,12513,42
climbing,12530,12513,12530,17
rearing,12531,12530,12531,1
rising,12532,12531,12532,1
climbing,12559,12532,12559,27
sniffing,12662,12559,12662,103
trotting,12681,12662,12681,19
rising,12797,12681,12797,116
hunching,12876,12797,12876,79
sniffing,12931,12876,12931,55
left_turning,12932,12931,12932,1
sniffing,13018,12932,13018,86
climbing,13088,13018,13088,70
sniffing,13089,13088,13089,1
right_turning,13124,13089,13124,35
left_turning,13181,13124,13181,57
sniffing,13337,13181,13337,156
right_turning,13338,13337,13338,1
sniffing,13357,13338,13357,19
climbing,13420,13357,13420,63
sniffing,13554,13420,13554,134
left_turning,13599,13554,13599,45
running,13610,13599,13610,11
rising,13654,13610,13654,44
sniffing,13697,13654,13697,43
rising,13717,13697,13717,20
climbing,13779,13717,13779,62
stepping,13789,13779,13789,10
sniffing,13899,13789,13899,110
trotting,13964,13899,13964,65
running,13968,13964,13968,4
sniffing,13969,13968,13969,1
running,13988,13969,13988,19
sniffing,13989,13988,13989,1
rearing,13990,13989,13990,1
climbing,14041,13990,14041,51
sniffing,14091,14041,14091,50
rising,14147,14091,14147,56
walking,14162,14147,14162,15
sniffing,14173,14162,14173,11
grooming,14239,14173,14239,66
left_turning,14281,14239,14281,42
running,14291,14281,14291,10
left_turning,14327,14291,14327,36
walking,14395,14327,14395,68
right_turning,14422,14395,14422,27
left_turning,14456,14422,14456,34
rising,14485,14456,14485,29
sniffing,14486,14485,14486,1
climbing,14530,14486,14530,44
sniffing,14608,14530,14608,78
left_turning,14649,14608,14649,41
right_turning,14682,14649,14682,33
trotting,14711,14682,14711,29
stepping,14762,14711,14762,51
walking,14783,14762,14783,21
trotting,14796,14783,14796,13
sniffing,14821,14796,14821,25
walking,14843,14821,14843,22
left_turning,14844,14843,14844,1
walking,14908,14844,14908,64
sniffing,15236,14908,15236,328
walking,15312,15236,15312,76
sniffing,15371,15312,15371,59
climbing,15529,15371,15529,158
sniffing,15633,15529,15633,104
walking,15688,15633,15688,55
left_turning,15720,15688,15720,32
running,15742,15720,15742,22
stepping,15748,15742,15748,6
rising,15835,15748,15835,87
left_turning,15868,15835,15868,33
walking,15869,15868,15869,1
rising,15928,15869,15928,59
rearing,15929,15928,15929,1
climbing,15975,15929,15975,46
left_turning,16010,15975,16010,35
walking,16070,16010,16070,60
climbing,16085,16070,16085,15
hunching,16086,16085,16086,1
sniffing,16091,16086,16091,5
walking,16127,16091,16127,36
sniffing,16237,16127,16237,110
left_turning,16266,16237,16266,29
stepping,16274,16266,16274,8
sniffing,16275,16274,16275,1
right_turning,16316,16275,16316,41
walking,16354,16316,16354,38
running,16371,16354,16371,17
stepping,16431,16371,16431,60
rising,16454,16431,16454,23
right_turning,16479,16454,16479,25
rising,16507,16479,16507,28
walking,16520,16507,16520,13
climbing,16527,16520,16527,7
trotting,16578,16527,16578,51
walking,16604,16578,16604,26
sniffing,16616,16604,16616,12
climbing,16674,16616,16674,58
right_turning,16699,16674,16699,25
sniffing,16798,16699,16798,99
rising,16799,16798,16799,1
sniffing,16865,16799,16865,66
walking,16894,16865,16894,29
rising,16918,16894,16918,24
sniffing,16966,16918,16966,48
left_turning,17010,16966,17010,44
trotting,17028,17010,17028,18
climbing,17103,17028,17103,75
trotting,17154,17103,17154,51
sniffing,17258,17154,17258,104
walking,17311,17258,17311,53
rising,17360,17311,17360,49
walking,17361,17360,17361,1
stepping,17398,17361,17398,37
sniffing,17415,17398,17415,17
climbing,17476,17415,17476,61
walking,17532,17476,17532,56
trotting,17533,17532,17533,1
rising,17575,17533,17575,42
left_turning,17684,17575,17684,109
sniffing,17685,17684,17685,1
trotting,17740,17685,17740,55
climbing,17782,17740,17782,42
sniffing,17816,17782,17816,34
left_turning,17835,17816,17835,19
sniffing,17970,17835,17970,135
rising,17980,17970,17980,10
climbing,18018,17980,18018,38
sniffing,18124,18018,18124,106
rising,18125,18124,18125,1
walking,18126,18125,18126,1
rising,18156,18126,18156,30
rearing,18226,18156,18226,70
hunching,18238,18226,18238,12
sniffing,18368,18238,18368,130
rising,18429,18368,18429,61
hunching,18446,18429,18446,17
climbing,18528,18446,18528,82
sniffing,18592,18528,18592,64
trotting,18643,18592,18643,51
walking,18692,18643,18692,49
sniffing,18820,18692,18820,128
rising,18922,18820,18922,102
stepping,18961,18922,18961,39
hunching,18962,18961,18962,1
grooming,19095,18962,19095,133
left_turning,19152,19095,19152,57
trotting,19184,19152,19184,32
left_turning,19219,19184,19219,35
climbing,19314,19219,19314,95
trotting,19339,19314,19339,25
left_turning,19471,19339,19471,132
walking,19516,19471,19516,45
sniffing,19543,19516,19543,27
rising,19579,19543,19579,36
left_turning,19632,19579,19632,53
walking,19668,19632,19668,36
sniffing,19718,19668,19718,50
walking,19754,19718,19754,36
rising,19768,19754,19768,14
climbing,19769,19768,19769,1
sniffing,19776,19769,19776,7
stepping,19832,19776,19832,56
rearing,19849,19832,19849,17
rising,19879,19849,19879,30
climbing,19880,19879,19880,1
trotting,19894,19880,19894,14
walking,19902,19894,19902,8
climbing,19963,19902,19963,61
rearing,20021,19963,20021,58
sniffing,20188,20021,20188,167
stepping,20237,20188,20237,49
sniffing,20436,20237,20436,199
walking,20508,20436,20508,72
climbing,20548,20508,20548,40
walking,20578,20548,20578,30
sniffing,20607,20578,20607,29
grooming,20718,20607,20718,111
hunching,20771,20718,20771,53
grooming,20772,20771,20772,1
climbing,20823,20772,20823,51
sniffing,20824,20823,20824,1
climbing,20860,20824,20860,36
rearing,20908,20860,20908,48
sniffing,20939,20908,20939,31
climbing,21000,20939,21000,61
sniffing,21052,21000,21052,52
walking,21110,21052,21110,58
running,21113,21110,21113,3
walking,21163,21113,21163,50
stepping,21167,21163,21167,4
left_turning,21169,21167,21169,2
trotting,21208,21169,21208,39
sniffing,21251,21208,21251,43
left_turning,21345,21251,21345,94
running,21351,21345,21351,6
walking,21368,21351,21368,17
rising,21480,21368,21480,112
sniffing,21507,21480,21507,27
walking,21632,21507,21632,125
rising,21665,21632,21665,33
climbing,21688,21665,21688,23
trotting,21700,21688,21700,12
left_turning,21717,21700,21717,17
sniffing,21765,21717,21765,48
stepping,21797,21765,21797,32
sniffing,21864,21797,21864,67
right_turning,21911,21864,21911,47
walking,21936,21911,21936,25
rising,21937,21936,21937,1
rearing,22016,21937,22016,79
grooming,22033,22016,22033,17
sniffing,22092,22033,22092,59
walking,22181,22092,22181,89
rising,22232,22181,22232,51
walking,22247,22232,22247,15
trotting,22279,22247,22279,32
left_turning,22360,22279,22360,81
running,22380,22360,22380,20
rising,22485,22380,22485,105
climbing,22550,22485,22550,65
walking,22582,22550,22582,32
sniffing,22716,22582,22716,134
left_turning,22717,22716,22717,1
sniffing,22779,22717,22779,62
walking,22785,22779,22785,6
rising,22796,22785,22796,11
walking,22859,22796,22859,63
climbing,22878,22859,22878,19
sniffing,22879,22878,22879,1
right_turning,22880,22879,22880,1
running,22897,22880,22897,17
walking,22964,22897,22964,67
trotting,22988,22964,22988,24
right_turning,23006,22988,23006,18
stepping,23031,23006,23031,25
rising,23038,23031,23038,7
sniffing,23039,23038,23039,1
walking,23079,23039,23079,40
sniffing,23181,23079,23181,102
rising,23222,23181,23222,41
walking,23251,23222,23251,29
rising,23262,23251,23262,11
climbing,23289,23262,23289,27
sniffing,23348,23289,23348,59
walking,23349,23348,23349,1
sniffing,23350,23349,23350,1
walking,23385,23350,23385,35
rising,23420,23385,23420,35
sniffing,23607,23420,23607,187
left_turning,23643,23607,23643,36
walking,23679,23643,23679,36
climbing,23680,23679,23680,1
sniffing,23681,23680,23681,1
rising,23690,23681,23690,9
sniffing,23840,23690,23840,150
right_turning,23853,23840,23853,13
walking,23892,23853,23892,39
sniffing,23966,23892,23966,74
walking,24018,23966,24018,52
sniffing,24019,24018,24019,1
rising,24041,24019,24041,22
rearing,24065,24041,24065,24
hunching,24066,24065,24066,1
sniffing,24107,24066,24107,41
rising,24108,24107,24108,1
climbing,24212,24108,24212,104
left_turning,24257,24212,24257,45
trotting,24282,24257,24282,25
walking,24367,24282,24367,85
sniffing,24368,24367,24368,1
grooming,24529,24368,24529,161
climbing,24628,24529,24628,99
sniffing,24675,24628,24675,47
rising,24723,24675,24723,48
walking,24744,24723,24744,21
sniffing,24815,24744,24815,71
climbing,24849,24815,24849,34
sniffing,24962,24849,24962,113
rising,24979,24962,24979,17
climbing,25017,24979,25017,38
running,25042,25017,25042,25
sniffing,25119,25042,25119,77
trotting,25164,25119,25164,45
sniffing,25199,25164,25199,35
left_turning,25200,25199,25200,1
rising,25227,25200,25227,27
climbing,25382,25227,25382,155
right_turning,25419,25382,25419,37
running,25448,25419,25448,29
rising,25459,25448,25459,11
climbing,25494,25459,25494,35
rising,25519,25494,25519,25
sniffing,25593,25519,25593,74
climbing,25610,25593,25610,17
sniffing,25611,25610,25611,1
left_turning,25640,25611,25640,29
walking,25712,25640,25712,72
sniffing,25726,25712,25726,14
trotting,25782,25726,25782,56
running,25812,25782,25812,30
trotting,25842,25812,25842,30
rising,25931,25842,25931,89
trotting,25973,25931,25973,42
sniffing,26043,25973,26043,70
right_turning,26087,26043,26087,44
running,26149,26087,26149,62
rising,26175,26149,26175,26
climbing,26265,26175,26265,90
rising,26289,26265,26289,24
sniffing,26291,26289,26291,2
climbing,26351,26291,26351,60
sniffing,26423,26351,26423,72
left_turning,26451,26423,26451,28
walking,26478,26451,26478,27
rising,26479,26478,26479,1
climbing,26480,26479,26480,1
right_turning,26507,26480,26507,27
walking,26626,26507,26626,119
rising,26642,26626,26642,16
sniffing,26684,26642,26684,42
walking,26750,26684,26750,66
left_turning,26751,26750,26751,1
sniffing,26752,26751,26752,1
rearing,26801,26752,26801,49
grooming,26802,26801,26802,1
hunching,26827,26802,26827,25
climbing,26940,26827,26940,113
walking,26995,26940,26995,55
rising,27007,26995,27007,12
climbing,27079,27007,27079,72
rising,27080,27079,27080,1
climbing,27127,27080,27127,47
walking,27180,27127,27180,53
stepping,27205,27180,27205,25
climbing,27230,27205,27230,25
right_turning,27252,27230,27252,22
trotting,27320,27252,27320,68
rising,27363,27320,27363,43
jumping,27385,27363,27385,22
left_turning,27440,27385,27440,55
walking,27451,27440,27451,11
left_turning,27528,27451,27528,77
trotting,27544,27528,27544,16
rearing,27593,27544,27593,49
rising,27674,27593,27674,81
sniffing,27729,27674,27729,55
left_turning,27742,27729,27742,13
walking,27764,27742,27764,22
sniffing,27835,27764,27835,71
walking,27902,27835,27902,67
sniffing,27950,27902,27950,48
walking,27968,27950,27968,18
sniffing,27996,27968,27996,28
trotting,28024,27996,28024,28
stepping,28067,28024,28067,43
rising,28076,28067,28076,9
climbing,28077,28076,28077,1
right_turning,28117,28077,28117,40
hunching,28165,28117,28165,48
rearing,28191,28165,28191,26
climbing,28244,28191,28244,53
walking,28245,28244,28245,1
sniffing,28277,28245,28277,32
left_turning,28427,28277,28427,150
running,28469,28427,28469,42
trotting,28507,28469,28507,38
rising,28538,28507,28538,31
sniffing,28606,28538,28606,68
trotting,28636,28606,28636,30
sniffing,28651,28636,28651,15
walking,28657,28651,28657,6
sniffing,28741,28657,28741,84
climbing,28745,28741,28745,4
trotting,28778,28745,28778,33
sniffing,28843,28778,28843,65
climbing,28844,28843,28844,1
walking,28891,28844,28891,47
sniffing,28892,28891,28892,1
stepping,28943,28892,28943,51
walking,28944,28943,28944,1
left_turning,28960,28944,28960,16
rising,28982,28960,28982,22
sniffing,29034,28982,29034,52
trotting,29082,29034,29082,48
walking,29175,29082,29175,93
rearing,29327,29175,29327,152
sniffing,29389,29327,29389,62
left_turning,29397,29389,29397,8
rising,29430,29397,29430,33
sniffing,29555,29430,29555,125
walking,29600,29555,29600,45
sniffing,29703,29600,29703,103
rising,29710,29703,29710,7
trotting,29736,29710,29736,26
sniffing,29822,29736,29822,86
left_turning,29862,29822,29862,40
sniffing,29951,29862,29951,89
rising,29997,29951,29997,46
walking,30062,29997,30062,65
rearing,30063,30062,30063,1
climbing,30093,30063,30093,30
rising,30137,30093,30137,44
grooming,30138,30137,30138,1
sniffing,30186,30138,30186,48
walking,30187,30186,30187,1
trotting,30203,30187,30203,16
stepping,30234,30203,30234,31
left_turning,30274,30234,30274,40
walking,30285,30274,30285,11
left_turning,30286,30285,30286,1
sniffing,30345,30286,30345,59
right_turning,30395,30345,30395,50
walking,30415,30395,30415,20
sniffing,30416,30415,30416,1
rising,30426,30416,30426,10
sniffing,30427,30426,30427,1
rising,30437,30427,30437,10
walking,30474,30437,30474,37
stepping,30499,30474,30499,25
trotting,30522,30499,30522,23
walking,30525,30522,30525,3
rising,30566,30525,30566,41
hunching,30567,30566,30567,1
sniffing,30674,30567,30674,107
rising,30700,30674,30700,26
rearing,30730,30700,30730,30
hunching,30731,30730,30731,1
sniffing,30881,30731,30881,150
left_turning,30896,30881,30896,15
stepping,30897,30896,30897,1
sniffing,30898,30897,30898,1
left_turning,30972,30898,30972,74
walking,30998,30972,30998,26
sniffing,31068,30998,31068,70
rising,31125,31068,31125,57
walking,31301,31125,31301,176
sniffing,31304,31301,31304,3
rising,31349,31304,31349,45
sniffing,31379,31349,31379,30
climbing,31415,31379,31415,36
rearing,31455,31415,31455,40
trotting,31483,31455,31483,28
running,31503,31483,31503,20
trotting,31548,31503,31548,45
rising,31592,31548,31592,44
climbing,31614,31592,31614,22
right_turning,31667,31614,31667,53
trotting,31701,31667,31701,34
stepping,31702,31701,31702,1
trotting,31728,31702,31728,26
rising,31756,31728,31756,28
climbing,31853,31756,31853,97
rising,31934,31853,31934,81
sniffing,31974,31934,31974,40
stepping,32028,31974,32028,54
left_turning,32029,32028,32029,1
sniffing,32066,32029,32066,37
right_turning,32099,32066,32099,33
walking,32100,32099,32100,1
stepping,32164,32100,32164,64
rearing,32214,32164,32214,50
walking,32306,32214,32306,92
climbing,32355,32306,32355,49
walking,32366,32355,32366,11
rising,32409,32366,32409,43
sniffing,32417,32409,32417,8
climbing,32444,32417,32444,27
left_turning,32481,32444,32481,37
sniffing,32562,32481,32562,81
hunching,32602,32562,32602,40
rearing,32617,32602,32617,15
grooming,32877,32617,32877,260
sniffing,32976,32877,32976,99
rising,32994,32976,32994,18
sniffing,33099,32994,33099,105
walking,33103,33099,33103,4
jumping,33110,33103,33110,7
sniffing,33231,33110,33231,121
climbing,33330,33231,33330,99
right_turning,33331,33330,33331,1
walking,33459,33331,33459,128
sniffing,33607,33459,33607,148
pausing,33851,33607,33851,244
sniffing,33852,33851,33852,1
left_turning,33873,33852,33873,21
sniffing,33874,33873,33874,1
walking,33875,33874,33875,1
rising,33917,33875,33917,42
climbing,33993,33917,33993,76
rising,33994,33993,33994,1
right_turning,34051,33994,34051,57
stepping,34113,34051,34113,62
left_turning,34122,34113,34122,9
running,34163,34122,34163,41
stepping,34179,34163,34179,16
sniffing,34208,34179,34208,29
walking,34223,34208,34223,15
sniffing,34224,34223,34224,1
climbing,34356,34224,34356,132
sniffing,34357,34356,34357,1
walking,34391,34357,34391,34
sniffing,34420,34391,34420,29
walking,34491,34420,34491,71
left_turning,34492,34491,34492,1
sniffing,34502,34492,34502,10
left_turning,34549,34502,34549,47
rising,34605,34549,34605,56
trotting,34645,34605,34645,40
walking,34706,34645,34706,61
rising,34734,34706,34734,28
rearing,34788,34734,34788,54
climbing,34816,34788,34816,28
rising,34834,34816,34834,18
sniffing,34843,34834,34843,9
rising,34855,34843,34855,12
right_turning,34858,34855,34858,3
left_turning,34913,34858,34913,55
walking,34914,34913,34914,1
rising,34929,34914,34929,15
sniffing,34940,34929,34940,11
left_turning,34962,34940,34962,22
sniffing,35094,34962,35094,132
climbing,35173,35094,35173,79
sniffing,35254,35173,35254,81
climbing,35346,35254,35346,92
trotting,35366,35346,35366,20
running,35386,35366,35386,20
sniffing,35502,35386,35502,116
walking,35571,35502,35571,69
sniffing,35572,35571,35572,1
rising,35658,35572,35658,86
rearing,35711,35658,35711,53
rising,35727,35711,35727,16
climbing,35765,35727,35765,38
right_turning,35818,35765,35818,53
walking,35940,35818,35940,122
left_turning,35969,35940,35969,29
sniffing,35970,35969,35970,1
trotting,36004,35970,36004,34
sniffing,36093,36004,36093,89
rising,36105,36093,36105,12
rearing,36179,36105,36179,74
sniffing,36273,36179,36273,94
right_turning,36339,36273,36339,66
climbing,36378,36339,36378,39
rearing,36386,36378,36386,8
sniffing,36421,36386,36421,35
rising,36449,36421,36449,28
climbing,36550,36449,36550,101
walking,36551,36550,36551,1
climbing,36569,36551,36569,18
rearing,36638,36569,36638,69
climbing,36639,36638,36639,1
rearing,36640,36639,36640,1
climbing,36749,36640,36749,109
right_turning,36774,36749,36774,25
walking,36793,36774,36793,19
stepping,36816,36793,36816,23
sniffing,36833,36816,36833,17
walking,36880,36833,36880,47
left_turning,36881,36880,36881,1
sniffing,36883,36881,36883,2
hunching,36884,36883,36884,1
grooming,36991,36884,36991,107
rearing,37041,36991,37041,50
climbing,37055,37041,37055,14
walking,37076,37055,37076,21
sniffing,37259,37076,37259,183
walking,37333,37259,37333,74
rising,37385,37333,37385,52
sniffing,37556,37385,37556,171
stepping,37611,37556,37611,55
rearing,37671,37611,37671,60
grooming,37797,37671,37797,126
rearing,37815,37797,37815,18
grooming,37856,37815,37856,41
left_turning,37875,37856,37875,19
sniffing,38024,37875,38024,149
walking,38055,38024,38055,31
sniffing,38120,38055,38120,65
walking,38141,38120,38141,21
sniffing,38142,38141,38142,1
climbing,38177,38142,38177,35
trotting,38200,38177,38200,23
left_turning,38230,38200,38230,30
trotting,38282,38230,38282,52
rising,38283,38282,38283,1
climbing,38284,38283,38284,1
left_turning,38351,38284,38351,67
walking,38415,38351,38415,64
left_turning,38462,38415,38462,47
sniffing,38580,38462,38580,118
rising,38639,38580,38639,59
climbing,38678,38639,38678,39
rising,38707,38678,38707,29
climbing,38793,38707,38793,86
rearing,38868,38793,38868,75
walking,38956,38868,38956,88
climbing,38975,38956,38975,19
left_turning,39017,38975,39017,42
trotting,39041,39017,39041,24
sniffing,39056,39041,39056,15
left_turning,39086,39056,39086,30
sniffing,39253,39086,39253,167
left_turning,39254,39253,39254,1
walking,39290,39254,39290,36
climbing,39372,39290,39372,82
sniffing,39378,39372,39378,6
walking,39380,39378,39380,2
climbing,39459,39380,39459,79
walking,39477,39459,39477,18
right_turning,39487,39477,39487,10
rising,39562,39487,39562,75
sniffing,39611,39562,39611,49
rearing,39674,39611,39674,63
climbing,39710,39674,39710,36
trotting,39744,39710,39744,34
walking,39796,39744,39796,52
sniffing,39939,39796,39939,143
climbing,40010,39939,40010,71
rearing,40041,40010,40041,31
sniffing,40068,40041,40068,27
left_turning,40093,40068,40093,25
trotting,40110,40093,40110,17
sniffing,40225,40110,40225,115
grooming,40386,40225,40386,161
sniffing,40485,40386,40485,99
left_turning,40495,40485,40495,10
walking,40515,40495,40515,20
running,40533,40515,40533,18
stepping,40587,40533,40587,54
rising,40588,40587,40588,1
sniffing,40589,40588,40589,1
walking,40714,40589,40714,125
climbing,40835,40714,40835,121
trotting,40859,40835,40859,24
sniffing,40935,40859,40935,76
rising,40957,40935,40957,22
right_turning,40969,40957,40969,12
walking,41012,40969,41012,43
rising,41084,41012,41084,72
running,41107,41084,41107,23
walking,41124,41107,41124,17
climbing,41175,41124,41175,51
rising,41211,41175,41211,36
climbing,41258,41211,41258,47
walking,41264,41258,41264,6
rearing,41313,41264,41313,49
walking,41356,41313,41356,43
sniffing,41512,41356,41512,156
left_turning,41556,41512,41556,44
rising,41557,41556,41557,1
running,41558,41557,41558,1
sniffing,41696,41558,41696,138
rearing,41758,41696,41758,62
rising,41814,41758,41814,56
climbing,41884,41814,41884,70
hunching,41952,41884,41952,68
climbing,42114,41952,42114,162
left_turning,42189,42114,42189,75
running,42208,42189,42208,19
walking,42281,42208,42281,73
sniffing,42287,42281,42287,6
stepping,42320,42287,42320,33
rising,42321,42320,42321,1
stepping,42342,42321,42342,21
trotting,42360,42342,42360,18
rising,42418,42360,42418,58
sniffing,42419,42418,42419,1
walking,42437,42419,42437,18
sniffing,42482,42437,42482,45
rising,42540,42482,42540,58
sniffing,42626,42540,42626,86
climbing,42642,42626,42642,16
walking,42645,42642,42645,3
trotting,42707,42645,42707,62
stepping,42742,42707,42742,35
sniffing,42763,42742,42763,21
rising,42764,42763,42764,1
climbing,42800,42764,42800,36
rearing,42801,42800,42801,1
walking,42908,42801,42908,107
rising,42943,42908,42943,35
walking,42997,42943,42997,54
rising,43024,42997,43024,27
sniffing,43048,43024,43048,24
rising,43063,43048,43063,15
sniffing,43142,43063,43142,79
grooming,43163,43142,43163,21
sniffing,43204,43163,43204,41
left_turning,43236,43204,43236,32
sniffing,43309,43236,43309,73
rearing,43469,43309,43469,160
walking,43492,43469,43492,23
left_turning,43511,43492,43511,19
sniffing,43530,43511,43530,19
stepping,43605,43530,43605,75
walking,43612,43605,43612,7
rearing,43688,43612,43688,76
hunching,43726,43688,43726,38
sniffing,43727,43726,43727,1
running,43760,43727,43760,33
climbing,43808,43760,43808,48
left_turning,43831,43808,43831,23
sniffing,43878,43831,43878,47
walking,43886,43878,43886,8
sniffing,43928,43886,43928,42
rising,44068,43928,44068,140
grooming,44084,44068,44084,16
rearing,44101,44084,44101,17
sniffing,44169,44101,44169,68
walking,44185,44169,44185,16
left_turning,44225,44185,44225,40
sniffing,44240,44225,44240,15
hunching,44241,44240,44241,1
right_turning,44256,44241,44256,15
running,44283,44256,44283,27
rising,44287,44283,44287,4
sniffing,44372,44287,44372,85
rising,44373,44372,44373,1
climbing,44457,44373,44457,84
running,44477,44457,44477,20
walking,44520,44477,44520,43
rising,44572,44520,44572,52
climbing,44593,44572,44593,21
sniffing,44706,44593,44706,113
walking,44753,44706,44753,47
stepping,44778,44753,44778,25
sniffing,44847,44778,44847,69
pausing,45154,44847,45154,307
sniffing,45189,45154,45189,35
stepping,45252,45189,45252,63
walking,45290,45252,45290,38
stepping,45331,45290,45331,41
walking,45403,45331,45403,72
rising,45497,45403,45497,94
climbing,45564,45497,45564,67
sniffing,45565,45564,45565,1
left_turning,45576,45565,45576,11
walking,45604,45576,45604,28
sniffing,45708,45604,45708,104
climbing,45817,45708,45817,109
stepping,45829,45817,45829,12
rearing,45847,45829,45847,18
hunching,45848,45847,45848,1
rearing,45849,45848,45849,1
sniffing,46041,45849,46041,192
rising,46042,46041,46042,1
climbing,46073,46042,46073,31
walking,46138,46073,46138,65
sniffing,46157,46138,46157,19
climbing,46182,46157,46182,25
hunching,46183,46182,46183,1
left_turning,46210,46183,46210,27
walking,46230,46210,46230,20
climbing,46329,46230,46329,99
sniffing,46348,46329,46348,19
grooming,46429,46348,46429,81
rearing,46529,46429,46529,100
running,46584,46529,46584,55
walking,46646,46584,46646,62
sniffing,46704,46646,46704,58
rising,46705,46704,46705,1
sniffing,46706,46705,46706,1
trotting,46741,46706,46741,35
climbing,46745,46741,46745,4
rearing,46770,46745,46770,25
hunching,46813,46770,46813,43
right_turning,46864,46813,46864,51
sniffing,46875,46864,46875,11
climbing,46930,46875,46930,55
walking,46960,46930,46960,30
left_turning,47048,46960,47048,88
sniffing,47175,47048,47175,127
rising,47216,47175,47216,41
sniffing,47273,47216,47273,57
walking,47340,47273,47340,67
left_turning,47366,47340,47366,26
walking,47414,47366,47414,48
sniffing,47417,47414,47417,3
left_turning,47464,47417,47464,47
running,47508,47464,47508,44
sniffing,47509,47508,47509,1
left_turning,47551,47509,47551,42
walking,47595,47551,47595,44
rising,47607,47595,47607,12
climbing,47662,47607,47662,55
walking,47718,47662,47718,56
rising,47719,47718,47719,1
climbing,47856,47719,47856,137
rising,47857,47856,47857,1
climbing,47869,47857,47869,12
hunching,47977,47869,47977,108
climbing,47978,47977,47978,1
sniffing,48020,47978,48020,42
stepping,48065,48020,48065,45
rising,48069,48065,48069,4
climbing,48080,48069,48080,11
sniffing,48179,48080,48179,99
rising,48196,48179,48196,17
climbing,48301,48196,48301,105
walking,48346,48301,48346,45
sniffing,48405,48346,48405,59
rising,48406,48405,48406,1
climbing,48422,48406,48422,16
right_turning,48423,48422,48423,1
sniffing,48444,48423,48444,21
trotting,48469,48444,48469,25
sniffing,48476,48469,48476,7
trotting,48494,48476,48494,18
sniffing,48548,48494,48548,54
walking,48593,48548,48593,45
sniffing,48622,48593,48622,29
stepping,48655,48622,48655,33
sniffing,48680,48655,48680,25
walking,48681,48680,48681,1
sniffing,48736,48681,48736,55
rising,48823,48736,48823,87
sniffing,48968,48823,48968,145
running,49017,48968,49017,49
rising,49018,49017,49018,1
rearing,49032,49018,49032,14
running,49053,49032,49053,21
stepping,49115,49053,49115,62
sniffing,49116,49115,49116,1
rising,49117,49116,49117,1
stepping,49118,49117,49118,1
walking,49180,49118,49180,62
stepping,49211,49180,49211,31
rising,49249,49211,49249,38
climbing,49356,49249,49356,107
right_turning,49357,49356,49357,1
sniffing,49432,49357,49432,75
trotting,49501,49432,49501,69
sniffing,49574,49501,49574,73
walking,49600,49574,49600,26
left_turning,49663,49600,49663,63
walking,49664,49663,49664,1
left_turning,49693,49664,49693,29
sniffing,49783,49693,49783,90
rising,49820,49783,49820,37
sniffing,49821,49820,49821,1
rearing,49826,49821,49826,5
sniffing,49849,49826,49849,23
rising,49942,49849,49942,93
trotting,49991,49942,49991,49
rising,50069,49991,50069,78
grooming,50080,50069,50080,11
sniffing,50173,50080,50173,93
walking,50174,50173,50174,1
running,50198,50174,50198,24
sniffing,50220,50198,50220,22
rising,50225,50220,50225,5
sniffing,50276,50225,50276,51
climbing,50368,50276,50368,92
walking,50393,50368,50393,25
sniffing,50403,50393,50403,10
rising,50412,50403,50412,9
right_turning,50444,50412,50444,32
left_turning,50516,50444,50516,72
walking,50594,50516,50594,78
climbing,50607,50594,50607,13
rearing,50643,50607,50643,36
sniffing,50717,50643,50717,74
rising,50719,50717,50719,2
hunching,50749,50719,50749,30
sniffing,50812,50749,50812,63
walking,50874,50812,50874,62
left_turning,50901,50874,50901,27
walking,50902,50901,50902,1
left_turning,50903,50902,50903,1
climbing,50985,50903,50985,82
sniffing,50991,50985,50991,6
rising,51042,50991,51042,51
walking,51102,51042,51102,60
sniffing,51131,51102,51131,29
climbing,51237,51131,51237,106
rearing,51302,51237,51302,65
running,51318,51302,51318,16
sniffing,51350,51318,51350,32
rising,51366,51350,51366,16
grooming,51500,51366,51500,134
rearing,51501,51500,51501,1
climbing,51599,51501,51599,98
walking,51600,51599,51600,1
sniffing,51701,51600,51701,101
right_turning,51707,51701,51707,6
walking,51788,51707,51788,81
rising,51834,51788,51834,46
climbing,51931,51834,51931,97
right_turning,51949,51931,51949,18
walking,51980,51949,51980,31
trotting,52029,51980,52029,49
sniffing,52098,52029,52098,69
rising,52127,52098,52127,29
walking,52156,52127,52156,29
sniffing,52219,52156,52219,63
pausing,52280,52219,52280,61
sniffing,52350,52280,52350,70
rising,52362,52350,52362,12
climbing,52372,52362,52372,10
rearing,52373,52372,52373,1
sniffing,52437,52373,52437,64
rising,52472,52437,52472,35
climbing,52555,52472,52555,83
hunching,52556,52555,52556,1
sniffing,52673,52556,52673,117
walking,52674,52673,52674,1
climbing,52762,52674,52762,88
walking,52796,52762,52796,34
sniffing,52797,52796,52797,1
left_turning,52821,52797,52821,24
sniffing,52909,52821,52909,88
climbing,52941,52909,52941,32
right_turning,52952,52941,52952,11
trotting,52989,52952,52989,37
stepping,53084,52989,53084,95
left_turning,53088,53084,53088,4
sniffing,53089,53088,53089,1
rising,53119,53089,53119,30
climbing,53180,53119,53180,61
sniffing,53196,53180,53196,16
walking,53240,53196,53240,44
sniffing,53300,53240,53300,60
climbing,53368,53300,53368,68
left_turning,53438,53368,53438,70
sniffing,53448,53438,53448,10
rising,53520,53448,53520,72
right_turning,53563,53520,53563,43
walking,53620,53563,53620,57
stepping,53658,53620,53658,38
sniffing,53659,53658,53659,1
climbing,53669,53659,53669,10
right_turning,53689,53669,53689,20
sniffing,53732,53689,53732,43
stepping,53780,53732,53780,48
walking,53784,53780,53784,4
sniffing,53826,53784,53826,42
rising,53837,53826,53837,11
climbing,53838,53837,53838,1
rising,53839,53838,53839,1
walking,53915,53839,53915,76
rising,53989,53915,53989,74
rearing,54017,53989,54017,28
trotting,54055,54017,54055,38
sniffing,54140,54055,54140,85
climbing,54192,54140,54192,52
walking,54193,54192,54193,1
sniffing,54268,54193,54268,75
rising,54305,54268,54305,37
walking,54362,54305,54362,57
grooming,54416,54362,54416,54
climbing,54422,54416,54422,6
sniffing,54448,54422,54448,26
hunching,54483,54448,54483,35
sniffing,54612,54483,54612,129
rising,54663,54612,54663,51
sniffing,54670,54663,54670,7
left_turning,54698,54670,54698,28
running,54725,54698,54725,27
left_turning,54738,54725,54738,13
sniffing,54745,54738,54745,7
rising,54783,54745,54783,38
rearing,54851,54783,54851,68
grooming,55044,54851,55044,193
sniffing,55123,55044,55123,79
rearing,55167,55123,55167,44
hunching,55240,55167,55240,73
climbing,55275,55240,55275,35
walking,55323,55275,55323,48
climbing,55330,55323,55330,7
walking,55389,55330,55389,59
left_turning,55410,55389,55410,21
walking,55411,55410,55411,1
climbing,55461,55411,55461,50
sniffing,55525,55461,55525,64
walking,55547,55525,55547,22
rising,55611,55547,55611,64
climbing,55728,55611,55728,117
right_turning,55732,55728,55732,4
stepping,55774,55732,55774,42
trotting,55805,55774,55805,31
sniffing,55900,55805,55900,95
rising,55906,55900,55906,6
climbing,55939,55906,55939,33
trotting,55971,55939,55971,32
sniffing,55978,55971,55978,7
walking,56006,55978,56006,28
left_turning,56023,56006,56023,17
walking,56072,56023,56072,49
sniffing,56169,56072,56169,97
stepping,56195,56169,56195,26
walking,56223,56195,56223,28
sniffing,56260,56223,56260,37
walking,56266,56260,56266,6
trotting,56279,56266,56279,13
rising,56367,56279,56367,88
climbing,56420,56367,56420,53
trotting,56456,56420,56456,36
left_turning,56487,56456,56487,31
climbing,56488,56487,56488,1
rising,56536,56488,56536,48
sniffing,56549,56536,56549,13
right_turning,56597,56549,56597,48
walking,56617,56597,56617,20
sniffing,56702,56617,56702,85
climbing,56766,56702,56766,64
right_turning,56791,56766,56791,25
walking,56807,56791,56807,16
rising,56845,56807,56845,38
rearing,56875,56845,56875,30
running,56887,56875,56887,12
walking,56888,56887,56888,1
sniffing,56889,56888,56889,1
rising,56929,56889,56929,40
walking,57011,56929,57011,82
sniffing,57074,57011,57074,63
climbing,57160,57074,57160,86
sniffing,57405,57160,57405,245
stepping,57439,57405,57439,34
rising,57440,57439,57440,1
climbing,57496,57440,57496,56
sniffing,57678,57496,57678,182
left_turning,57683,57678,57683,5
sniffing,57684,57683,57684,1
walking,57800,57684,57800,116
left_turning,57821,57800,57821,21
walking,57835,57821,57835,14
left_turning,57865,57835,57865,30
trotting,57872,57865,57872,7
walking,57908,57872,57908,36
sniffing,57953,57908,57953,45
rising,58019,57953,58019,66
grooming,58020,58019,58020,1
rearing,58047,58020,58047,27
grooming,58376,58047,58376,329
sniffing,58413,58376,58413,37
walking,58429,58413,58429,16
left_turning,58431,58429,58431,2
sniffing,58524,58431,58524,93
rising,58558,58524,58558,34
right_turning,58595,58558,58595,37
sniffing,58596,58595,58596,1
climbing,58645,58596,58645,49
rearing,58652,58645,58652,7
grooming,59253,58652,59253,601
walking,59254,59253,59254,1
sniffing,59391,59254,59391,137
right_turning,59396,59391,59396,5
walking,59484,59396,59484,88
rising,59510,59484,59510,26
walking,59597,59510,59597,87
sniffing,59633,59597,59633,36
left_turning,59674,59633,59674,41
walking,59771,59674,59771,97
left_turning,59818,59771,59818,47
walking,59847,59818,59847,29
sniffing,59968,59847,59968,121
rearing,59976,59968,59976,8
grooming,60121,59976,60121,145
climbing,60216,60121,60216,95
rising,60310,60216,60310,94
climbing,60317,60310,60317,7
rising,60338,60317,60338,21
climbing,60360,60338,60360,22
walking,60361,60360,60361,1
sniffing,60534,60361,60534,173
rising,60560,60534,60560,26
sniffing,60561,60560,60561,1
hunching,60601,60561,60601,40
sniffing,60685,60601,60685,84
left_turning,60704,60685,60704,19
running,60752,60704,60752,48
sniffing,60793,60752,60793,41
stepping,60822,60793,60822,29
climbing,60875,60822,60875,53
trotting,60906,60875,60906,31
running,60938,60906,60938,32
rising,61022,60938,61022,84
sniffing,61105,61022,61105,83
running,61126,61105,61126,21
trotting,61195,61126,61195,69
walking,61212,61195,61212,17
sniffing,61344,61212,61344,132
walking,61469,61344,61469,125
left_turning,61470,61469,61470,1
sniffing,61519,61470,61519,49
walking,61539,61519,61539,20
left_turning,61552,61539,61552,13
rising,61553,61552,61553,1
sniffing,61554,61553,61554,1
grooming,61690,61554,61690,136
left_turning,61709,61690,61709,19
trotting,61754,61709,61754,45
rising,61814,61754,61814,60
sniffing,61838,61814,61838,24
climbing,61887,61838,61887,49
walking,61908,61887,61908,21
stepping,61927,61908,61927,19
left_turning,61971,61927,61971,44
walking,61972,61971,61972,1
sniffing,62065,61972,62065,93
rising,62072,62065,62072,7
climbing,62146,62072,62146,74
right_turning,62147,62146,62147,1
left_turning,62161,62147,62161,14
climbing,62353,62161,62353,192
rearing,62439,62353,62439,86
right_turning,62482,62439,62482,43
walking,62543,62482,62543,61
sniffing,62592,62543,62592,49
climbing,62594,62592,62594,2
sniffing,62669,62594,62669,75
trotting,62711,62669,62711,42
sniffing,62721,62711,62721,10
walking,62743,62721,62743,22
climbing,62828,62743,62828,85
trotting,62854,62828,62854,26
sniffing,62973,62854,62973,119
left_turning,63024,62973,63024,51
sniffing,63122,63024,63122,98
rising,63127,63122,63127,5
grooming,63266,63127,63266,139
sniffing,63267,63266,63267,1
grooming,63268,63267,63268,1
climbing,63312,63268,63312,44
rising,63331,63312,63331,19
climbing,63445,63331,63445,114
walking,63500,63445,63500,55
rising,63506,63500,63506,6
climbing,63507,63506,63507,1
rearing,63530,63507,63530,23
climbing,63556,63530,63556,26
sniffing,63566,63556,63566,10
hunching,63649,63566,63649,83
rising,63686,63649,63686,37
climbing,63731,63686,63731,45
grooming,63938,63731,63938,207
rising,63955,63938,63955,17
climbing,64001,63955,64001,46
sniffing,64038,64001,64038,37
rising,64061,64038,64061,23
climbing,64062,64061,64062,1
rising,64132,64062,64132,70
walking,64155,64132,64155,23
sniffing,64193,64155,64193,38
walking,64224,64193,64224,31
sniffing,64273,64224,64273,49
trotting,64324,64273,64324,51
rising,64395,64324,64395,71
climbing,64449,64395,64449,54
rearing,64472,64449,64472,23
sniffing,64503,64472,64503,31
walking,64509,64503,64509,6
climbing,64587,64509,64587,78
hunching,64623,64587,64623,36
sniffing,64782,64623,64782,159
right_turning,64814,64782,64814,32
trotting,64853,64814,64853,39
left_turning,64869,64853,64869,16
sniffing,65001,64869,65001,132
walking,65055,65001,65055,54
stepping,65115,65055,65115,60
climbing,65199,65115,65199,84
rising,65229,65199,65229,30
climbing,65294,65229,65294,65
trotting,65295,65294,65295,1
sniffing,65296,65295,65296,1
left_turning,65339,65296,65339,43
sniffing,65411,65339,65411,72
rearing,65445,65411,65445,34
sniffing,65446,65445,65446,1
left_turning,65507,65446,65507,61
walking,65576,65507,65576,69
left_turning,65596,65576,65596,20
walking,65630,65596,65630,34
sniffing,65735,65630,65735,105
walking,65736,65735,65736,1
stepping,65782,65736,65782,46
walking,65848,65782,65848,66
rising,65849,65848,65849,1
sniffing,65896,65849,65896,47
walking,65899,65896,65899,3
sniffing,66034,65899,66034,135
stepping,66074,66034,66074,40
right_turning,66118,66074,66118,44
climbing,66185,66118,66185,67
right_turning,66214,66185,66214,29
trotting,66244,66214,66244,30
sniffing,66348,66244,66348,104
right_turning,66385,66348,66385,37
walking,66475,66385,66475,90
sniffing,66477,66475,66477,2
walking,66527,66477,66527,50
trotting,66531,66527,66531,4
rising,66595,66531,66595,64
climbing,66688,66595,66688,93
right_turning,66727,66688,66727,39
trotting,66765,66727,66765,38
sniffing,66872,66765,66872,107
left_turning,66901,66872,66901,29
running,66902,66901,66902,1
climbing,66953,66902,66953,51
trotting,67007,66953,67007,54
sniffing,67051,67007,67051,44
walking,67102,67051,67102,51
sniffing,67202,67102,67202,100
left_turning,67203,67202,67203,1
stepping,67226,67203,67226,23
climbing,67302,67226,67302,76
rearing,67303,67302,67303,1
stepping,67328,67303,67328,25
walking,67351,67328,67351,23
rearing,67365,67351,67365,14
walking,67371,67365,67371,6
sniffing,67394,67371,67394,23
climbing,67457,67394,67457,63
trotting,67508,67457,67508,51
sniffing,67630,67508,67630,122
rearing,67649,67630,67649,19
sniffing,67692,67649,67692,43
left_turning,67693,67692,67693,1
trotting,67732,67693,67732,39
stepping,67757,67732,67757,25
walking,67813,67757,67813,56
sniffing,67928,67813,67928,115
walking,67964,67928,67964,36
right_turning,67965,67964,67965,1
rising,67966,67965,67966,1
climbing,68103,67966,68103,137
left_turning,68128,68103,68128,25
trotting,68154,68128,68154,26
sniffing,68155,68154,68155,1
left_turning,68165,68155,68165,10
walking,68198,68165,68198,33
trotting,68226,68198,68226,28
left_turning,68246,68226,68246,20
walking,68247,68246,68247,1
sniffing,68332,68247,68332,85
rising,68351,68332,68351,19
climbing,68352,68351,68352,1
sniffing,68355,68352,68355,3
climbing,68356,68355,68356,1
rising,68368,68356,68368,12
climbing,68369,68368,68369,1
walking,68430,68369,68430,61
sniffing,68431,68430,68431,1
grooming,68449,68431,68449,18
sniffing,68552,68449,68552,103
rising,68560,68552,68560,8
trotting,68561,68560,68561,1
sniffing,68562,68561,68562,1
rearing,68602,68562,68602,40
rising,68603,68602,68603,1
climbing,68714,68603,68714,111
right_turning,68715,68714,68715,1
running,68721,68715,68721,6
walking,68768,68721,68768,47
rearing,68859,68768,68859,91
sniffing,68868,68859,68868,9
left_turning,68900,68868,68900,32
trotting,68954,68900,68954,54
stepping,69006,68954,69006,52
climbing,69094,69006,69094,88
walking,69155,69094,69155,61
climbing,69182,69155,69182,27
rearing,69213,69182,69213,31
sniffing,69214,69213,69214,1
walking,69225,69214,69225,11
sniffing,69260,69225,69260,35
walking,69314,69260,69314,54
sniffing,69378,69314,69378,64
rising,69379,69378,69379,1
right_turning,69437,69379,69437,58
jumping,69549,69437,69549,112
left_turning,69575,69549,69575,26
walking,69576,69575,69576,1
rising,69585,69576,69585,9
rearing,69656,69585,69656,71
climbing,69740,69656,69740,84
sniffing,69938,69740,69938,198
walking,69963,69938,69963,25
sniffing,69964,69963,69964,1
left_turning,70022,69964,70022,58
walking,70023,70022,70023,1
rising,70119,70023,70119,96
walking,70153,70119,70153,34
trotting,70192,70153,70192,39
stepping,70246,70192,70246,54
right_turning,70292,70246,70292,46
walking,70294,70292,70294,2
climbing,70369,70294,70369,75
right_turning,70423,70369,70423,54
walking,70479,70423,70479,56
sniffing,70581,70479,70581,102
hunching,70582,70581,70582,1
climbing,70683,70582,70683,101
rearing,70723,70683,70723,40
climbing,70788,70723,70788,65
walking,70832,70788,70832,44
sniffing,70871,70832,70871,39
left_turning,70899,70871,70899,28
stepping,70917,70899,70917,18
left_turning,70945,70917,70945,28
grooming,71173,70945,71173,228
sniffing,71190,71173,71190,17
rising,71224,71190,71224,34
climbing,71324,71224,71324,100
sniffing,71444,71324,71444,120
pausing,71676,71444,71676,232
sniffing,71767,71676,71767,91
hunching,71770,71767,71770,3
sniffing,71771,71770,71771,1
rising,71827,71771,71827,56
climbing,71828,71827,71828,1
right_turning,71838,71828,71838,10
sniffing,71850,71838,71850,12
rising,71873,71850,71873,23
climbing,71893,71873,71893,20
sniffing,72123,71893,72123,230
climbing,72178,72123,72178,55
hunching,72191,72178,72191,13
right_turning,72197,72191,72197,6
sniffing,72366,72197,72366,169
grooming,72702,72366,72702,336
sniffing,72703,72702,72703,1
right_turning,72752,72703,72752,49
grooming,73292,72752,73292,540
sniffing,73456,73292,73456,164
rising,73552,73456,73552,96
sniffing,73620,73552,73620,68
rising,73661,73620,73661,41
sniffing,73716,73661,73716,55
left_turning,73747,73716,73747,31
sniffing,73768,73747,73768,21
climbing,73806,73768,73806,38
walking,73822,73806,73822,16
sniffing,73829,73822,73829,7
climbing,73926,73829,73926,97
trotting,73946,73926,73946,20
left_turning,73969,73946,73969,23
trotting,74028,73969,74028,59
walking,74069,74028,74069,41
jumping,74153,74069,74153,84
sniffing,74170,74153,74170,17
walking,74210,74170,74210,40
sniffing,74317,74210,74317,107
left_turning,74333,74317,74333,16
walking,74367,74333,74367,34
rising,74381,74367,74381,14
sniffing,74382,74381,74382,1
trotting,74410,74382,74410,28
left_turning,74415,74410,74415,5
walking,74429,74415,74429,14
sniffing,74560,74429,74560,131
stepping,74590,74560,74590,30
sniffing,74669,74590,74669,79
rising,74754,74669,74754,85
climbing,74797,74754,74797,43
rising,74863,74797,74863,66
right_turning,74909,74863,74909,46
trotting,74955,74909,74955,46
sniffing,75056,74955,75056,101
climbing,75245,75056,75245,189
right_turning,75256,75245,75256,11
rising,75306,75256,75306,50
climbing,75307,75306,75307,1
left_turning,75403,75307,75403,96
walking,75425,75403,75425,22
rearing,75462,75425,75462,37
walking,75470,75462,75470,8
trotting,75512,75470,75512,42
walking,75583,75512,75583,71
sniffing,75584,75583,75584,1
trotting,75600,75584,75600,16
right_turning,75642,75600,75642,42
walking,75676,75642,75676,34
sniffing,75780,75676,75780,104
stepping,75842,75780,75842,62
walking,75931,75842,75931,89
left_turning,75932,75931,75932,1
sniffing,76035,75932,76035,103
grooming,76036,76035,76036,1
left_turning,76074,76036,76074,38
walking,76091,76074,76091,17
climbing,76186,76091,76186,95
walking,76272,76186,76272,86
sniffing,76340,76272,76340,68
rearing,76395,76340,76395,55
grooming,76396,76395,76396,1
hunching,76441,76396,76441,45
grooming,76514,76441,76514,73
walking,76526,76514,76526,12
left_turning,76527,76526,76527,1
sniffing,76528,76527,76528,1
climbing,76749,76528,76749,221
sniffing,76869,76749,76869,120
climbing,76927,76869,76927,58
sniffing,76964,76927,76964,37
trotting,76965,76964,76965,1
sniffing,77021,76965,77021,56
climbing,77059,77021,77059,38
sniffing,77103,77059,77103,44
walking,77104,77103,77104,1
stepping,77140,77104,77140,36
walking,77145,77140,77145,5
climbing,77223,77145,77223,78
right_turning,77256,77223,77256,33
walking,77328,77256,77328,72
sniffing,77482,77328,77482,154
climbing,77514,77482,77514,32
rising,77527,77514,77527,13
climbing,77541,77527,77541,14
rising,77542,77541,77542,1
sniffing,77543,77542,77543,1
rising,77598,77543,77598,55
climbing,77599,77598,77599,1
sniffing,77600,77599,77600,1
stepping,77601,77600,77601,1
sniffing,77602,77601,77602,1
climbing,77665,77602,77665,63
rising,77666,77665,77666,1
sniffing,77758,77666,77758,92
rearing,77759,77758,77759,1
rising,77801,77759,77801,42
sniffing,77922,77801,77922,121
right_turning,77962,77922,77962,40
walking,78037,77962,78037,75
sniffing,78047,78037,78047,10
left_turning,78085,78047,78085,38
walking,78120,78085,78120,35
climbing,78327,78120,78327,207
sniffing,78328,78327,78328,1
climbing,78388,78328,78388,60
walking,78441,78388,78441,53
sniffing,78457,78441,78457,16
rising,78481,78457,78481,24
walking,78489,78481,78489,8
sniffing,78525,78489,78525,36
stepping,78568,78525,78568,43
right_turning,78579,78568,78579,11
trotting,78611,78579,78611,32
sniffing,78791,78611,78791,180
rising,78797,78791,78797,6
sniffing,78798,78797,78798,1
climbing,78847,78798,78847,49
rising,78984,78847,78984,137
sniffing,79003,78984,79003,19
rising,79042,79003,79042,39
climbing,79043,79042,79043,1
rising,79044,79043,79044,1
rearing,79103,79044,79103,59
climbing,79171,79103,79171,68
right_turning,79179,79171,79179,8
climbing,79180,79179,79180,1
right_turning,79211,79180,79211,31
sniffing,79298,79211,79298,87
stepping,79386,79298,79386,88
walking,79427,79386,79427,41
sniffing,79528,79427,79528,101
stepping,79615,79528,79615,87
walking,79616,79615,79616,1
sniffing,79617,79616,79617,1
stepping,79671,79617,79671,54
sniffing,79789,79671,79789,118
left_turning,79790,79789,79790,1
sniffing,79951,79790,79951,161
rising,80017,79951,80017,66
left_turning,80046,80017,80046,29
sniffing,80089,80046,80089,43
rising,80132,80089,80132,43
climbing,80272,80132,80272,140
left_turning,80293,80272,80293,21
walking,80294,80293,80294,1
climbing,80331,80294,80331,37
left_turning,80372,80331,80372,41
rearing,80445,80372,80445,73
climbing,80478,80445,80478,33
rearing,80544,80478,80544,66
grooming,80815,80544,80815,271
sniffing,80929,80815,80929,114
left_turning,80980,80929,80980,51
sniffing,81088,80980,81088,108
rising,81089,81088,81089,1
climbing,81105,81089,81105,16
sniffing,81186,81105,81186,81
left_turning,81260,81186,81260,74
sniffing,81264,81260,81264,4
rising,81279,81264,81279,15
sniffing,81421,81279,81421,142
rising,81490,81421,81490,69
grooming,81810,81490,81810,320
rising,81850,81810,81850,40
climbing,81875,81850,81875,25
walking,81876,81875,81876,1
rising,81907,81876,81907,31
left_turning,81958,81907,81958,51
walking,82037,81958,82037,79
sniffing,82038,82037,82038,1
rising,82045,82038,82045,7
climbing,82064,82045,82064,19
rising,82147,82064,82147,83
sniffing,82156,82147,82156,9
walking,82216,82156,82216,60
climbing,82262,82216,82262,46
grooming,82263,82262,82263,1
rising,82284,82263,82284,21
climbing,82366,82284,82366,82
sniffing,82367,82366,82367,1
rising,82383,82367,82383,16
sniffing,82525,82383,82525,142
right_turning,82529,82525,82529,4
sniffing,82628,82529,82628,99
rearing,82657,82628,82657,29
climbing,82727,82657,82727,70
sniffing,82824,82727,82824,97
walking,82896,82824,82896,72
sniffing,82924,82896,82924,28
climbing,83003,82924,83003,79
rearing,83045,83003,83045,42
rising,83080,83045,83080,35
climbing,83161,83080,83161,81
rising,83192,83161,83192,31
climbing,83275,83192,83275,83
rearing,83287,83275,83287,12
walking,83337,83287,83337,50
sniffing,83338,83337,83338,1
trotting,83371,83338,83371,33
sniffing,83372,83371,83372,1
walking,83406,83372,83406,34
sniffing,83441,83406,83441,35
hunching,83513,83441,83513,72
grooming,83812,83513,83812,299
hunching,83911,83812,83911,99
climbing,84069,83911,84069,158
sniffing,84149,84069,84149,80
left_turning,84231,84149,84231,82
right_turning,84247,84231,84247,16
walking,84322,84247,84322,75
hunching,84383,84322,84383,61
climbing,84459,84383,84459,76
rearing,84528,84459,84528,69
left_turning,84578,84528,84578,50
trotting,84622,84578,84622,44
walking,84623,84622,84623,1
stepping,84657,84623,84657,34
walking,84700,84657,84700,43
climbing,84792,84700,84792,92
walking,84839,84792,84839,47
stepping,84869,84839,84869,30
walking,84944,84869,84944,75
hunching,85036,84944,85036,92
climbing,85123,85036,85123,87
trotting,85140,85123,85140,17
running,85163,85140,85163,23
walking,85175,85163,85175,12
sniffing,85199,85175,85199,24
right_turning,85224,85199,85224,25
stepping,85259,85224,85259,35
walking,85275,85259,85275,16
sniffing,85378,85275,85378,103
trotting,85388,85378,85388,10
sniffing,85389,85388,85389,1
climbing,85551,85389,85551,162
sniffing,85588,85551,85588,37
right_turning,85607,85588,85607,19
left_turning,85670,85607,85670,63
walking,85708,85670,85708,38
sniffing,85709,85708,85709,1
right_turning,85725,85709,85725,16
walking,85732,85725,85732,7
climbing,85814,85732,85814,82
sniffing,85951,85814,85951,137
rearing,85952,85951,85952,1
climbing,86017,85952,86017,65
walking,86057,86017,86057,40
stepping,86115,86057,86115,58
sniffing,86116,86115,86116,1
stepping,86123,86116,86123,7
left_turning,86132,86123,86132,9
walking,86135,86132,86135,3
sniffing,86169,86135,86169,34
right_turning,86172,86169,86172,3
rising,86208,86172,86208,36
sniffing,86422,86208,86422,214
walking,86498,86422,86498,76
sniffing,86692,86498,86692,194
walking,86720,86692,86720,28
sniffing,86774,86720,86774,54
hunching,86848,86774,86848,74
sniffing,86863,86848,86863,15
rising,86889,86863,86889,26
rearing,87113,86889,87113,224
grooming,87114,87113,87114,1
rearing,87155,87114,87155,41
climbing,87173,87155,87173,18
trotting,87214,87173,87214,41
sniffing,87367,87214,87367,153
rising,87424,87367,87424,57
sniffing,87658,87424,87658,234
rising,87695,87658,87695,37
left_turning,87699,87695,87699,4
walking,87761,87699,87761,62
rising,87778,87761,87778,17
rearing,87861,87778,87861,83
sniffing,87862,87861,87862,1
left_turning,87912,87862,87912,50
sniffing,87957,87912,87957,45
walking,87988,87957,87988,31
sniffing,87989,87988,87989,1
stepping,88018,87989,88018,29
rearing,88111,88018,88111,93
rising,88182,88111,88182,71
climbing,88208,88182,88208,26
rearing,88209,88208,88209,1
climbing,88274,88209,88274,65
walking,88354,88274,88354,80
rising,88359,88354,88359,5
grooming,88360,88359,88360,1
sniffing,88447,88360,88447,87
climbing,88502,88447,88502,55
grooming,88528,88502,88528,26
sniffing,88614,88528,88614,86
right_turning,88645,88614,88645,31
climbing,88646,88645,88646,1
hunching,88667,88646,88667,21
grooming,88766,88667,88766,99
hunching,88803,88766,88803,37
rising,88843,88803,88843,40
sniffing,88880,88843,88880,37
left_turning,88938,88880,88938,58
grooming,88939,88938,88939,1
sniffing,88966,88939,88966,27
right_turning,88978,88966,88978,12
walking,89073,88978,89073,95
sniffing,89074,89073,89074,1
walking,89099,89074,89099,25
sniffing,89135,89099,89135,36
rising,89183,89135,89183,48
sniffing,89247,89183,89247,64
trotting,89298,89247,89298,51
sniffing,89393,89298,89393,95
pausing,89394,89393,89394,1
sniffing,89426,89394,89426,32
climbing,89475,89426,89475,49
sniffing,89505,89475,89505,30
trotting,89532,89505,89532,27
sniffing,89806,89532,89806,274
hunching,89884,89806,89884,78
climbing,89916,89884,89916,32
right_turning,89918,89916,89918,2
walking,89956,89918,89956,38
stepping,89995,89956,89995,39
sniffing,90037,89995,90037,42
walking,90083,90037,90083,46
sniffing,90144,90083,90144,61
right_turning,90186,90144,90186,42
walking,90256,90186,90256,70
sniffing,90322,90256,90322,66
right_turning,90353,90322,90353,31
walking,90399,90353,90399,46
left_turning,90465,90399,90465,66
sniffing,90527,90465,90527,62
left_turning,90592,90527,90592,65
stepping,90629,90592,90629,37
walking,90636,90629,90636,7
sniffing,90708,90636,90708,72
climbing,90709,90708,90709,1
grooming,90836,90709,90836,127
sniffing,90860,90836,90860,24
stepping,90908,90860,90908,48
sniffing,91192,90908,91192,284
walking,91233,91192,91233,41
sniffing,91234,91233,91234,1
climbing,91316,91234,91316,82
hunching,91363,91316,91363,47
sniffing,91364,91363,91364,1
walking,91404,91364,91404,40
sniffing,91441,91404,91441,37
walking,91497,91441,91497,56
rising,91582,91497,91582,85
climbing,91651,91582,91651,69
rising,91687,91651,91687,36
sniffing,91715,91687,91715,28
running,91748,91715,91748,33
walking,91755,91748,91755,7
sniffing,91775,91755,91775,20
trotting,91810,91775,91810,35
sniffing,91867,91810,91867,57
walking,91909,91867,91909,42
sniffing,92054,91909,92054,145
rising,92084,92054,92084,30
left_turning,92099,92084,92099,15
sniffing,92100,92099,92100,1
hunching,92156,92100,92156,56
sniffing,92215,92156,92215,59
rearing,92337,92215,92337,122
climbing,92386,92337,92386,49
trotting,92412,92386,92412,26
rising,92464,92412,92464,52
climbing,92492,92464,92492,28
right_turning,92511,92492,92511,19
left_turning,92557,92511,92557,46
walking,92611,92557,92611,54
left_turning,92687,92611,92687,76
stepping,92764,92687,92764,77
sniffing,92792,92764,92792,28
left_turning,92820,92792,92820,28
sniffing,92924,92820,92924,104
stepping,92958,92924,92958,34
trotting,92963,92958,92963,5
climbing,93079,92963,93079,116
grooming,93080,93079,93080,1
hunching,93093,93080,93093,13
sniffing,93109,93093,93109,16
left_turning,93142,93109,93142,33
walking,93150,93142,93150,8
sniffing,93172,93150,93172,22
left_turning,93200,93172,93200,28
walking,93238,93200,93238,38
trotting,93270,93238,93270,32
rising,93359,93270,93359,89
walking,93372,93359,93372,13
climbing,93418,93372,93418,46
sniffing,93509,93418,93509,91
left_turning,93554,93509,93554,45
sniffing,93555,93554,93555,1
left_turning,93556,93555,93556,1
climbing,93596,93556,93596,40
walking,93620,93596,93620,24
sniffing,93621,93620,93621,1
rising,93622,93621,93622,1
walking,93698,93622,93698,76
left_turning,93730,93698,93730,32
sniffing,93772,93730,93772,42
walking,93773,93772,93773,1
sniffing,93774,93773,93774,1
rising,93775,93774,93775,1
sniffing,93884,93775,93884,109
grooming,94131,93884,94131,247
sniffing,94153,94131,94153,22
trotting,94162,94153,94162,9
sniffing,94163,94162,94163,1
rising,94181,94163,94181,18
left_turning,94194,94181,94194,13
stepping,94220,94194,94220,26
walking,94230,94220,94230,10
climbing,94288,94230,94288,58
rising,94307,94288,94307,19
climbing,94349,94307,94349,42
right_turning,94409,94349,94409,60
walking,94524,94409,94524,115
hunching,94610,94524,94610,86
grooming,94774,94610,94774,164
right_turning,94809,94774,94809,35
walking,94869,94809,94869,60
sniffing,94957,94869,94957,88
rising,95014,94957,95014,57
sniffing,95015,95014,95015,1
rising,95057,95015,95057,42
sniffing,95111,95057,95111,54
rising,95169,95111,95169,58
sniffing,95320,95169,95320,151
rising,95391,95320,95391,71
left_turning,95411,95391,95411,20
walking,95417,95411,95417,6
sniffing,95418,95417,95418,1
grooming,95563,95418,95563,145
sniffing,95611,95563,95611,48
climbing,95719,95611,95719,108
grooming,95720,95719,95720,1
sniffing,95775,95720,95775,55
rising,95796,95775,95796,21
walking,95856,95796,95856,60
sniffing,95916,95856,95916,60
right_turning,95917,95916,95917,1
rising,95918,95917,95918,1
climbing,95988,95918,95988,70
rising,96016,95988,96016,28
sniffing,96224,96016,96224,208
climbing,96247,96224,96247,23
running,96293,96247,96293,46
walking,96294,96293,96294,1
sniffing,96369,96294,96369,75
right_turning,96370,96369,96370,1
walking,96371,96370,96371,1
sniffing,96643,96371,96643,272
grooming,96877,96643,96877,234
climbing,97031,96877,97031,154
left_turning,97090,97031,97090,59
walking,97129,97090,97129,39
sniffing,97328,97129,97328,199
right_turning,97348,97328,97348,20
walking,97363,97348,97363,15
left_turning,97383,97363,97383,20
rising,97441,97383,97441,58
hunching,97442,97441,97442,1
rising,97526,97442,97526,84
climbing,97553,97526,97553,27
rearing,97649,97553,97649,96
rising,97652,97649,97652,3
climbing,97745,97652,97745,93
trotting,97746,97745,97746,1
sniffing,97856,97746,97856,110
left_turning,97876,97856,97876,20
walking,97892,97876,97892,16
climbing,97893,97892,97893,1
grooming,98202,97893,98202,309
rearing,98254,98202,98254,52
climbing,98364,98254,98364,110
rising,98516,98364,98516,152
sniffing,98649,98516,98649,133
grooming,98650,98649,98650,1
rearing,98701,98650,98701,51
climbing,98702,98701,98702,1
rearing,98785,98702,98785,83
walking,98880,98785,98880,95
rising,98946,98880,98946,66
sniffing,99065,98946,99065,119
rising,99076,99065,99076,11
walking,99204,99076,99204,128
rearing,99253,99204,99253,49
rising,99301,99253,99301,48
sniffing,99412,99301,99412,111
right_turning,99443,99412,99443,31
stepping,99444,99443,99444,1
sniffing,99500,99444,99500,56
stepping,99501,99500,99501,1
right_turning,99550,99501,99550,49
rising,99582,99550,99582,32
climbing,99640,99582,99640,58
running,99676,99640,99676,36
sniffing,99677,99676,99677,1
stepping,99728,99677,99728,51
sniffing,99729,99728,99729,1
climbing,99810,99729,99810,81
rising,99811,99810,99811,1
sniffing,99861,99811,99861,50
trotting,99863,99861,99863,2
walking,99936,99863,99936,73
sniffing,99990,99936,99990,54
left_turning,100056,99990,100056,66
walking,100066,100056,100066,10
stepping,100099,100066,100099,33
sniffing,100246,100099,100246,147
rising,100274,100246,100274,28
walking,100275,100274,100275,1
sniffing,100361,100275,100361,86
left_turning,100396,100361,100396,35
climbing,100411,100396,100411,15
rearing,100590,100411,100590,179
rising,100619,100590,100619,29
climbing,100630,100619,100630,11
right_turning,100649,100630,100649,19
rising,100702,100649,100702,53
sniffing,100715,100702,100715,13
pausing,100888,100715,100888,173
right_turning,100889,100888,100889,1
sniffing,100969,100889,100969,80
grooming,101249,100969,101249,280
rearing,101370,101249,101370,121
rising,101371,101370,101371,1
hunching,101475,101371,101475,104
right_turning,101491,101475,101491,16
left_turning,101563,101491,101563,72
sniffing,101724,101563,101724,161
rising,101791,101724,101791,67
rearing,102135,101791,102135,344
sniffing,102320,102135,102320,185
rising,102403,102320,102403,83
climbing,102465,102403,102465,62
sniffing,102466,102465,102466,1
hunching,102590,102466,102590,124
sniffing,102718,102590,102718,128
climbing,102863,102718,102863,145
grooming,102864,102863,102864,1
sniffing,103196,102864,103196,332
rising,103238,103196,103238,42
climbing,103239,103238,103239,1
rising,103273,103239,103273,34
climbing,103310,103273,103310,37
trotting,103323,103310,103323,13
sniffing,103381,103323,103381,58
grooming,103524,103381,103524,143
hunching,103564,103524,103564,40
sniffing,103659,103564,103659,95
left_turning,103725,103659,103725,66
sniffing,103826,103725,103826,101
left_turning,103892,103826,103892,66
climbing,104014,103892,104014,122
grooming,104015,104014,104015,1
climbing,104068,104015,104068,53
trotting,104101,104068,104101,33
sniffing,104143,104101,104143,42
walking,104189,104143,104189,46
stepping,104211,104189,104211,22
hunching,104277,104211,104277,66
climbing,104296,104277,104296,19
trotting,104298,104296,104298,2
sniffing,104299,104298,104299,1
walking,104301,104299,104301,2
trotting,104342,104301,104342,41
walking,104414,104342,104414,72
climbing,104602,104414,104602,188
stepping,104687,104602,104687,85
left_turning,104696,104687,104696,9
sniffing,104703,104696,104703,7
grooming,104863,104703,104863,160
sniffing,105045,104863,105045,182
left_turning,105098,105045,105098,53
walking,105144,105098,105144,46
left_turning,105211,105144,105211,67
climbing,105287,105211,105287,76
hunching,105419,105287,105419,132
climbing,105507,105419,105507,88
right_turning,105532,105507,105532,25
sniffing,105533,105532,105533,1
rearing,105579,105533,105579,46
walking,105650,105579,105650,71
rising,105675,105650,105675,25
walking,105678,105675,105678,3
rising,105679,105678,105679,1
grooming,106082,105679,106082,403
left_turning,106108,106082,106108,26
sniffing,106143,106108,106143,35
rearing,106177,106143,106177,34
sniffing,106237,106177,106237,60
rising,106338,106237,106338,101
climbing,106502,106338,106502,164
rising,106526,106502,106526,24
climbing,106632,106526,106632,106
rearing,106784,106632,106784,152
sniffing,106902,106784,106902,118
walking,106907,106902,106907,5
sniffing,106908,106907,106908,1
trotting,106957,106908,106957,49
sniffing,107180,106957,107180,223
rearing,107235,107180,107235,55
climbing,107297,107235,107297,62
rearing,107298,107297,107298,1
walking,107299,107298,107299,1
rising,107321,107299,107321,22
sniffing,107399,107321,107399,78
walking,107434,107399,107434,35
sniffing,107557,107434,107557,123
left_turning,107592,107557,107592,35
climbing,107593,107592,107593,1
rising,107594,107593,107594,1
climbing,107659,107594,107659,65
rising,107683,107659,107683,24
pausing,108000,107683,108000,317
