revised_movement_label,segBoundary,segBoundary_start,segBoundary_end,length
rising,50,0,50,50
running,90,50,90,40
rising,96,90,96,6
climbing,115,96,115,19
left_turning,154,115,154,39
sniffing,155,154,155,1
climbing,180,155,180,25
right_turning,215,180,215,35
climbing,247,215,247,32
right_turning,281,247,281,34
sniffing,334,281,334,53
walking,369,334,369,35
sniffing,370,369,370,1
rearing,519,370,519,149
walking,520,519,520,1
sniffing,559,520,559,39
walking,603,559,603,44
climbing,677,603,677,74
rearing,684,677,684,7
sniffing,785,684,785,101
walking,798,785,798,13
stepping,859,798,859,61
climbing,903,859,903,44
left_turning,904,903,904,1
sniffing,988,904,988,84
left_turning,1014,988,1014,26
walking,1080,1014,1080,66
sniffing,1142,1080,1142,62
climbing,1182,1142,1182,40
walking,1188,1182,1188,6
sniffing,1241,1188,1241,53
climbing,1290,1241,1290,49
walking,1310,1290,1310,20
sniffing,1319,1310,1319,9
climbing,1416,1319,1416,97
sniffing,1518,1416,1518,102
rearing,1527,1518,1527,9
rising,1581,1527,1581,54
left_turning,1599,1581,1599,18
sniffing,1605,1599,1605,6
rearing,1606,1605,1606,1
climbing,1628,1606,1628,22
sniffing,1684,1628,1684,56
left_turning,1697,1684,1697,13
rising,1746,1697,1746,49
climbing,1766,1746,1766,20
sniffing,1768,1766,1768,2
left_turning,1810,1768,1810,42
sniffing,1811,1810,1811,1
right_turning,1846,1811,1846,35
sniffing,1896,1846,1896,50
left_turning,1938,1896,1938,42
trotting,1997,1938,1997,59
left_turning,2091,1997,2091,94
walking,2119,2091,2119,28
sniffing,2172,2119,2172,53
rising,2216,2172,2216,44
climbing,2217,2216,2217,1
walking,2251,2217,2251,34
sniffing,2345,2251,2345,94
left_turning,2379,2345,2379,34
sniffing,2404,2379,2404,25
grooming,2465,2404,2465,61
sniffing,2466,2465,2466,1
walking,2528,2466,2528,62
climbing,2558,2528,2558,30
rising,2576,2558,2576,18
hunching,2654,2576,2654,78
rising,2674,2654,2674,20
sniffing,2792,2674,2792,118
walking,2867,2792,2867,75
stepping,2920,2867,2920,53
sniffing,2922,2920,2922,2
walking,2923,2922,2923,1
sniffing,3019,2923,3019,96
rearing,3075,3019,3075,56
left_turning,3097,3075,3097,22
sniffing,3139,3097,3139,42
rearing,3225,3139,3225,86
right_turning,3226,3225,3226,1
walking,3236,3226,3236,10
climbing,3285,3236,3285,49
running,3316,3285,3316,31
walking,3340,3316,3340,24
sniffing,3369,3340,3369,29
left_turning,3390,3369,3390,21
walking,3436,3390,3436,46
left_turning,3491,3436,3491,55
stepping,3545,3491,3545,54
sniffing,3548,3545,3548,3
left_turning,3549,3548,3549,1
climbing,3578,3549,3578,29
sniffing,3599,3578,3599,21
walking,3600,3599,3600,1
left_turning,3614,3600,3614,14
walking,3683,3614,3683,69
running,3725,3683,3725,42
sniffing,3726,3725,3726,1
trotting,3784,3726,3784,58
rising,3799,3784,3799,15
sniffing,3800,3799,3800,1
left_turning,3811,3800,3811,11
running,3862,3811,3862,51
walking,3877,3862,3877,15
left_turning,3891,3877,3891,14
walking,4014,3891,4014,123
sniffing,4072,4014,4072,58
walking,4107,4072,4107,35
climbing,4133,4107,4133,26
trotting,4185,4133,4185,52
sniffing,4186,4185,4186,1
left_turning,4271,4186,4271,85
walking,4314,4271,4314,43
sniffing,4329,4314,4329,15
walking,4382,4329,4382,53
sniffing,4426,4382,4426,44
walking,4449,4426,4449,23
sniffing,4592,4449,4592,143
left_turning,4600,4592,4600,8
rising,4634,4600,4634,34
walking,4635,4634,4635,1
sniffing,4667,4635,4667,32
climbing,4733,4667,4733,66
rearing,4734,4733,4734,1
grooming,4796,4734,4796,62
trotting,4831,4796,4831,35
walking,4832,4831,4832,1
climbing,4833,4832,4833,1
walking,4862,4833,4862,29
rising,4914,4862,4914,52
sniffing,4928,4914,4928,14
climbing,4990,4928,4990,62
sniffing,4997,4990,4997,7
right_turning,4998,4997,4998,1
walking,5031,4998,5031,33
rising,5067,5031,5067,36
walking,5112,5067,5112,45
trotting,5127,5112,5127,15
sniffing,5153,5127,5153,26
rising,5207,5153,5207,54
walking,5253,5207,5253,46
rising,5279,5253,5279,26
right_turning,5289,5279,5289,10
walking,5290,5289,5290,1
trotting,5319,5290,5319,29
walking,5362,5319,5362,43
left_turning,5449,5362,5449,87
sniffing,5509,5449,5509,60
walking,5534,5509,5534,25
rising,5566,5534,5566,32
walking,5589,5566,5589,23
rising,5616,5589,5616,27
walking,5630,5616,5630,14
running,5631,5630,5631,1
stepping,5676,5631,5676,45
climbing,5692,5676,5692,16
rising,5693,5692,5693,1
climbing,5725,5693,5725,32
left_turning,5782,5725,5782,57
walking,5860,5782,5860,78
rising,5940,5860,5940,80
climbing,6024,5940,6024,84
walking,6073,6024,6073,49
sniffing,6114,6073,6114,41
walking,6148,6114,6148,34
left_turning,6255,6148,6255,107
sniffing,6256,6255,6256,1
left_turning,6310,6256,6310,54
sniffing,6387,6310,6387,77
left_turning,6457,6387,6457,70
sniffing,6458,6457,6458,1
walking,6459,6458,6459,1
sniffing,6510,6459,6510,51
walking,6601,6510,6601,91
rising,6661,6601,6661,60
left_turning,6671,6661,6671,10
walking,6714,6671,6714,43
sniffing,6773,6714,6773,59
walking,6810,6773,6810,37
climbing,6834,6810,6834,24
sniffing,6835,6834,6835,1
trotting,6874,6835,6874,39
sniffing,7004,6874,7004,130
rising,7010,7004,7010,6
rearing,7028,7010,7028,18
hunching,7112,7028,7112,84
rearing,7130,7112,7130,18
climbing,7172,7130,7172,42
trotting,7232,7172,7232,60
rising,7233,7232,7233,1
left_turning,7236,7233,7236,3
walking,7251,7236,7251,15
sniffing,7303,7251,7303,52
left_turning,7304,7303,7304,1
walking,7386,7304,7386,82
rising,7449,7386,7449,63
climbing,7498,7449,7498,49
walking,7570,7498,7570,72
sniffing,7623,7570,7623,53
walking,7678,7623,7678,55
trotting,7702,7678,7702,24
walking,7725,7702,7725,23
sniffing,7726,7725,7726,1
rising,7790,7726,7790,64
hunching,7850,7790,7850,60
rising,8037,7850,8037,187
stepping,8050,8037,8050,13
left_turning,8055,8050,8055,5
climbing,8080,8055,8080,25
sniffing,8081,8080,8081,1
left_turning,8097,8081,8097,16
trotting,8162,8097,8162,65
walking,8188,8162,8188,26
stepping,8245,8188,8245,57
trotting,8266,8245,8266,21
sniffing,8333,8266,8333,67
climbing,8392,8333,8392,59
walking,8421,8392,8421,29
rising,8425,8421,8425,4
climbing,8443,8425,8443,18
right_turning,8471,8443,8471,28
rising,8472,8471,8472,1
climbing,8507,8472,8507,35
rising,8540,8507,8540,33
climbing,8591,8540,8591,51
walking,8626,8591,8626,35
trotting,8657,8626,8657,31
running,8691,8657,8691,34
walking,8740,8691,8740,49
sniffing,8741,8740,8741,1
running,8795,8741,8795,54
walking,8873,8795,8873,78
climbing,8985,8873,8985,112
right_turning,8986,8985,8986,1
trotting,9000,8986,9000,14
rearing,9158,9000,9158,158
left_turning,9177,9158,9177,19
stepping,9230,9177,9230,53
sniffing,9308,9230,9308,78
walking,9309,9308,9309,1
sniffing,9328,9309,9328,19
walking,9329,9328,9329,1
trotting,9361,9329,9361,32
sniffing,9463,9361,9463,102
rearing,9521,9463,9521,58
sniffing,9531,9521,9531,10
rearing,9642,9531,9642,111
sniffing,9646,9642,9646,4
rising,9696,9646,9696,50
sniffing,9745,9696,9745,49
stepping,9757,9745,9757,12
left_turning,9844,9757,9844,87
walking,9902,9844,9902,58
sniffing,10037,9902,10037,135
left_turning,10087,10037,10087,50
sniffing,10289,10087,10289,202
walking,10379,10289,10379,90
right_turning,10406,10379,10406,27
running,10419,10406,10419,13
left_turning,10454,10419,10454,35
sniffing,10480,10454,10480,26
trotting,10513,10480,10513,33
sniffing,10587,10513,10587,74
rising,10593,10587,10593,6
sniffing,10661,10593,10661,68
left_turning,10672,10661,10672,11
sniffing,10673,10672,10673,1
walking,10737,10673,10737,64
rising,10805,10737,10805,68
sniffing,10806,10805,10806,1
left_turning,10835,10806,10835,29
sniffing,10836,10835,10836,1
rising,10870,10836,10870,34
climbing,10951,10870,10951,81
left_turning,11017,10951,11017,66
running,11042,11017,11042,25
walking,11075,11042,11075,33
climbing,11194,11075,11194,119
rising,11244,11194,11244,50
left_turning,11269,11244,11269,25
sniffing,11344,11269,11344,75
right_turning,11366,11344,11366,22
walking,11403,11366,11403,37
sniffing,11494,11403,11494,91
rising,11533,11494,11533,39
climbing,11563,11533,11563,30
running,11613,11563,11613,50
trotting,11627,11613,11627,14
right_turning,11664,11627,11664,37
rising,11733,11664,11733,69
climbing,11779,11733,11779,46
right_turning,11783,11779,11783,4
walking,11787,11783,11787,4
left_turning,11826,11787,11826,39
walking,11868,11826,11868,42
trotting,11869,11868,11869,1
stepping,11943,11869,11943,74
climbing,12010,11943,12010,67
grooming,12108,12010,12108,98
hunching,12120,12108,12120,12
sniffing,12121,12120,12121,1
climbing,12122,12121,12122,1
rising,12164,12122,12164,42
climbing,12206,12164,12206,42
walking,12252,12206,12252,46
rising,12297,12252,12297,45
walking,12298,12297,12298,1
trotting,12330,12298,12330,32
walking,12339,12330,12339,9
left_turning,12436,12339,12436,97
sniffing,12476,12436,12476,40
rising,12545,12476,12545,69
sniffing,12546,12545,12546,1
stepping,12555,12546,12555,9
walking,12596,12555,12596,41
climbing,12663,12596,12663,67
trotting,12664,12663,12664,1
sniffing,12665,12664,12665,1
right_turning,12666,12665,12666,1
walking,12668,12666,12668,2
running,12684,12668,12684,16
walking,12779,12684,12779,95
sniffing,12866,12779,12866,87
right_turning,12887,12866,12887,21
trotting,12907,12887,12907,20
sniffing,12979,12907,12979,72
climbing,13029,12979,13029,50
left_turning,13046,13029,13046,17
sniffing,13047,13046,13047,1
right_turning,13081,13047,13081,34
stepping,13109,13081,13109,28
sniffing,13132,13109,13132,23
rearing,13222,13132,13222,90
trotting,13245,13222,13245,23
sniffing,13246,13245,13246,1
walking,13291,13246,13291,45
sniffing,13294,13291,13294,3
climbing,13295,13294,13295,1
sniffing,13296,13295,13296,1
climbing,13301,13296,13301,5
sniffing,13535,13301,13535,234
stepping,13584,13535,13584,49
climbing,13585,13584,13585,1
sniffing,13645,13585,13645,60
walking,13706,13645,13706,61
sniffing,13724,13706,13724,18
stepping,13772,13724,13772,48
trotting,13793,13772,13793,21
sniffing,13794,13793,13794,1
walking,13830,13794,13830,36
sniffing,13939,13830,13939,109
left_turning,13940,13939,13940,1
running,13970,13940,13970,30
walking,13989,13970,13989,19
sniffing,14019,13989,14019,30
right_turning,14038,14019,14038,19
left_turning,14115,14038,14115,77
walking,14147,14115,14147,32
sniffing,14183,14147,14183,36
right_turning,14217,14183,14217,34
climbing,14327,14217,14327,110
sniffing,14395,14327,14395,68
climbing,14476,14395,14476,81
sniffing,14514,14476,14514,38
right_turning,14603,14514,14603,89
sniffing,14704,14603,14704,101
walking,14720,14704,14720,16
sniffing,14783,14720,14783,63
left_turning,14843,14783,14843,60
sniffing,14844,14843,14844,1
climbing,14901,14844,14901,57
trotting,14918,14901,14918,17
running,14932,14918,14932,14
walking,14952,14932,14952,20
rising,14989,14952,14989,37
left_turning,14990,14989,14990,1
sniffing,15053,14990,15053,63
right_turning,15114,15053,15114,61
walking,15123,15114,15123,9
sniffing,15190,15123,15190,67
trotting,15204,15190,15204,14
rising,15253,15204,15253,49
right_turning,15307,15253,15307,54
running,15340,15307,15340,33
sniffing,15372,15340,15372,32
climbing,15451,15372,15451,79
sniffing,15480,15451,15480,29
climbing,15538,15480,15538,58
left_turning,15628,15538,15628,90
sniffing,15692,15628,15692,64
walking,15693,15692,15693,1
sniffing,15777,15693,15777,84
left_turning,15826,15777,15826,49
walking,15912,15826,15912,86
climbing,16007,15912,16007,95
rising,16066,16007,16066,59
climbing,16108,16066,16108,42
sniffing,16109,16108,16109,1
rising,16179,16109,16179,70
walking,16222,16179,16222,43
rising,16223,16222,16223,1
hunching,16262,16223,16262,39
rising,16294,16262,16294,32
sniffing,16320,16294,16320,26
climbing,16384,16320,16384,64
trotting,16412,16384,16412,28
sniffing,16418,16412,16418,6
rising,16470,16418,16470,52
right_turning,16487,16470,16487,17
running,16524,16487,16524,37
sniffing,16623,16524,16623,99
stepping,16667,16623,16667,44
climbing,16761,16667,16761,94
sniffing,16810,16761,16810,49
climbing,16906,16810,16906,96
left_turning,16954,16906,16954,48
sniffing,17004,16954,17004,50
rising,17045,17004,17045,41
sniffing,17046,17045,17046,1
right_turning,17047,17046,17047,1
sniffing,17051,17047,17051,4
rising,17099,17051,17099,48
sniffing,17124,17099,17124,25
walking,17140,17124,17140,16
rising,17168,17140,17168,28
left_turning,17169,17168,17169,1
climbing,17229,17169,17229,60
sniffing,17307,17229,17307,78
walking,17353,17307,17353,46
sniffing,17354,17353,17354,1
left_turning,17389,17354,17389,35
walking,17414,17389,17414,25
sniffing,17559,17414,17559,145
climbing,17590,17559,17590,31
sniffing,17613,17590,17613,23
walking,17630,17613,17630,17
left_turning,17661,17630,17661,31
sniffing,17771,17661,17771,110
left_turning,17830,17771,17830,59
walking,17831,17830,17831,1
sniffing,17895,17831,17895,64
left_turning,17952,17895,17952,57
walking,17953,17952,17953,1
sniffing,18076,17953,18076,123
rising,18139,18076,18139,63
sniffing,18191,18139,18191,52
left_turning,18207,18191,18207,16
walking,18222,18207,18222,15
sniffing,18223,18222,18223,1
climbing,18250,18223,18250,27
running,18263,18250,18263,13
sniffing,18313,18263,18313,50
trotting,18351,18313,18351,38
sniffing,18397,18351,18397,46
right_turning,18398,18397,18398,1
walking,18422,18398,18422,24
sniffing,18468,18422,18468,46
walking,18525,18468,18525,57
sniffing,18668,18525,18668,143
rising,18693,18668,18693,25
walking,18788,18693,18788,95
right_turning,18811,18788,18811,23
trotting,18855,18811,18855,44
rising,18896,18855,18896,41
sniffing,18949,18896,18949,53
rising,18991,18949,18991,42
climbing,19033,18991,19033,42
right_turning,19055,19033,19055,22
climbing,19114,19055,19114,59
right_turning,19170,19114,19170,56
walking,19177,19170,19177,7
left_turning,19245,19177,19245,68
walking,19286,19245,19286,41
hunching,19313,19286,19313,27
grooming,19642,19313,19642,329
rearing,19650,19642,19650,8
grooming,19651,19650,19651,1
rearing,19722,19651,19722,71
hunching,19729,19722,19729,7
right_turning,19780,19729,19780,51
left_turning,19833,19780,19833,53
sniffing,19947,19833,19947,114
hunching,19956,19947,19956,9
grooming,20141,19956,20141,185
left_turning,20142,20141,20142,1
running,20162,20142,20162,20
walking,20163,20162,20163,1
sniffing,20166,20163,20166,3
walking,20196,20166,20196,30
rising,20197,20196,20197,1
right_turning,20198,20197,20198,1
walking,20230,20198,20230,32
sniffing,20231,20230,20231,1
left_turning,20270,20231,20270,39
walking,20289,20270,20289,19
sniffing,20341,20289,20341,52
left_turning,20388,20341,20388,47
sniffing,20389,20388,20389,1
left_turning,20424,20389,20424,35
sniffing,20539,20424,20539,115
left_turning,20576,20539,20576,37
walking,20629,20576,20629,53
sniffing,20777,20629,20777,148
climbing,20796,20777,20796,19
hunching,20826,20796,20826,30
walking,20876,20826,20876,50
sniffing,20877,20876,20877,1
left_turning,20923,20877,20923,46
trotting,20947,20923,20947,24
left_turning,21000,20947,21000,53
sniffing,21133,21000,21133,133
walking,21183,21133,21183,50
rising,21225,21183,21225,42
climbing,21246,21225,21246,21
rising,21299,21246,21299,53
right_turning,21345,21299,21345,46
hunching,21389,21345,21389,44
stepping,21417,21389,21417,28
sniffing,21454,21417,21454,37
trotting,21488,21454,21488,34
rising,21594,21488,21594,106
climbing,21662,21594,21662,68
rising,21793,21662,21793,131
sniffing,21794,21793,21794,1
walking,21855,21794,21855,61
left_turning,21873,21855,21873,18
walking,21874,21873,21874,1
left_turning,21882,21874,21882,8
sniffing,21952,21882,21952,70
rising,21995,21952,21995,43
climbing,22102,21995,22102,107
walking,22169,22102,22169,67
sniffing,22191,22169,22191,22
walking,22204,22191,22204,13
sniffing,22205,22204,22205,1
hunching,22244,22205,22244,39
sniffing,22245,22244,22245,1
walking,22299,22245,22299,54
climbing,22393,22299,22393,94
right_turning,22397,22393,22397,4
trotting,22422,22397,22422,25
sniffing,22530,22422,22530,108
left_turning,22582,22530,22582,52
sniffing,22692,22582,22692,110
rising,22719,22692,22719,27
left_turning,22757,22719,22757,38
walking,22785,22757,22785,28
sniffing,22827,22785,22827,42
rising,22885,22827,22885,58
sniffing,22949,22885,22949,64
right_turning,22963,22949,22963,14
rearing,22964,22963,22964,1
sniffing,22975,22964,22975,11
walking,23009,22975,23009,34
rising,23046,23009,23046,37
rearing,23099,23046,23099,53
sniffing,23130,23099,23130,31
climbing,23144,23130,23144,14
left_turning,23196,23144,23196,52
trotting,23252,23196,23252,56
sniffing,23302,23252,23302,50
right_turning,23307,23302,23307,5
sniffing,23378,23307,23378,71
rising,23401,23378,23401,23
climbing,23511,23401,23511,110
left_turning,23514,23511,23514,3
sniffing,23541,23514,23541,27
climbing,23615,23541,23615,74
right_turning,23616,23615,23616,1
walking,23625,23616,23625,9
sniffing,23678,23625,23678,53
trotting,23686,23678,23686,8
sniffing,23906,23686,23906,220
right_turning,23907,23906,23907,1
trotting,23920,23907,23920,13
sniffing,23921,23920,23921,1
climbing,23956,23921,23956,35
hunching,23964,23956,23964,8
rearing,23999,23964,23999,35
sniffing,24028,23999,24028,29
right_turning,24061,24028,24061,33
running,24065,24061,24065,4
sniffing,24079,24065,24079,14
hunching,24136,24079,24136,57
sniffing,24315,24136,24315,179
rising,24316,24315,24316,1
climbing,24354,24316,24354,38
sniffing,24438,24354,24438,84
right_turning,24511,24438,24511,73
sniffing,24652,24511,24652,141
walking,24738,24652,24738,86
sniffing,24779,24738,24779,41
climbing,24808,24779,24808,29
right_turning,24834,24808,24834,26
walking,24860,24834,24860,26
rising,24927,24860,24927,67
walking,24998,24927,24998,71
sniffing,25080,24998,25080,82
grooming,25246,25080,25246,166
sniffing,25480,25246,25480,234
rising,25481,25480,25481,1
hunching,25482,25481,25482,1
sniffing,25483,25482,25483,1
left_turning,25517,25483,25517,34
walking,25548,25517,25548,31
rising,25598,25548,25598,50
sniffing,25633,25598,25633,35
walking,25659,25633,25659,26
sniffing,25690,25659,25690,31
trotting,25765,25690,25765,75
left_turning,25790,25765,25790,25
sniffing,25839,25790,25839,49
climbing,25887,25839,25887,48
rising,25948,25887,25948,61
sniffing,26061,25948,26061,113
walking,26081,26061,26081,20
sniffing,26107,26081,26107,26
right_turning,26108,26107,26108,1
trotting,26133,26108,26133,25
stepping,26193,26133,26193,60
rising,26194,26193,26194,1
climbing,26272,26194,26272,78
sniffing,26314,26272,26314,42
left_turning,26371,26314,26371,57
walking,26384,26371,26384,13
right_turning,26387,26384,26387,3
sniffing,26478,26387,26478,91
left_turning,26493,26478,26493,15
walking,26568,26493,26568,75
sniffing,26657,26568,26657,89
grooming,26674,26657,26674,17
hunching,26675,26674,26675,1
rising,26695,26675,26695,20
sniffing,26790,26695,26790,95
climbing,26865,26790,26865,75
walking,26891,26865,26891,26
climbing,26977,26891,26977,86
rising,27074,26977,27074,97
climbing,27113,27074,27113,39
trotting,27138,27113,27138,25
sniffing,27147,27138,27147,9
rising,27148,27147,27148,1
sniffing,27332,27148,27332,184
left_turning,27351,27332,27351,19
walking,27352,27351,27352,1
rising,27353,27352,27353,1
left_turning,27397,27353,27397,44
walking,27472,27397,27472,75
left_turning,27501,27472,27501,29
sniffing,27565,27501,27565,64
walking,27630,27565,27630,65
running,27646,27630,27646,16
left_turning,27647,27646,27647,1
sniffing,27787,27647,27787,140
left_turning,27844,27787,27844,57
walking,27875,27844,27875,31
rising,27876,27875,27876,1
rearing,27923,27876,27923,47
hunching,27994,27923,27994,71
sniffing,28056,27994,28056,62
stepping,28097,28056,28097,41
left_turning,28151,28097,28151,54
stepping,28181,28151,28181,30
walking,28232,28181,28232,51
trotting,28259,28232,28259,27
rising,28281,28259,28281,22
sniffing,28343,28281,28343,62
left_turning,28368,28343,28368,25
sniffing,28389,28368,28389,21
trotting,28406,28389,28406,17
walking,28444,28406,28444,38
hunching,28445,28444,28445,1
climbing,28467,28445,28467,22
sniffing,28528,28467,28528,61
stepping,28546,28528,28546,18
hunching,28547,28546,28547,1
grooming,28595,28547,28595,48
rearing,28638,28595,28638,43
rising,28639,28638,28639,1
climbing,28640,28639,28640,1
rising,28683,28640,28683,43
sniffing,28684,28683,28684,1
right_turning,28713,28684,28713,29
running,28740,28713,28740,27
stepping,28797,28740,28797,57
sniffing,28946,28797,28946,149
climbing,28971,28946,28971,25
rising,29006,28971,29006,35
trotting,29060,29006,29060,54
sniffing,29061,29060,29061,1
right_turning,29109,29061,29109,48
walking,29162,29109,29162,53
climbing,29250,29162,29250,88
rising,29305,29250,29305,55
sniffing,29408,29305,29408,103
rearing,29412,29408,29412,4
grooming,29473,29412,29473,61
sniffing,29499,29473,29499,26
walking,29500,29499,29500,1
sniffing,29534,29500,29534,34
climbing,29563,29534,29563,29
rising,29611,29563,29611,48
climbing,29674,29611,29674,63
sniffing,29775,29674,29775,101
right_turning,29797,29775,29797,22
walking,29809,29797,29809,12
rising,29810,29809,29810,1
grooming,29811,29810,29811,1
hunching,29873,29811,29873,62
climbing,29893,29873,29893,20
right_turning,29902,29893,29902,9
trotting,29919,29902,29919,17
walking,29996,29919,29996,77
trotting,30033,29996,30033,37
walking,30080,30033,30080,47
right_turning,30139,30080,30139,59
sniffing,30146,30139,30146,7
walking,30276,30146,30276,130
running,30300,30276,30300,24
hunching,30313,30300,30313,13
climbing,30346,30313,30346,33
hunching,30347,30346,30347,1
walking,30348,30347,30348,1
rising,30378,30348,30378,30
grooming,30446,30378,30446,68
rearing,30459,30446,30459,13
sniffing,30615,30459,30615,156
running,30634,30615,30634,19
rising,30690,30634,30690,56
trotting,30704,30690,30704,14
sniffing,30804,30704,30804,100
trotting,30805,30804,30805,1
sniffing,30871,30805,30871,66
running,30895,30871,30895,24
sniffing,30952,30895,30952,57
left_turning,30986,30952,30986,34
walking,31048,30986,31048,62
stepping,31059,31048,31059,11
walking,31082,31059,31082,23
sniffing,31083,31082,31083,1
trotting,31154,31083,31154,71
walking,31176,31154,31176,22
left_turning,31188,31176,31188,12
sniffing,31189,31188,31189,1
grooming,31354,31189,31354,165
sniffing,31355,31354,31355,1
trotting,31356,31355,31356,1
rising,31388,31356,31388,32
climbing,31402,31388,31402,14
rearing,31403,31402,31403,1
rising,31404,31403,31404,1
climbing,31454,31404,31454,50
walking,31480,31454,31480,26
rising,31521,31480,31521,41
rearing,31530,31521,31530,9
climbing,31584,31530,31584,54
sniffing,31587,31584,31587,3
climbing,31622,31587,31622,35
walking,31690,31622,31690,68
sniffing,31692,31690,31692,2
right_turning,31750,31692,31750,58
walking,31823,31750,31823,73
sniffing,31824,31823,31824,1
climbing,31902,31824,31902,78
sniffing,32057,31902,32057,155
walking,32157,32057,32157,100
rearing,32206,32157,32206,49
sniffing,32288,32206,32288,82
rising,32323,32288,32323,35
climbing,32358,32323,32358,35
walking,32449,32358,32449,91
left_turning,32477,32449,32477,28
walking,32528,32477,32528,51
rising,32572,32528,32572,44
rearing,32573,32572,32573,1
climbing,32644,32573,32644,71
trotting,32688,32644,32688,44
sniffing,32864,32688,32864,176
walking,32865,32864,32865,1
running,32895,32865,32895,30
left_turning,32908,32895,32908,13
rising,32909,32908,32909,1
grooming,33210,32909,33210,301
rearing,33305,33210,33305,95
grooming,33516,33305,33516,211
rearing,33520,33516,33520,4
right_turning,33534,33520,33534,14
sniffing,33545,33534,33545,11
left_turning,33577,33545,33577,32
walking,33622,33577,33622,45
running,33642,33622,33642,20
sniffing,33643,33642,33643,1
grooming,33644,33643,33644,1
rearing,33645,33644,33645,1
sniffing,33646,33645,33646,1
walking,33658,33646,33658,12
sniffing,33717,33658,33717,59
left_turning,33765,33717,33765,48
rearing,33822,33765,33822,57
hunching,33913,33822,33913,91
climbing,34037,33913,34037,124
sniffing,34109,34037,34109,72
left_turning,34136,34109,34136,27
sniffing,34236,34136,34236,100
walking,34275,34236,34275,39
sniffing,34498,34275,34498,223
right_turning,34524,34498,34524,26
walking,34571,34524,34571,47
sniffing,34683,34571,34683,112
rearing,34756,34683,34756,73
walking,34779,34756,34779,23
sniffing,34859,34779,34859,80
rising,34913,34859,34913,54
climbing,34983,34913,34983,70
walking,35057,34983,35057,74
sniffing,35145,35057,35145,88
rearing,35217,35145,35217,72
climbing,35404,35217,35404,187
running,35432,35404,35432,28
sniffing,35581,35432,35581,149
rising,35639,35581,35639,58
walking,35658,35639,35658,19
sniffing,35659,35658,35659,1
walking,35660,35659,35660,1
rising,35694,35660,35694,34
walking,35757,35694,35757,63
sniffing,35894,35757,35894,137
rearing,35955,35894,35955,61
walking,36019,35955,36019,64
sniffing,36080,36019,36080,61
rising,36140,36080,36140,60
sniffing,36222,36140,36222,82
rearing,36288,36222,36288,66
grooming,36387,36288,36387,99
walking,36389,36387,36389,2
rearing,36425,36389,36425,36
left_turning,36459,36425,36459,34
walking,36612,36459,36612,153
rising,36641,36612,36641,29
climbing,36707,36641,36707,66
trotting,36748,36707,36748,41
sniffing,36754,36748,36754,6
grooming,36834,36754,36834,80
rearing,36835,36834,36835,1
left_turning,36892,36835,36892,57
walking,36924,36892,36924,32
rising,36925,36924,36925,1
climbing,36988,36925,36988,63
walking,37019,36988,37019,31
sniffing,37020,37019,37020,1
trotting,37073,37020,37073,53
rearing,37096,37073,37096,23
walking,37143,37096,37143,47
sniffing,37266,37143,37266,123
rearing,37322,37266,37322,56
sniffing,37348,37322,37348,26
rearing,37349,37348,37349,1
grooming,37524,37349,37524,175
climbing,37572,37524,37572,48
walking,37599,37572,37599,27
rising,37640,37599,37640,41
climbing,37641,37640,37641,1
right_turning,37654,37641,37654,13
trotting,37705,37654,37705,51
running,37706,37705,37706,1
walking,37726,37706,37726,20
climbing,37748,37726,37748,22
sniffing,37823,37748,37823,75
left_turning,37868,37823,37868,45
stepping,37893,37868,37893,25
walking,37917,37893,37917,24
left_turning,37971,37917,37971,54
trotting,37996,37971,37996,25
sniffing,38069,37996,38069,73
walking,38167,38069,38167,98
left_turning,38180,38167,38180,13
rising,38207,38180,38207,27
walking,38260,38207,38260,53
sniffing,38527,38260,38527,267
left_turning,38610,38527,38610,83
walking,38674,38610,38674,64
climbing,38739,38674,38739,65
hunching,38740,38739,38740,1
rearing,38783,38740,38783,43
rising,38865,38783,38865,82
walking,38884,38865,38884,19
climbing,38904,38884,38904,20
rising,38924,38904,38924,20
climbing,38976,38924,38976,52
right_turning,39007,38976,39007,31
walking,39066,39007,39066,59
stepping,39077,39066,39077,11
rearing,39106,39077,39106,29
sniffing,39288,39106,39288,182
rising,39289,39288,39289,1
sniffing,39395,39289,39395,106
rising,39398,39395,39398,3
climbing,39517,39398,39517,119
sniffing,39518,39517,39518,1
left_turning,39519,39518,39519,1
rising,39554,39519,39554,35
climbing,39616,39554,39616,62
rising,39672,39616,39672,56
right_turning,39702,39672,39702,30
walking,39745,39702,39745,43
sniffing,39750,39745,39750,5
left_turning,39751,39750,39751,1
walking,39793,39751,39793,42
sniffing,39794,39793,39794,1
rearing,39800,39794,39800,6
sniffing,39861,39800,39861,61
stepping,39920,39861,39920,59
climbing,39972,39920,39972,52
hunching,40044,39972,40044,72
climbing,40069,40044,40069,25
rising,40091,40069,40091,22
rearing,40092,40091,40092,1
hunching,40194,40092,40194,102
grooming,40195,40194,40195,1
hunching,40266,40195,40266,71
sniffing,40282,40266,40282,16
rising,40318,40282,40318,36
sniffing,40324,40318,40324,6
rearing,40329,40324,40329,5
rising,40424,40329,40424,95
walking,40435,40424,40435,11
sniffing,40556,40435,40556,121
hunching,40557,40556,40557,1
running,40600,40557,40600,43
stepping,40602,40600,40602,2
walking,40647,40602,40647,45
climbing,40668,40647,40668,21
sniffing,40778,40668,40778,110
climbing,40779,40778,40779,1
sniffing,40839,40779,40839,60
grooming,40933,40839,40933,94
sniffing,40934,40933,40934,1
climbing,40943,40934,40943,9
rising,40974,40943,40974,31
sniffing,41056,40974,41056,82
walking,41073,41056,41073,17
left_turning,41082,41073,41082,9
walking,41105,41082,41105,23
left_turning,41123,41105,41123,18
sniffing,41158,41123,41158,35
rising,41215,41158,41215,57
rearing,41262,41215,41262,47
climbing,41267,41262,41267,5
walking,41285,41267,41285,18
sniffing,41326,41285,41326,41
walking,41331,41326,41331,5
sniffing,41355,41331,41355,24
left_turning,41420,41355,41420,65
climbing,41450,41420,41450,30
rearing,41504,41450,41504,54
grooming,41584,41504,41584,80
sniffing,41687,41584,41687,103
left_turning,41727,41687,41727,40
walking,41766,41727,41766,39
stepping,41813,41766,41813,47
sniffing,41944,41813,41944,131
stepping,41992,41944,41992,48
walking,41993,41992,41993,1
sniffing,42010,41993,42010,17
right_turning,42072,42010,42072,62
walking,42115,42072,42115,43
climbing,42273,42115,42273,158
sniffing,42277,42273,42277,4
rearing,42310,42277,42310,33
left_turning,42393,42310,42393,83
trotting,42411,42393,42411,18
sniffing,42554,42411,42554,143
left_turning,42597,42554,42597,43
sniffing,42598,42597,42598,1
walking,42607,42598,42607,9
jumping,42662,42607,42662,55
rising,42663,42662,42663,1
right_turning,42686,42663,42686,23
rising,42687,42686,42687,1
climbing,42776,42687,42776,89
sniffing,42807,42776,42807,31
left_turning,42854,42807,42854,47
sniffing,42885,42854,42885,31
hunching,42954,42885,42954,69
sniffing,43026,42954,43026,72
climbing,43110,43026,43110,84
sniffing,43111,43110,43111,1
right_turning,43144,43111,43144,33
sniffing,43228,43144,43228,84
hunching,43229,43228,43229,1
grooming,43230,43229,43230,1
walking,43299,43230,43299,69
sniffing,43300,43299,43300,1
trotting,43316,43300,43316,16
rising,43327,43316,43327,11
walking,43432,43327,43432,105
left_turning,43466,43432,43466,34
sniffing,43467,43466,43467,1
climbing,43537,43467,43537,70
stepping,43606,43537,43606,69
walking,43615,43606,43615,9
left_turning,43616,43615,43616,1
walking,43680,43616,43680,64
left_turning,43686,43680,43686,6
sniffing,43760,43686,43760,74
walking,43792,43760,43792,32
sniffing,43793,43792,43793,1
climbing,43794,43793,43794,1
left_turning,43847,43794,43847,53
walking,43876,43847,43876,29
climbing,43979,43876,43979,103
walking,43980,43979,43980,1
sniffing,44089,43980,44089,109
climbing,44110,44089,44110,21
sniffing,44202,44110,44202,92
rising,44210,44202,44210,8
sniffing,44211,44210,44211,1
walking,44256,44211,44256,45
sniffing,44257,44256,44257,1
running,44285,44257,44285,28
rising,44311,44285,44311,26
climbing,44375,44311,44375,64
running,44389,44375,44389,14
left_turning,44435,44389,44435,46
stepping,44436,44435,44436,1
trotting,44459,44436,44459,23
walking,44543,44459,44543,84
rising,44610,44543,44610,67
running,44642,44610,44642,32
walking,44717,44642,44717,75
sniffing,44821,44717,44821,104
rising,44847,44821,44847,26
climbing,44970,44847,44970,123
sniffing,44982,44970,44982,12
walking,45005,44982,45005,23
trotting,45026,45005,45026,21
sniffing,45027,45026,45027,1
rising,45040,45027,45040,13
climbing,45050,45040,45050,10
grooming,45051,45050,45051,1
hunching,45101,45051,45101,50
grooming,45328,45101,45328,227
walking,45402,45328,45402,74
sniffing,45526,45402,45526,124
rearing,45542,45526,45542,16
rising,45589,45542,45589,47
climbing,45590,45589,45590,1
rising,45622,45590,45622,32
climbing,45655,45622,45655,33
rearing,45739,45655,45739,84
sniffing,45817,45739,45817,78
rising,45901,45817,45901,84
left_turning,45914,45901,45914,13
trotting,45949,45914,45949,35
walking,45987,45949,45987,38
rising,45999,45987,45999,12
climbing,46117,45999,46117,118
right_turning,46153,46117,46153,36
sniffing,46364,46153,46364,211
walking,46407,46364,46407,43
climbing,46408,46407,46408,1
sniffing,46409,46408,46409,1
rising,46446,46409,46446,37
left_turning,46447,46446,46447,1
rising,46448,46447,46448,1
left_turning,46482,46448,46482,34
walking,46552,46482,46552,70
climbing,46598,46552,46598,46
hunching,46705,46598,46705,107
sniffing,46764,46705,46764,59
rearing,46810,46764,46810,46
grooming,46811,46810,46811,1
rearing,46820,46811,46820,9
sniffing,46931,46820,46931,111
left_turning,46951,46931,46951,20
walking,46992,46951,46992,41
climbing,47016,46992,47016,24
grooming,47070,47016,47070,54
climbing,47132,47070,47132,62
rearing,47245,47132,47245,113
sniffing,47273,47245,47273,28
climbing,47295,47273,47295,22
rising,47325,47295,47325,30
climbing,47555,47325,47555,230
sniffing,47657,47555,47657,102
walking,47751,47657,47751,94
rising,47809,47751,47809,58
hunching,47810,47809,47810,1
rearing,47860,47810,47860,50
grooming,47861,47860,47861,1
rearing,48089,47861,48089,228
stepping,48122,48089,48122,33
sniffing,48171,48122,48171,49
walking,48225,48171,48225,54
rising,48272,48225,48272,47
climbing,48313,48272,48313,41
sniffing,48409,48313,48409,96
climbing,48482,48409,48482,73
running,48483,48482,48483,1
climbing,48503,48483,48503,20
sniffing,48544,48503,48544,41
left_turning,48556,48544,48556,12
sniffing,48631,48556,48631,75
left_turning,48656,48631,48656,25
walking,48730,48656,48730,74
climbing,48797,48730,48797,67
sniffing,48894,48797,48894,97
trotting,48917,48894,48917,23
stepping,48967,48917,48967,50
sniffing,49061,48967,49061,94
left_turning,49113,49061,49113,52
running,49114,49113,49114,1
climbing,49128,49114,49128,14
right_turning,49135,49128,49135,7
stepping,49173,49135,49173,38
climbing,49174,49173,49174,1
trotting,49233,49174,49233,59
sniffing,49298,49233,49298,65
rising,49380,49298,49380,82
sniffing,49464,49380,49464,84
climbing,49473,49464,49473,9
left_turning,49496,49473,49496,23
walking,49531,49496,49531,35
left_turning,49587,49531,49587,56
sniffing,49595,49587,49595,8
left_turning,49615,49595,49615,20
sniffing,49639,49615,49639,24
right_turning,49685,49639,49685,46
sniffing,49810,49685,49810,125
pausing,49896,49810,49896,86
sniffing,49922,49896,49922,26
climbing,49969,49922,49969,47
rising,50028,49969,50028,59
hunching,50036,50028,50036,8
grooming,50238,50036,50238,202
trotting,50299,50238,50299,61
rearing,50304,50299,50304,5
left_turning,50305,50304,50305,1
sniffing,50337,50305,50337,32
rising,50359,50337,50359,22
hunching,50360,50359,50360,1
grooming,50495,50360,50495,135
hunching,50512,50495,50512,17
rising,50570,50512,50570,58
rearing,50572,50570,50572,2
grooming,50617,50572,50617,45
rearing,50642,50617,50642,25
rising,50654,50642,50654,12
climbing,50847,50654,50847,193
walking,50907,50847,50907,60
stepping,50919,50907,50919,12
walking,50984,50919,50984,65
rearing,50985,50984,50985,1
rising,51046,50985,51046,61
climbing,51085,51046,51085,39
sniffing,51086,51085,51086,1
walking,51165,51086,51165,79
sniffing,51302,51165,51302,137
walking,51375,51302,51375,73
rising,51376,51375,51376,1
walking,51491,51376,51491,115
sniffing,51650,51491,51650,159
trotting,51657,51650,51657,7
walking,51681,51657,51681,24
left_turning,51707,51681,51707,26
sniffing,51708,51707,51708,1
walking,51737,51708,51737,29
sniffing,51738,51737,51738,1
walking,51873,51738,51873,135
rearing,51956,51873,51956,83
sniffing,52007,51956,52007,51
rising,52122,52007,52122,115
walking,52223,52122,52223,101
sniffing,52224,52223,52224,1
left_turning,52266,52224,52266,42
trotting,52276,52266,52276,10
sniffing,52469,52276,52469,193
walking,52523,52469,52523,54
hunching,52553,52523,52553,30
rising,52607,52553,52607,54
climbing,52683,52607,52683,76
left_turning,52717,52683,52717,34
running,52736,52717,52736,19
rising,52923,52736,52923,187
sniffing,53083,52923,53083,160
rising,53120,53083,53120,37
sniffing,53138,53120,53138,18
rearing,53158,53138,53158,20
rising,53205,53158,53205,47
sniffing,53216,53205,53216,11
climbing,53248,53216,53248,32
trotting,53273,53248,53273,25
walking,53274,53273,53274,1
trotting,53294,53274,53294,20
climbing,53353,53294,53353,59
rising,53414,53353,53414,61
sniffing,53422,53414,53422,8
right_turning,53463,53422,53463,41
walking,53483,53463,53483,20
sniffing,53522,53483,53522,39
rising,53535,53522,53535,13
climbing,53629,53535,53629,94
left_turning,53645,53629,53645,16
sniffing,53712,53645,53712,67
rising,53713,53712,53713,1
climbing,53945,53713,53945,232
rearing,53984,53945,53984,39
sniffing,54017,53984,54017,33
stepping,54060,54017,54060,43
trotting,54065,54060,54065,5
sniffing,54179,54065,54179,114
walking,54223,54179,54223,44
rearing,54290,54223,54290,67
rising,54321,54290,54321,31
climbing,54447,54321,54447,126
sniffing,54456,54447,54456,9
left_turning,54457,54456,54457,1
walking,54563,54457,54563,106
stepping,54580,54563,54580,17
walking,54664,54580,54664,84
stepping,54695,54664,54695,31
sniffing,54733,54695,54733,38
trotting,54796,54733,54796,63
rising,54807,54796,54807,11
climbing,54808,54807,54808,1
rising,54827,54808,54827,19
climbing,54879,54827,54879,52
rising,54880,54879,54880,1
climbing,54971,54880,54971,91
rising,55123,54971,55123,152
rearing,55296,55123,55296,173
sniffing,55391,55296,55391,95
walking,55392,55391,55392,1
sniffing,55404,55392,55404,12
walking,55424,55404,55424,20
rising,55495,55424,55495,71
sniffing,55553,55495,55553,58
rising,55586,55553,55586,33
climbing,55658,55586,55658,72
grooming,55659,55658,55659,1
rearing,55666,55659,55666,7
left_turning,55697,55666,55697,31
walking,55716,55697,55716,19
sniffing,55723,55716,55723,7
walking,55752,55723,55752,29
left_turning,55760,55752,55760,8
walking,55815,55760,55815,55
left_turning,55833,55815,55833,18
sniffing,55834,55833,55834,1
rising,55858,55834,55858,24
climbing,55917,55858,55917,59
rising,55950,55917,55950,33
rearing,55974,55950,55974,24
hunching,56035,55974,56035,61
right_turning,56036,56035,56036,1
sniffing,56106,56036,56106,70
rearing,56153,56106,56153,47
walking,56180,56153,56180,27
climbing,56211,56180,56211,31
grooming,56221,56211,56221,10
climbing,56282,56221,56282,61
rising,56307,56282,56307,25
walking,56325,56307,56325,18
sniffing,56441,56325,56441,116
walking,56474,56441,56474,33
left_turning,56550,56474,56550,76
walking,56621,56550,56621,71
sniffing,56622,56621,56622,1
rearing,56629,56622,56629,7
climbing,56760,56629,56760,131
rearing,56781,56760,56781,21
rising,56800,56781,56800,19
sniffing,56964,56800,56964,164
rising,56965,56964,56965,1
left_turning,56995,56965,56995,30
sniffing,57066,56995,57066,71
climbing,57067,57066,57067,1
sniffing,57126,57067,57126,59
left_turning,57180,57126,57180,54
walking,57181,57180,57181,1
sniffing,57242,57181,57242,61
walking,57315,57242,57315,73
sniffing,57316,57315,57316,1
walking,57354,57316,57354,38
climbing,57519,57354,57519,165
left_turning,57540,57519,57540,21
walking,57579,57540,57579,39
left_turning,57687,57579,57687,108
stepping,57744,57687,57744,57
walking,57762,57744,57762,18
sniffing,57763,57762,57763,1
rising,57812,57763,57812,49
climbing,57916,57812,57916,104
hunching,57918,57916,57918,2
sniffing,57957,57918,57957,39
rearing,58003,57957,58003,46
climbing,58020,58003,58020,17
right_turning,58073,58020,58073,53
trotting,58080,58073,58080,7
right_turning,58088,58080,58088,8
sniffing,58105,58088,58105,17
walking,58147,58105,58147,42
sniffing,58148,58147,58148,1
rising,58174,58148,58174,26
left_turning,58175,58174,58175,1
sniffing,58209,58175,58209,34
left_turning,58244,58209,58244,35
sniffing,58394,58244,58394,150
left_turning,58422,58394,58422,28
walking,58444,58422,58444,22
sniffing,58553,58444,58553,109
rising,58554,58553,58554,1
jumping,58695,58554,58695,141
rising,58711,58695,58711,16
rearing,58761,58711,58761,50
climbing,58829,58761,58829,68
walking,58957,58829,58957,128
climbing,59007,58957,59007,50
rearing,59060,59007,59060,53
climbing,59197,59060,59197,137
rearing,59215,59197,59215,18
climbing,59279,59215,59279,64
hunching,59358,59279,59358,79
climbing,59378,59358,59378,20
sniffing,59379,59378,59379,1
walking,59380,59379,59380,1
stepping,59423,59380,59423,43
hunching,59525,59423,59525,102
rearing,59526,59525,59526,1
sniffing,59527,59526,59527,1
walking,59557,59527,59557,30
sniffing,59692,59557,59692,135
running,59718,59692,59718,26
walking,59719,59718,59719,1
jumping,59767,59719,59767,48
rearing,59768,59767,59768,1
stepping,59769,59768,59769,1
left_turning,59792,59769,59792,23
walking,59833,59792,59833,41
rising,59864,59833,59864,31
hunching,59907,59864,59907,43
sniffing,60119,59907,60119,212
left_turning,60183,60119,60183,64
trotting,60203,60183,60203,20
walking,60230,60203,60230,27
sniffing,60231,60230,60231,1
pausing,60319,60231,60319,88
sniffing,60477,60319,60477,158
walking,60512,60477,60512,35
sniffing,60513,60512,60513,1
walking,60542,60513,60542,29
climbing,60598,60542,60598,56
rearing,60654,60598,60654,56
grooming,60798,60654,60798,144
climbing,60799,60798,60799,1
trotting,60840,60799,60840,41
walking,60894,60840,60894,54
running,60898,60894,60898,4
sniffing,60922,60898,60922,24
right_turning,60923,60922,60923,1
walking,60932,60923,60932,9
trotting,60980,60932,60980,48
sniffing,60981,60980,60981,1
climbing,60991,60981,60991,10
left_turning,61009,60991,61009,18
sniffing,61037,61009,61037,28
climbing,61080,61037,61080,43
sniffing,61081,61080,61081,1
walking,61124,61081,61124,43
sniffing,61162,61124,61162,38
running,61178,61162,61178,16
trotting,61226,61178,61226,48
walking,61236,61226,61236,10
sniffing,61262,61236,61262,26
rising,61314,61262,61314,52
climbing,61324,61314,61324,10
sniffing,61365,61324,61365,41
walking,61403,61365,61403,38
sniffing,61529,61403,61529,126
grooming,61723,61529,61723,194
sniffing,61752,61723,61752,29
right_turning,61798,61752,61798,46
sniffing,61833,61798,61833,35
walking,61835,61833,61835,2
sniffing,61933,61835,61933,98
left_turning,61939,61933,61939,6
walking,61940,61939,61940,1
rising,61944,61940,61944,4
rearing,62151,61944,62151,207
hunching,62152,62151,62152,1
sniffing,62213,62152,62213,61
left_turning,62302,62213,62302,89
sniffing,62310,62302,62310,8
left_turning,62333,62310,62333,23
rising,62393,62333,62393,60
climbing,62394,62393,62394,1
sniffing,62446,62394,62446,52
rising,62447,62446,62447,1
climbing,62524,62447,62524,77
trotting,62573,62524,62573,49
left_turning,62600,62573,62600,27
walking,62617,62600,62617,17
rearing,62618,62617,62618,1
rising,62622,62618,62622,4
climbing,62720,62622,62720,98
sniffing,62750,62720,62750,30
climbing,62869,62750,62869,119
left_turning,62879,62869,62879,10
trotting,62934,62879,62934,55
sniffing,63062,62934,63062,128
rising,63096,63062,63096,34
climbing,63149,63096,63149,53
walking,63152,63149,63152,3
sniffing,63207,63152,63207,55
climbing,63246,63207,63246,39
grooming,63257,63246,63257,11
sniffing,63359,63257,63359,102
stepping,63378,63359,63378,19
climbing,63452,63378,63452,74
rearing,63453,63452,63453,1
rising,63464,63453,63464,11
climbing,63624,63464,63624,160
trotting,63647,63624,63647,23
running,63660,63647,63660,13
sniffing,63685,63660,63685,25
left_turning,63727,63685,63727,42
sniffing,63728,63727,63728,1
rising,63729,63728,63729,1
climbing,63841,63729,63841,112
hunching,63842,63841,63842,1
sniffing,63843,63842,63843,1
rising,63872,63843,63872,29
climbing,63873,63872,63873,1
walking,63895,63873,63895,22
rearing,63957,63895,63957,62
rising,64024,63957,64024,67
trotting,64077,64024,64077,53
walking,64099,64077,64099,22
sniffing,64100,64099,64100,1
grooming,64242,64100,64242,142
rearing,64259,64242,64259,17
hunching,64302,64259,64302,43
climbing,64357,64302,64357,55
sniffing,64436,64357,64436,79
walking,64439,64436,64439,3
sniffing,64537,64439,64537,98
walking,64577,64537,64577,40
rising,64606,64577,64606,29
sniffing,64679,64606,64679,73
grooming,64788,64679,64788,109
sniffing,64841,64788,64841,53
walking,64852,64841,64852,11
sniffing,64927,64852,64927,75
walking,64928,64927,64928,1
climbing,64930,64928,64930,2
sniffing,65070,64930,65070,140
left_turning,65106,65070,65106,36
walking,65119,65106,65119,13
climbing,65178,65119,65178,59
right_turning,65211,65178,65211,33
left_turning,65262,65211,65262,51
sniffing,65263,65262,65263,1
rising,65264,65263,65264,1
left_turning,65330,65264,65330,66
trotting,65358,65330,65358,28
sniffing,65567,65358,65567,209
walking,65584,65567,65584,17
sniffing,65814,65584,65814,230
walking,65815,65814,65815,1
climbing,65888,65815,65888,73
right_turning,65895,65888,65895,7
rising,65952,65895,65952,57
climbing,66017,65952,66017,65
trotting,66072,66017,66072,55
sniffing,66143,66072,66143,71
rising,66145,66143,66145,2
climbing,66219,66145,66219,74
left_turning,66251,66219,66251,32
sniffing,66270,66251,66270,19
rising,66298,66270,66298,28
sniffing,66433,66298,66433,135
grooming,66521,66433,66521,88
climbing,66522,66521,66522,1
walking,66558,66522,66558,36
sniffing,66559,66558,66559,1
stepping,66617,66559,66617,58
climbing,66705,66617,66705,88
rising,66764,66705,66764,59
climbing,66837,66764,66837,73
rearing,66904,66837,66904,67
rising,66916,66904,66916,12
climbing,67015,66916,67015,99
right_turning,67028,67015,67028,13
sniffing,67029,67028,67029,1
left_turning,67054,67029,67054,25
walking,67093,67054,67093,39
rising,67094,67093,67094,1
climbing,67185,67094,67185,91
sniffing,67287,67185,67287,102
left_turning,67288,67287,67288,1
walking,67395,67288,67395,107
stepping,67407,67395,67407,12
left_turning,67449,67407,67449,42
sniffing,67517,67449,67517,68
trotting,67518,67517,67518,1
rising,67550,67518,67550,32
walking,67587,67550,67587,37
sniffing,67637,67587,67637,50
rearing,67694,67637,67694,57
climbing,67721,67694,67721,27
walking,67746,67721,67746,25
left_turning,67750,67746,67750,4
walking,67751,67750,67751,1
right_turning,67801,67751,67801,50
sniffing,67854,67801,67854,53
stepping,67855,67854,67855,1
left_turning,67890,67855,67890,35
sniffing,67891,67890,67891,1
pausing,68068,67891,68068,177
sniffing,68096,68068,68096,28
hunching,68097,68096,68097,1
climbing,68232,68097,68232,135
walking,68281,68232,68281,49
sniffing,68332,68281,68332,51
walking,68406,68332,68406,74
rearing,68421,68406,68421,15
sniffing,68452,68421,68452,31
climbing,68541,68452,68541,89
right_turning,68548,68541,68548,7
sniffing,68739,68548,68739,191
rising,68780,68739,68780,41
sniffing,68898,68780,68898,118
left_turning,68944,68898,68944,46
running,68971,68944,68971,27
sniffing,69073,68971,69073,102
climbing,69113,69073,69113,40
walking,69114,69113,69114,1
left_turning,69158,69114,69158,44
walking,69335,69158,69335,177
sniffing,69336,69335,69336,1
walking,69361,69336,69361,25
rising,69395,69361,69395,34
climbing,69453,69395,69453,58
trotting,69501,69453,69501,48
walking,69565,69501,69565,64
sniffing,69621,69565,69621,56
left_turning,69657,69621,69657,36
trotting,69667,69657,69667,10
walking,69711,69667,69711,44
sniffing,69804,69711,69804,93
rising,69823,69804,69823,19
rearing,69869,69823,69869,46
sniffing,69870,69869,69870,1
rising,69884,69870,69884,14
climbing,69911,69884,69911,27
rearing,69980,69911,69980,69
grooming,70001,69980,70001,21
rising,70014,70001,70014,13
climbing,70168,70014,70168,154
right_turning,70169,70168,70169,1
climbing,70239,70169,70239,70
rearing,70255,70239,70255,16
sniffing,70256,70255,70256,1
left_turning,70273,70256,70273,17
walking,70319,70273,70319,46
left_turning,70358,70319,70358,39
sniffing,70398,70358,70398,40
walking,70437,70398,70437,39
sniffing,70553,70437,70553,116
climbing,70615,70553,70615,62
right_turning,70642,70615,70642,27
hunching,70692,70642,70692,50
right_turning,70727,70692,70727,35
walking,70752,70727,70752,25
sniffing,70791,70752,70791,39
rising,70845,70791,70845,54
climbing,70927,70845,70927,82
sniffing,70955,70927,70955,28
trotting,70956,70955,70956,1
walking,71000,70956,71000,44
rising,71017,71000,71017,17
rearing,71070,71017,71070,53
stepping,71091,71070,71091,21
rearing,71092,71091,71092,1
stepping,71105,71092,71105,13
walking,71157,71105,71157,52
sniffing,71239,71157,71239,82
stepping,71240,71239,71240,1
sniffing,71326,71240,71326,86
right_turning,71351,71326,71351,25
stepping,71380,71351,71380,29
sniffing,71513,71380,71513,133
right_turning,71561,71513,71561,48
sniffing,71627,71561,71627,66
grooming,71656,71627,71656,29
left_turning,71722,71656,71722,66
sniffing,71723,71722,71723,1
climbing,71749,71723,71749,26
grooming,71750,71749,71750,1
left_turning,71783,71750,71783,33
sniffing,71883,71783,71883,100
left_turning,71965,71883,71965,82
sniffing,71966,71965,71966,1
walking,71993,71966,71993,27
stepping,72018,71993,72018,25
left_turning,72073,72018,72073,55
walking,72116,72073,72116,43
sniffing,72184,72116,72184,68
rising,72262,72184,72262,78
climbing,72359,72262,72359,97
rising,72438,72359,72438,79
rearing,72482,72438,72482,44
walking,72534,72482,72534,52
left_turning,72554,72534,72554,20
climbing,72612,72554,72612,58
trotting,72635,72612,72635,23
walking,72687,72635,72687,52
stepping,72712,72687,72712,25
walking,72713,72712,72713,1
sniffing,72883,72713,72883,170
climbing,73085,72883,73085,202
rising,73099,73085,73099,14
sniffing,73100,73099,73100,1
walking,73123,73100,73123,23
sniffing,73176,73123,73176,53
rearing,73200,73176,73200,24
climbing,73311,73200,73311,111
rising,73331,73311,73331,20
stepping,73447,73331,73447,116
climbing,73452,73447,73452,5
walking,73467,73452,73467,15
sniffing,73576,73467,73576,109
trotting,73644,73576,73644,68
walking,73661,73644,73661,17
sniffing,73723,73661,73723,62
rising,73784,73723,73784,61
climbing,73818,73784,73818,34
trotting,73819,73818,73819,1
sniffing,74155,73819,74155,336
walking,74159,74155,74159,4
climbing,74321,74159,74321,162
walking,74356,74321,74356,35
climbing,74412,74356,74412,56
rearing,74451,74412,74451,39
trotting,74491,74451,74491,40
walking,74510,74491,74510,19
trotting,74528,74510,74528,18
sniffing,74595,74528,74595,67
left_turning,74599,74595,74599,4
walking,74600,74599,74600,1
sniffing,74601,74600,74601,1
grooming,74698,74601,74698,97
rising,74766,74698,74766,68
rearing,74767,74766,74767,1
grooming,74838,74767,74838,71
sniffing,74839,74838,74839,1
climbing,74905,74839,74905,66
sniffing,75044,74905,75044,139
right_turning,75157,75044,75157,113
trotting,75204,75157,75204,47
rising,75249,75204,75249,45
climbing,75325,75249,75325,76
sniffing,75615,75325,75615,290
hunching,75647,75615,75647,32
sniffing,75686,75647,75686,39
stepping,75705,75686,75705,19
walking,75709,75705,75709,4
stepping,75725,75709,75725,16
walking,75791,75725,75791,66
left_turning,75856,75791,75856,65
sniffing,75933,75856,75933,77
hunching,75981,75933,75981,48
rearing,75982,75981,75982,1
sniffing,75996,75982,75996,14
rising,76071,75996,76071,75
walking,76167,76071,76167,96
left_turning,76195,76167,76195,28
walking,76271,76195,76271,76
sniffing,76330,76271,76330,59
rising,76331,76330,76331,1
climbing,76392,76331,76392,61
hunching,76419,76392,76419,27
sniffing,76420,76419,76420,1
left_turning,76519,76420,76519,99
walking,76539,76519,76539,20
hunching,76575,76539,76575,36
grooming,76576,76575,76576,1
trotting,76650,76576,76650,74
walking,76739,76650,76739,89
trotting,76754,76739,76754,15
sniffing,76760,76754,76760,6
left_turning,76814,76760,76814,54
sniffing,76815,76814,76815,1
grooming,76816,76815,76816,1
sniffing,76848,76816,76848,32
left_turning,76870,76848,76870,22
walking,76884,76870,76884,14
running,76895,76884,76895,11
trotting,76925,76895,76925,30
sniffing,76990,76925,76990,65
rising,77034,76990,77034,44
climbing,77120,77034,77120,86
rising,77121,77120,77121,1
right_turning,77122,77121,77122,1
running,77139,77122,77139,17
walking,77226,77139,77226,87
climbing,77347,77226,77347,121
hunching,77352,77347,77352,5
left_turning,77389,77352,77389,37
walking,77406,77389,77406,17
stepping,77425,77406,77425,19
walking,77426,77425,77426,1
rising,77427,77426,77427,1
sniffing,77544,77427,77544,117
grooming,77545,77544,77545,1
sniffing,77580,77545,77580,35
stepping,77581,77580,77581,1
walking,77582,77581,77582,1
sniffing,77770,77582,77770,188
left_turning,77824,77770,77824,54
walking,77911,77824,77911,87
stepping,77969,77911,77969,58
walking,78016,77969,78016,47
hunching,78026,78016,78026,10
grooming,78036,78026,78036,10
walking,78068,78036,78068,32
right_turning,78069,78068,78069,1
sniffing,78085,78069,78085,16
grooming,78158,78085,78158,73
rising,78205,78158,78205,47
climbing,78220,78205,78220,15
grooming,78386,78220,78386,166
rearing,78387,78386,78387,1
rising,78435,78387,78435,48
hunching,78487,78435,78487,52
right_turning,78489,78487,78489,2
walking,78537,78489,78537,48
rising,78594,78537,78594,57
sniffing,78667,78594,78667,73
climbing,78716,78667,78716,49
rising,78733,78716,78733,17
sniffing,78869,78733,78869,136
rearing,78890,78869,78890,21
climbing,78894,78890,78894,4
sniffing,78948,78894,78948,54
climbing,79052,78948,79052,104
walking,79053,79052,79053,1
left_turning,79080,79053,79080,27
running,79098,79080,79098,18
left_turning,79128,79098,79128,30
sniffing,79228,79128,79228,100
rising,79343,79228,79343,115
sniffing,79459,79343,79459,116
stepping,79487,79459,79487,28
pausing,79648,79487,79648,161
sniffing,79675,79648,79675,27
rising,79886,79675,79886,211
sniffing,79887,79886,79887,1
walking,79914,79887,79914,27
sniffing,79936,79914,79936,22
grooming,80339,79936,80339,403
right_turning,80365,80339,80365,26
trotting,80397,80365,80397,32
sniffing,80491,80397,80491,94
rearing,80551,80491,80551,60
left_turning,80575,80551,80575,24
sniffing,80576,80575,80576,1
pausing,80663,80576,80663,87
sniffing,80664,80663,80664,1
walking,80694,80664,80694,30
sniffing,80777,80694,80777,83
rising,80857,80777,80857,80
climbing,80898,80857,80898,41
rising,80948,80898,80948,50
walking,80961,80948,80961,13
sniffing,80994,80961,80994,33
rising,81051,80994,81051,57
hunching,81104,81051,81104,53
grooming,81105,81104,81105,1
sniffing,81245,81105,81245,140
rising,81246,81245,81246,1
walking,81295,81246,81295,49
sniffing,81296,81295,81296,1
rearing,81311,81296,81311,15
trotting,81345,81311,81345,34
hunching,81371,81345,81371,26
rising,81372,81371,81372,1
climbing,81437,81372,81437,65
running,81481,81437,81481,44
sniffing,81584,81481,81584,103
stepping,81633,81584,81633,49
walking,81664,81633,81664,31
sniffing,81745,81664,81745,81
rising,81751,81745,81751,6
climbing,81817,81751,81817,66
rearing,81890,81817,81890,73
rising,81916,81890,81916,26
rearing,81978,81916,81978,62
climbing,82121,81978,82121,143
sniffing,82122,82121,82122,1
left_turning,82123,82122,82123,1
sniffing,82162,82123,82162,39
walking,82240,82162,82240,78
rising,82288,82240,82288,48
sniffing,82306,82288,82306,18
left_turning,82390,82306,82390,84
stepping,82404,82390,82404,14
walking,82472,82404,82472,68
rising,82501,82472,82501,29
rearing,82539,82501,82539,38
sniffing,82642,82539,82642,103
left_turning,82653,82642,82653,11
rising,82654,82653,82654,1
grooming,82897,82654,82897,243
hunching,82898,82897,82898,1
rising,82926,82898,82926,28
walking,83037,82926,83037,111
sniffing,83095,83037,83095,58
rearing,83151,83095,83151,56
grooming,83279,83151,83279,128
sniffing,83295,83279,83295,16
left_turning,83318,83295,83318,23
sniffing,83406,83318,83406,88
rising,83477,83406,83477,71
climbing,83503,83477,83503,26
walking,83547,83503,83547,44
sniffing,83649,83547,83649,102
climbing,83708,83649,83708,59
sniffing,83893,83708,83893,185
rising,83902,83893,83902,9
sniffing,84058,83902,84058,156
hunching,84114,84058,84114,56
rearing,84141,84114,84141,27
trotting,84142,84141,84142,1
sniffing,84143,84142,84143,1
rearing,84248,84143,84248,105
rising,84431,84248,84431,183
stepping,84452,84431,84452,21
climbing,84541,84452,84541,89
rising,84578,84541,84578,37
climbing,84668,84578,84668,90
sniffing,84769,84668,84769,101
rearing,84996,84769,84996,227
climbing,85054,84996,85054,58
sniffing,85191,85054,85191,137
rising,85198,85191,85198,7
climbing,85207,85198,85207,9
rising,85231,85207,85231,24
climbing,85335,85231,85335,104
grooming,85336,85335,85336,1
rearing,85364,85336,85364,28
trotting,85413,85364,85413,49
walking,85450,85413,85450,37
rising,85524,85450,85524,74
sniffing,85628,85524,85628,104
left_turning,85673,85628,85673,45
sniffing,85972,85673,85972,299
rising,86078,85972,86078,106
climbing,86091,86078,86091,13
rising,86120,86091,86120,29
sniffing,86154,86120,86154,34
hunching,86209,86154,86209,55
rearing,86256,86209,86256,47
sniffing,86387,86256,86387,131
walking,86418,86387,86418,31
sniffing,86511,86418,86511,93
rising,86536,86511,86536,25
hunching,86657,86536,86657,121
grooming,87013,86657,87013,356
left_turning,87086,87013,87086,73
hunching,87087,87086,87087,1
sniffing,87127,87087,87127,40
right_turning,87164,87127,87164,37
running,87204,87164,87204,40
sniffing,87214,87204,87214,10
trotting,87235,87214,87235,21
walking,87239,87235,87239,4
sniffing,87240,87239,87240,1
climbing,87255,87240,87255,15
stepping,87302,87255,87302,47
right_turning,87316,87302,87316,14
sniffing,87639,87316,87639,323
walking,87676,87639,87676,37
trotting,87757,87676,87757,81
sniffing,87929,87757,87929,172
left_turning,87938,87929,87938,9
sniffing,87939,87938,87939,1
stepping,87973,87939,87973,34
sniffing,88097,87973,88097,124
left_turning,88115,88097,88115,18
sniffing,88116,88115,88116,1
climbing,88222,88116,88222,106
running,88248,88222,88248,26
walking,88312,88248,88312,64
sniffing,88313,88312,88313,1
hunching,88370,88313,88370,57
sniffing,88371,88370,88371,1
climbing,88388,88371,88388,17
running,88404,88388,88404,16
rising,88426,88404,88426,22
climbing,88427,88426,88427,1
rising,88428,88427,88428,1
sniffing,88429,88428,88429,1
rising,88430,88429,88430,1
climbing,88431,88430,88431,1
sniffing,88461,88431,88461,30
rising,88525,88461,88525,64
climbing,88577,88525,88577,52
left_turning,88592,88577,88592,15
walking,88593,88592,88593,1
rising,88639,88593,88639,46
rearing,88662,88639,88662,23
rising,88685,88662,88685,23
climbing,88772,88685,88772,87
rearing,88889,88772,88889,117
grooming,88890,88889,88890,1
rearing,88950,88890,88950,60
sniffing,89208,88950,89208,258
walking,89298,89208,89298,90
sniffing,89367,89298,89367,69
rising,89449,89367,89449,82
climbing,89624,89449,89624,175
rearing,89703,89624,89703,79
right_turning,89734,89703,89734,31
sniffing,89824,89734,89824,90
grooming,90110,89824,90110,286
sniffing,90162,90110,90162,52
left_turning,90218,90162,90218,56
sniffing,90219,90218,90219,1
rising,90273,90219,90273,54
climbing,90442,90273,90442,169
sniffing,90443,90442,90443,1
walking,90479,90443,90479,36
sniffing,90488,90479,90488,9
rearing,90489,90488,90489,1
sniffing,90781,90489,90781,292
left_turning,90842,90781,90842,61
sniffing,90954,90842,90954,112
right_turning,90955,90954,90955,1
trotting,90997,90955,90997,42
walking,91073,90997,91073,76
jumping,91212,91073,91212,139
rising,91213,91212,91213,1
climbing,91297,91213,91297,84
hunching,91424,91297,91424,127
rearing,91543,91424,91543,119
grooming,91584,91543,91584,41
left_turning,91587,91584,91587,3
walking,91662,91587,91662,75
sniffing,91738,91662,91738,76
rising,91819,91738,91819,81
walking,91820,91819,91820,1
climbing,91821,91820,91821,1
sniffing,91864,91821,91864,43
rearing,91939,91864,91939,75
climbing,91999,91939,91999,60
sniffing,92000,91999,92000,1
right_turning,92017,92000,92017,17
left_turning,92084,92017,92084,67
walking,92091,92084,92091,7
rearing,92092,92091,92092,1
sniffing,92126,92092,92126,34
grooming,92579,92126,92579,453
walking,92631,92579,92631,52
sniffing,92632,92631,92632,1
left_turning,92670,92632,92670,38
climbing,92697,92670,92697,27
walking,92753,92697,92753,56
climbing,92777,92753,92777,24
left_turning,92808,92777,92808,31
trotting,92837,92808,92837,29
walking,92928,92837,92928,91
rising,92972,92928,92972,44
sniffing,93049,92972,93049,77
climbing,93117,93049,93117,68
running,93144,93117,93144,27
left_turning,93206,93144,93206,62
walking,93301,93206,93301,95
right_turning,93337,93301,93337,36
rising,93486,93337,93486,149
rearing,93692,93486,93692,206
grooming,93790,93692,93790,98
rising,93791,93790,93791,1
rearing,93893,93791,93893,102
sniffing,94089,93893,94089,196
walking,94201,94089,94201,112
sniffing,94278,94201,94278,77
walking,94344,94278,94344,66
left_turning,94372,94344,94372,28
climbing,94452,94372,94452,80
rising,94453,94452,94453,1
sniffing,94799,94453,94799,346
stepping,94821,94799,94821,22
climbing,94997,94821,94997,176
rearing,95088,94997,95088,91
rising,95120,95088,95120,32
climbing,95128,95120,95128,8
rearing,95209,95128,95209,81
hunching,95210,95209,95210,1
grooming,95389,95210,95389,179
rearing,95520,95389,95520,131
left_turning,95544,95520,95544,24
sniffing,95593,95544,95593,49
walking,95594,95593,95594,1
rearing,95661,95594,95661,67
grooming,95662,95661,95662,1
hunching,95691,95662,95691,29
grooming,95692,95691,95692,1
hunching,95702,95692,95702,10
stepping,95705,95702,95705,3
climbing,95911,95705,95911,206
walking,95933,95911,95933,22
climbing,96084,95933,96084,151
sniffing,96153,96084,96153,69
grooming,96265,96153,96265,112
walking,96347,96265,96347,82
rising,96607,96347,96607,260
climbing,96718,96607,96718,111
left_turning,96762,96718,96762,44
running,96780,96762,96780,18
sniffing,96976,96780,96976,196
left_turning,97031,96976,97031,55
sniffing,97048,97031,97048,17
pausing,97121,97048,97121,73
sniffing,97122,97121,97122,1
climbing,97204,97122,97204,82
hunching,97244,97204,97244,40
sniffing,97258,97244,97258,14
walking,97308,97258,97308,50
sniffing,97708,97308,97708,400
left_turning,97732,97708,97732,24
sniffing,97833,97732,97833,101
rising,97838,97833,97838,5
climbing,97924,97838,97924,86
hunching,98049,97924,98049,125
sniffing,98059,98049,98059,10
rearing,98092,98059,98092,33
rising,98102,98092,98102,10
sniffing,98103,98102,98103,1
rising,98104,98103,98104,1
walking,98160,98104,98160,56
climbing,98210,98160,98210,50
sniffing,98211,98210,98211,1
stepping,98246,98211,98246,35
walking,98323,98246,98323,77
trotting,98347,98323,98347,24
walking,98420,98347,98420,73
sniffing,98515,98420,98515,95
rising,98603,98515,98603,88
left_turning,98631,98603,98631,28
trotting,98673,98631,98673,42
walking,98801,98673,98801,128
sniffing,98918,98801,98918,117
stepping,98927,98918,98927,9
climbing,99024,98927,99024,97
rising,99063,99024,99063,39
climbing,99101,99063,99101,38
rising,99102,99101,99102,1
climbing,99260,99102,99260,158
rearing,99282,99260,99282,22
sniffing,99283,99282,99283,1
climbing,99402,99283,99402,119
sniffing,99433,99402,99433,31
walking,99434,99433,99434,1
rising,99489,99434,99489,55
sniffing,99490,99489,99490,1
stepping,99565,99490,99565,75
walking,99566,99565,99566,1
sniffing,99668,99566,99668,102
walking,99676,99668,99676,8
climbing,99802,99676,99802,126
walking,99833,99802,99833,31
sniffing,99914,99833,99914,81
hunching,99959,99914,99959,45
grooming,100667,99959,100667,708
sniffing,100784,100667,100784,117
rising,100847,100784,100847,63
sniffing,100873,100847,100873,26
pausing,100874,100873,100874,1
sniffing,100910,100874,100910,36
rising,100924,100910,100924,14
climbing,100930,100924,100930,6
grooming,100931,100930,100931,1
climbing,101034,100931,101034,103
rising,101075,101034,101075,41
climbing,101201,101075,101201,126
trotting,101220,101201,101220,19
walking,101260,101220,101260,40
sniffing,101261,101260,101261,1
rising,101291,101261,101291,30
walking,101306,101291,101306,15
climbing,101395,101306,101395,89
grooming,101396,101395,101396,1
climbing,101412,101396,101412,16
sniffing,101499,101412,101499,87
hunching,101530,101499,101530,31
grooming,101601,101530,101601,71
rearing,101625,101601,101625,24
walking,101639,101625,101639,14
hunching,101726,101639,101726,87
climbing,101807,101726,101807,81
running,101849,101807,101849,42
stepping,101858,101849,101858,9
walking,101903,101858,101903,45
rising,101911,101903,101911,8
climbing,101973,101911,101973,62
rising,102003,101973,102003,30
rearing,102175,102003,102175,172
sniffing,102176,102175,102176,1
rising,102177,102176,102177,1
sniffing,102180,102177,102180,3
pausing,102613,102180,102613,433
sniffing,102723,102613,102723,110
rising,102790,102723,102790,67
sniffing,102889,102790,102889,99
pausing,102890,102889,102890,1
sniffing,103038,102890,103038,148
rising,103078,103038,103078,40
climbing,103118,103078,103118,40
rising,103213,103118,103213,95
climbing,103321,103213,103321,108
rising,103336,103321,103336,15
sniffing,103475,103336,103475,139
rising,103487,103475,103487,12
sniffing,103575,103487,103575,88
hunching,103622,103575,103622,47
rising,103675,103622,103675,53
grooming,103824,103675,103824,149
rearing,103825,103824,103825,1
grooming,103826,103825,103826,1
sniffing,103827,103826,103827,1
grooming,104040,103827,104040,213
sniffing,104102,104040,104102,62
climbing,104171,104102,104171,69
sniffing,104172,104171,104172,1
rising,104173,104172,104173,1
climbing,104291,104173,104291,118
rising,104348,104291,104348,57
sniffing,104574,104348,104574,226
climbing,104660,104574,104660,86
right_turning,104661,104660,104661,1
walking,104662,104661,104662,1
rising,104702,104662,104702,40
climbing,104726,104702,104726,24
hunching,104776,104726,104776,50
sniffing,104835,104776,104835,59
grooming,104880,104835,104880,45
rearing,104881,104880,104881,1
climbing,104938,104881,104938,57
sniffing,104996,104938,104996,58
rising,105012,104996,105012,16
hunching,105052,105012,105052,40
climbing,105053,105052,105053,1
rearing,105150,105053,105150,97
grooming,105532,105150,105532,382
sniffing,105636,105532,105636,104
rising,105663,105636,105663,27
climbing,105664,105663,105664,1
grooming,106018,105664,106018,354
rising,106078,106018,106078,60
sniffing,106109,106078,106109,31
trotting,106127,106109,106127,18
sniffing,106230,106127,106230,103
trotting,106263,106230,106263,33
sniffing,106285,106263,106285,22
right_turning,106331,106285,106331,46
walking,106332,106331,106332,1
rising,106333,106332,106333,1
rearing,106478,106333,106478,145
climbing,106479,106478,106479,1
rearing,106646,106479,106646,167
sniffing,106783,106646,106783,137
rising,106784,106783,106784,1
sniffing,107066,106784,107066,282
pausing,107287,107066,107287,221
sniffing,107413,107287,107413,126
rearing,107420,107413,107420,7
grooming,107421,107420,107421,1
climbing,107515,107421,107515,94
rearing,107581,107515,107581,66
climbing,107582,107581,107582,1
hunching,107680,107582,107680,98
sniffing,107869,107680,107869,189
climbing,107906,107869,107906,37
right_turning,107977,107906,107977,71
walking,108000,107977,108000,23
