revised_movement_label,segBoundary,segBoundary_start,segBoundary_end,length
sniffing,44,0,44,44
climbing,89,44,89,45
sniffing,137,89,137,48
rising,151,137,151,14
walking,205,151,205,54
sniffing,366,205,366,161
rising,480,366,480,114
grooming,702,480,702,222
rearing,703,702,703,1
sniffing,704,703,704,1
rising,705,704,705,1
sniffing,740,705,740,35
left_turning,802,740,802,62
sniffing,840,802,840,38
rearing,886,840,886,46
walking,910,886,910,24
sniffing,943,910,943,33
walking,1017,943,1017,74
climbing,1066,1017,1066,49
sniffing,1185,1066,1185,119
left_turning,1215,1185,1215,30
sniffing,1247,1215,1247,32
trotting,1271,1247,1271,24
right_turning,1305,1271,1305,34
running,1306,1305,1306,1
walking,1392,1306,1392,86
stepping,1433,1392,1433,41
walking,1504,1433,1504,71
sniffing,1505,1504,1505,1
climbing,1558,1505,1558,53
grooming,1559,1558,1559,1
sniffing,1737,1559,1737,178
climbing,1756,1737,1756,19
sniffing,1757,1756,1757,1
trotting,1797,1757,1797,40
walking,1834,1797,1834,37
sniffing,1835,1834,1835,1
right_turning,1873,1835,1873,38
walking,1939,1873,1939,66
stepping,1962,1939,1962,23
climbing,2046,1962,2046,84
right_turning,2121,2046,2121,75
stepping,2139,2121,2139,18
walking,2177,2139,2177,38
climbing,2208,2177,2208,31
sniffing,2209,2208,2209,1
right_turning,2258,2209,2258,49
walking,2324,2258,2324,66
trotting,2362,2324,2362,38
sniffing,2366,2362,2366,4
walking,2426,2366,2426,60
rising,2492,2426,2492,66
sniffing,2493,2492,2493,1
left_turning,2494,2493,2494,1
sniffing,2561,2494,2561,67
rising,2618,2561,2618,57
climbing,2686,2618,2686,68
walking,2739,2686,2739,53
climbing,2830,2739,2830,91
sniffing,2881,2830,2881,51
right_turning,2882,2881,2882,1
walking,2898,2882,2898,16
rising,2906,2898,2906,8
sniffing,2966,2906,2966,60
walking,3028,2966,3028,62
sniffing,3069,3028,3069,41
walking,3103,3069,3103,34
sniffing,3104,3103,3104,1
stepping,3212,3104,3212,108
sniffing,3329,3212,3329,117
walking,3340,3329,3340,11
left_turning,3341,3340,3341,1
running,3360,3341,3360,19
walking,3441,3360,3441,81
sniffing,3442,3441,3442,1
rising,3443,3442,3443,1
sniffing,3444,3443,3444,1
climbing,3504,3444,3504,60
trotting,3522,3504,3522,18
walking,3539,3522,3539,17
climbing,3577,3539,3577,38
sniffing,3578,3577,3578,1
climbing,3609,3578,3609,31
walking,3662,3609,3662,53
climbing,3709,3662,3709,47
sniffing,3836,3709,3836,127
climbing,3864,3836,3864,28
left_turning,3869,3864,3869,5
walking,3881,3869,3881,12
trotting,3896,3881,3896,15
sniffing,4121,3896,4121,225
rising,4128,4121,4128,7
sniffing,4328,4128,4328,200
rising,4403,4328,4403,75
left_turning,4425,4403,4425,22
right_turning,4429,4425,4429,4
rising,4444,4429,4444,15
left_turning,4497,4444,4497,53
sniffing,4639,4497,4639,142
rising,4657,4639,4657,18
right_turning,4658,4657,4658,1
climbing,4725,4658,4725,67
sniffing,4822,4725,4822,97
walking,4823,4822,4823,1
climbing,4824,4823,4824,1
sniffing,4829,4824,4829,5
walking,4863,4829,4863,34
sniffing,4939,4863,4939,76
left_turning,4995,4939,4995,56
sniffing,4996,4995,4996,1
left_turning,4997,4996,4997,1
trotting,5055,4997,5055,58
sniffing,5114,5055,5114,59
trotting,5171,5114,5171,57
right_turning,5197,5171,5197,26
sniffing,5206,5197,5206,9
rising,5207,5206,5207,1
sniffing,5239,5207,5239,32
walking,5299,5239,5299,60
left_turning,5315,5299,5315,16
climbing,5343,5315,5343,28
sniffing,5390,5343,5390,47
climbing,5427,5390,5427,37
walking,5469,5427,5469,42
rising,5470,5469,5470,1
climbing,5503,5470,5503,33
sniffing,5504,5503,5504,1
walking,5560,5504,5560,56
rising,5583,5560,5583,23
trotting,5609,5583,5609,26
walking,5622,5609,5622,13
stepping,5682,5622,5682,60
climbing,5686,5682,5686,4
running,5705,5686,5705,19
stepping,5779,5705,5779,74
walking,5840,5779,5840,61
running,5881,5840,5881,41
rising,5930,5881,5930,49
right_turning,5949,5930,5949,19
sniffing,6196,5949,6196,247
left_turning,6241,6196,6241,45
sniffing,6289,6241,6289,48
rearing,6290,6289,6290,1
rising,6363,6290,6363,73
walking,6385,6363,6385,22
sniffing,6492,6385,6492,107
trotting,6526,6492,6526,34
stepping,6560,6526,6560,34
trotting,6589,6560,6589,29
rising,6648,6589,6648,59
walking,6678,6648,6678,30
left_turning,6679,6678,6679,1
stepping,6723,6679,6723,44
walking,6767,6723,6767,44
rising,6768,6767,6768,1
left_turning,6769,6768,6769,1
sniffing,6817,6769,6817,48
rising,6818,6817,6818,1
climbing,6908,6818,6908,90
sniffing,7029,6908,7029,121
climbing,7089,7029,7089,60
running,7113,7089,7113,24
walking,7114,7113,7114,1
sniffing,7178,7114,7178,64
climbing,7259,7178,7259,81
running,7260,7259,7260,1
walking,7261,7260,7261,1
climbing,7324,7261,7324,63
walking,7393,7324,7393,69
rising,7394,7393,7394,1
right_turning,7407,7394,7407,13
climbing,7449,7407,7449,42
rising,7483,7449,7483,34
climbing,7526,7483,7526,43
walking,7576,7526,7576,50
rising,7628,7576,7628,52
grooming,7765,7628,7765,137
rearing,7798,7765,7798,33
rising,7817,7798,7817,19
sniffing,7984,7817,7984,167
left_turning,8028,7984,8028,44
sniffing,8150,8028,8150,122
stepping,8189,8150,8189,39
climbing,8231,8189,8231,42
left_turning,8245,8231,8245,14
rising,8311,8245,8311,66
walking,8379,8311,8379,68
sniffing,8380,8379,8380,1
rising,8389,8380,8389,9
sniffing,8477,8389,8477,88
left_turning,8491,8477,8491,14
sniffing,8492,8491,8492,1
rising,8543,8492,8543,51
walking,8591,8543,8591,48
sniffing,8681,8591,8681,90
rising,8722,8681,8722,41
left_turning,8782,8722,8782,60
sniffing,8822,8782,8822,40
left_turning,8976,8822,8976,154
sniffing,9154,8976,9154,178
climbing,9243,9154,9243,89
right_turning,9257,9243,9257,14
sniffing,9329,9257,9329,72
rising,9330,9329,9330,1
right_turning,9371,9330,9371,41
walking,9411,9371,9411,40
trotting,9425,9411,9425,14
sniffing,9427,9425,9427,2
right_turning,9459,9427,9459,32
sniffing,9474,9459,9474,15
left_turning,9513,9474,9513,39
sniffing,9551,9513,9551,38
climbing,9570,9551,9570,19
rising,9595,9570,9595,25
sniffing,9627,9595,9627,32
left_turning,9653,9627,9653,26
trotting,9691,9653,9691,38
sniffing,9728,9691,9728,37
trotting,9759,9728,9759,31
sniffing,9843,9759,9843,84
left_turning,9844,9843,9844,1
sniffing,9937,9844,9937,93
rising,9960,9937,9960,23
sniffing,9983,9960,9983,23
rearing,10021,9983,10021,38
sniffing,10109,10021,10109,88
walking,10178,10109,10178,69
sniffing,10218,10178,10218,40
left_turning,10332,10218,10332,114
sniffing,10422,10332,10422,90
walking,10455,10422,10455,33
rearing,10474,10455,10474,19
sniffing,10618,10474,10618,144
rearing,10665,10618,10665,47
grooming,10841,10665,10841,176
rearing,10904,10841,10904,63
walking,10908,10904,10908,4
rising,10909,10908,10909,1
sniffing,10910,10909,10910,1
left_turning,10977,10910,10977,67
rising,11043,10977,11043,66
walking,11044,11043,11044,1
sniffing,11104,11044,11104,60
left_turning,11167,11104,11167,63
sniffing,11223,11167,11223,56
left_turning,11325,11223,11325,102
sniffing,11326,11325,11326,1
left_turning,11342,11326,11342,16
walking,11393,11342,11393,51
sniffing,11394,11393,11394,1
stepping,11407,11394,11407,13
sniffing,11455,11407,11455,48
walking,11507,11455,11507,52
climbing,11508,11507,11508,1
rising,11516,11508,11516,8
climbing,11605,11516,11605,89
grooming,11639,11605,11639,34
rearing,11738,11639,11738,99
rising,11742,11738,11742,4
sniffing,11792,11742,11792,50
rising,11846,11792,11846,54
sniffing,11847,11846,11847,1
climbing,11848,11847,11848,1
running,11874,11848,11874,26
sniffing,11903,11874,11903,29
stepping,11914,11903,11914,11
rising,11950,11914,11950,36
trotting,11975,11950,11975,25
stepping,11976,11975,11976,1
sniffing,12054,11976,12054,78
walking,12114,12054,12114,60
sniffing,12156,12114,12156,42
walking,12214,12156,12214,58
left_turning,12222,12214,12222,8
rising,12259,12222,12259,37
climbing,12320,12259,12320,61
walking,12321,12320,12321,1
stepping,12351,12321,12351,30
left_turning,12388,12351,12388,37
sniffing,12389,12388,12389,1
right_turning,12446,12389,12446,57
hunching,12453,12446,12453,7
grooming,12454,12453,12454,1
left_turning,12455,12454,12455,1
running,12488,12455,12488,33
right_turning,12489,12488,12489,1
left_turning,12525,12489,12525,36
stepping,12554,12525,12554,29
rising,12596,12554,12596,42
climbing,12601,12596,12601,5
rising,12642,12601,12642,41
climbing,12729,12642,12729,87
rearing,12765,12729,12765,36
sniffing,12835,12765,12835,70
walking,12852,12835,12852,17
left_turning,12853,12852,12853,1
trotting,12907,12853,12907,54
sniffing,13025,12907,13025,118
trotting,13026,13025,13026,1
left_turning,13058,13026,13058,32
sniffing,13122,13058,13122,64
trotting,13176,13122,13176,54
sniffing,13177,13176,13177,1
walking,13189,13177,13189,12
rising,13219,13189,13219,30
hunching,13262,13219,13262,43
sniffing,13263,13262,13263,1
rising,13270,13263,13270,7
sniffing,13321,13270,13321,51
left_turning,13353,13321,13353,32
sniffing,13399,13353,13399,46
left_turning,13455,13399,13455,56
walking,13537,13455,13537,82
left_turning,13609,13537,13609,72
walking,13668,13609,13668,59
sniffing,13669,13668,13669,1
walking,13693,13669,13693,24
climbing,13745,13693,13745,52
hunching,13764,13745,13764,19
right_turning,13766,13764,13766,2
sniffing,13942,13766,13942,176
walking,13968,13942,13968,26
climbing,13975,13968,13975,7
stepping,13976,13975,13976,1
walking,14015,13976,14015,39
rising,14021,14015,14021,6
sniffing,14034,14021,14034,13
right_turning,14090,14034,14090,56
walking,14127,14090,14127,37
sniffing,14275,14127,14275,148
rising,14314,14275,14314,39
climbing,14332,14314,14332,18
walking,14376,14332,14376,44
trotting,14407,14376,14407,31
walking,14412,14407,14412,5
sniffing,14550,14412,14550,138
rising,14603,14550,14603,53
climbing,14622,14603,14622,19
walking,14663,14622,14663,41
sniffing,14664,14663,14664,1
climbing,14712,14664,14712,48
trotting,14747,14712,14747,35
sniffing,14748,14747,14748,1
trotting,14771,14748,14771,23
sniffing,14772,14771,14772,1
left_turning,14872,14772,14872,100
walking,14905,14872,14905,33
stepping,14906,14905,14906,1
sniffing,14907,14906,14907,1
rising,14941,14907,14941,34
climbing,15020,14941,15020,79
left_turning,15031,15020,15031,11
sniffing,15113,15031,15113,82
climbing,15114,15113,15114,1
trotting,15143,15114,15143,29
sniffing,15144,15143,15144,1
climbing,15181,15144,15181,37
rising,15222,15181,15222,41
sniffing,15225,15222,15225,3
left_turning,15264,15225,15264,39
walking,15342,15264,15342,78
sniffing,15423,15342,15423,81
trotting,15467,15423,15467,44
sniffing,15473,15467,15473,6
walking,15625,15473,15625,152
left_turning,15642,15625,15642,17
walking,15717,15642,15717,75
sniffing,15787,15717,15787,70
climbing,15859,15787,15859,72
sniffing,15860,15859,15860,1
left_turning,15953,15860,15953,93
sniffing,15989,15953,15989,36
climbing,15990,15989,15990,1
grooming,16075,15990,16075,85
sniffing,16196,16075,16196,121
walking,16197,16196,16197,1
sniffing,16332,16197,16332,135
trotting,16371,16332,16371,39
sniffing,16372,16371,16372,1
walking,16391,16372,16391,19
sniffing,16392,16391,16392,1
rising,16393,16392,16393,1
sniffing,16437,16393,16437,44
left_turning,16453,16437,16453,16
walking,16510,16453,16510,57
running,16526,16510,16526,16
rising,16600,16526,16600,74
stepping,16640,16600,16640,40
climbing,16710,16640,16710,70
rising,16740,16710,16740,30
stepping,16760,16740,16760,20
walking,16802,16760,16802,42
stepping,16848,16802,16848,46
left_turning,16852,16848,16852,4
walking,16882,16852,16882,30
sniffing,16915,16882,16915,33
left_turning,17017,16915,17017,102
walking,17043,17017,17043,26
left_turning,17084,17043,17084,41
trotting,17109,17084,17109,25
sniffing,17118,17109,17118,9
right_turning,17157,17118,17157,39
left_turning,17191,17157,17191,34
walking,17204,17191,17204,13
sniffing,17263,17204,17263,59
stepping,17307,17263,17307,44
running,17340,17307,17340,33
left_turning,17365,17340,17365,25
running,17425,17365,17425,60
sniffing,17512,17425,17512,87
left_turning,17524,17512,17524,12
sniffing,17525,17524,17525,1
stepping,17560,17525,17560,35
sniffing,17669,17560,17669,109
walking,17695,17669,17695,26
right_turning,17709,17695,17709,14
walking,17739,17709,17739,30
climbing,17819,17739,17819,80
hunching,17870,17819,17870,51
sniffing,17921,17870,17921,51
walking,17922,17921,17922,1
climbing,17993,17922,17993,71
trotting,18029,17993,18029,36
rising,18030,18029,18030,1
climbing,18095,18030,18095,65
sniffing,18199,18095,18199,104
rising,18252,18199,18252,53
climbing,18381,18252,18381,129
rising,18394,18381,18394,13
climbing,18440,18394,18440,46
trotting,18474,18440,18474,34
rising,18475,18474,18475,1
hunching,18483,18475,18483,8
sniffing,18539,18483,18539,56
walking,18542,18539,18542,3
climbing,18543,18542,18543,1
walking,18596,18543,18596,53
sniffing,18606,18596,18606,10
left_turning,18681,18606,18681,75
sniffing,18758,18681,18758,77
hunching,18862,18758,18862,104
rearing,18863,18862,18863,1
left_turning,18930,18863,18930,67
sniffing,18997,18930,18997,67
right_turning,19035,18997,19035,38
stepping,19065,19035,19065,30
sniffing,19164,19065,19164,99
hunching,19197,19164,19197,33
walking,19285,19197,19285,88
sniffing,19375,19285,19375,90
walking,19401,19375,19401,26
stepping,19461,19401,19461,60
trotting,19481,19461,19481,20
walking,19582,19481,19582,101
sniffing,19636,19582,19636,54
rising,19652,19636,19652,16
climbing,19758,19652,19758,106
sniffing,19772,19758,19772,14
walking,19789,19772,19789,17
sniffing,19881,19789,19881,92
walking,19882,19881,19882,1
sniffing,19887,19882,19887,5
rising,19953,19887,19953,66
climbing,19970,19953,19970,17
rising,19971,19970,19971,1
climbing,20001,19971,20001,30
sniffing,20039,20001,20039,38
left_turning,20040,20039,20040,1
walking,20054,20040,20054,14
sniffing,20105,20054,20105,51
climbing,20197,20105,20197,92
walking,20245,20197,20245,48
sniffing,20246,20245,20246,1
climbing,20285,20246,20285,39
sniffing,20432,20285,20432,147
walking,20480,20432,20480,48
trotting,20513,20480,20513,33
sniffing,20674,20513,20674,161
trotting,20697,20674,20697,23
rising,20733,20697,20733,36
climbing,20785,20733,20785,52
rising,20846,20785,20846,61
sniffing,20872,20846,20872,26
left_turning,20899,20872,20899,27
sniffing,20926,20899,20926,27
walking,20936,20926,20936,10
running,20969,20936,20969,33
climbing,21093,20969,21093,124
right_turning,21094,21093,21094,1
walking,21117,21094,21117,23
sniffing,21150,21117,21150,33
right_turning,21154,21150,21154,4
climbing,21196,21154,21196,42
right_turning,21197,21196,21197,1
walking,21223,21197,21223,26
sniffing,21237,21223,21237,14
grooming,21475,21237,21475,238
right_turning,21476,21475,21476,1
walking,21520,21476,21520,44
sniffing,21593,21520,21593,73
trotting,21629,21593,21629,36
walking,21661,21629,21661,32
sniffing,21718,21661,21718,57
walking,21762,21718,21762,44
sniffing,21935,21762,21935,173
rising,21964,21935,21964,29
sniffing,22008,21964,22008,44
rising,22009,22008,22009,1
rearing,22032,22009,22032,23
climbing,22131,22032,22131,99
walking,22158,22131,22158,27
stepping,22177,22158,22177,19
rearing,22178,22177,22178,1
climbing,22213,22178,22213,35
rising,22270,22213,22270,57
climbing,22291,22270,22291,21
walking,22335,22291,22335,44
stepping,22337,22335,22337,2
left_turning,22354,22337,22354,17
stepping,22355,22354,22355,1
sniffing,22530,22355,22530,175
climbing,22560,22530,22560,30
rising,22599,22560,22599,39
stepping,22617,22599,22617,18
rising,22618,22617,22618,1
climbing,22676,22618,22676,58
walking,22708,22676,22708,32
left_turning,22755,22708,22755,47
walking,22772,22755,22772,17
sniffing,22793,22772,22793,21
walking,22809,22793,22809,16
rising,22810,22809,22810,1
right_turning,22856,22810,22856,46
stepping,22921,22856,22921,65
walking,22938,22921,22938,17
sniffing,22981,22938,22981,43
left_turning,23071,22981,23071,90
sniffing,23282,23071,23282,211
walking,23306,23282,23306,24
sniffing,23309,23306,23309,3
walking,23366,23309,23366,57
sniffing,23487,23366,23487,121
rising,23547,23487,23547,60
grooming,23599,23547,23599,52
rising,23651,23599,23651,52
climbing,23723,23651,23723,72
grooming,23724,23723,23724,1
rearing,23816,23724,23816,92
grooming,23817,23816,23817,1
rearing,23852,23817,23852,35
left_turning,23853,23852,23853,1
stepping,23906,23853,23906,53
walking,23924,23906,23924,18
rising,23939,23924,23939,15
climbing,24003,23939,24003,64
hunching,24004,24003,24004,1
right_turning,24005,24004,24005,1
trotting,24069,24005,24069,64
walking,24150,24069,24150,81
left_turning,24204,24150,24204,54
sniffing,24216,24204,24216,12
rising,24273,24216,24273,57
grooming,24318,24273,24318,45
sniffing,24319,24318,24319,1
right_turning,24350,24319,24350,31
walking,24438,24350,24438,88
climbing,24562,24438,24562,124
walking,24652,24562,24652,90
climbing,24770,24652,24770,118
sniffing,24815,24770,24815,45
rising,24868,24815,24868,53
climbing,24889,24868,24889,21
sniffing,24938,24889,24938,49
walking,24939,24938,24939,1
sniffing,25073,24939,25073,134
climbing,25160,25073,25160,87
sniffing,25186,25160,25186,26
walking,25199,25186,25199,13
sniffing,25200,25199,25200,1
rising,25212,25200,25212,12
running,25213,25212,25213,1
rising,25239,25213,25239,26
sniffing,25296,25239,25296,57
left_turning,25307,25296,25307,11
sniffing,25332,25307,25332,25
stepping,25375,25332,25375,43
hunching,25383,25375,25383,8
climbing,25476,25383,25476,93
right_turning,25489,25476,25489,13
climbing,25490,25489,25490,1
sniffing,25543,25490,25543,53
rising,25565,25543,25565,22
climbing,25595,25565,25595,30
walking,25654,25595,25654,59
rearing,25704,25654,25704,50
climbing,25784,25704,25784,80
sniffing,25962,25784,25962,178
rising,25977,25962,25977,15
climbing,26070,25977,26070,93
walking,26078,26070,26078,8
stepping,26116,26078,26116,38
sniffing,26247,26116,26247,131
stepping,26280,26247,26280,33
sniffing,26344,26280,26344,64
walking,26346,26344,26346,2
sniffing,26472,26346,26472,126
left_turning,26507,26472,26507,35
stepping,26510,26507,26510,3
sniffing,26676,26510,26676,166
climbing,26710,26676,26710,34
trotting,26732,26710,26732,22
left_turning,26733,26732,26733,1
sniffing,26801,26733,26801,68
left_turning,26869,26801,26869,68
trotting,26918,26869,26918,49
left_turning,26920,26918,26920,2
sniffing,26921,26920,26921,1
walking,26992,26921,26992,71
sniffing,26993,26992,26993,1
left_turning,27031,26993,27031,38
rising,27061,27031,27061,30
climbing,27125,27061,27125,64
left_turning,27146,27125,27146,21
walking,27184,27146,27184,38
sniffing,27224,27184,27224,40
left_turning,27298,27224,27298,74
sniffing,27310,27298,27310,12
right_turning,27394,27310,27394,84
walking,27406,27394,27406,12
stepping,27446,27406,27446,40
sniffing,27448,27446,27448,2
walking,27449,27448,27449,1
sniffing,27450,27449,27450,1
climbing,27501,27450,27501,51
rearing,27502,27501,27502,1
rising,27573,27502,27573,71
sniffing,27574,27573,27574,1
left_turning,27646,27574,27646,72
sniffing,27683,27646,27683,37
running,27704,27683,27704,21
trotting,27740,27704,27740,36
rising,27741,27740,27741,1
climbing,27864,27741,27864,123
walking,27891,27864,27891,27
climbing,28009,27891,28009,118
sniffing,28051,28009,28051,42
walking,28091,28051,28091,40
sniffing,28092,28091,28092,1
walking,28150,28092,28150,58
sniffing,28207,28150,28207,57
walking,28208,28207,28208,1
climbing,28230,28208,28230,22
sniffing,28430,28230,28430,200
walking,28431,28430,28431,1
climbing,28472,28431,28472,41
rising,28532,28472,28532,60
walking,28533,28532,28533,1
sniffing,28593,28533,28593,60
walking,28643,28593,28643,50
right_turning,28720,28643,28720,77
sniffing,28721,28720,28721,1
walking,28753,28721,28753,32
rising,28787,28753,28787,34
climbing,28939,28787,28939,152
sniffing,28940,28939,28940,1
climbing,29016,28940,29016,76
right_turning,29061,29016,29061,45
stepping,29112,29061,29112,51
left_turning,29113,29112,29113,1
walking,29135,29113,29135,22
stepping,29172,29135,29172,37
rearing,29232,29172,29232,60
grooming,29261,29232,29261,29
rising,29262,29261,29262,1
left_turning,29316,29262,29316,54
walking,29354,29316,29354,38
left_turning,29383,29354,29383,29
walking,29416,29383,29416,33
sniffing,29417,29416,29417,1
left_turning,29418,29417,29418,1
trotting,29457,29418,29457,39
walking,29493,29457,29493,36
sniffing,29576,29493,29576,83
stepping,29630,29576,29630,54
right_turning,29664,29630,29664,34
walking,29699,29664,29699,35
sniffing,29869,29699,29869,170
walking,29928,29869,29928,59
sniffing,29967,29928,29967,39
left_turning,29971,29967,29971,4
sniffing,30004,29971,30004,33
walking,30037,30004,30037,33
sniffing,30142,30037,30142,105
rising,30183,30142,30183,41
trotting,30249,30183,30249,66
stepping,30290,30249,30290,41
sniffing,30445,30290,30445,155
left_turning,30468,30445,30468,23
rising,30502,30468,30502,34
left_turning,30551,30502,30551,49
walking,30599,30551,30599,48
stepping,30669,30599,30669,70
rising,30721,30669,30721,52
climbing,30804,30721,30804,83
rising,30840,30804,30840,36
walking,30900,30840,30900,60
rising,30920,30900,30920,20
right_turning,30936,30920,30936,16
walking,30984,30936,30984,48
left_turning,31026,30984,31026,42
climbing,31136,31026,31136,110
sniffing,31186,31136,31186,50
rising,31193,31186,31193,7
sniffing,31311,31193,31311,118
trotting,31325,31311,31325,14
running,31331,31325,31331,6
sniffing,31338,31331,31338,7
walking,31371,31338,31371,33
rising,31395,31371,31395,24
walking,31464,31395,31464,69
sniffing,31476,31464,31476,12
climbing,31577,31476,31577,101
sniffing,31600,31577,31600,23
right_turning,31622,31600,31622,22
trotting,31623,31622,31623,1
sniffing,31678,31623,31678,55
left_turning,31702,31678,31702,24
running,31710,31702,31710,8
rising,31728,31710,31728,18
climbing,31729,31728,31729,1
sniffing,31798,31729,31798,69
left_turning,31799,31798,31799,1
climbing,31850,31799,31850,51
sniffing,31851,31850,31851,1
rising,31962,31851,31962,111
climbing,31987,31962,31987,25
walking,32037,31987,32037,50
trotting,32080,32037,32080,43
sniffing,32146,32080,32146,66
right_turning,32147,32146,32147,1
trotting,32177,32147,32177,30
hunching,32243,32177,32243,66
rearing,32335,32243,32335,92
climbing,32348,32335,32348,13
sniffing,32349,32348,32349,1
rising,32394,32349,32394,45
climbing,32459,32394,32459,65
sniffing,32460,32459,32460,1
rising,32519,32460,32519,59
sniffing,32520,32519,32520,1
walking,32586,32520,32586,66
sniffing,32640,32586,32640,54
rearing,32739,32640,32739,99
sniffing,32861,32739,32861,122
walking,32888,32861,32888,27
left_turning,32948,32888,32948,60
walking,32972,32948,32972,24
rising,32990,32972,32990,18
climbing,33098,32990,33098,108
walking,33113,33098,33113,15
sniffing,33232,33113,33232,119
left_turning,33246,33232,33246,14
rising,33271,33246,33271,25
climbing,33370,33271,33370,99
sniffing,33416,33370,33416,46
right_turning,33433,33416,33433,17
trotting,33449,33433,33449,16
left_turning,33461,33449,33461,12
stepping,33493,33461,33493,32
climbing,33547,33493,33547,54
left_turning,33611,33547,33611,64
trotting,33664,33611,33664,53
walking,33743,33664,33743,79
sniffing,33822,33743,33822,79
walking,33871,33822,33871,49
left_turning,33957,33871,33957,86
stepping,33962,33957,33962,5
hunching,33987,33962,33987,25
grooming,34040,33987,34040,53
climbing,34041,34040,34041,1
sniffing,34158,34041,34158,117
rising,34204,34158,34204,46
climbing,34269,34204,34269,65
jumping,34287,34269,34287,18
trotting,34304,34287,34304,17
sniffing,34349,34304,34349,45
rising,34403,34349,34403,54
climbing,34524,34403,34524,121
sniffing,34628,34524,34628,104
trotting,34674,34628,34674,46
left_turning,34701,34674,34701,27
running,34714,34701,34714,13
stepping,34768,34714,34768,54
walking,34769,34768,34769,1
sniffing,34873,34769,34873,104
rising,34880,34873,34880,7
sniffing,34902,34880,34902,22
rising,34906,34902,34906,4
trotting,34962,34906,34962,56
sniffing,35049,34962,35049,87
pausing,35109,35049,35109,60
sniffing,35145,35109,35145,36
walking,35146,35145,35146,1
sniffing,35210,35146,35210,64
rising,35277,35210,35277,67
climbing,35304,35277,35304,27
sniffing,35305,35304,35305,1
rising,35474,35305,35474,169
climbing,35538,35474,35538,64
right_turning,35555,35538,35555,17
rising,35595,35555,35595,40
climbing,35600,35595,35600,5
running,35635,35600,35635,35
rising,35647,35635,35647,12
sniffing,35730,35647,35730,83
trotting,35749,35730,35749,19
rising,35769,35749,35769,20
rearing,35778,35769,35778,9
rising,35784,35778,35784,6
trotting,35796,35784,35796,12
sniffing,35849,35796,35849,53
climbing,35919,35849,35919,70
stepping,35923,35919,35923,4
sniffing,35940,35923,35940,17
left_turning,35941,35940,35941,1
walking,35981,35941,35981,40
climbing,36086,35981,36086,105
walking,36087,36086,36087,1
climbing,36098,36087,36098,11
rearing,36103,36098,36103,5
hunching,36246,36103,36246,143
grooming,36247,36246,36247,1
sniffing,36368,36247,36368,121
rising,36454,36368,36454,86
sniffing,36548,36454,36548,94
walking,36560,36548,36560,12
left_turning,36581,36560,36581,21
sniffing,36582,36581,36582,1
grooming,36583,36582,36583,1
rearing,36584,36583,36584,1
sniffing,36701,36584,36701,117
walking,36732,36701,36732,31
sniffing,36733,36732,36733,1
walking,36772,36733,36772,39
sniffing,36830,36772,36830,58
trotting,36866,36830,36866,36
sniffing,37001,36866,37001,135
rising,37052,37001,37052,51
sniffing,37064,37052,37064,12
walking,37075,37064,37075,11
rearing,37076,37075,37076,1
hunching,37129,37076,37129,53
rising,37151,37129,37151,22
rearing,37204,37151,37204,53
grooming,37278,37204,37278,74
rearing,37279,37278,37279,1
walking,37280,37279,37280,1
sniffing,37316,37280,37316,36
walking,37339,37316,37339,23
rising,37379,37339,37379,40
left_turning,37394,37379,37394,15
sniffing,37457,37394,37457,63
right_turning,37465,37457,37465,8
sniffing,37483,37465,37483,18
rising,37484,37483,37484,1
sniffing,37626,37484,37626,142
rising,37648,37626,37648,22
climbing,37755,37648,37755,107
rearing,37837,37755,37837,82
climbing,37838,37837,37838,1
running,37841,37838,37841,3
stepping,37920,37841,37920,79
sniffing,37970,37920,37970,50
walking,37998,37970,37998,28
rising,38031,37998,38031,33
sniffing,38069,38031,38069,38
walking,38106,38069,38106,37
rearing,38175,38106,38175,69
left_turning,38255,38175,38255,80
walking,38306,38255,38306,51
right_turning,38333,38306,38333,27
sniffing,38350,38333,38350,17
walking,38391,38350,38391,41
left_turning,38392,38391,38392,1
sniffing,38398,38392,38398,6
trotting,38470,38398,38470,72
stepping,38507,38470,38507,37
walking,38549,38507,38549,42
rising,38555,38549,38555,6
climbing,38643,38555,38643,88
sniffing,38644,38643,38644,1
walking,38670,38644,38670,26
rearing,38691,38670,38691,21
climbing,38723,38691,38723,32
grooming,38808,38723,38808,85
sniffing,38878,38808,38878,70
climbing,38922,38878,38922,44
right_turning,38936,38922,38936,14
walking,39010,38936,39010,74
sniffing,39111,39010,39111,101
climbing,39112,39111,39112,1
hunching,39164,39112,39164,52
rising,39257,39164,39257,93
stepping,39265,39257,39265,8
sniffing,39319,39265,39319,54
right_turning,39324,39319,39324,5
trotting,39377,39324,39377,53
sniffing,39385,39377,39385,8
walking,39428,39385,39428,43
sniffing,39628,39428,39628,200
walking,39688,39628,39688,60
climbing,39721,39688,39721,33
rearing,39757,39721,39757,36
rising,39793,39757,39793,36
sniffing,39889,39793,39889,96
rising,39926,39889,39926,37
sniffing,40011,39926,40011,85
rearing,40033,40011,40033,22
sniffing,40034,40033,40034,1
stepping,40085,40034,40085,51
sniffing,40126,40085,40126,41
climbing,40188,40126,40188,62
running,40219,40188,40219,31
walking,40292,40219,40292,73
rising,40296,40292,40296,4
climbing,40353,40296,40353,57
rising,40354,40353,40354,1
sniffing,40402,40354,40402,48
rearing,40403,40402,40403,1
jumping,40447,40403,40447,44
rising,40493,40447,40493,46
sniffing,40551,40493,40551,58
stepping,40602,40551,40602,51
rising,40654,40602,40654,52
climbing,40666,40654,40666,12
sniffing,40667,40666,40667,1
walking,40671,40667,40671,4
rearing,40754,40671,40754,83
grooming,41020,40754,41020,266
rearing,41114,41020,41114,94
left_turning,41126,41114,41126,12
running,41153,41126,41153,27
walking,41187,41153,41187,34
rising,41242,41187,41242,55
climbing,41319,41242,41319,77
grooming,41358,41319,41358,39
sniffing,41373,41358,41373,15
rearing,41403,41373,41403,30
jumping,41404,41403,41404,1
rising,41445,41404,41445,41
sniffing,41467,41445,41467,22
grooming,41547,41467,41547,80
sniffing,41550,41547,41550,3
grooming,41611,41550,41611,61
rising,41678,41611,41678,67
rearing,41852,41678,41852,174
walking,41868,41852,41868,16
left_turning,41928,41868,41928,60
walking,41950,41928,41950,22
left_turning,41964,41950,41964,14
rising,41965,41964,41965,1
climbing,41989,41965,41989,24
grooming,42029,41989,42029,40
rearing,42123,42029,42123,94
grooming,42374,42123,42374,251
sniffing,42436,42374,42436,62
left_turning,42476,42436,42476,40
walking,42561,42476,42561,85
sniffing,42562,42561,42562,1
left_turning,42563,42562,42563,1
sniffing,42564,42563,42564,1
right_turning,42565,42564,42565,1
sniffing,42566,42565,42566,1
rising,42610,42566,42610,44
right_turning,42629,42610,42629,19
stepping,42649,42629,42649,20
walking,42688,42649,42688,39
stepping,42689,42688,42689,1
climbing,42711,42689,42711,22
sniffing,42740,42711,42740,29
walking,42781,42740,42781,41
rising,42812,42781,42812,31
stepping,42881,42812,42881,69
left_turning,42889,42881,42889,8
climbing,43031,42889,43031,142
hunching,43087,43031,43087,56
grooming,43106,43087,43106,19
walking,43143,43106,43143,37
sniffing,43157,43143,43157,14
right_turning,43158,43157,43158,1
climbing,43185,43158,43185,27
sniffing,43211,43185,43211,26
right_turning,43275,43211,43275,64
climbing,43278,43275,43278,3
walking,43308,43278,43308,30
rising,43338,43308,43338,30
climbing,43373,43338,43373,35
sniffing,43583,43373,43583,210
left_turning,43647,43583,43647,64
trotting,43705,43647,43705,58
sniffing,43826,43705,43826,121
rising,43875,43826,43875,49
climbing,43983,43875,43983,108
rising,44040,43983,44040,57
sniffing,44128,44040,44128,88
walking,44163,44128,44163,35
sniffing,44202,44163,44202,39
grooming,44203,44202,44203,1
hunching,44239,44203,44239,36
rising,44240,44239,44240,1
walking,44267,44240,44267,27
climbing,44330,44267,44330,63
sniffing,44380,44330,44380,50
walking,44400,44380,44400,20
sniffing,44401,44400,44401,1
right_turning,44402,44401,44402,1
walking,44481,44402,44481,79
sniffing,44532,44481,44532,51
right_turning,44595,44532,44595,63
rising,44725,44595,44725,130
rearing,44748,44725,44748,23
sniffing,44749,44748,44749,1
grooming,44801,44749,44801,52
walking,44902,44801,44902,101
sniffing,44982,44902,44982,80
walking,45021,44982,45021,39
sniffing,45137,45021,45137,116
stepping,45213,45137,45213,76
sniffing,45324,45213,45324,111
stepping,45397,45324,45397,73
sniffing,45450,45397,45450,53
trotting,45468,45450,45468,18
right_turning,45514,45468,45514,46
stepping,45556,45514,45556,42
walking,45574,45556,45574,18
sniffing,45700,45574,45700,126
walking,45747,45700,45747,47
stepping,45821,45747,45821,74
rising,45878,45821,45878,57
left_turning,45879,45878,45879,1
walking,45901,45879,45901,22
rising,45906,45901,45906,5
right_turning,45929,45906,45929,23
rising,45930,45929,45930,1
climbing,45975,45930,45975,45
right_turning,46066,45975,46066,91
walking,46115,46066,46115,49
sniffing,46173,46115,46173,58
rising,46192,46173,46192,19
climbing,46230,46192,46230,38
sniffing,46294,46230,46294,64
walking,46310,46294,46310,16
sniffing,46366,46310,46366,56
climbing,46444,46366,46444,78
left_turning,46488,46444,46488,44
sniffing,46568,46488,46568,80
rising,46569,46568,46569,1
walking,46575,46569,46575,6
left_turning,46603,46575,46603,28
rising,46630,46603,46630,27
sniffing,46699,46630,46699,69
left_turning,46737,46699,46737,38
stepping,46768,46737,46768,31
trotting,46769,46768,46769,1
walking,46788,46769,46788,19
sniffing,46820,46788,46820,32
left_turning,46868,46820,46868,48
sniffing,46896,46868,46896,28
climbing,46921,46896,46921,25
rising,46992,46921,46992,71
climbing,47038,46992,47038,46
rearing,47088,47038,47088,50
rising,47091,47088,47091,3
rearing,47188,47091,47188,97
sniffing,47189,47188,47189,1
climbing,47200,47189,47200,11
grooming,47442,47200,47442,242
rearing,47501,47442,47501,59
walking,47517,47501,47517,16
sniffing,47518,47517,47518,1
walking,47571,47518,47571,53
sniffing,47594,47571,47594,23
rising,47600,47594,47600,6
trotting,47627,47600,47627,27
sniffing,47654,47627,47654,27
rearing,47655,47654,47655,1
left_turning,47656,47655,47656,1
sniffing,47762,47656,47762,106
walking,47807,47762,47807,45
hunching,47875,47807,47875,68
right_turning,47888,47875,47888,13
stepping,47937,47888,47937,49
sniffing,47969,47937,47969,32
climbing,48085,47969,48085,116
running,48114,48085,48114,29
sniffing,48314,48114,48314,200
stepping,48369,48314,48369,55
sniffing,48396,48369,48396,27
walking,48429,48396,48429,33
sniffing,48606,48429,48606,177
right_turning,48682,48606,48682,76
sniffing,48837,48682,48837,155
climbing,48840,48837,48840,3
trotting,48867,48840,48867,27
left_turning,48889,48867,48889,22
sniffing,48995,48889,48995,106
left_turning,49038,48995,49038,43
walking,49039,49038,49039,1
left_turning,49071,49039,49071,32
stepping,49116,49071,49116,45
trotting,49174,49116,49174,58
sniffing,49373,49174,49373,199
left_turning,49433,49373,49433,60
walking,49490,49433,49490,57
sniffing,49673,49490,49673,183
rising,49685,49673,49685,12
grooming,49686,49685,49686,1
left_turning,49758,49686,49758,72
walking,49759,49758,49759,1
climbing,49911,49759,49911,152
walking,49939,49911,49939,28
sniffing,50029,49939,50029,90
climbing,50127,50029,50127,98
rising,50128,50127,50128,1
climbing,50216,50128,50216,88
walking,50243,50216,50243,27
stepping,50268,50243,50268,25
sniffing,50342,50268,50342,74
walking,50359,50342,50359,17
rearing,50434,50359,50434,75
sniffing,50579,50434,50579,145
trotting,50604,50579,50604,25
sniffing,50605,50604,50605,1
walking,50636,50605,50636,31
stepping,50655,50636,50655,19
walking,50695,50655,50695,40
stepping,50713,50695,50713,18
walking,50714,50713,50714,1
sniffing,50782,50714,50782,68
climbing,50821,50782,50821,39
hunching,50822,50821,50822,1
rearing,50859,50822,50859,37
rising,50860,50859,50860,1
sniffing,51023,50860,51023,163
walking,51087,51023,51087,64
rising,51090,51087,51090,3
climbing,51121,51090,51121,31
walking,51150,51121,51150,29
sniffing,51151,51150,51151,1
rising,51175,51151,51175,24
climbing,51176,51175,51176,1
rising,51193,51176,51193,17
climbing,51261,51193,51261,68
rising,51281,51261,51281,20
climbing,51282,51281,51282,1
walking,51288,51282,51288,6
sniffing,51488,51288,51488,200
walking,51511,51488,51511,23
sniffing,51585,51511,51585,74
climbing,51611,51585,51611,26
hunching,51662,51611,51662,51
climbing,51685,51662,51685,23
sniffing,51720,51685,51720,35
climbing,51721,51720,51721,1
grooming,51852,51721,51852,131
stepping,51883,51852,51883,31
walking,51924,51883,51924,41
rising,51932,51924,51932,8
climbing,52027,51932,52027,95
sniffing,52149,52027,52149,122
climbing,52252,52149,52252,103
hunching,52253,52252,52253,1
rising,52276,52253,52276,23
sniffing,52313,52276,52313,37
climbing,52322,52313,52322,9
rearing,52323,52322,52323,1
grooming,52456,52323,52456,133
left_turning,52471,52456,52471,15
sniffing,52543,52471,52543,72
climbing,52544,52543,52544,1
rearing,52545,52544,52545,1
sniffing,52650,52545,52650,105
walking,52734,52650,52734,84
sniffing,52735,52734,52735,1
stepping,52784,52735,52784,49
left_turning,52814,52784,52814,30
sniffing,52953,52814,52953,139
climbing,53047,52953,53047,94
walking,53071,53047,53071,24
sniffing,53117,53071,53117,46
rising,53194,53117,53194,77
climbing,53231,53194,53231,37
rearing,53232,53231,53232,1
rising,53304,53232,53304,72
climbing,53308,53304,53308,4
right_turning,53343,53308,53343,35
walking,53372,53343,53372,29
sniffing,53394,53372,53394,22
left_turning,53423,53394,53423,29
walking,53446,53423,53446,23
trotting,53502,53446,53502,56
sniffing,53614,53502,53614,112
rising,53615,53614,53615,1
sniffing,53683,53615,53683,68
left_turning,53745,53683,53745,62
walking,53805,53745,53805,60
sniffing,53938,53805,53938,133
walking,53939,53938,53939,1
right_turning,54017,53939,54017,78
walking,54070,54017,54070,53
sniffing,54071,54070,54071,1
rearing,54214,54071,54214,143
grooming,54328,54214,54328,114
rearing,54336,54328,54336,8
grooming,54337,54336,54337,1
rearing,54367,54337,54367,30
right_turning,54397,54367,54397,30
rising,54398,54397,54398,1
left_turning,54399,54398,54399,1
sniffing,54400,54399,54400,1
walking,54425,54400,54425,25
rising,54462,54425,54462,37
trotting,54504,54462,54504,42
stepping,54513,54504,54513,9
sniffing,54614,54513,54614,101
rising,54646,54614,54646,32
climbing,54650,54646,54650,4
rearing,54673,54650,54673,23
rising,54698,54673,54698,25
right_turning,54723,54698,54723,25
walking,54838,54723,54838,115
hunching,54915,54838,54915,77
sniffing,54954,54915,54954,39
walking,54981,54954,54981,27
sniffing,55051,54981,55051,70
walking,55052,55051,55052,1
stepping,55078,55052,55078,26
walking,55147,55078,55147,69
left_turning,55195,55147,55195,48
walking,55196,55195,55196,1
left_turning,55263,55196,55263,67
rising,55286,55263,55286,23
walking,55326,55286,55326,40
left_turning,55335,55326,55335,9
sniffing,55411,55335,55411,76
right_turning,55434,55411,55434,23
trotting,55435,55434,55435,1
walking,55476,55435,55476,41
sniffing,55527,55476,55527,51
left_turning,55578,55527,55578,51
sniffing,55686,55578,55686,108
rising,55785,55686,55785,99
climbing,55824,55785,55824,39
rearing,55881,55824,55881,57
sniffing,56015,55881,56015,134
climbing,56034,56015,56034,19
rising,56035,56034,56035,1
sniffing,56157,56035,56157,122
walking,56185,56157,56185,28
sniffing,56203,56185,56203,18
walking,56281,56203,56281,78
sniffing,56387,56281,56387,106
rising,56523,56387,56523,136
jumping,56581,56523,56581,58
hunching,56593,56581,56593,12
climbing,56627,56593,56627,34
rising,56723,56627,56723,96
running,56769,56723,56769,46
sniffing,56777,56769,56777,8
walking,56842,56777,56842,65
sniffing,56983,56842,56983,141
rising,57003,56983,57003,20
sniffing,57029,57003,57029,26
left_turning,57056,57029,57056,27
walking,57087,57056,57087,31
climbing,57105,57087,57105,18
rising,57106,57105,57106,1
climbing,57264,57106,57264,158
right_turning,57266,57264,57266,2
trotting,57298,57266,57298,32
right_turning,57324,57298,57324,26
left_turning,57332,57324,57332,8
rising,57337,57332,57337,5
sniffing,57483,57337,57483,146
rearing,57518,57483,57518,35
walking,57565,57518,57565,47
climbing,57666,57565,57666,101
sniffing,57709,57666,57709,43
walking,57717,57709,57717,8
left_turning,57779,57717,57779,62
sniffing,57780,57779,57780,1
left_turning,57781,57780,57781,1
walking,57857,57781,57857,76
left_turning,57905,57857,57905,48
rising,57962,57905,57962,57
sniffing,57981,57962,57981,19
walking,58047,57981,58047,66
stepping,58078,58047,58078,31
rising,58143,58078,58143,65
climbing,58172,58143,58172,29
sniffing,58241,58172,58241,69
climbing,58251,58241,58251,10
sniffing,58252,58251,58252,1
walking,58271,58252,58271,19
left_turning,58296,58271,58296,25
walking,58312,58296,58312,16
sniffing,58318,58312,58318,6
rising,58367,58318,58367,49
climbing,58417,58367,58417,50
running,58439,58417,58439,22
sniffing,58552,58439,58552,113
climbing,58631,58552,58631,79
walking,58705,58631,58705,74
sniffing,58845,58705,58845,140
rising,58904,58845,58904,59
stepping,58943,58904,58943,39
walking,58996,58943,58996,53
left_turning,59016,58996,59016,20
walking,59063,59016,59063,47
sniffing,59147,59063,59147,84
climbing,59148,59147,59148,1
rising,59211,59148,59211,63
sniffing,59294,59211,59294,83
rising,59361,59294,59361,67
climbing,59362,59361,59362,1
walking,59375,59362,59375,13
stepping,59425,59375,59425,50
rearing,59441,59425,59441,16
sniffing,59442,59441,59442,1
rising,59443,59442,59443,1
stepping,59444,59443,59444,1
rising,59482,59444,59482,38
right_turning,59509,59482,59509,27
running,59555,59509,59555,46
sniffing,59656,59555,59656,101
walking,59698,59656,59698,42
sniffing,59699,59698,59699,1
rising,59712,59699,59712,13
climbing,59713,59712,59713,1
walking,59714,59713,59714,1
climbing,59749,59714,59749,35
sniffing,59786,59749,59786,37
trotting,59817,59786,59817,31
walking,59818,59817,59818,1
sniffing,60023,59818,60023,205
rearing,60024,60023,60024,1
stepping,60085,60024,60085,61
left_turning,60113,60085,60113,28
sniffing,60191,60113,60191,78
grooming,60248,60191,60248,57
hunching,60261,60248,60261,13
grooming,60543,60261,60543,282
climbing,60701,60543,60701,158
sniffing,60736,60701,60736,35
rising,60774,60736,60774,38
climbing,60775,60774,60775,1
trotting,60799,60775,60799,24
walking,60851,60799,60851,52
sniffing,61035,60851,61035,184
rearing,61098,61035,61098,63
rising,61145,61098,61145,47
sniffing,61288,61145,61288,143
stepping,61315,61288,61315,27
rising,61347,61315,61347,32
sniffing,61408,61347,61408,61
walking,61445,61408,61445,37
rising,61543,61445,61543,98
sniffing,61560,61543,61560,17
rising,61668,61560,61668,108
sniffing,61712,61668,61712,44
walking,61726,61712,61726,14
sniffing,61877,61726,61877,151
left_turning,61936,61877,61936,59
stepping,61963,61936,61963,27
walking,62005,61963,62005,42
trotting,62038,62005,62038,33
sniffing,62073,62038,62073,35
trotting,62102,62073,62102,29
running,62121,62102,62121,19
sniffing,62158,62121,62158,37
rising,62162,62158,62162,4
sniffing,62231,62162,62231,69
stepping,62232,62231,62232,1
walking,62273,62232,62273,41
sniffing,62366,62273,62366,93
rising,62482,62366,62482,116
climbing,62516,62482,62516,34
hunching,62517,62516,62517,1
sniffing,62680,62517,62680,163
left_turning,62716,62680,62716,36
sniffing,62717,62716,62717,1
stepping,62780,62717,62780,63
climbing,62797,62780,62797,17
sniffing,62910,62797,62910,113
pausing,63098,62910,63098,188
sniffing,63099,63098,63099,1
walking,63130,63099,63130,31
running,63140,63130,63140,10
trotting,63158,63140,63158,18
rising,63226,63158,63226,68
climbing,63308,63226,63308,82
right_turning,63371,63308,63371,63
climbing,63445,63371,63445,74
rising,63464,63445,63464,19
sniffing,63610,63464,63610,146
pausing,63819,63610,63819,209
sniffing,63888,63819,63888,69
walking,63946,63888,63946,58
trotting,63954,63946,63954,8
walking,64003,63954,64003,49
sniffing,64159,64003,64159,156
rearing,64212,64159,64212,53
walking,64254,64212,64254,42
rising,64296,64254,64296,42
sniffing,64479,64296,64479,183
rising,64482,64479,64482,3
climbing,64483,64482,64483,1
right_turning,64531,64483,64531,48
walking,64598,64531,64598,67
rising,64671,64598,64671,73
sniffing,64699,64671,64699,28
rising,64701,64699,64701,2
climbing,64733,64701,64733,32
left_turning,64786,64733,64786,53
sniffing,64829,64786,64829,43
right_turning,64847,64829,64847,18
trotting,64861,64847,64861,14
sniffing,65022,64861,65022,161
walking,65072,65022,65072,50
stepping,65112,65072,65112,40
sniffing,65126,65112,65126,14
grooming,65127,65126,65127,1
hunching,65128,65127,65128,1
climbing,65209,65128,65209,81
grooming,65210,65209,65210,1
hunching,65274,65210,65274,64
rearing,65275,65274,65275,1
grooming,65276,65275,65276,1
climbing,65277,65276,65277,1
sniffing,65349,65277,65349,72
left_turning,65354,65349,65354,5
walking,65460,65354,65460,106
stepping,65502,65460,65502,42
right_turning,65504,65502,65504,2
walking,65559,65504,65559,55
rising,65584,65559,65584,25
stepping,65614,65584,65614,30
sniffing,65723,65614,65723,109
rising,65734,65723,65734,11
rearing,65735,65734,65735,1
sniffing,65801,65735,65801,66
right_turning,65839,65801,65839,38
walking,65887,65839,65887,48
sniffing,65888,65887,65888,1
walking,65889,65888,65889,1
sniffing,65972,65889,65972,83
walking,65976,65972,65976,4
left_turning,65990,65976,65990,14
sniffing,66375,65990,66375,385
left_turning,66446,66375,66446,71
sniffing,66463,66446,66463,17
stepping,66499,66463,66499,36
walking,66565,66499,66565,66
sniffing,66566,66565,66566,1
left_turning,66585,66566,66585,19
walking,66655,66585,66655,70
rising,66676,66655,66676,21
climbing,66680,66676,66680,4
hunching,66681,66680,66681,1
rearing,66682,66681,66682,1
climbing,66684,66682,66684,2
left_turning,66690,66684,66690,6
walking,66766,66690,66766,76
sniffing,66848,66766,66848,82
trotting,66879,66848,66879,31
right_turning,66903,66879,66903,24
sniffing,66912,66903,66912,9
rearing,66956,66912,66956,44
grooming,67267,66956,67267,311
hunching,67287,67267,67287,20
right_turning,67341,67287,67341,54
walking,67416,67341,67416,75
left_turning,67425,67416,67425,9
trotting,67464,67425,67464,39
sniffing,67518,67464,67518,54
walking,67547,67518,67547,29
climbing,67647,67547,67647,100
walking,67670,67647,67670,23
climbing,67726,67670,67726,56
walking,67775,67726,67775,49
rising,67817,67775,67817,42
rearing,67818,67817,67818,1
trotting,67838,67818,67838,20
sniffing,67909,67838,67909,71
walking,67940,67909,67940,31
sniffing,68000,67940,68000,60
grooming,68015,68000,68015,15
rearing,68061,68015,68061,46
climbing,68179,68061,68179,118
rearing,68211,68179,68211,32
grooming,68337,68211,68337,126
sniffing,68338,68337,68338,1
right_turning,68391,68338,68391,53
sniffing,68530,68391,68530,139
rising,68604,68530,68604,74
rearing,68652,68604,68652,48
climbing,68816,68652,68816,164
right_turning,68862,68816,68862,46
trotting,68885,68862,68885,23
sniffing,68979,68885,68979,94
pausing,69516,68979,69516,537
sniffing,69632,69516,69632,116
left_turning,69677,69632,69677,45
walking,69721,69677,69721,44
climbing,69803,69721,69803,82
rising,69829,69803,69829,26
sniffing,69932,69829,69932,103
right_turning,69933,69932,69933,1
running,69947,69933,69947,14
sniffing,69948,69947,69948,1
left_turning,69970,69948,69970,22
walking,70068,69970,70068,98
sniffing,70294,70068,70294,226
left_turning,70335,70294,70335,41
walking,70378,70335,70378,43
stepping,70399,70378,70399,21
sniffing,70433,70399,70433,34
left_turning,70510,70433,70510,77
stepping,70555,70510,70555,45
sniffing,70682,70555,70682,127
walking,70766,70682,70766,84
sniffing,70845,70766,70845,79
stepping,70885,70845,70885,40
rearing,70920,70885,70920,35
sniffing,71111,70920,71111,191
climbing,71198,71111,71198,87
sniffing,71263,71198,71263,65
rising,71296,71263,71296,33
hunching,71297,71296,71297,1
rising,71298,71297,71298,1
climbing,71415,71298,71415,117
sniffing,71621,71415,71621,206
grooming,71782,71621,71782,161
right_turning,71808,71782,71808,26
trotting,71863,71808,71863,55
stepping,71879,71863,71879,16
sniffing,71940,71879,71940,61
rising,71979,71940,71979,39
sniffing,71983,71979,71983,4
climbing,72081,71983,72081,98
sniffing,72139,72081,72139,58
rising,72210,72139,72210,71
climbing,72283,72210,72283,73
sniffing,72373,72283,72373,90
rising,72455,72373,72455,82
sniffing,72611,72455,72611,156
rising,72678,72611,72678,67
walking,72782,72678,72782,104
stepping,72813,72782,72813,31
sniffing,72881,72813,72881,68
walking,72968,72881,72968,87
climbing,73039,72968,73039,71
rising,73040,73039,73040,1
climbing,73087,73040,73087,47
rearing,73088,73087,73088,1
sniffing,73111,73088,73111,23
rearing,73247,73111,73247,136
walking,73274,73247,73274,27
sniffing,73275,73274,73275,1
trotting,73282,73275,73282,7
walking,73283,73282,73283,1
sniffing,73284,73283,73284,1
left_turning,73295,73284,73295,11
walking,73398,73295,73398,103
rising,73399,73398,73399,1
climbing,73454,73399,73454,55
rising,73508,73454,73508,54
climbing,73553,73508,73553,45
walking,73587,73553,73587,34
sniffing,73692,73587,73692,105
rising,73759,73692,73759,67
sniffing,73760,73759,73760,1
grooming,74061,73760,74061,301
rearing,74082,74061,74082,21
rising,74156,74082,74156,74
climbing,74251,74156,74251,95
hunching,74269,74251,74269,18
sniffing,74293,74269,74293,24
climbing,74304,74293,74304,11
rising,74342,74304,74342,38
sniffing,74369,74342,74369,27
climbing,74459,74369,74459,90
rising,74460,74459,74460,1
rearing,74485,74460,74485,25
sniffing,74644,74485,74644,159
left_turning,74661,74644,74661,17
walking,74662,74661,74662,1
right_turning,74663,74662,74663,1
walking,74665,74663,74665,2
sniffing,74918,74665,74918,253
climbing,75090,74918,75090,172
left_turning,75115,75090,75115,25
rearing,75197,75115,75197,82
sniffing,75318,75197,75318,121
right_turning,75319,75318,75319,1
walking,75380,75319,75380,61
climbing,75455,75380,75455,75
rearing,75517,75455,75517,62
grooming,75518,75517,75518,1
rearing,75542,75518,75542,24
climbing,75646,75542,75646,104
rising,75683,75646,75683,37
walking,75684,75683,75684,1
sniffing,75783,75684,75783,99
walking,75794,75783,75794,11
trotting,75834,75794,75834,40
sniffing,75851,75834,75851,17
rising,75901,75851,75901,50
grooming,75915,75901,75915,14
rising,75916,75915,75916,1
sniffing,76020,75916,76020,104
hunching,76157,76020,76157,137
sniffing,76188,76157,76188,31
right_turning,76200,76188,76200,12
walking,76281,76200,76281,81
climbing,76384,76281,76384,103
walking,76421,76384,76421,37
climbing,76480,76421,76480,59
rising,76537,76480,76537,57
climbing,76616,76537,76616,79
rearing,76752,76616,76752,136
left_turning,76795,76752,76795,43
rising,76802,76795,76802,7
climbing,76812,76802,76812,10
rising,76852,76812,76852,40
climbing,76943,76852,76943,91
rearing,76977,76943,76977,34
left_turning,77008,76977,77008,31
walking,77009,77008,77009,1
rising,77025,77009,77025,16
sniffing,77176,77025,77176,151
rising,77231,77176,77231,55
climbing,77255,77231,77255,24
rising,77268,77255,77268,13
sniffing,77467,77268,77467,199
climbing,77617,77467,77617,150
sniffing,77670,77617,77670,53
rising,77671,77670,77671,1
stepping,77672,77671,77672,1
rising,77673,77672,77673,1
sniffing,77674,77673,77674,1
trotting,77714,77674,77714,40
climbing,77793,77714,77793,79
left_turning,77835,77793,77835,42
walking,77886,77835,77886,51
rising,77925,77886,77925,39
sniffing,78010,77925,78010,85
climbing,78011,78010,78011,1
rearing,78111,78011,78111,100
rising,78184,78111,78184,73
walking,78283,78184,78283,99
sniffing,78399,78283,78399,116
stepping,78466,78399,78466,67
rising,78499,78466,78499,33
sniffing,78547,78499,78547,48
rearing,78551,78547,78551,4
right_turning,78615,78551,78615,64
walking,78648,78615,78648,33
running,78724,78648,78724,76
sniffing,78839,78724,78839,115
left_turning,78911,78839,78911,72
walking,78944,78911,78944,33
stepping,79002,78944,79002,58
walking,79081,79002,79081,79
sniffing,79182,79081,79182,101
walking,79187,79182,79187,5
rising,79279,79187,79279,92
climbing,79337,79279,79337,58
sniffing,79338,79337,79338,1
rising,79359,79338,79359,21
climbing,79407,79359,79407,48
walking,79408,79407,79408,1
sniffing,79570,79408,79570,162
left_turning,79635,79570,79635,65
trotting,79657,79635,79657,22
stepping,79715,79657,79715,58
climbing,79772,79715,79772,57
trotting,79783,79772,79783,11
sniffing,79901,79783,79901,118
left_turning,79951,79901,79951,50
rising,79971,79951,79971,20
climbing,79985,79971,79985,14
rising,80132,79985,80132,147
right_turning,80173,80132,80173,41
trotting,80233,80173,80233,60
walking,80318,80233,80318,85
sniffing,80406,80318,80406,88
stepping,80427,80406,80427,21
rising,80445,80427,80445,18
climbing,80597,80445,80597,152
sniffing,80631,80597,80631,34
left_turning,80673,80631,80673,42
sniffing,80674,80673,80674,1
left_turning,80675,80674,80675,1
walking,80685,80675,80685,10
sniffing,80719,80685,80719,34
trotting,80744,80719,80744,25
rising,80750,80744,80750,6
sniffing,80751,80750,80751,1
left_turning,80823,80751,80823,72
rising,80889,80823,80889,66
sniffing,80926,80889,80926,37
grooming,81159,80926,81159,233
hunching,81195,81159,81195,36
grooming,81196,81195,81196,1
rearing,81288,81196,81288,92
rising,81289,81288,81289,1
sniffing,81353,81289,81353,64
grooming,81466,81353,81466,113
climbing,81489,81466,81489,23
rising,81533,81489,81533,44
sniffing,81534,81533,81534,1
rearing,81814,81534,81814,280
rising,81878,81814,81878,64
grooming,81879,81878,81879,1
sniffing,81970,81879,81970,91
walking,82009,81970,82009,39
stepping,82057,82009,82057,48
right_turning,82098,82057,82098,41
stepping,82143,82098,82143,45
sniffing,82184,82143,82184,41
stepping,82232,82184,82232,48
walking,82294,82232,82294,62
sniffing,82324,82294,82324,30
climbing,82464,82324,82464,140
sniffing,82519,82464,82519,55
grooming,82927,82519,82927,408
sniffing,83231,82927,83231,304
trotting,83277,83231,83277,46
stepping,83321,83277,83321,44
left_turning,83375,83321,83375,54
rising,83408,83375,83408,33
sniffing,83514,83408,83514,106
left_turning,83548,83514,83548,34
sniffing,83579,83548,83579,31
rising,83580,83579,83580,1
sniffing,83669,83580,83669,89
rising,83690,83669,83690,21
climbing,83718,83690,83718,28
sniffing,83824,83718,83824,106
rising,83858,83824,83858,34
climbing,84009,83858,84009,151
rising,84030,84009,84030,21
sniffing,84348,84030,84348,318
walking,84359,84348,84359,11
sniffing,84423,84359,84423,64
climbing,84622,84423,84622,199
sniffing,84623,84622,84623,1
rising,84704,84623,84704,81
sniffing,84746,84704,84746,42
climbing,84773,84746,84773,27
rearing,84781,84773,84781,8
rising,84787,84781,84787,6
climbing,84796,84787,84796,9
rising,84808,84796,84808,12
climbing,84858,84808,84858,50
hunching,84860,84858,84860,2
sniffing,84861,84860,84861,1
left_turning,84908,84861,84908,47
walking,84925,84908,84925,17
climbing,84926,84925,84926,1
right_turning,84962,84926,84962,36
stepping,84963,84962,84963,1
rising,85003,84963,85003,40
rearing,85004,85003,85004,1
climbing,85005,85004,85005,1
hunching,85026,85005,85026,21
rearing,85110,85026,85110,84
rising,85115,85110,85115,5
grooming,85116,85115,85116,1
rising,85158,85116,85158,42
climbing,85233,85158,85233,75
sniffing,85280,85233,85280,47
climbing,85281,85280,85281,1
sniffing,85408,85281,85408,127
grooming,85483,85408,85483,75
walking,85527,85483,85527,44
sniffing,85705,85527,85705,178
running,85721,85705,85721,16
stepping,85787,85721,85787,66
sniffing,85788,85787,85788,1
climbing,85883,85788,85883,95
rising,85899,85883,85899,16
rearing,85923,85899,85923,24
grooming,86070,85923,86070,147
rearing,86129,86070,86129,59
climbing,86137,86129,86137,8
left_turning,86140,86137,86140,3
rearing,86141,86140,86141,1
sniffing,86172,86141,86172,31
rising,86173,86172,86173,1
right_turning,86218,86173,86218,45
sniffing,86291,86218,86291,73
grooming,86425,86291,86425,134
rising,86460,86425,86460,35
running,86509,86460,86509,49
walking,86510,86509,86510,1
rising,86539,86510,86539,29
sniffing,86550,86539,86550,11
right_turning,86580,86550,86580,30
walking,86639,86580,86639,59
sniffing,86672,86639,86672,33
left_turning,86730,86672,86730,58
sniffing,86731,86730,86731,1
right_turning,86754,86731,86754,23
walking,86832,86754,86832,78
sniffing,86865,86832,86865,33
rising,86957,86865,86957,92
sniffing,87065,86957,87065,108
rising,87111,87065,87111,46
pausing,87572,87111,87572,461
sniffing,87630,87572,87630,58
left_turning,87643,87630,87643,13
trotting,87705,87643,87705,62
rising,87770,87705,87770,65
sniffing,87771,87770,87771,1
walking,87902,87771,87902,131
sniffing,88102,87902,88102,200
right_turning,88116,88102,88116,14
climbing,88127,88116,88127,11
right_turning,88183,88127,88183,56
running,88230,88183,88230,47
walking,88287,88230,88287,57
left_turning,88314,88287,88314,27
sniffing,88402,88314,88402,88
running,88416,88402,88416,14
right_turning,88419,88416,88419,3
left_turning,88420,88419,88420,1
sniffing,88429,88420,88429,9
rearing,88446,88429,88446,17
rising,88447,88446,88447,1
sniffing,88448,88447,88448,1
walking,88507,88448,88507,59
sniffing,88533,88507,88533,26
pausing,88827,88533,88827,294
sniffing,89032,88827,89032,205
trotting,89050,89032,89050,18
rising,89123,89050,89123,73
sniffing,89244,89123,89244,121
right_turning,89245,89244,89245,1
rising,89298,89245,89298,53
right_turning,89335,89298,89335,37
trotting,89423,89335,89423,88
sniffing,89639,89423,89639,216
rising,89721,89639,89721,82
climbing,89722,89721,89722,1
walking,89757,89722,89757,35
sniffing,89758,89757,89758,1
stepping,89816,89758,89816,58
trotting,89839,89816,89839,23
sniffing,90027,89839,90027,188
right_turning,90055,90027,90055,28
sniffing,90056,90055,90056,1
walking,90070,90056,90070,14
sniffing,90131,90070,90131,61
right_turning,90153,90131,90153,22
left_turning,90155,90153,90155,2
stepping,90173,90155,90173,18
right_turning,90174,90173,90174,1
walking,90213,90174,90213,39
sniffing,90293,90213,90293,80
climbing,90294,90293,90294,1
rearing,90325,90294,90325,31
sniffing,90459,90325,90459,134
climbing,90549,90459,90549,90
hunching,90588,90549,90588,39
climbing,90660,90588,90660,72
running,90671,90660,90671,11
sniffing,90672,90671,90672,1
climbing,90713,90672,90713,41
sniffing,90825,90713,90825,112
rising,90892,90825,90892,67
sniffing,90897,90892,90897,5
climbing,90973,90897,90973,76
grooming,91286,90973,91286,313
trotting,91326,91286,91326,40
rising,91423,91326,91423,97
grooming,91843,91423,91843,420
right_turning,91921,91843,91921,78
sniffing,92018,91921,92018,97
rising,92024,92018,92024,6
sniffing,92203,92024,92203,179
pausing,92455,92203,92455,252
sniffing,92456,92455,92456,1
walking,92466,92456,92466,10
sniffing,92500,92466,92500,34
walking,92575,92500,92575,75
climbing,92666,92575,92666,91
grooming,92791,92666,92791,125
climbing,92882,92791,92882,91
rising,92935,92882,92935,53
sniffing,92977,92935,92977,42
climbing,93103,92977,93103,126
sniffing,93154,93103,93154,51
left_turning,93171,93154,93171,17
walking,93184,93171,93184,13
stepping,93185,93184,93185,1
walking,93240,93185,93240,55
sniffing,93241,93240,93241,1
left_turning,93242,93241,93242,1
sniffing,93383,93242,93383,141
walking,93450,93383,93450,67
climbing,93470,93450,93470,20
sniffing,93471,93470,93471,1
climbing,93538,93471,93538,67
rising,93539,93538,93539,1
rearing,93554,93539,93554,15
sniffing,93599,93554,93599,45
walking,93627,93599,93627,28
rising,93628,93627,93628,1
trotting,93630,93628,93630,2
sniffing,93653,93630,93653,23
trotting,93689,93653,93689,36
walking,93758,93689,93758,69
climbing,93814,93758,93814,56
walking,93862,93814,93862,48
sniffing,93978,93862,93978,116
rising,93987,93978,93987,9
sniffing,94066,93987,94066,79
right_turning,94084,94066,94084,18
stepping,94130,94084,94130,46
walking,94184,94130,94184,54
sniffing,94185,94184,94185,1
rising,94238,94185,94238,53
sniffing,94355,94238,94355,117
walking,94405,94355,94405,50
sniffing,94427,94405,94427,22
rearing,94495,94427,94495,68
rising,94533,94495,94533,38
sniffing,94534,94533,94534,1
right_turning,94553,94534,94553,19
walking,94634,94553,94634,81
hunching,94646,94634,94646,12
sniffing,94912,94646,94912,266
grooming,94981,94912,94981,69
rearing,95135,94981,95135,154
rising,95179,95135,95179,44
sniffing,95221,95179,95221,42
pausing,95419,95221,95419,198
sniffing,95602,95419,95602,183
left_turning,95650,95602,95650,48
walking,95707,95650,95707,57
stepping,95722,95707,95722,15
walking,95736,95722,95736,14
rising,95822,95736,95822,86
climbing,95834,95822,95834,12
rearing,95877,95834,95877,43
left_turning,95888,95877,95888,11
walking,95920,95888,95920,32
right_turning,95948,95920,95948,28
walking,95961,95948,95961,13
sniffing,96023,95961,96023,62
climbing,96068,96023,96068,45
running,96111,96068,96111,43
sniffing,96193,96111,96193,82
walking,96227,96193,96227,34
sniffing,96365,96227,96365,138
trotting,96416,96365,96416,51
left_turning,96478,96416,96478,62
sniffing,96540,96478,96540,62
walking,96561,96540,96561,21
sniffing,96659,96561,96659,98
right_turning,96736,96659,96736,77
running,96763,96736,96763,27
walking,96815,96763,96815,52
sniffing,96910,96815,96910,95
grooming,96911,96910,96911,1
walking,96950,96911,96950,39
left_turning,96951,96950,96951,1
sniffing,97037,96951,97037,86
left_turning,97061,97037,97061,24
rising,97062,97061,97062,1
sniffing,97155,97062,97155,93
walking,97185,97155,97185,30
rising,97195,97185,97195,10
climbing,97278,97195,97278,83
hunching,97347,97278,97347,69
climbing,97418,97347,97418,71
sniffing,97419,97418,97419,1
rising,97786,97419,97786,367
rearing,97790,97786,97790,4
sniffing,97810,97790,97810,20
rearing,97811,97810,97811,1
climbing,98092,97811,98092,281
sniffing,98093,98092,98093,1
climbing,98094,98093,98094,1
rising,98095,98094,98095,1
grooming,98096,98095,98096,1
climbing,98287,98096,98287,191
rising,98295,98287,98295,8
grooming,98296,98295,98296,1
climbing,98297,98296,98297,1
trotting,98329,98297,98329,32
walking,98395,98329,98395,66
rearing,98450,98395,98450,55
left_turning,98490,98450,98490,40
running,98518,98490,98518,28
walking,98544,98518,98544,26
left_turning,98604,98544,98604,60
rearing,98680,98604,98680,76
sniffing,98683,98680,98683,3
walking,98684,98683,98684,1
climbing,98704,98684,98704,20
sniffing,98768,98704,98768,64
right_turning,98801,98768,98801,33
running,98813,98801,98813,12
sniffing,98814,98813,98814,1
climbing,98890,98814,98890,76
walking,98894,98890,98894,4
left_turning,98905,98894,98905,11
walking,98949,98905,98949,44
sniffing,99071,98949,99071,122
climbing,99102,99071,99102,31
running,99110,99102,99110,8
trotting,99132,99110,99132,22
walking,99188,99132,99188,56
stepping,99189,99188,99189,1
sniffing,99289,99189,99289,100
left_turning,99321,99289,99321,32
sniffing,99451,99321,99451,130
climbing,99515,99451,99515,64
rising,99577,99515,99577,62
climbing,99655,99577,99655,78
trotting,99710,99655,99710,55
walking,99761,99710,99761,51
sniffing,99898,99761,99898,137
walking,99922,99898,99922,24
grooming,99923,99922,99923,1
left_turning,99964,99923,99964,41
sniffing,100075,99964,100075,111
grooming,100180,100075,100180,105
climbing,100185,100180,100185,5
rearing,100294,100185,100294,109
climbing,100401,100294,100401,107
right_turning,100423,100401,100423,22
running,100456,100423,100456,33
rising,100457,100456,100457,1
climbing,100563,100457,100563,106
rearing,100564,100563,100564,1
sniffing,100731,100564,100731,167
stepping,100784,100731,100784,53
sniffing,100949,100784,100949,165
grooming,101028,100949,101028,79
hunching,101029,101028,101029,1
sniffing,101191,101029,101191,162
rising,101231,101191,101231,40
climbing,101243,101231,101243,12
rising,101303,101243,101303,60
sniffing,101367,101303,101367,64
climbing,101418,101367,101418,51
rearing,101419,101418,101419,1
grooming,101599,101419,101599,180
rising,101660,101599,101660,61
sniffing,102032,101660,102032,372
rising,102125,102032,102125,93
climbing,102266,102125,102266,141
rising,102319,102266,102319,53
left_turning,102330,102319,102330,11
sniffing,102349,102330,102349,19
rising,102459,102349,102459,110
left_turning,102487,102459,102487,28
sniffing,102596,102487,102596,109
walking,102597,102596,102597,1
sniffing,102598,102597,102598,1
running,102643,102598,102643,45
rising,102660,102643,102660,17
climbing,102747,102660,102747,87
walking,102764,102747,102764,17
rising,102794,102764,102794,30
sniffing,102843,102794,102843,49
rising,102918,102843,102918,75
left_turning,102963,102918,102963,45
sniffing,103173,102963,103173,210
left_turning,103214,103173,103214,41
rising,103232,103214,103232,18
sniffing,103354,103232,103354,122
walking,103402,103354,103402,48
rising,103403,103402,103403,1
climbing,103625,103403,103625,222
hunching,103662,103625,103662,37
sniffing,103714,103662,103714,52
left_turning,103747,103714,103747,33
rising,103748,103747,103748,1
sniffing,103749,103748,103749,1
rising,103814,103749,103814,65
walking,103822,103814,103822,8
sniffing,103936,103822,103936,114
rising,103944,103936,103944,8
right_turning,103963,103944,103963,19
walking,104043,103963,104043,80
rearing,104156,104043,104156,113
climbing,104157,104156,104157,1
walking,104196,104157,104196,39
sniffing,104363,104196,104363,167
right_turning,104364,104363,104364,1
rising,104369,104364,104369,5
climbing,104404,104369,104404,35
rearing,104496,104404,104496,92
walking,104497,104496,104497,1
hunching,104538,104497,104538,41
rising,104592,104538,104592,54
sniffing,104593,104592,104593,1
pausing,105356,104593,105356,763
sniffing,105408,105356,105408,52
rising,105421,105408,105421,13
sniffing,105482,105421,105482,61
rising,105483,105482,105483,1
left_turning,105508,105483,105508,25
rising,105537,105508,105537,29
climbing,105562,105537,105562,25
walking,105563,105562,105563,1
sniffing,105630,105563,105630,67
pausing,105769,105630,105769,139
sniffing,105770,105769,105770,1
trotting,105786,105770,105786,16
stepping,105821,105786,105821,35
sniffing,105901,105821,105901,80
grooming,106245,105901,106245,344
sniffing,106246,106245,106246,1
running,106285,106246,106285,39
trotting,106305,106285,106305,20
walking,106361,106305,106361,56
sniffing,106372,106361,106372,11
hunching,106424,106372,106424,52
grooming,106641,106424,106641,217
rearing,106700,106641,106700,59
sniffing,106711,106700,106711,11
walking,106776,106711,106776,65
stepping,106782,106776,106782,6
climbing,106926,106782,106926,144
rearing,106927,106926,106927,1
climbing,107004,106927,107004,77
walking,107005,107004,107005,1
sniffing,107131,107005,107131,126
right_turning,107178,107131,107178,47
running,107187,107178,107187,9
sniffing,107188,107187,107188,1
trotting,107213,107188,107213,25
left_turning,107288,107213,107288,75
walking,107348,107288,107348,60
sniffing,107508,107348,107508,160
right_turning,107544,107508,107544,36
trotting,107572,107544,107572,28
sniffing,107591,107572,107591,19
walking,107592,107591,107592,1
sniffing,107617,107592,107617,25
hunching,107661,107617,107661,44
grooming,107730,107661,107730,69
sniffing,107772,107730,107772,42
grooming,108000,107772,108000,228
