revised_movement_label,segBoundary,segBoundary_start,segBoundary_end,length
walking,24,0,24,24
trotting,49,24,49,25
left_turning,111,49,111,62
walking,127,111,127,16
left_turning,139,127,139,12
trotting,142,139,142,3
walking,161,142,161,19
climbing,188,161,188,27
rising,189,188,189,1
climbing,255,189,255,66
rearing,288,255,288,33
sniffing,335,288,335,47
trotting,390,335,390,55
sniffing,391,390,391,1
left_turning,392,391,392,1
walking,515,392,515,123
sniffing,559,515,559,44
trotting,605,559,605,46
walking,647,605,647,42
trotting,684,647,684,37
walking,703,684,703,19
sniffing,727,703,727,24
rising,775,727,775,48
walking,802,775,802,27
climbing,873,802,873,71
trotting,902,873,902,29
walking,959,902,959,57
sniffing,975,959,975,16
left_turning,976,975,976,1
walking,991,976,991,15
stepping,1057,991,1057,66
sniffing,1149,1057,1149,92
climbing,1179,1149,1179,30
hunching,1190,1179,1190,11
rising,1236,1190,1236,46
climbing,1263,1236,1263,27
right_turning,1295,1263,1295,32
climbing,1341,1295,1341,46
sniffing,1399,1341,1399,58
climbing,1440,1399,1440,41
walking,1465,1440,1465,25
rising,1466,1465,1466,1
sniffing,1467,1466,1467,1
left_turning,1513,1467,1513,46
walking,1578,1513,1578,65
sniffing,1579,1578,1579,1
walking,1580,1579,1580,1
sniffing,1581,1580,1581,1
walking,1649,1581,1649,68
sniffing,1650,1649,1650,1
climbing,1702,1650,1702,52
rising,1726,1702,1726,24
rearing,1764,1726,1764,38
rising,1838,1764,1838,74
climbing,1916,1838,1916,78
hunching,1917,1916,1917,1
sniffing,2264,1917,2264,347
trotting,2350,2264,2350,86
right_turning,2351,2350,2351,1
sniffing,2428,2351,2428,77
climbing,2511,2428,2511,83
stepping,2568,2511,2568,57
sniffing,2569,2568,2569,1
climbing,2579,2569,2579,10
rearing,2630,2579,2630,51
sniffing,2631,2630,2631,1
trotting,2658,2631,2658,27
left_turning,2705,2658,2705,47
walking,2719,2705,2719,14
rising,2811,2719,2811,92
climbing,2827,2811,2827,16
sniffing,2828,2827,2828,1
grooming,2890,2828,2890,62
sniffing,2891,2890,2891,1
stepping,2919,2891,2919,28
rising,2965,2919,2965,46
sniffing,2966,2965,2966,1
trotting,3003,2966,3003,37
sniffing,3004,3003,3004,1
rising,3090,3004,3090,86
walking,3138,3090,3138,48
rising,3189,3138,3189,51
rearing,3191,3189,3191,2
grooming,3433,3191,3433,242
sniffing,3438,3433,3438,5
trotting,3444,3438,3444,6
sniffing,3452,3444,3452,8
stepping,3483,3452,3483,31
sniffing,3626,3483,3626,143
climbing,3646,3626,3646,20
right_turning,3666,3646,3666,20
trotting,3706,3666,3706,40
walking,3794,3706,3794,88
rising,3938,3794,3938,144
hunching,3941,3938,3941,3
climbing,3964,3941,3964,23
rising,4020,3964,4020,56
hunching,4077,4020,4077,57
sniffing,4078,4077,4078,1
trotting,4108,4078,4108,30
walking,4173,4108,4173,65
sniffing,4198,4173,4198,25
walking,4280,4198,4280,82
rising,4281,4280,4281,1
sniffing,4337,4281,4337,56
climbing,4339,4337,4339,2
right_turning,4365,4339,4365,26
stepping,4404,4365,4404,39
rising,4470,4404,4470,66
climbing,4520,4470,4520,50
sniffing,4521,4520,4521,1
walking,4558,4521,4558,37
climbing,4578,4558,4578,20
sniffing,4608,4578,4608,30
left_turning,4668,4608,4668,60
sniffing,4765,4668,4765,97
left_turning,4811,4765,4811,46
sniffing,4812,4811,4812,1
walking,4838,4812,4838,26
sniffing,4866,4838,4866,28
climbing,4883,4866,4883,17
walking,5003,4883,5003,120
left_turning,5142,5003,5142,139
sniffing,5230,5142,5230,88
climbing,5330,5230,5330,100
left_turning,5387,5330,5387,57
trotting,5399,5387,5399,12
climbing,5410,5399,5410,11
rising,5411,5410,5411,1
sniffing,5412,5411,5412,1
climbing,5470,5412,5470,58
rising,5503,5470,5503,33
climbing,5580,5503,5580,77
walking,5641,5580,5641,61
stepping,5678,5641,5678,37
walking,5679,5678,5679,1
stepping,5688,5679,5688,9
walking,5731,5688,5731,43
climbing,5752,5731,5752,21
sniffing,5847,5752,5847,95
climbing,5850,5847,5850,3
sniffing,5971,5850,5971,121
right_turning,5972,5971,5972,1
sniffing,6073,5972,6073,101
rising,6082,6073,6082,9
trotting,6111,6082,6111,29
left_turning,6112,6111,6112,1
walking,6160,6112,6160,48
left_turning,6202,6160,6202,42
trotting,6253,6202,6253,51
walking,6319,6253,6319,66
rising,6356,6319,6356,37
left_turning,6357,6356,6357,1
sniffing,6358,6357,6358,1
climbing,6460,6358,6460,102
sniffing,6461,6460,6461,1
trotting,6481,6461,6481,20
sniffing,6586,6481,6586,105
climbing,6597,6586,6597,11
running,6603,6597,6603,6
rising,6629,6603,6629,26
climbing,6645,6629,6645,16
rising,6674,6645,6674,29
sniffing,6675,6674,6675,1
walking,6747,6675,6747,72
rising,6807,6747,6807,60
climbing,6861,6807,6861,54
left_turning,6934,6861,6934,73
running,6972,6934,6972,38
walking,7022,6972,7022,50
sniffing,7068,7022,7068,46
grooming,7134,7068,7134,66
hunching,7210,7134,7210,76
grooming,7211,7210,7211,1
sniffing,7282,7211,7282,71
rising,7298,7282,7298,16
climbing,7325,7298,7325,27
trotting,7356,7325,7356,31
walking,7398,7356,7398,42
trotting,7410,7398,7410,12
walking,7463,7410,7463,53
rising,7495,7463,7495,32
climbing,7568,7495,7568,73
right_turning,7595,7568,7595,27
walking,7622,7595,7622,27
sniffing,7686,7622,7686,64
rising,7740,7686,7740,54
climbing,7783,7740,7783,43
sniffing,7825,7783,7825,42
walking,7902,7825,7902,77
rising,7923,7902,7923,21
climbing,8007,7923,8007,84
sniffing,8008,8007,8008,1
climbing,8070,8008,8070,62
walking,8159,8070,8159,89
rising,8191,8159,8191,32
walking,8295,8191,8295,104
sniffing,8296,8295,8296,1
left_turning,8393,8296,8393,97
sniffing,8486,8393,8486,93
left_turning,8487,8486,8487,1
walking,8493,8487,8493,6
running,8537,8493,8537,44
left_turning,8564,8537,8564,27
climbing,8651,8564,8651,87
hunching,8680,8651,8680,29
sniffing,8708,8680,8708,28
rising,8738,8708,8738,30
climbing,8740,8738,8740,2
left_turning,8779,8740,8779,39
sniffing,8827,8779,8827,48
left_turning,8851,8827,8851,24
sniffing,8948,8851,8948,97
climbing,8982,8948,8982,34
rising,9000,8982,9000,18
hunching,9038,9000,9038,38
right_turning,9039,9038,9039,1
walking,9041,9039,9041,2
rising,9090,9041,9090,49
sniffing,9100,9090,9100,10
rising,9133,9100,9133,33
right_turning,9175,9133,9175,42
stepping,9200,9175,9200,25
climbing,9323,9200,9323,123
rearing,9391,9323,9391,68
walking,9425,9391,9425,34
sniffing,9426,9425,9426,1
climbing,9472,9426,9472,46
trotting,9530,9472,9530,58
walking,9652,9530,9652,122
rising,9653,9652,9653,1
sniffing,9752,9653,9752,99
climbing,9843,9752,9843,91
sniffing,10048,9843,10048,205
climbing,10093,10048,10093,45
sniffing,10170,10093,10170,77
right_turning,10221,10170,10221,51
rising,10238,10221,10238,17
sniffing,10269,10238,10269,31
right_turning,10295,10269,10295,26
sniffing,10333,10295,10333,38
walking,10372,10333,10372,39
left_turning,10410,10372,10410,38
sniffing,10411,10410,10411,1
walking,10459,10411,10459,48
sniffing,10592,10459,10592,133
rising,10629,10592,10629,37
walking,10671,10629,10671,42
stepping,10681,10671,10681,10
climbing,10682,10681,10682,1
walking,10736,10682,10736,54
sniffing,10737,10736,10737,1
rising,10771,10737,10771,34
sniffing,10830,10771,10830,59
rearing,10858,10830,10858,28
climbing,10868,10858,10868,10
rising,10896,10868,10896,28
sniffing,10972,10896,10972,76
left_turning,10973,10972,10973,1
running,11006,10973,11006,33
sniffing,11020,11006,11020,14
trotting,11055,11020,11055,35
climbing,11152,11055,11152,97
sniffing,11202,11152,11202,50
climbing,11254,11202,11254,52
right_turning,11265,11254,11265,11
running,11286,11265,11286,21
trotting,11334,11286,11334,48
sniffing,11335,11334,11335,1
left_turning,11383,11335,11383,48
sniffing,11384,11383,11384,1
rising,11388,11384,11388,4
climbing,11453,11388,11453,65
sniffing,11454,11453,11454,1
rising,11464,11454,11464,10
sniffing,11601,11464,11601,137
rising,11602,11601,11602,1
climbing,11645,11602,11645,43
walking,11703,11645,11703,58
climbing,11719,11703,11719,16
hunching,11783,11719,11783,64
rising,11834,11783,11834,51
left_turning,11859,11834,11859,25
sniffing,11860,11859,11860,1
trotting,11935,11860,11935,75
rising,12055,11935,12055,120
sniffing,12186,12055,12186,131
rearing,12238,12186,12238,52
sniffing,12301,12238,12301,63
rising,12303,12301,12303,2
climbing,12335,12303,12335,32
sniffing,12372,12335,12372,37
trotting,12373,12372,12373,1
right_turning,12386,12373,12386,13
trotting,12391,12386,12391,5
sniffing,12457,12391,12457,66
grooming,12513,12457,12513,56
hunching,12514,12513,12514,1
right_turning,12573,12514,12573,59
walking,12624,12573,12624,51
sniffing,12660,12624,12660,36
walking,12716,12660,12716,56
sniffing,12840,12716,12840,124
left_turning,12869,12840,12869,29
stepping,12897,12869,12897,28
left_turning,12942,12897,12942,45
rising,12943,12942,12943,1
sniffing,12944,12943,12944,1
left_turning,12950,12944,12950,6
sniffing,13008,12950,13008,58
walking,13009,13008,13009,1
sniffing,13010,13009,13010,1
walking,13053,13010,13053,43
sniffing,13114,13053,13114,61
rising,13156,13114,13156,42
left_turning,13157,13156,13157,1
rearing,13158,13157,13158,1
climbing,13205,13158,13205,47
walking,13288,13205,13288,83
sniffing,13295,13288,13295,7
climbing,13339,13295,13339,44
walking,13350,13339,13350,11
sniffing,13351,13350,13351,1
climbing,13428,13351,13428,77
sniffing,13463,13428,13463,35
walking,13522,13463,13522,59
climbing,13623,13522,13623,101
sniffing,13624,13623,13624,1
rearing,13732,13624,13732,108
sniffing,13756,13732,13756,24
rearing,13855,13756,13855,99
walking,13857,13855,13857,2
rising,13894,13857,13894,37
left_turning,13976,13894,13976,82
sniffing,13979,13976,13979,3
walking,14011,13979,14011,32
sniffing,14066,14011,14066,55
right_turning,14081,14066,14081,15
walking,14158,14081,14158,77
sniffing,14231,14158,14231,73
walking,14232,14231,14232,1
stepping,14233,14232,14233,1
walking,14296,14233,14296,63
trotting,14314,14296,14314,18
sniffing,14315,14314,14315,1
climbing,14488,14315,14488,173
sniffing,14652,14488,14652,164
walking,14736,14652,14736,84
stepping,14794,14736,14794,58
right_turning,14812,14794,14812,18
stepping,14848,14812,14848,36
walking,14893,14848,14893,45
rising,14973,14893,14973,80
walking,14990,14973,14990,17
sniffing,15009,14990,15009,19
hunching,15030,15009,15030,21
sniffing,15228,15030,15228,198
walking,15273,15228,15273,45
rising,15296,15273,15296,23
walking,15350,15296,15350,54
sniffing,15501,15350,15501,151
climbing,15594,15501,15594,93
walking,15660,15594,15660,66
sniffing,15724,15660,15724,64
walking,15777,15724,15777,53
rising,15797,15777,15797,20
sniffing,15798,15797,15798,1
walking,15829,15798,15829,31
sniffing,15848,15829,15848,19
left_turning,15887,15848,15887,39
right_turning,15969,15887,15969,82
walking,16007,15969,16007,38
sniffing,16008,16007,16008,1
walking,16011,16008,16011,3
climbing,16033,16011,16033,22
rising,16071,16033,16071,38
sniffing,16081,16071,16081,10
climbing,16182,16081,16182,101
sniffing,16212,16182,16212,30
walking,16213,16212,16213,1
sniffing,16335,16213,16335,122
stepping,16384,16335,16384,49
rising,16417,16384,16417,33
sniffing,16418,16417,16418,1
climbing,16447,16418,16447,29
left_turning,16466,16447,16466,19
sniffing,16467,16466,16467,1
rising,16470,16467,16470,3
sniffing,16501,16470,16501,31
left_turning,16502,16501,16502,1
sniffing,16503,16502,16503,1
left_turning,16522,16503,16522,19
walking,16537,16522,16537,15
sniffing,16552,16537,16552,15
rising,16593,16552,16593,41
climbing,16596,16593,16596,3
rising,16658,16596,16658,62
right_turning,16668,16658,16668,10
running,16705,16668,16705,37
walking,16774,16705,16774,69
sniffing,16927,16774,16927,153
rising,16966,16927,16966,39
walking,17073,16966,17073,107
sniffing,17218,17073,17218,145
rising,17226,17218,17226,8
hunching,17247,17226,17247,21
climbing,17401,17247,17401,154
walking,17464,17401,17464,63
sniffing,17544,17464,17544,80
rising,17577,17544,17577,33
climbing,17612,17577,17612,35
right_turning,17661,17612,17661,49
walking,17690,17661,17690,29
sniffing,17763,17690,17763,73
rising,17777,17763,17777,14
climbing,17785,17777,17785,8
right_turning,17792,17785,17792,7
sniffing,17968,17792,17968,176
walking,18009,17968,18009,41
sniffing,18174,18009,18174,165
stepping,18232,18174,18232,58
walking,18288,18232,18288,56
rising,18332,18288,18332,44
climbing,18387,18332,18387,55
rising,18402,18387,18402,15
climbing,18452,18402,18452,50
running,18455,18452,18455,3
walking,18527,18455,18527,72
sniffing,18591,18527,18591,64
rising,18660,18591,18660,69
climbing,18675,18660,18675,15
left_turning,18704,18675,18704,29
walking,18714,18704,18714,10
sniffing,18742,18714,18742,28
walking,18776,18742,18776,34
climbing,18824,18776,18824,48
rising,18898,18824,18898,74
grooming,18985,18898,18985,87
sniffing,19134,18985,19134,149
walking,19157,19134,19157,23
stepping,19229,19157,19229,72
sniffing,19259,19229,19259,30
left_turning,19271,19259,19271,12
walking,19272,19271,19272,1
sniffing,19293,19272,19293,21
left_turning,19356,19293,19356,63
sniffing,19357,19356,19357,1
rising,19358,19357,19358,1
climbing,19368,19358,19368,10
right_turning,19413,19368,19413,45
walking,19441,19413,19441,28
sniffing,19474,19441,19474,33
left_turning,19508,19474,19508,34
walking,19509,19508,19509,1
left_turning,19552,19509,19552,43
running,19556,19552,19556,4
rising,19577,19556,19577,21
climbing,19630,19577,19630,53
left_turning,19631,19630,19631,1
sniffing,19703,19631,19703,72
walking,19811,19703,19811,108
climbing,19824,19811,19824,13
rearing,19883,19824,19883,59
left_turning,19891,19883,19891,8
sniffing,19907,19891,19907,16
rising,19991,19907,19991,84
rearing,20076,19991,20076,85
rising,20111,20076,20111,35
climbing,20112,20111,20112,1
sniffing,20196,20112,20196,84
right_turning,20253,20196,20253,57
sniffing,20268,20253,20268,15
stepping,20269,20268,20269,1
rising,20308,20269,20308,39
climbing,20460,20308,20460,152
sniffing,20562,20460,20562,102
walking,20581,20562,20581,19
climbing,20679,20581,20679,98
sniffing,20708,20679,20708,29
rising,20715,20708,20715,7
stepping,20724,20715,20724,9
sniffing,20754,20724,20754,30
walking,20759,20754,20759,5
climbing,20810,20759,20810,51
trotting,20844,20810,20844,34
rising,20883,20844,20883,39
climbing,20974,20883,20974,91
walking,21091,20974,21091,117
stepping,21121,21091,21121,30
rearing,21122,21121,21122,1
left_turning,21185,21122,21185,63
sniffing,21450,21185,21450,265
rising,21531,21450,21531,81
climbing,21643,21531,21643,112
right_turning,21659,21643,21659,16
walking,21712,21659,21712,53
trotting,21715,21712,21715,3
walking,21718,21715,21718,3
sniffing,21895,21718,21895,177
walking,21960,21895,21960,65
rising,22034,21960,22034,74
sniffing,22049,22034,22049,15
trotting,22107,22049,22107,58
sniffing,22353,22107,22353,246
climbing,22449,22353,22449,96
sniffing,22584,22449,22584,135
walking,22651,22584,22651,67
sniffing,22789,22651,22789,138
climbing,22841,22789,22841,52
stepping,22862,22841,22862,21
walking,22863,22862,22863,1
stepping,22864,22863,22864,1
sniffing,22878,22864,22878,14
right_turning,22879,22878,22879,1
hunching,22919,22879,22919,40
sniffing,22979,22919,22979,60
walking,23049,22979,23049,70
rising,23202,23049,23202,153
rearing,23203,23202,23203,1
climbing,23239,23203,23239,36
rearing,23253,23239,23253,14
grooming,23254,23253,23254,1
sniffing,23311,23254,23311,57
walking,23380,23311,23380,69
sniffing,23467,23380,23467,87
left_turning,23519,23467,23519,52
walking,23557,23519,23557,38
sniffing,23651,23557,23651,94
grooming,23760,23651,23760,109
hunching,23808,23760,23808,48
rearing,23848,23808,23848,40
sniffing,23950,23848,23950,102
right_turning,23980,23950,23980,30
running,23989,23980,23989,9
sniffing,24148,23989,24148,159
walking,24161,24148,24161,13
rising,24208,24161,24208,47
right_turning,24241,24208,24241,33
sniffing,24315,24241,24315,74
rising,24358,24315,24358,43
climbing,24462,24358,24462,104
sniffing,24526,24462,24526,64
rearing,24635,24526,24635,109
sniffing,24727,24635,24727,92
walking,24728,24727,24728,1
sniffing,24822,24728,24822,94
climbing,24901,24822,24901,79
right_turning,24922,24901,24922,21
climbing,24992,24922,24992,70
rising,24993,24992,24993,1
climbing,25021,24993,25021,28
rising,25054,25021,25054,33
climbing,25143,25054,25143,89
walking,25179,25143,25179,36
rising,25214,25179,25214,35
climbing,25269,25214,25269,55
stepping,25326,25269,25326,57
sniffing,25381,25326,25381,55
left_turning,25408,25381,25408,27
running,25427,25408,25427,19
sniffing,25511,25427,25511,84
trotting,25570,25511,25570,59
walking,25588,25570,25588,18
sniffing,25589,25588,25589,1
rising,25651,25589,25651,62
climbing,25712,25651,25712,61
rising,25762,25712,25762,50
climbing,25787,25762,25787,25
sniffing,25820,25787,25820,33
rising,25848,25820,25848,28
walking,25885,25848,25885,37
left_turning,25945,25885,25945,60
walking,25972,25945,25972,27
climbing,26040,25972,26040,68
walking,26190,26040,26190,150
climbing,26264,26190,26264,74
sniffing,26299,26264,26299,35
rising,26335,26299,26335,36
walking,26377,26335,26377,42
left_turning,26405,26377,26405,28
sniffing,26466,26405,26466,61
climbing,26527,26466,26527,61
rearing,26553,26527,26553,26
sniffing,26654,26553,26654,101
right_turning,26681,26654,26681,27
walking,26682,26681,26682,1
sniffing,26697,26682,26697,15
walking,26741,26697,26741,44
sniffing,26821,26741,26821,80
climbing,26849,26821,26849,28
rearing,26875,26849,26875,26
hunching,26876,26875,26876,1
trotting,26899,26876,26899,23
rearing,26951,26899,26951,52
sniffing,27061,26951,27061,110
rising,27062,27061,27062,1
climbing,27077,27062,27077,15
sniffing,27121,27077,27121,44
rising,27122,27121,27122,1
sniffing,27123,27122,27123,1
rising,27162,27123,27162,39
left_turning,27231,27162,27231,69
sniffing,27337,27231,27337,106
trotting,27376,27337,27376,39
sniffing,27478,27376,27478,102
right_turning,27479,27478,27479,1
walking,27526,27479,27526,47
sniffing,27546,27526,27546,20
rising,27602,27546,27602,56
rearing,27608,27602,27608,6
rising,27629,27608,27629,21
sniffing,27749,27629,27749,120
walking,27753,27749,27753,4
rising,27765,27753,27765,12
left_turning,27854,27765,27854,89
walking,27925,27854,27925,71
sniffing,27937,27925,27937,12
walking,27969,27937,27969,32
sniffing,28128,27969,28128,159
stepping,28191,28128,28191,63
climbing,28192,28191,28192,1
sniffing,28335,28192,28335,143
rising,28336,28335,28336,1
rearing,28412,28336,28412,76
climbing,28528,28412,28528,116
walking,28535,28528,28535,7
running,28549,28535,28549,14
sniffing,28678,28549,28678,129
climbing,28679,28678,28679,1
trotting,28713,28679,28713,34
stepping,28755,28713,28755,42
walking,28861,28755,28861,106
sniffing,28874,28861,28874,13
walking,28951,28874,28951,77
rearing,28984,28951,28984,33
sniffing,28986,28984,28986,2
rising,29024,28986,29024,38
climbing,29118,29024,29118,94
rising,29175,29118,29175,57
climbing,29233,29175,29233,58
walking,29246,29233,29246,13
sniffing,29315,29246,29315,69
left_turning,29316,29315,29316,1
sniffing,29317,29316,29317,1
rising,29331,29317,29331,14
climbing,29397,29331,29397,66
sniffing,29599,29397,29599,202
hunching,29600,29599,29600,1
rising,29629,29600,29629,29
climbing,29649,29629,29649,20
left_turning,29685,29649,29685,36
walking,29742,29685,29742,57
stepping,29767,29742,29767,25
walking,29768,29767,29768,1
rising,29814,29768,29814,46
walking,29841,29814,29841,27
rising,29906,29841,29906,65
left_turning,29948,29906,29948,42
walking,30014,29948,30014,66
rising,30035,30014,30035,21
walking,30092,30035,30092,57
sniffing,30251,30092,30251,159
right_turning,30276,30251,30276,25
walking,30289,30276,30289,13
sniffing,30516,30289,30516,227
right_turning,30528,30516,30528,12
grooming,30652,30528,30652,124
rearing,30674,30652,30674,22
right_turning,30675,30674,30675,1
climbing,30687,30675,30687,12
right_turning,30694,30687,30694,7
walking,30817,30694,30817,123
rising,30844,30817,30844,27
sniffing,30858,30844,30858,14
rising,30889,30858,30889,31
climbing,30915,30889,30915,26
sniffing,30916,30915,30916,1
left_turning,30928,30916,30928,12
rising,30955,30928,30955,27
climbing,30976,30955,30976,21
rising,30979,30976,30979,3
climbing,31044,30979,31044,65
rising,31073,31044,31073,29
climbing,31159,31073,31159,86
grooming,31160,31159,31160,1
left_turning,31200,31160,31200,40
walking,31234,31200,31234,34
left_turning,31243,31234,31243,9
walking,31305,31243,31305,62
sniffing,31436,31305,31436,131
climbing,31532,31436,31532,96
sniffing,31589,31532,31589,57
left_turning,31623,31589,31623,34
walking,31654,31623,31654,31
sniffing,31779,31654,31779,125
stepping,31820,31779,31820,41
right_turning,31887,31820,31887,67
climbing,31977,31887,31977,90
trotting,32027,31977,32027,50
stepping,32068,32027,32068,41
rising,32102,32068,32102,34
sniffing,32103,32102,32103,1
rising,32139,32103,32139,36
climbing,32173,32139,32173,34
rising,32184,32173,32184,11
trotting,32206,32184,32206,22
rising,32249,32206,32249,43
sniffing,32423,32249,32423,174
rising,32476,32423,32476,53
sniffing,32515,32476,32515,39
running,32538,32515,32538,23
left_turning,32548,32538,32548,10
rearing,32572,32548,32572,24
hunching,32584,32572,32584,12
rising,32635,32584,32635,51
sniffing,32636,32635,32636,1
walking,32680,32636,32680,44
climbing,32761,32680,32761,81
walking,32783,32761,32783,22
sniffing,32899,32783,32899,116
walking,32922,32899,32922,23
rising,32923,32922,32923,1
sniffing,32924,32923,32924,1
walking,32938,32924,32938,14
stepping,32977,32938,32977,39
walking,33018,32977,33018,41
sniffing,33088,33018,33088,70
walking,33120,33088,33120,32
climbing,33163,33120,33163,43
rising,33169,33163,33169,6
sniffing,33187,33169,33187,18
climbing,33257,33187,33257,70
walking,33316,33257,33316,59
sniffing,33332,33316,33332,16
rising,33400,33332,33400,68
climbing,33470,33400,33470,70
left_turning,33519,33470,33519,49
walking,33592,33519,33592,73
sniffing,33674,33592,33674,82
right_turning,33712,33674,33712,38
climbing,33781,33712,33781,69
rising,33815,33781,33815,34
sniffing,33816,33815,33816,1
rising,33834,33816,33834,18
climbing,33842,33834,33842,8
sniffing,33920,33842,33920,78
walking,34053,33920,34053,133
left_turning,34120,34053,34120,67
sniffing,34121,34120,34121,1
rising,34146,34121,34146,25
trotting,34197,34146,34197,51
walking,34211,34197,34211,14
climbing,34216,34211,34216,5
sniffing,34250,34216,34250,34
left_turning,34306,34250,34306,56
rearing,34321,34306,34321,15
sniffing,34416,34321,34416,95
walking,34448,34416,34448,32
left_turning,34455,34448,34455,7
sniffing,34519,34455,34519,64
right_turning,34520,34519,34520,1
walking,34544,34520,34544,24
rising,34611,34544,34611,67
hunching,34624,34611,34624,13
sniffing,34677,34624,34677,53
left_turning,34719,34677,34719,42
sniffing,34798,34719,34798,79
walking,34799,34798,34799,1
left_turning,34839,34799,34839,40
sniffing,35015,34839,35015,176
stepping,35048,35015,35048,33
rearing,35108,35048,35108,60
walking,35244,35108,35244,136
stepping,35276,35244,35276,32
rising,35286,35276,35286,10
sniffing,35362,35286,35362,76
rising,35428,35362,35428,66
climbing,35482,35428,35482,54
grooming,35489,35482,35489,7
rearing,35490,35489,35490,1
grooming,35510,35490,35510,20
rearing,35531,35510,35531,21
grooming,35690,35531,35690,159
sniffing,35691,35690,35691,1
right_turning,35707,35691,35707,16
stepping,35777,35707,35777,70
walking,35837,35777,35837,60
rising,35881,35837,35881,44
climbing,35986,35881,35986,105
rising,36007,35986,36007,21
climbing,36018,36007,36018,11
right_turning,36083,36018,36083,65
sniffing,36150,36083,36150,67
walking,36195,36150,36195,45
climbing,36260,36195,36260,65
trotting,36286,36260,36286,26
right_turning,36333,36286,36333,47
trotting,36346,36333,36346,13
walking,36347,36346,36347,1
rising,36409,36347,36409,62
sniffing,36447,36409,36447,38
rising,36484,36447,36484,37
climbing,36495,36484,36495,11
trotting,36507,36495,36507,12
left_turning,36520,36507,36520,13
sniffing,36534,36520,36534,14
climbing,36535,36534,36535,1
trotting,36562,36535,36562,27
sniffing,36811,36562,36811,249
hunching,36834,36811,36834,23
rising,36849,36834,36849,15
climbing,36942,36849,36942,93
sniffing,36989,36942,36989,47
rising,37056,36989,37056,67
climbing,37102,37056,37102,46
walking,37126,37102,37126,24
right_turning,37139,37126,37139,13
climbing,37236,37139,37236,97
rising,37263,37236,37263,27
sniffing,37295,37263,37295,32
trotting,37323,37295,37323,28
sniffing,37368,37323,37368,45
rearing,37369,37368,37369,1
walking,37418,37369,37418,49
sniffing,37489,37418,37489,71
walking,37542,37489,37542,53
rising,37561,37542,37561,19
climbing,37619,37561,37619,58
sniffing,37670,37619,37670,51
climbing,37716,37670,37716,46
rearing,37722,37716,37722,6
grooming,37723,37722,37723,1
sniffing,37912,37723,37912,189
walking,37942,37912,37942,30
climbing,37996,37942,37996,54
sniffing,37997,37996,37997,1
hunching,38065,37997,38065,68
grooming,38309,38065,38309,244
rising,38378,38309,38378,69
sniffing,38568,38378,38568,190
right_turning,38578,38568,38578,10
walking,38602,38578,38602,24
rearing,38624,38602,38624,22
walking,38645,38624,38645,21
climbing,38715,38645,38715,70
rising,38774,38715,38774,59
climbing,38794,38774,38794,20
rising,38795,38794,38795,1
climbing,38816,38795,38816,21
rising,38849,38816,38849,33
sniffing,38912,38849,38912,63
trotting,38952,38912,38952,40
walking,38988,38952,38988,36
sniffing,38998,38988,38998,10
rising,39049,38998,39049,51
grooming,39061,39049,39061,12
rearing,39063,39061,39063,2
grooming,39120,39063,39120,57
sniffing,39244,39120,39244,124
left_turning,39245,39244,39245,1
running,39281,39245,39281,36
walking,39342,39281,39342,61
running,39352,39342,39352,10
walking,39430,39352,39430,78
left_turning,39443,39430,39443,13
rising,39505,39443,39505,62
left_turning,39548,39505,39548,43
sniffing,39724,39548,39724,176
running,39767,39724,39767,43
rising,39789,39767,39789,22
hunching,39848,39789,39848,59
rearing,39872,39848,39872,24
walking,39914,39872,39914,42
sniffing,40021,39914,40021,107
left_turning,40022,40021,40022,1
sniffing,40023,40022,40023,1
rising,40029,40023,40029,6
right_turning,40038,40029,40038,9
walking,40039,40038,40039,1
trotting,40048,40039,40048,9
climbing,40109,40048,40109,61
walking,40158,40109,40158,49
rearing,40246,40158,40246,88
walking,40286,40246,40286,40
climbing,40351,40286,40351,65
grooming,40355,40351,40355,4
right_turning,40385,40355,40385,30
walking,40431,40385,40431,46
left_turning,40484,40431,40484,53
trotting,40495,40484,40495,11
stepping,40512,40495,40512,17
sniffing,40560,40512,40560,48
walking,40566,40560,40566,6
sniffing,40726,40566,40726,160
rising,40750,40726,40750,24
climbing,40798,40750,40798,48
running,40842,40798,40842,44
rising,40850,40842,40850,8
grooming,40882,40850,40882,32
rearing,40892,40882,40892,10
left_turning,40920,40892,40920,28
sniffing,40972,40920,40972,52
walking,41017,40972,41017,45
trotting,41054,41017,41054,37
stepping,41094,41054,41094,40
climbing,41154,41094,41154,60
rearing,41210,41154,41210,56
walking,41232,41210,41232,22
sniffing,41257,41232,41257,25
walking,41330,41257,41330,73
hunching,41351,41330,41351,21
left_turning,41437,41351,41437,86
sniffing,41438,41437,41438,1
rising,41448,41438,41448,10
climbing,41498,41448,41498,50
sniffing,41585,41498,41585,87
right_turning,41604,41585,41604,19
climbing,41645,41604,41645,41
sniffing,41737,41645,41737,92
rising,41777,41737,41777,40
sniffing,41778,41777,41778,1
walking,41798,41778,41798,20
sniffing,41799,41798,41799,1
walking,41824,41799,41824,25
sniffing,41885,41824,41885,61
left_turning,41951,41885,41951,66
walking,42005,41951,42005,54
sniffing,42024,42005,42024,19
walking,42035,42024,42035,11
left_turning,42067,42035,42067,32
rising,42102,42067,42102,35
left_turning,42103,42102,42103,1
trotting,42166,42103,42166,63
sniffing,42189,42166,42189,23
stepping,42234,42189,42234,45
sniffing,42237,42234,42237,3
climbing,42238,42237,42238,1
rearing,42277,42238,42277,39
climbing,42335,42277,42335,58
rising,42377,42335,42377,42
sniffing,42378,42377,42378,1
grooming,42379,42378,42379,1
hunching,42432,42379,42432,53
stepping,42457,42432,42457,25
walking,42496,42457,42496,39
sniffing,42582,42496,42582,86
walking,42583,42582,42583,1
sniffing,42750,42583,42750,167
stepping,42791,42750,42791,41
rising,42825,42791,42825,34
climbing,42826,42825,42826,1
walking,42845,42826,42845,19
climbing,42924,42845,42924,79
sniffing,42958,42924,42958,34
left_turning,42962,42958,42962,4
sniffing,43073,42962,43073,111
grooming,43191,43073,43191,118
right_turning,43192,43191,43192,1
sniffing,43291,43192,43291,99
walking,43395,43291,43395,104
sniffing,43396,43395,43396,1
rising,43452,43396,43452,56
rearing,43551,43452,43551,99
grooming,43897,43551,43897,346
hunching,43916,43897,43916,19
grooming,44015,43916,44015,99
sniffing,44058,44015,44058,43
running,44094,44058,44094,36
trotting,44142,44094,44142,48
walking,44152,44142,44152,10
rearing,44197,44152,44197,45
walking,44250,44197,44250,53
sniffing,44270,44250,44270,20
rising,44308,44270,44308,38
rearing,44364,44308,44364,56
rising,44416,44364,44416,52
walking,44475,44416,44475,59
sniffing,44541,44475,44541,66
rising,44626,44541,44626,85
climbing,44662,44626,44662,36
rearing,44669,44662,44669,7
left_turning,44752,44669,44752,83
sniffing,44776,44752,44776,24
walking,44777,44776,44777,1
left_turning,44817,44777,44817,40
trotting,44873,44817,44873,56
stepping,44929,44873,44929,56
rising,44981,44929,44981,52
stepping,44983,44981,44983,2
sniffing,45060,44983,45060,77
walking,45111,45060,45111,51
left_turning,45167,45111,45167,56
sniffing,45168,45167,45168,1
stepping,45190,45168,45190,22
walking,45243,45190,45243,53
climbing,45291,45243,45291,48
rising,45300,45291,45300,9
walking,45346,45300,45346,46
stepping,45390,45346,45390,44
walking,45456,45390,45456,66
sniffing,45705,45456,45705,249
rising,45706,45705,45706,1
climbing,45805,45706,45805,99
walking,45806,45805,45806,1
climbing,45807,45806,45807,1
rising,45848,45807,45848,41
climbing,45948,45848,45948,100
hunching,45988,45948,45988,40
climbing,46111,45988,46111,123
stepping,46156,46111,46156,45
left_turning,46174,46156,46174,18
running,46177,46174,46177,3
walking,46178,46177,46178,1
rising,46235,46178,46235,57
sniffing,46289,46235,46289,54
rising,46290,46289,46290,1
left_turning,46340,46290,46340,50
sniffing,46425,46340,46425,85
walking,46448,46425,46448,23
stepping,46481,46448,46481,33
sniffing,46525,46481,46525,44
trotting,46538,46525,46538,13
rising,46574,46538,46574,36
climbing,46615,46574,46615,41
rising,46668,46615,46668,53
climbing,46728,46668,46728,60
rising,46790,46728,46790,62
rearing,46866,46790,46866,76
walking,46920,46866,46920,54
rising,46949,46920,46949,29
hunching,46950,46949,46950,1
rearing,47001,46950,47001,51
climbing,47019,47001,47019,18
left_turning,47020,47019,47020,1
trotting,47064,47020,47064,44
sniffing,47183,47064,47183,119
rising,47239,47183,47239,56
sniffing,47240,47239,47240,1
walking,47371,47240,47371,131
stepping,47414,47371,47414,43
climbing,47488,47414,47488,74
right_turning,47544,47488,47544,56
trotting,47585,47544,47585,41
sniffing,47599,47585,47599,14
left_turning,47645,47599,47645,46
walking,47670,47645,47670,25
sniffing,47671,47670,47671,1
rising,47678,47671,47678,7
climbing,47745,47678,47745,67
sniffing,48038,47745,48038,293
rearing,48111,48038,48111,73
climbing,48165,48111,48165,54
rising,48192,48165,48192,27
climbing,48285,48192,48285,93
walking,48347,48285,48347,62
sniffing,48489,48347,48489,142
walking,48546,48489,48546,57
sniffing,48705,48546,48705,159
right_turning,48742,48705,48742,37
walking,48743,48742,48743,1
sniffing,48744,48743,48744,1
right_turning,48749,48744,48749,5
walking,48908,48749,48908,159
sniffing,48931,48908,48931,23
rising,48939,48931,48939,8
climbing,49046,48939,49046,107
trotting,49073,49046,49073,27
rearing,49093,49073,49093,20
climbing,49171,49093,49171,78
right_turning,49213,49171,49213,42
grooming,49214,49213,49214,1
sniffing,49324,49214,49324,110
climbing,49381,49324,49381,57
grooming,49584,49381,49584,203
hunching,49650,49584,49650,66
rearing,49651,49650,49651,1
walking,49653,49651,49653,2
rising,49699,49653,49699,46
sniffing,49842,49699,49842,143
right_turning,49846,49842,49846,4
sniffing,49847,49846,49847,1
climbing,49909,49847,49909,62
rising,49956,49909,49956,47
left_turning,49964,49956,49964,8
trotting,49986,49964,49986,22
sniffing,50042,49986,50042,56
rising,50087,50042,50087,45
climbing,50119,50087,50119,32
rearing,50205,50119,50205,86
rising,50235,50205,50235,30
left_turning,50262,50235,50262,27
rising,50368,50262,50368,106
right_turning,50445,50368,50445,77
left_turning,50446,50445,50446,1
sniffing,50492,50446,50492,46
hunching,50589,50492,50589,97
trotting,50605,50589,50605,16
walking,50695,50605,50695,90
running,50739,50695,50739,44
walking,50769,50739,50769,30
sniffing,50784,50769,50784,15
climbing,50845,50784,50845,61
walking,50846,50845,50846,1
right_turning,50883,50846,50883,37
left_turning,50894,50883,50894,11
walking,50905,50894,50905,11
trotting,50937,50905,50937,32
stepping,50978,50937,50978,41
running,51020,50978,51020,42
sniffing,51084,51020,51084,64
walking,51123,51084,51123,39
left_turning,51167,51123,51167,44
walking,51170,51167,51170,3
sniffing,51271,51170,51271,101
rising,51291,51271,51291,20
sniffing,51312,51291,51312,21
walking,51358,51312,51358,46
rising,51395,51358,51395,37
sniffing,51538,51395,51538,143
walking,51561,51538,51561,23
rearing,51767,51561,51767,206
hunching,51780,51767,51780,13
sniffing,51874,51780,51874,94
trotting,51899,51874,51899,25
sniffing,51900,51899,51900,1
rising,52077,51900,52077,177
trotting,52099,52077,52099,22
rising,52125,52099,52125,26
sniffing,52320,52125,52320,195
trotting,52350,52320,52350,30
stepping,52351,52350,52351,1
sniffing,52387,52351,52387,36
walking,52441,52387,52441,54
sniffing,52469,52441,52469,28
trotting,52483,52469,52483,14
sniffing,52743,52483,52743,260
rising,52744,52743,52744,1
stepping,52755,52744,52755,11
rising,52756,52755,52756,1
sniffing,52826,52756,52826,70
climbing,52861,52826,52861,35
walking,52917,52861,52917,56
climbing,52993,52917,52993,76
rearing,53035,52993,53035,42
grooming,53350,53035,53350,315
sniffing,53446,53350,53446,96
walking,53451,53446,53451,5
trotting,53459,53451,53459,8
walking,53503,53459,53503,44
stepping,53521,53503,53521,18
walking,53576,53521,53576,55
sniffing,53577,53576,53577,1
right_turning,53607,53577,53607,30
running,53638,53607,53638,31
rising,53710,53638,53710,72
climbing,53723,53710,53723,13
right_turning,53731,53723,53731,8
sniffing,53738,53731,53738,7
rearing,53764,53738,53764,26
grooming,53879,53764,53879,115
left_turning,53895,53879,53895,16
walking,53919,53895,53919,24
sniffing,53924,53919,53924,5
rearing,53992,53924,53992,68
grooming,54063,53992,54063,71
rearing,54084,54063,54084,21
sniffing,54109,54084,54109,25
walking,54185,54109,54185,76
rising,54192,54185,54192,7
climbing,54281,54192,54281,89
rising,54282,54281,54282,1
sniffing,54386,54282,54386,104
rising,54444,54386,54444,58
grooming,54449,54444,54449,5
hunching,54530,54449,54530,81
sniffing,54554,54530,54554,24
rising,54601,54554,54601,47
rearing,54602,54601,54602,1
walking,54701,54602,54701,99
right_turning,54763,54701,54763,62
left_turning,54789,54763,54789,26
trotting,54811,54789,54811,22
walking,54875,54811,54875,64
sniffing,54936,54875,54936,61
right_turning,54963,54936,54963,27
climbing,54992,54963,54992,29
rising,55032,54992,55032,40
sniffing,55121,55032,55121,89
stepping,55192,55121,55192,71
walking,55245,55192,55245,53
rising,55246,55245,55246,1
rearing,55279,55246,55279,33
rising,55331,55279,55331,52
walking,55332,55331,55332,1
trotting,55369,55332,55369,37
rising,55393,55369,55393,24
climbing,55463,55393,55463,70
rising,55482,55463,55482,19
grooming,55755,55482,55755,273
rearing,55756,55755,55756,1
rising,55788,55756,55788,32
walking,55836,55788,55836,48
trotting,55847,55836,55847,11
rearing,55848,55847,55848,1
sniffing,55995,55848,55995,147
rising,55999,55995,55999,4
sniffing,56057,55999,56057,58
climbing,56058,56057,56058,1
running,56071,56058,56071,13
walking,56138,56071,56138,67
rising,56139,56138,56139,1
rearing,56193,56139,56193,54
rising,56253,56193,56253,60
rearing,56325,56253,56325,72
sniffing,56364,56325,56364,39
left_turning,56378,56364,56378,14
stepping,56398,56378,56398,20
sniffing,56399,56398,56399,1
walking,56542,56399,56542,143
running,56555,56542,56555,13
stepping,56591,56555,56591,36
sniffing,56592,56591,56592,1
walking,56593,56592,56593,1
sniffing,56827,56593,56827,234
climbing,57146,56827,57146,319
rearing,57264,57146,57264,118
climbing,57292,57264,57292,28
hunching,57299,57292,57299,7
sniffing,57300,57299,57300,1
walking,57343,57300,57343,43
trotting,57374,57343,57374,31
sniffing,57559,57374,57559,185
stepping,57580,57559,57580,21
climbing,57590,57580,57590,10
sniffing,57612,57590,57612,22
left_turning,57613,57612,57613,1
sniffing,57678,57613,57678,65
hunching,57751,57678,57751,73
climbing,57799,57751,57799,48
walking,57854,57799,57854,55
left_turning,57882,57854,57882,28
walking,57932,57882,57932,50
sniffing,58023,57932,58023,91
left_turning,58085,58023,58085,62
walking,58149,58085,58149,64
sniffing,58261,58149,58261,112
stepping,58267,58261,58267,6
walking,58346,58267,58346,79
sniffing,58347,58346,58347,1
hunching,58371,58347,58371,24
sniffing,58413,58371,58413,42
rising,58414,58413,58414,1
climbing,58428,58414,58428,14
hunching,58506,58428,58506,78
right_turning,58550,58506,58550,44
trotting,58577,58550,58577,27
stepping,58647,58577,58647,70
sniffing,58686,58647,58686,39
trotting,58731,58686,58731,45
sniffing,58846,58731,58846,115
climbing,58893,58846,58893,47
hunching,58894,58893,58894,1
rearing,58895,58894,58895,1
climbing,58984,58895,58984,89
sniffing,58988,58984,58988,4
walking,59083,58988,59083,95
climbing,59136,59083,59136,53
left_turning,59217,59136,59217,81
walking,59325,59217,59325,108
sniffing,59513,59325,59513,188
walking,59568,59513,59568,55
left_turning,59569,59568,59569,1
walking,59570,59569,59570,1
left_turning,59602,59570,59602,32
sniffing,59645,59602,59645,43
rising,59778,59645,59778,133
running,59796,59778,59796,18
sniffing,59912,59796,59912,116
right_turning,59939,59912,59939,27
sniffing,60017,59939,60017,78
left_turning,60058,60017,60058,41
sniffing,60068,60058,60068,10
right_turning,60108,60068,60108,40
running,60148,60108,60148,40
stepping,60188,60148,60188,40
walking,60194,60188,60194,6
rising,60253,60194,60253,59
sniffing,60314,60253,60314,61
climbing,60315,60314,60315,1
right_turning,60345,60315,60345,30
walking,60400,60345,60400,55
right_turning,60440,60400,60440,40
left_turning,60478,60440,60478,38
sniffing,60480,60478,60480,2
rising,60517,60480,60517,37
climbing,60552,60517,60552,35
sniffing,60553,60552,60553,1
rising,60579,60553,60579,26
climbing,60668,60579,60668,89
grooming,60677,60668,60677,9
rearing,60692,60677,60692,15
sniffing,60769,60692,60769,77
rising,60770,60769,60770,1
climbing,60794,60770,60794,24
sniffing,60912,60794,60912,118
walking,61002,60912,61002,90
sniffing,61145,61002,61145,143
rising,61176,61145,61176,31
right_turning,61207,61176,61207,31
walking,61299,61207,61299,92
rising,61304,61299,61304,5
rearing,61375,61304,61375,71
rising,61444,61375,61444,69
climbing,61445,61444,61445,1
right_turning,61446,61445,61446,1
rearing,61447,61446,61447,1
climbing,61514,61447,61514,67
trotting,61515,61514,61515,1
sniffing,61636,61515,61636,121
rising,61637,61636,61637,1
walking,61773,61637,61773,136
trotting,61792,61773,61792,19
right_turning,61793,61792,61793,1
walking,61873,61793,61873,80
sniffing,61894,61873,61894,21
rising,61905,61894,61905,11
climbing,61996,61905,61996,91
sniffing,62085,61996,62085,89
rearing,62126,62085,62126,41
right_turning,62159,62126,62159,33
left_turning,62189,62159,62189,30
sniffing,62284,62189,62284,95
walking,62306,62284,62306,22
trotting,62362,62306,62362,56
climbing,62396,62362,62396,34
rearing,62456,62396,62456,60
left_turning,62457,62456,62457,1
running,62496,62457,62496,39
trotting,62521,62496,62521,25
sniffing,62529,62521,62529,8
rising,62530,62529,62530,1
walking,62600,62530,62600,70
rearing,62661,62600,62661,61
rising,62662,62661,62662,1
climbing,62697,62662,62697,35
sniffing,62790,62697,62790,93
walking,62839,62790,62839,49
rising,62883,62839,62883,44
rearing,62884,62883,62884,1
climbing,62979,62884,62979,95
walking,63038,62979,63038,59
sniffing,63245,63038,63245,207
walking,63246,63245,63246,1
climbing,63292,63246,63292,46
rising,63302,63292,63302,10
climbing,63432,63302,63432,130
rising,63516,63432,63516,84
grooming,63773,63516,63773,257
rearing,63843,63773,63843,70
grooming,64025,63843,64025,182
sniffing,64026,64025,64026,1
walking,64071,64026,64071,45
trotting,64072,64071,64072,1
sniffing,64167,64072,64167,95
right_turning,64170,64167,64170,3
sniffing,64171,64170,64171,1
running,64187,64171,64187,16
walking,64188,64187,64188,1
sniffing,64236,64188,64236,48
hunching,64293,64236,64293,57
sniffing,64294,64293,64294,1
left_turning,64321,64294,64321,27
trotting,64364,64321,64364,43
rising,64414,64364,64414,50
rearing,64586,64414,64586,172
left_turning,64627,64586,64627,41
sniffing,64859,64627,64859,232
rearing,64967,64859,64967,108
grooming,65060,64967,65060,93
sniffing,65061,65060,65061,1
walking,65093,65061,65093,32
climbing,65174,65093,65174,81
running,65205,65174,65205,31
trotting,65248,65205,65248,43
grooming,65485,65248,65485,237
hunching,65542,65485,65542,57
rearing,65543,65542,65543,1
running,65606,65543,65606,63
sniffing,65692,65606,65692,86
rising,65693,65692,65693,1
climbing,65797,65693,65797,104
walking,65829,65797,65829,32
rising,65836,65829,65836,7
sniffing,65964,65836,65964,128
rising,66026,65964,66026,62
climbing,66099,66026,66099,73
right_turning,66120,66099,66120,21
stepping,66169,66120,66169,49
sniffing,66331,66169,66331,162
climbing,66375,66331,66375,44
right_turning,66393,66375,66393,18
sniffing,66473,66393,66473,80
right_turning,66477,66473,66477,4
running,66489,66477,66489,12
sniffing,66603,66489,66603,114
rising,66668,66603,66668,65
sniffing,66728,66668,66728,60
left_turning,66790,66728,66790,62
walking,66822,66790,66822,32
climbing,66906,66822,66906,84
walking,67018,66906,67018,112
rearing,67167,67018,67167,149
hunching,67216,67167,67216,49
climbing,67252,67216,67252,36
running,67294,67252,67294,42
left_turning,67298,67294,67298,4
sniffing,67320,67298,67320,22
stepping,67386,67320,67386,66
climbing,67439,67386,67439,53
rearing,67534,67439,67534,95
hunching,67547,67534,67547,13
rearing,67548,67547,67548,1
sniffing,67625,67548,67625,77
walking,67746,67625,67746,121
climbing,67812,67746,67812,66
rearing,67813,67812,67813,1
grooming,67814,67813,67814,1
sniffing,67957,67814,67957,143
walking,68015,67957,68015,58
stepping,68050,68015,68050,35
sniffing,68143,68050,68143,93
rising,68175,68143,68175,32
sniffing,68198,68175,68198,23
grooming,68472,68198,68472,274
hunching,68481,68472,68481,9
walking,68488,68481,68488,7
sniffing,68511,68488,68511,23
stepping,68522,68511,68522,11
walking,68635,68522,68635,113
rising,68679,68635,68679,44
rearing,68707,68679,68707,28
climbing,68752,68707,68752,45
rising,68804,68752,68804,52
climbing,68922,68804,68922,118
walking,68923,68922,68923,1
stepping,68997,68923,68997,74
rearing,68998,68997,68998,1
trotting,68999,68998,68999,1
sniffing,69074,68999,69074,75
rearing,69138,69074,69138,64
sniffing,69169,69138,69169,31
right_turning,69205,69169,69205,36
running,69244,69205,69244,39
rearing,69266,69244,69266,22
climbing,69390,69266,69390,124
trotting,69427,69390,69427,37
climbing,69560,69427,69560,133
right_turning,69561,69560,69561,1
sniffing,69669,69561,69669,108
left_turning,69710,69669,69710,41
sniffing,69842,69710,69842,132
left_turning,69874,69842,69874,32
walking,69927,69874,69927,53
climbing,69947,69927,69947,20
hunching,69974,69947,69974,27
walking,70010,69974,70010,36
rising,70076,70010,70076,66
sniffing,70189,70076,70189,113
walking,70208,70189,70208,19
left_turning,70227,70208,70227,19
sniffing,70243,70227,70243,16
walking,70264,70243,70264,21
sniffing,70265,70264,70265,1
walking,70295,70265,70295,30
sniffing,70333,70295,70333,38
walking,70352,70333,70352,19
rearing,70359,70352,70359,7
walking,70390,70359,70390,31
sniffing,70512,70390,70512,122
pausing,70513,70512,70513,1
sniffing,70514,70513,70514,1
rising,70540,70514,70540,26
sniffing,70591,70540,70591,51
climbing,70754,70591,70754,163
rearing,70807,70754,70807,53
climbing,70942,70807,70942,135
rearing,70951,70942,70951,9
climbing,71010,70951,71010,59
rearing,71099,71010,71099,89
climbing,71150,71099,71150,51
grooming,71294,71150,71294,144
climbing,71349,71294,71349,55
walking,71351,71349,71351,2
grooming,71352,71351,71352,1
hunching,71397,71352,71397,45
climbing,71459,71397,71459,62
sniffing,71656,71459,71656,197
walking,71745,71656,71745,89
rising,71807,71745,71807,62
climbing,71841,71807,71841,34
trotting,71912,71841,71912,71
climbing,71963,71912,71963,51
trotting,71997,71963,71997,34
sniffing,72088,71997,72088,91
left_turning,72114,72088,72114,26
sniffing,72391,72114,72391,277
pausing,72613,72391,72613,222
sniffing,72750,72613,72750,137
rearing,72763,72750,72763,13
hunching,72764,72763,72764,1
right_turning,72771,72764,72771,7
left_turning,72772,72771,72772,1
sniffing,72773,72772,72773,1
left_turning,72816,72773,72816,43
sniffing,72823,72816,72823,7
climbing,72864,72823,72864,41
trotting,72898,72864,72898,34
rising,72908,72898,72908,10
climbing,72941,72908,72941,33
trotting,72951,72941,72951,10
hunching,72991,72951,72991,40
sniffing,73142,72991,73142,151
running,73164,73142,73164,22
stepping,73167,73164,73167,3
left_turning,73230,73167,73230,63
walking,73245,73230,73245,15
rising,73250,73245,73250,5
sniffing,73423,73250,73423,173
walking,73454,73423,73454,31
left_turning,73532,73454,73532,78
rising,73533,73532,73533,1
climbing,73626,73533,73626,93
walking,73627,73626,73627,1
sniffing,73726,73627,73726,99
walking,73798,73726,73798,72
climbing,73893,73798,73893,95
sniffing,73894,73893,73894,1
left_turning,73895,73894,73895,1
walking,73925,73895,73925,30
rising,73976,73925,73976,51
left_turning,74022,73976,74022,46
running,74071,74022,74071,49
left_turning,74092,74071,74092,21
walking,74134,74092,74134,42
sniffing,74239,74134,74239,105
left_turning,74240,74239,74240,1
walking,74312,74240,74312,72
rising,74347,74312,74347,35
climbing,74427,74347,74427,80
rising,74484,74427,74484,57
climbing,74668,74484,74668,184
sniffing,74764,74668,74764,96
left_turning,74800,74764,74800,36
walking,74810,74800,74810,10
climbing,74941,74810,74941,131
hunching,74942,74941,74942,1
grooming,75068,74942,75068,126
rearing,75071,75068,75071,3
grooming,75323,75071,75323,252
rearing,75421,75323,75421,98
rising,75466,75421,75466,45
climbing,75542,75466,75542,76
right_turning,75591,75542,75591,49
walking,75629,75591,75629,38
right_turning,75639,75629,75639,10
trotting,75640,75639,75640,1
sniffing,75673,75640,75673,33
walking,75674,75673,75674,1
sniffing,75675,75674,75675,1
left_turning,75676,75675,75676,1
walking,75696,75676,75696,20
sniffing,75911,75696,75911,215
right_turning,75953,75911,75953,42
running,75961,75953,75961,8
left_turning,75962,75961,75962,1
sniffing,75963,75962,75963,1
rising,76010,75963,76010,47
stepping,76035,76010,76035,25
walking,76066,76035,76066,31
stepping,76067,76066,76067,1
climbing,76089,76067,76089,22
sniffing,76115,76089,76115,26
right_turning,76149,76115,76149,34
walking,76177,76149,76177,28
trotting,76208,76177,76208,31
walking,76209,76208,76209,1
sniffing,76210,76209,76210,1
climbing,76271,76210,76271,61
rising,76320,76271,76320,49
hunching,76402,76320,76402,82
sniffing,76559,76402,76559,157
rising,76641,76559,76641,82
sniffing,76642,76641,76642,1
stepping,76703,76642,76703,61
walking,76796,76703,76796,93
rearing,76824,76796,76824,28
left_turning,76855,76824,76855,31
sniffing,76911,76855,76911,56
grooming,77075,76911,77075,164
rearing,77139,77075,77139,64
climbing,77188,77139,77188,49
right_turning,77189,77188,77189,1
trotting,77265,77189,77265,76
sniffing,77326,77265,77326,61
stepping,77357,77326,77357,31
rising,77422,77357,77422,65
climbing,77423,77422,77423,1
sniffing,77492,77423,77492,69
rising,77534,77492,77534,42
climbing,77582,77534,77582,48
rising,77669,77582,77669,87
trotting,77691,77669,77691,22
sniffing,77776,77691,77776,85
left_turning,77827,77776,77827,51
sniffing,77912,77827,77912,85
walking,77947,77912,77947,35
stepping,77973,77947,77973,26
sniffing,78134,77973,78134,161
left_turning,78191,78134,78191,57
sniffing,78369,78191,78369,178
left_turning,78370,78369,78370,1
walking,78406,78370,78406,36
sniffing,78415,78406,78415,9
rearing,78470,78415,78470,55
rising,78506,78470,78506,36
left_turning,78566,78506,78566,60
trotting,78573,78566,78573,7
sniffing,78594,78573,78594,21
walking,78595,78594,78595,1
sniffing,78596,78595,78596,1
left_turning,78597,78596,78597,1
climbing,78676,78597,78676,79
right_turning,78693,78676,78693,17
climbing,78751,78693,78751,58
hunching,78771,78751,78771,20
grooming,78772,78771,78772,1
rising,78795,78772,78795,23
sniffing,78808,78795,78808,13
left_turning,78851,78808,78851,43
sniffing,79048,78851,79048,197
left_turning,79106,79048,79106,58
walking,79148,79106,79148,42
sniffing,79234,79148,79234,86
climbing,79279,79234,79279,45
sniffing,79294,79279,79294,15
climbing,79295,79294,79295,1
trotting,79311,79295,79311,16
walking,79312,79311,79312,1
left_turning,79358,79312,79358,46
sniffing,79359,79358,79359,1
left_turning,79400,79359,79400,41
grooming,79402,79400,79402,2
sniffing,79516,79402,79516,114
trotting,79527,79516,79527,11
sniffing,79615,79527,79615,88
climbing,79616,79615,79616,1
rising,79673,79616,79673,57
climbing,79804,79673,79804,131
rearing,79805,79804,79805,1
rising,79814,79805,79814,9
climbing,79845,79814,79845,31
sniffing,79988,79845,79988,143
rearing,80152,79988,80152,164
climbing,80238,80152,80238,86
walking,80332,80238,80332,94
sniffing,80481,80332,80481,149
right_turning,80514,80481,80514,33
walking,80627,80514,80627,113
stepping,80642,80627,80642,15
hunching,80643,80642,80643,1
rising,80651,80643,80651,8
climbing,80700,80651,80700,49
rearing,80713,80700,80713,13
grooming,80714,80713,80714,1
sniffing,80887,80714,80887,173
left_turning,80930,80887,80930,43
running,80933,80930,80933,3
rising,80934,80933,80934,1
climbing,81037,80934,81037,103
sniffing,81095,81037,81095,58
climbing,81194,81095,81194,99
sniffing,81313,81194,81313,119
walking,81380,81313,81380,67
left_turning,81444,81380,81444,64
rising,81509,81444,81509,65
left_turning,81572,81509,81572,63
trotting,81612,81572,81612,40
walking,81678,81612,81678,66
sniffing,81776,81678,81776,98
hunching,81786,81776,81786,10
rearing,81809,81786,81809,23
running,81810,81809,81810,1
trotting,81863,81810,81863,53
walking,81894,81863,81894,31
sniffing,81949,81894,81949,55
grooming,82112,81949,82112,163
rearing,82113,82112,82113,1
climbing,82156,82113,82156,43
sniffing,82329,82156,82329,173
pausing,82330,82329,82330,1
rising,82390,82330,82390,60
grooming,82568,82390,82568,178
sniffing,82695,82568,82695,127
climbing,82696,82695,82696,1
walking,82711,82696,82711,15
rearing,82732,82711,82732,21
climbing,82796,82732,82796,64
grooming,82829,82796,82829,33
rearing,82900,82829,82900,71
rising,82954,82900,82954,54
right_turning,82984,82954,82984,30
rising,83008,82984,83008,24
sniffing,83165,83008,83165,157
rising,83197,83165,83197,32
sniffing,83203,83197,83203,6
climbing,83244,83203,83244,41
rising,83250,83244,83250,6
sniffing,83359,83250,83359,109
rising,83402,83359,83402,43
hunching,83540,83402,83540,138
sniffing,83552,83540,83552,12
stepping,83553,83552,83553,1
trotting,83579,83553,83579,26
sniffing,83656,83579,83656,77
right_turning,83697,83656,83697,41
sniffing,83703,83697,83703,6
running,83723,83703,83723,20
sniffing,83819,83723,83819,96
stepping,83853,83819,83853,34
walking,83915,83853,83915,62
sniffing,83959,83915,83959,44
left_turning,84006,83959,84006,47
sniffing,84182,84006,84182,176
rising,84183,84182,84183,1
climbing,84197,84183,84197,14
rearing,84198,84197,84198,1
rising,84261,84198,84261,63
sniffing,84262,84261,84262,1
rising,84293,84262,84293,31
sniffing,84333,84293,84333,40
climbing,84403,84333,84403,70
right_turning,84422,84403,84422,19
running,84458,84422,84458,36
rising,84499,84458,84499,41
walking,84602,84499,84602,103
sniffing,84614,84602,84614,12
right_turning,84671,84614,84671,57
trotting,84743,84671,84743,72
sniffing,84950,84743,84950,207
walking,85009,84950,85009,59
sniffing,85071,85009,85071,62
trotting,85119,85071,85119,48
rising,85149,85119,85149,30
walking,85208,85149,85208,59
climbing,85290,85208,85290,82
walking,85296,85290,85296,6
rising,85297,85296,85297,1
sniffing,85354,85297,85354,57
walking,85399,85354,85399,45
left_turning,85449,85399,85449,50
stepping,85508,85449,85508,59
rearing,85509,85508,85509,1
walking,85539,85509,85539,30
sniffing,85540,85539,85540,1
rising,85541,85540,85541,1
climbing,85588,85541,85588,47
rising,85605,85588,85605,17
sniffing,85610,85605,85610,5
left_turning,85624,85610,85624,14
trotting,85632,85624,85632,8
rising,85641,85632,85641,9
rearing,85688,85641,85688,47
hunching,85752,85688,85752,64
climbing,85774,85752,85774,22
right_turning,85805,85774,85805,31
walking,85836,85805,85836,31
sniffing,85906,85836,85906,70
stepping,85935,85906,85935,29
walking,86001,85935,86001,66
rising,86002,86001,86002,1
sniffing,86053,86002,86053,51
climbing,86054,86053,86054,1
walking,86080,86054,86080,26
sniffing,86122,86080,86122,42
rising,86144,86122,86144,22
sniffing,86251,86144,86251,107
pausing,86635,86251,86635,384
rising,86717,86635,86717,82
sniffing,86724,86717,86724,7
walking,86758,86724,86758,34
stepping,86759,86758,86759,1
walking,86765,86759,86765,6
sniffing,86784,86765,86784,19
rising,86883,86784,86883,99
sniffing,86895,86883,86895,12
right_turning,86903,86895,86903,8
trotting,86921,86903,86921,18
sniffing,86922,86921,86922,1
walking,86972,86922,86972,50
sniffing,87074,86972,87074,102
grooming,87075,87074,87075,1
rearing,87157,87075,87157,82
grooming,87342,87157,87342,185
rearing,87386,87342,87386,44
grooming,87866,87386,87866,480
rearing,87908,87866,87908,42
sniffing,87979,87908,87979,71
grooming,88118,87979,88118,139
walking,88226,88118,88226,108
sniffing,88330,88226,88330,104
grooming,88417,88330,88417,87
climbing,88481,88417,88481,64
hunching,88573,88481,88573,92
rising,88574,88573,88574,1
sniffing,88693,88574,88693,119
climbing,88852,88693,88852,159
sniffing,89085,88852,89085,233
walking,89102,89085,89102,17
climbing,89103,89102,89103,1
walking,89171,89103,89171,68
stepping,89199,89171,89199,28
sniffing,89304,89199,89304,105
rising,89356,89304,89356,52
rearing,89454,89356,89454,98
left_turning,89455,89454,89455,1
walking,89456,89455,89456,1
sniffing,89457,89456,89457,1
climbing,89597,89457,89597,140
rising,89598,89597,89598,1
climbing,89638,89598,89638,40
rising,89716,89638,89716,78
sniffing,89771,89716,89771,55
walking,89809,89771,89809,38
rising,89824,89809,89824,15
climbing,89869,89824,89869,45
sniffing,89873,89869,89873,4
stepping,89874,89873,89874,1
sniffing,89934,89874,89934,60
rising,89982,89934,89982,48
sniffing,90118,89982,90118,136
walking,90207,90118,90207,89
left_turning,90250,90207,90250,43
sniffing,90251,90250,90251,1
climbing,90309,90251,90309,58
rearing,90310,90309,90310,1
sniffing,90311,90310,90311,1
rising,90312,90311,90312,1
walking,90368,90312,90368,56
sniffing,90403,90368,90403,35
left_turning,90421,90403,90421,18
walking,90440,90421,90440,19
stepping,90473,90440,90473,33
sniffing,90474,90473,90474,1
walking,90478,90474,90478,4
trotting,90516,90478,90516,38
right_turning,90535,90516,90535,19
jumping,90542,90535,90542,7
rising,90571,90542,90571,29
walking,90583,90571,90583,12
rearing,90634,90583,90634,51
left_turning,90670,90634,90670,36
sniffing,90906,90670,90906,236
trotting,90952,90906,90952,46
sniffing,91131,90952,91131,179
right_turning,91133,91131,91133,2
walking,91171,91133,91171,38
stepping,91172,91171,91172,1
sniffing,91254,91172,91254,82
walking,91255,91254,91255,1
sniffing,91256,91255,91256,1
walking,91289,91256,91289,33
sniffing,91448,91289,91448,159
walking,91496,91448,91496,48
sniffing,91537,91496,91537,41
pausing,91740,91537,91740,203
climbing,91764,91740,91764,24
rearing,91765,91764,91765,1
rising,91766,91765,91766,1
climbing,91835,91766,91835,69
rising,91862,91835,91862,27
climbing,92042,91862,92042,180
sniffing,92193,92042,92193,151
walking,92247,92193,92247,54
sniffing,92301,92247,92301,54
right_turning,92305,92301,92305,4
walking,92328,92305,92328,23
left_turning,92338,92328,92338,10
rising,92349,92338,92349,11
trotting,92364,92349,92364,15
rising,92437,92364,92437,73
climbing,92442,92437,92442,5
sniffing,92494,92442,92494,52
rising,92495,92494,92495,1
sniffing,92496,92495,92496,1
grooming,92661,92496,92661,165
rearing,92675,92661,92675,14
sniffing,92747,92675,92747,72
rearing,92810,92747,92810,63
climbing,92925,92810,92925,115
sniffing,93061,92925,93061,136
grooming,93299,93061,93299,238
sniffing,93371,93299,93371,72
right_turning,93420,93371,93420,49
walking,93449,93420,93449,29
sniffing,93596,93449,93596,147
grooming,93612,93596,93612,16
left_turning,93674,93612,93674,62
rising,93701,93674,93701,27
left_turning,93704,93701,93704,3
sniffing,93705,93704,93705,1
rising,93728,93705,93728,23
climbing,93762,93728,93762,34
trotting,93807,93762,93807,45
climbing,93813,93807,93813,6
walking,93814,93813,93814,1
sniffing,93855,93814,93855,41
left_turning,93903,93855,93903,48
walking,93938,93903,93938,35
trotting,93946,93938,93946,8
walking,93960,93946,93960,14
rearing,94013,93960,94013,53
sniffing,94060,94013,94060,47
rising,94087,94060,94087,27
left_turning,94119,94087,94119,32
sniffing,94183,94119,94183,64
rearing,94184,94183,94184,1
hunching,94207,94184,94207,23
grooming,94371,94207,94371,164
hunching,94418,94371,94418,47
sniffing,94470,94418,94470,52
rising,94501,94470,94501,31
climbing,94502,94501,94502,1
rearing,94567,94502,94567,65
rising,94602,94567,94602,35
left_turning,94624,94602,94624,22
rising,94625,94624,94625,1
climbing,94649,94625,94649,24
rearing,94780,94649,94780,131
grooming,95045,94780,95045,265
sniffing,95046,95045,95046,1
walking,95060,95046,95060,14
trotting,95061,95060,95061,1
climbing,95122,95061,95122,61
grooming,95355,95122,95355,233
sniffing,95432,95355,95432,77
walking,95540,95432,95540,108
stepping,95580,95540,95580,40
sniffing,95581,95580,95581,1
stepping,95661,95581,95661,80
walking,95715,95661,95715,54
sniffing,95736,95715,95736,21
grooming,96106,95736,96106,370
stepping,96137,96106,96137,31
hunching,96164,96137,96164,27
sniffing,96272,96164,96272,108
climbing,96365,96272,96365,93
hunching,96395,96365,96395,30
sniffing,96396,96395,96396,1
walking,96440,96396,96440,44
rising,96441,96440,96441,1
climbing,96461,96441,96461,20
rising,96500,96461,96500,39
climbing,96558,96500,96558,58
right_turning,96591,96558,96591,33
stepping,96612,96591,96612,21
trotting,96613,96612,96613,1
walking,96614,96613,96614,1
trotting,96654,96614,96654,40
grooming,96655,96654,96655,1
rearing,96675,96655,96675,20
climbing,96788,96675,96788,113
rearing,96898,96788,96898,110
rising,96951,96898,96951,53
rearing,96984,96951,96984,33
climbing,96985,96984,96985,1
sniffing,96986,96985,96986,1
climbing,97180,96986,97180,194
rising,97228,97180,97228,48
climbing,97248,97228,97248,20
right_turning,97264,97248,97264,16
grooming,97390,97264,97390,126
hunching,97436,97390,97436,46
sniffing,97505,97436,97505,69
climbing,97562,97505,97562,57
rising,97569,97562,97569,7
climbing,97700,97569,97700,131
sniffing,97766,97700,97766,66
left_turning,97767,97766,97767,1
sniffing,97768,97767,97768,1
trotting,97832,97768,97832,64
sniffing,97833,97832,97833,1
rising,97848,97833,97848,15
left_turning,97873,97848,97873,25
sniffing,97928,97873,97928,55
rising,98096,97928,98096,168
climbing,98138,98096,98138,42
walking,98169,98138,98169,31
left_turning,98183,98169,98183,14
sniffing,98296,98183,98296,113
right_turning,98367,98296,98367,71
left_turning,98402,98367,98402,35
sniffing,98403,98402,98403,1
rising,98479,98403,98479,76
climbing,98547,98479,98547,68
rising,98548,98547,98548,1
hunching,98663,98548,98663,115
stepping,98715,98663,98715,52
trotting,98726,98715,98726,11
walking,98785,98726,98785,59
left_turning,98798,98785,98798,13
walking,98806,98798,98806,8
sniffing,98839,98806,98839,33
rising,98867,98839,98867,28
climbing,98909,98867,98909,42
grooming,98910,98909,98910,1
sniffing,99126,98910,99126,216
grooming,99213,99126,99213,87
climbing,99350,99213,99350,137
hunching,99351,99350,99351,1
sniffing,99599,99351,99599,248
stepping,99640,99599,99640,41
sniffing,99742,99640,99742,102
rising,99743,99742,99743,1
climbing,99780,99743,99780,37
grooming,99869,99780,99869,89
climbing,99899,99869,99899,30
walking,99931,99899,99931,32
sniffing,100040,99931,100040,109
hunching,100081,100040,100081,41
grooming,100137,100081,100137,56
rearing,100138,100137,100138,1
walking,100164,100138,100164,26
climbing,100165,100164,100165,1
walking,100167,100165,100167,2
rising,100195,100167,100195,28
right_turning,100205,100195,100205,10
rearing,100208,100205,100208,3
sniffing,100302,100208,100302,94
stepping,100331,100302,100331,29
right_turning,100360,100331,100360,29
rearing,100387,100360,100387,27
hunching,100391,100387,100391,4
grooming,100580,100391,100580,189
sniffing,100581,100580,100581,1
climbing,100653,100581,100653,72
rising,100667,100653,100667,14
hunching,100737,100667,100737,70
climbing,100785,100737,100785,48
rearing,100790,100785,100790,5
rising,100823,100790,100823,33
hunching,100932,100823,100932,109
rearing,100961,100932,100961,29
sniffing,100979,100961,100979,18
walking,101026,100979,101026,47
stepping,101104,101026,101104,78
sniffing,101189,101104,101189,85
left_turning,101221,101189,101221,32
jumping,101222,101221,101222,1
rising,101223,101222,101223,1
sniffing,101285,101223,101285,62
rising,101321,101285,101321,36
sniffing,101396,101321,101396,75
left_turning,101420,101396,101420,24
rearing,101439,101420,101439,19
rising,101440,101439,101440,1
rearing,101485,101440,101485,45
grooming,101910,101485,101910,425
sniffing,102253,101910,102253,343
climbing,102267,102253,102267,14
trotting,102295,102267,102295,28
sniffing,102296,102295,102296,1
pausing,102377,102296,102377,81
sniffing,102433,102377,102433,56
rising,102484,102433,102484,51
sniffing,102532,102484,102532,48
rising,102606,102532,102606,74
sniffing,102695,102606,102695,89
rising,102711,102695,102711,16
climbing,102745,102711,102745,34
rearing,102787,102745,102787,42
rising,102810,102787,102810,23
rearing,102861,102810,102861,51
grooming,102862,102861,102862,1
sniffing,102952,102862,102952,90
left_turning,103040,102952,103040,88
trotting,103078,103040,103078,38
walking,103100,103078,103100,22
rising,103177,103100,103177,77
climbing,103265,103177,103265,88
rising,103285,103265,103285,20
rearing,103348,103285,103348,63
walking,103426,103348,103426,78
sniffing,103517,103426,103517,91
left_turning,103602,103517,103602,85
running,103618,103602,103618,16
walking,103682,103618,103682,64
stepping,103734,103682,103734,52
rising,103787,103734,103787,53
sniffing,103963,103787,103963,176
left_turning,104021,103963,104021,58
sniffing,104081,104021,104081,60
rising,104183,104081,104183,102
sniffing,104294,104183,104294,111
grooming,104295,104294,104295,1
climbing,104296,104295,104296,1
right_turning,104323,104296,104323,27
sniffing,104384,104323,104384,61
stepping,104407,104384,104407,23
trotting,104409,104407,104409,2
left_turning,104427,104409,104427,18
sniffing,104478,104427,104478,51
grooming,104479,104478,104479,1
hunching,104480,104479,104480,1
rising,104481,104480,104481,1
climbing,104549,104481,104549,68
rising,104550,104549,104550,1
climbing,104562,104550,104562,12
rising,104630,104562,104630,68
rearing,104631,104630,104631,1
sniffing,104668,104631,104668,37
rising,104704,104668,104704,36
climbing,104738,104704,104738,34
rising,104772,104738,104772,34
rearing,104887,104772,104887,115
climbing,104967,104887,104967,80
rising,105034,104967,105034,67
climbing,105133,105034,105133,99
walking,105178,105133,105178,45
sniffing,105205,105178,105205,27
grooming,105453,105205,105453,248
sniffing,105560,105453,105560,107
pausing,105721,105560,105721,161
sniffing,105841,105721,105841,120
grooming,105842,105841,105842,1
rearing,105843,105842,105843,1
climbing,105995,105843,105995,152
rearing,106021,105995,106021,26
sniffing,106081,106021,106081,60
trotting,106136,106081,106136,55
sniffing,106198,106136,106198,62
walking,106253,106198,106253,55
sniffing,106325,106253,106325,72
rising,106425,106325,106425,100
stepping,106512,106425,106512,87
rising,106513,106512,106513,1
left_turning,106570,106513,106570,57
walking,106575,106570,106575,5
rising,106615,106575,106615,40
sniffing,106649,106615,106649,34
rising,106674,106649,106674,25
hunching,106711,106674,106711,37
rising,106712,106711,106712,1
right_turning,106713,106712,106713,1
rearing,106729,106713,106729,16
rising,106769,106729,106769,40
climbing,106795,106769,106795,26
walking,106821,106795,106821,26
sniffing,106822,106821,106822,1
rearing,106823,106822,106823,1
sniffing,106828,106823,106828,5
rising,106833,106828,106833,5
climbing,106895,106833,106895,62
rising,106904,106895,106904,9
climbing,107053,106904,107053,149
sniffing,107202,107053,107202,149
walking,107283,107202,107283,81
rising,107284,107283,107284,1
sniffing,107338,107284,107338,54
pausing,107612,107338,107612,274
sniffing,107708,107612,107708,96
walking,107767,107708,107767,59
climbing,107768,107767,107768,1
sniffing,107873,107768,107873,105
walking,107918,107873,107918,45
rearing,107975,107918,107975,57
sniffing,108000,107975,108000,25
