revised_movement_label,segBoundary,segBoundary_start,segBoundary_end,length
sniffing,129,0,129,129
rising,176,129,176,47
climbing,247,176,247,71
left_turning,296,247,296,49
walking,306,296,306,10
sniffing,316,306,316,10
hunching,328,316,328,12
right_turning,341,328,341,13
sniffing,397,341,397,56
hunching,413,397,413,16
sniffing,623,413,623,210
trotting,655,623,655,32
walking,656,655,656,1
sniffing,735,656,735,79
climbing,783,735,783,48
rising,808,783,808,25
climbing,832,808,832,24
walking,932,832,932,100
trotting,977,932,977,45
walking,991,977,991,14
trotting,1008,991,1008,17
walking,1081,1008,1081,73
sniffing,1099,1081,1099,18
pausing,1527,1099,1527,428
sniffing,1590,1527,1590,63
climbing,1724,1590,1724,134
rising,1798,1724,1798,74
climbing,1804,1798,1804,6
sniffing,1905,1804,1905,101
walking,1957,1905,1957,52
sniffing,2018,1957,2018,61
walking,2040,2018,2040,22
left_turning,2092,2040,2092,52
trotting,2149,2092,2149,57
right_turning,2151,2149,2151,2
rising,2218,2151,2218,67
climbing,2384,2218,2384,166
sniffing,2412,2384,2412,28
walking,2487,2412,2487,75
stepping,2555,2487,2555,68
climbing,2556,2555,2556,1
trotting,2590,2556,2590,34
sniffing,2591,2590,2591,1
left_turning,2661,2591,2661,70
sniffing,2789,2661,2789,128
climbing,2830,2789,2830,41
trotting,2879,2830,2879,49
rising,2880,2879,2880,1
climbing,2940,2880,2940,60
grooming,2985,2940,2985,45
sniffing,3051,2985,3051,66
rising,3052,3051,3052,1
sniffing,3155,3052,3155,103
climbing,3213,3155,3213,58
sniffing,3267,3213,3267,54
trotting,3299,3267,3299,32
sniffing,3300,3299,3300,1
right_turning,3375,3300,3375,75
walking,3483,3375,3483,108
stepping,3526,3483,3526,43
climbing,3610,3526,3610,84
walking,3665,3610,3665,55
sniffing,3714,3665,3714,49
trotting,3772,3714,3772,58
climbing,3852,3772,3852,80
sniffing,3856,3852,3856,4
climbing,3893,3856,3893,37
sniffing,3905,3893,3905,12
walking,3906,3905,3906,1
sniffing,3986,3906,3986,80
walking,4045,3986,4045,59
sniffing,4055,4045,4055,10
climbing,4136,4055,4136,81
walking,4138,4136,4138,2
rising,4150,4138,4150,12
climbing,4204,4150,4204,54
rearing,4280,4204,4280,76
climbing,4325,4280,4325,45
rising,4363,4325,4363,38
climbing,4455,4363,4455,92
left_turning,4480,4455,4480,25
sniffing,4507,4480,4507,27
rearing,4590,4507,4590,83
grooming,4591,4590,4591,1
walking,4597,4591,4597,6
left_turning,4598,4597,4598,1
sniffing,4603,4598,4603,5
rearing,4686,4603,4686,83
walking,4687,4686,4687,1
trotting,4738,4687,4738,51
stepping,4763,4738,4763,25
walking,4767,4763,4767,4
climbing,4792,4767,4792,25
sniffing,4838,4792,4838,46
climbing,4849,4838,4849,11
walking,4856,4849,4856,7
climbing,4906,4856,4906,50
sniffing,5024,4906,5024,118
walking,5044,5024,5044,20
sniffing,5048,5044,5048,4
hunching,5059,5048,5059,11
sniffing,5119,5059,5119,60
walking,5120,5119,5120,1
right_turning,5126,5120,5126,6
walking,5185,5126,5185,59
left_turning,5221,5185,5221,36
running,5264,5221,5264,43
left_turning,5265,5264,5265,1
sniffing,5272,5265,5272,7
right_turning,5292,5272,5292,20
climbing,5337,5292,5337,45
right_turning,5338,5337,5338,1
trotting,5361,5338,5361,23
walking,5363,5361,5363,2
rising,5388,5363,5388,25
stepping,5431,5388,5431,43
climbing,5468,5431,5468,37
running,5497,5468,5497,29
sniffing,5537,5497,5537,40
rising,5632,5537,5632,95
climbing,5680,5632,5680,48
walking,5696,5680,5696,16
sniffing,5698,5696,5698,2
rising,5782,5698,5782,84
sniffing,5860,5782,5860,78
walking,5912,5860,5912,52
rising,5991,5912,5991,79
climbing,5998,5991,5998,7
sniffing,5999,5998,5999,1
climbing,6048,5999,6048,49
sniffing,6082,6048,6082,34
climbing,6113,6082,6113,31
sniffing,6160,6113,6160,47
rising,6192,6160,6192,32
sniffing,6272,6192,6272,80
right_turning,6320,6272,6320,48
trotting,6350,6320,6350,30
walking,6351,6350,6351,1
right_turning,6353,6351,6353,2
walking,6354,6353,6354,1
sniffing,6444,6354,6444,90
stepping,6516,6444,6516,72
sniffing,6517,6516,6517,1
grooming,6518,6517,6518,1
left_turning,6520,6518,6520,2
sniffing,6640,6520,6640,120
right_turning,6667,6640,6667,27
sniffing,6684,6667,6684,17
rising,6711,6684,6711,27
climbing,6735,6711,6735,24
trotting,6755,6735,6755,20
sniffing,6873,6755,6873,118
climbing,6899,6873,6899,26
rearing,6909,6899,6909,10
sniffing,7086,6909,7086,177
rising,7087,7086,7087,1
climbing,7136,7087,7136,49
sniffing,7137,7136,7137,1
right_turning,7171,7137,7171,34
walking,7263,7171,7263,92
running,7314,7263,7314,51
walking,7408,7314,7408,94
sniffing,7409,7408,7409,1
right_turning,7436,7409,7436,27
left_turning,7437,7436,7437,1
trotting,7474,7437,7474,37
left_turning,7525,7474,7525,51
walking,7584,7525,7584,59
sniffing,7624,7584,7624,40
right_turning,7661,7624,7661,37
trotting,7705,7661,7705,44
running,7739,7705,7739,34
walking,7850,7739,7850,111
sniffing,7977,7850,7977,127
trotting,8020,7977,8020,43
sniffing,8144,8020,8144,124
walking,8164,8144,8164,20
rising,8170,8164,8170,6
rearing,8171,8170,8171,1
climbing,8240,8171,8240,69
right_turning,8249,8240,8249,9
rising,8278,8249,8278,29
right_turning,8280,8278,8280,2
trotting,8327,8280,8327,47
sniffing,8328,8327,8328,1
rising,8363,8328,8363,35
climbing,8455,8363,8455,92
sniffing,8456,8455,8456,1
left_turning,8483,8456,8483,27
stepping,8501,8483,8501,18
walking,8584,8501,8584,83
sniffing,8617,8584,8617,33
trotting,8667,8617,8667,50
walking,8680,8667,8680,13
climbing,8692,8680,8692,12
rising,8712,8692,8712,20
climbing,8717,8712,8717,5
rising,8748,8717,8748,31
walking,8786,8748,8786,38
climbing,8808,8786,8808,22
left_turning,8866,8808,8866,58
sniffing,8969,8866,8969,103
left_turning,8993,8969,8993,24
sniffing,9034,8993,9034,41
walking,9082,9034,9082,48
left_turning,9115,9082,9115,33
sniffing,9152,9115,9152,37
rising,9155,9152,9155,3
right_turning,9197,9155,9197,42
rising,9239,9197,9239,42
left_turning,9256,9239,9256,17
walking,9343,9256,9343,87
sniffing,9403,9343,9403,60
running,9416,9403,9416,13
stepping,9429,9416,9429,13
right_turning,9450,9429,9450,21
walking,9451,9450,9451,1
sniffing,9549,9451,9549,98
left_turning,9562,9549,9562,13
sniffing,9563,9562,9563,1
right_turning,9628,9563,9628,65
trotting,9692,9628,9692,64
sniffing,9746,9692,9746,54
walking,9856,9746,9856,110
running,9874,9856,9874,18
left_turning,9898,9874,9898,24
walking,9976,9898,9976,78
sniffing,10007,9976,10007,31
rising,10046,10007,10046,39
sniffing,10150,10046,10150,104
rising,10193,10150,10193,43
sniffing,10215,10193,10215,22
walking,10246,10215,10246,31
right_turning,10276,10246,10276,30
walking,10277,10276,10277,1
trotting,10322,10277,10322,45
walking,10354,10322,10354,32
rising,10359,10354,10359,5
climbing,10376,10359,10376,17
rising,10428,10376,10428,52
sniffing,10505,10428,10505,77
trotting,10521,10505,10521,16
stepping,10548,10521,10548,27
rising,10564,10548,10564,16
climbing,10649,10564,10649,85
rising,10712,10649,10712,63
stepping,10718,10712,10718,6
walking,10784,10718,10784,66
sniffing,10861,10784,10861,77
walking,10876,10861,10876,15
right_turning,10909,10876,10909,33
stepping,10910,10909,10910,1
sniffing,11018,10910,11018,108
walking,11099,11018,11099,81
sniffing,11171,11099,11171,72
walking,11208,11171,11208,37
trotting,11234,11208,11234,26
sniffing,11347,11234,11347,113
rising,11395,11347,11395,48
trotting,11431,11395,11431,36
running,11450,11431,11450,19
left_turning,11458,11450,11458,8
sniffing,11529,11458,11529,71
hunching,11532,11529,11532,3
sniffing,11573,11532,11573,41
trotting,11613,11573,11613,40
walking,11642,11613,11642,29
sniffing,11702,11642,11702,60
right_turning,11703,11702,11703,1
stepping,11738,11703,11738,35
rising,11740,11738,11740,2
sniffing,11741,11740,11741,1
climbing,11830,11741,11830,89
rising,11893,11830,11893,63
sniffing,11997,11893,11997,104
trotting,12043,11997,12043,46
climbing,12117,12043,12117,74
sniffing,12197,12117,12197,80
rising,12258,12197,12258,61
left_turning,12339,12258,12339,81
sniffing,12348,12339,12348,9
climbing,12439,12348,12439,91
rising,12452,12439,12452,13
sniffing,12489,12452,12489,37
walking,12538,12489,12538,49
rising,12565,12538,12565,27
hunching,12596,12565,12596,31
sniffing,12696,12596,12696,100
climbing,12736,12696,12736,40
rising,12790,12736,12790,54
sniffing,12955,12790,12955,165
rising,12956,12955,12956,1
sniffing,13025,12956,13025,69
walking,13120,13025,13120,95
sniffing,13124,13120,13124,4
left_turning,13136,13124,13136,12
trotting,13203,13136,13203,67
rising,13238,13203,13238,35
sniffing,13382,13238,13382,144
walking,13419,13382,13419,37
rising,13477,13419,13477,58
climbing,13478,13477,13478,1
walking,13569,13478,13569,91
right_turning,13594,13569,13594,25
running,13615,13594,13615,21
stepping,13679,13615,13679,64
trotting,13680,13679,13680,1
sniffing,13681,13680,13681,1
walking,13690,13681,13690,9
stepping,13712,13690,13712,22
rising,13729,13712,13729,17
climbing,13769,13729,13769,40
right_turning,13822,13769,13822,53
walking,13838,13822,13838,16
rising,13881,13838,13881,43
climbing,13907,13881,13907,26
sniffing,13908,13907,13908,1
walking,14027,13908,14027,119
sniffing,14087,14027,14087,60
climbing,14150,14087,14150,63
sniffing,14231,14150,14231,81
climbing,14249,14231,14249,18
walking,14335,14249,14335,86
sniffing,14816,14335,14816,481
rising,14880,14816,14880,64
left_turning,14928,14880,14928,48
walking,14929,14928,14929,1
rising,14953,14929,14953,24
right_turning,14985,14953,14985,32
climbing,15159,14985,15159,174
sniffing,15177,15159,15177,18
rising,15178,15177,15178,1
sniffing,15220,15178,15220,42
right_turning,15239,15220,15239,19
sniffing,15240,15239,15240,1
left_turning,15264,15240,15264,24
trotting,15267,15264,15267,3
sniffing,15367,15267,15367,100
stepping,15422,15367,15422,55
running,15478,15422,15478,56
rising,15529,15478,15529,51
climbing,15573,15529,15573,44
walking,15587,15573,15587,14
sniffing,15630,15587,15630,43
rearing,15671,15630,15671,41
walking,15684,15671,15684,13
sniffing,15736,15684,15736,52
climbing,15849,15736,15849,113
sniffing,15904,15849,15904,55
rising,15921,15904,15921,17
sniffing,15994,15921,15994,73
stepping,16051,15994,16051,57
right_turning,16072,16051,16072,21
sniffing,16180,16072,16180,108
walking,16205,16180,16205,25
climbing,16262,16205,16262,57
rising,16283,16262,16283,21
sniffing,16456,16283,16456,173
left_turning,16484,16456,16484,28
trotting,16506,16484,16506,22
walking,16558,16506,16558,52
climbing,16650,16558,16650,92
sniffing,16771,16650,16771,121
rising,16804,16771,16804,33
left_turning,16825,16804,16825,21
sniffing,16928,16825,16928,103
walking,16953,16928,16953,25
rising,16960,16953,16960,7
sniffing,17087,16960,17087,127
stepping,17124,17087,17124,37
sniffing,17125,17124,17125,1
left_turning,17206,17125,17206,81
sniffing,17274,17206,17274,68
climbing,17280,17274,17280,6
rising,17316,17280,17316,36
sniffing,17371,17316,17371,55
climbing,17475,17371,17475,104
rearing,17476,17475,17476,1
climbing,17481,17476,17481,5
rising,17541,17481,17541,60
sniffing,17568,17541,17568,27
walking,17619,17568,17619,51
sniffing,17745,17619,17745,126
rising,17767,17745,17767,22
climbing,17868,17767,17868,101
rising,17883,17868,17883,15
hunching,17909,17883,17909,26
rising,17983,17909,17983,74
sniffing,18108,17983,18108,125
rising,18125,18108,18125,17
walking,18147,18125,18147,22
rising,18200,18147,18200,53
sniffing,18212,18200,18212,12
climbing,18307,18212,18307,95
sniffing,18308,18307,18308,1
walking,18334,18308,18334,26
left_turning,18358,18334,18358,24
trotting,18369,18358,18369,11
sniffing,18494,18369,18494,125
rearing,18497,18494,18497,3
rising,18498,18497,18498,1
rearing,18522,18498,18522,24
sniffing,18527,18522,18527,5
rising,18547,18527,18547,20
climbing,18563,18547,18563,16
walking,18598,18563,18598,35
climbing,18691,18598,18691,93
stepping,18740,18691,18740,49
walking,18763,18740,18763,23
climbing,18793,18763,18793,30
grooming,18896,18793,18896,103
left_turning,18947,18896,18947,51
sniffing,19015,18947,19015,68
stepping,19029,19015,19029,14
sniffing,19030,19029,19030,1
grooming,19164,19030,19164,134
pausing,19435,19164,19435,271
sniffing,19509,19435,19509,74
left_turning,19522,19509,19522,13
sniffing,19523,19522,19523,1
grooming,19573,19523,19573,50
climbing,19687,19573,19687,114
left_turning,19695,19687,19695,8
sniffing,19720,19695,19720,25
rising,19748,19720,19748,28
grooming,19966,19748,19966,218
climbing,20018,19966,20018,52
sniffing,20064,20018,20064,46
left_turning,20104,20064,20104,40
running,20123,20104,20123,19
left_turning,20215,20123,20215,92
walking,20241,20215,20241,26
sniffing,20255,20241,20255,14
left_turning,20288,20255,20288,33
stepping,20332,20288,20332,44
climbing,20373,20332,20373,41
walking,20439,20373,20439,66
sniffing,20538,20439,20538,99
climbing,20539,20538,20539,1
trotting,20544,20539,20544,5
sniffing,20584,20544,20584,40
right_turning,20650,20584,20650,66
walking,20692,20650,20692,42
sniffing,20734,20692,20734,42
right_turning,20735,20734,20735,1
walking,20741,20735,20741,6
trotting,20769,20741,20769,28
walking,20793,20769,20793,24
right_turning,20849,20793,20849,56
walking,20920,20849,20920,71
sniffing,20941,20920,20941,21
rising,20992,20941,20992,51
walking,20993,20992,20993,1
rising,21062,20993,21062,69
sniffing,21103,21062,21103,41
right_turning,21104,21103,21104,1
walking,21158,21104,21158,54
jumping,21200,21158,21200,42
sniffing,21262,21200,21262,62
climbing,21316,21262,21316,54
sniffing,21374,21316,21374,58
stepping,21406,21374,21406,32
hunching,21440,21406,21440,34
walking,21481,21440,21481,41
rising,21549,21481,21549,68
sniffing,21688,21549,21688,139
left_turning,21730,21688,21730,42
sniffing,21751,21730,21751,21
right_turning,21799,21751,21799,48
trotting,21839,21799,21839,40
rising,21866,21839,21866,27
rearing,21935,21866,21935,69
sniffing,22025,21935,22025,90
walking,22063,22025,22063,38
sniffing,22096,22063,22096,33
walking,22097,22096,22097,1
stepping,22152,22097,22152,55
sniffing,22153,22152,22153,1
rising,22236,22153,22236,83
hunching,22288,22236,22288,52
right_turning,22353,22288,22353,65
trotting,22397,22353,22397,44
walking,22410,22397,22410,13
sniffing,22427,22410,22427,17
hunching,22465,22427,22465,38
right_turning,22466,22465,22466,1
sniffing,22505,22466,22505,39
right_turning,22506,22505,22506,1
walking,22523,22506,22523,17
left_turning,22547,22523,22547,24
sniffing,22548,22547,22548,1
walking,22616,22548,22616,68
left_turning,22632,22616,22632,16
trotting,22644,22632,22644,12
climbing,22736,22644,22736,92
rising,22764,22736,22764,28
sniffing,22765,22764,22765,1
walking,22818,22765,22818,53
sniffing,22939,22818,22939,121
climbing,22970,22939,22970,31
walking,22974,22970,22974,4
rearing,22977,22974,22977,3
rising,23002,22977,23002,25
climbing,23003,23002,23003,1
rearing,23004,23003,23004,1
grooming,23005,23004,23005,1
hunching,23006,23005,23006,1
walking,23056,23006,23056,50
trotting,23104,23056,23104,48
sniffing,23186,23104,23186,82
rising,23217,23186,23217,31
climbing,23324,23217,23324,107
rearing,23351,23324,23351,27
grooming,23352,23351,23352,1
left_turning,23372,23352,23372,20
stepping,23405,23372,23405,33
sniffing,23519,23405,23519,114
rising,23557,23519,23557,38
climbing,23619,23557,23619,62
rising,23640,23619,23640,21
sniffing,23760,23640,23760,120
climbing,23814,23760,23814,54
sniffing,23885,23814,23885,71
rising,24047,23885,24047,162
climbing,24081,24047,24081,34
sniffing,24085,24081,24085,4
right_turning,24117,24085,24117,32
trotting,24173,24117,24173,56
sniffing,24346,24173,24346,173
pausing,24655,24346,24655,309
sniffing,24697,24655,24697,42
walking,24750,24697,24750,53
sniffing,24915,24750,24915,165
walking,25025,24915,25025,110
sniffing,25027,25025,25027,2
climbing,25106,25027,25106,79
sniffing,25129,25106,25129,23
hunching,25143,25129,25143,14
climbing,25233,25143,25233,90
left_turning,25293,25233,25293,60
walking,25328,25293,25328,35
sniffing,25329,25328,25329,1
left_turning,25334,25329,25334,5
sniffing,25395,25334,25395,61
left_turning,25418,25395,25418,23
walking,25445,25418,25445,27
rising,25449,25445,25449,4
climbing,25502,25449,25502,53
trotting,25529,25502,25529,27
sniffing,25583,25529,25583,54
pausing,26010,25583,26010,427
sniffing,26056,26010,26056,46
left_turning,26059,26056,26059,3
sniffing,26113,26059,26113,54
rearing,26115,26113,26115,2
walking,26153,26115,26153,38
rising,26157,26153,26157,4
sniffing,26174,26157,26174,17
rising,26213,26174,26213,39
right_turning,26214,26213,26214,1
walking,26248,26214,26248,34
sniffing,26278,26248,26278,30
pausing,26492,26278,26492,214
sniffing,26514,26492,26514,22
rising,26532,26514,26532,18
rearing,26534,26532,26534,2
hunching,26576,26534,26576,42
climbing,26645,26576,26645,69
sniffing,26649,26645,26649,4
rising,26677,26649,26677,28
rearing,26766,26677,26766,89
climbing,26781,26766,26781,15
right_turning,26814,26781,26814,33
sniffing,26815,26814,26815,1
hunching,26869,26815,26869,54
sniffing,26955,26869,26955,86
walking,27007,26955,27007,52
jumping,27057,27007,27057,50
sniffing,27111,27057,27111,54
rising,27139,27111,27139,28
trotting,27164,27139,27164,25
stepping,27199,27164,27199,35
rising,27244,27199,27244,45
sniffing,27365,27244,27365,121
climbing,27429,27365,27429,64
rising,27444,27429,27444,15
sniffing,27499,27444,27499,55
rising,27572,27499,27572,73
climbing,27673,27572,27673,101
walking,27686,27673,27686,13
rising,27715,27686,27715,29
walking,27783,27715,27783,68
hunching,27804,27783,27804,21
climbing,27808,27804,27808,4
rising,27818,27808,27818,10
climbing,27893,27818,27893,75
left_turning,27944,27893,27944,51
walking,27945,27944,27945,1
stepping,27951,27945,27951,6
climbing,28006,27951,28006,55
rising,28031,28006,28031,25
sniffing,28089,28031,28089,58
left_turning,28101,28089,28101,12
stepping,28117,28101,28117,16
rising,28153,28117,28153,36
stepping,28193,28153,28193,40
walking,28304,28193,28304,111
trotting,28313,28304,28313,9
sniffing,28352,28313,28352,39
rising,28419,28352,28419,67
climbing,28423,28419,28423,4
trotting,28441,28423,28441,18
sniffing,28530,28441,28530,89
walking,28582,28530,28582,52
climbing,28666,28582,28666,84
sniffing,28667,28666,28667,1
walking,28668,28667,28668,1
sniffing,28669,28668,28669,1
left_turning,28717,28669,28717,48
sniffing,28842,28717,28842,125
trotting,28874,28842,28874,32
sniffing,28950,28874,28950,76
rising,28999,28950,28999,49
hunching,29000,28999,29000,1
right_turning,29059,29000,29059,59
sniffing,29180,29059,29180,121
rising,29215,29180,29215,35
climbing,29277,29215,29277,62
rising,29314,29277,29314,37
climbing,29390,29314,29390,76
rising,29393,29390,29393,3
sniffing,29457,29393,29457,64
walking,29475,29457,29475,18
stepping,29516,29475,29516,41
sniffing,29554,29516,29554,38
climbing,29591,29554,29591,37
rearing,29690,29591,29690,99
walking,29693,29690,29693,3
sniffing,29796,29693,29796,103
left_turning,29800,29796,29800,4
climbing,29816,29800,29816,16
rising,29851,29816,29851,35
climbing,29914,29851,29914,63
rising,29963,29914,29963,49
left_turning,29976,29963,29976,13
stepping,30052,29976,30052,76
walking,30135,30052,30135,83
sniffing,30183,30135,30183,48
right_turning,30230,30183,30230,47
walking,30231,30230,30231,1
right_turning,30287,30231,30287,56
stepping,30304,30287,30304,17
walking,30320,30304,30320,16
trotting,30332,30320,30332,12
walking,30358,30332,30358,26
sniffing,30379,30358,30379,21
climbing,30422,30379,30422,43
rearing,30487,30422,30487,65
rising,30488,30487,30488,1
grooming,30489,30488,30489,1
rising,30527,30489,30527,38
climbing,30603,30527,30603,76
sniffing,30632,30603,30632,29
left_turning,30711,30632,30711,79
rising,30712,30711,30712,1
climbing,30749,30712,30749,37
rearing,30750,30749,30750,1
climbing,30844,30750,30844,94
walking,30887,30844,30887,43
sniffing,30937,30887,30937,50
trotting,30964,30937,30964,27
sniffing,31029,30964,31029,65
climbing,31045,31029,31045,16
right_turning,31046,31045,31046,1
walking,31085,31046,31085,39
rising,31157,31085,31157,72
grooming,31409,31157,31409,252
rearing,31418,31409,31418,9
sniffing,31441,31418,31441,23
walking,31442,31441,31442,1
sniffing,31497,31442,31497,55
rising,31528,31497,31528,31
sniffing,31612,31528,31612,84
right_turning,31663,31612,31663,51
sniffing,31664,31663,31664,1
climbing,31768,31664,31768,104
sniffing,31830,31768,31830,62
rearing,31910,31830,31910,80
right_turning,31945,31910,31945,35
walking,32026,31945,32026,81
sniffing,32092,32026,32092,66
walking,32174,32092,32174,82
stepping,32226,32174,32226,52
rearing,32286,32226,32286,60
grooming,32401,32286,32401,115
sniffing,32475,32401,32475,74
trotting,32509,32475,32509,34
sniffing,32564,32509,32564,55
left_turning,32592,32564,32592,28
sniffing,32660,32592,32660,68
walking,32691,32660,32691,31
climbing,32755,32691,32755,64
trotting,32775,32755,32775,20
sniffing,32834,32775,32834,59
right_turning,32835,32834,32835,1
trotting,32861,32835,32861,26
running,32875,32861,32875,14
walking,32876,32875,32876,1
climbing,32899,32876,32899,23
right_turning,32943,32899,32943,44
left_turning,33015,32943,33015,72
walking,33031,33015,33031,16
sniffing,33125,33031,33125,94
rising,33162,33125,33162,37
climbing,33182,33162,33182,20
sniffing,33283,33182,33283,101
climbing,33389,33283,33389,106
hunching,33392,33389,33392,3
sniffing,33393,33392,33393,1
hunching,33433,33393,33433,40
sniffing,33445,33433,33445,12
walking,33457,33445,33457,12
sniffing,33551,33457,33551,94
rising,33559,33551,33559,8
climbing,33584,33559,33584,25
sniffing,33680,33584,33680,96
climbing,33744,33680,33744,64
sniffing,33780,33744,33780,36
rising,33786,33780,33786,6
sniffing,33933,33786,33933,147
left_turning,33949,33933,33949,16
trotting,33985,33949,33985,36
walking,34067,33985,34067,82
climbing,34102,34067,34102,35
sniffing,34202,34102,34202,100
trotting,34211,34202,34211,9
sniffing,34212,34211,34212,1
left_turning,34260,34212,34260,48
walking,34325,34260,34325,65
rising,34329,34325,34329,4
climbing,34360,34329,34360,31
rising,34393,34360,34393,33
walking,34413,34393,34413,20
left_turning,34430,34413,34430,17
stepping,34514,34430,34514,84
rising,34538,34514,34538,24
rearing,34539,34538,34539,1
climbing,34648,34539,34648,109
right_turning,34651,34648,34651,3
walking,34683,34651,34683,32
rising,34684,34683,34684,1
climbing,34730,34684,34730,46
sniffing,34861,34730,34861,131
rising,34894,34861,34894,33
sniffing,34895,34894,34895,1
climbing,35042,34895,35042,147
rearing,35125,35042,35125,83
hunching,35163,35125,35163,38
sniffing,35164,35163,35164,1
rising,35188,35164,35188,24
rearing,35234,35188,35234,46
climbing,35314,35234,35314,80
rising,35380,35314,35380,66
hunching,35502,35380,35502,122
walking,35517,35502,35517,15
stepping,35572,35517,35572,55
sniffing,35593,35572,35593,21
walking,35620,35593,35620,27
sniffing,35621,35620,35621,1
walking,35642,35621,35642,21
left_turning,35710,35642,35710,68
rising,35726,35710,35726,16
walking,35746,35726,35746,20
left_turning,35787,35746,35787,41
sniffing,35826,35787,35826,39
walking,35888,35826,35888,62
rising,35889,35888,35889,1
climbing,35953,35889,35953,64
left_turning,36011,35953,36011,58
walking,36017,36011,36017,6
climbing,36075,36017,36075,58
right_turning,36086,36075,36086,11
sniffing,36157,36086,36157,71
rearing,36237,36157,36237,80
sniffing,36313,36237,36313,76
trotting,36323,36313,36323,10
walking,36355,36323,36355,32
rising,36397,36355,36397,42
sniffing,36398,36397,36398,1
right_turning,36408,36398,36408,10
sniffing,36495,36408,36495,87
rising,36543,36495,36543,48
sniffing,36597,36543,36597,54
left_turning,36609,36597,36609,12
sniffing,36631,36609,36631,22
jumping,36747,36631,36747,116
rising,36748,36747,36748,1
left_turning,36791,36748,36791,43
trotting,36831,36791,36831,40
stepping,36842,36831,36842,11
sniffing,36939,36842,36939,97
rising,36940,36939,36940,1
walking,36968,36940,36968,28
sniffing,37023,36968,37023,55
hunching,37036,37023,37036,13
rising,37071,37036,37071,35
sniffing,37112,37071,37112,41
walking,37162,37112,37162,50
sniffing,37287,37162,37287,125
walking,37320,37287,37320,33
sniffing,37362,37320,37362,42
walking,37364,37362,37364,2
rising,37408,37364,37408,44
walking,37473,37408,37473,65
left_turning,37546,37473,37546,73
trotting,37605,37546,37605,59
walking,37699,37605,37699,94
right_turning,37721,37699,37721,22
trotting,37722,37721,37722,1
stepping,37774,37722,37774,52
left_turning,37804,37774,37804,30
sniffing,37919,37804,37919,115
walking,37957,37919,37957,38
rising,38001,37957,38001,44
sniffing,38072,38001,38072,71
walking,38171,38072,38171,99
sniffing,38192,38171,38192,21
climbing,38255,38192,38255,63
rearing,38363,38255,38363,108
jumping,38516,38363,38516,153
running,38530,38516,38530,14
walking,38531,38530,38531,1
sniffing,38532,38531,38532,1
rearing,38608,38532,38608,76
climbing,38676,38608,38676,68
trotting,38677,38676,38677,1
walking,38717,38677,38717,40
rising,38718,38717,38718,1
climbing,38740,38718,38740,22
walking,38798,38740,38798,58
climbing,38860,38798,38860,62
hunching,38950,38860,38950,90
grooming,39032,38950,39032,82
sniffing,39107,39032,39107,75
rising,39196,39107,39196,89
sniffing,39233,39196,39233,37
walking,39288,39233,39288,55
sniffing,39328,39288,39328,40
grooming,39329,39328,39329,1
walking,39381,39329,39381,52
sniffing,39419,39381,39419,38
grooming,39553,39419,39553,134
hunching,39554,39553,39554,1
climbing,39555,39554,39555,1
walking,39573,39555,39573,18
climbing,39578,39573,39578,5
rearing,39614,39578,39614,36
left_turning,39657,39614,39657,43
walking,39720,39657,39720,63
left_turning,39721,39720,39721,1
walking,39801,39721,39801,80
rising,39830,39801,39830,29
climbing,39922,39830,39922,92
right_turning,39967,39922,39967,45
running,40000,39967,40000,33
sniffing,40087,40000,40087,87
walking,40088,40087,40088,1
right_turning,40103,40088,40103,15
left_turning,40130,40103,40130,27
sniffing,40131,40130,40131,1
climbing,40166,40131,40166,35
rearing,40199,40166,40199,33
rising,40202,40199,40202,3
climbing,40203,40202,40203,1
rearing,40247,40203,40247,44
hunching,40258,40247,40258,11
climbing,40351,40258,40351,93
walking,40408,40351,40408,57
sniffing,40466,40408,40466,58
walking,40508,40466,40508,42
trotting,40549,40508,40549,41
walking,40578,40549,40578,29
sniffing,40580,40578,40580,2
climbing,40582,40580,40582,2
walking,40586,40582,40586,4
right_turning,40587,40586,40587,1
walking,40632,40587,40632,45
climbing,40766,40632,40766,134
rising,40767,40766,40767,1
climbing,40768,40767,40768,1
walking,40832,40768,40832,64
rising,40859,40832,40859,27
trotting,40864,40859,40864,5
left_turning,40902,40864,40902,38
stepping,40910,40902,40910,8
sniffing,40911,40910,40911,1
climbing,40995,40911,40995,84
walking,41014,40995,41014,19
rising,41022,41014,41022,8
climbing,41089,41022,41089,67
trotting,41120,41089,41120,31
walking,41140,41120,41140,20
rising,41172,41140,41172,32
sniffing,41173,41172,41173,1
pausing,41304,41173,41304,131
sniffing,41359,41304,41359,55
rearing,41460,41359,41460,101
rising,41464,41460,41464,4
climbing,41692,41464,41692,228
walking,41755,41692,41755,63
climbing,41799,41755,41799,44
rearing,41884,41799,41884,85
rising,41893,41884,41893,9
sniffing,41991,41893,41991,98
walking,41992,41991,41992,1
sniffing,42046,41992,42046,54
grooming,42119,42046,42119,73
left_turning,42165,42119,42165,46
walking,42177,42165,42177,12
sniffing,42295,42177,42295,118
grooming,42345,42295,42345,50
rearing,42359,42345,42359,14
rising,42471,42359,42471,112
climbing,42532,42471,42532,61
walking,42553,42532,42553,21
sniffing,42638,42553,42638,85
rising,42639,42638,42639,1
climbing,42714,42639,42714,75
sniffing,42738,42714,42738,24
walking,42775,42738,42775,37
sniffing,42776,42775,42776,1
stepping,42777,42776,42777,1
walking,42802,42777,42802,25
hunching,42803,42802,42803,1
rising,42849,42803,42849,46
sniffing,42855,42849,42855,6
climbing,42900,42855,42900,45
hunching,43080,42900,43080,180
rising,43081,43080,43081,1
sniffing,43085,43081,43085,4
climbing,43185,43085,43185,100
hunching,43212,43185,43212,27
climbing,43303,43212,43303,91
grooming,43304,43303,43304,1
sniffing,43327,43304,43327,23
rising,43362,43327,43362,35
walking,43388,43362,43388,26
rising,43465,43388,43465,77
sniffing,43470,43465,43470,5
walking,43499,43470,43499,29
sniffing,43520,43499,43520,21
stepping,43547,43520,43547,27
climbing,43575,43547,43575,28
sniffing,43660,43575,43660,85
walking,43704,43660,43704,44
sniffing,43735,43704,43735,31
walking,43810,43735,43810,75
stepping,43861,43810,43861,51
sniffing,43963,43861,43963,102
trotting,43984,43963,43984,21
left_turning,44015,43984,44015,31
sniffing,44016,44015,44016,1
left_turning,44033,44016,44033,17
sniffing,44150,44033,44150,117
walking,44239,44150,44239,89
sniffing,44240,44239,44240,1
grooming,44264,44240,44264,24
climbing,44300,44264,44300,36
hunching,44322,44300,44322,22
walking,44337,44322,44337,15
rising,44338,44337,44338,1
sniffing,44455,44338,44455,117
hunching,44456,44455,44456,1
climbing,44464,44456,44464,8
walking,44487,44464,44487,23
climbing,44558,44487,44558,71
rising,44584,44558,44584,26
stepping,44602,44584,44602,18
sniffing,44603,44602,44603,1
climbing,44631,44603,44631,28
rising,44632,44631,44632,1
sniffing,44633,44632,44633,1
walking,44721,44633,44721,88
stepping,44754,44721,44754,33
walking,44811,44754,44811,57
rising,44862,44811,44862,51
grooming,44863,44862,44863,1
rising,44903,44863,44903,40
climbing,44967,44903,44967,64
right_turning,45029,44967,45029,62
stepping,45065,45029,45065,36
sniffing,45098,45065,45098,33
right_turning,45141,45098,45141,43
running,45150,45141,45150,9
trotting,45187,45150,45187,37
sniffing,45219,45187,45219,32
hunching,45244,45219,45244,25
sniffing,45300,45244,45300,56
rising,45301,45300,45301,1
climbing,45405,45301,45405,104
right_turning,45422,45405,45422,17
walking,45457,45422,45457,35
rising,45470,45457,45470,13
hunching,45489,45470,45489,19
rising,45550,45489,45550,61
climbing,45551,45550,45551,1
sniffing,45552,45551,45552,1
rising,45581,45552,45581,29
sniffing,45582,45581,45582,1
rising,45643,45582,45643,61
left_turning,45644,45643,45644,1
walking,45650,45644,45650,6
sniffing,45652,45650,45652,2
left_turning,45656,45652,45656,4
walking,45706,45656,45706,50
left_turning,45707,45706,45707,1
sniffing,45757,45707,45757,50
hunching,45827,45757,45827,70
running,45828,45827,45828,1
sniffing,45855,45828,45855,27
climbing,45926,45855,45926,71
stepping,45987,45926,45987,61
sniffing,46079,45987,46079,92
rising,46098,46079,46098,19
climbing,46235,46098,46235,137
walking,46274,46235,46274,39
left_turning,46302,46274,46302,28
walking,46346,46302,46346,44
rising,46354,46346,46354,8
left_turning,46391,46354,46391,37
rising,46408,46391,46408,17
right_turning,46409,46408,46409,1
sniffing,46529,46409,46529,120
left_turning,46530,46529,46530,1
trotting,46566,46530,46566,36
sniffing,46650,46566,46650,84
climbing,46695,46650,46695,45
rising,46788,46695,46788,93
sniffing,46839,46788,46839,51
rising,46881,46839,46881,42
climbing,46948,46881,46948,67
sniffing,47148,46948,47148,200
walking,47225,47148,47225,77
sniffing,47226,47225,47226,1
walking,47333,47226,47333,107
sniffing,47442,47333,47442,109
rising,47498,47442,47498,56
hunching,47562,47498,47562,64
sniffing,47673,47562,47673,111
walking,47710,47673,47710,37
sniffing,47805,47710,47805,95
left_turning,47842,47805,47842,37
trotting,47909,47842,47909,67
walking,47910,47909,47910,1
sniffing,47920,47910,47920,10
hunching,47921,47920,47921,1
trotting,47961,47921,47961,40
walking,47981,47961,47981,20
rearing,48063,47981,48063,82
grooming,48318,48063,48318,255
sniffing,48348,48318,48348,30
stepping,48399,48348,48399,51
rising,48428,48399,48428,29
climbing,48460,48428,48460,32
sniffing,48713,48460,48713,253
stepping,48725,48713,48725,12
running,48747,48725,48747,22
climbing,48778,48747,48778,31
walking,48835,48778,48835,57
sniffing,48920,48835,48920,85
climbing,48977,48920,48977,57
walking,48987,48977,48987,10
sniffing,49016,48987,49016,29
walking,49044,49016,49044,28
sniffing,49093,49044,49093,49
rearing,49094,49093,49094,1
left_turning,49114,49094,49114,20
sniffing,49158,49114,49158,44
stepping,49160,49158,49160,2
hunching,49231,49160,49231,71
rising,49232,49231,49232,1
grooming,49233,49232,49233,1
sniffing,49234,49233,49234,1
left_turning,49245,49234,49245,11
sniffing,49292,49245,49292,47
walking,49299,49292,49299,7
trotting,49308,49299,49308,9
sniffing,49455,49308,49455,147
climbing,49543,49455,49543,88
sniffing,49577,49543,49577,34
walking,49612,49577,49612,35
sniffing,49677,49612,49677,65
right_turning,49678,49677,49678,1
trotting,49697,49678,49697,19
climbing,49712,49697,49712,15
right_turning,49732,49712,49732,20
running,49769,49732,49769,37
climbing,49770,49769,49770,1
rising,49868,49770,49868,98
sniffing,50101,49868,50101,233
walking,50133,50101,50133,32
sniffing,50147,50133,50147,14
right_turning,50217,50147,50217,70
sniffing,50223,50217,50223,6
walking,50325,50223,50325,102
sniffing,50334,50325,50334,9
rearing,50434,50334,50434,100
grooming,50618,50434,50618,184
walking,50623,50618,50623,5
hunching,50664,50623,50664,41
sniffing,50767,50664,50767,103
trotting,50797,50767,50797,30
left_turning,50811,50797,50811,14
running,50815,50811,50815,4
left_turning,50830,50815,50830,15
sniffing,50831,50830,50831,1
grooming,51104,50831,51104,273
rearing,51154,51104,51154,50
climbing,51209,51154,51209,55
right_turning,51210,51209,51210,1
walking,51236,51210,51236,26
climbing,51274,51236,51274,38
walking,51286,51274,51286,12
rearing,51293,51286,51293,7
rising,51314,51293,51314,21
running,51341,51314,51341,27
rising,51355,51341,51355,14
climbing,51386,51355,51386,31
sniffing,51478,51386,51478,92
stepping,51525,51478,51525,47
walking,51580,51525,51580,55
sniffing,51653,51580,51653,73
right_turning,51683,51653,51683,30
trotting,51719,51683,51719,36
running,51760,51719,51760,41
walking,51796,51760,51796,36
left_turning,51805,51796,51805,9
rising,51827,51805,51827,22
rearing,51828,51827,51828,1
rising,51834,51828,51834,6
right_turning,51861,51834,51861,27
trotting,51875,51861,51875,14
sniffing,51876,51875,51876,1
pausing,52010,51876,52010,134
sniffing,52012,52010,52012,2
pausing,52049,52012,52049,37
sniffing,52297,52049,52297,248
rising,52347,52297,52347,50
climbing,52481,52347,52481,134
sniffing,52565,52481,52565,84
walking,52647,52565,52647,82
sniffing,52929,52647,52929,282
walking,53021,52929,53021,92
sniffing,53099,53021,53099,78
left_turning,53169,53099,53169,70
sniffing,53178,53169,53178,9
climbing,53214,53178,53214,36
rearing,53599,53214,53599,385
walking,53664,53599,53664,65
sniffing,53779,53664,53779,115
stepping,53847,53779,53847,68
rearing,53963,53847,53963,116
sniffing,54005,53963,54005,42
rising,54060,54005,54060,55
climbing,54128,54060,54128,68
trotting,54171,54128,54171,43
sniffing,54187,54171,54187,16
running,54212,54187,54212,25
rising,54255,54212,54255,43
left_turning,54260,54255,54260,5
sniffing,54387,54260,54387,127
rising,54402,54387,54402,15
climbing,54511,54402,54511,109
right_turning,54518,54511,54518,7
hunching,54541,54518,54541,23
sniffing,54542,54541,54542,1
walking,54543,54542,54543,1
trotting,54589,54543,54589,46
walking,54630,54589,54630,41
sniffing,54731,54630,54731,101
rearing,54763,54731,54763,32
sniffing,54764,54763,54764,1
walking,54778,54764,54778,14
sniffing,54903,54778,54903,125
climbing,54952,54903,54952,49
rearing,54953,54952,54953,1
walking,54986,54953,54986,33
rising,55022,54986,55022,36
sniffing,55089,55022,55089,67
walking,55139,55089,55139,50
left_turning,55175,55139,55175,36
trotting,55213,55175,55213,38
sniffing,55375,55213,55375,162
climbing,55409,55375,55409,34
rising,55447,55409,55447,38
climbing,55582,55447,55582,135
hunching,55607,55582,55607,25
sniffing,55752,55607,55752,145
walking,55796,55752,55796,44
right_turning,55797,55796,55797,1
walking,55821,55797,55821,24
left_turning,55854,55821,55854,33
rising,55855,55854,55855,1
left_turning,55890,55855,55890,35
sniffing,55968,55890,55968,78
left_turning,55969,55968,55969,1
walking,56056,55969,56056,87
sniffing,56085,56056,56085,29
grooming,56374,56085,56374,289
rearing,56391,56374,56391,17
sniffing,56567,56391,56567,176
running,56605,56567,56605,38
stepping,56642,56605,56642,37
rearing,56645,56642,56645,3
grooming,56646,56645,56646,1
climbing,56715,56646,56715,69
walking,56742,56715,56742,27
left_turning,56856,56742,56856,114
sniffing,56857,56856,56857,1
rising,56868,56857,56868,11
sniffing,56937,56868,56937,69
climbing,57079,56937,57079,142
rising,57121,57079,57121,42
climbing,57197,57121,57197,76
sniffing,57198,57197,57198,1
rearing,57244,57198,57244,46
walking,57288,57244,57288,44
climbing,57320,57288,57320,32
sniffing,57580,57320,57580,260
rearing,57633,57580,57633,53
climbing,57672,57633,57672,39
walking,57723,57672,57723,51
climbing,57724,57723,57724,1
grooming,57733,57724,57733,9
hunching,57787,57733,57787,54
rearing,57855,57787,57855,68
sniffing,57931,57855,57931,76
grooming,58051,57931,58051,120
sniffing,58205,58051,58205,154
jumping,58309,58205,58309,104
trotting,58332,58309,58332,23
stepping,58388,58332,58388,56
sniffing,58481,58388,58481,93
right_turning,58525,58481,58525,44
running,58549,58525,58549,24
trotting,58609,58549,58609,60
rising,58620,58609,58620,11
climbing,58682,58620,58682,62
sniffing,58706,58682,58706,24
walking,58716,58706,58716,10
left_turning,58793,58716,58793,77
sniffing,58902,58793,58902,109
trotting,58924,58902,58924,22
walking,58989,58924,58989,65
sniffing,59167,58989,59167,178
stepping,59209,59167,59209,42
walking,59281,59209,59281,72
stepping,59364,59281,59364,83
sniffing,59517,59364,59517,153
right_turning,59555,59517,59555,38
walking,59574,59555,59574,19
stepping,59631,59574,59631,57
sniffing,59676,59631,59676,45
grooming,59917,59676,59917,241
climbing,59980,59917,59980,63
sniffing,60038,59980,60038,58
climbing,60083,60038,60083,45
left_turning,60084,60083,60084,1
sniffing,60085,60084,60085,1
rising,60086,60085,60086,1
climbing,60214,60086,60214,128
rearing,60237,60214,60237,23
grooming,60680,60237,60680,443
rearing,60721,60680,60721,41
rising,61003,60721,61003,282
rearing,61088,61003,61088,85
sniffing,61089,61088,61089,1
rising,61181,61089,61181,92
right_turning,61223,61181,61223,42
left_turning,61291,61223,61291,68
sniffing,61363,61291,61363,72
walking,61364,61363,61364,1
trotting,61419,61364,61419,55
walking,61433,61419,61433,14
sniffing,61484,61433,61484,51
climbing,61485,61484,61485,1
sniffing,61545,61485,61545,60
climbing,61573,61545,61573,28
rising,61641,61573,61641,68
sniffing,61679,61641,61679,38
left_turning,61824,61679,61824,145
sniffing,61833,61824,61833,9
walking,61881,61833,61881,48
sniffing,61981,61881,61981,100
rising,62014,61981,62014,33
sniffing,62044,62014,62044,30
rising,62045,62044,62045,1
sniffing,62261,62045,62261,216
rising,62262,62261,62262,1
sniffing,62320,62262,62320,58
left_turning,62362,62320,62362,42
walking,62374,62362,62374,12
climbing,62432,62374,62432,58
sniffing,62441,62432,62441,9
walking,62505,62441,62505,64
left_turning,62569,62505,62569,64
walking,62623,62569,62623,54
climbing,62676,62623,62676,53
hunching,62677,62676,62677,1
walking,62679,62677,62679,2
rising,62734,62679,62734,55
sniffing,62768,62734,62768,34
climbing,62794,62768,62794,26
right_turning,62797,62794,62797,3
climbing,62858,62797,62858,61
trotting,62893,62858,62893,35
sniffing,62894,62893,62894,1
rising,62902,62894,62902,8
walking,62944,62902,62944,42
sniffing,63077,62944,63077,133
rearing,63147,63077,63147,70
sniffing,63261,63147,63261,114
rising,63271,63261,63271,10
sniffing,63333,63271,63333,62
climbing,63371,63333,63371,38
sniffing,63426,63371,63426,55
rising,63466,63426,63466,40
sniffing,63616,63466,63616,150
walking,63617,63616,63617,1
left_turning,63657,63617,63657,40
sniffing,63752,63657,63752,95
stepping,63811,63752,63811,59
walking,63828,63811,63828,17
trotting,63834,63828,63834,6
right_turning,63854,63834,63854,20
sniffing,63857,63854,63857,3
walking,63923,63857,63923,66
sniffing,64000,63923,64000,77
trotting,64005,64000,64005,5
rising,64054,64005,64054,49
climbing,64123,64054,64123,69
sniffing,64177,64123,64177,54
walking,64194,64177,64194,17
left_turning,64209,64194,64209,15
sniffing,64210,64209,64210,1
trotting,64230,64210,64230,20
right_turning,64318,64230,64318,88
trotting,64386,64318,64386,68
walking,64537,64386,64537,151
sniffing,64613,64537,64613,76
grooming,64614,64613,64614,1
rearing,64615,64614,64615,1
grooming,64983,64615,64983,368
rearing,65015,64983,65015,32
climbing,65063,65015,65063,48
sniffing,65138,65063,65138,75
rearing,65213,65138,65213,75
climbing,65275,65213,65275,62
hunching,65348,65275,65348,73
right_turning,65361,65348,65361,13
trotting,65377,65361,65377,16
sniffing,65540,65377,65540,163
left_turning,65607,65540,65607,67
trotting,65629,65607,65629,22
running,65656,65629,65656,27
sniffing,65657,65656,65657,1
trotting,65709,65657,65709,52
sniffing,65909,65709,65909,200
hunching,66044,65909,66044,135
sniffing,66093,66044,66093,49
walking,66162,66093,66162,69
rising,66324,66162,66324,162
climbing,66374,66324,66374,50
trotting,66415,66374,66415,41
climbing,66426,66415,66426,11
sniffing,66531,66426,66531,105
rising,66555,66531,66555,24
rearing,66556,66555,66556,1
sniffing,66557,66556,66557,1
rearing,66558,66557,66558,1
stepping,66632,66558,66632,74
sniffing,66777,66632,66777,145
stepping,66780,66777,66780,3
sniffing,66794,66780,66794,14
running,66829,66794,66829,35
walking,66889,66829,66889,60
sniffing,66909,66889,66909,20
walking,66957,66909,66957,48
rising,66967,66957,66967,10
sniffing,67129,66967,67129,162
climbing,67218,67129,67218,89
walking,67259,67218,67259,41
sniffing,67269,67259,67269,10
walking,67309,67269,67309,40
sniffing,67376,67309,67376,67
left_turning,67377,67376,67377,1
trotting,67411,67377,67411,34
stepping,67449,67411,67449,38
rearing,67450,67449,67450,1
trotting,67476,67450,67476,26
walking,67503,67476,67503,27
sniffing,67631,67503,67631,128
left_turning,67660,67631,67660,29
sniffing,67896,67660,67896,236
rising,67938,67896,67938,42
climbing,68036,67938,68036,98
right_turning,68053,68036,68053,17
walking,68116,68053,68116,63
trotting,68146,68116,68146,30
sniffing,68201,68146,68201,55
walking,68221,68201,68221,20
sniffing,68365,68221,68365,144
right_turning,68379,68365,68379,14
climbing,68455,68379,68455,76
running,68486,68455,68486,31
rising,68625,68486,68625,139
sniffing,68680,68625,68680,55
walking,68739,68680,68739,59
sniffing,68740,68739,68740,1
rearing,68924,68740,68924,184
grooming,68925,68924,68925,1
trotting,68964,68925,68964,39
walking,69023,68964,69023,59
left_turning,69026,69023,69026,3
walking,69076,69026,69076,50
sniffing,69149,69076,69149,73
grooming,69408,69149,69408,259
rearing,69504,69408,69504,96
rising,69521,69504,69521,17
sniffing,69604,69521,69604,83
climbing,69720,69604,69720,116
rising,69721,69720,69721,1
walking,69762,69721,69762,41
sniffing,69836,69762,69836,74
right_turning,69860,69836,69860,24
running,69884,69860,69884,24
walking,69951,69884,69951,67
sniffing,69963,69951,69963,12
walking,69977,69963,69977,14
stepping,70038,69977,70038,61
climbing,70210,70038,70210,172
walking,70233,70210,70233,23
rising,70234,70233,70234,1
walking,70269,70234,70269,35
sniffing,70340,70269,70340,71
rising,70364,70340,70364,24
sniffing,70503,70364,70503,139
right_turning,70525,70503,70525,22
stepping,70598,70525,70598,73
running,70631,70598,70631,33
sniffing,70664,70631,70664,33
rising,70697,70664,70697,33
sniffing,70698,70697,70698,1
rising,70699,70698,70699,1
sniffing,70806,70699,70806,107
left_turning,70823,70806,70823,17
walking,70826,70823,70826,3
sniffing,70895,70826,70895,69
left_turning,70942,70895,70942,47
walking,70945,70942,70945,3
right_turning,70968,70945,70968,23
sniffing,71151,70968,71151,183
climbing,71228,71151,71228,77
right_turning,71297,71228,71297,69
walking,71321,71297,71321,24
sniffing,71362,71321,71362,41
rising,71417,71362,71417,55
sniffing,71506,71417,71506,89
climbing,71596,71506,71596,90
sniffing,71788,71596,71788,192
left_turning,71853,71788,71853,65
sniffing,72098,71853,72098,245
right_turning,72139,72098,72139,41
walking,72158,72139,72158,19
trotting,72177,72158,72177,19
stepping,72210,72177,72210,33
sniffing,72222,72210,72222,12
climbing,72256,72222,72256,34
sniffing,72272,72256,72272,16
walking,72334,72272,72334,62
left_turning,72363,72334,72363,29
walking,72390,72363,72390,27
climbing,72391,72390,72391,1
sniffing,72392,72391,72392,1
walking,72433,72392,72433,41
sniffing,72434,72433,72434,1
walking,72510,72434,72510,76
sniffing,72837,72510,72837,327
trotting,72862,72837,72862,25
climbing,72916,72862,72916,54
right_turning,72956,72916,72956,40
trotting,73017,72956,73017,61
rising,73018,73017,73018,1
climbing,73026,73018,73026,8
sniffing,73046,73026,73046,20
walking,73085,73046,73085,39
sniffing,73157,73085,73157,72
stepping,73182,73157,73182,25
sniffing,73243,73182,73243,61
left_turning,73320,73243,73320,77
walking,73339,73320,73339,19
grooming,74003,73339,74003,664
rising,74045,74003,74045,42
climbing,74069,74045,74069,24
walking,74175,74069,74175,106
right_turning,74176,74175,74176,1
trotting,74198,74176,74198,22
sniffing,74280,74198,74280,82
stepping,74319,74280,74319,39
hunching,74408,74319,74408,89
rising,74433,74408,74433,25
climbing,74434,74433,74434,1
sniffing,74486,74434,74486,52
rising,74524,74486,74524,38
sniffing,74550,74524,74550,26
rearing,74676,74550,74676,126
sniffing,74801,74676,74801,125
grooming,74802,74801,74802,1
sniffing,74870,74802,74870,68
rising,74871,74870,74871,1
sniffing,74954,74871,74954,83
rising,74955,74954,74955,1
climbing,75013,74955,75013,58
sniffing,75014,75013,75014,1
hunching,75079,75014,75079,65
climbing,75144,75079,75144,65
sniffing,75189,75144,75189,45
grooming,75655,75189,75655,466
rearing,75740,75655,75740,85
grooming,76014,75740,76014,274
sniffing,76151,76014,76151,137
rising,76207,76151,76207,56
sniffing,76256,76207,76256,49
rising,76283,76256,76283,27
sniffing,76458,76283,76458,175
rising,76526,76458,76526,68
rearing,76543,76526,76543,17
grooming,76802,76543,76802,259
sniffing,76845,76802,76845,43
stepping,76870,76845,76870,25
sniffing,77064,76870,77064,194
stepping,77127,77064,77127,63
rising,77150,77127,77150,23
sniffing,77165,77150,77165,15
walking,77166,77165,77166,1
sniffing,77209,77166,77209,43
left_turning,77299,77209,77299,90
sniffing,77300,77299,77300,1
stepping,77314,77300,77314,14
sniffing,77426,77314,77426,112
left_turning,77439,77426,77439,13
sniffing,77461,77439,77461,22
walking,77532,77461,77532,71
left_turning,77547,77532,77547,15
sniffing,77634,77547,77634,87
walking,77654,77634,77654,20
rising,77704,77654,77704,50
climbing,77717,77704,77717,13
sniffing,77763,77717,77763,46
rearing,77841,77763,77841,78
rising,77847,77841,77847,6
sniffing,77952,77847,77952,105
rising,77966,77952,77966,14
climbing,78019,77966,78019,53
left_turning,78053,78019,78053,34
walking,78101,78053,78101,48
climbing,78184,78101,78184,83
trotting,78198,78184,78198,14
walking,78267,78198,78267,69
sniffing,78271,78267,78271,4
rising,78295,78271,78295,24
walking,78352,78295,78352,57
rising,78414,78352,78414,62
rearing,78455,78414,78455,41
walking,78493,78455,78493,38
stepping,78496,78493,78496,3
sniffing,78497,78496,78497,1
rearing,78518,78497,78518,21
rising,78545,78518,78545,27
climbing,78565,78545,78565,20
hunching,78587,78565,78587,22
climbing,78655,78587,78655,68
right_turning,78669,78655,78669,14
climbing,78754,78669,78754,85
sniffing,78800,78754,78800,46
rising,78816,78800,78816,16
climbing,78904,78816,78904,88
rearing,78967,78904,78967,63
sniffing,79062,78967,79062,95
grooming,79430,79062,79430,368
rearing,79431,79430,79431,1
rising,79444,79431,79444,13
walking,79505,79444,79505,61
sniffing,79631,79505,79631,126
trotting,79696,79631,79696,65
sniffing,79700,79696,79700,4
walking,79720,79700,79720,20
sniffing,79827,79720,79827,107
walking,79851,79827,79851,24
stepping,79854,79851,79854,3
right_turning,79894,79854,79894,40
walking,79950,79894,79950,56
sniffing,80098,79950,80098,148
stepping,80120,80098,80120,22
sniffing,80225,80120,80225,105
rising,80226,80225,80226,1
climbing,80331,80226,80331,105
walking,80398,80331,80398,67
sniffing,80399,80398,80399,1
walking,80523,80399,80523,124
sniffing,80528,80523,80528,5
climbing,80560,80528,80560,32
running,80601,80560,80601,41
sniffing,80745,80601,80745,144
walking,80811,80745,80811,66
sniffing,80922,80811,80922,111
walking,80990,80922,80990,68
trotting,80991,80990,80991,1
left_turning,81031,80991,81031,40
rising,81111,81031,81111,80
sniffing,81189,81111,81189,78
rising,81190,81189,81190,1
grooming,81196,81190,81196,6
rising,81234,81196,81234,38
sniffing,81333,81234,81333,99
climbing,81339,81333,81339,6
sniffing,81366,81339,81366,27
rearing,81432,81366,81432,66
left_turning,81470,81432,81470,38
rearing,81521,81470,81521,51
climbing,81587,81521,81587,66
sniffing,81764,81587,81764,177
rising,81836,81764,81836,72
sniffing,81904,81836,81904,68
walking,81947,81904,81947,43
stepping,81985,81947,81985,38
rearing,81986,81985,81986,1
right_turning,81990,81986,81990,4
running,82046,81990,82046,56
sniffing,82250,82046,82250,204
rising,82251,82250,82251,1
sniffing,82347,82251,82347,96
left_turning,82399,82347,82399,52
sniffing,82510,82399,82510,111
rising,82532,82510,82532,22
rearing,82533,82532,82533,1
sniffing,82577,82533,82577,44
walking,82578,82577,82578,1
sniffing,82710,82578,82710,132
rising,82711,82710,82711,1
sniffing,82752,82711,82752,41
left_turning,82753,82752,82753,1
sniffing,82856,82753,82856,103
grooming,83076,82856,83076,220
hunching,83117,83076,83117,41
grooming,83265,83117,83265,148
sniffing,83370,83265,83370,105
walking,83422,83370,83422,52
stepping,83441,83422,83441,19
hunching,83539,83441,83539,98
walking,83563,83539,83563,24
sniffing,83611,83563,83611,48
climbing,83635,83611,83635,24
sniffing,83720,83635,83720,85
climbing,83767,83720,83767,47
sniffing,83768,83767,83768,1
walking,83774,83768,83774,6
climbing,83820,83774,83820,46
sniffing,84090,83820,84090,270
grooming,84091,84090,84091,1
climbing,84092,84091,84092,1
right_turning,84143,84092,84143,51
sniffing,84238,84143,84238,95
walking,84261,84238,84261,23
trotting,84299,84261,84299,38
left_turning,84340,84299,84340,41
walking,84406,84340,84406,66
sniffing,84407,84406,84407,1
rising,84463,84407,84463,56
climbing,84528,84463,84528,65
rising,84595,84528,84595,67
sniffing,84678,84595,84678,83
walking,84721,84678,84721,43
sniffing,84840,84721,84840,119
rising,84881,84840,84881,41
climbing,84882,84881,84882,1
running,84907,84882,84907,25
trotting,84942,84907,84942,35
sniffing,84972,84942,84972,30
right_turning,85004,84972,85004,32
trotting,85005,85004,85005,1
walking,85006,85005,85006,1
rising,85024,85006,85024,18
sniffing,85032,85024,85032,8
pausing,85614,85032,85614,582
sniffing,85650,85614,85650,36
rising,85651,85650,85651,1
climbing,85770,85651,85770,119
grooming,85771,85770,85771,1
hunching,85810,85771,85810,39
walking,85838,85810,85838,28
left_turning,85858,85838,85858,20
sniffing,86011,85858,86011,153
rising,86025,86011,86025,14
sniffing,86037,86025,86037,12
left_turning,86056,86037,86056,19
sniffing,86167,86056,86167,111
rising,86245,86167,86245,78
hunching,86312,86245,86312,67
climbing,86351,86312,86351,39
rearing,86444,86351,86444,93
hunching,86445,86444,86445,1
trotting,86513,86445,86513,68
stepping,86567,86513,86567,54
sniffing,86568,86567,86568,1
grooming,86569,86568,86569,1
rising,86577,86569,86577,8
hunching,86616,86577,86616,39
walking,86691,86616,86691,75
sniffing,86772,86691,86772,81
rearing,86777,86772,86777,5
sniffing,86778,86777,86778,1
left_turning,86836,86778,86836,58
sniffing,86846,86836,86846,10
hunching,86983,86846,86983,137
sniffing,87055,86983,87055,72
left_turning,87144,87055,87144,89
trotting,87145,87144,87145,1
walking,87212,87145,87212,67
rising,87231,87212,87231,19
right_turning,87236,87231,87236,5
stepping,87282,87236,87282,46
walking,87293,87282,87293,11
stepping,87373,87293,87373,80
left_turning,87400,87373,87400,27
rising,87431,87400,87431,31
left_turning,87457,87431,87457,26
stepping,87502,87457,87502,45
sniffing,87533,87502,87533,31
pausing,87968,87533,87968,435
sniffing,88134,87968,88134,166
left_turning,88194,88134,88194,60
sniffing,88400,88194,88400,206
rising,88413,88400,88413,13
climbing,88635,88413,88635,222
running,88637,88635,88637,2
rising,88638,88637,88638,1
sniffing,88639,88638,88639,1
pausing,88656,88639,88656,17
sniffing,88657,88656,88657,1
right_turning,88658,88657,88658,1
left_turning,88691,88658,88691,33
stepping,88732,88691,88732,41
rearing,88789,88732,88789,57
grooming,88811,88789,88811,22
climbing,88867,88811,88867,56
sniffing,88868,88867,88868,1
left_turning,88936,88868,88936,68
sniffing,88937,88936,88937,1
grooming,89234,88937,89234,297
rearing,89314,89234,89314,80
right_turning,89315,89314,89315,1
trotting,89355,89315,89355,40
sniffing,89356,89355,89356,1
climbing,89378,89356,89378,22
sniffing,89387,89378,89387,9
stepping,89404,89387,89404,17
trotting,89421,89404,89421,17
walking,89481,89421,89481,60
sniffing,89564,89481,89564,83
climbing,89667,89564,89667,103
running,89692,89667,89692,25
trotting,89723,89692,89723,31
stepping,89767,89723,89767,44
rising,89779,89767,89779,12
hunching,89814,89779,89814,35
trotting,89861,89814,89861,47
left_turning,89938,89861,89938,77
walking,89982,89938,89982,44
rising,90055,89982,90055,73
sniffing,90056,90055,90056,1
grooming,90057,90056,90057,1
sniffing,90112,90057,90112,55
right_turning,90134,90112,90134,22
walking,90189,90134,90189,55
sniffing,90281,90189,90281,92
climbing,90323,90281,90323,42
walking,90361,90323,90361,38
rearing,90485,90361,90485,124
sniffing,90667,90485,90667,182
trotting,90670,90667,90670,3
climbing,90724,90670,90724,54
grooming,90872,90724,90872,148
sniffing,90981,90872,90981,109
climbing,91024,90981,91024,43
running,91049,91024,91049,25
right_turning,91054,91049,91054,5
climbing,91114,91054,91114,60
trotting,91136,91114,91136,22
sniffing,91137,91136,91137,1
stepping,91156,91137,91156,19
walking,91178,91156,91178,22
left_turning,91179,91178,91179,1
climbing,91212,91179,91212,33
walking,91234,91212,91234,22
stepping,91284,91234,91284,50
sniffing,91361,91284,91361,77
left_turning,91388,91361,91388,27
walking,91467,91388,91467,79
stepping,91526,91467,91526,59
walking,91565,91526,91565,39
rising,91650,91565,91650,85
climbing,91705,91650,91705,55
rising,91753,91705,91753,48
sniffing,91820,91753,91820,67
running,91850,91820,91850,30
walking,91865,91850,91865,15
left_turning,91891,91865,91891,26
sniffing,91999,91891,91999,108
rising,92090,91999,92090,91
grooming,92321,92090,92321,231
climbing,92411,92321,92411,90
rearing,92424,92411,92424,13
left_turning,92445,92424,92445,21
rising,92501,92445,92501,56
climbing,92660,92501,92660,159
hunching,92707,92660,92707,47
walking,92784,92707,92784,77
rearing,92810,92784,92810,26
sniffing,92877,92810,92877,67
left_turning,92936,92877,92936,59
walking,92986,92936,92986,50
sniffing,93053,92986,93053,67
left_turning,93132,93053,93132,79
walking,93200,93132,93200,68
sniffing,93426,93200,93426,226
rising,93438,93426,93438,12
sniffing,93531,93438,93531,93
rising,93605,93531,93605,74
hunching,93606,93605,93606,1
grooming,93890,93606,93890,284
hunching,93943,93890,93943,53
sniffing,93944,93943,93944,1
left_turning,93980,93944,93980,36
sniffing,94212,93980,94212,232
rearing,94225,94212,94225,13
rising,94247,94225,94247,22
sniffing,94353,94247,94353,106
rising,94388,94353,94388,35
grooming,94476,94388,94476,88
rearing,94489,94476,94489,13
climbing,94536,94489,94536,47
sniffing,94621,94536,94621,85
rising,94622,94621,94622,1
sniffing,94634,94622,94634,12
walking,94684,94634,94684,50
sniffing,94776,94684,94776,92
rising,94800,94776,94800,24
climbing,94913,94800,94913,113
rearing,94924,94913,94924,11
hunching,94996,94924,94996,72
rearing,95021,94996,95021,25
climbing,95080,95021,95080,59
grooming,95081,95080,95081,1
rearing,95212,95081,95212,131
right_turning,95215,95212,95215,3
walking,95219,95215,95219,4
left_turning,95264,95219,95264,45
stepping,95307,95264,95307,43
walking,95389,95307,95389,82
left_turning,95455,95389,95455,66
sniffing,95489,95455,95489,34
hunching,95535,95489,95535,46
rearing,95607,95535,95607,72
running,95655,95607,95655,48
rising,95656,95655,95656,1
climbing,95676,95656,95676,20
right_turning,95685,95676,95685,9
trotting,95726,95685,95726,41
walking,95754,95726,95754,28
left_turning,95794,95754,95794,40
rising,95795,95794,95795,1
climbing,95834,95795,95834,39
right_turning,95914,95834,95914,80
sniffing,96067,95914,96067,153
grooming,96356,96067,96356,289
sniffing,96452,96356,96452,96
stepping,96522,96452,96522,70
sniffing,96600,96522,96600,78
climbing,96665,96600,96665,65
sniffing,96711,96665,96711,46
rising,96712,96711,96712,1
sniffing,96748,96712,96748,36
left_turning,96749,96748,96749,1
sniffing,96776,96749,96776,27
climbing,96853,96776,96853,77
sniffing,96914,96853,96914,61
walking,96975,96914,96975,61
sniffing,96980,96975,96980,5
walking,97003,96980,97003,23
rising,97202,97003,97202,199
grooming,97203,97202,97203,1
hunching,97213,97203,97213,10
grooming,97303,97213,97303,90
rearing,97421,97303,97421,118
hunching,97422,97421,97422,1
rising,97423,97422,97423,1
sniffing,97464,97423,97464,41
rising,97491,97464,97491,27
rearing,97492,97491,97492,1
walking,97554,97492,97554,62
sniffing,97613,97554,97613,59
trotting,97616,97613,97616,3
rising,97664,97616,97664,48
rearing,97688,97664,97688,24
rising,97689,97688,97689,1
sniffing,97690,97689,97690,1
stepping,97751,97690,97751,61
walking,97764,97751,97764,13
rising,97781,97764,97781,17
grooming,97782,97781,97782,1
hunching,97823,97782,97823,41
grooming,98206,97823,98206,383
walking,98282,98206,98282,76
sniffing,98283,98282,98283,1
grooming,98286,98283,98286,3
sniffing,98442,98286,98442,156
grooming,99940,98442,99940,1498
left_turning,99991,99940,99991,51
stepping,100036,99991,100036,45
climbing,100037,100036,100037,1
rising,100080,100037,100080,43
climbing,100251,100080,100251,171
rising,100252,100251,100252,1
climbing,100264,100252,100264,12
grooming,100799,100264,100799,535
climbing,100872,100799,100872,73
stepping,100873,100872,100873,1
right_turning,100874,100873,100874,1
walking,100912,100874,100912,38
rising,101035,100912,101035,123
left_turning,101042,101035,101042,7
sniffing,101096,101042,101096,54
right_turning,101146,101096,101146,50
trotting,101193,101146,101193,47
left_turning,101307,101193,101307,114
walking,101344,101307,101344,37
sniffing,101567,101344,101567,223
rising,101830,101567,101830,263
sniffing,101853,101830,101853,23
rising,101902,101853,101902,49
sniffing,101903,101902,101903,1
left_turning,101913,101903,101913,10
trotting,101918,101913,101918,5
jumping,101919,101918,101919,1
rising,101973,101919,101973,54
sniffing,102072,101973,102072,99
climbing,102162,102072,102162,90
hunching,102176,102162,102176,14
grooming,102230,102176,102230,54
sniffing,102365,102230,102365,135
left_turning,102427,102365,102427,62
stepping,102450,102427,102450,23
sniffing,102451,102450,102451,1
stepping,102515,102451,102515,64
sniffing,102516,102515,102516,1
right_turning,102557,102516,102557,41
trotting,102572,102557,102572,15
sniffing,102704,102572,102704,132
left_turning,102735,102704,102735,31
sniffing,102736,102735,102736,1
walking,102866,102736,102866,130
left_turning,102939,102866,102939,73
walking,102940,102939,102940,1
sniffing,102989,102940,102989,49
pausing,103244,102989,103244,255
sniffing,103285,103244,103285,41
hunching,103286,103285,103286,1
sniffing,103477,103286,103477,191
climbing,103534,103477,103534,57
rising,103628,103534,103628,94
rearing,103743,103628,103743,115
grooming,103774,103743,103774,31
sniffing,103925,103774,103925,151
right_turning,103944,103925,103944,19
trotting,103953,103944,103953,9
walking,103954,103953,103954,1
rising,103955,103954,103955,1
pausing,104075,103955,104075,120
sniffing,104278,104075,104278,203
rising,104384,104278,104384,106
left_turning,104473,104384,104473,89
sniffing,104592,104473,104592,119
trotting,104626,104592,104626,34
sniffing,104713,104626,104713,87
rising,104753,104713,104753,40
sniffing,104943,104753,104943,190
left_turning,104974,104943,104974,31
walking,105036,104974,105036,62
stepping,105134,105036,105134,98
walking,105135,105134,105135,1
sniffing,105262,105135,105262,127
rising,105314,105262,105314,52
left_turning,105351,105314,105351,37
sniffing,105425,105351,105425,74
walking,105480,105425,105480,55
sniffing,105481,105480,105481,1
grooming,105482,105481,105482,1
climbing,105483,105482,105483,1
rearing,105553,105483,105553,70
left_turning,105554,105553,105554,1
rising,105586,105554,105586,32
climbing,105587,105586,105587,1
sniffing,105651,105587,105651,64
stepping,105663,105651,105663,12
sniffing,105706,105663,105706,43
trotting,105726,105706,105726,20
sniffing,105855,105726,105855,129
rising,105903,105855,105903,48
climbing,106074,105903,106074,171
sniffing,106130,106074,106130,56
left_turning,106307,106130,106307,177
sniffing,106308,106307,106308,1
grooming,106359,106308,106359,51
sniffing,106390,106359,106390,31
left_turning,106404,106390,106404,14
walking,106405,106404,106405,1
sniffing,106523,106405,106523,118
walking,106524,106523,106524,1
right_turning,106547,106524,106547,23
rearing,106642,106547,106642,95
sniffing,106680,106642,106680,38
rising,106795,106680,106795,115
hunching,106835,106795,106835,40
climbing,106897,106835,106897,62
grooming,106973,106897,106973,76
rearing,106974,106973,106974,1
grooming,107243,106974,107243,269
rearing,107244,107243,107244,1
climbing,107263,107244,107263,19
walking,107309,107263,107309,46
sniffing,107445,107309,107445,136
left_turning,107460,107445,107460,15
walking,107556,107460,107556,96
rising,107594,107556,107594,38
climbing,107681,107594,107681,87
sniffing,107798,107681,107798,117
pausing,107813,107798,107813,15
sniffing,107867,107813,107867,54
rearing,107868,107867,107868,1
left_turning,107869,107868,107869,1
sniffing,107943,107869,107943,74
pausing,108000,107943,108000,57
