revised_movement_label,segBoundary,segBoundary_start,segBoundary_end,length
rising,1,0,1,1
sniffing,20,1,20,19
left_turning,65,20,65,45
rising,105,65,105,40
right_turning,115,105,115,10
climbing,201,115,201,86
walking,202,201,202,1
rising,203,202,203,1
climbing,248,203,248,45
walking,280,248,280,32
right_turning,327,280,327,47
sniffing,405,327,405,78
left_turning,406,405,406,1
sniffing,523,406,523,117
rising,548,523,548,25
right_turning,552,548,552,4
walking,636,552,636,84
sniffing,645,636,645,9
right_turning,650,645,650,5
trotting,673,650,673,23
walking,716,673,716,43
running,741,716,741,25
walking,814,741,814,73
running,818,814,818,4
hunching,840,818,840,22
rising,841,840,841,1
sniffing,907,841,907,66
climbing,995,907,995,88
sniffing,996,995,996,1
walking,1034,996,1034,38
climbing,1050,1034,1050,16
left_turning,1051,1050,1051,1
walking,1108,1051,1108,57
sniffing,1246,1108,1246,138
hunching,1337,1246,1337,91
sniffing,1355,1337,1355,18
rising,1356,1355,1356,1
climbing,1422,1356,1422,66
sniffing,1468,1422,1468,46
rising,1469,1468,1469,1
sniffing,1481,1469,1481,12
trotting,1509,1481,1509,28
sniffing,1590,1509,1590,81
climbing,1707,1590,1707,117
walking,1731,1707,1731,24
left_turning,1759,1731,1759,28
rearing,1760,1759,1760,1
sniffing,1761,1760,1761,1
left_turning,1834,1761,1834,73
sniffing,1885,1834,1885,51
climbing,1952,1885,1952,67
sniffing,2011,1952,2011,59
hunching,2043,2011,2043,32
sniffing,2046,2043,2046,3
rising,2082,2046,2082,36
climbing,2107,2082,2107,25
right_turning,2134,2107,2134,27
walking,2135,2134,2135,1
running,2146,2135,2146,11
walking,2203,2146,2203,57
climbing,2205,2203,2205,2
sniffing,2240,2205,2240,35
climbing,2281,2240,2281,41
trotting,2290,2281,2290,9
walking,2322,2290,2322,32
rising,2372,2322,2372,50
walking,2373,2372,2373,1
right_turning,2418,2373,2418,45
walking,2473,2418,2473,55
sniffing,2474,2473,2474,1
walking,2475,2474,2475,1
sniffing,2530,2475,2530,55
rising,2540,2530,2540,10
sniffing,2541,2540,2541,1
walking,2550,2541,2550,9
climbing,2643,2550,2643,93
rising,2646,2643,2646,3
sniffing,2682,2646,2682,36
hunching,2693,2682,2693,11
sniffing,2768,2693,2768,75
trotting,2798,2768,2798,30
left_turning,2851,2798,2851,53
running,2876,2851,2876,25
walking,2956,2876,2956,80
right_turning,2993,2956,2993,37
trotting,3036,2993,3036,43
left_turning,3054,3036,3054,18
sniffing,3087,3054,3087,33
left_turning,3135,3087,3135,48
sniffing,3277,3135,3277,142
walking,3328,3277,3328,51
sniffing,3382,3328,3382,54
stepping,3427,3382,3427,45
sniffing,3555,3427,3555,128
right_turning,3616,3555,3616,61
rearing,3617,3616,3617,1
grooming,3652,3617,3652,35
rearing,3713,3652,3713,61
rising,3714,3713,3714,1
walking,3715,3714,3715,1
hunching,3733,3715,3733,18
sniffing,3734,3733,3734,1
walking,3766,3734,3766,32
rising,3767,3766,3767,1
left_turning,3768,3767,3768,1
climbing,3798,3768,3798,30
walking,3863,3798,3863,65
sniffing,3937,3863,3937,74
running,3973,3937,3973,36
walking,3988,3973,3988,15
rising,4015,3988,4015,27
climbing,4044,4015,4044,29
sniffing,4045,4044,4045,1
rising,4090,4045,4090,45
sniffing,4194,4090,4194,104
climbing,4240,4194,4240,46
running,4263,4240,4263,23
sniffing,4340,4263,4340,77
walking,4368,4340,4368,28
rising,4409,4368,4409,41
climbing,4463,4409,4463,54
sniffing,4598,4463,4598,135
trotting,4646,4598,4646,48
rising,4647,4646,4647,1
sniffing,4738,4647,4738,91
rising,4739,4738,4739,1
climbing,4790,4739,4790,51
walking,4928,4790,4928,138
climbing,4966,4928,4966,38
rising,5005,4966,5005,39
right_turning,5017,5005,5017,12
walking,5052,5017,5052,35
sniffing,5053,5052,5053,1
rising,5077,5053,5077,24
left_turning,5121,5077,5121,44
walking,5165,5121,5165,44
climbing,5259,5165,5259,94
left_turning,5260,5259,5260,1
sniffing,5287,5260,5287,27
left_turning,5325,5287,5325,38
walking,5362,5325,5362,37
sniffing,5363,5362,5363,1
rising,5364,5363,5364,1
climbing,5374,5364,5374,10
walking,5375,5374,5375,1
rising,5403,5375,5403,28
climbing,5473,5403,5473,70
walking,5540,5473,5540,67
sniffing,5603,5540,5603,63
trotting,5673,5603,5673,70
sniffing,5715,5673,5715,42
walking,5734,5715,5734,19
rising,5735,5734,5735,1
right_turning,5755,5735,5755,20
rising,5783,5755,5783,28
right_turning,5789,5783,5789,6
walking,5841,5789,5841,52
right_turning,5877,5841,5877,36
trotting,5937,5877,5937,60
rising,5938,5937,5938,1
sniffing,6062,5938,6062,124
left_turning,6113,6062,6113,51
walking,6131,6113,6131,18
sniffing,6132,6131,6132,1
stepping,6137,6132,6137,5
walking,6179,6137,6179,42
rising,6243,6179,6243,64
right_turning,6350,6243,6350,107
walking,6417,6350,6417,67
sniffing,6418,6417,6418,1
left_turning,6491,6418,6491,73
walking,6525,6491,6525,34
grooming,6660,6525,6660,135
rearing,6696,6660,6696,36
sniffing,6791,6696,6791,95
trotting,6826,6791,6826,35
walking,6867,6826,6867,41
left_turning,6970,6867,6970,103
walking,6995,6970,6995,25
climbing,7050,6995,7050,55
rising,7097,7050,7097,47
climbing,7098,7097,7098,1
rising,7125,7098,7125,27
climbing,7196,7125,7196,71
right_turning,7264,7196,7264,68
trotting,7310,7264,7310,46
sniffing,7325,7310,7325,15
left_turning,7351,7325,7351,26
sniffing,7431,7351,7431,80
rising,7473,7431,7473,42
rearing,7520,7473,7520,47
climbing,7579,7520,7579,59
walking,7627,7579,7627,48
sniffing,7629,7627,7629,2
climbing,7665,7629,7665,36
sniffing,7685,7665,7685,20
climbing,7740,7685,7740,55
hunching,7788,7740,7788,48
climbing,7801,7788,7801,13
rising,7832,7801,7832,31
walking,7887,7832,7887,55
sniffing,7979,7887,7979,92
climbing,8043,7979,8043,64
walking,8044,8043,8044,1
sniffing,8067,8044,8067,23
walking,8090,8067,8090,23
stepping,8121,8090,8121,31
walking,8200,8121,8200,79
left_turning,8227,8200,8227,27
running,8265,8227,8265,38
left_turning,8291,8265,8291,26
walking,8318,8291,8318,27
rising,8392,8318,8392,74
walking,8452,8392,8452,60
climbing,8482,8452,8482,30
sniffing,8487,8482,8487,5
walking,8522,8487,8522,35
climbing,8561,8522,8561,39
right_turning,8573,8561,8573,12
sniffing,8601,8573,8601,28
walking,8614,8601,8614,13
rising,8628,8614,8628,14
climbing,8756,8628,8756,128
sniffing,8757,8756,8757,1
walking,8830,8757,8830,73
sniffing,8942,8830,8942,112
rising,8947,8942,8947,5
climbing,8968,8947,8968,21
sniffing,9010,8968,9010,42
stepping,9034,9010,9034,24
sniffing,9071,9034,9071,37
walking,9072,9071,9072,1
rising,9098,9072,9098,26
trotting,9144,9098,9144,46
walking,9160,9144,9160,16
sniffing,9173,9160,9173,13
right_turning,9201,9173,9201,28
walking,9239,9201,9239,38
sniffing,9240,9239,9240,1
climbing,9337,9240,9337,97
right_turning,9354,9337,9354,17
walking,9443,9354,9443,89
sniffing,9528,9443,9528,85
hunching,9529,9528,9529,1
sniffing,9624,9529,9624,95
climbing,9669,9624,9669,45
walking,9696,9669,9696,27
left_turning,9702,9696,9702,6
rising,9742,9702,9742,40
walking,9751,9742,9751,9
sniffing,9848,9751,9848,97
hunching,9849,9848,9849,1
sniffing,9873,9849,9873,24
stepping,9920,9873,9920,47
right_turning,9938,9920,9938,18
sniffing,9945,9938,9945,7
rising,9980,9945,9980,35
climbing,10070,9980,10070,90
left_turning,10130,10070,10130,60
stepping,10132,10130,10132,2
rising,10174,10132,10174,42
sniffing,10194,10174,10194,20
left_turning,10208,10194,10208,14
sniffing,10209,10208,10209,1
rising,10247,10209,10247,38
running,10273,10247,10273,26
trotting,10331,10273,10331,58
walking,10332,10331,10332,1
sniffing,10333,10332,10333,1
rising,10339,10333,10339,6
sniffing,10433,10339,10433,94
rearing,10443,10433,10443,10
climbing,10487,10443,10487,44
walking,10510,10487,10510,23
sniffing,10516,10510,10516,6
left_turning,10583,10516,10583,67
sniffing,10716,10583,10716,133
walking,10747,10716,10747,31
rising,10766,10747,10766,19
rearing,10904,10766,10904,138
stepping,10905,10904,10905,1
walking,11026,10905,11026,121
sniffing,11100,11026,11100,74
rising,11169,11100,11169,69
right_turning,11223,11169,11223,54
rising,11224,11223,11224,1
right_turning,11273,11224,11273,49
walking,11311,11273,11311,38
sniffing,11407,11311,11407,96
left_turning,11467,11407,11467,60
sniffing,11542,11467,11542,75
climbing,11566,11542,11566,24
rearing,11615,11566,11615,49
trotting,11652,11615,11652,37
walking,11654,11652,11654,2
sniffing,11725,11654,11725,71
walking,11753,11725,11753,28
trotting,11809,11753,11809,56
walking,11842,11809,11842,33
sniffing,11895,11842,11895,53
trotting,11896,11895,11896,1
left_turning,11922,11896,11922,26
walking,11991,11922,11991,69
rising,12050,11991,12050,59
climbing,12133,12050,12133,83
left_turning,12138,12133,12138,5
sniffing,12393,12138,12393,255
walking,12448,12393,12448,55
rising,12465,12448,12465,17
climbing,12551,12465,12551,86
rising,12570,12551,12570,19
sniffing,12711,12570,12711,141
climbing,12712,12711,12712,1
rising,12763,12712,12763,51
walking,12770,12763,12770,7
left_turning,12826,12770,12826,56
sniffing,12846,12826,12846,20
left_turning,12940,12846,12940,94
walking,13001,12940,13001,61
sniffing,13057,13001,13057,56
rising,13106,13057,13106,49
climbing,13222,13106,13222,116
trotting,13279,13222,13279,57
sniffing,13321,13279,13321,42
walking,13343,13321,13343,22
sniffing,13420,13343,13420,77
left_turning,13436,13420,13436,16
sniffing,13482,13436,13482,46
walking,13527,13482,13527,45
climbing,13564,13527,13564,37
rising,13621,13564,13621,57
climbing,13693,13621,13693,72
rising,13751,13693,13751,58
left_turning,13783,13751,13783,32
walking,13797,13783,13797,14
stepping,13832,13797,13832,35
sniffing,13886,13832,13886,54
right_turning,13901,13886,13901,15
stepping,13965,13901,13965,64
sniffing,14046,13965,14046,81
stepping,14085,14046,14085,39
climbing,14111,14085,14111,26
walking,14134,14111,14134,23
sniffing,14191,14134,14191,57
right_turning,14253,14191,14253,62
running,14285,14253,14285,32
sniffing,14374,14285,14374,89
rearing,14375,14374,14375,1
climbing,14498,14375,14498,123
rising,14499,14498,14499,1
sniffing,14557,14499,14557,58
climbing,14614,14557,14614,57
rising,14615,14614,14615,1
climbing,14659,14615,14659,44
rising,14700,14659,14700,41
climbing,14725,14700,14725,25
sniffing,14726,14725,14726,1
stepping,14785,14726,14785,59
walking,14787,14785,14787,2
left_turning,14796,14787,14796,9
stepping,14815,14796,14815,19
walking,14832,14815,14832,17
sniffing,14893,14832,14893,61
rising,14894,14893,14894,1
sniffing,14941,14894,14941,47
left_turning,14994,14941,14994,53
sniffing,15034,14994,15034,40
stepping,15054,15034,15054,20
sniffing,15235,15054,15235,181
climbing,15342,15235,15342,107
walking,15343,15342,15343,1
left_turning,15398,15343,15398,55
running,15409,15398,15409,11
rising,15437,15409,15437,28
climbing,15498,15437,15498,61
sniffing,15516,15498,15516,18
trotting,15586,15516,15586,70
climbing,15645,15586,15645,59
walking,15660,15645,15660,15
stepping,15698,15660,15698,38
climbing,15736,15698,15736,38
trotting,15794,15736,15794,58
rising,15870,15794,15870,76
rearing,15901,15870,15901,31
trotting,15902,15901,15902,1
walking,15936,15902,15936,34
climbing,15971,15936,15971,35
rising,16068,15971,16068,97
sniffing,16140,16068,16140,72
rising,16229,16140,16229,89
sniffing,16254,16229,16254,25
left_turning,16255,16254,16255,1
trotting,16268,16255,16268,13
rising,16271,16268,16271,3
walking,16303,16271,16303,32
sniffing,16523,16303,16523,220
trotting,16524,16523,16524,1
climbing,16583,16524,16583,59
sniffing,16605,16583,16605,22
left_turning,16649,16605,16649,44
walking,16699,16649,16699,50
rising,16716,16699,16716,17
climbing,16717,16716,16717,1
sniffing,16718,16717,16718,1
rearing,16795,16718,16795,77
sniffing,16796,16795,16796,1
trotting,16856,16796,16856,60
sniffing,16907,16856,16907,51
left_turning,16964,16907,16964,57
rising,16965,16964,16965,1
right_turning,16968,16965,16968,3
rising,17020,16968,17020,52
walking,17021,17020,17021,1
sniffing,17055,17021,17055,34
walking,17112,17055,17112,57
rising,17182,17112,17182,70
climbing,17239,17182,17239,57
sniffing,17240,17239,17240,1
left_turning,17241,17240,17241,1
sniffing,17242,17241,17242,1
trotting,17272,17242,17272,30
walking,17273,17272,17273,1
trotting,17305,17273,17305,32
walking,17332,17305,17332,27
rising,17376,17332,17376,44
climbing,17473,17376,17473,97
sniffing,17521,17473,17521,48
rising,17522,17521,17522,1
walking,17595,17522,17595,73
rising,17601,17595,17601,6
right_turning,17638,17601,17638,37
sniffing,17715,17638,17715,77
climbing,17773,17715,17773,58
walking,17821,17773,17821,48
stepping,17869,17821,17869,48
walking,17957,17869,17957,88
sniffing,18032,17957,18032,75
stepping,18111,18032,18111,79
climbing,18160,18111,18160,49
right_turning,18166,18160,18166,6
walking,18191,18166,18191,25
climbing,18240,18191,18240,49
rising,18245,18240,18245,5
climbing,18310,18245,18310,65
walking,18338,18310,18338,28
sniffing,18521,18338,18521,183
rising,18583,18521,18583,62
climbing,18618,18583,18618,35
sniffing,18662,18618,18662,44
rising,18713,18662,18713,51
walking,18770,18713,18770,57
sniffing,18901,18770,18901,131
left_turning,18933,18901,18933,32
walking,18939,18933,18939,6
stepping,19058,18939,19058,119
sniffing,19114,19058,19114,56
walking,19130,19114,19130,16
sniffing,19143,19130,19143,13
walking,19150,19143,19150,7
sniffing,19263,19150,19263,113
walking,19274,19263,19274,11
climbing,19342,19274,19342,68
left_turning,19416,19342,19416,74
sniffing,19631,19416,19631,215
walking,19705,19631,19705,74
rising,19728,19705,19728,23
climbing,19795,19728,19795,67
sniffing,19796,19795,19796,1
rising,19833,19796,19833,37
climbing,19901,19833,19901,68
running,19915,19901,19915,14
sniffing,19962,19915,19962,47
climbing,19997,19962,19997,35
rearing,20030,19997,20030,33
rising,20034,20030,20034,4
climbing,20075,20034,20075,41
walking,20076,20075,20076,1
sniffing,20161,20076,20161,85
climbing,20251,20161,20251,90
walking,20299,20251,20299,48
sniffing,20351,20299,20351,52
walking,20392,20351,20392,41
sniffing,20455,20392,20455,63
walking,20456,20455,20456,1
stepping,20508,20456,20508,52
right_turning,20529,20508,20529,21
running,20555,20529,20555,26
walking,20609,20555,20609,54
sniffing,20610,20609,20610,1
right_turning,20705,20610,20705,95
sniffing,20722,20705,20722,17
stepping,20780,20722,20780,58
sniffing,21012,20780,21012,232
walking,21053,21012,21053,41
sniffing,21092,21053,21092,39
walking,21207,21092,21207,115
sniffing,21264,21207,21264,57
climbing,21325,21264,21325,61
right_turning,21326,21325,21326,1
walking,21361,21326,21361,35
stepping,21378,21361,21378,17
climbing,21481,21378,21481,103
left_turning,21496,21481,21496,15
sniffing,21578,21496,21578,82
rearing,21605,21578,21605,27
climbing,21710,21605,21710,105
walking,21711,21710,21711,1
sniffing,21741,21711,21741,30
left_turning,21793,21741,21793,52
sniffing,21794,21793,21794,1
walking,21822,21794,21822,28
right_turning,21873,21822,21873,51
sniffing,21914,21873,21914,41
trotting,21948,21914,21948,34
sniffing,21968,21948,21968,20
left_turning,21999,21968,21999,31
walking,22034,21999,22034,35
rising,22037,22034,22037,3
rearing,22064,22037,22064,27
sniffing,22342,22064,22342,278
rising,22385,22342,22385,43
left_turning,22420,22385,22420,35
walking,22462,22420,22462,42
sniffing,22476,22462,22476,14
climbing,22504,22476,22504,28
stepping,22549,22504,22549,45
rising,22605,22549,22605,56
hunching,22636,22605,22636,31
sniffing,22637,22636,22637,1
rising,22676,22637,22676,39
climbing,22711,22676,22711,35
left_turning,22734,22711,22734,23
sniffing,22760,22734,22760,26
hunching,22775,22760,22775,15
right_turning,22838,22775,22838,63
rising,22847,22838,22847,9
right_turning,22848,22847,22848,1
sniffing,23012,22848,23012,164
rising,23038,23012,23038,26
sniffing,23159,23038,23159,121
rising,23207,23159,23207,48
climbing,23260,23207,23260,53
rising,23286,23260,23286,26
climbing,23376,23286,23376,90
hunching,23387,23376,23387,11
rising,23418,23387,23418,31
rearing,23419,23418,23419,1
left_turning,23456,23419,23456,37
sniffing,23521,23456,23521,65
rising,23540,23521,23540,19
sniffing,23557,23540,23557,17
climbing,23563,23557,23563,6
left_turning,23606,23563,23606,43
rising,23650,23606,23650,44
trotting,23676,23650,23676,26
rising,23723,23676,23723,47
rearing,23744,23723,23744,21
sniffing,23796,23744,23796,52
left_turning,23797,23796,23797,1
trotting,23830,23797,23830,33
sniffing,24069,23830,24069,239
right_turning,24117,24069,24117,48
climbing,24192,24117,24192,75
trotting,24221,24192,24221,29
sniffing,24292,24221,24292,71
walking,24325,24292,24325,33
rising,24464,24325,24464,139
climbing,24523,24464,24523,59
rearing,24524,24523,24524,1
sniffing,24551,24524,24551,27
climbing,24576,24551,24576,25
grooming,24577,24576,24577,1
rearing,24603,24577,24603,26
rising,24612,24603,24612,9
stepping,24666,24612,24666,54
walking,24707,24666,24707,41
sniffing,24708,24707,24708,1
walking,24740,24708,24740,32
sniffing,24780,24740,24780,40
left_turning,24851,24780,24851,71
walking,24900,24851,24900,49
sniffing,24901,24900,24901,1
climbing,24933,24901,24933,32
right_turning,24989,24933,24989,56
walking,25040,24989,25040,51
rising,25119,25040,25119,79
climbing,25164,25119,25164,45
walking,25165,25164,25165,1
sniffing,25203,25165,25203,38
walking,25240,25203,25240,37
sniffing,25349,25240,25349,109
rising,25447,25349,25447,98
climbing,25511,25447,25511,64
rearing,25512,25511,25512,1
climbing,25565,25512,25565,53
sniffing,25587,25565,25587,22
left_turning,25588,25587,25588,1
stepping,25668,25588,25668,80
climbing,25734,25668,25734,66
hunching,25782,25734,25782,48
climbing,25783,25782,25783,1
rearing,25850,25783,25850,67
left_turning,25880,25850,25880,30
sniffing,25901,25880,25901,21
rising,25940,25901,25940,39
walking,25962,25940,25962,22
sniffing,25963,25962,25963,1
rising,26027,25963,26027,64
sniffing,26129,26027,26129,102
walking,26137,26129,26137,8
sniffing,26177,26137,26177,40
rising,26226,26177,26226,49
climbing,26277,26226,26277,51
sniffing,26418,26277,26418,141
rising,26419,26418,26419,1
climbing,26437,26419,26437,18
walking,26447,26437,26447,10
rising,26494,26447,26494,47
climbing,26495,26494,26495,1
hunching,26598,26495,26598,103
rising,26617,26598,26617,19
rearing,26619,26617,26619,2
grooming,26748,26619,26748,129
left_turning,26816,26748,26816,68
sniffing,26932,26816,26932,116
rearing,26988,26932,26988,56
grooming,26989,26988,26989,1
sniffing,27048,26989,27048,59
left_turning,27082,27048,27082,34
trotting,27115,27082,27115,33
rising,27116,27115,27116,1
right_turning,27140,27116,27140,24
left_turning,27150,27140,27150,10
sniffing,27173,27150,27173,23
rising,27174,27173,27174,1
left_turning,27199,27174,27199,25
rising,27209,27199,27209,10
walking,27220,27209,27220,11
sniffing,27506,27220,27506,286
walking,27507,27506,27507,1
sniffing,27588,27507,27588,81
rising,27758,27588,27758,170
right_turning,27799,27758,27799,41
walking,27811,27799,27811,12
sniffing,27902,27811,27902,91
pausing,28035,27902,28035,133
sniffing,28081,28035,28081,46
climbing,28153,28081,28153,72
left_turning,28154,28153,28154,1
walking,28216,28154,28216,62
sniffing,28478,28216,28478,262
grooming,28823,28478,28823,345
hunching,28824,28823,28824,1
climbing,28879,28824,28879,55
rising,28943,28879,28943,64
climbing,28977,28943,28977,34
rearing,29012,28977,29012,35
sniffing,29033,29012,29033,21
right_turning,29039,29033,29039,6
stepping,29041,29039,29041,2
rising,29042,29041,29042,1
walking,29081,29042,29081,39
rising,29095,29081,29095,14
left_turning,29105,29095,29105,10
trotting,29121,29105,29121,16
walking,29154,29121,29154,33
stepping,29163,29154,29163,9
climbing,29243,29163,29243,80
walking,29259,29243,29259,16
sniffing,29451,29259,29451,192
right_turning,29452,29451,29452,1
stepping,29489,29452,29489,37
rising,29503,29489,29503,14
climbing,29529,29503,29529,26
walking,29648,29529,29648,119
left_turning,29682,29648,29682,34
rising,29685,29682,29685,3
sniffing,29686,29685,29686,1
walking,29705,29686,29705,19
rising,29728,29705,29728,23
sniffing,29847,29728,29847,119
climbing,29924,29847,29924,77
trotting,29949,29924,29949,25
rising,29988,29949,29988,39
right_turning,30018,29988,30018,30
rising,30073,30018,30073,55
climbing,30074,30073,30074,1
walking,30136,30074,30136,62
climbing,30143,30136,30143,7
sniffing,30468,30143,30468,325
rising,30497,30468,30497,29
walking,30537,30497,30537,40
right_turning,30543,30537,30543,6
walking,30565,30543,30565,22
trotting,30610,30565,30610,45
walking,30626,30610,30626,16
hunching,30639,30626,30639,13
rearing,30683,30639,30683,44
left_turning,30707,30683,30707,24
rising,30812,30707,30812,105
climbing,30885,30812,30885,73
left_turning,30934,30885,30934,49
sniffing,31057,30934,31057,123
walking,31075,31057,31075,18
rising,31088,31075,31088,13
left_turning,31116,31088,31116,28
walking,31157,31116,31157,41
stepping,31161,31157,31161,4
climbing,31162,31161,31162,1
running,31183,31162,31183,21
sniffing,31268,31183,31268,85
climbing,31300,31268,31300,32
walking,31321,31300,31321,21
rising,31339,31321,31339,18
sniffing,31419,31339,31419,80
walking,31423,31419,31423,4
sniffing,31516,31423,31516,93
right_turning,31517,31516,31517,1
climbing,31599,31517,31599,82
walking,31600,31599,31600,1
left_turning,31656,31600,31656,56
running,31678,31656,31678,22
stepping,31729,31678,31729,51
sniffing,31838,31729,31838,109
right_turning,31889,31838,31889,51
sniffing,31990,31889,31990,101
rising,32017,31990,32017,27
climbing,32086,32017,32086,69
left_turning,32094,32086,32094,8
sniffing,32103,32094,32103,9
left_turning,32163,32103,32163,60
right_turning,32177,32163,32177,14
hunching,32275,32177,32275,98
grooming,32733,32275,32733,458
rearing,32757,32733,32757,24
trotting,32775,32757,32775,18
walking,32839,32775,32839,64
left_turning,32913,32839,32913,74
stepping,32960,32913,32960,47
walking,33028,32960,33028,68
sniffing,33029,33028,33029,1
left_turning,33057,33029,33057,28
walking,33123,33057,33123,66
rising,33165,33123,33165,42
climbing,33195,33165,33195,30
running,33205,33195,33205,10
sniffing,33259,33205,33259,54
trotting,33320,33259,33320,61
sniffing,33460,33320,33460,140
walking,33472,33460,33472,12
climbing,33506,33472,33506,34
right_turning,33514,33506,33514,8
trotting,33554,33514,33554,40
rising,33599,33554,33599,45
left_turning,33623,33599,33623,24
running,33657,33623,33657,34
walking,33697,33657,33697,40
sniffing,33730,33697,33730,33
right_turning,33818,33730,33818,88
trotting,33875,33818,33875,57
sniffing,34004,33875,34004,129
rearing,34167,34004,34167,163
sniffing,34168,34167,34168,1
rising,34169,34168,34169,1
stepping,34220,34169,34220,51
walking,34222,34220,34222,2
sniffing,34223,34222,34223,1
climbing,34246,34223,34246,23
sniffing,34315,34246,34315,69
climbing,34353,34315,34353,38
walking,34379,34353,34379,26
stepping,34451,34379,34451,72
sniffing,34459,34451,34459,8
rising,34501,34459,34501,42
hunching,34534,34501,34534,33
rising,34590,34534,34590,56
walking,34599,34590,34599,9
sniffing,34600,34599,34600,1
rising,34630,34600,34630,30
climbing,34634,34630,34634,4
sniffing,34860,34634,34860,226
walking,34908,34860,34908,48
climbing,34956,34908,34956,48
hunching,34976,34956,34976,20
right_turning,34997,34976,34997,21
walking,35018,34997,35018,21
climbing,35097,35018,35097,79
right_turning,35101,35097,35101,4
climbing,35130,35101,35130,29
rising,35185,35130,35185,55
sniffing,35233,35185,35233,48
grooming,35298,35233,35298,65
sniffing,35478,35298,35478,180
walking,35500,35478,35500,22
sniffing,35575,35500,35575,75
climbing,35626,35575,35626,51
rising,35668,35626,35668,42
sniffing,35721,35668,35721,53
rising,35771,35721,35771,50
climbing,35792,35771,35792,21
grooming,35793,35792,35793,1
rearing,35876,35793,35876,83
climbing,35939,35876,35939,63
rising,35945,35939,35945,6
sniffing,35946,35945,35946,1
right_turning,35987,35946,35987,41
trotting,36018,35987,36018,31
sniffing,36059,36018,36059,41
left_turning,36083,36059,36083,24
sniffing,36139,36083,36139,56
hunching,36140,36139,36140,1
sniffing,36141,36140,36141,1
walking,36195,36141,36195,54
rising,36199,36195,36199,4
sniffing,36246,36199,36246,47
walking,36291,36246,36291,45
grooming,36341,36291,36341,50
climbing,36346,36341,36346,5
walking,36357,36346,36357,11
sniffing,36368,36357,36368,11
rising,36447,36368,36447,79
sniffing,36598,36447,36598,151
running,36624,36598,36624,26
sniffing,36817,36624,36817,193
climbing,36866,36817,36866,49
right_turning,36903,36866,36903,37
left_turning,36941,36903,36941,38
walking,36970,36941,36970,29
sniffing,36971,36970,36971,1
rising,36993,36971,36993,22
rearing,37027,36993,37027,34
climbing,37110,37027,37110,83
rearing,37191,37110,37191,81
right_turning,37194,37191,37194,3
sniffing,37327,37194,37327,133
walking,37353,37327,37353,26
sniffing,37424,37353,37424,71
stepping,37478,37424,37478,54
sniffing,37512,37478,37512,34
rising,37567,37512,37567,55
sniffing,37568,37567,37568,1
rising,37636,37568,37636,68
climbing,37710,37636,37710,74
sniffing,37711,37710,37711,1
rising,37751,37711,37751,40
left_turning,37776,37751,37776,25
sniffing,37819,37776,37819,43
rising,37891,37819,37891,72
right_turning,37892,37891,37892,1
sniffing,37934,37892,37934,42
left_turning,37991,37934,37991,57
rising,38039,37991,38039,48
right_turning,38041,38039,38041,2
climbing,38140,38041,38140,99
walking,38141,38140,38141,1
climbing,38272,38141,38272,131
right_turning,38300,38272,38300,28
sniffing,38497,38300,38497,197
walking,38533,38497,38533,36
sniffing,38622,38533,38622,89
rising,38636,38622,38636,14
rearing,38660,38636,38660,24
rising,38772,38660,38772,112
climbing,38859,38772,38859,87
hunching,38913,38859,38913,54
grooming,38962,38913,38962,49
rising,38963,38962,38963,1
sniffing,38991,38963,38991,28
left_turning,39057,38991,39057,66
sniffing,39195,39057,39195,138
trotting,39246,39195,39246,51
walking,39316,39246,39316,70
sniffing,39377,39316,39377,61
walking,39443,39377,39443,66
sniffing,39476,39443,39476,33
rising,39501,39476,39501,25
climbing,39579,39501,39579,78
rising,39580,39579,39580,1
climbing,39629,39580,39629,49
running,39630,39629,39630,1
sniffing,39777,39630,39777,147
stepping,39850,39777,39850,73
sniffing,40051,39850,40051,201
left_turning,40052,40051,40052,1
rising,40144,40052,40144,92
rearing,40164,40144,40164,20
left_turning,40213,40164,40213,49
sniffing,40214,40213,40214,1
climbing,40279,40214,40279,65
sniffing,40280,40279,40280,1
walking,40281,40280,40281,1
trotting,40327,40281,40327,46
walking,40364,40327,40364,37
jumping,40447,40364,40447,83
rising,40448,40447,40448,1
rearing,40496,40448,40496,48
grooming,40497,40496,40497,1
sniffing,40504,40497,40504,7
right_turning,40527,40504,40527,23
walking,40538,40527,40538,11
climbing,40592,40538,40592,54
right_turning,40640,40592,40640,48
walking,40691,40640,40691,51
sniffing,40692,40691,40692,1
right_turning,40738,40692,40738,46
sniffing,40867,40738,40867,129
right_turning,40902,40867,40902,35
walking,40993,40902,40993,91
sniffing,41034,40993,41034,41
rising,41046,41034,41046,12
walking,41063,41046,41063,17
sniffing,41175,41063,41175,112
jumping,41344,41175,41344,169
running,41368,41344,41368,24
sniffing,41369,41368,41369,1
rising,41419,41369,41419,50
climbing,41501,41419,41501,82
trotting,41545,41501,41545,44
walking,41552,41545,41552,7
sniffing,41639,41552,41639,87
rising,41672,41639,41672,33
rearing,41724,41672,41724,52
walking,41809,41724,41809,85
stepping,41854,41809,41854,45
hunching,41935,41854,41935,81
grooming,41936,41935,41936,1
rising,41959,41936,41959,23
climbing,41990,41959,41990,31
sniffing,42021,41990,42021,31
left_turning,42029,42021,42029,8
grooming,42278,42029,42278,249
sniffing,42425,42278,42425,147
left_turning,42444,42425,42444,19
climbing,42454,42444,42454,10
left_turning,42455,42454,42455,1
sniffing,42471,42455,42471,16
rearing,42472,42471,42472,1
sniffing,42574,42472,42574,102
rising,42575,42574,42575,1
sniffing,42717,42575,42717,142
stepping,42726,42717,42726,9
walking,42777,42726,42777,51
sniffing,42856,42777,42856,79
climbing,42895,42856,42895,39
rising,42926,42895,42926,31
sniffing,43069,42926,43069,143
rearing,43116,43069,43116,47
right_turning,43175,43116,43175,59
walking,43199,43175,43199,24
climbing,43258,43199,43258,59
left_turning,43308,43258,43308,50
rising,43329,43308,43329,21
sniffing,43359,43329,43359,30
right_turning,43386,43359,43386,27
sniffing,43413,43386,43413,27
walking,43424,43413,43424,11
climbing,43493,43424,43493,69
walking,43546,43493,43546,53
sniffing,43547,43546,43547,1
walking,43578,43547,43578,31
rising,43584,43578,43584,6
walking,43612,43584,43612,28
climbing,43617,43612,43617,5
rearing,43633,43617,43633,16
grooming,43750,43633,43750,117
sniffing,43751,43750,43751,1
climbing,43784,43751,43784,33
right_turning,43821,43784,43821,37
trotting,43855,43821,43855,34
right_turning,43856,43855,43856,1
trotting,43877,43856,43877,21
sniffing,44065,43877,44065,188
climbing,44121,44065,44121,56
running,44157,44121,44157,36
sniffing,44204,44157,44204,47
walking,44311,44204,44311,107
sniffing,44426,44311,44426,115
left_turning,44456,44426,44456,30
walking,44463,44456,44463,7
right_turning,44492,44463,44492,29
sniffing,44534,44492,44534,42
rearing,44535,44534,44535,1
climbing,44635,44535,44635,100
rising,44636,44635,44636,1
running,44658,44636,44658,22
stepping,44684,44658,44684,26
climbing,44736,44684,44736,52
rising,44777,44736,44777,41
rearing,44888,44777,44888,111
right_turning,44899,44888,44899,11
rising,44900,44899,44900,1
sniffing,44940,44900,44940,40
walking,44972,44940,44972,32
sniffing,45204,44972,45204,232
walking,45272,45204,45272,68
sniffing,45273,45272,45273,1
left_turning,45367,45273,45367,94
walking,45382,45367,45382,15
rising,45405,45382,45405,23
rearing,45406,45405,45406,1
climbing,45426,45406,45426,20
walking,45451,45426,45451,25
sniffing,45569,45451,45569,118
rearing,45814,45569,45814,245
hunching,46057,45814,46057,243
sniffing,46074,46057,46074,17
rearing,46180,46074,46180,106
sniffing,46363,46180,46363,183
right_turning,46383,46363,46383,20
walking,46384,46383,46384,1
rearing,46397,46384,46397,13
climbing,46414,46397,46414,17
rising,46436,46414,46436,22
sniffing,46634,46436,46634,198
walking,46662,46634,46662,28
trotting,46704,46662,46704,42
rising,46705,46704,46705,1
hunching,46706,46705,46706,1
sniffing,46788,46706,46788,82
walking,46798,46788,46798,10
sniffing,46854,46798,46854,56
trotting,46855,46854,46855,1
sniffing,46874,46855,46874,19
rearing,46907,46874,46907,33
rising,46933,46907,46933,26
climbing,46934,46933,46934,1
hunching,47017,46934,47017,83
sniffing,47037,47017,47037,20
rising,47038,47037,47038,1
climbing,47087,47038,47087,49
right_turning,47090,47087,47090,3
sniffing,47091,47090,47091,1
walking,47109,47091,47109,18
left_turning,47125,47109,47125,16
sniffing,47126,47125,47126,1
climbing,47127,47126,47127,1
stepping,47194,47127,47194,67
trotting,47255,47194,47255,61
stepping,47306,47255,47306,51
sniffing,47307,47306,47307,1
right_turning,47356,47307,47356,49
sniffing,47357,47356,47357,1
rising,47410,47357,47410,53
hunching,47447,47410,47447,37
climbing,47496,47447,47496,49
sniffing,47553,47496,47553,57
rising,47598,47553,47598,45
climbing,47649,47598,47649,51
sniffing,47808,47649,47808,159
rising,47834,47808,47834,26
climbing,47883,47834,47883,49
rearing,47988,47883,47988,105
rising,47989,47988,47989,1
sniffing,48019,47989,48019,30
rising,48020,48019,48020,1
sniffing,48138,48020,48138,118
rearing,48139,48138,48139,1
rising,48140,48139,48140,1
climbing,48157,48140,48157,17
walking,48214,48157,48214,57
rising,48215,48214,48215,1
right_turning,48277,48215,48277,62
walking,48312,48277,48312,35
left_turning,48315,48312,48315,3
rising,48365,48315,48365,50
sniffing,48457,48365,48457,92
rearing,48459,48457,48459,2
grooming,48539,48459,48539,80
left_turning,48562,48539,48562,23
sniffing,48789,48562,48789,227
walking,48814,48789,48814,25
sniffing,48857,48814,48857,43
rearing,48928,48857,48928,71
stepping,48948,48928,48948,20
walking,48988,48948,48988,40
sniffing,48989,48988,48989,1
left_turning,49023,48989,49023,34
running,49052,49023,49052,29
sniffing,49053,49052,49053,1
walking,49056,49053,49056,3
jumping,49115,49056,49115,59
sniffing,49116,49115,49116,1
left_turning,49117,49116,49117,1
sniffing,49277,49117,49277,160
stepping,49320,49277,49320,43
walking,49390,49320,49390,70
stepping,49395,49390,49395,5
sniffing,49483,49395,49483,88
rising,49484,49483,49484,1
sniffing,49604,49484,49604,120
walking,49618,49604,49618,14
rising,49689,49618,49689,71
climbing,49710,49689,49710,21
sniffing,49711,49710,49711,1
right_turning,49735,49711,49735,24
stepping,49737,49735,49737,2
left_turning,49738,49737,49738,1
sniffing,49754,49738,49754,16
walking,49821,49754,49821,67
left_turning,49836,49821,49836,15
sniffing,49858,49836,49858,22
walking,49879,49858,49879,21
rearing,49954,49879,49954,75
sniffing,49955,49954,49955,1
rearing,50075,49955,50075,120
running,50078,50075,50078,3
left_turning,50098,50078,50098,20
walking,50099,50098,50099,1
rising,50100,50099,50100,1
climbing,50168,50100,50168,68
walking,50214,50168,50214,46
sniffing,50264,50214,50264,50
pausing,50442,50264,50442,178
sniffing,50496,50442,50496,54
walking,50507,50496,50507,11
rising,50540,50507,50540,33
rearing,50696,50540,50696,156
rising,50715,50696,50715,19
grooming,50921,50715,50921,206
hunching,50957,50921,50957,36
sniffing,50994,50957,50994,37
rising,51006,50994,51006,12
climbing,51128,51006,51128,122
rising,51142,51128,51142,14
climbing,51194,51142,51194,52
rising,51207,51194,51207,13
hunching,51253,51207,51253,46
sniffing,51287,51253,51287,34
right_turning,51326,51287,51326,39
stepping,51379,51326,51379,53
right_turning,51426,51379,51426,47
walking,51526,51426,51526,100
left_turning,51573,51526,51573,47
trotting,51631,51573,51631,58
sniffing,51676,51631,51676,45
left_turning,51713,51676,51713,37
sniffing,51758,51713,51758,45
rising,51759,51758,51759,1
sniffing,51760,51759,51760,1
climbing,51821,51760,51821,61
rising,51822,51821,51822,1
climbing,51894,51822,51894,72
rearing,51975,51894,51975,81
rising,51976,51975,51976,1
sniffing,52101,51976,52101,125
walking,52155,52101,52155,54
sniffing,52223,52155,52223,68
walking,52344,52223,52344,121
sniffing,52584,52344,52584,240
trotting,52622,52584,52622,38
left_turning,52702,52622,52702,80
walking,52772,52702,52772,70
stepping,52810,52772,52810,38
left_turning,52822,52810,52822,12
sniffing,53086,52822,53086,264
climbing,53145,53086,53145,59
walking,53272,53145,53272,127
sniffing,53308,53272,53308,36
rising,53349,53308,53349,41
climbing,53354,53349,53354,5
grooming,53529,53354,53529,175
left_turning,53596,53529,53596,67
walking,53612,53596,53612,16
rising,53645,53612,53645,33
rearing,53693,53645,53693,48
walking,53697,53693,53697,4
climbing,53769,53697,53769,72
walking,53777,53769,53777,8
stepping,53815,53777,53815,38
trotting,53832,53815,53832,17
walking,53864,53832,53864,32
left_turning,53921,53864,53921,57
sniffing,53933,53921,53933,12
left_turning,53937,53933,53937,4
sniffing,54060,53937,54060,123
stepping,54106,54060,54106,46
sniffing,54175,54106,54175,69
walking,54216,54175,54216,41
rising,54242,54216,54242,26
walking,54281,54242,54281,39
trotting,54296,54281,54296,15
rising,54361,54296,54361,65
rearing,54412,54361,54412,51
grooming,54700,54412,54700,288
rearing,54701,54700,54701,1
sniffing,54785,54701,54785,84
walking,54814,54785,54814,29
climbing,54896,54814,54896,82
sniffing,54897,54896,54897,1
rising,54898,54897,54898,1
sniffing,54899,54898,54899,1
hunching,54966,54899,54966,67
climbing,55025,54966,55025,59
right_turning,55058,55025,55058,33
walking,55063,55058,55063,5
sniffing,55159,55063,55159,96
walking,55209,55159,55209,50
sniffing,55242,55209,55242,33
walking,55289,55242,55289,47
left_turning,55314,55289,55314,25
stepping,55355,55314,55355,41
rising,55366,55355,55366,11
left_turning,55397,55366,55397,31
walking,55436,55397,55436,39
left_turning,55474,55436,55474,38
walking,55522,55474,55522,48
rising,55523,55522,55523,1
running,55539,55523,55539,16
rising,55540,55539,55540,1
climbing,55541,55540,55541,1
sniffing,55608,55541,55608,67
stepping,55681,55608,55681,73
climbing,55738,55681,55738,57
sniffing,55807,55738,55807,69
right_turning,55816,55807,55816,9
sniffing,55817,55816,55817,1
rearing,55876,55817,55876,59
sniffing,56011,55876,56011,135
walking,56012,56011,56012,1
rearing,56013,56012,56013,1
sniffing,56031,56013,56031,18
left_turning,56074,56031,56074,43
stepping,56113,56074,56113,39
sniffing,56229,56113,56229,116
rising,56269,56229,56269,40
climbing,56287,56269,56287,18
rearing,56317,56287,56317,30
sniffing,56379,56317,56379,62
left_turning,56451,56379,56451,72
rearing,56492,56451,56492,41
trotting,56515,56492,56515,23
walking,56538,56515,56538,23
climbing,56616,56538,56616,78
trotting,56631,56616,56631,15
sniffing,56680,56631,56680,49
rising,56700,56680,56700,20
jumping,56944,56700,56944,244
rearing,56951,56944,56951,7
left_turning,57017,56951,57017,66
sniffing,57044,57017,57044,27
climbing,57069,57044,57069,25
rising,57116,57069,57116,47
climbing,57153,57116,57153,37
rearing,57154,57153,57154,1
climbing,57256,57154,57256,102
left_turning,57290,57256,57290,34
walking,57324,57290,57324,34
stepping,57370,57324,57370,46
sniffing,57426,57370,57426,56
climbing,57538,57426,57538,112
sniffing,57590,57538,57590,52
rearing,57614,57590,57614,24
climbing,57671,57614,57671,57
running,57694,57671,57694,23
sniffing,57836,57694,57836,142
grooming,57837,57836,57837,1
sniffing,57962,57837,57962,125
walking,57965,57962,57965,3
climbing,58044,57965,58044,79
rising,58116,58044,58116,72
climbing,58174,58116,58174,58
rearing,58250,58174,58250,76
sniffing,58280,58250,58280,30
rising,58407,58280,58407,127
climbing,58454,58407,58454,47
walking,58539,58454,58539,85
sniffing,58642,58539,58642,103
climbing,58745,58642,58745,103
stepping,58769,58745,58769,24
sniffing,58820,58769,58820,51
walking,58837,58820,58837,17
climbing,58894,58837,58894,57
rising,58895,58894,58895,1
climbing,58897,58895,58897,2
walking,58941,58897,58941,44
sniffing,58971,58941,58971,30
rising,59014,58971,59014,43
sniffing,59122,59014,59122,108
stepping,59165,59122,59165,43
walking,59222,59165,59222,57
left_turning,59294,59222,59294,72
running,59323,59294,59323,29
rising,59330,59323,59330,7
climbing,59503,59330,59503,173
sniffing,59710,59503,59710,207
walking,59730,59710,59730,20
climbing,59785,59730,59785,55
running,59792,59785,59792,7
rearing,59957,59792,59957,165
climbing,59990,59957,59990,33
sniffing,59991,59990,59991,1
right_turning,60011,59991,60011,20
trotting,60040,60011,60040,29
sniffing,60108,60040,60108,68
right_turning,60120,60108,60120,12
sniffing,60201,60120,60201,81
rising,60225,60201,60225,24
climbing,60230,60225,60230,5
rearing,60274,60230,60274,44
rising,60291,60274,60291,17
sniffing,60292,60291,60292,1
trotting,60316,60292,60316,24
rising,60428,60316,60428,112
sniffing,60457,60428,60457,29
left_turning,60488,60457,60488,31
rearing,60531,60488,60531,43
sniffing,60868,60531,60868,337
pausing,60939,60868,60939,71
sniffing,61031,60939,61031,92
rising,61083,61031,61083,52
climbing,61084,61083,61084,1
sniffing,61208,61084,61208,124
walking,61261,61208,61261,53
sniffing,61428,61261,61428,167
walking,61485,61428,61485,57
sniffing,61605,61485,61605,120
rising,61608,61605,61608,3
left_turning,61632,61608,61632,24
trotting,61683,61632,61683,51
stepping,61702,61683,61702,19
sniffing,61703,61702,61703,1
walking,61760,61703,61760,57
sniffing,61852,61760,61852,92
pausing,61946,61852,61946,94
sniffing,62000,61946,62000,54
rising,62056,62000,62056,56
jumping,62106,62056,62106,50
hunching,62200,62106,62200,94
rising,62242,62200,62242,42
sniffing,62311,62242,62311,69
climbing,62312,62311,62312,1
sniffing,62347,62312,62347,35
walking,62366,62347,62366,19
trotting,62370,62366,62370,4
sniffing,62425,62370,62425,55
rising,62426,62425,62426,1
climbing,62541,62426,62541,115
sniffing,62580,62541,62580,39
grooming,62581,62580,62581,1
hunching,62582,62581,62582,1
sniffing,62636,62582,62636,54
stepping,62637,62636,62637,1
sniffing,62638,62637,62638,1
right_turning,62663,62638,62663,25
trotting,62691,62663,62691,28
right_turning,62698,62691,62698,7
trotting,62715,62698,62715,17
rising,62727,62715,62727,12
climbing,62836,62727,62836,109
right_turning,62857,62836,62857,21
running,62866,62857,62866,9
left_turning,62898,62866,62898,32
sniffing,62899,62898,62899,1
running,62920,62899,62920,21
rising,63024,62920,63024,104
rearing,63025,63024,63025,1
rising,63026,63025,63026,1
climbing,63058,63026,63058,32
sniffing,63146,63058,63146,88
rising,63189,63146,63189,43
rearing,63206,63189,63206,17
grooming,63458,63206,63458,252
sniffing,63478,63458,63478,20
left_turning,63522,63478,63522,44
walking,63591,63522,63591,69
sniffing,63740,63591,63740,149
left_turning,63786,63740,63786,46
sniffing,63794,63786,63794,8
grooming,63795,63794,63795,1
rising,63878,63795,63878,83
left_turning,63891,63878,63891,13
sniffing,63953,63891,63953,62
rising,64000,63953,64000,47
right_turning,64024,64000,64024,24
walking,64027,64024,64027,3
running,64029,64027,64029,2
stepping,64079,64029,64079,50
climbing,64196,64079,64196,117
rearing,64262,64196,64262,66
grooming,64659,64262,64659,397
climbing,64722,64659,64722,63
right_turning,64744,64722,64744,22
left_turning,64806,64744,64806,62
sniffing,64807,64806,64807,1
walking,64879,64807,64879,72
rising,64894,64879,64894,15
sniffing,65074,64894,65074,180
hunching,65098,65074,65098,24
sniffing,65133,65098,65133,35
walking,65196,65133,65196,63
rising,65255,65196,65255,59
climbing,65272,65255,65272,17
grooming,65273,65272,65273,1
rearing,65371,65273,65371,98
climbing,65496,65371,65496,125
sniffing,65497,65496,65497,1
grooming,65689,65497,65689,192
sniffing,65775,65689,65775,86
rising,65780,65775,65780,5
climbing,65824,65780,65824,44
rearing,65871,65824,65871,47
climbing,65891,65871,65891,20
rising,65930,65891,65930,39
rearing,65961,65930,65961,31
climbing,66009,65961,66009,48
walking,66010,66009,66010,1
rising,66034,66010,66034,24
climbing,66124,66034,66124,90
rearing,66202,66124,66202,78
sniffing,66325,66202,66325,123
left_turning,66370,66325,66370,45
walking,66372,66370,66372,2
climbing,66393,66372,66393,21
hunching,66396,66393,66396,3
grooming,66674,66396,66674,278
left_turning,66675,66674,66675,1
sniffing,66676,66675,66676,1
climbing,66768,66676,66768,92
sniffing,66925,66768,66925,157
grooming,67084,66925,67084,159
hunching,67163,67084,67163,79
climbing,67164,67163,67164,1
hunching,67182,67164,67182,18
sniffing,67334,67182,67334,152
grooming,67335,67334,67335,1
rearing,67336,67335,67336,1
trotting,67401,67336,67401,65
walking,67433,67401,67433,32
stepping,67434,67433,67434,1
sniffing,67435,67434,67435,1
grooming,67513,67435,67513,78
sniffing,67719,67513,67719,206
stepping,67785,67719,67785,66
sniffing,67793,67785,67793,8
rising,67796,67793,67796,3
rearing,67859,67796,67859,63
climbing,67938,67859,67938,79
right_turning,67983,67938,67983,45
sniffing,68112,67983,68112,129
rising,68116,68112,68116,4
rearing,68172,68116,68172,56
hunching,68246,68172,68246,74
sniffing,68288,68246,68288,42
trotting,68304,68288,68304,16
sniffing,68421,68304,68421,117
left_turning,68438,68421,68438,17
sniffing,68439,68438,68439,1
rising,68488,68439,68488,49
sniffing,68489,68488,68489,1
grooming,68671,68489,68671,182
rearing,68687,68671,68687,16
hunching,68688,68687,68688,1
rising,68689,68688,68689,1
climbing,68690,68689,68690,1
sniffing,68749,68690,68749,59
rising,68789,68749,68789,40
left_turning,68825,68789,68825,36
walking,68858,68825,68858,33
left_turning,68859,68858,68859,1
sniffing,69181,68859,69181,322
grooming,69348,69181,69348,167
walking,69389,69348,69389,41
rearing,69439,69389,69439,50
grooming,69503,69439,69503,64
hunching,69543,69503,69543,40
rearing,69548,69543,69548,5
climbing,69549,69548,69549,1
hunching,69637,69549,69637,88
climbing,69760,69637,69760,123
rising,69761,69760,69761,1
climbing,69795,69761,69795,34
rising,69796,69795,69796,1
walking,69801,69796,69801,5
running,69808,69801,69808,7
sniffing,69986,69808,69986,178
rising,70044,69986,70044,58
climbing,70198,70044,70198,154
walking,70206,70198,70206,8
running,70234,70206,70234,28
sniffing,70255,70234,70255,21
rising,70257,70255,70257,2
left_turning,70283,70257,70283,26
trotting,70284,70283,70284,1
walking,70291,70284,70291,7
sniffing,70401,70291,70401,110
climbing,70403,70401,70403,2
rising,70430,70403,70430,27
rearing,70431,70430,70431,1
rising,70479,70431,70479,48
climbing,70548,70479,70548,69
sniffing,70574,70548,70574,26
rising,70575,70574,70575,1
climbing,70626,70575,70626,51
rearing,70656,70626,70656,30
grooming,70657,70656,70657,1
sniffing,70736,70657,70736,79
rising,70737,70736,70737,1
climbing,70769,70737,70769,32
walking,70805,70769,70805,36
climbing,70840,70805,70840,35
rearing,70926,70840,70926,86
sniffing,70945,70926,70945,19
left_turning,70969,70945,70969,24
sniffing,71025,70969,71025,56
left_turning,71043,71025,71043,18
sniffing,71044,71043,71044,1
rising,71045,71044,71045,1
climbing,71052,71045,71052,7
grooming,71161,71052,71161,109
hunching,71206,71161,71206,45
sniffing,71207,71206,71207,1
climbing,71246,71207,71246,39
grooming,71321,71246,71321,75
rearing,71334,71321,71334,13
sniffing,71369,71334,71369,35
left_turning,71392,71369,71392,23
walking,71426,71392,71426,34
rising,71436,71426,71436,10
climbing,71507,71436,71507,71
trotting,71539,71507,71539,32
climbing,71627,71539,71627,88
rising,71634,71627,71634,7
rearing,71636,71634,71636,2
walking,71637,71636,71637,1
stepping,71659,71637,71659,22
climbing,71810,71659,71810,151
grooming,72113,71810,72113,303
rearing,72178,72113,72178,65
climbing,72230,72178,72230,52
right_turning,72249,72230,72249,19
walking,72286,72249,72286,37
sniffing,72382,72286,72382,96
left_turning,72383,72382,72383,1
sniffing,72523,72383,72523,140
rearing,72524,72523,72524,1
climbing,72631,72524,72631,107
rising,72638,72631,72638,7
right_turning,72657,72638,72657,19
walking,72713,72657,72713,56
climbing,72737,72713,72737,24
rising,72759,72737,72759,22
climbing,72788,72759,72788,29
rearing,72833,72788,72833,45
right_turning,72834,72833,72834,1
sniffing,72944,72834,72944,110
right_turning,72960,72944,72960,16
sniffing,73047,72960,73047,87
climbing,73048,73047,73048,1
sniffing,73123,73048,73123,75
rising,73180,73123,73180,57
climbing,73181,73180,73181,1
sniffing,73224,73181,73224,43
left_turning,73256,73224,73256,32
sniffing,73320,73256,73320,64
trotting,73358,73320,73358,38
walking,73359,73358,73359,1
rising,73360,73359,73360,1
climbing,73468,73360,73468,108
sniffing,73469,73468,73469,1
stepping,73531,73469,73531,62
sniffing,73702,73531,73702,171
stepping,73751,73702,73751,49
sniffing,73756,73751,73756,5
climbing,73880,73756,73880,124
left_turning,73881,73880,73881,1
sniffing,73899,73881,73899,18
right_turning,73934,73899,73934,35
trotting,73952,73934,73952,18
walking,74025,73952,74025,73
sniffing,74044,74025,74044,19
stepping,74071,74044,74071,27
sniffing,74099,74071,74099,28
walking,74100,74099,74100,1
climbing,74189,74100,74189,89
left_turning,74233,74189,74233,44
stepping,74237,74233,74237,4
walking,74317,74237,74317,80
rising,74318,74317,74318,1
left_turning,74359,74318,74359,41
sniffing,74416,74359,74416,57
rising,74424,74416,74424,8
right_turning,74437,74424,74437,13
sniffing,74481,74437,74481,44
left_turning,74540,74481,74540,59
walking,74541,74540,74541,1
left_turning,74605,74541,74605,64
running,74616,74605,74616,11
sniffing,74654,74616,74654,38
rising,74692,74654,74692,38
sniffing,74729,74692,74729,37
stepping,74750,74729,74750,21
walking,74795,74750,74795,45
rising,74836,74795,74836,41
climbing,74887,74836,74887,51
rearing,74939,74887,74939,52
rising,74986,74939,74986,47
sniffing,75109,74986,75109,123
left_turning,75183,75109,75183,74
walking,75272,75183,75272,89
sniffing,75371,75272,75371,99
hunching,75372,75371,75372,1
climbing,75415,75372,75415,43
right_turning,75463,75415,75463,48
trotting,75515,75463,75515,52
rearing,75542,75515,75542,27
sniffing,75574,75542,75574,32
climbing,75654,75574,75654,80
rising,75679,75654,75679,25
left_turning,75685,75679,75685,6
walking,75695,75685,75695,10
left_turning,75730,75695,75730,35
sniffing,75877,75730,75877,147
trotting,75930,75877,75930,53
walking,75931,75930,75931,1
sniffing,75958,75931,75958,27
rising,76123,75958,76123,165
climbing,76135,76123,76135,12
walking,76144,76135,76144,9
climbing,76193,76144,76193,49
walking,76221,76193,76221,28
rising,76286,76221,76286,65
climbing,76329,76286,76329,43
trotting,76367,76329,76367,38
sniffing,76368,76367,76368,1
trotting,76394,76368,76394,26
sniffing,76395,76394,76395,1
walking,76443,76395,76443,48
rising,76487,76443,76487,44
right_turning,76504,76487,76504,17
trotting,76532,76504,76532,28
walking,76562,76532,76562,30
sniffing,76592,76562,76592,30
rearing,76593,76592,76593,1
rising,76649,76593,76649,56
rearing,76705,76649,76705,56
climbing,76776,76705,76776,71
rising,76777,76776,76777,1
sniffing,76778,76777,76778,1
climbing,77063,76778,77063,285
rising,77108,77063,77108,45
sniffing,77221,77108,77221,113
walking,77293,77221,77293,72
running,77300,77293,77300,7
stepping,77332,77300,77332,32
sniffing,77424,77332,77424,92
climbing,77544,77424,77544,120
sniffing,77603,77544,77603,59
left_turning,77652,77603,77652,49
rising,77676,77652,77676,24
climbing,77798,77676,77798,122
grooming,77799,77798,77799,1
rising,77814,77799,77814,15
sniffing,77844,77814,77844,30
rising,77875,77844,77875,31
sniffing,77906,77875,77906,31
walking,77938,77906,77938,32
sniffing,77986,77938,77986,48
left_turning,78078,77986,78078,92
sniffing,78126,78078,78126,48
rising,78180,78126,78180,54
hunching,78191,78180,78191,11
sniffing,78261,78191,78261,70
climbing,78262,78261,78262,1
trotting,78279,78262,78279,17
walking,78300,78279,78300,21
sniffing,78339,78300,78339,39
rising,78340,78339,78340,1
sniffing,78533,78340,78533,193
rising,78534,78533,78534,1
climbing,78812,78534,78812,278
sniffing,79267,78812,79267,455
left_turning,79319,79267,79319,52
sniffing,79433,79319,79433,114
left_turning,79460,79433,79460,27
rising,79486,79460,79486,26
sniffing,79500,79486,79500,14
grooming,79501,79500,79501,1
rearing,79553,79501,79553,52
grooming,79721,79553,79721,168
sniffing,79826,79721,79826,105
rising,79924,79826,79924,98
walking,79925,79924,79925,1
rearing,79949,79925,79949,24
climbing,79986,79949,79986,37
rising,80066,79986,80066,80
trotting,80095,80066,80095,29
left_turning,80136,80095,80136,41
sniffing,80215,80136,80215,79
left_turning,80267,80215,80267,52
rising,80275,80267,80275,8
sniffing,80567,80275,80567,292
walking,80620,80567,80620,53
sniffing,80621,80620,80621,1
climbing,80635,80621,80635,14
hunching,80713,80635,80713,78
climbing,80782,80713,80782,69
rearing,80816,80782,80816,34
sniffing,80866,80816,80866,50
walking,80917,80866,80917,51
trotting,80939,80917,80939,22
climbing,81042,80939,81042,103
right_turning,81078,81042,81078,36
walking,81146,81078,81146,68
sniffing,81189,81146,81189,43
rising,81190,81189,81190,1
sniffing,81191,81190,81191,1
rising,81192,81191,81192,1
rearing,81208,81192,81208,16
grooming,81410,81208,81410,202
climbing,81454,81410,81454,44
hunching,81455,81454,81455,1
climbing,81538,81455,81538,83
sniffing,81539,81538,81539,1
rising,81540,81539,81540,1
sniffing,81590,81540,81590,50
walking,81613,81590,81613,23
climbing,81691,81613,81691,78
hunching,81842,81691,81842,151
climbing,81902,81842,81902,60
sniffing,81985,81902,81985,83
right_turning,81998,81985,81998,13
sniffing,82205,81998,82205,207
walking,82265,82205,82265,60
rising,82283,82265,82283,18
stepping,82320,82283,82320,37
left_turning,82404,82320,82404,84
walking,82479,82404,82479,75
rising,82480,82479,82480,1
sniffing,82599,82480,82599,119
rising,82647,82599,82647,48
climbing,82717,82647,82717,70
right_turning,82753,82717,82753,36
running,82754,82753,82754,1
walking,82842,82754,82842,88
stepping,82858,82842,82858,16
climbing,82961,82858,82961,103
walking,83008,82961,83008,47
sniffing,83077,83008,83077,69
climbing,83083,83077,83083,6
sniffing,83122,83083,83122,39
right_turning,83125,83122,83125,3
trotting,83146,83125,83146,21
rearing,83186,83146,83186,40
walking,83187,83186,83187,1
rising,83188,83187,83188,1
climbing,83281,83188,83281,93
rising,83336,83281,83336,55
grooming,83436,83336,83436,100
sniffing,83527,83436,83527,91
rising,83528,83527,83528,1
climbing,83628,83528,83628,100
rising,83703,83628,83703,75
climbing,83704,83703,83704,1
sniffing,83922,83704,83922,218
left_turning,83955,83922,83955,33
rising,83972,83955,83972,17
rearing,83975,83972,83975,3
rising,84032,83975,84032,57
left_turning,84059,84032,84059,27
walking,84102,84059,84102,43
running,84123,84102,84123,21
rising,84124,84123,84124,1
grooming,84125,84124,84125,1
climbing,84190,84125,84190,65
rearing,84191,84190,84191,1
grooming,84223,84191,84223,32
climbing,84234,84223,84234,11
sniffing,84268,84234,84268,34
left_turning,84322,84268,84322,54
sniffing,84331,84322,84331,9
right_turning,84351,84331,84351,20
walking,84419,84351,84419,68
trotting,84457,84419,84457,38
climbing,84547,84457,84547,90
trotting,84594,84547,84594,47
sniffing,84610,84594,84610,16
stepping,84638,84610,84638,28
rising,84708,84638,84708,70
sniffing,84905,84708,84905,197
pausing,85466,84905,85466,561
sniffing,85467,85466,85467,1
rising,85495,85467,85495,28
climbing,85534,85495,85534,39
rearing,85535,85534,85535,1
hunching,85843,85535,85843,308
sniffing,85844,85843,85844,1
walking,85997,85844,85997,153
sniffing,86000,85997,86000,3
walking,86044,86000,86044,44
left_turning,86062,86044,86062,18
walking,86197,86062,86197,135
sniffing,86391,86197,86391,194
hunching,86392,86391,86392,1
sniffing,86429,86392,86429,37
left_turning,86474,86429,86474,45
rising,86483,86474,86483,9
climbing,86585,86483,86585,102
sniffing,86620,86585,86620,35
rising,86639,86620,86639,19
climbing,86657,86639,86657,18
walking,86684,86657,86684,27
left_turning,86714,86684,86714,30
walking,86742,86714,86742,28
sniffing,86827,86742,86827,85
climbing,86881,86827,86881,54
walking,86940,86881,86940,59
sniffing,87060,86940,87060,120
pausing,88367,87060,88367,1307
sniffing,88422,88367,88422,55
rising,88465,88422,88465,43
sniffing,88466,88465,88466,1
left_turning,88501,88466,88501,35
sniffing,88586,88501,88586,85
left_turning,88644,88586,88644,58
sniffing,88742,88644,88742,98
walking,88769,88742,88769,27
sniffing,88930,88769,88930,161
trotting,89009,88930,89009,79
sniffing,89083,89009,89083,74
rising,89109,89083,89109,26
climbing,89186,89109,89186,77
right_turning,89203,89186,89203,17
running,89211,89203,89211,8
rearing,89212,89211,89212,1
rising,89272,89212,89272,60
sniffing,89273,89272,89273,1
right_turning,89294,89273,89294,21
walking,89361,89294,89361,67
sniffing,89380,89361,89380,19
stepping,89417,89380,89417,37
rising,89434,89417,89434,17
sniffing,89453,89434,89453,19
right_turning,89472,89453,89472,19
sniffing,89647,89472,89647,175
walking,89686,89647,89686,39
sniffing,89687,89686,89687,1
rising,89721,89687,89721,34
sniffing,89722,89721,89722,1
walking,89729,89722,89729,7
sniffing,89837,89729,89837,108
walking,89875,89837,89875,38
sniffing,89993,89875,89993,118
walking,90047,89993,90047,54
sniffing,90258,90047,90258,211
walking,90316,90258,90316,58
sniffing,90393,90316,90393,77
rising,90394,90393,90394,1
climbing,90471,90394,90471,77
rearing,90551,90471,90551,80
sniffing,90553,90551,90553,2
climbing,90583,90553,90583,30
sniffing,90832,90583,90832,249
climbing,90899,90832,90899,67
rising,90900,90899,90900,1
climbing,90938,90900,90938,38
rearing,90967,90938,90967,29
rising,90968,90967,90968,1
running,91027,90968,91027,59
walking,91091,91027,91091,64
rearing,91150,91091,91150,59
rising,91157,91150,91157,7
climbing,91166,91157,91166,9
rearing,91225,91166,91225,59
rising,91277,91225,91277,52
rearing,91345,91277,91345,68
sniffing,91386,91345,91386,41
walking,91465,91386,91465,79
sniffing,91592,91465,91592,127
left_turning,91593,91592,91593,1
walking,91613,91593,91613,20
sniffing,91662,91613,91662,49
trotting,91698,91662,91698,36
walking,91751,91698,91751,53
stepping,91752,91751,91752,1
sniffing,91753,91752,91753,1
stepping,91792,91753,91792,39
rising,91868,91792,91868,76
sniffing,91932,91868,91932,64
walking,92001,91932,92001,69
right_turning,92050,92001,92050,49
sniffing,92273,92050,92273,223
rising,92274,92273,92274,1
climbing,92420,92274,92420,146
grooming,92421,92420,92421,1
right_turning,92470,92421,92470,49
walking,92540,92470,92540,70
sniffing,92624,92540,92624,84
climbing,92701,92624,92701,77
walking,92711,92701,92711,10
stepping,92744,92711,92744,33
right_turning,92772,92744,92772,28
rearing,92888,92772,92888,116
sniffing,92959,92888,92959,71
rising,93084,92959,93084,125
walking,93085,93084,93085,1
sniffing,93263,93085,93263,178
climbing,93307,93263,93307,44
sniffing,93317,93307,93317,10
left_turning,93381,93317,93381,64
walking,93407,93381,93407,26
sniffing,93630,93407,93630,223
stepping,93689,93630,93689,59
walking,93708,93689,93708,19
rising,93776,93708,93776,68
climbing,93789,93776,93789,13
rearing,93808,93789,93808,19
grooming,93809,93808,93809,1
sniffing,93837,93809,93837,28
right_turning,93883,93837,93883,46
sniffing,93884,93883,93884,1
right_turning,93891,93884,93891,7
left_turning,93918,93891,93918,27
sniffing,93936,93918,93936,18
rising,93959,93936,93959,23
climbing,94079,93959,94079,120
grooming,94126,94079,94126,47
hunching,94127,94126,94127,1
rising,94129,94127,94129,2
grooming,94304,94129,94304,175
sniffing,94403,94304,94403,99
trotting,94444,94403,94444,41
sniffing,94533,94444,94533,89
rising,94537,94533,94537,4
climbing,94594,94537,94594,57
sniffing,94595,94594,94595,1
climbing,94651,94595,94651,56
right_turning,94693,94651,94693,42
stepping,94715,94693,94715,22
sniffing,94721,94715,94721,6
walking,94791,94721,94791,70
sniffing,94855,94791,94855,64
rising,94934,94855,94934,79
climbing,95009,94934,95009,75
grooming,95201,95009,95201,192
sniffing,95260,95201,95260,59
climbing,95306,95260,95306,46
sniffing,95398,95306,95398,92
rising,95417,95398,95417,19
sniffing,95425,95417,95425,8
rising,95439,95425,95439,14
trotting,95453,95439,95453,14
walking,95542,95453,95542,89
sniffing,95765,95542,95765,223
rising,95766,95765,95766,1
sniffing,95865,95766,95865,99
rising,95927,95865,95927,62
climbing,95973,95927,95973,46
right_turning,96005,95973,96005,32
running,96060,96005,96060,55
trotting,96081,96060,96081,21
sniffing,96113,96081,96113,32
climbing,96149,96113,96149,36
walking,96207,96149,96207,58
sniffing,96306,96207,96306,99
rising,96307,96306,96307,1
climbing,96375,96307,96375,68
hunching,96398,96375,96398,23
climbing,96472,96398,96472,74
right_turning,96487,96472,96487,15
trotting,96527,96487,96527,40
left_turning,96559,96527,96559,32
walking,96652,96559,96652,93
climbing,96838,96652,96838,186
left_turning,96898,96838,96898,60
sniffing,96964,96898,96964,66
stepping,96974,96964,96974,10
walking,97024,96974,97024,50
rising,97071,97024,97071,47
climbing,97130,97071,97130,59
hunching,97162,97130,97162,32
climbing,97199,97162,97199,37
right_turning,97200,97199,97200,1
left_turning,97230,97200,97230,30
walking,97323,97230,97323,93
left_turning,97329,97323,97329,6
sniffing,97541,97329,97541,212
left_turning,97562,97541,97562,21
sniffing,97714,97562,97714,152
walking,97781,97714,97781,67
rising,97788,97781,97788,7
walking,97825,97788,97825,37
sniffing,97902,97825,97902,77
walking,97969,97902,97969,67
hunching,98044,97969,98044,75
trotting,98047,98044,98047,3
sniffing,98067,98047,98067,20
pausing,98169,98067,98169,102
sniffing,98350,98169,98350,181
left_turning,98418,98350,98418,68
sniffing,98463,98418,98463,45
rising,98487,98463,98487,24
climbing,98608,98487,98608,121
rearing,98611,98608,98611,3
sniffing,98658,98611,98658,47
left_turning,98659,98658,98659,1
sniffing,98660,98659,98660,1
walking,98770,98660,98770,110
left_turning,98817,98770,98817,47
walking,98896,98817,98896,79
sniffing,99007,98896,99007,111
grooming,99325,99007,99325,318
right_turning,99346,99325,99346,21
sniffing,99347,99346,99347,1
pausing,99508,99347,99508,161
sniffing,99533,99508,99533,25
stepping,99555,99533,99555,22
sniffing,99556,99555,99556,1
trotting,99570,99556,99570,14
rising,99588,99570,99588,18
sniffing,99809,99588,99809,221
grooming,99994,99809,99994,185
rearing,100256,99994,100256,262
sniffing,100432,100256,100432,176
left_turning,100499,100432,100499,67
sniffing,100567,100499,100567,68
grooming,100621,100567,100621,54
rearing,100654,100621,100654,33
sniffing,100655,100654,100655,1
rising,100656,100655,100656,1
sniffing,100774,100656,100774,118
rising,100775,100774,100775,1
grooming,100776,100775,100776,1
sniffing,100859,100776,100859,83
pausing,101102,100859,101102,243
sniffing,101172,101102,101172,70
right_turning,101181,101172,101181,9
sniffing,101220,101181,101220,39
walking,101268,101220,101268,48
climbing,101314,101268,101314,46
stepping,101375,101314,101375,61
rearing,101408,101375,101408,33
walking,101409,101408,101409,1
rising,101414,101409,101414,5
rearing,101481,101414,101481,67
climbing,101482,101481,101482,1
right_turning,101487,101482,101487,5
walking,101528,101487,101528,41
stepping,101550,101528,101550,22
grooming,102387,101550,102387,837
left_turning,102417,102387,102417,30
walking,102452,102417,102452,35
stepping,102515,102452,102515,63
walking,102548,102515,102548,33
sniffing,102646,102548,102646,98
climbing,102681,102646,102681,35
sniffing,102796,102681,102796,115
climbing,102889,102796,102889,93
right_turning,102890,102889,102890,1
trotting,102930,102890,102930,40
sniffing,103004,102930,103004,74
climbing,103067,103004,103067,63
right_turning,103068,103067,103068,1
walking,103130,103068,103130,62
left_turning,103161,103130,103161,31
walking,103169,103161,103169,8
stepping,103206,103169,103206,37
climbing,103513,103206,103513,307
right_turning,103542,103513,103542,29
walking,103553,103542,103553,11
climbing,103632,103553,103632,79
trotting,103696,103632,103696,64
sniffing,103714,103696,103714,18
right_turning,103735,103714,103735,21
trotting,103747,103735,103747,12
walking,103814,103747,103814,67
rearing,103826,103814,103826,12
rising,103827,103826,103827,1
climbing,103941,103827,103941,114
rising,104045,103941,104045,104
climbing,104046,104045,104046,1
right_turning,104095,104046,104095,49
pausing,104547,104095,104547,452
sniffing,104612,104547,104612,65
right_turning,104641,104612,104641,29
walking,104686,104641,104686,45
sniffing,104804,104686,104804,118
walking,104842,104804,104842,38
left_turning,104870,104842,104870,28
sniffing,104871,104870,104871,1
climbing,104935,104871,104935,64
grooming,104936,104935,104936,1
rearing,104955,104936,104955,19
grooming,105081,104955,105081,126
left_turning,105155,105081,105155,74
sniffing,105187,105155,105187,32
pausing,105556,105187,105556,369
sniffing,105557,105556,105557,1
trotting,105572,105557,105572,15
stepping,105589,105572,105589,17
rearing,105590,105589,105590,1
climbing,105759,105590,105759,169
walking,105771,105759,105771,12
sniffing,105915,105771,105915,144
grooming,105916,105915,105916,1
climbing,105925,105916,105925,9
walking,105985,105925,105985,60
climbing,105986,105985,105986,1
running,106026,105986,106026,40
sniffing,106031,106026,106031,5
left_turning,106074,106031,106074,43
sniffing,106125,106074,106125,51
grooming,106273,106125,106273,148
climbing,106293,106273,106293,20
walking,106297,106293,106297,4
climbing,106352,106297,106352,55
rising,106354,106352,106354,2
sniffing,106389,106354,106389,35
right_turning,106406,106389,106406,17
climbing,106444,106406,106444,38
rising,106453,106444,106453,9
climbing,106512,106453,106512,59
pausing,106513,106512,106513,1
climbing,106521,106513,106521,8
rearing,106522,106521,106522,1
sniffing,106670,106522,106670,148
rising,106689,106670,106689,19
sniffing,106690,106689,106690,1
walking,106703,106690,106703,13
rearing,106779,106703,106779,76
climbing,106844,106779,106844,65
trotting,106896,106844,106896,52
walking,106957,106896,106957,61
trotting,106989,106957,106989,32
walking,107059,106989,107059,70
rising,107067,107059,107067,8
climbing,107137,107067,107137,70
walking,107156,107137,107156,19
left_turning,107210,107156,107210,54
rising,107214,107210,107214,4
sniffing,107406,107214,107406,192
pausing,107434,107406,107434,28
sniffing,107721,107434,107721,287
walking,107845,107721,107845,124
stepping,107851,107845,107851,6
sniffing,108000,107851,108000,149
