revised_movement_label,segBoundary,segBoundary_start,segBoundary_end,length
sniffing,45,0,45,45
walking,46,45,46,1
trotting,90,46,90,44
sniffing,127,90,127,37
rising,128,127,128,1
sniffing,129,128,129,1
walking,183,129,183,54
sniffing,426,183,426,243
left_turning,439,426,439,13
sniffing,478,439,478,39
trotting,542,478,542,64
running,584,542,584,42
walking,600,584,600,16
climbing,650,600,650,50
trotting,691,650,691,41
sniffing,692,691,692,1
left_turning,716,692,716,24
trotting,763,716,763,47
stepping,768,763,768,5
climbing,842,768,842,74
right_turning,879,842,879,37
running,909,879,909,30
sniffing,1099,909,1099,190
walking,1109,1099,1109,10
climbing,1155,1109,1155,46
sniffing,1193,1155,1193,38
stepping,1226,1193,1226,33
walking,1268,1226,1268,42
climbing,1296,1268,1296,28
walking,1298,1296,1298,2
left_turning,1369,1298,1369,71
sniffing,1370,1369,1370,1
rising,1471,1370,1471,101
sniffing,1512,1471,1512,41
climbing,1631,1512,1631,119
rising,1632,1631,1632,1
climbing,1688,1632,1688,56
trotting,1717,1688,1717,29
sniffing,1900,1717,1900,183
climbing,1970,1900,1970,70
rising,1971,1970,1971,1
climbing,2054,1971,2054,83
trotting,2071,2054,2071,17
left_turning,2072,2071,2072,1
sniffing,2073,2072,2073,1
trotting,2132,2073,2132,59
rising,2181,2132,2181,49
climbing,2206,2181,2206,25
rising,2240,2206,2240,34
walking,2241,2240,2241,1
sniffing,2308,2241,2308,67
hunching,2309,2308,2309,1
sniffing,2330,2309,2330,21
climbing,2391,2330,2391,61
trotting,2414,2391,2414,23
left_turning,2423,2414,2423,9
running,2433,2423,2433,10
walking,2486,2433,2486,53
sniffing,2532,2486,2532,46
climbing,2566,2532,2566,34
rising,2623,2566,2623,57
sniffing,2780,2623,2780,157
grooming,2903,2780,2903,123
rising,2931,2903,2931,28
sniffing,2976,2931,2976,45
stepping,3015,2976,3015,39
sniffing,3115,3015,3115,100
rising,3173,3115,3173,58
trotting,3226,3173,3226,53
left_turning,3228,3226,3228,2
rising,3229,3228,3229,1
climbing,3290,3229,3290,61
sniffing,3361,3290,3361,71
trotting,3366,3361,3366,5
walking,3387,3366,3387,21
trotting,3463,3387,3463,76
sniffing,3489,3463,3489,26
left_turning,3545,3489,3545,56
sniffing,3601,3545,3601,56
right_turning,3617,3601,3617,16
walking,3692,3617,3692,75
stepping,3720,3692,3720,28
walking,3790,3720,3790,70
sniffing,3848,3790,3848,58
climbing,3913,3848,3913,65
sniffing,3984,3913,3984,71
trotting,4006,3984,4006,22
rising,4015,4006,4015,9
climbing,4104,4015,4104,89
walking,4105,4104,4105,1
left_turning,4130,4105,4130,25
walking,4131,4130,4131,1
sniffing,4175,4131,4175,44
walking,4176,4175,4176,1
left_turning,4282,4176,4282,106
rising,4283,4282,4283,1
stepping,4330,4283,4330,47
walking,4392,4330,4392,62
climbing,4431,4392,4431,39
rearing,4493,4431,4493,62
trotting,4513,4493,4513,20
rising,4521,4513,4521,8
sniffing,4526,4521,4526,5
climbing,4542,4526,4542,16
walking,4590,4542,4590,48
sniffing,4618,4590,4618,28
walking,4619,4618,4619,1
trotting,4634,4619,4634,15
walking,4672,4634,4672,38
sniffing,4719,4672,4719,47
pausing,5321,4719,5321,602
sniffing,5378,5321,5378,57
right_turning,5406,5378,5406,28
stepping,5469,5406,5469,63
sniffing,5535,5469,5535,66
climbing,5591,5535,5591,56
rising,5625,5591,5625,34
sniffing,5718,5625,5718,93
trotting,5802,5718,5802,84
walking,5874,5802,5874,72
running,5894,5874,5894,20
walking,5895,5894,5895,1
sniffing,5896,5895,5896,1
walking,5897,5896,5897,1
sniffing,5925,5897,5925,28
left_turning,5938,5925,5938,13
trotting,5987,5938,5987,49
left_turning,6071,5987,6071,84
sniffing,6131,6071,6131,60
climbing,6181,6131,6181,50
rising,6197,6181,6197,16
sniffing,6246,6197,6246,49
running,6304,6246,6304,58
walking,6360,6304,6360,56
rising,6361,6360,6361,1
walking,6489,6361,6489,128
climbing,6514,6489,6514,25
sniffing,6515,6514,6515,1
stepping,6565,6515,6565,50
walking,6593,6565,6593,28
running,6615,6593,6615,22
sniffing,6642,6615,6642,27
walking,6686,6642,6686,44
rising,6738,6686,6738,52
climbing,6799,6738,6799,61
rising,6886,6799,6886,87
climbing,6908,6886,6908,22
walking,6956,6908,6956,48
left_turning,6978,6956,6978,22
rising,7000,6978,7000,22
sniffing,7073,7000,7073,73
walking,7147,7073,7147,74
trotting,7178,7147,7178,31
walking,7228,7178,7228,50
running,7229,7228,7229,1
trotting,7283,7229,7283,54
sniffing,7381,7283,7381,98
trotting,7421,7381,7421,40
walking,7447,7421,7447,26
rearing,7448,7447,7448,1
climbing,7494,7448,7494,46
sniffing,7581,7494,7581,87
rising,7582,7581,7582,1
climbing,7627,7582,7627,45
walking,7687,7627,7687,60
sniffing,7688,7687,7688,1
climbing,7707,7688,7707,19
left_turning,7758,7707,7758,51
running,7810,7758,7810,52
sniffing,7851,7810,7851,41
trotting,7873,7851,7873,22
grooming,7889,7873,7889,16
rising,7890,7889,7890,1
right_turning,7939,7890,7939,49
walking,7940,7939,7940,1
sniffing,7941,7940,7941,1
hunching,7942,7941,7942,1
sniffing,8075,7942,8075,133
left_turning,8170,8075,8170,95
walking,8204,8170,8204,34
hunching,8229,8204,8229,25
sniffing,8400,8229,8400,171
left_turning,8402,8400,8402,2
walking,8486,8402,8486,84
sniffing,8500,8486,8500,14
climbing,8520,8500,8520,20
sniffing,8521,8520,8521,1
walking,8566,8521,8566,45
sniffing,8594,8566,8594,28
trotting,8623,8594,8623,29
stepping,8683,8623,8683,60
climbing,8692,8683,8692,9
trotting,8731,8692,8731,39
rising,8812,8731,8812,81
sniffing,8900,8812,8900,88
left_turning,8944,8900,8944,44
trotting,9000,8944,9000,56
left_turning,9018,9000,9018,18
sniffing,9052,9018,9052,34
climbing,9131,9052,9131,79
rising,9177,9131,9177,46
walking,9178,9177,9178,1
right_turning,9213,9178,9213,35
trotting,9227,9213,9227,14
walking,9248,9227,9248,21
left_turning,9290,9248,9290,42
sniffing,9384,9290,9384,94
climbing,9435,9384,9435,51
rising,9485,9435,9485,50
grooming,9561,9485,9561,76
climbing,9651,9561,9651,90
hunching,9668,9651,9668,17
rising,9670,9668,9670,2
walking,9671,9670,9671,1
rising,9718,9671,9718,47
climbing,9818,9718,9818,100
rising,9837,9818,9837,19
climbing,9879,9837,9879,42
left_turning,9941,9879,9941,62
walking,9994,9941,9994,53
right_turning,10003,9994,10003,9
running,10025,10003,10025,22
walking,10093,10025,10093,68
stepping,10126,10093,10126,33
sniffing,10139,10126,10139,13
right_turning,10158,10139,10158,19
trotting,10185,10158,10185,27
walking,10226,10185,10226,41
sniffing,10227,10226,10227,1
rising,10247,10227,10247,20
climbing,10307,10247,10307,60
running,10344,10307,10344,37
walking,10352,10344,10352,8
rearing,10423,10352,10423,71
grooming,10520,10423,10520,97
rising,10562,10520,10562,42
sniffing,10585,10562,10585,23
walking,10628,10585,10628,43
sniffing,10749,10628,10749,121
walking,10799,10749,10799,50
rising,10813,10799,10813,14
sniffing,10814,10813,10814,1
walking,10881,10814,10881,67
sniffing,10885,10881,10885,4
trotting,10964,10885,10964,79
walking,10981,10964,10981,17
stepping,11001,10981,11001,20
climbing,11069,11001,11069,68
rising,11140,11069,11140,71
sniffing,11196,11140,11196,56
climbing,11230,11196,11230,34
left_turning,11231,11230,11231,1
stepping,11304,11231,11304,73
sniffing,11330,11304,11330,26
climbing,11480,11330,11480,150
rising,11559,11480,11559,79
walking,11631,11559,11631,72
sniffing,11632,11631,11632,1
walking,11636,11632,11636,4
sniffing,11740,11636,11740,104
walking,11779,11740,11779,39
sniffing,11780,11779,11780,1
stepping,11822,11780,11822,42
walking,11889,11822,11889,67
climbing,11897,11889,11897,8
rising,11947,11897,11947,50
climbing,12016,11947,12016,69
left_turning,12082,12016,12082,66
sniffing,12140,12082,12140,58
walking,12160,12140,12160,20
sniffing,12198,12160,12198,38
climbing,12271,12198,12271,73
rising,12285,12271,12285,14
climbing,12372,12285,12372,87
rearing,12373,12372,12373,1
grooming,12405,12373,12405,32
hunching,12432,12405,12432,27
rising,12433,12432,12433,1
sniffing,12468,12433,12468,35
left_turning,12486,12468,12486,18
walking,12531,12486,12531,45
sniffing,12532,12531,12532,1
trotting,12533,12532,12533,1
sniffing,12573,12533,12573,40
trotting,12602,12573,12602,29
left_turning,12659,12602,12659,57
sniffing,12660,12659,12660,1
climbing,12683,12660,12683,23
walking,12726,12683,12726,43
trotting,12761,12726,12761,35
sniffing,12790,12761,12790,29
climbing,12794,12790,12794,4
stepping,12844,12794,12844,50
walking,12882,12844,12882,38
sniffing,12883,12882,12883,1
left_turning,12884,12883,12884,1
trotting,12892,12884,12892,8
left_turning,12973,12892,12973,81
running,13033,12973,13033,60
trotting,13074,13033,13074,41
walking,13200,13074,13200,126
climbing,13213,13200,13213,13
walking,13257,13213,13257,44
rising,13267,13257,13267,10
left_turning,13312,13267,13312,45
right_turning,13330,13312,13330,18
running,13372,13330,13372,42
left_turning,13409,13372,13409,37
running,13427,13409,13427,18
sniffing,13433,13427,13433,6
trotting,13442,13433,13442,9
walking,13535,13442,13535,93
sniffing,13640,13535,13640,105
left_turning,13707,13640,13707,67
running,13735,13707,13735,28
trotting,13736,13735,13736,1
left_turning,13797,13736,13797,61
walking,13835,13797,13835,38
sniffing,13836,13835,13836,1
walking,13885,13836,13885,49
stepping,13932,13885,13932,47
hunching,13995,13932,13995,63
sniffing,13996,13995,13996,1
rising,14011,13996,14011,15
climbing,14029,14011,14029,18
left_turning,14051,14029,14051,22
sniffing,14083,14051,14083,32
left_turning,14092,14083,14092,9
sniffing,14147,14092,14147,55
left_turning,14188,14147,14188,41
sniffing,14189,14188,14189,1
walking,14211,14189,14211,22
sniffing,14218,14211,14218,7
trotting,14250,14218,14250,32
left_turning,14277,14250,14277,27
climbing,14281,14277,14281,4
right_turning,14320,14281,14320,39
running,14336,14320,14336,16
left_turning,14347,14336,14347,11
sniffing,14349,14347,14349,2
grooming,14371,14349,14371,22
hunching,14380,14371,14380,9
walking,14391,14380,14391,11
rising,14419,14391,14419,28
sniffing,14448,14419,14448,29
stepping,14474,14448,14474,26
walking,14538,14474,14538,64
left_turning,14545,14538,14545,7
sniffing,14580,14545,14580,35
climbing,14673,14580,14673,93
hunching,14694,14673,14694,21
sniffing,14697,14694,14697,3
climbing,14767,14697,14767,70
rising,14783,14767,14783,16
climbing,14844,14783,14844,61
rising,14858,14844,14858,14
climbing,14903,14858,14903,45
sniffing,14957,14903,14957,54
climbing,15014,14957,15014,57
walking,15085,15014,15085,71
sniffing,15157,15085,15157,72
walking,15159,15157,15159,2
sniffing,15189,15159,15189,30
hunching,15215,15189,15215,26
rearing,15216,15215,15216,1
grooming,15289,15216,15289,73
sniffing,15396,15289,15396,107
trotting,15397,15396,15397,1
sniffing,15398,15397,15398,1
climbing,15443,15398,15443,45
rising,15589,15443,15589,146
sniffing,15641,15589,15641,52
walking,15685,15641,15685,44
running,15702,15685,15702,17
left_turning,15717,15702,15717,15
walking,15751,15717,15751,34
sniffing,15836,15751,15836,85
rising,15904,15836,15904,68
sniffing,15941,15904,15941,37
rising,15992,15941,15992,51
left_turning,16012,15992,16012,20
running,16051,16012,16051,39
walking,16078,16051,16078,27
stepping,16153,16078,16153,75
climbing,16204,16153,16204,51
left_turning,16220,16204,16220,16
walking,16230,16220,16230,10
left_turning,16279,16230,16279,49
walking,16348,16279,16348,69
climbing,16445,16348,16445,97
trotting,16456,16445,16456,11
walking,16510,16456,16510,54
rising,16539,16510,16539,29
climbing,16577,16539,16577,38
right_turning,16578,16577,16578,1
running,16604,16578,16604,26
trotting,16668,16604,16668,64
walking,16701,16668,16701,33
running,16714,16701,16714,13
rising,16792,16714,16792,78
sniffing,16853,16792,16853,61
running,16877,16853,16877,24
walking,16904,16877,16904,27
sniffing,16957,16904,16957,53
rising,16977,16957,16977,20
walking,16978,16977,16978,1
sniffing,16988,16978,16988,10
left_turning,17025,16988,17025,37
sniffing,17068,17025,17068,43
climbing,17129,17068,17129,61
rearing,17165,17129,17165,36
grooming,17178,17165,17178,13
sniffing,17232,17178,17232,54
left_turning,17296,17232,17296,64
walking,17307,17296,17307,11
sniffing,17388,17307,17388,81
stepping,17404,17388,17404,16
trotting,17442,17404,17442,38
sniffing,17484,17442,17484,42
walking,17539,17484,17539,55
climbing,17602,17539,17602,63
left_turning,17613,17602,17613,11
sniffing,17653,17613,17653,40
climbing,17706,17653,17706,53
rising,17716,17706,17716,10
rearing,17717,17716,17717,1
sniffing,17784,17717,17784,67
stepping,17822,17784,17822,38
walking,17829,17822,17829,7
climbing,17895,17829,17895,66
walking,17946,17895,17946,51
sniffing,17947,17946,17947,1
rising,17954,17947,17954,7
left_turning,17955,17954,17955,1
walking,17994,17955,17994,39
climbing,18037,17994,18037,43
rising,18073,18037,18073,36
climbing,18131,18073,18131,58
hunching,18204,18131,18204,73
walking,18261,18204,18261,57
sniffing,18333,18261,18333,72
walking,18334,18333,18334,1
sniffing,18386,18334,18386,52
rising,18409,18386,18409,23
climbing,18456,18409,18456,47
stepping,18495,18456,18495,39
sniffing,18625,18495,18625,130
walking,18652,18625,18652,27
sniffing,18717,18652,18717,65
walking,18752,18717,18752,35
sniffing,18826,18752,18826,74
left_turning,18887,18826,18887,61
sniffing,19019,18887,19019,132
trotting,19048,19019,19048,29
stepping,19060,19048,19060,12
trotting,19087,19060,19087,27
walking,19120,19087,19120,33
sniffing,19152,19120,19152,32
rising,19201,19152,19201,49
climbing,19202,19201,19202,1
trotting,19212,19202,19212,10
right_turning,19279,19212,19279,67
left_turning,19280,19279,19280,1
stepping,19314,19280,19314,34
right_turning,19318,19314,19318,4
walking,19375,19318,19375,57
rising,19461,19375,19461,86
climbing,19475,19461,19475,14
sniffing,19590,19475,19590,115
walking,19607,19590,19607,17
sniffing,19608,19607,19608,1
walking,19626,19608,19626,18
sniffing,19709,19626,19709,83
stepping,19739,19709,19739,30
walking,19756,19739,19756,17
sniffing,19807,19756,19807,51
right_turning,19808,19807,19808,1
sniffing,19920,19808,19920,112
rising,19987,19920,19987,67
sniffing,20030,19987,20030,43
left_turning,20179,20030,20179,149
running,20231,20179,20231,52
sniffing,20361,20231,20361,130
rising,20406,20361,20406,45
climbing,20407,20406,20407,1
hunching,20457,20407,20457,50
walking,20544,20457,20544,87
rising,20585,20544,20585,41
climbing,20654,20585,20654,69
sniffing,20702,20654,20702,48
rising,20715,20702,20715,13
right_turning,20730,20715,20730,15
walking,20743,20730,20743,13
sniffing,20744,20743,20744,1
walking,20793,20744,20793,49
sniffing,20794,20793,20794,1
rising,20875,20794,20875,81
sniffing,20876,20875,20876,1
left_turning,20878,20876,20878,2
sniffing,20892,20878,20892,14
walking,20949,20892,20949,57
stepping,20981,20949,20981,32
climbing,21060,20981,21060,79
walking,21123,21060,21123,63
sniffing,21124,21123,21124,1
right_turning,21165,21124,21165,41
left_turning,21263,21165,21263,98
sniffing,21359,21263,21359,96
climbing,21394,21359,21394,35
left_turning,21473,21394,21473,79
walking,21511,21473,21511,38
right_turning,21519,21511,21519,8
trotting,21548,21519,21548,29
climbing,21549,21548,21549,1
sniffing,21614,21549,21614,65
rising,21615,21614,21615,1
climbing,21676,21615,21676,61
left_turning,21689,21676,21689,13
trotting,21740,21689,21740,51
running,21774,21740,21774,34
walking,21822,21774,21822,48
left_turning,21823,21822,21823,1
walking,21918,21823,21918,95
sniffing,21956,21918,21956,38
walking,21997,21956,21997,41
sniffing,22045,21997,22045,48
rearing,22047,22045,22047,2
climbing,22079,22047,22079,32
sniffing,22192,22079,22192,113
left_turning,22216,22192,22216,24
sniffing,22275,22216,22275,59
hunching,22312,22275,22312,37
sniffing,22404,22312,22404,92
pausing,22513,22404,22513,109
sniffing,22526,22513,22526,13
stepping,22551,22526,22551,25
sniffing,22653,22551,22653,102
rising,22678,22653,22678,25
walking,22679,22678,22679,1
trotting,22716,22679,22716,37
rising,22759,22716,22759,43
walking,22760,22759,22760,1
rising,22817,22760,22817,57
climbing,22919,22817,22919,102
sniffing,22920,22919,22920,1
left_turning,22921,22920,22921,1
rising,22948,22921,22948,27
sniffing,22949,22948,22949,1
climbing,22965,22949,22965,16
walking,23018,22965,23018,53
rising,23050,23018,23050,32
climbing,23157,23050,23157,107
rising,23265,23157,23265,108
climbing,23357,23265,23357,92
grooming,23361,23357,23361,4
rearing,23376,23361,23376,15
hunching,23396,23376,23396,20
climbing,23474,23396,23474,78
rearing,23475,23474,23475,1
sniffing,23549,23475,23549,74
trotting,23588,23549,23588,39
sniffing,23661,23588,23661,73
rising,23711,23661,23711,50
running,23746,23711,23746,35
stepping,23785,23746,23785,39
walking,23853,23785,23853,68
climbing,23883,23853,23883,30
left_turning,23913,23883,23913,30
sniffing,23958,23913,23958,45
walking,24001,23958,24001,43
stepping,24062,24001,24062,61
sniffing,24161,24062,24161,99
right_turning,24181,24161,24181,20
left_turning,24218,24181,24218,37
sniffing,24351,24218,24351,133
climbing,24423,24351,24423,72
left_turning,24494,24423,24494,71
sniffing,24552,24494,24552,58
rising,24624,24552,24624,72
left_turning,24632,24624,24632,8
trotting,24677,24632,24677,45
walking,24712,24677,24712,35
climbing,24713,24712,24713,1
right_turning,24796,24713,24796,83
climbing,24841,24796,24841,45
sniffing,24845,24841,24845,4
walking,24875,24845,24875,30
trotting,24902,24875,24902,27
rising,24946,24902,24946,44
rearing,24969,24946,24969,23
climbing,25086,24969,25086,117
sniffing,25107,25086,25107,21
rising,25180,25107,25180,73
sniffing,25266,25180,25266,86
stepping,25288,25266,25288,22
left_turning,25289,25288,25289,1
trotting,25318,25289,25318,29
rising,25319,25318,25319,1
walking,25349,25319,25349,30
left_turning,25360,25349,25360,11
grooming,25685,25360,25685,325
sniffing,25769,25685,25769,84
rearing,25804,25769,25804,35
sniffing,25843,25804,25843,39
walking,25852,25843,25852,9
running,25877,25852,25877,25
left_turning,25932,25877,25932,55
sniffing,26061,25932,26061,129
running,26074,26061,26074,13
rising,26079,26074,26079,5
walking,26120,26079,26120,41
sniffing,26133,26120,26133,13
trotting,26174,26133,26174,41
climbing,26208,26174,26208,34
grooming,26209,26208,26209,1
sniffing,26236,26209,26236,27
walking,26284,26236,26284,48
sniffing,26294,26284,26294,10
walking,26339,26294,26339,45
sniffing,26451,26339,26451,112
walking,26468,26451,26468,17
sniffing,26469,26468,26469,1
stepping,26574,26469,26574,105
climbing,26652,26574,26652,78
sniffing,26780,26652,26780,128
walking,26880,26780,26880,100
stepping,26901,26880,26901,21
sniffing,27004,26901,27004,103
climbing,27052,27004,27052,48
rising,27079,27052,27079,27
climbing,27080,27079,27080,1
sniffing,27198,27080,27198,118
left_turning,27239,27198,27239,41
walking,27271,27239,27271,32
right_turning,27335,27271,27335,64
walking,27375,27335,27375,40
stepping,27412,27375,27412,37
rising,27450,27412,27450,38
sniffing,27493,27450,27493,43
running,27525,27493,27525,32
rising,27554,27525,27554,29
climbing,27566,27554,27566,12
rising,27579,27566,27579,13
climbing,27687,27579,27687,108
sniffing,27842,27687,27842,155
walking,27859,27842,27859,17
sniffing,27919,27859,27919,60
running,27965,27919,27965,46
rising,27991,27965,27991,26
climbing,28067,27991,28067,76
right_turning,28094,28067,28094,27
rising,28103,28094,28103,9
right_turning,28108,28103,28108,5
stepping,28179,28108,28179,71
sniffing,28205,28179,28205,26
rising,28224,28205,28224,19
climbing,28251,28224,28251,27
walking,28283,28251,28283,32
sniffing,28557,28283,28557,274
rising,28622,28557,28622,65
climbing,28693,28622,28693,71
running,28694,28693,28694,1
stepping,28757,28694,28757,63
walking,28778,28757,28778,21
right_turning,28854,28778,28854,76
walking,28929,28854,28929,75
rearing,28992,28929,28992,63
sniffing,29018,28992,29018,26
rising,29069,29018,29069,51
rearing,29165,29069,29165,96
trotting,29215,29165,29215,50
rising,29234,29215,29234,19
left_turning,29307,29234,29307,73
sniffing,29368,29307,29368,61
walking,29418,29368,29418,50
sniffing,29484,29418,29484,66
left_turning,29516,29484,29516,32
trotting,29581,29516,29581,65
rising,29605,29581,29605,24
climbing,29655,29605,29655,50
rising,29703,29655,29703,48
sniffing,29717,29703,29717,14
left_turning,29781,29717,29781,64
sniffing,29782,29781,29782,1
rising,29807,29782,29807,25
sniffing,29902,29807,29902,95
rising,29942,29902,29942,40
sniffing,29978,29942,29978,36
pausing,30223,29978,30223,245
sniffing,30226,30223,30226,3
walking,30270,30226,30270,44
sniffing,30318,30270,30318,48
climbing,30382,30318,30382,64
rising,30407,30382,30407,25
sniffing,30408,30407,30408,1
stepping,30461,30408,30461,53
sniffing,30462,30461,30462,1
rising,30503,30462,30503,41
sniffing,30633,30503,30633,130
climbing,30638,30633,30638,5
running,30652,30638,30652,14
walking,30680,30652,30680,28
sniffing,30722,30680,30722,42
walking,30733,30722,30733,11
left_turning,30767,30733,30767,34
sniffing,30831,30767,30831,64
hunching,30903,30831,30903,72
trotting,30931,30903,30931,28
sniffing,30994,30931,30994,63
climbing,30997,30994,30997,3
rising,31023,30997,31023,26
sniffing,31121,31023,31121,98
right_turning,31156,31121,31156,35
walking,31221,31156,31221,65
left_turning,31228,31221,31228,7
running,31252,31228,31252,24
rearing,31266,31252,31266,14
sniffing,31271,31266,31271,5
rearing,31361,31271,31361,90
rising,31364,31361,31364,3
climbing,31558,31364,31558,194
rising,31559,31558,31559,1
trotting,31580,31559,31580,21
rising,31587,31580,31587,7
sniffing,31856,31587,31856,269
climbing,31900,31856,31900,44
right_turning,31941,31900,31941,41
sniffing,31958,31941,31958,17
left_turning,31998,31958,31998,40
walking,32074,31998,32074,76
rising,32118,32074,32118,44
climbing,32120,32118,32120,2
running,32162,32120,32162,42
sniffing,32210,32162,32210,48
walking,32255,32210,32255,45
sniffing,32278,32255,32278,23
stepping,32338,32278,32338,60
left_turning,32339,32338,32339,1
rising,32353,32339,32353,14
climbing,32473,32353,32473,120
walking,32523,32473,32523,50
sniffing,32563,32523,32563,40
walking,32605,32563,32605,42
sniffing,32657,32605,32657,52
left_turning,32669,32657,32669,12
walking,32684,32669,32684,15
sniffing,32776,32684,32776,92
left_turning,32780,32776,32780,4
walking,32791,32780,32791,11
climbing,32792,32791,32792,1
sniffing,32860,32792,32860,68
walking,32889,32860,32889,29
climbing,32890,32889,32890,1
hunching,32948,32890,32948,58
climbing,33118,32948,33118,170
left_turning,33145,33118,33145,27
trotting,33204,33145,33204,59
running,33215,33204,33215,11
sniffing,33313,33215,33313,98
right_turning,33391,33313,33391,78
left_turning,33444,33391,33444,53
rising,33447,33444,33447,3
walking,33491,33447,33491,44
sniffing,33492,33491,33492,1
left_turning,33499,33492,33499,7
walking,33500,33499,33500,1
sniffing,33645,33500,33645,145
walking,33683,33645,33683,38
rising,33761,33683,33761,78
sniffing,33899,33761,33899,138
trotting,33937,33899,33937,38
sniffing,33994,33937,33994,57
climbing,34039,33994,34039,45
sniffing,34056,34039,34056,17
rising,34057,34056,34057,1
climbing,34107,34057,34107,50
walking,34116,34107,34116,9
rising,34117,34116,34117,1
stepping,34148,34117,34148,31
rearing,34172,34148,34172,24
right_turning,34173,34172,34173,1
sniffing,34535,34173,34535,362
walking,34616,34535,34616,81
sniffing,34714,34616,34714,98
walking,34731,34714,34731,17
sniffing,34867,34731,34867,136
left_turning,34921,34867,34921,54
sniffing,35038,34921,35038,117
rising,35118,35038,35118,80
trotting,35166,35118,35166,48
hunching,35200,35166,35200,34
climbing,35283,35200,35283,83
running,35306,35283,35306,23
walking,35352,35306,35352,46
left_turning,35404,35352,35404,52
sniffing,35470,35404,35470,66
climbing,35536,35470,35536,66
rising,35537,35536,35537,1
climbing,35666,35537,35666,129
sniffing,35667,35666,35667,1
climbing,35718,35667,35718,51
sniffing,35985,35718,35985,267
running,35995,35985,35995,10
sniffing,36125,35995,36125,130
rearing,36185,36125,36185,60
climbing,36266,36185,36266,81
walking,36289,36266,36289,23
climbing,36300,36289,36300,11
walking,36337,36300,36337,37
rising,36442,36337,36442,105
trotting,36473,36442,36473,31
sniffing,36475,36473,36475,2
walking,36476,36475,36476,1
climbing,36509,36476,36509,33
rising,36541,36509,36541,32
climbing,36570,36541,36570,29
sniffing,36649,36570,36649,79
right_turning,36663,36649,36663,14
trotting,36733,36663,36733,70
left_turning,36757,36733,36757,24
trotting,36758,36757,36758,1
sniffing,36759,36758,36759,1
walking,36764,36759,36764,5
climbing,36864,36764,36864,100
walking,36910,36864,36910,46
climbing,36967,36910,36967,57
grooming,37179,36967,37179,212
rising,37182,37179,37182,3
sniffing,37214,37182,37214,32
rising,37287,37214,37287,73
sniffing,37342,37287,37342,55
right_turning,37347,37342,37347,5
rearing,37348,37347,37348,1
right_turning,37385,37348,37385,37
walking,37418,37385,37418,33
left_turning,37461,37418,37461,43
sniffing,37489,37461,37489,28
climbing,37656,37489,37656,167
left_turning,37685,37656,37685,29
climbing,37772,37685,37772,87
right_turning,37779,37772,37779,7
rising,37837,37779,37837,58
sniffing,37838,37837,37838,1
walking,37912,37838,37912,74
rising,37948,37912,37948,36
walking,37970,37948,37970,22
sniffing,38096,37970,38096,126
climbing,38326,38096,38326,230
rearing,38386,38326,38386,60
grooming,38387,38386,38387,1
rearing,38474,38387,38474,87
sniffing,38507,38474,38507,33
stepping,38574,38507,38574,67
walking,38613,38574,38613,39
climbing,38643,38613,38643,30
sniffing,38681,38643,38681,38
walking,38703,38681,38703,22
running,38747,38703,38747,44
trotting,38748,38747,38748,1
walking,38810,38748,38810,62
running,38841,38810,38841,31
walking,38878,38841,38878,37
sniffing,38922,38878,38922,44
walking,38935,38922,38935,13
sniffing,38982,38935,38982,47
stepping,38983,38982,38983,1
walking,39035,38983,39035,52
sniffing,39107,39035,39107,72
hunching,39185,39107,39185,78
rising,39285,39185,39285,100
rearing,39327,39285,39327,42
jumping,39328,39327,39328,1
rising,39329,39328,39329,1
sniffing,39342,39329,39342,13
left_turning,39391,39342,39391,49
trotting,39458,39391,39458,67
climbing,39475,39458,39475,17
rearing,39476,39475,39476,1
grooming,39510,39476,39510,34
sniffing,39521,39510,39521,11
stepping,39574,39521,39574,53
climbing,39600,39574,39600,26
walking,39613,39600,39613,13
climbing,39699,39613,39699,86
walking,39763,39699,39763,64
trotting,39779,39763,39779,16
rising,39790,39779,39790,11
climbing,39839,39790,39839,49
sniffing,39848,39839,39848,9
walking,39878,39848,39878,30
climbing,39942,39878,39942,64
trotting,39984,39942,39984,42
walking,40013,39984,40013,29
trotting,40074,40013,40074,61
left_turning,40111,40074,40111,37
sniffing,40182,40111,40182,71
climbing,40183,40182,40183,1
sniffing,40265,40183,40265,82
hunching,40314,40265,40314,49
sniffing,40339,40314,40339,25
trotting,40366,40339,40366,27
walking,40381,40366,40381,15
sniffing,40410,40381,40410,29
trotting,40445,40410,40445,35
sniffing,40542,40445,40542,97
stepping,40570,40542,40570,28
rearing,40571,40570,40571,1
walking,40594,40571,40594,23
stepping,40645,40594,40645,51
walking,40726,40645,40726,81
rearing,40793,40726,40793,67
sniffing,40876,40793,40876,83
hunching,40921,40876,40921,45
walking,40960,40921,40960,39
sniffing,41032,40960,41032,72
climbing,41062,41032,41062,30
rising,41063,41062,41063,1
hunching,41064,41063,41064,1
sniffing,41065,41064,41065,1
rearing,41171,41065,41171,106
rising,41223,41171,41223,52
rearing,41333,41223,41333,110
climbing,41343,41333,41343,10
grooming,41570,41343,41570,227
sniffing,41642,41570,41642,72
walking,41706,41642,41706,64
sniffing,41788,41706,41788,82
climbing,41881,41788,41881,93
trotting,41917,41881,41917,36
sniffing,41918,41917,41918,1
running,41962,41918,41962,44
walking,42016,41962,42016,54
climbing,42090,42016,42090,74
rising,42134,42090,42134,44
climbing,42198,42134,42198,64
right_turning,42226,42198,42226,28
sniffing,42342,42226,42342,116
climbing,42377,42342,42377,35
sniffing,42482,42377,42482,105
rising,42545,42482,42545,63
climbing,42597,42545,42597,52
rising,42665,42597,42665,68
left_turning,42666,42665,42666,1
walking,42732,42666,42732,66
sniffing,42733,42732,42733,1
climbing,42768,42733,42768,35
sniffing,42769,42768,42769,1
climbing,42937,42769,42937,168
left_turning,42998,42937,42998,61
rising,43067,42998,43067,69
left_turning,43068,43067,43068,1
trotting,43109,43068,43109,41
sniffing,43176,43109,43176,67
stepping,43203,43176,43203,27
rearing,43323,43203,43323,120
left_turning,43388,43323,43388,65
sniffing,43564,43388,43564,176
climbing,43586,43564,43586,22
trotting,43592,43586,43592,6
walking,43616,43592,43616,24
stepping,43651,43616,43651,35
sniffing,43686,43651,43686,35
rising,43687,43686,43687,1
right_turning,43688,43687,43688,1
walking,43721,43688,43721,33
climbing,43775,43721,43775,54
walking,43796,43775,43796,21
trotting,43801,43796,43801,5
rising,43845,43801,43845,44
climbing,43968,43845,43968,123
rising,43991,43968,43991,23
sniffing,44035,43991,44035,44
rising,44050,44035,44050,15
rearing,44061,44050,44061,11
right_turning,44065,44061,44065,4
walking,44114,44065,44114,49
stepping,44187,44114,44187,73
sniffing,44251,44187,44251,64
walking,44274,44251,44274,23
rearing,44362,44274,44362,88
running,44367,44362,44367,5
sniffing,44377,44367,44377,10
walking,44393,44377,44393,16
sniffing,44415,44393,44415,22
climbing,44481,44415,44481,66
running,44502,44481,44502,21
rising,44509,44502,44509,7
sniffing,44510,44509,44510,1
walking,44531,44510,44531,21
left_turning,44599,44531,44599,68
sniffing,44672,44599,44672,73
rearing,44722,44672,44722,50
walking,44785,44722,44785,63
rising,44873,44785,44873,88
left_turning,44909,44873,44909,36
hunching,44910,44909,44910,1
sniffing,44997,44910,44997,87
left_turning,45009,44997,45009,12
sniffing,45010,45009,45010,1
right_turning,45075,45010,45075,65
rising,45126,45075,45126,51
sniffing,45194,45126,45194,68
left_turning,45252,45194,45252,58
sniffing,45253,45252,45253,1
rising,45254,45253,45254,1
walking,45263,45254,45263,9
sniffing,45372,45263,45372,109
climbing,45418,45372,45418,46
rising,45435,45418,45435,17
rearing,45436,45435,45436,1
sniffing,45457,45436,45457,21
left_turning,45481,45457,45481,24
walking,45500,45481,45500,19
climbing,45516,45500,45516,16
hunching,45520,45516,45520,4
sniffing,45553,45520,45553,33
left_turning,45564,45553,45564,11
rising,45573,45564,45573,9
rearing,45630,45573,45630,57
hunching,45647,45630,45647,17
walking,45657,45647,45657,10
right_turning,45687,45657,45687,30
sniffing,45793,45687,45793,106
walking,45918,45793,45918,125
left_turning,45969,45918,45969,51
running,46005,45969,46005,36
rising,46077,46005,46077,72
left_turning,46083,46077,46083,6
right_turning,46123,46083,46123,40
walking,46155,46123,46155,32
trotting,46200,46155,46200,45
running,46201,46200,46201,1
walking,46205,46201,46205,4
rising,46230,46205,46230,25
climbing,46343,46230,46343,113
left_turning,46402,46343,46402,59
walking,46448,46402,46448,46
rearing,46449,46448,46449,1
grooming,46626,46449,46626,177
rearing,46676,46626,46676,50
rising,46739,46676,46739,63
left_turning,46786,46739,46786,47
rising,46821,46786,46821,35
sniffing,46907,46821,46907,86
rising,46961,46907,46961,54
stepping,46974,46961,46974,13
sniffing,47153,46974,47153,179
walking,47208,47153,47208,55
sniffing,47250,47208,47250,42
pausing,47377,47250,47377,127
sniffing,47492,47377,47492,115
rising,47561,47492,47561,69
trotting,47596,47561,47596,35
left_turning,47671,47596,47671,75
walking,47688,47671,47688,17
climbing,47720,47688,47720,32
grooming,47721,47720,47721,1
left_turning,47722,47721,47722,1
stepping,47773,47722,47773,51
walking,47807,47773,47807,34
sniffing,47810,47807,47810,3
stepping,47879,47810,47879,69
sniffing,47910,47879,47910,31
right_turning,47936,47910,47936,26
stepping,47990,47936,47990,54
rising,48032,47990,48032,42
climbing,48098,48032,48098,66
sniffing,48154,48098,48154,56
pausing,48311,48154,48311,157
sniffing,48312,48311,48312,1
left_turning,48399,48312,48399,87
running,48441,48399,48441,42
rising,48450,48441,48450,9
climbing,48558,48450,48558,108
sniffing,48612,48558,48612,54
right_turning,48645,48612,48645,33
trotting,48692,48645,48692,47
hunching,48693,48692,48693,1
stepping,48736,48693,48736,43
rearing,48737,48736,48737,1
grooming,48947,48737,48947,210
sniffing,49123,48947,49123,176
walking,49163,49123,49163,40
sniffing,49231,49163,49231,68
rising,49262,49231,49262,31
sniffing,49331,49262,49331,69
walking,49363,49331,49363,32
stepping,49416,49363,49416,53
sniffing,49420,49416,49420,4
walking,49458,49420,49458,38
sniffing,49563,49458,49563,105
walking,49581,49563,49581,18
sniffing,49651,49581,49651,70
rising,49652,49651,49652,1
rearing,49687,49652,49687,35
grooming,50102,49687,50102,415
rising,50103,50102,50103,1
sniffing,50104,50103,50104,1
left_turning,50143,50104,50143,39
sniffing,50195,50143,50195,52
walking,50196,50195,50196,1
sniffing,50215,50196,50215,19
walking,50216,50215,50216,1
running,50221,50216,50221,5
sniffing,50329,50221,50329,108
right_turning,50365,50329,50365,36
walking,50401,50365,50401,36
climbing,50442,50401,50442,41
walking,50538,50442,50538,96
trotting,50578,50538,50578,40
sniffing,50722,50578,50722,144
rising,50753,50722,50753,31
left_turning,50810,50753,50810,57
walking,50838,50810,50838,28
rising,50839,50838,50839,1
sniffing,50925,50839,50925,86
trotting,50964,50925,50964,39
walking,51005,50964,51005,41
sniffing,51040,51005,51040,35
hunching,51045,51040,51045,5
climbing,51130,51045,51130,85
sniffing,51186,51130,51186,56
left_turning,51326,51186,51326,140
walking,51378,51326,51378,52
sniffing,51493,51378,51493,115
trotting,51516,51493,51516,23
left_turning,51542,51516,51542,26
sniffing,51543,51542,51543,1
running,51545,51543,51545,2
stepping,51562,51545,51562,17
walking,51647,51562,51647,85
sniffing,51815,51647,51815,168
right_turning,51820,51815,51820,5
stepping,51821,51820,51821,1
walking,51881,51821,51881,60
sniffing,52010,51881,52010,129
walking,52024,52010,52024,14
left_turning,52048,52024,52048,24
walking,52090,52048,52090,42
left_turning,52091,52090,52091,1
running,52092,52091,52092,1
walking,52179,52092,52179,87
left_turning,52180,52179,52180,1
trotting,52182,52180,52182,2
sniffing,52253,52182,52253,71
rearing,52286,52253,52286,33
sniffing,52324,52286,52324,38
climbing,52346,52324,52346,22
rearing,52367,52346,52367,21
sniffing,52613,52367,52613,246
walking,52629,52613,52629,16
right_turning,52675,52629,52675,46
walking,52684,52675,52684,9
sniffing,52685,52684,52685,1
stepping,52715,52685,52715,30
sniffing,52716,52715,52716,1
stepping,52747,52716,52747,31
climbing,52808,52747,52808,61
sniffing,52858,52808,52858,50
walking,52982,52858,52982,124
sniffing,53149,52982,53149,167
walking,53150,53149,53150,1
sniffing,53208,53150,53208,58
running,53222,53208,53222,14
left_turning,53224,53222,53224,2
trotting,53228,53224,53228,4
sniffing,53262,53228,53262,34
right_turning,53284,53262,53284,22
sniffing,53291,53284,53291,7
running,53335,53291,53335,44
rising,53369,53335,53369,34
climbing,53370,53369,53370,1
rising,53426,53370,53426,56
climbing,53465,53426,53465,39
rising,53466,53465,53466,1
sniffing,53547,53466,53547,81
stepping,53596,53547,53596,49
rising,53637,53596,53637,41
rearing,53691,53637,53691,54
left_turning,53715,53691,53715,24
sniffing,53793,53715,53793,78
rising,53796,53793,53796,3
climbing,53837,53796,53837,41
rearing,53869,53837,53869,32
sniffing,53960,53869,53960,91
trotting,54007,53960,54007,47
climbing,54085,54007,54085,78
sniffing,54086,54085,54086,1
rearing,54129,54086,54129,43
grooming,54130,54129,54130,1
rearing,54131,54130,54131,1
rising,54159,54131,54159,28
sniffing,54255,54159,54255,96
trotting,54307,54255,54307,52
sniffing,54433,54307,54433,126
rising,54434,54433,54434,1
sniffing,54435,54434,54435,1
left_turning,54436,54435,54436,1
trotting,54498,54436,54498,62
sniffing,54605,54498,54605,107
walking,54637,54605,54637,32
rising,54657,54637,54657,20
rearing,54730,54657,54730,73
rising,54781,54730,54781,51
climbing,54829,54781,54829,48
rearing,54932,54829,54932,103
sniffing,54956,54932,54956,24
left_turning,55007,54956,55007,51
sniffing,55008,55007,55008,1
left_turning,55036,55008,55036,28
sniffing,55194,55036,55194,158
stepping,55234,55194,55234,40
walking,55293,55234,55293,59
sniffing,55294,55293,55294,1
rising,55295,55294,55295,1
climbing,55364,55295,55364,69
rearing,55417,55364,55417,53
jumping,55561,55417,55561,144
rearing,55599,55561,55599,38
rising,55639,55599,55639,40
climbing,55681,55639,55681,42
hunching,55682,55681,55682,1
sniffing,55748,55682,55748,66
rising,55749,55748,55749,1
right_turning,55765,55749,55765,16
running,55796,55765,55796,31
stepping,55797,55796,55797,1
climbing,55823,55797,55823,26
walking,55824,55823,55824,1
running,55861,55824,55861,37
sniffing,56044,55861,56044,183
walking,56063,56044,56063,19
right_turning,56064,56063,56064,1
rearing,56069,56064,56069,5
left_turning,56093,56069,56093,24
sniffing,56159,56093,56159,66
rearing,56255,56159,56255,96
sniffing,56308,56255,56308,53
walking,56353,56308,56353,45
sniffing,56354,56353,56354,1
climbing,56426,56354,56426,72
sniffing,56427,56426,56427,1
grooming,56428,56427,56428,1
left_turning,56429,56428,56429,1
walking,56524,56429,56524,95
left_turning,56554,56524,56554,30
sniffing,56768,56554,56768,214
right_turning,56781,56768,56781,13
sniffing,56782,56781,56782,1
hunching,56788,56782,56788,6
running,56834,56788,56834,46
left_turning,56844,56834,56844,10
running,56864,56844,56864,20
trotting,56911,56864,56911,47
left_turning,56956,56911,56956,45
stepping,56989,56956,56989,33
sniffing,57078,56989,57078,89
rising,57086,57078,57086,8
left_turning,57128,57086,57128,42
sniffing,57158,57128,57158,30
walking,57189,57158,57189,31
rising,57192,57189,57192,3
left_turning,57241,57192,57241,49
walking,57266,57241,57266,25
stepping,57278,57266,57278,12
sniffing,57308,57278,57308,30
rising,57314,57308,57314,6
walking,57327,57314,57327,13
right_turning,57354,57327,57354,27
stepping,57403,57354,57403,49
sniffing,57404,57403,57404,1
left_turning,57419,57404,57419,15
walking,57467,57419,57467,48
left_turning,57479,57467,57479,12
stepping,57565,57479,57565,86
sniffing,57566,57565,57566,1
walking,57700,57566,57700,134
sniffing,57730,57700,57730,30
right_turning,57778,57730,57778,48
stepping,57826,57778,57826,48
sniffing,58027,57826,58027,201
walking,58072,58027,58072,45
stepping,58074,58072,58074,2
rising,58075,58074,58075,1
climbing,58109,58075,58109,34
rising,58118,58109,58118,9
walking,58182,58118,58182,64
jumping,58183,58182,58183,1
sniffing,58199,58183,58199,16
left_turning,58225,58199,58225,26
walking,58322,58225,58322,97
trotting,58339,58322,58339,17
walking,58371,58339,58371,32
sniffing,58505,58371,58505,134
left_turning,58506,58505,58506,1
rising,58507,58506,58507,1
climbing,58576,58507,58576,69
sniffing,58693,58576,58693,117
rising,58715,58693,58715,22
sniffing,58809,58715,58809,94
walking,58870,58809,58870,61
rising,58912,58870,58912,42
right_turning,58945,58912,58945,33
running,58962,58945,58962,17
sniffing,58963,58962,58963,1
climbing,58969,58963,58969,6
sniffing,59067,58969,59067,98
climbing,59068,59067,59068,1
rearing,59099,59068,59099,31
climbing,59171,59099,59171,72
rising,59249,59171,59249,78
climbing,59302,59249,59302,53
sniffing,59303,59302,59303,1
hunching,59366,59303,59366,63
rising,59418,59366,59418,52
climbing,59539,59418,59539,121
sniffing,59540,59539,59540,1
rising,59592,59540,59592,52
jumping,59659,59592,59659,67
right_turning,59696,59659,59696,37
trotting,59705,59696,59705,9
rearing,59706,59705,59706,1
sniffing,59869,59706,59869,163
climbing,60016,59869,60016,147
right_turning,60054,60016,60054,38
walking,60064,60054,60064,10
sniffing,60370,60064,60370,306
rising,60378,60370,60378,8
rearing,60420,60378,60420,42
climbing,60525,60420,60525,105
walking,60581,60525,60581,56
rearing,60638,60581,60638,57
grooming,60818,60638,60818,180
sniffing,60833,60818,60833,15
stepping,60841,60833,60841,8
rearing,60850,60841,60850,9
sniffing,60967,60850,60967,117
rising,60968,60967,60968,1
climbing,60982,60968,60982,14
rearing,61056,60982,61056,74
climbing,61134,61056,61134,78
hunching,61172,61134,61172,38
walking,61285,61172,61285,113
sniffing,61286,61285,61286,1
climbing,61318,61286,61318,32
sniffing,61386,61318,61386,68
walking,61493,61386,61493,107
climbing,61497,61493,61497,4
sniffing,61529,61497,61529,32
right_turning,61540,61529,61540,11
walking,61560,61540,61560,20
jumping,61590,61560,61590,30
sniffing,61632,61590,61632,42
walking,61702,61632,61702,70
stepping,61749,61702,61749,47
hunching,61776,61749,61776,27
grooming,61892,61776,61892,116
sniffing,62221,61892,62221,329
rearing,62222,62221,62222,1
grooming,62281,62222,62281,59
hunching,62289,62281,62289,8
grooming,62423,62289,62423,134
sniffing,62559,62423,62559,136
climbing,62621,62559,62621,62
rearing,62622,62621,62622,1
sniffing,62766,62622,62766,144
rising,62777,62766,62777,11
stepping,62797,62777,62797,20
sniffing,62798,62797,62798,1
pausing,63050,62798,63050,252
sniffing,63051,63050,63051,1
left_turning,63091,63051,63091,40
sniffing,63197,63091,63197,106
rising,63274,63197,63274,77
rearing,63340,63274,63340,66
sniffing,63398,63340,63398,58
rising,63460,63398,63460,62
sniffing,63461,63460,63461,1
climbing,63544,63461,63544,83
right_turning,63559,63544,63559,15
left_turning,63611,63559,63611,52
sniffing,63661,63611,63661,50
walking,63673,63661,63673,12
sniffing,63776,63673,63776,103
left_turning,63814,63776,63814,38
sniffing,63815,63814,63815,1
right_turning,63858,63815,63858,43
walking,63892,63858,63892,34
sniffing,64004,63892,64004,112
left_turning,64018,64004,64018,14
running,64041,64018,64041,23
sniffing,64095,64041,64095,54
rising,64119,64095,64119,24
walking,64157,64119,64157,38
left_turning,64197,64157,64197,40
trotting,64216,64197,64216,19
sniffing,64217,64216,64217,1
walking,64273,64217,64273,56
trotting,64302,64273,64302,29
walking,64303,64302,64303,1
rising,64340,64303,64340,37
climbing,64467,64340,64467,127
walking,64468,64467,64468,1
climbing,64609,64468,64609,141
rearing,64657,64609,64657,48
climbing,64724,64657,64724,67
rearing,64757,64724,64757,33
hunching,64776,64757,64776,19
climbing,64777,64776,64777,1
rearing,64835,64777,64835,58
grooming,65032,64835,65032,197
rearing,65033,65032,65033,1
climbing,65094,65033,65094,61
right_turning,65125,65094,65125,31
running,65168,65125,65168,43
walking,65217,65168,65217,49
rising,65218,65217,65218,1
sniffing,65362,65218,65362,144
rising,65379,65362,65379,17
climbing,65380,65379,65380,1
rising,65381,65380,65381,1
sniffing,65480,65381,65480,99
rising,65508,65480,65508,28
sniffing,65597,65508,65597,89
climbing,65731,65597,65731,134
running,65733,65731,65733,2
sniffing,65901,65733,65901,168
rising,65960,65901,65960,59
climbing,65986,65960,65986,26
sniffing,66023,65986,66023,37
trotting,66037,66023,66037,14
walking,66095,66037,66095,58
sniffing,66190,66095,66190,95
climbing,66264,66190,66264,74
rearing,66289,66264,66289,25
climbing,66368,66289,66368,79
walking,66403,66368,66403,35
climbing,66491,66403,66491,88
right_turning,66523,66491,66523,32
rising,66551,66523,66551,28
sniffing,66785,66551,66785,234
rearing,66855,66785,66855,70
climbing,66910,66855,66910,55
sniffing,66941,66910,66941,31
trotting,66979,66941,66979,38
walking,67006,66979,67006,27
sniffing,67167,67006,67167,161
walking,67208,67167,67208,41
sniffing,67214,67208,67214,6
hunching,67236,67214,67236,22
climbing,67362,67236,67362,126
right_turning,67399,67362,67399,37
trotting,67463,67399,67463,64
left_turning,67507,67463,67507,44
sniffing,67508,67507,67508,1
rising,67525,67508,67525,17
sniffing,67613,67525,67613,88
walking,67618,67613,67618,5
left_turning,67640,67618,67640,22
sniffing,67726,67640,67726,86
rearing,67755,67726,67755,29
rising,67812,67755,67812,57
sniffing,67940,67812,67940,128
left_turning,67953,67940,67953,13
walking,67989,67953,67989,36
left_turning,68072,67989,68072,83
rising,68139,68072,68139,67
climbing,68220,68139,68220,81
rearing,68269,68220,68269,49
sniffing,68370,68269,68370,101
walking,68401,68370,68401,31
rising,68418,68401,68418,17
climbing,68469,68418,68469,51
grooming,68761,68469,68761,292
sniffing,68762,68761,68762,1
rising,68836,68762,68836,74
grooming,69464,68836,69464,628
sniffing,69553,69464,69553,89
right_turning,69577,69553,69577,24
stepping,69667,69577,69667,90
sniffing,69744,69667,69744,77
walking,69800,69744,69800,56
rearing,69830,69800,69830,30
rising,69873,69830,69873,43
sniffing,70008,69873,70008,135
rising,70009,70008,70009,1
climbing,70134,70009,70134,125
rising,70135,70134,70135,1
grooming,70173,70135,70173,38
sniffing,70250,70173,70250,77
walking,70285,70250,70285,35
sniffing,70320,70285,70320,35
climbing,70321,70320,70321,1
rearing,70322,70321,70322,1
rising,70380,70322,70380,58
sniffing,70431,70380,70431,51
rising,70436,70431,70436,5
climbing,70614,70436,70614,178
right_turning,70660,70614,70660,46
climbing,70703,70660,70703,43
hunching,70765,70703,70765,62
grooming,70766,70765,70766,1
sniffing,70859,70766,70859,93
walking,70860,70859,70860,1
left_turning,70913,70860,70913,53
walking,70914,70913,70914,1
rearing,70921,70914,70921,7
climbing,70939,70921,70939,18
right_turning,70992,70939,70992,53
sniffing,71101,70992,71101,109
rising,71102,71101,71102,1
sniffing,71171,71102,71171,69
climbing,71201,71171,71201,30
right_turning,71228,71201,71228,27
trotting,71282,71228,71282,54
sniffing,71291,71282,71291,9
left_turning,71341,71291,71341,50
sniffing,71476,71341,71476,135
rising,71477,71476,71477,1
climbing,71478,71477,71478,1
rearing,71479,71478,71479,1
rising,71506,71479,71506,27
rearing,71605,71506,71605,99
walking,71628,71605,71628,23
rising,71691,71628,71691,63
rearing,71862,71691,71862,171
climbing,71963,71862,71963,101
right_turning,71964,71963,71964,1
running,72004,71964,72004,40
sniffing,72101,72004,72101,97
rising,72127,72101,72127,26
walking,72180,72127,72180,53
sniffing,72220,72180,72220,40
climbing,72275,72220,72275,55
hunching,72281,72275,72281,6
climbing,72350,72281,72350,69
sniffing,72371,72350,72371,21
walking,72430,72371,72430,59
rising,72447,72430,72447,17
sniffing,72448,72447,72448,1
trotting,72493,72448,72493,45
sniffing,72736,72493,72736,243
left_turning,72764,72736,72764,28
rising,72765,72764,72765,1
climbing,72826,72765,72826,61
rising,72863,72826,72863,37
rearing,72913,72863,72913,50
sniffing,73067,72913,73067,154
rising,73121,73067,73121,54
hunching,73127,73121,73127,6
grooming,73128,73127,73128,1
rearing,73225,73128,73225,97
left_turning,73226,73225,73226,1
sniffing,73227,73226,73227,1
rising,73264,73227,73264,37
climbing,73320,73264,73320,56
sniffing,73384,73320,73384,64
walking,73398,73384,73398,14
stepping,73429,73398,73429,31
walking,73460,73429,73460,31
left_turning,73512,73460,73512,52
walking,73534,73512,73534,22
sniffing,73612,73534,73612,78
grooming,73872,73612,73872,260
climbing,73963,73872,73963,91
rearing,74027,73963,74027,64
grooming,74028,74027,74028,1
rearing,74125,74028,74125,97
rising,74187,74125,74187,62
climbing,74271,74187,74271,84
walking,74298,74271,74298,27
right_turning,74326,74298,74326,28
trotting,74378,74326,74378,52
sniffing,74669,74378,74669,291
stepping,74716,74669,74716,47
sniffing,74798,74716,74798,82
rising,74834,74798,74834,36
sniffing,74835,74834,74835,1
rising,74838,74835,74838,3
sniffing,74853,74838,74853,15
left_turning,74894,74853,74894,41
running,74934,74894,74934,40
rising,74935,74934,74935,1
climbing,74937,74935,74937,2
rising,75022,74937,75022,85
sniffing,75153,75022,75153,131
rearing,75169,75153,75169,16
walking,75285,75169,75285,116
sniffing,75418,75285,75418,133
climbing,75487,75418,75487,69
walking,75509,75487,75509,22
climbing,75558,75509,75558,49
rearing,75579,75558,75579,21
rising,75633,75579,75633,54
sniffing,75847,75633,75847,214
hunching,75913,75847,75913,66
sniffing,75952,75913,75952,39
trotting,75953,75952,75953,1
rising,75957,75953,75957,4
climbing,76046,75957,76046,89
rearing,76065,76046,76065,19
rising,76105,76065,76105,40
sniffing,76363,76105,76363,258
grooming,76492,76363,76492,129
sniffing,76606,76492,76606,114
left_turning,76649,76606,76649,43
sniffing,76827,76649,76827,178
walking,76855,76827,76855,28
sniffing,76858,76855,76858,3
rearing,76859,76858,76859,1
climbing,76921,76859,76921,62
walking,76951,76921,76951,30
sniffing,77212,76951,77212,261
rising,77213,77212,77213,1
right_turning,77227,77213,77227,14
trotting,77271,77227,77271,44
sniffing,77295,77271,77295,24
rising,77313,77295,77313,18
rearing,77407,77313,77407,94
grooming,77453,77407,77453,46
trotting,77514,77453,77514,61
sniffing,77567,77514,77567,53
left_turning,77638,77567,77638,71
walking,77675,77638,77675,37
sniffing,77676,77675,77676,1
rearing,77797,77676,77797,121
rising,77860,77797,77860,63
climbing,77927,77860,77927,67
sniffing,78025,77927,78025,98
trotting,78088,78025,78088,63
rising,78089,78088,78089,1
climbing,78174,78089,78174,85
trotting,78222,78174,78222,48
rising,78250,78222,78250,28
climbing,78258,78250,78258,8
rising,78262,78258,78262,4
climbing,78390,78262,78390,128
sniffing,78435,78390,78435,45
climbing,78469,78435,78469,34
rising,78470,78469,78470,1
right_turning,78504,78470,78504,34
climbing,78569,78504,78569,65
walking,78672,78569,78672,103
rising,78715,78672,78715,43
trotting,78739,78715,78739,24
sniffing,78792,78739,78792,53
climbing,78810,78792,78810,18
right_turning,78827,78810,78827,17
running,78867,78827,78867,40
left_turning,78898,78867,78898,31
sniffing,78899,78898,78899,1
stepping,78906,78899,78906,7
walking,78907,78906,78907,1
sniffing,79112,78907,79112,205
left_turning,79198,79112,79198,86
sniffing,79225,79198,79225,27
running,79273,79225,79273,48
walking,79314,79273,79314,41
left_turning,79327,79314,79327,13
stepping,79363,79327,79363,36
rising,79431,79363,79431,68
rearing,79439,79431,79439,8
rising,79494,79439,79494,55
sniffing,79686,79494,79686,192
trotting,79701,79686,79701,15
rising,79740,79701,79740,39
right_turning,79744,79740,79744,4
sniffing,79863,79744,79863,119
trotting,79864,79863,79864,1
stepping,79912,79864,79912,48
hunching,79922,79912,79922,10
right_turning,79973,79922,79973,51
walking,80011,79973,80011,38
left_turning,80012,80011,80012,1
sniffing,80149,80012,80149,137
climbing,80215,80149,80215,66
rising,80249,80215,80249,34
rearing,80316,80249,80316,67
grooming,80962,80316,80962,646
sniffing,80963,80962,80963,1
climbing,80964,80963,80964,1
right_turning,81009,80964,81009,45
walking,81017,81009,81017,8
sniffing,81138,81017,81138,121
climbing,81139,81138,81139,1
sniffing,81140,81139,81140,1
climbing,81207,81140,81207,67
sniffing,81267,81207,81267,60
right_turning,81276,81267,81276,9
stepping,81347,81276,81347,71
rising,81400,81347,81400,53
walking,81431,81400,81431,31
sniffing,81505,81431,81505,74
climbing,81561,81505,81561,56
sniffing,81671,81561,81671,110
pausing,81912,81671,81912,241
sniffing,81960,81912,81960,48
walking,82012,81960,82012,52
sniffing,82063,82012,82063,51
pausing,82139,82063,82139,76
sniffing,82398,82139,82398,259
grooming,82618,82398,82618,220
rearing,82649,82618,82649,31
left_turning,82699,82649,82699,50
stepping,82791,82699,82791,92
walking,82836,82791,82836,45
sniffing,82875,82836,82875,39
grooming,82918,82875,82918,43
rearing,82977,82918,82977,59
sniffing,83045,82977,83045,68
right_turning,83090,83045,83090,45
trotting,83151,83090,83151,61
rising,83236,83151,83236,85
rearing,83240,83236,83240,4
sniffing,83410,83240,83410,170
left_turning,83411,83410,83411,1
walking,83482,83411,83482,71
trotting,83512,83482,83512,30
walking,83546,83512,83546,34
trotting,83606,83546,83606,60
stepping,83637,83606,83637,31
walking,83700,83637,83700,63
left_turning,83742,83700,83742,42
sniffing,83836,83742,83836,94
walking,83912,83836,83912,76
rising,83987,83912,83987,75
sniffing,84131,83987,84131,144
rising,84230,84131,84230,99
climbing,84402,84230,84402,172
trotting,84426,84402,84426,24
walking,84522,84426,84522,96
stepping,84587,84522,84587,65
walking,84630,84587,84630,43
left_turning,84661,84630,84661,31
right_turning,84688,84661,84688,27
sniffing,84800,84688,84800,112
left_turning,84822,84800,84822,22
walking,84872,84822,84872,50
stepping,84925,84872,84925,53
left_turning,84956,84925,84956,31
walking,84979,84956,84979,23
left_turning,85023,84979,85023,44
sniffing,85184,85023,85184,161
walking,85193,85184,85193,9
rising,85213,85193,85213,20
climbing,85274,85213,85274,61
rising,85311,85274,85311,37
sniffing,85323,85311,85323,12
rising,85339,85323,85339,16
climbing,85363,85339,85363,24
hunching,85506,85363,85506,143
grooming,85733,85506,85733,227
rearing,85734,85733,85734,1
running,85735,85734,85735,1
walking,85748,85735,85748,13
stepping,85781,85748,85781,33
sniffing,85869,85781,85869,88
grooming,86120,85869,86120,251
rising,86127,86120,86127,7
left_turning,86175,86127,86175,48
sniffing,86176,86175,86176,1
walking,86211,86176,86211,35
left_turning,86212,86211,86212,1
sniffing,86330,86212,86330,118
hunching,86406,86330,86406,76
rearing,86484,86406,86484,78
hunching,86587,86484,86587,103
sniffing,86608,86587,86608,21
rising,86609,86608,86609,1
sniffing,86651,86609,86651,42
grooming,86652,86651,86652,1
rising,86662,86652,86662,10
climbing,86722,86662,86722,60
sniffing,86852,86722,86852,130
walking,86880,86852,86880,28
sniffing,87106,86880,87106,226
left_turning,87107,87106,87107,1
sniffing,87321,87107,87321,214
trotting,87388,87321,87388,67
left_turning,87424,87388,87424,36
sniffing,87542,87424,87542,118
trotting,87575,87542,87575,33
walking,87615,87575,87615,40
stepping,87670,87615,87670,55
rearing,87776,87670,87776,106
grooming,88000,87776,88000,224
rearing,88091,88000,88091,91
hunching,88092,88091,88092,1
rearing,88103,88092,88103,11
grooming,88104,88103,88104,1
walking,88141,88104,88141,37
climbing,88344,88141,88344,203
walking,88381,88344,88381,37
rearing,88440,88381,88440,59
stepping,88460,88440,88460,20
sniffing,88461,88460,88461,1
rising,88479,88461,88479,18
sniffing,88480,88479,88480,1
rising,88518,88480,88518,38
sniffing,88533,88518,88533,15
rising,88582,88533,88582,49
sniffing,88681,88582,88681,99
rearing,88721,88681,88721,40
grooming,88733,88721,88733,12
walking,88770,88733,88770,37
rising,88771,88770,88771,1
rearing,88810,88771,88810,39
right_turning,88820,88810,88820,10
walking,88853,88820,88853,33
rising,88854,88853,88854,1
climbing,88881,88854,88881,27
stepping,88930,88881,88930,49
climbing,89031,88930,89031,101
rearing,89032,89031,89032,1
climbing,89155,89032,89155,123
rising,89166,89155,89166,11
rearing,89167,89166,89167,1
grooming,89296,89167,89296,129
rearing,89312,89296,89312,16
grooming,89998,89312,89998,686
sniffing,90136,89998,90136,138
right_turning,90168,90136,90168,32
sniffing,90190,90168,90190,22
left_turning,90212,90190,90212,22
walking,90256,90212,90256,44
sniffing,90382,90256,90382,126
rising,90383,90382,90383,1
climbing,90464,90383,90464,81
rising,90581,90464,90581,117
sniffing,90726,90581,90726,145
rising,90770,90726,90770,44
climbing,90923,90770,90923,153
sniffing,90996,90923,90996,73
rearing,91037,90996,91037,41
climbing,91038,91037,91038,1
rising,91057,91038,91057,19
climbing,91179,91057,91179,122
sniffing,91245,91179,91245,66
rising,91309,91245,91309,64
walking,91335,91309,91335,26
sniffing,91336,91335,91336,1
walking,91357,91336,91357,21
climbing,91403,91357,91403,46
hunching,91499,91403,91499,96
grooming,91581,91499,91581,82
rearing,91582,91581,91582,1
left_turning,91627,91582,91627,45
trotting,91639,91627,91639,12
sniffing,91711,91639,91711,72
walking,91770,91711,91770,59
climbing,91830,91770,91830,60
rearing,91835,91830,91835,5
climbing,91881,91835,91881,46
left_turning,91882,91881,91882,1
walking,91924,91882,91924,42
rising,91931,91924,91931,7
climbing,92041,91931,92041,110
sniffing,92153,92041,92153,112
trotting,92193,92153,92193,40
sniffing,92194,92193,92194,1
right_turning,92195,92194,92195,1
trotting,92249,92195,92249,54
sniffing,92562,92249,92562,313
rearing,92603,92562,92603,41
sniffing,92695,92603,92695,92
stepping,92717,92695,92717,22
sniffing,92810,92717,92810,93
running,92853,92810,92853,43
rearing,93138,92853,93138,285
sniffing,93192,93138,93192,54
left_turning,93193,93192,93193,1
stepping,93267,93193,93267,74
walking,93306,93267,93306,39
sniffing,93373,93306,93373,67
rising,93408,93373,93408,35
sniffing,93409,93408,93409,1
rearing,93450,93409,93450,41
grooming,93842,93450,93842,392
rearing,94048,93842,94048,206
sniffing,94091,94048,94091,43
walking,94142,94091,94142,51
stepping,94143,94142,94143,1
sniffing,94144,94143,94144,1
walking,94169,94144,94169,25
right_turning,94223,94169,94223,54
sniffing,94332,94223,94332,109
pausing,94469,94332,94469,137
sniffing,94529,94469,94529,60
rising,94565,94529,94565,36
sniffing,94628,94565,94628,63
left_turning,94674,94628,94674,46
sniffing,94742,94674,94742,68
grooming,94836,94742,94836,94
sniffing,94874,94836,94874,38
left_turning,94932,94874,94932,58
walking,94956,94932,94956,24
sniffing,94959,94956,94959,3
left_turning,94986,94959,94986,27
walking,94987,94986,94987,1
right_turning,95020,94987,95020,33
sniffing,95021,95020,95021,1
rising,95077,95021,95077,56
sniffing,95381,95077,95381,304
grooming,95471,95381,95471,90
sniffing,95472,95471,95472,1
climbing,95535,95472,95535,63
rearing,95538,95535,95538,3
walking,95617,95538,95617,79
right_turning,95641,95617,95641,24
sniffing,95658,95641,95658,17
left_turning,95695,95658,95695,37
climbing,95814,95695,95814,119
sniffing,95842,95814,95842,28
rising,95900,95842,95900,58
climbing,95901,95900,95901,1
rearing,95974,95901,95974,73
sniffing,96042,95974,96042,68
walking,96056,96042,96056,14
sniffing,96195,96056,96195,139
hunching,96257,96195,96257,62
rearing,96258,96257,96258,1
climbing,96320,96258,96320,62
walking,96355,96320,96355,35
hunching,96391,96355,96391,36
right_turning,96415,96391,96415,24
trotting,96445,96415,96445,30
walking,96509,96445,96509,64
rising,96582,96509,96582,73
sniffing,96583,96582,96583,1
rising,96603,96583,96603,20
climbing,96747,96603,96747,144
sniffing,96810,96747,96810,63
rising,96826,96810,96826,16
climbing,96925,96826,96925,99
sniffing,96979,96925,96979,54
rising,97032,96979,97032,53
sniffing,97197,97032,97197,165
rising,97218,97197,97218,21
climbing,97299,97218,97299,81
walking,97300,97299,97300,1
trotting,97328,97300,97328,28
stepping,97354,97328,97354,26
sniffing,97355,97354,97355,1
pausing,97474,97355,97474,119
sniffing,97553,97474,97553,79
walking,97558,97553,97558,5
sniffing,97906,97558,97906,348
climbing,97922,97906,97922,16
hunching,97939,97922,97939,17
walking,97980,97939,97980,41
sniffing,98097,97980,98097,117
rising,98098,98097,98098,1
sniffing,98149,98098,98149,51
climbing,98287,98149,98287,138
stepping,98301,98287,98301,14
right_turning,98342,98301,98342,41
sniffing,98437,98342,98437,95
pausing,98546,98437,98546,109
rearing,98547,98546,98547,1
rising,98577,98547,98577,30
walking,98582,98577,98582,5
climbing,98663,98582,98663,81
rising,98733,98663,98733,70
walking,98793,98733,98793,60
hunching,99092,98793,99092,299
rising,99158,99092,99158,66
sniffing,99159,99158,99159,1
pausing,99352,99159,99352,193
sniffing,99433,99352,99433,81
rearing,99484,99433,99484,51
sniffing,99637,99484,99637,153
right_turning,99666,99637,99666,29
walking,99679,99666,99679,13
sniffing,99730,99679,99730,51
right_turning,99787,99730,99787,57
rising,99810,99787,99810,23
climbing,100025,99810,100025,215
rearing,100122,100025,100122,97
sniffing,100154,100122,100154,32
stepping,100186,100154,100186,32
left_turning,100205,100186,100205,19
sniffing,100332,100205,100332,127
rising,100382,100332,100382,50
climbing,100475,100382,100475,93
sniffing,100710,100475,100710,235
rising,100731,100710,100731,21
sniffing,100882,100731,100882,151
rising,100891,100882,100891,9
climbing,100892,100891,100892,1
rising,101038,100892,101038,146
climbing,101248,101038,101248,210
sniffing,101249,101248,101249,1
pausing,101457,101249,101457,208
right_turning,101473,101457,101473,16
stepping,101474,101473,101474,1
walking,101525,101474,101525,51
sniffing,101671,101525,101671,146
rising,101704,101671,101704,33
sniffing,101705,101704,101705,1
left_turning,101769,101705,101769,64
walking,101776,101769,101776,7
rising,101805,101776,101805,29
hunching,101806,101805,101806,1
grooming,101807,101806,101807,1
sniffing,101981,101807,101981,174
walking,102019,101981,102019,38
sniffing,102109,102019,102109,90
rising,102170,102109,102170,61
sniffing,102171,102170,102171,1
rising,102253,102171,102253,82
left_turning,102302,102253,102302,49
walking,102319,102302,102319,17
stepping,102354,102319,102354,35
sniffing,102380,102354,102380,26
walking,102382,102380,102382,2
rising,102383,102382,102383,1
sniffing,102449,102383,102449,66
rising,102507,102449,102507,58
rearing,102591,102507,102591,84
rising,102603,102591,102603,12
sniffing,102604,102603,102604,1
pausing,102904,102604,102904,300
climbing,102983,102904,102983,79
sniffing,102984,102983,102984,1
grooming,103323,102984,103323,339
sniffing,103422,103323,103422,99
rearing,103515,103422,103515,93
grooming,103648,103515,103648,133
rearing,103698,103648,103698,50
climbing,103802,103698,103802,104
walking,103882,103802,103882,80
climbing,104119,103882,104119,237
sniffing,104120,104119,104120,1
left_turning,104169,104120,104169,49
sniffing,104232,104169,104232,63
rising,104351,104232,104351,119
sniffing,104352,104351,104352,1
left_turning,104364,104352,104364,12
sniffing,104636,104364,104636,272
left_turning,104667,104636,104667,31
walking,104709,104667,104709,42
left_turning,104719,104709,104719,10
walking,104751,104719,104751,32
left_turning,104752,104751,104752,1
sniffing,104816,104752,104816,64
walking,104904,104816,104904,88
sniffing,104953,104904,104953,49
grooming,105080,104953,105080,127
sniffing,105081,105080,105081,1
pausing,105341,105081,105341,260
sniffing,105342,105341,105342,1
trotting,105352,105342,105352,10
sniffing,105402,105352,105402,50
climbing,105403,105402,105403,1
rearing,105514,105403,105514,111
climbing,105583,105514,105583,69
rising,105614,105583,105614,31
climbing,105677,105614,105677,63
rearing,105678,105677,105678,1
walking,105683,105678,105683,5
sniffing,105725,105683,105725,42
rising,105828,105725,105828,103
climbing,105863,105828,105863,35
hunching,105970,105863,105970,107
rising,106005,105970,106005,35
sniffing,106059,106005,106059,54
climbing,106178,106059,106178,119
rising,106195,106178,106195,17
sniffing,106344,106195,106344,149
grooming,106894,106344,106894,550
rearing,106976,106894,106976,82
sniffing,106977,106976,106977,1
pausing,107727,106977,107727,750
sniffing,107752,107727,107752,25
rising,107753,107752,107753,1
climbing,107805,107753,107805,52
trotting,107832,107805,107832,27
walking,107854,107832,107854,22
sniffing,108000,107854,108000,146
