revised_movement_label,segBoundary,segBoundary_start,segBoundary_end,length
sniffing,25,0,25,25
walking,66,25,66,41
sniffing,67,66,67,1
trotting,114,67,114,47
rising,161,114,161,47
climbing,214,161,214,53
rising,253,214,253,39
climbing,316,253,316,63
sniffing,317,316,317,1
walking,367,317,367,50
rising,407,367,407,40
sniffing,446,407,446,39
climbing,449,446,449,3
rising,533,449,533,84
left_turning,534,533,534,1
sniffing,675,534,675,141
climbing,725,675,725,50
trotting,754,725,754,29
climbing,768,754,768,14
sniffing,795,768,795,27
rising,952,795,952,157
sniffing,1032,952,1032,80
left_turning,1051,1032,1051,19
walking,1052,1051,1052,1
hunching,1109,1052,1109,57
walking,1126,1109,1126,17
sniffing,1144,1126,1144,18
walking,1184,1144,1184,40
left_turning,1259,1184,1259,75
walking,1274,1259,1274,15
left_turning,1277,1274,1277,3
sniffing,1496,1277,1496,219
grooming,1502,1496,1502,6
rearing,1598,1502,1598,96
sniffing,1634,1598,1634,36
rising,1718,1634,1718,84
left_turning,1752,1718,1752,34
sniffing,1762,1752,1762,10
climbing,1789,1762,1789,27
hunching,1860,1789,1860,71
left_turning,1884,1860,1884,24
sniffing,1904,1884,1904,20
walking,1918,1904,1918,14
sniffing,1932,1918,1932,14
rising,1933,1932,1933,1
walking,1952,1933,1952,19
stepping,1968,1952,1968,16
climbing,1994,1968,1994,26
sniffing,1995,1994,1995,1
right_turning,2047,1995,2047,52
trotting,2096,2047,2096,49
sniffing,2151,2096,2151,55
walking,2257,2151,2257,106
sniffing,2302,2257,2302,45
climbing,2303,2302,2303,1
sniffing,2309,2303,2309,6
rising,2334,2309,2334,25
right_turning,2360,2334,2360,26
sniffing,2411,2360,2411,51
climbing,2455,2411,2455,44
trotting,2474,2455,2474,19
rising,2528,2474,2528,54
left_turning,2603,2528,2603,75
trotting,2648,2603,2648,45
sniffing,2729,2648,2729,81
trotting,2748,2729,2748,19
sniffing,2790,2748,2790,42
walking,2851,2790,2851,61
sniffing,3057,2851,3057,206
rising,3105,3057,3105,48
sniffing,3191,3105,3191,86
rearing,3226,3191,3226,35
rising,3274,3226,3274,48
climbing,3354,3274,3354,80
rearing,3416,3354,3416,62
rising,3470,3416,3470,54
stepping,3508,3470,3508,38
trotting,3518,3508,3518,10
walking,3572,3518,3572,54
sniffing,3655,3572,3655,83
right_turning,3687,3655,3687,32
stepping,3736,3687,3736,49
running,3775,3736,3775,39
sniffing,3786,3775,3786,11
trotting,3803,3786,3803,17
rising,3829,3803,3829,26
climbing,3864,3829,3864,35
sniffing,3964,3864,3964,100
right_turning,3986,3964,3986,22
walking,4141,3986,4141,155
sniffing,4142,4141,4142,1
climbing,4199,4142,4199,57
walking,4256,4199,4256,57
trotting,4280,4256,4280,24
sniffing,4281,4280,4281,1
rising,4311,4281,4311,30
sniffing,4411,4311,4411,100
pausing,5568,4411,5568,1157
sniffing,5593,5568,5593,25
stepping,5655,5593,5655,62
walking,5677,5655,5677,22
rising,5721,5677,5721,44
climbing,5722,5721,5722,1
stepping,5797,5722,5797,75
climbing,5811,5797,5811,14
right_turning,5832,5811,5832,21
walking,5911,5832,5911,79
left_turning,5960,5911,5960,49
trotting,5992,5960,5992,32
sniffing,6064,5992,6064,72
left_turning,6081,6064,6081,17
walking,6171,6081,6171,90
sniffing,6249,6171,6249,78
climbing,6303,6249,6303,54
sniffing,6330,6303,6330,27
left_turning,6381,6330,6381,51
rising,6388,6381,6388,7
climbing,6416,6388,6416,28
rising,6417,6416,6417,1
sniffing,6541,6417,6541,124
right_turning,6637,6541,6637,96
walking,6722,6637,6722,85
sniffing,6782,6722,6782,60
rearing,6869,6782,6869,87
sniffing,6901,6869,6901,32
rising,6929,6901,6929,28
climbing,6954,6929,6954,25
walking,6991,6954,6991,37
sniffing,6992,6991,6992,1
walking,7019,6992,7019,27
climbing,7113,7019,7113,94
sniffing,7118,7113,7118,5
climbing,7266,7118,7266,148
sniffing,7432,7266,7432,166
climbing,7492,7432,7492,60
rising,7493,7492,7493,1
sniffing,7552,7493,7552,59
rising,7562,7552,7562,10
sniffing,7653,7562,7653,91
climbing,7685,7653,7685,32
sniffing,7702,7685,7702,17
right_turning,7725,7702,7725,23
trotting,7748,7725,7748,23
walking,7772,7748,7772,24
rising,7834,7772,7834,62
climbing,7848,7834,7848,14
hunching,7860,7848,7860,12
trotting,7898,7860,7898,38
running,7928,7898,7928,30
stepping,7959,7928,7959,31
rising,7987,7959,7987,28
sniffing,7996,7987,7996,9
left_turning,7997,7996,7997,1
walking,8044,7997,8044,47
sniffing,8082,8044,8082,38
right_turning,8083,8082,8083,1
trotting,8148,8083,8148,65
walking,8250,8148,8250,102
rising,8278,8250,8278,28
grooming,8287,8278,8287,9
climbing,8318,8287,8318,31
sniffing,8377,8318,8377,59
trotting,8410,8377,8410,33
walking,8478,8410,8478,68
rising,8512,8478,8512,34
left_turning,8547,8512,8547,35
sniffing,8717,8547,8717,170
rising,8742,8717,8742,25
left_turning,8782,8742,8782,40
stepping,8826,8782,8826,44
trotting,8910,8826,8910,84
sniffing,9121,8910,9121,211
left_turning,9122,9121,9122,1
sniffing,9220,9122,9220,98
walking,9221,9220,9221,1
climbing,9222,9221,9222,1
sniffing,9223,9222,9223,1
walking,9279,9223,9279,56
left_turning,9282,9279,9282,3
sniffing,9331,9282,9331,49
rising,9396,9331,9396,65
left_turning,9435,9396,9435,39
walking,9469,9435,9469,34
left_turning,9491,9469,9491,22
sniffing,9492,9491,9492,1
rising,9512,9492,9512,20
rearing,9513,9512,9513,1
climbing,9567,9513,9567,54
trotting,9588,9567,9588,21
running,9604,9588,9604,16
right_turning,9615,9604,9615,11
sniffing,9635,9615,9635,20
rising,9636,9635,9636,1
left_turning,9639,9636,9639,3
sniffing,9644,9639,9644,5
left_turning,9645,9644,9645,1
sniffing,9646,9645,9646,1
climbing,9667,9646,9667,21
left_turning,9678,9667,9678,11
walking,9716,9678,9716,38
rising,9753,9716,9753,37
climbing,9754,9753,9754,1
rearing,9755,9754,9755,1
rising,9819,9755,9819,64
climbing,9840,9819,9840,21
walking,9859,9840,9859,19
right_turning,9905,9859,9905,46
walking,9967,9905,9967,62
rising,9974,9967,9974,7
climbing,10010,9974,10010,36
rising,10041,10010,10041,31
grooming,10128,10041,10128,87
right_turning,10160,10128,10160,32
walking,10180,10160,10180,20
sniffing,10318,10180,10318,138
hunching,10371,10318,10371,53
rising,10379,10371,10379,8
climbing,10440,10379,10440,61
sniffing,10811,10440,10811,371
walking,10812,10811,10812,1
sniffing,10890,10812,10890,78
climbing,10954,10890,10954,64
rising,10984,10954,10984,30
trotting,10985,10984,10985,1
rising,10986,10985,10986,1
stepping,11023,10986,11023,37
sniffing,11081,11023,11081,58
rising,11115,11081,11115,34
left_turning,11126,11115,11126,11
sniffing,11176,11126,11176,50
right_turning,11216,11176,11216,40
walking,11257,11216,11257,41
climbing,11378,11257,11378,121
rising,11380,11378,11380,2
sniffing,11568,11380,11568,188
rising,11629,11568,11629,61
climbing,11685,11629,11685,56
sniffing,11787,11685,11787,102
rising,11804,11787,11804,17
climbing,11866,11804,11866,62
left_turning,11878,11866,11878,12
walking,11901,11878,11901,23
sniffing,11974,11901,11974,73
climbing,11975,11974,11975,1
right_turning,11976,11975,11976,1
sniffing,12070,11976,12070,94
trotting,12108,12070,12108,38
stepping,12125,12108,12125,17
walking,12130,12125,12130,5
climbing,12257,12130,12257,127
rising,12303,12257,12303,46
climbing,12379,12303,12379,76
rising,12430,12379,12430,51
sniffing,12534,12430,12534,104
rearing,12535,12534,12535,1
climbing,12559,12535,12559,24
hunching,12577,12559,12577,18
sniffing,12678,12577,12678,101
pausing,12906,12678,12906,228
sniffing,12927,12906,12927,21
climbing,12998,12927,12998,71
sniffing,13011,12998,13011,13
climbing,13143,13011,13143,132
rising,13159,13143,13159,16
sniffing,13248,13159,13248,89
rising,13323,13248,13323,75
climbing,13374,13323,13374,51
sniffing,13399,13374,13399,25
stepping,13423,13399,13423,24
sniffing,13470,13423,13470,47
walking,13471,13470,13471,1
sniffing,13532,13471,13532,61
rising,13545,13532,13545,13
climbing,13579,13545,13579,34
right_turning,13600,13579,13600,21
walking,13638,13600,13638,38
sniffing,13727,13638,13727,89
walking,13756,13727,13756,29
left_turning,13786,13756,13786,30
sniffing,13787,13786,13787,1
climbing,13843,13787,13843,56
sniffing,13853,13843,13853,10
rising,13854,13853,13854,1
sniffing,13874,13854,13874,20
climbing,13934,13874,13934,60
left_turning,13966,13934,13966,32
stepping,14022,13966,14022,56
sniffing,14023,14022,14023,1
walking,14034,14023,14034,11
hunching,14035,14034,14035,1
right_turning,14071,14035,14071,36
walking,14072,14071,14072,1
trotting,14100,14072,14100,28
running,14119,14100,14119,19
sniffing,14120,14119,14120,1
running,14151,14120,14151,31
sniffing,14182,14151,14182,31
walking,14199,14182,14199,17
sniffing,14345,14199,14345,146
climbing,14421,14345,14421,76
rising,14458,14421,14458,37
sniffing,14510,14458,14510,52
rising,14545,14510,14545,35
walking,14576,14545,14576,31
trotting,14608,14576,14608,32
sniffing,14669,14608,14669,61
running,14702,14669,14702,33
walking,14703,14702,14703,1
rising,14711,14703,14711,8
climbing,14742,14711,14742,31
right_turning,14772,14742,14772,30
left_turning,14814,14772,14814,42
sniffing,14911,14814,14911,97
trotting,14952,14911,14952,41
sniffing,15008,14952,15008,56
walking,15009,15008,15009,1
left_turning,15059,15009,15059,50
sniffing,15117,15059,15117,58
walking,15166,15117,15166,49
sniffing,15218,15166,15218,52
right_turning,15231,15218,15231,13
walking,15272,15231,15272,41
climbing,15377,15272,15377,105
walking,15423,15377,15423,46
left_turning,15434,15423,15434,11
trotting,15435,15434,15435,1
walking,15494,15435,15494,59
climbing,15551,15494,15551,57
rearing,15584,15551,15584,33
rising,15585,15584,15585,1
climbing,15631,15585,15631,46
sniffing,15677,15631,15677,46
climbing,15698,15677,15698,21
rearing,15744,15698,15744,46
climbing,15803,15744,15803,59
right_turning,15818,15803,15818,15
rising,15879,15818,15879,61
climbing,15952,15879,15952,73
sniffing,16001,15952,16001,49
walking,16042,16001,16042,41
sniffing,16233,16042,16233,191
running,16253,16233,16253,20
walking,16256,16253,16256,3
left_turning,16273,16256,16273,17
sniffing,16391,16273,16391,118
climbing,16454,16391,16454,63
rearing,16477,16454,16477,23
rising,16524,16477,16524,47
right_turning,16525,16524,16525,1
sniffing,16526,16525,16526,1
climbing,16556,16526,16556,30
trotting,16591,16556,16591,35
right_turning,16598,16591,16598,7
trotting,16650,16598,16650,52
walking,16693,16650,16693,43
sniffing,16731,16693,16731,38
left_turning,16808,16731,16808,77
walking,16809,16808,16809,1
sniffing,16821,16809,16821,12
left_turning,16822,16821,16822,1
trotting,16853,16822,16853,31
walking,16951,16853,16951,98
sniffing,16960,16951,16960,9
walking,17034,16960,17034,74
rising,17088,17034,17088,54
sniffing,17101,17088,17101,13
rising,17114,17101,17114,13
walking,17210,17114,17210,96
stepping,17220,17210,17220,10
right_turning,17238,17220,17238,18
trotting,17249,17238,17249,11
stepping,17308,17249,17308,59
sniffing,17380,17308,17380,72
rising,17383,17380,17383,3
sniffing,17498,17383,17498,115
walking,17575,17498,17575,77
sniffing,17642,17575,17642,67
left_turning,17716,17642,17716,74
sniffing,17717,17716,17717,1
climbing,17718,17717,17718,1
walking,17771,17718,17771,53
sniffing,17772,17771,17772,1
right_turning,17776,17772,17776,4
running,17802,17776,17802,26
rising,17850,17802,17850,48
sniffing,17851,17850,17851,1
walking,18026,17851,18026,175
left_turning,18079,18026,18079,53
walking,18130,18079,18130,51
rising,18131,18130,18131,1
walking,18175,18131,18175,44
sniffing,18354,18175,18354,179
rising,18424,18354,18424,70
sniffing,18450,18424,18450,26
climbing,18497,18450,18497,47
right_turning,18627,18497,18627,130
walking,18697,18627,18697,70
rearing,18698,18697,18698,1
left_turning,18739,18698,18739,41
running,18759,18739,18759,20
left_turning,18766,18759,18766,7
sniffing,18837,18766,18837,71
walking,18921,18837,18921,84
sniffing,19213,18921,19213,292
walking,19276,19213,19276,63
stepping,19321,19276,19321,45
left_turning,19339,19321,19339,18
walking,19340,19339,19340,1
sniffing,19349,19340,19349,9
rising,19373,19349,19373,24
climbing,19395,19373,19395,22
rising,19442,19395,19442,47
rearing,19484,19442,19484,42
hunching,19518,19484,19518,34
sniffing,19571,19518,19571,53
walking,19627,19571,19627,56
sniffing,19818,19627,19818,191
walking,19880,19818,19880,62
sniffing,20004,19880,20004,124
walking,20068,20004,20068,64
stepping,20081,20068,20081,13
sniffing,20082,20081,20082,1
rising,20097,20082,20097,15
climbing,20193,20097,20193,96
left_turning,20243,20193,20243,50
trotting,20305,20243,20305,62
walking,20322,20305,20322,17
sniffing,20428,20322,20428,106
walking,20483,20428,20483,55
climbing,20526,20483,20526,43
rising,20582,20526,20582,56
climbing,20642,20582,20642,60
trotting,20668,20642,20668,26
walking,20679,20668,20679,11
sniffing,20680,20679,20680,1
climbing,20691,20680,20691,11
sniffing,20713,20691,20713,22
right_turning,20721,20713,20721,8
trotting,20741,20721,20741,20
sniffing,20742,20741,20742,1
climbing,20816,20742,20816,74
left_turning,20817,20816,20817,1
sniffing,20935,20817,20935,118
rising,20996,20935,20996,61
sniffing,21020,20996,21020,24
rising,21054,21020,21054,34
climbing,21087,21054,21087,33
right_turning,21126,21087,21126,39
walking,21127,21126,21127,1
sniffing,21128,21127,21128,1
running,21129,21128,21129,1
walking,21162,21129,21162,33
sniffing,21163,21162,21163,1
left_turning,21217,21163,21217,54
trotting,21218,21217,21218,1
walking,21283,21218,21283,65
stepping,21346,21283,21346,63
hunching,21456,21346,21456,110
climbing,21532,21456,21532,76
sniffing,21593,21532,21593,61
rising,21604,21593,21604,11
walking,21644,21604,21644,40
sniffing,21694,21644,21694,50
running,21723,21694,21723,29
trotting,21787,21723,21787,64
walking,21801,21787,21801,14
rising,21895,21801,21895,94
climbing,21909,21895,21909,14
left_turning,21995,21909,21995,86
running,22042,21995,22042,47
walking,22068,22042,22068,26
sniffing,22069,22068,22069,1
rearing,22123,22069,22123,54
climbing,22140,22123,22140,17
walking,22228,22140,22228,88
trotting,22230,22228,22230,2
left_turning,22269,22230,22269,39
trotting,22291,22269,22291,22
walking,22324,22291,22324,33
trotting,22350,22324,22350,26
left_turning,22368,22350,22368,18
walking,22472,22368,22472,104
stepping,22504,22472,22504,32
walking,22505,22504,22505,1
climbing,22547,22505,22547,42
right_turning,22568,22547,22568,21
sniffing,22616,22568,22616,48
walking,22680,22616,22680,64
climbing,22686,22680,22686,6
rising,22749,22686,22749,63
sniffing,22829,22749,22829,80
trotting,22873,22829,22873,44
rising,22979,22873,22979,106
climbing,23083,22979,23083,104
sniffing,23157,23083,23157,74
left_turning,23226,23157,23226,69
sniffing,23260,23226,23260,34
rearing,23321,23260,23321,61
rising,23480,23321,23480,159
rearing,23481,23480,23481,1
left_turning,23551,23481,23551,70
walking,23592,23551,23592,41
running,23611,23592,23611,19
left_turning,23667,23611,23667,56
sniffing,23748,23667,23748,81
walking,23813,23748,23813,65
sniffing,23824,23813,23824,11
climbing,23871,23824,23871,47
right_turning,23902,23871,23902,31
running,23933,23902,23933,31
stepping,24003,23933,24003,70
sniffing,24093,24003,24093,90
rising,24115,24093,24115,22
stepping,24132,24115,24132,17
sniffing,24203,24132,24203,71
trotting,24275,24203,24275,72
left_turning,24337,24275,24337,62
sniffing,24437,24337,24437,100
trotting,24440,24437,24440,3
left_turning,24489,24440,24489,49
stepping,24501,24489,24501,12
trotting,24532,24501,24532,31
sniffing,24618,24532,24618,86
rising,24629,24618,24629,11
sniffing,24661,24629,24661,32
right_turning,24684,24661,24684,23
sniffing,24685,24684,24685,1
climbing,24712,24685,24712,27
rearing,24736,24712,24736,24
climbing,24777,24736,24777,41
sniffing,24778,24777,24778,1
rising,24860,24778,24860,82
climbing,24909,24860,24909,49
rising,24916,24909,24916,7
climbing,25003,24916,25003,87
sniffing,25067,25003,25067,64
grooming,25073,25067,25073,6
climbing,25131,25073,25131,58
running,25160,25131,25160,29
walking,25175,25160,25175,15
climbing,25213,25175,25213,38
right_turning,25219,25213,25219,6
walking,25244,25219,25244,25
sniffing,25266,25244,25266,22
left_turning,25318,25266,25318,52
walking,25364,25318,25364,46
stepping,25415,25364,25415,51
running,25474,25415,25474,59
stepping,25557,25474,25557,83
sniffing,25725,25557,25725,168
walking,25730,25725,25730,5
sniffing,25731,25730,25731,1
rising,25773,25731,25773,42
rearing,25822,25773,25822,49
sniffing,25840,25822,25840,18
rising,25904,25840,25904,64
sniffing,25983,25904,25983,79
rising,25999,25983,25999,16
walking,26000,25999,26000,1
sniffing,26129,26000,26129,129
climbing,26130,26129,26130,1
rising,26262,26130,26262,132
walking,26311,26262,26311,49
sniffing,26312,26311,26312,1
walking,26377,26312,26377,65
sniffing,26423,26377,26423,46
rising,26433,26423,26433,10
sniffing,26540,26433,26540,107
rising,26541,26540,26541,1
walking,26561,26541,26561,20
sniffing,26731,26561,26731,170
left_turning,26785,26731,26785,54
sniffing,26862,26785,26862,77
left_turning,26891,26862,26891,29
stepping,26946,26891,26946,55
sniffing,27010,26946,27010,64
walking,27030,27010,27030,20
climbing,27083,27030,27083,53
trotting,27084,27083,27084,1
stepping,27087,27084,27087,3
sniffing,27151,27087,27151,64
walking,27207,27151,27207,56
jumping,27240,27207,27240,33
sniffing,27243,27240,27243,3
rising,27282,27243,27282,39
climbing,27365,27282,27365,83
running,27387,27365,27387,22
rising,27425,27387,27425,38
sniffing,27489,27425,27489,64
rising,27490,27489,27490,1
sniffing,27530,27490,27530,40
walking,27563,27530,27563,33
sniffing,27652,27563,27652,89
rising,27672,27652,27672,20
climbing,27673,27672,27673,1
rising,27720,27673,27720,47
sniffing,27751,27720,27751,31
stepping,27801,27751,27801,50
rising,27802,27801,27802,1
sniffing,27861,27802,27861,59
trotting,27912,27861,27912,51
sniffing,27955,27912,27955,43
trotting,27971,27955,27971,16
sniffing,28064,27971,28064,93
walking,28118,28064,28118,54
rising,28254,28118,28254,136
jumping,28282,28254,28282,28
rearing,28334,28282,28334,52
grooming,28445,28334,28445,111
walking,28515,28445,28515,70
sniffing,28516,28515,28516,1
climbing,28608,28516,28608,92
sniffing,28671,28608,28671,63
left_turning,28693,28671,28693,22
walking,28816,28693,28816,123
sniffing,28944,28816,28944,128
rising,29004,28944,29004,60
right_turning,29022,29004,29022,18
trotting,29030,29022,29030,8
sniffing,29046,29030,29046,16
trotting,29064,29046,29064,18
left_turning,29065,29064,29065,1
sniffing,29079,29065,29079,14
climbing,29177,29079,29177,98
sniffing,29178,29177,29178,1
rearing,29233,29178,29233,55
rising,29301,29233,29301,68
grooming,29360,29301,29360,59
rearing,29407,29360,29407,47
rising,29408,29407,29408,1
left_turning,29440,29408,29440,32
running,29451,29440,29451,11
sniffing,29472,29451,29472,21
rising,29529,29472,29529,57
walking,29544,29529,29544,15
climbing,29611,29544,29611,67
sniffing,29612,29611,29612,1
walking,29621,29612,29621,9
sniffing,29783,29621,29783,162
left_turning,29784,29783,29784,1
rising,29816,29784,29816,32
climbing,29846,29816,29846,30
right_turning,29860,29846,29860,14
rising,29880,29860,29880,20
walking,29917,29880,29917,37
climbing,29997,29917,29997,80
walking,30024,29997,30024,27
rising,30039,30024,30039,15
climbing,30048,30039,30048,9
grooming,30172,30048,30172,124
sniffing,30173,30172,30173,1
walking,30234,30173,30234,61
sniffing,30268,30234,30268,34
walking,30316,30268,30316,48
sniffing,30378,30316,30378,62
climbing,30422,30378,30422,44
sniffing,30456,30422,30456,34
climbing,30501,30456,30501,45
rearing,30547,30501,30547,46
climbing,30612,30547,30612,65
running,30650,30612,30650,38
sniffing,30667,30650,30667,17
left_turning,30702,30667,30702,35
sniffing,30709,30702,30709,7
rearing,30737,30709,30737,28
rising,30780,30737,30780,43
walking,30801,30780,30801,21
stepping,30856,30801,30856,55
climbing,30882,30856,30882,26
walking,30937,30882,30937,55
rising,30956,30937,30956,19
grooming,30957,30956,30957,1
climbing,31028,30957,31028,71
rearing,31096,31028,31096,68
climbing,31142,31096,31142,46
walking,31175,31142,31175,33
sniffing,31176,31175,31176,1
climbing,31210,31176,31210,34
rising,31222,31210,31222,12
sniffing,31231,31222,31231,9
hunching,31357,31231,31357,126
climbing,31370,31357,31370,13
left_turning,31383,31370,31383,13
running,31394,31383,31394,11
sniffing,31558,31394,31558,164
left_turning,31583,31558,31583,25
running,31624,31583,31624,41
walking,31660,31624,31660,36
trotting,31710,31660,31710,50
running,31726,31710,31726,16
sniffing,31852,31726,31852,126
rising,31882,31852,31882,30
climbing,31896,31882,31896,14
right_turning,31921,31896,31921,25
trotting,31940,31921,31940,19
rising,31953,31940,31953,13
hunching,32063,31953,32063,110
walking,32064,32063,32064,1
sniffing,32086,32064,32086,22
right_turning,32087,32086,32087,1
walking,32120,32087,32120,33
sniffing,32151,32120,32151,31
rising,32152,32151,32152,1
climbing,32170,32152,32170,18
rising,32202,32170,32202,32
sniffing,32309,32202,32309,107
stepping,32372,32309,32372,63
walking,32447,32372,32447,75
sniffing,32527,32447,32527,80
walking,32528,32527,32528,1
sniffing,32702,32528,32702,174
right_turning,32735,32702,32735,33
sniffing,32736,32735,32736,1
running,32737,32736,32737,1
sniffing,32744,32737,32744,7
hunching,32745,32744,32745,1
right_turning,32780,32745,32780,35
trotting,32792,32780,32792,12
sniffing,32924,32792,32924,132
climbing,32944,32924,32944,20
walking,32973,32944,32973,29
trotting,32999,32973,32999,26
sniffing,33012,32999,33012,13
rising,33093,33012,33093,81
sniffing,33094,33093,33094,1
walking,33133,33094,33133,39
left_turning,33144,33133,33144,11
walking,33187,33144,33187,43
sniffing,33188,33187,33188,1
rising,33189,33188,33189,1
sniffing,33190,33189,33190,1
left_turning,33226,33190,33226,36
climbing,33284,33226,33284,58
sniffing,33285,33284,33285,1
trotting,33318,33285,33318,33
left_turning,33345,33318,33345,27
sniffing,33346,33345,33346,1
running,33370,33346,33370,24
climbing,33436,33370,33436,66
sniffing,33469,33436,33469,33
left_turning,33496,33469,33496,27
walking,33550,33496,33550,54
sniffing,33586,33550,33586,36
rising,33615,33586,33615,29
climbing,33636,33615,33636,21
grooming,33733,33636,33733,97
hunching,33801,33733,33801,68
right_turning,33833,33801,33833,32
stepping,33848,33833,33848,15
walking,33908,33848,33908,60
sniffing,34021,33908,34021,113
walking,34125,34021,34125,104
trotting,34181,34125,34181,56
walking,34258,34181,34258,77
sniffing,34371,34258,34371,113
trotting,34389,34371,34389,18
sniffing,34390,34389,34390,1
climbing,34413,34390,34413,23
sniffing,34422,34413,34422,9
trotting,34475,34422,34475,53
rising,34476,34475,34476,1
sniffing,34597,34476,34597,121
stepping,34641,34597,34641,44
left_turning,34669,34641,34669,28
walking,34763,34669,34763,94
sniffing,34869,34763,34869,106
walking,34883,34869,34883,14
sniffing,34884,34883,34884,1
walking,34968,34884,34968,84
rising,35020,34968,35020,52
climbing,35047,35020,35047,27
sniffing,35132,35047,35132,85
left_turning,35166,35132,35166,34
sniffing,35298,35166,35298,132
hunching,35369,35298,35369,71
rearing,35412,35369,35412,43
rising,35488,35412,35488,76
left_turning,35541,35488,35541,53
sniffing,35605,35541,35605,64
walking,35668,35605,35668,63
climbing,35751,35668,35751,83
running,35782,35751,35782,31
walking,35810,35782,35810,28
stepping,35867,35810,35867,57
sniffing,35986,35867,35986,119
hunching,36030,35986,36030,44
climbing,36059,36030,36059,29
rising,36060,36059,36060,1
right_turning,36072,36060,36072,12
stepping,36099,36072,36099,27
rearing,36100,36099,36100,1
left_turning,36121,36100,36121,21
sniffing,36196,36121,36196,75
walking,36257,36196,36257,61
sniffing,36322,36257,36322,65
climbing,36398,36322,36398,76
sniffing,36399,36398,36399,1
walking,36400,36399,36400,1
rising,36441,36400,36441,41
climbing,36567,36441,36567,126
sniffing,36640,36567,36640,73
rising,36716,36640,36716,76
climbing,36784,36716,36784,68
hunching,36805,36784,36805,21
right_turning,36823,36805,36823,18
sniffing,36851,36823,36851,28
trotting,36881,36851,36881,30
sniffing,36962,36881,36962,81
climbing,37064,36962,37064,102
right_turning,37080,37064,37080,16
sniffing,37132,37080,37132,52
right_turning,37156,37132,37156,24
stepping,37163,37156,37163,7
walking,37214,37163,37214,51
climbing,37257,37214,37257,43
hunching,37309,37257,37309,52
rising,37310,37309,37310,1
sniffing,37334,37310,37334,24
climbing,37402,37334,37402,68
sniffing,37889,37402,37889,487
rearing,37890,37889,37890,1
grooming,37891,37890,37891,1
walking,37892,37891,37892,1
left_turning,37923,37892,37923,31
walking,37943,37923,37943,20
sniffing,37985,37943,37985,42
walking,38026,37985,38026,41
sniffing,38130,38026,38130,104
left_turning,38187,38130,38187,57
walking,38246,38187,38246,59
climbing,38249,38246,38249,3
sniffing,38350,38249,38350,101
left_turning,38358,38350,38358,8
sniffing,38385,38358,38385,27
rising,38477,38385,38477,92
running,38497,38477,38497,20
sniffing,38537,38497,38537,40
climbing,38549,38537,38549,12
sniffing,38577,38549,38577,28
walking,38622,38577,38622,45
left_turning,38623,38622,38623,1
right_turning,38638,38623,38638,15
walking,38705,38638,38705,67
left_turning,38733,38705,38733,28
trotting,38776,38733,38776,43
walking,38857,38776,38857,81
sniffing,38858,38857,38858,1
stepping,38887,38858,38887,29
sniffing,38907,38887,38907,20
rising,38954,38907,38954,47
sniffing,38955,38954,38955,1
walking,38975,38955,38975,20
stepping,39005,38975,39005,30
trotting,39049,39005,39049,44
walking,39140,39049,39140,91
stepping,39169,39140,39169,29
rising,39179,39169,39179,10
rearing,39252,39179,39252,73
climbing,39408,39252,39408,156
sniffing,39409,39408,39409,1
climbing,39431,39409,39431,22
sniffing,39539,39431,39539,108
climbing,39562,39539,39562,23
trotting,39600,39562,39600,38
sniffing,39643,39600,39643,43
rising,39644,39643,39644,1
walking,39661,39644,39661,17
sniffing,39737,39661,39737,76
climbing,39808,39737,39808,71
sniffing,39809,39808,39809,1
trotting,39830,39809,39830,21
sniffing,40027,39830,40027,197
left_turning,40125,40027,40125,98
sniffing,40250,40125,40250,125
walking,40282,40250,40282,32
running,40332,40282,40332,50
sniffing,40333,40332,40333,1
climbing,40377,40333,40377,44
sniffing,40396,40377,40396,19
right_turning,40428,40396,40428,32
stepping,40509,40428,40509,81
climbing,40552,40509,40552,43
walking,40577,40552,40577,25
rising,40578,40577,40578,1
sniffing,40665,40578,40665,87
rising,40701,40665,40701,36
sniffing,40741,40701,40741,40
walking,40778,40741,40778,37
stepping,40854,40778,40854,76
climbing,40883,40854,40883,29
left_turning,40943,40883,40943,60
trotting,40965,40943,40965,22
walking,41004,40965,41004,39
sniffing,41080,41004,41080,76
walking,41152,41080,41152,72
sniffing,41406,41152,41406,254
rearing,41407,41406,41407,1
left_turning,41422,41407,41422,15
walking,41477,41422,41477,55
sniffing,41520,41477,41520,43
left_turning,41547,41520,41547,27
walking,41601,41547,41601,54
sniffing,41602,41601,41602,1
right_turning,41644,41602,41644,42
walking,41649,41644,41649,5
rising,41650,41649,41650,1
sniffing,41742,41650,41742,92
running,41776,41742,41776,34
walking,41948,41776,41948,172
grooming,41949,41948,41949,1
walking,41991,41949,41991,42
sniffing,42196,41991,42196,205
grooming,42197,42196,42197,1
sniffing,42296,42197,42296,99
walking,42400,42296,42400,104
sniffing,42446,42400,42446,46
rising,42504,42446,42504,58
sniffing,42585,42504,42585,81
left_turning,42610,42585,42610,25
sniffing,42622,42610,42622,12
trotting,42627,42622,42627,5
sniffing,42676,42627,42676,49
left_turning,42688,42676,42688,12
sniffing,42780,42688,42780,92
walking,42847,42780,42847,67
climbing,42966,42847,42966,119
hunching,43076,42966,43076,110
sniffing,43171,43076,43171,95
right_turning,43191,43171,43191,20
left_turning,43287,43191,43287,96
rising,43288,43287,43288,1
climbing,43321,43288,43321,33
trotting,43357,43321,43357,36
sniffing,43398,43357,43398,41
right_turning,43399,43398,43399,1
walking,43475,43399,43475,76
rearing,43507,43475,43507,32
rising,43517,43507,43517,10
stepping,43547,43517,43547,30
sniffing,43627,43547,43627,80
hunching,43709,43627,43709,82
sniffing,43710,43709,43710,1
rearing,43711,43710,43711,1
sniffing,43749,43711,43749,38
rising,43750,43749,43750,1
right_turning,43793,43750,43793,43
trotting,43819,43793,43819,26
sniffing,43844,43819,43844,25
rising,43870,43844,43870,26
climbing,43871,43870,43871,1
right_turning,43882,43871,43882,11
running,43907,43882,43907,25
sniffing,44025,43907,44025,118
left_turning,44037,44025,44037,12
running,44038,44037,44038,1
right_turning,44052,44038,44052,14
climbing,44078,44052,44078,26
walking,44079,44078,44079,1
stepping,44173,44079,44173,94
rising,44227,44173,44227,54
sniffing,44375,44227,44375,148
rising,44403,44375,44403,28
sniffing,44534,44403,44534,131
climbing,44601,44534,44601,67
sniffing,44775,44601,44775,174
walking,44846,44775,44846,71
left_turning,44902,44846,44902,56
sniffing,44926,44902,44926,24
trotting,44957,44926,44957,31
rising,45028,44957,45028,71
walking,45054,45028,45054,26
rising,45078,45054,45078,24
sniffing,45245,45078,45245,167
rising,45246,45245,45246,1
climbing,45339,45246,45339,93
rising,45340,45339,45340,1
sniffing,45379,45340,45379,39
grooming,45778,45379,45778,399
sniffing,45830,45778,45830,52
rising,45832,45830,45832,2
left_turning,45858,45832,45858,26
sniffing,45903,45858,45903,45
left_turning,45926,45903,45926,23
walking,45951,45926,45951,25
climbing,45977,45951,45977,26
rearing,46131,45977,46131,154
sniffing,46187,46131,46187,56
hunching,46250,46187,46250,63
climbing,46269,46250,46269,19
trotting,46284,46269,46284,15
left_turning,46299,46284,46299,15
trotting,46309,46299,46309,10
sniffing,46382,46309,46382,73
rising,46383,46382,46383,1
running,46410,46383,46410,27
left_turning,46461,46410,46461,51
trotting,46495,46461,46495,34
sniffing,46496,46495,46496,1
grooming,46589,46496,46589,93
sniffing,46680,46589,46680,91
right_turning,46695,46680,46695,15
trotting,46721,46695,46721,26
stepping,46801,46721,46801,80
right_turning,46825,46801,46825,24
walking,46881,46825,46881,56
rising,46889,46881,46889,8
sniffing,46947,46889,46947,58
walking,46976,46947,46976,29
left_turning,47011,46976,47011,35
sniffing,47047,47011,47047,36
rising,47083,47047,47083,36
sniffing,47190,47083,47190,107
rising,47252,47190,47252,62
walking,47375,47252,47375,123
rearing,47488,47375,47488,113
climbing,47621,47488,47621,133
running,47633,47621,47633,12
walking,47670,47633,47670,37
rearing,47735,47670,47735,65
sniffing,47838,47735,47838,103
trotting,47881,47838,47881,43
climbing,47934,47881,47934,53
left_turning,47985,47934,47985,51
sniffing,48026,47985,48026,41
rising,48150,48026,48150,124
climbing,48212,48150,48212,62
rising,48246,48212,48246,34
sniffing,48247,48246,48247,1
walking,48308,48247,48308,61
left_turning,48309,48308,48309,1
walking,48411,48309,48411,102
sniffing,48460,48411,48460,49
hunching,48480,48460,48480,20
walking,48551,48480,48551,71
sniffing,48729,48551,48729,178
rising,48764,48729,48764,35
sniffing,48810,48764,48810,46
rising,48835,48810,48835,25
sniffing,48948,48835,48948,113
trotting,49002,48948,49002,54
rising,49034,49002,49034,32
hunching,49203,49034,49203,169
sniffing,49204,49203,49204,1
rising,49210,49204,49210,6
sniffing,49264,49210,49264,54
rising,49327,49264,49327,63
sniffing,49358,49327,49358,31
walking,49359,49358,49359,1
sniffing,49586,49359,49586,227
climbing,49709,49586,49709,123
sniffing,49718,49709,49718,9
rising,49730,49718,49730,12
climbing,49731,49730,49731,1
walking,49782,49731,49782,51
sniffing,49783,49782,49783,1
left_turning,49784,49783,49784,1
walking,49854,49784,49854,70
trotting,49883,49854,49883,29
rising,49907,49883,49907,24
grooming,49908,49907,49908,1
hunching,49974,49908,49974,66
right_turning,49995,49974,49995,21
walking,50057,49995,50057,62
sniffing,50275,50057,50275,218
stepping,50297,50275,50297,22
walking,50326,50297,50326,29
left_turning,50327,50326,50327,1
trotting,50345,50327,50345,18
right_turning,50352,50345,50352,7
sniffing,50353,50352,50353,1
trotting,50404,50353,50404,51
walking,50405,50404,50405,1
sniffing,50556,50405,50556,151
left_turning,50585,50556,50585,29
rising,50646,50585,50646,61
sniffing,50734,50646,50734,88
rising,50834,50734,50834,100
climbing,50920,50834,50920,86
rising,50962,50920,50962,42
walking,51008,50962,51008,46
sniffing,51038,51008,51038,30
walking,51062,51038,51062,24
sniffing,51124,51062,51124,62
rearing,51125,51124,51125,1
trotting,51161,51125,51161,36
stepping,51180,51161,51180,19
sniffing,51223,51180,51223,43
rearing,51299,51223,51299,76
climbing,51371,51299,51371,72
hunching,51449,51371,51449,78
walking,51475,51449,51475,26
sniffing,51557,51475,51557,82
climbing,51679,51557,51679,122
hunching,51680,51679,51680,1
right_turning,51713,51680,51713,33
walking,51775,51713,51775,62
sniffing,51820,51775,51820,45
left_turning,51858,51820,51858,38
trotting,51880,51858,51880,22
sniffing,51925,51880,51925,45
walking,51950,51925,51950,25
stepping,52002,51950,52002,52
rising,52049,52002,52049,47
rearing,52050,52049,52050,1
climbing,52153,52050,52153,103
grooming,52478,52153,52478,325
rearing,52548,52478,52548,70
hunching,52550,52548,52550,2
right_turning,52594,52550,52594,44
climbing,52595,52594,52595,1
left_turning,52614,52595,52614,19
sniffing,52639,52614,52639,25
right_turning,52661,52639,52661,22
sniffing,52717,52661,52717,56
rising,52718,52717,52718,1
climbing,52778,52718,52778,60
walking,52822,52778,52822,44
hunching,52869,52822,52869,47
sniffing,52885,52869,52885,16
rearing,52954,52885,52954,69
walking,53029,52954,53029,75
sniffing,53030,53029,53030,1
rearing,53075,53030,53075,45
grooming,53111,53075,53111,36
left_turning,53112,53111,53112,1
walking,53175,53112,53175,63
sniffing,53185,53175,53185,10
stepping,53191,53185,53191,6
rising,53231,53191,53231,40
climbing,53243,53231,53243,12
rearing,53244,53243,53244,1
grooming,53521,53244,53521,277
rearing,53522,53521,53522,1
walking,53602,53522,53602,80
climbing,53717,53602,53717,115
rising,53727,53717,53727,10
rearing,53811,53727,53811,84
grooming,53872,53811,53872,61
hunching,53912,53872,53912,40
climbing,53960,53912,53960,48
rising,53978,53960,53978,18
climbing,54206,53978,54206,228
trotting,54251,54206,54251,45
sniffing,54275,54251,54275,24
climbing,54402,54275,54402,127
running,54428,54402,54428,26
sniffing,54578,54428,54578,150
walking,54589,54578,54589,11
sniffing,54619,54589,54619,30
walking,54654,54619,54654,35
sniffing,54699,54654,54699,45
rising,54718,54699,54718,19
climbing,54813,54718,54813,95
rising,54850,54813,54850,37
climbing,54925,54850,54925,75
rising,54968,54925,54968,43
climbing,54982,54968,54982,14
walking,55062,54982,55062,80
left_turning,55105,55062,55105,43
walking,55150,55105,55150,45
stepping,55178,55150,55178,28
rising,55182,55178,55182,4
climbing,55251,55182,55251,69
rising,55255,55251,55255,4
running,55275,55255,55275,20
sniffing,55373,55275,55373,98
left_turning,55403,55373,55403,30
walking,55406,55403,55406,3
sniffing,55409,55406,55409,3
climbing,55410,55409,55410,1
hunching,55436,55410,55436,26
climbing,55480,55436,55480,44
rearing,55525,55480,55525,45
sniffing,55652,55525,55652,127
walking,55690,55652,55690,38
sniffing,55822,55690,55822,132
walking,55823,55822,55823,1
right_turning,55862,55823,55862,39
walking,55891,55862,55891,29
sniffing,55952,55891,55952,61
walking,55981,55952,55981,29
climbing,56067,55981,56067,86
rising,56123,56067,56123,56
sniffing,56155,56123,56155,32
climbing,56233,56155,56233,78
walking,56241,56233,56241,8
rearing,56268,56241,56268,27
sniffing,56374,56268,56374,106
walking,56375,56374,56375,1
sniffing,56441,56375,56441,66
right_turning,56448,56441,56448,7
walking,56502,56448,56502,54
climbing,56618,56502,56618,116
sniffing,56765,56618,56765,147
walking,56793,56765,56793,28
sniffing,56794,56793,56794,1
rising,56804,56794,56804,10
walking,56805,56804,56805,1
climbing,56859,56805,56859,54
rearing,56902,56859,56902,43
trotting,56926,56902,56926,24
sniffing,56948,56926,56948,22
walking,57026,56948,57026,78
rising,57030,57026,57030,4
jumping,57058,57030,57058,28
climbing,57081,57058,57081,23
left_turning,57125,57081,57125,44
running,57147,57125,57147,22
sniffing,57220,57147,57220,73
stepping,57224,57220,57224,4
rearing,57225,57224,57225,1
sniffing,57273,57225,57273,48
left_turning,57325,57273,57325,52
sniffing,57326,57325,57326,1
climbing,57399,57326,57399,73
rearing,57489,57399,57489,90
grooming,57527,57489,57527,38
sniffing,57591,57527,57591,64
climbing,57630,57591,57630,39
running,57649,57630,57649,19
stepping,57650,57649,57650,1
walking,57720,57650,57720,70
rising,57833,57720,57833,113
rearing,57898,57833,57898,65
grooming,58140,57898,58140,242
rising,58141,58140,58141,1
climbing,58168,58141,58168,27
right_turning,58213,58168,58213,45
walking,58214,58213,58214,1
sniffing,58337,58214,58337,123
rearing,58360,58337,58360,23
grooming,58488,58360,58488,128
sniffing,58489,58488,58489,1
left_turning,58545,58489,58545,56
walking,58558,58545,58558,13
rising,58575,58558,58575,17
climbing,58632,58575,58632,57
sniffing,58697,58632,58697,65
climbing,58698,58697,58698,1
grooming,58699,58698,58699,1
climbing,58762,58699,58762,63
sniffing,58774,58762,58774,12
climbing,58829,58774,58829,55
walking,58864,58829,58864,35
sniffing,58922,58864,58922,58
walking,58968,58922,58968,46
climbing,59023,58968,59023,55
sniffing,59070,59023,59070,47
walking,59105,59070,59105,35
sniffing,59150,59105,59150,45
left_turning,59188,59150,59188,38
trotting,59252,59188,59252,64
walking,59323,59252,59323,71
sniffing,59503,59323,59503,180
left_turning,59556,59503,59556,53
running,59595,59556,59595,39
walking,59596,59595,59596,1
climbing,59605,59596,59605,9
sniffing,59606,59605,59606,1
stepping,59633,59606,59633,27
left_turning,59634,59633,59634,1
walking,59696,59634,59696,62
left_turning,59703,59696,59703,7
sniffing,59704,59703,59704,1
climbing,59748,59704,59748,44
right_turning,59765,59748,59765,17
walking,59800,59765,59800,35
rising,59809,59800,59809,9
climbing,59810,59809,59810,1
grooming,59826,59810,59826,16
rearing,59887,59826,59887,61
sniffing,59925,59887,59925,38
pausing,60078,59925,60078,153
sniffing,60104,60078,60104,26
walking,60105,60104,60105,1
stepping,60114,60105,60114,9
walking,60160,60114,60160,46
sniffing,60167,60160,60167,7
rising,60178,60167,60178,11
running,60219,60178,60219,41
walking,60288,60219,60288,69
rising,60294,60288,60294,6
sniffing,60295,60294,60295,1
left_turning,60312,60295,60312,17
walking,60356,60312,60356,44
sniffing,60393,60356,60393,37
walking,60450,60393,60450,57
sniffing,60548,60450,60548,98
left_turning,60586,60548,60586,38
sniffing,60684,60586,60684,98
running,60715,60684,60715,31
stepping,60776,60715,60776,61
sniffing,60829,60776,60829,53
rising,60904,60829,60904,75
climbing,60950,60904,60950,46
rearing,60951,60950,60951,1
climbing,60952,60951,60952,1
sniffing,61093,60952,61093,141
left_turning,61126,61093,61126,33
sniffing,61242,61126,61242,116
walking,61273,61242,61273,31
running,61306,61273,61306,33
left_turning,61379,61306,61379,73
sniffing,61429,61379,61429,50
left_turning,61487,61429,61487,58
sniffing,61560,61487,61560,73
climbing,61656,61560,61656,96
right_turning,61696,61656,61696,40
walking,61754,61696,61754,58
rising,61790,61754,61790,36
climbing,61791,61790,61791,1
sniffing,61796,61791,61796,5
rising,61797,61796,61797,1
right_turning,61835,61797,61835,38
sniffing,62035,61835,62035,200
rising,62040,62035,62040,5
sniffing,62041,62040,62041,1
trotting,62042,62041,62042,1
sniffing,62059,62042,62059,17
stepping,62069,62059,62069,10
running,62101,62069,62101,32
sniffing,62213,62101,62213,112
rearing,62214,62213,62214,1
hunching,62264,62214,62264,50
sniffing,62265,62264,62265,1
stepping,62276,62265,62276,11
sniffing,62287,62276,62287,11
rising,62325,62287,62325,38
sniffing,62451,62325,62451,126
walking,62477,62451,62477,26
sniffing,62478,62477,62478,1
walking,62504,62478,62504,26
sniffing,62552,62504,62552,48
right_turning,62553,62552,62553,1
running,62589,62553,62589,36
sniffing,62614,62589,62614,25
walking,62647,62614,62647,33
sniffing,62648,62647,62648,1
climbing,62663,62648,62663,15
sniffing,62702,62663,62702,39
left_turning,62790,62702,62790,88
running,62831,62790,62831,41
left_turning,62888,62831,62888,57
sniffing,63049,62888,63049,161
rearing,63122,63049,63122,73
trotting,63140,63122,63140,18
sniffing,63165,63140,63165,25
rising,63194,63165,63194,29
climbing,63225,63194,63225,31
walking,63226,63225,63226,1
sniffing,63261,63226,63261,35
walking,63262,63261,63262,1
stepping,63263,63262,63263,1
sniffing,63274,63263,63274,11
grooming,63386,63274,63386,112
sniffing,63491,63386,63491,105
right_turning,63498,63491,63498,7
sniffing,63609,63498,63609,111
walking,63643,63609,63643,34
stepping,63687,63643,63687,44
rising,63729,63687,63729,42
sniffing,63746,63729,63746,17
grooming,63747,63746,63747,1
climbing,63862,63747,63862,115
rising,63886,63862,63886,24
climbing,63935,63886,63935,49
rising,63961,63935,63961,26
climbing,64063,63961,64063,102
running,64114,64063,64114,51
sniffing,64237,64114,64237,123
rising,64239,64237,64239,2
climbing,64240,64239,64240,1
running,64262,64240,64262,22
sniffing,64421,64262,64421,159
rising,64442,64421,64442,21
sniffing,64448,64442,64448,6
left_turning,64462,64448,64462,14
walking,64463,64462,64463,1
sniffing,64546,64463,64546,83
left_turning,64595,64546,64595,49
sniffing,64645,64595,64645,50
trotting,64654,64645,64654,9
sniffing,64702,64654,64702,48
pausing,64724,64702,64724,22
sniffing,64725,64724,64725,1
climbing,64805,64725,64805,80
rearing,64874,64805,64874,69
sniffing,64902,64874,64902,28
rising,64935,64902,64935,33
climbing,64972,64935,64972,37
right_turning,64990,64972,64990,18
walking,65012,64990,65012,22
sniffing,65191,65012,65191,179
rising,65193,65191,65193,2
hunching,65205,65193,65205,12
sniffing,65226,65205,65226,21
rising,65230,65226,65230,4
right_turning,65284,65230,65284,54
stepping,65336,65284,65336,52
hunching,65337,65336,65337,1
grooming,65338,65337,65338,1
rearing,65339,65338,65339,1
grooming,65563,65339,65563,224
hunching,65571,65563,65571,8
rearing,65634,65571,65634,63
sniffing,65741,65634,65741,107
rising,65840,65741,65840,99
climbing,65885,65840,65885,45
sniffing,65886,65885,65886,1
rearing,65907,65886,65907,21
stepping,65946,65907,65946,39
rising,65952,65946,65952,6
climbing,66022,65952,66022,70
rearing,66029,66022,66029,7
sniffing,66109,66029,66109,80
walking,66110,66109,66110,1
climbing,66200,66110,66200,90
sniffing,66201,66200,66201,1
rising,66274,66201,66274,73
rearing,66291,66274,66291,17
walking,66292,66291,66292,1
sniffing,66360,66292,66360,68
rising,66412,66360,66412,52
sniffing,66413,66412,66413,1
walking,66447,66413,66447,34
sniffing,66475,66447,66475,28
right_turning,66476,66475,66476,1
sniffing,66542,66476,66542,66
grooming,66566,66542,66566,24
sniffing,66653,66566,66653,87
trotting,66666,66653,66666,13
sniffing,66680,66666,66680,14
left_turning,66681,66680,66681,1
sniffing,66783,66681,66783,102
climbing,66804,66783,66804,21
rising,66823,66804,66823,19
sniffing,67010,66823,67010,187
left_turning,67077,67010,67077,67
sniffing,67109,67077,67109,32
walking,67184,67109,67184,75
stepping,67185,67184,67185,1
climbing,67200,67185,67200,15
rising,67295,67200,67295,95
rearing,67413,67295,67413,118
rising,67437,67413,67437,24
climbing,67522,67437,67522,85
rising,67548,67522,67548,26
sniffing,67549,67548,67549,1
rising,67564,67549,67564,15
climbing,67624,67564,67624,60
right_turning,67641,67624,67641,17
rising,67725,67641,67725,84
stepping,67773,67725,67773,48
walking,67802,67773,67802,29
sniffing,67903,67802,67903,101
grooming,67956,67903,67956,53
climbing,67957,67956,67957,1
walking,68023,67957,68023,66
rising,68034,68023,68034,11
stepping,68101,68034,68101,67
rearing,68102,68101,68102,1
trotting,68136,68102,68136,34
right_turning,68142,68136,68142,6
walking,68209,68142,68209,67
sniffing,68368,68209,68368,159
right_turning,68380,68368,68380,12
sniffing,68426,68380,68426,46
rising,68475,68426,68475,49
climbing,68616,68475,68616,141
sniffing,68737,68616,68737,121
walking,68750,68737,68750,13
right_turning,68751,68750,68751,1
climbing,68774,68751,68774,23
sniffing,68858,68774,68858,84
right_turning,68859,68858,68859,1
sniffing,68915,68859,68915,56
walking,68972,68915,68972,57
sniffing,68973,68972,68973,1
climbing,69031,68973,69031,58
walking,69110,69031,69110,79
sniffing,69111,69110,69111,1
walking,69145,69111,69145,34
sniffing,69335,69145,69335,190
walking,69393,69335,69393,58
rising,69425,69393,69425,32
climbing,69692,69425,69692,267
rising,69757,69692,69757,65
climbing,69905,69757,69905,148
sniffing,69963,69905,69963,58
rising,69964,69963,69964,1
stepping,69978,69964,69978,14
left_turning,70003,69978,70003,25
trotting,70009,70003,70009,6
stepping,70041,70009,70041,32
sniffing,70133,70041,70133,92
rearing,70212,70133,70212,79
left_turning,70271,70212,70271,59
walking,70293,70271,70293,22
sniffing,70294,70293,70294,1
rising,70334,70294,70334,40
left_turning,70384,70334,70384,50
sniffing,70385,70384,70385,1
grooming,70386,70385,70386,1
sniffing,70388,70386,70388,2
rising,70408,70388,70408,20
climbing,70512,70408,70512,104
rearing,70566,70512,70566,54
trotting,70583,70566,70583,17
walking,70676,70583,70676,93
sniffing,70735,70676,70735,59
rising,70810,70735,70810,75
hunching,70879,70810,70879,69
walking,70929,70879,70929,50
sniffing,71181,70929,71181,252
right_turning,71201,71181,71201,20
walking,71325,71201,71325,124
sniffing,71464,71325,71464,139
rearing,71572,71464,71572,108
right_turning,71579,71572,71579,7
trotting,71615,71579,71615,36
running,71635,71615,71635,20
trotting,71660,71635,71660,25
climbing,71885,71660,71885,225
sniffing,71905,71885,71905,20
rising,71939,71905,71939,34
sniffing,71962,71939,71962,23
left_turning,72031,71962,72031,69
walking,72056,72031,72056,25
trotting,72069,72056,72069,13
right_turning,72071,72069,72071,2
sniffing,72257,72071,72257,186
left_turning,72312,72257,72312,55
sniffing,72313,72312,72313,1
walking,72319,72313,72319,6
rising,72358,72319,72358,39
climbing,72405,72358,72405,47
rearing,72443,72405,72443,38
sniffing,72497,72443,72497,54
running,72498,72497,72498,1
walking,72513,72498,72513,15
stepping,72576,72513,72576,63
sniffing,72623,72576,72623,47
rising,72641,72623,72641,18
hunching,72642,72641,72642,1
rearing,72643,72642,72643,1
grooming,72817,72643,72817,174
rising,72822,72817,72822,5
climbing,72847,72822,72847,25
left_turning,72919,72847,72919,72
sniffing,72921,72919,72921,2
left_turning,72950,72921,72950,29
stepping,73004,72950,73004,54
left_turning,73072,73004,73072,68
walking,73074,73072,73074,2
climbing,73097,73074,73097,23
sniffing,73154,73097,73154,57
walking,73164,73154,73164,10
climbing,73236,73164,73236,72
right_turning,73270,73236,73270,34
hunching,73286,73270,73286,16
sniffing,73311,73286,73311,25
climbing,73312,73311,73312,1
left_turning,73342,73312,73342,30
sniffing,73501,73342,73501,159
left_turning,73514,73501,73514,13
sniffing,73622,73514,73622,108
climbing,73679,73622,73679,57
rearing,73680,73679,73680,1
climbing,73808,73680,73808,128
jumping,73936,73808,73936,128
sniffing,74023,73936,74023,87
rising,74059,74023,74059,36
climbing,74082,74059,74082,23
sniffing,74092,74082,74092,10
walking,74114,74092,74114,22
hunching,74115,74114,74115,1
climbing,74151,74115,74151,36
rising,74156,74151,74156,5
climbing,74241,74156,74241,85
rearing,74292,74241,74292,51
rising,74344,74292,74344,52
sniffing,74345,74344,74345,1
rising,74356,74345,74356,11
sniffing,74425,74356,74425,69
climbing,74484,74425,74484,59
sniffing,74700,74484,74700,216
stepping,74726,74700,74726,26
climbing,74903,74726,74903,177
sniffing,74967,74903,74967,64
left_turning,74989,74967,74989,22
sniffing,74990,74989,74990,1
right_turning,75006,74990,75006,16
rising,75028,75006,75028,22
sniffing,75029,75028,75029,1
stepping,75052,75029,75052,23
rising,75071,75052,75071,19
climbing,75079,75071,75079,8
right_turning,75113,75079,75113,34
sniffing,75189,75113,75189,76
rearing,75235,75189,75235,46
left_turning,75277,75235,75277,42
walking,75320,75277,75320,43
sniffing,75321,75320,75321,1
rising,75345,75321,75345,24
climbing,75389,75345,75389,44
rising,75446,75389,75446,57
sniffing,75656,75446,75656,210
walking,75731,75656,75731,75
rising,75810,75731,75810,79
walking,75832,75810,75832,22
sniffing,75833,75832,75833,1
rising,75834,75833,75834,1
left_turning,75865,75834,75865,31
walking,75932,75865,75932,67
sniffing,76049,75932,76049,117
climbing,76091,76049,76091,42
walking,76093,76091,76093,2
climbing,76113,76093,76113,20
grooming,76233,76113,76233,120
trotting,76294,76233,76294,61
left_turning,76400,76294,76400,106
sniffing,76537,76400,76537,137
right_turning,76549,76537,76549,12
walking,76637,76549,76637,88
sniffing,76638,76637,76638,1
grooming,76685,76638,76685,47
sniffing,76696,76685,76696,11
walking,76725,76696,76725,29
sniffing,76736,76725,76736,11
rising,76741,76736,76741,5
climbing,76810,76741,76810,69
walking,76969,76810,76969,159
sniffing,77127,76969,77127,158
rising,77193,77127,77193,66
climbing,77262,77193,77262,69
trotting,77291,77262,77291,29
walking,77347,77291,77347,56
sniffing,77402,77347,77402,55
left_turning,77479,77402,77479,77
rising,77563,77479,77563,84
sniffing,77693,77563,77693,130
left_turning,77741,77693,77741,48
sniffing,77750,77741,77750,9
rising,77806,77750,77806,56
sniffing,77807,77806,77807,1
trotting,77861,77807,77861,54
stepping,77886,77861,77886,25
rising,77887,77886,77887,1
stepping,77901,77887,77901,14
left_turning,77922,77901,77922,21
walking,78018,77922,78018,96
sniffing,78078,78018,78078,60
walking,78170,78078,78170,92
sniffing,78256,78170,78256,86
walking,78273,78256,78273,17
sniffing,78545,78273,78545,272
climbing,78642,78545,78642,97
left_turning,78687,78642,78687,45
rising,78721,78687,78721,34
climbing,78737,78721,78737,16
right_turning,78738,78737,78738,1
walking,78788,78738,78788,50
rising,78817,78788,78817,29
climbing,78994,78817,78994,177
walking,79035,78994,79035,41
stepping,79062,79035,79062,27
pausing,79247,79062,79247,185
sniffing,79338,79247,79338,91
left_turning,79429,79338,79429,91
walking,79430,79429,79430,1
sniffing,79491,79430,79491,61
climbing,79550,79491,79550,59
walking,79635,79550,79635,85
sniffing,79636,79635,79636,1
climbing,79667,79636,79667,31
sniffing,79800,79667,79800,133
climbing,79847,79800,79847,47
rearing,79921,79847,79921,74
left_turning,79959,79921,79959,38
walking,80018,79959,80018,59
sniffing,80058,80018,80058,40
climbing,80138,80058,80138,80
rising,80197,80138,80197,59
sniffing,80198,80197,80198,1
hunching,80214,80198,80214,16
climbing,80348,80214,80348,134
rearing,80349,80348,80349,1
climbing,80363,80349,80363,14
rearing,80408,80363,80408,45
sniffing,80409,80408,80409,1
left_turning,80451,80409,80451,42
sniffing,80452,80451,80452,1
rising,80470,80452,80470,18
sniffing,80471,80470,80471,1
walking,80484,80471,80484,13
sniffing,80552,80484,80552,68
rising,80602,80552,80602,50
hunching,80649,80602,80649,47
sniffing,80650,80649,80650,1
climbing,80688,80650,80688,38
sniffing,80777,80688,80777,89
pausing,80945,80777,80945,168
left_turning,80979,80945,80979,34
trotting,81018,80979,81018,39
left_turning,81061,81018,81061,43
rising,81069,81061,81069,8
climbing,81191,81069,81191,122
rising,81279,81191,81279,88
sniffing,81395,81279,81395,116
rearing,81396,81395,81396,1
sniffing,81429,81396,81429,33
rising,81493,81429,81493,64
sniffing,81543,81493,81543,50
trotting,81565,81543,81565,22
sniffing,81655,81565,81655,90
walking,81656,81655,81656,1
sniffing,81657,81656,81657,1
walking,81707,81657,81707,50
sniffing,81741,81707,81741,34
right_turning,81752,81741,81752,11
trotting,81800,81752,81800,48
rising,81852,81800,81852,52
sniffing,81882,81852,81882,30
left_turning,81897,81882,81897,15
sniffing,81930,81897,81930,33
trotting,81932,81930,81932,2
rising,81933,81932,81933,1
sniffing,82049,81933,82049,116
rising,82050,82049,82050,1
climbing,82147,82050,82147,97
walking,82150,82147,82150,3
sniffing,82211,82150,82211,61
walking,82220,82211,82220,9
sniffing,82221,82220,82221,1
right_turning,82252,82221,82252,31
sniffing,82434,82252,82434,182
climbing,82540,82434,82540,106
rearing,82541,82540,82541,1
rising,82563,82541,82563,22
left_turning,82574,82563,82574,11
walking,82575,82574,82575,1
stepping,82619,82575,82619,44
walking,82669,82619,82669,50
sniffing,82691,82669,82691,22
walking,82753,82691,82753,62
climbing,82773,82753,82773,20
walking,82816,82773,82816,43
rising,82846,82816,82846,30
sniffing,82888,82846,82888,42
rearing,82970,82888,82970,82
left_turning,83046,82970,83046,76
sniffing,83047,83046,83047,1
climbing,83115,83047,83115,68
grooming,83243,83115,83243,128
sniffing,83412,83243,83412,169
rising,83413,83412,83413,1
sniffing,83506,83413,83506,93
running,83540,83506,83540,34
sniffing,83633,83540,83633,93
walking,83721,83633,83721,88
sniffing,83722,83721,83722,1
rising,83750,83722,83750,28
grooming,84011,83750,84011,261
rearing,84121,84011,84121,110
stepping,84137,84121,84137,16
sniffing,84138,84137,84138,1
hunching,84209,84138,84209,71
grooming,84396,84209,84396,187
sniffing,84525,84396,84525,129
walking,84592,84525,84592,67
sniffing,84593,84592,84593,1
walking,84689,84593,84689,96
rising,84762,84689,84762,73
rearing,84820,84762,84820,58
climbing,84879,84820,84879,59
rearing,84954,84879,84954,75
running,84980,84954,84980,26
sniffing,84981,84980,84981,1
rising,85020,84981,85020,39
sniffing,85021,85020,85021,1
rising,85098,85021,85098,77
climbing,85124,85098,85124,26
stepping,85185,85124,85185,61
sniffing,85230,85185,85230,45
pausing,85528,85230,85528,298
sniffing,85557,85528,85557,29
right_turning,85558,85557,85558,1
walking,85580,85558,85580,22
climbing,85620,85580,85620,40
rising,85661,85620,85661,41
climbing,85745,85661,85745,84
sniffing,85842,85745,85842,97
walking,85882,85842,85882,40
rising,85975,85882,85975,93
climbing,86074,85975,86074,99
walking,86119,86074,86119,45
sniffing,86120,86119,86120,1
walking,86140,86120,86140,20
left_turning,86248,86140,86248,108
rising,86249,86248,86249,1
climbing,86287,86249,86287,38
left_turning,86317,86287,86317,30
walking,86405,86317,86405,88
stepping,86453,86405,86453,48
left_turning,86535,86453,86535,82
sniffing,86672,86535,86672,137
walking,86694,86672,86694,22
sniffing,86741,86694,86741,47
grooming,87010,86741,87010,269
climbing,87101,87010,87101,91
left_turning,87103,87101,87103,2
walking,87194,87103,87194,91
rising,87211,87194,87211,17
sniffing,87218,87211,87218,7
trotting,87242,87218,87242,24
rising,87244,87242,87244,2
climbing,87277,87244,87277,33
sniffing,87278,87277,87278,1
climbing,87405,87278,87405,127
sniffing,87472,87405,87472,67
rearing,87580,87472,87580,108
rising,87630,87580,87630,50
left_turning,87678,87630,87678,48
walking,87744,87678,87744,66
sniffing,87819,87744,87819,75
hunching,87832,87819,87832,13
sniffing,87833,87832,87833,1
hunching,87894,87833,87894,61
climbing,87960,87894,87960,66
sniffing,88021,87960,88021,61
left_turning,88030,88021,88030,9
sniffing,88036,88030,88036,6
climbing,88103,88036,88103,67
left_turning,88109,88103,88109,6
walking,88198,88109,88198,89
rising,88235,88198,88235,37
sniffing,88261,88235,88261,26
walking,88318,88261,88318,57
sniffing,88443,88318,88443,125
walking,88454,88443,88454,11
sniffing,88571,88454,88571,117
right_turning,88627,88571,88627,56
walking,88639,88627,88639,12
sniffing,88710,88639,88710,71
climbing,88764,88710,88764,54
rearing,88818,88764,88818,54
running,88853,88818,88853,35
rising,88927,88853,88927,74
climbing,88974,88927,88974,47
rising,88988,88974,88988,14
walking,89041,88988,89041,53
sniffing,89101,89041,89101,60
walking,89161,89101,89161,60
stepping,89205,89161,89205,44
left_turning,89224,89205,89224,19
stepping,89268,89224,89268,44
rearing,89374,89268,89374,106
right_turning,89376,89374,89376,2
walking,89402,89376,89402,26
sniffing,89628,89402,89628,226
walking,89688,89628,89688,60
running,89701,89688,89701,13
rearing,89793,89701,89793,92
rising,89877,89793,89877,84
rearing,89879,89877,89879,2
rising,89943,89879,89943,64
climbing,89987,89943,89987,44
hunching,90025,89987,90025,38
sniffing,90085,90025,90085,60
stepping,90160,90085,90160,75
rising,90196,90160,90196,36
right_turning,90236,90196,90236,40
running,90260,90236,90260,24
sniffing,90302,90260,90302,42
left_turning,90368,90302,90368,66
trotting,90424,90368,90424,56
sniffing,90638,90424,90638,214
climbing,90733,90638,90733,95
rising,90806,90733,90806,73
climbing,90828,90806,90828,22
rearing,90860,90828,90860,32
rising,90861,90860,90861,1
left_turning,90955,90861,90955,94
trotting,90972,90955,90972,17
rising,90973,90972,90973,1
climbing,91006,90973,91006,33
left_turning,91007,91006,91007,1
sniffing,91108,91007,91108,101
right_turning,91122,91108,91122,14
sniffing,91202,91122,91202,80
climbing,91207,91202,91207,5
walking,91208,91207,91208,1
sniffing,91209,91208,91209,1
rising,91241,91209,91241,32
climbing,91312,91241,91312,71
running,91346,91312,91346,34
sniffing,91347,91346,91347,1
walking,91387,91347,91387,40
right_turning,91424,91387,91424,37
rising,91477,91424,91477,53
climbing,91478,91477,91478,1
grooming,91479,91478,91479,1
sniffing,91593,91479,91593,114
right_turning,91640,91593,91640,47
running,91666,91640,91666,26
sniffing,91723,91666,91723,57
grooming,91724,91723,91724,1
climbing,91857,91724,91857,133
sniffing,92140,91857,92140,283
walking,92192,92140,92192,52
stepping,92212,92192,92212,20
right_turning,92237,92212,92237,25
climbing,92352,92237,92352,115
right_turning,92375,92352,92375,23
walking,92376,92375,92376,1
left_turning,92377,92376,92377,1
rising,92454,92377,92454,77
rearing,92455,92454,92455,1
climbing,92585,92455,92585,130
hunching,92597,92585,92597,12
grooming,93141,92597,93141,544
sniffing,93240,93141,93240,99
walking,93302,93240,93302,62
left_turning,93408,93302,93408,106
pausing,93425,93408,93425,17
climbing,93542,93425,93542,117
right_turning,93569,93542,93569,27
walking,93616,93569,93616,47
sniffing,93743,93616,93743,127
pausing,93854,93743,93854,111
sniffing,93855,93854,93855,1
left_turning,93945,93855,93945,90
stepping,93951,93945,93951,6
sniffing,93952,93951,93952,1
walking,93982,93952,93982,30
sniffing,94072,93982,94072,90
pausing,94170,94072,94170,98
left_turning,94204,94170,94204,34
sniffing,94214,94204,94214,10
rising,94221,94214,94221,7
rearing,94222,94221,94222,1
grooming,94715,94222,94715,493
rising,94912,94715,94912,197
sniffing,94913,94912,94913,1
walking,94935,94913,94935,22
sniffing,94959,94935,94959,24
rising,95013,94959,95013,54
walking,95108,95013,95108,95
sniffing,95158,95108,95158,50
left_turning,95176,95158,95176,18
sniffing,95188,95176,95188,12
left_turning,95217,95188,95217,29
climbing,95346,95217,95346,129
rising,95499,95346,95499,153
walking,95510,95499,95510,11
rising,95583,95510,95583,73
climbing,95704,95583,95704,121
sniffing,95727,95704,95727,23
hunching,95762,95727,95762,35
grooming,96045,95762,96045,283
sniffing,96075,96045,96075,30
rising,96124,96075,96124,49
rearing,96161,96124,96161,37
grooming,96481,96161,96481,320
rearing,96525,96481,96525,44
sniffing,96610,96525,96610,85
pausing,96785,96610,96785,175
sniffing,96786,96785,96786,1
grooming,96911,96786,96911,125
sniffing,96971,96911,96971,60
walking,97028,96971,97028,57
rearing,97097,97028,97097,69
rising,97124,97097,97124,27
climbing,97177,97124,97177,53
running,97199,97177,97199,22
trotting,97245,97199,97245,46
sniffing,97483,97245,97483,238
left_turning,97563,97483,97563,80
sniffing,97725,97563,97725,162
left_turning,97741,97725,97741,16
walking,97742,97741,97742,1
rising,97811,97742,97811,69
rearing,97835,97811,97835,24
climbing,97927,97835,97927,92
rearing,97928,97927,97928,1
sniffing,97986,97928,97986,58
rearing,98017,97986,98017,31
rising,98066,98017,98066,49
climbing,98148,98066,98148,82
left_turning,98183,98148,98183,35
running,98219,98183,98219,36
trotting,98271,98219,98271,52
walking,98299,98271,98299,28
climbing,98371,98299,98371,72
left_turning,98442,98371,98442,71
trotting,98484,98442,98484,42
climbing,98629,98484,98629,145
running,98677,98629,98677,48
rising,98747,98677,98747,70
climbing,98825,98747,98825,78
grooming,99161,98825,99161,336
sniffing,99241,99161,99241,80
left_turning,99260,99241,99260,19
sniffing,99385,99260,99385,125
rising,99441,99385,99441,56
climbing,99509,99441,99509,68
walking,99525,99509,99525,16
rising,99596,99525,99596,71
sniffing,99658,99596,99658,62
rising,99663,99658,99663,5
climbing,99719,99663,99719,56
sniffing,99738,99719,99738,19
left_turning,99821,99738,99821,83
climbing,99936,99821,99936,115
rising,99937,99936,99937,1
sniffing,100204,99937,100204,267
walking,100289,100204,100289,85
left_turning,100313,100289,100313,24
walking,100337,100313,100337,24
sniffing,100462,100337,100462,125
stepping,100463,100462,100463,1
sniffing,100464,100463,100464,1
grooming,100465,100464,100465,1
walking,100548,100465,100548,83
rearing,100609,100548,100609,61
walking,100616,100609,100616,7
sniffing,100617,100616,100617,1
walking,100660,100617,100660,43
sniffing,100705,100660,100705,45
rising,100762,100705,100762,57
climbing,100813,100762,100813,51
hunching,100829,100813,100829,16
walking,100882,100829,100882,53
trotting,100910,100882,100910,28
rising,100988,100910,100988,78
stepping,101016,100988,101016,28
climbing,101184,101016,101184,168
rising,101213,101184,101213,29
sniffing,101526,101213,101526,313
left_turning,101530,101526,101530,4
sniffing,101660,101530,101660,130
left_turning,101701,101660,101701,41
walking,101753,101701,101753,52
rising,101759,101753,101759,6
climbing,101848,101759,101848,89
sniffing,101879,101848,101879,31
rising,101904,101879,101904,25
rearing,101909,101904,101909,5
sniffing,101910,101909,101910,1
rising,102057,101910,102057,147
climbing,102288,102057,102288,231
grooming,102490,102288,102490,202
walking,102519,102490,102519,29
sniffing,102520,102519,102520,1
climbing,102693,102520,102693,173
rising,102798,102693,102798,105
sniffing,102935,102798,102935,137
rearing,102936,102935,102936,1
walking,102983,102936,102983,47
sniffing,102984,102983,102984,1
walking,103040,102984,103040,56
climbing,103111,103040,103111,71
right_turning,103151,103111,103151,40
walking,103189,103151,103189,38
stepping,103238,103189,103238,49
sniffing,103367,103238,103367,129
rearing,103368,103367,103368,1
climbing,103376,103368,103376,8
rearing,103398,103376,103398,22
grooming,103432,103398,103432,34
left_turning,103457,103432,103457,25
stepping,103458,103457,103458,1
left_turning,103515,103458,103515,57
walking,103572,103515,103572,57
climbing,103614,103572,103614,42
sniffing,103756,103614,103756,142
rising,103778,103756,103778,22
climbing,103911,103778,103911,133
rearing,103973,103911,103973,62
sniffing,104053,103973,104053,80
walking,104096,104053,104096,43
left_turning,104157,104096,104157,61
running,104190,104157,104190,33
trotting,104208,104190,104208,18
sniffing,104238,104208,104238,30
rising,104261,104238,104261,23
sniffing,104340,104261,104340,79
walking,104426,104340,104426,86
rising,104427,104426,104427,1
sniffing,104469,104427,104469,42
rising,104534,104469,104534,65
sniffing,104535,104534,104535,1
right_turning,104581,104535,104581,46
sniffing,104582,104581,104582,1
rearing,104616,104582,104616,34
sniffing,104842,104616,104842,226
pausing,104843,104842,104843,1
climbing,105016,104843,105016,173
sniffing,105089,105016,105089,73
left_turning,105116,105089,105116,27
walking,105161,105116,105161,45
right_turning,105170,105161,105170,9
walking,105206,105170,105206,36
sniffing,105465,105206,105465,259
walking,105568,105465,105568,103
climbing,105658,105568,105658,90
rearing,105659,105658,105659,1
grooming,105660,105659,105660,1
sniffing,105701,105660,105701,41
walking,105706,105701,105706,5
rising,105744,105706,105744,38
sniffing,105837,105744,105837,93
rising,105849,105837,105849,12
sniffing,105980,105849,105980,131
right_turning,105981,105980,105981,1
left_turning,105990,105981,105990,9
walking,105996,105990,105996,6
climbing,106057,105996,106057,61
rearing,106058,106057,106058,1
left_turning,106059,106058,106059,1
sniffing,106071,106059,106071,12
pausing,106072,106071,106072,1
sniffing,106194,106072,106194,122
climbing,106212,106194,106212,18
sniffing,106325,106212,106325,113
right_turning,106417,106325,106417,92
sniffing,106434,106417,106434,17
rising,106500,106434,106500,66
sniffing,106501,106500,106501,1
left_turning,106567,106501,106567,66
sniffing,106643,106567,106643,76
pausing,107025,106643,107025,382
sniffing,107026,107025,107026,1
walking,107031,107026,107031,5
climbing,107090,107031,107090,59
rising,107164,107090,107164,74
walking,107240,107164,107240,76
sniffing,107278,107240,107278,38
left_turning,107279,107278,107279,1
walking,107322,107279,107322,43
rising,107334,107322,107334,12
climbing,107335,107334,107335,1
rising,107463,107335,107463,128
grooming,107598,107463,107598,135
climbing,107663,107598,107663,65
right_turning,107687,107663,107687,24
walking,107749,107687,107749,62
sniffing,107806,107749,107806,57
walking,107858,107806,107858,52
stepping,107902,107858,107902,44
right_turning,107910,107902,107910,8
walking,107967,107910,107967,57
left_turning,108000,107967,108000,33
