revised_movement_label,segBoundary,segBoundary_start,segBoundary_end,length
sniffing,78,0,78,78
walking,134,78,134,56
sniffing,195,134,195,61
walking,265,195,265,70
sniffing,293,265,293,28
right_turning,294,293,294,1
sniffing,317,294,317,23
walking,357,317,357,40
stepping,382,357,382,25
walking,438,382,438,56
trotting,464,438,464,26
stepping,489,464,489,25
sniffing,528,489,528,39
walking,643,528,643,115
left_turning,701,643,701,58
stepping,761,701,761,60
walking,796,761,796,35
rising,797,796,797,1
rearing,887,797,887,90
sniffing,948,887,948,61
walking,976,948,976,28
sniffing,1063,976,1063,87
rearing,1114,1063,1114,51
rising,1115,1114,1115,1
left_turning,1141,1115,1141,26
sniffing,1142,1141,1142,1
climbing,1179,1142,1179,37
walking,1222,1179,1222,43
left_turning,1223,1222,1223,1
walking,1254,1223,1254,31
running,1289,1254,1289,35
sniffing,1290,1289,1290,1
rising,1291,1290,1291,1
stepping,1363,1291,1363,72
rearing,1364,1363,1364,1
climbing,1394,1364,1394,30
walking,1421,1394,1421,27
sniffing,1495,1421,1495,74
rising,1520,1495,1520,25
sniffing,1638,1520,1638,118
rearing,1650,1638,1650,12
sniffing,1669,1650,1669,19
climbing,1715,1669,1715,46
stepping,1716,1715,1716,1
walking,1717,1716,1717,1
sniffing,1754,1717,1754,37
walking,1803,1754,1803,49
sniffing,1804,1803,1804,1
climbing,1886,1804,1886,82
walking,1903,1886,1903,17
sniffing,2253,1903,2253,350
climbing,2294,2253,2294,41
right_turning,2321,2294,2321,27
walking,2322,2321,2322,1
trotting,2406,2322,2406,84
sniffing,2526,2406,2526,120
stepping,2579,2526,2579,53
sniffing,2580,2579,2580,1
grooming,2595,2580,2595,15
left_turning,2610,2595,2610,15
sniffing,2725,2610,2725,115
climbing,2759,2725,2759,34
right_turning,2760,2759,2760,1
stepping,2803,2760,2803,43
right_turning,2832,2803,2832,29
trotting,2859,2832,2859,27
climbing,2877,2859,2877,18
left_turning,2926,2877,2926,49
stepping,2989,2926,2989,63
sniffing,3040,2989,3040,51
climbing,3060,3040,3060,20
rising,3106,3060,3106,46
left_turning,3110,3106,3110,4
walking,3134,3110,3134,24
trotting,3144,3134,3144,10
sniffing,3252,3144,3252,108
grooming,3394,3252,3394,142
sniffing,3395,3394,3395,1
climbing,3427,3395,3427,32
rearing,3448,3427,3448,21
left_turning,3454,3448,3454,6
rising,3456,3454,3456,2
right_turning,3510,3456,3510,54
walking,3566,3510,3566,56
rising,3577,3566,3577,11
walking,3680,3577,3680,103
left_turning,3820,3680,3820,140
sniffing,3926,3820,3926,106
walking,3927,3926,3927,1
left_turning,3932,3927,3932,5
trotting,3984,3932,3984,52
walking,4012,3984,4012,28
sniffing,4035,4012,4035,23
climbing,4071,4035,4071,36
walking,4132,4071,4132,61
trotting,4194,4132,4194,62
sniffing,4220,4194,4220,26
climbing,4277,4220,4277,57
running,4320,4277,4320,43
walking,4401,4320,4401,81
sniffing,4488,4401,4488,87
left_turning,4514,4488,4514,26
climbing,4603,4514,4603,89
sniffing,4664,4603,4664,61
walking,4710,4664,4710,46
rearing,4756,4710,4756,46
rising,4759,4756,4759,3
climbing,4781,4759,4781,22
rising,4796,4781,4796,15
climbing,4804,4796,4804,8
sniffing,4874,4804,4874,70
left_turning,4941,4874,4941,67
walking,4982,4941,4982,41
sniffing,5025,4982,5025,43
trotting,5061,5025,5061,36
walking,5134,5061,5134,73
rising,5202,5134,5202,68
walking,5224,5202,5224,22
rearing,5268,5224,5268,44
rising,5277,5268,5277,9
left_turning,5377,5277,5377,100
rising,5404,5377,5404,27
sniffing,5441,5404,5441,37
left_turning,5442,5441,5442,1
sniffing,5503,5442,5503,61
trotting,5509,5503,5509,6
rising,5582,5509,5582,73
sniffing,5602,5582,5602,20
rising,5603,5602,5603,1
climbing,5638,5603,5638,35
right_turning,5701,5638,5701,63
trotting,5765,5701,5765,64
sniffing,5796,5765,5796,31
rising,5806,5796,5806,10
climbing,5873,5806,5873,67
rising,5919,5873,5919,46
climbing,5945,5919,5945,26
walking,5988,5945,5988,43
rising,6012,5988,6012,24
climbing,6061,6012,6061,49
sniffing,6062,6061,6062,1
left_turning,6070,6062,6070,8
running,6090,6070,6090,20
walking,6163,6090,6163,73
rising,6164,6163,6164,1
climbing,6225,6164,6225,61
left_turning,6264,6225,6264,39
sniffing,6294,6264,6294,30
walking,6341,6294,6341,47
stepping,6376,6341,6376,35
trotting,6453,6376,6453,77
sniffing,6698,6453,6698,245
rising,6715,6698,6715,17
climbing,6772,6715,6772,57
hunching,6773,6772,6773,1
right_turning,6776,6773,6776,3
sniffing,6943,6776,6943,167
left_turning,7015,6943,7015,72
sniffing,7054,7015,7054,39
left_turning,7066,7054,7066,12
walking,7123,7066,7123,57
sniffing,7309,7123,7309,186
left_turning,7351,7309,7351,42
sniffing,7463,7351,7463,112
rising,7485,7463,7485,22
sniffing,7525,7485,7525,40
rising,7586,7525,7586,61
climbing,7634,7586,7634,48
sniffing,7635,7634,7635,1
rising,7641,7635,7641,6
climbing,7679,7641,7679,38
right_turning,7725,7679,7725,46
trotting,7764,7725,7764,39
rising,7819,7764,7819,55
rearing,7899,7819,7899,80
climbing,7940,7899,7940,41
left_turning,7992,7940,7992,52
sniffing,8114,7992,8114,122
walking,8133,8114,8133,19
left_turning,8144,8133,8144,11
walking,8208,8144,8208,64
climbing,8259,8208,8259,51
sniffing,8263,8259,8263,4
rising,8279,8263,8279,16
sniffing,8280,8279,8280,1
left_turning,8281,8280,8281,1
trotting,8316,8281,8316,35
walking,8317,8316,8317,1
sniffing,8319,8317,8319,2
walking,8413,8319,8413,94
rising,8499,8413,8499,86
sniffing,8500,8499,8500,1
walking,8514,8500,8514,14
sniffing,8550,8514,8550,36
left_turning,8613,8550,8613,63
climbing,8677,8613,8677,64
sniffing,8724,8677,8724,47
rising,8761,8724,8761,37
sniffing,8870,8761,8870,109
climbing,8937,8870,8937,67
trotting,8938,8937,8938,1
rising,8987,8938,8987,49
sniffing,9069,8987,9069,82
walking,9112,9069,9112,43
sniffing,9113,9112,9113,1
walking,9178,9113,9178,65
sniffing,9228,9178,9228,50
left_turning,9269,9228,9269,41
walking,9330,9269,9330,61
rising,9331,9330,9331,1
climbing,9372,9331,9372,41
trotting,9398,9372,9398,26
rearing,9399,9398,9399,1
climbing,9423,9399,9423,24
rising,9424,9423,9424,1
right_turning,9471,9424,9471,47
left_turning,9472,9471,9472,1
running,9501,9472,9501,29
sniffing,9551,9501,9551,50
climbing,9623,9551,9623,72
sniffing,9635,9623,9635,12
trotting,9686,9635,9686,51
sniffing,9721,9686,9721,35
running,9737,9721,9737,16
walking,9797,9737,9797,60
left_turning,9829,9797,9829,32
walking,9916,9829,9916,87
rising,9917,9916,9917,1
rearing,9997,9917,9997,80
rising,10033,9997,10033,36
sniffing,10074,10033,10074,41
walking,10151,10074,10151,77
sniffing,10156,10151,10156,5
walking,10268,10156,10268,112
hunching,10278,10268,10278,10
right_turning,10289,10278,10289,11
walking,10360,10289,10360,71
sniffing,10483,10360,10483,123
left_turning,10506,10483,10506,23
sniffing,10516,10506,10516,10
rising,10575,10516,10575,59
climbing,10637,10575,10637,62
right_turning,10686,10637,10686,49
left_turning,10730,10686,10730,44
walking,10812,10730,10812,82
rising,10852,10812,10852,40
climbing,10880,10852,10880,28
left_turning,10920,10880,10920,40
sniffing,10994,10920,10994,74
rising,11012,10994,11012,18
climbing,11075,11012,11075,63
running,11082,11075,11082,7
rising,11109,11082,11109,27
climbing,11213,11109,11213,104
walking,11232,11213,11232,19
left_turning,11259,11232,11259,27
sniffing,11406,11259,11406,147
right_turning,11428,11406,11428,22
rising,11429,11428,11429,1
climbing,11502,11429,11502,73
stepping,11531,11502,11531,29
running,11536,11531,11536,5
walking,11583,11536,11583,47
left_turning,11604,11583,11604,21
stepping,11659,11604,11659,55
sniffing,11736,11659,11736,77
walking,11759,11736,11759,23
sniffing,11760,11759,11760,1
left_turning,11794,11760,11794,34
sniffing,11855,11794,11855,61
rising,11888,11855,11888,33
sniffing,12066,11888,12066,178
rising,12129,12066,12129,63
left_turning,12171,12129,12171,42
walking,12225,12171,12225,54
left_turning,12249,12225,12249,24
walking,12250,12249,12250,1
rising,12266,12250,12266,16
climbing,12276,12266,12276,10
rising,12306,12276,12306,30
climbing,12362,12306,12362,56
stepping,12391,12362,12391,29
walking,12392,12391,12392,1
sniffing,12575,12392,12575,183
rising,12576,12575,12576,1
sniffing,12867,12576,12867,291
rising,12921,12867,12921,54
sniffing,13066,12921,13066,145
stepping,13078,13066,13078,12
running,13088,13078,13088,10
walking,13089,13088,13089,1
sniffing,13122,13089,13122,33
hunching,13123,13122,13123,1
sniffing,13134,13123,13134,11
climbing,13224,13134,13224,90
sniffing,13392,13224,13392,168
right_turning,13429,13392,13429,37
trotting,13432,13429,13432,3
walking,13472,13432,13472,40
sniffing,13498,13472,13498,26
left_turning,13524,13498,13524,26
sniffing,13579,13524,13579,55
left_turning,13620,13579,13620,41
sniffing,13621,13620,13621,1
rising,13640,13621,13640,19
sniffing,13787,13640,13787,147
walking,13919,13787,13919,132
climbing,13938,13919,13938,19
rearing,14055,13938,14055,117
rising,14080,14055,14080,25
rearing,14081,14080,14081,1
climbing,14082,14081,14082,1
stepping,14119,14082,14119,37
climbing,14190,14119,14190,71
rising,14222,14190,14222,32
walking,14268,14222,14268,46
sniffing,14395,14268,14395,127
rising,14396,14395,14396,1
climbing,14446,14396,14446,50
trotting,14487,14446,14487,41
sniffing,14488,14487,14488,1
stepping,14532,14488,14532,44
left_turning,14533,14532,14533,1
sniffing,14732,14533,14732,199
stepping,14773,14732,14773,41
walking,14833,14773,14833,60
sniffing,14899,14833,14899,66
rising,14936,14899,14936,37
stepping,14975,14936,14975,39
sniffing,14977,14975,14977,2
trotting,15040,14977,15040,63
walking,15099,15040,15099,59
sniffing,15149,15099,15149,50
left_turning,15198,15149,15198,49
sniffing,15324,15198,15324,126
left_turning,15362,15324,15362,38
sniffing,15363,15362,15363,1
climbing,15438,15363,15438,75
sniffing,15523,15438,15523,85
climbing,15569,15523,15569,46
sniffing,15638,15569,15638,69
climbing,15783,15638,15783,145
rearing,15880,15783,15880,97
sniffing,15946,15880,15946,66
walking,15974,15946,15974,28
sniffing,15975,15974,15975,1
trotting,15999,15975,15999,24
walking,16085,15999,16085,86
sniffing,16251,16085,16251,166
stepping,16282,16251,16282,31
sniffing,16312,16282,16312,30
stepping,16367,16312,16367,55
walking,16371,16367,16371,4
sniffing,16425,16371,16425,54
left_turning,16435,16425,16435,10
sniffing,16554,16435,16554,119
rising,16578,16554,16578,24
sniffing,16666,16578,16666,88
climbing,16712,16666,16712,46
rising,16796,16712,16796,84
walking,16841,16796,16841,45
sniffing,16842,16841,16842,1
rearing,16906,16842,16906,64
trotting,16936,16906,16936,30
sniffing,17022,16936,17022,86
rising,17047,17022,17047,25
sniffing,17067,17047,17067,20
rising,17112,17067,17112,45
walking,17142,17112,17142,30
sniffing,17223,17142,17223,81
trotting,17247,17223,17247,24
stepping,17309,17247,17309,62
sniffing,17341,17309,17341,32
stepping,17401,17341,17401,60
rising,17486,17401,17486,85
sniffing,17563,17486,17563,77
walking,17608,17563,17608,45
stepping,17626,17608,17626,18
walking,17672,17626,17672,46
climbing,17771,17672,17771,99
walking,17772,17771,17772,1
sniffing,17846,17772,17846,74
right_turning,17883,17846,17883,37
hunching,17889,17883,17889,6
grooming,17972,17889,17972,83
sniffing,18025,17972,18025,53
climbing,18026,18025,18026,1
left_turning,18082,18026,18082,56
sniffing,18193,18082,18193,111
right_turning,18214,18193,18214,21
stepping,18270,18214,18270,56
sniffing,18287,18270,18287,17
walking,18370,18287,18370,83
rising,18371,18370,18371,1
walking,18439,18371,18439,68
sniffing,18440,18439,18440,1
grooming,18494,18440,18494,54
rearing,18495,18494,18495,1
grooming,18625,18495,18625,130
sniffing,18671,18625,18671,46
rising,18673,18671,18673,2
climbing,18713,18673,18713,40
sniffing,18721,18713,18721,8
rearing,18741,18721,18741,20
sniffing,18742,18741,18742,1
stepping,18772,18742,18772,30
rising,18803,18772,18803,31
sniffing,18905,18803,18905,102
walking,18953,18905,18953,48
climbing,19000,18953,19000,47
hunching,19052,19000,19052,52
rising,19053,19052,19053,1
climbing,19098,19053,19098,45
sniffing,19124,19098,19124,26
stepping,19146,19124,19146,22
rising,19165,19146,19165,19
rearing,19193,19165,19193,28
grooming,19324,19193,19324,131
left_turning,19337,19324,19337,13
trotting,19363,19337,19363,26
walking,19387,19363,19387,24
hunching,19452,19387,19452,65
sniffing,19453,19452,19453,1
rearing,19473,19453,19473,20
climbing,19554,19473,19554,81
rearing,19569,19554,19569,15
sniffing,19603,19569,19603,34
running,19620,19603,19620,17
sniffing,19676,19620,19676,56
walking,19677,19676,19677,1
sniffing,19739,19677,19739,62
walking,19740,19739,19740,1
climbing,19790,19740,19790,50
trotting,19826,19790,19826,36
walking,19930,19826,19930,104
sniffing,19945,19930,19945,15
left_turning,19976,19945,19976,31
trotting,20003,19976,20003,27
left_turning,20004,20003,20004,1
sniffing,20005,20004,20005,1
walking,20068,20005,20068,63
sniffing,20112,20068,20112,44
climbing,20202,20112,20202,90
walking,20248,20202,20248,46
sniffing,20329,20248,20329,81
rising,20336,20329,20336,7
sniffing,20360,20336,20360,24
hunching,20365,20360,20365,5
climbing,20409,20365,20409,44
rising,20410,20409,20410,1
climbing,20503,20410,20503,93
hunching,20543,20503,20543,40
rising,20544,20543,20544,1
grooming,20586,20544,20586,42
climbing,20632,20586,20632,46
stepping,20655,20632,20655,23
rising,20714,20655,20714,59
sniffing,20728,20714,20728,14
rising,20749,20728,20749,21
climbing,20770,20749,20770,21
sniffing,20811,20770,20811,41
left_turning,20852,20811,20852,41
sniffing,20910,20852,20910,58
climbing,20958,20910,20958,48
walking,21011,20958,21011,53
right_turning,21037,21011,21037,26
walking,21075,21037,21075,38
sniffing,21099,21075,21099,24
rearing,21100,21099,21100,1
climbing,21228,21100,21228,128
hunching,21229,21228,21229,1
rising,21318,21229,21318,89
rearing,21345,21318,21345,27
sniffing,21385,21345,21385,40
grooming,21498,21385,21498,113
hunching,21526,21498,21526,28
sniffing,21550,21526,21550,24
rising,21551,21550,21551,1
sniffing,21557,21551,21557,6
hunching,21609,21557,21609,52
walking,21635,21609,21635,26
climbing,21684,21635,21684,49
sniffing,21763,21684,21763,79
walking,21778,21763,21778,15
sniffing,21888,21778,21888,110
hunching,21909,21888,21909,21
climbing,21946,21909,21946,37
sniffing,22051,21946,22051,105
left_turning,22088,22051,22088,37
rising,22133,22088,22133,45
sniffing,22183,22133,22183,50
left_turning,22200,22183,22200,17
trotting,22219,22200,22219,19
stepping,22243,22219,22243,24
walking,22300,22243,22300,57
sniffing,22409,22300,22409,109
hunching,22433,22409,22433,24
rising,22445,22433,22445,12
climbing,22477,22445,22477,32
walking,22517,22477,22517,40
sniffing,22639,22517,22639,122
climbing,22717,22639,22717,78
walking,22767,22717,22767,50
right_turning,22788,22767,22788,21
climbing,23126,22788,23126,338
walking,23190,23126,23190,64
sniffing,23232,23190,23232,42
rising,23250,23232,23250,18
walking,23326,23250,23326,76
sniffing,23404,23326,23404,78
rising,23430,23404,23430,26
left_turning,23529,23430,23529,99
walking,23580,23529,23580,51
sniffing,23581,23580,23581,1
climbing,23582,23581,23582,1
stepping,23603,23582,23603,21
walking,23604,23603,23604,1
right_turning,23605,23604,23605,1
stepping,23634,23605,23634,29
sniffing,23692,23634,23692,58
stepping,23734,23692,23734,42
walking,23759,23734,23759,25
rising,23786,23759,23786,27
left_turning,23787,23786,23787,1
stepping,23818,23787,23818,31
hunching,23862,23818,23862,44
rearing,23863,23862,23863,1
grooming,24089,23863,24089,226
sniffing,24147,24089,24147,58
left_turning,24225,24147,24225,78
walking,24290,24225,24290,65
sniffing,24342,24290,24342,52
stepping,24370,24342,24370,28
rearing,24382,24370,24382,12
walking,24383,24382,24383,1
sniffing,24456,24383,24456,73
climbing,24457,24456,24457,1
sniffing,24561,24457,24561,104
rearing,24636,24561,24636,75
sniffing,24637,24636,24637,1
right_turning,24764,24637,24764,127
sniffing,24809,24764,24809,45
left_turning,24838,24809,24838,29
walking,24888,24838,24888,50
sniffing,24925,24888,24925,37
stepping,24926,24925,24926,1
sniffing,25072,24926,25072,146
left_turning,25118,25072,25118,46
sniffing,25241,25118,25241,123
trotting,25245,25241,25245,4
sniffing,25301,25245,25301,56
rising,25302,25301,25302,1
hunching,25336,25302,25336,34
rising,25392,25336,25392,56
rearing,25393,25392,25393,1
hunching,25394,25393,25394,1
rising,25403,25394,25403,9
sniffing,25516,25403,25516,113
stepping,25538,25516,25538,22
climbing,25589,25538,25589,51
hunching,25631,25589,25631,42
sniffing,25908,25631,25908,277
walking,25950,25908,25950,42
left_turning,25972,25950,25972,22
sniffing,25973,25972,25973,1
rising,26014,25973,26014,41
climbing,26105,26014,26105,91
rising,26172,26105,26172,67
sniffing,26177,26172,26177,5
running,26198,26177,26198,21
walking,26238,26198,26238,40
left_turning,26290,26238,26290,52
walking,26313,26290,26313,23
right_turning,26334,26313,26334,21
walking,26344,26334,26344,10
stepping,26398,26344,26398,54
left_turning,26436,26398,26436,38
stepping,26470,26436,26470,34
walking,26496,26470,26496,26
climbing,26497,26496,26497,1
rearing,26569,26497,26569,72
left_turning,26600,26569,26600,31
rising,26614,26600,26614,14
sniffing,26707,26614,26707,93
rearing,26731,26707,26731,24
climbing,26801,26731,26801,70
rearing,26861,26801,26861,60
hunching,26930,26861,26930,69
stepping,26995,26930,26995,65
sniffing,27136,26995,27136,141
climbing,27238,27136,27238,102
sniffing,27278,27238,27278,40
climbing,27391,27278,27391,113
sniffing,27497,27391,27497,106
right_turning,27521,27497,27521,24
trotting,27607,27521,27607,86
rising,27698,27607,27698,91
right_turning,27745,27698,27745,47
climbing,27764,27745,27764,19
right_turning,27772,27764,27772,8
walking,27857,27772,27857,85
sniffing,28175,27857,28175,318
rising,28176,28175,28176,1
sniffing,28182,28176,28182,6
rising,28256,28182,28256,74
climbing,28298,28256,28298,42
walking,28387,28298,28387,89
climbing,28398,28387,28398,11
rising,28442,28398,28442,44
climbing,28458,28442,28458,16
right_turning,28459,28458,28459,1
trotting,28472,28459,28472,13
sniffing,28473,28472,28473,1
climbing,28474,28473,28474,1
sniffing,28520,28474,28520,46
grooming,28586,28520,28586,66
left_turning,28645,28586,28645,59
running,28667,28645,28667,22
walking,28694,28667,28694,27
left_turning,28862,28694,28862,168
running,28906,28862,28906,44
trotting,28975,28906,28975,69
stepping,29011,28975,29011,36
sniffing,29193,29011,29193,182
climbing,29201,29193,29201,8
trotting,29213,29201,29213,12
sniffing,29333,29213,29333,120
trotting,29361,29333,29361,28
sniffing,29510,29361,29510,149
left_turning,29551,29510,29551,41
sniffing,29552,29551,29552,1
walking,29553,29552,29553,1
sniffing,29554,29553,29554,1
right_turning,29605,29554,29605,51
trotting,29663,29605,29663,58
sniffing,29664,29663,29664,1
pausing,29868,29664,29868,204
sniffing,30018,29868,30018,150
running,30049,30018,30049,31
sniffing,30091,30049,30091,42
rising,30204,30091,30204,113
walking,30293,30204,30293,89
stepping,30337,30293,30337,44
rearing,30338,30337,30338,1
sniffing,30367,30338,30367,29
rearing,30368,30367,30368,1
rising,30378,30368,30378,10
grooming,30391,30378,30391,13
sniffing,30488,30391,30488,97
left_turning,30506,30488,30506,18
climbing,30594,30506,30594,88
right_turning,30606,30594,30606,12
stepping,30655,30606,30655,49
sniffing,30656,30655,30656,1
left_turning,30657,30656,30657,1
sniffing,30699,30657,30699,42
rearing,30771,30699,30771,72
trotting,30818,30771,30818,47
rising,30868,30818,30868,50
rearing,30869,30868,30869,1
grooming,30870,30869,30870,1
climbing,30914,30870,30914,44
sniffing,30984,30914,30984,70
rising,30985,30984,30985,1
walking,31001,30985,31001,16
sniffing,31169,31001,31169,168
stepping,31194,31169,31194,25
rising,31270,31194,31270,76
climbing,31357,31270,31357,87
rising,31379,31357,31379,22
climbing,31476,31379,31476,97
rearing,31493,31476,31493,17
sniffing,31494,31493,31494,1
grooming,31495,31494,31495,1
sniffing,31534,31495,31534,39
left_turning,31587,31534,31587,53
sniffing,31625,31587,31625,38
grooming,31793,31625,31793,168
left_turning,31828,31793,31828,35
rising,31883,31828,31883,55
sniffing,32143,31883,32143,260
grooming,32144,32143,32144,1
sniffing,32258,32144,32258,114
rearing,32282,32258,32282,24
sniffing,32367,32282,32367,85
walking,32400,32367,32400,33
sniffing,32401,32400,32401,1
rising,32402,32401,32402,1
sniffing,32451,32402,32451,49
rearing,32471,32451,32471,20
walking,32499,32471,32499,28
stepping,32540,32499,32540,41
walking,32598,32540,32598,58
sniffing,32599,32598,32599,1
walking,32711,32599,32711,112
climbing,32740,32711,32740,29
grooming,32768,32740,32768,28
sniffing,32862,32768,32862,94
climbing,32911,32862,32911,49
sniffing,32920,32911,32920,9
stepping,32981,32920,32981,61
sniffing,32986,32981,32986,5
walking,33014,32986,33014,28
sniffing,33070,33014,33070,56
right_turning,33071,33070,33071,1
sniffing,33072,33071,33072,1
pausing,33444,33072,33444,372
sniffing,33530,33444,33530,86
rearing,33643,33530,33643,113
left_turning,33667,33643,33667,24
walking,33749,33667,33749,82
climbing,33769,33749,33769,20
sniffing,33881,33769,33881,112
left_turning,33922,33881,33922,41
trotting,33984,33922,33984,62
sniffing,33985,33984,33985,1
left_turning,33993,33985,33993,8
sniffing,34011,33993,34011,18
right_turning,34048,34011,34048,37
walking,34057,34048,34057,9
climbing,34104,34057,34104,47
sniffing,34108,34104,34108,4
rearing,34113,34108,34113,5
right_turning,34133,34113,34133,20
walking,34160,34133,34160,27
left_turning,34197,34160,34197,37
rising,34198,34197,34198,1
rearing,34226,34198,34226,28
grooming,34310,34226,34310,84
rising,34353,34310,34353,43
sniffing,34436,34353,34436,83
rising,34463,34436,34463,27
sniffing,34517,34463,34517,54
walking,34591,34517,34591,74
climbing,34604,34591,34604,13
walking,34694,34604,34694,90
climbing,34730,34694,34730,36
trotting,34800,34730,34800,70
sniffing,34801,34800,34801,1
rising,34875,34801,34875,74
climbing,34951,34875,34951,76
sniffing,35015,34951,35015,64
left_turning,35051,35015,35051,36
rising,35086,35051,35086,35
sniffing,35093,35086,35093,7
running,35110,35093,35110,17
sniffing,35111,35110,35111,1
right_turning,35117,35111,35117,6
walking,35155,35117,35155,38
climbing,35265,35155,35265,110
trotting,35282,35265,35282,17
sniffing,35318,35282,35318,36
rising,35350,35318,35350,32
sniffing,35353,35350,35353,3
hunching,35385,35353,35385,32
walking,35394,35385,35394,9
sniffing,35395,35394,35395,1
rising,35428,35395,35428,33
right_turning,35471,35428,35471,43
walking,35538,35471,35538,67
sniffing,35578,35538,35578,40
walking,35607,35578,35607,29
sniffing,35608,35607,35608,1
climbing,35634,35608,35634,26
sniffing,35635,35634,35635,1
rising,35658,35635,35658,23
sniffing,35659,35658,35659,1
left_turning,35798,35659,35798,139
sniffing,35805,35798,35805,7
right_turning,35831,35805,35831,26
left_turning,35885,35831,35885,54
sniffing,35886,35885,35886,1
right_turning,35930,35886,35930,44
left_turning,35964,35930,35964,34
sniffing,36118,35964,36118,154
walking,36161,36118,36161,43
stepping,36208,36161,36208,47
sniffing,36256,36208,36256,48
left_turning,36273,36256,36273,17
trotting,36274,36273,36274,1
walking,36365,36274,36365,91
climbing,36390,36365,36390,25
left_turning,36415,36390,36415,25
walking,36442,36415,36442,27
sniffing,36547,36442,36547,105
right_turning,36588,36547,36588,41
walking,36637,36588,36637,49
rising,36638,36637,36638,1
climbing,36684,36638,36684,46
rising,36727,36684,36727,43
climbing,36770,36727,36770,43
rising,36771,36770,36771,1
climbing,36812,36771,36812,41
walking,36832,36812,36832,20
trotting,36851,36832,36851,19
rising,36947,36851,36947,96
sniffing,36948,36947,36948,1
rising,37081,36948,37081,133
climbing,37154,37081,37154,73
rearing,37184,37154,37184,30
rising,37247,37184,37247,63
climbing,37320,37247,37320,73
rising,37351,37320,37351,31
jumping,37433,37351,37433,82
rising,37499,37433,37499,66
climbing,37511,37499,37511,12
rising,37515,37511,37515,4
grooming,37522,37515,37522,7
rearing,37613,37522,37613,91
sniffing,37630,37613,37630,17
hunching,37631,37630,37631,1
rising,37675,37631,37675,44
left_turning,37693,37675,37693,18
sniffing,37694,37693,37694,1
rising,37750,37694,37750,56
sniffing,37801,37750,37801,51
climbing,37814,37801,37814,13
rising,37903,37814,37903,89
left_turning,37974,37903,37974,71
trotting,38012,37974,38012,38
left_turning,38021,38012,38021,9
rising,38035,38021,38035,14
sniffing,38095,38035,38095,60
stepping,38131,38095,38131,36
rearing,38179,38131,38179,48
sniffing,38180,38179,38180,1
rearing,38242,38180,38242,62
walking,38357,38242,38357,115
climbing,38466,38357,38466,109
walking,38470,38466,38470,4
sniffing,38504,38470,38504,34
left_turning,38562,38504,38562,58
sniffing,38563,38562,38563,1
rising,38596,38563,38596,33
left_turning,38690,38596,38690,94
sniffing,38691,38690,38691,1
rising,38708,38691,38708,17
climbing,38824,38708,38824,116
rising,38860,38824,38860,36
climbing,38974,38860,38974,114
sniffing,39112,38974,39112,138
rearing,39131,39112,39131,19
sniffing,39132,39131,39132,1
walking,39221,39132,39221,89
sniffing,39222,39221,39222,1
rising,39223,39222,39223,1
climbing,39224,39223,39224,1
rising,39347,39224,39347,123
right_turning,39348,39347,39348,1
walking,39349,39348,39349,1
sniffing,39578,39349,39578,229
stepping,39640,39578,39640,62
sniffing,39641,39640,39641,1
rising,39676,39641,39676,35
climbing,39767,39676,39767,91
right_turning,39811,39767,39811,44
sniffing,39890,39811,39890,79
walking,39902,39890,39902,12
rearing,39929,39902,39929,27
climbing,40052,39929,40052,123
rising,40059,40052,40059,7
sniffing,40137,40059,40137,78
rising,40138,40137,40138,1
walking,40154,40138,40154,16
stepping,40183,40154,40183,29
walking,40250,40183,40250,67
left_turning,40311,40250,40311,61
sniffing,40421,40311,40421,110
walking,40493,40421,40493,72
sniffing,40494,40493,40494,1
walking,40534,40494,40534,40
trotting,40577,40534,40577,43
walking,40584,40577,40584,7
left_turning,40644,40584,40644,60
walking,40727,40644,40727,83
stepping,40755,40727,40755,28
sniffing,40778,40755,40778,23
grooming,40855,40778,40855,77
rearing,41022,40855,41022,167
rising,41023,41022,41023,1
climbing,41110,41023,41110,87
trotting,41143,41110,41143,33
stepping,41177,41143,41177,34
walking,41242,41177,41242,65
sniffing,41328,41242,41328,86
trotting,41366,41328,41366,38
jumping,41428,41366,41428,62
rising,41429,41428,41429,1
walking,41509,41429,41509,80
sniffing,41510,41509,41510,1
stepping,41523,41510,41523,13
sniffing,41552,41523,41552,29
left_turning,41553,41552,41553,1
sniffing,41601,41553,41601,48
walking,41634,41601,41634,33
rising,41635,41634,41635,1
sniffing,41837,41635,41837,202
running,41865,41837,41865,28
sniffing,41870,41865,41870,5
grooming,41871,41870,41871,1
climbing,41872,41871,41872,1
rising,41873,41872,41873,1
climbing,41899,41873,41899,26
sniffing,41937,41899,41937,38
rising,41999,41937,41999,62
climbing,42125,41999,42125,126
sniffing,42134,42125,42134,9
rising,42192,42134,42192,58
walking,42193,42192,42193,1
right_turning,42217,42193,42217,24
running,42265,42217,42265,48
sniffing,42345,42265,42345,80
rising,42384,42345,42384,39
climbing,42467,42384,42467,83
grooming,42653,42467,42653,186
rearing,42654,42653,42654,1
walking,42662,42654,42662,8
climbing,42732,42662,42732,70
walking,42735,42732,42735,3
sniffing,42753,42735,42753,18
climbing,42794,42753,42794,41
rising,42964,42794,42964,170
climbing,43031,42964,43031,67
rearing,43068,43031,43068,37
sniffing,43069,43068,43069,1
right_turning,43070,43069,43070,1
sniffing,43102,43070,43102,32
grooming,43255,43102,43255,153
rising,43291,43255,43291,36
climbing,43353,43291,43353,62
rearing,43416,43353,43416,63
right_turning,43417,43416,43417,1
stepping,43463,43417,43463,46
climbing,43504,43463,43504,41
right_turning,43543,43504,43543,39
walking,43560,43543,43560,17
trotting,43592,43560,43592,32
sniffing,43632,43592,43632,40
trotting,43692,43632,43692,60
sniffing,43763,43692,43763,71
walking,43782,43763,43782,19
climbing,43783,43782,43783,1
rearing,43936,43783,43936,153
sniffing,44048,43936,44048,112
stepping,44099,44048,44099,51
climbing,44153,44099,44153,54
rising,44254,44153,44254,101
hunching,44443,44254,44443,189
grooming,44508,44443,44508,65
sniffing,44567,44508,44567,59
left_turning,44598,44567,44598,31
sniffing,44677,44598,44677,79
rising,44703,44677,44703,26
rearing,44733,44703,44733,30
sniffing,44734,44733,44734,1
left_turning,44739,44734,44739,5
running,44765,44739,44765,26
rising,44849,44765,44849,84
trotting,44921,44849,44921,72
sniffing,45025,44921,45025,104
left_turning,45026,45025,45026,1
climbing,45156,45026,45156,130
hunching,45161,45156,45161,5
rising,45162,45161,45162,1
climbing,45197,45162,45197,35
rising,45235,45197,45235,38
rearing,45286,45235,45286,51
rising,45287,45286,45287,1
climbing,45335,45287,45335,48
sniffing,45411,45335,45411,76
climbing,45413,45411,45413,2
hunching,45424,45413,45424,11
rising,45455,45424,45455,31
climbing,45512,45455,45512,57
rearing,45570,45512,45570,58
rising,45575,45570,45575,5
climbing,45576,45575,45576,1
right_turning,45577,45576,45577,1
rising,45618,45577,45618,41
climbing,45707,45618,45707,89
rising,45773,45707,45773,66
climbing,45792,45773,45792,19
rising,45814,45792,45814,22
sniffing,45828,45814,45828,14
rising,45858,45828,45858,30
climbing,45859,45858,45859,1
rearing,45972,45859,45972,113
right_turning,46010,45972,46010,38
left_turning,46034,46010,46034,24
sniffing,46133,46034,46133,99
rising,46138,46133,46138,5
walking,46197,46138,46197,59
rearing,46218,46197,46218,21
sniffing,46231,46218,46231,13
rearing,46277,46231,46277,46
rising,46300,46277,46300,23
walking,46331,46300,46331,31
climbing,46332,46331,46332,1
rising,46432,46332,46432,100
climbing,46456,46432,46456,24
grooming,46516,46456,46516,60
hunching,46536,46516,46536,20
grooming,46704,46536,46704,168
left_turning,46744,46704,46744,40
sniffing,46865,46744,46865,121
trotting,46879,46865,46879,14
sniffing,46898,46879,46898,19
rising,46931,46898,46931,33
left_turning,46932,46931,46932,1
walking,46933,46932,46933,1
sniffing,47002,46933,47002,69
rising,47058,47002,47058,56
sniffing,47170,47058,47170,112
hunching,47171,47170,47171,1
rising,47189,47171,47189,18
climbing,47313,47189,47313,124
trotting,47350,47313,47350,37
rearing,47413,47350,47413,63
rising,47465,47413,47465,52
sniffing,47504,47465,47504,39
running,47519,47504,47519,15
trotting,47549,47519,47549,30
walking,47620,47549,47620,71
hunching,47641,47620,47641,21
climbing,47658,47641,47658,17
sniffing,47739,47658,47739,81
rising,47761,47739,47761,22
climbing,47781,47761,47781,20
sniffing,47878,47781,47878,97
climbing,47916,47878,47916,38
rising,47917,47916,47917,1
left_turning,47966,47917,47966,49
walking,48053,47966,48053,87
left_turning,48137,48053,48137,84
walking,48144,48137,48144,7
hunching,48171,48144,48171,27
stepping,48181,48171,48181,10
trotting,48203,48181,48203,22
sniffing,48346,48203,48346,143
climbing,48448,48346,48448,102
rearing,48523,48448,48523,75
rising,48543,48523,48543,20
climbing,48573,48543,48573,30
rearing,48581,48573,48581,8
sniffing,48582,48581,48582,1
climbing,48583,48582,48583,1
walking,48584,48583,48584,1
sniffing,48585,48584,48585,1
climbing,48669,48585,48669,84
left_turning,48734,48669,48734,65
walking,48779,48734,48779,45
rising,48794,48779,48794,15
right_turning,48830,48794,48830,36
sniffing,48950,48830,48950,120
walking,49009,48950,49009,59
trotting,49010,49009,49010,1
sniffing,49016,49010,49016,6
rising,49071,49016,49071,55
climbing,49113,49071,49113,42
sniffing,49157,49113,49157,44
rising,49222,49157,49222,65
sniffing,49290,49222,49290,68
walking,49291,49290,49291,1
stepping,49341,49291,49341,50
sniffing,49366,49341,49366,25
rising,49367,49366,49367,1
sniffing,49458,49367,49458,91
rising,49489,49458,49489,31
rearing,49829,49489,49829,340
climbing,49831,49829,49831,2
walking,49856,49831,49856,25
sniffing,49863,49856,49863,7
trotting,49897,49863,49897,34
sniffing,50047,49897,50047,150
climbing,50166,50047,50166,119
rising,50178,50166,50178,12
rearing,50179,50178,50179,1
rising,50224,50179,50224,45
climbing,50388,50224,50388,164
rising,50389,50388,50389,1
rearing,50432,50389,50432,43
left_turning,50447,50432,50447,15
walking,50448,50447,50448,1
sniffing,50588,50448,50588,140
walking,50638,50588,50638,50
climbing,50639,50638,50639,1
sniffing,50736,50639,50736,97
walking,50737,50736,50737,1
sniffing,50934,50737,50934,197
walking,50935,50934,50935,1
climbing,50956,50935,50956,21
sniffing,51066,50956,51066,110
rising,51124,51066,51124,58
climbing,51149,51124,51149,25
rising,51179,51149,51179,30
climbing,51263,51179,51263,84
rearing,51292,51263,51292,29
sniffing,51352,51292,51352,60
rising,51353,51352,51353,1
sniffing,51430,51353,51430,77
climbing,51497,51430,51497,67
right_turning,51516,51497,51516,19
sniffing,51587,51516,51587,71
climbing,51602,51587,51602,15
running,51663,51602,51663,61
walking,51675,51663,51675,12
left_turning,51741,51675,51741,66
sniffing,51749,51741,51749,8
walking,51830,51749,51830,81
right_turning,51871,51830,51871,41
rising,51872,51871,51872,1
climbing,51919,51872,51919,47
rearing,51970,51919,51970,51
hunching,52035,51970,52035,65
sniffing,52122,52035,52122,87
left_turning,52153,52122,52153,31
running,52208,52153,52208,55
sniffing,52248,52208,52248,40
grooming,52465,52248,52465,217
hunching,52472,52465,52472,7
climbing,52473,52472,52473,1
rearing,52498,52473,52498,25
sniffing,52560,52498,52560,62
rising,52575,52560,52575,15
walking,52607,52575,52607,32
trotting,52632,52607,52632,25
sniffing,52633,52632,52633,1
right_turning,52660,52633,52660,27
running,52726,52660,52726,66
left_turning,52764,52726,52764,38
walking,52779,52764,52779,15
trotting,52838,52779,52838,59
sniffing,52886,52838,52886,48
right_turning,52912,52886,52912,26
sniffing,53048,52912,53048,136
rising,53112,53048,53112,64
sniffing,53211,53112,53211,99
left_turning,53219,53211,53219,8
running,53226,53219,53226,7
sniffing,53244,53226,53244,18
rising,53245,53244,53245,1
climbing,53371,53245,53371,126
sniffing,53449,53371,53449,78
right_turning,53497,53449,53497,48
sniffing,53613,53497,53613,116
grooming,53828,53613,53828,215
walking,53829,53828,53829,1
rearing,53830,53829,53830,1
climbing,53906,53830,53906,76
rising,53958,53906,53958,52
sniffing,54059,53958,54059,101
left_turning,54091,54059,54091,32
walking,54161,54091,54161,70
climbing,54223,54161,54223,62
sniffing,54386,54223,54386,163
rising,54453,54386,54453,67
grooming,54546,54453,54546,93
sniffing,54553,54546,54553,7
climbing,54606,54553,54606,53
left_turning,54607,54606,54607,1
walking,54608,54607,54608,1
sniffing,54692,54608,54692,84
running,54749,54692,54749,57
walking,54750,54749,54750,1
sniffing,54830,54750,54830,80
walking,54838,54830,54838,8
rising,54860,54838,54860,22
rearing,54871,54860,54871,11
grooming,54872,54871,54872,1
rising,54923,54872,54923,51
sniffing,55042,54923,55042,119
climbing,55207,55042,55207,165
sniffing,55235,55207,55235,28
climbing,55326,55235,55326,91
sniffing,55364,55326,55364,38
climbing,55500,55364,55500,136
rising,55530,55500,55530,30
trotting,55547,55530,55547,17
stepping,55593,55547,55593,46
climbing,55604,55593,55604,11
walking,55605,55604,55605,1
right_turning,55646,55605,55646,41
running,55664,55646,55664,18
sniffing,55714,55664,55714,50
stepping,55755,55714,55755,41
rising,55770,55755,55770,15
sniffing,55792,55770,55792,22
hunching,55800,55792,55800,8
rearing,55801,55800,55801,1
hunching,55802,55801,55802,1
rearing,55803,55802,55803,1
hunching,55840,55803,55840,37
sniffing,55980,55840,55980,140
right_turning,55981,55980,55981,1
running,56029,55981,56029,48
right_turning,56052,56029,56052,23
trotting,56087,56052,56087,35
left_turning,56132,56087,56132,45
running,56135,56132,56135,3
trotting,56138,56135,56138,3
sniffing,56162,56138,56162,24
hunching,56218,56162,56218,56
rising,56219,56218,56219,1
sniffing,56421,56219,56421,202
right_turning,56458,56421,56458,37
running,56485,56458,56485,27
stepping,56528,56485,56528,43
sniffing,56657,56528,56657,129
running,56679,56657,56679,22
sniffing,56766,56679,56766,87
rising,56790,56766,56790,24
hunching,56876,56790,56876,86
right_turning,56920,56876,56920,44
walking,56951,56920,56951,31
trotting,56962,56951,56962,11
sniffing,56996,56962,56996,34
walking,57019,56996,57019,23
rising,57072,57019,57072,53
walking,57145,57072,57145,73
pausing,57324,57145,57324,179
sniffing,57325,57324,57325,1
walking,57415,57325,57415,90
climbing,57492,57415,57492,77
grooming,57578,57492,57578,86
stepping,57609,57578,57609,31
sniffing,57700,57609,57700,91
left_turning,57734,57700,57734,34
walking,57773,57734,57773,39
rising,57784,57773,57784,11
climbing,57857,57784,57857,73
hunching,57935,57857,57935,78
sniffing,58154,57935,58154,219
right_turning,58186,58154,58186,32
rising,58225,58186,58225,39
sniffing,58307,58225,58307,82
walking,58341,58307,58341,34
sniffing,58430,58341,58430,89
hunching,58457,58430,58457,27
sniffing,58535,58457,58535,78
walking,58599,58535,58599,64
sniffing,58677,58599,58677,78
climbing,58702,58677,58702,25
walking,58737,58702,58737,35
sniffing,58759,58737,58759,22
stepping,58760,58759,58760,1
walking,58807,58760,58807,47
climbing,58907,58807,58907,100
sniffing,58949,58907,58949,42
climbing,59024,58949,59024,75
running,59050,59024,59050,26
sniffing,59093,59050,59093,43
rising,59094,59093,59094,1
sniffing,59101,59094,59101,7
rearing,59130,59101,59130,29
climbing,59222,59130,59222,92
sniffing,59223,59222,59223,1
walking,59271,59223,59271,48
left_turning,59310,59271,59310,39
sniffing,59378,59310,59378,68
trotting,59396,59378,59396,18
rearing,59476,59396,59476,80
grooming,59477,59476,59477,1
left_turning,59549,59477,59549,72
trotting,59561,59549,59561,12
climbing,59683,59561,59683,122
rearing,59684,59683,59684,1
hunching,59729,59684,59729,45
climbing,59758,59729,59758,29
rising,59795,59758,59795,37
rearing,59827,59795,59827,32
rising,59881,59827,59881,54
trotting,59914,59881,59914,33
sniffing,59975,59914,59975,61
trotting,60022,59975,60022,47
sniffing,60192,60022,60192,170
hunching,60228,60192,60228,36
sniffing,60229,60228,60229,1
climbing,60279,60229,60279,50
sniffing,60415,60279,60415,136
walking,60450,60415,60450,35
trotting,60515,60450,60515,65
sniffing,60516,60515,60516,1
grooming,60517,60516,60517,1
left_turning,60582,60517,60582,65
sniffing,60672,60582,60672,90
stepping,60697,60672,60697,25
walking,60727,60697,60727,30
climbing,60815,60727,60815,88
rearing,60864,60815,60864,49
stepping,60907,60864,60907,43
sniffing,60996,60907,60996,89
left_turning,60997,60996,60997,1
walking,61094,60997,61094,97
right_turning,61138,61094,61138,44
walking,61191,61138,61191,53
sniffing,61242,61191,61242,51
climbing,61279,61242,61279,37
left_turning,61306,61279,61306,27
sniffing,61347,61306,61347,41
walking,61383,61347,61383,36
sniffing,61431,61383,61431,48
rising,61445,61431,61445,14
hunching,61458,61445,61458,13
rearing,61511,61458,61511,53
left_turning,61603,61511,61603,92
stepping,61632,61603,61632,29
left_turning,61704,61632,61704,72
running,61723,61704,61723,19
sniffing,61727,61723,61727,4
left_turning,61728,61727,61728,1
walking,61789,61728,61789,61
climbing,61831,61789,61831,42
rearing,61835,61831,61835,4
hunching,61887,61835,61887,52
sniffing,61975,61887,61975,88
walking,61995,61975,61995,20
stepping,62037,61995,62037,42
climbing,62038,62037,62038,1
trotting,62080,62038,62080,42
sniffing,62087,62080,62087,7
pausing,62175,62087,62175,88
sniffing,62232,62175,62232,57
walking,62233,62232,62233,1
rising,62311,62233,62311,78
sniffing,62477,62311,62477,166
rising,62528,62477,62528,51
stepping,62529,62528,62529,1
sniffing,62552,62529,62552,23
left_turning,62623,62552,62623,71
sniffing,62646,62623,62646,23
left_turning,62715,62646,62715,69
trotting,62716,62715,62716,1
walking,62763,62716,62763,47
sniffing,62764,62763,62764,1
walking,62839,62764,62839,75
rearing,62840,62839,62840,1
sniffing,63044,62840,63044,204
left_turning,63069,63044,63069,25
walking,63118,63069,63118,49
sniffing,63189,63118,63189,71
climbing,63240,63189,63240,51
sniffing,63286,63240,63286,46
rising,63287,63286,63287,1
sniffing,63397,63287,63397,110
climbing,63408,63397,63408,11
hunching,63409,63408,63409,1
right_turning,63438,63409,63438,29
sniffing,63476,63438,63476,38
left_turning,63521,63476,63521,45
walking,63541,63521,63541,20
sniffing,63637,63541,63637,96
right_turning,63695,63637,63695,58
trotting,63767,63695,63767,72
rising,63799,63767,63799,32
climbing,63800,63799,63800,1
sniffing,63901,63800,63901,101
left_turning,63930,63901,63930,29
trotting,63993,63930,63993,63
left_turning,64024,63993,64024,31
sniffing,64055,64024,64055,31
walking,64069,64055,64069,14
sniffing,64176,64069,64176,107
walking,64190,64176,64190,14
sniffing,64295,64190,64295,105
rearing,64338,64295,64338,43
rising,64339,64338,64339,1
rearing,64340,64339,64340,1
grooming,64341,64340,64341,1
climbing,64420,64341,64420,79
walking,64515,64420,64515,95
rising,64548,64515,64548,33
right_turning,64612,64548,64612,64
rising,64664,64612,64664,52
climbing,64709,64664,64709,45
sniffing,64769,64709,64769,60
walking,64817,64769,64817,48
rising,64868,64817,64868,51
left_turning,64896,64868,64896,28
walking,64974,64896,64974,78
sniffing,65041,64974,65041,67
left_turning,65074,65041,65074,33
trotting,65116,65074,65116,42
walking,65161,65116,65161,45
sniffing,65395,65161,65395,234
right_turning,65431,65395,65431,36
walking,65435,65431,65435,4
sniffing,65436,65435,65436,1
right_turning,65438,65436,65438,2
sniffing,65439,65438,65439,1
rearing,65488,65439,65488,49
rising,65562,65488,65562,74
rearing,65602,65562,65602,40
rising,65623,65602,65623,21
climbing,65624,65623,65624,1
right_turning,65654,65624,65654,30
running,65684,65654,65684,30
grooming,66028,65684,66028,344
left_turning,66099,66028,66099,71
climbing,66100,66099,66100,1
grooming,66134,66100,66134,34
hunching,66135,66134,66135,1
climbing,66228,66135,66228,93
sniffing,66249,66228,66249,21
left_turning,66305,66249,66305,56
right_turning,66346,66305,66346,41
trotting,66347,66346,66347,1
sniffing,66384,66347,66384,37
walking,66418,66384,66418,34
sniffing,66426,66418,66426,8
climbing,66660,66426,66660,234
right_turning,66693,66660,66693,33
running,66721,66693,66721,28
rising,66761,66721,66761,40
sniffing,66803,66761,66803,42
right_turning,66804,66803,66804,1
walking,66827,66804,66827,23
sniffing,66871,66827,66871,44
rising,66872,66871,66872,1
sniffing,66918,66872,66918,46
grooming,67208,66918,67208,290
left_turning,67258,67208,67258,50
sniffing,67300,67258,67300,42
left_turning,67334,67300,67334,34
sniffing,67375,67334,67375,41
rising,67410,67375,67410,35
rearing,67435,67410,67435,25
hunching,67514,67435,67514,79
rising,67515,67514,67515,1
rearing,67593,67515,67593,78
rising,67679,67593,67679,86
walking,67716,67679,67716,37
climbing,67736,67716,67736,20
walking,67814,67736,67814,78
sniffing,67971,67814,67971,157
rising,68029,67971,68029,58
climbing,68030,68029,68030,1
sniffing,68094,68030,68094,64
rising,68189,68094,68189,95
sniffing,68247,68189,68247,58
left_turning,68278,68247,68278,31
sniffing,68355,68278,68355,77
rising,68399,68355,68399,44
sniffing,68458,68399,68458,59
rising,68492,68458,68492,34
left_turning,68523,68492,68523,31
sniffing,68526,68523,68526,3
rearing,68665,68526,68665,139
climbing,68679,68665,68679,14
hunching,68699,68679,68699,20
sniffing,68746,68699,68746,47
rearing,68812,68746,68812,66
rising,68829,68812,68829,17
rearing,68830,68829,68830,1
rising,68865,68830,68865,35
climbing,68915,68865,68915,50
hunching,69027,68915,69027,112
trotting,69055,69027,69055,28
sniffing,69079,69055,69079,24
walking,69100,69079,69100,21
rising,69205,69100,69205,105
climbing,69296,69205,69296,91
sniffing,69297,69296,69297,1
climbing,69401,69297,69401,104
hunching,69442,69401,69442,41
rearing,69487,69442,69487,45
sniffing,69554,69487,69554,67
walking,69596,69554,69596,42
left_turning,69605,69596,69605,9
sniffing,69606,69605,69606,1
left_turning,69637,69606,69637,31
sniffing,69720,69637,69720,83
rising,69773,69720,69773,53
sniffing,69842,69773,69842,69
rising,69859,69842,69859,17
rearing,69890,69859,69890,31
walking,69898,69890,69898,8
sniffing,69955,69898,69955,57
left_turning,70019,69955,70019,64
stepping,70055,70019,70055,36
left_turning,70083,70055,70083,28
trotting,70092,70083,70092,9
sniffing,70093,70092,70093,1
rising,70162,70093,70162,69
rearing,70209,70162,70209,47
grooming,70572,70209,70572,363
climbing,70623,70572,70623,51
rising,70624,70623,70624,1
climbing,70658,70624,70658,34
sniffing,70736,70658,70736,78
walking,70737,70736,70737,1
sniffing,70738,70737,70738,1
left_turning,70750,70738,70750,12
trotting,70802,70750,70802,52
walking,70814,70802,70814,12
sniffing,70866,70814,70866,52
walking,70958,70866,70958,92
left_turning,70966,70958,70966,8
rising,71013,70966,71013,47
climbing,71102,71013,71102,89
right_turning,71152,71102,71152,50
walking,71159,71152,71159,7
rising,71186,71159,71186,27
left_turning,71216,71186,71216,30
sniffing,71227,71216,71227,11
rearing,71235,71227,71235,8
rising,71296,71235,71296,61
sniffing,71420,71296,71420,124
climbing,71545,71420,71545,125
running,71589,71545,71589,44
sniffing,71670,71589,71670,81
right_turning,71678,71670,71678,8
climbing,71710,71678,71710,32
rearing,71738,71710,71738,28
sniffing,71751,71738,71751,13
walking,71781,71751,71781,30
sniffing,71794,71781,71794,13
walking,71822,71794,71822,28
rising,71823,71822,71823,1
sniffing,71896,71823,71896,73
grooming,72106,71896,72106,210
walking,72171,72106,72171,65
sniffing,72206,72171,72206,35
rearing,72207,72206,72207,1
left_turning,72238,72207,72238,31
sniffing,72350,72238,72350,112
rising,72381,72350,72381,31
climbing,72426,72381,72426,45
right_turning,72451,72426,72451,25
walking,72457,72451,72457,6
sniffing,72598,72457,72598,141
climbing,72688,72598,72688,90
walking,72790,72688,72790,102
sniffing,72801,72790,72801,11
stepping,72845,72801,72845,44
sniffing,72909,72845,72909,64
stepping,72941,72909,72941,32
sniffing,73003,72941,73003,62
right_turning,73018,73003,73018,15
trotting,73074,73018,73074,56
stepping,73075,73074,73075,1
rearing,73200,73075,73200,125
rising,73213,73200,73213,13
sniffing,73312,73213,73312,99
walking,73337,73312,73337,25
right_turning,73383,73337,73383,46
hunching,73429,73383,73429,46
sniffing,73430,73429,73430,1
rising,73546,73430,73546,116
sniffing,73602,73546,73602,56
right_turning,73635,73602,73635,33
left_turning,73707,73635,73707,72
stepping,73708,73707,73708,1
rearing,73741,73708,73741,33
sniffing,73821,73741,73821,80
climbing,73870,73821,73870,49
rearing,73899,73870,73899,29
trotting,73909,73899,73909,10
sniffing,73966,73909,73966,57
left_turning,73984,73966,73984,18
rising,74065,73984,74065,81
walking,74071,74065,74071,6
climbing,74179,74071,74179,108
rearing,74180,74179,74180,1
walking,74215,74180,74215,35
left_turning,74232,74215,74232,17
walking,74310,74232,74310,78
sniffing,74376,74310,74376,66
walking,74424,74376,74424,48
left_turning,74503,74424,74503,79
stepping,74556,74503,74556,53
left_turning,74590,74556,74590,34
grooming,74721,74590,74721,131
sniffing,74841,74721,74841,120
running,74861,74841,74861,20
sniffing,74862,74861,74862,1
grooming,74875,74862,74875,13
rearing,74955,74875,74955,80
sniffing,75073,74955,75073,118
walking,75148,75073,75148,75
sniffing,75273,75148,75273,125
rising,75285,75273,75285,12
climbing,75385,75285,75385,100
sniffing,75386,75385,75386,1
left_turning,75398,75386,75398,12
walking,75426,75398,75426,28
trotting,75454,75426,75454,28
walking,75520,75454,75520,66
sniffing,75561,75520,75561,41
walking,75581,75561,75581,20
stepping,75606,75581,75606,25
sniffing,75749,75606,75749,143
rising,75750,75749,75750,1
sniffing,75891,75750,75891,141
running,75904,75891,75904,13
sniffing,75973,75904,75973,69
rising,76054,75973,76054,81
left_turning,76128,76054,76128,74
trotting,76164,76128,76164,36
sniffing,76165,76164,76165,1
climbing,76328,76165,76328,163
rising,76375,76328,76375,47
jumping,76376,76375,76376,1
rearing,76403,76376,76403,27
walking,76447,76403,76447,44
rising,76525,76447,76525,78
walking,76595,76525,76595,70
climbing,76615,76595,76615,20
walking,76625,76615,76625,10
trotting,76650,76625,76650,25
walking,76661,76650,76661,11
sniffing,76711,76661,76711,50
left_turning,76749,76711,76749,38
sniffing,76827,76749,76827,78
climbing,76901,76827,76901,74
rearing,76931,76901,76931,30
rising,76952,76931,76952,21
climbing,77026,76952,77026,74
right_turning,77037,77026,77037,11
running,77062,77037,77062,25
stepping,77079,77062,77079,17
sniffing,77080,77079,77080,1
climbing,77081,77080,77081,1
sniffing,77082,77081,77082,1
pausing,77321,77082,77321,239
sniffing,77427,77321,77427,106
hunching,77434,77427,77434,7
rearing,77470,77434,77470,36
hunching,77471,77470,77471,1
climbing,77486,77471,77486,15
right_turning,77496,77486,77496,10
hunching,77535,77496,77535,39
climbing,77557,77535,77557,22
rearing,77621,77557,77621,64
stepping,77644,77621,77644,23
left_turning,77682,77644,77682,38
rising,77705,77682,77705,23
sniffing,77802,77705,77802,97
grooming,77803,77802,77803,1
rising,77820,77803,77820,17
sniffing,77963,77820,77963,143
walking,78030,77963,78030,67
sniffing,78031,78030,78031,1
rearing,78078,78031,78078,47
walking,78079,78078,78079,1
rising,78202,78079,78202,123
climbing,78297,78202,78297,95
hunching,78354,78297,78354,57
rearing,78399,78354,78399,45
climbing,78493,78399,78493,94
right_turning,78524,78493,78524,31
trotting,78590,78524,78590,66
sniffing,78717,78590,78717,127
walking,78756,78717,78756,39
sniffing,78814,78756,78814,58
climbing,78853,78814,78853,39
trotting,78874,78853,78874,21
walking,78885,78874,78885,11
sniffing,79108,78885,79108,223
right_turning,79139,79108,79139,31
sniffing,79247,79139,79247,108
rising,79281,79247,79281,34
sniffing,79282,79281,79282,1
left_turning,79315,79282,79315,33
right_turning,79335,79315,79335,20
walking,79402,79335,79402,67
sniffing,79444,79402,79444,42
rising,79445,79444,79445,1
climbing,79536,79445,79536,91
rising,79603,79536,79603,67
hunching,79654,79603,79654,51
rising,79661,79654,79661,7
trotting,79670,79661,79670,9
walking,79751,79670,79751,81
rising,79809,79751,79809,58
walking,79887,79809,79887,78
sniffing,79892,79887,79892,5
walking,79893,79892,79893,1
trotting,79932,79893,79932,39
left_turning,79983,79932,79983,51
walking,79984,79983,79984,1
sniffing,80024,79984,80024,40
hunching,80036,80024,80036,12
sniffing,80281,80036,80281,245
climbing,80362,80281,80362,81
right_turning,80376,80362,80376,14
trotting,80398,80376,80398,22
rising,80423,80398,80423,25
hunching,80428,80423,80428,5
sniffing,80588,80428,80588,160
left_turning,80615,80588,80615,27
sniffing,80744,80615,80744,129
rising,80788,80744,80788,44
stepping,80789,80788,80789,1
walking,80801,80789,80801,12
sniffing,80878,80801,80878,77
rising,80952,80878,80952,74
sniffing,80953,80952,80953,1
rising,80970,80953,80970,17
sniffing,80971,80970,80971,1
walking,81017,80971,81017,46
climbing,81077,81017,81077,60
sniffing,81217,81077,81217,140
walking,81291,81217,81291,74
sniffing,81422,81291,81422,131
grooming,81780,81422,81780,358
sniffing,81961,81780,81961,181
pausing,82947,81961,82947,986
sniffing,83023,82947,83023,76
right_turning,83066,83023,83066,43
walking,83109,83066,83109,43
sniffing,83277,83109,83277,168
walking,83352,83277,83352,75
trotting,83386,83352,83386,34
sniffing,83442,83386,83442,56
rising,83450,83442,83450,8
climbing,83502,83450,83502,52
rising,83503,83502,83503,1
climbing,83654,83503,83654,151
stepping,83698,83654,83698,44
right_turning,83739,83698,83739,41
trotting,83799,83739,83799,60
sniffing,83912,83799,83912,113
rising,83913,83912,83913,1
sniffing,83988,83913,83988,75
grooming,83989,83988,83989,1
rearing,83996,83989,83996,7
walking,84029,83996,84029,33
left_turning,84036,84029,84036,7
trotting,84054,84036,84054,18
rising,84083,84054,84083,29
climbing,84162,84083,84162,79
walking,84218,84162,84218,56
sniffing,84251,84218,84251,33
stepping,84274,84251,84274,23
sniffing,84375,84274,84375,101
pausing,84376,84375,84376,1
sniffing,84454,84376,84454,78
walking,84522,84454,84522,68
climbing,84572,84522,84572,50
rearing,84573,84572,84573,1
grooming,84691,84573,84691,118
sniffing,84722,84691,84722,31
pausing,84723,84722,84723,1
sniffing,84806,84723,84806,83
hunching,84901,84806,84901,95
climbing,84980,84901,84980,79
rising,84992,84980,84992,12
sniffing,85008,84992,85008,16
rearing,85126,85008,85126,118
grooming,85766,85126,85766,640
rearing,85807,85766,85807,41
running,85833,85807,85833,26
walking,85834,85833,85834,1
sniffing,85948,85834,85948,114
rising,85993,85948,85993,45
grooming,86384,85993,86384,391
climbing,86403,86384,86403,19
rising,86425,86403,86425,22
sniffing,86426,86425,86426,1
walking,86465,86426,86465,39
left_turning,86553,86465,86553,88
sniffing,86649,86553,86649,96
pausing,87240,86649,87240,591
sniffing,87275,87240,87275,35
hunching,87343,87275,87343,68
rising,87384,87343,87384,41
grooming,87559,87384,87559,175
climbing,87695,87559,87695,136
rising,87819,87695,87819,124
climbing,87890,87819,87890,71
hunching,88212,87890,88212,322
walking,88255,88212,88255,43
rising,88300,88255,88300,45
climbing,88359,88300,88359,59
sniffing,88561,88359,88561,202
right_turning,88579,88561,88579,18
sniffing,88621,88579,88621,42
left_turning,88627,88621,88627,6
rising,88657,88627,88657,30
left_turning,88738,88657,88738,81
walking,88759,88738,88759,21
stepping,88794,88759,88794,35
walking,88824,88794,88824,30
sniffing,88947,88824,88947,123
rearing,89050,88947,89050,103
climbing,89108,89050,89108,58
rearing,89109,89108,89109,1
left_turning,89135,89109,89135,26
sniffing,89156,89135,89156,21
grooming,89820,89156,89820,664
sniffing,89925,89820,89925,105
climbing,89999,89925,89999,74
rising,90040,89999,90040,41
climbing,90047,90040,90047,7
rearing,90048,90047,90048,1
left_turning,90122,90048,90122,74
sniffing,90123,90122,90123,1
left_turning,90129,90123,90129,6
walking,90196,90129,90196,67
climbing,90275,90196,90275,79
walking,90340,90275,90340,65
sniffing,90358,90340,90358,18
trotting,90359,90358,90359,1
right_turning,90371,90359,90371,12
trotting,90420,90371,90420,49
walking,90458,90420,90458,38
trotting,90473,90458,90473,15
sniffing,90616,90473,90616,143
trotting,90666,90616,90666,50
walking,90667,90666,90667,1
sniffing,90668,90667,90668,1
right_turning,90710,90668,90710,42
running,90715,90710,90715,5
sniffing,90716,90715,90716,1
rising,90738,90716,90738,22
climbing,90790,90738,90790,52
grooming,91070,90790,91070,280
sniffing,91071,91070,91071,1
left_turning,91084,91071,91084,13
sniffing,91172,91084,91172,88
climbing,91328,91172,91328,156
rearing,91440,91328,91440,112
rising,91441,91440,91441,1
climbing,91589,91441,91589,148
rising,91629,91589,91629,40
trotting,91633,91629,91633,4
grooming,91634,91633,91634,1
rearing,91695,91634,91695,61
rising,91760,91695,91760,65
sniffing,91761,91760,91761,1
climbing,91788,91761,91788,27
sniffing,91849,91788,91849,61
rising,91868,91849,91868,19
rearing,91869,91868,91869,1
grooming,92219,91869,92219,350
sniffing,92287,92219,92287,68
climbing,92376,92287,92376,89
rearing,92416,92376,92416,40
climbing,92474,92416,92474,58
left_turning,92532,92474,92532,58
walking,92620,92532,92620,88
stepping,92682,92620,92682,62
walking,92738,92682,92738,56
left_turning,92739,92738,92739,1
sniffing,92854,92739,92854,115
walking,92855,92854,92855,1
sniffing,92929,92855,92929,74
right_turning,92970,92929,92970,41
hunching,92971,92970,92971,1
rearing,93186,92971,93186,215
sniffing,93187,93186,93187,1
rising,93290,93187,93290,103
climbing,93338,93290,93338,48
sniffing,93436,93338,93436,98
stepping,93513,93436,93513,77
walking,93545,93513,93545,32
sniffing,93546,93545,93546,1
walking,93576,93546,93576,30
right_turning,93577,93576,93577,1
stepping,93601,93577,93601,24
right_turning,93602,93601,93602,1
walking,93630,93602,93630,28
sniffing,93733,93630,93733,103
stepping,93775,93733,93775,42
climbing,93833,93775,93833,58
rising,93847,93833,93847,14
climbing,93928,93847,93928,81
left_turning,93948,93928,93948,20
stepping,94027,93948,94027,79
walking,94088,94027,94088,61
left_turning,94130,94088,94130,42
sniffing,94131,94130,94131,1
rising,94162,94131,94162,31
climbing,94210,94162,94210,48
hunching,94211,94210,94211,1
climbing,94255,94211,94255,44
rising,94287,94255,94287,32
right_turning,94378,94287,94378,91
running,94404,94378,94404,26
sniffing,94534,94404,94534,130
running,94540,94534,94540,6
walking,94602,94540,94602,62
stepping,94685,94602,94685,83
sniffing,94829,94685,94829,144
rising,94845,94829,94845,16
climbing,94933,94845,94933,88
rising,95112,94933,95112,179
climbing,95124,95112,95124,12
rising,95145,95124,95145,21
walking,95233,95145,95233,88
rising,95235,95233,95235,2
rearing,95341,95235,95341,106
rising,95427,95341,95427,86
left_turning,95470,95427,95470,43
sniffing,95663,95470,95663,193
rising,95755,95663,95755,92
climbing,95822,95755,95822,67
sniffing,95868,95822,95868,46
left_turning,95933,95868,95933,65
rising,95934,95933,95934,1
sniffing,95948,95934,95948,14
left_turning,96032,95948,96032,84
walking,96068,96032,96068,36
sniffing,96200,96068,96200,132
left_turning,96216,96200,96216,16
sniffing,96303,96216,96303,87
stepping,96327,96303,96327,24
rising,96355,96327,96355,28
climbing,96456,96355,96456,101
sniffing,96457,96456,96457,1
walking,96506,96457,96506,49
rearing,96588,96506,96588,82
walking,96632,96588,96632,44
sniffing,96633,96632,96633,1
hunching,96735,96633,96735,102
grooming,97074,96735,97074,339
hunching,97118,97074,97118,44
climbing,97222,97118,97222,104
walking,97261,97222,97261,39
sniffing,97262,97261,97262,1
rising,97290,97262,97290,28
rearing,97291,97290,97291,1
climbing,97370,97291,97370,79
trotting,97415,97370,97415,45
walking,97460,97415,97460,45
sniffing,97526,97460,97526,66
rising,97562,97526,97562,36
sniffing,97618,97562,97618,56
climbing,97739,97618,97739,121
running,97793,97739,97793,54
walking,97883,97793,97883,90
sniffing,97935,97883,97935,52
grooming,98140,97935,98140,205
stepping,98156,98140,98156,16
sniffing,98320,98156,98320,164
rising,98332,98320,98332,12
left_turning,98346,98332,98346,14
sniffing,98347,98346,98347,1
walking,98402,98347,98402,55
sniffing,98459,98402,98459,57
walking,98535,98459,98535,76
climbing,98656,98535,98656,121
grooming,99306,98656,99306,650
rearing,99383,99306,99383,77
climbing,99384,99383,99384,1
trotting,99445,99384,99445,61
stepping,99462,99445,99462,17
walking,99522,99462,99522,60
sniffing,99523,99522,99523,1
hunching,99524,99523,99524,1
climbing,99527,99524,99527,3
pausing,99528,99527,99528,1
sniffing,99589,99528,99589,61
pausing,99590,99589,99590,1
sniffing,99681,99590,99681,91
rearing,99726,99681,99726,45
left_turning,99736,99726,99736,10
walking,99782,99736,99782,46
rising,99930,99782,99930,148
grooming,100258,99930,100258,328
left_turning,100259,100258,100259,1
walking,100305,100259,100305,46
sniffing,100511,100305,100511,206
rising,100581,100511,100581,70
grooming,100584,100581,100584,3
rearing,100591,100584,100591,7
right_turning,100627,100591,100627,36
sniffing,100656,100627,100656,29
rising,100702,100656,100702,46
sniffing,100792,100702,100792,90
rearing,100919,100792,100919,127
grooming,101244,100919,101244,325
left_turning,101269,101244,101269,25
sniffing,101380,101269,101380,111
rearing,101399,101380,101399,19
right_turning,101414,101399,101414,15
rising,101415,101414,101415,1
sniffing,101475,101415,101475,60
rearing,101518,101475,101518,43
climbing,101631,101518,101631,113
trotting,101657,101631,101657,26
sniffing,101716,101657,101716,59
stepping,101736,101716,101736,20
rising,101800,101736,101800,64
climbing,101801,101800,101801,1
running,101823,101801,101823,22
walking,101859,101823,101859,36
rearing,101903,101859,101903,44
climbing,101958,101903,101958,55
grooming,101992,101958,101992,34
rearing,102053,101992,102053,61
sniffing,102118,102053,102118,65
walking,102152,102118,102152,34
sniffing,102303,102152,102303,151
rising,102373,102303,102373,70
climbing,102411,102373,102411,38
sniffing,102597,102411,102597,186
running,102613,102597,102613,16
stepping,102631,102613,102631,18
left_turning,102671,102631,102671,40
rising,102686,102671,102686,15
sniffing,102687,102686,102687,1
rising,102898,102687,102898,211
sniffing,103000,102898,103000,102
grooming,103001,103000,103001,1
climbing,103115,103001,103115,114
rising,103159,103115,103159,44
sniffing,103160,103159,103160,1
rising,103230,103160,103230,70
sniffing,103252,103230,103252,22
rising,103270,103252,103270,18
climbing,103315,103270,103315,45
rising,103437,103315,103437,122
right_turning,103438,103437,103438,1
grooming,103439,103438,103439,1
climbing,103440,103439,103440,1
walking,103499,103440,103499,59
sniffing,103532,103499,103532,33
rising,103533,103532,103533,1
hunching,103612,103533,103612,79
rearing,103613,103612,103613,1
climbing,103669,103613,103669,56
sniffing,103708,103669,103708,39
rising,103729,103708,103729,21
grooming,103840,103729,103840,111
rearing,103963,103840,103963,123
climbing,104134,103963,104134,171
stepping,104215,104134,104215,81
sniffing,104499,104215,104499,284
climbing,104601,104499,104601,102
rising,104648,104601,104648,47
sniffing,104733,104648,104733,85
pausing,104888,104733,104888,155
sniffing,104912,104888,104912,24
right_turning,104960,104912,104960,48
walking,105011,104960,105011,51
climbing,105061,105011,105061,50
rearing,105062,105061,105062,1
sniffing,105063,105062,105063,1
rising,105116,105063,105116,53
rearing,105124,105116,105124,8
right_turning,105159,105124,105159,35
sniffing,105341,105159,105341,182
rising,105387,105341,105387,46
climbing,105464,105387,105464,77
rearing,105465,105464,105465,1
rising,105518,105465,105518,53
sniffing,105631,105518,105631,113
walking,105651,105631,105651,20
sniffing,105686,105651,105686,35
rising,105687,105686,105687,1
climbing,105770,105687,105770,83
grooming,105771,105770,105771,1
left_turning,105803,105771,105803,32
sniffing,105810,105803,105810,7
climbing,105884,105810,105884,74
grooming,105885,105884,105885,1
sniffing,106031,105885,106031,146
right_turning,106068,106031,106068,37
walking,106141,106068,106141,73
sniffing,106151,106141,106151,10
climbing,106289,106151,106289,138
sniffing,106299,106289,106299,10
climbing,106300,106299,106300,1
right_turning,106342,106300,106342,42
pausing,106661,106342,106661,319
sniffing,106720,106661,106720,59
trotting,106763,106720,106763,43
rising,106764,106763,106764,1
climbing,106872,106764,106872,108
rising,106916,106872,106916,44
left_turning,106917,106916,106917,1
walking,106945,106917,106945,28
sniffing,106946,106945,106946,1
rising,106979,106946,106979,33
sniffing,107029,106979,107029,50
stepping,107030,107029,107030,1
right_turning,107073,107030,107073,43
rising,107074,107073,107074,1
trotting,107080,107074,107080,6
walking,107151,107080,107151,71
rising,107194,107151,107194,43
walking,107195,107194,107195,1
trotting,107230,107195,107230,35
sniffing,107231,107230,107231,1
rising,107237,107231,107237,6
sniffing,107290,107237,107290,53
right_turning,107338,107290,107338,48
trotting,107392,107338,107392,54
sniffing,107462,107392,107462,70
stepping,107494,107462,107494,32
sniffing,107566,107494,107566,72
rearing,107586,107566,107586,20
sniffing,107587,107586,107587,1
rising,107597,107587,107597,10
sniffing,107720,107597,107720,123
rising,107761,107720,107761,41
climbing,107817,107761,107817,56
right_turning,107824,107817,107824,7
trotting,107852,107824,107852,28
sniffing,107950,107852,107950,98
walking,108000,107950,108000,50
