revised_movement_label,segBoundary,segBoundary_start,segBoundary_end,length
trotting,21,0,21,21
sniffing,22,21,22,1
climbing,34,22,34,12
sniffing,35,34,35,1
walking,36,35,36,1
left_turning,37,36,37,1
walking,106,37,106,69
sniffing,132,106,132,26
hunching,185,132,185,53
climbing,244,185,244,59
sniffing,280,244,280,36
right_turning,312,280,312,32
climbing,340,312,340,28
trotting,351,340,351,11
running,380,351,380,29
sniffing,381,380,381,1
trotting,440,381,440,59
sniffing,450,440,450,10
walking,522,450,522,72
right_turning,532,522,532,10
walking,604,532,604,72
climbing,658,604,658,54
sniffing,659,658,659,1
grooming,734,659,734,75
rearing,735,734,735,1
grooming,788,735,788,53
walking,844,788,844,56
left_turning,845,844,845,1
sniffing,923,845,923,78
left_turning,949,923,949,26
stepping,1015,949,1015,66
sniffing,1119,1015,1119,104
climbing,1120,1119,1120,1
walking,1164,1120,1164,44
climbing,1228,1164,1228,64
running,1250,1228,1250,22
walking,1280,1250,1280,30
climbing,1314,1280,1314,34
rising,1336,1314,1336,22
sniffing,1409,1336,1409,73
climbing,1410,1409,1410,1
sniffing,1443,1410,1443,33
left_turning,1457,1443,1457,14
sniffing,1458,1457,1458,1
rising,1459,1458,1459,1
sniffing,1460,1459,1460,1
left_turning,1477,1460,1477,17
stepping,1522,1477,1522,45
walking,1526,1522,1526,4
left_turning,1544,1526,1544,18
sniffing,1572,1544,1572,28
right_turning,1654,1572,1654,82
sniffing,1655,1654,1655,1
rising,1704,1655,1704,49
climbing,1741,1704,1741,37
walking,1850,1741,1850,109
stepping,1921,1850,1921,71
climbing,1995,1921,1995,74
sniffing,2056,1995,2056,61
rising,2111,2056,2111,55
grooming,2171,2111,2171,60
climbing,2250,2171,2250,79
running,2286,2250,2286,36
walking,2341,2286,2341,55
sniffing,2398,2341,2398,57
climbing,2493,2398,2493,95
sniffing,2494,2493,2494,1
stepping,2522,2494,2522,28
trotting,2538,2522,2538,16
walking,2592,2538,2592,54
sniffing,2688,2592,2688,96
walking,2732,2688,2732,44
running,2769,2732,2769,37
sniffing,2795,2769,2795,26
left_turning,2823,2795,2823,28
stepping,2842,2823,2842,19
climbing,2886,2842,2886,44
sniffing,2930,2886,2930,44
walking,2931,2930,2931,1
left_turning,2957,2931,2957,26
rising,3035,2957,3035,78
climbing,3065,3035,3065,30
sniffing,3085,3065,3085,20
rising,3086,3085,3086,1
right_turning,3121,3086,3121,35
sniffing,3140,3121,3140,19
grooming,3151,3140,3151,11
rising,3202,3151,3202,51
right_turning,3233,3202,3233,31
walking,3244,3233,3244,11
rising,3317,3244,3317,73
climbing,3400,3317,3400,83
rearing,3437,3400,3437,37
left_turning,3438,3437,3438,1
climbing,3491,3438,3491,53
walking,3649,3491,3649,158
sniffing,3790,3649,3790,141
rising,3814,3790,3814,24
left_turning,3829,3814,3829,15
sniffing,3992,3829,3992,163
climbing,4069,3992,4069,77
sniffing,4136,4069,4136,67
rising,4137,4136,4137,1
grooming,4138,4137,4138,1
right_turning,4159,4138,4159,21
trotting,4212,4159,4212,53
rising,4213,4212,4213,1
trotting,4267,4213,4267,54
sniffing,4268,4267,4268,1
left_turning,4364,4268,4364,96
sniffing,4365,4364,4365,1
right_turning,4400,4365,4400,35
rearing,4483,4400,4483,83
hunching,4497,4483,4497,14
sniffing,4498,4497,4498,1
rising,4538,4498,4538,40
climbing,4566,4538,4566,28
walking,4645,4566,4645,79
sniffing,4690,4645,4690,45
climbing,4735,4690,4735,45
left_turning,4745,4735,4745,10
walking,4811,4745,4811,66
sniffing,4812,4811,4812,1
left_turning,4840,4812,4840,28
sniffing,4901,4840,4901,61
left_turning,4956,4901,4956,55
trotting,5001,4956,5001,45
sniffing,5105,5001,5105,104
rising,5132,5105,5132,27
sniffing,5133,5132,5133,1
rising,5206,5133,5206,73
walking,5207,5206,5207,1
sniffing,5225,5207,5225,18
rising,5226,5225,5226,1
sniffing,5320,5226,5320,94
walking,5417,5320,5417,97
hunching,5451,5417,5451,34
sniffing,5465,5451,5465,14
rising,5483,5465,5483,18
right_turning,5529,5483,5529,46
sniffing,5550,5529,5550,21
rising,5601,5550,5601,51
climbing,5616,5601,5616,15
walking,5697,5616,5697,81
climbing,5720,5697,5720,23
sniffing,5724,5720,5724,4
climbing,5795,5724,5795,71
walking,5886,5795,5886,91
sniffing,6519,5886,6519,633
climbing,6540,6519,6540,21
sniffing,6542,6540,6542,2
walking,6616,6542,6616,74
left_turning,6649,6616,6649,33
running,6657,6649,6657,8
sniffing,6768,6657,6768,111
climbing,6791,6768,6791,23
sniffing,6901,6791,6901,110
climbing,6980,6901,6980,79
right_turning,6981,6980,6981,1
rising,7076,6981,7076,95
climbing,7127,7076,7127,51
sniffing,7128,7127,7128,1
walking,7184,7128,7184,56
stepping,7264,7184,7264,80
rearing,7293,7264,7293,29
sniffing,7343,7293,7343,50
stepping,7344,7343,7344,1
right_turning,7368,7344,7368,24
climbing,7394,7368,7394,26
hunching,7447,7394,7447,53
rising,7520,7447,7520,73
running,7525,7520,7525,5
walking,7599,7525,7599,74
sniffing,7665,7599,7665,66
walking,7742,7665,7742,77
sniffing,7749,7742,7749,7
right_turning,7881,7749,7881,132
walking,7948,7881,7948,67
rising,7979,7948,7979,31
climbing,7993,7979,7993,14
sniffing,8065,7993,8065,72
rearing,8262,8065,8262,197
sniffing,8281,8262,8281,19
walking,8300,8281,8300,19
sniffing,8451,8300,8451,151
left_turning,8478,8451,8478,27
climbing,8546,8478,8546,68
sniffing,8656,8546,8656,110
rising,8702,8656,8702,46
trotting,8724,8702,8724,22
walking,8767,8724,8767,43
rising,8769,8767,8769,2
sniffing,8770,8769,8770,1
trotting,8811,8770,8811,41
climbing,8870,8811,8870,59
right_turning,8892,8870,8892,22
walking,8895,8892,8895,3
rising,8925,8895,8925,30
right_turning,8973,8925,8973,48
walking,9068,8973,9068,95
rising,9072,9068,9072,4
climbing,9138,9072,9138,66
sniffing,9151,9138,9151,13
trotting,9209,9151,9209,58
sniffing,9247,9209,9247,38
climbing,9308,9247,9308,61
walking,9439,9308,9439,131
sniffing,9481,9439,9481,42
grooming,9598,9481,9598,117
trotting,9614,9598,9614,16
sniffing,9676,9614,9676,62
rising,9743,9676,9743,67
rearing,9797,9743,9797,54
sniffing,9940,9797,9940,143
left_turning,9941,9940,9941,1
rising,9972,9941,9972,31
sniffing,9973,9972,9973,1
walking,10016,9973,10016,43
climbing,10082,10016,10082,66
running,10113,10082,10113,31
walking,10171,10113,10171,58
sniffing,10174,10171,10174,3
rising,10210,10174,10210,36
hunching,10231,10210,10231,21
walking,10268,10231,10268,37
sniffing,10288,10268,10288,20
climbing,10326,10288,10326,38
sniffing,10405,10326,10405,79
walking,10448,10405,10448,43
rising,10454,10448,10454,6
climbing,10489,10454,10489,35
sniffing,10534,10489,10534,45
walking,10584,10534,10584,50
sniffing,10585,10584,10585,1
climbing,10608,10585,10608,23
sniffing,10641,10608,10641,33
climbing,10643,10641,10643,2
trotting,10656,10643,10656,13
walking,10677,10656,10677,21
climbing,10729,10677,10729,52
trotting,10787,10729,10787,58
sniffing,10831,10787,10831,44
stepping,10844,10831,10844,13
left_turning,10885,10844,10885,41
walking,10935,10885,10935,50
climbing,10960,10935,10960,25
rearing,11026,10960,11026,66
climbing,11061,11026,11061,35
walking,11119,11061,11119,58
sniffing,11120,11119,11120,1
left_turning,11156,11120,11156,36
sniffing,11266,11156,11266,110
climbing,11335,11266,11335,69
trotting,11336,11335,11336,1
rising,11378,11336,11378,42
sniffing,11546,11378,11546,168
rising,11574,11546,11574,28
sniffing,11695,11574,11695,121
rising,11712,11695,11712,17
climbing,11780,11712,11780,68
rising,11781,11780,11781,1
climbing,11828,11781,11828,47
rearing,11899,11828,11899,71
sniffing,11911,11899,11911,12
climbing,11912,11911,11912,1
rising,11923,11912,11923,11
sniffing,12030,11923,12030,107
climbing,12055,12030,12055,25
rising,12081,12055,12081,26
climbing,12110,12081,12110,29
right_turning,12226,12110,12226,116
walking,12331,12226,12331,105
rising,12374,12331,12374,43
climbing,12435,12374,12435,61
running,12454,12435,12454,19
walking,12455,12454,12455,1
left_turning,12543,12455,12543,88
running,12590,12543,12590,47
right_turning,12651,12590,12651,61
sniffing,12744,12651,12744,93
right_turning,12768,12744,12768,24
trotting,12805,12768,12805,37
rising,12827,12805,12827,22
left_turning,12862,12827,12862,35
walking,12890,12862,12890,28
climbing,12891,12890,12891,1
walking,12981,12891,12981,90
rising,12997,12981,12997,16
sniffing,13091,12997,13091,94
rising,13132,13091,13132,41
hunching,13196,13132,13196,64
right_turning,13206,13196,13206,10
sniffing,13288,13206,13288,82
rearing,13299,13288,13299,11
sniffing,13339,13299,13339,40
rising,13351,13339,13351,12
walking,13444,13351,13444,93
running,13455,13444,13455,11
walking,13521,13455,13521,66
climbing,13596,13521,13596,75
rearing,13597,13596,13597,1
sniffing,13626,13597,13626,29
trotting,13679,13626,13679,53
sniffing,13719,13679,13719,40
running,13738,13719,13738,19
sniffing,13794,13738,13794,56
climbing,13815,13794,13815,21
walking,13856,13815,13856,41
climbing,13915,13856,13915,59
rising,13964,13915,13964,49
sniffing,13984,13964,13984,20
rising,14075,13984,14075,91
climbing,14157,14075,14157,82
walking,14188,14157,14188,31
sniffing,14269,14188,14269,81
left_turning,14297,14269,14297,28
rising,14298,14297,14298,1
stepping,14319,14298,14319,21
sniffing,14389,14319,14389,70
climbing,14427,14389,14427,38
sniffing,14499,14427,14499,72
left_turning,14532,14499,14532,33
rising,14533,14532,14533,1
sniffing,14583,14533,14583,50
left_turning,14584,14583,14584,1
walking,14630,14584,14630,46
sniffing,14649,14630,14649,19
walking,14697,14649,14697,48
climbing,14708,14697,14708,11
rising,14717,14708,14717,9
climbing,14751,14717,14751,34
rising,14779,14751,14779,28
climbing,14780,14779,14780,1
walking,14794,14780,14794,14
trotting,14834,14794,14834,40
walking,14900,14834,14900,66
sniffing,15021,14900,15021,121
rising,15022,15021,15022,1
left_turning,15057,15022,15057,35
sniffing,15114,15057,15114,57
rising,15139,15114,15139,25
climbing,15140,15139,15140,1
trotting,15154,15140,15154,14
sniffing,15204,15154,15204,50
climbing,15273,15204,15273,69
rising,15310,15273,15310,37
right_turning,15383,15310,15383,73
walking,15493,15383,15493,110
sniffing,15541,15493,15541,48
right_turning,15558,15541,15558,17
sniffing,15604,15558,15604,46
rising,15636,15604,15636,32
left_turning,15646,15636,15646,10
sniffing,15647,15646,15647,1
walking,15752,15647,15752,105
sniffing,15769,15752,15769,17
left_turning,15792,15769,15792,23
sniffing,15879,15792,15879,87
rising,15923,15879,15923,44
sniffing,15967,15923,15967,44
right_turning,15968,15967,15968,1
stepping,16002,15968,16002,34
sniffing,16018,16002,16018,16
rising,16050,16018,16050,32
sniffing,16051,16050,16051,1
trotting,16083,16051,16083,32
sniffing,16169,16083,16169,86
running,16195,16169,16195,26
walking,16240,16195,16240,45
left_turning,16266,16240,16266,26
sniffing,16273,16266,16273,7
left_turning,16302,16273,16302,29
sniffing,16385,16302,16385,83
walking,16386,16385,16386,1
sniffing,16387,16386,16387,1
left_turning,16407,16387,16407,20
walking,16484,16407,16484,77
sniffing,16553,16484,16553,69
walking,16594,16553,16594,41
trotting,16631,16594,16631,37
sniffing,16712,16631,16712,81
left_turning,16731,16712,16731,19
rising,16767,16731,16767,36
stepping,16813,16767,16813,46
sniffing,16878,16813,16878,65
trotting,16902,16878,16902,24
left_turning,16915,16902,16915,13
trotting,16971,16915,16971,56
climbing,16992,16971,16992,21
trotting,17034,16992,17034,42
walking,17055,17034,17055,21
sniffing,17056,17055,17056,1
climbing,17112,17056,17112,56
rising,17119,17112,17119,7
stepping,17195,17119,17195,76
climbing,17248,17195,17248,53
right_turning,17249,17248,17249,1
left_turning,17289,17249,17289,40
sniffing,17303,17289,17303,14
trotting,17304,17303,17304,1
stepping,17305,17304,17305,1
sniffing,17396,17305,17396,91
left_turning,17401,17396,17401,5
walking,17440,17401,17440,39
left_turning,17506,17440,17506,66
sniffing,17561,17506,17561,55
rearing,17591,17561,17591,30
sniffing,17625,17591,17625,34
climbing,17655,17625,17655,30
rising,17667,17655,17667,12
sniffing,17734,17667,17734,67
walking,17743,17734,17743,9
left_turning,17744,17743,17744,1
trotting,17757,17744,17757,13
sniffing,17825,17757,17825,68
right_turning,17832,17825,17832,7
trotting,17922,17832,17922,90
running,17952,17922,17952,30
trotting,17985,17952,17985,33
right_turning,18012,17985,18012,27
trotting,18014,18012,18014,2
sniffing,18041,18014,18041,27
walking,18079,18041,18079,38
sniffing,18080,18079,18080,1
left_turning,18147,18080,18147,67
walking,18163,18147,18163,16
climbing,18196,18163,18196,33
rising,18233,18196,18233,37
climbing,18280,18233,18280,47
running,18312,18280,18312,32
rising,18358,18312,18358,46
climbing,18362,18358,18362,4
rising,18399,18362,18399,37
rearing,18446,18399,18446,47
sniffing,18548,18446,18548,102
rising,18549,18548,18549,1
climbing,18587,18549,18587,38
walking,18593,18587,18593,6
sniffing,18662,18593,18662,69
walking,18663,18662,18663,1
grooming,18739,18663,18739,76
walking,18750,18739,18750,11
sniffing,18828,18750,18828,78
walking,18877,18828,18877,49
sniffing,18906,18877,18906,29
left_turning,18918,18906,18918,12
rearing,19007,18918,19007,89
hunching,19070,19007,19070,63
right_turning,19090,19070,19090,20
walking,19169,19090,19169,79
climbing,19225,19169,19225,56
rising,19248,19225,19248,23
sniffing,19411,19248,19411,163
trotting,19449,19411,19449,38
walking,19454,19449,19454,5
sniffing,19554,19454,19554,100
climbing,19605,19554,19605,51
grooming,19709,19605,19709,104
walking,19800,19709,19800,91
sniffing,19801,19800,19801,1
hunching,19802,19801,19802,1
right_turning,19857,19802,19857,55
trotting,19918,19857,19918,61
rising,19942,19918,19942,24
climbing,20032,19942,20032,90
trotting,20097,20032,20097,65
walking,20158,20097,20158,61
left_turning,20205,20158,20205,47
sniffing,20275,20205,20275,70
rising,20316,20275,20316,41
climbing,20377,20316,20377,61
rising,20444,20377,20444,67
rearing,20542,20444,20542,98
grooming,20613,20542,20613,71
climbing,20614,20613,20614,1
rearing,20615,20614,20615,1
jumping,20671,20615,20671,56
right_turning,20791,20671,20791,120
walking,20877,20791,20877,86
rising,20926,20877,20926,49
climbing,20975,20926,20975,49
rising,21017,20975,21017,42
rearing,21155,21017,21155,138
grooming,21195,21155,21195,40
rearing,21288,21195,21288,93
walking,21350,21288,21350,62
sniffing,21351,21350,21351,1
rising,21394,21351,21394,43
sniffing,21588,21394,21588,194
walking,21589,21588,21589,1
right_turning,21600,21589,21600,11
walking,21615,21600,21615,15
sniffing,21706,21615,21706,91
rising,21717,21706,21717,11
left_turning,21771,21717,21771,54
walking,21813,21771,21813,42
sniffing,21841,21813,21841,28
running,21864,21841,21864,23
sniffing,21958,21864,21958,94
rising,22008,21958,22008,50
walking,22125,22008,22125,117
sniffing,22244,22125,22244,119
left_turning,22274,22244,22274,30
sniffing,22275,22274,22275,1
rising,22304,22275,22304,29
climbing,22434,22304,22434,130
rising,22455,22434,22455,21
sniffing,22509,22455,22509,54
climbing,22586,22509,22586,77
rearing,22594,22586,22594,8
sniffing,22666,22594,22666,72
left_turning,22686,22666,22686,20
sniffing,22723,22686,22723,37
left_turning,22730,22723,22730,7
sniffing,22756,22730,22756,26
right_turning,22784,22756,22784,28
trotting,22802,22784,22802,18
walking,22808,22802,22808,6
sniffing,22929,22808,22929,121
left_turning,22930,22929,22930,1
sniffing,22951,22930,22951,21
rising,23006,22951,23006,55
sniffing,23007,23006,23007,1
trotting,23015,23007,23015,8
sniffing,23104,23015,23104,89
walking,23105,23104,23105,1
stepping,23166,23105,23166,61
left_turning,23197,23166,23197,31
sniffing,23214,23197,23214,17
hunching,23258,23214,23258,44
rising,23346,23258,23346,88
sniffing,23347,23346,23347,1
rising,23367,23347,23367,20
grooming,23368,23367,23368,1
sniffing,23369,23368,23369,1
right_turning,23402,23369,23402,33
walking,23403,23402,23403,1
trotting,23435,23403,23435,32
walking,23499,23435,23499,64
left_turning,23512,23499,23512,13
sniffing,23525,23512,23525,13
walking,23530,23525,23530,5
sniffing,23581,23530,23581,51
rising,23596,23581,23596,15
sniffing,23625,23596,23625,29
left_turning,23663,23625,23663,38
walking,23715,23663,23715,52
sniffing,23740,23715,23740,25
climbing,23779,23740,23779,39
walking,23808,23779,23808,29
trotting,23850,23808,23850,42
left_turning,23885,23850,23885,35
running,23916,23885,23916,31
stepping,23924,23916,23924,8
sniffing,24123,23924,24123,199
walking,24140,24123,24140,17
sniffing,24338,24140,24338,198
left_turning,24396,24338,24396,58
rising,24451,24396,24451,55
climbing,24459,24451,24459,8
rising,24490,24459,24490,31
sniffing,24528,24490,24528,38
walking,24565,24528,24565,37
rising,24602,24565,24602,37
sniffing,24611,24602,24611,9
walking,24612,24611,24612,1
rising,24613,24612,24613,1
climbing,24668,24613,24668,55
sniffing,24669,24668,24669,1
rising,24729,24669,24729,60
sniffing,24746,24729,24746,17
walking,24816,24746,24816,70
rearing,24922,24816,24922,106
left_turning,24998,24922,24998,76
walking,25003,24998,25003,5
sniffing,25004,25003,25004,1
climbing,25071,25004,25071,67
stepping,25132,25071,25132,61
climbing,25174,25132,25174,42
left_turning,25213,25174,25213,39
stepping,25226,25213,25226,13
sniffing,25297,25226,25297,71
walking,25299,25297,25299,2
stepping,25343,25299,25343,44
trotting,25412,25343,25412,69
climbing,25476,25412,25476,64
rearing,25492,25476,25492,16
rising,25523,25492,25523,31
climbing,25584,25523,25584,61
rearing,25585,25584,25585,1
right_turning,25616,25585,25616,31
walking,25648,25616,25648,32
left_turning,25710,25648,25710,62
trotting,25717,25710,25717,7
sniffing,25829,25717,25829,112
climbing,25922,25829,25922,93
left_turning,25923,25922,25923,1
walking,25924,25923,25924,1
sniffing,25931,25924,25931,7
rising,25944,25931,25944,13
climbing,26044,25944,26044,100
walking,26064,26044,26064,20
sniffing,26126,26064,26126,62
rising,26136,26126,26136,10
walking,26137,26136,26137,1
sniffing,26472,26137,26472,335
stepping,26508,26472,26508,36
sniffing,26659,26508,26659,151
rising,26686,26659,26686,27
rearing,26757,26686,26757,71
climbing,26795,26757,26795,38
walking,26862,26795,26862,67
trotting,26863,26862,26863,1
sniffing,26917,26863,26917,54
rising,26944,26917,26944,27
climbing,27010,26944,27010,66
sniffing,27041,27010,27041,31
rising,27114,27041,27114,73
climbing,27115,27114,27115,1
rising,27116,27115,27116,1
trotting,27132,27116,27132,16
walking,27169,27132,27169,37
sniffing,27325,27169,27325,156
rising,27379,27325,27379,54
sniffing,27509,27379,27509,130
rearing,27534,27509,27534,25
climbing,27644,27534,27644,110
running,27655,27644,27655,11
walking,27664,27655,27664,9
sniffing,27770,27664,27770,106
rearing,27814,27770,27814,44
rising,27833,27814,27833,19
left_turning,27841,27833,27841,8
running,27868,27841,27868,27
walking,27876,27868,27876,8
sniffing,28060,27876,28060,184
rising,28098,28060,28098,38
climbing,28176,28098,28176,78
rearing,28269,28176,28269,93
sniffing,28270,28269,28270,1
left_turning,28271,28270,28271,1
walking,28300,28271,28300,29
trotting,28332,28300,28332,32
sniffing,28378,28332,28378,46
walking,28382,28378,28382,4
sniffing,28535,28382,28535,153
rising,28560,28535,28560,25
sniffing,28611,28560,28611,51
right_turning,28662,28611,28662,51
rising,28663,28662,28663,1
climbing,28682,28663,28682,19
rising,28725,28682,28725,43
climbing,28743,28725,28743,18
running,28762,28743,28762,19
stepping,28776,28762,28776,14
climbing,28801,28776,28801,25
sniffing,28939,28801,28939,138
climbing,28979,28939,28979,40
walking,29079,28979,29079,100
sniffing,29080,29079,29080,1
climbing,29206,29080,29206,126
walking,29216,29206,29216,10
sniffing,29236,29216,29236,20
rising,29248,29236,29248,12
climbing,29268,29248,29268,20
sniffing,29317,29268,29317,49
rising,29324,29317,29324,7
climbing,29325,29324,29325,1
left_turning,29406,29325,29406,81
trotting,29410,29406,29410,4
running,29460,29410,29460,50
sniffing,29477,29460,29477,17
stepping,29513,29477,29513,36
left_turning,29516,29513,29516,3
walking,29575,29516,29575,59
sniffing,29626,29575,29626,51
rising,29724,29626,29724,98
sniffing,29807,29724,29807,83
rising,29808,29807,29808,1
running,29826,29808,29826,18
sniffing,29852,29826,29852,26
stepping,29909,29852,29909,57
sniffing,30100,29909,30100,191
grooming,30151,30100,30151,51
sniffing,30277,30151,30277,126
rising,30278,30277,30278,1
climbing,30352,30278,30352,74
sniffing,30353,30352,30353,1
walking,30372,30353,30372,19
sniffing,30495,30372,30495,123
left_turning,30527,30495,30527,32
walking,30589,30527,30589,62
stepping,30634,30589,30634,45
walking,30644,30634,30644,10
right_turning,30712,30644,30712,68
rising,30739,30712,30739,27
stepping,30770,30739,30770,31
sniffing,30792,30770,30792,22
walking,30849,30792,30849,57
rising,30919,30849,30919,70
climbing,30953,30919,30953,34
left_turning,30983,30953,30983,30
trotting,31033,30983,31033,50
stepping,31097,31033,31097,64
sniffing,31361,31097,31361,264
rising,31410,31361,31410,49
sniffing,31491,31410,31491,81
walking,31492,31491,31492,1
sniffing,31603,31492,31603,111
trotting,31645,31603,31645,42
left_turning,31661,31645,31661,16
stepping,31738,31661,31738,77
sniffing,31782,31738,31782,44
walking,31843,31782,31843,61
climbing,31937,31843,31937,94
walking,31990,31937,31990,53
rising,32035,31990,32035,45
right_turning,32104,32035,32104,69
sniffing,32121,32104,32121,17
left_turning,32173,32121,32173,52
walking,32242,32173,32242,69
rising,32282,32242,32282,40
climbing,32283,32282,32283,1
running,32314,32283,32314,31
left_turning,32333,32314,32333,19
sniffing,32421,32333,32421,88
trotting,32465,32421,32465,44
rising,32550,32465,32550,85
climbing,32630,32550,32630,80
right_turning,32648,32630,32648,18
walking,32733,32648,32733,85
rising,32764,32733,32764,31
climbing,32794,32764,32794,30
sniffing,32867,32794,32867,73
trotting,32910,32867,32910,43
sniffing,33021,32910,33021,111
hunching,33022,33021,33022,1
walking,33023,33022,33023,1
running,33024,33023,33024,1
sniffing,33025,33024,33025,1
climbing,33078,33025,33078,53
sniffing,33248,33078,33248,170
left_turning,33321,33248,33321,73
rising,33343,33321,33343,22
left_turning,33344,33343,33344,1
sniffing,33391,33344,33391,47
left_turning,33414,33391,33414,23
walking,33454,33414,33454,40
rising,33474,33454,33474,20
jumping,33487,33474,33487,13
left_turning,33542,33487,33542,55
rising,33585,33542,33585,43
climbing,33690,33585,33690,105
sniffing,33729,33690,33729,39
rising,33749,33729,33749,20
sniffing,33750,33749,33750,1
walking,33777,33750,33777,27
sniffing,33850,33777,33850,73
right_turning,33878,33850,33878,28
walking,33911,33878,33911,33
sniffing,33979,33911,33979,68
rising,33980,33979,33980,1
climbing,33981,33980,33981,1
walking,34006,33981,34006,25
rising,34101,34006,34101,95
walking,34209,34101,34209,108
stepping,34272,34209,34272,63
sniffing,34454,34272,34454,182
stepping,34524,34454,34524,70
right_turning,34556,34524,34556,32
stepping,34593,34556,34593,37
left_turning,34643,34593,34643,50
sniffing,34703,34643,34703,60
walking,34740,34703,34740,37
rearing,34791,34740,34791,51
grooming,34792,34791,34792,1
rising,34810,34792,34810,18
sniffing,34924,34810,34924,114
climbing,34955,34924,34955,31
left_turning,34980,34955,34980,25
sniffing,34981,34980,34981,1
rearing,35029,34981,35029,48
hunching,35083,35029,35083,54
sniffing,35337,35083,35337,254
walking,35338,35337,35338,1
sniffing,35406,35338,35406,68
right_turning,35445,35406,35445,39
stepping,35453,35445,35453,8
climbing,35543,35453,35543,90
rising,35577,35543,35577,34
climbing,35620,35577,35620,43
sniffing,35684,35620,35684,64
rising,35703,35684,35703,19
left_turning,35753,35703,35753,50
sniffing,35918,35753,35918,165
right_turning,35929,35918,35929,11
rising,35959,35929,35959,30
left_turning,36033,35959,36033,74
walking,36084,36033,36084,51
sniffing,36199,36084,36199,115
left_turning,36200,36199,36200,1
sniffing,36201,36200,36201,1
walking,36215,36201,36215,14
rearing,36254,36215,36254,39
running,36276,36254,36276,22
sniffing,36407,36276,36407,131
rising,36443,36407,36443,36
sniffing,36521,36443,36521,78
rearing,36549,36521,36549,28
trotting,36561,36549,36561,12
climbing,36604,36561,36604,43
hunching,36653,36604,36653,49
walking,36689,36653,36689,36
left_turning,36708,36689,36708,19
walking,36709,36708,36709,1
sniffing,36785,36709,36785,76
rearing,36819,36785,36819,34
sniffing,36820,36819,36820,1
rising,36821,36820,36821,1
trotting,36867,36821,36867,46
sniffing,36951,36867,36951,84
left_turning,36958,36951,36958,7
walking,37013,36958,37013,55
rising,37086,37013,37086,73
climbing,37149,37086,37149,63
walking,37200,37149,37200,51
left_turning,37201,37200,37201,1
rising,37273,37201,37273,72
climbing,37342,37273,37342,69
rearing,37411,37342,37411,69
climbing,37554,37411,37554,143
sniffing,37562,37554,37562,8
stepping,37588,37562,37588,26
sniffing,37657,37588,37657,69
rising,37740,37657,37740,83
right_turning,37768,37740,37768,28
running,37778,37768,37778,10
sniffing,37805,37778,37805,27
stepping,37848,37805,37848,43
trotting,37870,37848,37870,22
sniffing,37871,37870,37871,1
walking,37890,37871,37890,19
sniffing,37891,37890,37891,1
climbing,38029,37891,38029,138
sniffing,38077,38029,38077,48
walking,38133,38077,38133,56
rising,38134,38133,38134,1
sniffing,38235,38134,38235,101
rising,38236,38235,38236,1
climbing,38325,38236,38325,89
sniffing,38333,38325,38333,8
climbing,38491,38333,38491,158
sniffing,38508,38491,38508,17
walking,38546,38508,38546,38
sniffing,38547,38546,38547,1
walking,38632,38547,38632,85
sniffing,38697,38632,38697,65
trotting,38711,38697,38711,14
walking,38771,38711,38771,60
stepping,38793,38771,38793,22
sniffing,38830,38793,38830,37
walking,38842,38830,38842,12
rising,38908,38842,38908,66
grooming,39222,38908,39222,314
rearing,39226,39222,39226,4
jumping,39409,39226,39409,183
walking,39455,39409,39455,46
left_turning,39483,39455,39483,28
sniffing,39608,39483,39608,125
right_turning,39627,39608,39627,19
climbing,39636,39627,39636,9
rising,39670,39636,39670,34
climbing,39728,39670,39728,58
sniffing,39737,39728,39737,9
walking,39784,39737,39784,47
sniffing,39785,39784,39785,1
climbing,39875,39785,39875,90
sniffing,39876,39875,39876,1
left_turning,39877,39876,39877,1
sniffing,39984,39877,39984,107
left_turning,40031,39984,40031,47
walking,40061,40031,40061,30
left_turning,40074,40061,40074,13
sniffing,40147,40074,40147,73
rising,40181,40147,40181,34
climbing,40291,40181,40291,110
sniffing,40315,40291,40315,24
trotting,40345,40315,40345,30
sniffing,40445,40345,40445,100
rising,40485,40445,40485,40
sniffing,40507,40485,40507,22
left_turning,40508,40507,40508,1
sniffing,40519,40508,40519,11
right_turning,40534,40519,40534,15
walking,40597,40534,40597,63
sniffing,40639,40597,40639,42
hunching,40640,40639,40640,1
right_turning,40667,40640,40667,27
walking,40700,40667,40700,33
sniffing,40764,40700,40764,64
trotting,40789,40764,40789,25
rising,40879,40789,40879,90
grooming,41009,40879,41009,130
hunching,41018,41009,41018,9
walking,41055,41018,41055,37
right_turning,41110,41055,41110,55
sniffing,41156,41110,41156,46
rising,41157,41156,41157,1
climbing,41168,41157,41168,11
sniffing,41416,41168,41416,248
rising,41476,41416,41476,60
walking,41502,41476,41502,26
sniffing,41599,41502,41599,97
climbing,41638,41599,41638,39
left_turning,41639,41638,41639,1
sniffing,41753,41639,41753,114
rising,41795,41753,41795,42
sniffing,41849,41795,41849,54
climbing,41865,41849,41865,16
running,41932,41865,41932,67
walking,41967,41932,41967,35
sniffing,42225,41967,42225,258
climbing,42319,42225,42319,94
left_turning,42377,42319,42377,58
walking,42408,42377,42408,31
sniffing,42409,42408,42409,1
rising,42509,42409,42509,100
sniffing,42511,42509,42511,2
left_turning,42582,42511,42582,71
sniffing,42740,42582,42740,158
left_turning,42786,42740,42786,46
walking,42832,42786,42832,46
left_turning,42884,42832,42884,52
walking,42885,42884,42885,1
sniffing,42978,42885,42978,93
walking,42979,42978,42979,1
sniffing,42994,42979,42994,15
walking,43024,42994,43024,30
running,43080,43024,43080,56
left_turning,43136,43080,43136,56
trotting,43142,43136,43142,6
rising,43184,43142,43184,42
climbing,43267,43184,43267,83
sniffing,43411,43267,43411,144
left_turning,43415,43411,43415,4
sniffing,43443,43415,43443,28
left_turning,43528,43443,43528,85
sniffing,43529,43528,43529,1
walking,43571,43529,43571,42
trotting,43590,43571,43590,19
left_turning,43638,43590,43638,48
walking,43667,43638,43667,29
sniffing,43705,43667,43705,38
climbing,43824,43705,43824,119
running,43866,43824,43866,42
left_turning,43886,43866,43886,20
sniffing,43887,43886,43887,1
rearing,43941,43887,43941,54
trotting,43953,43941,43953,12
sniffing,44025,43953,44025,72
left_turning,44026,44025,44026,1
walking,44070,44026,44070,44
rising,44082,44070,44082,12
right_turning,44087,44082,44087,5
sniffing,44145,44087,44145,58
hunching,44147,44145,44147,2
rising,44154,44147,44154,7
walking,44186,44154,44186,32
sniffing,44222,44186,44222,36
rising,44242,44222,44242,20
rearing,44252,44242,44252,10
sniffing,44340,44252,44340,88
rising,44373,44340,44373,33
climbing,44399,44373,44399,26
rearing,44453,44399,44453,54
hunching,44508,44453,44508,55
rearing,44565,44508,44565,57
sniffing,44566,44565,44566,1
left_turning,44625,44566,44625,59
sniffing,44659,44625,44659,34
climbing,44662,44659,44662,3
grooming,44698,44662,44698,36
sniffing,44741,44698,44741,43
rising,44784,44741,44784,43
jumping,44785,44784,44785,1
walking,44796,44785,44796,11
sniffing,44900,44796,44900,104
climbing,44954,44900,44954,54
sniffing,45020,44954,45020,66
rising,45057,45020,45057,37
climbing,45172,45057,45172,115
sniffing,45199,45172,45199,27
walking,45270,45199,45270,71
left_turning,45299,45270,45299,29
sniffing,45322,45299,45322,23
rising,45366,45322,45366,44
walking,45460,45366,45460,94
sniffing,45569,45460,45569,109
rising,45586,45569,45586,17
climbing,45669,45586,45669,83
sniffing,45738,45669,45738,69
running,45752,45738,45752,14
sniffing,45785,45752,45785,33
walking,45819,45785,45819,34
sniffing,45851,45819,45851,32
left_turning,45852,45851,45852,1
walking,45962,45852,45962,110
left_turning,46041,45962,46041,79
sniffing,46116,46041,46116,75
climbing,46129,46116,46129,13
walking,46187,46129,46187,58
stepping,46236,46187,46236,49
climbing,46269,46236,46269,33
rising,46335,46269,46335,66
walking,46394,46335,46394,59
sniffing,46501,46394,46501,107
grooming,46574,46501,46574,73
walking,46648,46574,46648,74
climbing,46728,46648,46728,80
right_turning,46731,46728,46731,3
walking,46765,46731,46765,34
trotting,46829,46765,46829,64
walking,46876,46829,46876,47
sniffing,46976,46876,46976,100
rising,46998,46976,46998,22
climbing,47048,46998,47048,50
hunching,47072,47048,47072,24
rising,47141,47072,47141,69
climbing,47166,47141,47166,25
running,47167,47166,47167,1
sniffing,47237,47167,47237,70
walking,47268,47237,47268,31
rising,47380,47268,47380,112
sniffing,47381,47380,47381,1
jumping,47514,47381,47514,133
rising,47525,47514,47525,11
right_turning,47526,47525,47526,1
walking,47527,47526,47527,1
climbing,47628,47527,47628,101
sniffing,47645,47628,47645,17
trotting,47669,47645,47669,24
sniffing,47670,47669,47670,1
stepping,47680,47670,47680,10
right_turning,47700,47680,47700,20
rising,47718,47700,47718,18
sniffing,47830,47718,47830,112
walking,47878,47830,47878,48
left_turning,47960,47878,47960,82
sniffing,48000,47960,48000,40
climbing,48141,48000,48141,141
rising,48153,48141,48153,12
climbing,48219,48153,48219,66
trotting,48238,48219,48238,19
sniffing,48302,48238,48302,64
rising,48312,48302,48312,10
hunching,48359,48312,48359,47
stepping,48394,48359,48394,35
walking,48402,48394,48402,8
sniffing,48418,48402,48418,16
walking,48512,48418,48512,94
sniffing,48597,48512,48597,85
climbing,48653,48597,48653,56
grooming,48760,48653,48760,107
rising,48761,48760,48761,1
climbing,48844,48761,48844,83
rearing,48982,48844,48982,138
grooming,49244,48982,49244,262
rising,49273,49244,49273,29
grooming,49318,49273,49318,45
rearing,49402,49318,49402,84
rising,49455,49402,49455,53
grooming,49487,49455,49487,32
sniffing,49547,49487,49547,60
stepping,49607,49547,49607,60
left_turning,49645,49607,49645,38
right_turning,49663,49645,49663,18
climbing,49746,49663,49746,83
rising,49785,49746,49785,39
grooming,49819,49785,49819,34
left_turning,49847,49819,49847,28
walking,49958,49847,49958,111
sniffing,49975,49958,49975,17
walking,50002,49975,50002,27
sniffing,50099,50002,50099,97
right_turning,50100,50099,50100,1
trotting,50119,50100,50119,19
sniffing,50120,50119,50120,1
rising,50121,50120,50121,1
walking,50200,50121,50200,79
climbing,50268,50200,50268,68
left_turning,50313,50268,50313,45
walking,50399,50313,50399,86
sniffing,50478,50399,50478,79
trotting,50519,50478,50519,41
walking,50558,50519,50558,39
trotting,50602,50558,50602,44
left_turning,50693,50602,50693,91
sniffing,50694,50693,50694,1
grooming,51060,50694,51060,366
left_turning,51092,51060,51092,32
sniffing,51093,51092,51093,1
hunching,51108,51093,51108,15
grooming,51209,51108,51209,101
left_turning,51210,51209,51210,1
walking,51262,51210,51262,52
rising,51282,51262,51282,20
walking,51283,51282,51283,1
stepping,51341,51283,51341,58
sniffing,51437,51341,51437,96
left_turning,51474,51437,51474,37
sniffing,51560,51474,51560,86
left_turning,51595,51560,51595,35
sniffing,51634,51595,51634,39
climbing,51736,51634,51736,102
left_turning,51748,51736,51748,12
running,51774,51748,51774,26
rising,51800,51774,51800,26
left_turning,51824,51800,51824,24
trotting,51855,51824,51855,31
rearing,51856,51855,51856,1
trotting,51899,51856,51899,43
left_turning,51933,51899,51933,34
rising,51943,51933,51943,10
climbing,51977,51943,51977,34
rising,52013,51977,52013,36
rearing,52014,52013,52014,1
sniffing,52018,52014,52018,4
walking,52031,52018,52031,13
sniffing,52080,52031,52080,49
left_turning,52118,52080,52118,38
sniffing,52345,52118,52345,227
walking,52368,52345,52368,23
stepping,52441,52368,52441,73
right_turning,52504,52441,52504,63
walking,52604,52504,52604,100
trotting,52610,52604,52610,6
left_turning,52617,52610,52617,7
stepping,52698,52617,52698,81
climbing,52753,52698,52753,55
rearing,52754,52753,52754,1
climbing,52763,52754,52763,9
jumping,52839,52763,52839,76
hunching,52847,52839,52847,8
rising,52874,52847,52874,27
sniffing,52940,52874,52940,66
rearing,52979,52940,52979,39
sniffing,53028,52979,53028,49
right_turning,53045,53028,53045,17
stepping,53105,53045,53105,60
walking,53131,53105,53131,26
climbing,53167,53131,53167,36
rising,53168,53167,53168,1
rearing,53169,53168,53169,1
left_turning,53197,53169,53197,28
walking,53261,53197,53261,64
left_turning,53283,53261,53283,22
sniffing,53284,53283,53284,1
rearing,53304,53284,53304,20
grooming,53305,53304,53305,1
rearing,53306,53305,53306,1
jumping,53310,53306,53310,4
rising,53360,53310,53360,50
sniffing,53392,53360,53392,32
rising,53432,53392,53432,40
sniffing,53513,53432,53513,81
climbing,53529,53513,53529,16
rising,53568,53529,53568,39
climbing,53596,53568,53596,28
sniffing,53640,53596,53640,44
left_turning,53646,53640,53646,6
walking,53743,53646,53743,97
sniffing,53761,53743,53761,18
grooming,53798,53761,53798,37
walking,53814,53798,53814,16
sniffing,53947,53814,53947,133
trotting,53969,53947,53969,22
right_turning,53982,53969,53982,13
stepping,54003,53982,54003,21
rearing,54063,54003,54063,60
sniffing,54064,54063,54064,1
rising,54105,54064,54105,41
climbing,54136,54105,54136,31
rising,54137,54136,54137,1
walking,54198,54137,54198,61
left_turning,54234,54198,54234,36
sniffing,54299,54234,54299,65
walking,54300,54299,54300,1
sniffing,54422,54300,54422,122
climbing,54423,54422,54423,1
grooming,54424,54423,54424,1
rearing,54427,54424,54427,3
stepping,54513,54427,54513,86
sniffing,54687,54513,54687,174
rearing,54720,54687,54720,33
climbing,54790,54720,54790,70
rising,54883,54790,54883,93
climbing,54979,54883,54979,96
rising,55012,54979,55012,33
climbing,55067,55012,55067,55
sniffing,55184,55067,55184,117
left_turning,55303,55184,55303,119
walking,55304,55303,55304,1
sniffing,55305,55304,55305,1
hunching,55401,55305,55401,96
right_turning,55410,55401,55410,9
trotting,55463,55410,55463,53
sniffing,55464,55463,55464,1
grooming,55481,55464,55481,17
sniffing,55549,55481,55549,68
rising,55559,55549,55559,10
rearing,55617,55559,55617,58
sniffing,55730,55617,55730,113
left_turning,55741,55730,55741,11
running,55775,55741,55775,34
sniffing,55814,55775,55814,39
climbing,55890,55814,55890,76
walking,56017,55890,56017,127
rearing,56119,56017,56119,102
rising,56151,56119,56151,32
climbing,56161,56151,56161,10
sniffing,56296,56161,56296,135
rising,56309,56296,56309,13
sniffing,56310,56309,56310,1
rising,56366,56310,56366,56
left_turning,56378,56366,56378,12
walking,56447,56378,56447,69
rising,56448,56447,56448,1
right_turning,56453,56448,56453,5
walking,56455,56453,56455,2
trotting,56467,56455,56467,12
walking,56533,56467,56533,66
right_turning,56569,56533,56569,36
left_turning,56582,56569,56582,13
rising,56601,56582,56601,19
climbing,56629,56601,56629,28
running,56672,56629,56672,43
left_turning,56701,56672,56701,29
stepping,56717,56701,56717,16
left_turning,56718,56717,56718,1
rearing,56754,56718,56754,36
sniffing,56755,56754,56755,1
rising,56756,56755,56756,1
climbing,56824,56756,56824,68
rising,56825,56824,56825,1
climbing,56960,56825,56960,135
sniffing,56963,56960,56963,3
rising,57003,56963,57003,40
right_turning,57021,57003,57021,18
rising,57040,57021,57040,19
climbing,57120,57040,57120,80
running,57149,57120,57149,29
rising,57209,57149,57209,60
running,57246,57209,57246,37
sniffing,57255,57246,57255,9
right_turning,57274,57255,57274,19
climbing,57365,57274,57365,91
walking,57442,57365,57442,77
rising,57443,57442,57443,1
sniffing,57463,57443,57463,20
grooming,57549,57463,57549,86
rearing,57583,57549,57583,34
climbing,57760,57583,57760,177
rising,57761,57760,57761,1
jumping,57776,57761,57776,15
sniffing,57856,57776,57856,80
stepping,57882,57856,57882,26
sniffing,57993,57882,57993,111
hunching,58046,57993,58046,53
grooming,58142,58046,58142,96
rearing,58245,58142,58245,103
walking,58308,58245,58308,63
rising,58309,58308,58309,1
sniffing,58421,58309,58421,112
jumping,58801,58421,58801,380
walking,58880,58801,58880,79
rearing,58881,58880,58881,1
trotting,58917,58881,58917,36
walking,58947,58917,58947,30
sniffing,58977,58947,58977,30
climbing,59007,58977,59007,30
rising,59079,59007,59079,72
sniffing,59212,59079,59212,133
rearing,59213,59212,59213,1
rising,59274,59213,59274,61
sniffing,59407,59274,59407,133
left_turning,59484,59407,59484,77
sniffing,59508,59484,59508,24
right_turning,59534,59508,59534,26
walking,59563,59534,59563,29
running,59583,59563,59583,20
rising,59610,59583,59610,27
right_turning,59652,59610,59652,42
walking,59672,59652,59672,20
sniffing,59756,59672,59756,84
walking,59803,59756,59803,47
sniffing,59881,59803,59881,78
left_turning,59899,59881,59899,18
running,59934,59899,59934,35
left_turning,59955,59934,59955,21
walking,60008,59955,60008,53
sniffing,60080,60008,60080,72
rising,60081,60080,60081,1
sniffing,60206,60081,60206,125
climbing,60306,60206,60306,100
left_turning,60315,60306,60315,9
walking,60317,60315,60317,2
trotting,60340,60317,60340,23
walking,60341,60340,60341,1
left_turning,60342,60341,60342,1
walking,60373,60342,60373,31
rearing,60455,60373,60455,82
walking,60504,60455,60504,49
sniffing,60631,60504,60631,127
rising,60633,60631,60633,2
left_turning,60642,60633,60642,9
walking,60643,60642,60643,1
sniffing,60644,60643,60644,1
right_turning,60691,60644,60691,47
walking,60716,60691,60716,25
left_turning,60762,60716,60762,46
sniffing,60804,60762,60804,42
stepping,60809,60804,60809,5
sniffing,60847,60809,60847,38
left_turning,60885,60847,60885,38
walking,60966,60885,60966,81
rising,61002,60966,61002,36
rearing,61012,61002,61012,10
rising,61013,61012,61013,1
climbing,61066,61013,61066,53
rearing,61067,61066,61067,1
climbing,61122,61067,61122,55
rearing,61201,61122,61201,79
jumping,61531,61201,61531,330
right_turning,61573,61531,61573,42
walking,61624,61573,61624,51
sniffing,61798,61624,61798,174
left_turning,61819,61798,61819,21
rising,61855,61819,61855,36
climbing,61887,61855,61887,32
walking,61893,61887,61893,6
sniffing,61972,61893,61972,79
right_turning,61994,61972,61994,22
trotting,61995,61994,61995,1
rising,61996,61995,61996,1
climbing,62153,61996,62153,157
hunching,62194,62153,62194,41
right_turning,62234,62194,62234,40
walking,62290,62234,62290,56
jumping,62291,62290,62291,1
rearing,62469,62291,62469,178
rising,62495,62469,62495,26
climbing,62496,62495,62496,1
hunching,62540,62496,62540,44
grooming,62541,62540,62541,1
sniffing,62542,62541,62542,1
rising,62595,62542,62595,53
climbing,62671,62595,62671,76
rising,62784,62671,62784,113
sniffing,62894,62784,62894,110
walking,62925,62894,62925,31
trotting,62964,62925,62964,39
walking,63046,62964,63046,82
left_turning,63095,63046,63095,49
stepping,63145,63095,63145,50
jumping,63178,63145,63178,33
rising,63179,63178,63179,1
sniffing,63186,63179,63186,7
left_turning,63218,63186,63218,32
walking,63287,63218,63287,69
left_turning,63386,63287,63386,99
sniffing,63393,63386,63393,7
trotting,63462,63393,63462,69
sniffing,63554,63462,63554,92
walking,63578,63554,63578,24
sniffing,63610,63578,63610,32
rising,63684,63610,63684,74
walking,63685,63684,63685,1
sniffing,63783,63685,63783,98
rising,63811,63783,63811,28
sniffing,63882,63811,63882,71
rising,63883,63882,63883,1
climbing,63884,63883,63884,1
grooming,63885,63884,63885,1
sniffing,63922,63885,63922,37
trotting,63954,63922,63954,32
left_turning,63975,63954,63975,21
rising,64019,63975,64019,44
climbing,64067,64019,64067,48
right_turning,64138,64067,64138,71
trotting,64174,64138,64174,36
rising,64213,64174,64213,39
sniffing,64288,64213,64288,75
walking,64329,64288,64329,41
grooming,64350,64329,64350,21
hunching,64351,64350,64351,1
grooming,64377,64351,64377,26
climbing,64529,64377,64529,152
rearing,64530,64529,64530,1
grooming,64587,64530,64587,57
sniffing,64588,64587,64588,1
rising,64589,64588,64589,1
grooming,64652,64589,64652,63
sniffing,64744,64652,64744,92
left_turning,64801,64744,64801,57
sniffing,64872,64801,64872,71
trotting,64913,64872,64913,41
stepping,64914,64913,64914,1
running,64939,64914,64939,25
walking,65017,64939,65017,78
trotting,65018,65017,65018,1
walking,65033,65018,65033,15
sniffing,65124,65033,65124,91
right_turning,65185,65124,65185,61
trotting,65200,65185,65200,15
stepping,65232,65200,65232,32
sniffing,65300,65232,65300,68
climbing,65333,65300,65333,33
walking,65370,65333,65370,37
climbing,65485,65370,65485,115
rising,65486,65485,65486,1
climbing,65487,65486,65487,1
grooming,65488,65487,65488,1
sniffing,65623,65488,65623,135
climbing,65790,65623,65790,167
sniffing,65869,65790,65869,79
rearing,65919,65869,65919,50
walking,66039,65919,66039,120
left_turning,66092,66039,66092,53
walking,66136,66092,66136,44
sniffing,66184,66136,66184,48
rising,66195,66184,66195,11
sniffing,66542,66195,66542,347
climbing,66600,66542,66600,58
rearing,66706,66600,66706,106
sniffing,66707,66706,66707,1
left_turning,66743,66707,66743,36
walking,66811,66743,66811,68
rising,66852,66811,66852,41
sniffing,66902,66852,66902,50
walking,66919,66902,66919,17
stepping,66965,66919,66965,46
trotting,66999,66965,66999,34
hunching,67037,66999,67037,38
rising,67121,67037,67121,84
climbing,67165,67121,67165,44
grooming,67480,67165,67480,315
sniffing,67481,67480,67481,1
walking,67493,67481,67493,12
rising,67494,67493,67494,1
sniffing,67600,67494,67600,106
rising,67696,67600,67696,96
sniffing,67799,67696,67799,103
rising,67800,67799,67800,1
sniffing,67845,67800,67845,45
climbing,67917,67845,67917,72
sniffing,67932,67917,67932,15
climbing,68000,67932,68000,68
hunching,68079,68000,68079,79
right_turning,68080,68079,68080,1
stepping,68084,68080,68084,4
sniffing,68122,68084,68122,38
right_turning,68149,68122,68149,27
sniffing,68150,68149,68150,1
rearing,68235,68150,68235,85
grooming,68517,68235,68517,282
sniffing,68590,68517,68590,73
left_turning,68639,68590,68639,49
trotting,68690,68639,68690,51
walking,68739,68690,68739,49
climbing,68763,68739,68763,24
hunching,68783,68763,68783,20
sniffing,68849,68783,68849,66
walking,68862,68849,68862,13
sniffing,68936,68862,68936,74
left_turning,68963,68936,68963,27
sniffing,69049,68963,69049,86
climbing,69106,69049,69106,57
rearing,69178,69106,69178,72
walking,69217,69178,69217,39
sniffing,69218,69217,69218,1
right_turning,69257,69218,69257,39
climbing,69359,69257,69359,102
walking,69398,69359,69398,39
rising,69399,69398,69399,1
sniffing,69454,69399,69454,55
running,69483,69454,69483,29
right_turning,69504,69483,69504,21
walking,69568,69504,69568,64
climbing,69640,69568,69640,72
running,69657,69640,69657,17
left_turning,69681,69657,69681,24
climbing,69698,69681,69698,17
rising,69713,69698,69713,15
climbing,69790,69713,69790,77
walking,69822,69790,69822,32
sniffing,69983,69822,69983,161
left_turning,70016,69983,70016,33
sniffing,70163,70016,70163,147
rearing,70200,70163,70200,37
stepping,70251,70200,70251,51
right_turning,70261,70251,70261,10
stepping,70331,70261,70331,70
walking,70426,70331,70426,95
climbing,70478,70426,70478,52
sniffing,70504,70478,70504,26
walking,70535,70504,70535,31
sniffing,70554,70535,70554,19
stepping,70589,70554,70589,35
sniffing,70798,70589,70798,209
rising,70799,70798,70799,1
climbing,70800,70799,70800,1
walking,70801,70800,70801,1
sniffing,71005,70801,71005,204
left_turning,71014,71005,71014,9
walking,71079,71014,71079,65
sniffing,71080,71079,71080,1
walking,71123,71080,71123,43
stepping,71156,71123,71156,33
climbing,71172,71156,71172,16
rearing,71232,71172,71232,60
sniffing,71282,71232,71282,50
left_turning,71335,71282,71335,53
walking,71336,71335,71336,1
stepping,71415,71336,71415,79
left_turning,71451,71415,71451,36
trotting,71492,71451,71492,41
sniffing,71611,71492,71611,119
left_turning,71675,71611,71675,64
sniffing,71758,71675,71758,83
right_turning,71759,71758,71759,1
walking,71855,71759,71855,96
sniffing,71878,71855,71878,23
left_turning,71932,71878,71932,54
running,71961,71932,71961,29
left_turning,71984,71961,71984,23
sniffing,72029,71984,72029,45
right_turning,72048,72029,72048,19
walking,72072,72048,72072,24
rearing,72137,72072,72137,65
climbing,72175,72137,72175,38
sniffing,72178,72175,72178,3
stepping,72179,72178,72179,1
rising,72222,72179,72222,43
rearing,72261,72222,72261,39
running,72293,72261,72293,32
rearing,72324,72293,72324,31
sniffing,72368,72324,72368,44
right_turning,72376,72368,72376,8
sniffing,72442,72376,72442,66
grooming,72443,72442,72443,1
trotting,72492,72443,72492,49
climbing,72557,72492,72557,65
sniffing,72592,72557,72592,35
rising,72647,72592,72647,55
sniffing,72833,72647,72833,186
rising,72834,72833,72834,1
rearing,72835,72834,72835,1
hunching,72867,72835,72867,32
climbing,72899,72867,72899,32
sniffing,72988,72899,72988,89
stepping,73016,72988,73016,28
walking,73073,73016,73073,57
climbing,73153,73073,73153,80
rearing,73154,73153,73154,1
sniffing,73289,73154,73289,135
right_turning,73290,73289,73290,1
walking,73302,73290,73302,12
sniffing,73303,73302,73303,1
left_turning,73304,73303,73304,1
sniffing,73333,73304,73333,29
left_turning,73334,73333,73334,1
walking,73352,73334,73352,18
left_turning,73388,73352,73388,36
walking,73438,73388,73438,50
climbing,73463,73438,73463,25
running,73509,73463,73509,46
walking,73573,73509,73573,64
rising,73585,73573,73585,12
climbing,73586,73585,73586,1
sniffing,73700,73586,73700,114
running,73707,73700,73707,7
rearing,73738,73707,73738,31
sniffing,73902,73738,73902,164
walking,73946,73902,73946,44
left_turning,73973,73946,73973,27
sniffing,73997,73973,73997,24
climbing,74061,73997,74061,64
sniffing,74120,74061,74120,59
rising,74160,74120,74160,40
walking,74205,74160,74205,45
rearing,74293,74205,74293,88
grooming,74394,74293,74394,101
sniffing,74462,74394,74462,68
left_turning,74505,74462,74505,43
rearing,74556,74505,74556,51
climbing,74652,74556,74652,96
right_turning,74680,74652,74680,28
climbing,74756,74680,74756,76
rearing,74757,74756,74757,1
climbing,74792,74757,74792,35
left_turning,74875,74792,74875,83
walking,74876,74875,74876,1
sniffing,75013,74876,75013,137
walking,75058,75013,75058,45
climbing,75059,75058,75059,1
rearing,75151,75059,75151,92
rising,75261,75151,75261,110
walking,75321,75261,75321,60
rearing,75397,75321,75397,76
rising,75437,75397,75437,40
climbing,75470,75437,75470,33
left_turning,75505,75470,75505,35
walking,75569,75505,75569,64
rearing,75645,75569,75645,76
left_turning,75685,75645,75685,40
walking,75723,75685,75723,38
rising,75724,75723,75724,1
climbing,75755,75724,75755,31
walking,75768,75755,75768,13
sniffing,75790,75768,75790,22
rising,75822,75790,75822,32
rearing,75871,75822,75871,49
climbing,75872,75871,75872,1
rising,75906,75872,75906,34
sniffing,76027,75906,76027,121
walking,76029,76027,76029,2
rising,76096,76029,76096,67
climbing,76142,76096,76142,46
walking,76166,76142,76166,24
right_turning,76176,76166,76176,10
walking,76256,76176,76256,80
climbing,76324,76256,76324,68
right_turning,76342,76324,76342,18
walking,76365,76342,76365,23
left_turning,76369,76365,76369,4
walking,76442,76369,76442,73
stepping,76460,76442,76460,18
trotting,76480,76460,76480,20
walking,76510,76480,76510,30
sniffing,76543,76510,76543,33
rising,76544,76543,76544,1
climbing,76561,76544,76561,17
rearing,76611,76561,76611,50
climbing,76612,76611,76612,1
rising,76633,76612,76633,21
left_turning,76644,76633,76644,11
sniffing,76700,76644,76700,56
left_turning,76752,76700,76752,52
sniffing,76914,76752,76914,162
rearing,77010,76914,77010,96
sniffing,77113,77010,77113,103
rising,77145,77113,77145,32
rearing,77169,77145,77169,24
left_turning,77188,77169,77188,19
sniffing,77269,77188,77269,81
right_turning,77284,77269,77284,15
left_turning,77400,77284,77400,116
climbing,77501,77400,77501,101
walking,77563,77501,77563,62
rearing,77575,77563,77575,12
rising,77649,77575,77649,74
climbing,77650,77649,77650,1
rising,77694,77650,77694,44
sniffing,77920,77694,77920,226
rising,77939,77920,77939,19
walking,77983,77939,77983,44
sniffing,77999,77983,77999,16
climbing,78074,77999,78074,75
right_turning,78102,78074,78102,28
trotting,78108,78102,78108,6
sniffing,78150,78108,78150,42
rising,78157,78150,78157,7
walking,78201,78157,78201,44
rising,78202,78201,78202,1
walking,78267,78202,78267,65
sniffing,78334,78267,78334,67
grooming,78459,78334,78459,125
rearing,78486,78459,78486,27
grooming,78544,78486,78544,58
hunching,78669,78544,78669,125
sniffing,78670,78669,78670,1
walking,78755,78670,78755,85
rising,78793,78755,78793,38
sniffing,78811,78793,78811,18
walking,78834,78811,78834,23
rising,78853,78834,78853,19
sniffing,78897,78853,78897,44
left_turning,78942,78897,78942,45
sniffing,78961,78942,78961,19
rearing,78962,78961,78962,1
left_turning,78999,78962,78999,37
walking,79025,78999,79025,26
stepping,79029,79025,79029,4
rising,79068,79029,79068,39
climbing,79084,79068,79084,16
hunching,79148,79084,79148,64
climbing,79212,79148,79212,64
sniffing,79266,79212,79266,54
left_turning,79348,79266,79348,82
trotting,79367,79348,79367,19
rising,79384,79367,79384,17
climbing,79506,79384,79506,122
sniffing,79507,79506,79507,1
left_turning,79541,79507,79541,34
sniffing,79591,79541,79591,50
rising,79695,79591,79695,104
left_turning,79707,79695,79707,12
trotting,79762,79707,79762,55
walking,79794,79762,79794,32
right_turning,79850,79794,79850,56
sniffing,79935,79850,79935,85
rising,79999,79935,79999,64
sniffing,80007,79999,80007,8
trotting,80044,80007,80044,37
sniffing,80045,80044,80045,1
climbing,80128,80045,80128,83
right_turning,80195,80128,80195,67
stepping,80239,80195,80239,44
rising,80293,80239,80293,54
sniffing,80294,80293,80294,1
rising,80341,80294,80341,47
grooming,80509,80341,80509,168
rearing,80581,80509,80581,72
rising,80583,80581,80583,2
climbing,80667,80583,80667,84
sniffing,80724,80667,80724,57
left_turning,80869,80724,80869,145
sniffing,80920,80869,80920,51
left_turning,80921,80920,80921,1
walking,81028,80921,81028,107
sniffing,81029,81028,81029,1
pausing,81243,81029,81243,214
sniffing,81277,81243,81277,34
rising,81278,81277,81278,1
rearing,81328,81278,81328,50
left_turning,81367,81328,81367,39
sniffing,81372,81367,81372,5
stepping,81387,81372,81387,15
rising,81393,81387,81393,6
walking,81458,81393,81458,65
rising,81489,81458,81489,31
climbing,81529,81489,81529,40
grooming,81683,81529,81683,154
sniffing,81802,81683,81802,119
rising,81814,81802,81814,12
sniffing,81915,81814,81915,101
rising,81916,81915,81916,1
climbing,81917,81916,81917,1
sniffing,81918,81917,81918,1
rising,81927,81918,81927,9
climbing,81928,81927,81928,1
hunching,81929,81928,81929,1
rising,81942,81929,81942,13
walking,81961,81942,81961,19
sniffing,81962,81961,81962,1
walking,82000,81962,82000,38
sniffing,82001,82000,82001,1
left_turning,82028,82001,82028,27
sniffing,82115,82028,82115,87
walking,82116,82115,82116,1
sniffing,82117,82116,82117,1
rearing,82118,82117,82118,1
hunching,82171,82118,82171,53
sniffing,82172,82171,82172,1
rising,82184,82172,82184,12
left_turning,82225,82184,82225,41
trotting,82297,82225,82297,72
sniffing,82322,82297,82322,25
walking,82410,82322,82410,88
running,82421,82410,82421,11
rising,82438,82421,82438,17
climbing,82610,82438,82610,172
sniffing,82715,82610,82715,105
right_turning,82760,82715,82760,45
running,82783,82760,82783,23
trotting,82850,82783,82850,67
sniffing,82851,82850,82851,1
rearing,82894,82851,82894,43
sniffing,83010,82894,83010,116
rearing,83020,83010,83020,10
rising,83049,83020,83049,29
sniffing,83153,83049,83153,104
running,83183,83153,83183,30
sniffing,83218,83183,83218,35
walking,83266,83218,83266,48
left_turning,83318,83266,83318,52
trotting,83321,83318,83321,3
sniffing,83323,83321,83323,2
rising,83324,83323,83324,1
walking,83325,83324,83325,1
climbing,83326,83325,83326,1
sniffing,83327,83326,83327,1
rising,83363,83327,83363,36
hunching,83438,83363,83438,75
sniffing,83498,83438,83498,60
rising,83591,83498,83591,93
climbing,83646,83591,83646,55
rearing,83680,83646,83680,34
left_turning,83718,83680,83718,38
sniffing,83751,83718,83751,33
grooming,83791,83751,83791,40
rising,83869,83791,83869,78
sniffing,84001,83869,84001,132
rising,84002,84001,84002,1
sniffing,84061,84002,84061,59
rising,84080,84061,84080,19
climbing,84126,84080,84126,46
stepping,84140,84126,84140,14
walking,84247,84140,84247,107
hunching,84332,84247,84332,85
grooming,84735,84332,84735,403
climbing,84834,84735,84834,99
walking,84891,84834,84891,57
rearing,85097,84891,85097,206
rising,85197,85097,85197,100
sniffing,85198,85197,85198,1
right_turning,85221,85198,85221,23
stepping,85277,85221,85277,56
walking,85338,85277,85338,61
rising,85362,85338,85362,24
climbing,85442,85362,85442,80
sniffing,85443,85442,85443,1
grooming,85505,85443,85505,62
rearing,85530,85505,85530,25
walking,85547,85530,85547,17
sniffing,85629,85547,85629,82
climbing,85630,85629,85630,1
hunching,85705,85630,85705,75
rising,85765,85705,85765,60
stepping,85828,85765,85828,63
walking,85907,85828,85907,79
stepping,85945,85907,85945,38
left_turning,85986,85945,85986,41
sniffing,85987,85986,85987,1
left_turning,86023,85987,86023,36
rising,86030,86023,86030,7
rearing,86069,86030,86069,39
grooming,86144,86069,86144,75
rearing,86271,86144,86271,127
left_turning,86298,86271,86298,27
trotting,86321,86298,86321,23
hunching,86379,86321,86379,58
grooming,86816,86379,86816,437
rearing,86890,86816,86890,74
climbing,86998,86890,86998,108
rearing,87064,86998,87064,66
climbing,87065,87064,87065,1
sniffing,87066,87065,87066,1
walking,87079,87066,87079,13
sniffing,87119,87079,87119,40
rising,87120,87119,87120,1
climbing,87132,87120,87132,12
hunching,87168,87132,87168,36
rearing,87169,87168,87169,1
walking,87216,87169,87216,47
stepping,87244,87216,87244,28
sniffing,87245,87244,87245,1
walking,87369,87245,87369,124
climbing,87437,87369,87437,68
sniffing,87494,87437,87494,57
rising,87497,87494,87497,3
rearing,87529,87497,87529,32
sniffing,87567,87529,87567,38
left_turning,87568,87567,87568,1
walking,87586,87568,87586,18
stepping,87600,87586,87600,14
sniffing,87611,87600,87611,11
climbing,87612,87611,87612,1
rearing,87657,87612,87657,45
rising,87681,87657,87681,24
rearing,87708,87681,87708,27
climbing,87709,87708,87709,1
walking,87779,87709,87779,70
sniffing,87780,87779,87780,1
climbing,87916,87780,87916,136
left_turning,87959,87916,87959,43
trotting,88001,87959,88001,42
walking,88051,88001,88051,50
sniffing,88149,88051,88149,98
rearing,88150,88149,88150,1
grooming,88686,88150,88686,536
hunching,88704,88686,88704,18
left_turning,88727,88704,88727,23
sniffing,88728,88727,88728,1
stepping,88753,88728,88753,25
sniffing,88998,88753,88998,245
walking,89009,88998,89009,11
sniffing,89114,89009,89114,105
trotting,89145,89114,89145,31
left_turning,89186,89145,89186,41
sniffing,89241,89186,89241,55
walking,89325,89241,89325,84
trotting,89329,89325,89329,4
walking,89379,89329,89379,50
stepping,89402,89379,89402,23
jumping,89462,89402,89462,60
sniffing,89625,89462,89625,163
rising,89626,89625,89626,1
climbing,89660,89626,89660,34
walking,89745,89660,89745,85
sniffing,89805,89745,89805,60
climbing,89883,89805,89883,78
rising,89923,89883,89923,40
climbing,89924,89923,89924,1
hunching,89996,89924,89996,72
climbing,90083,89996,90083,87
sniffing,90184,90083,90184,101
walking,90185,90184,90185,1
rearing,90186,90185,90186,1
right_turning,90187,90186,90187,1
rising,90256,90187,90256,69
sniffing,90469,90256,90469,213
rising,90470,90469,90470,1
left_turning,90507,90470,90507,37
walking,90554,90507,90554,47
left_turning,90559,90554,90559,5
sniffing,90667,90559,90667,108
grooming,90920,90667,90920,253
left_turning,90943,90920,90943,23
rising,91019,90943,91019,76
right_turning,91098,91019,91098,79
walking,91111,91098,91111,13
stepping,91171,91111,91171,60
rising,91216,91171,91216,45
sniffing,91374,91216,91374,158
stepping,91387,91374,91387,13
climbing,91435,91387,91435,48
sniffing,91495,91435,91495,60
pausing,91621,91495,91621,126
sniffing,91700,91621,91700,79
rising,91767,91700,91767,67
sniffing,91932,91767,91932,165
rearing,91997,91932,91997,65
rising,92002,91997,92002,5
hunching,92050,92002,92050,48
rearing,92103,92050,92103,53
sniffing,92268,92103,92268,165
running,92293,92268,92293,25
trotting,92294,92293,92294,1
walking,92372,92294,92372,78
sniffing,92457,92372,92457,85
climbing,92541,92457,92541,84
sniffing,92756,92541,92756,215
left_turning,92810,92756,92810,54
walking,92913,92810,92913,103
climbing,92983,92913,92983,70
trotting,92992,92983,92992,9
sniffing,93036,92992,93036,44
rising,93040,93036,93040,4
climbing,93060,93040,93060,20
sniffing,93061,93060,93061,1
rising,93133,93061,93133,72
sniffing,93156,93133,93156,23
rising,93184,93156,93184,28
sniffing,93228,93184,93228,44
rearing,93257,93228,93257,29
sniffing,93258,93257,93258,1
climbing,93377,93258,93377,119
sniffing,93435,93377,93435,58
grooming,93719,93435,93719,284
rearing,93801,93719,93801,82
right_turning,93822,93801,93822,21
walking,93844,93822,93844,22
left_turning,93850,93844,93850,6
stepping,93872,93850,93872,22
sniffing,93893,93872,93893,21
walking,93947,93893,93947,54
climbing,94051,93947,94051,104
sniffing,94143,94051,94143,92
stepping,94168,94143,94168,25
walking,94169,94168,94169,1
climbing,94201,94169,94201,32
rising,94308,94201,94308,107
climbing,94434,94308,94434,126
sniffing,94486,94434,94486,52
right_turning,94506,94486,94506,20
walking,94568,94506,94568,62
sniffing,94576,94568,94576,8
rising,94644,94576,94644,68
climbing,94680,94644,94680,36
walking,94693,94680,94693,13
climbing,94854,94693,94854,161
grooming,95043,94854,95043,189
sniffing,95096,95043,95096,53
climbing,95182,95096,95182,86
walking,95221,95182,95221,39
stepping,95272,95221,95272,51
walking,95277,95272,95277,5
sniffing,95328,95277,95328,51
stepping,95350,95328,95350,22
walking,95424,95350,95424,74
trotting,95501,95424,95501,77
sniffing,95502,95501,95502,1
stepping,95531,95502,95531,29
walking,95618,95531,95618,87
sniffing,95815,95618,95815,197
left_turning,95863,95815,95863,48
sniffing,95972,95863,95972,109
walking,96006,95972,96006,34
climbing,96094,96006,96094,88
grooming,96095,96094,96095,1
hunching,96137,96095,96137,42
climbing,96207,96137,96207,70
walking,96219,96207,96219,12
sniffing,96332,96219,96332,113
walking,96386,96332,96386,54
left_turning,96387,96386,96387,1
sniffing,96528,96387,96528,141
rising,96580,96528,96580,52
climbing,96581,96580,96581,1
right_turning,96582,96581,96582,1
walking,96583,96582,96583,1
climbing,96767,96583,96767,184
left_turning,96799,96767,96799,32
sniffing,97045,96799,97045,246
right_turning,97090,97045,97090,45
stepping,97153,97090,97153,63
walking,97203,97153,97203,50
sniffing,97268,97203,97268,65
climbing,97269,97268,97269,1
rearing,97546,97269,97546,277
rising,97605,97546,97605,59
sniffing,97751,97605,97751,146
left_turning,97780,97751,97780,29
walking,97792,97780,97792,12
sniffing,97858,97792,97858,66
left_turning,97885,97858,97885,27
sniffing,98038,97885,98038,153
hunching,98039,98038,98039,1
rising,98041,98039,98041,2
climbing,98075,98041,98075,34
sniffing,98114,98075,98114,39
stepping,98168,98114,98168,54
trotting,98225,98168,98225,57
walking,98226,98225,98226,1
sniffing,98229,98226,98229,3
rearing,98266,98229,98266,37
climbing,98267,98266,98267,1
grooming,98268,98267,98268,1
climbing,98269,98268,98269,1
sniffing,98385,98269,98385,116
grooming,98605,98385,98605,220
sniffing,98806,98605,98806,201
trotting,98845,98806,98845,39
sniffing,98902,98845,98902,57
climbing,98903,98902,98903,1
left_turning,98925,98903,98925,22
rising,98975,98925,98975,50
climbing,99056,98975,99056,81
right_turning,99097,99056,99097,41
walking,99172,99097,99172,75
sniffing,99362,99172,99362,190
rising,99376,99362,99376,14
sniffing,99412,99376,99412,36
stepping,99467,99412,99467,55
climbing,99468,99467,99468,1
rearing,99672,99468,99672,204
grooming,99706,99672,99706,34
rearing,99864,99706,99864,158
grooming,99865,99864,99865,1
sniffing,99884,99865,99884,19
left_turning,99888,99884,99888,4
sniffing,99928,99888,99928,40
rising,99948,99928,99948,20
sniffing,100141,99948,100141,193
rising,100221,100141,100221,80
sniffing,100375,100221,100375,154
pausing,100702,100375,100702,327
sniffing,100765,100702,100765,63
stepping,100854,100765,100854,89
rising,100855,100854,100855,1
climbing,100892,100855,100892,37
grooming,100893,100892,100893,1
climbing,100982,100893,100982,89
rising,100997,100982,100997,15
climbing,101074,100997,101074,77
sniffing,101122,101074,101122,48
left_turning,101165,101122,101165,43
walking,101234,101165,101234,69
rising,101309,101234,101309,75
sniffing,101373,101309,101373,64
climbing,101419,101373,101419,46
grooming,101506,101419,101506,87
sniffing,101601,101506,101601,95
climbing,101713,101601,101713,112
hunching,101793,101713,101793,80
sniffing,101885,101793,101885,92
rising,101901,101885,101901,16
pausing,102073,101901,102073,172
sniffing,102266,102073,102266,193
climbing,102303,102266,102303,37
rising,102714,102303,102714,411
climbing,102800,102714,102800,86
running,102810,102800,102810,10
rising,102907,102810,102907,97
climbing,102924,102907,102924,17
sniffing,102958,102924,102958,34
hunching,103003,102958,103003,45
left_turning,103084,103003,103084,81
running,103110,103084,103110,26
trotting,103119,103110,103119,9
rising,103209,103119,103209,90
climbing,103319,103209,103319,110
rising,103326,103319,103326,7
sniffing,103366,103326,103366,40
pausing,103538,103366,103538,172
sniffing,103671,103538,103671,133
grooming,103672,103671,103672,1
rearing,103697,103672,103697,25
sniffing,103779,103697,103779,82
walking,103871,103779,103871,92
sniffing,103872,103871,103872,1
hunching,103904,103872,103904,32
rearing,103940,103904,103940,36
sniffing,103941,103940,103941,1
hunching,103974,103941,103974,33
climbing,104009,103974,104009,35
rearing,104010,104009,104010,1
sniffing,104015,104010,104015,5
rising,104074,104015,104074,59
sniffing,104193,104074,104193,119
running,104200,104193,104200,7
sniffing,104374,104200,104374,174
right_turning,104403,104374,104403,29
sniffing,104404,104403,104404,1
left_turning,104444,104404,104444,40
sniffing,104643,104444,104643,199
left_turning,104682,104643,104682,39
walking,104739,104682,104739,57
rising,104766,104739,104766,27
climbing,104767,104766,104767,1
sniffing,104828,104767,104828,61
right_turning,104829,104828,104829,1
stepping,104900,104829,104900,71
rearing,104914,104900,104914,14
grooming,105127,104914,105127,213
rearing,105167,105127,105167,40
rising,105215,105167,105215,48
sniffing,105308,105215,105308,93
rising,105385,105308,105385,77
climbing,105442,105385,105442,57
sniffing,105574,105442,105574,132
rising,105626,105574,105626,52
climbing,105850,105626,105850,224
sniffing,105947,105850,105947,97
right_turning,105979,105947,105979,32
sniffing,106110,105979,106110,131
rising,106161,106110,106161,51
climbing,106228,106161,106228,67
hunching,106250,106228,106250,22
right_turning,106318,106250,106318,68
walking,106319,106318,106319,1
right_turning,106350,106319,106350,31
climbing,106403,106350,106403,53
left_turning,106440,106403,106440,37
trotting,106460,106440,106460,20
sniffing,106532,106460,106532,72
walking,106562,106532,106562,30
sniffing,106588,106562,106588,26
rising,106811,106588,106811,223
rearing,106838,106811,106838,27
rising,106911,106838,106911,73
trotting,106929,106911,106929,18
rising,106980,106929,106980,51
climbing,107119,106980,107119,139
sniffing,107162,107119,107162,43
walking,107170,107162,107170,8
sniffing,107181,107170,107181,11
walking,107226,107181,107226,45
rising,107277,107226,107277,51
stepping,107298,107277,107298,21
sniffing,107454,107298,107454,156
climbing,107467,107454,107467,13
trotting,107489,107467,107489,22
sniffing,107545,107489,107545,56
rising,107546,107545,107546,1
walking,107599,107546,107599,53
climbing,107707,107599,107707,108
hunching,107814,107707,107814,107
grooming,107849,107814,107849,35
rearing,107910,107849,107910,61
grooming,107911,107910,107911,1
hunching,107933,107911,107933,22
rising,108000,107933,108000,67
