revised_movement_label,segBoundary,segBoundary_start,segBoundary_end,length
trotting,17,0,17,17
rising,103,17,103,86
sniffing,160,103,160,57
rising,286,160,286,126
climbing,336,286,336,50
sniffing,413,336,413,77
grooming,480,413,480,67
climbing,489,480,489,9
rearing,490,489,490,1
walking,566,490,566,76
sniffing,567,566,567,1
rising,605,567,605,38
climbing,606,605,606,1
sniffing,688,606,688,82
walking,763,688,763,75
sniffing,857,763,857,94
rising,858,857,858,1
sniffing,873,858,873,15
rising,881,873,881,8
climbing,928,881,928,47
walking,994,928,994,66
sniffing,1044,994,1044,50
stepping,1075,1044,1075,31
climbing,1103,1075,1103,28
rising,1148,1103,1148,45
trotting,1169,1148,1169,21
sniffing,1273,1169,1273,104
rearing,1349,1273,1349,76
hunching,1370,1349,1370,21
rearing,1423,1370,1423,53
sniffing,1503,1423,1503,80
walking,1504,1503,1504,1
right_turning,1559,1504,1559,55
trotting,1566,1559,1566,7
walking,1592,1566,1592,26
sniffing,1646,1592,1646,54
trotting,1675,1646,1675,29
sniffing,1676,1675,1676,1
climbing,1718,1676,1718,42
sniffing,1755,1718,1755,37
walking,1789,1755,1789,34
left_turning,1798,1789,1798,9
sniffing,1893,1798,1893,95
rising,1894,1893,1894,1
right_turning,1895,1894,1895,1
walking,1896,1895,1896,1
sniffing,1955,1896,1955,59
grooming,1956,1955,1956,1
rearing,2112,1956,2112,156
sniffing,2140,2112,2140,28
climbing,2187,2140,2187,47
sniffing,2267,2187,2267,80
left_turning,2280,2267,2280,13
sniffing,2371,2280,2371,91
trotting,2406,2371,2406,35
left_turning,2500,2406,2500,94
sniffing,2547,2500,2547,47
stepping,2612,2547,2612,65
rising,2625,2612,2625,13
walking,2648,2625,2648,23
sniffing,2684,2648,2684,36
right_turning,2750,2684,2750,66
climbing,2813,2750,2813,63
rising,2858,2813,2858,45
left_turning,2885,2858,2885,27
sniffing,2887,2885,2887,2
rearing,2963,2887,2963,76
climbing,2964,2963,2964,1
left_turning,2982,2964,2982,18
trotting,3026,2982,3026,44
walking,3079,3026,3079,53
rising,3104,3079,3104,25
walking,3143,3104,3143,39
climbing,3181,3143,3181,38
sniffing,3194,3181,3194,13
left_turning,3197,3194,3197,3
walking,3269,3197,3269,72
sniffing,3314,3269,3314,45
walking,3329,3314,3329,15
trotting,3381,3329,3381,52
walking,3469,3381,3469,88
trotting,3509,3469,3509,40
running,3538,3509,3538,29
sniffing,3623,3538,3623,85
hunching,3665,3623,3665,42
rearing,3815,3665,3815,150
climbing,3866,3815,3866,51
walking,3898,3866,3898,32
rising,3980,3898,3980,82
climbing,4026,3980,4026,46
sniffing,4184,4026,4184,158
walking,4237,4184,4237,53
sniffing,4340,4237,4340,103
right_turning,4388,4340,4388,48
stepping,4452,4388,4452,64
rising,4496,4452,4496,44
sniffing,4497,4496,4497,1
rising,4557,4497,4557,60
sniffing,4605,4557,4605,48
walking,4639,4605,4639,34
climbing,4651,4639,4651,12
rising,4652,4651,4652,1
climbing,4803,4652,4803,151
walking,4804,4803,4804,1
sniffing,4848,4804,4848,44
hunching,4849,4848,4849,1
rearing,4850,4849,4850,1
sniffing,4912,4850,4912,62
walking,4972,4912,4972,60
right_turning,4973,4972,4973,1
walking,5003,4973,5003,30
sniffing,5039,5003,5039,36
trotting,5076,5039,5076,37
sniffing,5301,5076,5301,225
rising,5302,5301,5302,1
left_turning,5334,5302,5334,32
stepping,5382,5334,5382,48
walking,5383,5382,5383,1
running,5420,5383,5420,37
sniffing,5506,5420,5506,86
walking,5516,5506,5516,10
sniffing,5534,5516,5534,18
rising,5570,5534,5570,36
climbing,5675,5570,5675,105
sniffing,5705,5675,5705,30
rising,5751,5705,5751,46
sniffing,5752,5751,5752,1
left_turning,5807,5752,5807,55
sniffing,5843,5807,5843,36
rising,5873,5843,5873,30
climbing,5874,5873,5874,1
walking,5911,5874,5911,37
climbing,5940,5911,5940,29
hunching,5966,5940,5966,26
grooming,6064,5966,6064,98
sniffing,6078,6064,6078,14
climbing,6079,6078,6079,1
sniffing,6080,6079,6080,1
walking,6107,6080,6107,27
left_turning,6108,6107,6108,1
running,6129,6108,6129,21
sniffing,6130,6129,6130,1
walking,6161,6130,6161,31
running,6185,6161,6185,24
sniffing,6272,6185,6272,87
walking,6292,6272,6292,20
stepping,6297,6292,6297,5
walking,6348,6297,6348,51
sniffing,6396,6348,6396,48
walking,6409,6396,6409,13
left_turning,6464,6409,6464,55
sniffing,6465,6464,6465,1
left_turning,6473,6465,6473,8
walking,6474,6473,6474,1
sniffing,6621,6474,6621,147
left_turning,6627,6621,6627,6
sniffing,6651,6627,6651,24
climbing,6694,6651,6694,43
trotting,6733,6694,6733,39
stepping,6774,6733,6774,41
climbing,6803,6774,6803,29
rising,6804,6803,6804,1
sniffing,6913,6804,6913,109
climbing,6977,6913,6977,64
walking,7024,6977,7024,47
sniffing,7035,7024,7035,11
walking,7057,7035,7057,22
climbing,7152,7057,7152,95
running,7176,7152,7176,24
sniffing,7222,7176,7222,46
walking,7313,7222,7313,91
stepping,7331,7313,7331,18
trotting,7374,7331,7374,43
grooming,7396,7374,7396,22
rising,7482,7396,7482,86
sniffing,7522,7482,7522,40
walking,7536,7522,7536,14
trotting,7555,7536,7555,19
sniffing,7556,7555,7556,1
walking,7580,7556,7580,24
sniffing,7581,7580,7581,1
climbing,7645,7581,7645,64
walking,7694,7645,7694,49
trotting,7695,7694,7695,1
left_turning,7714,7695,7714,19
sniffing,7743,7714,7743,29
climbing,7773,7743,7773,30
walking,7874,7773,7874,101
sniffing,7875,7874,7875,1
climbing,7876,7875,7876,1
walking,7910,7876,7910,34
climbing,7971,7910,7971,61
trotting,7972,7971,7972,1
grooming,7989,7972,7989,17
rising,8060,7989,8060,71
sniffing,8061,8060,8061,1
climbing,8104,8061,8104,43
rearing,8114,8104,8114,10
grooming,8264,8114,8264,150
sniffing,8265,8264,8265,1
left_turning,8302,8265,8302,37
trotting,8326,8302,8326,24
climbing,8337,8326,8337,11
right_turning,8344,8337,8344,7
trotting,8403,8344,8403,59
sniffing,8579,8403,8579,176
walking,8673,8579,8673,94
left_turning,8674,8673,8674,1
sniffing,8776,8674,8776,102
left_turning,8822,8776,8822,46
sniffing,8823,8822,8823,1
climbing,8865,8823,8865,42
sniffing,8905,8865,8905,40
rising,8932,8905,8932,27
left_turning,8992,8932,8992,60
stepping,9020,8992,9020,28
walking,9060,9020,9060,40
stepping,9119,9060,9119,59
sniffing,9248,9119,9248,129
rearing,9253,9248,9253,5
sniffing,9319,9253,9319,66
climbing,9338,9319,9338,19
sniffing,9349,9338,9349,11
rising,9350,9349,9350,1
sniffing,9434,9350,9434,84
trotting,9460,9434,9460,26
walking,9540,9460,9540,80
sniffing,9587,9540,9587,47
climbing,9785,9587,9785,198
rearing,9853,9785,9853,68
sniffing,9866,9853,9866,13
trotting,9889,9866,9889,23
sniffing,9890,9889,9890,1
left_turning,9981,9890,9981,91
walking,9982,9981,9982,1
rising,10016,9982,10016,34
sniffing,10072,10016,10072,56
left_turning,10145,10072,10145,73
sniffing,10146,10145,10146,1
rising,10147,10146,10147,1
climbing,10157,10147,10157,10
sniffing,10258,10157,10258,101
trotting,10273,10258,10273,15
walking,10325,10273,10325,52
sniffing,10426,10325,10426,101
climbing,10453,10426,10453,27
rearing,10546,10453,10546,93
rising,10564,10546,10564,18
climbing,10655,10564,10655,91
running,10676,10655,10676,21
trotting,10715,10676,10715,39
sniffing,10716,10715,10716,1
left_turning,10780,10716,10780,64
walking,10808,10780,10808,28
rearing,10831,10808,10831,23
rising,10905,10831,10905,74
walking,10975,10905,10975,70
climbing,11019,10975,11019,44
trotting,11025,11019,11025,6
sniffing,11026,11025,11026,1
rising,11036,11026,11036,10
climbing,11088,11036,11088,52
sniffing,11089,11088,11089,1
left_turning,11090,11089,11090,1
sniffing,11174,11090,11174,84
pausing,11531,11174,11531,357
walking,11533,11531,11533,2
sniffing,11542,11533,11542,9
trotting,11593,11542,11593,51
walking,11614,11593,11614,21
sniffing,11643,11614,11643,29
left_turning,11644,11643,11644,1
sniffing,11711,11644,11711,67
left_turning,11752,11711,11752,41
rising,11760,11752,11760,8
walking,11774,11760,11774,14
sniffing,11850,11774,11850,76
grooming,11859,11850,11859,9
sniffing,11895,11859,11895,36
pausing,12215,11895,12215,320
sniffing,12278,12215,12278,63
right_turning,12298,12278,12298,20
sniffing,12321,12298,12321,23
left_turning,12343,12321,12343,22
sniffing,12425,12343,12425,82
rising,12465,12425,12465,40
left_turning,12483,12465,12483,18
sniffing,12484,12483,12484,1
left_turning,12485,12484,12485,1
sniffing,12486,12485,12486,1
right_turning,12525,12486,12525,39
running,12568,12525,12568,43
sniffing,12674,12568,12674,106
trotting,12725,12674,12725,51
sniffing,12734,12725,12734,9
left_turning,12780,12734,12780,46
sniffing,12883,12780,12883,103
rising,12929,12883,12929,46
sniffing,13004,12929,13004,75
walking,13005,13004,13005,1
sniffing,13034,13005,13034,29
trotting,13079,13034,13079,45
rising,13130,13079,13130,51
climbing,13210,13130,13210,80
sniffing,13351,13210,13351,141
walking,13402,13351,13402,51
stepping,13403,13402,13403,1
right_turning,13426,13403,13426,23
walking,13487,13426,13487,61
sniffing,13488,13487,13488,1
left_turning,13489,13488,13489,1
stepping,13572,13489,13572,83
climbing,13631,13572,13631,59
rising,13672,13631,13672,41
sniffing,13747,13672,13747,75
climbing,13816,13747,13816,69
rising,13981,13816,13981,165
sniffing,14078,13981,14078,97
left_turning,14090,14078,14090,12
trotting,14128,14090,14128,38
sniffing,14166,14128,14166,38
left_turning,14168,14166,14168,2
walking,14188,14168,14188,20
climbing,14230,14188,14230,42
walking,14276,14230,14276,46
sniffing,14380,14276,14380,104
climbing,14459,14380,14459,79
trotting,14480,14459,14480,21
sniffing,14485,14480,14485,5
rising,14486,14485,14486,1
sniffing,14517,14486,14517,31
rising,14518,14517,14518,1
walking,14599,14518,14599,81
right_turning,14627,14599,14627,28
sniffing,14628,14627,14628,1
climbing,14660,14628,14660,32
walking,14740,14660,14740,80
stepping,14787,14740,14787,47
sniffing,14805,14787,14805,18
walking,14866,14805,14866,61
stepping,14927,14866,14927,61
sniffing,14928,14927,14928,1
climbing,14961,14928,14961,33
rising,15007,14961,15007,46
sniffing,15010,15007,15010,3
rising,15053,15010,15053,43
sniffing,15076,15053,15076,23
walking,15088,15076,15088,12
sniffing,15136,15088,15136,48
right_turning,15160,15136,15160,24
stepping,15213,15160,15213,53
left_turning,15234,15213,15234,21
rising,15312,15234,15312,78
walking,15339,15312,15339,27
rising,15364,15339,15364,25
climbing,15402,15364,15402,38
rising,15443,15402,15443,41
sniffing,15615,15443,15615,172
rising,15652,15615,15652,37
climbing,15725,15652,15725,73
rising,15760,15725,15760,35
walking,15761,15760,15761,1
sniffing,15829,15761,15829,68
climbing,15868,15829,15868,39
rising,15869,15868,15869,1
walking,15947,15869,15947,78
sniffing,16013,15947,16013,66
running,16056,16013,16056,43
right_turning,16057,16056,16057,1
walking,16097,16057,16097,40
rising,16107,16097,16107,10
climbing,16217,16107,16217,110
sniffing,16282,16217,16282,65
climbing,16334,16282,16334,52
walking,16335,16334,16335,1
sniffing,16391,16335,16391,56
left_turning,16480,16391,16480,89
trotting,16518,16480,16518,38
stepping,16555,16518,16555,37
left_turning,16592,16555,16592,37
rearing,16718,16592,16718,126
walking,16719,16718,16719,1
right_turning,16720,16719,16720,1
rearing,16747,16720,16747,27
climbing,16842,16747,16842,95
rising,16914,16842,16914,72
sniffing,16969,16914,16969,55
climbing,17032,16969,17032,63
sniffing,17112,17032,17112,80
trotting,17194,17112,17194,82
walking,17223,17194,17223,29
right_turning,17255,17223,17255,32
sniffing,17308,17255,17308,53
climbing,17364,17308,17364,56
walking,17376,17364,17376,12
sniffing,17664,17376,17664,288
walking,17737,17664,17737,73
left_turning,17793,17737,17793,56
sniffing,17795,17793,17795,2
left_turning,17825,17795,17825,30
trotting,17854,17825,17854,29
walking,17903,17854,17903,49
trotting,17917,17903,17917,14
sniffing,17995,17917,17995,78
rising,18037,17995,18037,42
climbing,18068,18037,18068,31
rising,18080,18068,18080,12
walking,18112,18080,18112,32
rising,18171,18112,18171,59
climbing,18198,18171,18198,27
sniffing,18199,18198,18199,1
climbing,18246,18199,18246,47
rearing,18362,18246,18362,116
trotting,18428,18362,18428,66
rising,18429,18428,18429,1
sniffing,18503,18429,18503,74
left_turning,18564,18503,18564,61
running,18579,18564,18579,15
sniffing,18611,18579,18611,32
left_turning,18676,18611,18676,65
sniffing,18709,18676,18709,33
trotting,18742,18709,18742,33
rising,18764,18742,18764,22
climbing,18801,18764,18801,37
sniffing,18901,18801,18901,100
left_turning,18957,18901,18957,56
sniffing,18995,18957,18995,38
walking,19018,18995,19018,23
sniffing,19029,19018,19029,11
left_turning,19030,19029,19030,1
walking,19031,19030,19031,1
right_turning,19070,19031,19070,39
climbing,19111,19070,19111,41
sniffing,19112,19111,19112,1
running,19138,19112,19138,26
right_turning,19170,19138,19170,32
stepping,19171,19170,19171,1
hunching,19172,19171,19172,1
climbing,19189,19172,19189,17
rising,19190,19189,19190,1
sniffing,19209,19190,19209,19
left_turning,19243,19209,19243,34
rising,19278,19243,19278,35
climbing,19307,19278,19307,29
trotting,19349,19307,19349,42
sniffing,19373,19349,19373,24
left_turning,19382,19373,19382,9
walking,19489,19382,19489,107
stepping,19567,19489,19567,78
sniffing,19589,19567,19589,22
rising,19597,19589,19597,8
climbing,19638,19597,19638,41
stepping,19666,19638,19666,28
left_turning,19747,19666,19747,81
sniffing,19755,19747,19755,8
walking,19805,19755,19805,50
sniffing,19806,19805,19806,1
rearing,19903,19806,19903,97
climbing,20006,19903,20006,103
rising,20052,20006,20052,46
climbing,20108,20052,20108,56
sniffing,20138,20108,20138,30
climbing,20139,20138,20139,1
left_turning,20208,20139,20208,69
sniffing,20226,20208,20226,18
walking,20251,20226,20251,25
stepping,20281,20251,20281,30
sniffing,20333,20281,20333,52
rising,20355,20333,20355,22
running,20395,20355,20395,40
sniffing,20416,20395,20416,21
climbing,20432,20416,20432,16
rearing,20454,20432,20454,22
rising,20466,20454,20466,12
left_turning,20493,20466,20493,27
sniffing,20526,20493,20526,33
walking,20600,20526,20600,74
sniffing,20719,20600,20719,119
right_turning,20724,20719,20724,5
stepping,20751,20724,20751,27
left_turning,20792,20751,20792,41
rising,20835,20792,20835,43
sniffing,20836,20835,20836,1
trotting,20892,20836,20892,56
sniffing,20916,20892,20916,24
right_turning,20957,20916,20957,41
walking,20979,20957,20979,22
right_turning,21043,20979,21043,64
stepping,21094,21043,21094,51
climbing,21153,21094,21153,59
sniffing,21297,21153,21297,144
right_turning,21366,21297,21366,69
trotting,21395,21366,21395,29
walking,21470,21395,21470,75
stepping,21505,21470,21505,35
sniffing,21594,21505,21594,89
walking,21616,21594,21616,22
left_turning,21641,21616,21641,25
sniffing,21650,21641,21650,9
rising,21702,21650,21702,52
sniffing,21815,21702,21815,113
trotting,21874,21815,21874,59
walking,21875,21874,21875,1
climbing,21877,21875,21877,2
sniffing,21946,21877,21946,69
right_turning,21955,21946,21955,9
trotting,21997,21955,21997,42
sniffing,21998,21997,21998,1
right_turning,22014,21998,22014,16
walking,22015,22014,22015,1
climbing,22085,22015,22085,70
trotting,22147,22085,22147,62
sniffing,22196,22147,22196,49
walking,22213,22196,22213,17
sniffing,22259,22213,22259,46
left_turning,22325,22259,22325,66
climbing,22442,22325,22442,117
sniffing,22745,22442,22745,303
climbing,22843,22745,22843,98
rising,22879,22843,22879,36
sniffing,22880,22879,22880,1
left_turning,22944,22880,22944,64
walking,23005,22944,23005,61
left_turning,23014,23005,23014,9
trotting,23048,23014,23048,34
left_turning,23065,23048,23065,17
walking,23153,23065,23153,88
sniffing,23303,23153,23303,150
rising,23304,23303,23304,1
sniffing,23335,23304,23335,31
left_turning,23336,23335,23336,1
walking,23337,23336,23337,1
rising,23413,23337,23413,76
walking,23433,23413,23433,20
climbing,23521,23433,23521,88
trotting,23549,23521,23549,28
rising,23595,23549,23595,46
climbing,23714,23595,23714,119
sniffing,23734,23714,23734,20
left_turning,23736,23734,23736,2
stepping,23784,23736,23784,48
sniffing,23828,23784,23828,44
climbing,23869,23828,23869,41
right_turning,23925,23869,23925,56
walking,23997,23925,23997,72
stepping,23998,23997,23998,1
rising,23999,23998,23999,1
sniffing,24000,23999,24000,1
rearing,24061,24000,24061,61
sniffing,24179,24061,24179,118
rearing,24207,24179,24207,28
left_turning,24247,24207,24247,40
sniffing,24351,24247,24351,104
left_turning,24428,24351,24428,77
sniffing,24517,24428,24517,89
walking,24573,24517,24573,56
climbing,24631,24573,24631,58
sniffing,24719,24631,24719,88
walking,24789,24719,24789,70
stepping,24848,24789,24848,59
sniffing,24898,24848,24898,50
left_turning,24982,24898,24982,84
walking,25048,24982,25048,66
rising,25146,25048,25146,98
rearing,25155,25146,25155,9
sniffing,25156,25155,25156,1
rising,25157,25156,25157,1
trotting,25224,25157,25224,67
rising,25284,25224,25284,60
climbing,25362,25284,25362,78
sniffing,25412,25362,25412,50
walking,25443,25412,25443,31
sniffing,25488,25443,25488,45
walking,25489,25488,25489,1
stepping,25569,25489,25569,80
left_turning,25576,25569,25576,7
sniffing,25625,25576,25625,49
walking,25674,25625,25674,49
rising,25749,25674,25749,75
walking,25882,25749,25882,133
sniffing,26000,25882,26000,118
right_turning,26034,26000,26034,34
sniffing,26121,26034,26121,87
walking,26163,26121,26163,42
sniffing,26178,26163,26178,15
walking,26210,26178,26210,32
left_turning,26251,26210,26251,41
rising,26253,26251,26253,2
walking,26261,26253,26261,8
sniffing,26303,26261,26303,42
rising,26329,26303,26329,26
climbing,26379,26329,26379,50
sniffing,26417,26379,26417,38
walking,26418,26417,26418,1
sniffing,26480,26418,26480,62
walking,26511,26480,26511,31
sniffing,26512,26511,26512,1
walking,26594,26512,26594,82
climbing,26644,26594,26644,50
sniffing,26645,26644,26645,1
walking,26748,26645,26748,103
sniffing,26781,26748,26781,33
rising,26807,26781,26807,26
climbing,26844,26807,26844,37
rising,26895,26844,26895,51
climbing,26946,26895,26946,51
rising,27008,26946,27008,62
grooming,27104,27008,27104,96
climbing,27183,27104,27183,79
left_turning,27184,27183,27184,1
walking,27185,27184,27185,1
rising,27186,27185,27186,1
sniffing,27300,27186,27300,114
left_turning,27301,27300,27301,1
trotting,27302,27301,27302,1
rising,27303,27302,27303,1
grooming,27480,27303,27480,177
sniffing,27569,27480,27569,89
walking,27666,27569,27666,97
sniffing,27762,27666,27762,96
left_turning,27805,27762,27805,43
trotting,27869,27805,27869,64
walking,27870,27869,27870,1
sniffing,27921,27870,27921,51
rising,27967,27921,27967,46
climbing,28088,27967,28088,121
rising,28117,28088,28117,29
climbing,28118,28117,28118,1
sniffing,28170,28118,28170,52
trotting,28194,28170,28194,24
sniffing,28279,28194,28279,85
rising,28340,28279,28340,61
sniffing,28341,28340,28341,1
left_turning,28366,28341,28366,25
rising,28367,28366,28367,1
climbing,28441,28367,28441,74
right_turning,28513,28441,28513,72
walking,28546,28513,28546,33
sniffing,28672,28546,28672,126
rising,28727,28672,28727,55
sniffing,28792,28727,28792,65
left_turning,28819,28792,28819,27
sniffing,28844,28819,28844,25
rising,28870,28844,28870,26
trotting,28882,28870,28882,12
sniffing,29135,28882,29135,253
rearing,29136,29135,29136,1
rising,29137,29136,29137,1
climbing,29196,29137,29196,59
walking,29239,29196,29239,43
sniffing,29255,29239,29255,16
rising,29292,29255,29292,37
sniffing,29525,29292,29525,233
climbing,29583,29525,29583,58
right_turning,29584,29583,29584,1
trotting,29598,29584,29598,14
walking,29678,29598,29678,80
left_turning,29740,29678,29740,62
walking,29760,29740,29760,20
stepping,29803,29760,29803,43
climbing,29852,29803,29852,49
rearing,29950,29852,29950,98
rising,29991,29950,29991,41
sniffing,30133,29991,30133,142
climbing,30177,30133,30177,44
grooming,30221,30177,30221,44
rising,30222,30221,30222,1
walking,30289,30222,30289,67
rising,30297,30289,30297,8
walking,30347,30297,30347,50
climbing,30442,30347,30442,95
hunching,30443,30442,30443,1
walking,30470,30443,30470,27
left_turning,30497,30470,30497,27
sniffing,30498,30497,30498,1
rising,30507,30498,30507,9
climbing,30604,30507,30604,97
rising,30619,30604,30619,15
climbing,30640,30619,30640,21
sniffing,30641,30640,30641,1
rising,30721,30641,30721,80
left_turning,30743,30721,30743,22
sniffing,30788,30743,30788,45
walking,30830,30788,30830,42
sniffing,30915,30830,30915,85
running,30965,30915,30965,50
walking,30985,30965,30985,20
sniffing,31025,30985,31025,40
climbing,31069,31025,31069,44
trotting,31079,31069,31079,10
sniffing,31251,31079,31251,172
climbing,31252,31251,31252,1
sniffing,31416,31252,31416,164
left_turning,31430,31416,31430,14
sniffing,31459,31430,31459,29
right_turning,31504,31459,31504,45
walking,31549,31504,31549,45
sniffing,31680,31549,31680,131
climbing,31751,31680,31751,71
hunching,31844,31751,31844,93
sniffing,31900,31844,31900,56
rising,31914,31900,31914,14
right_turning,31939,31914,31939,25
stepping,31975,31939,31975,36
sniffing,31980,31975,31980,5
rising,31983,31980,31983,3
sniffing,32058,31983,32058,75
walking,32062,32058,32062,4
sniffing,32063,32062,32063,1
rising,32107,32063,32107,44
sniffing,32145,32107,32145,38
stepping,32182,32145,32182,37
rising,32256,32182,32256,74
climbing,32280,32256,32280,24
sniffing,32337,32280,32337,57
right_turning,32366,32337,32366,29
sniffing,32413,32366,32413,47
stepping,32468,32413,32468,55
walking,32522,32468,32522,54
right_turning,32573,32522,32573,51
walking,32620,32573,32620,47
trotting,32638,32620,32638,18
sniffing,32673,32638,32673,35
walking,32715,32673,32715,42
sniffing,32771,32715,32771,56
right_turning,32785,32771,32785,14
sniffing,32865,32785,32865,80
stepping,32866,32865,32866,1
sniffing,32978,32866,32978,112
walking,32990,32978,32990,12
climbing,33022,32990,33022,32
rising,33051,33022,33051,29
climbing,33057,33051,33057,6
sniffing,33165,33057,33165,108
climbing,33166,33165,33166,1
sniffing,33260,33166,33260,94
left_turning,33264,33260,33264,4
rising,33308,33264,33308,44
left_turning,33326,33308,33326,18
walking,33355,33326,33355,29
climbing,33360,33355,33360,5
trotting,33386,33360,33386,26
left_turning,33422,33386,33422,36
sniffing,33476,33422,33476,54
walking,33520,33476,33520,44
stepping,33562,33520,33562,42
walking,33563,33562,33563,1
sniffing,33564,33563,33564,1
trotting,33604,33564,33604,40
stepping,33617,33604,33617,13
walking,33715,33617,33715,98
sniffing,33748,33715,33748,33
climbing,33813,33748,33813,65
rising,33854,33813,33854,41
walking,33876,33854,33876,22
rising,33893,33876,33893,17
climbing,33979,33893,33979,86
walking,33980,33979,33980,1
sniffing,34281,33980,34281,301
walking,34321,34281,34321,40
stepping,34322,34321,34322,1
sniffing,34450,34322,34450,128
grooming,34594,34450,34594,144
sniffing,34607,34594,34607,13
stepping,34680,34607,34680,73
left_turning,34681,34680,34681,1
sniffing,34713,34681,34713,32
rising,34758,34713,34758,45
stepping,34796,34758,34796,38
sniffing,34936,34796,34936,140
grooming,35397,34936,35397,461
rearing,35423,35397,35423,26
climbing,35424,35423,35424,1
walking,35483,35424,35483,59
rising,35500,35483,35500,17
climbing,35529,35500,35529,29
rearing,35596,35529,35596,67
grooming,35605,35596,35605,9
rearing,35606,35605,35606,1
hunching,35640,35606,35640,34
climbing,35641,35640,35641,1
rearing,35731,35641,35731,90
rising,35735,35731,35735,4
walking,35769,35735,35769,34
left_turning,35864,35769,35864,95
walking,35925,35864,35925,61
running,35955,35925,35955,30
walking,36009,35955,36009,54
hunching,36053,36009,36053,44
grooming,36281,36053,36281,228
climbing,36296,36281,36296,15
walking,36319,36296,36319,23
sniffing,36334,36319,36334,15
left_turning,36362,36334,36362,28
trotting,36396,36362,36396,34
walking,36446,36396,36446,50
climbing,36504,36446,36504,58
left_turning,36542,36504,36542,38
running,36554,36542,36554,12
walking,36580,36554,36580,26
rearing,36581,36580,36581,1
sniffing,36582,36581,36582,1
stepping,36594,36582,36594,12
sniffing,36632,36594,36632,38
stepping,36662,36632,36662,30
sniffing,36791,36662,36791,129
rising,36818,36791,36818,27
left_turning,36829,36818,36829,11
sniffing,36915,36829,36915,86
rising,36931,36915,36931,16
grooming,36932,36931,36932,1
climbing,36994,36932,36994,62
rearing,37123,36994,37123,129
sniffing,37174,37123,37174,51
right_turning,37203,37174,37203,29
walking,37277,37203,37277,74
sniffing,37326,37277,37326,49
left_turning,37343,37326,37343,17
rising,37384,37343,37384,41
rearing,37455,37384,37455,71
sniffing,37523,37455,37523,68
climbing,37597,37523,37597,74
sniffing,37690,37597,37690,93
hunching,37764,37690,37764,74
grooming,37902,37764,37902,138
sniffing,37922,37902,37922,20
rising,37978,37922,37978,56
walking,38004,37978,38004,26
climbing,38089,38004,38089,85
right_turning,38126,38089,38126,37
trotting,38133,38126,38133,7
walking,38172,38133,38172,39
rising,38253,38172,38253,81
climbing,38254,38253,38254,1
rising,38273,38254,38273,19
grooming,38312,38273,38312,39
rising,38313,38312,38313,1
climbing,38351,38313,38351,38
left_turning,38352,38351,38352,1
walking,38369,38352,38369,17
sniffing,38370,38369,38370,1
trotting,38409,38370,38409,39
walking,38466,38409,38466,57
sniffing,38928,38466,38928,462
right_turning,38930,38928,38930,2
sniffing,38931,38930,38931,1
climbing,38992,38931,38992,61
sniffing,39016,38992,39016,24
pausing,39238,39016,39238,222
sniffing,39276,39238,39276,38
climbing,39333,39276,39333,57
left_turning,39350,39333,39350,17
walking,39402,39350,39402,52
rising,39403,39402,39403,1
rearing,39412,39403,39412,9
rising,39455,39412,39455,43
climbing,39535,39455,39535,80
sniffing,39538,39535,39538,3
walking,39584,39538,39584,46
sniffing,39646,39584,39646,62
climbing,39715,39646,39715,69
rising,39716,39715,39716,1
climbing,39762,39716,39762,46
sniffing,39803,39762,39803,41
walking,39852,39803,39852,49
rising,39887,39852,39887,35
climbing,39904,39887,39904,17
walking,39986,39904,39986,82
sniffing,40016,39986,40016,30
climbing,40017,40016,40017,1
sniffing,40018,40017,40018,1
rising,40019,40018,40019,1
sniffing,40112,40019,40112,93
walking,40135,40112,40135,23
climbing,40147,40135,40147,12
rearing,40222,40147,40222,75
sniffing,40223,40222,40223,1
trotting,40262,40223,40262,39
sniffing,40346,40262,40346,84
rising,40366,40346,40366,20
left_turning,40367,40366,40367,1
trotting,40386,40367,40386,19
sniffing,40542,40386,40542,156
left_turning,40578,40542,40578,36
climbing,40599,40578,40599,21
left_turning,40637,40599,40637,38
sniffing,40746,40637,40746,109
walking,40801,40746,40801,55
trotting,40859,40801,40859,58
walking,40868,40859,40868,9
running,40890,40868,40890,22
rising,40941,40890,40941,51
trotting,40986,40941,40986,45
sniffing,40987,40986,40987,1
left_turning,41050,40987,41050,63
walking,41108,41050,41108,58
sniffing,41134,41108,41134,26
rising,41171,41134,41171,37
sniffing,41172,41171,41172,1
climbing,41189,41172,41189,17
walking,41190,41189,41190,1
trotting,41227,41190,41227,37
climbing,41258,41227,41258,31
rising,41312,41258,41312,54
climbing,41313,41312,41313,1
running,41319,41313,41319,6
rising,41338,41319,41338,19
sniffing,41382,41338,41382,44
rising,41383,41382,41383,1
rearing,41430,41383,41430,47
grooming,41431,41430,41431,1
hunching,41580,41431,41580,149
sniffing,41581,41580,41581,1
climbing,41642,41581,41642,61
hunching,41717,41642,41717,75
climbing,41747,41717,41747,30
hunching,41789,41747,41789,42
rearing,41790,41789,41790,1
sniffing,41799,41790,41799,9
walking,41847,41799,41847,48
rising,41886,41847,41886,39
rearing,41968,41886,41968,82
jumping,42090,41968,42090,122
rising,42128,42090,42128,38
right_turning,42129,42128,42129,1
trotting,42153,42129,42153,24
walking,42217,42153,42217,64
stepping,42264,42217,42264,47
climbing,42305,42264,42305,41
rising,42342,42305,42342,37
climbing,42381,42342,42381,39
rising,42451,42381,42451,70
climbing,42532,42451,42532,81
running,42560,42532,42560,28
rising,42644,42560,42644,84
sniffing,42645,42644,42645,1
left_turning,42672,42645,42672,27
sniffing,42791,42672,42791,119
rising,42792,42791,42792,1
right_turning,42838,42792,42838,46
walking,42925,42838,42925,87
climbing,43011,42925,43011,86
rising,43075,43011,43075,64
sniffing,43076,43075,43076,1
rising,43131,43076,43131,55
sniffing,43155,43131,43155,24
grooming,43370,43155,43370,215
right_turning,43386,43370,43386,16
trotting,43413,43386,43413,27
walking,43414,43413,43414,1
sniffing,43476,43414,43476,62
rising,43540,43476,43540,64
sniffing,43553,43540,43553,13
left_turning,43605,43553,43605,52
sniffing,43606,43605,43606,1
climbing,43607,43606,43607,1
sniffing,43648,43607,43648,41
rising,43655,43648,43655,7
climbing,43746,43655,43746,91
right_turning,43747,43746,43747,1
trotting,43758,43747,43758,11
left_turning,43788,43758,43788,30
sniffing,43892,43788,43892,104
walking,43903,43892,43903,11
sniffing,43904,43903,43904,1
rising,43949,43904,43949,45
left_turning,43992,43949,43992,43
sniffing,43994,43992,43994,2
rising,44074,43994,44074,80
sniffing,44084,44074,44084,10
walking,44118,44084,44118,34
rising,44186,44118,44186,68
climbing,44267,44186,44267,81
hunching,44283,44267,44283,16
right_turning,44284,44283,44284,1
walking,44332,44284,44332,48
sniffing,44391,44332,44391,59
climbing,44533,44391,44533,142
walking,44563,44533,44563,30
climbing,44636,44563,44636,73
rearing,44664,44636,44664,28
rising,44774,44664,44774,110
climbing,44775,44774,44775,1
left_turning,44859,44775,44859,84
walking,44860,44859,44860,1
sniffing,44955,44860,44955,95
grooming,44956,44955,44956,1
sniffing,44957,44956,44957,1
walking,45073,44957,45073,116
rearing,45074,45073,45074,1
hunching,45075,45074,45075,1
stepping,45121,45075,45121,46
sniffing,45122,45121,45122,1
rearing,45161,45122,45161,39
running,45179,45161,45179,18
sniffing,45286,45179,45286,107
rearing,45287,45286,45287,1
grooming,45368,45287,45368,81
sniffing,45516,45368,45516,148
left_turning,45602,45516,45602,86
climbing,45721,45602,45721,119
sniffing,45747,45721,45747,26
right_turning,45758,45747,45758,11
stepping,45784,45758,45784,26
walking,45811,45784,45811,27
climbing,45910,45811,45910,99
sniffing,45977,45910,45977,67
walking,46023,45977,46023,46
sniffing,46089,46023,46089,66
rising,46153,46089,46153,64
climbing,46238,46153,46238,85
sniffing,46307,46238,46307,69
rising,46351,46307,46351,44
rearing,46368,46351,46368,17
running,46410,46368,46410,42
sniffing,46411,46410,46411,1
hunching,46502,46411,46502,91
climbing,46599,46502,46599,97
hunching,46625,46599,46625,26
walking,46687,46625,46687,62
sniffing,46688,46687,46688,1
right_turning,46724,46688,46724,36
walking,46762,46724,46762,38
stepping,46763,46762,46763,1
sniffing,46895,46763,46895,132
trotting,46898,46895,46898,3
walking,46931,46898,46931,33
climbing,47025,46931,47025,94
walking,47045,47025,47045,20
climbing,47144,47045,47144,99
rearing,47197,47144,47197,53
sniffing,47304,47197,47304,107
climbing,47345,47304,47345,41
trotting,47366,47345,47366,21
sniffing,47443,47366,47443,77
left_turning,47468,47443,47468,25
sniffing,47497,47468,47497,29
walking,47541,47497,47541,44
rising,47604,47541,47604,63
climbing,47702,47604,47702,98
running,47734,47702,47734,32
stepping,47751,47734,47751,17
sniffing,47807,47751,47807,56
trotting,47872,47807,47872,65
left_turning,47873,47872,47873,1
sniffing,47934,47873,47934,61
walking,47947,47934,47947,13
sniffing,47991,47947,47991,44
walking,48007,47991,48007,16
sniffing,48076,48007,48076,69
left_turning,48104,48076,48104,28
running,48145,48104,48145,41
left_turning,48168,48145,48168,23
walking,48183,48168,48183,15
climbing,48233,48183,48233,50
left_turning,48261,48233,48261,28
sniffing,48279,48261,48279,18
climbing,48359,48279,48359,80
hunching,48482,48359,48482,123
right_turning,48507,48482,48507,25
trotting,48561,48507,48561,54
sniffing,48562,48561,48562,1
walking,48563,48562,48563,1
left_turning,48602,48563,48602,39
walking,48618,48602,48618,16
sniffing,48948,48618,48948,330
grooming,48949,48948,48949,1
rearing,48981,48949,48981,32
climbing,48982,48981,48982,1
rising,48983,48982,48983,1
rearing,49050,48983,49050,67
rising,49066,49050,49066,16
climbing,49067,49066,49067,1
walking,49103,49067,49103,36
trotting,49137,49103,49137,34
stepping,49147,49137,49147,10
walking,49217,49147,49217,70
stepping,49266,49217,49266,49
sniffing,49288,49266,49288,22
trotting,49289,49288,49289,1
sniffing,49386,49289,49386,97
trotting,49443,49386,49443,57
rearing,49536,49443,49536,93
rising,49619,49536,49619,83
running,49683,49619,49683,64
climbing,49721,49683,49721,38
walking,49722,49721,49722,1
rearing,49762,49722,49762,40
rising,49803,49762,49803,41
climbing,49891,49803,49891,88
sniffing,49971,49891,49971,80
climbing,50033,49971,50033,62
rising,50039,50033,50039,6
climbing,50078,50039,50078,39
rising,50087,50078,50087,9
climbing,50103,50087,50103,16
sniffing,50104,50103,50104,1
stepping,50152,50104,50152,48
sniffing,50153,50152,50153,1
rearing,50175,50153,50175,22
sniffing,50220,50175,50220,45
trotting,50222,50220,50222,2
walking,50223,50222,50223,1
right_turning,50240,50223,50240,17
walking,50302,50240,50302,62
rising,50323,50302,50323,21
climbing,50387,50323,50387,64
rearing,50405,50387,50405,18
rising,50505,50405,50505,100
sniffing,50859,50505,50859,354
right_turning,50926,50859,50926,67
left_turning,50968,50926,50968,42
walking,50972,50968,50972,4
climbing,51169,50972,51169,197
grooming,51183,51169,51183,14
hunching,51193,51183,51193,10
sniffing,51262,51193,51262,69
rising,51289,51262,51289,27
climbing,51290,51289,51290,1
hunching,51332,51290,51332,42
rising,51376,51332,51376,44
right_turning,51412,51376,51412,36
running,51453,51412,51453,41
trotting,51454,51453,51454,1
stepping,51482,51454,51482,28
rising,51492,51482,51492,10
climbing,51518,51492,51518,26
sniffing,51519,51518,51519,1
trotting,51534,51519,51534,15
sniffing,51621,51534,51621,87
rising,51646,51621,51646,25
sniffing,51691,51646,51691,45
hunching,51692,51691,51692,1
climbing,51783,51692,51783,91
rearing,51870,51783,51870,87
sniffing,52017,51870,52017,147
walking,52033,52017,52033,16
climbing,52061,52033,52061,28
sniffing,52062,52061,52062,1
rising,52078,52062,52078,16
sniffing,52166,52078,52166,88
pausing,52476,52166,52476,310
sniffing,52527,52476,52527,51
left_turning,52563,52527,52563,36
trotting,52592,52563,52592,29
sniffing,52659,52592,52659,67
walking,52660,52659,52660,1
sniffing,52661,52660,52661,1
climbing,52751,52661,52751,90
right_turning,52774,52751,52774,23
left_turning,52820,52774,52820,46
sniffing,52821,52820,52821,1
walking,52835,52821,52835,14
climbing,52874,52835,52874,39
rising,52938,52874,52938,64
climbing,53085,52938,53085,147
rising,53110,53085,53110,25
grooming,53274,53110,53274,164
hunching,53299,53274,53299,25
right_turning,53308,53299,53308,9
rising,53309,53308,53309,1
rearing,53310,53309,53310,1
hunching,53331,53310,53331,21
stepping,53339,53331,53339,8
left_turning,53340,53339,53340,1
stepping,53359,53340,53359,19
rearing,53360,53359,53360,1
left_turning,53364,53360,53364,4
sniffing,53365,53364,53365,1
right_turning,53366,53365,53366,1
walking,53411,53366,53411,45
sniffing,53650,53411,53650,239
rising,53653,53650,53653,3
climbing,53679,53653,53679,26
right_turning,53685,53679,53685,6
trotting,53731,53685,53731,46
rising,53740,53731,53740,9
climbing,53767,53740,53767,27
rearing,53812,53767,53812,45
grooming,54043,53812,54043,231
trotting,54055,54043,54055,12
climbing,54136,54055,54136,81
sniffing,54216,54136,54216,80
walking,54237,54216,54237,21
sniffing,54247,54237,54247,10
trotting,54268,54247,54268,21
walking,54309,54268,54309,41
sniffing,54368,54309,54368,59
walking,54400,54368,54400,32
rising,54421,54400,54421,21
grooming,54597,54421,54597,176
climbing,54618,54597,54618,21
sniffing,54694,54618,54694,76
hunching,54767,54694,54767,73
climbing,54804,54767,54804,37
hunching,54833,54804,54833,29
right_turning,54884,54833,54884,51
sniffing,54984,54884,54984,100
pausing,55074,54984,55074,90
sniffing,55137,55074,55137,63
walking,55142,55137,55142,5
rearing,55183,55142,55183,41
rising,55238,55183,55238,55
sniffing,55352,55238,55352,114
climbing,55354,55352,55354,2
rearing,55412,55354,55412,58
climbing,55452,55412,55452,40
sniffing,55553,55452,55553,101
walking,55554,55553,55554,1
climbing,55586,55554,55586,32
right_turning,55587,55586,55587,1
stepping,55612,55587,55612,25
sniffing,55767,55612,55767,155
stepping,55787,55767,55787,20
walking,55795,55787,55795,8
left_turning,55838,55795,55838,43
trotting,55857,55838,55857,19
sniffing,55858,55857,55858,1
left_turning,55878,55858,55878,20
stepping,55947,55878,55947,69
rising,56021,55947,56021,74
sniffing,56144,56021,56144,123
grooming,56237,56144,56237,93
rising,56249,56237,56249,12
rearing,56291,56249,56291,42
rising,56298,56291,56298,7
rearing,56349,56298,56349,51
rising,56374,56349,56374,25
hunching,56375,56374,56375,1
climbing,56392,56375,56392,17
sniffing,56425,56392,56425,33
grooming,56426,56425,56426,1
rearing,56456,56426,56456,30
climbing,56457,56456,56457,1
sniffing,56495,56457,56495,38
left_turning,56522,56495,56522,27
sniffing,56656,56522,56656,134
stepping,56706,56656,56706,50
sniffing,56857,56706,56857,151
walking,56962,56857,56962,105
rising,57049,56962,57049,87
left_turning,57124,57049,57124,75
trotting,57141,57124,57141,17
stepping,57144,57141,57144,3
walking,57225,57144,57225,81
rising,57294,57225,57294,69
climbing,57366,57294,57366,72
hunching,57435,57366,57435,69
rearing,57459,57435,57459,24
hunching,57509,57459,57509,50
sniffing,57555,57509,57555,46
stepping,57573,57555,57573,18
walking,57642,57573,57642,69
rising,57643,57642,57643,1
right_turning,57680,57643,57680,37
left_turning,57683,57680,57683,3
climbing,57799,57683,57799,116
running,57820,57799,57820,21
walking,57821,57820,57821,1
hunching,57840,57821,57840,19
climbing,57910,57840,57910,70
walking,57931,57910,57931,21
sniffing,57932,57931,57932,1
grooming,57933,57932,57933,1
rearing,57973,57933,57973,40
climbing,57974,57973,57974,1
rising,57996,57974,57996,22
jumping,58137,57996,58137,141
right_turning,58147,58137,58147,10
walking,58190,58147,58190,43
stepping,58232,58190,58232,42
sniffing,58283,58232,58283,51
left_turning,58284,58283,58284,1
trotting,58335,58284,58335,51
climbing,58477,58335,58477,142
rearing,58593,58477,58593,116
grooming,58658,58593,58658,65
hunching,58692,58658,58692,34
rising,58763,58692,58763,71
grooming,58917,58763,58917,154
sniffing,59029,58917,59029,112
walking,59037,59029,59037,8
sniffing,59140,59037,59140,103
walking,59141,59140,59141,1
rising,59157,59141,59157,16
sniffing,59209,59157,59209,52
trotting,59280,59209,59280,71
rearing,59374,59280,59374,94
sniffing,59395,59374,59395,21
walking,59454,59395,59454,59
right_turning,59474,59454,59474,20
climbing,59542,59474,59542,68
sniffing,59629,59542,59629,87
walking,59655,59629,59655,26
rising,59684,59655,59684,29
climbing,59769,59684,59769,85
grooming,59869,59769,59869,100
sniffing,59933,59869,59933,64
walking,59958,59933,59958,25
trotting,59959,59958,59959,1
sniffing,60001,59959,60001,42
climbing,60066,60001,60066,65
walking,60110,60066,60110,44
climbing,60226,60110,60226,116
sniffing,60305,60226,60305,79
climbing,60328,60305,60328,23
rising,60362,60328,60362,34
grooming,60363,60362,60363,1
walking,60383,60363,60383,20
stepping,60413,60383,60413,30
sniffing,60527,60413,60527,114
left_turning,60542,60527,60542,15
climbing,60579,60542,60579,37
sniffing,60695,60579,60695,116
trotting,60723,60695,60723,28
rising,60751,60723,60751,28
climbing,60770,60751,60770,19
trotting,60771,60770,60771,1
stepping,60809,60771,60809,38
climbing,60913,60809,60913,104
rising,60941,60913,60941,28
climbing,61039,60941,61039,98
rising,61044,61039,61044,5
sniffing,61105,61044,61105,61
walking,61157,61105,61157,52
rising,61201,61157,61201,44
trotting,61262,61201,61262,61
walking,61330,61262,61330,68
rising,61331,61330,61331,1
climbing,61360,61331,61360,29
walking,61400,61360,61400,40
jumping,61526,61400,61526,126
right_turning,61571,61526,61571,45
rising,61590,61571,61590,19
right_turning,61614,61590,61614,24
rising,61628,61614,61628,14
sniffing,61763,61628,61763,135
stepping,61772,61763,61772,9
walking,61828,61772,61828,56
sniffing,61852,61828,61852,24
walking,61895,61852,61895,43
sniffing,61898,61895,61898,3
climbing,61924,61898,61924,26
trotting,61974,61924,61974,50
rising,61994,61974,61994,20
climbing,61995,61994,61995,1
running,62032,61995,62032,37
left_turning,62040,62032,62040,8
sniffing,62148,62040,62148,108
walking,62149,62148,62149,1
climbing,62211,62149,62211,62
rising,62311,62211,62311,100
climbing,62459,62311,62459,148
rising,62516,62459,62516,57
rearing,62531,62516,62531,15
rising,62532,62531,62532,1
grooming,62723,62532,62723,191
sniffing,62776,62723,62776,53
left_turning,62824,62776,62824,48
stepping,62863,62824,62863,39
rising,62897,62863,62897,34
sniffing,62979,62897,62979,82
grooming,63210,62979,63210,231
rearing,63217,63210,63217,7
grooming,63285,63217,63285,68
climbing,63365,63285,63365,80
rearing,63482,63365,63482,117
hunching,63490,63482,63490,8
grooming,63699,63490,63699,209
rearing,63700,63699,63700,1
climbing,63824,63700,63824,124
rising,63831,63824,63831,7
sniffing,63832,63831,63832,1
right_turning,63924,63832,63924,92
rising,63975,63924,63975,51
stepping,63981,63975,63981,6
left_turning,64022,63981,64022,41
walking,64023,64022,64023,1
grooming,64024,64023,64024,1
sniffing,64041,64024,64041,17
rising,64070,64041,64070,29
stepping,64132,64070,64132,62
left_turning,64173,64132,64173,41
running,64234,64173,64234,61
right_turning,64250,64234,64250,16
trotting,64311,64250,64311,61
rising,64376,64311,64376,65
walking,64398,64376,64398,22
sniffing,64480,64398,64480,82
rising,64513,64480,64513,33
climbing,64622,64513,64622,109
sniffing,64667,64622,64667,45
rising,64683,64667,64683,16
climbing,64684,64683,64684,1
rearing,64697,64684,64697,13
sniffing,64741,64697,64741,44
left_turning,64788,64741,64788,47
trotting,64809,64788,64809,21
walking,64882,64809,64882,73
left_turning,64936,64882,64936,54
sniffing,65027,64936,65027,91
right_turning,65028,65027,65028,1
climbing,65029,65028,65029,1
right_turning,65036,65029,65036,7
trotting,65039,65036,65039,3
stepping,65117,65039,65117,78
sniffing,65242,65117,65242,125
walking,65292,65242,65292,50
sniffing,65328,65292,65328,36
climbing,65400,65328,65400,72
rising,65430,65400,65430,30
sniffing,65476,65430,65476,46
right_turning,65479,65476,65479,3
sniffing,65501,65479,65501,22
rising,65517,65501,65517,16
sniffing,65645,65517,65645,128
climbing,65700,65645,65700,55
rising,65718,65700,65718,18
hunching,65768,65718,65768,50
rearing,65827,65768,65827,59
climbing,65891,65827,65891,64
rising,65983,65891,65983,92
hunching,66043,65983,66043,60
stepping,66063,66043,66063,20
sniffing,66167,66063,66167,104
climbing,66272,66167,66272,105
sniffing,66287,66272,66287,15
walking,66344,66287,66344,57
left_turning,66354,66344,66354,10
walking,66381,66354,66381,27
sniffing,66427,66381,66427,46
left_turning,66438,66427,66438,11
sniffing,66499,66438,66499,61
trotting,66505,66499,66505,6
left_turning,66569,66505,66569,64
walking,66625,66569,66625,56
sniffing,66721,66625,66721,96
running,66726,66721,66726,5
sniffing,66750,66726,66750,24
grooming,66751,66750,66751,1
rearing,66752,66751,66752,1
grooming,66822,66752,66822,70
sniffing,66852,66822,66852,30
right_turning,66867,66852,66867,15
walking,66944,66867,66944,77
climbing,66963,66944,66963,19
hunching,67043,66963,67043,80
sniffing,67078,67043,67078,35
rising,67092,67078,67092,14
left_turning,67125,67092,67125,33
walking,67162,67125,67162,37
rising,67172,67162,67172,10
sniffing,67174,67172,67174,2
trotting,67185,67174,67185,11
sniffing,67186,67185,67186,1
climbing,67311,67186,67311,125
rising,67357,67311,67357,46
climbing,67469,67357,67469,112
walking,67526,67469,67526,57
right_turning,67570,67526,67570,44
trotting,67640,67570,67640,70
sniffing,67647,67640,67647,7
stepping,67672,67647,67672,25
climbing,67810,67672,67810,138
sniffing,67829,67810,67829,19
right_turning,67864,67829,67864,35
trotting,67941,67864,67941,77
rising,67942,67941,67942,1
grooming,67943,67942,67943,1
rearing,68018,67943,68018,75
rising,68084,68018,68084,66
sniffing,68164,68084,68164,80
walking,68185,68164,68185,21
rearing,68186,68185,68186,1
rising,68187,68186,68187,1
sniffing,68308,68187,68308,121
rising,68309,68308,68309,1
sniffing,68310,68309,68310,1
climbing,68390,68310,68390,80
rearing,68491,68390,68491,101
rising,68538,68491,68538,47
sniffing,68615,68538,68615,77
walking,68655,68615,68655,40
sniffing,68656,68655,68656,1
left_turning,68671,68656,68671,15
trotting,68702,68671,68702,31
sniffing,68703,68702,68703,1
walking,68730,68703,68730,27
sniffing,68767,68730,68767,37
stepping,68793,68767,68793,26
climbing,68858,68793,68858,65
rearing,68896,68858,68896,38
grooming,68900,68896,68900,4
rearing,68937,68900,68937,37
climbing,68990,68937,68990,53
sniffing,69037,68990,69037,47
left_turning,69072,69037,69072,35
sniffing,69114,69072,69114,42
stepping,69136,69114,69136,22
sniffing,69137,69136,69137,1
rising,69173,69137,69173,36
walking,69241,69173,69241,68
sniffing,69264,69241,69264,23
walking,69324,69264,69324,60
sniffing,69441,69324,69441,117
running,69461,69441,69461,20
sniffing,69571,69461,69571,110
running,69608,69571,69608,37
walking,69648,69608,69648,40
rising,69649,69648,69649,1
right_turning,69669,69649,69669,20
walking,69736,69669,69736,67
sniffing,69747,69736,69747,11
climbing,69950,69747,69950,203
sniffing,70155,69950,70155,205
rearing,70208,70155,70208,53
hunching,70209,70208,70209,1
sniffing,70244,70209,70244,35
rising,70317,70244,70317,73
sniffing,70368,70317,70368,51
trotting,70387,70368,70387,19
walking,70435,70387,70435,48
trotting,70502,70435,70502,67
stepping,70526,70502,70526,24
sniffing,70527,70526,70527,1
rising,70589,70527,70589,62
climbing,70634,70589,70634,45
trotting,70687,70634,70687,53
walking,70731,70687,70731,44
right_turning,70769,70731,70769,38
walking,70784,70769,70784,15
climbing,70870,70784,70870,86
rearing,70871,70870,70871,1
trotting,70915,70871,70915,44
sniffing,71063,70915,71063,148
left_turning,71104,71063,71104,41
rising,71155,71104,71155,51
climbing,71201,71155,71201,46
trotting,71244,71201,71244,43
sniffing,71265,71244,71265,21
walking,71298,71265,71298,33
sniffing,71323,71298,71323,25
climbing,71377,71323,71377,54
rising,71382,71377,71382,5
climbing,71492,71382,71492,110
walking,71593,71492,71593,101
sniffing,71622,71593,71622,29
left_turning,71703,71622,71703,81
trotting,71738,71703,71738,35
rearing,71806,71738,71806,68
hunching,71807,71806,71807,1
running,71836,71807,71836,29
left_turning,71887,71836,71887,51
walking,71910,71887,71910,23
right_turning,71921,71910,71921,11
trotting,71922,71921,71922,1
walking,71949,71922,71949,27
climbing,72011,71949,72011,62
walking,72024,72011,72024,13
climbing,72057,72024,72057,33
sniffing,72058,72057,72058,1
rising,72081,72058,72081,23
walking,72097,72081,72097,16
sniffing,72098,72097,72098,1
walking,72112,72098,72112,14
climbing,72113,72112,72113,1
sniffing,72248,72113,72248,135
left_turning,72262,72248,72262,14
sniffing,72412,72262,72412,150
rearing,72413,72412,72413,1
sniffing,72518,72413,72518,105
right_turning,72552,72518,72552,34
walking,72602,72552,72602,50
sniffing,72778,72602,72778,176
climbing,72828,72778,72828,50
left_turning,72857,72828,72857,29
grooming,72858,72857,72858,1
rising,72913,72858,72913,55
sniffing,72914,72913,72914,1
rising,72926,72914,72926,12
sniffing,72989,72926,72989,63
walking,73026,72989,73026,37
climbing,73144,73026,73144,118
walking,73241,73144,73241,97
left_turning,73284,73241,73284,43
sniffing,73323,73284,73323,39
walking,73350,73323,73350,27
sniffing,73444,73350,73444,94
walking,73472,73444,73472,28
rising,73543,73472,73543,71
hunching,73611,73543,73611,68
sniffing,73678,73611,73678,67
rearing,73679,73678,73679,1
walking,73707,73679,73707,28
sniffing,73777,73707,73777,70
climbing,73828,73777,73828,51
walking,73829,73828,73829,1
sniffing,73878,73829,73878,49
climbing,73896,73878,73896,18
rising,73940,73896,73940,44
sniffing,73941,73940,73941,1
rising,73990,73941,73990,49
sniffing,74133,73990,74133,143
rearing,74141,74133,74141,8
sniffing,74262,74141,74262,121
rising,74304,74262,74304,42
climbing,74338,74304,74338,34
right_turning,74366,74338,74366,28
trotting,74408,74366,74408,42
rising,74431,74408,74431,23
sniffing,74679,74431,74679,248
climbing,74695,74679,74695,16
rising,74741,74695,74741,46
sniffing,74967,74741,74967,226
rising,74968,74967,74968,1
climbing,75007,74968,75007,39
sniffing,75018,75007,75018,11
climbing,75021,75018,75021,3
walking,75032,75021,75032,11
left_turning,75049,75032,75049,17
walking,75126,75049,75126,77
sniffing,75202,75126,75202,76
left_turning,75241,75202,75241,39
running,75269,75241,75269,28
stepping,75293,75269,75293,24
rearing,75350,75293,75350,57
rising,75351,75350,75351,1
sniffing,75462,75351,75462,111
rising,75529,75462,75529,67
sniffing,75638,75529,75638,109
climbing,75751,75638,75751,113
hunching,75752,75751,75752,1
climbing,75833,75752,75833,81
walking,75883,75833,75883,50
climbing,75911,75883,75911,28
hunching,75962,75911,75962,51
climbing,76048,75962,76048,86
rising,76064,76048,76064,16
rearing,76122,76064,76122,58
trotting,76170,76122,76170,48
sniffing,76171,76170,76171,1
left_turning,76216,76171,76216,45
sniffing,76242,76216,76242,26
left_turning,76246,76242,76246,4
sniffing,76281,76246,76281,35
right_turning,76328,76281,76328,47
left_turning,76354,76328,76354,26
walking,76360,76354,76360,6
rising,76428,76360,76428,68
trotting,76478,76428,76478,50
walking,76503,76478,76503,25
stepping,76546,76503,76546,43
walking,76632,76546,76632,86
rearing,76702,76632,76702,70
trotting,76728,76702,76728,26
rearing,76807,76728,76807,79
rising,76808,76807,76808,1
rearing,76854,76808,76854,46
climbing,76969,76854,76969,115
rising,77004,76969,77004,35
sniffing,77104,77004,77104,100
hunching,77105,77104,77105,1
climbing,77119,77105,77119,14
sniffing,77126,77119,77126,7
left_turning,77135,77126,77135,9
sniffing,77185,77135,77185,50
grooming,77186,77185,77186,1
sniffing,77412,77186,77412,226
climbing,77433,77412,77433,21
sniffing,77444,77433,77444,11
left_turning,77540,77444,77540,96
sniffing,77573,77540,77573,33
rising,77574,77573,77574,1
sniffing,77693,77574,77693,119
stepping,77718,77693,77718,25
sniffing,77719,77718,77719,1
climbing,77720,77719,77720,1
running,77760,77720,77760,40
rising,77819,77760,77819,59
right_turning,77839,77819,77839,20
walking,77882,77839,77882,43
sniffing,77899,77882,77899,17
rising,77915,77899,77915,16
climbing,77952,77915,77952,37
rearing,77963,77952,77963,11
grooming,77964,77963,77964,1
hunching,77979,77964,77979,15
rearing,78015,77979,78015,36
sniffing,78110,78015,78110,95
left_turning,78214,78110,78214,104
sniffing,78215,78214,78215,1
walking,78239,78215,78239,24
left_turning,78246,78239,78246,7
sniffing,78247,78246,78247,1
rising,78275,78247,78275,28
climbing,78361,78275,78361,86
sniffing,78376,78361,78376,15
left_turning,78459,78376,78459,83
sniffing,78628,78459,78628,169
climbing,78740,78628,78740,112
sniffing,78905,78740,78905,165
rearing,78906,78905,78906,1
sniffing,78907,78906,78907,1
stepping,78968,78907,78968,61
walking,78997,78968,78997,29
climbing,79046,78997,79046,49
rising,79062,79046,79062,16
sniffing,79075,79062,79075,13
walking,79086,79075,79086,11
sniffing,79175,79086,79175,89
climbing,79283,79175,79283,108
walking,79369,79283,79369,86
trotting,79441,79369,79441,72
walking,79468,79441,79468,27
left_turning,79540,79468,79540,72
walking,79574,79540,79574,34
sniffing,79837,79574,79837,263
left_turning,79920,79837,79920,83
sniffing,79928,79920,79928,8
trotting,79957,79928,79957,29
right_turning,80003,79957,80003,46
trotting,80067,80003,80067,64
stepping,80114,80067,80114,47
right_turning,80126,80114,80126,12
trotting,80157,80126,80157,31
sniffing,80296,80157,80296,139
running,80307,80296,80307,11
walking,80356,80307,80356,49
sniffing,80405,80356,80405,49
rising,80449,80405,80449,44
walking,80562,80449,80562,113
sniffing,80613,80562,80613,51
stepping,80681,80613,80681,68
sniffing,80805,80681,80805,124
stepping,80843,80805,80843,38
climbing,80894,80843,80894,51
rearing,80899,80894,80899,5
climbing,80900,80899,80900,1
rearing,80932,80900,80932,32
rising,81041,80932,81041,109
rearing,81092,81041,81092,51
walking,81183,81092,81183,91
rearing,81184,81183,81184,1
climbing,81371,81184,81371,187
sniffing,81397,81371,81397,26
climbing,81401,81397,81401,4
sniffing,81536,81401,81536,135
climbing,81598,81536,81598,62
walking,81666,81598,81666,68
running,81696,81666,81696,30
rising,81766,81696,81766,70
left_turning,81782,81766,81782,16
sniffing,81874,81782,81874,92
left_turning,81928,81874,81928,54
sniffing,81940,81928,81940,12
stepping,81982,81940,81982,42
rearing,82138,81982,82138,156
left_turning,82172,82138,82172,34
walking,82173,82172,82173,1
rearing,82251,82173,82251,78
walking,82292,82251,82292,41
climbing,82394,82292,82394,102
sniffing,82511,82394,82511,117
running,82529,82511,82529,18
stepping,82607,82529,82607,78
sniffing,82644,82607,82644,37
rising,82658,82644,82658,14
rearing,82676,82658,82676,18
left_turning,82689,82676,82689,13
trotting,82744,82689,82744,55
sniffing,82777,82744,82777,33
rising,82796,82777,82796,19
climbing,82918,82796,82918,122
walking,82923,82918,82923,5
sniffing,83047,82923,83047,124
stepping,83095,83047,83095,48
sniffing,83117,83095,83117,22
rearing,83118,83117,83118,1
rising,83154,83118,83154,36
sniffing,83187,83154,83187,33
stepping,83220,83187,83220,33
sniffing,83225,83220,83225,5
climbing,83273,83225,83273,48
hunching,83351,83273,83351,78
grooming,83478,83351,83478,127
walking,83492,83478,83492,14
sniffing,83541,83492,83541,49
climbing,83628,83541,83628,87
rising,83629,83628,83629,1
climbing,83724,83629,83724,95
running,83751,83724,83751,27
walking,83763,83751,83763,12
sniffing,83773,83763,83773,10
trotting,83806,83773,83806,33
walking,83822,83806,83822,16
left_turning,83906,83822,83906,84
climbing,83947,83906,83947,41
walking,84019,83947,84019,72
rising,84054,84019,84054,35
trotting,84091,84054,84091,37
right_turning,84124,84091,84124,33
rising,84125,84124,84125,1
climbing,84183,84125,84183,58
hunching,84184,84183,84184,1
climbing,84246,84184,84246,62
hunching,84247,84246,84247,1
right_turning,84281,84247,84281,34
running,84287,84281,84287,6
sniffing,84325,84287,84325,38
climbing,84352,84325,84352,27
sniffing,84394,84352,84394,42
walking,84416,84394,84416,22
rising,84459,84416,84459,43
rearing,84473,84459,84473,14
walking,84513,84473,84513,40
rising,84545,84513,84545,32
sniffing,84645,84545,84645,100
pausing,85899,84645,85899,1254
sniffing,85952,85899,85952,53
walking,85967,85952,85967,15
sniffing,85968,85967,85968,1
rising,86001,85968,86001,33
climbing,86002,86001,86002,1
rearing,86062,86002,86062,60
sniffing,86260,86062,86260,198
pausing,86418,86260,86418,158
sniffing,86542,86418,86542,124
stepping,86596,86542,86596,54
sniffing,86659,86596,86659,63
left_turning,86660,86659,86660,1
rising,86661,86660,86661,1
climbing,86739,86661,86739,78
sniffing,86874,86739,86874,135
rising,86920,86874,86920,46
sniffing,87035,86920,87035,115
rearing,87132,87035,87132,97
right_turning,87153,87132,87153,21
walking,87174,87153,87174,21
sniffing,87207,87174,87207,33
rising,87208,87207,87208,1
sniffing,87277,87208,87277,69
rising,87320,87277,87320,43
rearing,87400,87320,87400,80
right_turning,87409,87400,87409,9
walking,87459,87409,87459,50
rearing,87472,87459,87472,13
rising,87483,87472,87483,11
right_turning,87512,87483,87512,29
left_turning,87563,87512,87563,51
sniffing,87675,87563,87675,112
walking,87786,87675,87786,111
rising,87795,87786,87795,9
rearing,87847,87795,87847,52
running,87886,87847,87886,39
sniffing,88300,87886,88300,414
left_turning,88312,88300,88312,12
trotting,88338,88312,88338,26
left_turning,88347,88338,88347,9
rising,88444,88347,88444,97
grooming,88570,88444,88570,126
sniffing,88571,88570,88571,1
rising,88629,88571,88629,58
climbing,88655,88629,88655,26
sniffing,88760,88655,88760,105
left_turning,88777,88760,88777,17
walking,88808,88777,88808,31
left_turning,88828,88808,88828,20
sniffing,88975,88828,88975,147
rising,89165,88975,89165,190
rearing,89166,89165,89166,1
rising,89198,89166,89198,32
climbing,89244,89198,89244,46
rising,89286,89244,89286,42
grooming,89309,89286,89309,23
hunching,89373,89309,89373,64
grooming,89388,89373,89388,15
right_turning,89419,89388,89419,31
walking,89464,89419,89464,45
left_turning,89522,89464,89522,58
sniffing,89597,89522,89597,75
left_turning,89664,89597,89664,67
sniffing,89707,89664,89707,43
left_turning,89708,89707,89708,1
walking,89771,89708,89771,63
sniffing,89973,89771,89973,202
walking,90030,89973,90030,57
rising,90155,90030,90155,125
climbing,90256,90155,90256,101
sniffing,90287,90256,90287,31
rearing,90403,90287,90403,116
sniffing,90404,90403,90404,1
left_turning,90484,90404,90484,80
rising,90533,90484,90533,49
left_turning,90534,90533,90534,1
walking,90565,90534,90565,31
trotting,90605,90565,90605,40
walking,90651,90605,90651,46
sniffing,90725,90651,90725,74
right_turning,90780,90725,90780,55
trotting,90795,90780,90795,15
sniffing,90816,90795,90816,21
rising,90879,90816,90879,63
climbing,90972,90879,90972,93
walking,90999,90972,90999,27
sniffing,91101,90999,91101,102
pausing,91271,91101,91271,170
left_turning,91304,91271,91304,33
walking,91334,91304,91334,30
sniffing,91398,91334,91398,64
trotting,91446,91398,91446,48
stepping,91485,91446,91485,39
walking,91527,91485,91527,42
left_turning,91559,91527,91559,32
walking,91605,91559,91605,46
rearing,91606,91605,91606,1
sniffing,91773,91606,91773,167
running,91798,91773,91798,25
sniffing,91946,91798,91946,148
right_turning,92010,91946,92010,64
rearing,92072,92010,92072,62
right_turning,92091,92072,92091,19
sniffing,92093,92091,92093,2
grooming,92114,92093,92114,21
climbing,92138,92114,92138,24
sniffing,92139,92138,92139,1
rising,92212,92139,92212,73
climbing,92260,92212,92260,48
sniffing,92272,92260,92272,12
rising,92302,92272,92302,30
sniffing,92395,92302,92395,93
climbing,92396,92395,92396,1
right_turning,92427,92396,92427,31
trotting,92447,92427,92447,20
walking,92448,92447,92448,1
rearing,92542,92448,92542,94
rising,92548,92542,92548,6
sniffing,92549,92548,92549,1
left_turning,92599,92549,92599,50
stepping,92607,92599,92607,8
trotting,92639,92607,92639,32
rearing,92647,92639,92647,8
climbing,92691,92647,92691,44
sniffing,92737,92691,92737,46
left_turning,92756,92737,92756,19
walking,92802,92756,92802,46
sniffing,92803,92802,92803,1
left_turning,92827,92803,92827,24
walking,92851,92827,92851,24
sniffing,92886,92851,92886,35
hunching,92913,92886,92913,27
trotting,92914,92913,92914,1
hunching,92943,92914,92943,29
sniffing,92997,92943,92997,54
hunching,92998,92997,92998,1
sniffing,93040,92998,93040,42
climbing,93104,93040,93104,64
sniffing,93262,93104,93262,158
right_turning,93282,93262,93282,20
walking,93330,93282,93330,48
left_turning,93361,93330,93361,31
trotting,93377,93361,93377,16
sniffing,93393,93377,93393,16
rising,93431,93393,93431,38
sniffing,93432,93431,93432,1
running,93452,93432,93452,20
rearing,93489,93452,93489,37
climbing,93490,93489,93490,1
sniffing,93544,93490,93544,54
walking,93601,93544,93601,57
sniffing,93688,93601,93688,87
climbing,93760,93688,93760,72
walking,93815,93760,93815,55
rising,93858,93815,93858,43
climbing,94053,93858,94053,195
rising,94097,94053,94097,44
sniffing,94196,94097,94196,99
walking,94241,94196,94241,45
right_turning,94250,94241,94250,9
running,94274,94250,94274,24
sniffing,94561,94274,94561,287
climbing,94584,94561,94584,23
grooming,94796,94584,94796,212
rearing,94797,94796,94797,1
grooming,94865,94797,94865,68
right_turning,94918,94865,94918,53
sniffing,94919,94918,94919,1
left_turning,94920,94919,94920,1
sniffing,94999,94920,94999,79
right_turning,95000,94999,95000,1
climbing,95081,95000,95081,81
left_turning,95135,95081,95135,54
rising,95146,95135,95146,11
climbing,95234,95146,95234,88
rearing,95309,95234,95309,75
walking,95363,95309,95363,54
climbing,95373,95363,95373,10
rearing,95425,95373,95425,52
rising,95463,95425,95463,38
walking,95464,95463,95464,1
sniffing,95465,95464,95465,1
rising,95476,95465,95476,11
right_turning,95477,95476,95477,1
sniffing,95478,95477,95478,1
climbing,95541,95478,95541,63
grooming,95576,95541,95576,35
rearing,95601,95576,95601,25
climbing,95682,95601,95682,81
rearing,95683,95682,95683,1
grooming,96122,95683,96122,439
rearing,96123,96122,96123,1
grooming,96442,96123,96442,319
rearing,96535,96442,96535,93
rising,96585,96535,96585,50
walking,96650,96585,96650,65
sniffing,96691,96650,96691,41
walking,96778,96691,96778,87
stepping,96823,96778,96823,45
climbing,96948,96823,96948,125
rising,96990,96948,96990,42
sniffing,97075,96990,97075,85
grooming,97435,97075,97435,360
left_turning,97477,97435,97477,42
walking,97513,97477,97513,36
sniffing,97602,97513,97602,89
walking,97633,97602,97633,31
left_turning,97689,97633,97689,56
walking,97705,97689,97705,16
sniffing,97712,97705,97712,7
rising,97760,97712,97760,48
sniffing,97809,97760,97809,49
walking,97946,97809,97946,137
sniffing,98046,97946,98046,100
grooming,98119,98046,98119,73
hunching,98160,98119,98160,41
rising,98202,98160,98202,42
rearing,98251,98202,98251,49
climbing,98362,98251,98362,111
rising,98419,98362,98419,57
jumping,98429,98419,98429,10
rising,98622,98429,98622,193
sniffing,98623,98622,98623,1
stepping,98652,98623,98652,29
left_turning,98656,98652,98656,4
walking,98657,98656,98657,1
sniffing,98658,98657,98658,1
rising,98659,98658,98659,1
climbing,98663,98659,98663,4
rising,98670,98663,98670,7
sniffing,98716,98670,98716,46
walking,98764,98716,98764,48
sniffing,98867,98764,98867,103
left_turning,98884,98867,98884,17
sniffing,99102,98884,99102,218
right_turning,99174,99102,99174,72
walking,99216,99174,99216,42
sniffing,99229,99216,99229,13
rising,99286,99229,99286,57
sniffing,99304,99286,99304,18
running,99330,99304,99330,26
walking,99371,99330,99371,41
sniffing,99510,99371,99510,139
left_turning,99579,99510,99579,69
walking,99643,99579,99643,64
stepping,99723,99643,99723,80
climbing,99792,99723,99792,69
rearing,99832,99792,99832,40
climbing,99833,99832,99833,1
rising,99851,99833,99851,18
climbing,99886,99851,99886,35
walking,99904,99886,99904,18
sniffing,99905,99904,99905,1
walking,99970,99905,99970,65
sniffing,100172,99970,100172,202
climbing,100173,100172,100173,1
grooming,100179,100173,100179,6
sniffing,100180,100179,100180,1
rising,100220,100180,100220,40
walking,100221,100220,100221,1
sniffing,100261,100221,100261,40
rising,100575,100261,100575,314
climbing,100621,100575,100621,46
rising,100658,100621,100658,37
rearing,100868,100658,100868,210
hunching,100869,100868,100869,1
sniffing,100919,100869,100919,50
left_turning,100957,100919,100957,38
sniffing,100984,100957,100984,27
rearing,100985,100984,100985,1
sniffing,101101,100985,101101,116
walking,101121,101101,101121,20
sniffing,101162,101121,101162,41
climbing,101249,101162,101249,87
right_turning,101286,101249,101286,37
sniffing,101418,101286,101418,132
trotting,101449,101418,101449,31
running,101460,101449,101460,11
trotting,101471,101460,101471,11
stepping,101480,101471,101480,9
rising,101492,101480,101492,12
climbing,101493,101492,101493,1
rearing,101494,101493,101494,1
rising,101559,101494,101559,65
grooming,101560,101559,101560,1
trotting,101561,101560,101561,1
sniffing,101605,101561,101605,44
walking,101722,101605,101722,117
sniffing,101787,101722,101787,65
rising,101875,101787,101875,88
rearing,101876,101875,101876,1
sniffing,101877,101876,101877,1
left_turning,101897,101877,101897,20
walking,101908,101897,101908,11
left_turning,101932,101908,101932,24
sniffing,102128,101932,102128,196
left_turning,102129,102128,102129,1
sniffing,102231,102129,102231,102
grooming,102846,102231,102846,615
right_turning,102849,102846,102849,3
rising,102999,102849,102999,150
rearing,103000,102999,103000,1
walking,103130,103000,103130,130
stepping,103146,103130,103146,16
walking,103166,103146,103166,20
rising,103222,103166,103222,56
sniffing,103326,103222,103326,104
rearing,103390,103326,103390,64
rising,103391,103390,103391,1
left_turning,103396,103391,103396,5
sniffing,103455,103396,103455,59
rising,103527,103455,103527,72
climbing,103622,103527,103622,95
walking,103684,103622,103684,62
left_turning,103728,103684,103728,44
stepping,103738,103728,103738,10
walking,103739,103738,103739,1
right_turning,103791,103739,103791,52
trotting,103810,103791,103810,19
sniffing,104015,103810,104015,205
right_turning,104031,104015,104031,16
rising,104058,104031,104058,27
climbing,104175,104058,104175,117
grooming,104317,104175,104317,142
climbing,104354,104317,104354,37
rising,104385,104354,104385,31
rearing,104386,104385,104386,1
grooming,104686,104386,104686,300
climbing,104766,104686,104766,80
sniffing,104785,104766,104785,19
left_turning,104838,104785,104838,53
sniffing,104839,104838,104839,1
rising,104841,104839,104841,2
climbing,104898,104841,104898,57
grooming,105243,104898,105243,345
rising,105297,105243,105297,54
left_turning,105345,105297,105345,48
rising,105546,105345,105546,201
climbing,105674,105546,105674,128
grooming,106134,105674,106134,460
sniffing,106163,106134,106163,29
grooming,106441,106163,106441,278
sniffing,106442,106441,106442,1
left_turning,106483,106442,106483,41
walking,106484,106483,106484,1
rising,106591,106484,106591,107
sniffing,106592,106591,106592,1
rising,106633,106592,106633,41
climbing,106634,106633,106634,1
sniffing,106734,106634,106734,100
grooming,106741,106734,106741,7
sniffing,106842,106741,106842,101
climbing,106955,106842,106955,113
grooming,106972,106955,106972,17
climbing,107046,106972,107046,74
grooming,107347,107046,107347,301
climbing,107364,107347,107364,17
trotting,107404,107364,107404,40
sniffing,107543,107404,107543,139
right_turning,107565,107543,107565,22
sniffing,107825,107565,107825,260
left_turning,107905,107825,107905,80
rising,108000,107905,108000,95
