revised_movement_label,segBoundary,segBoundary_start,segBoundary_end,length
rising,41,0,41,41
climbing,101,41,101,60
sniffing,102,101,102,1
trotting,112,102,112,10
walking,153,112,153,41
sniffing,237,153,237,84
rising,238,237,238,1
sniffing,272,238,272,34
climbing,335,272,335,63
trotting,378,335,378,43
sniffing,405,378,405,27
pausing,1070,405,1070,665
sniffing,1071,1070,1071,1
rearing,1097,1071,1097,26
rising,1187,1097,1187,90
walking,1214,1187,1214,27
trotting,1270,1214,1270,56
sniffing,1271,1270,1271,1
rising,1302,1271,1302,31
rearing,1404,1302,1404,102
rising,1405,1404,1405,1
hunching,1406,1405,1406,1
climbing,1463,1406,1463,57
trotting,1510,1463,1510,47
walking,1591,1510,1591,81
sniffing,1813,1591,1813,222
trotting,1814,1813,1814,1
running,1820,1814,1820,6
walking,1827,1820,1827,7
climbing,1924,1827,1924,97
left_turning,1999,1924,1999,75
sniffing,2009,1999,2009,10
right_turning,2020,2009,2020,11
stepping,2032,2020,2032,12
walking,2056,2032,2056,24
trotting,2112,2056,2112,56
walking,2201,2112,2201,89
trotting,2233,2201,2233,32
stepping,2242,2233,2242,9
climbing,2300,2242,2300,58
left_turning,2334,2300,2334,34
sniffing,2335,2334,2335,1
stepping,2380,2335,2380,45
right_turning,2402,2380,2402,22
rearing,2433,2402,2433,31
left_turning,2474,2433,2474,41
stepping,2510,2474,2510,36
walking,2640,2510,2640,130
sniffing,2706,2640,2706,66
walking,2737,2706,2737,31
sniffing,2740,2737,2740,3
right_turning,2753,2740,2753,13
climbing,2759,2753,2759,6
sniffing,2760,2759,2760,1
climbing,2814,2760,2814,54
rising,2826,2814,2826,12
sniffing,2841,2826,2841,15
walking,2897,2841,2897,56
sniffing,2963,2897,2963,66
rising,2964,2963,2964,1
climbing,2991,2964,2991,27
sniffing,2992,2991,2992,1
climbing,3027,2992,3027,35
trotting,3050,3027,3050,23
stepping,3104,3050,3104,54
sniffing,3270,3104,3270,166
climbing,3334,3270,3334,64
stepping,3367,3334,3367,33
walking,3450,3367,3450,83
left_turning,3480,3450,3480,30
sniffing,3488,3480,3488,8
walking,3579,3488,3579,91
right_turning,3589,3579,3589,10
trotting,3629,3589,3629,40
sniffing,3739,3629,3739,110
rising,3740,3739,3740,1
sniffing,3758,3740,3758,18
rising,3765,3758,3765,7
climbing,3815,3765,3815,50
rising,3823,3815,3823,8
sniffing,3885,3823,3885,62
walking,3930,3885,3930,45
rising,3931,3930,3931,1
climbing,3950,3931,3950,19
hunching,3978,3950,3978,28
climbing,4011,3978,4011,33
rising,4067,4011,4067,56
sniffing,4194,4067,4194,127
climbing,4214,4194,4214,20
walking,4344,4214,4344,130
stepping,4399,4344,4399,55
left_turning,4433,4399,4433,34
walking,4459,4433,4459,26
left_turning,4516,4459,4516,57
rising,4520,4516,4520,4
sniffing,4534,4520,4534,14
left_turning,4643,4534,4643,109
climbing,4688,4643,4688,45
sniffing,4689,4688,4689,1
walking,4810,4689,4810,121
sniffing,4881,4810,4881,71
rising,4928,4881,4928,47
sniffing,4929,4928,4929,1
walking,4930,4929,4930,1
stepping,4964,4930,4964,34
right_turning,4993,4964,4993,29
stepping,5013,4993,5013,20
left_turning,5078,5013,5078,65
walking,5114,5078,5114,36
rising,5162,5114,5162,48
left_turning,5217,5162,5217,55
trotting,5237,5217,5237,20
sniffing,5404,5237,5404,167
right_turning,5405,5404,5405,1
walking,5409,5405,5409,4
stepping,5410,5409,5410,1
walking,5476,5410,5476,66
sniffing,5480,5476,5480,4
walking,5528,5480,5528,48
sniffing,5529,5528,5529,1
rising,5591,5529,5591,62
climbing,5641,5591,5641,50
grooming,5775,5641,5775,134
sniffing,5800,5775,5800,25
rising,5801,5800,5801,1
rearing,5869,5801,5869,68
climbing,5891,5869,5891,22
sniffing,5892,5891,5892,1
rising,5901,5892,5901,9
left_turning,5937,5901,5937,36
sniffing,5965,5937,5965,28
rearing,6037,5965,6037,72
climbing,6083,6037,6083,46
sniffing,6192,6083,6192,109
rising,6205,6192,6205,13
running,6226,6205,6226,21
walking,6318,6226,6318,92
stepping,6413,6318,6413,95
walking,6443,6413,6443,30
trotting,6498,6443,6498,55
rising,6567,6498,6567,69
right_turning,6632,6567,6632,65
stepping,6638,6632,6638,6
rising,6639,6638,6639,1
sniffing,6808,6639,6808,169
left_turning,6858,6808,6858,50
sniffing,6923,6858,6923,65
climbing,6932,6923,6932,9
sniffing,6981,6932,6981,49
left_turning,7084,6981,7084,103
trotting,7107,7084,7107,23
rising,7108,7107,7108,1
running,7123,7108,7123,15
trotting,7155,7123,7155,32
walking,7316,7155,7316,161
stepping,7345,7316,7345,29
rising,7392,7345,7392,47
walking,7416,7392,7416,24
stepping,7476,7416,7476,60
sniffing,7477,7476,7477,1
trotting,7480,7477,7480,3
walking,7569,7480,7569,89
trotting,7649,7569,7649,80
left_turning,7744,7649,7744,95
trotting,7799,7744,7799,55
sniffing,7843,7799,7843,44
climbing,7895,7843,7895,52
sniffing,7926,7895,7926,31
stepping,7950,7926,7950,24
sniffing,7951,7950,7951,1
right_turning,7952,7951,7952,1
walking,7963,7952,7963,11
sniffing,8023,7963,8023,60
trotting,8051,8023,8051,28
sniffing,8061,8051,8061,10
left_turning,8171,8061,8171,110
running,8186,8171,8186,15
stepping,8242,8186,8242,56
climbing,8317,8242,8317,75
sniffing,8342,8317,8342,25
walking,8384,8342,8384,42
sniffing,8426,8384,8426,42
left_turning,8480,8426,8480,54
running,8493,8480,8493,13
sniffing,8494,8493,8494,1
walking,8597,8494,8597,103
stepping,8598,8597,8598,1
sniffing,8710,8598,8710,112
pausing,9213,8710,9213,503
sniffing,9288,9213,9288,75
walking,9333,9288,9333,45
rising,9334,9333,9334,1
left_turning,9336,9334,9336,2
sniffing,9396,9336,9396,60
rising,9434,9396,9434,38
climbing,9561,9434,9561,127
sniffing,9601,9561,9601,40
left_turning,9604,9601,9604,3
running,9626,9604,9626,22
walking,9678,9626,9678,52
rising,9719,9678,9719,41
climbing,9750,9719,9750,31
walking,9787,9750,9787,37
sniffing,9944,9787,9944,157
stepping,9999,9944,9999,55
sniffing,10010,9999,10010,11
rising,10093,10010,10093,83
climbing,10108,10093,10108,15
sniffing,10207,10108,10207,99
left_turning,10208,10207,10208,1
sniffing,10209,10208,10209,1
right_turning,10216,10209,10216,7
stepping,10385,10216,10385,169
sniffing,10404,10385,10404,19
left_turning,10452,10404,10452,48
rising,10453,10452,10453,1
trotting,10480,10453,10480,27
stepping,10520,10480,10520,40
trotting,10546,10520,10546,26
climbing,10570,10546,10570,24
sniffing,10664,10570,10664,94
climbing,10722,10664,10722,58
right_turning,10734,10722,10734,12
sniffing,10829,10734,10829,95
walking,10882,10829,10882,53
sniffing,10883,10882,10883,1
climbing,10944,10883,10944,61
left_turning,10956,10944,10956,12
running,10986,10956,10986,30
stepping,10987,10986,10987,1
hunching,10995,10987,10995,8
grooming,11032,10995,11032,37
sniffing,11058,11032,11058,26
walking,11069,11058,11069,11
sniffing,11109,11069,11109,40
climbing,11135,11109,11135,26
rising,11144,11135,11144,9
walking,11158,11144,11158,14
climbing,11185,11158,11185,27
hunching,11234,11185,11234,49
walking,11315,11234,11315,81
climbing,11363,11315,11363,48
sniffing,11396,11363,11396,33
climbing,11450,11396,11450,54
walking,11482,11450,11482,32
sniffing,11486,11482,11486,4
trotting,11504,11486,11504,18
sniffing,11509,11504,11509,5
climbing,11592,11509,11592,83
trotting,11630,11592,11630,38
sniffing,11631,11630,11631,1
right_turning,11694,11631,11694,63
sniffing,11757,11694,11757,63
walking,11801,11757,11801,44
sniffing,11855,11801,11855,54
trotting,11891,11855,11891,36
stepping,11924,11891,11924,33
sniffing,11973,11924,11973,49
climbing,12021,11973,12021,48
rising,12023,12021,12023,2
climbing,12068,12023,12068,45
walking,12123,12068,12123,55
sniffing,12200,12123,12200,77
walking,12201,12200,12201,1
trotting,12224,12201,12224,23
rising,12268,12224,12268,44
climbing,12329,12268,12329,61
walking,12385,12329,12385,56
stepping,12430,12385,12430,45
rearing,12442,12430,12442,12
grooming,12443,12442,12443,1
rearing,12444,12443,12444,1
rising,12509,12444,12509,65
sniffing,12583,12509,12583,74
climbing,12618,12583,12618,35
walking,12634,12618,12634,16
climbing,12674,12634,12674,40
sniffing,12762,12674,12762,88
walking,12948,12762,12948,186
sniffing,12968,12948,12968,20
walking,13061,12968,13061,93
climbing,13096,13061,13096,35
rising,13142,13096,13142,46
sniffing,13143,13142,13143,1
rising,13144,13143,13144,1
walking,13180,13144,13180,36
rising,13217,13180,13217,37
left_turning,13265,13217,13265,48
sniffing,13314,13265,13314,49
climbing,13343,13314,13343,29
right_turning,13370,13343,13370,27
walking,13414,13370,13414,44
sniffing,13499,13414,13499,85
climbing,13572,13499,13572,73
left_turning,13588,13572,13588,16
walking,13589,13588,13589,1
rising,13599,13589,13599,10
sniffing,13617,13599,13617,18
left_turning,13649,13617,13649,32
walking,13650,13649,13650,1
sniffing,13651,13650,13651,1
rising,13652,13651,13652,1
sniffing,13715,13652,13715,63
rising,13716,13715,13716,1
right_turning,13733,13716,13733,17
stepping,13771,13733,13771,38
walking,13782,13771,13782,11
rising,13794,13782,13794,12
sniffing,13795,13794,13795,1
rising,13796,13795,13796,1
sniffing,13839,13796,13839,43
rising,13859,13839,13859,20
sniffing,13861,13859,13861,2
rising,13907,13861,13907,46
left_turning,13948,13907,13948,41
sniffing,13949,13948,13949,1
rising,14058,13949,14058,109
left_turning,14082,14058,14082,24
sniffing,14099,14082,14099,17
rising,14133,14099,14133,34
rearing,14155,14133,14155,22
rising,14156,14155,14156,1
walking,14157,14156,14157,1
left_turning,14191,14157,14191,34
walking,14249,14191,14249,58
sniffing,14392,14249,14392,143
walking,14414,14392,14414,22
sniffing,14426,14414,14426,12
stepping,14456,14426,14456,30
walking,14526,14456,14526,70
trotting,14554,14526,14554,28
sniffing,14642,14554,14642,88
left_turning,14659,14642,14659,17
walking,14722,14659,14722,63
sniffing,14746,14722,14746,24
hunching,14760,14746,14760,14
walking,14787,14760,14787,27
sniffing,14853,14787,14853,66
trotting,14920,14853,14920,67
walking,14990,14920,14990,70
climbing,15052,14990,15052,62
right_turning,15089,15052,15089,37
left_turning,15114,15089,15114,25
walking,15150,15114,15150,36
rising,15182,15150,15182,32
walking,15216,15182,15216,34
sniffing,15331,15216,15331,115
climbing,15395,15331,15395,64
walking,15474,15395,15474,79
rising,15475,15474,15475,1
climbing,15528,15475,15528,53
left_turning,15562,15528,15562,34
sniffing,15712,15562,15712,150
walking,15756,15712,15756,44
sniffing,15897,15756,15897,141
climbing,15974,15897,15974,77
walking,16025,15974,16025,51
sniffing,16072,16025,16072,47
rising,16087,16072,16087,15
trotting,16167,16087,16167,80
walking,16258,16167,16258,91
climbing,16259,16258,16259,1
rising,16288,16259,16288,29
sniffing,16349,16288,16349,61
climbing,16414,16349,16414,65
sniffing,16416,16414,16416,2
left_turning,16465,16416,16465,49
sniffing,16471,16465,16471,6
left_turning,16480,16471,16480,9
rising,16521,16480,16521,41
sniffing,16688,16521,16688,167
climbing,16761,16688,16761,73
trotting,16800,16761,16800,39
rising,16814,16800,16814,14
sniffing,16857,16814,16857,43
walking,16863,16857,16863,6
rising,16915,16863,16915,52
climbing,16953,16915,16953,38
sniffing,16958,16953,16958,5
climbing,17012,16958,17012,54
rearing,17013,17012,17013,1
sniffing,17174,17013,17174,161
rising,17196,17174,17196,22
sniffing,17197,17196,17197,1
rising,17244,17197,17244,47
climbing,17305,17244,17305,61
sniffing,17354,17305,17354,49
walking,17373,17354,17373,19
trotting,17422,17373,17422,49
hunching,17484,17422,17484,62
grooming,17485,17484,17485,1
sniffing,17523,17485,17523,38
rising,17571,17523,17571,48
climbing,17620,17571,17620,49
left_turning,17656,17620,17656,36
sniffing,17686,17656,17686,30
walking,17690,17686,17690,4
sniffing,17742,17690,17742,52
walking,17752,17742,17752,10
rising,17867,17752,17867,115
right_turning,17870,17867,17870,3
sniffing,17871,17870,17871,1
rising,17883,17871,17883,12
sniffing,18030,17883,18030,147
walking,18076,18030,18076,46
sniffing,18077,18076,18077,1
right_turning,18085,18077,18085,8
walking,18155,18085,18155,70
climbing,18200,18155,18200,45
walking,18245,18200,18245,45
sniffing,18246,18245,18246,1
walking,18262,18246,18262,16
sniffing,18296,18262,18296,34
left_turning,18305,18296,18305,9
walking,18323,18305,18323,18
rising,18390,18323,18390,67
sniffing,18420,18390,18420,30
rising,18453,18420,18453,33
climbing,18559,18453,18559,106
stepping,18570,18559,18570,11
walking,18636,18570,18636,66
sniffing,18791,18636,18791,155
climbing,18831,18791,18831,40
right_turning,18832,18831,18832,1
walking,18833,18832,18833,1
sniffing,18873,18833,18873,40
rising,18877,18873,18877,4
climbing,18910,18877,18910,33
grooming,18911,18910,18911,1
rearing,18957,18911,18957,46
stepping,19015,18957,19015,58
left_turning,19090,19015,19090,75
walking,19120,19090,19120,30
sniffing,19182,19120,19182,62
climbing,19242,19182,19242,60
sniffing,19351,19242,19351,109
walking,19358,19351,19358,7
rising,19386,19358,19386,28
climbing,19429,19386,19429,43
right_turning,19460,19429,19460,31
trotting,19497,19460,19497,37
sniffing,19520,19497,19520,23
grooming,19521,19520,19521,1
walking,19595,19521,19595,74
sniffing,19621,19595,19621,26
right_turning,19625,19621,19625,4
sniffing,19740,19625,19740,115
climbing,19741,19740,19741,1
trotting,19753,19741,19753,12
walking,19778,19753,19778,25
sniffing,19799,19778,19799,21
walking,19800,19799,19800,1
hunching,19843,19800,19843,43
rising,19932,19843,19932,89
running,19933,19932,19933,1
walking,19993,19933,19993,60
sniffing,19994,19993,19994,1
climbing,20095,19994,20095,101
rising,20096,20095,20096,1
climbing,20199,20096,20199,103
rising,20244,20199,20244,45
climbing,20301,20244,20301,57
rising,20365,20301,20365,64
climbing,20429,20365,20429,64
right_turning,20432,20429,20432,3
rising,20496,20432,20496,64
walking,20521,20496,20521,25
right_turning,20581,20521,20581,60
left_turning,20584,20581,20584,3
sniffing,20597,20584,20597,13
walking,20598,20597,20598,1
climbing,20599,20598,20599,1
sniffing,20750,20599,20750,151
rearing,20925,20750,20925,175
climbing,20974,20925,20974,49
rising,20975,20974,20975,1
climbing,21088,20975,21088,113
rising,21144,21088,21144,56
climbing,21219,21144,21219,75
sniffing,21220,21219,21220,1
right_turning,21230,21220,21230,10
rising,21261,21230,21261,31
walking,21316,21261,21316,55
running,21343,21316,21343,27
trotting,21344,21343,21344,1
stepping,21366,21344,21366,22
running,21395,21366,21395,29
sniffing,21433,21395,21433,38
stepping,21446,21433,21446,13
rising,21474,21446,21474,28
rearing,21529,21474,21529,55
grooming,21530,21529,21530,1
sniffing,21535,21530,21535,5
left_turning,21586,21535,21586,51
sniffing,21592,21586,21592,6
grooming,21593,21592,21593,1
rearing,21594,21593,21594,1
rising,21632,21594,21632,38
climbing,21777,21632,21777,145
rearing,21801,21777,21801,24
sniffing,21935,21801,21935,134
trotting,21990,21935,21990,55
rising,22070,21990,22070,80
climbing,22132,22070,22132,62
rearing,22193,22132,22193,61
sniffing,22194,22193,22194,1
grooming,22195,22194,22195,1
climbing,22341,22195,22341,146
rearing,22399,22341,22399,58
sniffing,22400,22399,22400,1
running,22439,22400,22439,39
walking,22517,22439,22517,78
climbing,22565,22517,22565,48
sniffing,22566,22565,22566,1
walking,22567,22566,22567,1
sniffing,22568,22567,22568,1
climbing,22655,22568,22655,87
running,22693,22655,22693,38
stepping,22698,22693,22698,5
sniffing,22742,22698,22742,44
climbing,22806,22742,22806,64
rearing,22813,22806,22813,7
right_turning,22858,22813,22858,45
trotting,22859,22858,22859,1
walking,22914,22859,22914,55
climbing,22973,22914,22973,59
sniffing,23039,22973,23039,66
climbing,23040,23039,23040,1
sniffing,23184,23040,23184,144
climbing,23259,23184,23259,75
trotting,23291,23259,23291,32
rising,23292,23291,23292,1
stepping,23293,23292,23293,1
running,23334,23293,23334,41
rising,23335,23334,23335,1
climbing,23441,23335,23441,106
trotting,23451,23441,23451,10
sniffing,23483,23451,23483,32
rising,23524,23483,23524,41
climbing,23546,23524,23546,22
sniffing,23563,23546,23563,17
rising,23585,23563,23585,22
climbing,23586,23585,23586,1
rising,23633,23586,23633,47
climbing,23688,23633,23688,55
rising,23719,23688,23719,31
climbing,23801,23719,23801,82
left_turning,23805,23801,23805,4
sniffing,23806,23805,23806,1
left_turning,23846,23806,23846,40
sniffing,23847,23846,23847,1
rising,23888,23847,23888,41
left_turning,23947,23888,23947,59
sniffing,24119,23947,24119,172
walking,24208,24119,24208,89
sniffing,24301,24208,24301,93
rising,24340,24301,24340,39
grooming,24412,24340,24412,72
sniffing,24475,24412,24475,63
grooming,24476,24475,24476,1
left_turning,24496,24476,24496,20
sniffing,24556,24496,24556,60
right_turning,24580,24556,24580,24
running,24633,24580,24633,53
rising,24663,24633,24663,30
walking,24674,24663,24674,11
sniffing,24737,24674,24737,63
hunching,24772,24737,24772,35
rising,24773,24772,24773,1
climbing,24793,24773,24793,20
rising,24912,24793,24912,119
sniffing,24916,24912,24916,4
stepping,24944,24916,24944,28
hunching,24951,24944,24951,7
rising,24974,24951,24974,23
sniffing,25098,24974,25098,124
rising,25136,25098,25136,38
climbing,25181,25136,25181,45
sniffing,25216,25181,25216,35
left_turning,25301,25216,25301,85
sniffing,25302,25301,25302,1
trotting,25329,25302,25329,27
sniffing,25462,25329,25462,133
climbing,25483,25462,25483,21
sniffing,25491,25483,25491,8
jumping,25585,25491,25585,94
sniffing,25640,25585,25640,55
climbing,25693,25640,25693,53
sniffing,25767,25693,25767,74
climbing,25791,25767,25791,24
rearing,25817,25791,25817,26
right_turning,25864,25817,25864,47
trotting,25934,25864,25934,70
walking,26053,25934,26053,119
climbing,26107,26053,26107,54
sniffing,26153,26107,26153,46
trotting,26155,26153,26155,2
sniffing,26278,26155,26278,123
walking,26316,26278,26316,38
running,26347,26316,26347,31
trotting,26379,26347,26379,32
stepping,26380,26379,26380,1
walking,26418,26380,26418,38
climbing,26547,26418,26547,129
sniffing,26625,26547,26625,78
rising,26667,26625,26667,42
rearing,26790,26667,26790,123
sniffing,26821,26790,26821,31
left_turning,26849,26821,26849,28
sniffing,26894,26849,26894,45
rising,26925,26894,26925,31
sniffing,26996,26925,26996,71
rearing,26997,26996,26997,1
rising,27046,26997,27046,49
climbing,27122,27046,27122,76
right_turning,27130,27122,27130,8
walking,27201,27130,27201,71
sniffing,27261,27201,27261,60
left_turning,27262,27261,27262,1
walking,27302,27262,27302,40
sniffing,27366,27302,27366,64
rising,27432,27366,27432,66
climbing,27477,27432,27477,45
rising,27510,27477,27510,33
climbing,27541,27510,27541,31
rearing,27608,27541,27608,67
grooming,27720,27608,27720,112
rising,27721,27720,27721,1
hunching,27809,27721,27809,88
sniffing,27920,27809,27920,111
walking,27948,27920,27948,28
stepping,28009,27948,28009,61
walking,28052,28009,28052,43
sniffing,28075,28052,28075,23
rising,28147,28075,28147,72
sniffing,28164,28147,28164,17
walking,28222,28164,28222,58
rising,28267,28222,28267,45
climbing,28341,28267,28341,74
walking,28412,28341,28412,71
sniffing,28413,28412,28413,1
walking,28433,28413,28433,20
sniffing,28528,28433,28528,95
climbing,28585,28528,28585,57
sniffing,28586,28585,28586,1
climbing,28617,28586,28617,31
sniffing,28650,28617,28650,33
walking,28651,28650,28651,1
rising,28652,28651,28652,1
rearing,28653,28652,28653,1
rising,28654,28653,28654,1
rearing,28718,28654,28718,64
right_turning,28731,28718,28731,13
sniffing,28785,28731,28785,54
walking,28871,28785,28871,86
stepping,28929,28871,28929,58
walking,28960,28929,28960,31
sniffing,29011,28960,29011,51
walking,29042,29011,29042,31
sniffing,29168,29042,29168,126
walking,29219,29168,29219,51
sniffing,29288,29219,29288,69
climbing,29333,29288,29333,45
right_turning,29344,29333,29344,11
rising,29372,29344,29372,28
climbing,29384,29372,29384,12
sniffing,29456,29384,29456,72
running,29462,29456,29462,6
trotting,29471,29462,29471,9
sniffing,29509,29471,29509,38
left_turning,29548,29509,29548,39
rising,29627,29548,29627,79
sniffing,29657,29627,29657,30
trotting,29675,29657,29675,18
rising,29709,29675,29709,34
walking,29754,29709,29754,45
sniffing,29808,29754,29808,54
rising,29867,29808,29867,59
climbing,29980,29867,29980,113
rising,30035,29980,30035,55
climbing,30088,30035,30088,53
grooming,30274,30088,30274,186
rearing,30373,30274,30373,99
sniffing,30399,30373,30399,26
left_turning,30411,30399,30411,12
rising,30449,30411,30449,38
climbing,30536,30449,30536,87
rising,30556,30536,30556,20
sniffing,30580,30556,30580,24
climbing,30619,30580,30619,39
sniffing,30712,30619,30712,93
walking,30727,30712,30727,15
sniffing,30874,30727,30874,147
rearing,30892,30874,30892,18
climbing,30933,30892,30933,41
walking,30951,30933,30951,18
left_turning,30952,30951,30952,1
sniffing,30986,30952,30986,34
left_turning,31022,30986,31022,36
walking,31092,31022,31092,70
sniffing,31103,31092,31103,11
rising,31143,31103,31143,40
rearing,31144,31143,31144,1
rising,31194,31144,31194,50
climbing,31298,31194,31298,104
trotting,31352,31298,31352,54
rising,31360,31352,31360,8
sniffing,31448,31360,31448,88
climbing,31513,31448,31513,65
running,31533,31513,31533,20
rising,31569,31533,31569,36
climbing,31640,31569,31640,71
rising,31647,31640,31647,7
sniffing,31717,31647,31717,70
climbing,31765,31717,31765,48
walking,31780,31765,31780,15
trotting,31820,31780,31820,40
sniffing,31852,31820,31852,32
right_turning,31868,31852,31868,16
walking,31893,31868,31893,25
climbing,31957,31893,31957,64
sniffing,32013,31957,32013,56
rising,32056,32013,32056,43
climbing,32079,32056,32079,23
sniffing,32080,32079,32080,1
rearing,32163,32080,32163,83
rising,32238,32163,32238,75
jumping,32276,32238,32276,38
sniffing,32304,32276,32304,28
climbing,32305,32304,32305,1
grooming,32417,32305,32417,112
rearing,32436,32417,32436,19
rising,32488,32436,32488,52
climbing,32517,32488,32517,29
sniffing,32680,32517,32680,163
walking,32731,32680,32731,51
sniffing,32741,32731,32741,10
climbing,32811,32741,32811,70
rearing,32812,32811,32812,1
grooming,33019,32812,33019,207
sniffing,33020,33019,33020,1
rising,33050,33020,33050,30
sniffing,33070,33050,33070,20
trotting,33092,33070,33092,22
sniffing,33093,33092,33093,1
walking,33109,33093,33109,16
sniffing,33194,33109,33194,85
pausing,33262,33194,33262,68
sniffing,33292,33262,33292,30
pausing,33403,33292,33403,111
sniffing,33404,33403,33404,1
rising,33459,33404,33459,55
sniffing,33460,33459,33460,1
rising,33482,33460,33482,22
climbing,33580,33482,33580,98
walking,33581,33580,33581,1
trotting,33609,33581,33609,28
sniffing,33610,33609,33610,1
stepping,33638,33610,33638,28
walking,33674,33638,33674,36
sniffing,34060,33674,34060,386
climbing,34138,34060,34138,78
rearing,34139,34138,34139,1
sniffing,34140,34139,34140,1
stepping,34199,34140,34199,59
sniffing,34291,34199,34291,92
rising,34340,34291,34340,49
sniffing,34432,34340,34432,92
rising,34438,34432,34438,6
grooming,34439,34438,34439,1
hunching,34457,34439,34457,18
climbing,34570,34457,34570,113
walking,34621,34570,34621,51
stepping,34663,34621,34663,42
rising,34716,34663,34716,53
sniffing,34753,34716,34753,37
walking,34754,34753,34754,1
sniffing,34818,34754,34818,64
hunching,34885,34818,34885,67
climbing,34896,34885,34896,11
rearing,34905,34896,34905,9
climbing,34975,34905,34975,70
rearing,35009,34975,35009,34
hunching,35010,35009,35010,1
right_turning,35011,35010,35011,1
trotting,35012,35011,35012,1
sniffing,35013,35012,35013,1
walking,35019,35013,35019,6
sniffing,35031,35019,35031,12
rising,35032,35031,35032,1
climbing,35060,35032,35060,28
sniffing,35188,35060,35188,128
walking,35242,35188,35242,54
sniffing,35311,35242,35311,69
climbing,35332,35311,35332,21
walking,35382,35332,35382,50
rising,35383,35382,35383,1
sniffing,35446,35383,35446,63
right_turning,35455,35446,35455,9
sniffing,35530,35455,35530,75
rearing,35591,35530,35591,61
rising,35633,35591,35633,42
stepping,35677,35633,35677,44
sniffing,35696,35677,35696,19
rising,35722,35696,35722,26
climbing,35734,35722,35734,12
right_turning,35764,35734,35764,30
stepping,35825,35764,35825,61
left_turning,35871,35825,35871,46
sniffing,35872,35871,35872,1
rising,35928,35872,35928,56
rearing,36028,35928,36028,100
left_turning,36029,36028,36029,1
rearing,36091,36029,36091,62
grooming,36119,36091,36119,28
rearing,36120,36119,36120,1
walking,36157,36120,36157,37
climbing,36173,36157,36173,16
grooming,36268,36173,36268,95
sniffing,36387,36268,36387,119
walking,36421,36387,36421,34
left_turning,36507,36421,36507,86
walking,36540,36507,36540,33
climbing,36550,36540,36550,10
sniffing,36598,36550,36598,48
left_turning,36642,36598,36642,44
trotting,36646,36642,36646,4
sniffing,36753,36646,36753,107
grooming,36915,36753,36915,162
sniffing,36945,36915,36945,30
rising,36985,36945,36985,40
climbing,37051,36985,37051,66
right_turning,37057,37051,37057,6
stepping,37108,37057,37108,51
climbing,37264,37108,37264,156
sniffing,37303,37264,37303,39
walking,37343,37303,37343,40
stepping,37389,37343,37389,46
climbing,37390,37389,37390,1
hunching,37419,37390,37419,29
grooming,37787,37419,37787,368
rearing,37788,37787,37788,1
sniffing,37789,37788,37789,1
trotting,37798,37789,37798,9
walking,37835,37798,37835,37
rising,37881,37835,37881,46
climbing,37882,37881,37882,1
walking,37885,37882,37885,3
rising,37961,37885,37961,76
trotting,37985,37961,37985,24
walking,37986,37985,37986,1
sniffing,38009,37986,38009,23
walking,38075,38009,38075,66
left_turning,38076,38075,38076,1
sniffing,38214,38076,38214,138
trotting,38237,38214,38237,23
sniffing,38363,38237,38363,126
climbing,38441,38363,38441,78
running,38461,38441,38461,20
walking,38522,38461,38522,61
sniffing,38523,38522,38523,1
left_turning,38586,38523,38586,63
sniffing,38594,38586,38594,8
left_turning,38595,38594,38595,1
walking,38651,38595,38651,56
sniffing,38808,38651,38808,157
rising,38889,38808,38889,81
rearing,38890,38889,38890,1
rising,38933,38890,38933,43
climbing,38985,38933,38985,52
rising,39003,38985,39003,18
walking,39054,39003,39054,51
sniffing,39055,39054,39055,1
left_turning,39072,39055,39072,17
running,39090,39072,39090,18
sniffing,39147,39090,39147,57
rearing,39176,39147,39176,29
climbing,39247,39176,39247,71
rising,39255,39247,39255,8
sniffing,39284,39255,39284,29
grooming,39335,39284,39335,51
hunching,39340,39335,39340,5
rising,39372,39340,39372,32
climbing,39419,39372,39419,47
hunching,39549,39419,39549,130
stepping,39603,39549,39603,54
walking,39661,39603,39661,58
sniffing,39662,39661,39662,1
rising,39739,39662,39739,77
sniffing,39857,39739,39857,118
rising,39869,39857,39869,12
trotting,39907,39869,39907,38
jumping,40190,39907,40190,283
trotting,40234,40190,40234,44
sniffing,40263,40234,40263,29
rising,40295,40263,40295,32
sniffing,40296,40295,40296,1
walking,40328,40296,40328,32
left_turning,40369,40328,40369,41
sniffing,40394,40369,40394,25
rising,40430,40394,40430,36
climbing,40431,40430,40431,1
hunching,40432,40431,40432,1
sniffing,40569,40432,40569,137
walking,40592,40569,40592,23
left_turning,40623,40592,40623,31
sniffing,40820,40623,40820,197
walking,40855,40820,40855,35
sniffing,40864,40855,40864,9
left_turning,40875,40864,40875,11
sniffing,40876,40875,40876,1
rising,40911,40876,40911,35
grooming,40924,40911,40924,13
rearing,40983,40924,40983,59
grooming,41084,40983,41084,101
sniffing,41113,41084,41113,29
walking,41179,41113,41179,66
sniffing,41180,41179,41180,1
rising,41181,41180,41181,1
climbing,41271,41181,41271,90
sniffing,41332,41271,41332,61
climbing,41343,41332,41343,11
walking,41365,41343,41365,22
climbing,41444,41365,41444,79
walking,41445,41444,41445,1
climbing,41495,41445,41495,50
sniffing,41604,41495,41604,109
rising,41620,41604,41620,16
sniffing,41621,41620,41621,1
climbing,41678,41621,41678,57
rising,41693,41678,41693,15
walking,41732,41693,41732,39
sniffing,41755,41732,41755,23
left_turning,41766,41755,41766,11
trotting,41789,41766,41789,23
walking,41864,41789,41864,75
rising,41933,41864,41933,69
rearing,42000,41933,42000,67
climbing,42022,42000,42022,22
sniffing,42024,42022,42024,2
rising,42040,42024,42040,16
sniffing,42083,42040,42083,43
hunching,42118,42083,42118,35
sniffing,42166,42118,42166,48
left_turning,42218,42166,42218,52
climbing,42246,42218,42246,28
rising,42316,42246,42316,70
climbing,42399,42316,42399,83
right_turning,42425,42399,42425,26
running,42463,42425,42463,38
stepping,42528,42463,42528,65
rising,42572,42528,42572,44
climbing,42602,42572,42602,30
sniffing,42607,42602,42607,5
trotting,42629,42607,42629,22
walking,42737,42629,42737,108
trotting,42763,42737,42763,26
walking,42788,42763,42788,25
sniffing,42807,42788,42807,19
rising,42860,42807,42860,53
right_turning,42862,42860,42862,2
sniffing,42863,42862,42863,1
walking,42877,42863,42877,14
climbing,42904,42877,42904,27
sniffing,43014,42904,43014,110
walking,43057,43014,43057,43
sniffing,43188,43057,43188,131
rearing,43231,43188,43231,43
sniffing,43248,43231,43248,17
left_turning,43252,43248,43252,4
running,43274,43252,43274,22
rising,43319,43274,43319,45
climbing,43337,43319,43337,18
walking,43391,43337,43391,54
sniffing,43392,43391,43392,1
rising,43393,43392,43393,1
climbing,43469,43393,43469,76
grooming,43692,43469,43692,223
walking,43693,43692,43693,1
climbing,43763,43693,43763,70
rearing,43764,43763,43764,1
climbing,43849,43764,43849,85
rising,43929,43849,43929,80
walking,43946,43929,43946,17
climbing,43992,43946,43992,46
stepping,44028,43992,44028,36
walking,44047,44028,44047,19
right_turning,44064,44047,44064,17
walking,44080,44064,44080,16
rising,44122,44080,44122,42
climbing,44123,44122,44123,1
rearing,44134,44123,44134,11
sniffing,44135,44134,44135,1
climbing,44142,44135,44142,7
rearing,44242,44142,44242,100
jumping,44322,44242,44322,80
rising,44341,44322,44341,19
trotting,44385,44341,44385,44
sniffing,44386,44385,44386,1
rearing,44458,44386,44458,72
climbing,44519,44458,44519,61
walking,44564,44519,44564,45
sniffing,44592,44564,44592,28
rearing,44694,44592,44694,102
stepping,44733,44694,44733,39
rising,44795,44733,44795,62
running,44834,44795,44834,39
right_turning,44862,44834,44862,28
running,44895,44862,44895,33
rising,44896,44895,44896,1
climbing,44949,44896,44949,53
sniffing,45001,44949,45001,52
pausing,45007,45001,45007,6
sniffing,45030,45007,45030,23
rising,45031,45030,45031,1
climbing,45118,45031,45118,87
rising,45119,45118,45119,1
climbing,45196,45119,45196,77
trotting,45304,45196,45304,108
left_turning,45345,45304,45345,41
walking,45397,45345,45397,52
sniffing,45533,45397,45533,136
rising,45552,45533,45552,19
sniffing,45553,45552,45553,1
walking,45624,45553,45624,71
left_turning,45683,45624,45683,59
sniffing,45725,45683,45725,42
rising,45732,45725,45732,7
rearing,45900,45732,45900,168
right_turning,45942,45900,45942,42
trotting,45989,45942,45989,47
sniffing,46133,45989,46133,144
rising,46134,46133,46134,1
right_turning,46217,46134,46217,83
walking,46218,46217,46218,1
sniffing,46219,46218,46219,1
left_turning,46222,46219,46222,3
sniffing,46369,46222,46369,147
trotting,46370,46369,46370,1
walking,46447,46370,46447,77
stepping,46493,46447,46493,46
sniffing,46585,46493,46585,92
left_turning,46600,46585,46600,15
sniffing,46642,46600,46642,42
running,46681,46642,46681,39
walking,46682,46681,46682,1
sniffing,46707,46682,46707,25
grooming,46708,46707,46708,1
rearing,46789,46708,46789,81
sniffing,46790,46789,46790,1
walking,46817,46790,46817,27
right_turning,46854,46817,46854,37
walking,46884,46854,46884,30
sniffing,46898,46884,46898,14
rearing,46899,46898,46899,1
rising,46900,46899,46900,1
right_turning,46962,46900,46962,62
stepping,46963,46962,46963,1
walking,46977,46963,46977,14
sniffing,47138,46977,47138,161
grooming,47285,47138,47285,147
sniffing,47349,47285,47349,64
left_turning,47350,47349,47350,1
sniffing,47351,47350,47351,1
walking,47357,47351,47357,6
climbing,47444,47357,47444,87
rising,47494,47444,47494,50
climbing,47566,47494,47566,72
rearing,47633,47566,47633,67
rising,47650,47633,47650,17
climbing,47727,47650,47727,77
walking,47840,47727,47840,113
climbing,47903,47840,47903,63
right_turning,47961,47903,47961,58
sniffing,47962,47961,47962,1
rising,47996,47962,47996,34
sniffing,48042,47996,48042,46
rearing,48159,48042,48159,117
climbing,48160,48159,48160,1
sniffing,48251,48160,48251,91
left_turning,48292,48251,48292,41
walking,48329,48292,48329,37
climbing,48370,48329,48370,41
rearing,48412,48370,48412,42
trotting,48469,48412,48469,57
walking,48504,48469,48504,35
rearing,48550,48504,48550,46
sniffing,48576,48550,48576,26
trotting,48620,48576,48620,44
sniffing,48621,48620,48621,1
climbing,48707,48621,48707,86
rising,48708,48707,48708,1
sniffing,48709,48708,48709,1
hunching,48766,48709,48766,57
sniffing,48801,48766,48801,35
pausing,48951,48801,48951,150
sniffing,49040,48951,49040,89
rising,49130,49040,49130,90
sniffing,49272,49130,49272,142
left_turning,49357,49272,49357,85
walking,49412,49357,49412,55
rearing,49487,49412,49487,75
rising,49555,49487,49555,68
sniffing,49652,49555,49652,97
climbing,49775,49652,49775,123
sniffing,49776,49775,49776,1
walking,49811,49776,49811,35
rising,49889,49811,49889,78
sniffing,49890,49889,49890,1
rising,49930,49890,49930,40
left_turning,49931,49930,49931,1
sniffing,50124,49931,50124,193
rearing,50153,50124,50153,29
rising,50186,50153,50186,33
walking,50257,50186,50257,71
stepping,50309,50257,50309,52
sniffing,50328,50309,50328,19
walking,50346,50328,50346,18
climbing,50500,50346,50500,154
sniffing,50536,50500,50536,36
rising,50550,50536,50550,14
sniffing,50640,50550,50640,90
left_turning,50657,50640,50657,17
sniffing,50661,50657,50661,4
walking,50713,50661,50713,52
climbing,50798,50713,50798,85
walking,50813,50798,50813,15
left_turning,50871,50813,50871,58
sniffing,50984,50871,50984,113
grooming,51206,50984,51206,222
stepping,51251,51206,51251,45
sniffing,51363,51251,51363,112
walking,51418,51363,51418,55
sniffing,51461,51418,51461,43
walking,51516,51461,51516,55
left_turning,51533,51516,51533,17
trotting,51562,51533,51562,29
sniffing,51563,51562,51563,1
left_turning,51603,51563,51603,40
trotting,51632,51603,51632,29
sniffing,51657,51632,51657,25
rising,51658,51657,51658,1
sniffing,51799,51658,51799,141
rising,51866,51799,51866,67
sniffing,51919,51866,51919,53
rearing,51920,51919,51920,1
sniffing,51970,51920,51970,50
left_turning,51971,51970,51971,1
sniffing,52016,51971,52016,45
left_turning,52072,52016,52072,56
trotting,52086,52072,52086,14
climbing,52163,52086,52163,77
rearing,52164,52163,52164,1
sniffing,52380,52164,52380,216
left_turning,52381,52380,52381,1
walking,52392,52381,52392,11
climbing,52421,52392,52421,29
rising,52468,52421,52468,47
climbing,52469,52468,52469,1
rising,52541,52469,52541,72
rearing,52542,52541,52542,1
sniffing,52660,52542,52660,118
walking,52760,52660,52760,100
trotting,52776,52760,52776,16
sniffing,52853,52776,52853,77
climbing,52854,52853,52854,1
running,52869,52854,52869,15
sniffing,52902,52869,52902,33
walking,52914,52902,52914,12
climbing,52915,52914,52915,1
right_turning,52967,52915,52967,52
walking,53014,52967,53014,47
rising,53032,53014,53032,18
walking,53036,53032,53036,4
sniffing,53153,53036,53153,117
stepping,53179,53153,53179,26
sniffing,53180,53179,53180,1
climbing,53295,53180,53295,115
left_turning,53327,53295,53327,32
sniffing,53517,53327,53517,190
left_turning,53575,53517,53575,58
walking,53628,53575,53628,53
trotting,53672,53628,53672,44
sniffing,53740,53672,53740,68
rising,53744,53740,53744,4
left_turning,53784,53744,53784,40
rearing,53889,53784,53889,105
grooming,53890,53889,53890,1
rearing,53899,53890,53899,9
sniffing,54000,53899,54000,101
climbing,54047,54000,54047,47
left_turning,54052,54047,54052,5
sniffing,54067,54052,54067,15
rising,54068,54067,54068,1
climbing,54122,54068,54122,54
rising,54137,54122,54137,15
walking,54138,54137,54138,1
climbing,54168,54138,54168,30
rearing,54169,54168,54169,1
sniffing,54178,54169,54178,9
rising,54249,54178,54249,71
climbing,54323,54249,54323,74
running,54360,54323,54360,37
sniffing,54389,54360,54389,29
trotting,54429,54389,54429,40
walking,54442,54429,54442,13
rising,54443,54442,54443,1
jumping,54553,54443,54553,110
sniffing,54617,54553,54617,64
right_turning,54618,54617,54618,1
left_turning,54675,54618,54675,57
trotting,54726,54675,54726,51
left_turning,54762,54726,54762,36
sniffing,54765,54762,54765,3
walking,54858,54765,54858,93
sniffing,54911,54858,54911,53
rising,54955,54911,54955,44
left_turning,55007,54955,55007,52
trotting,55036,55007,55036,29
sniffing,55037,55036,55037,1
rising,55059,55037,55059,22
hunching,55152,55059,55152,93
right_turning,55187,55152,55187,35
walking,55225,55187,55225,38
sniffing,55328,55225,55328,103
rising,55329,55328,55329,1
jumping,55471,55329,55471,142
rearing,55560,55471,55560,89
climbing,55677,55560,55677,117
rearing,55700,55677,55700,23
hunching,55706,55700,55706,6
grooming,55964,55706,55964,258
rearing,56141,55964,56141,177
rising,56142,56141,56142,1
sniffing,56223,56142,56223,81
right_turning,56224,56223,56224,1
walking,56317,56224,56317,93
sniffing,56364,56317,56364,47
left_turning,56428,56364,56428,64
running,56475,56428,56475,47
left_turning,56485,56475,56485,10
stepping,56519,56485,56519,34
climbing,56609,56519,56609,90
right_turning,56628,56609,56628,19
running,56659,56628,56659,31
sniffing,56727,56659,56727,68
rising,56771,56727,56771,44
sniffing,56801,56771,56801,30
right_turning,56853,56801,56853,52
sniffing,56886,56853,56886,33
walking,56913,56886,56913,27
climbing,56946,56913,56946,33
walking,56954,56946,56954,8
climbing,57117,56954,57117,163
trotting,57154,57117,57154,37
stepping,57187,57154,57187,33
rearing,57202,57187,57202,15
sniffing,57237,57202,57237,35
rising,57287,57237,57287,50
sniffing,57304,57287,57304,17
right_turning,57305,57304,57305,1
stepping,57342,57305,57342,37
walking,57359,57342,57359,17
climbing,57426,57359,57426,67
walking,57469,57426,57469,43
sniffing,57485,57469,57485,16
walking,57523,57485,57523,38
rising,57593,57523,57593,70
sniffing,57699,57593,57699,106
rising,57822,57699,57822,123
right_turning,57884,57822,57884,62
sniffing,57896,57884,57896,12
walking,57909,57896,57909,13
climbing,57974,57909,57974,65
rearing,58207,57974,58207,233
grooming,58519,58207,58519,312
walking,58555,58519,58555,36
sniffing,58570,58555,58570,15
rising,58592,58570,58592,22
climbing,58630,58592,58630,38
sniffing,58680,58630,58680,50
climbing,58727,58680,58727,47
rearing,58781,58727,58781,54
climbing,58829,58781,58829,48
rising,58913,58829,58913,84
climbing,59026,58913,59026,113
sniffing,59027,59026,59027,1
right_turning,59049,59027,59049,22
rising,59095,59049,59095,46
climbing,59136,59095,59136,41
rising,59142,59136,59142,6
climbing,59228,59142,59228,86
walking,59278,59228,59278,50
sniffing,59290,59278,59290,12
walking,59319,59290,59319,29
rising,59364,59319,59364,45
climbing,59460,59364,59460,96
rearing,59461,59460,59461,1
left_turning,59504,59461,59504,43
walking,59570,59504,59570,66
rearing,59628,59570,59628,58
jumping,59837,59628,59837,209
right_turning,59865,59837,59865,28
sniffing,59877,59865,59877,12
climbing,59934,59877,59934,57
walking,59990,59934,59990,56
climbing,60071,59990,60071,81
sniffing,60104,60071,60104,33
walking,60164,60104,60164,60
sniffing,60182,60164,60182,18
right_turning,60183,60182,60183,1
walking,60216,60183,60216,33
left_turning,60255,60216,60255,39
sniffing,60299,60255,60299,44
stepping,60351,60299,60351,52
trotting,60379,60351,60379,28
rising,60380,60379,60380,1
climbing,60418,60380,60418,38
sniffing,60478,60418,60478,60
stepping,60501,60478,60501,23
rearing,60598,60501,60598,97
hunching,60599,60598,60599,1
rearing,60690,60599,60690,91
grooming,60691,60690,60691,1
sniffing,60692,60691,60692,1
stepping,60717,60692,60717,25
left_turning,60756,60717,60756,39
sniffing,60757,60756,60757,1
right_turning,60784,60757,60784,27
stepping,60795,60784,60795,11
rearing,60831,60795,60831,36
grooming,60841,60831,60841,10
sniffing,60842,60841,60842,1
right_turning,60868,60842,60868,26
left_turning,60874,60868,60874,6
sniffing,61015,60874,61015,141
walking,61035,61015,61035,20
sniffing,61180,61035,61180,145
right_turning,61207,61180,61207,27
trotting,61234,61207,61234,27
walking,61281,61234,61281,47
left_turning,61342,61281,61342,61
climbing,61355,61342,61355,13
left_turning,61432,61355,61432,77
sniffing,61468,61432,61468,36
rising,61522,61468,61522,54
climbing,61557,61522,61557,35
left_turning,61617,61557,61617,60
walking,61667,61617,61667,50
sniffing,61688,61667,61688,21
stepping,61692,61688,61692,4
rising,61728,61692,61728,36
trotting,61760,61728,61760,32
rising,61837,61760,61837,77
climbing,61872,61837,61872,35
sniffing,62089,61872,62089,217
rising,62166,62089,62166,77
rearing,62182,62166,62182,16
sniffing,62183,62182,62183,1
stepping,62191,62183,62191,8
right_turning,62201,62191,62201,10
trotting,62240,62201,62240,39
sniffing,62314,62240,62314,74
stepping,62337,62314,62337,23
climbing,62495,62337,62495,158
walking,62558,62495,62558,63
right_turning,62592,62558,62592,34
trotting,62603,62592,62603,11
sniffing,62635,62603,62635,32
hunching,62655,62635,62655,20
sniffing,62685,62655,62685,30
walking,62737,62685,62737,52
sniffing,62738,62737,62738,1
walking,62828,62738,62828,90
left_turning,62870,62828,62870,42
rising,62902,62870,62902,32
climbing,62906,62902,62906,4
sniffing,62927,62906,62927,21
walking,62949,62927,62949,22
stepping,62993,62949,62993,44
sniffing,63195,62993,63195,202
stepping,63245,63195,63245,50
sniffing,63404,63245,63404,159
stepping,63451,63404,63451,47
right_turning,63504,63451,63504,53
rearing,63505,63504,63505,1
rising,63548,63505,63548,43
climbing,63593,63548,63593,45
running,63622,63593,63622,29
sniffing,63656,63622,63656,34
right_turning,63657,63656,63657,1
walking,63658,63657,63658,1
rising,63698,63658,63698,40
sniffing,63747,63698,63747,49
rising,63796,63747,63796,49
sniffing,63851,63796,63851,55
climbing,63852,63851,63852,1
sniffing,63924,63852,63924,72
hunching,63972,63924,63972,48
rising,63988,63972,63988,16
rearing,64009,63988,64009,21
climbing,64017,64009,64017,8
grooming,64207,64017,64207,190
rising,64208,64207,64208,1
rearing,64242,64208,64242,34
sniffing,64278,64242,64278,36
rising,64357,64278,64357,79
climbing,64496,64357,64496,139
rising,64509,64496,64509,13
rearing,64520,64509,64520,11
grooming,64521,64520,64521,1
climbing,64658,64521,64658,137
rising,64772,64658,64772,114
sniffing,64773,64772,64773,1
climbing,64823,64773,64823,50
sniffing,64861,64823,64861,38
walking,64869,64861,64869,8
stepping,64896,64869,64896,27
right_turning,64969,64896,64969,73
trotting,65013,64969,65013,44
rising,65111,65013,65111,98
climbing,65215,65111,65215,104
rearing,65216,65215,65216,1
climbing,65248,65216,65248,32
rearing,65280,65248,65280,32
walking,65333,65280,65333,53
sniffing,65408,65333,65408,75
stepping,65493,65408,65493,85
sniffing,65501,65493,65501,8
right_turning,65564,65501,65564,63
climbing,65565,65564,65565,1
walking,65609,65565,65609,44
sniffing,65610,65609,65610,1
rising,65611,65610,65611,1
sniffing,65614,65611,65614,3
rising,65632,65614,65632,18
sniffing,65633,65632,65633,1
rising,65711,65633,65711,78
sniffing,65725,65711,65725,14
grooming,65726,65725,65726,1
sniffing,65870,65726,65870,144
left_turning,65997,65870,65997,127
sniffing,66064,65997,66064,67
left_turning,66125,66064,66125,61
sniffing,66250,66125,66250,125
climbing,66252,66250,66252,2
hunching,66253,66252,66253,1
climbing,66292,66253,66292,39
walking,66317,66292,66317,25
stepping,66335,66317,66335,18
sniffing,66364,66335,66364,29
rising,66380,66364,66380,16
stepping,66381,66380,66381,1
rising,66382,66381,66382,1
climbing,66463,66382,66463,81
trotting,66517,66463,66517,54
hunching,66541,66517,66541,24
climbing,66576,66541,66576,35
rearing,66669,66576,66669,93
sniffing,66676,66669,66676,7
walking,66677,66676,66677,1
sniffing,66678,66677,66678,1
left_turning,66679,66678,66679,1
sniffing,66716,66679,66716,37
left_turning,66717,66716,66717,1
sniffing,66785,66717,66785,68
left_turning,66793,66785,66793,8
sniffing,67040,66793,67040,247
right_turning,67068,67040,67068,28
stepping,67086,67068,67086,18
walking,67087,67086,67087,1
trotting,67162,67087,67162,75
rising,67175,67162,67175,13
climbing,67239,67175,67239,64
sniffing,67250,67239,67250,11
grooming,67569,67250,67569,319
left_turning,67571,67569,67571,2
walking,67659,67571,67659,88
rearing,67734,67659,67734,75
sniffing,67735,67734,67735,1
rising,67767,67735,67767,32
walking,67787,67767,67787,20
sniffing,67792,67787,67792,5
walking,67889,67792,67889,97
stepping,67943,67889,67943,54
climbing,67957,67943,67957,14
right_turning,67980,67957,67980,23
running,67981,67980,67981,1
walking,68023,67981,68023,42
sniffing,68062,68023,68062,39
hunching,68094,68062,68094,32
right_turning,68116,68094,68116,22
climbing,68260,68116,68260,144
rearing,68271,68260,68271,11
climbing,68342,68271,68342,71
hunching,68465,68342,68465,123
right_turning,68497,68465,68497,32
walking,68523,68497,68523,26
trotting,68524,68523,68524,1
sniffing,68697,68524,68697,173
trotting,68698,68697,68698,1
sniffing,68767,68698,68767,69
grooming,68792,68767,68792,25
rearing,68793,68792,68793,1
climbing,68819,68793,68819,26
right_turning,68841,68819,68841,22
sniffing,68842,68841,68842,1
rising,68843,68842,68843,1
running,68844,68843,68844,1
stepping,68880,68844,68880,36
right_turning,68891,68880,68891,11
rising,68917,68891,68917,26
right_turning,68928,68917,68928,11
stepping,68955,68928,68955,27
sniffing,68956,68955,68956,1
rising,68957,68956,68957,1
running,68989,68957,68989,32
rising,69090,68989,69090,101
climbing,69132,69090,69132,42
rearing,69135,69132,69135,3
rising,69153,69135,69153,18
climbing,69221,69153,69221,68
rising,69310,69221,69310,89
sniffing,69339,69310,69339,29
rising,69340,69339,69340,1
climbing,69344,69340,69344,4
right_turning,69354,69344,69354,10
trotting,69406,69354,69406,52
rising,69427,69406,69427,21
climbing,69488,69427,69488,61
rising,69544,69488,69544,56
climbing,69582,69544,69582,38
right_turning,69621,69582,69621,39
walking,69642,69621,69642,21
rising,69644,69642,69644,2
sniffing,69785,69644,69785,141
trotting,69809,69785,69809,24
stepping,69835,69809,69835,26
rising,69880,69835,69880,45
climbing,69922,69880,69922,42
rising,69923,69922,69923,1
climbing,70005,69923,70005,82
right_turning,70048,70005,70048,43
sniffing,70068,70048,70068,20
rising,70116,70068,70116,48
rearing,70173,70116,70173,57
sniffing,70187,70173,70187,14
left_turning,70188,70187,70188,1
sniffing,70189,70188,70189,1
walking,70256,70189,70256,67
climbing,70348,70256,70348,92
walking,70364,70348,70364,16
climbing,70386,70364,70386,22
sniffing,70424,70386,70424,38
rising,70435,70424,70435,11
hunching,70497,70435,70497,62
grooming,70498,70497,70498,1
rearing,70573,70498,70573,75
climbing,70622,70573,70622,49
rising,70652,70622,70652,30
climbing,70671,70652,70671,19
rising,70672,70671,70672,1
climbing,70706,70672,70706,34
sniffing,70784,70706,70784,78
grooming,71078,70784,71078,294
sniffing,71128,71078,71128,50
walking,71188,71128,71188,60
sniffing,71221,71188,71221,33
hunching,71240,71221,71240,19
sniffing,71241,71240,71241,1
walking,71310,71241,71310,69
rising,71342,71310,71342,32
sniffing,71374,71342,71374,32
right_turning,71422,71374,71422,48
left_turning,71487,71422,71487,65
sniffing,71562,71487,71562,75
right_turning,71584,71562,71584,22
rising,71611,71584,71611,27
sniffing,71714,71611,71714,103
rising,71797,71714,71797,83
sniffing,71838,71797,71838,41
rising,71883,71838,71883,45
climbing,71949,71883,71949,66
grooming,72148,71949,72148,199
sniffing,72182,72148,72182,34
right_turning,72183,72182,72183,1
running,72267,72183,72267,84
sniffing,72268,72267,72268,1
walking,72275,72268,72275,7
rising,72324,72275,72324,49
sniffing,72423,72324,72423,99
rising,72424,72423,72424,1
sniffing,72425,72424,72425,1
left_turning,72473,72425,72473,48
sniffing,72480,72473,72480,7
climbing,72481,72480,72481,1
rising,72510,72481,72510,29
sniffing,72555,72510,72555,45
rising,72623,72555,72623,68
sniffing,72624,72623,72624,1
walking,72663,72624,72663,39
sniffing,72799,72663,72799,136
pausing,72906,72799,72906,107
sniffing,72907,72906,72907,1
right_turning,72908,72907,72908,1
climbing,72974,72908,72974,66
walking,73001,72974,73001,27
climbing,73002,73001,73002,1
grooming,73003,73002,73003,1
rearing,73004,73003,73004,1
rising,73027,73004,73027,23
sniffing,73028,73027,73028,1
rearing,73063,73028,73063,35
climbing,73064,73063,73064,1
rising,73117,73064,73117,53
left_turning,73138,73117,73138,21
walking,73217,73138,73217,79
trotting,73237,73217,73237,20
climbing,73469,73237,73469,232
sniffing,73481,73469,73481,12
right_turning,73482,73481,73482,1
running,73519,73482,73519,37
stepping,73545,73519,73545,26
walking,73574,73545,73574,29
sniffing,73575,73574,73575,1
rising,73581,73575,73581,6
sniffing,73652,73581,73652,71
walking,73669,73652,73669,17
rearing,73692,73669,73692,23
sniffing,73811,73692,73811,119
walking,73873,73811,73873,62
climbing,73984,73873,73984,111
sniffing,73990,73984,73990,6
left_turning,74025,73990,74025,35
hunching,74038,74025,74038,13
right_turning,74046,74038,74046,8
walking,74047,74046,74047,1
sniffing,74138,74047,74138,91
walking,74220,74138,74220,82
sniffing,74233,74220,74233,13
rising,74253,74233,74253,20
sniffing,74254,74253,74254,1
stepping,74277,74254,74277,23
climbing,74278,74277,74278,1
sniffing,74384,74278,74384,106
walking,74420,74384,74420,36
stepping,74440,74420,74440,20
walking,74472,74440,74472,32
rising,74533,74472,74533,61
climbing,74546,74533,74546,13
rearing,74547,74546,74547,1
grooming,74807,74547,74807,260
rearing,74845,74807,74845,38
hunching,74887,74845,74887,42
running,74901,74887,74901,14
walking,74969,74901,74969,68
rising,75024,74969,75024,55
sniffing,75086,75024,75086,62
climbing,75140,75086,75140,54
sniffing,75174,75140,75174,34
rising,75238,75174,75238,64
climbing,75276,75238,75276,38
right_turning,75327,75276,75327,51
sniffing,75361,75327,75361,34
running,75406,75361,75406,45
sniffing,75480,75406,75480,74
rearing,75517,75480,75517,37
climbing,75575,75517,75575,58
rearing,75576,75575,75576,1
sniffing,75711,75576,75711,135
climbing,75827,75711,75827,116
trotting,75885,75827,75885,58
walking,75936,75885,75936,51
sniffing,76248,75936,76248,312
rising,76286,76248,76286,38
climbing,76287,76286,76287,1
rising,76290,76287,76290,3
rearing,76291,76290,76291,1
rising,76292,76291,76292,1
climbing,76320,76292,76320,28
right_turning,76321,76320,76321,1
walking,76400,76321,76400,79
sniffing,76488,76400,76488,88
rising,76530,76488,76530,42
rearing,76531,76530,76531,1
grooming,76548,76531,76548,17
rearing,76621,76548,76621,73
climbing,76712,76621,76712,91
hunching,76772,76712,76772,60
walking,76817,76772,76817,45
sniffing,76872,76817,76872,55
left_turning,76873,76872,76873,1
walking,76913,76873,76913,40
trotting,76943,76913,76943,30
walking,76980,76943,76980,37
jumping,77020,76980,77020,40
sniffing,77021,77020,77021,1
right_turning,77064,77021,77064,43
trotting,77102,77064,77102,38
walking,77166,77102,77166,64
sniffing,77211,77166,77211,45
stepping,77212,77211,77212,1
sniffing,77213,77212,77213,1
left_turning,77224,77213,77224,11
trotting,77232,77224,77232,8
sniffing,77249,77232,77249,17
trotting,77278,77249,77278,29
rising,77320,77278,77320,42
sniffing,77377,77320,77377,57
rising,77398,77377,77398,21
sniffing,77502,77398,77502,104
left_turning,77507,77502,77507,5
walking,77562,77507,77562,55
left_turning,77563,77562,77563,1
sniffing,77739,77563,77739,176
walking,77802,77739,77802,63
sniffing,77925,77802,77925,123
right_turning,77940,77925,77940,15
sniffing,78093,77940,78093,153
hunching,78094,78093,78094,1
climbing,78120,78094,78120,26
rising,78168,78120,78168,48
climbing,78169,78168,78169,1
rising,78218,78169,78218,49
climbing,78317,78218,78317,99
rising,78388,78317,78388,71
climbing,78427,78388,78427,39
right_turning,78492,78427,78492,65
running,78521,78492,78521,29
trotting,78585,78521,78585,64
left_turning,78650,78585,78650,65
sniffing,78683,78650,78683,33
climbing,78767,78683,78767,84
right_turning,78771,78767,78771,4
sniffing,78971,78771,78971,200
climbing,78972,78971,78972,1
rising,78980,78972,78980,8
walking,78981,78980,78981,1
sniffing,79029,78981,79029,48
rising,79080,79029,79080,51
sniffing,79154,79080,79154,74
right_turning,79165,79154,79165,11
climbing,79172,79165,79172,7
sniffing,79256,79172,79256,84
rising,79257,79256,79257,1
climbing,79341,79257,79341,84
rearing,79397,79341,79397,56
hunching,79478,79397,79478,81
rising,79497,79478,79497,19
walking,79607,79497,79607,110
trotting,79666,79607,79666,59
climbing,79776,79666,79776,110
rearing,79844,79776,79844,68
hunching,79920,79844,79920,76
sniffing,79995,79920,79995,75
walking,80065,79995,80065,70
right_turning,80119,80065,80119,54
rising,80253,80119,80253,134
climbing,80332,80253,80332,79
rearing,80343,80332,80343,11
grooming,80344,80343,80344,1
sniffing,80345,80344,80345,1
climbing,80368,80345,80368,23
walking,80369,80368,80369,1
trotting,80448,80369,80448,79
sniffing,80498,80448,80498,50
rising,80570,80498,80570,72
sniffing,80821,80570,80821,251
right_turning,80871,80821,80871,50
walking,80872,80871,80872,1
rising,80924,80872,80924,52
left_turning,80968,80924,80968,44
sniffing,81184,80968,81184,216
rising,81207,81184,81207,23
left_turning,81252,81207,81252,45
walking,81296,81252,81296,44
sniffing,81351,81296,81351,55
running,81361,81351,81361,10
stepping,81397,81361,81397,36
running,81414,81397,81414,17
trotting,81443,81414,81443,29
rising,81444,81443,81444,1
hunching,81445,81444,81445,1
climbing,81514,81445,81514,69
left_turning,81580,81514,81580,66
walking,81660,81580,81660,80
rising,81714,81660,81714,54
climbing,81715,81714,81715,1
sniffing,81794,81715,81794,79
climbing,81880,81794,81880,86
sniffing,81935,81880,81935,55
left_turning,81962,81935,81962,27
sniffing,82216,81962,82216,254
rising,82272,82216,82272,56
sniffing,82424,82272,82424,152
walking,82454,82424,82454,30
climbing,82511,82454,82511,57
sniffing,82545,82511,82545,34
hunching,82546,82545,82546,1
climbing,82572,82546,82572,26
sniffing,82573,82572,82573,1
rising,82595,82573,82595,22
climbing,82645,82595,82645,50
rising,82646,82645,82646,1
climbing,82735,82646,82735,89
rising,82772,82735,82772,37
rearing,82815,82772,82815,43
walking,82816,82815,82816,1
sniffing,82839,82816,82839,23
climbing,82920,82839,82920,81
sniffing,82921,82920,82921,1
left_turning,83014,82921,83014,93
rising,83015,83014,83015,1
sniffing,83016,83015,83016,1
right_turning,83029,83016,83029,13
walking,83089,83029,83089,60
sniffing,83130,83089,83130,41
rising,83136,83130,83136,6
sniffing,83272,83136,83272,136
grooming,83896,83272,83896,624
sniffing,83970,83896,83970,74
rising,84088,83970,84088,118
sniffing,84251,84088,84251,163
walking,84339,84251,84339,88
sniffing,84466,84339,84466,127
pausing,84467,84466,84467,1
sniffing,84596,84467,84596,129
rising,84597,84596,84597,1
climbing,84606,84597,84606,9
right_turning,84618,84606,84618,12
sniffing,84818,84618,84818,200
walking,84859,84818,84859,41
climbing,84909,84859,84909,50
walking,84910,84909,84910,1
rising,84942,84910,84942,32
sniffing,85064,84942,85064,122
left_turning,85065,85064,85065,1
walking,85096,85065,85096,31
trotting,85139,85096,85139,43
running,85172,85139,85172,33
walking,85184,85172,85184,12
sniffing,85343,85184,85343,159
walking,85370,85343,85370,27
trotting,85395,85370,85395,25
walking,85468,85395,85468,73
sniffing,85469,85468,85469,1
rising,85497,85469,85497,28
climbing,85581,85497,85581,84
walking,85598,85581,85598,17
sniffing,85665,85598,85665,67
right_turning,85696,85665,85696,31
climbing,85697,85696,85697,1
sniffing,85743,85697,85743,46
rearing,85756,85743,85756,13
walking,85852,85756,85852,96
sniffing,85937,85852,85937,85
rising,85987,85937,85987,50
rearing,85988,85987,85988,1
climbing,86110,85988,86110,122
rising,86144,86110,86144,34
right_turning,86145,86144,86145,1
sniffing,86248,86145,86248,103
climbing,86320,86248,86320,72
sniffing,86482,86320,86482,162
rising,86530,86482,86530,48
rearing,86671,86530,86671,141
sniffing,86795,86671,86795,124
rising,86832,86795,86832,37
sniffing,86875,86832,86875,43
climbing,87010,86875,87010,135
rising,87018,87010,87018,8
climbing,87031,87018,87031,13
rising,87040,87031,87040,9
sniffing,87177,87040,87177,137
rising,87203,87177,87203,26
rearing,87321,87203,87321,118
left_turning,87403,87321,87403,82
sniffing,87463,87403,87463,60
rising,87480,87463,87480,17
sniffing,87481,87480,87481,1
grooming,88405,87481,88405,924
sniffing,88519,88405,88519,114
hunching,88570,88519,88570,51
rising,88675,88570,88675,105
stepping,88696,88675,88696,21
trotting,88739,88696,88739,43
stepping,88770,88739,88770,31
sniffing,88787,88770,88787,17
rearing,88813,88787,88813,26
sniffing,89091,88813,89091,278
right_turning,89128,89091,89128,37
rising,89239,89128,89239,111
rearing,89308,89239,89308,69
rising,89343,89308,89343,35
climbing,89549,89343,89549,206
running,89550,89549,89550,1
left_turning,89581,89550,89581,31
sniffing,89617,89581,89617,36
walking,89618,89617,89618,1
sniffing,89698,89618,89698,80
walking,89807,89698,89807,109
left_turning,89828,89807,89828,21
walking,89892,89828,89892,64
stepping,89935,89892,89935,43
walking,89948,89935,89948,13
right_turning,89962,89948,89962,14
trotting,90002,89962,90002,40
sniffing,90134,90002,90134,132
stepping,90164,90134,90164,30
right_turning,90214,90164,90214,50
trotting,90235,90214,90235,21
running,90277,90235,90277,42
walking,90296,90277,90296,19
climbing,90322,90296,90322,26
trotting,90350,90322,90350,28
walking,90377,90350,90377,27
sniffing,90434,90377,90434,57
left_turning,90498,90434,90498,64
running,90513,90498,90513,15
walking,90516,90513,90516,3
sniffing,90701,90516,90701,185
climbing,90851,90701,90851,150
right_turning,90880,90851,90880,29
walking,90937,90880,90937,57
running,90981,90937,90981,44
walking,91006,90981,91006,25
left_turning,91029,91006,91029,23
rising,91093,91029,91093,64
sniffing,91094,91093,91094,1
hunching,91162,91094,91162,68
climbing,91269,91162,91269,107
rising,91270,91269,91270,1
walking,91271,91270,91271,1
stepping,91305,91271,91305,34
climbing,91397,91305,91397,92
rearing,91421,91397,91421,24
running,91441,91421,91441,20
sniffing,91442,91441,91442,1
rising,91456,91442,91456,14
right_turning,91497,91456,91497,41
trotting,91523,91497,91523,26
sniffing,91577,91523,91577,54
rising,91583,91577,91583,6
sniffing,91619,91583,91619,36
rising,91702,91619,91702,83
climbing,91807,91702,91807,105
sniffing,91808,91807,91808,1
pausing,92009,91808,92009,201
sniffing,92183,92009,92183,174
grooming,92330,92183,92330,147
sniffing,92372,92330,92372,42
walking,92426,92372,92426,54
sniffing,92503,92426,92503,77
rising,92535,92503,92535,32
sniffing,92556,92535,92556,21
grooming,92644,92556,92644,88
hunching,92665,92644,92665,21
grooming,92994,92665,92994,329
climbing,93248,92994,93248,254
sniffing,93387,93248,93387,139
left_turning,93448,93387,93448,61
walking,93460,93448,93460,12
right_turning,93492,93460,93492,32
rearing,93566,93492,93566,74
sniffing,93600,93566,93600,34
rising,93633,93600,93633,33
left_turning,93663,93633,93663,30
sniffing,93678,93663,93678,15
climbing,93694,93678,93694,16
walking,93695,93694,93695,1
trotting,93764,93695,93764,69
rising,93778,93764,93778,14
sniffing,94002,93778,94002,224
rising,94104,94002,94104,102
climbing,94238,94104,94238,134
rearing,94314,94238,94314,76
sniffing,94330,94314,94330,16
right_turning,94331,94330,94331,1
trotting,94332,94331,94332,1
stepping,94435,94332,94435,103
left_turning,94487,94435,94487,52
sniffing,94553,94487,94553,66
climbing,94616,94553,94616,63
sniffing,94617,94616,94617,1
rearing,94618,94617,94618,1
rising,94636,94618,94636,18
rearing,94756,94636,94756,120
rising,94767,94756,94767,11
walking,94817,94767,94817,50
sniffing,95028,94817,95028,211
grooming,95029,95028,95029,1
climbing,95115,95029,95115,86
trotting,95130,95115,95130,15
walking,95143,95130,95143,13
stepping,95191,95143,95191,48
rising,95230,95191,95230,39
climbing,95261,95230,95261,31
left_turning,95314,95261,95314,53
trotting,95336,95314,95336,22
walking,95369,95336,95369,33
sniffing,95515,95369,95515,146
walking,95533,95515,95533,18
climbing,95610,95533,95610,77
rearing,95611,95610,95611,1
grooming,95750,95611,95750,139
sniffing,95827,95750,95827,77
rising,95925,95827,95925,98
rearing,95926,95925,95926,1
grooming,95927,95926,95927,1
sniffing,95928,95927,95928,1
climbing,95929,95928,95929,1
walking,95986,95929,95986,57
stepping,96126,95986,96126,140
walking,96145,96126,96145,19
climbing,96242,96145,96242,97
walking,96258,96242,96258,16
climbing,96315,96258,96315,57
right_turning,96353,96315,96353,38
running,96380,96353,96380,27
right_turning,96393,96380,96393,13
trotting,96438,96393,96438,45
climbing,96533,96438,96533,95
sniffing,96575,96533,96575,42
grooming,96576,96575,96576,1
rearing,96619,96576,96619,43
rising,96620,96619,96620,1
rearing,96621,96620,96621,1
walking,96637,96621,96637,16
climbing,96753,96637,96753,116
grooming,96754,96753,96754,1
rearing,96842,96754,96842,88
sniffing,96869,96842,96869,27
climbing,97041,96869,97041,172
rearing,97138,97041,97138,97
left_turning,97208,97138,97208,70
stepping,97264,97208,97264,56
sniffing,97295,97264,97295,31
left_turning,97408,97295,97408,113
sniffing,97542,97408,97542,134
running,97577,97542,97577,35
left_turning,97593,97577,97593,16
walking,97618,97593,97618,25
rising,97648,97618,97648,30
sniffing,97684,97648,97684,36
right_turning,97742,97684,97742,58
trotting,97809,97742,97809,67
sniffing,98035,97809,98035,226
rising,98077,98035,98077,42
sniffing,98183,98077,98183,106
left_turning,98204,98183,98204,21
walking,98277,98204,98277,73
right_turning,98279,98277,98279,2
sniffing,98388,98279,98388,109
left_turning,98404,98388,98404,16
trotting,98430,98404,98430,26
hunching,98465,98430,98465,35
grooming,98569,98465,98569,104
hunching,98570,98569,98570,1
rising,98572,98570,98572,2
sniffing,98743,98572,98743,171
left_turning,98782,98743,98782,39
walking,98836,98782,98836,54
sniffing,98865,98836,98865,29
stepping,98939,98865,98939,74
rising,98965,98939,98965,26
climbing,99051,98965,99051,86
sniffing,99077,99051,99077,26
climbing,99205,99077,99205,128
sniffing,99283,99205,99283,78
rearing,99324,99283,99324,41
rising,99325,99324,99325,1
sniffing,99515,99325,99515,190
rising,99580,99515,99580,65
climbing,99698,99580,99698,118
right_turning,99718,99698,99718,20
walking,99719,99718,99719,1
rising,99769,99719,99769,50
sniffing,99831,99769,99831,62
left_turning,99836,99831,99836,5
sniffing,99862,99836,99862,26
right_turning,99877,99862,99877,15
sniffing,99878,99877,99878,1
grooming,100010,99878,100010,132
sniffing,100165,100010,100165,155
rising,100199,100165,100199,34
sniffing,100289,100199,100289,90
rising,100379,100289,100379,90
right_turning,100408,100379,100408,29
rearing,100409,100408,100409,1
grooming,100410,100409,100410,1
climbing,100411,100410,100411,1
trotting,100437,100411,100437,26
sniffing,100438,100437,100438,1
hunching,100454,100438,100454,16
sniffing,100458,100454,100458,4
stepping,100475,100458,100475,17
sniffing,100476,100475,100476,1
rising,100572,100476,100572,96
sniffing,100744,100572,100744,172
climbing,100808,100744,100808,64
sniffing,100809,100808,100809,1
climbing,100990,100809,100990,181
rising,101025,100990,101025,35
sniffing,101248,101025,101248,223
climbing,101438,101248,101438,190
right_turning,101439,101438,101439,1
sniffing,101603,101439,101603,164
rising,101624,101603,101624,21
sniffing,101665,101624,101665,41
stepping,101695,101665,101695,30
rising,101724,101695,101724,29
climbing,101778,101724,101778,54
rearing,101893,101778,101893,115
grooming,102141,101893,102141,248
hunching,102182,102141,102182,41
sniffing,102321,102182,102321,139
climbing,102399,102321,102399,78
rising,102519,102399,102519,120
sniffing,102565,102519,102565,46
right_turning,102622,102565,102622,57
sniffing,102674,102622,102674,52
trotting,102708,102674,102708,34
sniffing,102809,102708,102809,101
climbing,102888,102809,102888,79
rearing,102966,102888,102966,78
rising,103041,102966,103041,75
walking,103128,103041,103128,87
stepping,103143,103128,103143,15
left_turning,103239,103143,103239,96
running,103256,103239,103256,17
walking,103274,103256,103274,18
stepping,103303,103274,103303,29
sniffing,103405,103303,103405,102
climbing,103406,103405,103406,1
walking,103447,103406,103447,41
sniffing,103494,103447,103494,47
grooming,103568,103494,103568,74
right_turning,103575,103568,103575,7
trotting,103601,103575,103601,26
walking,103640,103601,103640,39
right_turning,103679,103640,103679,39
running,103695,103679,103695,16
walking,103749,103695,103749,54
sniffing,103865,103749,103865,116
left_turning,103893,103865,103893,28
trotting,103902,103893,103902,9
sniffing,103946,103902,103946,44
stepping,103973,103946,103973,27
hunching,103974,103973,103974,1
sniffing,104129,103974,104129,155
rising,104182,104129,104182,53
climbing,104299,104182,104299,117
sniffing,104329,104299,104329,30
rearing,104330,104329,104330,1
climbing,104333,104330,104333,3
hunching,104347,104333,104347,14
rising,104407,104347,104407,60
sniffing,104432,104407,104432,25
rising,104436,104432,104436,4
sniffing,104508,104436,104508,72
rearing,104509,104508,104509,1
climbing,104576,104509,104576,67
rising,104635,104576,104635,59
climbing,104636,104635,104636,1
rising,104653,104636,104653,17
climbing,104744,104653,104744,91
sniffing,104928,104744,104928,184
walking,104990,104928,104990,62
climbing,105141,104990,105141,151
sniffing,105440,105141,105440,299
stepping,105459,105440,105459,19
sniffing,105460,105459,105460,1
rising,105461,105460,105461,1
sniffing,105524,105461,105524,63
rising,105533,105524,105533,9
climbing,105636,105533,105636,103
rising,105766,105636,105766,130
climbing,105774,105766,105774,8
sniffing,105974,105774,105974,200
grooming,106045,105974,106045,71
sniffing,106159,106045,106159,114
left_turning,106243,106159,106243,84
climbing,106283,106243,106283,40
right_turning,106369,106283,106369,86
walking,106420,106369,106420,51
rearing,106452,106420,106452,32
grooming,107065,106452,107065,613
left_turning,107114,107065,107114,49
grooming,107164,107114,107164,50
rising,107221,107164,107221,57
hunching,107316,107221,107316,95
rising,107401,107316,107401,85
rearing,107502,107401,107502,101
climbing,107577,107502,107577,75
hunching,107653,107577,107653,76
rising,108000,107653,108000,347
