revised_movement_label,segBoundary,segBoundary_start,segBoundary_end,length
walking,118,0,118,118
trotting,155,118,155,37
walking,156,155,156,1
sniffing,208,156,208,52
left_turning,223,208,223,15
running,244,223,244,21
left_turning,292,244,292,48
rising,361,292,361,69
climbing,424,361,424,63
trotting,490,424,490,66
walking,518,490,518,28
trotting,573,518,573,55
rising,583,573,583,10
walking,648,583,648,65
sniffing,649,648,649,1
trotting,657,649,657,8
sniffing,708,657,708,51
rising,745,708,745,37
left_turning,805,745,805,60
sniffing,907,805,907,102
climbing,984,907,984,77
rising,985,984,985,1
trotting,1022,985,1022,37
stepping,1028,1022,1028,6
climbing,1067,1028,1067,39
sniffing,1076,1067,1076,9
walking,1118,1076,1118,42
sniffing,1126,1118,1126,8
left_turning,1159,1126,1159,33
sniffing,1160,1159,1160,1
climbing,1196,1160,1196,36
sniffing,1287,1196,1287,91
trotting,1307,1287,1307,20
rising,1372,1307,1372,65
sniffing,1430,1372,1430,58
walking,1558,1430,1558,128
climbing,1616,1558,1616,58
right_turning,1647,1616,1647,31
trotting,1677,1647,1677,30
sniffing,1707,1677,1707,30
rising,1708,1707,1708,1
sniffing,1836,1708,1836,128
left_turning,1848,1836,1848,12
sniffing,1898,1848,1898,50
climbing,1920,1898,1920,22
sniffing,1934,1920,1934,14
climbing,1980,1934,1980,46
trotting,2042,1980,2042,62
walking,2092,2042,2092,50
sniffing,2115,2092,2115,23
rising,2147,2115,2147,32
sniffing,2190,2147,2190,43
walking,2296,2190,2296,106
stepping,2333,2296,2333,37
sniffing,2407,2333,2407,74
left_turning,2429,2407,2429,22
running,2475,2429,2475,46
walking,2496,2475,2496,21
sniffing,2503,2496,2503,7
rising,2571,2503,2571,68
climbing,2601,2571,2601,30
left_turning,2670,2601,2670,69
sniffing,2752,2670,2752,82
walking,2809,2752,2809,57
left_turning,2810,2809,2810,1
running,2843,2810,2843,33
rising,2880,2843,2880,37
sniffing,2949,2880,2949,69
left_turning,2989,2949,2989,40
trotting,3001,2989,3001,12
rising,3025,3001,3025,24
rearing,3086,3025,3086,61
rising,3087,3086,3087,1
climbing,3121,3087,3121,34
rising,3140,3121,3140,19
climbing,3195,3140,3195,55
sniffing,3199,3195,3199,4
climbing,3285,3199,3285,86
stepping,3363,3285,3363,78
sniffing,3395,3363,3395,32
climbing,3468,3395,3468,73
right_turning,3469,3468,3469,1
sniffing,3508,3469,3508,39
walking,3559,3508,3559,51
sniffing,3657,3559,3657,98
hunching,3682,3657,3682,25
right_turning,3707,3682,3707,25
left_turning,3800,3707,3800,93
trotting,3850,3800,3850,50
sniffing,3915,3850,3915,65
rising,3953,3915,3953,38
rearing,3954,3953,3954,1
sniffing,4054,3954,4054,100
walking,4105,4054,4105,51
sniffing,4154,4105,4154,49
climbing,4155,4154,4155,1
sniffing,4252,4155,4252,97
walking,4304,4252,4304,52
rising,4336,4304,4336,32
trotting,4361,4336,4361,25
stepping,4374,4361,4374,13
sniffing,4398,4374,4398,24
walking,4520,4398,4520,122
sniffing,4578,4520,4578,58
rising,4587,4578,4587,9
sniffing,4646,4587,4646,59
walking,4679,4646,4679,33
sniffing,4747,4679,4747,68
climbing,4806,4747,4806,59
rising,4881,4806,4881,75
right_turning,4906,4881,4906,25
stepping,4961,4906,4961,55
trotting,4990,4961,4990,29
sniffing,5074,4990,5074,84
rising,5200,5074,5200,126
stepping,5208,5200,5208,8
climbing,5270,5208,5270,62
walking,5271,5270,5271,1
climbing,5294,5271,5294,23
left_turning,5319,5294,5319,25
rearing,5330,5319,5330,11
climbing,5362,5330,5362,32
sniffing,5454,5362,5454,92
left_turning,5524,5454,5524,70
sniffing,5573,5524,5573,49
climbing,5584,5573,5584,11
stepping,5659,5584,5659,75
walking,5721,5659,5721,62
climbing,5751,5721,5751,30
sniffing,5777,5751,5777,26
rising,5801,5777,5801,24
climbing,5856,5801,5856,55
sniffing,5857,5856,5857,1
climbing,5900,5857,5900,43
walking,5901,5900,5901,1
stepping,5958,5901,5958,57
sniffing,5959,5958,5959,1
left_turning,5969,5959,5969,10
running,6000,5969,6000,31
trotting,6065,6000,6065,65
rising,6112,6065,6112,47
walking,6132,6112,6132,20
left_turning,6220,6132,6220,88
walking,6243,6220,6243,23
sniffing,6280,6243,6280,37
climbing,6333,6280,6333,53
sniffing,6364,6333,6364,31
left_turning,6375,6364,6375,11
walking,6436,6375,6436,61
sniffing,6488,6436,6488,52
left_turning,6489,6488,6489,1
walking,6597,6489,6597,108
sniffing,6615,6597,6615,18
rising,6649,6615,6649,34
climbing,6758,6649,6758,109
sniffing,6768,6758,6768,10
climbing,6856,6768,6856,88
sniffing,6920,6856,6920,64
rising,6921,6920,6921,1
sniffing,7001,6921,7001,80
hunching,7040,7001,7040,39
sniffing,7049,7040,7049,9
walking,7187,7049,7187,138
stepping,7212,7187,7212,25
hunching,7230,7212,7230,18
sniffing,7250,7230,7250,20
grooming,7278,7250,7278,28
hunching,7307,7278,7307,29
climbing,7342,7307,7342,35
hunching,7395,7342,7395,53
trotting,7405,7395,7405,10
climbing,7458,7405,7458,53
trotting,7535,7458,7535,77
climbing,7539,7535,7539,4
right_turning,7614,7539,7614,75
left_turning,7627,7614,7627,13
walking,7670,7627,7670,43
sniffing,7750,7670,7750,80
climbing,7808,7750,7808,58
rising,7826,7808,7826,18
sniffing,7907,7826,7907,81
left_turning,7986,7907,7986,79
climbing,7987,7986,7987,1
left_turning,8032,7987,8032,45
walking,8078,8032,8078,46
trotting,8130,8078,8130,52
walking,8186,8130,8186,56
sniffing,8187,8186,8187,1
climbing,8202,8187,8202,15
rising,8252,8202,8252,50
left_turning,8253,8252,8253,1
running,8276,8253,8276,23
sniffing,8368,8276,8368,92
rising,8377,8368,8377,9
left_turning,8378,8377,8378,1
sniffing,8455,8378,8455,77
rising,8456,8455,8456,1
climbing,8543,8456,8543,87
walking,8544,8543,8544,1
running,8552,8544,8552,8
walking,8566,8552,8566,14
climbing,8567,8566,8567,1
sniffing,8629,8567,8629,62
walking,8632,8629,8632,3
trotting,8669,8632,8669,37
walking,8681,8669,8681,12
sniffing,8727,8681,8727,46
stepping,8789,8727,8789,62
walking,8847,8789,8847,58
stepping,8932,8847,8932,85
sniffing,8933,8932,8933,1
trotting,8960,8933,8960,27
rising,9011,8960,9011,51
climbing,9042,9011,9042,31
rising,9074,9042,9074,32
climbing,9146,9074,9146,72
rising,9225,9146,9225,79
sniffing,9338,9225,9338,113
left_turning,9370,9338,9370,32
walking,9405,9370,9405,35
sniffing,9509,9405,9509,104
rising,9526,9509,9526,17
climbing,9592,9526,9592,66
trotting,9611,9592,9611,19
left_turning,9721,9611,9721,110
rising,9788,9721,9788,67
sniffing,9907,9788,9907,119
rearing,9976,9907,9976,69
climbing,9991,9976,9991,15
right_turning,10047,9991,10047,56
walking,10100,10047,10100,53
sniffing,10111,10100,10111,11
stepping,10119,10111,10119,8
sniffing,10156,10119,10156,37
trotting,10194,10156,10194,38
walking,10195,10194,10195,1
stepping,10234,10195,10234,39
walking,10316,10234,10316,82
right_turning,10334,10316,10334,18
sniffing,10397,10334,10397,63
walking,10461,10397,10461,64
sniffing,10462,10461,10462,1
trotting,10485,10462,10485,23
sniffing,10501,10485,10501,16
hunching,10510,10501,10510,9
climbing,10530,10510,10530,20
rising,10531,10530,10531,1
sniffing,10630,10531,10630,99
rising,10672,10630,10672,42
walking,10767,10672,10767,95
right_turning,10768,10767,10768,1
sniffing,10797,10768,10797,29
trotting,10870,10797,10870,73
running,10887,10870,10887,17
left_turning,10902,10887,10902,15
trotting,10957,10902,10957,55
rising,10958,10957,10958,1
sniffing,11041,10958,11041,83
climbing,11102,11041,11102,61
left_turning,11174,11102,11174,72
walking,11207,11174,11207,33
left_turning,11251,11207,11251,44
walking,11298,11251,11298,47
sniffing,11428,11298,11428,130
walking,11445,11428,11445,17
left_turning,11479,11445,11479,34
sniffing,11480,11479,11480,1
trotting,11551,11480,11551,71
sniffing,11599,11551,11599,48
rising,11647,11599,11647,48
left_turning,11662,11647,11662,15
sniffing,11714,11662,11714,52
climbing,11755,11714,11755,41
running,11785,11755,11785,30
rising,11786,11785,11786,1
hunching,11815,11786,11815,29
rearing,11816,11815,11816,1
sniffing,11891,11816,11891,75
left_turning,11893,11891,11893,2
sniffing,11945,11893,11945,52
rising,11989,11945,11989,44
left_turning,12017,11989,12017,28
sniffing,12201,12017,12201,184
rising,12265,12201,12265,64
rearing,12323,12265,12323,58
grooming,12355,12323,12355,32
climbing,12358,12355,12358,3
left_turning,12402,12358,12402,44
climbing,12430,12402,12430,28
sniffing,12431,12430,12431,1
climbing,12492,12431,12492,61
rising,12559,12492,12559,67
climbing,12595,12559,12595,36
hunching,12641,12595,12641,46
rising,12674,12641,12674,33
sniffing,12849,12674,12849,175
rising,12879,12849,12879,30
left_turning,12880,12879,12880,1
trotting,12932,12880,12932,52
running,12969,12932,12969,37
walking,12970,12969,12970,1
left_turning,12997,12970,12997,27
sniffing,12998,12997,12998,1
walking,13085,12998,13085,87
rising,13086,13085,13086,1
climbing,13093,13086,13093,7
running,13113,13093,13113,20
sniffing,13193,13113,13193,80
running,13220,13193,13220,27
rising,13247,13220,13247,27
right_turning,13263,13247,13263,16
walking,13285,13263,13285,22
running,13303,13285,13303,18
rising,13350,13303,13350,47
left_turning,13443,13350,13443,93
walking,13451,13443,13451,8
sniffing,13510,13451,13510,59
rearing,13511,13510,13511,1
sniffing,13592,13511,13592,81
rising,13633,13592,13633,41
left_turning,13675,13633,13675,42
walking,13676,13675,13676,1
sniffing,13743,13676,13743,67
walking,13854,13743,13854,111
sniffing,13867,13854,13867,13
stepping,13908,13867,13908,41
hunching,13958,13908,13958,50
sniffing,13962,13958,13962,4
left_turning,14002,13962,14002,40
walking,14052,14002,14052,50
sniffing,14228,14052,14228,176
walking,14326,14228,14326,98
left_turning,14386,14326,14386,60
walking,14449,14386,14449,63
hunching,14478,14449,14478,29
right_turning,14479,14478,14479,1
sniffing,14664,14479,14664,185
walking,14665,14664,14665,1
left_turning,14666,14665,14666,1
rearing,14721,14666,14721,55
rising,14742,14721,14742,21
left_turning,14798,14742,14798,56
sniffing,14799,14798,14799,1
left_turning,14851,14799,14851,52
walking,14936,14851,14936,85
trotting,14993,14936,14993,57
sniffing,15057,14993,15057,64
right_turning,15124,15057,15124,67
trotting,15156,15124,15156,32
sniffing,15243,15156,15243,87
climbing,15346,15243,15346,103
right_turning,15371,15346,15371,25
running,15372,15371,15372,1
left_turning,15417,15372,15417,45
climbing,15445,15417,15445,28
sniffing,15474,15445,15474,29
rising,15504,15474,15504,30
climbing,15550,15504,15550,46
right_turning,15624,15550,15624,74
rising,15628,15624,15628,4
climbing,15675,15628,15675,47
sniffing,15676,15675,15676,1
walking,15693,15676,15693,17
sniffing,15702,15693,15702,9
climbing,15785,15702,15785,83
sniffing,15881,15785,15881,96
walking,15915,15881,15915,34
sniffing,15928,15915,15928,13
hunching,15991,15928,15991,63
climbing,16012,15991,16012,21
left_turning,16084,16012,16084,72
walking,16118,16084,16118,34
sniffing,16188,16118,16188,70
left_turning,16221,16188,16221,33
sniffing,16256,16221,16256,35
climbing,16288,16256,16288,32
sniffing,16300,16288,16300,12
walking,16301,16300,16301,1
left_turning,16302,16301,16302,1
trotting,16323,16302,16323,21
rising,16350,16323,16350,27
climbing,16401,16350,16401,51
rising,16466,16401,16466,65
climbing,16538,16466,16538,72
rising,16559,16538,16559,21
walking,16718,16559,16718,159
sniffing,16750,16718,16750,32
rearing,16756,16750,16756,6
sniffing,16789,16756,16789,33
right_turning,16893,16789,16893,104
walking,16935,16893,16935,42
left_turning,16948,16935,16948,13
climbing,17020,16948,17020,72
sniffing,17021,17020,17021,1
walking,17078,17021,17078,57
climbing,17126,17078,17126,48
rising,17151,17126,17151,25
climbing,17179,17151,17179,28
rearing,17238,17179,17238,59
rising,17251,17238,17251,13
walking,17279,17251,17279,28
sniffing,17428,17279,17428,149
climbing,17429,17428,17429,1
right_turning,17447,17429,17447,18
sniffing,17592,17447,17592,145
rising,17630,17592,17630,38
stepping,17669,17630,17669,39
sniffing,17767,17669,17767,98
walking,17775,17767,17775,8
stepping,17807,17775,17807,32
right_turning,17855,17807,17855,48
stepping,17930,17855,17930,75
walking,18026,17930,18026,96
left_turning,18068,18026,18068,42
walking,18078,18068,18078,10
rising,18126,18078,18126,48
grooming,18320,18126,18320,194
sniffing,18410,18320,18410,90
climbing,18425,18410,18425,15
right_turning,18457,18425,18457,32
sniffing,18595,18457,18595,138
walking,18618,18595,18618,23
rising,18633,18618,18633,15
sniffing,18680,18633,18680,47
walking,18681,18680,18681,1
sniffing,18886,18681,18886,205
left_turning,18907,18886,18907,21
sniffing,19031,18907,19031,124
walking,19069,19031,19069,38
climbing,19089,19069,19089,20
hunching,19128,19089,19128,39
sniffing,19209,19128,19209,81
rising,19260,19209,19260,51
sniffing,19282,19260,19282,22
walking,19283,19282,19283,1
sniffing,19287,19283,19287,4
stepping,19306,19287,19306,19
sniffing,19523,19306,19523,217
grooming,19526,19523,19526,3
rearing,19569,19526,19569,43
grooming,19759,19569,19759,190
left_turning,19760,19759,19760,1
trotting,19793,19760,19793,33
sniffing,19858,19793,19858,65
walking,19922,19858,19922,64
sniffing,20052,19922,20052,130
trotting,20057,20052,20057,5
walking,20136,20057,20136,79
climbing,20160,20136,20160,24
right_turning,20174,20160,20174,14
walking,20206,20174,20206,32
trotting,20238,20206,20238,32
left_turning,20281,20238,20281,43
sniffing,20445,20281,20445,164
walking,20468,20445,20468,23
sniffing,20602,20468,20602,134
walking,20630,20602,20630,28
sniffing,20693,20630,20693,63
rising,20694,20693,20694,1
sniffing,20695,20694,20695,1
rearing,20696,20695,20696,1
sniffing,20795,20696,20795,99
rising,20807,20795,20807,12
sniffing,20808,20807,20808,1
walking,20860,20808,20860,52
stepping,20867,20860,20867,7
sniffing,20902,20867,20902,35
climbing,20977,20902,20977,75
rising,21032,20977,21032,55
sniffing,21087,21032,21087,55
stepping,21143,21087,21143,56
walking,21144,21143,21144,1
left_turning,21192,21144,21192,48
rising,21227,21192,21227,35
walking,21272,21227,21272,45
sniffing,21362,21272,21362,90
left_turning,21363,21362,21363,1
stepping,21391,21363,21391,28
trotting,21433,21391,21433,42
sniffing,21435,21433,21435,2
running,21475,21435,21475,40
sniffing,21505,21475,21505,30
trotting,21540,21505,21540,35
walking,21566,21540,21566,26
left_turning,21603,21566,21603,37
walking,21662,21603,21662,59
sniffing,21705,21662,21705,43
walking,21778,21705,21778,73
left_turning,21780,21778,21780,2
rising,21821,21780,21821,41
walking,21956,21821,21956,135
right_turning,21982,21956,21982,26
stepping,22014,21982,22014,32
sniffing,22068,22014,22068,54
hunching,22095,22068,22095,27
climbing,22180,22095,22180,85
rising,22200,22180,22200,20
stepping,22245,22200,22245,45
right_turning,22257,22245,22257,12
walking,22297,22257,22297,40
climbing,22325,22297,22325,28
rearing,22336,22325,22336,11
hunching,22383,22336,22383,47
climbing,22553,22383,22553,170
rising,22564,22553,22564,11
climbing,22593,22564,22593,29
rising,22594,22593,22594,1
climbing,22638,22594,22638,44
sniffing,22655,22638,22655,17
left_turning,22687,22655,22687,32
sniffing,22704,22687,22704,17
grooming,22819,22704,22819,115
sniffing,22915,22819,22915,96
rising,22925,22915,22925,10
sniffing,22942,22925,22942,17
climbing,23001,22942,23001,59
rearing,23090,23001,23090,89
grooming,23091,23090,23091,1
sniffing,23155,23091,23155,64
right_turning,23179,23155,23179,24
walking,23245,23179,23245,66
trotting,23253,23245,23253,8
left_turning,23325,23253,23325,72
sniffing,23346,23325,23346,21
left_turning,23357,23346,23357,11
sniffing,23436,23357,23436,79
rearing,23437,23436,23437,1
sniffing,23540,23437,23540,103
walking,23544,23540,23544,4
trotting,23587,23544,23587,43
walking,23669,23587,23669,82
rising,23670,23669,23670,1
climbing,23697,23670,23697,27
rearing,23758,23697,23758,61
rising,23770,23758,23770,12
sniffing,23798,23770,23798,28
rising,23823,23798,23823,25
sniffing,23865,23823,23865,42
walking,23895,23865,23895,30
trotting,23932,23895,23932,37
sniffing,23953,23932,23953,21
walking,24036,23953,24036,83
left_turning,24076,24036,24076,40
sniffing,24133,24076,24133,57
left_turning,24141,24133,24141,8
sniffing,24253,24141,24253,112
rising,24271,24253,24271,18
sniffing,24284,24271,24284,13
rising,24298,24284,24298,14
climbing,24340,24298,24340,42
rising,24354,24340,24354,14
climbing,24367,24354,24367,13
rising,24368,24367,24368,1
left_turning,24371,24368,24371,3
sniffing,24381,24371,24381,10
walking,24442,24381,24442,61
stepping,24484,24442,24484,42
walking,24600,24484,24600,116
stepping,24621,24600,24621,21
sniffing,24736,24621,24736,115
climbing,24802,24736,24802,66
rising,24803,24802,24803,1
sniffing,25022,24803,25022,219
left_turning,25046,25022,25046,24
sniffing,25105,25046,25105,59
trotting,25157,25105,25157,52
sniffing,25188,25157,25188,31
rising,25195,25188,25195,7
sniffing,25244,25195,25244,49
left_turning,25292,25244,25292,48
walking,25345,25292,25345,53
rising,25346,25345,25346,1
climbing,25393,25346,25393,47
rearing,25394,25393,25394,1
rising,25429,25394,25429,35
climbing,25473,25429,25473,44
trotting,25502,25473,25502,29
rising,25506,25502,25506,4
climbing,25507,25506,25507,1
sniffing,25508,25507,25508,1
stepping,25527,25508,25527,19
rising,25577,25527,25577,50
sniffing,25611,25577,25611,34
left_turning,25623,25611,25623,12
walking,25660,25623,25660,37
trotting,25720,25660,25720,60
sniffing,25766,25720,25766,46
hunching,25793,25766,25793,27
sniffing,25887,25793,25887,94
walking,25979,25887,25979,92
sniffing,26062,25979,26062,83
left_turning,26094,26062,26094,32
sniffing,26309,26094,26309,215
left_turning,26310,26309,26310,1
walking,26344,26310,26344,34
sniffing,26456,26344,26456,112
climbing,26537,26456,26537,81
sniffing,26672,26537,26672,135
rising,26746,26672,26746,74
sniffing,26829,26746,26829,83
walking,26891,26829,26891,62
sniffing,26994,26891,26994,103
climbing,27020,26994,27020,26
sniffing,27032,27020,27032,12
right_turning,27048,27032,27048,16
walking,27057,27048,27057,9
sniffing,27150,27057,27150,93
walking,27175,27150,27175,25
running,27195,27175,27195,20
trotting,27210,27195,27210,15
walking,27223,27210,27223,13
rising,27243,27223,27243,20
sniffing,27244,27243,27244,1
walking,27309,27244,27309,65
left_turning,27325,27309,27325,16
trotting,27351,27325,27351,26
running,27401,27351,27401,50
trotting,27414,27401,27414,13
sniffing,27507,27414,27507,93
climbing,27555,27507,27555,48
walking,27589,27555,27589,34
sniffing,27644,27589,27644,55
rising,27695,27644,27695,51
rearing,27736,27695,27736,41
sniffing,27887,27736,27887,151
right_turning,27888,27887,27888,1
sniffing,27902,27888,27902,14
walking,27903,27902,27903,1
sniffing,28040,27903,28040,137
rising,28131,28040,28131,91
walking,28197,28131,28197,66
sniffing,28299,28197,28299,102
rising,28300,28299,28300,1
sniffing,28329,28300,28329,29
rising,28330,28329,28330,1
stepping,28365,28330,28365,35
sniffing,28377,28365,28377,12
climbing,28440,28377,28440,63
rising,28489,28440,28489,49
trotting,28519,28489,28519,30
rising,28553,28519,28553,34
climbing,28587,28553,28587,34
sniffing,28588,28587,28588,1
climbing,28713,28588,28713,125
walking,28803,28713,28803,90
sniffing,28836,28803,28836,33
walking,28893,28836,28893,57
trotting,28899,28893,28899,6
sniffing,28917,28899,28917,18
left_turning,28946,28917,28946,29
sniffing,28962,28946,28962,16
right_turning,28966,28962,28966,4
grooming,29056,28966,29056,90
sniffing,29096,29056,29096,40
rising,29153,29096,29153,57
climbing,29187,29153,29187,34
rising,29248,29187,29248,61
sniffing,29352,29248,29352,104
left_turning,29397,29352,29397,45
walking,29408,29397,29408,11
sniffing,29463,29408,29463,55
walking,29476,29463,29476,13
rising,29509,29476,29509,33
sniffing,29587,29509,29587,78
stepping,29603,29587,29603,16
rising,29633,29603,29633,30
climbing,29645,29633,29645,12
right_turning,29704,29645,29704,59
walking,29718,29704,29718,14
rising,29737,29718,29737,19
sniffing,29852,29737,29852,115
walking,29899,29852,29899,47
sniffing,30077,29899,30077,178
left_turning,30121,30077,30121,44
sniffing,30229,30121,30229,108
rising,30253,30229,30253,24
sniffing,30386,30253,30386,133
running,30417,30386,30417,31
walking,30498,30417,30498,81
sniffing,30499,30498,30499,1
climbing,30500,30499,30500,1
sniffing,30572,30500,30572,72
climbing,30600,30572,30600,28
sniffing,30629,30600,30629,29
hunching,30648,30629,30648,19
right_turning,30695,30648,30695,47
walking,30705,30695,30705,10
sniffing,30723,30705,30723,18
rising,30750,30723,30750,27
climbing,30794,30750,30794,44
sniffing,30878,30794,30878,84
left_turning,30898,30878,30898,20
running,30934,30898,30934,36
walking,30935,30934,30935,1
trotting,30965,30935,30965,30
sniffing,30982,30965,30982,17
stepping,30999,30982,30999,17
sniffing,31366,30999,31366,367
walking,31377,31366,31377,11
trotting,31387,31377,31387,10
left_turning,31459,31387,31459,72
sniffing,31475,31459,31475,16
rising,31476,31475,31476,1
hunching,31598,31476,31598,122
right_turning,31599,31598,31599,1
sniffing,31608,31599,31608,9
rising,31612,31608,31612,4
rearing,31658,31612,31658,46
hunching,31707,31658,31707,49
sniffing,31800,31707,31800,93
grooming,31834,31800,31834,34
rearing,31954,31834,31954,120
grooming,32005,31954,32005,51
sniffing,32016,32005,32016,11
rising,32030,32016,32030,14
climbing,32066,32030,32066,36
rising,32088,32066,32088,22
sniffing,32124,32088,32124,36
right_turning,32176,32124,32176,52
stepping,32216,32176,32216,40
rearing,32236,32216,32236,20
sniffing,32246,32236,32246,10
stepping,32294,32246,32294,48
walking,32392,32294,32392,98
left_turning,32433,32392,32433,41
stepping,32452,32433,32452,19
rising,32453,32452,32453,1
climbing,32454,32453,32454,1
walking,32457,32454,32457,3
sniffing,32497,32457,32497,40
walking,32559,32497,32559,62
left_turning,32581,32559,32581,22
walking,32605,32581,32605,24
sniffing,32633,32605,32633,28
trotting,32634,32633,32634,1
walking,32668,32634,32668,34
sniffing,32737,32668,32737,69
trotting,32762,32737,32762,25
sniffing,32763,32762,32763,1
climbing,32829,32763,32829,66
walking,32892,32829,32892,63
rising,32925,32892,32925,33
trotting,32966,32925,32966,41
rising,33003,32966,33003,37
sniffing,33035,33003,33035,32
climbing,33084,33035,33084,49
sniffing,33124,33084,33124,40
left_turning,33152,33124,33152,28
rising,33217,33152,33217,65
rearing,33222,33217,33222,5
rising,33226,33222,33226,4
left_turning,33281,33226,33281,55
right_turning,33282,33281,33282,1
walking,33363,33282,33363,81
stepping,33387,33363,33387,24
right_turning,33396,33387,33396,9
left_turning,33399,33396,33399,3
running,33423,33399,33423,24
left_turning,33496,33423,33496,73
sniffing,33574,33496,33574,78
grooming,33695,33574,33695,121
right_turning,33727,33695,33727,32
running,33745,33727,33745,18
rising,33792,33745,33792,47
sniffing,33805,33792,33805,13
climbing,33830,33805,33830,25
sniffing,33897,33830,33897,67
rising,33938,33897,33938,41
stepping,34008,33938,34008,70
sniffing,34116,34008,34116,108
right_turning,34132,34116,34132,16
walking,34133,34132,34133,1
sniffing,34358,34133,34358,225
left_turning,34462,34358,34462,104
stepping,34499,34462,34499,37
hunching,34521,34499,34521,22
climbing,34664,34521,34664,143
right_turning,34692,34664,34692,28
walking,34696,34692,34696,4
sniffing,34726,34696,34726,30
climbing,34727,34726,34727,1
rising,34783,34727,34783,56
left_turning,34829,34783,34829,46
walking,34922,34829,34922,93
right_turning,34923,34922,34923,1
walking,34928,34923,34928,5
rising,34965,34928,34965,37
walking,34969,34965,34969,4
running,34986,34969,34986,17
left_turning,35049,34986,35049,63
sniffing,35064,35049,35064,15
rearing,35150,35064,35150,86
climbing,35196,35150,35196,46
running,35233,35196,35233,37
sniffing,35359,35233,35359,126
climbing,35404,35359,35404,45
walking,35423,35404,35423,19
trotting,35451,35423,35451,28
sniffing,35452,35451,35452,1
walking,35522,35452,35522,70
sniffing,35613,35522,35613,91
left_turning,35657,35613,35657,44
stepping,35719,35657,35719,62
sniffing,35783,35719,35783,64
trotting,35811,35783,35811,28
walking,35839,35811,35839,28
sniffing,35840,35839,35840,1
walking,35892,35840,35892,52
left_turning,35893,35892,35893,1
trotting,35922,35893,35922,29
stepping,35923,35922,35923,1
rising,35952,35923,35952,29
right_turning,35968,35952,35968,16
walking,36018,35968,36018,50
rising,36124,36018,36124,106
walking,36162,36124,36162,38
sniffing,36270,36162,36270,108
rising,36330,36270,36330,60
climbing,36389,36330,36389,59
sniffing,36464,36389,36464,75
hunching,36469,36464,36469,5
climbing,36550,36469,36550,81
rearing,36551,36550,36551,1
climbing,36612,36551,36612,61
rearing,36633,36612,36633,21
climbing,36702,36633,36702,69
trotting,36728,36702,36728,26
climbing,36748,36728,36748,20
sniffing,36749,36748,36749,1
rising,36750,36749,36750,1
climbing,36797,36750,36797,47
rising,36798,36797,36798,1
climbing,36885,36798,36885,87
walking,36915,36885,36915,30
rising,37028,36915,37028,113
sniffing,37152,37028,37152,124
trotting,37187,37152,37187,35
sniffing,37310,37187,37310,123
right_turning,37316,37310,37316,6
sniffing,37385,37316,37385,69
rearing,37484,37385,37484,99
rising,37541,37484,37541,57
left_turning,37542,37541,37542,1
walking,37551,37542,37551,9
rearing,37571,37551,37571,20
sniffing,37596,37571,37596,25
trotting,37629,37596,37629,33
right_turning,37664,37629,37664,35
climbing,37722,37664,37722,58
sniffing,37771,37722,37771,49
climbing,37875,37771,37875,104
walking,37898,37875,37898,23
right_turning,37918,37898,37918,20
running,37922,37918,37922,4
right_turning,37957,37922,37957,35
running,37986,37957,37986,29
sniffing,38011,37986,38011,25
right_turning,38036,38011,38036,25
trotting,38112,38036,38112,76
sniffing,38477,38112,38477,365
walking,38548,38477,38548,71
sniffing,38645,38548,38645,97
walking,38668,38645,38668,23
sniffing,38753,38668,38753,85
climbing,38808,38753,38808,55
rising,38828,38808,38828,20
sniffing,38909,38828,38909,81
rising,38933,38909,38933,24
climbing,38966,38933,38966,33
running,38994,38966,38994,28
walking,39054,38994,39054,60
sniffing,39237,39054,39237,183
walking,39311,39237,39311,74
right_turning,39377,39311,39377,66
sniffing,39378,39377,39378,1
walking,39422,39378,39422,44
trotting,39458,39422,39458,36
sniffing,39579,39458,39579,121
climbing,39580,39579,39580,1
grooming,39635,39580,39635,55
left_turning,39662,39635,39662,27
rising,39740,39662,39740,78
sniffing,39876,39740,39876,136
climbing,39976,39876,39976,100
walking,39977,39976,39977,1
sniffing,40053,39977,40053,76
right_turning,40074,40053,40074,21
sniffing,40075,40074,40075,1
rising,40076,40075,40076,1
left_turning,40077,40076,40077,1
trotting,40095,40077,40095,18
sniffing,40096,40095,40096,1
rising,40097,40096,40097,1
rearing,40155,40097,40155,58
climbing,40234,40155,40234,79
right_turning,40260,40234,40260,26
sniffing,40376,40260,40376,116
walking,40411,40376,40411,35
stepping,40441,40411,40441,30
sniffing,40505,40441,40505,64
rearing,40512,40505,40512,7
rising,40513,40512,40513,1
climbing,40580,40513,40580,67
rising,40645,40580,40645,65
climbing,40750,40645,40750,105
trotting,40777,40750,40777,27
walking,40808,40777,40808,31
sniffing,40886,40808,40886,78
walking,40906,40886,40906,20
stepping,40962,40906,40962,56
walking,40978,40962,40978,16
sniffing,40979,40978,40979,1
trotting,41012,40979,41012,33
walking,41065,41012,41065,53
rising,41105,41065,41105,40
sniffing,41210,41105,41210,105
walking,41221,41210,41221,11
stepping,41227,41221,41227,6
sniffing,41284,41227,41284,57
climbing,41350,41284,41350,66
sniffing,41493,41350,41493,143
climbing,41494,41493,41494,1
walking,41567,41494,41567,73
stepping,41603,41567,41603,36
sniffing,41671,41603,41671,68
walking,41689,41671,41689,18
trotting,41697,41689,41697,8
walking,41735,41697,41735,38
sniffing,41883,41735,41883,148
grooming,41925,41883,41925,42
stepping,41942,41925,41942,17
sniffing,41943,41942,41943,1
stepping,41945,41943,41945,2
walking,41985,41945,41985,40
sniffing,42237,41985,42237,252
walking,42263,42237,42263,26
sniffing,42293,42263,42293,30
walking,42294,42293,42294,1
climbing,42337,42294,42337,43
sniffing,42420,42337,42420,83
left_turning,42463,42420,42463,43
sniffing,42492,42463,42492,29
hunching,42577,42492,42577,85
grooming,42578,42577,42578,1
climbing,42628,42578,42628,50
sniffing,42727,42628,42727,99
climbing,42838,42727,42838,111
hunching,42869,42838,42869,31
climbing,42921,42869,42921,52
running,42965,42921,42965,44
sniffing,43005,42965,43005,40
rising,43006,43005,43006,1
climbing,43044,43006,43044,38
rising,43086,43044,43086,42
climbing,43088,43086,43088,2
right_turning,43135,43088,43135,47
walking,43210,43135,43210,75
hunching,43211,43210,43211,1
grooming,43212,43211,43212,1
walking,43224,43212,43224,12
sniffing,43357,43224,43357,133
walking,43395,43357,43395,38
rising,43450,43395,43450,55
sniffing,43484,43450,43484,34
walking,43512,43484,43512,28
sniffing,43744,43512,43744,232
hunching,43793,43744,43793,49
right_turning,43805,43793,43805,12
sniffing,43861,43805,43861,56
climbing,44005,43861,44005,144
trotting,44048,44005,44048,43
walking,44139,44048,44139,91
sniffing,44140,44139,44140,1
rising,44247,44140,44247,107
grooming,44248,44247,44248,1
left_turning,44287,44248,44287,39
walking,44326,44287,44326,39
sniffing,44327,44326,44327,1
stepping,44383,44327,44383,56
climbing,44411,44383,44411,28
walking,44439,44411,44439,28
sniffing,44467,44439,44467,28
rising,44506,44467,44506,39
hunching,44567,44506,44567,61
right_turning,44591,44567,44591,24
trotting,44610,44591,44610,19
rising,44656,44610,44656,46
sniffing,44657,44656,44657,1
walking,44740,44657,44740,83
sniffing,44764,44740,44764,24
rising,44788,44764,44788,24
left_turning,44834,44788,44834,46
walking,44844,44834,44844,10
rising,44860,44844,44860,16
walking,44875,44860,44875,15
left_turning,44938,44875,44938,63
sniffing,44939,44938,44939,1
rising,45033,44939,45033,94
climbing,45107,45033,45107,74
grooming,45108,45107,45108,1
stepping,45120,45108,45120,12
left_turning,45156,45120,45156,36
walking,45178,45156,45178,22
sniffing,45268,45178,45268,90
rising,45326,45268,45326,58
climbing,45335,45326,45335,9
rising,45452,45335,45452,117
sniffing,45563,45452,45563,111
right_turning,45611,45563,45611,48
sniffing,45644,45611,45644,33
rising,45674,45644,45674,30
climbing,45809,45674,45809,135
left_turning,45810,45809,45810,1
walking,45817,45810,45817,7
sniffing,45865,45817,45865,48
left_turning,45891,45865,45891,26
stepping,45954,45891,45954,63
sniffing,45955,45954,45955,1
left_turning,45981,45955,45981,26
stepping,46045,45981,46045,64
walking,46082,46045,46082,37
trotting,46106,46082,46106,24
stepping,46148,46106,46148,42
walking,46188,46148,46188,40
rising,46228,46188,46228,40
sniffing,46310,46228,46310,82
stepping,46331,46310,46331,21
sniffing,46399,46331,46399,68
rising,46416,46399,46416,17
rearing,46490,46416,46490,74
hunching,46538,46490,46538,48
sniffing,46624,46538,46624,86
rising,46693,46624,46693,69
sniffing,46711,46693,46711,18
walking,46747,46711,46747,36
rising,46819,46747,46819,72
rearing,46912,46819,46912,93
sniffing,46913,46912,46913,1
walking,46919,46913,46919,6
rearing,46936,46919,46936,17
stepping,46962,46936,46962,26
sniffing,47083,46962,47083,121
walking,47142,47083,47142,59
rising,47143,47142,47143,1
hunching,47219,47143,47219,76
sniffing,47241,47219,47241,22
walking,47283,47241,47283,42
rising,47340,47283,47340,57
left_turning,47370,47340,47370,30
walking,47444,47370,47444,74
rising,47484,47444,47484,40
stepping,47560,47484,47560,76
sniffing,47561,47560,47561,1
rearing,47567,47561,47567,6
hunching,47577,47567,47577,10
climbing,47726,47577,47726,149
sniffing,47840,47726,47840,114
climbing,47896,47840,47896,56
sniffing,47930,47896,47930,34
grooming,47931,47930,47931,1
sniffing,48089,47931,48089,158
trotting,48110,48089,48110,21
left_turning,48187,48110,48187,77
sniffing,48296,48187,48296,109
trotting,48312,48296,48312,16
stepping,48361,48312,48361,49
sniffing,48428,48361,48428,67
walking,48433,48428,48433,5
left_turning,48434,48433,48434,1
trotting,48475,48434,48475,41
sniffing,48476,48475,48476,1
rearing,48543,48476,48543,67
rising,48588,48543,48588,45
climbing,48614,48588,48614,26
walking,48615,48614,48615,1
sniffing,48616,48615,48616,1
climbing,48689,48616,48689,73
right_turning,48694,48689,48694,5
stepping,48727,48694,48727,33
walking,48796,48727,48796,69
rising,48812,48796,48812,16
sniffing,48854,48812,48854,42
climbing,48887,48854,48887,33
rising,48910,48887,48910,23
hunching,48911,48910,48911,1
sniffing,48912,48911,48912,1
climbing,48933,48912,48933,21
rising,48939,48933,48939,6
sniffing,49031,48939,49031,92
climbing,49087,49031,49087,56
rearing,49112,49087,49112,25
sniffing,49153,49112,49153,41
rising,49199,49153,49199,46
climbing,49257,49199,49257,58
right_turning,49276,49257,49276,19
walking,49319,49276,49319,43
sniffing,49475,49319,49475,156
rearing,49544,49475,49544,69
sniffing,49596,49544,49596,52
climbing,49679,49596,49679,83
running,49680,49679,49680,1
walking,49721,49680,49721,41
left_turning,49786,49721,49786,65
rising,49787,49786,49787,1
sniffing,49788,49787,49788,1
right_turning,49798,49788,49798,10
rising,49964,49798,49964,166
right_turning,49988,49964,49988,24
walking,49989,49988,49989,1
rising,50019,49989,50019,30
climbing,50100,50019,50100,81
grooming,50211,50100,50211,111
left_turning,50298,50211,50298,87
climbing,50318,50298,50318,20
trotting,50325,50318,50325,7
sniffing,50433,50325,50433,108
rising,50454,50433,50454,21
walking,50485,50454,50485,31
rising,50496,50485,50496,11
right_turning,50499,50496,50499,3
walking,50516,50499,50516,17
sniffing,50532,50516,50532,16
rising,50568,50532,50568,36
climbing,50600,50568,50600,32
sniffing,50601,50600,50601,1
running,50645,50601,50645,44
walking,50686,50645,50686,41
left_turning,50687,50686,50687,1
sniffing,50788,50687,50788,101
right_turning,50803,50788,50803,15
walking,50820,50803,50820,17
sniffing,50868,50820,50868,48
rising,50921,50868,50921,53
climbing,50928,50921,50928,7
left_turning,50963,50928,50963,35
sniffing,51052,50963,51052,89
rising,51118,51052,51118,66
climbing,51121,51118,51121,3
hunching,51122,51121,51122,1
rising,51197,51122,51197,75
climbing,51341,51197,51341,144
rising,51398,51341,51398,57
climbing,51527,51398,51527,129
right_turning,51560,51527,51560,33
stepping,51639,51560,51639,79
walking,51717,51639,51717,78
sniffing,51771,51717,51771,54
left_turning,51772,51771,51772,1
sniffing,51814,51772,51814,42
rising,51838,51814,51838,24
sniffing,51956,51838,51956,118
rearing,51957,51956,51957,1
grooming,52410,51957,52410,453
left_turning,52449,52410,52449,39
sniffing,52518,52449,52518,69
walking,52545,52518,52545,27
sniffing,52602,52545,52602,57
left_turning,52651,52602,52651,49
sniffing,52712,52651,52712,61
running,52747,52712,52747,35
rising,52761,52747,52761,14
sniffing,52762,52761,52762,1
trotting,52805,52762,52805,43
left_turning,52870,52805,52870,65
sniffing,52924,52870,52924,54
rising,52940,52924,52940,16
walking,52941,52940,52941,1
climbing,52942,52941,52942,1
rearing,52956,52942,52956,14
sniffing,52957,52956,52957,1
climbing,52958,52957,52958,1
walking,52997,52958,52997,39
rising,53072,52997,53072,75
walking,53121,53072,53121,49
sniffing,53125,53121,53125,4
rising,53174,53125,53174,49
climbing,53264,53174,53264,90
left_turning,53299,53264,53299,35
walking,53382,53299,53382,83
rising,53430,53382,53430,48
stepping,53431,53430,53431,1
walking,53475,53431,53475,44
rising,53492,53475,53492,17
sniffing,53517,53492,53517,25
pausing,53531,53517,53531,14
sniffing,53608,53531,53608,77
walking,53628,53608,53628,20
sniffing,53629,53628,53629,1
grooming,53768,53629,53768,139
hunching,53876,53768,53876,108
rising,53877,53876,53877,1
sniffing,53898,53877,53898,21
walking,53943,53898,53943,45
climbing,54159,53943,54159,216
left_turning,54189,54159,54189,30
walking,54221,54189,54221,32
rising,54233,54221,54233,12
walking,54334,54233,54334,101
sniffing,54441,54334,54441,107
left_turning,54449,54441,54449,8
running,54474,54449,54474,25
walking,54475,54474,54475,1
left_turning,54476,54475,54476,1
sniffing,54761,54476,54761,285
walking,54780,54761,54780,19
sniffing,54781,54780,54781,1
walking,54782,54781,54782,1
sniffing,54858,54782,54858,76
rearing,54911,54858,54911,53
grooming,54937,54911,54937,26
right_turning,54962,54937,54962,25
rearing,55090,54962,55090,128
grooming,55102,55090,55102,12
walking,55169,55102,55169,67
sniffing,55284,55169,55284,115
right_turning,55287,55284,55287,3
running,55289,55287,55289,2
rearing,55290,55289,55290,1
climbing,55296,55290,55296,6
sniffing,55297,55296,55297,1
rearing,55298,55297,55298,1
grooming,55300,55298,55300,2
rearing,55354,55300,55354,54
right_turning,55399,55354,55399,45
walking,55436,55399,55436,37
left_turning,55468,55436,55468,32
sniffing,55473,55468,55473,5
climbing,55499,55473,55499,26
sniffing,55555,55499,55555,56
stepping,55572,55555,55572,17
sniffing,55573,55572,55573,1
left_turning,55602,55573,55602,29
sniffing,55639,55602,55639,37
right_turning,55650,55639,55650,11
stepping,55713,55650,55713,63
walking,55786,55713,55786,73
rising,55819,55786,55819,33
right_turning,55828,55819,55828,9
walking,55932,55828,55932,104
sniffing,55933,55932,55933,1
right_turning,55978,55933,55978,45
trotting,56008,55978,56008,30
climbing,56066,56008,56066,58
right_turning,56114,56066,56114,48
left_turning,56115,56114,56115,1
sniffing,56116,56115,56116,1
left_turning,56176,56116,56176,60
walking,56177,56176,56177,1
climbing,56200,56177,56200,23
right_turning,56207,56200,56207,7
sniffing,56333,56207,56333,126
rearing,56334,56333,56334,1
left_turning,56368,56334,56368,34
walking,56386,56368,56386,18
rising,56454,56386,56454,68
climbing,56506,56454,56506,52
sniffing,56517,56506,56517,11
rising,56556,56517,56556,39
sniffing,56595,56556,56595,39
right_turning,56638,56595,56638,43
stepping,56692,56638,56692,54
walking,56758,56692,56758,66
sniffing,56822,56758,56822,64
walking,56867,56822,56867,45
sniffing,56888,56867,56888,21
hunching,56918,56888,56918,30
climbing,56994,56918,56994,76
rising,57057,56994,57057,63
climbing,57134,57057,57134,77
rising,57177,57134,57177,43
running,57208,57177,57208,31
rearing,57265,57208,57265,57
left_turning,57279,57265,57279,14
running,57309,57279,57309,30
rising,57346,57309,57346,37
sniffing,57491,57346,57491,145
grooming,57704,57491,57704,213
rearing,57708,57704,57708,4
climbing,57807,57708,57807,99
walking,57817,57807,57817,10
climbing,57924,57817,57924,107
sniffing,57999,57924,57999,75
rising,58051,57999,58051,52
climbing,58098,58051,58098,47
right_turning,58145,58098,58145,47
walking,58148,58145,58148,3
left_turning,58188,58148,58188,40
rising,58210,58188,58210,22
climbing,58408,58210,58408,198
rearing,58462,58408,58462,54
rising,58476,58462,58476,14
climbing,58477,58476,58477,1
grooming,58478,58477,58478,1
left_turning,58480,58478,58480,2
sniffing,58565,58480,58565,85
climbing,58670,58565,58670,105
rising,58671,58670,58671,1
climbing,58741,58671,58741,70
rearing,58749,58741,58749,8
rising,58771,58749,58771,22
rearing,58772,58771,58772,1
sniffing,58812,58772,58812,40
stepping,58829,58812,58829,17
sniffing,58955,58829,58955,126
trotting,58984,58955,58984,29
sniffing,59064,58984,59064,80
trotting,59077,59064,59077,13
climbing,59162,59077,59162,85
left_turning,59174,59162,59174,12
rising,59210,59174,59210,36
climbing,59233,59210,59233,23
rising,59272,59233,59272,39
sniffing,59282,59272,59282,10
rising,59283,59282,59283,1
rearing,59345,59283,59345,62
walking,59430,59345,59430,85
left_turning,59479,59430,59479,49
trotting,59500,59479,59500,21
walking,59542,59500,59542,42
sniffing,59543,59542,59543,1
walking,59627,59543,59627,84
right_turning,59641,59627,59641,14
rearing,59699,59641,59699,58
rising,59735,59699,59735,36
running,59775,59735,59775,40
sniffing,59790,59775,59790,15
left_turning,59797,59790,59797,7
sniffing,59798,59797,59798,1
rising,59847,59798,59847,49
stepping,59848,59847,59848,1
rising,59923,59848,59923,75
climbing,59924,59923,59924,1
rising,59948,59924,59948,24
climbing,60010,59948,60010,62
sniffing,60011,60010,60011,1
rising,60055,60011,60055,44
left_turning,60074,60055,60074,19
stepping,60075,60074,60075,1
sniffing,60082,60075,60082,7
rising,60099,60082,60099,17
sniffing,60217,60099,60217,118
rising,60218,60217,60218,1
rearing,60274,60218,60274,56
rising,60297,60274,60297,23
climbing,60401,60297,60401,104
trotting,60409,60401,60409,8
stepping,60457,60409,60457,48
sniffing,60541,60457,60541,84
rising,60556,60541,60556,15
sniffing,60771,60556,60771,215
left_turning,60804,60771,60804,33
sniffing,60805,60804,60805,1
rising,60835,60805,60835,30
left_turning,60880,60835,60880,45
sniffing,61003,60880,61003,123
right_turning,61065,61003,61065,62
hunching,61112,61065,61112,47
sniffing,61179,61112,61179,67
walking,61241,61179,61241,62
climbing,61265,61241,61265,24
left_turning,61319,61265,61319,54
trotting,61369,61319,61369,50
walking,61390,61369,61390,21
right_turning,61406,61390,61406,16
trotting,61457,61406,61457,51
walking,61519,61457,61519,62
stepping,61552,61519,61552,33
sniffing,61622,61552,61622,70
left_turning,61672,61622,61672,50
rising,61673,61672,61673,1
rearing,61878,61673,61878,205
sniffing,61965,61878,61965,87
rising,61995,61965,61995,30
left_turning,62040,61995,62040,45
walking,62140,62040,62140,100
stepping,62168,62140,62168,28
walking,62171,62168,62171,3
left_turning,62244,62171,62244,73
sniffing,62278,62244,62278,34
walking,62365,62278,62365,87
stepping,62372,62365,62372,7
walking,62399,62372,62399,27
rearing,62480,62399,62480,81
sniffing,62575,62480,62575,95
grooming,62601,62575,62601,26
sniffing,62687,62601,62687,86
stepping,62707,62687,62707,20
left_turning,62721,62707,62721,14
running,62767,62721,62767,46
walking,62796,62767,62796,29
sniffing,63099,62796,63099,303
climbing,63228,63099,63228,129
rising,63230,63228,63230,2
sniffing,63258,63230,63258,28
stepping,63307,63258,63307,49
sniffing,63308,63307,63308,1
right_turning,63349,63308,63349,41
rising,63350,63349,63350,1
sniffing,63439,63350,63439,89
walking,63504,63439,63504,65
sniffing,63534,63504,63534,30
rising,63554,63534,63554,20
right_turning,63567,63554,63567,13
walking,63607,63567,63607,40
sniffing,63715,63607,63715,108
walking,63719,63715,63719,4
sniffing,63720,63719,63720,1
grooming,64291,63720,64291,571
walking,64357,64291,64357,66
rearing,64358,64357,64358,1
rising,64367,64358,64367,9
climbing,64463,64367,64463,96
trotting,64469,64463,64469,6
sniffing,64470,64469,64470,1
hunching,64498,64470,64498,28
sniffing,64512,64498,64512,14
grooming,64959,64512,64959,447
sniffing,65101,64959,65101,142
rising,65194,65101,65194,93
climbing,65263,65194,65263,69
right_turning,65307,65263,65307,44
walking,65308,65307,65308,1
sniffing,65309,65308,65309,1
right_turning,65356,65309,65356,47
running,65384,65356,65384,28
stepping,65403,65384,65403,19
walking,65431,65403,65431,28
sniffing,65486,65431,65486,55
rising,65556,65486,65556,70
climbing,65582,65556,65582,26
trotting,65623,65582,65623,41
walking,65740,65623,65740,117
climbing,65807,65740,65807,67
walking,65837,65807,65837,30
climbing,65855,65837,65855,18
rising,65856,65855,65856,1
climbing,65866,65856,65866,10
rearing,65923,65866,65923,57
right_turning,65934,65923,65934,11
sniffing,65976,65934,65976,42
rising,66033,65976,66033,57
grooming,66127,66033,66127,94
sniffing,66201,66127,66201,74
hunching,66202,66201,66202,1
right_turning,66250,66202,66250,48
sniffing,66304,66250,66304,54
grooming,66639,66304,66639,335
sniffing,66666,66639,66666,27
rising,66747,66666,66747,81
climbing,66792,66747,66792,45
hunching,66879,66792,66879,87
climbing,66971,66879,66971,92
rising,66972,66971,66972,1
rearing,67055,66972,67055,83
grooming,67056,67055,67056,1
trotting,67061,67056,67061,5
walking,67074,67061,67074,13
sniffing,67100,67074,67100,26
climbing,67124,67100,67124,24
sniffing,67221,67124,67221,97
left_turning,67250,67221,67250,29
walking,67251,67250,67251,1
rising,67299,67251,67299,48
rearing,67432,67299,67432,133
walking,67436,67432,67436,4
sniffing,67607,67436,67607,171
climbing,67608,67607,67608,1
hunching,67666,67608,67666,58
sniffing,67789,67666,67789,123
left_turning,67829,67789,67829,40
sniffing,67923,67829,67923,94
walking,67987,67923,67987,64
trotting,68016,67987,68016,29
sniffing,68096,68016,68096,80
rising,68099,68096,68099,3
climbing,68155,68099,68155,56
sniffing,68265,68155,68265,110
rearing,68290,68265,68290,25
climbing,68359,68290,68359,69
trotting,68411,68359,68411,52
sniffing,68426,68411,68426,15
rising,68455,68426,68455,29
climbing,68494,68455,68494,39
sniffing,68800,68494,68800,306
climbing,68894,68800,68894,94
sniffing,68992,68894,68992,98
left_turning,69015,68992,69015,23
sniffing,69036,69015,69036,21
hunching,69076,69036,69076,40
climbing,69126,69076,69126,50
walking,69198,69126,69198,72
sniffing,69249,69198,69249,51
rising,69261,69249,69261,12
rearing,69378,69261,69378,117
rising,69416,69378,69416,38
hunching,69479,69416,69479,63
right_turning,69480,69479,69480,1
walking,69520,69480,69520,40
sniffing,69525,69520,69525,5
rearing,69560,69525,69560,35
sniffing,69578,69560,69578,18
walking,69615,69578,69615,37
sniffing,69616,69615,69616,1
left_turning,69643,69616,69643,27
sniffing,69715,69643,69715,72
climbing,69716,69715,69716,1
right_turning,69749,69716,69749,33
walking,69838,69749,69838,89
rearing,69903,69838,69903,65
trotting,69914,69903,69914,11
sniffing,70024,69914,70024,110
left_turning,70069,70024,70069,45
sniffing,70101,70069,70101,32
running,70129,70101,70129,28
trotting,70140,70129,70140,11
rising,70147,70140,70147,7
trotting,70181,70147,70181,34
walking,70182,70181,70182,1
sniffing,70291,70182,70291,109
running,70321,70291,70321,30
trotting,70342,70321,70342,21
sniffing,70343,70342,70343,1
grooming,70344,70343,70344,1
sniffing,70345,70344,70345,1
rising,70349,70345,70349,4
climbing,70386,70349,70386,37
rising,70387,70386,70387,1
climbing,70388,70387,70388,1
walking,70427,70388,70427,39
climbing,70475,70427,70475,48
right_turning,70484,70475,70484,9
climbing,70630,70484,70630,146
sniffing,70748,70630,70748,118
left_turning,70782,70748,70782,34
trotting,70799,70782,70799,17
stepping,70821,70799,70821,22
sniffing,70822,70821,70822,1
left_turning,70866,70822,70866,44
stepping,70965,70866,70965,99
right_turning,70985,70965,70985,20
sniffing,71142,70985,71142,157
left_turning,71226,71142,71226,84
sniffing,71396,71226,71396,170
walking,71464,71396,71464,68
stepping,71497,71464,71497,33
climbing,71516,71497,71516,19
rising,71544,71516,71544,28
climbing,71549,71544,71549,5
walking,71649,71549,71649,100
sniffing,71683,71649,71683,34
right_turning,71684,71683,71684,1
sniffing,71685,71684,71685,1
left_turning,71731,71685,71731,46
walking,71732,71731,71732,1
left_turning,71810,71732,71810,78
sniffing,71825,71810,71825,15
left_turning,71860,71825,71860,35
rising,71904,71860,71904,44
rearing,71933,71904,71933,29
climbing,71981,71933,71981,48
trotting,72018,71981,72018,37
hunching,72019,72018,72019,1
climbing,72020,72019,72020,1
sniffing,72021,72020,72021,1
walking,72110,72021,72110,89
climbing,72214,72110,72214,104
rearing,72243,72214,72243,29
rising,72253,72243,72253,10
climbing,72273,72253,72273,20
sniffing,72496,72273,72496,223
left_turning,72497,72496,72497,1
sniffing,72498,72497,72498,1
running,72507,72498,72507,9
walking,72512,72507,72512,5
rearing,72686,72512,72686,174
hunching,72725,72686,72725,39
grooming,72726,72725,72726,1
sniffing,72727,72726,72727,1
left_turning,72740,72727,72740,13
sniffing,72848,72740,72848,108
walking,72926,72848,72926,78
sniffing,73070,72926,73070,144
stepping,73124,73070,73124,54
sniffing,73194,73124,73194,70
rising,73211,73194,73211,17
climbing,73297,73211,73297,86
sniffing,73298,73297,73298,1
rearing,73312,73298,73312,14
grooming,73357,73312,73357,45
trotting,73389,73357,73389,32
sniffing,73520,73389,73520,131
rearing,73534,73520,73534,14
sniffing,73535,73534,73535,1
running,73569,73535,73569,34
walking,73637,73569,73637,68
sniffing,73817,73637,73817,180
climbing,73818,73817,73818,1
rising,73819,73818,73819,1
climbing,73868,73819,73868,49
walking,73891,73868,73891,23
rearing,73990,73891,73990,99
climbing,74024,73990,74024,34
walking,74102,74024,74102,78
stepping,74141,74102,74141,39
rearing,74225,74141,74225,84
rising,74226,74225,74226,1
sniffing,74227,74226,74227,1
left_turning,74258,74227,74258,31
sniffing,74320,74258,74320,62
rising,74338,74320,74338,18
sniffing,74478,74338,74478,140
left_turning,74546,74478,74546,68
sniffing,74638,74546,74638,92
left_turning,74644,74638,74644,6
sniffing,74645,74644,74645,1
running,74681,74645,74681,36
sniffing,74796,74681,74796,115
walking,74876,74796,74876,80
rising,74879,74876,74879,3
walking,74989,74879,74989,110
rearing,75010,74989,75010,21
rising,75044,75010,75044,34
climbing,75090,75044,75090,46
walking,75127,75090,75127,37
rising,75194,75127,75194,67
climbing,75195,75194,75195,1
walking,75245,75195,75245,50
climbing,75285,75245,75285,40
rearing,75286,75285,75286,1
grooming,75362,75286,75362,76
left_turning,75384,75362,75384,22
walking,75422,75384,75422,38
sniffing,75423,75422,75423,1
trotting,75468,75423,75468,45
walking,75495,75468,75495,27
rising,75496,75495,75496,1
sniffing,75533,75496,75533,37
right_turning,75592,75533,75592,59
sniffing,75624,75592,75624,32
rising,75672,75624,75672,48
sniffing,75829,75672,75829,157
climbing,75830,75829,75830,1
trotting,75873,75830,75873,43
sniffing,76110,75873,76110,237
left_turning,76123,76110,76123,13
trotting,76181,76123,76181,58
rising,76232,76181,76232,51
rearing,76233,76232,76233,1
climbing,76284,76233,76284,51
sniffing,76301,76284,76301,17
right_turning,76307,76301,76307,6
walking,76439,76307,76439,132
left_turning,76500,76439,76500,61
sniffing,76581,76500,76581,81
rising,76604,76581,76604,23
rearing,76722,76604,76722,118
grooming,76723,76722,76723,1
sniffing,76757,76723,76757,34
pausing,76933,76757,76933,176
sniffing,77042,76933,77042,109
left_turning,77100,77042,77100,58
sniffing,77199,77100,77199,99
right_turning,77210,77199,77210,11
walking,77287,77210,77287,77
left_turning,77318,77287,77318,31
walking,77319,77318,77319,1
sniffing,77320,77319,77320,1
trotting,77353,77320,77353,33
walking,77410,77353,77410,57
left_turning,77423,77410,77423,13
trotting,77493,77423,77493,70
running,77504,77493,77504,11
rising,77593,77504,77593,89
walking,77600,77593,77600,7
sniffing,77674,77600,77674,74
right_turning,77769,77674,77769,95
walking,77859,77769,77859,90
sniffing,77860,77859,77860,1
left_turning,77875,77860,77875,15
rising,77921,77875,77921,46
walking,77952,77921,77952,31
trotting,77953,77952,77953,1
rising,77982,77953,77982,29
sniffing,78183,77982,78183,201
trotting,78205,78183,78205,22
walking,78229,78205,78229,24
rising,78262,78229,78262,33
hunching,78284,78262,78284,22
walking,78317,78284,78317,33
sniffing,78318,78317,78318,1
left_turning,78319,78318,78319,1
climbing,78322,78319,78322,3
walking,78362,78322,78362,40
climbing,78363,78362,78363,1
rising,78401,78363,78401,38
climbing,78483,78401,78483,82
rising,78545,78483,78545,62
climbing,78595,78545,78595,50
right_turning,78639,78595,78639,44
rising,78640,78639,78640,1
walking,78641,78640,78641,1
right_turning,78710,78641,78710,69
climbing,78725,78710,78725,15
rising,78726,78725,78726,1
left_turning,78758,78726,78758,32
walking,78776,78758,78776,18
left_turning,78801,78776,78801,25
walking,78848,78801,78848,47
climbing,78906,78848,78906,58
trotting,78958,78906,78958,52
stepping,78965,78958,78965,7
walking,78981,78965,78981,16
climbing,79112,78981,79112,131
rising,79113,79112,79113,1
climbing,79132,79113,79132,19
rearing,79153,79132,79153,21
sniffing,79264,79153,79264,111
climbing,79355,79264,79355,91
walking,79422,79355,79422,67
rising,79464,79422,79464,42
sniffing,79564,79464,79564,100
climbing,79565,79564,79565,1
sniffing,79566,79565,79566,1
rising,79596,79566,79596,30
climbing,79653,79596,79653,57
rising,79685,79653,79685,32
sniffing,79686,79685,79686,1
right_turning,79751,79686,79751,65
walking,79784,79751,79784,33
trotting,79785,79784,79785,1
walking,79814,79785,79814,29
sniffing,79886,79814,79886,72
walking,79903,79886,79903,17
sniffing,79904,79903,79904,1
rising,79924,79904,79924,20
right_turning,79953,79924,79953,29
stepping,80005,79953,80005,52
walking,80071,80005,80071,66
sniffing,80158,80071,80158,87
climbing,80265,80158,80265,107
walking,80291,80265,80291,26
right_turning,80294,80291,80294,3
left_turning,80366,80294,80366,72
stepping,80412,80366,80412,46
sniffing,80545,80412,80545,133
walking,80614,80545,80614,69
sniffing,80615,80614,80615,1
right_turning,80645,80615,80645,30
climbing,80684,80645,80684,39
walking,80692,80684,80692,8
sniffing,80712,80692,80712,20
grooming,81322,80712,81322,610
climbing,81405,81322,81405,83
rising,81406,81405,81406,1
rearing,81512,81406,81512,106
right_turning,81529,81512,81529,17
walking,81559,81529,81559,30
rising,81589,81559,81589,30
sniffing,81614,81589,81614,25
rising,81672,81614,81672,58
trotting,81738,81672,81738,66
sniffing,81815,81738,81815,77
rising,81831,81815,81831,16
sniffing,82116,81831,82116,285
grooming,82465,82116,82465,349
climbing,82553,82465,82553,88
rearing,82640,82553,82640,87
right_turning,82673,82640,82673,33
sniffing,82720,82673,82720,47
right_turning,82748,82720,82748,28
left_turning,82781,82748,82781,33
walking,82864,82781,82864,83
right_turning,82885,82864,82885,21
trotting,82926,82885,82926,41
walking,83056,82926,83056,130
sniffing,83125,83056,83125,69
walking,83229,83125,83229,104
left_turning,83251,83229,83251,22
sniffing,83293,83251,83293,42
trotting,83324,83293,83324,31
stepping,83345,83324,83345,21
rising,83346,83345,83346,1
right_turning,83360,83346,83360,14
climbing,83475,83360,83475,115
rising,83484,83475,83484,9
walking,83500,83484,83500,16
stepping,83538,83500,83538,38
walking,83594,83538,83594,56
sniffing,83604,83594,83604,10
climbing,83647,83604,83647,43
sniffing,83804,83647,83804,157
running,83844,83804,83844,40
sniffing,83957,83844,83957,113
walking,83993,83957,83993,36
sniffing,84067,83993,84067,74
rising,84092,84067,84092,25
hunching,84095,84092,84095,3
rising,84110,84095,84110,15
sniffing,84187,84110,84187,77
walking,84212,84187,84212,25
climbing,84329,84212,84329,117
rearing,84457,84329,84457,128
rising,84473,84457,84473,16
climbing,84474,84473,84474,1
walking,84505,84474,84505,31
sniffing,84724,84505,84724,219
grooming,84972,84724,84972,248
climbing,84990,84972,84990,18
left_turning,85029,84990,85029,39
sniffing,85169,85029,85169,140
walking,85268,85169,85268,99
rising,85269,85268,85269,1
sniffing,85371,85269,85371,102
right_turning,85413,85371,85413,42
trotting,85469,85413,85469,56
rising,85501,85469,85501,32
grooming,85565,85501,85565,64
sniffing,85592,85565,85592,27
grooming,85729,85592,85729,137
hunching,85843,85729,85843,114
rearing,85879,85843,85879,36
walking,85983,85879,85983,104
sniffing,85984,85983,85984,1
trotting,86003,85984,86003,19
rising,86034,86003,86034,31
sniffing,86035,86034,86035,1
stepping,86060,86035,86060,25
sniffing,86141,86060,86141,81
walking,86298,86141,86298,157
left_turning,86322,86298,86322,24
rising,86363,86322,86363,41
sniffing,86452,86363,86452,89
rising,86453,86452,86453,1
sniffing,86469,86453,86469,16
walking,86514,86469,86514,45
left_turning,86538,86514,86538,24
sniffing,86595,86538,86595,57
hunching,86664,86595,86664,69
sniffing,86719,86664,86719,55
rising,86792,86719,86792,73
walking,86879,86792,86879,87
left_turning,86915,86879,86915,36
sniffing,86975,86915,86975,60
left_turning,87019,86975,87019,44
sniffing,87020,87019,87020,1
right_turning,87057,87020,87057,37
trotting,87058,87057,87058,1
walking,87128,87058,87128,70
sniffing,87165,87128,87165,37
walking,87251,87165,87251,86
sniffing,87270,87251,87270,19
right_turning,87310,87270,87310,40
sniffing,87425,87310,87425,115
rising,87447,87425,87447,22
walking,87494,87447,87494,47
rising,87495,87494,87495,1
climbing,87586,87495,87586,91
walking,87587,87586,87587,1
climbing,87603,87587,87603,16
hunching,87614,87603,87614,11
left_turning,87652,87614,87652,38
stepping,87694,87652,87694,42
walking,87695,87694,87695,1
sniffing,87711,87695,87711,16
left_turning,87712,87711,87712,1
sniffing,87713,87712,87713,1
stepping,87756,87713,87756,43
walking,87791,87756,87791,35
sniffing,87892,87791,87892,101
left_turning,87949,87892,87949,57
sniffing,87995,87949,87995,46
right_turning,88027,87995,88027,32
trotting,88076,88027,88076,49
walking,88109,88076,88109,33
stepping,88184,88109,88184,75
rising,88190,88184,88190,6
climbing,88265,88190,88265,75
rising,88350,88265,88350,85
climbing,88438,88350,88438,88
walking,88477,88438,88477,39
rising,88537,88477,88537,60
climbing,88594,88537,88594,57
sniffing,88832,88594,88832,238
rising,88867,88832,88867,35
sniffing,88969,88867,88969,102
grooming,88970,88969,88970,1
rising,88972,88970,88972,2
climbing,88973,88972,88973,1
right_turning,89045,88973,89045,72
walking,89093,89045,89093,48
sniffing,89109,89093,89109,16
climbing,89127,89109,89127,18
sniffing,89182,89127,89182,55
stepping,89204,89182,89204,22
left_turning,89263,89204,89263,59
walking,89304,89263,89304,41
left_turning,89305,89304,89305,1
walking,89329,89305,89329,24
sniffing,89330,89329,89330,1
climbing,89403,89330,89403,73
walking,89463,89403,89463,60
stepping,89488,89463,89488,25
running,89514,89488,89514,26
sniffing,89515,89514,89515,1
rising,89563,89515,89563,48
rearing,89626,89563,89626,63
stepping,89627,89626,89627,1
sniffing,89628,89627,89628,1
trotting,89672,89628,89672,44
rising,89726,89672,89726,54
sniffing,89752,89726,89752,26
climbing,89857,89752,89857,105
left_turning,89901,89857,89901,44
walking,89950,89901,89950,49
left_turning,90010,89950,90010,60
sniffing,90042,90010,90042,32
rearing,90096,90042,90096,54
rising,90111,90096,90111,15
climbing,90128,90111,90128,17
left_turning,90163,90128,90163,35
running,90208,90163,90208,45
climbing,90310,90208,90310,102
walking,90311,90310,90311,1
sniffing,90436,90311,90436,125
left_turning,90511,90436,90511,75
climbing,90662,90511,90662,151
rising,90707,90662,90707,45
grooming,90859,90707,90859,152
climbing,90929,90859,90929,70
rising,90976,90929,90976,47
grooming,91029,90976,91029,53
left_turning,91030,91029,91030,1
sniffing,91054,91030,91054,24
grooming,91449,91054,91449,395
rearing,91484,91449,91484,35
walking,91551,91484,91551,67
left_turning,91602,91551,91602,51
walking,91639,91602,91639,37
running,91659,91639,91659,20
sniffing,91678,91659,91678,19
climbing,91778,91678,91778,100
trotting,91799,91778,91799,21
sniffing,91860,91799,91860,61
walking,91958,91860,91958,98
left_turning,91988,91958,91988,30
climbing,92082,91988,92082,94
rising,92193,92082,92193,111
rearing,92203,92193,92203,10
rising,92344,92203,92344,141
climbing,92345,92344,92345,1
rearing,92614,92345,92614,269
stepping,92640,92614,92640,26
left_turning,92758,92640,92758,118
walking,92789,92758,92789,31
sniffing,92793,92789,92793,4
climbing,92877,92793,92877,84
rising,92947,92877,92947,70
right_turning,93015,92947,93015,68
stepping,93056,93015,93056,41
walking,93065,93056,93065,9
rising,93066,93065,93066,1
trotting,93111,93066,93111,45
left_turning,93149,93111,93149,38
walking,93212,93149,93212,63
rising,93241,93212,93241,29
sniffing,93349,93241,93349,108
right_turning,93350,93349,93350,1
sniffing,93455,93350,93455,105
rising,93496,93455,93496,41
climbing,93553,93496,93553,57
right_turning,93566,93553,93566,13
walking,93582,93566,93582,16
sniffing,93583,93582,93583,1
left_turning,93652,93583,93652,69
stepping,93670,93652,93670,18
sniffing,93682,93670,93682,12
stepping,93744,93682,93744,62
sniffing,93879,93744,93879,135
grooming,94212,93879,94212,333
sniffing,94356,94212,94356,144
walking,94366,94356,94366,10
rising,94386,94366,94386,20
left_turning,94461,94386,94461,75
sniffing,94533,94461,94533,72
rising,94553,94533,94553,20
sniffing,94554,94553,94554,1
walking,94586,94554,94586,32
right_turning,94623,94586,94623,37
walking,94658,94623,94658,35
left_turning,94691,94658,94691,33
stepping,94753,94691,94753,62
sniffing,94888,94753,94888,135
rising,94903,94888,94903,15
climbing,94973,94903,94973,70
grooming,95017,94973,95017,44
hunching,95272,95017,95272,255
grooming,95384,95272,95384,112
sniffing,95385,95384,95385,1
left_turning,95386,95385,95386,1
walking,95463,95386,95463,77
rising,95510,95463,95510,47
stepping,95536,95510,95536,26
walking,95549,95536,95549,13
left_turning,95584,95549,95584,35
rising,95605,95584,95605,21
hunching,95616,95605,95616,11
grooming,95617,95616,95617,1
rearing,95618,95617,95618,1
sniffing,95672,95618,95672,54
pausing,95824,95672,95824,152
sniffing,95825,95824,95825,1
walking,95914,95825,95914,89
climbing,95959,95914,95959,45
walking,95994,95959,95994,35
climbing,96016,95994,96016,22
grooming,96302,96016,96302,286
walking,96347,96302,96347,45
hunching,96382,96347,96382,35
stepping,96414,96382,96414,32
rising,96495,96414,96495,81
rearing,96496,96495,96496,1
stepping,96561,96496,96561,65
rising,96608,96561,96608,47
climbing,96650,96608,96650,42
trotting,96701,96650,96701,51
left_turning,96746,96701,96746,45
walking,96758,96746,96758,12
left_turning,96797,96758,96797,39
trotting,96815,96797,96815,18
walking,96831,96815,96831,16
sniffing,96832,96831,96832,1
stepping,96833,96832,96833,1
sniffing,96834,96833,96834,1
rearing,96888,96834,96888,54
climbing,96906,96888,96906,18
sniffing,96996,96906,96996,90
rising,97029,96996,97029,33
sniffing,97239,97029,97239,210
rising,97257,97239,97257,18
sniffing,97258,97257,97258,1
stepping,97325,97258,97325,67
sniffing,97326,97325,97326,1
left_turning,97391,97326,97391,65
walking,97392,97391,97392,1
left_turning,97419,97392,97419,27
trotting,97465,97419,97465,46
sniffing,97475,97465,97475,10
rising,97522,97475,97522,47
walking,97523,97522,97523,1
left_turning,97560,97523,97560,37
running,97608,97560,97608,48
sniffing,97731,97608,97731,123
rising,97732,97731,97732,1
sniffing,97733,97732,97733,1
rising,97848,97733,97848,115
sniffing,97957,97848,97957,109
walking,98015,97957,98015,58
sniffing,98080,98015,98080,65
rising,98119,98080,98119,39
sniffing,98219,98119,98219,100
walking,98259,98219,98259,40
stepping,98317,98259,98317,58
right_turning,98340,98317,98340,23
walking,98373,98340,98373,33
climbing,98440,98373,98440,67
rising,98476,98440,98476,36
climbing,98511,98476,98511,35
running,98520,98511,98520,9
left_turning,98607,98520,98607,87
walking,98638,98607,98638,31
sniffing,98695,98638,98695,57
running,98700,98695,98700,5
trotting,98707,98700,98707,7
sniffing,98708,98707,98708,1
right_turning,98734,98708,98734,26
sniffing,98777,98734,98777,43
grooming,98778,98777,98778,1
walking,98800,98778,98800,22
sniffing,98874,98800,98874,74
rising,98988,98874,98988,114
grooming,99261,98988,99261,273
sniffing,99361,99261,99361,100
right_turning,99418,99361,99418,57
sniffing,99517,99418,99517,99
walking,99542,99517,99542,25
sniffing,99588,99542,99588,46
rearing,99997,99588,99997,409
grooming,100132,99997,100132,135
sniffing,100321,100132,100321,189
stepping,100338,100321,100338,17
right_turning,100390,100338,100390,52
left_turning,100444,100390,100444,54
rising,100539,100444,100539,95
grooming,100662,100539,100662,123
sniffing,100665,100662,100665,3
right_turning,100682,100665,100682,17
walking,100743,100682,100743,61
climbing,100912,100743,100912,169
right_turning,100972,100912,100972,60
rearing,100973,100972,100973,1
sniffing,101080,100973,101080,107
left_turning,101120,101080,101120,40
sniffing,101132,101120,101132,12
running,101163,101132,101163,31
sniffing,101174,101163,101174,11
climbing,101238,101174,101238,64
left_turning,101253,101238,101253,15
walking,101288,101253,101288,35
rising,101368,101288,101368,80
sniffing,101413,101368,101413,45
rising,101414,101413,101414,1
rearing,101419,101414,101419,5
grooming,101420,101419,101420,1
hunching,101506,101420,101506,86
sniffing,101555,101506,101555,49
right_turning,101573,101555,101573,18
sniffing,101574,101573,101574,1
walking,101636,101574,101636,62
sniffing,101637,101636,101637,1
right_turning,101641,101637,101641,4
trotting,101642,101641,101642,1
stepping,101697,101642,101697,55
walking,101774,101697,101774,77
right_turning,101816,101774,101816,42
rising,101904,101816,101904,88
stepping,101995,101904,101995,91
left_turning,102029,101995,102029,34
rising,102078,102029,102078,49
stepping,102081,102078,102081,3
sniffing,102238,102081,102238,157
rearing,102249,102238,102249,11
walking,102320,102249,102320,71
sniffing,102462,102320,102462,142
climbing,102493,102462,102493,31
hunching,102541,102493,102541,48
right_turning,102561,102541,102561,20
stepping,102612,102561,102612,51
right_turning,102642,102612,102642,30
climbing,102693,102642,102693,51
rearing,102694,102693,102694,1
hunching,102732,102694,102732,38
sniffing,102733,102732,102733,1
climbing,102768,102733,102768,35
sniffing,102793,102768,102793,25
stepping,102794,102793,102794,1
sniffing,102798,102794,102798,4
rising,102945,102798,102945,147
climbing,102971,102945,102971,26
rearing,103016,102971,103016,45
sniffing,103146,103016,103146,130
rising,103211,103146,103211,65
grooming,103354,103211,103354,143
sniffing,103432,103354,103432,78
stepping,103490,103432,103490,58
sniffing,103706,103490,103706,216
left_turning,103715,103706,103715,9
climbing,103724,103715,103724,9
trotting,103725,103724,103725,1
walking,103802,103725,103802,77
rising,103905,103802,103905,103
sniffing,104133,103905,104133,228
left_turning,104300,104133,104300,167
rising,104326,104300,104326,26
sniffing,104425,104326,104425,99
right_turning,104426,104425,104426,1
trotting,104453,104426,104453,27
climbing,104702,104453,104702,249
rising,104763,104702,104763,61
hunching,104806,104763,104806,43
rising,104879,104806,104879,73
walking,104930,104879,104930,51
sniffing,105044,104930,105044,114
rising,105045,105044,105045,1
rearing,105062,105045,105062,17
walking,105118,105062,105118,56
stepping,105142,105118,105142,24
walking,105165,105142,105165,23
sniffing,105207,105165,105207,42
rising,105290,105207,105290,83
climbing,105304,105290,105304,14
walking,105344,105304,105344,40
rising,105376,105344,105376,32
hunching,105503,105376,105503,127
climbing,105569,105503,105569,66
right_turning,105578,105569,105578,9
trotting,105637,105578,105637,59
walking,105698,105637,105698,61
rising,105740,105698,105740,42
running,105775,105740,105775,35
walking,105842,105775,105842,67
sniffing,105907,105842,105907,65
climbing,105994,105907,105994,87
sniffing,105995,105994,105995,1
rising,106036,105995,106036,41
rearing,106149,106036,106149,113
climbing,106305,106149,106305,156
rearing,106331,106305,106331,26
rising,106364,106331,106364,33
climbing,106485,106364,106485,121
right_turning,106551,106485,106551,66
rising,106579,106551,106579,28
rearing,106651,106579,106651,72
climbing,106742,106651,106742,91
rising,106823,106742,106823,81
climbing,106851,106823,106851,28
sniffing,106922,106851,106922,71
left_turning,106977,106922,106977,55
right_turning,106994,106977,106994,17
rising,107436,106994,107436,442
hunching,107458,107436,107458,22
rising,107461,107458,107461,3
sniffing,107591,107461,107591,130
grooming,108000,107591,108000,409
