revised_movement_label,segBoundary,segBoundary_start,segBoundary_end,length
sniffing,94,0,94,94
rising,113,94,113,19
right_turning,130,113,130,17
trotting,146,130,146,16
walking,179,146,179,33
climbing,196,179,196,17
sniffing,249,196,249,53
walking,250,249,250,1
sniffing,292,250,292,42
trotting,354,292,354,62
stepping,388,354,388,34
sniffing,401,388,401,13
trotting,440,401,440,39
climbing,506,440,506,66
trotting,548,506,548,42
walking,664,548,664,116
climbing,727,664,727,63
sniffing,828,727,828,101
rising,891,828,891,63
climbing,940,891,940,49
sniffing,958,940,958,18
rising,969,958,969,11
climbing,1012,969,1012,43
hunching,1084,1012,1084,72
sniffing,1118,1084,1118,34
climbing,1172,1118,1172,54
trotting,1211,1172,1211,39
sniffing,1300,1211,1300,89
walking,1351,1300,1351,51
rising,1373,1351,1373,22
climbing,1374,1373,1374,1
sniffing,1395,1374,1395,21
walking,1396,1395,1396,1
rising,1435,1396,1435,39
walking,1476,1435,1476,41
trotting,1516,1476,1516,40
running,1529,1516,1529,13
climbing,1570,1529,1570,41
rising,1592,1570,1592,22
climbing,1617,1592,1617,25
sniffing,1651,1617,1651,34
climbing,1705,1651,1705,54
left_turning,1828,1705,1828,123
sniffing,1829,1828,1829,1
stepping,1895,1829,1895,66
right_turning,1925,1895,1925,30
sniffing,1969,1925,1969,44
climbing,2020,1969,2020,51
left_turning,2021,2020,2021,1
sniffing,2157,2021,2157,136
climbing,2206,2157,2206,49
trotting,2232,2206,2232,26
walking,2233,2232,2233,1
trotting,2258,2233,2258,25
left_turning,2287,2258,2287,29
rising,2304,2287,2304,17
climbing,2358,2304,2358,54
trotting,2392,2358,2392,34
sniffing,2393,2392,2393,1
rising,2404,2393,2404,11
sniffing,2457,2404,2457,53
climbing,2487,2457,2487,30
sniffing,2488,2487,2488,1
walking,2489,2488,2489,1
sniffing,2490,2489,2490,1
walking,2547,2490,2547,57
sniffing,2548,2547,2548,1
walking,2594,2548,2594,46
running,2624,2594,2624,30
walking,2644,2624,2644,20
left_turning,2701,2644,2701,57
sniffing,2755,2701,2755,54
walking,2766,2755,2766,11
rising,2801,2766,2801,35
walking,2802,2801,2802,1
hunching,2857,2802,2857,55
rearing,2904,2857,2904,47
sniffing,2926,2904,2926,22
left_turning,2955,2926,2955,29
climbing,2977,2955,2977,22
sniffing,2986,2977,2986,9
rising,3048,2986,3048,62
climbing,3078,3048,3078,30
sniffing,3165,3078,3165,87
right_turning,3222,3165,3222,57
sniffing,3224,3222,3224,2
walking,3284,3224,3284,60
sniffing,3348,3284,3348,64
walking,3398,3348,3398,50
rising,3400,3398,3400,2
climbing,3451,3400,3451,51
sniffing,3482,3451,3482,31
stepping,3529,3482,3529,47
climbing,3568,3529,3568,39
walking,3569,3568,3569,1
sniffing,3624,3569,3624,55
climbing,3641,3624,3641,17
walking,3681,3641,3681,40
sniffing,3683,3681,3683,2
stepping,3712,3683,3712,29
sniffing,3721,3712,3721,9
hunching,3758,3721,3758,37
grooming,3809,3758,3809,51
rearing,3842,3809,3842,33
sniffing,3877,3842,3877,35
rising,3908,3877,3908,31
sniffing,4035,3908,4035,127
rising,4036,4035,4036,1
walking,4043,4036,4043,7
climbing,4068,4043,4068,25
sniffing,4123,4068,4123,55
left_turning,4173,4123,4173,50
sniffing,4297,4173,4297,124
rising,4366,4297,4366,69
sniffing,4387,4366,4387,21
rising,4391,4387,4391,4
sniffing,4392,4391,4392,1
walking,4411,4392,4411,19
trotting,4426,4411,4426,15
rising,4427,4426,4427,1
stepping,4490,4427,4490,63
running,4514,4490,4514,24
walking,4575,4514,4575,61
sniffing,4581,4575,4581,6
climbing,4589,4581,4589,8
walking,4636,4589,4636,47
sniffing,5139,4636,5139,503
walking,5168,5139,5168,29
right_turning,5211,5168,5211,43
walking,5346,5211,5346,135
sniffing,5394,5346,5394,48
rising,5395,5394,5395,1
sniffing,5411,5395,5411,16
walking,5439,5411,5439,28
left_turning,5528,5439,5528,89
walking,5546,5528,5546,18
sniffing,5572,5546,5572,26
rising,5581,5572,5581,9
right_turning,5603,5581,5603,22
left_turning,5628,5603,5628,25
walking,5666,5628,5666,38
rising,5828,5666,5828,162
sniffing,5909,5828,5909,81
stepping,5944,5909,5944,35
walking,5945,5944,5945,1
running,5952,5945,5952,7
walking,6085,5952,6085,133
rising,6120,6085,6120,35
walking,6121,6120,6121,1
right_turning,6122,6121,6122,1
trotting,6150,6122,6150,28
walking,6187,6150,6187,37
climbing,6212,6187,6212,25
trotting,6251,6212,6251,39
walking,6302,6251,6302,51
climbing,6367,6302,6367,65
walking,6399,6367,6399,32
left_turning,6456,6399,6456,57
sniffing,6500,6456,6500,44
climbing,6570,6500,6570,70
sniffing,6580,6570,6580,10
rearing,6601,6580,6601,21
sniffing,6673,6601,6673,72
climbing,6743,6673,6743,70
walking,6749,6743,6749,6
sniffing,6793,6749,6793,44
climbing,6855,6793,6855,62
walking,6939,6855,6939,84
sniffing,6940,6939,6940,1
climbing,6978,6940,6978,38
walking,7011,6978,7011,33
trotting,7054,7011,7054,43
stepping,7055,7054,7055,1
rising,7153,7055,7153,98
trotting,7155,7153,7155,2
walking,7156,7155,7156,1
sniffing,7231,7156,7231,75
climbing,7272,7231,7272,41
trotting,7341,7272,7341,69
sniffing,7477,7341,7477,136
grooming,7634,7477,7634,157
right_turning,7691,7634,7691,57
walking,7767,7691,7767,76
hunching,7768,7767,7768,1
rearing,7769,7768,7769,1
hunching,7825,7769,7825,56
trotting,7853,7825,7853,28
stepping,7875,7853,7875,22
walking,7899,7875,7899,24
climbing,7924,7899,7924,25
sniffing,7925,7924,7925,1
rising,7979,7925,7979,54
climbing,8062,7979,8062,83
sniffing,8326,8062,8326,264
walking,8487,8326,8487,161
left_turning,8488,8487,8488,1
trotting,8490,8488,8490,2
left_turning,8491,8490,8491,1
sniffing,8626,8491,8626,135
walking,8635,8626,8635,9
climbing,8654,8635,8654,19
rearing,8709,8654,8709,55
climbing,8737,8709,8737,28
rising,8830,8737,8830,93
sniffing,8907,8830,8907,77
climbing,8960,8907,8960,53
sniffing,9071,8960,9071,111
stepping,9119,9071,9119,48
walking,9120,9119,9120,1
sniffing,9207,9120,9207,87
trotting,9208,9207,9208,1
running,9221,9208,9221,13
walking,9222,9221,9222,1
climbing,9242,9222,9242,20
rising,9282,9242,9282,40
walking,9298,9282,9298,16
left_turning,9347,9298,9347,49
running,9370,9347,9370,23
trotting,9438,9370,9438,68
walking,9439,9438,9439,1
rising,9444,9439,9444,5
sniffing,9448,9444,9448,4
left_turning,9464,9448,9464,16
running,9493,9464,9493,29
rising,9495,9493,9495,2
stepping,9527,9495,9527,32
sniffing,9592,9527,9592,65
climbing,9618,9592,9618,26
walking,9692,9618,9692,74
sniffing,9756,9692,9756,64
climbing,9809,9756,9809,53
rising,9891,9809,9891,82
sniffing,9913,9891,9913,22
right_turning,9946,9913,9946,33
left_turning,10001,9946,10001,55
sniffing,10039,10001,10039,38
walking,10112,10039,10112,73
right_turning,10151,10112,10151,39
sniffing,10206,10151,10206,55
rising,10207,10206,10207,1
grooming,10252,10207,10252,45
sniffing,10253,10252,10253,1
walking,10254,10253,10254,1
rising,10300,10254,10300,46
sniffing,10301,10300,10301,1
left_turning,10336,10301,10336,35
walking,10361,10336,10361,25
pausing,10888,10361,10888,527
sniffing,11197,10888,11197,309
rising,11208,11197,11208,11
sniffing,11278,11208,11278,70
left_turning,11283,11278,11283,5
stepping,11333,11283,11333,50
rising,11381,11333,11381,48
climbing,11395,11381,11395,14
walking,11424,11395,11424,29
sniffing,11511,11424,11511,87
grooming,11607,11511,11607,96
hunching,11642,11607,11642,35
sniffing,11643,11642,11643,1
climbing,11666,11643,11666,23
right_turning,11694,11666,11694,28
left_turning,11732,11694,11732,38
sniffing,11733,11732,11733,1
hunching,11749,11733,11749,16
right_turning,11807,11749,11807,58
walking,11843,11807,11843,36
stepping,11899,11843,11899,56
walking,11928,11899,11928,29
climbing,11969,11928,11969,41
sniffing,12079,11969,12079,110
left_turning,12125,12079,12125,46
sniffing,12249,12125,12249,124
right_turning,12262,12249,12262,13
walking,12294,12262,12294,32
sniffing,12341,12294,12341,47
walking,12342,12341,12342,1
rising,12343,12342,12343,1
climbing,12375,12343,12375,32
running,12422,12375,12422,47
sniffing,12568,12422,12568,146
left_turning,12575,12568,12575,7
sniffing,12580,12575,12580,5
walking,12617,12580,12617,37
climbing,12682,12617,12682,65
walking,12709,12682,12709,27
rising,12742,12709,12742,33
hunching,12859,12742,12859,117
sniffing,12860,12859,12860,1
rising,12871,12860,12871,11
sniffing,12872,12871,12872,1
left_turning,12885,12872,12885,13
walking,12946,12885,12946,61
trotting,13007,12946,13007,61
sniffing,13041,13007,13041,34
left_turning,13058,13041,13058,17
rising,13125,13058,13125,67
trotting,13169,13125,13169,44
sniffing,13232,13169,13232,63
walking,13355,13232,13355,123
sniffing,13413,13355,13413,58
right_turning,13454,13413,13454,41
left_turning,13455,13454,13455,1
climbing,13496,13455,13496,41
sniffing,13573,13496,13573,77
climbing,13610,13573,13610,37
right_turning,13653,13610,13653,43
walking,13657,13653,13657,4
sniffing,13658,13657,13658,1
rising,13704,13658,13704,46
climbing,13763,13704,13763,59
rearing,13791,13763,13791,28
rising,13872,13791,13872,81
right_turning,13873,13872,13873,1
trotting,13882,13873,13882,9
walking,13918,13882,13918,36
sniffing,13919,13918,13919,1
climbing,13979,13919,13979,60
sniffing,14127,13979,14127,148
rising,14177,14127,14177,50
left_turning,14209,14177,14209,32
running,14230,14209,14230,21
rising,14242,14230,14242,12
walking,14270,14242,14270,28
trotting,14307,14270,14307,37
sniffing,14403,14307,14403,96
rising,14405,14403,14405,2
climbing,14503,14405,14503,98
rising,14534,14503,14534,31
rearing,14599,14534,14599,65
walking,14605,14599,14605,6
rearing,14696,14605,14696,91
sniffing,14832,14696,14832,136
walking,14878,14832,14878,46
left_turning,14947,14878,14947,69
sniffing,15021,14947,15021,74
left_turning,15061,15021,15061,40
climbing,15125,15061,15125,64
rising,15143,15125,15143,18
sniffing,15251,15143,15251,108
right_turning,15299,15251,15299,48
walking,15300,15299,15300,1
sniffing,15485,15300,15485,185
climbing,15511,15485,15511,26
rising,15512,15511,15512,1
walking,15575,15512,15575,63
sniffing,15595,15575,15595,20
walking,15642,15595,15642,47
climbing,15658,15642,15658,16
rising,15659,15658,15659,1
sniffing,15716,15659,15716,57
walking,15741,15716,15741,25
sniffing,15742,15741,15742,1
climbing,15786,15742,15786,44
sniffing,15787,15786,15787,1
left_turning,15797,15787,15797,10
sniffing,15915,15797,15915,118
climbing,16100,15915,16100,185
sniffing,16101,16100,16101,1
rising,16157,16101,16157,56
walking,16159,16157,16159,2
sniffing,16160,16159,16160,1
running,16170,16160,16170,10
walking,16283,16170,16283,113
sniffing,16284,16283,16284,1
walking,16316,16284,16316,32
sniffing,16408,16316,16408,92
right_turning,16440,16408,16440,32
left_turning,16468,16440,16468,28
right_turning,16483,16468,16483,15
sniffing,16484,16483,16484,1
stepping,16526,16484,16526,42
sniffing,16531,16526,16531,5
climbing,16621,16531,16621,90
trotting,16651,16621,16651,30
left_turning,16652,16651,16652,1
sniffing,16795,16652,16795,143
climbing,16826,16795,16826,31
rearing,16859,16826,16859,33
grooming,16886,16859,16886,27
climbing,16923,16886,16923,37
rearing,16924,16923,16924,1
sniffing,16925,16924,16925,1
stepping,16949,16925,16949,24
rising,16968,16949,16968,19
climbing,17030,16968,17030,62
rising,17031,17030,17031,1
hunching,17032,17031,17032,1
rearing,17033,17032,17033,1
rising,17111,17033,17111,78
sniffing,17181,17111,17181,70
rising,17238,17181,17238,57
walking,17249,17238,17249,11
rising,17300,17249,17300,51
left_turning,17329,17300,17329,29
sniffing,17432,17329,17432,103
left_turning,17448,17432,17448,16
sniffing,17478,17448,17478,30
climbing,17550,17478,17550,72
sniffing,17664,17550,17664,114
walking,17726,17664,17726,62
sniffing,17753,17726,17753,27
walking,17762,17753,17762,9
rising,17792,17762,17792,30
left_turning,17799,17792,17799,7
sniffing,17835,17799,17835,36
right_turning,17843,17835,17843,8
walking,17844,17843,17844,1
stepping,17885,17844,17885,41
sniffing,17886,17885,17886,1
climbing,17952,17886,17952,66
left_turning,17981,17952,17981,29
sniffing,18056,17981,18056,75
climbing,18170,18056,18170,114
sniffing,18430,18170,18430,260
rising,18439,18430,18439,9
left_turning,18507,18439,18507,68
rising,18531,18507,18531,24
climbing,18566,18531,18566,35
walking,18600,18566,18600,34
sniffing,18604,18600,18604,4
rising,18654,18604,18654,50
right_turning,18681,18654,18681,27
walking,18708,18681,18708,27
climbing,18756,18708,18756,48
left_turning,18757,18756,18757,1
sniffing,18758,18757,18758,1
rising,18759,18758,18759,1
rearing,18840,18759,18840,81
sniffing,18939,18840,18939,99
hunching,18940,18939,18940,1
sniffing,18941,18940,18941,1
rising,18945,18941,18945,4
rearing,19031,18945,19031,86
walking,19042,19031,19042,11
sniffing,19103,19042,19103,61
walking,19148,19103,19148,45
sniffing,19249,19148,19249,101
walking,19301,19249,19301,52
sniffing,19393,19301,19393,92
walking,19485,19393,19485,92
sniffing,19536,19485,19536,51
walking,19571,19536,19571,35
right_turning,19594,19571,19594,23
walking,19685,19594,19685,91
sniffing,19686,19685,19686,1
rearing,19757,19686,19757,71
sniffing,19778,19757,19778,21
walking,19818,19778,19818,40
sniffing,19961,19818,19961,143
running,19994,19961,19994,33
sniffing,20025,19994,20025,31
rising,20058,20025,20058,33
trotting,20106,20058,20106,48
walking,20107,20106,20107,1
climbing,20144,20107,20144,37
rearing,20145,20144,20145,1
climbing,20146,20145,20146,1
trotting,20225,20146,20225,79
walking,20268,20225,20268,43
rising,20321,20268,20321,53
walking,20355,20321,20355,34
rising,20359,20355,20359,4
climbing,20488,20359,20488,129
rising,20576,20488,20576,88
sniffing,20590,20576,20590,14
walking,20621,20590,20621,31
left_turning,20677,20621,20677,56
walking,20678,20677,20678,1
sniffing,20781,20678,20781,103
climbing,20861,20781,20861,80
left_turning,20916,20861,20916,55
sniffing,20943,20916,20943,27
left_turning,20989,20943,20989,46
walking,21032,20989,21032,43
stepping,21093,21032,21093,61
walking,21094,21093,21094,1
sniffing,21220,21094,21220,126
right_turning,21235,21220,21235,15
walking,21258,21235,21258,23
right_turning,21298,21258,21298,40
running,21315,21298,21315,17
sniffing,21366,21315,21366,51
right_turning,21429,21366,21429,63
rising,21453,21429,21453,24
rearing,21554,21453,21554,101
sniffing,21616,21554,21616,62
right_turning,21644,21616,21644,28
walking,21698,21644,21698,54
sniffing,21699,21698,21699,1
climbing,21775,21699,21775,76
walking,21859,21775,21859,84
rearing,21877,21859,21877,18
climbing,21878,21877,21878,1
rising,21934,21878,21934,56
climbing,21956,21934,21956,22
right_turning,21996,21956,21996,40
climbing,22075,21996,22075,79
hunching,22100,22075,22100,25
sniffing,22209,22100,22209,109
left_turning,22215,22209,22215,6
walking,22255,22215,22255,40
rising,22314,22255,22314,59
sniffing,22372,22314,22372,58
rising,22373,22372,22373,1
walking,22414,22373,22414,41
trotting,22448,22414,22448,34
sniffing,22449,22448,22449,1
left_turning,22476,22449,22476,27
sniffing,22505,22476,22505,29
stepping,22576,22505,22576,71
sniffing,22678,22576,22678,102
right_turning,22680,22678,22680,2
trotting,22701,22680,22701,21
rising,22793,22701,22793,92
climbing,22931,22793,22931,138
sniffing,23116,22931,23116,185
climbing,23159,23116,23159,43
rising,23202,23159,23202,43
climbing,23246,23202,23246,44
walking,23299,23246,23299,53
left_turning,23306,23299,23306,7
running,23383,23306,23383,77
walking,23428,23383,23428,45
left_turning,23429,23428,23429,1
walking,23449,23429,23449,20
sniffing,23450,23449,23450,1
walking,23469,23450,23469,19
climbing,23470,23469,23470,1
rising,23471,23470,23471,1
sniffing,23521,23471,23521,50
rearing,23543,23521,23543,22
right_turning,23592,23543,23592,49
walking,23619,23592,23619,27
rearing,23620,23619,23620,1
left_turning,23695,23620,23695,75
sniffing,23731,23695,23731,36
right_turning,23767,23731,23767,36
sniffing,23821,23767,23821,54
stepping,23851,23821,23851,30
hunching,23870,23851,23870,19
right_turning,23920,23870,23920,50
trotting,23961,23920,23961,41
walking,23976,23961,23976,15
trotting,24008,23976,24008,32
walking,24102,24008,24102,94
rising,24133,24102,24133,31
sniffing,24134,24133,24134,1
hunching,24155,24134,24155,21
grooming,24254,24155,24254,99
rearing,24297,24254,24297,43
climbing,24346,24297,24346,49
left_turning,24363,24346,24363,17
sniffing,24615,24363,24615,252
climbing,24631,24615,24631,16
rising,24680,24631,24680,49
climbing,24681,24680,24681,1
sniffing,24768,24681,24768,87
right_turning,24809,24768,24809,41
walking,24810,24809,24810,1
rearing,25038,24810,25038,228
sniffing,25092,25038,25092,54
walking,25141,25092,25141,49
rearing,25142,25141,25142,1
right_turning,25175,25142,25175,33
walking,25192,25175,25192,17
sniffing,25206,25192,25206,14
walking,25286,25206,25286,80
stepping,25287,25286,25287,1
sniffing,25301,25287,25301,14
rising,25321,25301,25321,20
left_turning,25387,25321,25387,66
walking,25497,25387,25497,110
sniffing,25593,25497,25593,96
walking,25664,25593,25664,71
sniffing,25692,25664,25692,28
left_turning,25725,25692,25725,33
walking,25762,25725,25762,37
sniffing,25817,25762,25817,55
right_turning,25820,25817,25820,3
rising,25852,25820,25852,32
running,25875,25852,25875,23
walking,25956,25875,25956,81
sniffing,25957,25956,25957,1
rising,25992,25957,25992,35
sniffing,26120,25992,26120,128
climbing,26183,26120,26183,63
right_turning,26184,26183,26184,1
walking,26185,26184,26185,1
sniffing,26218,26185,26218,33
rising,26254,26218,26254,36
hunching,26270,26254,26270,16
climbing,26310,26270,26310,40
right_turning,26364,26310,26364,54
sniffing,26374,26364,26374,10
trotting,26375,26374,26375,1
walking,26399,26375,26399,24
sniffing,26440,26399,26440,41
pausing,26662,26440,26662,222
sniffing,26724,26662,26724,62
climbing,27026,26724,27026,302
walking,27090,27026,27090,64
sniffing,27241,27090,27241,151
rising,27256,27241,27256,15
sniffing,27322,27256,27322,66
left_turning,27362,27322,27362,40
sniffing,27450,27362,27450,88
left_turning,27459,27450,27459,9
rising,27493,27459,27493,34
rearing,27521,27493,27521,28
walking,27544,27521,27544,23
sniffing,27652,27544,27652,108
rising,27679,27652,27679,27
sniffing,27769,27679,27769,90
left_turning,27803,27769,27803,34
sniffing,27890,27803,27890,87
walking,27904,27890,27904,14
sniffing,27996,27904,27996,92
rising,28034,27996,28034,38
rearing,28081,28034,28081,47
sniffing,28138,28081,28138,57
climbing,28139,28138,28139,1
walking,28176,28139,28176,37
left_turning,28208,28176,28208,32
climbing,28226,28208,28226,18
running,28253,28226,28253,27
rising,28273,28253,28273,20
sniffing,28305,28273,28305,32
walking,28320,28305,28320,15
left_turning,28329,28320,28329,9
sniffing,28400,28329,28400,71
walking,28465,28400,28465,65
sniffing,28510,28465,28510,45
rising,28512,28510,28512,2
walking,28613,28512,28613,101
trotting,28640,28613,28640,27
walking,28668,28640,28668,28
stepping,28722,28668,28722,54
rearing,28737,28722,28737,15
walking,28770,28737,28770,33
stepping,28789,28770,28789,19
walking,28870,28789,28870,81
trotting,28906,28870,28906,36
climbing,28977,28906,28977,71
right_turning,28978,28977,28978,1
rising,29015,28978,29015,37
running,29020,29015,29020,5
sniffing,29149,29020,29149,129
left_turning,29172,29149,29172,23
sniffing,29188,29172,29188,16
walking,29235,29188,29235,47
left_turning,29246,29235,29246,11
sniffing,29263,29246,29263,17
hunching,29353,29263,29353,90
climbing,29468,29353,29468,115
right_turning,29497,29468,29497,29
walking,29498,29497,29498,1
sniffing,29499,29498,29499,1
walking,29575,29499,29575,76
sniffing,29583,29575,29583,8
stepping,29633,29583,29633,50
sniffing,29719,29633,29719,86
walking,29774,29719,29774,55
rising,29841,29774,29841,67
sniffing,29983,29841,29983,142
trotting,29991,29983,29991,8
left_turning,30015,29991,30015,24
rising,30033,30015,30033,18
sniffing,30034,30033,30034,1
left_turning,30069,30034,30069,35
walking,30075,30069,30075,6
rising,30141,30075,30141,66
rearing,30167,30141,30167,26
sniffing,30168,30167,30168,1
walking,30202,30168,30202,34
stepping,30234,30202,30234,32
climbing,30311,30234,30311,77
trotting,30359,30311,30359,48
walking,30376,30359,30376,17
sniffing,30377,30376,30377,1
stepping,30405,30377,30405,28
walking,30423,30405,30423,18
sniffing,30488,30423,30488,65
rising,30528,30488,30528,40
grooming,30529,30528,30529,1
rising,30530,30529,30530,1
hunching,30598,30530,30598,68
walking,30601,30598,30601,3
rising,30610,30601,30610,9
right_turning,30612,30610,30612,2
left_turning,30613,30612,30613,1
running,30625,30613,30625,12
sniffing,30688,30625,30688,63
walking,30689,30688,30689,1
running,30740,30689,30740,51
sniffing,30769,30740,30769,29
left_turning,30844,30769,30844,75
rising,30854,30844,30854,10
left_turning,30888,30854,30888,34
running,30895,30888,30895,7
sniffing,30952,30895,30952,57
walking,30973,30952,30973,21
sniffing,30974,30973,30974,1
rising,31005,30974,31005,31
grooming,31006,31005,31006,1
sniffing,31116,31006,31116,110
climbing,31200,31116,31200,84
rising,31203,31200,31203,3
walking,31247,31203,31247,44
sniffing,31373,31247,31373,126
walking,31412,31373,31412,39
rising,31446,31412,31446,34
right_turning,31452,31446,31452,6
walking,31550,31452,31550,98
left_turning,31551,31550,31551,1
sniffing,31669,31551,31669,118
left_turning,31685,31669,31685,16
sniffing,31788,31685,31788,103
rising,31828,31788,31828,40
sniffing,31835,31828,31835,7
trotting,31903,31835,31903,68
walking,31999,31903,31999,96
rising,32037,31999,32037,38
climbing,32182,32037,32182,145
rising,32282,32182,32282,100
rearing,32298,32282,32298,16
running,32301,32298,32301,3
walking,32316,32301,32316,15
rearing,32377,32316,32377,61
rising,32382,32377,32382,5
jumping,32449,32382,32449,67
sniffing,32450,32449,32450,1
climbing,32537,32450,32537,87
running,32563,32537,32563,26
sniffing,32585,32563,32585,22
rearing,32588,32585,32588,3
climbing,32663,32588,32663,75
right_turning,32712,32663,32712,49
stepping,32713,32712,32713,1
hunching,32719,32713,32719,6
sniffing,32847,32719,32847,128
rising,32848,32847,32848,1
climbing,32872,32848,32872,24
walking,32941,32872,32941,69
sniffing,33138,32941,33138,197
climbing,33204,33138,33204,66
rising,33258,33204,33258,54
sniffing,33383,33258,33383,125
walking,33408,33383,33408,25
right_turning,33462,33408,33462,54
walking,33527,33462,33527,65
sniffing,33571,33527,33571,44
walking,33650,33571,33650,79
climbing,33687,33650,33687,37
running,33703,33687,33703,16
walking,33721,33703,33721,18
sniffing,33817,33721,33817,96
walking,33915,33817,33915,98
climbing,33966,33915,33966,51
rearing,34008,33966,34008,42
climbing,34109,34008,34109,101
trotting,34151,34109,34151,42
left_turning,34152,34151,34152,1
trotting,34163,34152,34163,11
left_turning,34174,34163,34174,11
sniffing,34175,34174,34175,1
climbing,34204,34175,34204,29
trotting,34217,34204,34217,13
walking,34289,34217,34289,72
left_turning,34310,34289,34310,21
climbing,34371,34310,34371,61
walking,34401,34371,34401,30
sniffing,34505,34401,34505,104
stepping,34575,34505,34575,70
sniffing,34660,34575,34660,85
walking,34661,34660,34661,1
sniffing,34673,34661,34673,12
walking,34715,34673,34715,42
rearing,34866,34715,34866,151
walking,34905,34866,34905,39
sniffing,34960,34905,34960,55
climbing,35023,34960,35023,63
rising,35042,35023,35042,19
sniffing,35172,35042,35172,130
rising,35173,35172,35173,1
climbing,35218,35173,35218,45
rising,35247,35218,35247,29
climbing,35287,35247,35287,40
rising,35339,35287,35339,52
climbing,35349,35339,35349,10
hunching,35350,35349,35350,1
walking,35504,35350,35504,154
climbing,35571,35504,35571,67
rising,35618,35571,35618,47
climbing,35652,35618,35652,34
walking,35723,35652,35723,71
climbing,35746,35723,35746,23
walking,35765,35746,35765,19
sniffing,35811,35765,35811,46
right_turning,35822,35811,35822,11
walking,35899,35822,35899,77
stepping,35916,35899,35916,17
rising,35923,35916,35923,7
climbing,36013,35923,36013,90
trotting,36062,36013,36062,49
climbing,36223,36062,36223,161
walking,36368,36223,36368,145
climbing,36451,36368,36451,83
rearing,36460,36451,36460,9
walking,36550,36460,36550,90
stepping,36591,36550,36591,41
rearing,36648,36591,36648,57
hunching,36683,36648,36683,35
sniffing,36684,36683,36684,1
walking,36710,36684,36710,26
rising,36797,36710,36797,87
climbing,36889,36797,36889,92
trotting,36920,36889,36920,31
walking,36984,36920,36984,64
climbing,37005,36984,37005,21
grooming,37236,37005,37236,231
rearing,37251,37236,37251,15
grooming,37392,37251,37392,141
left_turning,37440,37392,37440,48
rising,37489,37440,37489,49
hunching,37585,37489,37585,96
grooming,37885,37585,37885,300
rearing,38019,37885,38019,134
sniffing,38020,38019,38020,1
left_turning,38082,38020,38082,62
trotting,38103,38082,38103,21
rising,38253,38103,38253,150
climbing,38327,38253,38327,74
right_turning,38377,38327,38377,50
walking,38435,38377,38435,58
sniffing,38493,38435,38493,58
right_turning,38494,38493,38494,1
running,38512,38494,38512,18
rising,38531,38512,38531,19
climbing,38532,38531,38532,1
sniffing,38553,38532,38553,21
rising,38585,38553,38585,32
walking,38635,38585,38635,50
sniffing,38662,38635,38662,27
walking,38663,38662,38663,1
rising,38707,38663,38707,44
trotting,38718,38707,38718,11
walking,38742,38718,38742,24
sniffing,38894,38742,38894,152
rearing,38895,38894,38895,1
rising,38932,38895,38932,37
walking,38973,38932,38973,41
sniffing,38989,38973,38989,16
walking,39053,38989,39053,64
sniffing,39054,39053,39054,1
rising,39086,39054,39086,32
right_turning,39157,39086,39157,71
walking,39222,39157,39222,65
left_turning,39306,39222,39306,84
sniffing,39434,39306,39434,128
rising,39467,39434,39467,33
climbing,39521,39467,39521,54
right_turning,39561,39521,39561,40
sniffing,39753,39561,39753,192
climbing,39843,39753,39843,90
running,39850,39843,39850,7
sniffing,39851,39850,39851,1
walking,39859,39851,39859,8
climbing,39911,39859,39911,52
sniffing,39960,39911,39960,49
left_turning,39986,39960,39986,26
trotting,40017,39986,40017,31
walking,40088,40017,40088,71
left_turning,40089,40088,40089,1
trotting,40130,40089,40130,41
sniffing,40131,40130,40131,1
walking,40178,40131,40178,47
rising,40179,40178,40179,1
sniffing,40266,40179,40266,87
walking,40315,40266,40315,49
sniffing,40394,40315,40394,79
rising,40462,40394,40462,68
sniffing,40518,40462,40518,56
rising,40519,40518,40519,1
sniffing,40572,40519,40572,53
walking,40647,40572,40647,75
rising,40653,40647,40653,6
sniffing,40656,40653,40656,3
left_turning,40671,40656,40671,15
sniffing,40672,40671,40672,1
grooming,40673,40672,40673,1
running,40726,40673,40726,53
walking,40791,40726,40791,65
stepping,40807,40791,40807,16
climbing,40895,40807,40895,88
rearing,40961,40895,40961,66
sniffing,41012,40961,41012,51
rising,41057,41012,41057,45
left_turning,41114,41057,41114,57
rising,41139,41114,41139,25
running,41151,41139,41151,12
trotting,41186,41151,41186,35
left_turning,41214,41186,41214,28
sniffing,41257,41214,41257,43
walking,41292,41257,41292,35
trotting,41350,41292,41350,58
sniffing,41420,41350,41420,70
right_turning,41422,41420,41422,2
stepping,41467,41422,41467,45
rising,41478,41467,41478,11
walking,41542,41478,41542,64
rising,41590,41542,41590,48
climbing,41615,41590,41615,25
rising,41681,41615,41681,66
rearing,41682,41681,41682,1
sniffing,41745,41682,41745,63
rising,41831,41745,41831,86
climbing,41859,41831,41859,28
walking,41894,41859,41894,35
climbing,41931,41894,41931,37
trotting,41935,41931,41935,4
stepping,41942,41935,41942,7
hunching,41953,41942,41953,11
rearing,42082,41953,42082,129
right_turning,42125,42082,42125,43
trotting,42165,42125,42165,40
climbing,42223,42165,42223,58
walking,42295,42223,42295,72
rising,42381,42295,42381,86
sniffing,42382,42381,42382,1
hunching,42431,42382,42431,49
rising,42464,42431,42464,33
left_turning,42496,42464,42496,32
trotting,42514,42496,42514,18
sniffing,42539,42514,42539,25
rising,42556,42539,42556,17
climbing,42636,42556,42636,80
running,42648,42636,42648,12
trotting,42694,42648,42694,46
walking,42781,42694,42781,87
rising,42782,42781,42782,1
sniffing,42783,42782,42783,1
rising,42831,42783,42831,48
grooming,43048,42831,43048,217
walking,43099,43048,43099,51
sniffing,43100,43099,43100,1
walking,43144,43100,43144,44
sniffing,43145,43144,43145,1
walking,43170,43145,43170,25
sniffing,43171,43170,43171,1
hunching,43178,43171,43178,7
climbing,43227,43178,43227,49
walking,43341,43227,43341,114
sniffing,43378,43341,43378,37
pausing,43529,43378,43529,151
sniffing,43590,43529,43590,61
grooming,43591,43590,43591,1
sniffing,43593,43591,43593,2
stepping,43621,43593,43621,28
sniffing,43625,43621,43625,4
stepping,43648,43625,43648,23
sniffing,43815,43648,43815,167
climbing,43879,43815,43879,64
left_turning,43909,43879,43909,30
sniffing,44036,43909,44036,127
walking,44047,44036,44047,11
sniffing,44175,44047,44175,128
walking,44193,44175,44193,18
stepping,44229,44193,44229,36
sniffing,44323,44229,44323,94
rising,44388,44323,44388,65
rearing,44478,44388,44478,90
sniffing,44549,44478,44549,71
rising,44593,44549,44593,44
climbing,44621,44593,44621,28
rearing,44622,44621,44622,1
left_turning,44623,44622,44623,1
sniffing,44666,44623,44666,43
grooming,44667,44666,44667,1
walking,44690,44667,44690,23
climbing,44731,44690,44731,41
rising,44766,44731,44766,35
right_turning,44791,44766,44791,25
running,44792,44791,44792,1
walking,44839,44792,44839,47
stepping,44873,44839,44873,34
sniffing,44932,44873,44932,59
left_turning,44967,44932,44967,35
sniffing,45114,44967,45114,147
right_turning,45156,45114,45156,42
sniffing,45183,45156,45183,27
walking,45184,45183,45184,1
trotting,45210,45184,45210,26
left_turning,45240,45210,45240,30
sniffing,45241,45240,45241,1
trotting,45277,45241,45277,36
left_turning,45293,45277,45293,16
walking,45334,45293,45334,41
left_turning,45408,45334,45408,74
walking,45409,45408,45409,1
sniffing,45434,45409,45434,25
left_turning,45456,45434,45456,22
trotting,45488,45456,45488,32
sniffing,45526,45488,45526,38
walking,45565,45526,45565,39
left_turning,45591,45565,45591,26
trotting,45608,45591,45608,17
walking,45639,45608,45639,31
sniffing,45747,45639,45747,108
walking,45812,45747,45812,65
sniffing,45892,45812,45892,80
trotting,45897,45892,45897,5
left_turning,45927,45897,45927,30
rising,45986,45927,45986,59
sniffing,46061,45986,46061,75
climbing,46123,46061,46123,62
rising,46175,46123,46175,52
left_turning,46198,46175,46198,23
walking,46219,46198,46219,21
sniffing,46354,46219,46354,135
rearing,46355,46354,46355,1
walking,46424,46355,46424,69
climbing,46561,46424,46561,137
walking,46638,46561,46638,77
sniffing,46651,46638,46651,13
walking,46705,46651,46705,54
sniffing,46779,46705,46779,74
rising,46788,46779,46788,9
climbing,46801,46788,46801,13
walking,46860,46801,46860,59
climbing,46916,46860,46916,56
sniffing,46981,46916,46981,65
walking,47074,46981,47074,93
sniffing,47130,47074,47130,56
walking,47196,47130,47196,66
climbing,47243,47196,47243,47
running,47278,47243,47278,35
sniffing,47309,47278,47309,31
rearing,47339,47309,47339,30
rising,47340,47339,47340,1
hunching,47370,47340,47370,30
right_turning,47390,47370,47390,20
rising,47422,47390,47422,32
running,47464,47422,47464,42
sniffing,47465,47464,47465,1
walking,47515,47465,47515,50
stepping,47551,47515,47551,36
sniffing,47552,47551,47552,1
rising,47561,47552,47561,9
right_turning,47603,47561,47603,42
left_turning,47639,47603,47639,36
trotting,47687,47639,47687,48
stepping,47706,47687,47706,19
sniffing,47811,47706,47811,105
grooming,48024,47811,48024,213
hunching,48099,48024,48099,75
climbing,48160,48099,48160,61
rising,48172,48160,48172,12
sniffing,48195,48172,48195,23
climbing,48291,48195,48291,96
right_turning,48341,48291,48341,50
walking,48346,48341,48346,5
sniffing,48349,48346,48349,3
right_turning,48398,48349,48398,49
trotting,48432,48398,48432,34
right_turning,48433,48432,48433,1
trotting,48434,48433,48434,1
rising,48534,48434,48534,100
climbing,48643,48534,48643,109
left_turning,48680,48643,48680,37
rising,48747,48680,48747,67
climbing,48821,48747,48821,74
rearing,48866,48821,48866,45
sniffing,48904,48866,48904,38
walking,48905,48904,48905,1
climbing,48953,48905,48953,48
walking,48954,48953,48954,1
sniffing,49043,48954,49043,89
rising,49083,49043,49083,40
sniffing,49084,49083,49084,1
rising,49127,49084,49127,43
climbing,49152,49127,49152,25
rearing,49208,49152,49208,56
sniffing,49286,49208,49286,78
rising,49294,49286,49294,8
climbing,49374,49294,49374,80
walking,49408,49374,49408,34
rising,49518,49408,49518,110
rearing,49560,49518,49560,42
rising,49627,49560,49627,67
climbing,49628,49627,49628,1
sniffing,49768,49628,49768,140
walking,49835,49768,49835,67
stepping,49863,49835,49863,28
rising,49895,49863,49895,32
climbing,49990,49895,49990,95
sniffing,50163,49990,50163,173
walking,50242,50163,50242,79
sniffing,50306,50242,50306,64
walking,50410,50306,50410,104
sniffing,50412,50410,50412,2
walking,50414,50412,50414,2
jumping,50557,50414,50557,143
sniffing,50757,50557,50757,200
left_turning,50826,50757,50826,69
running,50838,50826,50838,12
sniffing,50968,50838,50968,130
walking,51024,50968,51024,56
left_turning,51042,51024,51042,18
sniffing,51092,51042,51092,50
rising,51126,51092,51126,34
rearing,51140,51126,51140,14
grooming,51339,51140,51339,199
rising,51340,51339,51340,1
sniffing,51422,51340,51422,82
climbing,51423,51422,51423,1
sniffing,51451,51423,51451,28
walking,51497,51451,51497,46
sniffing,51642,51497,51642,145
walking,51691,51642,51691,49
stepping,51737,51691,51737,46
rising,51760,51737,51760,23
sniffing,51820,51760,51820,60
walking,51904,51820,51904,84
left_turning,51962,51904,51962,58
sniffing,52014,51962,52014,52
rising,52048,52014,52048,34
walking,52079,52048,52079,31
rising,52125,52079,52125,46
trotting,52188,52125,52188,63
rising,52206,52188,52206,18
sniffing,52385,52206,52385,179
trotting,52402,52385,52402,17
sniffing,52421,52402,52421,19
walking,52484,52421,52484,63
sniffing,52571,52484,52571,87
stepping,52574,52571,52574,3
rising,52600,52574,52600,26
grooming,52733,52600,52733,133
rearing,52757,52733,52757,24
rising,52819,52757,52819,62
sniffing,52982,52819,52982,163
rising,52983,52982,52983,1
rearing,53061,52983,53061,78
walking,53121,53061,53121,60
sniffing,53153,53121,53153,32
rising,53190,53153,53190,37
sniffing,53246,53190,53246,56
trotting,53255,53246,53255,9
stepping,53277,53255,53277,22
trotting,53321,53277,53321,44
stepping,53379,53321,53379,58
right_turning,53403,53379,53403,24
hunching,53474,53403,53474,71
climbing,53510,53474,53510,36
rearing,53559,53510,53559,49
hunching,53637,53559,53637,78
grooming,54416,53637,54416,779
rearing,54536,54416,54536,120
sniffing,54541,54536,54541,5
right_turning,54544,54541,54544,3
walking,54586,54544,54586,42
right_turning,54637,54586,54637,51
walking,54702,54637,54702,65
sniffing,54735,54702,54735,33
climbing,54850,54735,54850,115
hunching,54954,54850,54954,104
right_turning,54966,54954,54966,12
sniffing,55125,54966,55125,159
rising,55204,55125,55204,79
climbing,55297,55204,55297,93
sniffing,55298,55297,55298,1
rearing,55367,55298,55367,69
climbing,55394,55367,55394,27
trotting,55420,55394,55420,26
walking,55423,55420,55423,3
sniffing,55424,55423,55424,1
right_turning,55454,55424,55454,30
running,55469,55454,55469,15
stepping,55470,55469,55470,1
trotting,55493,55470,55493,23
sniffing,55661,55493,55661,168
rising,55697,55661,55697,36
grooming,55744,55697,55744,47
rearing,55829,55744,55829,85
sniffing,55888,55829,55888,59
rearing,56020,55888,56020,132
sniffing,56025,56020,56025,5
walking,56113,56025,56113,88
trotting,56145,56113,56145,32
running,56155,56145,56155,10
rising,56156,56155,56156,1
climbing,56187,56156,56187,31
left_turning,56248,56187,56248,61
sniffing,56322,56248,56322,74
hunching,56323,56322,56323,1
sniffing,56389,56323,56389,66
right_turning,56399,56389,56399,10
walking,56413,56399,56413,14
sniffing,56488,56413,56488,75
climbing,56559,56488,56559,71
sniffing,56678,56559,56678,119
left_turning,56739,56678,56739,61
walking,56796,56739,56796,57
sniffing,56797,56796,56797,1
rising,56809,56797,56809,12
climbing,56831,56809,56831,22
sniffing,56860,56831,56860,29
rising,56908,56860,56908,48
climbing,57038,56908,57038,130
sniffing,57039,57038,57039,1
left_turning,57079,57039,57079,40
sniffing,57167,57079,57167,88
climbing,57231,57167,57231,64
sniffing,57371,57231,57371,140
walking,57443,57371,57443,72
running,57482,57443,57482,39
trotting,57495,57482,57495,13
sniffing,57797,57495,57797,302
hunching,57880,57797,57880,83
right_turning,57952,57880,57952,72
walking,57953,57952,57953,1
sniffing,58053,57953,58053,100
walking,58054,58053,58054,1
left_turning,58087,58054,58087,33
sniffing,58161,58087,58161,74
rearing,58166,58161,58166,5
walking,58185,58166,58185,19
rising,58250,58185,58250,65
left_turning,58259,58250,58259,9
rearing,58311,58259,58311,52
climbing,58436,58311,58436,125
rearing,58468,58436,58468,32
climbing,58546,58468,58546,78
grooming,58766,58546,58766,220
rearing,58787,58766,58787,21
walking,58850,58787,58850,63
running,58889,58850,58889,39
rising,58905,58889,58905,16
sniffing,58980,58905,58980,75
walking,59046,58980,59046,66
climbing,59057,59046,59057,11
running,59080,59057,59080,23
walking,59129,59080,59129,49
rising,59143,59129,59143,14
climbing,59233,59143,59233,90
rising,59320,59233,59320,87
grooming,59321,59320,59321,1
walking,59322,59321,59322,1
sniffing,59471,59322,59471,149
climbing,59518,59471,59518,47
right_turning,59536,59518,59536,18
running,59564,59536,59564,28
left_turning,59595,59564,59595,31
sniffing,59781,59595,59781,186
rising,59805,59781,59805,24
climbing,59806,59805,59806,1
trotting,59834,59806,59834,28
sniffing,59848,59834,59848,14
rising,59905,59848,59905,57
right_turning,59934,59905,59934,29
running,59979,59934,59979,45
sniffing,59980,59979,59980,1
right_turning,60007,59980,60007,27
stepping,60057,60007,60057,50
walking,60135,60057,60135,78
right_turning,60169,60135,60169,34
trotting,60207,60169,60207,38
climbing,60248,60207,60248,41
rising,60268,60248,60268,20
trotting,60315,60268,60315,47
sniffing,60318,60315,60318,3
climbing,60343,60318,60343,25
grooming,60344,60343,60344,1
running,60366,60344,60366,22
trotting,60401,60366,60401,35
walking,60453,60401,60453,52
sniffing,60566,60453,60566,113
stepping,60567,60566,60567,1
sniffing,60568,60567,60568,1
walking,60657,60568,60657,89
sniffing,60744,60657,60744,87
rising,60774,60744,60774,30
stepping,60840,60774,60840,66
sniffing,60941,60840,60941,101
rising,60942,60941,60942,1
sniffing,60955,60942,60955,13
climbing,61022,60955,61022,67
hunching,61035,61022,61035,13
right_turning,61098,61035,61098,63
walking,61102,61098,61102,4
rising,61158,61102,61158,56
sniffing,61234,61158,61234,76
left_turning,61264,61234,61264,30
stepping,61284,61264,61284,20
left_turning,61295,61284,61295,11
walking,61303,61295,61303,8
rising,61316,61303,61316,13
climbing,61381,61316,61381,65
right_turning,61394,61381,61394,13
trotting,61424,61394,61424,30
left_turning,61454,61424,61454,30
rearing,61494,61454,61494,40
grooming,61607,61494,61607,113
hunching,61650,61607,61650,43
trotting,61683,61650,61683,33
sniffing,61684,61683,61684,1
right_turning,61714,61684,61714,30
walking,61764,61714,61764,50
sniffing,61805,61764,61805,41
climbing,61806,61805,61806,1
walking,61885,61806,61885,79
rising,61886,61885,61886,1
sniffing,61983,61886,61983,97
right_turning,61990,61983,61990,7
trotting,61992,61990,61992,2
walking,62067,61992,62067,75
rising,62108,62067,62108,41
climbing,62161,62108,62161,53
walking,62162,62161,62162,1
sniffing,62183,62162,62183,21
trotting,62230,62183,62230,47
sniffing,62395,62230,62395,165
walking,62396,62395,62396,1
rearing,62446,62396,62446,50
rising,62507,62446,62507,61
running,62510,62507,62510,3
left_turning,62574,62510,62574,64
walking,62615,62574,62615,41
sniffing,62616,62615,62616,1
stepping,62617,62616,62617,1
walking,62637,62617,62637,20
sniffing,62851,62637,62851,214
right_turning,62875,62851,62875,24
running,62921,62875,62921,46
rising,62986,62921,62986,65
walking,63021,62986,63021,35
left_turning,63037,63021,63037,16
rising,63111,63037,63111,74
climbing,63156,63111,63156,45
rearing,63157,63156,63157,1
walking,63179,63157,63179,22
sniffing,63185,63179,63185,6
climbing,63256,63185,63256,71
rising,63286,63256,63286,30
left_turning,63288,63286,63288,2
walking,63357,63288,63357,69
sniffing,63444,63357,63444,87
rising,63480,63444,63480,36
sniffing,63582,63480,63582,102
pausing,63688,63582,63688,106
sniffing,63689,63688,63689,1
rising,63690,63689,63690,1
stepping,63731,63690,63731,41
sniffing,63815,63731,63815,84
right_turning,63834,63815,63834,19
sniffing,63835,63834,63835,1
rising,63866,63835,63866,31
sniffing,63920,63866,63920,54
rearing,63987,63920,63987,67
climbing,64090,63987,64090,103
rising,64100,64090,64100,10
left_turning,64146,64100,64146,46
running,64170,64146,64170,24
left_turning,64229,64170,64229,59
sniffing,64314,64229,64314,85
pausing,64385,64314,64385,71
sniffing,64424,64385,64424,39
walking,64455,64424,64455,31
sniffing,64515,64455,64515,60
right_turning,64525,64515,64525,10
walking,64526,64525,64526,1
right_turning,64553,64526,64553,27
trotting,64586,64553,64586,33
walking,64630,64586,64630,44
sniffing,64716,64630,64716,86
grooming,64717,64716,64717,1
sniffing,64753,64717,64753,36
right_turning,64798,64753,64798,45
stepping,64809,64798,64809,11
sniffing,64876,64809,64876,67
walking,64931,64876,64931,55
sniffing,64933,64931,64933,2
walking,64977,64933,64977,44
trotting,65047,64977,65047,70
sniffing,65449,65047,65449,402
walking,65450,65449,65450,1
sniffing,65542,65450,65542,92
rearing,65543,65542,65543,1
climbing,65567,65543,65567,24
rising,65620,65567,65620,53
stepping,65652,65620,65652,32
left_turning,65713,65652,65713,61
sniffing,65714,65713,65714,1
rearing,65715,65714,65715,1
right_turning,65735,65715,65735,20
stepping,65738,65735,65738,3
walking,65754,65738,65754,16
climbing,65913,65754,65913,159
walking,65984,65913,65984,71
sniffing,66055,65984,66055,71
walking,66072,66055,66072,17
sniffing,66073,66072,66073,1
walking,66130,66073,66130,57
sniffing,66174,66130,66174,44
left_turning,66188,66174,66188,14
walking,66208,66188,66208,20
sniffing,66375,66208,66375,167
walking,66415,66375,66415,40
sniffing,66416,66415,66416,1
left_turning,66445,66416,66445,29
sniffing,66446,66445,66446,1
rising,66450,66446,66450,4
sniffing,66451,66450,66451,1
walking,66452,66451,66452,1
climbing,66453,66452,66453,1
left_turning,66503,66453,66503,50
trotting,66515,66503,66515,12
rising,66531,66515,66531,16
climbing,66532,66531,66532,1
rearing,66629,66532,66629,97
climbing,66662,66629,66662,33
sniffing,66704,66662,66704,42
walking,66749,66704,66749,45
sniffing,66767,66749,66767,18
rising,66771,66767,66771,4
climbing,66834,66771,66834,63
sniffing,66835,66834,66835,1
walking,66869,66835,66869,34
sniffing,66914,66869,66914,45
rising,66943,66914,66943,29
hunching,66946,66943,66946,3
rising,66947,66946,66947,1
climbing,66970,66947,66970,23
trotting,67007,66970,67007,37
rising,67020,67007,67020,13
rearing,67021,67020,67021,1
climbing,67073,67021,67073,52
rising,67133,67073,67133,60
climbing,67315,67133,67315,182
rising,67347,67315,67347,32
climbing,67348,67347,67348,1
right_turning,67369,67348,67369,21
trotting,67432,67369,67432,63
sniffing,67433,67432,67433,1
grooming,67536,67433,67536,103
climbing,67560,67536,67560,24
walking,67584,67560,67584,24
sniffing,67704,67584,67704,120
climbing,67739,67704,67739,35
sniffing,67782,67739,67782,43
rising,67805,67782,67805,23
sniffing,67916,67805,67916,111
rising,67927,67916,67927,11
climbing,68035,67927,68035,108
sniffing,68144,68035,68144,109
pausing,68218,68144,68218,74
sniffing,68254,68218,68254,36
walking,68317,68254,68317,63
sniffing,68473,68317,68473,156
left_turning,68474,68473,68474,1
walking,68504,68474,68504,30
rising,68550,68504,68550,46
climbing,68612,68550,68612,62
rearing,68674,68612,68674,62
rising,68675,68674,68675,1
climbing,68676,68675,68676,1
hunching,68737,68676,68737,61
sniffing,68945,68737,68945,208
walking,68954,68945,68954,9
stepping,68988,68954,68988,34
rearing,68989,68988,68989,1
climbing,68990,68989,68990,1
sniffing,69025,68990,69025,35
pausing,69060,69025,69060,35
sniffing,69061,69060,69061,1
walking,69062,69061,69062,1
sniffing,69198,69062,69198,136
rearing,69221,69198,69221,23
sniffing,69222,69221,69222,1
rising,69248,69222,69248,26
right_turning,69315,69248,69315,67
rising,69379,69315,69379,64
grooming,69524,69379,69524,145
climbing,69583,69524,69583,59
rearing,69595,69583,69595,12
grooming,69596,69595,69596,1
rearing,69610,69596,69610,14
climbing,69826,69610,69826,216
hunching,69902,69826,69902,76
grooming,70074,69902,70074,172
sniffing,70075,70074,70075,1
rising,70100,70075,70100,25
climbing,70159,70100,70159,59
right_turning,70206,70159,70206,47
walking,70209,70206,70209,3
sniffing,70312,70209,70312,103
rearing,70315,70312,70315,3
rising,70363,70315,70363,48
walking,70426,70363,70426,63
sniffing,70466,70426,70466,40
walking,70491,70466,70491,25
sniffing,70555,70491,70555,64
rising,70599,70555,70599,44
sniffing,70600,70599,70600,1
walking,70612,70600,70612,12
stepping,70631,70612,70631,19
sniffing,70637,70631,70637,6
rising,70668,70637,70668,31
climbing,70744,70668,70744,76
sniffing,70749,70744,70749,5
climbing,70837,70749,70837,88
running,70864,70837,70864,27
walking,70933,70864,70933,69
sniffing,71021,70933,71021,88
walking,71062,71021,71062,41
rearing,71089,71062,71089,27
rising,71159,71089,71159,70
grooming,71394,71159,71394,235
sniffing,71486,71394,71486,92
rising,71525,71486,71525,39
climbing,71617,71525,71617,92
hunching,71627,71617,71627,10
grooming,71814,71627,71814,187
left_turning,71846,71814,71846,32
sniffing,71847,71846,71847,1
walking,71848,71847,71848,1
rising,71900,71848,71900,52
climbing,72087,71900,72087,187
hunching,72208,72087,72208,121
climbing,72261,72208,72261,53
running,72285,72261,72285,24
sniffing,72335,72285,72335,50
left_turning,72336,72335,72336,1
walking,72419,72336,72419,83
climbing,72423,72419,72423,4
rising,72477,72423,72477,54
rearing,72546,72477,72546,69
climbing,72547,72546,72547,1
sniffing,72626,72547,72626,79
walking,72714,72626,72714,88
rising,72758,72714,72758,44
climbing,72759,72758,72759,1
trotting,72803,72759,72803,44
sniffing,72854,72803,72854,51
left_turning,72885,72854,72885,31
rising,72946,72885,72946,61
walking,72953,72946,72953,7
sniffing,72954,72953,72954,1
grooming,73071,72954,73071,117
sniffing,73072,73071,73072,1
walking,73116,73072,73116,44
rising,73215,73116,73215,99
hunching,73216,73215,73216,1
sniffing,73217,73216,73217,1
rising,73236,73217,73236,19
rearing,73282,73236,73282,46
sniffing,73385,73282,73385,103
walking,73431,73385,73431,46
sniffing,73432,73431,73432,1
climbing,73690,73432,73690,258
sniffing,73873,73690,73873,183
running,73911,73873,73911,38
sniffing,74007,73911,74007,96
rising,74130,74007,74130,123
left_turning,74150,74130,74150,20
walking,74151,74150,74151,1
rearing,74176,74151,74176,25
grooming,74468,74176,74468,292
rearing,74539,74468,74539,71
walking,74581,74539,74581,42
rearing,74778,74581,74778,197
running,74797,74778,74797,19
rearing,74867,74797,74867,70
climbing,74920,74867,74920,53
right_turning,74942,74920,74942,22
sniffing,74963,74942,74963,21
stepping,74964,74963,74964,1
walking,74998,74964,74998,34
sniffing,75052,74998,75052,54
rearing,75137,75052,75137,85
walking,75138,75137,75138,1
climbing,75157,75138,75157,19
walking,75179,75157,75179,22
rearing,75257,75179,75257,78
rising,75311,75257,75311,54
rearing,75319,75311,75319,8
rising,75342,75319,75342,23
sniffing,75425,75342,75425,83
stepping,75508,75425,75508,83
sniffing,75587,75508,75587,79
climbing,75654,75587,75654,67
sniffing,75672,75654,75672,18
walking,75714,75672,75714,42
climbing,75715,75714,75715,1
sniffing,75786,75715,75786,71
rising,75905,75786,75905,119
sniffing,76043,75905,76043,138
rearing,76044,76043,76044,1
rising,76085,76044,76085,41
sniffing,76103,76085,76103,18
rising,76135,76103,76135,32
climbing,76230,76135,76230,95
sniffing,76334,76230,76334,104
right_turning,76335,76334,76335,1
stepping,76379,76335,76379,44
climbing,76466,76379,76466,87
rising,76583,76466,76583,117
climbing,76652,76583,76652,69
hunching,76721,76652,76721,69
climbing,76722,76721,76722,1
rising,76784,76722,76784,62
climbing,76917,76784,76917,133
rising,76925,76917,76925,8
sniffing,76926,76925,76926,1
left_turning,76939,76926,76939,13
rising,76988,76939,76988,49
climbing,77029,76988,77029,41
walking,77062,77029,77062,33
left_turning,77097,77062,77097,35
walking,77176,77097,77176,79
rising,77225,77176,77225,49
right_turning,77262,77225,77262,37
running,77263,77262,77263,1
sniffing,77540,77263,77540,277
rearing,77676,77540,77676,136
walking,77723,77676,77723,47
sniffing,77901,77723,77901,178
climbing,77922,77901,77922,21
rearing,78055,77922,78055,133
grooming,78209,78055,78209,154
sniffing,78210,78209,78210,1
rising,78238,78210,78238,28
walking,78269,78238,78269,31
trotting,78302,78269,78302,33
climbing,78339,78302,78339,37
sniffing,78340,78339,78340,1
grooming,78470,78340,78470,130
rearing,78598,78470,78598,128
left_turning,78676,78598,78676,78
walking,78677,78676,78677,1
rising,78702,78677,78702,25
climbing,78791,78702,78791,89
sniffing,78792,78791,78792,1
rising,78793,78792,78793,1
climbing,78850,78793,78850,57
sniffing,79002,78850,79002,152
running,79026,79002,79026,24
stepping,79055,79026,79055,29
walking,79056,79055,79056,1
left_turning,79092,79056,79092,36
sniffing,79211,79092,79211,119
stepping,79253,79211,79253,42
sniffing,79390,79253,79390,137
climbing,79454,79390,79454,64
running,79509,79454,79509,55
rising,79546,79509,79546,37
left_turning,79601,79546,79601,55
trotting,79635,79601,79635,34
rising,79748,79635,79748,113
climbing,79749,79748,79749,1
rising,79759,79749,79759,10
climbing,79772,79759,79772,13
sniffing,79773,79772,79773,1
running,79796,79773,79796,23
right_turning,79797,79796,79797,1
stepping,79815,79797,79815,18
sniffing,79816,79815,79816,1
climbing,79859,79816,79859,43
rising,79948,79859,79948,89
hunching,79987,79948,79987,39
climbing,79988,79987,79988,1
hunching,80084,79988,80084,96
climbing,80112,80084,80112,28
sniffing,80113,80112,80113,1
stepping,80166,80113,80166,53
walking,80219,80166,80219,53
right_turning,80220,80219,80220,1
running,80229,80220,80229,9
stepping,80249,80229,80249,20
sniffing,80250,80249,80250,1
walking,80252,80250,80252,2
climbing,80317,80252,80317,65
rising,80318,80317,80318,1
climbing,80354,80318,80354,36
running,80399,80354,80399,45
rising,80460,80399,80460,61
climbing,80560,80460,80560,100
rearing,80607,80560,80607,47
left_turning,80705,80607,80705,98
sniffing,80706,80705,80706,1
walking,80788,80706,80788,82
climbing,80802,80788,80802,14
grooming,81106,80802,81106,304
climbing,81315,81106,81315,209
rising,81355,81315,81355,40
rearing,81396,81355,81396,41
sniffing,81524,81396,81524,128
walking,81552,81524,81552,28
left_turning,81585,81552,81585,33
sniffing,81677,81585,81677,92
left_turning,81716,81677,81716,39
running,81747,81716,81747,31
walking,81782,81747,81782,35
sniffing,81898,81782,81898,116
rising,81965,81898,81965,67
climbing,82079,81965,82079,114
sniffing,82235,82079,82235,156
hunching,82236,82235,82236,1
right_turning,82252,82236,82252,16
sniffing,82254,82252,82254,2
left_turning,82255,82254,82255,1
stepping,82256,82255,82256,1
sniffing,82423,82256,82423,167
running,82443,82423,82443,20
stepping,82469,82443,82469,26
climbing,82516,82469,82516,47
hunching,82566,82516,82566,50
rearing,82658,82566,82658,92
hunching,82685,82658,82685,27
sniffing,82819,82685,82819,134
walking,82831,82819,82831,12
left_turning,82857,82831,82857,26
sniffing,82858,82857,82858,1
walking,82893,82858,82893,35
stepping,82920,82893,82920,27
rising,82942,82920,82942,22
climbing,82976,82942,82976,34
sniffing,83439,82976,83439,463
stepping,83441,83439,83441,2
sniffing,83442,83441,83442,1
rising,83509,83442,83509,67
trotting,83556,83509,83556,47
rearing,83599,83556,83599,43
climbing,83660,83599,83660,61
rearing,83661,83660,83661,1
left_turning,83662,83661,83662,1
rising,83689,83662,83689,27
sniffing,83736,83689,83736,47
climbing,83807,83736,83807,71
hunching,83841,83807,83841,34
rising,83842,83841,83842,1
sniffing,83843,83842,83843,1
rearing,83913,83843,83913,70
left_turning,83982,83913,83982,69
walking,84021,83982,84021,39
sniffing,84126,84021,84126,105
rising,84133,84126,84133,7
sniffing,84215,84133,84215,82
rearing,84232,84215,84232,17
walking,84271,84232,84271,39
rearing,84272,84271,84272,1
sniffing,84273,84272,84273,1
running,84314,84273,84314,41
stepping,84323,84314,84323,9
right_turning,84361,84323,84361,38
walking,84378,84361,84378,17
stepping,84419,84378,84419,41
walking,84521,84419,84521,102
rising,84522,84521,84522,1
sniffing,84575,84522,84575,53
rising,84603,84575,84603,28
trotting,84641,84603,84641,38
sniffing,84686,84641,84686,45
climbing,84764,84686,84764,78
rearing,84878,84764,84878,114
rising,84907,84878,84907,29
right_turning,84943,84907,84943,36
running,84985,84943,84985,42
left_turning,84990,84985,84990,5
stepping,85052,84990,85052,62
sniffing,85053,85052,85053,1
rising,85096,85053,85096,43
climbing,85224,85096,85224,128
rising,85275,85224,85275,51
climbing,85293,85275,85293,18
right_turning,85294,85293,85294,1
stepping,85355,85294,85355,61
walking,85456,85355,85456,101
sniffing,85479,85456,85479,23
walking,85584,85479,85584,105
sniffing,85641,85584,85641,57
left_turning,85673,85641,85673,32
sniffing,85679,85673,85679,6
climbing,85680,85679,85680,1
sniffing,85823,85680,85823,143
walking,85839,85823,85839,16
sniffing,85952,85839,85952,113
walking,85972,85952,85972,20
sniffing,86099,85972,86099,127
running,86109,86099,86109,10
sniffing,86139,86109,86139,30
walking,86179,86139,86179,40
sniffing,86423,86179,86423,244
walking,86544,86423,86544,121
trotting,86552,86544,86552,8
stepping,86605,86552,86605,53
walking,86606,86605,86606,1
left_turning,86657,86606,86657,51
rising,86704,86657,86704,47
sniffing,86730,86704,86730,26
walking,86731,86730,86731,1
sniffing,86732,86731,86732,1
climbing,86854,86732,86854,122
sniffing,86907,86854,86907,53
walking,86945,86907,86945,38
left_turning,86970,86945,86970,25
walking,87027,86970,87027,57
rearing,87043,87027,87043,16
grooming,87161,87043,87161,118
sniffing,87173,87161,87173,12
left_turning,87193,87173,87193,20
sniffing,87207,87193,87207,14
stepping,87251,87207,87251,44
walking,87303,87251,87303,52
sniffing,87390,87303,87390,87
rising,87430,87390,87430,40
sniffing,87519,87430,87519,89
walking,87556,87519,87556,37
right_turning,87594,87556,87594,38
sniffing,87719,87594,87719,125
rising,87737,87719,87737,18
right_turning,87738,87737,87738,1
walking,87791,87738,87791,53
climbing,87877,87791,87877,86
rising,87941,87877,87941,64
sniffing,88052,87941,88052,111
rising,88053,88052,88053,1
sniffing,88118,88053,88118,65
stepping,88196,88118,88196,78
rearing,88252,88196,88252,56
sniffing,88304,88252,88304,52
walking,88333,88304,88333,29
trotting,88334,88333,88334,1
rising,88338,88334,88338,4
sniffing,88417,88338,88417,79
rising,88427,88417,88427,10
right_turning,88445,88427,88445,18
walking,88512,88445,88512,67
left_turning,88559,88512,88559,47
walking,88602,88559,88602,43
sniffing,88603,88602,88603,1
trotting,88620,88603,88620,17
running,88640,88620,88640,20
sniffing,88748,88640,88748,108
rising,88782,88748,88782,34
climbing,88886,88782,88886,104
hunching,88955,88886,88955,69
grooming,89099,88955,89099,144
sniffing,89105,89099,89105,6
rising,89137,89105,89137,32
climbing,89165,89137,89165,28
rising,89221,89165,89221,56
hunching,89222,89221,89222,1
sniffing,89223,89222,89223,1
walking,89381,89223,89381,158
right_turning,89382,89381,89382,1
trotting,89404,89382,89404,22
rising,89428,89404,89428,24
climbing,89487,89428,89487,59
rising,89589,89487,89589,102
sniffing,89635,89589,89635,46
left_turning,89658,89635,89658,23
trotting,89689,89658,89689,31
running,89707,89689,89707,18
walking,89763,89707,89763,56
stepping,89830,89763,89830,67
sniffing,89912,89830,89912,82
rising,89934,89912,89934,22
climbing,90003,89934,90003,69
hunching,90004,90003,90004,1
sniffing,90043,90004,90043,39
left_turning,90120,90043,90120,77
sniffing,90238,90120,90238,118
walking,90291,90238,90291,53
rising,90454,90291,90454,163
rearing,90455,90454,90455,1
walking,90469,90455,90469,14
rising,90470,90469,90470,1
climbing,90528,90470,90528,58
right_turning,90529,90528,90529,1
running,90562,90529,90562,33
walking,90624,90562,90624,62
sniffing,90682,90624,90682,58
rising,90791,90682,90791,109
climbing,90792,90791,90792,1
sniffing,91020,90792,91020,228
walking,91063,91020,91063,43
sniffing,91064,91063,91064,1
walking,91071,91064,91071,7
climbing,91151,91071,91151,80
right_turning,91183,91151,91183,32
sniffing,91228,91183,91228,45
left_turning,91229,91228,91229,1
sniffing,91496,91229,91496,267
grooming,91665,91496,91665,169
rearing,91666,91665,91666,1
rising,91667,91666,91667,1
climbing,91761,91667,91761,94
sniffing,91937,91761,91937,176
rising,91938,91937,91938,1
climbing,92039,91938,92039,101
sniffing,92301,92039,92301,262
rearing,92302,92301,92302,1
rising,92332,92302,92332,30
hunching,92360,92332,92360,28
rising,92408,92360,92408,48
sniffing,92477,92408,92477,69
left_turning,92515,92477,92515,38
sniffing,92516,92515,92516,1
grooming,92542,92516,92542,26
left_turning,92543,92542,92543,1
running,92573,92543,92573,30
walking,92608,92573,92608,35
left_turning,92648,92608,92648,40
walking,92766,92648,92766,118
rising,92809,92766,92809,43
sniffing,92824,92809,92824,15
stepping,92881,92824,92881,57
trotting,92891,92881,92891,10
rising,92908,92891,92908,17
sniffing,92977,92908,92977,69
left_turning,93018,92977,93018,41
sniffing,93019,93018,93019,1
rising,93063,93019,93063,44
walking,93064,93063,93064,1
left_turning,93097,93064,93097,33
walking,93098,93097,93098,1
sniffing,93099,93098,93099,1
rising,93100,93099,93100,1
sniffing,93101,93100,93101,1
left_turning,93156,93101,93156,55
sniffing,93261,93156,93261,105
grooming,93293,93261,93293,32
sniffing,93336,93293,93336,43
walking,93369,93336,93369,33
sniffing,93429,93369,93429,60
rising,93465,93429,93465,36
climbing,93645,93465,93645,180
rearing,93680,93645,93680,35
rising,93752,93680,93752,72
trotting,93789,93752,93789,37
sniffing,93790,93789,93790,1
climbing,93806,93790,93806,16
rearing,93868,93806,93868,62
climbing,94014,93868,94014,146
rearing,94096,94014,94096,82
climbing,94097,94096,94097,1
sniffing,94196,94097,94196,99
trotting,94204,94196,94204,8
walking,94285,94204,94285,81
sniffing,94356,94285,94356,71
left_turning,94390,94356,94390,34
sniffing,94413,94390,94413,23
grooming,94490,94413,94490,77
sniffing,94491,94490,94491,1
climbing,94514,94491,94514,23
sniffing,94914,94514,94914,400
rising,94928,94914,94928,14
climbing,94937,94928,94937,9
sniffing,95129,94937,95129,192
rising,95226,95129,95226,97
climbing,95321,95226,95321,95
sniffing,95439,95321,95439,118
rising,95450,95439,95450,11
rearing,95451,95450,95451,1
sniffing,95681,95451,95681,230
walking,95682,95681,95682,1
rearing,95713,95682,95713,31
rising,95804,95713,95804,91
sniffing,95852,95804,95852,48
grooming,95924,95852,95924,72
rearing,96031,95924,96031,107
grooming,96229,96031,96229,198
rearing,96237,96229,96237,8
climbing,96348,96237,96348,111
sniffing,96489,96348,96489,141
climbing,96638,96489,96638,149
walking,96646,96638,96646,8
climbing,96781,96646,96781,135
rising,96800,96781,96800,19
climbing,96813,96800,96813,13
right_turning,96857,96813,96857,44
stepping,96861,96857,96861,4
climbing,97032,96861,97032,171
sniffing,97137,97032,97137,105
rising,97220,97137,97220,83
sniffing,97267,97220,97267,47
rising,97399,97267,97399,132
climbing,97476,97399,97476,77
grooming,97477,97476,97477,1
sniffing,97638,97477,97638,161
right_turning,97681,97638,97681,43
walking,97775,97681,97775,94
jumping,97832,97775,97832,57
rising,97833,97832,97833,1
sniffing,97982,97833,97982,149
climbing,98016,97982,98016,34
walking,98089,98016,98089,73
sniffing,98144,98089,98144,55
rising,98224,98144,98224,80
sniffing,98225,98224,98225,1
walking,98234,98225,98234,9
sniffing,98335,98234,98335,101
rearing,98459,98335,98459,124
sniffing,98584,98459,98584,125
left_turning,98585,98584,98585,1
stepping,98609,98585,98609,24
sniffing,98610,98609,98610,1
right_turning,98663,98610,98663,53
walking,98676,98663,98676,13
climbing,98788,98676,98788,112
rearing,98789,98788,98789,1
grooming,98950,98789,98950,161
sniffing,98974,98950,98974,24
walking,99038,98974,99038,64
left_turning,99094,99038,99094,56
trotting,99132,99094,99132,38
walking,99228,99132,99228,96
sniffing,99293,99228,99293,65
rising,99352,99293,99352,59
rearing,99353,99352,99353,1
climbing,99373,99353,99373,20
rearing,99457,99373,99457,84
grooming,99538,99457,99538,81
trotting,99591,99538,99591,53
left_turning,99676,99591,99676,85
sniffing,99739,99676,99739,63
rising,99740,99739,99740,1
climbing,99954,99740,99954,214
rearing,100020,99954,100020,66
sniffing,100075,100020,100075,55
walking,100076,100075,100076,1
stepping,100122,100076,100122,46
hunching,100129,100122,100129,7
rising,100162,100129,100162,33
sniffing,100256,100162,100256,94
walking,100278,100256,100278,22
sniffing,100383,100278,100383,105
rearing,100386,100383,100386,3
rising,100387,100386,100387,1
rearing,100469,100387,100469,82
sniffing,100576,100469,100576,107
pausing,100577,100576,100577,1
sniffing,100666,100577,100666,89
walking,100683,100666,100683,17
climbing,100843,100683,100843,160
sniffing,100861,100843,100861,18
grooming,101213,100861,101213,352
sniffing,101382,101213,101382,169
grooming,101734,101382,101734,352
climbing,101811,101734,101811,77
rearing,101921,101811,101921,110
climbing,101982,101921,101982,61
rising,101983,101982,101983,1
sniffing,102028,101983,102028,45
walking,102062,102028,102062,34
rising,102114,102062,102114,52
trotting,102179,102114,102179,65
right_turning,102192,102179,102192,13
stepping,102193,102192,102193,1
walking,102212,102193,102212,19
sniffing,102213,102212,102213,1
climbing,102214,102213,102214,1
grooming,102695,102214,102695,481
climbing,102696,102695,102696,1
rising,102701,102696,102701,5
right_turning,102746,102701,102746,45
pausing,102747,102746,102747,1
walking,102786,102747,102786,39
sniffing,102788,102786,102788,2
walking,102866,102788,102866,78
hunching,102955,102866,102955,89
rearing,102956,102955,102956,1
rising,103169,102956,103169,213
climbing,103237,103169,103237,68
grooming,103238,103237,103238,1
sniffing,103239,103238,103239,1
rising,103267,103239,103267,28
sniffing,103288,103267,103288,21
left_turning,103344,103288,103344,56
stepping,103430,103344,103430,86
sniffing,103431,103430,103431,1
right_turning,103482,103431,103482,51
walking,103483,103482,103483,1
sniffing,103484,103483,103484,1
rising,103492,103484,103492,8
left_turning,103541,103492,103541,49
stepping,103569,103541,103569,28
sniffing,103750,103569,103750,181
rearing,103826,103750,103826,76
sniffing,103922,103826,103922,96
pausing,104121,103922,104121,199
sniffing,104182,104121,104182,61
grooming,104183,104182,104183,1
rearing,104184,104183,104184,1
sniffing,104317,104184,104317,133
stepping,104325,104317,104325,8
right_turning,104348,104325,104348,23
walking,104366,104348,104366,18
sniffing,104367,104366,104367,1
rising,104381,104367,104381,14
sniffing,104384,104381,104384,3
climbing,104385,104384,104385,1
grooming,104386,104385,104386,1
walking,104403,104386,104403,17
rising,104432,104403,104432,29
walking,104477,104432,104477,45
left_turning,104514,104477,104514,37
walking,104577,104514,104577,63
sniffing,104692,104577,104692,115
rising,104693,104692,104693,1
sniffing,104694,104693,104694,1
pausing,104749,104694,104749,55
sniffing,104861,104749,104861,112
grooming,105086,104861,105086,225
sniffing,105174,105086,105174,88
walking,105204,105174,105204,30
right_turning,105217,105204,105217,13
walking,105312,105217,105312,95
sniffing,105313,105312,105313,1
rising,105327,105313,105327,14
grooming,105328,105327,105328,1
sniffing,105426,105328,105426,98
climbing,105427,105426,105427,1
rearing,105500,105427,105500,73
climbing,105540,105500,105540,40
grooming,105541,105540,105541,1
left_turning,105563,105541,105563,22
sniffing,105602,105563,105602,39
climbing,105651,105602,105651,49
rearing,105700,105651,105700,49
sniffing,105785,105700,105785,85
rising,105822,105785,105822,37
stepping,105879,105822,105879,57
trotting,105912,105879,105912,33
sniffing,106026,105912,106026,114
right_turning,106056,106026,106056,30
walking,106114,106056,106114,58
left_turning,106208,106114,106208,94
walking,106237,106208,106237,29
sniffing,106238,106237,106238,1
running,106292,106238,106292,54
rising,106336,106292,106336,44
rearing,106355,106336,106355,19
sniffing,106385,106355,106385,30
right_turning,106423,106385,106423,38
rearing,106446,106423,106446,23
left_turning,106511,106446,106511,65
sniffing,106589,106511,106589,78
rising,106631,106589,106631,42
sniffing,106673,106631,106673,42
rising,106752,106673,106752,79
walking,106795,106752,106795,43
sniffing,106818,106795,106818,23
walking,106866,106818,106866,48
sniffing,106903,106866,106903,37
walking,106904,106903,106904,1
rising,106905,106904,106905,1
climbing,106906,106905,106906,1
sniffing,106912,106906,106912,6
rising,106913,106912,106913,1
rearing,106916,106913,106916,3
walking,106942,106916,106942,26
sniffing,106994,106942,106994,52
walking,107021,106994,107021,27
sniffing,107022,107021,107022,1
left_turning,107064,107022,107064,42
trotting,107083,107064,107083,19
sniffing,107290,107083,107290,207
walking,107296,107290,107296,6
stepping,107297,107296,107297,1
sniffing,107365,107297,107365,68
rising,107415,107365,107415,50
sniffing,107664,107415,107664,249
walking,107717,107664,107717,53
right_turning,107771,107717,107771,54
climbing,107856,107771,107856,85
rising,107857,107856,107857,1
climbing,107892,107857,107892,35
grooming,108000,107892,108000,108
