revised_movement_label,segBoundary,segBoundary_start,segBoundary_end,length
trotting,65,0,65,65
running,69,65,69,4
walking,83,69,83,14
trotting,113,83,113,30
walking,148,113,148,35
climbing,230,148,230,82
trotting,250,230,250,20
walking,316,250,316,66
rising,334,316,334,18
walking,335,334,335,1
sniffing,359,335,359,24
rising,373,359,373,14
climbing,422,373,422,49
sniffing,486,422,486,64
stepping,518,486,518,32
rising,562,518,562,44
climbing,627,562,627,65
walking,697,627,697,70
left_turning,737,697,737,40
walking,771,737,771,34
rising,837,771,837,66
left_turning,895,837,895,58
walking,945,895,945,50
trotting,975,945,975,30
sniffing,987,975,987,12
left_turning,1016,987,1016,29
walking,1084,1016,1084,68
sniffing,1085,1084,1085,1
pausing,1810,1085,1810,725
sniffing,1908,1810,1908,98
rearing,1911,1908,1911,3
grooming,1924,1911,1924,13
rearing,2053,1924,2053,129
sniffing,2118,2053,2118,65
walking,2189,2118,2189,71
sniffing,2309,2189,2309,120
left_turning,2418,2309,2418,109
sniffing,2465,2418,2465,47
rising,2479,2465,2479,14
walking,2480,2479,2480,1
stepping,2521,2480,2521,41
walking,2522,2521,2522,1
sniffing,2550,2522,2550,28
walking,2652,2550,2652,102
rising,2680,2652,2680,28
walking,2721,2680,2721,41
stepping,2781,2721,2781,60
walking,2787,2781,2787,6
right_turning,2788,2787,2788,1
left_turning,2810,2788,2810,22
climbing,2855,2810,2855,45
rising,2927,2855,2927,72
trotting,2963,2927,2963,36
sniffing,3055,2963,3055,92
walking,3099,3055,3099,44
right_turning,3100,3099,3100,1
left_turning,3144,3100,3144,44
sniffing,3168,3144,3168,24
climbing,3203,3168,3203,35
walking,3255,3203,3255,52
left_turning,3280,3255,3280,25
sniffing,3281,3280,3281,1
rising,3372,3281,3372,91
right_turning,3412,3372,3412,40
walking,3413,3412,3413,1
sniffing,3414,3413,3414,1
left_turning,3440,3414,3440,26
sniffing,3450,3440,3450,10
hunching,3478,3450,3478,28
sniffing,3545,3478,3545,67
rising,3585,3545,3585,40
climbing,3634,3585,3634,49
sniffing,3675,3634,3675,41
walking,3736,3675,3736,61
sniffing,3810,3736,3810,74
trotting,3850,3810,3850,40
sniffing,3914,3850,3914,64
stepping,3969,3914,3969,55
sniffing,4079,3969,4079,110
climbing,4126,4079,4126,47
right_turning,4145,4126,4145,19
trotting,4203,4145,4203,58
walking,4271,4203,4271,68
left_turning,4275,4271,4275,4
trotting,4326,4275,4326,51
sniffing,4383,4326,4383,57
climbing,4384,4383,4384,1
sniffing,4475,4384,4475,91
walking,4546,4475,4546,71
sniffing,4560,4546,4560,14
walking,4561,4560,4561,1
sniffing,4562,4561,4562,1
right_turning,4563,4562,4563,1
rising,4607,4563,4607,44
walking,4608,4607,4608,1
stepping,4636,4608,4636,28
sniffing,4683,4636,4683,47
walking,4684,4683,4684,1
stepping,4765,4684,4765,81
sniffing,4785,4765,4785,20
right_turning,4823,4785,4823,38
walking,4824,4823,4824,1
sniffing,4926,4824,4926,102
walking,4949,4926,4949,23
sniffing,5104,4949,5104,155
climbing,5120,5104,5120,16
sniffing,5239,5120,5239,119
climbing,5279,5239,5279,40
walking,5331,5279,5331,52
left_turning,5368,5331,5368,37
sniffing,5411,5368,5411,43
stepping,5438,5411,5438,27
climbing,5506,5438,5506,68
sniffing,5534,5506,5534,28
right_turning,5559,5534,5559,25
walking,5603,5559,5603,44
climbing,5669,5603,5669,66
rising,5691,5669,5691,22
right_turning,5718,5691,5718,27
walking,5719,5718,5719,1
sniffing,5731,5719,5731,12
stepping,5775,5731,5775,44
right_turning,5821,5775,5821,46
walking,5871,5821,5871,50
left_turning,5902,5871,5902,31
sniffing,6158,5902,6158,256
running,6191,6158,6191,33
walking,6219,6191,6219,28
sniffing,6273,6219,6273,54
climbing,6316,6273,6316,43
rearing,6349,6316,6349,33
climbing,6372,6349,6372,23
sniffing,6391,6372,6391,19
walking,6392,6391,6392,1
rising,6439,6392,6439,47
climbing,6482,6439,6482,43
trotting,6495,6482,6495,13
walking,6610,6495,6610,115
left_turning,6611,6610,6611,1
sniffing,6647,6611,6647,36
climbing,6743,6647,6743,96
sniffing,6757,6743,6757,14
left_turning,6809,6757,6809,52
sniffing,6810,6809,6810,1
left_turning,6852,6810,6852,42
walking,6855,6852,6855,3
climbing,6870,6855,6870,15
sniffing,6871,6870,6871,1
left_turning,6920,6871,6920,49
running,6970,6920,6970,50
walking,7024,6970,7024,54
trotting,7060,7024,7060,36
rising,7111,7060,7111,51
sniffing,7142,7111,7142,31
trotting,7183,7142,7183,41
rising,7211,7183,7211,28
sniffing,7248,7211,7248,37
pausing,7708,7248,7708,460
sniffing,7765,7708,7765,57
walking,7769,7765,7769,4
climbing,7819,7769,7819,50
sniffing,7838,7819,7838,19
climbing,7858,7838,7858,20
rising,7859,7858,7859,1
right_turning,7925,7859,7925,66
rising,7979,7925,7979,54
sniffing,8012,7979,8012,33
walking,8092,8012,8092,80
sniffing,8211,8092,8211,119
left_turning,8284,8211,8284,73
walking,8317,8284,8317,33
sniffing,8318,8317,8318,1
left_turning,8319,8318,8319,1
walking,8419,8319,8419,100
left_turning,8461,8419,8461,42
stepping,8509,8461,8509,48
right_turning,8510,8509,8510,1
walking,8511,8510,8511,1
rising,8515,8511,8515,4
sniffing,8516,8515,8516,1
rising,8537,8516,8537,21
sniffing,8612,8537,8612,75
climbing,8688,8612,8688,76
sniffing,8689,8688,8689,1
climbing,8761,8689,8761,72
walking,8783,8761,8783,22
climbing,8805,8783,8805,22
sniffing,8817,8805,8817,12
walking,8882,8817,8882,65
sniffing,8883,8882,8883,1
left_turning,8887,8883,8887,4
trotting,8897,8887,8897,10
rising,8904,8897,8904,7
climbing,8956,8904,8956,52
rising,9046,8956,9046,90
sniffing,9142,9046,9142,96
left_turning,9175,9142,9175,33
rising,9208,9175,9208,33
sniffing,9243,9208,9243,35
rising,9260,9243,9260,17
climbing,9273,9260,9273,13
walking,9274,9273,9274,1
rising,9328,9274,9328,54
walking,9366,9328,9366,38
sniffing,9458,9366,9458,92
right_turning,9502,9458,9502,44
trotting,9557,9502,9557,55
sniffing,9558,9557,9558,1
rising,9599,9558,9599,41
sniffing,9613,9599,9613,14
rising,9682,9613,9682,69
climbing,9767,9682,9767,85
sniffing,9876,9767,9876,109
climbing,9877,9876,9877,1
right_turning,9899,9877,9899,22
walking,9931,9899,9931,32
climbing,9973,9931,9973,42
sniffing,9976,9973,9976,3
right_turning,10052,9976,10052,76
sniffing,10144,10052,10144,92
pausing,10456,10144,10456,312
sniffing,10474,10456,10474,18
rising,10511,10474,10511,37
trotting,10512,10511,10512,1
sniffing,10513,10512,10513,1
walking,10549,10513,10549,36
right_turning,10584,10549,10584,35
left_turning,10589,10584,10589,5
sniffing,10642,10589,10642,53
rising,10694,10642,10694,52
climbing,10733,10694,10733,39
rearing,10784,10733,10784,51
rising,10786,10784,10786,2
sniffing,10787,10786,10787,1
rising,10823,10787,10823,36
stepping,10901,10823,10901,78
sniffing,10952,10901,10952,51
rearing,11017,10952,11017,65
trotting,11054,11017,11054,37
walking,11112,11054,11112,58
left_turning,11119,11112,11119,7
sniffing,11230,11119,11230,111
right_turning,11268,11230,11268,38
sniffing,11269,11268,11269,1
left_turning,11327,11269,11327,58
walking,11369,11327,11369,42
rising,11440,11369,11440,71
sniffing,11481,11440,11481,41
walking,11521,11481,11521,40
sniffing,11627,11521,11627,106
walking,11628,11627,11628,1
climbing,11667,11628,11667,39
rising,11668,11667,11668,1
climbing,11695,11668,11695,27
walking,11799,11695,11799,104
climbing,11897,11799,11897,98
sniffing,11943,11897,11943,46
right_turning,11972,11943,11972,29
sniffing,12025,11972,12025,53
right_turning,12030,12025,12030,5
rising,12074,12030,12074,44
sniffing,12075,12074,12075,1
rising,12090,12075,12090,15
right_turning,12091,12090,12091,1
left_turning,12122,12091,12122,31
walking,12133,12122,12133,11
rising,12213,12133,12213,80
sniffing,12214,12213,12214,1
left_turning,12260,12214,12260,46
sniffing,12359,12260,12359,99
rising,12386,12359,12386,27
sniffing,12471,12386,12471,85
rising,12498,12471,12498,27
rearing,12523,12498,12523,25
grooming,12524,12523,12524,1
climbing,12590,12524,12590,66
left_turning,12635,12590,12635,45
sniffing,12680,12635,12680,45
rearing,12719,12680,12719,39
sniffing,12741,12719,12741,22
climbing,12743,12741,12743,2
rearing,12744,12743,12744,1
climbing,12816,12744,12816,72
rising,12858,12816,12858,42
climbing,12914,12858,12914,56
walking,12974,12914,12974,60
trotting,12998,12974,12998,24
walking,13043,12998,13043,45
sniffing,13155,13043,13155,112
walking,13214,13155,13214,59
sniffing,13302,13214,13302,88
walking,13338,13302,13338,36
sniffing,13422,13338,13422,84
rising,13449,13422,13449,27
sniffing,13450,13449,13450,1
walking,13475,13450,13475,25
climbing,13557,13475,13557,82
stepping,13558,13557,13558,1
walking,13581,13558,13581,23
sniffing,13606,13581,13606,25
climbing,13679,13606,13679,73
sniffing,13750,13679,13750,71
climbing,13795,13750,13795,45
sniffing,13802,13795,13802,7
left_turning,13803,13802,13803,1
walking,13843,13803,13843,40
stepping,13894,13843,13894,51
sniffing,13965,13894,13965,71
rising,13966,13965,13966,1
climbing,14027,13966,14027,61
walking,14115,14027,14115,88
sniffing,14116,14115,14116,1
rising,14138,14116,14138,22
sniffing,14153,14138,14153,15
walking,14213,14153,14213,60
sniffing,14254,14213,14254,41
stepping,14267,14254,14267,13
sniffing,14268,14267,14268,1
rising,14269,14268,14269,1
sniffing,14329,14269,14329,60
grooming,14340,14329,14340,11
sniffing,14642,14340,14642,302
walking,14739,14642,14739,97
sniffing,14740,14739,14740,1
rising,14754,14740,14754,14
sniffing,14778,14754,14778,24
rising,14790,14778,14790,12
climbing,14832,14790,14832,42
hunching,14836,14832,14836,4
right_turning,14851,14836,14851,15
trotting,14869,14851,14869,18
walking,14945,14869,14945,76
rising,14955,14945,14955,10
climbing,14999,14955,14999,44
sniffing,15015,14999,15015,16
rising,15035,15015,15035,20
climbing,15036,15035,15036,1
sniffing,15135,15036,15135,99
rising,15145,15135,15145,10
sniffing,15214,15145,15214,69
rising,15263,15214,15263,49
trotting,15298,15263,15298,35
sniffing,15342,15298,15342,44
walking,15518,15342,15518,176
sniffing,15626,15518,15626,108
left_turning,15644,15626,15644,18
walking,15657,15644,15657,13
sniffing,15788,15657,15788,131
walking,15829,15788,15829,41
sniffing,15901,15829,15901,72
trotting,15911,15901,15911,10
sniffing,15950,15911,15950,39
walking,15951,15950,15951,1
sniffing,15967,15951,15967,16
right_turning,15968,15967,15968,1
trotting,16028,15968,16028,60
running,16056,16028,16056,28
sniffing,16071,16056,16071,15
walking,16099,16071,16099,28
right_turning,16143,16099,16143,44
rising,16197,16143,16197,54
climbing,16209,16197,16209,12
trotting,16218,16209,16218,9
rising,16245,16218,16245,27
climbing,16326,16245,16326,81
walking,16334,16326,16334,8
stepping,16354,16334,16354,20
sniffing,16446,16354,16446,92
left_turning,16473,16446,16473,27
sniffing,16536,16473,16536,63
rising,16602,16536,16602,66
climbing,16682,16602,16682,80
sniffing,16765,16682,16765,83
climbing,16821,16765,16821,56
sniffing,16822,16821,16822,1
walking,16909,16822,16909,87
rising,16984,16909,16984,75
left_turning,17043,16984,17043,59
sniffing,17216,17043,17216,173
left_turning,17226,17216,17226,10
sniffing,17370,17226,17370,144
walking,17395,17370,17395,25
trotting,17412,17395,17412,17
walking,17517,17412,17517,105
sniffing,17588,17517,17588,71
climbing,17642,17588,17642,54
sniffing,17710,17642,17710,68
trotting,17742,17710,17742,32
climbing,17744,17742,17744,2
right_turning,17783,17744,17783,39
sniffing,17832,17783,17832,49
left_turning,17899,17832,17899,67
sniffing,17909,17899,17909,10
rising,17930,17909,17930,21
left_turning,17942,17930,17942,12
sniffing,18049,17942,18049,107
rising,18109,18049,18109,60
stepping,18215,18109,18215,106
walking,18238,18215,18238,23
trotting,18306,18238,18306,68
sniffing,18326,18306,18326,20
stepping,18379,18326,18379,53
sniffing,18451,18379,18451,72
rearing,18480,18451,18480,29
sniffing,18510,18480,18510,30
walking,18584,18510,18584,74
sniffing,18595,18584,18595,11
walking,18706,18595,18706,111
sniffing,18754,18706,18754,48
left_turning,18770,18754,18770,16
sniffing,18911,18770,18911,141
climbing,18912,18911,18912,1
trotting,18931,18912,18931,19
sniffing,19027,18931,19027,96
climbing,19163,19027,19163,136
stepping,19213,19163,19213,50
sniffing,19217,19213,19217,4
left_turning,19254,19217,19254,37
walking,19255,19254,19255,1
stepping,19256,19255,19256,1
sniffing,19257,19256,19257,1
left_turning,19286,19257,19286,29
sniffing,19334,19286,19334,48
rising,19371,19334,19371,37
climbing,19457,19371,19457,86
sniffing,19531,19457,19531,74
climbing,19581,19531,19581,50
sniffing,19634,19581,19634,53
stepping,19644,19634,19644,10
sniffing,19710,19644,19710,66
walking,19711,19710,19711,1
sniffing,19757,19711,19757,46
climbing,19843,19757,19843,86
rising,19866,19843,19866,23
climbing,19867,19866,19867,1
walking,19901,19867,19901,34
right_turning,19902,19901,19902,1
walking,19903,19902,19903,1
climbing,19904,19903,19904,1
sniffing,19968,19904,19968,64
rising,20022,19968,20022,54
rearing,20034,20022,20034,12
sniffing,20131,20034,20131,97
climbing,20201,20131,20201,70
walking,20242,20201,20242,41
climbing,20271,20242,20271,29
sniffing,20309,20271,20309,38
walking,20349,20309,20349,40
sniffing,20371,20349,20371,22
trotting,20413,20371,20413,42
walking,20433,20413,20433,20
left_turning,20489,20433,20489,56
trotting,20517,20489,20517,28
sniffing,20574,20517,20574,57
grooming,20730,20574,20730,156
sniffing,20779,20730,20779,49
hunching,20832,20779,20832,53
sniffing,20866,20832,20866,34
stepping,20890,20866,20890,24
rising,20900,20890,20900,10
sniffing,21161,20900,21161,261
right_turning,21253,21161,21253,92
running,21276,21253,21276,23
sniffing,21277,21276,21277,1
climbing,21330,21277,21330,53
sniffing,21427,21330,21427,97
rising,21496,21427,21496,69
walking,21612,21496,21612,116
climbing,21675,21612,21675,63
rising,21680,21675,21680,5
climbing,21843,21680,21843,163
rising,21844,21843,21844,1
walking,21932,21844,21932,88
sniffing,21956,21932,21956,24
right_turning,21957,21956,21957,1
left_turning,22009,21957,22009,52
sniffing,22102,22009,22102,93
walking,22103,22102,22103,1
rising,22185,22103,22185,82
walking,22229,22185,22229,44
sniffing,22335,22229,22335,106
walking,22375,22335,22375,40
sniffing,22443,22375,22443,68
rising,22492,22443,22492,49
sniffing,22611,22492,22611,119
hunching,22655,22611,22655,44
right_turning,22796,22655,22796,141
sniffing,22821,22796,22821,25
walking,22851,22821,22851,30
sniffing,22958,22851,22958,107
grooming,23137,22958,23137,179
rearing,23185,23137,23185,48
sniffing,23223,23185,23223,38
walking,23260,23223,23260,37
rising,23261,23260,23261,1
sniffing,23377,23261,23377,116
walking,23395,23377,23395,18
sniffing,23570,23395,23570,175
walking,23571,23570,23571,1
sniffing,23698,23571,23698,127
stepping,23699,23698,23699,1
rearing,23712,23699,23712,13
hunching,23713,23712,23713,1
right_turning,23714,23713,23714,1
walking,23718,23714,23718,4
trotting,23736,23718,23736,18
sniffing,23813,23736,23813,77
rising,23851,23813,23851,38
walking,23926,23851,23926,75
trotting,23969,23926,23969,43
sniffing,23996,23969,23996,27
walking,24051,23996,24051,55
stepping,24069,24051,24069,18
climbing,24135,24069,24135,66
trotting,24187,24135,24187,52
walking,24246,24187,24246,59
sniffing,24293,24246,24293,47
rising,24334,24293,24334,41
climbing,24462,24334,24462,128
grooming,24497,24462,24497,35
rising,24498,24497,24498,1
climbing,24514,24498,24514,16
sniffing,24515,24514,24515,1
rising,24583,24515,24583,68
right_turning,24607,24583,24607,24
rising,24633,24607,24633,26
left_turning,24662,24633,24662,29
sniffing,24663,24662,24663,1
rearing,24672,24663,24672,9
rising,24716,24672,24716,44
sniffing,24880,24716,24880,164
walking,24901,24880,24901,21
sniffing,25179,24901,25179,278
left_turning,25242,25179,25242,63
trotting,25291,25242,25291,49
sniffing,25359,25291,25359,68
rising,25414,25359,25414,55
climbing,25476,25414,25476,62
walking,25547,25476,25547,71
stepping,25601,25547,25601,54
sniffing,25707,25601,25707,106
climbing,25745,25707,25745,38
sniffing,25826,25745,25826,81
trotting,25873,25826,25873,47
rising,25914,25873,25914,41
climbing,25923,25914,25923,9
stepping,25954,25923,25954,31
sniffing,26071,25954,26071,117
rising,26149,26071,26149,78
climbing,26217,26149,26217,68
rising,26221,26217,26221,4
grooming,26316,26221,26316,95
right_turning,26343,26316,26343,27
walking,26344,26343,26344,1
trotting,26374,26344,26374,30
walking,26403,26374,26403,29
left_turning,26447,26403,26447,44
walking,26448,26447,26448,1
climbing,26524,26448,26524,76
sniffing,26525,26524,26525,1
right_turning,26563,26525,26563,38
rising,26584,26563,26584,21
climbing,26687,26584,26687,103
hunching,26695,26687,26695,8
rearing,26754,26695,26754,59
rising,26812,26754,26812,58
sniffing,26835,26812,26835,23
rising,26882,26835,26882,47
climbing,26928,26882,26928,46
sniffing,27024,26928,27024,96
grooming,27082,27024,27082,58
sniffing,27114,27082,27114,32
walking,27129,27114,27129,15
climbing,27162,27129,27162,33
rising,27238,27162,27238,76
climbing,27285,27238,27285,47
rising,27309,27285,27309,24
climbing,27357,27309,27357,48
right_turning,27393,27357,27393,36
walking,27417,27393,27417,24
hunching,27455,27417,27455,38
grooming,27464,27455,27464,9
rearing,27508,27464,27508,44
climbing,27570,27508,27570,62
left_turning,27581,27570,27581,11
sniffing,27642,27581,27642,61
left_turning,27675,27642,27675,33
sniffing,27738,27675,27738,63
rising,27812,27738,27812,74
climbing,27867,27812,27867,55
walking,27915,27867,27915,48
rising,27947,27915,27947,32
sniffing,27958,27947,27958,11
walking,27990,27958,27990,32
sniffing,28044,27990,28044,54
left_turning,28069,28044,28069,25
trotting,28086,28069,28086,17
rising,28087,28086,28087,1
sniffing,28094,28087,28094,7
rearing,28118,28094,28118,24
walking,28155,28118,28155,37
left_turning,28226,28155,28226,71
rising,28274,28226,28274,48
sniffing,28390,28274,28390,116
rising,28404,28390,28404,14
right_turning,28447,28404,28447,43
stepping,28468,28447,28468,21
sniffing,28588,28468,28588,120
left_turning,28652,28588,28652,64
walking,28724,28652,28724,72
stepping,28739,28724,28739,15
right_turning,28787,28739,28787,48
walking,28864,28787,28864,77
right_turning,28887,28864,28887,23
rising,28888,28887,28888,1
walking,28889,28888,28889,1
rearing,28890,28889,28890,1
climbing,28944,28890,28944,54
walking,28966,28944,28966,22
trotting,28981,28966,28981,15
sniffing,28989,28981,28989,8
hunching,29017,28989,29017,28
right_turning,29030,29017,29030,13
stepping,29060,29030,29060,30
sniffing,29078,29060,29078,18
rearing,29224,29078,29224,146
grooming,29320,29224,29320,96
sniffing,29402,29320,29402,82
rising,29437,29402,29437,35
climbing,29503,29437,29503,66
rearing,29504,29503,29504,1
rising,29525,29504,29525,21
climbing,29548,29525,29548,23
walking,29567,29548,29567,19
left_turning,29609,29567,29609,42
rising,29610,29609,29610,1
sniffing,29702,29610,29702,92
walking,29769,29702,29769,67
stepping,29785,29769,29785,16
walking,29786,29785,29786,1
sniffing,29843,29786,29843,57
climbing,29876,29843,29876,33
trotting,29935,29876,29935,59
rising,29936,29935,29936,1
trotting,29957,29936,29957,21
sniffing,30014,29957,30014,57
climbing,30173,30014,30173,159
walking,30192,30173,30192,19
rising,30199,30192,30199,7
climbing,30246,30199,30246,47
right_turning,30273,30246,30273,27
walking,30371,30273,30371,98
trotting,30422,30371,30422,51
jumping,30475,30422,30475,53
rising,30514,30475,30514,39
right_turning,30556,30514,30556,42
climbing,30635,30556,30635,79
sniffing,30728,30635,30728,93
rising,30747,30728,30747,19
climbing,30784,30747,30784,37
walking,30831,30784,30831,47
sniffing,30832,30831,30832,1
trotting,30872,30832,30872,40
left_turning,30936,30872,30936,64
stepping,30988,30936,30988,52
climbing,30995,30988,30995,7
sniffing,30996,30995,30996,1
left_turning,30997,30996,30997,1
rearing,31031,30997,31031,34
rising,31074,31031,31074,43
right_turning,31111,31074,31111,37
sniffing,31246,31111,31246,135
rising,31262,31246,31262,16
sniffing,31263,31262,31263,1
left_turning,31283,31263,31283,20
rising,31284,31283,31284,1
climbing,31332,31284,31332,48
rising,31353,31332,31353,21
sniffing,31378,31353,31378,25
walking,31457,31378,31457,79
sniffing,31536,31457,31536,79
walking,31544,31536,31544,8
sniffing,31612,31544,31612,68
trotting,31640,31612,31640,28
sniffing,31680,31640,31680,40
climbing,31685,31680,31685,5
right_turning,31731,31685,31731,46
climbing,31754,31731,31754,23
rising,31780,31754,31780,26
left_turning,31847,31780,31847,67
sniffing,31894,31847,31894,47
grooming,31895,31894,31895,1
sniffing,31965,31895,31965,70
rising,31998,31965,31998,33
climbing,32001,31998,32001,3
trotting,32041,32001,32041,40
stepping,32077,32041,32077,36
rising,32113,32077,32113,36
walking,32162,32113,32162,49
left_turning,32190,32162,32190,28
walking,32248,32190,32248,58
rearing,32249,32248,32249,1
climbing,32359,32249,32359,110
sniffing,32403,32359,32403,44
climbing,32429,32403,32429,26
sniffing,32551,32429,32551,122
stepping,32595,32551,32595,44
walking,32702,32595,32702,107
sniffing,32745,32702,32745,43
walking,32783,32745,32783,38
sniffing,32908,32783,32908,125
walking,32999,32908,32999,91
stepping,33000,32999,33000,1
walking,33047,33000,33047,47
left_turning,33048,33047,33048,1
walking,33077,33048,33077,29
left_turning,33127,33077,33127,50
rising,33215,33127,33215,88
sniffing,33216,33215,33216,1
left_turning,33224,33216,33224,8
sniffing,33263,33224,33263,39
rearing,33264,33263,33264,1
walking,33303,33264,33303,39
trotting,33308,33303,33308,5
sniffing,33374,33308,33374,66
left_turning,33375,33374,33375,1
running,33390,33375,33390,15
walking,33478,33390,33478,88
stepping,33520,33478,33520,42
sniffing,33646,33520,33646,126
rising,33696,33646,33696,50
climbing,33782,33696,33782,86
sniffing,33783,33782,33783,1
rising,33786,33783,33786,3
sniffing,33885,33786,33885,99
climbing,33961,33885,33961,76
rising,33965,33961,33965,4
climbing,34093,33965,34093,128
rising,34125,34093,34125,32
climbing,34200,34125,34200,75
rising,34258,34200,34258,58
climbing,34318,34258,34318,60
sniffing,34389,34318,34389,71
right_turning,34410,34389,34410,21
trotting,34420,34410,34420,10
left_turning,34458,34420,34458,38
running,34492,34458,34492,34
sniffing,34600,34492,34600,108
rearing,34607,34600,34607,7
rising,34609,34607,34609,2
sniffing,34682,34609,34682,73
walking,34709,34682,34709,27
climbing,34726,34709,34726,17
walking,34793,34726,34793,67
sniffing,34794,34793,34794,1
grooming,34795,34794,34795,1
sniffing,34838,34795,34838,43
climbing,34839,34838,34839,1
rising,34883,34839,34883,44
sniffing,34957,34883,34957,74
left_turning,35007,34957,35007,50
walking,35077,35007,35077,70
sniffing,35136,35077,35136,59
left_turning,35157,35136,35157,21
sniffing,35276,35157,35276,119
climbing,35291,35276,35291,15
rising,35292,35291,35292,1
right_turning,35293,35292,35293,1
left_turning,35400,35293,35400,107
sniffing,35437,35400,35437,37
trotting,35491,35437,35491,54
walking,35516,35491,35516,25
sniffing,35552,35516,35552,36
walking,35595,35552,35595,43
sniffing,35603,35595,35603,8
climbing,35678,35603,35678,75
left_turning,35765,35678,35765,87
sniffing,35791,35765,35791,26
rearing,35792,35791,35792,1
climbing,35838,35792,35838,46
right_turning,35879,35838,35879,41
walking,35930,35879,35930,51
climbing,35941,35930,35941,11
sniffing,36103,35941,36103,162
stepping,36131,36103,36131,28
walking,36200,36131,36200,69
sniffing,36370,36200,36370,170
climbing,36468,36370,36468,98
walking,36496,36468,36496,28
left_turning,36546,36496,36546,50
sniffing,36572,36546,36572,26
walking,36609,36572,36609,37
left_turning,36626,36609,36626,17
walking,36661,36626,36661,35
sniffing,36690,36661,36690,29
rising,36693,36690,36693,3
rearing,36728,36693,36728,35
climbing,36730,36728,36730,2
walking,36733,36730,36733,3
rearing,36818,36733,36818,85
grooming,36918,36818,36918,100
sniffing,36940,36918,36940,22
rising,36968,36940,36968,28
trotting,36982,36968,36982,14
running,37020,36982,37020,38
walking,37095,37020,37095,75
rising,37147,37095,37147,52
sniffing,37190,37147,37190,43
climbing,37252,37190,37252,62
walking,37307,37252,37307,55
climbing,37393,37307,37393,86
rising,37402,37393,37402,9
rearing,37451,37402,37451,49
sniffing,37510,37451,37510,59
rising,37606,37510,37606,96
sniffing,37607,37606,37607,1
left_turning,37624,37607,37624,17
sniffing,37625,37624,37625,1
rising,37629,37625,37629,4
climbing,37659,37629,37659,30
sniffing,37672,37659,37672,13
climbing,37673,37672,37673,1
hunching,37845,37673,37845,172
sniffing,37887,37845,37887,42
climbing,37888,37887,37888,1
rising,38006,37888,38006,118
sniffing,38139,38006,38139,133
running,38174,38139,38174,35
stepping,38197,38174,38197,23
rearing,38301,38197,38301,104
sniffing,38333,38301,38333,32
rising,38334,38333,38334,1
climbing,38335,38334,38335,1
rising,38356,38335,38356,21
sniffing,38478,38356,38478,122
walking,38525,38478,38525,47
rising,38589,38525,38589,64
right_turning,38597,38589,38597,8
stepping,38640,38597,38640,43
walking,38660,38640,38660,20
rising,38757,38660,38757,97
climbing,38799,38757,38799,42
rising,38819,38799,38819,20
climbing,38866,38819,38866,47
right_turning,38867,38866,38867,1
trotting,38899,38867,38899,32
running,38922,38899,38922,23
sniffing,38927,38922,38927,5
grooming,38928,38927,38928,1
walking,38972,38928,38972,44
stepping,39011,38972,39011,39
walking,39075,39011,39075,64
rising,39102,39075,39102,27
sniffing,39103,39102,39103,1
climbing,39108,39103,39108,5
right_turning,39142,39108,39142,34
running,39166,39142,39166,24
rising,39265,39166,39265,99
climbing,39301,39265,39301,36
trotting,39338,39301,39338,37
sniffing,39339,39338,39339,1
stepping,39367,39339,39367,28
rearing,39368,39367,39368,1
climbing,39422,39368,39422,54
rising,39445,39422,39445,23
sniffing,39581,39445,39581,136
rising,39582,39581,39582,1
rearing,39601,39582,39601,19
climbing,39700,39601,39700,99
sniffing,39761,39700,39761,61
rising,39827,39761,39827,66
climbing,39871,39827,39871,44
sniffing,39930,39871,39930,59
hunching,39962,39930,39962,32
climbing,40098,39962,40098,136
rearing,40099,40098,40099,1
walking,40122,40099,40122,23
left_turning,40130,40122,40130,8
walking,40163,40130,40163,33
sniffing,40164,40163,40164,1
rising,40266,40164,40266,102
climbing,40313,40266,40313,47
rising,40328,40313,40328,15
climbing,40407,40328,40407,79
rising,40450,40407,40450,43
rearing,40487,40450,40487,37
grooming,40659,40487,40659,172
rearing,40782,40659,40782,123
sniffing,40834,40782,40834,52
rearing,40927,40834,40927,93
climbing,40963,40927,40963,36
sniffing,41135,40963,41135,172
left_turning,41172,41135,41172,37
trotting,41180,41172,41180,8
walking,41181,41180,41181,1
sniffing,41256,41181,41256,75
climbing,41279,41256,41279,23
walking,41280,41279,41280,1
climbing,41409,41280,41409,129
right_turning,41450,41409,41450,41
trotting,41472,41450,41472,22
walking,41508,41472,41508,36
sniffing,41582,41508,41582,74
hunching,41589,41582,41589,7
sniffing,41636,41589,41636,47
climbing,41683,41636,41683,47
sniffing,41693,41683,41693,10
rearing,41735,41693,41735,42
rising,41743,41735,41743,8
climbing,41744,41743,41744,1
sniffing,41802,41744,41802,58
rising,41871,41802,41871,69
stepping,41872,41871,41872,1
walking,41898,41872,41898,26
sniffing,41899,41898,41899,1
walking,41987,41899,41987,88
climbing,42046,41987,42046,59
rearing,42155,42046,42155,109
sniffing,42195,42155,42195,40
right_turning,42237,42195,42237,42
trotting,42242,42237,42242,5
sniffing,42355,42242,42355,113
stepping,42364,42355,42364,9
rearing,42422,42364,42422,58
walking,42455,42422,42455,33
sniffing,42456,42455,42456,1
right_turning,42476,42456,42476,20
rearing,42540,42476,42540,64
left_turning,42571,42540,42571,31
walking,42572,42571,42572,1
stepping,42646,42572,42646,74
rising,42651,42646,42651,5
walking,42662,42651,42662,11
climbing,42663,42662,42663,1
rearing,42842,42663,42842,179
hunching,42876,42842,42876,34
climbing,42933,42876,42933,57
rising,42963,42933,42963,30
climbing,43020,42963,43020,57
right_turning,43053,43020,43053,33
running,43068,43053,43068,15
trotting,43100,43068,43100,32
sniffing,43119,43100,43119,19
grooming,43212,43119,43212,93
climbing,43288,43212,43288,76
right_turning,43355,43288,43355,67
sniffing,43465,43355,43465,110
walking,43514,43465,43514,49
right_turning,43532,43514,43532,18
rising,43533,43532,43533,1
climbing,43602,43533,43602,69
rearing,43681,43602,43681,79
right_turning,43708,43681,43708,27
trotting,43735,43708,43735,27
left_turning,43742,43735,43742,7
walking,43829,43742,43829,87
sniffing,43876,43829,43876,47
climbing,44033,43876,44033,157
hunching,44056,44033,44056,23
rising,44110,44056,44110,54
walking,44148,44110,44148,38
rising,44233,44148,44233,85
rearing,44314,44233,44314,81
left_turning,44315,44314,44315,1
stepping,44342,44315,44342,27
hunching,44380,44342,44380,38
sniffing,44409,44380,44409,29
walking,44550,44409,44550,141
left_turning,44551,44550,44551,1
walking,44612,44551,44612,61
sniffing,44680,44612,44680,68
right_turning,44687,44680,44687,7
sniffing,44837,44687,44837,150
running,44862,44837,44862,25
trotting,44887,44862,44887,25
sniffing,45071,44887,45071,184
right_turning,45094,45071,45094,23
walking,45095,45094,45095,1
sniffing,45196,45095,45196,101
rising,45252,45196,45252,56
sniffing,45354,45252,45354,102
rising,45430,45354,45430,76
sniffing,45496,45430,45496,66
rising,45556,45496,45556,60
rearing,45599,45556,45599,43
hunching,45607,45599,45607,8
sniffing,45727,45607,45727,120
right_turning,45782,45727,45782,55
running,45829,45782,45829,47
left_turning,45830,45829,45830,1
sniffing,45831,45830,45831,1
climbing,45834,45831,45834,3
rising,45879,45834,45879,45
climbing,45939,45879,45939,60
trotting,45975,45939,45975,36
left_turning,45999,45975,45999,24
walking,46049,45999,46049,50
left_turning,46085,46049,46085,36
sniffing,46197,46085,46197,112
rising,46227,46197,46227,30
hunching,46252,46227,46252,25
right_turning,46278,46252,46278,26
rising,46341,46278,46341,63
grooming,46438,46341,46438,97
sniffing,46446,46438,46446,8
climbing,46447,46446,46447,1
running,46475,46447,46475,28
sniffing,46544,46475,46544,69
walking,46566,46544,46566,22
rearing,46632,46566,46632,66
rising,46693,46632,46693,61
rearing,46740,46693,46740,47
left_turning,46749,46740,46749,9
rising,46798,46749,46798,49
rearing,46800,46798,46800,2
walking,46857,46800,46857,57
rising,46960,46857,46960,103
right_turning,46990,46960,46990,30
walking,47076,46990,47076,86
sniffing,47139,47076,47139,63
rearing,47229,47139,47229,90
running,47254,47229,47254,25
trotting,47317,47254,47317,63
walking,47366,47317,47366,49
sniffing,47410,47366,47410,44
stepping,47421,47410,47421,11
rising,47426,47421,47426,5
sniffing,47427,47426,47427,1
rising,47454,47427,47454,27
climbing,47520,47454,47520,66
rising,47545,47520,47545,25
sniffing,47590,47545,47590,45
hunching,47665,47590,47665,75
climbing,47736,47665,47736,71
grooming,47737,47736,47737,1
sniffing,47805,47737,47805,68
left_turning,47874,47805,47874,69
walking,47927,47874,47927,53
rising,47995,47927,47995,68
left_turning,48067,47995,48067,72
walking,48123,48067,48123,56
left_turning,48124,48123,48124,1
walking,48139,48124,48139,15
left_turning,48148,48139,48148,9
walking,48192,48148,48192,44
trotting,48223,48192,48223,31
sniffing,48224,48223,48224,1
hunching,48225,48224,48225,1
climbing,48324,48225,48324,99
hunching,48358,48324,48358,34
climbing,48448,48358,48448,90
rising,48477,48448,48477,29
climbing,48566,48477,48566,89
rising,48607,48566,48607,41
rearing,48614,48607,48614,7
rising,48627,48614,48627,13
sniffing,48692,48627,48692,65
left_turning,48761,48692,48761,69
rising,48802,48761,48802,41
climbing,48874,48802,48874,72
rearing,48953,48874,48953,79
rising,48954,48953,48954,1
left_turning,49014,48954,49014,60
stepping,49047,49014,49047,33
walking,49125,49047,49125,78
rising,49181,49125,49181,56
climbing,49242,49181,49242,61
left_turning,49254,49242,49254,12
right_turning,49285,49254,49285,31
walking,49355,49285,49355,70
sniffing,49356,49355,49356,1
walking,49386,49356,49386,30
sniffing,49546,49386,49546,160
left_turning,49591,49546,49591,45
sniffing,49640,49591,49640,49
rearing,49771,49640,49771,131
sniffing,49781,49771,49781,10
right_turning,49802,49781,49802,21
walking,49873,49802,49873,71
rising,49904,49873,49904,31
climbing,49977,49904,49977,73
walking,50003,49977,50003,26
climbing,50110,50003,50110,107
stepping,50166,50110,50166,56
rising,50214,50166,50214,48
grooming,50215,50214,50215,1
rearing,50361,50215,50361,146
sniffing,50591,50361,50591,230
rising,50601,50591,50601,10
climbing,50630,50601,50630,29
left_turning,50743,50630,50743,113
rising,50750,50743,50750,7
climbing,50876,50750,50876,126
rising,50945,50876,50945,69
climbing,50972,50945,50972,27
rising,50985,50972,50985,13
climbing,51140,50985,51140,155
left_turning,51141,51140,51141,1
running,51159,51141,51159,18
rising,51194,51159,51194,35
climbing,51236,51194,51236,42
sniffing,51299,51236,51299,63
rising,51339,51299,51339,40
sniffing,51343,51339,51343,4
climbing,51406,51343,51406,63
trotting,51407,51406,51407,1
sniffing,51490,51407,51490,83
walking,51506,51490,51506,16
sniffing,51539,51506,51539,33
stepping,51588,51539,51588,49
rising,51622,51588,51622,34
climbing,51707,51622,51707,85
walking,51776,51707,51776,69
climbing,51874,51776,51874,98
right_turning,51906,51874,51906,32
stepping,51929,51906,51929,23
sniffing,51930,51929,51930,1
rising,51974,51930,51974,44
climbing,52005,51974,52005,31
rising,52045,52005,52045,40
climbing,52107,52045,52107,62
walking,52138,52107,52138,31
sniffing,52248,52138,52248,110
walking,52281,52248,52281,33
climbing,52348,52281,52348,67
trotting,52356,52348,52356,8
left_turning,52410,52356,52410,54
sniffing,52513,52410,52513,103
climbing,52514,52513,52514,1
walking,52564,52514,52564,50
sniffing,52565,52564,52565,1
trotting,52583,52565,52583,18
running,52593,52583,52593,10
stepping,52653,52593,52653,60
rising,52693,52653,52693,40
climbing,52694,52693,52694,1
sniffing,52738,52694,52738,44
pausing,52780,52738,52780,42
sniffing,52793,52780,52793,13
right_turning,52811,52793,52811,18
trotting,52836,52811,52836,25
sniffing,52894,52836,52894,58
walking,52939,52894,52939,45
left_turning,53016,52939,53016,77
walking,53072,53016,53072,56
rising,53100,53072,53100,28
climbing,53108,53100,53108,8
hunching,53119,53108,53119,11
left_turning,53190,53119,53190,71
walking,53236,53190,53236,46
stepping,53246,53236,53246,10
rising,53283,53246,53283,37
climbing,53336,53283,53336,53
walking,53426,53336,53426,90
sniffing,53452,53426,53452,26
walking,53472,53452,53472,20
left_turning,53486,53472,53486,14
sniffing,53543,53486,53543,57
left_turning,53590,53543,53590,47
sniffing,53703,53590,53703,113
left_turning,53730,53703,53730,27
sniffing,53946,53730,53946,216
left_turning,53978,53946,53978,32
sniffing,53979,53978,53979,1
right_turning,54024,53979,54024,45
running,54050,54024,54050,26
rising,54106,54050,54106,56
rearing,54173,54106,54173,67
climbing,54214,54173,54214,41
rising,54215,54214,54215,1
climbing,54471,54215,54471,256
trotting,54472,54471,54472,1
stepping,54477,54472,54477,5
walking,54487,54477,54487,10
sniffing,54488,54487,54488,1
climbing,54604,54488,54604,116
right_turning,54605,54604,54605,1
climbing,54671,54605,54671,66
rising,54672,54671,54672,1
climbing,54744,54672,54744,72
rising,54779,54744,54779,35
climbing,54796,54779,54796,17
sniffing,54799,54796,54799,3
walking,54881,54799,54881,82
climbing,54922,54881,54922,41
sniffing,54923,54922,54923,1
climbing,54984,54923,54984,61
sniffing,55088,54984,55088,104
left_turning,55142,55088,55142,54
sniffing,55143,55142,55143,1
left_turning,55212,55143,55212,69
walking,55250,55212,55250,38
sniffing,55336,55250,55336,86
rising,55363,55336,55363,27
climbing,55364,55363,55364,1
right_turning,55365,55364,55365,1
walking,55425,55365,55425,60
sniffing,55754,55425,55754,329
climbing,55805,55754,55805,51
rising,55879,55805,55879,74
rearing,55922,55879,55922,43
sniffing,55923,55922,55923,1
climbing,55950,55923,55950,27
left_turning,56001,55950,56001,51
trotting,56073,56001,56073,72
stepping,56074,56073,56074,1
grooming,56075,56074,56075,1
rearing,56084,56075,56084,9
stepping,56111,56084,56111,27
walking,56190,56111,56190,79
climbing,56247,56190,56247,57
sniffing,56250,56247,56250,3
walking,56308,56250,56308,58
stepping,56354,56308,56354,46
climbing,56390,56354,56390,36
sniffing,56506,56390,56506,116
rising,56530,56506,56530,24
rearing,56609,56530,56609,79
sniffing,56679,56609,56679,70
grooming,56680,56679,56680,1
rearing,56681,56680,56681,1
sniffing,56682,56681,56682,1
walking,56733,56682,56733,51
sniffing,56883,56733,56883,150
right_turning,56899,56883,56899,16
climbing,56975,56899,56975,76
left_turning,56998,56975,56998,23
stepping,57063,56998,57063,65
walking,57102,57063,57102,39
climbing,57121,57102,57121,19
rising,57135,57121,57135,14
jumping,57136,57135,57136,1
rising,57207,57136,57207,71
rearing,57208,57207,57208,1
hunching,57209,57208,57209,1
right_turning,57263,57209,57263,54
rising,57304,57263,57304,41
sniffing,57305,57304,57305,1
rising,57306,57305,57306,1
walking,57370,57306,57370,64
rising,57371,57370,57371,1
rearing,57395,57371,57395,24
rising,57460,57395,57460,65
climbing,57533,57460,57533,73
rising,57555,57533,57555,22
climbing,57640,57555,57640,85
sniffing,57763,57640,57763,123
rising,57764,57763,57764,1
climbing,57765,57764,57765,1
right_turning,57795,57765,57795,30
stepping,57797,57795,57797,2
rising,57830,57797,57830,33
sniffing,57890,57830,57890,60
walking,57891,57890,57891,1
rising,57901,57891,57901,10
climbing,57990,57901,57990,89
walking,58057,57990,58057,67
trotting,58091,58057,58091,34
walking,58118,58091,58118,27
rising,58128,58118,58128,10
climbing,58223,58128,58223,95
trotting,58256,58223,58256,33
walking,58257,58256,58257,1
sniffing,58394,58257,58394,137
left_turning,58414,58394,58414,20
sniffing,58415,58414,58415,1
grooming,58917,58415,58917,502
rearing,58978,58917,58978,61
climbing,59103,58978,59103,125
walking,59104,59103,59104,1
sniffing,59122,59104,59122,18
climbing,59187,59122,59187,65
right_turning,59214,59187,59214,27
trotting,59234,59214,59234,20
rising,59258,59234,59258,24
climbing,59292,59258,59292,34
right_turning,59338,59292,59338,46
sniffing,59384,59338,59384,46
rising,59435,59384,59435,51
climbing,59542,59435,59542,107
rising,59543,59542,59543,1
jumping,59643,59543,59643,100
walking,59699,59643,59699,56
sniffing,59790,59699,59790,91
trotting,59791,59790,59791,1
sniffing,59886,59791,59886,95
left_turning,59906,59886,59906,20
sniffing,60060,59906,60060,154
stepping,60083,60060,60083,23
sniffing,60084,60083,60084,1
left_turning,60141,60084,60141,57
walking,60182,60141,60182,41
sniffing,60230,60182,60230,48
left_turning,60274,60230,60274,44
sniffing,60275,60274,60275,1
right_turning,60338,60275,60338,63
trotting,60349,60338,60349,11
sniffing,60385,60349,60385,36
rising,60470,60385,60470,85
running,60511,60470,60511,41
climbing,60539,60511,60539,28
rearing,60540,60539,60540,1
rising,60541,60540,60541,1
rearing,60611,60541,60611,70
rising,60704,60611,60704,93
sniffing,60767,60704,60767,63
left_turning,60849,60767,60849,82
trotting,60880,60849,60880,31
stepping,60910,60880,60910,30
rearing,60911,60910,60911,1
left_turning,60922,60911,60922,11
running,60949,60922,60949,27
stepping,60950,60949,60950,1
sniffing,61004,60950,61004,54
hunching,61005,61004,61005,1
rising,61023,61005,61023,18
climbing,61125,61023,61125,102
sniffing,61126,61125,61126,1
right_turning,61205,61126,61205,79
walking,61281,61205,61281,76
sniffing,61336,61281,61336,55
grooming,61337,61336,61337,1
trotting,61357,61337,61357,20
sniffing,61358,61357,61358,1
rising,61400,61358,61400,42
trotting,61471,61400,61471,71
sniffing,61534,61471,61534,63
rising,61585,61534,61585,51
rearing,61628,61585,61628,43
sniffing,61705,61628,61705,77
pausing,61811,61705,61811,106
walking,61846,61811,61846,35
right_turning,61889,61846,61889,43
running,61899,61889,61899,10
walking,61943,61899,61943,44
left_turning,62004,61943,62004,61
trotting,62035,62004,62035,31
walking,62067,62035,62067,32
sniffing,62139,62067,62139,72
walking,62164,62139,62164,25
sniffing,62232,62164,62232,68
trotting,62268,62232,62268,36
walking,62331,62268,62331,63
rearing,62389,62331,62389,58
climbing,62480,62389,62480,91
sniffing,62575,62480,62575,95
right_turning,62620,62575,62620,45
walking,62630,62620,62630,10
sniffing,62736,62630,62736,106
stepping,62761,62736,62761,25
left_turning,62773,62761,62773,12
running,62802,62773,62802,29
sniffing,62821,62802,62821,19
left_turning,62851,62821,62851,30
sniffing,63005,62851,63005,154
left_turning,63019,63005,63019,14
walking,63080,63019,63080,61
sniffing,63127,63080,63127,47
left_turning,63139,63127,63139,12
sniffing,63226,63139,63226,87
rising,63253,63226,63253,27
climbing,63297,63253,63297,44
sniffing,63456,63297,63456,159
pausing,63457,63456,63457,1
sniffing,63477,63457,63477,20
right_turning,63487,63477,63487,10
climbing,63683,63487,63683,196
right_turning,63684,63683,63684,1
running,63703,63684,63703,19
sniffing,63830,63703,63830,127
rising,63882,63830,63882,52
climbing,63906,63882,63906,24
sniffing,63907,63906,63907,1
left_turning,63927,63907,63927,20
walking,63971,63927,63971,44
climbing,64072,63971,64072,101
rising,64097,64072,64097,25
sniffing,64123,64097,64123,26
walking,64141,64123,64141,18
sniffing,64203,64141,64203,62
left_turning,64220,64203,64220,17
walking,64221,64220,64221,1
right_turning,64222,64221,64222,1
sniffing,64309,64222,64309,87
walking,64399,64309,64399,90
left_turning,64455,64399,64455,56
sniffing,64468,64455,64468,13
walking,64488,64468,64488,20
stepping,64517,64488,64517,29
walking,64518,64517,64518,1
sniffing,64573,64518,64573,55
climbing,64754,64573,64754,181
rising,64800,64754,64800,46
walking,64834,64800,64834,34
climbing,64893,64834,64893,59
running,64916,64893,64916,23
walking,64917,64916,64917,1
rising,64979,64917,64979,62
grooming,64980,64979,64980,1
sniffing,65083,64980,65083,103
climbing,65284,65083,65284,201
trotting,65342,65284,65342,58
sniffing,65366,65342,65366,24
climbing,65485,65366,65485,119
rising,65517,65485,65517,32
right_turning,65555,65517,65555,38
sniffing,65636,65555,65636,81
walking,65708,65636,65708,72
sniffing,65747,65708,65747,39
rising,65755,65747,65755,8
climbing,65820,65755,65820,65
hunching,65920,65820,65920,100
rising,65921,65920,65921,1
climbing,65956,65921,65956,35
walking,66007,65956,66007,51
climbing,66082,66007,66082,75
grooming,66167,66082,66167,85
rearing,66233,66167,66233,66
sniffing,66250,66233,66250,17
rising,66296,66250,66296,46
running,66307,66296,66307,11
rising,66334,66307,66334,27
sniffing,66381,66334,66381,47
grooming,66470,66381,66470,89
sniffing,66610,66470,66610,140
walking,66668,66610,66668,58
left_turning,66698,66668,66698,30
trotting,66731,66698,66731,33
walking,66732,66731,66732,1
sniffing,66733,66732,66733,1
rising,66777,66733,66777,44
sniffing,66828,66777,66828,51
climbing,67149,66828,67149,321
right_turning,67166,67149,67166,17
climbing,67191,67166,67191,25
rising,67267,67191,67267,76
climbing,67323,67267,67323,56
right_turning,67324,67323,67324,1
climbing,67344,67324,67344,20
walking,67398,67344,67398,54
sniffing,67522,67398,67522,124
rising,67523,67522,67523,1
rearing,67581,67523,67581,58
rising,67626,67581,67626,45
rearing,67646,67626,67646,20
grooming,67782,67646,67782,136
sniffing,67783,67782,67783,1
walking,67834,67783,67834,51
sniffing,67911,67834,67911,77
left_turning,67944,67911,67944,33
sniffing,68006,67944,68006,62
hunching,68007,68006,68007,1
sniffing,68008,68007,68008,1
rising,68062,68008,68062,54
climbing,68210,68062,68210,148
right_turning,68255,68210,68255,45
sniffing,68256,68255,68256,1
rising,68297,68256,68297,41
sniffing,68377,68297,68377,80
running,68403,68377,68403,26
walking,68424,68403,68424,21
stepping,68492,68424,68492,68
rising,68493,68492,68493,1
climbing,68510,68493,68510,17
walking,68555,68510,68555,45
climbing,68648,68555,68648,93
running,68661,68648,68661,13
sniffing,68736,68661,68736,75
rising,68825,68736,68825,89
climbing,68858,68825,68858,33
rearing,68865,68858,68865,7
climbing,68946,68865,68946,81
trotting,68990,68946,68990,44
running,69008,68990,69008,18
walking,69009,69008,69009,1
sniffing,69128,69009,69128,119
walking,69129,69128,69129,1
rising,69166,69129,69166,37
sniffing,69173,69166,69173,7
walking,69230,69173,69230,57
sniffing,69244,69230,69244,14
rising,69274,69244,69274,30
sniffing,69438,69274,69438,164
left_turning,69485,69438,69485,47
hunching,69486,69485,69486,1
rearing,69558,69486,69558,72
grooming,69728,69558,69728,170
left_turning,69755,69728,69755,27
sniffing,69782,69755,69782,27
climbing,69978,69782,69978,196
left_turning,69985,69978,69985,7
sniffing,70107,69985,70107,122
hunching,70123,70107,70123,16
climbing,70174,70123,70174,51
rising,70232,70174,70232,58
rearing,70302,70232,70302,70
climbing,70354,70302,70354,52
rearing,70412,70354,70412,58
sniffing,70452,70412,70452,40
rising,70505,70452,70505,53
sniffing,70588,70505,70588,83
rising,70618,70588,70618,30
walking,70652,70618,70652,34
climbing,70695,70652,70695,43
hunching,70718,70695,70718,23
right_turning,70770,70718,70770,52
running,70783,70770,70783,13
rising,70826,70783,70826,43
stepping,70836,70826,70836,10
walking,70861,70836,70861,25
sniffing,70862,70861,70862,1
pausing,71147,70862,71147,285
sniffing,71192,71147,71192,45
climbing,71348,71192,71348,156
running,71349,71348,71349,1
walking,71350,71349,71350,1
stepping,71386,71350,71386,36
sniffing,71418,71386,71418,32
right_turning,71454,71418,71454,36
walking,71473,71454,71473,19
right_turning,71512,71473,71512,39
left_turning,71554,71512,71554,42
sniffing,71555,71554,71555,1
left_turning,71571,71555,71571,16
sniffing,71624,71571,71624,53
climbing,71711,71624,71711,87
trotting,71757,71711,71757,46
rising,71783,71757,71783,26
climbing,71809,71783,71809,26
rising,71838,71809,71838,29
grooming,71940,71838,71940,102
sniffing,72007,71940,72007,67
rising,72066,72007,72066,59
walking,72173,72066,72173,107
sniffing,72337,72173,72337,164
left_turning,72353,72337,72353,16
walking,72379,72353,72379,26
sniffing,72426,72379,72426,47
walking,72427,72426,72427,1
sniffing,72428,72427,72428,1
climbing,72472,72428,72472,44
right_turning,72504,72472,72504,32
rising,72527,72504,72527,23
climbing,72595,72527,72595,68
trotting,72663,72595,72663,68
rising,72664,72663,72664,1
sniffing,72766,72664,72766,102
left_turning,72783,72766,72783,17
hunching,72849,72783,72849,66
sniffing,72924,72849,72924,75
rising,72954,72924,72954,30
climbing,73195,72954,73195,241
sniffing,73238,73195,73238,43
left_turning,73242,73238,73242,4
walking,73251,73242,73251,9
rising,73277,73251,73277,26
walking,73283,73277,73283,6
sniffing,73297,73283,73297,14
rising,73306,73297,73306,9
climbing,73307,73306,73307,1
sniffing,73420,73307,73420,113
rising,73423,73420,73423,3
climbing,73424,73423,73424,1
right_turning,73460,73424,73460,36
climbing,73585,73460,73585,125
left_turning,73683,73585,73683,98
trotting,73690,73683,73690,7
walking,73708,73690,73708,18
sniffing,73782,73708,73782,74
rising,73783,73782,73783,1
climbing,73881,73783,73881,98
sniffing,73937,73881,73937,56
rising,73980,73937,73980,43
grooming,74320,73980,74320,340
sniffing,74541,74320,74541,221
hunching,74630,74541,74630,89
right_turning,74663,74630,74663,33
sniffing,74776,74663,74776,113
trotting,74805,74776,74805,29
sniffing,74806,74805,74806,1
climbing,74807,74806,74807,1
sniffing,74842,74807,74842,35
left_turning,74843,74842,74843,1
sniffing,74844,74843,74844,1
walking,74882,74844,74882,38
sniffing,75019,74882,75019,137
grooming,75120,75019,75120,101
sniffing,75224,75120,75224,104
right_turning,75225,75224,75225,1
sniffing,75277,75225,75277,52
trotting,75305,75277,75305,28
sniffing,75332,75305,75332,27
pausing,75383,75332,75383,51
sniffing,75448,75383,75448,65
rising,75506,75448,75506,58
sniffing,75534,75506,75534,28
walking,75557,75534,75557,23
left_turning,75576,75557,75576,19
sniffing,75752,75576,75752,176
rising,75790,75752,75790,38
grooming,75846,75790,75846,56
rearing,75943,75846,75943,97
grooming,75958,75943,75958,15
sniffing,76091,75958,76091,133
walking,76118,76091,76118,27
sniffing,76150,76118,76150,32
right_turning,76224,76150,76224,74
sniffing,76273,76224,76273,49
rising,76322,76273,76322,49
climbing,76359,76322,76359,37
running,76377,76359,76377,18
walking,76415,76377,76415,38
sniffing,76446,76415,76446,31
right_turning,76506,76446,76506,60
walking,76563,76506,76563,57
left_turning,76574,76563,76574,11
running,76606,76574,76606,32
sniffing,76696,76606,76696,90
rearing,76713,76696,76713,17
climbing,76866,76713,76866,153
rising,76870,76866,76870,4
climbing,76872,76870,76872,2
walking,76916,76872,76916,44
climbing,76917,76916,76917,1
sniffing,76929,76917,76929,12
rearing,76983,76929,76983,54
sniffing,77027,76983,77027,44
walking,77033,77027,77033,6
sniffing,77213,77033,77213,180
rising,77283,77213,77283,70
climbing,77291,77283,77291,8
rising,77311,77291,77311,20
rearing,77341,77311,77341,30
grooming,77342,77341,77342,1
rearing,77359,77342,77359,17
left_turning,77427,77359,77427,68
walking,77499,77427,77499,72
sniffing,77576,77499,77576,77
running,77602,77576,77602,26
sniffing,77659,77602,77659,57
right_turning,77706,77659,77706,47
stepping,77732,77706,77732,26
walking,77771,77732,77771,39
sniffing,77864,77771,77864,93
climbing,77928,77864,77928,64
left_turning,77938,77928,77938,10
walking,77977,77938,77977,39
sniffing,78056,77977,78056,79
rearing,78170,78056,78170,114
hunching,78243,78170,78243,73
right_turning,78244,78243,78244,1
stepping,78307,78244,78307,63
left_turning,78308,78307,78308,1
stepping,78309,78308,78309,1
climbing,78310,78309,78310,1
walking,78346,78310,78346,36
trotting,78400,78346,78400,54
rising,78401,78400,78401,1
climbing,78427,78401,78427,26
rearing,78500,78427,78500,73
climbing,78596,78500,78596,96
rising,78632,78596,78632,36
sniffing,78724,78632,78724,92
rising,78733,78724,78733,9
sniffing,78789,78733,78789,56
grooming,78790,78789,78790,1
rearing,78806,78790,78806,16
left_turning,78855,78806,78855,49
climbing,78935,78855,78935,80
trotting,78979,78935,78979,44
left_turning,79041,78979,79041,62
sniffing,79218,79041,79218,177
climbing,79231,79218,79231,13
rising,79232,79231,79232,1
walking,79257,79232,79257,25
stepping,79324,79257,79324,67
rising,79359,79324,79359,35
sniffing,79360,79359,79360,1
walking,79426,79360,79426,66
left_turning,79473,79426,79473,47
running,79488,79473,79488,15
climbing,79562,79488,79562,74
rising,79594,79562,79594,32
sniffing,79677,79594,79677,83
rearing,79746,79677,79746,69
grooming,79747,79746,79747,1
rearing,79768,79747,79768,21
right_turning,79809,79768,79809,41
climbing,79869,79809,79869,60
grooming,80039,79869,80039,170
rearing,80040,80039,80040,1
stepping,80121,80040,80121,81
walking,80191,80121,80191,70
sniffing,80254,80191,80254,63
climbing,80386,80254,80386,132
rearing,80448,80386,80448,62
grooming,80567,80448,80567,119
climbing,80573,80567,80573,6
right_turning,80574,80573,80574,1
walking,80659,80574,80659,85
rising,80673,80659,80673,14
climbing,80715,80673,80715,42
left_turning,80716,80715,80716,1
sniffing,80717,80716,80717,1
walking,80794,80717,80794,77
sniffing,81062,80794,81062,268
rising,81150,81062,81150,88
sniffing,81151,81150,81151,1
pausing,81278,81151,81278,127
sniffing,81314,81278,81314,36
right_turning,81330,81314,81330,16
climbing,81348,81330,81348,18
walking,81367,81348,81367,19
sniffing,81432,81367,81432,65
walking,81464,81432,81464,32
sniffing,81476,81464,81476,12
rising,81547,81476,81547,71
rearing,81557,81547,81557,10
hunching,81590,81557,81590,33
rising,81696,81590,81696,106
climbing,81784,81696,81784,88
right_turning,81798,81784,81798,14
trotting,81857,81798,81857,59
sniffing,81864,81857,81864,7
left_turning,81899,81864,81899,35
trotting,81925,81899,81925,26
stepping,81936,81925,81936,11
sniffing,81964,81936,81964,28
rising,82024,81964,82024,60
climbing,82158,82024,82158,134
stepping,82234,82158,82234,76
walking,82273,82234,82273,39
sniffing,82274,82273,82274,1
rising,82359,82274,82359,85
sniffing,82370,82359,82370,11
left_turning,82391,82370,82391,21
right_turning,82406,82391,82406,15
climbing,82433,82406,82433,27
rising,82522,82433,82522,89
hunching,82543,82522,82543,21
sniffing,82544,82543,82544,1
stepping,82545,82544,82545,1
trotting,82591,82545,82591,46
sniffing,82717,82591,82717,126
hunching,82839,82717,82839,122
right_turning,82866,82839,82866,27
sniffing,82919,82866,82919,53
pausing,82920,82919,82920,1
rising,82925,82920,82925,5
climbing,83027,82925,83027,102
sniffing,83038,83027,83038,11
rearing,83089,83038,83089,51
rising,83120,83089,83120,31
grooming,83644,83120,83644,524
rearing,83645,83644,83645,1
grooming,83646,83645,83646,1
climbing,83657,83646,83657,11
grooming,83658,83657,83658,1
trotting,83704,83658,83704,46
running,83730,83704,83730,26
rising,83825,83730,83825,95
climbing,83847,83825,83847,22
walking,83955,83847,83955,108
rising,84003,83955,84003,48
right_turning,84020,84003,84020,17
trotting,84021,84020,84021,1
sniffing,84073,84021,84073,52
walking,84199,84073,84199,126
rising,84208,84199,84208,9
sniffing,84238,84208,84238,30
trotting,84286,84238,84286,48
walking,84369,84286,84369,83
sniffing,84436,84369,84436,67
rising,84454,84436,84454,18
climbing,84688,84454,84688,234
hunching,84689,84688,84689,1
sniffing,84772,84689,84772,83
climbing,84844,84772,84844,72
rearing,84862,84844,84862,18
grooming,84863,84862,84863,1
rearing,84924,84863,84924,61
right_turning,84940,84924,84940,16
stepping,84966,84940,84966,26
walking,85016,84966,85016,50
climbing,85166,85016,85166,150
sniffing,85223,85166,85223,57
rearing,85325,85223,85325,102
sniffing,85352,85325,85352,27
stepping,85366,85352,85366,14
walking,85471,85366,85471,105
rising,85527,85471,85527,56
rearing,85528,85527,85528,1
rising,85529,85528,85529,1
walking,85596,85529,85596,67
sniffing,85888,85596,85888,292
hunching,85889,85888,85889,1
grooming,85984,85889,85984,95
right_turning,86007,85984,86007,23
trotting,86011,86007,86011,4
walking,86032,86011,86032,21
left_turning,86078,86032,86078,46
rising,86110,86078,86110,32
climbing,86148,86110,86148,38
sniffing,86219,86148,86219,71
trotting,86248,86219,86248,29
rising,86320,86248,86320,72
climbing,86342,86320,86342,22
rearing,86371,86342,86371,29
left_turning,86461,86371,86461,90
sniffing,86511,86461,86511,50
left_turning,86531,86511,86531,20
sniffing,86532,86531,86532,1
rising,86619,86532,86619,87
sniffing,86675,86619,86675,56
walking,86703,86675,86703,28
climbing,86747,86703,86747,44
right_turning,86778,86747,86778,31
sniffing,86791,86778,86791,13
grooming,87446,86791,87446,655
rearing,87448,87446,87448,2
walking,87477,87448,87477,29
right_turning,87504,87477,87504,27
walking,87555,87504,87555,51
sniffing,87578,87555,87578,23
rising,87617,87578,87617,39
stepping,87668,87617,87668,51
walking,87754,87668,87754,86
sniffing,87755,87754,87755,1
grooming,87885,87755,87885,130
sniffing,87940,87885,87940,55
walking,88027,87940,88027,87
climbing,88028,88027,88028,1
sniffing,88029,88028,88029,1
hunching,88030,88029,88030,1
grooming,88132,88030,88132,102
sniffing,88167,88132,88167,35
grooming,88235,88167,88235,68
hunching,88290,88235,88290,55
rising,88326,88290,88326,36
climbing,88368,88326,88368,42
rising,88433,88368,88433,65
climbing,88458,88433,88458,25
hunching,88520,88458,88520,62
sniffing,88680,88520,88680,160
left_turning,88709,88680,88709,29
sniffing,88756,88709,88756,47
rising,88844,88756,88844,88
sniffing,88845,88844,88845,1
stepping,88846,88845,88846,1
walking,88863,88846,88863,17
left_turning,88900,88863,88900,37
walking,88915,88900,88915,15
sniffing,89104,88915,89104,189
left_turning,89151,89104,89151,47
walking,89152,89151,89152,1
sniffing,89153,89152,89153,1
left_turning,89175,89153,89175,22
sniffing,89189,89175,89189,14
walking,89190,89189,89190,1
left_turning,89213,89190,89213,23
climbing,89423,89213,89423,210
rising,89482,89423,89482,59
sniffing,89526,89482,89526,44
walking,89564,89526,89564,38
sniffing,89565,89564,89565,1
rising,89625,89565,89625,60
climbing,89633,89625,89633,8
hunching,89637,89633,89637,4
sniffing,89780,89637,89780,143
left_turning,89808,89780,89808,28
trotting,89837,89808,89837,29
hunching,89838,89837,89838,1
right_turning,89864,89838,89864,26
walking,89874,89864,89874,10
sniffing,89934,89874,89934,60
trotting,89962,89934,89962,28
sniffing,90006,89962,90006,44
walking,90065,90006,90065,59
stepping,90131,90065,90131,66
hunching,90219,90131,90219,88
rising,90383,90219,90383,164
trotting,90419,90383,90419,36
sniffing,90558,90419,90558,139
climbing,90629,90558,90629,71
right_turning,90660,90629,90660,31
left_turning,90693,90660,90693,33
walking,90694,90693,90694,1
sniffing,90695,90694,90695,1
rising,90704,90695,90704,9
climbing,90751,90704,90751,47
hunching,90752,90751,90752,1
grooming,90753,90752,90753,1
sniffing,90919,90753,90919,166
rising,91043,90919,91043,124
climbing,91362,91043,91362,319
rising,91399,91362,91399,37
sniffing,91400,91399,91400,1
climbing,91418,91400,91418,18
grooming,91534,91418,91534,116
sniffing,91755,91534,91755,221
running,91779,91755,91779,24
rearing,91813,91779,91813,34
climbing,91893,91813,91893,80
rising,91906,91893,91906,13
sniffing,92256,91906,92256,350
rearing,92257,92256,92257,1
grooming,92552,92257,92552,295
rising,92553,92552,92553,1
rearing,92642,92553,92642,89
climbing,92674,92642,92674,32
grooming,92766,92674,92766,92
sniffing,92767,92766,92767,1
left_turning,92794,92767,92794,27
running,92813,92794,92813,19
sniffing,92814,92813,92814,1
rising,92815,92814,92815,1
climbing,92816,92815,92816,1
rearing,92817,92816,92817,1
walking,92818,92817,92818,1
climbing,92854,92818,92854,36
grooming,92925,92854,92925,71
climbing,92929,92925,92929,4
rearing,93189,92929,93189,260
grooming,93205,93189,93205,16
sniffing,93206,93205,93206,1
rising,93231,93206,93231,25
sniffing,93338,93231,93338,107
grooming,93373,93338,93373,35
sniffing,93457,93373,93457,84
climbing,93479,93457,93479,22
sniffing,93581,93479,93581,102
climbing,93679,93581,93679,98
sniffing,93680,93679,93680,1
rising,93797,93680,93797,117
climbing,93836,93797,93836,39
running,93869,93836,93869,33
sniffing,93926,93869,93926,57
rising,94012,93926,94012,86
sniffing,94074,94012,94074,62
left_turning,94094,94074,94094,20
walking,94180,94094,94180,86
left_turning,94257,94180,94257,77
walking,94308,94257,94308,51
right_turning,94341,94308,94341,33
climbing,94356,94341,94356,15
sniffing,94358,94356,94358,2
rearing,94359,94358,94359,1
rising,94363,94359,94363,4
right_turning,94391,94363,94391,28
trotting,94392,94391,94392,1
walking,94393,94392,94393,1
rising,94448,94393,94448,55
grooming,94449,94448,94449,1
sniffing,94494,94449,94494,45
jumping,94501,94494,94501,7
rising,94502,94501,94502,1
climbing,94634,94502,94634,132
sniffing,94648,94634,94648,14
rising,94715,94648,94715,67
grooming,94845,94715,94845,130
sniffing,94846,94845,94846,1
rising,94892,94846,94892,46
running,94906,94892,94906,14
trotting,94956,94906,94956,50
walking,94983,94956,94983,27
left_turning,95013,94983,95013,30
rising,95066,95013,95066,53
rearing,95125,95066,95125,59
rising,95178,95125,95178,53
climbing,95179,95178,95179,1
sniffing,95180,95179,95180,1
rising,95181,95180,95181,1
grooming,95361,95181,95361,180
rearing,95456,95361,95456,95
sniffing,95548,95456,95548,92
rising,95581,95548,95581,33
sniffing,95783,95581,95783,202
rising,95810,95783,95810,27
climbing,95827,95810,95827,17
trotting,95873,95827,95873,46
sniffing,95964,95873,95964,91
rearing,96025,95964,96025,61
hunching,96056,96025,96056,31
sniffing,96209,96056,96209,153
rising,96210,96209,96210,1
trotting,96235,96210,96235,25
sniffing,96236,96235,96236,1
rising,96301,96236,96301,65
sniffing,96450,96301,96450,149
walking,96503,96450,96503,53
stepping,96541,96503,96541,38
right_turning,96585,96541,96585,44
walking,96650,96585,96650,65
sniffing,96875,96650,96875,225
walking,96925,96875,96925,50
sniffing,96926,96925,96926,1
walking,96953,96926,96953,27
rising,96961,96953,96961,8
climbing,97036,96961,97036,75
rising,97080,97036,97080,44
climbing,97142,97080,97142,62
rearing,97158,97142,97158,16
rising,97159,97158,97159,1
climbing,97221,97159,97221,62
rising,97222,97221,97222,1
climbing,97395,97222,97395,173
walking,97426,97395,97426,31
sniffing,97518,97426,97518,92
left_turning,97554,97518,97554,36
rising,97613,97554,97613,59
climbing,97711,97613,97711,98
sniffing,97712,97711,97712,1
left_turning,97771,97712,97771,59
walking,97819,97771,97819,48
stepping,97949,97819,97949,130
walking,98076,97949,98076,127
sniffing,98195,98076,98195,119
grooming,98196,98195,98196,1
hunching,98218,98196,98218,22
rearing,98291,98218,98291,73
rising,98394,98291,98394,103
climbing,98429,98394,98429,35
rising,98455,98429,98455,26
climbing,98498,98455,98498,43
walking,98553,98498,98553,55
sniffing,98598,98553,98598,45
walking,98628,98598,98628,30
sniffing,98653,98628,98653,25
trotting,98693,98653,98693,40
rising,98753,98693,98753,60
walking,98786,98753,98786,33
sniffing,98791,98786,98791,5
climbing,98819,98791,98819,28
right_turning,98869,98819,98869,50
stepping,98919,98869,98919,50
climbing,98959,98919,98959,40
rising,99017,98959,99017,58
sniffing,99041,99017,99041,24
rising,99087,99041,99087,46
rearing,99088,99087,99088,1
climbing,99195,99088,99195,107
trotting,99240,99195,99240,45
rising,99241,99240,99241,1
sniffing,99349,99241,99349,108
stepping,99350,99349,99350,1
left_turning,99434,99350,99434,84
climbing,99470,99434,99470,36
hunching,99472,99470,99472,2
climbing,99473,99472,99473,1
rising,99497,99473,99497,24
right_turning,99531,99497,99531,34
running,99555,99531,99555,24
stepping,99565,99555,99565,10
rising,99566,99565,99566,1
grooming,99664,99566,99664,98
rearing,99750,99664,99750,86
sniffing,99789,99750,99789,39
pausing,99973,99789,99973,184
sniffing,99979,99973,99979,6
walking,100049,99979,100049,70
rising,100062,100049,100062,13
climbing,100146,100062,100146,84
rising,100174,100146,100174,28
sniffing,100303,100174,100303,129
rising,100378,100303,100378,75
climbing,100473,100378,100473,95
rearing,100519,100473,100519,46
rising,100570,100519,100570,51
climbing,100571,100570,100571,1
rising,100572,100571,100572,1
sniffing,100667,100572,100667,95
hunching,100686,100667,100686,19
sniffing,100774,100686,100774,88
rising,100839,100774,100839,65
sniffing,100903,100839,100903,64
rising,100958,100903,100958,55
hunching,100959,100958,100959,1
left_turning,100974,100959,100974,15
sniffing,101017,100974,101017,43
hunching,101027,101017,101027,10
sniffing,101204,101027,101204,177
rising,101295,101204,101295,91
sniffing,101408,101295,101408,113
left_turning,101420,101408,101420,12
sniffing,101541,101420,101541,121
grooming,101720,101541,101720,179
sniffing,101742,101720,101742,22
rising,101855,101742,101855,113
trotting,101916,101855,101916,61
stepping,101924,101916,101924,8
sniffing,101925,101924,101925,1
walking,101935,101925,101935,10
rearing,101936,101935,101936,1
rising,101955,101936,101955,19
climbing,102056,101955,102056,101
hunching,102096,102056,102096,40
rising,102149,102096,102149,53
sniffing,102150,102149,102150,1
walking,102217,102150,102217,67
climbing,102313,102217,102313,96
rearing,102335,102313,102335,22
hunching,102348,102335,102348,13
grooming,102504,102348,102504,156
sniffing,102560,102504,102560,56
hunching,102561,102560,102561,1
rising,102564,102561,102564,3
left_turning,102585,102564,102585,21
climbing,102592,102585,102592,7
rising,102663,102592,102663,71
grooming,102968,102663,102968,305
sniffing,103135,102968,103135,167
walking,103165,103135,103165,30
sniffing,103322,103165,103322,157
climbing,103323,103322,103323,1
grooming,103324,103323,103324,1
climbing,103530,103324,103530,206
walking,103628,103530,103628,98
left_turning,103667,103628,103667,39
stepping,103735,103667,103735,68
sniffing,103958,103735,103958,223
climbing,104104,103958,104104,146
sniffing,104105,104104,104105,1
stepping,104114,104105,104114,9
left_turning,104260,104114,104260,146
walking,104282,104260,104282,22
right_turning,104322,104282,104322,40
walking,104387,104322,104387,65
climbing,104678,104387,104678,291
rising,104708,104678,104708,30
sniffing,104892,104708,104892,184
rising,104893,104892,104893,1
climbing,105047,104893,105047,154
sniffing,105218,105047,105218,171
running,105239,105218,105239,21
left_turning,105287,105239,105287,48
sniffing,105422,105287,105422,135
stepping,105510,105422,105510,88
right_turning,105557,105510,105557,47
sniffing,105560,105557,105560,3
climbing,105595,105560,105595,35
right_turning,105617,105595,105617,22
rearing,105703,105617,105703,86
sniffing,105704,105703,105704,1
left_turning,105763,105704,105763,59
rising,105822,105763,105822,59
hunching,105925,105822,105925,103
sniffing,105926,105925,105926,1
climbing,106009,105926,106009,83
rearing,106057,106009,106057,48
rising,106126,106057,106126,69
rearing,106188,106126,106188,62
climbing,106257,106188,106257,69
left_turning,106278,106257,106278,21
climbing,106279,106278,106279,1
rising,106389,106279,106389,110
sniffing,106447,106389,106447,58
left_turning,106493,106447,106493,46
walking,106538,106493,106538,45
climbing,106591,106538,106591,53
right_turning,106616,106591,106616,25
running,106627,106616,106627,11
sniffing,106692,106627,106692,65
rearing,106693,106692,106693,1
climbing,106807,106693,106807,114
rearing,107247,106807,107247,440
sniffing,107250,107247,107250,3
walking,107300,107250,107300,50
rising,107301,107300,107301,1
sniffing,107302,107301,107302,1
grooming,107401,107302,107401,99
sniffing,107402,107401,107402,1
climbing,107472,107402,107472,70
rearing,107493,107472,107493,21
rising,107494,107493,107494,1
hunching,107508,107494,107508,14
grooming,107708,107508,107708,200
sniffing,107921,107708,107921,213
trotting,107949,107921,107949,28
sniffing,108000,107949,108000,51
