revised_movement_label,segBoundary,segBoundary_start,segBoundary_end,length
trotting,54,0,54,54
running,78,54,78,24
walking,79,78,79,1
rising,98,79,98,19
sniffing,151,98,151,53
trotting,181,151,181,30
sniffing,191,181,191,10
climbing,222,191,222,31
walking,235,222,235,13
sniffing,308,235,308,73
walking,329,308,329,21
right_turning,371,329,371,42
walking,385,371,385,14
trotting,425,385,425,40
walking,426,425,426,1
sniffing,588,426,588,162
hunching,620,588,620,32
climbing,651,620,651,31
sniffing,652,651,652,1
walking,708,652,708,56
rising,716,708,716,8
stepping,806,716,806,90
sniffing,832,806,832,26
climbing,850,832,850,18
trotting,898,850,898,48
left_turning,909,898,909,11
trotting,968,909,968,59
walking,985,968,985,17
right_turning,1068,985,1068,83
walking,1081,1068,1081,13
running,1091,1081,1091,10
stepping,1150,1091,1150,59
walking,1227,1150,1227,77
right_turning,1282,1227,1282,55
walking,1311,1282,1311,29
stepping,1362,1311,1362,51
running,1384,1362,1384,22
left_turning,1386,1384,1386,2
rising,1429,1386,1429,43
climbing,1477,1429,1477,48
rising,1532,1477,1532,55
rearing,1567,1532,1567,35
climbing,1619,1567,1619,52
sniffing,1620,1619,1620,1
climbing,1647,1620,1647,27
running,1675,1647,1675,28
sniffing,1766,1675,1766,91
walking,1869,1766,1869,103
running,1910,1869,1910,41
sniffing,2008,1910,2008,98
climbing,2035,2008,2035,27
rearing,2085,2035,2085,50
rising,2174,2085,2174,89
right_turning,2211,2174,2211,37
walking,2301,2211,2301,90
stepping,2335,2301,2335,34
running,2356,2335,2356,21
walking,2412,2356,2412,56
running,2430,2412,2430,18
right_turning,2438,2430,2438,8
walking,2547,2438,2547,109
trotting,2556,2547,2556,9
walking,2605,2556,2605,49
stepping,2660,2605,2660,55
left_turning,2806,2660,2806,146
stepping,2838,2806,2838,32
right_turning,2839,2838,2839,1
stepping,2891,2839,2891,52
sniffing,2892,2891,2892,1
walking,2905,2892,2905,13
rising,2924,2905,2924,19
climbing,2941,2924,2941,17
stepping,3005,2941,3005,64
climbing,3034,3005,3034,29
rising,3068,3034,3068,34
climbing,3084,3068,3084,16
stepping,3121,3084,3121,37
trotting,3122,3121,3122,1
sniffing,3197,3122,3197,75
rising,3220,3197,3220,23
walking,3221,3220,3221,1
sniffing,3248,3221,3248,27
walking,3318,3248,3318,70
climbing,3358,3318,3358,40
rising,3451,3358,3451,93
climbing,3523,3451,3523,72
rising,3585,3523,3585,62
grooming,3682,3585,3682,97
right_turning,3718,3682,3718,36
walking,3776,3718,3776,58
climbing,3777,3776,3777,1
sniffing,3874,3777,3874,97
trotting,3925,3874,3925,51
sniffing,3930,3925,3930,5
rising,3931,3930,3931,1
climbing,3970,3931,3970,39
sniffing,4026,3970,4026,56
walking,4098,4026,4098,72
climbing,4158,4098,4158,60
sniffing,4192,4158,4192,34
climbing,4244,4192,4244,52
left_turning,4313,4244,4313,69
sniffing,4422,4313,4422,109
trotting,4447,4422,4447,25
sniffing,4505,4447,4505,58
left_turning,4529,4505,4529,24
rising,4598,4529,4598,69
rearing,4693,4598,4693,95
rising,4696,4693,4696,3
climbing,4763,4696,4763,67
walking,4797,4763,4797,34
climbing,4887,4797,4887,90
rising,4971,4887,4971,84
rearing,4972,4971,4972,1
grooming,4973,4972,4973,1
sniffing,4974,4973,4974,1
rising,4999,4974,4999,25
climbing,5061,4999,5061,62
walking,5183,5061,5183,122
trotting,5202,5183,5202,19
walking,5223,5202,5223,21
trotting,5298,5223,5298,75
left_turning,5355,5298,5355,57
sniffing,5361,5355,5361,6
walking,5388,5361,5388,27
sniffing,5430,5388,5430,42
rising,5481,5430,5481,51
climbing,5487,5481,5487,6
sniffing,5488,5487,5488,1
walking,5510,5488,5510,22
sniffing,5511,5510,5511,1
running,5517,5511,5517,6
rising,5586,5517,5586,69
climbing,5626,5586,5626,40
trotting,5648,5626,5648,22
running,5677,5648,5677,29
sniffing,5737,5677,5737,60
right_turning,5778,5737,5778,41
sniffing,5822,5778,5822,44
rising,5905,5822,5905,83
climbing,5941,5905,5941,36
right_turning,6020,5941,6020,79
trotting,6046,6020,6046,26
right_turning,6077,6046,6077,31
sniffing,6138,6077,6138,61
walking,6189,6138,6189,51
sniffing,6190,6189,6190,1
trotting,6208,6190,6208,18
walking,6239,6208,6239,31
sniffing,6307,6239,6307,68
stepping,6344,6307,6344,37
rising,6362,6344,6362,18
sniffing,6363,6362,6363,1
climbing,6526,6363,6526,163
sniffing,6570,6526,6570,44
trotting,6591,6570,6591,21
walking,6625,6591,6625,34
climbing,6678,6625,6678,53
sniffing,6822,6678,6822,144
left_turning,6838,6822,6838,16
trotting,6855,6838,6855,17
walking,7010,6855,7010,155
rising,7027,7010,7027,17
walking,7058,7027,7058,31
climbing,7151,7058,7151,93
right_turning,7152,7151,7152,1
sniffing,7198,7152,7198,46
rising,7212,7198,7212,14
climbing,7240,7212,7240,28
sniffing,7260,7240,7260,20
walking,7295,7260,7295,35
climbing,7426,7295,7426,131
left_turning,7453,7426,7453,27
trotting,7488,7453,7488,35
walking,7579,7488,7579,91
sniffing,7602,7579,7602,23
left_turning,7638,7602,7638,36
running,7655,7638,7655,17
walking,7728,7655,7728,73
sniffing,7755,7728,7755,27
climbing,7869,7755,7869,114
rising,7878,7869,7878,9
climbing,7948,7878,7948,70
rising,7989,7948,7989,41
sniffing,8109,7989,8109,120
rearing,8170,8109,8170,61
sniffing,8221,8170,8221,51
trotting,8230,8221,8230,9
rising,8256,8230,8256,26
walking,8315,8256,8315,59
sniffing,8317,8315,8317,2
climbing,8393,8317,8393,76
sniffing,8445,8393,8445,52
walking,8505,8445,8505,60
climbing,8534,8505,8534,29
walking,8616,8534,8616,82
stepping,8638,8616,8638,22
left_turning,8673,8638,8673,35
walking,8690,8673,8690,17
stepping,8741,8690,8741,51
walking,8807,8741,8807,66
rising,8849,8807,8849,42
climbing,8908,8849,8908,59
right_turning,8925,8908,8925,17
trotting,8944,8925,8944,19
walking,8993,8944,8993,49
sniffing,9037,8993,9037,44
rising,9083,9037,9083,46
sniffing,9084,9083,9084,1
grooming,9185,9084,9185,101
rising,9201,9185,9201,16
hunching,9253,9201,9253,52
right_turning,9257,9253,9257,4
walking,9258,9257,9258,1
sniffing,9336,9258,9336,78
rising,9365,9336,9365,29
climbing,9403,9365,9403,38
sniffing,9494,9403,9494,91
climbing,9540,9494,9540,46
walking,9556,9540,9556,16
sniffing,9579,9556,9579,23
walking,9582,9579,9582,3
hunching,9597,9582,9597,15
grooming,9707,9597,9707,110
rearing,9862,9707,9862,155
rising,9897,9862,9897,35
hunching,9924,9897,9924,27
climbing,9977,9924,9977,53
running,10009,9977,10009,32
climbing,10041,10009,10041,32
sniffing,10106,10041,10106,65
stepping,10126,10106,10126,20
right_turning,10127,10126,10127,1
left_turning,10136,10127,10136,9
sniffing,10137,10136,10137,1
grooming,10440,10137,10440,303
rearing,10485,10440,10485,45
grooming,10486,10485,10486,1
right_turning,10527,10486,10527,41
trotting,10563,10527,10563,36
stepping,10627,10563,10627,64
walking,10644,10627,10644,17
sniffing,10755,10644,10755,111
climbing,10820,10755,10820,65
sniffing,10821,10820,10821,1
rising,10859,10821,10859,38
climbing,10885,10859,10885,26
running,10910,10885,10910,25
trotting,10936,10910,10936,26
walking,11025,10936,11025,89
hunching,11058,11025,11058,33
sniffing,11087,11058,11087,29
rising,11105,11087,11105,18
climbing,11106,11105,11106,1
sniffing,11124,11106,11124,18
right_turning,11140,11124,11140,16
climbing,11176,11140,11176,36
sniffing,11226,11176,11226,50
rising,11250,11226,11250,24
sniffing,11319,11250,11319,69
rising,11380,11319,11380,61
walking,11381,11380,11381,1
left_turning,11403,11381,11403,22
sniffing,11404,11403,11404,1
rising,11470,11404,11470,66
sniffing,11510,11470,11510,40
climbing,11563,11510,11563,53
right_turning,11596,11563,11596,33
walking,11626,11596,11626,30
rising,11670,11626,11670,44
rearing,11726,11670,11726,56
left_turning,11737,11726,11737,11
sniffing,11792,11737,11792,55
walking,11832,11792,11832,40
stepping,11871,11832,11871,39
hunching,11890,11871,11890,19
climbing,11944,11890,11944,54
walking,11945,11944,11945,1
rising,11979,11945,11979,34
sniffing,11980,11979,11980,1
left_turning,11986,11980,11986,6
running,12013,11986,12013,27
sniffing,12014,12013,12014,1
right_turning,12015,12014,12015,1
walking,12016,12015,12016,1
sniffing,12098,12016,12098,82
rising,12099,12098,12099,1
left_turning,12100,12099,12100,1
stepping,12108,12100,12108,8
climbing,12160,12108,12160,52
rising,12171,12160,12171,11
sniffing,12203,12171,12203,32
rising,12204,12203,12204,1
rearing,12245,12204,12245,41
climbing,12248,12245,12248,3
sniffing,12249,12248,12249,1
walking,12333,12249,12333,84
sniffing,12334,12333,12334,1
climbing,12417,12334,12417,83
sniffing,12499,12417,12499,82
trotting,12549,12499,12549,50
sniffing,12648,12549,12648,99
climbing,12680,12648,12680,32
walking,12736,12680,12736,56
climbing,12766,12736,12766,30
right_turning,12793,12766,12793,27
walking,12844,12793,12844,51
rising,12875,12844,12875,31
sniffing,12931,12875,12931,56
climbing,12986,12931,12986,55
sniffing,12987,12986,12987,1
rising,13030,12987,13030,43
right_turning,13081,13030,13081,51
walking,13116,13081,13116,35
stepping,13139,13116,13139,23
right_turning,13161,13139,13161,22
running,13188,13161,13188,27
rising,13246,13188,13246,58
sniffing,13270,13246,13270,24
left_turning,13329,13270,13329,59
sniffing,13366,13329,13366,37
climbing,13508,13366,13508,142
rising,13543,13508,13543,35
sniffing,13669,13543,13669,126
running,13681,13669,13681,12
right_turning,13735,13681,13735,54
walking,13736,13735,13736,1
trotting,13777,13736,13777,41
walking,13834,13777,13834,57
sniffing,13903,13834,13903,69
right_turning,13979,13903,13979,76
walking,14016,13979,14016,37
rearing,14054,14016,14054,38
right_turning,14084,14054,14084,30
stepping,14130,14084,14130,46
climbing,14315,14130,14315,185
rearing,14419,14315,14419,104
rising,14420,14419,14420,1
sniffing,14463,14420,14463,43
walking,14525,14463,14525,62
climbing,14576,14525,14576,51
trotting,14620,14576,14620,44
sniffing,14647,14620,14647,27
left_turning,14784,14647,14784,137
sniffing,14785,14784,14785,1
walking,14821,14785,14821,36
sniffing,14822,14821,14822,1
stepping,14873,14822,14873,51
walking,14880,14873,14880,7
left_turning,14921,14880,14921,41
sniffing,15044,14921,15044,123
stepping,15063,15044,15063,19
climbing,15086,15063,15086,23
right_turning,15124,15086,15124,38
rising,15181,15124,15181,57
sniffing,15186,15181,15186,5
rising,15220,15186,15220,34
climbing,15226,15220,15226,6
walking,15300,15226,15300,74
rising,15348,15300,15348,48
sniffing,15375,15348,15375,27
rising,15465,15375,15465,90
left_turning,15466,15465,15466,1
walking,15504,15466,15504,38
right_turning,15521,15504,15521,17
walking,15553,15521,15553,32
left_turning,15581,15553,15581,28
walking,15616,15581,15616,35
left_turning,15642,15616,15642,26
stepping,15700,15642,15700,58
left_turning,15771,15700,15771,71
sniffing,15794,15771,15794,23
walking,15795,15794,15795,1
rising,15833,15795,15833,38
sniffing,15963,15833,15963,130
grooming,16029,15963,16029,66
right_turning,16030,16029,16030,1
walking,16083,16030,16083,53
sniffing,16151,16083,16151,68
rising,16176,16151,16176,25
climbing,16237,16176,16237,61
trotting,16280,16237,16280,43
sniffing,16281,16280,16281,1
rising,16322,16281,16322,41
right_turning,16388,16322,16388,66
stepping,16431,16388,16431,43
sniffing,16517,16431,16517,86
left_turning,16538,16517,16538,21
stepping,16597,16538,16597,59
left_turning,16676,16597,16676,79
sniffing,16809,16676,16809,133
left_turning,16810,16809,16810,1
sniffing,16853,16810,16853,43
walking,16901,16853,16901,48
running,16926,16901,16926,25
sniffing,16948,16926,16948,22
rising,16950,16948,16950,2
stepping,16952,16950,16952,2
sniffing,17036,16952,17036,84
right_turning,17037,17036,17037,1
running,17094,17037,17094,57
sniffing,17095,17094,17095,1
climbing,17165,17095,17165,70
rising,17198,17165,17198,33
climbing,17217,17198,17217,19
sniffing,17274,17217,17274,57
trotting,17311,17274,17311,37
stepping,17365,17311,17365,54
walking,17408,17365,17408,43
sniffing,17506,17408,17506,98
left_turning,17507,17506,17507,1
sniffing,17555,17507,17555,48
climbing,17617,17555,17617,62
walking,17618,17617,17618,1
climbing,17709,17618,17709,91
walking,17712,17709,17712,3
left_turning,17773,17712,17773,61
sniffing,17856,17773,17856,83
climbing,17857,17856,17857,1
left_turning,17884,17857,17884,27
sniffing,17896,17884,17896,12
left_turning,17910,17896,17910,14
rising,17950,17910,17950,40
sniffing,17951,17950,17951,1
walking,17952,17951,17952,1
sniffing,18041,17952,18041,89
rising,18047,18041,18047,6
walking,18068,18047,18068,21
sniffing,18108,18068,18108,40
running,18138,18108,18138,30
left_turning,18199,18138,18199,61
right_turning,18213,18199,18213,14
running,18257,18213,18257,44
stepping,18286,18257,18286,29
walking,18287,18286,18287,1
stepping,18297,18287,18297,10
walking,18298,18297,18298,1
trotting,18349,18298,18349,51
walking,18356,18349,18356,7
rearing,18368,18356,18368,12
grooming,18369,18368,18369,1
walking,18417,18369,18417,48
sniffing,18460,18417,18460,43
rising,18461,18460,18461,1
walking,18472,18461,18472,11
rising,18473,18472,18473,1
sniffing,18615,18473,18615,142
climbing,18616,18615,18616,1
sniffing,18617,18616,18617,1
rearing,18618,18617,18618,1
sniffing,18703,18618,18703,85
stepping,18734,18703,18734,31
rising,18740,18734,18740,6
climbing,18765,18740,18765,25
right_turning,18766,18765,18766,1
sniffing,18817,18766,18817,51
right_turning,18849,18817,18849,32
climbing,18933,18849,18933,84
rearing,19021,18933,19021,88
sniffing,19022,19021,19022,1
climbing,19134,19022,19134,112
stepping,19206,19134,19206,72
sniffing,19354,19206,19354,148
left_turning,19405,19354,19405,51
trotting,19459,19405,19459,54
left_turning,19513,19459,19513,54
walking,19539,19513,19539,26
sniffing,19613,19539,19613,74
left_turning,19649,19613,19649,36
rising,19650,19649,19650,1
sniffing,19783,19650,19783,133
walking,19802,19783,19802,19
rising,19834,19802,19834,32
sniffing,19864,19834,19864,30
walking,19917,19864,19917,53
sniffing,20030,19917,20030,113
trotting,20059,20030,20059,29
walking,20076,20059,20076,17
left_turning,20106,20076,20106,30
walking,20145,20106,20145,39
climbing,20146,20145,20146,1
trotting,20160,20146,20160,14
walking,20173,20160,20173,13
rising,20324,20173,20324,151
climbing,20333,20324,20333,9
sniffing,20334,20333,20334,1
walking,20401,20334,20401,67
left_turning,20435,20401,20435,34
sniffing,20517,20435,20517,82
walking,20534,20517,20534,17
sniffing,20552,20534,20552,18
walking,20603,20552,20603,51
climbing,20754,20603,20754,151
rising,20814,20754,20814,60
climbing,20919,20814,20919,105
walking,21006,20919,21006,87
climbing,21051,21006,21051,45
right_turning,21132,21051,21132,81
trotting,21146,21132,21146,14
left_turning,21147,21146,21147,1
trotting,21184,21147,21184,37
sniffing,21368,21184,21368,184
walking,21390,21368,21390,22
sniffing,21398,21390,21398,8
left_turning,21475,21398,21475,77
sniffing,21476,21475,21476,1
rearing,21477,21476,21477,1
grooming,21642,21477,21642,165
right_turning,21662,21642,21662,20
sniffing,21751,21662,21751,89
right_turning,21776,21751,21776,25
walking,21796,21776,21796,20
left_turning,21797,21796,21797,1
sniffing,21851,21797,21851,54
trotting,21879,21851,21879,28
sniffing,21995,21879,21995,116
rising,22008,21995,22008,13
sniffing,22107,22008,22107,99
hunching,22110,22107,22110,3
rising,22180,22110,22180,70
rearing,22228,22180,22228,48
stepping,22289,22228,22289,61
rising,22340,22289,22340,51
sniffing,22341,22340,22341,1
rising,22368,22341,22368,27
climbing,22431,22368,22431,63
rising,22506,22431,22506,75
sniffing,22541,22506,22541,35
walking,22584,22541,22584,43
sniffing,22743,22584,22743,159
walking,22777,22743,22777,34
sniffing,22839,22777,22839,62
rising,22862,22839,22862,23
climbing,22974,22862,22974,112
running,23003,22974,23003,29
sniffing,23149,23003,23149,146
walking,23164,23149,23164,15
left_turning,23217,23164,23217,53
walking,23218,23217,23218,1
rising,23279,23218,23279,61
climbing,23375,23279,23375,96
rearing,23376,23375,23376,1
rising,23377,23376,23377,1
sniffing,23478,23377,23478,101
walking,23550,23478,23550,72
sniffing,23636,23550,23636,86
climbing,23704,23636,23704,68
rearing,23795,23704,23795,91
hunching,23830,23795,23830,35
sniffing,23847,23830,23847,17
right_turning,23913,23847,23913,66
sniffing,24049,23913,24049,136
grooming,24199,24049,24199,150
climbing,24202,24199,24202,3
sniffing,24231,24202,24231,29
walking,24244,24231,24244,13
rearing,24270,24244,24270,26
sniffing,24271,24270,24271,1
walking,24307,24271,24307,36
climbing,24362,24307,24362,55
rearing,24409,24362,24409,47
grooming,24712,24409,24712,303
rising,24728,24712,24728,16
climbing,24729,24728,24729,1
right_turning,24746,24729,24746,17
sniffing,24802,24746,24802,56
climbing,24837,24802,24837,35
sniffing,24872,24837,24872,35
left_turning,24919,24872,24919,47
trotting,24954,24919,24954,35
right_turning,24955,24954,24955,1
rising,25025,24955,25025,70
climbing,25095,25025,25095,70
sniffing,25268,25095,25268,173
rising,25309,25268,25309,41
hunching,25342,25309,25342,33
sniffing,25373,25342,25373,31
grooming,25504,25373,25504,131
rearing,25525,25504,25525,21
climbing,25589,25525,25589,64
sniffing,25629,25589,25629,40
left_turning,25725,25629,25725,96
walking,25774,25725,25774,49
stepping,25802,25774,25802,28
sniffing,25886,25802,25886,84
rearing,25902,25886,25902,16
sniffing,25963,25902,25963,61
climbing,26044,25963,26044,81
rising,26062,26044,26062,18
climbing,26083,26062,26083,21
walking,26086,26083,26086,3
sniffing,26096,26086,26096,10
left_turning,26113,26096,26113,17
sniffing,26125,26113,26125,12
rising,26148,26125,26148,23
climbing,26149,26148,26149,1
sniffing,26240,26149,26240,91
left_turning,26257,26240,26257,17
trotting,26298,26257,26298,41
rising,26299,26298,26299,1
sniffing,26315,26299,26315,16
walking,26323,26315,26323,8
sniffing,26324,26323,26324,1
walking,26325,26324,26325,1
sniffing,26379,26325,26379,54
grooming,26433,26379,26433,54
climbing,26473,26433,26473,40
sniffing,26565,26473,26565,92
running,26623,26565,26623,58
sniffing,26729,26623,26729,106
walking,26769,26729,26769,40
left_turning,26781,26769,26781,12
walking,26860,26781,26860,79
sniffing,26861,26860,26861,1
rearing,26878,26861,26878,17
sniffing,26990,26878,26990,112
rising,27021,26990,27021,31
sniffing,27136,27021,27136,115
climbing,27232,27136,27232,96
sniffing,27353,27232,27353,121
running,27354,27353,27354,1
trotting,27397,27354,27397,43
rising,27398,27397,27398,1
walking,27433,27398,27433,35
sniffing,27434,27433,27434,1
left_turning,27435,27434,27435,1
rising,27472,27435,27472,37
hunching,27503,27472,27503,31
climbing,27543,27503,27543,40
sniffing,27706,27543,27706,163
rising,27790,27706,27790,84
sniffing,27926,27790,27926,136
rising,27967,27926,27967,41
sniffing,28084,27967,28084,117
rising,28161,28084,28161,77
rearing,28174,28161,28174,13
climbing,28248,28174,28248,74
sniffing,28377,28248,28377,129
left_turning,28400,28377,28400,23
sniffing,28434,28400,28434,34
climbing,28490,28434,28490,56
walking,28517,28490,28517,27
rising,28559,28517,28559,42
sniffing,28594,28559,28594,35
climbing,28600,28594,28600,6
rearing,28722,28600,28722,122
rising,28760,28722,28760,38
rearing,28831,28760,28831,71
rising,28877,28831,28877,46
climbing,28915,28877,28915,38
trotting,28976,28915,28976,61
rising,28994,28976,28994,18
climbing,29014,28994,29014,20
trotting,29056,29014,29056,42
left_turning,29085,29056,29085,29
sniffing,29221,29085,29221,136
walking,29280,29221,29280,59
climbing,29330,29280,29330,50
rising,29360,29330,29360,30
walking,29387,29360,29387,27
trotting,29393,29387,29393,6
left_turning,29464,29393,29464,71
sniffing,29528,29464,29528,64
climbing,29560,29528,29560,32
walking,29561,29560,29561,1
left_turning,29562,29561,29562,1
sniffing,29715,29562,29715,153
rising,29771,29715,29771,56
sniffing,29807,29771,29807,36
walking,29810,29807,29810,3
right_turning,29828,29810,29828,18
left_turning,29857,29828,29857,29
sniffing,29984,29857,29984,127
walking,30019,29984,30019,35
climbing,30020,30019,30020,1
right_turning,30047,30020,30047,27
trotting,30078,30047,30078,31
left_turning,30126,30078,30126,48
sniffing,30301,30126,30301,175
pausing,30476,30301,30476,175
sniffing,30528,30476,30528,52
left_turning,30578,30528,30578,50
sniffing,30709,30578,30709,131
trotting,30739,30709,30739,30
sniffing,30900,30739,30900,161
rising,30936,30900,30936,36
sniffing,30937,30936,30937,1
climbing,31005,30937,31005,68
rising,31015,31005,31015,10
hunching,31024,31015,31024,9
right_turning,31074,31024,31074,50
running,31083,31074,31083,9
walking,31093,31083,31093,10
sniffing,31164,31093,31164,71
walking,31165,31164,31165,1
climbing,31235,31165,31235,70
sniffing,31255,31235,31255,20
walking,31334,31255,31334,79
sniffing,31434,31334,31434,100
rising,31435,31434,31435,1
climbing,31541,31435,31541,106
right_turning,31561,31541,31561,20
walking,31616,31561,31616,55
running,31636,31616,31636,20
sniffing,31637,31636,31637,1
rearing,31653,31637,31653,16
rising,31720,31653,31720,67
climbing,31783,31720,31783,63
rising,31819,31783,31819,36
sniffing,31938,31819,31938,119
right_turning,31985,31938,31985,47
rising,31998,31985,31998,13
climbing,31999,31998,31999,1
rising,32032,31999,32032,33
climbing,32130,32032,32130,98
walking,32165,32130,32165,35
rising,32206,32165,32206,41
grooming,32379,32206,32379,173
sniffing,32441,32379,32441,62
climbing,32514,32441,32514,73
walking,32563,32514,32563,49
rising,32587,32563,32587,24
left_turning,32634,32587,32634,47
walking,32731,32634,32731,97
sniffing,32732,32731,32732,1
rising,32794,32732,32794,62
climbing,32885,32794,32885,91
walking,32942,32885,32942,57
right_turning,32943,32942,32943,1
stepping,33010,32943,33010,67
rising,33011,33010,33011,1
sniffing,33021,33011,33021,10
climbing,33065,33021,33065,44
walking,33090,33065,33090,25
left_turning,33120,33090,33120,30
trotting,33164,33120,33164,44
sniffing,33258,33164,33258,94
right_turning,33281,33258,33281,23
trotting,33311,33281,33311,30
climbing,33354,33311,33354,43
right_turning,33355,33354,33355,1
walking,33446,33355,33446,91
sniffing,33531,33446,33531,85
walking,33532,33531,33532,1
trotting,33589,33532,33589,57
left_turning,33598,33589,33598,9
running,33612,33598,33612,14
walking,33664,33612,33664,52
left_turning,33741,33664,33741,77
sniffing,33795,33741,33795,54
walking,33796,33795,33796,1
trotting,33868,33796,33868,72
climbing,33869,33868,33869,1
walking,33880,33869,33880,11
sniffing,33966,33880,33966,86
climbing,34050,33966,34050,84
running,34069,34050,34069,19
walking,34104,34069,34104,35
rearing,34105,34104,34105,1
walking,34145,34105,34145,40
sniffing,34316,34145,34316,171
climbing,34322,34316,34322,6
rising,34359,34322,34359,37
hunching,34380,34359,34380,21
sniffing,34441,34380,34441,61
walking,34450,34441,34450,9
stepping,34497,34450,34497,47
rising,34514,34497,34514,17
sniffing,34521,34514,34521,7
grooming,34649,34521,34649,128
climbing,34768,34649,34768,119
rising,34814,34768,34814,46
climbing,34898,34814,34898,84
right_turning,34910,34898,34910,12
trotting,34956,34910,34956,46
rising,34997,34956,34997,41
trotting,35057,34997,35057,60
sniffing,35162,35057,35162,105
climbing,35206,35162,35206,44
stepping,35251,35206,35251,45
rearing,35393,35251,35393,142
climbing,35398,35393,35398,5
rearing,35470,35398,35470,72
rising,35538,35470,35538,68
climbing,35635,35538,35635,97
rearing,35636,35635,35636,1
hunching,35637,35636,35637,1
climbing,35678,35637,35678,41
walking,35739,35678,35739,61
climbing,35748,35739,35748,9
right_turning,35758,35748,35758,10
left_turning,35849,35758,35849,91
walking,35850,35849,35850,1
climbing,35914,35850,35914,64
rising,35923,35914,35923,9
sniffing,36004,35923,36004,81
stepping,36016,36004,36016,12
walking,36064,36016,36064,48
sniffing,36097,36064,36097,33
rising,36098,36097,36098,1
climbing,36118,36098,36118,20
right_turning,36131,36118,36131,13
trotting,36157,36131,36157,26
walking,36196,36157,36196,39
left_turning,36277,36196,36277,81
sniffing,36478,36277,36478,201
running,36531,36478,36531,53
sniffing,36532,36531,36532,1
rising,36583,36532,36583,51
climbing,36655,36583,36655,72
left_turning,36694,36655,36694,39
walking,36713,36694,36713,19
left_turning,36762,36713,36762,49
sniffing,36828,36762,36828,66
running,36859,36828,36859,31
sniffing,36938,36859,36938,79
walking,37010,36938,37010,72
sniffing,37068,37010,37068,58
walking,37110,37068,37110,42
sniffing,37111,37110,37111,1
rising,37163,37111,37163,52
running,37205,37163,37205,42
sniffing,37206,37205,37206,1
running,37222,37206,37222,16
walking,37223,37222,37223,1
sniffing,37378,37223,37378,155
rising,37437,37378,37437,59
climbing,37476,37437,37476,39
rising,37526,37476,37526,50
sniffing,37600,37526,37600,74
rising,37606,37600,37606,6
climbing,37607,37606,37607,1
sniffing,37739,37607,37739,132
climbing,37741,37739,37741,2
walking,37764,37741,37764,23
sniffing,37778,37764,37778,14
climbing,37779,37778,37779,1
right_turning,37828,37779,37828,49
sniffing,37912,37828,37912,84
rising,37992,37912,37992,80
left_turning,38051,37992,38051,59
rising,38052,38051,38052,1
rearing,38053,38052,38053,1
right_turning,38073,38053,38073,20
walking,38086,38073,38086,13
sniffing,38124,38086,38124,38
rising,38139,38124,38139,15
climbing,38225,38139,38225,86
rearing,38274,38225,38274,49
climbing,38277,38274,38277,3
rising,38316,38277,38316,39
climbing,38344,38316,38344,28
running,38345,38344,38345,1
left_turning,38404,38345,38404,59
walking,38489,38404,38489,85
sniffing,38490,38489,38490,1
rising,38525,38490,38525,35
rearing,38550,38525,38550,25
hunching,38637,38550,38637,87
climbing,38731,38637,38731,94
walking,38742,38731,38742,11
sniffing,38874,38742,38874,132
left_turning,38885,38874,38885,11
trotting,38895,38885,38895,10
running,38925,38895,38925,30
sniffing,39102,38925,39102,177
right_turning,39155,39102,39155,53
climbing,39162,39155,39162,7
right_turning,39182,39162,39182,20
walking,39262,39182,39262,80
climbing,39263,39262,39263,1
rising,39291,39263,39291,28
climbing,39369,39291,39369,78
walking,39390,39369,39390,21
rising,39391,39390,39391,1
climbing,39454,39391,39454,63
sniffing,39594,39454,39594,140
stepping,39643,39594,39643,49
rearing,39644,39643,39644,1
walking,39681,39644,39681,37
sniffing,39761,39681,39761,80
climbing,39838,39761,39838,77
walking,39859,39838,39859,21
hunching,39865,39859,39865,6
sniffing,39933,39865,39933,68
climbing,40005,39933,40005,72
rearing,40039,40005,40039,34
sniffing,40057,40039,40057,18
stepping,40078,40057,40078,21
walking,40134,40078,40134,56
rising,40138,40134,40138,4
climbing,40168,40138,40168,30
rising,40240,40168,40240,72
climbing,40344,40240,40344,104
rising,40358,40344,40358,14
climbing,40448,40358,40448,90
right_turning,40492,40448,40492,44
trotting,40535,40492,40535,43
walking,40562,40535,40562,27
left_turning,40563,40562,40563,1
sniffing,40621,40563,40621,58
rearing,40622,40621,40622,1
sniffing,40731,40622,40731,109
rising,40803,40731,40803,72
climbing,40807,40803,40807,4
walking,40845,40807,40845,38
rising,40926,40845,40926,81
climbing,40949,40926,40949,23
walking,40969,40949,40969,20
climbing,41004,40969,41004,35
walking,41064,41004,41064,60
left_turning,41134,41064,41134,70
walking,41135,41134,41135,1
rising,41137,41135,41137,2
sniffing,41187,41137,41187,50
walking,41241,41187,41241,54
left_turning,41260,41241,41260,19
trotting,41287,41260,41287,27
sniffing,41377,41287,41377,90
climbing,41449,41377,41449,72
walking,41469,41449,41469,20
trotting,41504,41469,41504,35
sniffing,41591,41504,41591,87
rising,41639,41591,41639,48
sniffing,41742,41639,41742,103
walking,41791,41742,41791,49
sniffing,41803,41791,41803,12
right_turning,41836,41803,41836,33
trotting,41849,41836,41849,13
running,41865,41849,41865,16
sniffing,41866,41865,41866,1
walking,41867,41866,41867,1
rearing,41933,41867,41933,66
climbing,42008,41933,42008,75
right_turning,42054,42008,42054,46
walking,42134,42054,42134,80
climbing,42144,42134,42144,10
rising,42147,42144,42147,3
walking,42224,42147,42224,77
sniffing,42271,42224,42271,47
rising,42326,42271,42326,55
rearing,42433,42326,42433,107
walking,42471,42433,42471,38
left_turning,42478,42471,42478,7
stepping,42533,42478,42533,55
rearing,42640,42533,42640,107
walking,42658,42640,42658,18
sniffing,42703,42658,42703,45
running,42721,42703,42721,18
walking,42764,42721,42764,43
climbing,42852,42764,42852,88
right_turning,42868,42852,42868,16
sniffing,42885,42868,42885,17
rearing,42942,42885,42942,57
grooming,43058,42942,43058,116
sniffing,43061,43058,43061,3
climbing,43062,43061,43062,1
trotting,43097,43062,43097,35
sniffing,43104,43097,43104,7
walking,43129,43104,43129,25
stepping,43173,43129,43173,44
rearing,43174,43173,43174,1
climbing,43308,43174,43308,134
rearing,43309,43308,43309,1
sniffing,43398,43309,43398,89
rising,43399,43398,43399,1
sniffing,43489,43399,43489,90
hunching,43538,43489,43538,49
sniffing,43581,43538,43581,43
climbing,43702,43581,43702,121
walking,43816,43702,43816,114
climbing,43871,43816,43871,55
sniffing,43872,43871,43872,1
grooming,43873,43872,43873,1
hunching,43925,43873,43925,52
grooming,43926,43925,43926,1
rearing,43973,43926,43973,47
climbing,44140,43973,44140,167
right_turning,44181,44140,44181,41
walking,44228,44181,44228,47
sniffing,44411,44228,44411,183
walking,44489,44411,44489,78
sniffing,44615,44489,44615,126
rising,44670,44615,44670,55
climbing,44762,44670,44762,92
hunching,44763,44762,44763,1
right_turning,44776,44763,44776,13
trotting,44842,44776,44842,66
walking,44848,44842,44848,6
grooming,44929,44848,44929,81
sniffing,45030,44929,45030,101
stepping,45080,45030,45080,50
trotting,45091,45080,45091,11
sniffing,45197,45091,45197,106
walking,45237,45197,45237,40
sniffing,45374,45237,45374,137
left_turning,45433,45374,45433,59
rising,45490,45433,45490,57
climbing,45532,45490,45532,42
walking,45569,45532,45569,37
trotting,45599,45569,45599,30
walking,45600,45599,45600,1
rising,45601,45600,45601,1
rearing,45625,45601,45625,24
grooming,45708,45625,45708,83
sniffing,45755,45708,45755,47
trotting,45783,45755,45783,28
sniffing,45827,45783,45827,44
right_turning,45864,45827,45864,37
sniffing,45896,45864,45896,32
left_turning,45956,45896,45956,60
sniffing,45957,45956,45957,1
grooming,46163,45957,46163,206
rearing,46253,46163,46253,90
climbing,46269,46253,46269,16
rearing,46278,46269,46278,9
sniffing,46324,46278,46324,46
trotting,46420,46324,46420,96
walking,46469,46420,46469,49
sniffing,46470,46469,46470,1
right_turning,46477,46470,46477,7
stepping,46501,46477,46501,24
left_turning,46523,46501,46523,22
trotting,46559,46523,46559,36
rising,46609,46559,46609,50
sniffing,46720,46609,46720,111
left_turning,46780,46720,46780,60
walking,46833,46780,46833,53
sniffing,46927,46833,46927,94
trotting,46960,46927,46960,33
walking,47041,46960,47041,81
rising,47063,47041,47063,22
climbing,47098,47063,47098,35
left_turning,47107,47098,47107,9
sniffing,47108,47107,47108,1
walking,47109,47108,47109,1
left_turning,47114,47109,47114,5
sniffing,47115,47114,47115,1
left_turning,47150,47115,47150,35
walking,47203,47150,47203,53
stepping,47213,47203,47213,10
sniffing,47320,47213,47320,107
climbing,47321,47320,47321,1
walking,47322,47321,47322,1
rising,47352,47322,47352,30
sniffing,47393,47352,47393,41
left_turning,47449,47393,47449,56
sniffing,47465,47449,47465,16
rising,47529,47465,47529,64
sniffing,47555,47529,47555,26
rising,47570,47555,47570,15
right_turning,47588,47570,47588,18
walking,47603,47588,47603,15
climbing,47604,47603,47604,1
sniffing,47655,47604,47655,51
rising,47712,47655,47712,57
sniffing,47798,47712,47798,86
walking,47920,47798,47920,122
climbing,47996,47920,47996,76
walking,48052,47996,48052,56
trotting,48062,48052,48062,10
sniffing,48070,48062,48070,8
rearing,48120,48070,48120,50
stepping,48170,48120,48170,50
trotting,48212,48170,48212,42
rising,48228,48212,48228,16
climbing,48229,48228,48229,1
rising,48230,48229,48230,1
sniffing,48231,48230,48231,1
walking,48232,48231,48232,1
climbing,48331,48232,48331,99
sniffing,48420,48331,48420,89
rising,48424,48420,48424,4
left_turning,48455,48424,48455,31
walking,48533,48455,48533,78
sniffing,48638,48533,48638,105
rising,48669,48638,48669,31
sniffing,48730,48669,48730,61
stepping,48731,48730,48731,1
right_turning,48750,48731,48750,19
rising,48751,48750,48751,1
right_turning,48783,48751,48783,32
walking,48838,48783,48838,55
jumping,49008,48838,49008,170
sniffing,49069,49008,49069,61
climbing,49165,49069,49165,96
rising,49275,49165,49275,110
walking,49317,49275,49317,42
left_turning,49376,49317,49376,59
trotting,49415,49376,49415,39
sniffing,49416,49415,49416,1
walking,49442,49416,49442,26
rising,49443,49442,49443,1
rearing,49454,49443,49454,11
climbing,49507,49454,49507,53
grooming,49616,49507,49616,109
hunching,49631,49616,49631,15
sniffing,49681,49631,49681,50
rising,49697,49681,49697,16
climbing,49817,49697,49817,120
rising,49818,49817,49818,1
rearing,49899,49818,49899,81
climbing,49970,49899,49970,71
walking,49986,49970,49986,16
climbing,50125,49986,50125,139
sniffing,50248,50125,50248,123
walking,50293,50248,50293,45
trotting,50310,50293,50310,17
left_turning,50342,50310,50342,32
sniffing,50350,50342,50350,8
walking,50426,50350,50426,76
climbing,50612,50426,50612,186
rearing,50715,50612,50715,103
rising,50725,50715,50725,10
hunching,50796,50725,50796,71
sniffing,50868,50796,50868,72
left_turning,50873,50868,50873,5
sniffing,50874,50873,50874,1
climbing,50956,50874,50956,82
rearing,51043,50956,51043,87
sniffing,51133,51043,51133,90
rising,51154,51133,51154,21
climbing,51256,51154,51256,102
sniffing,51338,51256,51338,82
left_turning,51386,51338,51386,48
sniffing,51408,51386,51408,22
climbing,51409,51408,51409,1
rearing,51431,51409,51431,22
sniffing,51512,51431,51512,81
rising,51513,51512,51513,1
sniffing,51650,51513,51650,137
walking,51661,51650,51661,11
right_turning,51682,51661,51682,21
sniffing,51725,51682,51725,43
trotting,51780,51725,51780,55
sniffing,51982,51780,51982,202
left_turning,51993,51982,51993,11
running,52002,51993,52002,9
stepping,52003,52002,52003,1
left_turning,52004,52003,52004,1
walking,52016,52004,52016,12
left_turning,52020,52016,52020,4
walking,52021,52020,52021,1
trotting,52084,52021,52084,63
sniffing,52161,52084,52161,77
rearing,52249,52161,52249,88
rising,52285,52249,52285,36
sniffing,52322,52285,52322,37
rising,52336,52322,52336,14
walking,52337,52336,52337,1
trotting,52355,52337,52355,18
walking,52394,52355,52394,39
grooming,52485,52394,52485,91
walking,52538,52485,52538,53
climbing,52596,52538,52596,58
running,52617,52596,52617,21
walking,52618,52617,52618,1
rising,52645,52618,52645,27
climbing,52707,52645,52707,62
sniffing,52761,52707,52761,54
rising,52807,52761,52807,46
hunching,52831,52807,52831,24
rearing,52963,52831,52963,132
rising,53013,52963,53013,50
right_turning,53043,53013,53043,30
sniffing,53123,53043,53123,80
left_turning,53163,53123,53163,40
walking,53192,53163,53192,29
sniffing,53498,53192,53498,306
running,53535,53498,53535,37
walking,53599,53535,53599,64
rising,53623,53599,53623,24
walking,53624,53623,53624,1
sniffing,53676,53624,53676,52
walking,53694,53676,53694,18
rising,53727,53694,53727,33
right_turning,53787,53727,53787,60
sniffing,54003,53787,54003,216
walking,54092,54003,54092,89
sniffing,54219,54092,54219,127
pausing,54431,54219,54431,212
rising,54448,54431,54448,17
walking,54449,54448,54449,1
sniffing,54519,54449,54519,70
grooming,54520,54519,54520,1
rearing,54587,54520,54587,67
grooming,54588,54587,54588,1
rising,54685,54588,54685,97
sniffing,54707,54685,54707,22
right_turning,54741,54707,54741,34
stepping,54778,54741,54778,37
left_turning,54878,54778,54878,100
sniffing,54953,54878,54953,75
climbing,55081,54953,55081,128
rearing,55255,55081,55255,174
grooming,55344,55255,55344,89
rearing,55449,55344,55449,105
sniffing,55623,55449,55623,174
walking,55632,55623,55632,9
rising,55664,55632,55664,32
climbing,55852,55664,55852,188
rising,55897,55852,55897,45
climbing,55945,55897,55945,48
rearing,55946,55945,55946,1
sniffing,55964,55946,55964,18
climbing,56044,55964,56044,80
rising,56102,56044,56102,58
walking,56139,56102,56139,37
climbing,56162,56139,56162,23
running,56174,56162,56174,12
stepping,56187,56174,56187,13
right_turning,56211,56187,56211,24
running,56217,56211,56217,6
rearing,56238,56217,56238,21
rising,56308,56238,56308,70
grooming,56389,56308,56389,81
rising,56390,56389,56390,1
right_turning,56391,56390,56391,1
walking,56403,56391,56403,12
sniffing,56464,56403,56464,61
walking,56465,56464,56465,1
sniffing,56506,56465,56506,41
walking,56508,56506,56508,2
rising,56533,56508,56533,25
climbing,56561,56533,56561,28
sniffing,56615,56561,56615,54
climbing,56704,56615,56704,89
sniffing,56733,56704,56733,29
left_turning,56748,56733,56748,15
sniffing,56775,56748,56775,27
rising,56776,56775,56776,1
sniffing,56856,56776,56856,80
walking,56857,56856,56857,1
left_turning,56884,56857,56884,27
walking,56935,56884,56935,51
right_turning,56996,56935,56996,61
stepping,57026,56996,57026,30
rising,57074,57026,57074,48
climbing,57164,57074,57164,90
rearing,57165,57164,57165,1
rising,57211,57165,57211,46
sniffing,57273,57211,57273,62
stepping,57341,57273,57341,68
walking,57360,57341,57360,19
running,57391,57360,57391,31
left_turning,57404,57391,57404,13
walking,57440,57404,57440,36
sniffing,57639,57440,57639,199
left_turning,57678,57639,57678,39
sniffing,57806,57678,57806,128
hunching,57833,57806,57833,27
rising,57834,57833,57834,1
sniffing,57835,57834,57835,1
right_turning,57875,57835,57875,40
walking,57876,57875,57876,1
rising,57918,57876,57918,42
sniffing,58149,57918,58149,231
grooming,58387,58149,58387,238
left_turning,58504,58387,58504,117
sniffing,58579,58504,58579,75
rising,58580,58579,58580,1
right_turning,58597,58580,58597,17
sniffing,58714,58597,58714,117
climbing,58855,58714,58855,141
rising,58894,58855,58894,39
climbing,58987,58894,58987,93
rearing,59007,58987,59007,20
left_turning,59081,59007,59081,74
rising,59136,59081,59136,55
sniffing,59252,59136,59252,116
climbing,59258,59252,59258,6
walking,59296,59258,59296,38
rising,59349,59296,59349,53
left_turning,59362,59349,59362,13
walking,59365,59362,59365,3
climbing,59366,59365,59366,1
right_turning,59383,59366,59383,17
walking,59387,59383,59387,4
trotting,59464,59387,59464,77
walking,59569,59464,59569,105
sniffing,59674,59569,59674,105
rising,59707,59674,59707,33
climbing,59793,59707,59793,86
right_turning,59810,59793,59810,17
trotting,59814,59810,59814,4
sniffing,59892,59814,59892,78
pausing,59968,59892,59968,76
walking,60058,59968,60058,90
sniffing,60185,60058,60185,127
climbing,60195,60185,60195,10
sniffing,60464,60195,60464,269
rising,60482,60464,60482,18
climbing,60629,60482,60629,147
sniffing,60652,60629,60652,23
walking,60715,60652,60715,63
stepping,60765,60715,60765,50
walking,60817,60765,60817,52
sniffing,61016,60817,61016,199
hunching,61056,61016,61056,40
climbing,61096,61056,61096,40
sniffing,61097,61096,61097,1
rising,61341,61097,61341,244
walking,61387,61341,61387,46
sniffing,61388,61387,61388,1
rising,61424,61388,61424,36
rearing,61425,61424,61425,1
hunching,61485,61425,61485,60
right_turning,61517,61485,61517,32
sniffing,61651,61517,61651,134
right_turning,61652,61651,61652,1
trotting,61711,61652,61711,59
sniffing,61752,61711,61752,41
walking,61823,61752,61823,71
climbing,61855,61823,61855,32
sniffing,61910,61855,61910,55
right_turning,61976,61910,61976,66
running,62009,61976,62009,33
trotting,62032,62009,62032,23
sniffing,62033,62032,62033,1
walking,62062,62033,62062,29
sniffing,62063,62062,62063,1
rearing,62131,62063,62131,68
left_turning,62142,62131,62142,11
sniffing,62221,62142,62221,79
right_turning,62243,62221,62243,22
sniffing,62421,62243,62421,178
rising,62526,62421,62526,105
walking,62556,62526,62556,30
stepping,62591,62556,62591,35
sniffing,62685,62591,62685,94
trotting,62702,62685,62702,17
walking,62703,62702,62703,1
sniffing,62725,62703,62725,22
jumping,62860,62725,62860,135
rearing,62907,62860,62907,47
grooming,63450,62907,63450,543
rising,63451,63450,63451,1
rearing,63479,63451,63479,28
climbing,63504,63479,63504,25
sniffing,63663,63504,63663,159
walking,63702,63663,63702,39
rising,63703,63702,63703,1
climbing,63759,63703,63759,56
grooming,63841,63759,63841,82
rearing,63842,63841,63842,1
walking,63843,63842,63843,1
climbing,63923,63843,63923,80
sniffing,63945,63923,63945,22
rising,63979,63945,63979,34
climbing,63980,63979,63980,1
rising,64054,63980,64054,74
walking,64130,64054,64130,76
right_turning,64174,64130,64174,44
trotting,64202,64174,64202,28
climbing,64285,64202,64285,83
walking,64325,64285,64325,40
rising,64400,64325,64400,75
sniffing,64421,64400,64421,21
left_turning,64477,64421,64477,56
sniffing,64562,64477,64562,85
right_turning,64563,64562,64563,1
rising,64591,64563,64591,28
trotting,64598,64591,64598,7
sniffing,64599,64598,64599,1
walking,64613,64599,64613,14
sniffing,64710,64613,64710,97
walking,64711,64710,64711,1
right_turning,64757,64711,64757,46
walking,64886,64757,64886,129
stepping,64912,64886,64912,26
sniffing,65099,64912,65099,187
left_turning,65156,65099,65156,57
walking,65235,65156,65235,79
sniffing,65236,65235,65236,1
rising,65300,65236,65300,64
climbing,65349,65300,65349,49
rising,65350,65349,65350,1
right_turning,65351,65350,65351,1
walking,65363,65351,65363,12
sniffing,65443,65363,65443,80
trotting,65489,65443,65489,46
sniffing,65553,65489,65553,64
rearing,65582,65553,65582,29
grooming,65635,65582,65635,53
right_turning,65663,65635,65663,28
sniffing,65746,65663,65746,83
rearing,65747,65746,65747,1
sniffing,65815,65747,65815,68
left_turning,65847,65815,65847,32
walking,65874,65847,65874,27
sniffing,65965,65874,65965,91
walking,65966,65965,65966,1
rearing,65980,65966,65980,14
grooming,66101,65980,66101,121
right_turning,66133,66101,66133,32
running,66158,66133,66158,25
walking,66213,66158,66213,55
sniffing,66270,66213,66270,57
climbing,66331,66270,66331,61
rising,66363,66331,66363,32
rearing,66364,66363,66364,1
rising,66409,66364,66409,45
walking,66468,66409,66468,59
sniffing,66507,66468,66507,39
left_turning,66532,66507,66532,25
sniffing,66677,66532,66677,145
climbing,66764,66677,66764,87
running,66814,66764,66814,50
sniffing,66815,66814,66815,1
hunching,66920,66815,66920,105
rising,67049,66920,67049,129
sniffing,67154,67049,67154,105
rising,67163,67154,67163,9
climbing,67223,67163,67223,60
right_turning,67275,67223,67275,52
walking,67354,67275,67354,79
sniffing,67355,67354,67355,1
walking,67430,67355,67430,75
sniffing,67676,67430,67676,246
left_turning,67694,67676,67694,18
trotting,67726,67694,67726,32
sniffing,67727,67726,67727,1
rising,67750,67727,67750,23
rearing,67788,67750,67788,38
sniffing,67886,67788,67886,98
pausing,68519,67886,68519,633
sniffing,68554,68519,68554,35
rising,68632,68554,68632,78
walking,68695,68632,68695,63
hunching,68696,68695,68696,1
right_turning,68725,68696,68725,29
sniffing,68810,68725,68810,85
climbing,68997,68810,68997,187
rearing,69033,68997,69033,36
walking,69076,69033,69076,43
sniffing,69210,69076,69210,134
right_turning,69262,69210,69262,52
sniffing,69331,69262,69331,69
walking,69356,69331,69356,25
rising,69367,69356,69367,11
walking,69368,69367,69368,1
sniffing,69471,69368,69471,103
climbing,69588,69471,69588,117
rising,69660,69588,69660,72
sniffing,69661,69660,69661,1
left_turning,69688,69661,69688,27
sniffing,69712,69688,69712,24
rising,69725,69712,69725,13
running,69752,69725,69752,27
stepping,69781,69752,69781,29
left_turning,69838,69781,69838,57
trotting,69892,69838,69892,54
right_turning,69915,69892,69915,23
walking,69946,69915,69946,31
sniffing,69965,69946,69965,19
right_turning,69980,69965,69980,15
sniffing,69999,69980,69999,19
walking,70005,69999,70005,6
rising,70018,70005,70018,13
sniffing,70019,70018,70019,1
walking,70045,70019,70045,26
sniffing,70112,70045,70112,67
rearing,70138,70112,70138,26
sniffing,70165,70138,70165,27
walking,70186,70165,70186,21
rising,70210,70186,70210,24
hunching,70235,70210,70235,25
right_turning,70268,70235,70268,33
trotting,70279,70268,70279,11
sniffing,70286,70279,70286,7
left_turning,70287,70286,70287,1
walking,70336,70287,70336,49
climbing,70436,70336,70436,100
sniffing,70479,70436,70479,43
rearing,70508,70479,70508,29
rising,70579,70508,70579,71
sniffing,70722,70579,70722,143
rising,70746,70722,70746,24
climbing,70860,70746,70860,114
walking,70861,70860,70861,1
sniffing,70862,70861,70862,1
rising,70888,70862,70888,26
stepping,70943,70888,70943,55
walking,70995,70943,70995,52
rising,71051,70995,71051,56
climbing,71150,71051,71150,99
rising,71151,71150,71151,1
sniffing,71161,71151,71161,10
walking,71162,71161,71162,1
sniffing,71229,71162,71229,67
grooming,71230,71229,71230,1
sniffing,71262,71230,71262,32
climbing,71357,71262,71357,95
running,71405,71357,71405,48
sniffing,71478,71405,71478,73
rising,71517,71478,71517,39
climbing,71566,71517,71566,49
right_turning,71609,71566,71609,43
sniffing,71610,71609,71610,1
rising,71635,71610,71635,25
climbing,71697,71635,71697,62
sniffing,71730,71697,71730,33
left_turning,71754,71730,71754,24
sniffing,71800,71754,71800,46
left_turning,71843,71800,71843,43
trotting,71850,71843,71850,7
walking,71879,71850,71879,29
sniffing,71903,71879,71903,24
left_turning,71933,71903,71933,30
trotting,71977,71933,71977,44
sniffing,72064,71977,72064,87
stepping,72096,72064,72096,32
walking,72116,72096,72116,20
sniffing,72217,72116,72217,101
left_turning,72218,72217,72218,1
climbing,72249,72218,72249,31
rising,72274,72249,72274,25
climbing,72296,72274,72296,22
grooming,72863,72296,72863,567
sniffing,72913,72863,72913,50
hunching,72945,72913,72945,32
climbing,72987,72945,72987,42
rearing,73003,72987,73003,16
trotting,73052,73003,73052,49
sniffing,73087,73052,73087,35
rising,73088,73087,73088,1
sniffing,73143,73088,73143,55
stepping,73192,73143,73192,49
hunching,73193,73192,73193,1
right_turning,73221,73193,73221,28
trotting,73242,73221,73242,21
left_turning,73243,73242,73243,1
sniffing,73268,73243,73268,25
trotting,73269,73268,73269,1
left_turning,73296,73269,73296,27
running,73306,73296,73306,10
trotting,73346,73306,73346,40
left_turning,73388,73346,73388,42
sniffing,73492,73388,73492,104
pausing,73689,73492,73689,197
sniffing,73758,73689,73758,69
rising,73762,73758,73762,4
rearing,73775,73762,73775,13
rising,73792,73775,73792,17
rearing,73819,73792,73819,27
grooming,73910,73819,73910,91
climbing,73965,73910,73965,55
left_turning,73971,73965,73971,6
trotting,74030,73971,74030,59
climbing,74137,74030,74137,107
left_turning,74165,74137,74165,28
rising,74249,74165,74249,84
sniffing,74250,74249,74250,1
left_turning,74291,74250,74291,41
sniffing,74498,74291,74498,207
rising,74517,74498,74517,19
climbing,74541,74517,74541,24
trotting,74542,74541,74542,1
sniffing,74589,74542,74589,47
rising,74622,74589,74622,33
rearing,74640,74622,74640,18
grooming,74900,74640,74900,260
rearing,74950,74900,74950,50
walking,74977,74950,74977,27
sniffing,74978,74977,74978,1
rising,74996,74978,74996,18
grooming,75090,74996,75090,94
left_turning,75122,75090,75122,32
walking,75212,75122,75212,90
sniffing,75293,75212,75293,81
rising,75349,75293,75349,56
stepping,75354,75349,75354,5
sniffing,75553,75354,75553,199
trotting,75630,75553,75630,77
sniffing,75924,75630,75924,294
rising,75993,75924,75993,69
climbing,76010,75993,76010,17
rearing,76049,76010,76049,39
climbing,76137,76049,76137,88
rising,76178,76137,76178,41
sniffing,76256,76178,76256,78
rising,76304,76256,76304,48
walking,76375,76304,76375,71
sniffing,76432,76375,76432,57
grooming,76693,76432,76693,261
sniffing,76732,76693,76732,39
rising,76733,76732,76733,1
trotting,76798,76733,76798,65
sniffing,76941,76798,76941,143
climbing,77066,76941,77066,125
hunching,77090,77066,77090,24
rearing,77197,77090,77197,107
hunching,77198,77197,77198,1
rising,77199,77198,77199,1
sniffing,77235,77199,77235,36
right_turning,77289,77235,77289,54
walking,77383,77289,77383,94
left_turning,77470,77383,77470,87
sniffing,77530,77470,77530,60
rising,77531,77530,77531,1
stepping,77538,77531,77538,7
sniffing,77592,77538,77592,54
walking,77627,77592,77627,35
climbing,77656,77627,77656,29
walking,77728,77656,77728,72
sniffing,77763,77728,77763,35
walking,77772,77763,77772,9
rearing,77795,77772,77795,23
walking,77861,77795,77861,66
climbing,77916,77861,77916,55
sniffing,77994,77916,77994,78
walking,78031,77994,78031,37
sniffing,78032,78031,78032,1
rising,78093,78032,78093,61
rearing,78120,78093,78120,27
running,78130,78120,78130,10
sniffing,78184,78130,78184,54
climbing,78185,78184,78185,1
sniffing,78214,78185,78214,29
left_turning,78215,78214,78215,1
sniffing,78216,78215,78216,1
left_turning,78242,78216,78242,26
walking,78267,78242,78267,25
hunching,78326,78267,78326,59
sniffing,78487,78326,78487,161
rising,78500,78487,78500,13
sniffing,78501,78500,78501,1
rearing,78581,78501,78581,80
walking,78639,78581,78639,58
rising,78640,78639,78640,1
climbing,78736,78640,78736,96
grooming,78737,78736,78737,1
rearing,78762,78737,78762,25
grooming,78910,78762,78910,148
rising,78950,78910,78950,40
sniffing,79071,78950,79071,121
right_turning,79089,79071,79089,18
walking,79163,79089,79163,74
sniffing,79318,79163,79318,155
running,79319,79318,79319,1
sniffing,79320,79319,79320,1
climbing,79357,79320,79357,37
walking,79358,79357,79358,1
sniffing,79437,79358,79437,79
left_turning,79479,79437,79479,42
rising,79521,79479,79521,42
climbing,79589,79521,79589,68
walking,79631,79589,79631,42
climbing,79638,79631,79638,7
right_turning,79655,79638,79655,17
sniffing,79710,79655,79710,55
rearing,79736,79710,79736,26
rising,79737,79736,79737,1
rearing,79810,79737,79810,73
climbing,79960,79810,79960,150
sniffing,80006,79960,80006,46
stepping,80007,80006,80007,1
sniffing,80008,80007,80008,1
climbing,80092,80008,80092,84
rising,80186,80092,80186,94
climbing,80227,80186,80227,41
rising,80242,80227,80242,15
walking,80272,80242,80272,30
rising,80343,80272,80343,71
rearing,80412,80343,80412,69
rising,80476,80412,80476,64
sniffing,80623,80476,80623,147
left_turning,80681,80623,80681,58
walking,80791,80681,80791,110
stepping,80898,80791,80898,107
sniffing,81001,80898,81001,103
walking,81073,81001,81073,72
sniffing,81229,81073,81229,156
left_turning,81301,81229,81301,72
sniffing,81389,81301,81389,88
walking,81390,81389,81390,1
rising,81489,81390,81489,99
walking,81528,81489,81528,39
sniffing,81567,81528,81567,39
walking,81665,81567,81665,98
left_turning,81674,81665,81674,9
trotting,81753,81674,81753,79
left_turning,81765,81753,81765,12
sniffing,81829,81765,81829,64
grooming,81830,81829,81830,1
rearing,81918,81830,81918,88
rising,81951,81918,81951,33
sniffing,82110,81951,82110,159
rearing,82111,82110,82111,1
left_turning,82133,82111,82133,22
walking,82163,82133,82163,30
rising,82203,82163,82203,40
climbing,82273,82203,82273,70
rising,82336,82273,82336,63
sniffing,82366,82336,82366,30
rising,82439,82366,82439,73
walking,82440,82439,82440,1
stepping,82497,82440,82497,57
walking,82498,82497,82498,1
stepping,82541,82498,82541,43
left_turning,82583,82541,82583,42
walking,82584,82583,82584,1
stepping,82588,82584,82588,4
walking,82600,82588,82600,12
stepping,82646,82600,82646,46
walking,82667,82646,82667,21
rising,82686,82667,82686,19
sniffing,82776,82686,82776,90
left_turning,82819,82776,82819,43
sniffing,82860,82819,82860,41
rising,83017,82860,83017,157
right_turning,83026,83017,83026,9
running,83044,83026,83044,18
stepping,83070,83044,83070,26
trotting,83095,83070,83095,25
walking,83144,83095,83144,49
stepping,83187,83144,83187,43
walking,83257,83187,83257,70
sniffing,83418,83257,83418,161
rising,83504,83418,83504,86
climbing,83576,83504,83576,72
rising,83589,83576,83589,13
walking,83634,83589,83634,45
rearing,83681,83634,83681,47
left_turning,83769,83681,83769,88
walking,83804,83769,83804,35
sniffing,83939,83804,83939,135
left_turning,83992,83939,83992,53
sniffing,84081,83992,84081,89
climbing,84196,84081,84196,115
sniffing,84368,84196,84368,172
right_turning,84374,84368,84374,6
walking,84393,84374,84393,19
rising,84395,84393,84395,2
climbing,84436,84395,84436,41
sniffing,84566,84436,84566,130
rising,84616,84566,84616,50
rearing,84750,84616,84750,134
sniffing,84955,84750,84955,205
left_turning,84995,84955,84995,40
walking,85037,84995,85037,42
sniffing,85196,85037,85196,159
stepping,85197,85196,85197,1
rising,85307,85197,85307,110
sniffing,85308,85307,85308,1
grooming,85309,85308,85309,1
rearing,85310,85309,85310,1
climbing,85391,85310,85391,81
right_turning,85410,85391,85410,19
sniffing,85421,85410,85421,11
right_turning,85457,85421,85457,36
walking,85477,85457,85477,20
climbing,85485,85477,85485,8
rearing,85546,85485,85546,61
grooming,86276,85546,86276,730
climbing,86407,86276,86407,131
sniffing,86451,86407,86451,44
walking,86452,86451,86452,1
sniffing,86453,86452,86453,1
stepping,86504,86453,86504,51
trotting,86580,86504,86580,76
left_turning,86605,86580,86605,25
trotting,86627,86605,86627,22
sniffing,86692,86627,86692,65
climbing,86739,86692,86739,47
sniffing,86851,86739,86851,112
grooming,87469,86851,87469,618
rearing,87544,87469,87544,75
sniffing,87659,87544,87659,115
grooming,87802,87659,87802,143
sniffing,87885,87802,87885,83
rising,87910,87885,87910,25
climbing,87969,87910,87969,59
rising,87970,87969,87970,1
hunching,87971,87970,87971,1
rearing,88082,87971,88082,111
grooming,88443,88082,88443,361
hunching,88444,88443,88444,1
sniffing,88469,88444,88469,25
stepping,88529,88469,88529,60
walking,88581,88529,88581,52
rising,88648,88581,88648,67
hunching,88751,88648,88751,103
sniffing,88752,88751,88752,1
walking,88800,88752,88800,48
sniffing,88801,88800,88801,1
grooming,88802,88801,88802,1
hunching,88868,88802,88868,66
grooming,89205,88868,89205,337
stepping,89243,89205,89243,38
left_turning,89290,89243,89290,47
rising,89324,89290,89324,34
climbing,89441,89324,89441,117
walking,89524,89441,89524,83
sniffing,89558,89524,89558,34
left_turning,89608,89558,89608,50
walking,89626,89608,89626,18
rising,89627,89626,89627,1
climbing,89628,89627,89628,1
grooming,90030,89628,90030,402
sniffing,90064,90030,90064,34
left_turning,90073,90064,90073,9
sniffing,90176,90073,90176,103
left_turning,90185,90176,90185,9
sniffing,90207,90185,90207,22
rising,90255,90207,90255,48
rearing,90297,90255,90297,42
climbing,90300,90297,90300,3
hunching,90301,90300,90301,1
climbing,90483,90301,90483,182
left_turning,90578,90483,90578,95
sniffing,90642,90578,90642,64
rearing,90658,90642,90658,16
pausing,90759,90658,90759,101
left_turning,90771,90759,90771,12
sniffing,90847,90771,90847,76
rising,90945,90847,90945,98
walking,90976,90945,90976,31
rising,91051,90976,91051,75
sniffing,91107,91051,91107,56
rising,91108,91107,91108,1
hunching,91201,91108,91201,93
sniffing,91321,91201,91321,120
rising,91391,91321,91391,70
sniffing,91392,91391,91392,1
rising,91442,91392,91442,50
sniffing,91452,91442,91452,10
rising,91501,91452,91501,49
sniffing,91594,91501,91594,93
left_turning,91624,91594,91624,30
walking,91686,91624,91686,62
left_turning,91765,91686,91765,79
walking,91772,91765,91772,7
sniffing,91773,91772,91773,1
rising,91825,91773,91825,52
climbing,91903,91825,91903,78
sniffing,91995,91903,91995,92
left_turning,92026,91995,92026,31
running,92053,92026,92053,27
right_turning,92088,92053,92088,35
running,92142,92088,92142,54
sniffing,92285,92142,92285,143
walking,92320,92285,92320,35
left_turning,92353,92320,92353,33
sniffing,92354,92353,92354,1
rising,92373,92354,92373,19
left_turning,92410,92373,92410,37
rising,92556,92410,92556,146
climbing,92557,92556,92557,1
rearing,92661,92557,92661,104
sniffing,92713,92661,92713,52
grooming,92756,92713,92756,43
hunching,92799,92756,92799,43
walking,92857,92799,92857,58
stepping,92898,92857,92898,41
walking,92954,92898,92954,56
stepping,93000,92954,93000,46
climbing,93118,93000,93118,118
rearing,93134,93118,93134,16
rising,93201,93134,93201,67
rearing,93202,93201,93202,1
climbing,93274,93202,93274,72
rearing,93300,93274,93300,26
sniffing,93364,93300,93364,64
walking,93365,93364,93365,1
sniffing,93366,93365,93366,1
left_turning,93367,93366,93367,1
rising,93373,93367,93373,6
rearing,93374,93373,93374,1
walking,93375,93374,93375,1
stepping,93473,93375,93473,98
climbing,93532,93473,93532,59
walking,93589,93532,93589,57
sniffing,93699,93589,93699,110
right_turning,93756,93699,93756,57
trotting,93811,93756,93811,55
walking,93831,93811,93831,20
stepping,93875,93831,93875,44
walking,93879,93875,93879,4
sniffing,94023,93879,94023,144
stepping,94057,94023,94057,34
walking,94074,94057,94074,17
sniffing,94393,94074,94393,319
running,94403,94393,94403,10
walking,94466,94403,94466,63
left_turning,94542,94466,94542,76
rising,94543,94542,94543,1
climbing,94610,94543,94610,67
sniffing,94724,94610,94724,114
climbing,94773,94724,94773,49
right_turning,94822,94773,94822,49
walking,94851,94822,94851,29
sniffing,94861,94851,94861,10
rising,94874,94861,94874,13
sniffing,94912,94874,94912,38
grooming,94924,94912,94924,12
rising,95164,94924,95164,240
right_turning,95224,95164,95224,60
left_turning,95258,95224,95258,34
walking,95278,95258,95278,20
hunching,95300,95278,95300,22
sniffing,95301,95300,95301,1
walking,95322,95301,95322,21
trotting,95346,95322,95346,24
walking,95349,95346,95349,3
left_turning,95395,95349,95395,46
walking,95396,95395,95396,1
sniffing,95434,95396,95434,38
climbing,95552,95434,95552,118
walking,95699,95552,95699,147
sniffing,95720,95699,95720,21
rearing,95785,95720,95785,65
climbing,95786,95785,95786,1
running,95805,95786,95805,19
right_turning,95809,95805,95809,4
trotting,95832,95809,95832,23
sniffing,95920,95832,95920,88
walking,95972,95920,95972,52
sniffing,95973,95972,95973,1
left_turning,95974,95973,95974,1
sniffing,96151,95974,96151,177
grooming,96169,96151,96169,18
sniffing,96276,96169,96276,107
grooming,96277,96276,96277,1
right_turning,96317,96277,96317,40
walking,96348,96317,96348,31
rising,96349,96348,96349,1
climbing,96350,96349,96350,1
rearing,96426,96350,96426,76
climbing,96427,96426,96427,1
trotting,96428,96427,96428,1
walking,96474,96428,96474,46
sniffing,96593,96474,96593,119
pausing,96844,96593,96844,251
climbing,96945,96844,96945,101
rising,96946,96945,96946,1
left_turning,96947,96946,96947,1
walking,97049,96947,97049,102
rising,97050,97049,97050,1
climbing,97118,97050,97118,68
running,97166,97118,97166,48
stepping,97196,97166,97196,30
climbing,97240,97196,97240,44
grooming,97453,97240,97453,213
sniffing,97642,97453,97642,189
right_turning,97650,97642,97650,8
walking,97750,97650,97750,100
stepping,97795,97750,97795,45
climbing,97879,97795,97879,84
sniffing,98013,97879,98013,134
pausing,98071,98013,98071,58
sniffing,98086,98071,98086,15
walking,98114,98086,98114,28
sniffing,98145,98114,98145,31
pausing,98308,98145,98308,163
sniffing,98507,98308,98507,199
climbing,98555,98507,98555,48
hunching,98609,98555,98609,54
climbing,98660,98609,98660,51
right_turning,98685,98660,98685,25
walking,98721,98685,98721,36
climbing,98722,98721,98722,1
hunching,98772,98722,98772,50
sniffing,98868,98772,98868,96
pausing,99002,98868,99002,134
climbing,99035,99002,99035,33
rising,99134,99035,99134,99
sniffing,99135,99134,99135,1
walking,99202,99135,99202,67
sniffing,99249,99202,99249,47
rising,99317,99249,99317,68
climbing,99366,99317,99366,49
rising,99457,99366,99457,91
sniffing,99466,99457,99466,9
right_turning,99484,99466,99484,18
sniffing,99485,99484,99485,1
rising,99487,99485,99487,2
climbing,99506,99487,99506,19
sniffing,99512,99506,99512,6
stepping,99514,99512,99514,2
left_turning,99517,99514,99517,3
sniffing,99604,99517,99604,87
rising,99803,99604,99803,199
rearing,99813,99803,99813,10
grooming,99814,99813,99814,1
hunching,99815,99814,99815,1
grooming,99816,99815,99816,1
climbing,99913,99816,99913,97
walking,99948,99913,99948,35
climbing,100006,99948,100006,58
sniffing,100128,100006,100128,122
rising,100191,100128,100191,63
sniffing,100263,100191,100263,72
walking,100348,100263,100348,85
sniffing,100382,100348,100382,34
walking,100425,100382,100425,43
stepping,100487,100425,100487,62
rearing,100488,100487,100488,1
climbing,100610,100488,100610,122
rearing,100611,100610,100611,1
hunching,100612,100611,100612,1
climbing,100805,100612,100805,193
walking,100888,100805,100888,83
sniffing,100968,100888,100968,80
right_turning,100997,100968,100997,29
rearing,101037,100997,101037,40
grooming,101038,101037,101038,1
rearing,101205,101038,101205,167
sniffing,101358,101205,101358,153
rising,101364,101358,101364,6
sniffing,101365,101364,101365,1
walking,101436,101365,101436,71
sniffing,101443,101436,101443,7
climbing,101467,101443,101467,24
sniffing,101638,101467,101638,171
climbing,101639,101638,101639,1
sniffing,101645,101639,101645,6
left_turning,101674,101645,101674,29
sniffing,101723,101674,101723,49
stepping,101794,101723,101794,71
walking,101824,101794,101824,30
rearing,101861,101824,101861,37
grooming,102354,101861,102354,493
sniffing,102467,102354,102467,113
walking,102502,102467,102502,35
rising,102535,102502,102535,33
climbing,102610,102535,102610,75
sniffing,102737,102610,102737,127
climbing,102822,102737,102822,85
grooming,102823,102822,102823,1
climbing,103019,102823,103019,196
grooming,103164,103019,103164,145
right_turning,103212,103164,103212,48
sniffing,103292,103212,103292,80
rising,103373,103292,103373,81
sniffing,103416,103373,103416,43
walking,103417,103416,103417,1
sniffing,103474,103417,103474,57
rising,103489,103474,103489,15
sniffing,103557,103489,103557,68
pausing,103802,103557,103802,245
sniffing,103824,103802,103824,22
left_turning,103851,103824,103851,27
rising,103967,103851,103967,116
left_turning,104016,103967,104016,49
walking,104145,104016,104145,129
sniffing,104177,104145,104177,32
pausing,104273,104177,104273,96
sniffing,104367,104273,104367,94
rising,104368,104367,104368,1
climbing,104465,104368,104465,97
walking,104555,104465,104555,90
sniffing,104602,104555,104602,47
rising,104630,104602,104630,28
rearing,104631,104630,104631,1
sniffing,104692,104631,104692,61
left_turning,104713,104692,104713,21
walking,104714,104713,104714,1
climbing,104744,104714,104744,30
rising,104826,104744,104826,82
sniffing,104948,104826,104948,122
climbing,105040,104948,105040,92
right_turning,105078,105040,105078,38
sniffing,105079,105078,105079,1
rising,105080,105079,105080,1
hunching,105114,105080,105114,34
right_turning,105132,105114,105132,18
walking,105133,105132,105133,1
sniffing,105198,105133,105198,65
rising,105323,105198,105323,125
rearing,105492,105323,105492,169
sniffing,105493,105492,105493,1
rising,105494,105493,105494,1
right_turning,105523,105494,105523,29
rising,105556,105523,105556,33
rearing,105604,105556,105604,48
sniffing,105605,105604,105605,1
grooming,105618,105605,105618,13
climbing,105732,105618,105732,114
rising,105749,105732,105749,17
right_turning,105750,105749,105750,1
walking,105769,105750,105769,19
rising,105818,105769,105818,49
rearing,105878,105818,105878,60
rising,105947,105878,105947,69
rearing,106005,105947,106005,58
walking,106060,106005,106060,55
climbing,106151,106060,106151,91
sniffing,106229,106151,106229,78
stepping,106293,106229,106293,64
rising,106373,106293,106373,80
sniffing,106398,106373,106398,25
stepping,106438,106398,106438,40
rearing,106439,106438,106439,1
grooming,107281,106439,107281,842
climbing,107338,107281,107338,57
right_turning,107352,107338,107352,14
climbing,107456,107352,107456,104
rising,107489,107456,107489,33
sniffing,107657,107489,107657,168
walking,107704,107657,107704,47
sniffing,107721,107704,107721,17
rising,107810,107721,107810,89
sniffing,107900,107810,107900,90
right_turning,107912,107900,107912,12
walking,107966,107912,107966,54
rising,108000,107966,108000,34
