revised_movement_label,segBoundary,segBoundary_start,segBoundary_end,length
rising,14,0,14,14
sniffing,148,14,148,134
left_turning,172,148,172,24
trotting,218,172,218,46
walking,303,218,303,85
rising,350,303,350,47
trotting,358,350,358,8
walking,391,358,391,33
sniffing,417,391,417,26
walking,458,417,458,41
rising,510,458,510,52
climbing,541,510,541,31
sniffing,622,541,622,81
climbing,682,622,682,60
walking,726,682,726,44
climbing,752,726,752,26
walking,793,752,793,41
sniffing,851,793,851,58
running,874,851,874,23
climbing,901,874,901,27
right_turning,925,901,925,24
sniffing,926,925,926,1
walking,986,926,986,60
trotting,1067,986,1067,81
sniffing,1173,1067,1173,106
right_turning,1202,1173,1202,29
walking,1280,1202,1280,78
climbing,1384,1280,1384,104
trotting,1414,1384,1414,30
walking,1465,1414,1465,51
sniffing,1496,1465,1496,31
walking,1504,1496,1504,8
sniffing,1531,1504,1531,27
rising,1653,1531,1653,122
right_turning,1672,1653,1672,19
walking,1809,1672,1809,137
climbing,1862,1809,1862,53
rising,1899,1862,1899,37
climbing,1969,1899,1969,70
sniffing,2099,1969,2099,130
left_turning,2100,2099,2100,1
sniffing,2133,2100,2133,33
trotting,2175,2133,2175,42
rising,2270,2175,2270,95
grooming,2275,2270,2275,5
sniffing,2341,2275,2341,66
left_turning,2379,2341,2379,38
walking,2407,2379,2407,28
sniffing,2485,2407,2485,78
walking,2524,2485,2524,39
sniffing,2651,2524,2651,127
rising,2652,2651,2652,1
climbing,2700,2652,2700,48
rising,2726,2700,2726,26
climbing,2771,2726,2771,45
sniffing,2772,2771,2772,1
stepping,2853,2772,2853,81
climbing,2876,2853,2876,23
rising,2897,2876,2897,21
grooming,2926,2897,2926,29
left_turning,2929,2926,2929,3
climbing,3005,2929,3005,76
trotting,3060,3005,3060,55
walking,3153,3060,3153,93
rising,3154,3153,3154,1
stepping,3176,3154,3176,22
hunching,3177,3176,3177,1
grooming,3233,3177,3233,56
walking,3278,3233,3278,45
climbing,3323,3278,3323,45
walking,3324,3323,3324,1
sniffing,3647,3324,3647,323
left_turning,3705,3647,3705,58
climbing,3736,3705,3736,31
trotting,3748,3736,3748,12
sniffing,3774,3748,3774,26
rising,3802,3774,3802,28
sniffing,3879,3802,3879,77
climbing,3920,3879,3920,41
sniffing,3921,3920,3921,1
walking,4007,3921,4007,86
rising,4008,4007,4008,1
trotting,4050,4008,4050,42
running,4078,4050,4078,28
climbing,4248,4078,4248,170
sniffing,4379,4248,4379,131
walking,4406,4379,4406,27
sniffing,4434,4406,4434,28
right_turning,4495,4434,4495,61
sniffing,4535,4495,4535,40
trotting,4565,4535,4565,30
walking,4566,4565,4566,1
stepping,4577,4566,4577,11
walking,4613,4577,4613,36
sniffing,4778,4613,4778,165
stepping,4800,4778,4800,22
climbing,4846,4800,4846,46
sniffing,4847,4846,4847,1
climbing,4871,4847,4871,24
trotting,4916,4871,4916,45
sniffing,4917,4916,4917,1
walking,4976,4917,4976,59
sniffing,5032,4976,5032,56
trotting,5063,5032,5063,31
sniffing,5064,5063,5064,1
stepping,5065,5064,5065,1
walking,5066,5065,5066,1
trotting,5113,5066,5113,47
walking,5114,5113,5114,1
sniffing,5291,5114,5291,177
rising,5295,5291,5295,4
climbing,5311,5295,5311,16
sniffing,5337,5311,5337,26
rearing,5338,5337,5338,1
walking,5349,5338,5349,11
sniffing,5400,5349,5400,51
rising,5401,5400,5401,1
rearing,5467,5401,5467,66
climbing,5489,5467,5489,22
sniffing,5573,5489,5573,84
running,5583,5573,5583,10
walking,5602,5583,5602,19
sniffing,5720,5602,5720,118
trotting,5787,5720,5787,67
rising,5788,5787,5788,1
climbing,5840,5788,5840,52
rearing,5841,5840,5841,1
rising,5906,5841,5906,65
climbing,5989,5906,5989,83
sniffing,6044,5989,6044,55
climbing,6123,6044,6123,79
walking,6197,6123,6197,74
right_turning,6206,6197,6206,9
climbing,6298,6206,6298,92
running,6306,6298,6306,8
walking,6362,6306,6362,56
left_turning,6408,6362,6408,46
rising,6437,6408,6437,29
climbing,6481,6437,6481,44
hunching,6559,6481,6559,78
climbing,6560,6559,6560,1
sniffing,6561,6560,6561,1
rising,6583,6561,6583,22
climbing,6591,6583,6591,8
running,6608,6591,6608,17
sniffing,6609,6608,6609,1
left_turning,6610,6609,6610,1
trotting,6624,6610,6624,14
walking,6681,6624,6681,57
trotting,6729,6681,6729,48
walking,6772,6729,6772,43
stepping,6786,6772,6786,14
walking,6964,6786,6964,178
sniffing,7064,6964,7064,100
rising,7114,7064,7114,50
grooming,7421,7114,7421,307
sniffing,7434,7421,7434,13
climbing,7538,7434,7538,104
rising,7608,7538,7608,70
climbing,7649,7608,7649,41
trotting,7692,7649,7692,43
stepping,7712,7692,7712,20
trotting,7792,7712,7792,80
walking,7947,7792,7947,155
sniffing,7999,7947,7999,52
rising,8029,7999,8029,30
trotting,8074,8029,8074,45
walking,8075,8074,8075,1
left_turning,8081,8075,8081,6
sniffing,8082,8081,8082,1
left_turning,8137,8082,8137,55
trotting,8157,8137,8157,20
walking,8173,8157,8173,16
rising,8187,8173,8187,14
sniffing,8197,8187,8197,10
trotting,8198,8197,8198,1
sniffing,8226,8198,8226,28
climbing,8257,8226,8257,31
right_turning,8309,8257,8309,52
walking,8554,8309,8554,245
rising,8555,8554,8555,1
climbing,8620,8555,8620,65
walking,8664,8620,8664,44
trotting,8665,8664,8665,1
sniffing,8683,8665,8683,18
trotting,8734,8683,8734,51
walking,8783,8734,8783,49
right_turning,8784,8783,8784,1
running,8786,8784,8786,2
walking,8813,8786,8813,27
climbing,8839,8813,8839,26
running,8876,8839,8876,37
walking,8929,8876,8929,53
left_turning,8959,8929,8959,30
sniffing,9000,8959,9000,41
rearing,9050,9000,9050,50
sniffing,9154,9050,9154,104
rising,9247,9154,9247,93
climbing,9304,9247,9304,57
sniffing,9305,9304,9305,1
left_turning,9364,9305,9364,59
walking,9410,9364,9410,46
trotting,9451,9410,9451,41
running,9465,9451,9465,14
walking,9541,9465,9541,76
trotting,9542,9541,9542,1
walking,9543,9542,9543,1
climbing,9595,9543,9595,52
rising,9631,9595,9631,36
climbing,9687,9631,9687,56
sniffing,9694,9687,9694,7
walking,9800,9694,9800,106
left_turning,9829,9800,9829,29
rearing,9887,9829,9887,58
sniffing,9970,9887,9970,83
climbing,9977,9970,9977,7
rearing,10072,9977,10072,95
left_turning,10087,10072,10087,15
rising,10129,10087,10129,42
climbing,10226,10129,10226,97
rearing,10289,10226,10289,63
sniffing,10335,10289,10335,46
left_turning,10411,10335,10411,76
walking,10427,10411,10427,16
sniffing,10554,10427,10554,127
walking,10572,10554,10572,18
right_turning,10615,10572,10615,43
left_turning,10681,10615,10681,66
walking,10719,10681,10719,38
sniffing,10720,10719,10720,1
climbing,10737,10720,10737,17
rising,10814,10737,10814,77
running,10834,10814,10834,20
walking,10917,10834,10917,83
left_turning,10972,10917,10972,55
trotting,11009,10972,11009,37
sniffing,11010,11009,11010,1
rising,11011,11010,11011,1
left_turning,11075,11011,11075,64
sniffing,11137,11075,11137,62
walking,11161,11137,11161,24
rising,11218,11161,11218,57
climbing,11249,11218,11249,31
sniffing,11282,11249,11282,33
walking,11324,11282,11324,42
sniffing,11325,11324,11325,1
right_turning,11351,11325,11351,26
sniffing,11403,11351,11403,52
right_turning,11465,11403,11465,62
climbing,11529,11465,11529,64
rising,11637,11529,11637,108
climbing,11845,11637,11845,208
rising,11879,11845,11879,34
climbing,11963,11879,11963,84
walking,12071,11963,12071,108
left_turning,12105,12071,12105,34
sniffing,12131,12105,12131,26
climbing,12241,12131,12241,110
walking,12286,12241,12286,45
sniffing,12325,12286,12325,39
right_turning,12369,12325,12369,44
climbing,12408,12369,12408,39
sniffing,12472,12408,12472,64
walking,12508,12472,12508,36
rising,12543,12508,12543,35
left_turning,12547,12543,12547,4
walking,12599,12547,12599,52
sniffing,12600,12599,12600,1
climbing,12657,12600,12657,57
rising,12719,12657,12719,62
climbing,12741,12719,12741,22
walking,12778,12741,12778,37
left_turning,12818,12778,12818,40
sniffing,12875,12818,12875,57
rising,12973,12875,12973,98
sniffing,12974,12973,12974,1
rising,13016,12974,13016,42
rearing,13102,13016,13102,86
left_turning,13172,13102,13172,70
sniffing,13208,13172,13208,36
walking,13248,13208,13248,40
stepping,13249,13248,13249,1
climbing,13355,13249,13355,106
rising,13429,13355,13429,74
sniffing,13444,13429,13444,15
rising,13467,13444,13467,23
climbing,13508,13467,13508,41
sniffing,13520,13508,13520,12
rising,13560,13520,13560,40
sniffing,13615,13560,13615,55
walking,13648,13615,13648,33
sniffing,13671,13648,13671,23
trotting,13697,13671,13697,26
sniffing,13775,13697,13775,78
climbing,13776,13775,13776,1
rising,13777,13776,13777,1
sniffing,13799,13777,13799,22
walking,13811,13799,13811,12
sniffing,13816,13811,13816,5
left_turning,13835,13816,13835,19
walking,13889,13835,13889,54
sniffing,13969,13889,13969,80
climbing,14008,13969,14008,39
rising,14096,14008,14096,88
climbing,14169,14096,14169,73
rising,14172,14169,14172,3
climbing,14254,14172,14254,82
sniffing,14255,14254,14255,1
trotting,14324,14255,14324,69
sniffing,14325,14324,14325,1
right_turning,14366,14325,14366,41
left_turning,14367,14366,14367,1
trotting,14399,14367,14399,32
stepping,14443,14399,14443,44
running,14450,14443,14450,7
sniffing,14451,14450,14451,1
rising,14493,14451,14493,42
left_turning,14509,14493,14509,16
sniffing,14693,14509,14693,184
walking,14718,14693,14718,25
trotting,14739,14718,14739,21
walking,14895,14739,14895,156
right_turning,14928,14895,14928,33
walking,14982,14928,14982,54
rising,15043,14982,15043,61
sniffing,15071,15043,15071,28
rising,15117,15071,15117,46
climbing,15125,15117,15125,8
trotting,15174,15125,15174,49
walking,15175,15174,15175,1
sniffing,15248,15175,15248,73
rearing,15374,15248,15374,126
rising,15397,15374,15397,23
climbing,15398,15397,15398,1
trotting,15421,15398,15421,23
running,15447,15421,15447,26
left_turning,15486,15447,15486,39
running,15517,15486,15517,31
sniffing,15518,15517,15518,1
climbing,15545,15518,15545,27
sniffing,15665,15545,15665,120
hunching,15699,15665,15699,34
sniffing,15792,15699,15792,93
walking,15821,15792,15821,29
rising,15832,15821,15832,11
sniffing,15841,15832,15841,9
walking,15860,15841,15860,19
sniffing,15931,15860,15931,71
rising,15950,15931,15950,19
sniffing,15987,15950,15987,37
climbing,16058,15987,16058,71
walking,16088,16058,16088,30
sniffing,16094,16088,16094,6
climbing,16175,16094,16175,81
rising,16198,16175,16198,23
sniffing,16199,16198,16199,1
walking,16257,16199,16257,58
right_turning,16272,16257,16272,15
walking,16341,16272,16341,69
sniffing,16354,16341,16354,13
rising,16409,16354,16409,55
climbing,16410,16409,16410,1
rising,16444,16410,16444,34
sniffing,16467,16444,16467,23
right_turning,16492,16467,16492,25
left_turning,16536,16492,16536,44
sniffing,16582,16536,16582,46
trotting,16647,16582,16647,65
sniffing,16669,16647,16669,22
right_turning,16671,16669,16671,2
walking,16672,16671,16672,1
sniffing,16752,16672,16752,80
left_turning,16769,16752,16769,17
sniffing,16770,16769,16770,1
trotting,16772,16770,16772,2
sniffing,16846,16772,16846,74
walking,16931,16846,16931,85
trotting,16941,16931,16941,10
rising,16942,16941,16942,1
sniffing,16980,16942,16980,38
rising,17007,16980,17007,27
climbing,17062,17007,17062,55
trotting,17096,17062,17096,34
sniffing,17122,17096,17122,26
right_turning,17139,17122,17139,17
walking,17218,17139,17218,79
left_turning,17219,17218,17219,1
climbing,17252,17219,17252,33
trotting,17267,17252,17267,15
sniffing,17268,17267,17268,1
climbing,17349,17268,17349,81
walking,17427,17349,17427,78
rising,17497,17427,17497,70
climbing,17577,17497,17577,80
walking,17657,17577,17657,80
rising,17658,17657,17658,1
sniffing,17753,17658,17753,95
running,17803,17753,17803,50
left_turning,17828,17803,17828,25
sniffing,17836,17828,17836,8
trotting,17901,17836,17901,65
rising,17902,17901,17902,1
rearing,17926,17902,17926,24
walking,17927,17926,17927,1
climbing,17941,17927,17941,14
left_turning,17957,17941,17957,16
sniffing,17978,17957,17978,21
climbing,18046,17978,18046,68
rearing,18068,18046,18068,22
grooming,18135,18068,18135,67
rising,18195,18135,18195,60
left_turning,18238,18195,18238,43
walking,18291,18238,18291,53
sniffing,18309,18291,18309,18
left_turning,18329,18309,18329,20
sniffing,18330,18329,18330,1
rearing,18389,18330,18389,59
grooming,18478,18389,18478,89
rising,18496,18478,18496,18
sniffing,18500,18496,18500,4
right_turning,18524,18500,18524,24
walking,18610,18524,18610,86
sniffing,18710,18610,18710,100
rising,18733,18710,18733,23
trotting,18743,18733,18743,10
sniffing,18889,18743,18889,146
walking,18950,18889,18950,61
climbing,18978,18950,18978,28
rising,19060,18978,19060,82
rearing,19178,19060,19178,118
right_turning,19189,19178,19189,11
walking,19230,19189,19230,41
rearing,19231,19230,19231,1
rising,19232,19231,19232,1
right_turning,19247,19232,19247,15
trotting,19301,19247,19301,54
walking,19367,19301,19367,66
climbing,19451,19367,19451,84
rearing,19460,19451,19460,9
hunching,19461,19460,19461,1
walking,19502,19461,19502,41
left_turning,19564,19502,19564,62
walking,19662,19564,19662,98
left_turning,19698,19662,19698,36
sniffing,19753,19698,19753,55
rising,19754,19753,19754,1
sniffing,19920,19754,19920,166
grooming,19921,19920,19921,1
sniffing,20001,19921,20001,80
right_turning,20066,20001,20066,65
rising,20130,20066,20130,64
climbing,20180,20130,20180,50
walking,20193,20180,20193,13
sniffing,20348,20193,20348,155
walking,20384,20348,20384,36
sniffing,20467,20384,20467,83
stepping,20509,20467,20509,42
walking,20510,20509,20510,1
rising,20533,20510,20533,23
climbing,20573,20533,20573,40
walking,20616,20573,20616,43
sniffing,20617,20616,20617,1
walking,20656,20617,20656,39
sniffing,20719,20656,20719,63
trotting,20744,20719,20744,25
rising,20930,20744,20930,186
climbing,20987,20930,20987,57
sniffing,21059,20987,21059,72
climbing,21149,21059,21149,90
trotting,21206,21149,21206,57
sniffing,21263,21206,21263,57
walking,21270,21263,21270,7
rising,21301,21270,21301,31
sniffing,21465,21301,21465,164
walking,21480,21465,21480,15
rising,21507,21480,21507,27
climbing,21521,21507,21521,14
sniffing,21587,21521,21587,66
walking,21616,21587,21616,29
left_turning,21647,21616,21647,31
sniffing,21650,21647,21650,3
trotting,21665,21650,21665,15
left_turning,21750,21665,21750,85
walking,21811,21750,21811,61
sniffing,21858,21811,21858,47
stepping,21872,21858,21872,14
walking,21959,21872,21959,87
climbing,21965,21959,21965,6
stepping,22001,21965,22001,36
sniffing,22051,22001,22051,50
climbing,22084,22051,22084,33
running,22130,22084,22130,46
sniffing,22176,22130,22176,46
left_turning,22184,22176,22184,8
sniffing,22237,22184,22237,53
walking,22251,22237,22251,14
rising,22289,22251,22289,38
sniffing,22316,22289,22316,27
left_turning,22317,22316,22317,1
climbing,22378,22317,22378,61
rising,22415,22378,22415,37
walking,22499,22415,22499,84
right_turning,22561,22499,22561,62
climbing,22562,22561,22562,1
sniffing,22734,22562,22734,172
rearing,22782,22734,22782,48
climbing,22803,22782,22803,21
rearing,22969,22803,22969,166
hunching,22970,22969,22970,1
rising,22997,22970,22997,27
left_turning,23014,22997,23014,17
sniffing,23071,23014,23071,57
left_turning,23144,23071,23144,73
sniffing,23203,23144,23203,59
left_turning,23250,23203,23250,47
running,23275,23250,23275,25
climbing,23332,23275,23332,57
right_turning,23346,23332,23346,14
stepping,23347,23346,23347,1
running,23351,23347,23351,4
stepping,23403,23351,23403,52
right_turning,23441,23403,23441,38
sniffing,23617,23441,23617,176
rising,23652,23617,23652,35
sniffing,23715,23652,23715,63
rising,23746,23715,23746,31
climbing,23765,23746,23765,19
rising,23911,23765,23911,146
climbing,23958,23911,23958,47
walking,23987,23958,23987,29
right_turning,24057,23987,24057,70
trotting,24093,24057,24093,36
left_turning,24142,24093,24142,49
walking,24163,24142,24163,21
trotting,24180,24163,24180,17
hunching,24183,24180,24183,3
walking,24215,24183,24215,32
sniffing,24223,24215,24223,8
rising,24227,24223,24227,4
climbing,24267,24227,24267,40
rising,24286,24267,24286,19
climbing,24322,24286,24322,36
right_turning,24323,24322,24323,1
rising,24370,24323,24370,47
hunching,24397,24370,24397,27
rising,24398,24397,24398,1
climbing,24428,24398,24428,30
sniffing,24429,24428,24429,1
climbing,24464,24429,24464,35
rising,24488,24464,24488,24
grooming,24489,24488,24489,1
walking,24500,24489,24500,11
sniffing,24540,24500,24540,40
stepping,24603,24540,24603,63
right_turning,24608,24603,24608,5
walking,24723,24608,24723,115
rising,24731,24723,24731,8
climbing,24772,24731,24772,41
sniffing,24773,24772,24773,1
walking,24880,24773,24880,107
left_turning,24916,24880,24916,36
walking,24963,24916,24963,47
sniffing,24972,24963,24972,9
right_turning,24977,24972,24977,5
trotting,24995,24977,24995,18
walking,25062,24995,25062,67
climbing,25089,25062,25089,27
rising,25123,25089,25123,34
sniffing,25209,25123,25209,86
trotting,25210,25209,25210,1
left_turning,25261,25210,25261,51
sniffing,25266,25261,25266,5
stepping,25267,25266,25267,1
hunching,25303,25267,25303,36
rising,25315,25303,25315,12
sniffing,25389,25315,25389,74
climbing,25390,25389,25390,1
rearing,25466,25390,25466,76
rising,25474,25466,25474,8
sniffing,25575,25474,25575,101
right_turning,25609,25575,25609,34
climbing,25643,25609,25643,34
hunching,25769,25643,25769,126
rising,25809,25769,25809,40
climbing,25939,25809,25939,130
walking,25940,25939,25940,1
sniffing,25956,25940,25956,16
trotting,26010,25956,26010,54
walking,26053,26010,26053,43
trotting,26077,26053,26077,24
walking,26083,26077,26083,6
left_turning,26115,26083,26115,32
walking,26198,26115,26198,83
sniffing,26244,26198,26244,46
left_turning,26368,26244,26368,124
sniffing,26369,26368,26369,1
rearing,26387,26369,26387,18
right_turning,26411,26387,26411,24
rising,26441,26411,26441,30
sniffing,26442,26441,26442,1
climbing,26494,26442,26494,52
sniffing,26508,26494,26508,14
walking,26565,26508,26565,57
sniffing,26606,26565,26606,41
stepping,26637,26606,26637,31
sniffing,26735,26637,26735,98
jumping,26796,26735,26796,61
right_turning,26868,26796,26868,72
sniffing,26907,26868,26907,39
climbing,26972,26907,26972,65
left_turning,27029,26972,27029,57
sniffing,27046,27029,27046,17
climbing,27063,27046,27063,17
rising,27118,27063,27118,55
climbing,27199,27118,27199,81
sniffing,27547,27199,27547,348
rising,27609,27547,27609,62
walking,27726,27609,27726,117
left_turning,27745,27726,27745,19
sniffing,27746,27745,27746,1
walking,27767,27746,27767,21
sniffing,27768,27767,27768,1
left_turning,27786,27768,27786,18
walking,27807,27786,27807,21
sniffing,27886,27807,27886,79
walking,27916,27886,27916,30
left_turning,27986,27916,27986,70
walking,28022,27986,28022,36
running,28048,28022,28048,26
sniffing,28118,28048,28118,70
rising,28178,28118,28178,60
sniffing,28259,28178,28259,81
rising,28260,28259,28260,1
climbing,28261,28260,28261,1
walking,28264,28261,28264,3
right_turning,28275,28264,28275,11
walking,28276,28275,28276,1
left_turning,28332,28276,28332,56
sniffing,28427,28332,28427,95
walking,28503,28427,28503,76
sniffing,28613,28503,28613,110
left_turning,28620,28613,28620,7
climbing,28696,28620,28696,76
walking,28697,28696,28697,1
rising,28698,28697,28698,1
left_turning,28709,28698,28709,11
walking,28725,28709,28725,16
sniffing,28817,28725,28817,92
rising,28866,28817,28866,49
trotting,28910,28866,28910,44
sniffing,28952,28910,28952,42
right_turning,28969,28952,28969,17
walking,28997,28969,28997,28
running,29036,28997,29036,39
walking,29052,29036,29052,16
climbing,29188,29052,29188,136
rising,29234,29188,29234,46
sniffing,29283,29234,29283,49
rising,29340,29283,29340,57
sniffing,29428,29340,29428,88
walking,29429,29428,29429,1
rising,29440,29429,29440,11
stepping,29501,29440,29501,61
sniffing,29542,29501,29542,41
walking,29596,29542,29596,54
left_turning,29611,29596,29611,15
sniffing,29703,29611,29703,92
left_turning,29726,29703,29726,23
walking,29754,29726,29754,28
right_turning,29801,29754,29801,47
walking,29848,29801,29848,47
sniffing,29849,29848,29849,1
climbing,29903,29849,29903,54
rearing,29958,29903,29958,55
grooming,30085,29958,30085,127
right_turning,30132,30085,30132,47
running,30144,30132,30144,12
climbing,30156,30144,30156,12
walking,30186,30156,30186,30
sniffing,30195,30186,30195,9
rising,30207,30195,30207,12
rearing,30245,30207,30245,38
walking,30258,30245,30258,13
trotting,30265,30258,30265,7
sniffing,30295,30265,30295,30
walking,30304,30295,30304,9
climbing,30338,30304,30338,34
right_turning,30339,30338,30339,1
sniffing,30345,30339,30345,6
climbing,30362,30345,30362,17
rising,30384,30362,30384,22
stepping,30440,30384,30440,56
rearing,30532,30440,30532,92
grooming,30642,30532,30642,110
rearing,30771,30642,30771,129
climbing,30781,30771,30781,10
rising,30782,30781,30782,1
sniffing,30807,30782,30807,25
climbing,30864,30807,30864,57
left_turning,30908,30864,30908,44
walking,30947,30908,30947,39
sniffing,30948,30947,30948,1
left_turning,30994,30948,30994,46
sniffing,31038,30994,31038,44
left_turning,31052,31038,31052,14
trotting,31079,31052,31079,27
sniffing,31557,31079,31557,478
walking,31671,31557,31671,114
sniffing,31724,31671,31724,53
left_turning,31748,31724,31748,24
sniffing,31749,31748,31749,1
walking,31801,31749,31801,52
right_turning,31852,31801,31852,51
running,31890,31852,31890,38
sniffing,31963,31890,31963,73
rising,32074,31963,32074,111
walking,32075,32074,32075,1
sniffing,32128,32075,32128,53
trotting,32187,32128,32187,59
left_turning,32262,32187,32262,75
sniffing,32332,32262,32332,70
trotting,32392,32332,32392,60
walking,32395,32392,32395,3
climbing,32407,32395,32407,12
sniffing,32408,32407,32408,1
climbing,32480,32408,32480,72
rearing,32488,32480,32488,8
right_turning,32571,32488,32571,83
walking,32572,32571,32572,1
sniffing,32629,32572,32629,57
left_turning,32677,32629,32677,48
trotting,32700,32677,32700,23
walking,32825,32700,32825,125
stepping,32886,32825,32886,61
rising,32887,32886,32887,1
climbing,32907,32887,32907,20
sniffing,32995,32907,32995,88
rising,33023,32995,33023,28
walking,33029,33023,33029,6
left_turning,33054,33029,33054,25
sniffing,33120,33054,33120,66
right_turning,33185,33120,33185,65
sniffing,33291,33185,33291,106
rising,33378,33291,33378,87
climbing,33389,33378,33389,11
walking,33408,33389,33408,19
sniffing,33455,33408,33455,47
walking,33481,33455,33481,26
sniffing,33582,33481,33582,101
walking,33591,33582,33591,9
climbing,33627,33591,33627,36
walking,33640,33627,33640,13
climbing,33727,33640,33727,87
rearing,33728,33727,33728,1
climbing,33817,33728,33817,89
trotting,33874,33817,33874,57
sniffing,33904,33874,33904,30
rising,34009,33904,34009,105
left_turning,34051,34009,34051,42
walking,34083,34051,34083,32
sniffing,34198,34083,34198,115
climbing,34265,34198,34265,67
walking,34336,34265,34336,71
stepping,34388,34336,34388,52
sniffing,34565,34388,34565,177
pausing,34765,34565,34765,200
sniffing,34826,34765,34826,61
trotting,34834,34826,34834,8
sniffing,34868,34834,34868,34
rising,34886,34868,34886,18
left_turning,34903,34886,34903,17
walking,34999,34903,34999,96
sniffing,35055,34999,35055,56
climbing,35073,35055,35073,18
walking,35085,35073,35085,12
left_turning,35118,35085,35118,33
walking,35131,35118,35131,13
left_turning,35166,35131,35166,35
walking,35195,35166,35195,29
stepping,35226,35195,35226,31
rising,35227,35226,35227,1
climbing,35254,35227,35254,27
sniffing,35255,35254,35255,1
rising,35304,35255,35304,49
grooming,35493,35304,35493,189
hunching,35573,35493,35573,80
sniffing,35574,35573,35574,1
stepping,35629,35574,35629,55
sniffing,35809,35629,35809,180
rising,35821,35809,35821,12
walking,35872,35821,35872,51
sniffing,35990,35872,35990,118
hunching,35991,35990,35991,1
climbing,36009,35991,36009,18
walking,36105,36009,36105,96
sniffing,36192,36105,36192,87
left_turning,36193,36192,36193,1
walking,36228,36193,36228,35
sniffing,36268,36228,36268,40
left_turning,36273,36268,36273,5
walking,36297,36273,36297,24
left_turning,36298,36297,36298,1
trotting,36326,36298,36326,28
walking,36396,36326,36396,70
rising,36417,36396,36417,21
walking,36474,36417,36474,57
climbing,36526,36474,36526,52
sniffing,36601,36526,36601,75
rearing,36654,36601,36654,53
walking,36726,36654,36726,72
stepping,36785,36726,36785,59
right_turning,36794,36785,36794,9
walking,36831,36794,36831,37
sniffing,36869,36831,36869,38
rearing,36870,36869,36870,1
climbing,36888,36870,36888,18
hunching,36889,36888,36889,1
sniffing,37009,36889,37009,120
left_turning,37037,37009,37037,28
sniffing,37038,37037,37038,1
trotting,37064,37038,37064,26
sniffing,37278,37064,37278,214
walking,37330,37278,37330,52
trotting,37374,37330,37374,44
walking,37457,37374,37457,83
sniffing,37466,37457,37466,9
walking,37504,37466,37504,38
stepping,37505,37504,37505,1
sniffing,37506,37505,37506,1
right_turning,37558,37506,37558,52
walking,37559,37558,37559,1
sniffing,37682,37559,37682,123
rising,37683,37682,37683,1
left_turning,37684,37683,37684,1
sniffing,37685,37684,37685,1
rearing,37736,37685,37736,51
trotting,37770,37736,37770,34
walking,37795,37770,37795,25
sniffing,37796,37795,37796,1
stepping,37845,37796,37845,49
sniffing,37846,37845,37846,1
rearing,37852,37846,37852,6
left_turning,37903,37852,37903,51
sniffing,37948,37903,37948,45
grooming,37969,37948,37969,21
rising,38023,37969,38023,54
climbing,38024,38023,38024,1
right_turning,38047,38024,38047,23
sniffing,38174,38047,38174,127
trotting,38226,38174,38226,52
left_turning,38288,38226,38288,62
trotting,38304,38288,38304,16
rising,38330,38304,38330,26
right_turning,38354,38330,38354,24
running,38357,38354,38357,3
trotting,38358,38357,38358,1
left_turning,38359,38358,38359,1
rising,38401,38359,38401,42
sniffing,38402,38401,38402,1
rising,38403,38402,38403,1
sniffing,38443,38403,38443,40
climbing,38520,38443,38520,77
trotting,38542,38520,38542,22
walking,38661,38542,38661,119
right_turning,38662,38661,38662,1
running,38697,38662,38697,35
walking,38763,38697,38763,66
left_turning,38816,38763,38816,53
sniffing,38886,38816,38886,70
climbing,39009,38886,39009,123
walking,39057,39009,39057,48
sniffing,39113,39057,39113,56
rearing,39120,39113,39120,7
climbing,39167,39120,39167,47
sniffing,39232,39167,39232,65
walking,39261,39232,39261,29
sniffing,39302,39261,39302,41
running,39313,39302,39313,11
rising,39335,39313,39335,22
right_turning,39371,39335,39371,36
trotting,39395,39371,39395,24
walking,39419,39395,39419,24
trotting,39439,39419,39439,20
sniffing,39533,39439,39533,94
rearing,39550,39533,39550,17
climbing,39680,39550,39680,130
rising,39745,39680,39745,65
climbing,39826,39745,39826,81
walking,39827,39826,39827,1
stepping,39916,39827,39916,89
left_turning,39917,39916,39917,1
trotting,39943,39917,39943,26
sniffing,40004,39943,40004,61
left_turning,40039,40004,40039,35
sniffing,40153,40039,40153,114
walking,40154,40153,40154,1
sniffing,40155,40154,40155,1
rising,40156,40155,40156,1
rearing,40241,40156,40241,85
climbing,40242,40241,40242,1
running,40261,40242,40261,19
sniffing,40314,40261,40314,53
walking,40347,40314,40347,33
left_turning,40397,40347,40397,50
sniffing,40478,40397,40478,81
rising,40541,40478,40541,63
sniffing,40600,40541,40600,59
right_turning,40617,40600,40617,17
hunching,40693,40617,40693,76
climbing,40714,40693,40714,21
walking,40771,40714,40771,57
sniffing,40772,40771,40772,1
rising,40786,40772,40786,14
hunching,40815,40786,40815,29
sniffing,40921,40815,40921,106
trotting,40922,40921,40922,1
sniffing,40923,40922,40923,1
hunching,40945,40923,40945,22
grooming,40946,40945,40946,1
sniffing,40947,40946,40947,1
left_turning,40951,40947,40951,4
walking,40988,40951,40988,37
rising,41000,40988,41000,12
climbing,41068,41000,41068,68
walking,41107,41068,41107,39
trotting,41108,41107,41108,1
rearing,41123,41108,41123,15
walking,41176,41123,41176,53
trotting,41197,41176,41197,21
sniffing,41274,41197,41274,77
trotting,41320,41274,41320,46
sniffing,41356,41320,41356,36
walking,41357,41356,41357,1
trotting,41360,41357,41360,3
sniffing,41396,41360,41396,36
rearing,41423,41396,41423,27
right_turning,41460,41423,41460,37
trotting,41495,41460,41495,35
left_turning,41550,41495,41550,55
sniffing,41555,41550,41555,5
climbing,41612,41555,41612,57
rearing,41680,41612,41680,68
sniffing,41681,41680,41681,1
left_turning,41689,41681,41689,8
sniffing,41768,41689,41768,79
rearing,41910,41768,41910,142
rising,41974,41910,41974,64
climbing,42118,41974,42118,144
rising,42135,42118,42135,17
trotting,42161,42135,42161,26
sniffing,42162,42161,42162,1
climbing,42206,42162,42206,44
rising,42276,42206,42276,70
rearing,42300,42276,42300,24
rising,42332,42300,42332,32
walking,42398,42332,42398,66
climbing,42473,42398,42473,75
sniffing,42501,42473,42501,28
climbing,42577,42501,42577,76
rising,42585,42577,42585,8
sniffing,42635,42585,42635,50
left_turning,42641,42635,42641,6
walking,42644,42641,42644,3
sniffing,42728,42644,42728,84
hunching,42894,42728,42894,166
climbing,43030,42894,43030,136
sniffing,43080,43030,43080,50
right_turning,43083,43080,43083,3
walking,43090,43083,43090,7
trotting,43104,43090,43104,14
walking,43124,43104,43124,20
left_turning,43144,43124,43144,20
sniffing,43145,43144,43145,1
walking,43214,43145,43214,69
running,43215,43214,43215,1
rising,43216,43215,43216,1
walking,43288,43216,43288,72
climbing,43306,43288,43306,18
rearing,43360,43306,43360,54
rising,43386,43360,43386,26
rearing,43397,43386,43397,11
left_turning,43447,43397,43447,50
trotting,43489,43447,43489,42
walking,43518,43489,43518,29
rising,43548,43518,43548,30
climbing,43549,43548,43549,1
right_turning,43588,43549,43588,39
sniffing,43589,43588,43589,1
hunching,43685,43589,43685,96
walking,43721,43685,43721,36
sniffing,43788,43721,43788,67
rising,43858,43788,43858,70
climbing,43944,43858,43944,86
rising,44029,43944,44029,85
climbing,44144,44029,44144,115
sniffing,44145,44144,44145,1
climbing,44220,44145,44220,75
left_turning,44264,44220,44264,44
right_turning,44265,44264,44265,1
sniffing,44271,44265,44271,6
rising,44272,44271,44272,1
sniffing,44290,44272,44290,18
rising,44291,44290,44291,1
walking,44421,44291,44421,130
climbing,44466,44421,44466,45
right_turning,44484,44466,44484,18
jumping,44519,44484,44519,35
rearing,44617,44519,44617,98
sniffing,44671,44617,44671,54
walking,44706,44671,44706,35
rising,44726,44706,44726,20
climbing,44769,44726,44769,43
right_turning,44804,44769,44804,35
walking,44870,44804,44870,66
sniffing,44871,44870,44871,1
right_turning,44872,44871,44872,1
walking,44926,44872,44926,54
climbing,45011,44926,45011,85
left_turning,45074,45011,45074,63
sniffing,45086,45074,45086,12
rising,45165,45086,45165,79
sniffing,45179,45165,45179,14
walking,45244,45179,45244,65
sniffing,45326,45244,45326,82
walking,45352,45326,45352,26
climbing,45432,45352,45432,80
rising,45452,45432,45452,20
sniffing,45516,45452,45516,64
rising,45532,45516,45532,16
sniffing,45647,45532,45647,115
trotting,45667,45647,45667,20
left_turning,45691,45667,45691,24
walking,45730,45691,45730,39
trotting,45756,45730,45756,26
climbing,45757,45756,45757,1
rising,45787,45757,45787,30
climbing,45794,45787,45794,7
trotting,45857,45794,45857,63
stepping,45884,45857,45884,27
climbing,45936,45884,45936,52
rearing,46037,45936,46037,101
hunching,46112,46037,46112,75
trotting,46158,46112,46158,46
sniffing,46300,46158,46300,142
stepping,46315,46300,46315,15
left_turning,46333,46315,46333,18
rising,46380,46333,46380,47
right_turning,46425,46380,46425,45
trotting,46495,46425,46495,70
rising,46524,46495,46524,29
sniffing,46625,46524,46625,101
left_turning,46642,46625,46642,17
rising,46690,46642,46690,48
rearing,46728,46690,46728,38
right_turning,46745,46728,46745,17
sniffing,46868,46745,46868,123
hunching,46930,46868,46930,62
grooming,47019,46930,47019,89
rearing,47020,47019,47020,1
climbing,47114,47020,47114,94
trotting,47167,47114,47167,53
running,47186,47167,47186,19
walking,47187,47186,47187,1
climbing,47250,47187,47250,63
grooming,47346,47250,47346,96
rearing,47422,47346,47422,76
climbing,47473,47422,47473,51
sniffing,47478,47473,47478,5
rising,47514,47478,47514,36
sniffing,47574,47514,47574,60
grooming,47732,47574,47732,158
climbing,47754,47732,47754,22
rising,47856,47754,47856,102
climbing,47893,47856,47893,37
rearing,47926,47893,47926,33
climbing,48055,47926,48055,129
sniffing,48056,48055,48056,1
left_turning,48074,48056,48074,18
rising,48112,48074,48112,38
rearing,48258,48112,48258,146
climbing,48291,48258,48291,33
running,48321,48291,48321,30
sniffing,48385,48321,48385,64
climbing,48404,48385,48404,19
sniffing,48482,48404,48482,78
rearing,48554,48482,48554,72
sniffing,48599,48554,48599,45
left_turning,48634,48599,48634,35
walking,48661,48634,48661,27
trotting,48704,48661,48704,43
sniffing,48746,48704,48746,42
running,48776,48746,48776,30
left_turning,48825,48776,48825,49
sniffing,48941,48825,48941,116
left_turning,48957,48941,48957,16
trotting,48982,48957,48982,25
climbing,49031,48982,49031,49
sniffing,49081,49031,49081,50
left_turning,49111,49081,49111,30
running,49119,49111,49119,8
sniffing,49134,49119,49134,15
hunching,49211,49134,49211,77
rearing,49316,49211,49316,105
sniffing,49317,49316,49317,1
walking,49336,49317,49336,19
sniffing,49355,49336,49355,19
walking,49462,49355,49462,107
sniffing,49493,49462,49493,31
rising,49533,49493,49533,40
sniffing,49623,49533,49623,90
hunching,49636,49623,49636,13
sniffing,49740,49636,49740,104
rising,49826,49740,49826,86
climbing,49897,49826,49897,71
sniffing,49898,49897,49898,1
rearing,49979,49898,49979,81
sniffing,50027,49979,50027,48
hunching,50111,50027,50111,84
stepping,50128,50111,50128,17
climbing,50218,50128,50218,90
sniffing,50358,50218,50358,140
right_turning,50389,50358,50389,31
left_turning,50419,50389,50419,30
walking,50425,50419,50425,6
rearing,50479,50425,50479,54
climbing,50531,50479,50531,52
walking,50575,50531,50575,44
rising,50602,50575,50602,27
rearing,50603,50602,50603,1
rising,50622,50603,50622,19
sniffing,50623,50622,50623,1
rising,50624,50623,50624,1
sniffing,50829,50624,50829,205
rising,50830,50829,50830,1
walking,50886,50830,50886,56
climbing,50928,50886,50928,42
sniffing,50968,50928,50968,40
climbing,50986,50968,50986,18
sniffing,50987,50986,50987,1
climbing,51012,50987,51012,25
trotting,51049,51012,51049,37
rising,51075,51049,51075,26
climbing,51130,51075,51130,55
walking,51186,51130,51186,56
climbing,51252,51186,51252,66
sniffing,51260,51252,51260,8
left_turning,51271,51260,51271,11
trotting,51305,51271,51305,34
sniffing,51351,51305,51351,46
stepping,51410,51351,51410,59
rising,51413,51410,51413,3
walking,51429,51413,51429,16
climbing,51432,51429,51432,3
sniffing,51612,51432,51612,180
hunching,51659,51612,51659,47
stepping,51673,51659,51673,14
walking,51728,51673,51728,55
sniffing,51764,51728,51764,36
walking,51804,51764,51804,40
trotting,51818,51804,51818,14
climbing,51892,51818,51892,74
trotting,51923,51892,51923,31
walking,51947,51923,51947,24
left_turning,51948,51947,51948,1
sniffing,52058,51948,52058,110
climbing,52168,52058,52168,110
sniffing,52300,52168,52300,132
rising,52347,52300,52347,47
climbing,52386,52347,52386,39
rising,52437,52386,52437,51
walking,52478,52437,52478,41
sniffing,52479,52478,52479,1
walking,52505,52479,52505,26
sniffing,52517,52505,52517,12
rising,52556,52517,52556,39
walking,52590,52556,52590,34
rising,52700,52590,52700,110
sniffing,52807,52700,52807,107
right_turning,52808,52807,52808,1
trotting,52827,52808,52827,19
sniffing,52946,52827,52946,119
rising,52950,52946,52950,4
walking,53043,52950,53043,93
stepping,53082,53043,53082,39
walking,53125,53082,53125,43
climbing,53136,53125,53136,11
hunching,53166,53136,53166,30
climbing,53232,53166,53232,66
trotting,53240,53232,53240,8
walking,53241,53240,53241,1
rearing,53242,53241,53242,1
running,53271,53242,53271,29
walking,53314,53271,53314,43
sniffing,53325,53314,53325,11
stepping,53366,53325,53366,41
sniffing,53533,53366,53533,167
left_turning,53568,53533,53568,35
walking,53627,53568,53627,59
trotting,53665,53627,53665,38
sniffing,53666,53665,53666,1
left_turning,53668,53666,53668,2
rising,53719,53668,53719,51
rearing,53720,53719,53720,1
rising,53731,53720,53731,11
rearing,53745,53731,53745,14
walking,53801,53745,53801,56
left_turning,53807,53801,53807,6
sniffing,53808,53807,53808,1
walking,53887,53808,53887,79
rearing,53893,53887,53893,6
rising,53912,53893,53912,19
climbing,53943,53912,53943,31
running,53965,53943,53965,22
sniffing,54122,53965,54122,157
climbing,54156,54122,54156,34
rearing,54225,54156,54225,69
rising,54236,54225,54236,11
sniffing,54300,54236,54300,64
left_turning,54322,54300,54322,22
sniffing,54335,54322,54335,13
left_turning,54371,54335,54371,36
walking,54386,54371,54386,15
rising,54444,54386,54444,58
left_turning,54487,54444,54487,43
walking,54513,54487,54513,26
climbing,54531,54513,54531,18
running,54544,54531,54544,13
sniffing,54568,54544,54568,24
climbing,54595,54568,54595,27
walking,54651,54595,54651,56
rising,54714,54651,54714,63
sniffing,54722,54714,54722,8
walking,54723,54722,54723,1
trotting,54776,54723,54776,53
sniffing,54844,54776,54844,68
rising,54878,54844,54878,34
climbing,54949,54878,54949,71
rearing,54979,54949,54979,30
left_turning,55003,54979,55003,24
sniffing,55218,55003,55218,215
rising,55260,55218,55260,42
rearing,55288,55260,55288,28
walking,55322,55288,55322,34
trotting,55377,55322,55377,55
walking,55399,55377,55399,22
climbing,55415,55399,55415,16
trotting,55447,55415,55447,32
sniffing,55523,55447,55523,76
walking,55537,55523,55537,14
sniffing,55538,55537,55538,1
rising,55546,55538,55546,8
climbing,55547,55546,55547,1
walking,55574,55547,55574,27
rising,55606,55574,55606,32
sniffing,55770,55606,55770,164
left_turning,55800,55770,55800,30
sniffing,55801,55800,55801,1
hunching,55802,55801,55802,1
right_turning,55836,55802,55836,34
sniffing,55896,55836,55896,60
rising,55928,55896,55928,32
climbing,55954,55928,55954,26
sniffing,55955,55954,55955,1
walking,55970,55955,55970,15
rising,55990,55970,55990,20
sniffing,56107,55990,56107,117
rising,56157,56107,56157,50
sniffing,56416,56157,56416,259
climbing,56597,56416,56597,181
rising,56649,56597,56649,52
hunching,56730,56649,56730,81
climbing,56740,56730,56740,10
rising,56741,56740,56741,1
sniffing,56742,56741,56742,1
rising,56743,56742,56743,1
left_turning,56785,56743,56785,42
sniffing,56804,56785,56804,19
left_turning,56851,56804,56851,47
trotting,56914,56851,56914,63
walking,56938,56914,56938,24
sniffing,57051,56938,57051,113
rising,57067,57051,57067,16
climbing,57122,57067,57122,55
rising,57145,57122,57145,23
sniffing,57172,57145,57172,27
running,57180,57172,57180,8
stepping,57181,57180,57181,1
walking,57194,57181,57194,13
rising,57205,57194,57205,11
climbing,57218,57205,57218,13
right_turning,57268,57218,57268,50
walking,57299,57268,57299,31
climbing,57300,57299,57300,1
running,57323,57300,57323,23
walking,57324,57323,57324,1
climbing,57424,57324,57424,100
rearing,57478,57424,57478,54
sniffing,57581,57478,57581,103
walking,57620,57581,57620,39
sniffing,57686,57620,57686,66
walking,57687,57686,57687,1
stepping,57731,57687,57731,44
walking,57788,57731,57788,57
sniffing,57789,57788,57789,1
pausing,57826,57789,57826,37
sniffing,57889,57826,57889,63
grooming,57926,57889,57926,37
sniffing,57940,57926,57940,14
walking,58019,57940,58019,79
sniffing,58048,58019,58048,29
rising,58049,58048,58049,1
climbing,58119,58049,58119,70
right_turning,58169,58119,58169,50
walking,58225,58169,58225,56
sniffing,58244,58225,58244,19
trotting,58280,58244,58280,36
sniffing,58402,58280,58402,122
walking,58407,58402,58407,5
climbing,58441,58407,58441,34
right_turning,58519,58441,58519,78
running,58549,58519,58549,30
trotting,58590,58549,58590,41
sniffing,58830,58590,58830,240
rising,58848,58830,58848,18
left_turning,58903,58848,58903,55
walking,58904,58903,58904,1
trotting,58928,58904,58928,24
rising,58966,58928,58966,38
climbing,59063,58966,59063,97
running,59104,59063,59104,41
walking,59118,59104,59118,14
running,59143,59118,59143,25
sniffing,59144,59143,59144,1
left_turning,59146,59144,59146,2
walking,59176,59146,59176,30
running,59217,59176,59217,41
sniffing,59411,59217,59411,194
left_turning,59486,59411,59486,75
stepping,59540,59486,59540,54
walking,59562,59540,59562,22
sniffing,59667,59562,59667,105
rising,59738,59667,59738,71
sniffing,59816,59738,59816,78
climbing,59822,59816,59822,6
rearing,59901,59822,59901,79
rising,59918,59901,59918,17
climbing,60071,59918,60071,153
hunching,60104,60071,60104,33
grooming,60105,60104,60105,1
walking,60106,60105,60106,1
left_turning,60136,60106,60136,30
sniffing,60137,60136,60137,1
walking,60139,60137,60139,2
stepping,60172,60139,60172,33
left_turning,60215,60172,60215,43
walking,60265,60215,60265,50
sniffing,60324,60265,60324,59
stepping,60359,60324,60359,35
sniffing,60556,60359,60556,197
rising,60567,60556,60567,11
climbing,60593,60567,60593,26
sniffing,60633,60593,60633,40
walking,60697,60633,60697,64
left_turning,60713,60697,60713,16
rising,60741,60713,60741,28
rearing,60794,60741,60794,53
climbing,60893,60794,60893,99
rising,60933,60893,60933,40
climbing,60964,60933,60964,31
rising,60987,60964,60987,23
sniffing,61047,60987,61047,60
rising,61056,61047,61056,9
walking,61130,61056,61130,74
rising,61186,61130,61186,56
sniffing,61239,61186,61239,53
left_turning,61257,61239,61257,18
walking,61302,61257,61302,45
sniffing,61303,61302,61303,1
walking,61308,61303,61308,5
sniffing,61362,61308,61362,54
walking,61400,61362,61400,38
climbing,61442,61400,61442,42
right_turning,61463,61442,61463,21
sniffing,61721,61463,61721,258
left_turning,61755,61721,61755,34
sniffing,61756,61755,61756,1
rising,61790,61756,61790,34
climbing,61793,61790,61793,3
rearing,61804,61793,61804,11
rising,61810,61804,61810,6
climbing,61841,61810,61841,31
walking,61955,61841,61955,114
climbing,62053,61955,62053,98
running,62089,62053,62089,36
rising,62123,62089,62123,34
rearing,62325,62123,62325,202
sniffing,62326,62325,62326,1
rising,62390,62326,62390,64
rearing,62474,62390,62474,84
walking,62480,62474,62480,6
right_turning,62489,62480,62489,9
walking,62535,62489,62535,46
climbing,62596,62535,62596,61
rearing,62784,62596,62784,188
sniffing,62785,62784,62785,1
running,62827,62785,62827,42
walking,62955,62827,62955,128
rising,62956,62955,62956,1
jumping,62957,62956,62957,1
rearing,63006,62957,63006,49
left_turning,63075,63006,63075,69
sniffing,63324,63075,63324,249
left_turning,63325,63324,63325,1
running,63326,63325,63326,1
sniffing,63327,63326,63327,1
climbing,63407,63327,63407,80
sniffing,63466,63407,63466,59
left_turning,63490,63466,63490,24
sniffing,63585,63490,63585,95
climbing,63641,63585,63641,56
right_turning,63642,63641,63642,1
climbing,63677,63642,63677,35
sniffing,63847,63677,63847,170
pausing,64081,63847,64081,234
sniffing,64104,64081,64104,23
rearing,64124,64104,64124,20
grooming,64156,64124,64156,32
rearing,64253,64156,64253,97
climbing,64281,64253,64281,28
sniffing,64301,64281,64301,20
climbing,64302,64301,64302,1
walking,64340,64302,64340,38
climbing,64469,64340,64469,129
right_turning,64488,64469,64488,19
stepping,64489,64488,64489,1
left_turning,64545,64489,64545,56
walking,64617,64545,64617,72
stepping,64657,64617,64657,40
walking,64707,64657,64707,50
sniffing,64803,64707,64803,96
rising,64871,64803,64871,68
left_turning,64949,64871,64949,78
walking,64955,64949,64955,6
sniffing,65138,64955,65138,183
walking,65242,65138,65242,104
rising,65258,65242,65258,16
sniffing,65277,65258,65277,19
walking,65322,65277,65322,45
sniffing,65363,65322,65363,41
trotting,65387,65363,65387,24
right_turning,65423,65387,65423,36
walking,65434,65423,65434,11
rising,65461,65434,65461,27
stepping,65468,65461,65468,7
sniffing,65593,65468,65593,125
pausing,65802,65593,65802,209
sniffing,65854,65802,65854,52
hunching,65927,65854,65927,73
sniffing,65979,65927,65979,52
rising,65980,65979,65980,1
sniffing,66045,65980,66045,65
rising,66074,66045,66074,29
sniffing,66196,66074,66196,122
grooming,66259,66196,66259,63
sniffing,66260,66259,66260,1
walking,66277,66260,66277,17
grooming,66278,66277,66278,1
climbing,66330,66278,66330,52
rising,66407,66330,66407,77
climbing,66464,66407,66464,57
right_turning,66526,66464,66526,62
stepping,66590,66526,66590,64
walking,66704,66590,66704,114
climbing,66813,66704,66813,109
walking,66830,66813,66830,17
sniffing,67190,66830,67190,360
stepping,67266,67190,67266,76
sniffing,67328,67266,67328,62
rearing,67371,67328,67371,43
grooming,67503,67371,67503,132
climbing,67543,67503,67543,40
sniffing,67679,67543,67679,136
walking,67751,67679,67751,72
rising,67768,67751,67768,17
climbing,67871,67768,67871,103
rearing,67887,67871,67887,16
left_turning,67892,67887,67892,5
rising,67893,67892,67893,1
sniffing,67907,67893,67907,14
walking,67975,67907,67975,68
stepping,68030,67975,68030,55
walking,68074,68030,68074,44
climbing,68137,68074,68137,63
grooming,68441,68137,68441,304
sniffing,68504,68441,68504,63
rising,68505,68504,68505,1
right_turning,68506,68505,68506,1
walking,68507,68506,68507,1
sniffing,68508,68507,68508,1
walking,68516,68508,68516,8
sniffing,68620,68516,68620,104
right_turning,68621,68620,68621,1
stepping,68658,68621,68658,37
sniffing,68765,68658,68765,107
rising,68802,68765,68802,37
trotting,68803,68802,68803,1
climbing,68887,68803,68887,84
walking,68941,68887,68941,54
sniffing,69009,68941,69009,68
rising,69063,69009,69063,54
sniffing,69222,69063,69222,159
trotting,69276,69222,69276,54
walking,69335,69276,69335,59
sniffing,69353,69335,69353,18
rising,69400,69353,69400,47
sniffing,69505,69400,69505,105
running,69530,69505,69530,25
walking,69592,69530,69592,62
rising,69700,69592,69700,108
climbing,69743,69700,69743,43
sniffing,69835,69743,69835,92
stepping,69881,69835,69881,46
sniffing,69977,69881,69977,96
rising,69995,69977,69995,18
left_turning,70010,69995,70010,15
stepping,70020,70010,70020,10
rising,70075,70020,70075,55
rearing,70129,70075,70129,54
climbing,70194,70129,70194,65
rearing,70198,70194,70198,4
left_turning,70229,70198,70229,31
rising,70269,70229,70269,40
grooming,70270,70269,70270,1
climbing,70390,70270,70390,120
rising,70419,70390,70419,29
left_turning,70429,70419,70429,10
sniffing,70541,70429,70541,112
running,70559,70541,70559,18
hunching,70593,70559,70593,34
sniffing,70594,70593,70594,1
climbing,70622,70594,70622,28
sniffing,70770,70622,70770,148
walking,70790,70770,70790,20
sniffing,70807,70790,70807,17
right_turning,70829,70807,70829,22
walking,70831,70829,70831,2
climbing,70881,70831,70881,50
sniffing,70905,70881,70905,24
grooming,71005,70905,71005,100
climbing,71047,71005,71047,42
sniffing,71075,71047,71075,28
rising,71076,71075,71076,1
sniffing,71105,71076,71105,29
climbing,71165,71105,71165,60
hunching,71193,71165,71193,28
right_turning,71230,71193,71230,37
trotting,71259,71230,71259,29
running,71273,71259,71273,14
climbing,71377,71273,71377,104
running,71398,71377,71398,21
trotting,71417,71398,71417,19
rising,71418,71417,71418,1
climbing,71479,71418,71479,61
rising,71552,71479,71552,73
stepping,71624,71552,71624,72
walking,71661,71624,71661,37
rising,71668,71661,71668,7
climbing,71735,71668,71735,67
rearing,71879,71735,71879,144
walking,71911,71879,71911,32
left_turning,71932,71911,71932,21
walking,71976,71932,71976,44
rearing,72044,71976,72044,68
grooming,72045,72044,72045,1
left_turning,72056,72045,72056,11
walking,72097,72056,72097,41
sniffing,72160,72097,72160,63
right_turning,72161,72160,72161,1
walking,72212,72161,72212,51
sniffing,72294,72212,72294,82
walking,72295,72294,72295,1
right_turning,72296,72295,72296,1
trotting,72342,72296,72342,46
walking,72350,72342,72350,8
rising,72489,72350,72489,139
sniffing,72586,72489,72586,97
hunching,72672,72586,72672,86
walking,72716,72672,72716,44
sniffing,72950,72716,72950,234
pausing,73017,72950,73017,67
sniffing,73197,73017,73197,180
rising,73198,73197,73198,1
stepping,73200,73198,73200,2
sniffing,73201,73200,73201,1
rising,73221,73201,73221,20
rearing,73222,73221,73222,1
climbing,73239,73222,73239,17
walking,73262,73239,73262,23
left_turning,73288,73262,73288,26
sniffing,73483,73288,73483,195
walking,73515,73483,73515,32
rearing,73546,73515,73546,31
climbing,73621,73546,73621,75
sniffing,73716,73621,73716,95
climbing,73815,73716,73815,99
walking,73816,73815,73816,1
trotting,73856,73816,73856,40
sniffing,73999,73856,73999,143
running,74006,73999,74006,7
climbing,74085,74006,74085,79
hunching,74153,74085,74153,68
climbing,74249,74153,74249,96
trotting,74262,74249,74262,13
stepping,74287,74262,74287,25
walking,74308,74287,74308,21
sniffing,74317,74308,74317,9
walking,74333,74317,74333,16
rising,74334,74333,74334,1
walking,74357,74334,74357,23
right_turning,74390,74357,74390,33
grooming,74391,74390,74391,1
rising,74392,74391,74392,1
climbing,74453,74392,74453,61
walking,74468,74453,74468,15
stepping,74523,74468,74523,55
left_turning,74546,74523,74546,23
running,74575,74546,74575,29
left_turning,74605,74575,74605,30
grooming,74810,74605,74810,205
sniffing,74811,74810,74811,1
rising,74892,74811,74892,81
rearing,75003,74892,75003,111
grooming,75288,75003,75288,285
rising,75289,75288,75289,1
sniffing,75438,75289,75438,149
left_turning,75446,75438,75446,8
sniffing,75624,75446,75624,178
climbing,75794,75624,75794,170
hunching,75889,75794,75889,95
climbing,75900,75889,75900,11
walking,75927,75900,75927,27
sniffing,76011,75927,76011,84
stepping,76012,76011,76012,1
sniffing,76013,76012,76013,1
running,76082,76013,76082,69
rising,76104,76082,76104,22
climbing,76316,76104,76316,212
trotting,76325,76316,76325,9
sniffing,76376,76325,76376,51
walking,76411,76376,76411,35
sniffing,76412,76411,76412,1
running,76449,76412,76449,37
sniffing,76472,76449,76472,23
right_turning,76473,76472,76473,1
walking,76547,76473,76547,74
rising,76548,76547,76548,1
rearing,76674,76548,76674,126
walking,76685,76674,76685,11
climbing,76699,76685,76699,14
right_turning,76737,76699,76737,38
walking,76816,76737,76816,79
sniffing,76817,76816,76817,1
pausing,76861,76817,76861,44
sniffing,76907,76861,76907,46
walking,76966,76907,76966,59
sniffing,76967,76966,76967,1
rising,76998,76967,76998,31
sniffing,77066,76998,77066,68
walking,77067,77066,77067,1
climbing,77180,77067,77180,113
walking,77200,77180,77200,20
sniffing,77251,77200,77251,51
right_turning,77275,77251,77275,24
walking,77348,77275,77348,73
sniffing,77359,77348,77359,11
climbing,77402,77359,77402,43
left_turning,77415,77402,77415,13
running,77437,77415,77437,22
left_turning,77473,77437,77473,36
sniffing,77533,77473,77533,60
walking,77581,77533,77581,48
trotting,77610,77581,77610,29
rising,77655,77610,77655,45
sniffing,77737,77655,77737,82
climbing,77828,77737,77828,91
trotting,77876,77828,77876,48
walking,77885,77876,77885,9
sniffing,78154,77885,78154,269
left_turning,78171,78154,78171,17
running,78204,78171,78204,33
sniffing,78241,78204,78241,37
climbing,78367,78241,78367,126
rearing,78492,78367,78492,125
rising,78525,78492,78525,33
climbing,78581,78525,78581,56
sniffing,78641,78581,78641,60
right_turning,78650,78641,78650,9
walking,78674,78650,78674,24
hunching,78719,78674,78719,45
grooming,78720,78719,78720,1
climbing,78761,78720,78761,41
walking,78809,78761,78809,48
sniffing,78872,78809,78872,63
rising,78873,78872,78873,1
stepping,78920,78873,78920,47
rising,78921,78920,78921,1
sniffing,79052,78921,79052,131
walking,79152,79052,79152,100
left_turning,79211,79152,79211,59
sniffing,79212,79211,79212,1
hunching,79229,79212,79229,17
sniffing,79387,79229,79387,158
climbing,79427,79387,79427,40
walking,79508,79427,79508,81
rising,79509,79508,79509,1
climbing,79607,79509,79607,98
left_turning,79608,79607,79608,1
sniffing,79721,79608,79721,113
rising,79752,79721,79752,31
right_turning,79771,79752,79771,19
walking,79813,79771,79813,42
climbing,79814,79813,79814,1
sniffing,79913,79814,79913,99
trotting,79962,79913,79962,49
climbing,80093,79962,80093,131
right_turning,80202,80093,80202,109
sniffing,80203,80202,80203,1
left_turning,80228,80203,80228,25
sniffing,80560,80228,80560,332
rising,80600,80560,80600,40
climbing,80629,80600,80629,29
right_turning,80664,80629,80664,35
walking,80731,80664,80731,67
rising,80800,80731,80800,69
climbing,80840,80800,80840,40
rising,80871,80840,80871,31
sniffing,81118,80871,81118,247
rising,81125,81118,81125,7
sniffing,81212,81125,81212,87
rising,81251,81212,81251,39
sniffing,81393,81251,81393,142
walking,81466,81393,81466,73
right_turning,81503,81466,81503,37
running,81522,81503,81522,19
sniffing,81523,81522,81523,1
rearing,81524,81523,81524,1
grooming,81525,81524,81525,1
hunching,81526,81525,81526,1
right_turning,81565,81526,81565,39
walking,81631,81565,81631,66
sniffing,81703,81631,81703,72
right_turning,81741,81703,81741,38
walking,81794,81741,81794,53
rising,81795,81794,81795,1
walking,81811,81795,81811,16
sniffing,81841,81811,81841,30
right_turning,81866,81841,81866,25
stepping,81916,81866,81916,50
climbing,81963,81916,81963,47
sniffing,82043,81963,82043,80
climbing,82145,82043,82145,102
rising,82146,82145,82146,1
trotting,82149,82146,82149,3
sniffing,82313,82149,82313,164
left_turning,82314,82313,82314,1
sniffing,82315,82314,82315,1
walking,82391,82315,82391,76
sniffing,82392,82391,82392,1
climbing,82424,82392,82424,32
rising,82463,82424,82463,39
left_turning,82469,82463,82469,6
sniffing,82564,82469,82564,95
right_turning,82593,82564,82593,29
walking,82605,82593,82605,12
stepping,82664,82605,82664,59
climbing,82669,82664,82669,5
sniffing,82670,82669,82670,1
rising,82722,82670,82722,52
hunching,82944,82722,82944,222
right_turning,82985,82944,82985,41
sniffing,82986,82985,82986,1
rising,82987,82986,82987,1
grooming,83211,82987,83211,224
rearing,83277,83211,83277,66
sniffing,83278,83277,83278,1
rising,83321,83278,83321,43
sniffing,83529,83321,83529,208
rising,83578,83529,83578,49
right_turning,83579,83578,83579,1
walking,83650,83579,83650,71
sniffing,83703,83650,83703,53
right_turning,83738,83703,83738,35
walking,83801,83738,83801,63
sniffing,83878,83801,83878,77
rising,83890,83878,83890,12
grooming,84115,83890,84115,225
sniffing,84176,84115,84176,61
walking,84177,84176,84177,1
rising,84178,84177,84178,1
sniffing,84219,84178,84219,41
rising,84294,84219,84294,75
sniffing,84354,84294,84354,60
hunching,84363,84354,84363,9
grooming,84364,84363,84364,1
sniffing,84469,84364,84469,105
walking,84553,84469,84553,84
rising,84554,84553,84554,1
climbing,84566,84554,84566,12
hunching,84577,84566,84577,11
left_turning,84648,84577,84648,71
sniffing,84730,84648,84730,82
hunching,84745,84730,84745,15
climbing,84768,84745,84768,23
rearing,84819,84768,84819,51
sniffing,84882,84819,84882,63
walking,84968,84882,84968,86
left_turning,84998,84968,84998,30
walking,85013,84998,85013,15
rising,85014,85013,85014,1
climbing,85059,85014,85059,45
rearing,85125,85059,85125,66
sniffing,85546,85125,85546,421
right_turning,85548,85546,85548,2
left_turning,85617,85548,85617,69
sniffing,85695,85617,85695,78
pausing,85892,85695,85892,197
sniffing,85893,85892,85893,1
rising,85899,85893,85899,6
climbing,85960,85899,85960,61
rising,85988,85960,85988,28
climbing,86022,85988,86022,34
sniffing,86060,86022,86060,38
running,86093,86060,86093,33
sniffing,86094,86093,86094,1
trotting,86156,86094,86156,62
running,86185,86156,86185,29
sniffing,86416,86185,86416,231
hunching,86448,86416,86448,32
rearing,86467,86448,86467,19
rising,86550,86467,86550,83
climbing,86695,86550,86695,145
hunching,86870,86695,86870,175
sniffing,86966,86870,86966,96
left_turning,86980,86966,86980,14
running,86993,86980,86993,13
left_turning,87013,86993,87013,20
walking,87025,87013,87025,12
sniffing,87026,87025,87026,1
rising,87096,87026,87096,70
climbing,87097,87096,87097,1
rearing,87105,87097,87105,8
trotting,87142,87105,87142,37
walking,87177,87142,87177,35
rearing,87255,87177,87255,78
grooming,87509,87255,87509,254
hunching,87549,87509,87549,40
climbing,87629,87549,87629,80
rising,87702,87629,87702,73
rearing,87712,87702,87712,10
grooming,87740,87712,87740,28
rearing,87776,87740,87776,36
grooming,87942,87776,87942,166
hunching,87943,87942,87943,1
trotting,87998,87943,87998,55
rising,88030,87998,88030,32
right_turning,88064,88030,88064,34
trotting,88106,88064,88106,42
sniffing,88275,88106,88275,169
pausing,88961,88275,88961,686
sniffing,89095,88961,89095,134
rearing,89100,89095,89100,5
left_turning,89101,89100,89101,1
running,89130,89101,89130,29
sniffing,89131,89130,89131,1
rising,89132,89131,89132,1
climbing,89173,89132,89173,41
rearing,89249,89173,89249,76
climbing,89250,89249,89250,1
sniffing,89481,89250,89481,231
walking,89482,89481,89482,1
left_turning,89593,89482,89593,111
sniffing,89735,89593,89735,142
right_turning,89743,89735,89743,8
walking,89823,89743,89823,80
rising,89863,89823,89863,40
climbing,89879,89863,89879,16
rising,89880,89879,89880,1
climbing,89903,89880,89903,23
left_turning,89964,89903,89964,61
walking,90025,89964,90025,61
sniffing,90057,90025,90057,32
rearing,90058,90057,90058,1
right_turning,90059,90058,90059,1
walking,90103,90059,90103,44
climbing,90162,90103,90162,59
rising,90225,90162,90225,63
sniffing,90320,90225,90320,95
right_turning,90332,90320,90332,12
walking,90402,90332,90402,70
sniffing,90521,90402,90521,119
rising,90570,90521,90570,49
sniffing,90830,90570,90830,260
climbing,90831,90830,90831,1
left_turning,90952,90831,90952,121
sniffing,91121,90952,91121,169
left_turning,91133,91121,91133,12
sniffing,91198,91133,91198,65
left_turning,91229,91198,91229,31
walking,91230,91229,91230,1
rising,91240,91230,91240,10
climbing,91298,91240,91298,58
sniffing,91299,91298,91299,1
rising,91445,91299,91445,146
sniffing,91529,91445,91529,84
left_turning,91537,91529,91537,8
trotting,91546,91537,91546,9
left_turning,91582,91546,91582,36
stepping,91627,91582,91627,45
rising,91678,91627,91678,51
left_turning,91704,91678,91704,26
trotting,91754,91704,91754,50
sniffing,91920,91754,91920,166
trotting,91947,91920,91947,27
sniffing,91948,91947,91948,1
rising,91985,91948,91985,37
climbing,92114,91985,92114,129
walking,92147,92114,92147,33
trotting,92198,92147,92198,51
rising,92247,92198,92247,49
climbing,92345,92247,92345,98
hunching,92430,92345,92430,85
sniffing,92431,92430,92431,1
rearing,92441,92431,92441,10
grooming,92451,92441,92451,10
walking,92513,92451,92513,62
grooming,93094,92513,93094,581
sniffing,93138,93094,93138,44
climbing,93244,93138,93244,106
rising,93330,93244,93330,86
climbing,93382,93330,93382,52
right_turning,93410,93382,93410,28
walking,93465,93410,93465,55
rising,93530,93465,93530,65
climbing,93625,93530,93625,95
sniffing,93833,93625,93833,208
pausing,93873,93833,93873,40
sniffing,93929,93873,93929,56
rising,93930,93929,93930,1
walking,93990,93930,93990,60
rising,94056,93990,94056,66
sniffing,94207,94056,94207,151
rearing,94208,94207,94208,1
rising,94213,94208,94213,5
sniffing,94240,94213,94240,27
running,94260,94240,94260,20
left_turning,94281,94260,94281,21
sniffing,94453,94281,94453,172
rising,94517,94453,94517,64
sniffing,94518,94517,94518,1
pausing,94607,94518,94607,89
sniffing,94707,94607,94707,100
right_turning,94731,94707,94731,24
left_turning,94732,94731,94732,1
sniffing,94940,94732,94940,208
stepping,94964,94940,94964,24
right_turning,94994,94964,94994,30
walking,95040,94994,95040,46
rising,95050,95040,95050,10
sniffing,95051,95050,95051,1
climbing,95133,95051,95133,82
sniffing,95281,95133,95281,148
stepping,95337,95281,95337,56
left_turning,95367,95337,95367,30
rising,95399,95367,95399,32
walking,95407,95399,95407,8
stepping,95448,95407,95448,41
walking,95507,95448,95507,59
rising,95587,95507,95587,80
climbing,95686,95587,95686,99
rearing,95740,95686,95740,54
sniffing,95741,95740,95741,1
rising,95932,95741,95932,191
climbing,96015,95932,96015,83
trotting,96053,96015,96053,38
sniffing,96183,96053,96183,130
trotting,96239,96183,96239,56
walking,96269,96239,96269,30
rising,96274,96269,96274,5
left_turning,96303,96274,96303,29
sniffing,96304,96303,96304,1
grooming,96567,96304,96567,263
rising,96686,96567,96686,119
climbing,96703,96686,96703,17
rising,96704,96703,96704,1
sniffing,96772,96704,96772,68
climbing,96876,96772,96876,104
sniffing,96931,96876,96931,55
left_turning,96989,96931,96989,58
stepping,97042,96989,97042,53
rising,97043,97042,97043,1
sniffing,97044,97043,97044,1
climbing,97113,97044,97113,69
right_turning,97165,97113,97165,52
walking,97219,97165,97219,54
sniffing,97314,97219,97314,95
walking,97448,97314,97448,134
stepping,97520,97448,97520,72
walking,97549,97520,97549,29
running,97569,97549,97569,20
trotting,97593,97569,97593,24
sniffing,97594,97593,97594,1
left_turning,97638,97594,97638,44
sniffing,97757,97638,97757,119
right_turning,97812,97757,97812,55
left_turning,97839,97812,97839,27
walking,97899,97839,97899,60
sniffing,97959,97899,97959,60
pausing,98126,97959,98126,167
sniffing,98196,98126,98196,70
left_turning,98238,98196,98238,42
sniffing,98429,98238,98429,191
rearing,98522,98429,98522,93
sniffing,98552,98522,98552,30
stepping,98603,98552,98603,51
sniffing,98645,98603,98645,42
left_turning,98677,98645,98677,32
walking,98694,98677,98694,17
sniffing,98695,98694,98695,1
rising,98696,98695,98696,1
climbing,98783,98696,98783,87
rearing,98870,98783,98870,87
sniffing,98902,98870,98902,32
rising,99080,98902,99080,178
sniffing,99140,99080,99140,60
climbing,99163,99140,99163,23
walking,99199,99163,99199,36
stepping,99200,99199,99200,1
rearing,99326,99200,99326,126
walking,99415,99326,99415,89
stepping,99436,99415,99436,21
sniffing,99664,99436,99664,228
walking,99688,99664,99688,24
climbing,99762,99688,99762,74
rising,99817,99762,99817,55
rearing,99821,99817,99821,4
sniffing,99888,99821,99888,67
rising,99889,99888,99889,1
walking,99937,99889,99937,48
rearing,99968,99937,99968,31
climbing,100070,99968,100070,102
rising,100104,100070,100104,34
stepping,100172,100104,100172,68
sniffing,100240,100172,100240,68
rising,100269,100240,100269,29
left_turning,100300,100269,100300,31
sniffing,100411,100300,100411,111
right_turning,100461,100411,100461,50
sniffing,100501,100461,100501,40
rearing,100556,100501,100556,55
sniffing,100610,100556,100610,54
walking,100629,100610,100629,19
sniffing,100630,100629,100630,1
walking,100636,100630,100636,6
sniffing,100746,100636,100746,110
left_turning,100834,100746,100834,88
rearing,100835,100834,100835,1
walking,100868,100835,100868,33
sniffing,100869,100868,100869,1
hunching,101018,100869,101018,149
climbing,101186,101018,101186,168
rearing,101187,101186,101187,1
rising,101244,101187,101244,57
left_turning,101284,101244,101284,40
sniffing,101300,101284,101300,16
rising,101349,101300,101349,49
sniffing,101383,101349,101383,34
hunching,101384,101383,101384,1
rearing,101407,101384,101407,23
sniffing,101572,101407,101572,165
trotting,101599,101572,101599,27
sniffing,101651,101599,101651,52
left_turning,101691,101651,101691,40
climbing,101692,101691,101692,1
sniffing,101834,101692,101834,142
walking,101845,101834,101845,11
left_turning,101846,101845,101846,1
walking,101877,101846,101877,31
climbing,101909,101877,101909,32
hunching,101938,101909,101938,29
right_turning,101998,101938,101998,60
stepping,102072,101998,102072,74
walking,102163,102072,102163,91
climbing,102236,102163,102236,73
sniffing,102265,102236,102265,29
hunching,102396,102265,102396,131
rising,102426,102396,102426,30
sniffing,102587,102426,102587,161
right_turning,102630,102587,102630,43
stepping,102637,102630,102637,7
grooming,102893,102637,102893,256
climbing,103178,102893,103178,285
right_turning,103209,103178,103209,31
sniffing,103210,103209,103210,1
walking,103246,103210,103246,36
rising,103256,103246,103256,10
walking,103319,103256,103319,63
left_turning,103360,103319,103360,41
walking,103361,103360,103361,1
climbing,103396,103361,103396,35
right_turning,103423,103396,103423,27
trotting,103480,103423,103480,57
stepping,103508,103480,103508,28
sniffing,103551,103508,103551,43
right_turning,103590,103551,103590,39
walking,103596,103590,103596,6
climbing,103790,103596,103790,194
walking,103893,103790,103893,103
rising,103919,103893,103919,26
sniffing,104060,103919,104060,141
trotting,104124,104060,104124,64
climbing,104130,104124,104130,6
grooming,104412,104130,104412,282
climbing,104483,104412,104483,71
rearing,104512,104483,104512,29
sniffing,104540,104512,104540,28
right_turning,104590,104540,104590,50
stepping,104660,104590,104660,70
sniffing,104727,104660,104727,67
rising,104816,104727,104816,89
sniffing,104908,104816,104908,92
walking,104950,104908,104950,42
sniffing,104951,104950,104951,1
rising,104952,104951,104952,1
climbing,105035,104952,105035,83
sniffing,105036,105035,105036,1
rising,105037,105036,105037,1
climbing,105116,105037,105116,79
running,105160,105116,105160,44
rising,105241,105160,105241,81
climbing,105336,105241,105336,95
walking,105380,105336,105380,44
sniffing,105641,105380,105641,261
rising,105764,105641,105764,123
sniffing,105841,105764,105841,77
left_turning,105894,105841,105894,53
stepping,105897,105894,105897,3
sniffing,105898,105897,105898,1
stepping,105908,105898,105908,10
walking,105969,105908,105969,61
rising,105970,105969,105970,1
sniffing,106118,105970,106118,148
hunching,106280,106118,106280,162
rearing,106672,106280,106672,392
right_turning,106741,106672,106741,69
walking,106780,106741,106780,39
sniffing,106840,106780,106840,60
stepping,106894,106840,106894,54
sniffing,106895,106894,106895,1
hunching,106937,106895,106937,42
climbing,107151,106937,107151,214
rearing,107152,107151,107152,1
sniffing,107293,107152,107293,141
stepping,107321,107293,107321,28
climbing,107342,107321,107342,21
trotting,107390,107342,107390,48
sniffing,107439,107390,107439,49
walking,107440,107439,107440,1
sniffing,107585,107440,107585,145
rising,107586,107585,107586,1
climbing,107639,107586,107639,53
sniffing,107861,107639,107861,222
climbing,107940,107861,107940,79
grooming,107941,107940,107941,1
sniffing,108000,107941,108000,59
