revised_movement_label,segBoundary,segBoundary_start,segBoundary_end,length
trotting,130,0,130,130
climbing,167,130,167,37
rearing,168,167,168,1
sniffing,203,168,203,35
rising,318,203,318,115
climbing,406,318,406,88
trotting,407,406,407,1
sniffing,486,407,486,79
walking,580,486,580,94
sniffing,601,580,601,21
walking,625,601,625,24
climbing,685,625,685,60
sniffing,734,685,734,49
right_turning,762,734,762,28
sniffing,789,762,789,27
walking,892,789,892,103
rising,916,892,916,24
sniffing,917,916,917,1
left_turning,969,917,969,52
sniffing,1060,969,1060,91
climbing,1061,1060,1061,1
right_turning,1095,1061,1095,34
walking,1109,1095,1109,14
sniffing,1176,1109,1176,67
walking,1224,1176,1224,48
sniffing,1231,1224,1231,7
walking,1292,1231,1292,61
climbing,1369,1292,1369,77
sniffing,1396,1369,1396,27
walking,1439,1396,1439,43
sniffing,1521,1439,1521,82
walking,1657,1521,1657,136
left_turning,1713,1657,1713,56
trotting,1748,1713,1748,35
running,1749,1748,1749,1
walking,1802,1749,1802,53
sniffing,1837,1802,1837,35
left_turning,1865,1837,1865,28
rearing,1866,1865,1866,1
sniffing,1987,1866,1987,121
climbing,2029,1987,2029,42
sniffing,2077,2029,2077,48
climbing,2111,2077,2111,34
sniffing,2191,2111,2191,80
rising,2201,2191,2201,10
climbing,2258,2201,2258,57
sniffing,2305,2258,2305,47
walking,2316,2305,2316,11
rising,2321,2316,2321,5
climbing,2383,2321,2383,62
walking,2393,2383,2393,10
sniffing,2394,2393,2394,1
climbing,2450,2394,2450,56
sniffing,2467,2450,2467,17
rising,2501,2467,2501,34
climbing,2532,2501,2532,31
sniffing,2533,2532,2533,1
right_turning,2545,2533,2545,12
walking,2549,2545,2549,4
sniffing,2637,2549,2637,88
rising,2683,2637,2683,46
walking,2717,2683,2717,34
sniffing,2718,2717,2718,1
walking,2789,2718,2789,71
sniffing,2792,2789,2792,3
walking,2793,2792,2793,1
running,2858,2793,2858,65
rising,2902,2858,2902,44
walking,2932,2902,2932,30
sniffing,2953,2932,2953,21
walking,2954,2953,2954,1
sniffing,2979,2954,2979,25
walking,3050,2979,3050,71
rising,3113,3050,3113,63
climbing,3156,3113,3156,43
rising,3220,3156,3220,64
sniffing,3282,3220,3282,62
walking,3334,3282,3334,52
sniffing,3339,3334,3339,5
walking,3359,3339,3359,20
climbing,3446,3359,3446,87
sniffing,3527,3446,3527,81
walking,3538,3527,3538,11
rising,3539,3538,3539,1
climbing,3605,3539,3605,66
running,3621,3605,3621,16
sniffing,3650,3621,3650,29
walking,3715,3650,3715,65
rising,3755,3715,3755,40
sniffing,3791,3755,3791,36
rising,3812,3791,3812,21
climbing,3883,3812,3883,71
sniffing,4001,3883,4001,118
walking,4065,4001,4065,64
sniffing,4111,4065,4111,46
rising,4132,4111,4132,21
sniffing,4216,4132,4216,84
rising,4252,4216,4252,36
climbing,4264,4252,4264,12
sniffing,4313,4264,4313,49
left_turning,4338,4313,4338,25
sniffing,4339,4338,4339,1
running,4368,4339,4368,29
stepping,4369,4368,4369,1
right_turning,4413,4369,4413,44
rising,4488,4413,4488,75
climbing,4565,4488,4565,77
stepping,4583,4565,4583,18
walking,4618,4583,4618,35
climbing,4707,4618,4707,89
walking,4785,4707,4785,78
climbing,4837,4785,4837,52
walking,4850,4837,4850,13
sniffing,4851,4850,4851,1
right_turning,4859,4851,4859,8
stepping,4932,4859,4932,73
walking,4972,4932,4972,40
sniffing,5006,4972,5006,34
walking,5076,5006,5076,70
running,5078,5076,5078,2
rising,5103,5078,5103,25
right_turning,5142,5103,5142,39
walking,5200,5142,5200,58
rising,5250,5200,5250,50
climbing,5326,5250,5326,76
rising,5390,5326,5390,64
sniffing,5438,5390,5438,48
climbing,5530,5438,5530,92
walking,5531,5530,5531,1
climbing,5610,5531,5610,79
rearing,5618,5610,5618,8
rising,5691,5618,5691,73
hunching,5726,5691,5726,35
climbing,5727,5726,5727,1
sniffing,5728,5727,5728,1
rearing,5787,5728,5787,59
rising,5866,5787,5866,79
climbing,5889,5866,5889,23
rising,5926,5889,5926,37
walking,5960,5926,5960,34
running,5983,5960,5983,23
walking,6015,5983,6015,32
sniffing,6123,6015,6123,108
trotting,6132,6123,6132,9
sniffing,6133,6132,6133,1
left_turning,6143,6133,6143,10
sniffing,6144,6143,6144,1
rising,6187,6144,6187,43
right_turning,6209,6187,6209,22
stepping,6213,6209,6213,4
climbing,6288,6213,6288,75
trotting,6310,6288,6310,22
stepping,6353,6310,6353,43
walking,6354,6353,6354,1
trotting,6382,6354,6382,28
sniffing,6423,6382,6423,41
climbing,6491,6423,6491,68
walking,6535,6491,6535,44
sniffing,6536,6535,6536,1
walking,6600,6536,6600,64
right_turning,6628,6600,6628,28
walking,6660,6628,6660,32
sniffing,6710,6660,6710,50
right_turning,6731,6710,6731,21
walking,6787,6731,6787,56
stepping,6844,6787,6844,57
climbing,6845,6844,6845,1
trotting,6913,6845,6913,68
sniffing,6914,6913,6914,1
climbing,6979,6914,6979,65
sniffing,7023,6979,7023,44
rising,7074,7023,7074,51
walking,7114,7074,7114,40
sniffing,7194,7114,7194,80
rising,7264,7194,7264,70
running,7307,7264,7307,43
walking,7316,7307,7316,9
sniffing,7317,7316,7317,1
hunching,7360,7317,7360,43
rearing,7407,7360,7407,47
climbing,7447,7407,7447,40
sniffing,7539,7447,7539,92
left_turning,7572,7539,7572,33
sniffing,7607,7572,7607,35
rising,7655,7607,7655,48
left_turning,7656,7655,7656,1
sniffing,7657,7656,7657,1
left_turning,7726,7657,7726,69
rising,7752,7726,7752,26
climbing,7789,7752,7789,37
sniffing,7897,7789,7897,108
running,7939,7897,7939,42
rising,7995,7939,7995,56
rearing,8010,7995,8010,15
climbing,8011,8010,8011,1
sniffing,8015,8011,8015,4
right_turning,8037,8015,8037,22
trotting,8060,8037,8060,23
rising,8104,8060,8104,44
sniffing,8140,8104,8140,36
climbing,8210,8140,8210,70
sniffing,8213,8210,8213,3
walking,8225,8213,8225,12
rising,8226,8225,8226,1
climbing,8242,8226,8242,16
left_turning,8243,8242,8243,1
sniffing,8272,8243,8272,29
climbing,8352,8272,8352,80
sniffing,8473,8352,8473,121
trotting,8499,8473,8499,26
sniffing,8500,8499,8500,1
walking,8559,8500,8559,59
sniffing,8569,8559,8569,10
climbing,8576,8569,8576,7
left_turning,8695,8576,8695,119
sniffing,8696,8695,8696,1
walking,8773,8696,8773,77
sniffing,8808,8773,8808,35
walking,8848,8808,8848,40
sniffing,8887,8848,8887,39
rising,8929,8887,8929,42
climbing,8965,8929,8965,36
rearing,8966,8965,8966,1
climbing,9038,8966,9038,72
trotting,9075,9038,9075,37
stepping,9096,9075,9096,21
sniffing,9157,9096,9157,61
rising,9158,9157,9158,1
trotting,9225,9158,9225,67
sniffing,9270,9225,9270,45
climbing,9332,9270,9332,62
right_turning,9338,9332,9338,6
rising,9382,9338,9382,44
climbing,9420,9382,9420,38
left_turning,9447,9420,9447,27
sniffing,9506,9447,9506,59
walking,9539,9506,9539,33
sniffing,9540,9539,9540,1
rising,9567,9540,9567,27
sniffing,9647,9567,9647,80
rising,9648,9647,9648,1
trotting,9675,9648,9675,27
sniffing,9707,9675,9707,32
climbing,9755,9707,9755,48
trotting,9810,9755,9810,55
walking,9840,9810,9840,30
rising,9898,9840,9898,58
rearing,9932,9898,9932,34
hunching,9987,9932,9987,55
left_turning,10048,9987,10048,61
walking,10059,10048,10059,11
sniffing,10163,10059,10163,104
walking,10219,10163,10219,56
sniffing,10327,10219,10327,108
left_turning,10354,10327,10354,27
right_turning,10380,10354,10380,26
sniffing,10385,10380,10385,5
climbing,10432,10385,10432,47
rising,10451,10432,10451,19
rearing,10452,10451,10452,1
grooming,10530,10452,10530,78
rearing,10573,10530,10573,43
climbing,10615,10573,10615,42
rearing,10647,10615,10647,32
rising,10648,10647,10648,1
sniffing,10649,10648,10649,1
rising,10765,10649,10765,116
climbing,10774,10765,10774,9
rearing,10775,10774,10775,1
sniffing,10906,10775,10906,131
rising,10907,10906,10907,1
climbing,10926,10907,10926,19
trotting,10962,10926,10962,36
walking,11006,10962,11006,44
sniffing,11147,11006,11147,141
hunching,11178,11147,11178,31
sniffing,11179,11178,11179,1
climbing,11224,11179,11224,45
rising,11225,11224,11225,1
right_turning,11226,11225,11226,1
walking,11295,11226,11295,69
sniffing,11468,11295,11468,173
walking,11548,11468,11548,80
sniffing,11629,11548,11629,81
hunching,11655,11629,11655,26
rising,11688,11655,11688,33
right_turning,11729,11688,11729,41
running,11766,11729,11766,37
sniffing,11802,11766,11802,36
walking,11844,11802,11844,42
climbing,11907,11844,11907,63
sniffing,11913,11907,11913,6
left_turning,11967,11913,11967,54
rearing,12047,11967,12047,80
grooming,12124,12047,12124,77
walking,12154,12124,12154,30
sniffing,12331,12154,12331,177
climbing,12480,12331,12480,149
walking,12481,12480,12481,1
trotting,12489,12481,12489,8
sniffing,12591,12489,12591,102
rising,12601,12591,12601,10
sniffing,12627,12601,12627,26
walking,12673,12627,12673,46
climbing,12706,12673,12706,33
left_turning,12778,12706,12778,72
walking,12779,12778,12779,1
sniffing,12909,12779,12909,130
pausing,13179,12909,13179,270
sniffing,13180,13179,13180,1
running,13212,13180,13212,32
walking,13298,13212,13298,86
rising,13361,13298,13361,63
walking,13392,13361,13392,31
sniffing,13480,13392,13480,88
rising,13503,13480,13503,23
climbing,13544,13503,13544,41
sniffing,13564,13544,13564,20
climbing,13663,13564,13663,99
right_turning,13693,13663,13693,30
left_turning,13705,13693,13705,12
walking,13748,13705,13748,43
left_turning,13750,13748,13750,2
stepping,13922,13750,13922,172
sniffing,13923,13922,13923,1
climbing,13952,13923,13952,29
sniffing,13961,13952,13961,9
rising,13962,13961,13962,1
running,13963,13962,13963,1
trotting,13972,13963,13972,9
walking,14066,13972,14066,94
sniffing,14137,14066,14137,71
walking,14176,14137,14176,39
sniffing,14251,14176,14251,75
right_turning,14315,14251,14315,64
stepping,14382,14315,14382,67
climbing,14383,14382,14383,1
sniffing,14480,14383,14480,97
rising,14595,14480,14595,115
sniffing,14725,14595,14725,130
left_turning,14754,14725,14754,29
rearing,14765,14754,14765,11
right_turning,14799,14765,14799,34
climbing,14902,14799,14902,103
sniffing,14938,14902,14938,36
walking,15010,14938,15010,72
climbing,15072,15010,15072,62
rising,15092,15072,15092,20
walking,15138,15092,15138,46
sniffing,15483,15138,15483,345
walking,15519,15483,15519,36
sniffing,15520,15519,15520,1
stepping,15580,15520,15580,60
sniffing,15629,15580,15629,49
walking,15692,15629,15692,63
sniffing,15757,15692,15757,65
walking,15818,15757,15818,61
climbing,15880,15818,15880,62
sniffing,15959,15880,15959,79
rising,15971,15959,15971,12
climbing,16026,15971,16026,55
trotting,16027,16026,16027,1
sniffing,16031,16027,16031,4
rising,16066,16031,16066,35
climbing,16107,16066,16107,41
right_turning,16115,16107,16115,8
rising,16180,16115,16180,65
climbing,16286,16180,16286,106
grooming,16392,16286,16392,106
sniffing,16393,16392,16393,1
walking,16480,16393,16480,87
stepping,16527,16480,16527,47
right_turning,16566,16527,16566,39
trotting,16578,16566,16578,12
sniffing,16585,16578,16585,7
walking,16721,16585,16721,136
trotting,16737,16721,16737,16
sniffing,16738,16737,16738,1
rising,16739,16738,16739,1
left_turning,16777,16739,16777,38
sniffing,16814,16777,16814,37
climbing,16824,16814,16824,10
sniffing,16851,16824,16851,27
climbing,16912,16851,16912,61
rising,16990,16912,16990,78
left_turning,17054,16990,17054,64
sniffing,17136,17054,17136,82
left_turning,17166,17136,17166,30
running,17192,17166,17192,26
walking,17238,17192,17238,46
trotting,17271,17238,17271,33
running,17279,17271,17279,8
left_turning,17290,17279,17290,11
sniffing,17303,17290,17303,13
left_turning,17380,17303,17380,77
sniffing,17389,17380,17389,9
rising,17416,17389,17416,27
walking,17474,17416,17474,58
sniffing,17475,17474,17475,1
stepping,17539,17475,17539,64
walking,17540,17539,17540,1
right_turning,17569,17540,17569,29
walking,17625,17569,17625,56
sniffing,17626,17625,17626,1
rising,17641,17626,17641,15
climbing,17643,17641,17643,2
rising,17644,17643,17644,1
sniffing,17758,17644,17758,114
rising,17759,17758,17759,1
sniffing,17845,17759,17845,86
climbing,17917,17845,17917,72
rising,17941,17917,17941,24
climbing,18030,17941,18030,89
right_turning,18072,18030,18072,42
running,18092,18072,18092,20
walking,18147,18092,18147,55
sniffing,18156,18147,18156,9
stepping,18223,18156,18223,67
walking,18287,18223,18287,64
trotting,18334,18287,18334,47
rising,18358,18334,18358,24
rearing,18461,18358,18461,103
sniffing,18462,18461,18462,1
rising,18489,18462,18489,27
left_turning,18494,18489,18494,5
sniffing,18495,18494,18495,1
rising,18498,18495,18498,3
climbing,18517,18498,18517,19
rising,18564,18517,18564,47
left_turning,18593,18564,18593,29
trotting,18628,18593,18628,35
stepping,18649,18628,18649,21
sniffing,18769,18649,18769,120
left_turning,18792,18769,18792,23
sniffing,18905,18792,18905,113
rising,18935,18905,18935,30
sniffing,18974,18935,18974,39
left_turning,19053,18974,19053,79
sniffing,19054,19053,19054,1
rising,19103,19054,19103,49
hunching,19158,19103,19158,55
climbing,19182,19158,19182,24
rearing,19281,19182,19281,99
left_turning,19282,19281,19282,1
trotting,19302,19282,19302,20
sniffing,19345,19302,19345,43
grooming,19346,19345,19346,1
sniffing,19365,19346,19365,19
walking,19406,19365,19406,41
grooming,19465,19406,19465,59
sniffing,19478,19465,19478,13
rising,19491,19478,19491,13
rearing,19505,19491,19505,14
rising,19549,19505,19549,44
hunching,19572,19549,19572,23
right_turning,19573,19572,19573,1
sniffing,19626,19573,19626,53
left_turning,19629,19626,19629,3
walking,19681,19629,19681,52
climbing,19782,19681,19782,101
sniffing,19791,19782,19791,9
trotting,19813,19791,19813,22
sniffing,19841,19813,19841,28
grooming,20114,19841,20114,273
sniffing,20119,20114,20119,5
walking,20178,20119,20178,59
climbing,20232,20178,20232,54
sniffing,20233,20232,20233,1
rising,20234,20233,20234,1
grooming,20235,20234,20235,1
rearing,20236,20235,20236,1
climbing,20273,20236,20273,37
rising,20284,20273,20284,11
climbing,20367,20284,20367,83
running,20405,20367,20405,38
walking,20434,20405,20434,29
sniffing,20543,20434,20543,109
rising,20558,20543,20558,15
sniffing,20690,20558,20690,132
grooming,20714,20690,20714,24
hunching,20729,20714,20729,15
grooming,20730,20729,20730,1
rearing,20787,20730,20787,57
sniffing,20926,20787,20926,139
trotting,20951,20926,20951,25
left_turning,21020,20951,21020,69
rising,21069,21020,21069,49
walking,21136,21069,21136,67
sniffing,21152,21136,21152,16
grooming,21153,21152,21153,1
climbing,21202,21153,21202,49
rearing,21228,21202,21228,26
climbing,21322,21228,21322,94
sniffing,21370,21322,21370,48
right_turning,21400,21370,21400,30
climbing,21459,21400,21459,59
grooming,21460,21459,21460,1
sniffing,21479,21460,21479,19
pausing,21750,21479,21750,271
sniffing,21871,21750,21871,121
walking,21945,21871,21945,74
sniffing,21994,21945,21994,49
right_turning,21997,21994,21997,3
walking,22014,21997,22014,17
rising,22048,22014,22048,34
rearing,22128,22048,22128,80
grooming,22169,22128,22169,41
hunching,22193,22169,22193,24
climbing,22269,22193,22269,76
walking,22295,22269,22295,26
sniffing,22379,22295,22379,84
grooming,22380,22379,22380,1
walking,22452,22380,22452,72
sniffing,22488,22452,22488,36
running,22512,22488,22512,24
stepping,22530,22512,22530,18
left_turning,22531,22530,22531,1
walking,22566,22531,22566,35
climbing,22576,22566,22576,10
rising,22589,22576,22589,13
climbing,22634,22589,22634,45
rearing,22654,22634,22654,20
rising,22673,22654,22673,19
climbing,22768,22673,22768,95
running,22782,22768,22782,14
walking,22807,22782,22807,25
rearing,22877,22807,22877,70
sniffing,22970,22877,22970,93
trotting,23002,22970,23002,32
sniffing,23019,23002,23019,17
rising,23060,23019,23060,41
sniffing,23080,23060,23080,20
right_turning,23105,23080,23105,25
walking,23154,23105,23154,49
sniffing,23155,23154,23155,1
walking,23177,23155,23177,22
climbing,23197,23177,23197,20
sniffing,23260,23197,23260,63
walking,23261,23260,23261,1
stepping,23302,23261,23302,41
sniffing,23303,23302,23303,1
rising,23324,23303,23324,21
rearing,23335,23324,23335,11
jumping,23416,23335,23416,81
sniffing,23566,23416,23566,150
walking,23579,23566,23579,13
sniffing,23610,23579,23610,31
walking,23630,23610,23630,20
climbing,23631,23630,23631,1
left_turning,23669,23631,23669,38
walking,23691,23669,23691,22
stepping,23753,23691,23753,62
sniffing,23836,23753,23836,83
right_turning,23849,23836,23849,13
walking,23903,23849,23903,54
left_turning,23943,23903,23943,40
sniffing,23984,23943,23984,41
walking,24008,23984,24008,24
sniffing,24153,24008,24153,145
climbing,24246,24153,24246,93
walking,24267,24246,24267,21
sniffing,24343,24267,24343,76
walking,24390,24343,24390,47
left_turning,24436,24390,24436,46
walking,24497,24436,24497,61
climbing,24543,24497,24543,46
sniffing,24699,24543,24699,156
trotting,24777,24699,24777,78
left_turning,24813,24777,24813,36
trotting,24836,24813,24836,23
running,24861,24836,24861,25
sniffing,25053,24861,25053,192
rising,25057,25053,25057,4
walking,25106,25057,25106,49
stepping,25117,25106,25117,11
trotting,25118,25117,25118,1
sniffing,25159,25118,25159,41
hunching,25160,25159,25160,1
rising,25190,25160,25190,30
climbing,25320,25190,25320,130
sniffing,25353,25320,25353,33
climbing,25469,25353,25469,116
sniffing,25570,25469,25570,101
stepping,25587,25570,25587,17
running,25591,25587,25591,4
walking,25638,25591,25638,47
left_turning,25718,25638,25718,80
sniffing,25759,25718,25759,41
walking,25771,25759,25771,12
sniffing,25772,25771,25772,1
rising,25851,25772,25851,79
climbing,25927,25851,25927,76
running,25947,25927,25947,20
sniffing,26032,25947,26032,85
rising,26081,26032,26081,49
sniffing,26187,26081,26187,106
right_turning,26233,26187,26233,46
sniffing,26250,26233,26250,17
rising,26300,26250,26300,50
climbing,26302,26300,26302,2
stepping,26338,26302,26338,36
sniffing,26400,26338,26400,62
trotting,26420,26400,26420,20
rising,26424,26420,26424,4
climbing,26499,26424,26499,75
rearing,26523,26499,26523,24
right_turning,26569,26523,26569,46
left_turning,26629,26569,26629,60
running,26665,26629,26665,36
sniffing,26820,26665,26820,155
left_turning,26847,26820,26847,27
walking,26848,26847,26848,1
sniffing,26849,26848,26849,1
climbing,26858,26849,26858,9
right_turning,26880,26858,26880,22
walking,26882,26880,26882,2
rising,26883,26882,26883,1
climbing,26891,26883,26891,8
rearing,26918,26891,26918,27
sniffing,26965,26918,26965,47
rearing,27061,26965,27061,96
rising,27117,27061,27117,56
rearing,27349,27117,27349,232
grooming,27484,27349,27484,135
rearing,27521,27484,27521,37
climbing,27627,27521,27627,106
sniffing,27744,27627,27744,117
left_turning,27758,27744,27758,14
rising,27759,27758,27759,1
climbing,27851,27759,27851,92
trotting,27868,27851,27868,17
right_turning,27907,27868,27907,39
walking,27928,27907,27928,21
climbing,28056,27928,28056,128
sniffing,28186,28056,28186,130
walking,28250,28186,28250,64
rearing,28294,28250,28294,44
climbing,28325,28294,28325,31
rising,28359,28325,28359,34
climbing,28401,28359,28401,42
hunching,28478,28401,28478,77
grooming,28597,28478,28597,119
sniffing,28607,28597,28607,10
right_turning,28608,28607,28608,1
walking,28612,28608,28612,4
sniffing,28684,28612,28684,72
left_turning,28749,28684,28749,65
sniffing,28914,28749,28914,165
left_turning,28965,28914,28965,51
rising,29028,28965,29028,63
grooming,29029,29028,29029,1
rising,29030,29029,29030,1
sniffing,29031,29030,29031,1
hunching,29032,29031,29032,1
climbing,29134,29032,29134,102
hunching,29202,29134,29202,68
right_turning,29208,29202,29208,6
walking,29232,29208,29232,24
stepping,29241,29232,29241,9
rising,29242,29241,29242,1
climbing,29277,29242,29277,35
rising,29278,29277,29278,1
climbing,29314,29278,29314,36
hunching,29315,29314,29315,1
climbing,29453,29315,29453,138
sniffing,29471,29453,29471,18
climbing,29474,29471,29474,3
walking,29497,29474,29497,23
sniffing,29553,29497,29553,56
right_turning,29555,29553,29555,2
sniffing,29630,29555,29630,75
stepping,29670,29630,29670,40
sniffing,29734,29670,29734,64
rearing,29818,29734,29818,84
climbing,29857,29818,29857,39
rising,29865,29857,29865,8
trotting,29909,29865,29909,44
sniffing,29910,29909,29910,1
climbing,29929,29910,29929,19
rising,29930,29929,29930,1
stepping,29979,29930,29979,49
rising,30102,29979,30102,123
sniffing,30232,30102,30232,130
grooming,30243,30232,30243,11
rising,30286,30243,30286,43
sniffing,30287,30286,30287,1
walking,30332,30287,30332,45
sniffing,30391,30332,30391,59
grooming,30439,30391,30439,48
rising,30474,30439,30474,35
sniffing,30506,30474,30506,32
walking,30507,30506,30507,1
rising,30508,30507,30508,1
sniffing,30576,30508,30576,68
climbing,30658,30576,30658,82
grooming,30659,30658,30659,1
left_turning,30681,30659,30681,22
rising,30751,30681,30751,70
hunching,30794,30751,30794,43
rearing,30851,30794,30851,57
rising,30914,30851,30914,63
left_turning,30948,30914,30948,34
sniffing,30949,30948,30949,1
left_turning,30950,30949,30950,1
rising,31071,30950,31071,121
left_turning,31104,31071,31104,33
walking,31105,31104,31105,1
sniffing,31205,31105,31205,100
right_turning,31206,31205,31206,1
grooming,31499,31206,31499,293
sniffing,31500,31499,31500,1
walking,31501,31500,31501,1
stepping,31554,31501,31554,53
trotting,31610,31554,31610,56
sniffing,31685,31610,31685,75
left_turning,31702,31685,31702,17
sniffing,31709,31702,31709,7
running,31731,31709,31731,22
rising,31797,31731,31797,66
trotting,31848,31797,31848,51
rising,31872,31848,31872,24
walking,31873,31872,31873,1
rising,31913,31873,31913,40
jumping,31998,31913,31998,85
sniffing,32037,31998,32037,39
walking,32039,32037,32039,2
sniffing,32040,32039,32040,1
hunching,32057,32040,32057,17
right_turning,32064,32057,32064,7
trotting,32087,32064,32087,23
walking,32088,32087,32088,1
stepping,32118,32088,32118,30
sniffing,32164,32118,32164,46
hunching,32165,32164,32165,1
sniffing,32166,32165,32166,1
pausing,32325,32166,32325,159
sniffing,32326,32325,32326,1
grooming,32376,32326,32376,50
sniffing,32377,32376,32377,1
right_turning,32396,32377,32396,19
sniffing,32506,32396,32506,110
pausing,32883,32506,32883,377
sniffing,32884,32883,32884,1
right_turning,32905,32884,32905,21
left_turning,32965,32905,32965,60
walking,32976,32965,32976,11
left_turning,32999,32976,32999,23
sniffing,33007,32999,33007,8
walking,33008,33007,33008,1
left_turning,33058,33008,33058,50
sniffing,33120,33058,33120,62
walking,33174,33120,33174,54
climbing,33256,33174,33256,82
rising,33295,33256,33295,39
climbing,33357,33295,33357,62
sniffing,33425,33357,33425,68
climbing,33453,33425,33453,28
walking,33490,33453,33490,37
rising,33509,33490,33509,19
climbing,33572,33509,33572,63
trotting,33636,33572,33636,64
hunching,33728,33636,33728,92
rising,33773,33728,33773,45
climbing,33864,33773,33864,91
rising,33868,33864,33868,4
climbing,33932,33868,33932,64
grooming,34298,33932,34298,366
sniffing,34370,34298,34370,72
climbing,34406,34370,34406,36
walking,34456,34406,34456,50
rising,34494,34456,34494,38
climbing,34578,34494,34578,84
walking,34621,34578,34621,43
sniffing,34679,34621,34679,58
walking,34728,34679,34728,49
sniffing,34779,34728,34779,51
left_turning,34833,34779,34833,54
sniffing,34834,34833,34834,1
left_turning,34880,34834,34880,46
sniffing,34988,34880,34988,108
walking,35029,34988,35029,41
rising,35033,35029,35033,4
climbing,35057,35033,35057,24
rising,35090,35057,35090,33
left_turning,35122,35090,35122,32
walking,35123,35122,35123,1
climbing,35234,35123,35234,111
trotting,35252,35234,35252,18
sniffing,35319,35252,35319,67
rising,35375,35319,35375,56
climbing,35376,35375,35376,1
sniffing,35561,35376,35561,185
running,35578,35561,35578,17
walking,35618,35578,35618,40
sniffing,35703,35618,35703,85
rising,35730,35703,35730,27
right_turning,35742,35730,35742,12
stepping,35747,35742,35747,5
rearing,35795,35747,35795,48
climbing,35840,35795,35840,45
right_turning,35865,35840,35865,25
walking,35894,35865,35894,29
climbing,35923,35894,35923,29
rising,35924,35923,35924,1
right_turning,35954,35924,35954,30
left_turning,35959,35954,35959,5
trotting,35975,35959,35975,16
sniffing,36009,35975,36009,34
walking,36010,36009,36010,1
sniffing,36079,36010,36079,69
rising,36098,36079,36098,19
climbing,36218,36098,36218,120
walking,36253,36218,36253,35
stepping,36286,36253,36286,33
sniffing,36297,36286,36297,11
rising,36309,36297,36309,12
right_turning,36335,36309,36335,26
stepping,36356,36335,36356,21
walking,36395,36356,36395,39
sniffing,36435,36395,36435,40
rearing,36481,36435,36481,46
grooming,36598,36481,36598,117
rearing,36675,36598,36675,77
rising,36676,36675,36676,1
climbing,36808,36676,36808,132
rearing,36809,36808,36809,1
sniffing,37036,36809,37036,227
walking,37104,37036,37104,68
sniffing,37154,37104,37154,50
walking,37156,37154,37156,2
sniffing,37199,37156,37199,43
walking,37237,37199,37237,38
left_turning,37261,37237,37261,24
walking,37262,37261,37262,1
rising,37269,37262,37269,7
sniffing,37295,37269,37295,26
walking,37296,37295,37296,1
sniffing,37340,37296,37340,44
right_turning,37362,37340,37362,22
walking,37430,37362,37430,68
left_turning,37457,37430,37457,27
sniffing,37503,37457,37503,46
walking,37521,37503,37521,18
left_turning,37578,37521,37578,57
trotting,37622,37578,37622,44
climbing,37697,37622,37697,75
walking,37733,37697,37733,36
stepping,37750,37733,37750,17
left_turning,37790,37750,37790,40
rising,37878,37790,37878,88
climbing,37950,37878,37950,72
right_turning,37967,37950,37967,17
walking,38035,37967,38035,68
sniffing,38169,38035,38169,134
rising,38200,38169,38200,31
climbing,38201,38200,38201,1
grooming,38225,38201,38225,24
rising,38244,38225,38244,19
climbing,38255,38244,38255,11
grooming,38256,38255,38256,1
climbing,38340,38256,38340,84
walking,38341,38340,38341,1
rising,38399,38341,38399,58
jumping,38456,38399,38456,57
rising,38468,38456,38468,12
climbing,38532,38468,38532,64
rearing,38533,38532,38533,1
walking,38557,38533,38557,24
climbing,38576,38557,38576,19
sniffing,38577,38576,38577,1
climbing,38671,38577,38671,94
rearing,38741,38671,38741,70
rising,38795,38741,38795,54
climbing,38826,38795,38826,31
hunching,38866,38826,38866,40
climbing,38871,38866,38871,5
rearing,38872,38871,38872,1
rising,38894,38872,38894,22
sniffing,38912,38894,38912,18
trotting,38918,38912,38918,6
stepping,38924,38918,38924,6
walking,39005,38924,39005,81
rising,39006,39005,39006,1
walking,39050,39006,39050,44
rising,39088,39050,39088,38
climbing,39123,39088,39123,35
walking,39166,39123,39166,43
sniffing,39316,39166,39316,150
trotting,39343,39316,39343,27
stepping,39344,39343,39344,1
sniffing,39389,39344,39389,45
climbing,39499,39389,39499,110
rearing,39548,39499,39548,49
grooming,39584,39548,39584,36
sniffing,39691,39584,39691,107
left_turning,39722,39691,39722,31
climbing,39751,39722,39751,29
grooming,39752,39751,39752,1
right_turning,39809,39752,39809,57
trotting,39846,39809,39846,37
stepping,39870,39846,39870,24
climbing,39908,39870,39908,38
right_turning,39917,39908,39917,9
rearing,40001,39917,40001,84
right_turning,40024,40001,40024,23
sniffing,40035,40024,40035,11
rearing,40083,40035,40083,48
hunching,40134,40083,40134,51
grooming,40252,40134,40252,118
rising,40386,40252,40386,134
walking,40387,40386,40387,1
rearing,40446,40387,40446,59
sniffing,40500,40446,40500,54
stepping,40532,40500,40532,32
sniffing,40560,40532,40560,28
walking,40582,40560,40582,22
sniffing,40693,40582,40693,111
trotting,40721,40693,40721,28
sniffing,40791,40721,40791,70
climbing,40859,40791,40859,68
walking,40882,40859,40882,23
sniffing,40883,40882,40883,1
climbing,40924,40883,40924,41
running,40937,40924,40937,13
walking,40959,40937,40959,22
sniffing,41090,40959,41090,131
right_turning,41120,41090,41120,30
climbing,41124,41120,41124,4
rearing,41125,41124,41125,1
rising,41146,41125,41146,21
grooming,41224,41146,41224,78
sniffing,41230,41224,41230,6
walking,41321,41230,41321,91
climbing,41558,41321,41558,237
right_turning,41589,41558,41589,31
trotting,41619,41589,41619,30
rising,41629,41619,41629,10
sniffing,41705,41629,41705,76
climbing,41792,41705,41792,87
sniffing,41813,41792,41813,21
walking,41828,41813,41828,15
rising,41879,41828,41879,51
rearing,41964,41879,41964,85
sniffing,42022,41964,42022,58
walking,42027,42022,42027,5
rearing,42059,42027,42059,32
climbing,42156,42059,42156,97
trotting,42190,42156,42190,34
left_turning,42245,42190,42245,55
walking,42254,42245,42254,9
sniffing,42255,42254,42255,1
right_turning,42306,42255,42306,51
trotting,42322,42306,42322,16
sniffing,42323,42322,42323,1
rising,42347,42323,42347,24
climbing,42529,42347,42529,182
hunching,42571,42529,42571,42
sniffing,42576,42571,42576,5
left_turning,42629,42576,42629,53
sniffing,42713,42629,42713,84
walking,42804,42713,42804,91
sniffing,42805,42804,42805,1
walking,42821,42805,42821,16
rising,42822,42821,42822,1
sniffing,42869,42822,42869,47
rearing,42927,42869,42927,58
sniffing,42996,42927,42996,69
grooming,42997,42996,42997,1
running,43015,42997,43015,18
rising,43016,43015,43016,1
rearing,43082,43016,43082,66
sniffing,43131,43082,43131,49
rising,43196,43131,43196,65
climbing,43350,43196,43350,154
sniffing,43351,43350,43351,1
grooming,43352,43351,43352,1
right_turning,43406,43352,43406,54
walking,43463,43406,43463,57
sniffing,43474,43463,43474,11
rearing,43537,43474,43537,63
grooming,43716,43537,43716,179
hunching,43765,43716,43765,49
grooming,43766,43765,43766,1
sniffing,43856,43766,43856,90
rearing,43880,43856,43880,24
climbing,44021,43880,44021,141
sniffing,44144,44021,44144,123
rearing,44146,44144,44146,2
sniffing,44236,44146,44236,90
rising,44277,44236,44277,41
sniffing,44278,44277,44278,1
hunching,44365,44278,44365,87
rising,44388,44365,44388,23
sniffing,44596,44388,44596,208
walking,44597,44596,44597,1
hunching,44654,44597,44654,57
right_turning,44665,44654,44665,11
left_turning,44690,44665,44690,25
sniffing,44797,44690,44797,107
stepping,44856,44797,44856,59
walking,44857,44856,44857,1
left_turning,44858,44857,44858,1
walking,44859,44858,44859,1
sniffing,44938,44859,44938,79
rising,44972,44938,44972,34
walking,45038,44972,45038,66
sniffing,45099,45038,45099,61
walking,45156,45099,45156,57
sniffing,45178,45156,45178,22
pausing,45246,45178,45246,68
sniffing,45324,45246,45324,78
walking,45326,45324,45326,2
left_turning,45349,45326,45349,23
walking,45373,45349,45373,24
sniffing,45410,45373,45410,37
trotting,45440,45410,45440,30
walking,45485,45440,45485,45
trotting,45486,45485,45486,1
sniffing,45554,45486,45554,68
rising,45571,45554,45571,17
walking,45672,45571,45672,101
sniffing,45673,45672,45673,1
walking,45674,45673,45674,1
trotting,45720,45674,45720,46
left_turning,45758,45720,45758,38
walking,45759,45758,45759,1
sniffing,45824,45759,45824,65
rising,45886,45824,45886,62
sniffing,45927,45886,45927,41
right_turning,45985,45927,45985,58
trotting,46021,45985,46021,36
rising,46048,46021,46048,27
walking,46049,46048,46049,1
sniffing,46059,46049,46059,10
rising,46065,46059,46065,6
rearing,46138,46065,46138,73
climbing,46257,46138,46257,119
sniffing,46298,46257,46298,41
climbing,46359,46298,46359,61
hunching,46658,46359,46658,299
sniffing,46920,46658,46920,262
left_turning,46937,46920,46937,17
walking,46962,46937,46962,25
sniffing,47011,46962,47011,49
walking,47024,47011,47024,13
sniffing,47074,47024,47074,50
rising,47089,47074,47089,15
climbing,47109,47089,47109,20
walking,47146,47109,47146,37
stepping,47189,47146,47189,43
rising,47241,47189,47241,52
jumping,47287,47241,47287,46
sniffing,47432,47287,47432,145
grooming,47738,47432,47738,306
hunching,47777,47738,47777,39
sniffing,47907,47777,47907,130
climbing,47972,47907,47972,65
sniffing,48153,47972,48153,181
climbing,48154,48153,48154,1
sniffing,48155,48154,48155,1
walking,48220,48155,48220,65
sniffing,48259,48220,48259,39
right_turning,48328,48259,48328,69
trotting,48394,48328,48394,66
sniffing,48584,48394,48584,190
rising,48624,48584,48624,40
sniffing,48663,48624,48663,39
rising,48745,48663,48745,82
climbing,48812,48745,48812,67
trotting,48880,48812,48880,68
climbing,48891,48880,48891,11
rearing,48947,48891,48947,56
left_turning,49003,48947,49003,56
right_turning,49007,49003,49007,4
climbing,49040,49007,49040,33
rising,49041,49040,49041,1
climbing,49119,49041,49119,78
walking,49155,49119,49155,36
rising,49185,49155,49185,30
climbing,49245,49185,49245,60
hunching,49246,49245,49246,1
sniffing,49247,49246,49247,1
pausing,49402,49247,49402,155
sniffing,49564,49402,49564,162
left_turning,49566,49564,49566,2
walking,49567,49566,49567,1
left_turning,49607,49567,49607,40
sniffing,49672,49607,49672,65
climbing,49704,49672,49704,32
sniffing,49774,49704,49774,70
left_turning,49807,49774,49807,33
sniffing,49932,49807,49932,125
rising,49968,49932,49968,36
sniffing,50043,49968,50043,75
rising,50134,50043,50134,91
rearing,50135,50134,50135,1
rising,50177,50135,50177,42
grooming,50184,50177,50184,7
trotting,50208,50184,50208,24
walking,50376,50208,50376,168
rising,50453,50376,50453,77
sniffing,50677,50453,50677,224
grooming,50839,50677,50839,162
hunching,50840,50839,50840,1
rearing,50863,50840,50863,23
sniffing,50864,50863,50864,1
climbing,50913,50864,50913,49
right_turning,50933,50913,50933,20
walking,50972,50933,50972,39
left_turning,50984,50972,50984,12
walking,51030,50984,51030,46
stepping,51039,51030,51039,9
walking,51131,51039,51131,92
sniffing,51162,51131,51162,31
rising,51181,51162,51181,19
climbing,51241,51181,51241,60
rising,51314,51241,51314,73
climbing,51315,51314,51315,1
sniffing,51330,51315,51330,15
walking,51371,51330,51371,41
sniffing,51412,51371,51412,41
rising,51413,51412,51413,1
sniffing,51416,51413,51416,3
stepping,51490,51416,51490,74
trotting,51525,51490,51525,35
sniffing,51612,51525,51612,87
right_turning,51626,51612,51626,14
walking,51627,51626,51627,1
sniffing,51680,51627,51680,53
rising,51743,51680,51743,63
rearing,51865,51743,51865,122
grooming,51866,51865,51866,1
sniffing,51867,51866,51867,1
rising,51868,51867,51868,1
climbing,51916,51868,51916,48
walking,52066,51916,52066,150
sniffing,52215,52066,52215,149
right_turning,52240,52215,52240,25
walking,52250,52240,52250,10
sniffing,52375,52250,52375,125
climbing,52444,52375,52444,69
sniffing,52459,52444,52459,15
walking,52460,52459,52460,1
left_turning,52519,52460,52519,59
sniffing,52589,52519,52589,70
hunching,52590,52589,52590,1
rising,52607,52590,52607,17
sniffing,52680,52607,52680,73
left_turning,52742,52680,52742,62
sniffing,52855,52742,52855,113
left_turning,52881,52855,52881,26
walking,52882,52881,52882,1
rearing,52985,52882,52985,103
climbing,53026,52985,53026,41
grooming,53027,53026,53027,1
sniffing,53107,53027,53107,80
rising,53108,53107,53108,1
rearing,53132,53108,53132,24
rising,53133,53132,53133,1
climbing,53134,53133,53134,1
sniffing,53152,53134,53152,18
rising,53196,53152,53196,44
sniffing,53253,53196,53253,57
left_turning,53263,53253,53263,10
walking,53304,53263,53304,41
sniffing,53307,53304,53307,3
rising,53308,53307,53308,1
walking,53340,53308,53340,32
sniffing,53404,53340,53404,64
stepping,53445,53404,53445,41
right_turning,53459,53445,53459,14
trotting,53466,53459,53466,7
walking,53478,53466,53478,12
rising,53541,53478,53541,63
climbing,53599,53541,53599,58
rising,53627,53599,53627,28
sniffing,53762,53627,53762,135
right_turning,53775,53762,53775,13
walking,53805,53775,53805,30
sniffing,53902,53805,53902,97
grooming,53903,53902,53903,1
rearing,54001,53903,54001,98
grooming,54002,54001,54002,1
sniffing,54088,54002,54088,86
rising,54104,54088,54104,16
grooming,54150,54104,54150,46
climbing,54212,54150,54212,62
running,54236,54212,54236,24
left_turning,54258,54236,54258,22
trotting,54330,54258,54330,72
walking,54354,54330,54354,24
sniffing,54508,54354,54508,154
grooming,54509,54508,54509,1
rearing,54559,54509,54559,50
sniffing,54593,54559,54593,34
climbing,54605,54593,54605,12
running,54630,54605,54630,25
walking,54668,54630,54668,38
rearing,54669,54668,54669,1
trotting,54670,54669,54670,1
sniffing,54754,54670,54754,84
hunching,54756,54754,54756,2
right_turning,54757,54756,54757,1
walking,54813,54757,54813,56
rearing,54913,54813,54913,100
climbing,55055,54913,55055,142
rearing,55056,55055,55056,1
climbing,55139,55056,55139,83
rearing,55199,55139,55199,60
rising,55213,55199,55213,14
right_turning,55293,55213,55293,80
trotting,55300,55293,55300,7
sniffing,55313,55300,55313,13
walking,55342,55313,55342,29
stepping,55357,55342,55357,15
rearing,55374,55357,55374,17
rising,55422,55374,55422,48
climbing,55513,55422,55513,91
grooming,55514,55513,55514,1
rearing,55544,55514,55544,30
sniffing,55577,55544,55577,33
running,55610,55577,55610,33
walking,55642,55610,55642,32
left_turning,55684,55642,55684,42
sniffing,55688,55684,55688,4
climbing,55723,55688,55723,35
left_turning,55770,55723,55770,47
sniffing,55952,55770,55952,182
left_turning,55966,55952,55966,14
stepping,55969,55966,55969,3
sniffing,56041,55969,56041,72
rising,56094,56041,56094,53
climbing,56095,56094,56095,1
walking,56112,56095,56112,17
left_turning,56128,56112,56128,16
stepping,56154,56128,56154,26
walking,56210,56154,56210,56
rising,56215,56210,56215,5
rearing,56230,56215,56230,15
left_turning,56277,56230,56277,47
walking,56286,56277,56286,9
rising,56326,56286,56326,40
climbing,56379,56326,56379,53
sniffing,56380,56379,56380,1
rearing,56514,56380,56514,134
sniffing,56571,56514,56571,57
rearing,56618,56571,56618,47
climbing,56717,56618,56717,99
trotting,56738,56717,56738,21
right_turning,56756,56738,56756,18
walking,56757,56756,56757,1
sniffing,56862,56757,56862,105
rearing,56926,56862,56926,64
hunching,56927,56926,56927,1
rising,56973,56927,56973,46
rearing,57041,56973,57041,68
climbing,57079,57041,57079,38
walking,57099,57079,57099,20
stepping,57152,57099,57152,53
sniffing,57183,57152,57183,31
rising,57210,57183,57210,27
sniffing,57258,57210,57258,48
left_turning,57292,57258,57292,34
rearing,57437,57292,57437,145
rising,57477,57437,57477,40
sniffing,57589,57477,57589,112
climbing,57684,57589,57684,95
rearing,57685,57684,57685,1
sniffing,58011,57685,58011,326
walking,58088,58011,58088,77
stepping,58142,58088,58142,54
rearing,58143,58142,58143,1
sniffing,58168,58143,58168,25
walking,58169,58168,58169,1
sniffing,58372,58169,58372,203
running,58386,58372,58386,14
sniffing,58485,58386,58485,99
rearing,58520,58485,58520,35
climbing,58632,58520,58632,112
rising,58675,58632,58675,43
walking,58749,58675,58749,74
hunching,58786,58749,58786,37
rising,58829,58786,58829,43
climbing,58875,58829,58875,46
walking,58911,58875,58911,36
left_turning,58950,58911,58950,39
sniffing,59058,58950,59058,108
walking,59165,59058,59165,107
right_turning,59206,59165,59206,41
running,59224,59206,59224,18
walking,59315,59224,59315,91
rising,59390,59315,59390,75
climbing,59421,59390,59421,31
sniffing,59468,59421,59468,47
hunching,59507,59468,59507,39
climbing,59671,59507,59671,164
sniffing,59672,59671,59672,1
rising,59673,59672,59673,1
climbing,59726,59673,59726,53
left_turning,59750,59726,59750,24
walking,59751,59750,59751,1
sniffing,59825,59751,59825,74
left_turning,59880,59825,59880,55
sniffing,59928,59880,59928,48
left_turning,59944,59928,59944,16
rearing,60001,59944,60001,57
rising,60074,60001,60074,73
trotting,60110,60074,60110,36
sniffing,60161,60110,60161,51
rearing,60295,60161,60295,134
walking,60304,60295,60304,9
rising,60349,60304,60349,45
climbing,60468,60349,60468,119
sniffing,60601,60468,60601,133
left_turning,60656,60601,60656,55
sniffing,60720,60656,60720,64
walking,60752,60720,60752,32
right_turning,60772,60752,60772,20
sniffing,60880,60772,60880,108
pausing,61073,60880,61073,193
sniffing,61199,61073,61199,126
left_turning,61244,61199,61244,45
trotting,61271,61244,61271,27
rising,61317,61271,61317,46
rearing,61409,61317,61409,92
sniffing,61628,61409,61628,219
rising,61656,61628,61656,28
left_turning,61658,61656,61658,2
walking,61683,61658,61683,25
trotting,61737,61683,61737,54
rising,61739,61737,61739,2
sniffing,61760,61739,61760,21
rising,61761,61760,61761,1
sniffing,61833,61761,61833,72
trotting,61860,61833,61860,27
sniffing,61888,61860,61888,28
trotting,61889,61888,61889,1
climbing,61950,61889,61950,61
hunching,61951,61950,61951,1
right_turning,61991,61951,61991,40
walking,62003,61991,62003,12
right_turning,62016,62003,62016,13
running,62052,62016,62052,36
sniffing,62165,62052,62165,113
left_turning,62169,62165,62169,4
sniffing,62170,62169,62170,1
trotting,62180,62170,62180,10
left_turning,62189,62180,62189,9
walking,62224,62189,62224,35
sniffing,62259,62224,62259,35
stepping,62289,62259,62289,30
walking,62302,62289,62302,13
sniffing,62395,62302,62395,93
left_turning,62412,62395,62412,17
rearing,62455,62412,62455,43
stepping,62503,62455,62503,48
walking,62566,62503,62566,63
sniffing,62623,62566,62623,57
rising,62624,62623,62624,1
grooming,62820,62624,62820,196
hunching,62876,62820,62876,56
right_turning,62889,62876,62889,13
walking,62926,62889,62926,37
sniffing,62966,62926,62966,40
left_turning,62982,62966,62982,16
rising,62989,62982,62989,7
rearing,63061,62989,63061,72
grooming,63143,63061,63143,82
sniffing,63214,63143,63214,71
rising,63317,63214,63317,103
climbing,63359,63317,63359,42
sniffing,63458,63359,63458,99
walking,63459,63458,63459,1
left_turning,63515,63459,63515,56
climbing,63545,63515,63545,30
running,63588,63545,63588,43
sniffing,63589,63588,63589,1
left_turning,63629,63589,63629,40
trotting,63640,63629,63640,11
walking,63662,63640,63662,22
sniffing,63665,63662,63665,3
walking,63705,63665,63705,40
sniffing,63859,63705,63859,154
rising,63873,63859,63873,14
left_turning,63894,63873,63894,21
rising,63946,63894,63946,52
hunching,64012,63946,64012,66
climbing,64134,64012,64134,122
rising,64157,64134,64157,23
grooming,64165,64157,64165,8
running,64194,64165,64194,29
trotting,64214,64194,64214,20
sniffing,64252,64214,64252,38
rising,64253,64252,64253,1
sniffing,64254,64253,64254,1
walking,64290,64254,64290,36
climbing,64439,64290,64439,149
rearing,64440,64439,64440,1
climbing,64474,64440,64474,34
walking,64475,64474,64475,1
sniffing,64581,64475,64581,106
right_turning,64582,64581,64582,1
stepping,64624,64582,64624,42
sniffing,64805,64624,64805,181
left_turning,64806,64805,64806,1
walking,64814,64806,64814,8
sniffing,64815,64814,64815,1
rising,64873,64815,64873,58
sniffing,65270,64873,65270,397
walking,65317,65270,65317,47
rearing,65348,65317,65348,31
walking,65367,65348,65367,19
rising,65442,65367,65442,75
sniffing,65539,65442,65539,97
rising,65548,65539,65548,9
climbing,65549,65548,65549,1
rearing,65592,65549,65592,43
grooming,65593,65592,65593,1
left_turning,65648,65593,65648,55
sniffing,65736,65648,65736,88
rearing,65737,65736,65737,1
sniffing,65762,65737,65762,25
hunching,65763,65762,65763,1
rising,65812,65763,65812,49
climbing,65813,65812,65813,1
walking,65861,65813,65861,48
climbing,65944,65861,65944,83
rearing,65966,65944,65966,22
sniffing,65974,65966,65974,8
left_turning,65975,65974,65975,1
sniffing,65984,65975,65984,9
rearing,65985,65984,65985,1
walking,65986,65985,65986,1
sniffing,66022,65986,66022,36
rearing,66499,66022,66499,477
sniffing,66670,66499,66670,171
rising,66710,66670,66710,40
climbing,66896,66710,66896,186
sniffing,66936,66896,66936,40
climbing,67005,66936,67005,69
walking,67063,67005,67063,58
sniffing,67179,67063,67179,116
right_turning,67205,67179,67205,26
walking,67231,67205,67231,26
sniffing,67380,67231,67380,149
walking,67381,67380,67381,1
climbing,67533,67381,67533,152
walking,67540,67533,67540,7
left_turning,67580,67540,67580,40
walking,67621,67580,67621,41
stepping,67687,67621,67687,66
left_turning,67731,67687,67731,44
sniffing,67732,67731,67732,1
rising,67781,67732,67781,49
walking,67826,67781,67826,45
rearing,67862,67826,67862,36
climbing,67978,67862,67978,116
rearing,67998,67978,67998,20
climbing,68019,67998,68019,21
sniffing,68166,68019,68166,147
climbing,68184,68166,68184,18
sniffing,68234,68184,68234,50
grooming,68301,68234,68301,67
sniffing,68398,68301,68398,97
rising,68408,68398,68408,10
jumping,68439,68408,68439,31
running,68460,68439,68460,21
rising,68466,68460,68466,6
climbing,68467,68466,68467,1
hunching,68482,68467,68482,15
sniffing,68527,68482,68527,45
rising,68611,68527,68611,84
rearing,68668,68611,68668,57
rising,68669,68668,68669,1
climbing,68825,68669,68825,156
rearing,68902,68825,68902,77
climbing,68972,68902,68972,70
rising,68983,68972,68983,11
climbing,69040,68983,69040,57
sniffing,69041,69040,69041,1
trotting,69098,69041,69098,57
sniffing,69173,69098,69173,75
rising,69224,69173,69224,51
sniffing,69335,69224,69335,111
rising,69353,69335,69353,18
grooming,69468,69353,69468,115
sniffing,69495,69468,69495,27
left_turning,69550,69495,69550,55
sniffing,69551,69550,69551,1
rearing,69577,69551,69577,26
rising,69644,69577,69644,67
sniffing,69747,69644,69747,103
trotting,69797,69747,69797,50
walking,69866,69797,69866,69
stepping,69878,69866,69878,12
sniffing,70039,69878,70039,161
grooming,70268,70039,70268,229
rising,70295,70268,70295,27
left_turning,70306,70295,70306,11
walking,70354,70306,70354,48
right_turning,70405,70354,70405,51
sniffing,70481,70405,70481,76
left_turning,70560,70481,70560,79
sniffing,70565,70560,70565,5
left_turning,70589,70565,70589,24
trotting,70598,70589,70598,9
walking,70662,70598,70662,64
stepping,70716,70662,70716,54
walking,70717,70716,70717,1
climbing,70775,70717,70775,58
walking,70806,70775,70806,31
sniffing,70973,70806,70973,167
trotting,70999,70973,70999,26
left_turning,71028,70999,71028,29
sniffing,71277,71028,71277,249
rearing,71278,71277,71278,1
grooming,71343,71278,71343,65
left_turning,71357,71343,71357,14
running,71378,71357,71378,21
hunching,71559,71378,71559,181
sniffing,71629,71559,71629,70
left_turning,71655,71629,71655,26
walking,71668,71655,71668,13
sniffing,71691,71668,71691,23
rising,71714,71691,71714,23
trotting,71742,71714,71742,28
sniffing,71830,71742,71830,88
walking,71856,71830,71856,26
sniffing,71971,71856,71971,115
left_turning,72025,71971,72025,54
sniffing,72105,72025,72105,80
rising,72122,72105,72122,17
climbing,72123,72122,72123,1
sniffing,72217,72123,72217,94
climbing,72241,72217,72241,24
right_turning,72266,72241,72266,25
walking,72299,72266,72299,33
sniffing,72307,72299,72307,8
hunching,72347,72307,72347,40
rearing,72348,72347,72348,1
running,72383,72348,72383,35
walking,72384,72383,72384,1
stepping,72433,72384,72433,49
walking,72457,72433,72457,24
rising,72467,72457,72467,10
jumping,72497,72467,72497,30
walking,72517,72497,72517,20
left_turning,72580,72517,72580,63
sniffing,72592,72580,72592,12
walking,72593,72592,72593,1
sniffing,72594,72593,72594,1
hunching,72595,72594,72595,1
climbing,72596,72595,72596,1
sniffing,72707,72596,72707,111
left_turning,72770,72707,72770,63
walking,72776,72770,72776,6
sniffing,72777,72776,72777,1
climbing,72778,72777,72778,1
rising,72803,72778,72803,25
sniffing,73041,72803,73041,238
left_turning,73081,73041,73081,40
sniffing,73268,73081,73268,187
climbing,73371,73268,73371,103
walking,73394,73371,73394,23
stepping,73465,73394,73465,71
sniffing,73533,73465,73533,68
walking,73534,73533,73534,1
jumping,73620,73534,73620,86
sniffing,73625,73620,73625,5
rising,73626,73625,73626,1
sniffing,73756,73626,73756,130
left_turning,73804,73756,73804,48
walking,73843,73804,73843,39
sniffing,73996,73843,73996,153
climbing,74073,73996,74073,77
rearing,74137,74073,74137,64
climbing,74138,74137,74138,1
rising,74139,74138,74139,1
right_turning,74192,74139,74192,53
walking,74218,74192,74218,26
sniffing,74265,74218,74265,47
grooming,74339,74265,74339,74
sniffing,74487,74339,74487,148
walking,74501,74487,74501,14
climbing,74502,74501,74502,1
left_turning,74581,74502,74581,79
sniffing,74582,74581,74582,1
left_turning,74646,74582,74646,64
stepping,74654,74646,74654,8
walking,74655,74654,74655,1
sniffing,74729,74655,74729,74
rising,74768,74729,74768,39
sniffing,74923,74768,74923,155
climbing,74952,74923,74952,29
walking,75010,74952,75010,58
sniffing,75158,75010,75158,148
rearing,75188,75158,75188,30
grooming,75189,75188,75189,1
rearing,75348,75189,75348,159
sniffing,75370,75348,75370,22
rearing,75462,75370,75462,92
climbing,75655,75462,75655,193
sniffing,75674,75655,75674,19
climbing,75790,75674,75790,116
sniffing,75934,75790,75934,144
climbing,75998,75934,75998,64
rearing,76051,75998,76051,53
rising,76113,76051,76113,62
sniffing,76114,76113,76114,1
right_turning,76124,76114,76124,10
walking,76141,76124,76141,17
stepping,76178,76141,76178,37
walking,76238,76178,76238,60
climbing,76312,76238,76312,74
rearing,76324,76312,76324,12
left_turning,76416,76324,76416,92
stepping,76451,76416,76451,35
walking,76474,76451,76474,23
left_turning,76525,76474,76525,51
climbing,76672,76525,76672,147
sniffing,76725,76672,76725,53
walking,76777,76725,76777,52
rearing,76911,76777,76911,134
climbing,77000,76911,77000,89
right_turning,77015,77000,77015,15
trotting,77040,77015,77040,25
right_turning,77043,77040,77043,3
stepping,77044,77043,77044,1
rearing,77114,77044,77114,70
sniffing,77136,77114,77136,22
grooming,77169,77136,77169,33
sniffing,77232,77169,77232,63
rising,77306,77232,77306,74
walking,77307,77306,77307,1
rising,77337,77307,77337,30
climbing,77440,77337,77440,103
walking,77492,77440,77492,52
climbing,77530,77492,77530,38
walking,77596,77530,77596,66
sniffing,77777,77596,77777,181
stepping,77797,77777,77797,20
sniffing,77909,77797,77909,112
rising,77924,77909,77924,15
climbing,78002,77924,78002,78
rearing,78054,78002,78054,52
rising,78078,78054,78078,24
climbing,78079,78078,78079,1
trotting,78165,78079,78165,86
sniffing,78280,78165,78280,115
walking,78342,78280,78342,62
climbing,78383,78342,78383,41
walking,78384,78383,78384,1
rearing,78429,78384,78429,45
grooming,78430,78429,78430,1
rearing,78431,78430,78431,1
rising,78438,78431,78438,7
climbing,78471,78438,78471,33
rising,78478,78471,78478,7
sniffing,78479,78478,78479,1
stepping,78521,78479,78521,42
climbing,78613,78521,78613,92
walking,78626,78613,78626,13
climbing,78627,78626,78627,1
rising,78675,78627,78675,48
climbing,78782,78675,78782,107
grooming,78783,78782,78783,1
left_turning,78822,78783,78822,39
rearing,78857,78822,78857,35
rising,78858,78857,78858,1
rearing,78930,78858,78930,72
walking,78951,78930,78951,21
climbing,79050,78951,79050,99
sniffing,79121,79050,79121,71
walking,79159,79121,79159,38
sniffing,79309,79159,79309,150
climbing,79379,79309,79379,70
right_turning,79450,79379,79450,71
sniffing,79581,79450,79581,131
stepping,79611,79581,79611,30
left_turning,79655,79611,79655,44
sniffing,79707,79655,79707,52
climbing,79755,79707,79755,48
rearing,79838,79755,79838,83
sniffing,79874,79838,79874,36
running,79885,79874,79885,11
left_turning,79917,79885,79917,32
running,79938,79917,79938,21
right_turning,79961,79938,79961,23
rising,80072,79961,80072,111
rearing,80161,80072,80161,89
hunching,80180,80161,80180,19
sniffing,80241,80180,80241,61
grooming,80484,80241,80484,243
sniffing,80514,80484,80514,30
rising,80562,80514,80562,48
walking,80618,80562,80618,56
rising,80619,80618,80619,1
rearing,80660,80619,80660,41
hunching,80745,80660,80745,85
climbing,80772,80745,80772,27
rearing,80862,80772,80862,90
climbing,80969,80862,80969,107
walking,81015,80969,81015,46
stepping,81047,81015,81047,32
walking,81107,81047,81107,60
left_turning,81149,81107,81149,42
walking,81269,81149,81269,120
sniffing,81345,81269,81345,76
walking,81377,81345,81377,32
sniffing,81463,81377,81463,86
trotting,81482,81463,81482,19
sniffing,81483,81482,81483,1
left_turning,81510,81483,81510,27
rising,81641,81510,81641,131
climbing,81701,81641,81701,60
rising,81771,81701,81771,70
climbing,81841,81771,81841,70
hunching,82189,81841,82189,348
rising,82309,82189,82309,120
sniffing,82375,82309,82375,66
stepping,82422,82375,82422,47
sniffing,82498,82422,82498,76
climbing,82517,82498,82517,19
right_turning,82526,82517,82526,9
walking,82556,82526,82556,30
climbing,82572,82556,82572,16
rearing,82621,82572,82621,49
sniffing,82701,82621,82701,80
hunching,82710,82701,82710,9
sniffing,82711,82710,82711,1
rising,82712,82711,82712,1
walking,82762,82712,82762,50
sniffing,82828,82762,82828,66
grooming,82829,82828,82829,1
climbing,82872,82829,82872,43
rearing,82873,82872,82873,1
running,82888,82873,82888,15
left_turning,82908,82888,82908,20
walking,82990,82908,82990,82
sniffing,83101,82990,83101,111
hunching,83181,83101,83181,80
walking,83183,83181,83183,2
climbing,83184,83183,83184,1
sniffing,83248,83184,83248,64
climbing,83339,83248,83339,91
sniffing,83467,83339,83467,128
rising,83468,83467,83468,1
sniffing,83555,83468,83555,87
left_turning,83599,83555,83599,44
sniffing,83767,83599,83767,168
trotting,83829,83767,83829,62
sniffing,83872,83829,83872,43
trotting,83880,83872,83880,8
walking,83903,83880,83903,23
sniffing,83904,83903,83904,1
rising,83958,83904,83958,54
rearing,84018,83958,84018,60
left_turning,84061,84018,84061,43
walking,84119,84061,84119,58
rising,84120,84119,84120,1
sniffing,84253,84120,84253,133
pausing,84475,84253,84475,222
sniffing,84836,84475,84836,361
rising,84921,84836,84921,85
climbing,84975,84921,84975,54
left_turning,84986,84975,84986,11
stepping,85009,84986,85009,23
left_turning,85042,85009,85042,33
sniffing,85076,85042,85076,34
walking,85103,85076,85103,27
rising,85138,85103,85138,35
stepping,85157,85138,85157,19
climbing,85160,85157,85160,3
right_turning,85162,85160,85162,2
walking,85198,85162,85198,36
sniffing,85199,85198,85199,1
walking,85274,85199,85274,75
sniffing,85397,85274,85397,123
rearing,85467,85397,85467,70
sniffing,85528,85467,85528,61
walking,85598,85528,85598,70
left_turning,85643,85598,85643,45
rising,85700,85643,85700,57
climbing,85725,85700,85725,25
sniffing,85819,85725,85819,94
walking,85840,85819,85840,21
sniffing,85959,85840,85959,119
rising,86008,85959,86008,49
climbing,86087,86008,86087,79
right_turning,86107,86087,86107,20
walking,86135,86107,86135,28
sniffing,86231,86135,86231,96
walking,86263,86231,86263,32
rising,86264,86263,86264,1
climbing,86407,86264,86407,143
sniffing,86440,86407,86440,33
grooming,86761,86440,86761,321
sniffing,86835,86761,86835,74
right_turning,86885,86835,86885,50
walking,86886,86885,86886,1
rising,86908,86886,86908,22
sniffing,87061,86908,87061,153
left_turning,87091,87061,87091,30
sniffing,87164,87091,87164,73
rearing,87281,87164,87281,117
grooming,87394,87281,87394,113
left_turning,87455,87394,87455,61
trotting,87466,87455,87466,11
walking,87523,87466,87523,57
stepping,87585,87523,87585,62
trotting,87611,87585,87611,26
left_turning,87629,87611,87629,18
sniffing,87647,87629,87647,18
walking,87663,87647,87663,16
sniffing,87664,87663,87664,1
left_turning,87695,87664,87695,31
sniffing,87696,87695,87696,1
rising,87787,87696,87787,91
climbing,87875,87787,87875,88
rearing,87902,87875,87902,27
running,87922,87902,87922,20
sniffing,87978,87922,87978,56
left_turning,88012,87978,88012,34
rising,88013,88012,88013,1
climbing,88042,88013,88042,29
rising,88078,88042,88078,36
right_turning,88100,88078,88100,22
walking,88134,88100,88134,34
sniffing,88135,88134,88135,1
trotting,88143,88135,88143,8
sniffing,88441,88143,88441,298
walking,88468,88441,88468,27
sniffing,88541,88468,88541,73
rising,88554,88541,88554,13
climbing,88641,88554,88641,87
right_turning,88653,88641,88653,12
walking,88733,88653,88733,80
sniffing,88734,88733,88734,1
right_turning,88754,88734,88754,20
left_turning,88858,88754,88858,104
stepping,88876,88858,88876,18
running,88902,88876,88902,26
rising,88947,88902,88947,45
sniffing,89005,88947,89005,58
rising,89006,89005,89006,1
left_turning,89031,89006,89031,25
walking,89091,89031,89091,60
left_turning,89145,89091,89145,54
walking,89161,89145,89161,16
left_turning,89181,89161,89181,20
sniffing,89217,89181,89217,36
rising,89218,89217,89218,1
climbing,89310,89218,89310,92
sniffing,89589,89310,89589,279
walking,89590,89589,89590,1
sniffing,89689,89590,89689,99
stepping,89716,89689,89716,27
climbing,89779,89716,89779,63
rising,89820,89779,89820,41
climbing,89953,89820,89953,133
sniffing,89954,89953,89954,1
rising,89981,89954,89981,27
rearing,90010,89981,90010,29
climbing,90064,90010,90064,54
sniffing,90100,90064,90100,36
rising,90124,90100,90124,24
stepping,90168,90124,90168,44
sniffing,90252,90168,90252,84
rising,90266,90252,90266,14
stepping,90287,90266,90287,21
left_turning,90288,90287,90288,1
pausing,90476,90288,90476,188
sniffing,90694,90476,90694,218
rising,90820,90694,90820,126
sniffing,91044,90820,91044,224
grooming,91417,91044,91417,373
rearing,91444,91417,91444,27
sniffing,91465,91444,91465,21
right_turning,91469,91465,91469,4
sniffing,91537,91469,91537,68
left_turning,91604,91537,91604,67
sniffing,91705,91604,91705,101
grooming,91706,91705,91706,1
rearing,91769,91706,91769,63
sniffing,91801,91769,91801,32
right_turning,91805,91801,91805,4
running,91860,91805,91860,55
sniffing,91861,91860,91861,1
climbing,91956,91861,91956,95
walking,91974,91956,91974,18
stepping,92005,91974,92005,31
walking,92013,92005,92013,8
sniffing,92047,92013,92047,34
right_turning,92103,92047,92103,56
sniffing,92160,92103,92160,57
climbing,92264,92160,92264,104
rising,92351,92264,92351,87
grooming,92374,92351,92374,23
right_turning,92393,92374,92393,19
trotting,92446,92393,92446,53
walking,92483,92446,92483,37
sniffing,92591,92483,92591,108
rising,92620,92591,92620,29
climbing,92672,92620,92672,52
sniffing,92835,92672,92835,163
rising,92836,92835,92836,1
sniffing,92958,92836,92958,122
climbing,93160,92958,93160,202
sniffing,93308,93160,93308,148
rising,93387,93308,93387,79
sniffing,93388,93387,93388,1
rising,93396,93388,93396,8
sniffing,93411,93396,93411,15
walking,93453,93411,93453,42
rising,93477,93453,93477,24
walking,93552,93477,93552,75
rising,93588,93552,93588,36
climbing,93592,93588,93592,4
running,93620,93592,93620,28
left_turning,93626,93620,93626,6
running,93654,93626,93654,28
sniffing,93768,93654,93768,114
right_turning,93826,93768,93826,58
sniffing,93975,93826,93975,149
rising,93976,93975,93976,1
sniffing,94035,93976,94035,59
stepping,94090,94035,94090,55
climbing,94115,94090,94115,25
rising,94116,94115,94116,1
sniffing,94253,94116,94253,137
right_turning,94303,94253,94303,50
climbing,94426,94303,94426,123
rearing,94427,94426,94427,1
rising,94529,94427,94529,102
climbing,94585,94529,94585,56
rising,94626,94585,94626,41
trotting,94627,94626,94627,1
sniffing,94628,94627,94628,1
left_turning,94668,94628,94668,40
stepping,94733,94668,94733,65
climbing,94795,94733,94795,62
sniffing,94962,94795,94962,167
rising,94998,94962,94998,36
climbing,95032,94998,95032,34
sniffing,95033,95032,95033,1
grooming,95034,95033,95034,1
sniffing,95035,95034,95035,1
rising,95070,95035,95070,35
left_turning,95095,95070,95095,25
sniffing,95113,95095,95113,18
rising,95123,95113,95123,10
right_turning,95157,95123,95157,34
trotting,95172,95157,95172,15
sniffing,95321,95172,95321,149
left_turning,95389,95321,95389,68
sniffing,95568,95389,95568,179
right_turning,95621,95568,95621,53
sniffing,95622,95621,95622,1
stepping,95687,95622,95687,65
walking,95688,95687,95688,1
sniffing,95754,95688,95754,66
rising,95755,95754,95755,1
sniffing,95816,95755,95816,61
walking,95904,95816,95904,88
left_turning,95912,95904,95912,8
running,95932,95912,95932,20
sniffing,96172,95932,96172,240
walking,96195,96172,96195,23
rising,96196,96195,96196,1
sniffing,96283,96196,96283,87
climbing,96312,96283,96312,29
rearing,96363,96312,96363,51
rising,96433,96363,96433,70
walking,96434,96433,96434,1
sniffing,96579,96434,96579,145
rearing,96580,96579,96580,1
rising,96623,96580,96623,43
sniffing,96720,96623,96720,97
climbing,96759,96720,96759,39
rearing,96784,96759,96784,25
grooming,97044,96784,97044,260
sniffing,97064,97044,97064,20
right_turning,97091,97064,97091,27
walking,97125,97091,97125,34
sniffing,97126,97125,97126,1
hunching,97135,97126,97135,9
sniffing,97300,97135,97300,165
right_turning,97322,97300,97322,22
sniffing,97338,97322,97338,16
walking,97340,97338,97340,2
left_turning,97388,97340,97388,48
sniffing,97399,97388,97399,11
walking,97478,97399,97478,79
left_turning,97505,97478,97505,27
sniffing,97595,97505,97595,90
climbing,97635,97595,97635,40
walking,97712,97635,97712,77
rising,97737,97712,97737,25
climbing,97761,97737,97761,24
rising,97796,97761,97796,35
climbing,97865,97796,97865,69
rearing,97866,97865,97866,1
walking,97933,97866,97933,67
climbing,97963,97933,97963,30
sniffing,98008,97963,98008,45
trotting,98033,98008,98033,25
rising,98034,98033,98034,1
left_turning,98089,98034,98089,55
trotting,98138,98089,98138,49
sniffing,98174,98138,98174,36
rising,98253,98174,98253,79
sniffing,98431,98253,98431,178
left_turning,98467,98431,98467,36
sniffing,98468,98467,98468,1
grooming,98469,98468,98469,1
rearing,98558,98469,98558,89
sniffing,98774,98558,98774,216
rising,98775,98774,98775,1
sniffing,98917,98775,98917,142
rising,99042,98917,99042,125
climbing,99195,99042,99195,153
sniffing,99220,99195,99220,25
pausing,99479,99220,99479,259
climbing,99645,99479,99645,166
running,99679,99645,99679,34
walking,99722,99679,99722,43
rising,99723,99722,99723,1
rearing,99724,99723,99724,1
sniffing,99802,99724,99802,78
grooming,99944,99802,99944,142
hunching,100012,99944,100012,68
sniffing,100153,100012,100153,141
pausing,100411,100153,100411,258
sniffing,100484,100411,100484,73
rising,100518,100484,100518,34
rearing,100565,100518,100565,47
sniffing,100593,100565,100593,28
rising,100594,100593,100594,1
climbing,100595,100594,100595,1
rising,100614,100595,100614,19
climbing,100668,100614,100668,54
sniffing,100767,100668,100767,99
left_turning,100772,100767,100772,5
rising,100845,100772,100845,73
climbing,100896,100845,100896,51
rearing,100905,100896,100905,9
sniffing,101007,100905,101007,102
pausing,101093,101007,101093,86
sniffing,101155,101093,101155,62
right_turning,101156,101155,101156,1
walking,101215,101156,101215,59
sniffing,101309,101215,101309,94
climbing,101433,101309,101433,124
grooming,101434,101433,101434,1
sniffing,101555,101434,101555,121
stepping,101572,101555,101572,17
walking,101573,101572,101573,1
rising,101605,101573,101605,32
sniffing,101783,101605,101783,178
climbing,101785,101783,101785,2
sniffing,101885,101785,101885,100
rising,101886,101885,101886,1
rearing,102001,101886,102001,115
climbing,102063,102001,102063,62
rising,102079,102063,102079,16
climbing,102222,102079,102222,143
walking,102287,102222,102287,65
stepping,102305,102287,102305,18
right_turning,102321,102305,102321,16
climbing,102600,102321,102600,279
walking,102649,102600,102649,49
right_turning,102661,102649,102661,12
walking,102746,102661,102746,85
trotting,102775,102746,102775,29
stepping,102800,102775,102800,25
sniffing,102803,102800,102803,3
rising,102804,102803,102804,1
climbing,102939,102804,102939,135
rearing,103043,102939,103043,104
rising,103058,103043,103058,15
climbing,103173,103058,103173,115
walking,103187,103173,103187,14
stepping,103242,103187,103242,55
sniffing,103428,103242,103428,186
rearing,103494,103428,103494,66
sniffing,103511,103494,103511,17
grooming,103512,103511,103512,1
right_turning,103523,103512,103523,11
running,103572,103523,103572,49
sniffing,103573,103572,103573,1
walking,103631,103573,103631,58
sniffing,103632,103631,103632,1
rearing,103750,103632,103750,118
sniffing,103871,103750,103871,121
climbing,103893,103871,103893,22
right_turning,103895,103893,103895,2
trotting,103922,103895,103922,27
rising,103943,103922,103943,21
sniffing,104015,103943,104015,72
rising,104045,104015,104045,30
climbing,104046,104045,104046,1
sniffing,104175,104046,104175,129
climbing,104285,104175,104285,110
running,104313,104285,104313,28
trotting,104315,104313,104315,2
stepping,104424,104315,104424,109
walking,104447,104424,104447,23
sniffing,104535,104447,104535,88
right_turning,104628,104535,104628,93
walking,104714,104628,104714,86
climbing,104839,104714,104839,125
walking,104882,104839,104882,43
sniffing,104987,104882,104987,105
walking,104988,104987,104988,1
sniffing,105041,104988,105041,53
rising,105083,105041,105083,42
right_turning,105159,105083,105159,76
sniffing,105283,105159,105283,124
rearing,105396,105283,105396,113
sniffing,105438,105396,105438,42
left_turning,105466,105438,105466,28
walking,105505,105466,105505,39
climbing,105661,105505,105661,156
rising,105662,105661,105662,1
rearing,106015,105662,106015,353
climbing,106079,106015,106079,64
sniffing,106080,106079,106080,1
walking,106081,106080,106081,1
sniffing,106269,106081,106269,188
walking,106394,106269,106394,125
grooming,107124,106394,107124,730
rearing,107125,107124,107125,1
climbing,107126,107125,107126,1
rising,107146,107126,107146,20
sniffing,107247,107146,107247,101
rising,107292,107247,107292,45
climbing,107388,107292,107388,96
sniffing,107400,107388,107400,12
grooming,107401,107400,107401,1
hunching,107402,107401,107402,1
grooming,107645,107402,107645,243
sniffing,107799,107645,107799,154
walking,107841,107799,107841,42
sniffing,107905,107841,107905,64
stepping,108000,107905,108000,95
