revised_movement_label,segBoundary,segBoundary_start,segBoundary_end,length
walking,39,0,39,39
rising,75,39,75,36
climbing,106,75,106,31
sniffing,107,106,107,1
trotting,126,107,126,19
stepping,128,126,128,2
rising,149,128,149,21
climbing,221,149,221,72
sniffing,222,221,222,1
grooming,237,222,237,15
hunching,248,237,248,11
sniffing,249,248,249,1
rearing,325,249,325,76
sniffing,326,325,326,1
rising,441,326,441,115
climbing,481,441,481,40
walking,550,481,550,69
sniffing,604,550,604,54
rearing,605,604,605,1
climbing,644,605,644,39
rising,666,644,666,22
sniffing,667,666,667,1
grooming,715,667,715,48
rearing,723,715,723,8
walking,778,723,778,55
running,783,778,783,5
left_turning,839,783,839,56
sniffing,894,839,894,55
left_turning,913,894,913,19
trotting,992,913,992,79
walking,1092,992,1092,100
left_turning,1144,1092,1144,52
stepping,1149,1144,1149,5
walking,1210,1149,1210,61
sniffing,1277,1210,1277,67
climbing,1341,1277,1341,64
trotting,1401,1341,1401,60
rising,1409,1401,1409,8
climbing,1437,1409,1437,28
sniffing,1474,1437,1474,37
trotting,1483,1474,1483,9
rising,1521,1483,1521,38
sniffing,1580,1521,1580,59
climbing,1622,1580,1622,42
walking,1662,1622,1662,40
rising,1708,1662,1708,46
walking,1759,1708,1759,51
sniffing,1903,1759,1903,144
walking,1960,1903,1960,57
stepping,1969,1960,1969,9
sniffing,2029,1969,2029,60
walking,2088,2029,2088,59
sniffing,2163,2088,2163,75
climbing,2188,2163,2188,25
rising,2212,2188,2212,24
sniffing,2265,2212,2265,53
climbing,2292,2265,2292,27
sniffing,2360,2292,2360,68
left_turning,2426,2360,2426,66
sniffing,2467,2426,2467,41
rising,2472,2467,2472,5
sniffing,2489,2472,2489,17
walking,2519,2489,2519,30
climbing,2574,2519,2574,55
sniffing,2675,2574,2675,101
climbing,2707,2675,2707,32
rising,2757,2707,2757,50
walking,2778,2757,2778,21
hunching,2824,2778,2824,46
sniffing,2930,2824,2930,106
rising,2962,2930,2962,32
sniffing,2963,2962,2963,1
climbing,3002,2963,3002,39
hunching,3026,3002,3026,24
stepping,3068,3026,3068,42
walking,3123,3068,3123,55
sniffing,3124,3123,3124,1
walking,3159,3124,3159,35
sniffing,3226,3159,3226,67
rising,3256,3226,3256,30
sniffing,3292,3256,3292,36
rising,3293,3292,3293,1
climbing,3311,3293,3311,18
sniffing,3379,3311,3379,68
rising,3403,3379,3403,24
climbing,3458,3403,3458,55
sniffing,3624,3458,3624,166
rearing,3675,3624,3675,51
rising,3705,3675,3705,30
walking,3729,3705,3729,24
rising,3752,3729,3752,23
climbing,3811,3752,3811,59
sniffing,3856,3811,3856,45
running,3872,3856,3872,16
walking,3897,3872,3897,25
rising,3934,3897,3934,37
rearing,3935,3934,3935,1
sniffing,4015,3935,4015,80
running,4025,4015,4025,10
trotting,4047,4025,4047,22
walking,4064,4047,4064,17
climbing,4094,4064,4094,30
right_turning,4141,4094,4141,47
walking,4169,4141,4169,28
rising,4228,4169,4228,59
rearing,4249,4228,4249,21
climbing,4285,4249,4285,36
sniffing,4286,4285,4286,1
trotting,4287,4286,4287,1
walking,4355,4287,4355,68
rising,4356,4355,4356,1
stepping,4412,4356,4412,56
sniffing,4444,4412,4444,32
pausing,5379,4444,5379,935
sniffing,5380,5379,5380,1
rising,5381,5380,5381,1
climbing,5433,5381,5433,52
walking,5448,5433,5448,15
stepping,5668,5448,5668,220
sniffing,5712,5668,5712,44
trotting,5748,5712,5748,36
rising,5754,5748,5754,6
climbing,5814,5754,5814,60
walking,5815,5814,5815,1
rising,5849,5815,5849,34
sniffing,5850,5849,5850,1
walking,5898,5850,5898,48
rearing,5983,5898,5983,85
sniffing,6067,5983,6067,84
walking,6100,6067,6100,33
sniffing,6148,6100,6148,48
rising,6178,6148,6178,30
climbing,6225,6178,6225,47
sniffing,6253,6225,6253,28
hunching,6311,6253,6311,58
rearing,6323,6311,6323,12
left_turning,6346,6323,6346,23
sniffing,6434,6346,6434,88
hunching,6455,6434,6455,21
sniffing,6555,6455,6555,100
rising,6588,6555,6588,33
sniffing,6684,6588,6684,96
rearing,6862,6684,6862,178
left_turning,6869,6862,6869,7
sniffing,6923,6869,6923,54
running,6944,6923,6944,21
rising,7012,6944,7012,68
climbing,7072,7012,7072,60
left_turning,7139,7072,7139,67
walking,7224,7139,7224,85
climbing,7225,7224,7225,1
sniffing,7353,7225,7353,128
walking,7375,7353,7375,22
stepping,7388,7375,7388,13
climbing,7431,7388,7431,43
left_turning,7473,7431,7473,42
rising,7525,7473,7525,52
trotting,7555,7525,7555,30
sniffing,7573,7555,7573,18
walking,7582,7573,7582,9
left_turning,7645,7582,7645,63
sniffing,7786,7645,7786,141
rising,7787,7786,7787,1
climbing,7868,7787,7868,81
trotting,7896,7868,7896,28
right_turning,7939,7896,7939,43
walking,8037,7939,8037,98
left_turning,8040,8037,8040,3
running,8082,8040,8082,42
sniffing,8102,8082,8102,20
climbing,8131,8102,8131,29
grooming,8241,8131,8241,110
sniffing,8257,8241,8257,16
walking,8323,8257,8323,66
sniffing,8332,8323,8332,9
trotting,8392,8332,8392,60
sniffing,8415,8392,8415,23
walking,8416,8415,8416,1
stepping,8442,8416,8442,26
walking,8494,8442,8494,52
stepping,8556,8494,8556,62
climbing,8614,8556,8614,58
sniffing,8615,8614,8615,1
climbing,8617,8615,8617,2
walking,8686,8617,8686,69
climbing,8725,8686,8725,39
trotting,8740,8725,8740,15
right_turning,8741,8740,8741,1
trotting,8761,8741,8761,20
sniffing,8858,8761,8858,97
rising,8950,8858,8950,92
stepping,8992,8950,8992,42
walking,9007,8992,9007,15
sniffing,9063,9007,9063,56
rising,9101,9063,9101,38
left_turning,9102,9101,9102,1
sniffing,9185,9102,9185,83
left_turning,9219,9185,9219,34
walking,9255,9219,9255,36
climbing,9286,9255,9286,31
running,9306,9286,9306,20
sniffing,9392,9306,9392,86
stepping,9454,9392,9454,62
sniffing,9529,9454,9529,75
hunching,9530,9529,9530,1
climbing,9617,9530,9617,87
walking,9717,9617,9717,100
climbing,9777,9717,9777,60
left_turning,9785,9777,9785,8
sniffing,9790,9785,9790,5
right_turning,9822,9790,9822,32
climbing,9992,9822,9992,170
sniffing,10062,9992,10062,70
walking,10101,10062,10101,39
rising,10104,10101,10104,3
left_turning,10140,10104,10140,36
sniffing,10216,10140,10216,76
rearing,10217,10216,10217,1
grooming,10413,10217,10413,196
right_turning,10439,10413,10439,26
walking,10477,10439,10477,38
trotting,10513,10477,10513,36
sniffing,10514,10513,10514,1
climbing,10568,10514,10568,54
sniffing,10685,10568,10685,117
rising,10763,10685,10763,78
climbing,10815,10763,10815,52
sniffing,10816,10815,10816,1
walking,10886,10816,10886,70
rising,10901,10886,10901,15
climbing,10936,10901,10936,35
walking,10950,10936,10950,14
left_turning,11020,10950,11020,70
sniffing,11156,11020,11156,136
walking,11197,11156,11197,41
sniffing,11279,11197,11279,82
stepping,11295,11279,11295,16
rising,11317,11295,11317,22
climbing,11396,11317,11396,79
rearing,11435,11396,11435,39
right_turning,11466,11435,11466,31
rising,11531,11466,11531,65
rearing,11609,11531,11609,78
grooming,11699,11609,11699,90
hunching,11726,11699,11726,27
rising,11731,11726,11731,5
right_turning,11789,11731,11789,58
left_turning,11863,11789,11863,74
walking,11897,11863,11897,34
left_turning,11987,11897,11987,90
rearing,12025,11987,12025,38
rising,12068,12025,12068,43
climbing,12069,12068,12069,1
rising,12088,12069,12088,19
sniffing,12184,12088,12184,96
walking,12214,12184,12214,30
rearing,12250,12214,12250,36
climbing,12270,12250,12270,20
walking,12294,12270,12294,24
sniffing,12308,12294,12308,14
left_turning,12342,12308,12342,34
sniffing,12371,12342,12371,29
walking,12414,12371,12414,43
sniffing,12527,12414,12527,113
walking,12593,12527,12593,66
sniffing,12610,12593,12610,17
walking,12668,12610,12668,58
running,12688,12668,12688,20
sniffing,12749,12688,12749,61
right_turning,12798,12749,12798,49
walking,12799,12798,12799,1
trotting,12832,12799,12832,33
walking,12841,12832,12841,9
left_turning,12892,12841,12892,51
sniffing,12893,12892,12893,1
walking,12922,12893,12922,29
sniffing,12923,12922,12923,1
left_turning,12993,12923,12993,70
sniffing,13050,12993,13050,57
climbing,13081,13050,13081,31
sniffing,13139,13081,13139,58
rising,13194,13139,13194,55
sniffing,13245,13194,13245,51
rising,13270,13245,13270,25
trotting,13271,13270,13271,1
stepping,13307,13271,13307,36
walking,13308,13307,13308,1
sniffing,13391,13308,13391,83
left_turning,13506,13391,13506,115
sniffing,13573,13506,13573,67
climbing,13638,13573,13638,65
sniffing,13766,13638,13766,128
trotting,13785,13766,13785,19
sniffing,13878,13785,13878,93
rearing,13945,13878,13945,67
sniffing,14113,13945,14113,168
left_turning,14154,14113,14154,41
trotting,14164,14154,14164,10
rising,14175,14164,14175,11
sniffing,14265,14175,14265,90
running,14280,14265,14280,15
left_turning,14309,14280,14309,29
running,14381,14309,14381,72
sniffing,14472,14381,14472,91
walking,14479,14472,14479,7
left_turning,14480,14479,14480,1
sniffing,14530,14480,14530,50
rising,14531,14530,14531,1
sniffing,14683,14531,14683,152
right_turning,14718,14683,14718,35
climbing,14784,14718,14784,66
right_turning,14800,14784,14800,16
left_turning,14862,14800,14862,62
walking,14932,14862,14932,70
sniffing,15029,14932,15029,97
climbing,15148,15029,15148,119
sniffing,15186,15148,15186,38
walking,15187,15186,15187,1
climbing,15240,15187,15240,53
rising,15276,15240,15276,36
sniffing,15432,15276,15432,156
rising,15460,15432,15460,28
left_turning,15565,15460,15565,105
stepping,15579,15565,15579,14
sniffing,15715,15579,15715,136
rising,15716,15715,15716,1
sniffing,15786,15716,15786,70
walking,15799,15786,15799,13
sniffing,15923,15799,15923,124
left_turning,15954,15923,15954,31
rising,15971,15954,15971,17
sniffing,16066,15971,16066,95
rearing,16180,16066,16180,114
rising,16211,16180,16211,31
climbing,16265,16211,16265,54
running,16308,16265,16308,43
walking,16330,16308,16330,22
rising,16377,16330,16377,47
sniffing,16464,16377,16464,87
left_turning,16478,16464,16478,14
sniffing,16523,16478,16523,45
walking,16540,16523,16540,17
sniffing,16617,16540,16617,77
climbing,16635,16617,16635,18
trotting,16668,16635,16668,33
sniffing,16823,16668,16823,155
rising,16824,16823,16824,1
climbing,16842,16824,16842,18
rising,16866,16842,16866,24
sniffing,16889,16866,16889,23
rising,16892,16889,16892,3
rearing,16896,16892,16896,4
sniffing,16935,16896,16935,39
walking,16990,16935,16990,55
sniffing,17025,16990,17025,35
walking,17050,17025,17050,25
sniffing,17211,17050,17211,161
walking,17248,17211,17248,37
sniffing,17269,17248,17269,21
running,17302,17269,17302,33
stepping,17370,17302,17370,68
sniffing,17401,17370,17401,31
rising,17426,17401,17426,25
climbing,17478,17426,17478,52
trotting,17523,17478,17523,45
walking,17524,17523,17524,1
sniffing,17560,17524,17560,36
rising,17628,17560,17628,68
sniffing,17660,17628,17660,32
trotting,17709,17660,17709,49
walking,17750,17709,17750,41
sniffing,17769,17750,17769,19
rising,17805,17769,17805,36
walking,17806,17805,17806,1
sniffing,17855,17806,17855,49
climbing,17915,17855,17915,60
sniffing,18031,17915,18031,116
walking,18056,18031,18056,25
stepping,18087,18056,18087,31
right_turning,18161,18087,18161,74
stepping,18225,18161,18225,64
walking,18315,18225,18315,90
left_turning,18401,18315,18401,86
sniffing,18457,18401,18457,56
stepping,18481,18457,18481,24
sniffing,18533,18481,18533,52
left_turning,18544,18533,18544,11
sniffing,18609,18544,18609,65
stepping,18631,18609,18631,22
trotting,18676,18631,18676,45
walking,18693,18676,18693,17
stepping,18739,18693,18739,46
walking,18796,18739,18796,57
sniffing,18909,18796,18909,113
left_turning,18955,18909,18955,46
walking,19009,18955,19009,54
rearing,19010,19009,19010,1
rising,19046,19010,19046,36
walking,19117,19046,19117,71
climbing,19118,19117,19118,1
rising,19153,19118,19153,35
rearing,19204,19153,19204,51
climbing,19458,19204,19458,254
rearing,19548,19458,19548,90
rising,19565,19548,19565,17
walking,19573,19565,19573,8
sniffing,19708,19573,19708,135
hunching,19727,19708,19727,19
sniffing,19743,19727,19743,16
trotting,19795,19743,19795,52
walking,19868,19795,19868,73
sniffing,20023,19868,20023,155
climbing,20024,20023,20024,1
walking,20083,20024,20083,59
sniffing,20084,20083,20084,1
walking,20106,20084,20106,22
climbing,20129,20106,20129,23
rising,20166,20129,20166,37
sniffing,20180,20166,20180,14
climbing,20215,20180,20215,35
right_turning,20252,20215,20252,37
walking,20253,20252,20253,1
rising,20294,20253,20294,41
walking,20380,20294,20380,86
sniffing,20460,20380,20460,80
walking,20475,20460,20475,15
right_turning,20491,20475,20491,16
trotting,20509,20491,20509,18
sniffing,20510,20509,20510,1
rising,20511,20510,20511,1
climbing,20560,20511,20560,49
rising,20583,20560,20583,23
sniffing,20650,20583,20650,67
left_turning,20651,20650,20651,1
grooming,20689,20651,20689,38
rearing,20690,20689,20690,1
rising,20704,20690,20704,14
right_turning,20709,20704,20709,5
trotting,20721,20709,20721,12
sniffing,20722,20721,20722,1
walking,20757,20722,20757,35
left_turning,20760,20757,20760,3
walking,20777,20760,20777,17
stepping,20790,20777,20790,13
sniffing,20875,20790,20875,85
rising,20892,20875,20892,17
climbing,20936,20892,20936,44
rearing,20968,20936,20968,32
sniffing,21107,20968,21107,139
walking,21120,21107,21120,13
sniffing,21223,21120,21223,103
walking,21269,21223,21269,46
right_turning,21320,21269,21320,51
stepping,21359,21320,21359,39
sniffing,21360,21359,21360,1
running,21390,21360,21390,30
sniffing,21391,21390,21391,1
climbing,21400,21391,21400,9
rising,21415,21400,21415,15
climbing,21444,21415,21444,29
rearing,21507,21444,21507,63
trotting,21547,21507,21547,40
left_turning,21600,21547,21600,53
walking,21682,21600,21682,82
rising,21732,21682,21732,50
sniffing,21914,21732,21914,182
climbing,21978,21914,21978,64
trotting,22014,21978,22014,36
left_turning,22031,22014,22031,17
walking,22086,22031,22086,55
rising,22184,22086,22184,98
climbing,22231,22184,22231,47
rising,22245,22231,22245,14
stepping,22246,22245,22246,1
rising,22258,22246,22258,12
climbing,22313,22258,22313,55
walking,22314,22313,22314,1
rising,22339,22314,22339,25
climbing,22511,22339,22511,172
sniffing,22512,22511,22512,1
rising,22602,22512,22602,90
sniffing,22723,22602,22723,121
climbing,22799,22723,22799,76
sniffing,22800,22799,22800,1
left_turning,22925,22800,22925,125
walking,22932,22925,22932,7
right_turning,22965,22932,22965,33
walking,22989,22965,22989,24
sniffing,23016,22989,23016,27
climbing,23351,23016,23351,335
right_turning,23367,23351,23367,16
left_turning,23378,23367,23378,11
rising,23429,23378,23429,51
sniffing,23557,23429,23557,128
climbing,23625,23557,23625,68
rising,23626,23625,23626,1
climbing,23627,23626,23627,1
walking,23678,23627,23678,51
sniffing,23685,23678,23685,7
walking,23705,23685,23705,20
sniffing,23889,23705,23889,184
rising,23966,23889,23966,77
sniffing,23967,23966,23967,1
grooming,23991,23967,23991,24
right_turning,24074,23991,24074,83
sniffing,24075,24074,24075,1
climbing,24131,24075,24131,56
running,24154,24131,24154,23
walking,24194,24154,24194,40
left_turning,24206,24194,24206,12
walking,24281,24206,24281,75
right_turning,24315,24281,24315,34
walking,24346,24315,24346,31
left_turning,24438,24346,24438,92
running,24469,24438,24469,31
sniffing,24620,24469,24620,151
climbing,24682,24620,24682,62
rearing,24728,24682,24728,46
climbing,24779,24728,24779,51
hunching,24815,24779,24815,36
rising,24873,24815,24873,58
sniffing,25183,24873,25183,310
trotting,25215,25183,25215,32
left_turning,25244,25215,25244,29
rearing,25245,25244,25245,1
hunching,25246,25245,25246,1
sniffing,25277,25246,25277,31
rearing,25278,25277,25278,1
running,25338,25278,25338,60
rising,25416,25338,25416,78
climbing,25437,25416,25437,21
rearing,25461,25437,25461,24
right_turning,25498,25461,25498,37
walking,25690,25498,25690,192
rising,25692,25690,25692,2
walking,25708,25692,25708,16
rising,25762,25708,25762,54
climbing,25778,25762,25778,16
sniffing,25782,25778,25782,4
left_turning,25805,25782,25805,23
running,25806,25805,25806,1
right_turning,25813,25806,25813,7
trotting,25817,25813,25817,4
sniffing,25827,25817,25827,10
left_turning,25846,25827,25846,19
stepping,25894,25846,25894,48
rising,25936,25894,25936,42
climbing,26035,25936,26035,99
trotting,26049,26035,26049,14
rising,26097,26049,26097,48
rearing,26343,26097,26343,246
sniffing,26376,26343,26376,33
right_turning,26419,26376,26419,43
sniffing,26484,26419,26484,65
running,26522,26484,26522,38
walking,26557,26522,26557,35
rising,26605,26557,26605,48
running,26615,26605,26615,10
rising,26637,26615,26637,22
climbing,26638,26637,26638,1
sniffing,26639,26638,26639,1
grooming,26899,26639,26899,260
sniffing,26934,26899,26934,35
left_turning,27034,26934,27034,100
walking,27035,27034,27035,1
sniffing,27064,27035,27064,29
walking,27079,27064,27079,15
climbing,27210,27079,27210,131
walking,27325,27210,27325,115
rising,27376,27325,27376,51
rearing,27438,27376,27438,62
climbing,27439,27438,27439,1
rising,27440,27439,27440,1
sniffing,27441,27440,27441,1
climbing,27446,27441,27446,5
rearing,27466,27446,27466,20
sniffing,27467,27466,27467,1
running,27499,27467,27499,32
walking,27509,27499,27509,10
rising,27512,27509,27512,3
sniffing,27606,27512,27606,94
climbing,27679,27606,27679,73
right_turning,27690,27679,27690,11
sniffing,27759,27690,27759,69
left_turning,27828,27759,27828,69
walking,27829,27828,27829,1
trotting,27859,27829,27859,30
stepping,27924,27859,27924,65
sniffing,27925,27924,27925,1
rising,27969,27925,27969,44
climbing,28045,27969,28045,76
grooming,28067,28045,28067,22
walking,28100,28067,28100,33
rising,28101,28100,28101,1
sniffing,28191,28101,28191,90
left_turning,28228,28191,28228,37
sniffing,28242,28228,28242,14
stepping,28268,28242,28268,26
sniffing,28497,28268,28497,229
hunching,28498,28497,28498,1
right_turning,28538,28498,28538,40
walking,28608,28538,28608,70
left_turning,28645,28608,28645,37
sniffing,28708,28645,28708,63
walking,28732,28708,28732,24
sniffing,28739,28732,28739,7
walking,28753,28739,28753,14
sniffing,28756,28753,28756,3
right_turning,28798,28756,28798,42
stepping,28806,28798,28806,8
climbing,28898,28806,28898,92
sniffing,28958,28898,28958,60
rising,28978,28958,28978,20
climbing,29054,28978,29054,76
rising,29077,29054,29077,23
right_turning,29123,29077,29123,46
stepping,29192,29123,29192,69
walking,29215,29192,29215,23
rising,29279,29215,29279,64
running,29314,29279,29314,35
walking,29329,29314,29329,15
trotting,29359,29329,29359,30
walking,29378,29359,29378,19
left_turning,29404,29378,29404,26
sniffing,29559,29404,29559,155
walking,29584,29559,29584,25
left_turning,29603,29584,29603,19
walking,29676,29603,29676,73
sniffing,29762,29676,29762,86
walking,29840,29762,29840,78
stepping,29859,29840,29859,19
left_turning,29906,29859,29906,47
sniffing,29983,29906,29983,77
walking,30003,29983,30003,20
left_turning,30018,30003,30018,15
walking,30042,30018,30042,24
sniffing,30108,30042,30108,66
rising,30168,30108,30168,60
sniffing,30248,30168,30248,80
left_turning,30318,30248,30318,70
sniffing,30422,30318,30422,104
walking,30423,30422,30423,1
trotting,30460,30423,30460,37
climbing,30481,30460,30481,21
trotting,30525,30481,30525,44
sniffing,30639,30525,30639,114
climbing,30693,30639,30693,54
rearing,30829,30693,30829,136
sniffing,30961,30829,30961,132
rising,30989,30961,30989,28
sniffing,30990,30989,30990,1
rising,31046,30990,31046,56
climbing,31089,31046,31089,43
walking,31114,31089,31114,25
rising,31173,31114,31173,59
running,31183,31173,31183,10
walking,31187,31183,31187,4
sniffing,31188,31187,31188,1
walking,31267,31188,31267,79
sniffing,31304,31267,31304,37
stepping,31326,31304,31326,22
sniffing,31349,31326,31349,23
right_turning,31367,31349,31367,18
walking,31422,31367,31422,55
sniffing,31801,31422,31801,379
right_turning,31818,31801,31818,17
trotting,31839,31818,31839,21
left_turning,31863,31839,31863,24
sniffing,31971,31863,31971,108
rising,31972,31971,31972,1
climbing,32209,31972,32209,237
sniffing,32272,32209,32272,63
climbing,32350,32272,32350,78
sniffing,32441,32350,32441,91
left_turning,32473,32441,32473,32
rising,32506,32473,32506,33
rearing,32574,32506,32574,68
rising,32630,32574,32630,56
walking,32632,32630,32632,2
sniffing,32880,32632,32880,248
climbing,32935,32880,32935,55
walking,32956,32935,32956,21
sniffing,32957,32956,32957,1
stepping,32984,32957,32984,27
walking,33025,32984,33025,41
sniffing,33044,33025,33044,19
rising,33081,33044,33081,37
climbing,33082,33081,33082,1
sniffing,33091,33082,33091,9
walking,33110,33091,33110,19
climbing,33181,33110,33181,71
rising,33221,33181,33221,40
climbing,33254,33221,33254,33
rising,33303,33254,33303,49
left_turning,33361,33303,33361,58
rising,33362,33361,33362,1
walking,33460,33362,33460,98
rising,33494,33460,33494,34
climbing,33547,33494,33547,53
sniffing,33674,33547,33674,127
stepping,33720,33674,33720,46
sniffing,33743,33720,33743,23
pausing,33854,33743,33854,111
sniffing,33960,33854,33960,106
stepping,33993,33960,33993,33
left_turning,34006,33993,34006,13
trotting,34059,34006,34059,53
left_turning,34119,34059,34119,60
right_turning,34154,34119,34154,35
walking,34221,34154,34221,67
sniffing,34335,34221,34335,114
right_turning,34375,34335,34375,40
left_turning,34402,34375,34402,27
sniffing,34505,34402,34505,103
climbing,34539,34505,34539,34
sniffing,34540,34539,34540,1
trotting,34562,34540,34562,22
stepping,34596,34562,34596,34
grooming,34793,34596,34793,197
rearing,34839,34793,34839,46
walking,34879,34839,34879,40
stepping,34912,34879,34912,33
climbing,34924,34912,34924,12
walking,35039,34924,35039,115
rising,35040,35039,35040,1
climbing,35106,35040,35106,66
rising,35142,35106,35142,36
sniffing,35143,35142,35143,1
left_turning,35168,35143,35168,25
sniffing,35169,35168,35169,1
rising,35227,35169,35227,58
stepping,35263,35227,35263,36
walking,35311,35263,35311,48
climbing,35390,35311,35390,79
sniffing,35402,35390,35402,12
rising,35435,35402,35435,33
sniffing,35543,35435,35543,108
left_turning,35597,35543,35597,54
stepping,35637,35597,35637,40
sniffing,35643,35637,35643,6
left_turning,35670,35643,35670,27
walking,35716,35670,35716,46
sniffing,35843,35716,35843,127
right_turning,35871,35843,35871,28
walking,35885,35871,35885,14
sniffing,35987,35885,35987,102
climbing,36013,35987,36013,26
right_turning,36076,36013,36076,63
running,36112,36076,36112,36
walking,36132,36112,36132,20
sniffing,36168,36132,36168,36
rising,36177,36168,36177,9
climbing,36264,36177,36264,87
walking,36325,36264,36325,61
sniffing,36381,36325,36381,56
walking,36430,36381,36430,49
climbing,36471,36430,36471,41
right_turning,36492,36471,36492,21
stepping,36503,36492,36503,11
rising,36537,36503,36537,34
climbing,36602,36537,36602,65
rearing,36625,36602,36625,23
grooming,36658,36625,36658,33
walking,36675,36658,36675,17
sniffing,36722,36675,36722,47
rising,36766,36722,36766,44
trotting,36802,36766,36802,36
sniffing,36832,36802,36832,30
right_turning,36859,36832,36859,27
stepping,36880,36859,36880,21
climbing,37020,36880,37020,140
walking,37076,37020,37076,56
sniffing,37077,37076,37077,1
left_turning,37135,37077,37135,58
sniffing,37171,37135,37171,36
grooming,37172,37171,37172,1
climbing,37238,37172,37238,66
left_turning,37267,37238,37267,29
walking,37268,37267,37268,1
trotting,37328,37268,37328,60
climbing,37332,37328,37332,4
sniffing,37333,37332,37333,1
left_turning,37371,37333,37371,38
sniffing,37436,37371,37436,65
walking,37463,37436,37463,27
left_turning,37519,37463,37519,56
sniffing,37548,37519,37548,29
climbing,37549,37548,37549,1
walking,37589,37549,37589,40
sniffing,37595,37589,37595,6
climbing,37670,37595,37670,75
right_turning,37675,37670,37675,5
sniffing,37780,37675,37780,105
hunching,37848,37780,37848,68
climbing,37939,37848,37939,91
rising,37977,37939,37977,38
sniffing,38006,37977,38006,29
right_turning,38015,38006,38015,9
walking,38016,38015,38016,1
stepping,38069,38016,38069,53
sniffing,38123,38069,38123,54
rearing,38212,38123,38212,89
walking,38246,38212,38246,34
sniffing,38247,38246,38247,1
stepping,38269,38247,38269,22
rising,38312,38269,38312,43
walking,38372,38312,38372,60
sniffing,38402,38372,38402,30
walking,38465,38402,38465,63
climbing,38466,38465,38466,1
rising,38484,38466,38484,18
sniffing,38586,38484,38586,102
walking,38668,38586,38668,82
rearing,38765,38668,38765,97
trotting,38766,38765,38766,1
stepping,38799,38766,38799,33
rising,38855,38799,38855,56
sniffing,38884,38855,38884,29
left_turning,38946,38884,38946,62
trotting,38972,38946,38972,26
rearing,39018,38972,39018,46
rising,39066,39018,39066,48
sniffing,39067,39066,39067,1
walking,39096,39067,39096,29
climbing,39097,39096,39097,1
walking,39153,39097,39153,56
rearing,39177,39153,39177,24
right_turning,39209,39177,39209,32
climbing,39276,39209,39276,67
sniffing,39414,39276,39414,138
left_turning,39415,39414,39415,1
right_turning,39434,39415,39434,19
sniffing,39574,39434,39574,140
walking,39575,39574,39575,1
sniffing,39576,39575,39576,1
rearing,39668,39576,39668,92
hunching,39669,39668,39669,1
rearing,39734,39669,39734,65
climbing,39778,39734,39778,44
grooming,39850,39778,39850,72
hunching,39861,39850,39861,11
right_turning,39871,39861,39871,10
rearing,39913,39871,39913,42
sniffing,39936,39913,39936,23
walking,39962,39936,39962,26
left_turning,40006,39962,40006,44
sniffing,40064,40006,40064,58
rising,40087,40064,40087,23
climbing,40136,40087,40136,49
rising,40165,40136,40165,29
rearing,40218,40165,40218,53
grooming,40483,40218,40483,265
rearing,40514,40483,40514,31
grooming,40672,40514,40672,158
rearing,40708,40672,40708,36
climbing,40847,40708,40847,139
sniffing,40866,40847,40866,19
right_turning,40882,40866,40882,16
walking,40914,40882,40914,32
jumping,41017,40914,41017,103
trotting,41018,41017,41018,1
walking,41053,41018,41053,35
sniffing,41054,41053,41054,1
hunching,41118,41054,41118,64
sniffing,41119,41118,41119,1
rising,41120,41119,41120,1
climbing,41286,41120,41286,166
stepping,41359,41286,41359,73
sniffing,41390,41359,41390,31
right_turning,41391,41390,41391,1
trotting,41432,41391,41432,41
walking,41476,41432,41476,44
sniffing,41654,41476,41654,178
walking,41695,41654,41695,41
sniffing,41718,41695,41718,23
walking,41777,41718,41777,59
sniffing,41778,41777,41778,1
hunching,41802,41778,41802,24
rising,41812,41802,41812,10
sniffing,41813,41812,41813,1
rising,41882,41813,41882,69
sniffing,41883,41882,41883,1
rising,41952,41883,41952,69
rearing,42041,41952,42041,89
hunching,42132,42041,42132,91
right_turning,42133,42132,42133,1
stepping,42182,42133,42182,49
sniffing,42185,42182,42185,3
walking,42235,42185,42235,50
climbing,42236,42235,42236,1
grooming,42237,42236,42237,1
rearing,42329,42237,42329,92
climbing,42448,42329,42448,119
right_turning,42483,42448,42483,35
trotting,42542,42483,42542,59
left_turning,42552,42542,42552,10
sniffing,42563,42552,42563,11
rising,42586,42563,42586,23
sniffing,42711,42586,42711,125
walking,42779,42711,42779,68
sniffing,42891,42779,42891,112
walking,42892,42891,42892,1
sniffing,42995,42892,42995,103
climbing,43042,42995,43042,47
sniffing,43072,43042,43072,30
climbing,43164,43072,43164,92
rising,43198,43164,43198,34
climbing,43233,43198,43233,35
right_turning,43288,43233,43288,55
sniffing,43348,43288,43348,60
climbing,43462,43348,43462,114
right_turning,43516,43462,43516,54
sniffing,43682,43516,43682,166
rearing,43724,43682,43724,42
sniffing,43742,43724,43742,18
walking,43789,43742,43789,47
sniffing,43872,43789,43872,83
trotting,43915,43872,43915,43
sniffing,44016,43915,44016,101
walking,44078,44016,44078,62
stepping,44085,44078,44085,7
rearing,44147,44085,44147,62
left_turning,44159,44147,44159,12
sniffing,44179,44159,44179,20
rising,44180,44179,44180,1
climbing,44207,44180,44207,27
walking,44223,44207,44223,16
rising,44292,44223,44292,69
rearing,44293,44292,44293,1
sniffing,44364,44293,44364,71
rising,44365,44364,44365,1
climbing,44467,44365,44467,102
rising,44468,44467,44468,1
climbing,44507,44468,44507,39
walking,44520,44507,44520,13
sniffing,44521,44520,44521,1
climbing,44581,44521,44581,60
right_turning,44610,44581,44610,29
trotting,44659,44610,44659,49
walking,44688,44659,44688,29
sniffing,44904,44688,44904,216
walking,45018,44904,45018,114
sniffing,45065,45018,45065,47
rearing,45105,45065,45105,40
left_turning,45109,45105,45109,4
rising,45110,45109,45110,1
climbing,45195,45110,45195,85
rearing,45282,45195,45282,87
hunching,45390,45282,45390,108
rearing,45412,45390,45412,22
sniffing,45472,45412,45472,60
left_turning,45522,45472,45522,50
right_turning,45527,45522,45527,5
left_turning,45547,45527,45547,20
walking,45584,45547,45584,37
trotting,45647,45584,45647,63
sniffing,45793,45647,45793,146
rising,45852,45793,45852,59
climbing,45853,45852,45853,1
running,45861,45853,45861,8
walking,45920,45861,45920,59
left_turning,45943,45920,45943,23
walking,45981,45943,45981,38
stepping,45989,45981,45989,8
sniffing,46100,45989,46100,111
walking,46114,46100,46114,14
rising,46194,46114,46194,80
climbing,46289,46194,46289,95
rising,46351,46289,46351,62
rearing,46398,46351,46398,47
walking,46432,46398,46432,34
sniffing,46452,46432,46452,20
walking,46506,46452,46506,54
sniffing,46746,46506,46746,240
left_turning,46793,46746,46793,47
sniffing,46823,46793,46823,30
left_turning,46824,46823,46824,1
running,46865,46824,46865,41
sniffing,46866,46865,46866,1
rising,46900,46866,46900,34
climbing,46947,46900,46947,47
rising,47025,46947,47025,78
rearing,47077,47025,47077,52
sniffing,47121,47077,47121,44
rising,47238,47121,47238,117
sniffing,47252,47238,47252,14
climbing,47253,47252,47253,1
sniffing,47371,47253,47371,118
rising,47401,47371,47401,30
sniffing,47439,47401,47439,38
climbing,47466,47439,47466,27
sniffing,47484,47466,47484,18
grooming,47717,47484,47717,233
sniffing,47784,47717,47784,67
climbing,47813,47784,47813,29
left_turning,47951,47813,47951,138
sniffing,48131,47951,48131,180
walking,48265,48131,48265,134
sniffing,48274,48265,48274,9
left_turning,48298,48274,48298,24
trotting,48318,48298,48318,20
walking,48319,48318,48319,1
climbing,48489,48319,48489,170
left_turning,48492,48489,48492,3
running,48493,48492,48493,1
walking,48494,48493,48494,1
sniffing,48569,48494,48569,75
climbing,48623,48569,48623,54
sniffing,48689,48623,48689,66
running,48709,48689,48709,20
sniffing,48958,48709,48958,249
rearing,49048,48958,49048,90
climbing,49088,49048,49088,40
sniffing,49089,49088,49089,1
rearing,49090,49089,49090,1
sniffing,49204,49090,49204,114
trotting,49244,49204,49244,40
left_turning,49276,49244,49276,32
right_turning,49277,49276,49277,1
trotting,49343,49277,49343,66
stepping,49460,49343,49460,117
left_turning,49489,49460,49489,29
sniffing,49557,49489,49557,68
rising,49586,49557,49586,29
climbing,49717,49586,49717,131
sniffing,49797,49717,49797,80
running,49848,49797,49848,51
rising,49867,49848,49867,19
running,49920,49867,49920,53
sniffing,50069,49920,50069,149
rising,50114,50069,50114,45
climbing,50180,50114,50180,66
rearing,50208,50180,50208,28
jumping,50303,50208,50303,95
rising,50328,50303,50328,25
sniffing,50343,50328,50343,15
left_turning,50351,50343,50351,8
sniffing,50462,50351,50462,111
walking,50485,50462,50485,23
hunching,50486,50485,50486,1
sniffing,50516,50486,50516,30
hunching,50584,50516,50584,68
climbing,50711,50584,50711,127
walking,50740,50711,50740,29
rising,50741,50740,50741,1
sniffing,50844,50741,50844,103
left_turning,50851,50844,50851,7
running,50861,50851,50861,10
left_turning,50899,50861,50899,38
walking,50931,50899,50931,32
stepping,51010,50931,51010,79
walking,51011,51010,51011,1
sniffing,51124,51011,51124,113
right_turning,51139,51124,51139,15
trotting,51140,51139,51140,1
sniffing,51200,51140,51200,60
left_turning,51230,51200,51230,30
sniffing,51368,51230,51368,138
stepping,51410,51368,51410,42
walking,51438,51410,51438,28
sniffing,51511,51438,51511,73
right_turning,51553,51511,51553,42
sniffing,51744,51553,51744,191
rearing,51771,51744,51771,27
hunching,51772,51771,51772,1
rising,51774,51772,51774,2
climbing,51840,51774,51840,66
rearing,51908,51840,51908,68
rising,51963,51908,51963,55
trotting,51976,51963,51976,13
rising,52057,51976,52057,81
climbing,52064,52057,52064,7
sniffing,52065,52064,52065,1
walking,52066,52065,52066,1
rising,52092,52066,52092,26
left_turning,52128,52092,52128,36
sniffing,52161,52128,52161,33
climbing,52162,52161,52162,1
walking,52222,52162,52222,60
left_turning,52236,52222,52236,14
sniffing,52334,52236,52334,98
trotting,52378,52334,52378,44
left_turning,52415,52378,52415,37
walking,52425,52415,52425,10
left_turning,52471,52425,52471,46
trotting,52476,52471,52476,5
left_turning,52482,52476,52482,6
sniffing,52489,52482,52489,7
left_turning,52520,52489,52520,31
sniffing,52581,52520,52581,61
left_turning,52632,52581,52632,51
sniffing,52633,52632,52633,1
left_turning,52660,52633,52660,27
sniffing,52763,52660,52763,103
hunching,52823,52763,52823,60
right_turning,52846,52823,52846,23
walking,52927,52846,52927,81
sniffing,52928,52927,52928,1
rearing,53063,52928,53063,135
running,53076,53063,53076,13
walking,53097,53076,53097,21
sniffing,53140,53097,53140,43
rising,53219,53140,53219,79
rearing,53311,53219,53311,92
climbing,53355,53311,53355,44
rising,53370,53355,53370,15
sniffing,53404,53370,53404,34
stepping,53440,53404,53440,36
rising,53441,53440,53441,1
climbing,53537,53441,53537,96
rising,53572,53537,53572,35
climbing,53651,53572,53651,79
rising,53713,53651,53713,62
sniffing,53788,53713,53788,75
walking,53829,53788,53829,41
hunching,53830,53829,53830,1
rising,53905,53830,53905,75
grooming,54029,53905,54029,124
climbing,54098,54029,54098,69
walking,54145,54098,54145,47
rising,54226,54145,54226,81
sniffing,54327,54226,54327,101
stepping,54401,54327,54401,74
sniffing,54409,54401,54409,8
hunching,54430,54409,54430,21
right_turning,54451,54430,54451,21
running,54492,54451,54492,41
rearing,54516,54492,54516,24
grooming,54638,54516,54638,122
sniffing,54642,54638,54642,4
walking,54713,54642,54713,71
trotting,54749,54713,54749,36
sniffing,54899,54749,54899,150
rising,54916,54899,54916,17
sniffing,55032,54916,55032,116
walking,55053,55032,55053,21
sniffing,55058,55053,55058,5
walking,55136,55058,55136,78
stepping,55179,55136,55179,43
walking,55242,55179,55242,63
climbing,55308,55242,55308,66
rearing,55361,55308,55361,53
trotting,55412,55361,55412,51
rising,55463,55412,55463,51
rearing,55480,55463,55480,17
sniffing,55545,55480,55545,65
right_turning,55592,55545,55592,47
running,55599,55592,55599,7
walking,55600,55599,55600,1
sniffing,55711,55600,55711,111
rising,55749,55711,55749,38
sniffing,55763,55749,55763,14
hunching,55821,55763,55821,58
right_turning,55862,55821,55862,41
walking,55887,55862,55887,25
sniffing,55926,55887,55926,39
right_turning,55927,55926,55927,1
trotting,55960,55927,55960,33
sniffing,56000,55960,56000,40
walking,56010,56000,56010,10
sniffing,56011,56010,56011,1
rearing,56086,56011,56086,75
sniffing,56189,56086,56189,103
climbing,56240,56189,56240,51
sniffing,56585,56240,56585,345
stepping,56586,56585,56586,1
walking,56587,56586,56587,1
climbing,56588,56587,56588,1
grooming,56716,56588,56716,128
sniffing,56717,56716,56717,1
walking,56732,56717,56732,15
right_turning,56755,56732,56755,23
sniffing,56795,56755,56795,40
rising,56828,56795,56828,33
sniffing,56829,56828,56829,1
rising,56867,56829,56867,38
climbing,56868,56867,56868,1
rearing,56886,56868,56886,18
sniffing,57013,56886,57013,127
grooming,57159,57013,57159,146
left_turning,57174,57159,57174,15
walking,57273,57174,57273,99
sniffing,57349,57273,57349,76
rising,57350,57349,57350,1
sniffing,57414,57350,57414,64
right_turning,57429,57414,57429,15
sniffing,57600,57429,57600,171
pausing,57665,57600,57665,65
sniffing,57710,57665,57710,45
rising,57814,57710,57814,104
sniffing,57833,57814,57833,19
left_turning,57835,57833,57835,2
sniffing,57937,57835,57937,102
right_turning,57953,57937,57953,16
walking,57997,57953,57997,44
left_turning,58025,57997,58025,28
sniffing,58065,58025,58065,40
trotting,58107,58065,58107,42
sniffing,58126,58107,58126,19
left_turning,58183,58126,58183,57
running,58229,58183,58229,46
sniffing,58305,58229,58305,76
left_turning,58350,58305,58350,45
walking,58388,58350,58388,38
left_turning,58411,58388,58411,23
running,58427,58411,58427,16
sniffing,58581,58427,58581,154
left_turning,58603,58581,58603,22
walking,58663,58603,58663,60
sniffing,58750,58663,58750,87
rising,58860,58750,58860,110
climbing,58941,58860,58941,81
rising,58942,58941,58942,1
jumping,59169,58942,59169,227
grooming,59170,59169,59170,1
rising,59202,59170,59202,32
climbing,59243,59202,59243,41
rearing,59348,59243,59348,105
rising,59349,59348,59349,1
climbing,59369,59349,59369,20
rearing,59370,59369,59370,1
rising,59391,59370,59391,21
climbing,59510,59391,59510,119
trotting,59511,59510,59511,1
rising,59566,59511,59566,55
jumping,59567,59566,59567,1
rising,59610,59567,59610,43
right_turning,59618,59610,59618,8
walking,59687,59618,59687,69
sniffing,59707,59687,59707,20
walking,59753,59707,59753,46
rising,59793,59753,59793,40
climbing,59946,59793,59946,153
running,59972,59946,59972,26
rising,59985,59972,59985,13
grooming,60236,59985,60236,251
rearing,60315,60236,60315,79
rising,60370,60315,60370,55
climbing,60414,60370,60414,44
rising,60445,60414,60445,31
rearing,60607,60445,60607,162
climbing,60608,60607,60608,1
rearing,60791,60608,60791,183
rising,60884,60791,60884,93
climbing,60885,60884,60885,1
right_turning,60886,60885,60886,1
climbing,60917,60886,60917,31
walking,60964,60917,60964,47
running,60969,60964,60969,5
trotting,60982,60969,60982,13
sniffing,61016,60982,61016,34
walking,61090,61016,61090,74
sniffing,61202,61090,61202,112
stepping,61243,61202,61243,41
left_turning,61253,61243,61253,10
walking,61254,61253,61254,1
sniffing,61271,61254,61271,17
walking,61272,61271,61272,1
left_turning,61286,61272,61286,14
sniffing,61287,61286,61287,1
left_turning,61294,61287,61294,7
running,61344,61294,61344,50
walking,61371,61344,61371,27
sniffing,61372,61371,61372,1
walking,61411,61372,61411,39
rising,61445,61411,61445,34
climbing,61579,61445,61579,134
rearing,61593,61579,61593,14
climbing,61706,61593,61706,113
grooming,61781,61706,61781,75
sniffing,61786,61781,61786,5
walking,61832,61786,61832,46
right_turning,61843,61832,61843,11
trotting,61866,61843,61866,23
walking,61955,61866,61955,89
trotting,61973,61955,61973,18
rising,62091,61973,62091,118
pausing,62201,62091,62201,110
sniffing,62463,62201,62463,262
rising,62476,62463,62476,13
rearing,62477,62476,62477,1
grooming,62630,62477,62630,153
left_turning,62684,62630,62684,54
sniffing,62685,62684,62685,1
rising,62686,62685,62686,1
rearing,62802,62686,62802,116
walking,62892,62802,62892,90
left_turning,62902,62892,62902,10
rising,62941,62902,62941,39
sniffing,62942,62941,62942,1
hunching,62986,62942,62986,44
trotting,63005,62986,63005,19
sniffing,63142,63005,63142,137
rising,63324,63142,63324,182
rearing,63325,63324,63325,1
climbing,63387,63325,63387,62
trotting,63429,63387,63429,42
sniffing,63430,63429,63430,1
rising,63435,63430,63435,5
sniffing,63436,63435,63436,1
grooming,63718,63436,63718,282
rearing,63793,63718,63793,75
grooming,63895,63793,63895,102
hunching,63960,63895,63960,65
sniffing,64038,63960,64038,78
rising,64073,64038,64073,35
sniffing,64108,64073,64108,35
walking,64137,64108,64137,29
climbing,64189,64137,64189,52
rising,64198,64189,64198,9
climbing,64199,64198,64199,1
left_turning,64200,64199,64200,1
walking,64267,64200,64267,67
sniffing,64370,64267,64370,103
right_turning,64415,64370,64415,45
walking,64497,64415,64497,82
sniffing,64543,64497,64543,46
rearing,64551,64543,64551,8
hunching,64666,64551,64666,115
climbing,64748,64666,64748,82
right_turning,64774,64748,64774,26
trotting,64797,64774,64797,23
sniffing,64852,64797,64852,55
walking,64906,64852,64906,54
stepping,64949,64906,64949,43
sniffing,64950,64949,64950,1
rising,64951,64950,64951,1
sniffing,65119,64951,65119,168
climbing,65210,65119,65210,91
left_turning,65245,65210,65245,35
trotting,65276,65245,65276,31
stepping,65299,65276,65299,23
walking,65349,65299,65349,50
rising,65358,65349,65358,9
climbing,65411,65358,65411,53
sniffing,65460,65411,65460,49
stepping,65481,65460,65481,21
climbing,65541,65481,65541,60
rearing,65573,65541,65573,32
grooming,65793,65573,65793,220
left_turning,65861,65793,65861,68
sniffing,65862,65861,65862,1
rearing,65895,65862,65895,33
rising,65945,65895,65945,50
hunching,66024,65945,66024,79
sniffing,66025,66024,66025,1
rising,66074,66025,66074,49
sniffing,66172,66074,66172,98
rising,66177,66172,66177,5
climbing,66247,66177,66247,70
rising,66330,66247,66330,83
rearing,66758,66330,66758,428
sniffing,66868,66758,66868,110
walking,66924,66868,66924,56
rising,66925,66924,66925,1
climbing,67026,66925,67026,101
rising,67109,67026,67109,83
climbing,67195,67109,67195,86
sniffing,67424,67195,67424,229
rising,67461,67424,67461,37
sniffing,67580,67461,67580,119
rising,67612,67580,67612,32
sniffing,67742,67612,67742,130
rising,67743,67742,67743,1
climbing,67744,67743,67744,1
rearing,67764,67744,67764,20
sniffing,67841,67764,67841,77
walking,67874,67841,67874,33
sniffing,67988,67874,67988,114
hunching,67989,67988,67989,1
sniffing,68143,67989,68143,154
hunching,68202,68143,68202,59
rising,68225,68202,68225,23
left_turning,68274,68225,68274,49
trotting,68325,68274,68325,51
left_turning,68353,68325,68353,28
sniffing,68451,68353,68451,98
rearing,68506,68451,68506,55
grooming,68634,68506,68634,128
rearing,68685,68634,68685,51
hunching,68686,68685,68686,1
rearing,68757,68686,68757,71
grooming,68758,68757,68758,1
climbing,68789,68758,68789,31
sniffing,68938,68789,68938,149
walking,68939,68938,68939,1
running,68970,68939,68970,31
rearing,68971,68970,68971,1
climbing,69124,68971,69124,153
rearing,69147,69124,69147,23
grooming,69467,69147,69467,320
left_turning,69490,69467,69490,23
walking,69494,69490,69494,4
sniffing,69538,69494,69538,44
rising,69559,69538,69559,21
sniffing,69654,69559,69654,95
walking,69757,69654,69757,103
sniffing,69758,69757,69758,1
climbing,69759,69758,69759,1
rising,69844,69759,69844,85
sniffing,69874,69844,69874,30
rising,69894,69874,69894,20
climbing,69974,69894,69974,80
grooming,70388,69974,70388,414
sniffing,70491,70388,70491,103
grooming,70853,70491,70853,362
sniffing,70993,70853,70993,140
right_turning,71045,70993,71045,52
sniffing,71246,71045,71246,201
walking,71306,71246,71306,60
rising,71386,71306,71386,80
climbing,71461,71386,71461,75
walking,71491,71461,71491,30
sniffing,71492,71491,71492,1
rising,71493,71492,71493,1
sniffing,71546,71493,71546,53
walking,71614,71546,71614,68
sniffing,71684,71614,71684,70
running,71708,71684,71708,24
sniffing,71804,71708,71804,96
walking,71849,71804,71849,45
sniffing,71912,71849,71912,63
left_turning,71927,71912,71927,15
trotting,71928,71927,71928,1
sniffing,71929,71928,71929,1
left_turning,71962,71929,71962,33
sniffing,72111,71962,72111,149
rising,72112,72111,72112,1
climbing,72170,72112,72170,58
sniffing,72171,72170,72171,1
running,72209,72171,72209,38
stepping,72281,72209,72281,72
sniffing,72288,72281,72288,7
climbing,72428,72288,72428,140
sniffing,72429,72428,72429,1
right_turning,72440,72429,72440,11
walking,72441,72440,72441,1
sniffing,72549,72441,72549,108
grooming,72650,72549,72650,101
hunching,72651,72650,72651,1
sniffing,72652,72651,72652,1
rising,72676,72652,72676,24
hunching,72677,72676,72677,1
grooming,72996,72677,72996,319
left_turning,73034,72996,73034,38
sniffing,73073,73034,73073,39
climbing,73110,73073,73110,37
left_turning,73127,73110,73127,17
sniffing,73212,73127,73212,85
rising,73232,73212,73232,20
climbing,73267,73232,73267,35
right_turning,73277,73267,73277,10
hunching,73278,73277,73278,1
sniffing,73517,73278,73517,239
right_turning,73551,73517,73551,34
walking,73570,73551,73570,19
left_turning,73620,73570,73620,50
walking,73621,73620,73621,1
rising,73700,73621,73700,79
climbing,73755,73700,73755,55
left_turning,73810,73755,73810,55
right_turning,73854,73810,73854,44
running,73901,73854,73901,47
walking,73926,73901,73926,25
rearing,73971,73926,73971,45
left_turning,74051,73971,74051,80
sniffing,74166,74051,74166,115
trotting,74201,74166,74201,35
left_turning,74255,74201,74255,54
sniffing,74339,74255,74339,84
left_turning,74424,74339,74424,85
right_turning,74432,74424,74432,8
walking,74511,74432,74511,79
trotting,74536,74511,74536,25
walking,74574,74536,74574,38
sniffing,74713,74574,74713,139
walking,74714,74713,74714,1
climbing,74759,74714,74759,45
sniffing,74935,74759,74935,176
rising,74943,74935,74943,8
grooming,75193,74943,75193,250
hunching,75194,75193,75194,1
climbing,75195,75194,75195,1
sniffing,75283,75195,75283,88
rearing,75291,75283,75291,8
left_turning,75310,75291,75310,19
sniffing,75415,75310,75415,105
walking,75416,75415,75416,1
sniffing,75417,75416,75417,1
left_turning,75446,75417,75446,29
walking,75454,75446,75454,8
sniffing,75455,75454,75455,1
stepping,75524,75455,75524,69
rising,75634,75524,75634,110
stepping,75678,75634,75678,44
walking,75726,75678,75726,48
sniffing,75934,75726,75934,208
right_turning,75968,75934,75968,34
walking,76044,75968,76044,76
rearing,76187,76044,76187,143
walking,76240,76187,76240,53
sniffing,76241,76240,76241,1
rising,76326,76241,76326,85
sniffing,76352,76326,76352,26
grooming,76572,76352,76572,220
sniffing,76618,76572,76618,46
walking,76685,76618,76685,67
sniffing,76803,76685,76803,118
grooming,76804,76803,76804,1
sniffing,76894,76804,76894,90
walking,76895,76894,76895,1
right_turning,76924,76895,76924,29
trotting,76969,76924,76969,45
sniffing,77029,76969,77029,60
right_turning,77048,77029,77048,19
sniffing,77070,77048,77070,22
trotting,77102,77070,77102,32
right_turning,77103,77102,77103,1
rising,77198,77103,77198,95
climbing,77457,77198,77457,259
rearing,77486,77457,77486,29
sniffing,77567,77486,77567,81
left_turning,77578,77567,77578,11
sniffing,77687,77578,77687,109
rising,77771,77687,77771,84
climbing,77872,77771,77872,101
left_turning,77915,77872,77915,43
sniffing,78005,77915,78005,90
grooming,78024,78005,78024,19
sniffing,78054,78024,78054,30
right_turning,78087,78054,78087,33
sniffing,78137,78087,78137,50
walking,78269,78137,78269,132
left_turning,78287,78269,78287,18
walking,78312,78287,78312,25
sniffing,78313,78312,78313,1
climbing,78350,78313,78350,37
sniffing,78429,78350,78429,79
walking,78455,78429,78455,26
left_turning,78456,78455,78456,1
climbing,78470,78456,78470,14
rearing,78482,78470,78482,12
trotting,78491,78482,78491,9
rearing,78560,78491,78560,69
walking,78600,78560,78600,40
rising,78625,78600,78625,25
rearing,78654,78625,78654,29
rising,78729,78654,78729,75
sniffing,78845,78729,78845,116
rising,78846,78845,78846,1
climbing,78888,78846,78888,42
rearing,78915,78888,78915,27
rising,78959,78915,78959,44
climbing,78986,78959,78986,27
hunching,78987,78986,78987,1
sniffing,79067,78987,79067,80
hunching,79076,79067,79076,9
sniffing,79134,79076,79134,58
walking,79203,79134,79203,69
rearing,79283,79203,79283,80
sniffing,79332,79283,79332,49
rising,79360,79332,79360,28
rearing,79431,79360,79431,71
climbing,79476,79431,79476,45
rising,79483,79476,79483,7
climbing,79484,79483,79484,1
rising,79485,79484,79485,1
climbing,79530,79485,79530,45
trotting,79567,79530,79567,37
walking,79644,79567,79644,77
stepping,79645,79644,79645,1
left_turning,79694,79645,79694,49
sniffing,79755,79694,79755,61
walking,79756,79755,79756,1
stepping,79785,79756,79785,29
climbing,79840,79785,79840,55
sniffing,79899,79840,79899,59
walking,79909,79899,79909,10
sniffing,79980,79909,79980,71
pausing,80064,79980,80064,84
sniffing,80120,80064,80120,56
stepping,80178,80120,80178,58
rising,80179,80178,80179,1
walking,80205,80179,80205,26
sniffing,80387,80205,80387,182
left_turning,80466,80387,80466,79
walking,80487,80466,80487,21
sniffing,80550,80487,80550,63
stepping,80589,80550,80589,39
sniffing,80713,80589,80713,124
pausing,80888,80713,80888,175
sniffing,80921,80888,80921,33
rising,80997,80921,80997,76
climbing,81023,80997,81023,26
trotting,81072,81023,81072,49
left_turning,81105,81072,81105,33
walking,81106,81105,81106,1
climbing,81154,81106,81154,48
stepping,81177,81154,81177,23
walking,81203,81177,81203,26
rising,81204,81203,81204,1
walking,81254,81204,81254,50
stepping,81278,81254,81278,24
walking,81367,81278,81367,89
running,81384,81367,81384,17
rearing,81482,81384,81482,98
hunching,81582,81482,81582,100
right_turning,81591,81582,81591,9
left_turning,81616,81591,81616,25
sniffing,81693,81616,81693,77
walking,81701,81693,81701,8
left_turning,81724,81701,81724,23
sniffing,81813,81724,81813,89
climbing,81890,81813,81890,77
rearing,81891,81890,81891,1
grooming,82138,81891,82138,247
sniffing,82258,82138,82258,120
walking,82350,82258,82350,92
sniffing,82464,82350,82464,114
stepping,82482,82464,82482,18
right_turning,82503,82482,82503,21
running,82514,82503,82514,11
sniffing,82627,82514,82627,113
stepping,82671,82627,82671,44
rising,82713,82671,82713,42
sniffing,82957,82713,82957,244
rising,83018,82957,83018,61
climbing,83048,83018,83048,30
rearing,83056,83048,83056,8
grooming,83334,83056,83334,278
rising,83384,83334,83384,50
right_turning,83423,83384,83423,39
walking,83446,83423,83446,23
sniffing,83538,83446,83538,92
climbing,83767,83538,83767,229
rising,83789,83767,83789,22
rearing,83818,83789,83818,29
climbing,83987,83818,83987,169
sniffing,83988,83987,83988,1
walking,84034,83988,84034,46
sniffing,84035,84034,84035,1
right_turning,84057,84035,84057,22
climbing,84093,84057,84093,36
sniffing,84173,84093,84173,80
trotting,84177,84173,84177,4
sniffing,84358,84177,84358,181
left_turning,84437,84358,84437,79
walking,84482,84437,84482,45
sniffing,84611,84482,84611,129
stepping,84639,84611,84639,28
sniffing,84651,84639,84651,12
rearing,84652,84651,84652,1
sniffing,84653,84652,84653,1
left_turning,84687,84653,84687,34
sniffing,85044,84687,85044,357
rearing,85045,85044,85045,1
sniffing,85129,85045,85129,84
grooming,85130,85129,85130,1
sniffing,85188,85130,85188,58
walking,85214,85188,85214,26
climbing,85235,85214,85235,21
right_turning,85272,85235,85272,37
walking,85295,85272,85295,23
left_turning,85322,85295,85322,27
sniffing,85399,85322,85399,77
climbing,85518,85399,85518,119
sniffing,85590,85518,85590,72
grooming,85591,85590,85591,1
climbing,85665,85591,85665,74
sniffing,85666,85665,85666,1
left_turning,85667,85666,85667,1
rising,85687,85667,85687,20
climbing,85733,85687,85733,46
sniffing,85821,85733,85821,88
left_turning,85845,85821,85845,24
walking,85883,85845,85883,38
sniffing,85987,85883,85987,104
rising,86015,85987,86015,28
climbing,86090,86015,86090,75
rearing,86130,86090,86130,40
sniffing,86224,86130,86224,94
walking,86291,86224,86291,67
running,86312,86291,86312,21
rising,86387,86312,86387,75
climbing,86484,86387,86484,97
rising,86485,86484,86485,1
climbing,86554,86485,86554,69
sniffing,86736,86554,86736,182
left_turning,86762,86736,86762,26
rising,86818,86762,86818,56
hunching,86911,86818,86911,93
climbing,86948,86911,86948,37
grooming,87244,86948,87244,296
rearing,87245,87244,87245,1
left_turning,87248,87245,87248,3
walking,87269,87248,87269,21
sniffing,87444,87269,87444,175
rising,87475,87444,87475,31
climbing,87518,87475,87518,43
sniffing,87580,87518,87580,62
right_turning,87630,87580,87630,50
trotting,87641,87630,87641,11
walking,87709,87641,87709,68
sniffing,87788,87709,87788,79
rising,87820,87788,87820,32
climbing,87940,87820,87940,120
rising,87956,87940,87956,16
climbing,88182,87956,88182,226
left_turning,88243,88182,88243,61
sniffing,88323,88243,88323,80
rising,88363,88323,88363,40
walking,88486,88363,88486,123
sniffing,88518,88486,88518,32
right_turning,88539,88518,88539,21
climbing,88643,88539,88643,104
trotting,88725,88643,88725,82
sniffing,88738,88725,88738,13
rising,88739,88738,88739,1
climbing,88824,88739,88824,85
sniffing,88906,88824,88906,82
left_turning,88929,88906,88929,23
sniffing,88930,88929,88930,1
climbing,89006,88930,89006,76
walking,89082,89006,89082,76
sniffing,89084,89082,89084,2
stepping,89168,89084,89168,84
left_turning,89223,89168,89223,55
sniffing,89286,89223,89286,63
hunching,89287,89286,89287,1
grooming,89602,89287,89602,315
rising,89639,89602,89639,37
sniffing,89640,89639,89640,1
climbing,89750,89640,89750,110
sniffing,89751,89750,89751,1
walking,89816,89751,89816,65
climbing,89873,89816,89873,57
rearing,89948,89873,89948,75
grooming,90168,89948,90168,220
running,90198,90168,90198,30
walking,90248,90198,90248,50
right_turning,90275,90248,90275,27
sniffing,90311,90275,90311,36
hunching,90337,90311,90337,26
walking,90341,90337,90341,4
rising,90342,90341,90342,1
rearing,90449,90342,90449,107
climbing,90537,90449,90537,88
trotting,90554,90537,90554,17
sniffing,90616,90554,90616,62
hunching,90646,90616,90646,30
sniffing,90647,90646,90647,1
left_turning,90685,90647,90685,38
sniffing,90833,90685,90833,148
rising,90864,90833,90864,31
climbing,90973,90864,90973,109
rearing,91011,90973,91011,38
climbing,91117,91011,91117,106
trotting,91131,91117,91131,14
rising,91284,91131,91284,153
climbing,91339,91284,91339,55
hunching,91385,91339,91385,46
sniffing,91447,91385,91447,62
right_turning,91474,91447,91474,27
rising,91475,91474,91475,1
sniffing,91476,91475,91476,1
walking,91532,91476,91532,56
sniffing,91645,91532,91645,113
rising,91666,91645,91666,21
walking,91716,91666,91716,50
left_turning,91723,91716,91723,7
sniffing,91878,91723,91878,155
hunching,91905,91878,91905,27
rising,92079,91905,92079,174
climbing,92200,92079,92200,121
right_turning,92201,92200,92201,1
walking,92263,92201,92263,62
rising,92286,92263,92286,23
grooming,92287,92286,92287,1
sniffing,92557,92287,92557,270
walking,92558,92557,92558,1
sniffing,92638,92558,92638,80
climbing,92680,92638,92680,42
rearing,92730,92680,92730,50
rising,92731,92730,92731,1
walking,92784,92731,92784,53
rising,92785,92784,92785,1
climbing,92808,92785,92808,23
hunching,92822,92808,92822,14
climbing,92823,92822,92823,1
rearing,92932,92823,92932,109
hunching,92948,92932,92948,16
stepping,92952,92948,92952,4
walking,92953,92952,92953,1
rearing,92981,92953,92981,28
sniffing,92982,92981,92982,1
hunching,92983,92982,92983,1
rearing,93093,92983,93093,110
climbing,93173,93093,93173,80
rearing,93223,93173,93223,50
rising,93313,93223,93313,90
climbing,93314,93313,93314,1
rising,93347,93314,93347,33
climbing,93358,93347,93358,11
sniffing,93410,93358,93410,52
trotting,93415,93410,93415,5
sniffing,93502,93415,93502,87
hunching,93581,93502,93581,79
grooming,93794,93581,93794,213
sniffing,93821,93794,93821,27
climbing,93861,93821,93861,40
hunching,93952,93861,93952,91
rearing,93953,93952,93953,1
sniffing,94063,93953,94063,110
rising,94080,94063,94080,17
climbing,94266,94080,94266,186
running,94267,94266,94267,1
walking,94297,94267,94297,30
climbing,94325,94297,94325,28
sniffing,94349,94325,94349,24
walking,94350,94349,94350,1
sniffing,94496,94350,94496,146
climbing,94632,94496,94632,136
rising,94673,94632,94673,41
climbing,94713,94673,94713,40
walking,94714,94713,94714,1
left_turning,94770,94714,94770,56
stepping,94794,94770,94794,24
walking,94855,94794,94855,61
sniffing,94856,94855,94856,1
climbing,94924,94856,94924,68
right_turning,94958,94924,94958,34
trotting,94962,94958,94962,4
walking,95054,94962,95054,92
climbing,95128,95054,95128,74
sniffing,95129,95128,95129,1
right_turning,95151,95129,95151,22
left_turning,95166,95151,95166,15
sniffing,95225,95166,95225,59
rearing,95264,95225,95264,39
sniffing,95307,95264,95307,43
rearing,95351,95307,95351,44
sniffing,95509,95351,95509,158
left_turning,95532,95509,95532,23
walking,95650,95532,95650,118
rising,95714,95650,95714,64
sniffing,95975,95714,95975,261
climbing,95976,95975,95976,1
right_turning,95996,95976,95996,20
walking,96051,95996,96051,55
sniffing,96052,96051,96052,1
left_turning,96061,96052,96061,9
walking,96135,96061,96135,74
sniffing,96237,96135,96237,102
walking,96279,96237,96279,42
rearing,96296,96279,96296,17
sniffing,96391,96296,96391,95
rearing,96425,96391,96425,34
grooming,96519,96425,96519,94
hunching,96540,96519,96540,21
walking,96557,96540,96557,17
climbing,96709,96557,96709,152
sniffing,96710,96709,96710,1
left_turning,96783,96710,96783,73
sniffing,96807,96783,96807,24
rising,96841,96807,96841,34
walking,96843,96841,96843,2
rising,96844,96843,96844,1
climbing,96845,96844,96845,1
sniffing,96867,96845,96867,22
climbing,96904,96867,96904,37
walking,96953,96904,96953,49
right_turning,96959,96953,96959,6
walking,97058,96959,97058,99
running,97098,97058,97098,40
walking,97217,97098,97217,119
stepping,97256,97217,97256,39
walking,97291,97256,97291,35
left_turning,97343,97291,97343,52
stepping,97408,97343,97408,65
walking,97452,97408,97452,44
climbing,97748,97452,97748,296
rising,97749,97748,97749,1
left_turning,97795,97749,97795,46
walking,97796,97795,97796,1
sniffing,97797,97796,97797,1
rising,97847,97797,97847,50
walking,97892,97847,97892,45
stepping,97927,97892,97927,35
walking,97980,97927,97980,53
left_turning,98007,97980,98007,27
walking,98067,98007,98067,60
left_turning,98092,98067,98092,25
rising,98178,98092,98178,86
climbing,98268,98178,98268,90
right_turning,98269,98268,98269,1
sniffing,98416,98269,98416,147
rising,98449,98416,98449,33
rearing,98483,98449,98483,34
sniffing,98484,98483,98484,1
walking,98528,98484,98528,44
rising,98565,98528,98565,37
climbing,98591,98565,98591,26
rising,98702,98591,98702,111
climbing,98768,98702,98768,66
rising,98800,98768,98800,32
walking,98827,98800,98827,27
sniffing,98924,98827,98924,97
rising,99004,98924,99004,80
grooming,99005,99004,99005,1
climbing,99109,99005,99109,104
right_turning,99125,99109,99125,16
rising,99126,99125,99126,1
climbing,99338,99126,99338,212
walking,99425,99338,99425,87
sniffing,99504,99425,99504,79
left_turning,99511,99504,99511,7
rearing,99512,99511,99512,1
right_turning,99525,99512,99525,13
rising,99623,99525,99623,98
sniffing,99666,99623,99666,43
pausing,99796,99666,99796,130
sniffing,99912,99796,99912,116
walking,99949,99912,99949,37
sniffing,100042,99949,100042,93
rearing,100109,100042,100109,67
rising,100122,100109,100122,13
grooming,100123,100122,100123,1
climbing,100124,100123,100124,1
rising,100166,100124,100166,42
walking,100167,100166,100167,1
rising,100283,100167,100283,116
climbing,100370,100283,100370,87
right_turning,100392,100370,100392,22
sniffing,100393,100392,100393,1
pausing,100458,100393,100458,65
sniffing,100496,100458,100496,38
left_turning,100497,100496,100497,1
climbing,100546,100497,100546,49
rearing,100547,100546,100547,1
walking,100678,100547,100678,131
sniffing,100819,100678,100819,141
walking,100886,100819,100886,67
sniffing,100943,100886,100943,57
rising,100944,100943,100944,1
left_turning,100962,100944,100962,18
stepping,101010,100962,101010,48
sniffing,101132,101010,101132,122
climbing,101199,101132,101199,67
sniffing,101243,101199,101243,44
grooming,101244,101243,101244,1
rearing,101336,101244,101336,92
grooming,101426,101336,101426,90
rearing,101470,101426,101470,44
grooming,101471,101470,101471,1
trotting,101477,101471,101477,6
left_turning,101533,101477,101533,56
stepping,101571,101533,101571,38
sniffing,101627,101571,101627,56
climbing,101718,101627,101718,91
rising,101719,101718,101719,1
grooming,102419,101719,102419,700
sniffing,102428,102419,102428,9
left_turning,102455,102428,102455,27
walking,102475,102455,102475,20
sniffing,102588,102475,102588,113
left_turning,102619,102588,102619,31
walking,102707,102619,102707,88
sniffing,102718,102707,102718,11
climbing,102865,102718,102865,147
rising,102883,102865,102883,18
rearing,102939,102883,102939,56
rising,102986,102939,102986,47
sniffing,103085,102986,103085,99
rising,103123,103085,103123,38
walking,103139,103123,103139,16
sniffing,103140,103139,103140,1
left_turning,103141,103140,103141,1
sniffing,103165,103141,103165,24
left_turning,103216,103165,103216,51
sniffing,103217,103216,103217,1
climbing,103231,103217,103231,14
hunching,103261,103231,103261,30
sniffing,103318,103261,103318,57
rising,103390,103318,103390,72
rearing,103391,103390,103391,1
climbing,103414,103391,103414,23
walking,103434,103414,103434,20
climbing,103451,103434,103451,17
sniffing,103473,103451,103473,22
rising,103489,103473,103489,16
climbing,103730,103489,103730,241
sniffing,103804,103730,103804,74
rising,103965,103804,103965,161
left_turning,103998,103965,103998,33
sniffing,103999,103998,103999,1
rising,104000,103999,104000,1
climbing,104032,104000,104032,32
rearing,104153,104032,104153,121
walking,104168,104153,104168,15
rising,104200,104168,104200,32
sniffing,104201,104200,104201,1
rising,104202,104201,104202,1
sniffing,104362,104202,104362,160
pausing,104485,104362,104485,123
sniffing,104560,104485,104560,75
walking,104611,104560,104611,51
rising,104684,104611,104684,73
walking,104685,104684,104685,1
rising,104754,104685,104754,69
climbing,104886,104754,104886,132
right_turning,104937,104886,104937,51
rearing,104938,104937,104938,1
grooming,104939,104938,104939,1
climbing,105101,104939,105101,162
rising,105160,105101,105160,59
climbing,105161,105160,105161,1
rising,105177,105161,105177,16
rearing,105199,105177,105199,22
climbing,105203,105199,105203,4
sniffing,105345,105203,105345,142
right_turning,105372,105345,105372,27
walking,105409,105372,105409,37
left_turning,105435,105409,105435,26
sniffing,105606,105435,105606,171
climbing,105674,105606,105674,68
sniffing,105675,105674,105675,1
grooming,105883,105675,105883,208
sniffing,105909,105883,105909,26
rising,105942,105909,105942,33
sniffing,106154,105942,106154,212
stepping,106156,106154,106156,2
sniffing,106194,106156,106194,38
right_turning,106199,106194,106199,5
sniffing,106273,106199,106273,74
pausing,106718,106273,106718,445
sniffing,106788,106718,106788,70
walking,106840,106788,106840,52
right_turning,106879,106840,106879,39
sniffing,107003,106879,107003,124
pausing,107367,107003,107367,364
sniffing,107433,107367,107433,66
rising,107444,107433,107444,11
climbing,107460,107444,107460,16
rearing,107485,107460,107485,25
sniffing,107507,107485,107507,22
right_turning,107522,107507,107522,15
rising,107579,107522,107579,57
hunching,107580,107579,107580,1
climbing,107668,107580,107668,88
walking,107705,107668,107705,37
sniffing,107744,107705,107744,39
pausing,107745,107744,107745,1
sniffing,107746,107745,107746,1
rising,107789,107746,107789,43
sniffing,108000,107789,108000,211
