revised_movement_label,segBoundary,segBoundary_start,segBoundary_end,length
walking,6,0,6,6
climbing,59,6,59,53
stepping,90,59,90,31
rising,91,90,91,1
climbing,110,91,110,19
rising,124,110,124,14
climbing,146,124,146,22
left_turning,222,146,222,76
sniffing,223,222,223,1
rising,234,223,234,11
climbing,337,234,337,103
rearing,377,337,377,40
left_turning,453,377,453,76
sniffing,535,453,535,82
left_turning,597,535,597,62
rising,668,597,668,71
sniffing,754,668,754,86
rising,907,754,907,153
climbing,966,907,966,59
rising,1023,966,1023,57
climbing,1090,1023,1090,67
rearing,1249,1090,1249,159
rising,1290,1249,1290,41
stepping,1340,1290,1340,50
walking,1398,1340,1398,58
sniffing,1512,1398,1512,114
climbing,1554,1512,1554,42
sniffing,1555,1554,1555,1
trotting,1558,1555,1558,3
rising,1566,1558,1566,8
climbing,1619,1566,1619,53
walking,1649,1619,1649,30
rising,1690,1649,1690,41
sniffing,1691,1690,1691,1
climbing,1744,1691,1744,53
sniffing,1762,1744,1762,18
stepping,1809,1762,1809,47
trotting,1865,1809,1865,56
walking,1866,1865,1866,1
trotting,1883,1866,1883,17
rearing,1975,1883,1975,92
sniffing,2056,1975,2056,81
walking,2093,2056,2093,37
climbing,2113,2093,2113,20
rising,2121,2113,2121,8
climbing,2122,2121,2122,1
walking,2171,2122,2171,49
sniffing,2359,2171,2359,188
right_turning,2405,2359,2405,46
climbing,2473,2405,2473,68
sniffing,2502,2473,2502,29
rising,2522,2502,2522,20
trotting,2535,2522,2535,13
left_turning,2560,2535,2560,25
sniffing,2660,2560,2660,100
climbing,2707,2660,2707,47
sniffing,2739,2707,2739,32
climbing,2785,2739,2785,46
sniffing,2878,2785,2878,93
right_turning,2911,2878,2911,33
walking,2918,2911,2918,7
stepping,2964,2918,2964,46
walking,3038,2964,3038,74
sniffing,3160,3038,3160,122
running,3183,3160,3183,23
trotting,3184,3183,3184,1
walking,3207,3184,3207,23
sniffing,3208,3207,3208,1
rising,3209,3208,3209,1
sniffing,3210,3209,3210,1
climbing,3294,3210,3294,84
trotting,3295,3294,3295,1
sniffing,3343,3295,3343,48
grooming,3367,3343,3367,24
rising,3412,3367,3412,45
climbing,3422,3412,3422,10
sniffing,3426,3422,3426,4
climbing,3475,3426,3475,49
rising,3501,3475,3501,26
walking,3535,3501,3535,34
left_turning,3548,3535,3548,13
sniffing,3549,3548,3549,1
left_turning,3616,3549,3616,67
walking,3617,3616,3617,1
running,3637,3617,3637,20
rising,3680,3637,3680,43
climbing,3695,3680,3695,15
sniffing,3716,3695,3716,21
left_turning,3770,3716,3770,54
sniffing,3882,3770,3882,112
climbing,3917,3882,3917,35
sniffing,3918,3917,3918,1
rising,3929,3918,3929,11
climbing,3984,3929,3984,55
walking,4036,3984,4036,52
sniffing,4079,4036,4079,43
running,4085,4079,4085,6
sniffing,4146,4085,4146,61
rising,4147,4146,4147,1
sniffing,4148,4147,4148,1
walking,4224,4148,4224,76
sniffing,4246,4224,4246,22
walking,4247,4246,4247,1
sniffing,4318,4247,4318,71
hunching,4363,4318,4363,45
walking,4383,4363,4383,20
trotting,4384,4383,4384,1
left_turning,4409,4384,4409,25
sniffing,4473,4409,4473,64
climbing,4546,4473,4546,73
rising,4623,4546,4623,77
walking,4675,4623,4675,52
sniffing,4746,4675,4746,71
rising,4801,4746,4801,55
sniffing,4813,4801,4813,12
right_turning,4845,4813,4845,32
walking,4911,4845,4911,66
climbing,4975,4911,4975,64
sniffing,5039,4975,5039,64
trotting,5045,5039,5045,6
left_turning,5067,5045,5067,22
sniffing,5068,5067,5068,1
trotting,5111,5068,5111,43
walking,5199,5111,5199,88
left_turning,5223,5199,5223,24
walking,5249,5223,5249,26
trotting,5286,5249,5286,37
climbing,5318,5286,5318,32
trotting,5359,5318,5359,41
sniffing,5425,5359,5425,66
walking,5426,5425,5426,1
left_turning,5445,5426,5445,19
walking,5564,5445,5564,119
stepping,5623,5564,5623,59
trotting,5645,5623,5645,22
sniffing,5704,5645,5704,59
left_turning,5716,5704,5716,12
walking,5753,5716,5753,37
climbing,5819,5753,5819,66
rising,5839,5819,5839,20
left_turning,5860,5839,5860,21
walking,5861,5860,5861,1
sniffing,5894,5861,5894,33
rising,5902,5894,5902,8
climbing,5908,5902,5908,6
trotting,5920,5908,5920,12
rising,5938,5920,5938,18
walking,5976,5938,5976,38
right_turning,5982,5976,5982,6
trotting,6023,5982,6023,41
rearing,6024,6023,6024,1
rising,6070,6024,6070,46
sniffing,6264,6070,6264,194
left_turning,6281,6264,6281,17
walking,6322,6281,6322,41
sniffing,6369,6322,6369,47
rising,6427,6369,6427,58
right_turning,6451,6427,6451,24
sniffing,6641,6451,6641,190
walking,6688,6641,6688,47
rising,6736,6688,6736,48
walking,6737,6736,6737,1
rising,6816,6737,6816,79
climbing,6835,6816,6835,19
sniffing,6854,6835,6854,19
rising,6897,6854,6897,43
climbing,6931,6897,6931,34
rising,7000,6931,7000,69
sniffing,7022,7000,7022,22
climbing,7091,7022,7091,69
rearing,7191,7091,7191,100
climbing,7244,7191,7244,53
rising,7284,7244,7284,40
walking,7289,7284,7289,5
sniffing,7369,7289,7369,80
rising,7394,7369,7394,25
sniffing,7444,7394,7444,50
left_turning,7445,7444,7445,1
sniffing,7530,7445,7530,85
running,7559,7530,7559,29
walking,7592,7559,7592,33
climbing,7655,7592,7655,63
sniffing,7656,7655,7656,1
left_turning,7662,7656,7662,6
walking,7688,7662,7688,26
sniffing,7689,7688,7689,1
climbing,7745,7689,7745,56
trotting,7759,7745,7759,14
walking,7783,7759,7783,24
left_turning,7784,7783,7784,1
trotting,7832,7784,7832,48
walking,7886,7832,7886,54
sniffing,7887,7886,7887,1
walking,7935,7887,7935,48
climbing,7988,7935,7988,53
stepping,8059,7988,8059,71
walking,8085,8059,8085,26
sniffing,8177,8085,8177,92
climbing,8221,8177,8221,44
grooming,8222,8221,8222,1
sniffing,8243,8222,8243,21
left_turning,8287,8243,8287,44
sniffing,8428,8287,8428,141
left_turning,8465,8428,8465,37
rising,8481,8465,8481,16
left_turning,8482,8481,8482,1
walking,8483,8482,8483,1
rising,8526,8483,8526,43
sniffing,8527,8526,8527,1
rearing,8528,8527,8528,1
hunching,8559,8528,8559,31
walking,8576,8559,8576,17
trotting,8620,8576,8620,44
stepping,8641,8620,8641,21
rising,8667,8641,8667,26
climbing,8709,8667,8709,42
trotting,8711,8709,8711,2
walking,8732,8711,8732,21
sniffing,8733,8732,8733,1
hunching,8778,8733,8778,45
sniffing,8827,8778,8827,49
climbing,8898,8827,8898,71
hunching,8910,8898,8910,12
sniffing,8927,8910,8927,17
left_turning,8984,8927,8984,57
trotting,8985,8984,8985,1
sniffing,9027,8985,9027,42
walking,9059,9027,9059,32
sniffing,9133,9059,9133,74
climbing,9238,9133,9238,105
sniffing,9301,9238,9301,63
right_turning,9368,9301,9368,67
walking,9372,9368,9372,4
running,9373,9372,9373,1
rising,9396,9373,9396,23
left_turning,9405,9396,9405,9
walking,9432,9405,9432,27
right_turning,9458,9432,9458,26
stepping,9523,9458,9523,65
trotting,9589,9523,9589,66
left_turning,9597,9589,9597,8
trotting,9661,9597,9661,64
right_turning,9726,9661,9726,65
stepping,9727,9726,9727,1
walking,9753,9727,9753,26
climbing,9819,9753,9819,66
running,9844,9819,9844,25
right_turning,9857,9844,9857,13
trotting,9886,9857,9886,29
sniffing,9972,9886,9972,86
walking,10057,9972,10057,85
sniffing,10138,10057,10138,81
grooming,10179,10138,10179,41
left_turning,10221,10179,10221,42
sniffing,10292,10221,10292,71
rising,10328,10292,10328,36
sniffing,10406,10328,10406,78
rising,10420,10406,10420,14
sniffing,10508,10420,10508,88
walking,10537,10508,10537,29
rising,10570,10537,10570,33
climbing,10619,10570,10619,49
hunching,10630,10619,10630,11
left_turning,10706,10630,10706,76
sniffing,10762,10706,10762,56
left_turning,10809,10762,10809,47
running,10817,10809,10817,8
stepping,10849,10817,10849,32
sniffing,10917,10849,10917,68
stepping,10938,10917,10938,21
rising,10979,10938,10979,41
climbing,10997,10979,10997,18
sniffing,10998,10997,10998,1
trotting,11009,10998,11009,11
sniffing,11163,11009,11163,154
left_turning,11194,11163,11194,31
sniffing,11195,11194,11195,1
right_turning,11228,11195,11228,33
sniffing,11312,11228,11312,84
left_turning,11352,11312,11352,40
trotting,11399,11352,11399,47
rising,11484,11399,11484,85
climbing,11490,11484,11490,6
sniffing,11564,11490,11564,74
hunching,11580,11564,11580,16
sniffing,11724,11580,11724,144
rising,11740,11724,11740,16
sniffing,11741,11740,11741,1
walking,11754,11741,11754,13
sniffing,11755,11754,11755,1
walking,11817,11755,11817,62
sniffing,11893,11817,11893,76
climbing,11941,11893,11941,48
walking,11966,11941,11966,25
rising,11985,11966,11985,19
climbing,12035,11985,12035,50
rising,12119,12035,12119,84
climbing,12150,12119,12150,31
walking,12196,12150,12196,46
sniffing,12342,12196,12342,146
walking,12386,12342,12386,44
sniffing,12467,12386,12467,81
climbing,12495,12467,12495,28
rising,12544,12495,12544,49
sniffing,12598,12544,12598,54
walking,12631,12598,12631,33
sniffing,12637,12631,12637,6
rising,12715,12637,12715,78
climbing,12737,12715,12737,22
running,12773,12737,12773,36
sniffing,12774,12773,12774,1
rising,12830,12774,12830,56
sniffing,12835,12830,12835,5
walking,12900,12835,12900,65
climbing,12901,12900,12901,1
sniffing,12902,12901,12902,1
climbing,12944,12902,12944,42
stepping,12971,12944,12971,27
walking,13047,12971,13047,76
sniffing,13114,13047,13114,67
walking,13157,13114,13157,43
sniffing,13226,13157,13226,69
walking,13268,13226,13268,42
sniffing,13304,13268,13304,36
walking,13360,13304,13360,56
sniffing,13450,13360,13450,90
rising,13453,13450,13453,3
right_turning,13454,13453,13454,1
trotting,13478,13454,13478,24
right_turning,13479,13478,13479,1
walking,13540,13479,13540,61
climbing,13626,13540,13626,86
walking,13657,13626,13657,31
climbing,13726,13657,13726,69
rising,13815,13726,13815,89
climbing,13898,13815,13898,83
sniffing,13899,13898,13899,1
rearing,13997,13899,13997,98
trotting,14041,13997,14041,44
left_turning,14047,14041,14047,6
sniffing,14072,14047,14072,25
rising,14101,14072,14101,29
sniffing,14169,14101,14169,68
left_turning,14195,14169,14195,26
sniffing,14196,14195,14196,1
left_turning,14222,14196,14222,26
walking,14223,14222,14223,1
rising,14251,14223,14251,28
walking,14300,14251,14300,49
trotting,14386,14300,14386,86
sniffing,14416,14386,14416,30
left_turning,14457,14416,14457,41
sniffing,14582,14457,14582,125
left_turning,14602,14582,14602,20
sniffing,14730,14602,14730,128
rising,14777,14730,14777,47
climbing,14839,14777,14839,62
rising,14859,14839,14859,20
left_turning,14881,14859,14881,22
rising,14913,14881,14913,32
right_turning,14948,14913,14948,35
walking,15017,14948,15017,69
climbing,15081,15017,15081,64
grooming,15212,15081,15212,131
sniffing,15235,15212,15235,23
walking,15236,15235,15236,1
trotting,15258,15236,15258,22
stepping,15267,15258,15267,9
sniffing,15296,15267,15296,29
left_turning,15311,15296,15311,15
sniffing,15374,15311,15374,63
climbing,15469,15374,15469,95
sniffing,15470,15469,15470,1
stepping,15518,15470,15518,48
rising,15537,15518,15537,19
left_turning,15547,15537,15547,10
sniffing,15569,15547,15569,22
rising,15593,15569,15593,24
sniffing,15634,15593,15634,41
climbing,15635,15634,15635,1
sniffing,15664,15635,15664,29
trotting,15695,15664,15695,31
sniffing,15696,15695,15696,1
rising,15749,15696,15749,53
walking,15850,15749,15850,101
sniffing,15871,15850,15871,21
hunching,15873,15871,15873,2
trotting,15883,15873,15883,10
walking,15952,15883,15952,69
right_turning,15979,15952,15979,27
running,16009,15979,16009,30
sniffing,16066,16009,16066,57
trotting,16101,16066,16101,35
walking,16159,16101,16159,58
trotting,16200,16159,16200,41
walking,16217,16200,16217,17
sniffing,16302,16217,16302,85
rising,16366,16302,16366,64
walking,16441,16366,16441,75
rising,16469,16441,16469,28
trotting,16517,16469,16517,48
sniffing,16534,16517,16534,17
left_turning,16589,16534,16589,55
sniffing,16812,16589,16812,223
rising,16843,16812,16843,31
climbing,16913,16843,16913,70
rising,16917,16913,16917,4
walking,16918,16917,16918,1
climbing,16960,16918,16960,42
rearing,16961,16960,16961,1
climbing,17022,16961,17022,61
walking,17037,17022,17037,15
left_turning,17098,17037,17098,61
trotting,17101,17098,17101,3
rising,17159,17101,17159,58
climbing,17239,17159,17239,80
right_turning,17264,17239,17264,25
sniffing,17309,17264,17309,45
rising,17343,17309,17343,34
sniffing,17448,17343,17448,105
climbing,17499,17448,17499,51
walking,17537,17499,17537,38
rising,17538,17537,17538,1
climbing,17685,17538,17685,147
walking,17686,17685,17686,1
left_turning,17687,17686,17687,1
sniffing,17804,17687,17804,117
running,17807,17804,17807,3
walking,17843,17807,17843,36
rising,17855,17843,17855,12
climbing,17898,17855,17898,43
right_turning,17899,17898,17899,1
stepping,17907,17899,17907,8
walking,17908,17907,17908,1
sniffing,17952,17908,17952,44
climbing,17966,17952,17966,14
walking,17967,17966,17967,1
sniffing,18079,17967,18079,112
stepping,18104,18079,18104,25
trotting,18112,18104,18112,8
walking,18147,18112,18147,35
left_turning,18176,18147,18176,29
sniffing,18189,18176,18189,13
rising,18225,18189,18225,36
sniffing,18357,18225,18357,132
climbing,18412,18357,18412,55
rising,18491,18412,18491,79
climbing,18602,18491,18602,111
rearing,18728,18602,18728,126
right_turning,18752,18728,18752,24
trotting,18753,18752,18753,1
running,18775,18753,18775,22
left_turning,18799,18775,18799,24
sniffing,18908,18799,18908,109
climbing,18941,18908,18941,33
walking,18966,18941,18966,25
left_turning,18967,18966,18967,1
walking,18968,18967,18968,1
stepping,18975,18968,18975,7
hunching,19044,18975,19044,69
rearing,19045,19044,19045,1
sniffing,19133,19045,19133,88
climbing,19263,19133,19263,130
walking,19359,19263,19359,96
climbing,19460,19359,19460,101
walking,19471,19460,19471,11
rising,19523,19471,19523,52
walking,19607,19523,19607,84
left_turning,19659,19607,19659,52
sniffing,19731,19659,19731,72
stepping,19760,19731,19760,29
sniffing,19921,19760,19921,161
rising,19950,19921,19950,29
climbing,19978,19950,19978,28
rising,20013,19978,20013,35
climbing,20100,20013,20100,87
hunching,20121,20100,20121,21
grooming,20327,20121,20327,206
walking,20405,20327,20405,78
sniffing,20458,20405,20458,53
rising,20484,20458,20484,26
walking,20553,20484,20553,69
rising,20554,20553,20554,1
climbing,20623,20554,20623,69
sniffing,20666,20623,20666,43
walking,20712,20666,20712,46
sniffing,20775,20712,20775,63
climbing,20808,20775,20808,33
left_turning,20901,20808,20901,93
walking,20920,20901,20920,19
rising,20922,20920,20922,2
sniffing,21068,20922,21068,146
left_turning,21117,21068,21117,49
walking,21209,21117,21209,92
sniffing,21245,21209,21245,36
left_turning,21286,21245,21286,41
sniffing,21346,21286,21346,60
climbing,21403,21346,21403,57
sniffing,21459,21403,21459,56
right_turning,21462,21459,21462,3
rising,21533,21462,21533,71
grooming,21534,21533,21534,1
walking,21563,21534,21563,29
stepping,21604,21563,21604,41
left_turning,21651,21604,21651,47
walking,21690,21651,21690,39
sniffing,21721,21690,21721,31
walking,21770,21721,21770,49
rising,21791,21770,21791,21
climbing,21816,21791,21816,25
walking,21836,21816,21836,20
sniffing,21846,21836,21846,10
right_turning,21887,21846,21887,41
walking,21898,21887,21898,11
sniffing,21899,21898,21899,1
rising,21941,21899,21941,42
hunching,22024,21941,22024,83
right_turning,22044,22024,22044,20
stepping,22088,22044,22088,44
left_turning,22092,22088,22092,4
sniffing,22118,22092,22118,26
left_turning,22129,22118,22129,11
walking,22166,22129,22166,37
trotting,22189,22166,22189,23
rising,22193,22189,22193,4
sniffing,22194,22193,22194,1
grooming,22360,22194,22360,166
sniffing,22502,22360,22502,142
climbing,22579,22502,22579,77
left_turning,22625,22579,22625,46
sniffing,22704,22625,22704,79
hunching,22705,22704,22705,1
sniffing,22798,22705,22798,93
rising,22799,22798,22799,1
climbing,22936,22799,22936,137
walking,22937,22936,22937,1
sniffing,23096,22937,23096,159
stepping,23122,23096,23122,26
trotting,23150,23122,23150,28
sniffing,23151,23150,23151,1
left_turning,23166,23151,23166,15
sniffing,23167,23166,23167,1
right_turning,23185,23167,23185,18
sniffing,23306,23185,23306,121
climbing,23307,23306,23307,1
sniffing,23330,23307,23330,23
walking,23387,23330,23387,57
sniffing,23493,23387,23493,106
trotting,23533,23493,23533,40
right_turning,23565,23533,23565,32
left_turning,23566,23565,23566,1
rising,23571,23566,23571,5
sniffing,23572,23571,23572,1
right_turning,23573,23572,23573,1
running,23577,23573,23577,4
walking,23631,23577,23631,54
sniffing,23708,23631,23708,77
left_turning,23736,23708,23736,28
walking,23789,23736,23789,53
rising,23802,23789,23802,13
sniffing,23857,23802,23857,55
walking,23899,23857,23899,42
sniffing,23900,23899,23900,1
rising,23941,23900,23941,41
climbing,23942,23941,23942,1
trotting,23958,23942,23958,16
walking,23975,23958,23975,17
right_turning,23992,23975,23992,17
walking,24040,23992,24040,48
rising,24072,24040,24072,32
sniffing,24073,24072,24073,1
climbing,24132,24073,24132,59
left_turning,24133,24132,24133,1
stepping,24153,24133,24153,20
trotting,24177,24153,24177,24
right_turning,24185,24177,24185,8
walking,24224,24185,24224,39
rising,24262,24224,24262,38
sniffing,24306,24262,24306,44
right_turning,24338,24306,24338,32
stepping,24389,24338,24389,51
sniffing,24390,24389,24390,1
trotting,24416,24390,24416,26
sniffing,24484,24416,24484,68
climbing,24555,24484,24555,71
rising,24591,24555,24591,36
sniffing,24642,24591,24642,51
hunching,24703,24642,24703,61
sniffing,24736,24703,24736,33
left_turning,24798,24736,24798,62
sniffing,24799,24798,24799,1
left_turning,24871,24799,24871,72
walking,24878,24871,24878,7
stepping,24945,24878,24945,67
sniffing,24959,24945,24959,14
trotting,24996,24959,24996,37
stepping,25009,24996,25009,13
sniffing,25018,25009,25018,9
walking,25050,25018,25050,32
sniffing,25073,25050,25073,23
left_turning,25148,25073,25148,75
trotting,25168,25148,25168,20
sniffing,25187,25168,25187,19
climbing,25303,25187,25303,116
left_turning,25330,25303,25330,27
trotting,25331,25330,25331,1
left_turning,25338,25331,25338,7
trotting,25351,25338,25351,13
sniffing,25387,25351,25387,36
walking,25396,25387,25396,9
right_turning,25462,25396,25462,66
running,25485,25462,25485,23
left_turning,25497,25485,25497,12
sniffing,25572,25497,25572,75
grooming,25694,25572,25694,122
hunching,25695,25694,25695,1
walking,25696,25695,25696,1
sniffing,25697,25696,25697,1
climbing,25755,25697,25755,58
sniffing,25811,25755,25811,56
rising,25835,25811,25835,24
climbing,25892,25835,25892,57
left_turning,25930,25892,25930,38
sniffing,25931,25930,25931,1
climbing,26013,25931,26013,82
rearing,26014,26013,26014,1
running,26035,26014,26035,21
walking,26036,26035,26036,1
sniffing,26064,26036,26064,28
rising,26065,26064,26065,1
climbing,26124,26065,26124,59
rising,26125,26124,26125,1
climbing,26161,26125,26161,36
left_turning,26251,26161,26251,90
walking,26266,26251,26266,15
sniffing,26304,26266,26304,38
left_turning,26366,26304,26366,62
sniffing,26367,26366,26367,1
climbing,26399,26367,26399,32
sniffing,26400,26399,26400,1
climbing,26431,26400,26431,31
walking,26459,26431,26459,28
left_turning,26476,26459,26476,17
sniffing,26485,26476,26485,9
stepping,26523,26485,26523,38
left_turning,26627,26523,26627,104
sniffing,26766,26627,26766,139
trotting,26787,26766,26787,21
walking,26860,26787,26860,73
left_turning,26861,26860,26861,1
walking,26862,26861,26862,1
sniffing,27010,26862,27010,148
rising,27046,27010,27046,36
rearing,27082,27046,27082,36
rising,27094,27082,27094,12
left_turning,27095,27094,27095,1
climbing,27105,27095,27105,10
sniffing,27188,27105,27188,83
rising,27229,27188,27229,41
sniffing,27452,27229,27452,223
walking,27453,27452,27453,1
rising,27460,27453,27460,7
walking,27474,27460,27474,14
stepping,27529,27474,27529,55
sniffing,27560,27529,27560,31
walking,27652,27560,27652,92
sniffing,27798,27652,27798,146
rising,27809,27798,27809,11
walking,27842,27809,27842,33
jumping,27903,27842,27903,61
left_turning,27966,27903,27966,63
sniffing,27991,27966,27991,25
walking,27992,27991,27992,1
sniffing,28023,27992,28023,31
right_turning,28062,28023,28062,39
walking,28063,28062,28063,1
sniffing,28096,28063,28096,33
pausing,28193,28096,28193,97
sniffing,28194,28193,28194,1
trotting,28222,28194,28222,28
sniffing,28345,28222,28345,123
right_turning,28348,28345,28348,3
rising,28390,28348,28390,42
left_turning,28394,28390,28394,4
rising,28417,28394,28417,23
rearing,28439,28417,28439,22
grooming,28574,28439,28574,135
sniffing,28745,28574,28745,171
rising,28746,28745,28746,1
sniffing,28798,28746,28798,52
rising,28799,28798,28799,1
climbing,28877,28799,28877,78
rising,28927,28877,28927,50
climbing,28983,28927,28983,56
walking,29025,28983,29025,42
left_turning,29046,29025,29046,21
walking,29054,29046,29054,8
rising,29082,29054,29082,28
sniffing,29148,29082,29148,66
rising,29173,29148,29173,25
rearing,29225,29173,29225,52
climbing,29360,29225,29360,135
rising,29398,29360,29398,38
rearing,29399,29398,29399,1
climbing,29400,29399,29400,1
sniffing,29498,29400,29498,98
walking,29551,29498,29551,53
stepping,29569,29551,29569,18
sniffing,29570,29569,29570,1
left_turning,29608,29570,29608,38
rising,29642,29608,29642,34
hunching,29661,29642,29661,19
sniffing,29686,29661,29686,25
rearing,29740,29686,29740,54
walking,29769,29740,29769,29
sniffing,29818,29769,29818,49
walking,29886,29818,29886,68
stepping,29925,29886,29925,39
running,29946,29925,29946,21
climbing,29965,29946,29965,19
rearing,30083,29965,30083,118
trotting,30098,30083,30098,15
climbing,30153,30098,30153,55
right_turning,30181,30153,30181,28
running,30213,30181,30213,32
climbing,30353,30213,30353,140
grooming,30568,30353,30568,215
right_turning,30569,30568,30569,1
hunching,30617,30569,30617,48
rearing,30678,30617,30678,61
walking,30745,30678,30745,67
rearing,30771,30745,30771,26
trotting,30803,30771,30803,32
stepping,30839,30803,30839,36
rising,30850,30839,30850,11
climbing,30897,30850,30897,47
sniffing,30898,30897,30898,1
left_turning,30919,30898,30919,21
sniffing,30995,30919,30995,76
stepping,31039,30995,31039,44
walking,31067,31039,31067,28
sniffing,31153,31067,31153,86
stepping,31218,31153,31218,65
right_turning,31225,31218,31225,7
trotting,31268,31225,31268,43
walking,31346,31268,31346,78
rising,31347,31346,31347,1
climbing,31405,31347,31405,58
running,31428,31405,31428,23
climbing,31509,31428,31509,81
rearing,31510,31509,31510,1
left_turning,31554,31510,31554,44
stepping,31607,31554,31607,53
sniffing,31680,31607,31680,73
walking,31734,31680,31734,54
sniffing,31735,31734,31735,1
walking,31772,31735,31772,37
stepping,31800,31772,31800,28
walking,31814,31800,31814,14
sniffing,31875,31814,31875,61
walking,31897,31875,31897,22
rising,31922,31897,31922,25
walking,31958,31922,31958,36
climbing,31959,31958,31959,1
walking,31997,31959,31997,38
sniffing,31998,31997,31998,1
walking,32019,31998,32019,21
sniffing,32096,32019,32096,77
left_turning,32097,32096,32097,1
trotting,32149,32097,32149,52
rising,32152,32149,32152,3
climbing,32242,32152,32242,90
right_turning,32259,32242,32259,17
climbing,32260,32259,32260,1
sniffing,32291,32260,32291,31
right_turning,32292,32291,32292,1
sniffing,32355,32292,32355,63
left_turning,32356,32355,32356,1
trotting,32384,32356,32384,28
rising,32397,32384,32397,13
climbing,32437,32397,32437,40
sniffing,32438,32437,32438,1
climbing,32475,32438,32475,37
rising,32511,32475,32511,36
climbing,32516,32511,32516,5
rearing,32517,32516,32517,1
right_turning,32518,32517,32518,1
rising,32535,32518,32535,17
climbing,32608,32535,32608,73
right_turning,32642,32608,32642,34
trotting,32669,32642,32669,27
running,32700,32669,32700,31
walking,32703,32700,32703,3
running,32742,32703,32742,39
climbing,32829,32742,32829,87
left_turning,32858,32829,32858,29
rising,32892,32858,32892,34
jumping,32919,32892,32919,27
left_turning,32933,32919,32933,14
sniffing,32990,32933,32990,57
rising,33026,32990,33026,36
left_turning,33035,33026,33035,9
sniffing,33036,33035,33036,1
rising,33089,33036,33089,53
left_turning,33090,33089,33090,1
sniffing,33118,33090,33118,28
right_turning,33137,33118,33137,19
sniffing,33163,33137,33163,26
left_turning,33181,33163,33181,18
stepping,33206,33181,33206,25
running,33239,33206,33239,33
stepping,33291,33239,33291,52
climbing,33316,33291,33316,25
sniffing,33360,33316,33360,44
hunching,33443,33360,33443,83
trotting,33479,33443,33479,36
rising,33480,33479,33480,1
climbing,33526,33480,33526,46
rising,33527,33526,33527,1
sniffing,33586,33527,33586,59
left_turning,33587,33586,33587,1
walking,33588,33587,33588,1
rising,33589,33588,33589,1
left_turning,33640,33589,33640,51
trotting,33644,33640,33644,4
walking,33688,33644,33688,44
climbing,33740,33688,33740,52
right_turning,33781,33740,33781,41
stepping,33806,33781,33806,25
walking,33854,33806,33854,48
rising,33904,33854,33904,50
climbing,33910,33904,33910,6
sniffing,33932,33910,33932,22
hunching,33991,33932,33991,59
rearing,34011,33991,34011,20
climbing,34021,34011,34021,10
sniffing,34120,34021,34120,99
walking,34172,34120,34172,52
climbing,34197,34172,34197,25
right_turning,34215,34197,34215,18
sniffing,34221,34215,34221,6
climbing,34248,34221,34248,27
sniffing,34298,34248,34298,50
rising,34343,34298,34343,45
stepping,34376,34343,34376,33
walking,34377,34376,34377,1
rearing,34406,34377,34406,29
left_turning,34407,34406,34407,1
running,34433,34407,34433,26
rising,34455,34433,34455,22
sniffing,34599,34455,34599,144
rising,34621,34599,34621,22
rearing,34622,34621,34622,1
rising,34692,34622,34692,70
sniffing,34693,34692,34693,1
right_turning,34735,34693,34735,42
sniffing,34794,34735,34794,59
rising,34808,34794,34808,14
sniffing,34827,34808,34827,19
left_turning,34881,34827,34881,54
rising,34948,34881,34948,67
sniffing,34978,34948,34978,30
walking,35003,34978,35003,25
stepping,35076,35003,35076,73
sniffing,35176,35076,35176,100
walking,35269,35176,35269,93
climbing,35339,35269,35339,70
rearing,35468,35339,35468,129
grooming,35861,35468,35861,393
sniffing,35862,35861,35862,1
climbing,35912,35862,35912,50
sniffing,35946,35912,35946,34
rising,35969,35946,35969,23
climbing,36029,35969,36029,60
rearing,36030,36029,36030,1
walking,36070,36030,36070,40
sniffing,36142,36070,36142,72
rising,36191,36142,36191,49
sniffing,36192,36191,36192,1
stepping,36194,36192,36194,2
sniffing,36391,36194,36391,197
rising,36428,36391,36428,37
walking,36512,36428,36512,84
climbing,36513,36512,36513,1
running,36514,36513,36514,1
sniffing,36615,36514,36615,101
climbing,36648,36615,36648,33
rising,36659,36648,36659,11
sniffing,36693,36659,36693,34
running,36735,36693,36735,42
sniffing,36736,36735,36736,1
trotting,36751,36736,36751,15
sniffing,36791,36751,36791,40
walking,36824,36791,36824,33
sniffing,36869,36824,36869,45
rising,36935,36869,36935,66
climbing,37020,36935,37020,85
walking,37038,37020,37038,18
sniffing,37109,37038,37109,71
rising,37130,37109,37130,21
climbing,37182,37130,37182,52
rising,37204,37182,37204,22
sniffing,37284,37204,37284,80
rising,37323,37284,37323,39
climbing,37377,37323,37377,54
sniffing,37418,37377,37418,41
rearing,37467,37418,37467,49
rising,37551,37467,37551,84
climbing,37668,37551,37668,117
rising,37717,37668,37717,49
climbing,37741,37717,37741,24
sniffing,37799,37741,37799,58
rising,37890,37799,37890,91
walking,37955,37890,37955,65
climbing,38009,37955,38009,54
sniffing,38094,38009,38094,85
hunching,38112,38094,38112,18
grooming,38132,38112,38132,20
hunching,38175,38132,38175,43
climbing,38220,38175,38220,45
hunching,38289,38220,38289,69
sniffing,38290,38289,38290,1
walking,38393,38290,38393,103
rising,38479,38393,38479,86
walking,38495,38479,38495,16
rising,38496,38495,38496,1
climbing,38511,38496,38511,15
sniffing,38550,38511,38550,39
rising,38578,38550,38578,28
sniffing,38798,38578,38798,220
left_turning,38823,38798,38823,25
sniffing,38824,38823,38824,1
walking,38838,38824,38838,14
rising,38839,38838,38839,1
running,38840,38839,38840,1
walking,38874,38840,38874,34
sniffing,38893,38874,38893,19
climbing,38986,38893,38986,93
sniffing,39029,38986,39029,43
left_turning,39091,39029,39091,62
sniffing,39213,39091,39213,122
walking,39218,39213,39218,5
trotting,39220,39218,39220,2
left_turning,39255,39220,39255,35
sniffing,39427,39255,39427,172
walking,39466,39427,39466,39
sniffing,39516,39466,39516,50
left_turning,39517,39516,39517,1
trotting,39555,39517,39555,38
sniffing,39592,39555,39592,37
climbing,39655,39592,39655,63
trotting,39668,39655,39668,13
rising,39695,39668,39695,27
rearing,39729,39695,39729,34
grooming,39896,39729,39896,167
hunching,39917,39896,39917,21
rising,40001,39917,40001,84
climbing,40036,40001,40036,35
trotting,40054,40036,40054,18
sniffing,40104,40054,40104,50
left_turning,40176,40104,40176,72
walking,40197,40176,40197,21
trotting,40228,40197,40228,31
stepping,40257,40228,40257,29
sniffing,40386,40257,40386,129
rising,40387,40386,40387,1
climbing,40403,40387,40403,16
rising,40432,40403,40432,29
stepping,40478,40432,40478,46
sniffing,40533,40478,40533,55
hunching,40534,40533,40534,1
grooming,40609,40534,40609,75
left_turning,40664,40609,40664,55
sniffing,40840,40664,40840,176
walking,40851,40840,40851,11
sniffing,40971,40851,40971,120
pausing,41118,40971,41118,147
sniffing,41174,41118,41174,56
walking,41233,41174,41233,59
sniffing,41373,41233,41373,140
climbing,41583,41373,41583,210
rising,41700,41583,41700,117
rearing,41701,41700,41701,1
grooming,41769,41701,41769,68
sniffing,41770,41769,41770,1
right_turning,41790,41770,41790,20
trotting,41811,41790,41811,21
walking,41923,41811,41923,112
sniffing,41972,41923,41972,49
rising,41988,41972,41988,16
sniffing,42054,41988,42054,66
rising,42055,42054,42055,1
walking,42162,42055,42162,107
sniffing,42163,42162,42163,1
rising,42184,42163,42184,21
sniffing,42299,42184,42299,115
walking,42455,42299,42455,156
climbing,42496,42455,42496,41
right_turning,42512,42496,42512,16
walking,42559,42512,42559,47
rearing,42588,42559,42588,29
hunching,42613,42588,42613,25
grooming,42614,42613,42614,1
rearing,42665,42614,42665,51
sniffing,42784,42665,42784,119
pausing,42860,42784,42860,76
sniffing,42861,42860,42861,1
trotting,42905,42861,42905,44
walking,42931,42905,42931,26
rising,42986,42931,42986,55
hunching,43007,42986,43007,21
rearing,43053,43007,43053,46
grooming,43071,43053,43071,18
left_turning,43090,43071,43090,19
sniffing,43095,43090,43095,5
rising,43136,43095,43136,41
sniffing,43142,43136,43142,6
rising,43161,43142,43161,19
sniffing,43244,43161,43244,83
trotting,43264,43244,43264,20
rising,43294,43264,43294,30
climbing,43436,43294,43436,142
sniffing,43489,43436,43489,53
rising,43493,43489,43493,4
sniffing,43550,43493,43550,57
right_turning,43551,43550,43551,1
running,43558,43551,43558,7
stepping,43559,43558,43559,1
sniffing,43602,43559,43602,43
rearing,43722,43602,43722,120
walking,43747,43722,43747,25
rising,43816,43747,43816,69
right_turning,43831,43816,43831,15
running,43856,43831,43856,25
stepping,43901,43856,43901,45
sniffing,43920,43901,43920,19
rising,44034,43920,44034,114
sniffing,44035,44034,44035,1
left_turning,44054,44035,44054,19
trotting,44106,44054,44106,52
sniffing,44182,44106,44182,76
stepping,44212,44182,44212,30
climbing,44264,44212,44264,52
right_turning,44299,44264,44299,35
walking,44362,44299,44362,63
sniffing,44534,44362,44534,172
left_turning,44607,44534,44607,73
sniffing,44727,44607,44727,120
walking,44787,44727,44787,60
sniffing,44832,44787,44832,45
left_turning,44857,44832,44857,25
rising,44928,44857,44928,71
walking,44978,44928,44978,50
sniffing,44979,44978,44979,1
walking,45044,44979,45044,65
sniffing,45098,45044,45098,54
walking,45123,45098,45123,25
climbing,45124,45123,45124,1
walking,45216,45124,45216,92
sniffing,45369,45216,45369,153
climbing,45370,45369,45370,1
sniffing,45389,45370,45389,19
hunching,45454,45389,45454,65
rising,45528,45454,45528,74
grooming,45529,45528,45529,1
sniffing,45587,45529,45587,58
walking,45611,45587,45611,24
sniffing,45792,45611,45792,181
walking,45875,45792,45875,83
sniffing,45923,45875,45923,48
right_turning,45974,45923,45974,51
sniffing,46028,45974,46028,54
trotting,46036,46028,46036,8
sniffing,46088,46036,46088,52
trotting,46127,46088,46127,39
climbing,46206,46127,46206,79
sniffing,46252,46206,46252,46
climbing,46292,46252,46292,40
walking,46327,46292,46327,35
sniffing,46395,46327,46395,68
rising,46407,46395,46407,12
climbing,46526,46407,46526,119
rising,46604,46526,46604,78
sniffing,46605,46604,46605,1
trotting,46634,46605,46634,29
right_turning,46683,46634,46683,49
sniffing,46758,46683,46758,75
left_turning,46793,46758,46793,35
trotting,46794,46793,46794,1
left_turning,46795,46794,46795,1
sniffing,46887,46795,46887,92
walking,46896,46887,46896,9
climbing,46943,46896,46943,47
rearing,47057,46943,47057,114
grooming,47536,47057,47536,479
rearing,47610,47536,47610,74
climbing,47661,47610,47661,51
trotting,47685,47661,47685,24
sniffing,47697,47685,47697,12
climbing,47763,47697,47763,66
trotting,47775,47763,47775,12
walking,47846,47775,47846,71
climbing,47907,47846,47907,61
right_turning,47915,47907,47915,8
trotting,47946,47915,47946,31
rising,48007,47946,48007,61
trotting,48055,48007,48055,48
walking,48110,48055,48110,55
trotting,48138,48110,48138,28
sniffing,48256,48138,48256,118
rearing,48271,48256,48271,15
left_turning,48326,48271,48326,55
walking,48337,48326,48337,11
right_turning,48338,48337,48338,1
walking,48521,48338,48521,183
left_turning,48558,48521,48558,37
walking,48593,48558,48593,35
left_turning,48640,48593,48640,47
walking,48718,48640,48718,78
sniffing,48719,48718,48719,1
walking,48728,48719,48728,9
sniffing,48749,48728,48749,21
stepping,48801,48749,48801,52
rising,48848,48801,48848,47
stepping,48883,48848,48883,35
walking,48932,48883,48932,49
sniffing,48952,48932,48952,20
walking,48982,48952,48982,30
left_turning,49041,48982,49041,59
walking,49055,49041,49055,14
sniffing,49141,49055,49141,86
left_turning,49228,49141,49228,87
sniffing,49313,49228,49313,85
left_turning,49378,49313,49378,65
walking,49492,49378,49492,114
sniffing,49537,49492,49537,45
left_turning,49571,49537,49571,34
sniffing,49657,49571,49657,86
rising,49692,49657,49692,35
climbing,49784,49692,49784,92
sniffing,49847,49784,49847,63
grooming,49848,49847,49848,1
hunching,49865,49848,49865,17
climbing,49877,49865,49877,12
sniffing,49879,49877,49879,2
walking,49954,49879,49954,75
rising,50031,49954,50031,77
walking,50032,50031,50032,1
rising,50033,50032,50033,1
running,50047,50033,50047,14
sniffing,50099,50047,50099,52
stepping,50166,50099,50166,67
sniffing,50180,50166,50180,14
climbing,50280,50180,50280,100
hunching,50281,50280,50281,1
sniffing,50331,50281,50331,50
climbing,50511,50331,50511,180
hunching,50589,50511,50589,78
right_turning,50590,50589,50590,1
sniffing,50618,50590,50618,28
climbing,50714,50618,50714,96
rising,50775,50714,50775,61
climbing,50861,50775,50861,86
rising,50910,50861,50910,49
rearing,50994,50910,50994,84
walking,51025,50994,51025,31
sniffing,51072,51025,51072,47
trotting,51080,51072,51080,8
climbing,51150,51080,51150,70
grooming,51238,51150,51238,88
rising,51259,51238,51259,21
left_turning,51277,51259,51277,18
sniffing,51299,51277,51299,22
right_turning,51343,51299,51343,44
climbing,51413,51343,51413,70
grooming,51646,51413,51646,233
sniffing,51647,51646,51647,1
walking,51761,51647,51761,114
rising,51817,51761,51817,56
walking,51880,51817,51880,63
sniffing,51912,51880,51912,32
rising,51946,51912,51946,34
sniffing,52052,51946,52052,106
climbing,52169,52052,52169,117
walking,52211,52169,52211,42
trotting,52219,52211,52219,8
rising,52269,52219,52269,50
rearing,52475,52269,52475,206
rising,52496,52475,52496,21
rearing,52573,52496,52573,77
left_turning,52577,52573,52577,4
walking,52607,52577,52607,30
trotting,52623,52607,52623,16
sniffing,52657,52623,52657,34
left_turning,52678,52657,52678,21
walking,52733,52678,52733,55
sniffing,52734,52733,52734,1
walking,52793,52734,52793,59
trotting,52799,52793,52799,6
left_turning,52845,52799,52845,46
trotting,52876,52845,52876,31
stepping,52922,52876,52922,46
sniffing,53137,52922,53137,215
left_turning,53153,53137,53153,16
sniffing,53247,53153,53247,94
right_turning,53248,53247,53248,1
walking,53260,53248,53260,12
sniffing,53325,53260,53325,65
climbing,53367,53325,53367,42
rising,53386,53367,53386,19
climbing,53387,53386,53387,1
rearing,53412,53387,53412,25
grooming,53413,53412,53413,1
rearing,53429,53413,53429,16
left_turning,53485,53429,53485,56
walking,53557,53485,53557,72
sniffing,53633,53557,53633,76
rising,53638,53633,53638,5
climbing,53662,53638,53662,24
rising,53663,53662,53663,1
rearing,53664,53663,53664,1
climbing,53687,53664,53687,23
hunching,53694,53687,53694,7
climbing,53737,53694,53737,43
walking,53838,53737,53838,101
rising,53858,53838,53858,20
hunching,53966,53858,53966,108
climbing,54032,53966,54032,66
rising,54076,54032,54076,44
sniffing,54077,54076,54077,1
rising,54101,54077,54101,24
running,54134,54101,54134,33
walking,54146,54134,54146,12
left_turning,54175,54146,54175,29
sniffing,54198,54175,54198,23
rising,54258,54198,54258,60
sniffing,54259,54258,54259,1
rising,54315,54259,54315,56
hunching,54348,54315,54348,33
sniffing,54400,54348,54400,52
trotting,54401,54400,54401,1
sniffing,54402,54401,54402,1
left_turning,54403,54402,54403,1
rearing,54404,54403,54404,1
rising,54454,54404,54454,50
left_turning,54490,54454,54490,36
sniffing,54491,54490,54491,1
walking,54512,54491,54512,21
sniffing,54635,54512,54635,123
climbing,54705,54635,54705,70
grooming,54834,54705,54834,129
climbing,54935,54834,54935,101
rising,54959,54935,54959,24
sniffing,55095,54959,55095,136
rising,55133,55095,55133,38
right_turning,55195,55133,55195,62
rising,55268,55195,55268,73
rearing,55348,55268,55348,80
left_turning,55370,55348,55370,22
sniffing,55450,55370,55450,80
grooming,55635,55450,55635,185
rearing,55663,55635,55663,28
climbing,55718,55663,55718,55
sniffing,55719,55718,55719,1
right_turning,55737,55719,55737,18
rising,55758,55737,55758,21
climbing,55770,55758,55770,12
running,55803,55770,55803,33
walking,55825,55803,55825,22
rising,55826,55825,55826,1
walking,55859,55826,55859,33
sniffing,55860,55859,55860,1
rising,55880,55860,55880,20
sniffing,56311,55880,56311,431
climbing,56332,56311,56332,21
right_turning,56404,56332,56404,72
sniffing,56470,56404,56470,66
stepping,56527,56470,56527,57
walking,56583,56527,56583,56
left_turning,56645,56583,56645,62
sniffing,56734,56645,56734,89
rising,56736,56734,56736,2
rearing,56792,56736,56792,56
sniffing,56793,56792,56793,1
stepping,56832,56793,56832,39
sniffing,56849,56832,56849,17
rising,56891,56849,56891,42
rearing,56973,56891,56973,82
climbing,57002,56973,57002,29
rising,57032,57002,57032,30
climbing,57045,57032,57045,13
rearing,57102,57045,57102,57
climbing,57113,57102,57113,11
rising,57232,57113,57232,119
rearing,57369,57232,57369,137
sniffing,57412,57369,57412,43
left_turning,57468,57412,57468,56
rising,57557,57468,57557,89
hunching,57663,57557,57663,106
grooming,57664,57663,57664,1
right_turning,57674,57664,57674,10
left_turning,57698,57674,57698,24
stepping,57723,57698,57723,25
walking,57789,57723,57789,66
sniffing,57864,57789,57864,75
rearing,57898,57864,57898,34
grooming,57990,57898,57990,92
rising,57991,57990,57991,1
rearing,58110,57991,58110,119
rising,58180,58110,58180,70
climbing,58286,58180,58286,106
rearing,58287,58286,58287,1
left_turning,58315,58287,58315,28
sniffing,58329,58315,58329,14
rising,58410,58329,58410,81
rearing,58411,58410,58411,1
sniffing,58412,58411,58412,1
stepping,58456,58412,58456,44
sniffing,58469,58456,58469,13
rising,58470,58469,58470,1
rearing,58485,58470,58485,15
rising,58574,58485,58574,89
climbing,58615,58574,58615,41
rising,58732,58615,58732,117
walking,58817,58732,58817,85
sniffing,58912,58817,58912,95
right_turning,58951,58912,58951,39
sniffing,58952,58951,58952,1
rising,59022,58952,59022,70
sniffing,59115,59022,59115,93
walking,59116,59115,59116,1
sniffing,59156,59116,59156,40
walking,59202,59156,59202,46
left_turning,59245,59202,59245,43
sniffing,59290,59245,59290,45
rearing,59340,59290,59340,50
rising,59367,59340,59367,27
climbing,59465,59367,59465,98
trotting,59497,59465,59497,32
sniffing,59558,59497,59558,61
stepping,59569,59558,59569,11
rearing,59694,59569,59694,125
rising,59695,59694,59695,1
sniffing,59707,59695,59707,12
running,59729,59707,59729,22
sniffing,59803,59729,59803,74
left_turning,59836,59803,59836,33
sniffing,59858,59836,59858,22
left_turning,59904,59858,59904,46
sniffing,59906,59904,59906,2
climbing,59967,59906,59967,61
right_turning,60011,59967,60011,44
running,60045,60011,60045,34
sniffing,60046,60045,60046,1
rearing,60067,60046,60067,21
left_turning,60085,60067,60085,18
trotting,60140,60085,60140,55
sniffing,60181,60140,60181,41
left_turning,60212,60181,60212,31
walking,60214,60212,60214,2
stepping,60251,60214,60251,37
sniffing,60504,60251,60504,253
rising,60518,60504,60518,14
climbing,60539,60518,60539,21
rearing,60633,60539,60633,94
rising,60646,60633,60646,13
jumping,60717,60646,60717,71
walking,60718,60717,60718,1
sniffing,60732,60718,60732,14
right_turning,60771,60732,60771,39
climbing,60874,60771,60874,103
walking,60892,60874,60892,18
rising,60936,60892,60936,44
right_turning,60944,60936,60944,8
walking,60945,60944,60945,1
rising,61020,60945,61020,75
sniffing,61127,61020,61127,107
walking,61168,61127,61168,41
sniffing,61216,61168,61216,48
walking,61249,61216,61249,33
sniffing,61265,61249,61265,16
climbing,61379,61265,61379,114
rising,61389,61379,61389,10
left_turning,61413,61389,61413,24
walking,61465,61413,61465,52
sniffing,61579,61465,61579,114
right_turning,61588,61579,61588,9
walking,61614,61588,61614,26
sniffing,61617,61614,61617,3
rising,61618,61617,61618,1
stepping,61659,61618,61659,41
sniffing,61739,61659,61739,80
rising,61768,61739,61768,29
rearing,61784,61768,61784,16
walking,61812,61784,61812,28
right_turning,61820,61812,61820,8
trotting,61843,61820,61843,23
walking,61912,61843,61912,69
rising,61961,61912,61961,49
sniffing,62004,61961,62004,43
stepping,62031,62004,62031,27
sniffing,62176,62031,62176,145
left_turning,62219,62176,62219,43
trotting,62242,62219,62242,23
sniffing,62316,62242,62316,74
climbing,62383,62316,62383,67
rearing,62415,62383,62415,32
climbing,62534,62415,62534,119
rising,62590,62534,62590,56
climbing,62654,62590,62654,64
left_turning,62655,62654,62655,1
sniffing,62656,62655,62656,1
right_turning,62688,62656,62688,32
left_turning,62689,62688,62689,1
sniffing,62796,62689,62796,107
stepping,62797,62796,62797,1
sniffing,63023,62797,63023,226
left_turning,63066,63023,63066,43
sniffing,63122,63066,63122,56
grooming,63250,63122,63250,128
sniffing,63342,63250,63342,92
hunching,63400,63342,63400,58
sniffing,63529,63400,63529,129
climbing,63552,63529,63552,23
walking,63615,63552,63615,63
sniffing,63651,63615,63651,36
walking,63670,63651,63670,19
sniffing,63714,63670,63714,44
rising,63796,63714,63796,82
sniffing,63881,63796,63881,85
left_turning,63926,63881,63926,45
rising,63942,63926,63942,16
climbing,64058,63942,64058,116
walking,64153,64058,64153,95
sniffing,64429,64153,64429,276
rising,64430,64429,64430,1
left_turning,64467,64430,64467,37
rising,64518,64467,64518,51
right_turning,64595,64518,64595,77
left_turning,64639,64595,64639,44
rising,64680,64639,64680,41
sniffing,64760,64680,64760,80
rearing,64813,64760,64813,53
sniffing,64891,64813,64891,78
left_turning,64934,64891,64934,43
rising,64935,64934,64935,1
climbing,64977,64935,64977,42
walking,64994,64977,64994,17
sniffing,65029,64994,65029,35
left_turning,65037,65029,65037,8
stepping,65075,65037,65075,38
climbing,65076,65075,65076,1
sniffing,65077,65076,65077,1
left_turning,65100,65077,65100,23
sniffing,65101,65100,65101,1
walking,65182,65101,65182,81
sniffing,65183,65182,65183,1
right_turning,65231,65183,65231,48
running,65252,65231,65252,21
rising,65268,65252,65268,16
climbing,65358,65268,65358,90
hunching,65366,65358,65366,8
rearing,65405,65366,65405,39
sniffing,65422,65405,65422,17
rising,65435,65422,65435,13
climbing,65506,65435,65506,71
hunching,65507,65506,65507,1
climbing,65560,65507,65560,53
trotting,65586,65560,65586,26
sniffing,65741,65586,65741,155
right_turning,65742,65741,65742,1
walking,65807,65742,65807,65
sniffing,65901,65807,65901,94
left_turning,65944,65901,65944,43
trotting,65967,65944,65967,23
sniffing,66034,65967,66034,67
rising,66051,66034,66051,17
left_turning,66079,66051,66079,28
climbing,66205,66079,66205,126
trotting,66206,66205,66206,1
climbing,66257,66206,66257,51
rearing,66316,66257,66316,59
grooming,66390,66316,66390,74
rearing,66391,66390,66391,1
grooming,66738,66391,66738,347
climbing,66739,66738,66739,1
grooming,66740,66739,66740,1
sniffing,66779,66740,66779,39
walking,66780,66779,66780,1
rearing,66839,66780,66839,59
rising,66861,66839,66861,22
walking,66904,66861,66904,43
sniffing,66948,66904,66948,44
right_turning,66963,66948,66963,15
sniffing,66964,66963,66964,1
left_turning,67026,66964,67026,62
sniffing,67029,67026,67029,3
right_turning,67102,67029,67102,73
stepping,67137,67102,67137,35
sniffing,67162,67137,67162,25
left_turning,67211,67162,67211,49
sniffing,67212,67211,67212,1
climbing,67265,67212,67265,53
grooming,67266,67265,67266,1
hunching,67303,67266,67303,37
grooming,67304,67303,67304,1
sniffing,67471,67304,67471,167
climbing,67517,67471,67517,46
rising,67518,67517,67518,1
stepping,67554,67518,67554,36
sniffing,67635,67554,67635,81
grooming,67636,67635,67636,1
rearing,67718,67636,67718,82
hunching,67776,67718,67776,58
sniffing,67850,67776,67850,74
left_turning,67869,67850,67869,19
walking,67888,67869,67888,19
rearing,67938,67888,67938,50
stepping,68034,67938,68034,96
sniffing,68044,68034,68044,10
rearing,68132,68044,68132,88
left_turning,68161,68132,68161,29
sniffing,68275,68161,68275,114
grooming,68276,68275,68276,1
left_turning,68283,68276,68283,7
trotting,68327,68283,68327,44
walking,68353,68327,68353,26
sniffing,68464,68353,68464,111
rising,68575,68464,68575,111
climbing,68781,68575,68781,206
sniffing,68871,68781,68871,90
rising,68872,68871,68872,1
left_turning,68910,68872,68910,38
walking,68931,68910,68931,21
trotting,68945,68931,68945,14
sniffing,69060,68945,69060,115
walking,69105,69060,69105,45
sniffing,69124,69105,69124,19
stepping,69148,69124,69148,24
grooming,69149,69148,69149,1
rearing,69150,69149,69150,1
sniffing,69151,69150,69151,1
walking,69152,69151,69152,1
stepping,69154,69152,69154,2
rearing,69167,69154,69167,13
grooming,69168,69167,69168,1
rearing,69169,69168,69169,1
rising,69170,69169,69170,1
sniffing,69176,69170,69176,6
rearing,69308,69176,69308,132
sniffing,69439,69308,69439,131
rising,69440,69439,69440,1
sniffing,69532,69440,69532,92
climbing,69533,69532,69533,1
hunching,69602,69533,69602,69
trotting,69649,69602,69649,47
walking,69685,69649,69685,36
sniffing,69709,69685,69709,24
stepping,69721,69709,69721,12
sniffing,69750,69721,69750,29
walking,69775,69750,69775,25
sniffing,69776,69775,69776,1
rising,69818,69776,69818,42
climbing,69873,69818,69873,55
hunching,69946,69873,69946,73
walking,69955,69946,69955,9
sniffing,69978,69955,69978,23
walking,70001,69978,70001,23
sniffing,70083,70001,70083,82
left_turning,70092,70083,70092,9
sniffing,70148,70092,70148,56
right_turning,70152,70148,70152,4
walking,70176,70152,70176,24
sniffing,70271,70176,70271,95
left_turning,70335,70271,70335,64
sniffing,70371,70335,70371,36
walking,70413,70371,70413,42
sniffing,70532,70413,70532,119
right_turning,70564,70532,70564,32
walking,70590,70564,70590,26
left_turning,70592,70590,70592,2
rising,70678,70592,70678,86
climbing,70755,70678,70755,77
right_turning,70764,70755,70764,9
trotting,70775,70764,70775,11
climbing,70965,70775,70965,190
rising,70981,70965,70981,16
running,71008,70981,71008,27
walking,71079,71008,71079,71
rising,71121,71079,71121,42
rearing,71122,71121,71122,1
sniffing,71177,71122,71177,55
left_turning,71218,71177,71218,41
sniffing,71219,71218,71219,1
rising,71308,71219,71308,89
right_turning,71357,71308,71357,49
sniffing,71363,71357,71363,6
stepping,71405,71363,71405,42
sniffing,71421,71405,71421,16
stepping,71422,71421,71422,1
rising,71449,71422,71449,27
grooming,71450,71449,71450,1
left_turning,71457,71450,71457,7
walking,71470,71457,71470,13
sniffing,71495,71470,71495,25
rising,71530,71495,71530,35
climbing,71638,71530,71638,108
walking,71700,71638,71700,62
trotting,71750,71700,71750,50
walking,71756,71750,71756,6
sniffing,71922,71756,71922,166
rising,71923,71922,71923,1
sniffing,72020,71923,72020,97
hunching,72021,72020,72021,1
sniffing,72022,72021,72022,1
left_turning,72047,72022,72047,25
sniffing,72072,72047,72072,25
hunching,72198,72072,72198,126
sniffing,72199,72198,72199,1
left_turning,72217,72199,72217,18
rising,72254,72217,72254,37
climbing,72260,72254,72260,6
hunching,72327,72260,72327,67
rising,72415,72327,72415,88
sniffing,72416,72415,72416,1
left_turning,72455,72416,72455,39
sniffing,72466,72455,72466,11
stepping,72485,72466,72485,19
sniffing,72547,72485,72547,62
grooming,73035,72547,73035,488
climbing,73036,73035,73036,1
sniffing,73072,73036,73072,36
pausing,73347,73072,73347,275
sniffing,73512,73347,73512,165
climbing,73558,73512,73558,46
walking,73616,73558,73616,58
rising,73617,73616,73617,1
left_turning,73681,73617,73681,64
sniffing,73815,73681,73815,134
walking,73909,73815,73909,94
rising,74048,73909,74048,139
climbing,74132,74048,74132,84
grooming,74231,74132,74231,99
sniffing,74330,74231,74330,99
right_turning,74358,74330,74358,28
walking,74376,74358,74376,18
climbing,74541,74376,74541,165
rising,74542,74541,74542,1
climbing,74605,74542,74605,63
rearing,74685,74605,74685,80
left_turning,74740,74685,74740,55
sniffing,74831,74740,74831,91
climbing,74868,74831,74868,37
right_turning,74927,74868,74927,59
jumping,74941,74927,74941,14
sniffing,75024,74941,75024,83
rising,75025,75024,75025,1
sniffing,75167,75025,75167,142
left_turning,75263,75167,75263,96
sniffing,75315,75263,75315,52
rising,75316,75315,75316,1
sniffing,75317,75316,75317,1
rising,75358,75317,75358,41
sniffing,75475,75358,75475,117
left_turning,75504,75475,75504,29
walking,75549,75504,75549,45
rising,75579,75549,75579,30
sniffing,75662,75579,75662,83
walking,75667,75662,75667,5
sniffing,75794,75667,75794,127
grooming,76183,75794,76183,389
rearing,76217,76183,76217,34
running,76253,76217,76253,36
trotting,76287,76253,76287,34
rising,76298,76287,76298,11
walking,76377,76298,76377,79
rising,76403,76377,76403,26
sniffing,76404,76403,76404,1
right_turning,76445,76404,76445,41
walking,76446,76445,76446,1
right_turning,76453,76446,76453,7
walking,76505,76453,76505,52
climbing,76510,76505,76510,5
trotting,76525,76510,76525,15
rising,76526,76525,76526,1
sniffing,76637,76526,76637,111
rising,76706,76637,76706,69
climbing,76810,76706,76810,104
rising,76842,76810,76842,32
sniffing,76931,76842,76931,89
walking,76979,76931,76979,48
climbing,77076,76979,77076,97
right_turning,77104,77076,77104,28
trotting,77125,77104,77125,21
rearing,77133,77125,77133,8
climbing,77296,77133,77296,163
trotting,77336,77296,77336,40
sniffing,77409,77336,77409,73
walking,77449,77409,77449,40
sniffing,77550,77449,77550,101
rising,77551,77550,77551,1
climbing,77607,77551,77607,56
rising,77629,77607,77629,22
right_turning,77706,77629,77706,77
running,77717,77706,77717,11
sniffing,77797,77717,77797,80
walking,77823,77797,77823,26
climbing,77855,77823,77855,32
rising,77911,77855,77911,56
sniffing,77942,77911,77942,31
climbing,78086,77942,78086,144
rising,78106,78086,78106,20
walking,78148,78106,78148,42
trotting,78167,78148,78167,19
walking,78262,78167,78262,95
rising,78314,78262,78314,52
sniffing,78411,78314,78411,97
left_turning,78458,78411,78458,47
trotting,78504,78458,78504,46
walking,78512,78504,78512,8
rearing,78585,78512,78585,73
climbing,78615,78585,78615,30
rearing,78640,78615,78640,25
hunching,78641,78640,78641,1
climbing,78717,78641,78717,76
sniffing,78730,78717,78730,13
climbing,78738,78730,78738,8
walking,78821,78738,78821,83
stepping,78822,78821,78822,1
sniffing,79001,78822,79001,179
walking,79014,79001,79014,13
left_turning,79029,79014,79029,15
climbing,79097,79029,79097,68
trotting,79151,79097,79151,54
walking,79178,79151,79178,27
sniffing,79221,79178,79221,43
left_turning,79245,79221,79245,24
trotting,79320,79245,79320,75
sniffing,79386,79320,79386,66
pausing,79536,79386,79536,150
left_turning,79587,79536,79587,51
sniffing,79644,79587,79644,57
rising,79658,79644,79658,14
climbing,79773,79658,79773,115
walking,79819,79773,79819,46
left_turning,79820,79819,79820,1
trotting,79854,79820,79854,34
climbing,79890,79854,79890,36
right_turning,79920,79890,79920,30
walking,79951,79920,79951,31
right_turning,79980,79951,79980,29
running,80025,79980,80025,45
left_turning,80048,80025,80048,23
walking,80075,80048,80075,27
running,80101,80075,80101,26
trotting,80130,80101,80130,29
stepping,80143,80130,80143,13
walking,80186,80143,80186,43
sniffing,80362,80186,80362,176
climbing,80475,80362,80475,113
rising,80484,80475,80484,9
sniffing,80717,80484,80717,233
hunching,80718,80717,80718,1
right_turning,80746,80718,80746,28
sniffing,80770,80746,80770,24
right_turning,80830,80770,80830,60
sniffing,80915,80830,80915,85
rising,80941,80915,80941,26
climbing,80948,80941,80948,7
walking,81007,80948,81007,59
trotting,81045,81007,81045,38
walking,81084,81045,81084,39
rearing,81102,81084,81102,18
rising,81152,81102,81152,50
sniffing,81394,81152,81394,242
walking,81425,81394,81425,31
sniffing,81439,81425,81439,14
walking,81471,81439,81471,32
rising,81472,81471,81472,1
sniffing,81497,81472,81497,25
walking,81550,81497,81550,53
rearing,81594,81550,81594,44
sniffing,81795,81594,81795,201
right_turning,81811,81795,81811,16
walking,81826,81811,81826,15
sniffing,81827,81826,81827,1
left_turning,81866,81827,81866,39
sniffing,82011,81866,82011,145
rising,82047,82011,82047,36
climbing,82199,82047,82199,152
grooming,83000,82199,83000,801
rearing,83055,83000,83055,55
left_turning,83123,83055,83123,68
walking,83184,83123,83184,61
right_turning,83212,83184,83212,28
walking,83294,83212,83294,82
rising,83310,83294,83310,16
rearing,83361,83310,83361,51
sniffing,83438,83361,83438,77
stepping,83485,83438,83485,47
rising,83539,83485,83539,54
stepping,83598,83539,83598,59
rising,83681,83598,83681,83
rearing,83749,83681,83749,68
grooming,83872,83749,83872,123
hunching,83947,83872,83947,75
grooming,84140,83947,84140,193
climbing,84214,84140,84214,74
trotting,84233,84214,84233,19
sniffing,84351,84233,84351,118
walking,84352,84351,84352,1
rising,84405,84352,84405,53
sniffing,84406,84405,84406,1
right_turning,84430,84406,84430,24
walking,84507,84430,84507,77
climbing,84509,84507,84509,2
sniffing,84510,84509,84510,1
pausing,84728,84510,84728,218
sniffing,84804,84728,84804,76
trotting,84824,84804,84824,20
sniffing,84884,84824,84884,60
grooming,85229,84884,85229,345
rearing,85297,85229,85297,68
right_turning,85298,85297,85298,1
walking,85387,85298,85387,89
sniffing,85585,85387,85585,198
left_turning,85645,85585,85645,60
sniffing,85655,85645,85655,10
stepping,85684,85655,85684,29
sniffing,85770,85684,85770,86
stepping,85775,85770,85775,5
sniffing,85841,85775,85841,66
walking,85886,85841,85886,45
stepping,85937,85886,85937,51
rising,85962,85937,85962,25
sniffing,85963,85962,85963,1
climbing,86055,85963,86055,92
sniffing,86056,86055,86056,1
left_turning,86124,86056,86124,68
sniffing,86295,86124,86295,171
rearing,86305,86295,86305,10
sniffing,86321,86305,86321,16
right_turning,86343,86321,86343,22
trotting,86387,86343,86387,44
walking,86457,86387,86457,70
sniffing,86484,86457,86484,27
left_turning,86485,86484,86485,1
trotting,86506,86485,86506,21
rising,86520,86506,86520,14
climbing,86521,86520,86521,1
sniffing,86662,86521,86662,141
climbing,86715,86662,86715,53
rearing,86716,86715,86716,1
sniffing,86781,86716,86781,65
walking,86847,86781,86847,66
sniffing,86902,86847,86902,55
left_turning,86933,86902,86933,31
sniffing,87004,86933,87004,71
climbing,87022,87004,87022,18
sniffing,87112,87022,87112,90
climbing,87124,87112,87124,12
sniffing,87147,87124,87147,23
walking,87183,87147,87183,36
rising,87196,87183,87196,13
left_turning,87219,87196,87219,23
sniffing,87220,87219,87220,1
stepping,87251,87220,87251,31
sniffing,87328,87251,87328,77
climbing,87346,87328,87346,18
rising,87406,87346,87406,60
left_turning,87446,87406,87446,40
rising,87470,87446,87470,24
climbing,87491,87470,87491,21
grooming,87782,87491,87782,291
climbing,87826,87782,87826,44
rising,87850,87826,87850,24
rearing,87877,87850,87877,27
sniffing,87939,87877,87939,62
rising,87975,87939,87975,36
climbing,88059,87975,88059,84
rising,88086,88059,88086,27
climbing,88187,88086,88187,101
hunching,88203,88187,88203,16
right_turning,88204,88203,88204,1
stepping,88224,88204,88224,20
rearing,88322,88224,88322,98
sniffing,88387,88322,88387,65
right_turning,88411,88387,88411,24
trotting,88476,88411,88476,65
running,88494,88476,88494,18
walking,88495,88494,88495,1
rising,88496,88495,88496,1
walking,88499,88496,88499,3
sniffing,88627,88499,88627,128
grooming,88755,88627,88755,128
running,88783,88755,88783,28
sniffing,88870,88783,88870,87
hunching,88871,88870,88871,1
climbing,88919,88871,88919,48
sniffing,89010,88919,89010,91
rising,89011,89010,89011,1
left_turning,89059,89011,89059,48
stepping,89069,89059,89069,10
climbing,89080,89069,89080,11
right_turning,89099,89080,89099,19
walking,89106,89099,89106,7
right_turning,89107,89106,89107,1
walking,89123,89107,89123,16
sniffing,89423,89123,89423,300
walking,89475,89423,89475,52
sniffing,89490,89475,89490,15
left_turning,89545,89490,89545,55
sniffing,89733,89545,89733,188
hunching,89749,89733,89749,16
rising,89899,89749,89899,150
climbing,90085,89899,90085,186
sniffing,90089,90085,90089,4
pausing,90252,90089,90252,163
sniffing,90396,90252,90396,144
trotting,90429,90396,90429,33
running,90463,90429,90463,34
rising,90498,90463,90498,35
climbing,90606,90498,90606,108
rearing,90607,90606,90607,1
sniffing,90630,90607,90630,23
rising,90631,90630,90631,1
sniffing,90632,90631,90632,1
pausing,90830,90632,90830,198
right_turning,90865,90830,90865,35
climbing,90886,90865,90886,21
rising,90887,90886,90887,1
sniffing,91102,90887,91102,215
left_turning,91168,91102,91168,66
walking,91238,91168,91238,70
left_turning,91252,91238,91252,14
stepping,91334,91252,91334,82
rising,91339,91334,91339,5
sniffing,91340,91339,91340,1
left_turning,91396,91340,91396,56
walking,91431,91396,91431,35
sniffing,91505,91431,91505,74
walking,91537,91505,91537,32
climbing,91744,91537,91744,207
sniffing,91745,91744,91745,1
walking,91778,91745,91778,33
rearing,91871,91778,91871,93
sniffing,91984,91871,91984,113
hunching,92001,91984,92001,17
grooming,92002,92001,92002,1
rising,92003,92002,92003,1
grooming,92199,92003,92199,196
rising,92303,92199,92303,104
stepping,92308,92303,92308,5
walking,92366,92308,92366,58
sniffing,92392,92366,92392,26
rearing,92393,92392,92393,1
rising,92436,92393,92436,43
hunching,92488,92436,92488,52
sniffing,92575,92488,92575,87
walking,92600,92575,92600,25
rearing,92676,92600,92676,76
climbing,92678,92676,92678,2
walking,92706,92678,92706,28
rearing,92787,92706,92787,81
rising,92815,92787,92815,28
sniffing,92861,92815,92861,46
rising,92893,92861,92893,32
rearing,93017,92893,93017,124
walking,93111,93017,93111,94
left_turning,93169,93111,93169,58
walking,93205,93169,93205,36
rising,93241,93205,93241,36
sniffing,93312,93241,93312,71
climbing,93462,93312,93462,150
sniffing,93479,93462,93479,17
climbing,93523,93479,93523,44
rearing,93546,93523,93546,23
rising,93620,93546,93620,74
rearing,93655,93620,93655,35
rising,93723,93655,93723,68
climbing,93816,93723,93816,93
running,93842,93816,93842,26
rearing,93858,93842,93858,16
hunching,93863,93858,93863,5
right_turning,93883,93863,93883,20
left_turning,93964,93883,93964,81
rearing,94049,93964,94049,85
rising,94103,94049,94103,54
sniffing,94104,94103,94104,1
pausing,94235,94104,94235,131
left_turning,94279,94235,94279,44
trotting,94296,94279,94296,17
rising,94297,94296,94297,1
climbing,94457,94297,94457,160
sniffing,94631,94457,94631,174
walking,94708,94631,94708,77
sniffing,94813,94708,94813,105
rising,94841,94813,94841,28
sniffing,94842,94841,94842,1
climbing,94907,94842,94907,65
rearing,94980,94907,94980,73
rising,95158,94980,95158,178
climbing,95202,95158,95202,44
rearing,95266,95202,95266,64
climbing,95282,95266,95282,16
sniffing,95347,95282,95347,65
rising,95355,95347,95355,8
sniffing,95429,95355,95429,74
rising,95510,95429,95510,81
sniffing,95654,95510,95654,144
rising,95804,95654,95804,150
rearing,95879,95804,95879,75
climbing,95997,95879,95997,118
running,96040,95997,96040,43
walking,96127,96040,96127,87
rising,96169,96127,96169,42
rearing,96198,96169,96198,29
climbing,96280,96198,96280,82
rearing,96388,96280,96388,108
walking,96489,96388,96489,101
right_turning,96490,96489,96490,1
left_turning,96508,96490,96508,18
rising,96553,96508,96553,45
climbing,96604,96553,96604,51
rearing,96688,96604,96688,84
climbing,96713,96688,96713,25
sniffing,96714,96713,96714,1
rearing,96790,96714,96790,76
climbing,96885,96790,96885,95
right_turning,96907,96885,96907,22
trotting,96927,96907,96927,20
sniffing,97092,96927,97092,165
rearing,97150,97092,97150,58
rising,97159,97150,97159,9
sniffing,97265,97159,97265,106
rising,97340,97265,97340,75
climbing,97451,97340,97451,111
rising,97577,97451,97577,126
climbing,97633,97577,97633,56
rearing,97634,97633,97634,1
rising,97689,97634,97689,55
right_turning,97707,97689,97707,18
running,97740,97707,97740,33
rising,97852,97740,97852,112
rearing,97853,97852,97853,1
walking,97916,97853,97916,63
sniffing,97917,97916,97917,1
left_turning,97956,97917,97956,39
walking,98013,97956,98013,57
sniffing,98036,98013,98036,23
walking,98072,98036,98072,36
grooming,98122,98072,98122,50
sniffing,98211,98122,98211,89
walking,98268,98211,98268,57
rising,98276,98268,98276,8
walking,98320,98276,98320,44
rising,98390,98320,98390,70
climbing,98432,98390,98432,42
rising,98436,98432,98436,4
climbing,98506,98436,98506,70
rising,98510,98506,98510,4
hunching,98607,98510,98607,97
rearing,98645,98607,98645,38
climbing,98675,98645,98675,30
rearing,98697,98675,98697,22
rising,98727,98697,98727,30
climbing,98743,98727,98743,16
walking,98781,98743,98781,38
trotting,98819,98781,98819,38
sniffing,98820,98819,98820,1
rising,98849,98820,98849,29
walking,98914,98849,98914,65
sniffing,99071,98914,99071,157
right_turning,99111,99071,99111,40
running,99133,99111,99133,22
trotting,99207,99133,99207,74
left_turning,99261,99207,99261,54
walking,99279,99261,99279,18
sniffing,99319,99279,99319,40
pausing,99480,99319,99480,161
sniffing,99533,99480,99533,53
rising,99584,99533,99584,51
walking,99601,99584,99601,17
left_turning,99605,99601,99605,4
walking,99694,99605,99694,89
rearing,99791,99694,99791,97
rising,99924,99791,99924,133
hunching,99948,99924,99948,24
rearing,100031,99948,100031,83
right_turning,100051,100031,100051,20
rising,100135,100051,100135,84
rearing,100223,100135,100223,88
walking,100255,100223,100255,32
sniffing,100256,100255,100256,1
stepping,100320,100256,100320,64
rising,100377,100320,100377,57
climbing,100669,100377,100669,292
rearing,100683,100669,100683,14
rising,100733,100683,100733,50
walking,100734,100733,100734,1
climbing,100888,100734,100888,154
walking,100938,100888,100938,50
right_turning,100980,100938,100980,42
hunching,101029,100980,101029,49
climbing,101188,101029,101188,159
rising,101292,101188,101292,104
hunching,101322,101292,101322,30
rising,101323,101322,101323,1
sniffing,101389,101323,101389,66
rising,101390,101389,101390,1
climbing,101393,101390,101393,3
rearing,101394,101393,101394,1
grooming,101583,101394,101583,189
walking,101598,101583,101598,15
trotting,101636,101598,101636,38
rising,101660,101636,101660,24
sniffing,101774,101660,101774,114
climbing,101922,101774,101922,148
sniffing,101965,101922,101965,43
trotting,101969,101965,101969,4
left_turning,102030,101969,102030,61
running,102075,102030,102075,45
walking,102098,102075,102098,23
rising,102182,102098,102182,84
climbing,102266,102182,102266,84
sniffing,102294,102266,102294,28
rearing,102295,102294,102295,1
sniffing,102300,102295,102300,5
rising,102365,102300,102365,65
climbing,102402,102365,102402,37
sniffing,102446,102402,102446,44
left_turning,102463,102446,102463,17
sniffing,102469,102463,102469,6
hunching,102499,102469,102499,30
grooming,102500,102499,102500,1
rearing,102561,102500,102561,61
grooming,102573,102561,102573,12
rearing,102606,102573,102606,33
sniffing,102633,102606,102633,27
climbing,102873,102633,102873,240
rearing,102874,102873,102874,1
right_turning,102898,102874,102898,24
rising,102899,102898,102899,1
sniffing,103025,102899,103025,126
grooming,103067,103025,103067,42
sniffing,103143,103067,103143,76
rising,103144,103143,103144,1
climbing,103228,103144,103228,84
rising,103230,103228,103230,2
sniffing,103287,103230,103287,57
right_turning,103290,103287,103290,3
sniffing,103337,103290,103337,47
walking,103424,103337,103424,87
stepping,103458,103424,103458,34
climbing,103459,103458,103459,1
rising,103463,103459,103463,4
climbing,103505,103463,103505,42
sniffing,103646,103505,103646,141
stepping,103647,103646,103647,1
sniffing,103945,103647,103945,298
climbing,104015,103945,104015,70
walking,104084,104015,104084,69
sniffing,104120,104084,104120,36
left_turning,104253,104120,104253,133
walking,104259,104253,104259,6
rising,104260,104259,104260,1
hunching,104261,104260,104261,1
sniffing,104285,104261,104285,24
pausing,104286,104285,104286,1
sniffing,104287,104286,104287,1
left_turning,104299,104287,104299,12
climbing,104419,104299,104419,120
trotting,104481,104419,104481,62
left_turning,104482,104481,104482,1
trotting,104501,104482,104501,19
sniffing,104551,104501,104551,50
pausing,104552,104551,104552,1
sniffing,104614,104552,104614,62
rising,104615,104614,104615,1
climbing,104672,104615,104672,57
rearing,104716,104672,104716,44
sniffing,104725,104716,104725,9
pausing,105165,104725,105165,440
sniffing,105330,105165,105330,165
rising,105420,105330,105420,90
sniffing,105578,105420,105578,158
rising,105672,105578,105672,94
climbing,105715,105672,105715,43
walking,105734,105715,105734,19
rising,105735,105734,105735,1
sniffing,106027,105735,106027,292
rising,106028,106027,106028,1
climbing,106131,106028,106131,103
rising,106142,106131,106142,11
climbing,106253,106142,106253,111
grooming,106280,106253,106280,27
sniffing,106502,106280,106502,222
right_turning,106510,106502,106510,8
walking,106548,106510,106548,38
sniffing,106667,106548,106667,119
running,106692,106667,106692,25
rising,106693,106692,106693,1
climbing,106694,106693,106694,1
grooming,106856,106694,106856,162
climbing,106898,106856,106898,42
hunching,106983,106898,106983,85
climbing,107031,106983,107031,48
sniffing,107232,107031,107232,201
grooming,107233,107232,107233,1
rising,107234,107233,107234,1
sniffing,107236,107234,107236,2
rising,107237,107236,107237,1
sniffing,107282,107237,107282,45
stepping,107322,107282,107322,40
sniffing,107380,107322,107380,58
climbing,107449,107380,107449,69
sniffing,107886,107449,107886,437
rising,107887,107886,107887,1
sniffing,107889,107887,107889,2
pausing,108000,107889,108000,111
