revised_movement_label,segBoundary,segBoundary_start,segBoundary_end,length
sniffing,82,0,82,82
stepping,83,82,83,1
walking,141,83,141,58
sniffing,205,141,205,64
left_turning,329,205,329,124
sniffing,474,329,474,145
rising,527,474,527,53
trotting,540,527,540,13
left_turning,667,540,667,127
sniffing,716,667,716,49
left_turning,725,716,725,9
rising,744,725,744,19
walking,746,744,746,2
trotting,792,746,792,46
sniffing,794,792,794,2
walking,837,794,837,43
climbing,843,837,843,6
stepping,899,843,899,56
sniffing,1305,899,1305,406
rising,1371,1305,1371,66
climbing,1372,1371,1372,1
sniffing,1406,1372,1406,34
running,1436,1406,1436,30
left_turning,1491,1436,1491,55
sniffing,1515,1491,1515,24
rising,1552,1515,1552,37
right_turning,1579,1552,1579,27
walking,1580,1579,1580,1
left_turning,1627,1580,1627,47
sniffing,1676,1627,1676,49
walking,1678,1676,1678,2
sniffing,1679,1678,1679,1
right_turning,1685,1679,1685,6
trotting,1725,1685,1725,40
walking,1738,1725,1738,13
sniffing,1806,1738,1806,68
walking,1863,1806,1863,57
trotting,1864,1863,1864,1
sniffing,1947,1864,1947,83
rising,2015,1947,2015,68
left_turning,2059,2015,2059,44
running,2099,2059,2099,40
walking,2187,2099,2187,88
sniffing,2188,2187,2188,1
trotting,2208,2188,2208,20
rising,2249,2208,2249,41
climbing,2302,2249,2302,53
right_turning,2338,2302,2338,36
walking,2339,2338,2339,1
sniffing,2397,2339,2397,58
climbing,2405,2397,2405,8
sniffing,2487,2405,2487,82
rising,2530,2487,2530,43
climbing,2578,2530,2578,48
trotting,2579,2578,2579,1
sniffing,2580,2579,2580,1
left_turning,2581,2580,2581,1
sniffing,2696,2581,2696,115
walking,2741,2696,2741,45
left_turning,2777,2741,2777,36
running,2831,2777,2831,54
walking,2837,2831,2837,6
sniffing,2858,2837,2858,21
climbing,2881,2858,2881,23
rising,2882,2881,2882,1
trotting,2895,2882,2895,13
sniffing,3092,2895,3092,197
left_turning,3198,3092,3198,106
walking,3216,3198,3216,18
sniffing,3231,3216,3231,15
rising,3241,3231,3241,10
climbing,3277,3241,3277,36
trotting,3318,3277,3318,41
rising,3350,3318,3350,32
sniffing,3351,3350,3351,1
walking,3361,3351,3361,10
rising,3362,3361,3362,1
right_turning,3423,3362,3423,61
walking,3464,3423,3464,41
hunching,3504,3464,3504,40
climbing,3562,3504,3562,58
rising,3695,3562,3695,133
walking,3696,3695,3696,1
sniffing,3697,3696,3697,1
walking,3769,3697,3769,72
left_turning,3799,3769,3799,30
running,3827,3799,3827,28
stepping,3887,3827,3887,60
walking,3888,3887,3888,1
left_turning,3910,3888,3910,22
walking,3957,3910,3957,47
sniffing,4040,3957,4040,83
rearing,4047,4040,4047,7
sniffing,4156,4047,4156,109
left_turning,4174,4156,4174,18
walking,4206,4174,4206,32
right_turning,4227,4206,4227,21
trotting,4268,4227,4268,41
sniffing,4318,4268,4318,50
left_turning,4328,4318,4328,10
trotting,4352,4328,4352,24
walking,4440,4352,4440,88
trotting,4448,4440,4448,8
running,4489,4448,4489,41
rising,4494,4489,4494,5
climbing,4534,4494,4534,40
trotting,4567,4534,4567,33
climbing,4625,4567,4625,58
trotting,4664,4625,4664,39
rising,4698,4664,4698,34
left_turning,4745,4698,4745,47
walking,4825,4745,4825,80
running,4844,4825,4844,19
rising,4845,4844,4845,1
climbing,4903,4845,4903,58
trotting,4912,4903,4912,9
sniffing,4932,4912,4932,20
climbing,5000,4932,5000,68
rising,5039,5000,5039,39
climbing,5068,5039,5068,29
rearing,5171,5068,5171,103
grooming,5254,5171,5254,83
trotting,5313,5254,5313,59
rising,5314,5313,5314,1
sniffing,5320,5314,5320,6
climbing,5409,5320,5409,89
sniffing,5410,5409,5410,1
rising,5416,5410,5416,6
climbing,5447,5416,5447,31
trotting,5484,5447,5484,37
rising,5501,5484,5501,17
left_turning,5553,5501,5553,52
walking,5585,5553,5585,32
sniffing,5602,5585,5602,17
climbing,5685,5602,5685,83
sniffing,5712,5685,5712,27
left_turning,5717,5712,5717,5
walking,5814,5717,5814,97
sniffing,5893,5814,5893,79
climbing,5958,5893,5958,65
sniffing,5972,5958,5972,14
rising,6039,5972,6039,67
sniffing,6040,6039,6040,1
left_turning,6087,6040,6087,47
running,6092,6087,6092,5
left_turning,6133,6092,6133,41
walking,6207,6133,6207,74
sniffing,6291,6207,6291,84
climbing,6342,6291,6342,51
rising,6390,6342,6390,48
climbing,6415,6390,6415,25
right_turning,6453,6415,6453,38
rising,6454,6453,6454,1
climbing,6498,6454,6498,44
running,6542,6498,6542,44
rising,6583,6542,6583,41
walking,6584,6583,6584,1
sniffing,6585,6584,6585,1
left_turning,6612,6585,6612,27
walking,6636,6612,6636,24
climbing,6755,6636,6755,119
sniffing,6776,6755,6776,21
trotting,6794,6776,6794,18
climbing,6826,6794,6826,32
walking,6880,6826,6880,54
rising,6919,6880,6919,39
climbing,6974,6919,6974,55
running,7002,6974,7002,28
walking,7071,7002,7071,69
climbing,7112,7071,7112,41
running,7114,7112,7114,2
sniffing,7128,7114,7128,14
walking,7223,7128,7223,95
sniffing,7309,7223,7309,86
stepping,7317,7309,7317,8
walking,7351,7317,7351,34
sniffing,7370,7351,7370,19
rising,7440,7370,7440,70
sniffing,7526,7440,7526,86
walking,7604,7526,7604,78
sniffing,7610,7604,7610,6
left_turning,7655,7610,7655,45
trotting,7723,7655,7723,68
rising,7727,7723,7727,4
left_turning,7757,7727,7757,30
walking,7787,7757,7787,30
left_turning,7827,7787,7827,40
sniffing,7877,7827,7877,50
grooming,7895,7877,7895,18
sniffing,7938,7895,7938,43
stepping,7939,7938,7939,1
sniffing,7940,7939,7940,1
rising,7994,7940,7994,54
sniffing,8063,7994,8063,69
left_turning,8077,8063,8077,14
sniffing,8080,8077,8080,3
stepping,8111,8080,8111,31
climbing,8144,8111,8144,33
rising,8222,8144,8222,78
rearing,8279,8222,8279,57
climbing,8327,8279,8327,48
running,8331,8327,8331,4
right_turning,8345,8331,8345,14
running,8361,8345,8361,16
sniffing,8362,8361,8362,1
left_turning,8363,8362,8363,1
walking,8389,8363,8389,26
climbing,8441,8389,8441,52
running,8464,8441,8464,23
walking,8498,8464,8498,34
climbing,8528,8498,8528,30
right_turning,8552,8528,8552,24
sniffing,8602,8552,8602,50
left_turning,8627,8602,8627,25
walking,8666,8627,8666,39
climbing,8709,8666,8709,43
sniffing,8727,8709,8727,18
walking,8765,8727,8765,38
climbing,8775,8765,8775,10
sniffing,8828,8775,8828,53
left_turning,8878,8828,8878,50
sniffing,8965,8878,8965,87
climbing,9015,8965,9015,50
sniffing,9082,9015,9082,67
left_turning,9162,9082,9162,80
sniffing,9272,9162,9272,110
rising,9330,9272,9330,58
walking,9396,9330,9396,66
rising,9418,9396,9418,22
sniffing,9454,9418,9454,36
walking,9495,9454,9495,41
sniffing,9558,9495,9558,63
climbing,9624,9558,9624,66
rising,9632,9624,9632,8
rearing,9643,9632,9643,11
climbing,9685,9643,9685,42
right_turning,9709,9685,9709,24
rising,9710,9709,9710,1
left_turning,9740,9710,9740,30
climbing,9796,9740,9796,56
trotting,9821,9796,9821,25
walking,9901,9821,9901,80
stepping,9929,9901,9929,28
sniffing,9964,9929,9964,35
climbing,10018,9964,10018,54
right_turning,10046,10018,10046,28
trotting,10075,10046,10075,29
sniffing,10138,10075,10138,63
walking,10188,10138,10188,50
trotting,10228,10188,10228,40
right_turning,10249,10228,10249,21
walking,10264,10249,10264,15
rising,10265,10264,10265,1
sniffing,10268,10265,10268,3
rising,10322,10268,10322,54
sniffing,10323,10322,10323,1
rising,10329,10323,10329,6
right_turning,10330,10329,10330,1
climbing,10430,10330,10430,100
rearing,10449,10430,10449,19
grooming,10605,10449,10605,156
rearing,10622,10605,10622,17
grooming,10697,10622,10697,75
sniffing,10759,10697,10759,62
climbing,10777,10759,10777,18
sniffing,10887,10777,10887,110
stepping,10908,10887,10908,21
sniffing,10942,10908,10942,34
left_turning,11001,10942,11001,59
sniffing,11002,11001,11002,1
climbing,11063,11002,11063,61
sniffing,11142,11063,11142,79
climbing,11169,11142,11169,27
sniffing,11300,11169,11300,131
rising,11343,11300,11343,43
right_turning,11357,11343,11357,14
rising,11379,11357,11379,22
climbing,11447,11379,11447,68
hunching,11448,11447,11448,1
sniffing,11486,11448,11486,38
right_turning,11525,11486,11525,39
rising,11528,11525,11528,3
hunching,11553,11528,11553,25
sniffing,11559,11553,11559,6
rising,11560,11559,11560,1
sniffing,11663,11560,11663,103
rising,11690,11663,11690,27
left_turning,11704,11690,11704,14
sniffing,11768,11704,11768,64
running,11779,11768,11779,11
trotting,11825,11779,11825,46
left_turning,11843,11825,11843,18
rising,11874,11843,11874,31
right_turning,11923,11874,11923,49
sniffing,11924,11923,11924,1
climbing,12000,11924,12000,76
rising,12001,12000,12001,1
climbing,12050,12001,12050,49
sniffing,12051,12050,12051,1
trotting,12088,12051,12088,37
walking,12150,12088,12150,62
left_turning,12279,12150,12279,129
stepping,12337,12279,12337,58
walking,12501,12337,12501,164
sniffing,12521,12501,12521,20
left_turning,12560,12521,12560,39
sniffing,12588,12560,12588,28
rising,12651,12588,12651,63
climbing,12698,12651,12698,47
rising,12815,12698,12815,117
walking,12865,12815,12865,50
right_turning,12887,12865,12887,22
left_turning,12888,12887,12888,1
walking,12936,12888,12936,48
sniffing,13015,12936,13015,79
right_turning,13075,13015,13075,60
trotting,13097,13075,13097,22
climbing,13164,13097,13164,67
left_turning,13165,13164,13165,1
climbing,13203,13165,13203,38
rising,13209,13203,13209,6
sniffing,13288,13209,13288,79
rearing,13528,13288,13528,240
walking,13610,13528,13610,82
sniffing,13640,13610,13640,30
left_turning,13642,13640,13642,2
walking,13703,13642,13703,61
rising,13772,13703,13772,69
rearing,13877,13772,13877,105
sniffing,13929,13877,13929,52
left_turning,13935,13929,13935,6
sniffing,14015,13935,14015,80
rising,14044,14015,14044,29
left_turning,14056,14044,14056,12
sniffing,14147,14056,14147,91
rising,14160,14147,14160,13
climbing,14171,14160,14171,11
hunching,14193,14171,14193,22
rising,14200,14193,14200,7
climbing,14281,14200,14281,81
sniffing,14282,14281,14282,1
walking,14348,14282,14348,66
sniffing,14416,14348,14416,68
rising,14443,14416,14443,27
left_turning,14455,14443,14455,12
walking,14575,14455,14575,120
stepping,14618,14575,14618,43
sniffing,14661,14618,14661,43
pausing,14726,14661,14726,65
sniffing,14727,14726,14727,1
rearing,14751,14727,14751,24
climbing,14814,14751,14814,63
walking,14821,14814,14821,7
sniffing,14911,14821,14911,90
walking,14921,14911,14921,10
rising,14998,14921,14998,77
climbing,15040,14998,15040,42
running,15089,15040,15089,49
walking,15129,15089,15129,40
left_turning,15172,15129,15172,43
sniffing,15175,15172,15175,3
left_turning,15216,15175,15216,41
sniffing,15262,15216,15262,46
left_turning,15312,15262,15312,50
sniffing,15422,15312,15422,110
walking,15432,15422,15432,10
sniffing,15444,15432,15444,12
trotting,15452,15444,15452,8
sniffing,15533,15452,15533,81
left_turning,15550,15533,15550,17
stepping,15602,15550,15602,52
sniffing,15647,15602,15647,45
walking,15681,15647,15681,34
climbing,15711,15681,15711,30
walking,15721,15711,15721,10
rising,15769,15721,15769,48
climbing,15836,15769,15836,67
rising,15902,15836,15902,66
left_turning,15939,15902,15939,37
sniffing,16150,15939,16150,211
climbing,16217,16150,16217,67
stepping,16261,16217,16261,44
sniffing,16285,16261,16285,24
rising,16286,16285,16286,1
sniffing,16358,16286,16358,72
rising,16412,16358,16412,54
walking,16468,16412,16468,56
left_turning,16496,16468,16496,28
sniffing,16544,16496,16544,48
climbing,16598,16544,16598,54
rising,16623,16598,16623,25
sniffing,16638,16623,16638,15
left_turning,16677,16638,16677,39
trotting,16692,16677,16692,15
sniffing,16693,16692,16693,1
walking,16705,16693,16705,12
trotting,16732,16705,16732,27
walking,16779,16732,16779,47
right_turning,16813,16779,16813,34
trotting,16878,16813,16878,65
stepping,16961,16878,16961,83
sniffing,16962,16961,16962,1
trotting,16985,16962,16985,23
sniffing,17135,16985,17135,150
right_turning,17139,17135,17139,4
stepping,17304,17139,17304,165
trotting,17359,17304,17359,55
left_turning,17382,17359,17382,23
walking,17427,17382,17427,45
left_turning,17449,17427,17449,22
sniffing,17460,17449,17460,11
left_turning,17462,17460,17462,2
walking,17486,17462,17486,24
sniffing,17546,17486,17546,60
stepping,17619,17546,17619,73
climbing,17662,17619,17662,43
sniffing,17819,17662,17819,157
climbing,17820,17819,17820,1
left_turning,17922,17820,17922,102
walking,17963,17922,17963,41
sniffing,17995,17963,17995,32
rising,18023,17995,18023,28
sniffing,18125,18023,18125,102
running,18147,18125,18147,22
walking,18181,18147,18181,34
sniffing,18201,18181,18201,20
rising,18225,18201,18225,24
climbing,18226,18225,18226,1
running,18255,18226,18255,29
sniffing,18354,18255,18354,99
left_turning,18385,18354,18385,31
rising,18405,18385,18405,20
sniffing,18406,18405,18406,1
grooming,18407,18406,18407,1
left_turning,18517,18407,18517,110
stepping,18561,18517,18561,44
sniffing,18673,18561,18673,112
rising,18721,18673,18721,48
walking,18722,18721,18722,1
hunching,18758,18722,18758,36
sniffing,18958,18758,18958,200
walking,19059,18958,19059,101
sniffing,19088,19059,19088,29
right_turning,19120,19088,19120,32
left_turning,19227,19120,19227,107
walking,19290,19227,19290,63
right_turning,19311,19290,19311,21
rising,19374,19311,19374,63
walking,19425,19374,19425,51
rising,19503,19425,19503,78
climbing,19509,19503,19509,6
sniffing,19522,19509,19522,13
rising,19584,19522,19584,62
sniffing,19585,19584,19585,1
climbing,19658,19585,19658,73
right_turning,19702,19658,19702,44
walking,19765,19702,19765,63
climbing,19794,19765,19794,29
hunching,19828,19794,19828,34
rearing,19845,19828,19845,17
walking,19883,19845,19883,38
right_turning,19926,19883,19926,43
walking,19927,19926,19927,1
sniffing,20027,19927,20027,100
left_turning,20121,20027,20121,94
sniffing,20185,20121,20185,64
trotting,20192,20185,20192,7
sniffing,20254,20192,20254,62
rising,20346,20254,20346,92
climbing,20427,20346,20427,81
left_turning,20445,20427,20445,18
rising,20454,20445,20454,9
sniffing,20455,20454,20455,1
rising,20471,20455,20471,16
climbing,20527,20471,20527,56
rearing,20546,20527,20546,19
trotting,20586,20546,20586,40
sniffing,20733,20586,20733,147
right_turning,20760,20733,20760,27
climbing,20874,20760,20874,114
rising,20945,20874,20945,71
sniffing,20958,20945,20958,13
walking,20990,20958,20990,32
left_turning,21023,20990,21023,33
walking,21061,21023,21061,38
sniffing,21173,21061,21173,112
stepping,21227,21173,21227,54
walking,21228,21227,21228,1
stepping,21261,21228,21261,33
left_turning,21298,21261,21298,37
sniffing,21347,21298,21347,49
rising,21381,21347,21381,34
climbing,21457,21381,21457,76
walking,21458,21457,21458,1
climbing,21530,21458,21530,72
trotting,21596,21530,21596,66
sniffing,21597,21596,21597,1
hunching,21647,21597,21647,50
grooming,21720,21647,21720,73
sniffing,21776,21720,21776,56
walking,21817,21776,21817,41
sniffing,21884,21817,21884,67
left_turning,21936,21884,21936,52
sniffing,21955,21936,21955,19
rearing,21965,21955,21965,10
sniffing,21974,21965,21974,9
walking,22039,21974,22039,65
climbing,22062,22039,22062,23
walking,22105,22062,22105,43
rising,22106,22105,22106,1
sniffing,22206,22106,22206,100
walking,22248,22206,22248,42
climbing,22332,22248,22332,84
sniffing,22399,22332,22399,67
trotting,22460,22399,22460,61
walking,22509,22460,22509,49
rising,22529,22509,22529,20
walking,22546,22529,22546,17
sniffing,22662,22546,22662,116
walking,22697,22662,22697,35
sniffing,22759,22697,22759,62
walking,22789,22759,22789,30
rising,22847,22789,22847,58
sniffing,22857,22847,22857,10
left_turning,22871,22857,22871,14
walking,22894,22871,22894,23
sniffing,22895,22894,22895,1
walking,22968,22895,22968,73
jumping,23020,22968,23020,52
walking,23021,23020,23021,1
sniffing,23098,23021,23098,77
rising,23140,23098,23140,42
sniffing,23166,23140,23166,26
running,23169,23166,23169,3
trotting,23197,23169,23197,28
stepping,23213,23197,23213,16
walking,23214,23213,23214,1
climbing,23274,23214,23274,60
sniffing,23419,23274,23419,145
grooming,23478,23419,23478,59
walking,23512,23478,23512,34
climbing,23619,23512,23619,107
right_turning,23652,23619,23652,33
walking,23660,23652,23660,8
left_turning,23710,23660,23710,50
sniffing,23794,23710,23794,84
left_turning,23837,23794,23837,43
rising,23838,23837,23838,1
hunching,23892,23838,23892,54
sniffing,23995,23892,23995,103
pausing,24217,23995,24217,222
sniffing,24278,24217,24278,61
rising,24332,24278,24332,54
sniffing,24333,24332,24333,1
rising,24353,24333,24353,20
walking,24387,24353,24387,34
stepping,24452,24387,24452,65
sniffing,24582,24452,24582,130
hunching,24590,24582,24590,8
grooming,24632,24590,24632,42
walking,24702,24632,24702,70
sniffing,24731,24702,24731,29
left_turning,24751,24731,24751,20
sniffing,24767,24751,24767,16
running,24788,24767,24788,21
stepping,24807,24788,24807,19
trotting,24856,24807,24856,49
climbing,24923,24856,24923,67
rising,24966,24923,24966,43
sniffing,25046,24966,25046,80
walking,25049,25046,25049,3
sniffing,25121,25049,25121,72
rising,25130,25121,25130,9
climbing,25185,25130,25185,55
grooming,25334,25185,25334,149
sniffing,25372,25334,25372,38
rising,25394,25372,25394,22
grooming,25425,25394,25425,31
rising,25439,25425,25439,14
left_turning,25497,25439,25497,58
sniffing,25551,25497,25551,54
rising,25581,25551,25581,30
left_turning,25646,25581,25646,65
walking,25699,25646,25699,53
right_turning,25707,25699,25707,8
sniffing,25737,25707,25737,30
climbing,25757,25737,25757,20
rising,25788,25757,25788,31
climbing,25898,25788,25898,110
rising,25929,25898,25929,31
climbing,26004,25929,26004,75
running,26028,26004,26028,24
trotting,26080,26028,26080,52
rising,26121,26080,26121,41
sniffing,26212,26121,26212,91
climbing,26267,26212,26267,55
left_turning,26268,26267,26268,1
sniffing,26304,26268,26304,36
walking,26375,26304,26375,71
sniffing,26376,26375,26376,1
rising,26453,26376,26453,77
climbing,26501,26453,26501,48
rising,26513,26501,26513,12
left_turning,26552,26513,26552,39
walking,26585,26552,26585,33
sniffing,26729,26585,26729,144
grooming,26734,26729,26734,5
rearing,26736,26734,26736,2
sniffing,26763,26736,26763,27
rearing,26784,26763,26784,21
sniffing,26785,26784,26785,1
walking,26853,26785,26853,68
sniffing,26915,26853,26915,62
hunching,26926,26915,26926,11
sniffing,27014,26926,27014,88
right_turning,27025,27014,27025,11
trotting,27077,27025,27077,52
rising,27078,27077,27078,1
rearing,27170,27078,27170,92
walking,27171,27170,27171,1
sniffing,27321,27171,27321,150
trotting,27361,27321,27361,40
stepping,27422,27361,27422,61
sniffing,27552,27422,27552,130
climbing,27564,27552,27564,12
sniffing,27565,27564,27565,1
rising,27594,27565,27594,29
sniffing,27595,27594,27595,1
trotting,27618,27595,27618,23
walking,27650,27618,27650,32
climbing,27689,27650,27689,39
walking,27751,27689,27751,62
stepping,27782,27751,27782,31
walking,27844,27782,27844,62
sniffing,27910,27844,27910,66
stepping,27969,27910,27969,59
climbing,28033,27969,28033,64
sniffing,28034,28033,28034,1
trotting,28042,28034,28042,8
sniffing,28071,28042,28071,29
climbing,28100,28071,28100,29
sniffing,28145,28100,28145,45
climbing,28184,28145,28184,39
rising,28251,28184,28251,67
sniffing,28253,28251,28253,2
rising,28318,28253,28318,65
sniffing,28319,28318,28319,1
right_turning,28320,28319,28320,1
sniffing,28321,28320,28321,1
walking,28413,28321,28413,92
climbing,28483,28413,28483,70
sniffing,28605,28483,28605,122
left_turning,28640,28605,28640,35
sniffing,28700,28640,28700,60
climbing,28706,28700,28706,6
sniffing,28766,28706,28766,60
right_turning,28767,28766,28767,1
walking,28781,28767,28781,14
sniffing,28791,28781,28791,10
rising,28847,28791,28847,56
climbing,28954,28847,28954,107
sniffing,28955,28954,28955,1
rising,28995,28955,28995,40
walking,28996,28995,28996,1
rising,28997,28996,28997,1
sniffing,29069,28997,29069,72
walking,29070,29069,29070,1
hunching,29119,29070,29119,49
rising,29143,29119,29143,24
sniffing,29144,29143,29144,1
climbing,29195,29144,29195,51
rearing,29262,29195,29262,67
grooming,29263,29262,29263,1
trotting,29294,29263,29294,31
sniffing,29296,29294,29296,2
right_turning,29311,29296,29311,15
trotting,29322,29311,29322,11
walking,29404,29322,29404,82
sniffing,29415,29404,29415,11
left_turning,29457,29415,29457,42
sniffing,29512,29457,29512,55
walking,29572,29512,29572,60
trotting,29644,29572,29644,72
rising,29710,29644,29710,66
sniffing,29711,29710,29711,1
walking,29714,29711,29714,3
rising,29723,29714,29723,9
hunching,29730,29723,29730,7
sniffing,29735,29730,29735,5
walking,29833,29735,29833,98
jumping,29891,29833,29891,58
left_turning,29939,29891,29939,48
sniffing,29958,29939,29958,19
rising,29977,29958,29977,19
sniffing,30095,29977,30095,118
rising,30096,30095,30096,1
climbing,30148,30096,30148,52
sniffing,30314,30148,30314,166
running,30359,30314,30359,45
sniffing,30441,30359,30441,82
trotting,30456,30441,30456,15
sniffing,30555,30456,30555,99
rising,30710,30555,30710,155
climbing,30753,30710,30753,43
walking,30807,30753,30807,54
climbing,30814,30807,30814,7
sniffing,30815,30814,30815,1
grooming,30816,30815,30816,1
rising,30826,30816,30826,10
climbing,30867,30826,30867,41
sniffing,30921,30867,30921,54
left_turning,30932,30921,30932,11
walking,30993,30932,30993,61
trotting,31036,30993,31036,43
sniffing,31084,31036,31084,48
walking,31123,31084,31123,39
left_turning,31169,31123,31169,46
walking,31229,31169,31229,60
sniffing,31284,31229,31284,55
climbing,31318,31284,31318,34
rising,31374,31318,31374,56
climbing,31375,31374,31375,1
running,31398,31375,31398,23
stepping,31431,31398,31431,33
sniffing,31538,31431,31538,107
climbing,31572,31538,31572,34
sniffing,31651,31572,31651,79
climbing,31735,31651,31735,84
rising,31778,31735,31778,43
climbing,31812,31778,31812,34
left_turning,31820,31812,31820,8
sniffing,31967,31820,31967,147
left_turning,31968,31967,31968,1
sniffing,32051,31968,32051,83
climbing,32072,32051,32072,21
sniffing,32073,32072,32073,1
left_turning,32128,32073,32128,55
running,32159,32128,32159,31
stepping,32219,32159,32219,60
walking,32292,32219,32292,73
sniffing,32351,32292,32351,59
running,32352,32351,32352,1
walking,32389,32352,32389,37
rising,32397,32389,32397,8
rearing,32476,32397,32476,79
walking,32478,32476,32478,2
sniffing,32529,32478,32529,51
left_turning,32530,32529,32530,1
sniffing,32603,32530,32603,73
walking,32703,32603,32703,100
stepping,32718,32703,32718,15
walking,32754,32718,32754,36
stepping,32794,32754,32794,40
rising,32825,32794,32825,31
climbing,32881,32825,32881,56
rising,32894,32881,32894,13
trotting,32925,32894,32925,31
climbing,33051,32925,33051,126
walking,33140,33051,33140,89
climbing,33205,33140,33205,65
left_turning,33255,33205,33255,50
sniffing,33332,33255,33332,77
stepping,33347,33332,33347,15
sniffing,33405,33347,33405,58
left_turning,33433,33405,33433,28
walking,33449,33433,33449,16
sniffing,33489,33449,33489,40
rising,33523,33489,33523,34
rearing,33546,33523,33546,23
sniffing,33593,33546,33593,47
right_turning,33600,33593,33600,7
trotting,33618,33600,33618,18
sniffing,33619,33618,33619,1
walking,33620,33619,33620,1
sniffing,33705,33620,33705,85
hunching,33728,33705,33728,23
rising,33771,33728,33771,43
sniffing,33790,33771,33790,19
rising,33791,33790,33791,1
walking,33792,33791,33792,1
sniffing,33861,33792,33861,69
right_turning,33875,33861,33875,14
sniffing,33876,33875,33876,1
rising,33921,33876,33921,45
rearing,33982,33921,33982,61
sniffing,34080,33982,34080,98
rising,34109,34080,34109,29
climbing,34143,34109,34143,34
grooming,34329,34143,34329,186
sniffing,34413,34329,34413,84
left_turning,34449,34413,34449,36
trotting,34505,34449,34505,56
rising,34616,34505,34616,111
sniffing,34655,34616,34655,39
climbing,34695,34655,34695,40
right_turning,34740,34695,34740,45
trotting,34762,34740,34762,22
walking,34832,34762,34832,70
right_turning,34857,34832,34857,25
stepping,34881,34857,34881,24
sniffing,34932,34881,34932,51
running,34938,34932,34938,6
rising,35006,34938,35006,68
trotting,35022,35006,35022,16
rising,35066,35022,35066,44
sniffing,35076,35066,35076,10
climbing,35077,35076,35077,1
rising,35078,35077,35078,1
climbing,35166,35078,35166,88
rising,35209,35166,35209,43
climbing,35277,35209,35277,68
sniffing,35342,35277,35342,65
climbing,35372,35342,35372,30
rising,35475,35372,35475,103
sniffing,35499,35475,35499,24
rising,35504,35499,35504,5
sniffing,35505,35504,35505,1
walking,35506,35505,35506,1
sniffing,35507,35506,35507,1
climbing,35509,35507,35509,2
sniffing,35522,35509,35522,13
trotting,35562,35522,35562,40
sniffing,35593,35562,35593,31
walking,35594,35593,35594,1
left_turning,35630,35594,35630,36
sniffing,35631,35630,35631,1
rising,35682,35631,35682,51
rearing,35702,35682,35702,20
climbing,35745,35702,35745,43
trotting,35777,35745,35777,32
stepping,35778,35777,35778,1
right_turning,35816,35778,35816,38
walking,35937,35816,35937,121
sniffing,35958,35937,35958,21
rising,36019,35958,36019,61
walking,36094,36019,36094,75
climbing,36228,36094,36228,134
rearing,36319,36228,36319,91
stepping,36364,36319,36364,45
sniffing,36428,36364,36428,64
trotting,36475,36428,36475,47
rising,36534,36475,36534,59
sniffing,36630,36534,36630,96
left_turning,36665,36630,36665,35
sniffing,36729,36665,36729,64
hunching,36792,36729,36792,63
sniffing,36838,36792,36838,46
walking,36894,36838,36894,56
climbing,36895,36894,36895,1
right_turning,36903,36895,36903,8
sniffing,36918,36903,36918,15
running,36939,36918,36939,21
sniffing,36985,36939,36985,46
hunching,37049,36985,37049,64
rising,37086,37049,37086,37
climbing,37224,37086,37224,138
trotting,37248,37224,37248,24
left_turning,37301,37248,37301,53
walking,37340,37301,37340,39
rising,37357,37340,37357,17
climbing,37362,37357,37362,5
sniffing,37363,37362,37363,1
rising,37438,37363,37438,75
climbing,37470,37438,37470,32
trotting,37504,37470,37504,34
sniffing,37540,37504,37540,36
rising,37627,37540,37627,87
stepping,37704,37627,37704,77
rising,37730,37704,37730,26
walking,37751,37730,37751,21
sniffing,37785,37751,37785,34
stepping,37810,37785,37810,25
rising,37811,37810,37811,1
climbing,37862,37811,37862,51
walking,37905,37862,37905,43
sniffing,37906,37905,37906,1
walking,37928,37906,37928,22
climbing,37930,37928,37930,2
right_turning,37931,37930,37931,1
rearing,37932,37931,37932,1
left_turning,37953,37932,37953,21
walking,38080,37953,38080,127
left_turning,38096,38080,38096,16
sniffing,38148,38096,38148,52
climbing,38273,38148,38273,125
walking,38339,38273,38339,66
running,38351,38339,38351,12
walking,38352,38351,38352,1
left_turning,38353,38352,38353,1
sniffing,38354,38353,38354,1
rearing,38391,38354,38391,37
trotting,38430,38391,38430,39
climbing,38443,38430,38443,13
sniffing,38444,38443,38444,1
walking,38518,38444,38518,74
sniffing,38644,38518,38644,126
rising,38645,38644,38645,1
walking,38679,38645,38679,34
left_turning,38711,38679,38711,32
walking,38712,38711,38712,1
running,38737,38712,38737,25
walking,38793,38737,38793,56
rising,38794,38793,38794,1
climbing,38845,38794,38845,51
sniffing,38936,38845,38936,91
stepping,38978,38936,38978,42
climbing,39026,38978,39026,48
walking,39028,39026,39028,2
right_turning,39029,39028,39029,1
rearing,39060,39029,39060,31
walking,39061,39060,39061,1
trotting,39081,39061,39081,20
stepping,39111,39081,39111,30
rising,39269,39111,39269,158
stepping,39295,39269,39295,26
walking,39419,39295,39419,124
climbing,39479,39419,39479,60
hunching,39480,39479,39480,1
sniffing,39501,39480,39501,21
stepping,39558,39501,39558,57
running,39580,39558,39580,22
stepping,39604,39580,39604,24
walking,39674,39604,39674,70
sniffing,39782,39674,39782,108
walking,39793,39782,39793,11
sniffing,39794,39793,39794,1
rising,39806,39794,39806,12
sniffing,39906,39806,39906,100
right_turning,39946,39906,39946,40
grooming,40065,39946,40065,119
rising,40086,40065,40086,21
sniffing,40088,40086,40088,2
rearing,40157,40088,40157,69
climbing,40176,40157,40176,19
left_turning,40251,40176,40251,75
stepping,40263,40251,40263,12
climbing,40279,40263,40279,16
sniffing,40325,40279,40325,46
climbing,40372,40325,40372,47
walking,40412,40372,40412,40
climbing,40434,40412,40434,22
sniffing,40436,40434,40436,2
rising,40454,40436,40454,18
climbing,40515,40454,40515,61
walking,40571,40515,40571,56
stepping,40617,40571,40617,46
climbing,40644,40617,40644,27
sniffing,40662,40644,40662,18
right_turning,40699,40662,40699,37
climbing,40745,40699,40745,46
grooming,40818,40745,40818,73
left_turning,40824,40818,40824,6
rising,40825,40824,40825,1
climbing,40929,40825,40929,104
rearing,40930,40929,40930,1
sniffing,40970,40930,40970,40
left_turning,41002,40970,41002,32
trotting,41046,41002,41046,44
walking,41087,41046,41087,41
jumping,41088,41087,41088,1
rising,41210,41088,41210,122
climbing,41313,41210,41313,103
sniffing,41358,41313,41358,45
rising,41359,41358,41359,1
climbing,41422,41359,41422,63
trotting,41461,41422,41461,39
rearing,41488,41461,41488,27
hunching,41551,41488,41551,63
grooming,41553,41551,41553,2
right_turning,41574,41553,41574,21
sniffing,41607,41574,41607,33
rising,41608,41607,41608,1
climbing,41714,41608,41714,106
walking,41833,41714,41833,119
sniffing,41834,41833,41834,1
walking,41859,41834,41859,25
sniffing,41860,41859,41860,1
rising,41864,41860,41864,4
sniffing,41865,41864,41865,1
rearing,41908,41865,41908,43
grooming,42083,41908,42083,175
rearing,42121,42083,42121,38
walking,42139,42121,42139,18
sniffing,42179,42139,42179,40
right_turning,42204,42179,42204,25
rising,42237,42204,42237,33
sniffing,42309,42237,42309,72
climbing,42366,42309,42366,57
walking,42406,42366,42406,40
sniffing,42407,42406,42407,1
grooming,42408,42407,42408,1
sniffing,42433,42408,42433,25
walking,42460,42433,42460,27
sniffing,42463,42460,42463,3
grooming,42464,42463,42464,1
left_turning,42531,42464,42531,67
sniffing,42624,42531,42624,93
walking,42671,42624,42671,47
sniffing,42816,42671,42816,145
walking,42866,42816,42866,50
sniffing,43063,42866,43063,197
walking,43074,43063,43074,11
stepping,43108,43074,43108,34
sniffing,43180,43108,43180,72
walking,43209,43180,43209,29
stepping,43242,43209,43242,33
walking,43243,43242,43243,1
left_turning,43304,43243,43304,61
sniffing,43328,43304,43328,24
rising,43353,43328,43353,25
climbing,43422,43353,43422,69
sniffing,43436,43422,43436,14
rearing,43508,43436,43508,72
climbing,43609,43508,43609,101
sniffing,43698,43609,43698,89
hunching,43699,43698,43699,1
walking,43703,43699,43703,4
rising,43748,43703,43748,45
climbing,43767,43748,43767,19
sniffing,43842,43767,43842,75
grooming,44143,43842,44143,301
left_turning,44197,44143,44197,54
trotting,44222,44197,44222,25
running,44237,44222,44237,15
walking,44286,44237,44286,49
climbing,44296,44286,44296,10
right_turning,44309,44296,44309,13
running,44350,44309,44350,41
walking,44354,44350,44354,4
sniffing,44405,44354,44405,51
walking,44410,44405,44410,5
climbing,44502,44410,44502,92
running,44532,44502,44532,30
sniffing,44684,44532,44684,152
rearing,44690,44684,44690,6
climbing,44739,44690,44739,49
sniffing,44820,44739,44820,81
left_turning,44856,44820,44856,36
walking,44857,44856,44857,1
sniffing,45002,44857,45002,145
right_turning,45054,45002,45054,52
trotting,45060,45054,45060,6
rising,45061,45060,45061,1
climbing,45136,45061,45136,75
sniffing,45139,45136,45139,3
left_turning,45140,45139,45140,1
sniffing,45188,45140,45188,48
stepping,45212,45188,45212,24
walking,45268,45212,45268,56
sniffing,45299,45268,45299,31
pausing,45416,45299,45416,117
sniffing,45502,45416,45502,86
left_turning,45560,45502,45560,58
trotting,45579,45560,45579,19
rising,45637,45579,45637,58
climbing,45702,45637,45702,65
sniffing,45703,45702,45703,1
left_turning,45737,45703,45737,34
walking,45748,45737,45748,11
trotting,45792,45748,45792,44
walking,45796,45792,45796,4
right_turning,45835,45796,45835,39
walking,45872,45835,45872,37
sniffing,45906,45872,45906,34
climbing,45957,45906,45957,51
sniffing,46064,45957,46064,107
hunching,46096,46064,46096,32
rising,46112,46096,46112,16
trotting,46113,46112,46113,1
walking,46114,46113,46114,1
sniffing,46127,46114,46127,13
left_turning,46170,46127,46170,43
trotting,46185,46170,46185,15
climbing,46231,46185,46231,46
left_turning,46266,46231,46266,35
stepping,46293,46266,46293,27
left_turning,46307,46293,46307,14
sniffing,46373,46307,46373,66
rising,46479,46373,46479,106
left_turning,46515,46479,46515,36
sniffing,46634,46515,46634,119
rising,46725,46634,46725,91
rearing,46860,46725,46860,135
rising,46921,46860,46921,61
rearing,46922,46921,46922,1
grooming,46923,46922,46923,1
rising,47022,46923,47022,99
jumping,47095,47022,47095,73
rising,47163,47095,47163,68
walking,47205,47163,47205,42
sniffing,47206,47205,47206,1
pausing,47669,47206,47669,463
sniffing,47704,47669,47704,35
trotting,47751,47704,47751,47
stepping,47752,47751,47752,1
walking,47771,47752,47771,19
climbing,47787,47771,47787,16
walking,47834,47787,47834,47
trotting,47841,47834,47841,7
walking,47855,47841,47855,14
climbing,47879,47855,47879,24
sniffing,48104,47879,48104,225
climbing,48139,48104,48139,35
sniffing,48243,48139,48243,104
climbing,48286,48243,48286,43
rearing,48362,48286,48362,76
walking,48363,48362,48363,1
sniffing,48396,48363,48396,33
rearing,48492,48396,48492,96
rising,48549,48492,48549,57
rearing,48585,48549,48585,36
sniffing,48662,48585,48662,77
right_turning,48715,48662,48715,53
left_turning,48764,48715,48764,49
running,48775,48764,48775,11
sniffing,48860,48775,48860,85
right_turning,48861,48860,48861,1
stepping,48897,48861,48897,36
right_turning,48898,48897,48898,1
left_turning,48899,48898,48899,1
sniffing,48915,48899,48915,16
walking,48916,48915,48916,1
sniffing,48917,48916,48917,1
running,48929,48917,48929,12
left_turning,48965,48929,48965,36
sniffing,49070,48965,49070,105
running,49096,49070,49096,26
left_turning,49158,49096,49158,62
sniffing,49305,49158,49305,147
walking,49319,49305,49319,14
sniffing,49320,49319,49320,1
left_turning,49357,49320,49357,37
trotting,49401,49357,49401,44
sniffing,49417,49401,49417,16
rising,49480,49417,49480,63
sniffing,49481,49480,49481,1
left_turning,49486,49481,49486,5
trotting,49520,49486,49520,34
rising,49521,49520,49521,1
climbing,49529,49521,49529,8
trotting,49575,49529,49575,46
walking,49576,49575,49576,1
left_turning,49606,49576,49606,30
walking,49623,49606,49623,17
sniffing,49624,49623,49624,1
left_turning,49646,49624,49646,22
sniffing,49747,49646,49747,101
trotting,49763,49747,49763,16
sniffing,49848,49763,49848,85
hunching,49879,49848,49879,31
climbing,49880,49879,49880,1
sniffing,49905,49880,49905,25
stepping,49937,49905,49937,32
rising,49960,49937,49960,23
rearing,49989,49960,49989,29
climbing,50005,49989,50005,16
running,50006,50005,50006,1
stepping,50016,50006,50016,10
sniffing,50131,50016,50131,115
walking,50141,50131,50141,10
sniffing,50189,50141,50189,48
rising,50226,50189,50226,37
walking,50227,50226,50227,1
sniffing,50313,50227,50313,86
climbing,50369,50313,50369,56
rising,50370,50369,50370,1
sniffing,50629,50370,50629,259
rising,50635,50629,50635,6
sniffing,50659,50635,50659,24
walking,50683,50659,50683,24
climbing,50759,50683,50759,76
sniffing,50836,50759,50836,77
right_turning,50861,50836,50861,25
sniffing,50932,50861,50932,71
stepping,50964,50932,50964,32
left_turning,50965,50964,50965,1
walking,51063,50965,51063,98
sniffing,51145,51063,51145,82
grooming,51146,51145,51146,1
rearing,51147,51146,51147,1
sniffing,51229,51147,51229,82
walking,51230,51229,51230,1
sniffing,51231,51230,51231,1
rising,51256,51231,51256,25
sniffing,51407,51256,51407,151
rising,51534,51407,51534,127
climbing,51574,51534,51574,40
right_turning,51607,51574,51607,33
walking,51668,51607,51668,61
stepping,51719,51668,51719,51
sniffing,51738,51719,51738,19
rearing,51839,51738,51839,101
grooming,51840,51839,51840,1
rearing,51931,51840,51931,91
walking,51969,51931,51969,38
stepping,52006,51969,52006,37
climbing,52025,52006,52025,19
hunching,52026,52025,52026,1
walking,52063,52026,52063,37
running,52079,52063,52079,16
walking,52080,52079,52080,1
rising,52114,52080,52114,34
rearing,52180,52114,52180,66
climbing,52267,52180,52267,87
sniffing,52268,52267,52268,1
left_turning,52293,52268,52293,25
sniffing,52371,52293,52371,78
climbing,52459,52371,52459,88
right_turning,52502,52459,52502,43
sniffing,52692,52502,52692,190
hunching,52693,52692,52693,1
rising,52748,52693,52748,55
stepping,52763,52748,52763,15
walking,52764,52763,52764,1
stepping,52804,52764,52804,40
sniffing,52805,52804,52805,1
pausing,52902,52805,52902,97
sniffing,52933,52902,52933,31
rising,52968,52933,52968,35
sniffing,53072,52968,53072,104
rearing,53073,53072,53073,1
walking,53122,53073,53122,49
climbing,53133,53122,53133,11
rearing,53134,53133,53134,1
walking,53145,53134,53145,11
left_turning,53152,53145,53152,7
stepping,53206,53152,53206,54
right_turning,53207,53206,53207,1
trotting,53237,53207,53237,30
walking,53268,53237,53268,31
rising,53269,53268,53269,1
stepping,53279,53269,53279,10
rising,53280,53279,53280,1
rearing,53281,53280,53281,1
climbing,53362,53281,53362,81
left_turning,53363,53362,53363,1
walking,53394,53363,53394,31
sniffing,53470,53394,53470,76
rising,53489,53470,53489,19
climbing,53600,53489,53600,111
hunching,53609,53600,53609,9
grooming,53770,53609,53770,161
climbing,53851,53770,53851,81
rising,53870,53851,53870,19
walking,53998,53870,53998,128
rising,54038,53998,54038,40
sniffing,54117,54038,54117,79
rearing,54118,54117,54118,1
grooming,54126,54118,54126,8
rising,54127,54126,54127,1
sniffing,54182,54127,54182,55
climbing,54277,54182,54277,95
hunching,54343,54277,54343,66
sniffing,54418,54343,54418,75
rising,54477,54418,54477,59
left_turning,54496,54477,54496,19
walking,54555,54496,54555,59
sniffing,54642,54555,54642,87
stepping,54667,54642,54667,25
left_turning,54668,54667,54668,1
sniffing,54669,54668,54669,1
rising,54709,54669,54709,40
sniffing,54730,54709,54730,21
walking,54748,54730,54748,18
sniffing,54773,54748,54773,25
stepping,54815,54773,54815,42
walking,54841,54815,54841,26
trotting,54894,54841,54894,53
sniffing,54901,54894,54901,7
rising,54918,54901,54918,17
climbing,54925,54918,54925,7
rearing,54942,54925,54942,17
left_turning,54977,54942,54977,35
trotting,55025,54977,55025,48
right_turning,55058,55025,55058,33
running,55098,55058,55098,40
sniffing,55162,55098,55162,64
walking,55225,55162,55225,63
sniffing,55293,55225,55293,68
walking,55358,55293,55358,65
sniffing,55370,55358,55370,12
left_turning,55436,55370,55436,66
walking,55481,55436,55481,45
sniffing,55482,55481,55482,1
grooming,55610,55482,55610,128
rearing,55696,55610,55696,86
sniffing,55697,55696,55697,1
stepping,55753,55697,55753,56
rising,55772,55753,55772,19
walking,55783,55772,55783,11
rising,55802,55783,55802,19
running,55833,55802,55833,31
sniffing,55834,55833,55834,1
left_turning,55844,55834,55844,10
walking,55854,55844,55854,10
sniffing,55952,55854,55952,98
walking,56017,55952,56017,65
trotting,56039,56017,56039,22
walking,56063,56039,56063,24
climbing,56087,56063,56087,24
trotting,56094,56087,56094,7
rising,56114,56094,56114,20
right_turning,56158,56114,56158,44
walking,56250,56158,56250,92
rising,56326,56250,56326,76
sniffing,56408,56326,56408,82
walking,56409,56408,56409,1
left_turning,56414,56409,56414,5
stepping,56415,56414,56415,1
right_turning,56440,56415,56440,25
running,56479,56440,56479,39
sniffing,56546,56479,56546,67
rising,56577,56546,56577,31
sniffing,56578,56577,56578,1
climbing,56620,56578,56620,42
sniffing,56621,56620,56621,1
walking,56702,56621,56702,81
sniffing,56950,56702,56950,248
walking,56958,56950,56958,8
sniffing,56959,56958,56959,1
rising,57013,56959,57013,54
walking,57073,57013,57073,60
sniffing,57074,57073,57074,1
climbing,57215,57074,57215,141
rearing,57216,57215,57216,1
climbing,57305,57216,57305,89
left_turning,57306,57305,57306,1
walking,57346,57306,57346,40
stepping,57428,57346,57428,82
walking,57474,57428,57474,46
sniffing,57558,57474,57558,84
rearing,57603,57558,57603,45
rising,57604,57603,57604,1
sniffing,57650,57604,57650,46
stepping,57687,57650,57687,37
walking,57721,57687,57721,34
left_turning,57756,57721,57756,35
sniffing,57774,57756,57774,18
walking,57788,57774,57788,14
sniffing,57872,57788,57872,84
rising,57893,57872,57893,21
climbing,57947,57893,57947,54
rising,57948,57947,57948,1
sniffing,57954,57948,57954,6
climbing,57987,57954,57987,33
sniffing,57996,57987,57996,9
climbing,58107,57996,58107,111
sniffing,58221,58107,58221,114
rising,58230,58221,58230,9
trotting,58288,58230,58288,58
rising,58332,58288,58332,44
climbing,58346,58332,58346,14
sniffing,58420,58346,58420,74
walking,58441,58420,58441,21
sniffing,58442,58441,58442,1
climbing,58549,58442,58549,107
hunching,58602,58549,58602,53
climbing,58712,58602,58712,110
walking,58737,58712,58737,25
sniffing,58854,58737,58854,117
rising,58990,58854,58990,136
sniffing,58991,58990,58991,1
climbing,59014,58991,59014,23
walking,59057,59014,59057,43
rising,59117,59057,59117,60
sniffing,59201,59117,59201,84
climbing,59241,59201,59241,40
rising,59314,59241,59314,73
climbing,59332,59314,59332,18
rising,59333,59332,59333,1
climbing,59377,59333,59377,44
rising,59418,59377,59418,41
climbing,59725,59418,59725,307
sniffing,59731,59725,59731,6
walking,59768,59731,59768,37
sniffing,59906,59768,59906,138
rising,59907,59906,59907,1
climbing,59965,59907,59965,58
grooming,59966,59965,59966,1
walking,60049,59966,60049,83
sniffing,60073,60049,60073,24
walking,60097,60073,60097,24
sniffing,60137,60097,60137,40
walking,60147,60137,60147,10
rising,60148,60147,60148,1
rearing,60176,60148,60176,28
walking,60210,60176,60210,34
sniffing,60371,60210,60371,161
walking,60419,60371,60419,48
rising,60447,60419,60447,28
climbing,60492,60447,60492,45
rearing,60493,60492,60493,1
sniffing,60494,60493,60494,1
rising,60495,60494,60495,1
sniffing,60547,60495,60547,52
hunching,60591,60547,60591,44
climbing,60740,60591,60740,149
rearing,60741,60740,60741,1
sniffing,61090,60741,61090,349
walking,61115,61090,61115,25
sniffing,61197,61115,61197,82
rearing,61247,61197,61247,50
rising,61262,61247,61262,15
right_turning,61296,61262,61296,34
sniffing,61357,61296,61357,61
climbing,61388,61357,61388,31
sniffing,61433,61388,61433,45
walking,61510,61433,61510,77
sniffing,61655,61510,61655,145
walking,61698,61655,61698,43
climbing,61735,61698,61735,37
left_turning,61777,61735,61777,42
walking,61813,61777,61813,36
sniffing,61814,61813,61814,1
stepping,61815,61814,61815,1
walking,61833,61815,61833,18
rising,61870,61833,61870,37
climbing,61871,61870,61871,1
sniffing,61921,61871,61921,50
walking,61980,61921,61980,59
sniffing,62015,61980,62015,35
left_turning,62035,62015,62035,20
walking,62097,62035,62097,62
sniffing,62171,62097,62171,74
running,62195,62171,62195,24
walking,62220,62195,62220,25
sniffing,62383,62220,62383,163
rising,62419,62383,62419,36
sniffing,62442,62419,62442,23
walking,62453,62442,62453,11
left_turning,62473,62453,62473,20
walking,62520,62473,62520,47
climbing,62592,62520,62592,72
rearing,62690,62592,62690,98
hunching,62716,62690,62716,26
rising,62731,62716,62731,15
sniffing,62936,62731,62936,205
walking,62964,62936,62964,28
climbing,63056,62964,63056,92
hunching,63151,63056,63151,95
rearing,63192,63151,63192,41
sniffing,63199,63192,63199,7
rising,63243,63199,63243,44
grooming,63317,63243,63317,74
rearing,63370,63317,63370,53
climbing,63389,63370,63389,19
hunching,63437,63389,63437,48
sniffing,63438,63437,63438,1
stepping,63509,63438,63509,71
sniffing,63624,63509,63624,115
walking,63654,63624,63654,30
left_turning,63735,63654,63735,81
sniffing,63761,63735,63761,26
rising,63794,63761,63794,33
climbing,63853,63794,63853,59
rising,63869,63853,63869,16
climbing,63870,63869,63870,1
sniffing,64070,63870,64070,200
walking,64088,64070,64088,18
sniffing,64130,64088,64130,42
rearing,64174,64130,64174,44
sniffing,64275,64174,64275,101
left_turning,64309,64275,64309,34
walking,64330,64309,64330,21
sniffing,64331,64330,64331,1
right_turning,64353,64331,64353,22
sniffing,64432,64353,64432,79
rearing,64433,64432,64433,1
hunching,64434,64433,64434,1
sniffing,64534,64434,64534,100
trotting,64573,64534,64573,39
sniffing,64593,64573,64593,20
rising,64612,64593,64612,19
trotting,64635,64612,64635,23
sniffing,64651,64635,64651,16
rising,64698,64651,64698,47
rearing,64804,64698,64804,106
grooming,64968,64804,64968,164
hunching,65060,64968,65060,92
grooming,65061,65060,65061,1
sniffing,65185,65061,65185,124
walking,65250,65185,65250,65
sniffing,65362,65250,65362,112
left_turning,65415,65362,65415,53
rising,65421,65415,65421,6
sniffing,65429,65421,65429,8
rising,65461,65429,65461,32
climbing,65462,65461,65462,1
stepping,65538,65462,65538,76
rising,65539,65538,65539,1
climbing,65552,65539,65552,13
sniffing,65612,65552,65612,60
stepping,65646,65612,65646,34
sniffing,65647,65646,65647,1
walking,65687,65647,65687,40
sniffing,65795,65687,65795,108
walking,65825,65795,65825,30
sniffing,65977,65825,65977,152
rising,66020,65977,66020,43
sniffing,66075,66020,66075,55
walking,66119,66075,66119,44
rearing,66165,66119,66165,46
sniffing,66224,66165,66224,59
pausing,66246,66224,66246,22
sniffing,66250,66246,66250,4
climbing,66328,66250,66328,78
sniffing,66373,66328,66373,45
left_turning,66425,66373,66425,52
sniffing,66518,66425,66518,93
walking,66545,66518,66545,27
rising,66576,66545,66576,31
climbing,66577,66576,66577,1
rearing,66589,66577,66589,12
sniffing,66617,66589,66617,28
climbing,66748,66617,66748,131
hunching,66761,66748,66761,13
rising,66762,66761,66762,1
sniffing,66763,66762,66763,1
rising,66814,66763,66814,51
sniffing,66815,66814,66815,1
grooming,66865,66815,66865,50
sniffing,66997,66865,66997,132
walking,67006,66997,67006,9
sniffing,67088,67006,67088,82
trotting,67131,67088,67131,43
sniffing,67132,67131,67132,1
rising,67133,67132,67133,1
rearing,67254,67133,67254,121
sniffing,67255,67254,67255,1
left_turning,67266,67255,67266,11
sniffing,67544,67266,67544,278
rearing,67619,67544,67619,75
sniffing,67629,67619,67629,10
left_turning,67632,67629,67632,3
sniffing,67665,67632,67665,33
walking,67755,67665,67755,90
left_turning,67783,67755,67783,28
trotting,67796,67783,67796,13
sniffing,67889,67796,67889,93
pausing,68302,67889,68302,413
sniffing,68469,68302,68469,167
walking,68473,68469,68473,4
right_turning,68484,68473,68484,11
trotting,68530,68484,68530,46
running,68573,68530,68573,43
trotting,68587,68573,68587,14
stepping,68604,68587,68604,17
rising,68622,68604,68622,18
grooming,68692,68622,68692,70
sniffing,68693,68692,68693,1
left_turning,68705,68693,68705,12
sniffing,68783,68705,68783,78
left_turning,68798,68783,68798,15
sniffing,68860,68798,68860,62
rearing,68875,68860,68875,15
sniffing,68926,68875,68926,51
walking,68962,68926,68962,36
stepping,68986,68962,68986,24
right_turning,69007,68986,69007,21
sniffing,69090,69007,69090,83
climbing,69127,69090,69127,37
rearing,69200,69127,69200,73
sniffing,69248,69200,69248,48
left_turning,69309,69248,69309,61
sniffing,69335,69309,69335,26
rising,69338,69335,69338,3
sniffing,69364,69338,69364,26
rising,69365,69364,69365,1
climbing,69366,69365,69366,1
sniffing,69499,69366,69499,133
left_turning,69518,69499,69518,19
climbing,69528,69518,69528,10
rearing,69541,69528,69541,13
climbing,69601,69541,69601,60
rising,69617,69601,69617,16
sniffing,69686,69617,69686,69
pausing,69878,69686,69878,192
sniffing,70052,69878,70052,174
rising,70121,70052,70121,69
stepping,70123,70121,70123,2
rising,70155,70123,70155,32
sniffing,70156,70155,70156,1
stepping,70157,70156,70157,1
walking,70209,70157,70209,52
sniffing,70224,70209,70224,15
climbing,70276,70224,70276,52
rising,70348,70276,70348,72
rearing,70494,70348,70494,146
sniffing,70713,70494,70713,219
grooming,70714,70713,70714,1
hunching,70793,70714,70793,79
sniffing,70813,70793,70813,20
rising,70814,70813,70814,1
climbing,70945,70814,70945,131
walking,70985,70945,70985,40
left_turning,71052,70985,71052,67
sniffing,71206,71052,71206,154
grooming,71577,71206,71577,371
rearing,71755,71577,71755,178
rising,71779,71755,71779,24
grooming,71780,71779,71780,1
climbing,71934,71780,71934,154
rising,71941,71934,71941,7
sniffing,72023,71941,72023,82
rising,72056,72023,72056,33
right_turning,72057,72056,72057,1
walking,72133,72057,72133,76
climbing,72134,72133,72134,1
left_turning,72149,72134,72149,15
walking,72194,72149,72194,45
climbing,72231,72194,72231,37
jumping,72331,72231,72331,100
walking,72332,72331,72332,1
sniffing,72390,72332,72390,58
climbing,72391,72390,72391,1
rising,72408,72391,72408,17
hunching,72453,72408,72453,45
sniffing,72454,72453,72454,1
walking,72482,72454,72482,28
rearing,72497,72482,72497,15
rising,72543,72497,72543,46
climbing,72638,72543,72638,95
right_turning,72658,72638,72658,20
sniffing,72671,72658,72671,13
stepping,72736,72671,72736,65
climbing,72798,72736,72798,62
sniffing,72799,72798,72799,1
rising,72829,72799,72829,30
sniffing,72959,72829,72959,130
grooming,73031,72959,73031,72
rearing,73032,73031,73032,1
rising,73081,73032,73081,49
climbing,73275,73081,73275,194
trotting,73321,73275,73321,46
walking,73322,73321,73322,1
left_turning,73359,73322,73359,37
running,73362,73359,73362,3
rising,73397,73362,73397,35
trotting,73402,73397,73402,5
rising,73414,73402,73414,12
sniffing,73592,73414,73592,178
hunching,73688,73592,73688,96
rising,73736,73688,73736,48
stepping,73739,73736,73739,3
rearing,73740,73739,73740,1
grooming,73766,73740,73766,26
trotting,73775,73766,73775,9
sniffing,73888,73775,73888,113
stepping,73938,73888,73938,50
walking,73989,73938,73989,51
right_turning,74021,73989,74021,32
trotting,74044,74021,74044,23
walking,74047,74044,74047,3
sniffing,74149,74047,74149,102
grooming,74365,74149,74365,216
sniffing,74422,74365,74422,57
running,74452,74422,74452,30
left_turning,74533,74452,74533,81
rising,74534,74533,74534,1
sniffing,74778,74534,74778,244
rising,74779,74778,74779,1
climbing,74839,74779,74839,60
rearing,74874,74839,74874,35
climbing,74954,74874,74954,80
trotting,74979,74954,74979,25
sniffing,75071,74979,75071,92
rising,75081,75071,75081,10
rearing,75149,75081,75149,68
rising,75162,75149,75162,13
climbing,75190,75162,75190,28
walking,75223,75190,75223,33
right_turning,75257,75223,75257,34
trotting,75280,75257,75280,23
walking,75320,75280,75320,40
sniffing,75321,75320,75321,1
walking,75322,75321,75322,1
hunching,75395,75322,75395,73
right_turning,75396,75395,75396,1
left_turning,75397,75396,75397,1
walking,75412,75397,75412,15
stepping,75443,75412,75443,31
left_turning,75482,75443,75482,39
walking,75515,75482,75515,33
trotting,75587,75515,75587,72
sniffing,75641,75587,75641,54
pausing,75802,75641,75802,161
climbing,75973,75802,75973,171
sniffing,76089,75973,76089,116
rearing,76115,76089,76115,26
grooming,76116,76115,76116,1
climbing,76217,76116,76217,101
grooming,76349,76217,76349,132
rising,76350,76349,76350,1
climbing,76478,76350,76478,128
rearing,76532,76478,76532,54
rising,76545,76532,76545,13
climbing,76646,76545,76646,101
sniffing,76717,76646,76717,71
rising,76739,76717,76739,22
sniffing,76768,76739,76768,29
rearing,76769,76768,76769,1
grooming,76770,76769,76770,1
walking,76812,76770,76812,42
sniffing,76848,76812,76848,36
left_turning,76865,76848,76865,17
walking,76914,76865,76914,49
climbing,76996,76914,76996,82
walking,77005,76996,77005,9
sniffing,77053,77005,77053,48
climbing,77137,77053,77137,84
grooming,77138,77137,77138,1
running,77204,77138,77204,66
rising,77216,77204,77216,12
climbing,77267,77216,77267,51
hunching,77268,77267,77268,1
rising,77325,77268,77325,57
climbing,77326,77325,77326,1
rearing,77406,77326,77406,80
grooming,77560,77406,77560,154
sniffing,77579,77560,77579,19
right_turning,77633,77579,77633,54
climbing,77722,77633,77722,89
rising,77765,77722,77765,43
trotting,77769,77765,77769,4
rising,77819,77769,77819,50
trotting,77879,77819,77879,60
sniffing,78065,77879,78065,186
right_turning,78104,78065,78104,39
sniffing,78226,78104,78226,122
climbing,78227,78226,78227,1
rising,78238,78227,78238,11
climbing,78325,78238,78325,87
hunching,78326,78325,78326,1
sniffing,78348,78326,78348,22
walking,78443,78348,78443,95
sniffing,78461,78443,78461,18
hunching,78509,78461,78509,48
grooming,78577,78509,78577,68
rearing,78650,78577,78650,73
sniffing,78651,78650,78651,1
walking,78722,78651,78722,71
rising,78756,78722,78756,34
climbing,78842,78756,78842,86
sniffing,78843,78842,78843,1
rising,78849,78843,78849,6
right_turning,78917,78849,78917,68
sniffing,79023,78917,79023,106
walking,79096,79023,79096,73
sniffing,79101,79096,79101,5
walking,79111,79101,79111,10
rearing,79199,79111,79199,88
sniffing,79613,79199,79613,414
rising,79674,79613,79674,61
walking,79675,79674,79675,1
left_turning,79754,79675,79754,79
sniffing,79870,79754,79870,116
walking,79908,79870,79908,38
rearing,79962,79908,79962,54
climbing,80008,79962,80008,46
hunching,80054,80008,80054,46
rearing,80090,80054,80090,36
grooming,80353,80090,80353,263
rising,80462,80353,80462,109
sniffing,80535,80462,80535,73
rearing,80696,80535,80696,161
sniffing,80740,80696,80740,44
climbing,80762,80740,80762,22
rearing,80829,80762,80829,67
sniffing,80950,80829,80950,121
walking,80987,80950,80987,37
sniffing,80996,80987,80996,9
stepping,81012,80996,81012,16
sniffing,81039,81012,81039,27
rising,81062,81039,81062,23
right_turning,81115,81062,81115,53
walking,81176,81115,81176,61
hunching,81216,81176,81216,40
sniffing,81217,81216,81217,1
climbing,81269,81217,81269,52
right_turning,81287,81269,81287,18
walking,81349,81287,81349,62
sniffing,81531,81349,81531,182
rising,81566,81531,81566,35
hunching,81567,81566,81567,1
right_turning,81576,81567,81576,9
walking,81616,81576,81616,40
stepping,81661,81616,81661,45
walking,81669,81661,81669,8
climbing,81753,81669,81753,84
grooming,81914,81753,81914,161
sniffing,81915,81914,81915,1
left_turning,81950,81915,81950,35
rising,81998,81950,81998,48
climbing,82091,81998,82091,93
sniffing,82134,82091,82134,43
right_turning,82240,82134,82240,106
running,82277,82240,82277,37
walking,82372,82277,82372,95
left_turning,82373,82372,82373,1
sniffing,82455,82373,82455,82
rising,82499,82455,82499,44
climbing,82531,82499,82531,32
hunching,82618,82531,82618,87
rising,82658,82618,82658,40
right_turning,82659,82658,82659,1
trotting,82709,82659,82709,50
walking,82710,82709,82710,1
climbing,82823,82710,82823,113
sniffing,82824,82823,82824,1
hunching,82825,82824,82825,1
climbing,82826,82825,82826,1
rising,82865,82826,82865,39
sniffing,82910,82865,82910,45
grooming,82911,82910,82911,1
right_turning,82924,82911,82924,13
sniffing,83047,82924,83047,123
left_turning,83049,83047,83049,2
sniffing,83072,83049,83072,23
rising,83093,83072,83093,21
stepping,83112,83093,83112,19
walking,83153,83112,83153,41
right_turning,83193,83153,83193,40
walking,83262,83193,83262,69
rising,83342,83262,83342,80
right_turning,83352,83342,83352,10
walking,83367,83352,83367,15
stepping,83376,83367,83376,9
sniffing,83435,83376,83435,59
right_turning,83469,83435,83469,34
sniffing,83556,83469,83556,87
walking,83678,83556,83678,122
rising,83721,83678,83721,43
rearing,83838,83721,83838,117
hunching,83849,83838,83849,11
climbing,83850,83849,83850,1
rising,83910,83850,83910,60
climbing,83989,83910,83989,79
rising,83996,83989,83996,7
sniffing,83997,83996,83997,1
hunching,84038,83997,84038,41
right_turning,84043,84038,84043,5
sniffing,84072,84043,84072,29
rising,84102,84072,84102,30
rearing,84138,84102,84138,36
sniffing,84158,84138,84158,20
left_turning,84212,84158,84212,54
stepping,84270,84212,84270,58
sniffing,84317,84270,84317,47
left_turning,84392,84317,84392,75
walking,84431,84392,84431,39
sniffing,84451,84431,84451,20
walking,84491,84451,84491,40
stepping,84527,84491,84527,36
sniffing,84670,84527,84670,143
walking,84706,84670,84706,36
sniffing,84819,84706,84819,113
walking,84823,84819,84823,4
climbing,84866,84823,84866,43
rising,84924,84866,84924,58
climbing,84943,84924,84943,19
sniffing,84944,84943,84944,1
grooming,84945,84944,84945,1
sniffing,85093,84945,85093,148
left_turning,85124,85093,85124,31
walking,85129,85124,85129,5
sniffing,85191,85129,85191,62
walking,85192,85191,85192,1
sniffing,85322,85192,85322,130
trotting,85346,85322,85346,24
stepping,85378,85346,85378,32
sniffing,85524,85378,85524,146
hunching,85533,85524,85533,9
rising,85552,85533,85552,19
climbing,85599,85552,85599,47
rising,85638,85599,85638,39
sniffing,85660,85638,85660,22
rising,85685,85660,85685,25
hunching,85800,85685,85800,115
climbing,85855,85800,85855,55
rising,85856,85855,85856,1
rearing,85859,85856,85859,3
right_turning,85896,85859,85896,37
walking,85897,85896,85897,1
trotting,85934,85897,85934,37
stepping,85977,85934,85977,43
climbing,85983,85977,85983,6
rising,85984,85983,85984,1
hunching,86061,85984,86061,77
right_turning,86078,86061,86078,17
sniffing,86151,86078,86151,73
rising,86215,86151,86215,64
climbing,86236,86215,86236,21
walking,86283,86236,86283,47
right_turning,86294,86283,86294,11
walking,86407,86294,86407,113
sniffing,86527,86407,86527,120
running,86540,86527,86540,13
stepping,86570,86540,86570,30
rising,86571,86570,86571,1
sniffing,86720,86571,86720,149
pausing,86929,86720,86929,209
sniffing,87064,86929,87064,135
rising,87101,87064,87101,37
climbing,87136,87101,87136,35
sniffing,87187,87136,87187,51
climbing,87247,87187,87247,60
sniffing,87315,87247,87315,68
left_turning,87345,87315,87345,30
sniffing,87414,87345,87414,69
rising,87420,87414,87420,6
climbing,87504,87420,87504,84
walking,87522,87504,87522,18
rising,87523,87522,87523,1
climbing,87532,87523,87532,9
walking,87596,87532,87596,64
trotting,87687,87596,87687,91
running,87717,87687,87717,30
sniffing,87847,87717,87847,130
rearing,87919,87847,87919,72
rising,87958,87919,87958,39
sniffing,88110,87958,88110,152
climbing,88131,88110,88131,21
trotting,88132,88131,88132,1
stepping,88168,88132,88168,36
walking,88232,88168,88232,64
rising,88233,88232,88233,1
climbing,88252,88233,88252,19
walking,88298,88252,88298,46
left_turning,88377,88298,88377,79
walking,88443,88377,88443,66
sniffing,88545,88443,88545,102
right_turning,88565,88545,88565,20
walking,88582,88565,88582,17
sniffing,88684,88582,88684,102
grooming,88929,88684,88929,245
rising,88995,88929,88995,66
climbing,89056,88995,89056,61
trotting,89057,89056,89057,1
left_turning,89138,89057,89138,81
sniffing,89139,89138,89139,1
right_turning,89220,89139,89220,81
stepping,89289,89220,89289,69
left_turning,89380,89289,89380,91
rising,89415,89380,89415,35
climbing,89463,89415,89463,48
sniffing,89562,89463,89562,99
right_turning,89585,89562,89585,23
trotting,89594,89585,89594,9
walking,89675,89594,89675,81
sniffing,89676,89675,89676,1
rearing,89678,89676,89678,2
left_turning,89679,89678,89679,1
right_turning,89713,89679,89713,34
running,89731,89713,89731,18
rising,89788,89731,89788,57
sniffing,89789,89788,89789,1
climbing,89952,89789,89952,163
stepping,90012,89952,90012,60
sniffing,90404,90012,90404,392
left_turning,90405,90404,90405,1
walking,90436,90405,90436,31
sniffing,90461,90436,90461,25
left_turning,90543,90461,90543,82
running,90563,90543,90563,20
sniffing,90704,90563,90704,141
walking,90705,90704,90705,1
right_turning,90735,90705,90735,30
running,90766,90735,90766,31
sniffing,90767,90766,90767,1
left_turning,90780,90767,90780,13
walking,90876,90780,90876,96
running,90918,90876,90918,42
right_turning,90922,90918,90922,4
sniffing,91006,90922,91006,84
running,91017,91006,91017,11
sniffing,91062,91017,91062,45
right_turning,91086,91062,91086,24
rising,91110,91086,91110,24
climbing,91193,91110,91193,83
right_turning,91208,91193,91208,15
sniffing,91209,91208,91209,1
trotting,91247,91209,91247,38
sniffing,91250,91247,91250,3
walking,91312,91250,91312,62
sniffing,91316,91312,91316,4
trotting,91381,91316,91381,65
sniffing,91467,91381,91467,86
climbing,91540,91467,91540,73
rising,91614,91540,91614,74
climbing,91702,91614,91702,88
trotting,91719,91702,91719,17
left_turning,91755,91719,91755,36
sniffing,91756,91755,91756,1
left_turning,91765,91756,91765,9
sniffing,91766,91765,91766,1
rearing,91772,91766,91772,6
grooming,91773,91772,91773,1
rising,91781,91773,91781,8
rearing,91893,91781,91893,112
sniffing,91998,91893,91998,105
grooming,91999,91998,91999,1
sniffing,92000,91999,92000,1
grooming,92159,92000,92159,159
sniffing,92289,92159,92289,130
walking,92331,92289,92331,42
left_turning,92380,92331,92380,49
walking,92402,92380,92402,22
left_turning,92469,92402,92469,67
stepping,92525,92469,92525,56
sniffing,92565,92525,92565,40
walking,92587,92565,92587,22
sniffing,92668,92587,92668,81
rising,92738,92668,92738,70
climbing,92774,92738,92774,36
grooming,92775,92774,92775,1
sniffing,92917,92775,92917,142
climbing,93078,92917,93078,161
running,93110,93078,93110,32
right_turning,93215,93110,93215,105
sniffing,93310,93215,93310,95
climbing,93311,93310,93311,1
right_turning,93385,93311,93385,74
walking,93416,93385,93416,31
rising,93490,93416,93490,74
climbing,93652,93490,93652,162
walking,93734,93652,93734,82
rearing,93740,93734,93740,6
right_turning,93789,93740,93789,49
running,93830,93789,93830,41
right_turning,93852,93830,93852,22
rearing,93901,93852,93901,49
trotting,93935,93901,93935,34
left_turning,93980,93935,93980,45
trotting,94014,93980,94014,34
sniffing,94062,94014,94062,48
grooming,94063,94062,94063,1
rising,94071,94063,94071,8
climbing,94348,94071,94348,277
hunching,94414,94348,94414,66
rearing,94415,94414,94415,1
rising,94418,94415,94418,3
rearing,94431,94418,94431,13
rising,94453,94431,94453,22
climbing,94482,94453,94482,29
rising,94483,94482,94483,1
sniffing,94554,94483,94554,71
climbing,94635,94554,94635,81
trotting,94669,94635,94669,34
sniffing,94723,94669,94723,54
grooming,94804,94723,94804,81
hunching,94879,94804,94879,75
walking,94892,94879,94892,13
sniffing,94942,94892,94942,50
left_turning,94996,94942,94996,54
rising,95039,94996,95039,43
sniffing,95149,95039,95149,110
stepping,95191,95149,95191,42
trotting,95256,95191,95256,65
walking,95295,95256,95295,39
sniffing,95521,95295,95521,226
walking,95591,95521,95591,70
rising,95599,95591,95599,8
climbing,95663,95599,95663,64
rising,95858,95663,95858,195
climbing,95915,95858,95915,57
rearing,95947,95915,95947,32
stepping,95980,95947,95980,33
walking,95988,95980,95988,8
left_turning,96029,95988,96029,41
climbing,96074,96029,96074,45
grooming,96319,96074,96319,245
climbing,96424,96319,96424,105
walking,96437,96424,96437,13
sniffing,96438,96437,96438,1
hunching,96471,96438,96471,33
walking,96489,96471,96489,18
rising,96502,96489,96502,13
climbing,96547,96502,96547,45
left_turning,96583,96547,96583,36
trotting,96627,96583,96627,44
sniffing,96684,96627,96684,57
hunching,96685,96684,96685,1
rising,96717,96685,96717,32
climbing,96916,96717,96916,199
right_turning,96917,96916,96917,1
sniffing,97029,96917,97029,112
rising,97101,97029,97101,72
walking,97138,97101,97138,37
stepping,97181,97138,97181,43
sniffing,97291,97181,97291,110
right_turning,97360,97291,97360,69
stepping,97424,97360,97424,64
left_turning,97466,97424,97466,42
running,97467,97466,97467,1
climbing,97539,97467,97539,72
sniffing,97540,97539,97540,1
trotting,97560,97540,97560,20
sniffing,97660,97560,97660,100
stepping,97690,97660,97690,30
walking,97778,97690,97778,88
trotting,97795,97778,97795,17
rising,97846,97795,97846,51
hunching,97847,97846,97847,1
walking,97854,97847,97854,7
sniffing,97855,97854,97855,1
left_turning,97887,97855,97887,32
sniffing,98002,97887,98002,115
walking,98088,98002,98088,86
rising,98089,98088,98089,1
left_turning,98136,98089,98136,47
sniffing,98341,98136,98341,205
rising,98391,98341,98391,50
right_turning,98392,98391,98392,1
walking,98426,98392,98426,34
rising,98458,98426,98458,32
sniffing,98550,98458,98550,92
trotting,98594,98550,98594,44
sniffing,98611,98594,98611,17
trotting,98623,98611,98623,12
sniffing,98666,98623,98666,43
trotting,98674,98666,98674,8
sniffing,98675,98674,98675,1
walking,98718,98675,98718,43
rising,98729,98718,98729,11
rearing,98762,98729,98762,33
walking,98775,98762,98775,13
sniffing,98844,98775,98844,69
rising,98912,98844,98912,68
sniffing,99059,98912,99059,147
rising,99060,99059,99060,1
rearing,99076,99060,99076,16
left_turning,99082,99076,99082,6
sniffing,99204,99082,99204,122
rising,99205,99204,99205,1
sniffing,99228,99205,99228,23
rising,99255,99228,99255,27
climbing,99329,99255,99329,74
walking,99339,99329,99339,10
sniffing,99397,99339,99397,58
trotting,99449,99397,99449,52
rearing,99518,99449,99518,69
walking,99569,99518,99569,51
rising,99570,99569,99570,1
climbing,99764,99570,99764,194
sniffing,99765,99764,99765,1
walking,99769,99765,99769,4
trotting,99787,99769,99787,18
sniffing,99833,99787,99833,46
rising,99882,99833,99882,49
sniffing,99933,99882,99933,51
rising,99934,99933,99934,1
climbing,99956,99934,99956,22
rising,100007,99956,100007,51
hunching,100063,100007,100063,56
sniffing,100093,100063,100093,30
hunching,100189,100093,100189,96
left_turning,100235,100189,100235,46
rising,100274,100235,100274,39
sniffing,100332,100274,100332,58
rising,100420,100332,100420,88
sniffing,100492,100420,100492,72
walking,100539,100492,100539,47
rearing,100677,100539,100677,138
sniffing,100720,100677,100720,43
rising,100789,100720,100789,69
climbing,100826,100789,100826,37
hunching,100880,100826,100880,54
sniffing,100920,100880,100920,40
right_turning,100921,100920,100921,1
rearing,100942,100921,100942,21
rising,100970,100942,100970,28
sniffing,100971,100970,100971,1
left_turning,100987,100971,100987,16
sniffing,101065,100987,101065,78
pausing,101226,101065,101226,161
sniffing,101375,101226,101375,149
left_turning,101395,101375,101395,20
rising,101396,101395,101396,1
sniffing,101549,101396,101549,153
rising,101585,101549,101585,36
climbing,101686,101585,101686,101
running,101712,101686,101712,26
walking,101735,101712,101735,23
rising,101742,101735,101742,7
rearing,101811,101742,101811,69
walking,101812,101811,101812,1
stepping,101813,101812,101813,1
walking,101853,101813,101853,40
stepping,101911,101853,101911,58
walking,101956,101911,101956,45
sniffing,102037,101956,102037,81
rising,102058,102037,102058,21
sniffing,102121,102058,102121,63
hunching,102122,102121,102122,1
rearing,102155,102122,102155,33
walking,102264,102155,102264,109
sniffing,102345,102264,102345,81
rearing,102462,102345,102462,117
sniffing,102614,102462,102614,152
grooming,102653,102614,102653,39
climbing,102654,102653,102654,1
rearing,102711,102654,102711,57
sniffing,102769,102711,102769,58
rising,102812,102769,102812,43
sniffing,102930,102812,102930,118
stepping,102967,102930,102967,37
sniffing,103081,102967,103081,114
left_turning,103087,103081,103087,6
running,103103,103087,103103,16
sniffing,103210,103103,103210,107
right_turning,103270,103210,103270,60
trotting,103285,103270,103285,15
rising,103286,103285,103286,1
sniffing,103287,103286,103287,1
rearing,103388,103287,103388,101
sniffing,103389,103388,103389,1
stepping,103420,103389,103420,31
sniffing,103701,103420,103701,281
left_turning,103704,103701,103704,3
sniffing,103749,103704,103749,45
pausing,104201,103749,104201,452
sniffing,104202,104201,104202,1
rising,104262,104202,104262,60
climbing,104367,104262,104367,105
sniffing,104501,104367,104501,134
walking,104510,104501,104510,9
sniffing,104633,104510,104633,123
climbing,104648,104633,104648,15
grooming,105073,104648,105073,425
climbing,105074,105073,105074,1
sniffing,105159,105074,105159,85
rising,105188,105159,105188,29
rearing,105296,105188,105296,108
sniffing,105297,105296,105297,1
rising,105298,105297,105298,1
sniffing,105299,105298,105299,1
climbing,105336,105299,105336,37
rising,105409,105336,105409,73
climbing,105415,105409,105415,6
walking,105448,105415,105448,33
stepping,105531,105448,105531,83
sniffing,105552,105531,105552,21
rising,105578,105552,105578,26
climbing,105602,105578,105602,24
rising,105603,105602,105603,1
sniffing,105821,105603,105821,218
rising,105839,105821,105839,18
trotting,105881,105839,105881,42
rising,105939,105881,105939,58
sniffing,105958,105939,105958,19
left_turning,105986,105958,105986,28
walking,106021,105986,106021,35
sniffing,106136,106021,106136,115
rearing,106142,106136,106142,6
grooming,106385,106142,106385,243
climbing,106501,106385,106501,116
hunching,106621,106501,106621,120
climbing,106622,106621,106622,1
right_turning,106651,106622,106651,29
rising,106732,106651,106732,81
right_turning,106779,106732,106779,47
trotting,106859,106779,106859,80
stepping,106875,106859,106875,16
trotting,106876,106875,106876,1
sniffing,106916,106876,106916,40
rearing,106933,106916,106933,17
walking,106956,106933,106956,23
right_turning,106987,106956,106987,31
stepping,106994,106987,106994,7
walking,107071,106994,107071,77
sniffing,107112,107071,107112,41
rising,107216,107112,107216,104
hunching,107383,107216,107383,167
climbing,107505,107383,107505,122
right_turning,107512,107505,107512,7
sniffing,107559,107512,107559,47
rising,107560,107559,107560,1
climbing,107724,107560,107724,164
rearing,107725,107724,107725,1
sniffing,107824,107725,107824,99
walking,107834,107824,107834,10
sniffing,108000,107834,108000,166
