revised_movement_label,segBoundary,segBoundary_start,segBoundary_end,length
walking,25,0,25,25
sniffing,132,25,132,107
rising,185,132,185,53
trotting,215,185,215,30
walking,314,215,314,99
climbing,359,314,359,45
sniffing,466,359,466,107
left_turning,477,466,477,11
walking,543,477,543,66
climbing,556,543,556,13
rising,570,556,570,14
stepping,595,570,595,25
sniffing,656,595,656,61
walking,665,656,665,9
stepping,666,665,666,1
walking,746,666,746,80
stepping,810,746,810,64
hunching,838,810,838,28
rearing,873,838,873,35
grooming,928,873,928,55
rearing,1032,928,1032,104
left_turning,1044,1032,1044,12
climbing,1130,1044,1130,86
trotting,1139,1130,1139,9
right_turning,1154,1139,1154,15
trotting,1163,1154,1163,9
walking,1164,1163,1164,1
sniffing,1168,1164,1168,4
trotting,1193,1168,1193,25
sniffing,1223,1193,1223,30
left_turning,1224,1223,1224,1
sniffing,1301,1224,1301,77
right_turning,1347,1301,1347,46
running,1355,1347,1355,8
walking,1356,1355,1356,1
trotting,1367,1356,1367,11
sniffing,1370,1367,1370,3
walking,1389,1370,1389,19
climbing,1461,1389,1461,72
left_turning,1469,1461,1469,8
running,1509,1469,1509,40
walking,1510,1509,1510,1
climbing,1552,1510,1552,42
sniffing,1563,1552,1563,11
rising,1633,1563,1633,70
grooming,1634,1633,1634,1
walking,1646,1634,1646,12
sniffing,1701,1646,1701,55
rearing,1728,1701,1728,27
sniffing,1826,1728,1826,98
right_turning,1868,1826,1868,42
walking,1904,1868,1904,36
sniffing,2022,1904,2022,118
rising,2056,2022,2056,34
climbing,2076,2056,2076,20
sniffing,2077,2076,2077,1
rising,2105,2077,2105,28
sniffing,2138,2105,2138,33
left_turning,2139,2138,2139,1
walking,2164,2139,2164,25
climbing,2178,2164,2178,14
sniffing,2263,2178,2263,85
left_turning,2276,2263,2276,13
walking,2319,2276,2319,43
stepping,2363,2319,2363,44
climbing,2390,2363,2390,27
walking,2395,2390,2395,5
stepping,2415,2395,2415,20
walking,2446,2415,2446,31
sniffing,2581,2446,2581,135
grooming,2582,2581,2582,1
climbing,2641,2582,2641,59
walking,2648,2641,2648,7
rearing,2828,2648,2828,180
sniffing,2938,2828,2938,110
hunching,2974,2938,2974,36
sniffing,3044,2974,3044,70
rising,3076,3044,3076,32
climbing,3117,3076,3117,41
sniffing,3118,3117,3118,1
climbing,3177,3118,3177,59
rising,3244,3177,3244,67
stepping,3255,3244,3255,11
climbing,3298,3255,3298,43
sniffing,3349,3298,3349,51
right_turning,3350,3349,3350,1
left_turning,3371,3350,3371,21
trotting,3411,3371,3411,40
sniffing,3551,3411,3551,140
left_turning,3584,3551,3584,33
climbing,3638,3584,3638,54
sniffing,3652,3638,3652,14
stepping,3717,3652,3717,65
climbing,3753,3717,3753,36
rising,3856,3753,3856,103
walking,3930,3856,3930,74
rising,3970,3930,3970,40
climbing,4028,3970,4028,58
walking,4029,4028,4029,1
sniffing,4177,4029,4177,148
walking,4226,4177,4226,49
left_turning,4240,4226,4240,14
running,4294,4240,4294,54
sniffing,4312,4294,4312,18
climbing,4364,4312,4364,52
walking,4390,4364,4390,26
sniffing,4422,4390,4422,32
climbing,4508,4422,4508,86
walking,4566,4508,4566,58
sniffing,4635,4566,4635,69
stepping,4636,4635,4636,1
walking,4663,4636,4663,27
sniffing,4684,4663,4684,21
walking,4777,4684,4777,93
sniffing,4778,4777,4778,1
climbing,4816,4778,4816,38
sniffing,4851,4816,4851,35
walking,4947,4851,4947,96
sniffing,4996,4947,4996,49
trotting,5032,4996,5032,36
running,5046,5032,5046,14
walking,5047,5046,5047,1
rising,5103,5047,5103,56
hunching,5119,5103,5119,16
sniffing,5120,5119,5120,1
rising,5151,5120,5151,31
climbing,5210,5151,5210,59
rising,5233,5210,5233,23
climbing,5273,5233,5273,40
rising,5304,5273,5304,31
sniffing,5380,5304,5380,76
climbing,5414,5380,5414,34
sniffing,5508,5414,5508,94
rising,5537,5508,5537,29
right_turning,5563,5537,5563,26
left_turning,5658,5563,5658,95
sniffing,5711,5658,5711,53
rising,5734,5711,5734,23
stepping,5762,5734,5762,28
rising,5803,5762,5803,41
sniffing,5804,5803,5804,1
walking,5854,5804,5854,50
stepping,5873,5854,5873,19
sniffing,5874,5873,5874,1
trotting,5890,5874,5890,16
walking,5984,5890,5984,94
right_turning,6004,5984,6004,20
rising,6005,6004,6005,1
walking,6034,6005,6034,29
sniffing,6081,6034,6081,47
rising,6091,6081,6091,10
sniffing,6181,6091,6181,90
right_turning,6245,6181,6245,64
walking,6285,6245,6285,40
left_turning,6338,6285,6338,53
walking,6343,6338,6343,5
sniffing,6372,6343,6372,29
rising,6377,6372,6377,5
climbing,6394,6377,6394,17
sniffing,6422,6394,6422,28
left_turning,6479,6422,6479,57
stepping,6510,6479,6510,31
trotting,6518,6510,6518,8
stepping,6546,6518,6546,28
right_turning,6581,6546,6581,35
running,6614,6581,6614,33
sniffing,6733,6614,6733,119
left_turning,6734,6733,6734,1
sniffing,6765,6734,6765,31
rising,6796,6765,6796,31
sniffing,6834,6796,6834,38
rearing,6835,6834,6835,1
climbing,6862,6835,6862,27
hunching,6879,6862,6879,17
trotting,6906,6879,6906,27
rising,6930,6906,6930,24
climbing,6943,6930,6943,13
walking,6984,6943,6984,41
sniffing,7058,6984,7058,74
trotting,7133,7058,7133,75
left_turning,7161,7133,7161,28
sniffing,7227,7161,7227,66
climbing,7312,7227,7312,85
sniffing,7415,7312,7415,103
walking,7472,7415,7472,57
left_turning,7508,7472,7508,36
climbing,7561,7508,7561,53
rising,7613,7561,7613,52
trotting,7626,7613,7626,13
sniffing,7627,7626,7627,1
left_turning,7630,7627,7630,3
sniffing,7631,7630,7631,1
trotting,7649,7631,7649,18
sniffing,7652,7649,7652,3
rising,7702,7652,7702,50
sniffing,7703,7702,7703,1
walking,7758,7703,7758,55
sniffing,7873,7758,7873,115
grooming,7874,7873,7874,1
sniffing,7875,7874,7875,1
stepping,7919,7875,7919,44
sniffing,8029,7919,8029,110
walking,8042,8029,8042,13
sniffing,8045,8042,8045,3
left_turning,8069,8045,8069,24
sniffing,8226,8069,8226,157
left_turning,8227,8226,8227,1
sniffing,8330,8227,8330,103
climbing,8350,8330,8350,20
walking,8351,8350,8351,1
rising,8371,8351,8371,20
climbing,8411,8371,8411,40
left_turning,8426,8411,8426,15
walking,8427,8426,8427,1
trotting,8459,8427,8459,32
sniffing,8460,8459,8460,1
left_turning,8510,8460,8510,50
sniffing,8541,8510,8541,31
left_turning,8567,8541,8567,26
sniffing,8568,8567,8568,1
rearing,8610,8568,8610,42
sniffing,8611,8610,8611,1
climbing,8652,8611,8652,41
hunching,8653,8652,8653,1
sniffing,8726,8653,8726,73
climbing,8790,8726,8790,64
rising,8791,8790,8791,1
stepping,8848,8791,8848,57
climbing,8872,8848,8872,24
rising,8895,8872,8895,23
left_turning,8960,8895,8960,65
walking,8995,8960,8995,35
trotting,9048,8995,9048,53
walking,9095,9048,9095,47
sniffing,9189,9095,9189,94
rearing,9266,9189,9266,77
walking,9267,9266,9267,1
sniffing,9350,9267,9350,83
rearing,9382,9350,9382,32
left_turning,9398,9382,9398,16
walking,9428,9398,9428,30
right_turning,9443,9428,9443,15
running,9472,9443,9472,29
walking,9531,9472,9531,59
left_turning,9550,9531,9550,19
trotting,9551,9550,9551,1
sniffing,9591,9551,9591,40
walking,9601,9591,9601,10
sniffing,9725,9601,9725,124
walking,9778,9725,9778,53
sniffing,9866,9778,9866,88
walking,9903,9866,9903,37
sniffing,9904,9903,9904,1
rising,9960,9904,9960,56
walking,10011,9960,10011,51
left_turning,10026,10011,10026,15
walking,10065,10026,10065,39
sniffing,10192,10065,10192,127
rising,10235,10192,10235,43
sniffing,10276,10235,10276,41
walking,10313,10276,10313,37
sniffing,10349,10313,10349,36
pausing,10760,10349,10760,411
walking,10807,10760,10807,47
trotting,10890,10807,10890,83
sniffing,10891,10890,10891,1
running,10914,10891,10914,23
trotting,10971,10914,10971,57
left_turning,11022,10971,11022,51
sniffing,11114,11022,11114,92
left_turning,11131,11114,11131,17
right_turning,11132,11131,11132,1
running,11136,11132,11136,4
walking,11168,11136,11168,32
left_turning,11169,11168,11169,1
sniffing,11170,11169,11170,1
walking,11230,11170,11230,60
rising,11231,11230,11231,1
right_turning,11259,11231,11259,28
walking,11306,11259,11306,47
left_turning,11333,11306,11333,27
sniffing,11481,11333,11481,148
walking,11518,11481,11518,37
stepping,11528,11518,11528,10
walking,11548,11528,11548,20
rising,11620,11548,11620,72
climbing,11688,11620,11688,68
walking,11734,11688,11734,46
rising,11782,11734,11782,48
sniffing,11873,11782,11873,91
rising,11874,11873,11874,1
walking,11963,11874,11963,89
stepping,11964,11963,11964,1
sniffing,12076,11964,12076,112
climbing,12227,12076,12227,151
walking,12296,12227,12296,69
sniffing,12342,12296,12342,46
left_turning,12347,12342,12347,5
sniffing,12465,12347,12465,118
rising,12578,12465,12578,113
climbing,12598,12578,12598,20
sniffing,12614,12598,12614,16
rising,12645,12614,12645,31
rearing,12678,12645,12678,33
left_turning,12690,12678,12690,12
sniffing,12691,12690,12691,1
walking,12721,12691,12721,30
sniffing,12760,12721,12760,39
walking,12820,12760,12820,60
left_turning,12842,12820,12842,22
walking,12843,12842,12843,1
sniffing,12857,12843,12857,14
walking,12913,12857,12913,56
sniffing,12915,12913,12915,2
stepping,12976,12915,12976,61
rising,13022,12976,13022,46
sniffing,13082,13022,13082,60
rearing,13083,13082,13083,1
sniffing,13093,13083,13093,10
rearing,13111,13093,13111,18
walking,13166,13111,13166,55
sniffing,13224,13166,13224,58
climbing,13263,13224,13263,39
trotting,13300,13263,13300,37
walking,13365,13300,13365,65
sniffing,13366,13365,13366,1
rising,13367,13366,13367,1
sniffing,13385,13367,13385,18
trotting,13397,13385,13397,12
left_turning,13425,13397,13425,28
trotting,13441,13425,13441,16
sniffing,13465,13441,13465,24
rising,13519,13465,13519,54
sniffing,13599,13519,13599,80
climbing,13659,13599,13659,60
sniffing,13717,13659,13717,58
rising,13744,13717,13744,27
climbing,13797,13744,13797,53
rising,13826,13797,13826,29
sniffing,13857,13826,13857,31
walking,13858,13857,13858,1
rising,13908,13858,13908,50
sniffing,13909,13908,13909,1
climbing,14041,13909,14041,132
rising,14079,14041,14079,38
climbing,14111,14079,14111,32
running,14132,14111,14132,21
walking,14147,14132,14147,15
sniffing,14157,14147,14157,10
stepping,14193,14157,14193,36
walking,14215,14193,14215,22
sniffing,14245,14215,14245,30
rising,14305,14245,14305,60
sniffing,14320,14305,14320,15
walking,14375,14320,14375,55
sniffing,14383,14375,14383,8
trotting,14426,14383,14426,43
sniffing,14534,14426,14534,108
walking,14536,14534,14536,2
sniffing,14636,14536,14636,100
rising,14656,14636,14656,20
right_turning,14669,14656,14669,13
rising,14677,14669,14677,8
climbing,14758,14677,14758,81
rising,14833,14758,14833,75
climbing,14866,14833,14866,33
left_turning,14914,14866,14914,48
walking,14941,14914,14941,27
right_turning,14972,14941,14972,31
walking,15042,14972,15042,70
sniffing,15180,15042,15180,138
right_turning,15231,15180,15231,51
trotting,15276,15231,15276,45
walking,15294,15276,15294,18
rising,15452,15294,15452,158
sniffing,15478,15452,15478,26
trotting,15489,15478,15489,11
sniffing,15504,15489,15504,15
left_turning,15505,15504,15505,1
sniffing,15529,15505,15529,24
trotting,15569,15529,15569,40
sniffing,15651,15569,15651,82
rising,15652,15651,15652,1
sniffing,15680,15652,15680,28
climbing,15698,15680,15698,18
sniffing,15781,15698,15781,83
walking,15782,15781,15782,1
left_turning,15818,15782,15818,36
sniffing,15964,15818,15964,146
right_turning,15996,15964,15996,32
walking,16031,15996,16031,35
sniffing,16032,16031,16032,1
walking,16039,16032,16039,7
rising,16067,16039,16067,28
climbing,16141,16067,16141,74
sniffing,16225,16141,16225,84
stepping,16261,16225,16261,36
right_turning,16271,16261,16271,10
left_turning,16294,16271,16294,23
running,16308,16294,16308,14
left_turning,16347,16308,16347,39
sniffing,16360,16347,16360,13
rising,16361,16360,16361,1
rearing,16362,16361,16362,1
sniffing,16811,16362,16811,449
left_turning,16848,16811,16848,37
walking,16898,16848,16898,50
stepping,16953,16898,16953,55
sniffing,17019,16953,17019,66
trotting,17055,17019,17055,36
sniffing,17125,17055,17125,70
running,17134,17125,17134,9
sniffing,17154,17134,17154,20
climbing,17247,17154,17247,93
walking,17315,17247,17315,68
sniffing,17369,17315,17369,54
walking,17440,17369,17440,71
climbing,17491,17440,17491,51
hunching,17527,17491,17527,36
right_turning,17530,17527,17530,3
walking,17600,17530,17600,70
left_turning,17628,17600,17628,28
sniffing,17629,17628,17629,1
walking,17640,17629,17640,11
climbing,17728,17640,17728,88
hunching,17820,17728,17820,92
walking,17841,17820,17841,21
sniffing,17890,17841,17890,49
right_turning,17920,17890,17920,30
trotting,17964,17920,17964,44
sniffing,17965,17964,17965,1
hunching,18012,17965,18012,47
rearing,18024,18012,18024,12
climbing,18025,18024,18025,1
rising,18047,18025,18047,22
climbing,18101,18047,18101,54
rising,18143,18101,18143,42
right_turning,18148,18143,18148,5
walking,18166,18148,18166,18
rising,18167,18166,18167,1
climbing,18230,18167,18230,63
sniffing,18231,18230,18231,1
walking,18280,18231,18280,49
sniffing,18409,18280,18409,129
left_turning,18497,18409,18497,88
walking,18539,18497,18539,42
sniffing,18558,18539,18558,19
left_turning,18628,18558,18628,70
trotting,18695,18628,18695,67
walking,18743,18695,18743,48
sniffing,18773,18743,18773,30
left_turning,18824,18773,18824,51
grooming,18825,18824,18825,1
sniffing,18826,18825,18826,1
rising,18894,18826,18894,68
climbing,18946,18894,18946,52
walking,18947,18946,18947,1
sniffing,18974,18947,18974,27
right_turning,19000,18974,19000,26
walking,19080,19000,19080,80
trotting,19089,19080,19089,9
climbing,19146,19089,19146,57
trotting,19186,19146,19186,40
left_turning,19187,19186,19187,1
walking,19239,19187,19239,52
rising,19247,19239,19247,8
climbing,19301,19247,19301,54
grooming,19387,19301,19387,86
walking,19409,19387,19409,22
sniffing,19453,19409,19453,44
walking,19515,19453,19515,62
sniffing,19521,19515,19521,6
rearing,19558,19521,19558,37
hunching,19649,19558,19649,91
grooming,19739,19649,19739,90
sniffing,19822,19739,19822,83
rising,19865,19822,19865,43
sniffing,19892,19865,19892,27
hunching,19945,19892,19945,53
climbing,19946,19945,19946,1
rising,19959,19946,19959,13
sniffing,20146,19959,20146,187
walking,20184,20146,20184,38
sniffing,20213,20184,20213,29
rising,20243,20213,20243,30
climbing,20331,20243,20331,88
sniffing,20458,20331,20458,127
grooming,20485,20458,20485,27
sniffing,20557,20485,20557,72
climbing,20628,20557,20628,71
left_turning,20649,20628,20649,21
walking,20667,20649,20667,18
sniffing,20668,20667,20668,1
left_turning,20701,20668,20701,33
walking,20713,20701,20713,12
sniffing,20793,20713,20793,80
rising,20849,20793,20849,56
sniffing,20870,20849,20870,21
climbing,20871,20870,20871,1
walking,20872,20871,20872,1
sniffing,20900,20872,20900,28
stepping,20934,20900,20934,34
walking,20981,20934,20981,47
rising,21029,20981,21029,48
climbing,21062,21029,21062,33
hunching,21087,21062,21087,25
rising,21105,21087,21105,18
rearing,21122,21105,21122,17
sniffing,21200,21122,21200,78
climbing,21295,21200,21295,95
hunching,21296,21295,21296,1
right_turning,21297,21296,21297,1
walking,21388,21297,21388,91
left_turning,21431,21388,21431,43
sniffing,21432,21431,21432,1
climbing,21443,21432,21443,11
rearing,21444,21443,21444,1
rising,21504,21444,21504,60
sniffing,21661,21504,21661,157
rising,21694,21661,21694,33
sniffing,21808,21694,21808,114
rising,21816,21808,21816,8
climbing,21826,21816,21826,10
right_turning,21848,21826,21848,22
rising,21867,21848,21867,19
sniffing,21898,21867,21898,31
right_turning,21918,21898,21918,20
rising,21921,21918,21921,3
rearing,21927,21921,21927,6
rising,22009,21927,22009,82
left_turning,22075,22009,22075,66
sniffing,22156,22075,22156,81
trotting,22168,22156,22168,12
walking,22192,22168,22192,24
sniffing,22231,22192,22231,39
running,22244,22231,22244,13
walking,22277,22244,22277,33
rising,22368,22277,22368,91
stepping,22406,22368,22406,38
rising,22469,22406,22469,63
climbing,22530,22469,22530,61
sniffing,22608,22530,22608,78
running,22650,22608,22650,42
left_turning,22708,22650,22708,58
walking,22723,22708,22723,15
sniffing,22832,22723,22832,109
hunching,22833,22832,22833,1
right_turning,22835,22833,22835,2
trotting,22853,22835,22853,18
walking,22924,22853,22924,71
sniffing,22983,22924,22983,59
grooming,22984,22983,22984,1
sniffing,22985,22984,22985,1
walking,23039,22985,23039,54
rising,23077,23039,23077,38
climbing,23104,23077,23104,27
sniffing,23105,23104,23105,1
rearing,23150,23105,23150,45
walking,23151,23150,23151,1
rising,23153,23151,23153,2
climbing,23155,23153,23155,2
right_turning,23166,23155,23166,11
rising,23190,23166,23190,24
right_turning,23226,23190,23226,36
running,23238,23226,23238,12
walking,23274,23238,23274,36
rising,23291,23274,23291,17
rearing,23359,23291,23359,68
left_turning,23370,23359,23370,11
walking,23410,23370,23410,40
sniffing,23475,23410,23475,65
stepping,23479,23475,23479,4
walking,23559,23479,23559,80
hunching,23560,23559,23560,1
grooming,23664,23560,23664,104
climbing,23665,23664,23665,1
rearing,23692,23665,23692,27
sniffing,23765,23692,23765,73
grooming,23780,23765,23780,15
trotting,23797,23780,23797,17
walking,23834,23797,23834,37
stepping,23867,23834,23867,33
trotting,23868,23867,23868,1
sniffing,23913,23868,23913,45
climbing,23953,23913,23953,40
rearing,23981,23953,23981,28
climbing,24079,23981,24079,98
sniffing,24217,24079,24217,138
walking,24240,24217,24240,23
sniffing,24300,24240,24300,60
walking,24354,24300,24354,54
sniffing,24455,24354,24455,101
rising,24487,24455,24487,32
rearing,24534,24487,24534,47
grooming,24535,24534,24535,1
left_turning,24634,24535,24634,99
walking,24681,24634,24681,47
left_turning,24682,24681,24682,1
walking,24692,24682,24692,10
sniffing,24693,24692,24693,1
walking,24800,24693,24800,107
left_turning,24882,24800,24882,82
rising,24935,24882,24935,53
climbing,25026,24935,25026,91
sniffing,25077,25026,25077,51
trotting,25120,25077,25120,43
sniffing,25235,25120,25235,115
hunching,25344,25235,25344,109
climbing,25440,25344,25440,96
trotting,25485,25440,25485,45
left_turning,25486,25485,25486,1
trotting,25494,25486,25494,8
left_turning,25527,25494,25527,33
walking,25587,25527,25587,60
sniffing,25588,25587,25588,1
walking,25613,25588,25613,25
sniffing,25702,25613,25702,89
climbing,25741,25702,25741,39
right_turning,25775,25741,25775,34
running,25780,25775,25780,5
stepping,25806,25780,25806,26
rising,25807,25806,25807,1
left_turning,25877,25807,25877,70
trotting,25908,25877,25908,31
sniffing,25928,25908,25928,20
stepping,25994,25928,25994,66
rising,26053,25994,26053,59
walking,26078,26053,26078,25
rearing,26167,26078,26167,89
grooming,26315,26167,26315,148
running,26329,26315,26329,14
stepping,26369,26329,26369,40
sniffing,26461,26369,26461,92
pausing,26695,26461,26695,234
sniffing,26776,26695,26776,81
stepping,26790,26776,26790,14
sniffing,26791,26790,26791,1
climbing,26815,26791,26815,24
rising,26842,26815,26842,27
sniffing,26871,26842,26871,29
rising,26900,26871,26900,29
climbing,26998,26900,26998,98
rearing,26999,26998,26999,1
right_turning,27008,26999,27008,9
trotting,27024,27008,27024,16
walking,27028,27024,27028,4
hunching,27041,27028,27041,13
sniffing,27188,27041,27188,147
left_turning,27235,27188,27235,47
walking,27314,27235,27314,79
sniffing,27467,27314,27467,153
running,27497,27467,27497,30
sniffing,27592,27497,27592,95
walking,27638,27592,27638,46
sniffing,27789,27638,27789,151
grooming,27855,27789,27855,66
sniffing,28039,27855,28039,184
left_turning,28064,28039,28064,25
sniffing,28168,28064,28168,104
left_turning,28170,28168,28170,2
climbing,28208,28170,28208,38
hunching,28209,28208,28209,1
sniffing,28275,28209,28275,66
walking,28326,28275,28326,51
rising,28349,28326,28349,23
climbing,28350,28349,28350,1
sniffing,28491,28350,28491,141
rearing,28494,28491,28494,3
climbing,28611,28494,28611,117
rising,28612,28611,28612,1
climbing,28679,28612,28679,67
rising,28704,28679,28704,25
climbing,28749,28704,28749,45
rising,28848,28749,28848,99
walking,28849,28848,28849,1
hunching,28879,28849,28879,30
climbing,28915,28879,28915,36
rising,28916,28915,28916,1
right_turning,28938,28916,28938,22
walking,28959,28938,28959,21
sniffing,29067,28959,29067,108
rising,29078,29067,29078,11
climbing,29090,29078,29090,12
walking,29091,29090,29091,1
sniffing,29092,29091,29092,1
left_turning,29127,29092,29127,35
walking,29128,29127,29128,1
climbing,29275,29128,29275,147
walking,29292,29275,29292,17
sniffing,29460,29292,29460,168
trotting,29479,29460,29479,19
sniffing,29550,29479,29550,71
walking,29557,29550,29557,7
climbing,29587,29557,29587,30
rearing,29643,29587,29643,56
climbing,29683,29643,29683,40
left_turning,29732,29683,29732,49
rising,29733,29732,29733,1
right_turning,29769,29733,29769,36
walking,29770,29769,29770,1
running,29804,29770,29804,34
trotting,29828,29804,29828,24
sniffing,30021,29828,30021,193
rising,30042,30021,30042,21
climbing,30068,30042,30068,26
right_turning,30075,30068,30075,7
walking,30085,30075,30085,10
trotting,30103,30085,30103,18
sniffing,30241,30103,30241,138
climbing,30271,30241,30271,30
right_turning,30360,30271,30360,89
left_turning,30401,30360,30401,41
trotting,30408,30401,30408,7
sniffing,30494,30408,30494,86
hunching,30549,30494,30549,55
right_turning,30588,30549,30588,39
walking,30632,30588,30632,44
sniffing,30650,30632,30650,18
climbing,30687,30650,30687,37
sniffing,30688,30687,30688,1
left_turning,30758,30688,30758,70
rising,30789,30758,30789,31
climbing,30889,30789,30889,100
rising,30893,30889,30893,4
climbing,30977,30893,30977,84
rearing,31063,30977,31063,86
hunching,31080,31063,31080,17
rising,31109,31080,31109,29
climbing,31183,31109,31183,74
sniffing,31308,31183,31308,125
rising,31315,31308,31315,7
left_turning,31331,31315,31331,16
walking,31394,31331,31394,63
trotting,31410,31394,31410,16
walking,31414,31410,31414,4
sniffing,31516,31414,31516,102
left_turning,31557,31516,31557,41
rising,31586,31557,31586,29
climbing,31720,31586,31720,134
walking,31760,31720,31760,40
sniffing,31948,31760,31948,188
left_turning,32002,31948,32002,54
rising,32058,32002,32058,56
climbing,32122,32058,32122,64
walking,32124,32122,32124,2
climbing,32135,32124,32135,11
running,32171,32135,32171,36
climbing,32172,32171,32172,1
rising,32188,32172,32188,16
sniffing,32285,32188,32285,97
left_turning,32318,32285,32318,33
sniffing,32455,32318,32455,137
hunching,32514,32455,32514,59
climbing,32549,32514,32549,35
right_turning,32550,32549,32550,1
stepping,32571,32550,32571,21
left_turning,32589,32571,32589,18
hunching,32622,32589,32622,33
rising,32649,32622,32649,27
walking,32677,32649,32677,28
trotting,32716,32677,32716,39
sniffing,32819,32716,32819,103
rising,32859,32819,32859,40
right_turning,32870,32859,32870,11
grooming,33158,32870,33158,288
hunching,33233,33158,33233,75
walking,33289,33233,33289,56
right_turning,33290,33289,33290,1
walking,33307,33290,33307,17
rising,33308,33307,33308,1
rearing,33371,33308,33371,63
rising,33393,33371,33393,22
sniffing,33445,33393,33445,52
climbing,33501,33445,33501,56
stepping,33526,33501,33526,25
walking,33585,33526,33585,59
stepping,33594,33585,33594,9
rising,33687,33594,33687,93
climbing,33748,33687,33748,61
grooming,33872,33748,33872,124
sniffing,33950,33872,33950,78
grooming,34218,33950,34218,268
right_turning,34335,34218,34335,117
hunching,34362,34335,34362,27
rearing,34363,34362,34363,1
sniffing,34389,34363,34389,26
walking,34390,34389,34390,1
sniffing,34464,34390,34464,74
walking,34496,34464,34496,32
trotting,34529,34496,34529,33
hunching,34590,34529,34590,61
rising,34598,34590,34598,8
left_turning,34636,34598,34636,38
rising,34658,34636,34658,22
climbing,34671,34658,34671,13
walking,34747,34671,34747,76
climbing,34836,34747,34836,89
trotting,34877,34836,34877,41
rising,34905,34877,34905,28
climbing,34920,34905,34920,15
rising,35004,34920,35004,84
climbing,35078,35004,35078,74
rising,35105,35078,35105,27
right_turning,35111,35105,35111,6
trotting,35143,35111,35143,32
stepping,35192,35143,35192,49
right_turning,35198,35192,35198,6
climbing,35230,35198,35230,32
rearing,35275,35230,35275,45
rising,35276,35275,35276,1
climbing,35363,35276,35363,87
rearing,35445,35363,35445,82
grooming,35498,35445,35498,53
left_turning,35557,35498,35557,59
trotting,35574,35557,35574,17
rising,35575,35574,35575,1
sniffing,35610,35575,35610,35
grooming,35613,35610,35613,3
sniffing,35690,35613,35690,77
left_turning,35781,35690,35781,91
sniffing,35811,35781,35811,30
climbing,35844,35811,35844,33
rising,35862,35844,35862,18
sniffing,35895,35862,35895,33
climbing,35982,35895,35982,87
sniffing,36127,35982,36127,145
trotting,36177,36127,36177,50
climbing,36250,36177,36250,73
trotting,36258,36250,36258,8
walking,36305,36258,36305,47
grooming,36432,36305,36432,127
sniffing,36433,36432,36433,1
hunching,36524,36433,36524,91
sniffing,36643,36524,36643,119
right_turning,36667,36643,36667,24
running,36679,36667,36679,12
right_turning,36686,36679,36686,7
rearing,36713,36686,36713,27
climbing,36860,36713,36860,147
sniffing,36932,36860,36932,72
climbing,37016,36932,37016,84
rising,37062,37016,37062,46
climbing,37184,37062,37184,122
left_turning,37213,37184,37213,29
sniffing,37295,37213,37295,82
left_turning,37326,37295,37326,31
rising,37414,37326,37414,88
hunching,37415,37414,37415,1
walking,37468,37415,37468,53
stepping,37508,37468,37508,40
sniffing,37509,37508,37509,1
rising,37549,37509,37549,40
right_turning,37575,37549,37575,26
sniffing,37633,37575,37633,58
climbing,37653,37633,37653,20
rising,37714,37653,37714,61
rearing,37819,37714,37819,105
rising,37890,37819,37890,71
sniffing,38044,37890,38044,154
rising,38081,38044,38081,37
rearing,38094,38081,38094,13
left_turning,38114,38094,38114,20
walking,38140,38114,38140,26
rising,38181,38140,38181,41
right_turning,38213,38181,38213,32
sniffing,38214,38213,38214,1
running,38235,38214,38235,21
walking,38282,38235,38282,47
sniffing,38334,38282,38334,52
right_turning,38356,38334,38356,22
sniffing,38366,38356,38366,10
hunching,38420,38366,38420,54
sniffing,38755,38420,38755,335
trotting,38800,38755,38800,45
walking,38801,38800,38801,1
sniffing,38849,38801,38849,48
stepping,38900,38849,38900,51
rearing,39038,38900,39038,138
sniffing,39086,39038,39086,48
climbing,39087,39086,39087,1
rearing,39143,39087,39143,56
grooming,39195,39143,39195,52
left_turning,39205,39195,39205,10
walking,39231,39205,39231,26
sniffing,39232,39231,39232,1
pausing,39401,39232,39401,169
sniffing,39538,39401,39538,137
walking,39583,39538,39583,45
left_turning,39644,39583,39644,61
walking,39734,39644,39734,90
trotting,39763,39734,39763,29
walking,39774,39763,39774,11
climbing,39813,39774,39813,39
right_turning,39843,39813,39843,30
rising,39882,39843,39882,39
climbing,39903,39882,39903,21
rearing,39963,39903,39963,60
rising,39968,39963,39968,5
rearing,39969,39968,39969,1
sniffing,40073,39969,40073,104
climbing,40188,40073,40188,115
sniffing,40399,40188,40399,211
climbing,40400,40399,40400,1
rising,40441,40400,40441,41
grooming,40477,40441,40477,36
sniffing,40547,40477,40547,70
left_turning,40595,40547,40595,48
sniffing,40633,40595,40633,38
rising,40647,40633,40647,14
grooming,40662,40647,40662,15
sniffing,40765,40662,40765,103
climbing,40767,40765,40767,2
left_turning,40802,40767,40802,35
trotting,40827,40802,40827,25
left_turning,40866,40827,40866,39
walking,40872,40866,40872,6
sniffing,40989,40872,40989,117
stepping,41030,40989,41030,41
walking,41086,41030,41086,56
rising,41103,41086,41103,17
climbing,41124,41103,41124,21
rising,41220,41124,41220,96
climbing,41221,41220,41221,1
left_turning,41242,41221,41242,21
sniffing,41298,41242,41298,56
stepping,41333,41298,41333,35
sniffing,41351,41333,41351,18
rising,41397,41351,41397,46
climbing,41472,41397,41472,75
rearing,41475,41472,41475,3
right_turning,41511,41475,41511,36
climbing,41576,41511,41576,65
rising,41577,41576,41577,1
sniffing,41578,41577,41578,1
rearing,41649,41578,41649,71
sniffing,41650,41649,41650,1
rising,41656,41650,41656,6
right_turning,41691,41656,41691,35
trotting,41721,41691,41721,30
sniffing,41768,41721,41768,47
trotting,41786,41768,41786,18
climbing,41787,41786,41787,1
sniffing,41796,41787,41796,9
rising,41837,41796,41837,41
climbing,41873,41837,41873,36
running,41902,41873,41902,29
sniffing,41976,41902,41976,74
rising,42081,41976,42081,105
climbing,42134,42081,42134,53
sniffing,42210,42134,42210,76
right_turning,42235,42210,42235,25
walking,42255,42235,42255,20
sniffing,42309,42255,42309,54
grooming,42310,42309,42310,1
rising,42337,42310,42337,27
sniffing,42415,42337,42415,78
rising,42469,42415,42469,54
climbing,42528,42469,42528,59
sniffing,42620,42528,42620,92
trotting,42658,42620,42658,38
rising,42659,42658,42659,1
climbing,42753,42659,42753,94
sniffing,42831,42753,42831,78
rising,42846,42831,42846,15
climbing,42920,42846,42920,74
rising,42931,42920,42931,11
climbing,42986,42931,42986,55
rising,43017,42986,43017,31
trotting,43052,43017,43052,35
sniffing,43118,43052,43118,66
rising,43119,43118,43119,1
sniffing,43120,43119,43120,1
walking,43138,43120,43138,18
stepping,43179,43138,43179,41
climbing,43258,43179,43258,79
rising,43366,43258,43366,108
walking,43375,43366,43375,9
climbing,43411,43375,43411,36
hunching,43432,43411,43432,21
sniffing,43514,43432,43514,82
rising,43593,43514,43593,79
climbing,43698,43593,43698,105
walking,43725,43698,43725,27
left_turning,43804,43725,43804,79
sniffing,43805,43804,43805,1
left_turning,43843,43805,43843,38
rising,43933,43843,43933,90
rearing,43971,43933,43971,38
left_turning,43997,43971,43997,26
sniffing,44021,43997,44021,24
rearing,44094,44021,44094,73
stepping,44111,44094,44111,17
walking,44142,44111,44142,31
right_turning,44143,44142,44143,1
trotting,44176,44143,44176,33
left_turning,44205,44176,44205,29
trotting,44206,44205,44206,1
climbing,44247,44206,44247,41
sniffing,44461,44247,44461,214
walking,44478,44461,44478,17
right_turning,44494,44478,44494,16
sniffing,44548,44494,44548,54
walking,44549,44548,44549,1
stepping,44631,44549,44631,82
sniffing,44702,44631,44702,71
trotting,44727,44702,44727,25
walking,44815,44727,44815,88
sniffing,44900,44815,44900,85
right_turning,44960,44900,44960,60
walking,45010,44960,45010,50
stepping,45082,45010,45082,72
sniffing,45156,45082,45156,74
stepping,45230,45156,45230,74
sniffing,45325,45230,45325,95
walking,45326,45325,45326,1
sniffing,45327,45326,45327,1
grooming,45359,45327,45359,32
rearing,45360,45359,45360,1
running,45388,45360,45388,28
left_turning,45424,45388,45424,36
right_turning,45453,45424,45453,29
trotting,45458,45453,45458,5
walking,45477,45458,45477,19
stepping,45487,45477,45487,10
walking,45552,45487,45552,65
sniffing,45674,45552,45674,122
rearing,45692,45674,45692,18
climbing,45728,45692,45728,36
trotting,45772,45728,45772,44
climbing,45873,45772,45873,101
walking,45874,45873,45874,1
left_turning,45943,45874,45943,69
sniffing,45944,45943,45944,1
grooming,45984,45944,45984,40
hunching,46043,45984,46043,59
sniffing,46044,46043,46044,1
right_turning,46062,46044,46062,18
left_turning,46076,46062,46076,14
walking,46118,46076,46118,42
sniffing,46119,46118,46119,1
climbing,46242,46119,46242,123
rising,46272,46242,46272,30
rearing,46273,46272,46273,1
stepping,46301,46273,46301,28
sniffing,46302,46301,46302,1
rising,46310,46302,46310,8
sniffing,46408,46310,46408,98
right_turning,46438,46408,46438,30
stepping,46496,46438,46496,58
left_turning,46570,46496,46570,74
running,46598,46570,46598,28
stepping,46637,46598,46637,39
walking,46719,46637,46719,82
sniffing,46904,46719,46904,185
climbing,47001,46904,47001,97
sniffing,47013,47001,47013,12
left_turning,47027,47013,47027,14
rising,47074,47027,47074,47
sniffing,47100,47074,47100,26
rising,47125,47100,47125,25
walking,47192,47125,47192,67
sniffing,47233,47192,47233,41
rising,47234,47233,47234,1
climbing,47278,47234,47278,44
left_turning,47353,47278,47353,75
walking,47387,47353,47387,34
sniffing,47395,47387,47395,8
rearing,47503,47395,47503,108
sniffing,47507,47503,47507,4
right_turning,47551,47507,47551,44
trotting,47618,47551,47618,67
climbing,47619,47618,47619,1
walking,47640,47619,47640,21
sniffing,47701,47640,47701,61
walking,47733,47701,47733,32
rising,47760,47733,47760,27
walking,47821,47760,47821,61
sniffing,47996,47821,47996,175
stepping,48058,47996,48058,62
sniffing,48059,48058,48059,1
left_turning,48074,48059,48074,15
climbing,48137,48074,48137,63
rearing,48138,48137,48138,1
sniffing,48202,48138,48202,64
rising,48239,48202,48239,37
climbing,48318,48239,48318,79
rearing,48365,48318,48365,47
climbing,48467,48365,48467,102
running,48494,48467,48494,27
walking,48505,48494,48505,11
sniffing,48621,48505,48621,116
trotting,48636,48621,48636,15
left_turning,48637,48636,48637,1
walking,48672,48637,48672,35
left_turning,48702,48672,48702,30
walking,48736,48702,48736,34
sniffing,48957,48736,48957,221
trotting,48979,48957,48979,22
sniffing,48987,48979,48987,8
climbing,49031,48987,49031,44
sniffing,49041,49031,49041,10
right_turning,49062,49041,49062,21
walking,49146,49062,49146,84
sniffing,49147,49146,49147,1
left_turning,49196,49147,49196,49
walking,49400,49196,49400,204
trotting,49434,49400,49434,34
climbing,49541,49434,49541,107
rearing,49557,49541,49557,16
hunching,49647,49557,49647,90
sniffing,49685,49647,49685,38
grooming,49844,49685,49844,159
rearing,49871,49844,49871,27
sniffing,49872,49871,49872,1
climbing,49903,49872,49903,31
rising,49904,49903,49904,1
climbing,49937,49904,49937,33
right_turning,49969,49937,49969,32
sniffing,50008,49969,50008,39
rising,50070,50008,50070,62
rearing,50126,50070,50126,56
grooming,50206,50126,50206,80
climbing,50270,50206,50270,64
left_turning,50271,50270,50271,1
walking,50272,50271,50272,1
left_turning,50298,50272,50298,26
walking,50326,50298,50326,28
sniffing,50396,50326,50396,70
walking,50403,50396,50403,7
stepping,50442,50403,50442,39
walking,50443,50442,50443,1
sniffing,50459,50443,50459,16
rising,50532,50459,50532,73
climbing,50596,50532,50596,64
walking,50621,50596,50621,25
sniffing,50685,50621,50685,64
rising,50745,50685,50745,60
sniffing,50746,50745,50746,1
climbing,50824,50746,50824,78
sniffing,50825,50824,50825,1
trotting,50864,50825,50864,39
sniffing,50865,50864,50865,1
climbing,50937,50865,50937,72
rearing,50998,50937,50998,61
climbing,51126,50998,51126,128
sniffing,51127,51126,51127,1
walking,51185,51127,51185,58
sniffing,51233,51185,51233,48
hunching,51254,51233,51254,21
right_turning,51276,51254,51276,22
sniffing,51277,51276,51277,1
trotting,51304,51277,51304,27
sniffing,51430,51304,51430,126
walking,51448,51430,51448,18
stepping,51483,51448,51483,35
walking,51509,51483,51509,26
hunching,51546,51509,51546,37
grooming,51557,51546,51557,11
left_turning,51600,51557,51600,43
sniffing,51673,51600,51673,73
climbing,51694,51673,51694,21
sniffing,51695,51694,51695,1
rising,51720,51695,51720,25
grooming,51721,51720,51721,1
rearing,51722,51721,51722,1
climbing,51758,51722,51758,36
sniffing,51827,51758,51827,69
rising,51845,51827,51845,18
rearing,51868,51845,51868,23
climbing,51903,51868,51903,35
rising,51973,51903,51973,70
sniffing,51974,51973,51974,1
rearing,52232,51974,52232,258
climbing,52255,52232,52255,23
stepping,52332,52255,52332,77
walking,52403,52332,52403,71
running,52446,52403,52446,43
left_turning,52448,52446,52448,2
right_turning,52449,52448,52449,1
walking,52499,52449,52499,50
sniffing,52500,52499,52500,1
stepping,52533,52500,52533,33
sniffing,52542,52533,52542,9
rearing,52603,52542,52603,61
sniffing,52810,52603,52810,207
rising,52842,52810,52842,32
climbing,52951,52842,52951,109
sniffing,52952,52951,52952,1
walking,52959,52952,52959,7
sniffing,53072,52959,53072,113
trotting,53095,53072,53095,23
rising,53101,53095,53101,6
rearing,53227,53101,53227,126
sniffing,53263,53227,53263,36
climbing,53393,53263,53393,130
hunching,53394,53393,53394,1
rearing,53395,53394,53395,1
climbing,53470,53395,53470,75
right_turning,53511,53470,53511,41
walking,53562,53511,53562,51
sniffing,53677,53562,53677,115
rearing,53767,53677,53767,90
climbing,53849,53767,53849,82
trotting,53919,53849,53919,70
walking,53930,53919,53930,11
sniffing,54027,53930,54027,97
left_turning,54088,54027,54088,61
walking,54123,54088,54123,35
stepping,54131,54123,54131,8
rising,54300,54131,54300,169
walking,54369,54300,54369,69
rising,54427,54369,54427,58
walking,54442,54427,54442,15
right_turning,54471,54442,54471,29
trotting,54503,54471,54503,32
walking,54508,54503,54508,5
rising,54509,54508,54509,1
walking,54510,54509,54510,1
climbing,54518,54510,54518,8
sniffing,54572,54518,54572,54
trotting,54595,54572,54595,23
sniffing,54658,54595,54658,63
rising,54684,54658,54684,26
climbing,54823,54684,54823,139
rearing,54895,54823,54895,72
walking,54942,54895,54942,47
left_turning,55000,54942,55000,58
stepping,55010,55000,55010,10
walking,55037,55010,55037,27
rising,55127,55037,55127,90
climbing,55164,55127,55164,37
grooming,55310,55164,55310,146
sniffing,55425,55310,55425,115
climbing,55485,55425,55485,60
sniffing,55594,55485,55594,109
trotting,55616,55594,55616,22
sniffing,55645,55616,55645,29
climbing,55697,55645,55697,52
walking,55819,55697,55819,122
climbing,55879,55819,55879,60
walking,55903,55879,55903,24
rising,55920,55903,55920,17
right_turning,55930,55920,55930,10
running,55962,55930,55962,32
stepping,55974,55962,55974,12
walking,55986,55974,55986,12
sniffing,56153,55986,56153,167
climbing,56282,56153,56282,129
running,56310,56282,56310,28
walking,56356,56310,56356,46
sniffing,56390,56356,56390,34
rearing,56468,56390,56468,78
rising,56527,56468,56527,59
walking,56604,56527,56604,77
rising,56619,56604,56619,15
left_turning,56647,56619,56647,28
running,56676,56647,56676,29
trotting,56708,56676,56708,32
left_turning,56722,56708,56722,14
sniffing,56787,56722,56787,65
trotting,56830,56787,56830,43
left_turning,56831,56830,56831,1
walking,56910,56831,56910,79
rising,56922,56910,56922,12
rearing,56939,56922,56939,17
right_turning,56944,56939,56944,5
hunching,56996,56944,56996,52
grooming,56997,56996,56997,1
sniffing,57048,56997,57048,51
walking,57118,57048,57118,70
sniffing,57147,57118,57147,29
rising,57201,57147,57201,54
sniffing,57325,57201,57325,124
walking,57350,57325,57350,25
trotting,57386,57350,57386,36
rising,57415,57386,57415,29
climbing,57547,57415,57547,132
trotting,57601,57547,57601,54
walking,57602,57601,57602,1
trotting,57605,57602,57605,3
rising,57659,57605,57659,54
climbing,57708,57659,57708,49
running,57725,57708,57725,17
left_turning,57726,57725,57726,1
rising,57758,57726,57758,32
climbing,57844,57758,57844,86
trotting,57885,57844,57885,41
left_turning,57902,57885,57902,17
sniffing,57970,57902,57970,68
rearing,58008,57970,58008,38
climbing,58073,58008,58073,65
grooming,58074,58073,58074,1
rearing,58158,58074,58158,84
grooming,58316,58158,58316,158
hunching,58335,58316,58335,19
grooming,58518,58335,58518,183
hunching,58519,58518,58519,1
rising,58546,58519,58546,27
climbing,58555,58546,58555,9
rearing,58650,58555,58650,95
climbing,58703,58650,58703,53
rising,58716,58703,58716,13
left_turning,58734,58716,58734,18
sniffing,58766,58734,58766,32
walking,58793,58766,58793,27
sniffing,58896,58793,58896,103
walking,58937,58896,58937,41
right_turning,58990,58937,58990,53
sniffing,59088,58990,59088,98
climbing,59219,59088,59219,131
rising,59225,59219,59225,6
hunching,59254,59225,59254,29
rising,59274,59254,59274,20
grooming,59435,59274,59435,161
sniffing,59766,59435,59766,331
hunching,59839,59766,59839,73
climbing,59902,59839,59902,63
trotting,59961,59902,59961,59
sniffing,60047,59961,60047,86
walking,60088,60047,60088,41
sniffing,60089,60088,60089,1
rising,60090,60089,60090,1
stepping,60107,60090,60107,17
walking,60124,60107,60124,17
sniffing,60164,60124,60164,40
left_turning,60178,60164,60178,14
sniffing,60244,60178,60244,66
grooming,60245,60244,60245,1
sniffing,60304,60245,60304,59
rising,60305,60304,60305,1
climbing,60379,60305,60379,74
hunching,60380,60379,60380,1
sniffing,60381,60380,60381,1
rearing,60470,60381,60470,89
rising,60495,60470,60495,25
trotting,60509,60495,60509,14
running,60541,60509,60541,32
rising,60575,60541,60575,34
sniffing,60630,60575,60630,55
rising,60692,60630,60692,62
hunching,60712,60692,60712,20
right_turning,60735,60712,60735,23
trotting,60783,60735,60783,48
walking,60842,60783,60842,59
trotting,60899,60842,60899,57
right_turning,60900,60899,60900,1
sniffing,61014,60900,61014,114
walking,61015,61014,61015,1
left_turning,61081,61015,61081,66
trotting,61120,61081,61120,39
walking,61204,61120,61204,84
trotting,61235,61204,61235,31
stepping,61289,61235,61289,54
sniffing,61395,61289,61395,106
climbing,61405,61395,61405,10
right_turning,61427,61405,61427,22
running,61428,61427,61428,1
rising,61429,61428,61429,1
sniffing,61446,61429,61446,17
rising,61447,61446,61447,1
climbing,61532,61447,61532,85
running,61566,61532,61566,34
walking,61672,61566,61672,106
sniffing,61701,61672,61701,29
left_turning,61759,61701,61759,58
walking,61801,61759,61801,42
left_turning,61828,61801,61828,27
sniffing,61829,61828,61829,1
walking,61869,61829,61869,40
rising,61907,61869,61907,38
rearing,61937,61907,61937,30
grooming,62031,61937,62031,94
sniffing,62156,62031,62156,125
trotting,62174,62156,62174,18
rising,62190,62174,62190,16
sniffing,62329,62190,62329,139
climbing,62332,62329,62332,3
walking,62347,62332,62347,15
trotting,62355,62347,62355,8
sniffing,62359,62355,62359,4
walking,62410,62359,62410,51
sniffing,62551,62410,62551,141
right_turning,62571,62551,62571,20
walking,62611,62571,62611,40
sniffing,62654,62611,62654,43
walking,62655,62654,62655,1
sniffing,62697,62655,62697,42
rising,62698,62697,62698,1
rearing,62765,62698,62765,67
rising,62766,62765,62766,1
climbing,62782,62766,62782,16
rearing,62885,62782,62885,103
rising,62965,62885,62965,80
climbing,62999,62965,62999,34
walking,63099,62999,63099,100
rising,63112,63099,63112,13
sniffing,63360,63112,63360,248
rising,63408,63360,63408,48
climbing,63476,63408,63476,68
rising,63513,63476,63513,37
walking,63556,63513,63556,43
sniffing,63557,63556,63557,1
rising,63581,63557,63581,24
sniffing,63749,63581,63749,168
climbing,63864,63749,63864,115
rising,63935,63864,63935,71
climbing,64004,63935,64004,69
sniffing,64045,64004,64045,41
walking,64060,64045,64060,15
climbing,64133,64060,64133,73
sniffing,64244,64133,64244,111
grooming,64332,64244,64332,88
left_turning,64394,64332,64394,62
walking,64395,64394,64395,1
grooming,64507,64395,64507,112
hunching,64667,64507,64667,160
sniffing,64686,64667,64686,19
left_turning,64757,64686,64757,71
sniffing,64834,64757,64834,77
left_turning,64894,64834,64894,60
sniffing,64988,64894,64988,94
left_turning,65064,64988,65064,76
sniffing,65070,65064,65070,6
climbing,65079,65070,65079,9
grooming,65258,65079,65258,179
sniffing,65259,65258,65259,1
hunching,65281,65259,65281,22
grooming,65495,65281,65495,214
sniffing,65643,65495,65643,148
right_turning,65700,65643,65700,57
walking,65750,65700,65750,50
rearing,65797,65750,65797,47
rising,65833,65797,65833,36
rearing,65842,65833,65842,9
sniffing,65868,65842,65868,26
pausing,66451,65868,66451,583
sniffing,66578,66451,66578,127
rising,66625,66578,66625,47
climbing,66825,66625,66825,200
right_turning,66826,66825,66826,1
walking,66948,66826,66948,122
sniffing,67066,66948,67066,118
rearing,67078,67066,67078,12
trotting,67115,67078,67115,37
sniffing,67141,67115,67141,26
grooming,67446,67141,67446,305
hunching,67447,67446,67447,1
trotting,67520,67447,67520,73
stepping,67587,67520,67587,67
left_turning,67598,67587,67598,11
sniffing,67656,67598,67656,58
walking,67682,67656,67682,26
rising,67704,67682,67704,22
hunching,67719,67704,67719,15
sniffing,67816,67719,67816,97
walking,67879,67816,67879,63
sniffing,68060,67879,68060,181
left_turning,68078,68060,68078,18
rising,68121,68078,68121,43
climbing,68179,68121,68179,58
trotting,68240,68179,68240,61
sniffing,68433,68240,68433,193
left_turning,68481,68433,68481,48
hunching,68545,68481,68545,64
rearing,68581,68545,68581,36
climbing,68703,68581,68703,122
rising,68719,68703,68719,16
climbing,68764,68719,68764,45
sniffing,68766,68764,68766,2
rising,68883,68766,68883,117
climbing,68942,68883,68942,59
grooming,69277,68942,69277,335
rearing,69338,69277,69338,61
sniffing,69380,69338,69380,42
rearing,69482,69380,69482,102
grooming,69665,69482,69665,183
sniffing,69666,69665,69666,1
climbing,69720,69666,69720,54
hunching,69742,69720,69742,22
rearing,69869,69742,69869,127
rising,69915,69869,69915,46
right_turning,69964,69915,69964,49
sniffing,70003,69964,70003,39
rising,70004,70003,70004,1
stepping,70028,70004,70028,24
sniffing,70132,70028,70132,104
left_turning,70169,70132,70169,37
sniffing,70275,70169,70275,106
rising,70302,70275,70302,27
sniffing,70336,70302,70336,34
left_turning,70403,70336,70403,67
trotting,70432,70403,70432,29
hunching,70495,70432,70495,63
grooming,70496,70495,70496,1
climbing,70608,70496,70608,112
rising,70629,70608,70629,21
climbing,70665,70629,70665,36
sniffing,70728,70665,70728,63
rising,70739,70728,70739,11
rearing,70752,70739,70752,13
grooming,71083,70752,71083,331
hunching,71084,71083,71084,1
climbing,71174,71084,71174,90
hunching,71217,71174,71217,43
rearing,71279,71217,71279,62
rising,71333,71279,71333,54
climbing,71334,71333,71334,1
rearing,71369,71334,71369,35
rising,71390,71369,71390,21
rearing,71439,71390,71439,49
rising,71461,71439,71461,22
walking,71528,71461,71528,67
sniffing,71547,71528,71547,19
trotting,71599,71547,71599,52
walking,71654,71599,71654,55
climbing,71729,71654,71729,75
rising,71739,71729,71739,10
sniffing,71906,71739,71906,167
walking,71941,71906,71941,35
sniffing,71977,71941,71977,36
left_turning,71999,71977,71999,22
sniffing,72027,71999,72027,28
walking,72075,72027,72075,48
rising,72092,72075,72092,17
right_turning,72122,72092,72122,30
climbing,72240,72122,72240,118
grooming,72382,72240,72382,142
rearing,72420,72382,72420,38
rising,72421,72420,72421,1
climbing,72513,72421,72513,92
walking,72568,72513,72568,55
climbing,72659,72568,72659,91
rearing,72660,72659,72660,1
climbing,72714,72660,72714,54
rising,72836,72714,72836,122
climbing,72969,72836,72969,133
grooming,72970,72969,72970,1
rearing,73034,72970,73034,64
right_turning,73059,73034,73059,25
trotting,73070,73059,73070,11
left_turning,73131,73070,73131,61
stepping,73155,73131,73155,24
walking,73156,73155,73156,1
right_turning,73170,73156,73170,14
left_turning,73208,73170,73208,38
trotting,73228,73208,73228,20
sniffing,73327,73228,73327,99
rearing,73370,73327,73370,43
grooming,73902,73370,73902,532
trotting,73958,73902,73958,56
sniffing,74056,73958,74056,98
trotting,74079,74056,74079,23
walking,74080,74079,74080,1
sniffing,74174,74080,74174,94
left_turning,74175,74174,74175,1
stepping,74258,74175,74258,83
left_turning,74270,74258,74270,12
walking,74283,74270,74283,13
left_turning,74346,74283,74346,63
trotting,74404,74346,74404,58
sniffing,74511,74404,74511,107
rising,74512,74511,74512,1
rearing,74609,74512,74609,97
grooming,74954,74609,74954,345
sniffing,75014,74954,75014,60
rising,75044,75014,75044,30
rearing,75111,75044,75111,67
grooming,75167,75111,75167,56
walking,75189,75167,75189,22
sniffing,75222,75189,75222,33
walking,75273,75222,75273,51
sniffing,75343,75273,75343,70
walking,75442,75343,75442,99
sniffing,75506,75442,75506,64
rising,75548,75506,75548,42
sniffing,75715,75548,75715,167
hunching,75757,75715,75757,42
sniffing,75793,75757,75793,36
hunching,75820,75793,75820,27
rearing,75906,75820,75906,86
sniffing,76102,75906,76102,196
walking,76132,76102,76132,30
sniffing,76221,76132,76221,89
right_turning,76243,76221,76243,22
sniffing,76310,76243,76310,67
rising,76341,76310,76341,31
walking,76359,76341,76359,18
climbing,76428,76359,76428,69
hunching,76442,76428,76442,14
climbing,76506,76442,76506,64
sniffing,76577,76506,76577,71
walking,76608,76577,76608,31
sniffing,76617,76608,76617,9
pausing,76846,76617,76846,229
sniffing,76946,76846,76946,100
grooming,77011,76946,77011,65
climbing,77083,77011,77083,72
trotting,77093,77083,77093,10
walking,77141,77093,77141,48
rising,77186,77141,77186,45
walking,77232,77186,77232,46
grooming,77384,77232,77384,152
rising,77385,77384,77385,1
walking,77391,77385,77391,6
sniffing,77706,77391,77706,315
rising,77813,77706,77813,107
climbing,77903,77813,77903,90
right_turning,77904,77903,77904,1
running,77920,77904,77920,16
rearing,77921,77920,77921,1
rising,77922,77921,77922,1
climbing,78046,77922,78046,124
rearing,78077,78046,78077,31
grooming,78137,78077,78137,60
sniffing,78256,78137,78256,119
climbing,78269,78256,78269,13
hunching,78327,78269,78327,58
right_turning,78390,78327,78390,63
running,78391,78390,78391,1
sniffing,78483,78391,78483,92
walking,78508,78483,78508,25
sniffing,78586,78508,78586,78
walking,78643,78586,78643,57
sniffing,78851,78643,78851,208
rearing,78911,78851,78911,60
climbing,78915,78911,78915,4
right_turning,78933,78915,78933,18
running,78956,78933,78956,23
sniffing,79066,78956,79066,110
walking,79166,79066,79166,100
trotting,79188,79166,79188,22
sniffing,79299,79188,79299,111
hunching,79381,79299,79381,82
grooming,79382,79381,79382,1
climbing,79415,79382,79415,33
trotting,79475,79415,79475,60
stepping,79476,79475,79476,1
rising,79545,79476,79545,69
climbing,79634,79545,79634,89
grooming,79766,79634,79766,132
hunching,79845,79766,79845,79
sniffing,79864,79845,79864,19
stepping,79911,79864,79911,47
trotting,79954,79911,79954,43
walking,80010,79954,80010,56
rising,80011,80010,80011,1
stepping,80035,80011,80035,24
climbing,80036,80035,80036,1
rising,80082,80036,80082,46
walking,80143,80082,80143,61
sniffing,80150,80143,80150,7
rising,80168,80150,80168,18
climbing,80169,80168,80169,1
right_turning,80210,80169,80210,41
rearing,80240,80210,80240,30
rising,80272,80240,80272,32
climbing,80300,80272,80300,28
trotting,80315,80300,80315,15
climbing,80316,80315,80316,1
walking,80317,80316,80317,1
sniffing,80346,80317,80346,29
walking,80398,80346,80398,52
rising,80443,80398,80443,45
rearing,80444,80443,80444,1
left_turning,80445,80444,80445,1
rising,80496,80445,80496,51
sniffing,80573,80496,80573,77
climbing,80657,80573,80657,84
walking,80716,80657,80716,59
sniffing,80731,80716,80731,15
trotting,80765,80731,80765,34
sniffing,80828,80765,80828,63
rising,80851,80828,80851,23
hunching,80887,80851,80887,36
climbing,80951,80887,80951,64
walking,81003,80951,81003,52
sniffing,81004,81003,81004,1
stepping,81066,81004,81066,62
rearing,81094,81066,81094,28
walking,81105,81094,81105,11
sniffing,81163,81105,81163,58
climbing,81173,81163,81173,10
walking,81187,81173,81187,14
sniffing,81213,81187,81213,26
climbing,81298,81213,81298,85
sniffing,81299,81298,81299,1
rising,81346,81299,81346,47
sniffing,81537,81346,81537,191
climbing,81538,81537,81538,1
rising,81640,81538,81640,102
climbing,81651,81640,81651,11
rising,81657,81651,81657,6
sniffing,81658,81657,81658,1
grooming,82111,81658,82111,453
hunching,82295,82111,82295,184
sniffing,82382,82295,82382,87
trotting,82422,82382,82422,40
stepping,82465,82422,82465,43
left_turning,82503,82465,82503,38
climbing,82595,82503,82595,92
sniffing,82634,82595,82634,39
climbing,82635,82634,82635,1
walking,82748,82635,82748,113
left_turning,82757,82748,82757,9
rising,82802,82757,82802,45
rearing,82921,82802,82921,119
hunching,83116,82921,83116,195
right_turning,83127,83116,83127,11
trotting,83178,83127,83178,51
left_turning,83208,83178,83208,30
sniffing,83224,83208,83224,16
left_turning,83262,83224,83262,38
sniffing,83314,83262,83314,52
right_turning,83336,83314,83336,22
walking,83337,83336,83337,1
sniffing,83347,83337,83347,10
left_turning,83387,83347,83387,40
walking,83418,83387,83418,31
sniffing,83520,83418,83520,102
walking,83544,83520,83544,24
sniffing,83685,83544,83685,141
climbing,83847,83685,83847,162
hunching,83902,83847,83902,55
grooming,84269,83902,84269,367
rearing,84299,84269,84299,30
walking,84341,84299,84341,42
rising,84369,84341,84369,28
rearing,84398,84369,84398,29
right_turning,84441,84398,84441,43
rising,84487,84441,84487,46
climbing,84488,84487,84488,1
sniffing,84802,84488,84802,314
stepping,84846,84802,84846,44
walking,84878,84846,84878,32
rising,84894,84878,84894,16
sniffing,84913,84894,84913,19
hunching,84942,84913,84942,29
climbing,84943,84942,84943,1
rising,84972,84943,84972,29
climbing,85025,84972,85025,53
rising,85026,85025,85026,1
climbing,85094,85026,85094,68
grooming,85284,85094,85284,190
sniffing,85285,85284,85285,1
climbing,85331,85285,85331,46
rearing,85452,85331,85452,121
rising,85498,85452,85498,46
sniffing,85535,85498,85535,37
walking,85547,85535,85547,12
rising,85548,85547,85548,1
climbing,85712,85548,85712,164
rising,85739,85712,85739,27
climbing,85830,85739,85830,91
rearing,85915,85830,85915,85
sniffing,85918,85915,85918,3
walking,86011,85918,86011,93
stepping,86012,86011,86012,1
rearing,86055,86012,86055,43
grooming,86191,86055,86191,136
left_turning,86259,86191,86259,68
sniffing,86260,86259,86260,1
rising,86332,86260,86332,72
grooming,86669,86332,86669,337
hunching,86672,86669,86672,3
sniffing,86673,86672,86673,1
rearing,86674,86673,86674,1
sniffing,86712,86674,86712,38
walking,86715,86712,86715,3
rising,86785,86715,86785,70
sniffing,86786,86785,86786,1
walking,86787,86786,86787,1
stepping,86839,86787,86839,52
walking,86864,86839,86864,25
climbing,86925,86864,86925,61
sniffing,86946,86925,86946,21
rising,86947,86946,86947,1
sniffing,87001,86947,87001,54
walking,87041,87001,87041,40
sniffing,87143,87041,87143,102
rising,87151,87143,87151,8
climbing,87220,87151,87220,69
hunching,87298,87220,87298,78
grooming,87627,87298,87627,329
sniffing,87706,87627,87706,79
rising,87725,87706,87725,19
walking,87742,87725,87742,17
sniffing,87800,87742,87800,58
trotting,87803,87800,87803,3
left_turning,87854,87803,87854,51
sniffing,87907,87854,87907,53
climbing,87955,87907,87955,48
walking,88020,87955,88020,65
stepping,88034,88020,88034,14
left_turning,88045,88034,88045,11
sniffing,88133,88045,88133,88
left_turning,88174,88133,88174,41
climbing,88224,88174,88224,50
hunching,88255,88224,88255,31
rising,88385,88255,88385,130
climbing,88446,88385,88446,61
left_turning,88493,88446,88493,47
walking,88556,88493,88556,63
left_turning,88557,88556,88557,1
sniffing,88611,88557,88611,54
rearing,88615,88611,88615,4
trotting,88665,88615,88665,50
sniffing,88671,88665,88671,6
right_turning,88692,88671,88692,21
walking,88693,88692,88693,1
rearing,88715,88693,88715,22
hunching,88736,88715,88736,21
rearing,88873,88736,88873,137
grooming,89310,88873,89310,437
climbing,89399,89310,89399,89
rising,89427,89399,89427,28
climbing,89429,89427,89429,2
sniffing,89517,89429,89517,88
rising,89609,89517,89609,92
sniffing,89684,89609,89684,75
left_turning,89709,89684,89709,25
trotting,89732,89709,89732,23
sniffing,89733,89732,89733,1
rising,89749,89733,89749,16
hunching,89816,89749,89816,67
rearing,89907,89816,89907,91
climbing,89920,89907,89920,13
rising,89958,89920,89958,38
right_turning,89980,89958,89980,22
sniffing,90046,89980,90046,66
rising,90047,90046,90047,1
climbing,90135,90047,90135,88
sniffing,90207,90135,90207,72
walking,90251,90207,90251,44
left_turning,90282,90251,90282,31
rising,90342,90282,90342,60
sniffing,90387,90342,90387,45
walking,90461,90387,90461,74
sniffing,90478,90461,90478,17
stepping,90524,90478,90524,46
grooming,90823,90524,90823,299
sniffing,90824,90823,90824,1
rising,90839,90824,90839,15
sniffing,90840,90839,90840,1
pausing,91020,90840,91020,180
sniffing,91021,91020,91021,1
walking,91051,91021,91051,30
left_turning,91178,91051,91178,127
climbing,91231,91178,91231,53
right_turning,91288,91231,91288,57
walking,91332,91288,91332,44
sniffing,91333,91332,91333,1
rising,91692,91333,91692,359
left_turning,91704,91692,91704,12
rising,91742,91704,91742,38
jumping,91743,91742,91743,1
rising,91744,91743,91744,1
walking,91837,91744,91837,93
rising,91901,91837,91901,64
walking,91981,91901,91981,80
sniffing,91988,91981,91988,7
walking,92023,91988,92023,35
sniffing,92090,92023,92090,67
climbing,92139,92090,92139,49
walking,92232,92139,92232,93
sniffing,92374,92232,92374,142
rising,92405,92374,92405,31
climbing,92423,92405,92423,18
running,92458,92423,92458,35
sniffing,92459,92458,92459,1
right_turning,92481,92459,92481,22
walking,92493,92481,92493,12
rising,92520,92493,92520,27
climbing,92575,92520,92575,55
grooming,92576,92575,92576,1
walking,92605,92576,92605,29
sniffing,92726,92605,92726,121
trotting,92766,92726,92766,40
walking,92788,92766,92788,22
climbing,92789,92788,92789,1
walking,92858,92789,92858,69
climbing,92965,92858,92965,107
right_turning,92968,92965,92968,3
walking,92979,92968,92979,11
sniffing,93044,92979,93044,65
walking,93108,93044,93108,64
stepping,93151,93108,93151,43
walking,93183,93151,93183,32
left_turning,93206,93183,93206,23
sniffing,93268,93206,93268,62
walking,93357,93268,93357,89
left_turning,93417,93357,93417,60
running,93455,93417,93455,38
walking,93464,93455,93464,9
grooming,93465,93464,93465,1
rearing,93581,93465,93581,116
climbing,93693,93581,93693,112
walking,93744,93693,93744,51
sniffing,93972,93744,93972,228
walking,93992,93972,93992,20
rising,94006,93992,94006,14
sniffing,94154,94006,94154,148
walking,94196,94154,94196,42
rising,94246,94196,94246,50
climbing,94359,94246,94359,113
hunching,94412,94359,94412,53
climbing,94483,94412,94483,71
rising,94519,94483,94519,36
sniffing,94605,94519,94605,86
rising,94699,94605,94699,94
sniffing,94702,94699,94702,3
hunching,94705,94702,94705,3
rearing,94778,94705,94778,73
grooming,95108,94778,95108,330
sniffing,95155,95108,95155,47
left_turning,95203,95155,95203,48
climbing,95277,95203,95277,74
trotting,95319,95277,95319,42
sniffing,95387,95319,95387,68
pausing,95576,95387,95576,189
sniffing,95655,95576,95655,79
climbing,95726,95655,95726,71
sniffing,95951,95726,95951,225
rising,96062,95951,96062,111
sniffing,96063,96062,96063,1
left_turning,96098,96063,96098,35
climbing,96099,96098,96099,1
rearing,96167,96099,96167,68
grooming,96174,96167,96174,7
rearing,96278,96174,96278,104
grooming,96279,96278,96279,1
sniffing,96397,96279,96397,118
rising,96490,96397,96490,93
walking,96505,96490,96505,15
stepping,96538,96505,96538,33
rising,96539,96538,96539,1
right_turning,96551,96539,96551,12
walking,96580,96551,96580,29
rising,96630,96580,96630,50
sniffing,96795,96630,96795,165
walking,96802,96795,96802,7
left_turning,96803,96802,96803,1
walking,96830,96803,96830,27
rearing,96860,96830,96860,30
rising,96904,96860,96904,44
rearing,96931,96904,96931,27
walking,96985,96931,96985,54
left_turning,96986,96985,96986,1
running,97013,96986,97013,27
sniffing,97047,97013,97047,34
trotting,97079,97047,97079,32
sniffing,97129,97079,97129,50
left_turning,97130,97129,97130,1
walking,97160,97130,97160,30
rising,97233,97160,97233,73
climbing,97308,97233,97308,75
walking,97373,97308,97373,65
sniffing,97396,97373,97396,23
rising,97397,97396,97397,1
rearing,97504,97397,97504,107
rising,97645,97504,97645,141
climbing,97678,97645,97678,33
rising,97815,97678,97815,137
sniffing,97931,97815,97931,116
pausing,98053,97931,98053,122
sniffing,98085,98053,98085,32
rising,98099,98085,98099,14
sniffing,98132,98099,98132,33
walking,98166,98132,98166,34
sniffing,98167,98166,98167,1
walking,98236,98167,98236,69
sniffing,98351,98236,98351,115
left_turning,98390,98351,98390,39
sniffing,98523,98390,98523,133
rearing,98550,98523,98550,27
sniffing,98551,98550,98551,1
stepping,98575,98551,98575,24
sniffing,98694,98575,98694,119
left_turning,98712,98694,98712,18
walking,98713,98712,98713,1
sniffing,99021,98713,99021,308
right_turning,99045,99021,99045,24
walking,99090,99045,99090,45
stepping,99135,99090,99135,45
left_turning,99166,99135,99166,31
sniffing,99385,99166,99385,219
left_turning,99481,99385,99481,96
sniffing,99614,99481,99614,133
rising,99676,99614,99676,62
climbing,99677,99676,99677,1
rearing,99732,99677,99732,55
sniffing,99830,99732,99830,98
left_turning,99839,99830,99839,9
sniffing,99960,99839,99960,121
pausing,100003,99960,100003,43
sniffing,100004,100003,100004,1
right_turning,100064,100004,100064,60
sniffing,100113,100064,100113,49
trotting,100140,100113,100140,27
left_turning,100186,100140,100186,46
sniffing,100243,100186,100243,57
walking,100259,100243,100259,16
rearing,100393,100259,100393,134
sniffing,100696,100393,100696,303
rising,100727,100696,100727,31
rearing,100754,100727,100754,27
rising,100829,100754,100829,75
sniffing,100872,100829,100872,43
left_turning,100893,100872,100893,21
sniffing,100894,100893,100894,1
hunching,100956,100894,100956,62
sniffing,101038,100956,101038,82
rising,101052,101038,101052,14
rearing,101053,101052,101053,1
climbing,101054,101053,101054,1
grooming,101222,101054,101222,168
sniffing,101330,101222,101330,108
rising,101392,101330,101392,62
climbing,101433,101392,101433,41
hunching,101476,101433,101476,43
sniffing,101572,101476,101572,96
pausing,101810,101572,101810,238
sniffing,101897,101810,101897,87
rearing,102001,101897,102001,104
rising,102075,102001,102075,74
rearing,102188,102075,102188,113
walking,102232,102188,102232,44
rising,102285,102232,102285,53
climbing,102286,102285,102286,1
right_turning,102298,102286,102298,12
trotting,102341,102298,102341,43
walking,102364,102341,102364,23
stepping,102383,102364,102383,19
sniffing,102396,102383,102396,13
rising,102397,102396,102397,1
rearing,102398,102397,102398,1
hunching,102453,102398,102453,55
trotting,102472,102453,102472,19
walking,102567,102472,102567,95
rising,102569,102567,102569,2
stepping,102629,102569,102629,60
left_turning,102698,102629,102698,69
walking,102742,102698,102742,44
trotting,102773,102742,102773,31
climbing,102799,102773,102799,26
rising,102800,102799,102800,1
climbing,102801,102800,102801,1
rearing,102802,102801,102802,1
rising,102838,102802,102838,36
rearing,102839,102838,102839,1
climbing,102908,102839,102908,69
grooming,103123,102908,103123,215
sniffing,103161,103123,103161,38
rising,103168,103161,103168,7
climbing,103242,103168,103242,74
sniffing,103243,103242,103243,1
climbing,103299,103243,103299,56
sniffing,103385,103299,103385,86
climbing,103468,103385,103468,83
right_turning,103512,103468,103512,44
sniffing,103579,103512,103579,67
stepping,103651,103579,103651,72
sniffing,103756,103651,103756,105
walking,103757,103756,103757,1
sniffing,103768,103757,103768,11
grooming,103769,103768,103769,1
sniffing,103875,103769,103875,106
running,103892,103875,103892,17
walking,103933,103892,103933,41
sniffing,104100,103933,104100,167
grooming,104292,104100,104292,192
climbing,104293,104292,104293,1
right_turning,104316,104293,104316,23
walking,104355,104316,104355,39
sniffing,104356,104355,104356,1
stepping,104366,104356,104366,10
walking,104375,104366,104375,9
sniffing,104444,104375,104444,69
rearing,104524,104444,104524,80
walking,104536,104524,104536,12
rising,104594,104536,104594,58
right_turning,104595,104594,104595,1
stepping,104624,104595,104624,29
climbing,104790,104624,104790,166
rising,104833,104790,104833,43
right_turning,104887,104833,104887,54
sniffing,104939,104887,104939,52
left_turning,104940,104939,104940,1
running,104944,104940,104944,4
sniffing,105006,104944,105006,62
rising,105077,105006,105077,71
right_turning,105111,105077,105111,34
running,105140,105111,105140,29
sniffing,105188,105140,105188,48
pausing,105425,105188,105425,237
sniffing,105496,105425,105496,71
grooming,105587,105496,105587,91
left_turning,105618,105587,105618,31
rising,105624,105618,105624,6
sniffing,105781,105624,105781,157
rearing,105828,105781,105828,47
hunching,105832,105828,105832,4
rearing,105937,105832,105937,105
grooming,106168,105937,106168,231
sniffing,106210,106168,106210,42
hunching,106235,106210,106235,25
climbing,106378,106235,106378,143
rising,106406,106378,106406,28
walking,106427,106406,106427,21
sniffing,106482,106427,106482,55
left_turning,106530,106482,106530,48
sniffing,106648,106530,106648,118
stepping,106680,106648,106680,32
climbing,106836,106680,106836,156
rearing,106930,106836,106930,94
sniffing,106991,106930,106991,61
rising,107065,106991,107065,74
climbing,107168,107065,107168,103
sniffing,107240,107168,107240,72
climbing,107336,107240,107336,96
grooming,107609,107336,107609,273
rising,107637,107609,107637,28
sniffing,107777,107637,107777,140
climbing,107781,107777,107781,4
right_turning,107797,107781,107797,16
walking,107798,107797,107798,1
sniffing,107799,107798,107799,1
right_turning,107852,107799,107852,53
trotting,107907,107852,107907,55
sniffing,108000,107907,108000,93
