revised_movement_label,segBoundary,segBoundary_start,segBoundary_end,length
sniffing,137,0,137,137
walking,159,137,159,22
stepping,216,159,216,57
climbing,252,216,252,36
sniffing,436,252,436,184
rising,437,436,437,1
stepping,443,437,443,6
sniffing,444,443,444,1
walking,473,444,473,29
climbing,509,473,509,36
sniffing,510,509,510,1
pausing,751,510,751,241
sniffing,879,751,879,128
running,909,879,909,30
walking,957,909,957,48
rising,999,957,999,42
left_turning,1032,999,1032,33
sniffing,1109,1032,1109,77
hunching,1110,1109,1110,1
climbing,1153,1110,1153,43
rising,1220,1153,1220,67
climbing,1239,1220,1239,19
sniffing,1360,1239,1360,121
walking,1375,1360,1375,15
right_turning,1407,1375,1407,32
sniffing,1475,1407,1475,68
climbing,1493,1475,1493,18
sniffing,1725,1493,1725,232
right_turning,1727,1725,1727,2
trotting,1748,1727,1748,21
sniffing,1844,1748,1844,96
walking,1845,1844,1845,1
trotting,1846,1845,1846,1
sniffing,1863,1846,1863,17
trotting,1925,1863,1925,62
sniffing,2026,1925,2026,101
stepping,2027,2026,2027,1
climbing,2070,2027,2070,43
sniffing,2197,2070,2197,127
walking,2241,2197,2241,44
left_turning,2333,2241,2333,92
walking,2379,2333,2379,46
climbing,2409,2379,2409,30
running,2416,2409,2416,7
rising,2451,2416,2451,35
rearing,2452,2451,2452,1
rising,2563,2452,2563,111
climbing,2613,2563,2613,50
walking,2638,2613,2638,25
left_turning,2655,2638,2655,17
running,2726,2655,2726,71
walking,2782,2726,2782,56
hunching,2783,2782,2783,1
climbing,2877,2783,2877,94
sniffing,2878,2877,2878,1
trotting,2879,2878,2879,1
walking,2880,2879,2880,1
sniffing,2954,2880,2954,74
rising,3007,2954,3007,53
sniffing,3008,3007,3008,1
stepping,3075,3008,3075,67
sniffing,3210,3075,3210,135
rising,3211,3210,3211,1
climbing,3237,3211,3237,26
rising,3247,3237,3247,10
sniffing,3248,3247,3248,1
walking,3260,3248,3260,12
stepping,3307,3260,3307,47
walking,3396,3307,3396,89
stepping,3439,3396,3439,43
rising,3448,3439,3448,9
walking,3493,3448,3493,45
rising,3543,3493,3543,50
walking,3604,3543,3604,61
sniffing,3605,3604,3605,1
pausing,3870,3605,3870,265
sniffing,3892,3870,3892,22
walking,3919,3892,3919,27
trotting,3920,3919,3920,1
stepping,3964,3920,3964,44
sniffing,4036,3964,4036,72
walking,4037,4036,4037,1
sniffing,4038,4037,4038,1
walking,4098,4038,4098,60
sniffing,4178,4098,4178,80
trotting,4188,4178,4188,10
sniffing,4191,4188,4191,3
climbing,4254,4191,4254,63
left_turning,4259,4254,4259,5
stepping,4295,4259,4295,36
sniffing,4369,4295,4369,74
left_turning,4413,4369,4413,44
running,4447,4413,4447,34
sniffing,4477,4447,4477,30
rising,4478,4477,4478,1
left_turning,4479,4478,4479,1
stepping,4566,4479,4566,87
sniffing,4688,4566,4688,122
walking,4703,4688,4703,15
running,4752,4703,4752,49
walking,4778,4752,4778,26
sniffing,4856,4778,4856,78
grooming,5034,4856,5034,178
hunching,5049,5034,5049,15
sniffing,5094,5049,5094,45
rearing,5095,5094,5095,1
rising,5143,5095,5143,48
walking,5207,5143,5207,64
sniffing,5208,5207,5208,1
rising,5225,5208,5225,17
climbing,5254,5225,5254,29
rising,5346,5254,5346,92
climbing,5364,5346,5364,18
trotting,5380,5364,5380,16
left_turning,5384,5380,5384,4
running,5419,5384,5419,35
left_turning,5448,5419,5448,29
running,5470,5448,5470,22
sniffing,5513,5470,5513,43
left_turning,5578,5513,5578,65
rising,5618,5578,5618,40
trotting,5661,5618,5661,43
sniffing,5798,5661,5798,137
rising,5799,5798,5799,1
stepping,5803,5799,5803,4
rising,5865,5803,5865,62
climbing,5903,5865,5903,38
sniffing,5970,5903,5970,67
rising,5972,5970,5972,2
rearing,6040,5972,6040,68
rising,6053,6040,6053,13
climbing,6083,6053,6083,30
walking,6126,6083,6126,43
left_turning,6200,6126,6200,74
sniffing,6304,6200,6304,104
left_turning,6317,6304,6317,13
running,6338,6317,6338,21
trotting,6339,6338,6339,1
sniffing,6403,6339,6403,64
climbing,6454,6403,6454,51
sniffing,6472,6454,6472,18
walking,6574,6472,6574,102
sniffing,6614,6574,6614,40
walking,6657,6614,6657,43
climbing,6765,6657,6765,108
walking,6807,6765,6807,42
sniffing,6937,6807,6937,130
rising,6938,6937,6938,1
sniffing,6939,6938,6939,1
grooming,6994,6939,6994,55
trotting,7049,6994,7049,55
rising,7080,7049,7080,31
climbing,7146,7080,7146,66
sniffing,7173,7146,7173,27
rising,7232,7173,7232,59
walking,7296,7232,7296,64
right_turning,7333,7296,7333,37
walking,7428,7333,7428,95
climbing,7468,7428,7468,40
sniffing,7469,7468,7469,1
pausing,7827,7469,7827,358
sniffing,7829,7827,7829,2
rising,7832,7829,7832,3
climbing,7846,7832,7846,14
rising,7884,7846,7884,38
left_turning,7890,7884,7890,6
walking,7891,7890,7891,1
rising,7947,7891,7947,56
walking,7958,7947,7958,11
left_turning,7996,7958,7996,38
sniffing,8019,7996,8019,23
rising,8072,8019,8072,53
walking,8099,8072,8099,27
rearing,8191,8099,8191,92
grooming,8361,8191,8361,170
right_turning,8407,8361,8407,46
trotting,8416,8407,8416,9
sniffing,8417,8416,8417,1
rising,8452,8417,8452,35
climbing,8489,8452,8489,37
walking,8490,8489,8490,1
left_turning,8546,8490,8546,56
climbing,8596,8546,8596,50
left_turning,8605,8596,8605,9
rising,8646,8605,8646,41
sniffing,8696,8646,8696,50
rising,8711,8696,8711,15
hunching,8732,8711,8732,21
climbing,8762,8732,8762,30
right_turning,8817,8762,8817,55
walking,8857,8817,8857,40
climbing,8858,8857,8858,1
rising,8944,8858,8944,86
climbing,8986,8944,8986,42
sniffing,9035,8986,9035,49
running,9063,9035,9063,28
walking,9118,9063,9118,55
sniffing,9244,9118,9244,126
left_turning,9275,9244,9275,31
sniffing,9723,9275,9723,448
right_turning,9779,9723,9779,56
stepping,9824,9779,9824,45
climbing,9902,9824,9902,78
sniffing,9956,9902,9956,54
left_turning,10002,9956,10002,46
sniffing,10036,10002,10036,34
right_turning,10067,10036,10067,31
left_turning,10108,10067,10108,41
walking,10157,10108,10157,49
sniffing,10173,10157,10173,16
right_turning,10212,10173,10212,39
rising,10213,10212,10213,1
right_turning,10271,10213,10271,58
rising,10281,10271,10281,10
sniffing,10282,10281,10282,1
rising,10376,10282,10376,94
climbing,10411,10376,10411,35
sniffing,10449,10411,10449,38
climbing,10475,10449,10475,26
walking,10476,10475,10476,1
left_turning,10543,10476,10543,67
sniffing,10675,10543,10675,132
stepping,10706,10675,10706,31
rising,10803,10706,10803,97
rearing,10864,10803,10864,61
hunching,10876,10864,10876,12
climbing,10930,10876,10930,54
sniffing,10946,10930,10946,16
left_turning,10947,10946,10947,1
trotting,10962,10947,10962,15
sniffing,10991,10962,10991,29
right_turning,11024,10991,11024,33
sniffing,11202,11024,11202,178
trotting,11249,11202,11249,47
left_turning,11282,11249,11282,33
sniffing,11301,11282,11301,19
walking,11395,11301,11395,94
sniffing,11404,11395,11404,9
walking,11460,11404,11460,56
climbing,11485,11460,11485,25
walking,11533,11485,11533,48
sniffing,11595,11533,11595,62
hunching,11652,11595,11652,57
sniffing,11708,11652,11708,56
right_turning,11727,11708,11727,19
trotting,11742,11727,11742,15
sniffing,11764,11742,11764,22
rising,11812,11764,11812,48
sniffing,11972,11812,11972,160
rising,11987,11972,11987,15
sniffing,12072,11987,12072,85
pausing,12568,12072,12568,496
hunching,12637,12568,12637,69
sniffing,12638,12637,12638,1
walking,12679,12638,12679,41
sniffing,12691,12679,12691,12
walking,12755,12691,12755,64
rising,12762,12755,12762,7
left_turning,12799,12762,12799,37
running,12850,12799,12850,51
rising,12851,12850,12851,1
walking,12857,12851,12857,6
rising,12933,12857,12933,76
sniffing,13034,12933,13034,101
climbing,13105,13034,13105,71
rising,13200,13105,13200,95
left_turning,13201,13200,13201,1
sniffing,13254,13201,13254,53
grooming,13261,13254,13261,7
climbing,13343,13261,13343,82
walking,13360,13343,13360,17
sniffing,13394,13360,13394,34
climbing,13465,13394,13465,71
left_turning,13466,13465,13466,1
rising,13472,13466,13472,6
sniffing,13515,13472,13515,43
climbing,13538,13515,13538,23
rising,13609,13538,13609,71
rearing,13672,13609,13672,63
rising,13673,13672,13673,1
left_turning,13699,13673,13699,26
sniffing,13771,13699,13771,72
rising,13850,13771,13850,79
climbing,13860,13850,13860,10
stepping,13921,13860,13921,61
climbing,13958,13921,13958,37
sniffing,14016,13958,14016,58
right_turning,14056,14016,14056,40
trotting,14108,14056,14108,52
walking,14191,14108,14191,83
sniffing,14200,14191,14200,9
left_turning,14283,14200,14283,83
sniffing,14334,14283,14334,51
trotting,14337,14334,14337,3
sniffing,14411,14337,14411,74
walking,14445,14411,14445,34
sniffing,14509,14445,14509,64
rising,14526,14509,14526,17
climbing,14568,14526,14568,42
sniffing,14569,14568,14569,1
rising,14592,14569,14592,23
sniffing,14631,14592,14631,39
left_turning,14680,14631,14680,49
sniffing,14681,14680,14681,1
walking,14697,14681,14697,16
climbing,14724,14697,14724,27
trotting,14763,14724,14763,39
left_turning,14799,14763,14799,36
walking,14826,14799,14826,27
left_turning,14896,14826,14896,70
walking,14929,14896,14929,33
sniffing,15000,14929,15000,71
walking,15001,15000,15001,1
left_turning,15025,15001,15025,24
climbing,15144,15025,15144,119
left_turning,15178,15144,15178,34
stepping,15261,15178,15261,83
right_turning,15271,15261,15271,10
stepping,15307,15271,15307,36
walking,15328,15307,15328,21
sniffing,15349,15328,15349,21
rising,15362,15349,15362,13
climbing,15364,15362,15364,2
rising,15389,15364,15389,25
walking,15417,15389,15417,28
sniffing,15473,15417,15473,56
left_turning,15506,15473,15506,33
trotting,15528,15506,15528,22
walking,15565,15528,15565,37
climbing,15647,15565,15647,82
right_turning,15685,15647,15685,38
left_turning,15686,15685,15686,1
sniffing,15798,15686,15798,112
rearing,15895,15798,15895,97
grooming,16000,15895,16000,105
sniffing,16064,16000,16064,64
running,16079,16064,16079,15
sniffing,16080,16079,16080,1
pausing,16385,16080,16385,305
sniffing,16463,16385,16463,78
trotting,16496,16463,16496,33
sniffing,16559,16496,16559,63
climbing,16606,16559,16606,47
walking,16619,16606,16619,13
sniffing,16620,16619,16620,1
running,16652,16620,16652,32
trotting,16691,16652,16691,39
stepping,16738,16691,16738,47
sniffing,16760,16738,16760,22
trotting,16761,16760,16761,1
walking,16774,16761,16774,13
rising,16795,16774,16795,21
left_turning,16796,16795,16796,1
walking,16853,16796,16853,57
sniffing,16971,16853,16971,118
rising,17053,16971,17053,82
walking,17156,17053,17156,103
left_turning,17211,17156,17211,55
walking,17232,17211,17232,21
rising,17233,17232,17233,1
right_turning,17271,17233,17271,38
sniffing,17331,17271,17331,60
rising,17345,17331,17345,14
climbing,17380,17345,17380,35
walking,17418,17380,17418,38
sniffing,17483,17418,17483,65
rising,17528,17483,17528,45
walking,17591,17528,17591,63
sniffing,17643,17591,17643,52
right_turning,17660,17643,17660,17
walking,17699,17660,17699,39
hunching,17711,17699,17711,12
rising,17796,17711,17796,85
right_turning,17811,17796,17811,15
sniffing,17917,17811,17917,106
rising,18010,17917,18010,93
grooming,18011,18010,18011,1
right_turning,18018,18011,18018,7
stepping,18040,18018,18040,22
rearing,18095,18040,18095,55
left_turning,18096,18095,18096,1
sniffing,18194,18096,18194,98
left_turning,18272,18194,18272,78
trotting,18307,18272,18307,35
sniffing,18353,18307,18353,46
left_turning,18354,18353,18354,1
walking,18389,18354,18389,35
climbing,18460,18389,18460,71
sniffing,18612,18460,18612,152
right_turning,18657,18612,18657,45
rising,18707,18657,18707,50
stepping,18763,18707,18763,56
walking,18798,18763,18798,35
sniffing,18799,18798,18799,1
grooming,18800,18799,18800,1
rearing,18813,18800,18813,13
sniffing,18866,18813,18866,53
walking,18945,18866,18945,79
sniffing,18957,18945,18957,12
left_turning,18984,18957,18984,27
walking,18991,18984,18991,7
sniffing,19056,18991,19056,65
walking,19123,19056,19123,67
trotting,19124,19123,19124,1
walking,19220,19124,19220,96
trotting,19231,19220,19231,11
sniffing,19335,19231,19335,104
right_turning,19371,19335,19371,36
walking,19419,19371,19419,48
sniffing,19420,19419,19420,1
rising,19505,19420,19505,85
grooming,19634,19505,19634,129
rearing,19770,19634,19770,136
walking,19841,19770,19841,71
climbing,19842,19841,19842,1
rearing,19853,19842,19853,11
sniffing,19918,19853,19918,65
left_turning,19923,19918,19923,5
walking,19935,19923,19935,12
left_turning,19936,19935,19936,1
running,19937,19936,19937,1
stepping,19976,19937,19976,39
trotting,20001,19976,20001,25
walking,20002,20001,20002,1
left_turning,20003,20002,20003,1
sniffing,20052,20003,20052,49
walking,20122,20052,20122,70
sniffing,20147,20122,20147,25
walking,20148,20147,20148,1
climbing,20204,20148,20204,56
rearing,20241,20204,20241,37
grooming,20354,20241,20354,113
left_turning,20364,20354,20364,10
trotting,20379,20364,20379,15
sniffing,20598,20379,20598,219
left_turning,20638,20598,20638,40
sniffing,20654,20638,20654,16
walking,20666,20654,20666,12
rising,20748,20666,20748,82
climbing,20766,20748,20766,18
sniffing,20785,20766,20785,19
climbing,20796,20785,20796,11
rising,20810,20796,20810,14
walking,20825,20810,20825,15
trotting,20837,20825,20837,12
rising,20838,20837,20838,1
rearing,20839,20838,20839,1
sniffing,20875,20839,20875,36
walking,20920,20875,20920,45
sniffing,21114,20920,21114,194
rising,21179,21114,21179,65
sniffing,21258,21179,21258,79
climbing,21276,21258,21276,18
sniffing,21352,21276,21352,76
right_turning,21366,21352,21366,14
sniffing,21541,21366,21541,175
climbing,21542,21541,21542,1
walking,21629,21542,21629,87
sniffing,21722,21629,21722,93
climbing,21740,21722,21740,18
sniffing,21783,21740,21783,43
walking,21832,21783,21832,49
trotting,21833,21832,21833,1
sniffing,21940,21833,21940,107
walking,21977,21940,21977,37
left_turning,22076,21977,22076,99
walking,22131,22076,22131,55
sniffing,22192,22131,22192,61
running,22193,22192,22193,1
walking,22196,22193,22196,3
rising,22233,22196,22233,37
climbing,22289,22233,22289,56
walking,22354,22289,22354,65
sniffing,22367,22354,22367,13
trotting,22368,22367,22368,1
sniffing,22510,22368,22510,142
walking,22533,22510,22533,23
climbing,22534,22533,22534,1
sniffing,22535,22534,22535,1
walking,22544,22535,22544,9
sniffing,22650,22544,22650,106
walking,22701,22650,22701,51
stepping,22757,22701,22757,56
trotting,22802,22757,22802,45
rising,22803,22802,22803,1
sniffing,22813,22803,22813,10
trotting,22848,22813,22848,35
climbing,22923,22848,22923,75
walking,22927,22923,22927,4
climbing,23073,22927,23073,146
right_turning,23114,23073,23114,41
sniffing,23197,23114,23197,83
walking,23282,23197,23282,85
rising,23290,23282,23290,8
sniffing,23398,23290,23398,108
climbing,23426,23398,23426,28
rising,23435,23426,23435,9
walking,23480,23435,23480,45
climbing,23577,23480,23577,97
left_turning,23666,23577,23666,89
stepping,23695,23666,23695,29
hunching,23849,23695,23849,154
rearing,23850,23849,23850,1
climbing,23892,23850,23892,42
walking,23998,23892,23998,106
rising,24010,23998,24010,12
sniffing,24061,24010,24061,51
hunching,24156,24061,24156,95
climbing,24240,24156,24240,84
trotting,24275,24240,24275,35
sniffing,24315,24275,24315,40
walking,24348,24315,24348,33
sniffing,24349,24348,24349,1
right_turning,24360,24349,24360,11
sniffing,24464,24360,24464,104
stepping,24478,24464,24478,14
sniffing,24532,24478,24532,54
left_turning,24568,24532,24568,36
sniffing,24632,24568,24632,64
left_turning,24656,24632,24656,24
trotting,24690,24656,24690,34
sniffing,24728,24690,24728,38
rearing,24822,24728,24822,94
rising,24864,24822,24864,42
climbing,24871,24864,24871,7
stepping,24906,24871,24906,35
sniffing,24936,24906,24936,30
climbing,24970,24936,24970,34
right_turning,24991,24970,24991,21
stepping,25046,24991,25046,55
sniffing,25171,25046,25171,125
stepping,25247,25171,25247,76
sniffing,25316,25247,25316,69
trotting,25349,25316,25349,33
walking,25381,25349,25381,32
sniffing,25453,25381,25453,72
climbing,25454,25453,25454,1
trotting,25472,25454,25472,18
sniffing,25473,25472,25473,1
walking,25539,25473,25539,66
sniffing,25770,25539,25770,231
rising,25793,25770,25793,23
rearing,25864,25793,25864,71
trotting,25902,25864,25902,38
walking,25961,25902,25961,59
sniffing,26064,25961,26064,103
walking,26101,26064,26101,37
sniffing,26135,26101,26135,34
climbing,26158,26135,26158,23
hunching,26235,26158,26235,77
climbing,26322,26235,26322,87
rising,26348,26322,26348,26
sniffing,26399,26348,26399,51
left_turning,26424,26399,26424,25
trotting,26463,26424,26463,39
sniffing,26603,26463,26603,140
right_turning,26648,26603,26648,45
walking,26662,26648,26662,14
sniffing,26706,26662,26706,44
right_turning,26716,26706,26716,10
walking,26742,26716,26742,26
sniffing,26770,26742,26770,28
rising,26788,26770,26788,18
climbing,26824,26788,26824,36
left_turning,26865,26824,26865,41
walking,26896,26865,26896,31
sniffing,26897,26896,26897,1
walking,26974,26897,26974,77
rising,27022,26974,27022,48
sniffing,27246,27022,27246,224
walking,27315,27246,27315,69
stepping,27364,27315,27364,49
rising,27380,27364,27380,16
rearing,27431,27380,27431,51
rising,27432,27431,27432,1
left_turning,27436,27432,27436,4
stepping,27481,27436,27481,45
climbing,27513,27481,27513,32
right_turning,27544,27513,27544,31
stepping,27597,27544,27597,53
rearing,27667,27597,27667,70
left_turning,27700,27667,27700,33
walking,27856,27700,27856,156
sniffing,27918,27856,27918,62
right_turning,27958,27918,27958,40
trotting,27993,27958,27993,35
sniffing,28068,27993,28068,75
rising,28106,28068,28106,38
climbing,28181,28106,28181,75
sniffing,28212,28181,28212,31
running,28256,28212,28256,44
trotting,28273,28256,28273,17
sniffing,28344,28273,28344,71
rising,28366,28344,28366,22
sniffing,28605,28366,28605,239
right_turning,28627,28605,28627,22
trotting,28650,28627,28650,23
walking,28695,28650,28695,45
sniffing,28785,28695,28785,90
right_turning,28793,28785,28793,8
walking,28837,28793,28837,44
climbing,28884,28837,28884,47
left_turning,28904,28884,28904,20
trotting,28929,28904,28929,25
hunching,28965,28929,28965,36
rising,29005,28965,29005,40
climbing,29043,29005,29043,38
walking,29044,29043,29044,1
sniffing,29170,29044,29170,126
rising,29181,29170,29181,11
sniffing,29385,29181,29385,204
left_turning,29406,29385,29406,21
walking,29458,29406,29458,52
climbing,29557,29458,29557,99
walking,29558,29557,29558,1
sniffing,29702,29558,29702,144
climbing,29739,29702,29739,37
trotting,29745,29739,29745,6
walking,29818,29745,29818,73
sniffing,29939,29818,29939,121
hunching,29940,29939,29940,1
rising,29974,29940,29974,34
running,29992,29974,29992,18
sniffing,30115,29992,30115,123
rearing,30116,30115,30116,1
sniffing,30177,30116,30177,61
left_turning,30210,30177,30210,33
walking,30288,30210,30288,78
sniffing,30398,30288,30398,110
walking,30452,30398,30452,54
sniffing,30528,30452,30528,76
walking,30602,30528,30602,74
climbing,30653,30602,30653,51
hunching,30712,30653,30712,59
walking,30788,30712,30788,76
sniffing,30789,30788,30789,1
rising,30791,30789,30791,2
hunching,30946,30791,30946,155
walking,30998,30946,30998,52
rising,31036,30998,31036,38
climbing,31154,31036,31154,118
running,31184,31154,31184,30
walking,31212,31184,31212,28
sniffing,31213,31212,31213,1
rising,31276,31213,31276,63
hunching,31316,31276,31316,40
right_turning,31337,31316,31337,21
rearing,31395,31337,31395,58
rising,31466,31395,31466,71
sniffing,31467,31466,31467,1
left_turning,31509,31467,31509,42
stepping,31510,31509,31510,1
sniffing,31581,31510,31581,71
rising,31607,31581,31607,26
rearing,31608,31607,31608,1
climbing,31620,31608,31620,12
sniffing,31698,31620,31698,78
grooming,31853,31698,31853,155
walking,31870,31853,31870,17
sniffing,31915,31870,31915,45
left_turning,31953,31915,31953,38
trotting,31969,31953,31969,16
sniffing,32287,31969,32287,318
trotting,32296,32287,32296,9
sniffing,32297,32296,32297,1
rising,32315,32297,32315,18
stepping,32393,32315,32393,78
rising,32443,32393,32443,50
rearing,32619,32443,32619,176
rising,32718,32619,32718,99
rearing,32785,32718,32785,67
sniffing,32886,32785,32886,101
climbing,32939,32886,32939,53
walking,33031,32939,33031,92
left_turning,33058,33031,33058,27
walking,33099,33058,33099,41
sniffing,33100,33099,33100,1
walking,33116,33100,33116,16
left_turning,33126,33116,33126,10
sniffing,33127,33126,33127,1
left_turning,33146,33127,33146,19
sniffing,33227,33146,33227,81
climbing,33329,33227,33329,102
rising,33410,33329,33410,81
sniffing,33488,33410,33488,78
climbing,33540,33488,33540,52
stepping,33543,33540,33543,3
sniffing,33559,33543,33559,16
rising,33581,33559,33581,22
sniffing,33582,33581,33582,1
climbing,33639,33582,33639,57
walking,33691,33639,33691,52
stepping,33692,33691,33692,1
sniffing,33693,33692,33693,1
right_turning,33728,33693,33728,35
rising,33761,33728,33761,33
left_turning,33823,33761,33823,62
walking,33867,33823,33867,44
sniffing,34045,33867,34045,178
left_turning,34046,34045,34046,1
walking,34103,34046,34103,57
trotting,34129,34103,34129,26
sniffing,34244,34129,34244,115
stepping,34290,34244,34290,46
rearing,34299,34290,34299,9
rising,34329,34299,34329,30
sniffing,34385,34329,34385,56
stepping,34426,34385,34426,41
sniffing,34459,34426,34459,33
trotting,34483,34459,34483,24
walking,34493,34483,34493,10
sniffing,34549,34493,34549,56
trotting,34575,34549,34575,26
rising,34598,34575,34598,23
sniffing,34750,34598,34750,152
stepping,34782,34750,34782,32
sniffing,34816,34782,34816,34
rising,34863,34816,34863,47
left_turning,34907,34863,34907,44
sniffing,34958,34907,34958,51
pausing,35178,34958,35178,220
sniffing,35367,35178,35367,189
right_turning,35368,35367,35368,1
sniffing,35476,35368,35476,108
rising,35554,35476,35554,78
sniffing,35555,35554,35555,1
left_turning,35584,35555,35584,29
sniffing,35667,35584,35667,83
walking,35751,35667,35751,84
sniffing,35761,35751,35761,10
trotting,35802,35761,35802,41
walking,35809,35802,35809,7
climbing,35840,35809,35840,31
walking,35913,35840,35913,73
sniffing,35967,35913,35967,54
rearing,36042,35967,36042,75
left_turning,36047,36042,36047,5
walking,36098,36047,36098,51
left_turning,36099,36098,36099,1
trotting,36108,36099,36108,9
left_turning,36156,36108,36156,48
sniffing,36216,36156,36216,60
left_turning,36243,36216,36243,27
rising,36291,36243,36291,48
climbing,36345,36291,36345,54
walking,36424,36345,36424,79
sniffing,36540,36424,36540,116
right_turning,36568,36540,36568,28
walking,36613,36568,36613,45
sniffing,36707,36613,36707,94
right_turning,36742,36707,36742,35
rising,36750,36742,36750,8
climbing,36788,36750,36788,38
sniffing,36800,36788,36800,12
walking,36884,36800,36884,84
sniffing,37039,36884,37039,155
trotting,37056,37039,37056,17
left_turning,37126,37056,37126,70
trotting,37154,37126,37154,28
sniffing,37205,37154,37205,51
rising,37216,37205,37216,11
rearing,37233,37216,37233,17
walking,37261,37233,37261,28
sniffing,37389,37261,37389,128
rising,37390,37389,37390,1
trotting,37391,37390,37391,1
walking,37459,37391,37459,68
left_turning,37468,37459,37468,9
walking,37565,37468,37565,97
climbing,37615,37565,37615,50
sniffing,37696,37615,37696,81
rising,37716,37696,37716,20
sniffing,37717,37716,37717,1
left_turning,37813,37717,37813,96
sniffing,37895,37813,37895,82
rearing,37947,37895,37947,52
rising,37957,37947,37957,10
hunching,37958,37957,37958,1
climbing,37959,37958,37959,1
right_turning,37976,37959,37976,17
climbing,38055,37976,38055,79
walking,38089,38055,38089,34
left_turning,38148,38089,38148,59
rising,38201,38148,38201,53
sniffing,38232,38201,38232,31
rearing,38276,38232,38276,44
sniffing,38349,38276,38349,73
walking,38371,38349,38371,22
right_turning,38412,38371,38412,41
rearing,38458,38412,38458,46
rising,38505,38458,38505,47
climbing,38538,38505,38538,33
right_turning,38575,38538,38575,37
left_turning,38576,38575,38576,1
walking,38577,38576,38577,1
left_turning,38616,38577,38616,39
sniffing,38716,38616,38716,100
rising,38742,38716,38742,26
running,38776,38742,38776,34
right_turning,38828,38776,38828,52
running,38859,38828,38859,31
sniffing,38864,38859,38864,5
rising,38929,38864,38929,65
trotting,38977,38929,38977,48
walking,39021,38977,39021,44
rising,39038,39021,39038,17
sniffing,39156,39038,39156,118
walking,39195,39156,39195,39
sniffing,39309,39195,39309,114
trotting,39310,39309,39310,1
walking,39363,39310,39363,53
rising,39432,39363,39432,69
climbing,39549,39432,39549,117
walking,39551,39549,39551,2
sniffing,39629,39551,39629,78
rising,39630,39629,39630,1
climbing,39738,39630,39738,108
sniffing,39831,39738,39831,93
walking,39832,39831,39832,1
left_turning,39886,39832,39886,54
sniffing,39887,39886,39887,1
rising,39888,39887,39888,1
trotting,39901,39888,39901,13
walking,39902,39901,39902,1
sniffing,39956,39902,39956,54
hunching,40023,39956,40023,67
right_turning,40079,40023,40079,56
stepping,40122,40079,40122,43
trotting,40135,40122,40135,13
jumping,40179,40135,40179,44
walking,40194,40179,40194,15
sniffing,40195,40194,40195,1
right_turning,40199,40195,40199,4
climbing,40216,40199,40216,17
right_turning,40252,40216,40252,36
trotting,40284,40252,40284,32
left_turning,40303,40284,40303,19
sniffing,40304,40303,40304,1
left_turning,40305,40304,40305,1
walking,40349,40305,40349,44
rearing,40378,40349,40378,29
sniffing,40497,40378,40497,119
left_turning,40554,40497,40554,57
sniffing,40638,40554,40638,84
rising,40696,40638,40696,58
hunching,40726,40696,40726,30
rising,40746,40726,40746,20
climbing,40775,40746,40775,29
sniffing,40899,40775,40899,124
rising,40955,40899,40955,56
left_turning,40977,40955,40977,22
rising,41038,40977,41038,61
climbing,41126,41038,41126,88
sniffing,41297,41126,41297,171
left_turning,41298,41297,41298,1
running,41299,41298,41299,1
rising,41371,41299,41371,72
climbing,41390,41371,41390,19
sniffing,41394,41390,41394,4
walking,41465,41394,41465,71
trotting,41466,41465,41466,1
sniffing,41508,41466,41508,42
running,41526,41508,41526,18
sniffing,41613,41526,41613,87
climbing,41709,41613,41709,96
rising,41710,41709,41710,1
sniffing,41719,41710,41719,9
rising,41721,41719,41721,2
sniffing,41722,41721,41722,1
rising,41723,41722,41723,1
rearing,41725,41723,41725,2
right_turning,41764,41725,41764,39
sniffing,41862,41764,41862,98
rising,41930,41862,41930,68
hunching,41966,41930,41966,36
walking,41986,41966,41986,20
sniffing,42082,41986,42082,96
rising,42095,42082,42095,13
climbing,42147,42095,42147,52
running,42162,42147,42162,15
trotting,42203,42162,42203,41
walking,42232,42203,42232,29
sniffing,42260,42232,42260,28
climbing,42326,42260,42326,66
rising,42333,42326,42333,7
climbing,42386,42333,42386,53
running,42400,42386,42400,14
walking,42422,42400,42422,22
rearing,42470,42422,42470,48
right_turning,42508,42470,42508,38
sniffing,42509,42508,42509,1
right_turning,42552,42509,42552,43
climbing,42584,42552,42584,32
rising,42654,42584,42654,70
climbing,42688,42654,42688,34
rearing,42780,42688,42780,92
sniffing,42781,42780,42781,1
right_turning,42821,42781,42821,40
sniffing,42822,42821,42822,1
rising,42855,42822,42855,33
climbing,42904,42855,42904,49
walking,42905,42904,42905,1
sniffing,43187,42905,43187,282
right_turning,43240,43187,43240,53
running,43273,43240,43273,33
walking,43367,43273,43367,94
sniffing,43503,43367,43503,136
walking,43508,43503,43508,5
climbing,43604,43508,43604,96
sniffing,43656,43604,43656,52
walking,43688,43656,43688,32
sniffing,43785,43688,43785,97
climbing,43797,43785,43797,12
sniffing,43798,43797,43798,1
walking,43891,43798,43891,93
rising,43953,43891,43953,62
sniffing,43954,43953,43954,1
left_turning,43955,43954,43955,1
walking,44015,43955,44015,60
sniffing,44084,44015,44084,69
rearing,44108,44084,44108,24
sniffing,44140,44108,44140,32
left_turning,44168,44140,44168,28
trotting,44205,44168,44205,37
walking,44223,44205,44223,18
rising,44224,44223,44224,1
climbing,44259,44224,44259,35
trotting,44289,44259,44289,30
rising,44320,44289,44320,31
sniffing,44331,44320,44331,11
right_turning,44355,44331,44355,24
grooming,44495,44355,44495,140
climbing,44564,44495,44564,69
rising,44565,44564,44565,1
walking,44603,44565,44603,38
left_turning,44687,44603,44687,84
rising,44689,44687,44689,2
sniffing,44690,44689,44690,1
rising,44725,44690,44725,35
sniffing,44845,44725,44845,120
walking,44889,44845,44889,44
climbing,44909,44889,44909,20
left_turning,44965,44909,44965,56
grooming,45048,44965,45048,83
sniffing,45091,45048,45091,43
walking,45092,45091,45092,1
climbing,45174,45092,45174,82
left_turning,45186,45174,45186,12
rising,45187,45186,45187,1
sniffing,45222,45187,45222,35
hunching,45331,45222,45331,109
rising,45358,45331,45358,27
climbing,45407,45358,45407,49
walking,45414,45407,45414,7
climbing,45495,45414,45495,81
sniffing,45635,45495,45635,140
walking,45656,45635,45656,21
running,45663,45656,45663,7
stepping,45734,45663,45734,71
trotting,45757,45734,45757,23
sniffing,45787,45757,45787,30
right_turning,45814,45787,45814,27
rising,45851,45814,45851,37
climbing,45895,45851,45895,44
running,45938,45895,45938,43
trotting,45978,45938,45978,40
running,45999,45978,45999,21
rising,46052,45999,46052,53
climbing,46153,46052,46153,101
sniffing,46154,46153,46154,1
trotting,46175,46154,46175,21
sniffing,46345,46175,46345,170
right_turning,46346,46345,46346,1
walking,46385,46346,46385,39
sniffing,46386,46385,46386,1
running,46424,46386,46424,38
walking,46465,46424,46465,41
sniffing,46588,46465,46588,123
running,46627,46588,46627,39
sniffing,46806,46627,46806,179
pausing,47287,46806,47287,481
sniffing,47502,47287,47502,215
walking,47532,47502,47532,30
sniffing,47640,47532,47640,108
rearing,47641,47640,47641,1
hunching,47670,47641,47670,29
sniffing,47745,47670,47745,75
rising,47746,47745,47746,1
climbing,47797,47746,47797,51
left_turning,47852,47797,47852,55
climbing,47915,47852,47915,63
rising,47937,47915,47937,22
climbing,47970,47937,47970,33
rising,48005,47970,48005,35
rearing,48006,48005,48006,1
sniffing,48007,48006,48007,1
walking,48027,48007,48027,20
sniffing,48067,48027,48067,40
right_turning,48077,48067,48077,10
climbing,48100,48077,48100,23
rearing,48155,48100,48155,55
grooming,48267,48155,48267,112
sniffing,48376,48267,48376,109
trotting,48414,48376,48414,38
sniffing,48484,48414,48484,70
walking,48485,48484,48485,1
left_turning,48516,48485,48516,31
sniffing,48553,48516,48553,37
trotting,48596,48553,48596,43
sniffing,48603,48596,48603,7
climbing,48604,48603,48604,1
rising,48605,48604,48605,1
sniffing,48622,48605,48622,17
rising,48679,48622,48679,57
climbing,48680,48679,48680,1
rearing,48711,48680,48711,31
rising,48712,48711,48712,1
climbing,48735,48712,48735,23
walking,48775,48735,48775,40
left_turning,48889,48775,48889,114
sniffing,48965,48889,48965,76
rising,48982,48965,48982,17
climbing,49042,48982,49042,60
grooming,49215,49042,49215,173
climbing,49269,49215,49269,54
sniffing,49270,49269,49270,1
hunching,49275,49270,49275,5
climbing,49301,49275,49301,26
right_turning,49315,49301,49315,14
walking,49382,49315,49382,67
climbing,49415,49382,49415,33
sniffing,49416,49415,49416,1
walking,49536,49416,49536,120
climbing,49537,49536,49537,1
grooming,49713,49537,49713,176
walking,49714,49713,49714,1
rising,49715,49714,49715,1
rearing,49731,49715,49731,16
sniffing,49776,49731,49776,45
walking,49852,49776,49852,76
rearing,49958,49852,49958,106
sniffing,50070,49958,50070,112
walking,50171,50070,50171,101
climbing,50266,50171,50266,95
hunching,50267,50266,50267,1
climbing,50346,50267,50346,79
right_turning,50386,50346,50386,40
walking,50481,50386,50481,95
sniffing,50554,50481,50554,73
left_turning,50569,50554,50569,15
walking,50672,50569,50672,103
sniffing,50778,50672,50778,106
left_turning,50823,50778,50823,45
stepping,50851,50823,50851,28
climbing,50852,50851,50852,1
rearing,50853,50852,50853,1
left_turning,50876,50853,50876,23
running,50895,50876,50895,19
sniffing,50933,50895,50933,38
rising,50952,50933,50952,19
climbing,50972,50952,50972,20
sniffing,51073,50972,51073,101
trotting,51096,51073,51096,23
sniffing,51134,51096,51134,38
walking,51155,51134,51155,21
left_turning,51159,51155,51159,4
walking,51236,51159,51236,77
rising,51237,51236,51237,1
sniffing,51250,51237,51250,13
rearing,51356,51250,51356,106
sniffing,51394,51356,51394,38
running,51452,51394,51452,58
walking,51457,51452,51457,5
sniffing,51494,51457,51494,37
walking,51542,51494,51542,48
hunching,51590,51542,51590,48
rising,51591,51590,51591,1
walking,51638,51591,51638,47
rising,51668,51638,51668,30
climbing,51681,51668,51681,13
walking,51745,51681,51745,64
rising,51782,51745,51782,37
climbing,51963,51782,51963,181
running,52000,51963,52000,37
sniffing,52001,52000,52001,1
right_turning,52002,52001,52002,1
walking,52162,52002,52162,160
stepping,52198,52162,52198,36
rising,52208,52198,52208,10
sniffing,52209,52208,52209,1
left_turning,52258,52209,52258,49
walking,52259,52258,52259,1
sniffing,52279,52259,52279,20
climbing,52404,52279,52404,125
rearing,52468,52404,52468,64
sniffing,52487,52468,52487,19
rising,52548,52487,52548,61
sniffing,52691,52548,52691,143
left_turning,52704,52691,52704,13
stepping,52757,52704,52757,53
right_turning,52758,52757,52758,1
sniffing,52836,52758,52836,78
walking,52888,52836,52888,52
left_turning,52964,52888,52964,76
sniffing,53047,52964,53047,83
climbing,53124,53047,53124,77
right_turning,53125,53124,53125,1
sniffing,53293,53125,53293,168
left_turning,53326,53293,53326,33
sniffing,53563,53326,53563,237
climbing,53583,53563,53583,20
running,53601,53583,53601,18
walking,53607,53601,53607,6
sniffing,53681,53607,53681,74
rising,53691,53681,53691,10
sniffing,53813,53691,53813,122
trotting,53839,53813,53839,26
rising,53898,53839,53898,59
walking,53924,53898,53924,26
sniffing,54017,53924,54017,93
rising,54106,54017,54106,89
rearing,54350,54106,54350,244
hunching,54421,54350,54421,71
right_turning,54434,54421,54434,13
stepping,54451,54434,54451,17
rising,54465,54451,54465,14
sniffing,54466,54465,54466,1
rising,54467,54466,54467,1
climbing,54568,54467,54568,101
trotting,54592,54568,54592,24
sniffing,54593,54592,54593,1
left_turning,54599,54593,54599,6
rising,54628,54599,54628,29
climbing,54680,54628,54680,52
grooming,54689,54680,54689,9
rearing,54758,54689,54758,69
rising,54822,54758,54822,64
running,54846,54822,54846,24
trotting,54918,54846,54918,72
walking,54963,54918,54963,45
sniffing,54964,54963,54964,1
stepping,55002,54964,55002,38
sniffing,55039,55002,55039,37
left_turning,55046,55039,55046,7
sniffing,55167,55046,55167,121
grooming,55172,55167,55172,5
rearing,55269,55172,55269,97
walking,55318,55269,55318,49
sniffing,55431,55318,55431,113
climbing,55477,55431,55477,46
rearing,55557,55477,55557,80
hunching,55561,55557,55561,4
rearing,55690,55561,55690,129
rising,55691,55690,55691,1
sniffing,55810,55691,55810,119
stepping,55855,55810,55855,45
rearing,55887,55855,55887,32
jumping,56088,55887,56088,201
rearing,56111,56088,56111,23
walking,56154,56111,56154,43
right_turning,56202,56154,56202,48
stepping,56224,56202,56224,22
sniffing,56381,56224,56381,157
grooming,56397,56381,56397,16
climbing,56489,56397,56489,92
rising,56503,56489,56503,14
jumping,56870,56503,56870,367
right_turning,56899,56870,56899,29
stepping,57000,56899,57000,101
sniffing,57077,57000,57077,77
left_turning,57191,57077,57191,114
sniffing,57242,57191,57242,51
rearing,57262,57242,57262,20
left_turning,57330,57262,57330,68
sniffing,57377,57330,57377,47
climbing,57449,57377,57449,72
hunching,57467,57449,57467,18
grooming,57507,57467,57507,40
climbing,57597,57507,57597,90
grooming,57678,57597,57678,81
hunching,57693,57678,57693,15
sniffing,57845,57693,57845,152
rising,57881,57845,57881,36
climbing,57959,57881,57959,78
rising,57989,57959,57989,30
sniffing,58182,57989,58182,193
rising,58210,58182,58210,28
sniffing,58403,58210,58403,193
right_turning,58410,58403,58410,7
stepping,58445,58410,58445,35
walking,58446,58445,58446,1
sniffing,58447,58446,58447,1
left_turning,58476,58447,58476,29
sniffing,58477,58476,58477,1
right_turning,58509,58477,58509,32
sniffing,58653,58509,58653,144
rising,58686,58653,58686,33
sniffing,58768,58686,58768,82
rising,58837,58768,58837,69
climbing,58860,58837,58860,23
sniffing,58973,58860,58973,113
stepping,59032,58973,59032,59
sniffing,59083,59032,59083,51
rising,59149,59083,59149,66
left_turning,59156,59149,59156,7
climbing,59200,59156,59200,44
walking,59201,59200,59201,1
sniffing,59215,59201,59215,14
rising,59284,59215,59284,69
climbing,59285,59284,59285,1
hunching,59345,59285,59345,60
right_turning,59377,59345,59377,32
stepping,59386,59377,59386,9
sniffing,59399,59386,59399,13
walking,59424,59399,59424,25
sniffing,59548,59424,59548,124
hunching,59550,59548,59550,2
sniffing,59677,59550,59677,127
left_turning,59737,59677,59737,60
rising,59787,59737,59787,50
climbing,59833,59787,59833,46
sniffing,59918,59833,59918,85
walking,59932,59918,59932,14
rising,59971,59932,59971,39
sniffing,60054,59971,60054,83
trotting,60078,60054,60078,24
sniffing,60236,60078,60236,158
walking,60263,60236,60263,27
sniffing,60288,60263,60288,25
trotting,60318,60288,60318,30
climbing,60350,60318,60350,32
grooming,60541,60350,60541,191
left_turning,60601,60541,60601,60
sniffing,60633,60601,60633,32
rising,60692,60633,60692,59
rearing,60723,60692,60723,31
climbing,60736,60723,60736,13
sniffing,60896,60736,60896,160
rearing,60922,60896,60922,26
sniffing,61004,60922,61004,82
rearing,61005,61004,61005,1
sniffing,61016,61005,61016,11
walking,61091,61016,61091,75
trotting,61143,61091,61143,52
sniffing,61204,61143,61204,61
stepping,61231,61204,61231,27
left_turning,61243,61231,61243,12
running,61265,61243,61265,22
walking,61311,61265,61311,46
sniffing,61448,61311,61448,137
right_turning,61459,61448,61459,11
walking,61460,61459,61460,1
climbing,61603,61460,61603,143
rising,61611,61603,61611,8
left_turning,61658,61611,61658,47
walking,61726,61658,61726,68
stepping,61788,61726,61788,62
sniffing,61824,61788,61824,36
walking,61897,61824,61897,73
sniffing,61915,61897,61915,18
grooming,62111,61915,62111,196
hunching,62117,62111,62117,6
sniffing,62196,62117,62196,79
rearing,62232,62196,62232,36
sniffing,62280,62232,62280,48
walking,62335,62280,62335,55
stepping,62394,62335,62394,59
right_turning,62401,62394,62401,7
running,62440,62401,62440,39
sniffing,62621,62440,62621,181
rearing,62724,62621,62724,103
sniffing,62757,62724,62757,33
climbing,62785,62757,62785,28
left_turning,62843,62785,62843,58
sniffing,62888,62843,62888,45
hunching,62898,62888,62898,10
climbing,62966,62898,62966,68
sniffing,63119,62966,63119,153
walking,63158,63119,63158,39
rising,63202,63158,63202,44
sniffing,63296,63202,63296,94
left_turning,63329,63296,63329,33
sniffing,63382,63329,63382,53
walking,63437,63382,63437,55
sniffing,63567,63437,63567,130
climbing,63568,63567,63568,1
rearing,63569,63568,63569,1
right_turning,63584,63569,63584,15
sniffing,63769,63584,63769,185
walking,63831,63769,63831,62
sniffing,63869,63831,63869,38
left_turning,63925,63869,63925,56
stepping,63929,63925,63929,4
left_turning,63954,63929,63954,25
sniffing,63980,63954,63980,26
left_turning,63997,63980,63997,17
trotting,64050,63997,64050,53
sniffing,64138,64050,64138,88
walking,64165,64138,64165,27
climbing,64166,64165,64166,1
rearing,64248,64166,64248,82
grooming,64283,64248,64283,35
rearing,64330,64283,64330,47
walking,64363,64330,64363,33
stepping,64443,64363,64443,80
sniffing,64444,64443,64444,1
rising,64454,64444,64454,10
rearing,64589,64454,64589,135
sniffing,64661,64589,64661,72
hunching,64728,64661,64728,67
sniffing,64831,64728,64831,103
right_turning,64866,64831,64866,35
climbing,64877,64866,64877,11
walking,64929,64877,64929,52
climbing,64930,64929,64930,1
right_turning,64938,64930,64938,8
stepping,64982,64938,64982,44
rearing,64983,64982,64983,1
rising,65007,64983,65007,24
climbing,65157,65007,65157,150
rising,65178,65157,65178,21
rearing,65224,65178,65224,46
grooming,65225,65224,65225,1
rising,65251,65225,65251,26
sniffing,65328,65251,65328,77
rising,65373,65328,65373,45
climbing,65452,65373,65452,79
walking,65488,65452,65488,36
sniffing,65489,65488,65489,1
stepping,65506,65489,65506,17
walking,65601,65506,65601,95
sniffing,65651,65601,65651,50
pausing,65930,65651,65930,279
left_turning,65970,65930,65970,40
climbing,66026,65970,66026,56
right_turning,66027,66026,66027,1
walking,66074,66027,66074,47
climbing,66165,66074,66165,91
rearing,66187,66165,66187,22
sniffing,66240,66187,66240,53
walking,66277,66240,66277,37
sniffing,66278,66277,66278,1
climbing,66443,66278,66443,165
rising,66485,66443,66485,42
jumping,66870,66485,66870,385
left_turning,66892,66870,66892,22
walking,66893,66892,66893,1
climbing,66903,66893,66903,10
rearing,67050,66903,67050,147
sniffing,67195,67050,67195,145
rearing,67196,67195,67196,1
climbing,67255,67196,67255,59
hunching,67277,67255,67277,22
sniffing,67350,67277,67350,73
climbing,67376,67350,67376,26
rising,67439,67376,67439,63
rearing,67527,67439,67527,88
sniffing,67547,67527,67547,20
hunching,67613,67547,67613,66
rearing,67692,67613,67692,79
sniffing,67794,67692,67794,102
hunching,67819,67794,67819,25
right_turning,67820,67819,67820,1
climbing,67898,67820,67898,78
sniffing,67966,67898,67966,68
right_turning,68024,67966,68024,58
trotting,68066,68024,68066,42
rising,68072,68066,68072,6
sniffing,68093,68072,68093,21
walking,68098,68093,68098,5
sniffing,68135,68098,68135,37
left_turning,68155,68135,68155,20
trotting,68210,68155,68210,55
stepping,68232,68210,68232,22
rearing,68287,68232,68287,55
left_turning,68338,68287,68338,51
sniffing,68502,68338,68502,164
climbing,68577,68502,68577,75
rearing,68630,68577,68630,53
climbing,68631,68630,68631,1
trotting,68652,68631,68652,21
rising,68715,68652,68715,63
hunching,68760,68715,68760,45
climbing,68823,68760,68823,63
sniffing,68866,68823,68866,43
rising,68925,68866,68925,59
sniffing,68932,68925,68932,7
right_turning,68949,68932,68949,17
running,68991,68949,68991,42
sniffing,68992,68991,68992,1
rising,69041,68992,69041,49
climbing,69072,69041,69072,31
rearing,69104,69072,69104,32
hunching,69184,69104,69184,80
sniffing,69308,69184,69308,124
rising,69337,69308,69337,29
rearing,69347,69337,69347,10
walking,69375,69347,69375,28
rising,69416,69375,69416,41
climbing,69455,69416,69455,39
sniffing,69513,69455,69513,58
rising,69514,69513,69514,1
climbing,69562,69514,69562,48
sniffing,69687,69562,69687,125
rising,69742,69687,69742,55
climbing,69883,69742,69883,141
sniffing,70053,69883,70053,170
rising,70074,70053,70074,21
climbing,70134,70074,70134,60
rearing,70143,70134,70143,9
rising,70156,70143,70156,13
climbing,70164,70156,70164,8
walking,70190,70164,70190,26
left_turning,70191,70190,70191,1
walking,70201,70191,70201,10
sniffing,70366,70201,70366,165
stepping,70404,70366,70404,38
right_turning,70427,70404,70427,23
running,70447,70427,70447,20
trotting,70516,70447,70516,69
rearing,70531,70516,70531,15
stepping,70566,70531,70566,35
walking,70577,70566,70577,11
sniffing,70685,70577,70685,108
left_turning,70732,70685,70732,47
sniffing,70771,70732,70771,39
left_turning,70785,70771,70785,14
walking,70793,70785,70793,8
sniffing,70794,70793,70794,1
climbing,70922,70794,70922,128
right_turning,70923,70922,70923,1
climbing,70924,70923,70924,1
hunching,70925,70924,70925,1
right_turning,70934,70925,70934,9
climbing,70969,70934,70969,35
rearing,71058,70969,71058,89
climbing,71167,71058,71167,109
running,71168,71167,71168,1
walking,71186,71168,71186,18
climbing,71285,71186,71285,99
rearing,71286,71285,71286,1
sniffing,71363,71286,71363,77
rising,71380,71363,71380,17
hunching,71509,71380,71509,129
rising,71510,71509,71510,1
sniffing,71632,71510,71632,122
climbing,71639,71632,71639,7
trotting,71680,71639,71680,41
stepping,71723,71680,71723,43
climbing,71749,71723,71749,26
running,71784,71749,71784,35
sniffing,71819,71784,71819,35
grooming,72136,71819,72136,317
sniffing,72137,72136,72137,1
climbing,72219,72137,72219,82
left_turning,72308,72219,72308,89
climbing,72579,72308,72579,271
walking,72671,72579,72671,92
trotting,72710,72671,72710,39
sniffing,72929,72710,72929,219
rising,72953,72929,72953,24
stepping,73024,72953,73024,71
rearing,73079,73024,73079,55
grooming,73080,73079,73080,1
sniffing,73187,73080,73187,107
left_turning,73253,73187,73253,66
walking,73266,73253,73266,13
left_turning,73323,73266,73323,57
rising,73354,73323,73354,31
climbing,73419,73354,73419,65
rising,73430,73419,73430,11
climbing,73482,73430,73482,52
walking,73548,73482,73548,66
sniffing,73633,73548,73633,85
stepping,73691,73633,73691,58
sniffing,73789,73691,73789,98
left_turning,73812,73789,73812,23
walking,73839,73812,73839,27
rising,73866,73839,73866,27
rearing,73962,73866,73962,96
walking,73998,73962,73998,36
sniffing,74107,73998,74107,109
left_turning,74134,74107,74134,27
sniffing,74198,74134,74198,64
stepping,74232,74198,74232,34
climbing,74325,74232,74325,93
rearing,74365,74325,74365,40
rising,74377,74365,74377,12
sniffing,74791,74377,74791,414
walking,74796,74791,74796,5
rising,74797,74796,74797,1
sniffing,74868,74797,74868,71
rising,74908,74868,74908,40
sniffing,74986,74908,74986,78
pausing,75010,74986,75010,24
sniffing,75024,75010,75024,14
rising,75097,75024,75097,73
left_turning,75114,75097,75114,17
sniffing,75208,75114,75208,94
grooming,75209,75208,75209,1
sniffing,75210,75209,75210,1
rising,75247,75210,75247,37
climbing,75254,75247,75254,7
sniffing,75408,75254,75408,154
hunching,75434,75408,75434,26
sniffing,75544,75434,75544,110
climbing,75629,75544,75629,85
sniffing,75693,75629,75693,64
right_turning,75706,75693,75706,13
sniffing,75790,75706,75790,84
grooming,75940,75790,75940,150
hunching,75994,75940,75994,54
sniffing,76037,75994,76037,43
rearing,76070,76037,76070,33
rising,76115,76070,76115,45
rearing,76167,76115,76167,52
rising,76203,76167,76203,36
walking,76238,76203,76238,35
sniffing,76306,76238,76306,68
walking,76377,76306,76377,71
rearing,76516,76377,76516,139
climbing,76560,76516,76560,44
walking,76592,76560,76592,32
left_turning,76627,76592,76627,35
sniffing,76724,76627,76724,97
stepping,76763,76724,76763,39
walking,76794,76763,76794,31
stepping,76842,76794,76842,48
sniffing,76888,76842,76888,46
walking,76903,76888,76903,15
rising,76916,76903,76916,13
hunching,77024,76916,77024,108
grooming,77157,77024,77157,133
rearing,77206,77157,77206,49
sniffing,77266,77206,77266,60
rising,77324,77266,77324,58
sniffing,77366,77324,77366,42
hunching,77378,77366,77378,12
rising,77475,77378,77475,97
climbing,77564,77475,77564,89
sniffing,77658,77564,77658,94
rising,77703,77658,77703,45
climbing,77712,77703,77712,9
walking,77753,77712,77753,41
stepping,77754,77753,77754,1
climbing,77755,77754,77755,1
rising,77786,77755,77786,31
right_turning,77787,77786,77787,1
rising,77859,77787,77859,72
left_turning,77884,77859,77884,25
walking,77933,77884,77933,49
sniffing,77963,77933,77963,30
walking,78078,77963,78078,115
rising,78118,78078,78118,40
right_turning,78150,78118,78150,32
running,78156,78150,78156,6
walking,78157,78156,78157,1
hunching,78158,78157,78158,1
sniffing,78159,78158,78159,1
climbing,78191,78159,78191,32
right_turning,78251,78191,78251,60
walking,78339,78251,78339,88
sniffing,78452,78339,78452,113
left_turning,78496,78452,78496,44
sniffing,78522,78496,78522,26
left_turning,78535,78522,78535,13
rearing,78618,78535,78618,83
walking,78619,78618,78619,1
sniffing,78638,78619,78638,19
left_turning,78653,78638,78653,15
sniffing,78748,78653,78748,95
grooming,78749,78748,78749,1
rearing,78819,78749,78819,70
rising,78822,78819,78822,3
rearing,79011,78822,79011,189
sniffing,79146,79011,79146,135
pausing,79292,79146,79292,146
sniffing,79373,79292,79373,81
rising,79437,79373,79437,64
climbing,79438,79437,79438,1
sniffing,79621,79438,79621,183
left_turning,79652,79621,79652,31
sniffing,79659,79652,79659,7
right_turning,79687,79659,79687,28
walking,79719,79687,79719,32
right_turning,79741,79719,79741,22
walking,79780,79741,79780,39
left_turning,79826,79780,79826,46
walking,79869,79826,79869,43
rising,79915,79869,79915,46
sniffing,80000,79915,80000,85
walking,80089,80000,80089,89
sniffing,80124,80089,80124,35
climbing,80152,80124,80152,28
sniffing,80394,80152,80394,242
pausing,80578,80394,80578,184
sniffing,80672,80578,80672,94
walking,80726,80672,80726,54
sniffing,80755,80726,80755,29
trotting,80757,80755,80757,2
walking,80849,80757,80849,92
rising,80918,80849,80918,69
rearing,80927,80918,80927,9
walking,80951,80927,80951,24
sniffing,81015,80951,81015,64
rising,81050,81015,81050,35
sniffing,81091,81050,81091,41
hunching,81165,81091,81165,74
climbing,81254,81165,81254,89
rising,81255,81254,81255,1
sniffing,81311,81255,81311,56
rising,81312,81311,81312,1
rearing,81450,81312,81450,138
trotting,81467,81450,81467,17
sniffing,81483,81467,81483,16
hunching,81536,81483,81536,53
climbing,81537,81536,81537,1
right_turning,81554,81537,81554,17
trotting,81619,81554,81619,65
left_turning,81719,81619,81719,100
sniffing,81720,81719,81720,1
stepping,81751,81720,81751,31
walking,81842,81751,81842,91
sniffing,81843,81842,81843,1
rising,81907,81843,81907,64
hunching,81975,81907,81975,68
grooming,82067,81975,82067,92
sniffing,82196,82067,82196,129
climbing,82243,82196,82243,47
hunching,82279,82243,82279,36
right_turning,82317,82279,82317,38
sniffing,82341,82317,82341,24
grooming,82934,82341,82934,593
rearing,83021,82934,83021,87
left_turning,83144,83021,83144,123
sniffing,83400,83144,83400,256
running,83413,83400,83413,13
walking,83433,83413,83433,20
stepping,83475,83433,83475,42
sniffing,83597,83475,83597,122
stepping,83621,83597,83621,24
climbing,83695,83621,83695,74
sniffing,83821,83695,83821,126
rising,83837,83821,83837,16
sniffing,83838,83837,83838,1
walking,83891,83838,83891,53
sniffing,83943,83891,83943,52
rising,83951,83943,83951,8
walking,84000,83951,84000,49
left_turning,84081,84000,84081,81
sniffing,84391,84081,84391,310
climbing,84392,84391,84392,1
rising,84400,84392,84400,8
sniffing,84453,84400,84453,53
rising,84495,84453,84495,42
sniffing,84628,84495,84628,133
walking,84660,84628,84660,32
trotting,84699,84660,84699,39
rising,84767,84699,84767,68
hunching,84778,84767,84778,11
rearing,84852,84778,84852,74
trotting,84881,84852,84881,29
sniffing,84924,84881,84924,43
climbing,84980,84924,84980,56
right_turning,85013,84980,85013,33
walking,85014,85013,85014,1
sniffing,85083,85014,85083,69
pausing,85084,85083,85084,1
sniffing,85085,85084,85085,1
walking,85094,85085,85094,9
sniffing,85179,85094,85179,85
trotting,85256,85179,85256,77
rising,85261,85256,85261,5
trotting,85298,85261,85298,37
rising,85343,85298,85343,45
climbing,85444,85343,85444,101
left_turning,85445,85444,85445,1
trotting,85517,85445,85517,72
walking,85565,85517,85565,48
climbing,85650,85565,85650,85
left_turning,85656,85650,85656,6
walking,85703,85656,85703,47
climbing,85787,85703,85787,84
right_turning,85800,85787,85800,13
sniffing,85906,85800,85906,106
pausing,85907,85906,85907,1
sniffing,86023,85907,86023,116
rising,86048,86023,86048,25
sniffing,86049,86048,86049,1
left_turning,86067,86049,86067,18
walking,86078,86067,86078,11
climbing,86079,86078,86079,1
rising,86080,86079,86080,1
hunching,86148,86080,86148,68
rearing,86156,86148,86156,8
grooming,86386,86156,86386,230
sniffing,86387,86386,86387,1
trotting,86421,86387,86421,34
sniffing,86430,86421,86430,9
pausing,86436,86430,86436,6
sniffing,86456,86436,86456,20
left_turning,86478,86456,86478,22
trotting,86516,86478,86516,38
sniffing,86517,86516,86517,1
left_turning,86549,86517,86549,32
running,86570,86549,86570,21
sniffing,86688,86570,86688,118
grooming,86835,86688,86835,147
climbing,86836,86835,86836,1
trotting,86863,86836,86863,27
sniffing,86968,86863,86968,105
walking,86989,86968,86989,21
sniffing,87106,86989,87106,117
pausing,87285,87106,87285,179
sniffing,87286,87285,87286,1
climbing,87306,87286,87306,20
running,87350,87306,87350,44
rising,87603,87350,87603,253
climbing,87758,87603,87758,155
left_turning,87791,87758,87791,33
sniffing,87845,87791,87845,54
walking,87920,87845,87920,75
climbing,87957,87920,87957,37
trotting,87982,87957,87982,25
sniffing,88000,87982,88000,18
left_turning,88014,88000,88014,14
right_turning,88063,88014,88063,49
sniffing,88267,88063,88267,204
pausing,89060,88267,89060,793
sniffing,89094,89060,89094,34
rearing,89151,89094,89151,57
climbing,89189,89151,89189,38
grooming,89377,89189,89377,188
climbing,89462,89377,89462,85
sniffing,89463,89462,89463,1
left_turning,89532,89463,89532,69
trotting,89567,89532,89567,35
sniffing,89736,89567,89736,169
right_turning,89756,89736,89756,20
rising,89757,89756,89757,1
climbing,89886,89757,89886,129
sniffing,90035,89886,90035,149
walking,90105,90035,90105,70
left_turning,90110,90105,90110,5
walking,90169,90110,90169,59
trotting,90180,90169,90180,11
stepping,90186,90180,90186,6
walking,90187,90186,90187,1
sniffing,90196,90187,90196,9
climbing,90373,90196,90373,177
rearing,90445,90373,90445,72
sniffing,90446,90445,90446,1
rising,90482,90446,90482,36
sniffing,90483,90482,90483,1
rising,90484,90483,90484,1
climbing,90582,90484,90582,98
sniffing,90721,90582,90721,139
rising,90846,90721,90846,125
climbing,90972,90846,90972,126
sniffing,91140,90972,91140,168
climbing,91249,91140,91249,109
rearing,91297,91249,91297,48
sniffing,91298,91297,91298,1
walking,91401,91298,91401,103
rising,91452,91401,91452,51
sniffing,91533,91452,91533,81
rising,91553,91533,91553,20
left_turning,91629,91553,91629,76
rearing,91656,91629,91656,27
hunching,91663,91656,91663,7
grooming,91807,91663,91807,144
rearing,91863,91807,91863,56
climbing,91906,91863,91906,43
sniffing,91984,91906,91984,78
right_turning,91998,91984,91998,14
sniffing,92022,91998,92022,24
rising,92023,92022,92023,1
rearing,92107,92023,92107,84
climbing,92113,92107,92113,6
rearing,92160,92113,92160,47
grooming,92488,92160,92488,328
rearing,92560,92488,92560,72
climbing,92618,92560,92618,58
left_turning,92667,92618,92667,49
sniffing,92688,92667,92688,21
stepping,92693,92688,92693,5
sniffing,92877,92693,92877,184
rearing,92878,92877,92878,1
rising,92959,92878,92959,81
sniffing,93200,92959,93200,241
climbing,93201,93200,93201,1
rearing,93233,93201,93233,32
walking,93278,93233,93278,45
sniffing,93478,93278,93478,200
hunching,93535,93478,93535,57
trotting,93570,93535,93570,35
rising,93573,93570,93573,3
climbing,93786,93573,93786,213
rising,93842,93786,93842,56
climbing,93914,93842,93914,72
walking,93983,93914,93983,69
rising,93984,93983,93984,1
climbing,94097,93984,94097,113
running,94117,94097,94117,20
sniffing,94221,94117,94221,104
left_turning,94261,94221,94261,40
climbing,94349,94261,94349,88
hunching,94391,94349,94391,42
climbing,94454,94391,94454,63
rising,94544,94454,94544,90
climbing,94585,94544,94585,41
sniffing,94601,94585,94601,16
rising,94677,94601,94677,76
climbing,94736,94677,94736,59
sniffing,94841,94736,94841,105
right_turning,94873,94841,94873,32
left_turning,94948,94873,94948,75
walking,95069,94948,95069,121
left_turning,95143,95069,95143,74
rearing,95144,95143,95144,1
sniffing,95236,95144,95236,92
rising,95237,95236,95237,1
left_turning,95264,95237,95264,27
rising,95317,95264,95317,53
grooming,95318,95317,95318,1
left_turning,95342,95318,95342,24
walking,95376,95342,95376,34
rising,95403,95376,95403,27
climbing,95512,95403,95512,109
sniffing,95547,95512,95547,35
left_turning,95630,95547,95630,83
sniffing,95631,95630,95631,1
climbing,95727,95631,95727,96
right_turning,95791,95727,95791,64
sniffing,95833,95791,95833,42
trotting,95834,95833,95834,1
left_turning,95918,95834,95918,84
sniffing,95919,95918,95919,1
rearing,95920,95919,95920,1
sniffing,95950,95920,95950,30
left_turning,95957,95950,95957,7
stepping,96004,95957,96004,47
left_turning,96019,96004,96019,15
running,96030,96019,96030,11
trotting,96056,96030,96056,26
sniffing,96057,96056,96057,1
walking,96110,96057,96110,53
rising,96163,96110,96163,53
right_turning,96206,96163,96206,43
sniffing,96226,96206,96226,20
rising,96237,96226,96237,11
climbing,96286,96237,96286,49
sniffing,96305,96286,96305,19
walking,96335,96305,96335,30
rearing,96442,96335,96442,107
climbing,96443,96442,96443,1
sniffing,96582,96443,96582,139
rising,96608,96582,96608,26
rearing,96663,96608,96663,55
walking,96697,96663,96697,34
rising,96727,96697,96727,30
walking,96739,96727,96739,12
rising,96740,96739,96740,1
rearing,96741,96740,96741,1
grooming,97007,96741,97007,266
right_turning,97008,97007,97008,1
walking,97053,97008,97053,45
sniffing,97054,97053,97054,1
rising,97055,97054,97055,1
rearing,97093,97055,97093,38
sniffing,97173,97093,97173,80
rising,97242,97173,97242,69
sniffing,97253,97242,97253,11
rearing,97294,97253,97294,41
grooming,97683,97294,97683,389
sniffing,97722,97683,97722,39
pausing,97817,97722,97817,95
sniffing,97818,97817,97818,1
rising,97913,97818,97913,95
sniffing,97948,97913,97948,35
walking,98001,97948,98001,53
sniffing,98100,98001,98100,99
walking,98146,98100,98146,46
trotting,98189,98146,98189,43
left_turning,98259,98189,98259,70
rising,98260,98259,98260,1
climbing,98417,98260,98417,157
sniffing,98651,98417,98651,234
left_turning,98700,98651,98700,49
walking,98725,98700,98725,25
climbing,98739,98725,98739,14
grooming,99017,98739,99017,278
right_turning,99029,99017,99029,12
sniffing,99030,99029,99030,1
rising,99092,99030,99092,62
sniffing,99120,99092,99120,28
right_turning,99153,99120,99153,33
left_turning,99175,99153,99175,22
sniffing,99232,99175,99232,57
walking,99247,99232,99247,15
rearing,99297,99247,99297,50
hunching,99359,99297,99359,62
sniffing,99360,99359,99360,1
trotting,99418,99360,99418,58
left_turning,99430,99418,99430,12
sniffing,99565,99430,99565,135
right_turning,99605,99565,99605,40
sniffing,99665,99605,99665,60
climbing,99797,99665,99797,132
sniffing,99839,99797,99839,42
rising,99875,99839,99875,36
climbing,99894,99875,99894,19
walking,99914,99894,99914,20
sniffing,99998,99914,99998,84
pausing,100103,99998,100103,105
sniffing,100187,100103,100187,84
climbing,100193,100187,100193,6
rising,100282,100193,100282,89
walking,100312,100282,100312,30
rising,100397,100312,100397,85
right_turning,100398,100397,100398,1
walking,100408,100398,100408,10
climbing,100422,100408,100422,14
rising,100575,100422,100575,153
sniffing,100577,100575,100577,2
climbing,100578,100577,100578,1
grooming,100859,100578,100859,281
climbing,100870,100859,100870,11
grooming,100923,100870,100923,53
left_turning,100930,100923,100930,7
sniffing,100957,100930,100957,27
stepping,101001,100957,101001,44
sniffing,101002,101001,101002,1
right_turning,101022,101002,101022,20
grooming,101095,101022,101095,73
sniffing,101098,101095,101098,3
hunching,101188,101098,101188,90
sniffing,101252,101188,101252,64
rising,101321,101252,101321,69
walking,101322,101321,101322,1
left_turning,101323,101322,101323,1
sniffing,101425,101323,101425,102
right_turning,101447,101425,101447,22
walking,101507,101447,101507,60
sniffing,101508,101507,101508,1
left_turning,101658,101508,101658,150
walking,101705,101658,101705,47
sniffing,101928,101705,101928,223
climbing,101975,101928,101975,47
sniffing,102091,101975,102091,116
rising,102119,102091,102119,28
climbing,102128,102119,102128,9
grooming,102393,102128,102393,265
sniffing,102536,102393,102536,143
stepping,102588,102536,102588,52
left_turning,102678,102588,102678,90
stepping,102700,102678,102700,22
walking,102755,102700,102755,55
rising,102804,102755,102804,49
sniffing,102850,102804,102850,46
trotting,102886,102850,102886,36
sniffing,102918,102886,102918,32
rising,102943,102918,102943,25
climbing,103090,102943,103090,147
left_turning,103125,103090,103125,35
trotting,103177,103125,103177,52
rising,103217,103177,103217,40
climbing,103264,103217,103264,47
right_turning,103265,103264,103265,1
walking,103313,103265,103313,48
left_turning,103352,103313,103352,39
sniffing,103494,103352,103494,142
climbing,103537,103494,103537,43
right_turning,103545,103537,103545,8
left_turning,103620,103545,103620,75
sniffing,103908,103620,103908,288
stepping,103909,103908,103909,1
walking,103956,103909,103956,47
climbing,104103,103956,104103,147
sniffing,104170,104103,104170,67
walking,104203,104170,104203,33
left_turning,104222,104203,104222,19
stepping,104292,104222,104292,70
sniffing,104297,104292,104297,5
walking,104298,104297,104298,1
rising,104325,104298,104325,27
sniffing,104368,104325,104368,43
right_turning,104377,104368,104377,9
walking,104399,104377,104399,22
rising,104470,104399,104470,71
sniffing,104485,104470,104485,15
grooming,104638,104485,104638,153
rising,104713,104638,104713,75
hunching,104714,104713,104714,1
climbing,104715,104714,104715,1
rising,104807,104715,104807,92
climbing,104820,104807,104820,13
rising,104901,104820,104901,81
rearing,104937,104901,104937,36
sniffing,104991,104937,104991,54
climbing,105067,104991,105067,76
walking,105098,105067,105098,31
stepping,105141,105098,105141,43
sniffing,105167,105141,105167,26
rising,105193,105167,105193,26
climbing,105286,105193,105286,93
rearing,105331,105286,105331,45
sniffing,105378,105331,105378,47
left_turning,105379,105378,105379,1
walking,105459,105379,105459,80
rearing,105491,105459,105491,32
right_turning,105505,105491,105505,14
sniffing,105551,105505,105551,46
left_turning,105582,105551,105582,31
sniffing,105715,105582,105715,133
walking,105720,105715,105720,5
sniffing,105721,105720,105721,1
rearing,105801,105721,105801,80
walking,105802,105801,105802,1
sniffing,105888,105802,105888,86
pausing,105942,105888,105942,54
sniffing,105943,105942,105943,1
rising,106046,105943,106046,103
sniffing,106099,106046,106099,53
left_turning,106174,106099,106174,75
walking,106175,106174,106175,1
climbing,106176,106175,106176,1
rearing,106278,106176,106278,102
climbing,106326,106278,106326,48
walking,106375,106326,106375,49
stepping,106403,106375,106403,28
sniffing,106460,106403,106460,57
pausing,106748,106460,106748,288
sniffing,106886,106748,106886,138
rising,106914,106886,106914,28
right_turning,106915,106914,106915,1
climbing,106955,106915,106955,40
rising,107042,106955,107042,87
rearing,107191,107042,107191,149
sniffing,107192,107191,107192,1
walking,107262,107192,107262,70
rising,107360,107262,107360,98
grooming,107670,107360,107670,310
rising,107732,107670,107732,62
sniffing,107853,107732,107853,121
stepping,107860,107853,107860,7
walking,107907,107860,107907,47
trotting,107953,107907,107953,46
walking,107978,107953,107978,25
sniffing,107979,107978,107979,1
walking,108000,107979,108000,21
