revised_movement_label,segBoundary,segBoundary_start,segBoundary_end,length
rising,48,0,48,48
sniffing,49,48,49,1
rising,50,49,50,1
grooming,185,50,185,135
rising,212,185,212,27
sniffing,263,212,263,51
walking,264,263,264,1
right_turning,276,264,276,12
walking,322,276,322,46
rising,401,322,401,79
climbing,452,401,452,51
sniffing,486,452,486,34
left_turning,487,486,487,1
walking,498,487,498,11
climbing,559,498,559,61
trotting,585,559,585,26
walking,626,585,626,41
sniffing,641,626,641,15
walking,700,641,700,59
sniffing,769,700,769,69
left_turning,770,769,770,1
walking,784,770,784,14
climbing,823,784,823,39
sniffing,902,823,902,79
walking,920,902,920,18
climbing,926,920,926,6
sniffing,994,926,994,68
right_turning,996,994,996,2
sniffing,1014,996,1014,18
climbing,1050,1014,1050,36
trotting,1070,1050,1070,20
left_turning,1110,1070,1110,40
trotting,1128,1110,1128,18
sniffing,1174,1128,1174,46
left_turning,1193,1174,1193,19
sniffing,1268,1193,1268,75
walking,1359,1268,1359,91
sniffing,1445,1359,1445,86
climbing,1516,1445,1516,71
running,1528,1516,1528,12
walking,1582,1528,1582,54
sniffing,1712,1582,1712,130
walking,1766,1712,1766,54
sniffing,1767,1766,1767,1
stepping,1831,1767,1831,64
climbing,1840,1831,1840,9
right_turning,1873,1840,1873,33
sniffing,1966,1873,1966,93
walking,1967,1966,1967,1
sniffing,2052,1967,2052,85
walking,2062,2052,2062,10
sniffing,2430,2062,2430,368
left_turning,2465,2430,2465,35
walking,2520,2465,2520,55
left_turning,2521,2520,2521,1
walking,2587,2521,2587,66
running,2630,2587,2630,43
rising,2689,2630,2689,59
climbing,2731,2689,2731,42
hunching,2747,2731,2747,16
right_turning,2762,2747,2762,15
running,2763,2762,2763,1
walking,2846,2763,2846,83
climbing,2858,2846,2858,12
running,2875,2858,2875,17
sniffing,2989,2875,2989,114
trotting,3020,2989,3020,31
walking,3025,3020,3025,5
trotting,3115,3025,3115,90
running,3191,3115,3191,76
rising,3259,3191,3259,68
sniffing,3260,3259,3260,1
rising,3323,3260,3323,63
climbing,3397,3323,3397,74
walking,3485,3397,3485,88
climbing,3523,3485,3523,38
sniffing,3576,3523,3576,53
rearing,3592,3576,3592,16
rising,3593,3592,3593,1
right_turning,3615,3593,3615,22
walking,3700,3615,3700,85
left_turning,3737,3700,3737,37
sniffing,3826,3737,3826,89
hunching,3868,3826,3868,42
sniffing,3953,3868,3953,85
rising,3967,3953,3967,14
sniffing,4062,3967,4062,95
walking,4063,4062,4063,1
sniffing,4092,4063,4092,29
rising,4105,4092,4105,13
climbing,4168,4105,4168,63
walking,4197,4168,4197,29
sniffing,4292,4197,4292,95
rising,4352,4292,4352,60
sniffing,4425,4352,4425,73
walking,4426,4425,4426,1
sniffing,4427,4426,4427,1
rising,4434,4427,4434,7
walking,4438,4434,4438,4
running,4453,4438,4453,15
walking,4493,4453,4493,40
sniffing,4622,4493,4622,129
rising,4651,4622,4651,29
climbing,4689,4651,4689,38
trotting,4724,4689,4724,35
sniffing,4765,4724,4765,41
rising,4825,4765,4825,60
rearing,4898,4825,4898,73
climbing,4944,4898,4944,46
sniffing,4945,4944,4945,1
left_turning,4997,4945,4997,52
trotting,4998,4997,4998,1
sniffing,5023,4998,5023,25
rising,5027,5023,5027,4
left_turning,5043,5027,5043,16
sniffing,5044,5043,5044,1
right_turning,5080,5044,5080,36
trotting,5118,5080,5118,38
walking,5119,5118,5119,1
climbing,5152,5119,5152,33
rising,5153,5152,5153,1
climbing,5220,5153,5220,67
sniffing,5231,5220,5231,11
climbing,5285,5231,5285,54
rising,5328,5285,5328,43
stepping,5357,5328,5357,29
walking,5384,5357,5384,27
sniffing,5701,5384,5701,317
climbing,5767,5701,5767,66
walking,5777,5767,5777,10
rising,5845,5777,5845,68
climbing,5851,5845,5851,6
grooming,5911,5851,5911,60
right_turning,5920,5911,5920,9
trotting,5931,5920,5931,11
right_turning,5932,5931,5932,1
sniffing,5933,5932,5933,1
climbing,6012,5933,6012,79
walking,6013,6012,6013,1
climbing,6109,6013,6109,96
sniffing,6209,6109,6209,100
rising,6210,6209,6210,1
climbing,6249,6210,6249,39
rising,6281,6249,6281,32
trotting,6298,6281,6298,17
left_turning,6352,6298,6352,54
rising,6412,6352,6412,60
climbing,6483,6412,6483,71
left_turning,6484,6483,6484,1
walking,6506,6484,6506,22
rising,6550,6506,6550,44
walking,6590,6550,6590,40
rising,6663,6590,6663,73
climbing,6758,6663,6758,95
sniffing,6801,6758,6801,43
rising,6841,6801,6841,40
walking,6880,6841,6880,39
sniffing,6937,6880,6937,57
left_turning,6989,6937,6989,52
sniffing,7052,6989,7052,63
climbing,7053,7052,7053,1
rearing,7054,7053,7054,1
rising,7092,7054,7092,38
climbing,7145,7092,7145,53
hunching,7193,7145,7193,48
climbing,7274,7193,7274,81
sniffing,7275,7274,7275,1
left_turning,7336,7275,7336,61
rising,7376,7336,7376,40
climbing,7452,7376,7452,76
walking,7453,7452,7453,1
climbing,7505,7453,7505,52
right_turning,7544,7505,7544,39
trotting,7563,7544,7563,19
rising,7606,7563,7606,43
climbing,7664,7606,7664,58
stepping,7693,7664,7693,29
sniffing,7815,7693,7815,122
walking,7816,7815,7816,1
sniffing,7817,7816,7817,1
walking,7913,7817,7913,96
sniffing,8071,7913,8071,158
rising,8124,8071,8124,53
stepping,8157,8124,8157,33
walking,8240,8157,8240,83
right_turning,8241,8240,8241,1
walking,8298,8241,8298,57
sniffing,8303,8298,8303,5
climbing,8337,8303,8337,34
walking,8362,8337,8362,25
right_turning,8370,8362,8370,8
rising,8417,8370,8417,47
walking,8496,8417,8496,79
rising,8497,8496,8497,1
sniffing,8503,8497,8503,6
rising,8547,8503,8547,44
climbing,8610,8547,8610,63
right_turning,8639,8610,8639,29
rising,8678,8639,8678,39
trotting,8719,8678,8719,41
sniffing,8861,8719,8861,142
climbing,8924,8861,8924,63
rising,8965,8924,8965,41
climbing,9000,8965,9000,35
sniffing,9042,9000,9042,42
left_turning,9085,9042,9085,43
walking,9088,9085,9088,3
sniffing,9112,9088,9112,24
stepping,9160,9112,9160,48
sniffing,9235,9160,9235,75
climbing,9326,9235,9326,91
sniffing,9407,9326,9407,81
running,9427,9407,9427,20
walking,9626,9427,9626,199
right_turning,9682,9626,9682,56
walking,9812,9682,9812,130
left_turning,9815,9812,9815,3
walking,9891,9815,9891,76
sniffing,9990,9891,9990,99
walking,10053,9990,10053,63
running,10082,10053,10082,29
sniffing,10175,10082,10175,93
rising,10237,10175,10237,62
climbing,10300,10237,10300,63
rising,10301,10300,10301,1
climbing,10330,10301,10330,29
right_turning,10351,10330,10351,21
walking,10369,10351,10369,18
rising,10406,10369,10406,37
sniffing,10407,10406,10407,1
rising,10468,10407,10468,61
left_turning,10485,10468,10485,17
walking,10538,10485,10538,53
climbing,10627,10538,10627,89
walking,10628,10627,10628,1
trotting,10674,10628,10674,46
walking,10725,10674,10725,51
sniffing,10733,10725,10733,8
stepping,10782,10733,10782,49
left_turning,10853,10782,10853,71
rising,10906,10853,10906,53
sniffing,11090,10906,11090,184
trotting,11128,11090,11128,38
sniffing,11143,11128,11143,15
climbing,11165,11143,11165,22
sniffing,11229,11165,11229,64
rising,11262,11229,11262,33
sniffing,11370,11262,11370,108
walking,11482,11370,11482,112
rising,11545,11482,11545,63
climbing,11612,11545,11612,67
sniffing,11689,11612,11689,77
stepping,11690,11689,11690,1
walking,11691,11690,11691,1
stepping,11710,11691,11710,19
sniffing,11761,11710,11761,51
rising,11812,11761,11812,51
sniffing,11929,11812,11929,117
stepping,11947,11929,11947,18
running,11973,11947,11973,26
walking,11974,11973,11974,1
left_turning,12017,11974,12017,43
sniffing,12018,12017,12018,1
left_turning,12066,12018,12066,48
sniffing,12111,12066,12111,45
walking,12136,12111,12136,25
sniffing,12182,12136,12182,46
left_turning,12209,12182,12209,27
sniffing,12365,12209,12365,156
walking,12465,12365,12465,100
climbing,12543,12465,12543,78
rising,12596,12543,12596,53
climbing,12654,12596,12654,58
trotting,12677,12654,12677,23
running,12716,12677,12716,39
left_turning,12774,12716,12774,58
running,12798,12774,12798,24
rising,12832,12798,12832,34
climbing,12857,12832,12857,25
sniffing,12951,12857,12951,94
stepping,12996,12951,12996,45
climbing,13131,12996,13131,135
sniffing,13210,13131,13210,79
rising,13247,13210,13247,37
walking,13256,13247,13256,9
sniffing,13300,13256,13300,44
right_turning,13301,13300,13301,1
walking,13387,13301,13387,86
sniffing,13407,13387,13407,20
walking,13470,13407,13470,63
trotting,13485,13470,13485,15
sniffing,13586,13485,13586,101
left_turning,13651,13586,13651,65
stepping,13714,13651,13714,63
sniffing,13745,13714,13745,31
walking,13802,13745,13802,57
climbing,13851,13802,13851,49
right_turning,13884,13851,13884,33
trotting,13917,13884,13917,33
sniffing,13918,13917,13918,1
walking,13924,13918,13924,6
climbing,13963,13924,13963,39
right_turning,13964,13963,13964,1
left_turning,14020,13964,14020,56
sniffing,14031,14020,14031,11
walking,14060,14031,14060,29
sniffing,14166,14060,14166,106
walking,14236,14166,14236,70
left_turning,14285,14236,14285,49
sniffing,14368,14285,14368,83
right_turning,14379,14368,14379,11
walking,14403,14379,14403,24
running,14427,14403,14427,24
walking,14482,14427,14482,55
running,14506,14482,14506,24
walking,14507,14506,14507,1
sniffing,14636,14507,14636,129
rising,14637,14636,14637,1
climbing,14704,14637,14704,67
walking,14721,14704,14721,17
sniffing,14763,14721,14763,42
walking,14854,14763,14854,91
sniffing,14866,14854,14866,12
right_turning,14884,14866,14884,18
walking,14912,14884,14912,28
trotting,14943,14912,14943,31
sniffing,15089,14943,15089,146
trotting,15106,15089,15106,17
sniffing,15146,15106,15146,40
right_turning,15181,15146,15181,35
left_turning,15222,15181,15222,41
walking,15259,15222,15259,37
sniffing,15441,15259,15441,182
walking,15457,15441,15457,16
climbing,15510,15457,15510,53
walking,15546,15510,15546,36
hunching,15597,15546,15597,51
right_turning,15598,15597,15598,1
walking,15673,15598,15673,75
rising,15731,15673,15731,58
sniffing,15918,15731,15918,187
left_turning,15957,15918,15957,39
running,15986,15957,15986,29
walking,16005,15986,16005,19
sniffing,16145,16005,16145,140
hunching,16177,16145,16177,32
left_turning,16233,16177,16233,56
walking,16247,16233,16247,14
sniffing,16248,16247,16248,1
climbing,16314,16248,16314,66
right_turning,16324,16314,16324,10
sniffing,16373,16324,16373,49
walking,16400,16373,16400,27
rising,16430,16400,16430,30
rearing,16436,16430,16436,6
rising,16465,16436,16465,29
walking,16523,16465,16523,58
running,16529,16523,16529,6
sniffing,16638,16529,16638,109
right_turning,16667,16638,16667,29
walking,16671,16667,16671,4
rising,16672,16671,16672,1
climbing,16673,16672,16673,1
sniffing,16726,16673,16726,53
walking,16821,16726,16821,95
sniffing,16898,16821,16898,77
climbing,16933,16898,16933,35
right_turning,16934,16933,16934,1
stepping,16957,16934,16957,23
right_turning,17007,16957,17007,50
stepping,17022,17007,17022,15
sniffing,17083,17022,17083,61
stepping,17137,17083,17137,54
rising,17148,17137,17148,11
sniffing,17273,17148,17273,125
right_turning,17311,17273,17311,38
walking,17399,17311,17399,88
sniffing,17463,17399,17463,64
walking,17514,17463,17514,51
sniffing,17667,17514,17667,153
rising,17732,17667,17732,65
sniffing,17852,17732,17852,120
climbing,17936,17852,17936,84
sniffing,18023,17936,18023,87
stepping,18043,18023,18043,20
climbing,18102,18043,18102,59
hunching,18159,18102,18159,57
grooming,18262,18159,18262,103
left_turning,18324,18262,18324,62
walking,18336,18324,18336,12
trotting,18350,18336,18350,14
sniffing,18411,18350,18411,61
rearing,18470,18411,18470,59
sniffing,18471,18470,18471,1
grooming,18663,18471,18663,192
rearing,18664,18663,18664,1
grooming,18665,18664,18665,1
rearing,18708,18665,18708,43
rising,18733,18708,18733,25
sniffing,18903,18733,18903,170
rising,18909,18903,18909,6
climbing,18910,18909,18910,1
right_turning,18917,18910,18917,7
trotting,18961,18917,18961,44
sniffing,18972,18961,18972,11
right_turning,19010,18972,19010,38
stepping,19044,19010,19044,34
sniffing,19045,19044,19045,1
rising,19077,19045,19077,32
sniffing,19201,19077,19201,124
walking,19269,19201,19269,68
trotting,19318,19269,19318,49
sniffing,19319,19318,19319,1
walking,19355,19319,19355,36
trotting,19428,19355,19428,73
sniffing,19494,19428,19494,66
walking,19667,19494,19667,173
right_turning,19668,19667,19668,1
walking,19751,19668,19751,83
sniffing,19945,19751,19945,194
right_turning,20015,19945,20015,70
walking,20056,20015,20056,41
stepping,20079,20056,20079,23
right_turning,20126,20079,20126,47
walking,20182,20126,20182,56
left_turning,20251,20182,20251,69
running,20267,20251,20267,16
sniffing,20348,20267,20348,81
rising,20349,20348,20349,1
climbing,20427,20349,20427,78
right_turning,20441,20427,20441,14
running,20454,20441,20454,13
trotting,20455,20454,20455,1
sniffing,20577,20455,20577,122
hunching,20635,20577,20635,58
rearing,20720,20635,20720,85
sniffing,20801,20720,20801,81
walking,20881,20801,20881,80
rising,20886,20881,20886,5
stepping,21028,20886,21028,142
rearing,21128,21028,21128,100
grooming,21379,21128,21379,251
rearing,21380,21379,21380,1
sniffing,21410,21380,21410,30
right_turning,21436,21410,21436,26
trotting,21437,21436,21437,1
sniffing,21447,21437,21447,10
walking,21530,21447,21530,83
sniffing,21531,21530,21531,1
hunching,21569,21531,21569,38
sniffing,21597,21569,21597,28
rising,21638,21597,21638,41
climbing,21697,21638,21697,59
walking,21698,21697,21698,1
left_turning,21735,21698,21735,37
walking,21797,21735,21797,62
sniffing,21798,21797,21798,1
left_turning,21870,21798,21870,72
rising,21900,21870,21900,30
grooming,21917,21900,21917,17
left_turning,21918,21917,21918,1
trotting,21950,21918,21950,32
rising,21972,21950,21972,22
sniffing,21973,21972,21973,1
stepping,22023,21973,22023,50
climbing,22098,22023,22098,75
trotting,22137,22098,22137,39
sniffing,22248,22137,22248,111
walking,22316,22248,22316,68
climbing,22409,22316,22409,93
rising,22464,22409,22464,55
sniffing,22465,22464,22465,1
running,22494,22465,22494,29
walking,22506,22494,22506,12
sniffing,22622,22506,22622,116
climbing,22688,22622,22688,66
rising,22765,22688,22765,77
rearing,22766,22765,22766,1
sniffing,22886,22766,22886,120
walking,22887,22886,22887,1
sniffing,23072,22887,23072,185
rising,23113,23072,23113,41
walking,23114,23113,23114,1
climbing,23140,23114,23140,26
sniffing,23238,23140,23238,98
rising,23312,23238,23312,74
walking,23322,23312,23322,10
sniffing,23365,23322,23365,43
left_turning,23405,23365,23405,40
sniffing,23445,23405,23445,40
walking,23480,23445,23480,35
stepping,23517,23480,23517,37
left_turning,23604,23517,23604,87
walking,23629,23604,23629,25
sniffing,23699,23629,23699,70
trotting,23713,23699,23713,14
sniffing,23805,23713,23805,92
climbing,23864,23805,23864,59
sniffing,23951,23864,23951,87
hunching,23964,23951,23964,13
rising,24044,23964,24044,80
climbing,24086,24044,24086,42
sniffing,24256,24086,24256,170
climbing,24295,24256,24295,39
walking,24342,24295,24342,47
sniffing,24343,24342,24343,1
walking,24410,24343,24410,67
stepping,24434,24410,24434,24
right_turning,24475,24434,24475,41
sniffing,24476,24475,24476,1
left_turning,24501,24476,24501,25
stepping,24552,24501,24552,51
sniffing,24606,24552,24606,54
left_turning,24634,24606,24634,28
trotting,24664,24634,24664,30
left_turning,24665,24664,24665,1
walking,24747,24665,24747,82
sniffing,24806,24747,24806,59
rising,24835,24806,24835,29
sniffing,24876,24835,24876,41
walking,24910,24876,24910,34
rising,24965,24910,24965,55
sniffing,25066,24965,25066,101
right_turning,25141,25066,25141,75
walking,25142,25141,25142,1
right_turning,25148,25142,25148,6
rising,25191,25148,25191,43
grooming,25205,25191,25205,14
sniffing,25288,25205,25288,83
walking,25327,25288,25327,39
stepping,25395,25327,25395,68
climbing,25450,25395,25450,55
sniffing,25451,25450,25451,1
rearing,25474,25451,25474,23
sniffing,25592,25474,25592,118
walking,25639,25592,25639,47
sniffing,25741,25639,25741,102
right_turning,25742,25741,25742,1
walking,25796,25742,25796,54
rearing,25894,25796,25894,98
sniffing,25967,25894,25967,73
right_turning,25995,25967,25995,28
walking,26015,25995,26015,20
sniffing,26065,26015,26065,50
left_turning,26127,26065,26127,62
sniffing,26192,26127,26192,65
walking,26270,26192,26270,78
sniffing,26271,26270,26271,1
walking,26338,26271,26338,67
sniffing,26365,26338,26365,27
rising,26372,26365,26372,7
rearing,26416,26372,26416,44
sniffing,26428,26416,26428,12
climbing,26509,26428,26509,81
rearing,26552,26509,26552,43
jumping,26602,26552,26602,50
right_turning,26644,26602,26644,42
walking,26680,26644,26680,36
sniffing,26693,26680,26693,13
trotting,26747,26693,26747,54
sniffing,26861,26747,26861,114
climbing,26875,26861,26875,14
rising,26876,26875,26876,1
grooming,27013,26876,27013,137
sniffing,27076,27013,27076,63
grooming,27234,27076,27234,158
sniffing,27294,27234,27294,60
trotting,27310,27294,27310,16
stepping,27371,27310,27371,61
sniffing,27426,27371,27426,55
left_turning,27490,27426,27490,64
walking,27555,27490,27555,65
rising,27581,27555,27581,26
rearing,27593,27581,27593,12
sniffing,27594,27593,27594,1
rising,27635,27594,27635,41
climbing,27658,27635,27658,23
rising,27711,27658,27711,53
left_turning,27755,27711,27755,44
walking,27759,27755,27759,4
trotting,27765,27759,27765,6
left_turning,27832,27765,27832,67
walking,27859,27832,27859,27
grooming,28154,27859,28154,295
sniffing,28296,28154,28296,142
grooming,28395,28296,28395,99
left_turning,28417,28395,28417,22
sniffing,28521,28417,28521,104
rearing,28599,28521,28599,78
climbing,28602,28599,28602,3
trotting,28636,28602,28636,34
rising,28658,28636,28658,22
climbing,28659,28658,28659,1
running,28688,28659,28688,29
walking,28755,28688,28755,67
sniffing,28905,28755,28905,150
walking,28989,28905,28989,84
sniffing,29129,28989,29129,140
walking,29160,29129,29160,31
rising,29161,29160,29161,1
grooming,29400,29161,29400,239
rearing,29405,29400,29405,5
rising,29476,29405,29476,71
sniffing,29503,29476,29503,27
left_turning,29532,29503,29532,29
stepping,29577,29532,29577,45
sniffing,29590,29577,29590,13
running,29614,29590,29614,24
walking,29648,29614,29648,34
sniffing,29649,29648,29649,1
left_turning,29687,29649,29687,38
walking,29735,29687,29735,48
sniffing,29835,29735,29835,100
rising,29878,29835,29878,43
trotting,29892,29878,29892,14
stepping,29899,29892,29899,7
sniffing,30077,29899,30077,178
stepping,30141,30077,30141,64
walking,30223,30141,30223,82
sniffing,30320,30223,30320,97
left_turning,30353,30320,30353,33
walking,30354,30353,30354,1
running,30377,30354,30377,23
sniffing,30486,30377,30486,109
stepping,30508,30486,30508,22
walking,30537,30508,30537,29
right_turning,30589,30537,30589,52
sniffing,30642,30589,30642,53
rising,30671,30642,30671,29
climbing,30713,30671,30713,42
rising,30748,30713,30748,35
sniffing,30801,30748,30801,53
left_turning,30830,30801,30830,29
sniffing,30831,30830,30831,1
rising,30843,30831,30843,12
trotting,30858,30843,30858,15
sniffing,30920,30858,30920,62
hunching,30937,30920,30937,17
rising,30973,30937,30973,36
climbing,31034,30973,31034,61
sniffing,31101,31034,31101,67
walking,31145,31101,31145,44
sniffing,31212,31145,31212,67
walking,31228,31212,31228,16
running,31229,31228,31229,1
sniffing,31302,31229,31302,73
walking,31319,31302,31319,17
sniffing,31411,31319,31411,92
left_turning,31471,31411,31471,60
walking,31507,31471,31507,36
stepping,31574,31507,31574,67
walking,31575,31574,31575,1
rising,31610,31575,31610,35
sniffing,31718,31610,31718,108
grooming,31719,31718,31719,1
sniffing,31781,31719,31781,62
left_turning,31801,31781,31801,20
walking,31802,31801,31802,1
sniffing,31972,31802,31972,170
climbing,32041,31972,32041,69
rising,32113,32041,32113,72
climbing,32186,32113,32186,73
sniffing,32228,32186,32228,42
trotting,32256,32228,32256,28
rising,32257,32256,32257,1
left_turning,32266,32257,32266,9
sniffing,32271,32266,32271,5
left_turning,32272,32271,32272,1
sniffing,32309,32272,32309,37
walking,32343,32309,32343,34
left_turning,32402,32343,32402,59
sniffing,32424,32402,32424,22
walking,32477,32424,32477,53
rising,32520,32477,32520,43
rearing,32534,32520,32534,14
walking,32561,32534,32561,27
sniffing,32603,32561,32603,42
rising,32629,32603,32629,26
trotting,32643,32629,32643,14
walking,32683,32643,32683,40
hunching,32684,32683,32684,1
sniffing,32867,32684,32867,183
rising,32887,32867,32887,20
walking,32970,32887,32970,83
sniffing,32971,32970,32971,1
trotting,33001,32971,33001,30
stepping,33057,33001,33057,56
sniffing,33269,33057,33269,212
pausing,33409,33269,33409,140
sniffing,33443,33409,33443,34
walking,33463,33443,33463,20
climbing,33476,33463,33476,13
sniffing,33533,33476,33533,57
left_turning,33537,33533,33537,4
walking,33538,33537,33538,1
trotting,33552,33538,33552,14
left_turning,33569,33552,33569,17
sniffing,33639,33569,33639,70
left_turning,33656,33639,33656,17
sniffing,33657,33656,33657,1
stepping,33713,33657,33713,56
rising,33714,33713,33714,1
climbing,33802,33714,33802,88
walking,33873,33802,33873,71
right_turning,33933,33873,33933,60
sniffing,34024,33933,34024,91
walking,34127,34024,34127,103
sniffing,34184,34127,34184,57
rising,34267,34184,34267,83
left_turning,34295,34267,34295,28
sniffing,34353,34295,34353,58
right_turning,34383,34353,34383,30
walking,34518,34383,34518,135
sniffing,34668,34518,34668,150
rising,34726,34668,34726,58
grooming,34745,34726,34745,19
sniffing,34874,34745,34874,129
stepping,34919,34874,34919,45
sniffing,35013,34919,35013,94
rising,35065,35013,35065,52
climbing,35140,35065,35140,75
walking,35190,35140,35190,50
sniffing,35243,35190,35243,53
climbing,35341,35243,35341,98
rearing,35365,35341,35365,24
walking,35407,35365,35407,42
sniffing,35524,35407,35524,117
right_turning,35531,35524,35531,7
rising,35579,35531,35579,48
sniffing,35617,35579,35617,38
rising,35643,35617,35643,26
climbing,35740,35643,35740,97
sniffing,35841,35740,35841,101
rising,35861,35841,35861,20
sniffing,35866,35861,35866,5
rearing,35923,35866,35923,57
sniffing,36020,35923,36020,97
walking,36161,36020,36161,141
sniffing,36301,36161,36301,140
rising,36341,36301,36341,40
sniffing,36350,36341,36350,9
rearing,36458,36350,36458,108
grooming,36527,36458,36527,69
hunching,36554,36527,36554,27
sniffing,36636,36554,36636,82
climbing,36736,36636,36736,100
right_turning,36755,36736,36755,19
rearing,36776,36755,36776,21
rising,36826,36776,36826,50
rearing,36848,36826,36848,22
walking,36850,36848,36850,2
rising,36900,36850,36900,50
climbing,36990,36900,36990,90
trotting,37016,36990,37016,26
stepping,37064,37016,37064,48
climbing,37110,37064,37110,46
hunching,37164,37110,37164,54
rearing,37230,37164,37230,66
rising,37263,37230,37263,33
climbing,37264,37263,37264,1
rising,37276,37264,37276,12
sniffing,37411,37276,37411,135
rising,37475,37411,37475,64
rearing,37493,37475,37493,18
sniffing,37645,37493,37645,152
rising,37687,37645,37687,42
sniffing,37688,37687,37688,1
climbing,37694,37688,37694,6
rearing,37695,37694,37695,1
sniffing,37791,37695,37791,96
walking,37792,37791,37792,1
sniffing,37793,37792,37793,1
hunching,37923,37793,37923,130
climbing,37954,37923,37954,31
sniffing,38043,37954,38043,89
rising,38044,38043,38044,1
rearing,38077,38044,38077,33
climbing,38160,38077,38160,83
sniffing,38503,38160,38503,343
walking,38571,38503,38571,68
rising,38614,38571,38614,43
grooming,38665,38614,38665,51
sniffing,38711,38665,38711,46
rearing,38715,38711,38715,4
climbing,38770,38715,38770,55
walking,38858,38770,38858,88
sniffing,38887,38858,38887,29
stepping,38917,38887,38917,30
climbing,38954,38917,38954,37
rising,38990,38954,38990,36
grooming,39142,38990,39142,152
hunching,39160,39142,39160,18
sniffing,39213,39160,39213,53
rearing,39265,39213,39265,52
walking,39353,39265,39353,88
sniffing,39417,39353,39417,64
rising,39462,39417,39462,45
left_turning,39469,39462,39469,7
sniffing,39570,39469,39570,101
walking,39613,39570,39613,43
sniffing,39711,39613,39711,98
walking,39742,39711,39742,31
sniffing,39802,39742,39802,60
left_turning,39854,39802,39854,52
trotting,39889,39854,39889,35
walking,39939,39889,39939,50
left_turning,39991,39939,39991,52
walking,40061,39991,40061,70
left_turning,40076,40061,40076,15
sniffing,40178,40076,40178,102
right_turning,40203,40178,40203,25
stepping,40209,40203,40209,6
sniffing,40366,40209,40366,157
rising,40369,40366,40369,3
sniffing,40407,40369,40407,38
rising,40409,40407,40409,2
sniffing,40444,40409,40444,35
climbing,40467,40444,40467,23
sniffing,40638,40467,40638,171
walking,40677,40638,40677,39
rising,40745,40677,40745,68
hunching,40762,40745,40762,17
rearing,40842,40762,40842,80
sniffing,40843,40842,40843,1
left_turning,40893,40843,40893,50
right_turning,40957,40893,40957,64
sniffing,41055,40957,41055,98
stepping,41092,41055,41092,37
rising,41118,41092,41118,26
grooming,41119,41118,41119,1
rearing,41120,41119,41120,1
rising,41128,41120,41128,8
walking,41176,41128,41176,48
rising,41262,41176,41262,86
left_turning,41284,41262,41284,22
climbing,41285,41284,41285,1
hunching,41327,41285,41327,42
sniffing,41328,41327,41328,1
rising,41341,41328,41341,13
sniffing,41342,41341,41342,1
left_turning,41360,41342,41360,18
sniffing,41541,41360,41541,181
walking,41556,41541,41556,15
sniffing,41566,41556,41566,10
walking,41585,41566,41585,19
left_turning,41595,41585,41595,10
rising,41684,41595,41684,89
climbing,41772,41684,41772,88
sniffing,41918,41772,41918,146
rising,41986,41918,41986,68
sniffing,42066,41986,42066,80
hunching,42067,42066,42067,1
rising,42116,42067,42116,49
sniffing,42334,42116,42334,218
rising,42413,42334,42413,79
rearing,42414,42413,42414,1
sniffing,42415,42414,42415,1
rising,42450,42415,42450,35
rearing,42451,42450,42451,1
walking,42477,42451,42477,26
sniffing,42600,42477,42600,123
rising,42601,42600,42601,1
climbing,42603,42601,42603,2
rearing,42604,42603,42604,1
walking,42605,42604,42605,1
trotting,42639,42605,42639,34
sniffing,42813,42639,42813,174
climbing,42861,42813,42861,48
sniffing,42883,42861,42883,22
climbing,42889,42883,42889,6
walking,42922,42889,42922,33
running,42939,42922,42939,17
sniffing,43068,42939,43068,129
walking,43163,43068,43163,95
climbing,43192,43163,43192,29
rearing,43253,43192,43253,61
walking,43283,43253,43283,30
climbing,43410,43283,43410,127
left_turning,43461,43410,43461,51
sniffing,43486,43461,43486,25
walking,43487,43486,43487,1
sniffing,43524,43487,43524,37
left_turning,43572,43524,43572,48
walking,43608,43572,43608,36
sniffing,43609,43608,43609,1
rising,43610,43609,43610,1
climbing,43625,43610,43625,15
sniffing,43675,43625,43675,50
grooming,43830,43675,43830,155
climbing,43831,43830,43831,1
running,43852,43831,43852,21
sniffing,44133,43852,44133,281
stepping,44195,44133,44195,62
sniffing,44310,44195,44310,115
hunching,44397,44310,44397,87
grooming,44398,44397,44398,1
rearing,44456,44398,44456,58
climbing,44520,44456,44520,64
sniffing,44603,44520,44603,83
hunching,44631,44603,44631,28
rising,44656,44631,44656,25
trotting,44661,44656,44661,5
walking,44673,44661,44673,12
rising,44698,44673,44698,25
rearing,44774,44698,44774,76
trotting,44804,44774,44804,30
climbing,44845,44804,44845,41
running,44849,44845,44849,4
walking,44850,44849,44850,1
trotting,44873,44850,44873,23
left_turning,44920,44873,44920,47
sniffing,45074,44920,45074,154
left_turning,45096,45074,45096,22
sniffing,45146,45096,45146,50
hunching,45147,45146,45147,1
grooming,45302,45147,45302,155
rearing,45305,45302,45305,3
walking,45369,45305,45369,64
hunching,45401,45369,45401,32
sniffing,45510,45401,45510,109
left_turning,45622,45510,45622,112
sniffing,45715,45622,45715,93
grooming,45716,45715,45716,1
walking,45717,45716,45717,1
left_turning,45749,45717,45749,32
running,45784,45749,45784,35
sniffing,45812,45784,45812,28
rising,45813,45812,45813,1
climbing,45831,45813,45831,18
sniffing,45996,45831,45996,165
rising,46019,45996,46019,23
right_turning,46060,46019,46060,41
walking,46061,46060,46061,1
rising,46096,46061,46096,35
climbing,46142,46096,46142,46
rearing,46170,46142,46170,28
sniffing,46211,46170,46211,41
left_turning,46257,46211,46257,46
rising,46258,46257,46258,1
grooming,46259,46258,46259,1
trotting,46295,46259,46295,36
sniffing,46385,46295,46385,90
left_turning,46386,46385,46386,1
sniffing,46551,46386,46551,165
left_turning,46560,46551,46560,9
trotting,46561,46560,46561,1
stepping,46565,46561,46565,4
sniffing,46566,46565,46566,1
rising,46573,46566,46573,7
sniffing,46672,46573,46672,99
left_turning,46742,46672,46742,70
walking,46817,46742,46817,75
climbing,46846,46817,46846,29
left_turning,46932,46846,46932,86
trotting,47000,46932,47000,68
rising,47001,47000,47001,1
hunching,47008,47001,47008,7
sniffing,47069,47008,47069,61
right_turning,47095,47069,47095,26
sniffing,47145,47095,47145,50
rearing,47171,47145,47171,26
grooming,47402,47171,47402,231
sniffing,47454,47402,47454,52
rising,47482,47454,47482,28
sniffing,47506,47482,47506,24
rising,47525,47506,47525,19
left_turning,47621,47525,47621,96
walking,47622,47621,47622,1
sniffing,47664,47622,47664,42
hunching,47684,47664,47684,20
rising,47707,47684,47707,23
right_turning,47742,47707,47742,35
running,47792,47742,47792,50
sniffing,47920,47792,47920,128
walking,47940,47920,47940,20
left_turning,47974,47940,47974,34
sniffing,47975,47974,47975,1
walking,48042,47975,48042,67
sniffing,48094,48042,48094,52
left_turning,48106,48094,48106,12
running,48139,48106,48139,33
walking,48140,48139,48140,1
rearing,48185,48140,48185,45
hunching,48219,48185,48219,34
climbing,48265,48219,48265,46
sniffing,48331,48265,48331,66
climbing,48525,48331,48525,194
running,48559,48525,48559,34
sniffing,48639,48559,48639,80
right_turning,48643,48639,48643,4
trotting,48685,48643,48685,42
sniffing,48828,48685,48828,143
left_turning,48861,48828,48861,33
walking,48901,48861,48901,40
sniffing,49009,48901,49009,108
left_turning,49030,49009,49030,21
walking,49073,49030,49073,43
sniffing,49206,49073,49206,133
rising,49207,49206,49207,1
walking,49250,49207,49250,43
running,49298,49250,49298,48
sniffing,49351,49298,49351,53
stepping,49362,49351,49362,11
running,49369,49362,49369,7
climbing,49406,49369,49406,37
rearing,49513,49406,49513,107
sniffing,49538,49513,49538,25
climbing,49635,49538,49635,97
walking,49696,49635,49696,61
sniffing,49708,49696,49708,12
walking,49709,49708,49709,1
left_turning,49710,49709,49710,1
trotting,49721,49710,49721,11
sniffing,49765,49721,49765,44
pausing,50144,49765,50144,379
sniffing,50170,50144,50170,26
right_turning,50204,50170,50204,34
sniffing,50208,50204,50208,4
stepping,50236,50208,50236,28
rising,50254,50236,50254,18
trotting,50255,50254,50255,1
left_turning,50384,50255,50384,129
trotting,50401,50384,50401,17
left_turning,50412,50401,50412,11
sniffing,50413,50412,50413,1
rising,50422,50413,50422,9
climbing,50505,50422,50505,83
rearing,50522,50505,50522,17
grooming,50523,50522,50523,1
rearing,50556,50523,50556,33
rising,50613,50556,50613,57
climbing,50622,50613,50622,9
rising,50650,50622,50650,28
sniffing,50700,50650,50700,50
walking,50705,50700,50705,5
climbing,50787,50705,50787,82
rising,50790,50787,50790,3
climbing,50806,50790,50806,16
rising,50812,50806,50812,6
sniffing,50852,50812,50852,40
left_turning,50853,50852,50853,1
sniffing,50976,50853,50976,123
rearing,51007,50976,51007,31
climbing,51119,51007,51119,112
rising,51160,51119,51160,41
grooming,51161,51160,51161,1
rearing,51173,51161,51173,12
grooming,51300,51173,51300,127
rearing,51335,51300,51335,35
sniffing,51336,51335,51336,1
rising,51372,51336,51372,36
rearing,51392,51372,51392,20
running,51396,51392,51396,4
left_turning,51422,51396,51422,26
walking,51484,51422,51484,62
sniffing,51485,51484,51485,1
rising,51504,51485,51504,19
sniffing,51615,51504,51615,111
rearing,51667,51615,51667,52
hunching,51670,51667,51670,3
grooming,51762,51670,51762,92
climbing,51773,51762,51773,11
hunching,51853,51773,51853,80
sniffing,51942,51853,51942,89
left_turning,51993,51942,51993,51
sniffing,52147,51993,52147,154
walking,52190,52147,52190,43
left_turning,52264,52190,52264,74
sniffing,52286,52264,52286,22
rearing,52328,52286,52328,42
stepping,52345,52328,52345,17
rising,52389,52345,52389,44
sniffing,52390,52389,52390,1
walking,52404,52390,52404,14
climbing,52405,52404,52405,1
right_turning,52442,52405,52442,37
walking,52467,52442,52467,25
sniffing,52473,52467,52473,6
right_turning,52474,52473,52474,1
walking,52501,52474,52501,27
climbing,52537,52501,52537,36
hunching,52579,52537,52579,42
grooming,52654,52579,52654,75
rearing,52655,52654,52655,1
sniffing,52751,52655,52751,96
climbing,52797,52751,52797,46
sniffing,52885,52797,52885,88
walking,52975,52885,52975,90
sniffing,53080,52975,53080,105
left_turning,53081,53080,53081,1
rising,53125,53081,53125,44
climbing,53126,53125,53126,1
walking,53127,53126,53127,1
rising,53179,53127,53179,52
sniffing,53234,53179,53234,55
climbing,53254,53234,53254,20
running,53263,53254,53263,9
sniffing,53296,53263,53296,33
left_turning,53341,53296,53341,45
walking,53413,53341,53413,72
rising,53474,53413,53474,61
stepping,53475,53474,53475,1
rising,53499,53475,53499,24
sniffing,53588,53499,53588,89
rearing,53610,53588,53610,22
sniffing,53611,53610,53611,1
walking,53622,53611,53622,11
sniffing,53665,53622,53665,43
climbing,53715,53665,53715,50
rising,53724,53715,53724,9
left_turning,53725,53724,53725,1
sniffing,53828,53725,53828,103
rising,53840,53828,53840,12
climbing,53847,53840,53847,7
walking,53875,53847,53875,28
trotting,53905,53875,53905,30
sniffing,53914,53905,53914,9
left_turning,54014,53914,54014,100
sniffing,54096,54014,54096,82
rising,54141,54096,54141,45
climbing,54181,54141,54181,40
hunching,54229,54181,54229,48
rising,54240,54229,54240,11
climbing,54375,54240,54375,135
sniffing,54446,54375,54446,71
rising,54490,54446,54490,44
climbing,54564,54490,54564,74
trotting,54629,54564,54629,65
walking,54688,54629,54688,59
sniffing,54783,54688,54783,95
trotting,54820,54783,54820,37
sniffing,54901,54820,54901,81
running,54908,54901,54908,7
rising,54932,54908,54932,24
climbing,54985,54932,54985,53
walking,55043,54985,55043,58
left_turning,55066,55043,55066,23
walking,55115,55066,55115,49
sniffing,55255,55115,55255,140
running,55256,55255,55256,1
rearing,55257,55256,55257,1
sniffing,55382,55257,55382,125
rearing,55383,55382,55383,1
sniffing,55483,55383,55483,100
walking,55535,55483,55535,52
sniffing,55700,55535,55700,165
grooming,55853,55700,55853,153
rearing,56033,55853,56033,180
climbing,56181,56033,56181,148
right_turning,56182,56181,56182,1
trotting,56197,56182,56197,15
climbing,56198,56197,56198,1
hunching,56271,56198,56271,73
right_turning,56280,56271,56280,9
left_turning,56318,56280,56318,38
walking,56331,56318,56331,13
stepping,56332,56331,56332,1
right_turning,56339,56332,56339,7
trotting,56363,56339,56363,24
walking,56364,56363,56364,1
sniffing,56534,56364,56534,170
rearing,56603,56534,56603,69
climbing,56659,56603,56659,56
rising,56660,56659,56660,1
rearing,56680,56660,56680,20
grooming,56712,56680,56712,32
walking,56742,56712,56742,30
climbing,56743,56742,56743,1
rising,56775,56743,56775,32
climbing,56843,56775,56843,68
grooming,56844,56843,56844,1
climbing,56990,56844,56990,146
rising,57005,56990,57005,15
sniffing,57108,57005,57108,103
stepping,57157,57108,57157,49
rearing,57185,57157,57185,28
walking,57245,57185,57245,60
left_turning,57323,57245,57323,78
sniffing,57409,57323,57409,86
left_turning,57438,57409,57438,29
rising,57439,57438,57439,1
hunching,57484,57439,57484,45
rising,57500,57484,57500,16
left_turning,57550,57500,57550,50
running,57578,57550,57578,28
walking,57627,57578,57627,49
climbing,57660,57627,57660,33
rearing,57694,57660,57694,34
sniffing,57855,57694,57855,161
trotting,57888,57855,57888,33
sniffing,57889,57888,57889,1
left_turning,57902,57889,57902,13
sniffing,57947,57902,57947,45
walking,58027,57947,58027,80
sniffing,58028,58027,58028,1
rising,58032,58028,58032,4
walking,58040,58032,58040,8
sniffing,58041,58040,58041,1
rising,58042,58041,58042,1
rearing,58158,58042,58158,116
climbing,58196,58158,58196,38
rising,58293,58196,58293,97
sniffing,58305,58293,58305,12
climbing,58417,58305,58417,112
grooming,58565,58417,58565,148
climbing,58643,58565,58643,78
grooming,58653,58643,58653,10
rising,58654,58653,58654,1
rearing,58655,58654,58655,1
left_turning,58699,58655,58699,44
sniffing,58764,58699,58764,65
rising,58765,58764,58765,1
hunching,58846,58765,58846,81
right_turning,58876,58846,58876,30
walking,58878,58876,58878,2
sniffing,58885,58878,58885,7
walking,58946,58885,58946,61
sniffing,59004,58946,59004,58
left_turning,59058,59004,59058,54
sniffing,59085,59058,59085,27
stepping,59148,59085,59148,63
sniffing,59241,59148,59241,93
climbing,59277,59241,59277,36
rising,59333,59277,59333,56
right_turning,59351,59333,59351,18
running,59379,59351,59379,28
left_turning,59415,59379,59415,36
trotting,59453,59415,59453,38
sniffing,59454,59453,59454,1
rising,59474,59454,59474,20
climbing,59624,59474,59624,150
trotting,59646,59624,59646,22
sniffing,59716,59646,59716,70
right_turning,59772,59716,59772,56
sniffing,59937,59772,59937,165
walking,59989,59937,59989,52
rising,60000,59989,60000,11
trotting,60020,60000,60020,20
rising,60072,60020,60072,52
right_turning,60088,60072,60088,16
sniffing,60206,60088,60206,118
climbing,60207,60206,60207,1
running,60210,60207,60210,3
sniffing,60211,60210,60211,1
hunching,60214,60211,60214,3
rising,60243,60214,60243,29
climbing,60309,60243,60309,66
sniffing,60319,60309,60319,10
walking,60345,60319,60345,26
stepping,60410,60345,60410,65
walking,60538,60410,60538,128
rearing,60579,60538,60579,41
jumping,60793,60579,60793,214
rearing,60837,60793,60837,44
hunching,60838,60837,60838,1
rising,60880,60838,60880,42
climbing,60993,60880,60993,113
rearing,61075,60993,61075,82
running,61096,61075,61096,21
rising,61097,61096,61097,1
climbing,61231,61097,61231,134
running,61254,61231,61254,23
sniffing,61344,61254,61344,90
left_turning,61379,61344,61379,35
sniffing,61464,61379,61464,85
climbing,61489,61464,61489,25
left_turning,61529,61489,61529,40
sniffing,61531,61529,61531,2
left_turning,61582,61531,61582,51
sniffing,61596,61582,61596,14
rearing,61597,61596,61597,1
sniffing,61692,61597,61692,95
right_turning,61763,61692,61763,71
trotting,61807,61763,61807,44
walking,61853,61807,61853,46
sniffing,61943,61853,61943,90
right_turning,61965,61943,61965,22
stepping,61971,61965,61971,6
sniffing,62008,61971,62008,37
rising,62009,62008,62009,1
sniffing,62015,62009,62015,6
walking,62030,62015,62030,15
rising,62067,62030,62067,37
sniffing,62075,62067,62075,8
rising,62076,62075,62076,1
climbing,62142,62076,62142,66
right_turning,62164,62142,62164,22
running,62201,62164,62201,37
walking,62267,62201,62267,66
stepping,62284,62267,62284,17
sniffing,62285,62284,62285,1
rising,62341,62285,62341,56
sniffing,62394,62341,62394,53
walking,62442,62394,62442,48
sniffing,62501,62442,62501,59
left_turning,62502,62501,62502,1
stepping,62537,62502,62537,35
walking,62617,62537,62617,80
rearing,62624,62617,62624,7
sniffing,62662,62624,62662,38
rising,62668,62662,62668,6
sniffing,62701,62668,62701,33
walking,62713,62701,62713,12
rising,62714,62713,62714,1
grooming,62838,62714,62838,124
climbing,62899,62838,62899,61
sniffing,63008,62899,63008,109
left_turning,63035,63008,63035,27
climbing,63121,63035,63121,86
rearing,63124,63121,63124,3
sniffing,63157,63124,63157,33
climbing,63207,63157,63207,50
right_turning,63235,63207,63235,28
stepping,63261,63235,63261,26
sniffing,63395,63261,63395,134
rising,63427,63395,63427,32
sniffing,63428,63427,63428,1
stepping,63476,63428,63476,48
left_turning,63565,63476,63565,89
sniffing,63596,63565,63596,31
rising,63613,63596,63613,17
climbing,63672,63613,63672,59
rearing,63689,63672,63689,17
sniffing,63730,63689,63730,41
right_turning,63782,63730,63782,52
walking,63826,63782,63826,44
sniffing,63827,63826,63827,1
walking,63834,63827,63834,7
sniffing,63840,63834,63840,6
climbing,63918,63840,63918,78
walking,63950,63918,63950,32
rising,63961,63950,63961,11
running,64011,63961,64011,50
left_turning,64036,64011,64036,25
sniffing,64416,64036,64416,380
rearing,64417,64416,64417,1
left_turning,64438,64417,64438,21
walking,64455,64438,64455,17
rising,64509,64455,64509,54
sniffing,64699,64509,64699,190
right_turning,64700,64699,64700,1
rearing,64768,64700,64768,68
climbing,64842,64768,64842,74
rising,64901,64842,64901,59
hunching,64938,64901,64938,37
right_turning,64962,64938,64962,24
trotting,64982,64962,64982,20
left_turning,65015,64982,65015,33
sniffing,65016,65015,65016,1
climbing,65061,65016,65061,45
right_turning,65111,65061,65111,50
walking,65153,65111,65153,42
rising,65161,65153,65161,8
climbing,65195,65161,65195,34
trotting,65196,65195,65196,1
rising,65274,65196,65274,78
sniffing,65374,65274,65374,100
grooming,65498,65374,65498,124
sniffing,65584,65498,65584,86
rearing,65648,65584,65648,64
hunching,65701,65648,65701,53
rising,65702,65701,65702,1
sniffing,66130,65702,66130,428
left_turning,66152,66130,66152,22
rising,66158,66152,66158,6
sniffing,66213,66158,66213,55
left_turning,66214,66213,66214,1
running,66229,66214,66229,15
stepping,66259,66229,66259,30
sniffing,66368,66259,66368,109
pausing,67127,66368,67127,759
sniffing,67174,67127,67174,47
rising,67318,67174,67318,144
sniffing,67319,67318,67319,1
climbing,67335,67319,67335,16
walking,67357,67335,67357,22
sniffing,67358,67357,67358,1
right_turning,67369,67358,67369,11
climbing,67513,67369,67513,144
rising,67522,67513,67522,9
grooming,67582,67522,67582,60
rising,67697,67582,67697,115
right_turning,67698,67697,67698,1
sniffing,67806,67698,67806,108
hunching,67851,67806,67851,45
grooming,67852,67851,67852,1
rearing,67899,67852,67899,47
rising,67953,67899,67953,54
climbing,67954,67953,67954,1
walking,67983,67954,67983,29
stepping,68029,67983,68029,46
walking,68044,68029,68044,15
stepping,68061,68044,68061,17
right_turning,68062,68061,68062,1
rising,68230,68062,68230,168
climbing,68370,68230,68370,140
right_turning,68382,68370,68382,12
trotting,68411,68382,68411,29
sniffing,68516,68411,68516,105
rearing,68536,68516,68536,20
grooming,68572,68536,68572,36
left_turning,68637,68572,68637,65
sniffing,68656,68637,68656,19
rising,68709,68656,68709,53
sniffing,68723,68709,68723,14
left_turning,68777,68723,68777,54
sniffing,68883,68777,68883,106
grooming,69027,68883,69027,144
climbing,69028,69027,69028,1
right_turning,69070,69028,69070,42
climbing,69091,69070,69091,21
running,69132,69091,69132,41
walking,69214,69132,69214,82
right_turning,69249,69214,69249,35
rising,69300,69249,69300,51
sniffing,69363,69300,69363,63
grooming,69364,69363,69364,1
sniffing,69393,69364,69393,29
left_turning,69434,69393,69434,41
stepping,69435,69434,69435,1
sniffing,69503,69435,69503,68
pausing,69826,69503,69826,323
sniffing,70037,69826,70037,211
grooming,70289,70037,70289,252
sniffing,70366,70289,70366,77
walking,70379,70366,70379,13
sniffing,70380,70379,70380,1
stepping,70405,70380,70405,25
left_turning,70415,70405,70415,10
rising,70510,70415,70510,95
sniffing,70611,70510,70611,101
climbing,70617,70611,70617,6
grooming,70618,70617,70618,1
hunching,70678,70618,70678,60
grooming,70679,70678,70679,1
left_turning,70729,70679,70729,50
walking,70766,70729,70766,37
jumping,70828,70766,70828,62
left_turning,70873,70828,70873,45
climbing,70944,70873,70944,71
sniffing,71015,70944,71015,71
rising,71056,71015,71056,41
climbing,71110,71056,71110,54
sniffing,71137,71110,71137,27
climbing,71151,71137,71151,14
rising,71175,71151,71175,24
walking,71183,71175,71183,8
sniffing,71184,71183,71184,1
rearing,71262,71184,71262,78
sniffing,71327,71262,71327,65
trotting,71347,71327,71347,20
sniffing,71512,71347,71512,165
trotting,71542,71512,71542,30
sniffing,71674,71542,71674,132
rising,71737,71674,71737,63
climbing,71861,71737,71861,124
right_turning,71881,71861,71881,20
walking,71897,71881,71897,16
sniffing,71986,71897,71986,89
rising,72018,71986,72018,32
climbing,72097,72018,72097,79
running,72125,72097,72125,28
sniffing,72126,72125,72126,1
walking,72226,72126,72226,100
sniffing,72227,72226,72227,1
rising,72247,72227,72247,20
climbing,72277,72247,72277,30
walking,72278,72277,72278,1
rising,72338,72278,72338,60
climbing,72499,72338,72499,161
trotting,72513,72499,72513,14
left_turning,72537,72513,72537,24
rising,72562,72537,72562,25
climbing,72663,72562,72663,101
right_turning,72664,72663,72664,1
walking,72728,72664,72728,64
rising,72729,72728,72729,1
right_turning,72733,72729,72733,4
walking,72745,72733,72745,12
sniffing,72754,72745,72754,9
rising,72775,72754,72775,21
sniffing,72776,72775,72776,1
trotting,72802,72776,72802,26
sniffing,72912,72802,72912,110
right_turning,72976,72912,72976,64
sniffing,72994,72976,72994,18
stepping,73110,72994,73110,116
rising,73146,73110,73146,36
right_turning,73170,73146,73170,24
sniffing,73264,73170,73264,94
running,73265,73264,73265,1
trotting,73288,73265,73288,23
rising,73289,73288,73289,1
climbing,73378,73289,73378,89
sniffing,73532,73378,73532,154
rearing,73601,73532,73601,69
walking,73625,73601,73625,24
stepping,73711,73625,73711,86
rising,73756,73711,73756,45
climbing,73822,73756,73822,66
rising,73823,73822,73823,1
climbing,73900,73823,73900,77
hunching,73935,73900,73935,35
walking,73956,73935,73956,21
sniffing,74098,73956,74098,142
climbing,74183,74098,74183,85
hunching,74246,74183,74246,63
sniffing,74329,74246,74329,83
rising,74349,74329,74349,20
sniffing,74350,74349,74350,1
stepping,74378,74350,74378,28
sniffing,74414,74378,74414,36
hunching,74459,74414,74459,45
rising,74477,74459,74477,18
grooming,74478,74477,74478,1
right_turning,74496,74478,74496,18
stepping,74564,74496,74564,68
walking,74612,74564,74612,48
climbing,74651,74612,74651,39
rearing,74653,74651,74653,2
climbing,74654,74653,74654,1
rearing,74700,74654,74700,46
climbing,74762,74700,74762,62
hunching,74763,74762,74763,1
sniffing,74764,74763,74764,1
left_turning,74801,74764,74801,37
sniffing,74843,74801,74843,42
walking,74933,74843,74933,90
climbing,75003,74933,75003,70
rising,75037,75003,75037,34
rearing,75044,75037,75044,7
hunching,75070,75044,75070,26
rising,75147,75070,75147,77
climbing,75222,75147,75222,75
rearing,75263,75222,75263,41
left_turning,75316,75263,75316,53
running,75325,75316,75325,9
climbing,75419,75325,75419,94
sniffing,75532,75419,75532,113
climbing,75580,75532,75580,48
sniffing,75635,75580,75635,55
rearing,75725,75635,75725,90
rising,75810,75725,75810,85
walking,75816,75810,75816,6
rising,75824,75816,75824,8
sniffing,75998,75824,75998,174
rising,76033,75998,76033,35
climbing,76055,76033,76055,22
trotting,76110,76055,76110,55
rising,76112,76110,76112,2
climbing,76171,76112,76171,59
hunching,76285,76171,76285,114
sniffing,76419,76285,76419,134
trotting,76428,76419,76428,9
rising,76486,76428,76486,58
climbing,76585,76486,76585,99
rearing,76656,76585,76656,71
grooming,76657,76656,76657,1
left_turning,76689,76657,76689,32
walking,76729,76689,76729,40
stepping,76773,76729,76773,44
right_turning,76791,76773,76791,18
walking,76792,76791,76792,1
stepping,76831,76792,76831,39
sniffing,76964,76831,76964,133
climbing,77038,76964,77038,74
right_turning,77124,77038,77124,86
walking,77141,77124,77141,17
right_turning,77159,77141,77159,18
walking,77167,77159,77167,8
rearing,77181,77167,77181,14
climbing,77200,77181,77200,19
sniffing,77526,77200,77526,326
rising,77527,77526,77527,1
climbing,77610,77527,77610,83
rising,77670,77610,77670,60
climbing,77725,77670,77725,55
grooming,77907,77725,77907,182
sniffing,77986,77907,77986,79
pausing,78150,77986,78150,164
sniffing,78325,78150,78325,175
stepping,78374,78325,78374,49
rising,78376,78374,78376,2
rearing,78485,78376,78485,109
grooming,78486,78485,78486,1
sniffing,78529,78486,78529,43
rising,78537,78529,78537,8
climbing,78601,78537,78601,64
rearing,78618,78601,78618,17
grooming,78702,78618,78702,84
walking,78779,78702,78779,77
climbing,78841,78779,78841,62
rising,78902,78841,78902,61
climbing,78953,78902,78953,51
trotting,78972,78953,78972,19
walking,79068,78972,79068,96
sniffing,79069,79068,79069,1
right_turning,79084,79069,79084,15
walking,79160,79084,79160,76
rising,79165,79160,79165,5
sniffing,79258,79165,79258,93
stepping,79259,79258,79259,1
walking,79271,79259,79271,12
rising,79295,79271,79295,24
stepping,79330,79295,79330,35
left_turning,79355,79330,79355,25
sniffing,79371,79355,79371,16
climbing,79585,79371,79585,214
sniffing,79586,79585,79586,1
rising,79646,79586,79646,60
rearing,79647,79646,79647,1
sniffing,79648,79647,79648,1
stepping,79686,79648,79686,38
walking,79717,79686,79717,31
sniffing,79840,79717,79840,123
running,79848,79840,79848,8
sniffing,79934,79848,79934,86
stepping,79985,79934,79985,51
walking,80008,79985,80008,23
sniffing,80103,80008,80103,95
rising,80104,80103,80104,1
rearing,80167,80104,80167,63
climbing,80280,80167,80280,113
walking,80318,80280,80318,38
climbing,80381,80318,80381,63
walking,80390,80381,80390,9
left_turning,80434,80390,80434,44
sniffing,80754,80434,80754,320
rising,80784,80754,80784,30
sniffing,80870,80784,80870,86
pausing,81001,80870,81001,131
sniffing,81027,81001,81027,26
walking,81076,81027,81076,49
rising,81092,81076,81092,16
left_turning,81104,81092,81104,12
walking,81165,81104,81165,61
sniffing,81292,81165,81292,127
right_turning,81312,81292,81312,20
walking,81405,81312,81405,93
rising,81406,81405,81406,1
sniffing,81617,81406,81617,211
grooming,81710,81617,81710,93
rising,81743,81710,81743,33
sniffing,81915,81743,81915,172
left_turning,81916,81915,81916,1
walking,81933,81916,81933,17
sniffing,81961,81933,81961,28
climbing,82059,81961,82059,98
rearing,82092,82059,82092,33
walking,82161,82092,82161,69
left_turning,82203,82161,82203,42
climbing,82251,82203,82251,48
rising,82318,82251,82318,67
rearing,82486,82318,82486,168
sniffing,82633,82486,82633,147
rising,82634,82633,82634,1
walking,82694,82634,82694,60
sniffing,82705,82694,82705,11
left_turning,82709,82705,82709,4
walking,82772,82709,82772,63
sniffing,82773,82772,82773,1
left_turning,82793,82773,82793,20
sniffing,83048,82793,83048,255
walking,83099,83048,83099,51
sniffing,83177,83099,83177,78
right_turning,83222,83177,83222,45
walking,83223,83222,83223,1
sniffing,83256,83223,83256,33
left_turning,83257,83256,83257,1
running,83292,83257,83292,35
walking,83298,83292,83298,6
sniffing,83406,83298,83406,108
left_turning,83431,83406,83431,25
sniffing,83432,83431,83432,1
right_turning,83444,83432,83444,12
running,83486,83444,83486,42
stepping,83535,83486,83535,49
sniffing,83850,83535,83850,315
walking,83878,83850,83878,28
sniffing,83927,83878,83927,49
grooming,84369,83927,84369,442
walking,84385,84369,84385,16
rearing,84441,84385,84441,56
rising,84482,84441,84482,41
hunching,84483,84482,84483,1
grooming,84484,84483,84484,1
hunching,84556,84484,84556,72
walking,84591,84556,84591,35
sniffing,84944,84591,84944,353
grooming,85372,84944,85372,428
sniffing,85373,85372,85373,1
running,85395,85373,85395,22
left_turning,85396,85395,85396,1
sniffing,85516,85396,85516,120
right_turning,85517,85516,85517,1
walking,85518,85517,85518,1
stepping,85564,85518,85564,46
walking,85565,85564,85565,1
rising,85610,85565,85610,45
climbing,85659,85610,85659,49
sniffing,85796,85659,85796,137
walking,85866,85796,85866,70
sniffing,85911,85866,85911,45
rising,85970,85911,85970,59
climbing,85971,85970,85971,1
sniffing,85972,85971,85972,1
rising,86038,85972,86038,66
grooming,86039,86038,86039,1
sniffing,86187,86039,86187,148
rearing,86375,86187,86375,188
sniffing,86443,86375,86443,68
running,86478,86443,86478,35
trotting,86479,86478,86479,1
running,86520,86479,86520,41
trotting,86549,86520,86549,29
sniffing,86550,86549,86550,1
hunching,86595,86550,86595,45
grooming,86709,86595,86709,114
rearing,86769,86709,86769,60
sniffing,87014,86769,87014,245
left_turning,87066,87014,87066,52
walking,87096,87066,87096,30
sniffing,87169,87096,87169,73
left_turning,87245,87169,87245,76
sniffing,87457,87245,87457,212
hunching,87458,87457,87458,1
grooming,87459,87458,87459,1
rearing,87470,87459,87470,11
left_turning,87500,87470,87500,30
walking,87544,87500,87544,44
climbing,87608,87544,87608,64
rearing,87629,87608,87629,21
rising,87664,87629,87664,35
left_turning,87720,87664,87720,56
rising,87738,87720,87738,18
rearing,87793,87738,87793,55
sniffing,88018,87793,88018,225
trotting,88056,88018,88056,38
left_turning,88095,88056,88095,39
walking,88096,88095,88096,1
sniffing,88097,88096,88097,1
walking,88104,88097,88104,7
left_turning,88124,88104,88124,20
sniffing,88173,88124,88173,49
hunching,88291,88173,88291,118
sniffing,88412,88291,88412,121
rising,88426,88412,88426,14
climbing,88468,88426,88468,42
rising,88498,88468,88498,30
rearing,88509,88498,88509,11
sniffing,88510,88509,88510,1
left_turning,88565,88510,88565,55
sniffing,88783,88565,88783,218
left_turning,88853,88783,88853,70
walking,88937,88853,88937,84
sniffing,89035,88937,89035,98
rising,89090,89035,89090,55
rearing,89113,89090,89113,23
sniffing,89260,89113,89260,147
walking,89289,89260,89289,29
stepping,89337,89289,89337,48
walking,89371,89337,89371,34
left_turning,89387,89371,89387,16
walking,89410,89387,89410,23
sniffing,89509,89410,89509,99
walking,89554,89509,89554,45
rising,89596,89554,89596,42
rearing,89646,89596,89646,50
sniffing,89647,89646,89647,1
climbing,89688,89647,89688,41
rising,89689,89688,89689,1
left_turning,89747,89689,89747,58
hunching,89748,89747,89748,1
grooming,90067,89748,90067,319
climbing,90068,90067,90068,1
sniffing,90173,90068,90173,105
walking,90197,90173,90197,24
sniffing,90341,90197,90341,144
rising,90389,90341,90389,48
climbing,90398,90389,90398,9
walking,90441,90398,90441,43
sniffing,90527,90441,90527,86
rising,90662,90527,90662,135
jumping,90663,90662,90663,1
rising,90728,90663,90728,65
rearing,90756,90728,90756,28
left_turning,90757,90756,90757,1
rising,90817,90757,90817,60
climbing,90958,90817,90958,141
sniffing,91014,90958,91014,56
left_turning,91034,91014,91034,20
sniffing,91136,91034,91136,102
climbing,91187,91136,91187,51
rising,91260,91187,91260,73
right_turning,91308,91260,91308,48
climbing,91400,91308,91400,92
trotting,91409,91400,91409,9
walking,91410,91409,91410,1
climbing,91500,91410,91500,90
trotting,91519,91500,91519,19
sniffing,91520,91519,91520,1
rising,91551,91520,91551,31
rearing,91770,91551,91770,219
sniffing,91786,91770,91786,16
walking,91836,91786,91836,50
sniffing,91929,91836,91929,93
rising,91930,91929,91930,1
rearing,92008,91930,92008,78
climbing,92079,92008,92079,71
walking,92126,92079,92126,47
left_turning,92127,92126,92127,1
walking,92197,92127,92197,70
sniffing,92198,92197,92198,1
right_turning,92251,92198,92251,53
running,92265,92251,92265,14
walking,92266,92265,92266,1
climbing,92312,92266,92312,46
rising,92396,92312,92396,84
rearing,92437,92396,92437,41
sniffing,92505,92437,92505,68
rising,92506,92505,92506,1
climbing,92602,92506,92602,96
sniffing,92603,92602,92603,1
climbing,92659,92603,92659,56
walking,92739,92659,92739,80
left_turning,92800,92739,92800,61
walking,92931,92800,92931,131
sniffing,92962,92931,92962,31
left_turning,92993,92962,92993,31
walking,93022,92993,93022,29
sniffing,93023,93022,93023,1
walking,93113,93023,93113,90
rising,93114,93113,93114,1
climbing,93153,93114,93153,39
sniffing,93154,93153,93154,1
rising,93155,93154,93155,1
climbing,93169,93155,93169,14
sniffing,93275,93169,93275,106
right_turning,93300,93275,93300,25
sniffing,93397,93300,93397,97
climbing,93466,93397,93466,69
rising,93494,93466,93494,28
climbing,93507,93494,93507,13
rising,93603,93507,93603,96
jumping,93610,93603,93610,7
rising,93696,93610,93696,86
sniffing,93842,93696,93842,146
walking,93890,93842,93890,48
rising,93991,93890,93991,101
right_turning,94003,93991,94003,12
running,94045,94003,94045,42
stepping,94052,94045,94052,7
walking,94077,94052,94077,25
sniffing,94078,94077,94078,1
climbing,94079,94078,94079,1
right_turning,94103,94079,94103,24
trotting,94104,94103,94104,1
walking,94134,94104,94134,30
hunching,94188,94134,94188,54
rearing,94189,94188,94189,1
climbing,94220,94189,94220,31
sniffing,94363,94220,94363,143
stepping,94378,94363,94378,15
left_turning,94397,94378,94397,19
sniffing,94398,94397,94398,1
walking,94453,94398,94453,55
rising,94516,94453,94516,63
sniffing,94689,94516,94689,173
rising,94696,94689,94696,7
hunching,94723,94696,94723,27
rearing,94727,94723,94727,4
hunching,94767,94727,94767,40
rearing,94768,94767,94768,1
climbing,94812,94768,94812,44
trotting,94822,94812,94822,10
left_turning,94844,94822,94844,22
sniffing,94934,94844,94934,90
climbing,95011,94934,95011,77
sniffing,95086,95011,95086,75
left_turning,95103,95086,95103,17
running,95134,95103,95134,31
stepping,95183,95134,95183,49
climbing,95296,95183,95296,113
sniffing,95454,95296,95454,158
rising,95503,95454,95503,49
rearing,95521,95503,95521,18
walking,95638,95521,95638,117
right_turning,95659,95638,95659,21
sniffing,95660,95659,95660,1
climbing,95787,95660,95787,127
running,95814,95787,95814,27
walking,95859,95814,95859,45
rising,95860,95859,95860,1
sniffing,95890,95860,95890,30
rising,96013,95890,96013,123
sniffing,96126,96013,96126,113
stepping,96127,96126,96127,1
walking,96139,96127,96139,12
rearing,96234,96139,96234,95
grooming,96382,96234,96382,148
rearing,96383,96382,96383,1
left_turning,96426,96383,96426,43
rising,96605,96426,96605,179
climbing,96716,96605,96716,111
grooming,96717,96716,96717,1
rearing,96828,96717,96828,111
sniffing,96913,96828,96913,85
stepping,96948,96913,96948,35
walking,97025,96948,97025,77
left_turning,97058,97025,97058,33
sniffing,97128,97058,97128,70
rising,97228,97128,97228,100
sniffing,97269,97228,97269,41
hunching,97302,97269,97302,33
sniffing,97441,97302,97441,139
rising,97466,97441,97466,25
climbing,97676,97466,97676,210
sniffing,97814,97676,97814,138
right_turning,97881,97814,97881,67
left_turning,97953,97881,97953,72
walking,97963,97953,97963,10
trotting,98005,97963,98005,42
rising,98062,98005,98062,57
climbing,98063,98062,98063,1
sniffing,98089,98063,98089,26
climbing,98130,98089,98130,41
sniffing,98217,98130,98217,87
left_turning,98230,98217,98230,13
walking,98251,98230,98251,21
sniffing,98252,98251,98252,1
grooming,98456,98252,98456,204
rearing,98475,98456,98475,19
walking,98560,98475,98560,85
sniffing,98595,98560,98595,35
pausing,98741,98595,98741,146
sniffing,98845,98741,98845,104
right_turning,98881,98845,98881,36
sniffing,98882,98881,98882,1
grooming,98912,98882,98912,30
rearing,98975,98912,98975,63
left_turning,98976,98975,98976,1
walking,99013,98976,99013,37
hunching,99088,99013,99088,75
sniffing,99188,99088,99188,100
trotting,99233,99188,99233,45
walking,99315,99233,99315,82
climbing,99364,99315,99364,49
rising,99439,99364,99439,75
climbing,99440,99439,99440,1
rearing,99574,99440,99574,134
hunching,99694,99574,99694,120
sniffing,99763,99694,99763,69
grooming,100056,99763,100056,293
rearing,100206,100056,100206,150
sniffing,100207,100206,100207,1
climbing,100208,100207,100208,1
rearing,100299,100208,100299,91
left_turning,100300,100299,100300,1
walking,100371,100300,100371,71
stepping,100427,100371,100427,56
walking,100430,100427,100430,3
sniffing,100437,100430,100437,7
pausing,100559,100437,100559,122
sniffing,100839,100559,100839,280
rising,100856,100839,100856,17
trotting,100874,100856,100874,18
walking,100894,100874,100894,20
sniffing,100967,100894,100967,73
pausing,101083,100967,101083,116
sniffing,101084,101083,101084,1
walking,101127,101084,101127,43
rearing,101208,101127,101208,81
grooming,101296,101208,101296,88
sniffing,101390,101296,101390,94
grooming,101406,101390,101406,16
rearing,101444,101406,101444,38
sniffing,101482,101444,101482,38
grooming,101483,101482,101483,1
sniffing,101499,101483,101499,16
hunching,101563,101499,101563,64
sniffing,101781,101563,101781,218
rearing,101882,101781,101882,101
sniffing,101883,101882,101883,1
stepping,101922,101883,101922,39
walking,102000,101922,102000,78
stepping,102061,102000,102061,61
hunching,102062,102061,102062,1
sniffing,102063,102062,102063,1
walking,102125,102063,102125,62
rising,102130,102125,102130,5
walking,102155,102130,102155,25
sniffing,102232,102155,102232,77
rising,102244,102232,102244,12
climbing,102327,102244,102327,83
rising,102345,102327,102345,18
climbing,102350,102345,102350,5
sniffing,102368,102350,102368,18
trotting,102376,102368,102376,8
walking,102424,102376,102424,48
left_turning,102477,102424,102477,53
sniffing,102489,102477,102489,12
rising,102600,102489,102600,111
climbing,102830,102600,102830,230
sniffing,102831,102830,102831,1
left_turning,102838,102831,102838,7
running,102884,102838,102884,46
sniffing,103122,102884,103122,238
rearing,103123,103122,103123,1
hunching,103216,103123,103216,93
rearing,103217,103216,103217,1
climbing,103482,103217,103482,265
rearing,103776,103482,103776,294
grooming,103890,103776,103890,114
walking,103979,103890,103979,89
grooming,103980,103979,103980,1
climbing,103981,103980,103981,1
rearing,103993,103981,103993,12
sniffing,104044,103993,104044,51
hunching,104045,104044,104045,1
climbing,104202,104045,104202,157
rearing,104397,104202,104397,195
sniffing,104442,104397,104442,45
left_turning,104443,104442,104443,1
walking,104556,104443,104556,113
sniffing,104557,104556,104557,1
rising,104607,104557,104607,50
rearing,104719,104607,104719,112
rising,104806,104719,104806,87
sniffing,104856,104806,104856,50
rising,104873,104856,104873,17
hunching,104900,104873,104900,27
grooming,105016,104900,105016,116
climbing,105232,105016,105232,216
rearing,105276,105232,105276,44
climbing,105332,105276,105332,56
sniffing,105393,105332,105393,61
rearing,105438,105393,105438,45
grooming,105500,105438,105500,62
rising,105621,105500,105621,121
climbing,105674,105621,105674,53
right_turning,105695,105674,105695,21
trotting,105749,105695,105749,54
left_turning,105750,105749,105750,1
sniffing,105881,105750,105881,131
rearing,106032,105881,106032,151
stepping,106096,106032,106096,64
sniffing,106286,106096,106286,190
right_turning,106318,106286,106318,32
rising,106379,106318,106379,61
stepping,106424,106379,106424,45
left_turning,106446,106424,106446,22
walking,106475,106446,106475,29
climbing,106524,106475,106524,49
sniffing,106525,106524,106525,1
right_turning,106551,106525,106551,26
walking,106552,106551,106552,1
climbing,106701,106552,106701,149
rising,106768,106701,106768,67
rearing,106833,106768,106833,65
sniffing,106963,106833,106963,130
right_turning,106982,106963,106982,19
rising,107039,106982,107039,57
sniffing,107264,107039,107264,225
stepping,107295,107264,107295,31
walking,107327,107295,107327,32
hunching,107370,107327,107370,43
sniffing,107371,107370,107371,1
walking,107459,107371,107459,88
left_turning,107515,107459,107515,56
walking,107516,107515,107516,1
rising,107517,107516,107517,1
sniffing,107630,107517,107630,113
rising,107661,107630,107661,31
climbing,107797,107661,107797,136
rearing,107889,107797,107889,92
climbing,107956,107889,107956,67
rising,108000,107956,108000,44
