revised_movement_label,segBoundary,segBoundary_start,segBoundary_end,length
walking,21,0,21,21
climbing,78,21,78,57
right_turning,152,78,152,74
rising,198,152,198,46
walking,234,198,234,36
sniffing,272,234,272,38
trotting,316,272,316,44
walking,360,316,360,44
sniffing,390,360,390,30
left_turning,436,390,436,46
walking,477,436,477,41
left_turning,516,477,516,39
sniffing,517,516,517,1
trotting,553,517,553,36
climbing,590,553,590,37
sniffing,610,590,610,20
rising,658,610,658,48
left_turning,659,658,659,1
trotting,705,659,705,46
sniffing,786,705,786,81
rising,794,786,794,8
left_turning,795,794,795,1
walking,854,795,854,59
sniffing,999,854,999,145
rising,1023,999,1023,24
climbing,1045,1023,1045,22
sniffing,1094,1045,1094,49
rising,1142,1094,1142,48
climbing,1157,1142,1157,15
sniffing,1197,1157,1197,40
climbing,1265,1197,1265,68
rising,1315,1265,1315,50
climbing,1316,1315,1316,1
sniffing,1371,1316,1371,55
rising,1408,1371,1408,37
climbing,1445,1408,1445,37
trotting,1491,1445,1491,46
left_turning,1528,1491,1528,37
sniffing,1547,1528,1547,19
trotting,1619,1547,1619,72
rising,1647,1619,1647,28
climbing,1711,1647,1711,64
rearing,1712,1711,1712,1
grooming,1770,1712,1770,58
running,1798,1770,1798,28
sniffing,1799,1798,1799,1
climbing,1822,1799,1822,23
sniffing,1863,1822,1863,41
left_turning,1971,1863,1971,108
sniffing,1974,1971,1974,3
stepping,1978,1974,1978,4
sniffing,2020,1978,2020,42
rising,2043,2020,2043,23
climbing,2071,2043,2071,28
sniffing,2165,2071,2165,94
climbing,2214,2165,2214,49
rising,2226,2214,2226,12
walking,2328,2226,2328,102
left_turning,2329,2328,2329,1
walking,2349,2329,2349,20
sniffing,2424,2349,2424,75
walking,2441,2424,2441,17
left_turning,2475,2441,2475,34
sniffing,2564,2475,2564,89
walking,2565,2564,2565,1
trotting,2570,2565,2570,5
left_turning,2571,2570,2571,1
walking,2618,2571,2618,47
rising,2653,2618,2653,35
right_turning,2695,2653,2695,42
climbing,2696,2695,2696,1
walking,2724,2696,2724,28
rising,2737,2724,2737,13
left_turning,2763,2737,2763,26
sniffing,2851,2763,2851,88
climbing,2886,2851,2886,35
sniffing,2893,2886,2893,7
climbing,2894,2893,2894,1
rising,2949,2894,2949,55
walking,3021,2949,3021,72
sniffing,3096,3021,3096,75
running,3132,3096,3132,36
stepping,3164,3132,3164,32
climbing,3224,3164,3224,60
running,3225,3224,3225,1
walking,3253,3225,3253,28
sniffing,3337,3253,3337,84
walking,3396,3337,3396,59
sniffing,3458,3396,3458,62
climbing,3525,3458,3525,67
rising,3574,3525,3574,49
climbing,3643,3574,3643,69
sniffing,3655,3643,3655,12
stepping,3699,3655,3699,44
rising,3700,3699,3700,1
climbing,3715,3700,3715,15
trotting,3746,3715,3746,31
sniffing,3781,3746,3781,35
trotting,3796,3781,3796,15
left_turning,3823,3796,3823,27
trotting,3854,3823,3854,31
walking,3904,3854,3904,50
sniffing,4212,3904,4212,308
rising,4223,4212,4223,11
sniffing,4240,4223,4240,17
left_turning,4241,4240,4241,1
sniffing,4332,4241,4332,91
walking,4377,4332,4377,45
trotting,4390,4377,4390,13
sniffing,4393,4390,4393,3
rearing,4472,4393,4472,79
climbing,4492,4472,4492,20
rising,4493,4492,4493,1
walking,4530,4493,4530,37
sniffing,4587,4530,4587,57
walking,4654,4587,4654,67
sniffing,4697,4654,4697,43
left_turning,4723,4697,4723,26
stepping,4763,4723,4763,40
rising,4782,4763,4782,19
left_turning,4828,4782,4828,46
walking,4866,4828,4866,38
stepping,4915,4866,4915,49
walking,4934,4915,4934,19
hunching,5003,4934,5003,69
sniffing,5082,5003,5082,79
walking,5112,5082,5112,30
sniffing,5161,5112,5161,49
climbing,5200,5161,5200,39
walking,5266,5200,5266,66
climbing,5390,5266,5390,124
left_turning,5448,5390,5448,58
trotting,5461,5448,5461,13
walking,5522,5461,5522,61
climbing,5563,5522,5563,41
sniffing,5587,5563,5587,24
climbing,5617,5587,5617,30
rising,5709,5617,5709,92
rearing,5710,5709,5710,1
hunching,5711,5710,5711,1
walking,5732,5711,5732,21
climbing,5766,5732,5766,34
walking,5835,5766,5835,69
sniffing,5924,5835,5924,89
trotting,5951,5924,5951,27
running,6007,5951,6007,56
sniffing,6008,6007,6008,1
rising,6048,6008,6048,40
climbing,6101,6048,6101,53
right_turning,6115,6101,6115,14
trotting,6137,6115,6137,22
rising,6187,6137,6187,50
climbing,6257,6187,6257,70
sniffing,6309,6257,6309,52
walking,6426,6309,6426,117
sniffing,6427,6426,6427,1
climbing,6463,6427,6463,36
rearing,6498,6463,6498,35
hunching,6505,6498,6505,7
climbing,6528,6505,6528,23
hunching,6535,6528,6535,7
sniffing,6595,6535,6595,60
left_turning,6688,6595,6688,93
running,6755,6688,6755,67
left_turning,6763,6755,6763,8
sniffing,6764,6763,6764,1
rising,6831,6764,6831,67
grooming,6945,6831,6945,114
climbing,6988,6945,6988,43
sniffing,6989,6988,6989,1
left_turning,7018,6989,7018,29
sniffing,7019,7018,7019,1
climbing,7074,7019,7074,55
walking,7131,7074,7131,57
climbing,7198,7131,7198,67
walking,7235,7198,7235,37
sniffing,7317,7235,7317,82
walking,7318,7317,7318,1
sniffing,7355,7318,7355,37
trotting,7395,7355,7395,40
walking,7452,7395,7452,57
left_turning,7492,7452,7492,40
sniffing,7513,7492,7513,21
trotting,7572,7513,7572,59
sniffing,7650,7572,7650,78
right_turning,7717,7650,7717,67
walking,7727,7717,7727,10
running,7748,7727,7748,21
walking,7788,7748,7788,40
running,7820,7788,7820,32
left_turning,7831,7820,7831,11
walking,7846,7831,7846,15
stepping,7882,7846,7882,36
walking,7883,7882,7883,1
stepping,7885,7883,7885,2
sniffing,7886,7885,7886,1
rearing,7925,7886,7925,39
stepping,7981,7925,7981,56
rising,7982,7981,7982,1
right_turning,8034,7982,8034,52
trotting,8061,8034,8061,27
sniffing,8192,8061,8192,131
trotting,8209,8192,8209,17
left_turning,8230,8209,8230,21
walking,8231,8230,8231,1
climbing,8288,8231,8288,57
sniffing,8289,8288,8289,1
pausing,8418,8289,8418,129
sniffing,8419,8418,8419,1
right_turning,8432,8419,8432,13
walking,8448,8432,8448,16
sniffing,8575,8448,8575,127
climbing,8616,8575,8616,41
sniffing,8754,8616,8754,138
climbing,8804,8754,8804,50
sniffing,8844,8804,8844,40
rising,8907,8844,8907,63
walking,8934,8907,8934,27
sniffing,8935,8934,8935,1
walking,8978,8935,8978,43
sniffing,9017,8978,9017,39
climbing,9055,9017,9055,38
sniffing,9056,9055,9056,1
climbing,9113,9056,9113,57
walking,9147,9113,9147,34
sniffing,9295,9147,9295,148
right_turning,9309,9295,9309,14
walking,9365,9309,9365,56
sniffing,9482,9365,9482,117
trotting,9490,9482,9490,8
sniffing,9493,9490,9493,3
climbing,9566,9493,9566,73
walking,9601,9566,9601,35
climbing,9663,9601,9663,62
walking,9703,9663,9703,40
trotting,9769,9703,9769,66
walking,9783,9769,9783,14
sniffing,9784,9783,9784,1
trotting,9824,9784,9824,40
stepping,9861,9824,9861,37
walking,9915,9861,9915,54
sniffing,9966,9915,9966,51
climbing,10074,9966,10074,108
right_turning,10081,10074,10081,7
rising,10086,10081,10086,5
sniffing,10169,10086,10169,83
rearing,10222,10169,10222,53
climbing,10283,10222,10283,61
sniffing,10428,10283,10428,145
climbing,10476,10428,10476,48
right_turning,10498,10476,10498,22
sniffing,10557,10498,10557,59
left_turning,10570,10557,10570,13
trotting,10601,10570,10601,31
walking,10674,10601,10674,73
trotting,10705,10674,10705,31
rising,10763,10705,10763,58
rearing,10785,10763,10785,22
sniffing,10786,10785,10786,1
rising,10817,10786,10817,31
hunching,10892,10817,10892,75
climbing,10953,10892,10953,61
right_turning,10990,10953,10990,37
sniffing,11000,10990,11000,10
rising,11021,11000,11021,21
right_turning,11075,11021,11075,54
walking,11094,11075,11094,19
trotting,11111,11094,11111,17
left_turning,11140,11111,11140,29
walking,11149,11140,11149,9
sniffing,11211,11149,11211,62
right_turning,11222,11211,11222,11
walking,11253,11222,11253,31
sniffing,11294,11253,11294,41
walking,11336,11294,11336,42
left_turning,11372,11336,11372,36
trotting,11421,11372,11421,49
walking,11496,11421,11496,75
sniffing,11557,11496,11557,61
rising,11622,11557,11622,65
climbing,11733,11622,11733,111
sniffing,11775,11733,11775,42
walking,11802,11775,11802,27
sniffing,11844,11802,11844,42
rising,11956,11844,11956,112
climbing,11957,11956,11957,1
rising,11965,11957,11965,8
right_turning,11975,11965,11975,10
left_turning,12012,11975,12012,37
walking,12072,12012,12072,60
rising,12082,12072,12082,10
stepping,12089,12082,12089,7
walking,12152,12089,12152,63
sniffing,12251,12152,12251,99
rising,12271,12251,12271,20
sniffing,12297,12271,12297,26
rising,12298,12297,12298,1
left_turning,12391,12298,12391,93
sniffing,12518,12391,12518,127
stepping,12628,12518,12628,110
right_turning,12643,12628,12643,15
sniffing,12719,12643,12719,76
stepping,12720,12719,12720,1
walking,12787,12720,12787,67
climbing,12864,12787,12864,77
sniffing,12865,12864,12865,1
rising,12941,12865,12941,76
climbing,13002,12941,13002,61
left_turning,13097,13002,13097,95
walking,13196,13097,13196,99
sniffing,13280,13196,13280,84
climbing,13359,13280,13359,79
left_turning,13383,13359,13383,24
sniffing,13384,13383,13384,1
left_turning,13428,13384,13428,44
sniffing,13509,13428,13509,81
right_turning,13510,13509,13510,1
left_turning,13594,13510,13594,84
sniffing,13660,13594,13660,66
rising,13661,13660,13661,1
climbing,13662,13661,13662,1
trotting,13708,13662,13708,46
sniffing,13749,13708,13749,41
walking,13822,13749,13822,73
sniffing,13914,13822,13914,92
left_turning,13950,13914,13950,36
rising,13951,13950,13951,1
walking,13970,13951,13970,19
rising,13971,13970,13971,1
rearing,13972,13971,13972,1
walking,14011,13972,14011,39
trotting,14044,14011,14044,33
walking,14045,14044,14045,1
sniffing,14079,14045,14079,34
hunching,14100,14079,14100,21
sniffing,14134,14100,14134,34
walking,14200,14134,14200,66
trotting,14215,14200,14215,15
rising,14247,14215,14247,32
stepping,14267,14247,14267,20
sniffing,14314,14267,14314,47
climbing,14439,14314,14439,125
trotting,14474,14439,14474,35
sniffing,14501,14474,14501,27
rearing,14558,14501,14558,57
sniffing,14562,14558,14562,4
climbing,14634,14562,14634,72
sniffing,14715,14634,14715,81
trotting,14781,14715,14781,66
sniffing,14822,14781,14822,41
left_turning,14848,14822,14848,26
walking,14869,14848,14869,21
left_turning,14934,14869,14934,65
walking,14972,14934,14972,38
trotting,15002,14972,15002,30
walking,15048,15002,15048,46
left_turning,15134,15048,15134,86
walking,15174,15134,15174,40
sniffing,15229,15174,15229,55
climbing,15282,15229,15282,53
sniffing,15352,15282,15352,70
rising,15378,15352,15378,26
sniffing,15379,15378,15379,1
rising,15387,15379,15387,8
sniffing,15491,15387,15491,104
climbing,15492,15491,15492,1
running,15543,15492,15543,51
walking,15562,15543,15562,19
sniffing,15573,15562,15573,11
walking,15614,15573,15614,41
sniffing,15754,15614,15754,140
climbing,15869,15754,15869,115
walking,15901,15869,15901,32
trotting,15930,15901,15930,29
walking,15978,15930,15978,48
sniffing,15979,15978,15979,1
rising,16016,15979,16016,37
rearing,16135,16016,16135,119
left_turning,16161,16135,16161,26
trotting,16177,16161,16177,16
right_turning,16185,16177,16185,8
walking,16239,16185,16239,54
climbing,16352,16239,16352,113
sniffing,16501,16352,16501,149
hunching,16545,16501,16545,44
walking,16622,16545,16622,77
left_turning,16690,16622,16690,68
running,16716,16690,16716,26
stepping,16749,16716,16749,33
sniffing,16796,16749,16796,47
stepping,16843,16796,16843,47
climbing,16888,16843,16888,45
walking,16889,16888,16889,1
left_turning,16900,16889,16900,11
sniffing,16966,16900,16966,66
rearing,16983,16966,16983,17
sniffing,17032,16983,17032,49
rising,17039,17032,17039,7
climbing,17150,17039,17150,111
walking,17151,17150,17151,1
climbing,17156,17151,17156,5
running,17174,17156,17174,18
walking,17190,17174,17190,16
sniffing,17205,17190,17205,15
hunching,17238,17205,17238,33
climbing,17239,17238,17239,1
sniffing,17240,17239,17240,1
running,17263,17240,17263,23
walking,17305,17263,17305,42
sniffing,17306,17305,17306,1
hunching,17375,17306,17375,69
sniffing,17506,17375,17506,131
climbing,17587,17506,17587,81
sniffing,17597,17587,17597,10
rearing,17610,17597,17610,13
grooming,17791,17610,17791,181
trotting,17826,17791,17826,35
walking,17902,17826,17902,76
trotting,17936,17902,17936,34
sniffing,18007,17936,18007,71
walking,18021,18007,18021,14
sniffing,18113,18021,18113,92
pausing,18253,18113,18253,140
sniffing,18266,18253,18266,13
rising,18280,18266,18280,14
climbing,18337,18280,18337,57
sniffing,18398,18337,18398,61
pausing,18529,18398,18529,131
sniffing,18670,18529,18670,141
walking,18710,18670,18710,40
sniffing,18829,18710,18829,119
climbing,18861,18829,18861,32
left_turning,18862,18861,18862,1
walking,18870,18862,18870,8
right_turning,18890,18870,18890,20
walking,18906,18890,18906,16
sniffing,18992,18906,18992,86
right_turning,18996,18992,18996,4
stepping,19008,18996,19008,12
left_turning,19028,19008,19028,20
sniffing,19029,19028,19029,1
walking,19059,19029,19059,30
sniffing,19078,19059,19078,19
climbing,19180,19078,19180,102
rising,19216,19180,19216,36
stepping,19248,19216,19248,32
running,19258,19248,19258,10
sniffing,19344,19258,19344,86
rising,19387,19344,19387,43
climbing,19477,19387,19477,90
rising,19494,19477,19494,17
climbing,19603,19494,19603,109
running,19637,19603,19637,34
stepping,19696,19637,19696,59
rising,19710,19696,19710,14
climbing,19740,19710,19740,30
rearing,19741,19740,19741,1
stepping,19802,19741,19802,61
rising,19917,19802,19917,115
climbing,19924,19917,19924,7
left_turning,19987,19924,19987,63
trotting,20021,19987,20021,34
sniffing,20147,20021,20147,126
walking,20165,20147,20165,18
rising,20225,20165,20225,60
climbing,20226,20225,20226,1
stepping,20253,20226,20253,27
right_turning,20297,20253,20297,44
running,20319,20297,20319,22
sniffing,20425,20319,20425,106
trotting,20472,20425,20472,47
sniffing,20627,20472,20627,155
left_turning,20675,20627,20675,48
walking,20706,20675,20706,31
climbing,20707,20706,20707,1
rising,20708,20707,20708,1
sniffing,20788,20708,20788,80
rising,20812,20788,20812,24
climbing,20890,20812,20890,78
rising,20963,20890,20963,73
walking,21010,20963,21010,47
sniffing,21095,21010,21095,85
trotting,21145,21095,21145,50
sniffing,21150,21145,21150,5
left_turning,21180,21150,21180,30
walking,21213,21180,21213,33
climbing,21214,21213,21214,1
rising,21266,21214,21266,52
hunching,21364,21266,21364,98
rearing,21419,21364,21419,55
sniffing,21472,21419,21472,53
walking,21560,21472,21560,88
sniffing,21740,21560,21740,180
walking,21745,21740,21745,5
stepping,21817,21745,21817,72
climbing,21818,21817,21818,1
sniffing,21900,21818,21900,82
walking,21901,21900,21901,1
sniffing,21957,21901,21957,56
walking,21995,21957,21995,38
stepping,21996,21995,21996,1
sniffing,22043,21996,22043,47
rising,22105,22043,22105,62
climbing,22230,22105,22230,125
walking,22276,22230,22276,46
rising,22303,22276,22303,27
climbing,22305,22303,22305,2
trotting,22332,22305,22332,27
stepping,22351,22332,22351,19
hunching,22387,22351,22387,36
sniffing,22479,22387,22479,92
right_turning,22532,22479,22532,53
stepping,22552,22532,22552,20
rising,22614,22552,22614,62
walking,22657,22614,22657,43
right_turning,22704,22657,22704,47
running,22726,22704,22726,22
sniffing,22740,22726,22740,14
left_turning,22764,22740,22764,24
stepping,22815,22764,22815,51
sniffing,22866,22815,22866,51
rising,22882,22866,22882,16
climbing,22910,22882,22910,28
sniffing,22911,22910,22911,1
stepping,22931,22911,22931,20
climbing,22982,22931,22982,51
hunching,23053,22982,23053,71
sniffing,23159,23053,23159,106
left_turning,23232,23159,23232,73
walking,23293,23232,23293,61
stepping,23301,23293,23301,8
walking,23309,23301,23309,8
climbing,23420,23309,23420,111
rising,23475,23420,23475,55
climbing,23487,23475,23487,12
sniffing,23567,23487,23567,80
climbing,23582,23567,23582,15
left_turning,23633,23582,23633,51
rising,23638,23633,23638,5
walking,23641,23638,23641,3
climbing,23761,23641,23761,120
sniffing,23845,23761,23845,84
rising,23865,23845,23865,20
climbing,23913,23865,23913,48
running,23928,23913,23928,15
rising,24015,23928,24015,87
right_turning,24016,24015,24016,1
walking,24040,24016,24040,24
sniffing,24147,24040,24147,107
stepping,24228,24147,24228,81
sniffing,24229,24228,24229,1
walking,24281,24229,24281,52
sniffing,24315,24281,24315,34
left_turning,24339,24315,24339,24
right_turning,24340,24339,24340,1
sniffing,24358,24340,24358,18
walking,24379,24358,24379,21
climbing,24380,24379,24380,1
left_turning,24425,24380,24425,45
walking,24434,24425,24434,9
rising,24480,24434,24480,46
rearing,24518,24480,24518,38
sniffing,24636,24518,24636,118
walking,24704,24636,24704,68
rising,24721,24704,24721,17
climbing,24760,24721,24760,39
walking,24761,24760,24761,1
rearing,24837,24761,24837,76
sniffing,24981,24837,24981,144
rising,25009,24981,25009,28
right_turning,25010,25009,25010,1
walking,25011,25010,25011,1
sniffing,25015,25011,25015,4
rising,25050,25015,25050,35
sniffing,25078,25050,25078,28
left_turning,25101,25078,25101,23
stepping,25102,25101,25102,1
sniffing,25141,25102,25141,39
climbing,25198,25141,25198,57
sniffing,25276,25198,25276,78
walking,25283,25276,25283,7
sniffing,25409,25283,25409,126
rising,25502,25409,25502,93
sniffing,25557,25502,25557,55
left_turning,25587,25557,25587,30
rising,25588,25587,25588,1
left_turning,25602,25588,25602,14
trotting,25667,25602,25667,65
walking,25727,25667,25727,60
sniffing,25736,25727,25736,9
grooming,25941,25736,25941,205
climbing,25942,25941,25942,1
right_turning,25959,25942,25959,17
walking,25974,25959,25974,15
hunching,25975,25974,25975,1
climbing,25993,25975,25993,18
walking,26022,25993,26022,29
sniffing,26036,26022,26036,14
trotting,26061,26036,26061,25
walking,26113,26061,26113,52
sniffing,26114,26113,26114,1
walking,26153,26114,26153,39
sniffing,26203,26153,26203,50
trotting,26253,26203,26253,50
left_turning,26269,26253,26269,16
rising,26270,26269,26270,1
rearing,26293,26270,26293,23
rising,26336,26293,26336,43
left_turning,26381,26336,26381,45
walking,26476,26381,26476,95
sniffing,26535,26476,26535,59
walking,26635,26535,26635,100
sniffing,26671,26635,26671,36
grooming,27027,26671,27027,356
climbing,27031,27027,27031,4
rising,27071,27031,27071,40
climbing,27275,27071,27275,204
rising,27326,27275,27326,51
climbing,27353,27326,27353,27
hunching,27429,27353,27429,76
grooming,27430,27429,27430,1
sniffing,27431,27430,27431,1
rising,27446,27431,27446,15
sniffing,27526,27446,27526,80
left_turning,27634,27526,27634,108
walking,27662,27634,27662,28
sniffing,27712,27662,27712,50
left_turning,27724,27712,27724,12
running,27725,27724,27725,1
sniffing,27949,27725,27949,224
right_turning,27999,27949,27999,50
walking,28088,27999,28088,89
sniffing,28089,28088,28089,1
rising,28100,28089,28100,11
walking,28161,28100,28161,61
sniffing,28257,28161,28257,96
walking,28313,28257,28313,56
sniffing,28353,28313,28353,40
trotting,28404,28353,28404,51
sniffing,28786,28404,28786,382
trotting,28841,28786,28841,55
rising,28863,28841,28863,22
walking,28911,28863,28911,48
rising,28954,28911,28954,43
climbing,29068,28954,29068,114
rising,29087,29068,29087,19
trotting,29159,29087,29159,72
stepping,29203,29159,29203,44
walking,29208,29203,29208,5
left_turning,29260,29208,29260,52
rising,29265,29260,29265,5
rearing,29343,29265,29343,78
walking,29427,29343,29427,84
right_turning,29428,29427,29428,1
trotting,29429,29428,29429,1
sniffing,29499,29429,29499,70
rearing,29524,29499,29524,25
walking,29601,29524,29601,77
left_turning,29631,29601,29631,30
walking,29632,29631,29632,1
grooming,29642,29632,29642,10
rearing,29645,29642,29645,3
walking,29717,29645,29717,72
jumping,29756,29717,29756,39
left_turning,29793,29756,29793,37
walking,29824,29793,29824,31
sniffing,29914,29824,29914,90
walking,29932,29914,29932,18
climbing,30012,29932,30012,80
walking,30090,30012,30090,78
climbing,30091,30090,30091,1
trotting,30118,30091,30118,27
rising,30130,30118,30130,12
sniffing,30259,30130,30259,129
walking,30269,30259,30269,10
hunching,30332,30269,30332,63
climbing,30495,30332,30495,163
running,30534,30495,30534,39
sniffing,30671,30534,30671,137
walking,30745,30671,30745,74
stepping,30762,30745,30762,17
sniffing,30878,30762,30878,116
walking,30947,30878,30947,69
rising,30956,30947,30956,9
rearing,30957,30956,30957,1
grooming,31092,30957,31092,135
rising,31149,31092,31149,57
trotting,31200,31149,31200,51
right_turning,31220,31200,31220,20
walking,31240,31220,31240,20
sniffing,31241,31240,31241,1
left_turning,31247,31241,31247,6
walking,31248,31247,31248,1
sniffing,31288,31248,31288,40
left_turning,31340,31288,31340,52
walking,31362,31340,31362,22
trotting,31461,31362,31461,99
walking,31510,31461,31510,49
trotting,31545,31510,31545,35
sniffing,31546,31545,31546,1
rising,31551,31546,31551,5
sniffing,31552,31551,31552,1
walking,31569,31552,31569,17
sniffing,31692,31569,31692,123
hunching,31702,31692,31702,10
right_turning,31703,31702,31703,1
walking,31704,31703,31704,1
sniffing,31824,31704,31824,120
rising,31845,31824,31845,21
climbing,31872,31845,31872,27
sniffing,31939,31872,31939,67
hunching,31966,31939,31966,27
climbing,32108,31966,32108,142
hunching,32130,32108,32130,22
climbing,32188,32130,32188,58
walking,32203,32188,32203,15
sniffing,32239,32203,32239,36
rising,32253,32239,32253,14
walking,32290,32253,32290,37
rising,32301,32290,32301,11
sniffing,32483,32301,32483,182
left_turning,32503,32483,32503,20
sniffing,32584,32503,32584,81
walking,32617,32584,32617,33
climbing,32625,32617,32625,8
right_turning,32682,32625,32682,57
rising,32737,32682,32737,55
climbing,32809,32737,32809,72
sniffing,32855,32809,32855,46
walking,32909,32855,32909,54
climbing,32936,32909,32936,27
running,32972,32936,32972,36
walking,32975,32972,32975,3
left_turning,33081,32975,33081,106
sniffing,33121,33081,33121,40
left_turning,33149,33121,33149,28
trotting,33196,33149,33196,47
sniffing,33244,33196,33244,48
left_turning,33391,33244,33391,147
sniffing,33409,33391,33409,18
rising,33444,33409,33444,35
walking,33504,33444,33504,60
right_turning,33505,33504,33505,1
sniffing,33543,33505,33543,38
left_turning,33558,33543,33558,15
rising,33601,33558,33601,43
walking,33633,33601,33633,32
sniffing,33708,33633,33708,75
walking,33782,33708,33782,74
sniffing,33871,33782,33871,89
climbing,34018,33871,34018,147
sniffing,34086,34018,34086,68
rearing,34087,34086,34087,1
climbing,34098,34087,34098,11
sniffing,34154,34098,34154,56
walking,34161,34154,34161,7
sniffing,34188,34161,34188,27
rising,34227,34188,34227,39
climbing,34228,34227,34228,1
sniffing,34286,34228,34286,58
hunching,34310,34286,34310,24
right_turning,34363,34310,34363,53
trotting,34398,34363,34398,35
sniffing,34427,34398,34427,29
stepping,34428,34427,34428,1
trotting,34472,34428,34472,44
walking,34475,34472,34475,3
climbing,34544,34475,34544,69
trotting,34551,34544,34551,7
sniffing,34658,34551,34658,107
rising,34715,34658,34715,57
grooming,34871,34715,34871,156
left_turning,34902,34871,34902,31
trotting,34930,34902,34930,28
rising,34993,34930,34993,63
climbing,35005,34993,35005,12
left_turning,35006,35005,35006,1
hunching,35033,35006,35033,27
rearing,35054,35033,35054,21
walking,35095,35054,35095,41
running,35113,35095,35113,18
sniffing,35245,35113,35245,132
running,35264,35245,35264,19
walking,35276,35264,35276,12
sniffing,35360,35276,35360,84
rising,35379,35360,35379,19
climbing,35399,35379,35399,20
rising,35453,35399,35453,54
climbing,35476,35453,35476,23
rearing,35500,35476,35500,24
right_turning,35531,35500,35531,31
trotting,35565,35531,35565,34
walking,35631,35565,35631,66
sniffing,35632,35631,35632,1
left_turning,35658,35632,35658,26
walking,35739,35658,35739,81
sniffing,35740,35739,35740,1
walking,35789,35740,35789,49
sniffing,35942,35789,35942,153
right_turning,35957,35942,35957,15
rising,36015,35957,36015,58
climbing,36080,36015,36080,65
sniffing,36102,36080,36102,22
climbing,36125,36102,36125,23
sniffing,36198,36125,36198,73
climbing,36277,36198,36277,79
rising,36348,36277,36348,71
left_turning,36355,36348,36355,7
walking,36403,36355,36403,48
sniffing,36558,36403,36558,155
left_turning,36591,36558,36591,33
walking,36646,36591,36646,55
rising,36670,36646,36670,24
rearing,36743,36670,36743,73
grooming,36835,36743,36835,92
sniffing,36843,36835,36843,8
walking,36912,36843,36912,69
sniffing,36927,36912,36927,15
left_turning,36960,36927,36960,33
sniffing,37015,36960,37015,55
stepping,37036,37015,37036,21
walking,37099,37036,37099,63
sniffing,37113,37099,37113,14
stepping,37122,37113,37122,9
climbing,37187,37122,37187,65
left_turning,37272,37187,37272,85
sniffing,37311,37272,37311,39
walking,37356,37311,37356,45
sniffing,37412,37356,37412,56
walking,37459,37412,37459,47
sniffing,37600,37459,37600,141
rising,37601,37600,37601,1
sniffing,37753,37601,37753,152
rearing,37754,37753,37754,1
climbing,37818,37754,37818,64
sniffing,37827,37818,37827,9
walking,37829,37827,37829,2
sniffing,37989,37829,37989,160
rising,38000,37989,38000,11
sniffing,38074,38000,38074,74
rearing,38165,38074,38165,91
hunching,38218,38165,38218,53
sniffing,38300,38218,38300,82
stepping,38320,38300,38320,20
rising,38371,38320,38371,51
climbing,38431,38371,38431,60
sniffing,38517,38431,38517,86
rising,38550,38517,38550,33
sniffing,38687,38550,38687,137
trotting,38736,38687,38736,49
sniffing,38787,38736,38787,51
rearing,38910,38787,38910,123
walking,38920,38910,38920,10
sniffing,39002,38920,39002,82
rising,39004,39002,39004,2
climbing,39012,39004,39012,8
right_turning,39037,39012,39037,25
trotting,39051,39037,39051,14
stepping,39070,39051,39070,19
sniffing,39210,39070,39210,140
left_turning,39252,39210,39252,42
walking,39253,39252,39253,1
sniffing,39343,39253,39343,90
walking,39413,39343,39413,70
left_turning,39454,39413,39454,41
sniffing,39489,39454,39489,35
rising,39522,39489,39522,33
sniffing,39523,39522,39523,1
right_turning,39569,39523,39569,46
climbing,39617,39569,39617,48
walking,39657,39617,39657,40
climbing,39737,39657,39737,80
right_turning,39762,39737,39762,25
walking,39807,39762,39807,45
stepping,39867,39807,39867,60
sniffing,39868,39867,39868,1
stepping,39869,39868,39869,1
climbing,39929,39869,39929,60
walking,39999,39929,39999,70
left_turning,40034,39999,40034,35
sniffing,40035,40034,40035,1
left_turning,40053,40035,40053,18
sniffing,40193,40053,40193,140
climbing,40271,40193,40271,78
left_turning,40330,40271,40330,59
walking,40356,40330,40356,26
left_turning,40393,40356,40393,37
sniffing,40503,40393,40503,110
climbing,40554,40503,40554,51
trotting,40596,40554,40596,42
sniffing,40625,40596,40625,29
grooming,40688,40625,40688,63
rearing,40775,40688,40775,87
grooming,40776,40775,40776,1
rising,40899,40776,40899,123
rearing,40963,40899,40963,64
stepping,41025,40963,41025,62
sniffing,41026,41025,41026,1
climbing,41111,41026,41111,85
stepping,41136,41111,41136,25
sniffing,41148,41136,41148,12
climbing,41202,41148,41202,54
sniffing,41203,41202,41203,1
climbing,41247,41203,41247,44
right_turning,41270,41247,41270,23
walking,41292,41270,41292,22
rising,41354,41292,41354,62
right_turning,41389,41354,41389,35
rising,41390,41389,41390,1
sniffing,41423,41390,41423,33
walking,41462,41423,41462,39
rising,41496,41462,41496,34
climbing,41557,41496,41557,61
running,41560,41557,41560,3
sniffing,41650,41560,41650,90
walking,41709,41650,41709,59
left_turning,41735,41709,41735,26
sniffing,41875,41735,41875,140
right_turning,41894,41875,41894,19
walking,41963,41894,41963,69
left_turning,41964,41963,41964,1
sniffing,42215,41964,42215,251
climbing,42299,42215,42299,84
sniffing,42300,42299,42300,1
climbing,42386,42300,42386,86
sniffing,42495,42386,42495,109
left_turning,42563,42495,42563,68
sniffing,42730,42563,42730,167
right_turning,42737,42730,42737,7
stepping,42808,42737,42808,71
sniffing,42879,42808,42879,71
climbing,42989,42879,42989,110
rising,43081,42989,43081,92
sniffing,43153,43081,43153,72
left_turning,43155,43153,43155,2
rising,43202,43155,43202,47
climbing,43291,43202,43291,89
rising,43298,43291,43298,7
sniffing,43314,43298,43314,16
walking,43378,43314,43378,64
rearing,43421,43378,43421,43
hunching,43461,43421,43461,40
running,43481,43461,43481,20
walking,43514,43481,43514,33
climbing,43598,43514,43598,84
rising,43611,43598,43611,13
climbing,43621,43611,43621,10
left_turning,43674,43621,43674,53
sniffing,43724,43674,43724,50
grooming,43758,43724,43758,34
hunching,43943,43758,43943,185
climbing,44042,43943,44042,99
walking,44096,44042,44096,54
sniffing,44168,44096,44168,72
walking,44218,44168,44218,50
climbing,44239,44218,44239,21
left_turning,44261,44239,44261,22
walking,44281,44261,44281,20
sniffing,44282,44281,44282,1
rising,44380,44282,44380,98
climbing,44400,44380,44400,20
walking,44425,44400,44425,25
trotting,44452,44425,44452,27
rising,44548,44452,44548,96
walking,44611,44548,44611,63
sniffing,44612,44611,44612,1
walking,44650,44612,44650,38
sniffing,44732,44650,44732,82
climbing,44744,44732,44744,12
rising,44782,44744,44782,38
climbing,44846,44782,44846,64
rising,44847,44846,44847,1
climbing,44848,44847,44848,1
right_turning,44849,44848,44849,1
sniffing,44915,44849,44915,66
rising,45000,44915,45000,85
jumping,45051,45000,45051,51
grooming,45233,45051,45233,182
hunching,45285,45233,45285,52
grooming,45286,45285,45286,1
sniffing,45304,45286,45304,18
rising,45305,45304,45305,1
sniffing,45391,45305,45391,86
left_turning,45462,45391,45462,71
sniffing,45469,45462,45469,7
rising,45495,45469,45495,26
sniffing,45518,45495,45518,23
right_turning,45522,45518,45522,4
walking,45573,45522,45573,51
sniffing,45574,45573,45574,1
pausing,45575,45574,45575,1
sniffing,45583,45575,45583,8
stepping,45605,45583,45605,22
rising,45634,45605,45634,29
sniffing,45661,45634,45661,27
trotting,45704,45661,45704,43
sniffing,45773,45704,45773,69
hunching,45863,45773,45863,90
stepping,45894,45863,45894,31
right_turning,45903,45894,45903,9
sniffing,45969,45903,45969,66
walking,45991,45969,45991,22
trotting,46015,45991,46015,24
sniffing,46067,46015,46067,52
rearing,46123,46067,46123,56
rising,46160,46123,46160,37
walking,46221,46160,46221,61
rising,46278,46221,46278,57
sniffing,46279,46278,46279,1
rising,46280,46279,46280,1
stepping,46312,46280,46312,32
climbing,46359,46312,46359,47
rearing,46369,46359,46369,10
sniffing,46432,46369,46432,63
right_turning,46435,46432,46435,3
sniffing,46465,46435,46465,30
climbing,46503,46465,46503,38
sniffing,46504,46503,46504,1
rising,46507,46504,46507,3
hunching,46549,46507,46549,42
grooming,46550,46549,46550,1
walking,46551,46550,46551,1
sniffing,46552,46551,46552,1
walking,46587,46552,46587,35
sniffing,46681,46587,46681,94
right_turning,46715,46681,46715,34
sniffing,46755,46715,46755,40
climbing,46856,46755,46856,101
sniffing,46890,46856,46890,34
left_turning,46949,46890,46949,59
walking,46988,46949,46988,39
climbing,47065,46988,47065,77
hunching,47112,47065,47112,47
rearing,47116,47112,47116,4
rising,47176,47116,47176,60
sniffing,47259,47176,47259,83
left_turning,47276,47259,47276,17
sniffing,47356,47276,47356,80
rising,47357,47356,47357,1
sniffing,47360,47357,47360,3
walking,47366,47360,47366,6
stepping,47382,47366,47382,16
rearing,47439,47382,47439,57
right_turning,47443,47439,47443,4
stepping,47444,47443,47444,1
sniffing,47445,47444,47445,1
stepping,47576,47445,47576,131
grooming,47643,47576,47643,67
left_turning,47655,47643,47655,12
walking,47683,47655,47683,28
sniffing,47684,47683,47684,1
right_turning,47718,47684,47718,34
stepping,47719,47718,47719,1
grooming,47788,47719,47788,69
left_turning,47834,47788,47834,46
sniffing,47862,47834,47862,28
right_turning,47894,47862,47894,32
sniffing,47895,47894,47895,1
right_turning,47896,47895,47896,1
trotting,47941,47896,47941,45
walking,47942,47941,47942,1
stepping,48008,47942,48008,66
rearing,48009,48008,48009,1
hunching,48010,48009,48010,1
sniffing,48011,48010,48011,1
right_turning,48012,48011,48012,1
sniffing,48037,48012,48037,25
left_turning,48055,48037,48055,18
stepping,48113,48055,48113,58
rising,48114,48113,48114,1
sniffing,48179,48114,48179,65
rising,48232,48179,48232,53
sniffing,48233,48232,48233,1
left_turning,48291,48233,48291,58
rearing,48301,48291,48301,10
sniffing,48387,48301,48387,86
walking,48388,48387,48388,1
sniffing,48430,48388,48430,42
rising,48484,48430,48484,54
climbing,48566,48484,48566,82
sniffing,48597,48566,48597,31
walking,48612,48597,48612,15
trotting,48641,48612,48641,29
climbing,48642,48641,48642,1
rising,48668,48642,48668,26
left_turning,48711,48668,48711,43
stepping,48751,48711,48751,40
right_turning,48810,48751,48810,59
rearing,48827,48810,48827,17
rising,48829,48827,48829,2
walking,48916,48829,48916,87
climbing,48917,48916,48917,1
walking,49079,48917,49079,162
trotting,49101,49079,49101,22
sniffing,49163,49101,49163,62
left_turning,49287,49163,49287,124
sniffing,49332,49287,49332,45
grooming,49445,49332,49445,113
sniffing,49446,49445,49446,1
climbing,49468,49446,49468,22
sniffing,49469,49468,49469,1
rising,49503,49469,49503,34
left_turning,49549,49503,49549,46
sniffing,49556,49549,49556,7
walking,49583,49556,49583,27
climbing,49703,49583,49703,120
sniffing,49704,49703,49704,1
trotting,49740,49704,49740,36
sniffing,49767,49740,49767,27
left_turning,49804,49767,49804,37
sniffing,49865,49804,49865,61
walking,49903,49865,49903,38
stepping,49941,49903,49941,38
trotting,49968,49941,49968,27
sniffing,50021,49968,50021,53
left_turning,50059,50021,50059,38
sniffing,50155,50059,50155,96
rearing,50156,50155,50156,1
sniffing,50347,50156,50347,191
rising,50437,50347,50437,90
grooming,50449,50437,50449,12
climbing,50517,50449,50517,68
left_turning,50564,50517,50564,47
walking,50571,50564,50571,7
left_turning,50631,50571,50631,60
rising,50646,50631,50646,15
climbing,50690,50646,50690,44
sniffing,50848,50690,50848,158
hunching,50899,50848,50899,51
climbing,50967,50899,50967,68
walking,51006,50967,51006,39
left_turning,51030,51006,51030,24
sniffing,51083,51030,51083,53
left_turning,51084,51083,51084,1
rising,51085,51084,51085,1
sniffing,51086,51085,51086,1
trotting,51127,51086,51127,41
walking,51175,51127,51175,48
climbing,51261,51175,51261,86
right_turning,51262,51261,51262,1
walking,51333,51262,51333,71
left_turning,51343,51333,51343,10
walking,51362,51343,51362,19
sniffing,51494,51362,51494,132
right_turning,51503,51494,51503,9
sniffing,51666,51503,51666,163
left_turning,51723,51666,51723,57
sniffing,51740,51723,51740,17
walking,52021,51740,52021,281
climbing,52054,52021,52054,33
sniffing,52068,52054,52068,14
right_turning,52130,52068,52130,62
sniffing,52157,52130,52157,27
climbing,52239,52157,52239,82
sniffing,52244,52239,52244,5
climbing,52304,52244,52304,60
grooming,52485,52304,52485,181
sniffing,52546,52485,52546,61
climbing,52666,52546,52666,120
left_turning,52705,52666,52705,39
sniffing,52734,52705,52734,29
walking,52735,52734,52735,1
sniffing,52843,52735,52843,108
climbing,52912,52843,52912,69
sniffing,53013,52912,53013,101
right_turning,53014,53013,53014,1
stepping,53070,53014,53070,56
sniffing,53151,53070,53151,81
walking,53153,53151,53153,2
sniffing,53154,53153,53154,1
left_turning,53163,53154,53163,9
trotting,53190,53163,53190,27
stepping,53225,53190,53225,35
sniffing,53226,53225,53226,1
climbing,53227,53226,53227,1
trotting,53242,53227,53242,15
rearing,53243,53242,53243,1
rising,53249,53243,53249,6
climbing,53287,53249,53287,38
rearing,53288,53287,53288,1
rising,53289,53288,53289,1
sniffing,53337,53289,53337,48
walking,53343,53337,53343,6
stepping,53398,53343,53398,55
climbing,53433,53398,53433,35
grooming,53503,53433,53503,70
rearing,53510,53503,53510,7
walking,53650,53510,53650,140
sniffing,53845,53650,53845,195
left_turning,53895,53845,53895,50
trotting,53909,53895,53909,14
stepping,53948,53909,53948,39
rising,53949,53948,53949,1
trotting,54017,53949,54017,68
sniffing,54187,54017,54187,170
walking,54231,54187,54231,44
sniffing,54277,54231,54277,46
climbing,54337,54277,54337,60
sniffing,54525,54337,54525,188
right_turning,54539,54525,54539,14
stepping,54549,54539,54549,10
right_turning,54599,54549,54599,50
walking,54600,54599,54600,1
sniffing,54601,54600,54601,1
right_turning,54602,54601,54602,1
sniffing,54697,54602,54697,95
right_turning,54714,54697,54714,17
trotting,54743,54714,54743,29
walking,54793,54743,54793,50
hunching,54831,54793,54831,38
climbing,54884,54831,54884,53
rising,54890,54884,54890,6
climbing,54922,54890,54922,32
sniffing,55000,54922,55000,78
rising,55001,55000,55001,1
sniffing,55077,55001,55077,76
left_turning,55111,55077,55111,34
running,55121,55111,55121,10
stepping,55195,55121,55195,74
sniffing,55325,55195,55325,130
left_turning,55357,55325,55357,32
walking,55400,55357,55400,43
sniffing,55477,55400,55477,77
trotting,55483,55477,55483,6
rising,55513,55483,55513,30
sniffing,55514,55513,55514,1
left_turning,55584,55514,55584,70
rising,55585,55584,55585,1
left_turning,55600,55585,55600,15
walking,55668,55600,55668,68
rearing,55684,55668,55684,16
climbing,55741,55684,55741,57
walking,55742,55741,55742,1
left_turning,55759,55742,55759,17
walking,55792,55759,55792,33
climbing,55812,55792,55812,20
sniffing,56042,55812,56042,230
right_turning,56055,56042,56055,13
stepping,56100,56055,56100,45
walking,56152,56100,56152,52
sniffing,56153,56152,56153,1
rising,56204,56153,56204,51
stepping,56216,56204,56216,12
sniffing,56267,56216,56267,51
trotting,56320,56267,56320,53
sniffing,56353,56320,56353,33
grooming,56354,56353,56354,1
sniffing,56367,56354,56367,13
left_turning,56380,56367,56380,13
sniffing,56384,56380,56384,4
stepping,56449,56384,56449,65
sniffing,56521,56449,56521,72
stepping,56537,56521,56537,16
climbing,56585,56537,56585,48
rising,56593,56585,56593,8
climbing,56763,56593,56763,170
walking,56793,56763,56793,30
sniffing,56794,56793,56794,1
pausing,56933,56794,56933,139
sniffing,57015,56933,57015,82
left_turning,57046,57015,57046,31
sniffing,57047,57046,57047,1
rearing,57048,57047,57048,1
left_turning,57117,57048,57117,69
sniffing,57118,57117,57118,1
hunching,57201,57118,57201,83
walking,57265,57201,57265,64
stepping,57305,57265,57305,40
sniffing,57476,57305,57476,171
left_turning,57534,57476,57534,58
walking,57620,57534,57620,86
sniffing,57737,57620,57737,117
running,57765,57737,57765,28
stepping,57783,57765,57783,18
walking,57784,57783,57784,1
sniffing,57960,57784,57960,176
rising,57965,57960,57965,5
left_turning,57966,57965,57966,1
trotting,58010,57966,58010,44
rising,58019,58010,58019,9
sniffing,58104,58019,58104,85
grooming,58105,58104,58105,1
sniffing,58179,58105,58179,74
walking,58226,58179,58226,47
sniffing,58319,58226,58319,93
rising,58376,58319,58376,57
sniffing,58461,58376,58461,85
rising,58462,58461,58462,1
grooming,58644,58462,58644,182
rearing,58660,58644,58660,16
rising,58697,58660,58697,37
stepping,58748,58697,58748,51
hunching,58798,58748,58798,50
right_turning,58802,58798,58802,4
walking,58822,58802,58822,20
climbing,58856,58822,58856,34
rising,58872,58856,58872,16
left_turning,58901,58872,58901,29
walking,58998,58901,58998,97
rearing,59041,58998,59041,43
right_turning,59082,59041,59082,41
running,59092,59082,59092,10
stepping,59093,59092,59093,1
rising,59137,59093,59137,44
sniffing,59233,59137,59233,96
rising,59234,59233,59234,1
rearing,59235,59234,59235,1
left_turning,59250,59235,59250,15
walking,59278,59250,59278,28
sniffing,59435,59278,59435,157
left_turning,59518,59435,59518,83
sniffing,59522,59518,59522,4
rising,59543,59522,59543,21
hunching,59550,59543,59550,7
rearing,59551,59550,59551,1
left_turning,59588,59551,59588,37
rearing,59644,59588,59644,56
climbing,59681,59644,59681,37
running,59716,59681,59716,35
stepping,59747,59716,59747,31
walking,59770,59747,59770,23
sniffing,59788,59770,59788,18
climbing,59835,59788,59835,47
right_turning,59856,59835,59856,21
trotting,59894,59856,59894,38
sniffing,59921,59894,59921,27
walking,59962,59921,59962,41
right_turning,60015,59962,60015,53
sniffing,60075,60015,60075,60
rearing,60149,60075,60149,74
jumping,60150,60149,60150,1
right_turning,60151,60150,60151,1
running,60165,60151,60165,14
walking,60166,60165,60166,1
rising,60190,60166,60190,24
sniffing,60246,60190,60246,56
left_turning,60257,60246,60257,11
running,60262,60257,60262,5
trotting,60267,60262,60267,5
rising,60326,60267,60326,59
walking,60342,60326,60342,16
sniffing,60343,60342,60343,1
climbing,60459,60343,60459,116
sniffing,60508,60459,60508,49
walking,60519,60508,60519,11
climbing,60566,60519,60566,47
walking,60628,60566,60628,62
rearing,60744,60628,60744,116
rising,60780,60744,60780,36
walking,60781,60780,60781,1
sniffing,60861,60781,60861,80
walking,60886,60861,60886,25
sniffing,60887,60886,60887,1
climbing,60891,60887,60891,4
rearing,60892,60891,60892,1
sniffing,60895,60892,60895,3
left_turning,60933,60895,60933,38
walking,60957,60933,60957,24
sniffing,61007,60957,61007,50
climbing,61019,61007,61019,12
sniffing,61132,61019,61132,113
climbing,61163,61132,61163,31
rising,61174,61163,61174,11
grooming,61175,61174,61175,1
left_turning,61196,61175,61196,21
sniffing,61260,61196,61260,64
walking,61399,61260,61399,139
sniffing,61562,61399,61562,163
rising,61563,61562,61563,1
left_turning,61576,61563,61576,13
trotting,61624,61576,61624,48
left_turning,61734,61624,61734,110
sniffing,61868,61734,61868,134
left_turning,61936,61868,61936,68
sniffing,62022,61936,62022,86
left_turning,62041,62022,62041,19
sniffing,62091,62041,62091,50
rising,62192,62091,62192,101
walking,62230,62192,62230,38
sniffing,62311,62230,62311,81
stepping,62341,62311,62341,30
sniffing,62408,62341,62408,67
right_turning,62419,62408,62419,11
sniffing,62489,62419,62489,70
rearing,62497,62489,62497,8
climbing,62523,62497,62523,26
sniffing,62716,62523,62716,193
walking,62783,62716,62783,67
sniffing,62821,62783,62821,38
rearing,62822,62821,62822,1
rising,62832,62822,62832,10
climbing,62921,62832,62921,89
rearing,63020,62921,63020,99
trotting,63088,63020,63088,68
sniffing,63282,63088,63282,194
climbing,63416,63282,63416,134
trotting,63433,63416,63433,17
walking,63450,63433,63450,17
sniffing,63451,63450,63451,1
hunching,63485,63451,63485,34
right_turning,63510,63485,63510,25
running,63538,63510,63538,28
sniffing,63605,63538,63605,67
rearing,63606,63605,63606,1
stepping,63699,63606,63699,93
left_turning,63723,63699,63723,24
trotting,63746,63723,63746,23
walking,63769,63746,63769,23
climbing,63812,63769,63812,43
right_turning,63841,63812,63841,29
rising,63882,63841,63882,41
right_turning,63888,63882,63888,6
walking,63933,63888,63933,45
trotting,63955,63933,63955,22
rising,63988,63955,63988,33
rearing,64051,63988,64051,63
rising,64069,64051,64069,18
stepping,64154,64069,64154,85
walking,64225,64154,64225,71
climbing,64226,64225,64226,1
right_turning,64253,64226,64253,27
sniffing,64400,64253,64400,147
rising,64404,64400,64404,4
climbing,64516,64404,64516,112
rising,64517,64516,64517,1
sniffing,64589,64517,64589,72
right_turning,64590,64589,64590,1
walking,64631,64590,64631,41
sniffing,64632,64631,64632,1
rising,64754,64632,64754,122
climbing,64794,64754,64794,40
rearing,64859,64794,64859,65
climbing,64956,64859,64956,97
rearing,65026,64956,65026,70
stepping,65035,65026,65035,9
rising,65078,65035,65078,43
sniffing,65156,65078,65156,78
left_turning,65188,65156,65188,32
trotting,65237,65188,65237,49
walking,65276,65237,65276,39
sniffing,65348,65276,65348,72
stepping,65397,65348,65397,49
sniffing,65507,65397,65507,110
left_turning,65552,65507,65552,45
sniffing,65636,65552,65636,84
left_turning,65660,65636,65660,24
running,65664,65660,65664,4
sniffing,65665,65664,65665,1
right_turning,65666,65665,65666,1
climbing,65792,65666,65792,126
walking,65841,65792,65841,49
sniffing,66317,65841,66317,476
stepping,66380,66317,66380,63
sniffing,66463,66380,66463,83
pausing,66673,66463,66673,210
sniffing,66704,66673,66704,31
left_turning,66751,66704,66751,47
trotting,66765,66751,66765,14
rising,66766,66765,66766,1
climbing,66767,66766,66767,1
sniffing,66768,66767,66768,1
climbing,66855,66768,66855,87
right_turning,66909,66855,66909,54
left_turning,66962,66909,66962,53
stepping,66976,66962,66976,14
sniffing,66996,66976,66996,20
trotting,67013,66996,67013,17
left_turning,67018,67013,67018,5
right_turning,67029,67018,67029,11
walking,67042,67029,67042,13
rising,67044,67042,67044,2
walking,67054,67044,67054,10
climbing,67055,67054,67055,1
rising,67123,67055,67123,68
walking,67133,67123,67133,10
rising,67225,67133,67225,92
rearing,67226,67225,67226,1
sniffing,67263,67226,67263,37
climbing,67361,67263,67361,98
trotting,67394,67361,67394,33
sniffing,67500,67394,67500,106
grooming,67714,67500,67714,214
sniffing,67715,67714,67715,1
left_turning,67767,67715,67767,52
rising,67808,67767,67808,41
climbing,67866,67808,67866,58
rising,67867,67866,67867,1
stepping,67893,67867,67893,26
walking,67933,67893,67933,40
sniffing,67945,67933,67945,12
rising,67946,67945,67946,1
climbing,67953,67946,67953,7
rearing,67974,67953,67974,21
sniffing,68092,67974,68092,118
right_turning,68147,68092,68147,55
climbing,68198,68147,68198,51
rearing,68329,68198,68329,131
stepping,68330,68329,68330,1
sniffing,68331,68330,68331,1
left_turning,68332,68331,68332,1
rising,68333,68332,68333,1
climbing,68444,68333,68444,111
rearing,68474,68444,68474,30
climbing,68538,68474,68538,64
walking,68545,68538,68545,7
sniffing,68639,68545,68639,94
rising,68662,68639,68662,23
left_turning,68669,68662,68669,7
sniffing,68698,68669,68698,29
trotting,68699,68698,68699,1
rising,68769,68699,68769,70
sniffing,68770,68769,68770,1
right_turning,68808,68770,68808,38
sniffing,68948,68808,68948,140
rearing,69032,68948,69032,84
walking,69093,69032,69093,61
sniffing,69122,69093,69122,29
walking,69133,69122,69133,11
rising,69241,69133,69241,108
climbing,69336,69241,69336,95
rearing,69347,69336,69347,11
sniffing,69348,69347,69348,1
rising,69363,69348,69363,15
climbing,69364,69363,69364,1
sniffing,69463,69364,69463,99
stepping,69464,69463,69464,1
climbing,69514,69464,69514,50
rising,69530,69514,69530,16
climbing,69714,69530,69714,184
grooming,69894,69714,69894,180
sniffing,70048,69894,70048,154
rising,70049,70048,70049,1
walking,70088,70049,70088,39
sniffing,70276,70088,70276,188
climbing,70364,70276,70364,88
walking,70365,70364,70365,1
sniffing,70394,70365,70394,29
left_turning,70433,70394,70433,39
walking,70443,70433,70443,10
sniffing,70445,70443,70445,2
rising,70482,70445,70482,37
rearing,70494,70482,70494,12
sniffing,70568,70494,70568,74
trotting,70569,70568,70569,1
rearing,70659,70569,70659,90
sniffing,70768,70659,70768,109
left_turning,70808,70768,70808,40
walking,70832,70808,70832,24
left_turning,70833,70832,70833,1
sniffing,70896,70833,70896,63
stepping,70941,70896,70941,45
walking,70996,70941,70996,55
sniffing,71004,70996,71004,8
trotting,71043,71004,71043,39
sniffing,71184,71043,71184,141
climbing,71292,71184,71292,108
rearing,71332,71292,71332,40
hunching,71374,71332,71374,42
rearing,71375,71374,71375,1
walking,71430,71375,71430,55
left_turning,71492,71430,71492,62
stepping,71549,71492,71549,57
sniffing,71650,71549,71650,101
left_turning,71737,71650,71737,87
sniffing,71776,71737,71776,39
rising,71783,71776,71783,7
running,71784,71783,71784,1
sniffing,71785,71784,71785,1
right_turning,71787,71785,71787,2
sniffing,71815,71787,71815,28
trotting,71871,71815,71871,56
sniffing,71922,71871,71922,51
stepping,71975,71922,71975,53
walking,72012,71975,72012,37
left_turning,72077,72012,72077,65
walking,72078,72077,72078,1
right_turning,72115,72078,72115,37
rearing,72176,72115,72176,61
climbing,72177,72176,72177,1
sniffing,72302,72177,72302,125
rising,72349,72302,72349,47
climbing,72356,72349,72356,7
sniffing,72430,72356,72430,74
walking,72512,72430,72512,82
left_turning,72566,72512,72566,54
trotting,72604,72566,72604,38
left_turning,72648,72604,72648,44
walking,72724,72648,72724,76
sniffing,72793,72724,72793,69
climbing,72815,72793,72815,22
running,72838,72815,72838,23
walking,72853,72838,72853,15
trotting,72889,72853,72889,36
walking,72915,72889,72915,26
stepping,72923,72915,72923,8
sniffing,72924,72923,72924,1
hunching,72964,72924,72964,40
left_turning,72966,72964,72966,2
sniffing,73068,72966,73068,102
climbing,73222,73068,73222,154
right_turning,73232,73222,73232,10
running,73238,73232,73238,6
rearing,73261,73238,73261,23
walking,73262,73261,73262,1
rising,73263,73262,73263,1
sniffing,73264,73263,73264,1
walking,73265,73264,73265,1
climbing,73294,73265,73294,29
left_turning,73324,73294,73324,30
sniffing,73343,73324,73343,19
climbing,73453,73343,73453,110
walking,73463,73453,73463,10
left_turning,73551,73463,73551,88
walking,73594,73551,73594,43
climbing,73735,73594,73735,141
grooming,73736,73735,73736,1
sniffing,73757,73736,73757,21
walking,73845,73757,73845,88
rising,73846,73845,73846,1
sniffing,73991,73846,73991,145
stepping,74048,73991,74048,57
sniffing,74049,74048,74049,1
rising,74050,74049,74050,1
sniffing,74097,74050,74097,47
rising,74107,74097,74107,10
sniffing,74285,74107,74285,178
rising,74287,74285,74287,2
sniffing,74547,74287,74547,260
rising,74608,74547,74608,61
sniffing,74743,74608,74743,135
grooming,74750,74743,74750,7
sniffing,74751,74750,74751,1
right_turning,74774,74751,74774,23
left_turning,74786,74774,74786,12
sniffing,74787,74786,74787,1
rising,74925,74787,74925,138
climbing,75177,74925,75177,252
trotting,75221,75177,75221,44
sniffing,75337,75221,75337,116
stepping,75355,75337,75355,18
walking,75356,75355,75356,1
stepping,75401,75356,75401,45
left_turning,75419,75401,75419,18
sniffing,75464,75419,75464,45
rising,75476,75464,75476,12
climbing,75487,75476,75487,11
rearing,75546,75487,75546,59
grooming,75615,75546,75615,69
climbing,75641,75615,75641,26
sniffing,75698,75641,75698,57
right_turning,75736,75698,75736,38
walking,75767,75736,75767,31
sniffing,75838,75767,75838,71
trotting,75894,75838,75894,56
grooming,75895,75894,75895,1
hunching,75916,75895,75916,21
sniffing,76028,75916,76028,112
walking,76070,76028,76070,42
sniffing,76161,76070,76161,91
right_turning,76175,76161,76175,14
sniffing,76187,76175,76187,12
rising,76197,76187,76197,10
sniffing,76252,76197,76252,55
left_turning,76328,76252,76328,76
sniffing,76398,76328,76398,70
rearing,76454,76398,76454,56
climbing,76530,76454,76530,76
rearing,76567,76530,76567,37
sniffing,76617,76567,76617,50
rearing,76772,76617,76772,155
climbing,76822,76772,76822,50
left_turning,76843,76822,76843,21
sniffing,76953,76843,76953,110
left_turning,77049,76953,77049,96
walking,77087,77049,77087,38
running,77118,77087,77118,31
hunching,77119,77118,77119,1
sniffing,77173,77119,77173,54
rising,77234,77173,77234,61
walking,77294,77234,77294,60
sniffing,77295,77294,77295,1
rising,77332,77295,77332,37
walking,77373,77332,77373,41
climbing,77480,77373,77480,107
sniffing,77556,77480,77556,76
walking,77618,77556,77618,62
sniffing,77741,77618,77741,123
rising,77824,77741,77824,83
climbing,77834,77824,77834,10
walking,77838,77834,77838,4
sniffing,77917,77838,77917,79
walking,77919,77917,77919,2
sniffing,77920,77919,77920,1
walking,77984,77920,77984,64
trotting,78041,77984,78041,57
walking,78057,78041,78057,16
rising,78067,78057,78067,10
grooming,78251,78067,78251,184
sniffing,78340,78251,78340,89
left_turning,78375,78340,78375,35
sniffing,78578,78375,78578,203
rising,78583,78578,78583,5
walking,78648,78583,78648,65
rising,78699,78648,78699,51
climbing,78762,78699,78762,63
rearing,78842,78762,78842,80
climbing,78957,78842,78957,115
rearing,79011,78957,79011,54
sniffing,79093,79011,79093,82
grooming,79152,79093,79152,59
sniffing,79234,79152,79234,82
walking,79260,79234,79260,26
sniffing,79363,79260,79363,103
stepping,79444,79363,79444,81
sniffing,79499,79444,79499,55
left_turning,79519,79499,79519,20
sniffing,79584,79519,79584,65
rising,79654,79584,79654,70
walking,79681,79654,79681,27
right_turning,79765,79681,79765,84
walking,79792,79765,79792,27
sniffing,79874,79792,79874,82
left_turning,79899,79874,79899,25
stepping,79900,79899,79900,1
left_turning,79901,79900,79901,1
stepping,79945,79901,79945,44
rising,79953,79945,79953,8
walking,80012,79953,80012,59
sniffing,80091,80012,80091,79
pausing,80279,80091,80279,188
sniffing,80385,80279,80385,106
climbing,80432,80385,80432,47
rising,80453,80432,80453,21
climbing,80583,80453,80583,130
sniffing,80587,80583,80587,4
climbing,80744,80587,80744,157
sniffing,80826,80744,80826,82
climbing,80827,80826,80827,1
grooming,80828,80827,80828,1
sniffing,80829,80828,80829,1
rising,80833,80829,80833,4
climbing,80920,80833,80920,87
right_turning,80957,80920,80957,37
trotting,80983,80957,80983,26
sniffing,81033,80983,81033,50
rising,81076,81033,81076,43
sniffing,81108,81076,81108,32
grooming,81133,81108,81133,25
climbing,81245,81133,81245,112
stepping,81281,81245,81281,36
walking,81307,81281,81307,26
climbing,81439,81307,81439,132
rising,81447,81439,81447,8
climbing,81497,81447,81497,50
rearing,81504,81497,81504,7
running,81534,81504,81534,30
left_turning,81595,81534,81595,61
walking,81681,81595,81681,86
stepping,81760,81681,81760,79
left_turning,81826,81760,81826,66
sniffing,81827,81826,81827,1
pausing,82787,81827,82787,960
sniffing,82940,82787,82940,153
rising,82996,82940,82996,56
climbing,83018,82996,83018,22
right_turning,83019,83018,83019,1
sniffing,83150,83019,83150,131
climbing,83194,83150,83194,44
rearing,83282,83194,83282,88
walking,83328,83282,83328,46
climbing,83398,83328,83398,70
sniffing,83421,83398,83421,23
left_turning,83449,83421,83449,28
sniffing,83629,83449,83629,180
walking,83684,83629,83684,55
sniffing,83738,83684,83738,54
rising,83800,83738,83800,62
stepping,83824,83800,83824,24
walking,83856,83824,83856,32
climbing,83985,83856,83985,129
sniffing,84049,83985,84049,64
rising,84063,84049,84063,14
sniffing,84111,84063,84111,48
hunching,84215,84111,84215,104
sniffing,84383,84215,84383,168
climbing,84404,84383,84404,21
rising,84405,84404,84405,1
grooming,84406,84405,84406,1
sniffing,84407,84406,84407,1
walking,84408,84407,84408,1
sniffing,84542,84408,84542,134
hunching,84564,84542,84564,22
sniffing,84590,84564,84590,26
walking,84606,84590,84606,16
sniffing,84607,84606,84607,1
climbing,84720,84607,84720,113
rearing,84721,84720,84721,1
grooming,85103,84721,85103,382
climbing,85181,85103,85181,78
sniffing,85289,85181,85289,108
rearing,85325,85289,85325,36
left_turning,85385,85325,85385,60
walking,85461,85385,85461,76
running,85483,85461,85483,22
trotting,85535,85483,85535,52
walking,85576,85535,85576,41
left_turning,85644,85576,85644,68
rising,85656,85644,85656,12
rearing,85894,85656,85894,238
sniffing,85954,85894,85954,60
rising,86042,85954,86042,88
climbing,86066,86042,86066,24
sniffing,86101,86066,86101,35
running,86142,86101,86142,41
sniffing,86290,86142,86290,148
trotting,86291,86290,86291,1
stepping,86330,86291,86330,39
climbing,86607,86330,86607,277
sniffing,86657,86607,86657,50
hunching,86709,86657,86709,52
grooming,87059,86709,87059,350
sniffing,87120,87059,87120,61
left_turning,87156,87120,87156,36
sniffing,87170,87156,87170,14
left_turning,87202,87170,87202,32
stepping,87217,87202,87217,15
left_turning,87243,87217,87243,26
sniffing,87244,87243,87244,1
rearing,87272,87244,87272,28
walking,87310,87272,87310,38
sniffing,87337,87310,87337,27
walking,87404,87337,87404,67
sniffing,87610,87404,87610,206
rising,87611,87610,87611,1
trotting,87612,87611,87612,1
sniffing,87843,87612,87843,231
stepping,87881,87843,87881,38
left_turning,87923,87881,87923,42
walking,87962,87923,87962,39
stepping,87988,87962,87988,26
walking,87992,87988,87992,4
rearing,88048,87992,88048,56
hunching,88058,88048,88058,10
grooming,88059,88058,88059,1
rearing,88106,88059,88106,47
running,88137,88106,88137,31
rising,88191,88137,88191,54
sniffing,88283,88191,88283,92
rising,88331,88283,88331,48
hunching,88357,88331,88357,26
sniffing,88497,88357,88497,140
left_turning,88527,88497,88527,30
walking,88600,88527,88600,73
sniffing,88725,88600,88725,125
rising,88754,88725,88754,29
sniffing,88870,88754,88870,116
rising,88891,88870,88891,21
sniffing,88952,88891,88952,61
walking,89022,88952,89022,70
climbing,89092,89022,89092,70
running,89107,89092,89107,15
trotting,89145,89107,89145,38
sniffing,89226,89145,89226,81
grooming,89227,89226,89227,1
sniffing,89228,89227,89228,1
rearing,89345,89228,89345,117
rising,89346,89345,89346,1
rearing,89495,89346,89495,149
climbing,89514,89495,89514,19
rising,89515,89514,89515,1
sniffing,89683,89515,89683,168
rising,89731,89683,89731,48
grooming,89732,89731,89732,1
hunching,89763,89732,89763,31
climbing,89864,89763,89864,101
sniffing,89899,89864,89899,35
hunching,89976,89899,89976,77
climbing,89994,89976,89994,18
rearing,90006,89994,90006,12
climbing,90112,90006,90112,106
grooming,90168,90112,90168,56
hunching,90169,90168,90169,1
climbing,90170,90169,90170,1
walking,90220,90170,90220,50
rising,90221,90220,90221,1
climbing,90222,90221,90222,1
rearing,90290,90222,90290,68
sniffing,90451,90290,90451,161
left_turning,90480,90451,90480,29
walking,90516,90480,90516,36
sniffing,90517,90516,90517,1
rearing,90612,90517,90612,95
walking,90673,90612,90673,61
climbing,90718,90673,90718,45
grooming,90816,90718,90816,98
sniffing,90991,90816,90991,175
trotting,91053,90991,91053,62
walking,91086,91053,91086,33
sniffing,91227,91086,91227,141
rising,91256,91227,91256,29
sniffing,91257,91256,91257,1
rising,91258,91257,91258,1
sniffing,91271,91258,91271,13
right_turning,91329,91271,91329,58
walking,91379,91329,91379,50
climbing,91486,91379,91486,107
rearing,91535,91486,91535,49
grooming,91580,91535,91580,45
rearing,91680,91580,91680,100
rising,91697,91680,91697,17
walking,91733,91697,91733,36
rearing,91786,91733,91786,53
sniffing,91787,91786,91787,1
right_turning,91803,91787,91803,16
rearing,91885,91803,91885,82
rising,92020,91885,92020,135
climbing,92054,92020,92054,34
sniffing,92100,92054,92100,46
climbing,92197,92100,92197,97
sniffing,92198,92197,92198,1
stepping,92265,92198,92265,67
walking,92309,92265,92309,44
stepping,92367,92309,92367,58
rising,92368,92367,92368,1
sniffing,92532,92368,92532,164
walking,92533,92532,92533,1
sniffing,92534,92533,92534,1
climbing,92628,92534,92628,94
sniffing,92690,92628,92690,62
grooming,92826,92690,92826,136
sniffing,92928,92826,92928,102
walking,92958,92928,92958,30
sniffing,93041,92958,93041,83
walking,93065,93041,93065,24
stepping,93069,93065,93069,4
sniffing,93144,93069,93144,75
stepping,93192,93144,93192,48
walking,93193,93192,93193,1
left_turning,93248,93193,93248,55
sniffing,93411,93248,93411,163
walking,93478,93411,93478,67
sniffing,93645,93478,93645,167
trotting,93698,93645,93698,53
walking,93762,93698,93762,64
sniffing,93891,93762,93891,129
rising,93912,93891,93912,21
climbing,93923,93912,93923,11
sniffing,93970,93923,93970,47
trotting,93984,93970,93984,14
grooming,94016,93984,94016,32
sniffing,94085,94016,94085,69
walking,94141,94085,94141,56
climbing,94220,94141,94220,79
walking,94281,94220,94281,61
rising,94293,94281,94293,12
left_turning,94312,94293,94312,19
trotting,94366,94312,94366,54
rising,94472,94366,94472,106
climbing,94522,94472,94522,50
running,94532,94522,94532,10
walking,94586,94532,94586,54
climbing,94622,94586,94622,36
sniffing,94671,94622,94671,49
rising,94711,94671,94711,40
climbing,94717,94711,94717,6
grooming,94749,94717,94749,32
rising,94981,94749,94981,232
right_turning,95006,94981,95006,25
walking,95041,95006,95041,35
stepping,95080,95041,95080,39
climbing,95152,95080,95152,72
rising,95188,95152,95188,36
rearing,95307,95188,95307,119
stepping,95319,95307,95319,12
sniffing,95458,95319,95458,139
walking,95514,95458,95514,56
rising,95571,95514,95571,57
sniffing,95576,95571,95576,5
rising,95615,95576,95615,39
climbing,95616,95615,95616,1
right_turning,95641,95616,95641,25
running,95667,95641,95667,26
trotting,95693,95667,95693,26
walking,95699,95693,95699,6
sniffing,95927,95699,95927,228
right_turning,95928,95927,95928,1
sniffing,96081,95928,96081,153
left_turning,96119,96081,96119,38
sniffing,96120,96119,96120,1
rearing,96121,96120,96121,1
rising,96192,96121,96192,71
climbing,96232,96192,96232,40
right_turning,96279,96232,96279,47
walking,96280,96279,96280,1
left_turning,96302,96280,96302,22
walking,96346,96302,96346,44
rearing,96473,96346,96473,127
sniffing,96664,96473,96664,191
walking,96665,96664,96665,1
sniffing,96682,96665,96682,17
rising,96735,96682,96735,53
climbing,96806,96735,96806,71
left_turning,96816,96806,96816,10
walking,96845,96816,96845,29
left_turning,96899,96845,96899,54
sniffing,96965,96899,96965,66
rearing,97038,96965,97038,73
rising,97061,97038,97061,23
sniffing,97146,97061,97146,85
rising,97226,97146,97226,80
climbing,97299,97226,97299,73
sniffing,97431,97299,97431,132
climbing,97483,97431,97483,52
hunching,97515,97483,97515,32
walking,97577,97515,97577,62
left_turning,97602,97577,97602,25
walking,97640,97602,97640,38
climbing,97714,97640,97714,74
rising,97909,97714,97909,195
climbing,97972,97909,97972,63
left_turning,98017,97972,98017,45
climbing,98087,98017,98087,70
rearing,98098,98087,98098,11
sniffing,98099,98098,98099,1
climbing,98100,98099,98100,1
rearing,98171,98100,98171,71
rising,98209,98171,98209,38
climbing,98237,98209,98237,28
walking,98335,98237,98335,98
sniffing,98336,98335,98336,1
grooming,98337,98336,98337,1
rearing,98338,98337,98338,1
walking,98428,98338,98428,90
left_turning,98490,98428,98490,62
walking,98573,98490,98573,83
sniffing,98722,98573,98722,149
rearing,98723,98722,98723,1
grooming,99088,98723,99088,365
climbing,99224,99088,99224,136
walking,99225,99224,99225,1
left_turning,99265,99225,99265,40
walking,99315,99265,99315,50
sniffing,99353,99315,99353,38
walking,99451,99353,99451,98
sniffing,99452,99451,99452,1
grooming,99589,99452,99589,137
climbing,99682,99589,99682,93
sniffing,99694,99682,99694,12
climbing,99736,99694,99736,42
hunching,99774,99736,99774,38
rising,99775,99774,99775,1
climbing,99779,99775,99779,4
rearing,99828,99779,99828,49
rising,99872,99828,99872,44
sniffing,99992,99872,99992,120
grooming,100019,99992,100019,27
climbing,100074,100019,100074,55
hunching,100094,100074,100094,20
rising,100095,100094,100095,1
climbing,100096,100095,100096,1
right_turning,100137,100096,100137,41
trotting,100188,100137,100188,51
sniffing,100365,100188,100365,177
rising,100424,100365,100424,59
sniffing,100535,100424,100535,111
pausing,101151,100535,101151,616
sniffing,101213,101151,101213,62
left_turning,101233,101213,101233,20
walking,101289,101233,101289,56
sniffing,101721,101289,101721,432
rising,101773,101721,101773,52
sniffing,101886,101773,101886,113
walking,101913,101886,101913,27
sniffing,101914,101913,101914,1
rising,102150,101914,102150,236
sniffing,102301,102150,102301,151
rearing,102302,102301,102302,1
grooming,102303,102302,102303,1
rearing,102409,102303,102409,106
rising,102486,102409,102486,77
climbing,102597,102486,102597,111
rearing,102640,102597,102640,43
sniffing,102673,102640,102673,33
left_turning,102721,102673,102721,48
sniffing,102852,102721,102852,131
rising,102903,102852,102903,51
rearing,102974,102903,102974,71
sniffing,103080,102974,103080,106
walking,103104,103080,103104,24
climbing,103204,103104,103204,100
walking,103250,103204,103250,46
rising,103251,103250,103251,1
climbing,103256,103251,103256,5
walking,103310,103256,103310,54
sniffing,103418,103310,103418,108
left_turning,103448,103418,103448,30
walking,103489,103448,103489,41
sniffing,103558,103489,103558,69
climbing,103559,103558,103559,1
walking,103588,103559,103588,29
left_turning,103598,103588,103598,10
sniffing,103599,103598,103599,1
left_turning,103610,103599,103610,11
sniffing,103691,103610,103691,81
climbing,103770,103691,103770,79
sniffing,103771,103770,103771,1
hunching,103831,103771,103831,60
climbing,104006,103831,104006,175
hunching,104018,104006,104018,12
sniffing,104051,104018,104051,33
stepping,104144,104051,104144,93
climbing,104212,104144,104212,68
rearing,104235,104212,104235,23
grooming,104236,104235,104236,1
left_turning,104250,104236,104250,14
trotting,104251,104250,104251,1
walking,104296,104251,104296,45
sniffing,104312,104296,104312,16
climbing,104316,104312,104316,4
right_turning,104362,104316,104362,46
sniffing,104363,104362,104363,1
climbing,104364,104363,104364,1
rearing,104524,104364,104524,160
rising,104576,104524,104576,52
sniffing,104577,104576,104577,1
stepping,104666,104577,104666,89
climbing,104667,104666,104667,1
right_turning,104668,104667,104668,1
walking,104699,104668,104699,31
sniffing,104747,104699,104747,48
hunching,104748,104747,104748,1
grooming,104749,104748,104749,1
sniffing,104772,104749,104772,23
walking,104808,104772,104808,36
climbing,104809,104808,104809,1
rising,104906,104809,104906,97
sniffing,104922,104906,104922,16
grooming,104923,104922,104923,1
right_turning,104980,104923,104980,57
walking,104981,104980,104981,1
climbing,104982,104981,104982,1
grooming,105191,104982,105191,209
trotting,105265,105191,105265,74
rising,105396,105265,105396,131
grooming,105495,105396,105495,99
rearing,105506,105495,105506,11
sniffing,105876,105506,105876,370
stepping,105897,105876,105897,21
sniffing,105989,105897,105989,92
climbing,106057,105989,106057,68
grooming,106975,106057,106975,918
rising,107041,106975,107041,66
climbing,107048,107041,107048,7
sniffing,107131,107048,107131,83
pausing,107493,107131,107493,362
sniffing,107494,107493,107494,1
rising,107571,107494,107571,77
climbing,107662,107571,107662,91
sniffing,107743,107662,107743,81
rearing,107773,107743,107773,30
climbing,108000,107773,108000,227
