revised_movement_label,segBoundary,segBoundary_start,segBoundary_end,length
sniffing,52,0,52,52
rising,64,52,64,12
sniffing,65,64,65,1
walking,66,65,66,1
sniffing,123,66,123,57
walking,181,123,181,58
sniffing,182,181,182,1
climbing,185,182,185,3
right_turning,212,185,212,27
rising,213,212,213,1
sniffing,326,213,326,113
hunching,372,326,372,46
sniffing,446,372,446,74
rising,461,446,461,15
climbing,497,461,497,36
walking,511,497,511,14
sniffing,528,511,528,17
rearing,529,528,529,1
climbing,562,529,562,33
rising,563,562,563,1
climbing,594,563,594,31
rising,602,594,602,8
left_turning,661,602,661,59
sniffing,701,661,701,40
rising,716,701,716,15
climbing,803,716,803,87
left_turning,815,803,815,12
trotting,835,815,835,20
rising,885,835,885,50
climbing,983,885,983,98
left_turning,998,983,998,15
sniffing,1044,998,1044,46
left_turning,1045,1044,1045,1
sniffing,1046,1045,1046,1
left_turning,1080,1046,1080,34
rising,1086,1080,1086,6
walking,1150,1086,1150,64
sniffing,1269,1150,1269,119
left_turning,1330,1269,1330,61
rising,1339,1330,1339,9
left_turning,1374,1339,1374,35
walking,1554,1374,1554,180
trotting,1613,1554,1613,59
rising,1623,1613,1623,10
walking,1644,1623,1644,21
left_turning,1681,1644,1681,37
climbing,1709,1681,1709,28
walking,1762,1709,1762,53
rising,1770,1762,1770,8
climbing,1795,1770,1795,25
right_turning,1803,1795,1803,8
grooming,1804,1803,1804,1
sniffing,2025,1804,2025,221
climbing,2080,2025,2080,55
walking,2130,2080,2130,50
rising,2186,2130,2186,56
climbing,2232,2186,2232,46
sniffing,2244,2232,2244,12
climbing,2245,2244,2245,1
rearing,2246,2245,2246,1
rising,2263,2246,2263,17
rearing,2264,2263,2264,1
rising,2265,2264,2265,1
climbing,2338,2265,2338,73
walking,2399,2338,2399,61
left_turning,2400,2399,2400,1
sniffing,2417,2400,2417,17
left_turning,2445,2417,2445,28
sniffing,2462,2445,2462,17
right_turning,2472,2462,2472,10
walking,2518,2472,2518,46
sniffing,2582,2518,2582,64
walking,2705,2582,2705,123
sniffing,2706,2705,2706,1
walking,2739,2706,2739,33
rising,2758,2739,2758,19
walking,2759,2758,2759,1
rising,2828,2759,2828,69
sniffing,2880,2828,2880,52
walking,2954,2880,2954,74
left_turning,2995,2954,2995,41
walking,3082,2995,3082,87
left_turning,3112,3082,3112,30
walking,3170,3112,3170,58
left_turning,3200,3170,3200,30
sniffing,3201,3200,3201,1
walking,3271,3201,3271,70
climbing,3322,3271,3322,51
walking,3379,3322,3379,57
sniffing,3452,3379,3452,73
pausing,3870,3452,3870,418
sniffing,3913,3870,3913,43
walking,3979,3913,3979,66
trotting,4079,3979,4079,100
grooming,4095,4079,4095,16
rising,4096,4095,4096,1
walking,4148,4096,4148,52
trotting,4162,4148,4162,14
rising,4179,4162,4179,17
climbing,4180,4179,4180,1
sniffing,4221,4180,4221,41
walking,4272,4221,4272,51
climbing,4293,4272,4293,21
walking,4370,4293,4370,77
sniffing,4371,4370,4371,1
climbing,4420,4371,4420,49
sniffing,4433,4420,4433,13
rising,4445,4433,4445,12
trotting,4466,4445,4466,21
stepping,4486,4466,4486,20
climbing,4546,4486,4546,60
walking,4691,4546,4691,145
sniffing,4725,4691,4725,34
walking,4760,4725,4760,35
sniffing,4774,4760,4774,14
trotting,4825,4774,4825,51
sniffing,4853,4825,4853,28
rising,4862,4853,4862,9
sniffing,4863,4862,4863,1
walking,4886,4863,4886,23
running,4918,4886,4918,32
walking,4945,4918,4945,27
left_turning,4991,4945,4991,46
sniffing,5056,4991,5056,65
left_turning,5118,5056,5118,62
climbing,5153,5118,5153,35
trotting,5170,5153,5170,17
sniffing,5233,5170,5233,63
running,5246,5233,5246,13
sniffing,5340,5246,5340,94
walking,5407,5340,5407,67
sniffing,5420,5407,5420,13
walking,5473,5420,5473,53
sniffing,5496,5473,5496,23
left_turning,5497,5496,5497,1
sniffing,5529,5497,5529,32
stepping,5591,5529,5591,62
rising,5605,5591,5605,14
sniffing,5643,5605,5643,38
rising,5695,5643,5695,52
climbing,5740,5695,5740,45
sniffing,5839,5740,5839,99
walking,5896,5839,5896,57
sniffing,5897,5896,5897,1
climbing,5926,5897,5926,29
left_turning,5987,5926,5987,61
walking,6019,5987,6019,32
sniffing,6109,6019,6109,90
climbing,6168,6109,6168,59
right_turning,6198,6168,6198,30
walking,6218,6198,6218,20
sniffing,6219,6218,6219,1
grooming,6224,6219,6224,5
climbing,6275,6224,6275,51
sniffing,6314,6275,6314,39
climbing,6347,6314,6347,33
rearing,6427,6347,6427,80
sniffing,6571,6427,6571,144
left_turning,6674,6571,6674,103
grooming,6675,6674,6675,1
left_turning,6697,6675,6697,22
walking,6803,6697,6803,106
rising,6804,6803,6804,1
climbing,6847,6804,6847,43
sniffing,6858,6847,6858,11
climbing,6892,6858,6892,34
trotting,6942,6892,6942,50
walking,6971,6942,6971,29
climbing,7026,6971,7026,55
rising,7032,7026,7032,6
climbing,7100,7032,7100,68
walking,7136,7100,7136,36
left_turning,7217,7136,7217,81
sniffing,7283,7217,7283,66
trotting,7284,7283,7284,1
stepping,7375,7284,7375,91
climbing,7406,7375,7406,31
hunching,7425,7406,7425,19
right_turning,7475,7425,7475,50
walking,7492,7475,7492,17
sniffing,7518,7492,7518,26
walking,7562,7518,7562,44
sniffing,7621,7562,7621,59
right_turning,7659,7621,7659,38
running,7685,7659,7685,26
walking,7707,7685,7707,22
sniffing,7754,7707,7754,47
trotting,7787,7754,7787,33
rising,7829,7787,7829,42
right_turning,7836,7829,7836,7
walking,7909,7836,7909,73
rising,7951,7909,7951,42
climbing,7986,7951,7986,35
rearing,8001,7986,8001,15
walking,8007,8001,8007,6
left_turning,8056,8007,8056,49
walking,8089,8056,8089,33
sniffing,8157,8089,8157,68
climbing,8217,8157,8217,60
sniffing,8227,8217,8227,10
grooming,8306,8227,8306,79
sniffing,8382,8306,8382,76
climbing,8412,8382,8412,30
sniffing,8453,8412,8453,41
rising,8454,8453,8454,1
left_turning,8509,8454,8509,55
climbing,8534,8509,8534,25
rising,8535,8534,8535,1
walking,8564,8535,8564,29
rising,8565,8564,8565,1
sniffing,8697,8565,8697,132
rising,8778,8697,8778,81
hunching,8792,8778,8792,14
sniffing,8821,8792,8821,29
left_turning,8873,8821,8873,52
trotting,8874,8873,8874,1
walking,8962,8874,8962,88
sniffing,9010,8962,9010,48
right_turning,9053,9010,9053,43
running,9078,9053,9078,25
sniffing,9180,9078,9180,102
walking,9181,9180,9181,1
sniffing,9222,9181,9222,41
left_turning,9324,9222,9324,102
sniffing,9325,9324,9325,1
stepping,9354,9325,9354,29
walking,9454,9354,9454,100
sniffing,9463,9454,9463,9
left_turning,9512,9463,9512,49
walking,9561,9512,9561,49
sniffing,9562,9561,9562,1
walking,9576,9562,9576,14
left_turning,9638,9576,9638,62
sniffing,9666,9638,9666,28
rising,9725,9666,9725,59
sniffing,9782,9725,9782,57
walking,9849,9782,9849,67
climbing,9956,9849,9956,107
sniffing,9993,9956,9993,37
rising,10015,9993,10015,22
sniffing,10113,10015,10113,98
stepping,10172,10113,10172,59
walking,10291,10172,10291,119
rising,10308,10291,10308,17
rearing,10354,10308,10354,46
rising,10355,10354,10355,1
sniffing,10439,10355,10439,84
trotting,10489,10439,10489,50
rising,10515,10489,10515,26
climbing,10568,10515,10568,53
walking,10569,10568,10569,1
sniffing,10585,10569,10585,16
walking,10617,10585,10617,32
climbing,10708,10617,10708,91
sniffing,10823,10708,10823,115
trotting,10859,10823,10859,36
rearing,10860,10859,10860,1
sniffing,10884,10860,10884,24
right_turning,10899,10884,10899,15
walking,10919,10899,10919,20
climbing,11006,10919,11006,87
sniffing,11075,11006,11075,69
walking,11080,11075,11080,5
sniffing,11081,11080,11081,1
walking,11109,11081,11109,28
rising,11129,11109,11129,20
hunching,11145,11129,11145,16
rearing,11217,11145,11217,72
walking,11265,11217,11265,48
stepping,11316,11265,11316,51
left_turning,11317,11316,11317,1
walking,11357,11317,11357,40
climbing,11416,11357,11416,59
rising,11465,11416,11465,49
left_turning,11518,11465,11518,53
running,11539,11518,11539,21
sniffing,11540,11539,11540,1
climbing,11588,11540,11588,48
left_turning,11613,11588,11613,25
stepping,11620,11613,11620,7
sniffing,11767,11620,11767,147
rising,11823,11767,11823,56
walking,11877,11823,11877,54
sniffing,11878,11877,11878,1
rising,11905,11878,11905,27
left_turning,11906,11905,11906,1
sniffing,12103,11906,12103,197
left_turning,12162,12103,12162,59
trotting,12259,12162,12259,97
walking,12260,12259,12260,1
sniffing,12261,12260,12261,1
stepping,12288,12261,12288,27
rising,12333,12288,12333,45
climbing,12336,12333,12336,3
rearing,12337,12336,12337,1
climbing,12479,12337,12479,142
rising,12508,12479,12508,29
stepping,12570,12508,12570,62
running,12583,12570,12583,13
walking,12609,12583,12609,26
sniffing,12664,12609,12664,55
rising,12733,12664,12733,69
sniffing,12734,12733,12734,1
stepping,12783,12734,12783,49
climbing,12833,12783,12833,50
sniffing,13005,12833,13005,172
trotting,13033,13005,13033,28
stepping,13076,13033,13076,43
left_turning,13084,13076,13084,8
walking,13102,13084,13102,18
climbing,13171,13102,13171,69
sniffing,13172,13171,13172,1
climbing,13254,13172,13254,82
left_turning,13301,13254,13301,47
walking,13364,13301,13364,63
sniffing,13385,13364,13385,21
walking,13424,13385,13424,39
rising,13459,13424,13459,35
climbing,13499,13459,13499,40
sniffing,13500,13499,13500,1
hunching,13549,13500,13549,49
climbing,13620,13549,13620,71
walking,13635,13620,13635,15
sniffing,13640,13635,13640,5
left_turning,13671,13640,13671,31
sniffing,13695,13671,13695,24
walking,13767,13695,13767,72
rising,13854,13767,13854,87
trotting,13884,13854,13884,30
walking,13885,13884,13885,1
stepping,13886,13885,13886,1
rising,13916,13886,13916,30
climbing,13963,13916,13963,47
walking,13986,13963,13986,23
sniffing,14020,13986,14020,34
stepping,14027,14020,14027,7
sniffing,14052,14027,14052,25
left_turning,14077,14052,14077,25
sniffing,14087,14077,14087,10
right_turning,14106,14087,14106,19
sniffing,14173,14106,14173,67
walking,14245,14173,14245,72
climbing,14360,14245,14360,115
sniffing,14517,14360,14517,157
left_turning,14518,14517,14518,1
sniffing,14601,14518,14601,83
trotting,14636,14601,14636,35
stepping,14662,14636,14662,26
sniffing,14684,14662,14684,22
right_turning,14754,14684,14754,70
stepping,14782,14754,14782,28
sniffing,14783,14782,14783,1
climbing,14866,14783,14866,83
sniffing,14869,14866,14869,3
rearing,14892,14869,14892,23
sniffing,14944,14892,14944,52
rising,14945,14944,14945,1
stepping,14963,14945,14963,18
rising,15043,14963,15043,80
climbing,15069,15043,15069,26
left_turning,15103,15069,15103,34
sniffing,15164,15103,15164,61
left_turning,15173,15164,15173,9
stepping,15224,15173,15224,51
walking,15291,15224,15291,67
rising,15335,15291,15335,44
sniffing,15368,15335,15368,33
rising,15403,15368,15403,35
rearing,15404,15403,15404,1
rising,15408,15404,15408,4
climbing,15437,15408,15437,29
rising,15455,15437,15455,18
rearing,15456,15455,15456,1
climbing,15457,15456,15457,1
right_turning,15496,15457,15496,39
sniffing,15497,15496,15497,1
left_turning,15517,15497,15517,20
running,15536,15517,15536,19
walking,15570,15536,15570,34
sniffing,15571,15570,15571,1
walking,15602,15571,15602,31
climbing,15722,15602,15722,120
sniffing,15770,15722,15770,48
stepping,15844,15770,15844,74
trotting,15894,15844,15894,50
climbing,15959,15894,15959,65
walking,16051,15959,16051,92
rising,16052,16051,16052,1
right_turning,16111,16052,16111,59
walking,16171,16111,16171,60
climbing,16263,16171,16263,92
rearing,16313,16263,16313,50
walking,16333,16313,16333,20
sniffing,16334,16333,16334,1
walking,16391,16334,16391,57
sniffing,16393,16391,16393,2
left_turning,16394,16393,16394,1
walking,16438,16394,16438,44
rising,16501,16438,16501,63
rearing,16524,16501,16524,23
sniffing,16694,16524,16694,170
rising,16695,16694,16695,1
running,16746,16695,16746,51
rising,16772,16746,16772,26
sniffing,16864,16772,16864,92
climbing,16884,16864,16884,20
stepping,16918,16884,16918,34
hunching,16948,16918,16948,30
left_turning,16984,16948,16984,36
walking,17051,16984,17051,67
sniffing,17127,17051,17127,76
walking,17159,17127,17159,32
sniffing,17371,17159,17371,212
rising,17411,17371,17411,40
rearing,17475,17411,17475,64
grooming,17650,17475,17650,175
hunching,17682,17650,17682,32
rearing,17745,17682,17745,63
trotting,17800,17745,17800,55
right_turning,17828,17800,17828,28
sniffing,17894,17828,17894,66
left_turning,17943,17894,17943,49
stepping,18026,17943,18026,83
sniffing,18083,18026,18083,57
rising,18133,18083,18133,50
walking,18227,18133,18227,94
rising,18228,18227,18228,1
sniffing,18257,18228,18257,29
climbing,18281,18257,18281,24
sniffing,18328,18281,18328,47
grooming,18380,18328,18380,52
pausing,18696,18380,18696,316
sniffing,18824,18696,18824,128
rising,18825,18824,18825,1
hunching,18831,18825,18831,6
rising,18855,18831,18855,24
climbing,18857,18855,18857,2
grooming,18991,18857,18991,134
sniffing,19058,18991,19058,67
walking,19111,19058,19111,53
sniffing,19145,19111,19145,34
rearing,19149,19145,19149,4
hunching,19206,19149,19206,57
rising,19281,19206,19281,75
sniffing,19309,19281,19309,28
rising,19310,19309,19310,1
sniffing,19319,19310,19319,9
left_turning,19375,19319,19375,56
walking,19452,19375,19452,77
grooming,19474,19452,19474,22
sniffing,19629,19474,19629,155
rising,19697,19629,19697,68
climbing,19766,19697,19766,69
walking,19807,19766,19807,41
climbing,19903,19807,19903,96
rising,19966,19903,19966,63
climbing,19967,19966,19967,1
left_turning,20059,19967,20059,92
walking,20076,20059,20076,17
stepping,20124,20076,20124,48
sniffing,20163,20124,20163,39
rising,20164,20163,20164,1
grooming,20508,20164,20508,344
sniffing,20640,20508,20640,132
left_turning,20666,20640,20666,26
sniffing,20700,20666,20700,34
walking,20718,20700,20718,18
sniffing,20738,20718,20738,20
right_turning,20769,20738,20769,31
walking,20786,20769,20786,17
sniffing,20787,20786,20787,1
climbing,20801,20787,20801,14
right_turning,20870,20801,20870,69
stepping,20959,20870,20959,89
walking,20983,20959,20983,24
climbing,21082,20983,21082,99
rising,21100,21082,21100,18
sniffing,21172,21100,21172,72
walking,21173,21172,21173,1
rearing,21212,21173,21212,39
sniffing,21507,21212,21507,295
right_turning,21508,21507,21508,1
sniffing,21588,21508,21588,80
right_turning,21610,21588,21610,22
walking,21674,21610,21674,64
rising,21720,21674,21720,46
sniffing,21721,21720,21721,1
rising,21729,21721,21729,8
climbing,21732,21729,21732,3
walking,21733,21732,21733,1
rising,21748,21733,21748,15
sniffing,21794,21748,21794,46
hunching,21824,21794,21824,30
rising,21825,21824,21825,1
left_turning,21867,21825,21867,42
sniffing,21977,21867,21977,110
rising,22033,21977,22033,56
sniffing,22117,22033,22117,84
left_turning,22196,22117,22196,79
trotting,22257,22196,22257,61
right_turning,22279,22257,22279,22
climbing,22347,22279,22347,68
running,22382,22347,22382,35
sniffing,22408,22382,22408,26
climbing,22443,22408,22443,35
hunching,22451,22443,22451,8
rising,22476,22451,22476,25
sniffing,22537,22476,22537,61
left_turning,22584,22537,22584,47
walking,22654,22584,22654,70
rearing,22655,22654,22655,1
sniffing,22802,22655,22802,147
climbing,22840,22802,22840,38
trotting,22867,22840,22867,27
left_turning,22922,22867,22922,55
walking,22981,22922,22981,59
sniffing,22982,22981,22982,1
climbing,23007,22982,23007,25
walking,23150,23007,23150,143
climbing,23210,23150,23210,60
rising,23312,23210,23312,102
rearing,23413,23312,23413,101
sniffing,23536,23413,23536,123
left_turning,23578,23536,23578,42
sniffing,23716,23578,23716,138
climbing,23798,23716,23798,82
sniffing,23840,23798,23840,42
walking,23989,23840,23989,149
left_turning,24068,23989,24068,79
sniffing,24130,24068,24130,62
climbing,24151,24130,24151,21
rearing,24217,24151,24217,66
grooming,24218,24217,24218,1
sniffing,24256,24218,24256,38
climbing,24323,24256,24323,67
sniffing,24355,24323,24355,32
right_turning,24400,24355,24400,45
climbing,24496,24400,24496,96
rearing,24553,24496,24553,57
sniffing,24585,24553,24585,32
rising,24586,24585,24586,1
hunching,24644,24586,24644,58
rising,24674,24644,24674,30
climbing,24757,24674,24757,83
right_turning,24758,24757,24758,1
rising,24759,24758,24759,1
sniffing,24829,24759,24829,70
rising,24886,24829,24886,57
climbing,24981,24886,24981,95
sniffing,24995,24981,24995,14
left_turning,25008,24995,25008,13
sniffing,25009,25008,25009,1
rearing,25099,25009,25099,90
sniffing,25100,25099,25100,1
trotting,25128,25100,25128,28
sniffing,25159,25128,25159,31
walking,25194,25159,25194,35
sniffing,25523,25194,25523,329
right_turning,25545,25523,25545,22
trotting,25628,25545,25628,83
sniffing,25749,25628,25749,121
climbing,25846,25749,25846,97
trotting,25890,25846,25890,44
sniffing,26015,25890,26015,125
climbing,26117,26015,26117,102
rearing,26205,26117,26205,88
sniffing,26276,26205,26276,71
walking,26302,26276,26302,26
climbing,26314,26302,26314,12
rising,26330,26314,26330,16
sniffing,26426,26330,26426,96
rising,26477,26426,26477,51
climbing,26522,26477,26522,45
rising,26617,26522,26617,95
stepping,26638,26617,26638,21
sniffing,26710,26638,26710,72
walking,26758,26710,26758,48
climbing,26816,26758,26816,58
rising,26835,26816,26835,19
climbing,26911,26835,26911,76
sniffing,26932,26911,26932,21
rearing,26941,26932,26941,9
sniffing,26966,26941,26966,25
climbing,26977,26966,26977,11
sniffing,27141,26977,27141,164
right_turning,27142,27141,27142,1
running,27145,27142,27145,3
walking,27203,27145,27203,58
right_turning,27231,27203,27231,28
trotting,27249,27231,27249,18
walking,27285,27249,27285,36
climbing,27346,27285,27346,61
running,27383,27346,27383,37
walking,27410,27383,27410,27
sniffing,27411,27410,27411,1
right_turning,27437,27411,27437,26
walking,27481,27437,27481,44
sniffing,27594,27481,27594,113
left_turning,27638,27594,27638,44
sniffing,27753,27638,27753,115
rearing,27755,27753,27755,2
hunching,27825,27755,27825,70
climbing,27885,27825,27885,60
sniffing,27945,27885,27945,60
walking,27991,27945,27991,46
climbing,28000,27991,28000,9
rising,28043,28000,28043,43
sniffing,28085,28043,28085,42
rearing,28086,28085,28086,1
sniffing,28152,28086,28152,66
grooming,28305,28152,28305,153
rearing,28342,28305,28342,37
sniffing,28728,28342,28728,386
rearing,28761,28728,28761,33
climbing,28831,28761,28831,70
hunching,28832,28831,28832,1
climbing,28916,28832,28916,84
rising,28938,28916,28938,22
sniffing,29062,28938,29062,124
climbing,29070,29062,29070,8
sniffing,29147,29070,29147,77
left_turning,29187,29147,29187,40
walking,29193,29187,29193,6
left_turning,29224,29193,29224,31
sniffing,29240,29224,29240,16
stepping,29283,29240,29283,43
left_turning,29332,29283,29332,49
rising,29333,29332,29333,1
grooming,29450,29333,29450,117
sniffing,29501,29450,29501,51
walking,29575,29501,29575,74
rearing,29663,29575,29663,88
walking,29664,29663,29664,1
running,29670,29664,29670,6
walking,29748,29670,29748,78
left_turning,29751,29748,29751,3
trotting,29814,29751,29814,63
sniffing,29882,29814,29882,68
walking,29883,29882,29883,1
grooming,30042,29883,30042,159
rearing,30093,30042,30093,51
grooming,30128,30093,30128,35
left_turning,30152,30128,30152,24
rising,30220,30152,30220,68
climbing,30246,30220,30246,26
rising,30250,30246,30250,4
rearing,30327,30250,30327,77
rising,30370,30327,30370,43
sniffing,30432,30370,30432,62
rearing,30490,30432,30490,58
stepping,30518,30490,30518,28
sniffing,30519,30518,30519,1
rising,30522,30519,30522,3
climbing,30566,30522,30566,44
right_turning,30567,30566,30567,1
sniffing,30574,30567,30574,7
rearing,30617,30574,30617,43
trotting,30618,30617,30618,1
walking,30660,30618,30660,42
rising,30661,30660,30661,1
climbing,30771,30661,30771,110
walking,30777,30771,30777,6
sniffing,30815,30777,30815,38
walking,30909,30815,30909,94
sniffing,30910,30909,30910,1
walking,30919,30910,30919,9
sniffing,30920,30919,30920,1
stepping,30961,30920,30961,41
sniffing,31027,30961,31027,66
rising,31088,31027,31088,61
right_turning,31089,31088,31089,1
sniffing,31335,31089,31335,246
climbing,31385,31335,31385,50
sniffing,31393,31385,31393,8
left_turning,31436,31393,31436,43
sniffing,31498,31436,31498,62
rising,31540,31498,31540,42
walking,31591,31540,31591,51
stepping,31645,31591,31645,54
sniffing,31646,31645,31646,1
hunching,31676,31646,31676,30
climbing,31708,31676,31708,32
walking,31722,31708,31722,14
sniffing,31764,31722,31764,42
left_turning,31811,31764,31811,47
sniffing,31892,31811,31892,81
walking,31916,31892,31916,24
trotting,31950,31916,31950,34
hunching,32017,31950,32017,67
right_turning,32020,32017,32020,3
trotting,32071,32020,32071,51
walking,32103,32071,32103,32
climbing,32155,32103,32155,52
rising,32156,32155,32156,1
running,32163,32156,32163,7
stepping,32181,32163,32181,18
walking,32233,32181,32233,52
sniffing,32291,32233,32291,58
walking,32411,32291,32411,120
stepping,32462,32411,32462,51
rising,32496,32462,32496,34
climbing,32527,32496,32527,31
hunching,32551,32527,32551,24
sniffing,32552,32551,32552,1
climbing,32594,32552,32594,42
rising,32658,32594,32658,64
climbing,32722,32658,32722,64
sniffing,32879,32722,32879,157
climbing,32913,32879,32913,34
grooming,32914,32913,32914,1
rearing,32915,32914,32915,1
sniffing,33007,32915,33007,92
rising,33016,33007,33016,9
climbing,33017,33016,33017,1
rising,33063,33017,33063,46
climbing,33088,33063,33088,25
running,33095,33088,33095,7
sniffing,33159,33095,33159,64
trotting,33185,33159,33185,26
sniffing,33273,33185,33273,88
rearing,33318,33273,33318,45
climbing,33369,33318,33369,51
sniffing,33370,33369,33370,1
climbing,33404,33370,33404,34
sniffing,33444,33404,33444,40
rising,33463,33444,33463,19
rearing,33580,33463,33580,117
left_turning,33607,33580,33607,27
sniffing,33644,33607,33644,37
rearing,33693,33644,33693,49
walking,33762,33693,33762,69
sniffing,33832,33762,33832,70
trotting,33858,33832,33858,26
sniffing,34021,33858,34021,163
walking,34076,34021,34076,55
sniffing,34077,34076,34077,1
trotting,34113,34077,34113,36
rising,34114,34113,34114,1
sniffing,34235,34114,34235,121
climbing,34258,34235,34258,23
left_turning,34300,34258,34300,42
sniffing,34301,34300,34301,1
left_turning,34332,34301,34332,31
trotting,34362,34332,34362,30
sniffing,34511,34362,34511,149
left_turning,34547,34511,34547,36
walking,34550,34547,34550,3
sniffing,34581,34550,34581,31
rising,34605,34581,34605,24
climbing,34828,34605,34828,223
sniffing,34840,34828,34840,12
climbing,34843,34840,34843,3
rearing,34882,34843,34882,39
climbing,34941,34882,34941,59
grooming,35012,34941,35012,71
walking,35075,35012,35075,63
stepping,35106,35075,35106,31
climbing,35248,35106,35248,142
trotting,35265,35248,35265,17
hunching,35338,35265,35338,73
grooming,35411,35338,35411,73
rearing,35412,35411,35412,1
right_turning,35450,35412,35450,38
sniffing,35466,35450,35466,16
climbing,35467,35466,35467,1
sniffing,35468,35467,35468,1
climbing,35527,35468,35527,59
rearing,35538,35527,35538,11
right_turning,35539,35538,35539,1
trotting,35596,35539,35596,57
walking,35625,35596,35625,29
rising,35642,35625,35642,17
left_turning,35679,35642,35679,37
sniffing,35703,35679,35703,24
stepping,35727,35703,35727,24
left_turning,35793,35727,35793,66
walking,35801,35793,35801,8
rising,35821,35801,35821,20
trotting,35846,35821,35846,25
stepping,35899,35846,35899,53
left_turning,35961,35899,35961,62
walking,35981,35961,35981,20
climbing,36067,35981,36067,86
right_turning,36095,36067,36095,28
sniffing,36186,36095,36186,91
rising,36213,36186,36213,27
left_turning,36235,36213,36235,22
sniffing,36305,36235,36305,70
walking,36357,36305,36357,52
climbing,36423,36357,36423,66
running,36424,36423,36424,1
rising,36438,36424,36438,14
climbing,36509,36438,36509,71
rearing,36510,36509,36510,1
climbing,36575,36510,36575,65
sniffing,36614,36575,36614,39
walking,36696,36614,36696,82
sniffing,36740,36696,36740,44
trotting,36757,36740,36757,17
sniffing,36794,36757,36794,37
rearing,36797,36794,36797,3
rising,36828,36797,36828,31
climbing,36866,36828,36866,38
running,36886,36866,36886,20
trotting,36901,36886,36901,15
walking,36965,36901,36965,64
sniffing,37069,36965,37069,104
grooming,37284,37069,37284,215
rising,37329,37284,37329,45
sniffing,37335,37329,37335,6
climbing,37415,37335,37415,80
sniffing,37630,37415,37630,215
rising,37641,37630,37641,11
stepping,37713,37641,37713,72
sniffing,37774,37713,37774,61
walking,37826,37774,37826,52
stepping,37863,37826,37863,37
walking,37885,37863,37885,22
sniffing,37979,37885,37979,94
rising,37999,37979,37999,20
sniffing,38294,37999,38294,295
rising,38320,38294,38320,26
rearing,38353,38320,38353,33
walking,38384,38353,38384,31
sniffing,38399,38384,38399,15
climbing,38432,38399,38432,33
rearing,38477,38432,38477,45
hunching,38586,38477,38586,109
grooming,38696,38586,38696,110
rearing,38770,38696,38770,74
climbing,38825,38770,38825,55
rising,38833,38825,38833,8
climbing,38859,38833,38859,26
sniffing,38961,38859,38961,102
rising,39054,38961,39054,93
sniffing,39055,39054,39055,1
walking,39131,39055,39131,76
rising,39143,39131,39143,12
climbing,39237,39143,39237,94
rising,39276,39237,39276,39
sniffing,39405,39276,39405,129
rising,39432,39405,39432,27
rearing,39561,39432,39561,129
sniffing,39747,39561,39747,186
walking,39795,39747,39795,48
stepping,39796,39795,39796,1
rising,39797,39796,39797,1
sniffing,39924,39797,39924,127
right_turning,39948,39924,39948,24
climbing,40008,39948,40008,60
right_turning,40035,40008,40035,27
walking,40061,40035,40061,26
left_turning,40109,40061,40109,48
walking,40175,40109,40175,66
sniffing,40198,40175,40198,23
climbing,40254,40198,40254,56
hunching,40255,40254,40255,1
rearing,40309,40255,40309,54
sniffing,40455,40309,40455,146
running,40474,40455,40474,19
trotting,40477,40474,40477,3
left_turning,40538,40477,40538,61
walking,40570,40538,40570,32
rising,40613,40570,40613,43
stepping,40614,40613,40614,1
sniffing,40797,40614,40797,183
walking,40798,40797,40798,1
rising,40815,40798,40815,17
climbing,40832,40815,40832,17
rearing,40860,40832,40860,28
sniffing,40946,40860,40946,86
left_turning,41042,40946,41042,96
rising,41059,41042,41059,17
sniffing,41166,41059,41166,107
left_turning,41246,41166,41246,80
sniffing,41299,41246,41299,53
rising,41340,41299,41340,41
climbing,41467,41340,41467,127
running,41504,41467,41504,37
stepping,41579,41504,41579,75
climbing,41584,41579,41584,5
right_turning,41632,41584,41632,48
left_turning,41663,41632,41663,31
sniffing,41759,41663,41759,96
grooming,41764,41759,41764,5
left_turning,41765,41764,41765,1
walking,41831,41765,41831,66
stepping,41851,41831,41851,20
walking,41931,41851,41931,80
rising,41973,41931,41973,42
climbing,41999,41973,41999,26
trotting,42031,41999,42031,32
sniffing,42032,42031,42032,1
walking,42033,42032,42033,1
sniffing,42190,42033,42190,157
left_turning,42192,42190,42192,2
sniffing,42297,42192,42297,105
rising,42337,42297,42337,40
climbing,42338,42337,42338,1
walking,42379,42338,42379,41
running,42396,42379,42396,17
walking,42419,42396,42419,23
rearing,42480,42419,42480,61
rising,42503,42480,42503,23
rearing,42540,42503,42540,37
grooming,42849,42540,42849,309
sniffing,42881,42849,42881,32
walking,42949,42881,42949,68
sniffing,42958,42949,42958,9
running,42974,42958,42974,16
rising,42975,42974,42975,1
climbing,42987,42975,42987,12
left_turning,43000,42987,43000,13
sniffing,43030,43000,43030,30
left_turning,43061,43030,43061,31
rising,43146,43061,43146,85
hunching,43204,43146,43204,58
walking,43242,43204,43242,38
stepping,43243,43242,43243,1
hunching,43285,43243,43285,42
grooming,43286,43285,43286,1
left_turning,43328,43286,43328,42
sniffing,43329,43328,43329,1
walking,43335,43329,43335,6
trotting,43358,43335,43358,23
stepping,43389,43358,43389,31
trotting,43408,43389,43408,19
sniffing,43483,43408,43483,75
rearing,43484,43483,43484,1
right_turning,43487,43484,43487,3
walking,43517,43487,43517,30
left_turning,43544,43517,43544,27
trotting,43555,43544,43555,11
sniffing,43711,43555,43711,156
left_turning,43721,43711,43721,10
walking,43753,43721,43753,32
rearing,43759,43753,43759,6
jumping,43803,43759,43803,44
sniffing,43815,43803,43815,12
trotting,43850,43815,43850,35
walking,43899,43850,43899,49
sniffing,43982,43899,43982,83
walking,43990,43982,43990,8
sniffing,44180,43990,44180,190
rising,44273,44180,44273,93
walking,44325,44273,44325,52
rising,44366,44325,44366,41
climbing,44532,44366,44532,166
rising,44612,44532,44612,80
rearing,44712,44612,44712,100
sniffing,44893,44712,44893,181
stepping,44929,44893,44929,36
climbing,44930,44929,44930,1
running,44946,44930,44946,16
sniffing,44947,44946,44947,1
rising,44991,44947,44991,44
sniffing,45060,44991,45060,69
trotting,45100,45060,45100,40
rising,45101,45100,45101,1
climbing,45426,45101,45426,325
rearing,45486,45426,45486,60
sniffing,45509,45486,45509,23
left_turning,45555,45509,45555,46
trotting,45561,45555,45561,6
sniffing,45635,45561,45635,74
left_turning,45682,45635,45682,47
walking,45723,45682,45723,41
sniffing,45724,45723,45724,1
right_turning,45747,45724,45747,23
walking,45770,45747,45770,23
stepping,45826,45770,45826,56
sniffing,45880,45826,45880,54
left_turning,45934,45880,45934,54
walking,45967,45934,45967,33
rising,45968,45967,45968,1
climbing,46073,45968,46073,105
hunching,46124,46073,46124,51
rearing,46194,46124,46194,70
climbing,46233,46194,46233,39
rising,46243,46233,46243,10
climbing,46309,46243,46309,66
walking,46347,46309,46347,38
trotting,46400,46347,46400,53
sniffing,46644,46400,46644,244
rising,46645,46644,46645,1
sniffing,46724,46645,46724,79
rising,46761,46724,46761,37
sniffing,46862,46761,46862,101
rising,46899,46862,46899,37
walking,46939,46899,46939,40
rising,46940,46939,46940,1
climbing,46969,46940,46969,29
hunching,47024,46969,47024,55
climbing,47053,47024,47053,29
rearing,47076,47053,47076,23
walking,47118,47076,47118,42
trotting,47136,47118,47136,18
sniffing,47313,47136,47313,177
walking,47339,47313,47339,26
left_turning,47371,47339,47371,32
stepping,47400,47371,47400,29
walking,47451,47400,47451,51
climbing,47601,47451,47601,150
running,47647,47601,47647,46
sniffing,47730,47647,47730,83
rising,47798,47730,47798,68
left_turning,47885,47798,47885,87
walking,47911,47885,47911,26
climbing,47938,47911,47938,27
trotting,47999,47938,47999,61
sniffing,48092,47999,48092,93
grooming,48257,48092,48257,165
sniffing,48258,48257,48258,1
climbing,48330,48258,48330,72
sniffing,48331,48330,48331,1
walking,48378,48331,48378,47
trotting,48390,48378,48390,12
left_turning,48391,48390,48391,1
sniffing,48495,48391,48495,104
left_turning,48516,48495,48516,21
sniffing,48533,48516,48533,17
trotting,48580,48533,48580,47
stepping,48637,48580,48637,57
sniffing,48665,48637,48665,28
walking,48716,48665,48716,51
trotting,48745,48716,48745,29
sniffing,48851,48745,48851,106
left_turning,48859,48851,48859,8
walking,48969,48859,48969,110
sniffing,48985,48969,48985,16
rearing,48993,48985,48993,8
sniffing,48994,48993,48994,1
running,49052,48994,49052,58
walking,49147,49052,49147,95
stepping,49195,49147,49195,48
walking,49282,49195,49282,87
sniffing,49353,49282,49353,71
walking,49354,49353,49354,1
sniffing,49355,49354,49355,1
left_turning,49383,49355,49383,28
sniffing,49406,49383,49406,23
rearing,49551,49406,49551,145
sniffing,49673,49551,49673,122
rising,49685,49673,49685,12
sniffing,49757,49685,49757,72
climbing,49814,49757,49814,57
jumping,49829,49814,49829,15
sniffing,49877,49829,49877,48
hunching,49934,49877,49934,57
stepping,49964,49934,49964,30
sniffing,50084,49964,50084,120
rearing,50192,50084,50192,108
sniffing,50193,50192,50193,1
climbing,50270,50193,50270,77
sniffing,50282,50270,50282,12
right_turning,50286,50282,50286,4
trotting,50332,50286,50332,46
sniffing,50397,50332,50397,65
walking,50437,50397,50437,40
running,50445,50437,50445,8
sniffing,50469,50445,50469,24
right_turning,50484,50469,50484,15
rising,50504,50484,50504,20
climbing,50555,50504,50555,51
running,50597,50555,50597,42
rising,50648,50597,50648,51
sniffing,50649,50648,50649,1
grooming,50775,50649,50775,126
sniffing,50861,50775,50861,86
walking,50895,50861,50895,34
left_turning,51002,50895,51002,107
walking,51003,51002,51003,1
sniffing,51095,51003,51095,92
trotting,51113,51095,51113,18
sniffing,51217,51113,51217,104
right_turning,51234,51217,51234,17
trotting,51266,51234,51266,32
rising,51321,51266,51321,55
sniffing,51377,51321,51377,56
rising,51403,51377,51403,26
climbing,51545,51403,51545,142
walking,51581,51545,51581,36
left_turning,51603,51581,51603,22
rising,51666,51603,51666,63
rearing,51688,51666,51688,22
left_turning,51719,51688,51719,31
rising,51754,51719,51754,35
walking,51779,51754,51779,25
sniffing,51856,51779,51856,77
left_turning,51857,51856,51857,1
running,51885,51857,51885,28
stepping,51887,51885,51887,2
walking,51935,51887,51935,48
stepping,51972,51935,51972,37
rising,52022,51972,52022,50
sniffing,52042,52022,52042,20
walking,52106,52042,52106,64
climbing,52124,52106,52124,18
left_turning,52134,52124,52134,10
sniffing,52169,52134,52169,35
walking,52227,52169,52227,58
sniffing,52228,52227,52228,1
running,52261,52228,52261,33
walking,52307,52261,52307,46
rising,52347,52307,52347,40
hunching,52494,52347,52494,147
sniffing,52529,52494,52529,35
rising,52530,52529,52530,1
climbing,52544,52530,52544,14
sniffing,52757,52544,52757,213
left_turning,52810,52757,52810,53
trotting,52824,52810,52824,14
stepping,52861,52824,52861,37
rising,52862,52861,52862,1
sniffing,53043,52862,53043,181
trotting,53089,53043,53089,46
rising,53090,53089,53090,1
sniffing,53243,53090,53243,153
left_turning,53277,53243,53277,34
trotting,53331,53277,53331,54
climbing,53457,53331,53457,126
rising,53508,53457,53508,51
sniffing,53577,53508,53577,69
rising,53613,53577,53613,36
trotting,53644,53613,53644,31
sniffing,53740,53644,53740,96
rising,53806,53740,53806,66
climbing,53809,53806,53809,3
rising,53845,53809,53845,36
climbing,53865,53845,53865,20
left_turning,53973,53865,53973,108
walking,54046,53973,54046,73
hunching,54047,54046,54047,1
sniffing,54254,54047,54254,207
stepping,54281,54254,54281,27
trotting,54331,54281,54331,50
sniffing,54361,54331,54361,30
climbing,54413,54361,54413,52
walking,54444,54413,54444,31
rising,54448,54444,54448,4
left_turning,54489,54448,54489,41
trotting,54499,54489,54499,10
sniffing,54520,54499,54520,21
rising,54577,54520,54577,57
rearing,54649,54577,54649,72
climbing,54702,54649,54702,53
hunching,54720,54702,54720,18
sniffing,54755,54720,54755,35
left_turning,54792,54755,54792,37
sniffing,54835,54792,54835,43
right_turning,54857,54835,54857,22
rising,54939,54857,54939,82
climbing,54954,54939,54954,15
grooming,54991,54954,54991,37
rearing,55116,54991,55116,125
rising,55134,55116,55134,18
jumping,55265,55134,55265,131
climbing,55336,55265,55336,71
walking,55381,55336,55381,45
rearing,55427,55381,55427,46
sniffing,55510,55427,55510,83
walking,55539,55510,55539,29
rearing,55562,55539,55562,23
sniffing,55650,55562,55650,88
rising,55709,55650,55709,59
climbing,55723,55709,55723,14
sniffing,55800,55723,55800,77
right_turning,55827,55800,55827,27
rising,55949,55827,55949,122
sniffing,56024,55949,56024,75
rising,56031,56024,56031,7
climbing,56032,56031,56032,1
trotting,56053,56032,56053,21
running,56058,56053,56058,5
sniffing,56218,56058,56218,160
walking,56237,56218,56237,19
rising,56238,56237,56238,1
right_turning,56291,56238,56291,53
trotting,56341,56291,56341,50
sniffing,56472,56341,56472,131
left_turning,56481,56472,56481,9
trotting,56517,56481,56517,36
walking,56524,56517,56524,7
rearing,56577,56524,56577,53
left_turning,56644,56577,56644,67
walking,56731,56644,56731,87
sniffing,56829,56731,56829,98
trotting,56863,56829,56863,34
sniffing,56980,56863,56980,117
left_turning,57006,56980,57006,26
sniffing,57058,57006,57058,52
running,57097,57058,57097,39
sniffing,57183,57097,57183,86
rearing,57184,57183,57184,1
hunching,57185,57184,57185,1
sniffing,57383,57185,57383,198
walking,57426,57383,57426,43
sniffing,57592,57426,57592,166
rising,57593,57592,57593,1
walking,57594,57593,57594,1
sniffing,57649,57594,57649,55
right_turning,57662,57649,57662,13
rising,57663,57662,57663,1
walking,57684,57663,57684,21
left_turning,57715,57684,57715,31
sniffing,57716,57715,57716,1
right_turning,57727,57716,57727,11
trotting,57769,57727,57769,42
rising,57777,57769,57777,8
climbing,57870,57777,57870,93
right_turning,57912,57870,57912,42
rising,57960,57912,57960,48
climbing,58069,57960,58069,109
sniffing,58172,58069,58172,103
walking,58199,58172,58199,27
rearing,58200,58199,58200,1
climbing,58254,58200,58254,54
rearing,58398,58254,58398,144
rising,58399,58398,58399,1
hunching,58436,58399,58436,37
walking,58471,58436,58471,35
climbing,58472,58471,58472,1
rising,58551,58472,58551,79
left_turning,58678,58551,58678,127
sniffing,58737,58678,58737,59
walking,58777,58737,58777,40
right_turning,58788,58777,58788,11
rearing,58855,58788,58855,67
climbing,58943,58855,58943,88
right_turning,58945,58943,58945,2
trotting,58946,58945,58946,1
sniffing,59072,58946,59072,126
climbing,59125,59072,59125,53
walking,59164,59125,59164,39
sniffing,59362,59164,59362,198
rising,59544,59362,59544,182
rearing,59619,59544,59619,75
climbing,59710,59619,59710,91
sniffing,59778,59710,59778,68
walking,59824,59778,59824,46
climbing,59867,59824,59867,43
rearing,59885,59867,59885,18
climbing,59902,59885,59902,17
sniffing,59903,59902,59903,1
grooming,60147,59903,60147,244
rearing,60191,60147,60191,44
stepping,60217,60191,60217,26
hunching,60218,60217,60218,1
right_turning,60219,60218,60219,1
trotting,60239,60219,60239,20
rising,60283,60239,60283,44
climbing,60392,60283,60392,109
hunching,60393,60392,60393,1
rearing,60446,60393,60446,53
grooming,60649,60446,60649,203
climbing,60683,60649,60683,34
left_turning,60684,60683,60684,1
sniffing,60796,60684,60796,112
rising,60823,60796,60823,27
hunching,60837,60823,60837,14
right_turning,60882,60837,60882,45
sniffing,60964,60882,60964,82
left_turning,60987,60964,60987,23
sniffing,61017,60987,61017,30
climbing,61079,61017,61079,62
sniffing,61202,61079,61202,123
left_turning,61255,61202,61255,53
rearing,61295,61255,61295,40
climbing,61441,61295,61441,146
walking,61493,61441,61493,52
left_turning,61544,61493,61544,51
sniffing,61702,61544,61702,158
climbing,61763,61702,61763,61
walking,61773,61763,61773,10
sniffing,61831,61773,61831,58
left_turning,61870,61831,61870,39
trotting,61900,61870,61900,30
left_turning,61954,61900,61954,54
walking,61955,61954,61955,1
left_turning,62008,61955,62008,53
sniffing,62056,62008,62056,48
stepping,62085,62056,62085,29
left_turning,62181,62085,62181,96
running,62199,62181,62199,18
walking,62200,62199,62200,1
sniffing,62307,62200,62307,107
rising,62356,62307,62356,49
sniffing,62386,62356,62386,30
walking,62425,62386,62425,39
rising,62426,62425,62426,1
climbing,62498,62426,62498,72
grooming,62526,62498,62526,28
walking,62550,62526,62550,24
rearing,62650,62550,62650,100
rising,62651,62650,62651,1
sniffing,62725,62651,62725,74
rearing,62823,62725,62823,98
rising,62844,62823,62844,21
hunching,62930,62844,62930,86
sniffing,62936,62930,62936,6
pausing,63048,62936,63048,112
sniffing,63119,63048,63119,71
walking,63120,63119,63120,1
climbing,63139,63120,63139,19
sniffing,63165,63139,63165,26
rearing,63166,63165,63166,1
trotting,63194,63166,63194,28
sniffing,63199,63194,63199,5
walking,63246,63199,63246,47
sniffing,63270,63246,63270,24
walking,63281,63270,63281,11
sniffing,63295,63281,63295,14
walking,63307,63295,63307,12
sniffing,63404,63307,63404,97
walking,63405,63404,63405,1
sniffing,63443,63405,63443,38
walking,63469,63443,63469,26
sniffing,63575,63469,63575,106
rising,63689,63575,63689,114
hunching,63756,63689,63756,67
grooming,64095,63756,64095,339
sniffing,64186,64095,64186,91
right_turning,64187,64186,64187,1
walking,64216,64187,64216,29
climbing,64308,64216,64308,92
rearing,64339,64308,64339,31
sniffing,64340,64339,64340,1
left_turning,64400,64340,64400,60
trotting,64401,64400,64401,1
sniffing,64460,64401,64460,59
rising,64539,64460,64539,79
climbing,64585,64539,64585,46
rising,64622,64585,64622,37
sniffing,64641,64622,64641,19
rising,64711,64641,64711,70
climbing,64817,64711,64817,106
sniffing,64829,64817,64829,12
climbing,64847,64829,64847,18
hunching,64910,64847,64910,63
climbing,64972,64910,64972,62
walking,64976,64972,64976,4
sniffing,65064,64976,65064,88
climbing,65070,65064,65070,6
walking,65114,65070,65114,44
sniffing,65115,65114,65115,1
left_turning,65179,65115,65179,64
stepping,65223,65179,65223,44
sniffing,65364,65223,65364,141
rising,65375,65364,65375,11
sniffing,65376,65375,65376,1
left_turning,65377,65376,65377,1
sniffing,65449,65377,65449,72
hunching,65487,65449,65487,38
rising,65488,65487,65488,1
sniffing,65573,65488,65573,85
left_turning,65618,65573,65618,45
trotting,65674,65618,65674,56
sniffing,65826,65674,65826,152
climbing,65827,65826,65827,1
grooming,66092,65827,66092,265
sniffing,66359,66092,66359,267
left_turning,66424,66359,66424,65
trotting,66437,66424,66437,13
rising,66508,66437,66508,71
grooming,66509,66508,66509,1
trotting,66528,66509,66528,19
stepping,66564,66528,66564,36
walking,66595,66564,66595,31
sniffing,66689,66595,66689,94
walking,66727,66689,66727,38
sniffing,66745,66727,66745,18
walking,66774,66745,66774,29
sniffing,66813,66774,66813,39
rising,66860,66813,66860,47
climbing,66924,66860,66924,64
hunching,67081,66924,67081,157
right_turning,67116,67081,67116,35
rising,67217,67116,67217,101
sniffing,67243,67217,67243,26
climbing,67356,67243,67356,113
rising,67427,67356,67427,71
sniffing,67445,67427,67445,18
walking,67469,67445,67469,24
trotting,67510,67469,67510,41
sniffing,67511,67510,67511,1
walking,67518,67511,67518,7
rearing,67519,67518,67519,1
sniffing,67558,67519,67558,39
rising,67597,67558,67597,39
sniffing,67795,67597,67795,198
left_turning,67866,67795,67866,71
sniffing,67875,67866,67875,9
walking,67945,67875,67945,70
climbing,68122,67945,68122,177
right_turning,68147,68122,68147,25
climbing,68178,68147,68178,31
sniffing,68313,68178,68313,135
walking,68318,68313,68318,5
sniffing,68319,68318,68319,1
trotting,68373,68319,68373,54
sniffing,68531,68373,68531,158
climbing,68561,68531,68561,30
sniffing,68609,68561,68609,48
walking,68647,68609,68647,38
sniffing,68648,68647,68648,1
left_turning,68693,68648,68693,45
walking,68732,68693,68732,39
climbing,68804,68732,68804,72
walking,68849,68804,68849,45
sniffing,68850,68849,68850,1
left_turning,68931,68850,68931,81
rising,68943,68931,68943,12
sniffing,69010,68943,69010,67
climbing,69117,69010,69117,107
running,69165,69117,69165,48
sniffing,69247,69165,69247,82
right_turning,69286,69247,69286,39
walking,69338,69286,69338,52
sniffing,69380,69338,69380,42
rearing,69388,69380,69388,8
climbing,69403,69388,69403,15
trotting,69475,69403,69475,72
sniffing,69627,69475,69627,152
walking,69677,69627,69677,50
rising,69678,69677,69678,1
sniffing,69782,69678,69782,104
left_turning,69826,69782,69826,44
sniffing,69940,69826,69940,114
right_turning,69982,69940,69982,42
walking,69995,69982,69995,13
sniffing,69996,69995,69996,1
climbing,69997,69996,69997,1
rising,70002,69997,70002,5
sniffing,70065,70002,70065,63
rising,70111,70065,70111,46
climbing,70155,70111,70155,44
sniffing,70257,70155,70257,102
rearing,70307,70257,70307,50
sniffing,70308,70307,70308,1
rising,70371,70308,70371,63
walking,70388,70371,70388,17
sniffing,70498,70388,70498,110
left_turning,70523,70498,70523,25
walking,70563,70523,70563,40
stepping,70600,70563,70600,37
sniffing,70638,70600,70638,38
rising,70656,70638,70656,18
sniffing,70733,70656,70733,77
trotting,70762,70733,70762,29
walking,70788,70762,70788,26
left_turning,70843,70788,70843,55
rising,70844,70843,70844,1
hunching,70958,70844,70958,114
grooming,70959,70958,70959,1
right_turning,70988,70959,70988,29
trotting,71026,70988,71026,38
sniffing,71143,71026,71143,117
trotting,71213,71143,71213,70
walking,71270,71213,71270,57
climbing,71430,71270,71430,160
left_turning,71471,71430,71471,41
sniffing,71623,71471,71623,152
climbing,71624,71623,71624,1
rearing,71625,71624,71625,1
stepping,71670,71625,71670,45
sniffing,71827,71670,71827,157
walking,71877,71827,71877,50
sniffing,71920,71877,71920,43
grooming,71921,71920,71921,1
left_turning,71984,71921,71984,63
sniffing,72071,71984,72071,87
climbing,72146,72071,72146,75
sniffing,72147,72146,72147,1
walking,72214,72147,72214,67
sniffing,72312,72214,72312,98
left_turning,72326,72312,72326,14
sniffing,72458,72326,72458,132
rising,72540,72458,72540,82
rearing,72545,72540,72545,5
rising,72564,72545,72564,19
climbing,72606,72564,72606,42
walking,72639,72606,72639,33
sniffing,72640,72639,72640,1
left_turning,72649,72640,72649,9
running,72695,72649,72695,46
walking,72715,72695,72715,20
sniffing,72716,72715,72716,1
right_turning,72787,72716,72787,71
walking,72843,72787,72843,56
sniffing,72862,72843,72862,19
stepping,72901,72862,72901,39
climbing,72902,72901,72902,1
walking,72903,72902,72903,1
sniffing,72999,72903,72999,96
walking,73000,72999,73000,1
left_turning,73041,73000,73041,41
walking,73074,73041,73074,33
trotting,73118,73074,73118,44
climbing,73256,73118,73256,138
grooming,73382,73256,73382,126
rearing,73445,73382,73445,63
left_turning,73462,73445,73462,17
rearing,73463,73462,73463,1
sniffing,73490,73463,73490,27
rearing,73537,73490,73537,47
sniffing,73544,73537,73544,7
rising,73569,73544,73569,25
rearing,73591,73569,73591,22
sniffing,73594,73591,73594,3
left_turning,73659,73594,73659,65
sniffing,73706,73659,73706,47
climbing,73707,73706,73707,1
walking,73766,73707,73766,59
sniffing,73807,73766,73807,41
climbing,73808,73807,73808,1
grooming,74009,73808,74009,201
climbing,74010,74009,74010,1
walking,74068,74010,74068,58
sniffing,74125,74068,74125,57
rising,74182,74125,74182,57
left_turning,74211,74182,74211,29
walking,74298,74211,74298,87
left_turning,74299,74298,74299,1
walking,74306,74299,74306,7
stepping,74366,74306,74366,60
climbing,74406,74366,74406,40
rising,74431,74406,74431,25
jumping,74481,74431,74481,50
walking,74497,74481,74497,16
grooming,74498,74497,74498,1
rising,74509,74498,74509,11
climbing,74604,74509,74604,95
rearing,74664,74604,74664,60
grooming,74786,74664,74786,122
left_turning,74830,74786,74830,44
walking,74831,74830,74831,1
rearing,74920,74831,74920,89
hunching,74965,74920,74965,45
sniffing,75009,74965,75009,44
rising,75019,75009,75019,10
climbing,75053,75019,75053,34
walking,75054,75053,75054,1
rising,75055,75054,75055,1
sniffing,75056,75055,75056,1
climbing,75058,75056,75058,2
sniffing,75059,75058,75059,1
left_turning,75108,75059,75108,49
stepping,75189,75108,75189,81
walking,75226,75189,75226,37
rising,75233,75226,75233,7
hunching,75234,75233,75234,1
grooming,75587,75234,75587,353
sniffing,75663,75587,75663,76
walking,75688,75663,75688,25
sniffing,75808,75688,75808,120
grooming,76217,75808,76217,409
sniffing,76312,76217,76312,95
rising,76341,76312,76341,29
climbing,76382,76341,76382,41
stepping,76420,76382,76420,38
sniffing,76421,76420,76421,1
climbing,76431,76421,76431,10
right_turning,76440,76431,76440,9
walking,76474,76440,76474,34
sniffing,76712,76474,76712,238
stepping,76713,76712,76713,1
sniffing,76755,76713,76755,42
rising,76756,76755,76756,1
trotting,76763,76756,76763,7
rising,76784,76763,76784,21
rearing,76867,76784,76867,83
hunching,76868,76867,76868,1
right_turning,76869,76868,76869,1
sniffing,76925,76869,76925,56
walking,76959,76925,76959,34
stepping,76973,76959,76973,14
sniffing,77015,76973,77015,42
trotting,77039,77015,77039,24
stepping,77056,77039,77056,17
rising,77071,77056,77071,15
climbing,77122,77071,77122,51
rising,77123,77122,77123,1
climbing,77244,77123,77244,121
rising,77264,77244,77264,20
climbing,77344,77264,77344,80
trotting,77370,77344,77370,26
sniffing,77452,77370,77452,82
rearing,77501,77452,77501,49
sniffing,77529,77501,77529,28
walking,77555,77529,77555,26
sniffing,77687,77555,77687,132
rising,77731,77687,77731,44
sniffing,77813,77731,77813,82
walking,77942,77813,77942,129
rearing,77979,77942,77979,37
rising,77988,77979,77988,9
climbing,77989,77988,77989,1
grooming,77990,77989,77990,1
rearing,78019,77990,78019,29
running,78037,78019,78037,18
left_turning,78045,78037,78045,8
sniffing,78108,78045,78108,63
rising,78153,78108,78153,45
sniffing,78336,78153,78336,183
grooming,78481,78336,78481,145
rising,78521,78481,78521,40
climbing,78713,78521,78713,192
right_turning,78714,78713,78714,1
walking,78771,78714,78771,57
sniffing,78772,78771,78772,1
grooming,78801,78772,78801,29
running,78818,78801,78818,17
walking,78831,78818,78831,13
sniffing,78832,78831,78832,1
walking,78869,78832,78869,37
sniffing,78936,78869,78936,67
trotting,78959,78936,78959,23
rising,79051,78959,79051,92
sniffing,79052,79051,79052,1
climbing,79148,79052,79148,96
sniffing,79218,79148,79218,70
walking,79221,79218,79221,3
sniffing,79382,79221,79382,161
rising,79425,79382,79425,43
sniffing,79426,79425,79426,1
left_turning,79518,79426,79518,92
sniffing,79641,79518,79641,123
rising,79642,79641,79642,1
sniffing,79710,79642,79710,68
climbing,79799,79710,79799,89
right_turning,79838,79799,79838,39
trotting,79839,79838,79839,1
stepping,79861,79839,79861,22
sniffing,80027,79861,80027,166
pausing,80168,80027,80168,141
sniffing,80298,80168,80298,130
rising,80367,80298,80367,69
sniffing,80595,80367,80595,228
rearing,80638,80595,80638,43
walking,80822,80638,80822,184
right_turning,80874,80822,80874,52
stepping,80904,80874,80904,30
sniffing,81221,80904,81221,317
rising,81246,81221,81246,25
climbing,81277,81246,81277,31
sniffing,81278,81277,81278,1
rising,81279,81278,81279,1
climbing,81340,81279,81340,61
sniffing,81341,81340,81341,1
grooming,81438,81341,81438,97
climbing,81532,81438,81532,94
running,81561,81532,81561,29
stepping,81587,81561,81587,26
walking,81603,81587,81603,16
rising,81661,81603,81661,58
sniffing,81698,81661,81698,37
grooming,81833,81698,81833,135
rearing,81852,81833,81852,19
left_turning,81870,81852,81870,18
sniffing,81928,81870,81928,58
rising,81975,81928,81975,47
climbing,82014,81975,82014,39
sniffing,82102,82014,82102,88
grooming,82196,82102,82196,94
sniffing,82292,82196,82292,96
rising,82315,82292,82315,23
grooming,82316,82315,82316,1
hunching,82317,82316,82317,1
trotting,82319,82317,82319,2
sniffing,82374,82319,82374,55
left_turning,82382,82374,82382,8
walking,82383,82382,82383,1
sniffing,82492,82383,82492,109
stepping,82535,82492,82535,43
walking,82599,82535,82599,64
rising,82669,82599,82669,70
jumping,82670,82669,82670,1
trotting,82766,82670,82766,96
walking,82821,82766,82821,55
sniffing,82822,82821,82822,1
climbing,82876,82822,82876,54
rising,83000,82876,83000,124
trotting,83042,83000,83042,42
walking,83044,83042,83044,2
stepping,83092,83044,83092,48
rising,83110,83092,83110,18
sniffing,83111,83110,83111,1
pausing,83535,83111,83535,424
rising,83568,83535,83568,33
left_turning,83605,83568,83605,37
sniffing,83696,83605,83696,91
climbing,83730,83696,83730,34
right_turning,83764,83730,83764,34
walking,83765,83764,83765,1
sniffing,83766,83765,83766,1
walking,83768,83766,83768,2
sniffing,83769,83768,83769,1
rearing,83837,83769,83837,68
left_turning,83868,83837,83868,31
sniffing,83869,83868,83869,1
trotting,83872,83869,83872,3
rearing,83903,83872,83903,31
walking,83935,83903,83935,32
sniffing,83979,83935,83979,44
left_turning,84019,83979,84019,40
walking,84048,84019,84048,29
stepping,84079,84048,84079,31
rearing,84164,84079,84164,85
left_turning,84218,84164,84218,54
sniffing,84382,84218,84382,164
climbing,84532,84382,84532,150
rising,84533,84532,84533,1
sniffing,84534,84533,84534,1
trotting,84590,84534,84590,56
sniffing,84591,84590,84591,1
rising,84604,84591,84604,13
climbing,84625,84604,84625,21
right_turning,84659,84625,84659,34
running,84677,84659,84677,18
rearing,84724,84677,84724,47
sniffing,84774,84724,84774,50
rising,84809,84774,84809,35
walking,84829,84809,84829,20
rising,84830,84829,84830,1
climbing,84871,84830,84871,41
hunching,84934,84871,84934,63
sniffing,84992,84934,84992,58
rising,84993,84992,84993,1
hunching,85013,84993,85013,20
rearing,85065,85013,85065,52
grooming,85153,85065,85153,88
hunching,85237,85153,85237,84
rearing,85247,85237,85247,10
left_turning,85283,85247,85283,36
sniffing,85463,85283,85463,180
walking,85511,85463,85511,48
rearing,85519,85511,85519,8
rising,85525,85519,85525,6
sniffing,85719,85525,85719,194
walking,85858,85719,85858,139
trotting,85910,85858,85910,52
sniffing,86117,85910,86117,207
pausing,86118,86117,86118,1
rising,86119,86118,86119,1
sniffing,86124,86119,86124,5
hunching,86192,86124,86192,68
rising,86197,86192,86197,5
climbing,86220,86197,86220,23
left_turning,86252,86220,86252,32
running,86260,86252,86260,8
walking,86392,86260,86392,132
stepping,86449,86392,86449,57
walking,86459,86449,86459,10
sniffing,86503,86459,86503,44
left_turning,86552,86503,86552,49
trotting,86614,86552,86614,62
sniffing,86853,86614,86853,239
walking,86872,86853,86872,19
sniffing,86945,86872,86945,73
rising,86982,86945,86982,37
sniffing,87052,86982,87052,70
climbing,87066,87052,87066,14
running,87117,87066,87117,51
walking,87118,87117,87118,1
climbing,87141,87118,87141,23
sniffing,87389,87141,87389,248
rising,87425,87389,87425,36
walking,87441,87425,87441,16
rising,87472,87441,87472,31
climbing,87503,87472,87503,31
grooming,87898,87503,87898,395
sniffing,87938,87898,87938,40
rising,87956,87938,87956,18
climbing,88159,87956,88159,203
sniffing,88160,88159,88160,1
running,88177,88160,88177,17
trotting,88211,88177,88211,34
walking,88212,88211,88212,1
sniffing,88213,88212,88213,1
right_turning,88231,88213,88231,18
running,88251,88231,88251,20
sniffing,88472,88251,88472,221
walking,88473,88472,88473,1
rising,88611,88473,88611,138
sniffing,88612,88611,88612,1
rising,88613,88612,88613,1
sniffing,88798,88613,88798,185
pausing,88799,88798,88799,1
sniffing,88800,88799,88800,1
walking,88882,88800,88882,82
rising,88925,88882,88925,43
climbing,89139,88925,89139,214
walking,89199,89139,89199,60
climbing,89256,89199,89256,57
grooming,89369,89256,89369,113
left_turning,89446,89369,89446,77
grooming,89447,89446,89447,1
sniffing,89448,89447,89448,1
rising,89483,89448,89483,35
sniffing,89587,89483,89587,104
rising,89638,89587,89638,51
sniffing,89646,89638,89646,8
trotting,89687,89646,89687,41
left_turning,89695,89687,89695,8
stepping,89727,89695,89727,32
running,89744,89727,89744,17
sniffing,89821,89744,89821,77
stepping,89864,89821,89864,43
walking,89889,89864,89889,25
right_turning,89948,89889,89948,59
walking,89981,89948,89981,33
sniffing,89995,89981,89995,14
left_turning,90020,89995,90020,25
walking,90059,90020,90059,39
left_turning,90181,90059,90181,122
stepping,90225,90181,90225,44
sniffing,90270,90225,90270,45
left_turning,90281,90270,90281,11
walking,90352,90281,90352,71
stepping,90386,90352,90386,34
sniffing,90490,90386,90490,104
walking,90554,90490,90554,64
rising,90562,90554,90562,8
rearing,90606,90562,90606,44
sniffing,90721,90606,90721,115
rearing,90868,90721,90868,147
sniffing,90993,90868,90993,125
walking,91092,90993,91092,99
climbing,91138,91092,91138,46
right_turning,91178,91138,91178,40
walking,91179,91178,91179,1
stepping,91281,91179,91281,102
sniffing,91396,91281,91396,115
trotting,91419,91396,91419,23
rising,91466,91419,91466,47
walking,91494,91466,91494,28
rising,91507,91494,91507,13
rearing,91564,91507,91564,57
sniffing,91672,91564,91672,108
rearing,91754,91672,91754,82
rising,91795,91754,91795,41
left_turning,91863,91795,91863,68
walking,91915,91863,91915,52
sniffing,92008,91915,92008,93
hunching,92081,92008,92081,73
sniffing,92082,92081,92082,1
walking,92100,92082,92100,18
rising,92146,92100,92146,46
sniffing,92190,92146,92190,44
rising,92219,92190,92219,29
stepping,92242,92219,92242,23
left_turning,92292,92242,92292,50
sniffing,92564,92292,92564,272
rearing,92590,92564,92590,26
right_turning,92591,92590,92591,1
walking,92605,92591,92605,14
sniffing,92845,92605,92845,240
rearing,92855,92845,92855,10
climbing,92955,92855,92955,100
sniffing,93027,92955,93027,72
pausing,93173,93027,93173,146
left_turning,93228,93173,93228,55
trotting,93286,93228,93286,58
sniffing,93397,93286,93397,111
rising,93473,93397,93473,76
sniffing,93547,93473,93547,74
rising,93563,93547,93563,16
climbing,93719,93563,93719,156
hunching,93720,93719,93720,1
climbing,93873,93720,93873,153
rearing,93911,93873,93911,38
climbing,93984,93911,93984,73
sniffing,94135,93984,94135,151
grooming,94319,94135,94319,184
rising,94358,94319,94358,39
sniffing,94359,94358,94359,1
pausing,94582,94359,94582,223
sniffing,94668,94582,94668,86
walking,94703,94668,94703,35
rising,94704,94703,94704,1
rearing,94710,94704,94710,6
running,94767,94710,94767,57
sniffing,94768,94767,94768,1
climbing,95022,94768,95022,254
grooming,95116,95022,95116,94
rising,95170,95116,95170,54
sniffing,95221,95170,95221,51
walking,95246,95221,95246,25
climbing,95269,95246,95269,23
right_turning,95270,95269,95270,1
sniffing,95299,95270,95299,29
rising,95314,95299,95314,15
climbing,95394,95314,95394,80
grooming,95395,95394,95395,1
rearing,95396,95395,95396,1
rising,95397,95396,95397,1
climbing,95534,95397,95534,137
running,95568,95534,95568,34
sniffing,95693,95568,95693,125
left_turning,95744,95693,95744,51
sniffing,95999,95744,95999,255
rising,96002,95999,96002,3
climbing,96145,96002,96145,143
rising,96198,96145,96198,53
hunching,96247,96198,96247,49
stepping,96323,96247,96323,76
right_turning,96324,96323,96324,1
trotting,96338,96324,96338,14
walking,96382,96338,96382,44
rearing,96514,96382,96514,132
sniffing,96583,96514,96583,69
rearing,96685,96583,96685,102
sniffing,96850,96685,96850,165
walking,96851,96850,96851,1
rising,96904,96851,96904,53
climbing,96942,96904,96942,38
rearing,97032,96942,97032,90
rising,97122,97032,97122,90
climbing,97182,97122,97182,60
trotting,97246,97182,97246,64
rising,97307,97246,97307,61
left_turning,97308,97307,97308,1
walking,97309,97308,97309,1
left_turning,97418,97309,97418,109
right_turning,97469,97418,97469,51
walking,97591,97469,97591,122
rising,97675,97591,97675,84
left_turning,97723,97675,97723,48
walking,97788,97723,97788,65
sniffing,97914,97788,97914,126
walking,97994,97914,97994,80
sniffing,98111,97994,98111,117
left_turning,98133,98111,98133,22
sniffing,98189,98133,98189,56
climbing,98223,98189,98223,34
left_turning,98248,98223,98248,25
rearing,98332,98248,98332,84
sniffing,98437,98332,98437,105
grooming,98438,98437,98438,1
rearing,98504,98438,98504,66
climbing,98595,98504,98595,91
sniffing,98596,98595,98596,1
left_turning,98597,98596,98597,1
walking,98659,98597,98659,62
rearing,98726,98659,98726,67
left_turning,98737,98726,98737,11
sniffing,98788,98737,98788,51
trotting,98789,98788,98789,1
walking,98859,98789,98859,70
climbing,98919,98859,98919,60
sniffing,99032,98919,99032,113
right_turning,99064,99032,99064,32
sniffing,99065,99064,99065,1
rising,99066,99065,99066,1
sniffing,99067,99066,99067,1
rising,99181,99067,99181,114
climbing,99317,99181,99317,136
rising,99323,99317,99323,6
sniffing,99356,99323,99356,33
trotting,99401,99356,99401,45
sniffing,99448,99401,99448,47
walking,99449,99448,99449,1
rising,99450,99449,99450,1
rearing,99537,99450,99537,87
grooming,99622,99537,99622,85
rearing,99716,99622,99716,94
rising,99717,99716,99717,1
right_turning,99730,99717,99730,13
running,99731,99730,99731,1
rising,99732,99731,99732,1
walking,99790,99732,99790,58
sniffing,99969,99790,99969,179
right_turning,100021,99969,100021,52
climbing,100148,100021,100148,127
sniffing,100235,100148,100235,87
walking,100318,100235,100318,83
climbing,100469,100318,100469,151
sniffing,100627,100469,100627,158
rising,100678,100627,100678,51
climbing,100807,100678,100807,129
right_turning,100906,100807,100906,99
sniffing,100942,100906,100942,36
rising,101041,100942,101041,99
rearing,101097,101041,101097,56
grooming,101344,101097,101344,247
sniffing,101345,101344,101345,1
stepping,101372,101345,101372,27
rising,101461,101372,101461,89
sniffing,101462,101461,101462,1
climbing,101562,101462,101562,100
rising,101626,101562,101626,64
climbing,101698,101626,101698,72
grooming,101699,101698,101699,1
rearing,101778,101699,101778,79
stepping,101849,101778,101849,71
climbing,101957,101849,101957,108
rearing,101997,101957,101997,40
rising,102098,101997,102098,101
sniffing,102175,102098,102175,77
rising,102207,102175,102207,32
sniffing,102328,102207,102328,121
hunching,102329,102328,102329,1
walking,102373,102329,102373,44
left_turning,102450,102373,102450,77
sniffing,102492,102450,102492,42
climbing,102559,102492,102559,67
rising,102560,102559,102560,1
rearing,102561,102560,102561,1
hunching,102624,102561,102624,63
grooming,103024,102624,103024,400
left_turning,103037,103024,103037,13
sniffing,103211,103037,103211,174
left_turning,103232,103211,103232,21
right_turning,103233,103232,103233,1
running,103253,103233,103253,20
sniffing,103256,103253,103256,3
trotting,103278,103256,103278,22
rising,103327,103278,103327,49
climbing,103335,103327,103335,8
grooming,103541,103335,103541,206
left_turning,103561,103541,103561,20
sniffing,103693,103561,103693,132
walking,103753,103693,103753,60
left_turning,103896,103753,103896,143
sniffing,104094,103896,104094,198
hunching,104155,104094,104155,61
walking,104166,104155,104166,11
sniffing,104290,104166,104290,124
climbing,104319,104290,104319,29
sniffing,104458,104319,104458,139
rearing,104459,104458,104459,1
grooming,104460,104459,104460,1
climbing,104529,104460,104529,69
right_turning,104576,104529,104576,47
sniffing,104659,104576,104659,83
rearing,104697,104659,104697,38
climbing,104756,104697,104756,59
rearing,104757,104756,104757,1
climbing,104758,104757,104758,1
rearing,104841,104758,104841,83
left_turning,104891,104841,104891,50
walking,104925,104891,104925,34
climbing,105073,104925,105073,148
sniffing,105164,105073,105164,91
right_turning,105176,105164,105176,12
rising,105399,105176,105399,223
sniffing,105403,105399,105403,4
left_turning,105423,105403,105423,20
sniffing,105517,105423,105517,94
hunching,105568,105517,105568,51
climbing,105569,105568,105569,1
walking,105570,105569,105570,1
stepping,105571,105570,105571,1
walking,105653,105571,105653,82
sniffing,105714,105653,105714,61
rising,105795,105714,105795,81
sniffing,105838,105795,105838,43
grooming,105979,105838,105979,141
sniffing,106041,105979,106041,62
rising,106109,106041,106109,68
climbing,106220,106109,106220,111
rearing,106221,106220,106221,1
grooming,106431,106221,106431,210
climbing,106558,106431,106558,127
rearing,106559,106558,106559,1
sniffing,106560,106559,106560,1
walking,106575,106560,106575,15
grooming,106666,106575,106666,91
climbing,106746,106666,106746,80
sniffing,106814,106746,106814,68
left_turning,106863,106814,106863,49
sniffing,106953,106863,106953,90
rising,106954,106953,106954,1
pausing,107154,106954,107154,200
sniffing,107155,107154,107155,1
stepping,107274,107155,107274,119
walking,107337,107274,107337,63
rising,107356,107337,107356,19
climbing,107429,107356,107429,73
left_turning,107430,107429,107430,1
sniffing,107493,107430,107493,63
walking,107514,107493,107514,21
rising,107586,107514,107586,72
walking,107649,107586,107649,63
sniffing,107694,107649,107694,45
rearing,107785,107694,107785,91
rising,107823,107785,107823,38
climbing,107950,107823,107950,127
rearing,107985,107950,107985,35
walking,108000,107985,108000,15
