revised_movement_label,segBoundary,segBoundary_start,segBoundary_end,length
rising,71,0,71,71
sniffing,72,71,72,1
rising,74,72,74,2
climbing,95,74,95,21
hunching,137,95,137,42
right_turning,158,137,158,21
rising,203,158,203,45
walking,244,203,244,41
hunching,267,244,267,23
sniffing,280,267,280,13
rising,285,280,285,5
right_turning,324,285,324,39
walking,411,324,411,87
rising,416,411,416,5
sniffing,417,416,417,1
hunching,445,417,445,28
climbing,532,445,532,87
sniffing,642,532,642,110
climbing,702,642,702,60
rising,723,702,723,21
sniffing,739,723,739,16
stepping,802,739,802,63
sniffing,1089,802,1089,287
rising,1091,1089,1091,2
climbing,1105,1091,1105,14
sniffing,1147,1105,1147,42
climbing,1238,1147,1238,91
sniffing,1392,1238,1392,154
rising,1434,1392,1434,42
walking,1435,1434,1435,1
trotting,1471,1435,1471,36
sniffing,1755,1471,1755,284
walking,1817,1755,1817,62
running,1862,1817,1862,45
left_turning,1905,1862,1905,43
trotting,1906,1905,1906,1
climbing,1907,1906,1907,1
sniffing,1955,1907,1955,48
trotting,1974,1955,1974,19
walking,2030,1974,2030,56
sniffing,2125,2030,2125,95
rising,2156,2125,2156,31
sniffing,2157,2156,2157,1
trotting,2186,2157,2186,29
sniffing,2187,2186,2187,1
climbing,2234,2187,2234,47
sniffing,2340,2234,2340,106
trotting,2352,2340,2352,12
sniffing,2451,2352,2451,99
rising,2452,2451,2452,1
rearing,2453,2452,2453,1
sniffing,2454,2453,2454,1
hunching,2485,2454,2485,31
left_turning,2538,2485,2538,53
walking,2549,2538,2549,11
stepping,2596,2549,2596,47
rising,2658,2596,2658,62
climbing,2718,2658,2718,60
sniffing,2827,2718,2827,109
left_turning,2852,2827,2852,25
rising,2926,2852,2926,74
sniffing,3077,2926,3077,151
climbing,3145,3077,3145,68
sniffing,3259,3145,3259,114
running,3284,3259,3284,25
walking,3352,3284,3352,68
sniffing,3460,3352,3460,108
walking,3489,3460,3489,29
climbing,3529,3489,3529,40
trotting,3562,3529,3562,33
sniffing,3615,3562,3615,53
walking,3624,3615,3624,9
trotting,3701,3624,3701,77
stepping,3785,3701,3785,84
sniffing,3835,3785,3835,50
trotting,3899,3835,3899,64
rising,3900,3899,3900,1
left_turning,3921,3900,3921,21
walking,3922,3921,3922,1
sniffing,3936,3922,3936,14
trotting,3978,3936,3978,42
left_turning,3986,3978,3986,8
climbing,4045,3986,4045,59
rising,4046,4045,4046,1
sniffing,4151,4046,4151,105
rising,4152,4151,4152,1
climbing,4153,4152,4153,1
running,4186,4153,4186,33
walking,4232,4186,4232,46
sniffing,4233,4232,4233,1
climbing,4279,4233,4279,46
walking,4308,4279,4308,29
left_turning,4319,4308,4319,11
sniffing,4343,4319,4343,24
climbing,4344,4343,4344,1
sniffing,4367,4344,4367,23
climbing,4443,4367,4443,76
sniffing,4491,4443,4491,48
rising,4492,4491,4492,1
climbing,4550,4492,4550,58
stepping,4561,4550,4561,11
climbing,4615,4561,4615,54
sniffing,4700,4615,4700,85
walking,4725,4700,4725,25
rising,4775,4725,4775,50
climbing,4789,4775,4789,14
rearing,4870,4789,4870,81
grooming,4987,4870,4987,117
rearing,5012,4987,5012,25
sniffing,5087,5012,5087,75
climbing,5118,5087,5118,31
rearing,5119,5118,5119,1
grooming,5211,5119,5211,92
sniffing,5296,5211,5296,85
right_turning,5332,5296,5332,36
stepping,5384,5332,5384,52
climbing,5440,5384,5440,56
running,5456,5440,5456,16
sniffing,5457,5456,5457,1
rising,5478,5457,5478,21
sniffing,5564,5478,5564,86
running,5594,5564,5594,30
trotting,5650,5594,5650,56
sniffing,5740,5650,5740,90
rising,5776,5740,5776,36
sniffing,5777,5776,5777,1
right_turning,5810,5777,5810,33
trotting,5828,5810,5828,18
left_turning,5841,5828,5841,13
walking,5928,5841,5928,87
left_turning,5971,5928,5971,43
trotting,6046,5971,6046,75
sniffing,6076,6046,6076,30
rising,6086,6076,6086,10
sniffing,6118,6086,6118,32
rising,6147,6118,6147,29
right_turning,6162,6147,6162,15
rearing,6275,6162,6275,113
sniffing,6399,6275,6399,124
right_turning,6454,6399,6454,55
sniffing,6570,6454,6570,116
trotting,6646,6570,6646,76
climbing,6704,6646,6704,58
left_turning,6755,6704,6755,51
trotting,6771,6755,6771,16
walking,6772,6771,6772,1
stepping,6789,6772,6789,17
trotting,6861,6789,6861,72
sniffing,6923,6861,6923,62
left_turning,6939,6923,6939,16
rearing,6940,6939,6940,1
climbing,7116,6940,7116,176
rising,7176,7116,7176,60
climbing,7213,7176,7213,37
sniffing,7214,7213,7214,1
stepping,7247,7214,7247,33
climbing,7289,7247,7289,42
trotting,7296,7289,7296,7
sniffing,7352,7296,7352,56
trotting,7377,7352,7377,25
walking,7454,7377,7454,77
trotting,7489,7454,7489,35
walking,7490,7489,7490,1
sniffing,7546,7490,7546,56
trotting,7581,7546,7581,35
sniffing,7737,7581,7737,156
stepping,7800,7737,7800,63
sniffing,7873,7800,7873,73
rising,7924,7873,7924,51
walking,7988,7924,7988,64
sniffing,8029,7988,8029,41
walking,8075,8029,8075,46
climbing,8157,8075,8157,82
rising,8195,8157,8195,38
climbing,8221,8195,8221,26
right_turning,8231,8221,8231,10
walking,8232,8231,8232,1
left_turning,8236,8232,8236,4
trotting,8285,8236,8285,49
walking,8368,8285,8368,83
sniffing,8422,8368,8422,54
right_turning,8464,8422,8464,42
walking,8471,8464,8471,7
sniffing,8537,8471,8537,66
rising,8546,8537,8546,9
sniffing,8596,8546,8596,50
walking,8663,8596,8663,67
sniffing,8676,8663,8676,13
left_turning,8694,8676,8694,18
running,8735,8694,8735,41
sniffing,8783,8735,8783,48
stepping,8827,8783,8827,44
left_turning,8828,8827,8828,1
sniffing,8861,8828,8861,33
walking,8908,8861,8908,47
sniffing,9090,8908,9090,182
rearing,9091,9090,9091,1
sniffing,9166,9091,9166,75
right_turning,9167,9166,9167,1
stepping,9208,9167,9208,41
rising,9243,9208,9243,35
left_turning,9346,9243,9346,103
walking,9414,9346,9414,68
rising,9436,9414,9436,22
sniffing,9437,9436,9437,1
right_turning,9489,9437,9489,52
rising,9533,9489,9533,44
climbing,9589,9533,9589,56
sniffing,9634,9589,9634,45
climbing,9696,9634,9696,62
left_turning,9745,9696,9745,49
trotting,9752,9745,9752,7
walking,9807,9752,9807,55
running,9829,9807,9829,22
walking,9856,9829,9856,27
sniffing,9930,9856,9930,74
walking,9961,9930,9961,31
trotting,9999,9961,9999,38
sniffing,10000,9999,10000,1
climbing,10036,10000,10036,36
stepping,10039,10036,10039,3
sniffing,10085,10039,10085,46
right_turning,10140,10085,10140,55
walking,10171,10140,10171,31
sniffing,10221,10171,10221,50
right_turning,10231,10221,10231,10
left_turning,10235,10231,10235,4
sniffing,10344,10235,10344,109
climbing,10377,10344,10377,33
hunching,10402,10377,10402,25
rearing,10403,10402,10403,1
sniffing,10404,10403,10404,1
walking,10410,10404,10410,6
left_turning,10431,10410,10431,21
sniffing,10466,10431,10466,35
running,10483,10466,10483,17
sniffing,10558,10483,10558,75
rearing,10614,10558,10614,56
trotting,10644,10614,10644,30
sniffing,10734,10644,10734,90
climbing,10964,10734,10964,230
rising,11014,10964,11014,50
climbing,11076,11014,11076,62
sniffing,11164,11076,11164,88
walking,11168,11164,11168,4
left_turning,11217,11168,11217,49
sniffing,11364,11217,11364,147
climbing,11478,11364,11478,114
rising,11517,11478,11517,39
sniffing,11658,11517,11658,141
left_turning,11700,11658,11700,42
sniffing,11781,11700,11781,81
climbing,11984,11781,11984,203
walking,12053,11984,12053,69
climbing,12112,12053,12112,59
sniffing,12113,12112,12113,1
climbing,12120,12113,12120,7
right_turning,12140,12120,12140,20
walking,12167,12140,12167,27
pausing,12370,12167,12370,203
sniffing,12371,12370,12371,1
rearing,12388,12371,12388,17
grooming,12475,12388,12475,87
hunching,12479,12475,12479,4
right_turning,12502,12479,12502,23
climbing,12573,12502,12573,71
sniffing,12600,12573,12600,27
right_turning,12622,12600,12622,22
trotting,12694,12622,12694,72
running,12728,12694,12728,34
walking,12779,12728,12779,51
rising,12815,12779,12815,36
climbing,12888,12815,12888,73
hunching,12947,12888,12947,59
sniffing,12964,12947,12964,17
walking,13034,12964,13034,70
sniffing,13035,13034,13035,1
rising,13063,13035,13063,28
left_turning,13093,13063,13093,30
stepping,13102,13093,13102,9
climbing,13187,13102,13187,85
sniffing,13188,13187,13188,1
rising,13238,13188,13238,50
left_turning,13255,13238,13255,17
sniffing,13325,13255,13325,70
stepping,13354,13325,13354,29
sniffing,13435,13354,13435,81
rising,13477,13435,13477,42
rearing,13488,13477,13488,11
grooming,13599,13488,13599,111
rearing,13600,13599,13600,1
climbing,13658,13600,13658,58
rising,13697,13658,13697,39
walking,13698,13697,13698,1
climbing,13702,13698,13702,4
hunching,13720,13702,13720,18
walking,13762,13720,13762,42
rising,13808,13762,13808,46
climbing,13855,13808,13855,47
rising,13859,13855,13859,4
right_turning,13873,13859,13873,14
climbing,13956,13873,13956,83
sniffing,13982,13956,13982,26
running,13993,13982,13993,11
sniffing,14075,13993,14075,82
left_turning,14076,14075,14076,1
sniffing,14116,14076,14116,40
left_turning,14148,14116,14148,32
walking,14210,14148,14210,62
rising,14272,14210,14272,62
sniffing,14368,14272,14368,96
hunching,14389,14368,14389,21
sniffing,14390,14389,14390,1
walking,14400,14390,14400,10
sniffing,14420,14400,14420,20
stepping,14438,14420,14438,18
rising,14472,14438,14472,34
right_turning,14501,14472,14501,29
walking,14510,14501,14510,9
sniffing,14511,14510,14511,1
walking,14526,14511,14526,15
stepping,14576,14526,14576,50
trotting,14629,14576,14629,53
left_turning,14694,14629,14694,65
sniffing,14730,14694,14730,36
climbing,14836,14730,14836,106
sniffing,14909,14836,14909,73
trotting,14945,14909,14945,36
sniffing,15000,14945,15000,55
hunching,15028,15000,15028,28
sniffing,15070,15028,15070,42
walking,15132,15070,15132,62
climbing,15191,15132,15191,59
rising,15202,15191,15202,11
sniffing,15206,15202,15206,4
left_turning,15253,15206,15253,47
sniffing,15282,15253,15282,29
left_turning,15317,15282,15317,35
sniffing,15377,15317,15377,60
rising,15425,15377,15425,48
sniffing,15590,15425,15590,165
running,15602,15590,15602,12
walking,15657,15602,15657,55
left_turning,15673,15657,15673,16
rising,15724,15673,15724,51
stepping,15725,15724,15725,1
rising,15801,15725,15801,76
rearing,15816,15801,15816,15
grooming,15968,15816,15968,152
rearing,16001,15968,16001,33
grooming,16058,16001,16058,57
hunching,16103,16058,16103,45
right_turning,16135,16103,16135,32
walking,16136,16135,16136,1
right_turning,16157,16136,16157,21
sniffing,16279,16157,16279,122
left_turning,16334,16279,16334,55
walking,16400,16334,16400,66
stepping,16437,16400,16437,37
walking,16516,16437,16516,79
sniffing,16691,16516,16691,175
walking,16712,16691,16712,21
climbing,16725,16712,16725,13
rising,16747,16725,16747,22
sniffing,16850,16747,16850,103
left_turning,16857,16850,16857,7
sniffing,16978,16857,16978,121
rising,16995,16978,16995,17
sniffing,17044,16995,17044,49
climbing,17153,17044,17153,109
trotting,17179,17153,17179,26
right_turning,17180,17179,17180,1
sniffing,17340,17180,17340,160
climbing,17400,17340,17400,60
sniffing,17401,17400,17401,1
rearing,17431,17401,17431,30
rising,17432,17431,17432,1
climbing,17588,17432,17588,156
sniffing,17589,17588,17589,1
right_turning,17618,17589,17618,29
walking,17692,17618,17692,74
rising,17723,17692,17723,31
stepping,17805,17723,17805,82
sniffing,17806,17805,17806,1
rising,17854,17806,17854,48
climbing,17900,17854,17900,46
rising,17901,17900,17901,1
climbing,17911,17901,17911,10
rising,17973,17911,17973,62
sniffing,18069,17973,18069,96
trotting,18115,18069,18115,46
walking,18140,18115,18140,25
left_turning,18141,18140,18141,1
grooming,18247,18141,18247,106
rearing,18248,18247,18248,1
grooming,18377,18248,18377,129
rising,18469,18377,18469,92
climbing,18564,18469,18564,95
sniffing,18606,18564,18606,42
hunching,18645,18606,18645,39
stepping,18689,18645,18689,44
sniffing,18698,18689,18698,9
trotting,18742,18698,18742,44
left_turning,18808,18742,18808,66
trotting,18827,18808,18827,19
walking,18903,18827,18903,76
rising,18986,18903,18986,83
sniffing,19021,18986,19021,35
right_turning,19045,19021,19045,24
sniffing,19142,19045,19142,97
stepping,19161,19142,19161,19
walking,19257,19161,19257,96
sniffing,19340,19257,19340,83
left_turning,19452,19340,19452,112
trotting,19492,19452,19492,40
sniffing,19559,19492,19559,67
rising,19561,19559,19561,2
climbing,19648,19561,19648,87
rising,19680,19648,19680,32
sniffing,19681,19680,19681,1
walking,19720,19681,19720,39
left_turning,19765,19720,19765,45
sniffing,19852,19765,19852,87
climbing,19921,19852,19921,69
rising,19929,19921,19929,8
climbing,19950,19929,19950,21
rising,19962,19950,19962,12
trotting,20011,19962,20011,49
sniffing,20210,20011,20210,199
climbing,20223,20210,20223,13
rearing,20307,20223,20307,84
grooming,20353,20307,20353,46
sniffing,20422,20353,20422,69
trotting,20493,20422,20493,71
running,20511,20493,20511,18
sniffing,20512,20511,20512,1
rearing,20600,20512,20600,88
sniffing,20604,20600,20604,4
left_turning,20612,20604,20612,8
grooming,20656,20612,20656,44
rearing,20729,20656,20729,73
hunching,20760,20729,20760,31
climbing,20837,20760,20837,77
rearing,20841,20837,20841,4
hunching,20906,20841,20906,65
sniffing,20907,20906,20907,1
rearing,20970,20907,20970,63
sniffing,21084,20970,21084,114
walking,21159,21084,21159,75
climbing,21223,21159,21223,64
left_turning,21258,21223,21258,35
running,21262,21258,21262,4
walking,21291,21262,21291,29
sniffing,21312,21291,21312,21
climbing,21350,21312,21350,38
sniffing,21351,21350,21351,1
walking,21375,21351,21375,24
rising,21410,21375,21410,35
sniffing,21553,21410,21553,143
rising,21556,21553,21556,3
sniffing,21557,21556,21557,1
left_turning,21594,21557,21594,37
walking,21624,21594,21624,30
sniffing,21656,21624,21656,32
grooming,21848,21656,21848,192
left_turning,21867,21848,21867,19
trotting,21909,21867,21909,42
sniffing,21980,21909,21980,71
rising,21982,21980,21982,2
walking,22054,21982,22054,72
sniffing,22135,22054,22135,81
walking,22175,22135,22175,40
left_turning,22226,22175,22226,51
sniffing,22326,22226,22326,100
rising,22362,22326,22362,36
rearing,22453,22362,22453,91
trotting,22490,22453,22490,37
sniffing,22586,22490,22586,96
stepping,22633,22586,22633,47
rising,22713,22633,22713,80
walking,22807,22713,22807,94
sniffing,22892,22807,22892,85
walking,22933,22892,22933,41
sniffing,23022,22933,23022,89
rising,23053,23022,23053,31
trotting,23054,23053,23054,1
sniffing,23058,23054,23058,4
rising,23102,23058,23102,44
climbing,23165,23102,23165,63
left_turning,23166,23165,23166,1
sniffing,23270,23166,23270,104
climbing,23288,23270,23288,18
walking,23359,23288,23359,71
right_turning,23360,23359,23360,1
sniffing,23444,23360,23444,84
walking,23473,23444,23473,29
sniffing,23760,23473,23760,287
walking,23770,23760,23770,10
sniffing,23814,23770,23814,44
rearing,23883,23814,23883,69
climbing,23914,23883,23914,31
sniffing,23987,23914,23987,73
walking,24003,23987,24003,16
sniffing,24152,24003,24152,149
walking,24183,24152,24183,31
climbing,24224,24183,24224,41
sniffing,24286,24224,24286,62
left_turning,24357,24286,24357,71
walking,24374,24357,24374,17
sniffing,24445,24374,24445,71
climbing,24495,24445,24495,50
sniffing,24549,24495,24549,54
walking,24555,24549,24555,6
sniffing,24561,24555,24561,6
climbing,24562,24561,24562,1
sniffing,24645,24562,24645,83
walking,24686,24645,24686,41
sniffing,24687,24686,24687,1
right_turning,24727,24687,24727,40
rising,24769,24727,24769,42
sniffing,24814,24769,24814,45
rising,24828,24814,24828,14
rearing,24898,24828,24898,70
trotting,24929,24898,24929,31
left_turning,24960,24929,24960,31
walking,25039,24960,25039,79
climbing,25089,25039,25089,50
walking,25138,25089,25138,49
right_turning,25139,25138,25139,1
walking,25179,25139,25179,40
sniffing,25206,25179,25206,27
left_turning,25263,25206,25263,57
sniffing,25264,25263,25264,1
climbing,25369,25264,25369,105
rearing,25401,25369,25401,32
walking,25432,25401,25432,31
rising,25458,25432,25458,26
sniffing,25459,25458,25459,1
walking,25546,25459,25546,87
sniffing,25636,25546,25636,90
rising,25654,25636,25654,18
sniffing,25760,25654,25760,106
climbing,25857,25760,25857,97
sniffing,25910,25857,25910,53
left_turning,26000,25910,26000,90
running,26015,26000,26015,15
walking,26066,26015,26066,51
climbing,26142,26066,26142,76
running,26170,26142,26170,28
walking,26237,26170,26237,67
stepping,26238,26237,26238,1
sniffing,26296,26238,26296,58
rising,26443,26296,26443,147
climbing,26515,26443,26515,72
rising,26516,26515,26516,1
climbing,26573,26516,26573,57
rearing,26624,26573,26624,51
grooming,26704,26624,26704,80
sniffing,26766,26704,26766,62
left_turning,26781,26766,26781,15
rising,26811,26781,26811,30
climbing,26885,26811,26885,74
rising,26888,26885,26888,3
sniffing,26983,26888,26983,95
walking,27043,26983,27043,60
trotting,27065,27043,27065,22
left_turning,27073,27065,27073,8
walking,27105,27073,27105,32
left_turning,27143,27105,27143,38
sniffing,27324,27143,27324,181
left_turning,27333,27324,27333,9
running,27339,27333,27339,6
sniffing,27448,27339,27448,109
rising,27461,27448,27461,13
climbing,27534,27461,27534,73
sniffing,27635,27534,27635,101
rising,27642,27635,27642,7
walking,27708,27642,27708,66
climbing,27779,27708,27779,71
running,27820,27779,27820,41
sniffing,27955,27820,27955,135
walking,28000,27955,28000,45
sniffing,28010,28000,28010,10
rising,28062,28010,28062,52
left_turning,28124,28062,28124,62
walking,28170,28124,28170,46
climbing,28213,28170,28213,43
sniffing,28228,28213,28228,15
left_turning,28229,28228,28229,1
walking,28267,28229,28267,38
sniffing,28343,28267,28343,76
rearing,28362,28343,28362,19
right_turning,28392,28362,28392,30
walking,28460,28392,28460,68
running,28473,28460,28473,13
trotting,28509,28473,28509,36
sniffing,28583,28509,28583,74
rising,28600,28583,28600,17
climbing,28602,28600,28602,2
rising,28649,28602,28649,47
left_turning,28674,28649,28674,25
trotting,28696,28674,28696,22
stepping,28733,28696,28733,37
walking,28876,28733,28876,143
rearing,28988,28876,28988,112
sniffing,29094,28988,29094,106
walking,29147,29094,29147,53
sniffing,29148,29147,29148,1
stepping,29188,29148,29188,40
sniffing,29294,29188,29294,106
rising,29295,29294,29295,1
climbing,29332,29295,29332,37
sniffing,29349,29332,29349,17
rising,29377,29349,29377,28
climbing,29444,29377,29444,67
sniffing,29511,29444,29511,67
rising,29559,29511,29559,48
climbing,29560,29559,29560,1
rising,29608,29560,29608,48
rearing,29609,29608,29609,1
sniffing,29655,29609,29655,46
rising,29721,29655,29721,66
right_turning,29744,29721,29744,23
sniffing,29813,29744,29813,69
climbing,30099,29813,30099,286
right_turning,30134,30099,30134,35
walking,30164,30134,30164,30
sniffing,30392,30164,30392,228
left_turning,30439,30392,30439,47
rearing,30463,30439,30463,24
grooming,30464,30463,30464,1
climbing,30540,30464,30540,76
running,30555,30540,30555,15
left_turning,30565,30555,30565,10
walking,30588,30565,30588,23
trotting,30623,30588,30623,35
sniffing,30624,30623,30624,1
grooming,30625,30624,30625,1
hunching,30626,30625,30626,1
left_turning,30634,30626,30634,8
rising,30658,30634,30658,24
sniffing,30749,30658,30749,91
left_turning,30757,30749,30757,8
climbing,30804,30757,30804,47
walking,30948,30804,30948,144
rising,31004,30948,31004,56
climbing,31011,31004,31011,7
trotting,31041,31011,31041,30
sniffing,31047,31041,31047,6
right_turning,31115,31047,31115,68
trotting,31149,31115,31149,34
sniffing,31217,31149,31217,68
walking,31237,31217,31237,20
sniffing,31262,31237,31262,25
rising,31263,31262,31263,1
rearing,31331,31263,31331,68
hunching,31364,31331,31364,33
rising,31365,31364,31365,1
climbing,31414,31365,31414,49
rising,31431,31414,31431,17
sniffing,31509,31431,31509,78
walking,31556,31509,31556,47
sniffing,31696,31556,31696,140
right_turning,31710,31696,31710,14
sniffing,31779,31710,31779,69
walking,31787,31779,31787,8
climbing,31796,31787,31796,9
rising,31829,31796,31829,33
sniffing,31965,31829,31965,136
walking,31966,31965,31966,1
sniffing,32007,31966,32007,41
rising,32061,32007,32061,54
trotting,32104,32061,32104,43
walking,32150,32104,32150,46
climbing,32238,32150,32238,88
right_turning,32244,32238,32244,6
walking,32323,32244,32323,79
rising,32363,32323,32363,40
left_turning,32423,32363,32423,60
stepping,32424,32423,32424,1
walking,32488,32424,32488,64
sniffing,32489,32488,32489,1
rearing,32490,32489,32490,1
sniffing,32569,32490,32569,79
climbing,32642,32569,32642,73
rearing,32665,32642,32665,23
sniffing,32666,32665,32666,1
rising,32667,32666,32667,1
sniffing,32700,32667,32700,33
rising,32768,32700,32768,68
walking,32845,32768,32845,77
sniffing,32867,32845,32867,22
walking,32910,32867,32910,43
stepping,32954,32910,32954,44
walking,32956,32954,32956,2
rearing,32988,32956,32988,32
rising,33003,32988,33003,15
sniffing,33027,33003,33027,24
right_turning,33071,33027,33071,44
left_turning,33094,33071,33094,23
sniffing,33095,33094,33095,1
trotting,33121,33095,33121,26
stepping,33131,33121,33131,10
rising,33163,33131,33163,32
climbing,33175,33163,33175,12
walking,33198,33175,33198,23
sniffing,33199,33198,33199,1
climbing,33233,33199,33233,34
sniffing,33257,33233,33257,24
rising,33269,33257,33269,12
rearing,33270,33269,33270,1
climbing,33336,33270,33336,66
rising,33398,33336,33398,62
sniffing,33536,33398,33536,138
rising,33537,33536,33537,1
climbing,33564,33537,33564,27
left_turning,33647,33564,33647,83
trotting,33675,33647,33675,28
rising,33697,33675,33697,22
climbing,33736,33697,33736,39
sniffing,33777,33736,33777,41
rising,33778,33777,33778,1
climbing,33779,33778,33779,1
sniffing,33812,33779,33812,33
running,33816,33812,33816,4
rising,33865,33816,33865,49
climbing,33957,33865,33957,92
sniffing,34071,33957,34071,114
running,34088,34071,34088,17
sniffing,34109,34088,34109,21
walking,34110,34109,34110,1
sniffing,34160,34110,34160,50
left_turning,34193,34160,34193,33
stepping,34241,34193,34241,48
running,34260,34241,34260,19
walking,34336,34260,34336,76
rising,34341,34336,34341,5
climbing,34386,34341,34386,45
rising,34400,34386,34400,14
climbing,34405,34400,34405,5
sniffing,34406,34405,34406,1
climbing,34453,34406,34453,47
walking,34501,34453,34501,48
climbing,34617,34501,34617,116
sniffing,34659,34617,34659,42
left_turning,34732,34659,34732,73
running,34774,34732,34774,42
rising,34837,34774,34837,63
jumping,34897,34837,34897,60
sniffing,34922,34897,34922,25
climbing,34933,34922,34933,11
trotting,34981,34933,34981,48
walking,34986,34981,34986,5
sniffing,34987,34986,34987,1
walking,34988,34987,34988,1
sniffing,35065,34988,35065,77
hunching,35098,35065,35098,33
right_turning,35113,35098,35113,15
sniffing,35114,35113,35114,1
stepping,35155,35114,35155,41
rising,35172,35155,35172,17
climbing,35208,35172,35208,36
rearing,35263,35208,35263,55
grooming,35470,35263,35470,207
hunching,35557,35470,35557,87
rising,35558,35557,35558,1
sniffing,35576,35558,35576,18
left_turning,35600,35576,35600,24
sniffing,35852,35600,35852,252
walking,35997,35852,35997,145
sniffing,36049,35997,36049,52
rising,36146,36049,36146,97
sniffing,36147,36146,36147,1
rising,36148,36147,36148,1
rearing,36170,36148,36170,22
sniffing,36243,36170,36243,73
walking,36299,36243,36299,56
climbing,36311,36299,36311,12
sniffing,36443,36311,36443,132
right_turning,36445,36443,36445,2
walking,36491,36445,36491,46
rearing,36529,36491,36529,38
grooming,36582,36529,36582,53
walking,36641,36582,36641,59
sniffing,36731,36641,36731,90
climbing,36784,36731,36784,53
walking,36817,36784,36817,33
rising,36899,36817,36899,82
sniffing,36939,36899,36939,40
walking,36991,36939,36991,52
sniffing,37058,36991,37058,67
rearing,37059,37058,37059,1
hunching,37096,37059,37096,37
grooming,37226,37096,37226,130
rearing,37344,37226,37344,118
stepping,37379,37344,37379,35
jumping,37490,37379,37490,111
rising,37491,37490,37491,1
climbing,37518,37491,37518,27
trotting,37558,37518,37558,40
left_turning,37595,37558,37595,37
running,37611,37595,37611,16
walking,37628,37611,37628,17
trotting,37675,37628,37675,47
stepping,37729,37675,37729,54
left_turning,37785,37729,37785,56
sniffing,37935,37785,37935,150
rising,37941,37935,37941,6
sniffing,37975,37941,37975,34
hunching,37976,37975,37976,1
sniffing,38090,37976,38090,114
left_turning,38102,38090,38102,12
walking,38160,38102,38160,58
sniffing,38161,38160,38161,1
walking,38192,38161,38192,31
sniffing,38271,38192,38271,79
trotting,38295,38271,38295,24
sniffing,38342,38295,38342,47
walking,38404,38342,38404,62
sniffing,38479,38404,38479,75
walking,38545,38479,38545,66
climbing,38564,38545,38564,19
sniffing,38661,38564,38661,97
left_turning,38740,38661,38740,79
walking,38771,38740,38771,31
sniffing,38825,38771,38825,54
right_turning,38879,38825,38879,54
trotting,38915,38879,38915,36
right_turning,38931,38915,38931,16
rising,38932,38931,38932,1
grooming,38964,38932,38964,32
rearing,39031,38964,39031,67
grooming,39032,39031,39032,1
rearing,39082,39032,39082,50
climbing,39172,39082,39172,90
rising,39248,39172,39248,76
climbing,39250,39248,39250,2
rising,39280,39250,39280,30
climbing,39304,39280,39304,24
rising,39305,39304,39305,1
walking,39341,39305,39341,36
sniffing,39419,39341,39419,78
jumping,39591,39419,39591,172
rising,39607,39591,39607,16
grooming,39875,39607,39875,268
rearing,39876,39875,39876,1
sniffing,39960,39876,39960,84
walking,40019,39960,40019,59
sniffing,40128,40019,40128,109
right_turning,40178,40128,40178,50
stepping,40181,40178,40181,3
left_turning,40231,40181,40231,50
walking,40274,40231,40274,43
sniffing,40365,40274,40365,91
climbing,40453,40365,40453,88
walking,40454,40453,40454,1
rising,40455,40454,40455,1
sniffing,40511,40455,40511,56
climbing,40569,40511,40569,58
hunching,40626,40569,40626,57
right_turning,40651,40626,40651,25
sniffing,40692,40651,40692,41
rising,40726,40692,40726,34
climbing,40737,40726,40737,11
walking,40797,40737,40797,60
rising,40815,40797,40815,18
walking,40909,40815,40909,94
stepping,40923,40909,40923,14
sniffing,40983,40923,40983,60
rearing,40984,40983,40984,1
sniffing,40985,40984,40985,1
climbing,40986,40985,40986,1
sniffing,41090,40986,41090,104
grooming,41291,41090,41291,201
rearing,41378,41291,41378,87
sniffing,41441,41378,41441,63
stepping,41489,41441,41489,48
sniffing,41490,41489,41490,1
stepping,41529,41490,41529,39
sniffing,41539,41529,41539,10
walking,41567,41539,41567,28
sniffing,41644,41567,41644,77
rising,41657,41644,41657,13
sniffing,41910,41657,41910,253
climbing,41911,41910,41911,1
left_turning,41912,41911,41912,1
trotting,41923,41912,41923,11
rising,42053,41923,42053,130
sniffing,42178,42053,42178,125
left_turning,42179,42178,42179,1
rising,42227,42179,42227,48
climbing,42279,42227,42279,52
rising,42293,42279,42293,14
sniffing,42354,42293,42354,61
right_turning,42364,42354,42364,10
walking,42449,42364,42449,85
trotting,42461,42449,42461,12
sniffing,42530,42461,42530,69
walking,42545,42530,42545,15
stepping,42548,42545,42548,3
walking,42596,42548,42596,48
climbing,42739,42596,42739,143
hunching,42740,42739,42740,1
rising,42741,42740,42741,1
stepping,42796,42741,42796,55
trotting,42859,42796,42859,63
stepping,42911,42859,42911,52
rising,42912,42911,42912,1
sniffing,42978,42912,42978,66
rising,43054,42978,43054,76
rearing,43145,43054,43145,91
climbing,43146,43145,43146,1
rearing,43261,43146,43261,115
climbing,43312,43261,43312,51
running,43344,43312,43344,32
trotting,43412,43344,43412,68
sniffing,43661,43412,43661,249
walking,43783,43661,43783,122
rearing,43784,43783,43784,1
sniffing,43934,43784,43934,150
right_turning,43958,43934,43958,24
sniffing,43996,43958,43996,38
rising,44059,43996,44059,63
walking,44112,44059,44112,53
trotting,44161,44112,44161,49
running,44169,44161,44169,8
trotting,44235,44169,44235,66
sniffing,44401,44235,44401,166
rising,44456,44401,44456,55
climbing,44457,44456,44457,1
rising,44475,44457,44475,18
climbing,44561,44475,44561,86
right_turning,44590,44561,44590,29
stepping,44610,44590,44610,20
walking,44640,44610,44640,30
sniffing,44669,44640,44669,29
rising,44670,44669,44670,1
left_turning,44723,44670,44723,53
walking,44724,44723,44724,1
climbing,44725,44724,44725,1
stepping,44760,44725,44760,35
trotting,44768,44760,44768,8
walking,44782,44768,44782,14
sniffing,44839,44782,44839,57
rearing,44903,44839,44903,64
sniffing,44917,44903,44917,14
rearing,44981,44917,44981,64
rising,45021,44981,45021,40
right_turning,45052,45021,45052,31
trotting,45076,45052,45076,24
rising,45137,45076,45137,61
sniffing,45225,45137,45225,88
climbing,45288,45225,45288,63
rising,45327,45288,45327,39
sniffing,45539,45327,45539,212
trotting,45578,45539,45578,39
walking,45717,45578,45717,139
left_turning,45739,45717,45739,22
walking,45794,45739,45794,55
climbing,45868,45794,45868,74
left_turning,45917,45868,45917,49
sniffing,45960,45917,45960,43
rising,45993,45960,45993,33
sniffing,46095,45993,46095,102
rising,46204,46095,46204,109
right_turning,46212,46204,46212,8
trotting,46232,46212,46232,20
rising,46280,46232,46280,48
sniffing,46357,46280,46357,77
hunching,46381,46357,46381,24
walking,46408,46381,46408,27
sniffing,46432,46408,46432,24
rising,46497,46432,46497,65
sniffing,46571,46497,46571,74
hunching,46657,46571,46657,86
climbing,46659,46657,46659,2
walking,46701,46659,46701,42
sniffing,46742,46701,46742,41
right_turning,46790,46742,46790,48
walking,46839,46790,46839,49
left_turning,46840,46839,46840,1
sniffing,47007,46840,47007,167
trotting,47013,47007,47013,6
walking,47014,47013,47014,1
trotting,47043,47014,47043,29
sniffing,47112,47043,47112,69
left_turning,47122,47112,47122,10
sniffing,47141,47122,47141,19
rearing,47142,47141,47142,1
hunching,47143,47142,47143,1
walking,47224,47143,47224,81
rising,47241,47224,47241,17
walking,47355,47241,47355,114
stepping,47479,47355,47479,124
sniffing,47605,47479,47605,126
walking,47679,47605,47679,74
trotting,47697,47679,47697,18
walking,47763,47697,47763,66
rising,47800,47763,47800,37
sniffing,47872,47800,47872,72
walking,47873,47872,47873,1
left_turning,47876,47873,47876,3
walking,47929,47876,47929,53
climbing,47930,47929,47930,1
rising,48054,47930,48054,124
grooming,48306,48054,48306,252
rearing,48374,48306,48374,68
walking,48410,48374,48410,36
stepping,48456,48410,48456,46
walking,48457,48456,48457,1
climbing,48528,48457,48528,71
sniffing,48677,48528,48677,149
rising,48756,48677,48756,79
sniffing,48757,48756,48757,1
rearing,48877,48757,48877,120
sniffing,48977,48877,48977,100
rising,48986,48977,48986,9
walking,49055,48986,49055,69
stepping,49085,49055,49085,30
hunching,49181,49085,49181,96
sniffing,49182,49181,49182,1
left_turning,49216,49182,49216,34
trotting,49270,49216,49270,54
sniffing,49310,49270,49310,40
left_turning,49378,49310,49378,68
sniffing,49468,49378,49468,90
climbing,49511,49468,49511,43
right_turning,49535,49511,49535,24
walking,49536,49535,49536,1
sniffing,49622,49536,49622,86
climbing,49658,49622,49658,36
rising,49737,49658,49737,79
rearing,49824,49737,49824,87
walking,49825,49824,49825,1
sniffing,49889,49825,49889,64
rising,49909,49889,49909,20
sniffing,49910,49909,49910,1
right_turning,49917,49910,49917,7
sniffing,50036,49917,50036,119
right_turning,50061,50036,50061,25
running,50096,50061,50096,35
sniffing,50193,50096,50193,97
trotting,50216,50193,50216,23
sniffing,50217,50216,50217,1
rising,50218,50217,50218,1
right_turning,50243,50218,50243,25
walking,50386,50243,50386,143
sniffing,50421,50386,50421,35
climbing,50505,50421,50505,84
sniffing,50868,50505,50868,363
stepping,50926,50868,50926,58
right_turning,50936,50926,50936,10
walking,50945,50936,50945,9
trotting,50996,50945,50996,51
sniffing,50997,50996,50997,1
left_turning,51036,50997,51036,39
sniffing,51062,51036,51062,26
climbing,51088,51062,51088,26
running,51113,51088,51113,25
walking,51203,51113,51203,90
sniffing,51303,51203,51303,100
stepping,51351,51303,51351,48
rising,51419,51351,51419,68
stepping,51434,51419,51434,15
sniffing,51501,51434,51501,67
left_turning,51502,51501,51502,1
running,51532,51502,51532,30
stepping,51555,51532,51555,23
trotting,51567,51555,51567,12
rearing,51594,51567,51594,27
rising,51604,51594,51604,10
sniffing,51762,51604,51762,158
grooming,51862,51762,51862,100
rearing,51871,51862,51871,9
right_turning,51896,51871,51896,25
sniffing,52162,51896,52162,266
climbing,52191,52162,52191,29
walking,52252,52191,52252,61
climbing,52327,52252,52327,75
right_turning,52347,52327,52347,20
rising,52378,52347,52378,31
walking,52424,52378,52424,46
left_turning,52491,52424,52491,67
walking,52516,52491,52516,25
sniffing,52550,52516,52550,34
rearing,52585,52550,52585,35
climbing,52624,52585,52624,39
sniffing,52690,52624,52690,66
left_turning,52739,52690,52739,49
rising,52759,52739,52759,20
left_turning,52823,52759,52823,64
sniffing,52875,52823,52875,52
walking,52908,52875,52908,33
rising,52948,52908,52948,40
hunching,53009,52948,53009,61
sniffing,53016,53009,53016,7
rising,53037,53016,53037,21
sniffing,53065,53037,53065,28
rising,53119,53065,53119,54
right_turning,53156,53119,53156,37
walking,53157,53156,53157,1
sniffing,53243,53157,53243,86
climbing,53260,53243,53260,17
hunching,53273,53260,53273,13
climbing,53337,53273,53337,64
hunching,53386,53337,53386,49
sniffing,53387,53386,53387,1
left_turning,53426,53387,53426,39
trotting,53434,53426,53434,8
rising,53461,53434,53461,27
climbing,53464,53461,53464,3
rising,53481,53464,53481,17
sniffing,53514,53481,53514,33
hunching,53682,53514,53682,168
sniffing,53706,53682,53706,24
pausing,53862,53706,53862,156
sniffing,54055,53862,54055,193
rising,54108,54055,54108,53
walking,54139,54108,54139,31
grooming,54162,54139,54162,23
rearing,54230,54162,54230,68
grooming,54244,54230,54244,14
rearing,54259,54244,54259,15
sniffing,54447,54259,54447,188
climbing,54525,54447,54525,78
left_turning,54535,54525,54535,10
rising,54620,54535,54620,85
sniffing,54736,54620,54736,116
rearing,54737,54736,54737,1
hunching,54775,54737,54775,38
sniffing,54805,54775,54805,30
trotting,54843,54805,54843,38
sniffing,54844,54843,54844,1
rising,54876,54844,54876,32
climbing,54961,54876,54961,85
walking,54973,54961,54973,12
left_turning,55080,54973,55080,107
sniffing,55193,55080,55193,113
trotting,55243,55193,55243,50
sniffing,55289,55243,55289,46
walking,55349,55289,55349,60
stepping,55406,55349,55406,57
sniffing,55492,55406,55492,86
climbing,55555,55492,55555,63
rising,55643,55555,55643,88
climbing,55644,55643,55644,1
sniffing,55838,55644,55838,194
grooming,55986,55838,55986,148
climbing,56023,55986,56023,37
rising,56061,56023,56061,38
trotting,56075,56061,56075,14
sniffing,56209,56075,56209,134
pausing,56370,56209,56370,161
sniffing,56371,56370,56371,1
walking,56411,56371,56411,40
sniffing,56444,56411,56444,33
left_turning,56540,56444,56540,96
walking,56562,56540,56562,22
left_turning,56578,56562,56578,16
climbing,56678,56578,56678,100
rising,56679,56678,56679,1
climbing,56680,56679,56680,1
sniffing,56740,56680,56740,60
rising,56770,56740,56770,30
left_turning,56809,56770,56809,39
walking,56858,56809,56858,49
climbing,56859,56858,56859,1
rising,56906,56859,56906,47
sniffing,56936,56906,56936,30
climbing,56967,56936,56967,31
rising,56980,56967,56980,13
climbing,57203,56980,57203,223
rising,57204,57203,57204,1
sniffing,57302,57204,57302,98
rising,57303,57302,57303,1
climbing,57385,57303,57385,82
trotting,57408,57385,57408,23
walking,57480,57408,57480,72
sniffing,57536,57480,57536,56
walking,57567,57536,57567,31
sniffing,57616,57567,57616,49
stepping,57646,57616,57646,30
sniffing,57711,57646,57711,65
hunching,57739,57711,57739,28
sniffing,57740,57739,57740,1
walking,57813,57740,57813,73
rising,57843,57813,57843,30
climbing,57913,57843,57913,70
right_turning,57943,57913,57943,30
walking,58011,57943,58011,68
climbing,58104,58011,58104,93
sniffing,58105,58104,58105,1
right_turning,58116,58105,58116,11
stepping,58133,58116,58133,17
walking,58204,58133,58204,71
right_turning,58235,58204,58235,31
running,58266,58235,58266,31
walking,58355,58266,58355,89
stepping,58376,58355,58376,21
walking,58452,58376,58452,76
sniffing,58530,58452,58530,78
rearing,58583,58530,58583,53
grooming,58808,58583,58808,225
running,58827,58808,58827,19
stepping,58834,58827,58834,7
sniffing,58883,58834,58883,49
rising,58894,58883,58894,11
climbing,58924,58894,58924,30
walking,58965,58924,58965,41
left_turning,59021,58965,59021,56
walking,59047,59021,59047,26
left_turning,59078,59047,59078,31
sniffing,59146,59078,59146,68
rising,59185,59146,59185,39
sniffing,59292,59185,59292,107
walking,59293,59292,59293,1
sniffing,59365,59293,59365,72
pausing,59533,59365,59533,168
sniffing,59565,59533,59565,32
rising,59566,59565,59566,1
climbing,59636,59566,59636,70
rearing,59678,59636,59678,42
rising,59714,59678,59714,36
climbing,59798,59714,59798,84
trotting,59849,59798,59849,51
sniffing,59899,59849,59899,50
rising,59952,59899,59952,53
stepping,59960,59952,59960,8
walking,60025,59960,60025,65
rising,60026,60025,60026,1
sniffing,60027,60026,60027,1
rising,60036,60027,60036,9
climbing,60113,60036,60113,77
rising,60164,60113,60164,51
hunching,60260,60164,60260,96
rearing,60320,60260,60320,60
walking,60432,60320,60432,112
left_turning,60453,60432,60453,21
sniffing,60543,60453,60543,90
left_turning,60583,60543,60583,40
sniffing,60642,60583,60642,59
climbing,60724,60642,60724,82
grooming,60802,60724,60802,78
sniffing,60803,60802,60803,1
trotting,60885,60803,60885,82
walking,60942,60885,60942,57
rising,60987,60942,60987,45
grooming,61077,60987,61077,90
climbing,61107,61077,61107,30
sniffing,61125,61107,61125,18
walking,61134,61125,61134,9
rising,61135,61134,61135,1
sniffing,61164,61135,61164,29
walking,61199,61164,61199,35
sniffing,61216,61199,61216,17
climbing,61227,61216,61227,11
walking,61228,61227,61228,1
right_turning,61231,61228,61231,3
rising,61232,61231,61232,1
rearing,61233,61232,61233,1
sniffing,61260,61233,61260,27
rising,61261,61260,61261,1
left_turning,61295,61261,61295,34
sniffing,61296,61295,61296,1
rising,61299,61296,61299,3
hunching,61300,61299,61300,1
grooming,61389,61300,61389,89
sniffing,61396,61389,61396,7
rising,61397,61396,61397,1
sniffing,61485,61397,61485,88
rearing,61486,61485,61486,1
sniffing,61685,61486,61685,199
hunching,61702,61685,61702,17
sniffing,61703,61702,61703,1
rearing,61761,61703,61761,58
grooming,61762,61761,61762,1
stepping,61833,61762,61833,71
walking,61902,61833,61902,69
trotting,61932,61902,61932,30
sniffing,61993,61932,61993,61
climbing,62058,61993,62058,65
right_turning,62085,62058,62085,27
sniffing,62201,62085,62201,116
climbing,62246,62201,62246,45
rearing,62258,62246,62258,12
sniffing,62378,62258,62378,120
walking,62399,62378,62399,21
sniffing,62433,62399,62433,34
walking,62435,62433,62435,2
sniffing,62466,62435,62466,31
stepping,62526,62466,62526,60
sniffing,62588,62526,62588,62
grooming,62594,62588,62594,6
right_turning,62646,62594,62646,52
running,62669,62646,62669,23
rising,62684,62669,62684,15
rearing,62717,62684,62717,33
sniffing,62834,62717,62834,117
running,62885,62834,62885,51
rising,62961,62885,62961,76
sniffing,63006,62961,63006,45
left_turning,63007,63006,63007,1
walking,63046,63007,63046,39
rising,63145,63046,63145,99
sniffing,63250,63145,63250,105
walking,63295,63250,63295,45
sniffing,63402,63295,63402,107
running,63403,63402,63403,1
walking,63446,63403,63446,43
sniffing,63494,63446,63494,48
rearing,63578,63494,63578,84
climbing,63775,63578,63775,197
walking,63839,63775,63839,64
rising,63846,63839,63846,7
climbing,63919,63846,63919,73
sniffing,63994,63919,63994,75
rearing,63995,63994,63995,1
hunching,64012,63995,64012,17
grooming,64013,64012,64013,1
rearing,64014,64013,64014,1
sniffing,64037,64014,64037,23
walking,64063,64037,64063,26
climbing,64064,64063,64064,1
sniffing,64074,64064,64074,10
rising,64090,64074,64090,16
walking,64130,64090,64130,40
rising,64185,64130,64185,55
rearing,64186,64185,64186,1
sniffing,64286,64186,64286,100
rearing,64398,64286,64398,112
climbing,64416,64398,64416,18
rising,64451,64416,64451,35
hunching,64452,64451,64452,1
sniffing,64466,64452,64466,14
right_turning,64536,64466,64536,70
sniffing,64660,64536,64660,124
walking,64678,64660,64678,18
sniffing,64739,64678,64739,61
right_turning,64742,64739,64742,3
climbing,64743,64742,64743,1
trotting,64804,64743,64804,61
sniffing,64823,64804,64823,19
walking,64861,64823,64861,38
stepping,64914,64861,64914,53
rising,64917,64914,64917,3
climbing,65011,64917,65011,94
walking,65106,65011,65106,95
jumping,65151,65106,65151,45
rising,65211,65151,65211,60
hunching,65271,65211,65271,60
rearing,65366,65271,65366,95
sniffing,65835,65366,65835,469
grooming,66237,65835,66237,402
sniffing,66249,66237,66249,12
right_turning,66303,66249,66303,54
sniffing,66401,66303,66401,98
rising,66410,66401,66410,9
sniffing,66435,66410,66435,25
walking,66468,66435,66468,33
left_turning,66499,66468,66499,31
trotting,66546,66499,66546,47
walking,66547,66546,66547,1
left_turning,66591,66547,66591,44
walking,66601,66591,66601,10
trotting,66632,66601,66632,31
right_turning,66633,66632,66633,1
stepping,66683,66633,66683,50
trotting,66701,66683,66701,18
sniffing,66741,66701,66741,40
rising,66805,66741,66805,64
climbing,66863,66805,66863,58
walking,66915,66863,66915,52
sniffing,66961,66915,66961,46
left_turning,66968,66961,66968,7
walking,66975,66968,66975,7
sniffing,67052,66975,67052,77
left_turning,67094,67052,67094,42
trotting,67128,67094,67128,34
rising,67141,67128,67141,13
climbing,67223,67141,67223,82
rising,67237,67223,67237,14
sniffing,67376,67237,67376,139
right_turning,67415,67376,67415,39
left_turning,67416,67415,67416,1
sniffing,67447,67416,67447,31
right_turning,67471,67447,67471,24
running,67501,67471,67501,30
climbing,67563,67501,67563,62
grooming,67564,67563,67564,1
sniffing,67670,67564,67670,106
walking,67745,67670,67745,75
left_turning,67790,67745,67790,45
sniffing,67830,67790,67830,40
left_turning,67857,67830,67857,27
running,67897,67857,67897,40
stepping,67898,67897,67898,1
sniffing,68002,67898,68002,104
right_turning,68050,68002,68050,48
stepping,68121,68050,68121,71
sniffing,68192,68121,68192,71
hunching,68215,68192,68215,23
trotting,68262,68215,68262,47
sniffing,68361,68262,68361,99
trotting,68427,68361,68427,66
sniffing,68601,68427,68601,174
walking,68656,68601,68656,55
left_turning,68673,68656,68673,17
sniffing,68795,68673,68795,122
climbing,68837,68795,68837,42
sniffing,68900,68837,68900,63
walking,68934,68900,68934,34
stepping,68936,68934,68936,2
walking,69036,68936,69036,100
stepping,69059,69036,69059,23
sniffing,69163,69059,69163,104
rising,69217,69163,69217,54
climbing,69297,69217,69297,80
sniffing,69302,69297,69302,5
right_turning,69353,69302,69353,51
sniffing,69479,69353,69479,126
rising,69480,69479,69480,1
climbing,69513,69480,69513,33
rising,69514,69513,69514,1
climbing,69593,69514,69593,79
rising,69667,69593,69667,74
sniffing,69784,69667,69784,117
rising,69837,69784,69837,53
sniffing,69896,69837,69896,59
pausing,70049,69896,70049,153
sniffing,70144,70049,70144,95
walking,70216,70144,70216,72
left_turning,70234,70216,70234,18
sniffing,70235,70234,70235,1
walking,70254,70235,70254,19
sniffing,70255,70254,70255,1
climbing,70319,70255,70319,64
trotting,70334,70319,70334,15
stepping,70390,70334,70390,56
sniffing,70608,70390,70608,218
pausing,71239,70608,71239,631
sniffing,71415,71239,71415,176
rising,71425,71415,71425,10
climbing,71498,71425,71498,73
rising,71504,71498,71504,6
running,71534,71504,71534,30
rising,71535,71534,71535,1
sniffing,71538,71535,71538,3
rising,71539,71538,71539,1
sniffing,71563,71539,71563,24
rising,71603,71563,71603,40
sniffing,71658,71603,71658,55
grooming,71659,71658,71659,1
rising,71725,71659,71725,66
climbing,71764,71725,71764,39
right_turning,71769,71764,71769,5
trotting,71816,71769,71816,47
walking,71837,71816,71837,21
right_turning,71842,71837,71842,5
sniffing,71855,71842,71855,13
walking,71893,71855,71893,38
rising,71910,71893,71910,17
rearing,72298,71910,72298,388
sniffing,72299,72298,72299,1
walking,72344,72299,72344,45
trotting,72349,72344,72349,5
walking,72389,72349,72389,40
sniffing,72442,72389,72442,53
walking,72482,72442,72482,40
rising,72493,72482,72493,11
rearing,72581,72493,72581,88
climbing,72626,72581,72626,45
right_turning,72677,72626,72677,51
walking,72678,72677,72678,1
trotting,72734,72678,72734,56
left_turning,72757,72734,72757,23
sniffing,72809,72757,72809,52
rising,72810,72809,72810,1
walking,72811,72810,72811,1
right_turning,72831,72811,72831,20
trotting,72936,72831,72936,105
sniffing,73016,72936,73016,80
grooming,73365,73016,73365,349
rising,73366,73365,73366,1
sniffing,73438,73366,73438,72
rising,73480,73438,73480,42
climbing,73487,73480,73487,7
rising,73531,73487,73531,44
sniffing,73572,73531,73572,41
rising,73604,73572,73604,32
sniffing,73757,73604,73757,153
rising,73794,73757,73794,37
climbing,73795,73794,73795,1
hunching,73815,73795,73815,20
grooming,73939,73815,73939,124
right_turning,73961,73939,73961,22
climbing,73994,73961,73994,33
rearing,74001,73994,74001,7
climbing,74104,74001,74104,103
sniffing,74380,74104,74380,276
rising,74399,74380,74399,19
sniffing,74484,74399,74484,85
rearing,74570,74484,74570,86
climbing,74664,74570,74664,94
rearing,74665,74664,74665,1
grooming,74666,74665,74666,1
sniffing,74715,74666,74715,49
rearing,74738,74715,74738,23
climbing,74803,74738,74803,65
rearing,74804,74803,74804,1
climbing,74963,74804,74963,159
sniffing,75124,74963,75124,161
stepping,75126,75124,75126,2
walking,75148,75126,75148,22
stepping,75256,75148,75256,108
hunching,75294,75256,75294,38
sniffing,75345,75294,75345,51
walking,75380,75345,75380,35
climbing,75407,75380,75407,27
sniffing,75708,75407,75708,301
grooming,75783,75708,75783,75
sniffing,75827,75783,75827,44
trotting,75828,75827,75828,1
right_turning,75859,75828,75859,31
climbing,75928,75859,75928,69
trotting,75952,75928,75952,24
rising,75953,75952,75953,1
sniffing,76003,75953,76003,50
rearing,76004,76003,76004,1
rising,76010,76004,76010,6
climbing,76125,76010,76125,115
rearing,76140,76125,76140,15
sniffing,76229,76140,76229,89
climbing,76286,76229,76286,57
rearing,76358,76286,76358,72
sniffing,76390,76358,76390,32
walking,76449,76390,76449,59
sniffing,76554,76449,76554,105
walking,76625,76554,76625,71
left_turning,76626,76625,76626,1
sniffing,76654,76626,76654,28
left_turning,76703,76654,76703,49
sniffing,76783,76703,76783,80
rising,76817,76783,76817,34
climbing,76818,76817,76818,1
right_turning,76845,76818,76845,27
climbing,76934,76845,76934,89
right_turning,76975,76934,76975,41
trotting,76976,76975,76976,1
stepping,77051,76976,77051,75
walking,77075,77051,77075,24
stepping,77103,77075,77103,28
walking,77166,77103,77166,63
sniffing,77191,77166,77191,25
walking,77198,77191,77198,7
rising,77199,77198,77199,1
right_turning,77216,77199,77216,17
walking,77342,77216,77342,126
sniffing,77445,77342,77445,103
left_turning,77447,77445,77447,2
walking,77455,77447,77455,8
rearing,77477,77455,77477,22
climbing,77530,77477,77530,53
rearing,77599,77530,77599,69
sniffing,77718,77599,77718,119
rising,77756,77718,77756,38
walking,77820,77756,77820,64
rising,77871,77820,77871,51
climbing,77970,77871,77970,99
right_turning,77991,77970,77991,21
sniffing,78042,77991,78042,51
left_turning,78148,78042,78148,106
walking,78159,78148,78159,11
right_turning,78172,78159,78172,13
trotting,78208,78172,78208,36
walking,78241,78208,78241,33
sniffing,78242,78241,78242,1
right_turning,78243,78242,78243,1
climbing,78244,78243,78244,1
left_turning,78300,78244,78300,56
stepping,78319,78300,78319,19
left_turning,78366,78319,78366,47
sniffing,78605,78366,78605,239
walking,78647,78605,78647,42
climbing,78744,78647,78744,97
hunching,78783,78744,78783,39
sniffing,78784,78783,78784,1
right_turning,78804,78784,78804,20
walking,78862,78804,78862,58
sniffing,78928,78862,78928,66
rising,78946,78928,78946,18
left_turning,78974,78946,78974,28
running,79016,78974,79016,42
walking,79041,79016,79041,25
right_turning,79068,79041,79068,27
running,79079,79068,79079,11
rising,79195,79079,79195,116
sniffing,79296,79195,79296,101
right_turning,79317,79296,79317,21
sniffing,79442,79317,79442,125
climbing,79446,79442,79446,4
walking,79475,79446,79475,29
sniffing,79562,79475,79562,87
right_turning,79563,79562,79563,1
stepping,79615,79563,79615,52
walking,79653,79615,79653,38
rising,79695,79653,79695,42
hunching,79732,79695,79732,37
sniffing,79857,79732,79857,125
rising,79863,79857,79863,6
sniffing,79914,79863,79914,51
walking,79918,79914,79918,4
climbing,80015,79918,80015,97
rising,80062,80015,80062,47
sniffing,80124,80062,80124,62
left_turning,80150,80124,80150,26
trotting,80175,80150,80175,25
sniffing,80176,80175,80176,1
hunching,80250,80176,80250,74
rising,80267,80250,80267,17
left_turning,80306,80267,80306,39
sniffing,80443,80306,80443,137
left_turning,80509,80443,80509,66
sniffing,80540,80509,80540,31
walking,80604,80540,80604,64
sniffing,80653,80604,80653,49
grooming,81081,80653,81081,428
climbing,81140,81081,81140,59
sniffing,81175,81140,81175,35
rearing,81176,81175,81176,1
rising,81185,81176,81185,9
sniffing,81261,81185,81261,76
climbing,81394,81261,81394,133
sniffing,81395,81394,81395,1
stepping,81423,81395,81423,28
right_turning,81478,81423,81478,55
walking,81479,81478,81479,1
sniffing,81593,81479,81593,114
right_turning,81650,81593,81650,57
trotting,81651,81650,81651,1
left_turning,81652,81651,81652,1
sniffing,81653,81652,81653,1
grooming,82046,81653,82046,393
rearing,82047,82046,82047,1
running,82056,82047,82056,9
stepping,82118,82056,82118,62
walking,82136,82118,82136,18
sniffing,82152,82136,82152,16
left_turning,82191,82152,82191,39
stepping,82214,82191,82214,23
trotting,82229,82214,82229,15
sniffing,82256,82229,82256,27
trotting,82301,82256,82301,45
sniffing,82558,82301,82558,257
left_turning,82626,82558,82626,68
walking,82722,82626,82722,96
stepping,82772,82722,82772,50
walking,82912,82772,82912,140
sniffing,82993,82912,82993,81
rearing,83014,82993,83014,21
grooming,83015,83014,83015,1
left_turning,83089,83015,83089,74
walking,83146,83089,83146,57
sniffing,83294,83146,83294,148
right_turning,83331,83294,83331,37
walking,83332,83331,83332,1
sniffing,83448,83332,83448,116
rising,83497,83448,83497,49
climbing,83551,83497,83551,54
rearing,83612,83551,83612,61
walking,83638,83612,83638,26
climbing,83697,83638,83697,59
rearing,83773,83697,83773,76
right_turning,83795,83773,83795,22
walking,83812,83795,83812,17
left_turning,83876,83812,83876,64
walking,83896,83876,83896,20
sniffing,83897,83896,83897,1
trotting,83957,83897,83957,60
stepping,83986,83957,83986,29
running,84017,83986,84017,31
left_turning,84056,84017,84056,39
walking,84082,84056,84082,26
sniffing,84127,84082,84127,45
climbing,84246,84127,84246,119
rearing,84272,84246,84272,26
left_turning,84308,84272,84308,36
rising,84330,84308,84330,22
sniffing,84331,84330,84331,1
stepping,84345,84331,84345,14
climbing,84429,84345,84429,84
stepping,84475,84429,84475,46
rearing,84562,84475,84562,87
hunching,84596,84562,84596,34
rising,84632,84596,84632,36
left_turning,84659,84632,84659,27
sniffing,84753,84659,84753,94
right_turning,84757,84753,84757,4
running,84792,84757,84792,35
rearing,84793,84792,84793,1
climbing,84862,84793,84862,69
hunching,85022,84862,85022,160
right_turning,85045,85022,85045,23
walking,85068,85045,85068,23
rising,85096,85068,85096,28
climbing,85301,85096,85301,205
rising,85360,85301,85360,59
climbing,85485,85360,85485,125
rising,85504,85485,85504,19
sniffing,85593,85504,85593,89
right_turning,85596,85593,85596,3
walking,85660,85596,85660,64
sniffing,85730,85660,85730,70
climbing,85809,85730,85809,79
rising,85817,85809,85817,8
walking,85865,85817,85865,48
stepping,85902,85865,85902,37
sniffing,86014,85902,86014,112
walking,86016,86014,86016,2
stepping,86049,86016,86049,33
rearing,86073,86049,86073,24
sniffing,86114,86073,86114,41
rising,86141,86114,86141,27
climbing,86142,86141,86142,1
right_turning,86203,86142,86203,61
walking,86204,86203,86204,1
sniffing,86205,86204,86205,1
grooming,86206,86205,86206,1
rising,86258,86206,86258,52
grooming,86259,86258,86259,1
climbing,86433,86259,86433,174
walking,86487,86433,86487,54
sniffing,86511,86487,86511,24
climbing,86524,86511,86524,13
rising,86535,86524,86535,11
hunching,86608,86535,86608,73
sniffing,86660,86608,86660,52
rising,86702,86660,86702,42
left_turning,86730,86702,86730,28
sniffing,86731,86730,86731,1
left_turning,86763,86731,86763,32
sniffing,86846,86763,86846,83
left_turning,86892,86846,86892,46
trotting,86922,86892,86922,30
left_turning,86923,86922,86923,1
sniffing,86988,86923,86988,65
trotting,87028,86988,87028,40
sniffing,87029,87028,87029,1
grooming,87060,87029,87060,31
climbing,87383,87060,87383,323
sniffing,87645,87383,87645,262
walking,87667,87645,87667,22
sniffing,87677,87667,87677,10
climbing,87689,87677,87689,12
sniffing,87752,87689,87752,63
left_turning,87762,87752,87762,10
walking,87819,87762,87819,57
sniffing,87820,87819,87820,1
right_turning,87861,87820,87861,41
walking,87862,87861,87862,1
climbing,87879,87862,87879,17
grooming,88161,87879,88161,282
climbing,88217,88161,88217,56
rearing,88225,88217,88225,8
sniffing,88324,88225,88324,99
walking,88429,88324,88429,105
sniffing,88481,88429,88481,52
left_turning,88498,88481,88498,17
sniffing,88511,88498,88511,13
climbing,88588,88511,88588,77
rising,88629,88588,88629,41
climbing,88630,88629,88630,1
sniffing,88749,88630,88749,119
walking,88831,88749,88831,82
stepping,88849,88831,88849,18
sniffing,88961,88849,88961,112
rising,89029,88961,89029,68
climbing,89132,89029,89132,103
rising,89152,89132,89152,20
walking,89196,89152,89196,44
rearing,89217,89196,89217,21
sniffing,89291,89217,89291,74
climbing,89292,89291,89292,1
sniffing,89337,89292,89337,45
walking,89345,89337,89345,8
stepping,89354,89345,89354,9
walking,89356,89354,89356,2
climbing,89403,89356,89403,47
sniffing,89445,89403,89445,42
rising,89471,89445,89471,26
sniffing,89627,89471,89627,156
walking,89677,89627,89677,50
stepping,89700,89677,89700,23
left_turning,89708,89700,89708,8
walking,89737,89708,89737,29
sniffing,89865,89737,89865,128
trotting,89932,89865,89932,67
sniffing,90038,89932,90038,106
walking,90040,90038,90040,2
sniffing,90111,90040,90111,71
climbing,90250,90111,90250,139
trotting,90277,90250,90277,27
sniffing,90418,90277,90418,141
walking,90419,90418,90419,1
left_turning,90451,90419,90451,32
walking,90501,90451,90501,50
sniffing,90557,90501,90557,56
left_turning,90580,90557,90580,23
rearing,90712,90580,90712,132
rising,90732,90712,90732,20
sniffing,91087,90732,91087,355
climbing,91214,91087,91214,127
walking,91215,91214,91215,1
left_turning,91280,91215,91280,65
walking,91297,91280,91297,17
rising,91320,91297,91320,23
climbing,91417,91320,91417,97
sniffing,91586,91417,91586,169
rising,91742,91586,91742,156
grooming,91743,91742,91743,1
sniffing,92049,91743,92049,306
rising,92121,92049,92121,72
grooming,92488,92121,92488,367
rearing,92542,92488,92542,54
sniffing,92543,92542,92543,1
walking,92565,92543,92565,22
stepping,92609,92565,92609,44
rising,92750,92609,92750,141
sniffing,92809,92750,92809,59
trotting,92821,92809,92821,12
rising,92907,92821,92907,86
sniffing,92990,92907,92990,83
rising,93056,92990,93056,66
climbing,93148,93056,93148,92
rising,93149,93148,93149,1
sniffing,93213,93149,93213,64
right_turning,93224,93213,93224,11
walking,93267,93224,93267,43
rearing,93308,93267,93308,41
hunching,93326,93308,93326,18
grooming,93327,93326,93327,1
climbing,93465,93327,93465,138
trotting,93490,93465,93490,25
walking,93523,93490,93523,33
left_turning,93548,93523,93548,25
sniffing,93613,93548,93613,65
left_turning,93658,93613,93658,45
walking,93727,93658,93727,69
climbing,93764,93727,93764,37
right_turning,93770,93764,93770,6
walking,93862,93770,93862,92
sniffing,93943,93862,93943,81
walking,93987,93943,93987,44
left_turning,94021,93987,94021,34
sniffing,94141,94021,94141,120
trotting,94187,94141,94187,46
walking,94265,94187,94265,78
left_turning,94266,94265,94266,1
walking,94314,94266,94314,48
left_turning,94372,94314,94372,58
sniffing,94452,94372,94452,80
climbing,94487,94452,94487,35
hunching,94500,94487,94500,13
climbing,94501,94500,94501,1
sniffing,94502,94501,94502,1
walking,94552,94502,94552,50
left_turning,94582,94552,94582,30
sniffing,94696,94582,94696,114
pausing,94811,94696,94811,115
sniffing,94897,94811,94897,86
walking,94945,94897,94945,48
sniffing,95028,94945,95028,83
walking,95069,95028,95069,41
climbing,95111,95069,95111,42
rearing,95191,95111,95191,80
climbing,95248,95191,95248,57
grooming,95506,95248,95506,258
hunching,95557,95506,95557,51
sniffing,95624,95557,95624,67
rearing,95625,95624,95625,1
climbing,95724,95625,95724,99
rising,95795,95724,95795,71
sniffing,95877,95795,95877,82
walking,95895,95877,95895,18
right_turning,95950,95895,95950,55
walking,95951,95950,95951,1
sniffing,95977,95951,95977,26
stepping,96033,95977,96033,56
walking,96048,96033,96048,15
stepping,96100,96048,96100,52
climbing,96186,96100,96186,86
sniffing,96258,96186,96258,72
rising,96293,96258,96293,35
walking,96327,96293,96327,34
right_turning,96343,96327,96343,16
rearing,96367,96343,96367,24
rising,96378,96367,96378,11
climbing,96442,96378,96442,64
walking,96543,96442,96543,101
sniffing,96544,96543,96544,1
trotting,96570,96544,96570,26
sniffing,96664,96570,96664,94
rising,96665,96664,96665,1
rearing,96787,96665,96787,122
walking,96788,96787,96788,1
sniffing,96848,96788,96848,60
pausing,96970,96848,96970,122
sniffing,97022,96970,97022,52
climbing,97074,97022,97074,52
rearing,97186,97074,97186,112
grooming,97457,97186,97457,271
trotting,97488,97457,97488,31
left_turning,97546,97488,97546,58
walking,97572,97546,97572,26
sniffing,97660,97572,97660,88
rising,97729,97660,97729,69
climbing,97881,97729,97881,152
sniffing,97956,97881,97956,75
stepping,97985,97956,97985,29
rising,97986,97985,97986,1
rearing,97987,97986,97987,1
sniffing,98138,97987,98138,151
walking,98260,98138,98260,122
sniffing,98272,98260,98272,12
rearing,98325,98272,98325,53
walking,98386,98325,98386,61
rising,98440,98386,98440,54
climbing,98594,98440,98594,154
rearing,98673,98594,98673,79
sniffing,98674,98673,98674,1
climbing,98726,98674,98726,52
rearing,98824,98726,98824,98
sniffing,98907,98824,98907,83
hunching,98908,98907,98908,1
sniffing,99021,98908,99021,113
rising,99027,99021,99027,6
right_turning,99060,99027,99060,33
sniffing,99108,99060,99108,48
right_turning,99123,99108,99123,15
trotting,99151,99123,99151,28
sniffing,99250,99151,99250,99
left_turning,99311,99250,99311,61
sniffing,99312,99311,99312,1
grooming,99313,99312,99313,1
rearing,99314,99313,99314,1
sniffing,99471,99314,99471,157
climbing,99521,99471,99521,50
grooming,99692,99521,99692,171
sniffing,99838,99692,99838,146
rising,99839,99838,99839,1
climbing,99991,99839,99991,152
sniffing,100096,99991,100096,105
grooming,100097,100096,100097,1
hunching,100146,100097,100146,49
right_turning,100153,100146,100153,7
walking,100182,100153,100182,29
sniffing,100183,100182,100183,1
stepping,100191,100183,100191,8
rising,100204,100191,100204,13
running,100205,100204,100205,1
sniffing,100337,100205,100337,132
walking,100428,100337,100428,91
rearing,100457,100428,100457,29
left_turning,100518,100457,100518,61
sniffing,100700,100518,100700,182
stepping,100720,100700,100720,20
walking,100723,100720,100723,3
trotting,100765,100723,100765,42
rising,100773,100765,100773,8
walking,100780,100773,100780,7
rising,100883,100780,100883,103
sniffing,100884,100883,100884,1
climbing,100988,100884,100988,104
sniffing,100989,100988,100989,1
walking,101004,100989,101004,15
sniffing,101102,101004,101102,98
climbing,101140,101102,101140,38
running,101158,101140,101158,18
trotting,101212,101158,101212,54
sniffing,101253,101212,101253,41
left_turning,101255,101253,101255,2
sniffing,101451,101255,101451,196
grooming,101736,101451,101736,285
sniffing,101847,101736,101847,111
rising,101901,101847,101901,54
rearing,101903,101901,101903,2
rising,101975,101903,101975,72
sniffing,102291,101975,102291,316
rising,102292,102291,102292,1
sniffing,102401,102292,102401,109
left_turning,102468,102401,102468,67
walking,102550,102468,102550,82
rising,102628,102550,102628,78
climbing,102754,102628,102754,126
running,102787,102754,102787,33
trotting,102819,102787,102819,32
left_turning,102863,102819,102863,44
walking,102917,102863,102917,54
stepping,102918,102917,102918,1
walking,102960,102918,102960,42
sniffing,103010,102960,103010,50
pausing,103069,103010,103069,59
sniffing,103220,103069,103220,151
left_turning,103224,103220,103224,4
sniffing,103367,103224,103367,143
rearing,103445,103367,103445,78
grooming,104462,103445,104462,1017
walking,104477,104462,104477,15
left_turning,104536,104477,104536,59
rising,104599,104536,104599,63
climbing,104600,104599,104600,1
sniffing,104601,104600,104601,1
left_turning,104614,104601,104614,13
rising,104655,104614,104655,41
left_turning,104665,104655,104665,10
trotting,104716,104665,104716,51
sniffing,104757,104716,104757,41
pausing,104951,104757,104951,194
sniffing,104997,104951,104997,46
right_turning,105065,104997,105065,68
walking,105106,105065,105106,41
sniffing,105119,105106,105119,13
rising,105125,105119,105125,6
climbing,105197,105125,105197,72
grooming,105310,105197,105310,113
trotting,105311,105310,105311,1
sniffing,105366,105311,105366,55
rising,105408,105366,105408,42
climbing,105480,105408,105480,72
right_turning,105500,105480,105500,20
running,105523,105500,105523,23
rising,105581,105523,105581,58
climbing,105582,105581,105582,1
grooming,106584,105582,106584,1002
climbing,106756,106584,106756,172
sniffing,106851,106756,106851,95
climbing,106884,106851,106884,33
walking,106922,106884,106922,38
sniffing,107045,106922,107045,123
walking,107055,107045,107055,10
sniffing,107172,107055,107172,117
walking,107179,107172,107179,7
climbing,107184,107179,107184,5
grooming,107185,107184,107185,1
hunching,107248,107185,107248,63
right_turning,107300,107248,107300,52
left_turning,107330,107300,107330,30
rising,107392,107330,107392,62
hunching,107393,107392,107393,1
rearing,107394,107393,107394,1
walking,107455,107394,107455,61
climbing,107527,107455,107527,72
rising,107528,107527,107528,1
climbing,107529,107528,107529,1
hunching,107564,107529,107564,35
grooming,107565,107564,107565,1
rearing,107566,107565,107566,1
sniffing,107619,107566,107619,53
rising,107701,107619,107701,82
rearing,107726,107701,107726,25
sniffing,107770,107726,107770,44
right_turning,107771,107770,107771,1
walking,107850,107771,107850,79
grooming,107851,107850,107851,1
sniffing,107852,107851,107852,1
walking,107863,107852,107863,11
sniffing,107864,107863,107864,1
left_turning,107885,107864,107885,21
sniffing,107886,107885,107886,1
right_turning,107887,107886,107887,1
sniffing,107977,107887,107977,90
rising,108000,107977,108000,23
