revised_movement_label,segBoundary,segBoundary_start,segBoundary_end,length
sniffing,86,0,86,86
rising,147,86,147,61
climbing,167,147,167,20
rearing,168,167,168,1
left_turning,213,168,213,45
trotting,242,213,242,29
stepping,307,242,307,65
rising,331,307,331,24
walking,422,331,422,91
rising,426,422,426,4
rearing,458,426,458,32
left_turning,472,458,472,14
sniffing,473,472,473,1
walking,545,473,545,72
sniffing,618,545,618,73
trotting,641,618,641,23
sniffing,642,641,642,1
walking,726,642,726,84
sniffing,870,726,870,144
left_turning,907,870,907,37
rising,908,907,908,1
sniffing,919,908,919,11
walking,920,919,920,1
sniffing,1041,920,1041,121
rising,1128,1041,1128,87
climbing,1177,1128,1177,49
rising,1182,1177,1182,5
climbing,1190,1182,1190,8
trotting,1244,1190,1244,54
left_turning,1250,1244,1250,6
walking,1328,1250,1328,78
trotting,1356,1328,1356,28
sniffing,1610,1356,1610,254
walking,1662,1610,1662,52
sniffing,1663,1662,1663,1
rising,1746,1663,1746,83
sniffing,1862,1746,1862,116
climbing,1918,1862,1918,56
sniffing,2028,1918,2028,110
walking,2035,2028,2035,7
left_turning,2088,2035,2088,53
sniffing,2144,2088,2144,56
walking,2145,2144,2145,1
climbing,2194,2145,2194,49
right_turning,2258,2194,2258,64
trotting,2314,2258,2314,56
grooming,2438,2314,2438,124
rearing,2484,2438,2484,46
walking,2541,2484,2541,57
climbing,2581,2541,2581,40
rising,2598,2581,2598,17
climbing,2605,2598,2605,7
rising,2615,2605,2615,10
grooming,2643,2615,2643,28
rearing,2666,2643,2666,23
stepping,2698,2666,2698,32
rising,2738,2698,2738,40
left_turning,2739,2738,2739,1
sniffing,2740,2739,2740,1
climbing,2765,2740,2765,25
walking,2776,2765,2776,11
rising,2854,2776,2854,78
sniffing,2956,2854,2956,102
stepping,3015,2956,3015,59
trotting,3039,3015,3039,24
walking,3070,3039,3070,31
stepping,3074,3070,3074,4
walking,3075,3074,3075,1
climbing,3108,3075,3108,33
walking,3176,3108,3176,68
running,3184,3176,3184,8
rising,3196,3184,3196,12
climbing,3246,3196,3246,50
sniffing,3260,3246,3260,14
rising,3299,3260,3299,39
climbing,3372,3299,3372,73
sniffing,3373,3372,3373,1
climbing,3391,3373,3391,18
sniffing,3556,3391,3556,165
right_turning,3590,3556,3590,34
sniffing,3591,3590,3591,1
walking,3606,3591,3606,15
sniffing,3607,3606,3607,1
walking,3628,3607,3628,21
sniffing,3667,3628,3667,39
rising,3677,3667,3677,10
walking,3746,3677,3746,69
sniffing,3844,3746,3844,98
left_turning,3901,3844,3901,57
sniffing,3944,3901,3944,43
rising,3999,3944,3999,55
stepping,4044,3999,4044,45
sniffing,4123,4044,4123,79
walking,4143,4123,4143,20
sniffing,4144,4143,4144,1
trotting,4197,4144,4197,53
walking,4287,4197,4287,90
rising,4309,4287,4309,22
sniffing,4354,4309,4354,45
climbing,4416,4354,4416,62
rising,4486,4416,4486,70
sniffing,4487,4486,4487,1
left_turning,4532,4487,4532,45
climbing,4621,4532,4621,89
sniffing,4673,4621,4673,52
running,4680,4673,4680,7
sniffing,4738,4680,4738,58
stepping,4803,4738,4803,65
climbing,4849,4803,4849,46
sniffing,4913,4849,4913,64
hunching,4916,4913,4916,3
climbing,4957,4916,4957,41
sniffing,4984,4957,4984,27
rising,5026,4984,5026,42
sniffing,5027,5026,5027,1
left_turning,5087,5027,5087,60
trotting,5163,5087,5163,76
walking,5180,5163,5180,17
trotting,5229,5180,5229,49
left_turning,5305,5229,5305,76
walking,5339,5305,5339,34
sniffing,5392,5339,5392,53
climbing,5406,5392,5406,14
sniffing,5468,5406,5468,62
rising,5469,5468,5469,1
climbing,5492,5469,5492,23
sniffing,5567,5492,5567,75
climbing,5589,5567,5589,22
walking,5628,5589,5628,39
sniffing,5734,5628,5734,106
walking,5803,5734,5803,69
sniffing,5804,5803,5804,1
right_turning,5805,5804,5805,1
climbing,5845,5805,5845,40
sniffing,6087,5845,6087,242
pausing,6345,6087,6345,258
stepping,6365,6345,6365,20
climbing,6422,6365,6422,57
rearing,6482,6422,6482,60
rising,6537,6482,6537,55
climbing,6540,6537,6540,3
walking,6541,6540,6541,1
sniffing,6656,6541,6656,115
right_turning,6778,6656,6778,122
rising,6829,6778,6829,51
climbing,6900,6829,6900,71
running,6921,6900,6921,21
walking,6962,6921,6962,41
trotting,7007,6962,7007,45
running,7031,7007,7031,24
rising,7068,7031,7068,37
walking,7088,7068,7088,20
sniffing,7110,7088,7110,22
trotting,7136,7110,7136,26
walking,7210,7136,7210,74
stepping,7215,7210,7215,5
sniffing,7330,7215,7330,115
rearing,7453,7330,7453,123
sniffing,7480,7453,7480,27
climbing,7496,7480,7496,16
walking,7507,7496,7507,11
climbing,7540,7507,7540,33
sniffing,7671,7540,7671,131
climbing,7743,7671,7743,72
trotting,7760,7743,7760,17
running,7798,7760,7798,38
sniffing,7938,7798,7938,140
pausing,8509,7938,8509,571
sniffing,8633,8509,8633,124
rising,8642,8633,8642,9
sniffing,8779,8642,8779,137
trotting,8780,8779,8780,1
stepping,8813,8780,8813,33
climbing,8866,8813,8866,53
rising,8943,8866,8943,77
walking,9039,8943,9039,96
sniffing,9042,9039,9042,3
right_turning,9043,9042,9043,1
running,9059,9043,9059,16
sniffing,9177,9059,9177,118
walking,9212,9177,9212,35
rising,9245,9212,9245,33
climbing,9289,9245,9289,44
rearing,9293,9289,9293,4
sniffing,9360,9293,9360,67
walking,9399,9360,9399,39
sniffing,9451,9399,9451,52
hunching,9480,9451,9480,29
walking,9522,9480,9522,42
running,9565,9522,9565,43
rising,9612,9565,9612,47
sniffing,9681,9612,9681,69
rising,9727,9681,9727,46
climbing,9792,9727,9792,65
sniffing,9793,9792,9793,1
rising,9846,9793,9846,53
stepping,9892,9846,9892,46
walking,9894,9892,9894,2
running,9914,9894,9914,20
trotting,9960,9914,9960,46
walking,9977,9960,9977,17
sniffing,9978,9977,9978,1
right_turning,10010,9978,10010,32
running,10045,10010,10045,35
climbing,10118,10045,10118,73
sniffing,10229,10118,10229,111
climbing,10307,10229,10307,78
right_turning,10309,10307,10309,2
walking,10356,10309,10356,47
rising,10364,10356,10364,8
sniffing,10455,10364,10455,91
running,10484,10455,10484,29
left_turning,10527,10484,10527,43
sniffing,10726,10527,10726,199
walking,10727,10726,10727,1
rising,10728,10727,10728,1
left_turning,10808,10728,10808,80
stepping,10877,10808,10877,69
climbing,10929,10877,10929,52
sniffing,10930,10929,10930,1
walking,10961,10930,10961,31
sniffing,11079,10961,11079,118
rising,11108,11079,11108,29
right_turning,11132,11108,11132,24
stepping,11154,11132,11154,22
right_turning,11183,11154,11183,29
sniffing,11293,11183,11293,110
left_turning,11342,11293,11342,49
walking,11360,11342,11360,18
rising,11368,11360,11368,8
climbing,11376,11368,11376,8
trotting,11436,11376,11436,60
walking,11518,11436,11518,82
sniffing,11636,11518,11636,118
left_turning,11640,11636,11640,4
sniffing,11698,11640,11698,58
rising,11785,11698,11785,87
rearing,11873,11785,11873,88
walking,11966,11873,11966,93
climbing,11967,11966,11967,1
stepping,11998,11967,11998,31
hunching,12026,11998,12026,28
climbing,12083,12026,12083,57
right_turning,12097,12083,12097,14
walking,12164,12097,12164,67
sniffing,12275,12164,12275,111
right_turning,12285,12275,12285,10
running,12294,12285,12294,9
left_turning,12332,12294,12332,38
climbing,12431,12332,12431,99
right_turning,12449,12431,12449,18
left_turning,12478,12449,12478,29
walking,12479,12478,12479,1
left_turning,12535,12479,12535,56
walking,12668,12535,12668,133
rising,12737,12668,12737,69
sniffing,12747,12737,12747,10
running,12790,12747,12790,43
sniffing,12879,12790,12879,89
left_turning,12930,12879,12930,51
walking,12971,12930,12971,41
rising,13037,12971,13037,66
walking,13070,13037,13070,33
rising,13101,13070,13101,31
climbing,13169,13101,13169,68
trotting,13219,13169,13219,50
right_turning,13259,13219,13259,40
running,13294,13259,13294,35
right_turning,13314,13294,13314,20
walking,13317,13314,13317,3
sniffing,13384,13317,13384,67
right_turning,13385,13384,13385,1
left_turning,13457,13385,13457,72
sniffing,13458,13457,13458,1
left_turning,13462,13458,13462,4
sniffing,13477,13462,13477,15
rising,13524,13477,13524,47
climbing,13537,13524,13537,13
sniffing,13747,13537,13747,210
rising,13815,13747,13815,68
stepping,13841,13815,13841,26
rising,13877,13841,13877,36
climbing,13941,13877,13941,64
hunching,13965,13941,13965,24
right_turning,13968,13965,13968,3
left_turning,13969,13968,13969,1
walking,13978,13969,13978,9
left_turning,13989,13978,13989,11
walking,14050,13989,14050,61
sniffing,14102,14050,14102,52
right_turning,14103,14102,14103,1
walking,14139,14103,14139,36
climbing,14218,14139,14218,79
sniffing,14264,14218,14264,46
right_turning,14350,14264,14350,86
sniffing,14568,14350,14568,218
trotting,14616,14568,14616,48
climbing,14622,14616,14622,6
stepping,14685,14622,14685,63
sniffing,14784,14685,14784,99
climbing,14829,14784,14829,45
sniffing,14830,14829,14830,1
running,14851,14830,14851,21
sniffing,14929,14851,14929,78
walking,14965,14929,14965,36
sniffing,15035,14965,15035,70
walking,15046,15035,15046,11
sniffing,15159,15046,15159,113
left_turning,15160,15159,15160,1
rising,15200,15160,15200,40
climbing,15286,15200,15286,86
walking,15300,15286,15300,14
sniffing,15303,15300,15303,3
rising,15311,15303,15311,8
sniffing,15312,15311,15312,1
rising,15363,15312,15363,51
climbing,15421,15363,15421,58
right_turning,15422,15421,15422,1
walking,15444,15422,15444,22
pausing,15704,15444,15704,260
sniffing,15762,15704,15762,58
stepping,15808,15762,15808,46
rising,15874,15808,15874,66
sniffing,15882,15874,15882,8
climbing,15958,15882,15958,76
sniffing,16044,15958,16044,86
walking,16100,16044,16100,56
sniffing,16139,16100,16139,39
trotting,16148,16139,16148,9
left_turning,16188,16148,16188,40
trotting,16219,16188,16219,31
walking,16286,16219,16286,67
sniffing,16324,16286,16324,38
stepping,16358,16324,16358,34
walking,16425,16358,16425,67
sniffing,16492,16425,16492,67
right_turning,16509,16492,16509,17
stepping,16548,16509,16548,39
rising,16618,16548,16618,70
sniffing,16665,16618,16665,47
left_turning,16666,16665,16666,1
walking,16710,16666,16710,44
climbing,16735,16710,16735,25
left_turning,16759,16735,16759,24
sniffing,16769,16759,16769,10
rising,16841,16769,16841,72
climbing,16980,16841,16980,139
right_turning,16990,16980,16990,10
walking,17018,16990,17018,28
sniffing,17019,17018,17019,1
left_turning,17063,17019,17063,44
walking,17126,17063,17126,63
left_turning,17152,17126,17152,26
trotting,17177,17152,17177,25
walking,17197,17177,17197,20
sniffing,17364,17197,17364,167
rising,17365,17364,17365,1
right_turning,17366,17365,17366,1
trotting,17382,17366,17382,16
stepping,17411,17382,17411,29
sniffing,17450,17411,17450,39
right_turning,17522,17450,17522,72
running,17554,17522,17554,32
trotting,17593,17554,17593,39
sniffing,17671,17593,17671,78
hunching,17726,17671,17726,55
right_turning,17752,17726,17752,26
sniffing,17809,17752,17809,57
climbing,17887,17809,17887,78
sniffing,17899,17887,17899,12
climbing,17945,17899,17945,46
right_turning,17981,17945,17981,36
trotting,18026,17981,18026,45
sniffing,18154,18026,18154,128
left_turning,18155,18154,18155,1
running,18187,18155,18187,32
sniffing,18229,18187,18229,42
rearing,18339,18229,18339,110
sniffing,18366,18339,18366,27
rising,18367,18366,18367,1
sniffing,18455,18367,18455,88
right_turning,18506,18455,18506,51
walking,18570,18506,18570,64
right_turning,18571,18570,18571,1
grooming,18730,18571,18730,159
walking,18771,18730,18771,41
climbing,18849,18771,18849,78
right_turning,18883,18849,18883,34
trotting,18902,18883,18902,19
walking,18969,18902,18969,67
sniffing,19090,18969,19090,121
walking,19120,19090,19120,30
sniffing,19123,19120,19123,3
rising,19169,19123,19169,46
climbing,19207,19169,19207,38
right_turning,19236,19207,19236,29
walking,19289,19236,19289,53
climbing,19340,19289,19340,51
grooming,19341,19340,19341,1
hunching,19376,19341,19376,35
grooming,19453,19376,19453,77
climbing,19501,19453,19501,48
rearing,19502,19501,19502,1
hunching,19529,19502,19529,27
sniffing,19606,19529,19606,77
rearing,19607,19606,19607,1
grooming,19608,19607,19608,1
rising,19713,19608,19713,105
right_turning,19729,19713,19729,16
walking,19779,19729,19779,50
left_turning,19886,19779,19886,107
sniffing,19968,19886,19968,82
walking,19989,19968,19989,21
rising,20061,19989,20061,72
left_turning,20112,20061,20112,51
sniffing,20140,20112,20140,28
right_turning,20141,20140,20141,1
stepping,20183,20141,20183,42
walking,20213,20183,20213,30
climbing,20277,20213,20277,64
grooming,20375,20277,20375,98
sniffing,20532,20375,20532,157
stepping,20574,20532,20574,42
left_turning,20623,20574,20623,49
sniffing,20688,20623,20688,65
rearing,20776,20688,20776,88
grooming,20777,20776,20777,1
sniffing,20786,20777,20786,9
walking,20810,20786,20810,24
sniffing,20836,20810,20836,26
walking,20859,20836,20859,23
sniffing,20895,20859,20895,36
walking,20966,20895,20966,71
sniffing,21104,20966,21104,138
trotting,21150,21104,21150,46
climbing,21199,21150,21199,49
rising,21359,21199,21359,160
climbing,21426,21359,21426,67
right_turning,21443,21426,21443,17
stepping,21478,21443,21478,35
walking,21486,21478,21486,8
sniffing,21542,21486,21542,56
rising,21563,21542,21563,21
left_turning,21564,21563,21564,1
walking,21566,21564,21566,2
sniffing,21652,21566,21652,86
left_turning,21653,21652,21653,1
walking,21654,21653,21654,1
climbing,21777,21654,21777,123
rising,21778,21777,21778,1
walking,21839,21778,21839,61
climbing,21910,21839,21910,71
right_turning,21911,21910,21911,1
rising,21962,21911,21962,51
climbing,21966,21962,21966,4
grooming,21980,21966,21980,14
rearing,22008,21980,22008,28
hunching,22027,22008,22027,19
sniffing,22122,22027,22122,95
walking,22124,22122,22124,2
sniffing,22203,22124,22203,79
rising,22204,22203,22204,1
climbing,22260,22204,22260,56
walking,22273,22260,22273,13
sniffing,22473,22273,22473,200
left_turning,22513,22473,22513,40
walking,22549,22513,22549,36
left_turning,22573,22549,22573,24
sniffing,22604,22573,22604,31
hunching,22633,22604,22633,29
right_turning,22646,22633,22646,13
sniffing,22672,22646,22672,26
left_turning,22711,22672,22711,39
sniffing,22712,22711,22712,1
climbing,22713,22712,22713,1
rising,22752,22713,22752,39
hunching,22803,22752,22803,51
left_turning,22804,22803,22804,1
trotting,22856,22804,22856,52
left_turning,22879,22856,22879,23
trotting,22896,22879,22896,17
walking,22897,22896,22897,1
sniffing,22971,22897,22971,74
trotting,22994,22971,22994,23
walking,23014,22994,23014,20
climbing,23059,23014,23059,45
sniffing,23060,23059,23060,1
rising,23084,23060,23084,24
climbing,23132,23084,23132,48
sniffing,23133,23132,23133,1
left_turning,23180,23133,23180,47
sniffing,23181,23180,23181,1
left_turning,23202,23181,23202,21
sniffing,23214,23202,23214,12
climbing,23267,23214,23267,53
rising,23322,23267,23322,55
sniffing,23343,23322,23343,21
rearing,23372,23343,23372,29
sniffing,23373,23372,23373,1
right_turning,23399,23373,23399,26
trotting,23464,23399,23464,65
walking,23489,23464,23489,25
left_turning,23504,23489,23504,15
rising,23538,23504,23538,34
sniffing,23584,23538,23584,46
left_turning,23614,23584,23614,30
sniffing,23646,23614,23646,32
rising,23670,23646,23670,24
climbing,23741,23670,23741,71
rearing,23742,23741,23742,1
left_turning,23830,23742,23830,88
trotting,23860,23830,23860,30
walking,23893,23860,23893,33
rising,23905,23893,23905,12
walking,23944,23905,23944,39
sniffing,24029,23944,24029,85
stepping,24030,24029,24030,1
rising,24068,24030,24068,38
sniffing,24260,24068,24260,192
stepping,24273,24260,24273,13
sniffing,24332,24273,24332,59
left_turning,24336,24332,24336,4
running,24359,24336,24359,23
stepping,24373,24359,24373,14
walking,24420,24373,24420,47
sniffing,24421,24420,24421,1
left_turning,24430,24421,24430,9
sniffing,24479,24430,24479,49
walking,24522,24479,24522,43
sniffing,24630,24522,24630,108
rising,24655,24630,24655,25
grooming,24789,24655,24789,134
sniffing,24874,24789,24874,85
climbing,24940,24874,24940,66
right_turning,24941,24940,24941,1
walking,24991,24941,24991,50
sniffing,25035,24991,25035,44
climbing,25090,25035,25090,55
grooming,25091,25090,25091,1
sniffing,25176,25091,25176,85
left_turning,25207,25176,25207,31
trotting,25216,25207,25216,9
rising,25252,25216,25252,36
sniffing,25301,25252,25301,49
walking,25339,25301,25339,38
sniffing,25442,25339,25442,103
climbing,25506,25442,25506,64
sniffing,25507,25506,25507,1
walking,25658,25507,25658,151
sniffing,25728,25658,25728,70
grooming,25926,25728,25926,198
left_turning,25942,25926,25942,16
walking,25950,25942,25950,8
rising,26117,25950,26117,167
climbing,26163,26117,26163,46
rising,26169,26163,26169,6
climbing,26205,26169,26205,36
trotting,26276,26205,26276,71
walking,26291,26276,26291,15
sniffing,26424,26291,26424,133
walking,26466,26424,26466,42
right_turning,26503,26466,26503,37
trotting,26573,26503,26573,70
walking,26633,26573,26633,60
left_turning,26634,26633,26634,1
sniffing,26676,26634,26676,42
rising,26699,26676,26699,23
left_turning,26751,26699,26751,52
trotting,26758,26751,26758,7
sniffing,26801,26758,26801,43
grooming,26847,26801,26847,46
sniffing,26963,26847,26963,116
walking,26973,26963,26973,10
stepping,27004,26973,27004,31
trotting,27066,27004,27066,62
sniffing,27072,27066,27072,6
climbing,27137,27072,27137,65
sniffing,27202,27137,27202,65
rising,27297,27202,27297,95
sniffing,27367,27297,27367,70
rearing,27444,27367,27444,77
trotting,27479,27444,27479,35
sniffing,27480,27479,27480,1
walking,27545,27480,27545,65
rising,27638,27545,27638,93
climbing,27674,27638,27674,36
running,27694,27674,27694,20
stepping,27707,27694,27707,13
walking,27773,27707,27773,66
climbing,27774,27773,27774,1
sniffing,27872,27774,27872,98
climbing,27921,27872,27921,49
right_turning,28000,27921,28000,79
left_turning,28067,28000,28067,67
sniffing,28068,28067,28068,1
climbing,28128,28068,28128,60
walking,28161,28128,28161,33
sniffing,28186,28161,28186,25
rising,28246,28186,28246,60
rearing,28247,28246,28247,1
sniffing,28248,28247,28248,1
walking,28265,28248,28265,17
trotting,28295,28265,28295,30
sniffing,28361,28295,28361,66
left_turning,28453,28361,28453,92
sniffing,28495,28453,28495,42
left_turning,28586,28495,28586,91
walking,28600,28586,28600,14
sniffing,28601,28600,28601,1
trotting,28609,28601,28609,8
rearing,28693,28609,28693,84
trotting,28755,28693,28755,62
rising,28759,28755,28759,4
climbing,28812,28759,28812,53
right_turning,28864,28812,28864,52
walking,28888,28864,28888,24
sniffing,28920,28888,28920,32
rising,28937,28920,28937,17
rearing,28992,28937,28992,55
walking,29025,28992,29025,33
sniffing,29086,29025,29086,61
rising,29170,29086,29170,84
trotting,29204,29170,29204,34
rising,29211,29204,29211,7
trotting,29234,29211,29234,23
walking,29275,29234,29275,41
rising,29279,29275,29279,4
sniffing,29323,29279,29323,44
rising,29324,29323,29324,1
stepping,29363,29324,29363,39
walking,29428,29363,29428,65
jumping,29440,29428,29440,12
trotting,29482,29440,29482,42
sniffing,29498,29482,29498,16
rising,29505,29498,29505,7
climbing,29582,29505,29582,77
sniffing,29583,29582,29583,1
rearing,29584,29583,29584,1
right_turning,29616,29584,29616,32
left_turning,29617,29616,29617,1
rising,29641,29617,29641,24
sniffing,29642,29641,29642,1
climbing,29704,29642,29704,62
sniffing,29823,29704,29823,119
walking,29836,29823,29836,13
left_turning,29877,29836,29877,41
sniffing,29995,29877,29995,118
rearing,30031,29995,30031,36
climbing,30094,30031,30094,63
rising,30130,30094,30130,36
climbing,30236,30130,30236,106
walking,30278,30236,30278,42
left_turning,30279,30278,30279,1
trotting,30303,30279,30303,24
running,30333,30303,30333,30
walking,30439,30333,30439,106
sniffing,30580,30439,30580,141
walking,30609,30580,30609,29
sniffing,30618,30609,30618,9
climbing,30657,30618,30657,39
rising,30700,30657,30700,43
trotting,30747,30700,30747,47
rising,30765,30747,30765,18
sniffing,30860,30765,30860,95
climbing,30921,30860,30921,61
rising,30922,30921,30922,1
climbing,30923,30922,30923,1
right_turning,30924,30923,30924,1
walking,30996,30924,30996,72
sniffing,31184,30996,31184,188
grooming,31185,31184,31185,1
sniffing,31259,31185,31259,74
left_turning,31268,31259,31268,9
rising,31269,31268,31269,1
walking,31323,31269,31323,54
rising,31382,31323,31382,59
climbing,31462,31382,31462,80
walking,31561,31462,31561,99
rising,31568,31561,31568,7
trotting,31577,31568,31577,9
stepping,31608,31577,31608,31
rearing,31609,31608,31609,1
grooming,31610,31609,31610,1
climbing,31714,31610,31714,104
sniffing,31715,31714,31715,1
walking,31749,31715,31749,34
rising,31795,31749,31795,46
sniffing,31796,31795,31796,1
rising,31857,31796,31857,61
climbing,31928,31857,31928,71
sniffing,32025,31928,32025,97
trotting,32053,32025,32053,28
climbing,32123,32053,32123,70
rising,32167,32123,32167,44
sniffing,32168,32167,32168,1
rising,32211,32168,32211,43
climbing,32242,32211,32242,31
sniffing,32243,32242,32243,1
walking,32329,32243,32329,86
sniffing,32334,32329,32334,5
rearing,32345,32334,32345,11
right_turning,32395,32345,32395,50
trotting,32446,32395,32446,51
walking,32474,32446,32474,28
rearing,32510,32474,32510,36
climbing,32633,32510,32633,123
sniffing,32714,32633,32714,81
rising,32771,32714,32771,57
climbing,32778,32771,32778,7
sniffing,32862,32778,32862,84
walking,32907,32862,32907,45
sniffing,32963,32907,32963,56
climbing,33031,32963,33031,68
walking,33070,33031,33070,39
sniffing,33093,33070,33093,23
rising,33176,33093,33176,83
climbing,33255,33176,33255,79
sniffing,33317,33255,33317,62
walking,33341,33317,33341,24
left_turning,33369,33341,33369,28
walking,33389,33369,33389,20
sniffing,33390,33389,33390,1
left_turning,33404,33390,33404,14
sniffing,33515,33404,33515,111
left_turning,33535,33515,33535,20
right_turning,33576,33535,33576,41
walking,33870,33576,33870,294
left_turning,33885,33870,33885,15
sniffing,33940,33885,33940,55
climbing,34010,33940,34010,70
walking,34070,34010,34070,60
stepping,34077,34070,34077,7
walking,34078,34077,34078,1
stepping,34131,34078,34131,53
left_turning,34155,34131,34155,24
stepping,34177,34155,34177,22
walking,34178,34177,34178,1
right_turning,34179,34178,34179,1
trotting,34207,34179,34207,28
walking,34245,34207,34245,38
sniffing,34356,34245,34356,111
hunching,34357,34356,34357,1
sniffing,34426,34357,34426,69
climbing,34562,34426,34562,136
sniffing,34679,34562,34679,117
walking,34680,34679,34680,1
sniffing,34727,34680,34727,47
climbing,34761,34727,34761,34
rearing,34768,34761,34768,7
rising,34847,34768,34847,79
climbing,34880,34847,34880,33
sniffing,34881,34880,34881,1
stepping,34919,34881,34919,38
sniffing,34920,34919,34920,1
trotting,34951,34920,34951,31
walking,34970,34951,34970,19
trotting,34988,34970,34988,18
rising,34994,34988,34994,6
climbing,35047,34994,35047,53
trotting,35108,35047,35108,61
rising,35129,35108,35129,21
rearing,35190,35129,35190,61
climbing,35328,35190,35328,138
rising,35355,35328,35355,27
sniffing,35356,35355,35356,1
rearing,35378,35356,35378,22
sniffing,35393,35378,35393,15
rising,35440,35393,35440,47
sniffing,35543,35440,35543,103
rising,35583,35543,35583,40
walking,35633,35583,35633,50
sniffing,35759,35633,35759,126
trotting,35792,35759,35792,33
walking,35830,35792,35830,38
sniffing,35831,35830,35831,1
hunching,35880,35831,35880,49
walking,35968,35880,35968,88
sniffing,35969,35968,35969,1
rising,35990,35969,35990,21
stepping,36012,35990,36012,22
rising,36013,36012,36013,1
sniffing,36139,36013,36139,126
hunching,36140,36139,36140,1
rearing,36213,36140,36213,73
sniffing,36278,36213,36278,65
walking,36310,36278,36310,32
stepping,36369,36310,36369,59
running,36386,36369,36386,17
sniffing,36509,36386,36509,123
stepping,36545,36509,36545,36
walking,36546,36545,36546,1
left_turning,36547,36546,36547,1
sniffing,36585,36547,36585,38
climbing,36639,36585,36639,54
grooming,36826,36639,36826,187
sniffing,36915,36826,36915,89
hunching,36947,36915,36947,32
rising,36969,36947,36969,22
climbing,37058,36969,37058,89
walking,37094,37058,37094,36
rising,37161,37094,37161,67
trotting,37166,37161,37166,5
walking,37305,37166,37305,139
sniffing,37310,37305,37310,5
rising,37344,37310,37344,34
climbing,37442,37344,37442,98
grooming,37538,37442,37538,96
rearing,37539,37538,37539,1
climbing,37594,37539,37594,55
rearing,37630,37594,37630,36
right_turning,37645,37630,37645,15
walking,37758,37645,37758,113
rising,37814,37758,37814,56
climbing,37838,37814,37838,24
rearing,37893,37838,37893,55
walking,37966,37893,37966,73
trotting,38002,37966,38002,36
walking,38035,38002,38035,33
rising,38068,38035,38068,33
climbing,38111,38068,38111,43
walking,38131,38111,38131,20
sniffing,38132,38131,38132,1
hunching,38138,38132,38138,6
walking,38156,38138,38156,18
climbing,38256,38156,38256,100
walking,38285,38256,38285,29
climbing,38380,38285,38380,95
walking,38425,38380,38425,45
climbing,38443,38425,38443,18
right_turning,38447,38443,38447,4
walking,38465,38447,38465,18
stepping,38494,38465,38494,29
sniffing,38646,38494,38646,152
trotting,38704,38646,38704,58
left_turning,38740,38704,38740,36
right_turning,38767,38740,38767,27
walking,38844,38767,38844,77
left_turning,38891,38844,38891,47
sniffing,38948,38891,38948,57
stepping,38960,38948,38960,12
rising,38961,38960,38961,1
right_turning,39019,38961,39019,58
walking,39090,39019,39090,71
sniffing,39091,39090,39091,1
rearing,39100,39091,39100,9
walking,39140,39100,39140,40
climbing,39197,39140,39197,57
rising,39214,39197,39214,17
climbing,39249,39214,39249,35
right_turning,39250,39249,39250,1
sniffing,39271,39250,39271,21
climbing,39303,39271,39303,32
rising,39308,39303,39308,5
sniffing,39309,39308,39309,1
climbing,39359,39309,39359,50
right_turning,39360,39359,39360,1
sniffing,39361,39360,39361,1
rising,39423,39361,39423,62
walking,39473,39423,39473,50
stepping,39504,39473,39504,31
climbing,39600,39504,39600,96
rising,39645,39600,39645,45
left_turning,39689,39645,39689,44
sniffing,39923,39689,39923,234
rising,39939,39923,39939,16
rearing,39940,39939,39940,1
climbing,39977,39940,39977,37
sniffing,40197,39977,40197,220
walking,40275,40197,40275,78
climbing,40378,40275,40378,103
rising,40511,40378,40511,133
sniffing,40571,40511,40571,60
rising,40572,40571,40572,1
sniffing,40573,40572,40573,1
walking,40602,40573,40602,29
rising,40603,40602,40603,1
walking,40608,40603,40608,5
sniffing,40655,40608,40655,47
walking,40695,40655,40695,40
sniffing,40787,40695,40787,92
trotting,40825,40787,40825,38
walking,40829,40825,40829,4
sniffing,40830,40829,40830,1
running,40875,40830,40875,45
walking,40972,40875,40972,97
rising,41069,40972,41069,97
climbing,41107,41069,41107,38
right_turning,41121,41107,41121,14
walking,41150,41121,41150,29
sniffing,41238,41150,41238,88
grooming,41239,41238,41239,1
walking,41300,41239,41300,61
right_turning,41328,41300,41328,28
walking,41367,41328,41367,39
climbing,41368,41367,41368,1
hunching,41369,41368,41369,1
sniffing,41370,41369,41370,1
rearing,41466,41370,41466,96
left_turning,41520,41466,41520,54
rearing,41651,41520,41651,131
hunching,41673,41651,41673,22
sniffing,41750,41673,41750,77
left_turning,41770,41750,41770,20
sniffing,41829,41770,41829,59
walking,41904,41829,41904,75
rising,42004,41904,42004,100
sniffing,42025,42004,42025,21
walking,42041,42025,42041,16
rearing,42062,42041,42062,21
jumping,42095,42062,42095,33
walking,42105,42095,42105,10
climbing,42119,42105,42119,14
trotting,42171,42119,42171,52
sniffing,42207,42171,42207,36
left_turning,42297,42207,42297,90
trotting,42307,42297,42307,10
sniffing,42341,42307,42341,34
rising,42367,42341,42367,26
sniffing,42368,42367,42368,1
trotting,42395,42368,42395,27
sniffing,42396,42395,42396,1
rearing,42448,42396,42448,52
sniffing,42474,42448,42474,26
hunching,42506,42474,42506,32
grooming,42507,42506,42507,1
hunching,42564,42507,42564,57
walking,42610,42564,42610,46
trotting,42630,42610,42630,20
walking,42678,42630,42678,48
sniffing,42781,42678,42781,103
walking,42844,42781,42844,63
stepping,42887,42844,42887,43
rising,42984,42887,42984,97
climbing,43078,42984,43078,94
trotting,43095,43078,43095,17
sniffing,43188,43095,43188,93
rising,43234,43188,43234,46
left_turning,43287,43234,43287,53
walking,43366,43287,43366,79
rising,43367,43366,43367,1
sniffing,43494,43367,43494,127
hunching,43575,43494,43575,81
rising,43624,43575,43624,49
sniffing,43698,43624,43698,74
stepping,43735,43698,43735,37
walking,43760,43735,43760,25
stepping,43805,43760,43805,45
sniffing,43806,43805,43806,1
left_turning,43838,43806,43838,32
rising,43870,43838,43870,32
sniffing,43950,43870,43950,80
left_turning,43976,43950,43976,26
walking,44063,43976,44063,87
sniffing,44150,44063,44150,87
walking,44174,44150,44174,24
sniffing,44194,44174,44194,20
climbing,44204,44194,44204,10
rising,44244,44204,44244,40
walking,44263,44244,44263,19
stepping,44320,44263,44320,57
climbing,44370,44320,44370,50
walking,44371,44370,44371,1
rising,44372,44371,44372,1
climbing,44373,44372,44373,1
walking,44387,44373,44387,14
sniffing,44388,44387,44388,1
rising,44393,44388,44393,5
hunching,44437,44393,44437,44
sniffing,44441,44437,44441,4
walking,44471,44441,44471,30
jumping,44502,44471,44502,31
sniffing,44556,44502,44556,54
hunching,44611,44556,44611,55
climbing,44612,44611,44612,1
rearing,44731,44612,44731,119
climbing,44782,44731,44782,51
rearing,44783,44782,44783,1
climbing,44792,44783,44792,9
hunching,44875,44792,44875,83
rising,44936,44875,44936,61
sniffing,45048,44936,45048,112
walking,45098,45048,45098,50
sniffing,45125,45098,45125,27
walking,45172,45125,45172,47
sniffing,45199,45172,45199,27
walking,45200,45199,45200,1
trotting,45211,45200,45211,11
sniffing,45338,45211,45338,127
climbing,45409,45338,45409,71
sniffing,45410,45409,45410,1
walking,45437,45410,45437,27
sniffing,45527,45437,45527,90
climbing,45618,45527,45618,91
rearing,45690,45618,45690,72
walking,45740,45690,45740,50
jumping,45767,45740,45767,27
rising,45804,45767,45804,37
walking,45828,45804,45828,24
sniffing,45924,45828,45924,96
rising,46019,45924,46019,95
hunching,46044,46019,46044,25
rising,46240,46044,46240,196
climbing,46288,46240,46288,48
sniffing,46395,46288,46395,107
walking,46523,46395,46523,128
sniffing,46657,46523,46657,134
climbing,46733,46657,46733,76
trotting,46769,46733,46769,36
rising,46814,46769,46814,45
sniffing,46898,46814,46898,84
rising,46935,46898,46935,37
rearing,47064,46935,47064,129
sniffing,47099,47064,47099,35
left_turning,47168,47099,47168,69
trotting,47211,47168,47211,43
sniffing,47263,47211,47263,52
pausing,47482,47263,47482,219
sniffing,47511,47482,47511,29
trotting,47551,47511,47551,40
walking,47569,47551,47569,18
climbing,47640,47569,47640,71
rising,47642,47640,47642,2
climbing,47760,47642,47760,118
hunching,47773,47760,47773,13
rearing,47864,47773,47864,91
rising,47918,47864,47918,54
grooming,48118,47918,48118,200
left_turning,48178,48118,48178,60
rising,48190,48178,48190,12
climbing,48236,48190,48236,46
right_turning,48237,48236,48237,1
walking,48266,48237,48266,29
left_turning,48290,48266,48290,24
sniffing,48382,48290,48382,92
trotting,48416,48382,48416,34
rising,48481,48416,48481,65
sniffing,48652,48481,48652,171
walking,48708,48652,48708,56
sniffing,48713,48708,48713,5
walking,48722,48713,48722,9
stepping,48754,48722,48754,32
sniffing,48852,48754,48852,98
right_turning,48903,48852,48903,51
sniffing,48937,48903,48937,34
rising,48938,48937,48938,1
sniffing,48983,48938,48983,45
rising,49030,48983,49030,47
jumping,49154,49030,49154,124
sniffing,49287,49154,49287,133
rising,49288,49287,49288,1
pausing,49431,49288,49431,143
sniffing,49465,49431,49465,34
left_turning,49466,49465,49466,1
walking,49592,49466,49592,126
climbing,49647,49592,49647,55
hunching,49685,49647,49685,38
sniffing,49997,49685,49997,312
hunching,50085,49997,50085,88
sniffing,50200,50085,50200,115
rising,50265,50200,50265,65
walking,50323,50265,50323,58
trotting,50337,50323,50337,14
sniffing,50397,50337,50397,60
right_turning,50430,50397,50430,33
walking,50480,50430,50480,50
sniffing,50603,50480,50603,123
stepping,50625,50603,50625,22
walking,50659,50625,50659,34
sniffing,50864,50659,50864,205
walking,50885,50864,50885,21
sniffing,50936,50885,50936,51
rising,50964,50936,50964,28
sniffing,51059,50964,51059,95
left_turning,51111,51059,51111,52
trotting,51135,51111,51135,24
stepping,51153,51135,51153,18
walking,51250,51153,51250,97
sniffing,51285,51250,51285,35
left_turning,51345,51285,51345,60
sniffing,51353,51345,51353,8
climbing,51354,51353,51354,1
rising,51355,51354,51355,1
climbing,51429,51355,51429,74
trotting,51448,51429,51448,19
rising,51474,51448,51474,26
walking,51503,51474,51503,29
left_turning,51535,51503,51535,32
walking,51663,51535,51663,128
rising,51702,51663,51702,39
sniffing,51703,51702,51703,1
walking,51774,51703,51774,71
left_turning,51788,51774,51788,14
sniffing,51802,51788,51802,14
rising,51854,51802,51854,52
grooming,52124,51854,52124,270
hunching,52134,52124,52134,10
sniffing,52172,52134,52172,38
rising,52180,52172,52180,8
hunching,52224,52180,52224,44
climbing,52235,52224,52235,11
sniffing,52349,52235,52349,114
walking,52431,52349,52431,82
climbing,52570,52431,52570,139
left_turning,52611,52570,52611,41
sniffing,52739,52611,52739,128
rearing,52740,52739,52740,1
rising,52741,52740,52741,1
climbing,52743,52741,52743,2
rising,52777,52743,52777,34
sniffing,52778,52777,52778,1
pausing,52779,52778,52779,1
sniffing,52816,52779,52816,37
rising,52864,52816,52864,48
left_turning,52867,52864,52867,3
walking,52908,52867,52908,41
left_turning,52971,52908,52971,63
sniffing,52972,52971,52972,1
trotting,53000,52972,53000,28
walking,53071,53000,53071,71
stepping,53100,53071,53100,29
sniffing,53219,53100,53219,119
rearing,53220,53219,53220,1
rising,53224,53220,53224,4
rearing,53295,53224,53295,71
hunching,53297,53295,53297,2
climbing,53382,53297,53382,85
rising,53459,53382,53459,77
climbing,53517,53459,53517,58
rising,53525,53517,53525,8
sniffing,53632,53525,53632,107
walking,53679,53632,53679,47
left_turning,53705,53679,53705,26
sniffing,53832,53705,53832,127
stepping,53843,53832,53843,11
walking,53876,53843,53876,33
rising,53877,53876,53877,1
climbing,53919,53877,53919,42
grooming,53920,53919,53920,1
left_turning,53921,53920,53921,1
walking,53932,53921,53932,11
sniffing,53940,53932,53940,8
stepping,53941,53940,53941,1
rising,53997,53941,53997,56
walking,54076,53997,54076,79
sniffing,54077,54076,54077,1
right_turning,54078,54077,54078,1
rearing,54091,54078,54091,13
hunching,54132,54091,54132,41
right_turning,54152,54132,54152,20
stepping,54178,54152,54178,26
rearing,54245,54178,54245,67
sniffing,54341,54245,54341,96
climbing,54458,54341,54458,117
hunching,54503,54458,54503,45
rearing,54516,54503,54516,13
hunching,54517,54516,54517,1
sniffing,54519,54517,54519,2
walking,54538,54519,54538,19
sniffing,54569,54538,54569,31
rearing,54597,54569,54597,28
climbing,54619,54597,54619,22
sniffing,54620,54619,54620,1
left_turning,54699,54620,54699,79
running,54711,54699,54711,12
sniffing,54719,54711,54719,8
rising,54743,54719,54743,24
climbing,54869,54743,54869,126
left_turning,54878,54869,54878,9
walking,54879,54878,54879,1
jumping,54955,54879,54955,76
grooming,54956,54955,54956,1
rearing,54957,54956,54957,1
climbing,55086,54957,55086,129
rearing,55088,55086,55088,2
rising,55089,55088,55089,1
climbing,55239,55089,55239,150
rearing,55288,55239,55288,49
climbing,55427,55288,55427,139
walking,55458,55427,55458,31
sniffing,55479,55458,55479,21
climbing,55597,55479,55597,118
grooming,55806,55597,55806,209
sniffing,55835,55806,55835,29
climbing,55862,55835,55862,27
right_turning,55905,55862,55905,43
walking,55942,55905,55942,37
climbing,56033,55942,56033,91
sniffing,56076,56033,56076,43
rising,56123,56076,56123,47
sniffing,56242,56123,56242,119
hunching,56279,56242,56279,37
grooming,56374,56279,56374,95
rearing,56431,56374,56431,57
sniffing,56552,56431,56552,121
stepping,56564,56552,56564,12
left_turning,56591,56564,56591,27
sniffing,56592,56591,56592,1
right_turning,56614,56592,56614,22
stepping,56618,56614,56618,4
trotting,56653,56618,56653,35
sniffing,56654,56653,56654,1
stepping,56704,56654,56704,50
rising,56708,56704,56708,4
sniffing,56785,56708,56785,77
climbing,56907,56785,56907,122
walking,56917,56907,56917,10
left_turning,56940,56917,56940,23
running,56950,56940,56950,10
rising,56951,56950,56951,1
running,56986,56951,56986,35
rising,56987,56986,56987,1
sniffing,57047,56987,57047,60
grooming,57087,57047,57087,40
left_turning,57107,57087,57107,20
trotting,57165,57107,57165,58
climbing,57208,57165,57208,43
running,57267,57208,57267,59
sniffing,57284,57267,57284,17
rising,57285,57284,57285,1
climbing,57310,57285,57310,25
rising,57342,57310,57342,32
sniffing,57410,57342,57410,68
rearing,57414,57410,57414,4
sniffing,57518,57414,57518,104
left_turning,57545,57518,57545,27
sniffing,57639,57545,57639,94
left_turning,57674,57639,57674,35
walking,57739,57674,57739,65
sniffing,57740,57739,57740,1
climbing,57809,57740,57809,69
rising,57989,57809,57989,180
climbing,58091,57989,58091,102
rearing,58129,58091,58129,38
hunching,58198,58129,58198,69
grooming,58335,58198,58335,137
sniffing,58424,58335,58424,89
grooming,58425,58424,58425,1
rearing,58438,58425,58438,13
climbing,58479,58438,58479,41
walking,58513,58479,58513,34
sniffing,58514,58513,58514,1
walking,58523,58514,58523,9
rising,58668,58523,58668,145
grooming,58689,58668,58689,21
rearing,58690,58689,58690,1
climbing,58719,58690,58719,29
trotting,58766,58719,58766,47
rising,58832,58766,58832,66
sniffing,58874,58832,58874,42
hunching,58971,58874,58971,97
climbing,59022,58971,59022,51
running,59054,59022,59054,32
sniffing,59174,59054,59174,120
rising,59208,59174,59208,34
left_turning,59220,59208,59220,12
sniffing,59248,59220,59248,28
walking,59255,59248,59255,7
rising,59256,59255,59256,1
climbing,59369,59256,59369,113
sniffing,59370,59369,59370,1
climbing,59455,59370,59455,85
trotting,59513,59455,59513,58
sniffing,59629,59513,59629,116
walking,59672,59629,59672,43
rising,59693,59672,59693,21
climbing,59784,59693,59784,91
left_turning,59827,59784,59827,43
walking,59836,59827,59836,9
sniffing,59837,59836,59837,1
walking,59851,59837,59851,14
sniffing,59893,59851,59893,42
right_turning,59911,59893,59911,18
trotting,59943,59911,59943,32
walking,59944,59943,59944,1
sniffing,60043,59944,60043,99
walking,60115,60043,60115,72
sniffing,60146,60115,60146,31
climbing,60159,60146,60159,13
sniffing,60402,60159,60402,243
rearing,60554,60402,60554,152
jumping,60651,60554,60651,97
grooming,60840,60651,60840,189
sniffing,60912,60840,60912,72
left_turning,60946,60912,60946,34
rising,60977,60946,60977,31
jumping,60978,60977,60978,1
walking,61015,60978,61015,37
left_turning,61038,61015,61038,23
sniffing,61101,61038,61101,63
rising,61102,61101,61102,1
rearing,61173,61102,61173,71
sniffing,61177,61173,61177,4
walking,61203,61177,61203,26
sniffing,61499,61203,61499,296
rising,61539,61499,61539,40
grooming,61540,61539,61540,1
left_turning,61570,61540,61570,30
sniffing,61640,61570,61640,70
walking,61730,61640,61730,90
sniffing,61790,61730,61790,60
climbing,61975,61790,61975,185
rearing,62043,61975,62043,68
climbing,62069,62043,62069,26
rearing,62201,62069,62201,132
hunching,62257,62201,62257,56
sniffing,62364,62257,62364,107
right_turning,62401,62364,62401,37
walking,62523,62401,62523,122
left_turning,62586,62523,62586,63
trotting,62632,62586,62632,46
walking,62666,62632,62666,34
running,62680,62666,62680,14
stepping,62716,62680,62716,36
sniffing,62902,62716,62902,186
rising,62911,62902,62911,9
grooming,62917,62911,62917,6
rearing,62994,62917,62994,77
walking,62995,62994,62995,1
running,63021,62995,63021,26
walking,63022,63021,63022,1
trotting,63054,63022,63054,32
walking,63115,63054,63115,61
stepping,63179,63115,63179,64
sniffing,63243,63179,63243,64
left_turning,63305,63243,63305,62
walking,63390,63305,63390,85
sniffing,63446,63390,63446,56
rising,63482,63446,63482,36
sniffing,63698,63482,63698,216
rearing,63711,63698,63711,13
right_turning,63770,63711,63770,59
walking,63798,63770,63798,28
running,63836,63798,63836,38
rising,63859,63836,63859,23
climbing,64026,63859,64026,167
sniffing,64067,64026,64067,41
rising,64068,64067,64068,1
stepping,64087,64068,64087,19
sniffing,64167,64087,64167,80
walking,64188,64167,64188,21
rising,64196,64188,64196,8
climbing,64207,64196,64207,11
walking,64280,64207,64280,73
rearing,64382,64280,64382,102
grooming,64953,64382,64953,571
sniffing,65059,64953,65059,106
pausing,65285,65059,65285,226
sniffing,65372,65285,65372,87
climbing,65378,65372,65378,6
walking,65422,65378,65422,44
rising,65444,65422,65444,22
climbing,65511,65444,65511,67
rearing,65855,65511,65855,344
hunching,65909,65855,65909,54
climbing,66030,65909,66030,121
grooming,66371,66030,66371,341
hunching,66383,66371,66383,12
climbing,66444,66383,66444,61
hunching,66584,66444,66584,140
rearing,66585,66584,66585,1
climbing,66794,66585,66794,209
walking,66835,66794,66835,41
rearing,66922,66835,66922,87
climbing,66936,66922,66936,14
sniffing,66937,66936,66937,1
left_turning,67004,66937,67004,67
sniffing,67051,67004,67051,47
left_turning,67105,67051,67105,54
sniffing,67195,67105,67195,90
trotting,67196,67195,67196,1
sniffing,67197,67196,67197,1
rising,67198,67197,67198,1
climbing,67212,67198,67212,14
sniffing,67311,67212,67311,99
climbing,67313,67311,67313,2
sniffing,67405,67313,67405,92
left_turning,67432,67405,67432,27
walking,67433,67432,67433,1
rising,67514,67433,67514,81
climbing,67610,67514,67610,96
sniffing,67631,67610,67631,21
rising,67694,67631,67694,63
sniffing,67695,67694,67695,1
grooming,67754,67695,67754,59
running,67774,67754,67774,20
sniffing,67797,67774,67797,23
left_turning,67822,67797,67822,25
stepping,67838,67822,67838,16
rising,67865,67838,67865,27
climbing,67981,67865,67981,116
sniffing,68009,67981,68009,28
left_turning,68010,68009,68010,1
walking,68054,68010,68054,44
rising,68061,68054,68061,7
sniffing,68194,68061,68194,133
right_turning,68195,68194,68195,1
stepping,68257,68195,68257,62
rising,68258,68257,68258,1
climbing,68336,68258,68336,78
trotting,68354,68336,68354,18
sniffing,68475,68354,68475,121
rising,68575,68475,68575,100
right_turning,68599,68575,68599,24
walking,68667,68599,68667,68
climbing,68760,68667,68760,93
rearing,68837,68760,68837,77
sniffing,68941,68837,68941,104
walking,69006,68941,69006,65
rearing,69048,69006,69048,42
sniffing,69051,69048,69051,3
walking,69112,69051,69112,61
sniffing,69158,69112,69158,46
left_turning,69159,69158,69159,1
walking,69183,69159,69183,24
stepping,69193,69183,69193,10
sniffing,69306,69193,69306,113
rising,69327,69306,69327,21
climbing,69417,69327,69417,90
grooming,69478,69417,69478,61
hunching,69487,69478,69487,9
sniffing,69529,69487,69529,42
walking,69559,69529,69559,30
sniffing,69560,69559,69560,1
rising,69590,69560,69590,30
walking,69624,69590,69624,34
sniffing,69659,69624,69659,35
walking,69699,69659,69699,40
sniffing,69700,69699,69700,1
rearing,69701,69700,69701,1
climbing,69783,69701,69783,82
sniffing,69802,69783,69802,19
rearing,69847,69802,69847,45
grooming,70013,69847,70013,166
rearing,70101,70013,70101,88
climbing,70214,70101,70214,113
rising,70270,70214,70270,56
rearing,70311,70270,70311,41
sniffing,70366,70311,70366,55
rising,70367,70366,70367,1
sniffing,70516,70367,70516,149
climbing,70587,70516,70587,71
trotting,70615,70587,70615,28
walking,70629,70615,70629,14
climbing,70698,70629,70698,69
right_turning,70735,70698,70735,37
trotting,70784,70735,70784,49
walking,70817,70784,70817,33
rising,70836,70817,70836,19
sniffing,70842,70836,70842,6
left_turning,70843,70842,70843,1
rising,70932,70843,70932,89
climbing,70972,70932,70972,40
rearing,70975,70972,70975,3
rising,70998,70975,70998,23
climbing,71089,70998,71089,91
right_turning,71106,71089,71106,17
sniffing,71159,71106,71159,53
left_turning,71204,71159,71204,45
sniffing,71295,71204,71295,91
walking,71347,71295,71347,52
sniffing,71415,71347,71415,68
rising,71439,71415,71439,24
rearing,71521,71439,71521,82
sniffing,71631,71521,71631,110
rising,71679,71631,71679,48
climbing,71708,71679,71708,29
rearing,71833,71708,71833,125
stepping,71860,71833,71860,27
sniffing,71914,71860,71914,54
rising,71915,71914,71915,1
left_turning,71936,71915,71936,21
sniffing,72031,71936,72031,95
stepping,72052,72031,72052,21
hunching,72116,72052,72116,64
walking,72210,72116,72210,94
climbing,72345,72210,72345,135
grooming,72346,72345,72346,1
trotting,72372,72346,72372,26
climbing,72396,72372,72396,24
rising,72415,72396,72415,19
climbing,72445,72415,72445,30
right_turning,72465,72445,72465,20
walking,72589,72465,72589,124
sniffing,72636,72589,72636,47
rising,72707,72636,72707,71
climbing,72708,72707,72708,1
sniffing,72709,72708,72709,1
right_turning,72776,72709,72776,67
walking,72796,72776,72796,20
rearing,72897,72796,72897,101
sniffing,73016,72897,73016,119
right_turning,73054,73016,73054,38
running,73081,73054,73081,27
walking,73123,73081,73123,42
climbing,73232,73123,73232,109
walking,73275,73232,73275,43
left_turning,73290,73275,73290,15
sniffing,73365,73290,73365,75
walking,73417,73365,73417,52
stepping,73431,73417,73431,14
walking,73441,73431,73441,10
sniffing,73478,73441,73478,37
rising,73493,73478,73493,15
stepping,73540,73493,73540,47
sniffing,73672,73540,73672,132
climbing,73702,73672,73702,30
sniffing,73792,73702,73792,90
rising,73870,73792,73870,78
climbing,73950,73870,73950,80
sniffing,74098,73950,74098,148
walking,74121,74098,74121,23
trotting,74168,74121,74168,47
rising,74183,74168,74183,15
walking,74206,74183,74206,23
sniffing,74207,74206,74207,1
left_turning,74241,74207,74241,34
sniffing,74242,74241,74242,1
walking,74321,74242,74321,79
hunching,74328,74321,74328,7
climbing,74362,74328,74362,34
sniffing,74363,74362,74363,1
right_turning,74470,74363,74470,107
climbing,74595,74470,74595,125
sniffing,74758,74595,74758,163
right_turning,74766,74758,74766,8
climbing,74778,74766,74778,12
rearing,74895,74778,74895,117
sniffing,74898,74895,74898,3
walking,74974,74898,74974,76
stepping,75002,74974,75002,28
rising,75024,75002,75024,22
climbing,75092,75024,75092,68
sniffing,75106,75092,75106,14
climbing,75209,75106,75209,103
sniffing,75240,75209,75240,31
walking,75281,75240,75281,41
climbing,75398,75281,75398,117
rising,75408,75398,75408,10
running,75433,75408,75433,25
rearing,75498,75433,75498,65
left_turning,75544,75498,75544,46
walking,75609,75544,75609,65
rising,75685,75609,75685,76
sniffing,75765,75685,75765,80
rearing,75797,75765,75797,32
walking,75855,75797,75855,58
climbing,75856,75855,75856,1
rearing,75937,75856,75937,81
walking,75983,75937,75983,46
climbing,75984,75983,75984,1
walking,75985,75984,75985,1
sniffing,76110,75985,76110,125
walking,76159,76110,76159,49
left_turning,76172,76159,76172,13
walking,76243,76172,76243,71
sniffing,76293,76243,76293,50
left_turning,76360,76293,76360,67
sniffing,76422,76360,76422,62
right_turning,76467,76422,76467,45
sniffing,76585,76467,76585,118
rising,76623,76585,76623,38
left_turning,76629,76623,76629,6
sniffing,76690,76629,76690,61
climbing,76696,76690,76696,6
grooming,76697,76696,76697,1
rearing,76717,76697,76717,20
rising,76768,76717,76768,51
sniffing,76783,76768,76783,15
walking,76808,76783,76808,25
sniffing,76846,76808,76846,38
climbing,76878,76846,76878,32
rearing,76920,76878,76920,42
left_turning,76954,76920,76954,34
sniffing,76955,76954,76955,1
trotting,76977,76955,76977,22
sniffing,76978,76977,76978,1
left_turning,77040,76978,77040,62
sniffing,77213,77040,77213,173
walking,77253,77213,77253,40
left_turning,77271,77253,77271,18
sniffing,77272,77271,77272,1
grooming,77390,77272,77390,118
walking,77445,77390,77445,55
sniffing,77548,77445,77548,103
left_turning,77578,77548,77578,30
trotting,77622,77578,77622,44
sniffing,77623,77622,77623,1
left_turning,77644,77623,77644,21
sniffing,77654,77644,77654,10
left_turning,77655,77654,77655,1
sniffing,77732,77655,77732,77
walking,77781,77732,77781,49
climbing,77860,77781,77860,79
rearing,77962,77860,77962,102
sniffing,78077,77962,78077,115
walking,78078,78077,78078,1
rising,78169,78078,78169,91
climbing,78339,78169,78339,170
left_turning,78350,78339,78350,11
sniffing,78368,78350,78368,18
rising,78504,78368,78504,136
sniffing,78550,78504,78550,46
rearing,78552,78550,78552,2
sniffing,78740,78552,78740,188
rearing,78741,78740,78741,1
rising,78742,78741,78742,1
climbing,78855,78742,78855,113
rising,78856,78855,78856,1
walking,78910,78856,78910,54
rising,78976,78910,78976,66
sniffing,79093,78976,79093,117
right_turning,79142,79093,79142,49
rising,79157,79142,79157,15
climbing,79217,79157,79217,60
hunching,79301,79217,79301,84
climbing,79381,79301,79381,80
sniffing,79475,79381,79475,94
rising,79476,79475,79476,1
sniffing,79639,79476,79639,163
rising,79691,79639,79691,52
sniffing,79747,79691,79747,56
rearing,79781,79747,79781,34
hunching,79822,79781,79822,41
climbing,79852,79822,79852,30
sniffing,79853,79852,79853,1
grooming,79925,79853,79925,72
sniffing,80019,79925,80019,94
rising,80052,80019,80052,33
running,80071,80052,80071,19
rearing,80095,80071,80095,24
climbing,80215,80095,80215,120
trotting,80245,80215,80245,30
right_turning,80299,80245,80299,54
trotting,80336,80299,80336,37
walking,80409,80336,80409,73
rearing,80487,80409,80487,78
climbing,80564,80487,80564,77
hunching,80565,80564,80565,1
sniffing,80588,80565,80588,23
running,80599,80588,80599,11
right_turning,80600,80599,80600,1
rising,80635,80600,80635,35
sniffing,80750,80635,80750,115
trotting,80782,80750,80782,32
sniffing,80847,80782,80847,65
left_turning,80854,80847,80854,7
sniffing,81105,80854,81105,251
trotting,81112,81105,81112,7
walking,81172,81112,81172,60
rising,81201,81172,81201,29
climbing,81243,81201,81243,42
rearing,81278,81243,81278,35
sniffing,81319,81278,81319,41
walking,81373,81319,81373,54
sniffing,81436,81373,81436,63
rising,81454,81436,81454,18
sniffing,81589,81454,81589,135
walking,81590,81589,81590,1
sniffing,81661,81590,81661,71
rearing,81750,81661,81750,89
climbing,81778,81750,81778,28
walking,81813,81778,81813,35
right_turning,81848,81813,81848,35
sniffing,81880,81848,81880,32
right_turning,81919,81880,81919,39
trotting,81976,81919,81976,57
sniffing,82108,81976,82108,132
climbing,82109,82108,82109,1
rising,82200,82109,82200,91
climbing,82416,82200,82416,216
right_turning,82434,82416,82434,18
sniffing,82437,82434,82437,3
climbing,82459,82437,82459,22
hunching,82508,82459,82508,49
grooming,82599,82508,82599,91
sniffing,82647,82599,82647,48
rising,82691,82647,82691,44
climbing,82809,82691,82809,118
right_turning,82875,82809,82875,66
trotting,82925,82875,82925,50
sniffing,82986,82925,82986,61
rising,83037,82986,83037,51
climbing,83167,83037,83167,130
walking,83180,83167,83180,13
sniffing,83196,83180,83196,16
pausing,83843,83196,83843,647
sniffing,83943,83843,83943,100
rising,83953,83943,83953,10
climbing,84045,83953,84045,92
rearing,84103,84045,84103,58
sniffing,84182,84103,84182,79
pausing,84361,84182,84361,179
sniffing,84427,84361,84427,66
rising,84428,84427,84428,1
climbing,84534,84428,84534,106
right_turning,84605,84534,84605,71
walking,84606,84605,84606,1
rising,84659,84606,84659,53
climbing,84771,84659,84771,112
hunching,84818,84771,84818,47
rearing,84854,84818,84854,36
sniffing,84979,84854,84979,125
right_turning,84980,84979,84980,1
walking,85010,84980,85010,30
stepping,85066,85010,85066,56
running,85082,85066,85082,16
sniffing,85083,85082,85083,1
right_turning,85088,85083,85088,5
walking,85123,85088,85123,35
sniffing,85242,85123,85242,119
grooming,85243,85242,85243,1
rearing,85271,85243,85271,28
grooming,85517,85271,85517,246
climbing,85615,85517,85615,98
left_turning,85662,85615,85662,47
walking,85683,85662,85683,21
climbing,85684,85683,85684,1
rearing,85723,85684,85723,39
left_turning,85755,85723,85755,32
sniffing,85944,85755,85944,189
rearing,85992,85944,85992,48
walking,85993,85992,85993,1
trotting,86027,85993,86027,34
walking,86029,86027,86029,2
rising,86107,86029,86107,78
rearing,86110,86107,86110,3
grooming,86157,86110,86157,47
hunching,86219,86157,86219,62
sniffing,86220,86219,86220,1
rising,86221,86220,86221,1
sniffing,86245,86221,86245,24
right_turning,86260,86245,86260,15
sniffing,86274,86260,86274,14
climbing,86356,86274,86356,82
sniffing,86416,86356,86416,60
climbing,86447,86416,86447,31
walking,86494,86447,86494,47
climbing,86563,86494,86563,69
sniffing,86718,86563,86718,155
rearing,86759,86718,86759,41
walking,86798,86759,86798,39
sniffing,86799,86798,86799,1
rising,86824,86799,86824,25
sniffing,86961,86824,86961,137
stepping,87001,86961,87001,40
walking,87055,87001,87055,54
sniffing,87139,87055,87139,84
rising,87168,87139,87168,29
sniffing,87169,87168,87169,1
rising,87170,87169,87170,1
hunching,87171,87170,87171,1
climbing,87201,87171,87201,30
rising,87226,87201,87226,25
climbing,87287,87226,87287,61
rising,87305,87287,87305,18
climbing,87326,87305,87326,21
rising,87372,87326,87372,46
stepping,87427,87372,87427,55
walking,87503,87427,87503,76
sniffing,87513,87503,87513,10
rising,87525,87513,87525,12
climbing,87666,87525,87666,141
walking,87667,87666,87667,1
sniffing,87668,87667,87668,1
rising,87669,87668,87669,1
sniffing,87670,87669,87670,1
climbing,87792,87670,87792,122
left_turning,87837,87792,87837,45
walking,87838,87837,87838,1
sniffing,87993,87838,87993,155
rising,88011,87993,88011,18
climbing,88037,88011,88037,26
rearing,88090,88037,88090,53
right_turning,88091,88090,88091,1
walking,88105,88091,88105,14
sniffing,88272,88105,88272,167
walking,88326,88272,88326,54
sniffing,88453,88326,88453,127
walking,88454,88453,88454,1
stepping,88476,88454,88476,22
walking,88559,88476,88559,83
climbing,88612,88559,88612,53
running,88630,88612,88630,18
left_turning,88651,88630,88651,21
rising,88664,88651,88664,13
climbing,88692,88664,88692,28
grooming,88744,88692,88744,52
sniffing,88745,88744,88745,1
left_turning,88765,88745,88765,20
sniffing,88901,88765,88901,136
rising,88929,88901,88929,28
sniffing,88942,88929,88942,13
rearing,88943,88942,88943,1
climbing,89112,88943,89112,169
sniffing,89113,89112,89113,1
right_turning,89114,89113,89114,1
running,89137,89114,89137,23
sniffing,89245,89137,89245,108
rising,89292,89245,89292,47
sniffing,89361,89292,89361,69
rising,89369,89361,89369,8
rearing,89525,89369,89525,156
rising,89549,89525,89549,24
walking,89560,89549,89560,11
rising,89756,89560,89756,196
climbing,89786,89756,89786,30
sniffing,89848,89786,89848,62
walking,89905,89848,89905,57
stepping,89937,89905,89937,32
left_turning,89976,89937,89976,39
walking,89988,89976,89988,12
stepping,90050,89988,90050,62
sniffing,90286,90050,90286,236
rising,90343,90286,90343,57
left_turning,90395,90343,90395,52
walking,90412,90395,90412,17
left_turning,90512,90412,90512,100
sniffing,90615,90512,90615,103
walking,90635,90615,90635,20
running,90669,90635,90669,34
stepping,90677,90669,90677,8
sniffing,90743,90677,90743,66
trotting,90746,90743,90746,3
rising,90747,90746,90747,1
grooming,91071,90747,91071,324
rising,91108,91071,91108,37
sniffing,91109,91108,91109,1
rising,91135,91109,91135,26
rearing,91144,91135,91144,9
climbing,91166,91144,91166,22
walking,91188,91166,91188,22
left_turning,91214,91188,91214,26
walking,91245,91214,91245,31
right_turning,91266,91245,91266,21
running,91267,91266,91267,1
sniffing,91368,91267,91368,101
grooming,91504,91368,91504,136
sniffing,91505,91504,91505,1
rising,91563,91505,91563,58
climbing,91659,91563,91659,96
rising,91660,91659,91660,1
sniffing,91804,91660,91804,144
left_turning,91818,91804,91818,14
sniffing,91877,91818,91877,59
right_turning,91911,91877,91911,34
walking,91947,91911,91947,36
sniffing,92057,91947,92057,110
walking,92177,92057,92177,120
left_turning,92182,92177,92182,5
stepping,92192,92182,92192,10
walking,92213,92192,92213,21
left_turning,92258,92213,92258,45
hunching,92320,92258,92320,62
rearing,92392,92320,92392,72
rising,92484,92392,92484,92
left_turning,92486,92484,92486,2
walking,92576,92486,92576,90
rising,92577,92576,92577,1
climbing,92646,92577,92646,69
walking,92764,92646,92764,118
sniffing,92768,92764,92768,4
climbing,92838,92768,92838,70
right_turning,92872,92838,92872,34
walking,92920,92872,92920,48
rising,92961,92920,92961,41
left_turning,92983,92961,92983,22
trotting,93044,92983,93044,61
walking,93045,93044,93045,1
sniffing,93047,93045,93047,2
walking,93112,93047,93112,65
right_turning,93135,93112,93135,23
running,93157,93135,93157,22
walking,93158,93157,93158,1
stepping,93175,93158,93175,17
right_turning,93223,93175,93223,48
trotting,93254,93223,93254,31
sniffing,93285,93254,93285,31
right_turning,93306,93285,93306,21
running,93333,93306,93333,27
sniffing,93489,93333,93489,156
right_turning,93554,93489,93554,65
sniffing,93687,93554,93687,133
grooming,94116,93687,94116,429
sniffing,94161,94116,94161,45
rising,94200,94161,94200,39
climbing,94240,94200,94240,40
sniffing,94303,94240,94303,63
climbing,94373,94303,94373,70
rising,94374,94373,94374,1
sniffing,94375,94374,94375,1
walking,94398,94375,94398,23
climbing,94480,94398,94480,82
walking,94559,94480,94559,79
stepping,94605,94559,94605,46
rising,94727,94605,94727,122
sniffing,94828,94727,94828,101
rearing,94908,94828,94908,80
climbing,95003,94908,95003,95
sniffing,95073,95003,95073,70
left_turning,95075,95073,95075,2
walking,95164,95075,95164,89
climbing,95260,95164,95260,96
right_turning,95283,95260,95283,23
sniffing,95342,95283,95342,59
rearing,95376,95342,95376,34
hunching,95434,95376,95434,58
sniffing,95475,95434,95475,41
walking,95513,95475,95513,38
sniffing,95514,95513,95514,1
climbing,95580,95514,95580,66
rearing,95581,95580,95581,1
hunching,95686,95581,95686,105
walking,95723,95686,95723,37
sniffing,95724,95723,95724,1
climbing,95871,95724,95871,147
right_turning,95909,95871,95909,38
walking,95981,95909,95981,72
rising,95982,95981,95982,1
rearing,96091,95982,96091,109
left_turning,96123,96091,96123,32
walking,96145,96123,96145,22
rearing,96222,96145,96222,77
sniffing,96223,96222,96223,1
walking,96245,96223,96245,22
sniffing,96246,96245,96246,1
trotting,96267,96246,96267,21
rising,96303,96267,96303,36
sniffing,96347,96303,96347,44
grooming,96494,96347,96494,147
sniffing,96629,96494,96629,135
trotting,96701,96629,96701,72
sniffing,96760,96701,96760,59
left_turning,96773,96760,96773,13
walking,96852,96773,96852,79
left_turning,96904,96852,96904,52
rising,96908,96904,96908,4
climbing,96933,96908,96933,25
trotting,97008,96933,97008,75
rearing,97009,97008,97009,1
rising,97094,97009,97094,85
climbing,97142,97094,97142,48
hunching,97150,97142,97150,8
rising,97190,97150,97190,40
climbing,97292,97190,97292,102
rearing,97342,97292,97342,50
grooming,97447,97342,97447,105
hunching,97524,97447,97524,77
rearing,97610,97524,97610,86
climbing,97676,97610,97676,66
grooming,97677,97676,97677,1
sniffing,97808,97677,97808,131
rising,97809,97808,97809,1
rearing,97816,97809,97816,7
climbing,97887,97816,97887,71
sniffing,97888,97887,97888,1
walking,97929,97888,97929,41
stepping,97953,97929,97953,24
climbing,97990,97953,97990,37
rearing,97995,97990,97995,5
rising,97996,97995,97996,1
climbing,98052,97996,98052,56
rearing,98059,98052,98059,7
sniffing,98222,98059,98222,163
climbing,98236,98222,98236,14
rising,98237,98236,98237,1
rearing,98387,98237,98387,150
sniffing,98502,98387,98502,115
left_turning,98539,98502,98539,37
walking,98540,98539,98540,1
left_turning,98591,98540,98591,51
stepping,98626,98591,98626,35
rising,98638,98626,98638,12
climbing,98639,98638,98639,1
rearing,98723,98639,98723,84
grooming,98724,98723,98724,1
left_turning,98725,98724,98725,1
sniffing,98821,98725,98821,96
right_turning,98849,98821,98849,28
walking,98898,98849,98898,49
left_turning,98967,98898,98967,69
stepping,99015,98967,99015,48
sniffing,99173,99015,99173,158
left_turning,99263,99173,99263,90
trotting,99334,99263,99334,71
sniffing,99534,99334,99534,200
rising,99646,99534,99646,112
hunching,99704,99646,99704,58
sniffing,99767,99704,99767,63
climbing,99803,99767,99803,36
rearing,99804,99803,99804,1
rising,99882,99804,99882,78
right_turning,99922,99882,99922,40
walking,99923,99922,99923,1
sniffing,100116,99923,100116,193
left_turning,100193,100116,100193,77
sniffing,100288,100193,100288,95
climbing,100493,100288,100493,205
walking,100494,100493,100494,1
left_turning,100570,100494,100570,76
stepping,100588,100570,100588,18
walking,100683,100588,100683,95
rising,100852,100683,100852,169
sniffing,100892,100852,100892,40
pausing,101095,100892,101095,203
sniffing,101096,101095,101096,1
rising,101187,101096,101187,91
rearing,101188,101187,101188,1
left_turning,101221,101188,101221,33
climbing,101310,101221,101310,89
rearing,101311,101310,101311,1
sniffing,101430,101311,101430,119
right_turning,101455,101430,101455,25
walking,101510,101455,101510,55
sniffing,101640,101510,101640,130
walking,101676,101640,101676,36
left_turning,101715,101676,101715,39
sniffing,101772,101715,101772,57
rising,101773,101772,101773,1
rearing,101794,101773,101794,21
left_turning,101799,101794,101799,5
trotting,101818,101799,101818,19
running,101873,101818,101873,55
rising,101874,101873,101874,1
sniffing,101921,101874,101921,47
rising,101965,101921,101965,44
sniffing,101966,101965,101966,1
stepping,101967,101966,101967,1
sniffing,102048,101967,102048,81
pausing,102252,102048,102252,204
sniffing,102317,102252,102317,65
walking,102318,102317,102318,1
sniffing,102319,102318,102319,1
rising,102364,102319,102364,45
sniffing,102415,102364,102415,51
pausing,102522,102415,102522,107
sniffing,102597,102522,102597,75
walking,102614,102597,102614,17
running,102641,102614,102641,27
sniffing,102717,102641,102717,76
pausing,102977,102717,102977,260
sniffing,102983,102977,102983,6
grooming,103207,102983,103207,224
rearing,103277,103207,103277,70
sniffing,103458,103277,103458,181
rising,103459,103458,103459,1
rearing,103461,103459,103461,2
grooming,103462,103461,103462,1
left_turning,103493,103462,103493,31
rising,103494,103493,103494,1
rearing,103495,103494,103495,1
rising,103544,103495,103544,49
sniffing,103784,103544,103784,240
right_turning,103807,103784,103807,23
walking,103862,103807,103862,55
sniffing,103863,103862,103863,1
rising,103892,103863,103892,29
rearing,103991,103892,103991,99
walking,103992,103991,103992,1
sniffing,104083,103992,104083,91
grooming,105063,104083,105063,980
right_turning,105100,105063,105100,37
walking,105148,105100,105148,48
sniffing,105302,105148,105302,154
pausing,105560,105302,105560,258
right_turning,105562,105560,105562,2
left_turning,105585,105562,105585,23
walking,105632,105585,105632,47
rising,105680,105632,105680,48
climbing,105681,105680,105681,1
hunching,105685,105681,105685,4
grooming,105686,105685,105686,1
climbing,105894,105686,105894,208
grooming,105961,105894,105961,67
sniffing,105962,105961,105962,1
climbing,105963,105962,105963,1
pausing,106215,105963,106215,252
climbing,106216,106215,106216,1
trotting,106255,106216,106255,39
sniffing,106337,106255,106337,82
climbing,106338,106337,106338,1
rising,106339,106338,106339,1
climbing,106428,106339,106428,89
hunching,106513,106428,106513,85
sniffing,106699,106513,106699,186
rising,106779,106699,106779,80
sniffing,106801,106779,106801,22
trotting,106831,106801,106831,30
rising,106934,106831,106934,103
climbing,107020,106934,107020,86
rearing,107036,107020,107036,16
sniffing,107146,107036,107146,110
walking,107161,107146,107161,15
sniffing,107250,107161,107250,89
left_turning,107276,107250,107276,26
walking,107427,107276,107427,151
climbing,107532,107427,107532,105
sniffing,107630,107532,107630,98
walking,107670,107630,107670,40
left_turning,107671,107670,107671,1
rising,107672,107671,107672,1
sniffing,107774,107672,107774,102
walking,107806,107774,107806,32
sniffing,108000,107806,108000,194
