revised_movement_label,segBoundary,segBoundary_start,segBoundary_end,length
sniffing,56,0,56,56
stepping,152,56,152,96
trotting,206,152,206,54
left_turning,207,206,207,1
running,232,207,232,25
left_turning,253,232,253,21
rising,274,253,274,21
walking,323,274,323,49
trotting,343,323,343,20
walking,374,343,374,31
rising,407,374,407,33
left_turning,420,407,420,13
running,430,420,430,10
rising,477,430,477,47
walking,523,477,523,46
stepping,562,523,562,39
walking,605,562,605,43
sniffing,609,605,609,4
right_turning,615,609,615,6
sniffing,688,615,688,73
left_turning,748,688,748,60
walking,809,748,809,61
rising,828,809,828,19
left_turning,863,828,863,35
walking,883,863,883,20
climbing,957,883,957,74
running,976,957,976,19
sniffing,977,976,977,1
left_turning,1017,977,1017,40
stepping,1070,1017,1070,53
hunching,1112,1070,1112,42
sniffing,1172,1112,1172,60
grooming,1233,1172,1233,61
rearing,1297,1233,1297,64
rising,1372,1297,1372,75
running,1435,1372,1435,63
sniffing,1475,1435,1475,40
rising,1485,1475,1485,10
sniffing,1550,1485,1550,65
climbing,1604,1550,1604,54
hunching,1640,1604,1640,36
sniffing,1649,1640,1649,9
rising,1671,1649,1671,22
walking,1712,1671,1712,41
climbing,1781,1712,1781,69
right_turning,1782,1781,1782,1
stepping,1783,1782,1783,1
climbing,1784,1783,1784,1
sniffing,1789,1784,1789,5
walking,1826,1789,1826,37
sniffing,1902,1826,1902,76
climbing,1958,1902,1958,56
rising,1975,1958,1975,17
sniffing,2016,1975,2016,41
trotting,2046,2016,2046,30
left_turning,2047,2046,2047,1
trotting,2087,2047,2087,40
rising,2166,2087,2166,79
climbing,2224,2166,2224,58
grooming,2236,2224,2236,12
rearing,2278,2236,2278,42
climbing,2334,2278,2334,56
stepping,2395,2334,2395,61
climbing,2481,2395,2481,86
rising,2482,2481,2482,1
climbing,2542,2482,2542,60
sniffing,2549,2542,2549,7
climbing,2577,2549,2577,28
right_turning,2591,2577,2591,14
walking,2637,2591,2637,46
rising,2712,2637,2712,75
climbing,2755,2712,2755,43
right_turning,2779,2755,2779,24
walking,2847,2779,2847,68
rising,2879,2847,2879,32
climbing,2941,2879,2941,62
right_turning,2961,2941,2961,20
trotting,3014,2961,3014,53
sniffing,3061,3014,3061,47
walking,3062,3061,3062,1
sniffing,3115,3062,3115,53
climbing,3116,3115,3116,1
sniffing,3302,3116,3302,186
climbing,3346,3302,3346,44
stepping,3399,3346,3399,53
rising,3445,3399,3445,46
walking,3491,3445,3491,46
left_turning,3496,3491,3496,5
sniffing,3497,3496,3497,1
left_turning,3549,3497,3549,52
walking,3559,3549,3559,10
sniffing,3560,3559,3560,1
hunching,3603,3560,3603,43
sniffing,3614,3603,3614,11
left_turning,3669,3614,3669,55
walking,3726,3669,3726,57
sniffing,3727,3726,3727,1
walking,3786,3727,3786,59
trotting,3821,3786,3821,35
left_turning,3887,3821,3887,66
rising,3896,3887,3896,9
sniffing,4047,3896,4047,151
rising,4063,4047,4063,16
sniffing,4105,4063,4105,42
climbing,4155,4105,4155,50
trotting,4190,4155,4190,35
walking,4191,4190,4191,1
sniffing,4243,4191,4243,52
right_turning,4283,4243,4283,40
sniffing,4341,4283,4341,58
walking,4347,4341,4347,6
stepping,4401,4347,4401,54
sniffing,4501,4401,4501,100
rising,4510,4501,4510,9
climbing,4541,4510,4541,31
right_turning,4542,4541,4542,1
trotting,4576,4542,4576,34
walking,4598,4576,4598,22
stepping,4656,4598,4656,58
walking,4701,4656,4701,45
climbing,4740,4701,4740,39
sniffing,4844,4740,4844,104
grooming,4953,4844,4953,109
right_turning,4979,4953,4979,26
grooming,5148,4979,5148,169
left_turning,5195,5148,5195,47
trotting,5259,5195,5259,64
walking,5344,5259,5344,85
running,5354,5344,5354,10
stepping,5410,5354,5410,56
sniffing,5481,5410,5481,71
running,5491,5481,5491,10
sniffing,5492,5491,5492,1
climbing,5509,5492,5509,17
sniffing,5609,5509,5609,100
trotting,5673,5609,5673,64
walking,5709,5673,5709,36
rising,5710,5709,5710,1
right_turning,5794,5710,5794,84
trotting,5807,5794,5807,13
sniffing,5842,5807,5842,35
climbing,5865,5842,5865,23
sniffing,5972,5865,5972,107
walking,5998,5972,5998,26
running,5999,5998,5999,1
walking,6012,5999,6012,13
sniffing,6058,6012,6058,46
right_turning,6075,6058,6075,17
stepping,6103,6075,6103,28
rising,6143,6103,6143,40
climbing,6216,6143,6216,73
sniffing,6217,6216,6217,1
walking,6271,6217,6271,54
sniffing,6298,6271,6298,27
rising,6336,6298,6336,38
climbing,6419,6336,6419,83
rising,6420,6419,6420,1
sniffing,6467,6420,6467,47
rising,6542,6467,6542,75
sniffing,6766,6542,6766,224
trotting,6804,6766,6804,38
sniffing,6805,6804,6805,1
rising,6847,6805,6847,42
right_turning,6862,6847,6862,15
trotting,6863,6862,6863,1
walking,6919,6863,6919,56
sniffing,6920,6919,6920,1
walking,6921,6920,6921,1
trotting,6968,6921,6968,47
sniffing,6969,6968,6969,1
trotting,6979,6969,6979,10
stepping,7001,6979,7001,22
sniffing,7092,7001,7092,91
walking,7215,7092,7215,123
sniffing,7235,7215,7235,20
walking,7268,7235,7268,33
trotting,7298,7268,7298,30
rising,7327,7298,7327,29
climbing,7384,7327,7384,57
walking,7432,7384,7432,48
trotting,7508,7432,7508,76
walking,7509,7508,7509,1
left_turning,7510,7509,7510,1
walking,7605,7510,7605,95
sniffing,7673,7605,7673,68
trotting,7723,7673,7723,50
walking,7764,7723,7764,41
sniffing,7800,7764,7800,36
right_turning,7816,7800,7816,16
walking,7854,7816,7854,38
rising,7885,7854,7885,31
sniffing,8035,7885,8035,150
right_turning,8036,8035,8036,1
trotting,8043,8036,8043,7
walking,8118,8043,8118,75
sniffing,8164,8118,8164,46
walking,8233,8164,8233,69
sniffing,8234,8233,8234,1
walking,8310,8234,8310,76
sniffing,8453,8310,8453,143
hunching,8471,8453,8471,18
sniffing,8478,8471,8478,7
left_turning,8488,8478,8488,10
walking,8563,8488,8563,75
hunching,8600,8563,8600,37
sniffing,8737,8600,8737,137
stepping,8801,8737,8801,64
climbing,8869,8801,8869,68
rising,8894,8869,8894,25
rearing,8895,8894,8895,1
climbing,8932,8895,8932,37
rising,9008,8932,9008,76
sniffing,9054,9008,9054,46
rising,9068,9054,9068,14
climbing,9092,9068,9092,24
left_turning,9106,9092,9106,14
walking,9113,9106,9113,7
right_turning,9171,9113,9171,58
rising,9184,9171,9184,13
sniffing,9287,9184,9287,103
running,9314,9287,9314,27
walking,9315,9314,9315,1
left_turning,9377,9315,9377,62
walking,9408,9377,9408,31
rising,9420,9408,9420,12
left_turning,9472,9420,9472,52
trotting,9473,9472,9473,1
rising,9573,9473,9573,100
climbing,9574,9573,9574,1
rising,9599,9574,9599,25
sniffing,9600,9599,9600,1
climbing,9650,9600,9650,50
hunching,9692,9650,9692,42
walking,9748,9692,9748,56
rising,9749,9748,9749,1
sniffing,9774,9749,9774,25
walking,9803,9774,9803,29
sniffing,9804,9803,9804,1
rising,9894,9804,9894,90
rearing,9981,9894,9981,87
sniffing,10003,9981,10003,22
left_turning,10049,10003,10049,46
walking,10069,10049,10069,20
sniffing,10138,10069,10138,69
climbing,10185,10138,10185,47
rearing,10203,10185,10203,18
rising,10275,10203,10275,72
left_turning,10301,10275,10301,26
sniffing,10304,10301,10304,3
rearing,10396,10304,10396,92
sniffing,10397,10396,10397,1
running,10430,10397,10430,33
stepping,10487,10430,10487,57
right_turning,10542,10487,10542,55
running,10570,10542,10570,28
walking,10581,10570,10581,11
rising,10634,10581,10634,53
right_turning,10663,10634,10663,29
walking,10720,10663,10720,57
rising,10786,10720,10786,66
climbing,10894,10786,10894,108
sniffing,10983,10894,10983,89
rising,11005,10983,11005,22
sniffing,11029,11005,11029,24
left_turning,11059,11029,11059,30
rising,11081,11059,11081,22
sniffing,11156,11081,11156,75
left_turning,11171,11156,11171,15
walking,11200,11171,11200,29
rising,11204,11200,11204,4
sniffing,11209,11204,11209,5
running,11254,11209,11254,45
sniffing,11311,11254,11311,57
stepping,11343,11311,11343,32
left_turning,11396,11343,11396,53
walking,11413,11396,11413,17
rising,11514,11413,11514,101
sniffing,11515,11514,11515,1
running,11516,11515,11516,1
walking,11579,11516,11579,63
climbing,11580,11579,11580,1
sniffing,11661,11580,11661,81
climbing,11712,11661,11712,51
grooming,11870,11712,11870,158
rearing,11931,11870,11931,61
walking,11932,11931,11932,1
sniffing,11933,11932,11933,1
rising,11983,11933,11983,50
left_turning,11984,11983,11984,1
walking,12016,11984,12016,32
climbing,12036,12016,12036,20
walking,12037,12036,12037,1
right_turning,12102,12037,12102,65
running,12127,12102,12127,25
walking,12159,12127,12159,32
climbing,12197,12159,12197,38
grooming,12278,12197,12278,81
left_turning,12309,12278,12309,31
walking,12365,12309,12365,56
trotting,12390,12365,12390,25
sniffing,12411,12390,12411,21
rising,12412,12411,12412,1
right_turning,12427,12412,12427,15
walking,12502,12427,12502,75
sniffing,12607,12502,12607,105
rising,12655,12607,12655,48
walking,12709,12655,12709,54
sniffing,12723,12709,12723,14
left_turning,12724,12723,12724,1
walking,12762,12724,12762,38
sniffing,12782,12762,12782,20
walking,12786,12782,12786,4
stepping,12835,12786,12835,49
sniffing,13002,12835,13002,167
right_turning,13031,13002,13031,29
walking,13049,13031,13049,18
left_turning,13065,13049,13065,16
walking,13116,13065,13116,51
sniffing,13143,13116,13143,27
rising,13170,13143,13170,27
climbing,13228,13170,13228,58
sniffing,13305,13228,13305,77
climbing,13306,13305,13306,1
running,13322,13306,13322,16
walking,13343,13322,13343,21
sniffing,13345,13343,13345,2
rising,13372,13345,13372,27
climbing,13502,13372,13502,130
left_turning,13537,13502,13537,35
sniffing,13636,13537,13636,99
rising,13666,13636,13666,30
sniffing,13695,13666,13695,29
walking,13775,13695,13775,80
trotting,13817,13775,13817,42
sniffing,13844,13817,13844,27
walking,13918,13844,13918,74
sniffing,13968,13918,13968,50
walking,14065,13968,14065,97
rising,14075,14065,14075,10
climbing,14137,14075,14137,62
sniffing,14240,14137,14240,103
walking,14268,14240,14268,28
climbing,14340,14268,14340,72
sniffing,14457,14340,14457,117
rising,14509,14457,14509,52
climbing,14532,14509,14532,23
rising,14626,14532,14626,94
climbing,14654,14626,14654,28
right_turning,14661,14654,14661,7
left_turning,14701,14661,14701,40
walking,14742,14701,14742,41
sniffing,14780,14742,14780,38
walking,14841,14780,14841,61
stepping,14897,14841,14897,56
rearing,14915,14897,14915,18
hunching,14960,14915,14960,45
sniffing,15008,14960,15008,48
stepping,15048,15008,15048,40
sniffing,15085,15048,15085,37
rising,15140,15085,15140,55
right_turning,15141,15140,15141,1
sniffing,15214,15141,15214,73
right_turning,15230,15214,15230,16
stepping,15231,15230,15231,1
left_turning,15269,15231,15269,38
sniffing,15373,15269,15373,104
walking,15445,15373,15445,72
trotting,15474,15445,15474,29
climbing,15551,15474,15551,77
right_turning,15611,15551,15611,60
stepping,15634,15611,15634,23
walking,15697,15634,15697,63
climbing,15709,15697,15709,12
sniffing,15799,15709,15799,90
rising,15844,15799,15844,45
walking,15959,15844,15959,115
trotting,15968,15959,15968,9
sniffing,16035,15968,16035,67
left_turning,16072,16035,16072,37
sniffing,16073,16072,16073,1
climbing,16107,16073,16107,34
sniffing,16108,16107,16108,1
left_turning,16112,16108,16112,4
rearing,16113,16112,16113,1
trotting,16166,16113,16166,53
climbing,16238,16166,16238,72
right_turning,16280,16238,16280,42
walking,16296,16280,16296,16
climbing,16351,16296,16351,55
trotting,16395,16351,16395,44
sniffing,16396,16395,16396,1
rising,16417,16396,16417,21
climbing,16441,16417,16441,24
trotting,16491,16441,16491,50
left_turning,16618,16491,16618,127
running,16650,16618,16650,32
sniffing,16723,16650,16723,73
climbing,16748,16723,16748,25
sniffing,16786,16748,16786,38
left_turning,16824,16786,16824,38
sniffing,16854,16824,16854,30
rising,16869,16854,16869,15
left_turning,16875,16869,16875,6
sniffing,17013,16875,17013,138
left_turning,17077,17013,17077,64
running,17108,17077,17108,31
walking,17244,17108,17244,136
sniffing,17270,17244,17270,26
rising,17338,17270,17338,68
sniffing,17339,17338,17339,1
walking,17361,17339,17361,22
climbing,17428,17361,17428,67
walking,17516,17428,17516,88
sniffing,17594,17516,17594,78
climbing,17641,17594,17641,47
left_turning,17697,17641,17697,56
trotting,17741,17697,17741,44
walking,17742,17741,17742,1
left_turning,17791,17742,17791,49
walking,17817,17791,17817,26
climbing,17944,17817,17944,127
walking,18018,17944,18018,74
climbing,18082,18018,18082,64
walking,18150,18082,18150,68
sniffing,18234,18150,18234,84
left_turning,18241,18234,18241,7
sniffing,18294,18241,18294,53
walking,18295,18294,18295,1
rising,18296,18295,18296,1
climbing,18383,18296,18383,87
sniffing,18404,18383,18404,21
rising,18468,18404,18468,64
walking,18519,18468,18519,51
sniffing,18545,18519,18545,26
hunching,18588,18545,18588,43
right_turning,18628,18588,18628,40
walking,18673,18628,18673,45
left_turning,18747,18673,18747,74
sniffing,18830,18747,18830,83
walking,18831,18830,18831,1
sniffing,18880,18831,18880,49
climbing,19017,18880,19017,137
trotting,19018,19017,19018,1
sniffing,19051,19018,19051,33
trotting,19102,19051,19102,51
sniffing,19103,19102,19103,1
climbing,19166,19103,19166,63
grooming,19167,19166,19167,1
running,19213,19167,19213,46
sniffing,19232,19213,19232,19
rising,19270,19232,19270,38
rearing,19363,19270,19363,93
rising,19364,19363,19364,1
rearing,19395,19364,19395,31
climbing,19473,19395,19473,78
left_turning,19508,19473,19508,35
climbing,19609,19508,19609,101
sniffing,19624,19609,19624,15
trotting,19663,19624,19663,39
walking,19730,19663,19730,67
left_turning,19755,19730,19755,25
walking,19781,19755,19781,26
sniffing,19860,19781,19860,79
left_turning,19861,19860,19861,1
walking,19862,19861,19862,1
left_turning,19888,19862,19888,26
sniffing,19889,19888,19889,1
rearing,20003,19889,20003,114
climbing,20070,20003,20070,67
rearing,20113,20070,20113,43
sniffing,20177,20113,20177,64
left_turning,20181,20177,20181,4
sniffing,20219,20181,20219,38
walking,20231,20219,20231,12
sniffing,20301,20231,20301,70
walking,20328,20301,20328,27
rearing,20344,20328,20344,16
sniffing,20345,20344,20345,1
rearing,20357,20345,20357,12
climbing,20380,20357,20380,23
left_turning,20445,20380,20445,65
sniffing,20456,20445,20456,11
walking,20476,20456,20476,20
sniffing,20520,20476,20520,44
rising,20540,20520,20540,20
left_turning,20572,20540,20572,32
walking,20611,20572,20611,39
rising,20631,20611,20631,20
left_turning,20657,20631,20657,26
walking,20658,20657,20658,1
sniffing,20783,20658,20783,125
rearing,20905,20783,20905,122
grooming,21087,20905,21087,182
rising,21088,21087,21088,1
climbing,21135,21088,21135,47
walking,21182,21135,21182,47
stepping,21183,21182,21183,1
sniffing,21298,21183,21298,115
stepping,21318,21298,21318,20
left_turning,21347,21318,21347,29
sniffing,21425,21347,21425,78
walking,21456,21425,21456,31
rising,21468,21456,21468,12
climbing,21525,21468,21525,57
rearing,21590,21525,21590,65
climbing,21654,21590,21654,64
rearing,21659,21654,21659,5
sniffing,21660,21659,21660,1
rising,21686,21660,21686,26
climbing,21746,21686,21746,60
rising,21759,21746,21759,13
sniffing,22002,21759,22002,243
walking,22028,22002,22028,26
sniffing,22040,22028,22040,12
rising,22065,22040,22065,25
walking,22066,22065,22066,1
sniffing,22155,22066,22155,89
climbing,22180,22155,22180,25
walking,22216,22180,22216,36
trotting,22260,22216,22260,44
left_turning,22282,22260,22282,22
rising,22290,22282,22290,8
climbing,22421,22290,22421,131
rising,22434,22421,22434,13
sniffing,22435,22434,22435,1
walking,22471,22435,22471,36
climbing,22534,22471,22534,63
running,22556,22534,22556,22
walking,22616,22556,22616,60
rising,22631,22616,22631,15
climbing,22714,22631,22714,83
sniffing,22715,22714,22715,1
rising,22716,22715,22716,1
climbing,22781,22716,22781,65
right_turning,22825,22781,22825,44
trotting,22865,22825,22865,40
rising,22878,22865,22878,13
climbing,22905,22878,22905,27
hunching,22931,22905,22931,26
climbing,22932,22931,22932,1
rearing,22988,22932,22988,56
sniffing,22989,22988,22989,1
left_turning,22990,22989,22990,1
sniffing,22991,22990,22991,1
rearing,23031,22991,23031,40
sniffing,23138,23031,23138,107
trotting,23152,23138,23152,14
left_turning,23198,23152,23198,46
stepping,23295,23198,23295,97
left_turning,23338,23295,23338,43
walking,23374,23338,23374,36
rising,23375,23374,23375,1
sniffing,23474,23375,23474,99
right_turning,23475,23474,23475,1
walking,23476,23475,23476,1
sniffing,23662,23476,23662,186
rising,23667,23662,23667,5
walking,23740,23667,23740,73
sniffing,23750,23740,23750,10
rising,23873,23750,23873,123
sniffing,23875,23873,23875,2
walking,23902,23875,23902,27
climbing,23970,23902,23970,68
sniffing,24078,23970,24078,108
walking,24136,24078,24136,58
running,24178,24136,24178,42
sniffing,24186,24178,24186,8
hunching,24250,24186,24250,64
rising,24254,24250,24254,4
climbing,24255,24254,24255,1
left_turning,24299,24255,24299,44
sniffing,24376,24299,24376,77
left_turning,24425,24376,24425,49
sniffing,24481,24425,24481,56
climbing,24543,24481,24543,62
sniffing,24637,24543,24637,94
stepping,24687,24637,24687,50
climbing,24738,24687,24738,51
sniffing,24739,24738,24739,1
rising,24755,24739,24755,16
sniffing,24768,24755,24768,13
left_turning,24769,24768,24769,1
sniffing,24814,24769,24814,45
trotting,24853,24814,24853,39
sniffing,24892,24853,24892,39
walking,24893,24892,24893,1
sniffing,24922,24893,24922,29
climbing,24955,24922,24955,33
sniffing,24960,24955,24960,5
trotting,24985,24960,24985,25
rising,24986,24985,24986,1
walking,24987,24986,24987,1
rearing,25059,24987,25059,72
stepping,25113,25059,25113,54
sniffing,25196,25113,25196,83
trotting,25273,25196,25273,77
rising,25304,25273,25304,31
hunching,25308,25304,25308,4
sniffing,25325,25308,25325,17
rising,25343,25325,25343,18
climbing,25344,25343,25344,1
trotting,25399,25344,25399,55
sniffing,25429,25399,25429,30
rearing,25471,25429,25471,42
rising,25536,25471,25536,65
sniffing,25640,25536,25640,104
walking,25683,25640,25683,43
sniffing,25767,25683,25767,84
running,25785,25767,25785,18
sniffing,25879,25785,25879,94
rising,25888,25879,25888,9
walking,25914,25888,25914,26
sniffing,25915,25914,25915,1
walking,25947,25915,25947,32
rising,25997,25947,25997,50
sniffing,26038,25997,26038,41
grooming,26065,26038,26065,27
rearing,26123,26065,26123,58
hunching,26182,26123,26182,59
sniffing,26235,26182,26235,53
rising,26241,26235,26241,6
climbing,26338,26241,26338,97
sniffing,26410,26338,26410,72
right_turning,26411,26410,26411,1
rising,26474,26411,26474,63
grooming,26775,26474,26775,301
rearing,26795,26775,26795,20
sniffing,26886,26795,26886,91
hunching,26897,26886,26897,11
trotting,26907,26897,26907,10
stepping,26951,26907,26951,44
right_turning,26952,26951,26952,1
walking,27015,26952,27015,63
sniffing,27097,27015,27097,82
trotting,27133,27097,27133,36
walking,27225,27133,27225,92
sniffing,27281,27225,27281,56
trotting,27313,27281,27313,32
walking,27375,27313,27375,62
sniffing,27433,27375,27433,58
rising,27434,27433,27434,1
right_turning,27509,27434,27509,75
sniffing,27548,27509,27548,39
climbing,27601,27548,27601,53
hunching,27706,27601,27706,105
rearing,27707,27706,27707,1
left_turning,27765,27707,27765,58
climbing,27848,27765,27848,83
stepping,27879,27848,27879,31
sniffing,27924,27879,27924,45
left_turning,27964,27924,27964,40
sniffing,28051,27964,28051,87
left_turning,28079,28051,28079,28
sniffing,28143,28079,28143,64
stepping,28175,28143,28175,32
walking,28251,28175,28251,76
trotting,28287,28251,28287,36
left_turning,28324,28287,28324,37
sniffing,28404,28324,28404,80
rising,28488,28404,28488,84
sniffing,28527,28488,28527,39
running,28536,28527,28536,9
trotting,28564,28536,28564,28
sniffing,28629,28564,28629,65
rising,28657,28629,28657,28
climbing,28711,28657,28711,54
right_turning,28723,28711,28723,12
sniffing,28838,28723,28838,115
left_turning,28870,28838,28870,32
walking,28911,28870,28911,41
right_turning,28926,28911,28926,15
stepping,28954,28926,28954,28
sniffing,28967,28954,28967,13
walking,28968,28967,28968,1
running,28973,28968,28973,5
stepping,29034,28973,29034,61
sniffing,29168,29034,29168,134
left_turning,29204,29168,29204,36
running,29235,29204,29235,31
rising,29237,29235,29237,2
sniffing,29444,29237,29444,207
pausing,29523,29444,29523,79
sniffing,29524,29523,29524,1
walking,29551,29524,29551,27
trotting,29601,29551,29601,50
left_turning,29666,29601,29666,65
rising,29667,29666,29667,1
sniffing,29668,29667,29668,1
walking,29669,29668,29669,1
climbing,29737,29669,29737,68
trotting,29768,29737,29768,31
stepping,29801,29768,29801,33
sniffing,29825,29801,29825,24
rising,29826,29825,29826,1
walking,29928,29826,29928,102
sniffing,29929,29928,29929,1
walking,29930,29929,29930,1
left_turning,29952,29930,29952,22
trotting,29973,29952,29973,21
rising,29985,29973,29985,12
walking,29986,29985,29986,1
rising,29994,29986,29994,8
rearing,30039,29994,30039,45
walking,30093,30039,30093,54
sniffing,30225,30093,30225,132
left_turning,30258,30225,30258,33
trotting,30288,30258,30288,30
sniffing,30352,30288,30352,64
walking,30389,30352,30389,37
sniffing,30461,30389,30461,72
rising,30490,30461,30490,29
walking,30504,30490,30504,14
climbing,30622,30504,30622,118
hunching,30664,30622,30664,42
sniffing,30815,30664,30815,151
climbing,30838,30815,30838,23
right_turning,30839,30838,30839,1
walking,30840,30839,30840,1
sniffing,30910,30840,30910,70
left_turning,30927,30910,30927,17
sniffing,30975,30927,30975,48
climbing,31072,30975,31072,97
sniffing,31188,31072,31188,116
rising,31228,31188,31228,40
sniffing,31292,31228,31292,64
rising,31293,31292,31293,1
left_turning,31337,31293,31337,44
sniffing,31443,31337,31443,106
rising,31463,31443,31463,20
sniffing,31537,31463,31537,74
left_turning,31555,31537,31555,18
walking,31615,31555,31615,60
right_turning,31623,31615,31623,8
walking,31655,31623,31655,32
rising,31689,31655,31689,34
sniffing,31845,31689,31845,156
rising,31847,31845,31847,2
climbing,31908,31847,31908,61
rising,31944,31908,31944,36
sniffing,32008,31944,32008,64
left_turning,32061,32008,32061,53
walking,32097,32061,32097,36
rising,32164,32097,32164,67
left_turning,32240,32164,32240,76
sniffing,32281,32240,32281,41
rising,32331,32281,32331,50
climbing,32410,32331,32410,79
rising,32418,32410,32418,8
sniffing,32419,32418,32419,1
trotting,32437,32419,32437,18
walking,32570,32437,32570,133
jumping,32635,32570,32635,65
sniffing,32636,32635,32636,1
walking,32684,32636,32684,48
sniffing,32705,32684,32705,21
walking,32749,32705,32749,44
stepping,32802,32749,32802,53
rising,32866,32802,32866,64
left_turning,32872,32866,32872,6
running,32882,32872,32882,10
walking,32924,32882,32924,42
rising,32950,32924,32950,26
trotting,33012,32950,33012,62
walking,33029,33012,33029,17
stepping,33058,33029,33058,29
rising,33071,33058,33071,13
climbing,33116,33071,33116,45
rising,33213,33116,33213,97
climbing,33219,33213,33219,6
rearing,33281,33219,33281,62
rising,33317,33281,33317,36
climbing,33361,33317,33361,44
rising,33426,33361,33426,65
left_turning,33450,33426,33450,24
rising,33451,33450,33451,1
rearing,33563,33451,33563,112
left_turning,33594,33563,33594,31
walking,33662,33594,33662,68
sniffing,33663,33662,33663,1
left_turning,33682,33663,33682,19
trotting,33760,33682,33760,78
sniffing,33838,33760,33838,78
rising,33898,33838,33898,60
climbing,33899,33898,33899,1
rearing,33954,33899,33954,55
climbing,33985,33954,33985,31
sniffing,33986,33985,33986,1
left_turning,33987,33986,33987,1
rising,34038,33987,34038,51
walking,34080,34038,34080,42
sniffing,34081,34080,34081,1
climbing,34100,34081,34100,19
left_turning,34122,34100,34122,22
climbing,34215,34122,34215,93
trotting,34274,34215,34274,59
stepping,34335,34274,34335,61
walking,34336,34335,34336,1
sniffing,34436,34336,34436,100
walking,34448,34436,34448,12
left_turning,34490,34448,34490,42
sniffing,34554,34490,34554,64
walking,34555,34554,34555,1
sniffing,34658,34555,34658,103
left_turning,34703,34658,34703,45
walking,34787,34703,34787,84
sniffing,34883,34787,34883,96
climbing,34921,34883,34921,38
walking,34922,34921,34922,1
sniffing,34937,34922,34937,15
hunching,34963,34937,34963,26
sniffing,34969,34963,34969,6
walking,34987,34969,34987,18
sniffing,34988,34987,34988,1
walking,35019,34988,35019,31
sniffing,35138,35019,35138,119
rising,35184,35138,35184,46
climbing,35321,35184,35321,137
rearing,35405,35321,35405,84
grooming,35461,35405,35461,56
rearing,35500,35461,35500,39
left_turning,35549,35500,35549,49
walking,35586,35549,35586,37
jumping,35637,35586,35637,51
left_turning,35688,35637,35688,51
sniffing,35876,35688,35876,188
left_turning,35877,35876,35877,1
stepping,35893,35877,35893,16
trotting,35950,35893,35950,57
running,35988,35950,35988,38
walking,36047,35988,36047,59
climbing,36112,36047,36112,65
sniffing,36113,36112,36113,1
rising,36141,36113,36141,28
walking,36146,36141,36146,5
sniffing,36393,36146,36393,247
left_turning,36427,36393,36427,34
sniffing,36493,36427,36493,66
walking,36538,36493,36538,45
stepping,36579,36538,36579,41
rising,36734,36579,36734,155
climbing,36784,36734,36784,50
rising,36785,36784,36785,1
sniffing,36832,36785,36832,47
climbing,36927,36832,36927,95
walking,37001,36927,37001,74
sniffing,37016,37001,37016,15
left_turning,37058,37016,37058,42
walking,37146,37058,37146,88
rising,37222,37146,37222,76
left_turning,37234,37222,37234,12
trotting,37235,37234,37235,1
sniffing,37485,37235,37485,250
hunching,37521,37485,37521,36
rearing,37561,37521,37561,40
hunching,37582,37561,37582,21
rearing,37583,37582,37583,1
right_turning,37593,37583,37593,10
rearing,37629,37593,37629,36
sniffing,37749,37629,37749,120
rising,37763,37749,37763,14
rearing,37794,37763,37794,31
grooming,37795,37794,37795,1
left_turning,37843,37795,37843,48
trotting,37866,37843,37866,23
sniffing,37867,37866,37867,1
right_turning,37890,37867,37890,23
walking,37945,37890,37945,55
sniffing,38051,37945,38051,106
left_turning,38060,38051,38060,9
sniffing,38061,38060,38061,1
rising,38142,38061,38142,81
sniffing,38218,38142,38218,76
rearing,38242,38218,38242,24
running,38272,38242,38272,30
sniffing,38395,38272,38395,123
grooming,38479,38395,38479,84
sniffing,38679,38479,38679,200
climbing,38795,38679,38795,116
rising,38798,38795,38798,3
climbing,38868,38798,38868,70
walking,38912,38868,38912,44
sniffing,38913,38912,38913,1
climbing,39043,38913,39043,130
rising,39076,39043,39076,33
sniffing,39128,39076,39128,52
rising,39198,39128,39198,70
climbing,39225,39198,39225,27
hunching,39416,39225,39416,191
left_turning,39431,39416,39431,15
sniffing,39549,39431,39549,118
rising,39593,39549,39593,44
climbing,39668,39593,39668,75
rising,39716,39668,39716,48
sniffing,39832,39716,39832,116
running,39866,39832,39866,34
trotting,39910,39866,39910,44
walking,39919,39910,39919,9
sniffing,39937,39919,39937,18
climbing,39943,39937,39943,6
sniffing,40033,39943,40033,90
grooming,40174,40033,40174,141
sniffing,40205,40174,40205,31
hunching,40286,40205,40286,81
climbing,40326,40286,40326,40
walking,40327,40326,40327,1
sniffing,40400,40327,40400,73
rising,40469,40400,40469,69
right_turning,40500,40469,40500,31
walking,40511,40500,40511,11
sniffing,40512,40511,40512,1
stepping,40562,40512,40562,50
sniffing,40563,40562,40563,1
left_turning,40571,40563,40571,8
sniffing,40597,40571,40597,26
rising,40677,40597,40677,80
walking,40770,40677,40770,93
climbing,40835,40770,40835,65
walking,40938,40835,40938,103
rising,40970,40938,40970,32
climbing,41020,40970,41020,50
rising,41043,41020,41043,23
left_turning,41054,41043,41054,11
rising,41078,41054,41078,24
rearing,41108,41078,41108,30
climbing,41137,41108,41137,29
grooming,41181,41137,41181,44
rising,41245,41181,41245,64
sniffing,41265,41245,41265,20
left_turning,41278,41265,41278,13
trotting,41306,41278,41306,28
sniffing,41518,41306,41518,212
walking,41575,41518,41575,57
sniffing,41669,41575,41669,94
rearing,41670,41669,41670,1
rising,41702,41670,41702,32
climbing,41729,41702,41729,27
right_turning,41731,41729,41731,2
climbing,41783,41731,41783,52
walking,41819,41783,41819,36
running,41855,41819,41855,36
sniffing,41856,41855,41856,1
walking,41875,41856,41875,19
sniffing,42006,41875,42006,131
rising,42056,42006,42056,50
rearing,42102,42056,42102,46
walking,42146,42102,42146,44
sniffing,42147,42146,42147,1
trotting,42186,42147,42186,39
climbing,42256,42186,42256,70
rearing,42257,42256,42257,1
left_turning,42267,42257,42267,10
climbing,42302,42267,42302,35
rising,42324,42302,42324,22
climbing,42355,42324,42355,31
sniffing,42356,42355,42356,1
grooming,42357,42356,42357,1
hunching,42399,42357,42399,42
sniffing,42400,42399,42400,1
right_turning,42407,42400,42407,7
grooming,42408,42407,42408,1
sniffing,42425,42408,42425,17
trotting,42469,42425,42469,44
walking,42526,42469,42526,57
climbing,42544,42526,42544,18
walking,42604,42544,42604,60
sniffing,42631,42604,42631,27
left_turning,42644,42631,42644,13
rearing,42723,42644,42723,79
climbing,42733,42723,42733,10
right_turning,42735,42733,42735,2
trotting,42749,42735,42749,14
climbing,42832,42749,42832,83
rising,42910,42832,42910,78
climbing,42972,42910,42972,62
running,43009,42972,43009,37
sniffing,43075,43009,43075,66
right_turning,43110,43075,43110,35
walking,43155,43110,43155,45
sniffing,43224,43155,43224,69
left_turning,43236,43224,43236,12
right_turning,43240,43236,43240,4
sniffing,43323,43240,43323,83
grooming,43472,43323,43472,149
sniffing,43587,43472,43587,115
climbing,43654,43587,43654,67
walking,43689,43654,43689,35
sniffing,43742,43689,43742,53
rising,43746,43742,43746,4
walking,43757,43746,43757,11
left_turning,43787,43757,43787,30
sniffing,43842,43787,43842,55
rearing,43881,43842,43881,39
sniffing,43882,43881,43882,1
left_turning,43919,43882,43919,37
walking,43992,43919,43992,73
climbing,44069,43992,44069,77
walking,44073,44069,44073,4
rising,44074,44073,44074,1
climbing,44183,44074,44183,109
right_turning,44212,44183,44212,29
stepping,44277,44212,44277,65
rearing,44303,44277,44303,26
rising,44312,44303,44312,9
climbing,44414,44312,44414,102
right_turning,44463,44414,44463,49
walking,44519,44463,44519,56
rising,44630,44519,44630,111
rearing,44678,44630,44678,48
sniffing,44679,44678,44679,1
rearing,44696,44679,44696,17
sniffing,44708,44696,44708,12
hunching,44773,44708,44773,65
climbing,44847,44773,44847,74
walking,44893,44847,44893,46
sniffing,44917,44893,44917,24
right_turning,44983,44917,44983,66
trotting,45015,44983,45015,32
sniffing,45061,45015,45061,46
climbing,45157,45061,45157,96
left_turning,45178,45157,45178,21
walking,45201,45178,45201,23
rearing,45247,45201,45247,46
grooming,45248,45247,45248,1
sniffing,45261,45248,45261,13
left_turning,45262,45261,45262,1
trotting,45300,45262,45300,38
running,45333,45300,45333,33
sniffing,45382,45333,45382,49
left_turning,45422,45382,45422,40
sniffing,45502,45422,45502,80
walking,45514,45502,45514,12
sniffing,45551,45514,45551,37
grooming,45717,45551,45717,166
hunching,45798,45717,45798,81
rising,45799,45798,45799,1
climbing,45800,45799,45800,1
left_turning,45838,45800,45838,38
running,45857,45838,45857,19
stepping,45866,45857,45866,9
sniffing,45956,45866,45956,90
walking,46042,45956,46042,86
sniffing,46110,46042,46110,68
walking,46111,46110,46111,1
sniffing,46112,46111,46112,1
rising,46176,46112,46176,64
right_turning,46241,46176,46241,65
climbing,46280,46241,46280,39
right_turning,46281,46280,46281,1
walking,46282,46281,46282,1
climbing,46384,46282,46384,102
sniffing,46419,46384,46419,35
right_turning,46445,46419,46445,26
rising,46448,46445,46448,3
climbing,46545,46448,46545,97
rearing,46640,46545,46640,95
rising,46655,46640,46655,15
sniffing,46736,46655,46736,81
rising,46773,46736,46773,37
climbing,46911,46773,46911,138
right_turning,46919,46911,46919,8
walking,47019,46919,47019,100
running,47029,47019,47029,10
sniffing,47030,47029,47030,1
hunching,47270,47030,47270,240
climbing,47369,47270,47369,99
right_turning,47412,47369,47412,43
stepping,47451,47412,47451,39
sniffing,47493,47451,47493,42
walking,47523,47493,47523,30
rising,47535,47523,47535,12
rearing,47536,47535,47536,1
sniffing,47584,47536,47584,48
rising,47634,47584,47634,50
climbing,47665,47634,47665,31
left_turning,47687,47665,47687,22
running,47730,47687,47730,43
walking,47760,47730,47760,30
climbing,47837,47760,47837,77
trotting,47866,47837,47866,29
running,47884,47866,47884,18
sniffing,48078,47884,48078,194
left_turning,48079,48078,48079,1
sniffing,48129,48079,48129,50
hunching,48198,48129,48198,69
grooming,48306,48198,48306,108
rearing,48368,48306,48368,62
sniffing,48370,48368,48370,2
climbing,48385,48370,48385,15
hunching,48397,48385,48397,12
rising,48417,48397,48417,20
walking,48418,48417,48418,1
climbing,48481,48418,48481,63
sniffing,48625,48481,48625,144
rising,48626,48625,48626,1
sniffing,48649,48626,48649,23
walking,48713,48649,48713,64
trotting,48718,48713,48718,5
sniffing,48730,48718,48730,12
climbing,48756,48730,48756,26
right_turning,48785,48756,48785,29
stepping,48801,48785,48801,16
hunching,48983,48801,48983,182
walking,49017,48983,49017,34
climbing,49098,49017,49098,81
walking,49099,49098,49099,1
stepping,49124,49099,49124,25
walking,49163,49124,49163,39
rearing,49164,49163,49164,1
climbing,49165,49164,49165,1
hunching,49210,49165,49210,45
right_turning,49275,49210,49275,65
sniffing,49335,49275,49335,60
climbing,49360,49335,49360,25
rising,49364,49360,49364,4
trotting,49419,49364,49419,55
stepping,49459,49419,49459,40
walking,49536,49459,49536,77
trotting,49626,49536,49626,90
walking,49723,49626,49723,97
sniffing,49810,49723,49810,87
stepping,49836,49810,49836,26
sniffing,49960,49836,49960,124
climbing,50002,49960,50002,42
rising,50042,50002,50042,40
climbing,50109,50042,50109,67
rearing,50110,50109,50110,1
walking,50111,50110,50111,1
stepping,50142,50111,50142,31
left_turning,50143,50142,50143,1
sniffing,50164,50143,50164,21
rising,50167,50164,50167,3
walking,50314,50167,50314,147
left_turning,50315,50314,50315,1
sniffing,50406,50315,50406,91
walking,50436,50406,50436,30
left_turning,50505,50436,50505,69
sniffing,50506,50505,50506,1
right_turning,50552,50506,50552,46
walking,50642,50552,50642,90
sniffing,50653,50642,50653,11
rising,50698,50653,50698,45
climbing,50742,50698,50742,44
rising,50766,50742,50766,24
rearing,50767,50766,50767,1
sniffing,50814,50767,50814,47
climbing,50887,50814,50887,73
hunching,50905,50887,50905,18
climbing,50906,50905,50906,1
rising,50917,50906,50917,11
climbing,51007,50917,51007,90
grooming,51008,51007,51008,1
sniffing,51130,51008,51130,122
stepping,51159,51130,51159,29
rising,51229,51159,51229,70
walking,51274,51229,51274,45
stepping,51328,51274,51328,54
sniffing,51330,51328,51330,2
trotting,51346,51330,51346,16
stepping,51402,51346,51402,56
walking,51501,51402,51501,99
sniffing,51585,51501,51585,84
hunching,51690,51585,51690,105
rising,51716,51690,51716,26
sniffing,51756,51716,51756,40
rising,51776,51756,51776,20
climbing,51804,51776,51804,28
left_turning,51859,51804,51859,55
sniffing,51973,51859,51973,114
walking,52074,51973,52074,101
sniffing,52161,52074,52161,87
rising,52165,52161,52165,4
climbing,52166,52165,52166,1
right_turning,52253,52166,52253,87
walking,52254,52253,52254,1
rising,52262,52254,52262,8
climbing,52364,52262,52364,102
right_turning,52381,52364,52381,17
running,52395,52381,52395,14
walking,52421,52395,52421,26
sniffing,52422,52421,52422,1
running,52442,52422,52442,20
stepping,52451,52442,52451,9
trotting,52522,52451,52522,71
stepping,52541,52522,52541,19
sniffing,52577,52541,52577,36
left_turning,52578,52577,52578,1
walking,52595,52578,52595,17
stepping,52677,52595,52677,82
climbing,52678,52677,52678,1
rising,52720,52678,52720,42
jumping,52820,52720,52820,100
grooming,52821,52820,52821,1
stepping,52876,52821,52876,55
running,52903,52876,52903,27
sniffing,53078,52903,53078,175
hunching,53091,53078,53091,13
sniffing,53184,53091,53184,93
left_turning,53230,53184,53230,46
sniffing,53235,53230,53235,5
climbing,53286,53235,53286,51
rising,53349,53286,53349,63
climbing,53369,53349,53369,20
left_turning,53443,53369,53443,74
walking,53444,53443,53444,1
left_turning,53473,53444,53473,29
walking,53558,53473,53558,85
sniffing,53586,53558,53586,28
stepping,53638,53586,53638,52
sniffing,53667,53638,53667,29
rising,53731,53667,53731,64
climbing,53732,53731,53732,1
rising,53771,53732,53771,39
climbing,53784,53771,53784,13
rearing,53788,53784,53788,4
walking,53904,53788,53904,116
left_turning,53940,53904,53940,36
walking,53976,53940,53976,36
stepping,54004,53976,54004,28
sniffing,54017,54004,54017,13
rising,54050,54017,54050,33
sniffing,54051,54050,54051,1
hunching,54091,54051,54091,40
sniffing,54092,54091,54092,1
pausing,54418,54092,54418,326
sniffing,54449,54418,54449,31
left_turning,54502,54449,54502,53
trotting,54541,54502,54541,39
walking,54619,54541,54619,78
left_turning,54649,54619,54649,30
sniffing,54650,54649,54650,1
walking,54715,54650,54715,65
trotting,54741,54715,54741,26
rising,54759,54741,54759,18
walking,54856,54759,54856,97
left_turning,54857,54856,54857,1
walking,54883,54857,54883,26
stepping,54957,54883,54957,74
sniffing,54966,54957,54966,9
rising,54967,54966,54967,1
sniffing,54997,54967,54997,30
left_turning,55066,54997,55066,69
sniffing,55174,55066,55174,108
grooming,55217,55174,55217,43
rearing,55218,55217,55218,1
rising,55228,55218,55228,10
rearing,55327,55228,55327,99
grooming,55337,55327,55337,10
sniffing,55375,55337,55375,38
grooming,55410,55375,55410,35
sniffing,55588,55410,55588,178
rising,55634,55588,55634,46
climbing,55666,55634,55666,32
rearing,55756,55666,55756,90
sniffing,55767,55756,55767,11
climbing,55768,55767,55768,1
sniffing,55822,55768,55822,54
rising,55823,55822,55823,1
climbing,55824,55823,55824,1
walking,55885,55824,55885,61
rearing,55997,55885,55997,112
grooming,55998,55997,55998,1
sniffing,56061,55998,56061,63
rising,56062,56061,56062,1
walking,56081,56062,56081,19
sniffing,56101,56081,56101,20
left_turning,56166,56101,56166,65
walking,56219,56166,56219,53
rising,56220,56219,56220,1
sniffing,56319,56220,56319,99
climbing,56406,56319,56406,87
rearing,56407,56406,56407,1
right_turning,56408,56407,56408,1
trotting,56450,56408,56450,42
walking,56545,56450,56545,95
climbing,56546,56545,56546,1
sniffing,56547,56546,56547,1
left_turning,56675,56547,56675,128
sniffing,56864,56675,56864,189
rising,56927,56864,56927,63
climbing,56988,56927,56988,61
walking,57020,56988,57020,32
rising,57052,57020,57052,32
right_turning,57110,57052,57110,58
left_turning,57186,57110,57186,76
sniffing,57319,57186,57319,133
right_turning,57342,57319,57342,23
climbing,57421,57342,57421,79
rising,57486,57421,57486,65
climbing,57489,57486,57489,3
rising,57490,57489,57490,1
climbing,57527,57490,57527,37
rising,57565,57527,57565,38
climbing,57742,57565,57742,177
sniffing,57804,57742,57804,62
hunching,57859,57804,57859,55
walking,57860,57859,57860,1
left_turning,57918,57860,57918,58
sniffing,58033,57918,58033,115
walking,58073,58033,58073,40
sniffing,58268,58073,58268,195
walking,58322,58268,58322,54
sniffing,58466,58322,58466,144
stepping,58510,58466,58510,44
left_turning,58571,58510,58571,61
sniffing,58572,58571,58572,1
right_turning,58599,58572,58599,27
walking,58657,58599,58657,58
rising,58658,58657,58658,1
sniffing,58665,58658,58665,7
hunching,58713,58665,58713,48
rearing,58781,58713,58781,68
walking,58782,58781,58782,1
rising,58808,58782,58808,26
sniffing,58859,58808,58859,51
rearing,58860,58859,58860,1
grooming,58861,58860,58861,1
rearing,58873,58861,58873,12
stepping,58882,58873,58882,9
walking,58890,58882,58890,8
sniffing,58974,58890,58974,84
pausing,59130,58974,59130,156
walking,59180,59130,59180,50
sniffing,59270,59180,59270,90
trotting,59271,59270,59271,1
rising,59347,59271,59347,76
climbing,59429,59347,59429,82
sniffing,59481,59429,59481,52
stepping,59519,59481,59519,38
rising,59585,59519,59585,66
climbing,59617,59585,59617,32
sniffing,59724,59617,59724,107
walking,59761,59724,59761,37
sniffing,59762,59761,59762,1
hunching,59763,59762,59763,1
rising,59802,59763,59802,39
climbing,59891,59802,59891,89
walking,59964,59891,59964,73
sniffing,60068,59964,60068,104
climbing,60102,60068,60102,34
rearing,60121,60102,60121,19
hunching,60160,60121,60160,39
rearing,60169,60160,60169,9
sniffing,60183,60169,60183,14
right_turning,60237,60183,60237,54
walking,60299,60237,60299,62
sniffing,60518,60299,60518,219
rising,60560,60518,60560,42
climbing,60561,60560,60561,1
sniffing,60659,60561,60659,98
walking,60703,60659,60703,44
rising,60723,60703,60723,20
sniffing,60854,60723,60854,131
walking,60910,60854,60910,56
climbing,61022,60910,61022,112
rising,61023,61022,61023,1
sniffing,61054,61023,61054,31
hunching,61099,61054,61099,45
walking,61123,61099,61123,24
sniffing,61491,61123,61491,368
walking,61519,61491,61519,28
rising,61557,61519,61557,38
sniffing,61720,61557,61720,163
rearing,61727,61720,61727,7
grooming,61866,61727,61866,139
rearing,61902,61866,61902,36
grooming,62027,61902,62027,125
rearing,62096,62027,62096,69
jumping,62097,62096,62097,1
sniffing,62177,62097,62177,80
walking,62210,62177,62210,33
rearing,62253,62210,62253,43
hunching,62267,62253,62267,14
sniffing,62395,62267,62395,128
walking,62502,62395,62502,107
sniffing,62503,62502,62503,1
left_turning,62532,62503,62532,29
sniffing,62602,62532,62602,70
grooming,62647,62602,62647,45
sniffing,62787,62647,62787,140
stepping,62824,62787,62824,37
walking,62834,62824,62834,10
sniffing,62895,62834,62895,61
running,62923,62895,62923,28
trotting,62924,62923,62924,1
rising,62925,62924,62925,1
running,62953,62925,62953,28
sniffing,62990,62953,62990,37
walking,63025,62990,63025,35
climbing,63070,63025,63070,45
grooming,63071,63070,63071,1
rearing,63166,63071,63166,95
climbing,63167,63166,63167,1
walking,63218,63167,63218,51
sniffing,63266,63218,63266,48
rearing,63288,63266,63288,22
grooming,63343,63288,63343,55
sniffing,63361,63343,63361,18
grooming,63840,63361,63840,479
sniffing,63841,63840,63841,1
walking,63842,63841,63842,1
stepping,63874,63842,63874,32
trotting,63882,63874,63882,8
sniffing,63883,63882,63883,1
hunching,63934,63883,63934,51
sniffing,63935,63934,63935,1
left_turning,63988,63935,63988,53
rising,63989,63988,63989,1
left_turning,64010,63989,64010,21
trotting,64020,64010,64020,10
sniffing,64090,64020,64090,70
rising,64140,64090,64140,50
climbing,64197,64140,64197,57
sniffing,64198,64197,64198,1
left_turning,64215,64198,64215,17
trotting,64254,64215,64254,39
left_turning,64287,64254,64287,33
walking,64349,64287,64349,62
climbing,64500,64349,64500,151
rearing,64559,64500,64559,59
sniffing,64567,64559,64567,8
rising,64590,64567,64590,23
left_turning,64638,64590,64638,48
rearing,64692,64638,64692,54
climbing,64784,64692,64784,92
left_turning,64816,64784,64816,32
walking,64817,64816,64817,1
sniffing,64922,64817,64922,105
rising,64923,64922,64923,1
left_turning,64958,64923,64958,35
rising,64959,64958,64959,1
climbing,64999,64959,64999,40
walking,65001,64999,65001,2
sniffing,65002,65001,65002,1
rising,65019,65002,65019,17
rearing,65107,65019,65107,88
rising,65150,65107,65150,43
climbing,65151,65150,65151,1
sniffing,65204,65151,65204,53
right_turning,65205,65204,65205,1
rising,65215,65205,65215,10
climbing,65396,65215,65396,181
rearing,65684,65396,65684,288
hunching,65704,65684,65704,20
sniffing,65796,65704,65796,92
climbing,65847,65796,65847,51
walking,65848,65847,65848,1
left_turning,65874,65848,65874,26
trotting,65884,65874,65884,10
right_turning,65925,65884,65925,41
left_turning,65971,65925,65971,46
rising,66023,65971,66023,52
right_turning,66054,66023,66054,31
stepping,66101,66054,66101,47
rising,66122,66101,66122,21
climbing,66158,66122,66158,36
rearing,66209,66158,66209,51
rising,66215,66209,66215,6
rearing,66216,66215,66216,1
sniffing,66303,66216,66303,87
stepping,66314,66303,66314,11
rising,66350,66314,66350,36
running,66360,66350,66360,10
rising,66396,66360,66396,36
climbing,66461,66396,66461,65
rising,66499,66461,66499,38
climbing,66638,66499,66638,139
walking,66696,66638,66696,58
sniffing,66716,66696,66716,20
rising,66796,66716,66796,80
sniffing,66897,66796,66897,101
climbing,66975,66897,66975,78
left_turning,66976,66975,66976,1
running,67009,66976,67009,33
sniffing,67010,67009,67010,1
left_turning,67031,67010,67031,21
stepping,67065,67031,67065,34
rearing,67066,67065,67066,1
sniffing,67177,67066,67177,111
rearing,67262,67177,67262,85
rising,67274,67262,67274,12
walking,67312,67274,67312,38
sniffing,67344,67312,67344,32
right_turning,67365,67344,67365,21
climbing,67459,67365,67459,94
rearing,67467,67459,67467,8
sniffing,67468,67467,67468,1
rising,67474,67468,67474,6
climbing,67556,67474,67556,82
rearing,67557,67556,67557,1
climbing,67680,67557,67680,123
rearing,67725,67680,67725,45
walking,67772,67725,67772,47
left_turning,67789,67772,67789,17
walking,67842,67789,67842,53
sniffing,67843,67842,67843,1
rising,67846,67843,67846,3
rearing,67872,67846,67872,26
grooming,68064,67872,68064,192
sniffing,68120,68064,68120,56
right_turning,68121,68120,68121,1
trotting,68147,68121,68147,26
sniffing,68166,68147,68166,19
rising,68224,68166,68224,58
walking,68294,68224,68294,70
sniffing,68295,68294,68295,1
rising,68299,68295,68299,4
climbing,68401,68299,68401,102
sniffing,68464,68401,68464,63
climbing,68483,68464,68483,19
running,68525,68483,68525,42
sniffing,68604,68525,68604,79
walking,68697,68604,68697,93
sniffing,68768,68697,68768,71
left_turning,68798,68768,68798,30
sniffing,68799,68798,68799,1
rising,68886,68799,68886,87
stepping,68955,68886,68955,69
rising,69046,68955,69046,91
sniffing,69062,69046,69062,16
left_turning,69117,69062,69117,55
sniffing,69187,69117,69187,70
right_turning,69196,69187,69196,9
sniffing,69241,69196,69241,45
hunching,69271,69241,69271,30
sniffing,69302,69271,69302,31
right_turning,69338,69302,69338,36
running,69365,69338,69365,27
rising,69385,69365,69385,20
climbing,69459,69385,69459,74
walking,69529,69459,69529,70
stepping,69601,69529,69601,72
rearing,69602,69601,69602,1
rising,69644,69602,69644,42
stepping,69717,69644,69717,73
left_turning,69798,69717,69798,81
running,69820,69798,69820,22
walking,69890,69820,69890,70
sniffing,70105,69890,70105,215
left_turning,70106,70105,70106,1
walking,70140,70106,70140,34
sniffing,70216,70140,70216,76
rising,70217,70216,70217,1
climbing,70279,70217,70279,62
right_turning,70323,70279,70323,44
walking,70391,70323,70391,68
sniffing,70392,70391,70392,1
walking,70420,70392,70420,28
sniffing,70454,70420,70454,34
climbing,70546,70454,70546,92
walking,70613,70546,70613,67
left_turning,70647,70613,70647,34
sniffing,71034,70647,71034,387
left_turning,71057,71034,71057,23
sniffing,71058,71057,71058,1
stepping,71115,71058,71115,57
walking,71125,71115,71125,10
sniffing,71222,71125,71222,97
stepping,71299,71222,71299,77
right_turning,71349,71299,71349,50
trotting,71363,71349,71363,14
sniffing,71856,71363,71856,493
rearing,71916,71856,71916,60
stepping,71989,71916,71989,73
climbing,72062,71989,72062,73
walking,72159,72062,72159,97
sniffing,72215,72159,72215,56
hunching,72273,72215,72273,58
sniffing,72444,72273,72444,171
rearing,72544,72444,72544,100
left_turning,72568,72544,72568,24
walking,72601,72568,72601,33
trotting,72602,72601,72602,1
sniffing,72745,72602,72745,143
right_turning,72796,72745,72796,51
rising,72797,72796,72797,1
walking,72847,72797,72847,50
stepping,72871,72847,72871,24
sniffing,72878,72871,72878,7
stepping,72922,72878,72922,44
walking,72951,72922,72951,29
sniffing,73048,72951,73048,97
stepping,73053,73048,73053,5
rearing,73054,73053,73054,1
climbing,73168,73054,73168,114
rearing,73234,73168,73234,66
running,73263,73234,73263,29
trotting,73302,73263,73302,39
walking,73332,73302,73332,30
rearing,73369,73332,73369,37
hunching,73414,73369,73414,45
sniffing,73415,73414,73415,1
rising,73416,73415,73416,1
climbing,73553,73416,73553,137
right_turning,73561,73553,73561,8
left_turning,73604,73561,73604,43
rising,73630,73604,73630,26
sniffing,73631,73630,73631,1
left_turning,73725,73631,73725,94
sniffing,73782,73725,73782,57
rising,73839,73782,73839,57
sniffing,73910,73839,73910,71
rising,73921,73910,73921,11
walking,73963,73921,73963,42
rising,73977,73963,73977,14
climbing,73978,73977,73978,1
grooming,73979,73978,73979,1
rearing,73984,73979,73984,5
rising,74034,73984,74034,50
climbing,74035,74034,74035,1
sniffing,74122,74035,74122,87
walking,74271,74122,74271,149
stepping,74298,74271,74298,27
rearing,74316,74298,74316,18
climbing,74317,74316,74317,1
hunching,74318,74317,74318,1
climbing,74322,74318,74322,4
grooming,74335,74322,74335,13
sniffing,74497,74335,74497,162
rising,74498,74497,74498,1
walking,74499,74498,74499,1
stepping,74533,74499,74533,34
trotting,74567,74533,74567,34
sniffing,74659,74567,74659,92
rising,74744,74659,74744,85
climbing,74745,74744,74745,1
walking,74818,74745,74818,73
rising,74851,74818,74851,33
walking,74944,74851,74944,93
rising,74966,74944,74966,22
sniffing,75122,74966,75122,156
pausing,75261,75122,75261,139
sniffing,75497,75261,75497,236
rising,75556,75497,75556,59
sniffing,75642,75556,75642,86
walking,75681,75642,75681,39
sniffing,75847,75681,75847,166
hunching,75930,75847,75930,83
climbing,75996,75930,75996,66
sniffing,76117,75996,76117,121
walking,76124,76117,76124,7
grooming,76152,76124,76152,28
sniffing,76245,76152,76245,93
stepping,76275,76245,76275,30
left_turning,76338,76275,76338,63
sniffing,76407,76338,76407,69
rearing,76422,76407,76422,15
sniffing,76423,76422,76423,1
walking,76443,76423,76443,20
left_turning,76444,76443,76444,1
walking,76467,76444,76467,23
sniffing,76574,76467,76574,107
stepping,76576,76574,76576,2
sniffing,76580,76576,76580,4
rising,76643,76580,76643,63
climbing,76727,76643,76727,84
sniffing,76728,76727,76728,1
left_turning,76729,76728,76729,1
sniffing,76848,76729,76848,119
climbing,76849,76848,76849,1
grooming,77488,76849,77488,639
rearing,77489,77488,77489,1
sniffing,77645,77489,77645,156
right_turning,77692,77645,77692,47
walking,77722,77692,77722,30
sniffing,77861,77722,77861,139
walking,77887,77861,77887,26
sniffing,78015,77887,78015,128
rising,78084,78015,78084,69
right_turning,78149,78084,78149,65
sniffing,78199,78149,78199,50
walking,78214,78199,78214,15
left_turning,78271,78214,78271,57
right_turning,78288,78271,78288,17
trotting,78320,78288,78320,32
walking,78321,78320,78321,1
sniffing,78375,78321,78375,54
rising,78422,78375,78422,47
sniffing,78423,78422,78423,1
rising,78468,78423,78468,45
left_turning,78469,78468,78469,1
sniffing,78482,78469,78482,13
left_turning,78513,78482,78513,31
running,78540,78513,78540,27
sniffing,78541,78540,78541,1
stepping,78589,78541,78589,48
sniffing,78590,78589,78590,1
left_turning,78666,78590,78666,76
sniffing,78667,78666,78667,1
left_turning,78668,78667,78668,1
sniffing,78669,78668,78669,1
stepping,78746,78669,78746,77
walking,78847,78746,78847,101
sniffing,78971,78847,78971,124
running,78996,78971,78996,25
sniffing,79116,78996,79116,120
walking,79142,79116,79142,26
rising,79249,79142,79249,107
hunching,79290,79249,79290,41
climbing,79322,79290,79322,32
left_turning,79324,79322,79324,2
trotting,79354,79324,79354,30
sniffing,79480,79354,79480,126
left_turning,79481,79480,79481,1
walking,79553,79481,79553,72
rising,79616,79553,79616,63
rearing,79632,79616,79632,16
sniffing,79633,79632,79633,1
rising,79679,79633,79679,46
walking,79738,79679,79738,59
sniffing,79739,79738,79739,1
walking,79743,79739,79743,4
sniffing,80135,79743,80135,392
climbing,80194,80135,80194,59
sniffing,80235,80194,80235,41
rising,80280,80235,80280,45
walking,80347,80280,80347,67
sniffing,80518,80347,80518,171
walking,80577,80518,80577,59
climbing,80670,80577,80670,93
walking,80762,80670,80762,92
rising,80763,80762,80763,1
rearing,80862,80763,80862,99
grooming,80863,80862,80863,1
sniffing,80917,80863,80917,54
right_turning,80944,80917,80944,27
walking,80954,80944,80954,10
stepping,80996,80954,80996,42
left_turning,81016,80996,81016,20
right_turning,81027,81016,81027,11
left_turning,81034,81027,81034,7
walking,81090,81034,81090,56
sniffing,81091,81090,81091,1
grooming,81252,81091,81252,161
sniffing,81405,81252,81405,153
rising,81406,81405,81406,1
climbing,81407,81406,81407,1
rising,81484,81407,81484,77
climbing,81550,81484,81550,66
rising,81551,81550,81551,1
right_turning,81568,81551,81568,17
left_turning,81580,81568,81580,12
walking,81633,81580,81633,53
rising,81655,81633,81655,22
climbing,81778,81655,81778,123
sniffing,81831,81778,81831,53
climbing,81832,81831,81832,1
rearing,81863,81832,81863,31
sniffing,81867,81863,81867,4
rising,81912,81867,81912,45
walking,82009,81912,82009,97
sniffing,82485,82009,82485,476
hunching,82531,82485,82531,46
climbing,82576,82531,82576,45
rising,82580,82576,82580,4
climbing,82581,82580,82581,1
left_turning,82628,82581,82628,47
trotting,82692,82628,82692,64
sniffing,82759,82692,82759,67
walking,82833,82759,82833,74
sniffing,82848,82833,82848,15
rising,82949,82848,82949,101
climbing,83006,82949,83006,57
sniffing,83141,83006,83141,135
left_turning,83192,83141,83192,51
right_turning,83221,83192,83221,29
running,83235,83221,83235,14
trotting,83278,83235,83278,43
walking,83333,83278,83333,55
stepping,83395,83333,83395,62
sniffing,83630,83395,83630,235
walking,83643,83630,83643,13
right_turning,83644,83643,83644,1
walking,83648,83644,83648,4
climbing,83686,83648,83686,38
sniffing,83880,83686,83880,194
left_turning,83895,83880,83895,15
sniffing,83981,83895,83981,86
walking,84028,83981,84028,47
sniffing,84100,84028,84100,72
climbing,84211,84100,84211,111
rising,84224,84211,84224,13
rearing,84363,84224,84363,139
sniffing,84444,84363,84444,81
rising,84458,84444,84458,14
climbing,84521,84458,84521,63
sniffing,84733,84521,84733,212
rising,84799,84733,84799,66
sniffing,84910,84799,84910,111
rising,84994,84910,84994,84
sniffing,85136,84994,85136,142
walking,85171,85136,85171,35
climbing,85244,85171,85244,73
rising,85252,85244,85252,8
sniffing,85253,85252,85253,1
left_turning,85254,85253,85254,1
climbing,85336,85254,85336,82
rising,85384,85336,85384,48
sniffing,85464,85384,85464,80
pausing,86018,85464,86018,554
sniffing,86047,86018,86047,29
right_turning,86048,86047,86048,1
walking,86079,86048,86079,31
rising,86080,86079,86080,1
climbing,86135,86080,86135,55
grooming,86335,86135,86335,200
sniffing,86473,86335,86473,138
walking,86537,86473,86537,64
sniffing,86620,86537,86620,83
climbing,86687,86620,86687,67
sniffing,86900,86687,86900,213
climbing,86990,86900,86990,90
right_turning,87038,86990,87038,48
trotting,87086,87038,87086,48
rising,87087,87086,87087,1
climbing,87286,87087,87286,199
right_turning,87287,87286,87287,1
trotting,87371,87287,87371,84
walking,87397,87371,87397,26
left_turning,87433,87397,87433,36
sniffing,87434,87433,87434,1
rising,87469,87434,87469,35
climbing,87546,87469,87546,77
rising,87607,87546,87607,61
climbing,87641,87607,87641,34
sniffing,87642,87641,87642,1
running,87677,87642,87677,35
rising,87678,87677,87678,1
climbing,87748,87678,87748,70
trotting,87782,87748,87782,34
walking,87827,87782,87827,45
rising,87828,87827,87828,1
climbing,87919,87828,87919,91
sniffing,87960,87919,87960,41
rising,87961,87960,87961,1
rearing,88001,87961,88001,40
climbing,88002,88001,88002,1
sniffing,88058,88002,88058,56
climbing,88174,88058,88174,116
sniffing,88205,88174,88205,31
trotting,88230,88205,88230,25
left_turning,88231,88230,88231,1
sniffing,88232,88231,88232,1
grooming,88495,88232,88495,263
hunching,88496,88495,88496,1
grooming,88526,88496,88526,30
sniffing,88527,88526,88527,1
hunching,88606,88527,88606,79
rising,88646,88606,88646,40
sniffing,88777,88646,88777,131
walking,88803,88777,88803,26
rising,88804,88803,88804,1
sniffing,88858,88804,88858,54
walking,88917,88858,88917,59
right_turning,88947,88917,88947,30
left_turning,88994,88947,88994,47
sniffing,89220,88994,89220,226
stepping,89266,89220,89266,46
walking,89296,89266,89296,30
stepping,89318,89296,89318,22
sniffing,89370,89318,89370,52
right_turning,89413,89370,89413,43
walking,89467,89413,89467,54
sniffing,89468,89467,89468,1
left_turning,89471,89468,89471,3
trotting,89500,89471,89500,29
running,89535,89500,89535,35
sniffing,89551,89535,89551,16
pausing,89587,89551,89587,36
rising,89614,89587,89614,27
left_turning,89744,89614,89744,130
sniffing,89766,89744,89766,22
left_turning,89813,89766,89813,47
sniffing,89897,89813,89897,84
grooming,89936,89897,89936,39
rising,89968,89936,89968,32
sniffing,89991,89968,89991,23
climbing,90116,89991,90116,125
rising,90139,90116,90139,23
climbing,90247,90139,90247,108
trotting,90293,90247,90293,46
rising,90400,90293,90400,107
climbing,90422,90400,90422,22
sniffing,90546,90422,90546,124
running,90569,90546,90569,23
walking,90593,90569,90593,24
left_turning,90597,90593,90597,4
rising,90598,90597,90598,1
trotting,90673,90598,90673,75
walking,90732,90673,90732,59
sniffing,90853,90732,90853,121
right_turning,90885,90853,90885,32
sniffing,91003,90885,91003,118
left_turning,91018,91003,91018,15
climbing,91135,91018,91135,117
sniffing,91302,91135,91302,167
rising,91375,91302,91375,73
climbing,91502,91375,91502,127
hunching,91647,91502,91647,145
sniffing,91789,91647,91789,142
trotting,91805,91789,91805,16
sniffing,91879,91805,91879,74
rising,91955,91879,91955,76
rearing,91956,91955,91956,1
sniffing,91957,91956,91957,1
right_turning,91971,91957,91971,14
walking,92033,91971,92033,62
rising,92034,92033,92034,1
sniffing,92133,92034,92133,99
walking,92187,92133,92187,54
stepping,92229,92187,92229,42
walking,92237,92229,92237,8
left_turning,92271,92237,92271,34
trotting,92322,92271,92322,51
rising,92358,92322,92358,36
sniffing,92359,92358,92359,1
left_turning,92386,92359,92386,27
rising,92433,92386,92433,47
walking,92464,92433,92464,31
climbing,92465,92464,92465,1
walking,92533,92465,92533,68
left_turning,92604,92533,92604,71
sniffing,92721,92604,92721,117
rising,92764,92721,92764,43
trotting,92770,92764,92770,6
rising,92839,92770,92839,69
climbing,92966,92839,92966,127
rising,92967,92966,92967,1
climbing,93050,92967,93050,83
rising,93065,93050,93065,15
walking,93066,93065,93066,1
climbing,93142,93066,93142,76
rearing,93143,93142,93143,1
climbing,93206,93143,93206,63
grooming,93356,93206,93356,150
climbing,93390,93356,93390,34
walking,93440,93390,93440,50
right_turning,93502,93440,93502,62
climbing,93503,93502,93503,1
right_turning,93532,93503,93532,29
walking,93564,93532,93564,32
rising,93599,93564,93599,35
climbing,93600,93599,93600,1
left_turning,93609,93600,93609,9
sniffing,93610,93609,93610,1
left_turning,93683,93610,93683,73
stepping,93714,93683,93714,31
rising,93904,93714,93904,190
climbing,93924,93904,93924,20
walking,93982,93924,93982,58
sniffing,94013,93982,94013,31
rising,94034,94013,94034,21
climbing,94051,94034,94051,17
right_turning,94082,94051,94082,31
running,94126,94082,94126,44
walking,94131,94126,94131,5
climbing,94245,94131,94245,114
walking,94266,94245,94266,21
rising,94283,94266,94283,17
climbing,94333,94283,94333,50
rearing,94356,94333,94356,23
climbing,94361,94356,94361,5
sniffing,94438,94361,94438,77
pausing,94439,94438,94439,1
sniffing,94518,94439,94518,79
stepping,94549,94518,94549,31
walking,94650,94549,94650,101
sniffing,94731,94650,94731,81
left_turning,94732,94731,94732,1
sniffing,94733,94732,94733,1
climbing,94808,94733,94808,75
sniffing,94880,94808,94880,72
rising,94907,94880,94907,27
climbing,94959,94907,94959,52
rearing,94960,94959,94960,1
walking,94975,94960,94975,15
left_turning,95000,94975,95000,25
sniffing,95152,95000,95152,152
climbing,95231,95152,95231,79
trotting,95248,95231,95248,17
sniffing,95295,95248,95295,47
grooming,95296,95295,95296,1
sniffing,95350,95296,95350,54
grooming,95435,95350,95435,85
climbing,95468,95435,95468,33
sniffing,95576,95468,95576,108
left_turning,95623,95576,95623,47
sniffing,95706,95623,95706,83
left_turning,95723,95706,95723,17
stepping,95738,95723,95738,15
sniffing,95847,95738,95847,109
trotting,95917,95847,95917,70
walking,95926,95917,95926,9
sniffing,95927,95926,95927,1
rising,96007,95927,96007,80
climbing,96148,96007,96148,141
rearing,96173,96148,96173,25
rising,96195,96173,96195,22
left_turning,96221,96195,96221,26
climbing,96303,96221,96303,82
walking,96305,96303,96305,2
stepping,96347,96305,96347,42
sniffing,96348,96347,96348,1
left_turning,96354,96348,96354,6
walking,96360,96354,96360,6
sniffing,96361,96360,96361,1
rising,96384,96361,96384,23
climbing,96561,96384,96561,177
sniffing,96577,96561,96577,16
climbing,96782,96577,96782,205
sniffing,96787,96782,96787,5
walking,96822,96787,96822,35
sniffing,96903,96822,96903,81
left_turning,96961,96903,96961,58
sniffing,97063,96961,97063,102
rising,97064,97063,97064,1
trotting,97078,97064,97078,14
rising,97124,97078,97124,46
left_turning,97215,97124,97215,91
trotting,97235,97215,97235,20
sniffing,97236,97235,97236,1
right_turning,97293,97236,97293,57
stepping,97355,97293,97355,62
climbing,97567,97355,97567,212
sniffing,97570,97567,97570,3
stepping,97655,97570,97655,85
rising,97740,97655,97740,85
walking,97751,97740,97751,11
sniffing,97798,97751,97798,47
grooming,97908,97798,97908,110
rearing,97909,97908,97909,1
grooming,98153,97909,98153,244
rising,98213,98153,98213,60
climbing,98255,98213,98255,42
walking,98264,98255,98264,9
rising,98265,98264,98265,1
sniffing,98535,98265,98535,270
rearing,98587,98535,98587,52
grooming,98819,98587,98819,232
rearing,98963,98819,98963,144
trotting,99020,98963,99020,57
stepping,99059,99020,99059,39
sniffing,99088,99059,99088,29
left_turning,99133,99088,99133,45
trotting,99204,99133,99204,71
rearing,99217,99204,99217,13
sniffing,99239,99217,99239,22
rearing,99269,99239,99269,30
hunching,99365,99269,99365,96
rising,99366,99365,99366,1
climbing,99419,99366,99419,53
sniffing,99545,99419,99545,126
grooming,99619,99545,99619,74
left_turning,99667,99619,99667,48
sniffing,99674,99667,99674,7
rising,99683,99674,99683,9
sniffing,99712,99683,99712,29
right_turning,99793,99712,99793,81
trotting,99804,99793,99804,11
walking,99827,99804,99827,23
climbing,99918,99827,99918,91
rearing,99978,99918,99978,60
climbing,99980,99978,99980,2
right_turning,100018,99980,100018,38
sniffing,100071,100018,100071,53
rising,100193,100071,100193,122
sniffing,100239,100193,100239,46
rising,100327,100239,100327,88
hunching,100366,100327,100366,39
grooming,100530,100366,100530,164
hunching,100615,100530,100615,85
rearing,100698,100615,100698,83
climbing,100731,100698,100731,33
grooming,100872,100731,100872,141
rising,100934,100872,100934,62
climbing,101018,100934,101018,84
walking,101052,101018,101052,34
climbing,101107,101052,101107,55
grooming,101108,101107,101108,1
sniffing,101246,101108,101246,138
rearing,101247,101246,101247,1
grooming,101291,101247,101291,44
rearing,101367,101291,101367,76
climbing,101368,101367,101368,1
rearing,101475,101368,101475,107
climbing,101476,101475,101476,1
walking,101493,101476,101493,17
trotting,101505,101493,101505,12
sniffing,101636,101505,101636,131
hunching,101782,101636,101782,146
sniffing,101793,101782,101793,11
stepping,101794,101793,101794,1
sniffing,101849,101794,101849,55
right_turning,101889,101849,101889,40
running,101921,101889,101921,32
sniffing,102053,101921,102053,132
climbing,102165,102053,102165,112
rising,102196,102165,102196,31
sniffing,102258,102196,102258,62
right_turning,102282,102258,102282,24
left_turning,102309,102282,102309,27
walking,102354,102309,102354,45
climbing,102405,102354,102405,51
rising,102435,102405,102435,30
climbing,102485,102435,102485,50
sniffing,102500,102485,102500,15
running,102519,102500,102519,19
rising,102520,102519,102520,1
stepping,102578,102520,102578,58
walking,102579,102578,102579,1
right_turning,102580,102579,102580,1
walking,102637,102580,102637,57
sniffing,102704,102637,102704,67
trotting,102723,102704,102723,19
climbing,102857,102723,102857,134
rearing,102893,102857,102893,36
sniffing,102921,102893,102921,28
walking,103027,102921,103027,106
rising,103037,103027,103037,10
walking,103081,103037,103081,44
rising,103126,103081,103126,45
rearing,103168,103126,103168,42
grooming,103169,103168,103169,1
climbing,103259,103169,103259,90
grooming,103328,103259,103328,69
hunching,103360,103328,103360,32
sniffing,103593,103360,103593,233
walking,103603,103593,103603,10
sniffing,103776,103603,103776,173
pausing,103940,103776,103940,164
sniffing,104002,103940,104002,62
stepping,104007,104002,104007,5
walking,104046,104007,104046,39
climbing,104072,104046,104072,26
walking,104097,104072,104097,25
sniffing,104129,104097,104129,32
rising,104157,104129,104157,28
right_turning,104158,104157,104158,1
sniffing,104159,104158,104159,1
rearing,104229,104159,104229,70
climbing,104254,104229,104254,25
walking,104294,104254,104294,40
grooming,104403,104294,104403,109
sniffing,104420,104403,104420,17
rising,104506,104420,104506,86
sniffing,104507,104506,104507,1
right_turning,104528,104507,104528,21
walking,104628,104528,104628,100
left_turning,104668,104628,104668,40
sniffing,104750,104668,104750,82
right_turning,104773,104750,104773,23
running,104799,104773,104799,26
trotting,104859,104799,104859,60
sniffing,105054,104859,105054,195
left_turning,105068,105054,105068,14
sniffing,105120,105068,105120,52
rising,105190,105120,105190,70
sniffing,105316,105190,105316,126
grooming,105317,105316,105317,1
sniffing,105489,105317,105489,172
rearing,105490,105489,105490,1
grooming,105491,105490,105491,1
rearing,105492,105491,105492,1
rising,105567,105492,105567,75
grooming,105568,105567,105568,1
right_turning,105598,105568,105598,30
walking,105607,105598,105607,9
rising,105608,105607,105608,1
climbing,105647,105608,105647,39
rising,105671,105647,105671,24
rearing,105720,105671,105720,49
sniffing,105792,105720,105792,72
grooming,105793,105792,105793,1
sniffing,105803,105793,105803,10
climbing,105810,105803,105810,7
hunching,105826,105810,105826,16
sniffing,105854,105826,105854,28
climbing,105855,105854,105855,1
rearing,105856,105855,105856,1
walking,105938,105856,105938,82
sniffing,106089,105938,106089,151
walking,106195,106089,106195,106
sniffing,106227,106195,106227,32
rising,106228,106227,106228,1
left_turning,106279,106228,106279,51
running,106286,106279,106286,7
sniffing,106338,106286,106338,52
rising,106396,106338,106396,58
sniffing,106486,106396,106486,90
grooming,106642,106486,106642,156
hunching,106703,106642,106703,61
sniffing,106896,106703,106896,193
rising,106922,106896,106922,26
climbing,106956,106922,106956,34
rearing,107038,106956,107038,82
sniffing,107159,107038,107159,121
walking,107220,107159,107220,61
climbing,107305,107220,107305,85
grooming,107306,107305,107306,1
left_turning,107364,107306,107364,58
sniffing,107482,107364,107482,118
hunching,107504,107482,107504,22
sniffing,107645,107504,107645,141
climbing,107646,107645,107646,1
rising,107689,107646,107689,43
sniffing,107729,107689,107729,40
climbing,107926,107729,107926,197
rising,107965,107926,107965,39
sniffing,108000,107965,108000,35
