revised_movement_label,segBoundary,segBoundary_start,segBoundary_end,length
sniffing,4,0,4,4
walking,46,4,46,42
sniffing,206,46,206,160
grooming,362,206,362,156
walking,374,362,374,12
sniffing,381,374,381,7
walking,405,381,405,24
sniffing,490,405,490,85
hunching,500,490,500,10
climbing,527,500,527,27
grooming,528,527,528,1
sniffing,572,528,572,44
trotting,623,572,623,51
sniffing,624,623,624,1
trotting,663,624,663,39
running,689,663,689,26
walking,690,689,690,1
trotting,720,690,720,30
walking,741,720,741,21
trotting,746,741,746,5
rising,747,746,747,1
sniffing,798,747,798,51
walking,854,798,854,56
sniffing,877,854,877,23
right_turning,947,877,947,70
rising,981,947,981,34
right_turning,1009,981,1009,28
rising,1011,1009,1011,2
climbing,1031,1011,1031,20
right_turning,1032,1031,1032,1
rising,1058,1032,1058,26
hunching,1066,1058,1066,8
rising,1067,1066,1067,1
rearing,1073,1067,1073,6
climbing,1074,1073,1074,1
trotting,1075,1074,1075,1
rising,1170,1075,1170,95
climbing,1171,1170,1171,1
rising,1182,1171,1182,11
walking,1277,1182,1277,95
trotting,1343,1277,1343,66
sniffing,1499,1343,1499,156
walking,1522,1499,1522,23
left_turning,1523,1522,1523,1
sniffing,1535,1523,1535,12
grooming,1607,1535,1607,72
sniffing,1608,1607,1608,1
rearing,1626,1608,1626,18
climbing,1672,1626,1672,46
rising,1703,1672,1703,31
climbing,1748,1703,1748,45
right_turning,1786,1748,1786,38
left_turning,1802,1786,1802,16
rising,1831,1802,1831,29
trotting,1868,1831,1868,37
sniffing,1919,1868,1919,51
stepping,1954,1919,1954,35
trotting,1970,1954,1970,16
sniffing,1971,1970,1971,1
stepping,2029,1971,2029,58
left_turning,2087,2029,2087,58
walking,2155,2087,2155,68
sniffing,2196,2155,2196,41
hunching,2248,2196,2248,52
right_turning,2290,2248,2290,42
running,2291,2290,2291,1
trotting,2344,2291,2344,53
sniffing,2345,2344,2345,1
rising,2372,2345,2372,27
climbing,2386,2372,2386,14
stepping,2429,2386,2429,43
rising,2430,2429,2430,1
climbing,2463,2430,2463,33
sniffing,2474,2463,2474,11
walking,2522,2474,2522,48
sniffing,2523,2522,2523,1
rising,2525,2523,2525,2
climbing,2537,2525,2537,12
sniffing,2615,2537,2615,78
rising,2620,2615,2620,5
sniffing,2678,2620,2678,58
climbing,2736,2678,2736,58
sniffing,2737,2736,2737,1
walking,2751,2737,2751,14
sniffing,2770,2751,2770,19
left_turning,2793,2770,2793,23
running,2794,2793,2794,1
sniffing,2812,2794,2812,18
rising,2823,2812,2823,11
rearing,2873,2823,2873,50
sniffing,2897,2873,2897,24
walking,2947,2897,2947,50
rearing,2994,2947,2994,47
climbing,3016,2994,3016,22
walking,3025,3016,3025,9
sniffing,3133,3025,3133,108
pausing,3340,3133,3340,207
sniffing,3446,3340,3446,106
right_turning,3480,3446,3480,34
sniffing,3492,3480,3492,12
rising,3538,3492,3538,46
left_turning,3575,3538,3575,37
rising,3588,3575,3588,13
climbing,3662,3588,3662,74
sniffing,3707,3662,3707,45
walking,3754,3707,3754,47
climbing,3779,3754,3779,25
trotting,3831,3779,3831,52
rising,3942,3831,3942,111
climbing,3952,3942,3952,10
trotting,3963,3952,3963,11
walking,4003,3963,4003,40
stepping,4024,4003,4024,21
trotting,4072,4024,4072,48
walking,4172,4072,4172,100
left_turning,4206,4172,4206,34
sniffing,4294,4206,4294,88
walking,4398,4294,4398,104
sniffing,4399,4398,4399,1
trotting,4405,4399,4405,6
walking,4437,4405,4437,32
rising,4470,4437,4470,33
right_turning,4534,4470,4534,64
trotting,4603,4534,4603,69
walking,4680,4603,4680,77
sniffing,4742,4680,4742,62
left_turning,4776,4742,4776,34
sniffing,4859,4776,4859,83
climbing,4861,4859,4861,2
sniffing,4862,4861,4862,1
climbing,4882,4862,4882,20
sniffing,4992,4882,4992,110
running,5034,4992,5034,42
walking,5047,5034,5047,13
sniffing,5167,5047,5167,120
rising,5207,5167,5207,40
walking,5209,5207,5209,2
running,5256,5209,5256,47
climbing,5278,5256,5278,22
rising,5282,5278,5282,4
climbing,5391,5282,5391,109
trotting,5411,5391,5411,20
sniffing,5468,5411,5468,57
left_turning,5513,5468,5513,45
sniffing,5514,5513,5514,1
rearing,5515,5514,5515,1
climbing,5550,5515,5550,35
hunching,5586,5550,5586,36
sniffing,5626,5586,5626,40
trotting,5673,5626,5673,47
walking,5750,5673,5750,77
sniffing,5761,5750,5761,11
climbing,5816,5761,5816,55
sniffing,5861,5816,5861,45
pausing,5986,5861,5986,125
sniffing,6014,5986,6014,28
trotting,6059,6014,6059,45
walking,6131,6059,6131,72
sniffing,6180,6131,6180,49
walking,6309,6180,6309,129
trotting,6316,6309,6316,7
walking,6371,6316,6371,55
sniffing,6397,6371,6397,26
walking,6456,6397,6456,59
running,6486,6456,6486,30
walking,6523,6486,6523,37
running,6542,6523,6542,19
rising,6543,6542,6543,1
climbing,6578,6543,6578,35
rising,6588,6578,6588,10
climbing,6617,6588,6617,29
rising,6644,6617,6644,27
climbing,6682,6644,6682,38
walking,6716,6682,6716,34
sniffing,6765,6716,6765,49
grooming,6808,6765,6808,43
sniffing,6841,6808,6841,33
left_turning,6842,6841,6842,1
walking,6934,6842,6934,92
sniffing,6990,6934,6990,56
walking,6995,6990,6995,5
sniffing,6996,6995,6996,1
climbing,7074,6996,7074,78
trotting,7087,7074,7087,13
walking,7137,7087,7137,50
sniffing,7301,7137,7301,164
walking,7355,7301,7355,54
sniffing,7356,7355,7356,1
walking,7423,7356,7423,67
climbing,7454,7423,7454,31
left_turning,7458,7454,7458,4
sniffing,7479,7458,7479,21
walking,7560,7479,7560,81
trotting,7576,7560,7576,16
left_turning,7588,7576,7588,12
sniffing,7614,7588,7614,26
running,7647,7614,7647,33
walking,7702,7647,7702,55
climbing,7743,7702,7743,41
walking,7744,7743,7744,1
trotting,7753,7744,7753,9
sniffing,7848,7753,7848,95
rising,7890,7848,7890,42
sniffing,7953,7890,7953,63
rising,7975,7953,7975,22
sniffing,7976,7975,7976,1
trotting,7977,7976,7977,1
walking,7978,7977,7978,1
climbing,8002,7978,8002,24
rising,8077,8002,8077,75
climbing,8104,8077,8104,27
right_turning,8144,8104,8144,40
trotting,8161,8144,8161,17
sniffing,8174,8161,8174,13
hunching,8198,8174,8198,24
sniffing,8315,8198,8315,117
rising,8345,8315,8345,30
climbing,8415,8345,8415,70
sniffing,8538,8415,8538,123
rising,8600,8538,8600,62
left_turning,8642,8600,8642,42
running,8677,8642,8677,35
left_turning,8719,8677,8719,42
trotting,8758,8719,8758,39
walking,8854,8758,8854,96
trotting,8906,8854,8906,52
right_turning,8924,8906,8924,18
sniffing,9061,8924,9061,137
rising,9084,9061,9084,23
climbing,9162,9084,9162,78
left_turning,9193,9162,9193,31
trotting,9237,9193,9237,44
stepping,9315,9237,9315,78
walking,9341,9315,9341,26
trotting,9369,9341,9369,28
sniffing,9397,9369,9397,28
right_turning,9447,9397,9447,50
trotting,9507,9447,9507,60
sniffing,9598,9507,9598,91
stepping,9630,9598,9630,32
sniffing,9674,9630,9674,44
rising,9742,9674,9742,68
walking,9805,9742,9805,63
sniffing,9823,9805,9823,18
running,9831,9823,9831,8
walking,9860,9831,9860,29
running,9861,9860,9861,1
trotting,9881,9861,9881,20
left_turning,9901,9881,9901,20
walking,9941,9901,9941,40
sniffing,9982,9941,9982,41
walking,10037,9982,10037,55
sniffing,10110,10037,10110,73
walking,10184,10110,10184,74
sniffing,10200,10184,10200,16
rising,10238,10200,10238,38
sniffing,10318,10238,10318,80
hunching,10325,10318,10325,7
left_turning,10326,10325,10326,1
trotting,10330,10326,10330,4
right_turning,10336,10330,10336,6
walking,10400,10336,10400,64
sniffing,10417,10400,10417,17
walking,10523,10417,10523,106
sniffing,10524,10523,10524,1
rising,10547,10524,10547,23
sniffing,10608,10547,10608,61
rising,10688,10608,10688,80
climbing,10714,10688,10714,26
sniffing,11017,10714,11017,303
trotting,11043,11017,11043,26
walking,11135,11043,11135,92
sniffing,11205,11135,11205,70
climbing,11246,11205,11246,41
trotting,11297,11246,11297,51
sniffing,11327,11297,11327,30
rising,11328,11327,11328,1
sniffing,11396,11328,11396,68
stepping,11442,11396,11442,46
sniffing,11458,11442,11458,16
right_turning,11477,11458,11477,19
climbing,11560,11477,11560,83
left_turning,11660,11560,11660,100
rising,11759,11660,11759,99
sniffing,11783,11759,11783,24
left_turning,11852,11783,11852,69
running,11861,11852,11861,9
walking,11894,11861,11894,33
left_turning,11941,11894,11941,47
sniffing,11972,11941,11972,31
left_turning,12012,11972,12012,40
sniffing,12013,12012,12013,1
climbing,12037,12013,12037,24
trotting,12100,12037,12100,63
sniffing,12119,12100,12119,19
left_turning,12120,12119,12120,1
walking,12121,12120,12121,1
sniffing,12171,12121,12171,50
stepping,12201,12171,12201,30
trotting,12226,12201,12226,25
left_turning,12265,12226,12265,39
sniffing,12347,12265,12347,82
climbing,12406,12347,12406,59
sniffing,12407,12406,12407,1
trotting,12414,12407,12414,7
climbing,12462,12414,12462,48
rising,12488,12462,12488,26
walking,12514,12488,12514,26
climbing,12643,12514,12643,129
rising,12693,12643,12693,50
climbing,12746,12693,12746,53
rising,12747,12746,12747,1
walking,12770,12747,12770,23
sniffing,12867,12770,12867,97
stepping,12897,12867,12897,30
walking,12898,12897,12898,1
sniffing,12899,12898,12899,1
rising,12950,12899,12950,51
sniffing,12951,12950,12951,1
walking,13020,12951,13020,69
rising,13021,13020,13021,1
climbing,13029,13021,13029,8
running,13061,13029,13061,32
walking,13161,13061,13161,100
stepping,13210,13161,13210,49
trotting,13235,13210,13235,25
left_turning,13236,13235,13236,1
rising,13237,13236,13237,1
climbing,13254,13237,13254,17
sniffing,13257,13254,13257,3
left_turning,13282,13257,13282,25
walking,13310,13282,13310,28
climbing,13507,13310,13507,197
rising,13529,13507,13529,22
trotting,13575,13529,13575,46
sniffing,13691,13575,13691,116
walking,13702,13691,13702,11
rising,13703,13702,13703,1
climbing,13749,13703,13749,46
sniffing,13786,13749,13786,37
rising,13800,13786,13800,14
climbing,13866,13800,13866,66
left_turning,13880,13866,13880,14
right_turning,13881,13880,13881,1
rising,13911,13881,13911,30
climbing,13925,13911,13925,14
walking,13930,13925,13930,5
left_turning,13962,13930,13962,32
walking,14022,13962,14022,60
sniffing,14048,14022,14048,26
climbing,14070,14048,14070,22
rising,14129,14070,14129,59
sniffing,14141,14129,14141,12
rearing,14177,14141,14177,36
rising,14272,14177,14272,95
right_turning,14310,14272,14310,38
climbing,14377,14310,14377,67
walking,14462,14377,14462,85
climbing,14463,14462,14463,1
rising,14518,14463,14518,55
climbing,14578,14518,14578,60
rising,14613,14578,14613,35
climbing,14677,14613,14677,64
rising,14685,14677,14685,8
sniffing,14863,14685,14863,178
stepping,14910,14863,14910,47
trotting,14970,14910,14970,60
stepping,15028,14970,15028,58
climbing,15119,15028,15119,91
rearing,15153,15119,15153,34
walking,15154,15153,15154,1
running,15177,15154,15177,23
sniffing,15278,15177,15278,101
trotting,15304,15278,15304,26
sniffing,15512,15304,15512,208
climbing,15567,15512,15567,55
walking,15678,15567,15678,111
climbing,15755,15678,15755,77
sniffing,15920,15755,15920,165
walking,15948,15920,15948,28
sniffing,15949,15948,15949,1
right_turning,15975,15949,15975,26
walking,15981,15975,15981,6
climbing,16067,15981,16067,86
left_turning,16088,16067,16088,21
sniffing,16089,16088,16089,1
walking,16165,16089,16165,76
sniffing,16213,16165,16213,48
left_turning,16254,16213,16254,41
sniffing,16297,16254,16297,43
rising,16394,16297,16394,97
hunching,16426,16394,16426,32
right_turning,16437,16426,16437,11
sniffing,16494,16437,16494,57
left_turning,16495,16494,16495,1
rising,16551,16495,16551,56
sniffing,16679,16551,16679,128
walking,16719,16679,16719,40
right_turning,16746,16719,16746,27
walking,16762,16746,16762,16
trotting,16819,16762,16819,57
sniffing,16846,16819,16846,27
rising,16847,16846,16847,1
sniffing,16914,16847,16914,67
walking,17000,16914,17000,86
climbing,17045,17000,17045,45
rearing,17061,17045,17061,16
sniffing,17062,17061,17062,1
climbing,17139,17062,17139,77
sniffing,17140,17139,17140,1
left_turning,17159,17140,17159,19
running,17197,17159,17197,38
sniffing,17312,17197,17312,115
left_turning,17324,17312,17324,12
sniffing,17424,17324,17424,100
left_turning,17469,17424,17469,45
walking,17513,17469,17513,44
sniffing,17527,17513,17527,14
climbing,17642,17527,17642,115
left_turning,17708,17642,17708,66
sniffing,17728,17708,17728,20
climbing,17744,17728,17744,16
rising,17745,17744,17745,1
sniffing,17773,17745,17773,28
left_turning,17818,17773,17818,45
sniffing,17887,17818,17887,69
climbing,17916,17887,17916,29
rearing,18018,17916,18018,102
hunching,18026,18018,18026,8
sniffing,18111,18026,18111,85
rising,18112,18111,18112,1
climbing,18115,18112,18115,3
rising,18153,18115,18153,38
climbing,18286,18153,18286,133
hunching,18307,18286,18307,21
grooming,18343,18307,18343,36
sniffing,18359,18343,18359,16
stepping,18360,18359,18360,1
sniffing,18361,18360,18361,1
rising,18362,18361,18362,1
climbing,18416,18362,18416,54
trotting,18440,18416,18440,24
sniffing,18481,18440,18481,41
left_turning,18482,18481,18482,1
walking,18507,18482,18507,25
sniffing,18612,18507,18612,105
climbing,18659,18612,18659,47
left_turning,18714,18659,18714,55
sniffing,18737,18714,18737,23
walking,18776,18737,18776,39
sniffing,18827,18776,18827,51
left_turning,18954,18827,18954,127
sniffing,19055,18954,19055,101
walking,19074,19055,19074,19
left_turning,19144,19074,19144,70
running,19165,19144,19165,21
sniffing,19225,19165,19225,60
stepping,19255,19225,19255,30
climbing,19279,19255,19279,24
rising,19324,19279,19324,45
sniffing,19375,19324,19375,51
walking,19384,19375,19384,9
rising,19390,19384,19390,6
sniffing,19490,19390,19490,100
left_turning,19554,19490,19554,64
walking,19562,19554,19562,8
sniffing,19645,19562,19645,83
stepping,19662,19645,19662,17
walking,19722,19662,19722,60
right_turning,19736,19722,19736,14
walking,19774,19736,19774,38
climbing,19775,19774,19775,1
hunching,19805,19775,19805,30
grooming,19806,19805,19806,1
rearing,19844,19806,19844,38
rising,19852,19844,19852,8
climbing,19853,19852,19853,1
left_turning,19878,19853,19878,25
walking,19955,19878,19955,77
sniffing,20030,19955,20030,75
right_turning,20040,20030,20040,10
walking,20115,20040,20115,75
climbing,20163,20115,20163,48
rising,20250,20163,20250,87
sniffing,20251,20250,20251,1
left_turning,20371,20251,20371,120
stepping,20409,20371,20409,38
sniffing,20519,20409,20519,110
rising,20522,20519,20522,3
sniffing,20596,20522,20596,74
rising,20603,20596,20603,7
trotting,20669,20603,20669,66
sniffing,20806,20669,20806,137
walking,20807,20806,20807,1
sniffing,20858,20807,20858,51
trotting,20907,20858,20907,49
stepping,20961,20907,20961,54
rising,21023,20961,21023,62
hunching,21031,21023,21031,8
sniffing,21116,21031,21116,85
left_turning,21165,21116,21165,49
walking,21177,21165,21177,12
left_turning,21216,21177,21216,39
sniffing,21352,21216,21352,136
rising,21390,21352,21390,38
climbing,21421,21390,21421,31
left_turning,21436,21421,21436,15
rising,21556,21436,21556,120
climbing,21582,21556,21582,26
grooming,21988,21582,21988,406
rearing,22061,21988,22061,73
sniffing,22133,22061,22133,72
rearing,22234,22133,22234,101
sniffing,22235,22234,22235,1
walking,22260,22235,22260,25
sniffing,22341,22260,22341,81
walking,22378,22341,22378,37
stepping,22404,22378,22404,26
sniffing,22420,22404,22420,16
rising,22432,22420,22432,12
stepping,22483,22432,22483,51
climbing,22563,22483,22563,80
sniffing,22638,22563,22638,75
rising,22655,22638,22655,17
climbing,22670,22655,22670,15
left_turning,22671,22670,22671,1
walking,22697,22671,22697,26
running,22731,22697,22731,34
walking,22782,22731,22782,51
climbing,22788,22782,22788,6
sniffing,22944,22788,22944,156
walking,22986,22944,22986,42
rising,23009,22986,23009,23
climbing,23101,23009,23101,92
sniffing,23183,23101,23183,82
walking,23231,23183,23231,48
stepping,23259,23231,23259,28
rising,23260,23259,23260,1
sniffing,23357,23260,23357,97
walking,23399,23357,23399,42
rising,23427,23399,23427,28
climbing,23452,23427,23452,25
walking,23520,23452,23520,68
climbing,23607,23520,23607,87
left_turning,23673,23607,23673,66
walking,23725,23673,23725,52
right_turning,23749,23725,23749,24
walking,23776,23749,23776,27
sniffing,23872,23776,23872,96
walking,23937,23872,23937,65
right_turning,23969,23937,23969,32
running,23999,23969,23999,30
sniffing,24193,23999,24193,194
climbing,24265,24193,24265,72
rising,24314,24265,24314,49
sniffing,24381,24314,24381,67
walking,24491,24381,24491,110
climbing,24600,24491,24600,109
sniffing,24616,24600,24616,16
climbing,24701,24616,24701,85
running,24702,24701,24702,1
left_turning,24728,24702,24728,26
trotting,24737,24728,24737,9
rising,24738,24737,24738,1
climbing,24762,24738,24762,24
rising,24769,24762,24769,7
sniffing,24823,24769,24823,54
grooming,24996,24823,24996,173
left_turning,25065,24996,25065,69
sniffing,25148,25065,25148,83
left_turning,25172,25148,25172,24
walking,25178,25172,25178,6
sniffing,25282,25178,25282,104
grooming,25369,25282,25369,87
rising,25427,25369,25427,58
sniffing,25524,25427,25524,97
left_turning,25525,25524,25525,1
sniffing,25561,25525,25561,36
stepping,25562,25561,25562,1
sniffing,25588,25562,25588,26
rising,25604,25588,25604,16
rearing,25721,25604,25721,117
rising,25782,25721,25782,61
climbing,25845,25782,25845,63
rising,25880,25845,25880,35
climbing,25926,25880,25926,46
walking,25958,25926,25958,32
climbing,26025,25958,26025,67
rising,26072,26025,26072,47
sniffing,26109,26072,26109,37
grooming,26110,26109,26110,1
sniffing,26140,26110,26140,30
left_turning,26183,26140,26183,43
rising,26221,26183,26221,38
sniffing,26223,26221,26223,2
left_turning,26233,26223,26233,10
sniffing,26314,26233,26314,81
rising,26371,26314,26371,57
walking,26398,26371,26398,27
sniffing,26553,26398,26553,155
trotting,26585,26553,26585,32
walking,26599,26585,26599,14
sniffing,26724,26599,26724,125
rising,26761,26724,26761,37
sniffing,26795,26761,26795,34
left_turning,26796,26795,26796,1
sniffing,26819,26796,26819,23
rearing,26821,26819,26821,2
right_turning,26862,26821,26862,41
sniffing,26883,26862,26883,21
climbing,26933,26883,26933,50
rising,27081,26933,27081,148
walking,27113,27081,27113,32
stepping,27125,27113,27125,12
walking,27132,27125,27132,7
sniffing,27255,27132,27255,123
walking,27329,27255,27329,74
sniffing,27330,27329,27330,1
walking,27371,27330,27371,41
jumping,27523,27371,27523,152
walking,27553,27523,27553,30
sniffing,27733,27553,27733,180
trotting,27770,27733,27770,37
sniffing,27887,27770,27887,117
trotting,27944,27887,27944,57
sniffing,27990,27944,27990,46
hunching,27993,27990,27993,3
sniffing,28092,27993,28092,99
walking,28104,28092,28104,12
trotting,28112,28104,28112,8
hunching,28252,28112,28252,140
right_turning,28253,28252,28253,1
walking,28324,28253,28324,71
sniffing,28336,28324,28336,12
running,28342,28336,28342,6
sniffing,28479,28342,28479,137
rising,28509,28479,28509,30
rearing,28648,28509,28648,139
rising,28660,28648,28660,12
left_turning,28682,28660,28682,22
sniffing,28788,28682,28788,106
climbing,28874,28788,28874,86
sniffing,28990,28874,28990,116
trotting,29034,28990,29034,44
sniffing,29035,29034,29035,1
climbing,29091,29035,29091,56
rising,29133,29091,29133,42
rearing,29198,29133,29198,65
rising,29228,29198,29228,30
climbing,29245,29228,29245,17
sniffing,29295,29245,29295,50
right_turning,29296,29295,29296,1
sniffing,29297,29296,29297,1
rising,29351,29297,29351,54
left_turning,29495,29351,29495,144
walking,29535,29495,29535,40
sniffing,29641,29535,29641,106
trotting,29665,29641,29665,24
sniffing,29762,29665,29762,97
grooming,30019,29762,30019,257
sniffing,30037,30019,30037,18
walking,30125,30037,30125,88
sniffing,30194,30125,30194,69
walking,30195,30194,30195,1
jumping,30256,30195,30256,61
trotting,30261,30256,30261,5
rising,30289,30261,30289,28
sniffing,30477,30289,30477,188
stepping,30513,30477,30513,36
sniffing,30562,30513,30562,49
left_turning,30563,30562,30563,1
sniffing,30614,30563,30614,51
left_turning,30675,30614,30675,61
walking,30735,30675,30735,60
trotting,30802,30735,30802,67
sniffing,30836,30802,30836,34
trotting,30900,30836,30900,64
stepping,30944,30900,30944,44
walking,30988,30944,30988,44
rising,31002,30988,31002,14
sniffing,31062,31002,31062,60
rising,31080,31062,31080,18
climbing,31088,31080,31088,8
walking,31134,31088,31134,46
stepping,31210,31134,31210,76
rising,31255,31210,31255,45
sniffing,31585,31255,31585,330
climbing,31630,31585,31630,45
right_turning,31658,31630,31658,28
left_turning,31719,31658,31719,61
sniffing,31791,31719,31791,72
rearing,31819,31791,31819,28
rising,31833,31819,31833,14
climbing,31897,31833,31897,64
sniffing,31938,31897,31938,41
walking,32057,31938,32057,119
trotting,32081,32057,32081,24
right_turning,32133,32081,32133,52
sniffing,32225,32133,32225,92
grooming,32445,32225,32445,220
trotting,32474,32445,32474,29
stepping,32501,32474,32501,27
rising,32502,32501,32502,1
sniffing,32765,32502,32765,263
stepping,32833,32765,32833,68
rising,32868,32833,32868,35
sniffing,32920,32868,32920,52
stepping,32921,32920,32921,1
sniffing,32993,32921,32993,72
grooming,33255,32993,33255,262
sniffing,33289,33255,33289,34
rising,33362,33289,33362,73
climbing,33389,33362,33389,27
sniffing,33390,33389,33390,1
rising,33417,33390,33417,27
walking,33418,33417,33418,1
sniffing,33433,33418,33433,15
walking,33434,33433,33434,1
climbing,33499,33434,33499,65
walking,33563,33499,33563,64
rearing,33718,33563,33718,155
walking,33719,33718,33719,1
sniffing,33964,33719,33964,245
rising,34021,33964,34021,57
left_turning,34040,34021,34040,19
sniffing,34057,34040,34057,17
rearing,34134,34057,34134,77
rising,34202,34134,34202,68
sniffing,34256,34202,34256,54
stepping,34301,34256,34301,45
left_turning,34318,34301,34318,17
rearing,34333,34318,34333,15
climbing,34462,34333,34462,129
rising,34494,34462,34494,32
walking,34556,34494,34556,62
stepping,34602,34556,34602,46
sniffing,34603,34602,34603,1
rearing,34604,34603,34604,1
right_turning,34680,34604,34680,76
sniffing,34805,34680,34805,125
walking,34829,34805,34829,24
sniffing,34920,34829,34920,91
grooming,34921,34920,34921,1
sniffing,34938,34921,34938,17
rising,34939,34938,34939,1
climbing,34962,34939,34962,23
running,34996,34962,34996,34
walking,35031,34996,35031,35
trotting,35047,35031,35047,16
sniffing,35087,35047,35087,40
grooming,35138,35087,35138,51
left_turning,35193,35138,35193,55
walking,35264,35193,35264,71
right_turning,35327,35264,35327,63
sniffing,35348,35327,35348,21
rising,35354,35348,35354,6
sniffing,35355,35354,35355,1
rising,35391,35355,35391,36
walking,35475,35391,35475,84
rising,35497,35475,35497,22
sniffing,35627,35497,35627,130
rising,35640,35627,35640,13
climbing,35660,35640,35660,20
rearing,35661,35660,35661,1
climbing,35807,35661,35807,146
rising,35808,35807,35808,1
walking,35834,35808,35834,26
sniffing,35916,35834,35916,82
walking,36131,35916,36131,215
sniffing,36154,36131,36154,23
walking,36182,36154,36182,28
sniffing,36397,36182,36397,215
rising,36452,36397,36452,55
jumping,36652,36452,36652,200
sniffing,36719,36652,36719,67
left_turning,36729,36719,36729,10
sniffing,36730,36729,36730,1
walking,36737,36730,36737,7
sniffing,36894,36737,36894,157
left_turning,36895,36894,36895,1
walking,36948,36895,36948,53
rising,36949,36948,36949,1
walking,37044,36949,37044,95
rising,37045,37044,37045,1
stepping,37051,37045,37051,6
rising,37112,37051,37112,61
grooming,37205,37112,37205,93
hunching,37245,37205,37245,40
grooming,37420,37245,37420,175
sniffing,37421,37420,37421,1
left_turning,37445,37421,37445,24
walking,37518,37445,37518,73
sniffing,37715,37518,37715,197
walking,37732,37715,37732,17
sniffing,37733,37732,37733,1
walking,37790,37733,37790,57
rearing,37843,37790,37843,53
rising,37848,37843,37848,5
walking,37899,37848,37899,51
sniffing,37900,37899,37900,1
left_turning,37929,37900,37929,29
sniffing,38112,37929,38112,183
running,38120,38112,38120,8
sniffing,38131,38120,38131,11
walking,38147,38131,38147,16
trotting,38178,38147,38178,31
hunching,38179,38178,38179,1
climbing,38261,38179,38261,82
running,38304,38261,38304,43
rising,38305,38304,38305,1
sniffing,38306,38305,38306,1
climbing,38340,38306,38340,34
walking,38388,38340,38388,48
right_turning,38389,38388,38389,1
walking,38390,38389,38390,1
trotting,38391,38390,38391,1
running,38415,38391,38415,24
sniffing,38476,38415,38476,61
climbing,38477,38476,38477,1
sniffing,38478,38477,38478,1
walking,38527,38478,38527,49
climbing,38640,38527,38640,113
running,38661,38640,38661,21
walking,38760,38661,38760,99
rising,38832,38760,38832,72
sniffing,38860,38832,38860,28
rising,38866,38860,38866,6
sniffing,38867,38866,38867,1
rearing,38879,38867,38879,12
sniffing,39058,38879,39058,179
left_turning,39059,39058,39059,1
walking,39110,39059,39110,51
sniffing,39217,39110,39217,107
right_turning,39236,39217,39236,19
rising,39296,39236,39296,60
climbing,39422,39296,39422,126
walking,39455,39422,39455,33
stepping,39502,39455,39502,47
sniffing,39590,39502,39590,88
walking,39608,39590,39608,18
right_turning,39635,39608,39635,27
trotting,39639,39635,39639,4
left_turning,39666,39639,39666,27
rising,39684,39666,39684,18
rearing,39718,39684,39718,34
walking,39774,39718,39774,56
stepping,39807,39774,39807,33
running,39820,39807,39820,13
walking,39821,39820,39821,1
climbing,39940,39821,39940,119
hunching,40024,39940,40024,84
rising,40031,40024,40031,7
rearing,40071,40031,40071,40
right_turning,40096,40071,40096,25
walking,40149,40096,40149,53
sniffing,40229,40149,40229,80
walking,40319,40229,40319,90
left_turning,40330,40319,40330,11
climbing,40331,40330,40331,1
sniffing,40427,40331,40427,96
right_turning,40443,40427,40443,16
sniffing,40444,40443,40444,1
climbing,40445,40444,40445,1
rearing,40488,40445,40488,43
rising,40489,40488,40489,1
rearing,40606,40489,40606,117
rising,40638,40606,40638,32
climbing,40690,40638,40690,52
sniffing,40852,40690,40852,162
rising,40853,40852,40853,1
walking,40935,40853,40935,82
trotting,40971,40935,40971,36
walking,40991,40971,40991,20
rising,41025,40991,41025,34
hunching,41044,41025,41044,19
right_turning,41080,41044,41080,36
trotting,41109,41080,41109,29
running,41134,41109,41134,25
walking,41142,41134,41142,8
stepping,41167,41142,41167,25
walking,41206,41167,41206,39
sniffing,41286,41206,41286,80
rising,41298,41286,41298,12
climbing,41309,41298,41309,11
trotting,41326,41309,41326,17
sniffing,41423,41326,41423,97
left_turning,41425,41423,41425,2
trotting,41451,41425,41451,26
left_turning,41528,41451,41528,77
climbing,41691,41528,41691,163
rising,41763,41691,41763,72
sniffing,41764,41763,41764,1
left_turning,41765,41764,41765,1
sniffing,41766,41765,41766,1
right_turning,41781,41766,41781,15
trotting,41796,41781,41796,15
sniffing,41859,41796,41859,63
rising,41860,41859,41860,1
walking,41916,41860,41916,56
rising,42014,41916,42014,98
climbing,42025,42014,42025,11
sniffing,42310,42025,42310,285
left_turning,42337,42310,42337,27
sniffing,42480,42337,42480,143
right_turning,42506,42480,42506,26
rising,42518,42506,42518,12
climbing,42583,42518,42583,65
sniffing,42629,42583,42629,46
left_turning,42674,42629,42674,45
trotting,42675,42674,42675,1
stepping,42721,42675,42721,46
walking,42743,42721,42743,22
rising,42838,42743,42838,95
walking,42860,42838,42860,22
climbing,42937,42860,42937,77
walking,42987,42937,42987,50
sniffing,43167,42987,43167,180
rearing,43168,43167,43168,1
grooming,43256,43168,43256,88
rising,43267,43256,43267,11
sniffing,43339,43267,43339,72
rising,43340,43339,43340,1
climbing,43341,43340,43341,1
rising,43342,43341,43342,1
climbing,43397,43342,43397,55
sniffing,43519,43397,43519,122
rising,43583,43519,43583,64
climbing,43604,43583,43604,21
sniffing,43709,43604,43709,105
stepping,43725,43709,43725,16
climbing,43736,43725,43736,11
rearing,43799,43736,43799,63
sniffing,43899,43799,43899,100
climbing,43967,43899,43967,68
sniffing,44144,43967,44144,177
left_turning,44158,44144,44158,14
walking,44201,44158,44201,43
sniffing,44284,44201,44284,83
right_turning,44293,44284,44293,9
stepping,44331,44293,44331,38
rearing,44332,44331,44332,1
sniffing,44406,44332,44406,74
left_turning,44451,44406,44451,45
sniffing,44452,44451,44452,1
stepping,44548,44452,44548,96
walking,44590,44548,44590,42
sniffing,44640,44590,44640,50
grooming,44641,44640,44641,1
rearing,44671,44641,44671,30
climbing,44781,44671,44781,110
sniffing,44949,44781,44949,168
running,44962,44949,44962,13
walking,44985,44962,44985,23
rising,45011,44985,45011,26
climbing,45047,45011,45047,36
sniffing,45138,45047,45138,91
rising,45195,45138,45195,57
climbing,45246,45195,45246,51
sniffing,45300,45246,45300,54
rising,45346,45300,45346,46
stepping,45378,45346,45378,32
rising,45379,45378,45379,1
climbing,45380,45379,45380,1
rising,45424,45380,45424,44
rearing,45425,45424,45425,1
grooming,45786,45425,45786,361
climbing,45787,45786,45787,1
walking,45817,45787,45817,30
sniffing,45896,45817,45896,79
rising,45907,45896,45907,11
climbing,45997,45907,45997,90
left_turning,46013,45997,46013,16
walking,46023,46013,46023,10
sniffing,46096,46023,46096,73
climbing,46146,46096,46146,50
sniffing,46147,46146,46147,1
right_turning,46148,46147,46148,1
climbing,46241,46148,46241,93
sniffing,46302,46241,46302,61
grooming,46511,46302,46511,209
climbing,46512,46511,46512,1
right_turning,46513,46512,46513,1
running,46555,46513,46555,42
rising,46566,46555,46566,11
climbing,46649,46566,46649,83
left_turning,46676,46649,46676,27
walking,46763,46676,46763,87
rising,46799,46763,46799,36
climbing,46842,46799,46842,43
rising,46846,46842,46846,4
grooming,46853,46846,46853,7
rearing,46893,46853,46893,40
sniffing,46927,46893,46927,34
climbing,46928,46927,46928,1
sniffing,46997,46928,46997,69
walking,47014,46997,47014,17
sniffing,47125,47014,47125,111
walking,47167,47125,47167,42
stepping,47203,47167,47203,36
left_turning,47232,47203,47232,29
sniffing,47233,47232,47233,1
rising,47288,47233,47288,55
climbing,47358,47288,47358,70
trotting,47361,47358,47361,3
stepping,47363,47361,47363,2
rising,47373,47363,47373,10
grooming,47374,47373,47374,1
rising,47412,47374,47412,38
rearing,47413,47412,47413,1
walking,47517,47413,47517,104
sniffing,47694,47517,47694,177
left_turning,47706,47694,47706,12
rising,47746,47706,47746,40
climbing,47864,47746,47864,118
sniffing,47921,47864,47921,57
rising,47943,47921,47943,22
walking,47985,47943,47985,42
climbing,48014,47985,48014,29
sniffing,48058,48014,48058,44
running,48067,48058,48067,9
rising,48087,48067,48087,20
climbing,48185,48087,48185,98
walking,48213,48185,48213,28
sniffing,48282,48213,48282,69
climbing,48312,48282,48312,30
rising,48334,48312,48334,22
climbing,48434,48334,48434,100
rearing,48460,48434,48460,26
running,48496,48460,48496,36
left_turning,48574,48496,48574,78
walking,48664,48574,48664,90
sniffing,48742,48664,48742,78
rising,48784,48742,48784,42
climbing,48798,48784,48798,14
rearing,48927,48798,48927,129
sniffing,49062,48927,49062,135
walking,49124,49062,49124,62
stepping,49128,49124,49128,4
running,49178,49128,49178,50
trotting,49184,49178,49184,6
left_turning,49185,49184,49185,1
rising,49257,49185,49257,72
right_turning,49292,49257,49292,35
walking,49329,49292,49329,37
sniffing,49450,49329,49450,121
rising,49474,49450,49474,24
sniffing,49485,49474,49485,11
rearing,49486,49485,49486,1
trotting,49512,49486,49512,26
sniffing,49591,49512,49591,79
walking,49645,49591,49645,54
climbing,49819,49645,49819,174
rising,49861,49819,49861,42
walking,49891,49861,49891,30
left_turning,49956,49891,49956,65
trotting,50011,49956,50011,55
walking,50042,50011,50042,31
left_turning,50043,50042,50043,1
trotting,50101,50043,50101,58
stepping,50150,50101,50150,49
rearing,50151,50150,50151,1
walking,50152,50151,50152,1
climbing,50282,50152,50282,130
left_turning,50368,50282,50368,86
sniffing,50369,50368,50369,1
rising,50413,50369,50413,44
sniffing,50507,50413,50507,94
walking,50573,50507,50573,66
right_turning,50574,50573,50574,1
running,50597,50574,50597,23
stepping,50664,50597,50664,67
sniffing,50665,50664,50665,1
right_turning,50680,50665,50680,15
walking,50790,50680,50790,110
sniffing,50791,50790,50791,1
rising,50803,50791,50803,12
climbing,50941,50803,50941,138
walking,50942,50941,50942,1
left_turning,51013,50942,51013,71
walking,51076,51013,51076,63
rearing,51383,51076,51383,307
grooming,51633,51383,51633,250
hunching,51742,51633,51742,109
rearing,51825,51742,51825,83
sniffing,51826,51825,51826,1
left_turning,51859,51826,51859,33
sniffing,51946,51859,51946,87
climbing,51955,51946,51955,9
rising,52005,51955,52005,50
climbing,52046,52005,52046,41
sniffing,52103,52046,52103,57
trotting,52128,52103,52128,25
sniffing,52173,52128,52173,45
left_turning,52218,52173,52218,45
sniffing,52294,52218,52294,76
walking,52295,52294,52295,1
left_turning,52308,52295,52308,13
sniffing,52342,52308,52342,34
walking,52343,52342,52343,1
sniffing,52344,52343,52344,1
jumping,52429,52344,52429,85
sniffing,52430,52429,52430,1
stepping,52434,52430,52434,4
grooming,52786,52434,52786,352
rearing,52787,52786,52787,1
sniffing,52802,52787,52802,15
grooming,52889,52802,52889,87
rising,52890,52889,52890,1
sniffing,52891,52890,52891,1
walking,52892,52891,52892,1
running,52921,52892,52921,29
rising,52974,52921,52974,53
climbing,53042,52974,53042,68
hunching,53043,53042,53043,1
grooming,53188,53043,53188,145
sniffing,53336,53188,53336,148
trotting,53373,53336,53373,37
sniffing,53379,53373,53379,6
climbing,53395,53379,53395,16
rising,53445,53395,53445,50
rearing,53548,53445,53548,103
sniffing,53640,53548,53640,92
stepping,53681,53640,53681,41
rising,53721,53681,53721,40
hunching,53782,53721,53782,61
sniffing,53783,53782,53783,1
rising,53815,53783,53815,32
left_turning,53865,53815,53865,50
sniffing,53866,53865,53866,1
rearing,53867,53866,53867,1
climbing,53925,53867,53925,58
right_turning,53961,53925,53961,36
walking,54106,53961,54106,145
rising,54152,54106,54152,46
left_turning,54237,54152,54237,85
trotting,54261,54237,54261,24
climbing,54371,54261,54371,110
rising,54401,54371,54401,30
climbing,54481,54401,54481,80
hunching,54482,54481,54482,1
rising,54533,54482,54533,51
walking,54595,54533,54595,62
right_turning,54612,54595,54612,17
walking,54659,54612,54659,47
stepping,54681,54659,54681,22
sniffing,54759,54681,54759,78
walking,54785,54759,54785,26
sniffing,54799,54785,54799,14
left_turning,54865,54799,54865,66
rearing,54925,54865,54925,60
climbing,54981,54925,54981,56
rising,54982,54981,54982,1
grooming,55062,54982,55062,80
rearing,55090,55062,55090,28
right_turning,55134,55090,55134,44
running,55159,55134,55159,25
rising,55171,55159,55171,12
climbing,55197,55171,55197,26
sniffing,55258,55197,55258,61
left_turning,55304,55258,55304,46
sniffing,55363,55304,55363,59
rising,55425,55363,55425,62
sniffing,55426,55425,55426,1
left_turning,55495,55426,55495,69
stepping,55538,55495,55538,43
rising,55609,55538,55609,71
climbing,55740,55609,55740,131
trotting,55764,55740,55764,24
walking,55765,55764,55765,1
sniffing,55781,55765,55781,16
rising,55838,55781,55838,57
climbing,55926,55838,55926,88
rearing,55937,55926,55937,11
climbing,55965,55937,55965,28
walking,56032,55965,56032,67
climbing,56097,56032,56097,65
sniffing,56106,56097,56106,9
walking,56113,56106,56113,7
right_turning,56114,56113,56114,1
walking,56115,56114,56115,1
sniffing,56122,56115,56122,7
left_turning,56129,56122,56129,7
walking,56144,56129,56144,15
right_turning,56204,56144,56204,60
trotting,56238,56204,56238,34
sniffing,56306,56238,56306,68
walking,56346,56306,56346,40
rearing,56347,56346,56347,1
rising,56379,56347,56379,32
climbing,56385,56379,56385,6
walking,56402,56385,56402,17
sniffing,56551,56402,56551,149
rising,56598,56551,56598,47
climbing,56633,56598,56633,35
sniffing,56769,56633,56769,136
walking,56793,56769,56793,24
rising,56794,56793,56794,1
trotting,56857,56794,56857,63
walking,56877,56857,56877,20
sniffing,57012,56877,57012,135
stepping,57018,57012,57018,6
sniffing,57204,57018,57204,186
walking,57308,57204,57308,104
left_turning,57379,57308,57379,71
sniffing,57402,57379,57402,23
walking,57403,57402,57403,1
rising,57419,57403,57419,16
grooming,57469,57419,57469,50
right_turning,57498,57469,57498,29
trotting,57525,57498,57525,27
sniffing,57528,57525,57528,3
walking,57574,57528,57574,46
sniffing,57614,57574,57614,40
walking,57682,57614,57682,68
rising,57716,57682,57716,34
sniffing,57836,57716,57836,120
right_turning,57880,57836,57880,44
trotting,57881,57880,57881,1
walking,57904,57881,57904,23
climbing,57968,57904,57968,64
sniffing,58020,57968,58020,52
right_turning,58053,58020,58053,33
sniffing,58176,58053,58176,123
rearing,58199,58176,58199,23
rising,58200,58199,58200,1
sniffing,58201,58200,58201,1
rising,58282,58201,58282,81
left_turning,58308,58282,58308,26
sniffing,58454,58308,58454,146
left_turning,58516,58454,58516,62
sniffing,58648,58516,58648,132
walking,58692,58648,58692,44
rising,58711,58692,58711,19
stepping,58754,58711,58754,43
sniffing,58884,58754,58884,130
trotting,58885,58884,58885,1
sniffing,58886,58885,58886,1
rising,58940,58886,58940,54
climbing,58955,58940,58955,15
sniffing,59064,58955,59064,109
grooming,59552,59064,59552,488
rearing,59610,59552,59610,58
climbing,59644,59610,59644,34
rising,59768,59644,59768,124
climbing,59877,59768,59877,109
grooming,59890,59877,59890,13
right_turning,59891,59890,59891,1
sniffing,59892,59891,59892,1
rising,59953,59892,59953,61
climbing,59954,59953,59954,1
sniffing,60130,59954,60130,176
walking,60245,60130,60245,115
rising,60290,60245,60290,45
climbing,60308,60290,60308,18
rearing,60351,60308,60351,43
rising,60365,60351,60365,14
rearing,60412,60365,60412,47
rising,60470,60412,60470,58
sniffing,60727,60470,60727,257
rising,60728,60727,60728,1
sniffing,60755,60728,60755,27
climbing,60846,60755,60846,91
walking,60905,60846,60905,59
climbing,60978,60905,60978,73
walking,61090,60978,61090,112
trotting,61104,61090,61104,14
sniffing,61105,61104,61105,1
climbing,61121,61105,61121,16
sniffing,61212,61121,61212,91
climbing,61301,61212,61301,89
walking,61337,61301,61337,36
sniffing,61353,61337,61353,16
rising,61375,61353,61375,22
rearing,61442,61375,61442,67
walking,61543,61442,61543,101
sniffing,61544,61543,61544,1
left_turning,61618,61544,61618,74
sniffing,61708,61618,61708,90
walking,61753,61708,61753,45
climbing,61814,61753,61814,61
trotting,61849,61814,61849,35
sniffing,61914,61849,61914,65
walking,61933,61914,61933,19
rising,61972,61933,61972,39
sniffing,61989,61972,61989,17
rising,62063,61989,62063,74
sniffing,62172,62063,62172,109
hunching,62190,62172,62190,18
grooming,62191,62190,62191,1
left_turning,62224,62191,62224,33
walking,62282,62224,62282,58
climbing,62290,62282,62290,8
trotting,62305,62290,62305,15
right_turning,62310,62305,62310,5
trotting,62311,62310,62311,1
sniffing,62436,62311,62436,125
hunching,62464,62436,62464,28
rearing,62544,62464,62544,80
sniffing,62545,62544,62545,1
stepping,62603,62545,62603,58
running,62637,62603,62637,34
left_turning,62693,62637,62693,56
sniffing,62705,62693,62705,12
rising,62706,62705,62706,1
climbing,62759,62706,62759,53
rising,62770,62759,62770,11
sniffing,62828,62770,62828,58
walking,62842,62828,62842,14
left_turning,62902,62842,62902,60
walking,62993,62902,62993,91
sniffing,63166,62993,63166,173
rising,63186,63166,63186,20
sniffing,63263,63186,63263,77
rising,63271,63263,63271,8
left_turning,63338,63271,63338,67
sniffing,63385,63338,63385,47
climbing,63415,63385,63415,30
sniffing,63472,63415,63472,57
left_turning,63513,63472,63513,41
sniffing,63582,63513,63582,69
climbing,63674,63582,63674,92
running,63691,63674,63691,17
walking,63697,63691,63697,6
rearing,63723,63697,63723,26
left_turning,63736,63723,63736,13
rising,63744,63736,63744,8
sniffing,63797,63744,63797,53
walking,63839,63797,63839,42
rising,63852,63839,63852,13
climbing,63941,63852,63941,89
rising,64005,63941,64005,64
rearing,64029,64005,64029,24
walking,64053,64029,64053,24
climbing,64094,64053,64094,41
trotting,64127,64094,64127,33
left_turning,64139,64127,64139,12
rising,64182,64139,64182,43
climbing,64191,64182,64191,9
hunching,64381,64191,64381,190
sniffing,64382,64381,64382,1
climbing,64511,64382,64511,129
sniffing,64575,64511,64575,64
rising,64594,64575,64594,19
climbing,64647,64594,64647,53
rearing,64675,64647,64675,28
sniffing,64746,64675,64746,71
rising,64747,64746,64747,1
rearing,64763,64747,64763,16
rising,64790,64763,64790,27
climbing,64883,64790,64883,93
walking,64938,64883,64938,55
left_turning,64952,64938,64952,14
sniffing,64991,64952,64991,39
left_turning,65038,64991,65038,47
sniffing,65143,65038,65143,105
rearing,65161,65143,65161,18
stepping,65172,65161,65172,11
walking,65178,65172,65178,6
sniffing,65265,65178,65265,87
left_turning,65302,65265,65302,37
stepping,65381,65302,65381,79
sniffing,65445,65381,65445,64
rising,65510,65445,65510,65
climbing,65530,65510,65530,20
rising,65536,65530,65536,6
climbing,65548,65536,65548,12
walking,65583,65548,65583,35
stepping,65672,65583,65672,89
walking,65757,65672,65757,85
rising,65779,65757,65779,22
sniffing,65844,65779,65844,65
walking,65865,65844,65865,21
climbing,66047,65865,66047,182
hunching,66048,66047,66048,1
sniffing,66190,66048,66190,142
grooming,66196,66190,66196,6
hunching,66212,66196,66212,16
rising,66231,66212,66231,19
walking,66238,66231,66238,7
stepping,66272,66238,66272,34
rising,66333,66272,66333,61
climbing,66334,66333,66334,1
walking,66335,66334,66335,1
sniffing,66501,66335,66501,166
rising,66536,66501,66536,35
sniffing,66537,66536,66537,1
left_turning,66566,66537,66566,29
walking,66601,66566,66601,35
climbing,66659,66601,66659,58
rearing,66750,66659,66750,91
walking,66828,66750,66828,78
climbing,66872,66828,66872,44
walking,66892,66872,66892,20
sniffing,66955,66892,66955,63
rising,66956,66955,66956,1
sniffing,66990,66956,66990,34
climbing,67122,66990,67122,132
walking,67196,67122,67196,74
rising,67202,67196,67202,6
walking,67268,67202,67268,66
rising,67300,67268,67300,32
sniffing,67308,67300,67308,8
climbing,67317,67308,67317,9
walking,67336,67317,67336,19
climbing,67337,67336,67337,1
rearing,67447,67337,67447,110
climbing,67477,67447,67477,30
walking,67505,67477,67505,28
rising,67533,67505,67533,28
hunching,67568,67533,67568,35
rearing,67583,67568,67583,15
right_turning,67595,67583,67595,12
climbing,67644,67595,67644,49
rearing,67686,67644,67686,42
grooming,67687,67686,67687,1
rearing,67692,67687,67692,5
rising,67693,67692,67693,1
climbing,67717,67693,67717,24
rising,67718,67717,67718,1
sniffing,67753,67718,67753,35
left_turning,67864,67753,67864,111
sniffing,67984,67864,67984,120
climbing,68050,67984,68050,66
hunching,68084,68050,68084,34
rearing,68179,68084,68179,95
jumping,68369,68179,68369,190
walking,68426,68369,68426,57
climbing,68471,68426,68471,45
sniffing,68472,68471,68472,1
walking,68489,68472,68489,17
stepping,68511,68489,68511,22
rearing,68586,68511,68586,75
walking,68591,68586,68591,5
rising,68611,68591,68611,20
climbing,68678,68611,68678,67
running,68705,68678,68705,27
sniffing,68752,68705,68752,47
rising,68774,68752,68774,22
rearing,68839,68774,68839,65
rising,68917,68839,68917,78
walking,68949,68917,68949,32
stepping,68974,68949,68974,25
walking,68990,68974,68990,16
sniffing,69027,68990,69027,37
walking,69033,69027,69033,6
sniffing,69127,69033,69127,94
walking,69158,69127,69158,31
sniffing,69359,69158,69359,201
right_turning,69406,69359,69406,47
stepping,69439,69406,69439,33
sniffing,69440,69439,69440,1
grooming,69489,69440,69489,49
sniffing,69585,69489,69585,96
rising,69622,69585,69622,37
rearing,69712,69622,69712,90
rising,69730,69712,69730,18
sniffing,69818,69730,69818,88
rising,69851,69818,69851,33
walking,69884,69851,69884,33
sniffing,70091,69884,70091,207
left_turning,70140,70091,70140,49
running,70149,70140,70149,9
walking,70193,70149,70193,44
left_turning,70219,70193,70219,26
rising,70241,70219,70241,22
climbing,70309,70241,70309,68
walking,70317,70309,70317,8
sniffing,70468,70317,70468,151
rising,70506,70468,70506,38
climbing,70599,70506,70599,93
sniffing,70726,70599,70726,127
hunching,70767,70726,70767,41
grooming,70933,70767,70933,166
sniffing,71055,70933,71055,122
left_turning,71115,71055,71115,60
trotting,71141,71115,71141,26
rising,71142,71141,71142,1
sniffing,71143,71142,71143,1
grooming,71373,71143,71373,230
rearing,71374,71373,71374,1
stepping,71375,71374,71375,1
rearing,71389,71375,71389,14
sniffing,71390,71389,71390,1
climbing,71454,71390,71454,64
walking,71455,71454,71455,1
hunching,71456,71455,71456,1
rising,71474,71456,71474,18
trotting,71539,71474,71539,65
right_turning,71560,71539,71560,21
climbing,71625,71560,71625,65
rising,71669,71625,71669,44
sniffing,71671,71669,71671,2
running,71706,71671,71706,35
trotting,71748,71706,71748,42
rising,71812,71748,71812,64
hunching,71959,71812,71959,147
climbing,72069,71959,72069,110
right_turning,72171,72069,72171,102
climbing,72172,72171,72172,1
trotting,72188,72172,72188,16
rearing,72305,72188,72305,117
walking,72347,72305,72347,42
sniffing,72416,72347,72416,69
climbing,72541,72416,72541,125
rising,72571,72541,72571,30
walking,72624,72571,72624,53
left_turning,72661,72624,72661,37
running,72662,72661,72662,1
walking,72721,72662,72721,59
rising,72744,72721,72744,23
hunching,72754,72744,72754,10
grooming,72760,72754,72760,6
rearing,72764,72760,72764,4
grooming,72791,72764,72791,27
sniffing,72917,72791,72917,126
left_turning,72993,72917,72993,76
rising,72994,72993,72994,1
climbing,73090,72994,73090,96
walking,73291,73090,73291,201
sniffing,73292,73291,73292,1
stepping,73353,73292,73353,61
walking,73364,73353,73364,11
sniffing,73441,73364,73441,77
walking,73459,73441,73459,18
sniffing,73704,73459,73704,245
walking,73735,73704,73735,31
climbing,73768,73735,73768,33
rising,73840,73768,73840,72
left_turning,73901,73840,73901,61
climbing,74059,73901,74059,158
walking,74148,74059,74148,89
climbing,74188,74148,74188,40
grooming,74189,74188,74189,1
climbing,74264,74189,74264,75
stepping,74309,74264,74309,45
sniffing,74493,74309,74493,184
left_turning,74497,74493,74497,4
walking,74553,74497,74553,56
climbing,74612,74553,74612,59
walking,74613,74612,74613,1
sniffing,74667,74613,74667,54
walking,74733,74667,74733,66
left_turning,74743,74733,74743,10
walking,74759,74743,74759,16
climbing,74778,74759,74778,19
right_turning,74780,74778,74780,2
sniffing,74806,74780,74806,26
rising,74811,74806,74811,5
climbing,74861,74811,74861,50
trotting,74868,74861,74868,7
sniffing,74888,74868,74888,20
walking,74906,74888,74906,18
trotting,74934,74906,74934,28
walking,74935,74934,74935,1
sniffing,74960,74935,74960,25
hunching,74993,74960,74993,33
left_turning,75014,74993,75014,21
sniffing,75159,75014,75159,145
left_turning,75200,75159,75200,41
sniffing,75424,75200,75424,224
rising,75500,75424,75500,76
sniffing,75567,75500,75567,67
left_turning,75612,75567,75612,45
stepping,75617,75612,75617,5
left_turning,75658,75617,75658,41
walking,75661,75658,75661,3
sniffing,75677,75661,75677,16
left_turning,75733,75677,75733,56
sniffing,75799,75733,75799,66
walking,75804,75799,75804,5
rearing,75827,75804,75827,23
rising,75863,75827,75863,36
walking,75932,75863,75932,69
rising,75951,75932,75951,19
right_turning,75977,75951,75977,26
sniffing,76034,75977,76034,57
walking,76086,76034,76086,52
trotting,76123,76086,76123,37
sniffing,76239,76123,76239,116
right_turning,76307,76239,76307,68
walking,76319,76307,76319,12
climbing,76349,76319,76349,30
sniffing,76474,76349,76474,125
climbing,76475,76474,76475,1
running,76478,76475,76478,3
rising,76566,76478,76566,88
grooming,76567,76566,76567,1
sniffing,76608,76567,76608,41
left_turning,76690,76608,76690,82
walking,76718,76690,76718,28
rising,76754,76718,76754,36
climbing,76760,76754,76760,6
rising,76785,76760,76785,25
sniffing,76788,76785,76788,3
left_turning,76856,76788,76856,68
running,76889,76856,76889,33
sniffing,76924,76889,76924,35
left_turning,76946,76924,76946,22
walking,76958,76946,76958,12
rising,76994,76958,76994,36
climbing,77095,76994,77095,101
rising,77096,77095,77096,1
sniffing,77176,77096,77176,80
climbing,77212,77176,77212,36
rearing,77336,77212,77336,124
sniffing,77337,77336,77337,1
left_turning,77398,77337,77398,61
stepping,77416,77398,77416,18
rising,77464,77416,77464,48
climbing,77484,77464,77484,20
grooming,77488,77484,77488,4
sniffing,77545,77488,77545,57
right_turning,77558,77545,77558,13
sniffing,77559,77558,77559,1
climbing,77562,77559,77562,3
rising,77596,77562,77596,34
rearing,77623,77596,77623,27
climbing,77654,77623,77654,31
rearing,77726,77654,77726,72
sniffing,77727,77726,77727,1
grooming,77899,77727,77899,172
sniffing,78006,77899,78006,107
rearing,78011,78006,78011,5
left_turning,78083,78011,78083,72
sniffing,78116,78083,78116,33
left_turning,78129,78116,78129,13
sniffing,78163,78129,78163,34
walking,78255,78163,78255,92
sniffing,78514,78255,78514,259
walking,78522,78514,78522,8
climbing,78604,78522,78604,82
rising,78605,78604,78605,1
climbing,78715,78605,78715,110
left_turning,78731,78715,78731,16
walking,78761,78731,78761,30
left_turning,78783,78761,78783,22
stepping,78837,78783,78837,54
climbing,78921,78837,78921,84
rearing,78997,78921,78997,76
left_turning,78998,78997,78998,1
sniffing,79034,78998,79034,36
right_turning,79036,79034,79036,2
walking,79118,79036,79118,82
climbing,79182,79118,79182,64
rearing,79183,79182,79183,1
rising,79227,79183,79227,44
hunching,79228,79227,79228,1
walking,79229,79228,79229,1
sniffing,79296,79229,79296,67
rising,79332,79296,79332,36
sniffing,79333,79332,79333,1
walking,79372,79333,79372,39
sniffing,79422,79372,79422,50
walking,79466,79422,79466,44
rising,79542,79466,79542,76
walking,79582,79542,79582,40
rearing,79674,79582,79674,92
sniffing,79765,79674,79765,91
rising,79788,79765,79788,23
climbing,79789,79788,79789,1
sniffing,79986,79789,79986,197
grooming,80029,79986,80029,43
rearing,80030,80029,80030,1
sniffing,80113,80030,80113,83
climbing,80167,80113,80167,54
right_turning,80187,80167,80187,20
walking,80234,80187,80234,47
right_turning,80237,80234,80237,3
walking,80320,80237,80320,83
rising,80342,80320,80342,22
walking,80415,80342,80415,73
right_turning,80454,80415,80454,39
sniffing,80460,80454,80460,6
running,80480,80460,80480,20
sniffing,80540,80480,80540,60
walking,80574,80540,80574,34
sniffing,80575,80574,80575,1
walking,80625,80575,80625,50
rearing,80626,80625,80626,1
rising,80697,80626,80697,71
sniffing,80710,80697,80710,13
trotting,80781,80710,80781,71
sniffing,80782,80781,80782,1
right_turning,80796,80782,80796,14
sniffing,80820,80796,80820,24
rearing,80891,80820,80891,71
rising,80921,80891,80921,30
sniffing,80993,80921,80993,72
rising,80994,80993,80994,1
climbing,81215,80994,81215,221
walking,81234,81215,81234,19
right_turning,81270,81234,81270,36
walking,81313,81270,81313,43
rising,81420,81313,81420,107
rearing,81489,81420,81489,69
climbing,81592,81489,81592,103
rearing,81622,81592,81622,30
walking,81623,81622,81623,1
sniffing,81624,81623,81624,1
left_turning,81650,81624,81650,26
walking,81668,81650,81668,18
sniffing,81772,81668,81772,104
walking,81787,81772,81787,15
sniffing,81828,81787,81828,41
hunching,81829,81828,81829,1
climbing,81848,81829,81848,19
walking,81888,81848,81888,40
rising,81889,81888,81889,1
climbing,81917,81889,81917,28
rising,81950,81917,81950,33
sniffing,82159,81950,82159,209
rising,82160,82159,82160,1
walking,82161,82160,82161,1
hunching,82239,82161,82239,78
grooming,82240,82239,82240,1
right_turning,82274,82240,82274,34
walking,82357,82274,82357,83
climbing,82412,82357,82412,55
grooming,82413,82412,82413,1
climbing,82575,82413,82575,162
walking,82610,82575,82610,35
sniffing,82615,82610,82615,5
pausing,82739,82615,82739,124
sniffing,82851,82739,82851,112
rising,82896,82851,82896,45
hunching,82964,82896,82964,68
rearing,83078,82964,83078,114
right_turning,83119,83078,83119,41
walking,83135,83119,83135,16
climbing,83235,83135,83235,100
walking,83255,83235,83255,20
stepping,83312,83255,83312,57
walking,83313,83312,83313,1
rising,83330,83313,83330,17
sniffing,83365,83330,83365,35
walking,83368,83365,83368,3
sniffing,83397,83368,83397,29
grooming,83514,83397,83514,117
rearing,83542,83514,83542,28
left_turning,83584,83542,83584,42
walking,83588,83584,83588,4
sniffing,83589,83588,83589,1
left_turning,83628,83589,83628,39
sniffing,83717,83628,83717,89
grooming,83718,83717,83718,1
rearing,83811,83718,83811,93
sniffing,83831,83811,83831,20
rising,83860,83831,83860,29
grooming,84012,83860,84012,152
sniffing,84013,84012,84013,1
rearing,84039,84013,84039,26
sniffing,84040,84039,84040,1
walking,84086,84040,84086,46
sniffing,84197,84086,84197,111
right_turning,84198,84197,84198,1
walking,84299,84198,84299,101
rising,84331,84299,84331,32
walking,84345,84331,84345,14
sniffing,84446,84345,84446,101
rising,84447,84446,84447,1
climbing,84547,84447,84547,100
sniffing,84594,84547,84594,47
rising,84633,84594,84633,39
climbing,84695,84633,84695,62
sniffing,84860,84695,84860,165
trotting,84874,84860,84874,14
walking,84875,84874,84875,1
sniffing,84887,84875,84887,12
climbing,84937,84887,84937,50
walking,84959,84937,84959,22
sniffing,85060,84959,85060,101
rising,85202,85060,85202,142
climbing,85259,85202,85259,57
hunching,85260,85259,85260,1
sniffing,85342,85260,85342,82
rising,85345,85342,85345,3
climbing,85400,85345,85400,55
walking,85513,85400,85513,113
sniffing,85562,85513,85562,49
stepping,85563,85562,85563,1
climbing,85564,85563,85564,1
right_turning,85583,85564,85583,19
walking,85613,85583,85613,30
stepping,85680,85613,85680,67
running,85704,85680,85704,24
sniffing,85825,85704,85825,121
rising,85838,85825,85838,13
sniffing,85893,85838,85893,55
rising,85948,85893,85948,55
climbing,86002,85948,86002,54
sniffing,86034,86002,86034,32
rising,86202,86034,86202,168
climbing,86203,86202,86203,1
stepping,86262,86203,86262,59
left_turning,86279,86262,86279,17
walking,86303,86279,86303,24
stepping,86337,86303,86337,34
running,86365,86337,86365,28
sniffing,86497,86365,86497,132
grooming,86498,86497,86498,1
sniffing,86653,86498,86653,155
rising,86681,86653,86681,28
sniffing,86934,86681,86934,253
stepping,86998,86934,86998,64
walking,87050,86998,87050,52
rising,87139,87050,87139,89
left_turning,87140,87139,87140,1
sniffing,87198,87140,87198,58
rising,87199,87198,87199,1
climbing,87218,87199,87218,19
sniffing,87255,87218,87255,37
hunching,87279,87255,87279,24
rearing,87280,87279,87280,1
sniffing,87287,87280,87287,7
rising,87288,87287,87288,1
climbing,87380,87288,87380,92
hunching,87454,87380,87454,74
rearing,87455,87454,87455,1
climbing,87542,87455,87542,87
rising,87543,87542,87543,1
sniffing,87556,87543,87556,13
walking,87628,87556,87628,72
rising,87677,87628,87677,49
sniffing,87753,87677,87753,76
rising,87797,87753,87797,44
climbing,87847,87797,87847,50
rising,87864,87847,87864,17
left_turning,87883,87864,87883,19
trotting,87911,87883,87911,28
grooming,87957,87911,87957,46
rising,87986,87957,87986,29
sniffing,88043,87986,88043,57
pausing,88339,88043,88339,296
sniffing,88440,88339,88440,101
rising,88554,88440,88554,114
sniffing,88675,88554,88675,121
right_turning,88676,88675,88676,1
walking,88702,88676,88702,26
sniffing,88859,88702,88859,157
grooming,88860,88859,88860,1
left_turning,88892,88860,88892,32
sniffing,89016,88892,89016,124
rising,89053,89016,89053,37
grooming,89054,89053,89054,1
sniffing,89100,89054,89100,46
rising,89143,89100,89143,43
climbing,89204,89143,89204,61
rising,89205,89204,89205,1
climbing,89314,89205,89314,109
sniffing,89405,89314,89405,91
climbing,89485,89405,89485,80
sniffing,89519,89485,89519,34
hunching,89520,89519,89520,1
sniffing,89624,89520,89624,104
rising,89702,89624,89702,78
sniffing,89770,89702,89770,68
walking,89864,89770,89864,94
rising,89898,89864,89898,34
rearing,90091,89898,90091,193
climbing,90145,90091,90145,54
hunching,90204,90145,90204,59
sniffing,90508,90204,90508,304
climbing,90604,90508,90604,96
sniffing,90625,90604,90625,21
pausing,90767,90625,90767,142
sniffing,90809,90767,90809,42
rising,90848,90809,90848,39
sniffing,90849,90848,90849,1
walking,90916,90849,90916,67
rearing,91013,90916,91013,97
climbing,91033,91013,91033,20
hunching,91063,91033,91063,30
sniffing,91133,91063,91133,70
rising,91134,91133,91134,1
sniffing,91289,91134,91289,155
rearing,91290,91289,91290,1
grooming,91309,91290,91309,19
rising,91310,91309,91310,1
climbing,91319,91310,91319,9
sniffing,91401,91319,91401,82
left_turning,91411,91401,91411,10
walking,91414,91411,91414,3
climbing,91463,91414,91463,49
hunching,91525,91463,91525,62
rearing,91642,91525,91642,117
sniffing,91737,91642,91737,95
climbing,91792,91737,91792,55
trotting,91820,91792,91820,28
walking,91824,91820,91824,4
sniffing,91903,91824,91903,79
trotting,91908,91903,91908,5
left_turning,91950,91908,91950,42
sniffing,92001,91950,92001,51
rearing,92013,92001,92013,12
walking,92037,92013,92037,24
climbing,92050,92037,92050,13
rising,92110,92050,92110,60
sniffing,92350,92110,92350,240
rising,92351,92350,92351,1
grooming,92442,92351,92442,91
sniffing,92488,92442,92488,46
rising,92489,92488,92489,1
climbing,92519,92489,92519,30
right_turning,92529,92519,92529,10
stepping,92568,92529,92568,39
walking,92628,92568,92628,60
sniffing,92891,92628,92891,263
left_turning,92923,92891,92923,32
walking,93025,92923,93025,102
sniffing,93082,93025,93082,57
climbing,93102,93082,93102,20
rearing,93148,93102,93148,46
sniffing,93149,93148,93149,1
grooming,93150,93149,93150,1
left_turning,93251,93150,93251,101
walking,93252,93251,93252,1
stepping,93270,93252,93270,18
left_turning,93303,93270,93303,33
stepping,93316,93303,93316,13
grooming,93321,93316,93321,5
sniffing,93322,93321,93322,1
rising,93351,93322,93351,29
left_turning,93381,93351,93381,30
sniffing,93453,93381,93453,72
rising,93478,93453,93478,25
hunching,93479,93478,93479,1
sniffing,93664,93479,93664,185
left_turning,93673,93664,93673,9
stepping,93750,93673,93750,77
left_turning,93769,93750,93769,19
trotting,93786,93769,93786,17
sniffing,93841,93786,93841,55
hunching,93842,93841,93842,1
rising,93849,93842,93849,7
sniffing,94074,93849,94074,225
rising,94144,94074,94144,70
hunching,94210,94144,94210,66
grooming,94211,94210,94211,1
walking,94252,94211,94252,41
sniffing,94306,94252,94306,54
rising,94349,94306,94349,43
sniffing,94413,94349,94413,64
climbing,94415,94413,94415,2
sniffing,94416,94415,94416,1
walking,94440,94416,94440,24
stepping,94480,94440,94480,40
sniffing,94558,94480,94558,78
left_turning,94636,94558,94636,78
climbing,94686,94636,94686,50
grooming,94687,94686,94687,1
climbing,94713,94687,94713,26
rising,94714,94713,94714,1
hunching,94787,94714,94787,73
rearing,94788,94787,94788,1
grooming,94789,94788,94789,1
climbing,94805,94789,94805,16
hunching,94844,94805,94844,39
stepping,94882,94844,94882,38
walking,94967,94882,94967,85
sniffing,94968,94967,94968,1
hunching,94969,94968,94969,1
rising,94998,94969,94998,29
sniffing,95211,94998,95211,213
walking,95230,95211,95230,19
sniffing,95355,95230,95355,125
climbing,95495,95355,95495,140
sniffing,95516,95495,95516,21
grooming,95593,95516,95593,77
sniffing,95754,95593,95754,161
right_turning,95784,95754,95784,30
walking,95876,95784,95876,92
rising,95877,95876,95877,1
stepping,95889,95877,95889,12
trotting,95919,95889,95919,30
rising,96025,95919,96025,106
sniffing,96117,96025,96117,92
walking,96164,96117,96164,47
sniffing,96281,96164,96281,117
left_turning,96282,96281,96282,1
running,96283,96282,96283,1
sniffing,96284,96283,96284,1
walking,96294,96284,96294,10
rising,96341,96294,96341,47
hunching,96371,96341,96371,30
climbing,96448,96371,96448,77
rearing,96449,96448,96449,1
grooming,96450,96449,96450,1
rising,96505,96450,96505,55
rearing,96556,96505,96556,51
sniffing,96557,96556,96557,1
rising,96578,96557,96578,21
walking,96654,96578,96654,76
right_turning,96683,96654,96683,29
trotting,96700,96683,96700,17
rising,96711,96700,96711,11
sniffing,96758,96711,96758,47
grooming,97175,96758,97175,417
climbing,97279,97175,97279,104
sniffing,97447,97279,97447,168
rising,97448,97447,97448,1
rearing,97456,97448,97456,8
climbing,97529,97456,97529,73
right_turning,97583,97529,97583,54
trotting,97599,97583,97599,16
climbing,97763,97599,97763,164
stepping,97789,97763,97789,26
running,97810,97789,97810,21
sniffing,97902,97810,97902,92
stepping,97943,97902,97943,41
walking,97951,97943,97951,8
sniffing,97964,97951,97964,13
walking,98039,97964,98039,75
climbing,98077,98039,98077,38
rearing,98084,98077,98084,7
climbing,98148,98084,98148,64
sniffing,98149,98148,98149,1
climbing,98194,98149,98194,45
right_turning,98232,98194,98232,38
walking,98282,98232,98282,50
rearing,98347,98282,98347,65
sniffing,98499,98347,98499,152
running,98543,98499,98543,44
sniffing,98612,98543,98612,69
walking,98675,98612,98675,63
climbing,98733,98675,98733,58
sniffing,98886,98733,98886,153
rising,98928,98886,98928,42
climbing,98949,98928,98949,21
hunching,99019,98949,99019,70
climbing,99060,99019,99060,41
grooming,99279,99060,99279,219
sniffing,99360,99279,99360,81
walking,99409,99360,99409,49
rising,99464,99409,99464,55
sniffing,99525,99464,99525,61
rising,99563,99525,99563,38
climbing,99616,99563,99616,53
grooming,99617,99616,99617,1
sniffing,99683,99617,99683,66
rearing,99713,99683,99713,30
grooming,99717,99713,99717,4
sniffing,99755,99717,99755,38
running,99780,99755,99780,25
left_turning,99858,99780,99858,78
sniffing,99912,99858,99912,54
rearing,99913,99912,99913,1
grooming,100156,99913,100156,243
sniffing,100217,100156,100217,61
hunching,100268,100217,100268,51
sniffing,100372,100268,100372,104
rearing,100382,100372,100382,10
rising,100487,100382,100487,105
sniffing,100491,100487,100491,4
rearing,100629,100491,100629,138
hunching,100688,100629,100688,59
rising,100689,100688,100689,1
climbing,100780,100689,100780,91
grooming,100976,100780,100976,196
rising,101114,100976,101114,138
right_turning,101130,101114,101130,16
walking,101149,101130,101149,19
sniffing,101215,101149,101215,66
rising,101244,101215,101244,29
hunching,101304,101244,101304,60
grooming,101483,101304,101483,179
walking,101498,101483,101498,15
sniffing,101499,101498,101499,1
rearing,101500,101499,101500,1
climbing,101501,101500,101501,1
sniffing,101665,101501,101665,164
climbing,101666,101665,101666,1
sniffing,101720,101666,101720,54
rising,101721,101720,101721,1
running,101766,101721,101766,45
rising,101809,101766,101809,43
sniffing,101810,101809,101810,1
walking,101842,101810,101842,32
sniffing,101941,101842,101941,99
climbing,101949,101941,101949,8
rearing,101992,101949,101992,43
sniffing,101993,101992,101993,1
right_turning,102027,101993,102027,34
sniffing,102205,102027,102205,178
walking,102303,102205,102303,98
sniffing,102304,102303,102304,1
left_turning,102321,102304,102321,17
sniffing,102322,102321,102322,1
trotting,102348,102322,102348,26
sniffing,102480,102348,102480,132
right_turning,102492,102480,102492,12
rising,102506,102492,102506,14
grooming,102508,102506,102508,2
rearing,102599,102508,102599,91
sniffing,102622,102599,102622,23
rising,102623,102622,102623,1
right_turning,102654,102623,102654,31
walking,102766,102654,102766,112
left_turning,102781,102766,102781,15
stepping,102855,102781,102855,74
walking,102859,102855,102859,4
sniffing,102920,102859,102920,61
pausing,103369,102920,103369,449
sniffing,103370,103369,103370,1
pausing,103572,103370,103572,202
sniffing,103573,103572,103573,1
right_turning,103652,103573,103652,79
walking,103677,103652,103677,25
hunching,103678,103677,103678,1
sniffing,103834,103678,103834,156
rising,103946,103834,103946,112
right_turning,103947,103946,103947,1
walking,104010,103947,104010,63
rising,104013,104010,104013,3
walking,104061,104013,104061,48
rising,104077,104061,104077,16
climbing,104170,104077,104170,93
grooming,104506,104170,104506,336
right_turning,104530,104506,104530,24
sniffing,104729,104530,104729,199
pausing,105013,104729,105013,284
sniffing,105048,105013,105048,35
right_turning,105081,105048,105081,33
sniffing,105202,105081,105202,121
climbing,105250,105202,105250,48
grooming,105380,105250,105380,130
climbing,105417,105380,105417,37
grooming,105418,105417,105418,1
sniffing,105480,105418,105480,62
pausing,105731,105480,105731,251
sniffing,105777,105731,105777,46
rising,105811,105777,105811,34
walking,105866,105811,105866,55
climbing,105998,105866,105998,132
rising,106070,105998,106070,72
climbing,106327,106070,106327,257
rearing,106328,106327,106328,1
walking,106329,106328,106329,1
stepping,106365,106329,106365,36
rising,106414,106365,106414,49
climbing,106450,106414,106450,36
hunching,106470,106450,106470,20
sniffing,106491,106470,106491,21
climbing,106534,106491,106534,43
rising,106561,106534,106561,27
walking,106562,106561,106562,1
running,106580,106562,106580,18
rising,106581,106580,106581,1
sniffing,106732,106581,106732,151
stepping,106770,106732,106770,38
sniffing,107055,106770,107055,285
rising,107173,107055,107173,118
sniffing,107174,107173,107174,1
rising,107205,107174,107205,31
rearing,107295,107205,107295,90
stepping,107370,107295,107370,75
walking,107371,107370,107371,1
sniffing,107487,107371,107487,116
rising,107503,107487,107503,16
climbing,107504,107503,107504,1
sniffing,107505,107504,107505,1
walking,107567,107505,107567,62
rising,107644,107567,107644,77
climbing,107662,107644,107662,18
sniffing,107705,107662,107705,43
walking,107706,107705,107706,1
sniffing,107724,107706,107724,18
hunching,107740,107724,107740,16
grooming,108000,107740,108000,260
