revised_movement_label,segBoundary,segBoundary_start,segBoundary_end,length
sniffing,113,0,113,113
trotting,141,113,141,28
left_turning,142,141,142,1
walking,143,142,143,1
sniffing,184,143,184,41
rearing,241,184,241,57
hunching,269,241,269,28
trotting,298,269,298,29
walking,335,298,335,37
climbing,351,335,351,16
sniffing,352,351,352,1
left_turning,353,352,353,1
walking,449,353,449,96
sniffing,450,449,450,1
climbing,467,450,467,17
walking,497,467,497,30
rising,517,497,517,20
climbing,522,517,522,5
sniffing,523,522,523,1
walking,585,523,585,62
sniffing,586,585,586,1
rising,605,586,605,19
climbing,629,605,629,24
sniffing,630,629,630,1
climbing,633,630,633,3
sniffing,693,633,693,60
walking,804,693,804,111
left_turning,823,804,823,19
walking,834,823,834,11
climbing,855,834,855,21
stepping,927,855,927,72
left_turning,928,927,928,1
running,969,928,969,41
stepping,990,969,990,21
sniffing,1072,990,1072,82
rising,1073,1072,1073,1
sniffing,1074,1073,1074,1
rising,1104,1074,1104,30
climbing,1159,1104,1159,55
trotting,1198,1159,1198,39
sniffing,1265,1198,1265,67
climbing,1295,1265,1295,30
rising,1362,1295,1362,67
climbing,1378,1362,1378,16
hunching,1422,1378,1422,44
climbing,1463,1422,1463,41
right_turning,1483,1463,1483,20
walking,1510,1483,1510,27
climbing,1531,1510,1531,21
rising,1609,1531,1609,78
climbing,1668,1609,1668,59
rising,1742,1668,1742,74
climbing,1761,1742,1761,19
stepping,1775,1761,1775,14
sniffing,1811,1775,1811,36
hunching,1857,1811,1857,46
sniffing,1958,1857,1958,101
walking,2011,1958,2011,53
rearing,2104,2011,2104,93
left_turning,2149,2104,2149,45
walking,2200,2149,2200,51
rising,2201,2200,2201,1
sniffing,2270,2201,2270,69
right_turning,2313,2270,2313,43
sniffing,2378,2313,2378,65
right_turning,2424,2378,2424,46
walking,2425,2424,2425,1
sniffing,2463,2425,2463,38
pausing,3188,2463,3188,725
sniffing,3396,3188,3396,208
rising,3397,3396,3397,1
left_turning,3490,3397,3490,93
walking,3549,3490,3549,59
rising,3556,3549,3556,7
climbing,3575,3556,3575,19
sniffing,3595,3575,3595,20
rising,3625,3595,3625,30
climbing,3648,3625,3648,23
rising,3649,3648,3649,1
climbing,3695,3649,3695,46
sniffing,3699,3695,3699,4
trotting,3728,3699,3728,29
running,3760,3728,3760,32
sniffing,3763,3760,3763,3
left_turning,3831,3763,3831,68
sniffing,3852,3831,3852,21
climbing,3934,3852,3934,82
rearing,3963,3934,3963,29
left_turning,4004,3963,4004,41
walking,4005,4004,4005,1
right_turning,4006,4005,4006,1
rising,4041,4006,4041,35
sniffing,4069,4041,4069,28
trotting,4109,4069,4109,40
walking,4179,4109,4179,70
sniffing,4213,4179,4213,34
walking,4259,4213,4259,46
rearing,4309,4259,4309,50
rising,4335,4309,4335,26
walking,4388,4335,4388,53
rising,4420,4388,4420,32
sniffing,4504,4420,4504,84
trotting,4526,4504,4526,22
walking,4600,4526,4600,74
sniffing,4617,4600,4617,17
walking,4709,4617,4709,92
sniffing,4812,4709,4812,103
rising,4843,4812,4843,31
climbing,4895,4843,4895,52
sniffing,4921,4895,4921,26
walking,4968,4921,4968,47
sniffing,5222,4968,5222,254
climbing,5239,5222,5239,17
walking,5257,5239,5257,18
rising,5333,5257,5333,76
climbing,5348,5333,5348,15
walking,5400,5348,5400,52
sniffing,5428,5400,5428,28
walking,5440,5428,5440,12
sniffing,5608,5440,5608,168
climbing,5657,5608,5657,49
sniffing,5682,5657,5682,25
rising,5707,5682,5707,25
right_turning,5777,5707,5777,70
stepping,5802,5777,5802,25
trotting,5803,5802,5803,1
sniffing,5851,5803,5851,48
climbing,5874,5851,5874,23
right_turning,5917,5874,5917,43
left_turning,5938,5917,5938,21
sniffing,5950,5938,5950,12
rising,5979,5950,5979,29
walking,6005,5979,6005,26
climbing,6075,6005,6075,70
walking,6177,6075,6177,102
sniffing,6226,6177,6226,49
walking,6282,6226,6282,56
running,6300,6282,6300,18
sniffing,6301,6300,6301,1
left_turning,6302,6301,6302,1
stepping,6366,6302,6366,64
sniffing,6510,6366,6510,144
trotting,6528,6510,6528,18
sniffing,6651,6528,6651,123
left_turning,6661,6651,6661,10
walking,6665,6661,6665,4
sniffing,6701,6665,6701,36
walking,6786,6701,6786,85
climbing,6848,6786,6848,62
walking,6938,6848,6938,90
rising,6954,6938,6954,16
grooming,7075,6954,7075,121
right_turning,7081,7075,7081,6
trotting,7095,7081,7095,14
walking,7156,7095,7156,61
rising,7190,7156,7190,34
sniffing,7206,7190,7206,16
rising,7237,7206,7237,31
climbing,7252,7237,7252,15
sniffing,7314,7252,7314,62
rising,7356,7314,7356,42
sniffing,7441,7356,7441,85
left_turning,7562,7441,7562,121
walking,7563,7562,7563,1
running,7602,7563,7602,39
walking,7664,7602,7664,62
climbing,7702,7664,7702,38
right_turning,7733,7702,7733,31
walking,7779,7733,7779,46
running,7794,7779,7794,15
sniffing,7850,7794,7850,56
walking,8056,7850,8056,206
sniffing,8079,8056,8079,23
walking,8133,8079,8133,54
climbing,8199,8133,8199,66
rising,8230,8199,8230,31
trotting,8256,8230,8256,26
running,8276,8256,8276,20
walking,8321,8276,8321,45
trotting,8351,8321,8351,30
walking,8427,8351,8427,76
sniffing,8595,8427,8595,168
left_turning,8626,8595,8626,31
climbing,8664,8626,8664,38
sniffing,8687,8664,8687,23
walking,8695,8687,8695,8
rising,8757,8695,8757,62
trotting,8771,8757,8771,14
sniffing,8919,8771,8919,148
rising,8920,8919,8920,1
climbing,8972,8920,8972,52
trotting,9038,8972,9038,66
sniffing,9133,9038,9133,95
left_turning,9157,9133,9157,24
sniffing,9201,9157,9201,44
climbing,9202,9201,9202,1
hunching,9228,9202,9228,26
left_turning,9259,9228,9259,31
sniffing,9324,9259,9324,65
climbing,9424,9324,9424,100
sniffing,9484,9424,9484,60
rising,9530,9484,9530,46
sniffing,9608,9530,9608,78
left_turning,9702,9608,9702,94
climbing,9703,9702,9703,1
grooming,9978,9703,9978,275
sniffing,9979,9978,9979,1
walking,10002,9979,10002,23
sniffing,10014,10002,10014,12
climbing,10016,10014,10016,2
grooming,10049,10016,10049,33
hunching,10050,10049,10050,1
climbing,10093,10050,10093,43
rising,10158,10093,10158,65
sniffing,10159,10158,10159,1
walking,10179,10159,10179,20
sniffing,10272,10179,10272,93
climbing,10342,10272,10342,70
rising,10343,10342,10343,1
climbing,10388,10343,10388,45
sniffing,10528,10388,10528,140
climbing,10578,10528,10578,50
sniffing,10680,10578,10680,102
rising,10681,10680,10681,1
hunching,10745,10681,10745,64
climbing,10746,10745,10746,1
rising,10801,10746,10801,55
climbing,10881,10801,10881,80
trotting,10930,10881,10930,49
sniffing,11079,10930,11079,149
climbing,11139,11079,11139,60
rearing,11250,11139,11250,111
rising,11292,11250,11292,42
climbing,11397,11292,11397,105
left_turning,11430,11397,11430,33
walking,11549,11430,11549,119
rising,11565,11549,11565,16
climbing,11603,11565,11603,38
rearing,11633,11603,11633,30
grooming,11635,11633,11635,2
walking,11636,11635,11636,1
right_turning,11676,11636,11676,40
sniffing,11771,11676,11771,95
right_turning,11803,11771,11803,32
rising,11870,11803,11870,67
rearing,11947,11870,11947,77
sniffing,11948,11947,11948,1
grooming,12146,11948,12146,198
sniffing,12147,12146,12147,1
hunching,12219,12147,12219,72
climbing,12347,12219,12347,128
walking,12348,12347,12348,1
sniffing,12441,12348,12441,93
left_turning,12482,12441,12482,41
walking,12516,12482,12516,34
trotting,12517,12516,12517,1
stepping,12539,12517,12539,22
running,12547,12539,12547,8
rising,12591,12547,12591,44
climbing,12635,12591,12635,44
left_turning,12653,12635,12653,18
sniffing,12828,12653,12828,175
walking,12829,12828,12829,1
left_turning,12846,12829,12846,17
climbing,12897,12846,12897,51
rising,12917,12897,12917,20
sniffing,12918,12917,12918,1
climbing,12919,12918,12919,1
left_turning,12948,12919,12948,29
walking,13072,12948,13072,124
sniffing,13165,13072,13165,93
walking,13193,13165,13193,28
sniffing,13218,13193,13218,25
walking,13246,13218,13246,28
stepping,13260,13246,13260,14
walking,13317,13260,13317,57
sniffing,13327,13317,13327,10
hunching,13342,13327,13342,15
climbing,13401,13342,13401,59
trotting,13466,13401,13466,65
walking,13490,13466,13490,24
sniffing,13555,13490,13555,65
rising,13590,13555,13590,35
climbing,13695,13590,13695,105
sniffing,13768,13695,13768,73
left_turning,13800,13768,13800,32
rising,13835,13800,13835,35
climbing,13889,13835,13889,54
sniffing,13967,13889,13967,78
rising,13968,13967,13968,1
sniffing,14062,13968,14062,94
rising,14090,14062,14090,28
climbing,14146,14090,14146,56
sniffing,14185,14146,14185,39
rising,14262,14185,14262,77
sniffing,14271,14262,14271,9
walking,14312,14271,14312,41
sniffing,14346,14312,14346,34
climbing,14450,14346,14450,104
walking,14451,14450,14451,1
sniffing,14463,14451,14463,12
left_turning,14480,14463,14480,17
walking,14496,14480,14496,16
sniffing,14583,14496,14583,87
rearing,14634,14583,14634,51
sniffing,14635,14634,14635,1
climbing,14760,14635,14760,125
left_turning,14789,14760,14789,29
trotting,14803,14789,14803,14
walking,14804,14803,14804,1
sniffing,14889,14804,14889,85
walking,15007,14889,15007,118
rising,15054,15007,15054,47
climbing,15152,15054,15152,98
running,15191,15152,15191,39
stepping,15251,15191,15251,60
walking,15261,15251,15261,10
running,15262,15261,15262,1
walking,15263,15262,15263,1
sniffing,15282,15263,15282,19
trotting,15363,15282,15363,81
left_turning,15434,15363,15434,71
running,15448,15434,15448,14
sniffing,15527,15448,15527,79
walking,15528,15527,15528,1
stepping,15574,15528,15574,46
walking,15687,15574,15687,113
sniffing,15794,15687,15794,107
walking,15795,15794,15795,1
sniffing,15818,15795,15818,23
climbing,15874,15818,15874,56
sniffing,16014,15874,16014,140
left_turning,16061,16014,16061,47
walking,16122,16061,16122,61
stepping,16197,16122,16197,75
climbing,16318,16197,16318,121
rearing,16352,16318,16352,34
sniffing,16353,16352,16353,1
walking,16354,16353,16354,1
climbing,16367,16354,16367,13
rising,16436,16367,16436,69
climbing,16465,16436,16465,29
right_turning,16472,16465,16472,7
walking,16578,16472,16578,106
sniffing,16611,16578,16611,33
left_turning,16612,16611,16612,1
sniffing,16689,16612,16689,77
rising,16718,16689,16718,29
walking,16846,16718,16846,128
stepping,16906,16846,16906,60
rising,16935,16906,16935,29
climbing,16936,16935,16936,1
walking,16937,16936,16937,1
rising,16938,16937,16938,1
walking,16964,16938,16964,26
running,16973,16964,16973,9
rising,17017,16973,17017,44
climbing,17062,17017,17062,45
rising,17063,17062,17063,1
sniffing,17163,17063,17163,100
walking,17230,17163,17230,67
rearing,17398,17230,17398,168
sniffing,17399,17398,17399,1
walking,17476,17399,17476,77
sniffing,17584,17476,17584,108
climbing,17604,17584,17604,20
sniffing,17658,17604,17658,54
left_turning,17689,17658,17689,31
walking,17690,17689,17690,1
trotting,17691,17690,17691,1
walking,17699,17691,17699,8
left_turning,17700,17699,17700,1
trotting,17734,17700,17734,34
rising,17776,17734,17776,42
sniffing,17797,17776,17797,21
trotting,17798,17797,17798,1
walking,17799,17798,17799,1
sniffing,17804,17799,17804,5
walking,17843,17804,17843,39
right_turning,17887,17843,17887,44
stepping,17923,17887,17923,36
sniffing,17962,17923,17962,39
left_turning,17973,17962,17973,11
walking,17989,17973,17989,16
sniffing,18073,17989,18073,84
climbing,18076,18073,18076,3
right_turning,18077,18076,18077,1
walking,18115,18077,18115,38
climbing,18177,18115,18177,62
rising,18178,18177,18178,1
sniffing,18179,18178,18179,1
walking,18240,18179,18240,61
climbing,18342,18240,18342,102
walking,18411,18342,18411,69
sniffing,18454,18411,18454,43
hunching,18483,18454,18483,29
sniffing,18513,18483,18513,30
walking,18573,18513,18573,60
rising,18617,18573,18617,44
rearing,18618,18617,18618,1
sniffing,18628,18618,18628,10
trotting,18691,18628,18691,63
sniffing,18749,18691,18749,58
climbing,18791,18749,18791,42
sniffing,18792,18791,18792,1
climbing,18806,18792,18806,14
rising,18838,18806,18838,32
grooming,18879,18838,18879,41
rearing,18895,18879,18895,16
rising,19012,18895,19012,117
climbing,19028,19012,19028,16
rising,19061,19028,19061,33
climbing,19113,19061,19113,52
rearing,19114,19113,19114,1
walking,19173,19114,19173,59
left_turning,19185,19173,19185,12
rearing,19413,19185,19413,228
sniffing,19451,19413,19451,38
left_turning,19467,19451,19467,16
climbing,19496,19467,19496,29
sniffing,19556,19496,19556,60
climbing,19660,19556,19660,104
rising,19678,19660,19678,18
left_turning,19711,19678,19711,33
walking,19780,19711,19780,69
trotting,19810,19780,19810,30
walking,19811,19810,19811,1
right_turning,19819,19811,19819,8
rising,19820,19819,19820,1
rearing,19899,19820,19899,79
rising,19933,19899,19933,34
right_turning,19966,19933,19966,33
walking,20057,19966,20057,91
sniffing,20207,20057,20207,150
rising,20216,20207,20216,9
trotting,20217,20216,20217,1
walking,20279,20217,20279,62
rising,20323,20279,20323,44
climbing,20369,20323,20369,46
left_turning,20451,20369,20451,82
running,20469,20451,20469,18
walking,20489,20469,20489,20
right_turning,20490,20489,20490,1
sniffing,20541,20490,20541,51
rising,20551,20541,20551,10
sniffing,20760,20551,20760,209
walking,20775,20760,20775,15
sniffing,20876,20775,20876,101
left_turning,20891,20876,20891,15
trotting,20934,20891,20934,43
left_turning,20965,20934,20965,31
sniffing,20997,20965,20997,32
rising,20998,20997,20998,1
climbing,21062,20998,21062,64
right_turning,21116,21062,21116,54
sniffing,21117,21116,21117,1
left_turning,21124,21117,21124,7
walking,21142,21124,21142,18
climbing,21178,21142,21178,36
rearing,21179,21178,21179,1
walking,21251,21179,21251,72
climbing,21349,21251,21349,98
sniffing,21350,21349,21350,1
climbing,21356,21350,21356,6
sniffing,21392,21356,21392,36
rising,21447,21392,21447,55
sniffing,21457,21447,21457,10
right_turning,21521,21457,21521,64
walking,21585,21521,21585,64
sniffing,21617,21585,21617,32
hunching,21664,21617,21664,47
right_turning,21665,21664,21665,1
walking,21739,21665,21739,74
sniffing,21858,21739,21858,119
stepping,21897,21858,21897,39
sniffing,21989,21897,21989,92
walking,22076,21989,22076,87
climbing,22145,22076,22145,69
trotting,22171,22145,22171,26
running,22199,22171,22199,28
sniffing,22215,22199,22215,16
trotting,22261,22215,22261,46
rising,22262,22261,22262,1
climbing,22313,22262,22313,51
stepping,22371,22313,22371,58
sniffing,22475,22371,22475,104
climbing,22483,22475,22483,8
rising,22498,22483,22498,15
sniffing,22676,22498,22676,178
walking,22681,22676,22681,5
rising,22701,22681,22701,20
sniffing,22706,22701,22706,5
climbing,22828,22706,22828,122
hunching,22858,22828,22858,30
walking,22895,22858,22895,37
rising,22896,22895,22896,1
left_turning,22945,22896,22945,49
walking,22996,22945,22996,51
climbing,23000,22996,23000,4
sniffing,23110,23000,23110,110
left_turning,23111,23110,23111,1
sniffing,23112,23111,23112,1
left_turning,23156,23112,23156,44
sniffing,23229,23156,23229,73
rising,23232,23229,23232,3
sniffing,23233,23232,23233,1
left_turning,23263,23233,23263,30
walking,23268,23263,23268,5
sniffing,23393,23268,23393,125
rising,23435,23393,23435,42
climbing,23549,23435,23549,114
right_turning,23581,23549,23581,32
sniffing,23602,23581,23602,21
rising,23704,23602,23704,102
climbing,23795,23704,23795,91
grooming,23895,23795,23895,100
rearing,23936,23895,23936,41
walking,23971,23936,23971,35
sniffing,24018,23971,24018,47
climbing,24076,24018,24076,58
rearing,24077,24076,24077,1
right_turning,24102,24077,24102,25
left_turning,24155,24102,24155,53
rising,24166,24155,24166,11
sniffing,24257,24166,24257,91
rising,24333,24257,24333,76
sniffing,24334,24333,24334,1
rising,24340,24334,24340,6
climbing,24405,24340,24405,65
running,24444,24405,24444,39
sniffing,24461,24444,24461,17
climbing,24492,24461,24492,31
stepping,24506,24492,24506,14
left_turning,24527,24506,24527,21
walking,24543,24527,24543,16
climbing,24563,24543,24563,20
right_turning,24598,24563,24598,35
rising,24605,24598,24605,7
sniffing,24700,24605,24700,95
walking,24808,24700,24808,108
rising,24827,24808,24827,19
climbing,24849,24827,24849,22
right_turning,24925,24849,24925,76
trotting,24969,24925,24969,44
rising,24970,24969,24970,1
sniffing,24981,24970,24981,11
walking,24982,24981,24982,1
sniffing,25004,24982,25004,22
walking,25013,25004,25013,9
stepping,25075,25013,25075,62
sniffing,25076,25075,25076,1
climbing,25156,25076,25156,80
sniffing,25335,25156,25335,179
left_turning,25376,25335,25376,41
running,25395,25376,25395,19
right_turning,25396,25395,25396,1
walking,25471,25396,25471,75
left_turning,25502,25471,25502,31
trotting,25533,25502,25533,31
walking,25599,25533,25599,66
rising,25605,25599,25605,6
sniffing,25625,25605,25625,20
rearing,25639,25625,25639,14
sniffing,25694,25639,25694,55
climbing,25788,25694,25788,94
rising,25812,25788,25812,24
right_turning,25813,25812,25813,1
sniffing,25940,25813,25940,127
rising,25970,25940,25970,30
climbing,25971,25970,25971,1
trotting,26032,25971,26032,61
sniffing,26103,26032,26103,71
trotting,26161,26103,26161,58
rising,26162,26161,26162,1
right_turning,26215,26162,26215,53
sniffing,26216,26215,26216,1
climbing,26245,26216,26245,29
left_turning,26275,26245,26275,30
rearing,26276,26275,26276,1
rising,26288,26276,26288,12
walking,26348,26288,26348,60
left_turning,26397,26348,26397,49
walking,26426,26397,26426,29
trotting,26460,26426,26460,34
walking,26577,26460,26577,117
rising,26590,26577,26590,13
climbing,26670,26590,26670,80
rearing,26753,26670,26753,83
sniffing,26857,26753,26857,104
walking,26858,26857,26858,1
rising,26896,26858,26896,38
climbing,26968,26896,26968,72
sniffing,27050,26968,27050,82
right_turning,27092,27050,27092,42
walking,27093,27092,27093,1
trotting,27125,27093,27125,32
walking,27126,27125,27126,1
left_turning,27164,27126,27164,38
sniffing,27346,27164,27346,182
climbing,27428,27346,27428,82
walking,27448,27428,27448,20
left_turning,27449,27448,27449,1
walking,27478,27449,27478,29
sniffing,27566,27478,27566,88
rising,27615,27566,27615,49
right_turning,27712,27615,27712,97
stepping,27713,27712,27713,1
walking,27741,27713,27741,28
trotting,27769,27741,27769,28
left_turning,27790,27769,27790,21
rising,27798,27790,27798,8
running,27799,27798,27799,1
jumping,27833,27799,27833,34
hunching,27918,27833,27918,85
walking,27964,27918,27964,46
sniffing,28087,27964,28087,123
walking,28149,28087,28149,62
trotting,28197,28149,28197,48
sniffing,28353,28197,28353,156
rising,28389,28353,28389,36
left_turning,28430,28389,28430,41
running,28475,28430,28475,45
walking,28476,28475,28476,1
sniffing,28481,28476,28481,5
grooming,28482,28481,28482,1
sniffing,28560,28482,28560,78
grooming,28784,28560,28784,224
rising,28825,28784,28825,41
right_turning,28855,28825,28855,30
running,28881,28855,28881,26
rising,28918,28881,28918,37
sniffing,28948,28918,28948,30
left_turning,29023,28948,29023,75
sniffing,29126,29023,29126,103
left_turning,29137,29126,29137,11
walking,29146,29137,29146,9
sniffing,29322,29146,29322,176
rising,29340,29322,29340,18
sniffing,29350,29340,29350,10
walking,29458,29350,29458,108
climbing,29536,29458,29536,78
sniffing,29572,29536,29572,36
rising,29607,29572,29607,35
left_turning,29613,29607,29613,6
sniffing,29669,29613,29669,56
walking,29703,29669,29703,34
left_turning,29712,29703,29712,9
walking,29741,29712,29741,29
rearing,29864,29741,29864,123
left_turning,29869,29864,29869,5
trotting,29920,29869,29920,51
sniffing,29981,29920,29981,61
rising,30017,29981,30017,36
left_turning,30060,30017,30060,43
sniffing,30063,30060,30063,3
rising,30117,30063,30117,54
running,30141,30117,30141,24
walking,30164,30141,30164,23
sniffing,30263,30164,30263,99
hunching,30264,30263,30264,1
grooming,30306,30264,30306,42
rearing,30307,30306,30307,1
running,30341,30307,30341,34
stepping,30375,30341,30375,34
sniffing,30431,30375,30431,56
rising,30458,30431,30458,27
sniffing,30510,30458,30510,52
walking,30616,30510,30616,106
sniffing,30618,30616,30618,2
rising,30710,30618,30710,92
trotting,30725,30710,30725,15
stepping,30746,30725,30746,21
walking,30815,30746,30815,69
left_turning,30834,30815,30834,19
rising,30865,30834,30865,31
walking,30881,30865,30881,16
sniffing,30905,30881,30905,24
trotting,30948,30905,30948,43
rising,31011,30948,31011,63
stepping,31049,31011,31049,38
rearing,31061,31049,31061,12
grooming,31157,31061,31157,96
trotting,31190,31157,31190,33
rising,31191,31190,31191,1
sniffing,31276,31191,31276,85
grooming,31277,31276,31277,1
sniffing,31278,31277,31278,1
rising,31303,31278,31303,25
climbing,31350,31303,31350,47
sniffing,31351,31350,31351,1
walking,31352,31351,31352,1
sniffing,31398,31352,31398,46
walking,31401,31398,31401,3
rising,31420,31401,31420,19
climbing,31421,31420,31421,1
right_turning,31477,31421,31477,56
left_turning,31538,31477,31538,61
sniffing,31586,31538,31586,48
climbing,31621,31586,31621,35
rising,31654,31621,31654,33
climbing,31729,31654,31729,75
rearing,31885,31729,31885,156
walking,31913,31885,31913,28
right_turning,31914,31913,31914,1
walking,31959,31914,31959,45
trotting,31960,31959,31960,1
rising,31968,31960,31968,8
right_turning,32017,31968,32017,49
walking,32056,32017,32056,39
rising,32078,32056,32078,22
climbing,32110,32078,32110,32
sniffing,32133,32110,32133,23
rising,32156,32133,32156,23
running,32189,32156,32189,33
rising,32190,32189,32190,1
walking,32244,32190,32244,54
sniffing,32347,32244,32347,103
walking,32386,32347,32386,39
sniffing,32522,32386,32522,136
walking,32580,32522,32580,58
sniffing,32581,32580,32581,1
walking,32625,32581,32625,44
stepping,32646,32625,32646,21
hunching,32657,32646,32657,11
rising,32745,32657,32745,88
sniffing,32746,32745,32746,1
stepping,32811,32746,32811,65
sniffing,32844,32811,32844,33
climbing,32845,32844,32845,1
right_turning,32869,32845,32869,24
trotting,32883,32869,32883,14
climbing,32965,32883,32965,82
sniffing,32966,32965,32966,1
climbing,32999,32966,32999,33
hunching,33000,32999,33000,1
climbing,33014,33000,33014,14
rising,33049,33014,33049,35
walking,33094,33049,33094,45
sniffing,33270,33094,33270,176
trotting,33286,33270,33286,16
walking,33377,33286,33377,91
sniffing,33378,33377,33378,1
walking,33390,33378,33390,12
left_turning,33405,33390,33405,15
walking,33415,33405,33415,10
rising,33422,33415,33422,7
climbing,33464,33422,33464,42
sniffing,33625,33464,33625,161
hunching,33672,33625,33672,47
walking,33725,33672,33725,53
trotting,33744,33725,33744,19
sniffing,33797,33744,33797,53
left_turning,33798,33797,33798,1
walking,33829,33798,33829,31
rising,33830,33829,33830,1
rearing,33831,33830,33831,1
left_turning,33890,33831,33890,59
sniffing,33935,33890,33935,45
right_turning,33968,33935,33968,33
sniffing,34176,33968,34176,208
walking,34254,34176,34254,78
climbing,34269,34254,34269,15
rising,34320,34269,34320,51
walking,34325,34320,34325,5
climbing,34346,34325,34346,21
trotting,34399,34346,34399,53
sniffing,34400,34399,34400,1
rising,34457,34400,34457,57
climbing,34508,34457,34508,51
rising,34518,34508,34518,10
left_turning,34540,34518,34540,22
walking,34554,34540,34554,14
rising,34604,34554,34604,50
trotting,34627,34604,34627,23
sniffing,34628,34627,34628,1
climbing,34658,34628,34658,30
left_turning,34673,34658,34673,15
running,34682,34673,34682,9
walking,34683,34682,34683,1
left_turning,34730,34683,34730,47
trotting,34822,34730,34822,92
walking,34855,34822,34855,33
sniffing,35000,34855,35000,145
walking,35001,35000,35001,1
running,35035,35001,35035,34
sniffing,35097,35035,35097,62
right_turning,35156,35097,35156,59
trotting,35157,35156,35157,1
stepping,35195,35157,35195,38
left_turning,35256,35195,35256,61
walking,35313,35256,35313,57
sniffing,35314,35313,35314,1
rising,35332,35314,35332,18
climbing,35421,35332,35421,89
walking,35453,35421,35453,32
right_turning,35495,35453,35495,42
sniffing,35506,35495,35506,11
left_turning,35560,35506,35560,54
sniffing,35610,35560,35610,50
walking,35681,35610,35681,71
sniffing,35682,35681,35682,1
walking,35683,35682,35683,1
left_turning,35706,35683,35706,23
walking,35761,35706,35761,55
sniffing,35818,35761,35818,57
rearing,35825,35818,35825,7
climbing,35944,35825,35944,119
rising,35945,35944,35945,1
climbing,36035,35945,36035,90
rearing,36094,36035,36094,59
climbing,36175,36094,36175,81
sniffing,36256,36175,36256,81
walking,36314,36256,36314,58
hunching,36398,36314,36398,84
right_turning,36427,36398,36427,29
walking,36480,36427,36480,53
stepping,36481,36480,36481,1
sniffing,36482,36481,36482,1
climbing,36512,36482,36512,30
running,36513,36512,36513,1
walking,36559,36513,36559,46
rising,36656,36559,36656,97
walking,36700,36656,36700,44
sniffing,36786,36700,36786,86
rearing,36818,36786,36818,32
sniffing,36836,36818,36836,18
rearing,36846,36836,36846,10
grooming,36913,36846,36913,67
climbing,36914,36913,36914,1
hunching,36990,36914,36990,76
grooming,36991,36990,36991,1
rearing,37022,36991,37022,31
sniffing,37199,37022,37199,177
climbing,37270,37199,37270,71
stepping,37309,37270,37309,39
walking,37310,37309,37310,1
rising,37317,37310,37317,7
right_turning,37358,37317,37358,41
running,37387,37358,37387,29
walking,37406,37387,37406,19
left_turning,37453,37406,37453,47
trotting,37472,37453,37472,19
sniffing,37473,37472,37473,1
stepping,37474,37473,37474,1
sniffing,37531,37474,37531,57
climbing,37541,37531,37541,10
rising,37573,37541,37573,32
sniffing,37698,37573,37698,125
left_turning,37721,37698,37721,23
trotting,37757,37721,37757,36
rising,37840,37757,37840,83
right_turning,37842,37840,37842,2
rearing,37949,37842,37949,107
climbing,37984,37949,37984,35
sniffing,38069,37984,38069,85
pausing,38233,38069,38233,164
sniffing,38261,38233,38261,28
right_turning,38296,38261,38296,35
walking,38326,38296,38326,30
sniffing,38422,38326,38422,96
walking,38486,38422,38486,64
climbing,38557,38486,38557,71
sniffing,38601,38557,38601,44
walking,38645,38601,38645,44
sniffing,38691,38645,38691,46
walking,38716,38691,38716,25
sniffing,38747,38716,38747,31
rearing,38822,38747,38822,75
sniffing,38831,38822,38831,9
right_turning,38874,38831,38874,43
rearing,38875,38874,38875,1
sniffing,38936,38875,38936,61
rising,38937,38936,38937,1
sniffing,38965,38937,38965,28
walking,39027,38965,39027,62
sniffing,39154,39027,39154,127
trotting,39198,39154,39198,44
walking,39199,39198,39199,1
sniffing,39411,39199,39411,212
walking,39416,39411,39416,5
climbing,39417,39416,39417,1
walking,39495,39417,39495,78
left_turning,39546,39495,39546,51
sniffing,39656,39546,39656,110
rearing,39734,39656,39734,78
grooming,39910,39734,39910,176
hunching,39934,39910,39934,24
sniffing,40208,39934,40208,274
climbing,40251,40208,40251,43
trotting,40293,40251,40293,42
sniffing,40349,40293,40349,56
left_turning,40405,40349,40405,56
sniffing,40471,40405,40471,66
rising,40490,40471,40490,19
sniffing,40491,40490,40491,1
climbing,40618,40491,40618,127
sniffing,40658,40618,40658,40
climbing,40659,40658,40659,1
rising,40679,40659,40679,20
walking,40773,40679,40773,94
left_turning,40774,40773,40774,1
sniffing,40775,40774,40775,1
rising,40908,40775,40908,133
climbing,40967,40908,40967,59
rising,40972,40967,40972,5
climbing,41073,40972,41073,101
rising,41117,41073,41117,44
climbing,41180,41117,41180,63
hunching,41225,41180,41225,45
grooming,41371,41225,41371,146
sniffing,41397,41371,41397,26
walking,41420,41397,41420,23
rising,41487,41420,41487,67
stepping,41529,41487,41529,42
sniffing,41618,41529,41618,89
climbing,41670,41618,41670,52
rising,41731,41670,41731,61
hunching,41748,41731,41748,17
grooming,41769,41748,41769,21
rising,41776,41769,41776,7
sniffing,41885,41776,41885,109
rearing,41960,41885,41960,75
rising,41962,41960,41962,2
right_turning,41991,41962,41991,29
sniffing,41992,41991,41992,1
rising,42031,41992,42031,39
sniffing,42083,42031,42083,52
rearing,42118,42083,42118,35
climbing,42168,42118,42168,50
walking,42218,42168,42218,50
climbing,42279,42218,42279,61
rising,42281,42279,42281,2
climbing,42367,42281,42367,86
grooming,42489,42367,42489,122
sniffing,42625,42489,42625,136
rising,42645,42625,42645,20
climbing,42672,42645,42672,27
rising,42757,42672,42757,85
walking,42801,42757,42801,44
right_turning,42848,42801,42848,47
climbing,42908,42848,42908,60
rising,42946,42908,42946,38
sniffing,42988,42946,42988,42
rising,43041,42988,43041,53
sniffing,43115,43041,43115,74
rising,43143,43115,43143,28
climbing,43234,43143,43234,91
sniffing,43235,43234,43235,1
walking,43314,43235,43314,79
sniffing,43315,43314,43315,1
grooming,43364,43315,43364,49
rearing,43441,43364,43441,77
grooming,43487,43441,43487,46
rearing,43507,43487,43507,20
jumping,43572,43507,43572,65
rearing,43655,43572,43655,83
rising,43656,43655,43656,1
hunching,43686,43656,43686,30
left_turning,43706,43686,43706,20
walking,43768,43706,43768,62
stepping,43783,43768,43783,15
walking,43848,43783,43848,65
sniffing,43869,43848,43869,21
trotting,43871,43869,43871,2
sniffing,43908,43871,43908,37
stepping,43920,43908,43920,12
sniffing,43941,43920,43941,21
pausing,44087,43941,44087,146
sniffing,44170,44087,44170,83
grooming,44206,44170,44206,36
sniffing,44314,44206,44314,108
right_turning,44348,44314,44348,34
walking,44353,44348,44353,5
sniffing,44420,44353,44420,67
left_turning,44503,44420,44503,83
sniffing,44511,44503,44511,8
right_turning,44541,44511,44541,30
sniffing,44637,44541,44637,96
left_turning,44735,44637,44735,98
trotting,44746,44735,44746,11
climbing,44790,44746,44790,44
right_turning,44823,44790,44823,33
sniffing,44968,44823,44968,145
rising,44981,44968,44981,13
rearing,45038,44981,45038,57
climbing,45068,45038,45068,30
right_turning,45107,45068,45107,39
climbing,45108,45107,45108,1
rising,45165,45108,45165,57
rearing,45186,45165,45186,21
jumping,45338,45186,45338,152
rising,45391,45338,45391,53
sniffing,45443,45391,45443,52
walking,45478,45443,45478,35
sniffing,45568,45478,45568,90
rising,45621,45568,45621,53
left_turning,45631,45621,45631,10
rising,45651,45631,45651,20
rearing,45652,45651,45652,1
rising,45675,45652,45675,23
climbing,45772,45675,45772,97
rising,45820,45772,45820,48
sniffing,45854,45820,45854,34
stepping,45959,45854,45959,105
sniffing,46057,45959,46057,98
running,46060,46057,46060,3
rising,46079,46060,46079,19
climbing,46246,46079,46246,167
left_turning,46318,46246,46318,72
sniffing,46383,46318,46383,65
rising,46385,46383,46385,2
left_turning,46403,46385,46403,18
sniffing,46419,46403,46419,16
rising,46450,46419,46450,31
stepping,46534,46450,46534,84
sniffing,46535,46534,46535,1
rearing,46593,46535,46593,58
climbing,46626,46593,46626,33
rising,46650,46626,46650,24
trotting,46660,46650,46660,10
rising,46693,46660,46693,33
hunching,46813,46693,46813,120
walking,46814,46813,46814,1
climbing,46873,46814,46873,59
rearing,46874,46873,46874,1
climbing,46914,46874,46914,40
hunching,46915,46914,46915,1
sniffing,46916,46915,46916,1
climbing,46950,46916,46950,34
trotting,46979,46950,46979,29
sniffing,47076,46979,47076,97
rising,47085,47076,47085,9
sniffing,47226,47085,47226,141
pausing,47347,47226,47347,121
sniffing,47366,47347,47366,19
climbing,47413,47366,47413,47
sniffing,47579,47413,47579,166
walking,47608,47579,47608,29
sniffing,47719,47608,47719,111
trotting,47786,47719,47786,67
rearing,47840,47786,47840,54
rising,47869,47840,47869,29
sniffing,47877,47869,47877,8
climbing,47941,47877,47941,64
rearing,47954,47941,47954,13
sniffing,48108,47954,48108,154
rising,48214,48108,48214,106
climbing,48236,48214,48236,22
walking,48319,48236,48319,83
rearing,48363,48319,48363,44
sniffing,48415,48363,48415,52
walking,48492,48415,48492,77
left_turning,48493,48492,48493,1
sniffing,48497,48493,48497,4
walking,48530,48497,48530,33
rising,48550,48530,48550,20
walking,48551,48550,48551,1
sniffing,48563,48551,48563,12
walking,48592,48563,48592,29
rising,48620,48592,48620,28
rearing,48621,48620,48621,1
walking,48676,48621,48676,55
stepping,48707,48676,48707,31
sniffing,48722,48707,48722,15
climbing,48776,48722,48776,54
running,48797,48776,48797,21
sniffing,48957,48797,48957,160
left_turning,48958,48957,48958,1
sniffing,49056,48958,49056,98
stepping,49057,49056,49057,1
rearing,49214,49057,49214,157
climbing,49243,49214,49243,29
walking,49302,49243,49302,59
trotting,49311,49302,49311,9
sniffing,49464,49311,49464,153
walking,49536,49464,49536,72
sniffing,49588,49536,49588,52
trotting,49600,49588,49600,12
walking,49652,49600,49652,52
left_turning,49668,49652,49668,16
walking,49701,49668,49701,33
sniffing,49718,49701,49718,17
walking,49719,49718,49719,1
climbing,49766,49719,49766,47
hunching,49781,49766,49781,15
sniffing,49791,49781,49791,10
climbing,49792,49791,49792,1
rising,49822,49792,49822,30
sniffing,49829,49822,49829,7
hunching,49830,49829,49830,1
climbing,49898,49830,49898,68
walking,49935,49898,49935,37
sniffing,50160,49935,50160,225
walking,50204,50160,50204,44
sniffing,50287,50204,50287,83
stepping,50298,50287,50298,11
sniffing,50357,50298,50357,59
rising,50388,50357,50388,31
hunching,50473,50388,50473,85
sniffing,50525,50473,50525,52
hunching,50572,50525,50572,47
sniffing,50650,50572,50650,78
rearing,50734,50650,50734,84
left_turning,50763,50734,50763,29
sniffing,50862,50763,50862,99
hunching,50952,50862,50952,90
grooming,51094,50952,51094,142
rearing,51101,51094,51101,7
grooming,51211,51101,51211,110
walking,51259,51211,51259,48
climbing,51302,51259,51302,43
sniffing,51303,51302,51303,1
climbing,51340,51303,51340,37
running,51381,51340,51381,41
rising,51436,51381,51436,55
stepping,51474,51436,51474,38
rising,51508,51474,51508,34
sniffing,51558,51508,51558,50
rearing,51580,51558,51580,22
grooming,51668,51580,51668,88
walking,51695,51668,51695,27
sniffing,51802,51695,51802,107
rising,51803,51802,51803,1
climbing,51959,51803,51959,156
right_turning,51998,51959,51998,39
walking,52002,51998,52002,4
sniffing,52023,52002,52023,21
trotting,52056,52023,52056,33
sniffing,52268,52056,52268,212
climbing,52325,52268,52325,57
rising,52334,52325,52334,9
hunching,52358,52334,52358,24
stepping,52420,52358,52420,62
sniffing,52473,52420,52473,53
trotting,52495,52473,52495,22
rearing,52525,52495,52525,30
rising,52564,52525,52564,39
rearing,52598,52564,52598,34
sniffing,52633,52598,52633,35
rising,52634,52633,52634,1
sniffing,52677,52634,52677,43
left_turning,52743,52677,52743,66
sniffing,52791,52743,52791,48
walking,52855,52791,52855,64
sniffing,52909,52855,52909,54
right_turning,52910,52909,52910,1
walking,52924,52910,52924,14
sniffing,52963,52924,52963,39
running,52983,52963,52983,20
rising,52995,52983,52995,12
walking,53016,52995,53016,21
left_turning,53019,53016,53019,3
running,53020,53019,53020,1
walking,53021,53020,53021,1
stepping,53071,53021,53071,50
trotting,53072,53071,53072,1
walking,53087,53072,53087,15
climbing,53095,53087,53095,8
hunching,53096,53095,53096,1
sniffing,53146,53096,53146,50
left_turning,53174,53146,53174,28
climbing,53269,53174,53269,95
sniffing,53384,53269,53384,115
climbing,53447,53384,53447,63
left_turning,53457,53447,53457,10
walking,53496,53457,53496,39
sniffing,53505,53496,53505,9
left_turning,53545,53505,53545,40
running,53546,53545,53546,1
rising,53639,53546,53639,93
hunching,53665,53639,53665,26
climbing,53764,53665,53764,99
rising,53779,53764,53779,15
sniffing,53887,53779,53887,108
left_turning,53954,53887,53954,67
rising,53996,53954,53996,42
right_turning,54034,53996,54034,38
rearing,54040,54034,54040,6
left_turning,54088,54040,54088,48
walking,54117,54088,54117,29
left_turning,54122,54117,54122,5
sniffing,54123,54122,54123,1
rising,54131,54123,54131,8
sniffing,54214,54131,54214,83
climbing,54282,54214,54282,68
rearing,54337,54282,54337,55
hunching,54418,54337,54418,81
rearing,54483,54418,54483,65
grooming,54530,54483,54530,47
right_turning,54566,54530,54566,36
climbing,54691,54566,54691,125
trotting,54711,54691,54711,20
walking,54762,54711,54762,51
rising,54841,54762,54841,79
climbing,54914,54841,54914,73
rising,54916,54914,54916,2
rearing,54982,54916,54982,66
hunching,55013,54982,55013,31
rearing,55074,55013,55074,61
climbing,55080,55074,55080,6
rising,55174,55080,55174,94
climbing,55267,55174,55267,93
trotting,55299,55267,55299,32
walking,55306,55299,55306,7
rising,55307,55306,55307,1
sniffing,55308,55307,55308,1
running,55346,55308,55346,38
trotting,55387,55346,55387,41
sniffing,55435,55387,55435,48
walking,55465,55435,55465,30
stepping,55507,55465,55507,42
walking,55562,55507,55562,55
sniffing,55676,55562,55676,114
right_turning,55677,55676,55677,1
walking,55711,55677,55711,34
sniffing,55735,55711,55735,24
walking,55803,55735,55803,68
sniffing,55949,55803,55949,146
rising,56034,55949,56034,85
right_turning,56061,56034,56061,27
walking,56062,56061,56062,1
sniffing,56063,56062,56063,1
left_turning,56064,56063,56064,1
sniffing,56190,56064,56190,126
climbing,56235,56190,56235,45
walking,56270,56235,56270,35
rising,56342,56270,56342,72
climbing,56343,56342,56343,1
grooming,56344,56343,56344,1
right_turning,56394,56344,56394,50
stepping,56409,56394,56409,15
sniffing,56410,56409,56410,1
left_turning,56411,56410,56411,1
rising,56436,56411,56436,25
walking,56455,56436,56455,19
stepping,56494,56455,56494,39
right_turning,56575,56494,56575,81
running,56607,56575,56607,32
left_turning,56661,56607,56661,54
sniffing,56726,56661,56726,65
walking,56758,56726,56758,32
rising,56759,56758,56759,1
climbing,56844,56759,56844,85
rising,56879,56844,56879,35
climbing,56919,56879,56919,40
walking,56971,56919,56971,52
rearing,57154,56971,57154,183
sniffing,57322,57154,57322,168
running,57347,57322,57347,25
left_turning,57397,57347,57397,50
walking,57398,57397,57398,1
sniffing,57399,57398,57399,1
walking,57444,57399,57444,45
rising,57445,57444,57445,1
left_turning,57490,57445,57490,45
sniffing,57534,57490,57534,44
rising,57624,57534,57624,90
climbing,57670,57624,57670,46
grooming,57778,57670,57778,108
left_turning,57833,57778,57833,55
walking,57838,57833,57838,5
rising,57863,57838,57863,25
hunching,57903,57863,57903,40
right_turning,57927,57903,57927,24
walking,58022,57927,58022,95
rising,58040,58022,58040,18
right_turning,58069,58040,58069,29
walking,58185,58069,58185,116
stepping,58214,58185,58214,29
climbing,58215,58214,58215,1
rising,58263,58215,58263,48
hunching,58404,58263,58404,141
climbing,58460,58404,58460,56
sniffing,58506,58460,58506,46
rising,58517,58506,58517,11
climbing,58522,58517,58522,5
walking,58561,58522,58561,39
hunching,58562,58561,58562,1
walking,58592,58562,58592,30
sniffing,58906,58592,58906,314
grooming,58907,58906,58907,1
rearing,58934,58907,58934,27
hunching,58964,58934,58964,30
grooming,59290,58964,59290,326
left_turning,59341,59290,59341,51
rising,59360,59341,59360,19
sniffing,59361,59360,59361,1
climbing,59550,59361,59550,189
rearing,59653,59550,59653,103
rising,59722,59653,59722,69
sniffing,60006,59722,60006,284
walking,60049,60006,60049,43
rising,60076,60049,60076,27
climbing,60202,60076,60202,126
rising,60238,60202,60238,36
climbing,60239,60238,60239,1
walking,60301,60239,60301,62
sniffing,60345,60301,60345,44
grooming,60449,60345,60449,104
left_turning,60474,60449,60474,25
sniffing,60475,60474,60475,1
rising,60503,60475,60503,28
sniffing,60574,60503,60574,71
rising,60594,60574,60594,20
rearing,60697,60594,60697,103
rising,60698,60697,60698,1
climbing,60731,60698,60731,33
trotting,60764,60731,60764,33
rising,60774,60764,60774,10
left_turning,60829,60774,60829,55
sniffing,60924,60829,60924,95
hunching,60925,60924,60925,1
rising,60941,60925,60941,16
climbing,60944,60941,60944,3
sniffing,61009,60944,61009,65
climbing,61110,61009,61110,101
sniffing,61133,61110,61133,23
walking,61184,61133,61184,51
climbing,61240,61184,61240,56
rising,61265,61240,61265,25
climbing,61325,61265,61325,60
rearing,61351,61325,61351,26
hunching,61352,61351,61352,1
right_turning,61353,61352,61353,1
walking,61362,61353,61362,9
sniffing,61383,61362,61383,21
walking,61448,61383,61448,65
climbing,61449,61448,61449,1
walking,61488,61449,61488,39
hunching,61654,61488,61654,166
rising,61742,61654,61742,88
climbing,61883,61742,61883,141
hunching,61967,61883,61967,84
right_turning,62052,61967,62052,85
stepping,62078,62052,62078,26
sniffing,62122,62078,62122,44
rising,62262,62122,62262,140
walking,62301,62262,62301,39
climbing,62392,62301,62392,91
grooming,62670,62392,62670,278
rearing,62671,62670,62671,1
sniffing,62672,62671,62672,1
walking,62673,62672,62673,1
sniffing,62757,62673,62757,84
rising,62758,62757,62758,1
climbing,62951,62758,62951,193
hunching,63040,62951,63040,89
grooming,63041,63040,63041,1
left_turning,63094,63041,63094,53
running,63119,63094,63119,25
sniffing,63287,63119,63287,168
grooming,63470,63287,63470,183
sniffing,63474,63470,63474,4
right_turning,63476,63474,63476,2
rearing,63495,63476,63495,19
left_turning,63515,63495,63515,20
sniffing,63516,63515,63516,1
rising,63551,63516,63551,35
sniffing,63647,63551,63647,96
grooming,64590,63647,64590,943
rearing,64591,64590,64591,1
grooming,64688,64591,64688,97
rearing,64689,64688,64689,1
hunching,64718,64689,64718,29
jumping,64782,64718,64782,64
right_turning,64814,64782,64814,32
stepping,64862,64814,64862,48
sniffing,64897,64862,64897,35
pausing,64970,64897,64970,73
sniffing,65048,64970,65048,78
rising,65049,65048,65049,1
climbing,65124,65049,65124,75
sniffing,65287,65124,65287,163
grooming,65288,65287,65288,1
rearing,65296,65288,65296,8
climbing,65297,65296,65297,1
right_turning,65363,65297,65363,66
sniffing,65386,65363,65386,23
walking,65396,65386,65396,10
climbing,65496,65396,65496,100
rearing,65560,65496,65560,64
rising,65590,65560,65590,30
climbing,65608,65590,65608,18
rearing,65641,65608,65641,33
running,65695,65641,65695,54
sniffing,65746,65695,65746,51
rearing,65787,65746,65787,41
climbing,65844,65787,65844,57
hunching,65936,65844,65936,92
stepping,65937,65936,65937,1
sniffing,65963,65937,65963,26
trotting,65994,65963,65994,31
sniffing,66045,65994,66045,51
walking,66046,66045,66046,1
sniffing,66100,66046,66100,54
rearing,66127,66100,66127,27
grooming,66300,66127,66300,173
hunching,66307,66300,66307,7
sniffing,66346,66307,66346,39
right_turning,66347,66346,66347,1
sniffing,66372,66347,66372,25
climbing,66435,66372,66435,63
left_turning,66477,66435,66477,42
sniffing,66478,66477,66478,1
rising,66487,66478,66487,9
rearing,66564,66487,66564,77
rising,66565,66564,66565,1
climbing,66632,66565,66632,67
rearing,66647,66632,66647,15
sniffing,66731,66647,66731,84
climbing,66869,66731,66869,138
right_turning,66903,66869,66903,34
running,66950,66903,66950,47
sniffing,67128,66950,67128,178
trotting,67133,67128,67133,5
rising,67137,67133,67137,4
sniffing,67162,67137,67162,25
left_turning,67200,67162,67200,38
sniffing,67474,67200,67474,274
right_turning,67519,67474,67519,45
climbing,67701,67519,67701,182
right_turning,67730,67701,67730,29
climbing,67840,67730,67840,110
trotting,67901,67840,67901,61
rising,67951,67901,67951,50
rearing,68008,67951,68008,57
climbing,68062,68008,68062,54
walking,68102,68062,68102,40
sniffing,68209,68102,68209,107
rising,68226,68209,68226,17
left_turning,68259,68226,68259,33
sniffing,68392,68259,68392,133
right_turning,68398,68392,68398,6
sniffing,68440,68398,68440,42
grooming,69344,68440,69344,904
climbing,69437,69344,69437,93
rearing,69460,69437,69460,23
hunching,69461,69460,69461,1
grooming,69462,69461,69462,1
right_turning,69490,69462,69490,28
walking,69550,69490,69550,60
sniffing,69627,69550,69627,77
hunching,69628,69627,69628,1
climbing,69672,69628,69672,44
rising,69708,69672,69708,36
trotting,69747,69708,69747,39
running,69788,69747,69788,41
rising,69836,69788,69836,48
sniffing,69867,69836,69867,31
walking,69868,69867,69868,1
sniffing,69958,69868,69958,90
grooming,70408,69958,70408,450
sniffing,70409,70408,70409,1
hunching,70499,70409,70499,90
sniffing,70523,70499,70523,24
right_turning,70546,70523,70546,23
running,70548,70546,70548,2
sniffing,70625,70548,70625,77
rising,70672,70625,70672,47
sniffing,70711,70672,70711,39
rising,70728,70711,70728,17
trotting,70758,70728,70758,30
rising,70771,70758,70771,13
climbing,70855,70771,70855,84
left_turning,70871,70855,70871,16
sniffing,70913,70871,70913,42
rising,70964,70913,70964,51
sniffing,71246,70964,71246,282
walking,71247,71246,71247,1
climbing,71287,71247,71287,40
walking,71288,71287,71288,1
rising,71316,71288,71316,28
sniffing,71317,71316,71317,1
rising,71368,71317,71368,51
climbing,71411,71368,71411,43
right_turning,71425,71411,71425,14
walking,71452,71425,71452,27
sniffing,71453,71452,71453,1
walking,71459,71453,71459,6
stepping,71504,71459,71504,45
sniffing,71505,71504,71505,1
climbing,71506,71505,71506,1
sniffing,71584,71506,71584,78
hunching,71643,71584,71643,59
climbing,71723,71643,71723,80
trotting,71730,71723,71730,7
sniffing,71852,71730,71852,122
walking,71942,71852,71942,90
left_turning,71999,71942,71999,57
trotting,72025,71999,72025,26
walking,72071,72025,72071,46
sniffing,72072,72071,72072,1
climbing,72091,72072,72091,19
rising,72116,72091,72116,25
climbing,72207,72116,72207,91
rising,72214,72207,72214,7
rearing,72352,72214,72352,138
hunching,72578,72352,72578,226
rearing,72579,72578,72579,1
climbing,72681,72579,72681,102
trotting,72709,72681,72709,28
walking,72779,72709,72779,70
sniffing,72996,72779,72996,217
climbing,72997,72996,72997,1
sniffing,73049,72997,73049,52
rising,73131,73049,73131,82
rearing,73140,73131,73140,9
rising,73153,73140,73153,13
left_turning,73177,73153,73177,24
rising,73178,73177,73178,1
climbing,73263,73178,73263,85
rearing,73311,73263,73311,48
grooming,73354,73311,73354,43
climbing,73364,73354,73364,10
walking,73426,73364,73426,62
sniffing,73507,73426,73507,81
rising,73534,73507,73534,27
rearing,73548,73534,73548,14
rising,73575,73548,73575,27
right_turning,73577,73575,73577,2
running,73606,73577,73606,29
rising,73678,73606,73678,72
climbing,73765,73678,73765,87
left_turning,73832,73765,73832,67
walking,73852,73832,73852,20
sniffing,74013,73852,74013,161
left_turning,74014,74013,74014,1
rising,74079,74014,74079,65
climbing,74209,74079,74209,130
hunching,74210,74209,74210,1
climbing,74226,74210,74226,16
walking,74299,74226,74299,73
sniffing,74378,74299,74378,79
walking,74449,74378,74449,71
sniffing,74553,74449,74553,104
climbing,74644,74553,74644,91
rising,74662,74644,74662,18
left_turning,74697,74662,74697,35
rising,74833,74697,74833,136
sniffing,74905,74833,74905,72
left_turning,74952,74905,74952,47
grooming,74962,74952,74962,10
rearing,75024,74962,75024,62
climbing,75117,75024,75117,93
trotting,75179,75117,75179,62
left_turning,75180,75179,75180,1
trotting,75219,75180,75219,39
walking,75255,75219,75255,36
trotting,75298,75255,75298,43
climbing,75349,75298,75349,51
grooming,75493,75349,75493,144
left_turning,75525,75493,75525,32
stepping,75570,75525,75570,45
sniffing,75592,75570,75592,22
climbing,75709,75592,75709,117
rising,75719,75709,75719,10
sniffing,75859,75719,75859,140
rising,75860,75859,75860,1
sniffing,75961,75860,75961,101
climbing,76039,75961,76039,78
right_turning,76049,76039,76049,10
walking,76207,76049,76207,158
sniffing,76227,76207,76227,20
right_turning,76277,76227,76277,50
running,76317,76277,76317,40
trotting,76376,76317,76376,59
walking,76424,76376,76424,48
sniffing,76618,76424,76618,194
rising,76632,76618,76632,14
climbing,76633,76632,76633,1
rising,76634,76633,76634,1
climbing,76761,76634,76761,127
sniffing,76829,76761,76829,68
rising,76843,76829,76843,14
sniffing,76919,76843,76919,76
climbing,76952,76919,76952,33
sniffing,77009,76952,77009,57
rising,77010,77009,77010,1
rearing,77011,77010,77011,1
sniffing,77013,77011,77013,2
rising,77072,77013,77072,59
walking,77132,77072,77132,60
sniffing,77181,77132,77181,49
stepping,77249,77181,77249,68
rising,77250,77249,77250,1
climbing,77251,77250,77251,1
sniffing,77300,77251,77300,49
right_turning,77333,77300,77333,33
walking,77334,77333,77334,1
grooming,78001,77334,78001,667
right_turning,78028,78001,78028,27
walking,78029,78028,78029,1
sniffing,78048,78029,78048,19
rising,78049,78048,78049,1
walking,78089,78049,78089,40
sniffing,78090,78089,78090,1
walking,78165,78090,78165,75
trotting,78197,78165,78197,32
sniffing,78236,78197,78236,39
rising,78263,78236,78263,27
left_turning,78288,78263,78288,25
trotting,78300,78288,78300,12
walking,78301,78300,78301,1
left_turning,78391,78301,78391,90
walking,78410,78391,78410,19
sniffing,78430,78410,78430,20
climbing,78565,78430,78565,135
walking,78576,78565,78576,11
hunching,78626,78576,78626,50
grooming,78779,78626,78779,153
rearing,78803,78779,78803,24
sniffing,78811,78803,78811,8
stepping,78854,78811,78854,43
walking,78953,78854,78953,99
stepping,79015,78953,79015,62
rising,79063,79015,79063,48
climbing,79120,79063,79120,57
rising,79130,79120,79130,10
sniffing,79172,79130,79172,42
rising,79173,79172,79173,1
sniffing,79351,79173,79351,178
grooming,79352,79351,79352,1
climbing,79385,79352,79385,33
rearing,79430,79385,79430,45
grooming,79544,79430,79544,114
rearing,79592,79544,79592,48
rising,79619,79592,79619,27
grooming,80254,79619,80254,635
sniffing,80277,80254,80277,23
right_turning,80343,80277,80343,66
walking,80351,80343,80351,8
sniffing,80352,80351,80352,1
right_turning,80385,80352,80385,33
walking,80408,80385,80408,23
rising,80482,80408,80482,74
sniffing,80540,80482,80540,58
rising,80541,80540,80541,1
walking,80542,80541,80542,1
rising,80543,80542,80543,1
sniffing,80616,80543,80616,73
rising,80644,80616,80644,28
sniffing,80768,80644,80768,124
walking,80817,80768,80817,49
climbing,80892,80817,80892,75
running,80903,80892,80903,11
sniffing,81019,80903,81019,116
left_turning,81053,81019,81053,34
sniffing,81090,81053,81090,37
running,81129,81090,81129,39
rearing,81130,81129,81130,1
left_turning,81142,81130,81142,12
rising,81161,81142,81161,19
climbing,81199,81161,81199,38
walking,81258,81199,81258,59
left_turning,81290,81258,81290,32
walking,81375,81290,81375,85
sniffing,81437,81375,81437,62
left_turning,81475,81437,81475,38
trotting,81477,81475,81477,2
hunching,81571,81477,81571,94
rising,81674,81571,81674,103
rearing,81691,81674,81691,17
sniffing,81693,81691,81693,2
rearing,81702,81693,81702,9
right_turning,81741,81702,81741,39
sniffing,81784,81741,81784,43
rising,81785,81784,81785,1
sniffing,81786,81785,81786,1
walking,81810,81786,81810,24
sniffing,81890,81810,81890,80
left_turning,81891,81890,81891,1
walking,81909,81891,81909,18
climbing,81926,81909,81926,17
right_turning,81961,81926,81961,35
trotting,81968,81961,81968,7
walking,81976,81968,81976,8
left_turning,81977,81976,81977,1
trotting,81978,81977,81978,1
left_turning,82002,81978,82002,24
sniffing,82139,82002,82139,137
grooming,82536,82139,82536,397
hunching,82631,82536,82631,95
sniffing,82731,82631,82731,100
rising,82758,82731,82758,27
walking,82779,82758,82779,21
climbing,82831,82779,82831,52
rising,82832,82831,82832,1
climbing,82833,82832,82833,1
rearing,82863,82833,82863,30
walking,82889,82863,82889,26
left_turning,82911,82889,82911,22
rising,82931,82911,82931,20
climbing,82941,82931,82941,10
sniffing,82942,82941,82942,1
rising,82990,82942,82990,48
climbing,83050,82990,83050,60
rearing,83127,83050,83127,77
rising,83182,83127,83182,55
sniffing,83262,83182,83262,80
left_turning,83321,83262,83321,59
running,83376,83321,83376,55
stepping,83404,83376,83404,28
walking,83516,83404,83516,112
rising,83565,83516,83565,49
right_turning,83614,83565,83614,49
trotting,83664,83614,83664,50
stepping,83675,83664,83675,11
climbing,83760,83675,83760,85
sniffing,83849,83760,83849,89
walking,83879,83849,83879,30
sniffing,84179,83879,84179,300
right_turning,84180,84179,84180,1
walking,84185,84180,84185,5
sniffing,84186,84185,84186,1
walking,84251,84186,84251,65
climbing,84411,84251,84411,160
walking,84412,84411,84412,1
sniffing,84413,84412,84413,1
climbing,84437,84413,84437,24
right_turning,84465,84437,84465,28
trotting,84525,84465,84525,60
left_turning,84558,84525,84558,33
walking,84612,84558,84612,54
sniffing,84613,84612,84613,1
climbing,84617,84613,84617,4
running,84645,84617,84645,28
sniffing,84720,84645,84720,75
walking,84721,84720,84721,1
trotting,84750,84721,84750,29
running,84786,84750,84786,36
sniffing,84838,84786,84838,52
walking,84912,84838,84912,74
trotting,84982,84912,84982,70
sniffing,85042,84982,85042,60
left_turning,85098,85042,85098,56
walking,85143,85098,85143,45
climbing,85236,85143,85236,93
rearing,85352,85236,85352,116
sniffing,85439,85352,85439,87
climbing,85458,85439,85458,19
walking,85461,85458,85461,3
sniffing,85563,85461,85563,102
rising,85599,85563,85599,36
climbing,85676,85599,85676,77
walking,85692,85676,85692,16
sniffing,85880,85692,85880,188
rising,85948,85880,85948,68
sniffing,85991,85948,85991,43
walking,85992,85991,85992,1
sniffing,86142,85992,86142,150
walking,86185,86142,86185,43
rising,86216,86185,86216,31
sniffing,86324,86216,86324,108
right_turning,86333,86324,86333,9
sniffing,86406,86333,86406,73
walking,86412,86406,86412,6
left_turning,86466,86412,86466,54
sniffing,86586,86466,86586,120
pausing,86680,86586,86680,94
sniffing,86681,86680,86681,1
left_turning,86725,86681,86725,44
sniffing,86858,86725,86858,133
walking,86859,86858,86859,1
climbing,86864,86859,86864,5
sniffing,86930,86864,86930,66
rising,86959,86930,86959,29
climbing,87166,86959,87166,207
running,87169,87166,87169,3
walking,87248,87169,87248,79
stepping,87256,87248,87256,8
left_turning,87310,87256,87310,54
sniffing,87311,87310,87311,1
rising,87385,87311,87385,74
sniffing,87386,87385,87386,1
walking,87400,87386,87400,14
rising,87556,87400,87556,156
climbing,87573,87556,87573,17
sniffing,87649,87573,87649,76
rising,87692,87649,87692,43
sniffing,87717,87692,87717,25
climbing,87790,87717,87790,73
rearing,87869,87790,87869,79
running,87880,87869,87880,11
right_turning,87881,87880,87881,1
sniffing,87975,87881,87975,94
grooming,87976,87975,87976,1
running,88011,87976,88011,35
walking,88058,88011,88058,47
sniffing,88172,88058,88172,114
grooming,88173,88172,88173,1
right_turning,88199,88173,88199,26
walking,88232,88199,88232,33
sniffing,88248,88232,88248,16
rearing,88249,88248,88249,1
climbing,88250,88249,88250,1
sniffing,88251,88250,88251,1
rising,88252,88251,88252,1
rearing,88311,88252,88311,59
running,88359,88311,88359,48
walking,88483,88359,88483,124
sniffing,88514,88483,88514,31
left_turning,88537,88514,88537,23
sniffing,88589,88537,88589,52
walking,88646,88589,88646,57
trotting,88705,88646,88705,59
sniffing,88774,88705,88774,69
rising,88801,88774,88801,27
left_turning,88866,88801,88866,65
sniffing,88919,88866,88919,53
pausing,88920,88919,88920,1
sniffing,89019,88920,89019,99
walking,89023,89019,89023,4
sniffing,89249,89023,89249,226
walking,89279,89249,89279,30
sniffing,89475,89279,89475,196
climbing,89476,89475,89476,1
left_turning,89525,89476,89525,49
sniffing,89709,89525,89709,184
walking,89750,89709,89750,41
stepping,89796,89750,89796,46
walking,89858,89796,89858,62
left_turning,89916,89858,89916,58
walking,89926,89916,89926,10
left_turning,89948,89926,89948,22
trotting,90003,89948,90003,55
climbing,90039,90003,90039,36
walking,90118,90039,90118,79
sniffing,90119,90118,90119,1
hunching,90216,90119,90216,97
sniffing,90353,90216,90353,137
hunching,90371,90353,90371,18
rising,90399,90371,90399,28
sniffing,90537,90399,90537,138
walking,90556,90537,90556,19
climbing,90683,90556,90683,127
sniffing,90684,90683,90684,1
climbing,90802,90684,90802,118
sniffing,90889,90802,90889,87
trotting,90947,90889,90947,58
sniffing,91040,90947,91040,93
grooming,91388,91040,91388,348
hunching,91449,91388,91449,61
sniffing,91484,91449,91484,35
left_turning,91506,91484,91506,22
sniffing,91510,91506,91510,4
rearing,91565,91510,91565,55
climbing,91694,91565,91694,129
running,91738,91694,91738,44
trotting,91772,91738,91772,34
walking,91807,91772,91807,35
sniffing,91888,91807,91888,81
rearing,91948,91888,91948,60
sniffing,92096,91948,92096,148
walking,92115,92096,92115,19
left_turning,92129,92115,92129,14
stepping,92167,92129,92167,38
walking,92206,92167,92206,39
rising,92297,92206,92297,91
walking,92349,92297,92349,52
stepping,92356,92349,92356,7
left_turning,92375,92356,92375,19
sniffing,92505,92375,92505,130
left_turning,92526,92505,92526,21
sniffing,92561,92526,92561,35
rising,92611,92561,92611,50
rearing,92635,92611,92635,24
walking,92740,92635,92740,105
stepping,92789,92740,92789,49
rising,92817,92789,92817,28
trotting,92836,92817,92836,19
left_turning,92873,92836,92873,37
running,92900,92873,92900,27
walking,92908,92900,92908,8
sniffing,92909,92908,92909,1
rising,93075,92909,93075,166
climbing,93194,93075,93194,119
rearing,93292,93194,93292,98
climbing,93448,93292,93448,156
left_turning,93481,93448,93481,33
running,93528,93481,93528,47
walking,93584,93528,93584,56
rising,93585,93584,93585,1
sniffing,93626,93585,93626,41
pausing,93696,93626,93696,70
sniffing,93767,93696,93767,71
walking,93824,93767,93824,57
rising,93861,93824,93861,37
climbing,93862,93861,93862,1
rising,93925,93862,93925,63
climbing,93978,93925,93978,53
right_turning,93990,93978,93990,12
climbing,94051,93990,94051,61
sniffing,94180,94051,94180,129
climbing,94270,94180,94270,90
rising,94271,94270,94271,1
hunching,94325,94271,94325,54
sniffing,94326,94325,94326,1
rising,94327,94326,94327,1
climbing,94447,94327,94447,120
rearing,94448,94447,94448,1
grooming,94604,94448,94604,156
climbing,94740,94604,94740,136
right_turning,94771,94740,94771,31
trotting,94812,94771,94812,41
rising,94813,94812,94813,1
sniffing,95026,94813,95026,213
pausing,95165,95026,95165,139
sniffing,95225,95165,95225,60
pausing,95339,95225,95339,114
sniffing,95496,95339,95496,157
rearing,95618,95496,95618,122
sniffing,95649,95618,95649,31
rising,95650,95649,95650,1
climbing,95693,95650,95693,43
sniffing,95708,95693,95708,15
left_turning,95709,95708,95709,1
sniffing,95818,95709,95818,109
climbing,95826,95818,95826,8
trotting,95858,95826,95858,32
sniffing,95941,95858,95941,83
right_turning,95948,95941,95948,7
trotting,95971,95948,95971,23
rising,95988,95971,95988,17
walking,96021,95988,96021,33
sniffing,96040,96021,96040,19
right_turning,96058,96040,96058,18
walking,96091,96058,96091,33
sniffing,96228,96091,96228,137
walking,96229,96228,96229,1
left_turning,96230,96229,96230,1
walking,96253,96230,96253,23
climbing,96340,96253,96340,87
trotting,96421,96340,96421,81
walking,96507,96421,96507,86
left_turning,96580,96507,96580,73
sniffing,96581,96580,96581,1
rising,96583,96581,96583,2
climbing,96657,96583,96657,74
running,96690,96657,96690,33
sniffing,96724,96690,96724,34
rearing,96777,96724,96777,53
walking,96794,96777,96794,17
left_turning,96795,96794,96795,1
trotting,96843,96795,96843,48
sniffing,96956,96843,96956,113
rising,96968,96956,96968,12
sniffing,97013,96968,97013,45
pausing,97221,97013,97221,208
sniffing,97403,97221,97403,182
rising,97420,97403,97420,17
rearing,97491,97420,97491,71
rising,97532,97491,97532,41
sniffing,97562,97532,97562,30
rearing,97586,97562,97586,24
sniffing,97587,97586,97587,1
rising,97613,97587,97613,26
climbing,97699,97613,97699,86
rising,97711,97699,97711,12
sniffing,97880,97711,97880,169
rising,97881,97880,97881,1
rearing,97913,97881,97913,32
rising,97963,97913,97963,50
climbing,98016,97963,98016,53
sniffing,98118,98016,98118,102
left_turning,98173,98118,98173,55
sniffing,98252,98173,98252,79
left_turning,98326,98252,98326,74
walking,98383,98326,98383,57
sniffing,98424,98383,98424,41
rearing,98490,98424,98490,66
climbing,98491,98490,98491,1
rearing,98492,98491,98492,1
climbing,98562,98492,98562,70
rising,98563,98562,98563,1
left_turning,98573,98563,98573,10
sniffing,98661,98573,98661,88
rising,98662,98661,98662,1
climbing,98735,98662,98735,73
walking,98736,98735,98736,1
trotting,98760,98736,98760,24
sniffing,98850,98760,98850,90
climbing,99147,98850,99147,297
sniffing,99148,99147,99148,1
right_turning,99211,99148,99211,63
trotting,99219,99211,99219,8
rising,99276,99219,99276,57
trotting,99307,99276,99307,31
sniffing,99464,99307,99464,157
left_turning,99486,99464,99486,22
trotting,99533,99486,99533,47
left_turning,99675,99533,99675,142
trotting,99706,99675,99706,31
right_turning,99725,99706,99725,19
sniffing,99736,99725,99736,11
grooming,99796,99736,99796,60
sniffing,99813,99796,99813,17
climbing,99829,99813,99829,16
sniffing,99901,99829,99901,72
grooming,100037,99901,100037,136
walking,100081,100037,100081,44
climbing,100120,100081,100120,39
walking,100205,100120,100205,85
climbing,100299,100205,100299,94
right_turning,100300,100299,100300,1
walking,100338,100300,100338,38
sniffing,100412,100338,100412,74
rising,100479,100412,100479,67
sniffing,100510,100479,100510,31
rising,100519,100510,100519,9
sniffing,100631,100519,100631,112
rising,100632,100631,100632,1
climbing,100645,100632,100645,13
right_turning,100693,100645,100693,48
sniffing,100777,100693,100777,84
walking,100778,100777,100778,1
left_turning,100852,100778,100852,74
sniffing,100979,100852,100979,127
trotting,101007,100979,101007,28
walking,101052,101007,101052,45
sniffing,101295,101052,101295,243
pausing,101436,101295,101436,141
sniffing,101505,101436,101505,69
trotting,101547,101505,101547,42
sniffing,101616,101547,101616,69
hunching,101703,101616,101703,87
right_turning,101707,101703,101707,4
walking,101711,101707,101711,4
rising,101752,101711,101752,41
rearing,101753,101752,101753,1
sniffing,101754,101753,101754,1
rising,101813,101754,101813,59
right_turning,101837,101813,101837,24
trotting,101849,101837,101849,12
sniffing,101890,101849,101890,41
grooming,101891,101890,101891,1
sniffing,101958,101891,101958,67
rising,101998,101958,101998,40
right_turning,102027,101998,102027,29
walking,102053,102027,102053,26
rising,102054,102053,102054,1
grooming,102055,102054,102055,1
climbing,102099,102055,102099,44
rising,102141,102099,102141,42
climbing,102215,102141,102215,74
sniffing,102342,102215,102342,127
walking,102357,102342,102357,15
climbing,102414,102357,102414,57
sniffing,102488,102414,102488,74
grooming,102719,102488,102719,231
sniffing,102720,102719,102720,1
pausing,102721,102720,102721,1
climbing,102917,102721,102917,196
sniffing,103101,102917,103101,184
hunching,103118,103101,103118,17
right_turning,103157,103118,103157,39
rising,103254,103157,103254,97
rearing,103255,103254,103255,1
walking,103336,103255,103336,81
climbing,103346,103336,103346,10
rearing,103370,103346,103370,24
rising,103376,103370,103376,6
climbing,103442,103376,103442,66
grooming,103443,103442,103443,1
hunching,103444,103443,103444,1
sniffing,103445,103444,103445,1
rising,103560,103445,103560,115
climbing,103561,103560,103561,1
sniffing,103562,103561,103562,1
walking,103604,103562,103604,42
sniffing,103695,103604,103695,91
climbing,103955,103695,103955,260
rearing,103956,103955,103956,1
grooming,104060,103956,104060,104
rearing,104061,104060,104061,1
walking,104102,104061,104102,41
left_turning,104132,104102,104132,30
walking,104164,104132,104164,32
sniffing,104165,104164,104165,1
climbing,104220,104165,104220,55
grooming,104308,104220,104308,88
climbing,104363,104308,104363,55
walking,104364,104363,104364,1
rising,104421,104364,104421,57
hunching,104559,104421,104559,138
sniffing,104752,104559,104752,193
pausing,104781,104752,104781,29
sniffing,104861,104781,104861,80
rearing,104958,104861,104958,97
sniffing,105096,104958,105096,138
grooming,105158,105096,105158,62
rearing,105279,105158,105279,121
sniffing,105303,105279,105303,24
left_turning,105342,105303,105342,39
sniffing,105473,105342,105473,131
right_turning,105510,105473,105510,37
trotting,105521,105510,105521,11
left_turning,105562,105521,105562,41
stepping,105594,105562,105594,32
walking,105595,105594,105595,1
trotting,105615,105595,105615,20
sniffing,105795,105615,105795,180
stepping,105829,105795,105829,34
rising,105889,105829,105889,60
climbing,106042,105889,106042,153
sniffing,106098,106042,106098,56
right_turning,106113,106098,106113,15
walking,106207,106113,106207,94
sniffing,106345,106207,106345,138
grooming,106482,106345,106482,137
right_turning,106514,106482,106514,32
sniffing,106643,106514,106643,129
stepping,106657,106643,106657,14
sniffing,106658,106657,106658,1
rising,106840,106658,106840,182
sniffing,106951,106840,106951,111
left_turning,106995,106951,106995,44
walking,107063,106995,107063,68
sniffing,107241,107063,107241,178
right_turning,107242,107241,107242,1
rising,107269,107242,107269,27
pausing,107418,107269,107418,149
right_turning,107469,107418,107469,51
running,107487,107469,107487,18
climbing,107515,107487,107515,28
rearing,107579,107515,107579,64
sniffing,107580,107579,107580,1
walking,107601,107580,107601,21
climbing,107602,107601,107602,1
rising,107603,107602,107603,1
walking,107604,107603,107604,1
rearing,107796,107604,107796,192
walking,107843,107796,107843,47
sniffing,107912,107843,107912,69
rising,107991,107912,107991,79
climbing,108000,107991,108000,9
