revised_movement_label,segBoundary,segBoundary_start,segBoundary_end,length
sniffing,1,0,1,1
stepping,113,1,113,112
rearing,134,113,134,21
rising,184,134,184,50
sniffing,185,184,185,1
scratching,190,185,190,5
grooming,343,190,343,153
rising,384,343,384,41
sniffing,480,384,480,96
walking,502,480,502,22
rising,529,502,529,27
left_turning,560,529,560,31
sniffing,599,560,599,39
grooming,611,599,611,12
rearing,872,611,872,261
grooming,937,872,937,65
trotting,940,937,940,3
sniffing,980,940,980,40
rearing,1053,980,1053,73
grooming,1054,1053,1054,1
rising,1126,1054,1126,72
trotting,1137,1126,1137,11
running,1166,1137,1166,29
trotting,1176,1166,1176,10
sniffing,1207,1176,1207,31
grooming,1280,1207,1280,73
rearing,1281,1280,1281,1
sniffing,1291,1281,1291,10
rising,1326,1291,1326,35
running,1390,1326,1390,64
rising,1439,1390,1439,49
sniffing,1509,1439,1509,70
stepping,1538,1509,1538,29
trotting,1562,1538,1562,24
walking,1574,1562,1574,12
right_turning,1585,1574,1585,11
stepping,1624,1585,1624,39
sniffing,1628,1624,1628,4
rising,1757,1628,1757,129
hunching,1758,1757,1758,1
grooming,1919,1758,1919,161
right_turning,1947,1919,1947,28
walking,2024,1947,2024,77
stepping,2064,2024,2064,40
sniffing,2067,2064,2067,3
rising,2105,2067,2105,38
stepping,2106,2105,2106,1
rising,2134,2106,2134,28
right_turning,2153,2134,2153,19
grooming,2346,2153,2346,193
left_turning,2370,2346,2370,24
trotting,2395,2370,2395,25
sniffing,2412,2395,2412,17
stepping,2491,2412,2491,79
sniffing,2510,2491,2510,19
running,2551,2510,2551,41
rising,2598,2551,2598,47
sniffing,2600,2598,2600,2
running,2620,2600,2620,20
rising,2657,2620,2657,37
trotting,2686,2657,2686,29
walking,2764,2686,2764,78
stepping,2766,2764,2766,2
grooming,2800,2766,2800,34
sniffing,2827,2800,2827,27
rising,2828,2827,2828,1
sniffing,2932,2828,2932,104
rising,2955,2932,2955,23
rearing,2956,2955,2956,1
hunching,3051,2956,3051,95
rearing,3068,3051,3068,17
walking,3085,3068,3085,17
sniffing,3103,3085,3103,18
walking,3122,3103,3122,19
sniffing,3154,3122,3154,32
rising,3235,3154,3235,81
walking,3264,3235,3264,29
stepping,3272,3264,3272,8
right_turning,3306,3272,3306,34
walking,3323,3306,3323,17
sniffing,3324,3323,3324,1
left_turning,3332,3324,3332,8
grooming,3333,3332,3333,1
rising,3362,3333,3362,29
walking,3390,3362,3390,28
sniffing,3453,3390,3453,63
rising,3454,3453,3454,1
stepping,3501,3454,3501,47
rising,3574,3501,3574,73
stepping,3598,3574,3598,24
rising,3673,3598,3673,75
rearing,3771,3673,3771,98
grooming,3795,3771,3795,24
rising,3796,3795,3796,1
rearing,3812,3796,3812,16
right_turning,3846,3812,3846,34
walking,3853,3846,3853,7
sniffing,4015,3853,4015,162
grooming,4051,4015,4051,36
rising,4101,4051,4101,50
rearing,4150,4101,4150,49
grooming,4206,4150,4206,56
rising,4341,4206,4341,135
walking,4342,4341,4342,1
stepping,4357,4342,4357,15
sniffing,4359,4357,4359,2
rising,4393,4359,4393,34
sniffing,4394,4393,4394,1
walking,4437,4394,4437,43
rising,4457,4437,4457,20
stepping,4481,4457,4481,24
climbing,4527,4481,4527,46
rearing,4528,4527,4528,1
rising,4551,4528,4551,23
walking,4552,4551,4552,1
rising,4605,4552,4605,53
trotting,4663,4605,4663,58
rising,4724,4663,4724,61
grooming,4725,4724,4725,1
sniffing,4764,4725,4764,39
grooming,4808,4764,4808,44
rising,4843,4808,4843,35
grooming,4866,4843,4866,23
left_turning,4893,4866,4893,27
trotting,4906,4893,4906,13
stepping,4960,4906,4960,54
sniffing,5031,4960,5031,71
grooming,5151,5031,5151,120
sniffing,5254,5151,5254,103
rising,5293,5254,5293,39
hunching,5299,5293,5299,6
grooming,5351,5299,5351,52
rearing,5518,5351,5518,167
grooming,5519,5518,5519,1
rising,5520,5519,5520,1
stepping,5532,5520,5532,12
walking,5555,5532,5555,23
sniffing,5559,5555,5559,4
stepping,5577,5559,5577,18
left_turning,5587,5577,5587,10
sniffing,5617,5587,5617,30
left_turning,5639,5617,5639,22
stepping,5707,5639,5707,68
walking,5778,5707,5778,71
sniffing,5815,5778,5815,37
rising,5851,5815,5851,36
grooming,6079,5851,6079,228
sniffing,6103,6079,6103,24
rearing,6203,6103,6203,100
sniffing,6226,6203,6226,23
rising,6304,6226,6304,78
climbing,6352,6304,6352,48
rearing,6371,6352,6371,19
grooming,6372,6371,6372,1
rearing,6457,6372,6457,85
hunching,6495,6457,6495,38
rearing,6700,6495,6700,205
hunching,6704,6700,6704,4
rising,6747,6704,6747,43
walking,6793,6747,6793,46
running,6840,6793,6840,47
sniffing,6841,6840,6841,1
left_turning,6863,6841,6863,22
sniffing,6971,6863,6971,108
rising,6998,6971,6998,27
climbing,7010,6998,7010,12
sniffing,7184,7010,7184,174
rising,7219,7184,7219,35
grooming,7391,7219,7391,172
walking,7462,7391,7462,71
rising,7488,7462,7488,26
stepping,7538,7488,7538,50
rising,7539,7538,7539,1
sniffing,7597,7539,7597,58
rising,7628,7597,7628,31
climbing,7643,7628,7643,15
grooming,7644,7643,7644,1
walking,7731,7644,7731,87
sniffing,7767,7731,7767,36
hunching,7771,7767,7771,4
grooming,8006,7771,8006,235
left_turning,8073,8006,8073,67
running,8085,8073,8085,12
walking,8127,8085,8127,42
trotting,8137,8127,8137,10
sniffing,8209,8137,8209,72
walking,8247,8209,8247,38
sniffing,8266,8247,8266,19
stepping,8274,8266,8274,8
trotting,8275,8274,8275,1
rising,8458,8275,8458,183
rearing,8658,8458,8658,200
grooming,8659,8658,8659,1
hunching,8777,8659,8777,118
stepping,8778,8777,8778,1
sniffing,8846,8778,8846,68
stepping,8862,8846,8862,16
sniffing,8894,8862,8894,32
right_turning,8912,8894,8912,18
trotting,8966,8912,8966,54
stepping,8971,8966,8971,5
walking,8990,8971,8990,19
stepping,9018,8990,9018,28
trotting,9058,9018,9058,40
stepping,9059,9058,9059,1
grooming,9199,9059,9199,140
trotting,9214,9199,9214,15
walking,9304,9214,9304,90
stepping,9311,9304,9311,7
rising,9312,9311,9312,1
sniffing,9330,9312,9330,18
rising,9416,9330,9416,86
grooming,9757,9416,9757,341
sniffing,9765,9757,9765,8
trotting,9767,9765,9767,2
walking,9794,9767,9794,27
sniffing,9821,9794,9821,27
rising,9855,9821,9855,34
climbing,9911,9855,9911,56
sniffing,10062,9911,10062,151
rearing,10185,10062,10185,123
hunching,10334,10185,10334,149
rearing,10397,10334,10397,63
hunching,10426,10397,10426,29
grooming,10659,10426,10659,233
sniffing,10730,10659,10730,71
grooming,10870,10730,10870,140
walking,10909,10870,10909,39
sniffing,10984,10909,10984,75
rearing,11219,10984,11219,235
rising,11226,11219,11226,7
sniffing,11227,11226,11227,1
stepping,11246,11227,11246,19
walking,11254,11246,11254,8
grooming,11255,11254,11255,1
walking,11286,11255,11286,31
stepping,11371,11286,11371,85
sniffing,11462,11371,11462,91
stepping,11490,11462,11490,28
walking,11532,11490,11532,42
left_turning,11559,11532,11559,27
sniffing,11622,11559,11622,63
stepping,11652,11622,11652,30
sniffing,11700,11652,11700,48
left_turning,11731,11700,11731,31
sniffing,11806,11731,11806,75
grooming,12063,11806,12063,257
walking,12115,12063,12115,52
sniffing,12150,12115,12150,35
trotting,12169,12150,12169,19
stepping,12170,12169,12170,1
walking,12226,12170,12226,56
stepping,12227,12226,12227,1
sniffing,12228,12227,12228,1
stepping,12273,12228,12273,45
running,12296,12273,12296,23
walking,12299,12296,12299,3
rearing,12408,12299,12408,109
grooming,12409,12408,12409,1
walking,12455,12409,12455,46
sniffing,12481,12455,12481,26
rising,12485,12481,12485,4
grooming,12731,12485,12731,246
stepping,12765,12731,12765,34
walking,12835,12765,12835,70
sniffing,12848,12835,12848,13
walking,12951,12848,12951,103
stepping,12975,12951,12975,24
right_turning,12993,12975,12993,18
grooming,13087,12993,13087,94
hunching,13121,13087,13121,34
grooming,13416,13121,13416,295
sniffing,13435,13416,13435,19
walking,13469,13435,13469,34
sniffing,13500,13469,13500,31
grooming,13501,13500,13501,1
sniffing,13519,13501,13519,18
walking,13539,13519,13539,20
sniffing,13540,13539,13540,1
left_turning,13552,13540,13552,12
running,13582,13552,13582,30
walking,13612,13582,13612,30
rising,13621,13612,13621,9
grooming,13696,13621,13696,75
climbing,13805,13696,13805,109
grooming,14026,13805,14026,221
rearing,14027,14026,14027,1
grooming,14314,14027,14314,287
climbing,14318,14314,14318,4
rising,14319,14318,14319,1
sniffing,14382,14319,14382,63
grooming,14469,14382,14469,87
rearing,14613,14469,14613,144
grooming,15676,14613,15676,1063
walking,15713,15676,15713,37
trotting,15715,15713,15715,2
walking,15800,15715,15800,85
hunching,15900,15800,15900,100
rising,15901,15900,15901,1
grooming,15902,15901,15902,1
trotting,15936,15902,15936,34
stepping,15978,15936,15978,42
walking,15979,15978,15979,1
right_turning,16007,15979,16007,28
walking,16017,16007,16017,10
running,16018,16017,16018,1
sniffing,16064,16018,16064,46
left_turning,16081,16064,16081,17
climbing,16123,16081,16123,42
sniffing,16196,16123,16196,73
rising,16324,16196,16324,128
stepping,16356,16324,16356,32
sniffing,16371,16356,16371,15
rearing,16647,16371,16647,276
grooming,16648,16647,16648,1
trotting,16663,16648,16663,15
grooming,16800,16663,16800,137
right_turning,16837,16800,16837,37
walking,16838,16837,16838,1
stepping,16854,16838,16854,16
sniffing,16873,16854,16873,19
grooming,16903,16873,16903,30
rearing,16992,16903,16992,89
left_turning,17018,16992,17018,26
grooming,17019,17018,17019,1
walking,17042,17019,17042,23
trotting,17111,17042,17111,69
sniffing,17142,17111,17142,31
rising,17143,17142,17143,1
running,17174,17143,17174,31
sniffing,17184,17174,17184,10
rearing,17221,17184,17221,37
left_turning,17255,17221,17255,34
grooming,17256,17255,17256,1
sniffing,17275,17256,17275,19
right_turning,17280,17275,17280,5
sniffing,17346,17280,17346,66
left_turning,17352,17346,17352,6
sniffing,17467,17352,17467,115
walking,17526,17467,17526,59
sniffing,17527,17526,17527,1
right_turning,17544,17527,17544,17
trotting,17572,17544,17572,28
rising,17623,17572,17623,51
rearing,17637,17623,17637,14
hunching,17693,17637,17693,56
rising,17837,17693,17837,144
sniffing,17877,17837,17877,40
grooming,18313,17877,18313,436
sniffing,18322,18313,18322,9
grooming,18383,18322,18383,61
hunching,18434,18383,18434,51
left_turning,18465,18434,18465,31
stepping,18496,18465,18496,31
walking,18512,18496,18512,16
sniffing,18549,18512,18549,37
walking,18556,18549,18556,7
sniffing,18611,18556,18611,55
stepping,18612,18611,18612,1
sniffing,18683,18612,18683,71
rising,18796,18683,18796,113
grooming,18827,18796,18827,31
sniffing,18891,18827,18891,64
left_turning,18903,18891,18903,12
sniffing,18904,18903,18904,1
running,18928,18904,18928,24
stepping,18956,18928,18956,28
sniffing,18957,18956,18957,1
grooming,18958,18957,18958,1
left_turning,18971,18958,18971,13
walking,18972,18971,18972,1
sniffing,18976,18972,18976,4
running,18988,18976,18988,12
walking,18992,18988,18992,4
stepping,19040,18992,19040,48
walking,19073,19040,19073,33
sniffing,19146,19073,19146,73
stepping,19171,19146,19171,25
sniffing,19293,19171,19293,122
rearing,19318,19293,19318,25
climbing,19380,19318,19380,62
rearing,19381,19380,19381,1
climbing,19442,19381,19442,61
stepping,19458,19442,19458,16
walking,19459,19458,19459,1
rearing,19556,19459,19556,97
grooming,19708,19556,19708,152
walking,19740,19708,19740,32
left_turning,19795,19740,19795,55
walking,19854,19795,19854,59
rising,19855,19854,19855,1
walking,19881,19855,19881,26
sniffing,19924,19881,19924,43
walking,19976,19924,19976,52
grooming,20004,19976,20004,28
scratching,20070,20004,20070,66
stepping,20093,20070,20093,23
sniffing,20105,20093,20105,12
walking,20126,20105,20126,21
sniffing,20164,20126,20164,38
stepping,20229,20164,20229,65
rising,20254,20229,20254,25
climbing,20281,20254,20281,27
running,20309,20281,20309,28
walking,20348,20309,20348,39
rising,20349,20348,20349,1
right_turning,20357,20349,20357,8
sniffing,20403,20357,20403,46
stepping,20424,20403,20424,21
sniffing,20581,20424,20581,157
hunching,20708,20581,20708,127
right_turning,20727,20708,20727,19
climbing,20769,20727,20769,42
grooming,21119,20769,21119,350
right_turning,21127,21119,21127,8
stepping,21128,21127,21128,1
grooming,21129,21128,21129,1
stepping,21167,21129,21167,38
rearing,21175,21167,21175,8
grooming,21328,21175,21328,153
rearing,21341,21328,21341,13
grooming,21441,21341,21441,100
walking,21470,21441,21470,29
sniffing,21478,21470,21478,8
grooming,21479,21478,21479,1
trotting,21506,21479,21506,27
walking,21547,21506,21547,41
left_turning,21551,21547,21551,4
grooming,21721,21551,21721,170
rearing,21764,21721,21764,43
grooming,21765,21764,21765,1
stepping,21801,21765,21801,36
sniffing,21856,21801,21856,55
trotting,21872,21856,21872,16
right_turning,21880,21872,21880,8
stepping,21944,21880,21944,64
grooming,21952,21944,21952,8
rising,21979,21952,21979,27
grooming,22042,21979,22042,63
stepping,22052,22042,22052,10
sniffing,22074,22052,22074,22
walking,22100,22074,22100,26
sniffing,22101,22100,22101,1
stepping,22117,22101,22117,16
sniffing,22157,22117,22157,40
grooming,22158,22157,22158,1
stepping,22215,22158,22215,57
sniffing,22253,22215,22253,38
walking,22403,22253,22403,150
stepping,22428,22403,22428,25
rising,22593,22428,22593,165
climbing,22652,22593,22652,59
grooming,22686,22652,22686,34
climbing,22723,22686,22723,37
trotting,22751,22723,22751,28
sniffing,22783,22751,22783,32
left_turning,22784,22783,22784,1
grooming,22785,22784,22785,1
rearing,22786,22785,22786,1
trotting,22827,22786,22827,41
walking,22846,22827,22846,19
sniffing,22893,22846,22893,47
climbing,22930,22893,22930,37
rearing,22940,22930,22940,10
grooming,22941,22940,22941,1
stepping,22942,22941,22942,1
climbing,22984,22942,22984,42
rearing,22985,22984,22985,1
stepping,23030,22985,23030,45
rising,23062,23030,23062,32
sniffing,23076,23062,23076,14
rising,23099,23076,23099,23
grooming,23617,23099,23617,518
trotting,23667,23617,23667,50
walking,23681,23667,23681,14
sniffing,23693,23681,23693,12
stepping,23768,23693,23768,75
grooming,23940,23768,23940,172
rising,23966,23940,23966,26
sniffing,24023,23966,24023,57
stepping,24051,24023,24051,28
rising,24052,24051,24052,1
rearing,24099,24052,24099,47
grooming,24165,24099,24165,66
rearing,24211,24165,24211,46
grooming,24212,24211,24212,1
rearing,24338,24212,24338,126
trotting,24377,24338,24377,39
sniffing,24378,24377,24378,1
walking,24404,24378,24404,26
stepping,24415,24404,24415,11
sniffing,24416,24415,24416,1
rearing,24436,24416,24436,20
stepping,24437,24436,24437,1
sniffing,24502,24437,24502,65
trotting,24551,24502,24551,49
left_turning,24582,24551,24582,31
sniffing,24627,24582,24627,45
grooming,24628,24627,24628,1
sniffing,24641,24628,24641,13
rising,24712,24641,24712,71
grooming,24869,24712,24869,157
running,24885,24869,24885,16
climbing,24995,24885,24995,110
right_turning,25013,24995,25013,18
walking,25036,25013,25036,23
sniffing,25097,25036,25097,61
stepping,25141,25097,25141,44
grooming,25193,25141,25193,52
climbing,25270,25193,25270,77
right_turning,25285,25270,25285,15
stepping,25316,25285,25316,31
sniffing,25361,25316,25361,45
grooming,25599,25361,25599,238
trotting,25640,25599,25640,41
left_turning,25670,25640,25670,30
stepping,25716,25670,25716,46
right_turning,25730,25716,25730,14
stepping,25759,25730,25759,29
climbing,25780,25759,25780,21
left_turning,25813,25780,25813,33
walking,25814,25813,25814,1
running,25849,25814,25849,35
left_turning,25851,25849,25851,2
hunching,25856,25851,25856,5
rearing,25922,25856,25922,66
left_turning,25934,25922,25934,12
walking,25961,25934,25961,27
sniffing,25989,25961,25989,28
walking,26032,25989,26032,43
rising,26093,26032,26093,61
stepping,26112,26093,26112,19
right_turning,26143,26112,26143,31
sniffing,26144,26143,26144,1
trotting,26172,26144,26172,28
walking,26189,26172,26189,17
rising,26223,26189,26223,34
hunching,26246,26223,26246,23
grooming,26309,26246,26309,63
rearing,26329,26309,26329,20
grooming,26465,26329,26465,136
rising,26501,26465,26501,36
walking,26578,26501,26578,77
running,26620,26578,26620,42
stepping,26640,26620,26640,20
climbing,26684,26640,26684,44
stepping,26725,26684,26725,41
walking,26752,26725,26752,27
rising,26855,26752,26855,103
grooming,27603,26855,27603,748
hunching,27674,27603,27674,71
sniffing,27706,27674,27706,32
stepping,27739,27706,27739,33
walking,27753,27739,27753,14
sniffing,27838,27753,27838,85
climbing,27891,27838,27891,53
grooming,28107,27891,28107,216
walking,28117,28107,28117,10
rising,28148,28117,28148,31
sniffing,28218,28148,28218,70
grooming,28221,28218,28221,3
rearing,28289,28221,28289,68
grooming,28322,28289,28322,33
hunching,28446,28322,28446,124
grooming,28576,28446,28576,130
sniffing,28600,28576,28600,24
walking,28613,28600,28613,13
sniffing,28638,28613,28638,25
walking,28651,28638,28651,13
rising,28683,28651,28683,32
stepping,28695,28683,28695,12
grooming,28820,28695,28820,125
rising,28856,28820,28856,36
rearing,28945,28856,28945,89
stepping,28969,28945,28969,24
sniffing,29087,28969,29087,118
rising,29102,29087,29102,15
rearing,29245,29102,29245,143
grooming,29246,29245,29246,1
running,29257,29246,29257,11
walking,29292,29257,29292,35
stepping,29308,29292,29308,16
sniffing,29344,29308,29344,36
stepping,29380,29344,29380,36
grooming,29830,29380,29830,450
scratching,29952,29830,29952,122
right_turning,29963,29952,29963,11
walking,29991,29963,29991,28
stepping,30031,29991,30031,40
walking,30048,30031,30048,17
sniffing,30101,30048,30101,53
grooming,30409,30101,30409,308
hunching,30440,30409,30440,31
scratching,30519,30440,30519,79
grooming,30716,30519,30716,197
rearing,30761,30716,30761,45
hunching,30813,30761,30813,52
sniffing,30856,30813,30856,43
hunching,30857,30856,30857,1
grooming,31019,30857,31019,162
right_turning,31055,31019,31055,36
walking,31098,31055,31098,43
rearing,31099,31098,31099,1
walking,31126,31099,31126,27
sniffing,31132,31126,31132,6
walking,31185,31132,31185,53
sniffing,31191,31185,31191,6
stepping,31196,31191,31196,5
rising,31230,31196,31230,34
left_turning,31241,31230,31241,11
walking,31251,31241,31251,10
jumping,31310,31251,31310,59
rearing,31366,31310,31366,56
stepping,31394,31366,31394,28
walking,31418,31394,31418,24
rearing,31421,31418,31421,3
grooming,31665,31421,31665,244
rearing,31735,31665,31735,70
walking,31757,31735,31757,22
sniffing,31838,31757,31838,81
walking,31874,31838,31874,36
sniffing,31890,31874,31890,16
running,31905,31890,31905,15
trotting,31958,31905,31958,53
left_turning,31959,31958,31959,1
sniffing,32031,31959,32031,72
rising,32072,32031,32072,41
hunching,32073,32072,32073,1
rising,32074,32073,32074,1
grooming,32321,32074,32321,247
rearing,32322,32321,32322,1
hunching,32368,32322,32368,46
sniffing,32415,32368,32415,47
left_turning,32476,32415,32476,61
sniffing,32503,32476,32503,27
right_turning,32515,32503,32515,12
stepping,32516,32515,32516,1
sniffing,32546,32516,32546,30
grooming,32600,32546,32600,54
sniffing,32672,32600,32672,72
stepping,32673,32672,32673,1
sniffing,32674,32673,32674,1
grooming,32675,32674,32675,1
walking,32711,32675,32711,36
sniffing,32739,32711,32739,28
stepping,32741,32739,32741,2
rearing,32786,32741,32786,45
climbing,32836,32786,32836,50
rearing,33120,32836,33120,284
walking,33164,33120,33164,44
sniffing,33183,33164,33183,19
grooming,33432,33183,33432,249
rising,33467,33432,33467,35
rearing,33468,33467,33468,1
climbing,33485,33468,33485,17
walking,33526,33485,33526,41
rearing,33644,33526,33644,118
grooming,33799,33644,33799,155
rearing,33868,33799,33868,69
sniffing,33939,33868,33939,71
grooming,33940,33939,33940,1
sniffing,33947,33940,33947,7
stepping,34043,33947,34043,96
sniffing,34105,34043,34105,62
trotting,34131,34105,34131,26
sniffing,34151,34131,34151,20
walking,34203,34151,34203,52
sniffing,34284,34203,34284,81
rising,34338,34284,34338,54
stepping,34373,34338,34373,35
climbing,34437,34373,34437,64
rising,34465,34437,34465,28
stepping,34508,34465,34508,43
sniffing,34562,34508,34562,54
grooming,34563,34562,34563,1
rising,34617,34563,34617,54
running,34628,34617,34628,11
walking,34662,34628,34662,34
right_turning,34682,34662,34682,20
stepping,34688,34682,34688,6
grooming,34786,34688,34786,98
rising,34824,34786,34824,38
grooming,34910,34824,34910,86
rising,34911,34910,34911,1
climbing,34941,34911,34941,30
stepping,34976,34941,34976,35
walking,35001,34976,35001,25
sniffing,35002,35001,35002,1
rising,35021,35002,35021,19
walking,35039,35021,35039,18
running,35056,35039,35056,17
walking,35095,35056,35095,39
stepping,35122,35095,35122,27
rising,35158,35122,35158,36
climbing,35201,35158,35201,43
sniffing,35239,35201,35239,38
rising,35296,35239,35296,57
climbing,35328,35296,35328,32
walking,35364,35328,35364,36
sniffing,35408,35364,35408,44
grooming,35834,35408,35834,426
hunching,35913,35834,35913,79
grooming,36000,35913,36000,87
sniffing,36005,36000,36005,5
walking,36045,36005,36045,40
sniffing,36101,36045,36101,56
grooming,36102,36101,36102,1
stepping,36115,36102,36115,13
climbing,36153,36115,36153,38
rearing,36165,36153,36165,12
grooming,36166,36165,36166,1
left_turning,36210,36166,36210,44
grooming,36211,36210,36211,1
rising,36265,36211,36265,54
sniffing,36309,36265,36309,44
rising,36322,36309,36322,13
grooming,36484,36322,36484,162
walking,36495,36484,36495,11
trotting,36532,36495,36532,37
rising,36533,36532,36533,1
climbing,36557,36533,36557,24
trotting,36564,36557,36564,7
stepping,36593,36564,36593,29
walking,36601,36593,36601,8
sniffing,36668,36601,36668,67
trotting,36693,36668,36693,25
walking,36729,36693,36729,36
climbing,36784,36729,36784,55
running,36793,36784,36793,9
walking,36830,36793,36830,37
sniffing,36883,36830,36883,53
stepping,36934,36883,36934,51
sniffing,37159,36934,37159,225
hunching,37252,37159,37252,93
grooming,37320,37252,37320,68
rearing,37467,37320,37467,147
grooming,37532,37467,37532,65
rising,37600,37532,37600,68
stepping,37626,37600,37626,26
walking,37676,37626,37676,50
sniffing,37694,37676,37694,18
walking,37724,37694,37724,30
sniffing,37772,37724,37772,48
stepping,37798,37772,37798,26
sniffing,37846,37798,37846,48
trotting,37912,37846,37912,66
sniffing,37950,37912,37950,38
stepping,37958,37950,37958,8
walking,37976,37958,37976,18
stepping,38014,37976,38014,38
rising,38106,38014,38106,92
grooming,38250,38106,38250,144
left_turning,38290,38250,38290,40
walking,38313,38290,38313,23
stepping,38350,38313,38350,37
grooming,38363,38350,38363,13
right_turning,38378,38363,38378,15
walking,38400,38378,38400,22
left_turning,38401,38400,38401,1
sniffing,38478,38401,38478,77
right_turning,38483,38478,38483,5
stepping,38484,38483,38484,1
climbing,38486,38484,38486,2
stepping,38526,38486,38526,40
climbing,38563,38526,38563,37
walking,38571,38563,38571,8
rising,38589,38571,38589,18
rearing,38590,38589,38590,1
hunching,38685,38590,38685,95
stepping,38723,38685,38723,38
left_turning,38725,38723,38725,2
running,38729,38725,38729,4
grooming,38730,38729,38730,1
rearing,38837,38730,38837,107
stepping,38853,38837,38853,16
climbing,38857,38853,38857,4
rearing,38961,38857,38961,104
grooming,39050,38961,39050,89
sniffing,39073,39050,39073,23
stepping,39109,39073,39109,36
right_turning,39128,39109,39128,19
walking,39163,39128,39163,35
rising,39183,39163,39183,20
climbing,39205,39183,39205,22
stepping,39247,39205,39247,42
rising,39267,39247,39267,20
rearing,39279,39267,39279,12
grooming,39324,39279,39324,45
stepping,39357,39324,39357,33
walking,39407,39357,39407,50
sniffing,39444,39407,39444,37
rearing,39550,39444,39550,106
climbing,39564,39550,39564,14
rearing,39597,39564,39597,33
hunching,39598,39597,39598,1
grooming,39599,39598,39599,1
rising,39621,39599,39621,22
climbing,39643,39621,39643,22
stepping,39644,39643,39644,1
rising,39706,39644,39706,62
stepping,39709,39706,39709,3
sniffing,39727,39709,39727,18
rising,39732,39727,39732,5
scratching,39802,39732,39802,70
sniffing,39820,39802,39820,18
right_turning,39827,39820,39827,7
walking,39843,39827,39843,16
sniffing,39913,39843,39913,70
stepping,39949,39913,39949,36
sniffing,39950,39949,39950,1
right_turning,39964,39950,39964,14
sniffing,39979,39964,39979,15
rearing,40071,39979,40071,92
grooming,40192,40071,40192,121
scratching,40260,40192,40260,68
walking,40346,40260,40346,86
stepping,40402,40346,40402,56
walking,40480,40402,40480,78
stepping,40489,40480,40489,9
walking,40526,40489,40526,37
sniffing,40533,40526,40533,7
grooming,40584,40533,40584,51
stepping,40618,40584,40618,34
sniffing,40619,40618,40619,1
right_turning,40647,40619,40647,28
sniffing,40704,40647,40704,57
grooming,40806,40704,40806,102
walking,40832,40806,40832,26
rising,40842,40832,40842,10
jumping,40846,40842,40846,4
left_turning,40902,40846,40902,56
grooming,41136,40902,41136,234
sniffing,41220,41136,41220,84
stepping,41233,41220,41233,13
climbing,41256,41233,41256,23
rising,41257,41256,41257,1
stepping,41279,41257,41279,22
walking,41306,41279,41306,27
sniffing,41325,41306,41325,19
rearing,41326,41325,41326,1
sniffing,41331,41326,41331,5
left_turning,41387,41331,41387,56
stepping,41398,41387,41398,11
grooming,41399,41398,41399,1
left_turning,41400,41399,41400,1
walking,41440,41400,41440,40
sniffing,41461,41440,41461,21
walking,41481,41461,41481,20
left_turning,41509,41481,41509,28
sniffing,41535,41509,41535,26
grooming,42221,41535,42221,686
rising,42228,42221,42228,7
sniffing,42252,42228,42252,24
grooming,42511,42252,42511,259
rearing,42582,42511,42582,71
climbing,42652,42582,42652,70
sniffing,42656,42652,42656,4
rearing,42803,42656,42803,147
grooming,43065,42803,43065,262
left_turning,43073,43065,43073,8
sniffing,43099,43073,43099,26
grooming,43311,43099,43311,212
stepping,43345,43311,43345,34
climbing,43359,43345,43359,14
grooming,43795,43359,43795,436
hunching,43861,43795,43861,66
grooming,44040,43861,44040,179
stepping,44051,44040,44051,11
sniffing,44069,44051,44069,18
rising,44338,44069,44338,269
climbing,44369,44338,44369,31
walking,44431,44369,44431,62
stepping,44436,44431,44436,5
rising,44459,44436,44459,23
stepping,44464,44459,44464,5
climbing,44549,44464,44549,85
trotting,44591,44549,44591,42
stepping,44637,44591,44637,46
walking,44640,44637,44640,3
sniffing,44664,44640,44664,24
left_turning,44705,44664,44705,41
sniffing,44745,44705,44745,40
stepping,44755,44745,44755,10
walking,44769,44755,44769,14
sniffing,44825,44769,44825,56
stepping,44857,44825,44857,32
sniffing,44884,44857,44884,27
climbing,44945,44884,44945,61
grooming,45031,44945,45031,86
sniffing,45087,45031,45087,56
rising,45113,45087,45113,26
rearing,45114,45113,45114,1
hunching,45156,45114,45156,42
rising,45206,45156,45206,50
sniffing,45222,45206,45222,16
stepping,45265,45222,45265,43
sniffing,45320,45265,45320,55
walking,45330,45320,45330,10
sniffing,45371,45330,45371,41
trotting,45389,45371,45389,18
stepping,45429,45389,45429,40
sniffing,45437,45429,45437,8
grooming,45660,45437,45660,223
rising,45693,45660,45693,33
sniffing,45744,45693,45744,51
walking,45756,45744,45756,12
sniffing,45771,45756,45771,15
walking,45791,45771,45791,20
stepping,45838,45791,45838,47
grooming,46094,45838,46094,256
stepping,46149,46094,46149,55
sniffing,46150,46149,46150,1
stepping,46160,46150,46160,10
sniffing,46215,46160,46215,55
stepping,46255,46215,46255,40
rising,46281,46255,46281,26
rearing,46363,46281,46363,82
right_turning,46392,46363,46392,29
trotting,46409,46392,46409,17
sniffing,46428,46409,46428,19
scratching,46517,46428,46517,89
grooming,46518,46517,46518,1
running,46533,46518,46533,15
sniffing,46563,46533,46563,30
stepping,46586,46563,46586,23
walking,46605,46586,46605,19
trotting,46620,46605,46620,15
sniffing,46670,46620,46670,50
left_turning,46735,46670,46735,65
sniffing,46847,46735,46847,112
rising,46904,46847,46904,57
right_turning,46920,46904,46920,16
sniffing,46921,46920,46921,1
grooming,47279,46921,47279,358
hunching,47360,47279,47360,81
sniffing,47485,47360,47485,125
right_turning,47521,47485,47521,36
running,47526,47521,47526,5
trotting,47532,47526,47532,6
walking,47589,47532,47589,57
rising,47612,47589,47612,23
climbing,47666,47612,47666,54
left_turning,47667,47666,47667,1
walking,47691,47667,47691,24
stepping,47721,47691,47721,30
sniffing,47812,47721,47812,91
walking,47837,47812,47837,25
grooming,47915,47837,47915,78
left_turning,47930,47915,47930,15
stepping,47931,47930,47931,1
walking,47958,47931,47958,27
sniffing,48040,47958,48040,82
stepping,48130,48040,48130,90
rearing,48155,48130,48155,25
climbing,48196,48155,48196,41
left_turning,48209,48196,48209,13
climbing,48265,48209,48265,56
grooming,48266,48265,48266,1
right_turning,48305,48266,48305,39
rising,48306,48305,48306,1
left_turning,48348,48306,48348,42
walking,48362,48348,48362,14
trotting,48411,48362,48411,49
walking,48441,48411,48441,30
rising,48455,48441,48455,14
sniffing,48538,48455,48538,83
left_turning,48581,48538,48581,43
sniffing,48634,48581,48634,53
walking,48670,48634,48670,36
right_turning,48682,48670,48682,12
stepping,48710,48682,48710,28
walking,48752,48710,48752,42
sniffing,48788,48752,48788,36
rising,48834,48788,48834,46
sniffing,48860,48834,48860,26
rearing,49052,48860,49052,192
stepping,49080,49052,49080,28
climbing,49138,49080,49138,58
left_turning,49178,49138,49178,40
walking,49198,49178,49198,20
sniffing,49228,49198,49228,30
grooming,49446,49228,49446,218
left_turning,49447,49446,49447,1
running,49472,49447,49472,25
rising,49486,49472,49486,14
grooming,49487,49486,49487,1
walking,49531,49487,49531,44
sniffing,49564,49531,49564,33
right_turning,49585,49564,49585,21
sniffing,49640,49585,49640,55
right_turning,49641,49640,49641,1
stepping,49659,49641,49659,18
rearing,49696,49659,49696,37
grooming,49761,49696,49761,65
left_turning,49817,49761,49817,56
grooming,49876,49817,49876,59
rearing,49877,49876,49877,1
grooming,50957,49877,50957,1080
rising,50971,50957,50971,14
climbing,51006,50971,51006,35
walking,51007,51006,51007,1
sniffing,51008,51007,51008,1
right_turning,51009,51008,51009,1
sniffing,51134,51009,51134,125
right_turning,51147,51134,51147,13
walking,51179,51147,51179,32
sniffing,51231,51179,51231,52
right_turning,51232,51231,51232,1
rising,51253,51232,51253,21
running,51279,51253,51279,26
walking,51330,51279,51330,51
climbing,51398,51330,51398,68
sniffing,51399,51398,51399,1
grooming,51422,51399,51422,23
rising,51448,51422,51448,26
grooming,51498,51448,51498,50
running,51541,51498,51541,43
sniffing,51596,51541,51596,55
stepping,51616,51596,51616,20
rising,51654,51616,51654,38
climbing,51675,51654,51675,21
grooming,51676,51675,51676,1
left_turning,51733,51676,51733,57
grooming,51823,51733,51823,90
trotting,51852,51823,51852,29
sniffing,51899,51852,51899,47
stepping,51937,51899,51937,38
sniffing,52020,51937,52020,83
grooming,52036,52020,52036,16
rearing,52120,52036,52120,84
walking,52208,52120,52208,88
rising,52282,52208,52282,74
left_turning,52316,52282,52316,34
walking,52348,52316,52348,32
stepping,52353,52348,52353,5
sniffing,52395,52353,52395,42
stepping,52412,52395,52412,17
sniffing,52472,52412,52472,60
grooming,52473,52472,52473,1
scratching,52479,52473,52479,6
grooming,52643,52479,52643,164
climbing,52700,52643,52700,57
grooming,52822,52700,52822,122
right_turning,52850,52822,52850,28
sniffing,52898,52850,52898,48
walking,52917,52898,52917,19
sniffing,52918,52917,52918,1
walking,52936,52918,52936,18
stepping,52945,52936,52945,9
sniffing,52946,52945,52946,1
right_turning,52983,52946,52983,37
stepping,53001,52983,53001,18
trotting,53030,53001,53030,29
stepping,53031,53030,53031,1
walking,53054,53031,53054,23
sniffing,53357,53054,53357,303
grooming,53358,53357,53358,1
walking,53375,53358,53375,17
climbing,53418,53375,53418,43
rising,53428,53418,53428,10
grooming,53429,53428,53429,1
left_turning,53430,53429,53430,1
grooming,54106,53430,54106,676
climbing,54143,54106,54143,37
rearing,54259,54143,54259,116
running,54279,54259,54279,20
walking,54280,54279,54280,1
sniffing,54347,54280,54347,67
left_turning,54348,54347,54348,1
stepping,54371,54348,54371,23
sniffing,54388,54371,54388,17
rearing,54432,54388,54432,44
climbing,54461,54432,54461,29
left_turning,54511,54461,54511,50
running,54531,54511,54531,20
rising,54550,54531,54550,19
climbing,54595,54550,54595,45
trotting,54631,54595,54631,36
sniffing,54692,54631,54692,61
running,54728,54692,54728,36
stepping,54789,54728,54789,61
sniffing,54895,54789,54895,106
walking,54921,54895,54921,26
sniffing,54942,54921,54942,21
grooming,55029,54942,55029,87
left_turning,55040,55029,55040,11
walking,55074,55040,55074,34
left_turning,55124,55074,55124,50
sniffing,55268,55124,55268,144
right_turning,55288,55268,55288,20
walking,55325,55288,55325,37
stepping,55353,55325,55353,28
right_turning,55354,55353,55354,1
sniffing,55426,55354,55426,72
walking,55448,55426,55448,22
stepping,55468,55448,55468,20
grooming,55977,55468,55977,509
sniffing,56015,55977,56015,38
walking,56045,56015,56045,30
stepping,56046,56045,56046,1
sniffing,56123,56046,56123,77
rising,56130,56123,56130,7
right_turning,56156,56130,56156,26
walking,56193,56156,56193,37
sniffing,56253,56193,56253,60
left_turning,56327,56253,56327,74
walking,56338,56327,56338,11
rising,56387,56338,56387,49
left_turning,56398,56387,56398,11
rising,56443,56398,56443,45
grooming,56444,56443,56444,1
climbing,56498,56444,56498,54
grooming,56603,56498,56603,105
climbing,56655,56603,56655,52
stepping,56682,56655,56682,27
walking,56729,56682,56729,47
rising,56762,56729,56762,33
grooming,56955,56762,56955,193
rearing,56969,56955,56969,14
climbing,56985,56969,56985,16
trotting,57007,56985,57007,22
sniffing,57019,57007,57019,12
walking,57040,57019,57040,21
trotting,57071,57040,57071,31
sniffing,57072,57071,57072,1
walking,57082,57072,57082,10
sniffing,57087,57082,57087,5
left_turning,57126,57087,57126,39
stepping,57145,57126,57145,19
walking,57160,57145,57160,15
sniffing,57197,57160,57197,37
rising,57198,57197,57198,1
rearing,57209,57198,57209,11
grooming,57373,57209,57373,164
sniffing,57374,57373,57374,1
rising,57404,57374,57404,30
sniffing,57475,57404,57475,71
left_turning,57492,57475,57492,17
grooming,57493,57492,57493,1
climbing,57520,57493,57520,27
left_turning,57562,57520,57562,42
stepping,57610,57562,57610,48
grooming,57842,57610,57842,232
stepping,57887,57842,57887,45
rising,57941,57887,57941,54
grooming,57991,57941,57991,50
trotting,58012,57991,58012,21
sniffing,58026,58012,58026,14
pausing,58027,58026,58027,1
grooming,58169,58027,58169,142
walking,58204,58169,58204,35
sniffing,58258,58204,58258,54
walking,58259,58258,58259,1
rising,58396,58259,58396,137
climbing,58409,58396,58409,13
left_turning,58429,58409,58429,20
sniffing,58440,58429,58440,11
rising,58441,58440,58441,1
climbing,58466,58441,58466,25
right_turning,58504,58466,58504,38
walking,58524,58504,58524,20
sniffing,58547,58524,58547,23
left_turning,58575,58547,58575,28
sniffing,58597,58575,58597,22
left_turning,58601,58597,58601,4
rearing,58757,58601,58757,156
running,58787,58757,58787,30
right_turning,58805,58787,58805,18
stepping,58806,58805,58806,1
walking,58807,58806,58807,1
stepping,58851,58807,58851,44
sniffing,58861,58851,58861,10
grooming,58969,58861,58969,108
sniffing,59019,58969,59019,50
walking,59053,59019,59053,34
rising,59105,59053,59105,52
rearing,59188,59105,59188,83
grooming,59189,59188,59189,1
climbing,59211,59189,59211,22
right_turning,59225,59211,59225,14
walking,59275,59225,59275,50
rising,59345,59275,59345,70
climbing,59361,59345,59361,16
grooming,59411,59361,59411,50
stepping,59412,59411,59412,1
sniffing,59413,59412,59413,1
grooming,59414,59413,59414,1
climbing,59441,59414,59441,27
trotting,59472,59441,59472,31
sniffing,59485,59472,59485,13
rising,59581,59485,59581,96
sniffing,59729,59581,59729,148
grooming,59730,59729,59730,1
hunching,59756,59730,59756,26
rearing,59757,59756,59757,1
climbing,59820,59757,59820,63
walking,59882,59820,59882,62
sniffing,59952,59882,59952,70
left_turning,60025,59952,60025,73
grooming,60062,60025,60062,37
rearing,60063,60062,60063,1
grooming,60064,60063,60064,1
stepping,60077,60064,60077,13
rearing,60147,60077,60147,70
climbing,60191,60147,60191,44
grooming,60200,60191,60200,9
walking,60225,60200,60225,25
sniffing,60226,60225,60226,1
left_turning,60326,60226,60326,100
grooming,60484,60326,60484,158
sniffing,60511,60484,60511,27
rising,60525,60511,60525,14
sniffing,60634,60525,60634,109
scratching,60726,60634,60726,92
grooming,61047,60726,61047,321
hunching,61130,61047,61130,83
grooming,61187,61130,61187,57
sniffing,61249,61187,61249,62
stepping,61292,61249,61292,43
rearing,61353,61292,61353,61
climbing,61423,61353,61423,70
grooming,61558,61423,61558,135
hunching,61592,61558,61592,34
grooming,61662,61592,61662,70
trotting,61697,61662,61697,35
sniffing,61761,61697,61761,64
walking,61782,61761,61782,21
stepping,61798,61782,61798,16
sniffing,61876,61798,61876,78
grooming,61877,61876,61877,1
sniffing,61957,61877,61957,80
grooming,62224,61957,62224,267
walking,62240,62224,62240,16
grooming,62468,62240,62468,228
sniffing,62469,62468,62469,1
rearing,62519,62469,62519,50
climbing,62561,62519,62561,42
left_turning,62685,62561,62685,124
grooming,62707,62685,62707,22
left_turning,62738,62707,62738,31
sniffing,62780,62738,62780,42
grooming,62781,62780,62781,1
rearing,62786,62781,62786,5
climbing,62845,62786,62845,59
grooming,62873,62845,62873,28
right_turning,62914,62873,62914,41
sniffing,62954,62914,62954,40
walking,63015,62954,63015,61
rising,63033,63015,63033,18
walking,63066,63033,63066,33
running,63088,63066,63088,22
walking,63108,63088,63108,20
stepping,63139,63108,63139,31
sniffing,63207,63139,63207,68
running,63222,63207,63222,15
sniffing,63419,63222,63419,197
rising,63446,63419,63446,27
stepping,63487,63446,63487,41
trotting,63535,63487,63535,48
rising,63567,63535,63567,32
walking,63598,63567,63598,31
sniffing,63628,63598,63628,30
stepping,63629,63628,63629,1
rising,63630,63629,63630,1
grooming,63690,63630,63690,60
left_turning,63695,63690,63695,5
trotting,63708,63695,63708,13
sniffing,63755,63708,63755,47
right_turning,63815,63755,63815,60
walking,63908,63815,63908,93
climbing,63968,63908,63968,60
trotting,63997,63968,63997,29
right_turning,64006,63997,64006,9
stepping,64071,64006,64071,65
walking,64098,64071,64098,27
grooming,64099,64098,64099,1
rearing,64110,64099,64110,11
grooming,64341,64110,64341,231
stepping,64342,64341,64342,1
grooming,64343,64342,64343,1
scratching,64536,64343,64536,193
left_turning,64594,64536,64594,58
walking,64604,64594,64604,10
rising,64635,64604,64635,31
left_turning,64690,64635,64690,55
sniffing,64719,64690,64719,29
grooming,64917,64719,64917,198
right_turning,64944,64917,64944,27
rising,64988,64944,64988,44
climbing,65114,64988,65114,126
walking,65149,65114,65149,35
grooming,65150,65149,65150,1
hunching,65210,65150,65210,60
grooming,65283,65210,65283,73
right_turning,65323,65283,65323,40
sniffing,65348,65323,65348,25
rising,65436,65348,65436,88
stepping,65441,65436,65441,5
rising,65442,65441,65442,1
sniffing,65467,65442,65467,25
rearing,65468,65467,65468,1
right_turning,65477,65468,65477,9
trotting,65493,65477,65493,16
rising,65532,65493,65532,39
climbing,65575,65532,65575,43
trotting,65599,65575,65599,24
sniffing,65600,65599,65600,1
rising,65601,65600,65601,1
left_turning,65677,65601,65677,76
sniffing,65684,65677,65684,7
grooming,65730,65684,65730,46
walking,65755,65730,65755,25
sniffing,65813,65755,65813,58
walking,65821,65813,65821,8
stepping,65833,65821,65833,12
grooming,65924,65833,65924,91
sniffing,65982,65924,65982,58
trotting,66006,65982,66006,24
stepping,66024,66006,66024,18
sniffing,66025,66024,66025,1
right_turning,66050,66025,66050,25
sniffing,66120,66050,66120,70
stepping,66125,66120,66125,5
sniffing,66144,66125,66144,19
scratching,66162,66144,66162,18
grooming,66369,66162,66369,207
trotting,66405,66369,66405,36
sniffing,66411,66405,66411,6
stepping,66439,66411,66439,28
rising,66456,66439,66456,17
sniffing,66466,66456,66466,10
grooming,66484,66466,66484,18
climbing,66513,66484,66513,29
walking,66543,66513,66543,30
sniffing,66568,66543,66568,25
stepping,66603,66568,66603,35
sniffing,66640,66603,66640,37
stepping,66657,66640,66657,17
rising,66671,66657,66671,14
climbing,66730,66671,66730,59
walking,66731,66730,66731,1
trotting,66752,66731,66752,21
walking,66755,66752,66755,3
sniffing,66857,66755,66857,102
grooming,66858,66857,66858,1
walking,66885,66858,66885,27
stepping,66898,66885,66898,13
rising,66960,66898,66960,62
walking,66964,66960,66964,4
sniffing,67043,66964,67043,79
walking,67056,67043,67056,13
running,67062,67056,67062,6
sniffing,67106,67062,67106,44
walking,67143,67106,67143,37
rising,67183,67143,67183,40
climbing,67222,67183,67222,39
stepping,67232,67222,67232,10
sniffing,67291,67232,67291,59
grooming,67596,67291,67596,305
rearing,67814,67596,67814,218
climbing,67850,67814,67850,36
walking,67905,67850,67905,55
sniffing,67985,67905,67985,80
left_turning,68048,67985,68048,63
stepping,68049,68048,68049,1
grooming,68225,68049,68225,176
trotting,68247,68225,68247,22
walking,68257,68247,68257,10
sniffing,68312,68257,68312,55
walking,68317,68312,68317,5
stepping,68348,68317,68348,31
walking,68388,68348,68388,40
right_turning,68412,68388,68412,24
sniffing,68602,68412,68602,190
stepping,68605,68602,68605,3
walking,68612,68605,68612,7
stepping,68655,68612,68655,43
grooming,69017,68655,69017,362
sniffing,69242,69017,69242,225
scratching,69252,69242,69252,10
grooming,69253,69252,69253,1
climbing,69282,69253,69282,29
walking,69292,69282,69292,10
climbing,69343,69292,69343,51
grooming,69344,69343,69344,1
walking,69356,69344,69356,12
stepping,69385,69356,69385,29
rising,69386,69385,69386,1
sniffing,69437,69386,69437,51
walking,69455,69437,69455,18
rising,69484,69455,69484,29
rearing,69556,69484,69556,72
hunching,69579,69556,69579,23
grooming,69580,69579,69580,1
left_turning,69582,69580,69582,2
trotting,69601,69582,69601,19
sniffing,69774,69601,69774,173
grooming,69985,69774,69985,211
rising,69986,69985,69986,1
sniffing,70030,69986,70030,44
walking,70054,70030,70054,24
sniffing,70058,70054,70058,4
walking,70096,70058,70096,38
stepping,70115,70096,70115,19
sniffing,70116,70115,70116,1
stepping,70186,70116,70186,70
sniffing,70193,70186,70193,7
walking,70239,70193,70239,46
sniffing,70240,70239,70240,1
stepping,70266,70240,70266,26
climbing,70388,70266,70388,122
sniffing,70392,70388,70392,4
grooming,70629,70392,70629,237
sniffing,70679,70629,70679,50
rising,70757,70679,70757,78
walking,70758,70757,70758,1
stepping,70772,70758,70772,14
sniffing,70814,70772,70814,42
stepping,70816,70814,70816,2
walking,70832,70816,70832,16
sniffing,70941,70832,70941,109
rising,70969,70941,70969,28
grooming,70970,70969,70970,1
rearing,71031,70970,71031,61
grooming,71128,71031,71128,97
left_turning,71191,71128,71191,63
trotting,71214,71191,71214,23
sniffing,71419,71214,71419,205
left_turning,71475,71419,71475,56
walking,71476,71475,71476,1
stepping,71493,71476,71493,17
sniffing,71527,71493,71527,34
grooming,71528,71527,71528,1
rearing,71529,71528,71529,1
climbing,71593,71529,71593,64
rearing,71624,71593,71624,31
grooming,71776,71624,71776,152
walking,71781,71776,71781,5
sniffing,71830,71781,71830,49
hunching,71831,71830,71831,1
climbing,71856,71831,71856,25
grooming,72047,71856,72047,191
sniffing,72069,72047,72069,22
walking,72131,72069,72131,62
stepping,72179,72131,72179,48
walking,72210,72179,72210,31
sniffing,72248,72210,72248,38
right_turning,72278,72248,72278,30
sniffing,72287,72278,72287,9
left_turning,72335,72287,72335,48
running,72365,72335,72365,30
stepping,72424,72365,72424,59
left_turning,72443,72424,72443,19
sniffing,72495,72443,72495,52
stepping,72561,72495,72561,66
walking,72584,72561,72584,23
trotting,72604,72584,72604,20
sniffing,72647,72604,72647,43
walking,72657,72647,72657,10
stepping,72662,72657,72662,5
rearing,72663,72662,72663,1
stepping,72693,72663,72693,30
rising,72718,72693,72718,25
climbing,72752,72718,72752,34
walking,72774,72752,72774,22
stepping,72801,72774,72801,27
walking,72832,72801,72832,31
grooming,72886,72832,72886,54
walking,72898,72886,72898,12
sniffing,72917,72898,72917,19
left_turning,72929,72917,72929,12
sniffing,72963,72929,72963,34
walking,72982,72963,72982,19
stepping,73013,72982,73013,31
walking,73045,73013,73045,32
stepping,73071,73045,73071,26
walking,73114,73071,73114,43
sniffing,73153,73114,73153,39
stepping,73226,73153,73226,73
sniffing,73353,73226,73353,127
rising,73354,73353,73354,1
hunching,73366,73354,73366,12
rearing,73397,73366,73397,31
grooming,73419,73397,73419,22
left_turning,73444,73419,73444,25
sniffing,73532,73444,73532,88
walking,73554,73532,73554,22
sniffing,73634,73554,73634,80
stepping,73642,73634,73642,8
walking,73674,73642,73674,32
climbing,73704,73674,73704,30
rising,73751,73704,73751,47
climbing,73842,73751,73842,91
grooming,74011,73842,74011,169
running,74028,74011,74028,17
walking,74071,74028,74071,43
sniffing,74103,74071,74103,32
walking,74109,74103,74109,6
rearing,74110,74109,74110,1
climbing,74111,74110,74111,1
stepping,74139,74111,74139,28
walking,74161,74139,74161,22
sniffing,74219,74161,74219,58
stepping,74256,74219,74256,37
rising,74283,74256,74283,27
rearing,74295,74283,74295,12
right_turning,74310,74295,74310,15
sniffing,74331,74310,74331,21
walking,74371,74331,74371,40
sniffing,74441,74371,74441,70
right_turning,74456,74441,74456,15
grooming,74589,74456,74589,133
rising,74590,74589,74590,1
left_turning,74604,74590,74604,14
walking,74651,74604,74651,47
sniffing,74665,74651,74665,14
grooming,74734,74665,74734,69
scratching,74797,74734,74797,63
stepping,74834,74797,74834,37
right_turning,74852,74834,74852,18
walking,74853,74852,74853,1
left_turning,74901,74853,74901,48
walking,74908,74901,74908,7
right_turning,74937,74908,74937,29
stepping,74938,74937,74938,1
walking,75006,74938,75006,68
sniffing,75007,75006,75007,1
rising,75022,75007,75022,15
climbing,75105,75022,75105,83
running,75120,75105,75120,15
trotting,75157,75120,75157,37
walking,75174,75157,75174,17
sniffing,75218,75174,75218,44
climbing,75219,75218,75219,1
sniffing,75286,75219,75286,67
stepping,75304,75286,75304,18
rising,75325,75304,75325,21
sniffing,75489,75325,75489,164
right_turning,75516,75489,75516,27
sniffing,75550,75516,75550,34
left_turning,75638,75550,75638,88
sniffing,75825,75638,75825,187
left_turning,75835,75825,75835,10
sniffing,75836,75835,75836,1
walking,75863,75836,75863,27
sniffing,75924,75863,75924,61
right_turning,75973,75924,75973,49
walking,76019,75973,76019,46
rising,76020,76019,76020,1
grooming,76223,76020,76223,203
sniffing,76315,76223,76315,92
grooming,76360,76315,76360,45
hunching,76415,76360,76415,55
sniffing,76431,76415,76431,16
rising,76478,76431,76478,47
rearing,76479,76478,76479,1
hunching,76500,76479,76500,21
rising,76623,76500,76623,123
climbing,76666,76623,76666,43
grooming,76667,76666,76667,1
right_turning,76687,76667,76687,20
sniffing,76761,76687,76761,74
walking,76805,76761,76805,44
running,76818,76805,76818,13
trotting,76837,76818,76837,19
sniffing,76851,76837,76851,14
rising,76859,76851,76859,8
sniffing,76883,76859,76883,24
walking,76884,76883,76884,1
stepping,76907,76884,76907,23
sniffing,77087,76907,77087,180
walking,77107,77087,77107,20
sniffing,77175,77107,77175,68
walking,77218,77175,77218,43
sniffing,77262,77218,77262,44
stepping,77287,77262,77287,25
running,77324,77287,77324,37
sniffing,77505,77324,77505,181
rising,77529,77505,77529,24
sniffing,77575,77529,77575,46
stepping,77653,77575,77653,78
grooming,77654,77653,77654,1
sniffing,77706,77654,77706,52
stepping,77763,77706,77763,57
rearing,77764,77763,77764,1
climbing,77776,77764,77776,12
rising,77794,77776,77794,18
grooming,78030,77794,78030,236
hunching,78047,78030,78047,17
grooming,78221,78047,78221,174
rearing,78284,78221,78284,63
grooming,78805,78284,78805,521
left_turning,78833,78805,78833,28
rising,78867,78833,78867,34
stepping,78890,78867,78890,23
walking,78976,78890,78976,86
sniffing,78979,78976,78979,3
pausing,79128,78979,79128,149
sniffing,79138,79128,79138,10
left_turning,79163,79138,79163,25
hunching,79239,79163,79239,76
rearing,79258,79239,79258,19
walking,79263,79258,79263,5
stepping,79281,79263,79281,18
walking,79305,79281,79305,24
stepping,79325,79305,79325,20
walking,79358,79325,79358,33
stepping,79434,79358,79434,76
sniffing,79465,79434,79465,31
walking,79513,79465,79513,48
stepping,79522,79513,79522,9
sniffing,79568,79522,79568,46
climbing,79593,79568,79593,25
rearing,79594,79593,79594,1
grooming,79639,79594,79639,45
rearing,79641,79639,79641,2
sniffing,79657,79641,79657,16
rising,79681,79657,79681,24
stepping,79697,79681,79697,16
sniffing,79717,79697,79717,20
walking,79762,79717,79762,45
stepping,79770,79762,79770,8
walking,79810,79770,79810,40
stepping,79832,79810,79832,22
walking,79851,79832,79851,19
sniffing,79873,79851,79873,22
left_turning,79930,79873,79930,57
walking,79940,79930,79940,10
stepping,79988,79940,79988,48
sniffing,80017,79988,80017,29
left_turning,80044,80017,80044,27
sniffing,80098,80044,80098,54
rising,80123,80098,80123,25
sniffing,80216,80123,80216,93
left_turning,80221,80216,80221,5
grooming,80264,80221,80264,43
walking,80298,80264,80298,34
sniffing,80359,80298,80359,61
walking,80360,80359,80360,1
sniffing,80397,80360,80397,37
grooming,80705,80397,80705,308
hunching,80717,80705,80717,12
sniffing,80824,80717,80824,107
stepping,80854,80824,80854,30
sniffing,80873,80854,80873,19
rising,80922,80873,80922,49
grooming,80923,80922,80923,1
walking,80954,80923,80954,31
stepping,80955,80954,80955,1
grooming,81023,80955,81023,68
hunching,81040,81023,81040,17
stepping,81056,81040,81056,16
left_turning,81141,81056,81141,85
sniffing,81223,81141,81223,82
right_turning,81242,81223,81242,19
walking,81309,81242,81309,67
sniffing,81379,81309,81379,70
walking,81406,81379,81406,27
sniffing,81515,81406,81515,109
walking,81546,81515,81546,31
sniffing,81638,81546,81638,92
trotting,81670,81638,81670,32
walking,81736,81670,81736,66
sniffing,81756,81736,81756,20
left_turning,81856,81756,81856,100
sniffing,81943,81856,81943,87
stepping,82005,81943,82005,62
sniffing,82006,82005,82006,1
stepping,82065,82006,82065,59
sniffing,82112,82065,82112,47
stepping,82159,82112,82159,47
rearing,82187,82159,82187,28
hunching,82226,82187,82226,39
rearing,82232,82226,82232,6
climbing,82293,82232,82293,61
right_turning,82294,82293,82294,1
walking,82303,82294,82303,9
sniffing,82327,82303,82327,24
rising,82351,82327,82351,24
grooming,82407,82351,82407,56
rearing,82453,82407,82453,46
hunching,82507,82453,82507,54
rearing,82544,82507,82544,37
grooming,82587,82544,82587,43
climbing,82609,82587,82609,22
rearing,82610,82609,82610,1
grooming,82930,82610,82930,320
running,82950,82930,82950,20
walking,82989,82950,82989,39
trotting,83023,82989,83023,34
walking,83032,83023,83032,9
right_turning,83052,83032,83052,20
grooming,83146,83052,83146,94
rearing,83147,83146,83147,1
stepping,83148,83147,83148,1
sniffing,83149,83148,83149,1
rising,83200,83149,83200,51
rearing,83219,83200,83219,19
grooming,83248,83219,83248,29
scratching,83296,83248,83296,48
sniffing,83302,83296,83302,6
grooming,83814,83302,83814,512
scratching,83844,83814,83844,30
sniffing,83845,83844,83845,1
stepping,83846,83845,83846,1
sniffing,83847,83846,83847,1
right_turning,83871,83847,83871,24
sniffing,83941,83871,83941,70
walking,83967,83941,83967,26
sniffing,84036,83967,84036,69
rising,84037,84036,84037,1
walking,84057,84037,84057,20
running,84085,84057,84085,28
walking,84100,84085,84100,15
sniffing,84115,84100,84115,15
grooming,84344,84115,84344,229
rearing,84371,84344,84371,27
grooming,84738,84371,84738,367
rearing,84756,84738,84756,18
walking,84762,84756,84762,6
sniffing,84763,84762,84763,1
rearing,84851,84763,84851,88
left_turning,84852,84851,84852,1
sniffing,84899,84852,84899,47
grooming,84986,84899,84986,87
left_turning,84999,84986,84999,13
walking,85038,84999,85038,39
climbing,85081,85038,85081,43
right_turning,85109,85081,85109,28
walking,85130,85109,85130,21
sniffing,85171,85130,85171,41
walking,85207,85171,85207,36
right_turning,85208,85207,85208,1
walking,85268,85208,85268,60
sniffing,85362,85268,85362,94
walking,85406,85362,85406,44
sniffing,85426,85406,85426,20
rearing,85675,85426,85675,249
rising,85725,85675,85725,50
sniffing,85792,85725,85792,67
grooming,86017,85792,86017,225
hunching,86090,86017,86090,73
grooming,86219,86090,86219,129
sniffing,86261,86219,86261,42
walking,86317,86261,86317,56
stepping,86341,86317,86341,24
sniffing,86342,86341,86342,1
rearing,86390,86342,86390,48
rising,86439,86390,86439,49
grooming,86440,86439,86440,1
left_turning,86441,86440,86441,1
sniffing,86516,86441,86516,75
left_turning,86517,86516,86517,1
stepping,86588,86517,86588,71
sniffing,86649,86588,86649,61
stepping,86665,86649,86665,16
grooming,86666,86665,86666,1
stepping,86714,86666,86714,48
sniffing,86715,86714,86715,1
walking,86763,86715,86763,48
stepping,86779,86763,86779,16
rising,86810,86779,86810,31
climbing,86835,86810,86835,25
sniffing,86851,86835,86851,16
right_turning,86864,86851,86864,13
grooming,87353,86864,87353,489
hunching,87376,87353,87376,23
grooming,87377,87376,87377,1
sniffing,87384,87377,87384,7
right_turning,87400,87384,87400,16
stepping,87421,87400,87421,21
grooming,87486,87421,87486,65
scratching,87614,87486,87614,128
grooming,87615,87614,87615,1
sniffing,87679,87615,87679,64
rearing,87680,87679,87680,1
grooming,88632,87680,88632,952
sniffing,88660,88632,88660,28
trotting,88662,88660,88662,2
rearing,88766,88662,88766,104
walking,88774,88766,88774,8
trotting,88803,88774,88803,29
sniffing,88909,88803,88909,106
hunching,89025,88909,89025,116
grooming,89026,89025,89026,1
climbing,89064,89026,89064,38
sniffing,89113,89064,89113,49
walking,89125,89113,89125,12
stepping,89148,89125,89148,23
left_turning,89149,89148,89149,1
stepping,89173,89149,89173,24
sniffing,89290,89173,89290,117
grooming,89441,89290,89441,151
climbing,89458,89441,89458,17
stepping,89478,89458,89478,20
sniffing,89519,89478,89519,41
walking,89555,89519,89555,36
sniffing,89556,89555,89556,1
stepping,89579,89556,89579,23
walking,89580,89579,89580,1
right_turning,89614,89580,89614,34
climbing,89688,89614,89688,74
rearing,89875,89688,89875,187
left_turning,89876,89875,89876,1
sniffing,89912,89876,89912,36
stepping,89958,89912,89958,46
walking,89991,89958,89991,33
sniffing,89992,89991,89992,1
walking,90018,89992,90018,26
right_turning,90031,90018,90031,13
walking,90038,90031,90038,7
stepping,90045,90038,90045,7
sniffing,90075,90045,90075,30
rising,90101,90075,90101,26
grooming,90237,90101,90237,136
walking,90253,90237,90253,16
trotting,90284,90253,90284,31
sniffing,90297,90284,90297,13
trotting,90315,90297,90315,18
walking,90349,90315,90349,34
stepping,90361,90349,90361,12
walking,90370,90361,90370,9
sniffing,90461,90370,90461,91
right_turning,90474,90461,90474,13
walking,90529,90474,90529,55
grooming,90663,90529,90663,134
rearing,90664,90663,90664,1
hunching,90750,90664,90750,86
rearing,90778,90750,90778,28
grooming,90909,90778,90909,131
rearing,90991,90909,90991,82
grooming,90992,90991,90992,1
rearing,91110,90992,91110,118
sniffing,91221,91110,91221,111
rising,91249,91221,91249,28
climbing,91385,91249,91385,136
rearing,91386,91385,91386,1
hunching,91427,91386,91427,41
rearing,91460,91427,91460,33
walking,91478,91460,91478,18
stepping,91551,91478,91551,73
sniffing,91581,91551,91581,30
rearing,91621,91581,91621,40
sniffing,91622,91621,91622,1
walking,91647,91622,91647,25
rising,91722,91647,91722,75
walking,91740,91722,91740,18
sniffing,91783,91740,91783,43
grooming,91896,91783,91896,113
hunching,91962,91896,91962,66
grooming,92268,91962,92268,306
rearing,92269,92268,92269,1
sniffing,92310,92269,92310,41
stepping,92382,92310,92382,72
rising,92421,92382,92421,39
climbing,92451,92421,92451,30
trotting,92475,92451,92475,24
stepping,92512,92475,92512,37
grooming,92540,92512,92540,28
rising,92571,92540,92571,31
grooming,92572,92571,92572,1
climbing,92592,92572,92592,20
rearing,92639,92592,92639,47
left_turning,92757,92639,92757,118
sniffing,92758,92757,92758,1
rearing,92915,92758,92915,157
climbing,92932,92915,92932,17
sniffing,92933,92932,92933,1
stepping,92956,92933,92956,23
rising,92967,92956,92967,11
climbing,93010,92967,93010,43
trotting,93037,93010,93037,27
walking,93073,93037,93073,36
sniffing,93080,93073,93080,7
rearing,93081,93080,93081,1
grooming,93266,93081,93266,185
hunching,93297,93266,93297,31
rearing,93298,93297,93298,1
stepping,93316,93298,93316,18
walking,93335,93316,93335,19
sniffing,93405,93335,93405,70
walking,93407,93405,93407,2
rising,93408,93407,93408,1
climbing,93469,93408,93469,61
walking,93497,93469,93497,28
stepping,93549,93497,93549,52
rearing,93574,93549,93574,25
climbing,93623,93574,93623,49
rearing,93624,93623,93624,1
sniffing,93631,93624,93631,7
right_turning,93654,93631,93654,23
stepping,93657,93654,93657,3
sniffing,93717,93657,93717,60
grooming,94001,93717,94001,284
rising,94030,94001,94030,29
left_turning,94048,94030,94048,18
stepping,94085,94048,94085,37
walking,94093,94085,94093,8
right_turning,94121,94093,94121,28
walking,94138,94121,94138,17
sniffing,94164,94138,94164,26
rearing,94207,94164,94207,43
rising,94214,94207,94214,7
rearing,94280,94214,94280,66
stepping,94291,94280,94291,11
walking,94319,94291,94319,28
sniffing,94320,94319,94320,1
stepping,94358,94320,94358,38
sniffing,94401,94358,94401,43
grooming,94765,94401,94765,364
walking,94787,94765,94787,22
sniffing,94985,94787,94985,198
rising,95034,94985,95034,49
climbing,95053,95034,95053,19
sniffing,95072,95053,95072,19
walking,95109,95072,95109,37
stepping,95136,95109,95136,27
rising,95148,95136,95148,12
sniffing,95149,95148,95149,1
left_turning,95177,95149,95177,28
walking,95194,95177,95194,17
running,95213,95194,95213,19
sniffing,95371,95213,95371,158
grooming,95755,95371,95755,384
rising,95824,95755,95824,69
sniffing,95861,95824,95861,37
trotting,95925,95861,95925,64
rising,95940,95925,95940,15
grooming,95975,95940,95975,35
climbing,96009,95975,96009,34
rising,96037,96009,96037,28
grooming,96319,96037,96319,282
rearing,96391,96319,96391,72
left_turning,96427,96391,96427,36
walking,96468,96427,96468,41
stepping,96495,96468,96495,27
sniffing,96546,96495,96546,51
rising,96575,96546,96575,29
climbing,96626,96575,96626,51
trotting,96639,96626,96639,13
sniffing,96663,96639,96663,24
left_turning,96674,96663,96674,11
grooming,96828,96674,96828,154
hunching,96829,96828,96829,1
left_turning,96864,96829,96864,35
walking,96881,96864,96881,17
climbing,96922,96881,96922,41
sniffing,96923,96922,96923,1
right_turning,96937,96923,96937,14
trotting,96992,96937,96992,55
walking,97023,96992,97023,31
stepping,97040,97023,97040,17
left_turning,97044,97040,97044,4
grooming,97305,97044,97305,261
scratching,97369,97305,97369,64
sniffing,97422,97369,97422,53
rising,97470,97422,97470,48
sniffing,97471,97470,97471,1
rising,97527,97471,97527,56
climbing,97577,97527,97577,50
hunching,97681,97577,97681,104
rearing,97697,97681,97697,16
hunching,97714,97697,97714,17
sniffing,97719,97714,97719,5
trotting,97748,97719,97748,29
sniffing,97811,97748,97811,63
climbing,97850,97811,97850,39
walking,97855,97850,97855,5
stepping,97890,97855,97890,35
rising,97937,97890,97937,47
sniffing,98067,97937,98067,130
right_turning,98113,98067,98113,46
rising,98166,98113,98166,53
sniffing,98197,98166,98197,31
right_turning,98216,98197,98216,19
rising,98222,98216,98222,6
sniffing,98315,98222,98315,93
right_turning,98350,98315,98350,35
rearing,98417,98350,98417,67
climbing,98426,98417,98426,9
rising,98459,98426,98459,33
sniffing,98460,98459,98460,1
rising,98461,98460,98461,1
sniffing,98507,98461,98507,46
rising,98508,98507,98508,1
grooming,98612,98508,98612,104
right_turning,98615,98612,98615,3
walking,98653,98615,98653,38
climbing,98661,98653,98661,8
left_turning,98726,98661,98726,65
rising,98805,98726,98805,79
sniffing,98912,98805,98912,107
stepping,98954,98912,98954,42
sniffing,99179,98954,99179,225
stepping,99213,99179,99213,34
sniffing,99318,99213,99318,105
stepping,99325,99318,99325,7
walking,99329,99325,99329,4
left_turning,99342,99329,99342,13
sniffing,99343,99342,99343,1
climbing,99394,99343,99394,51
left_turning,99434,99394,99434,40
rearing,99645,99434,99645,211
grooming,99821,99645,99821,176
hunching,99822,99821,99822,1
grooming,99881,99822,99881,59
left_turning,100050,99881,100050,169
sniffing,100118,100050,100118,68
grooming,100167,100118,100167,49
stepping,100202,100167,100202,35
rearing,100244,100202,100244,42
grooming,100844,100244,100844,600
hunching,100929,100844,100929,85
rearing,100948,100929,100948,19
right_turning,100984,100948,100984,36
walking,100996,100984,100996,12
climbing,101075,100996,101075,79
right_turning,101095,101075,101095,20
stepping,101115,101095,101115,20
rising,101163,101115,101163,48
walking,101199,101163,101199,36
stepping,101210,101199,101210,11
rearing,101235,101210,101235,25
stepping,101261,101235,101261,26
trotting,101286,101261,101286,25
running,101312,101286,101312,26
sniffing,101366,101312,101366,54
rising,101493,101366,101493,127
walking,101497,101493,101497,4
sniffing,101548,101497,101548,51
right_turning,101570,101548,101570,22
walking,101599,101570,101599,29
climbing,101663,101599,101663,64
trotting,101711,101663,101711,48
walking,101754,101711,101754,43
sniffing,101760,101754,101760,6
stepping,101826,101760,101826,66
walking,101864,101826,101864,38
stepping,101890,101864,101890,26
sniffing,101970,101890,101970,80
running,101992,101970,101992,22
trotting,102007,101992,102007,15
stepping,102100,102007,102100,93
sniffing,102153,102100,102153,53
stepping,102187,102153,102187,34
walking,102209,102187,102209,22
sniffing,102240,102209,102240,31
rearing,102274,102240,102274,34
rising,102352,102274,102352,78
climbing,102353,102352,102353,1
grooming,102390,102353,102390,37
rearing,102436,102390,102436,46
rising,102510,102436,102510,74
sniffing,102592,102510,102592,82
stepping,102614,102592,102614,22
walking,102680,102614,102680,66
sniffing,102681,102680,102681,1
stepping,102717,102681,102717,36
sniffing,102718,102717,102718,1
stepping,102744,102718,102744,26
sniffing,102942,102744,102942,198
grooming,103307,102942,103307,365
stepping,103313,103307,103313,6
hunching,103386,103313,103386,73
grooming,103656,103386,103656,270
hunching,103716,103656,103716,60
rearing,103880,103716,103880,164
sniffing,103995,103880,103995,115
stepping,104031,103995,104031,36
walking,104053,104031,104053,22
rising,104054,104053,104054,1
walking,104084,104054,104084,30
sniffing,104125,104084,104125,41
stepping,104162,104125,104162,37
sniffing,104224,104162,104224,62
grooming,104231,104224,104231,7
rising,104288,104231,104288,57
rearing,104338,104288,104338,50
grooming,104920,104338,104920,582
climbing,104921,104920,104921,1
grooming,105240,104921,105240,319
sniffing,105241,105240,105241,1
rearing,105261,105241,105261,20
grooming,105379,105261,105379,118
hunching,105447,105379,105447,68
rearing,105448,105447,105448,1
climbing,105501,105448,105501,53
walking,105527,105501,105527,26
right_turning,105548,105527,105548,21
trotting,105568,105548,105568,20
stepping,105601,105568,105601,33
walking,105635,105601,105635,34
sniffing,105666,105635,105666,31
stepping,105673,105666,105673,7
sniffing,105685,105673,105685,12
stepping,105717,105685,105717,32
walking,105738,105717,105738,21
sniffing,105741,105738,105741,3
walking,105787,105741,105787,46
sniffing,105846,105787,105846,59
walking,105882,105846,105882,36
trotting,105916,105882,105916,34
sniffing,105945,105916,105945,29
rising,106001,105945,106001,56
climbing,106003,106001,106003,2
rearing,106064,106003,106064,61
hunching,106156,106064,106156,92
rearing,106174,106156,106174,18
climbing,106210,106174,106210,36
sniffing,106351,106210,106351,141
rearing,106439,106351,106439,88
grooming,106560,106439,106560,121
rearing,106654,106560,106654,94
hunching,106735,106654,106735,81
grooming,106933,106735,106933,198
walking,106989,106933,106989,56
sniffing,107023,106989,107023,34
stepping,107060,107023,107060,37
sniffing,107061,107060,107061,1
stepping,107091,107061,107091,30
trotting,107104,107091,107104,13
stepping,107144,107104,107144,40
walking,107166,107144,107166,22
climbing,107182,107166,107182,16
stepping,107204,107182,107204,22
sniffing,107220,107204,107220,16
left_turning,107237,107220,107237,17
stepping,107245,107237,107245,8
sniffing,107308,107245,107308,63
hunching,107351,107308,107351,43
rearing,107366,107351,107366,15
grooming,107392,107366,107392,26
rising,107393,107392,107393,1
grooming,107565,107393,107565,172
scratching,107698,107565,107698,133
sniffing,107721,107698,107721,23
grooming,107785,107721,107785,64
hunching,107886,107785,107886,101
grooming,108000,107886,108000,114
