revised_movement_label,segBoundary,segBoundary_start,segBoundary_end,length
sniffing,15,0,15,15
rearing,86,15,86,71
hunching,87,86,87,1
grooming,719,87,719,632
sniffing,787,719,787,68
grooming,828,787,828,41
walking,852,828,852,24
rising,910,852,910,58
rearing,911,910,911,1
stepping,940,911,940,29
walking,1002,940,1002,62
running,1061,1002,1061,59
walking,1082,1061,1082,21
sniffing,1129,1082,1129,47
walking,1171,1129,1171,42
trotting,1201,1171,1201,30
sniffing,1207,1201,1207,6
running,1256,1207,1256,49
trotting,1270,1256,1270,14
stepping,1296,1270,1296,26
sniffing,1304,1296,1304,8
stepping,1331,1304,1331,27
sniffing,1413,1331,1413,82
grooming,1505,1413,1505,92
sniffing,1555,1505,1555,50
rising,1567,1555,1567,12
walking,1590,1567,1590,23
stepping,1596,1590,1596,6
right_turning,1607,1596,1607,11
sniffing,1664,1607,1664,57
walking,1681,1664,1681,17
stepping,1703,1681,1703,22
rising,1704,1703,1704,1
trotting,1768,1704,1768,64
sniffing,1846,1768,1846,78
walking,1924,1846,1924,78
stepping,1954,1924,1954,30
running,1995,1954,1995,41
trotting,2024,1995,2024,29
stepping,2114,2024,2114,90
walking,2115,2114,2115,1
stepping,2123,2115,2123,8
sniffing,2213,2123,2213,90
stepping,2228,2213,2228,15
walking,2234,2228,2234,6
sniffing,2246,2234,2246,12
walking,2270,2246,2270,24
grooming,2285,2270,2285,15
hunching,2361,2285,2361,76
grooming,2538,2361,2538,177
scratching,2578,2538,2578,40
grooming,2579,2578,2579,1
right_turning,2606,2579,2606,27
stepping,2637,2606,2637,31
sniffing,2720,2637,2720,83
rising,2746,2720,2746,26
walking,2757,2746,2757,11
sniffing,2819,2757,2819,62
walking,2826,2819,2826,7
sniffing,2847,2826,2847,21
grooming,3307,2847,3307,460
hunching,3377,3307,3377,70
grooming,3478,3377,3478,101
left_turning,3487,3478,3487,9
sniffing,3544,3487,3544,57
grooming,3588,3544,3588,44
walking,3607,3588,3607,19
sniffing,3608,3607,3608,1
rising,3652,3608,3652,44
sniffing,3743,3652,3743,91
left_turning,3772,3743,3772,29
walking,3780,3772,3780,8
trotting,3792,3780,3792,12
rising,3835,3792,3835,43
stepping,3860,3835,3860,25
grooming,4313,3860,4313,453
left_turning,4385,4313,4385,72
running,4389,4385,4389,4
sniffing,4431,4389,4431,42
rearing,4531,4431,4531,100
grooming,4532,4531,4532,1
hunching,4533,4532,4533,1
left_turning,4556,4533,4556,23
walking,4574,4556,4574,18
rising,4652,4574,4652,78
stepping,4691,4652,4691,39
walking,4702,4691,4702,11
trotting,4720,4702,4720,18
sniffing,4721,4720,4721,1
stepping,4744,4721,4744,23
walking,4774,4744,4774,30
stepping,4783,4774,4783,9
rising,4829,4783,4829,46
sniffing,4870,4829,4870,41
grooming,4937,4870,4937,67
walking,4948,4937,4948,11
rising,5054,4948,5054,106
rearing,5127,5054,5127,73
hunching,5128,5127,5128,1
rising,5151,5128,5151,23
right_turning,5168,5151,5168,17
walking,5202,5168,5202,34
stepping,5216,5202,5216,14
walking,5312,5216,5312,96
rising,5391,5312,5391,79
trotting,5404,5391,5404,13
walking,5456,5404,5456,52
stepping,5501,5456,5501,45
walking,5551,5501,5551,50
stepping,5564,5551,5564,13
walking,5580,5564,5580,16
running,5615,5580,5615,35
stepping,5626,5615,5626,11
trotting,5639,5626,5639,13
stepping,5684,5639,5684,45
sniffing,5757,5684,5757,73
rising,5772,5757,5772,15
walking,5803,5772,5803,31
running,5819,5803,5819,16
sniffing,5829,5819,5829,10
rising,5877,5829,5877,48
stepping,5899,5877,5899,22
walking,5934,5899,5934,35
sniffing,5999,5934,5999,65
stepping,6035,5999,6035,36
rising,6187,6035,6187,152
walking,6220,6187,6220,33
rising,6233,6220,6233,13
sniffing,6259,6233,6259,26
walking,6293,6259,6293,34
right_turning,6294,6293,6294,1
walking,6342,6294,6342,48
sniffing,6343,6342,6343,1
rising,6418,6343,6418,75
sniffing,6470,6418,6470,52
rising,6535,6470,6535,65
sniffing,6585,6535,6585,50
walking,6640,6585,6640,55
rising,6678,6640,6678,38
sniffing,6703,6678,6703,25
walking,6707,6703,6707,4
stepping,6741,6707,6741,34
walking,6774,6741,6774,33
sniffing,6775,6774,6775,1
running,6808,6775,6808,33
rising,6837,6808,6837,29
left_turning,6867,6837,6867,30
sniffing,6946,6867,6946,79
left_turning,6981,6946,6981,35
walking,6988,6981,6988,7
sniffing,7100,6988,7100,112
walking,7131,7100,7131,31
stepping,7149,7131,7149,18
running,7170,7149,7170,21
walking,7242,7170,7242,72
stepping,7253,7242,7253,11
rising,7314,7253,7314,61
right_turning,7349,7314,7349,35
rising,7370,7349,7370,21
rearing,7505,7370,7505,135
sniffing,7597,7505,7597,92
left_turning,7616,7597,7616,19
running,7621,7616,7621,5
stepping,7651,7621,7651,30
walking,7679,7651,7679,28
sniffing,7728,7679,7728,49
stepping,7757,7728,7757,29
rising,7786,7757,7786,29
stepping,7812,7786,7812,26
rising,7833,7812,7833,21
climbing,7873,7833,7873,40
sniffing,7874,7873,7874,1
walking,7909,7874,7909,35
stepping,7960,7909,7960,51
sniffing,7961,7960,7961,1
left_turning,7978,7961,7978,17
sniffing,7979,7978,7979,1
walking,8040,7979,8040,61
stepping,8063,8040,8063,23
rising,8110,8063,8110,47
walking,8123,8110,8123,13
rising,8133,8123,8133,10
walking,8159,8133,8159,26
sniffing,8247,8159,8247,88
right_turning,8248,8247,8248,1
rising,8266,8248,8266,18
sniffing,8316,8266,8316,50
left_turning,8370,8316,8370,54
grooming,8422,8370,8422,52
rearing,8521,8422,8521,99
stepping,8526,8521,8526,5
running,8551,8526,8551,25
rising,8573,8551,8573,22
sniffing,8651,8573,8651,78
grooming,8652,8651,8652,1
hunching,8665,8652,8665,13
rising,8752,8665,8752,87
sniffing,8796,8752,8796,44
stepping,8838,8796,8838,42
rearing,9014,8838,9014,176
grooming,9082,9014,9082,68
rearing,9186,9082,9186,104
climbing,9245,9186,9245,59
grooming,9449,9245,9449,204
left_turning,9454,9449,9454,5
stepping,9462,9454,9462,8
rising,9468,9462,9468,6
rearing,9585,9468,9585,117
hunching,9586,9585,9586,1
grooming,9613,9586,9613,27
stepping,9635,9613,9635,22
grooming,9866,9635,9866,231
rearing,9904,9866,9904,38
grooming,9995,9904,9995,91
rising,10030,9995,10030,35
walking,10054,10030,10054,24
sniffing,10055,10054,10055,1
right_turning,10061,10055,10061,6
rising,10062,10061,10062,1
sniffing,10067,10062,10067,5
stepping,10094,10067,10094,27
climbing,10116,10094,10116,22
stepping,10145,10116,10145,29
walking,10171,10145,10171,26
stepping,10197,10171,10197,26
trotting,10229,10197,10229,32
sniffing,10230,10229,10230,1
grooming,10444,10230,10444,214
rising,10573,10444,10573,129
hunching,10574,10573,10574,1
rearing,10603,10574,10603,29
climbing,10655,10603,10655,52
grooming,10741,10655,10741,86
stepping,10802,10741,10802,61
grooming,10803,10802,10803,1
right_turning,10815,10803,10815,12
walking,10830,10815,10830,15
stepping,10843,10830,10843,13
running,10865,10843,10865,22
rising,10886,10865,10886,21
grooming,10961,10886,10961,75
walking,10997,10961,10997,36
rising,11022,10997,11022,25
grooming,11543,11022,11543,521
rearing,11583,11543,11583,40
climbing,11632,11583,11632,49
right_turning,11650,11632,11650,18
sniffing,11699,11650,11699,49
stepping,11710,11699,11710,11
grooming,11959,11710,11959,249
sniffing,11960,11959,11960,1
climbing,11988,11960,11988,28
sniffing,11989,11988,11989,1
climbing,12006,11989,12006,17
grooming,12007,12006,12007,1
rearing,12070,12007,12070,63
hunching,12214,12070,12214,144
grooming,12249,12214,12249,35
hunching,12307,12249,12307,58
rearing,12320,12307,12320,13
grooming,12737,12320,12737,417
sniffing,12760,12737,12760,23
walking,12765,12760,12765,5
stepping,12766,12765,12766,1
sniffing,12776,12766,12776,10
left_turning,12811,12776,12811,35
grooming,12866,12811,12866,55
rising,12867,12866,12867,1
sniffing,12894,12867,12894,27
climbing,12953,12894,12953,59
left_turning,12957,12953,12957,4
rearing,12958,12957,12958,1
hunching,12997,12958,12997,39
rearing,13026,12997,13026,29
rising,13060,13026,13060,34
walking,13126,13060,13126,66
sniffing,13174,13126,13174,48
stepping,13188,13174,13188,14
walking,13189,13188,13189,1
trotting,13219,13189,13219,30
running,13254,13219,13254,35
sniffing,13255,13254,13255,1
walking,13271,13255,13271,16
rising,13370,13271,13370,99
walking,13377,13370,13377,7
running,13405,13377,13405,28
walking,13426,13405,13426,21
sniffing,13547,13426,13547,121
walking,13594,13547,13594,47
stepping,13638,13594,13638,44
rising,13639,13638,13639,1
walking,13683,13639,13683,44
trotting,13711,13683,13711,28
stepping,13738,13711,13738,27
rising,13781,13738,13781,43
hunching,13790,13781,13790,9
grooming,13843,13790,13843,53
rising,13844,13843,13844,1
sniffing,13845,13844,13845,1
running,13866,13845,13866,21
climbing,13911,13866,13911,45
right_turning,13938,13911,13938,27
trotting,13978,13938,13978,40
grooming,14660,13978,14660,682
climbing,14724,14660,14724,64
sniffing,14812,14724,14812,88
walking,14863,14812,14863,51
sniffing,14864,14863,14864,1
scratching,14878,14864,14878,14
grooming,15009,14878,15009,131
sniffing,15113,15009,15113,104
grooming,15114,15113,15114,1
rearing,15124,15114,15124,10
hunching,15189,15124,15189,65
grooming,15858,15189,15858,669
stepping,15881,15858,15881,23
sniffing,15894,15881,15894,13
grooming,16002,15894,16002,108
sniffing,16197,16002,16197,195
stepping,16212,16197,16212,15
sniffing,16213,16212,16213,1
grooming,16222,16213,16222,9
right_turning,16223,16222,16223,1
climbing,16258,16223,16258,35
running,16290,16258,16290,32
walking,16317,16290,16317,27
trotting,16356,16317,16356,39
sniffing,16401,16356,16401,45
grooming,16680,16401,16680,279
stepping,16740,16680,16740,60
rising,16757,16740,16757,17
sniffing,16848,16757,16848,91
walking,16877,16848,16877,29
stepping,16912,16877,16912,35
grooming,17098,16912,17098,186
climbing,17147,17098,17147,49
grooming,17440,17147,17440,293
hunching,17475,17440,17475,35
rearing,17517,17475,17517,42
rising,17588,17517,17588,71
trotting,17635,17588,17635,47
running,17658,17635,17658,23
trotting,17679,17658,17679,21
grooming,17680,17679,17680,1
sniffing,17713,17680,17713,33
stepping,17732,17713,17732,19
walking,17742,17732,17742,10
stepping,17803,17742,17803,61
walking,17809,17803,17809,6
sniffing,17826,17809,17826,17
right_turning,17836,17826,17836,10
trotting,17867,17836,17867,31
walking,17911,17867,17911,44
grooming,17912,17911,17912,1
rearing,17953,17912,17953,41
hunching,18062,17953,18062,109
grooming,18119,18062,18119,57
rising,18139,18119,18139,20
left_turning,18175,18139,18175,36
grooming,18176,18175,18176,1
walking,18187,18176,18187,11
sniffing,18226,18187,18226,39
rising,18294,18226,18294,68
walking,18358,18294,18358,64
stepping,18390,18358,18390,32
rising,18391,18390,18391,1
hunching,18447,18391,18447,56
walking,18470,18447,18470,23
sniffing,18471,18470,18471,1
grooming,18510,18471,18510,39
walking,18511,18510,18511,1
sniffing,18601,18511,18601,90
walking,18615,18601,18615,14
rising,18648,18615,18648,33
climbing,18734,18648,18734,86
rearing,18818,18734,18818,84
grooming,19223,18818,19223,405
sniffing,19224,19223,19224,1
walking,19299,19224,19299,75
sniffing,19335,19299,19335,36
grooming,19336,19335,19336,1
sniffing,19337,19336,19337,1
stepping,19389,19337,19389,52
walking,19406,19389,19406,17
sniffing,19448,19406,19448,42
rising,19495,19448,19495,47
grooming,19496,19495,19496,1
stepping,19534,19496,19534,38
rising,19542,19534,19542,8
sniffing,19572,19542,19572,30
grooming,19669,19572,19669,97
sniffing,19721,19669,19721,52
left_turning,19767,19721,19767,46
stepping,19789,19767,19789,22
grooming,19963,19789,19963,174
stepping,19996,19963,19996,33
walking,20024,19996,20024,28
rising,20025,20024,20025,1
sniffing,20046,20025,20046,21
walking,20054,20046,20054,8
sniffing,20126,20054,20126,72
rising,20175,20126,20175,49
sniffing,20235,20175,20235,60
climbing,20249,20235,20249,14
stepping,20259,20249,20259,10
walking,20339,20259,20339,80
sniffing,20344,20339,20344,5
rising,20364,20344,20364,20
left_turning,20407,20364,20407,43
trotting,20408,20407,20408,1
walking,20426,20408,20426,18
rearing,20474,20426,20474,48
hunching,20497,20474,20497,23
sniffing,20642,20497,20642,145
walking,20648,20642,20648,6
climbing,20699,20648,20699,51
rearing,20777,20699,20777,78
grooming,20886,20777,20886,109
sniffing,20887,20886,20887,1
stepping,20913,20887,20913,26
rising,20914,20913,20914,1
climbing,20934,20914,20934,20
left_turning,20981,20934,20981,47
running,21010,20981,21010,29
stepping,21059,21010,21059,49
sniffing,21194,21059,21194,135
rising,21260,21194,21260,66
rearing,21351,21260,21351,91
grooming,21381,21351,21381,30
hunching,21382,21381,21382,1
rearing,21456,21382,21456,74
sniffing,21457,21456,21457,1
walking,21501,21457,21501,44
sniffing,21539,21501,21539,38
left_turning,21587,21539,21587,48
stepping,21655,21587,21655,68
walking,21670,21655,21670,15
sniffing,21693,21670,21693,23
climbing,21713,21693,21713,20
walking,21715,21713,21715,2
hunching,21748,21715,21748,33
grooming,21798,21748,21798,50
rearing,21911,21798,21911,113
hunching,21988,21911,21988,77
rearing,22059,21988,22059,71
stepping,22069,22059,22069,10
walking,22092,22069,22092,23
stepping,22141,22092,22141,49
rearing,22211,22141,22211,70
stepping,22228,22211,22228,17
walking,22271,22228,22271,43
sniffing,22321,22271,22321,50
grooming,22322,22321,22322,1
stepping,22343,22322,22343,21
sniffing,22344,22343,22344,1
grooming,22532,22344,22532,188
climbing,22574,22532,22574,42
stepping,22601,22574,22601,27
sniffing,22724,22601,22724,123
stepping,22744,22724,22744,20
rearing,22820,22744,22820,76
sniffing,22831,22820,22831,11
grooming,22832,22831,22832,1
sniffing,22873,22832,22873,41
grooming,22874,22873,22874,1
stepping,22950,22874,22950,76
rearing,23036,22950,23036,86
grooming,23037,23036,23037,1
scratching,23052,23037,23052,15
grooming,23132,23052,23132,80
rising,23144,23132,23144,12
grooming,23690,23144,23690,546
climbing,23712,23690,23712,22
rearing,23842,23712,23842,130
climbing,23883,23842,23883,41
walking,23924,23883,23924,41
rising,23992,23924,23992,68
climbing,24044,23992,24044,52
sniffing,24297,24044,24297,253
trotting,24318,24297,24318,21
sniffing,24372,24318,24372,54
walking,24402,24372,24402,30
left_turning,24404,24402,24404,2
walking,24449,24404,24449,45
trotting,24459,24449,24459,10
running,24504,24459,24504,45
walking,24553,24504,24553,49
sniffing,24569,24553,24569,16
left_turning,24574,24569,24574,5
trotting,24586,24574,24586,12
stepping,24605,24586,24605,19
sniffing,24637,24605,24637,32
rearing,24673,24637,24673,36
right_turning,24695,24673,24695,22
stepping,24710,24695,24710,15
sniffing,24980,24710,24980,270
rising,25037,24980,25037,57
rearing,25073,25037,25073,36
sniffing,25093,25073,25093,20
rising,25143,25093,25143,50
walking,25159,25143,25159,16
sniffing,25191,25159,25191,32
right_turning,25234,25191,25234,43
walking,25235,25234,25235,1
stepping,25245,25235,25245,10
rising,25246,25245,25246,1
climbing,25340,25246,25340,94
left_turning,25379,25340,25379,39
walking,25391,25379,25391,12
sniffing,25392,25391,25392,1
grooming,25581,25392,25581,189
hunching,25774,25581,25774,193
right_turning,25811,25774,25811,37
rising,25848,25811,25848,37
rearing,25973,25848,25973,125
climbing,26053,25973,26053,80
rearing,26090,26053,26090,37
stepping,26100,26090,26100,10
sniffing,26112,26100,26112,12
right_turning,26125,26112,26125,13
grooming,26191,26125,26191,66
left_turning,26192,26191,26192,1
hunching,26261,26192,26261,69
rearing,26326,26261,26326,65
grooming,26327,26326,26327,1
rearing,26357,26327,26357,30
stepping,26383,26357,26383,26
walking,26412,26383,26412,29
sniffing,26413,26412,26413,1
rising,26457,26413,26457,44
sniffing,26500,26457,26500,43
grooming,26648,26500,26648,148
hunching,26657,26648,26657,9
rearing,26737,26657,26737,80
grooming,26738,26737,26738,1
rearing,26895,26738,26895,157
grooming,27047,26895,27047,152
running,27070,27047,27070,23
left_turning,27077,27070,27077,7
rising,27126,27077,27126,49
climbing,27159,27126,27159,33
hunching,27291,27159,27291,132
rearing,27311,27291,27311,20
grooming,27312,27311,27312,1
walking,27359,27312,27359,47
rising,27382,27359,27382,23
rearing,27386,27382,27386,4
climbing,27420,27386,27420,34
grooming,27508,27420,27508,88
hunching,27538,27508,27538,30
rearing,27585,27538,27585,47
stepping,27631,27585,27631,46
sniffing,27700,27631,27700,69
walking,27718,27700,27718,18
sniffing,27817,27718,27817,99
left_turning,27828,27817,27828,11
grooming,27966,27828,27966,138
sniffing,28054,27966,28054,88
climbing,28096,28054,28096,42
left_turning,28105,28096,28105,9
trotting,28117,28105,28117,12
rising,28118,28117,28118,1
grooming,28636,28118,28636,518
trotting,28643,28636,28643,7
walking,28644,28643,28644,1
right_turning,28666,28644,28666,22
climbing,28689,28666,28689,23
running,28719,28689,28719,30
stepping,28721,28719,28721,2
grooming,28818,28721,28818,97
walking,28842,28818,28842,24
right_turning,28857,28842,28857,15
grooming,28912,28857,28912,55
rearing,28944,28912,28944,32
walking,28965,28944,28965,21
stepping,28981,28965,28981,16
walking,29017,28981,29017,36
stepping,29018,29017,29018,1
rising,29029,29018,29029,11
sniffing,29040,29029,29040,11
stepping,29061,29040,29061,21
walking,29077,29061,29077,16
rearing,29152,29077,29152,75
left_turning,29153,29152,29153,1
walking,29178,29153,29178,25
trotting,29216,29178,29216,38
stepping,29229,29216,29229,13
right_turning,29236,29229,29236,7
stepping,29261,29236,29261,25
climbing,29289,29261,29289,28
grooming,29485,29289,29485,196
walking,29528,29485,29528,43
sniffing,29553,29528,29553,25
grooming,29793,29553,29793,240
hunching,29794,29793,29794,1
rearing,29795,29794,29795,1
grooming,29944,29795,29944,149
rising,29948,29944,29948,4
stepping,30017,29948,30017,69
sniffing,30053,30017,30053,36
rearing,30054,30053,30054,1
left_turning,30087,30054,30087,33
walking,30112,30087,30112,25
running,30126,30112,30126,14
climbing,30149,30126,30149,23
running,30183,30149,30183,34
sniffing,30232,30183,30232,49
walking,30249,30232,30249,17
rising,30398,30249,30398,149
climbing,30407,30398,30407,9
sniffing,30423,30407,30423,16
rising,30435,30423,30435,12
trotting,30471,30435,30471,36
grooming,30633,30471,30633,162
left_turning,30665,30633,30665,32
stepping,30685,30665,30685,20
right_turning,30703,30685,30703,18
rising,30725,30703,30725,22
climbing,30769,30725,30769,44
left_turning,30792,30769,30792,23
grooming,31054,30792,31054,262
climbing,31103,31054,31103,49
left_turning,31140,31103,31140,37
trotting,31152,31140,31152,12
sniffing,31227,31152,31227,75
trotting,31261,31227,31261,34
sniffing,31262,31261,31262,1
walking,31303,31262,31303,41
stepping,31322,31303,31322,19
grooming,31346,31322,31346,24
stepping,31372,31346,31372,26
rising,31423,31372,31423,51
rearing,31550,31423,31550,127
grooming,31551,31550,31551,1
hunching,31556,31551,31556,5
sniffing,31575,31556,31575,19
rising,31576,31575,31576,1
grooming,31577,31576,31577,1
scratching,31670,31577,31670,93
right_turning,31715,31670,31715,45
sniffing,31742,31715,31742,27
walking,31818,31742,31818,76
grooming,32323,31818,32323,505
trotting,32367,32323,32367,44
rising,32382,32367,32382,15
rearing,32557,32382,32557,175
grooming,32595,32557,32595,38
rising,32604,32595,32604,9
climbing,32639,32604,32639,35
sniffing,32668,32639,32668,29
walking,32691,32668,32691,23
rising,32708,32691,32708,17
left_turning,32752,32708,32752,44
grooming,32859,32752,32859,107
sniffing,32860,32859,32860,1
stepping,32887,32860,32887,27
sniffing,32929,32887,32929,42
rising,32946,32929,32946,17
grooming,33022,32946,33022,76
sniffing,33060,33022,33060,38
stepping,33062,33060,33062,2
grooming,33285,33062,33285,223
rising,33318,33285,33318,33
climbing,33331,33318,33331,13
rising,33332,33331,33332,1
grooming,33521,33332,33521,189
walking,33522,33521,33522,1
stepping,33564,33522,33564,42
sniffing,33608,33564,33608,44
left_turning,33609,33608,33609,1
grooming,33610,33609,33610,1
scratching,33681,33610,33681,71
grooming,33686,33681,33686,5
rearing,33732,33686,33732,46
rising,33793,33732,33793,61
sniffing,33869,33793,33869,76
left_turning,33893,33869,33893,24
rising,33894,33893,33894,1
grooming,33895,33894,33895,1
sniffing,33902,33895,33902,7
rising,33903,33902,33903,1
grooming,33925,33903,33925,22
walking,33964,33925,33964,39
sniffing,33965,33964,33965,1
rising,33966,33965,33966,1
left_turning,33968,33966,33968,2
grooming,33969,33968,33969,1
walking,33988,33969,33988,19
stepping,34018,33988,34018,30
sniffing,34019,34018,34019,1
rearing,34046,34019,34046,27
hunching,34158,34046,34158,112
rearing,34368,34158,34368,210
grooming,34689,34368,34689,321
stepping,34717,34689,34717,28
walking,34785,34717,34785,68
sniffing,34825,34785,34825,40
grooming,34889,34825,34889,64
rising,34941,34889,34941,52
rearing,34970,34941,34970,29
rising,35042,34970,35042,72
sniffing,35089,35042,35089,47
stepping,35116,35089,35116,27
grooming,35224,35116,35224,108
rearing,35279,35224,35279,55
grooming,35280,35279,35280,1
sniffing,35319,35280,35319,39
climbing,35369,35319,35369,50
grooming,35370,35369,35370,1
rearing,35394,35370,35394,24
stepping,35403,35394,35403,9
rearing,35447,35403,35447,44
stepping,35517,35447,35517,70
rising,35523,35517,35523,6
left_turning,35524,35523,35524,1
stepping,35563,35524,35563,39
sniffing,35656,35563,35656,93
walking,35710,35656,35710,54
sniffing,35863,35710,35863,153
grooming,35864,35863,35864,1
rising,35883,35864,35883,19
climbing,35925,35883,35925,42
grooming,36672,35925,36672,747
walking,36723,36672,36723,51
trotting,36757,36723,36757,34
sniffing,36758,36757,36758,1
rearing,36832,36758,36832,74
hunching,36926,36832,36926,94
grooming,37002,36926,37002,76
stepping,37013,37002,37013,11
sniffing,37034,37013,37034,21
stepping,37084,37034,37084,50
hunching,37116,37084,37116,32
trotting,37137,37116,37137,21
rising,37150,37137,37150,13
walking,37152,37150,37152,2
running,37203,37152,37203,51
left_turning,37204,37203,37204,1
grooming,37205,37204,37205,1
sniffing,37286,37205,37286,81
walking,37309,37286,37309,23
rising,37377,37309,37377,68
grooming,37841,37377,37841,464
left_turning,37842,37841,37842,1
grooming,37843,37842,37843,1
walking,37872,37843,37872,29
stepping,37899,37872,37899,27
climbing,37939,37899,37939,40
running,37952,37939,37952,13
stepping,37953,37952,37953,1
left_turning,37978,37953,37978,25
grooming,37979,37978,37979,1
hunching,38004,37979,38004,25
rearing,38031,38004,38031,27
left_turning,38047,38031,38047,16
sniffing,38149,38047,38149,102
stepping,38166,38149,38166,17
sniffing,38188,38166,38188,22
grooming,38238,38188,38238,50
climbing,38273,38238,38273,35
grooming,38308,38273,38308,35
sniffing,38323,38308,38323,15
grooming,38419,38323,38419,96
walking,38461,38419,38461,42
rising,38504,38461,38504,43
rearing,38698,38504,38698,194
grooming,38903,38698,38903,205
walking,38921,38903,38921,18
right_turning,38951,38921,38951,30
walking,38982,38951,38982,31
stepping,38985,38982,38985,3
climbing,39044,38985,39044,59
rearing,39079,39044,39079,35
hunching,39346,39079,39346,267
grooming,39423,39346,39423,77
hunching,39424,39423,39424,1
grooming,39690,39424,39690,266
rearing,39736,39690,39736,46
sniffing,39762,39736,39762,26
stepping,39803,39762,39803,41
walking,39818,39803,39818,15
right_turning,39836,39818,39836,18
stepping,39870,39836,39870,34
grooming,39902,39870,39902,32
left_turning,39903,39902,39903,1
grooming,40114,39903,40114,211
rearing,40115,40114,40115,1
climbing,40173,40115,40173,58
grooming,40263,40173,40263,90
hunching,40311,40263,40311,48
grooming,40312,40311,40312,1
climbing,40338,40312,40338,26
left_turning,40342,40338,40342,4
walking,40353,40342,40353,11
sniffing,40425,40353,40425,72
walking,40433,40425,40433,8
climbing,40456,40433,40456,23
rising,40458,40456,40458,2
walking,40536,40458,40536,78
stepping,40553,40536,40553,17
walking,40580,40553,40580,27
trotting,40603,40580,40603,23
stepping,40621,40603,40621,18
rising,40636,40621,40636,15
stepping,40680,40636,40680,44
walking,40725,40680,40725,45
stepping,40755,40725,40755,30
sniffing,40789,40755,40789,34
rearing,40793,40789,40793,4
left_turning,40812,40793,40812,19
rising,40821,40812,40821,9
sniffing,40994,40821,40994,173
walking,41018,40994,41018,24
sniffing,41054,41018,41054,36
grooming,41218,41054,41218,164
left_turning,41223,41218,41223,5
climbing,41250,41223,41250,27
rearing,41355,41250,41355,105
left_turning,41387,41355,41387,32
stepping,41466,41387,41466,79
walking,41478,41466,41478,12
stepping,41500,41478,41500,22
climbing,41523,41500,41523,23
running,41528,41523,41528,5
stepping,41565,41528,41565,37
sniffing,41588,41565,41588,23
stepping,41611,41588,41611,23
sniffing,41626,41611,41626,15
left_turning,41677,41626,41677,51
sniffing,41690,41677,41690,13
stepping,41692,41690,41692,2
sniffing,41722,41692,41722,30
rearing,41775,41722,41775,53
hunching,41784,41775,41784,9
rearing,41785,41784,41785,1
grooming,41836,41785,41836,51
rearing,41887,41836,41887,51
grooming,41900,41887,41900,13
stepping,41938,41900,41938,38
sniffing,42158,41938,42158,220
trotting,42201,42158,42201,43
sniffing,42259,42201,42259,58
left_turning,42260,42259,42260,1
rising,42280,42260,42280,20
grooming,42321,42280,42321,41
hunching,42438,42321,42438,117
grooming,42439,42438,42439,1
walking,42465,42439,42465,26
sniffing,42518,42465,42518,53
rearing,42519,42518,42519,1
grooming,42710,42519,42710,191
walking,42728,42710,42728,18
stepping,42750,42728,42750,22
sniffing,42797,42750,42797,47
grooming,42916,42797,42916,119
rearing,43003,42916,43003,87
rising,43013,43003,43013,10
climbing,43082,43013,43082,69
grooming,43083,43082,43083,1
rising,43100,43083,43100,17
grooming,43152,43100,43152,52
rearing,43273,43152,43273,121
climbing,43326,43273,43326,53
rising,43352,43326,43352,26
rearing,43551,43352,43551,199
grooming,43565,43551,43565,14
walking,43585,43565,43585,20
running,43629,43585,43629,44
stepping,43719,43629,43719,90
rearing,43777,43719,43777,58
climbing,43813,43777,43813,36
left_turning,43846,43813,43846,33
stepping,43853,43846,43853,7
running,43888,43853,43888,35
stepping,43891,43888,43891,3
rising,43892,43891,43892,1
climbing,43926,43892,43926,34
rearing,43969,43926,43969,43
climbing,44017,43969,44017,48
hunching,44066,44017,44066,49
grooming,44289,44066,44289,223
sniffing,44329,44289,44329,40
trotting,44360,44329,44360,31
stepping,44429,44360,44429,69
grooming,44485,44429,44485,56
scratching,44590,44485,44590,105
sniffing,44616,44590,44616,26
grooming,44870,44616,44870,254
stepping,44887,44870,44887,17
sniffing,44914,44887,44914,27
stepping,44989,44914,44989,75
grooming,44990,44989,44990,1
climbing,45042,44990,45042,52
sniffing,45100,45042,45100,58
grooming,45101,45100,45101,1
scratching,45159,45101,45159,58
grooming,45160,45159,45160,1
hunching,45254,45160,45254,94
left_turning,45294,45254,45294,40
stepping,45321,45294,45321,27
running,45348,45321,45348,27
sniffing,45360,45348,45360,12
grooming,45361,45360,45361,1
walking,45390,45361,45390,29
stepping,45447,45390,45447,57
sniffing,45448,45447,45448,1
running,45470,45448,45470,22
grooming,45612,45470,45612,142
sniffing,45668,45612,45668,56
rising,45694,45668,45694,26
rearing,45695,45694,45695,1
left_turning,45706,45695,45706,11
sniffing,45769,45706,45769,63
walking,45771,45769,45771,2
stepping,45788,45771,45788,17
rising,45803,45788,45803,15
rearing,45821,45803,45821,18
jumping,45941,45821,45941,120
walking,45944,45941,45944,3
trotting,45956,45944,45956,12
sniffing,45957,45956,45957,1
stepping,45963,45957,45963,6
sniffing,45964,45963,45964,1
stepping,45967,45964,45967,3
sniffing,45968,45967,45968,1
stepping,45991,45968,45991,23
walking,46030,45991,46030,39
rearing,46093,46030,46093,63
climbing,46140,46093,46140,47
walking,46230,46140,46230,90
running,46270,46230,46270,40
sniffing,46309,46270,46309,39
climbing,46325,46309,46325,16
grooming,46433,46325,46433,108
sniffing,46520,46433,46520,87
rearing,46632,46520,46632,112
walking,46670,46632,46670,38
sniffing,46850,46670,46850,180
rising,46853,46850,46853,3
sniffing,46880,46853,46880,27
rising,46916,46880,46916,36
trotting,46931,46916,46931,15
walking,46940,46931,46940,9
grooming,47074,46940,47074,134
rearing,47197,47074,47197,123
grooming,47198,47197,47198,1
left_turning,47254,47198,47254,56
stepping,47259,47254,47259,5
sniffing,47411,47259,47411,152
rising,47420,47411,47420,9
climbing,47451,47420,47451,31
grooming,47452,47451,47452,1
rearing,47453,47452,47453,1
climbing,47643,47453,47643,190
grooming,47853,47643,47853,210
hunching,47860,47853,47860,7
rearing,47865,47860,47865,5
grooming,47991,47865,47991,126
rearing,48025,47991,48025,34
right_turning,48051,48025,48051,26
walking,48052,48051,48052,1
right_turning,48066,48052,48066,14
trotting,48084,48066,48084,18
rising,48106,48084,48106,22
grooming,48299,48106,48299,193
rearing,48474,48299,48474,175
walking,48494,48474,48494,20
stepping,48499,48494,48499,5
walking,48522,48499,48522,23
sniffing,48562,48522,48562,40
grooming,48940,48562,48940,378
hunching,48964,48940,48964,24
sniffing,48974,48964,48974,10
running,48995,48974,48995,21
trotting,49009,48995,49009,14
walking,49040,49009,49040,31
stepping,49043,49040,49043,3
sniffing,49105,49043,49105,62
rising,49106,49105,49106,1
left_turning,49121,49106,49121,15
sniffing,49190,49121,49190,69
rising,49193,49190,49193,3
left_turning,49194,49193,49194,1
hunching,49289,49194,49289,95
walking,49294,49289,49294,5
rising,49295,49294,49295,1
sniffing,49335,49295,49335,40
stepping,49377,49335,49377,42
climbing,49413,49377,49413,36
left_turning,49448,49413,49448,35
rising,49453,49448,49453,5
stepping,49524,49453,49524,71
climbing,49581,49524,49581,57
rearing,49611,49581,49611,30
hunching,49612,49611,49612,1
grooming,51171,49612,51171,1559
sniffing,51229,51171,51229,58
walking,51245,51229,51245,16
rising,51280,51245,51280,35
rearing,51287,51280,51287,7
climbing,51318,51287,51318,31
walking,51375,51318,51375,57
stepping,51409,51375,51409,34
sniffing,51410,51409,51410,1
right_turning,51431,51410,51431,21
trotting,51456,51431,51456,25
walking,51477,51456,51477,21
climbing,51500,51477,51500,23
rearing,51547,51500,51547,47
hunching,51805,51547,51805,258
rearing,51903,51805,51903,98
climbing,51963,51903,51963,60
grooming,51964,51963,51964,1
sniffing,51970,51964,51970,6
stepping,51971,51970,51971,1
walking,51979,51971,51979,8
grooming,52006,51979,52006,27
left_turning,52007,52006,52007,1
walking,52033,52007,52033,26
sniffing,52074,52033,52074,41
stepping,52104,52074,52104,30
sniffing,52198,52104,52198,94
running,52206,52198,52206,8
walking,52254,52206,52254,48
stepping,52259,52254,52259,5
climbing,52314,52259,52314,55
left_turning,52354,52314,52354,40
scratching,52492,52354,52492,138
grooming,52580,52492,52580,88
sniffing,52591,52580,52591,11
scratching,52767,52591,52767,176
grooming,52768,52767,52768,1
left_turning,52808,52768,52808,40
walking,52809,52808,52809,1
stepping,52848,52809,52848,39
sniffing,52867,52848,52867,19
rising,52904,52867,52904,37
climbing,52927,52904,52927,23
stepping,52947,52927,52947,20
walking,52962,52947,52962,15
stepping,52971,52962,52971,9
climbing,52995,52971,52995,24
trotting,53004,52995,53004,9
sniffing,53030,53004,53030,26
left_turning,53031,53030,53031,1
climbing,53093,53031,53093,62
sniffing,53094,53093,53094,1
rising,53116,53094,53116,22
climbing,53158,53116,53158,42
grooming,53443,53158,53443,285
walking,53455,53443,53455,12
stepping,53472,53455,53472,17
climbing,53500,53472,53500,28
rising,53539,53500,53539,39
climbing,53588,53539,53588,49
rising,53678,53588,53678,90
left_turning,53737,53678,53737,59
running,53750,53737,53750,13
stepping,53751,53750,53751,1
trotting,53761,53751,53761,10
sniffing,53772,53761,53772,11
grooming,53773,53772,53773,1
stepping,53822,53773,53822,49
trotting,53842,53822,53842,20
sniffing,53844,53842,53844,2
rising,53867,53844,53867,23
grooming,53902,53867,53902,35
trotting,53945,53902,53945,43
sniffing,53986,53945,53986,41
trotting,53989,53986,53989,3
sniffing,54037,53989,54037,48
stepping,54068,54037,54068,31
sniffing,54104,54068,54104,36
walking,54154,54104,54154,50
stepping,54183,54154,54183,29
walking,54232,54183,54232,49
stepping,54274,54232,54274,42
left_turning,54318,54274,54318,44
climbing,54387,54318,54387,69
left_turning,54407,54387,54407,20
walking,54454,54407,54454,47
sniffing,54456,54454,54456,2
left_turning,54488,54456,54488,32
sniffing,54540,54488,54540,52
rearing,54606,54540,54606,66
walking,54624,54606,54624,18
sniffing,54658,54624,54658,34
stepping,54724,54658,54724,66
sniffing,54764,54724,54764,40
rising,54775,54764,54775,11
rearing,54794,54775,54794,19
left_turning,54795,54794,54795,1
sniffing,54805,54795,54805,10
right_turning,54806,54805,54806,1
walking,54829,54806,54829,23
rising,54834,54829,54834,5
rearing,54880,54834,54880,46
hunching,54912,54880,54912,32
climbing,54933,54912,54933,21
stepping,54960,54933,54960,27
trotting,55010,54960,55010,50
climbing,55028,55010,55028,18
grooming,55058,55028,55058,30
trotting,55075,55058,55075,17
walking,55096,55075,55096,21
sniffing,55178,55096,55178,82
grooming,55195,55178,55195,17
rearing,55253,55195,55253,58
grooming,55254,55253,55254,1
right_turning,55263,55254,55263,9
climbing,55295,55263,55295,32
rearing,55379,55295,55379,84
climbing,55397,55379,55397,18
grooming,55492,55397,55492,95
rearing,55564,55492,55564,72
right_turning,55575,55564,55575,11
sniffing,55597,55575,55597,22
walking,55653,55597,55653,56
trotting,55675,55653,55675,22
grooming,55676,55675,55676,1
rearing,55726,55676,55726,50
rising,55740,55726,55740,14
hunching,55741,55740,55741,1
rising,55795,55741,55795,54
climbing,55810,55795,55810,15
walking,55818,55810,55818,8
right_turning,55838,55818,55838,20
trotting,55871,55838,55871,33
rising,55908,55871,55908,37
rearing,55963,55908,55963,55
grooming,55964,55963,55964,1
rising,55990,55964,55990,26
rearing,56084,55990,56084,94
hunching,56132,56084,56132,48
sniffing,56133,56132,56133,1
stepping,56154,56133,56154,21
sniffing,56256,56154,56256,102
grooming,56365,56256,56365,109
climbing,56388,56365,56388,23
grooming,56540,56388,56540,152
stepping,56571,56540,56571,31
sniffing,56613,56571,56613,42
stepping,56654,56613,56654,41
sniffing,56705,56654,56705,51
walking,56713,56705,56713,8
running,56729,56713,56729,16
sniffing,56737,56729,56737,8
rising,56738,56737,56738,1
sniffing,56766,56738,56766,28
walking,56823,56766,56823,57
sniffing,56824,56823,56824,1
grooming,56825,56824,56825,1
rearing,56826,56825,56826,1
hunching,56830,56826,56830,4
rearing,56894,56830,56894,64
grooming,56922,56894,56922,28
hunching,56949,56922,56949,27
rearing,57036,56949,57036,87
grooming,57135,57036,57135,99
sniffing,57200,57135,57200,65
walking,57215,57200,57215,15
trotting,57236,57215,57236,21
stepping,57251,57236,57251,15
right_turning,57281,57251,57281,30
running,57311,57281,57311,30
stepping,57333,57311,57333,22
sniffing,57334,57333,57334,1
walking,57350,57334,57350,16
sniffing,57445,57350,57445,95
rising,57483,57445,57483,38
sniffing,57562,57483,57562,79
left_turning,57634,57562,57634,72
trotting,57636,57634,57636,2
climbing,57665,57636,57665,29
rearing,57745,57665,57745,80
trotting,57758,57745,57758,13
walking,57785,57758,57785,27
grooming,57996,57785,57996,211
sniffing,58006,57996,58006,10
grooming,58174,58006,58174,168
sniffing,58230,58174,58230,56
stepping,58256,58230,58256,26
left_turning,58259,58256,58259,3
sniffing,58260,58259,58260,1
stepping,58272,58260,58272,12
sniffing,58280,58272,58280,8
climbing,58313,58280,58313,33
walking,58340,58313,58340,27
left_turning,58357,58340,58357,17
walking,58388,58357,58388,31
rising,58389,58388,58389,1
climbing,58418,58389,58418,29
grooming,58419,58418,58419,1
rearing,58434,58419,58434,15
stepping,58466,58434,58466,32
walking,58496,58466,58496,30
sniffing,58559,58496,58559,63
running,58577,58559,58577,18
walking,58605,58577,58605,28
sniffing,58647,58605,58647,42
grooming,58648,58647,58648,1
hunching,58710,58648,58710,62
stepping,58723,58710,58723,13
rising,58872,58723,58872,149
rearing,58915,58872,58915,43
grooming,58935,58915,58935,20
rearing,59056,58935,59056,121
grooming,59057,59056,59057,1
hunching,59132,59057,59132,75
rearing,59133,59132,59133,1
grooming,59289,59133,59289,156
hunching,59290,59289,59290,1
grooming,59589,59290,59589,299
rearing,59616,59589,59616,27
climbing,59650,59616,59650,34
sniffing,59715,59650,59715,65
rearing,59716,59715,59716,1
climbing,59757,59716,59757,41
stepping,59779,59757,59779,22
sniffing,59797,59779,59797,18
walking,59820,59797,59820,23
sniffing,59871,59820,59871,51
left_turning,59926,59871,59926,55
walking,59952,59926,59952,26
rearing,60034,59952,60034,82
climbing,60088,60034,60088,54
grooming,60107,60088,60107,19
hunching,60164,60107,60164,57
rising,60165,60164,60165,1
climbing,60238,60165,60238,73
stepping,60263,60238,60263,25
sniffing,60293,60263,60293,30
rising,60321,60293,60321,28
stepping,60356,60321,60356,35
rearing,60357,60356,60357,1
climbing,60486,60357,60486,129
stepping,60523,60486,60523,37
walking,60537,60523,60537,14
sniffing,60619,60537,60619,82
walking,60636,60619,60636,17
sniffing,60671,60636,60671,35
walking,60681,60671,60681,10
stepping,60729,60681,60729,48
walking,60758,60729,60758,29
sniffing,60826,60758,60826,68
walking,60865,60826,60865,39
rearing,60942,60865,60942,77
stepping,60968,60942,60968,26
sniffing,61019,60968,61019,51
stepping,61021,61019,61021,2
sniffing,61095,61021,61095,74
stepping,61147,61095,61147,52
sniffing,61170,61147,61170,23
scratching,61233,61170,61233,63
sniffing,61266,61233,61266,33
trotting,61301,61266,61301,35
walking,61370,61301,61370,69
sniffing,61376,61370,61376,6
left_turning,61462,61376,61462,86
sniffing,61707,61462,61707,245
left_turning,61775,61707,61775,68
sniffing,61855,61775,61855,80
right_turning,61894,61855,61894,39
sniffing,61951,61894,61951,57
stepping,61961,61951,61961,10
hunching,62098,61961,62098,137
sniffing,62185,62098,62185,87
right_turning,62221,62185,62221,36
stepping,62230,62221,62230,9
sniffing,62298,62230,62298,68
walking,62351,62298,62351,53
sniffing,62417,62351,62417,66
stepping,62437,62417,62437,20
grooming,62438,62437,62438,1
sniffing,62440,62438,62440,2
rising,62484,62440,62484,44
grooming,62485,62484,62485,1
hunching,62560,62485,62560,75
grooming,62724,62560,62724,164
scratching,62736,62724,62736,12
sniffing,62819,62736,62819,83
walking,62862,62819,62862,43
sniffing,62897,62862,62897,35
rising,62898,62897,62898,1
climbing,62932,62898,62932,34
stepping,62962,62932,62962,30
climbing,62974,62962,62974,12
walking,62989,62974,62989,15
rearing,63087,62989,63087,98
rising,63088,63087,63088,1
climbing,63143,63088,63143,55
sniffing,63185,63143,63185,42
rising,63279,63185,63279,94
rearing,63346,63279,63346,67
left_turning,63356,63346,63356,10
walking,63418,63356,63418,62
sniffing,63419,63418,63419,1
climbing,63448,63419,63448,29
left_turning,63477,63448,63477,29
climbing,63502,63477,63502,25
trotting,63516,63502,63516,14
sniffing,63531,63516,63531,15
rising,63571,63531,63571,40
climbing,63644,63571,63644,73
running,63675,63644,63675,31
sniffing,63798,63675,63798,123
walking,63804,63798,63804,6
rising,63820,63804,63820,16
sniffing,63920,63820,63920,100
rising,63972,63920,63972,52
walking,63992,63972,63992,20
rising,64047,63992,64047,55
climbing,64097,64047,64097,50
rearing,64205,64097,64205,108
walking,64238,64205,64238,33
sniffing,64326,64238,64326,88
stepping,64428,64326,64428,102
climbing,64491,64428,64491,63
stepping,64500,64491,64500,9
climbing,64501,64500,64501,1
trotting,64527,64501,64527,26
stepping,64528,64527,64528,1
sniffing,64573,64528,64573,45
walking,64582,64573,64582,9
sniffing,64645,64582,64645,63
pausing,64795,64645,64795,150
sniffing,64870,64795,64870,75
climbing,64916,64870,64916,46
walking,64925,64916,64925,9
sniffing,64938,64925,64938,13
climbing,64999,64938,64999,61
trotting,65036,64999,65036,37
sniffing,65039,65036,65039,3
stepping,65071,65039,65071,32
rising,65127,65071,65127,56
sniffing,65189,65127,65189,62
walking,65196,65189,65196,7
sniffing,65257,65196,65257,61
walking,65265,65257,65265,8
stepping,65285,65265,65285,20
sniffing,65286,65285,65286,1
rising,65311,65286,65311,25
climbing,65338,65311,65338,27
rising,65375,65338,65375,37
stepping,65395,65375,65395,20
walking,65418,65395,65418,23
stepping,65456,65418,65456,38
sniffing,65620,65456,65620,164
stepping,65631,65620,65631,11
walking,65696,65631,65696,65
stepping,65723,65696,65723,27
grooming,65724,65723,65724,1
stepping,65742,65724,65742,18
climbing,65745,65742,65745,3
rearing,65825,65745,65825,80
rising,65875,65825,65875,50
sniffing,65930,65875,65930,55
rising,66035,65930,66035,105
stepping,66069,66035,66069,34
sniffing,66117,66069,66117,48
rearing,66160,66117,66160,43
hunching,66161,66160,66161,1
grooming,66162,66161,66162,1
sniffing,66239,66162,66239,77
rising,66356,66239,66356,117
sniffing,66384,66356,66384,28
rising,66392,66384,66392,8
rearing,66393,66392,66393,1
climbing,66425,66393,66425,32
stepping,66451,66425,66451,26
sniffing,66665,66451,66665,214
right_turning,66670,66665,66670,5
walking,66685,66670,66685,15
sniffing,66961,66685,66961,276
grooming,67242,66961,67242,281
rearing,67275,67242,67275,33
stepping,67308,67275,67308,33
walking,67355,67308,67355,47
sniffing,67410,67355,67410,55
grooming,67629,67410,67629,219
scratching,67971,67629,67971,342
grooming,68505,67971,68505,534
walking,68520,68505,68520,15
sniffing,68541,68520,68541,21
walking,68565,68541,68565,24
climbing,68583,68565,68583,18
walking,68595,68583,68595,12
sniffing,68691,68595,68691,96
stepping,68693,68691,68693,2
sniffing,68732,68693,68732,39
right_turning,68757,68732,68757,25
sniffing,69165,68757,69165,408
walking,69197,69165,69197,32
stepping,69223,69197,69223,26
sniffing,69404,69223,69404,181
left_turning,69455,69404,69455,51
rising,69492,69455,69492,37
climbing,69513,69492,69513,21
left_turning,69567,69513,69567,54
walking,69576,69567,69576,9
rising,69595,69576,69595,19
walking,69621,69595,69621,26
grooming,69771,69621,69771,150
climbing,69842,69771,69842,71
grooming,69843,69842,69843,1
left_turning,69863,69843,69863,20
stepping,69884,69863,69884,21
sniffing,69923,69884,69923,39
stepping,69957,69923,69957,34
climbing,69993,69957,69993,36
sniffing,70067,69993,70067,74
grooming,70723,70067,70723,656
sniffing,70724,70723,70724,1
grooming,70725,70724,70725,1
sniffing,70726,70725,70726,1
rising,70786,70726,70786,60
stepping,70799,70786,70799,13
walking,70800,70799,70800,1
right_turning,70805,70800,70805,5
walking,70821,70805,70821,16
sniffing,70910,70821,70910,89
rising,71037,70910,71037,127
climbing,71091,71037,71091,54
walking,71118,71091,71118,27
sniffing,71145,71118,71145,27
rising,71160,71145,71160,15
sniffing,71238,71160,71238,78
right_turning,71257,71238,71257,19
walking,71289,71257,71289,32
jumping,71315,71289,71315,26
grooming,71441,71315,71441,126
sniffing,71559,71441,71559,118
stepping,71585,71559,71585,26
rising,71591,71585,71591,6
climbing,71605,71591,71605,14
sniffing,71811,71605,71811,206
rearing,71897,71811,71897,86
stepping,71953,71897,71953,56
sniffing,71985,71953,71985,32
stepping,72038,71985,72038,53
rearing,72109,72038,72109,71
grooming,72110,72109,72110,1
hunching,72178,72110,72178,68
grooming,72179,72178,72179,1
walking,72235,72179,72235,56
stepping,72240,72235,72240,5
sniffing,72244,72240,72244,4
stepping,72259,72244,72259,15
walking,72286,72259,72286,27
sniffing,72376,72286,72376,90
right_turning,72419,72376,72419,43
rearing,72420,72419,72420,1
climbing,72464,72420,72464,44
grooming,72722,72464,72722,258
walking,72757,72722,72757,35
running,72770,72757,72770,13
sniffing,72842,72770,72842,72
rearing,72860,72842,72860,18
hunching,72861,72860,72861,1
grooming,73057,72861,73057,196
sniffing,73064,73057,73064,7
left_turning,73071,73064,73071,7
stepping,73165,73071,73165,94
walking,73175,73165,73175,10
stepping,73188,73175,73188,13
trotting,73206,73188,73206,18
sniffing,73264,73206,73264,58
stepping,73289,73264,73289,25
left_turning,73290,73289,73290,1
sniffing,73322,73290,73322,32
walking,73351,73322,73351,29
grooming,73352,73351,73352,1
hunching,73410,73352,73410,58
grooming,73485,73410,73485,75
sniffing,73545,73485,73545,60
walking,73587,73545,73587,42
climbing,73618,73587,73618,31
sniffing,73663,73618,73663,45
stepping,73690,73663,73690,27
sniffing,73691,73690,73691,1
rising,73706,73691,73706,15
sniffing,73732,73706,73732,26
running,73766,73732,73766,34
sniffing,73778,73766,73778,12
stepping,73798,73778,73798,20
sniffing,73799,73798,73799,1
walking,73802,73799,73802,3
sniffing,73805,73802,73805,3
left_turning,73890,73805,73890,85
grooming,73891,73890,73891,1
stepping,73929,73891,73929,38
rising,73969,73929,73969,40
hunching,74020,73969,74020,51
grooming,74021,74020,74021,1
rearing,74231,74021,74231,210
grooming,74232,74231,74232,1
sniffing,74233,74232,74233,1
rising,74236,74233,74236,3
rearing,74291,74236,74291,55
stepping,74345,74291,74345,54
sniffing,74412,74345,74412,67
rearing,74413,74412,74413,1
rising,74430,74413,74430,17
sniffing,74502,74430,74502,72
hunching,74514,74502,74514,12
rising,74525,74514,74525,11
climbing,74568,74525,74568,43
walking,74587,74568,74587,19
rising,74648,74587,74648,61
sniffing,74671,74648,74671,23
walking,74690,74671,74690,19
grooming,74691,74690,74691,1
scratching,74701,74691,74701,10
grooming,74858,74701,74858,157
rising,74897,74858,74897,39
sniffing,74908,74897,74908,11
stepping,74912,74908,74912,4
sniffing,75023,74912,75023,111
walking,75059,75023,75059,36
rising,75067,75059,75067,8
walking,75086,75067,75086,19
climbing,75098,75086,75098,12
stepping,75121,75098,75121,23
rearing,75164,75121,75164,43
stepping,75187,75164,75187,23
sniffing,75188,75187,75188,1
stepping,75210,75188,75210,22
sniffing,75231,75210,75231,21
grooming,75527,75231,75527,296
rearing,75623,75527,75623,96
rising,75660,75623,75660,37
rearing,75661,75660,75661,1
hunching,75725,75661,75725,64
rearing,75731,75725,75731,6
stepping,75782,75731,75782,51
rising,75796,75782,75796,14
walking,75803,75796,75803,7
sniffing,75834,75803,75834,31
rising,75890,75834,75890,56
climbing,75919,75890,75919,29
trotting,75959,75919,75959,40
walking,76001,75959,76001,42
left_turning,76068,76001,76068,67
trotting,76094,76068,76094,26
rising,76101,76094,76101,7
sniffing,76162,76101,76162,61
grooming,76452,76162,76452,290
walking,76470,76452,76470,18
sniffing,76491,76470,76491,21
climbing,76492,76491,76492,1
left_turning,76498,76492,76498,6
stepping,76527,76498,76527,29
sniffing,76740,76527,76740,213
stepping,76787,76740,76787,47
right_turning,76807,76787,76807,20
walking,76848,76807,76848,41
stepping,76868,76848,76868,20
sniffing,76959,76868,76959,91
walking,76994,76959,76994,35
rising,77035,76994,77035,41
climbing,77070,77035,77070,35
sniffing,77071,77070,77071,1
rising,77097,77071,77097,26
grooming,77289,77097,77289,192
rearing,77445,77289,77445,156
rising,77451,77445,77451,6
rearing,77460,77451,77460,9
grooming,77772,77460,77772,312
rearing,77874,77772,77874,102
running,77895,77874,77895,21
rearing,77995,77895,77995,100
walking,78038,77995,78038,43
stepping,78069,78038,78069,31
rearing,78107,78069,78107,38
grooming,78234,78107,78234,127
rearing,78274,78234,78274,40
climbing,78316,78274,78316,42
grooming,78516,78316,78516,200
climbing,78553,78516,78553,37
trotting,78562,78553,78562,9
stepping,78584,78562,78584,22
rearing,78645,78584,78645,61
stepping,78673,78645,78673,28
walking,78724,78673,78724,51
sniffing,78725,78724,78725,1
right_turning,78753,78725,78753,28
sniffing,78772,78753,78772,19
rising,78793,78772,78793,21
grooming,78808,78793,78808,15
left_turning,78809,78808,78809,1
stepping,78843,78809,78843,34
climbing,78876,78843,78876,33
sniffing,78923,78876,78923,47
rising,78944,78923,78944,21
grooming,79176,78944,79176,232
climbing,79200,79176,79200,24
left_turning,79201,79200,79201,1
trotting,79267,79201,79267,66
walking,79317,79267,79317,50
sniffing,79363,79317,79363,46
rising,79391,79363,79391,28
climbing,79424,79391,79424,33
trotting,79463,79424,79463,39
walking,79465,79463,79465,2
sniffing,79472,79465,79472,7
trotting,79517,79472,79517,45
sniffing,79548,79517,79548,31
rising,79558,79548,79558,10
rearing,79616,79558,79616,58
climbing,79644,79616,79644,28
running,79652,79644,79652,8
stepping,79673,79652,79673,21
climbing,79698,79673,79698,25
stepping,79734,79698,79734,36
hunching,79735,79734,79735,1
rearing,79943,79735,79943,208
running,79960,79943,79960,17
trotting,79987,79960,79987,27
sniffing,80013,79987,80013,26
climbing,80016,80013,80016,3
rising,80048,80016,80048,32
trotting,80084,80048,80084,36
right_turning,80085,80084,80085,1
rising,80086,80085,80086,1
rearing,80228,80086,80228,142
running,80229,80228,80229,1
sniffing,80296,80229,80296,67
climbing,80399,80296,80399,103
trotting,80418,80399,80418,19
walking,80455,80418,80455,37
rising,80475,80455,80475,20
sniffing,80476,80475,80476,1
right_turning,80510,80476,80510,34
walking,80574,80510,80574,64
stepping,80601,80574,80601,27
walking,80680,80601,80680,79
stepping,80718,80680,80718,38
right_turning,80745,80718,80745,27
trotting,80769,80745,80769,24
walking,80778,80769,80778,9
rising,80803,80778,80803,25
climbing,80822,80803,80822,19
sniffing,80824,80822,80824,2
stepping,80863,80824,80863,39
trotting,80887,80863,80887,24
rising,80892,80887,80892,5
grooming,81178,80892,81178,286
rearing,81228,81178,81228,50
climbing,81273,81228,81273,45
sniffing,81359,81273,81359,86
walking,81382,81359,81382,23
trotting,81420,81382,81420,38
rising,81421,81420,81421,1
rearing,81440,81421,81440,19
stepping,81473,81440,81473,33
walking,81489,81473,81489,16
sniffing,81578,81489,81578,89
walking,81621,81578,81621,43
sniffing,81658,81621,81658,37
stepping,81677,81658,81677,19
sniffing,81739,81677,81739,62
walking,81770,81739,81770,31
left_turning,81792,81770,81792,22
rising,81823,81792,81823,31
rearing,81900,81823,81900,77
stepping,81901,81900,81901,1
sniffing,82001,81901,82001,100
right_turning,82060,82001,82060,59
rising,82184,82060,82184,124
climbing,82220,82184,82220,36
stepping,82241,82220,82241,21
walking,82242,82241,82242,1
sniffing,82315,82242,82315,73
walking,82317,82315,82317,2
stepping,82364,82317,82364,47
sniffing,82457,82364,82457,93
climbing,82475,82457,82475,18
grooming,83570,82475,83570,1095
left_turning,83607,83570,83607,37
walking,83659,83607,83659,52
left_turning,83868,83659,83868,209
hunching,83869,83868,83869,1
rearing,83890,83869,83890,21
rising,83911,83890,83911,21
sniffing,83939,83911,83939,28
grooming,83940,83939,83940,1
climbing,83947,83940,83947,7
left_turning,83986,83947,83986,39
sniffing,84014,83986,84014,28
rearing,84070,84014,84070,56
climbing,84141,84070,84141,71
running,84162,84141,84162,21
walking,84236,84162,84236,74
rising,84303,84236,84303,67
hunching,84304,84303,84304,1
rearing,84335,84304,84335,31
climbing,84387,84335,84387,52
grooming,84576,84387,84576,189
left_turning,84636,84576,84636,60
rearing,84761,84636,84761,125
stepping,84765,84761,84765,4
sniffing,84767,84765,84767,2
left_turning,84768,84767,84768,1
running,84801,84768,84801,33
walking,84819,84801,84819,18
stepping,84842,84819,84842,23
climbing,84948,84842,84948,106
stepping,84988,84948,84988,40
sniffing,85047,84988,85047,59
stepping,85050,85047,85050,3
walking,85116,85050,85116,66
right_turning,85141,85116,85141,25
walking,85172,85141,85172,31
sniffing,85211,85172,85211,39
grooming,85349,85211,85349,138
sniffing,85350,85349,85350,1
grooming,85638,85350,85638,288
stepping,85696,85638,85696,58
sniffing,85697,85696,85697,1
rearing,85738,85697,85738,41
grooming,85739,85738,85739,1
rearing,85747,85739,85747,8
walking,85793,85747,85793,46
sniffing,85822,85793,85822,29
rising,85837,85822,85837,15
sniffing,85858,85837,85858,21
grooming,86190,85858,86190,332
hunching,86200,86190,86200,10
sniffing,86248,86200,86248,48
grooming,86399,86248,86399,151
sniffing,86467,86399,86467,68
rising,86481,86467,86481,14
sniffing,86482,86481,86482,1
walking,86484,86482,86484,2
rearing,86485,86484,86485,1
hunching,86532,86485,86532,47
climbing,86558,86532,86558,26
grooming,86660,86558,86660,102
rearing,86664,86660,86664,4
grooming,86665,86664,86665,1
walking,86688,86665,86688,23
stepping,86721,86688,86721,33
walking,86749,86721,86749,28
rising,86812,86749,86812,63
rearing,86876,86812,86876,64
climbing,86885,86876,86885,9
rearing,86957,86885,86957,72
grooming,87191,86957,87191,234
sniffing,87241,87191,87241,50
walking,87275,87241,87275,34
climbing,87318,87275,87318,43
rising,87319,87318,87319,1
rearing,87354,87319,87354,35
sniffing,87396,87354,87396,42
scratching,87539,87396,87539,143
sniffing,87557,87539,87557,18
walking,87593,87557,87593,36
stepping,87623,87593,87623,30
walking,87689,87623,87689,66
rising,87704,87689,87704,15
scratching,87705,87704,87705,1
sniffing,87706,87705,87706,1
stepping,87750,87706,87750,44
walking,87760,87750,87760,10
right_turning,87797,87760,87797,37
sniffing,87950,87797,87950,153
left_turning,87967,87950,87967,17
sniffing,88056,87967,88056,89
stepping,88064,88056,88064,8
sniffing,88065,88064,88065,1
walking,88066,88065,88066,1
right_turning,88073,88066,88073,7
stepping,88089,88073,88089,16
sniffing,88117,88089,88117,28
rearing,88186,88117,88186,69
climbing,88218,88186,88218,32
rearing,88321,88218,88321,103
rising,88397,88321,88397,76
sniffing,88416,88397,88416,19
walking,88443,88416,88443,27
stepping,88469,88443,88469,26
grooming,88470,88469,88470,1
rearing,88471,88470,88471,1
grooming,88612,88471,88612,141
trotting,88621,88612,88621,9
walking,88681,88621,88681,60
trotting,88719,88681,88719,38
sniffing,88720,88719,88720,1
left_turning,88721,88720,88721,1
hunching,88745,88721,88745,24
rising,88795,88745,88795,50
climbing,88842,88795,88842,47
rearing,88843,88842,88843,1
hunching,88856,88843,88856,13
left_turning,88887,88856,88887,31
stepping,88940,88887,88940,53
rearing,88972,88940,88972,32
grooming,88973,88972,88973,1
rearing,89044,88973,89044,71
grooming,89045,89044,89045,1
sniffing,89049,89045,89049,4
left_turning,89081,89049,89081,32
sniffing,89096,89081,89096,15
stepping,89136,89096,89136,40
climbing,89144,89136,89144,8
rising,89192,89144,89192,48
sniffing,89280,89192,89280,88
rising,89281,89280,89281,1
walking,89329,89281,89329,48
stepping,89356,89329,89356,27
rising,89367,89356,89367,11
climbing,89387,89367,89387,20
rearing,89437,89387,89437,50
grooming,89856,89437,89856,419
stepping,89884,89856,89884,28
sniffing,89927,89884,89927,43
rising,89985,89927,89985,58
rearing,90037,89985,90037,52
sniffing,90046,90037,90046,9
rising,90058,90046,90058,12
left_turning,90107,90058,90107,49
climbing,90152,90107,90152,45
stepping,90170,90152,90170,18
climbing,90175,90170,90175,5
rearing,90337,90175,90337,162
climbing,90382,90337,90382,45
rearing,90422,90382,90422,40
sniffing,90451,90422,90451,29
rising,90498,90451,90498,47
grooming,90550,90498,90550,52
walking,90551,90550,90551,1
stepping,90581,90551,90581,30
sniffing,90590,90581,90590,9
rising,90592,90590,90592,2
climbing,90619,90592,90619,27
walking,90638,90619,90638,19
sniffing,90707,90638,90707,69
grooming,90995,90707,90995,288
stepping,91086,90995,91086,91
grooming,91107,91086,91107,21
stepping,91140,91107,91140,33
sniffing,91148,91140,91148,8
stepping,91153,91148,91153,5
walking,91194,91153,91194,41
sniffing,91259,91194,91259,65
grooming,91260,91259,91260,1
right_turning,91282,91260,91282,22
climbing,91298,91282,91298,16
grooming,91349,91298,91349,51
hunching,91457,91349,91457,108
rising,91467,91457,91467,10
left_turning,91487,91467,91487,20
grooming,91622,91487,91622,135
walking,91625,91622,91625,3
right_turning,91626,91625,91626,1
walking,91642,91626,91642,16
rising,91647,91642,91647,5
grooming,91814,91647,91814,167
rising,91819,91814,91819,5
climbing,91905,91819,91905,86
grooming,91906,91905,91906,1
trotting,91934,91906,91934,28
sniffing,91937,91934,91937,3
left_turning,91966,91937,91966,29
rising,91983,91966,91983,17
walking,92021,91983,92021,38
sniffing,92087,92021,92087,66
running,92112,92087,92112,25
stepping,92150,92112,92150,38
walking,92224,92150,92224,74
stepping,92239,92224,92239,15
walking,92261,92239,92261,22
rearing,92365,92261,92365,104
hunching,92465,92365,92465,100
rearing,92514,92465,92514,49
grooming,92779,92514,92779,265
hunching,92869,92779,92869,90
grooming,92948,92869,92948,79
scratching,92971,92948,92971,23
grooming,93003,92971,93003,32
hunching,93089,93003,93089,86
rearing,93107,93089,93107,18
grooming,93188,93107,93188,81
scratching,93293,93188,93293,105
sniffing,93322,93293,93322,29
walking,93345,93322,93345,23
trotting,93383,93345,93383,38
walking,93395,93383,93395,12
sniffing,93446,93395,93446,51
trotting,93521,93446,93521,75
sniffing,93600,93521,93600,79
grooming,93763,93600,93763,163
rearing,93827,93763,93827,64
grooming,93954,93827,93954,127
sniffing,93960,93954,93960,6
walking,93975,93960,93975,15
sniffing,93994,93975,93994,19
stepping,93995,93994,93995,1
sniffing,94010,93995,94010,15
rising,94084,94010,94084,74
stepping,94124,94084,94124,40
right_turning,94162,94124,94162,38
stepping,94175,94162,94175,13
sniffing,94220,94175,94220,45
trotting,94264,94220,94264,44
grooming,94265,94264,94265,1
hunching,94358,94265,94358,93
left_turning,94372,94358,94372,14
walking,94420,94372,94420,48
sniffing,94453,94420,94453,33
rising,94489,94453,94489,36
stepping,94531,94489,94531,42
sniffing,94547,94531,94547,16
right_turning,94581,94547,94581,34
sniffing,94641,94581,94641,60
rising,94710,94641,94710,69
grooming,95963,94710,95963,1253
climbing,96002,95963,96002,39
grooming,96003,96002,96003,1
rearing,96066,96003,96066,63
hunching,96151,96066,96151,85
rearing,96172,96151,96172,21
walking,96178,96172,96178,6
trotting,96222,96178,96222,44
walking,96223,96222,96223,1
stepping,96283,96223,96283,60
sniffing,96337,96283,96337,54
stepping,96361,96337,96361,24
sniffing,96484,96361,96484,123
rearing,96527,96484,96527,43
hunching,96573,96527,96573,46
stepping,96587,96573,96587,14
grooming,96692,96587,96692,105
rearing,96710,96692,96710,18
rising,96725,96710,96725,15
rearing,96726,96725,96726,1
climbing,96751,96726,96751,25
stepping,96752,96751,96752,1
sniffing,96846,96752,96846,94
rising,96879,96846,96879,33
rearing,96896,96879,96896,17
sniffing,96948,96896,96948,52
left_turning,96995,96948,96995,47
sniffing,97033,96995,97033,38
rising,97034,97033,97034,1
left_turning,97065,97034,97065,31
grooming,97304,97065,97304,239
walking,97318,97304,97318,14
grooming,97319,97318,97319,1
right_turning,97368,97319,97368,49
stepping,97397,97368,97397,29
walking,97422,97397,97422,25
sniffing,97454,97422,97454,32
stepping,97502,97454,97502,48
walking,97706,97502,97706,204
rising,97761,97706,97761,55
grooming,97983,97761,97983,222
rearing,98026,97983,98026,43
climbing,98056,98026,98056,30
walking,98068,98056,98068,12
trotting,98098,98068,98098,30
rearing,98143,98098,98143,45
grooming,98144,98143,98144,1
rearing,98155,98144,98155,11
hunching,98165,98155,98165,10
rearing,98233,98165,98233,68
stepping,98259,98233,98259,26
sniffing,98298,98259,98298,39
stepping,98342,98298,98342,44
sniffing,98343,98342,98343,1
walking,98344,98343,98344,1
running,98360,98344,98360,16
stepping,98405,98360,98405,45
walking,98406,98405,98406,1
climbing,98458,98406,98458,52
sniffing,98502,98458,98502,44
rising,98503,98502,98503,1
grooming,98504,98503,98504,1
sniffing,98507,98504,98507,3
grooming,98508,98507,98508,1
walking,98551,98508,98551,43
sniffing,98559,98551,98559,8
trotting,98586,98559,98586,27
rising,98614,98586,98614,28
sniffing,98615,98614,98615,1
stepping,98659,98615,98659,44
sniffing,98748,98659,98748,89
stepping,98771,98748,98771,23
walking,98852,98771,98852,81
sniffing,98897,98852,98897,45
walking,98914,98897,98914,17
sniffing,98916,98914,98916,2
grooming,99003,98916,99003,87
stepping,99032,99003,99032,29
sniffing,99115,99032,99115,83
grooming,99153,99115,99153,38
rising,99255,99153,99255,102
rearing,99308,99255,99308,53
left_turning,99346,99308,99346,38
rearing,99383,99346,99383,37
walking,99389,99383,99389,6
sniffing,99468,99389,99468,79
walking,99576,99468,99576,108
sniffing,99591,99576,99591,15
rearing,99592,99591,99592,1
grooming,99771,99592,99771,179
rearing,99833,99771,99833,62
running,99846,99833,99846,13
walking,99847,99846,99847,1
sniffing,99848,99847,99848,1
trotting,99851,99848,99851,3
stepping,99859,99851,99859,8
climbing,99883,99859,99883,24
walking,99909,99883,99909,26
sniffing,100006,99909,100006,97
running,100022,100006,100022,16
walking,100041,100022,100041,19
rising,100092,100041,100092,51
walking,100098,100092,100098,6
stepping,100099,100098,100099,1
sniffing,100133,100099,100133,34
rising,100134,100133,100134,1
rearing,100185,100134,100185,51
stepping,100221,100185,100221,36
sniffing,100249,100221,100249,28
rising,100250,100249,100250,1
grooming,100251,100250,100251,1
rearing,100309,100251,100309,58
hunching,100373,100309,100373,64
rearing,100386,100373,100386,13
rising,100420,100386,100420,34
grooming,100558,100420,100558,138
climbing,100595,100558,100595,37
rearing,100596,100595,100596,1
grooming,100704,100596,100704,108
sniffing,100824,100704,100824,120
stepping,100845,100824,100845,21
sniffing,100870,100845,100870,25
stepping,100916,100870,100916,46
sniffing,100952,100916,100952,36
stepping,100992,100952,100992,40
left_turning,101070,100992,101070,78
walking,101115,101070,101115,45
sniffing,101144,101115,101144,29
stepping,101184,101144,101184,40
walking,101217,101184,101217,33
stepping,101247,101217,101247,30
sniffing,101254,101247,101254,7
rising,101268,101254,101268,14
rearing,101319,101268,101319,51
hunching,101342,101319,101342,23
left_turning,101394,101342,101394,52
trotting,101420,101394,101420,26
running,101456,101420,101456,36
walking,101496,101456,101496,40
rising,101519,101496,101519,23
sniffing,101537,101519,101537,18
grooming,101538,101537,101538,1
rearing,101662,101538,101662,124
grooming,101884,101662,101884,222
rearing,101911,101884,101911,27
hunching,101981,101911,101981,70
rearing,102088,101981,102088,107
rising,102101,102088,102101,13
sniffing,102102,102101,102102,1
stepping,102139,102102,102139,37
sniffing,102143,102139,102143,4
walking,102170,102143,102170,27
rising,102220,102170,102220,50
sniffing,102221,102220,102221,1
walking,102264,102221,102264,43
sniffing,102304,102264,102304,40
grooming,102460,102304,102460,156
sniffing,102541,102460,102541,81
rising,102563,102541,102563,22
grooming,102564,102563,102564,1
sniffing,102576,102564,102576,12
stepping,102598,102576,102598,22
rising,102599,102598,102599,1
climbing,102616,102599,102616,17
running,102634,102616,102634,18
walking,102644,102634,102644,10
stepping,102684,102644,102684,40
rising,102728,102684,102728,44
rearing,102751,102728,102751,23
hunching,102841,102751,102841,90
grooming,102963,102841,102963,122
hunching,103010,102963,103010,47
climbing,103037,103010,103037,27
sniffing,103097,103037,103097,60
stepping,103099,103097,103099,2
climbing,103102,103099,103102,3
left_turning,103103,103102,103103,1
sniffing,103104,103103,103104,1
running,103134,103104,103134,30
walking,103181,103134,103181,47
sniffing,103292,103181,103292,111
left_turning,103316,103292,103316,24
walking,103358,103316,103358,42
right_turning,103383,103358,103383,25
sniffing,103466,103383,103466,83
trotting,103486,103466,103486,20
sniffing,103589,103486,103589,103
stepping,103615,103589,103615,26
sniffing,103714,103615,103714,99
rising,103732,103714,103732,18
rearing,103973,103732,103973,241
sniffing,103997,103973,103997,24
climbing,104018,103997,104018,21
walking,104095,104018,104095,77
stepping,104138,104095,104138,43
sniffing,104149,104138,104149,11
rising,104181,104149,104181,32
sniffing,104268,104181,104268,87
walking,104309,104268,104309,41
stepping,104340,104309,104340,31
climbing,104411,104340,104411,71
rearing,104424,104411,104424,13
hunching,104511,104424,104511,87
left_turning,104522,104511,104522,11
sniffing,104611,104522,104611,89
walking,104617,104611,104617,6
stepping,104644,104617,104644,27
rising,104645,104644,104645,1
rearing,104713,104645,104713,68
grooming,104714,104713,104714,1
hunching,104877,104714,104877,163
grooming,105354,104877,105354,477
scratching,105396,105354,105396,42
grooming,105448,105396,105448,52
sniffing,105480,105448,105480,32
rising,105498,105480,105498,18
walking,105539,105498,105539,41
sniffing,105542,105539,105542,3
rising,105781,105542,105781,239
sniffing,105807,105781,105807,26
left_turning,105827,105807,105827,20
stepping,105841,105827,105841,14
walking,105861,105841,105861,20
sniffing,105897,105861,105897,36
trotting,105933,105897,105933,36
sniffing,105979,105933,105979,46
stepping,106008,105979,106008,29
right_turning,106032,106008,106032,24
sniffing,106103,106032,106103,71
grooming,106104,106103,106104,1
sniffing,106127,106104,106127,23
rearing,106440,106127,106440,313
hunching,106509,106440,106509,69
grooming,106510,106509,106510,1
left_turning,106543,106510,106543,33
walking,106559,106543,106559,16
sniffing,106693,106559,106693,134
grooming,106765,106693,106765,72
left_turning,106766,106765,106766,1
stepping,106821,106766,106821,55
sniffing,106822,106821,106822,1
stepping,106842,106822,106842,20
rearing,106876,106842,106876,34
grooming,106877,106876,106877,1
rearing,107005,106877,107005,128
climbing,107015,107005,107015,10
rearing,107064,107015,107064,49
grooming,107065,107064,107065,1
left_turning,107085,107065,107085,20
sniffing,107127,107085,107127,42
grooming,107348,107127,107348,221
rearing,107349,107348,107349,1
grooming,107502,107349,107502,153
rearing,107503,107502,107503,1
grooming,107718,107503,107718,215
walking,107738,107718,107738,20
rearing,107763,107738,107763,25
sniffing,107813,107763,107813,50
rising,107818,107813,107818,5
left_turning,107872,107818,107872,54
grooming,107873,107872,107873,1
walking,107907,107873,107907,34
sniffing,107941,107907,107941,34
left_turning,107972,107941,107972,31
stepping,107988,107972,107988,16
sniffing,108000,107988,108000,12
