revised_movement_label,segBoundary,segBoundary_start,segBoundary_end,length
sniffing,28,0,28,28
grooming,200,28,200,172
right_turning,209,200,209,9
stepping,233,209,233,24
sniffing,309,233,309,76
rising,311,309,311,2
grooming,312,311,312,1
sniffing,360,312,360,48
stepping,427,360,427,67
right_turning,429,427,429,2
walking,454,429,454,25
sniffing,529,454,529,75
rising,582,529,582,53
sniffing,583,582,583,1
walking,610,583,610,27
stepping,612,610,612,2
rising,613,612,613,1
hunching,614,613,614,1
climbing,664,614,664,50
grooming,790,664,790,126
right_turning,814,790,814,24
walking,837,814,837,23
stepping,867,837,867,30
walking,880,867,880,13
stepping,899,880,899,19
rising,927,899,927,28
left_turning,960,927,960,33
sniffing,989,960,989,29
grooming,1129,989,1129,140
sniffing,1134,1129,1134,5
hunching,1144,1134,1144,10
rearing,1222,1144,1222,78
rising,1287,1222,1287,65
rearing,1440,1287,1440,153
climbing,1471,1440,1471,31
left_turning,1478,1471,1478,7
sniffing,1547,1478,1547,69
left_turning,1575,1547,1575,28
sniffing,1633,1575,1633,58
rising,1683,1633,1683,50
grooming,1772,1683,1772,89
sniffing,1838,1772,1838,66
grooming,1849,1838,1849,11
sniffing,1850,1849,1850,1
rising,1859,1850,1859,9
walking,1874,1859,1874,15
running,1891,1874,1891,17
trotting,1907,1891,1907,16
walking,1936,1907,1936,29
sniffing,1964,1936,1964,28
stepping,1965,1964,1965,1
sniffing,1995,1965,1995,30
stepping,1996,1995,1996,1
walking,2044,1996,2044,48
rising,2116,2044,2116,72
running,2131,2116,2131,15
walking,2174,2131,2174,43
sniffing,2193,2174,2193,19
climbing,2226,2193,2226,33
running,2268,2226,2268,42
trotting,2314,2268,2314,46
stepping,2315,2314,2315,1
walking,2316,2315,2316,1
rising,2331,2316,2331,15
stepping,2358,2331,2358,27
sniffing,2359,2358,2359,1
trotting,2360,2359,2360,1
walking,2408,2360,2408,48
trotting,2446,2408,2446,38
walking,2474,2446,2474,28
running,2489,2474,2489,15
grooming,2490,2489,2490,1
right_turning,2511,2490,2511,21
sniffing,2530,2511,2530,19
rising,2577,2530,2577,47
right_turning,2597,2577,2597,20
walking,2621,2597,2621,24
sniffing,2626,2621,2626,5
rising,2730,2626,2730,104
right_turning,2731,2730,2731,1
walking,2732,2731,2732,1
sniffing,2755,2732,2755,23
rising,2806,2755,2806,51
grooming,2807,2806,2807,1
stepping,2858,2807,2858,51
walking,2863,2858,2863,5
stepping,2869,2863,2869,6
walking,2920,2869,2920,51
sniffing,2921,2920,2921,1
right_turning,2944,2921,2944,23
stepping,2977,2944,2977,33
sniffing,3051,2977,3051,74
left_turning,3053,3051,3053,2
sniffing,3074,3053,3074,21
rising,3075,3074,3075,1
stepping,3136,3075,3136,61
sniffing,3173,3136,3173,37
stepping,3249,3173,3249,76
walking,3281,3249,3281,32
stepping,3306,3281,3306,25
walking,3326,3306,3326,20
rising,3414,3326,3414,88
trotting,3457,3414,3457,43
walking,3498,3457,3498,41
sniffing,3534,3498,3534,36
rising,3676,3534,3676,142
hunching,3910,3676,3910,234
grooming,3985,3910,3985,75
stepping,3988,3985,3988,3
sniffing,3989,3988,3989,1
left_turning,4014,3989,4014,25
sniffing,4048,4014,4048,34
grooming,4069,4048,4069,21
rising,4196,4069,4196,127
walking,4211,4196,4211,15
sniffing,4224,4211,4224,13
right_turning,4257,4224,4257,33
sniffing,4258,4257,4258,1
rearing,4423,4258,4423,165
rising,4424,4423,4424,1
climbing,4441,4424,4441,17
grooming,5079,4441,5079,638
left_turning,5097,5079,5097,18
grooming,5098,5097,5098,1
left_turning,5109,5098,5109,11
sniffing,5133,5109,5133,24
rising,5141,5133,5141,8
walking,5184,5141,5184,43
trotting,5196,5184,5196,12
running,5215,5196,5215,19
trotting,5231,5215,5231,16
sniffing,5276,5231,5276,45
left_turning,5296,5276,5296,20
stepping,5323,5296,5323,27
trotting,5349,5323,5349,26
rising,5377,5349,5377,28
stepping,5408,5377,5408,31
sniffing,5443,5408,5443,35
rising,5493,5443,5493,50
sniffing,5518,5493,5518,25
walking,5568,5518,5568,50
stepping,5587,5568,5587,19
grooming,5588,5587,5588,1
sniffing,5633,5588,5633,45
stepping,5685,5633,5685,52
running,5734,5685,5734,49
trotting,5758,5734,5758,24
running,5791,5758,5791,33
stepping,5810,5791,5810,19
rising,5864,5810,5864,54
sniffing,6239,5864,6239,375
rising,6299,6239,6299,60
sniffing,6300,6299,6300,1
stepping,6307,6300,6307,7
rising,6386,6307,6386,79
sniffing,6387,6386,6387,1
walking,6464,6387,6464,77
stepping,6481,6464,6481,17
sniffing,6604,6481,6604,123
stepping,6635,6604,6635,31
walking,6694,6635,6694,59
stepping,6710,6694,6710,16
sniffing,6759,6710,6759,49
walking,6764,6759,6764,5
sniffing,6771,6764,6771,7
running,6807,6771,6807,36
walking,6825,6807,6825,18
rising,6902,6825,6902,77
sniffing,6919,6902,6919,17
rising,6920,6919,6920,1
sniffing,6936,6920,6936,16
rising,6937,6936,6937,1
sniffing,6962,6937,6962,25
climbing,7011,6962,7011,49
sniffing,7047,7011,7047,36
right_turning,7056,7047,7056,9
walking,7084,7056,7084,28
trotting,7116,7084,7116,32
stepping,7144,7116,7144,28
running,7175,7144,7175,31
walking,7178,7175,7178,3
trotting,7200,7178,7200,22
stepping,7219,7200,7219,19
walking,7226,7219,7226,7
sniffing,7277,7226,7277,51
right_turning,7293,7277,7293,16
rising,7333,7293,7333,40
left_turning,7341,7333,7341,8
walking,7410,7341,7410,69
sniffing,7520,7410,7520,110
left_turning,7559,7520,7559,39
climbing,7594,7559,7594,35
grooming,7728,7594,7728,134
rising,7934,7728,7934,206
stepping,7941,7934,7941,7
sniffing,8035,7941,8035,94
grooming,8146,8035,8146,111
left_turning,8171,8146,8171,25
sniffing,8227,8171,8227,56
grooming,8244,8227,8244,17
sniffing,8331,8244,8331,87
walking,8419,8331,8419,88
stepping,8441,8419,8441,22
sniffing,8446,8441,8446,5
left_turning,8466,8446,8466,20
rising,8476,8466,8476,10
rearing,8521,8476,8521,45
left_turning,8523,8521,8523,2
running,8557,8523,8557,34
walking,8614,8557,8614,57
sniffing,8615,8614,8615,1
trotting,8639,8615,8639,24
walking,8645,8639,8645,6
sniffing,8671,8645,8671,26
left_turning,8769,8671,8769,98
sniffing,8781,8769,8781,12
grooming,8782,8781,8782,1
hunching,8798,8782,8798,16
rearing,8845,8798,8845,47
grooming,9021,8845,9021,176
sniffing,9071,9021,9071,50
running,9085,9071,9085,14
walking,9108,9085,9108,23
stepping,9124,9108,9124,16
sniffing,9185,9124,9185,61
left_turning,9198,9185,9198,13
stepping,9219,9198,9219,21
sniffing,9246,9219,9246,27
hunching,9247,9246,9247,1
rising,9296,9247,9296,49
walking,9297,9296,9297,1
rearing,9388,9297,9388,91
walking,9389,9388,9389,1
grooming,9784,9389,9784,395
rearing,9839,9784,9839,55
trotting,9881,9839,9881,42
running,9896,9881,9896,15
sniffing,9947,9896,9947,51
rearing,9948,9947,9948,1
grooming,10483,9948,10483,535
hunching,10612,10483,10612,129
rearing,10761,10612,10761,149
climbing,10810,10761,10810,49
sniffing,10824,10810,10824,14
walking,10848,10824,10848,24
grooming,11053,10848,11053,205
sniffing,11057,11053,11057,4
right_turning,11076,11057,11076,19
rising,11163,11076,11163,87
grooming,11186,11163,11186,23
right_turning,11198,11186,11198,12
walking,11226,11198,11226,28
running,11236,11226,11236,10
walking,11285,11236,11285,49
trotting,11313,11285,11313,28
rising,11314,11313,11314,1
running,11325,11314,11325,11
walking,11336,11325,11336,11
rising,11364,11336,11364,28
rearing,11432,11364,11432,68
hunching,11547,11432,11547,115
grooming,11964,11547,11964,417
left_turning,11965,11964,11965,1
running,12005,11965,12005,40
walking,12084,12005,12084,79
stepping,12113,12084,12113,29
rising,12131,12113,12131,18
walking,12146,12131,12146,15
climbing,12193,12146,12193,47
grooming,12435,12193,12435,242
rearing,12436,12435,12436,1
hunching,12457,12436,12457,21
grooming,12923,12457,12923,466
right_turning,12962,12923,12962,39
running,12980,12962,12980,18
rising,12981,12980,12981,1
sniffing,13053,12981,13053,72
grooming,13203,13053,13203,150
sniffing,13266,13203,13266,63
rising,13341,13266,13341,75
sniffing,13380,13341,13380,39
rearing,13381,13380,13381,1
grooming,13494,13381,13494,113
scratching,13519,13494,13519,25
sniffing,13530,13519,13530,11
walking,13544,13530,13544,14
rising,13545,13544,13545,1
sniffing,13596,13545,13596,51
walking,13632,13596,13632,36
sniffing,13702,13632,13702,70
stepping,13729,13702,13729,27
walking,13763,13729,13763,34
sniffing,13799,13763,13799,36
left_turning,13846,13799,13846,47
grooming,13988,13846,13988,142
running,14002,13988,14002,14
left_turning,14024,14002,14024,22
grooming,14136,14024,14136,112
walking,14204,14136,14204,68
trotting,14242,14204,14242,38
sniffing,14299,14242,14299,57
stepping,14331,14299,14331,32
grooming,14647,14331,14647,316
stepping,14700,14647,14700,53
sniffing,14732,14700,14732,32
walking,14746,14732,14746,14
left_turning,14765,14746,14765,19
walking,14766,14765,14766,1
sniffing,14891,14766,14891,125
climbing,14956,14891,14956,65
grooming,15311,14956,15311,355
hunching,15312,15311,15312,1
left_turning,15345,15312,15345,33
sniffing,15359,15345,15359,14
grooming,15953,15359,15953,594
walking,15962,15953,15962,9
rearing,16021,15962,16021,59
grooming,16022,16021,16022,1
rearing,16078,16022,16078,56
climbing,16143,16078,16143,65
left_turning,16165,16143,16165,22
walking,16228,16165,16228,63
stepping,16273,16228,16273,45
walking,16315,16273,16315,42
trotting,16316,16315,16316,1
sniffing,16317,16316,16317,1
rearing,16338,16317,16338,21
hunching,16423,16338,16423,85
grooming,16686,16423,16686,263
rising,16724,16686,16724,38
sniffing,16769,16724,16769,45
grooming,16859,16769,16859,90
right_turning,16881,16859,16881,22
climbing,16935,16881,16935,54
stepping,16976,16935,16976,41
walking,17025,16976,17025,49
stepping,17036,17025,17036,11
running,17046,17036,17046,10
climbing,17072,17046,17072,26
rising,17073,17072,17073,1
rearing,17327,17073,17327,254
walking,17370,17327,17370,43
sniffing,17412,17370,17412,42
stepping,17429,17412,17429,17
sniffing,17430,17429,17430,1
left_turning,17439,17430,17439,9
walking,17443,17439,17443,4
sniffing,17446,17443,17446,3
stepping,17465,17446,17465,19
rising,17466,17465,17466,1
sniffing,17487,17466,17487,21
grooming,17631,17487,17631,144
rising,17662,17631,17662,31
scratching,17717,17662,17717,55
stepping,17755,17717,17755,38
grooming,18233,17755,18233,478
right_turning,18254,18233,18254,21
sniffing,18294,18254,18294,40
stepping,18300,18294,18300,6
sniffing,18372,18300,18372,72
rearing,18373,18372,18373,1
climbing,18398,18373,18398,25
walking,18436,18398,18436,38
running,18465,18436,18465,29
walking,18481,18465,18481,16
stepping,18508,18481,18508,27
sniffing,18521,18508,18521,13
walking,18535,18521,18535,14
left_turning,18556,18535,18556,21
walking,18569,18556,18569,13
sniffing,18593,18569,18593,24
rising,18664,18593,18664,71
sniffing,18715,18664,18715,51
walking,18780,18715,18780,65
sniffing,18886,18780,18886,106
grooming,19237,18886,19237,351
rearing,19238,19237,19238,1
stepping,19282,19238,19282,44
sniffing,19349,19282,19349,67
grooming,19350,19349,19350,1
sniffing,19351,19350,19351,1
rising,19368,19351,19368,17
grooming,19487,19368,19487,119
rearing,19582,19487,19582,95
hunching,19583,19582,19583,1
grooming,19584,19583,19584,1
climbing,19634,19584,19634,50
sniffing,19635,19634,19635,1
walking,19636,19635,19636,1
sniffing,19637,19636,19637,1
hunching,19783,19637,19783,146
climbing,19833,19783,19833,50
grooming,19834,19833,19834,1
hunching,19858,19834,19858,24
climbing,19898,19858,19898,40
rearing,19911,19898,19911,13
hunching,19928,19911,19928,17
rearing,19967,19928,19967,39
sniffing,19990,19967,19990,23
grooming,20013,19990,20013,23
sniffing,20137,20013,20137,124
rearing,20402,20137,20402,265
grooming,21084,20402,21084,682
sniffing,21085,21084,21085,1
climbing,21154,21085,21154,69
grooming,21155,21154,21155,1
stepping,21156,21155,21156,1
left_turning,21203,21156,21203,47
stepping,21204,21203,21204,1
hunching,21245,21204,21245,41
grooming,21469,21245,21469,224
sniffing,21500,21469,21500,31
grooming,21649,21500,21649,149
rearing,21650,21649,21650,1
rising,21657,21650,21657,7
stepping,21662,21657,21662,5
walking,21663,21662,21663,1
grooming,21664,21663,21664,1
left_turning,21677,21664,21677,13
stepping,21713,21677,21713,36
grooming,22198,21713,22198,485
sniffing,22272,22198,22272,74
stepping,22281,22272,22281,9
sniffing,22294,22281,22294,13
stepping,22331,22294,22331,37
walking,22349,22331,22349,18
grooming,22710,22349,22710,361
stepping,22713,22710,22713,3
sniffing,22714,22713,22714,1
trotting,22717,22714,22717,3
stepping,22759,22717,22759,42
rearing,22760,22759,22760,1
hunching,22762,22760,22762,2
rearing,22795,22762,22795,33
left_turning,22830,22795,22830,35
sniffing,22862,22830,22862,32
walking,22864,22862,22864,2
stepping,22867,22864,22867,3
sniffing,22883,22867,22883,16
stepping,22891,22883,22891,8
grooming,22977,22891,22977,86
sniffing,22978,22977,22978,1
climbing,23094,22978,23094,116
walking,23130,23094,23130,36
sniffing,23164,23130,23164,34
climbing,23215,23164,23215,51
right_turning,23254,23215,23254,39
sniffing,23268,23254,23268,14
rising,23319,23268,23319,51
climbing,23356,23319,23356,37
sniffing,23370,23356,23370,14
grooming,23406,23370,23406,36
walking,23470,23406,23470,64
sniffing,23527,23470,23527,57
left_turning,23550,23527,23550,23
sniffing,23598,23550,23598,48
rising,23607,23598,23607,9
left_turning,23637,23607,23637,30
trotting,23685,23637,23685,48
walking,23686,23685,23686,1
sniffing,23696,23686,23696,10
walking,23710,23696,23710,14
sniffing,23711,23710,23711,1
walking,23730,23711,23730,19
right_turning,23769,23730,23769,39
grooming,23915,23769,23915,146
left_turning,23920,23915,23920,5
rising,23978,23920,23978,58
rearing,23979,23978,23979,1
hunching,24291,23979,24291,312
sniffing,24313,24291,24313,22
stepping,24351,24313,24351,38
grooming,24569,24351,24569,218
sniffing,24618,24569,24618,49
stepping,24645,24618,24645,27
sniffing,24653,24645,24653,8
stepping,24679,24653,24679,26
sniffing,24737,24679,24737,58
rising,24796,24737,24796,59
sniffing,24815,24796,24815,19
grooming,24867,24815,24867,52
sniffing,24924,24867,24924,57
trotting,24959,24924,24959,35
sniffing,25040,24959,25040,81
walking,25056,25040,25056,16
grooming,25373,25056,25373,317
walking,25388,25373,25388,15
grooming,25660,25388,25660,272
scratching,25723,25660,25723,63
sniffing,25781,25723,25781,58
rising,25827,25781,25827,46
walking,25858,25827,25858,31
left_turning,25861,25858,25861,3
trotting,25912,25861,25912,51
walking,25956,25912,25956,44
stepping,25983,25956,25983,27
rising,26108,25983,26108,125
stepping,26119,26108,26119,11
sniffing,26141,26119,26141,22
rising,26146,26141,26146,5
sniffing,26215,26146,26215,69
stepping,26228,26215,26228,13
walking,26229,26228,26229,1
sniffing,26239,26229,26239,10
trotting,26263,26239,26263,24
sniffing,26284,26263,26284,21
stepping,26308,26284,26308,24
sniffing,26343,26308,26343,35
stepping,26345,26343,26345,2
walking,26353,26345,26353,8
rising,26373,26353,26373,20
climbing,26457,26373,26457,84
walking,26464,26457,26464,7
sniffing,26474,26464,26474,10
stepping,26520,26474,26520,46
trotting,26539,26520,26539,19
sniffing,26553,26539,26553,14
walking,26573,26553,26573,20
sniffing,26574,26573,26574,1
rising,26578,26574,26578,4
grooming,26579,26578,26579,1
running,26594,26579,26594,15
sniffing,26660,26594,26660,66
walking,26702,26660,26702,42
stepping,26703,26702,26703,1
walking,26722,26703,26722,19
rising,26768,26722,26768,46
climbing,26807,26768,26807,39
rearing,26853,26807,26853,46
grooming,26996,26853,26996,143
stepping,27045,26996,27045,49
running,27097,27045,27097,52
stepping,27116,27097,27116,19
rising,27117,27116,27117,1
climbing,27151,27117,27151,34
stepping,27165,27151,27165,14
rearing,27166,27165,27166,1
climbing,27232,27166,27232,66
sniffing,27253,27232,27253,21
left_turning,27292,27253,27292,39
rearing,27451,27292,27451,159
grooming,27596,27451,27596,145
sniffing,27608,27596,27608,12
walking,27665,27608,27665,57
sniffing,27679,27665,27679,14
stepping,27696,27679,27696,17
trotting,27739,27696,27739,43
stepping,27798,27739,27798,59
right_turning,27810,27798,27810,12
grooming,27811,27810,27811,1
scratching,27931,27811,27931,120
left_turning,28034,27931,28034,103
sniffing,28067,28034,28067,33
climbing,28100,28067,28100,33
grooming,28267,28100,28267,167
rearing,28393,28267,28393,126
sniffing,28394,28393,28394,1
stepping,28435,28394,28435,41
rising,28463,28435,28463,28
sniffing,28520,28463,28520,57
stepping,28619,28520,28619,99
sniffing,28630,28619,28630,11
walking,28636,28630,28636,6
sniffing,28637,28636,28637,1
left_turning,28645,28637,28645,8
scratching,28717,28645,28717,72
grooming,28902,28717,28902,185
left_turning,28958,28902,28958,56
walking,29010,28958,29010,52
running,29011,29010,29011,1
trotting,29044,29011,29044,33
walking,29070,29044,29070,26
rearing,29071,29070,29071,1
climbing,29156,29071,29156,85
grooming,29243,29156,29243,87
left_turning,29273,29243,29273,30
stepping,29346,29273,29346,73
sniffing,29467,29346,29467,121
grooming,29468,29467,29468,1
running,29480,29468,29480,12
right_turning,29505,29480,29505,25
stepping,29506,29505,29506,1
trotting,29520,29506,29520,14
rising,29586,29520,29586,66
rearing,29807,29586,29807,221
grooming,29999,29807,29999,192
hunching,30070,29999,30070,71
grooming,30459,30070,30459,389
stepping,30475,30459,30475,16
climbing,30489,30475,30489,14
stepping,30512,30489,30512,23
sniffing,30565,30512,30565,53
right_turning,30596,30565,30596,31
left_turning,30602,30596,30602,6
hunching,30667,30602,30667,65
rearing,30702,30667,30702,35
walking,30708,30702,30708,6
right_turning,30730,30708,30730,22
sniffing,30756,30730,30756,26
trotting,30783,30756,30783,27
walking,30817,30783,30817,34
rising,30880,30817,30880,63
grooming,30982,30880,30982,102
sniffing,31068,30982,31068,86
stepping,31088,31068,31088,20
sniffing,31150,31088,31150,62
left_turning,31191,31150,31191,41
trotting,31222,31191,31222,31
sniffing,31303,31222,31303,81
rearing,31370,31303,31370,67
stepping,31407,31370,31407,37
sniffing,31420,31407,31420,13
grooming,31421,31420,31421,1
hunching,31476,31421,31476,55
grooming,31493,31476,31493,17
sniffing,31494,31493,31494,1
rising,31495,31494,31495,1
hunching,31501,31495,31501,6
grooming,31595,31501,31595,94
sniffing,31623,31595,31623,28
stepping,31635,31623,31635,12
sniffing,31733,31635,31733,98
stepping,31764,31733,31764,31
walking,31788,31764,31788,24
sniffing,31818,31788,31818,30
rising,31967,31818,31967,149
grooming,31989,31967,31989,22
stepping,32012,31989,32012,23
sniffing,32050,32012,32050,38
stepping,32051,32050,32051,1
walking,32082,32051,32082,31
sniffing,32110,32082,32110,28
trotting,32111,32110,32111,1
stepping,32141,32111,32141,30
sniffing,32154,32141,32154,13
grooming,32155,32154,32155,1
walking,32212,32155,32212,57
sniffing,32255,32212,32255,43
rising,32319,32255,32319,64
sniffing,32335,32319,32335,16
rising,32368,32335,32368,33
grooming,32369,32368,32369,1
sniffing,32466,32369,32466,97
stepping,32476,32466,32476,10
walking,32504,32476,32504,28
stepping,32512,32504,32512,8
climbing,32525,32512,32525,13
grooming,32526,32525,32526,1
left_turning,32549,32526,32549,23
stepping,32555,32549,32555,6
walking,32566,32555,32566,11
grooming,32654,32566,32654,88
stepping,32712,32654,32712,58
rising,32738,32712,32738,26
sniffing,32814,32738,32814,76
walking,32850,32814,32850,36
rearing,32911,32850,32911,61
grooming,33140,32911,33140,229
rearing,33209,33140,33209,69
grooming,33299,33209,33299,90
hunching,33354,33299,33354,55
rearing,33459,33354,33459,105
hunching,33474,33459,33474,15
grooming,33667,33474,33667,193
stepping,33734,33667,33734,67
sniffing,33766,33734,33766,32
stepping,33767,33766,33767,1
rising,33781,33767,33781,14
rearing,33825,33781,33825,44
grooming,33826,33825,33826,1
rising,33868,33826,33868,42
sniffing,33916,33868,33916,48
stepping,33917,33916,33917,1
climbing,33919,33917,33919,2
walking,33939,33919,33939,20
climbing,33992,33939,33992,53
stepping,34027,33992,34027,35
sniffing,34063,34027,34063,36
stepping,34067,34063,34067,4
trotting,34083,34067,34083,16
running,34132,34083,34132,49
sniffing,34201,34132,34201,69
walking,34211,34201,34211,10
trotting,34241,34211,34241,30
sniffing,34248,34241,34248,7
rising,34283,34248,34283,35
grooming,34284,34283,34284,1
sniffing,34404,34284,34404,120
rising,34483,34404,34483,79
grooming,34484,34483,34484,1
stepping,34533,34484,34533,49
climbing,34569,34533,34569,36
rearing,34570,34569,34570,1
grooming,34605,34570,34605,35
rearing,34609,34605,34609,4
trotting,34624,34609,34624,15
walking,34661,34624,34661,37
left_turning,34743,34661,34743,82
running,34752,34743,34752,9
stepping,34753,34752,34753,1
grooming,34851,34753,34851,98
sniffing,34930,34851,34930,79
right_turning,34943,34930,34943,13
sniffing,35094,34943,35094,151
climbing,35120,35094,35120,26
right_turning,35149,35120,35149,29
walking,35196,35149,35196,47
stepping,35227,35196,35227,31
sniffing,35244,35227,35244,17
walking,35356,35244,35356,112
stepping,35388,35356,35388,32
rising,35425,35388,35425,37
trotting,35429,35425,35429,4
stepping,35469,35429,35469,40
rearing,35545,35469,35545,76
climbing,35651,35545,35651,106
grooming,35942,35651,35942,291
hunching,36007,35942,36007,65
rearing,36117,36007,36117,110
grooming,36191,36117,36191,74
sniffing,36276,36191,36276,85
walking,36285,36276,36285,9
trotting,36339,36285,36339,54
rising,36343,36339,36343,4
grooming,36350,36343,36350,7
walking,36374,36350,36374,24
sniffing,36375,36374,36375,1
walking,36390,36375,36390,15
climbing,36426,36390,36426,36
trotting,36437,36426,36437,11
stepping,36470,36437,36470,33
climbing,36523,36470,36523,53
grooming,36736,36523,36736,213
walking,36759,36736,36759,23
sniffing,36760,36759,36760,1
rising,36800,36760,36800,40
sniffing,36828,36800,36828,28
walking,36831,36828,36831,3
stepping,36861,36831,36861,30
climbing,36926,36861,36926,65
left_turning,36963,36926,36963,37
walking,36986,36963,36986,23
stepping,37014,36986,37014,28
rearing,37088,37014,37088,74
hunching,37139,37088,37139,51
grooming,37140,37139,37140,1
left_turning,37178,37140,37178,38
sniffing,37199,37178,37199,21
rearing,37237,37199,37237,38
climbing,37292,37237,37292,55
grooming,37486,37292,37486,194
rearing,37496,37486,37496,10
grooming,37497,37496,37497,1
hunching,37556,37497,37556,59
grooming,37811,37556,37811,255
rising,37812,37811,37812,1
sniffing,37865,37812,37865,53
rearing,37944,37865,37944,79
grooming,38160,37944,38160,216
climbing,38206,38160,38206,46
walking,38221,38206,38221,15
sniffing,38243,38221,38243,22
trotting,38275,38243,38275,32
left_turning,38276,38275,38276,1
sniffing,38350,38276,38350,74
rearing,38395,38350,38395,45
climbing,38424,38395,38424,29
grooming,38490,38424,38490,66
jumping,38568,38490,38568,78
running,38585,38568,38585,17
sniffing,38606,38585,38606,21
stepping,38620,38606,38620,14
walking,38621,38620,38621,1
stepping,38635,38621,38635,14
walking,38669,38635,38669,34
sniffing,38732,38669,38732,63
left_turning,38733,38732,38733,1
running,38770,38733,38770,37
sniffing,38809,38770,38809,39
rearing,38810,38809,38810,1
jumping,38843,38810,38843,33
grooming,38925,38843,38925,82
stepping,38945,38925,38945,20
sniffing,38955,38945,38955,10
walking,38982,38955,38982,27
sniffing,39014,38982,39014,32
grooming,39060,39014,39060,46
sniffing,39072,39060,39072,12
climbing,39112,39072,39112,40
rearing,39113,39112,39113,1
walking,39144,39113,39144,31
stepping,39191,39144,39191,47
sniffing,39275,39191,39275,84
stepping,39289,39275,39289,14
grooming,39633,39289,39633,344
rising,39641,39633,39641,8
hunching,39680,39641,39680,39
grooming,39681,39680,39681,1
rising,39682,39681,39682,1
right_turning,39700,39682,39700,18
trotting,39737,39700,39737,37
stepping,39779,39737,39779,42
rearing,39780,39779,39780,1
sniffing,39787,39780,39787,7
walking,39788,39787,39788,1
sniffing,39817,39788,39817,29
rising,39819,39817,39819,2
stepping,39866,39819,39866,47
grooming,39971,39866,39971,105
walking,40006,39971,40006,35
sniffing,40007,40006,40007,1
grooming,40008,40007,40008,1
rearing,40209,40008,40209,201
grooming,40297,40209,40297,88
hunching,40359,40297,40359,62
grooming,40497,40359,40497,138
hunching,40619,40497,40619,122
stepping,40652,40619,40652,33
sniffing,40667,40652,40667,15
left_turning,40676,40667,40676,9
stepping,40677,40676,40677,1
sniffing,40730,40677,40730,53
grooming,40838,40730,40838,108
sniffing,40839,40838,40839,1
left_turning,40860,40839,40860,21
sniffing,40893,40860,40893,33
grooming,40894,40893,40894,1
right_turning,40930,40894,40930,36
trotting,40972,40930,40972,42
climbing,40999,40972,40999,27
sniffing,41049,40999,41049,50
trotting,41094,41049,41094,45
sniffing,41145,41094,41145,51
climbing,41194,41145,41194,49
walking,41229,41194,41229,35
sniffing,41233,41229,41233,4
trotting,41241,41233,41241,8
walking,41274,41241,41274,33
rising,41301,41274,41301,27
climbing,41370,41301,41370,69
rearing,41453,41370,41453,83
hunching,41558,41453,41558,105
rising,41559,41558,41559,1
climbing,41639,41559,41639,80
grooming,41640,41639,41640,1
stepping,41644,41640,41644,4
sniffing,41691,41644,41691,47
rising,41706,41691,41706,15
grooming,41771,41706,41771,65
left_turning,41781,41771,41781,10
trotting,41839,41781,41839,58
climbing,41880,41839,41880,41
trotting,41922,41880,41922,42
climbing,41977,41922,41977,55
left_turning,41980,41977,41980,3
running,42008,41980,42008,28
stepping,42038,42008,42038,30
grooming,42306,42038,42306,268
hunching,42452,42306,42452,146
sniffing,42521,42452,42521,69
rearing,42579,42521,42579,58
hunching,42652,42579,42652,73
sniffing,42670,42652,42670,18
stepping,42702,42670,42702,32
climbing,42723,42702,42723,21
stepping,42759,42723,42759,36
climbing,42830,42759,42830,71
rearing,42921,42830,42921,91
hunching,43027,42921,43027,106
grooming,43141,43027,43141,114
sniffing,43181,43141,43181,40
stepping,43206,43181,43206,25
grooming,43207,43206,43207,1
sniffing,43216,43207,43216,9
rising,43217,43216,43217,1
hunching,43263,43217,43263,46
grooming,43310,43263,43310,47
scratching,43376,43310,43376,66
sniffing,43395,43376,43395,19
grooming,43405,43395,43405,10
left_turning,43427,43405,43427,22
grooming,43673,43427,43673,246
sniffing,43674,43673,43674,1
grooming,43844,43674,43844,170
rearing,43866,43844,43866,22
left_turning,43867,43866,43867,1
stepping,43903,43867,43903,36
grooming,44181,43903,44181,278
rising,44202,44181,44202,21
grooming,44949,44202,44949,747
scratching,44950,44949,44950,1
sniffing,44979,44950,44979,29
rearing,44997,44979,44997,18
hunching,45155,44997,45155,158
grooming,45221,45155,45221,66
left_turning,45267,45221,45267,46
grooming,45481,45267,45481,214
rearing,45540,45481,45540,59
grooming,45648,45540,45648,108
rising,45668,45648,45668,20
climbing,45729,45668,45729,61
trotting,45769,45729,45769,40
sniffing,45790,45769,45790,21
walking,45791,45790,45791,1
stepping,45831,45791,45831,40
rising,45832,45831,45832,1
left_turning,45879,45832,45879,47
grooming,45880,45879,45880,1
hunching,45977,45880,45977,97
grooming,46191,45977,46191,214
sniffing,46242,46191,46242,51
rearing,46293,46242,46293,51
grooming,46294,46293,46294,1
right_turning,46306,46294,46306,12
rising,46330,46306,46330,24
trotting,46376,46330,46376,46
stepping,46417,46376,46417,41
grooming,47131,46417,47131,714
rearing,47159,47131,47159,28
walking,47167,47159,47167,8
sniffing,47305,47167,47305,138
stepping,47325,47305,47325,20
sniffing,47326,47325,47326,1
rising,47355,47326,47355,29
rearing,47430,47355,47430,75
climbing,47466,47430,47466,36
stepping,47467,47466,47467,1
sniffing,47493,47467,47493,26
grooming,47615,47493,47615,122
rearing,47629,47615,47629,14
stepping,47681,47629,47681,52
right_turning,47689,47681,47689,8
grooming,47690,47689,47690,1
rearing,47770,47690,47770,80
stepping,47815,47770,47815,45
trotting,47835,47815,47835,20
left_turning,47877,47835,47877,42
walking,47912,47877,47912,35
sniffing,48014,47912,48014,102
walking,48059,48014,48059,45
sniffing,48374,48059,48374,315
rising,48377,48374,48377,3
sniffing,48439,48377,48439,62
grooming,48440,48439,48440,1
scratching,48558,48440,48558,118
sniffing,48594,48558,48594,36
walking,48601,48594,48601,7
sniffing,48617,48601,48617,16
rising,48646,48617,48646,29
rearing,48691,48646,48691,45
grooming,48692,48691,48692,1
rising,48735,48692,48735,43
grooming,48788,48735,48788,53
sniffing,48823,48788,48823,35
right_turning,48832,48823,48832,9
sniffing,48909,48832,48909,77
stepping,48920,48909,48920,11
sniffing,48922,48920,48922,2
scratching,48939,48922,48939,17
grooming,48940,48939,48940,1
left_turning,48952,48940,48952,12
walking,49029,48952,49029,77
stepping,49056,49029,49056,27
rising,49090,49056,49090,34
climbing,49113,49090,49113,23
sniffing,49114,49113,49114,1
walking,49115,49114,49115,1
climbing,49146,49115,49146,31
walking,49203,49146,49203,57
stepping,49232,49203,49232,29
sniffing,49326,49232,49326,94
rising,49365,49326,49365,39
climbing,49396,49365,49396,31
trotting,49426,49396,49426,30
sniffing,49470,49426,49470,44
rising,49511,49470,49511,41
left_turning,49512,49511,49512,1
running,49513,49512,49513,1
trotting,49519,49513,49519,6
left_turning,49529,49519,49529,10
climbing,49585,49529,49585,56
rising,49629,49585,49629,44
sniffing,49654,49629,49654,25
climbing,49692,49654,49692,38
right_turning,49706,49692,49706,14
sniffing,49716,49706,49716,10
left_turning,49726,49716,49726,10
stepping,49774,49726,49774,48
rising,49882,49774,49882,108
sniffing,49957,49882,49957,75
stepping,49977,49957,49977,20
sniffing,50046,49977,50046,69
rearing,50060,50046,50060,14
hunching,50061,50060,50061,1
rearing,50062,50061,50062,1
grooming,50063,50062,50063,1
right_turning,50081,50063,50081,18
walking,50101,50081,50101,20
right_turning,50148,50101,50148,47
stepping,50154,50148,50154,6
right_turning,50167,50154,50167,13
sniffing,50168,50167,50168,1
stepping,50193,50168,50193,25
right_turning,50194,50193,50194,1
sniffing,50233,50194,50233,39
stepping,50244,50233,50244,11
right_turning,50246,50244,50246,2
stepping,50248,50246,50248,2
grooming,50302,50248,50302,54
left_turning,50303,50302,50303,1
sniffing,50307,50303,50307,4
right_turning,50321,50307,50321,14
scratching,50412,50321,50412,91
rising,50437,50412,50437,25
right_turning,50453,50437,50453,16
stepping,50503,50453,50503,50
sniffing,50633,50503,50633,130
left_turning,50722,50633,50722,89
stepping,50757,50722,50757,35
walking,50800,50757,50800,43
sniffing,50881,50800,50881,81
rising,50917,50881,50917,36
sniffing,51003,50917,51003,86
walking,51023,51003,51023,20
grooming,51259,51023,51259,236
stepping,51286,51259,51286,27
rising,51287,51286,51287,1
climbing,51372,51287,51372,85
running,51406,51372,51406,34
walking,51493,51406,51493,87
sniffing,51529,51493,51529,36
trotting,51557,51529,51557,28
running,51559,51557,51559,2
stepping,51571,51559,51571,12
sniffing,51640,51571,51640,69
walking,51650,51640,51650,10
stepping,51672,51650,51672,22
sniffing,51703,51672,51703,31
rising,51704,51703,51704,1
climbing,51747,51704,51747,43
right_turning,51768,51747,51768,21
running,51798,51768,51798,30
trotting,51834,51798,51834,36
walking,51867,51834,51867,33
sniffing,51909,51867,51909,42
grooming,51910,51909,51910,1
hunching,52072,51910,52072,162
grooming,52132,52072,52132,60
hunching,52230,52132,52230,98
rearing,52413,52230,52413,183
climbing,52476,52413,52476,63
stepping,52501,52476,52501,25
right_turning,52543,52501,52543,42
walking,52554,52543,52554,11
stepping,52579,52554,52579,25
scratching,52642,52579,52642,63
walking,52660,52642,52660,18
sniffing,52678,52660,52678,18
running,52706,52678,52706,28
left_turning,52709,52706,52709,3
walking,52727,52709,52727,18
stepping,52750,52727,52750,23
rising,52793,52750,52793,43
climbing,52868,52793,52868,75
rearing,52912,52868,52912,44
hunching,53013,52912,53013,101
grooming,53170,53013,53170,157
rearing,53181,53170,53181,11
grooming,53182,53181,53182,1
scratching,53213,53182,53213,31
left_turning,53352,53213,53352,139
scratching,53414,53352,53414,62
grooming,53577,53414,53577,163
stepping,53580,53577,53580,3
walking,53619,53580,53619,39
trotting,53644,53619,53644,25
rearing,53720,53644,53720,76
rising,53761,53720,53761,41
left_turning,53791,53761,53791,30
sniffing,53843,53791,53843,52
stepping,53894,53843,53894,51
rising,53899,53894,53899,5
sniffing,53900,53899,53900,1
grooming,54221,53900,54221,321
scratching,54273,54221,54273,52
grooming,54435,54273,54435,162
hunching,54562,54435,54562,127
rearing,54574,54562,54574,12
hunching,54825,54574,54825,251
sniffing,54906,54825,54906,81
rising,54925,54906,54925,19
left_turning,54926,54925,54926,1
sniffing,55174,54926,55174,248
grooming,55367,55174,55367,193
running,55404,55367,55404,37
left_turning,55415,55404,55415,11
sniffing,55416,55415,55416,1
climbing,55460,55416,55460,44
running,55483,55460,55483,23
sniffing,55496,55483,55496,13
left_turning,55520,55496,55520,24
walking,55534,55520,55534,14
climbing,55546,55534,55546,12
rearing,55694,55546,55694,148
climbing,55709,55694,55709,15
sniffing,55745,55709,55745,36
right_turning,55755,55745,55755,10
trotting,55772,55755,55772,17
sniffing,55803,55772,55803,31
left_turning,55838,55803,55838,35
sniffing,55845,55838,55845,7
rising,55904,55845,55904,59
rearing,55937,55904,55937,33
rising,56015,55937,56015,78
climbing,56032,56015,56032,17
rising,56050,56032,56050,18
rearing,56051,56050,56051,1
climbing,56125,56051,56125,74
grooming,56289,56125,56289,164
rearing,56335,56289,56335,46
climbing,56385,56335,56385,50
walking,56403,56385,56403,18
trotting,56426,56403,56426,23
stepping,56427,56426,56427,1
sniffing,56437,56427,56437,10
running,56441,56437,56441,4
walking,56477,56441,56477,36
stepping,56521,56477,56521,44
climbing,56557,56521,56557,36
rearing,56693,56557,56693,136
trotting,56707,56693,56707,14
walking,56733,56707,56733,26
sniffing,56761,56733,56761,28
rearing,56779,56761,56779,18
climbing,56820,56779,56820,41
grooming,56846,56820,56846,26
sniffing,56867,56846,56867,21
walking,56868,56867,56868,1
trotting,56870,56868,56870,2
sniffing,56946,56870,56946,76
left_turning,56993,56946,56993,47
stepping,57026,56993,57026,33
rearing,57027,57026,57027,1
climbing,57076,57027,57076,49
walking,57128,57076,57128,52
sniffing,57186,57128,57186,58
grooming,57187,57186,57187,1
hunching,57242,57187,57242,55
grooming,57569,57242,57569,327
trotting,57588,57569,57588,19
stepping,57591,57588,57591,3
sniffing,57651,57591,57651,60
grooming,57695,57651,57695,44
sniffing,57780,57695,57780,85
rising,57827,57780,57827,47
sniffing,57867,57827,57867,40
grooming,57939,57867,57939,72
right_turning,57962,57939,57962,23
sniffing,57963,57962,57963,1
rearing,58036,57963,58036,73
grooming,58037,58036,58037,1
stepping,58039,58037,58039,2
left_turning,58070,58039,58070,31
rising,58071,58070,58071,1
walking,58180,58071,58180,109
stepping,58208,58180,58208,28
sniffing,58280,58208,58280,72
rising,58281,58280,58281,1
grooming,58282,58281,58282,1
left_turning,58295,58282,58295,13
walking,58313,58295,58313,18
hunching,58326,58313,58326,13
rearing,58357,58326,58357,31
climbing,58387,58357,58387,30
walking,58411,58387,58411,24
grooming,58412,58411,58412,1
sniffing,58505,58412,58505,93
walking,58534,58505,58534,29
sniffing,58557,58534,58557,23
grooming,58558,58557,58558,1
rearing,58586,58558,58586,28
running,58604,58586,58604,18
stepping,58648,58604,58648,44
sniffing,58649,58648,58649,1
walking,58657,58649,58657,8
stepping,58659,58657,58659,2
sniffing,58686,58659,58686,27
left_turning,58703,58686,58703,17
sniffing,58768,58703,58768,65
grooming,58918,58768,58918,150
walking,58931,58918,58931,13
sniffing,59080,58931,59080,149
left_turning,59112,59080,59112,32
walking,59170,59112,59170,58
sniffing,59230,59170,59230,60
left_turning,59283,59230,59283,53
walking,59292,59283,59292,9
left_turning,59368,59292,59368,76
sniffing,59443,59368,59443,75
rearing,59609,59443,59609,166
sniffing,59678,59609,59678,69
rising,59683,59678,59683,5
rearing,59700,59683,59700,17
hunching,59787,59700,59787,87
rearing,59826,59787,59826,39
climbing,59857,59826,59857,31
grooming,59858,59857,59858,1
rising,59911,59858,59911,53
sniffing,59997,59911,59997,86
stepping,60043,59997,60043,46
sniffing,60067,60043,60067,24
stepping,60098,60067,60098,31
rising,60186,60098,60186,88
stepping,60229,60186,60229,43
climbing,60240,60229,60240,11
left_turning,60285,60240,60285,45
sniffing,60347,60285,60347,62
left_turning,60368,60347,60368,21
sniffing,60432,60368,60432,64
grooming,60564,60432,60564,132
sniffing,60610,60564,60610,46
left_turning,60611,60610,60611,1
trotting,60628,60611,60628,17
stepping,60678,60628,60678,50
climbing,60718,60678,60718,40
grooming,60984,60718,60984,266
stepping,60987,60984,60987,3
rearing,61011,60987,61011,24
walking,61029,61011,61029,18
stepping,61052,61029,61052,23
scratching,61053,61052,61053,1
stepping,61071,61053,61071,18
sniffing,61088,61071,61088,17
rising,61089,61088,61089,1
stepping,61116,61089,61116,27
walking,61117,61116,61117,1
rising,61118,61117,61118,1
rearing,61236,61118,61236,118
climbing,61248,61236,61248,12
left_turning,61280,61248,61280,32
rising,61368,61280,61368,88
sniffing,61415,61368,61415,47
climbing,61524,61415,61524,109
grooming,61525,61524,61525,1
jumping,61536,61525,61536,11
rearing,61568,61536,61568,32
left_turning,61599,61568,61599,31
stepping,61648,61599,61648,49
rearing,61730,61648,61730,82
rising,61788,61730,61788,58
sniffing,61789,61788,61789,1
rising,61790,61789,61790,1
sniffing,61829,61790,61829,39
right_turning,61844,61829,61844,15
trotting,61863,61844,61863,19
rising,61891,61863,61891,28
climbing,61941,61891,61941,50
right_turning,61975,61941,61975,34
sniffing,62062,61975,62062,87
rearing,62085,62062,62085,23
sniffing,62213,62085,62213,128
rearing,62257,62213,62257,44
grooming,62456,62257,62456,199
sniffing,62462,62456,62462,6
climbing,62480,62462,62480,18
rearing,62534,62480,62534,54
climbing,62563,62534,62563,29
running,62598,62563,62598,35
climbing,62638,62598,62638,40
rearing,62776,62638,62776,138
sniffing,62799,62776,62799,23
climbing,62827,62799,62827,28
walking,62874,62827,62874,47
trotting,62900,62874,62900,26
sniffing,62908,62900,62908,8
left_turning,62937,62908,62937,29
sniffing,63041,62937,63041,104
grooming,63151,63041,63151,110
left_turning,63196,63151,63196,45
trotting,63219,63196,63219,23
stepping,63269,63219,63269,50
climbing,63283,63269,63283,14
walking,63309,63283,63309,26
right_turning,63328,63309,63328,19
stepping,63391,63328,63391,63
trotting,63441,63391,63441,50
walking,63475,63441,63475,34
sniffing,63530,63475,63530,55
left_turning,63605,63530,63605,75
stepping,63645,63605,63645,40
rearing,63688,63645,63688,43
rising,63716,63688,63716,28
hunching,63731,63716,63731,15
grooming,64055,63731,64055,324
scratching,64095,64055,64095,40
walking,64148,64095,64148,53
right_turning,64149,64148,64149,1
sniffing,64413,64149,64413,264
stepping,64424,64413,64424,11
trotting,64452,64424,64452,28
rising,64525,64452,64525,73
rearing,64609,64525,64609,84
grooming,64644,64609,64644,35
running,64650,64644,64650,6
walking,64688,64650,64688,38
rearing,64689,64688,64689,1
stepping,64803,64689,64803,114
rearing,64882,64803,64882,79
climbing,64937,64882,64937,55
grooming,65526,64937,65526,589
rearing,65546,65526,65546,20
rising,65547,65546,65547,1
rearing,65561,65547,65561,14
climbing,65597,65561,65597,36
sniffing,65643,65597,65643,46
left_turning,65644,65643,65644,1
sniffing,65649,65644,65649,5
stepping,65713,65649,65713,64
walking,65729,65713,65729,16
climbing,65741,65729,65741,12
walking,65762,65741,65762,21
trotting,65808,65762,65808,46
stepping,65824,65808,65824,16
sniffing,65890,65824,65890,66
rising,65995,65890,65995,105
walking,66040,65995,66040,45
rearing,66139,66040,66139,99
sniffing,66140,66139,66140,1
walking,66202,66140,66202,62
sniffing,66256,66202,66256,54
trotting,66284,66256,66284,28
sniffing,66355,66284,66355,71
walking,66375,66355,66375,20
climbing,66431,66375,66431,56
rearing,66432,66431,66432,1
climbing,66442,66432,66442,10
trotting,66461,66442,66461,19
sniffing,66533,66461,66533,72
grooming,66534,66533,66534,1
rearing,66535,66534,66535,1
grooming,66569,66535,66569,34
hunching,66680,66569,66680,111
left_turning,66712,66680,66712,32
walking,66736,66712,66736,24
stepping,66737,66736,66737,1
walking,66795,66737,66795,58
sniffing,66812,66795,66812,17
trotting,66830,66812,66830,18
sniffing,66902,66830,66902,72
rising,66909,66902,66909,7
rearing,66996,66909,66996,87
grooming,66997,66996,66997,1
left_turning,67025,66997,67025,28
grooming,67075,67025,67075,50
walking,67076,67075,67076,1
climbing,67140,67076,67140,64
rising,67204,67140,67204,64
left_turning,67247,67204,67247,43
walking,67251,67247,67251,4
stepping,67320,67251,67320,69
walking,67390,67320,67390,70
stepping,67419,67390,67419,29
rising,67504,67419,67504,85
sniffing,67517,67504,67517,13
rising,67536,67517,67536,19
climbing,67632,67536,67632,96
rearing,67670,67632,67670,38
climbing,67719,67670,67719,49
running,67748,67719,67748,29
sniffing,67767,67748,67767,19
rising,67777,67767,67777,10
climbing,67832,67777,67832,55
walking,67833,67832,67833,1
grooming,67883,67833,67883,50
sniffing,67920,67883,67920,37
walking,67950,67920,67950,30
sniffing,67951,67950,67951,1
hunching,68162,67951,68162,211
grooming,68163,68162,68163,1
climbing,68198,68163,68198,35
stepping,68239,68198,68239,41
sniffing,68345,68239,68345,106
left_turning,68360,68345,68360,15
trotting,68361,68360,68361,1
stepping,68399,68361,68399,38
sniffing,68400,68399,68400,1
running,68424,68400,68424,24
trotting,68450,68424,68450,26
sniffing,68524,68450,68524,74
walking,68536,68524,68536,12
stepping,68546,68536,68546,10
sniffing,68547,68546,68547,1
walking,68574,68547,68574,27
sniffing,68606,68574,68606,32
right_turning,68626,68606,68626,20
grooming,68657,68626,68657,31
left_turning,68677,68657,68677,20
scratching,68678,68677,68678,1
stepping,68696,68678,68696,18
climbing,68739,68696,68739,43
rearing,68763,68739,68763,24
stepping,68810,68763,68810,47
sniffing,68877,68810,68877,67
right_turning,68918,68877,68918,41
stepping,68919,68918,68919,1
sniffing,68988,68919,68988,69
walking,69036,68988,69036,48
sniffing,69100,69036,69100,64
stepping,69101,69100,69101,1
sniffing,69168,69101,69168,67
walking,69176,69168,69176,8
rising,69177,69176,69177,1
left_turning,69197,69177,69197,20
sniffing,69233,69197,69233,36
stepping,69237,69233,69237,4
left_turning,69423,69237,69423,186
sniffing,69463,69423,69463,40
walking,69472,69463,69472,9
sniffing,69608,69472,69608,136
climbing,69625,69608,69625,17
right_turning,69643,69625,69643,18
walking,69644,69643,69644,1
sniffing,69711,69644,69711,67
right_turning,69721,69711,69721,10
sniffing,69722,69721,69722,1
stepping,69723,69722,69723,1
climbing,69732,69723,69732,9
grooming,69733,69732,69733,1
walking,69758,69733,69758,25
grooming,69870,69758,69870,112
sniffing,69911,69870,69911,41
trotting,69923,69911,69923,12
sniffing,69953,69923,69953,30
stepping,69982,69953,69982,29
climbing,69988,69982,69988,6
grooming,70095,69988,70095,107
walking,70109,70095,70109,14
left_turning,70181,70109,70181,72
sniffing,70182,70181,70182,1
rising,70211,70182,70211,29
climbing,70252,70211,70252,41
rearing,70303,70252,70303,51
grooming,70456,70303,70456,153
hunching,70518,70456,70518,62
grooming,71526,70518,71526,1008
rising,71527,71526,71527,1
grooming,71528,71527,71528,1
sniffing,71531,71528,71531,3
walking,71547,71531,71547,16
sniffing,71574,71547,71574,27
trotting,71617,71574,71617,43
walking,71667,71617,71667,50
sniffing,71672,71667,71672,5
left_turning,71691,71672,71691,19
jumping,71722,71691,71722,31
right_turning,71746,71722,71746,24
running,71783,71746,71783,37
sniffing,71784,71783,71784,1
rising,71802,71784,71802,18
rearing,71837,71802,71837,35
sniffing,71838,71837,71838,1
walking,71868,71838,71868,30
sniffing,71869,71868,71869,1
rising,71888,71869,71888,19
stepping,71919,71888,71919,31
sniffing,71982,71919,71982,63
grooming,72086,71982,72086,104
climbing,72125,72086,72125,39
walking,72157,72125,72157,32
sniffing,72185,72157,72185,28
rising,72214,72185,72214,29
stepping,72238,72214,72238,24
sniffing,72271,72238,72271,33
stepping,72313,72271,72313,42
sniffing,72369,72313,72369,56
grooming,72636,72369,72636,267
hunching,72743,72636,72743,107
rearing,72823,72743,72823,80
grooming,72824,72823,72824,1
sniffing,72859,72824,72859,35
walking,72883,72859,72883,24
sniffing,72927,72883,72927,44
right_turning,72992,72927,72992,65
walking,73002,72992,73002,10
trotting,73027,73002,73027,25
left_turning,73078,73027,73078,51
stepping,73115,73078,73115,37
climbing,73123,73115,73123,8
grooming,73245,73123,73245,122
rearing,73307,73245,73307,62
climbing,73374,73307,73374,67
stepping,73411,73374,73411,37
rising,73438,73411,73438,27
rearing,73456,73438,73456,18
hunching,73457,73456,73457,1
left_turning,73504,73457,73504,47
grooming,73571,73504,73571,67
rearing,73599,73571,73599,28
grooming,73600,73599,73600,1
rearing,73628,73600,73628,28
hunching,73725,73628,73725,97
grooming,73847,73725,73847,122
left_turning,73892,73847,73892,45
walking,73902,73892,73902,10
stepping,73906,73902,73906,4
sniffing,73963,73906,73963,57
hunching,74037,73963,74037,74
grooming,74038,74037,74038,1
rising,74069,74038,74069,31
sniffing,74070,74069,74070,1
walking,74076,74070,74076,6
trotting,74110,74076,74110,34
grooming,74292,74110,74292,182
rearing,74293,74292,74293,1
climbing,74337,74293,74337,44
rearing,74379,74337,74379,42
climbing,74398,74379,74398,19
walking,74404,74398,74404,6
sniffing,74405,74404,74405,1
left_turning,74457,74405,74457,52
trotting,74485,74457,74485,28
sniffing,74486,74485,74486,1
walking,74502,74486,74502,16
sniffing,74503,74502,74503,1
walking,74504,74503,74504,1
stepping,74546,74504,74546,42
sniffing,74681,74546,74681,135
climbing,74717,74681,74717,36
grooming,75202,74717,75202,485
sniffing,75244,75202,75244,42
stepping,75249,75244,75249,5
rising,75250,75249,75250,1
left_turning,75264,75250,75264,14
sniffing,75280,75264,75280,16
walking,75337,75280,75337,57
sniffing,75377,75337,75377,40
stepping,75441,75377,75441,64
sniffing,75466,75441,75466,25
grooming,75467,75466,75467,1
rearing,75468,75467,75468,1
climbing,75569,75468,75569,101
sniffing,75622,75569,75622,53
grooming,75812,75622,75812,190
hunching,75904,75812,75904,92
sniffing,75907,75904,75907,3
left_turning,75946,75907,75946,39
sniffing,76021,75946,76021,75
stepping,76046,76021,76046,25
sniffing,76064,76046,76064,18
rising,76093,76064,76093,29
sniffing,76135,76093,76135,42
rising,76165,76135,76165,30
climbing,76181,76165,76181,16
sniffing,76229,76181,76229,48
stepping,76252,76229,76252,23
sniffing,76271,76252,76271,19
walking,76295,76271,76295,24
stepping,76320,76295,76320,25
sniffing,76382,76320,76382,62
grooming,76383,76382,76383,1
rising,76415,76383,76415,32
sniffing,76446,76415,76446,31
running,76456,76446,76456,10
stepping,76512,76456,76512,56
grooming,76640,76512,76640,128
hunching,76641,76640,76641,1
grooming,76726,76641,76726,85
left_turning,76727,76726,76727,1
sniffing,76796,76727,76796,69
walking,76825,76796,76825,29
trotting,76826,76825,76826,1
running,76841,76826,76841,15
walking,76886,76841,76886,45
sniffing,76910,76886,76910,24
stepping,76936,76910,76936,26
climbing,76983,76936,76983,47
left_turning,77120,76983,77120,137
climbing,77167,77120,77167,47
rising,77168,77167,77168,1
grooming,77231,77168,77231,63
rearing,77286,77231,77286,55
grooming,77686,77286,77686,400
trotting,77726,77686,77726,40
walking,77776,77726,77776,50
sniffing,77784,77776,77784,8
climbing,77805,77784,77805,21
walking,77810,77805,77810,5
rearing,77846,77810,77846,36
left_turning,77862,77846,77862,16
walking,77890,77862,77890,28
sniffing,77891,77890,77891,1
rising,77892,77891,77892,1
climbing,77947,77892,77947,55
left_turning,77960,77947,77960,13
sniffing,77994,77960,77994,34
grooming,77995,77994,77995,1
walking,78034,77995,78034,39
sniffing,78041,78034,78041,7
stepping,78070,78041,78070,29
grooming,78071,78070,78071,1
left_turning,78099,78071,78099,28
climbing,78149,78099,78149,50
walking,78208,78149,78208,59
stepping,78213,78208,78213,5
walking,78217,78213,78217,4
stepping,78232,78217,78232,15
climbing,78248,78232,78248,16
rearing,78256,78248,78256,8
left_turning,78281,78256,78281,25
sniffing,78343,78281,78343,62
walking,78349,78343,78349,6
sniffing,78403,78349,78403,54
walking,78407,78403,78407,4
stepping,78425,78407,78425,18
sniffing,78575,78425,78575,150
walking,78576,78575,78576,1
sniffing,78672,78576,78672,96
right_turning,78683,78672,78683,11
stepping,78705,78683,78705,22
sniffing,78871,78705,78871,166
rising,78900,78871,78900,29
climbing,78930,78900,78930,30
rearing,78979,78930,78979,49
grooming,79037,78979,79037,58
climbing,79064,79037,79064,27
trotting,79067,79064,79067,3
walking,79081,79067,79081,14
stepping,79090,79081,79090,9
rearing,79143,79090,79143,53
hunching,79182,79143,79182,39
sniffing,79198,79182,79198,16
rising,79231,79198,79231,33
rearing,79401,79231,79401,170
climbing,79438,79401,79438,37
grooming,79488,79438,79488,50
sniffing,79516,79488,79516,28
walking,79545,79516,79545,29
stepping,79600,79545,79600,55
grooming,79636,79600,79636,36
trotting,79648,79636,79648,12
stepping,79704,79648,79704,56
walking,79708,79704,79708,4
rising,79755,79708,79755,47
grooming,79864,79755,79864,109
rearing,79883,79864,79883,19
climbing,79931,79883,79931,48
rearing,79975,79931,79975,44
stepping,80012,79975,80012,37
rearing,80142,80012,80142,130
grooming,80143,80142,80143,1
hunching,80280,80143,80280,137
grooming,80285,80280,80285,5
stepping,80295,80285,80295,10
sniffing,80319,80295,80319,24
rising,80320,80319,80320,1
climbing,80385,80320,80385,65
left_turning,80412,80385,80412,27
trotting,80424,80412,80424,12
sniffing,80513,80424,80513,89
stepping,80523,80513,80523,10
sniffing,80617,80523,80617,94
walking,80618,80617,80618,1
sniffing,80651,80618,80651,33
trotting,80674,80651,80674,23
walking,80679,80674,80679,5
sniffing,80754,80679,80754,75
rearing,80820,80754,80820,66
grooming,80835,80820,80835,15
sniffing,81043,80835,81043,208
rearing,81071,81043,81071,28
grooming,81072,81071,81072,1
sniffing,81097,81072,81097,25
walking,81110,81097,81110,13
left_turning,81111,81110,81111,1
trotting,81135,81111,81135,24
stepping,81166,81135,81166,31
rising,81192,81166,81192,26
grooming,81399,81192,81399,207
stepping,81502,81399,81502,103
trotting,81511,81502,81511,9
walking,81535,81511,81535,24
sniffing,81586,81535,81586,51
trotting,81593,81586,81593,7
sniffing,81619,81593,81619,26
rising,81657,81619,81657,38
sniffing,81693,81657,81693,36
rearing,81713,81693,81713,20
climbing,81820,81713,81820,107
right_turning,81827,81820,81827,7
grooming,82019,81827,82019,192
rearing,82065,82019,82065,46
rising,82072,82065,82072,7
climbing,82120,82072,82120,48
rearing,82216,82120,82216,96
climbing,82244,82216,82244,28
left_turning,82251,82244,82251,7
rearing,82269,82251,82269,18
climbing,82323,82269,82323,54
walking,82325,82323,82325,2
rising,82335,82325,82335,10
climbing,82374,82335,82374,39
sniffing,82394,82374,82394,20
left_turning,82398,82394,82398,4
stepping,82447,82398,82447,49
sniffing,82463,82447,82463,16
rising,82491,82463,82491,28
climbing,82579,82491,82579,88
stepping,82614,82579,82614,35
trotting,82644,82614,82644,30
sniffing,82715,82644,82715,71
stepping,82718,82715,82718,3
climbing,82759,82718,82759,41
rearing,82760,82759,82760,1
climbing,82813,82760,82813,53
grooming,82995,82813,82995,182
walking,83094,82995,83094,99
stepping,83128,83094,83128,34
sniffing,83169,83128,83169,41
walking,83182,83169,83182,13
sniffing,83185,83182,83185,3
rising,83188,83185,83188,3
rearing,83189,83188,83189,1
climbing,83216,83189,83216,27
left_turning,83237,83216,83237,21
walking,83254,83237,83254,17
rearing,83296,83254,83296,42
hunching,83379,83296,83379,83
grooming,83387,83379,83387,8
rearing,83418,83387,83418,31
left_turning,83484,83418,83484,66
sniffing,83492,83484,83492,8
stepping,83523,83492,83523,31
sniffing,83574,83523,83574,51
grooming,83705,83574,83705,131
walking,83716,83705,83716,11
sniffing,83717,83716,83717,1
left_turning,83835,83717,83835,118
right_turning,83852,83835,83852,17
climbing,83907,83852,83907,55
trotting,83920,83907,83920,13
walking,83953,83920,83953,33
sniffing,83955,83953,83955,2
rising,83966,83955,83966,11
trotting,83991,83966,83991,25
walking,84016,83991,84016,25
sniffing,84020,84016,84020,4
right_turning,84054,84020,84054,34
left_turning,84112,84054,84112,58
sniffing,84381,84112,84381,269
left_turning,84602,84381,84602,221
sniffing,84713,84602,84713,111
walking,84747,84713,84747,34
climbing,84772,84747,84772,25
sniffing,84856,84772,84856,84
walking,84894,84856,84894,38
stepping,84956,84894,84956,62
trotting,84986,84956,84986,30
walking,85025,84986,85025,39
stepping,85085,85025,85085,60
rising,85108,85085,85108,23
rearing,85128,85108,85128,20
grooming,85309,85128,85309,181
rearing,85310,85309,85310,1
stepping,85315,85310,85315,5
walking,85368,85315,85368,53
right_turning,85403,85368,85403,35
running,85433,85403,85433,30
sniffing,85523,85433,85523,90
walking,85567,85523,85567,44
right_turning,85617,85567,85617,50
stepping,85671,85617,85671,54
sniffing,85729,85671,85729,58
trotting,85761,85729,85761,32
sniffing,85809,85761,85809,48
walking,85845,85809,85845,36
sniffing,85884,85845,85884,39
left_turning,85885,85884,85885,1
trotting,85912,85885,85912,27
sniffing,85968,85912,85968,56
walking,85972,85968,85972,4
sniffing,85976,85972,85976,4
running,86009,85976,86009,33
walking,86057,86009,86057,48
sniffing,86118,86057,86118,61
walking,86144,86118,86144,26
sniffing,86145,86144,86145,1
rising,86164,86145,86164,19
climbing,86194,86164,86194,30
trotting,86246,86194,86246,52
walking,86262,86246,86262,16
trotting,86288,86262,86288,26
sniffing,86289,86288,86289,1
left_turning,86299,86289,86299,10
sniffing,86329,86299,86329,30
grooming,86420,86329,86420,91
rising,86451,86420,86451,31
climbing,86460,86451,86460,9
rearing,86572,86460,86572,112
grooming,86687,86572,86687,115
climbing,86696,86687,86696,9
walking,86754,86696,86754,58
climbing,86782,86754,86782,28
grooming,86901,86782,86901,119
rising,86938,86901,86938,37
rearing,86994,86938,86994,56
grooming,87010,86994,87010,16
rearing,87019,87010,87019,9
right_turning,87029,87019,87029,10
rising,87039,87029,87039,10
climbing,87072,87039,87072,33
left_turning,87098,87072,87098,26
stepping,87190,87098,87190,92
climbing,87252,87190,87252,62
walking,87289,87252,87289,37
left_turning,87476,87289,87476,187
walking,87490,87476,87490,14
stepping,87514,87490,87514,24
walking,87515,87514,87515,1
left_turning,87528,87515,87528,13
rising,87595,87528,87595,67
climbing,87648,87595,87648,53
sniffing,87933,87648,87933,285
rearing,87992,87933,87992,59
climbing,88159,87992,88159,167
stepping,88193,88159,88193,34
sniffing,88213,88193,88213,20
grooming,88214,88213,88214,1
hunching,88257,88214,88257,43
grooming,88333,88257,88333,76
hunching,88553,88333,88553,220
climbing,88554,88553,88554,1
trotting,88576,88554,88576,22
rising,88577,88576,88577,1
stepping,88596,88577,88596,19
walking,88661,88596,88661,65
stepping,88672,88661,88672,11
sniffing,88685,88672,88685,13
stepping,88731,88685,88731,46
sniffing,88797,88731,88797,66
right_turning,88823,88797,88823,26
grooming,88824,88823,88824,1
rearing,88878,88824,88878,54
grooming,89319,88878,89319,441
sniffing,89320,89319,89320,1
grooming,89321,89320,89321,1
left_turning,89322,89321,89322,1
sniffing,89344,89322,89344,22
rising,89420,89344,89420,76
climbing,89470,89420,89470,50
rearing,89471,89470,89471,1
rising,89475,89471,89475,4
stepping,89493,89475,89493,18
sniffing,89562,89493,89562,69
walking,89603,89562,89603,41
sniffing,89710,89603,89710,107
stepping,89724,89710,89724,14
trotting,89740,89724,89740,16
right_turning,89757,89740,89757,17
sniffing,89762,89757,89762,5
running,89804,89762,89804,42
walking,89837,89804,89837,33
sniffing,89898,89837,89898,61
right_turning,89899,89898,89899,1
sniffing,90034,89899,90034,135
grooming,90043,90034,90043,9
sniffing,90068,90043,90068,25
stepping,90069,90068,90069,1
sniffing,90070,90069,90070,1
trotting,90097,90070,90097,27
running,90098,90097,90098,1
walking,90108,90098,90108,10
rising,90148,90108,90148,40
sniffing,90229,90148,90229,81
rising,90269,90229,90269,40
walking,90303,90269,90303,34
sniffing,90304,90303,90304,1
walking,90310,90304,90310,6
sniffing,90323,90310,90323,13
hunching,90401,90323,90401,78
stepping,90429,90401,90429,28
running,90443,90429,90443,14
walking,90451,90443,90451,8
trotting,90476,90451,90476,25
sniffing,90477,90476,90477,1
stepping,90499,90477,90499,22
left_turning,90537,90499,90537,38
walking,90574,90537,90574,37
stepping,90575,90574,90575,1
walking,90589,90575,90589,14
sniffing,90620,90589,90620,31
stepping,90666,90620,90666,46
left_turning,90667,90666,90667,1
sniffing,90668,90667,90668,1
rising,90703,90668,90703,35
climbing,90728,90703,90728,25
grooming,90763,90728,90763,35
walking,90805,90763,90805,42
sniffing,90873,90805,90873,68
trotting,90892,90873,90892,19
walking,90923,90892,90923,31
stepping,90971,90923,90971,48
rising,90994,90971,90994,23
sniffing,91044,90994,91044,50
walking,91058,91044,91058,14
stepping,91068,91058,91068,10
walking,91072,91068,91072,4
rising,91073,91072,91073,1
rearing,91074,91073,91074,1
grooming,91083,91074,91083,9
right_turning,91099,91083,91099,16
stepping,91138,91099,91138,39
trotting,91167,91138,91167,29
sniffing,91356,91167,91356,189
stepping,91384,91356,91384,28
sniffing,91436,91384,91436,52
grooming,91437,91436,91437,1
sniffing,91447,91437,91447,10
walking,91465,91447,91465,18
stepping,91477,91465,91477,12
grooming,91595,91477,91595,118
sniffing,91721,91595,91721,126
rising,91824,91721,91824,103
sniffing,91876,91824,91876,52
rising,91897,91876,91897,21
climbing,92012,91897,92012,115
rearing,92088,92012,92088,76
left_turning,92089,92088,92089,1
stepping,92109,92089,92109,20
rising,92163,92109,92163,54
left_turning,92217,92163,92217,54
walking,92242,92217,92242,25
stepping,92253,92242,92253,11
walking,92293,92253,92293,40
rising,92338,92293,92338,45
sniffing,92394,92338,92394,56
grooming,92403,92394,92403,9
hunching,92461,92403,92461,58
climbing,92491,92461,92491,30
stepping,92506,92491,92506,15
sniffing,92547,92506,92547,41
grooming,92749,92547,92749,202
stepping,92776,92749,92776,27
walking,92833,92776,92833,57
stepping,92845,92833,92845,12
sniffing,92846,92845,92846,1
walking,92861,92846,92861,15
sniffing,92949,92861,92949,88
stepping,92957,92949,92957,8
sniffing,92958,92957,92958,1
stepping,92972,92958,92972,14
walking,92999,92972,92999,27
sniffing,93014,92999,93014,15
walking,93047,93014,93047,33
sniffing,93113,93047,93113,66
grooming,93158,93113,93158,45
right_turning,93194,93158,93194,36
walking,93215,93194,93215,21
grooming,93384,93215,93384,169
scratching,93445,93384,93445,61
stepping,93504,93445,93504,59
rising,93536,93504,93536,32
sniffing,93587,93536,93587,51
stepping,93605,93587,93605,18
grooming,94139,93605,94139,534
hunching,94191,94139,94191,52
grooming,94263,94191,94263,72
rearing,94264,94263,94264,1
rising,94273,94264,94273,9
climbing,94347,94273,94347,74
left_turning,94412,94347,94412,65
climbing,94474,94412,94474,62
right_turning,94485,94474,94485,11
walking,94486,94485,94486,1
rearing,94558,94486,94558,72
rising,94580,94558,94580,22
climbing,94638,94580,94638,58
rising,94658,94638,94658,20
walking,94682,94658,94682,24
sniffing,94707,94682,94707,25
walking,94780,94707,94780,73
sniffing,94821,94780,94821,41
stepping,94847,94821,94847,26
grooming,94848,94847,94848,1
right_turning,94889,94848,94889,41
running,94922,94889,94922,33
walking,94933,94922,94933,11
stepping,94958,94933,94958,25
walking,94968,94958,94968,10
sniffing,95037,94968,95037,69
grooming,95344,95037,95344,307
hunching,95384,95344,95384,40
sniffing,95765,95384,95765,381
walking,95799,95765,95799,34
sniffing,95876,95799,95876,77
stepping,95907,95876,95907,31
rearing,96071,95907,96071,164
climbing,96108,96071,96108,37
walking,96151,96108,96151,43
climbing,96196,96151,96196,45
grooming,96283,96196,96283,87
rising,96324,96283,96324,41
right_turning,96338,96324,96338,14
stepping,96383,96338,96383,45
rearing,96454,96383,96454,71
stepping,96476,96454,96476,22
rising,96519,96476,96519,43
grooming,96767,96519,96767,248
stepping,96785,96767,96785,18
right_turning,96806,96785,96806,21
stepping,96820,96806,96820,14
grooming,96937,96820,96937,117
right_turning,96955,96937,96955,18
sniffing,97031,96955,97031,76
walking,97068,97031,97068,37
rearing,97111,97068,97111,43
sniffing,97159,97111,97159,48
rising,97161,97159,97161,2
sniffing,97184,97161,97184,23
scratching,97248,97184,97248,64
left_turning,97334,97248,97334,86
trotting,97335,97334,97335,1
rising,97336,97335,97336,1
sniffing,97465,97336,97465,129
rising,97506,97465,97506,41
rearing,97553,97506,97553,47
stepping,97562,97553,97562,9
sniffing,97563,97562,97563,1
rising,97573,97563,97573,10
stepping,97589,97573,97589,16
sniffing,97628,97589,97628,39
stepping,97660,97628,97660,32
sniffing,97724,97660,97724,64
rearing,97742,97724,97742,18
stepping,97789,97742,97789,47
sniffing,97837,97789,97837,48
rising,97886,97837,97886,49
grooming,97887,97886,97887,1
rising,97908,97887,97908,21
sniffing,98029,97908,98029,121
rearing,98225,98029,98225,196
rising,98241,98225,98241,16
sniffing,98291,98241,98291,50
grooming,98331,98291,98331,40
sniffing,98401,98331,98401,70
left_turning,98402,98401,98402,1
stepping,98410,98402,98410,8
sniffing,98438,98410,98438,28
rising,98439,98438,98439,1
stepping,98465,98439,98465,26
rearing,98558,98465,98558,93
climbing,98578,98558,98578,20
rising,98606,98578,98606,28
walking,98658,98606,98658,52
sniffing,98761,98658,98761,103
right_turning,98762,98761,98762,1
stepping,98793,98762,98793,31
sniffing,98868,98793,98868,75
left_turning,98875,98868,98875,7
stepping,98887,98875,98887,12
walking,98910,98887,98910,23
sniffing,98918,98910,98918,8
scratching,98919,98918,98919,1
sniffing,98957,98919,98957,38
walking,98991,98957,98991,34
sniffing,99034,98991,99034,43
walking,99035,99034,99035,1
sniffing,99109,99035,99109,74
grooming,99120,99109,99120,11
rising,99180,99120,99180,60
climbing,99216,99180,99216,36
grooming,99217,99216,99217,1
sniffing,99327,99217,99327,110
trotting,99364,99327,99364,37
walking,99365,99364,99365,1
sniffing,99403,99365,99403,38
walking,99418,99403,99418,15
stepping,99423,99418,99423,5
left_turning,99533,99423,99533,110
stepping,99559,99533,99559,26
rising,99638,99559,99638,79
grooming,99730,99638,99730,92
left_turning,99765,99730,99765,35
sniffing,99859,99765,99859,94
rearing,99928,99859,99928,69
grooming,99929,99928,99929,1
running,99959,99929,99959,30
trotting,100006,99959,100006,47
rearing,100220,100006,100220,214
grooming,100221,100220,100221,1
hunching,100222,100221,100222,1
left_turning,100270,100222,100270,48
stepping,100278,100270,100278,8
rising,100279,100278,100279,1
sniffing,100308,100279,100308,29
grooming,100479,100308,100479,171
rearing,100505,100479,100505,26
grooming,100559,100505,100559,54
rearing,100626,100559,100626,67
grooming,100760,100626,100760,134
left_turning,100816,100760,100816,56
grooming,100817,100816,100817,1
sniffing,100938,100817,100938,121
stepping,100989,100938,100989,51
sniffing,101061,100989,101061,72
stepping,101112,101061,101112,51
sniffing,101159,101112,101159,47
stepping,101196,101159,101196,37
sniffing,101220,101196,101220,24
trotting,101247,101220,101247,27
jumping,101312,101247,101312,65
grooming,101383,101312,101383,71
hunching,101395,101383,101395,12
grooming,101424,101395,101424,29
left_turning,101447,101424,101447,23
sniffing,101484,101447,101484,37
grooming,102069,101484,102069,585
rearing,102070,102069,102070,1
climbing,102074,102070,102074,4
running,102114,102074,102114,40
sniffing,102210,102114,102210,96
rearing,102277,102210,102277,67
sniffing,102280,102277,102280,3
climbing,102305,102280,102305,25
grooming,102373,102305,102373,68
rearing,102447,102373,102447,74
grooming,102517,102447,102517,70
rearing,102524,102517,102524,7
right_turning,102558,102524,102558,34
stepping,102578,102558,102578,20
sniffing,102841,102578,102841,263
left_turning,102864,102841,102864,23
stepping,102907,102864,102907,43
sniffing,102975,102907,102975,68
rising,103006,102975,103006,31
climbing,103038,103006,103038,32
rising,103075,103038,103075,37
rearing,103149,103075,103149,74
grooming,103203,103149,103203,54
climbing,103210,103203,103210,7
grooming,103258,103210,103258,48
sniffing,103279,103258,103279,21
grooming,103398,103279,103398,119
sniffing,103405,103398,103405,7
left_turning,103493,103405,103493,88
hunching,103536,103493,103536,43
rearing,103771,103536,103771,235
grooming,104138,103771,104138,367
rearing,104333,104138,104333,195
grooming,104334,104333,104334,1
rearing,104538,104334,104538,204
climbing,104542,104538,104542,4
stepping,104582,104542,104582,40
sniffing,104632,104582,104632,50
running,104643,104632,104643,11
stepping,104655,104643,104655,12
sniffing,104770,104655,104770,115
left_turning,104776,104770,104776,6
trotting,104809,104776,104809,33
walking,104845,104809,104845,36
rearing,104944,104845,104944,99
grooming,105311,104944,105311,367
walking,105331,105311,105331,20
right_turning,105363,105331,105363,32
sniffing,105433,105363,105433,70
left_turning,105476,105433,105476,43
rearing,105600,105476,105600,124
grooming,105731,105600,105731,131
sniffing,105821,105731,105821,90
stepping,105824,105821,105824,3
sniffing,105844,105824,105844,20
stepping,105872,105844,105872,28
trotting,105889,105872,105889,17
climbing,105942,105889,105942,53
hunching,106062,105942,106062,120
grooming,106284,106062,106284,222
right_turning,106297,106284,106297,13
walking,106360,106297,106360,63
stepping,106371,106360,106371,11
sniffing,106447,106371,106447,76
rising,106531,106447,106531,84
grooming,106555,106531,106555,24
left_turning,106613,106555,106613,58
walking,106630,106613,106630,17
sniffing,106637,106630,106637,7
grooming,106638,106637,106638,1
hunching,106658,106638,106658,20
rearing,106758,106658,106758,100
hunching,106825,106758,106825,67
rearing,106881,106825,106881,56
grooming,106882,106881,106882,1
scratching,106985,106882,106985,103
grooming,106986,106985,106986,1
rearing,106987,106986,106987,1
grooming,106988,106987,106988,1
walking,107033,106988,107033,45
stepping,107068,107033,107068,35
right_turning,107072,107068,107072,4
walking,107098,107072,107098,26
rising,107152,107098,107152,54
climbing,107224,107152,107224,72
rising,107237,107224,107237,13
walking,107271,107237,107271,34
climbing,107334,107271,107334,63
rising,107337,107334,107337,3
climbing,107380,107337,107380,43
walking,107398,107380,107398,18
running,107415,107398,107415,17
rising,107416,107415,107416,1
rearing,107484,107416,107484,68
stepping,107509,107484,107509,25
sniffing,107602,107509,107602,93
walking,107613,107602,107613,11
sniffing,107614,107613,107614,1
right_turning,107626,107614,107626,12
stepping,107646,107626,107646,20
sniffing,107702,107646,107702,56
grooming,107805,107702,107805,103
sniffing,107844,107805,107844,39
walking,107878,107844,107878,34
sniffing,107933,107878,107933,55
walking,107978,107933,107978,45
sniffing,107979,107978,107979,1
grooming,108000,107979,108000,21
