revised_movement_label,segBoundary,segBoundary_start,segBoundary_end,length
sniffing,34,0,34,34
rising,35,34,35,1
stepping,78,35,78,43
sniffing,93,78,93,15
rising,122,93,122,29
right_turning,145,122,145,23
sniffing,175,145,175,30
walking,226,175,226,51
stepping,227,226,227,1
walking,246,227,246,19
sniffing,278,246,278,32
scratching,371,278,371,93
sniffing,410,371,410,39
walking,413,410,413,3
sniffing,414,413,414,1
rising,516,414,516,102
grooming,517,516,517,1
sniffing,558,517,558,41
rising,559,558,559,1
sniffing,600,559,600,41
stepping,608,600,608,8
walking,623,608,623,15
trotting,685,623,685,62
running,694,685,694,9
trotting,708,694,708,14
walking,769,708,769,61
sniffing,793,769,793,24
rearing,943,793,943,150
grooming,1064,943,1064,121
sniffing,1119,1064,1119,55
rising,1127,1119,1127,8
walking,1164,1127,1164,37
trotting,1166,1164,1166,2
running,1226,1166,1226,60
sniffing,1259,1226,1259,33
climbing,1291,1259,1291,32
rearing,1304,1291,1304,13
hunching,1481,1304,1481,177
grooming,1566,1481,1566,85
rising,1602,1566,1602,36
walking,1631,1602,1631,29
sniffing,1632,1631,1632,1
stepping,1638,1632,1638,6
walking,1660,1638,1660,22
trotting,1678,1660,1678,18
running,1710,1678,1710,32
sniffing,1771,1710,1771,61
rising,1800,1771,1800,29
sniffing,1824,1800,1824,24
rising,1825,1824,1825,1
walking,1858,1825,1858,33
stepping,1890,1858,1890,32
trotting,1916,1890,1916,26
sniffing,1947,1916,1947,31
stepping,1956,1947,1956,9
sniffing,2007,1956,2007,51
walking,2078,2007,2078,71
stepping,2114,2078,2114,36
trotting,2144,2114,2144,30
sniffing,2222,2144,2222,78
walking,2253,2222,2253,31
sniffing,2254,2253,2254,1
stepping,2255,2254,2255,1
walking,2260,2255,2260,5
sniffing,2261,2260,2261,1
climbing,2292,2261,2292,31
grooming,2354,2292,2354,62
sniffing,2389,2354,2389,35
walking,2412,2389,2412,23
rising,2475,2412,2475,63
rearing,2544,2475,2544,69
hunching,2563,2544,2563,19
left_turning,2568,2563,2568,5
walking,2581,2568,2581,13
stepping,2657,2581,2657,76
sniffing,2728,2657,2728,71
stepping,2750,2728,2750,22
sniffing,2795,2750,2795,45
stepping,2834,2795,2834,39
sniffing,2889,2834,2889,55
rising,2890,2889,2890,1
grooming,2996,2890,2996,106
stepping,3031,2996,3031,35
sniffing,3058,3031,3058,27
trotting,3113,3058,3113,55
sniffing,3118,3113,3118,5
walking,3150,3118,3150,32
trotting,3171,3150,3171,21
walking,3179,3171,3179,8
sniffing,3211,3179,3211,32
climbing,3227,3211,3227,16
running,3237,3227,3237,10
rising,3248,3237,3248,11
sniffing,3287,3248,3287,39
walking,3291,3287,3291,4
sniffing,3350,3291,3350,59
left_turning,3352,3350,3352,2
grooming,3398,3352,3398,46
climbing,3464,3398,3464,66
walking,3465,3464,3465,1
rising,3471,3465,3471,6
sniffing,3478,3471,3478,7
left_turning,3499,3478,3499,21
walking,3531,3499,3531,32
stepping,3580,3531,3580,49
walking,3583,3580,3583,3
rising,3584,3583,3584,1
rearing,3602,3584,3602,18
rising,3654,3602,3654,52
sniffing,3690,3654,3690,36
trotting,3718,3690,3718,28
stepping,3740,3718,3740,22
walking,3822,3740,3822,82
sniffing,3849,3822,3849,27
left_turning,3869,3849,3869,20
stepping,3906,3869,3906,37
sniffing,3975,3906,3975,69
rising,4008,3975,4008,33
grooming,4009,4008,4009,1
rearing,4188,4009,4188,179
sniffing,4275,4188,4275,87
stepping,4324,4275,4324,49
walking,4334,4324,4334,10
running,4347,4334,4347,13
sniffing,4380,4347,4380,33
stepping,4416,4380,4416,36
left_turning,4432,4416,4432,16
sniffing,4488,4432,4488,56
walking,4525,4488,4525,37
sniffing,4546,4525,4546,21
running,4568,4546,4568,22
trotting,4573,4568,4573,5
walking,4574,4573,4574,1
running,4601,4574,4601,27
walking,4615,4601,4615,14
sniffing,4616,4615,4616,1
rising,4621,4616,4621,5
stepping,4663,4621,4663,42
walking,4751,4663,4751,88
trotting,4781,4751,4781,30
running,4801,4781,4801,20
sniffing,4810,4801,4810,9
left_turning,4854,4810,4854,44
sniffing,4855,4854,4855,1
rising,4871,4855,4871,16
left_turning,4889,4871,4889,18
sniffing,5002,4889,5002,113
stepping,5012,5002,5012,10
rising,5013,5012,5013,1
sniffing,5051,5013,5051,38
left_turning,5072,5051,5072,21
sniffing,5132,5072,5132,60
rising,5151,5132,5151,19
rearing,5413,5151,5413,262
hunching,5414,5413,5414,1
rising,5415,5414,5415,1
left_turning,5453,5415,5453,38
stepping,5458,5453,5458,5
left_turning,5460,5458,5460,2
stepping,5486,5460,5486,26
sniffing,5520,5486,5520,34
rising,5561,5520,5561,41
sniffing,5562,5561,5562,1
grooming,5700,5562,5700,138
left_turning,5713,5700,5713,13
grooming,5760,5713,5760,47
stepping,5798,5760,5798,38
rising,5819,5798,5819,21
grooming,5844,5819,5844,25
rearing,5845,5844,5845,1
rising,5919,5845,5919,74
walking,5942,5919,5942,23
running,5979,5942,5979,37
trotting,5987,5979,5987,8
walking,6027,5987,6027,40
sniffing,6028,6027,6028,1
right_turning,6053,6028,6053,25
sniffing,6110,6053,6110,57
rising,6128,6110,6128,18
grooming,6129,6128,6129,1
trotting,6151,6129,6151,22
stepping,6158,6151,6158,7
sniffing,6159,6158,6159,1
walking,6270,6159,6270,111
trotting,6312,6270,6312,42
rising,6348,6312,6348,36
left_turning,6349,6348,6349,1
stepping,6358,6349,6358,9
rising,6368,6358,6368,10
sniffing,6373,6368,6373,5
grooming,6374,6373,6374,1
rising,6405,6374,6405,31
climbing,6487,6405,6487,82
right_turning,6510,6487,6510,23
sniffing,6552,6510,6552,42
stepping,6562,6552,6562,10
walking,6591,6562,6591,29
rising,6601,6591,6601,10
left_turning,6629,6601,6629,28
trotting,6638,6629,6638,9
stepping,6671,6638,6671,33
walking,6697,6671,6697,26
sniffing,6727,6697,6727,30
rising,6794,6727,6794,67
rearing,6966,6794,6966,172
grooming,6967,6966,6967,1
trotting,6993,6967,6993,26
walking,7039,6993,7039,46
trotting,7057,7039,7057,18
walking,7079,7057,7079,22
trotting,7100,7079,7100,21
rising,7101,7100,7101,1
left_turning,7117,7101,7117,16
walking,7150,7117,7150,33
rising,7162,7150,7162,12
grooming,7398,7162,7398,236
rising,7458,7398,7458,60
rearing,7459,7458,7459,1
sniffing,7483,7459,7483,24
climbing,7528,7483,7528,45
grooming,7760,7528,7760,232
left_turning,7790,7760,7790,30
trotting,7801,7790,7801,11
stepping,7821,7801,7821,20
sniffing,7853,7821,7853,32
right_turning,7869,7853,7869,16
stepping,7900,7869,7900,31
rising,7902,7900,7902,2
walking,7959,7902,7959,57
sniffing,8028,7959,8028,69
walking,8057,8028,8057,29
running,8064,8057,8064,7
sniffing,8065,8064,8065,1
running,8084,8065,8084,19
walking,8144,8084,8144,60
sniffing,8335,8144,8335,191
rearing,8398,8335,8398,63
hunching,8415,8398,8415,17
rising,8468,8415,8468,53
rearing,8537,8468,8537,69
grooming,8725,8537,8725,188
sniffing,8790,8725,8790,65
rising,8841,8790,8841,51
sniffing,8941,8841,8941,100
climbing,8954,8941,8954,13
sniffing,8955,8954,8955,1
walking,8972,8955,8972,17
sniffing,8981,8972,8981,9
rising,9002,8981,9002,21
sniffing,9003,9002,9003,1
grooming,9009,9003,9009,6
rising,9010,9009,9010,1
sniffing,9079,9010,9079,69
walking,9101,9079,9101,22
stepping,9131,9101,9131,30
sniffing,9188,9131,9188,57
stepping,9217,9188,9217,29
sniffing,9289,9217,9289,72
left_turning,9290,9289,9290,1
stepping,9293,9290,9293,3
walking,9294,9293,9294,1
grooming,9598,9294,9598,304
climbing,9642,9598,9642,44
left_turning,9651,9642,9651,9
trotting,9676,9651,9676,25
stepping,9683,9676,9683,7
sniffing,9721,9683,9721,38
stepping,9780,9721,9780,59
sniffing,9821,9780,9821,41
grooming,10212,9821,10212,391
stepping,10244,10212,10244,32
walking,10245,10244,10245,1
running,10275,10245,10275,30
walking,10356,10275,10356,81
grooming,10429,10356,10429,73
trotting,10480,10429,10480,51
stepping,10534,10480,10534,54
rearing,10688,10534,10688,154
hunching,10736,10688,10736,48
grooming,10761,10736,10761,25
rising,10817,10761,10817,56
sniffing,10873,10817,10873,56
left_turning,10893,10873,10893,20
stepping,10904,10893,10904,11
walking,10953,10904,10953,49
sniffing,11161,10953,11161,208
left_turning,11213,11161,11213,52
sniffing,11238,11213,11238,25
climbing,11271,11238,11271,33
walking,11284,11271,11284,13
left_turning,11319,11284,11319,35
running,11342,11319,11342,23
walking,11379,11342,11379,37
sniffing,11412,11379,11412,33
grooming,11413,11412,11413,1
rising,11443,11413,11443,30
sniffing,11444,11443,11444,1
grooming,11467,11444,11467,23
sniffing,11468,11467,11468,1
rearing,11471,11468,11471,3
climbing,11497,11471,11497,26
left_turning,11519,11497,11519,22
running,11548,11519,11548,29
stepping,11578,11548,11578,30
sniffing,11604,11578,11604,26
grooming,11605,11604,11605,1
walking,11613,11605,11613,8
grooming,11902,11613,11902,289
left_turning,11914,11902,11914,12
trotting,11967,11914,11967,53
sniffing,12004,11967,12004,37
left_turning,12018,12004,12018,14
climbing,12057,12018,12057,39
left_turning,12100,12057,12100,43
grooming,12101,12100,12101,1
left_turning,12180,12101,12180,79
trotting,12188,12180,12188,8
running,12216,12188,12216,28
stepping,12259,12216,12259,43
sniffing,12262,12259,12262,3
walking,12274,12262,12274,12
trotting,12299,12274,12299,25
sniffing,12314,12299,12314,15
walking,12351,12314,12351,37
sniffing,12360,12351,12360,9
grooming,12708,12360,12708,348
rearing,12709,12708,12709,1
walking,12760,12709,12760,51
stepping,12837,12760,12837,77
climbing,12914,12837,12914,77
left_turning,12951,12914,12951,37
rising,12952,12951,12952,1
sniffing,12953,12952,12953,1
walking,12975,12953,12975,22
sniffing,13009,12975,13009,34
trotting,13045,13009,13045,36
stepping,13060,13045,13060,15
sniffing,13061,13060,13061,1
stepping,13077,13061,13077,16
sniffing,13129,13077,13129,52
rearing,13176,13129,13176,47
grooming,13643,13176,13643,467
walking,13693,13643,13693,50
stepping,13694,13693,13694,1
sniffing,13718,13694,13718,24
left_turning,13721,13718,13721,3
trotting,13794,13721,13794,73
walking,13834,13794,13834,40
sniffing,13882,13834,13882,48
walking,13936,13882,13936,54
running,13977,13936,13977,41
walking,14029,13977,14029,52
rising,14042,14029,14042,13
sniffing,14052,14042,14052,10
walking,14062,14052,14062,10
stepping,14097,14062,14097,35
grooming,14286,14097,14286,189
hunching,14287,14286,14287,1
left_turning,14302,14287,14302,15
walking,14332,14302,14332,30
stepping,14344,14332,14344,12
walking,14382,14344,14382,38
stepping,14444,14382,14444,62
grooming,14912,14444,14912,468
walking,14926,14912,14926,14
stepping,14945,14926,14945,19
walking,14955,14945,14955,10
trotting,14995,14955,14995,40
sniffing,15011,14995,15011,16
grooming,15027,15011,15027,16
walking,15074,15027,15074,47
running,15076,15074,15076,2
rising,15077,15076,15077,1
walking,15112,15077,15112,35
stepping,15127,15112,15127,15
rearing,15176,15127,15176,49
hunching,15195,15176,15195,19
grooming,15508,15195,15508,313
rearing,15509,15508,15509,1
climbing,15541,15509,15541,32
grooming,15674,15541,15674,133
stepping,15707,15674,15707,33
sniffing,15818,15707,15818,111
grooming,15819,15818,15819,1
rising,15820,15819,15820,1
climbing,15859,15820,15859,39
stepping,15878,15859,15878,19
grooming,16004,15878,16004,126
hunching,16106,16004,16106,102
rearing,16144,16106,16144,38
hunching,16255,16144,16255,111
grooming,16964,16255,16964,709
rearing,17051,16964,17051,87
sniffing,17121,17051,17121,70
grooming,17122,17121,17122,1
climbing,17132,17122,17132,10
grooming,17423,17132,17423,291
sniffing,17441,17423,17441,18
walking,17480,17441,17480,39
sniffing,17542,17480,17542,62
grooming,17543,17542,17543,1
rearing,17569,17543,17569,26
rising,17695,17569,17695,126
walking,17696,17695,17696,1
sniffing,17763,17696,17763,67
walking,17777,17763,17777,14
rising,17890,17777,17890,113
stepping,17891,17890,17891,1
walking,17894,17891,17894,3
grooming,17895,17894,17895,1
left_turning,17938,17895,17938,43
walking,17939,17938,17939,1
grooming,18060,17939,18060,121
hunching,18061,18060,18061,1
grooming,18213,18061,18213,152
sniffing,18327,18213,18327,114
grooming,18459,18327,18459,132
right_turning,18460,18459,18460,1
sniffing,18506,18460,18506,46
left_turning,18517,18506,18517,11
stepping,18558,18517,18558,41
walking,18587,18558,18587,29
right_turning,18591,18587,18591,4
walking,18597,18591,18597,6
sniffing,18658,18597,18658,61
grooming,18963,18658,18963,305
sniffing,18984,18963,18984,21
rising,19039,18984,19039,55
climbing,19067,19039,19067,28
left_turning,19114,19067,19114,47
walking,19125,19114,19125,11
left_turning,19137,19125,19137,12
grooming,19192,19137,19192,55
rearing,19248,19192,19248,56
grooming,19401,19248,19401,153
scratching,19402,19401,19402,1
grooming,19650,19402,19650,248
rising,19684,19650,19684,34
left_turning,19700,19684,19700,16
stepping,19701,19700,19701,1
sniffing,19745,19701,19745,44
rearing,19786,19745,19786,41
grooming,20131,19786,20131,345
stepping,20199,20131,20199,68
right_turning,20216,20199,20216,17
walking,20235,20216,20235,19
grooming,20236,20235,20236,1
stepping,20242,20236,20242,6
sniffing,20290,20242,20290,48
grooming,20291,20290,20291,1
trotting,20344,20291,20344,53
sniffing,20345,20344,20345,1
stepping,20380,20345,20380,35
walking,20400,20380,20400,20
sniffing,20486,20400,20486,86
rising,20520,20486,20520,34
climbing,20547,20520,20547,27
stepping,20593,20547,20593,46
sniffing,20596,20593,20596,3
stepping,20617,20596,20617,21
rearing,20673,20617,20673,56
left_turning,20724,20673,20724,51
stepping,20748,20724,20748,24
grooming,20815,20748,20815,67
hunching,21058,20815,21058,243
rearing,21059,21058,21059,1
climbing,21111,21059,21111,52
sniffing,21207,21111,21207,96
trotting,21241,21207,21241,34
stepping,21281,21241,21281,40
sniffing,21282,21281,21282,1
stepping,21284,21282,21284,2
walking,21286,21284,21286,2
rising,21287,21286,21287,1
stepping,21343,21287,21343,56
sniffing,21406,21343,21406,63
walking,21441,21406,21441,35
stepping,21444,21441,21444,3
rearing,21508,21444,21508,64
climbing,21509,21508,21509,1
walking,21545,21509,21545,36
sniffing,21617,21545,21617,72
grooming,21811,21617,21811,194
rearing,21898,21811,21898,87
climbing,21925,21898,21925,27
rearing,21926,21925,21926,1
grooming,21988,21926,21988,62
walking,22013,21988,22013,25
grooming,22220,22013,22220,207
sniffing,22234,22220,22234,14
right_turning,22251,22234,22251,17
running,22282,22251,22282,31
sniffing,22355,22282,22355,73
stepping,22445,22355,22445,90
grooming,22844,22445,22844,399
rearing,23005,22844,23005,161
grooming,23454,23005,23454,449
running,23472,23454,23472,18
sniffing,23572,23472,23572,100
grooming,23739,23572,23739,167
stepping,23747,23739,23747,8
sniffing,23811,23747,23811,64
right_turning,23827,23811,23827,16
stepping,23833,23827,23833,6
climbing,23909,23833,23909,76
left_turning,23923,23909,23923,14
stepping,23978,23923,23978,55
climbing,24035,23978,24035,57
grooming,24091,24035,24091,56
sniffing,24125,24091,24125,34
trotting,24165,24125,24165,40
rearing,24344,24165,24344,179
climbing,24370,24344,24370,26
right_turning,24395,24370,24395,25
sniffing,24417,24395,24417,22
grooming,24418,24417,24418,1
climbing,24481,24418,24481,63
left_turning,24514,24481,24514,33
grooming,24518,24514,24518,4
hunching,24656,24518,24656,138
climbing,24730,24656,24730,74
left_turning,24731,24730,24731,1
sniffing,24760,24731,24760,29
rising,24789,24760,24789,29
rearing,24790,24789,24790,1
hunching,24901,24790,24901,111
sniffing,24925,24901,24925,24
walking,24932,24925,24932,7
sniffing,25006,24932,25006,74
rising,25021,25006,25021,15
stepping,25046,25021,25046,25
grooming,25499,25046,25499,453
left_turning,25532,25499,25532,33
sniffing,25606,25532,25606,74
walking,25693,25606,25693,87
rising,25799,25693,25799,106
right_turning,25800,25799,25800,1
sniffing,25840,25800,25840,40
running,25868,25840,25868,28
walking,25920,25868,25920,52
rearing,25927,25920,25927,7
climbing,25947,25927,25947,20
right_turning,25977,25947,25977,30
stepping,25987,25977,25987,10
sniffing,26120,25987,26120,133
grooming,26567,26120,26567,447
rearing,26632,26567,26632,65
sniffing,26701,26632,26701,69
grooming,26800,26701,26800,99
hunching,26995,26800,26995,195
rearing,27070,26995,27070,75
hunching,27122,27070,27122,52
grooming,27426,27122,27426,304
sniffing,27456,27426,27456,30
rising,27457,27456,27457,1
hunching,27531,27457,27531,74
rearing,27790,27531,27790,259
grooming,27791,27790,27791,1
left_turning,27846,27791,27846,55
walking,27877,27846,27877,31
stepping,27976,27877,27976,99
sniffing,27977,27976,27977,1
walking,27989,27977,27989,12
sniffing,27990,27989,27990,1
stepping,28034,27990,28034,44
grooming,28171,28034,28171,137
sniffing,28222,28171,28222,51
rising,28249,28222,28249,27
climbing,28275,28249,28275,26
sniffing,28279,28275,28279,4
stepping,28280,28279,28280,1
grooming,28281,28280,28281,1
hunching,28282,28281,28282,1
grooming,28959,28282,28959,677
left_turning,28963,28959,28963,4
scratching,29102,28963,29102,139
left_turning,29175,29102,29175,73
stepping,29253,29175,29253,78
walking,29260,29253,29260,7
right_turning,29271,29260,29271,11
walking,29292,29271,29292,21
sniffing,29304,29292,29304,12
rising,29318,29304,29318,14
climbing,29345,29318,29345,27
left_turning,29373,29345,29373,28
walking,29412,29373,29412,39
rising,29433,29412,29433,21
stepping,29460,29433,29460,27
walking,29498,29460,29498,38
stepping,29518,29498,29518,20
sniffing,29519,29518,29519,1
grooming,29968,29519,29968,449
left_turning,29989,29968,29989,21
walking,30003,29989,30003,14
sniffing,30004,30003,30004,1
trotting,30023,30004,30023,19
left_turning,30063,30023,30063,40
trotting,30077,30063,30077,14
sniffing,30110,30077,30110,33
climbing,30121,30110,30121,11
sniffing,30141,30121,30141,20
walking,30155,30141,30155,14
sniffing,30275,30155,30275,120
grooming,30276,30275,30276,1
scratching,30331,30276,30331,55
sniffing,30341,30331,30341,10
grooming,30479,30341,30479,138
hunching,30583,30479,30583,104
walking,30622,30583,30622,39
sniffing,30660,30622,30660,38
rising,30670,30660,30670,10
stepping,30705,30670,30705,35
walking,30734,30705,30734,29
grooming,30858,30734,30858,124
walking,30893,30858,30893,35
trotting,30907,30893,30907,14
sniffing,30933,30907,30933,26
stepping,30991,30933,30991,58
sniffing,31035,30991,31035,44
stepping,31060,31035,31060,25
sniffing,31110,31060,31110,50
rising,31137,31110,31137,27
grooming,31436,31137,31436,299
scratching,31441,31436,31441,5
sniffing,31445,31441,31445,4
rising,31484,31445,31484,39
grooming,31613,31484,31613,129
right_turning,31632,31613,31632,19
walking,31677,31632,31677,45
stepping,31776,31677,31776,99
sniffing,31780,31776,31780,4
stepping,31793,31780,31793,13
right_turning,31798,31793,31798,5
sniffing,31799,31798,31799,1
stepping,31822,31799,31822,23
trotting,31829,31822,31829,7
sniffing,31894,31829,31894,65
grooming,32482,31894,32482,588
sniffing,32601,32482,32601,119
walking,32732,32601,32732,131
climbing,32787,32732,32787,55
left_turning,32828,32787,32828,41
sniffing,32830,32828,32830,2
rising,32867,32830,32867,37
sniffing,32909,32867,32909,42
rising,33299,32909,33299,390
left_turning,33373,33299,33373,74
rising,33391,33373,33391,18
climbing,33422,33391,33422,31
grooming,33894,33422,33894,472
rearing,34094,33894,34094,200
grooming,34161,34094,34161,67
rearing,34162,34161,34162,1
sniffing,34176,34162,34176,14
hunching,34191,34176,34191,15
rearing,34192,34191,34192,1
grooming,34202,34192,34202,10
left_turning,34224,34202,34224,22
running,34244,34224,34244,20
rearing,34338,34244,34338,94
grooming,34339,34338,34339,1
sniffing,34451,34339,34451,112
stepping,34461,34451,34461,10
rising,34462,34461,34462,1
sniffing,34597,34462,34597,135
grooming,34598,34597,34598,1
walking,34602,34598,34602,4
sniffing,34669,34602,34669,67
grooming,34670,34669,34670,1
rearing,34760,34670,34760,90
climbing,34791,34760,34791,31
rising,34792,34791,34792,1
rearing,34801,34792,34801,9
hunching,35149,34801,35149,348
sniffing,35150,35149,35150,1
stepping,35212,35150,35212,62
sniffing,35266,35212,35266,54
left_turning,35293,35266,35293,27
climbing,35369,35293,35369,76
sniffing,35431,35369,35431,62
grooming,35592,35431,35592,161
sniffing,35593,35592,35593,1
rearing,35712,35593,35712,119
hunching,35760,35712,35760,48
grooming,35761,35760,35761,1
walking,35789,35761,35789,28
sniffing,35841,35789,35841,52
walking,35880,35841,35880,39
sniffing,35957,35880,35957,77
grooming,36133,35957,36133,176
stepping,36144,36133,36144,11
rising,36180,36144,36180,36
climbing,36213,36180,36213,33
grooming,36340,36213,36340,127
rising,36392,36340,36392,52
climbing,36421,36392,36421,29
left_turning,36491,36421,36491,70
walking,36496,36491,36496,5
sniffing,36555,36496,36555,59
rising,36556,36555,36556,1
sniffing,36596,36556,36596,40
rising,36609,36596,36609,13
grooming,36610,36609,36610,1
sniffing,36667,36610,36667,57
walking,36690,36667,36690,23
stepping,36720,36690,36720,30
sniffing,36757,36720,36757,37
walking,36776,36757,36776,19
sniffing,36817,36776,36817,41
grooming,36818,36817,36818,1
stepping,36857,36818,36857,39
sniffing,36858,36857,36858,1
walking,36862,36858,36862,4
stepping,36876,36862,36876,14
running,36901,36876,36901,25
stepping,36922,36901,36922,21
walking,36951,36922,36951,29
left_turning,36963,36951,36963,12
sniffing,36980,36963,36980,17
left_turning,37000,36980,37000,20
climbing,37074,37000,37074,74
left_turning,37138,37074,37138,64
walking,37219,37138,37219,81
rearing,37268,37219,37268,49
grooming,37358,37268,37358,90
rearing,37536,37358,37536,178
climbing,37588,37536,37588,52
rearing,37589,37588,37589,1
grooming,37725,37589,37725,136
hunching,37810,37725,37810,85
grooming,37900,37810,37900,90
stepping,37906,37900,37906,6
climbing,37976,37906,37976,70
trotting,38014,37976,38014,38
sniffing,38025,38014,38025,11
grooming,38251,38025,38251,226
walking,38290,38251,38290,39
sniffing,38298,38290,38298,8
grooming,38440,38298,38440,142
running,38457,38440,38457,17
grooming,38458,38457,38458,1
rearing,38498,38458,38498,40
sniffing,38499,38498,38499,1
rising,38571,38499,38571,72
climbing,38637,38571,38637,66
right_turning,38661,38637,38661,24
grooming,38662,38661,38662,1
sniffing,38716,38662,38716,54
running,38727,38716,38727,11
stepping,38780,38727,38780,53
sniffing,38781,38780,38781,1
stepping,38807,38781,38807,26
sniffing,38808,38807,38808,1
grooming,38809,38808,38809,1
stepping,38871,38809,38871,62
sniffing,38906,38871,38906,35
right_turning,38913,38906,38913,7
stepping,38942,38913,38942,29
walking,38985,38942,38985,43
stepping,39005,38985,39005,20
rearing,39102,39005,39102,97
right_turning,39113,39102,39113,11
stepping,39161,39113,39161,48
grooming,39270,39161,39270,109
rearing,39323,39270,39323,53
left_turning,39410,39323,39410,87
walking,39424,39410,39424,14
sniffing,39493,39424,39493,69
rising,39556,39493,39556,63
stepping,39558,39556,39558,2
trotting,39629,39558,39629,71
sniffing,39683,39629,39683,54
climbing,39713,39683,39713,30
grooming,39714,39713,39714,1
rearing,39804,39714,39804,90
grooming,39805,39804,39805,1
hunching,39854,39805,39854,49
grooming,39855,39854,39855,1
rearing,39906,39855,39906,51
hunching,40007,39906,40007,101
rearing,40057,40007,40057,50
stepping,40116,40057,40116,59
walking,40157,40116,40157,41
stepping,40177,40157,40177,20
walking,40201,40177,40201,24
stepping,40254,40201,40254,53
pausing,40405,40254,40405,151
sniffing,40419,40405,40419,14
rising,40433,40419,40433,14
climbing,40478,40433,40478,45
rearing,40582,40478,40582,104
left_turning,40599,40582,40599,17
climbing,40631,40599,40631,32
sniffing,40655,40631,40655,24
walking,40676,40655,40676,21
stepping,40712,40676,40712,36
walking,40742,40712,40742,30
sniffing,40745,40742,40745,3
right_turning,40750,40745,40750,5
walking,40782,40750,40782,32
sniffing,40793,40782,40793,11
rearing,40873,40793,40873,80
grooming,40874,40873,40874,1
sniffing,40938,40874,40938,64
grooming,40966,40938,40966,28
left_turning,40991,40966,40991,25
walking,41018,40991,41018,27
trotting,41033,41018,41033,15
sniffing,41046,41033,41046,13
stepping,41077,41046,41077,31
walking,41090,41077,41090,13
stepping,41097,41090,41097,7
grooming,41255,41097,41255,158
sniffing,41301,41255,41301,46
walking,41347,41301,41347,46
sniffing,41398,41347,41398,51
hunching,41399,41398,41399,1
grooming,41402,41399,41402,3
walking,41408,41402,41408,6
stepping,41448,41408,41448,40
walking,41455,41448,41455,7
rising,41469,41455,41469,14
grooming,41689,41469,41689,220
sniffing,41743,41689,41743,54
grooming,41744,41743,41744,1
left_turning,41745,41744,41745,1
sniffing,41873,41745,41873,128
rising,42073,41873,42073,200
sniffing,42141,42073,42141,68
rising,42142,42141,42142,1
grooming,42479,42142,42479,337
rearing,42516,42479,42516,37
climbing,42551,42516,42551,35
sniffing,42581,42551,42581,30
walking,42594,42581,42594,13
rising,42610,42594,42610,16
sniffing,42653,42610,42653,43
rearing,42703,42653,42703,50
left_turning,42721,42703,42721,18
sniffing,42755,42721,42755,34
rising,42756,42755,42756,1
stepping,42777,42756,42777,21
walking,42789,42777,42789,12
stepping,42815,42789,42815,26
rising,42908,42815,42908,93
climbing,42946,42908,42946,38
left_turning,42956,42946,42956,10
walking,42977,42956,42977,21
rising,42998,42977,42998,21
right_turning,42999,42998,42999,1
stepping,43044,42999,43044,45
sniffing,43082,43044,43082,38
walking,43087,43082,43087,5
left_turning,43140,43087,43140,53
running,43179,43140,43179,39
sniffing,43206,43179,43206,27
walking,43293,43206,43293,87
stepping,43322,43293,43322,29
grooming,43482,43322,43482,160
left_turning,43541,43482,43541,59
rising,43571,43541,43571,30
climbing,43671,43571,43671,100
hunching,43677,43671,43677,6
grooming,43678,43677,43678,1
hunching,43923,43678,43923,245
rearing,43999,43923,43999,76
grooming,44094,43999,44094,95
walking,44122,44094,44122,28
stepping,44133,44122,44133,11
walking,44134,44133,44134,1
rising,44163,44134,44163,29
climbing,44182,44163,44182,19
sniffing,44214,44182,44214,32
rising,44218,44214,44218,4
climbing,44253,44218,44253,35
walking,44278,44253,44278,25
sniffing,44395,44278,44395,117
grooming,44599,44395,44599,204
sniffing,44634,44599,44634,35
grooming,44782,44634,44782,148
rearing,44825,44782,44825,43
running,44863,44825,44863,38
sniffing,44898,44863,44898,35
left_turning,44933,44898,44933,35
trotting,44940,44933,44940,7
rising,44987,44940,44987,47
climbing,45010,44987,45010,23
stepping,45097,45010,45097,87
climbing,45098,45097,45098,1
rising,45158,45098,45158,60
climbing,45213,45158,45213,55
rising,45265,45213,45265,52
sniffing,45278,45265,45278,13
rising,45366,45278,45366,88
rearing,45420,45366,45420,54
grooming,45686,45420,45686,266
walking,45740,45686,45740,54
stepping,45744,45740,45744,4
sniffing,45799,45744,45799,55
running,45804,45799,45804,5
walking,45901,45804,45901,97
sniffing,45980,45901,45980,79
hunching,46032,45980,46032,52
climbing,46071,46032,46071,39
stepping,46081,46071,46081,10
rising,46094,46081,46094,13
hunching,46360,46094,46360,266
grooming,46361,46360,46361,1
hunching,46415,46361,46415,54
walking,46453,46415,46453,38
sniffing,46512,46453,46512,59
scratching,46642,46512,46642,130
sniffing,46697,46642,46697,55
stepping,46698,46697,46698,1
rising,46751,46698,46751,53
climbing,46872,46751,46872,121
grooming,46975,46872,46975,103
right_turning,46997,46975,46997,22
trotting,47008,46997,47008,11
sniffing,47052,47008,47052,44
walking,47067,47052,47067,15
stepping,47087,47067,47087,20
walking,47102,47087,47102,15
sniffing,47172,47102,47172,70
right_turning,47221,47172,47221,49
sniffing,47245,47221,47245,24
stepping,47261,47245,47261,16
sniffing,47265,47261,47265,4
left_turning,47290,47265,47290,25
sniffing,47340,47290,47340,50
stepping,47353,47340,47353,13
rearing,47398,47353,47398,45
grooming,47477,47398,47477,79
sniffing,47489,47477,47489,12
left_turning,47502,47489,47502,13
sniffing,47543,47502,47543,41
left_turning,47559,47543,47559,16
stepping,47589,47559,47589,30
sniffing,47613,47589,47613,24
rising,47623,47613,47623,10
climbing,47640,47623,47640,17
hunching,47665,47640,47665,25
rearing,47666,47665,47666,1
trotting,47687,47666,47687,21
sniffing,47698,47687,47698,11
stepping,47722,47698,47722,24
rearing,47791,47722,47791,69
grooming,48119,47791,48119,328
running,48134,48119,48134,15
right_turning,48150,48134,48150,16
walking,48183,48150,48183,33
sniffing,48321,48183,48321,138
right_turning,48322,48321,48322,1
grooming,48323,48322,48323,1
rearing,48361,48323,48361,38
grooming,48659,48361,48659,298
rearing,48750,48659,48750,91
climbing,48771,48750,48771,21
grooming,48876,48771,48876,105
rearing,48982,48876,48982,106
grooming,49063,48982,49063,81
left_turning,49151,49063,49151,88
walking,49173,49151,49173,22
sniffing,49200,49173,49200,27
stepping,49223,49200,49223,23
walking,49254,49223,49254,31
sniffing,49279,49254,49279,25
left_turning,49339,49279,49339,60
stepping,49401,49339,49401,62
left_turning,49462,49401,49462,61
walking,49463,49462,49463,1
right_turning,49464,49463,49464,1
rearing,49582,49464,49582,118
grooming,49634,49582,49634,52
sniffing,49690,49634,49690,56
walking,49728,49690,49728,38
sniffing,49896,49728,49896,168
rising,49939,49896,49939,43
rearing,49940,49939,49940,1
hunching,49962,49940,49962,22
grooming,50004,49962,50004,42
rearing,50082,50004,50082,78
climbing,50101,50082,50101,19
sniffing,50158,50101,50158,57
stepping,50226,50158,50226,68
trotting,50268,50226,50268,42
walking,50311,50268,50311,43
grooming,50444,50311,50444,133
rearing,50515,50444,50515,71
grooming,50516,50515,50516,1
rising,50517,50516,50517,1
climbing,50527,50517,50527,10
rearing,50528,50527,50528,1
rising,50565,50528,50565,37
climbing,50594,50565,50594,29
sniffing,50729,50594,50729,135
right_turning,50802,50729,50802,73
stepping,50805,50802,50805,3
walking,50828,50805,50828,23
stepping,50859,50828,50859,31
sniffing,50923,50859,50923,64
grooming,50924,50923,50924,1
walking,50948,50924,50948,24
sniffing,50962,50948,50962,14
walking,50973,50962,50973,11
sniffing,51058,50973,51058,85
walking,51082,51058,51082,24
stepping,51115,51082,51115,33
rearing,51205,51115,51205,90
grooming,51206,51205,51206,1
left_turning,51229,51206,51229,23
walking,51273,51229,51273,44
sniffing,51399,51273,51399,126
rising,51430,51399,51430,31
climbing,51443,51430,51443,13
sniffing,51444,51443,51444,1
rising,51558,51444,51558,114
grooming,51559,51558,51559,1
rearing,51565,51559,51565,6
hunching,51758,51565,51758,193
left_turning,51764,51758,51764,6
walking,51799,51764,51799,35
rising,51803,51799,51803,4
hunching,51813,51803,51813,10
left_turning,51836,51813,51836,23
stepping,51885,51836,51885,49
walking,51904,51885,51904,19
trotting,51937,51904,51937,33
sniffing,51976,51937,51976,39
climbing,52068,51976,52068,92
rearing,52133,52068,52133,65
grooming,52528,52133,52528,395
walking,52552,52528,52552,24
grooming,52553,52552,52553,1
hunching,52554,52553,52554,1
sniffing,52555,52554,52555,1
rearing,52626,52555,52626,71
sniffing,52668,52626,52668,42
left_turning,52674,52668,52674,6
grooming,52675,52674,52675,1
rearing,52714,52675,52714,39
hunching,52733,52714,52733,19
grooming,52825,52733,52825,92
left_turning,52879,52825,52879,54
stepping,52893,52879,52893,14
sniffing,52935,52893,52935,42
hunching,52936,52935,52936,1
grooming,53325,52936,53325,389
left_turning,53345,53325,53345,20
stepping,53378,53345,53378,33
walking,53433,53378,53433,55
sniffing,53444,53433,53444,11
stepping,53471,53444,53471,27
walking,53489,53471,53489,18
sniffing,53495,53489,53495,6
stepping,53545,53495,53545,50
grooming,53546,53545,53546,1
hunching,53592,53546,53592,46
rearing,53762,53592,53762,170
stepping,53810,53762,53810,48
sniffing,53864,53810,53864,54
stepping,53928,53864,53928,64
walking,53956,53928,53956,28
sniffing,53957,53956,53957,1
trotting,53981,53957,53981,24
rising,53982,53981,53982,1
climbing,53994,53982,53994,12
sniffing,54049,53994,54049,55
walking,54076,54049,54076,27
sniffing,54105,54076,54105,29
stepping,54123,54105,54123,18
trotting,54158,54123,54158,35
walking,54195,54158,54195,37
rising,54209,54195,54209,14
left_turning,54260,54209,54260,51
sniffing,54300,54260,54300,40
stepping,54323,54300,54323,23
sniffing,54327,54323,54327,4
left_turning,54328,54327,54328,1
sniffing,54329,54328,54329,1
rising,54330,54329,54330,1
right_turning,54371,54330,54371,41
grooming,54520,54371,54520,149
hunching,54576,54520,54576,56
grooming,54820,54576,54820,244
hunching,54926,54820,54926,106
grooming,55324,54926,55324,398
sniffing,55346,55324,55346,22
stepping,55371,55346,55371,25
walking,55381,55371,55381,10
rising,55419,55381,55419,38
left_turning,55502,55419,55502,83
walking,55564,55502,55564,62
running,55583,55564,55583,19
sniffing,55667,55583,55667,84
grooming,56197,55667,56197,530
sniffing,56244,56197,56244,47
rearing,56303,56244,56303,59
left_turning,56313,56303,56313,10
sniffing,56314,56313,56314,1
hunching,56329,56314,56329,15
rearing,56368,56329,56368,39
climbing,56389,56368,56389,21
grooming,56542,56389,56542,153
scratching,56543,56542,56543,1
grooming,56544,56543,56544,1
walking,56561,56544,56561,17
sniffing,56577,56561,56577,16
walking,56595,56577,56595,18
right_turning,56617,56595,56617,22
walking,56627,56617,56627,10
sniffing,56726,56627,56726,99
rearing,56757,56726,56757,31
climbing,56768,56757,56768,11
hunching,56855,56768,56855,87
grooming,56878,56855,56878,23
sniffing,56924,56878,56924,46
stepping,56971,56924,56971,47
rearing,56976,56971,56976,5
grooming,56981,56976,56981,5
stepping,57031,56981,57031,50
sniffing,57077,57031,57077,46
right_turning,57100,57077,57100,23
walking,57121,57100,57121,21
stepping,57161,57121,57161,40
climbing,57216,57161,57216,55
right_turning,57260,57216,57260,44
walking,57263,57260,57263,3
stepping,57264,57263,57264,1
rearing,57338,57264,57338,74
grooming,57473,57338,57473,135
sniffing,57474,57473,57474,1
walking,57493,57474,57493,19
stepping,57508,57493,57508,15
rearing,57624,57508,57624,116
sniffing,57625,57624,57625,1
stepping,57663,57625,57663,38
walking,57720,57663,57720,57
stepping,57749,57720,57749,29
grooming,57922,57749,57922,173
hunching,57976,57922,57976,54
grooming,58259,57976,58259,283
sniffing,58370,58259,58370,111
left_turning,58412,58370,58412,42
grooming,58413,58412,58413,1
climbing,58460,58413,58460,47
rearing,58461,58460,58461,1
sniffing,58472,58461,58472,11
grooming,58568,58472,58568,96
right_turning,58605,58568,58605,37
walking,58642,58605,58642,37
sniffing,58657,58642,58657,15
stepping,58670,58657,58670,13
grooming,58751,58670,58751,81
climbing,58787,58751,58787,36
grooming,58788,58787,58788,1
left_turning,58829,58788,58829,41
sniffing,58883,58829,58883,54
right_turning,58911,58883,58911,28
sniffing,58950,58911,58950,39
left_turning,58974,58950,58974,24
walking,58997,58974,58997,23
sniffing,59022,58997,59022,25
walking,59056,59022,59056,34
stepping,59089,59056,59089,33
sniffing,59217,59089,59217,128
stepping,59225,59217,59225,8
sniffing,59243,59225,59243,18
right_turning,59244,59243,59244,1
walking,59257,59244,59257,13
grooming,59258,59257,59258,1
rising,59324,59258,59324,66
climbing,59360,59324,59360,36
rearing,59459,59360,59459,99
climbing,59526,59459,59526,67
walking,59528,59526,59528,2
stepping,59549,59528,59549,21
sniffing,59615,59549,59615,66
grooming,60355,59615,60355,740
walking,60441,60355,60441,86
sniffing,60442,60441,60442,1
stepping,60506,60442,60506,64
walking,60532,60506,60532,26
sniffing,60590,60532,60590,58
walking,60649,60590,60649,59
sniffing,60694,60649,60694,45
walking,60741,60694,60741,47
sniffing,60778,60741,60778,37
grooming,60971,60778,60971,193
sniffing,60993,60971,60993,22
stepping,61024,60993,61024,31
sniffing,61052,61024,61052,28
stepping,61060,61052,61060,8
walking,61103,61060,61103,43
sniffing,61198,61103,61198,95
walking,61249,61198,61249,51
stepping,61273,61249,61273,24
grooming,61673,61273,61673,400
right_turning,61690,61673,61690,17
walking,61711,61690,61711,21
sniffing,61717,61711,61717,6
walking,61729,61717,61729,12
stepping,61764,61729,61764,35
climbing,61816,61764,61816,52
grooming,61913,61816,61913,97
stepping,61925,61913,61925,12
walking,61953,61925,61953,28
stepping,61971,61953,61971,18
grooming,62153,61971,62153,182
hunching,62227,62153,62227,74
grooming,62452,62227,62452,225
stepping,62481,62452,62481,29
sniffing,62526,62481,62526,45
grooming,62662,62526,62662,136
stepping,62693,62662,62693,31
rising,62720,62693,62720,27
rearing,62751,62720,62751,31
hunching,62752,62751,62752,1
grooming,62753,62752,62753,1
walking,62789,62753,62789,36
stepping,62861,62789,62861,72
rising,62862,62861,62862,1
climbing,62905,62862,62905,43
rearing,62908,62905,62908,3
grooming,63183,62908,63183,275
sniffing,63216,63183,63216,33
walking,63245,63216,63245,29
sniffing,63328,63245,63328,83
grooming,63502,63328,63502,174
climbing,63541,63502,63541,39
rearing,63624,63541,63624,83
grooming,64167,63624,64167,543
rearing,64204,64167,64204,37
grooming,64252,64204,64252,48
rearing,64297,64252,64297,45
grooming,64398,64297,64398,101
scratching,64399,64398,64399,1
grooming,64400,64399,64400,1
stepping,64472,64400,64472,72
sniffing,64473,64472,64473,1
trotting,64514,64473,64514,41
stepping,64572,64514,64572,58
sniffing,64601,64572,64601,29
left_turning,64636,64601,64636,35
running,64647,64636,64647,11
trotting,64664,64647,64664,17
rearing,64665,64664,64665,1
climbing,64666,64665,64666,1
right_turning,64675,64666,64675,9
stepping,64713,64675,64713,38
climbing,64838,64713,64838,125
rearing,64959,64838,64959,121
grooming,65116,64959,65116,157
hunching,65199,65116,65199,83
grooming,65369,65199,65369,170
rearing,65482,65369,65482,113
trotting,65532,65482,65532,50
stepping,65560,65532,65560,28
hunching,65592,65560,65592,32
rearing,65683,65592,65683,91
sniffing,65718,65683,65718,35
left_turning,65738,65718,65738,20
walking,65775,65738,65775,37
stepping,65789,65775,65789,14
climbing,65836,65789,65836,47
grooming,65883,65836,65883,47
sniffing,65934,65883,65934,51
walking,65971,65934,65971,37
sniffing,65972,65971,65972,1
rising,65997,65972,65997,25
hunching,66107,65997,66107,110
grooming,66108,66107,66108,1
sniffing,66167,66108,66167,59
stepping,66195,66167,66195,28
rising,66234,66195,66234,39
climbing,66267,66234,66267,33
walking,66317,66267,66317,50
sniffing,66359,66317,66359,42
rising,66361,66359,66361,2
rearing,66466,66361,66466,105
grooming,66467,66466,66467,1
rearing,66506,66467,66506,39
stepping,66513,66506,66513,7
sniffing,66514,66513,66514,1
running,66527,66514,66527,13
walking,66535,66527,66535,8
stepping,66566,66535,66566,31
climbing,66615,66566,66615,49
left_turning,66805,66615,66805,190
trotting,66838,66805,66838,33
walking,66888,66838,66888,50
sniffing,66975,66888,66975,87
walking,66991,66975,66991,16
stepping,67012,66991,67012,21
sniffing,67071,67012,67071,59
rising,67073,67071,67073,2
climbing,67140,67073,67140,67
rearing,67249,67140,67249,109
climbing,67299,67249,67299,50
walking,67352,67299,67352,53
rising,67382,67352,67382,30
rearing,67419,67382,67419,37
grooming,67639,67419,67639,220
walking,67655,67639,67655,16
trotting,67699,67655,67699,44
rearing,67700,67699,67700,1
grooming,67701,67700,67701,1
rearing,67780,67701,67780,79
climbing,67797,67780,67797,17
grooming,67901,67797,67901,104
rising,67926,67901,67926,25
left_turning,67983,67926,67983,57
sniffing,67984,67983,67984,1
rearing,68025,67984,68025,41
climbing,68053,68025,68053,28
right_turning,68064,68053,68064,11
trotting,68118,68064,68118,54
walking,68168,68118,68168,50
sniffing,68184,68168,68184,16
right_turning,68227,68184,68227,43
walking,68252,68227,68252,25
stepping,68271,68252,68271,19
sniffing,68283,68271,68283,12
running,68299,68283,68299,16
rising,68364,68299,68364,65
walking,68391,68364,68391,27
sniffing,68397,68391,68397,6
climbing,68448,68397,68448,51
rearing,68469,68448,68469,21
running,68493,68469,68493,24
walking,68530,68493,68530,37
sniffing,68531,68530,68531,1
right_turning,68556,68531,68556,25
stepping,68571,68556,68571,15
trotting,68626,68571,68626,55
stepping,68674,68626,68674,48
climbing,68746,68674,68746,72
left_turning,68783,68746,68783,37
running,68806,68783,68806,23
stepping,68825,68806,68825,19
rising,68909,68825,68909,84
grooming,69042,68909,69042,133
walking,69081,69042,69081,39
sniffing,69082,69081,69082,1
grooming,69412,69082,69412,330
running,69432,69412,69432,20
sniffing,69455,69432,69455,23
rearing,69522,69455,69522,67
grooming,69614,69522,69614,92
left_turning,69668,69614,69668,54
scratching,69946,69668,69946,278
sniffing,69960,69946,69960,14
left_turning,69990,69960,69990,30
rising,70005,69990,70005,15
grooming,70148,70005,70148,143
rising,70149,70148,70149,1
climbing,70162,70149,70162,13
left_turning,70225,70162,70225,63
stepping,70251,70225,70251,26
sniffing,70320,70251,70320,69
stepping,70355,70320,70355,35
running,70381,70355,70381,26
walking,70438,70381,70438,57
sniffing,70440,70438,70440,2
rising,70483,70440,70483,43
walking,70521,70483,70521,38
jumping,70556,70521,70556,35
right_turning,70584,70556,70584,28
climbing,70634,70584,70634,50
walking,70652,70634,70652,18
sniffing,70689,70652,70689,37
stepping,70755,70689,70755,66
sniffing,70778,70755,70778,23
running,70790,70778,70790,12
walking,70819,70790,70819,29
rising,70833,70819,70833,14
sniffing,70834,70833,70834,1
grooming,70848,70834,70848,14
scratching,70863,70848,70863,15
sniffing,70872,70863,70872,9
rising,70879,70872,70879,7
walking,70913,70879,70913,34
left_turning,70933,70913,70933,20
trotting,70939,70933,70939,6
rearing,71003,70939,71003,64
stepping,71019,71003,71019,16
walking,71035,71019,71035,16
stepping,71070,71035,71070,35
sniffing,71071,71070,71071,1
stepping,71106,71071,71106,35
walking,71108,71106,71108,2
sniffing,71138,71108,71138,30
left_turning,71180,71138,71180,42
walking,71202,71180,71202,22
sniffing,71257,71202,71257,55
walking,71298,71257,71298,41
sniffing,71335,71298,71335,37
walking,71337,71335,71337,2
rising,71433,71337,71433,96
sniffing,71562,71433,71562,129
right_turning,71578,71562,71578,16
walking,71626,71578,71626,48
sniffing,71721,71626,71721,95
right_turning,71734,71721,71734,13
climbing,71809,71734,71809,75
rearing,71894,71809,71894,85
rising,71901,71894,71901,7
climbing,71920,71901,71920,19
stepping,71936,71920,71936,16
walking,71937,71936,71937,1
stepping,71962,71937,71962,25
sniffing,72017,71962,72017,55
right_turning,72037,72017,72037,20
stepping,72061,72037,72061,24
sniffing,72072,72061,72072,11
grooming,72081,72072,72081,9
sniffing,72082,72081,72082,1
rearing,72110,72082,72110,28
grooming,72111,72110,72111,1
sniffing,72167,72111,72167,56
rising,72206,72167,72206,39
sniffing,72210,72206,72210,4
walking,72231,72210,72231,21
left_turning,72336,72231,72336,105
scratching,72375,72336,72375,39
walking,72382,72375,72382,7
sniffing,72405,72382,72405,23
rising,72432,72405,72432,27
grooming,72433,72432,72433,1
rearing,72440,72433,72440,7
hunching,72540,72440,72540,100
grooming,72769,72540,72769,229
rearing,72853,72769,72853,84
running,72854,72853,72854,1
rising,72855,72854,72855,1
rearing,72857,72855,72857,2
hunching,72922,72857,72922,65
rearing,72959,72922,72959,37
climbing,73011,72959,73011,52
rising,73024,73011,73024,13
sniffing,73077,73024,73077,53
left_turning,73100,73077,73100,23
rising,73101,73100,73101,1
sniffing,73102,73101,73102,1
walking,73124,73102,73124,22
climbing,73240,73124,73240,116
walking,73277,73240,73277,37
sniffing,73280,73277,73280,3
right_turning,73304,73280,73304,24
stepping,73309,73304,73309,5
sniffing,73310,73309,73310,1
rising,73340,73310,73340,30
sniffing,73345,73340,73345,5
rearing,73346,73345,73346,1
stepping,73378,73346,73378,32
sniffing,73379,73378,73379,1
hunching,73417,73379,73417,38
grooming,73464,73417,73464,47
rising,73480,73464,73480,16
left_turning,73504,73480,73504,24
trotting,73537,73504,73537,33
walking,73547,73537,73547,10
sniffing,73588,73547,73588,41
walking,73631,73588,73631,43
sniffing,73639,73631,73639,8
left_turning,73689,73639,73689,50
sniffing,73697,73689,73697,8
walking,73728,73697,73728,31
stepping,73745,73728,73745,17
right_turning,73770,73745,73770,25
stepping,73821,73770,73821,51
trotting,73828,73821,73828,7
sniffing,73855,73828,73855,27
walking,73896,73855,73896,41
trotting,73897,73896,73897,1
sniffing,73898,73897,73898,1
walking,73902,73898,73902,4
left_turning,73903,73902,73903,1
grooming,73904,73903,73904,1
hunching,73963,73904,73963,59
rearing,74133,73963,74133,170
grooming,74134,74133,74134,1
hunching,74253,74134,74253,119
rearing,74358,74253,74358,105
grooming,74474,74358,74474,116
sniffing,74546,74474,74546,72
rising,74593,74546,74593,47
trotting,74624,74593,74624,31
walking,74674,74624,74674,50
sniffing,74675,74674,74675,1
stepping,74692,74675,74692,17
right_turning,74701,74692,74701,9
climbing,74744,74701,74744,43
trotting,74789,74744,74789,45
right_turning,74800,74789,74800,11
rising,74801,74800,74801,1
rearing,74803,74801,74803,2
stepping,74832,74803,74832,29
sniffing,74919,74832,74919,87
stepping,74954,74919,74954,35
rising,74982,74954,74982,28
sniffing,75022,74982,75022,40
rising,75042,75022,75042,20
rearing,75069,75042,75069,27
grooming,75082,75069,75082,13
hunching,75135,75082,75135,53
grooming,75253,75135,75253,118
sniffing,75278,75253,75278,25
stepping,75283,75278,75283,5
left_turning,75286,75283,75286,3
scratching,75368,75286,75368,82
right_turning,75377,75368,75377,9
stepping,75388,75377,75388,11
sniffing,75437,75388,75437,49
walking,75470,75437,75470,33
sniffing,75665,75470,75665,195
rising,75685,75665,75685,20
climbing,75721,75685,75721,36
rearing,75762,75721,75762,41
stepping,75815,75762,75815,53
walking,75842,75815,75842,27
rearing,75904,75842,75904,62
sniffing,76102,75904,76102,198
stepping,76130,76102,76130,28
right_turning,76138,76130,76138,8
sniffing,76175,76138,76175,37
stepping,76188,76175,76188,13
walking,76223,76188,76223,35
rising,76229,76223,76229,6
sniffing,76272,76229,76272,43
grooming,76273,76272,76273,1
rearing,76377,76273,76377,104
sniffing,76423,76377,76423,46
walking,76461,76423,76461,38
sniffing,76549,76461,76549,88
stepping,76565,76549,76565,16
rising,76602,76565,76602,37
climbing,76608,76602,76608,6
trotting,76635,76608,76635,27
walking,76653,76635,76653,18
stepping,76691,76653,76691,38
sniffing,76692,76691,76692,1
rising,76693,76692,76693,1
climbing,76882,76693,76882,189
stepping,76913,76882,76913,31
rising,76943,76913,76943,30
left_turning,76986,76943,76986,43
sniffing,77192,76986,77192,206
stepping,77225,77192,77225,33
walking,77235,77225,77235,10
stepping,77236,77235,77236,1
rising,77247,77236,77247,11
stepping,77250,77247,77250,3
sniffing,77285,77250,77285,35
rising,77286,77285,77286,1
climbing,77310,77286,77310,24
left_turning,77343,77310,77343,33
trotting,77358,77343,77358,15
rising,77369,77358,77369,11
grooming,77370,77369,77370,1
rearing,77371,77370,77371,1
grooming,77640,77371,77640,269
running,77674,77640,77674,34
walking,77686,77674,77686,12
sniffing,77719,77686,77719,33
stepping,77733,77719,77733,14
walking,77750,77733,77750,17
sniffing,77777,77750,77777,27
stepping,77800,77777,77800,23
running,77814,77800,77814,14
trotting,77827,77814,77827,13
walking,77850,77827,77850,23
rising,77866,77850,77866,16
climbing,77879,77866,77879,13
walking,77889,77879,77889,10
stepping,77907,77889,77907,18
walking,77931,77907,77931,24
stepping,77963,77931,77963,32
walking,78000,77963,78000,37
sniffing,78047,78000,78047,47
grooming,78048,78047,78048,1
scratching,78209,78048,78209,161
grooming,78249,78209,78249,40
rearing,78323,78249,78323,74
running,78357,78323,78357,34
trotting,78369,78357,78369,12
stepping,78393,78369,78393,24
sniffing,78399,78393,78399,6
right_turning,78431,78399,78431,32
sniffing,78486,78431,78486,55
right_turning,78510,78486,78510,24
walking,78541,78510,78541,31
trotting,78558,78541,78558,17
stepping,78613,78558,78613,55
rearing,78637,78613,78637,24
walking,78656,78637,78656,19
running,78668,78656,78668,12
trotting,78701,78668,78701,33
walking,78732,78701,78732,31
sniffing,78747,78732,78747,15
rising,78760,78747,78760,13
rearing,78802,78760,78802,42
grooming,79055,78802,79055,253
rearing,79098,79055,79098,43
stepping,79104,79098,79104,6
sniffing,79113,79104,79113,9
stepping,79178,79113,79178,65
sniffing,79192,79178,79192,14
rising,79198,79192,79198,6
left_turning,79228,79198,79228,30
sniffing,79311,79228,79311,83
walking,79345,79311,79345,34
stepping,79423,79345,79423,78
sniffing,79434,79423,79434,11
walking,79437,79434,79437,3
jumping,79443,79437,79443,6
grooming,79621,79443,79621,178
walking,79627,79621,79627,6
sniffing,79628,79627,79628,1
grooming,79977,79628,79977,349
scratching,80017,79977,80017,40
sniffing,80089,80017,80089,72
rearing,80154,80089,80154,65
hunching,80161,80154,80161,7
left_turning,80228,80161,80228,67
hunching,80244,80228,80244,16
grooming,80346,80244,80346,102
hunching,80380,80346,80380,34
rearing,80390,80380,80390,10
hunching,80495,80390,80495,105
sniffing,80496,80495,80496,1
walking,80525,80496,80525,29
sniffing,80603,80525,80603,78
stepping,80604,80603,80604,1
running,80635,80604,80635,31
trotting,80663,80635,80663,28
stepping,80682,80663,80682,19
trotting,80689,80682,80689,7
sniffing,80697,80689,80697,8
walking,80742,80697,80742,45
sniffing,80754,80742,80754,12
walking,80765,80754,80765,11
sniffing,80810,80765,80810,45
rising,80838,80810,80838,28
climbing,80845,80838,80845,7
jumping,80875,80845,80875,30
grooming,80994,80875,80994,119
walking,80995,80994,80995,1
rising,81021,80995,81021,26
grooming,81114,81021,81114,93
rising,81299,81114,81299,185
grooming,81441,81299,81441,142
trotting,81480,81441,81480,39
rising,81497,81480,81497,17
rearing,81725,81497,81725,228
walking,81761,81725,81761,36
rearing,81830,81761,81830,69
walking,81894,81830,81894,64
sniffing,81919,81894,81919,25
left_turning,81990,81919,81990,71
rising,82031,81990,82031,41
rearing,82047,82031,82047,16
climbing,82119,82047,82119,72
grooming,82633,82119,82633,514
rising,82657,82633,82657,24
grooming,82850,82657,82850,193
hunching,83055,82850,83055,205
rearing,83056,83055,83056,1
hunching,83074,83056,83074,18
rising,83106,83074,83106,32
grooming,83294,83106,83294,188
trotting,83330,83294,83330,36
stepping,83343,83330,83343,13
sniffing,83397,83343,83397,54
trotting,83417,83397,83417,20
stepping,83429,83417,83429,12
sniffing,83467,83429,83467,38
walking,83477,83467,83477,10
climbing,83493,83477,83493,16
trotting,83526,83493,83526,33
sniffing,83528,83526,83528,2
grooming,83541,83528,83541,13
rearing,83685,83541,83685,144
stepping,83707,83685,83707,22
rising,83771,83707,83771,64
climbing,83795,83771,83795,24
trotting,83850,83795,83850,55
sniffing,83888,83850,83888,38
grooming,83889,83888,83889,1
rearing,83982,83889,83982,93
stepping,84011,83982,84011,29
sniffing,84086,84011,84086,75
rearing,84092,84086,84092,6
grooming,84146,84092,84146,54
stepping,84163,84146,84163,17
rearing,84166,84163,84166,3
hunching,84169,84166,84169,3
grooming,84470,84169,84470,301
rearing,84539,84470,84539,69
stepping,84575,84539,84575,36
walking,84591,84575,84591,16
trotting,84622,84591,84622,31
walking,84641,84622,84641,19
stepping,84642,84641,84642,1
walking,84645,84642,84645,3
stepping,84720,84645,84720,75
walking,84754,84720,84754,34
left_turning,84772,84754,84772,18
sniffing,84826,84772,84826,54
walking,84860,84826,84860,34
sniffing,84982,84860,84982,122
walking,85007,84982,85007,25
stepping,85012,85007,85012,5
trotting,85022,85012,85022,10
running,85032,85022,85032,10
trotting,85049,85032,85049,17
stepping,85107,85049,85107,58
rearing,85117,85107,85117,10
left_turning,85138,85117,85138,21
rising,85182,85138,85182,44
climbing,85297,85182,85297,115
grooming,85423,85297,85423,126
running,85453,85423,85453,30
stepping,85454,85453,85454,1
walking,85471,85454,85471,17
sniffing,85520,85471,85520,49
rearing,85521,85520,85521,1
running,85562,85521,85562,41
stepping,85630,85562,85630,68
sniffing,85631,85630,85631,1
right_turning,85632,85631,85632,1
walking,85651,85632,85651,19
stepping,85660,85651,85660,9
sniffing,85661,85660,85661,1
pausing,85893,85661,85893,232
sniffing,85911,85893,85911,18
hunching,85954,85911,85954,43
stepping,85976,85954,85976,22
rearing,86089,85976,86089,113
left_turning,86137,86089,86137,48
sniffing,86311,86137,86311,174
walking,86327,86311,86327,16
stepping,86384,86327,86384,57
sniffing,86453,86384,86453,69
walking,86458,86453,86458,5
right_turning,86474,86458,86474,16
walking,86497,86474,86497,23
rearing,86498,86497,86498,1
hunching,86555,86498,86555,57
sniffing,86583,86555,86583,28
stepping,86604,86583,86604,21
rising,86622,86604,86622,18
sniffing,86656,86622,86656,34
walking,86695,86656,86695,39
stepping,86712,86695,86712,17
sniffing,86760,86712,86760,48
stepping,86800,86760,86800,40
sniffing,86826,86800,86826,26
grooming,86827,86826,86827,1
sniffing,86899,86827,86899,72
stepping,86942,86899,86942,43
rising,87012,86942,87012,70
sniffing,87058,87012,87058,46
walking,87069,87058,87069,11
sniffing,87109,87069,87109,40
walking,87186,87109,87186,77
sniffing,87187,87186,87187,1
walking,87230,87187,87230,43
sniffing,87266,87230,87266,36
stepping,87299,87266,87299,33
sniffing,87301,87299,87301,2
walking,87351,87301,87351,50
sniffing,87461,87351,87461,110
stepping,87496,87461,87496,35
rearing,87613,87496,87613,117
walking,87637,87613,87637,24
stepping,87697,87637,87697,60
sniffing,87741,87697,87741,44
stepping,87767,87741,87767,26
sniffing,87768,87767,87768,1
stepping,87772,87768,87772,4
walking,87773,87772,87773,1
trotting,87790,87773,87790,17
walking,87798,87790,87798,8
rising,87851,87798,87851,53
rearing,87926,87851,87926,75
sniffing,87963,87926,87963,37
trotting,87974,87963,87974,11
rising,87988,87974,87988,14
rearing,88071,87988,88071,83
sniffing,88164,88071,88164,93
trotting,88206,88164,88206,42
sniffing,88219,88206,88219,13
grooming,88554,88219,88554,335
walking,88609,88554,88609,55
sniffing,88657,88609,88657,48
right_turning,88678,88657,88678,21
stepping,88691,88678,88691,13
sniffing,88692,88691,88692,1
left_turning,88712,88692,88712,20
sniffing,88750,88712,88750,38
rearing,88816,88750,88816,66
grooming,88941,88816,88941,125
rearing,88942,88941,88942,1
grooming,88943,88942,88943,1
stepping,88956,88943,88956,13
walking,88976,88956,88976,20
sniffing,89048,88976,89048,72
stepping,89072,89048,89072,24
trotting,89101,89072,89101,29
stepping,89112,89101,89112,11
sniffing,89219,89112,89219,107
walking,89253,89219,89253,34
sniffing,89254,89253,89254,1
rising,89287,89254,89287,33
rearing,89305,89287,89305,18
right_turning,89345,89305,89345,40
trotting,89401,89345,89401,56
sniffing,89403,89401,89403,2
walking,89436,89403,89436,33
trotting,89474,89436,89474,38
walking,89485,89474,89485,11
rearing,89579,89485,89579,94
climbing,89589,89579,89589,10
rearing,89596,89589,89596,7
grooming,89597,89596,89597,1
hunching,89747,89597,89747,150
stepping,89795,89747,89795,48
sniffing,89878,89795,89878,83
rearing,89915,89878,89915,37
stepping,89941,89915,89941,26
walking,89953,89941,89953,12
sniffing,90023,89953,90023,70
scratching,90075,90023,90075,52
sniffing,90095,90075,90095,20
stepping,90128,90095,90128,33
sniffing,90183,90128,90183,55
walking,90192,90183,90192,9
climbing,90193,90192,90193,1
rearing,90275,90193,90275,82
grooming,90409,90275,90409,134
sniffing,90457,90409,90457,48
scratching,90732,90457,90732,275
grooming,90844,90732,90844,112
climbing,90887,90844,90887,43
walking,90900,90887,90900,13
right_turning,90919,90900,90919,19
stepping,90982,90919,90982,63
walking,91017,90982,91017,35
stepping,91039,91017,91039,22
rising,91042,91039,91042,3
sniffing,91064,91042,91064,22
stepping,91112,91064,91112,48
right_turning,91124,91112,91124,12
sniffing,91142,91124,91142,18
trotting,91180,91142,91180,38
walking,91207,91180,91207,27
rising,91212,91207,91212,5
climbing,91225,91212,91225,13
grooming,91226,91225,91226,1
climbing,91294,91226,91294,68
rising,91322,91294,91322,28
walking,91323,91322,91323,1
running,91349,91323,91349,26
walking,91366,91349,91366,17
rising,91418,91366,91418,52
rearing,91490,91418,91490,72
left_turning,91520,91490,91520,30
rising,91551,91520,91551,31
trotting,91574,91551,91574,23
walking,91610,91574,91610,36
stepping,91616,91610,91616,6
sniffing,91666,91616,91666,50
stepping,91688,91666,91688,22
rearing,91721,91688,91721,33
rising,91736,91721,91736,15
climbing,91757,91736,91757,21
grooming,91824,91757,91824,67
sniffing,91825,91824,91825,1
rising,91839,91825,91839,14
sniffing,91896,91839,91896,57
grooming,91897,91896,91897,1
rearing,91949,91897,91949,52
grooming,92030,91949,92030,81
right_turning,92050,92030,92050,20
trotting,92090,92050,92090,40
walking,92126,92090,92126,36
sniffing,92168,92126,92168,42
trotting,92189,92168,92189,21
rising,92215,92189,92215,26
climbing,92224,92215,92224,9
left_turning,92237,92224,92237,13
rearing,92310,92237,92310,73
grooming,92311,92310,92311,1
rising,92337,92311,92337,26
stepping,92377,92337,92377,40
grooming,92495,92377,92495,118
walking,92521,92495,92521,26
trotting,92547,92521,92547,26
stepping,92585,92547,92585,38
sniffing,92649,92585,92649,64
rising,92703,92649,92703,54
sniffing,92748,92703,92748,45
stepping,92761,92748,92761,13
grooming,92762,92761,92762,1
jumping,92790,92762,92790,28
walking,92794,92790,92794,4
stepping,92820,92794,92820,26
rearing,92821,92820,92821,1
rising,92833,92821,92833,12
sniffing,92834,92833,92834,1
grooming,92946,92834,92946,112
rearing,92967,92946,92967,21
right_turning,92983,92967,92983,16
walking,93025,92983,93025,42
climbing,93081,93025,93081,56
sniffing,93304,93081,93304,223
walking,93331,93304,93331,27
sniffing,93332,93331,93332,1
walking,93389,93332,93389,57
rising,93444,93389,93444,55
climbing,93582,93444,93582,138
rearing,93613,93582,93613,31
grooming,93684,93613,93684,71
climbing,93685,93684,93685,1
stepping,93698,93685,93698,13
rising,93722,93698,93722,24
climbing,93736,93722,93736,14
right_turning,93740,93736,93740,4
walking,93800,93740,93800,60
grooming,93851,93800,93851,51
stepping,93852,93851,93852,1
sniffing,93867,93852,93867,15
stepping,93868,93867,93868,1
sniffing,93898,93868,93898,30
trotting,93916,93898,93916,18
rearing,94017,93916,94017,101
stepping,94050,94017,94050,33
sniffing,94161,94050,94161,111
trotting,94202,94161,94202,41
walking,94218,94202,94218,16
sniffing,94229,94218,94229,11
rising,94239,94229,94239,10
sniffing,94258,94239,94258,19
walking,94293,94258,94293,35
stepping,94358,94293,94358,65
walking,94394,94358,94394,36
sniffing,94454,94394,94454,60
left_turning,94491,94454,94491,37
walking,94518,94491,94518,27
stepping,94589,94518,94589,71
walking,94653,94589,94653,64
stepping,94695,94653,94695,42
sniffing,94696,94695,94696,1
right_turning,94699,94696,94699,3
stepping,94737,94699,94737,38
rearing,94765,94737,94765,28
sniffing,94803,94765,94803,38
stepping,94824,94803,94824,21
sniffing,94849,94824,94849,25
left_turning,94897,94849,94897,48
stepping,94957,94897,94957,60
sniffing,95098,94957,95098,141
rising,95116,95098,95116,18
sniffing,95128,95116,95128,12
grooming,95380,95128,95380,252
rearing,95381,95380,95381,1
rising,95423,95381,95423,42
sniffing,95424,95423,95424,1
left_turning,95473,95424,95473,49
sniffing,95474,95473,95474,1
left_turning,95496,95474,95496,22
rising,95514,95496,95514,18
rearing,95585,95514,95585,71
running,95618,95585,95618,33
stepping,95655,95618,95655,37
walking,95672,95655,95672,17
climbing,95704,95672,95704,32
sniffing,95718,95704,95718,14
climbing,95763,95718,95763,45
grooming,95920,95763,95920,157
rearing,95960,95920,95960,40
climbing,95978,95960,95978,18
grooming,96775,95978,96775,797
sniffing,96817,96775,96817,42
rising,96827,96817,96827,10
hunching,96856,96827,96856,29
left_turning,96857,96856,96857,1
walking,96973,96857,96973,116
climbing,96993,96973,96993,20
grooming,96994,96993,96994,1
sniffing,96995,96994,96995,1
stepping,97010,96995,97010,15
sniffing,97077,97010,97077,67
stepping,97090,97077,97090,13
sniffing,97091,97090,97091,1
stepping,97111,97091,97111,20
sniffing,97161,97111,97161,50
left_turning,97177,97161,97177,16
rising,97214,97177,97214,37
right_turning,97229,97214,97229,15
climbing,97259,97229,97259,30
grooming,97260,97259,97260,1
walking,97288,97260,97288,28
sniffing,97296,97288,97296,8
walking,97313,97296,97313,17
stepping,97337,97313,97337,24
walking,97382,97337,97382,45
jumping,97383,97382,97383,1
stepping,97400,97383,97400,17
walking,97432,97400,97432,32
sniffing,97513,97432,97513,81
left_turning,97514,97513,97514,1
stepping,97520,97514,97520,6
grooming,97521,97520,97521,1
sniffing,97522,97521,97522,1
rising,97532,97522,97532,10
sniffing,97543,97532,97543,11
walking,97544,97543,97544,1
sniffing,97605,97544,97605,61
climbing,97611,97605,97611,6
stepping,97632,97611,97632,21
walking,97700,97632,97700,68
stepping,97717,97700,97717,17
rearing,97725,97717,97725,8
grooming,97905,97725,97905,180
left_turning,97906,97905,97906,1
stepping,97953,97906,97953,47
sniffing,97996,97953,97996,43
rising,97999,97996,97999,3
rearing,98018,97999,98018,19
grooming,98132,98018,98132,114
climbing,98175,98132,98175,43
rearing,98202,98175,98202,27
left_turning,98203,98202,98203,1
rising,98210,98203,98210,7
grooming,98242,98210,98242,32
sniffing,98341,98242,98341,99
walking,98350,98341,98350,9
sniffing,98418,98350,98418,68
rearing,98537,98418,98537,119
sniffing,98566,98537,98566,29
stepping,98567,98566,98567,1
sniffing,98580,98567,98580,13
stepping,98599,98580,98599,19
grooming,98822,98599,98822,223
running,98838,98822,98838,16
sniffing,98876,98838,98876,38
stepping,98886,98876,98886,10
climbing,98996,98886,98996,110
walking,99029,98996,99029,33
rising,99055,99029,99055,26
sniffing,99097,99055,99097,42
rearing,99114,99097,99114,17
sniffing,99181,99114,99181,67
climbing,99267,99181,99267,86
sniffing,99307,99267,99307,40
stepping,99324,99307,99324,17
walking,99361,99324,99361,37
stepping,99377,99361,99377,16
sniffing,99398,99377,99398,21
walking,99442,99398,99442,44
sniffing,99656,99442,99656,214
walking,99700,99656,99700,44
stepping,99701,99700,99701,1
sniffing,99738,99701,99738,37
left_turning,99776,99738,99776,38
sniffing,99794,99776,99794,18
rising,99800,99794,99800,6
sniffing,99817,99800,99817,17
grooming,99998,99817,99998,181
rearing,100021,99998,100021,23
rising,100056,100021,100056,35
rearing,100057,100056,100057,1
grooming,100093,100057,100093,36
left_turning,100135,100093,100135,42
walking,100165,100135,100165,30
sniffing,100166,100165,100166,1
rising,100174,100166,100174,8
climbing,100223,100174,100223,49
sniffing,100288,100223,100288,65
rearing,100320,100288,100320,32
climbing,100447,100320,100447,127
running,100478,100447,100478,31
walking,100522,100478,100522,44
stepping,100555,100522,100555,33
sniffing,100798,100555,100798,243
rearing,100826,100798,100826,28
grooming,101083,100826,101083,257
left_turning,101128,101083,101128,45
sniffing,101131,101128,101131,3
rising,101140,101131,101140,9
hunching,101251,101140,101251,111
rearing,101312,101251,101312,61
walking,101423,101312,101423,111
stepping,101458,101423,101458,35
sniffing,101503,101458,101503,45
rising,101506,101503,101506,3
climbing,101540,101506,101540,34
grooming,101597,101540,101597,57
rearing,101727,101597,101727,130
grooming,101728,101727,101728,1
hunching,101797,101728,101797,69
rearing,102006,101797,102006,209
grooming,102129,102006,102129,123
stepping,102152,102129,102152,23
rearing,102242,102152,102242,90
grooming,102440,102242,102440,198
left_turning,102505,102440,102505,65
trotting,102539,102505,102539,34
walking,102557,102539,102557,18
sniffing,102590,102557,102590,33
grooming,102604,102590,102604,14
sniffing,102640,102604,102640,36
stepping,102701,102640,102701,61
grooming,103270,102701,103270,569
hunching,103317,103270,103317,47
rearing,103337,103317,103337,20
hunching,103411,103337,103411,74
rearing,103434,103411,103434,23
grooming,103678,103434,103678,244
hunching,103804,103678,103804,126
rearing,103850,103804,103850,46
sniffing,104057,103850,104057,207
running,104070,104057,104070,13
walking,104076,104070,104076,6
stepping,104116,104076,104116,40
sniffing,104138,104116,104138,22
walking,104175,104138,104175,37
stepping,104194,104175,104194,19
sniffing,104383,104194,104383,189
rearing,104406,104383,104406,23
rising,104435,104406,104435,29
grooming,104613,104435,104613,178
walking,104670,104613,104670,57
trotting,104692,104670,104692,22
sniffing,104717,104692,104717,25
left_turning,104744,104717,104744,27
rearing,104938,104744,104938,194
sniffing,104978,104938,104978,40
stepping,105007,104978,105007,29
walking,105036,105007,105036,29
stepping,105060,105036,105060,24
walking,105065,105060,105065,5
trotting,105090,105065,105090,25
stepping,105128,105090,105128,38
right_turning,105157,105128,105157,29
climbing,105163,105157,105163,6
sniffing,105198,105163,105198,35
climbing,105209,105198,105209,11
grooming,105300,105209,105300,91
sniffing,105305,105300,105305,5
rearing,105407,105305,105407,102
grooming,105408,105407,105408,1
hunching,105524,105408,105524,116
grooming,105816,105524,105816,292
sniffing,105883,105816,105883,67
rising,105940,105883,105940,57
grooming,105941,105940,105941,1
sniffing,105966,105941,105966,25
walking,105997,105966,105997,31
stepping,106009,105997,106009,12
walking,106019,106009,106019,10
sniffing,106041,106019,106041,22
trotting,106045,106041,106045,4
stepping,106077,106045,106077,32
sniffing,106165,106077,106165,88
right_turning,106180,106165,106180,15
grooming,106245,106180,106245,65
rearing,106341,106245,106341,96
stepping,106344,106341,106344,3
sniffing,106425,106344,106425,81
grooming,106604,106425,106604,179
left_turning,106657,106604,106657,53
rising,106734,106657,106734,77
sniffing,106811,106734,106811,77
rising,106818,106811,106818,7
sniffing,106848,106818,106848,30
walking,106891,106848,106891,43
sniffing,107057,106891,107057,166
grooming,107072,107057,107072,15
rearing,107106,107072,107106,34
grooming,107192,107106,107192,86
rearing,107219,107192,107219,27
sniffing,107271,107219,107271,52
grooming,107308,107271,107308,37
hunching,107381,107308,107381,73
rising,107435,107381,107435,54
hunching,107476,107435,107476,41
grooming,107543,107476,107543,67
rising,107604,107543,107604,61
left_turning,107612,107604,107612,8
hunching,107679,107612,107679,67
grooming,107849,107679,107849,170
sniffing,107895,107849,107895,46
walking,107909,107895,107909,14
stepping,107965,107909,107965,56
sniffing,108000,107965,108000,35
