revised_movement_label,segBoundary,segBoundary_start,segBoundary_end,length
rising,44,0,44,44
grooming,45,44,45,1
right_turning,57,45,57,12
walking,58,57,58,1
rising,79,58,79,21
walking,122,79,122,43
sniffing,188,122,188,66
running,190,188,190,2
trotting,230,190,230,40
sniffing,310,230,310,80
rearing,494,310,494,184
grooming,594,494,594,100
sniffing,634,594,634,40
grooming,638,634,638,4
rearing,738,638,738,100
grooming,743,738,743,5
rearing,841,743,841,98
hunching,969,841,969,128
stepping,972,969,972,3
rising,1020,972,1020,48
sniffing,1059,1020,1059,39
rearing,1097,1059,1097,38
grooming,1518,1097,1518,421
stepping,1542,1518,1542,24
sniffing,1593,1542,1593,51
walking,1629,1593,1629,36
sniffing,1658,1629,1658,29
rearing,1676,1658,1676,18
left_turning,1683,1676,1683,7
trotting,1712,1683,1712,29
walking,1713,1712,1713,1
sniffing,1714,1713,1714,1
rising,1760,1714,1760,46
sniffing,1795,1760,1795,35
stepping,1835,1795,1835,40
walking,1933,1835,1933,98
rising,1966,1933,1966,33
stepping,1999,1966,1999,33
walking,2014,1999,2014,15
sniffing,2024,2014,2024,10
left_turning,2061,2024,2061,37
stepping,2105,2061,2105,44
sniffing,2164,2105,2164,59
grooming,2305,2164,2305,141
walking,2319,2305,2319,14
trotting,2359,2319,2359,40
sniffing,2499,2359,2499,140
stepping,2524,2499,2524,25
sniffing,2634,2524,2634,110
stepping,2669,2634,2669,35
sniffing,2713,2669,2713,44
walking,2737,2713,2737,24
sniffing,2751,2737,2751,14
rising,2813,2751,2813,62
rearing,2930,2813,2930,117
rising,2947,2930,2947,17
sniffing,2948,2947,2948,1
rearing,2991,2948,2991,43
hunching,2992,2991,2992,1
walking,2993,2992,2993,1
rising,2994,2993,2994,1
sniffing,2999,2994,2999,5
left_turning,3010,2999,3010,11
walking,3060,3010,3060,50
sniffing,3173,3060,3173,113
left_turning,3178,3173,3178,5
running,3192,3178,3192,14
trotting,3216,3192,3216,24
stepping,3221,3216,3221,5
running,3250,3221,3250,29
sniffing,3313,3250,3313,63
running,3317,3313,3317,4
walking,3327,3317,3327,10
rearing,3330,3327,3330,3
sniffing,3383,3330,3383,53
rising,3426,3383,3426,43
left_turning,3461,3426,3461,35
walking,3486,3461,3486,25
stepping,3501,3486,3501,15
walking,3502,3501,3502,1
sniffing,3636,3502,3636,134
running,3669,3636,3669,33
trotting,3696,3669,3696,27
walking,3745,3696,3745,49
rising,3746,3745,3746,1
sniffing,3768,3746,3768,22
rising,3769,3768,3769,1
sniffing,3775,3769,3775,6
grooming,3835,3775,3835,60
sniffing,3836,3835,3836,1
running,3871,3836,3871,35
trotting,3918,3871,3918,47
sniffing,3972,3918,3972,54
rearing,4002,3972,4002,30
rising,4030,4002,4030,28
stepping,4044,4030,4044,14
trotting,4045,4044,4045,1
stepping,4049,4045,4049,4
sniffing,4055,4049,4055,6
walking,4082,4055,4082,27
stepping,4083,4082,4083,1
rising,4089,4083,4089,6
grooming,4126,4089,4126,37
hunching,4359,4126,4359,233
grooming,4493,4359,4493,134
climbing,4529,4493,4529,36
sniffing,4532,4529,4532,3
rising,4575,4532,4575,43
walking,4599,4575,4599,24
grooming,4600,4599,4600,1
sniffing,4616,4600,4616,16
stepping,4645,4616,4645,29
walking,4646,4645,4646,1
sniffing,4650,4646,4650,4
walking,4679,4650,4679,29
rising,4929,4679,4929,250
stepping,4943,4929,4943,14
climbing,4965,4943,4965,22
grooming,5100,4965,5100,135
hunching,5196,5100,5196,96
sniffing,5266,5196,5266,70
rising,5292,5266,5292,26
hunching,5328,5292,5328,36
left_turning,5402,5328,5402,74
stepping,5420,5402,5420,18
sniffing,5467,5420,5467,47
grooming,5520,5467,5520,53
walking,5543,5520,5543,23
sniffing,5585,5543,5585,42
trotting,5640,5585,5640,55
walking,5698,5640,5698,58
stepping,5722,5698,5722,24
rising,5765,5722,5765,43
rearing,5785,5765,5785,20
grooming,6097,5785,6097,312
left_turning,6169,6097,6169,72
walking,6218,6169,6218,49
sniffing,6237,6218,6237,19
stepping,6255,6237,6255,18
walking,6268,6255,6268,13
grooming,6406,6268,6406,138
rising,6432,6406,6432,26
walking,6461,6432,6461,29
stepping,6478,6461,6478,17
sniffing,6485,6478,6485,7
rising,6524,6485,6524,39
walking,6541,6524,6541,17
rising,6619,6541,6619,78
rearing,6687,6619,6687,68
hunching,6829,6687,6829,142
grooming,6830,6829,6830,1
hunching,6898,6830,6898,68
grooming,6899,6898,6899,1
hunching,6985,6899,6985,86
rearing,7085,6985,7085,100
hunching,7156,7085,7156,71
grooming,7157,7156,7157,1
hunching,7369,7157,7369,212
stepping,7370,7369,7370,1
rising,7520,7370,7520,150
grooming,7521,7520,7521,1
sniffing,7563,7521,7563,42
stepping,7585,7563,7585,22
sniffing,7624,7585,7624,39
rising,7629,7624,7629,5
walking,7667,7629,7667,38
running,7709,7667,7709,42
walking,7828,7709,7828,119
stepping,7867,7828,7867,39
sniffing,7965,7867,7965,98
stepping,8017,7965,8017,52
walking,8078,8017,8078,61
grooming,8079,8078,8079,1
hunching,8152,8079,8152,73
grooming,8490,8152,8490,338
sniffing,8559,8490,8559,69
walking,8582,8559,8582,23
stepping,8603,8582,8603,21
sniffing,8645,8603,8645,42
rising,8679,8645,8679,34
walking,8688,8679,8688,9
trotting,8714,8688,8714,26
sniffing,8748,8714,8748,34
stepping,8779,8748,8779,31
rising,8780,8779,8780,1
grooming,8847,8780,8847,67
left_turning,8893,8847,8893,46
sniffing,8894,8893,8894,1
rising,8928,8894,8928,34
hunching,8968,8928,8968,40
running,9001,8968,9001,33
walking,9057,9001,9057,56
stepping,9113,9057,9113,56
walking,9138,9113,9138,25
sniffing,9160,9138,9160,22
walking,9183,9160,9183,23
stepping,9186,9183,9186,3
grooming,9325,9186,9325,139
hunching,9333,9325,9333,8
grooming,9334,9333,9334,1
trotting,9348,9334,9348,14
walking,9379,9348,9379,31
rising,9404,9379,9404,25
walking,9427,9404,9427,23
climbing,9479,9427,9479,52
grooming,9535,9479,9535,56
sniffing,9605,9535,9605,70
right_turning,9606,9605,9606,1
trotting,9624,9606,9624,18
sniffing,9659,9624,9659,35
grooming,9745,9659,9745,86
rearing,9867,9745,9867,122
stepping,9891,9867,9891,24
sniffing,9898,9891,9898,7
stepping,9912,9898,9912,14
sniffing,9952,9912,9952,40
stepping,9977,9952,9977,25
trotting,9997,9977,9997,20
walking,10051,9997,10051,54
stepping,10052,10051,10052,1
climbing,10117,10052,10117,65
left_turning,10127,10117,10127,10
grooming,10128,10127,10128,1
right_turning,10129,10128,10129,1
walking,10140,10129,10140,11
sniffing,10167,10140,10167,27
trotting,10191,10167,10191,24
sniffing,10192,10191,10192,1
rearing,10277,10192,10277,85
sniffing,10288,10277,10288,11
hunching,10506,10288,10506,218
rising,10551,10506,10551,45
rearing,10552,10551,10552,1
grooming,10686,10552,10686,134
hunching,10687,10686,10687,1
climbing,10712,10687,10712,25
grooming,10942,10712,10942,230
sniffing,10943,10942,10943,1
stepping,10978,10943,10978,35
walking,10979,10978,10979,1
climbing,11022,10979,11022,43
rearing,11102,11022,11102,80
sniffing,11103,11102,11103,1
stepping,11121,11103,11121,18
rising,11145,11121,11145,24
walking,11171,11145,11171,26
trotting,11212,11171,11212,41
sniffing,11269,11212,11269,57
stepping,11333,11269,11333,64
sniffing,11391,11333,11391,58
rearing,11436,11391,11436,45
grooming,12558,11436,12558,1122
right_turning,12565,12558,12565,7
trotting,12596,12565,12596,31
stepping,12600,12596,12600,4
rising,12658,12600,12658,58
rearing,12716,12658,12716,58
rising,12742,12716,12742,26
climbing,12759,12742,12759,17
rising,12787,12759,12787,28
rearing,12816,12787,12816,29
stepping,12868,12816,12868,52
grooming,13139,12868,13139,271
trotting,13159,13139,13159,20
left_turning,13167,13159,13167,8
rising,13195,13167,13195,28
climbing,13218,13195,13218,23
grooming,13219,13218,13219,1
sniffing,13220,13219,13220,1
grooming,13306,13220,13306,86
rising,13332,13306,13332,26
sniffing,13387,13332,13387,55
grooming,13433,13387,13433,46
rearing,13454,13433,13454,21
grooming,13534,13454,13534,80
scratching,13578,13534,13578,44
sniffing,13610,13578,13610,32
left_turning,13673,13610,13673,63
walking,13693,13673,13693,20
stepping,13709,13693,13709,16
sniffing,13712,13709,13712,3
trotting,13757,13712,13757,45
stepping,13800,13757,13800,43
sniffing,13858,13800,13858,58
rising,13916,13858,13916,58
walking,13931,13916,13931,15
stepping,13957,13931,13957,26
walking,13964,13957,13964,7
stepping,13969,13964,13969,5
rearing,14029,13969,14029,60
stepping,14030,14029,14030,1
walking,14083,14030,14083,53
stepping,14143,14083,14143,60
sniffing,14171,14143,14171,28
rising,14177,14171,14177,6
sniffing,14186,14177,14186,9
grooming,14424,14186,14424,238
left_turning,14435,14424,14435,11
walking,14472,14435,14472,37
hunching,14804,14472,14804,332
grooming,14805,14804,14805,1
hunching,14806,14805,14806,1
rearing,14814,14806,14814,8
grooming,15047,14814,15047,233
rearing,15095,15047,15095,48
grooming,15529,15095,15529,434
rising,15600,15529,15600,71
rearing,15654,15600,15654,54
grooming,15660,15654,15660,6
sniffing,15661,15660,15661,1
rising,15751,15661,15751,90
hunching,15816,15751,15816,65
sniffing,15823,15816,15823,7
walking,15862,15823,15862,39
sniffing,15889,15862,15889,27
rearing,15890,15889,15890,1
grooming,16459,15890,16459,569
rising,16500,16459,16500,41
grooming,16801,16500,16801,301
rearing,17070,16801,17070,269
grooming,17071,17070,17071,1
rearing,17161,17071,17161,90
rising,17185,17161,17185,24
left_turning,17208,17185,17208,23
rising,17228,17208,17228,20
sniffing,17337,17228,17337,109
climbing,17421,17337,17421,84
left_turning,17443,17421,17443,22
rearing,17477,17443,17477,34
walking,17513,17477,17513,36
running,17528,17513,17528,15
stepping,17539,17528,17539,11
walking,17556,17539,17556,17
sniffing,17576,17556,17576,20
grooming,17613,17576,17613,37
left_turning,17622,17613,17622,9
rearing,17690,17622,17690,68
grooming,17691,17690,17691,1
hunching,17753,17691,17753,62
rearing,17817,17753,17817,64
grooming,17841,17817,17841,24
hunching,17842,17841,17842,1
grooming,17843,17842,17843,1
sniffing,17844,17843,17844,1
right_turning,17846,17844,17846,2
sniffing,17847,17846,17847,1
rising,17848,17847,17848,1
sniffing,17878,17848,17878,30
trotting,17907,17878,17907,29
sniffing,17923,17907,17923,16
trotting,17972,17923,17972,49
sniffing,18056,17972,18056,84
grooming,18108,18056,18108,52
hunching,18195,18108,18195,87
rearing,18237,18195,18237,42
climbing,18256,18237,18256,19
grooming,18339,18256,18339,83
rearing,18340,18339,18340,1
climbing,18378,18340,18378,38
grooming,18379,18378,18379,1
scratching,18471,18379,18471,92
grooming,18549,18471,18549,78
walking,18550,18549,18550,1
sniffing,18575,18550,18575,25
grooming,18603,18575,18603,28
stepping,18611,18603,18611,8
walking,18637,18611,18637,26
rearing,18702,18637,18702,65
stepping,18723,18702,18723,21
sniffing,18831,18723,18831,108
stepping,18858,18831,18858,27
grooming,18859,18858,18859,1
rearing,18876,18859,18876,17
grooming,19387,18876,19387,511
left_turning,19407,19387,19407,20
sniffing,19408,19407,19408,1
rising,19462,19408,19462,54
sniffing,19513,19462,19513,51
right_turning,19521,19513,19521,8
sniffing,19570,19521,19570,49
left_turning,19598,19570,19598,28
sniffing,19623,19598,19623,25
scratching,19667,19623,19667,44
sniffing,19668,19667,19668,1
rising,19693,19668,19693,25
sniffing,19706,19693,19706,13
rising,19776,19706,19776,70
sniffing,19908,19776,19908,132
grooming,20383,19908,20383,475
stepping,20393,20383,20393,10
sniffing,20396,20393,20396,3
walking,20434,20396,20434,38
sniffing,20452,20434,20452,18
walking,20523,20452,20523,71
sniffing,20524,20523,20524,1
grooming,20926,20524,20926,402
hunching,20966,20926,20966,40
rising,21044,20966,21044,78
walking,21087,21044,21087,43
trotting,21126,21087,21126,39
rearing,21127,21126,21127,1
grooming,21128,21127,21128,1
hunching,21197,21128,21197,69
grooming,21198,21197,21198,1
trotting,21230,21198,21230,32
sniffing,21304,21230,21304,74
right_turning,21305,21304,21305,1
sniffing,21306,21305,21306,1
walking,21352,21306,21352,46
trotting,21372,21352,21372,20
sniffing,21373,21372,21373,1
grooming,21567,21373,21567,194
right_turning,21572,21567,21572,5
climbing,21600,21572,21600,28
rearing,21634,21600,21634,34
grooming,21732,21634,21732,98
sniffing,21746,21732,21746,14
grooming,21833,21746,21833,87
climbing,21868,21833,21868,35
grooming,21901,21868,21901,33
rearing,22051,21901,22051,150
walking,22059,22051,22059,8
stepping,22108,22059,22108,49
sniffing,22202,22108,22202,94
climbing,22248,22202,22248,46
sniffing,22282,22248,22282,34
rising,22297,22282,22297,15
walking,22351,22297,22351,54
right_turning,22364,22351,22364,13
stepping,22376,22364,22376,12
walking,22394,22376,22394,18
sniffing,22446,22394,22446,52
grooming,22666,22446,22666,220
rising,22728,22666,22728,62
stepping,22790,22728,22790,62
hunching,22873,22790,22873,83
rearing,22968,22873,22968,95
climbing,23023,22968,23023,55
stepping,23043,23023,23043,20
grooming,23108,23043,23108,65
walking,23114,23108,23114,6
rising,23151,23114,23151,37
walking,23184,23151,23184,33
running,23208,23184,23208,24
left_turning,23227,23208,23227,19
sniffing,23325,23227,23325,98
rearing,23326,23325,23326,1
climbing,23359,23326,23359,33
walking,23393,23359,23393,34
stepping,23417,23393,23417,24
climbing,23503,23417,23503,86
walking,23525,23503,23525,22
sniffing,23549,23525,23549,24
rising,23550,23549,23550,1
grooming,23641,23550,23641,91
stepping,23689,23641,23689,48
sniffing,23749,23689,23749,60
hunching,23775,23749,23775,26
rising,23806,23775,23806,31
grooming,23933,23806,23933,127
stepping,23959,23933,23959,26
walking,23960,23959,23960,1
sniffing,23961,23960,23961,1
trotting,23971,23961,23971,10
sniffing,24009,23971,24009,38
climbing,24083,24009,24083,74
grooming,24157,24083,24157,74
left_turning,24181,24157,24181,24
walking,24275,24181,24275,94
stepping,24276,24275,24276,1
walking,24329,24276,24329,53
trotting,24354,24329,24354,25
sniffing,24363,24354,24363,9
walking,24379,24363,24379,16
rising,24409,24379,24409,30
stepping,24453,24409,24453,44
left_turning,24463,24453,24463,10
trotting,24470,24463,24470,7
sniffing,24503,24470,24503,33
grooming,24632,24503,24632,129
rising,24670,24632,24670,38
grooming,24725,24670,24725,55
rising,24783,24725,24783,58
stepping,24810,24783,24810,27
grooming,24811,24810,24811,1
rearing,24819,24811,24819,8
sniffing,24836,24819,24836,17
walking,24872,24836,24872,36
sniffing,24887,24872,24887,15
stepping,24888,24887,24888,1
climbing,24983,24888,24983,95
walking,25008,24983,25008,25
climbing,25054,25008,25054,46
rearing,25113,25054,25113,59
stepping,25158,25113,25158,45
walking,25163,25158,25163,5
stepping,25191,25163,25191,28
sniffing,25199,25191,25199,8
stepping,25208,25199,25208,9
trotting,25233,25208,25233,25
rising,25234,25233,25234,1
hunching,25280,25234,25280,46
left_turning,25294,25280,25294,14
walking,25334,25294,25334,40
sniffing,25356,25334,25356,22
rising,25378,25356,25378,22
walking,25421,25378,25421,43
stepping,25460,25421,25460,39
grooming,25506,25460,25506,46
rising,25520,25506,25520,14
trotting,25535,25520,25535,15
sniffing,25587,25535,25587,52
stepping,25588,25587,25588,1
walking,25618,25588,25618,30
rearing,25619,25618,25619,1
grooming,25620,25619,25620,1
stepping,25625,25620,25625,5
walking,25655,25625,25655,30
right_turning,25656,25655,25656,1
stepping,25657,25656,25657,1
left_turning,25677,25657,25677,20
hunching,25678,25677,25678,1
left_turning,25703,25678,25703,25
walking,25710,25703,25710,7
stepping,25716,25710,25716,6
walking,25764,25716,25764,48
stepping,25767,25764,25767,3
rearing,25860,25767,25860,93
walking,25880,25860,25880,20
sniffing,25934,25880,25934,54
rising,25996,25934,25996,62
stepping,26029,25996,26029,33
walking,26050,26029,26050,21
sniffing,26110,26050,26110,60
grooming,26156,26110,26156,46
hunching,26239,26156,26239,83
grooming,26240,26239,26240,1
hunching,26300,26240,26300,60
rearing,26301,26300,26301,1
grooming,26417,26301,26417,116
rising,26451,26417,26451,34
sniffing,26452,26451,26452,1
left_turning,26458,26452,26458,6
trotting,26473,26458,26473,15
sniffing,26474,26473,26474,1
walking,26475,26474,26475,1
climbing,26539,26475,26539,64
walking,26564,26539,26564,25
sniffing,26597,26564,26597,33
grooming,26729,26597,26729,132
stepping,26730,26729,26730,1
sniffing,26828,26730,26828,98
climbing,26841,26828,26841,13
sniffing,26868,26841,26868,27
walking,26875,26868,26875,7
sniffing,26957,26875,26957,82
rising,27165,26957,27165,208
sniffing,27166,27165,27166,1
stepping,27167,27166,27167,1
sniffing,27309,27167,27309,142
trotting,27317,27309,27317,8
rising,27410,27317,27410,93
climbing,27481,27410,27481,71
left_turning,27482,27481,27482,1
rising,27517,27482,27517,35
climbing,27647,27517,27647,130
right_turning,27664,27647,27664,17
climbing,27729,27664,27729,65
left_turning,27730,27729,27730,1
grooming,27783,27730,27783,53
rearing,27818,27783,27818,35
left_turning,27829,27818,27829,11
walking,27854,27829,27854,25
sniffing,27873,27854,27873,19
trotting,27925,27873,27925,52
sniffing,27960,27925,27960,35
right_turning,27987,27960,27987,27
rising,27988,27987,27988,1
grooming,28056,27988,28056,68
walking,28072,28056,28072,16
left_turning,28136,28072,28136,64
stepping,28232,28136,28232,96
running,28252,28232,28252,20
walking,28255,28252,28255,3
sniffing,28283,28255,28283,28
stepping,28307,28283,28307,24
trotting,28349,28307,28349,42
walking,28406,28349,28406,57
sniffing,28432,28406,28432,26
grooming,28504,28432,28504,72
rearing,28660,28504,28660,156
rising,28673,28660,28673,13
left_turning,28714,28673,28714,41
grooming,28795,28714,28795,81
scratching,28864,28795,28864,69
sniffing,28921,28864,28921,57
climbing,28976,28921,28976,55
grooming,29165,28976,29165,189
walking,29177,29165,29177,12
sniffing,29293,29177,29293,116
left_turning,29309,29293,29309,16
sniffing,29374,29309,29374,65
stepping,29425,29374,29425,51
sniffing,29515,29425,29515,90
grooming,29646,29515,29646,131
walking,29667,29646,29667,21
stepping,29699,29667,29699,32
right_turning,29719,29699,29719,20
grooming,29849,29719,29849,130
scratching,29930,29849,29930,81
grooming,30164,29930,30164,234
hunching,30178,30164,30178,14
rearing,30187,30178,30187,9
hunching,30215,30187,30215,28
rising,30219,30215,30219,4
grooming,30487,30219,30487,268
sniffing,30517,30487,30517,30
grooming,30606,30517,30606,89
rearing,30607,30606,30607,1
grooming,30756,30607,30756,149
rising,30783,30756,30783,27
rearing,30784,30783,30784,1
hunching,30897,30784,30897,113
rearing,30930,30897,30930,33
stepping,30946,30930,30946,16
sniffing,30947,30946,30947,1
rising,30989,30947,30989,42
climbing,31013,30989,31013,24
walking,31058,31013,31058,45
sniffing,31107,31058,31107,49
stepping,31118,31107,31118,11
rearing,31119,31118,31119,1
grooming,31160,31119,31160,41
sniffing,31161,31160,31161,1
left_turning,31197,31161,31197,36
stepping,31215,31197,31215,18
walking,31248,31215,31248,33
trotting,31279,31248,31279,31
walking,31308,31279,31308,29
sniffing,31326,31308,31326,18
right_turning,31335,31326,31335,9
walking,31363,31335,31363,28
sniffing,31364,31363,31364,1
walking,31391,31364,31391,27
stepping,31454,31391,31454,63
rearing,31700,31454,31700,246
grooming,31774,31700,31774,74
rearing,31850,31774,31850,76
climbing,31907,31850,31907,57
left_turning,31952,31907,31952,45
walking,31988,31952,31988,36
stepping,32002,31988,32002,14
grooming,32219,32002,32219,217
rearing,32220,32219,32220,1
rising,32242,32220,32242,22
climbing,32317,32242,32317,75
grooming,32655,32317,32655,338
hunching,32656,32655,32656,1
rearing,32691,32656,32691,35
grooming,32692,32691,32692,1
rising,32732,32692,32732,40
rearing,32733,32732,32733,1
sniffing,32736,32733,32736,3
rising,32793,32736,32793,57
climbing,32808,32793,32808,15
stepping,32826,32808,32826,18
sniffing,32869,32826,32869,43
grooming,32870,32869,32870,1
hunching,32981,32870,32981,111
grooming,33293,32981,33293,312
scratching,33343,33293,33343,50
right_turning,33349,33343,33349,6
stepping,33379,33349,33379,30
walking,33457,33379,33457,78
stepping,33515,33457,33515,58
grooming,33743,33515,33743,228
scratching,33828,33743,33828,85
grooming,34238,33828,34238,410
sniffing,34277,34238,34277,39
grooming,34278,34277,34278,1
stepping,34308,34278,34308,30
sniffing,34358,34308,34358,50
rising,34359,34358,34359,1
stepping,34404,34359,34404,45
rearing,34405,34404,34405,1
grooming,34406,34405,34406,1
sniffing,34431,34406,34431,25
rising,34433,34431,34433,2
sniffing,34434,34433,34434,1
stepping,34448,34434,34448,14
walking,34499,34448,34499,51
rising,34549,34499,34549,50
right_turning,34563,34549,34563,14
walking,34579,34563,34579,16
rearing,34642,34579,34642,63
stepping,34668,34642,34668,26
sniffing,34689,34668,34689,21
rising,34692,34689,34692,3
sniffing,34750,34692,34750,58
rising,34772,34750,34772,22
climbing,34796,34772,34796,24
walking,34823,34796,34823,27
rising,34858,34823,34858,35
sniffing,34885,34858,34885,27
stepping,34920,34885,34920,35
sniffing,34982,34920,34982,62
stepping,35034,34982,35034,52
grooming,35345,35034,35345,311
left_turning,35346,35345,35346,1
rising,35352,35346,35352,6
grooming,35367,35352,35367,15
rising,35517,35367,35517,150
walking,35518,35517,35518,1
trotting,35558,35518,35558,40
walking,35631,35558,35631,73
stepping,35641,35631,35641,10
sniffing,35692,35641,35692,51
rising,35718,35692,35718,26
left_turning,35738,35718,35738,20
grooming,35936,35738,35936,198
rearing,35937,35936,35937,1
right_turning,35977,35937,35977,40
walking,36007,35977,36007,30
stepping,36024,36007,36024,17
grooming,36156,36024,36156,132
climbing,36211,36156,36211,55
rearing,36578,36211,36578,367
grooming,36696,36578,36696,118
sniffing,36754,36696,36754,58
rising,36755,36754,36755,1
sniffing,36782,36755,36782,27
rising,36813,36782,36813,31
grooming,36895,36813,36895,82
rearing,36896,36895,36896,1
trotting,36924,36896,36924,28
walking,36925,36924,36925,1
sniffing,36998,36925,36998,73
rising,37013,36998,37013,15
left_turning,37039,37013,37039,26
walking,37040,37039,37040,1
sniffing,37082,37040,37082,42
stepping,37115,37082,37115,33
sniffing,37116,37115,37116,1
left_turning,37147,37116,37147,31
hunching,37148,37147,37148,1
rearing,37159,37148,37159,11
running,37192,37159,37192,33
stepping,37245,37192,37245,53
grooming,37246,37245,37246,1
stepping,37285,37246,37285,39
left_turning,37291,37285,37291,6
walking,37322,37291,37322,31
stepping,37354,37322,37354,32
sniffing,37385,37354,37385,31
grooming,37386,37385,37386,1
left_turning,37387,37386,37387,1
grooming,37403,37387,37403,16
hunching,37404,37403,37404,1
left_turning,37424,37404,37424,20
running,37438,37424,37438,14
stepping,37447,37438,37447,9
right_turning,37450,37447,37450,3
stepping,37520,37450,37520,70
sniffing,37581,37520,37581,61
walking,37619,37581,37619,38
rearing,37649,37619,37649,30
stepping,37684,37649,37684,35
walking,37691,37684,37691,7
trotting,37716,37691,37716,25
stepping,37756,37716,37756,40
sniffing,37813,37756,37813,57
stepping,37852,37813,37852,39
sniffing,37935,37852,37935,83
climbing,37959,37935,37959,24
running,37962,37959,37962,3
grooming,37963,37962,37963,1
rising,38008,37963,38008,45
rearing,38009,38008,38009,1
grooming,38010,38009,38010,1
trotting,38028,38010,38028,18
walking,38043,38028,38043,15
stepping,38072,38043,38072,29
walking,38123,38072,38123,51
sniffing,38197,38123,38197,74
left_turning,38285,38197,38285,88
sniffing,38347,38285,38347,62
stepping,38350,38347,38350,3
hunching,38551,38350,38551,201
rearing,38657,38551,38657,106
sniffing,38708,38657,38708,51
stepping,38738,38708,38738,30
sniffing,38792,38738,38792,54
grooming,38927,38792,38927,135
rising,38972,38927,38972,45
stepping,38991,38972,38991,19
walking,39012,38991,39012,21
trotting,39025,39012,39025,13
sniffing,39095,39025,39095,70
stepping,39130,39095,39130,35
rearing,39131,39130,39131,1
grooming,39132,39131,39132,1
hunching,39263,39132,39263,131
rearing,39275,39263,39275,12
grooming,39861,39275,39861,586
rearing,39875,39861,39875,14
grooming,39921,39875,39921,46
sniffing,39970,39921,39970,49
rising,39985,39970,39985,15
sniffing,39986,39985,39986,1
stepping,39992,39986,39992,6
sniffing,40095,39992,40095,103
rising,40096,40095,40096,1
grooming,40445,40096,40445,349
left_turning,40468,40445,40468,23
sniffing,40497,40468,40497,29
walking,40592,40497,40592,95
sniffing,40614,40592,40614,22
climbing,40628,40614,40628,14
right_turning,40629,40628,40629,1
stepping,40634,40629,40634,5
climbing,40673,40634,40673,39
left_turning,40694,40673,40694,21
walking,40695,40694,40695,1
sniffing,40696,40695,40696,1
climbing,40728,40696,40728,32
grooming,40874,40728,40874,146
sniffing,40898,40874,40898,24
rising,40931,40898,40931,33
sniffing,40962,40931,40962,31
rising,40963,40962,40963,1
sniffing,40974,40963,40974,11
grooming,40975,40974,40975,1
sniffing,41038,40975,41038,63
grooming,41216,41038,41216,178
climbing,41232,41216,41232,16
grooming,41309,41232,41309,77
left_turning,41320,41309,41320,11
walking,41332,41320,41332,12
sniffing,41386,41332,41386,54
rising,41410,41386,41410,24
grooming,41589,41410,41589,179
walking,41610,41589,41610,21
sniffing,41620,41610,41620,10
left_turning,41640,41620,41640,20
stepping,41674,41640,41674,34
rising,41918,41674,41918,244
climbing,41980,41918,41980,62
grooming,41981,41980,41981,1
sniffing,42116,41981,42116,135
walking,42159,42116,42159,43
stepping,42181,42159,42181,22
sniffing,42197,42181,42197,16
climbing,42233,42197,42233,36
trotting,42251,42233,42251,18
running,42271,42251,42271,20
walking,42299,42271,42299,28
sniffing,42320,42299,42320,21
stepping,42363,42320,42363,43
left_turning,42373,42363,42373,10
stepping,42389,42373,42389,16
walking,42410,42389,42410,21
sniffing,42411,42410,42411,1
rising,42415,42411,42415,4
grooming,42577,42415,42577,162
walking,42601,42577,42601,24
left_turning,42680,42601,42680,79
sniffing,42770,42680,42770,90
stepping,42772,42770,42772,2
walking,42848,42772,42848,76
sniffing,42849,42848,42849,1
grooming,42914,42849,42914,65
sniffing,42930,42914,42930,16
rising,42963,42930,42963,33
grooming,42995,42963,42995,32
right_turning,43045,42995,43045,50
trotting,43091,43045,43091,46
grooming,43261,43091,43261,170
climbing,43292,43261,43292,31
rearing,43356,43292,43356,64
stepping,43360,43356,43360,4
right_turning,43390,43360,43390,30
stepping,43391,43390,43391,1
sniffing,43393,43391,43393,2
right_turning,43394,43393,43394,1
stepping,43452,43394,43452,58
rising,43520,43452,43520,68
left_turning,43521,43520,43521,1
walking,43542,43521,43542,21
sniffing,43686,43542,43686,144
grooming,43687,43686,43687,1
left_turning,43738,43687,43738,51
trotting,43776,43738,43776,38
stepping,43803,43776,43803,27
rising,43848,43803,43848,45
climbing,43864,43848,43864,16
stepping,43869,43864,43869,5
walking,43910,43869,43910,41
sniffing,43964,43910,43964,54
trotting,43967,43964,43967,3
sniffing,44000,43967,44000,33
grooming,44054,44000,44054,54
sniffing,44084,44054,44084,30
stepping,44085,44084,44085,1
walking,44086,44085,44086,1
left_turning,44148,44086,44148,62
trotting,44173,44148,44173,25
climbing,44222,44173,44222,49
right_turning,44256,44222,44256,34
sniffing,44503,44256,44503,247
stepping,44545,44503,44545,42
sniffing,44574,44545,44574,29
walking,44606,44574,44606,32
sniffing,44607,44606,44607,1
walking,44630,44607,44630,23
sniffing,44637,44630,44637,7
scratching,44651,44637,44651,14
sniffing,44694,44651,44694,43
right_turning,44695,44694,44695,1
trotting,44721,44695,44721,26
stepping,44734,44721,44734,13
walking,44786,44734,44786,52
stepping,44812,44786,44812,26
sniffing,44856,44812,44856,44
grooming,44857,44856,44857,1
sniffing,44931,44857,44931,74
walking,44970,44931,44970,39
sniffing,45019,44970,45019,49
rising,45066,45019,45066,47
scratching,45170,45066,45170,104
stepping,45191,45170,45191,21
walking,45203,45191,45203,12
stepping,45234,45203,45234,31
walking,45272,45234,45272,38
stepping,45306,45272,45306,34
climbing,45329,45306,45329,23
grooming,45330,45329,45330,1
hunching,45468,45330,45468,138
left_turning,45493,45468,45493,25
grooming,45568,45493,45568,75
rearing,45685,45568,45685,117
hunching,45821,45685,45821,136
grooming,45822,45821,45822,1
left_turning,45851,45822,45851,29
sniffing,45970,45851,45970,119
grooming,46267,45970,46267,297
sniffing,46317,46267,46317,50
stepping,46411,46317,46411,94
climbing,46475,46411,46475,64
rearing,46509,46475,46509,34
rising,46510,46509,46510,1
rearing,46618,46510,46618,108
grooming,46736,46618,46736,118
hunching,46737,46736,46737,1
rearing,46822,46737,46822,85
climbing,46856,46822,46856,34
rearing,46857,46856,46857,1
rising,46907,46857,46907,50
sniffing,46939,46907,46939,32
climbing,46987,46939,46987,48
grooming,47197,46987,47197,210
walking,47224,47197,47224,27
trotting,47262,47224,47262,38
sniffing,47276,47262,47276,14
hunching,47368,47276,47368,92
grooming,47632,47368,47632,264
rearing,47755,47632,47755,123
right_turning,47762,47755,47762,7
running,47767,47762,47767,5
sniffing,47831,47767,47831,64
walking,47886,47831,47886,55
grooming,48088,47886,48088,202
rearing,48138,48088,48138,50
grooming,48139,48138,48139,1
rearing,48206,48139,48206,67
climbing,48244,48206,48244,38
running,48263,48244,48263,19
climbing,48284,48263,48284,21
running,48335,48284,48335,51
sniffing,48350,48335,48350,15
grooming,48448,48350,48448,98
walking,48465,48448,48465,17
sniffing,48466,48465,48466,1
walking,48476,48466,48476,10
stepping,48477,48476,48477,1
right_turning,48488,48477,48488,11
sniffing,48508,48488,48508,20
stepping,48575,48508,48575,67
sniffing,48677,48575,48677,102
stepping,48710,48677,48710,33
walking,48776,48710,48776,66
climbing,48856,48776,48856,80
grooming,48857,48856,48857,1
climbing,48886,48857,48886,29
rearing,48954,48886,48954,68
climbing,48989,48954,48989,35
stepping,49032,48989,49032,43
right_turning,49052,49032,49052,20
walking,49067,49052,49067,15
running,49073,49067,49073,6
walking,49109,49073,49109,36
stepping,49150,49109,49150,41
trotting,49159,49150,49159,9
walking,49188,49159,49188,29
sniffing,49219,49188,49219,31
rising,49258,49219,49258,39
walking,49288,49258,49288,30
trotting,49345,49288,49345,57
walking,49358,49345,49358,13
sniffing,49705,49358,49705,347
rising,49834,49705,49834,129
grooming,50337,49834,50337,503
hunching,50361,50337,50361,24
grooming,50468,50361,50468,107
rearing,50495,50468,50495,27
rising,50532,50495,50532,37
grooming,52063,50532,52063,1531
scratching,52111,52063,52111,48
grooming,52781,52111,52781,670
trotting,52813,52781,52813,32
climbing,52822,52813,52822,9
left_turning,52849,52822,52849,27
sniffing,52850,52849,52850,1
rising,52894,52850,52894,44
grooming,52965,52894,52965,71
rearing,52982,52965,52982,17
running,52985,52982,52985,3
stepping,52995,52985,52995,10
grooming,52996,52995,52996,1
left_turning,53062,52996,53062,66
walking,53071,53062,53071,9
rising,53117,53071,53117,46
grooming,53730,53117,53730,613
climbing,53765,53730,53765,35
stepping,53792,53765,53792,27
rising,53873,53792,53873,81
grooming,54160,53873,54160,287
trotting,54176,54160,54176,16
sniffing,54239,54176,54239,63
rearing,54279,54239,54279,40
climbing,54324,54279,54324,45
left_turning,54372,54324,54372,48
trotting,54387,54372,54387,15
sniffing,54442,54387,54442,55
scratching,54467,54442,54467,25
trotting,54515,54467,54515,48
running,54527,54515,54527,12
trotting,54552,54527,54552,25
left_turning,54581,54552,54581,29
sniffing,54614,54581,54614,33
left_turning,54618,54614,54618,4
grooming,54801,54618,54801,183
sniffing,54852,54801,54852,51
left_turning,54865,54852,54865,13
stepping,54892,54865,54892,27
sniffing,54987,54892,54987,95
walking,55037,54987,55037,50
stepping,55061,55037,55061,24
sniffing,55121,55061,55121,60
grooming,55270,55121,55270,149
stepping,55295,55270,55295,25
sniffing,55296,55295,55296,1
walking,55325,55296,55325,29
stepping,55388,55325,55388,63
left_turning,55430,55388,55430,42
stepping,55431,55430,55431,1
sniffing,55470,55431,55470,39
grooming,55525,55470,55525,55
sniffing,55554,55525,55554,29
rising,55605,55554,55605,51
walking,55621,55605,55621,16
sniffing,55622,55621,55622,1
rising,55643,55622,55643,21
walking,55666,55643,55666,23
stepping,55692,55666,55692,26
sniffing,55693,55692,55693,1
walking,55713,55693,55713,20
trotting,55736,55713,55736,23
walking,55773,55736,55773,37
stepping,55869,55773,55869,96
walking,55895,55869,55895,26
stepping,55921,55895,55921,26
left_turning,55970,55921,55970,49
sniffing,56025,55970,56025,55
walking,56028,56025,56028,3
stepping,56031,56028,56031,3
walking,56095,56031,56095,64
sniffing,56096,56095,56096,1
stepping,56097,56096,56097,1
rising,56291,56097,56291,194
climbing,56339,56291,56339,48
walking,56377,56339,56377,38
stepping,56397,56377,56397,20
walking,56414,56397,56414,17
sniffing,56503,56414,56503,89
rearing,56540,56503,56540,37
grooming,56902,56540,56902,362
walking,56960,56902,56960,58
rising,56961,56960,56961,1
climbing,57005,56961,57005,44
sniffing,57052,57005,57052,47
stepping,57061,57052,57061,9
sniffing,57138,57061,57138,77
walking,57166,57138,57166,28
rearing,57167,57166,57167,1
climbing,57180,57167,57180,13
grooming,57181,57180,57181,1
stepping,57217,57181,57217,36
sniffing,57218,57217,57218,1
stepping,57227,57218,57227,9
walking,57242,57227,57242,15
rearing,57312,57242,57312,70
climbing,57336,57312,57336,24
left_turning,57386,57336,57386,50
sniffing,57427,57386,57427,41
rising,57451,57427,57451,24
rearing,57452,57451,57452,1
grooming,57493,57452,57493,41
walking,57494,57493,57494,1
rearing,57538,57494,57538,44
hunching,57588,57538,57588,50
rising,57696,57588,57696,108
left_turning,57708,57696,57708,12
grooming,57755,57708,57755,47
hunching,57758,57755,57758,3
grooming,57911,57758,57911,153
hunching,58087,57911,58087,176
rearing,58099,58087,58099,12
grooming,58107,58099,58107,8
left_turning,58165,58107,58165,58
walking,58207,58165,58207,42
trotting,58231,58207,58231,24
walking,58232,58231,58232,1
sniffing,58257,58232,58257,25
stepping,58326,58257,58326,69
sniffing,58355,58326,58355,29
stepping,58399,58355,58399,44
sniffing,58482,58399,58482,83
rearing,58554,58482,58554,72
grooming,58768,58554,58768,214
walking,58787,58768,58787,19
stepping,58821,58787,58821,34
grooming,58822,58821,58822,1
stepping,58826,58822,58826,4
sniffing,58921,58826,58921,95
left_turning,58931,58921,58931,10
walking,58978,58931,58978,47
sniffing,59000,58978,59000,22
walking,59036,59000,59036,36
rearing,59048,59036,59048,12
grooming,59192,59048,59192,144
left_turning,59224,59192,59224,32
walking,59257,59224,59257,33
stepping,59289,59257,59289,32
grooming,59290,59289,59290,1
rearing,59299,59290,59299,9
grooming,59358,59299,59358,59
rearing,59438,59358,59438,80
hunching,59466,59438,59466,28
rearing,59491,59466,59491,25
climbing,59547,59491,59547,56
trotting,59594,59547,59594,47
walking,59642,59594,59642,48
sniffing,59643,59642,59643,1
rising,59664,59643,59664,21
sniffing,59720,59664,59720,56
stepping,59749,59720,59749,29
sniffing,59846,59749,59846,97
rising,59847,59846,59847,1
sniffing,59859,59847,59859,12
left_turning,59889,59859,59889,30
rising,59944,59889,59944,55
climbing,59954,59944,59954,10
trotting,60018,59954,60018,64
running,60038,60018,60038,20
stepping,60076,60038,60076,38
sniffing,60127,60076,60127,51
left_turning,60159,60127,60159,32
rising,60262,60159,60262,103
rearing,60304,60262,60304,42
grooming,60502,60304,60502,198
rearing,60607,60502,60607,105
running,60631,60607,60631,24
trotting,60649,60631,60649,18
rising,61102,60649,61102,453
sniffing,61129,61102,61129,27
rising,61132,61129,61132,3
climbing,61173,61132,61173,41
running,61188,61173,61188,15
climbing,61252,61188,61252,64
sniffing,61307,61252,61307,55
grooming,61467,61307,61467,160
sniffing,61522,61467,61522,55
scratching,61584,61522,61584,62
grooming,61637,61584,61637,53
scratching,61669,61637,61669,32
stepping,61706,61669,61706,37
sniffing,61724,61706,61724,18
walking,61794,61724,61794,70
sniffing,61795,61794,61795,1
rising,61809,61795,61809,14
left_turning,61873,61809,61873,64
stepping,61905,61873,61905,32
trotting,61927,61905,61927,22
left_turning,61928,61927,61928,1
sniffing,62005,61928,62005,77
rising,62006,62005,62006,1
rearing,62071,62006,62071,65
climbing,62204,62071,62204,133
stepping,62218,62204,62218,14
running,62253,62218,62253,35
stepping,62261,62253,62261,8
sniffing,62360,62261,62360,99
rising,62390,62360,62390,30
grooming,62501,62390,62501,111
rising,62527,62501,62527,26
sniffing,62528,62527,62528,1
left_turning,62616,62528,62616,88
sniffing,62659,62616,62659,43
rising,62683,62659,62683,24
climbing,62708,62683,62708,25
sniffing,62726,62708,62726,18
stepping,62739,62726,62739,13
left_turning,62740,62739,62740,1
stepping,62843,62740,62843,103
sniffing,62868,62843,62868,25
right_turning,62887,62868,62887,19
walking,62963,62887,62963,76
grooming,62972,62963,62972,9
sniffing,62991,62972,62991,19
rising,62992,62991,62992,1
walking,63037,62992,63037,45
sniffing,63121,63037,63121,84
walking,63157,63121,63157,36
running,63172,63157,63172,15
trotting,63209,63172,63209,37
walking,63246,63209,63246,37
right_turning,63262,63246,63262,16
sniffing,63336,63262,63336,74
stepping,63347,63336,63347,11
sniffing,63366,63347,63366,19
left_turning,63403,63366,63403,37
running,63415,63403,63415,12
rising,63457,63415,63457,42
rearing,63458,63457,63458,1
hunching,63516,63458,63516,58
grooming,63517,63516,63517,1
right_turning,63526,63517,63526,9
sniffing,63527,63526,63527,1
walking,63534,63527,63534,7
sniffing,63607,63534,63607,73
rising,63632,63607,63632,25
left_turning,63641,63632,63641,9
rising,63696,63641,63696,55
climbing,63745,63696,63745,49
left_turning,63746,63745,63746,1
grooming,63823,63746,63823,77
hunching,63824,63823,63824,1
sniffing,63894,63824,63894,70
rearing,63959,63894,63959,65
left_turning,64015,63959,64015,56
sniffing,64061,64015,64061,46
grooming,64374,64061,64374,313
rearing,64451,64374,64451,77
rising,64458,64451,64458,7
climbing,64482,64458,64482,24
rearing,64618,64482,64618,136
climbing,64705,64618,64705,87
rearing,64852,64705,64852,147
sniffing,64972,64852,64972,120
climbing,64998,64972,64998,26
grooming,64999,64998,64999,1
rising,65000,64999,65000,1
grooming,65071,65000,65071,71
hunching,65278,65071,65278,207
rearing,65285,65278,65285,7
left_turning,65286,65285,65286,1
scratching,65287,65286,65287,1
sniffing,65346,65287,65346,59
grooming,65739,65346,65739,393
rising,65776,65739,65776,37
rearing,65830,65776,65830,54
running,65849,65830,65849,19
walking,65876,65849,65876,27
sniffing,65948,65876,65948,72
rising,66015,65948,66015,67
climbing,66066,66015,66066,51
right_turning,66091,66066,66091,25
walking,66095,66091,66095,4
sniffing,66096,66095,66096,1
stepping,66124,66096,66124,28
sniffing,66203,66124,66203,79
climbing,66277,66203,66277,74
rising,66286,66277,66286,9
rearing,66350,66286,66350,64
climbing,66404,66350,66404,54
sniffing,66528,66404,66528,124
climbing,66560,66528,66560,32
rearing,66587,66560,66587,27
climbing,66646,66587,66646,59
grooming,66776,66646,66776,130
sniffing,66877,66776,66877,101
rising,66941,66877,66941,64
right_turning,66942,66941,66942,1
stepping,66961,66942,66961,19
climbing,67013,66961,67013,52
hunching,67039,67013,67039,26
grooming,67040,67039,67040,1
sniffing,67152,67040,67152,112
rearing,67317,67152,67317,165
grooming,67443,67317,67443,126
walking,67460,67443,67460,17
sniffing,67538,67460,67538,78
walking,67575,67538,67575,37
sniffing,67576,67575,67576,1
walking,67585,67576,67585,9
sniffing,67586,67585,67586,1
right_turning,67587,67586,67587,1
walking,67616,67587,67616,29
rising,67663,67616,67663,47
grooming,67664,67663,67664,1
hunching,67819,67664,67819,155
grooming,68207,67819,68207,388
hunching,68289,68207,68289,82
grooming,68488,68289,68488,199
sniffing,68529,68488,68529,41
stepping,68625,68529,68625,96
grooming,68829,68625,68829,204
left_turning,68863,68829,68863,34
sniffing,68864,68863,68864,1
climbing,68908,68864,68908,44
walking,68949,68908,68949,41
sniffing,69004,68949,69004,55
stepping,69032,69004,69032,28
rearing,69082,69032,69082,50
grooming,69083,69082,69083,1
scratching,69542,69083,69542,459
grooming,69793,69542,69793,251
hunching,69854,69793,69854,61
grooming,69898,69854,69898,44
sniffing,69963,69898,69963,65
climbing,70020,69963,70020,57
walking,70074,70020,70074,54
sniffing,70075,70074,70075,1
climbing,70124,70075,70124,49
left_turning,70125,70124,70125,1
running,70149,70125,70149,24
stepping,70197,70149,70197,48
climbing,70223,70197,70223,26
sniffing,70290,70223,70290,67
grooming,70532,70290,70532,242
climbing,70548,70532,70548,16
sniffing,70638,70548,70638,90
right_turning,70643,70638,70643,5
sniffing,70711,70643,70711,68
left_turning,70742,70711,70742,31
grooming,70743,70742,70743,1
rising,70754,70743,70754,11
sniffing,70764,70754,70764,10
rearing,70765,70764,70765,1
grooming,70824,70765,70824,59
sniffing,70844,70824,70844,20
trotting,70853,70844,70853,9
walking,70865,70853,70865,12
stepping,70875,70865,70875,10
walking,70933,70875,70933,58
sniffing,70951,70933,70951,18
grooming,70952,70951,70952,1
scratching,71051,70952,71051,99
sniffing,71072,71051,71072,21
walking,71097,71072,71097,25
sniffing,71140,71097,71140,43
left_turning,71204,71140,71204,64
walking,71236,71204,71236,32
rising,71308,71236,71308,72
sniffing,71357,71308,71357,49
grooming,71501,71357,71501,144
left_turning,71502,71501,71502,1
rising,71503,71502,71503,1
rearing,71607,71503,71607,104
sniffing,71625,71607,71625,18
rising,71626,71625,71626,1
sniffing,71703,71626,71703,77
stepping,71704,71703,71704,1
sniffing,71725,71704,71725,21
rising,71753,71725,71753,28
sniffing,71854,71753,71854,101
left_turning,71869,71854,71869,15
stepping,71900,71869,71900,31
sniffing,71923,71900,71923,23
rearing,72104,71923,72104,181
stepping,72111,72104,72111,7
trotting,72146,72111,72146,35
sniffing,72147,72146,72147,1
rearing,72225,72147,72225,78
grooming,72376,72225,72376,151
sniffing,72403,72376,72403,27
stepping,72478,72403,72478,75
sniffing,72506,72478,72506,28
grooming,72687,72506,72687,181
left_turning,72688,72687,72688,1
stepping,72689,72688,72689,1
grooming,72690,72689,72690,1
left_turning,72708,72690,72708,18
walking,72723,72708,72723,15
trotting,72739,72723,72739,16
walking,72756,72739,72756,17
sniffing,72814,72756,72814,58
rising,72870,72814,72870,56
sniffing,72871,72870,72871,1
walking,72875,72871,72875,4
climbing,72945,72875,72945,70
running,72965,72945,72965,20
sniffing,72984,72965,72984,19
left_turning,73011,72984,73011,27
walking,73014,73011,73014,3
climbing,73027,73014,73027,13
grooming,73028,73027,73028,1
climbing,73054,73028,73054,26
sniffing,73096,73054,73096,42
walking,73134,73096,73134,38
sniffing,73164,73134,73164,30
walking,73178,73164,73178,14
stepping,73193,73178,73193,15
walking,73212,73193,73212,19
sniffing,73238,73212,73238,26
rising,73239,73238,73239,1
sniffing,73240,73239,73240,1
rearing,73530,73240,73530,290
trotting,73588,73530,73588,58
walking,73601,73588,73601,13
trotting,73625,73601,73625,24
sniffing,73690,73625,73690,65
walking,73713,73690,73713,23
stepping,73721,73713,73721,8
walking,73757,73721,73757,36
sniffing,73828,73757,73828,71
right_turning,73854,73828,73854,26
walking,73912,73854,73912,58
grooming,74104,73912,74104,192
left_turning,74139,74104,74139,35
sniffing,74188,74139,74188,49
rising,74189,74188,74189,1
rearing,74249,74189,74249,60
sniffing,74360,74249,74360,111
rearing,74361,74360,74361,1
hunching,74465,74361,74465,104
climbing,74508,74465,74508,43
sniffing,74603,74508,74603,95
stepping,74617,74603,74617,14
walking,74622,74617,74622,5
rising,74680,74622,74680,58
climbing,74699,74680,74699,19
walking,74747,74699,74747,48
sniffing,74937,74747,74937,190
walking,74985,74937,74985,48
stepping,75001,74985,75001,16
walking,75002,75001,75002,1
right_turning,75034,75002,75034,32
sniffing,75070,75034,75070,36
walking,75102,75070,75102,32
stepping,75116,75102,75116,14
sniffing,75233,75116,75233,117
walking,75237,75233,75237,4
sniffing,75289,75237,75289,52
walking,75348,75289,75348,59
rising,75349,75348,75349,1
rearing,75399,75349,75399,50
grooming,75673,75399,75673,274
hunching,75674,75673,75674,1
grooming,75853,75674,75853,179
rearing,75929,75853,75929,76
climbing,75984,75929,75984,55
left_turning,76012,75984,76012,28
running,76039,76012,76039,27
trotting,76065,76039,76065,26
stepping,76068,76065,76068,3
sniffing,76069,76068,76069,1
rising,76083,76069,76083,14
walking,76100,76083,76100,17
sniffing,76191,76100,76191,91
walking,76240,76191,76240,49
sniffing,76290,76240,76290,50
climbing,76314,76290,76314,24
running,76326,76314,76326,12
sniffing,76406,76326,76406,80
walking,76436,76406,76436,30
sniffing,76451,76436,76451,15
walking,76454,76451,76454,3
left_turning,76475,76454,76475,21
sniffing,76573,76475,76573,98
rearing,76574,76573,76574,1
running,76615,76574,76615,41
sniffing,76657,76615,76657,42
rising,76670,76657,76670,13
climbing,76713,76670,76713,43
rising,76714,76713,76714,1
rearing,76755,76714,76755,41
climbing,76765,76755,76765,10
left_turning,76834,76765,76834,69
sniffing,76896,76834,76896,62
rearing,76899,76896,76899,3
sniffing,76990,76899,76990,91
rising,77005,76990,77005,15
sniffing,77030,77005,77030,25
walking,77066,77030,77066,36
trotting,77087,77066,77087,21
sniffing,77088,77087,77088,1
left_turning,77135,77088,77135,47
walking,77154,77135,77154,19
rearing,77155,77154,77155,1
grooming,77165,77155,77165,10
left_turning,77200,77165,77200,35
walking,77212,77200,77212,12
grooming,77273,77212,77273,61
sniffing,77328,77273,77328,55
trotting,77368,77328,77368,40
sniffing,77421,77368,77421,53
walking,77457,77421,77457,36
sniffing,77508,77457,77508,51
walking,77527,77508,77527,19
sniffing,77568,77527,77568,41
stepping,77569,77568,77569,1
rising,77586,77569,77586,17
walking,77609,77586,77609,23
sniffing,77660,77609,77660,51
left_turning,77733,77660,77733,73
sniffing,77772,77733,77772,39
grooming,77773,77772,77773,1
scratching,77785,77773,77785,12
grooming,77786,77785,77786,1
sniffing,77853,77786,77853,67
rising,77869,77853,77869,16
trotting,77912,77869,77912,43
rising,77949,77912,77949,37
grooming,78233,77949,78233,284
sniffing,78271,78233,78271,38
left_turning,78279,78271,78279,8
walking,78296,78279,78296,17
sniffing,78376,78296,78376,80
stepping,78396,78376,78396,20
sniffing,78438,78396,78438,42
walking,78466,78438,78466,28
stepping,78489,78466,78489,23
sniffing,78550,78489,78550,61
rearing,78634,78550,78634,84
stepping,78667,78634,78667,33
walking,78677,78667,78677,10
sniffing,78752,78677,78752,75
stepping,78792,78752,78792,40
sniffing,78853,78792,78853,61
grooming,79255,78853,79255,402
climbing,79268,79255,79268,13
left_turning,79269,79268,79269,1
stepping,79309,79269,79309,40
grooming,79368,79309,79368,59
rearing,79369,79368,79369,1
stepping,79375,79369,79375,6
sniffing,79382,79375,79382,7
stepping,79477,79382,79477,95
rising,79544,79477,79544,67
sniffing,79547,79544,79547,3
trotting,79562,79547,79562,15
climbing,79593,79562,79593,31
left_turning,79614,79593,79614,21
walking,79656,79614,79656,42
sniffing,79657,79656,79657,1
rearing,79705,79657,79705,48
rising,79710,79705,79710,5
rearing,79721,79710,79721,11
climbing,79757,79721,79757,36
grooming,79758,79757,79758,1
rearing,79823,79758,79823,65
grooming,79824,79823,79824,1
trotting,79841,79824,79841,17
rising,79937,79841,79937,96
sniffing,79950,79937,79950,13
walking,80011,79950,80011,61
rising,80028,80011,80028,17
hunching,80037,80028,80037,9
grooming,80221,80037,80221,184
left_turning,80228,80221,80228,7
stepping,80247,80228,80247,19
sniffing,80261,80247,80261,14
climbing,80314,80261,80314,53
rising,80361,80314,80361,47
climbing,80362,80361,80362,1
sniffing,80363,80362,80363,1
rising,80384,80363,80384,21
walking,80385,80384,80385,1
stepping,80388,80385,80388,3
running,80426,80388,80426,38
stepping,80448,80426,80448,22
sniffing,80449,80448,80449,1
rising,80485,80449,80485,36
grooming,80643,80485,80643,158
climbing,80678,80643,80678,35
walking,80682,80678,80682,4
sniffing,80717,80682,80717,35
rising,80779,80717,80779,62
sniffing,80809,80779,80809,30
climbing,80831,80809,80831,22
sniffing,80834,80831,80834,3
stepping,80857,80834,80857,23
sniffing,80995,80857,80995,138
walking,81009,80995,81009,14
sniffing,81066,81009,81066,57
rising,81068,81066,81068,2
sniffing,81128,81068,81128,60
grooming,81129,81128,81129,1
sniffing,81184,81129,81184,55
rising,81192,81184,81192,8
grooming,81198,81192,81198,6
trotting,81213,81198,81213,15
stepping,81239,81213,81239,26
rearing,81314,81239,81314,75
climbing,81328,81314,81328,14
grooming,81576,81328,81576,248
climbing,81612,81576,81612,36
trotting,81633,81612,81633,21
sniffing,81634,81633,81634,1
trotting,81689,81634,81689,55
sniffing,81690,81689,81690,1
walking,81691,81690,81691,1
rising,81707,81691,81707,16
sniffing,81778,81707,81778,71
stepping,81859,81778,81859,81
sniffing,81900,81859,81900,41
grooming,82068,81900,82068,168
hunching,82094,82068,82094,26
rearing,82105,82094,82105,11
grooming,82106,82105,82106,1
climbing,82175,82106,82175,69
rearing,82190,82175,82190,15
grooming,82332,82190,82332,142
rearing,82381,82332,82381,49
rising,82482,82381,82482,101
climbing,82543,82482,82543,61
rearing,82544,82543,82544,1
grooming,82698,82544,82698,154
rearing,82699,82698,82699,1
grooming,82705,82699,82705,6
sniffing,82735,82705,82735,30
stepping,82762,82735,82762,27
climbing,82801,82762,82801,39
grooming,83109,82801,83109,308
left_turning,83123,83109,83123,14
stepping,83124,83123,83124,1
walking,83141,83124,83141,17
sniffing,83371,83141,83371,230
stepping,83408,83371,83408,37
climbing,83490,83408,83490,82
right_turning,83521,83490,83521,31
walking,83573,83521,83573,52
trotting,83587,83573,83587,14
walking,83616,83587,83616,29
sniffing,83645,83616,83645,29
rising,83669,83645,83669,24
sniffing,83734,83669,83734,65
rearing,83735,83734,83735,1
rising,83736,83735,83736,1
rearing,83795,83736,83795,59
grooming,83936,83795,83936,141
stepping,83967,83936,83967,31
walking,84004,83967,84004,37
sniffing,84050,84004,84050,46
grooming,84051,84050,84051,1
sniffing,84052,84051,84052,1
left_turning,84053,84052,84053,1
walking,84111,84053,84111,58
grooming,84259,84111,84259,148
hunching,84294,84259,84294,35
left_turning,84295,84294,84295,1
scratching,84349,84295,84349,54
grooming,84518,84349,84518,169
rearing,84732,84518,84732,214
hunching,84733,84732,84733,1
grooming,84876,84733,84876,143
rearing,84877,84876,84877,1
climbing,85022,84877,85022,145
grooming,85023,85022,85023,1
walking,85055,85023,85055,32
stepping,85084,85055,85084,29
walking,85138,85084,85138,54
sniffing,85178,85138,85178,40
grooming,85315,85178,85315,137
scratching,85359,85315,85359,44
grooming,85426,85359,85426,67
rearing,85427,85426,85427,1
left_turning,85457,85427,85457,30
grooming,85638,85457,85638,181
rearing,85690,85638,85690,52
sniffing,85883,85690,85883,193
grooming,85924,85883,85924,41
rearing,85965,85924,85965,41
right_turning,85999,85965,85999,34
stepping,86029,85999,86029,30
left_turning,86037,86029,86037,8
walking,86039,86037,86039,2
rising,86043,86039,86043,4
climbing,86173,86043,86173,130
right_turning,86174,86173,86174,1
walking,86181,86174,86181,7
rearing,86208,86181,86208,27
grooming,86310,86208,86310,102
rearing,86332,86310,86332,22
rising,86405,86332,86405,73
sniffing,86452,86405,86452,47
walking,86478,86452,86478,26
sniffing,86550,86478,86550,72
stepping,86601,86550,86601,51
walking,86641,86601,86641,40
climbing,86750,86641,86750,109
trotting,86779,86750,86779,29
sniffing,86780,86779,86780,1
scratching,86847,86780,86847,67
sniffing,86885,86847,86885,38
stepping,86909,86885,86909,24
rising,86910,86909,86910,1
climbing,86943,86910,86943,33
left_turning,86944,86943,86944,1
sniffing,86983,86944,86983,39
rising,87018,86983,87018,35
grooming,87024,87018,87024,6
sniffing,87025,87024,87025,1
walking,87055,87025,87055,30
sniffing,87076,87055,87076,21
stepping,87134,87076,87134,58
walking,87174,87134,87174,40
sniffing,87256,87174,87256,82
walking,87268,87256,87268,12
stepping,87276,87268,87276,8
sniffing,87282,87276,87282,6
left_turning,87318,87282,87318,36
sniffing,87355,87318,87355,37
hunching,87402,87355,87402,47
sniffing,87416,87402,87416,14
left_turning,87417,87416,87417,1
climbing,87472,87417,87472,55
right_turning,87473,87472,87473,1
rising,87495,87473,87495,22
climbing,87505,87495,87505,10
rearing,87559,87505,87559,54
grooming,87560,87559,87560,1
climbing,87603,87560,87603,43
trotting,87640,87603,87640,37
stepping,87656,87640,87656,16
sniffing,87738,87656,87738,82
grooming,87739,87738,87739,1
stepping,87775,87739,87775,36
left_turning,87806,87775,87806,31
walking,87827,87806,87827,21
stepping,87871,87827,87871,44
climbing,87931,87871,87931,60
sniffing,87965,87931,87965,34
grooming,87966,87965,87966,1
hunching,87967,87966,87967,1
sniffing,88002,87967,88002,35
trotting,88020,88002,88020,18
rising,88076,88020,88076,56
sniffing,88130,88076,88130,54
stepping,88148,88130,88148,18
walking,88157,88148,88157,9
sniffing,88193,88157,88193,36
rearing,88263,88193,88263,70
hunching,88315,88263,88315,52
grooming,88589,88315,88589,274
hunching,88590,88589,88590,1
grooming,88609,88590,88609,19
left_turning,88693,88609,88693,84
sniffing,88694,88693,88694,1
grooming,88695,88694,88695,1
climbing,88755,88695,88755,60
stepping,88791,88755,88791,36
climbing,88812,88791,88812,21
grooming,88813,88812,88813,1
rising,88829,88813,88829,16
stepping,88869,88829,88869,40
walking,88889,88869,88889,20
running,88900,88889,88900,11
sniffing,88965,88900,88965,65
walking,88975,88965,88975,10
grooming,88999,88975,88999,24
left_turning,89068,88999,89068,69
walking,89108,89068,89108,40
climbing,89131,89108,89131,23
right_turning,89157,89131,89157,26
stepping,89225,89157,89225,68
walking,89292,89225,89292,67
stepping,89382,89292,89382,90
sniffing,89439,89382,89439,57
stepping,89487,89439,89487,48
trotting,89525,89487,89525,38
walking,89531,89525,89531,6
stepping,89584,89531,89584,53
rising,89616,89584,89616,32
climbing,89630,89616,89630,14
grooming,89738,89630,89738,108
rising,89792,89738,89792,54
right_turning,89849,89792,89849,57
walking,89878,89849,89878,29
sniffing,89910,89878,89910,32
rising,89911,89910,89911,1
sniffing,89963,89911,89963,52
rising,89979,89963,89979,16
climbing,90025,89979,90025,46
grooming,90026,90025,90026,1
rearing,90081,90026,90081,55
right_turning,90087,90081,90087,6
rising,90114,90087,90114,27
sniffing,90216,90114,90216,102
scratching,90274,90216,90274,58
sniffing,90335,90274,90335,61
rising,90361,90335,90361,26
climbing,90470,90361,90470,109
rearing,90564,90470,90564,94
rising,90627,90564,90627,63
sniffing,90877,90627,90877,250
grooming,90878,90877,90878,1
right_turning,90885,90878,90885,7
stepping,90897,90885,90897,12
grooming,91043,90897,91043,146
rearing,91049,91043,91049,6
right_turning,91061,91049,91061,12
walking,91067,91061,91067,6
sniffing,91170,91067,91170,103
right_turning,91191,91170,91191,21
scratching,91264,91191,91264,73
grooming,91273,91264,91273,9
left_turning,91318,91273,91318,45
walking,91322,91318,91322,4
sniffing,91323,91322,91323,1
grooming,91490,91323,91490,167
hunching,91531,91490,91531,41
grooming,91616,91531,91616,85
rising,91681,91616,91681,65
sniffing,91682,91681,91682,1
left_turning,91709,91682,91709,27
walking,91729,91709,91729,20
left_turning,91777,91729,91777,48
climbing,91805,91777,91805,28
stepping,91835,91805,91835,30
grooming,91891,91835,91891,56
rising,91908,91891,91908,17
rearing,91966,91908,91966,58
sniffing,91991,91966,91991,25
grooming,92205,91991,92205,214
rearing,92372,92205,92372,167
stepping,92436,92372,92436,64
rearing,92498,92436,92498,62
climbing,92540,92498,92540,42
stepping,92570,92540,92570,30
climbing,92623,92570,92623,53
running,92656,92623,92656,33
trotting,92697,92656,92697,41
stepping,92743,92697,92743,46
walking,92797,92743,92797,54
running,92830,92797,92830,33
sniffing,92834,92830,92834,4
rearing,92871,92834,92871,37
rising,92908,92871,92908,37
stepping,92912,92908,92912,4
rising,92937,92912,92937,25
rearing,92993,92937,92993,56
walking,93009,92993,93009,16
rearing,93049,93009,93049,40
rising,93069,93049,93069,20
sniffing,93197,93069,93197,128
stepping,93235,93197,93235,38
walking,93249,93235,93249,14
trotting,93250,93249,93250,1
sniffing,93322,93250,93322,72
scratching,93407,93322,93407,85
sniffing,93425,93407,93425,18
left_turning,93490,93425,93490,65
sniffing,93491,93490,93491,1
grooming,93986,93491,93986,495
rearing,94187,93986,94187,201
walking,94189,94187,94189,2
rising,94222,94189,94222,33
hunching,94258,94222,94258,36
left_turning,94298,94258,94298,40
right_turning,94305,94298,94305,7
stepping,94354,94305,94354,49
rearing,94383,94354,94383,29
stepping,94414,94383,94414,31
grooming,94555,94414,94555,141
scratching,94597,94555,94597,42
sniffing,94659,94597,94659,62
walking,94715,94659,94715,56
sniffing,94716,94715,94716,1
grooming,94717,94716,94717,1
walking,94738,94717,94738,21
rising,94740,94738,94740,2
left_turning,94897,94740,94897,157
stepping,94910,94897,94910,13
sniffing,94931,94910,94931,21
rearing,94981,94931,94981,50
grooming,94982,94981,94982,1
left_turning,95020,94982,95020,38
grooming,95809,95020,95809,789
sniffing,95810,95809,95810,1
right_turning,95840,95810,95840,30
sniffing,95955,95840,95955,115
grooming,96260,95955,96260,305
rearing,96326,96260,96326,66
stepping,96330,96326,96330,4
grooming,96483,96330,96483,153
climbing,96505,96483,96505,22
rearing,96506,96505,96506,1
walking,96507,96506,96507,1
rising,96553,96507,96553,46
grooming,96624,96553,96624,71
running,96649,96624,96649,25
trotting,96670,96649,96670,21
walking,96676,96670,96676,6
rising,96697,96676,96697,21
climbing,96740,96697,96740,43
rearing,96783,96740,96783,43
sniffing,96794,96783,96794,11
walking,96834,96794,96834,40
sniffing,96894,96834,96894,60
rising,96913,96894,96913,19
trotting,96962,96913,96962,49
rearing,97026,96962,97026,64
sniffing,97027,97026,97027,1
walking,97054,97027,97054,27
climbing,97096,97054,97096,42
rising,97126,97096,97126,30
rearing,97129,97126,97129,3
rising,97145,97129,97145,16
sniffing,97163,97145,97163,18
grooming,97229,97163,97229,66
left_turning,97258,97229,97258,29
sniffing,97262,97258,97262,4
stepping,97264,97262,97264,2
rearing,97299,97264,97299,35
stepping,97357,97299,97357,58
sniffing,97358,97357,97358,1
stepping,97385,97358,97385,27
sniffing,97391,97385,97391,6
walking,97408,97391,97408,17
stepping,97431,97408,97431,23
trotting,97463,97431,97463,32
walking,97497,97463,97497,34
sniffing,97498,97497,97498,1
rising,97547,97498,97547,49
walking,97608,97547,97608,61
sniffing,97643,97608,97643,35
rising,97673,97643,97673,30
rearing,97826,97673,97826,153
rising,97827,97826,97827,1
rearing,97839,97827,97839,12
grooming,97840,97839,97840,1
right_turning,97857,97840,97857,17
stepping,97869,97857,97869,12
sniffing,97894,97869,97894,25
stepping,97916,97894,97916,22
walking,97937,97916,97937,21
rising,97960,97937,97960,23
rearing,98018,97960,98018,58
walking,98054,98018,98054,36
climbing,98082,98054,98082,28
running,98088,98082,98088,6
left_turning,98172,98088,98172,84
climbing,98200,98172,98200,28
walking,98201,98200,98201,1
sniffing,98202,98201,98202,1
rising,98205,98202,98205,3
stepping,98222,98205,98222,17
climbing,98266,98222,98266,44
grooming,98267,98266,98267,1
climbing,98301,98267,98301,34
left_turning,98302,98301,98302,1
walking,98318,98302,98318,16
stepping,98319,98318,98319,1
walking,98327,98319,98327,8
sniffing,98399,98327,98399,72
rising,98445,98399,98445,46
climbing,98486,98445,98486,41
walking,98496,98486,98496,10
sniffing,98589,98496,98589,93
right_turning,98625,98589,98625,36
walking,98626,98625,98626,1
sniffing,98627,98626,98627,1
rising,98628,98627,98628,1
grooming,98778,98628,98778,150
rising,98786,98778,98786,8
sniffing,98787,98786,98787,1
left_turning,98807,98787,98807,20
sniffing,98856,98807,98856,49
rising,98877,98856,98877,21
grooming,99048,98877,99048,171
left_turning,99090,99048,99090,42
walking,99114,99090,99114,24
sniffing,99187,99114,99187,73
stepping,99216,99187,99216,29
rearing,99225,99216,99225,9
grooming,99412,99225,99412,187
sniffing,99430,99412,99430,18
walking,99453,99430,99453,23
sniffing,99553,99453,99553,100
left_turning,99594,99553,99594,41
grooming,99627,99594,99627,33
scratching,99676,99627,99676,49
grooming,99739,99676,99739,63
rearing,99740,99739,99740,1
stepping,99762,99740,99762,22
left_turning,99766,99762,99766,4
scratching,99823,99766,99823,57
sniffing,99847,99823,99847,24
trotting,99856,99847,99856,9
sniffing,99879,99856,99879,23
grooming,99880,99879,99880,1
rearing,99881,99880,99881,1
climbing,99944,99881,99944,63
left_turning,100000,99944,100000,56
rising,100027,100000,100027,27
left_turning,100097,100027,100097,70
rising,100130,100097,100130,33
climbing,100131,100130,100131,1
rearing,100132,100131,100132,1
climbing,100211,100132,100211,79
sniffing,100288,100211,100288,77
walking,100301,100288,100301,13
sniffing,100302,100301,100302,1
walking,100346,100302,100346,44
rising,100394,100346,100394,48
grooming,100441,100394,100441,47
left_turning,100442,100441,100442,1
stepping,100478,100442,100478,36
rising,100500,100478,100500,22
rearing,100552,100500,100552,52
sniffing,100553,100552,100553,1
rising,100554,100553,100554,1
walking,100584,100554,100584,30
sniffing,100603,100584,100603,19
rising,100629,100603,100629,26
grooming,100630,100629,100630,1
scratching,100686,100630,100686,56
grooming,100695,100686,100695,9
right_turning,100711,100695,100711,16
stepping,100727,100711,100727,16
sniffing,100737,100727,100737,10
walking,100775,100737,100775,38
stepping,100784,100775,100784,9
rising,100791,100784,100791,7
climbing,100821,100791,100821,30
rearing,101072,100821,101072,251
grooming,101462,101072,101462,390
left_turning,101486,101462,101486,24
sniffing,101534,101486,101534,48
walking,101560,101534,101560,26
sniffing,101669,101560,101669,109
stepping,101670,101669,101670,1
walking,101705,101670,101705,35
sniffing,101847,101705,101847,142
rising,101848,101847,101848,1
rearing,101864,101848,101864,16
left_turning,101865,101864,101865,1
trotting,101923,101865,101923,58
sniffing,101927,101923,101927,4
grooming,102250,101927,102250,323
rising,102311,102250,102311,61
rearing,102345,102311,102345,34
left_turning,102404,102345,102404,59
sniffing,102491,102404,102491,87
rising,102493,102491,102493,2
sniffing,102494,102493,102494,1
walking,102523,102494,102523,29
sniffing,102564,102523,102564,41
stepping,102587,102564,102587,23
sniffing,102674,102587,102674,87
left_turning,102724,102674,102724,50
walking,102757,102724,102757,33
stepping,102778,102757,102778,21
walking,102779,102778,102779,1
sniffing,102783,102779,102783,4
grooming,102848,102783,102848,65
left_turning,102859,102848,102859,11
climbing,102896,102859,102896,37
walking,102927,102896,102927,31
stepping,102961,102927,102961,34
sniffing,103062,102961,103062,101
walking,103063,103062,103063,1
rising,103106,103063,103106,43
left_turning,103182,103106,103182,76
sniffing,103202,103182,103202,20
stepping,103208,103202,103208,6
sniffing,103334,103208,103334,126
rising,103380,103334,103380,46
hunching,103616,103380,103616,236
rearing,103617,103616,103617,1
grooming,103906,103617,103906,289
hunching,104181,103906,104181,275
grooming,104182,104181,104182,1
stepping,104217,104182,104217,35
left_turning,104232,104217,104232,15
stepping,104233,104232,104233,1
sniffing,104247,104233,104247,14
climbing,104275,104247,104275,28
left_turning,104313,104275,104313,38
sniffing,104339,104313,104339,26
walking,104363,104339,104363,24
sniffing,104441,104363,104441,78
grooming,104507,104441,104507,66
sniffing,104628,104507,104628,121
rising,104649,104628,104649,21
climbing,104722,104649,104722,73
rising,104772,104722,104772,50
grooming,105290,104772,105290,518
rearing,105397,105290,105397,107
stepping,105448,105397,105448,51
walking,105515,105448,105515,67
sniffing,105637,105515,105637,122
stepping,105651,105637,105651,14
rearing,105959,105651,105959,308
sniffing,105976,105959,105976,17
right_turning,106007,105976,106007,31
stepping,106032,106007,106032,25
grooming,106033,106032,106033,1
walking,106077,106033,106077,44
stepping,106083,106077,106083,6
sniffing,106132,106083,106132,49
walking,106159,106132,106159,27
sniffing,106218,106159,106218,59
grooming,106357,106218,106357,139
walking,106381,106357,106381,24
sniffing,106425,106381,106425,44
stepping,106464,106425,106464,39
walking,106503,106464,106503,39
rearing,106593,106503,106593,90
sniffing,106698,106593,106698,105
stepping,106699,106698,106699,1
rearing,106776,106699,106776,77
rising,106905,106776,106905,129
sniffing,106906,106905,106906,1
walking,107020,106906,107020,114
sniffing,107062,107020,107062,42
left_turning,107093,107062,107093,31
stepping,107135,107093,107135,42
trotting,107152,107135,107152,17
walking,107170,107152,107170,18
grooming,107204,107170,107204,34
rearing,107252,107204,107252,48
walking,107285,107252,107285,33
rising,107293,107285,107293,8
grooming,107465,107293,107465,172
rearing,107565,107465,107565,100
grooming,107688,107565,107688,123
sniffing,107698,107688,107698,10
grooming,107748,107698,107748,50
climbing,107794,107748,107794,46
running,107809,107794,107809,15
trotting,107838,107809,107838,29
climbing,107839,107838,107839,1
grooming,107894,107839,107894,55
sniffing,107950,107894,107950,56
climbing,107993,107950,107993,43
rising,107994,107993,107994,1
stepping,108000,107994,108000,6
