revised_movement_label,segBoundary,segBoundary_start,segBoundary_end,length
sniffing,17,0,17,17
rising,35,17,35,18
rearing,36,35,36,1
grooming,37,36,37,1
stepping,51,37,51,14
sniffing,80,51,80,29
rising,174,80,174,94
left_turning,180,174,180,6
walking,224,180,224,44
sniffing,236,224,236,12
rearing,299,236,299,63
rising,313,299,313,14
climbing,377,313,377,64
grooming,378,377,378,1
left_turning,421,378,421,43
sniffing,474,421,474,53
rising,497,474,497,23
rearing,598,497,598,101
stepping,626,598,626,28
rising,627,626,627,1
left_turning,648,627,648,21
sniffing,703,648,703,55
left_turning,741,703,741,38
stepping,765,741,765,24
sniffing,795,765,795,30
walking,821,795,821,26
sniffing,833,821,833,12
walking,848,833,848,15
sniffing,924,848,924,76
walking,925,924,925,1
rising,954,925,954,29
stepping,1001,954,1001,47
walking,1033,1001,1033,32
trotting,1083,1033,1083,50
running,1092,1083,1092,9
stepping,1108,1092,1108,16
rising,1121,1108,1121,13
sniffing,1159,1121,1159,38
grooming,1279,1159,1279,120
right_turning,1313,1279,1313,34
walking,1395,1313,1395,82
sniffing,1450,1395,1450,55
rising,1497,1450,1497,47
left_turning,1511,1497,1511,14
stepping,1538,1511,1538,27
walking,1599,1538,1599,61
rising,1628,1599,1628,29
sniffing,1657,1628,1657,29
rearing,1696,1657,1696,39
sniffing,1697,1696,1697,1
right_turning,1716,1697,1716,19
sniffing,1717,1716,1717,1
rising,1718,1717,1718,1
grooming,1781,1718,1781,63
rising,1782,1781,1782,1
stepping,1807,1782,1807,25
walking,1826,1807,1826,19
sniffing,1878,1826,1878,52
stepping,1890,1878,1890,12
rising,1907,1890,1907,17
grooming,2376,1907,2376,469
sniffing,2380,2376,2380,4
rising,2419,2380,2419,39
rearing,2501,2419,2501,82
rising,2581,2501,2581,80
rearing,2637,2581,2637,56
left_turning,2638,2637,2638,1
running,2656,2638,2656,18
trotting,2674,2656,2674,18
walking,2687,2674,2687,13
stepping,2718,2687,2718,31
running,2753,2718,2753,35
trotting,2775,2753,2775,22
walking,2817,2775,2817,42
sniffing,2832,2817,2832,15
walking,2840,2832,2840,8
stepping,2897,2840,2897,57
rearing,2912,2897,2912,15
grooming,2989,2912,2989,77
hunching,3051,2989,3051,62
left_turning,3075,3051,3075,24
sniffing,3109,3075,3109,34
stepping,3119,3109,3119,10
walking,3147,3119,3147,28
trotting,3179,3147,3179,32
sniffing,3247,3179,3247,68
climbing,3294,3247,3294,47
left_turning,3342,3294,3342,48
sniffing,3422,3342,3422,80
grooming,3442,3422,3442,20
left_turning,3449,3442,3449,7
grooming,3450,3449,3450,1
right_turning,3452,3450,3452,2
rising,3459,3452,3459,7
trotting,3480,3459,3480,21
stepping,3517,3480,3517,37
rising,3619,3517,3619,102
sniffing,3676,3619,3676,57
walking,3698,3676,3698,22
sniffing,3870,3698,3870,172
rising,3924,3870,3924,54
climbing,3965,3924,3965,41
hunching,3966,3965,3966,1
grooming,3967,3966,3967,1
climbing,4013,3967,4013,46
left_turning,4038,4013,4038,25
right_turning,4048,4038,4048,10
walking,4068,4048,4068,20
rising,4089,4068,4089,21
sniffing,4130,4089,4130,41
running,4165,4130,4165,35
stepping,4200,4165,4200,35
walking,4253,4200,4253,53
stepping,4300,4253,4300,47
sniffing,4388,4300,4388,88
rearing,4516,4388,4516,128
grooming,4652,4516,4652,136
stepping,4709,4652,4709,57
trotting,4759,4709,4759,50
walking,4815,4759,4815,56
sniffing,4852,4815,4852,37
rearing,4907,4852,4907,55
walking,4908,4907,4908,1
trotting,4934,4908,4934,26
running,4968,4934,4968,34
sniffing,4973,4968,4973,5
left_turning,5000,4973,5000,27
trotting,5023,5000,5023,23
rising,5025,5023,5025,2
left_turning,5050,5025,5050,25
walking,5051,5050,5051,1
trotting,5069,5051,5069,18
rearing,5083,5069,5083,14
sniffing,5123,5083,5123,40
stepping,5160,5123,5160,37
sniffing,5167,5160,5167,7
stepping,5169,5167,5169,2
walking,5209,5169,5209,40
trotting,5247,5209,5247,38
sniffing,5286,5247,5286,39
walking,5298,5286,5298,12
sniffing,5299,5298,5299,1
walking,5365,5299,5365,66
rising,5375,5365,5375,10
sniffing,5376,5375,5376,1
grooming,5694,5376,5694,318
left_turning,5713,5694,5713,19
running,5738,5713,5738,25
sniffing,5882,5738,5882,144
rising,5883,5882,5883,1
trotting,5897,5883,5897,14
sniffing,5935,5897,5935,38
walking,5994,5935,5994,59
stepping,6095,5994,6095,101
rising,6127,6095,6127,32
walking,6163,6127,6163,36
sniffing,6181,6163,6181,18
walking,6198,6181,6198,17
sniffing,6199,6198,6199,1
rearing,6264,6199,6264,65
grooming,6304,6264,6304,40
hunching,6457,6304,6457,153
running,6497,6457,6497,40
trotting,6510,6497,6510,13
sniffing,6568,6510,6568,58
right_turning,6585,6568,6585,17
sniffing,6593,6585,6593,8
rising,6641,6593,6641,48
climbing,6682,6641,6682,41
grooming,6835,6682,6835,153
climbing,6896,6835,6896,61
left_turning,6925,6896,6925,29
sniffing,6926,6925,6926,1
grooming,6927,6926,6927,1
stepping,6943,6927,6943,16
rising,6955,6943,6955,12
walking,6990,6955,6990,35
stepping,7026,6990,7026,36
walking,7027,7026,7027,1
rearing,7216,7027,7216,189
climbing,7269,7216,7269,53
right_turning,7280,7269,7280,11
rising,7319,7280,7319,39
climbing,7340,7319,7340,21
rearing,7411,7340,7411,71
grooming,7526,7411,7526,115
left_turning,7527,7526,7527,1
stepping,7528,7527,7528,1
walking,7568,7528,7568,40
rising,7604,7568,7604,36
walking,7656,7604,7656,52
stepping,7729,7656,7729,73
right_turning,7745,7729,7745,16
sniffing,7775,7745,7775,30
walking,7818,7775,7818,43
sniffing,7848,7818,7848,30
walking,7947,7848,7947,99
sniffing,7998,7947,7998,51
stepping,7999,7998,7999,1
sniffing,8000,7999,8000,1
trotting,8025,8000,8025,25
walking,8138,8025,8138,113
stepping,8168,8138,8168,30
rising,8194,8168,8194,26
left_turning,8216,8194,8216,22
sniffing,8232,8216,8232,16
running,8272,8232,8272,40
walking,8315,8272,8315,43
trotting,8340,8315,8340,25
walking,8341,8340,8341,1
sniffing,8360,8341,8360,19
left_turning,8421,8360,8421,61
walking,8444,8421,8444,23
left_turning,8494,8444,8494,50
trotting,8500,8494,8500,6
sniffing,8632,8500,8632,132
rising,8676,8632,8676,44
left_turning,8704,8676,8704,28
stepping,8728,8704,8728,24
sniffing,8775,8728,8775,47
rising,8835,8775,8835,60
sniffing,8854,8835,8854,19
rearing,8952,8854,8952,98
climbing,9001,8952,9001,49
left_turning,9030,9001,9030,29
sniffing,9085,9030,9085,55
walking,9096,9085,9096,11
stepping,9153,9096,9153,57
walking,9181,9153,9181,28
grooming,9940,9181,9940,759
rearing,10091,9940,10091,151
hunching,10171,10091,10171,80
grooming,10172,10171,10172,1
running,10173,10172,10173,1
climbing,10213,10173,10213,40
grooming,10214,10213,10214,1
sniffing,10233,10214,10233,19
right_turning,10265,10233,10265,32
sniffing,10289,10265,10289,24
walking,10323,10289,10323,34
stepping,10360,10323,10360,37
grooming,11486,10360,11486,1126
left_turning,11538,11486,11538,52
walking,11573,11538,11573,35
stepping,11631,11573,11631,58
grooming,11660,11631,11660,29
climbing,11733,11660,11733,73
grooming,11734,11733,11734,1
rearing,11747,11734,11747,13
rising,11782,11747,11782,35
grooming,11888,11782,11888,106
stepping,11927,11888,11927,39
sniffing,11981,11927,11981,54
grooming,12049,11981,12049,68
trotting,12074,12049,12074,25
stepping,12075,12074,12075,1
grooming,12262,12075,12262,187
rearing,12340,12262,12340,78
climbing,12384,12340,12384,44
rising,12426,12384,12426,42
climbing,12434,12426,12434,8
grooming,12435,12434,12435,1
rising,12464,12435,12464,29
sniffing,12636,12464,12636,172
climbing,12688,12636,12688,52
grooming,12689,12688,12689,1
left_turning,12715,12689,12715,26
hunching,12716,12715,12716,1
grooming,12900,12716,12900,184
rearing,13071,12900,13071,171
hunching,13072,13071,13072,1
grooming,13388,13072,13388,316
rearing,13409,13388,13409,21
hunching,13471,13409,13471,62
grooming,13472,13471,13472,1
climbing,13479,13472,13479,7
walking,13480,13479,13480,1
grooming,13527,13480,13527,47
rearing,13528,13527,13528,1
grooming,14435,13528,14435,907
sniffing,14436,14435,14436,1
rising,14489,14436,14489,53
left_turning,14509,14489,14509,20
sniffing,14530,14509,14530,21
grooming,14531,14530,14531,1
rising,14595,14531,14595,64
sniffing,14622,14595,14622,27
stepping,14656,14622,14656,34
rising,14711,14656,14711,55
climbing,14770,14711,14770,59
grooming,14771,14770,14771,1
rising,14818,14771,14818,47
walking,14851,14818,14851,33
stepping,14901,14851,14901,50
sniffing,14943,14901,14943,42
rising,14962,14943,14962,19
sniffing,14992,14962,14992,30
rising,15023,14992,15023,31
stepping,15052,15023,15052,29
sniffing,15119,15052,15119,67
grooming,15306,15119,15306,187
stepping,15340,15306,15340,34
sniffing,15341,15340,15341,1
climbing,15402,15341,15402,61
rearing,15413,15402,15413,11
walking,15433,15413,15433,20
stepping,15457,15433,15457,24
walking,15476,15457,15476,19
sniffing,15485,15476,15485,9
walking,15517,15485,15517,32
grooming,15640,15517,15640,123
stepping,15678,15640,15678,38
walking,15712,15678,15712,34
sniffing,15771,15712,15771,59
grooming,15772,15771,15772,1
rearing,15809,15772,15809,37
rising,15848,15809,15848,39
grooming,15849,15848,15849,1
rising,15850,15849,15850,1
walking,15880,15850,15880,30
sniffing,15927,15880,15927,47
stepping,15942,15927,15942,15
walking,15959,15942,15959,17
stepping,15960,15959,15960,1
sniffing,15981,15960,15981,21
rising,15982,15981,15982,1
walking,16019,15982,16019,37
sniffing,16050,16019,16050,31
stepping,16054,16050,16054,4
walking,16060,16054,16060,6
stepping,16088,16060,16088,28
sniffing,16150,16088,16150,62
walking,16213,16150,16213,63
stepping,16241,16213,16241,28
walking,16251,16241,16251,10
right_turning,16259,16251,16259,8
left_turning,16298,16259,16298,39
sniffing,16353,16298,16353,55
stepping,16372,16353,16372,19
grooming,16525,16372,16525,153
climbing,16531,16525,16531,6
grooming,16805,16531,16805,274
sniffing,16818,16805,16818,13
walking,16852,16818,16852,34
stepping,16882,16852,16882,30
sniffing,16928,16882,16928,46
stepping,16948,16928,16948,20
rearing,16949,16948,16949,1
sniffing,16950,16949,16950,1
left_turning,16960,16950,16960,10
grooming,17243,16960,17243,283
hunching,17349,17243,17349,106
rearing,17350,17349,17350,1
hunching,17371,17350,17371,21
walking,17411,17371,17411,40
stepping,17443,17411,17443,32
grooming,17444,17443,17444,1
rearing,17517,17444,17517,73
grooming,17544,17517,17544,27
rearing,17545,17544,17545,1
grooming,17623,17545,17623,78
trotting,17679,17623,17679,56
walking,17708,17679,17708,29
rising,17855,17708,17855,147
grooming,17856,17855,17856,1
running,17899,17856,17899,43
grooming,18008,17899,18008,109
climbing,18042,18008,18042,34
left_turning,18046,18042,18046,4
sniffing,18047,18046,18047,1
grooming,18188,18047,18188,141
rearing,18189,18188,18189,1
climbing,18200,18189,18200,11
stepping,18220,18200,18220,20
trotting,18254,18220,18254,34
stepping,18290,18254,18290,36
walking,18305,18290,18305,15
sniffing,18306,18305,18306,1
stepping,18326,18306,18326,20
sniffing,18334,18326,18334,8
stepping,18372,18334,18372,38
walking,18379,18372,18379,7
sniffing,18380,18379,18380,1
stepping,18386,18380,18386,6
climbing,18411,18386,18411,25
grooming,18681,18411,18681,270
sniffing,18689,18681,18689,8
rising,18733,18689,18733,44
climbing,18766,18733,18766,33
walking,18768,18766,18768,2
sniffing,18776,18768,18776,8
rising,18848,18776,18848,72
climbing,18873,18848,18873,25
rising,18945,18873,18945,72
stepping,18965,18945,18965,20
sniffing,18981,18965,18981,16
rising,19053,18981,19053,72
climbing,19108,19053,19108,55
grooming,19109,19108,19109,1
stepping,19155,19109,19155,46
walking,19196,19155,19196,41
rearing,19215,19196,19215,19
stepping,19220,19215,19220,5
rearing,19266,19220,19266,46
hunching,19335,19266,19335,69
stepping,19341,19335,19341,6
sniffing,19342,19341,19342,1
hunching,19397,19342,19397,55
left_turning,19406,19397,19406,9
walking,19435,19406,19435,29
stepping,19477,19435,19477,42
sniffing,19532,19477,19532,55
left_turning,19591,19532,19591,59
trotting,19605,19591,19605,14
walking,19634,19605,19634,29
sniffing,19687,19634,19687,53
rising,19757,19687,19757,70
left_turning,19781,19757,19781,24
sniffing,19815,19781,19815,34
stepping,19825,19815,19825,10
rising,19845,19825,19845,20
climbing,19920,19845,19920,75
left_turning,19960,19920,19960,40
scratching,19967,19960,19967,7
sniffing,19985,19967,19985,18
rising,20021,19985,20021,36
climbing,20059,20021,20059,38
stepping,20087,20059,20087,28
grooming,20108,20087,20108,21
left_turning,20118,20108,20118,10
trotting,20177,20118,20177,59
walking,20179,20177,20179,2
stepping,20180,20179,20180,1
walking,20235,20180,20235,55
sniffing,20236,20235,20236,1
climbing,20292,20236,20292,56
sniffing,20293,20292,20293,1
rearing,20303,20293,20303,10
grooming,20328,20303,20328,25
sniffing,20370,20328,20370,42
walking,20371,20370,20371,1
sniffing,20416,20371,20416,45
stepping,20449,20416,20449,33
running,20475,20449,20475,26
stepping,20508,20475,20508,33
climbing,20546,20508,20546,38
grooming,20547,20546,20547,1
hunching,20548,20547,20548,1
rearing,20567,20548,20567,19
sniffing,20601,20567,20601,34
rising,20617,20601,20617,16
grooming,20710,20617,20710,93
stepping,20746,20710,20746,36
climbing,20780,20746,20780,34
right_turning,20781,20780,20781,1
sniffing,20795,20781,20795,14
walking,20810,20795,20810,15
trotting,20858,20810,20858,48
sniffing,20889,20858,20889,31
walking,20902,20889,20902,13
left_turning,20960,20902,20960,58
stepping,21000,20960,21000,40
trotting,21030,21000,21030,30
sniffing,21094,21030,21094,64
rearing,21096,21094,21096,2
grooming,21135,21096,21135,39
sniffing,21175,21135,21175,40
stepping,21176,21175,21176,1
right_turning,21204,21176,21204,28
sniffing,21235,21204,21235,31
stepping,21272,21235,21272,37
walking,21361,21272,21361,89
stepping,21374,21361,21374,13
grooming,21375,21374,21375,1
rising,21388,21375,21388,13
sniffing,21427,21388,21427,39
grooming,21428,21427,21428,1
right_turning,21456,21428,21456,28
stepping,21483,21456,21483,27
rearing,21534,21483,21534,51
grooming,21739,21534,21739,205
rearing,21807,21739,21807,68
grooming,21834,21807,21834,27
right_turning,21864,21834,21864,30
stepping,21901,21864,21901,37
climbing,21941,21901,21941,40
running,21982,21941,21982,41
sniffing,21983,21982,21983,1
right_turning,21991,21983,21991,8
stepping,22034,21991,22034,43
sniffing,22044,22034,22044,10
rising,22072,22044,22072,28
sniffing,22076,22072,22076,4
grooming,22537,22076,22537,461
rising,22552,22537,22552,15
walking,22553,22552,22553,1
sniffing,22589,22553,22589,36
rising,22590,22589,22590,1
walking,22623,22590,22623,33
stepping,22683,22623,22683,60
sniffing,22770,22683,22770,87
stepping,22862,22770,22862,92
sniffing,22905,22862,22905,43
walking,22906,22905,22906,1
sniffing,23022,22906,23022,116
trotting,23063,23022,23063,41
walking,23077,23063,23077,14
sniffing,23138,23077,23138,61
right_turning,23154,23138,23154,16
stepping,23155,23154,23155,1
walking,23163,23155,23163,8
sniffing,23164,23163,23164,1
stepping,23165,23164,23165,1
rising,23208,23165,23208,43
walking,23251,23208,23251,43
sniffing,23254,23251,23254,3
walking,23259,23254,23259,5
stepping,23271,23259,23271,12
walking,23286,23271,23286,15
stepping,23317,23286,23317,31
walking,23348,23317,23348,31
sniffing,23376,23348,23376,28
running,23398,23376,23398,22
walking,23457,23398,23457,59
hunching,23579,23457,23579,122
trotting,23601,23579,23601,22
stepping,23631,23601,23631,30
sniffing,23633,23631,23633,2
rising,23653,23633,23653,20
walking,23656,23653,23656,3
sniffing,23694,23656,23694,38
grooming,23695,23694,23695,1
left_turning,23730,23695,23730,35
walking,23749,23730,23749,19
sniffing,23761,23749,23761,12
rising,23779,23761,23779,18
walking,23807,23779,23807,28
stepping,23847,23807,23847,40
walking,23867,23847,23867,20
stepping,23901,23867,23901,34
sniffing,23953,23901,23953,52
stepping,23969,23953,23969,16
rising,24029,23969,24029,60
walking,24052,24029,24052,23
sniffing,24100,24052,24100,48
rising,24140,24100,24140,40
left_turning,24150,24140,24150,10
sniffing,24239,24150,24239,89
right_turning,24277,24239,24277,38
sniffing,24358,24277,24358,81
grooming,24421,24358,24421,63
hunching,24447,24421,24447,26
rearing,24601,24447,24601,154
stepping,24608,24601,24608,7
grooming,24768,24608,24768,160
sniffing,24831,24768,24831,63
trotting,24853,24831,24853,22
running,24881,24853,24881,28
left_turning,24932,24881,24932,51
stepping,24940,24932,24940,8
rearing,25089,24940,25089,149
climbing,25152,25089,25152,63
grooming,25279,25152,25279,127
walking,25288,25279,25288,9
sniffing,25398,25288,25398,110
walking,25406,25398,25406,8
sniffing,25442,25406,25442,36
walking,25444,25442,25444,2
stepping,25478,25444,25478,34
right_turning,25521,25478,25521,43
sniffing,25522,25521,25522,1
climbing,25555,25522,25555,33
rearing,25698,25555,25698,143
walking,25737,25698,25737,39
grooming,25738,25737,25738,1
walking,25755,25738,25755,17
stepping,25854,25755,25854,99
walking,25877,25854,25877,23
stepping,25883,25877,25883,6
walking,25909,25883,25909,26
stepping,25955,25909,25955,46
rising,25984,25955,25984,29
grooming,26067,25984,26067,83
hunching,26088,26067,26088,21
trotting,26135,26088,26135,47
stepping,26149,26135,26149,14
rearing,26263,26149,26263,114
climbing,26322,26263,26322,59
left_turning,26352,26322,26352,30
walking,26470,26352,26470,118
stepping,26574,26470,26574,104
grooming,26575,26574,26575,1
hunching,26629,26575,26629,54
rearing,26652,26629,26652,23
sniffing,26686,26652,26686,34
stepping,26687,26686,26687,1
trotting,26698,26687,26698,11
sniffing,26730,26698,26730,32
right_turning,26753,26730,26753,23
stepping,26798,26753,26798,45
sniffing,26834,26798,26834,36
walking,26842,26834,26842,8
sniffing,26873,26842,26873,31
right_turning,26874,26873,26874,1
sniffing,26916,26874,26916,42
grooming,26917,26916,26917,1
stepping,26953,26917,26953,36
sniffing,27015,26953,27015,62
stepping,27033,27015,27033,18
sniffing,27088,27033,27088,55
rising,27131,27088,27131,43
climbing,27206,27131,27206,75
stepping,27213,27206,27213,7
grooming,27214,27213,27214,1
climbing,27215,27214,27215,1
rearing,27227,27215,27227,12
grooming,27228,27227,27228,1
rearing,27287,27228,27287,59
stepping,27292,27287,27292,5
sniffing,27324,27292,27324,32
climbing,27395,27324,27395,71
walking,27422,27395,27422,27
sniffing,27493,27422,27493,71
stepping,27520,27493,27520,27
sniffing,27593,27520,27593,73
stepping,27613,27593,27613,20
sniffing,27686,27613,27686,73
rising,27687,27686,27687,1
grooming,27708,27687,27708,21
hunching,27903,27708,27903,195
walking,27927,27903,27927,24
sniffing,27949,27927,27949,22
left_turning,27966,27949,27966,17
right_turning,27978,27966,27978,12
walking,27995,27978,27995,17
sniffing,28020,27995,28020,25
rising,28074,28020,28074,54
walking,28106,28074,28106,32
stepping,28152,28106,28152,46
grooming,28240,28152,28240,88
hunching,28312,28240,28312,72
trotting,28355,28312,28355,43
sniffing,28374,28355,28374,19
running,28423,28374,28423,49
stepping,28436,28423,28436,13
grooming,28597,28436,28597,161
hunching,28688,28597,28688,91
grooming,28689,28688,28689,1
sniffing,28732,28689,28732,43
rising,28822,28732,28822,90
climbing,28879,28822,28879,57
grooming,28902,28879,28902,23
rearing,28923,28902,28923,21
grooming,29151,28923,29151,228
climbing,29241,29151,29241,90
rising,29259,29241,29259,18
hunching,29335,29259,29335,76
rearing,29336,29335,29336,1
left_turning,29363,29336,29363,27
stepping,29420,29363,29420,57
walking,29429,29420,29429,9
right_turning,29443,29429,29443,14
running,29476,29443,29476,33
right_turning,29477,29476,29477,1
sniffing,29503,29477,29503,26
grooming,29530,29503,29530,27
walking,29551,29530,29551,21
stepping,29556,29551,29556,5
rearing,29716,29556,29716,160
hunching,29717,29716,29717,1
rearing,29762,29717,29762,45
grooming,29763,29762,29763,1
walking,29781,29763,29781,18
sniffing,29782,29781,29782,1
climbing,29853,29782,29853,71
rising,29937,29853,29937,84
climbing,29997,29937,29997,60
left_turning,30023,29997,30023,26
grooming,30139,30023,30139,116
hunching,30260,30139,30260,121
grooming,30304,30260,30304,44
left_turning,30318,30304,30318,14
walking,30376,30318,30376,58
sniffing,30407,30376,30407,31
stepping,30453,30407,30453,46
running,30476,30453,30476,23
sniffing,30531,30476,30531,55
rising,30534,30531,30534,3
right_turning,30540,30534,30540,6
grooming,30541,30540,30541,1
walking,30619,30541,30619,78
stepping,30625,30619,30625,6
rearing,30652,30625,30652,27
hunching,30738,30652,30738,86
grooming,31471,30738,31471,733
sniffing,31590,31471,31590,119
grooming,31660,31590,31660,70
rearing,31759,31660,31759,99
grooming,31760,31759,31760,1
running,31787,31760,31787,27
rearing,31833,31787,31833,46
grooming,31904,31833,31904,71
hunching,32041,31904,32041,137
grooming,32595,32041,32595,554
sniffing,32627,32595,32627,32
climbing,32674,32627,32674,47
right_turning,32692,32674,32692,18
stepping,32707,32692,32707,15
sniffing,32708,32707,32708,1
left_turning,32771,32708,32771,63
sniffing,32807,32771,32807,36
trotting,32840,32807,32840,33
rising,32872,32840,32872,32
grooming,33325,32872,33325,453
climbing,33377,33325,33377,52
walking,33397,33377,33397,20
sniffing,33455,33397,33455,58
left_turning,33491,33455,33491,36
walking,33530,33491,33530,39
stepping,33568,33530,33568,38
rising,33610,33568,33610,42
stepping,33619,33610,33619,9
sniffing,33654,33619,33654,35
rearing,33655,33654,33655,1
left_turning,33656,33655,33656,1
stepping,33685,33656,33685,29
sniffing,33691,33685,33691,6
left_turning,33702,33691,33702,11
sniffing,33760,33702,33760,58
stepping,33815,33760,33815,55
climbing,33869,33815,33869,54
left_turning,33870,33869,33870,1
trotting,33909,33870,33909,39
sniffing,34045,33909,34045,136
left_turning,34145,34045,34145,100
scratching,34246,34145,34246,101
left_turning,34329,34246,34329,83
scratching,34399,34329,34399,70
grooming,34616,34399,34616,217
sniffing,34660,34616,34660,44
right_turning,34671,34660,34671,11
grooming,34726,34671,34726,55
sniffing,34853,34726,34853,127
grooming,34894,34853,34894,41
sniffing,34908,34894,34908,14
stepping,34911,34908,34911,3
sniffing,34944,34911,34944,33
walking,34954,34944,34954,10
sniffing,34970,34954,34970,16
stepping,35009,34970,35009,39
sniffing,35035,35009,35035,26
walking,35071,35035,35071,36
sniffing,35131,35071,35131,60
climbing,35170,35131,35170,39
walking,35197,35170,35197,27
rising,35250,35197,35250,53
grooming,35438,35250,35438,188
rearing,35439,35438,35439,1
grooming,35440,35439,35440,1
hunching,35511,35440,35511,71
sniffing,35518,35511,35518,7
stepping,35545,35518,35545,27
sniffing,35587,35545,35587,42
grooming,35682,35587,35682,95
rearing,35717,35682,35717,35
climbing,35757,35717,35757,40
stepping,35805,35757,35805,48
sniffing,35917,35805,35917,112
walking,35940,35917,35940,23
trotting,35963,35940,35963,23
walking,35987,35963,35987,24
sniffing,36054,35987,36054,67
stepping,36072,36054,36072,18
walking,36095,36072,36095,23
sniffing,36127,36095,36127,32
stepping,36167,36127,36167,40
sniffing,36194,36167,36194,27
stepping,36208,36194,36208,14
sniffing,36213,36208,36213,5
walking,36239,36213,36239,26
left_turning,36270,36239,36270,31
rising,36341,36270,36341,71
left_turning,36365,36341,36365,24
running,36398,36365,36398,33
stepping,36446,36398,36446,48
sniffing,36470,36446,36470,24
rearing,36493,36470,36493,23
climbing,36503,36493,36503,10
sniffing,36549,36503,36549,46
trotting,36603,36549,36603,54
stepping,36629,36603,36629,26
rearing,36641,36629,36641,12
left_turning,36660,36641,36660,19
trotting,36682,36660,36682,22
stepping,36723,36682,36723,41
sniffing,36796,36723,36796,73
rising,36797,36796,36797,1
sniffing,36859,36797,36859,62
stepping,36884,36859,36884,25
grooming,36885,36884,36885,1
sniffing,36940,36885,36940,55
climbing,36954,36940,36954,14
running,36996,36954,36996,42
right_turning,37026,36996,37026,30
sniffing,37034,37026,37034,8
rising,37101,37034,37101,67
sniffing,37130,37101,37130,29
walking,37153,37130,37153,23
left_turning,37160,37153,37160,7
sniffing,37161,37160,37161,1
walking,37189,37161,37189,28
running,37209,37189,37209,20
climbing,37252,37209,37252,43
walking,37296,37252,37296,44
stepping,37324,37296,37324,28
walking,37325,37324,37325,1
rising,37353,37325,37353,28
grooming,37354,37353,37354,1
stepping,37381,37354,37381,27
grooming,37382,37381,37382,1
stepping,37399,37382,37399,17
sniffing,37400,37399,37400,1
stepping,37424,37400,37424,24
walking,37464,37424,37464,40
running,37487,37464,37487,23
trotting,37517,37487,37517,30
grooming,37627,37517,37627,110
sniffing,37702,37627,37702,75
stepping,37790,37702,37790,88
walking,37801,37790,37801,11
rising,37822,37801,37822,21
sniffing,37827,37822,37827,5
grooming,37851,37827,37851,24
sniffing,37859,37851,37859,8
stepping,37909,37859,37909,50
rising,37910,37909,37910,1
stepping,37952,37910,37952,42
walking,37971,37952,37971,19
sniffing,37988,37971,37988,17
stepping,38003,37988,38003,15
left_turning,38004,38003,38004,1
grooming,38070,38004,38070,66
right_turning,38072,38070,38072,2
walking,38108,38072,38108,36
stepping,38156,38108,38156,48
rising,38157,38156,38157,1
grooming,38200,38157,38200,43
rearing,38258,38200,38258,58
hunching,38264,38258,38264,6
grooming,38862,38264,38862,598
stepping,38878,38862,38878,16
sniffing,38955,38878,38955,77
walking,38961,38955,38961,6
sniffing,38965,38961,38965,4
rising,38998,38965,38998,33
sniffing,39026,38998,39026,28
stepping,39085,39026,39085,59
sniffing,39141,39085,39141,56
stepping,39173,39141,39173,32
grooming,39174,39173,39174,1
left_turning,39180,39174,39180,6
walking,39237,39180,39237,57
sniffing,39285,39237,39285,48
walking,39325,39285,39325,40
grooming,39326,39325,39326,1
sniffing,39352,39326,39352,26
walking,39358,39352,39358,6
sniffing,39416,39358,39416,58
grooming,39417,39416,39417,1
walking,39418,39417,39418,1
sniffing,39478,39418,39478,60
rising,39479,39478,39479,1
climbing,39511,39479,39511,32
left_turning,39524,39511,39524,13
walking,39552,39524,39552,28
climbing,39571,39552,39571,19
grooming,39684,39571,39684,113
left_turning,39724,39684,39724,40
sniffing,39756,39724,39756,32
rearing,39778,39756,39778,22
grooming,40007,39778,40007,229
rearing,40021,40007,40021,14
grooming,40022,40021,40022,1
left_turning,40069,40022,40069,47
sniffing,40070,40069,40070,1
trotting,40087,40070,40087,17
sniffing,40125,40087,40125,38
rearing,40126,40125,40126,1
climbing,40199,40126,40199,73
stepping,40219,40199,40219,20
climbing,40266,40219,40266,47
sniffing,40289,40266,40289,23
walking,40301,40289,40301,12
sniffing,40351,40301,40351,50
grooming,40352,40351,40352,1
hunching,40469,40352,40469,117
grooming,40470,40469,40470,1
stepping,40490,40470,40490,20
grooming,40491,40490,40491,1
rearing,40492,40491,40492,1
hunching,40556,40492,40556,64
grooming,40725,40556,40725,169
rising,40757,40725,40757,32
walking,40766,40757,40766,9
sniffing,40818,40766,40818,52
walking,40822,40818,40822,4
sniffing,40865,40822,40865,43
stepping,40902,40865,40902,37
sniffing,40995,40902,40995,93
grooming,40999,40995,40999,4
sniffing,41057,40999,41057,58
grooming,41058,41057,41058,1
rearing,41074,41058,41074,16
walking,41133,41074,41133,59
sniffing,41168,41133,41168,35
grooming,41346,41168,41346,178
rising,41366,41346,41366,20
climbing,41398,41366,41398,32
walking,41442,41398,41442,44
sniffing,41455,41442,41455,13
grooming,41677,41455,41677,222
sniffing,41715,41677,41715,38
left_turning,41727,41715,41727,12
sniffing,41781,41727,41781,54
stepping,41837,41781,41837,56
sniffing,41871,41837,41871,34
walking,41890,41871,41890,19
stepping,41947,41890,41947,57
sniffing,41948,41947,41948,1
grooming,41949,41948,41949,1
walking,41957,41949,41957,8
sniffing,41963,41957,41963,6
grooming,42050,41963,42050,87
scratching,42082,42050,42082,32
sniffing,42114,42082,42114,32
rearing,42299,42114,42299,185
climbing,42326,42299,42326,27
walking,42331,42326,42331,5
rising,42357,42331,42357,26
sniffing,42393,42357,42393,36
climbing,42442,42393,42442,49
left_turning,42447,42442,42447,5
stepping,42473,42447,42473,26
walking,42494,42473,42494,21
climbing,42545,42494,42545,51
left_turning,42571,42545,42571,26
sniffing,42590,42571,42590,19
left_turning,42631,42590,42631,41
sniffing,42659,42631,42659,28
walking,42670,42659,42670,11
climbing,42703,42670,42703,33
grooming,42704,42703,42704,1
rising,42729,42704,42729,25
stepping,42767,42729,42767,38
rearing,42776,42767,42776,9
walking,42809,42776,42809,33
right_turning,42841,42809,42841,32
sniffing,42912,42841,42912,71
grooming,43181,42912,43181,269
rearing,43361,43181,43361,180
grooming,43362,43361,43362,1
hunching,43366,43362,43366,4
walking,43380,43366,43380,14
stepping,43406,43380,43406,26
sniffing,43407,43406,43407,1
trotting,43427,43407,43427,20
right_turning,43445,43427,43445,18
jumping,43526,43445,43526,81
left_turning,43527,43526,43527,1
climbing,43582,43527,43582,55
rising,43618,43582,43618,36
climbing,43676,43618,43676,58
walking,43755,43676,43755,79
stepping,43800,43755,43800,45
sniffing,43801,43800,43801,1
grooming,43802,43801,43802,1
hunching,43880,43802,43880,78
grooming,43881,43880,43881,1
hunching,43977,43881,43977,96
sniffing,43998,43977,43998,21
rearing,44068,43998,44068,70
grooming,44182,44068,44182,114
rising,44206,44182,44206,24
grooming,44207,44206,44207,1
running,44258,44207,44258,51
sniffing,44293,44258,44293,35
grooming,44602,44293,44602,309
sniffing,44623,44602,44623,21
walking,44681,44623,44681,58
sniffing,44728,44681,44728,47
grooming,44838,44728,44838,110
hunching,44839,44838,44839,1
left_turning,44871,44839,44871,32
sniffing,44904,44871,44904,33
rearing,44924,44904,44924,20
climbing,44942,44924,44942,18
rising,45053,44942,45053,111
stepping,45098,45053,45098,45
right_turning,45123,45098,45123,25
left_turning,45124,45123,45124,1
sniffing,45305,45124,45305,181
hunching,45332,45305,45332,27
sniffing,45364,45332,45364,32
grooming,45376,45364,45376,12
right_turning,45405,45376,45405,29
walking,45426,45405,45426,21
stepping,45441,45426,45441,15
walking,45487,45441,45487,46
stepping,45548,45487,45548,61
walking,45575,45548,45575,27
left_turning,45589,45575,45589,14
rising,45642,45589,45642,53
sniffing,45665,45642,45665,23
walking,45666,45665,45666,1
sniffing,45821,45666,45821,155
rising,45879,45821,45879,58
stepping,45913,45879,45913,34
sniffing,45976,45913,45976,63
hunching,46089,45976,46089,113
grooming,46266,46089,46266,177
climbing,46327,46266,46327,61
walking,46337,46327,46337,10
stepping,46370,46337,46370,33
sniffing,46434,46370,46434,64
grooming,46473,46434,46473,39
rearing,46565,46473,46565,92
right_turning,46571,46565,46571,6
grooming,46587,46571,46587,16
sniffing,46588,46587,46588,1
walking,46591,46588,46591,3
sniffing,46640,46591,46640,49
rising,46664,46640,46664,24
grooming,46670,46664,46670,6
rearing,46728,46670,46728,58
climbing,46732,46728,46732,4
sniffing,46876,46732,46876,144
stepping,46907,46876,46907,31
sniffing,46908,46907,46908,1
left_turning,46943,46908,46943,35
sniffing,46983,46943,46983,40
running,47022,46983,47022,39
walking,47086,47022,47086,64
sniffing,47087,47086,47087,1
rearing,47140,47087,47140,53
walking,47196,47140,47196,56
grooming,47197,47196,47197,1
rising,47443,47197,47443,246
rearing,47471,47443,47471,28
left_turning,47767,47471,47767,296
hunching,47856,47767,47856,89
rearing,47857,47856,47857,1
climbing,47935,47857,47935,78
rearing,47936,47935,47936,1
grooming,47937,47936,47937,1
rearing,47965,47937,47965,28
grooming,47966,47965,47966,1
hunching,48007,47966,48007,41
grooming,48078,48007,48078,71
left_turning,48079,48078,48079,1
trotting,48096,48079,48096,17
sniffing,48126,48096,48126,30
grooming,48315,48126,48315,189
rearing,48404,48315,48404,89
grooming,48906,48404,48906,502
scratching,49017,48906,49017,111
left_turning,49056,49017,49056,39
sniffing,49093,49056,49093,37
grooming,49094,49093,49094,1
climbing,49127,49094,49127,33
walking,49136,49127,49136,9
sniffing,49157,49136,49157,21
running,49208,49157,49208,51
trotting,49212,49208,49212,4
sniffing,49334,49212,49334,122
walking,49335,49334,49335,1
right_turning,49366,49335,49366,31
sniffing,49433,49366,49433,67
grooming,49992,49433,49992,559
running,49997,49992,49997,5
sniffing,50091,49997,50091,94
walking,50122,50091,50122,31
sniffing,50141,50122,50141,19
walking,50168,50141,50168,27
sniffing,50250,50168,50250,82
right_turning,50314,50250,50314,64
running,50328,50314,50328,14
sniffing,50386,50328,50386,58
left_turning,50420,50386,50420,34
walking,50441,50420,50441,21
trotting,50447,50441,50447,6
stepping,50488,50447,50488,41
sniffing,50496,50488,50496,8
grooming,50497,50496,50497,1
right_turning,50537,50497,50537,40
walking,50629,50537,50629,92
sniffing,50675,50629,50675,46
grooming,50885,50675,50885,210
hunching,50952,50885,50952,67
rearing,50953,50952,50953,1
hunching,51003,50953,51003,50
walking,51020,51003,51020,17
running,51029,51020,51029,9
stepping,51071,51029,51071,42
walking,51122,51071,51122,51
grooming,51123,51122,51123,1
climbing,51151,51123,51151,28
grooming,51783,51151,51783,632
climbing,51836,51783,51836,53
running,51841,51836,51841,5
sniffing,51865,51841,51865,24
walking,51873,51865,51873,8
sniffing,51874,51873,51874,1
grooming,52384,51874,52384,510
sniffing,52453,52384,52453,69
grooming,52454,52453,52454,1
hunching,52455,52454,52455,1
grooming,52578,52455,52578,123
left_turning,52620,52578,52620,42
hunching,52690,52620,52690,70
rearing,52777,52690,52777,87
sniffing,52869,52777,52869,92
stepping,52911,52869,52911,42
walking,52949,52911,52949,38
sniffing,52999,52949,52999,50
right_turning,53026,52999,53026,27
left_turning,53076,53026,53076,50
stepping,53132,53076,53132,56
climbing,53174,53132,53174,42
walking,53214,53174,53214,40
sniffing,53315,53214,53315,101
walking,53322,53315,53322,7
climbing,53344,53322,53344,22
rising,53366,53344,53366,22
climbing,53424,53366,53424,58
stepping,53441,53424,53441,17
walking,53530,53441,53530,89
sniffing,53610,53530,53610,80
rising,53672,53610,53672,62
left_turning,53705,53672,53705,33
grooming,53751,53705,53751,46
left_turning,53752,53751,53752,1
sniffing,53813,53752,53813,61
grooming,53814,53813,53814,1
walking,53873,53814,53873,59
sniffing,53926,53873,53926,53
walking,53988,53926,53988,62
stepping,53991,53988,53991,3
sniffing,53992,53991,53992,1
stepping,54015,53992,54015,23
sniffing,54037,54015,54037,22
walking,54051,54037,54051,14
stepping,54079,54051,54079,28
left_turning,54125,54079,54125,46
grooming,54193,54125,54193,68
rearing,54194,54193,54194,1
grooming,54343,54194,54343,149
rising,54377,54343,54377,34
sniffing,54405,54377,54405,28
stepping,54408,54405,54408,3
sniffing,54439,54408,54439,31
right_turning,54446,54439,54446,7
stepping,54480,54446,54480,34
grooming,54481,54480,54481,1
walking,54511,54481,54511,30
stepping,54537,54511,54537,26
rising,54542,54537,54542,5
grooming,54711,54542,54711,169
climbing,54727,54711,54727,16
rearing,54816,54727,54816,89
grooming,55163,54816,55163,347
sniffing,55195,55163,55195,32
stepping,55222,55195,55222,27
climbing,55268,55222,55268,46
rising,55297,55268,55297,29
sniffing,55343,55297,55343,46
right_turning,55372,55343,55372,29
walking,55373,55372,55373,1
trotting,55397,55373,55397,24
walking,55419,55397,55419,22
rising,55459,55419,55459,40
sniffing,55474,55459,55474,15
rearing,55554,55474,55554,80
climbing,55557,55554,55557,3
rising,55558,55557,55558,1
climbing,55572,55558,55572,14
running,55611,55572,55611,39
walking,55612,55611,55612,1
sniffing,55636,55612,55636,24
stepping,55637,55636,55637,1
walking,55693,55637,55693,56
rising,55694,55693,55694,1
stepping,55751,55694,55751,57
sniffing,55794,55751,55794,43
stepping,55811,55794,55811,17
sniffing,55837,55811,55837,26
hunching,55881,55837,55881,44
grooming,55891,55881,55891,10
left_turning,55922,55891,55922,31
sniffing,55971,55922,55971,49
stepping,56035,55971,56035,64
sniffing,56068,56035,56068,33
left_turning,56101,56068,56101,33
sniffing,56158,56101,56158,57
grooming,56176,56158,56176,18
climbing,56216,56176,56216,40
stepping,56264,56216,56264,48
running,56311,56264,56311,47
rising,56312,56311,56312,1
climbing,56326,56312,56326,14
grooming,56343,56326,56343,17
hunching,56474,56343,56474,131
rearing,56475,56474,56475,1
grooming,56856,56475,56856,381
sniffing,56881,56856,56881,25
stepping,56884,56881,56884,3
walking,56894,56884,56894,10
sniffing,56901,56894,56901,7
rising,56902,56901,56902,1
right_turning,56941,56902,56941,39
sniffing,56974,56941,56974,33
walking,57003,56974,57003,29
sniffing,57026,57003,57026,23
stepping,57041,57026,57041,15
walking,57094,57041,57094,53
trotting,57127,57094,57127,33
walking,57128,57127,57128,1
left_turning,57213,57128,57213,85
sniffing,57214,57213,57214,1
climbing,57266,57214,57266,52
trotting,57293,57266,57293,27
sniffing,57493,57293,57493,200
rising,57494,57493,57494,1
rearing,57565,57494,57565,71
grooming,57953,57565,57953,388
hunching,58013,57953,58013,60
rearing,58014,58013,58014,1
grooming,58015,58014,58015,1
rising,58085,58015,58085,70
right_turning,58137,58085,58137,52
grooming,58138,58137,58138,1
walking,58160,58138,58160,22
stepping,58164,58160,58164,4
climbing,58204,58164,58204,40
grooming,58700,58204,58700,496
sniffing,58841,58700,58841,141
right_turning,58854,58841,58854,13
stepping,58862,58854,58862,8
sniffing,58952,58862,58952,90
left_turning,58961,58952,58961,9
grooming,59197,58961,59197,236
right_turning,59249,59197,59249,52
walking,59269,59249,59269,20
trotting,59273,59269,59273,4
walking,59313,59273,59313,40
running,59317,59313,59317,4
sniffing,59332,59317,59332,15
left_turning,59341,59332,59341,9
rearing,59342,59341,59342,1
climbing,59363,59342,59363,21
left_turning,59380,59363,59380,17
climbing,59457,59380,59457,77
running,59476,59457,59476,19
stepping,59528,59476,59528,52
walking,59560,59528,59560,32
sniffing,59584,59560,59584,24
left_turning,59606,59584,59606,22
grooming,59759,59606,59759,153
rearing,59804,59759,59804,45
hunching,59806,59804,59806,2
grooming,60010,59806,60010,204
rearing,60011,60010,60011,1
climbing,60045,60011,60045,34
grooming,60213,60045,60213,168
hunching,60245,60213,60245,32
grooming,60412,60245,60412,167
left_turning,60447,60412,60447,35
sniffing,60467,60447,60467,20
left_turning,60497,60467,60497,30
walking,60540,60497,60540,43
sniffing,60722,60540,60722,182
stepping,60766,60722,60766,44
sniffing,60826,60766,60826,60
rising,60959,60826,60959,133
walking,60989,60959,60989,30
sniffing,60990,60989,60990,1
walking,61024,60990,61024,34
sniffing,61025,61024,61025,1
grooming,61092,61025,61092,67
stepping,61102,61092,61102,10
sniffing,61179,61102,61179,77
walking,61210,61179,61210,31
sniffing,61221,61210,61221,11
stepping,61256,61221,61256,35
sniffing,61265,61256,61265,9
walking,61276,61265,61276,11
rising,61321,61276,61321,45
stepping,61352,61321,61352,31
walking,61365,61352,61365,13
trotting,61399,61365,61399,34
walking,61408,61399,61408,9
sniffing,61443,61408,61443,35
rising,61486,61443,61486,43
stepping,61529,61486,61529,43
rearing,61530,61529,61530,1
sniffing,61600,61530,61600,70
rising,61630,61600,61630,30
rearing,61728,61630,61728,98
grooming,62015,61728,62015,287
walking,62050,62015,62050,35
trotting,62060,62050,62060,10
walking,62072,62060,62072,12
stepping,62103,62072,62103,31
walking,62127,62103,62127,24
rising,62161,62127,62161,34
climbing,62202,62161,62202,41
walking,62218,62202,62218,16
trotting,62232,62218,62232,14
walking,62233,62232,62233,1
rising,62250,62233,62250,17
walking,62266,62250,62266,16
sniffing,62290,62266,62290,24
grooming,62474,62290,62474,184
sniffing,62501,62474,62501,27
walking,62520,62501,62520,19
sniffing,62542,62520,62542,22
stepping,62543,62542,62543,1
sniffing,62568,62543,62568,25
walking,62611,62568,62611,43
sniffing,62739,62611,62739,128
stepping,62756,62739,62756,17
sniffing,62760,62756,62760,4
left_turning,62842,62760,62842,82
sniffing,62863,62842,62863,21
stepping,62865,62863,62865,2
sniffing,63084,62865,63084,219
stepping,63085,63084,63085,1
grooming,63086,63085,63086,1
hunching,63099,63086,63099,13
rearing,63165,63099,63165,66
walking,63178,63165,63178,13
stepping,63194,63178,63194,16
left_turning,63216,63194,63216,22
rearing,63217,63216,63217,1
hunching,63284,63217,63284,67
grooming,63285,63284,63285,1
stepping,63301,63285,63301,16
sniffing,63320,63301,63320,19
grooming,64270,63320,64270,950
sniffing,64310,64270,64310,40
hunching,64338,64310,64338,28
left_turning,64430,64338,64430,92
walking,64475,64430,64475,45
trotting,64500,64475,64500,25
sniffing,64506,64500,64506,6
trotting,64517,64506,64517,11
stepping,64544,64517,64544,27
rising,64545,64544,64545,1
rearing,64593,64545,64593,48
sniffing,64594,64593,64594,1
right_turning,64603,64594,64603,9
sniffing,64674,64603,64674,71
walking,64713,64674,64713,39
sniffing,64714,64713,64714,1
left_turning,64758,64714,64758,44
sniffing,64878,64758,64878,120
stepping,64891,64878,64891,13
climbing,64920,64891,64920,29
right_turning,64921,64920,64921,1
walking,64934,64921,64934,13
rearing,65302,64934,65302,368
grooming,65303,65302,65303,1
rising,65335,65303,65335,32
grooming,65549,65335,65549,214
left_turning,65550,65549,65550,1
sniffing,65694,65550,65694,144
stepping,65724,65694,65724,30
sniffing,65725,65724,65725,1
walking,65766,65725,65766,41
rising,65799,65766,65799,33
climbing,65855,65799,65855,56
running,65867,65855,65867,12
sniffing,65936,65867,65936,69
rising,66003,65936,66003,67
climbing,66044,66003,66044,41
left_turning,66045,66044,66045,1
rising,66058,66045,66058,13
sniffing,66073,66058,66073,15
rising,66088,66073,66088,15
left_turning,66131,66088,66131,43
sniffing,66194,66131,66194,63
left_turning,66195,66194,66195,1
trotting,66245,66195,66245,50
walking,66271,66245,66271,26
right_turning,66305,66271,66305,34
grooming,66605,66305,66605,300
climbing,66627,66605,66627,22
rising,66628,66627,66628,1
grooming,66795,66628,66795,167
hunching,66871,66795,66871,76
grooming,66946,66871,66946,75
rearing,66947,66946,66947,1
grooming,66964,66947,66964,17
rearing,67038,66964,67038,74
climbing,67104,67038,67104,66
grooming,67164,67104,67164,60
stepping,67179,67164,67179,15
rearing,67286,67179,67286,107
grooming,67287,67286,67287,1
rearing,67317,67287,67317,30
sniffing,67396,67317,67396,79
stepping,67397,67396,67397,1
rearing,67450,67397,67450,53
sniffing,67451,67450,67451,1
walking,67473,67451,67473,22
stepping,67513,67473,67513,40
sniffing,67534,67513,67534,21
grooming,67535,67534,67535,1
sniffing,67595,67535,67595,60
rising,67672,67595,67672,77
rearing,67708,67672,67708,36
rising,67758,67708,67758,50
stepping,67784,67758,67784,26
sniffing,67785,67784,67785,1
walking,67793,67785,67793,8
sniffing,67829,67793,67829,36
walking,67910,67829,67910,81
sniffing,67911,67910,67911,1
grooming,68043,67911,68043,132
hunching,68208,68043,68208,165
rearing,68618,68208,68618,410
walking,68710,68618,68710,92
climbing,68745,68710,68745,35
grooming,68981,68745,68981,236
scratching,69100,68981,69100,119
grooming,69239,69100,69239,139
trotting,69242,69239,69242,3
stepping,69257,69242,69257,15
grooming,69456,69257,69456,199
climbing,69460,69456,69460,4
walking,69519,69460,69519,59
sniffing,69538,69519,69538,19
walking,69600,69538,69600,62
sniffing,69661,69600,69661,61
left_turning,69675,69661,69675,14
stepping,69728,69675,69728,53
walking,69794,69728,69794,66
trotting,69820,69794,69820,26
sniffing,69821,69820,69821,1
walking,69824,69821,69824,3
sniffing,69858,69824,69858,34
left_turning,69915,69858,69915,57
stepping,69965,69915,69965,50
walking,70000,69965,70000,35
trotting,70029,70000,70029,29
rising,70045,70029,70045,16
rearing,70087,70045,70087,42
grooming,70152,70087,70152,65
sniffing,70301,70152,70301,149
trotting,70319,70301,70319,18
sniffing,70348,70319,70348,29
walking,70413,70348,70413,65
sniffing,70454,70413,70454,41
trotting,70477,70454,70477,23
walking,70510,70477,70510,33
rising,70545,70510,70545,35
walking,70558,70545,70558,13
stepping,70578,70558,70578,20
sniffing,70651,70578,70651,73
stepping,70667,70651,70667,16
sniffing,70690,70667,70690,23
grooming,70691,70690,70691,1
walking,70734,70691,70734,43
rearing,70735,70734,70735,1
rising,70775,70735,70775,40
grooming,70776,70775,70776,1
rising,70845,70776,70845,69
running,70894,70845,70894,49
sniffing,70917,70894,70917,23
rising,70918,70917,70918,1
sniffing,70971,70918,70971,53
grooming,70972,70971,70972,1
hunching,71115,70972,71115,143
grooming,71443,71115,71443,328
trotting,71450,71443,71450,7
walking,71474,71450,71474,24
rising,71503,71474,71503,29
sniffing,71550,71503,71550,47
walking,71593,71550,71593,43
sniffing,71594,71593,71594,1
stepping,71612,71594,71612,18
sniffing,71669,71612,71669,57
rising,71712,71669,71712,43
grooming,71842,71712,71842,130
hunching,71925,71842,71925,83
rearing,71949,71925,71949,24
sniffing,72030,71949,72030,81
rising,72047,72030,72047,17
grooming,72158,72047,72158,111
stepping,72197,72158,72197,39
sniffing,72211,72197,72211,14
trotting,72223,72211,72223,12
walking,72240,72223,72240,17
sniffing,72241,72240,72241,1
rising,72242,72241,72242,1
left_turning,72258,72242,72258,16
walking,72345,72258,72345,87
rising,72405,72345,72405,60
climbing,72444,72405,72444,39
grooming,72677,72444,72677,233
walking,72750,72677,72750,73
sniffing,72883,72750,72883,133
walking,72919,72883,72919,36
right_turning,72935,72919,72935,16
sniffing,72988,72935,72988,53
walking,72992,72988,72992,4
right_turning,72993,72992,72993,1
rearing,73035,72993,73035,42
rising,73094,73035,73094,59
rearing,73318,73094,73318,224
rising,73319,73318,73319,1
rearing,73329,73319,73329,10
grooming,73657,73329,73657,328
climbing,73751,73657,73751,94
stepping,73777,73751,73777,26
walking,73793,73777,73793,16
stepping,73826,73793,73826,33
right_turning,73851,73826,73851,25
sniffing,74032,73851,74032,181
rising,74069,74032,74069,37
sniffing,74095,74069,74095,26
stepping,74102,74095,74102,7
walking,74116,74102,74116,14
running,74126,74116,74126,10
walking,74152,74126,74152,26
stepping,74167,74152,74167,15
rearing,74216,74167,74216,49
climbing,74217,74216,74217,1
rearing,74218,74217,74218,1
stepping,74230,74218,74230,12
walking,74247,74230,74247,17
left_turning,74248,74247,74248,1
grooming,74249,74248,74249,1
rising,74311,74249,74311,62
left_turning,74329,74311,74329,18
sniffing,74330,74329,74330,1
walking,74374,74330,74374,44
sniffing,74439,74374,74439,65
rearing,74440,74439,74440,1
sniffing,74510,74440,74510,70
climbing,74528,74510,74528,18
rearing,74562,74528,74562,34
grooming,74792,74562,74792,230
sniffing,74855,74792,74855,63
left_turning,74856,74855,74856,1
walking,74884,74856,74884,28
rising,74885,74884,74885,1
sniffing,74913,74885,74913,28
rising,74967,74913,74967,54
climbing,75004,74967,75004,37
left_turning,75008,75004,75008,4
sniffing,75014,75008,75014,6
grooming,75016,75014,75016,2
rearing,75292,75016,75292,276
left_turning,75349,75292,75349,57
stepping,75399,75349,75399,50
rearing,75460,75399,75460,61
grooming,75461,75460,75461,1
climbing,75484,75461,75484,23
sniffing,75506,75484,75506,22
scratching,75556,75506,75556,50
stepping,75595,75556,75595,39
sniffing,75596,75595,75596,1
rising,75631,75596,75631,35
sniffing,75718,75631,75718,87
walking,75746,75718,75746,28
stepping,75772,75746,75772,26
walking,75776,75772,75776,4
sniffing,75815,75776,75815,39
rising,75848,75815,75848,33
sniffing,75862,75848,75862,14
stepping,75880,75862,75880,18
walking,75885,75880,75885,5
sniffing,75886,75885,75886,1
walking,75901,75886,75901,15
rising,75906,75901,75906,5
rearing,75957,75906,75957,51
walking,75993,75957,75993,36
trotting,75998,75993,75998,5
walking,76027,75998,76027,29
sniffing,76056,76027,76056,29
left_turning,76066,76056,76066,10
sniffing,76089,76066,76089,23
left_turning,76144,76089,76144,55
sniffing,76150,76144,76150,6
stepping,76160,76150,76160,10
rising,76189,76160,76189,29
climbing,76244,76189,76244,55
stepping,76275,76244,76275,31
walking,76317,76275,76317,42
sniffing,76362,76317,76362,45
right_turning,76364,76362,76364,2
climbing,76493,76364,76493,129
grooming,77026,76493,77026,533
climbing,77068,77026,77068,42
walking,77077,77068,77077,9
stepping,77139,77077,77139,62
grooming,77140,77139,77140,1
sniffing,77179,77140,77179,39
walking,77207,77179,77207,28
rising,77273,77207,77273,66
right_turning,77286,77273,77286,13
trotting,77307,77286,77307,21
stepping,77359,77307,77359,52
right_turning,77389,77359,77389,30
scratching,77447,77389,77447,58
grooming,77493,77447,77493,46
sniffing,77530,77493,77530,37
right_turning,77556,77530,77556,26
grooming,77922,77556,77922,366
sniffing,77967,77922,77967,45
left_turning,77968,77967,77968,1
sniffing,77969,77968,77969,1
stepping,77970,77969,77970,1
walking,77994,77970,77994,24
climbing,78021,77994,78021,27
walking,78040,78021,78040,19
left_turning,78067,78040,78067,27
walking,78089,78067,78089,22
stepping,78090,78089,78090,1
walking,78115,78090,78115,25
rising,78157,78115,78157,42
climbing,78207,78157,78207,50
right_turning,78238,78207,78238,31
sniffing,78479,78238,78479,241
left_turning,78489,78479,78489,10
hunching,78506,78489,78506,17
left_turning,78533,78506,78533,27
sniffing,78550,78533,78550,17
stepping,78560,78550,78560,10
right_turning,78592,78560,78592,32
walking,78614,78592,78614,22
trotting,78634,78614,78634,20
rearing,78635,78634,78635,1
grooming,78752,78635,78752,117
rearing,78884,78752,78884,132
climbing,78931,78884,78931,47
grooming,78932,78931,78932,1
rearing,78937,78932,78937,5
stepping,78967,78937,78967,30
rising,79009,78967,79009,42
left_turning,79068,79009,79068,59
walking,79102,79068,79102,34
jumping,79111,79102,79111,9
grooming,79243,79111,79243,132
rising,79269,79243,79269,26
grooming,79291,79269,79291,22
climbing,79293,79291,79293,2
grooming,79294,79293,79294,1
rearing,79295,79294,79295,1
grooming,79298,79295,79298,3
walking,79343,79298,79343,45
grooming,79489,79343,79489,146
rising,79524,79489,79524,35
sniffing,79582,79524,79582,58
stepping,79613,79582,79613,31
grooming,79679,79613,79679,66
scratching,79695,79679,79695,16
right_turning,79696,79695,79696,1
sniffing,79717,79696,79717,21
walking,79720,79717,79720,3
stepping,79748,79720,79748,28
rearing,79792,79748,79792,44
rising,79809,79792,79809,17
left_turning,79841,79809,79841,32
trotting,79875,79841,79875,34
sniffing,79903,79875,79903,28
rising,79967,79903,79967,64
sniffing,80096,79967,80096,129
left_turning,80146,80096,80146,50
climbing,80272,80146,80272,126
left_turning,80291,80272,80291,19
walking,80318,80291,80318,27
sniffing,80319,80318,80319,1
rising,80357,80319,80357,38
left_turning,80358,80357,80358,1
sniffing,80401,80358,80401,43
left_turning,80427,80401,80427,26
running,80456,80427,80456,29
trotting,80472,80456,80472,16
sniffing,80498,80472,80498,26
rising,80499,80498,80499,1
grooming,80549,80499,80549,50
rising,80581,80549,80581,32
rearing,80677,80581,80677,96
walking,80706,80677,80706,29
climbing,80800,80706,80800,94
walking,80815,80800,80815,15
stepping,80855,80815,80855,40
walking,80864,80855,80864,9
sniffing,80878,80864,80878,14
stepping,80920,80878,80920,42
rearing,80921,80920,80921,1
sniffing,80943,80921,80943,22
trotting,80966,80943,80966,23
sniffing,80999,80966,80999,33
rearing,81023,80999,81023,24
rising,81026,81023,81026,3
rearing,81092,81026,81092,66
grooming,81318,81092,81318,226
walking,81323,81318,81323,5
sniffing,81521,81323,81521,198
grooming,82004,81521,82004,483
hunching,82077,82004,82077,73
sniffing,82135,82077,82135,58
rising,82180,82135,82180,45
grooming,82290,82180,82290,110
climbing,82308,82290,82308,18
rearing,82319,82308,82319,11
walking,82333,82319,82333,14
climbing,82339,82333,82339,6
rearing,82413,82339,82413,74
grooming,82414,82413,82414,1
sniffing,82415,82414,82415,1
grooming,82416,82415,82416,1
rearing,82521,82416,82521,105
climbing,82556,82521,82556,35
rearing,82780,82556,82780,224
grooming,83017,82780,83017,237
rearing,83137,83017,83137,120
climbing,83198,83137,83198,61
sniffing,83199,83198,83199,1
climbing,83237,83199,83237,38
running,83273,83237,83273,36
walking,83295,83273,83295,22
grooming,83611,83295,83611,316
rearing,83679,83611,83679,68
grooming,83785,83679,83785,106
scratching,83885,83785,83885,100
sniffing,83912,83885,83912,27
walking,83913,83912,83913,1
trotting,83923,83913,83923,10
sniffing,83928,83923,83928,5
left_turning,83956,83928,83956,28
sniffing,83984,83956,83984,28
rearing,84104,83984,84104,120
sniffing,84192,84104,84192,88
hunching,84221,84192,84221,29
grooming,84222,84221,84222,1
left_turning,84298,84222,84298,76
sniffing,84355,84298,84355,57
left_turning,84356,84355,84356,1
sniffing,84405,84356,84405,49
climbing,84426,84405,84426,21
rising,84441,84426,84441,15
sniffing,84496,84441,84496,55
walking,84507,84496,84507,11
sniffing,84512,84507,84512,5
rising,84556,84512,84556,44
rearing,84626,84556,84626,70
grooming,84776,84626,84776,150
rearing,84779,84776,84779,3
grooming,84891,84779,84891,112
rearing,84939,84891,84939,48
grooming,85470,84939,85470,531
sniffing,85471,85470,85471,1
trotting,85516,85471,85516,45
running,85536,85516,85536,20
walking,85572,85536,85572,36
trotting,85596,85572,85596,24
walking,85617,85596,85617,21
left_turning,85661,85617,85661,44
walking,85691,85661,85691,30
sniffing,85726,85691,85726,35
climbing,85730,85726,85730,4
trotting,85731,85730,85731,1
walking,85800,85731,85800,69
sniffing,85862,85800,85862,62
trotting,85875,85862,85875,13
rising,85931,85875,85931,56
climbing,85985,85931,85985,54
grooming,85986,85985,85986,1
rising,85987,85986,85987,1
rearing,86052,85987,86052,65
climbing,86072,86052,86072,20
rearing,86073,86072,86073,1
sniffing,86075,86073,86075,2
grooming,86108,86075,86108,33
rising,86140,86108,86140,32
rearing,86156,86140,86156,16
left_turning,86218,86156,86218,62
sniffing,86260,86218,86260,42
right_turning,86272,86260,86272,12
rising,86317,86272,86317,45
walking,86352,86317,86352,35
sniffing,86442,86352,86442,90
right_turning,86468,86442,86468,26
sniffing,86484,86468,86484,16
rearing,86505,86484,86505,21
grooming,86658,86505,86658,153
rearing,86718,86658,86718,60
grooming,87014,86718,87014,296
left_turning,87016,87014,87016,2
trotting,87057,87016,87057,41
stepping,87117,87057,87117,60
walking,87131,87117,87131,14
stepping,87132,87131,87132,1
trotting,87152,87132,87152,20
sniffing,87238,87152,87238,86
walking,87272,87238,87272,34
right_turning,87290,87272,87290,18
rising,87303,87290,87303,13
climbing,87374,87303,87374,71
walking,87381,87374,87381,7
stepping,87382,87381,87382,1
rearing,87407,87382,87407,25
grooming,87514,87407,87514,107
rising,87585,87514,87585,71
sniffing,87655,87585,87655,70
trotting,87671,87655,87671,16
rising,87808,87671,87808,137
grooming,88421,87808,88421,613
rearing,88498,88421,88498,77
trotting,88549,88498,88549,51
right_turning,88587,88549,88587,38
rising,88588,88587,88588,1
rearing,88607,88588,88607,19
stepping,88625,88607,88625,18
trotting,88664,88625,88664,39
sniffing,88686,88664,88686,22
rising,88729,88686,88729,43
right_turning,88730,88729,88730,1
sniffing,88777,88730,88777,47
walking,88783,88777,88783,6
sniffing,88833,88783,88833,50
grooming,88848,88833,88848,15
sniffing,88886,88848,88886,38
stepping,88896,88886,88896,10
sniffing,88902,88896,88902,6
grooming,89047,88902,89047,145
sniffing,89100,89047,89100,53
walking,89141,89100,89141,41
sniffing,89185,89141,89185,44
left_turning,89229,89185,89229,44
sniffing,89234,89229,89234,5
stepping,89244,89234,89244,10
sniffing,89253,89244,89253,9
trotting,89269,89253,89269,16
rising,89296,89269,89296,27
rearing,89372,89296,89372,76
climbing,89427,89372,89427,55
right_turning,89444,89427,89444,17
running,89479,89444,89479,35
sniffing,89517,89479,89517,38
rising,89564,89517,89564,47
climbing,89592,89564,89592,28
stepping,89611,89592,89611,19
walking,89664,89611,89664,53
sniffing,89706,89664,89706,42
grooming,89707,89706,89707,1
stepping,89762,89707,89762,55
rising,89801,89762,89801,39
climbing,89851,89801,89851,50
grooming,90001,89851,90001,150
walking,90097,90001,90097,96
rising,90130,90097,90130,33
sniffing,90173,90130,90173,43
rearing,90285,90173,90285,112
grooming,90286,90285,90286,1
stepping,90333,90286,90333,47
rising,90350,90333,90350,17
rearing,90401,90350,90401,51
rising,90465,90401,90465,64
rearing,90497,90465,90497,32
grooming,90498,90497,90498,1
climbing,90513,90498,90513,15
sniffing,90537,90513,90537,24
stepping,90556,90537,90556,19
walking,90651,90556,90651,95
stepping,90684,90651,90684,33
sniffing,90739,90684,90739,55
stepping,90755,90739,90755,16
sniffing,90801,90755,90801,46
rising,90802,90801,90802,1
rearing,90848,90802,90848,46
walking,90889,90848,90889,41
trotting,90905,90889,90905,16
rising,91004,90905,91004,99
grooming,91098,91004,91098,94
rising,91126,91098,91126,28
sniffing,91148,91126,91148,22
right_turning,91175,91148,91175,27
stepping,91223,91175,91223,48
rearing,91347,91223,91347,124
grooming,91362,91347,91362,15
rising,91369,91362,91369,7
sniffing,91431,91369,91431,62
stepping,91468,91431,91468,37
sniffing,91469,91468,91469,1
grooming,91470,91469,91470,1
rearing,91473,91470,91473,3
walking,91502,91473,91502,29
sniffing,91520,91502,91520,18
stepping,91559,91520,91559,39
climbing,91612,91559,91612,53
running,91625,91612,91625,13
sniffing,91688,91625,91688,63
walking,91745,91688,91745,57
running,91771,91745,91771,26
stepping,91786,91771,91786,15
trotting,91799,91786,91799,13
stepping,91801,91799,91801,2
sniffing,91930,91801,91930,129
left_turning,92083,91930,92083,153
walking,92150,92083,92150,67
sniffing,92191,92150,92191,41
right_turning,92220,92191,92220,29
running,92256,92220,92256,36
trotting,92287,92256,92287,31
sniffing,92366,92287,92366,79
walking,92430,92366,92430,64
sniffing,92500,92430,92500,70
walking,92511,92500,92511,11
rearing,92531,92511,92531,20
rising,92560,92531,92560,29
climbing,92609,92560,92609,49
sniffing,92610,92609,92610,1
left_turning,92628,92610,92628,18
rising,92651,92628,92651,23
sniffing,92659,92651,92659,8
rearing,92735,92659,92735,76
hunching,92806,92735,92806,71
sniffing,92835,92806,92835,29
walking,92861,92835,92861,26
sniffing,92875,92861,92875,14
rising,92898,92875,92898,23
right_turning,92904,92898,92904,6
scratching,92905,92904,92905,1
grooming,92912,92905,92912,7
hunching,92987,92912,92987,75
rearing,93010,92987,93010,23
sniffing,93011,93010,93011,1
grooming,93194,93011,93194,183
climbing,93212,93194,93212,18
left_turning,93221,93212,93221,9
stepping,93224,93221,93224,3
walking,93269,93224,93269,45
climbing,93311,93269,93311,42
sniffing,93433,93311,93433,122
walking,93470,93433,93470,37
stepping,93485,93470,93485,15
walking,93509,93485,93509,24
sniffing,93538,93509,93538,29
right_turning,93540,93538,93540,2
stepping,93541,93540,93541,1
sniffing,93656,93541,93656,115
stepping,93693,93656,93693,37
sniffing,93751,93693,93751,58
rising,93786,93751,93786,35
climbing,93806,93786,93806,20
right_turning,93845,93806,93845,39
sniffing,93890,93845,93890,45
walking,93899,93890,93899,9
stepping,93912,93899,93912,13
sniffing,93946,93912,93946,34
walking,93988,93946,93988,42
sniffing,93989,93988,93989,1
stepping,94033,93989,94033,44
rising,94037,94033,94037,4
climbing,94074,94037,94074,37
rearing,94089,94074,94089,15
trotting,94134,94089,94134,45
walking,94156,94134,94156,22
sniffing,94208,94156,94208,52
walking,94209,94208,94209,1
stepping,94235,94209,94235,26
sniffing,94244,94235,94244,9
stepping,94263,94244,94263,19
sniffing,94328,94263,94328,65
rising,94371,94328,94371,43
rearing,94372,94371,94372,1
rising,94412,94372,94412,40
rearing,94461,94412,94461,49
walking,94492,94461,94492,31
trotting,94530,94492,94530,38
sniffing,94531,94530,94531,1
stepping,94532,94531,94532,1
rearing,94558,94532,94558,26
sniffing,94611,94558,94611,53
left_turning,94637,94611,94637,26
sniffing,94644,94637,94644,7
grooming,94872,94644,94872,228
rearing,95031,94872,95031,159
stepping,95060,95031,95060,29
rearing,95109,95060,95109,49
rising,95125,95109,95125,16
rearing,95147,95125,95147,22
sniffing,95299,95147,95299,152
walking,95309,95299,95309,10
right_turning,95344,95309,95344,35
walking,95360,95344,95360,16
stepping,95398,95360,95398,38
sniffing,95499,95398,95499,101
rising,95511,95499,95511,12
rearing,95538,95511,95538,27
left_turning,95539,95538,95539,1
walking,95582,95539,95582,43
stepping,95615,95582,95615,33
climbing,95631,95615,95631,16
right_turning,95646,95631,95646,15
sniffing,95649,95646,95649,3
walking,95685,95649,95685,36
climbing,95696,95685,95696,11
stepping,95718,95696,95718,22
sniffing,95719,95718,95719,1
grooming,95720,95719,95720,1
hunching,95766,95720,95766,46
left_turning,95785,95766,95785,19
trotting,95793,95785,95793,8
stepping,95794,95793,95794,1
sniffing,95888,95794,95888,94
rising,95991,95888,95991,103
grooming,95992,95991,95992,1
right_turning,96010,95992,96010,18
walking,96054,96010,96054,44
sniffing,96158,96054,96158,104
walking,96200,96158,96200,42
sniffing,96201,96200,96201,1
running,96232,96201,96232,31
walking,96233,96232,96233,1
stepping,96284,96233,96284,51
left_turning,96285,96284,96285,1
grooming,96286,96285,96286,1
walking,96318,96286,96318,32
sniffing,96325,96318,96325,7
stepping,96384,96325,96384,59
left_turning,96390,96384,96390,6
walking,96417,96390,96417,27
right_turning,96427,96417,96427,10
walking,96493,96427,96493,66
climbing,96524,96493,96524,31
grooming,96742,96524,96742,218
rising,96755,96742,96755,13
rearing,96821,96755,96821,66
hunching,96844,96821,96844,23
rearing,96856,96844,96856,12
sniffing,96879,96856,96879,23
stepping,96887,96879,96887,8
sniffing,96901,96887,96901,14
walking,96905,96901,96905,4
sniffing,96979,96905,96979,74
left_turning,96981,96979,96981,2
stepping,97007,96981,97007,26
sniffing,97018,97007,97018,11
walking,97022,97018,97022,4
rising,97042,97022,97042,20
grooming,97222,97042,97222,180
sniffing,97280,97222,97280,58
walking,97286,97280,97286,6
sniffing,97298,97286,97298,12
rising,97329,97298,97329,31
sniffing,97365,97329,97365,36
scratching,97366,97365,97366,1
stepping,97378,97366,97378,12
rearing,97383,97378,97383,5
grooming,97434,97383,97434,51
sniffing,97472,97434,97472,38
stepping,97489,97472,97489,17
walking,97547,97489,97547,58
climbing,97647,97547,97647,100
running,97676,97647,97676,29
sniffing,97697,97676,97697,21
grooming,97743,97697,97743,46
rearing,97859,97743,97859,116
grooming,98104,97859,98104,245
sniffing,98137,98104,98137,33
rising,98138,98137,98138,1
climbing,98219,98138,98219,81
rearing,98249,98219,98249,30
stepping,98262,98249,98262,13
walking,98275,98262,98275,13
trotting,98304,98275,98304,29
sniffing,98410,98304,98410,106
stepping,98463,98410,98463,53
sniffing,98484,98463,98484,21
walking,98525,98484,98525,41
sniffing,98619,98525,98619,94
stepping,98647,98619,98647,28
sniffing,98896,98647,98896,249
walking,98925,98896,98925,29
grooming,99101,98925,99101,176
rearing,99178,99101,99178,77
grooming,99434,99178,99434,256
climbing,99473,99434,99473,39
rearing,99499,99473,99499,26
hunching,99542,99499,99542,43
grooming,99700,99542,99700,158
stepping,99746,99700,99746,46
sniffing,99774,99746,99774,28
stepping,99817,99774,99817,43
grooming,100238,99817,100238,421
stepping,100281,100238,100281,43
walking,100295,100281,100295,14
sniffing,100356,100295,100356,61
walking,100394,100356,100394,38
rising,100507,100394,100507,113
rearing,100604,100507,100604,97
grooming,100923,100604,100923,319
rearing,100939,100923,100939,16
grooming,101025,100939,101025,86
sniffing,101081,101025,101081,56
stepping,101100,101081,101100,19
walking,101127,101100,101127,27
sniffing,101277,101127,101277,150
grooming,101278,101277,101278,1
climbing,101279,101278,101279,1
rearing,101280,101279,101280,1
hunching,101310,101280,101310,30
rearing,101319,101310,101319,9
sniffing,101320,101319,101320,1
rearing,101321,101320,101321,1
hunching,101401,101321,101401,80
rearing,101502,101401,101502,101
grooming,101555,101502,101555,53
rearing,101631,101555,101631,76
sniffing,101679,101631,101679,48
walking,101713,101679,101713,34
sniffing,101750,101713,101750,37
walking,101773,101750,101773,23
stepping,101818,101773,101818,45
sniffing,101852,101818,101852,34
walking,101879,101852,101879,27
sniffing,101940,101879,101940,61
hunching,101941,101940,101941,1
rearing,101942,101941,101942,1
grooming,101978,101942,101978,36
sniffing,102058,101978,102058,80
rising,102096,102058,102096,38
rearing,102097,102096,102097,1
rising,102098,102097,102098,1
left_turning,102118,102098,102118,20
grooming,102119,102118,102119,1
scratching,102202,102119,102202,83
grooming,102616,102202,102616,414
climbing,102635,102616,102635,19
rearing,102831,102635,102831,196
climbing,102869,102831,102869,38
running,102873,102869,102873,4
sniffing,102930,102873,102930,57
left_turning,102997,102930,102997,67
scratching,103134,102997,103134,137
grooming,103135,103134,103135,1
climbing,103201,103135,103201,66
left_turning,103214,103201,103214,13
rising,103311,103214,103311,97
left_turning,103334,103311,103334,23
walking,103365,103334,103365,31
sniffing,103445,103365,103445,80
grooming,103696,103445,103696,251
sniffing,103697,103696,103697,1
stepping,103752,103697,103752,55
walking,103770,103752,103770,18
grooming,103771,103770,103771,1
rearing,103852,103771,103852,81
hunching,104047,103852,104047,195
grooming,104095,104047,104095,48
rising,104148,104095,104148,53
climbing,104188,104148,104188,40
rearing,104250,104188,104250,62
walking,104284,104250,104284,34
sniffing,104479,104284,104479,195
stepping,104480,104479,104480,1
grooming,104481,104480,104481,1
climbing,104517,104481,104517,36
rearing,104563,104517,104563,46
hunching,104607,104563,104607,44
rearing,104608,104607,104608,1
grooming,104636,104608,104636,28
rising,104666,104636,104666,30
climbing,104702,104666,104702,36
grooming,104707,104702,104707,5
rearing,104718,104707,104718,11
grooming,104745,104718,104745,27
rearing,104900,104745,104900,155
hunching,104997,104900,104997,97
rearing,105006,104997,105006,9
grooming,105007,105006,105007,1
rearing,105031,105007,105031,24
grooming,105032,105031,105032,1
sniffing,105033,105032,105033,1
grooming,105085,105033,105085,52
right_turning,105087,105085,105087,2
walking,105088,105087,105088,1
running,105124,105088,105124,36
walking,105158,105124,105158,34
stepping,105250,105158,105250,92
rearing,105307,105250,105307,57
rising,105311,105307,105311,4
stepping,105321,105311,105321,10
trotting,105338,105321,105338,17
sniffing,105381,105338,105381,43
rising,105416,105381,105416,35
sniffing,105417,105416,105417,1
stepping,105418,105417,105418,1
sniffing,105486,105418,105486,68
left_turning,105529,105486,105529,43
walking,105567,105529,105567,38
stepping,105568,105567,105568,1
sniffing,105624,105568,105624,56
left_turning,105670,105624,105670,46
walking,105718,105670,105718,48
sniffing,105758,105718,105758,40
stepping,105780,105758,105780,22
walking,105792,105780,105792,12
rising,105803,105792,105803,11
sniffing,105804,105803,105804,1
stepping,105820,105804,105820,16
sniffing,105864,105820,105864,44
stepping,105894,105864,105894,30
climbing,105943,105894,105943,49
grooming,106049,105943,106049,106
sniffing,106077,106049,106077,28
rising,106078,106077,106078,1
grooming,106148,106078,106148,70
walking,106190,106148,106190,42
stepping,106191,106190,106191,1
sniffing,106242,106191,106242,51
rising,106334,106242,106334,92
trotting,106356,106334,106356,22
right_turning,106364,106356,106364,8
walking,106366,106364,106366,2
stepping,106370,106366,106370,4
sniffing,106409,106370,106409,39
grooming,106604,106409,106604,195
hunching,106611,106604,106611,7
grooming,106762,106611,106762,151
rising,106763,106762,106763,1
climbing,106764,106763,106764,1
rearing,106831,106764,106831,67
sniffing,106837,106831,106837,6
walking,106881,106837,106881,44
left_turning,106882,106881,106882,1
walking,106893,106882,106893,11
climbing,106894,106893,106894,1
grooming,107315,106894,107315,421
rearing,107394,107315,107394,79
sniffing,107437,107394,107437,43
rising,107539,107437,107539,102
stepping,107577,107539,107577,38
sniffing,107631,107577,107631,54
left_turning,107687,107631,107687,56
stepping,107721,107687,107721,34
sniffing,107733,107721,107733,12
walking,107740,107733,107740,7
sniffing,107766,107740,107766,26
left_turning,107837,107766,107837,71
climbing,107865,107837,107865,28
rearing,107866,107865,107866,1
stepping,107907,107866,107907,41
rising,107947,107907,107947,40
walking,107982,107947,107982,35
climbing,108000,107982,108000,18
