revised_movement_label,segBoundary,segBoundary_start,segBoundary_end,length
right_turning,1,0,1,1
rising,20,1,20,19
sniffing,51,20,51,31
rising,86,51,86,35
walking,124,86,124,38
sniffing,129,124,129,5
running,140,129,140,11
trotting,174,140,174,34
sniffing,176,174,176,2
grooming,312,176,312,136
sniffing,422,312,422,110
rising,469,422,469,47
left_turning,471,469,471,2
running,492,471,492,21
trotting,499,492,499,7
walking,529,499,529,30
left_turning,546,529,546,17
sniffing,570,546,570,24
rising,610,570,610,40
climbing,679,610,679,69
sniffing,748,679,748,69
rising,750,748,750,2
stepping,809,750,809,59
sniffing,820,809,820,11
right_turning,833,820,833,13
walking,859,833,859,26
trotting,875,859,875,16
walking,916,875,916,41
stepping,958,916,958,42
rising,1005,958,1005,47
rearing,1020,1005,1020,15
left_turning,1024,1020,1024,4
stepping,1058,1024,1058,34
grooming,1195,1058,1195,137
walking,1253,1195,1253,58
sniffing,1288,1253,1288,35
stepping,1296,1288,1296,8
sniffing,1297,1296,1297,1
rising,1341,1297,1341,44
sniffing,1407,1341,1407,66
rising,1439,1407,1439,32
grooming,1493,1439,1493,54
climbing,1548,1493,1548,55
grooming,1737,1548,1737,189
right_turning,1741,1737,1741,4
trotting,1787,1741,1787,46
walking,1813,1787,1813,26
rising,1825,1813,1825,12
sniffing,1868,1825,1868,43
stepping,1916,1868,1916,48
sniffing,1957,1916,1957,41
rising,2025,1957,2025,68
walking,2026,2025,2026,1
trotting,2036,2026,2036,10
walking,2055,2036,2055,19
grooming,2342,2055,2342,287
walking,2347,2342,2347,5
sniffing,2353,2347,2353,6
left_turning,2374,2353,2374,21
walking,2416,2374,2416,42
running,2425,2416,2425,9
walking,2453,2425,2453,28
stepping,2495,2453,2495,42
sniffing,2541,2495,2541,46
climbing,2587,2541,2587,46
grooming,2838,2587,2838,251
rising,2855,2838,2855,17
sniffing,2953,2855,2953,98
grooming,3170,2953,3170,217
rearing,3205,3170,3205,35
grooming,3375,3205,3375,170
hunching,3412,3375,3412,37
grooming,3747,3412,3747,335
rearing,3824,3747,3824,77
grooming,4059,3824,4059,235
rising,4071,4059,4071,12
grooming,4104,4071,4104,33
climbing,4114,4104,4114,10
left_turning,4152,4114,4152,38
trotting,4155,4152,4155,3
rising,4211,4155,4211,56
trotting,4234,4211,4234,23
walking,4254,4234,4254,20
sniffing,4255,4254,4255,1
rising,4256,4255,4256,1
sniffing,4295,4256,4295,39
right_turning,4312,4295,4312,17
stepping,4346,4312,4346,34
walking,4356,4346,4356,10
rearing,4373,4356,4373,17
hunching,4435,4373,4435,62
rising,4461,4435,4461,26
grooming,5049,4461,5049,588
sniffing,5065,5049,5065,16
walking,5149,5065,5149,84
trotting,5173,5149,5173,24
stepping,5204,5173,5204,31
walking,5220,5204,5220,16
stepping,5234,5220,5234,14
sniffing,5367,5234,5367,133
walking,5372,5367,5372,5
stepping,5383,5372,5383,11
trotting,5415,5383,5415,32
walking,5416,5415,5416,1
rising,5448,5416,5448,32
sniffing,5491,5448,5491,43
right_turning,5505,5491,5505,14
rising,5508,5505,5508,3
grooming,5539,5508,5539,31
left_turning,5566,5539,5566,27
running,5586,5566,5586,20
trotting,5618,5586,5618,32
walking,5652,5618,5652,34
sniffing,5709,5652,5709,57
rising,5784,5709,5784,75
rearing,5837,5784,5837,53
left_turning,5849,5837,5849,12
trotting,5853,5849,5853,4
rising,5883,5853,5883,30
walking,5892,5883,5892,9
stepping,5893,5892,5893,1
rising,5966,5893,5966,73
sniffing,6002,5966,6002,36
rising,6021,6002,6021,19
walking,6040,6021,6040,19
stepping,6081,6040,6081,41
rising,6142,6081,6142,61
sniffing,6143,6142,6143,1
left_turning,6182,6143,6182,39
stepping,6183,6182,6183,1
walking,6246,6183,6246,63
stepping,6270,6246,6270,24
rising,6367,6270,6367,97
walking,6368,6367,6368,1
stepping,6380,6368,6380,12
sniffing,6457,6380,6457,77
rising,6465,6457,6465,8
sniffing,6526,6465,6526,61
rising,6546,6526,6546,20
walking,6615,6546,6615,69
sniffing,6624,6615,6624,9
rising,6711,6624,6711,87
climbing,6751,6711,6751,40
grooming,6814,6751,6814,63
sniffing,6838,6814,6838,24
grooming,6839,6838,6839,1
rearing,6914,6839,6914,75
hunching,6933,6914,6933,19
grooming,6934,6933,6934,1
rearing,6998,6934,6998,64
climbing,7019,6998,7019,21
grooming,7020,7019,7020,1
rearing,7264,7020,7264,244
grooming,7470,7264,7470,206
walking,7473,7470,7473,3
rising,7474,7473,7474,1
sniffing,7527,7474,7527,53
rearing,7575,7527,7575,48
hunching,7650,7575,7650,75
grooming,7651,7650,7651,1
rising,7713,7651,7713,62
left_turning,7785,7713,7785,72
sniffing,7821,7785,7821,36
grooming,7853,7821,7853,32
rearing,7876,7853,7876,23
sniffing,7877,7876,7877,1
walking,7915,7877,7915,38
sniffing,7962,7915,7962,47
walking,7978,7962,7978,16
sniffing,8010,7978,8010,32
stepping,8036,8010,8036,26
walking,8043,8036,8043,7
sniffing,8114,8043,8114,71
right_turning,8141,8114,8141,27
rising,8142,8141,8142,1
walking,8182,8142,8182,40
sniffing,8214,8182,8214,32
rearing,8271,8214,8271,57
climbing,8300,8271,8300,29
walking,8301,8300,8301,1
trotting,8318,8301,8318,17
rising,8319,8318,8319,1
walking,8335,8319,8335,16
right_turning,8383,8335,8383,48
walking,8459,8383,8459,76
rising,8502,8459,8502,43
climbing,8519,8502,8519,17
hunching,8520,8519,8520,1
rearing,8544,8520,8544,24
grooming,8596,8544,8596,52
left_turning,8626,8596,8626,30
sniffing,8627,8626,8627,1
left_turning,8633,8627,8633,6
sniffing,8694,8633,8694,61
grooming,8900,8694,8900,206
rearing,8917,8900,8917,17
grooming,8918,8917,8918,1
rearing,8944,8918,8944,26
rising,8945,8944,8945,1
grooming,8946,8945,8946,1
right_turning,8981,8946,8981,35
trotting,9008,8981,9008,27
stepping,9031,9008,9031,23
sniffing,9040,9031,9040,9
grooming,9041,9040,9041,1
rising,9042,9041,9042,1
running,9063,9042,9063,21
rising,9064,9063,9064,1
rearing,9161,9064,9161,97
climbing,9211,9161,9211,50
rearing,9402,9211,9402,191
sniffing,9426,9402,9426,24
grooming,9427,9426,9427,1
rising,9447,9427,9447,20
rearing,9617,9447,9617,170
grooming,9648,9617,9648,31
sniffing,9661,9648,9661,13
grooming,9696,9661,9696,35
climbing,9730,9696,9730,34
sniffing,9821,9730,9821,91
rearing,9868,9821,9868,47
rising,9902,9868,9902,34
sniffing,9955,9902,9955,53
left_turning,9981,9955,9981,26
stepping,9983,9981,9983,2
walking,10010,9983,10010,27
stepping,10058,10010,10058,48
walking,10111,10058,10111,53
stepping,10136,10111,10136,25
walking,10148,10136,10148,12
sniffing,10239,10148,10239,91
walking,10252,10239,10252,13
rising,10253,10252,10253,1
rearing,10265,10253,10265,12
grooming,10266,10265,10266,1
hunching,10327,10266,10327,61
sniffing,10328,10327,10328,1
stepping,10366,10328,10366,38
sniffing,10499,10366,10499,133
walking,10530,10499,10530,31
trotting,10579,10530,10579,49
left_turning,10591,10579,10591,12
trotting,10600,10591,10600,9
sniffing,10601,10600,10601,1
rising,10633,10601,10633,32
grooming,10634,10633,10634,1
right_turning,10676,10634,10676,42
rising,10717,10676,10717,41
climbing,10718,10717,10718,1
rising,10760,10718,10760,42
climbing,10786,10760,10786,26
left_turning,10816,10786,10816,30
walking,10841,10816,10841,25
stepping,10859,10841,10859,18
sniffing,10882,10859,10882,23
stepping,10910,10882,10910,28
sniffing,10948,10910,10948,38
grooming,10959,10948,10959,11
running,10972,10959,10972,13
stepping,10981,10972,10981,9
rising,10982,10981,10982,1
sniffing,11025,10982,11025,43
walking,11053,11025,11053,28
trotting,11063,11053,11063,10
sniffing,11076,11063,11076,13
walking,11100,11076,11100,24
stepping,11122,11100,11122,22
walking,11168,11122,11168,46
sniffing,11220,11168,11220,52
stepping,11238,11220,11238,18
sniffing,11297,11238,11297,59
stepping,11299,11297,11299,2
walking,11342,11299,11342,43
rising,11361,11342,11361,19
sniffing,11393,11361,11393,32
running,11417,11393,11417,24
left_turning,11418,11417,11418,1
hunching,11422,11418,11422,4
rearing,11494,11422,11494,72
running,11516,11494,11516,22
left_turning,11526,11516,11526,10
sniffing,11570,11526,11570,44
rising,11604,11570,11604,34
grooming,11655,11604,11655,51
sniffing,11711,11655,11711,56
rising,11718,11711,11718,7
walking,11727,11718,11727,9
stepping,11728,11727,11728,1
walking,11754,11728,11754,26
stepping,11761,11754,11761,7
sniffing,11841,11761,11841,80
stepping,11874,11841,11874,33
walking,11878,11874,11878,4
hunching,11904,11878,11904,26
grooming,11905,11904,11905,1
climbing,11940,11905,11940,35
left_turning,11975,11940,11975,35
walking,12006,11975,12006,31
sniffing,12064,12006,12064,58
rising,12139,12064,12139,75
rearing,12140,12139,12140,1
grooming,12911,12140,12911,771
rearing,12979,12911,12979,68
rising,13012,12979,13012,33
climbing,13027,13012,13027,15
grooming,13048,13027,13048,21
rearing,13140,13048,13140,92
grooming,13141,13140,13141,1
sniffing,13169,13141,13169,28
walking,13218,13169,13218,49
trotting,13232,13218,13232,14
walking,13313,13232,13313,81
stepping,13320,13313,13320,7
rearing,13348,13320,13348,28
right_turning,13349,13348,13349,1
sniffing,13350,13349,13350,1
walking,13368,13350,13368,18
sniffing,13369,13368,13369,1
grooming,13370,13369,13370,1
left_turning,13388,13370,13388,18
sniffing,13446,13388,13446,58
stepping,13490,13446,13490,44
sniffing,13543,13490,13543,53
rising,13581,13543,13581,38
rearing,13686,13581,13686,105
grooming,13770,13686,13770,84
running,13785,13770,13785,15
trotting,13827,13785,13827,42
running,13846,13827,13846,19
rising,13871,13846,13871,25
trotting,13889,13871,13889,18
stepping,13981,13889,13981,92
sniffing,13999,13981,13999,18
stepping,14027,13999,14027,28
trotting,14070,14027,14070,43
stepping,14115,14070,14115,45
sniffing,14141,14115,14141,26
stepping,14168,14141,14168,27
trotting,14218,14168,14218,50
sniffing,14248,14218,14248,30
stepping,14277,14248,14277,29
rising,14378,14277,14378,101
grooming,14794,14378,14794,416
stepping,14823,14794,14823,29
sniffing,14824,14823,14824,1
rising,14886,14824,14886,62
climbing,14924,14886,14924,38
rearing,15098,14924,15098,174
grooming,15227,15098,15227,129
rearing,15257,15227,15257,30
trotting,15293,15257,15293,36
right_turning,15294,15293,15294,1
walking,15341,15294,15341,47
rearing,15342,15341,15342,1
walking,15388,15342,15388,46
stepping,15412,15388,15412,24
sniffing,15471,15412,15471,59
rearing,15472,15471,15472,1
grooming,15527,15472,15527,55
rising,15653,15527,15653,126
sniffing,15672,15653,15672,19
grooming,15961,15672,15961,289
walking,16012,15961,16012,51
stepping,16025,16012,16025,13
sniffing,16064,16025,16064,39
right_turning,16068,16064,16068,4
walking,16171,16068,16171,103
right_turning,16191,16171,16191,20
stepping,16202,16191,16202,11
sniffing,16226,16202,16226,24
grooming,16695,16226,16695,469
hunching,16812,16695,16812,117
grooming,16945,16812,16945,133
stepping,16979,16945,16979,34
running,17022,16979,17022,43
walking,17046,17022,17046,24
sniffing,17047,17046,17047,1
walking,17074,17047,17074,27
sniffing,17109,17074,17109,35
rising,17110,17109,17110,1
grooming,17111,17110,17111,1
sniffing,17121,17111,17121,10
grooming,17464,17121,17464,343
hunching,17465,17464,17465,1
sniffing,17504,17465,17504,39
running,17515,17504,17515,11
rising,17527,17515,17527,12
grooming,17709,17527,17709,182
walking,17710,17709,17710,1
stepping,17738,17710,17738,28
climbing,17784,17738,17784,46
grooming,17785,17784,17785,1
hunching,17893,17785,17893,108
grooming,17894,17893,17894,1
walking,17916,17894,17916,22
rising,17948,17916,17948,32
grooming,18720,17948,18720,772
sniffing,18758,18720,18758,38
climbing,18822,18758,18822,64
grooming,19022,18822,19022,200
climbing,19072,19022,19072,50
running,19100,19072,19100,28
sniffing,19319,19100,19319,219
walking,19355,19319,19355,36
stepping,19359,19355,19359,4
rising,19380,19359,19380,21
stepping,19393,19380,19393,13
sniffing,19443,19393,19443,50
grooming,19465,19443,19465,22
walking,19479,19465,19479,14
grooming,19509,19479,19509,30
climbing,19559,19509,19559,50
sniffing,19613,19559,19613,54
grooming,19614,19613,19614,1
rearing,20105,19614,20105,491
grooming,21175,20105,21175,1070
sniffing,21210,21175,21210,35
stepping,21233,21210,21233,23
walking,21240,21233,21240,7
right_turning,21241,21240,21241,1
sniffing,21327,21241,21327,86
grooming,21459,21327,21459,132
left_turning,21460,21459,21460,1
walking,21496,21460,21496,36
sniffing,21497,21496,21497,1
hunching,21532,21497,21532,35
rearing,21591,21532,21591,59
rising,21625,21591,21625,34
hunching,21627,21625,21627,2
grooming,21812,21627,21812,185
rearing,21813,21812,21813,1
sniffing,21847,21813,21847,34
stepping,21858,21847,21858,11
walking,21859,21858,21859,1
sniffing,21860,21859,21860,1
stepping,21888,21860,21888,28
walking,21926,21888,21926,38
sniffing,21963,21926,21963,37
climbing,21997,21963,21997,34
sniffing,22061,21997,22061,64
rising,22073,22061,22073,12
rearing,22096,22073,22096,23
climbing,22129,22096,22129,33
grooming,22170,22129,22170,41
rising,22197,22170,22197,27
grooming,22598,22197,22598,401
stepping,22633,22598,22633,35
walking,22656,22633,22656,23
sniffing,22702,22656,22702,46
stepping,22795,22702,22795,93
sniffing,22870,22795,22870,75
right_turning,22878,22870,22878,8
trotting,22901,22878,22901,23
rising,22916,22901,22916,15
stepping,22934,22916,22934,18
sniffing,22942,22934,22942,8
rising,22987,22942,22987,45
walking,23043,22987,23043,56
sniffing,23114,23043,23114,71
walking,23138,23114,23138,24
rising,23139,23138,23139,1
grooming,23277,23139,23277,138
climbing,23342,23277,23342,65
grooming,23343,23342,23343,1
walking,23373,23343,23373,30
sniffing,23389,23373,23389,16
grooming,23419,23389,23419,30
sniffing,23480,23419,23480,61
walking,23485,23480,23485,5
sniffing,23524,23485,23524,39
stepping,23546,23524,23546,22
left_turning,23570,23546,23570,24
sniffing,23595,23570,23595,25
stepping,23610,23595,23610,15
left_turning,23622,23610,23622,12
hunching,23625,23622,23625,3
rising,23674,23625,23674,49
walking,23686,23674,23686,12
stepping,23706,23686,23706,20
rearing,23727,23706,23727,21
hunching,23762,23727,23762,35
rearing,23804,23762,23804,42
stepping,23805,23804,23805,1
rising,23840,23805,23840,35
hunching,23841,23840,23841,1
climbing,23874,23841,23874,33
left_turning,23922,23874,23922,48
walking,23970,23922,23970,48
sniffing,24107,23970,24107,137
walking,24155,24107,24155,48
trotting,24176,24155,24176,21
sniffing,24203,24176,24203,27
walking,24221,24203,24221,18
left_turning,24236,24221,24236,15
grooming,24345,24236,24345,109
sniffing,24355,24345,24355,10
left_turning,24394,24355,24394,39
walking,24440,24394,24440,46
stepping,24464,24440,24464,24
walking,24492,24464,24492,28
sniffing,24493,24492,24493,1
stepping,24507,24493,24507,14
sniffing,24594,24507,24594,87
rising,24626,24594,24626,32
grooming,24768,24626,24768,142
rising,24816,24768,24816,48
climbing,24841,24816,24841,25
hunching,24869,24841,24869,28
grooming,24870,24869,24870,1
rising,24903,24870,24903,33
sniffing,24954,24903,24954,51
hunching,25146,24954,25146,192
rearing,25147,25146,25147,1
grooming,25198,25147,25198,51
climbing,25287,25198,25287,89
sniffing,25288,25287,25288,1
climbing,25299,25288,25299,11
rising,25300,25299,25300,1
climbing,25332,25300,25332,32
walking,25345,25332,25345,13
sniffing,25396,25345,25396,51
right_turning,25430,25396,25430,34
walking,25457,25430,25457,27
sniffing,25561,25457,25561,104
stepping,25581,25561,25581,20
sniffing,25582,25581,25582,1
grooming,25583,25582,25583,1
running,25610,25583,25610,27
stepping,25666,25610,25666,56
rising,25771,25666,25771,105
walking,25772,25771,25772,1
sniffing,25848,25772,25848,76
stepping,25930,25848,25930,82
left_turning,25996,25930,25996,66
sniffing,26001,25996,26001,5
grooming,26106,26001,26106,105
left_turning,26138,26106,26138,32
sniffing,26177,26138,26177,39
right_turning,26192,26177,26192,15
sniffing,26197,26192,26197,5
rising,26198,26197,26198,1
rearing,26281,26198,26281,83
climbing,26341,26281,26341,60
grooming,26458,26341,26458,117
sniffing,26579,26458,26579,121
stepping,26582,26579,26582,3
sniffing,26587,26582,26587,5
stepping,26647,26587,26647,60
sniffing,26682,26647,26682,35
rearing,26801,26682,26801,119
walking,26835,26801,26835,34
stepping,26873,26835,26873,38
sniffing,27094,26873,27094,221
rising,27128,27094,27128,34
stepping,27166,27128,27166,38
sniffing,27247,27166,27247,81
walking,27276,27247,27276,29
sniffing,27278,27276,27278,2
grooming,28124,27278,28124,846
sniffing,28217,28124,28217,93
stepping,28303,28217,28303,86
sniffing,28311,28303,28311,8
walking,28323,28311,28323,12
sniffing,28387,28323,28387,64
rising,28402,28387,28402,15
hunching,28470,28402,28470,68
rearing,28562,28470,28562,92
grooming,29082,28562,29082,520
hunching,29083,29082,29083,1
rearing,29106,29083,29106,23
grooming,29116,29106,29116,10
rising,29144,29116,29144,28
left_turning,29170,29144,29170,26
walking,29212,29170,29212,42
sniffing,29257,29212,29257,45
grooming,29463,29257,29463,206
walking,29508,29463,29508,45
stepping,29509,29508,29509,1
sniffing,29568,29509,29568,59
stepping,29587,29568,29587,19
hunching,29679,29587,29679,92
stepping,29703,29679,29703,24
sniffing,29751,29703,29751,48
walking,29752,29751,29752,1
sniffing,29813,29752,29813,61
grooming,29814,29813,29814,1
hunching,29827,29814,29827,13
sniffing,29898,29827,29898,71
stepping,29922,29898,29922,24
sniffing,29951,29922,29951,29
walking,29962,29951,29962,11
sniffing,29973,29962,29973,11
grooming,29974,29973,29974,1
running,29995,29974,29995,21
rising,30025,29995,30025,30
sniffing,30026,30025,30026,1
running,30043,30026,30043,17
sniffing,30092,30043,30092,49
stepping,30108,30092,30108,16
sniffing,30149,30108,30149,41
rising,30180,30149,30180,31
grooming,30553,30180,30553,373
hunching,30575,30553,30575,22
rearing,30680,30575,30680,105
grooming,30728,30680,30728,48
rearing,30757,30728,30757,29
grooming,31236,30757,31236,479
left_turning,31272,31236,31272,36
climbing,31284,31272,31284,12
left_turning,31285,31284,31285,1
trotting,31307,31285,31307,22
walking,31330,31307,31330,23
stepping,31373,31330,31373,43
sniffing,31424,31373,31424,51
scratching,31626,31424,31626,202
sniffing,31691,31626,31691,65
walking,31742,31691,31742,51
sniffing,31842,31742,31842,100
rising,31859,31842,31859,17
climbing,31870,31859,31870,11
left_turning,31916,31870,31916,46
walking,31967,31916,31967,51
sniffing,32003,31967,32003,36
left_turning,32028,32003,32028,25
walking,32029,32028,32029,1
sniffing,32040,32029,32040,11
walking,32061,32040,32061,21
rising,32110,32061,32110,49
climbing,32157,32110,32157,47
rearing,32395,32157,32395,238
grooming,32543,32395,32543,148
rearing,32563,32543,32563,20
rising,32585,32563,32585,22
walking,32617,32585,32617,32
sniffing,32657,32617,32657,40
rising,32688,32657,32688,31
grooming,32882,32688,32882,194
rearing,32899,32882,32899,17
climbing,32948,32899,32948,49
right_turning,32980,32948,32980,32
sniffing,33012,32980,33012,32
grooming,33013,33012,33013,1
hunching,33182,33013,33182,169
rearing,33224,33182,33224,42
left_turning,33255,33224,33255,31
climbing,33258,33255,33258,3
grooming,33259,33258,33259,1
walking,33293,33259,33293,34
stepping,33379,33293,33379,86
climbing,33431,33379,33431,52
sniffing,33473,33431,33473,42
left_turning,33497,33473,33497,24
grooming,33796,33497,33796,299
sniffing,33812,33796,33812,16
right_turning,33840,33812,33840,28
grooming,34027,33840,34027,187
walking,34033,34027,34033,6
sniffing,34110,34033,34110,77
stepping,34115,34110,34115,5
grooming,34116,34115,34116,1
scratching,34288,34116,34288,172
trotting,34311,34288,34311,23
rising,34312,34311,34312,1
grooming,34372,34312,34372,60
hunching,34458,34372,34458,86
grooming,34545,34458,34545,87
stepping,34587,34545,34587,42
sniffing,34613,34587,34613,26
stepping,34756,34613,34756,143
grooming,34757,34756,34757,1
rising,34790,34757,34790,33
trotting,34821,34790,34821,31
rising,34851,34821,34851,30
stepping,34890,34851,34890,39
walking,34897,34890,34897,7
stepping,34966,34897,34966,69
right_turning,35005,34966,35005,39
walking,35036,35005,35036,31
stepping,35075,35036,35075,39
sniffing,35102,35075,35102,27
stepping,35121,35102,35121,19
rearing,35202,35121,35202,81
grooming,35242,35202,35242,40
rising,35248,35242,35248,6
stepping,35261,35248,35261,13
sniffing,35288,35261,35288,27
trotting,35294,35288,35294,6
sniffing,35341,35294,35341,47
grooming,35342,35341,35342,1
scratching,35426,35342,35426,84
sniffing,35468,35426,35468,42
stepping,35478,35468,35478,10
grooming,35480,35478,35480,2
climbing,35485,35480,35485,5
grooming,35554,35485,35554,69
stepping,35585,35554,35585,31
rising,35612,35585,35612,27
grooming,35858,35612,35858,246
scratching,35888,35858,35888,30
grooming,35891,35888,35891,3
hunching,36016,35891,36016,125
grooming,36119,36016,36119,103
hunching,36195,36119,36195,76
walking,36196,36195,36196,1
grooming,36302,36196,36302,106
sniffing,36314,36302,36314,12
walking,36342,36314,36342,28
rising,36343,36342,36343,1
sniffing,36380,36343,36380,37
grooming,36624,36380,36624,244
hunching,36731,36624,36731,107
rearing,36956,36731,36956,225
hunching,37123,36956,37123,167
grooming,37356,37123,37356,233
rearing,37383,37356,37383,27
grooming,37384,37383,37384,1
trotting,37427,37384,37427,43
sniffing,37479,37427,37479,52
walking,37504,37479,37504,25
stepping,37524,37504,37524,20
sniffing,37525,37524,37525,1
walking,37567,37525,37567,42
rising,37603,37567,37603,36
sniffing,37642,37603,37642,39
trotting,37663,37642,37663,21
sniffing,37676,37663,37676,13
grooming,37900,37676,37900,224
sniffing,37942,37900,37942,42
rising,38041,37942,38041,99
rearing,38242,38041,38242,201
climbing,38337,38242,38337,95
walking,38369,38337,38369,32
sniffing,38429,38369,38429,60
grooming,38582,38429,38582,153
rearing,38630,38582,38630,48
hunching,38701,38630,38701,71
grooming,38702,38701,38702,1
walking,38760,38702,38760,58
grooming,38846,38760,38846,86
sniffing,38951,38846,38951,105
trotting,38979,38951,38979,28
sniffing,39027,38979,39027,48
rising,39028,39027,39028,1
grooming,39280,39028,39280,252
rearing,39343,39280,39343,63
grooming,39455,39343,39455,112
trotting,39477,39455,39477,22
rising,39478,39477,39478,1
rearing,39526,39478,39526,48
sniffing,39542,39526,39542,16
left_turning,39610,39542,39610,68
sniffing,39704,39610,39704,94
grooming,39802,39704,39802,98
rearing,39933,39802,39933,131
grooming,40026,39933,40026,93
sniffing,40057,40026,40057,31
grooming,40144,40057,40144,87
left_turning,40171,40144,40171,27
walking,40198,40171,40198,27
stepping,40225,40198,40225,27
walking,40253,40225,40253,28
right_turning,40279,40253,40279,26
walking,40287,40279,40287,8
sniffing,40288,40287,40288,1
stepping,40343,40288,40343,55
walking,40344,40343,40344,1
stepping,40393,40344,40393,49
sniffing,40479,40393,40479,86
left_turning,40489,40479,40489,10
grooming,40730,40489,40730,241
sniffing,40868,40730,40868,138
climbing,40882,40868,40882,14
walking,40883,40882,40883,1
sniffing,40912,40883,40912,29
stepping,40933,40912,40933,21
sniffing,40967,40933,40967,34
stepping,40988,40967,40988,21
grooming,41044,40988,41044,56
walking,41059,41044,41059,15
sniffing,41079,41059,41079,20
grooming,41118,41079,41118,39
stepping,41127,41118,41127,9
walking,41128,41127,41128,1
sniffing,41133,41128,41133,5
walking,41148,41133,41148,15
trotting,41155,41148,41155,7
sniffing,41283,41155,41283,128
running,41302,41283,41302,19
sniffing,41322,41302,41322,20
stepping,41330,41322,41330,8
walking,41367,41330,41367,37
stepping,41388,41367,41388,21
grooming,41696,41388,41696,308
stepping,41731,41696,41731,35
walking,41743,41731,41743,12
sniffing,41794,41743,41794,51
grooming,42240,41794,42240,446
climbing,42314,42240,42314,74
hunching,42323,42314,42323,9
rising,42533,42323,42533,210
right_turning,42573,42533,42573,40
stepping,42618,42573,42618,45
climbing,42654,42618,42654,36
grooming,42816,42654,42816,162
running,42861,42816,42861,45
trotting,42881,42861,42881,20
walking,42909,42881,42909,28
sniffing,42964,42909,42964,55
walking,42976,42964,42976,12
trotting,42980,42976,42980,4
sniffing,43121,42980,43121,141
rising,43145,43121,43145,24
sniffing,43189,43145,43189,44
climbing,43197,43189,43197,8
walking,43202,43197,43202,5
rising,43203,43202,43203,1
sniffing,43225,43203,43225,22
stepping,43230,43225,43230,5
running,43256,43230,43256,26
climbing,43290,43256,43290,34
left_turning,43335,43290,43335,45
rising,43394,43335,43394,59
grooming,43395,43394,43395,1
left_turning,43433,43395,43433,38
grooming,43456,43433,43456,23
walking,43529,43456,43529,73
sniffing,43531,43529,43531,2
rising,43552,43531,43552,21
rearing,43573,43552,43573,21
grooming,43574,43573,43574,1
rearing,43654,43574,43654,80
grooming,43829,43654,43829,175
hunching,44029,43829,44029,200
grooming,44225,44029,44225,196
rearing,44226,44225,44226,1
grooming,44410,44226,44410,184
stepping,44420,44410,44420,10
sniffing,44421,44420,44421,1
right_turning,44456,44421,44456,35
sniffing,44457,44456,44457,1
left_turning,44458,44457,44458,1
running,44506,44458,44506,48
walking,44557,44506,44557,51
left_turning,44581,44557,44581,24
walking,44634,44581,44634,53
stepping,44676,44634,44676,42
sniffing,44740,44676,44740,64
grooming,44913,44740,44913,173
rearing,44967,44913,44967,54
climbing,45002,44967,45002,35
rearing,45029,45002,45029,27
stepping,45030,45029,45030,1
walking,45084,45030,45084,54
sniffing,45139,45084,45139,55
stepping,45180,45139,45180,41
sniffing,45254,45180,45254,74
stepping,45301,45254,45301,47
sniffing,45368,45301,45368,67
grooming,45417,45368,45417,49
sniffing,45425,45417,45425,8
stepping,45456,45425,45456,31
sniffing,45457,45456,45457,1
grooming,45458,45457,45458,1
sniffing,45492,45458,45492,34
stepping,45499,45492,45499,7
walking,45502,45499,45502,3
sniffing,45503,45502,45503,1
walking,45541,45503,45541,38
stepping,45581,45541,45581,40
rising,45655,45581,45655,74
rearing,45656,45655,45656,1
grooming,46046,45656,46046,390
rearing,46047,46046,46047,1
climbing,46092,46047,46092,45
walking,46130,46092,46130,38
sniffing,46206,46130,46206,76
trotting,46209,46206,46209,3
walking,46220,46209,46220,11
grooming,46592,46220,46592,372
rearing,46702,46592,46702,110
grooming,46716,46702,46716,14
running,46744,46716,46744,28
sniffing,46745,46744,46745,1
stepping,46777,46745,46777,32
trotting,46807,46777,46807,30
sniffing,46808,46807,46808,1
running,46811,46808,46811,3
sniffing,46867,46811,46867,56
rising,46879,46867,46879,12
hunching,46924,46879,46924,45
sniffing,46933,46924,46933,9
rising,46951,46933,46951,18
climbing,46964,46951,46964,13
grooming,47207,46964,47207,243
rising,47250,47207,47250,43
rearing,47283,47250,47283,33
grooming,47401,47283,47401,118
scratching,47402,47401,47402,1
left_turning,47459,47402,47459,57
walking,47467,47459,47467,8
stepping,47480,47467,47480,13
rearing,47558,47480,47558,78
grooming,47756,47558,47756,198
right_turning,47766,47756,47766,10
rising,47767,47766,47767,1
running,47800,47767,47800,33
sniffing,47878,47800,47878,78
stepping,47903,47878,47903,25
walking,47948,47903,47948,45
stepping,47953,47948,47953,5
climbing,47983,47953,47983,30
running,48001,47983,48001,18
walking,48024,48001,48024,23
sniffing,48077,48024,48077,53
stepping,48078,48077,48078,1
walking,48127,48078,48127,49
sniffing,48139,48127,48139,12
walking,48186,48139,48186,47
stepping,48231,48186,48231,45
walking,48257,48231,48257,26
running,48280,48257,48280,23
sniffing,48285,48280,48285,5
stepping,48301,48285,48301,16
running,48340,48301,48340,39
walking,48341,48340,48341,1
sniffing,48342,48341,48342,1
walking,48356,48342,48356,14
left_turning,48428,48356,48428,72
stepping,48462,48428,48462,34
rising,48521,48462,48521,59
sniffing,48532,48521,48532,11
walking,48536,48532,48536,4
sniffing,48540,48536,48540,4
left_turning,48608,48540,48608,68
rearing,48660,48608,48660,52
left_turning,48661,48660,48661,1
stepping,48696,48661,48696,35
sniffing,48697,48696,48697,1
grooming,48738,48697,48738,41
rearing,48893,48738,48893,155
grooming,48912,48893,48912,19
hunching,48950,48912,48950,38
grooming,48951,48950,48951,1
left_turning,48952,48951,48952,1
grooming,48953,48952,48953,1
rearing,49153,48953,49153,200
hunching,49366,49153,49366,213
rearing,49422,49366,49422,56
climbing,49447,49422,49447,25
rearing,49448,49447,49448,1
stepping,49492,49448,49492,44
sniffing,49493,49492,49493,1
walking,49529,49493,49529,36
sniffing,49589,49529,49589,60
rising,49608,49589,49608,19
trotting,49647,49608,49647,39
stepping,49667,49647,49667,20
sniffing,49762,49667,49762,95
walking,49802,49762,49802,40
sniffing,49812,49802,49812,10
left_turning,49886,49812,49886,74
sniffing,49966,49886,49966,80
stepping,50094,49966,50094,128
sniffing,50095,50094,50095,1
grooming,50949,50095,50949,854
hunching,50982,50949,50982,33
grooming,51041,50982,51041,59
climbing,51092,51041,51092,51
grooming,51218,51092,51218,126
sniffing,51274,51218,51274,56
walking,51307,51274,51307,33
sniffing,51400,51307,51400,93
walking,51411,51400,51411,11
sniffing,51437,51411,51437,26
stepping,51456,51437,51456,19
right_turning,51463,51456,51463,7
stepping,51489,51463,51489,26
climbing,51533,51489,51533,44
sniffing,51545,51533,51545,12
rising,51546,51545,51546,1
sniffing,51600,51546,51600,54
climbing,51623,51600,51623,23
rising,51680,51623,51680,57
walking,51698,51680,51698,18
stepping,51716,51698,51716,18
walking,51749,51716,51749,33
sniffing,51771,51749,51771,22
scratching,51772,51771,51772,1
stepping,51793,51772,51793,21
walking,51821,51793,51821,28
grooming,51822,51821,51822,1
hunching,51839,51822,51839,17
grooming,51840,51839,51840,1
rearing,51913,51840,51913,73
grooming,51914,51913,51914,1
walking,51915,51914,51915,1
sniffing,51941,51915,51941,26
stepping,51984,51941,51984,43
walking,51993,51984,51993,9
sniffing,52021,51993,52021,28
stepping,52035,52021,52035,14
sniffing,52108,52035,52108,73
walking,52154,52108,52154,46
right_turning,52161,52154,52161,7
sniffing,52290,52161,52290,129
trotting,52292,52290,52292,2
walking,52315,52292,52315,23
sniffing,52345,52315,52345,30
running,52359,52345,52359,14
sniffing,52397,52359,52397,38
grooming,52464,52397,52464,67
sniffing,52471,52464,52471,7
left_turning,52478,52471,52478,7
rising,52479,52478,52479,1
sniffing,52497,52479,52497,18
stepping,52498,52497,52498,1
grooming,52576,52498,52576,78
scratching,52605,52576,52605,29
grooming,52606,52605,52606,1
rising,52640,52606,52640,34
grooming,52777,52640,52777,137
stepping,52802,52777,52802,25
right_turning,52809,52802,52809,7
sniffing,52893,52809,52893,84
right_turning,52920,52893,52920,27
walking,52958,52920,52958,38
stepping,52980,52958,52980,22
right_turning,53006,52980,53006,26
scratching,53121,53006,53121,115
grooming,53392,53121,53392,271
left_turning,53393,53392,53393,1
sniffing,53410,53393,53410,17
left_turning,53429,53410,53429,19
rising,53430,53429,53430,1
climbing,53474,53430,53474,44
grooming,54122,53474,54122,648
running,54135,54122,54135,13
right_turning,54149,54135,54149,14
climbing,54234,54149,54234,85
walking,54271,54234,54271,37
rising,54309,54271,54309,38
grooming,54328,54309,54328,19
left_turning,54356,54328,54356,28
stepping,54367,54356,54367,11
rising,54407,54367,54407,40
rearing,54419,54407,54419,12
grooming,54468,54419,54468,49
rearing,54502,54468,54502,34
grooming,54503,54502,54503,1
rearing,54504,54503,54504,1
climbing,54518,54504,54518,14
trotting,54539,54518,54539,21
running,54568,54539,54568,29
sniffing,54673,54568,54673,105
walking,54684,54673,54684,11
stepping,54687,54684,54687,3
grooming,54689,54687,54689,2
scratching,54769,54689,54769,80
walking,54784,54769,54784,15
right_turning,54793,54784,54793,9
walking,54817,54793,54817,24
trotting,54839,54817,54839,22
walking,54880,54839,54880,41
trotting,54910,54880,54910,30
stepping,55005,54910,55005,95
climbing,55028,55005,55028,23
right_turning,55031,55028,55031,3
sniffing,55054,55031,55054,23
stepping,55077,55054,55077,23
sniffing,55110,55077,55110,33
walking,55132,55110,55132,22
stepping,55187,55132,55187,55
climbing,55223,55187,55223,36
sniffing,55224,55223,55224,1
rearing,55374,55224,55374,150
grooming,55375,55374,55375,1
hunching,55396,55375,55396,21
grooming,55469,55396,55469,73
right_turning,55506,55469,55506,37
trotting,55536,55506,55536,30
walking,55552,55536,55552,16
trotting,55573,55552,55573,21
grooming,55631,55573,55631,58
climbing,55634,55631,55634,3
grooming,55635,55634,55635,1
hunching,55649,55635,55649,14
grooming,55848,55649,55848,199
sniffing,55937,55848,55937,89
right_turning,55962,55937,55962,25
sniffing,55967,55962,55967,5
rising,55991,55967,55991,24
sniffing,56081,55991,56081,90
walking,56102,56081,56102,21
sniffing,56112,56102,56112,10
right_turning,56134,56112,56134,22
stepping,56141,56134,56141,7
sniffing,56145,56141,56145,4
climbing,56147,56145,56147,2
grooming,56148,56147,56148,1
sniffing,56207,56148,56207,59
walking,56224,56207,56224,17
sniffing,56284,56224,56284,60
right_turning,56285,56284,56285,1
stepping,56329,56285,56329,44
grooming,56459,56329,56459,130
sniffing,56464,56459,56464,5
rising,56515,56464,56515,51
rearing,56516,56515,56516,1
grooming,56517,56516,56517,1
sniffing,56567,56517,56567,50
stepping,56607,56567,56607,40
sniffing,56631,56607,56631,24
stepping,56636,56631,56636,5
sniffing,56781,56636,56781,145
grooming,56782,56781,56782,1
rearing,56802,56782,56802,20
climbing,56852,56802,56852,50
left_turning,56853,56852,56853,1
grooming,56854,56853,56854,1
sniffing,56894,56854,56894,40
rising,56951,56894,56951,57
climbing,57004,56951,57004,53
left_turning,57068,57004,57068,64
sniffing,57106,57068,57106,38
walking,57116,57106,57116,10
stepping,57151,57116,57151,35
grooming,57455,57151,57455,304
sniffing,57503,57455,57503,48
grooming,57677,57503,57677,174
rearing,57698,57677,57698,21
walking,57717,57698,57717,19
stepping,57725,57717,57725,8
rearing,57754,57725,57754,29
climbing,57789,57754,57789,35
left_turning,57802,57789,57802,13
rising,57803,57802,57803,1
rearing,57804,57803,57804,1
walking,57818,57804,57818,14
sniffing,57845,57818,57845,27
left_turning,57876,57845,57876,31
walking,57877,57876,57877,1
sniffing,57937,57877,57937,60
right_turning,57995,57937,57995,58
walking,58028,57995,58028,33
right_turning,58029,58028,58029,1
walking,58039,58029,58039,10
climbing,58064,58039,58064,25
running,58078,58064,58078,14
walking,58097,58078,58097,19
sniffing,58144,58097,58144,47
left_turning,58145,58144,58145,1
grooming,58146,58145,58146,1
climbing,58173,58146,58173,27
trotting,58200,58173,58200,27
sniffing,58368,58200,58368,168
stepping,58369,58368,58369,1
sniffing,58445,58369,58445,76
walking,58446,58445,58446,1
left_turning,58490,58446,58490,44
walking,58515,58490,58515,25
sniffing,58553,58515,58553,38
grooming,58703,58553,58703,150
left_turning,58704,58703,58704,1
grooming,58954,58704,58954,250
rearing,59047,58954,59047,93
grooming,59286,59047,59286,239
rearing,59287,59286,59287,1
climbing,59319,59287,59319,32
right_turning,59338,59319,59338,19
sniffing,59419,59338,59419,81
rising,59535,59419,59535,116
stepping,59554,59535,59554,19
sniffing,59580,59554,59580,26
left_turning,59614,59580,59614,34
stepping,59647,59614,59647,33
sniffing,59690,59647,59690,43
walking,59721,59690,59721,31
trotting,59770,59721,59770,49
running,59792,59770,59792,22
stepping,59795,59792,59795,3
grooming,59846,59795,59846,51
scratching,59915,59846,59915,69
sniffing,59979,59915,59979,64
left_turning,59980,59979,59980,1
sniffing,59981,59980,59981,1
stepping,59994,59981,59994,13
sniffing,59995,59994,59995,1
right_turning,60036,59995,60036,41
walking,60047,60036,60047,11
sniffing,60048,60047,60048,1
grooming,60352,60048,60352,304
scratching,60425,60352,60425,73
grooming,60426,60425,60426,1
rearing,60451,60426,60451,25
climbing,60470,60451,60470,19
left_turning,60737,60470,60737,267
sniffing,60738,60737,60738,1
stepping,60773,60738,60773,35
running,60795,60773,60795,22
rearing,60823,60795,60823,28
walking,60834,60823,60834,11
stepping,60837,60834,60837,3
climbing,60856,60837,60856,19
left_turning,60927,60856,60927,71
stepping,60946,60927,60946,19
rising,60947,60946,60947,1
grooming,61131,60947,61131,184
rearing,61194,61131,61194,63
rising,61246,61194,61246,52
rearing,61273,61246,61273,27
grooming,61274,61273,61274,1
sniffing,61288,61274,61288,14
stepping,61313,61288,61313,25
walking,61314,61313,61314,1
trotting,61338,61314,61338,24
sniffing,61356,61338,61356,18
walking,61376,61356,61376,20
trotting,61399,61376,61399,23
sniffing,61429,61399,61429,30
stepping,61455,61429,61455,26
sniffing,61472,61455,61472,17
left_turning,61533,61472,61533,61
grooming,61534,61533,61534,1
hunching,61607,61534,61607,73
rearing,61611,61607,61611,4
jumping,61694,61611,61694,83
running,61704,61694,61704,10
rearing,61722,61704,61722,18
grooming,61818,61722,61818,96
sniffing,61874,61818,61874,56
grooming,62071,61874,62071,197
sniffing,62184,62071,62184,113
left_turning,62208,62184,62208,24
sniffing,62237,62208,62237,29
stepping,62256,62237,62256,19
sniffing,62257,62256,62257,1
walking,62258,62257,62258,1
grooming,62259,62258,62259,1
sniffing,62263,62259,62263,4
stepping,62345,62263,62345,82
sniffing,62382,62345,62382,37
left_turning,62395,62382,62395,13
sniffing,62435,62395,62435,40
grooming,62436,62435,62436,1
hunching,62634,62436,62634,198
grooming,63016,62634,63016,382
trotting,63048,63016,63048,32
walking,63072,63048,63072,24
rising,63097,63072,63097,25
rearing,63133,63097,63133,36
grooming,63134,63133,63134,1
sniffing,63165,63134,63165,31
walking,63166,63165,63166,1
sniffing,63280,63166,63280,114
rising,63318,63280,63318,38
climbing,63319,63318,63319,1
walking,63376,63319,63376,57
stepping,63456,63376,63456,80
sniffing,63555,63456,63555,99
grooming,63650,63555,63650,95
rising,63651,63650,63651,1
walking,63679,63651,63679,28
stepping,63686,63679,63686,7
climbing,63784,63686,63784,98
stepping,63806,63784,63806,22
hunching,63817,63806,63817,11
grooming,63876,63817,63876,59
sniffing,63941,63876,63941,65
rising,63949,63941,63949,8
grooming,63975,63949,63975,26
walking,64002,63975,64002,27
sniffing,64045,64002,64045,43
left_turning,64081,64045,64081,36
walking,64123,64081,64123,42
running,64134,64123,64134,11
walking,64202,64134,64202,68
sniffing,64297,64202,64297,95
rearing,64393,64297,64393,96
sniffing,64504,64393,64504,111
walking,64505,64504,64505,1
rising,64845,64505,64845,340
stepping,64867,64845,64867,22
sniffing,64928,64867,64928,61
walking,64964,64928,64964,36
stepping,65007,64964,65007,43
grooming,65242,65007,65242,235
walking,65243,65242,65243,1
sniffing,65251,65243,65251,8
left_turning,65285,65251,65285,34
rising,65286,65285,65286,1
stepping,65287,65286,65287,1
rearing,65351,65287,65351,64
grooming,65530,65351,65530,179
rising,65535,65530,65535,5
climbing,65581,65535,65581,46
walking,65615,65581,65615,34
stepping,65658,65615,65658,43
walking,65670,65658,65670,12
stepping,65697,65670,65697,27
rearing,65773,65697,65773,76
climbing,65836,65773,65836,63
grooming,65892,65836,65892,56
rearing,66003,65892,66003,111
climbing,66041,66003,66041,38
grooming,66301,66041,66301,260
sniffing,66388,66301,66388,87
hunching,66457,66388,66457,69
rearing,66506,66457,66506,49
sniffing,66529,66506,66529,23
rising,66592,66529,66592,63
sniffing,66674,66592,66674,82
left_turning,66730,66674,66730,56
stepping,66731,66730,66731,1
climbing,66782,66731,66782,51
walking,66846,66782,66846,64
trotting,66852,66846,66852,6
rising,66868,66852,66868,16
right_turning,66901,66868,66901,33
sniffing,66914,66901,66914,13
rearing,66942,66914,66942,28
grooming,66943,66942,66943,1
stepping,66966,66943,66966,23
rearing,67010,66966,67010,44
grooming,67011,67010,67011,1
rising,67016,67011,67016,5
sniffing,67084,67016,67084,68
scratching,67102,67084,67102,18
sniffing,67147,67102,67147,45
right_turning,67164,67147,67164,17
walking,67174,67164,67174,10
stepping,67181,67174,67181,7
sniffing,67377,67181,67377,196
stepping,67380,67377,67380,3
walking,67394,67380,67394,14
sniffing,67411,67394,67411,17
grooming,67564,67411,67564,153
walking,67623,67564,67623,59
sniffing,67704,67623,67704,81
right_turning,67720,67704,67720,16
walking,67724,67720,67724,4
trotting,67769,67724,67769,45
sniffing,67770,67769,67770,1
rising,67784,67770,67784,14
stepping,67838,67784,67838,54
sniffing,67858,67838,67858,20
walking,67897,67858,67897,39
sniffing,67898,67897,67898,1
walking,67899,67898,67899,1
left_turning,67941,67899,67941,42
walking,67965,67941,67965,24
sniffing,68015,67965,68015,50
right_turning,68030,68015,68030,15
sniffing,68084,68030,68084,54
walking,68139,68084,68139,55
sniffing,68140,68139,68140,1
grooming,68239,68140,68239,99
rearing,68317,68239,68317,78
grooming,68513,68317,68513,196
climbing,68575,68513,68575,62
walking,68577,68575,68577,2
rearing,68662,68577,68662,85
grooming,68692,68662,68692,30
pausing,68842,68692,68842,150
sniffing,68930,68842,68930,88
grooming,68931,68930,68931,1
sniffing,69223,68931,69223,292
grooming,69406,69223,69406,183
left_turning,69407,69406,69407,1
sniffing,69429,69407,69429,22
grooming,69874,69429,69874,445
stepping,69921,69874,69921,47
climbing,69994,69921,69994,73
rearing,70025,69994,70025,31
right_turning,70066,70025,70066,41
sniffing,70076,70066,70076,10
walking,70082,70076,70082,6
rising,70122,70082,70122,40
left_turning,70156,70122,70156,34
walking,70157,70156,70157,1
sniffing,70203,70157,70203,46
stepping,70231,70203,70231,28
walking,70278,70231,70278,47
sniffing,70341,70278,70341,63
right_turning,70384,70341,70384,43
walking,70429,70384,70429,45
sniffing,70498,70429,70498,69
right_turning,70504,70498,70504,6
rising,70528,70504,70528,24
rearing,70529,70528,70529,1
rising,70580,70529,70580,51
sniffing,70592,70580,70592,12
left_turning,70631,70592,70631,39
rising,70638,70631,70638,7
climbing,70664,70638,70664,26
grooming,71153,70664,71153,489
rearing,71215,71153,71215,62
grooming,71246,71215,71246,31
stepping,71295,71246,71295,49
sniffing,71434,71295,71434,139
left_turning,71485,71434,71485,51
sniffing,71625,71485,71625,140
walking,71635,71625,71635,10
sniffing,71670,71635,71670,35
left_turning,71698,71670,71698,28
grooming,71699,71698,71699,1
climbing,71740,71699,71740,41
right_turning,71761,71740,71761,21
sniffing,71775,71761,71775,14
rising,71831,71775,71831,56
stepping,71857,71831,71857,26
rising,71919,71857,71919,62
climbing,71928,71919,71928,9
rising,71977,71928,71977,49
sniffing,71983,71977,71983,6
climbing,72023,71983,72023,40
sniffing,72053,72023,72053,30
walking,72078,72053,72078,25
sniffing,72099,72078,72099,21
rearing,72109,72099,72109,10
sniffing,72247,72109,72247,138
scratching,72248,72247,72248,1
walking,72338,72248,72338,90
stepping,72339,72338,72339,1
trotting,72359,72339,72359,20
walking,72374,72359,72374,15
trotting,72396,72374,72396,22
stepping,72403,72396,72403,7
sniffing,72459,72403,72459,56
rising,72496,72459,72496,37
grooming,72885,72496,72885,389
climbing,72955,72885,72955,70
grooming,72956,72955,72956,1
sniffing,73012,72956,73012,56
walking,73027,73012,73027,15
sniffing,73077,73027,73077,50
stepping,73127,73077,73127,50
walking,73158,73127,73158,31
rising,73182,73158,73182,24
hunching,73340,73182,73340,158
walking,73407,73340,73407,67
sniffing,73455,73407,73455,48
stepping,73505,73455,73505,50
sniffing,73554,73505,73554,49
left_turning,73823,73554,73823,269
rising,73826,73823,73826,3
sniffing,73888,73826,73888,62
rising,73910,73888,73910,22
climbing,73960,73910,73960,50
right_turning,73967,73960,73967,7
rearing,73973,73967,73973,6
hunching,74046,73973,74046,73
rearing,74086,74046,74086,40
stepping,74097,74086,74097,11
sniffing,74172,74097,74172,75
walking,74175,74172,74175,3
trotting,74189,74175,74189,14
walking,74230,74189,74230,41
sniffing,74264,74230,74264,34
walking,74290,74264,74290,26
stepping,74355,74290,74355,65
sniffing,74379,74355,74379,24
walking,74408,74379,74408,29
sniffing,74463,74408,74463,55
stepping,74475,74463,74475,12
sniffing,74495,74475,74495,20
walking,74496,74495,74496,1
sniffing,74503,74496,74503,7
walking,74518,74503,74518,15
sniffing,74591,74518,74591,73
stepping,74606,74591,74606,15
climbing,74658,74606,74658,52
trotting,74684,74658,74684,26
walking,74685,74684,74685,1
stepping,74704,74685,74704,19
climbing,74725,74704,74725,21
stepping,74802,74725,74802,77
sniffing,74803,74802,74803,1
rising,74805,74803,74805,2
sniffing,74816,74805,74816,11
stepping,74903,74816,74903,87
rearing,74936,74903,74936,33
climbing,75010,74936,75010,74
running,75039,75010,75039,29
stepping,75054,75039,75054,15
walking,75094,75054,75094,40
sniffing,75136,75094,75136,42
walking,75172,75136,75172,36
right_turning,75201,75172,75201,29
sniffing,75249,75201,75249,48
left_turning,75289,75249,75289,40
sniffing,75303,75289,75303,14
running,75330,75303,75330,27
trotting,75348,75330,75348,18
sniffing,75364,75348,75364,16
pausing,75514,75364,75514,150
sniffing,75553,75514,75553,39
right_turning,75584,75553,75584,31
sniffing,75656,75584,75656,72
rising,75698,75656,75698,42
right_turning,75713,75698,75713,15
grooming,76153,75713,76153,440
rearing,76177,76153,76177,24
hunching,76257,76177,76257,80
grooming,76268,76257,76268,11
sniffing,76315,76268,76315,47
left_turning,76327,76315,76327,12
running,76352,76327,76352,25
stepping,76382,76352,76382,30
sniffing,76429,76382,76429,47
scratching,76574,76429,76574,145
stepping,76609,76574,76609,35
walking,76610,76609,76610,1
sniffing,76616,76610,76616,6
walking,76680,76616,76680,64
sniffing,76726,76680,76726,46
right_turning,76731,76726,76731,5
walking,76749,76731,76749,18
sniffing,76767,76749,76767,18
stepping,76788,76767,76788,21
sniffing,76791,76788,76791,3
stepping,76802,76791,76802,11
climbing,76885,76802,76885,83
running,76906,76885,76906,21
trotting,76925,76906,76925,19
sniffing,76978,76925,76978,53
walking,77004,76978,77004,26
sniffing,77067,77004,77067,63
left_turning,77097,77067,77097,30
sniffing,77127,77097,77127,30
stepping,77136,77127,77136,9
rearing,77201,77136,77201,65
grooming,77412,77201,77412,211
hunching,77449,77412,77449,37
rearing,77497,77449,77497,48
grooming,77895,77497,77895,398
hunching,77979,77895,77979,84
rearing,78069,77979,78069,90
grooming,78154,78069,78154,85
sniffing,78279,78154,78279,125
rising,78304,78279,78304,25
jumping,78317,78304,78317,13
stepping,78336,78317,78336,19
rising,78342,78336,78342,6
rearing,78430,78342,78430,88
walking,78444,78430,78444,14
running,78470,78444,78470,26
sniffing,78661,78470,78661,191
scratching,78768,78661,78768,107
grooming,78909,78768,78909,141
sniffing,78931,78909,78931,22
rearing,78961,78931,78961,30
hunching,79077,78961,79077,116
rearing,79155,79077,79155,78
grooming,79156,79155,79156,1
sniffing,79183,79156,79183,27
stepping,79208,79183,79208,25
walking,79231,79208,79231,23
stepping,79278,79231,79278,47
sniffing,79330,79278,79330,52
walking,79345,79330,79345,15
sniffing,79461,79345,79461,116
rising,79485,79461,79485,24
climbing,79524,79485,79524,39
trotting,79535,79524,79535,11
walking,79542,79535,79542,7
sniffing,79552,79542,79552,10
stepping,79618,79552,79618,66
sniffing,79642,79618,79642,24
walking,79673,79642,79673,31
right_turning,79682,79673,79682,9
stepping,79685,79682,79685,3
sniffing,79702,79685,79702,17
grooming,79769,79702,79769,67
rearing,79825,79769,79825,56
grooming,79826,79825,79826,1
walking,79884,79826,79884,58
stepping,79885,79884,79885,1
sniffing,79900,79885,79900,15
grooming,79901,79900,79901,1
rearing,79953,79901,79953,52
walking,79979,79953,79979,26
left_turning,79980,79979,79980,1
sniffing,80014,79980,80014,34
walking,80015,80014,80015,1
stepping,80036,80015,80036,21
trotting,80061,80036,80061,25
rising,80099,80061,80099,38
sniffing,80100,80099,80100,1
grooming,80269,80100,80269,169
sniffing,80282,80269,80282,13
walking,80293,80282,80293,11
sniffing,80302,80293,80302,9
rising,80317,80302,80317,15
sniffing,80331,80317,80331,14
walking,80348,80331,80348,17
stepping,80375,80348,80375,27
sniffing,80403,80375,80403,28
walking,80408,80403,80408,5
right_turning,80439,80408,80439,31
sniffing,80495,80439,80495,56
walking,80533,80495,80533,38
sniffing,80596,80533,80596,63
rearing,80660,80596,80660,64
grooming,80866,80660,80866,206
rearing,80939,80866,80939,73
grooming,81140,80939,81140,201
rearing,81180,81140,81180,40
climbing,81188,81180,81188,8
sniffing,81210,81188,81210,22
grooming,81550,81210,81550,340
left_turning,81583,81550,81583,33
rearing,81624,81583,81624,41
climbing,81691,81624,81691,67
sniffing,81712,81691,81712,21
walking,81752,81712,81752,40
trotting,81777,81752,81777,25
stepping,81895,81777,81895,118
grooming,82183,81895,82183,288
scratching,82343,82183,82343,160
grooming,82598,82343,82598,255
climbing,82644,82598,82644,46
hunching,82733,82644,82733,89
grooming,82792,82733,82792,59
sniffing,82856,82792,82856,64
grooming,82857,82856,82857,1
rearing,82858,82857,82858,1
climbing,82883,82858,82883,25
rearing,83168,82883,83168,285
climbing,83196,83168,83196,28
right_turning,83223,83196,83223,27
rising,83255,83223,83255,32
walking,83297,83255,83297,42
right_turning,83329,83297,83329,32
left_turning,83379,83329,83379,50
sniffing,83380,83379,83380,1
walking,83435,83380,83435,55
rearing,83489,83435,83489,54
grooming,83665,83489,83665,176
rearing,83740,83665,83740,75
climbing,83819,83740,83819,79
walking,83876,83819,83876,57
rising,83922,83876,83922,46
stepping,83947,83922,83947,25
rearing,84103,83947,84103,156
left_turning,84129,84103,84129,26
running,84136,84129,84136,7
walking,84146,84136,84146,10
trotting,84169,84146,84169,23
sniffing,84178,84169,84178,9
grooming,84573,84178,84573,395
rearing,84623,84573,84623,50
sniffing,84727,84623,84727,104
walking,84758,84727,84758,31
sniffing,84773,84758,84773,15
walking,84851,84773,84851,78
rearing,84852,84851,84852,1
left_turning,84853,84852,84853,1
trotting,84889,84853,84889,36
walking,84908,84889,84908,19
sniffing,85044,84908,85044,136
rearing,85150,85044,85150,106
left_turning,85182,85150,85182,32
walking,85224,85182,85224,42
rising,85247,85224,85247,23
climbing,85300,85247,85300,53
stepping,85315,85300,85315,15
grooming,85316,85315,85316,1
walking,85335,85316,85335,19
stepping,85339,85335,85339,4
sniffing,85353,85339,85353,14
scratching,85376,85353,85376,23
sniffing,85433,85376,85433,57
right_turning,85434,85433,85434,1
walking,85461,85434,85461,27
sniffing,85479,85461,85479,18
trotting,85497,85479,85497,18
sniffing,85619,85497,85619,122
scratching,85666,85619,85666,47
grooming,85898,85666,85898,232
sniffing,85919,85898,85919,21
stepping,85920,85919,85920,1
rising,85997,85920,85997,77
hunching,86231,85997,86231,234
sniffing,86324,86231,86324,93
walking,86362,86324,86362,38
sniffing,86364,86362,86364,2
walking,86365,86364,86365,1
rearing,86443,86365,86443,78
rising,86474,86443,86474,31
climbing,86530,86474,86530,56
rearing,86589,86530,86589,59
sniffing,86629,86589,86629,40
rising,86677,86629,86677,48
rearing,86771,86677,86771,94
walking,86789,86771,86789,18
sniffing,86872,86789,86872,83
stepping,86959,86872,86959,87
sniffing,86966,86959,86966,7
stepping,86994,86966,86994,28
sniffing,87034,86994,87034,40
right_turning,87051,87034,87051,17
walking,87126,87051,87126,75
right_turning,87127,87126,87127,1
walking,87129,87127,87129,2
stepping,87178,87129,87178,49
walking,87179,87178,87179,1
trotting,87192,87179,87192,13
sniffing,87261,87192,87261,69
walking,87318,87261,87318,57
sniffing,87381,87318,87381,63
rising,87454,87381,87454,73
rearing,87540,87454,87540,86
trotting,87572,87540,87572,32
sniffing,87634,87572,87634,62
walking,87655,87634,87655,21
stepping,87656,87655,87656,1
trotting,87689,87656,87689,33
stepping,87715,87689,87715,26
walking,87731,87715,87731,16
sniffing,87761,87731,87761,30
rising,87811,87761,87811,50
rearing,87865,87811,87865,54
climbing,87895,87865,87895,30
sniffing,88160,87895,88160,265
grooming,88195,88160,88195,35
scratching,88418,88195,88418,223
sniffing,88419,88418,88419,1
walking,88447,88419,88447,28
running,88476,88447,88476,29
sniffing,88534,88476,88534,58
rearing,88594,88534,88594,60
rising,88596,88594,88596,2
grooming,88702,88596,88702,106
climbing,88769,88702,88769,67
right_turning,88770,88769,88770,1
sniffing,88786,88770,88786,16
stepping,88817,88786,88817,31
walking,88835,88817,88835,18
stepping,88869,88835,88869,34
rising,88900,88869,88900,31
grooming,88901,88900,88901,1
right_turning,88911,88901,88911,10
stepping,88934,88911,88934,23
walking,88954,88934,88954,20
sniffing,88977,88954,88977,23
right_turning,89003,88977,89003,26
walking,89019,89003,89019,16
sniffing,89099,89019,89099,80
walking,89100,89099,89100,1
sniffing,89127,89100,89127,27
rising,89261,89127,89261,134
rearing,89333,89261,89333,72
grooming,90134,89333,90134,801
sniffing,90205,90134,90205,71
stepping,90223,90205,90223,18
sniffing,90224,90223,90224,1
rearing,90281,90224,90281,57
grooming,90561,90281,90561,280
climbing,90582,90561,90582,21
running,90617,90582,90617,35
trotting,90628,90617,90628,11
stepping,90663,90628,90663,35
sniffing,90688,90663,90688,25
rising,90693,90688,90693,5
sniffing,90715,90693,90715,22
stepping,90770,90715,90770,55
sniffing,90771,90770,90771,1
stepping,90796,90771,90796,25
sniffing,90849,90796,90849,53
trotting,90887,90849,90887,38
walking,90900,90887,90900,13
sniffing,90947,90900,90947,47
stepping,90974,90947,90974,27
sniffing,91040,90974,91040,66
stepping,91076,91040,91076,36
sniffing,91169,91076,91169,93
stepping,91170,91169,91170,1
walking,91185,91170,91185,15
trotting,91230,91185,91230,45
stepping,91261,91230,91261,31
sniffing,91493,91261,91493,232
right_turning,91499,91493,91499,6
walking,91515,91499,91515,16
stepping,91544,91515,91544,29
rising,91596,91544,91596,52
rearing,91685,91596,91685,89
climbing,91756,91685,91756,71
grooming,91757,91756,91757,1
hunching,91832,91757,91832,75
walking,91862,91832,91862,30
grooming,91993,91862,91993,131
walking,92011,91993,92011,18
trotting,92029,92011,92029,18
grooming,92073,92029,92073,44
sniffing,92198,92073,92198,125
scratching,92230,92198,92230,32
left_turning,92238,92230,92238,8
rising,92277,92238,92277,39
stepping,92307,92277,92307,30
sniffing,92389,92307,92389,82
hunching,92426,92389,92426,37
rearing,92464,92426,92464,38
climbing,92499,92464,92499,35
walking,92515,92499,92515,16
sniffing,92522,92515,92522,7
stepping,92531,92522,92531,9
sniffing,92674,92531,92674,143
rising,92698,92674,92698,24
sniffing,92800,92698,92800,102
stepping,92821,92800,92821,21
rearing,92948,92821,92948,127
hunching,93009,92948,93009,61
rearing,93047,93009,93047,38
rising,93083,93047,93083,36
rearing,93112,93083,93112,29
left_turning,93185,93112,93185,73
sniffing,93186,93185,93186,1
rearing,93187,93186,93187,1
rising,93188,93187,93188,1
sniffing,93205,93188,93205,17
trotting,93215,93205,93215,10
stepping,93244,93215,93244,29
walking,93291,93244,93291,47
grooming,93364,93291,93364,73
rearing,93401,93364,93401,37
grooming,93414,93401,93414,13
rising,93484,93414,93484,70
climbing,93509,93484,93509,25
left_turning,93527,93509,93527,18
stepping,93546,93527,93546,19
sniffing,93615,93546,93615,69
rising,93645,93615,93645,30
sniffing,93680,93645,93680,35
grooming,93732,93680,93732,52
sniffing,93733,93732,93733,1
left_turning,93758,93733,93758,25
grooming,93759,93758,93759,1
sniffing,93818,93759,93818,59
walking,93840,93818,93840,22
rising,93875,93840,93875,35
walking,93876,93875,93876,1
sniffing,93895,93876,93895,19
grooming,93896,93895,93896,1
sniffing,93926,93896,93926,30
trotting,93945,93926,93945,19
walking,93980,93945,93980,35
sniffing,94059,93980,94059,79
pausing,94311,94059,94311,252
left_turning,94346,94311,94346,35
rising,94377,94346,94377,31
left_turning,94378,94377,94378,1
rearing,94414,94378,94414,36
stepping,94417,94414,94417,3
walking,94430,94417,94430,13
climbing,94464,94430,94464,34
grooming,94877,94464,94877,413
rising,94938,94877,94938,61
sniffing,95038,94938,95038,100
stepping,95068,95038,95068,30
sniffing,95102,95068,95102,34
stepping,95103,95102,95103,1
walking,95130,95103,95130,27
stepping,95131,95130,95131,1
walking,95162,95131,95162,31
rearing,95218,95162,95218,56
rising,95248,95218,95248,30
climbing,95285,95248,95285,37
rearing,95301,95285,95301,16
rising,95362,95301,95362,61
climbing,95376,95362,95376,14
grooming,95444,95376,95444,68
left_turning,95487,95444,95487,43
grooming,95535,95487,95535,48
left_turning,95573,95535,95573,38
trotting,95601,95573,95601,28
stepping,95602,95601,95602,1
rearing,95792,95602,95792,190
hunching,95891,95792,95891,99
grooming,95982,95891,95982,91
trotting,96015,95982,96015,33
stepping,96052,96015,96052,37
rising,96065,96052,96065,13
left_turning,96083,96065,96083,18
sniffing,96084,96083,96084,1
rising,96085,96084,96085,1
stepping,96086,96085,96086,1
grooming,96087,96086,96087,1
sniffing,96216,96087,96216,129
grooming,96333,96216,96333,117
hunching,96334,96333,96334,1
rearing,96392,96334,96392,58
trotting,96426,96392,96426,34
stepping,96442,96426,96442,16
walking,96491,96442,96491,49
sniffing,96577,96491,96577,86
walking,96580,96577,96580,3
rising,96593,96580,96593,13
left_turning,96804,96593,96804,211
grooming,96946,96804,96946,142
walking,96957,96946,96957,11
rearing,97000,96957,97000,43
left_turning,97001,97000,97001,1
walking,97002,97001,97002,1
sniffing,97096,97002,97096,94
grooming,97174,97096,97174,78
rising,97186,97174,97186,12
rearing,97187,97186,97187,1
climbing,97215,97187,97215,28
walking,97249,97215,97249,34
sniffing,97351,97249,97351,102
stepping,97353,97351,97353,2
grooming,97560,97353,97560,207
sniffing,97596,97560,97596,36
walking,97627,97596,97627,31
sniffing,97764,97627,97764,137
walking,97765,97764,97765,1
stepping,97786,97765,97786,21
sniffing,97807,97786,97807,21
left_turning,97845,97807,97845,38
rearing,98036,97845,98036,191
rising,98050,98036,98050,14
sniffing,98088,98050,98088,38
left_turning,98139,98088,98139,51
stepping,98164,98139,98164,25
climbing,98222,98164,98222,58
rearing,98346,98222,98346,124
walking,98350,98346,98350,4
rising,98362,98350,98362,12
rearing,98369,98362,98369,7
grooming,98535,98369,98535,166
right_turning,98547,98535,98547,12
sniffing,98650,98547,98650,103
climbing,98680,98650,98680,30
grooming,98681,98680,98681,1
sniffing,98694,98681,98694,13
stepping,98703,98694,98703,9
sniffing,98715,98703,98715,12
left_turning,98734,98715,98734,19
sniffing,98756,98734,98756,22
stepping,98776,98756,98776,20
rising,98794,98776,98794,18
sniffing,98811,98794,98811,17
rearing,98890,98811,98890,79
running,98942,98890,98942,52
trotting,98969,98942,98969,27
walking,98983,98969,98983,14
trotting,99009,98983,99009,26
sniffing,99019,99009,99019,10
stepping,99069,99019,99069,50
climbing,99146,99069,99146,77
sniffing,99207,99146,99207,61
grooming,99220,99207,99220,13
hunching,99275,99220,99275,55
grooming,99276,99275,99276,1
sniffing,99286,99276,99286,10
stepping,99322,99286,99322,36
rising,99348,99322,99348,26
hunching,99461,99348,99461,113
grooming,99462,99461,99462,1
rearing,99601,99462,99601,139
grooming,99602,99601,99602,1
rearing,99707,99602,99707,105
grooming,99805,99707,99805,98
scratching,99909,99805,99909,104
grooming,99925,99909,99925,16
hunching,99968,99925,99968,43
grooming,99969,99968,99969,1
stepping,99970,99969,99970,1
sniffing,100019,99970,100019,49
trotting,100036,100019,100036,17
walking,100077,100036,100077,41
stepping,100097,100077,100097,20
climbing,100176,100097,100176,79
rising,100235,100176,100235,59
climbing,100246,100235,100246,11
hunching,100277,100246,100277,31
climbing,100278,100277,100278,1
left_turning,100279,100278,100279,1
sniffing,100355,100279,100355,76
grooming,100377,100355,100377,22
hunching,100415,100377,100415,38
rearing,100457,100415,100457,42
grooming,100473,100457,100473,16
rearing,100565,100473,100565,92
left_turning,100566,100565,100566,1
stepping,100631,100566,100631,65
grooming,101225,100631,101225,594
hunching,101300,101225,101300,75
rearing,101347,101300,101347,47
walking,101377,101347,101377,30
sniffing,101399,101377,101399,22
rearing,101556,101399,101556,157
stepping,101610,101556,101610,54
sniffing,101611,101610,101611,1
rising,101622,101611,101622,11
hunching,101639,101622,101639,17
grooming,101730,101639,101730,91
hunching,101808,101730,101808,78
rearing,101820,101808,101820,12
grooming,101977,101820,101977,157
hunching,102000,101977,102000,23
rearing,102179,102000,102179,179
climbing,102276,102179,102276,97
rearing,102290,102276,102290,14
stepping,102302,102290,102302,12
walking,102325,102302,102325,23
sniffing,102326,102325,102326,1
stepping,102351,102326,102351,25
walking,102376,102351,102376,25
sniffing,102461,102376,102461,85
walking,102462,102461,102462,1
sniffing,102525,102462,102525,63
stepping,102584,102525,102584,59
rising,102640,102584,102640,56
climbing,102712,102640,102712,72
running,102732,102712,102732,20
walking,102790,102732,102790,58
stepping,102793,102790,102793,3
rising,102838,102793,102838,45
rearing,102886,102838,102886,48
grooming,103209,102886,103209,323
sniffing,103215,103209,103215,6
rising,103216,103215,103216,1
rearing,103248,103216,103248,32
sniffing,103249,103248,103249,1
stepping,103261,103249,103261,12
grooming,103267,103261,103267,6
hunching,103384,103267,103384,117
grooming,103449,103384,103449,65
sniffing,103572,103449,103572,123
grooming,103631,103572,103631,59
scratching,103638,103631,103638,7
sniffing,103708,103638,103708,70
right_turning,103719,103708,103719,11
rearing,103720,103719,103720,1
grooming,103721,103720,103721,1
sniffing,103806,103721,103806,85
stepping,103891,103806,103891,85
sniffing,103973,103891,103973,82
stepping,104002,103973,104002,29
walking,104034,104002,104034,32
stepping,104075,104034,104075,41
sniffing,104103,104075,104103,28
stepping,104127,104103,104127,24
walking,104170,104127,104170,43
stepping,104186,104170,104186,16
sniffing,104187,104186,104187,1
left_turning,104308,104187,104308,121
walking,104346,104308,104346,38
sniffing,104360,104346,104360,14
stepping,104381,104360,104381,21
rising,104390,104381,104390,9
hunching,104513,104390,104513,123
grooming,104514,104513,104514,1
walking,104520,104514,104520,6
sniffing,104782,104520,104782,262
rising,104783,104782,104783,1
grooming,104784,104783,104784,1
sniffing,104785,104784,104785,1
grooming,104838,104785,104838,53
rearing,104990,104838,104990,152
grooming,105757,104990,105757,767
walking,105758,105757,105758,1
stepping,105805,105758,105805,47
walking,105841,105805,105841,36
rising,105850,105841,105850,9
climbing,105897,105850,105897,47
grooming,105953,105897,105953,56
left_turning,106015,105953,106015,62
stepping,106061,106015,106061,46
rearing,106075,106061,106075,14
grooming,106517,106075,106517,442
sniffing,106569,106517,106569,52
walking,106642,106569,106642,73
stepping,106731,106642,106731,89
sniffing,106734,106731,106734,3
grooming,106805,106734,106805,71
trotting,106830,106805,106830,25
right_turning,106879,106830,106879,49
sniffing,106923,106879,106923,44
rising,106924,106923,106924,1
sniffing,107039,106924,107039,115
rising,107076,107039,107076,37
grooming,107163,107076,107163,87
hunching,107268,107163,107268,105
grooming,107269,107268,107269,1
climbing,107308,107269,107308,39
grooming,107487,107308,107487,179
scratching,107551,107487,107551,64
sniffing,107596,107551,107596,45
walking,107635,107596,107635,39
running,107655,107635,107655,20
sniffing,107707,107655,107707,52
left_turning,107724,107707,107724,17
grooming,107762,107724,107762,38
climbing,107794,107762,107794,32
rising,107795,107794,107795,1
climbing,107840,107795,107840,45
rearing,108000,107840,108000,160
