revised_movement_label,segBoundary,segBoundary_start,segBoundary_end,length
left_turning,21,0,21,21
walking,32,21,32,11
running,50,32,50,18
rising,51,50,51,1
right_turning,75,51,75,24
walking,84,75,84,9
sniffing,85,84,85,1
stepping,120,85,120,35
sniffing,198,120,198,78
right_turning,213,198,213,15
walking,229,213,229,16
sniffing,262,229,262,33
grooming,336,262,336,74
hunching,337,336,337,1
rising,368,337,368,31
sniffing,425,368,425,57
rising,448,425,448,23
stepping,480,448,480,32
sniffing,529,480,529,49
left_turning,554,529,554,25
sniffing,610,554,610,56
rising,611,610,611,1
sniffing,653,611,653,42
grooming,654,653,654,1
stepping,680,654,680,26
rising,686,680,686,6
sniffing,711,686,711,25
stepping,736,711,736,25
sniffing,764,736,764,28
rearing,765,764,765,1
grooming,766,765,766,1
rising,799,766,799,33
stepping,822,799,822,23
sniffing,917,822,917,95
rising,945,917,945,28
climbing,994,945,994,49
grooming,1084,994,1084,90
hunching,1085,1084,1085,1
left_turning,1113,1085,1113,28
running,1154,1113,1154,41
walking,1195,1154,1195,41
sniffing,1223,1195,1223,28
rising,1606,1223,1606,383
walking,1626,1606,1626,20
sniffing,1661,1626,1661,35
grooming,1818,1661,1818,157
rearing,1819,1818,1819,1
grooming,1853,1819,1853,34
hunching,1903,1853,1903,50
rising,2007,1903,2007,104
stepping,2014,2007,2014,7
rising,2085,2014,2085,71
sniffing,2103,2085,2103,18
rearing,2192,2103,2192,89
grooming,2344,2192,2344,152
sniffing,2367,2344,2367,23
rising,2458,2367,2458,91
walking,2469,2458,2469,11
rising,2472,2469,2472,3
sniffing,2473,2472,2473,1
walking,2544,2473,2544,71
sniffing,2580,2544,2580,36
rearing,2616,2580,2616,36
hunching,2632,2616,2632,16
grooming,2805,2632,2805,173
hunching,3032,2805,3032,227
rising,3073,3032,3073,41
sniffing,3190,3073,3190,117
walking,3218,3190,3218,28
stepping,3231,3218,3231,13
sniffing,3338,3231,3338,107
stepping,3361,3338,3361,23
left_turning,3384,3361,3384,23
sniffing,3402,3384,3402,18
trotting,3428,3402,3428,26
running,3471,3428,3471,43
walking,3514,3471,3514,43
stepping,3521,3514,3521,7
sniffing,3563,3521,3563,42
rising,3581,3563,3581,18
sniffing,3628,3581,3628,47
grooming,3629,3628,3629,1
left_turning,3644,3629,3644,15
sniffing,3736,3644,3736,92
rising,3803,3736,3803,67
left_turning,3813,3803,3813,10
walking,3821,3813,3821,8
rearing,3990,3821,3990,169
walking,4012,3990,4012,22
grooming,4137,4012,4137,125
sniffing,4201,4137,4201,64
right_turning,4217,4201,4217,16
trotting,4244,4217,4244,27
sniffing,4303,4244,4303,59
running,4317,4303,4317,14
walking,4345,4317,4345,28
sniffing,4379,4345,4379,34
grooming,4575,4379,4575,196
right_turning,4600,4575,4600,25
trotting,4644,4600,4644,44
sniffing,4645,4644,4645,1
walking,4681,4645,4681,36
rising,4766,4681,4766,85
sniffing,4844,4766,4844,78
stepping,4852,4844,4852,8
walking,4881,4852,4881,29
rising,4889,4881,4889,8
walking,4910,4889,4910,21
stepping,4911,4910,4911,1
walking,4982,4911,4982,71
stepping,5008,4982,5008,26
trotting,5029,5008,5029,21
stepping,5057,5029,5057,28
sniffing,5136,5057,5136,79
rising,5299,5136,5299,163
rearing,5300,5299,5300,1
left_turning,5330,5300,5330,30
stepping,5379,5330,5379,49
trotting,5384,5379,5384,5
rising,5391,5384,5391,7
sniffing,5392,5391,5392,1
running,5425,5392,5425,33
walking,5445,5425,5445,20
rising,5465,5445,5465,20
sniffing,5499,5465,5499,34
left_turning,5503,5499,5503,4
sniffing,5743,5503,5743,240
rising,5777,5743,5777,34
grooming,5778,5777,5778,1
walking,5833,5778,5833,55
rising,5884,5833,5884,51
walking,5922,5884,5922,38
sniffing,5937,5922,5937,15
stepping,5978,5937,5978,41
walking,5998,5978,5998,20
stepping,6013,5998,6013,15
rising,6025,6013,6025,12
sniffing,6026,6025,6026,1
rising,6063,6026,6063,37
walking,6189,6063,6189,126
stepping,6210,6189,6210,21
rising,6256,6210,6256,46
stepping,6275,6256,6275,19
sniffing,6369,6275,6369,94
walking,6419,6369,6419,50
sniffing,6444,6419,6444,25
rising,6449,6444,6449,5
sniffing,6496,6449,6496,47
grooming,6497,6496,6497,1
running,6520,6497,6520,23
trotting,6535,6520,6535,15
walking,6572,6535,6572,37
sniffing,6602,6572,6602,30
rising,6654,6602,6654,52
walking,6672,6654,6672,18
sniffing,6681,6672,6681,9
grooming,6682,6681,6682,1
rising,6710,6682,6710,28
sniffing,6771,6710,6771,61
grooming,7002,6771,7002,231
scratching,7133,7002,7133,131
grooming,7455,7133,7455,322
left_turning,7461,7455,7461,6
rearing,7486,7461,7486,25
rising,7516,7486,7516,30
sniffing,7527,7516,7527,11
stepping,7551,7527,7551,24
sniffing,7663,7551,7663,112
grooming,7705,7663,7705,42
rearing,7722,7705,7722,17
grooming,7723,7722,7723,1
rearing,7724,7723,7724,1
grooming,7833,7724,7833,109
sniffing,7912,7833,7912,79
left_turning,7913,7912,7913,1
grooming,8358,7913,8358,445
stepping,8393,8358,8393,35
right_turning,8416,8393,8416,23
rising,8417,8416,8417,1
sniffing,8425,8417,8425,8
grooming,8492,8425,8492,67
left_turning,8504,8492,8504,12
trotting,8507,8504,8507,3
walking,8508,8507,8508,1
stepping,8528,8508,8528,20
sniffing,8624,8528,8624,96
rising,8737,8624,8737,113
right_turning,8761,8737,8761,24
running,8774,8761,8774,13
stepping,8801,8774,8801,27
rising,8819,8801,8819,18
grooming,9522,8819,9522,703
rearing,9523,9522,9523,1
grooming,9609,9523,9609,86
walking,9647,9609,9647,38
stepping,9651,9647,9651,4
rising,9652,9651,9652,1
grooming,9653,9652,9653,1
sniffing,9693,9653,9693,40
stepping,9739,9693,9739,46
walking,9740,9739,9740,1
grooming,10135,9740,10135,395
rearing,10219,10135,10219,84
grooming,10366,10219,10366,147
stepping,10409,10366,10409,43
sniffing,10436,10409,10436,27
grooming,10458,10436,10458,22
right_turning,10489,10458,10489,31
stepping,10535,10489,10535,46
sniffing,10567,10535,10567,32
trotting,10588,10567,10588,21
walking,10630,10588,10630,42
climbing,10631,10630,10631,1
grooming,10877,10631,10877,246
hunching,10900,10877,10900,23
grooming,10957,10900,10957,57
walking,10981,10957,10981,24
sniffing,10982,10981,10982,1
left_turning,11003,10982,11003,21
sniffing,11083,11003,11083,80
walking,11127,11083,11127,44
sniffing,11156,11127,11156,29
walking,11162,11156,11162,6
stepping,11163,11162,11163,1
grooming,11355,11163,11355,192
walking,11427,11355,11427,72
stepping,11428,11427,11428,1
grooming,11878,11428,11878,450
rearing,11887,11878,11887,9
grooming,11900,11887,11900,13
stepping,11903,11900,11903,3
sniffing,11970,11903,11970,67
walking,11992,11970,11992,22
rising,11993,11992,11993,1
grooming,12183,11993,12183,190
stepping,12209,12183,12209,26
grooming,12288,12209,12288,79
trotting,12291,12288,12291,3
stepping,12351,12291,12351,60
walking,12367,12351,12367,16
sniffing,12438,12367,12438,71
stepping,12445,12438,12445,7
grooming,12532,12445,12532,87
left_turning,12579,12532,12579,47
grooming,12630,12579,12630,51
rising,12631,12630,12631,1
stepping,12679,12631,12679,48
trotting,12713,12679,12713,34
running,12744,12713,12744,31
walking,12784,12744,12784,40
sniffing,12864,12784,12864,80
stepping,12891,12864,12891,27
sniffing,12913,12891,12913,22
walking,12920,12913,12920,7
running,12952,12920,12952,32
left_turning,12985,12952,12985,33
walking,13015,12985,13015,30
grooming,13016,13015,13016,1
climbing,13041,13016,13041,25
grooming,13283,13041,13283,242
hunching,13538,13283,13538,255
rearing,13681,13538,13681,143
climbing,13716,13681,13716,35
rising,13836,13716,13836,120
walking,13842,13836,13842,6
running,13857,13842,13857,15
stepping,13881,13857,13881,24
rising,13882,13881,13882,1
left_turning,13933,13882,13933,51
walking,13991,13933,13991,58
stepping,14020,13991,14020,29
left_turning,14072,14020,14072,52
rising,14095,14072,14095,23
rearing,14241,14095,14241,146
hunching,14456,14241,14456,215
grooming,14661,14456,14661,205
rearing,14662,14661,14662,1
hunching,14741,14662,14741,79
grooming,14858,14741,14858,117
walking,14917,14858,14917,59
climbing,14949,14917,14949,32
walking,15006,14949,15006,57
sniffing,15007,15006,15007,1
trotting,15026,15007,15026,19
rising,15062,15026,15062,36
climbing,15115,15062,15115,53
walking,15182,15115,15182,67
rearing,15211,15182,15211,29
sniffing,15255,15211,15255,44
trotting,15273,15255,15273,18
sniffing,15283,15273,15283,10
scratching,15362,15283,15362,79
grooming,15418,15362,15418,56
sniffing,15421,15418,15421,3
rising,15450,15421,15450,29
climbing,15464,15450,15464,14
right_turning,15465,15464,15465,1
trotting,15496,15465,15496,31
walking,15584,15496,15584,88
running,15614,15584,15614,30
trotting,15638,15614,15638,24
stepping,15719,15638,15719,81
sniffing,15748,15719,15748,29
right_turning,15766,15748,15766,18
sniffing,15767,15766,15767,1
left_turning,15813,15767,15813,46
walking,15849,15813,15849,36
sniffing,15850,15849,15850,1
rising,15959,15850,15959,109
walking,16009,15959,16009,50
running,16038,16009,16038,29
stepping,16042,16038,16042,4
sniffing,16043,16042,16043,1
rearing,16094,16043,16094,51
grooming,16095,16094,16095,1
rising,16139,16095,16139,44
stepping,16170,16139,16170,31
rising,16207,16170,16207,37
left_turning,16228,16207,16228,21
sniffing,16254,16228,16254,26
climbing,16287,16254,16287,33
walking,16333,16287,16333,46
rising,16338,16333,16338,5
sniffing,16547,16338,16547,209
rising,16548,16547,16548,1
grooming,16721,16548,16721,173
sniffing,16765,16721,16765,44
grooming,16766,16765,16766,1
trotting,16767,16766,16767,1
rising,16768,16767,16768,1
sniffing,16880,16768,16880,112
hunching,16900,16880,16900,20
rearing,16967,16900,16967,67
climbing,17012,16967,17012,45
grooming,17013,17012,17013,1
rising,17030,17013,17030,17
climbing,17073,17030,17073,43
grooming,17109,17073,17109,36
rising,17170,17109,17170,61
sniffing,17182,17170,17182,12
rising,17183,17182,17183,1
climbing,17262,17183,17262,79
left_turning,17275,17262,17275,13
stepping,17345,17275,17345,70
grooming,17479,17345,17479,134
rearing,17591,17479,17591,112
grooming,17725,17591,17725,134
sniffing,17752,17725,17752,27
rising,17822,17752,17822,70
grooming,18409,17822,18409,587
sniffing,18448,18409,18448,39
running,18469,18448,18469,21
rising,18506,18469,18506,37
walking,18530,18506,18530,24
grooming,18769,18530,18769,239
rearing,18838,18769,18838,69
climbing,18869,18838,18869,31
left_turning,18888,18869,18888,19
walking,18926,18888,18926,38
sniffing,18973,18926,18973,47
walking,18988,18973,18988,15
sniffing,18989,18988,18989,1
climbing,19008,18989,19008,19
sniffing,19100,19008,19100,92
stepping,19121,19100,19121,21
trotting,19145,19121,19145,24
sniffing,19194,19145,19194,49
rearing,19195,19194,19195,1
trotting,19219,19195,19219,24
sniffing,19361,19219,19361,142
grooming,19460,19361,19460,99
sniffing,19461,19460,19461,1
trotting,19472,19461,19472,11
stepping,19500,19472,19500,28
left_turning,19533,19500,19533,33
grooming,19736,19533,19736,203
sniffing,19808,19736,19808,72
rearing,19890,19808,19890,82
grooming,20619,19890,20619,729
hunching,20670,20619,20670,51
stepping,20705,20670,20705,35
sniffing,20750,20705,20750,45
walking,20823,20750,20823,73
sniffing,20851,20823,20851,28
rising,20926,20851,20926,75
grooming,21096,20926,21096,170
scratching,21162,21096,21162,66
sniffing,21215,21162,21215,53
left_turning,21258,21215,21258,43
sniffing,21280,21258,21280,22
walking,21325,21280,21325,45
rising,21381,21325,21381,56
sniffing,21437,21381,21437,56
rising,21489,21437,21489,52
sniffing,21518,21489,21518,29
stepping,21534,21518,21534,16
sniffing,21535,21534,21535,1
climbing,21655,21535,21655,120
sniffing,21696,21655,21696,41
rearing,21722,21696,21722,26
rising,21969,21722,21969,247
walking,22000,21969,22000,31
trotting,22008,22000,22008,8
sniffing,22141,22008,22141,133
rising,22217,22141,22217,76
walking,22222,22217,22222,5
running,22228,22222,22228,6
walking,22264,22228,22264,36
stepping,22272,22264,22272,8
sniffing,22340,22272,22340,68
rearing,22341,22340,22341,1
grooming,22680,22341,22680,339
hunching,22749,22680,22749,69
stepping,22767,22749,22767,18
sniffing,22768,22767,22768,1
climbing,22816,22768,22816,48
trotting,22854,22816,22854,38
sniffing,22886,22854,22886,32
grooming,23037,22886,23037,151
stepping,23078,23037,23078,41
left_turning,23087,23078,23087,9
sniffing,23088,23087,23088,1
trotting,23105,23088,23105,17
sniffing,23143,23105,23143,38
walking,23144,23143,23144,1
sniffing,23145,23144,23145,1
walking,23175,23145,23175,30
left_turning,23178,23175,23178,3
walking,23202,23178,23202,24
sniffing,23247,23202,23247,45
grooming,23306,23247,23306,59
left_turning,23345,23306,23345,39
sniffing,23429,23345,23429,84
stepping,23448,23429,23448,19
sniffing,23472,23448,23472,24
grooming,24011,23472,24011,539
stepping,24070,24011,24070,59
rearing,24332,24070,24332,262
rising,24333,24332,24333,1
running,24353,24333,24353,20
sniffing,24356,24353,24356,3
stepping,24370,24356,24370,14
grooming,24454,24370,24454,84
climbing,24475,24454,24475,21
grooming,24596,24475,24596,121
left_turning,24602,24596,24602,6
trotting,24623,24602,24623,21
sniffing,24788,24623,24788,165
rising,24790,24788,24790,2
grooming,24791,24790,24791,1
rising,24820,24791,24820,29
climbing,24877,24820,24877,57
walking,24934,24877,24934,57
sniffing,24988,24934,24988,54
stepping,25015,24988,25015,27
sniffing,25016,25015,25016,1
rising,25170,25016,25170,154
walking,25213,25170,25213,43
sniffing,25251,25213,25251,38
rearing,25315,25251,25315,64
grooming,25316,25315,25316,1
stepping,25324,25316,25324,8
sniffing,25342,25324,25342,18
left_turning,25375,25342,25375,33
running,25395,25375,25395,20
stepping,25429,25395,25429,34
rearing,25430,25429,25430,1
stepping,25465,25430,25465,35
rising,25488,25465,25488,23
stepping,25507,25488,25507,19
rearing,25568,25507,25568,61
hunching,25595,25568,25595,27
grooming,25637,25595,25637,42
trotting,25665,25637,25665,28
sniffing,25730,25665,25730,65
stepping,25776,25730,25776,46
grooming,26055,25776,26055,279
trotting,26108,26055,26108,53
sniffing,26140,26108,26140,32
stepping,26186,26140,26186,46
sniffing,26214,26186,26214,28
rising,26238,26214,26238,24
sniffing,26282,26238,26282,44
walking,26283,26282,26283,1
sniffing,26295,26283,26295,12
stepping,26339,26295,26339,44
sniffing,26345,26339,26345,6
rising,26376,26345,26376,31
climbing,26427,26376,26427,51
rearing,26428,26427,26428,1
sniffing,26489,26428,26489,61
stepping,26533,26489,26533,44
grooming,26611,26533,26611,78
climbing,26671,26611,26671,60
grooming,26848,26671,26848,177
walking,26878,26848,26878,30
stepping,26896,26878,26896,18
left_turning,26905,26896,26905,9
walking,26958,26905,26958,53
sniffing,26959,26958,26959,1
left_turning,26963,26959,26963,4
sniffing,27037,26963,27037,74
stepping,27040,27037,27040,3
grooming,27126,27040,27126,86
rearing,27149,27126,27149,23
climbing,27161,27149,27161,12
grooming,27162,27161,27162,1
sniffing,27212,27162,27212,50
grooming,27213,27212,27213,1
hunching,27263,27213,27263,50
rearing,27493,27263,27493,230
grooming,27687,27493,27687,194
left_turning,27735,27687,27735,48
trotting,27745,27735,27745,10
rising,27811,27745,27811,66
grooming,27865,27811,27865,54
hunching,27947,27865,27947,82
left_turning,27948,27947,27948,1
climbing,28059,27948,28059,111
sniffing,28131,28059,28131,72
rising,28314,28131,28314,183
left_turning,28330,28314,28330,16
walking,28344,28330,28344,14
stepping,28358,28344,28358,14
grooming,28405,28358,28405,47
climbing,28526,28405,28526,121
grooming,28724,28526,28724,198
hunching,28754,28724,28754,30
grooming,29008,28754,29008,254
walking,29054,29008,29054,46
sniffing,29063,29054,29063,9
stepping,29093,29063,29093,30
walking,29118,29093,29118,25
sniffing,29122,29118,29122,4
left_turning,29139,29122,29139,17
walking,29153,29139,29153,14
stepping,29173,29153,29173,20
sniffing,29217,29173,29217,44
right_turning,29221,29217,29221,4
walking,29254,29221,29254,33
sniffing,29285,29254,29285,31
walking,29312,29285,29312,27
left_turning,29356,29312,29356,44
rising,29361,29356,29361,5
grooming,29362,29361,29362,1
scratching,29407,29362,29407,45
grooming,29592,29407,29592,185
rearing,29633,29592,29633,41
grooming,29634,29633,29634,1
rearing,29710,29634,29710,76
grooming,29751,29710,29751,41
running,29795,29751,29795,44
stepping,29836,29795,29836,41
rearing,29837,29836,29837,1
left_turning,29858,29837,29858,21
stepping,29883,29858,29883,25
rising,29902,29883,29902,19
climbing,29937,29902,29937,35
grooming,30058,29937,30058,121
left_turning,30064,30058,30064,6
walking,30125,30064,30125,61
trotting,30154,30125,30154,29
sniffing,30252,30154,30252,98
stepping,30296,30252,30296,44
trotting,30297,30296,30297,1
sniffing,30298,30297,30298,1
walking,30338,30298,30338,40
sniffing,30413,30338,30413,75
stepping,30467,30413,30467,54
climbing,30520,30467,30520,53
walking,30537,30520,30537,17
stepping,30598,30537,30598,61
sniffing,30649,30598,30649,51
grooming,30704,30649,30704,55
rearing,30787,30704,30787,83
grooming,30788,30787,30788,1
rearing,30997,30788,30997,209
grooming,31878,30997,31878,881
left_turning,31918,31878,31918,40
walking,31919,31918,31919,1
sniffing,31920,31919,31920,1
stepping,31956,31920,31956,36
sniffing,31979,31956,31979,23
rising,32061,31979,32061,82
sniffing,32097,32061,32097,36
rearing,32187,32097,32187,90
left_turning,32197,32187,32197,10
grooming,32362,32197,32362,165
left_turning,32363,32362,32363,1
walking,32384,32363,32384,21
sniffing,32385,32384,32385,1
rising,32406,32385,32406,21
trotting,32445,32406,32445,39
stepping,32494,32445,32494,49
trotting,32516,32494,32516,22
stepping,32534,32516,32534,18
sniffing,32556,32534,32556,22
trotting,32607,32556,32607,51
grooming,32608,32607,32608,1
walking,32637,32608,32637,29
sniffing,32677,32637,32677,40
stepping,32721,32677,32721,44
walking,32758,32721,32758,37
stepping,32801,32758,32801,43
rising,32823,32801,32823,22
climbing,32857,32823,32857,34
grooming,33403,32857,33403,546
stepping,33421,33403,33421,18
sniffing,33449,33421,33449,28
grooming,33542,33449,33542,93
running,33578,33542,33578,36
stepping,33623,33578,33623,45
trotting,33658,33623,33658,35
sniffing,33754,33658,33754,96
left_turning,33755,33754,33755,1
sniffing,33795,33755,33795,40
stepping,33837,33795,33837,42
sniffing,33989,33837,33989,152
climbing,34018,33989,34018,29
walking,34048,34018,34048,30
trotting,34080,34048,34080,32
sniffing,34184,34080,34184,104
walking,34194,34184,34194,10
sniffing,34447,34194,34447,253
walking,34458,34447,34458,11
sniffing,34459,34458,34459,1
climbing,34497,34459,34497,38
sniffing,34498,34497,34498,1
trotting,34535,34498,34535,37
sniffing,34580,34535,34580,45
rearing,34676,34580,34676,96
stepping,34693,34676,34693,17
grooming,34884,34693,34884,191
rearing,34945,34884,34945,61
hunching,35036,34945,35036,91
rearing,35106,35036,35106,70
climbing,35155,35106,35155,49
grooming,35156,35155,35156,1
rising,35174,35156,35174,18
grooming,35372,35174,35372,198
hunching,35416,35372,35416,44
grooming,35491,35416,35491,75
rearing,35495,35491,35495,4
grooming,35496,35495,35496,1
walking,35515,35496,35515,19
stepping,35533,35515,35533,18
walking,35578,35533,35578,45
rising,35584,35578,35584,6
sniffing,35585,35584,35585,1
stepping,35612,35585,35612,27
sniffing,35712,35612,35712,100
stepping,35730,35712,35730,18
left_turning,35748,35730,35748,18
stepping,35783,35748,35783,35
right_turning,35793,35783,35793,10
sniffing,35878,35793,35878,85
left_turning,35880,35878,35880,2
sniffing,36106,35880,36106,226
rising,36116,36106,36116,10
left_turning,36146,36116,36146,30
scratching,36218,36146,36218,72
sniffing,36244,36218,36244,26
walking,36300,36244,36300,56
sniffing,36363,36300,36363,63
grooming,36696,36363,36696,333
hunching,36698,36696,36698,2
grooming,36699,36698,36699,1
sniffing,36785,36699,36785,86
walking,36823,36785,36823,38
scratching,36844,36823,36844,21
sniffing,36896,36844,36896,52
trotting,36919,36896,36919,23
stepping,36938,36919,36938,19
sniffing,36939,36938,36939,1
grooming,37573,36939,37573,634
rearing,37677,37573,37677,104
left_turning,37698,37677,37698,21
grooming,37931,37698,37931,233
hunching,38002,37931,38002,71
rising,38008,38002,38008,6
walking,38009,38008,38009,1
sniffing,38030,38009,38030,21
rising,38031,38030,38031,1
walking,38051,38031,38051,20
right_turning,38076,38051,38076,25
stepping,38127,38076,38127,51
sniffing,38138,38127,38138,11
rearing,38139,38138,38139,1
stepping,38171,38139,38171,32
rising,38188,38171,38188,17
sniffing,38217,38188,38217,29
stepping,38247,38217,38247,30
rising,38276,38247,38276,29
grooming,38426,38276,38426,150
walking,38472,38426,38472,46
rising,38488,38472,38488,16
sniffing,38536,38488,38536,48
stepping,38569,38536,38569,33
sniffing,38635,38569,38635,66
stepping,38678,38635,38678,43
grooming,38679,38678,38679,1
left_turning,38710,38679,38710,31
climbing,38738,38710,38738,28
running,38777,38738,38777,39
walking,38795,38777,38795,18
stepping,38796,38795,38796,1
sniffing,38840,38796,38840,44
climbing,38867,38840,38867,27
grooming,39099,38867,39099,232
walking,39132,39099,39132,33
right_turning,39152,39132,39152,20
sniffing,39153,39152,39153,1
climbing,39172,39153,39172,19
rising,39246,39172,39246,74
sniffing,39258,39246,39258,12
stepping,39278,39258,39278,20
climbing,39331,39278,39331,53
left_turning,39383,39331,39383,52
sniffing,39421,39383,39421,38
walking,39426,39421,39426,5
stepping,39450,39426,39450,24
sniffing,39555,39450,39555,105
rising,39578,39555,39578,23
rearing,39579,39578,39579,1
hunching,39592,39579,39592,13
grooming,39659,39592,39659,67
stepping,39686,39659,39686,27
rearing,39732,39686,39732,46
grooming,39733,39732,39733,1
left_turning,39755,39733,39755,22
rising,39832,39755,39832,77
walking,39844,39832,39844,12
stepping,39851,39844,39851,7
sniffing,39878,39851,39878,27
climbing,39914,39878,39914,36
grooming,40104,39914,40104,190
hunching,40236,40104,40236,132
grooming,40478,40236,40478,242
rearing,40521,40478,40521,43
rising,40567,40521,40567,46
walking,40577,40567,40577,10
sniffing,40591,40577,40591,14
grooming,40666,40591,40666,75
climbing,40690,40666,40690,24
rearing,40745,40690,40745,55
grooming,40945,40745,40945,200
rearing,41008,40945,41008,63
grooming,41097,41008,41097,89
sniffing,41131,41097,41131,34
stepping,41158,41131,41158,27
left_turning,41195,41158,41195,37
grooming,41196,41195,41196,1
right_turning,41219,41196,41219,23
grooming,41220,41219,41220,1
running,41221,41220,41221,1
stepping,41265,41221,41265,44
sniffing,41266,41265,41266,1
walking,41324,41266,41324,58
rising,41359,41324,41359,35
climbing,41386,41359,41386,27
trotting,41391,41386,41391,5
rearing,41641,41391,41641,250
climbing,41714,41641,41714,73
left_turning,41745,41714,41745,31
walking,41810,41745,41810,65
sniffing,41816,41810,41816,6
stepping,41874,41816,41874,58
rising,41918,41874,41918,44
walking,41937,41918,41937,19
stepping,41968,41937,41968,31
sniffing,41978,41968,41978,10
right_turning,41980,41978,41980,2
walking,42005,41980,42005,25
rising,42049,42005,42049,44
climbing,42079,42049,42079,30
grooming,42149,42079,42149,70
rising,42169,42149,42169,20
left_turning,42191,42169,42191,22
running,42200,42191,42200,9
walking,42237,42200,42237,37
climbing,42304,42237,42304,67
grooming,42305,42304,42305,1
sniffing,42329,42305,42329,24
grooming,42330,42329,42330,1
sniffing,42424,42330,42424,94
trotting,42460,42424,42460,36
walking,42479,42460,42479,19
sniffing,42484,42479,42484,5
walking,42523,42484,42523,39
sniffing,42637,42523,42637,114
stepping,42669,42637,42669,32
walking,42694,42669,42694,25
sniffing,42720,42694,42720,26
walking,42721,42720,42721,1
sniffing,42722,42721,42722,1
stepping,42755,42722,42755,33
walking,42767,42755,42767,12
stepping,42802,42767,42802,35
rising,42803,42802,42803,1
sniffing,42804,42803,42804,1
grooming,43279,42804,43279,475
walking,43302,43279,43302,23
stepping,43346,43302,43346,44
rearing,43347,43346,43347,1
grooming,44058,43347,44058,711
hunching,44170,44058,44170,112
rearing,44180,44170,44180,10
grooming,44181,44180,44181,1
rearing,44256,44181,44256,75
grooming,44437,44256,44437,181
rising,44438,44437,44438,1
stepping,44439,44438,44439,1
walking,44529,44439,44529,90
left_turning,44559,44529,44559,30
walking,44633,44559,44633,74
stepping,44636,44633,44636,3
rising,44678,44636,44678,42
rearing,44684,44678,44684,6
sniffing,44759,44684,44759,75
rising,44796,44759,44796,37
left_turning,44824,44796,44824,28
trotting,44842,44824,44842,18
rising,44867,44842,44867,25
rearing,44984,44867,44984,117
left_turning,44985,44984,44985,1
sniffing,44986,44985,44986,1
stepping,45004,44986,45004,18
grooming,45005,45004,45005,1
rearing,45092,45005,45092,87
grooming,45281,45092,45281,189
trotting,45290,45281,45290,9
sniffing,45326,45290,45326,36
climbing,45361,45326,45361,35
grooming,45362,45361,45362,1
right_turning,45396,45362,45396,34
stepping,45426,45396,45426,30
grooming,45567,45426,45567,141
hunching,45568,45567,45568,1
rearing,45642,45568,45642,74
grooming,45952,45642,45952,310
rearing,45953,45952,45953,1
grooming,45954,45953,45954,1
rising,45967,45954,45967,13
climbing,46026,45967,46026,59
right_turning,46033,46026,46033,7
walking,46086,46033,46086,53
rising,46158,46086,46158,72
rearing,46159,46158,46159,1
stepping,46162,46159,46162,3
sniffing,46187,46162,46187,25
right_turning,46193,46187,46193,6
running,46197,46193,46197,4
walking,46214,46197,46214,17
sniffing,46266,46214,46266,52
rising,46267,46266,46267,1
sniffing,46422,46267,46422,155
left_turning,46435,46422,46435,13
sniffing,46589,46435,46589,154
grooming,46590,46589,46590,1
walking,46618,46590,46618,28
stepping,46619,46618,46619,1
sniffing,46699,46619,46699,80
left_turning,46782,46699,46782,83
grooming,46891,46782,46891,109
sniffing,46945,46891,46945,54
grooming,46971,46945,46971,26
rising,47024,46971,47024,53
sniffing,47121,47024,47121,97
walking,47170,47121,47170,49
sniffing,47171,47170,47171,1
rising,47172,47171,47172,1
sniffing,47192,47172,47192,20
walking,47210,47192,47210,18
stepping,47213,47210,47213,3
walking,47237,47213,47237,24
stepping,47276,47237,47276,39
sniffing,47322,47276,47322,46
left_turning,47360,47322,47360,38
sniffing,47361,47360,47361,1
rising,47384,47361,47384,23
climbing,47425,47384,47425,41
right_turning,47473,47425,47473,48
sniffing,47474,47473,47474,1
walking,47500,47474,47500,26
running,47531,47500,47531,31
sniffing,47637,47531,47637,106
walking,47641,47637,47641,4
stepping,47665,47641,47665,24
hunching,47731,47665,47731,66
left_turning,47772,47731,47772,41
stepping,47796,47772,47796,24
sniffing,47801,47796,47801,5
grooming,48173,47801,48173,372
walking,48193,48173,48193,20
stepping,48197,48193,48197,4
sniffing,48217,48197,48217,20
grooming,48218,48217,48218,1
climbing,48254,48218,48254,36
walking,48279,48254,48279,25
stepping,48280,48279,48280,1
sniffing,48350,48280,48350,70
right_turning,48368,48350,48368,18
running,48380,48368,48380,12
sniffing,48395,48380,48395,15
rising,48522,48395,48522,127
climbing,48552,48522,48552,30
sniffing,48555,48552,48555,3
walking,48556,48555,48556,1
grooming,48777,48556,48777,221
climbing,48845,48777,48845,68
sniffing,48901,48845,48901,56
rising,48954,48901,48954,53
sniffing,49008,48954,49008,54
stepping,49009,49008,49009,1
grooming,49010,49009,49010,1
rearing,49033,49010,49033,23
stepping,49117,49033,49117,84
sniffing,49151,49117,49151,34
trotting,49173,49151,49173,22
walking,49210,49173,49210,37
sniffing,49271,49210,49271,61
grooming,49308,49271,49308,37
stepping,49319,49308,49319,11
sniffing,49356,49319,49356,37
stepping,49373,49356,49373,17
rising,49394,49373,49394,21
rearing,49456,49394,49456,62
grooming,49617,49456,49617,161
rearing,49618,49617,49618,1
grooming,49709,49618,49709,91
stepping,49713,49709,49713,4
sniffing,49756,49713,49756,43
grooming,49956,49756,49956,200
sniffing,50005,49956,50005,49
walking,50020,50005,50020,15
right_turning,50040,50020,50040,20
sniffing,50063,50040,50063,23
stepping,50073,50063,50073,10
walking,50107,50073,50107,34
stepping,50163,50107,50163,56
rising,50169,50163,50169,6
sniffing,50182,50169,50182,13
rising,50367,50182,50367,185
sniffing,50404,50367,50404,37
walking,50426,50404,50426,22
sniffing,50445,50426,50445,19
walking,50478,50445,50478,33
sniffing,50481,50478,50481,3
rising,50582,50481,50582,101
running,50597,50582,50597,15
right_turning,50632,50597,50632,35
walking,50667,50632,50667,35
sniffing,50670,50667,50670,3
walking,50696,50670,50696,26
sniffing,50777,50696,50777,81
grooming,51196,50777,51196,419
rearing,51219,51196,51219,23
grooming,51487,51219,51487,268
rearing,51576,51487,51576,89
grooming,51577,51576,51577,1
rearing,51673,51577,51673,96
grooming,51814,51673,51814,141
sniffing,51829,51814,51829,15
walking,51872,51829,51872,43
sniffing,52005,51872,52005,133
left_turning,52063,52005,52063,58
walking,52081,52063,52081,18
stepping,52119,52081,52119,38
rising,52127,52119,52127,8
climbing,52147,52127,52147,20
grooming,52148,52147,52148,1
rearing,52149,52148,52149,1
climbing,52184,52149,52184,35
right_turning,52185,52184,52185,1
walking,52208,52185,52208,23
left_turning,52212,52208,52212,4
sniffing,52213,52212,52213,1
left_turning,52251,52213,52251,38
walking,52278,52251,52278,27
sniffing,52302,52278,52302,24
rising,52347,52302,52347,45
scratching,52431,52347,52431,84
stepping,52453,52431,52453,22
walking,52470,52453,52470,17
sniffing,52503,52470,52503,33
rearing,52532,52503,52532,29
grooming,52533,52532,52533,1
left_turning,52562,52533,52562,29
walking,52573,52562,52573,11
stepping,52651,52573,52651,78
sniffing,52652,52651,52652,1
grooming,52653,52652,52653,1
hunching,52878,52653,52878,225
rearing,52932,52878,52932,54
grooming,53124,52932,53124,192
rearing,53125,53124,53125,1
walking,53163,53125,53163,38
rising,53188,53163,53188,25
stepping,53239,53188,53239,51
walking,53273,53239,53273,34
running,53305,53273,53305,32
sniffing,53365,53305,53365,60
grooming,53504,53365,53504,139
sniffing,53513,53504,53513,9
climbing,53527,53513,53527,14
rearing,53562,53527,53562,35
climbing,53588,53562,53588,26
rearing,53689,53588,53689,101
grooming,53690,53689,53690,1
right_turning,53700,53690,53700,10
climbing,53732,53700,53732,32
grooming,54066,53732,54066,334
hunching,54077,54066,54077,11
rising,54125,54077,54125,48
climbing,54193,54125,54193,68
sniffing,54229,54193,54229,36
grooming,54230,54229,54230,1
sniffing,54313,54230,54313,83
climbing,54340,54313,54340,27
rearing,54387,54340,54387,47
grooming,54431,54387,54431,44
sniffing,54444,54431,54444,13
right_turning,54467,54444,54467,23
grooming,54468,54467,54468,1
hunching,54496,54468,54496,28
grooming,54613,54496,54613,117
rising,54614,54613,54614,1
left_turning,54675,54614,54675,61
rising,54676,54675,54676,1
rearing,54714,54676,54714,38
right_turning,54748,54714,54748,34
sniffing,54749,54748,54749,1
walking,54795,54749,54795,46
sniffing,55029,54795,55029,234
left_turning,55035,55029,55035,6
sniffing,55041,55035,55041,6
grooming,55367,55041,55367,326
sniffing,55382,55367,55382,15
walking,55397,55382,55397,15
sniffing,55425,55397,55425,28
stepping,55459,55425,55459,34
sniffing,55465,55459,55465,6
rising,55522,55465,55522,57
rearing,55614,55522,55614,92
climbing,55633,55614,55633,19
walking,55651,55633,55651,18
grooming,55652,55651,55652,1
rearing,55701,55652,55701,49
grooming,55702,55701,55702,1
right_turning,55717,55702,55717,15
walking,55734,55717,55734,17
left_turning,55742,55734,55742,8
walking,55752,55742,55752,10
stepping,55796,55752,55796,44
walking,55835,55796,55835,39
sniffing,55873,55835,55873,38
stepping,55889,55873,55889,16
grooming,56106,55889,56106,217
left_turning,56116,56106,56116,10
walking,56121,56116,56121,5
sniffing,56122,56121,56122,1
rearing,56123,56122,56123,1
running,56139,56123,56139,16
sniffing,56188,56139,56188,49
walking,56215,56188,56215,27
trotting,56240,56215,56240,25
rising,56283,56240,56283,43
climbing,56320,56283,56320,37
grooming,56321,56320,56321,1
walking,56358,56321,56358,37
sniffing,56417,56358,56417,59
climbing,56463,56417,56463,46
grooming,56464,56463,56464,1
walking,56494,56464,56494,30
sniffing,56577,56494,56577,83
stepping,56594,56577,56594,17
sniffing,56644,56594,56644,50
scratching,57063,56644,57063,419
left_turning,57064,57063,57064,1
sniffing,57187,57064,57187,123
walking,57228,57187,57228,41
stepping,57283,57228,57283,55
sniffing,57331,57283,57331,48
grooming,57424,57331,57424,93
stepping,57425,57424,57425,1
climbing,57471,57425,57471,46
rearing,57495,57471,57495,24
grooming,57544,57495,57544,49
sniffing,57701,57544,57701,157
stepping,57776,57701,57776,75
rearing,57812,57776,57812,36
grooming,57831,57812,57831,19
sniffing,57914,57831,57914,83
stepping,57927,57914,57927,13
rising,57928,57927,57928,1
climbing,58031,57928,58031,103
left_turning,58073,58031,58073,42
running,58080,58073,58080,7
sniffing,58097,58080,58097,17
rising,58098,58097,58098,1
sniffing,58124,58098,58124,26
left_turning,58171,58124,58171,47
scratching,58219,58171,58219,48
walking,58220,58219,58220,1
rising,58272,58220,58272,52
grooming,58365,58272,58365,93
rearing,58397,58365,58397,32
climbing,58411,58397,58411,14
rising,58470,58411,58470,59
grooming,58733,58470,58733,263
climbing,58754,58733,58754,21
grooming,58755,58754,58755,1
walking,58771,58755,58771,16
stepping,58789,58771,58789,18
sniffing,58790,58789,58790,1
stepping,58815,58790,58815,25
sniffing,58942,58815,58942,127
left_turning,58992,58942,58992,50
stepping,59046,58992,59046,54
walking,59052,59046,59052,6
sniffing,59131,59052,59131,79
walking,59170,59131,59170,39
sniffing,59174,59170,59174,4
grooming,59503,59174,59503,329
walking,59504,59503,59504,1
sniffing,59692,59504,59692,188
right_turning,59704,59692,59704,12
climbing,59717,59704,59717,13
rising,59784,59717,59784,67
rearing,59804,59784,59804,20
grooming,59952,59804,59952,148
left_turning,59991,59952,59991,39
walking,60014,59991,60014,23
stepping,60028,60014,60028,14
walking,60062,60028,60062,34
rearing,60093,60062,60093,31
walking,60122,60093,60122,29
rearing,60171,60122,60171,49
grooming,60262,60171,60262,91
sniffing,60263,60262,60263,1
stepping,60317,60263,60317,54
sniffing,60318,60317,60318,1
stepping,60329,60318,60329,11
sniffing,60386,60329,60386,57
walking,60466,60386,60466,80
sniffing,60526,60466,60526,60
rearing,60527,60526,60527,1
stepping,60528,60527,60528,1
left_turning,60591,60528,60591,63
walking,60595,60591,60595,4
rising,60657,60595,60657,62
sniffing,60698,60657,60698,41
grooming,61558,60698,61558,860
hunching,61601,61558,61601,43
grooming,61602,61601,61602,1
hunching,61642,61602,61642,40
grooming,61736,61642,61736,94
rearing,61942,61736,61942,206
climbing,62006,61942,62006,64
rearing,62041,62006,62041,35
hunching,62042,62041,62042,1
rearing,62104,62042,62104,62
climbing,62132,62104,62132,28
grooming,62248,62132,62248,116
stepping,62285,62248,62285,37
sniffing,62303,62285,62303,18
stepping,62309,62303,62309,6
sniffing,62328,62309,62328,19
stepping,62353,62328,62353,25
climbing,62367,62353,62367,14
grooming,62539,62367,62539,172
sniffing,62562,62539,62562,23
rearing,62563,62562,62563,1
climbing,62668,62563,62668,105
grooming,62669,62668,62669,1
right_turning,62684,62669,62684,15
sniffing,62723,62684,62723,39
climbing,62779,62723,62779,56
stepping,62819,62779,62819,40
left_turning,62900,62819,62900,81
sniffing,62901,62900,62901,1
rising,62913,62901,62913,12
sniffing,62926,62913,62926,13
walking,62969,62926,62969,43
right_turning,62979,62969,62979,10
walking,62984,62979,62984,5
sniffing,63019,62984,63019,35
right_turning,63026,63019,63026,7
sniffing,63121,63026,63121,95
grooming,63415,63121,63415,294
hunching,63458,63415,63458,43
grooming,64607,63458,64607,1149
scratching,64617,64607,64617,10
stepping,64677,64617,64677,60
sniffing,64732,64677,64732,55
climbing,64783,64732,64783,51
grooming,64809,64783,64809,26
left_turning,64820,64809,64820,11
stepping,64848,64820,64848,28
trotting,64873,64848,64873,25
walking,64890,64873,64890,17
right_turning,64894,64890,64894,4
sniffing,64928,64894,64928,34
rising,64939,64928,64939,11
climbing,64979,64939,64979,40
trotting,65013,64979,65013,34
walking,65020,65013,65020,7
rising,65093,65020,65093,73
stepping,65098,65093,65098,5
grooming,65099,65098,65099,1
sniffing,65141,65099,65141,42
right_turning,65160,65141,65160,19
sniffing,65177,65160,65177,17
grooming,65238,65177,65238,61
left_turning,65240,65238,65240,2
rising,65280,65240,65280,40
sniffing,65349,65280,65349,69
walking,65368,65349,65368,19
sniffing,65369,65368,65369,1
trotting,65381,65369,65381,12
sniffing,65481,65381,65481,100
grooming,65522,65481,65522,41
rearing,65523,65522,65523,1
rising,65554,65523,65554,31
rearing,65609,65554,65609,55
rising,65650,65609,65650,41
sniffing,65722,65650,65722,72
rising,65723,65722,65723,1
climbing,65757,65723,65757,34
left_turning,65798,65757,65798,41
stepping,65814,65798,65814,16
sniffing,65910,65814,65910,96
grooming,66035,65910,66035,125
rearing,66093,66035,66093,58
climbing,66133,66093,66133,40
trotting,66161,66133,66161,28
walking,66197,66161,66197,36
stepping,66242,66197,66242,45
rising,66243,66242,66243,1
left_turning,66274,66243,66274,31
sniffing,66358,66274,66358,84
stepping,66368,66358,66368,10
sniffing,66385,66368,66385,17
rearing,66600,66385,66600,215
stepping,66601,66600,66601,1
grooming,67290,66601,67290,689
stepping,67336,67290,67336,46
rising,67337,67336,67337,1
sniffing,67412,67337,67412,75
left_turning,67413,67412,67413,1
jumping,67454,67413,67454,41
right_turning,67464,67454,67464,10
trotting,67475,67464,67475,11
stepping,67514,67475,67514,39
sniffing,67546,67514,67546,32
walking,67580,67546,67580,34
left_turning,67603,67580,67603,23
grooming,67698,67603,67698,95
rising,67700,67698,67700,2
rearing,67714,67700,67714,14
rising,67720,67714,67720,6
grooming,67721,67720,67721,1
sniffing,67802,67721,67802,81
walking,67812,67802,67812,10
trotting,67860,67812,67860,48
sniffing,67936,67860,67936,76
grooming,67986,67936,67986,50
rearing,68161,67986,68161,175
left_turning,68162,68161,68162,1
trotting,68189,68162,68189,27
stepping,68213,68189,68213,24
grooming,68734,68213,68734,521
rearing,68792,68734,68792,58
right_turning,68819,68792,68819,27
walking,68820,68819,68820,1
trotting,68823,68820,68823,3
walking,68842,68823,68842,19
stepping,68843,68842,68843,1
sniffing,68904,68843,68904,61
grooming,69000,68904,69000,96
sniffing,69024,69000,69024,24
stepping,69061,69024,69061,37
sniffing,69089,69061,69089,28
walking,69130,69089,69130,41
left_turning,69131,69130,69131,1
grooming,69142,69131,69142,11
rearing,69151,69142,69151,9
grooming,69322,69151,69322,171
rearing,69437,69322,69437,115
grooming,69806,69437,69806,369
climbing,69870,69806,69870,64
rising,69893,69870,69893,23
climbing,69904,69893,69904,11
grooming,69960,69904,69960,56
rising,69962,69960,69962,2
climbing,70034,69962,70034,72
grooming,70568,70034,70568,534
rearing,70672,70568,70672,104
climbing,70707,70672,70707,35
grooming,70975,70707,70975,268
left_turning,71109,70975,71109,134
grooming,71403,71109,71403,294
sniffing,71439,71403,71439,36
walking,71447,71439,71447,8
stepping,71462,71447,71462,15
walking,71495,71462,71495,33
trotting,71507,71495,71507,12
sniffing,71564,71507,71564,57
walking,71616,71564,71616,52
stepping,71617,71616,71617,1
sniffing,71645,71617,71645,28
rising,71708,71645,71708,63
grooming,71709,71708,71709,1
rising,71710,71709,71710,1
grooming,71711,71710,71711,1
scratching,71823,71711,71823,112
trotting,71825,71823,71825,2
sniffing,71907,71825,71907,82
walking,71919,71907,71919,12
rising,71934,71919,71934,15
climbing,72025,71934,72025,91
sniffing,72073,72025,72073,48
stepping,72080,72073,72080,7
grooming,72318,72080,72318,238
sniffing,72369,72318,72369,51
stepping,72414,72369,72414,45
sniffing,72572,72414,72572,158
stepping,72598,72572,72598,26
sniffing,72630,72598,72630,32
grooming,72739,72630,72739,109
sniffing,72772,72739,72772,33
walking,72823,72772,72823,51
climbing,72912,72823,72912,89
hunching,72946,72912,72946,34
grooming,73114,72946,73114,168
rising,73133,73114,73133,19
climbing,73152,73133,73152,19
sniffing,73178,73152,73178,26
climbing,73233,73178,73233,55
trotting,73235,73233,73235,2
rising,73236,73235,73236,1
grooming,73459,73236,73459,223
rearing,73472,73459,73472,13
rising,73479,73472,73479,7
climbing,73487,73479,73487,8
stepping,73504,73487,73504,17
sniffing,73561,73504,73561,57
rising,73577,73561,73577,16
stepping,73613,73577,73613,36
walking,73635,73613,73635,22
stepping,73652,73635,73652,17
walking,73656,73652,73656,4
rearing,73657,73656,73657,1
grooming,73786,73657,73786,129
trotting,73794,73786,73794,8
stepping,73836,73794,73836,42
climbing,73883,73836,73883,47
stepping,73905,73883,73905,22
sniffing,74031,73905,74031,126
walking,74072,74031,74072,41
rising,74148,74072,74148,76
sniffing,74277,74148,74277,129
right_turning,74320,74277,74320,43
trotting,74345,74320,74345,25
grooming,74346,74345,74346,1
sniffing,74394,74346,74394,48
rearing,74477,74394,74477,83
grooming,74478,74477,74478,1
sniffing,74529,74478,74529,51
left_turning,74530,74529,74530,1
grooming,74728,74530,74728,198
sniffing,74756,74728,74756,28
rising,74765,74756,74765,9
sniffing,74766,74765,74766,1
right_turning,74798,74766,74798,32
sniffing,74933,74798,74933,135
walking,74955,74933,74955,22
sniffing,75007,74955,75007,52
stepping,75032,75007,75032,25
grooming,75135,75032,75135,103
right_turning,75136,75135,75136,1
stepping,75144,75136,75144,8
sniffing,75231,75144,75231,87
running,75261,75231,75261,30
sniffing,75262,75261,75262,1
stepping,75266,75262,75266,4
walking,75319,75266,75319,53
sniffing,75320,75319,75320,1
rearing,75335,75320,75335,15
grooming,75809,75335,75809,474
left_turning,75810,75809,75810,1
sniffing,75906,75810,75906,96
walking,75957,75906,75957,51
sniffing,76037,75957,76037,80
right_turning,76038,76037,76038,1
rising,76066,76038,76066,28
left_turning,76093,76066,76093,27
grooming,76094,76093,76094,1
rearing,76126,76094,76126,32
sniffing,76185,76126,76185,59
stepping,76191,76185,76191,6
climbing,76220,76191,76220,29
walking,76240,76220,76240,20
rising,76241,76240,76241,1
climbing,76298,76241,76298,57
sniffing,76318,76298,76318,20
walking,76389,76318,76389,71
trotting,76409,76389,76409,20
walking,76423,76409,76423,14
sniffing,76454,76423,76454,31
left_turning,76509,76454,76509,55
sniffing,76583,76509,76583,74
walking,76614,76583,76614,31
sniffing,76673,76614,76673,59
rising,76680,76673,76680,7
trotting,76686,76680,76686,6
stepping,76703,76686,76703,17
walking,76725,76703,76725,22
stepping,76728,76725,76728,3
sniffing,76751,76728,76751,23
scratching,76773,76751,76773,22
grooming,76877,76773,76877,104
sniffing,76923,76877,76923,46
stepping,76935,76923,76935,12
climbing,76978,76935,76978,43
left_turning,76979,76978,76979,1
walking,77010,76979,77010,31
stepping,77039,77010,77039,29
right_turning,77040,77039,77040,1
stepping,77045,77040,77045,5
right_turning,77073,77045,77073,28
sniffing,77125,77073,77125,52
rising,77126,77125,77126,1
grooming,77242,77126,77242,116
hunching,77363,77242,77363,121
grooming,77516,77363,77516,153
scratching,77577,77516,77577,61
grooming,77683,77577,77683,106
rearing,77768,77683,77768,85
grooming,77769,77768,77769,1
sniffing,77821,77769,77821,52
running,77843,77821,77843,22
stepping,77889,77843,77889,46
sniffing,77905,77889,77905,16
left_turning,77935,77905,77935,30
stepping,77981,77935,77981,46
grooming,78084,77981,78084,103
left_turning,78085,78084,78085,1
sniffing,78121,78085,78121,36
walking,78156,78121,78156,35
sniffing,78165,78156,78165,9
rising,78174,78165,78174,9
climbing,78197,78174,78197,23
sniffing,78257,78197,78257,60
walking,78261,78257,78261,4
sniffing,78272,78261,78272,11
rising,78286,78272,78286,14
rearing,78313,78286,78313,27
walking,78337,78313,78337,24
rearing,78338,78337,78338,1
walking,78383,78338,78383,45
sniffing,78463,78383,78463,80
rising,78464,78463,78464,1
rearing,78517,78464,78517,53
climbing,78545,78517,78545,28
grooming,78550,78545,78550,5
stepping,78556,78550,78556,6
walking,78604,78556,78604,48
sniffing,78619,78604,78619,15
grooming,78872,78619,78872,253
rearing,78873,78872,78873,1
climbing,78920,78873,78920,47
trotting,78950,78920,78950,30
sniffing,79005,78950,79005,55
walking,79007,79005,79007,2
stepping,79024,79007,79024,17
left_turning,79034,79024,79034,10
walking,79079,79034,79079,45
sniffing,79137,79079,79137,58
walking,79152,79137,79152,15
sniffing,79219,79152,79219,67
stepping,79247,79219,79247,28
rearing,79334,79247,79334,87
sniffing,79348,79334,79348,14
grooming,79364,79348,79364,16
scratching,79427,79364,79427,63
grooming,79428,79427,79428,1
stepping,79432,79428,79432,4
rearing,79446,79432,79446,14
sniffing,79485,79446,79485,39
left_turning,79511,79485,79511,26
stepping,79641,79511,79641,130
grooming,79642,79641,79642,1
hunching,79706,79642,79706,64
grooming,79707,79706,79707,1
hunching,79769,79707,79769,62
grooming,79982,79769,79982,213
sniffing,80020,79982,80020,38
walking,80032,80020,80032,12
trotting,80059,80032,80059,27
stepping,80098,80059,80098,39
sniffing,80182,80098,80182,84
left_turning,80241,80182,80241,59
sniffing,80325,80241,80325,84
walking,80332,80325,80332,7
sniffing,80391,80332,80391,59
rising,80422,80391,80422,31
climbing,80468,80422,80468,46
running,80496,80468,80496,28
walking,80526,80496,80526,30
trotting,80544,80526,80544,18
stepping,80576,80544,80576,32
right_turning,80594,80576,80594,18
sniffing,80630,80594,80630,36
walking,80651,80630,80651,21
sniffing,80667,80651,80667,16
left_turning,80669,80667,80669,2
walking,80682,80669,80682,13
rising,80701,80682,80701,19
rearing,80720,80701,80720,19
climbing,80761,80720,80761,41
grooming,80762,80761,80762,1
hunching,80864,80762,80864,102
left_turning,80865,80864,80865,1
trotting,80869,80865,80869,4
walking,80870,80869,80870,1
right_turning,80881,80870,80881,11
sniffing,80897,80881,80897,16
walking,80932,80897,80932,35
trotting,80948,80932,80948,16
walking,80966,80948,80966,18
sniffing,81076,80966,81076,110
walking,81085,81076,81085,9
stepping,81128,81085,81128,43
sniffing,81144,81128,81144,16
hunching,81189,81144,81189,45
grooming,81366,81189,81366,177
rearing,81367,81366,81367,1
hunching,81443,81367,81443,76
grooming,81471,81443,81471,28
sniffing,81472,81471,81472,1
rearing,81473,81472,81473,1
trotting,81507,81473,81507,34
sniffing,81545,81507,81545,38
rearing,81591,81545,81591,46
hunching,81614,81591,81614,23
sniffing,81615,81614,81615,1
walking,81649,81615,81649,34
sniffing,81670,81649,81670,21
stepping,81671,81670,81671,1
rearing,81767,81671,81767,96
hunching,81768,81767,81768,1
sniffing,81938,81768,81938,170
walking,81949,81938,81949,11
left_turning,82024,81949,82024,75
sniffing,82101,82024,82101,77
pausing,82371,82101,82371,270
sniffing,82372,82371,82372,1
rising,82401,82372,82401,29
climbing,82453,82401,82453,52
left_turning,82454,82453,82454,1
trotting,82493,82454,82493,39
sniffing,82553,82493,82553,60
walking,82582,82553,82582,29
stepping,82606,82582,82606,24
walking,82624,82606,82624,18
sniffing,82659,82624,82659,35
grooming,82660,82659,82660,1
stepping,82671,82660,82671,11
sniffing,82710,82671,82710,39
stepping,82773,82710,82773,63
rising,82789,82773,82789,16
sniffing,82848,82789,82848,59
stepping,82904,82848,82904,56
sniffing,82921,82904,82921,17
walking,82922,82921,82922,1
sniffing,83091,82922,83091,169
climbing,83134,83091,83134,43
grooming,83135,83134,83135,1
hunching,83384,83135,83384,249
rearing,83444,83384,83444,60
hunching,83468,83444,83468,24
rearing,83529,83468,83529,61
hunching,83534,83529,83534,5
sniffing,83564,83534,83564,30
rising,83598,83564,83598,34
sniffing,83681,83598,83681,83
rearing,83682,83681,83682,1
grooming,83728,83682,83728,46
stepping,83729,83728,83729,1
walking,83774,83729,83774,45
rearing,83827,83774,83827,53
hunching,83828,83827,83828,1
stepping,83880,83828,83880,52
sniffing,83916,83880,83916,36
grooming,84068,83916,84068,152
sniffing,84169,84068,84169,101
stepping,84192,84169,84192,23
rising,84286,84192,84286,94
stepping,84297,84286,84297,11
walking,84319,84297,84319,22
rising,84328,84319,84328,9
rearing,84329,84328,84329,1
grooming,84330,84329,84330,1
right_turning,84347,84330,84347,17
walking,84398,84347,84398,51
trotting,84428,84398,84428,30
walking,84493,84428,84493,65
rising,84535,84493,84535,42
stepping,84585,84535,84585,50
sniffing,84586,84585,84586,1
stepping,84587,84586,84587,1
grooming,84829,84587,84829,242
sniffing,84910,84829,84910,81
walking,84929,84910,84929,19
left_turning,84930,84929,84930,1
walking,84970,84930,84970,40
sniffing,84993,84970,84993,23
stepping,85025,84993,85025,32
climbing,85076,85025,85076,51
running,85093,85076,85093,17
walking,85094,85093,85094,1
climbing,85216,85094,85216,122
walking,85235,85216,85235,19
sniffing,85298,85235,85298,63
grooming,85376,85298,85376,78
hunching,85428,85376,85428,52
climbing,85486,85428,85486,58
rearing,85497,85486,85497,11
left_turning,85562,85497,85562,65
sniffing,85632,85562,85632,70
grooming,85689,85632,85689,57
left_turning,85723,85689,85723,34
walking,85755,85723,85755,32
sniffing,85802,85755,85802,47
stepping,85847,85802,85847,45
grooming,86615,85847,86615,768
rising,86684,86615,86684,69
rearing,86716,86684,86716,32
sniffing,86764,86716,86764,48
grooming,86930,86764,86930,166
rearing,87195,86930,87195,265
grooming,87372,87195,87372,177
rising,87402,87372,87402,30
sniffing,87403,87402,87403,1
walking,87404,87403,87404,1
sniffing,87467,87404,87467,63
stepping,87475,87467,87475,8
climbing,87511,87475,87511,36
running,87538,87511,87538,27
walking,87570,87538,87570,32
sniffing,87668,87570,87668,98
grooming,87774,87668,87774,106
sniffing,87808,87774,87808,34
left_turning,87846,87808,87846,38
stepping,87859,87846,87859,13
rearing,87860,87859,87860,1
grooming,87927,87860,87927,67
hunching,87953,87927,87953,26
grooming,88027,87953,88027,74
sniffing,88074,88027,88074,47
rising,88120,88074,88120,46
climbing,88139,88120,88139,19
left_turning,88140,88139,88140,1
running,88170,88140,88170,30
sniffing,88353,88170,88353,183
grooming,88354,88353,88354,1
running,88379,88354,88379,25
stepping,88416,88379,88416,37
rising,88453,88416,88453,37
left_turning,88490,88453,88490,37
grooming,88491,88490,88491,1
walking,88501,88491,88501,10
rising,88555,88501,88555,54
sniffing,88636,88555,88636,81
stepping,88723,88636,88723,87
sniffing,88729,88723,88729,6
stepping,88766,88729,88766,37
sniffing,88920,88766,88920,154
walking,88930,88920,88930,10
grooming,89421,88930,89421,491
walking,89453,89421,89453,32
sniffing,89504,89453,89504,51
grooming,89553,89504,89553,49
sniffing,89572,89553,89572,19
left_turning,89620,89572,89620,48
walking,89650,89620,89650,30
stepping,89667,89650,89667,17
sniffing,89703,89667,89703,36
grooming,89817,89703,89817,114
hunching,89840,89817,89840,23
stepping,89866,89840,89866,26
sniffing,89885,89866,89885,19
grooming,90042,89885,90042,157
rising,90060,90042,90060,18
climbing,90126,90060,90126,66
walking,90156,90126,90156,30
rearing,90159,90156,90159,3
grooming,90224,90159,90224,65
stepping,90263,90224,90263,39
trotting,90301,90263,90301,38
rearing,90363,90301,90363,62
hunching,90441,90363,90441,78
rearing,90501,90441,90501,60
grooming,90580,90501,90580,79
trotting,90602,90580,90602,22
walking,90634,90602,90634,32
sniffing,90765,90634,90765,131
trotting,90782,90765,90782,17
rising,90833,90782,90833,51
grooming,90971,90833,90971,138
stepping,91017,90971,91017,46
sniffing,91044,91017,91044,27
walking,91102,91044,91102,58
trotting,91121,91102,91121,19
stepping,91147,91121,91147,26
left_turning,91181,91147,91181,34
climbing,91236,91181,91236,55
rising,91292,91236,91292,56
rearing,91304,91292,91304,12
sniffing,91347,91304,91347,43
left_turning,91349,91347,91349,2
rearing,91350,91349,91350,1
hunching,91473,91350,91473,123
left_turning,91511,91473,91511,38
sniffing,91610,91511,91610,99
stepping,91644,91610,91644,34
rising,91667,91644,91667,23
sniffing,91700,91667,91700,33
walking,91751,91700,91751,51
sniffing,91807,91751,91807,56
stepping,91850,91807,91850,43
sniffing,91936,91850,91936,86
stepping,91971,91936,91971,35
right_turning,91988,91971,91988,17
stepping,92013,91988,92013,25
walking,92018,92013,92018,5
grooming,92045,92018,92045,27
sniffing,92162,92045,92162,117
stepping,92239,92162,92239,77
sniffing,92277,92239,92277,38
stepping,92289,92277,92289,12
rearing,92299,92289,92299,10
walking,92349,92299,92349,50
sniffing,92366,92349,92366,17
rising,92389,92366,92389,23
climbing,92420,92389,92420,31
left_turning,92447,92420,92447,27
stepping,92452,92447,92452,5
left_turning,92492,92452,92492,40
walking,92503,92492,92503,11
stepping,92504,92503,92504,1
rising,92547,92504,92547,43
climbing,92638,92547,92638,91
right_turning,92639,92638,92639,1
walking,92640,92639,92640,1
trotting,92652,92640,92652,12
right_turning,92662,92652,92662,10
running,92694,92662,92694,32
climbing,92728,92694,92728,34
grooming,93171,92728,93171,443
stepping,93211,93171,93211,40
sniffing,93237,93211,93237,26
left_turning,93238,93237,93238,1
climbing,93239,93238,93239,1
walking,93240,93239,93240,1
sniffing,93258,93240,93258,18
stepping,93295,93258,93295,37
walking,93296,93295,93296,1
grooming,93349,93296,93349,53
rearing,93350,93349,93350,1
rising,93411,93350,93411,61
sniffing,93506,93411,93506,95
left_turning,93528,93506,93528,22
walking,93562,93528,93562,34
sniffing,93605,93562,93605,43
walking,93613,93605,93613,8
sniffing,93615,93613,93615,2
stepping,93646,93615,93646,31
rearing,93662,93646,93662,16
trotting,93697,93662,93697,35
walking,93713,93697,93713,16
sniffing,93842,93713,93842,129
left_turning,93980,93842,93980,138
trotting,93997,93980,93997,17
walking,93998,93997,93998,1
sniffing,94055,93998,94055,57
grooming,94056,94055,94056,1
sniffing,94069,94056,94069,13
walking,94084,94069,94084,15
right_turning,94093,94084,94093,9
stepping,94170,94093,94170,77
rearing,94171,94170,94171,1
climbing,94233,94171,94233,62
walking,94242,94233,94242,9
stepping,94258,94242,94258,16
trotting,94280,94258,94280,22
stepping,94282,94280,94282,2
walking,94303,94282,94303,21
left_turning,94352,94303,94352,49
rising,94409,94352,94409,57
sniffing,94410,94409,94410,1
rising,94414,94410,94414,4
sniffing,94454,94414,94454,40
stepping,94476,94454,94476,22
sniffing,94503,94476,94503,27
walking,94540,94503,94540,37
rising,94583,94540,94583,43
climbing,94643,94583,94643,60
right_turning,94672,94643,94672,29
stepping,94729,94672,94729,57
walking,94788,94729,94788,59
rising,94789,94788,94789,1
rearing,94866,94789,94866,77
sniffing,94905,94866,94905,39
left_turning,94906,94905,94906,1
walking,94925,94906,94925,19
trotting,94938,94925,94938,13
rising,94983,94938,94983,45
rearing,95006,94983,95006,23
running,95024,95006,95024,18
sniffing,95025,95024,95025,1
stepping,95074,95025,95074,49
sniffing,95120,95074,95120,46
stepping,95157,95120,95157,37
rising,95216,95157,95216,59
rearing,95272,95216,95272,56
trotting,95315,95272,95315,43
walking,95356,95315,95356,41
climbing,95376,95356,95376,20
left_turning,95406,95376,95406,30
sniffing,95446,95406,95446,40
trotting,95460,95446,95460,14
walking,95488,95460,95488,28
sniffing,95614,95488,95614,126
hunching,95617,95614,95617,3
grooming,95618,95617,95618,1
left_turning,95676,95618,95676,58
stepping,95708,95676,95708,32
rearing,95789,95708,95789,81
sniffing,95792,95789,95792,3
rearing,95794,95792,95794,2
hunching,95841,95794,95841,47
grooming,96028,95841,96028,187
sniffing,96081,96028,96081,53
left_turning,96126,96081,96126,45
rising,96138,96126,96138,12
trotting,96179,96138,96179,41
stepping,96238,96179,96238,59
rearing,96310,96238,96310,72
hunching,96353,96310,96353,43
left_turning,96385,96353,96385,32
rising,96387,96385,96387,2
rearing,96394,96387,96394,7
climbing,96429,96394,96429,35
sniffing,96511,96429,96511,82
stepping,96542,96511,96542,31
climbing,96593,96542,96593,51
sniffing,96598,96593,96598,5
walking,96639,96598,96639,41
trotting,96640,96639,96640,1
grooming,96770,96640,96770,130
left_turning,96817,96770,96817,47
sniffing,96859,96817,96859,42
stepping,96882,96859,96882,23
climbing,96921,96882,96921,39
rising,96977,96921,96977,56
sniffing,96999,96977,96999,22
rising,97053,96999,97053,54
sniffing,97103,97053,97103,50
walking,97134,97103,97134,31
stepping,97225,97134,97225,91
rising,97235,97225,97235,10
climbing,97311,97235,97311,76
walking,97365,97311,97365,54
stepping,97423,97365,97423,58
rearing,97488,97423,97488,65
sniffing,97604,97488,97604,116
walking,97643,97604,97643,39
sniffing,97672,97643,97672,29
stepping,97688,97672,97688,16
sniffing,97691,97688,97691,3
rising,97709,97691,97709,18
stepping,97745,97709,97745,36
sniffing,98134,97745,98134,389
walking,98150,98134,98150,16
stepping,98151,98150,98151,1
climbing,98188,98151,98188,37
walking,98230,98188,98230,42
sniffing,98339,98230,98339,109
stepping,98360,98339,98360,21
sniffing,98386,98360,98386,26
rising,98393,98386,98393,7
sniffing,98410,98393,98410,17
hunching,98479,98410,98479,69
grooming,98481,98479,98481,2
trotting,98498,98481,98498,17
walking,98529,98498,98529,31
climbing,98623,98529,98623,94
grooming,98689,98623,98689,66
sniffing,98750,98689,98750,61
walking,98792,98750,98792,42
stepping,98827,98792,98827,35
sniffing,98828,98827,98828,1
left_turning,98859,98828,98859,31
sniffing,99003,98859,99003,144
rising,99053,99003,99053,50
climbing,99115,99053,99115,62
rearing,99164,99115,99164,49
grooming,99206,99164,99206,42
sniffing,99254,99206,99254,48
rising,99255,99254,99255,1
left_turning,99314,99255,99314,59
rearing,99340,99314,99340,26
sniffing,99469,99340,99469,129
rearing,99671,99469,99671,202
climbing,99697,99671,99697,26
trotting,99709,99697,99709,12
sniffing,99765,99709,99765,56
stepping,99811,99765,99811,46
sniffing,99898,99811,99898,87
rising,99900,99898,99900,2
climbing,99926,99900,99926,26
rearing,99963,99926,99963,37
grooming,100140,99963,100140,177
hunching,100209,100140,100209,69
rearing,100258,100209,100258,49
walking,100388,100258,100388,130
sniffing,100422,100388,100422,34
walking,100438,100422,100438,16
sniffing,100442,100438,100442,4
left_turning,100458,100442,100458,16
running,100477,100458,100477,19
sniffing,100478,100477,100478,1
right_turning,100492,100478,100492,14
stepping,100496,100492,100496,4
climbing,100528,100496,100528,32
walking,100532,100528,100532,4
sniffing,100579,100532,100579,47
left_turning,100628,100579,100628,49
climbing,100644,100628,100644,16
left_turning,100677,100644,100677,33
sniffing,100680,100677,100680,3
walking,100682,100680,100682,2
sniffing,100683,100682,100683,1
grooming,100889,100683,100889,206
climbing,100913,100889,100913,24
rearing,100952,100913,100952,39
sniffing,100978,100952,100978,26
stepping,101024,100978,101024,46
left_turning,101054,101024,101054,30
stepping,101064,101054,101064,10
grooming,101602,101064,101602,538
rearing,101651,101602,101651,49
hunching,101652,101651,101652,1
grooming,101801,101652,101801,149
hunching,101862,101801,101862,61
grooming,101863,101862,101863,1
rising,101864,101863,101864,1
left_turning,101882,101864,101882,18
walking,101937,101882,101937,55
stepping,101962,101937,101962,25
sniffing,101983,101962,101983,21
stepping,102005,101983,102005,22
sniffing,102043,102005,102043,38
right_turning,102065,102043,102065,22
stepping,102068,102065,102068,3
sniffing,102071,102068,102071,3
walking,102123,102071,102123,52
trotting,102137,102123,102137,14
sniffing,102201,102137,102201,64
walking,102202,102201,102202,1
stepping,102228,102202,102228,26
climbing,102297,102228,102297,69
grooming,102298,102297,102298,1
hunching,102323,102298,102323,25
sniffing,102375,102323,102375,52
walking,102437,102375,102437,62
rising,102451,102437,102451,14
rearing,102452,102451,102452,1
hunching,102495,102452,102495,43
grooming,102542,102495,102542,47
stepping,102559,102542,102559,17
left_turning,102612,102559,102612,53
trotting,102662,102612,102662,50
stepping,102664,102662,102664,2
sniffing,102711,102664,102711,47
stepping,102728,102711,102728,17
sniffing,102745,102728,102745,17
walking,102815,102745,102815,70
sniffing,102835,102815,102835,20
walking,102883,102835,102883,48
stepping,102899,102883,102899,16
sniffing,102969,102899,102969,70
rising,103039,102969,103039,70
climbing,103097,103039,103097,58
rising,103125,103097,103125,28
rearing,103185,103125,103185,60
hunching,103260,103185,103260,75
rearing,103276,103260,103276,16
grooming,103286,103276,103286,10
left_turning,103310,103286,103310,24
sniffing,103351,103310,103351,41
walking,103385,103351,103385,34
rising,103386,103385,103386,1
climbing,103402,103386,103402,16
trotting,103411,103402,103411,9
rearing,103412,103411,103412,1
grooming,103413,103412,103413,1
right_turning,103425,103413,103425,12
walking,103438,103425,103438,13
stepping,103518,103438,103518,80
sniffing,103578,103518,103578,60
stepping,103593,103578,103593,15
sniffing,103601,103593,103601,8
rising,103602,103601,103602,1
grooming,103791,103602,103791,189
sniffing,103810,103791,103810,19
rising,103838,103810,103838,28
climbing,103846,103838,103846,8
left_turning,103876,103846,103876,30
trotting,103887,103876,103887,11
rearing,103953,103887,103953,66
grooming,103954,103953,103954,1
rearing,104013,103954,104013,59
grooming,104014,104013,104014,1
rearing,104066,104014,104066,52
hunching,104177,104066,104177,111
rearing,104198,104177,104198,21
grooming,104267,104198,104267,69
rearing,104346,104267,104346,79
grooming,104372,104346,104372,26
sniffing,104451,104372,104451,79
walking,104465,104451,104465,14
sniffing,104474,104465,104474,9
stepping,104475,104474,104475,1
climbing,104503,104475,104503,28
running,104509,104503,104509,6
stepping,104519,104509,104519,10
walking,104564,104519,104564,45
sniffing,104616,104564,104616,52
stepping,104630,104616,104630,14
sniffing,104702,104630,104702,72
right_turning,104742,104702,104742,40
sniffing,104743,104742,104743,1
grooming,105068,104743,105068,325
hunching,105117,105068,105117,49
grooming,105260,105117,105260,143
left_turning,105261,105260,105261,1
rising,105268,105261,105268,7
rearing,105269,105268,105269,1
rising,105271,105269,105271,2
walking,105303,105271,105303,32
rising,105304,105303,105304,1
left_turning,105319,105304,105319,15
sniffing,105424,105319,105424,105
climbing,105479,105424,105479,55
walking,105527,105479,105527,48
sniffing,105564,105527,105564,37
left_turning,105604,105564,105604,40
grooming,105657,105604,105657,53
sniffing,105676,105657,105676,19
rising,105683,105676,105683,7
grooming,105753,105683,105753,70
walking,105771,105753,105771,18
stepping,105800,105771,105800,29
walking,105805,105800,105805,5
climbing,105854,105805,105854,49
right_turning,105856,105854,105856,2
climbing,105881,105856,105881,25
trotting,105891,105881,105891,10
stepping,105910,105891,105910,19
sniffing,105921,105910,105921,11
left_turning,105983,105921,105983,62
hunching,105984,105983,105984,1
grooming,105985,105984,105985,1
trotting,106025,105985,106025,40
walking,106029,106025,106029,4
sniffing,106030,106029,106030,1
left_turning,106049,106030,106049,19
walking,106113,106049,106113,64
right_turning,106150,106113,106150,37
climbing,106199,106150,106199,49
rising,106243,106199,106243,44
walking,106259,106243,106259,16
stepping,106328,106259,106328,69
walking,106377,106328,106377,49
sniffing,106478,106377,106478,101
walking,106506,106478,106506,28
sniffing,106581,106506,106581,75
stepping,106619,106581,106619,38
walking,106637,106619,106637,18
sniffing,106690,106637,106690,53
rising,106724,106690,106724,34
climbing,106748,106724,106748,24
walking,106774,106748,106774,26
climbing,106883,106774,106883,109
grooming,106884,106883,106884,1
rising,106899,106884,106899,15
sniffing,107007,106899,107007,108
left_turning,107008,107007,107008,1
stepping,107036,107008,107036,28
sniffing,107088,107036,107088,52
left_turning,107156,107088,107156,68
walking,107185,107156,107185,29
grooming,107399,107185,107399,214
hunching,107400,107399,107400,1
grooming,107906,107400,107906,506
sniffing,107976,107906,107976,70
walking,107977,107976,107977,1
sniffing,108000,107977,108000,23
