revised_movement_label,segBoundary,segBoundary_start,segBoundary_end,length
sniffing,1,0,1,1
walking,75,1,75,74
sniffing,176,75,176,101
grooming,177,176,177,1
rising,284,177,284,107
running,303,284,303,19
trotting,345,303,345,42
grooming,799,345,799,454
rising,927,799,927,128
sniffing,967,927,967,40
rising,975,967,975,8
grooming,1010,975,1010,35
sniffing,1011,1010,1011,1
stepping,1016,1011,1016,5
rearing,1286,1016,1286,270
grooming,1342,1286,1342,56
walking,1343,1342,1343,1
grooming,2438,1343,2438,1095
sniffing,2458,2438,2458,20
rising,2467,2458,2467,9
climbing,2513,2467,2513,46
stepping,2531,2513,2531,18
sniffing,2555,2531,2555,24
right_turning,2565,2555,2565,10
sniffing,2582,2565,2582,17
stepping,2622,2582,2622,40
trotting,2648,2622,2648,26
walking,2715,2648,2715,67
sniffing,2716,2715,2716,1
left_turning,2790,2716,2790,74
sniffing,2900,2790,2900,110
rearing,2901,2900,2901,1
climbing,2950,2901,2950,49
hunching,2999,2950,2999,49
rearing,3030,2999,3030,31
walking,3057,3030,3057,27
left_turning,3080,3057,3080,23
grooming,3081,3080,3081,1
left_turning,3084,3081,3084,3
stepping,3116,3084,3116,32
sniffing,3198,3116,3198,82
grooming,3234,3198,3234,36
rising,3293,3234,3293,59
trotting,3300,3293,3300,7
walking,3332,3300,3332,32
sniffing,3390,3332,3390,58
trotting,3420,3390,3420,30
stepping,3423,3420,3423,3
sniffing,3462,3423,3462,39
rising,3484,3462,3484,22
walking,3515,3484,3515,31
sniffing,3563,3515,3563,48
rising,3575,3563,3575,12
sniffing,3576,3575,3576,1
rising,3651,3576,3651,75
left_turning,3676,3651,3676,25
hunching,3731,3676,3731,55
grooming,3752,3731,3752,21
walking,3782,3752,3782,30
rising,3947,3782,3947,165
walking,3985,3947,3985,38
trotting,4003,3985,4003,18
walking,4033,4003,4033,30
rising,4158,4033,4158,125
right_turning,4193,4158,4193,35
walking,4233,4193,4233,40
stepping,4236,4233,4236,3
walking,4290,4236,4290,54
sniffing,4359,4290,4359,69
stepping,4392,4359,4392,33
sniffing,4591,4392,4591,199
walking,4600,4591,4600,9
stepping,4660,4600,4660,60
walking,4675,4660,4675,15
stepping,4712,4675,4712,37
sniffing,4718,4712,4718,6
walking,4736,4718,4736,18
stepping,4770,4736,4770,34
sniffing,4802,4770,4802,32
walking,4843,4802,4843,41
running,4863,4843,4863,20
walking,4932,4863,4932,69
trotting,4951,4932,4951,19
sniffing,5035,4951,5035,84
hunching,5091,5035,5091,56
rising,5097,5091,5097,6
stepping,5098,5097,5098,1
walking,5099,5098,5099,1
sniffing,5232,5099,5232,133
rising,5247,5232,5247,15
sniffing,5275,5247,5275,28
rising,5301,5275,5301,26
sniffing,5346,5301,5346,45
stepping,5373,5346,5373,27
running,5396,5373,5396,23
walking,5397,5396,5397,1
sniffing,5401,5397,5401,4
rising,5445,5401,5445,44
grooming,6042,5445,6042,597
stepping,6068,6042,6068,26
walking,6069,6068,6069,1
stepping,6107,6069,6107,38
walking,6141,6107,6141,34
sniffing,6142,6141,6142,1
rising,6196,6142,6196,54
grooming,6385,6196,6385,189
sniffing,6386,6385,6386,1
running,6413,6386,6413,27
sniffing,6443,6413,6443,30
rising,6453,6443,6453,10
trotting,6472,6453,6472,19
rising,6511,6472,6511,39
left_turning,6526,6511,6526,15
sniffing,6613,6526,6613,87
stepping,6635,6613,6635,22
walking,6637,6635,6637,2
stepping,6658,6637,6658,21
rising,6706,6658,6706,48
stepping,6746,6706,6746,40
rising,6798,6746,6798,52
sniffing,6811,6798,6811,13
left_turning,6819,6811,6819,8
walking,6836,6819,6836,17
stepping,6873,6836,6873,37
rising,6917,6873,6917,44
left_turning,6931,6917,6931,14
rearing,7022,6931,7022,91
rising,7083,7022,7083,61
grooming,7324,7083,7324,241
sniffing,7348,7324,7348,24
rising,7400,7348,7400,52
sniffing,7425,7400,7425,25
left_turning,7437,7425,7437,12
walking,7465,7437,7465,28
rising,7474,7465,7474,9
trotting,7500,7474,7500,26
sniffing,7517,7500,7517,17
stepping,7540,7517,7540,23
grooming,7541,7540,7541,1
rising,7542,7541,7542,1
left_turning,7578,7542,7578,36
stepping,7613,7578,7613,35
sniffing,7678,7613,7678,65
stepping,7754,7678,7754,76
walking,7761,7754,7761,7
rising,7790,7761,7790,29
sniffing,7794,7790,7794,4
stepping,7823,7794,7823,29
trotting,7855,7823,7855,32
walking,7856,7855,7856,1
stepping,7900,7856,7900,44
walking,7917,7900,7917,17
stepping,7959,7917,7959,42
walking,7975,7959,7975,16
sniffing,8033,7975,8033,58
left_turning,8058,8033,8058,25
walking,8076,8058,8076,18
grooming,8101,8076,8101,25
sniffing,8102,8101,8102,1
grooming,8278,8102,8278,176
trotting,8292,8278,8292,14
climbing,8309,8292,8309,17
right_turning,8325,8309,8325,16
stepping,8351,8325,8351,26
rising,8352,8351,8352,1
grooming,8491,8352,8491,139
sniffing,8504,8491,8504,13
rising,8528,8504,8528,24
climbing,8592,8528,8592,64
left_turning,8622,8592,8622,30
trotting,8645,8622,8645,23
running,8685,8645,8685,40
trotting,8733,8685,8733,48
walking,8749,8733,8749,16
rising,8809,8749,8809,60
sniffing,8811,8809,8811,2
rising,8996,8811,8996,185
left_turning,9032,8996,9032,36
hunching,9109,9032,9109,77
grooming,9377,9109,9377,268
stepping,9412,9377,9412,35
walking,9431,9412,9431,19
stepping,9464,9431,9464,33
grooming,9547,9464,9547,83
sniffing,9571,9547,9571,24
climbing,9609,9571,9609,38
grooming,9638,9609,9638,29
sniffing,9690,9638,9690,52
grooming,9814,9690,9814,124
walking,9864,9814,9864,50
grooming,9877,9864,9877,13
sniffing,9895,9877,9895,18
rearing,9896,9895,9896,1
climbing,9938,9896,9938,42
left_turning,9959,9938,9959,21
trotting,9998,9959,9998,39
walking,10036,9998,10036,38
stepping,10056,10036,10056,20
grooming,10098,10056,10098,42
rising,10099,10098,10099,1
stepping,10131,10099,10131,32
walking,10138,10131,10138,7
left_turning,10150,10138,10150,12
sniffing,10198,10150,10198,48
walking,10245,10198,10245,47
trotting,10303,10245,10303,58
walking,10386,10303,10386,83
sniffing,10475,10386,10475,89
grooming,10486,10475,10486,11
rearing,10502,10486,10502,16
grooming,10548,10502,10548,46
walking,10657,10548,10657,109
sniffing,10658,10657,10658,1
rising,10659,10658,10659,1
grooming,10812,10659,10812,153
rearing,10910,10812,10910,98
rising,10911,10910,10911,1
trotting,10935,10911,10935,24
rising,10944,10935,10944,9
rearing,11023,10944,11023,79
grooming,11778,11023,11778,755
hunching,11908,11778,11908,130
grooming,12001,11908,12001,93
sniffing,12122,12001,12122,121
trotting,12181,12122,12181,59
sniffing,12244,12181,12244,63
grooming,12323,12244,12323,79
sniffing,12367,12323,12367,44
walking,12395,12367,12395,28
sniffing,12396,12395,12396,1
grooming,12405,12396,12405,9
climbing,12449,12405,12449,44
rearing,12450,12449,12450,1
sniffing,12493,12450,12493,43
rising,12518,12493,12518,25
sniffing,12519,12518,12519,1
stepping,12530,12519,12530,11
grooming,13322,12530,13322,792
left_turning,13348,13322,13348,26
running,13393,13348,13393,45
sniffing,13428,13393,13428,35
grooming,13429,13428,13429,1
hunching,13471,13429,13471,42
sniffing,13541,13471,13541,70
grooming,13542,13541,13542,1
stepping,13554,13542,13554,12
rearing,13672,13554,13672,118
climbing,13699,13672,13699,27
walking,13721,13699,13721,22
rising,13749,13721,13749,28
walking,13778,13749,13778,29
sniffing,13815,13778,13815,37
stepping,13821,13815,13821,6
walking,13873,13821,13873,52
sniffing,13874,13873,13874,1
left_turning,13883,13874,13883,9
rising,13886,13883,13886,3
running,13904,13886,13904,18
walking,13927,13904,13927,23
rearing,13931,13927,13931,4
grooming,14289,13931,14289,358
left_turning,14325,14289,14325,36
walking,14328,14325,14328,3
sniffing,14407,14328,14407,79
rising,14408,14407,14408,1
sniffing,14459,14408,14459,51
stepping,14531,14459,14531,72
grooming,14728,14531,14728,197
running,14758,14728,14758,30
trotting,14775,14758,14775,17
sniffing,14794,14775,14794,19
stepping,14814,14794,14814,20
sniffing,14815,14814,14815,1
rising,15143,14815,15143,328
sniffing,15252,15143,15252,109
grooming,15525,15252,15525,273
rearing,15572,15525,15572,47
hunching,15652,15572,15652,80
sniffing,15653,15652,15653,1
grooming,15677,15653,15677,24
left_turning,15678,15677,15678,1
sniffing,15705,15678,15705,27
grooming,15706,15705,15706,1
walking,15733,15706,15733,27
trotting,15734,15733,15734,1
rising,15744,15734,15744,10
sniffing,15761,15744,15761,17
rearing,15762,15761,15762,1
grooming,16016,15762,16016,254
left_turning,16022,16016,16022,6
sniffing,16023,16022,16023,1
climbing,16084,16023,16084,61
grooming,16331,16084,16331,247
running,16352,16331,16352,21
rising,16373,16352,16373,21
rearing,16374,16373,16374,1
right_turning,16408,16374,16408,34
sniffing,16477,16408,16477,69
rising,16504,16477,16504,27
climbing,16558,16504,16558,54
rearing,16774,16558,16774,216
right_turning,16796,16774,16796,22
rising,16797,16796,16797,1
rearing,16801,16797,16801,4
stepping,16871,16801,16871,70
sniffing,16902,16871,16902,31
left_turning,16914,16902,16914,12
grooming,17122,16914,17122,208
sniffing,17149,17122,17149,27
walking,17180,17149,17180,31
stepping,17196,17180,17196,16
trotting,17210,17196,17210,14
sniffing,17233,17210,17233,23
stepping,17276,17233,17276,43
walking,17358,17276,17358,82
sniffing,17372,17358,17372,14
stepping,17393,17372,17393,21
grooming,17626,17393,17626,233
rearing,17639,17626,17639,13
stepping,17663,17639,17663,24
rearing,17760,17663,17760,97
grooming,17816,17760,17816,56
sniffing,17865,17816,17865,49
left_turning,17883,17865,17883,18
sniffing,17913,17883,17913,30
stepping,17960,17913,17960,47
grooming,18099,17960,18099,139
trotting,18107,18099,18107,8
sniffing,18142,18107,18142,35
grooming,18776,18142,18776,634
left_turning,18803,18776,18803,27
walking,18814,18803,18814,11
rising,18830,18814,18830,16
walking,18841,18830,18841,11
hunching,18881,18841,18881,40
rearing,18930,18881,18930,49
hunching,19019,18930,19019,89
rearing,19230,19019,19230,211
walking,19236,19230,19236,6
stepping,19247,19236,19247,11
sniffing,19250,19247,19250,3
rising,19260,19250,19260,10
climbing,19289,19260,19289,29
right_turning,19313,19289,19313,24
walking,19325,19313,19325,12
sniffing,19342,19325,19342,17
walking,19390,19342,19390,48
right_turning,19406,19390,19406,16
sniffing,19454,19406,19454,48
climbing,19464,19454,19464,10
rearing,19598,19464,19598,134
hunching,19620,19598,19620,22
grooming,19621,19620,19621,1
rising,19672,19621,19672,51
hunching,19677,19672,19677,5
rearing,19753,19677,19753,76
stepping,19754,19753,19754,1
walking,19804,19754,19804,50
running,19828,19804,19828,24
walking,19862,19828,19862,34
left_turning,19869,19862,19869,7
stepping,19917,19869,19917,48
sniffing,20054,19917,20054,137
grooming,20055,20054,20055,1
sniffing,20073,20055,20073,18
rising,20074,20073,20074,1
grooming,20273,20074,20273,199
rearing,20309,20273,20309,36
left_turning,20319,20309,20319,10
sniffing,20320,20319,20320,1
grooming,20321,20320,20321,1
walking,20355,20321,20355,34
stepping,20415,20355,20415,60
trotting,20455,20415,20455,40
walking,20468,20455,20468,13
grooming,20533,20468,20533,65
rearing,20550,20533,20550,17
climbing,20572,20550,20572,22
left_turning,20582,20572,20582,10
sniffing,20847,20582,20847,265
climbing,20894,20847,20894,47
hunching,20997,20894,20997,103
right_turning,21004,20997,21004,7
stepping,21042,21004,21042,38
sniffing,21065,21042,21065,23
walking,21072,21065,21072,7
sniffing,21116,21072,21116,44
stepping,21163,21116,21163,47
walking,21204,21163,21204,41
trotting,21253,21204,21253,49
walking,21255,21253,21255,2
stepping,21256,21255,21256,1
walking,21257,21256,21257,1
grooming,21852,21257,21852,595
walking,21867,21852,21867,15
grooming,21868,21867,21868,1
rearing,21901,21868,21901,33
climbing,21948,21901,21948,47
grooming,22116,21948,22116,168
sniffing,22137,22116,22137,21
stepping,22157,22137,22157,20
grooming,22229,22157,22229,72
rising,22250,22229,22250,21
hunching,22251,22250,22251,1
rising,22297,22251,22297,46
climbing,22349,22297,22349,52
left_turning,22359,22349,22359,10
rising,22391,22359,22391,32
stepping,22435,22391,22435,44
right_turning,22460,22435,22460,25
running,22475,22460,22475,15
walking,22486,22475,22486,11
sniffing,22494,22486,22494,8
grooming,22620,22494,22620,126
sniffing,22648,22620,22648,28
stepping,22687,22648,22687,39
walking,22691,22687,22691,4
right_turning,22707,22691,22707,16
sniffing,22711,22707,22711,4
stepping,22749,22711,22749,38
rising,22776,22749,22776,27
stepping,22786,22776,22786,10
walking,22822,22786,22822,36
sniffing,22849,22822,22849,27
rising,22874,22849,22874,25
grooming,22875,22874,22875,1
sniffing,22909,22875,22909,34
walking,22929,22909,22929,20
sniffing,22942,22929,22942,13
walking,22998,22942,22998,56
sniffing,23035,22998,23035,37
grooming,23256,23035,23256,221
sniffing,23264,23256,23264,8
grooming,23361,23264,23361,97
rising,23403,23361,23403,42
left_turning,23462,23403,23462,59
trotting,23489,23462,23489,27
sniffing,23630,23489,23630,141
left_turning,23690,23630,23690,60
stepping,23708,23690,23708,18
sniffing,23758,23708,23758,50
walking,23802,23758,23802,44
sniffing,24045,23802,24045,243
stepping,24073,24045,24073,28
hunching,24156,24073,24156,83
rising,24166,24156,24166,10
hunching,24236,24166,24236,70
rearing,24270,24236,24270,34
climbing,24360,24270,24360,90
rearing,24361,24360,24361,1
rising,24407,24361,24407,46
climbing,24423,24407,24423,16
left_turning,24424,24423,24424,1
stepping,24518,24424,24518,94
rising,24519,24518,24519,1
sniffing,24527,24519,24527,8
rising,24539,24527,24539,12
climbing,24579,24539,24579,40
grooming,24580,24579,24580,1
rearing,24674,24580,24674,94
hunching,24675,24674,24675,1
grooming,24676,24675,24676,1
hunching,24677,24676,24677,1
grooming,24693,24677,24693,16
rearing,24694,24693,24694,1
grooming,24710,24694,24710,16
trotting,24732,24710,24732,22
sniffing,24756,24732,24756,24
stepping,24775,24756,24775,19
grooming,24894,24775,24894,119
left_turning,24895,24894,24895,1
walking,24896,24895,24896,1
grooming,24961,24896,24961,65
walking,25037,24961,25037,76
stepping,25091,25037,25091,54
sniffing,25092,25091,25092,1
trotting,25132,25092,25132,40
sniffing,25164,25132,25164,32
rising,25218,25164,25218,54
sniffing,25253,25218,25253,35
stepping,25308,25253,25308,55
sniffing,25333,25308,25333,25
rising,25394,25333,25394,61
sniffing,25418,25394,25418,24
stepping,25428,25418,25428,10
left_turning,25478,25428,25478,50
sniffing,25536,25478,25536,58
climbing,25581,25536,25581,45
sniffing,25582,25581,25582,1
climbing,25664,25582,25664,82
left_turning,25688,25664,25688,24
grooming,25689,25688,25689,1
walking,25707,25689,25707,18
left_turning,25758,25707,25758,51
grooming,25902,25758,25902,144
left_turning,25918,25902,25918,16
trotting,25942,25918,25942,24
stepping,25960,25942,25960,18
grooming,26044,25960,26044,84
stepping,26045,26044,26045,1
walking,26062,26045,26062,17
sniffing,26063,26062,26063,1
grooming,26064,26063,26064,1
rearing,26180,26064,26180,116
rising,26195,26180,26195,15
grooming,26720,26195,26720,525
rising,26739,26720,26739,19
stepping,26772,26739,26772,33
sniffing,26807,26772,26807,35
walking,26838,26807,26838,31
sniffing,26855,26838,26855,17
walking,26885,26855,26885,30
sniffing,26923,26885,26923,38
grooming,27053,26923,27053,130
rising,27077,27053,27077,24
grooming,27095,27077,27095,18
sniffing,27133,27095,27133,38
right_turning,27155,27133,27155,22
walking,27181,27155,27181,26
climbing,27219,27181,27219,38
grooming,27290,27219,27290,71
scratching,27377,27290,27377,87
grooming,27501,27377,27501,124
hunching,27502,27501,27502,1
grooming,27503,27502,27503,1
sniffing,27510,27503,27510,7
grooming,27578,27510,27578,68
hunching,27594,27578,27594,16
grooming,27718,27594,27718,124
left_turning,27719,27718,27719,1
walking,27728,27719,27728,9
right_turning,27741,27728,27741,13
walking,27770,27741,27770,29
sniffing,27784,27770,27784,14
stepping,27785,27784,27785,1
climbing,27851,27785,27851,66
right_turning,27855,27851,27855,4
trotting,27886,27855,27886,31
walking,27905,27886,27905,19
stepping,27923,27905,27923,18
grooming,28237,27923,28237,314
trotting,28267,28237,28267,30
sniffing,28314,28267,28314,47
stepping,28355,28314,28355,41
sniffing,28420,28355,28420,65
walking,28449,28420,28449,29
stepping,28483,28449,28483,34
walking,28504,28483,28504,21
stepping,28505,28504,28505,1
sniffing,28533,28505,28533,28
climbing,28599,28533,28599,66
walking,28600,28599,28600,1
stepping,28652,28600,28652,52
sniffing,28722,28652,28722,70
rising,28765,28722,28765,43
climbing,28788,28765,28788,23
left_turning,28800,28788,28800,12
sniffing,28856,28800,28856,56
left_turning,28875,28856,28875,19
walking,28921,28875,28921,46
sniffing,29000,28921,29000,79
stepping,29008,29000,29008,8
sniffing,29047,29008,29047,39
stepping,29080,29047,29080,33
walking,29106,29080,29106,26
sniffing,29107,29106,29107,1
left_turning,29200,29107,29200,93
running,29205,29200,29205,5
grooming,29388,29205,29388,183
left_turning,29395,29388,29395,7
climbing,29419,29395,29419,24
right_turning,29452,29419,29452,33
climbing,29510,29452,29510,58
left_turning,29542,29510,29542,32
walking,29582,29542,29582,40
sniffing,29604,29582,29604,22
trotting,29636,29604,29636,32
sniffing,29637,29636,29637,1
scratching,29684,29637,29684,47
sniffing,29707,29684,29707,23
scratching,29786,29707,29786,79
sniffing,29856,29786,29856,70
rising,29860,29856,29860,4
grooming,30132,29860,30132,272
climbing,30188,30132,30188,56
grooming,30277,30188,30277,89
sniffing,30301,30277,30301,24
stepping,30318,30301,30318,17
walking,30346,30318,30346,28
sniffing,30378,30346,30378,32
walking,30379,30378,30379,1
sniffing,30412,30379,30412,33
grooming,30498,30412,30498,86
stepping,30603,30498,30603,105
grooming,31057,30603,31057,454
climbing,31088,31057,31088,31
sniffing,31141,31088,31141,53
left_turning,31149,31141,31149,8
stepping,31232,31149,31232,83
left_turning,31258,31232,31258,26
stepping,31317,31258,31317,59
walking,31330,31317,31330,13
left_turning,31337,31330,31337,7
walking,31358,31337,31358,21
stepping,31384,31358,31384,26
sniffing,31394,31384,31394,10
walking,31407,31394,31407,13
stepping,31428,31407,31428,21
grooming,31429,31428,31429,1
left_turning,31472,31429,31472,43
right_turning,31477,31472,31477,5
sniffing,31478,31477,31478,1
stepping,31495,31478,31495,17
sniffing,31532,31495,31532,37
stepping,31599,31532,31599,67
sniffing,31664,31599,31664,65
rising,31708,31664,31708,44
climbing,31753,31708,31753,45
grooming,31800,31753,31800,47
left_turning,31801,31800,31801,1
grooming,31966,31801,31966,165
climbing,31997,31966,31997,31
left_turning,32016,31997,32016,19
stepping,32017,32016,32017,1
sniffing,32018,32017,32018,1
stepping,32056,32018,32056,38
grooming,32057,32056,32057,1
walking,32077,32057,32077,20
stepping,32113,32077,32113,36
rearing,32123,32113,32123,10
stepping,32127,32123,32127,4
rearing,32217,32127,32217,90
grooming,32311,32217,32311,94
right_turning,32363,32311,32363,52
grooming,32364,32363,32364,1
left_turning,32382,32364,32382,18
walking,32410,32382,32410,28
sniffing,32464,32410,32464,54
walking,32504,32464,32504,40
sniffing,32508,32504,32508,4
rising,32532,32508,32532,24
grooming,32595,32532,32595,63
left_turning,32637,32595,32637,42
trotting,32663,32637,32663,26
sniffing,32692,32663,32692,29
left_turning,32697,32692,32697,5
grooming,32698,32697,32698,1
left_turning,32707,32698,32707,9
walking,32726,32707,32726,19
grooming,32890,32726,32890,164
running,32936,32890,32936,46
sniffing,32946,32936,32946,10
left_turning,33002,32946,33002,56
running,33031,33002,33031,29
stepping,33070,33031,33070,39
trotting,33104,33070,33104,34
running,33145,33104,33145,41
walking,33178,33145,33178,33
sniffing,33182,33178,33182,4
right_turning,33209,33182,33209,27
sniffing,33210,33209,33210,1
left_turning,33211,33210,33211,1
walking,33246,33211,33246,35
stepping,33264,33246,33264,18
sniffing,33265,33264,33265,1
rising,33329,33265,33329,64
grooming,33330,33329,33330,1
walking,33386,33330,33386,56
stepping,33413,33386,33413,27
grooming,34014,33413,34014,601
walking,34032,34014,34032,18
rising,34095,34032,34095,63
grooming,34142,34095,34142,47
rearing,34217,34142,34217,75
stepping,34218,34217,34218,1
walking,34270,34218,34270,52
sniffing,34339,34270,34339,69
grooming,34523,34339,34523,184
running,34565,34523,34565,42
stepping,34598,34565,34598,33
sniffing,34753,34598,34753,155
grooming,35367,34753,35367,614
rearing,35412,35367,35412,45
hunching,35413,35412,35413,1
rearing,35489,35413,35489,76
grooming,35490,35489,35490,1
hunching,35584,35490,35584,94
rearing,35690,35584,35690,106
hunching,35709,35690,35709,19
rearing,35741,35709,35741,32
left_turning,35762,35741,35762,21
walking,35828,35762,35828,66
sniffing,35941,35828,35941,113
stepping,35990,35941,35990,49
sniffing,36098,35990,36098,108
walking,36102,36098,36102,4
stepping,36177,36102,36177,75
walking,36217,36177,36217,40
climbing,36266,36217,36266,49
hunching,36267,36266,36267,1
rearing,36270,36267,36270,3
grooming,36740,36270,36740,470
sniffing,36741,36740,36741,1
trotting,36763,36741,36763,22
stepping,36802,36763,36802,39
climbing,36854,36802,36854,52
sniffing,36915,36854,36915,61
grooming,37028,36915,37028,113
climbing,37039,37028,37039,11
grooming,37566,37039,37566,527
hunching,37610,37566,37610,44
climbing,37634,37610,37634,24
walking,37647,37634,37647,13
stepping,37675,37647,37675,28
grooming,37913,37675,37913,238
rearing,37968,37913,37968,55
grooming,38092,37968,38092,124
walking,38124,38092,38124,32
sniffing,38155,38124,38155,31
grooming,38156,38155,38156,1
walking,38194,38156,38194,38
rearing,38288,38194,38288,94
sniffing,38314,38288,38314,26
stepping,38359,38314,38359,45
running,38369,38359,38369,10
stepping,38401,38369,38401,32
rising,38432,38401,38432,31
sniffing,38484,38432,38484,52
left_turning,38500,38484,38500,16
stepping,38512,38500,38512,12
walking,38530,38512,38530,18
sniffing,38583,38530,38583,53
stepping,38597,38583,38597,14
rising,38635,38597,38635,38
walking,38688,38635,38688,53
trotting,38745,38688,38745,57
walking,38797,38745,38797,52
rising,38801,38797,38801,4
sniffing,38840,38801,38840,39
climbing,38859,38840,38859,19
running,38863,38859,38863,4
left_turning,38884,38863,38884,21
grooming,38944,38884,38944,60
rearing,38979,38944,38979,35
climbing,39024,38979,39024,45
walking,39068,39024,39068,44
stepping,39079,39068,39079,11
walking,39097,39079,39097,18
left_turning,39144,39097,39144,47
trotting,39182,39144,39182,38
stepping,39205,39182,39205,23
walking,39281,39205,39281,76
sniffing,39282,39281,39282,1
stepping,39292,39282,39292,10
sniffing,39293,39292,39293,1
grooming,39424,39293,39424,131
sniffing,39447,39424,39447,23
stepping,39475,39447,39475,28
walking,39482,39475,39482,7
right_turning,39509,39482,39509,27
walking,39538,39509,39538,29
sniffing,39613,39538,39613,75
stepping,39657,39613,39657,44
sniffing,39658,39657,39658,1
grooming,40378,39658,40378,720
running,40413,40378,40413,35
trotting,40423,40413,40423,10
sniffing,40484,40423,40484,61
trotting,40525,40484,40525,41
stepping,40539,40525,40539,14
hunching,40655,40539,40655,116
grooming,40693,40655,40693,38
scratching,40694,40693,40694,1
stepping,40779,40694,40779,85
grooming,40980,40779,40980,201
sniffing,40981,40980,40981,1
grooming,41149,40981,41149,168
sniffing,41218,41149,41218,69
walking,41238,41218,41238,20
stepping,41269,41238,41269,31
walking,41302,41269,41302,33
grooming,41374,41302,41374,72
right_turning,41403,41374,41403,29
sniffing,41547,41403,41547,144
climbing,41594,41547,41594,47
sniffing,41620,41594,41620,26
grooming,41738,41620,41738,118
trotting,41781,41738,41781,43
walking,41830,41781,41830,49
sniffing,41907,41830,41907,77
stepping,41935,41907,41935,28
sniffing,41994,41935,41994,59
rising,41995,41994,41995,1
sniffing,42030,41995,42030,35
left_turning,42073,42030,42073,43
stepping,42121,42073,42121,48
sniffing,42279,42121,42279,158
rising,42307,42279,42307,28
sniffing,42316,42307,42316,9
grooming,42708,42316,42708,392
walking,42709,42708,42709,1
grooming,42710,42709,42710,1
right_turning,42715,42710,42715,5
walking,42748,42715,42748,33
sniffing,42811,42748,42811,63
scratching,42849,42811,42849,38
left_turning,42878,42849,42878,29
trotting,42905,42878,42905,27
stepping,42964,42905,42964,59
rearing,43010,42964,43010,46
left_turning,43024,43010,43024,14
grooming,43228,43024,43228,204
walking,43238,43228,43238,10
sniffing,43320,43238,43320,82
rearing,43367,43320,43367,47
sniffing,43383,43367,43383,16
rising,43399,43383,43399,16
hunching,43451,43399,43451,52
rearing,43511,43451,43511,60
climbing,43552,43511,43552,41
sniffing,43600,43552,43600,48
stepping,43614,43600,43614,14
sniffing,43651,43614,43651,37
rearing,43726,43651,43726,75
hunching,43727,43726,43727,1
sniffing,43826,43727,43826,99
stepping,43856,43826,43856,30
sniffing,43889,43856,43889,33
scratching,43946,43889,43946,57
left_turning,43956,43946,43956,10
sniffing,44028,43956,44028,72
left_turning,44066,44028,44066,38
sniffing,44067,44066,44067,1
grooming,44292,44067,44292,225
stepping,44353,44292,44353,61
climbing,44359,44353,44359,6
grooming,44545,44359,44545,186
rising,44566,44545,44566,21
stepping,44580,44566,44580,14
rearing,44629,44580,44629,49
grooming,44725,44629,44725,96
sniffing,44795,44725,44795,70
stepping,44829,44795,44829,34
walking,44885,44829,44885,56
trotting,44893,44885,44893,8
grooming,45711,44893,45711,818
sniffing,45712,45711,45712,1
grooming,45959,45712,45959,247
rearing,46066,45959,46066,107
rising,46087,46066,46087,21
rearing,46172,46087,46172,85
hunching,46173,46172,46173,1
sniffing,46174,46173,46174,1
rising,46187,46174,46187,13
climbing,46245,46187,46245,58
rising,46264,46245,46264,19
rearing,46265,46264,46265,1
hunching,46315,46265,46315,50
grooming,46483,46315,46483,168
rearing,46516,46483,46516,33
grooming,46700,46516,46700,184
climbing,46748,46700,46748,48
walking,46761,46748,46761,13
sniffing,46783,46761,46783,22
left_turning,46826,46783,46826,43
stepping,46835,46826,46835,9
rising,46891,46835,46891,56
sniffing,46940,46891,46940,49
walking,46975,46940,46975,35
sniffing,46995,46975,46995,20
rising,47016,46995,47016,21
sniffing,47063,47016,47063,47
rising,47168,47063,47168,105
grooming,47169,47168,47169,1
rearing,47255,47169,47255,86
right_turning,47304,47255,47304,49
sniffing,47320,47304,47320,16
left_turning,47356,47320,47356,36
sniffing,47403,47356,47403,47
right_turning,47404,47403,47404,1
sniffing,47443,47404,47443,39
walking,47485,47443,47485,42
stepping,47506,47485,47506,21
walking,47514,47506,47514,8
sniffing,47551,47514,47551,37
right_turning,47557,47551,47557,6
sniffing,47629,47557,47629,72
right_turning,47648,47629,47648,19
sniffing,47670,47648,47670,22
trotting,47700,47670,47700,30
stepping,47750,47700,47750,50
walking,47762,47750,47762,12
sniffing,47930,47762,47930,168
stepping,47940,47930,47940,10
walking,48010,47940,48010,70
running,48040,48010,48040,30
walking,48043,48040,48043,3
sniffing,48075,48043,48075,32
walking,48097,48075,48097,22
right_turning,48121,48097,48121,24
running,48162,48121,48162,41
walking,48163,48162,48163,1
trotting,48184,48163,48184,21
stepping,48220,48184,48220,36
sniffing,48246,48220,48246,26
walking,48267,48246,48267,21
right_turning,48286,48267,48286,19
scratching,48329,48286,48329,43
sniffing,48340,48329,48340,11
left_turning,48392,48340,48392,52
sniffing,48451,48392,48451,59
stepping,48513,48451,48513,62
sniffing,48514,48513,48514,1
rearing,48620,48514,48620,106
climbing,48679,48620,48679,59
left_turning,48730,48679,48730,51
walking,48746,48730,48746,16
stepping,48758,48746,48758,12
sniffing,48788,48758,48788,30
walking,48807,48788,48807,19
sniffing,48830,48807,48830,23
grooming,48853,48830,48853,23
trotting,48863,48853,48863,10
sniffing,48867,48863,48867,4
stepping,48902,48867,48902,35
sniffing,48903,48902,48903,1
right_turning,48916,48903,48916,13
running,48919,48916,48919,3
walking,48920,48919,48920,1
rising,49085,48920,49085,165
sniffing,49086,49085,49086,1
climbing,49097,49086,49097,11
walking,49136,49097,49136,39
stepping,49156,49136,49156,20
left_turning,49203,49156,49203,47
walking,49226,49203,49226,23
trotting,49246,49226,49246,20
walking,49266,49246,49266,20
grooming,49267,49266,49267,1
scratching,49274,49267,49274,7
grooming,49276,49274,49276,2
rearing,49465,49276,49465,189
grooming,50316,49465,50316,851
rising,50317,50316,50317,1
rearing,50343,50317,50343,26
trotting,50361,50343,50361,18
sniffing,50460,50361,50460,99
right_turning,50489,50460,50489,29
walking,50537,50489,50537,48
sniffing,50615,50537,50615,78
rising,50695,50615,50695,80
sniffing,50758,50695,50758,63
stepping,50808,50758,50808,50
walking,50816,50808,50816,8
trotting,50843,50816,50843,27
sniffing,50975,50843,50975,132
rising,50989,50975,50989,14
climbing,51023,50989,51023,34
rearing,51190,51023,51190,167
rising,51250,51190,51250,60
sniffing,51271,51250,51271,21
stepping,51287,51271,51287,16
walking,51288,51287,51288,1
rising,51289,51288,51289,1
sniffing,51297,51289,51297,8
grooming,51298,51297,51298,1
stepping,51316,51298,51316,18
grooming,51513,51316,51513,197
rearing,51584,51513,51584,71
grooming,51754,51584,51754,170
rearing,51755,51754,51755,1
hunching,51791,51755,51791,36
grooming,51792,51791,51792,1
rearing,51874,51792,51874,82
grooming,51875,51874,51875,1
sniffing,51958,51875,51958,83
stepping,52009,51958,52009,51
sniffing,52012,52009,52012,3
grooming,52013,52012,52013,1
rearing,52062,52013,52062,49
scratching,52141,52062,52141,79
sniffing,52181,52141,52181,40
climbing,52214,52181,52214,33
right_turning,52241,52214,52241,27
sniffing,52310,52241,52310,69
walking,52346,52310,52346,36
trotting,52371,52346,52371,25
stepping,52395,52371,52395,24
left_turning,52396,52395,52396,1
walking,52414,52396,52414,18
stepping,52439,52414,52439,25
sniffing,52452,52439,52452,13
stepping,52513,52452,52513,61
sniffing,52626,52513,52626,113
walking,52642,52626,52642,16
sniffing,52704,52642,52704,62
walking,52752,52704,52752,48
running,52783,52752,52783,31
sniffing,52812,52783,52812,29
grooming,52813,52812,52813,1
sniffing,52832,52813,52832,19
rising,52871,52832,52871,39
rearing,52872,52871,52872,1
grooming,53163,52872,53163,291
sniffing,53164,53163,53164,1
rising,53203,53164,53203,39
left_turning,53213,53203,53213,10
sniffing,53337,53213,53337,124
stepping,53369,53337,53369,32
sniffing,53379,53369,53379,10
grooming,53582,53379,53582,203
left_turning,53583,53582,53583,1
rising,53601,53583,53601,18
grooming,53622,53601,53622,21
rising,53642,53622,53642,20
rearing,53643,53642,53643,1
climbing,53649,53643,53649,6
trotting,53694,53649,53694,45
walking,53720,53694,53720,26
sniffing,53722,53720,53722,2
climbing,53731,53722,53731,9
rearing,53796,53731,53796,65
grooming,53983,53796,53983,187
hunching,54068,53983,54068,85
rearing,54084,54068,54084,16
rising,54085,54084,54085,1
climbing,54098,54085,54098,13
rising,54135,54098,54135,37
climbing,54159,54135,54159,24
stepping,54165,54159,54165,6
rearing,54211,54165,54211,46
running,54234,54211,54234,23
walking,54254,54234,54254,20
sniffing,54308,54254,54308,54
stepping,54345,54308,54345,37
sniffing,54389,54345,54389,44
stepping,54430,54389,54430,41
sniffing,54494,54430,54494,64
grooming,54762,54494,54762,268
left_turning,54781,54762,54781,19
rearing,54847,54781,54847,66
hunching,54877,54847,54877,30
rearing,55109,54877,55109,232
rising,55179,55109,55179,70
climbing,55226,55179,55226,47
trotting,55232,55226,55232,6
rising,55350,55232,55350,118
rearing,55365,55350,55365,15
grooming,55858,55365,55858,493
sniffing,55859,55858,55859,1
stepping,55862,55859,55862,3
rising,55863,55862,55863,1
sniffing,55953,55863,55953,90
grooming,56017,55953,56017,64
right_turning,56023,56017,56023,6
sniffing,56108,56023,56108,85
trotting,56117,56108,56117,9
sniffing,56187,56117,56187,70
rising,56191,56187,56191,4
hunching,56316,56191,56316,125
grooming,56392,56316,56392,76
walking,56428,56392,56428,36
sniffing,56429,56428,56429,1
grooming,56617,56429,56617,188
rearing,56642,56617,56642,25
climbing,56704,56642,56704,62
walking,56721,56704,56721,17
sniffing,56743,56721,56743,22
walking,56800,56743,56800,57
sniffing,56850,56800,56850,50
rearing,56851,56850,56851,1
left_turning,56868,56851,56868,17
walking,56869,56868,56869,1
stepping,56909,56869,56909,40
scratching,56910,56909,56910,1
sniffing,57154,56910,57154,244
right_turning,57173,57154,57173,19
climbing,57243,57173,57243,70
walking,57289,57243,57289,46
climbing,57357,57289,57357,68
rearing,57434,57357,57434,77
grooming,57581,57434,57581,147
climbing,57589,57581,57589,8
trotting,57608,57589,57608,19
walking,57657,57608,57657,49
trotting,57658,57657,57658,1
walking,57669,57658,57669,11
right_turning,57698,57669,57698,29
stepping,57724,57698,57724,26
rising,57904,57724,57904,180
rearing,57949,57904,57949,45
climbing,57974,57949,57974,25
left_turning,58017,57974,58017,43
walking,58063,58017,58063,46
trotting,58080,58063,58080,17
walking,58082,58080,58082,2
grooming,58535,58082,58535,453
hunching,58638,58535,58638,103
grooming,58639,58638,58639,1
stepping,58668,58639,58668,29
climbing,58681,58668,58681,13
grooming,58682,58681,58682,1
right_turning,58689,58682,58689,7
walking,58728,58689,58728,39
stepping,58766,58728,58766,38
sniffing,58885,58766,58885,119
stepping,58931,58885,58931,46
grooming,59174,58931,59174,243
walking,59200,59174,59200,26
stepping,59227,59200,59227,27
sniffing,59228,59227,59228,1
stepping,59275,59228,59275,47
right_turning,59314,59275,59314,39
stepping,59332,59314,59332,18
rising,59389,59332,59389,57
sniffing,59474,59389,59474,85
stepping,59504,59474,59504,30
sniffing,59532,59504,59532,28
walking,59544,59532,59544,12
climbing,59545,59544,59545,1
right_turning,59582,59545,59582,37
walking,59608,59582,59608,26
sniffing,59652,59608,59652,44
walking,59654,59652,59654,2
grooming,59655,59654,59655,1
climbing,59692,59655,59692,37
walking,59706,59692,59706,14
stepping,59737,59706,59737,31
climbing,59774,59737,59774,37
stepping,59810,59774,59810,36
rearing,59841,59810,59841,31
running,59860,59841,59860,19
walking,59872,59860,59872,12
right_turning,59876,59872,59876,4
walking,59907,59876,59907,31
right_turning,59908,59907,59908,1
sniffing,59940,59908,59940,32
trotting,59988,59940,59988,48
stepping,60022,59988,60022,34
walking,60079,60022,60079,57
sniffing,60137,60079,60137,58
walking,60148,60137,60148,11
stepping,60154,60148,60154,6
grooming,60155,60154,60155,1
rearing,60156,60155,60156,1
grooming,60157,60156,60157,1
rearing,60195,60157,60195,38
walking,60208,60195,60208,13
stepping,60235,60208,60235,27
sniffing,60256,60235,60256,21
rising,60285,60256,60285,29
rearing,60370,60285,60370,85
climbing,60433,60370,60433,63
stepping,60479,60433,60479,46
walking,60527,60479,60527,48
grooming,60528,60527,60528,1
left_turning,60555,60528,60555,27
sniffing,60570,60555,60570,15
stepping,60574,60570,60574,4
sniffing,60575,60574,60575,1
left_turning,60625,60575,60625,50
stepping,60669,60625,60669,44
sniffing,60672,60669,60672,3
rising,60701,60672,60701,29
grooming,61301,60701,61301,600
sniffing,61336,61301,61336,35
walking,61337,61336,61337,1
sniffing,61372,61337,61372,35
rising,61377,61372,61377,5
sniffing,61516,61377,61516,139
grooming,61676,61516,61676,160
rising,61695,61676,61695,19
climbing,61745,61695,61745,50
grooming,61746,61745,61746,1
left_turning,61747,61746,61747,1
sniffing,61773,61747,61773,26
walking,61796,61773,61796,23
trotting,61819,61796,61819,23
running,61844,61819,61844,25
sniffing,61861,61844,61861,17
stepping,61913,61861,61913,52
hunching,61932,61913,61932,19
sniffing,61983,61932,61983,51
rising,62036,61983,62036,53
sniffing,62079,62036,62079,43
right_turning,62084,62079,62084,5
sniffing,62104,62084,62104,20
grooming,62105,62104,62105,1
rearing,62149,62105,62149,44
grooming,62150,62149,62150,1
sniffing,62248,62150,62248,98
running,62249,62248,62249,1
sniffing,62279,62249,62279,30
grooming,62430,62279,62430,151
rising,62437,62430,62437,7
rearing,62502,62437,62502,65
right_turning,62520,62502,62520,18
stepping,62579,62520,62579,59
rearing,62721,62579,62721,142
grooming,62722,62721,62722,1
right_turning,62723,62722,62723,1
sniffing,62858,62723,62858,135
stepping,62897,62858,62897,39
rearing,62915,62897,62915,18
grooming,63295,62915,63295,380
sniffing,63329,63295,63329,34
scratching,63330,63329,63330,1
grooming,63331,63330,63331,1
scratching,63713,63331,63713,382
stepping,63741,63713,63741,28
right_turning,63759,63741,63759,18
sniffing,63856,63759,63856,97
stepping,63891,63856,63891,35
sniffing,63929,63891,63929,38
walking,63981,63929,63981,52
stepping,64022,63981,64022,41
walking,64063,64022,64063,41
rising,64114,64063,64114,51
stepping,64166,64114,64166,52
sniffing,64247,64166,64247,81
stepping,64287,64247,64287,40
rearing,64353,64287,64353,66
hunching,64383,64353,64383,30
sniffing,64464,64383,64464,81
climbing,64481,64464,64481,17
grooming,64482,64481,64482,1
climbing,64517,64482,64517,35
right_turning,64527,64517,64527,10
stepping,64552,64527,64552,25
sniffing,64593,64552,64593,41
climbing,64634,64593,64634,41
stepping,64667,64634,64667,33
right_turning,64694,64667,64694,27
sniffing,64695,64694,64695,1
grooming,64751,64695,64751,56
stepping,64768,64751,64768,17
grooming,64848,64768,64848,80
rearing,64888,64848,64888,40
grooming,65031,64888,65031,143
sniffing,65032,65031,65032,1
rising,65052,65032,65052,20
sniffing,65156,65052,65156,104
hunching,65218,65156,65218,62
sniffing,65268,65218,65268,50
left_turning,65358,65268,65358,90
sniffing,65388,65358,65388,30
grooming,65883,65388,65883,495
rearing,66085,65883,66085,202
sniffing,66161,66085,66161,76
stepping,66201,66161,66201,40
grooming,66202,66201,66202,1
sniffing,66273,66202,66273,71
trotting,66289,66273,66289,16
stepping,66338,66289,66338,49
rising,66339,66338,66339,1
climbing,66476,66339,66476,137
walking,66513,66476,66513,37
stepping,66531,66513,66531,18
rearing,66603,66531,66603,72
sniffing,66604,66603,66604,1
left_turning,66640,66604,66640,36
grooming,66763,66640,66763,123
rearing,66764,66763,66764,1
stepping,66773,66764,66773,9
rearing,66774,66773,66774,1
sniffing,66939,66774,66939,165
stepping,66985,66939,66985,46
right_turning,66987,66985,66987,2
walking,66990,66987,66990,3
stepping,67036,66990,67036,46
hunching,67116,67036,67116,80
grooming,67164,67116,67164,48
walking,67183,67164,67183,19
sniffing,67218,67183,67218,35
rising,67253,67218,67253,35
left_turning,67254,67253,67254,1
sniffing,67277,67254,67277,23
rising,67298,67277,67298,21
left_turning,67330,67298,67330,32
trotting,67370,67330,67370,40
walking,67389,67370,67389,19
rising,67413,67389,67413,24
rearing,67575,67413,67575,162
grooming,67576,67575,67576,1
climbing,67579,67576,67579,3
grooming,67580,67579,67580,1
rising,67699,67580,67699,119
left_turning,67753,67699,67753,54
sniffing,67781,67753,67781,28
walking,67815,67781,67815,34
rising,67816,67815,67816,1
rearing,67876,67816,67876,60
sniffing,67877,67876,67877,1
rising,67927,67877,67927,50
climbing,67992,67927,67992,65
right_turning,68010,67992,68010,18
grooming,68247,68010,68247,237
rearing,68259,68247,68259,12
walking,68260,68259,68260,1
sniffing,68293,68260,68293,33
walking,68312,68293,68312,19
sniffing,68365,68312,68365,53
walking,68366,68365,68366,1
sniffing,68376,68366,68376,10
right_turning,68396,68376,68396,20
sniffing,68412,68396,68412,16
right_turning,68419,68412,68419,7
sniffing,68450,68419,68450,31
stepping,68461,68450,68461,11
rearing,68496,68461,68496,35
rising,68553,68496,68553,57
rearing,68649,68553,68649,96
stepping,68670,68649,68670,21
rising,68671,68670,68671,1
grooming,68672,68671,68672,1
rising,68688,68672,68688,16
walking,68715,68688,68715,27
sniffing,68786,68715,68786,71
rearing,68881,68786,68881,95
grooming,68882,68881,68882,1
left_turning,68885,68882,68885,3
rising,68924,68885,68924,39
left_turning,69010,68924,69010,86
stepping,69195,69010,69195,185
hunching,69349,69195,69349,154
grooming,69350,69349,69350,1
scratching,69351,69350,69351,1
walking,69355,69351,69355,4
jumping,69396,69355,69396,41
left_turning,69416,69396,69416,20
walking,69463,69416,69463,47
rising,69523,69463,69523,60
climbing,69578,69523,69578,55
rearing,69664,69578,69664,86
left_turning,69709,69664,69709,45
jumping,69766,69709,69766,57
left_turning,69774,69766,69774,8
running,69791,69774,69791,17
trotting,69792,69791,69792,1
rising,69826,69792,69826,34
rearing,69890,69826,69890,64
hunching,69891,69890,69891,1
grooming,69892,69891,69892,1
rising,69919,69892,69919,27
rearing,69920,69919,69920,1
rising,70044,69920,70044,124
climbing,70045,70044,70045,1
walking,70107,70045,70107,62
sniffing,70152,70107,70152,45
rising,70163,70152,70163,11
running,70172,70163,70172,9
sniffing,70289,70172,70289,117
walking,70378,70289,70378,89
sniffing,70380,70378,70380,2
stepping,70402,70380,70402,22
sniffing,70444,70402,70444,42
walking,70464,70444,70464,20
sniffing,70512,70464,70512,48
trotting,70527,70512,70527,15
walking,70548,70527,70548,21
sniffing,70549,70548,70549,1
grooming,70731,70549,70731,182
rearing,70732,70731,70732,1
rising,70908,70732,70908,176
climbing,71029,70908,71029,121
rising,71048,71029,71048,19
sniffing,71171,71048,71171,123
walking,71194,71171,71194,23
sniffing,71195,71194,71195,1
walking,71225,71195,71225,30
sniffing,71242,71225,71242,17
walking,71278,71242,71278,36
sniffing,71340,71278,71340,62
climbing,71354,71340,71354,14
stepping,71402,71354,71402,48
grooming,72204,71402,72204,802
stepping,72205,72204,72205,1
trotting,72207,72205,72207,2
sniffing,72236,72207,72236,29
walking,72251,72236,72251,15
stepping,72252,72251,72252,1
sniffing,72416,72252,72416,164
grooming,72417,72416,72417,1
sniffing,72496,72417,72496,79
left_turning,72506,72496,72506,10
sniffing,72536,72506,72536,30
stepping,72581,72536,72581,45
walking,72582,72581,72582,1
right_turning,72590,72582,72590,8
sniffing,72599,72590,72599,9
grooming,72855,72599,72855,256
sniffing,72956,72855,72956,101
rearing,72957,72956,72957,1
sniffing,73033,72957,73033,76
left_turning,73089,73033,73089,56
sniffing,73150,73089,73150,61
rising,73244,73150,73244,94
climbing,73274,73244,73274,30
walking,73343,73274,73343,69
sniffing,73553,73343,73553,210
stepping,73612,73553,73612,59
walking,73641,73612,73641,29
rising,73652,73641,73652,11
sniffing,73752,73652,73752,100
left_turning,73766,73752,73766,14
rising,73785,73766,73785,19
stepping,73792,73785,73792,7
right_turning,73825,73792,73825,33
walking,73831,73825,73831,6
sniffing,73836,73831,73836,5
rising,73856,73836,73856,20
hunching,73876,73856,73876,20
grooming,73916,73876,73916,40
scratching,73920,73916,73920,4
sniffing,73922,73920,73922,2
rising,73960,73922,73960,38
sniffing,74030,73960,74030,70
right_turning,74031,74030,74031,1
sniffing,74051,74031,74051,20
right_turning,74078,74051,74078,27
sniffing,74084,74078,74084,6
rising,74115,74084,74115,31
sniffing,74133,74115,74133,18
right_turning,74158,74133,74158,25
sniffing,74176,74158,74176,18
walking,74195,74176,74195,19
rising,74208,74195,74208,13
sniffing,74209,74208,74209,1
stepping,74224,74209,74224,15
sniffing,74271,74224,74271,47
stepping,74300,74271,74300,29
rearing,74301,74300,74301,1
hunching,74336,74301,74336,35
grooming,74337,74336,74337,1
stepping,74343,74337,74343,6
rearing,74344,74343,74344,1
walking,74370,74344,74370,26
left_turning,74428,74370,74428,58
sniffing,74446,74428,74446,18
right_turning,74468,74446,74468,22
walking,74501,74468,74501,33
sniffing,74582,74501,74582,81
trotting,74616,74582,74616,34
walking,74654,74616,74654,38
stepping,74669,74654,74669,15
walking,74682,74669,74682,13
right_turning,74686,74682,74686,4
stepping,74709,74686,74709,23
sniffing,74774,74709,74774,65
right_turning,74786,74774,74786,12
walking,74803,74786,74803,17
sniffing,74809,74803,74809,6
rising,74824,74809,74824,15
climbing,74854,74824,74854,30
sniffing,74855,74854,74855,1
climbing,74901,74855,74901,46
walking,74908,74901,74908,7
sniffing,75151,74908,75151,243
rearing,75164,75151,75164,13
left_turning,75193,75164,75193,29
grooming,75791,75193,75791,598
climbing,75846,75791,75846,55
right_turning,75858,75846,75858,12
sniffing,75864,75858,75864,6
stepping,75918,75864,75918,54
grooming,75919,75918,75919,1
left_turning,75920,75919,75920,1
running,75956,75920,75956,36
walking,75972,75956,75972,16
grooming,75973,75972,75973,1
walking,76004,75973,76004,31
sniffing,76081,76004,76081,77
rising,76088,76081,76088,7
sniffing,76166,76088,76166,78
rising,76205,76166,76205,39
grooming,76304,76205,76304,99
sniffing,76367,76304,76367,63
walking,76408,76367,76408,41
sniffing,76457,76408,76457,49
rising,76473,76457,76473,16
climbing,76516,76473,76516,43
walking,76534,76516,76534,18
sniffing,76594,76534,76594,60
grooming,76781,76594,76781,187
climbing,76835,76781,76835,54
right_turning,76862,76835,76862,27
stepping,76884,76862,76884,22
sniffing,76885,76884,76885,1
rising,76899,76885,76899,14
sniffing,76922,76899,76922,23
trotting,76943,76922,76943,21
walking,76971,76943,76971,28
stepping,77003,76971,77003,32
grooming,77004,77003,77004,1
rearing,77043,77004,77043,39
left_turning,77074,77043,77074,31
sniffing,77117,77074,77117,43
walking,77137,77117,77137,20
right_turning,77149,77137,77149,12
sniffing,77150,77149,77150,1
right_turning,77173,77150,77173,23
sniffing,77174,77173,77174,1
walking,77197,77174,77197,23
sniffing,77247,77197,77247,50
grooming,77582,77247,77582,335
sniffing,77639,77582,77639,57
grooming,77640,77639,77640,1
left_turning,77662,77640,77662,22
grooming,77745,77662,77745,83
rearing,77807,77745,77807,62
sniffing,77889,77807,77889,82
left_turning,78011,77889,78011,122
sniffing,78025,78011,78025,14
walking,78054,78025,78054,29
trotting,78070,78054,78070,16
stepping,78127,78070,78127,57
rising,78178,78127,78178,51
rearing,78256,78178,78256,78
sniffing,78263,78256,78263,7
left_turning,78310,78263,78310,47
walking,78337,78310,78337,27
sniffing,78387,78337,78387,50
rising,78389,78387,78389,2
grooming,78616,78389,78616,227
rearing,78666,78616,78666,50
right_turning,78667,78666,78667,1
walking,78694,78667,78694,27
trotting,78710,78694,78710,16
walking,78774,78710,78774,64
right_turning,78796,78774,78796,22
stepping,78834,78796,78834,38
sniffing,78866,78834,78866,32
right_turning,78875,78866,78875,9
trotting,78907,78875,78907,32
rising,79019,78907,79019,112
sniffing,79038,79019,79038,19
running,79054,79038,79054,16
right_turning,79072,79054,79072,18
sniffing,79118,79072,79118,46
climbing,79155,79118,79155,37
walking,79198,79155,79198,43
sniffing,79245,79198,79245,47
rising,79289,79245,79289,44
sniffing,79318,79289,79318,29
climbing,79357,79318,79357,39
walking,79380,79357,79380,23
left_turning,79396,79380,79396,16
sniffing,79520,79396,79520,124
climbing,79591,79520,79591,71
sniffing,79592,79591,79592,1
walking,79630,79592,79630,38
stepping,79670,79630,79670,40
climbing,79674,79670,79674,4
sniffing,79683,79674,79683,9
stepping,79722,79683,79722,39
sniffing,79727,79722,79727,5
walking,79729,79727,79729,2
rearing,79781,79729,79781,52
grooming,79782,79781,79782,1
rearing,79835,79782,79835,53
climbing,79883,79835,79883,48
left_turning,79884,79883,79884,1
sniffing,79923,79884,79923,39
right_turning,79940,79923,79940,17
sniffing,79948,79940,79948,8
walking,79950,79948,79950,2
sniffing,79954,79950,79954,4
trotting,79970,79954,79970,16
walking,79973,79970,79973,3
stepping,80027,79973,80027,54
trotting,80043,80027,80043,16
left_turning,80044,80043,80044,1
sniffing,80077,80044,80077,33
right_turning,80087,80077,80087,10
trotting,80121,80087,80121,34
stepping,80127,80121,80127,6
sniffing,80130,80127,80130,3
stepping,80159,80130,80159,29
rising,80205,80159,80205,46
climbing,80236,80205,80236,31
rising,80294,80236,80294,58
climbing,80344,80294,80344,50
trotting,80372,80344,80372,28
sniffing,80599,80372,80599,227
left_turning,80632,80599,80632,33
sniffing,80633,80632,80633,1
rising,80636,80633,80636,3
climbing,80657,80636,80657,21
trotting,80687,80657,80687,30
sniffing,80747,80687,80747,60
rearing,80784,80747,80784,37
climbing,80830,80784,80830,46
sniffing,80835,80830,80835,5
grooming,80836,80835,80836,1
climbing,80884,80836,80884,48
stepping,80916,80884,80916,32
right_turning,80922,80916,80922,6
stepping,80947,80922,80947,25
walking,80987,80947,80987,40
climbing,80988,80987,80988,1
sniffing,81026,80988,81026,38
walking,81081,81026,81081,55
stepping,81119,81081,81119,38
sniffing,81147,81119,81147,28
walking,81190,81147,81190,43
rising,81209,81190,81209,19
grooming,81210,81209,81210,1
sniffing,81232,81210,81232,22
grooming,81271,81232,81271,39
sniffing,81317,81271,81317,46
stepping,81324,81317,81324,7
sniffing,81360,81324,81360,36
walking,81383,81360,81383,23
stepping,81421,81383,81421,38
rearing,81422,81421,81422,1
stepping,81457,81422,81457,35
sniffing,81469,81457,81469,12
rising,81470,81469,81470,1
sniffing,81471,81470,81471,1
stepping,81504,81471,81504,33
rising,81521,81504,81521,17
stepping,81562,81521,81562,41
sniffing,81563,81562,81563,1
walking,81618,81563,81618,55
stepping,81647,81618,81647,29
walking,81700,81647,81700,53
sniffing,81845,81700,81845,145
climbing,81897,81845,81897,52
stepping,81924,81897,81924,27
sniffing,81949,81924,81949,25
rising,81977,81949,81977,28
walking,82002,81977,82002,25
stepping,82019,82002,82019,17
right_turning,82032,82019,82032,13
walking,82086,82032,82086,54
sniffing,82113,82086,82113,27
hunching,82319,82113,82319,206
rearing,82320,82319,82320,1
walking,82327,82320,82327,7
rearing,82365,82327,82365,38
sniffing,82460,82365,82460,95
left_turning,82489,82460,82489,29
walking,82526,82489,82526,37
rising,82568,82526,82568,42
stepping,82588,82568,82588,20
sniffing,82628,82588,82628,40
walking,82666,82628,82666,38
stepping,82706,82666,82706,40
left_turning,82707,82706,82707,1
trotting,82718,82707,82718,11
sniffing,82804,82718,82804,86
walking,82843,82804,82843,39
stepping,82875,82843,82875,32
sniffing,82937,82875,82937,62
walking,83037,82937,83037,100
trotting,83060,83037,83060,23
sniffing,83066,83060,83066,6
walking,83086,83066,83086,20
trotting,83121,83086,83121,35
grooming,83274,83121,83274,153
hunching,83337,83274,83337,63
rearing,83383,83337,83383,46
grooming,84205,83383,84205,822
walking,84211,84205,84211,6
stepping,84223,84211,84223,12
walking,84226,84223,84226,3
sniffing,84282,84226,84282,56
rising,84310,84282,84310,28
sniffing,84390,84310,84390,80
running,84398,84390,84398,8
walking,84420,84398,84420,22
trotting,84450,84420,84450,30
sniffing,84485,84450,84485,35
grooming,84615,84485,84615,130
rearing,84655,84615,84655,40
trotting,84675,84655,84675,20
walking,84728,84675,84728,53
sniffing,84789,84728,84789,61
walking,84791,84789,84791,2
sniffing,84792,84791,84792,1
rising,84834,84792,84834,42
climbing,84904,84834,84904,70
walking,84905,84904,84905,1
climbing,84912,84905,84912,7
rearing,85045,84912,85045,133
left_turning,85064,85045,85064,19
walking,85078,85064,85078,14
trotting,85093,85078,85093,15
sniffing,85096,85093,85096,3
walking,85147,85096,85147,51
sniffing,85193,85147,85193,46
walking,85242,85193,85242,49
right_turning,85244,85242,85244,2
stepping,85268,85244,85268,24
right_turning,85279,85268,85279,11
running,85308,85279,85308,29
walking,85315,85308,85315,7
rising,85316,85315,85316,1
climbing,85452,85316,85452,136
rearing,85458,85452,85458,6
grooming,86013,85458,86013,555
rising,86048,86013,86048,35
sniffing,86163,86048,86163,115
stepping,86164,86163,86164,1
trotting,86188,86164,86188,24
grooming,86322,86188,86322,134
rearing,86339,86322,86339,17
sniffing,86347,86339,86347,8
stepping,86364,86347,86364,17
climbing,86415,86364,86415,51
right_turning,86416,86415,86416,1
rising,86612,86416,86612,196
stepping,86646,86612,86646,34
rising,86652,86646,86652,6
sniffing,86713,86652,86713,61
walking,86729,86713,86729,16
sniffing,86755,86729,86755,26
grooming,86813,86755,86813,58
rearing,86909,86813,86909,96
stepping,87015,86909,87015,106
rearing,87016,87015,87016,1
running,87054,87016,87054,38
sniffing,87090,87054,87090,36
walking,87155,87090,87155,65
stepping,87179,87155,87179,24
sniffing,87257,87179,87257,78
scratching,87319,87257,87319,62
grooming,87401,87319,87401,82
rearing,87513,87401,87513,112
grooming,87811,87513,87811,298
trotting,87825,87811,87825,14
grooming,87924,87825,87924,99
hunching,87990,87924,87990,66
grooming,87991,87990,87991,1
sniffing,87995,87991,87995,4
rising,88019,87995,88019,24
right_turning,88053,88019,88053,34
climbing,88061,88053,88061,8
grooming,88062,88061,88062,1
hunching,88118,88062,88118,56
rearing,88212,88118,88212,94
sniffing,88258,88212,88258,46
rearing,88317,88258,88317,59
grooming,88753,88317,88753,436
sniffing,88802,88753,88802,49
walking,88830,88802,88830,28
stepping,88831,88830,88831,1
sniffing,88859,88831,88859,28
walking,88900,88859,88900,41
rearing,88992,88900,88992,92
left_turning,89038,88992,89038,46
sniffing,89113,89038,89113,75
stepping,89164,89113,89164,51
sniffing,89179,89164,89179,15
stepping,89214,89179,89214,35
walking,89261,89214,89261,47
sniffing,89318,89261,89318,57
walking,89321,89318,89321,3
grooming,89598,89321,89598,277
scratching,89706,89598,89706,108
sniffing,89740,89706,89740,34
climbing,89741,89740,89741,1
stepping,89775,89741,89775,34
sniffing,89776,89775,89776,1
rising,89842,89776,89842,66
climbing,89930,89842,89930,88
rearing,89939,89930,89939,9
left_turning,90006,89939,90006,67
stepping,90007,90006,90007,1
rising,90008,90007,90008,1
left_turning,90110,90008,90110,102
walking,90148,90110,90148,38
sniffing,90204,90148,90204,56
stepping,90229,90204,90229,25
rising,90248,90229,90248,19
stepping,90277,90248,90277,29
sniffing,90363,90277,90363,86
grooming,90838,90363,90838,475
rearing,90968,90838,90968,130
grooming,91057,90968,91057,89
stepping,91120,91057,91120,63
sniffing,91128,91120,91128,8
rising,91145,91128,91145,17
hunching,91179,91145,91179,34
grooming,91369,91179,91369,190
running,91394,91369,91394,25
trotting,91400,91394,91400,6
walking,91403,91400,91403,3
stepping,91440,91403,91440,37
sniffing,91441,91440,91441,1
grooming,91501,91441,91501,60
hunching,91502,91501,91502,1
rearing,91520,91502,91520,18
sniffing,91541,91520,91541,21
climbing,91581,91541,91581,40
walking,91692,91581,91692,111
stepping,91731,91692,91731,39
grooming,91855,91731,91855,124
climbing,91968,91855,91968,113
walking,92032,91968,92032,64
sniffing,92077,92032,92077,45
rearing,92130,92077,92130,53
jumping,92234,92130,92234,104
walking,92303,92234,92303,69
stepping,92307,92303,92307,4
sniffing,92323,92307,92323,16
walking,92368,92323,92368,45
left_turning,92369,92368,92369,1
walking,92374,92369,92374,5
stepping,92389,92374,92389,15
sniffing,92390,92389,92390,1
walking,92439,92390,92439,49
stepping,92474,92439,92474,35
rising,92509,92474,92509,35
rearing,92522,92509,92522,13
grooming,92554,92522,92554,32
trotting,92574,92554,92574,20
walking,92644,92574,92644,70
rising,92645,92644,92645,1
rearing,92646,92645,92646,1
rising,92681,92646,92681,35
sniffing,92682,92681,92682,1
climbing,92739,92682,92739,57
left_turning,92768,92739,92768,29
sniffing,92883,92768,92883,115
stepping,92915,92883,92915,32
trotting,92946,92915,92946,31
walking,92971,92946,92971,25
trotting,92995,92971,92995,24
rising,93114,92995,93114,119
stepping,93115,93114,93115,1
climbing,93140,93115,93140,25
grooming,93141,93140,93141,1
sniffing,93197,93141,93197,56
rising,93276,93197,93276,79
rearing,93277,93276,93277,1
stepping,93297,93277,93297,20
grooming,93491,93297,93491,194
running,93511,93491,93511,20
trotting,93535,93511,93535,24
walking,93536,93535,93536,1
stepping,93604,93536,93604,68
rising,93639,93604,93639,35
sniffing,93667,93639,93667,28
rising,93705,93667,93705,38
sniffing,93706,93705,93706,1
stepping,93707,93706,93707,1
walking,93740,93707,93740,33
rising,93786,93740,93786,46
grooming,93994,93786,93994,208
rearing,94056,93994,94056,62
stepping,94066,94056,94066,10
walking,94074,94066,94074,8
sniffing,94075,94074,94075,1
stepping,94080,94075,94080,5
rising,94104,94080,94104,24
climbing,94227,94104,94227,123
grooming,94228,94227,94228,1
trotting,94247,94228,94247,19
stepping,94278,94247,94278,31
climbing,94318,94278,94318,40
grooming,94511,94318,94511,193
hunching,94556,94511,94556,45
rearing,94557,94556,94557,1
sniffing,94616,94557,94616,59
grooming,94617,94616,94617,1
rearing,94621,94617,94621,4
climbing,94725,94621,94725,104
rearing,94895,94725,94895,170
grooming,94997,94895,94997,102
sniffing,95085,94997,95085,88
left_turning,95128,95085,95128,43
walking,95152,95128,95152,24
running,95162,95152,95162,10
trotting,95201,95162,95201,39
stepping,95265,95201,95265,64
rising,95334,95265,95334,69
sniffing,95361,95334,95361,27
walking,95362,95361,95362,1
stepping,95395,95362,95395,33
walking,95422,95395,95422,27
sniffing,95508,95422,95508,86
left_turning,95532,95508,95532,24
sniffing,95545,95532,95545,13
right_turning,95558,95545,95558,13
stepping,95594,95558,95594,36
trotting,95609,95594,95609,15
climbing,95777,95609,95777,168
grooming,95801,95777,95801,24
walking,95827,95801,95827,26
trotting,95873,95827,95873,46
rearing,95922,95873,95922,49
walking,95949,95922,95949,27
sniffing,95982,95949,95982,33
left_turning,95986,95982,95986,4
rearing,96053,95986,96053,67
stepping,96074,96053,96074,21
sniffing,96078,96074,96078,4
rearing,96153,96078,96153,75
rising,96210,96153,96210,57
right_turning,96221,96210,96221,11
sniffing,96273,96221,96273,52
walking,96302,96273,96302,29
stepping,96332,96302,96332,30
walking,96365,96332,96365,33
sniffing,96408,96365,96408,43
rising,96419,96408,96419,11
climbing,96464,96419,96464,45
walking,96501,96464,96501,37
sniffing,96519,96501,96519,18
rising,96576,96519,96576,57
sniffing,96677,96576,96677,101
rearing,96740,96677,96740,63
rising,96752,96740,96752,12
sniffing,96795,96752,96795,43
grooming,97180,96795,97180,385
climbing,97230,97180,97230,50
grooming,97237,97230,97237,7
sniffing,97282,97237,97282,45
walking,97353,97282,97353,71
stepping,97391,97353,97391,38
walking,97410,97391,97410,19
stepping,97426,97410,97426,16
walking,97429,97426,97429,3
sniffing,97492,97429,97492,63
right_turning,97535,97492,97535,43
stepping,97588,97535,97588,53
sniffing,97632,97588,97632,44
rising,97672,97632,97672,40
rearing,97715,97672,97715,43
grooming,98931,97715,98931,1216
rearing,99013,98931,99013,82
rising,99014,99013,99014,1
sniffing,99108,99014,99108,94
grooming,99242,99108,99242,134
scratching,99271,99242,99271,29
walking,99280,99271,99280,9
sniffing,99303,99280,99303,23
grooming,99482,99303,99482,179
rearing,99650,99482,99650,168
rising,99662,99650,99662,12
rearing,99670,99662,99670,8
grooming,99792,99670,99792,122
sniffing,99916,99792,99916,124
climbing,99920,99916,99920,4
grooming,100129,99920,100129,209
hunching,100130,100129,100130,1
rearing,100315,100130,100315,185
hunching,100316,100315,100316,1
grooming,100839,100316,100839,523
scratching,100871,100839,100871,32
grooming,100965,100871,100965,94
climbing,100967,100965,100967,2
grooming,101171,100967,101171,204
rearing,101188,101171,101188,17
rising,101218,101188,101218,30
grooming,101522,101218,101522,304
climbing,101583,101522,101583,61
grooming,101764,101583,101764,181
rearing,101921,101764,101921,157
climbing,101964,101921,101964,43
rearing,102041,101964,102041,77
grooming,102117,102041,102117,76
climbing,102127,102117,102127,10
right_turning,102161,102127,102161,34
walking,102175,102161,102175,14
sniffing,102284,102175,102284,109
left_turning,102292,102284,102292,8
sniffing,102363,102292,102363,71
right_turning,102386,102363,102386,23
climbing,102412,102386,102412,26
rearing,102646,102412,102646,234
grooming,102679,102646,102679,33
rearing,102744,102679,102744,65
grooming,102826,102744,102826,82
left_turning,102849,102826,102849,23
sniffing,102881,102849,102881,32
left_turning,102928,102881,102928,47
trotting,102952,102928,102952,24
stepping,102983,102952,102983,31
sniffing,103062,102983,103062,79
grooming,103113,103062,103113,51
climbing,103121,103113,103121,8
running,103135,103121,103135,14
trotting,103163,103135,103163,28
stepping,103191,103163,103191,28
rearing,103192,103191,103192,1
hunching,103257,103192,103257,65
rearing,103258,103257,103258,1
stepping,103289,103258,103289,31
sniffing,103365,103289,103365,76
walking,103419,103365,103419,54
climbing,103446,103419,103446,27
grooming,104012,103446,104012,566
walking,104045,104012,104045,33
rearing,104046,104045,104046,1
grooming,104233,104046,104233,187
sniffing,104266,104233,104266,33
trotting,104319,104266,104319,53
walking,104350,104319,104350,31
stepping,104378,104350,104378,28
walking,104396,104378,104396,18
stepping,104420,104396,104420,24
grooming,104421,104420,104421,1
stepping,104427,104421,104427,6
sniffing,104437,104427,104437,10
walking,104490,104437,104490,53
trotting,104537,104490,104537,47
stepping,104554,104537,104554,17
sniffing,104578,104554,104578,24
left_turning,104609,104578,104609,31
sniffing,104679,104609,104679,70
rising,104680,104679,104680,1
walking,104711,104680,104711,31
sniffing,104718,104711,104718,7
grooming,104719,104718,104719,1
stepping,104720,104719,104720,1
sniffing,104788,104720,104788,68
rising,104815,104788,104815,27
grooming,104978,104815,104978,163
stepping,105001,104978,105001,23
walking,105041,105001,105041,40
sniffing,105103,105041,105103,62
stepping,105106,105103,105106,3
sniffing,105111,105106,105111,5
rising,105153,105111,105153,42
stepping,105172,105153,105172,19
sniffing,105173,105172,105173,1
grooming,105244,105173,105244,71
sniffing,105342,105244,105342,98
stepping,105349,105342,105349,7
grooming,105395,105349,105395,46
walking,105428,105395,105428,33
rising,105429,105428,105429,1
climbing,105444,105429,105444,15
stepping,105463,105444,105463,19
scratching,105488,105463,105488,25
sniffing,105569,105488,105569,81
hunching,105674,105569,105674,105
rearing,105675,105674,105675,1
grooming,106052,105675,106052,377
left_turning,106053,106052,106053,1
stepping,106095,106053,106095,42
sniffing,106137,106095,106137,42
walking,106171,106137,106171,34
sniffing,106221,106171,106221,50
walking,106240,106221,106240,19
stepping,106263,106240,106263,23
walking,106289,106263,106289,26
stepping,106310,106289,106310,21
grooming,106311,106310,106311,1
rearing,106409,106311,106409,98
hunching,106410,106409,106410,1
grooming,106757,106410,106757,347
sniffing,106825,106757,106825,68
scratching,106840,106825,106840,15
sniffing,106876,106840,106876,36
rearing,106913,106876,106913,37
stepping,106916,106913,106916,3
walking,106928,106916,106928,12
climbing,107009,106928,107009,81
left_turning,107041,107009,107041,32
trotting,107082,107041,107082,41
running,107093,107082,107093,11
walking,107131,107093,107131,38
stepping,107173,107131,107173,42
grooming,107318,107173,107318,145
sniffing,107319,107318,107319,1
rearing,107320,107319,107320,1
scratching,107367,107320,107367,47
grooming,107522,107367,107522,155
rearing,107702,107522,107702,180
grooming,107703,107702,107703,1
hunching,107780,107703,107780,77
rearing,107781,107780,107781,1
hunching,107782,107781,107782,1
rearing,107783,107782,107783,1
grooming,107811,107783,107811,28
rearing,107836,107811,107836,25
rising,107885,107836,107885,49
sniffing,107925,107885,107925,40
trotting,107944,107925,107944,19
climbing,108000,107944,108000,56
