revised_movement_label,segBoundary,segBoundary_start,segBoundary_end,length
sniffing,24,0,24,24
right_turning,44,24,44,20
sniffing,52,44,52,8
walking,75,52,75,23
sniffing,76,75,76,1
rearing,77,76,77,1
rising,117,77,117,40
sniffing,184,117,184,67
rising,208,184,208,24
rearing,305,208,305,97
hunching,306,305,306,1
stepping,319,306,319,13
walking,351,319,351,32
stepping,369,351,369,18
sniffing,412,369,412,43
rising,435,412,435,23
sniffing,436,435,436,1
rising,479,436,479,43
trotting,507,479,507,28
sniffing,531,507,531,24
walking,585,531,585,54
trotting,601,585,601,16
rising,671,601,671,70
walking,701,671,701,30
rising,702,701,702,1
trotting,708,702,708,6
sniffing,798,708,798,90
stepping,811,798,811,13
sniffing,840,811,840,29
rearing,841,840,841,1
sniffing,842,841,842,1
rising,902,842,902,60
left_turning,938,902,938,36
sniffing,947,938,947,9
rising,983,947,983,36
walking,1009,983,1009,26
sniffing,1066,1009,1066,57
left_turning,1087,1066,1087,21
walking,1124,1087,1124,37
stepping,1130,1124,1130,6
right_turning,1131,1130,1131,1
trotting,1170,1131,1170,39
walking,1203,1170,1203,33
stepping,1206,1203,1206,3
walking,1235,1206,1235,29
running,1245,1235,1245,10
stepping,1279,1245,1279,34
rearing,1280,1279,1280,1
left_turning,1281,1280,1281,1
walking,1367,1281,1367,86
sniffing,1406,1367,1406,39
stepping,1431,1406,1431,25
trotting,1468,1431,1468,37
running,1480,1468,1480,12
walking,1481,1480,1481,1
running,1495,1481,1495,14
walking,1501,1495,1501,6
sniffing,1509,1501,1509,8
walking,1553,1509,1553,44
trotting,1568,1553,1568,15
rising,1601,1568,1601,33
walking,1629,1601,1629,28
trotting,1660,1629,1660,31
stepping,1686,1660,1686,26
sniffing,1687,1686,1687,1
stepping,1700,1687,1700,13
sniffing,1729,1700,1729,29
stepping,1769,1729,1769,40
sniffing,1798,1769,1798,29
left_turning,1806,1798,1806,8
stepping,1815,1806,1815,9
sniffing,1828,1815,1828,13
walking,1864,1828,1864,36
trotting,1912,1864,1912,48
rising,1943,1912,1943,31
left_turning,1948,1943,1948,5
walking,1972,1948,1972,24
sniffing,2033,1972,2033,61
walking,2034,2033,2034,1
trotting,2070,2034,2070,36
walking,2095,2070,2095,25
rising,2143,2095,2143,48
rearing,2146,2143,2146,3
hunching,2161,2146,2161,15
rising,2210,2161,2210,49
grooming,2211,2210,2211,1
rearing,2276,2211,2276,65
grooming,2320,2276,2320,44
left_turning,2367,2320,2367,47
stepping,2439,2367,2439,72
rising,2486,2439,2486,47
walking,2505,2486,2505,19
rearing,2552,2505,2552,47
grooming,2616,2552,2616,64
sniffing,2675,2616,2675,59
walking,2676,2675,2676,1
stepping,2693,2676,2693,17
sniffing,2726,2693,2726,33
walking,2733,2726,2733,7
sniffing,2734,2733,2734,1
grooming,2825,2734,2825,91
hunching,2887,2825,2887,62
grooming,3312,2887,3312,425
rearing,3356,3312,3356,44
sniffing,3382,3356,3382,26
trotting,3402,3382,3402,20
left_turning,3412,3402,3412,10
stepping,3474,3412,3474,62
rising,3619,3474,3619,145
left_turning,3684,3619,3684,65
sniffing,3708,3684,3708,24
rising,3778,3708,3778,70
trotting,3802,3778,3802,24
running,3822,3802,3822,20
walking,3845,3822,3845,23
sniffing,3875,3845,3875,30
walking,3929,3875,3929,54
sniffing,3954,3929,3954,25
right_turning,3970,3954,3970,16
walking,4036,3970,4036,66
sniffing,4145,4036,4145,109
rising,4187,4145,4187,42
stepping,4217,4187,4217,30
rising,4266,4217,4266,49
sniffing,4300,4266,4300,34
walking,4319,4300,4319,19
sniffing,4320,4319,4320,1
left_turning,4362,4320,4362,42
walking,4363,4362,4363,1
sniffing,4382,4363,4382,19
stepping,4425,4382,4425,43
rising,4496,4425,4496,71
sniffing,4523,4496,4523,27
rising,4606,4523,4606,83
grooming,4610,4606,4610,4
rising,4643,4610,4643,33
sniffing,4669,4643,4669,26
grooming,4680,4669,4680,11
sniffing,4713,4680,4713,33
rising,4778,4713,4778,65
trotting,4808,4778,4808,30
sniffing,4856,4808,4856,48
grooming,5420,4856,5420,564
sniffing,5422,5420,5422,2
rising,5448,5422,5448,26
sniffing,5470,5448,5470,22
rising,5511,5470,5511,41
grooming,5538,5511,5538,27
rearing,5558,5538,5558,20
grooming,5559,5558,5559,1
sniffing,5561,5559,5561,2
stepping,5562,5561,5562,1
sniffing,5653,5562,5653,91
rearing,5654,5653,5654,1
climbing,5693,5654,5693,39
grooming,5694,5693,5694,1
scratching,5717,5694,5717,23
rising,5718,5717,5718,1
sniffing,5778,5718,5778,60
rising,5829,5778,5829,51
walking,5926,5829,5926,97
sniffing,5969,5926,5969,43
trotting,5987,5969,5987,18
walking,6009,5987,6009,22
stepping,6030,6009,6030,21
sniffing,6078,6030,6078,48
stepping,6100,6078,6100,22
sniffing,6141,6100,6141,41
running,6160,6141,6160,19
walking,6173,6160,6173,13
stepping,6190,6173,6190,17
rearing,6269,6190,6269,79
hunching,6368,6269,6368,99
grooming,6503,6368,6503,135
stepping,6531,6503,6531,28
sniffing,6660,6531,6660,129
stepping,6706,6660,6706,46
walking,6726,6706,6726,20
grooming,6965,6726,6965,239
rearing,6966,6965,6966,1
rising,7096,6966,7096,130
sniffing,7148,7096,7148,52
stepping,7181,7148,7181,33
walking,7219,7181,7219,38
sniffing,7231,7219,7231,12
walking,7260,7231,7260,29
right_turning,7282,7260,7282,22
running,7323,7282,7323,41
stepping,7324,7323,7324,1
walking,7387,7324,7387,63
running,7405,7387,7405,18
rearing,7439,7405,7439,34
rising,7442,7439,7442,3
rearing,7482,7442,7482,40
grooming,7655,7482,7655,173
rearing,7656,7655,7656,1
climbing,7686,7656,7686,30
sniffing,7687,7686,7687,1
right_turning,7706,7687,7706,19
walking,7725,7706,7725,19
grooming,7829,7725,7829,104
rising,7876,7829,7876,47
grooming,7903,7876,7903,27
rising,7904,7903,7904,1
grooming,8059,7904,8059,155
rearing,8141,8059,8141,82
left_turning,8165,8141,8165,24
running,8200,8165,8200,35
trotting,8208,8200,8208,8
stepping,8223,8208,8223,15
sniffing,8310,8223,8310,87
walking,8332,8310,8332,22
sniffing,8366,8332,8366,34
stepping,8410,8366,8410,44
sniffing,8441,8410,8441,31
stepping,8442,8441,8442,1
left_turning,8481,8442,8481,39
stepping,8489,8481,8489,8
sniffing,8510,8489,8510,21
rising,8511,8510,8511,1
sniffing,8588,8511,8588,77
walking,8614,8588,8614,26
rising,8615,8614,8615,1
walking,8636,8615,8636,21
sniffing,8675,8636,8675,39
climbing,8737,8675,8737,62
left_turning,8749,8737,8749,12
walking,8788,8749,8788,39
right_turning,8802,8788,8802,14
walking,8803,8802,8803,1
right_turning,8825,8803,8825,22
walking,8860,8825,8860,35
sniffing,8865,8860,8865,5
rising,8866,8865,8866,1
sniffing,9032,8866,9032,166
left_turning,9039,9032,9039,7
trotting,9062,9039,9062,23
stepping,9097,9062,9097,35
rising,9154,9097,9154,57
sniffing,9172,9154,9172,18
walking,9179,9172,9179,7
rising,9361,9179,9361,182
grooming,9400,9361,9400,39
rearing,9401,9400,9401,1
climbing,9443,9401,9443,42
rearing,9547,9443,9547,104
trotting,9575,9547,9575,28
stepping,9613,9575,9613,38
rearing,9659,9613,9659,46
left_turning,9660,9659,9660,1
grooming,9661,9660,9661,1
running,9683,9661,9683,22
left_turning,9696,9683,9696,13
climbing,9771,9696,9771,75
rearing,9772,9771,9772,1
stepping,9788,9772,9788,16
climbing,9842,9788,9842,54
left_turning,9857,9842,9857,15
trotting,9864,9857,9864,7
rising,9890,9864,9890,26
climbing,9962,9890,9962,72
running,10000,9962,10000,38
sniffing,10195,10000,10195,195
climbing,10233,10195,10233,38
running,10234,10233,10234,1
walking,10268,10234,10268,34
sniffing,10325,10268,10325,57
left_turning,10352,10325,10352,27
climbing,10370,10352,10370,18
left_turning,10427,10370,10427,57
stepping,10440,10427,10440,13
running,10462,10440,10462,22
walking,10520,10462,10520,58
stepping,10558,10520,10558,38
walking,10575,10558,10575,17
sniffing,10643,10575,10643,68
grooming,10644,10643,10644,1
walking,10660,10644,10660,16
sniffing,10688,10660,10688,28
hunching,10708,10688,10708,20
rising,10742,10708,10742,34
rearing,10829,10742,10829,87
grooming,10830,10829,10830,1
sniffing,10863,10830,10863,33
grooming,11039,10863,11039,176
running,11065,11039,11065,26
stepping,11066,11065,11066,1
grooming,11176,11066,11176,110
running,11197,11176,11197,21
climbing,11256,11197,11256,59
sniffing,11296,11256,11296,40
rearing,11335,11296,11335,39
running,11366,11335,11366,31
left_turning,11390,11366,11390,24
grooming,11698,11390,11698,308
trotting,11732,11698,11732,34
grooming,11806,11732,11806,74
rising,11872,11806,11872,66
rearing,12301,11872,12301,429
hunching,12352,12301,12352,51
grooming,12662,12352,12662,310
sniffing,12683,12662,12683,21
rising,12684,12683,12684,1
rearing,12717,12684,12717,33
climbing,12754,12717,12754,37
grooming,12975,12754,12975,221
stepping,13023,12975,13023,48
sniffing,13078,13023,13078,55
left_turning,13108,13078,13108,30
rising,13110,13108,13110,2
climbing,13169,13110,13169,59
right_turning,13215,13169,13215,46
rearing,13268,13215,13268,53
hunching,13339,13268,13339,71
rearing,13491,13339,13491,152
left_turning,13506,13491,13506,15
walking,13507,13506,13507,1
sniffing,13605,13507,13605,98
left_turning,13674,13605,13674,69
sniffing,13743,13674,13743,69
grooming,13744,13743,13744,1
stepping,13775,13744,13775,31
walking,13810,13775,13810,35
stepping,13813,13810,13813,3
walking,13830,13813,13830,17
grooming,13936,13830,13936,106
left_turning,13983,13936,13983,47
walking,14014,13983,14014,31
sniffing,14049,14014,14049,35
climbing,14089,14049,14089,40
left_turning,14147,14089,14147,58
climbing,14200,14147,14200,53
running,14221,14200,14221,21
rising,14223,14221,14223,2
left_turning,14230,14223,14230,7
walking,14293,14230,14293,63
sniffing,14312,14293,14312,19
grooming,14432,14312,14432,120
rearing,14676,14432,14676,244
hunching,14739,14676,14739,63
rearing,14868,14739,14868,129
hunching,15066,14868,15066,198
rearing,15128,15066,15128,62
hunching,15129,15128,15129,1
rearing,15160,15129,15160,31
hunching,15206,15160,15206,46
walking,15236,15206,15236,30
stepping,15283,15236,15283,47
sniffing,15369,15283,15369,86
walking,15408,15369,15408,39
stepping,15445,15408,15445,37
walking,15474,15445,15474,29
stepping,15475,15474,15475,1
sniffing,15521,15475,15521,46
rising,15522,15521,15522,1
grooming,15811,15522,15811,289
rearing,15830,15811,15830,19
rising,15831,15830,15831,1
rearing,15871,15831,15871,40
grooming,16464,15871,16464,593
hunching,16558,16464,16558,94
grooming,16559,16558,16559,1
left_turning,16589,16559,16589,30
rearing,16590,16589,16590,1
grooming,16646,16590,16646,56
climbing,16681,16646,16681,35
grooming,16918,16681,16918,237
stepping,16974,16918,16974,56
sniffing,17000,16974,17000,26
grooming,17001,17000,17001,1
rearing,17002,17001,17002,1
grooming,17199,17002,17199,197
sniffing,17219,17199,17219,20
rising,17273,17219,17273,54
trotting,17304,17273,17304,31
stepping,17335,17304,17335,31
sniffing,17349,17335,17349,14
rising,17350,17349,17350,1
left_turning,17383,17350,17383,33
walking,17446,17383,17446,63
sniffing,17465,17446,17465,19
walking,17511,17465,17511,46
trotting,17554,17511,17554,43
sniffing,17561,17554,17561,7
rearing,17667,17561,17667,106
left_turning,17693,17667,17693,26
sniffing,17746,17693,17746,53
stepping,17773,17746,17773,27
sniffing,17777,17773,17777,4
rising,17894,17777,17894,117
running,17920,17894,17920,26
stepping,17961,17920,17961,41
trotting,18010,17961,18010,49
rising,18028,18010,18028,18
climbing,18126,18028,18126,98
rising,18144,18126,18144,18
left_turning,18177,18144,18177,33
sniffing,18178,18177,18178,1
rising,18242,18178,18242,64
climbing,18307,18242,18307,65
grooming,18474,18307,18474,167
stepping,18494,18474,18494,20
walking,18526,18494,18526,32
climbing,18547,18526,18547,21
left_turning,18561,18547,18561,14
grooming,18632,18561,18632,71
rearing,18682,18632,18682,50
hunching,18683,18682,18683,1
grooming,18867,18683,18867,184
rearing,18989,18867,18989,122
grooming,18990,18989,18990,1
sniffing,19026,18990,19026,36
trotting,19050,19026,19050,24
sniffing,19087,19050,19087,37
stepping,19133,19087,19133,46
walking,19141,19133,19141,8
sniffing,19232,19141,19232,91
stepping,19256,19232,19256,24
sniffing,19298,19256,19298,42
walking,19312,19298,19312,14
stepping,19346,19312,19346,34
grooming,19347,19346,19347,1
rearing,19378,19347,19378,31
left_turning,19390,19378,19390,12
stepping,19406,19390,19406,16
sniffing,19424,19406,19424,18
rising,19425,19424,19425,1
stepping,19437,19425,19437,12
walking,19454,19437,19454,17
left_turning,19455,19454,19455,1
walking,19477,19455,19477,22
sniffing,19486,19477,19486,9
climbing,19592,19486,19592,106
sniffing,19593,19592,19593,1
rising,19600,19593,19600,7
stepping,19619,19600,19619,19
running,19633,19619,19633,14
stepping,19656,19633,19656,23
walking,19700,19656,19700,44
rising,19739,19700,19739,39
climbing,19777,19739,19777,38
left_turning,19806,19777,19806,29
grooming,19807,19806,19807,1
climbing,19826,19807,19826,19
walking,19862,19826,19862,36
sniffing,19921,19862,19921,59
trotting,19931,19921,19931,10
rearing,19932,19931,19932,1
grooming,20138,19932,20138,206
sniffing,20139,20138,20139,1
rearing,20351,20139,20351,212
grooming,20352,20351,20352,1
running,20375,20352,20375,23
walking,20397,20375,20397,22
right_turning,20409,20397,20409,12
grooming,20427,20409,20427,18
rearing,20462,20427,20462,35
walking,20477,20462,20477,15
sniffing,20525,20477,20525,48
left_turning,20533,20525,20533,8
sniffing,20607,20533,20607,74
rising,20657,20607,20657,50
sniffing,20693,20657,20693,36
walking,20694,20693,20694,1
left_turning,20748,20694,20748,54
walking,20766,20748,20766,18
sniffing,20810,20766,20810,44
grooming,21295,20810,21295,485
sniffing,21326,21295,21326,31
rising,21380,21326,21380,54
grooming,21381,21380,21381,1
rearing,21533,21381,21533,152
grooming,21833,21533,21833,300
sniffing,22032,21833,22032,199
grooming,22231,22032,22231,199
rearing,22279,22231,22279,48
climbing,22345,22279,22345,66
sniffing,22383,22345,22383,38
walking,22402,22383,22402,19
sniffing,22411,22402,22411,9
grooming,22412,22411,22412,1
sniffing,22488,22412,22488,76
left_turning,22539,22488,22539,51
grooming,22696,22539,22696,157
scratching,22740,22696,22740,44
sniffing,22838,22740,22838,98
right_turning,22860,22838,22860,22
sniffing,22957,22860,22957,97
trotting,23026,22957,23026,69
sniffing,23084,23026,23084,58
stepping,23093,23084,23093,9
rising,23106,23093,23106,13
grooming,23107,23106,23107,1
sniffing,23108,23107,23108,1
running,23120,23108,23120,12
sniffing,23157,23120,23157,37
walking,23183,23157,23183,26
sniffing,23214,23183,23214,31
rising,23283,23214,23283,69
climbing,23339,23283,23339,56
right_turning,23373,23339,23373,34
walking,23374,23373,23374,1
sniffing,23415,23374,23415,41
stepping,23533,23415,23533,118
sniffing,23572,23533,23572,39
hunching,23665,23572,23665,93
rearing,23767,23665,23767,102
grooming,23943,23767,23943,176
sniffing,24004,23943,24004,61
rising,24022,24004,24022,18
hunching,24126,24022,24126,104
left_turning,24168,24126,24168,42
walking,24236,24168,24236,68
stepping,24274,24236,24274,38
sniffing,24286,24274,24286,12
grooming,24344,24286,24344,58
rising,24356,24344,24356,12
walking,24416,24356,24416,60
stepping,24440,24416,24440,24
walking,24496,24440,24496,56
climbing,24526,24496,24526,30
sniffing,24527,24526,24527,1
walking,24543,24527,24543,16
stepping,24559,24543,24559,16
sniffing,24598,24559,24598,39
grooming,25441,24598,25441,843
hunching,25442,25441,25442,1
right_turning,25459,25442,25459,17
sniffing,25534,25459,25534,75
right_turning,25562,25534,25562,28
stepping,25597,25562,25597,35
right_turning,25600,25597,25600,3
trotting,25618,25600,25618,18
rising,25635,25618,25635,17
left_turning,25672,25635,25672,37
sniffing,25703,25672,25703,31
grooming,25911,25703,25911,208
hunching,25912,25911,25912,1
climbing,25986,25912,25986,74
sniffing,25987,25986,25987,1
walking,26007,25987,26007,20
sniffing,26031,26007,26031,24
left_turning,26055,26031,26055,24
trotting,26070,26055,26070,15
walking,26101,26070,26101,31
stepping,26117,26101,26117,16
hunching,26202,26117,26202,85
grooming,26472,26202,26472,270
walking,26502,26472,26502,30
sniffing,26505,26502,26505,3
trotting,26522,26505,26522,17
sniffing,26562,26522,26562,40
rising,26645,26562,26645,83
rearing,26652,26645,26652,7
right_turning,26665,26652,26665,13
stepping,26719,26665,26719,54
walking,26759,26719,26759,40
rearing,26760,26759,26760,1
climbing,26794,26760,26794,34
sniffing,26832,26794,26832,38
stepping,26841,26832,26841,9
grooming,26842,26841,26842,1
scratching,26843,26842,26843,1
walking,26851,26843,26851,8
climbing,26900,26851,26900,49
right_turning,26921,26900,26921,21
sniffing,27045,26921,27045,124
stepping,27057,27045,27057,12
sniffing,27082,27057,27082,25
rising,27106,27082,27106,24
stepping,27114,27106,27114,8
rising,27115,27114,27115,1
rearing,27180,27115,27180,65
grooming,27181,27180,27181,1
sniffing,27272,27181,27272,91
stepping,27314,27272,27314,42
rising,27417,27314,27417,103
climbing,27451,27417,27451,34
running,27479,27451,27479,28
left_turning,27511,27479,27511,32
walking,27546,27511,27546,35
sniffing,27607,27546,27607,61
scratching,27678,27607,27678,71
sniffing,27687,27678,27687,9
left_turning,27764,27687,27764,77
climbing,27810,27764,27810,46
walking,27835,27810,27835,25
rising,27862,27835,27862,27
grooming,28495,27862,28495,633
rearing,28533,28495,28533,38
hunching,28563,28533,28563,30
grooming,28564,28563,28564,1
climbing,28608,28564,28608,44
stepping,28609,28608,28609,1
sniffing,28654,28609,28654,45
stepping,28670,28654,28670,16
sniffing,28677,28670,28677,7
walking,28703,28677,28703,26
rising,28740,28703,28740,37
sniffing,28741,28740,28741,1
stepping,28748,28741,28748,7
walking,28774,28748,28774,26
sniffing,28777,28774,28777,3
grooming,28778,28777,28778,1
hunching,28783,28778,28783,5
grooming,28784,28783,28784,1
left_turning,28808,28784,28808,24
grooming,29380,28808,29380,572
right_turning,29402,29380,29402,22
running,29438,29402,29438,36
walking,29455,29438,29455,17
stepping,29456,29455,29456,1
sniffing,29457,29456,29457,1
rising,29486,29457,29486,29
grooming,29630,29486,29630,144
rearing,29651,29630,29651,21
hunching,29735,29651,29735,84
rearing,29740,29735,29740,5
hunching,29818,29740,29818,78
sniffing,29836,29818,29836,18
trotting,29840,29836,29840,4
sniffing,29852,29840,29852,12
walking,29871,29852,29871,19
stepping,29872,29871,29872,1
grooming,29873,29872,29873,1
rearing,29980,29873,29980,107
grooming,30118,29980,30118,138
rising,30119,30118,30119,1
sniffing,30153,30119,30153,34
walking,30188,30153,30188,35
stepping,30212,30188,30212,24
walking,30249,30212,30249,37
sniffing,30264,30249,30264,15
walking,30280,30264,30280,16
sniffing,30296,30280,30296,16
left_turning,30312,30296,30312,16
trotting,30326,30312,30326,14
walking,30352,30326,30352,26
sniffing,30410,30352,30410,58
rising,30450,30410,30450,40
sniffing,30499,30450,30499,49
rearing,30508,30499,30508,9
grooming,30625,30508,30625,117
rearing,30626,30625,30626,1
hunching,30746,30626,30746,120
grooming,31587,30746,31587,841
left_turning,31605,31587,31605,18
walking,31650,31605,31650,45
rising,31746,31650,31746,96
rearing,31799,31746,31799,53
grooming,31804,31799,31804,5
hunching,31805,31804,31805,1
grooming,32294,31805,32294,489
rising,32295,32294,32295,1
sniffing,32349,32295,32349,54
stepping,32369,32349,32369,20
grooming,32370,32369,32370,1
rearing,32518,32370,32518,148
grooming,32760,32518,32760,242
sniffing,32775,32760,32775,15
rising,32806,32775,32806,31
climbing,32840,32806,32840,34
running,32852,32840,32852,12
rising,32853,32852,32853,1
hunching,32917,32853,32917,64
sniffing,32940,32917,32940,23
rising,32967,32940,32967,27
sniffing,33112,32967,33112,145
right_turning,33119,33112,33119,7
grooming,33215,33119,33215,96
trotting,33252,33215,33252,37
sniffing,33253,33252,33253,1
rising,33255,33253,33255,2
sniffing,33256,33255,33256,1
climbing,33284,33256,33284,28
grooming,33285,33284,33285,1
rising,33348,33285,33348,63
rearing,33408,33348,33408,60
grooming,33726,33408,33726,318
sniffing,33754,33726,33754,28
rising,33842,33754,33842,88
climbing,33887,33842,33887,45
walking,33940,33887,33940,53
sniffing,33972,33940,33972,32
walking,33995,33972,33995,23
stepping,34012,33995,34012,17
sniffing,34080,34012,34080,68
stepping,34098,34080,34098,18
walking,34149,34098,34149,51
stepping,34185,34149,34185,36
rising,34202,34185,34202,17
grooming,34203,34202,34203,1
walking,34294,34203,34294,91
left_turning,34304,34294,34304,10
walking,34305,34304,34305,1
stepping,34367,34305,34367,62
sniffing,34446,34367,34446,79
grooming,34659,34446,34659,213
walking,34666,34659,34666,7
stepping,34673,34666,34673,7
climbing,34777,34673,34777,104
grooming,35397,34777,35397,620
hunching,35442,35397,35442,45
rearing,35495,35442,35495,53
grooming,35616,35495,35616,121
sniffing,35667,35616,35667,51
grooming,35668,35667,35668,1
walking,35710,35668,35710,42
sniffing,35753,35710,35753,43
walking,35766,35753,35766,13
rising,35767,35766,35767,1
left_turning,35814,35767,35814,47
grooming,35846,35814,35846,32
left_turning,35868,35846,35868,22
stepping,35928,35868,35928,60
rising,36000,35928,36000,72
right_turning,36048,36000,36048,48
climbing,36107,36048,36107,59
rising,36108,36107,36108,1
climbing,36176,36108,36176,68
trotting,36213,36176,36213,37
walking,36214,36213,36214,1
sniffing,36318,36214,36318,104
walking,36323,36318,36323,5
sniffing,36324,36323,36324,1
grooming,36325,36324,36325,1
left_turning,36368,36325,36368,43
stepping,36369,36368,36369,1
walking,36397,36369,36397,28
sniffing,36412,36397,36412,15
rising,36413,36412,36413,1
grooming,36727,36413,36727,314
sniffing,36735,36727,36735,8
stepping,36771,36735,36771,36
sniffing,36811,36771,36811,40
left_turning,36812,36811,36812,1
grooming,37852,36812,37852,1040
running,37861,37852,37861,9
sniffing,37871,37861,37871,10
walking,37872,37871,37872,1
sniffing,38011,37872,38011,139
stepping,38074,38011,38074,63
sniffing,38105,38074,38105,31
stepping,38147,38105,38147,42
sniffing,38222,38147,38222,75
stepping,38246,38222,38246,24
sniffing,38302,38246,38302,56
right_turning,38339,38302,38339,37
stepping,38368,38339,38368,29
rearing,38449,38368,38449,81
grooming,38707,38449,38707,258
climbing,38726,38707,38726,19
rising,38734,38726,38734,8
rearing,38820,38734,38820,86
hunching,38938,38820,38938,118
rearing,38980,38938,38980,42
hunching,39087,38980,39087,107
left_turning,39128,39087,39128,41
walking,39141,39128,39141,13
sniffing,39194,39141,39194,53
stepping,39230,39194,39230,36
grooming,39568,39230,39568,338
hunching,39600,39568,39600,32
rising,39649,39600,39649,49
climbing,39730,39649,39730,81
sniffing,39790,39730,39790,60
trotting,39816,39790,39816,26
sniffing,39876,39816,39876,60
stepping,39910,39876,39910,34
rising,39978,39910,39978,68
left_turning,39979,39978,39979,1
trotting,40007,39979,40007,28
rearing,40064,40007,40064,57
hunching,40136,40064,40136,72
grooming,40137,40136,40137,1
rising,40187,40137,40187,50
walking,40206,40187,40206,19
climbing,40227,40206,40227,21
rearing,40301,40227,40301,74
hunching,40350,40301,40350,49
rearing,40422,40350,40422,72
climbing,40457,40422,40457,35
trotting,40490,40457,40490,33
sniffing,40530,40490,40530,40
rearing,40531,40530,40531,1
grooming,40686,40531,40686,155
rising,40720,40686,40720,34
sniffing,40721,40720,40721,1
rising,40722,40721,40722,1
rearing,40949,40722,40949,227
left_turning,40987,40949,40987,38
stepping,40998,40987,40998,11
climbing,41044,40998,41044,46
sniffing,41062,41044,41062,18
grooming,41259,41062,41259,197
walking,41285,41259,41285,26
stepping,41354,41285,41354,69
right_turning,41365,41354,41365,11
stepping,41378,41365,41378,13
walking,41444,41378,41444,66
rising,41469,41444,41469,25
sniffing,41507,41469,41507,38
climbing,41575,41507,41575,68
stepping,41643,41575,41643,68
walking,41665,41643,41665,22
stepping,41666,41665,41666,1
sniffing,41690,41666,41690,24
grooming,41694,41690,41694,4
rearing,41840,41694,41840,146
hunching,41978,41840,41978,138
left_turning,41982,41978,41982,4
running,42006,41982,42006,24
sniffing,42056,42006,42056,50
left_turning,42129,42056,42129,73
trotting,42136,42129,42136,7
climbing,42190,42136,42190,54
left_turning,42218,42190,42218,28
walking,42308,42218,42308,90
stepping,42332,42308,42332,24
walking,42362,42332,42362,30
stepping,42386,42362,42386,24
sniffing,42546,42386,42546,160
climbing,42561,42546,42561,15
rising,42584,42561,42584,23
sniffing,42588,42584,42588,4
walking,42620,42588,42620,32
stepping,42628,42620,42628,8
sniffing,42674,42628,42674,46
rising,42747,42674,42747,73
right_turning,42765,42747,42765,18
walking,42785,42765,42785,20
rising,42810,42785,42810,25
grooming,42949,42810,42949,139
sniffing,43003,42949,43003,54
grooming,43004,43003,43004,1
rising,43025,43004,43025,21
running,43043,43025,43043,18
sniffing,43044,43043,43044,1
walking,43060,43044,43060,16
sniffing,43073,43060,43073,13
stepping,43114,43073,43114,41
rising,43146,43114,43146,32
grooming,43622,43146,43622,476
rearing,43623,43622,43623,1
grooming,43626,43623,43626,3
trotting,43650,43626,43650,24
stepping,43651,43650,43651,1
rising,43717,43651,43717,66
jumping,43722,43717,43722,5
walking,43744,43722,43744,22
sniffing,43819,43744,43819,75
walking,43915,43819,43915,96
right_turning,43931,43915,43931,16
grooming,43932,43931,43932,1
hunching,43979,43932,43979,47
grooming,44858,43979,44858,879
sniffing,44880,44858,44880,22
climbing,44990,44880,44990,110
rearing,45091,44990,45091,101
grooming,45092,45091,45092,1
rearing,45144,45092,45144,52
grooming,45194,45144,45194,50
rearing,45364,45194,45364,170
left_turning,45424,45364,45424,60
running,45439,45424,45439,15
sniffing,45445,45439,45445,6
rising,45473,45445,45473,28
rearing,45506,45473,45506,33
hunching,45509,45506,45509,3
grooming,45630,45509,45630,121
sniffing,45672,45630,45672,42
right_turning,45684,45672,45684,12
trotting,45707,45684,45707,23
sniffing,45737,45707,45737,30
grooming,46251,45737,46251,514
hunching,46294,46251,46294,43
rearing,46347,46294,46347,53
grooming,46348,46347,46348,1
left_turning,46367,46348,46367,19
stepping,46377,46367,46377,10
walking,46420,46377,46420,43
stepping,46421,46420,46421,1
grooming,46422,46421,46422,1
sniffing,46435,46422,46435,13
left_turning,46463,46435,46463,28
walking,46508,46463,46508,45
sniffing,46551,46508,46551,43
grooming,46552,46551,46552,1
rearing,46556,46552,46556,4
grooming,46643,46556,46643,87
rearing,46731,46643,46731,88
left_turning,46787,46731,46787,56
grooming,46788,46787,46788,1
climbing,46863,46788,46863,75
walking,46872,46863,46872,9
sniffing,46877,46872,46877,5
left_turning,46900,46877,46900,23
sniffing,46910,46900,46910,10
stepping,46980,46910,46980,70
walking,47002,46980,47002,22
sniffing,47018,47002,47018,16
rising,47033,47018,47033,15
climbing,47081,47033,47081,48
running,47111,47081,47111,30
walking,47123,47111,47123,12
grooming,47124,47123,47124,1
left_turning,47198,47124,47198,74
sniffing,47387,47198,47387,189
walking,47419,47387,47419,32
stepping,47452,47419,47452,33
walking,47464,47452,47464,12
rising,47488,47464,47488,24
sniffing,47492,47488,47492,4
walking,47505,47492,47505,13
sniffing,47607,47505,47607,102
walking,47637,47607,47637,30
right_turning,47639,47637,47639,2
walking,47664,47639,47664,25
stepping,47695,47664,47695,31
right_turning,47705,47695,47705,10
scratching,47788,47705,47788,83
grooming,47866,47788,47866,78
stepping,47895,47866,47895,29
climbing,47948,47895,47948,53
walking,47981,47948,47981,33
stepping,48013,47981,48013,32
sniffing,48049,48013,48049,36
stepping,48051,48049,48051,2
sniffing,48061,48051,48061,10
grooming,48163,48061,48163,102
walking,48213,48163,48213,50
sniffing,48296,48213,48296,83
rearing,48297,48296,48297,1
grooming,49170,48297,49170,873
walking,49197,49170,49197,27
trotting,49220,49197,49220,23
walking,49269,49220,49269,49
rearing,49310,49269,49310,41
grooming,49331,49310,49331,21
rising,49369,49331,49369,38
grooming,49613,49369,49613,244
rearing,49890,49613,49890,277
grooming,49962,49890,49962,72
walking,49980,49962,49980,18
sniffing,50034,49980,50034,54
walking,50038,50034,50038,4
sniffing,50077,50038,50077,39
stepping,50117,50077,50117,40
rearing,50118,50117,50118,1
stepping,50132,50118,50132,14
sniffing,50169,50132,50169,37
grooming,50218,50169,50218,49
rearing,50249,50218,50249,31
climbing,50250,50249,50250,1
rearing,50286,50250,50286,36
grooming,50287,50286,50287,1
stepping,50303,50287,50303,16
walking,50337,50303,50337,34
stepping,50367,50337,50367,30
sniffing,50397,50367,50397,30
stepping,50429,50397,50429,32
sniffing,50459,50429,50459,30
stepping,50464,50459,50464,5
sniffing,50516,50464,50516,52
grooming,50932,50516,50932,416
walking,50988,50932,50988,56
sniffing,51069,50988,51069,81
rising,51070,51069,51070,1
grooming,51206,51070,51206,136
rearing,51241,51206,51241,35
rising,51242,51241,51242,1
sniffing,51305,51242,51305,63
grooming,51306,51305,51306,1
rising,51343,51306,51343,37
sniffing,51344,51343,51344,1
rising,51345,51344,51345,1
climbing,51372,51345,51372,27
rearing,51389,51372,51389,17
grooming,51987,51389,51987,598
rearing,52023,51987,52023,36
climbing,52047,52023,52047,24
rising,52048,52047,52048,1
rearing,52127,52048,52127,79
grooming,52185,52127,52185,58
rising,52186,52185,52186,1
sniffing,52253,52186,52253,67
grooming,52254,52253,52254,1
climbing,52309,52254,52309,55
grooming,52310,52309,52310,1
scratching,52316,52310,52316,6
sniffing,52331,52316,52331,15
running,52332,52331,52332,1
walking,52357,52332,52357,25
stepping,52368,52357,52368,11
sniffing,52437,52368,52437,69
rising,52493,52437,52493,56
scratching,52569,52493,52569,76
left_turning,52601,52569,52601,32
sniffing,52623,52601,52623,22
scratching,52624,52623,52624,1
sniffing,52693,52624,52693,69
stepping,52698,52693,52698,5
sniffing,52699,52698,52699,1
grooming,52700,52699,52700,1
rising,52701,52700,52701,1
climbing,52746,52701,52746,45
rising,52782,52746,52782,36
climbing,52852,52782,52852,70
rearing,52937,52852,52937,85
sniffing,52952,52937,52952,15
left_turning,52953,52952,52953,1
walking,52991,52953,52991,38
sniffing,53005,52991,53005,14
rising,53031,53005,53031,26
climbing,53039,53031,53039,8
grooming,53040,53039,53040,1
left_turning,53051,53040,53051,11
stepping,53086,53051,53086,35
rising,53099,53086,53099,13
sniffing,53199,53099,53199,100
trotting,53217,53199,53217,18
walking,53238,53217,53238,21
stepping,53254,53238,53254,16
grooming,53999,53254,53999,745
rearing,54034,53999,54034,35
stepping,54133,54034,54133,99
sniffing,54142,54133,54142,9
stepping,54145,54142,54145,3
right_turning,54189,54145,54189,44
stepping,54223,54189,54223,34
trotting,54228,54223,54228,5
sniffing,54311,54228,54311,83
walking,54316,54311,54316,5
sniffing,54350,54316,54350,34
stepping,54411,54350,54411,61
sniffing,54412,54411,54412,1
walking,54455,54412,54455,43
sniffing,54471,54455,54471,16
climbing,54510,54471,54510,39
rearing,54511,54510,54511,1
walking,54528,54511,54528,17
rising,54547,54528,54547,19
right_turning,54551,54547,54551,4
walking,54553,54551,54553,2
grooming,54554,54553,54554,1
left_turning,54603,54554,54603,49
walking,54624,54603,54624,21
stepping,54710,54624,54710,86
sniffing,54711,54710,54711,1
climbing,54766,54711,54766,55
rising,54781,54766,54781,15
sniffing,54782,54781,54782,1
rising,54836,54782,54836,54
right_turning,54840,54836,54840,4
stepping,54844,54840,54844,4
trotting,54880,54844,54880,36
running,54890,54880,54890,10
sniffing,54935,54890,54935,45
walking,54996,54935,54996,61
right_turning,55019,54996,55019,23
walking,55027,55019,55027,8
sniffing,55029,55027,55029,2
rising,55030,55029,55030,1
right_turning,55092,55030,55092,62
grooming,55610,55092,55610,518
rearing,55732,55610,55732,122
grooming,55878,55732,55878,146
scratching,55991,55878,55991,113
sniffing,56149,55991,56149,158
grooming,56257,56149,56257,108
trotting,56275,56257,56275,18
rearing,56276,56275,56276,1
jumping,56312,56276,56312,36
trotting,56325,56312,56325,13
walking,56359,56325,56359,34
sniffing,56461,56359,56461,102
climbing,56516,56461,56516,55
rearing,56602,56516,56602,86
grooming,56603,56602,56603,1
climbing,56650,56603,56650,47
rearing,56651,56650,56651,1
grooming,57019,56651,57019,368
hunching,57057,57019,57057,38
grooming,57058,57057,57058,1
climbing,57084,57058,57084,26
stepping,57086,57084,57086,2
sniffing,57129,57086,57129,43
stepping,57158,57129,57158,29
sniffing,57237,57158,57237,79
rearing,57291,57237,57291,54
walking,57380,57291,57380,89
sniffing,57421,57380,57421,41
stepping,57450,57421,57450,29
climbing,57489,57450,57489,39
sniffing,57523,57489,57523,34
rising,57524,57523,57524,1
rearing,57597,57524,57597,73
grooming,57772,57597,57772,175
trotting,57821,57772,57821,49
rising,57858,57821,57858,37
sniffing,57931,57858,57931,73
rising,57932,57931,57932,1
climbing,57976,57932,57976,44
stepping,57988,57976,57988,12
sniffing,58014,57988,58014,26
stepping,58031,58014,58031,17
sniffing,58091,58031,58091,60
walking,58100,58091,58100,9
grooming,58101,58100,58101,1
scratching,58206,58101,58206,105
sniffing,58263,58206,58263,57
walking,58290,58263,58290,27
sniffing,58326,58290,58326,36
climbing,58373,58326,58373,47
hunching,58464,58373,58464,91
sniffing,58487,58464,58487,23
rising,58501,58487,58501,14
walking,58525,58501,58525,24
sniffing,58536,58525,58536,11
walking,58550,58536,58550,14
stepping,58551,58550,58551,1
rearing,58592,58551,58592,41
grooming,58593,58592,58593,1
rearing,58594,58593,58594,1
stepping,58613,58594,58613,19
trotting,58647,58613,58647,34
sniffing,58650,58647,58650,3
left_turning,58689,58650,58689,39
sniffing,58770,58689,58770,81
rising,58830,58770,58830,60
grooming,58978,58830,58978,148
walking,58990,58978,58990,12
trotting,59033,58990,59033,43
sniffing,59062,59033,59062,29
stepping,59082,59062,59082,20
sniffing,59225,59082,59225,143
stepping,59266,59225,59266,41
rising,59317,59266,59317,51
sniffing,59323,59317,59323,6
grooming,59324,59323,59324,1
rearing,59362,59324,59362,38
grooming,59475,59362,59475,113
left_turning,59494,59475,59494,19
sniffing,59512,59494,59512,18
rising,59513,59512,59513,1
left_turning,59537,59513,59537,24
grooming,59708,59537,59708,171
hunching,59781,59708,59781,73
grooming,60105,59781,60105,324
sniffing,60169,60105,60169,64
grooming,60256,60169,60256,87
walking,60273,60256,60273,17
sniffing,60351,60273,60351,78
rising,60375,60351,60375,24
climbing,60404,60375,60404,29
grooming,60405,60404,60405,1
walking,60458,60405,60458,53
rising,60459,60458,60459,1
climbing,60526,60459,60526,67
running,60537,60526,60537,11
sniffing,60637,60537,60637,100
walking,60660,60637,60660,23
sniffing,60741,60660,60741,81
walking,60742,60741,60742,1
stepping,60773,60742,60773,31
sniffing,60838,60773,60838,65
rearing,60877,60838,60877,39
grooming,61043,60877,61043,166
rearing,61047,61043,61047,4
grooming,61115,61047,61115,68
climbing,61154,61115,61154,39
grooming,61448,61154,61448,294
rearing,61551,61448,61551,103
grooming,61552,61551,61552,1
sniffing,61609,61552,61609,57
walking,61636,61609,61636,27
sniffing,61637,61636,61637,1
running,61661,61637,61661,24
right_turning,61677,61661,61677,16
stepping,61711,61677,61711,34
walking,61761,61711,61761,50
stepping,61789,61761,61789,28
walking,61803,61789,61803,14
trotting,61822,61803,61822,19
climbing,61874,61822,61874,52
stepping,61875,61874,61875,1
sniffing,61970,61875,61970,95
rising,61971,61970,61971,1
right_turning,61981,61971,61981,10
sniffing,62011,61981,62011,30
rearing,62089,62011,62089,78
grooming,62247,62089,62247,158
left_turning,62248,62247,62248,1
sniffing,62249,62248,62249,1
rearing,62293,62249,62293,44
grooming,62478,62293,62478,185
sniffing,62491,62478,62491,13
walking,62517,62491,62517,26
sniffing,62533,62517,62533,16
left_turning,62534,62533,62534,1
walking,62544,62534,62544,10
sniffing,62579,62544,62579,35
rising,62583,62579,62583,4
stepping,62639,62583,62639,56
trotting,62674,62639,62674,35
sniffing,62697,62674,62697,23
rearing,62723,62697,62723,26
grooming,62828,62723,62828,105
stepping,62856,62828,62856,28
rising,62921,62856,62921,65
rearing,62922,62921,62922,1
grooming,62923,62922,62923,1
left_turning,62962,62923,62962,39
walking,62996,62962,62996,34
sniffing,63022,62996,63022,26
right_turning,63032,63022,63032,10
walking,63037,63032,63037,5
stepping,63082,63037,63082,45
rising,63145,63082,63145,63
sniffing,63226,63145,63226,81
rearing,63239,63226,63239,13
climbing,63265,63239,63265,26
grooming,63313,63265,63313,48
rearing,63616,63313,63616,303
grooming,64372,63616,64372,756
rearing,64373,64372,64373,1
grooming,64635,64373,64635,262
left_turning,64681,64635,64681,46
sniffing,64715,64681,64715,34
running,64750,64715,64750,35
walking,64782,64750,64782,32
right_turning,64805,64782,64805,23
walking,64813,64805,64813,8
stepping,64843,64813,64843,30
sniffing,64875,64843,64875,32
walking,64898,64875,64898,23
trotting,64914,64898,64914,16
sniffing,64945,64914,64945,31
walking,64958,64945,64958,13
sniffing,64976,64958,64976,18
grooming,65065,64976,65065,89
rearing,65080,65065,65080,15
climbing,65089,65080,65089,9
stepping,65113,65089,65113,24
grooming,65314,65113,65314,201
walking,65376,65314,65376,62
rising,65380,65376,65380,4
left_turning,65417,65380,65417,37
sniffing,65556,65417,65556,139
grooming,65557,65556,65557,1
rearing,65558,65557,65558,1
grooming,65559,65558,65559,1
sniffing,65564,65559,65564,5
walking,65621,65564,65621,57
sniffing,65633,65621,65633,12
walking,65743,65633,65743,110
stepping,65790,65743,65790,47
climbing,65817,65790,65817,27
grooming,66101,65817,66101,284
rearing,66315,66101,66315,214
walking,66322,66315,66322,7
stepping,66323,66322,66323,1
running,66350,66323,66350,27
rising,66352,66350,66352,2
walking,66391,66352,66391,39
sniffing,66510,66391,66510,119
stepping,66512,66510,66512,2
walking,66554,66512,66554,42
rising,66590,66554,66590,36
sniffing,66591,66590,66591,1
right_turning,66600,66591,66600,9
sniffing,66664,66600,66664,64
stepping,66665,66664,66665,1
climbing,66702,66665,66702,37
trotting,66713,66702,66713,11
grooming,66714,66713,66714,1
rearing,66743,66714,66743,29
grooming,66852,66743,66852,109
rearing,66874,66852,66874,22
rising,66912,66874,66912,38
climbing,66989,66912,66989,77
sniffing,67077,66989,67077,88
stepping,67097,67077,67097,20
walking,67130,67097,67130,33
sniffing,67286,67130,67286,156
walking,67293,67286,67293,7
sniffing,67294,67293,67294,1
rising,67311,67294,67311,17
left_turning,67327,67311,67327,16
stepping,67352,67327,67352,25
walking,67368,67352,67368,16
trotting,67387,67368,67387,19
climbing,67420,67387,67420,33
walking,67459,67420,67459,39
sniffing,67596,67459,67596,137
left_turning,67636,67596,67636,40
walking,67637,67636,67637,1
rising,67692,67637,67692,55
climbing,67711,67692,67711,19
grooming,68105,67711,68105,394
rearing,68106,68105,68106,1
rising,68107,68106,68107,1
rearing,68231,68107,68231,124
sniffing,68232,68231,68232,1
rising,68243,68232,68243,11
rearing,68274,68243,68274,31
walking,68320,68274,68320,46
climbing,68392,68320,68392,72
left_turning,68421,68392,68421,29
trotting,68448,68421,68448,27
walking,68459,68448,68459,11
sniffing,68460,68459,68460,1
walking,68477,68460,68477,17
left_turning,68499,68477,68499,22
stepping,68509,68499,68509,10
left_turning,68515,68509,68515,6
walking,68556,68515,68556,41
left_turning,68595,68556,68595,39
walking,68598,68595,68598,3
trotting,68653,68598,68653,55
sniffing,68655,68653,68655,2
walking,68692,68655,68692,37
sniffing,68693,68692,68693,1
stepping,68740,68693,68740,47
rearing,68794,68740,68794,54
grooming,68795,68794,68795,1
rising,68799,68795,68799,4
climbing,68806,68799,68806,7
walking,68831,68806,68831,25
sniffing,68937,68831,68937,106
walking,68974,68937,68974,37
running,68995,68974,68995,21
walking,69002,68995,69002,7
sniffing,69029,69002,69029,27
stepping,69068,69029,69068,39
climbing,69161,69068,69161,93
grooming,69162,69161,69162,1
sniffing,69178,69162,69178,16
stepping,69248,69178,69248,70
trotting,69257,69248,69257,9
walking,69260,69257,69260,3
left_turning,69308,69260,69308,48
walking,69347,69308,69347,39
stepping,69353,69347,69353,6
rising,69397,69353,69397,44
sniffing,69556,69397,69556,159
climbing,69557,69556,69557,1
trotting,69596,69557,69596,39
rising,69597,69596,69597,1
sniffing,69624,69597,69624,27
stepping,69625,69624,69625,1
walking,69646,69625,69646,21
rising,69675,69646,69675,29
stepping,69692,69675,69692,17
walking,69736,69692,69736,44
sniffing,69792,69736,69792,56
trotting,69802,69792,69802,10
walking,69846,69802,69846,44
stepping,69892,69846,69892,46
walking,69897,69892,69897,5
sniffing,69967,69897,69967,70
rearing,70073,69967,70073,106
hunching,70130,70073,70130,57
grooming,70167,70130,70167,37
walking,70175,70167,70175,8
sniffing,70206,70175,70206,31
walking,70207,70206,70207,1
stepping,70231,70207,70231,24
climbing,70270,70231,70270,39
left_turning,70281,70270,70281,11
grooming,70716,70281,70716,435
rearing,70717,70716,70717,1
sniffing,70801,70717,70801,84
stepping,70803,70801,70803,2
rearing,70861,70803,70861,58
grooming,71114,70861,71114,253
sniffing,71115,71114,71115,1
walking,71155,71115,71155,40
sniffing,71194,71155,71194,39
stepping,71219,71194,71219,25
rearing,71338,71219,71338,119
sniffing,71366,71338,71366,28
rearing,71367,71366,71367,1
stepping,71381,71367,71381,14
walking,71470,71381,71470,89
trotting,71482,71470,71482,12
sniffing,71500,71482,71500,18
stepping,71565,71500,71565,65
walking,71611,71565,71611,46
stepping,71618,71611,71618,7
rearing,71619,71618,71619,1
grooming,71729,71619,71729,110
walking,71771,71729,71771,42
sniffing,71850,71771,71850,79
stepping,71901,71850,71901,51
rising,71912,71901,71912,11
climbing,71988,71912,71988,76
sniffing,72006,71988,72006,18
walking,72045,72006,72045,39
sniffing,72096,72045,72096,51
walking,72113,72096,72113,17
climbing,72142,72113,72142,29
grooming,72675,72142,72675,533
walking,72691,72675,72691,16
sniffing,72692,72691,72692,1
rising,72729,72692,72729,37
rearing,72791,72729,72791,62
left_turning,72855,72791,72855,64
rearing,72856,72855,72856,1
walking,72903,72856,72903,47
sniffing,72912,72903,72912,9
grooming,72972,72912,72972,60
rearing,72973,72972,72973,1
grooming,72974,72973,72974,1
walking,73027,72974,73027,53
sniffing,73216,73027,73216,189
trotting,73237,73216,73237,21
sniffing,73283,73237,73283,46
stepping,73306,73283,73306,23
sniffing,73499,73306,73499,193
stepping,73520,73499,73520,21
sniffing,73576,73520,73576,56
grooming,73650,73576,73650,74
climbing,73694,73650,73694,44
stepping,73695,73694,73695,1
right_turning,73717,73695,73717,22
sniffing,73800,73717,73800,83
stepping,73856,73800,73856,56
rearing,73857,73856,73857,1
grooming,73858,73857,73858,1
hunching,73888,73858,73888,30
grooming,74063,73888,74063,175
rising,74161,74063,74161,98
grooming,74273,74161,74273,112
rearing,74275,74273,74275,2
sniffing,74299,74275,74299,24
stepping,74315,74299,74315,16
sniffing,74361,74315,74361,46
walking,74401,74361,74401,40
left_turning,74402,74401,74402,1
walking,74419,74402,74419,17
sniffing,74457,74419,74457,38
grooming,74596,74457,74596,139
walking,74623,74596,74623,27
sniffing,74666,74623,74666,43
stepping,74677,74666,74677,11
rearing,74700,74677,74700,23
stepping,74734,74700,74734,34
walking,74735,74734,74735,1
climbing,74782,74735,74782,47
left_turning,74819,74782,74819,37
sniffing,74851,74819,74851,32
left_turning,74880,74851,74880,29
walking,74889,74880,74889,9
sniffing,75031,74889,75031,142
trotting,75033,75031,75033,2
sniffing,75097,75033,75097,64
left_turning,75122,75097,75122,25
scratching,75198,75122,75198,76
walking,75220,75198,75220,22
sniffing,75223,75220,75223,3
left_turning,75241,75223,75241,18
sniffing,75260,75241,75260,19
walking,75280,75260,75280,20
stepping,75311,75280,75311,31
left_turning,75390,75311,75390,79
rising,75407,75390,75407,17
grooming,75573,75407,75573,166
scratching,75610,75573,75610,37
stepping,75636,75610,75636,26
walking,75670,75636,75670,34
sniffing,75724,75670,75724,54
walking,75725,75724,75725,1
right_turning,75730,75725,75730,5
stepping,75774,75730,75774,44
rearing,75786,75774,75786,12
stepping,75823,75786,75823,37
walking,75830,75823,75830,7
sniffing,75904,75830,75904,74
rising,75950,75904,75950,46
climbing,76054,75950,76054,104
walking,76092,76054,76092,38
trotting,76103,76092,76103,11
jumping,76127,76103,76127,24
walking,76167,76127,76167,40
sniffing,76196,76167,76196,29
rising,76231,76196,76231,35
sniffing,76312,76231,76312,81
rearing,76324,76312,76324,12
stepping,76327,76324,76327,3
sniffing,76328,76327,76328,1
grooming,76329,76328,76329,1
scratching,76374,76329,76374,45
walking,76395,76374,76395,21
sniffing,76487,76395,76487,92
left_turning,76508,76487,76508,21
stepping,76552,76508,76552,44
sniffing,76553,76552,76553,1
walking,76602,76553,76602,49
sniffing,76603,76602,76603,1
stepping,76617,76603,76617,14
sniffing,76662,76617,76662,45
stepping,76677,76662,76677,15
trotting,76714,76677,76714,37
rising,76750,76714,76750,36
sniffing,76833,76750,76833,83
rising,76847,76833,76847,14
climbing,76908,76847,76908,61
walking,76933,76908,76933,25
sniffing,76991,76933,76991,58
right_turning,76998,76991,76998,7
stepping,77020,76998,77020,22
climbing,77048,77020,77048,28
rising,77049,77048,77049,1
climbing,77104,77049,77104,55
running,77135,77104,77135,31
rearing,77136,77135,77136,1
grooming,77137,77136,77137,1
rearing,77160,77137,77160,23
stepping,77183,77160,77183,23
grooming,77667,77183,77667,484
climbing,77692,77667,77692,25
trotting,77706,77692,77706,14
walking,77771,77706,77771,65
sniffing,77813,77771,77813,42
stepping,77823,77813,77823,10
sniffing,77873,77823,77873,50
stepping,77878,77873,77878,5
rearing,77970,77878,77970,92
grooming,77983,77970,77983,13
climbing,78031,77983,78031,48
left_turning,78226,78031,78226,195
running,78245,78226,78245,19
rising,78252,78245,78252,7
rearing,78325,78252,78325,73
grooming,78613,78325,78613,288
sniffing,78664,78613,78664,51
rising,78693,78664,78693,29
grooming,78694,78693,78694,1
scratching,78787,78694,78787,93
grooming,78979,78787,78979,192
sniffing,79037,78979,79037,58
right_turning,79054,79037,79054,17
trotting,79109,79054,79109,55
sniffing,79140,79109,79140,31
walking,79176,79140,79176,36
sniffing,79239,79176,79239,63
walking,79249,79239,79249,10
sniffing,79250,79249,79250,1
rising,79261,79250,79261,11
rearing,79298,79261,79298,37
climbing,79401,79298,79401,103
stepping,79412,79401,79412,11
walking,79425,79412,79425,13
sniffing,79426,79425,79426,1
walking,79460,79426,79460,34
stepping,79494,79460,79494,34
sniffing,79558,79494,79558,64
right_turning,79610,79558,79610,52
sniffing,79658,79610,79658,48
scratching,79720,79658,79720,62
walking,79775,79720,79775,55
trotting,79801,79775,79801,26
sniffing,79838,79801,79838,37
left_turning,79839,79838,79839,1
sniffing,79915,79839,79915,76
right_turning,79950,79915,79950,35
stepping,79965,79950,79965,15
walking,79994,79965,79994,29
sniffing,80056,79994,80056,62
left_turning,80093,80056,80093,37
grooming,80107,80093,80107,14
rearing,80161,80107,80161,54
grooming,80602,80161,80602,441
rearing,80774,80602,80774,172
climbing,80794,80774,80794,20
trotting,80809,80794,80809,15
sniffing,80846,80809,80846,37
stepping,80872,80846,80872,26
walking,80873,80872,80873,1
sniffing,80908,80873,80908,35
walking,80937,80908,80937,29
stepping,80947,80937,80947,10
walking,80977,80947,80977,30
sniffing,81035,80977,81035,58
grooming,81187,81035,81187,152
left_turning,81309,81187,81309,122
walking,81337,81309,81337,28
sniffing,81371,81337,81371,34
right_turning,81384,81371,81384,13
sniffing,81417,81384,81417,33
stepping,81430,81417,81430,13
walking,81462,81430,81462,32
rising,81492,81462,81492,30
rearing,81564,81492,81564,72
rising,81596,81564,81596,32
rearing,81677,81596,81677,81
rising,81714,81677,81714,37
grooming,81715,81714,81715,1
sniffing,81758,81715,81758,43
walking,81801,81758,81801,43
sniffing,81836,81801,81836,35
rearing,81916,81836,81916,80
grooming,81917,81916,81917,1
sniffing,81945,81917,81945,28
rising,82009,81945,82009,64
grooming,82026,82009,82026,17
rising,82027,82026,82027,1
climbing,82112,82027,82112,85
rearing,82113,82112,82113,1
grooming,82335,82113,82335,222
rearing,82427,82335,82427,92
grooming,82667,82427,82667,240
rearing,82828,82667,82828,161
grooming,82829,82828,82829,1
left_turning,82934,82829,82934,105
walking,82948,82934,82948,14
rearing,83030,82948,83030,82
hunching,83164,83030,83164,134
left_turning,83186,83164,83186,22
sniffing,83277,83186,83277,91
trotting,83299,83277,83299,22
walking,83316,83299,83316,17
sniffing,83377,83316,83377,61
running,83378,83377,83378,1
walking,83406,83378,83406,28
stepping,83437,83406,83437,31
rearing,83464,83437,83464,27
grooming,83715,83464,83715,251
scratching,83778,83715,83778,63
grooming,83930,83778,83930,152
climbing,84047,83930,84047,117
left_turning,84130,84047,84130,83
trotting,84154,84130,84154,24
walking,84156,84154,84156,2
trotting,84164,84156,84164,8
stepping,84187,84164,84187,23
grooming,84188,84187,84188,1
left_turning,84267,84188,84267,79
grooming,84268,84267,84268,1
rearing,84323,84268,84323,55
grooming,84335,84323,84335,12
hunching,84430,84335,84430,95
grooming,84510,84430,84510,80
climbing,84553,84510,84553,43
rising,84606,84553,84606,53
walking,84642,84606,84642,36
stepping,84654,84642,84654,12
sniffing,84655,84654,84655,1
grooming,85072,84655,85072,417
climbing,85130,85072,85130,58
stepping,85147,85130,85147,17
sniffing,85195,85147,85195,48
right_turning,85208,85195,85208,13
walking,85245,85208,85245,37
sniffing,85361,85245,85361,116
rising,85376,85361,85376,15
rearing,85408,85376,85408,32
sniffing,85476,85408,85476,68
walking,85517,85476,85517,41
rearing,85686,85517,85686,169
walking,85708,85686,85708,22
sniffing,85709,85708,85709,1
trotting,85728,85709,85728,19
walking,85738,85728,85738,10
sniffing,85792,85738,85792,54
grooming,85826,85792,85826,34
rearing,85877,85826,85877,51
grooming,86199,85877,86199,322
sniffing,86271,86199,86271,72
grooming,86708,86271,86708,437
stepping,86709,86708,86709,1
sniffing,86782,86709,86782,73
walking,86854,86782,86854,72
rising,86884,86854,86884,30
sniffing,86906,86884,86906,22
rising,86968,86906,86968,62
rearing,87213,86968,87213,245
grooming,87228,87213,87228,15
rearing,87652,87228,87652,424
grooming,87655,87652,87655,3
sniffing,87716,87655,87716,61
rearing,87878,87716,87878,162
rising,87923,87878,87923,45
grooming,88041,87923,88041,118
hunching,88145,88041,88145,104
rearing,88149,88145,88149,4
grooming,88295,88149,88295,146
running,88318,88295,88318,23
walking,88376,88318,88376,58
sniffing,88377,88376,88377,1
right_turning,88396,88377,88396,19
grooming,88546,88396,88546,150
sniffing,88637,88546,88637,91
rising,88638,88637,88638,1
walking,88664,88638,88664,26
sniffing,88710,88664,88710,46
rising,88711,88710,88711,1
rearing,88712,88711,88712,1
rising,88739,88712,88739,27
sniffing,88774,88739,88774,35
walking,88808,88774,88808,34
trotting,88860,88808,88860,52
stepping,88894,88860,88894,34
sniffing,88966,88894,88966,72
left_turning,88996,88966,88996,30
sniffing,89135,88996,89135,139
grooming,89136,89135,89136,1
rearing,89148,89136,89148,12
grooming,89458,89148,89458,310
walking,89459,89458,89459,1
sniffing,89519,89459,89519,60
stepping,89546,89519,89546,27
sniffing,89557,89546,89557,11
walking,89606,89557,89606,49
rising,89626,89606,89626,20
stepping,89634,89626,89634,8
grooming,89758,89634,89758,124
sniffing,89783,89758,89783,25
grooming,89784,89783,89784,1
hunching,89835,89784,89835,51
grooming,89880,89835,89880,45
sniffing,89881,89880,89881,1
grooming,89882,89881,89882,1
rearing,89938,89882,89938,56
grooming,89939,89938,89939,1
sniffing,89940,89939,89940,1
rearing,90066,89940,90066,126
climbing,90067,90066,90067,1
rearing,90068,90067,90068,1
climbing,90097,90068,90097,29
grooming,90155,90097,90155,58
climbing,90176,90155,90176,21
grooming,90560,90176,90560,384
stepping,90592,90560,90592,32
rising,90632,90592,90632,40
sniffing,90633,90632,90633,1
rising,90661,90633,90661,28
right_turning,90693,90661,90693,32
walking,90784,90693,90784,91
sniffing,90812,90784,90812,28
rising,90857,90812,90857,45
sniffing,90907,90857,90907,50
grooming,90946,90907,90946,39
left_turning,90970,90946,90970,24
stepping,90971,90970,90971,1
climbing,91018,90971,91018,47
grooming,91019,91018,91019,1
walking,91069,91019,91069,50
rearing,91110,91069,91110,41
sniffing,91120,91110,91120,10
stepping,91154,91120,91154,34
sniffing,91235,91154,91235,81
walking,91255,91235,91255,20
rising,91275,91255,91275,20
left_turning,91279,91275,91279,4
sniffing,91299,91279,91299,20
stepping,91345,91299,91345,46
sniffing,91373,91345,91373,28
walking,91417,91373,91417,44
stepping,91431,91417,91431,14
walking,91461,91431,91461,30
sniffing,91516,91461,91516,55
climbing,91558,91516,91558,42
rearing,91587,91558,91587,29
climbing,91588,91587,91588,1
right_turning,91591,91588,91591,3
sniffing,91597,91591,91597,6
stepping,91647,91597,91647,50
rearing,91648,91647,91648,1
climbing,91678,91648,91678,30
rearing,91714,91678,91714,36
climbing,91734,91714,91734,20
right_turning,91754,91734,91754,20
grooming,91777,91754,91777,23
pausing,91888,91777,91888,111
left_turning,91889,91888,91889,1
walking,91904,91889,91904,15
stepping,91905,91904,91905,1
sniffing,91939,91905,91939,34
rearing,91971,91939,91971,32
rising,91999,91971,91999,28
rearing,92000,91999,92000,1
climbing,92031,92000,92031,31
walking,92084,92031,92084,53
climbing,92085,92084,92085,1
stepping,92105,92085,92105,20
sniffing,92142,92105,92142,37
stepping,92190,92142,92190,48
walking,92250,92190,92250,60
stepping,92298,92250,92298,48
climbing,92342,92298,92342,44
left_turning,92479,92342,92479,137
hunching,92543,92479,92543,64
rearing,92650,92543,92650,107
stepping,92692,92650,92692,42
climbing,92723,92692,92723,31
rearing,92748,92723,92748,25
grooming,93553,92748,93553,805
stepping,93586,93553,93586,33
trotting,93596,93586,93596,10
stepping,93687,93596,93687,91
grooming,93749,93687,93749,62
rearing,93791,93749,93791,42
grooming,93964,93791,93964,173
scratching,94046,93964,94046,82
sniffing,94069,94046,94069,23
stepping,94070,94069,94070,1
rearing,94194,94070,94194,124
hunching,94245,94194,94245,51
rearing,94267,94245,94267,22
hunching,94273,94267,94273,6
rising,94301,94273,94301,28
sniffing,94324,94301,94324,23
stepping,94341,94324,94341,17
sniffing,94422,94341,94422,81
walking,94423,94422,94423,1
trotting,94467,94423,94467,44
walking,94535,94467,94535,68
stepping,94550,94535,94550,15
left_turning,94593,94550,94593,43
walking,94651,94593,94651,58
stepping,94662,94651,94662,11
rearing,94695,94662,94695,33
sniffing,94735,94695,94735,40
rising,94756,94735,94756,21
rearing,94780,94756,94780,24
grooming,94867,94780,94867,87
sniffing,94922,94867,94922,55
walking,94969,94922,94969,47
stepping,94990,94969,94990,21
sniffing,95046,94990,95046,56
walking,95091,95046,95091,45
sniffing,95180,95091,95180,89
walking,95203,95180,95203,23
rearing,95297,95203,95297,94
stepping,95334,95297,95334,37
rising,95361,95334,95361,27
sniffing,95426,95361,95426,65
rearing,95519,95426,95519,93
climbing,95549,95519,95549,30
sniffing,95572,95549,95572,23
stepping,95597,95572,95597,25
walking,95632,95597,95632,35
sniffing,95684,95632,95684,52
grooming,96184,95684,96184,500
left_turning,96206,96184,96206,22
sniffing,96208,96206,96208,2
walking,96278,96208,96278,70
climbing,96361,96278,96361,83
rearing,96463,96361,96463,102
climbing,96480,96463,96480,17
rising,96507,96480,96507,27
grooming,96508,96507,96508,1
sniffing,96530,96508,96530,22
climbing,96642,96530,96642,112
grooming,96643,96642,96643,1
rearing,96680,96643,96680,37
sniffing,96681,96680,96681,1
stepping,96710,96681,96710,29
climbing,96757,96710,96757,47
walking,96800,96757,96800,43
sniffing,96801,96800,96801,1
left_turning,96876,96801,96876,75
sniffing,96877,96876,96877,1
walking,96926,96877,96926,49
stepping,96933,96926,96933,7
rearing,96964,96933,96964,31
left_turning,97003,96964,97003,39
hunching,97038,97003,97038,35
rising,97042,97038,97042,4
stepping,97043,97042,97043,1
walking,97104,97043,97104,61
sniffing,97109,97104,97109,5
stepping,97134,97109,97134,25
grooming,97235,97134,97235,101
scratching,97333,97235,97333,98
sniffing,97334,97333,97334,1
rising,97363,97334,97363,29
sniffing,97441,97363,97441,78
rising,97442,97441,97442,1
rearing,97456,97442,97456,14
climbing,97492,97456,97492,36
rearing,97535,97492,97535,43
rising,97565,97535,97565,30
rearing,97632,97565,97632,67
stepping,97673,97632,97673,41
rearing,97701,97673,97701,28
climbing,97712,97701,97712,11
trotting,97713,97712,97713,1
sniffing,97761,97713,97761,48
rising,97762,97761,97762,1
walking,97781,97762,97781,19
stepping,97799,97781,97799,18
rearing,97897,97799,97897,98
stepping,97918,97897,97918,21
climbing,97977,97918,97977,59
grooming,97978,97977,97978,1
hunching,98139,97978,98139,161
rearing,98214,98139,98214,75
hunching,98248,98214,98248,34
left_turning,98367,98248,98367,119
sniffing,98448,98367,98448,81
rearing,98493,98448,98493,45
grooming,98622,98493,98622,129
sniffing,98623,98622,98623,1
rising,98670,98623,98670,47
climbing,98713,98670,98713,43
sniffing,98862,98713,98862,149
walking,98900,98862,98900,38
sniffing,99085,98900,99085,185
rising,99163,99085,99163,78
sniffing,99279,99163,99279,116
stepping,99316,99279,99316,37
sniffing,99373,99316,99373,57
walking,99410,99373,99410,37
trotting,99421,99410,99421,11
climbing,99436,99421,99436,15
sniffing,99437,99436,99437,1
stepping,99493,99437,99493,56
rising,99562,99493,99562,69
left_turning,99563,99562,99563,1
sniffing,99595,99563,99595,32
walking,99630,99595,99630,35
sniffing,99664,99630,99664,34
rising,99697,99664,99697,33
sniffing,99798,99697,99798,101
walking,99817,99798,99817,19
sniffing,99841,99817,99841,24
walking,99910,99841,99910,69
climbing,99913,99910,99913,3
trotting,99937,99913,99937,24
sniffing,99951,99937,99951,14
rising,99979,99951,99979,28
rearing,100061,99979,100061,82
rising,100139,100061,100139,78
rearing,100236,100139,100236,97
grooming,100622,100236,100622,386
hunching,100671,100622,100671,49
grooming,100752,100671,100752,81
left_turning,100753,100752,100753,1
trotting,100809,100753,100809,56
sniffing,100814,100809,100814,5
rising,100815,100814,100815,1
climbing,100905,100815,100905,90
grooming,100980,100905,100980,75
walking,100981,100980,100981,1
stepping,100991,100981,100991,10
sniffing,101038,100991,101038,47
right_turning,101039,101038,101039,1
climbing,101051,101039,101051,12
sniffing,101106,101051,101106,55
left_turning,101267,101106,101267,161
trotting,101268,101267,101268,1
stepping,101323,101268,101323,55
sniffing,101431,101323,101431,108
rearing,101432,101431,101432,1
hunching,101518,101432,101518,86
left_turning,101519,101518,101519,1
sniffing,101595,101519,101595,76
hunching,101688,101595,101688,93
grooming,101804,101688,101804,116
sniffing,101815,101804,101815,11
walking,101852,101815,101852,37
stepping,101899,101852,101899,47
walking,101927,101899,101927,28
sniffing,102071,101927,102071,144
rising,102072,102071,102072,1
left_turning,102092,102072,102092,20
sniffing,102093,102092,102093,1
left_turning,102126,102093,102126,33
grooming,102465,102126,102465,339
rearing,102520,102465,102520,55
rising,102557,102520,102557,37
rearing,102558,102557,102558,1
grooming,102660,102558,102660,102
walking,102669,102660,102669,9
rising,102670,102669,102670,1
sniffing,102707,102670,102707,37
stepping,102757,102707,102757,50
sniffing,102789,102757,102789,32
grooming,102864,102789,102864,75
rising,102879,102864,102879,15
climbing,102941,102879,102941,62
rearing,102942,102941,102942,1
grooming,102943,102942,102943,1
hunching,103008,102943,103008,65
grooming,103009,103008,103009,1
climbing,103048,103009,103048,39
grooming,103049,103048,103049,1
sniffing,103322,103049,103322,273
left_turning,103407,103322,103407,85
grooming,103639,103407,103639,232
left_turning,103719,103639,103719,80
walking,103727,103719,103727,8
sniffing,103757,103727,103757,30
rising,103799,103757,103799,42
grooming,103921,103799,103921,122
hunching,103942,103921,103942,21
rearing,104015,103942,104015,73
rising,104022,104015,104022,7
rearing,104023,104022,104023,1
grooming,104024,104023,104024,1
hunching,104025,104024,104025,1
grooming,104164,104025,104164,139
sniffing,104241,104164,104241,77
stepping,104242,104241,104242,1
rising,104349,104242,104349,107
sniffing,104359,104349,104359,10
grooming,104407,104359,104407,48
sniffing,104470,104407,104470,63
left_turning,104484,104470,104484,14
walking,104523,104484,104523,39
sniffing,104587,104523,104587,64
rearing,104813,104587,104813,226
grooming,104814,104813,104814,1
rearing,104887,104814,104887,73
hunching,105035,104887,105035,148
grooming,105223,105035,105223,188
rearing,105269,105223,105269,46
rising,105308,105269,105308,39
walking,105325,105308,105325,17
stepping,105353,105325,105353,28
sniffing,105407,105353,105407,54
stepping,105435,105407,105435,28
rising,105457,105435,105457,22
rearing,105527,105457,105527,70
stepping,105552,105527,105552,25
grooming,105553,105552,105553,1
climbing,105600,105553,105600,47
trotting,105618,105600,105618,18
running,105644,105618,105644,26
stepping,105693,105644,105693,49
sniffing,105818,105693,105818,125
hunching,105845,105818,105845,27
rearing,105936,105845,105936,91
climbing,105981,105936,105981,45
running,106002,105981,106002,21
sniffing,106058,106002,106058,56
grooming,106674,106058,106674,616
rearing,106716,106674,106716,42
stepping,106745,106716,106745,29
sniffing,106779,106745,106779,34
left_turning,106808,106779,106808,29
walking,106829,106808,106829,21
sniffing,106957,106829,106957,128
grooming,107068,106957,107068,111
stepping,107122,107068,107122,54
rising,107221,107122,107221,99
climbing,107259,107221,107259,38
grooming,107340,107259,107340,81
rearing,107367,107340,107367,27
hunching,107409,107367,107409,42
left_turning,107420,107409,107420,11
running,107431,107420,107431,11
rising,107433,107431,107433,2
climbing,107476,107433,107476,43
grooming,107477,107476,107477,1
hunching,107563,107477,107563,86
rearing,107751,107563,107751,188
grooming,107752,107751,107752,1
rearing,107910,107752,107910,158
climbing,107964,107910,107964,54
grooming,107965,107964,107965,1
rising,107980,107965,107980,15
rearing,107994,107980,107994,14
grooming,108000,107994,108000,6
