revised_movement_label,segBoundary,segBoundary_start,segBoundary_end,length
right_turning,3,0,3,3
walking,50,3,50,47
sniffing,51,50,51,1
rising,52,51,52,1
stepping,78,52,78,26
walking,103,78,103,25
rising,104,103,104,1
walking,141,104,141,37
rearing,234,141,234,93
walking,235,234,235,1
sniffing,312,235,312,77
stepping,349,312,349,37
walking,411,349,411,62
sniffing,487,411,487,76
left_turning,511,487,511,24
sniffing,536,511,536,25
walking,546,536,546,10
rising,613,546,613,67
sniffing,658,613,658,45
grooming,793,658,793,135
sniffing,794,793,794,1
walking,831,794,831,37
sniffing,871,831,871,40
rising,885,871,885,14
rearing,962,885,962,77
left_turning,988,962,988,26
walking,989,988,989,1
stepping,999,989,999,10
rising,1082,999,1082,83
grooming,1533,1082,1533,451
walking,1548,1533,1548,15
trotting,1558,1548,1558,10
stepping,1598,1558,1598,40
walking,1599,1598,1599,1
stepping,1600,1599,1600,1
left_turning,1617,1600,1617,17
rising,1620,1617,1620,3
walking,1656,1620,1656,36
trotting,1676,1656,1676,20
walking,1706,1676,1706,30
sniffing,1719,1706,1719,13
walking,1742,1719,1742,23
sniffing,1769,1742,1769,27
rising,1897,1769,1897,128
stepping,1924,1897,1924,27
left_turning,1934,1924,1934,10
walking,1964,1934,1964,30
trotting,1984,1964,1984,20
rising,2042,1984,2042,58
rearing,2081,2042,2081,39
walking,2082,2081,2082,1
sniffing,2083,2082,2083,1
stepping,2123,2083,2123,40
sniffing,2197,2123,2197,74
grooming,2198,2197,2198,1
sniffing,2199,2198,2199,1
stepping,2200,2199,2200,1
trotting,2232,2200,2232,32
walking,2276,2232,2276,44
sniffing,2313,2276,2313,37
walking,2332,2313,2332,19
sniffing,2333,2332,2333,1
rising,2400,2333,2400,67
stepping,2410,2400,2410,10
sniffing,2497,2410,2497,87
rising,2498,2497,2498,1
sniffing,2502,2498,2502,4
scratching,2531,2502,2531,29
sniffing,2570,2531,2570,39
grooming,2942,2570,2942,372
running,2977,2942,2977,35
trotting,2986,2977,2986,9
climbing,3017,2986,3017,31
grooming,3018,3017,3018,1
left_turning,3020,3018,3020,2
sniffing,3040,3020,3040,20
grooming,3204,3040,3204,164
rising,3205,3204,3205,1
rearing,3274,3205,3274,69
grooming,3326,3274,3326,52
hunching,3350,3326,3350,24
grooming,3685,3350,3685,335
hunching,3727,3685,3727,42
grooming,3728,3727,3728,1
sniffing,3769,3728,3769,41
walking,3810,3769,3810,41
sniffing,3853,3810,3853,43
rising,3893,3853,3893,40
grooming,3997,3893,3997,104
left_turning,4032,3997,4032,35
grooming,4077,4032,4077,45
sniffing,4112,4077,4112,35
stepping,4141,4112,4141,29
rearing,4162,4141,4162,21
rising,4196,4162,4196,34
sniffing,4261,4196,4261,65
grooming,4323,4261,4323,62
right_turning,4355,4323,4355,32
sniffing,4375,4355,4375,20
left_turning,4376,4375,4376,1
sniffing,4420,4376,4420,44
right_turning,4442,4420,4442,22
walking,4500,4442,4500,58
sniffing,4541,4500,4541,41
rearing,4575,4541,4575,34
grooming,4598,4575,4598,23
walking,4599,4598,4599,1
stepping,4600,4599,4600,1
sniffing,4615,4600,4615,15
walking,4653,4615,4653,38
sniffing,4688,4653,4688,35
stepping,4714,4688,4714,26
sniffing,4715,4714,4715,1
rising,4834,4715,4834,119
climbing,4850,4834,4850,16
rearing,4851,4850,4851,1
grooming,4929,4851,4929,78
hunching,4930,4929,4930,1
grooming,5001,4930,5001,71
rearing,5025,5001,5025,24
stepping,5046,5025,5046,21
trotting,5065,5046,5065,19
walking,5112,5065,5112,47
sniffing,5186,5112,5186,74
stepping,5229,5186,5229,43
sniffing,5230,5229,5230,1
grooming,5384,5230,5384,154
stepping,5394,5384,5394,10
sniffing,5395,5394,5395,1
grooming,5461,5395,5461,66
right_turning,5487,5461,5487,26
trotting,5503,5487,5503,16
walking,5504,5503,5504,1
stepping,5544,5504,5544,40
walking,5571,5544,5571,27
rising,5572,5571,5572,1
grooming,5785,5572,5785,213
hunching,5846,5785,5846,61
grooming,5912,5846,5912,66
walking,5980,5912,5980,68
sniffing,6028,5980,6028,48
walking,6045,6028,6045,17
sniffing,6133,6045,6133,88
rising,6310,6133,6310,177
grooming,7077,6310,7077,767
left_turning,7083,7077,7083,6
stepping,7092,7083,7092,9
trotting,7110,7092,7110,18
sniffing,7114,7110,7114,4
rising,7135,7114,7135,21
grooming,7225,7135,7225,90
rising,7254,7225,7254,29
stepping,7283,7254,7283,29
sniffing,7322,7283,7322,39
climbing,7352,7322,7352,30
grooming,7403,7352,7403,51
walking,7447,7403,7447,44
stepping,7457,7447,7457,10
sniffing,7528,7457,7528,71
stepping,7529,7528,7529,1
walking,7577,7529,7577,48
trotting,7601,7577,7601,24
walking,7641,7601,7641,40
trotting,7653,7641,7653,12
running,7680,7653,7680,27
walking,7716,7680,7716,36
sniffing,7754,7716,7754,38
hunching,7781,7754,7781,27
rising,7782,7781,7782,1
climbing,7832,7782,7832,50
hunching,7904,7832,7904,72
stepping,7928,7904,7928,24
running,7962,7928,7962,34
trotting,7967,7962,7967,5
stepping,7975,7967,7975,8
sniffing,8108,7975,8108,133
left_turning,8121,8108,8121,13
trotting,8141,8121,8141,20
stepping,8168,8141,8168,27
rising,8169,8168,8169,1
rearing,8254,8169,8254,85
rising,8308,8254,8308,54
rearing,8327,8308,8327,19
left_turning,8358,8327,8358,31
walking,8359,8358,8359,1
sniffing,8360,8359,8360,1
walking,8385,8360,8385,25
sniffing,8390,8385,8390,5
stepping,8432,8390,8432,42
rising,8433,8432,8433,1
stepping,8453,8433,8453,20
walking,8472,8453,8472,19
sniffing,8473,8472,8473,1
grooming,8512,8473,8512,39
rising,8513,8512,8513,1
rearing,8664,8513,8664,151
walking,8762,8664,8762,98
rising,8816,8762,8816,54
sniffing,8843,8816,8843,27
climbing,8870,8843,8870,27
sniffing,8871,8870,8871,1
left_turning,8900,8871,8900,29
sniffing,8901,8900,8901,1
rising,8952,8901,8952,51
grooming,9000,8952,9000,48
hunching,9041,9000,9041,41
rising,9096,9041,9096,55
hunching,9153,9096,9153,57
rearing,9250,9153,9250,97
hunching,9358,9250,9358,108
grooming,9942,9358,9942,584
climbing,9975,9942,9975,33
sniffing,9976,9975,9976,1
stepping,10020,9976,10020,44
walking,10066,10020,10066,46
rearing,10154,10066,10154,88
grooming,10155,10154,10155,1
rising,10233,10155,10233,78
grooming,10368,10233,10368,135
climbing,10369,10368,10369,1
sniffing,10416,10369,10416,47
walking,10442,10416,10442,26
sniffing,10517,10442,10517,75
trotting,10542,10517,10542,25
running,10561,10542,10561,19
walking,10582,10561,10582,21
sniffing,10626,10582,10626,44
grooming,11052,10626,11052,426
walking,11063,11052,11063,11
right_turning,11082,11063,11082,19
rearing,11133,11082,11133,51
grooming,11351,11133,11351,218
rearing,11502,11351,11502,151
walking,11523,11502,11523,21
sniffing,11555,11523,11555,32
running,11588,11555,11588,33
rearing,11664,11588,11664,76
climbing,11682,11664,11682,18
walking,11730,11682,11730,48
stepping,11740,11730,11740,10
walking,11749,11740,11749,9
rising,11812,11749,11812,63
stepping,11839,11812,11839,27
sniffing,11840,11839,11840,1
rearing,11896,11840,11896,56
climbing,11954,11896,11954,58
left_turning,11973,11954,11973,19
trotting,11978,11973,11978,5
sniffing,11988,11978,11988,10
stepping,11989,11988,11989,1
left_turning,12035,11989,12035,46
trotting,12108,12035,12108,73
stepping,12165,12108,12165,57
grooming,12280,12165,12280,115
left_turning,12305,12280,12305,25
running,12328,12305,12328,23
trotting,12365,12328,12365,37
grooming,12366,12365,12366,1
sniffing,12376,12366,12376,10
right_turning,12397,12376,12397,21
sniffing,12443,12397,12443,46
grooming,12943,12443,12943,500
walking,12960,12943,12960,17
grooming,12961,12960,12961,1
sniffing,12962,12961,12962,1
walking,12982,12962,12982,20
rising,12983,12982,12983,1
climbing,13072,12983,13072,89
grooming,13201,13072,13201,129
sniffing,13278,13201,13278,77
rearing,13279,13278,13279,1
hunching,13448,13279,13448,169
right_turning,13460,13448,13460,12
sniffing,13501,13460,13501,41
rearing,13547,13501,13547,46
climbing,13627,13547,13627,80
left_turning,13650,13627,13650,23
running,13681,13650,13681,31
stepping,13701,13681,13701,20
walking,13702,13701,13702,1
grooming,14404,13702,14404,702
scratching,14450,14404,14450,46
rising,14486,14450,14486,36
sniffing,14506,14486,14506,20
walking,14533,14506,14533,27
rising,14540,14533,14540,7
hunching,14553,14540,14553,13
left_turning,14585,14553,14585,32
running,14603,14585,14603,18
stepping,14613,14603,14613,10
rising,14614,14613,14614,1
rearing,14634,14614,14634,20
climbing,14686,14634,14686,52
grooming,15226,14686,15226,540
sniffing,15237,15226,15237,11
left_turning,15245,15237,15245,8
running,15281,15245,15281,36
walking,15318,15281,15318,37
trotting,15345,15318,15345,27
running,15387,15345,15387,42
rearing,15427,15387,15427,40
grooming,16552,15427,16552,1125
stepping,16594,16552,16594,42
grooming,16921,16594,16921,327
hunching,16955,16921,16955,34
grooming,16993,16955,16993,38
rearing,17100,16993,17100,107
climbing,17151,17100,17151,51
grooming,17875,17151,17875,724
sniffing,17924,17875,17924,49
stepping,17949,17924,17949,25
trotting,17963,17949,17963,14
walking,17982,17963,17982,19
trotting,17998,17982,17998,16
walking,18019,17998,18019,21
stepping,18042,18019,18042,23
walking,18074,18042,18074,32
grooming,18222,18074,18222,148
left_turning,18242,18222,18242,20
trotting,18262,18242,18262,20
sniffing,18359,18262,18359,97
stepping,18373,18359,18373,14
sniffing,18463,18373,18463,90
stepping,18530,18463,18530,67
climbing,18598,18530,18598,68
grooming,18677,18598,18677,79
sniffing,18735,18677,18735,58
trotting,18785,18735,18785,50
running,18793,18785,18793,8
sniffing,18801,18793,18801,8
hunching,18825,18801,18825,24
trotting,18873,18825,18873,48
sniffing,18875,18873,18875,2
grooming,18997,18875,18997,122
hunching,19002,18997,19002,5
grooming,19136,19002,19136,134
hunching,19137,19136,19137,1
rising,19165,19137,19165,28
climbing,19245,19165,19245,80
rearing,19301,19245,19301,56
walking,19302,19301,19302,1
stepping,19324,19302,19324,22
walking,19348,19324,19348,24
sniffing,19349,19348,19349,1
rearing,19357,19349,19357,8
hunching,19409,19357,19409,52
rearing,19467,19409,19467,58
walking,19491,19467,19491,24
sniffing,19531,19491,19531,40
walking,19547,19531,19547,16
grooming,19548,19547,19548,1
rearing,19698,19548,19698,150
grooming,19737,19698,19737,39
stepping,19803,19737,19803,66
grooming,19990,19803,19990,187
walking,19991,19990,19991,1
rising,19992,19991,19992,1
climbing,20024,19992,20024,32
rearing,20025,20024,20025,1
grooming,20237,20025,20237,212
rearing,20388,20237,20388,151
walking,20445,20388,20445,57
rising,20447,20445,20447,2
grooming,20857,20447,20857,410
sniffing,20868,20857,20868,11
rearing,20869,20868,20869,1
climbing,20890,20869,20890,21
stepping,20945,20890,20945,55
walking,20979,20945,20979,34
rising,20980,20979,20980,1
stepping,21012,20980,21012,32
sniffing,21134,21012,21134,122
rising,21139,21134,21139,5
sniffing,21159,21139,21159,20
grooming,21160,21159,21160,1
hunching,21312,21160,21312,152
sniffing,21317,21312,21317,5
stepping,21353,21317,21353,36
sniffing,21458,21353,21458,105
walking,21461,21458,21461,3
stepping,21514,21461,21514,53
walking,21552,21514,21552,38
trotting,21568,21552,21568,16
walking,21569,21568,21569,1
running,21617,21569,21617,48
stepping,21618,21617,21618,1
rising,21637,21618,21637,19
left_turning,21638,21637,21638,1
sniffing,21725,21638,21725,87
right_turning,21727,21725,21727,2
sniffing,21811,21727,21811,84
rising,21816,21811,21816,5
sniffing,21857,21816,21857,41
walking,21880,21857,21880,23
grooming,22238,21880,22238,358
stepping,22240,22238,22240,2
rising,22300,22240,22300,60
stepping,22316,22300,22316,16
rising,22360,22316,22360,44
stepping,22399,22360,22399,39
sniffing,22400,22399,22400,1
grooming,22580,22400,22580,180
left_turning,22603,22580,22603,23
stepping,22641,22603,22641,38
sniffing,22686,22641,22686,45
rising,22687,22686,22687,1
rearing,22697,22687,22697,10
rising,22742,22697,22742,45
climbing,22764,22742,22764,22
stepping,22786,22764,22786,22
sniffing,22787,22786,22787,1
stepping,22805,22787,22805,18
sniffing,22883,22805,22883,78
right_turning,22903,22883,22903,20
walking,22938,22903,22938,35
sniffing,23006,22938,23006,68
hunching,23048,23006,23048,42
grooming,23049,23048,23049,1
rising,23058,23049,23058,9
sniffing,23087,23058,23087,29
stepping,23112,23087,23112,25
rising,23113,23112,23113,1
climbing,23167,23113,23167,54
left_turning,23197,23167,23197,30
grooming,23198,23197,23198,1
hunching,23224,23198,23224,26
grooming,23346,23224,23346,122
rearing,23347,23346,23347,1
rising,23365,23347,23365,18
left_turning,23390,23365,23390,25
sniffing,23478,23390,23478,88
right_turning,23500,23478,23500,22
grooming,23764,23500,23764,264
left_turning,23773,23764,23773,9
stepping,23800,23773,23800,27
rising,23829,23800,23829,29
grooming,23842,23829,23842,13
rearing,23868,23842,23868,26
grooming,23869,23868,23869,1
rising,23891,23869,23891,22
rearing,23938,23891,23938,47
hunching,24037,23938,24037,99
grooming,24169,24037,24169,132
rearing,24237,24169,24237,68
sniffing,24281,24237,24281,44
rising,24398,24281,24398,117
climbing,24452,24398,24452,54
stepping,24456,24452,24456,4
walking,24473,24456,24473,17
sniffing,24474,24473,24474,1
trotting,24496,24474,24496,22
rising,24505,24496,24505,9
sniffing,24506,24505,24506,1
stepping,24580,24506,24580,74
sniffing,24639,24580,24639,59
walking,24691,24639,24691,52
trotting,24715,24691,24715,24
running,24758,24715,24758,43
rising,24801,24758,24801,43
sniffing,24842,24801,24842,41
rising,24887,24842,24887,45
stepping,24915,24887,24915,28
walking,24929,24915,24929,14
right_turning,24935,24929,24935,6
walking,24958,24935,24958,23
stepping,24959,24958,24959,1
climbing,25032,24959,25032,73
grooming,25053,25032,25053,21
hunching,25167,25053,25167,114
rearing,25168,25167,25168,1
rising,25207,25168,25207,39
walking,25233,25207,25233,26
sniffing,25288,25233,25288,55
left_turning,25321,25288,25321,33
sniffing,25386,25321,25386,65
left_turning,25411,25386,25411,25
rising,25412,25411,25412,1
trotting,25430,25412,25430,18
climbing,25442,25430,25442,12
left_turning,25467,25442,25467,25
trotting,25502,25467,25502,35
sniffing,25556,25502,25556,54
stepping,25590,25556,25590,34
grooming,25591,25590,25591,1
stepping,25613,25591,25613,22
sniffing,25645,25613,25645,32
stepping,25649,25645,25649,4
walking,25663,25649,25663,14
sniffing,25692,25663,25692,29
right_turning,25702,25692,25702,10
stepping,25739,25702,25739,37
sniffing,25825,25739,25825,86
rising,25826,25825,25826,1
grooming,25915,25826,25915,89
rearing,25962,25915,25962,47
grooming,26034,25962,26034,72
rearing,26361,26034,26361,327
grooming,26640,26361,26640,279
left_turning,26660,26640,26660,20
sniffing,26661,26660,26661,1
grooming,26930,26661,26930,269
rearing,26956,26930,26956,26
grooming,27095,26956,27095,139
walking,27096,27095,27096,1
sniffing,27104,27096,27104,8
running,27131,27104,27131,27
stepping,27132,27131,27132,1
sniffing,27149,27132,27149,17
stepping,27169,27149,27169,20
walking,27179,27169,27179,10
rising,27200,27179,27200,21
grooming,27201,27200,27201,1
rising,27202,27201,27202,1
grooming,27239,27202,27239,37
left_turning,27324,27239,27324,85
scratching,27501,27324,27501,177
grooming,27683,27501,27683,182
running,27703,27683,27703,20
right_turning,27717,27703,27717,14
walking,27730,27717,27730,13
stepping,27757,27730,27757,27
climbing,27824,27757,27824,67
walking,27828,27824,27828,4
sniffing,27829,27828,27829,1
rising,27929,27829,27929,100
stepping,27945,27929,27945,16
grooming,28227,27945,28227,282
walking,28273,28227,28273,46
trotting,28307,28273,28307,34
stepping,28360,28307,28360,53
rising,28475,28360,28475,115
rearing,28476,28475,28476,1
climbing,28536,28476,28536,60
sniffing,28552,28536,28552,16
stepping,28584,28552,28584,32
trotting,28612,28584,28612,28
sniffing,28712,28612,28712,100
stepping,28792,28712,28792,80
climbing,28854,28792,28854,62
rising,28966,28854,28966,112
grooming,29149,28966,29149,183
rearing,29163,29149,29163,14
grooming,29367,29163,29367,204
rearing,29368,29367,29368,1
left_turning,29424,29368,29424,56
sniffing,29425,29424,29425,1
stepping,29456,29425,29456,31
walking,29485,29456,29485,29
sniffing,29486,29485,29486,1
climbing,29494,29486,29494,8
walking,29505,29494,29505,11
grooming,29632,29505,29632,127
climbing,29680,29632,29680,48
rearing,29741,29680,29741,61
left_turning,29841,29741,29841,100
hunching,29842,29841,29842,1
grooming,29868,29842,29868,26
sniffing,29869,29868,29869,1
left_turning,29889,29869,29889,20
grooming,30894,29889,30894,1005
hunching,30905,30894,30905,11
grooming,31061,30905,31061,156
rising,31065,31061,31065,4
left_turning,31087,31065,31087,22
rearing,31173,31087,31173,86
climbing,31212,31173,31212,39
grooming,31239,31212,31239,27
left_turning,31240,31239,31240,1
grooming,31241,31240,31241,1
hunching,31242,31241,31242,1
rearing,31294,31242,31294,52
left_turning,31295,31294,31295,1
running,31296,31295,31296,1
rising,31315,31296,31315,19
stepping,31316,31315,31316,1
sniffing,31397,31316,31397,81
stepping,31432,31397,31432,35
rising,31440,31432,31440,8
climbing,31470,31440,31470,30
stepping,31505,31470,31505,35
rising,31574,31505,31574,69
climbing,31638,31574,31638,64
left_turning,31665,31638,31665,27
trotting,31711,31665,31711,46
sniffing,31722,31711,31722,11
stepping,31758,31722,31758,36
right_turning,31789,31758,31789,31
stepping,31803,31789,31803,14
left_turning,31837,31803,31837,34
trotting,31861,31837,31861,24
sniffing,31933,31861,31933,72
walking,31935,31933,31935,2
sniffing,32056,31935,32056,121
climbing,32114,32056,32114,58
right_turning,32153,32114,32153,39
sniffing,32197,32153,32197,44
climbing,32236,32197,32236,39
left_turning,32238,32236,32238,2
stepping,32264,32238,32264,26
grooming,32265,32264,32265,1
hunching,32266,32265,32266,1
rearing,32322,32266,32322,56
stepping,32331,32322,32331,9
trotting,32365,32331,32365,34
walking,32379,32365,32379,14
sniffing,32453,32379,32453,74
grooming,32678,32453,32678,225
rearing,32724,32678,32724,46
rising,32783,32724,32783,59
hunching,32832,32783,32832,49
rearing,32833,32832,32833,1
rising,32858,32833,32858,25
stepping,32866,32858,32866,8
trotting,32879,32866,32879,13
running,32894,32879,32894,15
stepping,32905,32894,32905,11
climbing,32994,32905,32994,89
grooming,32995,32994,32995,1
rearing,33128,32995,33128,133
hunching,33218,33128,33218,90
grooming,33648,33218,33648,430
walking,33665,33648,33665,17
trotting,33691,33665,33691,26
sniffing,33728,33691,33728,37
rising,33729,33728,33729,1
climbing,33784,33729,33784,55
walking,33795,33784,33795,11
stepping,33814,33795,33814,19
sniffing,33815,33814,33815,1
grooming,34140,33815,34140,325
sniffing,34194,34140,34194,54
left_turning,34219,34194,34219,25
stepping,34252,34219,34252,33
left_turning,34267,34252,34267,15
rising,34312,34267,34312,45
walking,34349,34312,34349,37
left_turning,34396,34349,34396,47
grooming,34470,34396,34470,74
left_turning,34546,34470,34546,76
grooming,34547,34546,34547,1
climbing,34559,34547,34559,12
grooming,34560,34559,34560,1
hunching,34566,34560,34566,6
sniffing,34622,34566,34622,56
grooming,35091,34622,35091,469
rising,35118,35091,35118,27
rearing,35174,35118,35174,56
climbing,35226,35174,35226,52
walking,35238,35226,35238,12
rising,35251,35238,35251,13
walking,35263,35251,35263,12
rising,35291,35263,35291,28
left_turning,35323,35291,35323,32
sniffing,35388,35323,35388,65
stepping,35438,35388,35438,50
walking,35439,35438,35439,1
sniffing,35482,35439,35482,43
left_turning,35513,35482,35513,31
stepping,35527,35513,35527,14
sniffing,35681,35527,35681,154
walking,35707,35681,35707,26
grooming,35909,35707,35909,202
walking,35933,35909,35933,24
sniffing,35992,35933,35992,59
stepping,36066,35992,36066,74
sniffing,36081,36066,36081,15
rising,36117,36081,36117,36
hunching,36183,36117,36183,66
rearing,36184,36183,36184,1
left_turning,36219,36184,36219,35
walking,36234,36219,36234,15
sniffing,36235,36234,36235,1
grooming,36329,36235,36329,94
walking,36375,36329,36375,46
stepping,36394,36375,36394,19
rising,36569,36394,36569,175
rearing,36683,36569,36683,114
climbing,36689,36683,36689,6
left_turning,36690,36689,36690,1
hunching,36691,36690,36691,1
rearing,36773,36691,36773,82
walking,36774,36773,36774,1
stepping,36797,36774,36797,23
sniffing,36846,36797,36846,49
rearing,36935,36846,36935,89
running,36957,36935,36957,22
stepping,36965,36957,36965,8
walking,37013,36965,37013,48
sniffing,37036,37013,37036,23
grooming,37164,37036,37164,128
rearing,37165,37164,37165,1
grooming,37559,37165,37559,394
left_turning,37606,37559,37606,47
walking,37627,37606,37627,21
sniffing,37652,37627,37652,25
trotting,37671,37652,37671,19
walking,37687,37671,37687,16
stepping,37722,37687,37722,35
grooming,38076,37722,38076,354
sniffing,38089,38076,38089,13
left_turning,38110,38089,38110,21
grooming,38111,38110,38111,1
sniffing,38130,38111,38130,19
rising,38131,38130,38131,1
hunching,38132,38131,38132,1
grooming,38395,38132,38395,263
rearing,38492,38395,38492,97
grooming,38644,38492,38644,152
hunching,38675,38644,38675,31
sniffing,38708,38675,38708,33
grooming,38717,38708,38717,9
rearing,38777,38717,38777,60
climbing,38847,38777,38847,70
trotting,38862,38847,38862,15
walking,38885,38862,38885,23
rising,38922,38885,38922,37
left_turning,38927,38922,38927,5
hunching,38932,38927,38932,5
climbing,39017,38932,39017,85
stepping,39048,39017,39048,31
grooming,39094,39048,39094,46
hunching,39157,39094,39157,63
grooming,39158,39157,39158,1
left_turning,39159,39158,39159,1
sniffing,39262,39159,39262,103
grooming,39334,39262,39334,72
sniffing,39335,39334,39335,1
climbing,39392,39335,39392,57
left_turning,39443,39392,39443,51
sniffing,39444,39443,39444,1
grooming,39622,39444,39622,178
rearing,39696,39622,39696,74
sniffing,39819,39696,39819,123
rising,39832,39819,39832,13
rearing,39833,39832,39833,1
right_turning,39845,39833,39845,12
running,39846,39845,39846,1
stepping,39847,39846,39847,1
walking,39871,39847,39871,24
sniffing,39916,39871,39916,45
grooming,39917,39916,39917,1
rearing,39918,39917,39918,1
grooming,39919,39918,39919,1
hunching,39980,39919,39980,61
grooming,40372,39980,40372,392
rearing,40415,40372,40415,43
hunching,40539,40415,40539,124
sniffing,40562,40539,40562,23
stepping,40594,40562,40594,32
rearing,40654,40594,40654,60
hunching,40690,40654,40690,36
climbing,40725,40690,40725,35
running,40751,40725,40751,26
climbing,40788,40751,40788,37
sniffing,40819,40788,40819,31
walking,40836,40819,40836,17
stepping,40837,40836,40837,1
walking,40901,40837,40901,64
sniffing,40902,40901,40902,1
stepping,40943,40902,40943,41
sniffing,40944,40943,40944,1
right_turning,40962,40944,40962,18
stepping,40963,40962,40963,1
walking,40964,40963,40964,1
stepping,40997,40964,40997,33
walking,41032,40997,41032,35
sniffing,41064,41032,41064,32
rising,41093,41064,41093,29
rearing,41104,41093,41104,11
hunching,41161,41104,41161,57
grooming,41162,41161,41162,1
scratching,41163,41162,41163,1
sniffing,41244,41163,41244,81
grooming,41283,41244,41283,39
left_turning,41329,41283,41329,46
trotting,41331,41329,41331,2
grooming,41476,41331,41476,145
stepping,41523,41476,41523,47
climbing,41575,41523,41575,52
running,41584,41575,41584,9
walking,41587,41584,41587,3
sniffing,41611,41587,41611,24
stepping,41668,41611,41668,57
sniffing,41672,41668,41672,4
rising,41673,41672,41673,1
sniffing,41762,41673,41762,89
rearing,41763,41762,41763,1
climbing,41779,41763,41779,16
grooming,41965,41779,41965,186
running,41979,41965,41979,14
stepping,42004,41979,42004,25
sniffing,42019,42004,42019,15
rising,42055,42019,42055,36
left_turning,42071,42055,42071,16
running,42087,42071,42087,16
stepping,42117,42087,42117,30
grooming,42118,42117,42118,1
sniffing,42210,42118,42210,92
grooming,42211,42210,42211,1
rearing,42212,42211,42212,1
grooming,42213,42212,42213,1
scratching,42279,42213,42279,66
walking,42295,42279,42295,16
sniffing,42296,42295,42296,1
rising,42310,42296,42310,14
climbing,42331,42310,42331,21
left_turning,42363,42331,42363,32
grooming,42364,42363,42364,1
stepping,42377,42364,42377,13
rising,42378,42377,42378,1
hunching,42440,42378,42440,62
rearing,42464,42440,42464,24
running,42466,42464,42466,2
stepping,42470,42466,42470,4
left_turning,42471,42470,42471,1
running,42497,42471,42497,26
stepping,42503,42497,42503,6
walking,42519,42503,42519,16
sniffing,42520,42519,42520,1
grooming,42521,42520,42521,1
sniffing,42561,42521,42561,40
right_turning,42605,42561,42605,44
sniffing,42626,42605,42626,21
grooming,43379,42626,43379,753
rising,43423,43379,43423,44
grooming,43424,43423,43424,1
sniffing,43436,43424,43436,12
walking,43465,43436,43465,29
trotting,43468,43465,43468,3
stepping,43526,43468,43526,58
climbing,43581,43526,43581,55
grooming,43624,43581,43624,43
rearing,43690,43624,43690,66
rising,43691,43690,43691,1
stepping,43747,43691,43747,56
walking,43757,43747,43757,10
stepping,43771,43757,43771,14
climbing,43829,43771,43829,58
left_turning,43830,43829,43830,1
sniffing,43861,43830,43861,31
walking,43862,43861,43862,1
trotting,43897,43862,43897,35
sniffing,43933,43897,43933,36
rising,43970,43933,43970,37
climbing,44029,43970,44029,59
rearing,44101,44029,44101,72
grooming,44260,44101,44260,159
trotting,44315,44260,44315,55
walking,44385,44315,44385,70
stepping,44438,44385,44438,53
rising,44447,44438,44447,9
trotting,44520,44447,44520,73
stepping,44524,44520,44524,4
sniffing,44670,44524,44670,146
grooming,44671,44670,44671,1
climbing,44690,44671,44690,19
left_turning,44779,44690,44779,89
walking,44812,44779,44812,33
stepping,44813,44812,44813,1
grooming,45015,44813,45015,202
stepping,45054,45015,45054,39
climbing,45107,45054,45107,53
walking,45178,45107,45178,71
sniffing,45307,45178,45307,129
left_turning,45343,45307,45343,36
sniffing,45379,45343,45379,36
rising,45453,45379,45453,74
grooming,45546,45453,45546,93
rearing,45685,45546,45685,139
grooming,45817,45685,45817,132
left_turning,45867,45817,45867,50
walking,45883,45867,45883,16
climbing,45908,45883,45908,25
right_turning,45934,45908,45934,26
sniffing,45942,45934,45942,8
climbing,46002,45942,46002,60
right_turning,46013,46002,46013,11
trotting,46051,46013,46051,38
walking,46103,46051,46103,52
sniffing,46119,46103,46119,16
stepping,46142,46119,46142,23
climbing,46220,46142,46220,78
rearing,46251,46220,46251,31
grooming,46379,46251,46379,128
rising,46434,46379,46434,55
grooming,46435,46434,46435,1
rearing,46436,46435,46436,1
right_turning,46466,46436,46466,30
grooming,46676,46466,46676,210
rising,46686,46676,46686,10
rearing,46762,46686,46762,76
hunching,46824,46762,46824,62
grooming,46903,46824,46903,79
rearing,46948,46903,46948,45
right_turning,46954,46948,46954,6
walking,46979,46954,46979,25
climbing,47042,46979,47042,63
left_turning,47067,47042,47067,25
walking,47073,47067,47073,6
sniffing,47097,47073,47097,24
stepping,47119,47097,47119,22
climbing,47159,47119,47159,40
running,47203,47159,47203,44
rising,47215,47203,47215,12
sniffing,47309,47215,47309,94
rising,47313,47309,47313,4
scratching,47459,47313,47459,146
grooming,47460,47459,47460,1
rising,47461,47460,47461,1
sniffing,47584,47461,47584,123
rearing,47681,47584,47681,97
grooming,47825,47681,47825,144
sniffing,47826,47825,47826,1
rearing,47870,47826,47870,44
climbing,47944,47870,47944,74
left_turning,47960,47944,47960,16
sniffing,47961,47960,47961,1
rising,48005,47961,48005,44
stepping,48010,48005,48010,5
sniffing,48045,48010,48045,35
grooming,48046,48045,48046,1
rising,48047,48046,48047,1
climbing,48077,48047,48077,30
right_turning,48107,48077,48107,30
sniffing,48294,48107,48294,187
grooming,48419,48294,48419,125
running,48457,48419,48457,38
sniffing,48462,48457,48462,5
rising,48495,48462,48495,33
climbing,48544,48495,48544,49
rearing,48595,48544,48595,51
sniffing,48679,48595,48679,84
left_turning,48743,48679,48743,64
walking,48782,48743,48782,39
right_turning,48789,48782,48789,7
sniffing,48859,48789,48859,70
walking,48919,48859,48919,60
trotting,48921,48919,48921,2
sniffing,48966,48921,48966,45
walking,48993,48966,48993,27
stepping,48998,48993,48998,5
sniffing,49046,48998,49046,48
walking,49061,49046,49061,15
sniffing,49062,49061,49062,1
grooming,49307,49062,49307,245
rearing,49396,49307,49396,89
grooming,49415,49396,49415,19
sniffing,49416,49415,49416,1
stepping,49460,49416,49460,44
sniffing,49522,49460,49522,62
stepping,49545,49522,49545,23
rising,49628,49545,49628,83
scratching,49646,49628,49646,18
grooming,49723,49646,49723,77
left_turning,49844,49723,49844,121
sniffing,49851,49844,49851,7
left_turning,49852,49851,49852,1
stepping,49868,49852,49868,16
walking,49869,49868,49869,1
stepping,49884,49869,49884,15
rising,49886,49884,49886,2
climbing,49957,49886,49957,71
stepping,49979,49957,49979,22
rising,50156,49979,50156,177
grooming,50233,50156,50233,77
stepping,50260,50233,50260,27
scratching,50329,50260,50329,69
grooming,50330,50329,50330,1
stepping,50434,50330,50434,104
sniffing,50530,50434,50530,96
stepping,50547,50530,50547,17
grooming,50652,50547,50652,105
rising,50683,50652,50683,31
climbing,50727,50683,50727,44
running,50756,50727,50756,29
sniffing,50762,50756,50762,6
grooming,50814,50762,50814,52
hunching,50823,50814,50823,9
grooming,51261,50823,51261,438
rising,51277,51261,51277,16
hunching,51278,51277,51278,1
grooming,52379,51278,52379,1101
stepping,52390,52379,52390,11
sniffing,52504,52390,52504,114
rising,52520,52504,52520,16
jumping,52659,52520,52659,139
left_turning,52749,52659,52749,90
sniffing,52750,52749,52750,1
trotting,52789,52750,52789,39
walking,52806,52789,52806,17
sniffing,52832,52806,52832,26
stepping,52846,52832,52846,14
sniffing,52868,52846,52868,22
right_turning,52882,52868,52882,14
trotting,52917,52882,52917,35
sniffing,52968,52917,52968,51
rising,53005,52968,53005,37
rearing,53117,53005,53117,112
rising,53164,53117,53164,47
climbing,53211,53164,53211,47
stepping,53256,53211,53256,45
walking,53260,53256,53260,4
sniffing,53304,53260,53304,44
walking,53321,53304,53321,17
sniffing,53463,53321,53463,142
rearing,53507,53463,53507,44
grooming,53770,53507,53770,263
hunching,53825,53770,53825,55
trotting,53847,53825,53847,22
walking,53848,53847,53848,1
sniffing,53900,53848,53900,52
grooming,53996,53900,53996,96
sniffing,54005,53996,54005,9
grooming,54019,54005,54019,14
rising,54083,54019,54083,64
rearing,54190,54083,54190,107
stepping,54212,54190,54212,22
climbing,54252,54212,54252,40
running,54281,54252,54281,29
sniffing,54282,54281,54282,1
walking,54284,54282,54284,2
stepping,54304,54284,54304,20
sniffing,54375,54304,54375,71
rearing,54408,54375,54408,33
grooming,54413,54408,54413,5
rearing,54461,54413,54461,48
climbing,54486,54461,54486,25
walking,54530,54486,54530,44
sniffing,54531,54530,54531,1
rearing,54577,54531,54577,46
running,54595,54577,54595,18
rising,54658,54595,54658,63
grooming,54706,54658,54706,48
walking,54761,54706,54761,55
stepping,54762,54761,54762,1
walking,54771,54762,54771,9
stepping,54795,54771,54795,24
climbing,54926,54795,54926,131
rearing,54978,54926,54978,52
hunching,54979,54978,54979,1
grooming,55157,54979,55157,178
climbing,55205,55157,55205,48
grooming,55470,55205,55470,265
rearing,55471,55470,55471,1
rising,55494,55471,55494,23
climbing,55506,55494,55506,12
grooming,55522,55506,55522,16
rearing,55977,55522,55977,455
climbing,56044,55977,56044,67
right_turning,56069,56044,56069,25
walking,56114,56069,56114,45
sniffing,56115,56114,56115,1
rearing,56183,56115,56183,68
climbing,56215,56183,56215,32
grooming,56447,56215,56447,232
rising,56483,56447,56483,36
stepping,56490,56483,56490,7
walking,56513,56490,56513,23
sniffing,56514,56513,56514,1
walking,56545,56514,56545,31
rising,56592,56545,56592,47
grooming,56751,56592,56751,159
sniffing,56759,56751,56759,8
rearing,56816,56759,56816,57
grooming,56817,56816,56817,1
climbing,56846,56817,56846,29
rising,56866,56846,56866,20
sniffing,57011,56866,57011,145
left_turning,57080,57011,57080,69
walking,57086,57080,57086,6
sniffing,57134,57086,57134,48
walking,57157,57134,57157,23
grooming,57158,57157,57158,1
walking,57171,57158,57171,13
sniffing,57232,57171,57232,61
walking,57275,57232,57275,43
trotting,57311,57275,57311,36
stepping,57393,57311,57393,82
rearing,57463,57393,57463,70
climbing,57522,57463,57522,59
trotting,57540,57522,57540,18
walking,57547,57540,57547,7
sniffing,57561,57547,57561,14
stepping,57586,57561,57586,25
grooming,58335,57586,58335,749
sniffing,58360,58335,58360,25
walking,58377,58360,58377,17
rearing,58402,58377,58402,25
grooming,58412,58402,58412,10
climbing,58524,58412,58524,112
stepping,58542,58524,58542,18
sniffing,58610,58542,58610,68
rearing,58634,58610,58634,24
walking,58635,58634,58635,1
stepping,58666,58635,58666,31
rearing,58737,58666,58737,71
walking,58738,58737,58738,1
sniffing,58814,58738,58814,76
rising,58815,58814,58815,1
climbing,58816,58815,58816,1
left_turning,58817,58816,58817,1
grooming,58934,58817,58934,117
sniffing,58935,58934,58935,1
trotting,58963,58935,58963,28
stepping,58975,58963,58975,12
sniffing,59057,58975,59057,82
rearing,59187,59057,59187,130
grooming,59540,59187,59540,353
left_turning,59541,59540,59541,1
walking,59552,59541,59552,11
sniffing,59561,59552,59561,9
grooming,60029,59561,60029,468
sniffing,60104,60029,60104,75
stepping,60139,60104,60139,35
walking,60187,60139,60187,48
sniffing,60208,60187,60208,21
running,60213,60208,60213,5
trotting,60224,60213,60224,11
sniffing,60268,60224,60268,44
right_turning,60286,60268,60286,18
sniffing,60323,60286,60323,37
walking,60380,60323,60380,57
grooming,60632,60380,60632,252
sniffing,60677,60632,60677,45
walking,60690,60677,60690,13
right_turning,60696,60690,60696,6
sniffing,60821,60696,60821,125
rising,61289,60821,61289,468
sniffing,61327,61289,61327,38
left_turning,61328,61327,61328,1
rearing,61413,61328,61413,85
climbing,61483,61413,61483,70
left_turning,61522,61483,61522,39
walking,61523,61522,61523,1
sniffing,61527,61523,61527,4
stepping,61552,61527,61552,25
left_turning,61594,61552,61594,42
trotting,61608,61594,61608,14
rising,61609,61608,61609,1
rearing,61623,61609,61623,14
grooming,61624,61623,61624,1
sniffing,61653,61624,61653,29
rearing,61670,61653,61670,17
hunching,61671,61670,61671,1
grooming,61789,61671,61789,118
sniffing,61800,61789,61800,11
walking,61817,61800,61817,17
rising,61866,61817,61866,49
climbing,61938,61866,61938,72
left_turning,62025,61938,62025,87
sniffing,62148,62025,62148,123
rising,62165,62148,62165,17
right_turning,62210,62165,62210,45
sniffing,62244,62210,62244,34
right_turning,62265,62244,62265,21
walking,62277,62265,62277,12
rising,62297,62277,62297,20
climbing,62309,62297,62309,12
grooming,62640,62309,62640,331
scratching,62641,62640,62641,1
sniffing,62668,62641,62668,27
left_turning,62680,62668,62680,12
grooming,62707,62680,62707,27
sniffing,62760,62707,62760,53
walking,62775,62760,62775,15
rising,62786,62775,62786,11
climbing,62806,62786,62806,20
trotting,62823,62806,62823,17
right_turning,62829,62823,62829,6
grooming,63113,62829,63113,284
walking,63170,63113,63170,57
sniffing,63171,63170,63171,1
grooming,63172,63171,63172,1
hunching,63173,63172,63173,1
rearing,63234,63173,63234,61
walking,63280,63234,63280,46
sniffing,63322,63280,63322,42
walking,63388,63322,63388,66
sniffing,63455,63388,63455,67
grooming,63456,63455,63456,1
hunching,63457,63456,63457,1
rearing,63566,63457,63566,109
grooming,63638,63566,63638,72
rising,63695,63638,63695,57
climbing,63759,63695,63759,64
walking,63794,63759,63794,35
sniffing,63954,63794,63954,160
right_turning,63955,63954,63955,1
walking,64007,63955,64007,52
rearing,64008,64007,64008,1
climbing,64070,64008,64070,62
grooming,64157,64070,64157,87
sniffing,64240,64157,64240,83
left_turning,64262,64240,64262,22
sniffing,64304,64262,64304,42
walking,64305,64304,64305,1
sniffing,64306,64305,64306,1
rearing,64631,64306,64631,325
sniffing,64672,64631,64672,41
grooming,64885,64672,64885,213
hunching,64940,64885,64940,55
rising,64977,64940,64977,37
climbing,64992,64977,64992,15
walking,65013,64992,65013,21
sniffing,65100,65013,65100,87
rising,65101,65100,65101,1
sniffing,65235,65101,65235,134
running,65265,65235,65265,30
walking,65284,65265,65284,19
trotting,65321,65284,65321,37
rearing,65427,65321,65427,106
sniffing,65481,65427,65481,54
stepping,65498,65481,65498,17
sniffing,65594,65498,65594,96
rearing,65658,65594,65658,64
grooming,65659,65658,65659,1
stepping,65660,65659,65660,1
sniffing,65826,65660,65826,166
walking,65847,65826,65847,21
sniffing,65848,65847,65848,1
stepping,65895,65848,65895,47
sniffing,65979,65895,65979,84
stepping,66000,65979,66000,21
sniffing,66056,66000,66056,56
rearing,66116,66056,66116,60
stepping,66174,66116,66174,58
sniffing,66243,66174,66243,69
walking,66275,66243,66275,32
running,66298,66275,66298,23
walking,66299,66298,66299,1
sniffing,66455,66299,66455,156
rising,66462,66455,66462,7
rearing,66550,66462,66550,88
sniffing,66574,66550,66574,24
rising,66615,66574,66615,41
left_turning,66633,66615,66633,18
sniffing,66691,66633,66691,58
stepping,66701,66691,66701,10
sniffing,66769,66701,66769,68
stepping,66796,66769,66796,27
running,66813,66796,66813,17
sniffing,66821,66813,66821,8
grooming,66822,66821,66822,1
hunching,66880,66822,66880,58
rearing,66881,66880,66881,1
grooming,67300,66881,67300,419
rearing,67495,67300,67495,195
grooming,67508,67495,67508,13
rising,67563,67508,67563,55
grooming,67766,67563,67766,203
rearing,67835,67766,67835,69
walking,67870,67835,67870,35
sniffing,67922,67870,67922,52
stepping,67958,67922,67958,36
sniffing,68025,67958,68025,67
stepping,68108,68025,68108,83
rearing,68233,68108,68233,125
walking,68254,68233,68254,21
stepping,68292,68254,68292,38
climbing,68315,68292,68315,23
right_turning,68352,68315,68352,37
climbing,68438,68352,68438,86
rising,68439,68438,68439,1
sniffing,68474,68439,68474,35
stepping,68514,68474,68514,40
left_turning,68538,68514,68538,24
stepping,68552,68538,68552,14
walking,68572,68552,68572,20
stepping,68597,68572,68597,25
sniffing,68675,68597,68675,78
grooming,68676,68675,68676,1
trotting,68727,68676,68727,51
walking,68743,68727,68743,16
stepping,68839,68743,68839,96
sniffing,68855,68839,68855,16
rising,68856,68855,68856,1
sniffing,68909,68856,68909,53
walking,68928,68909,68928,19
sniffing,69013,68928,69013,85
grooming,69014,69013,69014,1
sniffing,69048,69014,69048,34
rising,69078,69048,69078,30
sniffing,69097,69078,69097,19
walking,69212,69097,69212,115
sniffing,69265,69212,69265,53
stepping,69285,69265,69285,20
sniffing,69286,69285,69286,1
left_turning,69327,69286,69327,41
stepping,69353,69327,69353,26
grooming,69935,69353,69935,582
walking,69973,69935,69973,38
sniffing,69993,69973,69993,20
walking,70014,69993,70014,21
sniffing,70038,70014,70038,24
grooming,70039,70038,70039,1
sniffing,70053,70039,70053,14
stepping,70056,70053,70056,3
rearing,70126,70056,70126,70
grooming,70127,70126,70127,1
hunching,70208,70127,70208,81
grooming,70209,70208,70209,1
rearing,70219,70209,70219,10
sniffing,70331,70219,70331,112
stepping,70359,70331,70359,28
rising,70381,70359,70381,22
grooming,71199,70381,71199,818
walking,71201,71199,71201,2
sniffing,71269,71201,71269,68
rising,71284,71269,71284,15
sniffing,71285,71284,71285,1
right_turning,71298,71285,71298,13
stepping,71312,71298,71312,14
trotting,71354,71312,71354,42
rearing,71355,71354,71355,1
rising,71381,71355,71381,26
left_turning,71420,71381,71420,39
sniffing,71482,71420,71482,62
walking,71524,71482,71524,42
stepping,71534,71524,71534,10
grooming,71616,71534,71616,82
hunching,71620,71616,71620,4
grooming,71621,71620,71621,1
climbing,71633,71621,71633,12
running,71657,71633,71657,24
stepping,71672,71657,71672,15
sniffing,71721,71672,71721,49
left_turning,71748,71721,71748,27
walking,71768,71748,71768,20
sniffing,71783,71768,71783,15
grooming,72348,71783,72348,565
hunching,72368,72348,72368,20
left_turning,72407,72368,72407,39
walking,72408,72407,72408,1
stepping,72418,72408,72418,10
sniffing,72502,72418,72502,84
left_turning,72503,72502,72503,1
stepping,72519,72503,72519,16
climbing,72573,72519,72573,54
rearing,72615,72573,72615,42
grooming,72616,72615,72616,1
walking,72636,72616,72636,20
sniffing,72650,72636,72650,14
stepping,72657,72650,72657,7
walking,72670,72657,72670,13
sniffing,72746,72670,72746,76
stepping,72765,72746,72765,19
sniffing,72797,72765,72797,32
stepping,72807,72797,72807,10
sniffing,72808,72807,72808,1
walking,72839,72808,72839,31
trotting,72858,72839,72858,19
rising,72859,72858,72859,1
grooming,72945,72859,72945,86
hunching,72978,72945,72978,33
rearing,72979,72978,72979,1
grooming,72980,72979,72980,1
sniffing,73033,72980,73033,53
walking,73034,73033,73034,1
sniffing,73035,73034,73035,1
rising,73088,73035,73088,53
walking,73104,73088,73104,16
sniffing,73121,73104,73121,17
left_turning,73122,73121,73122,1
walking,73140,73122,73140,18
right_turning,73164,73140,73164,24
sniffing,73237,73164,73237,73
rising,73261,73237,73261,24
grooming,73348,73261,73348,87
sniffing,73349,73348,73349,1
grooming,73608,73349,73608,259
hunching,73609,73608,73609,1
sniffing,73629,73609,73629,20
rearing,73630,73629,73630,1
grooming,73798,73630,73798,168
rearing,73953,73798,73953,155
trotting,73993,73953,73993,40
stepping,74019,73993,74019,26
sniffing,74108,74019,74108,89
stepping,74123,74108,74123,15
walking,74159,74123,74159,36
stepping,74199,74159,74199,40
trotting,74223,74199,74223,24
stepping,74224,74223,74224,1
running,74235,74224,74235,11
climbing,74242,74235,74242,7
left_turning,74284,74242,74284,42
walking,74307,74284,74307,23
sniffing,74335,74307,74335,28
right_turning,74364,74335,74364,29
sniffing,74429,74364,74429,65
walking,74470,74429,74470,41
climbing,74536,74470,74536,66
sniffing,74595,74536,74595,59
left_turning,74607,74595,74607,12
sniffing,74650,74607,74650,43
right_turning,74683,74650,74683,33
walking,74732,74683,74732,49
stepping,74733,74732,74733,1
rising,74774,74733,74774,41
sniffing,74850,74774,74850,76
climbing,74879,74850,74879,29
sniffing,74889,74879,74889,10
walking,74896,74889,74896,7
sniffing,74897,74896,74897,1
rising,74941,74897,74941,44
climbing,74999,74941,74999,58
grooming,75044,74999,75044,45
rearing,75100,75044,75100,56
walking,75108,75100,75108,8
stepping,75127,75108,75127,19
walking,75149,75127,75149,22
sniffing,75176,75149,75176,27
walking,75216,75176,75216,40
stepping,75234,75216,75234,18
sniffing,75336,75234,75336,102
trotting,75352,75336,75352,16
rising,75353,75352,75353,1
hunching,75433,75353,75433,80
rearing,75434,75433,75434,1
hunching,75493,75434,75493,59
grooming,75558,75493,75558,65
rearing,75620,75558,75620,62
grooming,75621,75620,75621,1
rearing,75672,75621,75672,51
rising,75681,75672,75681,9
climbing,75698,75681,75698,17
walking,75748,75698,75748,50
sniffing,75840,75748,75840,92
grooming,75841,75840,75841,1
rising,75894,75841,75894,53
climbing,75931,75894,75931,37
right_turning,75948,75931,75948,17
walking,75968,75948,75968,20
rising,75984,75968,75984,16
grooming,76071,75984,76071,87
stepping,76079,76071,76079,8
sniffing,76080,76079,76080,1
walking,76111,76080,76111,31
stepping,76136,76111,76136,25
sniffing,76175,76136,76175,39
right_turning,76202,76175,76202,27
walking,76203,76202,76203,1
sniffing,76204,76203,76204,1
stepping,76230,76204,76230,26
running,76254,76230,76254,24
walking,76281,76254,76281,27
stepping,76328,76281,76328,47
sniffing,76335,76328,76335,7
left_turning,76348,76335,76348,13
sniffing,76349,76348,76349,1
rising,76402,76349,76402,53
climbing,76423,76402,76423,21
rearing,76702,76423,76702,279
sniffing,76722,76702,76722,20
rising,76737,76722,76737,15
grooming,76925,76737,76925,188
walking,76926,76925,76926,1
sniffing,77014,76926,77014,88
right_turning,77015,77014,77015,1
walking,77045,77015,77045,30
rearing,77157,77045,77157,112
sniffing,77247,77157,77247,90
climbing,77248,77247,77248,1
walking,77284,77248,77284,36
sniffing,77307,77284,77307,23
stepping,77330,77307,77330,23
right_turning,77355,77330,77355,25
walking,77424,77355,77424,69
sniffing,77425,77424,77425,1
rising,77437,77425,77437,12
climbing,77512,77437,77512,75
running,77523,77512,77523,11
stepping,77535,77523,77535,12
sniffing,77575,77535,77575,40
walking,77615,77575,77615,40
sniffing,77618,77615,77618,3
rearing,77688,77618,77688,70
hunching,77757,77688,77757,69
grooming,77909,77757,77909,152
sniffing,77917,77909,77917,8
climbing,77960,77917,77960,43
stepping,77975,77960,77975,15
sniffing,78037,77975,78037,62
stepping,78079,78037,78079,42
walking,78082,78079,78082,3
sniffing,78161,78082,78161,79
right_turning,78162,78161,78162,1
sniffing,78173,78162,78173,11
stepping,78197,78173,78197,24
walking,78242,78197,78242,45
climbing,78319,78242,78319,77
trotting,78336,78319,78336,17
running,78372,78336,78372,36
trotting,78381,78372,78381,9
walking,78389,78381,78389,8
sniffing,78390,78389,78390,1
climbing,78404,78390,78404,14
rising,78475,78404,78475,71
grooming,78673,78475,78673,198
rearing,78690,78673,78690,17
grooming,78695,78690,78695,5
sniffing,78720,78695,78720,25
walking,78730,78720,78730,10
right_turning,78759,78730,78759,29
sniffing,78869,78759,78869,110
walking,78918,78869,78918,49
sniffing,78986,78918,78986,68
stepping,79025,78986,79025,39
walking,79038,79025,79038,13
rising,79039,79038,79039,1
climbing,79070,79039,79070,31
left_turning,79302,79070,79302,232
trotting,79342,79302,79342,40
walking,79344,79342,79344,2
sniffing,79357,79344,79357,13
grooming,79554,79357,79554,197
stepping,79603,79554,79603,49
walking,79638,79603,79638,35
sniffing,79639,79638,79639,1
rising,79683,79639,79683,44
sniffing,79701,79683,79701,18
rising,79728,79701,79728,27
climbing,79760,79728,79760,32
sniffing,79820,79760,79820,60
walking,79824,79820,79824,4
sniffing,79871,79824,79871,47
rising,79904,79871,79904,33
climbing,79914,79904,79914,10
walking,79974,79914,79974,60
stepping,80007,79974,80007,33
walking,80020,80007,80020,13
sniffing,80047,80020,80047,27
walking,80079,80047,80079,32
stepping,80155,80079,80155,76
sniffing,80206,80155,80206,51
left_turning,80212,80206,80212,6
stepping,80235,80212,80235,23
sniffing,80549,80235,80549,314
left_turning,80558,80549,80558,9
walking,80588,80558,80588,30
stepping,80594,80588,80594,6
rearing,80623,80594,80623,29
grooming,80924,80623,80924,301
sniffing,81017,80924,81017,93
stepping,81033,81017,81033,16
rising,81034,81033,81034,1
climbing,81065,81034,81065,31
rearing,81112,81065,81112,47
hunching,81167,81112,81167,55
rearing,81168,81167,81168,1
climbing,81169,81168,81169,1
right_turning,81174,81169,81174,5
trotting,81203,81174,81203,29
sniffing,81217,81203,81217,14
left_turning,81218,81217,81218,1
grooming,81244,81218,81244,26
hunching,81245,81244,81245,1
stepping,81277,81245,81277,32
walking,81316,81277,81316,39
sniffing,81323,81316,81323,7
grooming,81437,81323,81437,114
sniffing,81479,81437,81479,42
grooming,81507,81479,81507,28
sniffing,81523,81507,81523,16
hunching,81532,81523,81532,9
rearing,81542,81532,81542,10
running,81560,81542,81560,18
sniffing,81562,81560,81562,2
stepping,81586,81562,81586,24
rising,81587,81586,81587,1
rearing,81602,81587,81602,15
hunching,81670,81602,81670,68
grooming,81671,81670,81671,1
sniffing,81672,81671,81672,1
left_turning,81673,81672,81673,1
sniffing,81688,81673,81688,15
rising,81712,81688,81712,24
rearing,81752,81712,81752,40
grooming,81758,81752,81758,6
rising,81790,81758,81790,32
left_turning,81810,81790,81810,20
stepping,81856,81810,81856,46
sniffing,81857,81856,81857,1
walking,81865,81857,81865,8
sniffing,81995,81865,81995,130
walking,82018,81995,82018,23
stepping,82037,82018,82037,19
sniffing,82045,82037,82045,8
hunching,82126,82045,82126,81
sniffing,82168,82126,82168,42
rising,82202,82168,82202,34
walking,82259,82202,82259,57
running,82280,82259,82280,21
stepping,82400,82280,82400,120
rising,82401,82400,82401,1
left_turning,82408,82401,82408,7
sniffing,82440,82408,82440,32
grooming,82677,82440,82677,237
hunching,82678,82677,82678,1
grooming,82893,82678,82893,215
rising,82938,82893,82938,45
rearing,82999,82938,82999,61
stepping,83020,82999,83020,21
rearing,83049,83020,83049,29
grooming,83079,83049,83079,30
rising,83094,83079,83094,15
sniffing,83105,83094,83105,11
right_turning,83133,83105,83133,28
grooming,83134,83133,83134,1
rearing,83158,83134,83158,24
climbing,83162,83158,83162,4
grooming,83373,83162,83373,211
climbing,83398,83373,83398,25
running,83414,83398,83414,16
stepping,83415,83414,83415,1
sniffing,83454,83415,83454,39
walking,83490,83454,83490,36
sniffing,83529,83490,83529,39
stepping,83543,83529,83543,14
right_turning,83564,83543,83564,21
climbing,83595,83564,83595,31
rising,83803,83595,83803,208
climbing,83841,83803,83841,38
left_turning,83934,83841,83934,93
trotting,83936,83934,83936,2
climbing,83940,83936,83940,4
stepping,83985,83940,83985,45
sniffing,84026,83985,84026,41
rearing,84027,84026,84027,1
grooming,84028,84027,84028,1
rising,84049,84028,84049,21
stepping,84053,84049,84053,4
trotting,84058,84053,84058,5
sniffing,84083,84058,84083,25
rising,84126,84083,84126,43
sniffing,84228,84126,84228,102
walking,84292,84228,84292,64
grooming,84525,84292,84525,233
rearing,84526,84525,84526,1
grooming,84534,84526,84534,8
scratching,84682,84534,84682,148
sniffing,84768,84682,84768,86
rising,84774,84768,84774,6
stepping,84794,84774,84794,20
walking,84873,84794,84873,79
sniffing,84874,84873,84874,1
rearing,85148,84874,85148,274
grooming,85228,85148,85228,80
walking,85239,85228,85239,11
trotting,85274,85239,85274,35
rearing,85314,85274,85314,40
rising,85315,85314,85315,1
grooming,85445,85315,85445,130
rearing,85518,85445,85518,73
stepping,85537,85518,85537,19
sniffing,85576,85537,85576,39
rising,85585,85576,85585,9
climbing,85627,85585,85627,42
stepping,85661,85627,85661,34
climbing,85700,85661,85700,39
trotting,85706,85700,85706,6
walking,85730,85706,85730,24
sniffing,85762,85730,85762,32
stepping,85780,85762,85780,18
sniffing,85909,85780,85909,129
walking,86004,85909,86004,95
sniffing,86069,86004,86069,65
grooming,87038,86069,87038,969
rearing,87209,87038,87209,171
grooming,87313,87209,87313,104
sniffing,87379,87313,87379,66
rising,87426,87379,87426,47
right_turning,87466,87426,87466,40
rising,87499,87466,87499,33
stepping,87549,87499,87549,50
grooming,87550,87549,87550,1
sniffing,87570,87550,87570,20
walking,87592,87570,87592,22
stepping,87616,87592,87616,24
sniffing,87617,87616,87617,1
left_turning,87626,87617,87626,9
sniffing,87682,87626,87682,56
stepping,87720,87682,87720,38
rearing,87750,87720,87750,30
hunching,87774,87750,87774,24
grooming,87841,87774,87841,67
climbing,87859,87841,87859,18
rising,87860,87859,87860,1
climbing,87997,87860,87997,137
rearing,88105,87997,88105,108
stepping,88130,88105,88130,25
rising,88170,88130,88170,40
stepping,88191,88170,88191,21
walking,88232,88191,88232,41
stepping,88252,88232,88252,20
grooming,88509,88252,88509,257
rearing,88637,88509,88637,128
grooming,88779,88637,88779,142
left_turning,88899,88779,88899,120
stepping,88930,88899,88930,31
grooming,88931,88930,88931,1
stepping,89016,88931,89016,85
sniffing,89017,89016,89017,1
stepping,89046,89017,89046,29
sniffing,89335,89046,89335,289
grooming,89419,89335,89419,84
scratching,89441,89419,89441,22
grooming,89559,89441,89559,118
walking,89592,89559,89592,33
trotting,89612,89592,89612,20
climbing,89626,89612,89626,14
rising,89627,89626,89627,1
grooming,89861,89627,89861,234
left_turning,89908,89861,89908,47
stepping,89909,89908,89909,1
walking,89938,89909,89938,29
trotting,89951,89938,89951,13
rearing,90001,89951,90001,50
grooming,90110,90001,90110,109
sniffing,90183,90110,90183,73
stepping,90184,90183,90184,1
left_turning,90185,90184,90185,1
grooming,90244,90185,90244,59
rising,90313,90244,90313,69
sniffing,90348,90313,90348,35
walking,90366,90348,90366,18
sniffing,90491,90366,90491,125
rising,90510,90491,90510,19
sniffing,90568,90510,90568,58
trotting,90577,90568,90577,9
walking,90781,90577,90781,204
stepping,90787,90781,90787,6
grooming,90917,90787,90917,130
sniffing,90963,90917,90963,46
grooming,91019,90963,91019,56
walking,91031,91019,91031,12
stepping,91098,91031,91098,67
sniffing,91099,91098,91099,1
rising,91118,91099,91118,19
grooming,91161,91118,91161,43
rearing,91182,91161,91182,21
climbing,91245,91182,91245,63
running,91281,91245,91281,36
walking,91297,91281,91297,16
climbing,91369,91297,91369,72
left_turning,91416,91369,91416,47
stepping,91443,91416,91443,27
sniffing,91504,91443,91504,61
walking,91522,91504,91522,18
sniffing,91557,91522,91557,35
stepping,91598,91557,91598,41
walking,91613,91598,91613,15
sniffing,91721,91613,91721,108
stepping,91744,91721,91744,23
walking,91778,91744,91778,34
sniffing,91803,91778,91803,25
rising,91804,91803,91804,1
sniffing,91877,91804,91877,73
trotting,91907,91877,91907,30
sniffing,91971,91907,91971,64
grooming,91972,91971,91972,1
rearing,91978,91972,91978,6
rising,92042,91978,92042,64
sniffing,92095,92042,92095,53
grooming,92200,92095,92200,105
climbing,92227,92200,92227,27
walking,92273,92227,92273,46
climbing,92308,92273,92308,35
grooming,92309,92308,92309,1
left_turning,92317,92309,92317,8
walking,92322,92317,92322,5
stepping,92337,92322,92337,15
walking,92341,92337,92341,4
climbing,92384,92341,92384,43
left_turning,92403,92384,92403,19
grooming,92459,92403,92459,56
hunching,92554,92459,92554,95
grooming,92713,92554,92713,159
sniffing,92835,92713,92835,122
grooming,92836,92835,92836,1
hunching,92892,92836,92892,56
sniffing,92912,92892,92912,20
trotting,92956,92912,92956,44
rising,92957,92956,92957,1
rearing,92974,92957,92974,17
rising,92990,92974,92990,16
stepping,92991,92990,92991,1
walking,92992,92991,92992,1
sniffing,93005,92992,93005,13
stepping,93006,93005,93006,1
walking,93028,93006,93028,22
sniffing,93041,93028,93041,13
walking,93068,93041,93068,27
running,93078,93068,93078,10
stepping,93086,93078,93086,8
walking,93107,93086,93107,21
running,93141,93107,93141,34
sniffing,93142,93141,93142,1
walking,93148,93142,93148,6
climbing,93181,93148,93181,33
grooming,93242,93181,93242,61
rearing,93276,93242,93276,34
hunching,93354,93276,93354,78
rearing,93368,93354,93368,14
stepping,93389,93368,93389,21
walking,93423,93389,93423,34
sniffing,93425,93423,93425,2
stepping,93446,93425,93446,21
right_turning,93478,93446,93478,32
climbing,93499,93478,93499,21
grooming,94213,93499,94213,714
hunching,94268,94213,94268,55
grooming,94269,94268,94269,1
climbing,94307,94269,94307,38
rearing,94313,94307,94313,6
grooming,94355,94313,94355,42
stepping,94368,94355,94368,13
walking,94437,94368,94437,69
trotting,94457,94437,94457,20
sniffing,94528,94457,94528,71
trotting,94550,94528,94550,22
walking,94553,94550,94553,3
trotting,94568,94553,94568,15
sniffing,94612,94568,94612,44
stepping,94613,94612,94613,1
sniffing,94614,94613,94614,1
left_turning,94619,94614,94619,5
walking,94673,94619,94673,54
trotting,94716,94673,94716,43
stepping,94751,94716,94751,35
sniffing,94775,94751,94775,24
trotting,94780,94775,94780,5
sniffing,94830,94780,94830,50
rising,94860,94830,94860,30
sniffing,94929,94860,94929,69
grooming,94938,94929,94938,9
walking,94941,94938,94941,3
grooming,95013,94941,95013,72
walking,95080,95013,95080,67
rearing,95129,95080,95129,49
rising,95152,95129,95152,23
running,95165,95152,95165,13
grooming,95166,95165,95166,1
left_turning,95188,95166,95188,22
grooming,95189,95188,95189,1
left_turning,95224,95189,95224,35
walking,95330,95224,95330,106
grooming,95436,95330,95436,106
sniffing,95437,95436,95437,1
right_turning,95449,95437,95449,12
walking,95494,95449,95494,45
sniffing,95495,95494,95495,1
stepping,95518,95495,95518,23
walking,95550,95518,95550,32
rising,95622,95550,95622,72
grooming,95623,95622,95623,1
rising,95643,95623,95643,20
grooming,95644,95643,95644,1
walking,95697,95644,95697,53
climbing,95728,95697,95728,31
rearing,95755,95728,95755,27
grooming,95930,95755,95930,175
right_turning,95933,95930,95933,3
stepping,95993,95933,95993,60
walking,96020,95993,96020,27
sniffing,96025,96020,96025,5
rising,96055,96025,96055,30
left_turning,96113,96055,96113,58
sniffing,96139,96113,96139,26
rising,96158,96139,96158,19
sniffing,96198,96158,96198,40
stepping,96213,96198,96213,15
right_turning,96243,96213,96243,30
climbing,96253,96243,96253,10
sniffing,96269,96253,96269,16
walking,96272,96269,96272,3
left_turning,96296,96272,96296,24
walking,96307,96296,96307,11
stepping,96316,96307,96316,9
rising,96351,96316,96351,35
walking,96352,96351,96352,1
trotting,96373,96352,96373,21
walking,96410,96373,96410,37
climbing,96502,96410,96502,92
rising,96539,96502,96539,37
stepping,96542,96539,96542,3
running,96556,96542,96556,14
walking,96580,96556,96580,24
sniffing,96633,96580,96633,53
hunching,96634,96633,96634,1
rising,96641,96634,96641,7
walking,96642,96641,96642,1
sniffing,96667,96642,96667,25
left_turning,96680,96667,96680,13
trotting,96697,96680,96697,17
rising,96708,96697,96708,11
rearing,96893,96708,96893,185
walking,96894,96893,96894,1
sniffing,97060,96894,97060,166
walking,97083,97060,97083,23
stepping,97103,97083,97103,20
sniffing,97149,97103,97149,46
stepping,97201,97149,97201,52
grooming,97202,97201,97202,1
left_turning,97235,97202,97235,33
rising,97270,97235,97270,35
climbing,97336,97270,97336,66
right_turning,97364,97336,97364,28
walking,97397,97364,97397,33
sniffing,97506,97397,97506,109
rising,97562,97506,97562,56
sniffing,97653,97562,97653,91
rising,97674,97653,97674,21
stepping,97682,97674,97682,8
walking,97692,97682,97692,10
sniffing,97727,97692,97727,35
stepping,97770,97727,97770,43
walking,97808,97770,97808,38
sniffing,97915,97808,97915,107
left_turning,97916,97915,97916,1
grooming,98026,97916,98026,110
rearing,98027,98026,98027,1
rising,98052,98027,98052,25
right_turning,98097,98052,98097,45
sniffing,98098,98097,98098,1
left_turning,98105,98098,98105,7
walking,98156,98105,98156,51
rising,98220,98156,98220,64
sniffing,98234,98220,98234,14
stepping,98240,98234,98240,6
trotting,98275,98240,98275,35
sniffing,98318,98275,98318,43
stepping,98373,98318,98373,55
sniffing,98415,98373,98415,42
rising,98441,98415,98441,26
climbing,98444,98441,98444,3
running,98471,98444,98471,27
sniffing,98607,98471,98607,136
rising,98649,98607,98649,42
walking,98692,98649,98692,43
sniffing,98765,98692,98765,73
rearing,98766,98765,98766,1
grooming,98779,98766,98779,13
rising,98787,98779,98787,8
rearing,98914,98787,98914,127
grooming,98998,98914,98998,84
left_turning,98999,98998,98999,1
sniffing,99000,98999,99000,1
walking,99040,99000,99040,40
stepping,99065,99040,99065,25
rearing,99184,99065,99184,119
rising,99201,99184,99201,17
scratching,99210,99201,99210,9
sniffing,99238,99210,99238,28
left_turning,99239,99238,99239,1
rearing,99275,99239,99275,36
stepping,99314,99275,99314,39
sniffing,99362,99314,99362,48
grooming,99968,99362,99968,606
sniffing,100001,99968,100001,33
left_turning,100002,100001,100002,1
rearing,100064,100002,100064,62
grooming,100167,100064,100167,103
rising,100170,100167,100170,3
grooming,100171,100170,100171,1
hunching,100208,100171,100208,37
grooming,100209,100208,100209,1
rising,100227,100209,100227,18
stepping,100258,100227,100258,31
rearing,100306,100258,100306,48
climbing,100320,100306,100320,14
grooming,100321,100320,100321,1
rearing,100450,100321,100450,129
grooming,100490,100450,100490,40
climbing,100542,100490,100542,52
left_turning,100558,100542,100558,16
walking,100599,100558,100599,41
stepping,100610,100599,100610,11
walking,100637,100610,100637,27
running,100670,100637,100670,33
walking,100681,100670,100681,11
sniffing,100707,100681,100707,26
walking,100749,100707,100749,42
sniffing,100860,100749,100860,111
left_turning,100861,100860,100861,1
trotting,100886,100861,100886,25
stepping,100906,100886,100906,20
sniffing,100912,100906,100912,6
rising,100981,100912,100981,69
grooming,101088,100981,101088,107
rearing,101244,101088,101244,156
hunching,101335,101244,101335,91
left_turning,101383,101335,101383,48
sniffing,101421,101383,101421,38
rising,101443,101421,101443,22
sniffing,101455,101443,101455,12
rearing,101527,101455,101527,72
rising,101618,101527,101618,91
rearing,101814,101618,101814,196
rising,101850,101814,101850,36
stepping,101862,101850,101862,12
climbing,101865,101862,101865,3
sniffing,101916,101865,101916,51
left_turning,102035,101916,102035,119
sniffing,102079,102035,102079,44
walking,102107,102079,102107,28
sniffing,102153,102107,102153,46
stepping,102188,102153,102188,35
rearing,102268,102188,102268,80
grooming,102378,102268,102378,110
left_turning,102470,102378,102470,92
sniffing,102471,102470,102471,1
left_turning,102475,102471,102475,4
walking,102541,102475,102541,66
sniffing,102542,102541,102542,1
walking,102599,102542,102599,57
left_turning,102624,102599,102624,25
stepping,102645,102624,102645,21
left_turning,102684,102645,102684,39
sniffing,102756,102684,102756,72
grooming,102890,102756,102890,134
climbing,103022,102890,103022,132
rearing,103072,103022,103072,50
climbing,103073,103072,103073,1
rearing,103180,103073,103180,107
grooming,103181,103180,103181,1
climbing,103261,103181,103261,80
running,103298,103261,103298,37
walking,103334,103298,103334,36
sniffing,103335,103334,103335,1
trotting,103358,103335,103358,23
walking,103419,103358,103419,61
stepping,103462,103419,103462,43
grooming,103718,103462,103718,256
climbing,103777,103718,103777,59
rearing,103818,103777,103818,41
grooming,103937,103818,103937,119
rearing,104124,103937,104124,187
right_turning,104141,104124,104141,17
grooming,104142,104141,104142,1
rearing,104178,104142,104178,36
hunching,104283,104178,104283,105
grooming,104406,104283,104406,123
hunching,104466,104406,104466,60
left_turning,104467,104466,104467,1
grooming,104565,104467,104565,98
left_turning,104583,104565,104583,18
walking,104635,104583,104635,52
trotting,104677,104635,104677,42
sniffing,104689,104677,104689,12
walking,104732,104689,104732,43
sniffing,104823,104732,104823,91
left_turning,104914,104823,104914,91
running,104935,104914,104935,21
sniffing,104936,104935,104936,1
grooming,105126,104936,105126,190
hunching,105225,105126,105225,99
left_turning,105237,105225,105237,12
rising,105260,105237,105260,23
left_turning,105307,105260,105307,47
climbing,105308,105307,105308,1
grooming,105309,105308,105309,1
stepping,105377,105309,105377,68
rearing,105378,105377,105378,1
climbing,105379,105378,105379,1
running,105415,105379,105415,36
walking,105426,105415,105426,11
rearing,105427,105426,105427,1
climbing,105477,105427,105477,50
walking,105514,105477,105514,37
sniffing,105515,105514,105515,1
running,105531,105515,105531,16
walking,105562,105531,105562,31
stepping,105599,105562,105599,37
walking,105628,105599,105628,29
sniffing,105687,105628,105687,59
walking,105730,105687,105730,43
sniffing,105763,105730,105763,33
stepping,105828,105763,105828,65
sniffing,105941,105828,105941,113
rising,105956,105941,105956,15
rearing,106053,105956,106053,97
grooming,106054,106053,106054,1
sniffing,106079,106054,106079,25
walking,106082,106079,106082,3
stepping,106146,106082,106146,64
sniffing,106258,106146,106258,112
stepping,106295,106258,106295,37
walking,106329,106295,106329,34
stepping,106370,106329,106370,41
walking,106444,106370,106444,74
sniffing,106524,106444,106524,80
left_turning,106538,106524,106538,14
sniffing,106539,106538,106539,1
grooming,106540,106539,106540,1
hunching,106628,106540,106628,88
rising,106648,106628,106648,20
grooming,106756,106648,106756,108
sniffing,106795,106756,106795,39
rising,106845,106795,106845,50
climbing,106870,106845,106870,25
left_turning,106900,106870,106900,30
walking,106915,106900,106915,15
rising,106916,106915,106916,1
rearing,106998,106916,106998,82
sniffing,107092,106998,107092,94
walking,107123,107092,107123,31
rising,107124,107123,107124,1
sniffing,107217,107124,107217,93
right_turning,107219,107217,107219,2
stepping,107254,107219,107254,35
climbing,107297,107254,107297,43
running,107332,107297,107332,35
trotting,107360,107332,107360,28
rising,107361,107360,107361,1
grooming,107362,107361,107362,1
hunching,107461,107362,107461,99
left_turning,107486,107461,107486,25
sniffing,107523,107486,107523,37
climbing,107524,107523,107524,1
sniffing,107525,107524,107525,1
walking,107571,107525,107571,46
sniffing,107572,107571,107572,1
hunching,107731,107572,107731,159
stepping,107732,107731,107732,1
sniffing,107823,107732,107823,91
hunching,107914,107823,107914,91
grooming,107915,107914,107915,1
rearing,107973,107915,107973,58
rising,108000,107973,108000,27
