revised_movement_label,segBoundary,segBoundary_start,segBoundary_end,length
right_turning,14,0,14,14
trotting,25,14,25,11
rising,26,25,26,1
grooming,126,26,126,100
walking,140,126,140,14
trotting,158,140,158,18
running,163,158,163,5
walking,212,163,212,49
sniffing,216,212,216,4
walking,256,216,256,40
stepping,308,256,308,52
rising,367,308,367,59
climbing,422,367,422,55
sniffing,455,422,455,33
walking,478,455,478,23
sniffing,503,478,503,25
walking,570,503,570,67
trotting,628,570,628,58
walking,685,628,685,57
sniffing,693,685,693,8
rising,733,693,733,40
sniffing,772,733,772,39
walking,787,772,787,15
sniffing,796,787,796,9
left_turning,797,796,797,1
rising,819,797,819,22
left_turning,830,819,830,11
walking,872,830,872,42
stepping,877,872,877,5
walking,918,877,918,41
stepping,924,918,924,6
sniffing,971,924,971,47
trotting,994,971,994,23
running,1026,994,1026,32
trotting,1056,1026,1056,30
walking,1099,1056,1099,43
sniffing,1130,1099,1130,31
right_turning,1159,1130,1159,29
walking,1215,1159,1215,56
sniffing,1259,1215,1259,44
grooming,1285,1259,1285,26
rearing,1344,1285,1344,59
walking,1368,1344,1368,24
stepping,1394,1368,1394,26
sniffing,1441,1394,1441,47
stepping,1512,1441,1512,71
sniffing,1518,1512,1518,6
rising,1519,1518,1519,1
sniffing,1553,1519,1553,34
walking,1593,1553,1593,40
sniffing,1594,1593,1594,1
walking,1598,1594,1598,4
trotting,1617,1598,1617,19
sniffing,1654,1617,1654,37
rearing,1743,1654,1743,89
stepping,1818,1743,1818,75
sniffing,1906,1818,1906,88
stepping,1930,1906,1930,24
rising,1974,1930,1974,44
walking,1994,1974,1994,20
trotting,2019,1994,2019,25
running,2028,2019,2028,9
trotting,2050,2028,2050,22
sniffing,2071,2050,2071,21
rising,2073,2071,2073,2
walking,2118,2073,2118,45
rising,2122,2118,2122,4
walking,2146,2122,2146,24
trotting,2147,2146,2147,1
running,2150,2147,2150,3
trotting,2153,2150,2153,3
stepping,2154,2153,2154,1
walking,2161,2154,2161,7
stepping,2186,2161,2186,25
rising,2298,2186,2298,112
rearing,2432,2298,2432,134
rising,2473,2432,2473,41
grooming,2736,2473,2736,263
sniffing,2759,2736,2759,23
grooming,2846,2759,2846,87
trotting,2862,2846,2862,16
rising,2910,2862,2910,48
walking,2980,2910,2980,70
sniffing,3009,2980,3009,29
left_turning,3022,3009,3022,13
trotting,3041,3022,3041,19
running,3059,3041,3059,18
trotting,3060,3059,3060,1
walking,3099,3060,3099,39
left_turning,3131,3099,3131,32
sniffing,3226,3131,3226,95
rising,3263,3226,3263,37
rearing,3376,3263,3376,113
sniffing,3439,3376,3439,63
rising,3495,3439,3495,56
trotting,3532,3495,3532,37
walking,3550,3532,3550,18
stepping,3562,3550,3562,12
sniffing,3598,3562,3598,36
running,3638,3598,3638,40
sniffing,3680,3638,3680,42
rising,3682,3680,3682,2
sniffing,3727,3682,3727,45
rising,3764,3727,3764,37
walking,3813,3764,3813,49
stepping,3829,3813,3829,16
walking,3851,3829,3851,22
running,3867,3851,3867,16
trotting,3883,3867,3883,16
stepping,3975,3883,3975,92
sniffing,4038,3975,4038,63
rising,4066,4038,4066,28
left_turning,4111,4066,4111,45
rising,4141,4111,4141,30
rearing,4142,4141,4142,1
hunching,4266,4142,4266,124
left_turning,4292,4266,4292,26
walking,4322,4292,4322,30
sniffing,4407,4322,4407,85
rising,4408,4407,4408,1
stepping,4419,4408,4419,11
sniffing,4447,4419,4447,28
grooming,4448,4447,4448,1
left_turning,4449,4448,4449,1
walking,4467,4449,4467,18
rising,4481,4467,4481,14
trotting,4514,4481,4514,33
sniffing,4562,4514,4562,48
running,4590,4562,4590,28
walking,4603,4590,4603,13
trotting,4624,4603,4624,21
walking,4677,4624,4677,53
sniffing,4705,4677,4705,28
stepping,4784,4705,4784,79
walking,4843,4784,4843,59
stepping,4850,4843,4850,7
sniffing,4858,4850,4858,8
rising,4861,4858,4861,3
rearing,4923,4861,4923,62
grooming,4924,4923,4924,1
sniffing,5007,4924,5007,83
left_turning,5025,5007,5025,18
sniffing,5051,5025,5051,26
rising,5153,5051,5153,102
sniffing,5154,5153,5154,1
rising,5169,5154,5169,15
right_turning,5180,5169,5180,11
running,5220,5180,5220,40
right_turning,5267,5220,5267,47
trotting,5322,5267,5322,55
running,5329,5322,5329,7
trotting,5345,5329,5345,16
walking,5368,5345,5368,23
sniffing,5414,5368,5414,46
trotting,5426,5414,5426,12
rising,5506,5426,5506,80
rearing,5507,5506,5507,1
left_turning,5537,5507,5537,30
rising,5570,5537,5570,33
stepping,5575,5570,5575,5
sniffing,5576,5575,5576,1
stepping,5610,5576,5610,34
walking,5655,5610,5655,45
rising,5674,5655,5674,19
sniffing,5714,5674,5714,40
stepping,5751,5714,5751,37
sniffing,5784,5751,5784,33
left_turning,5838,5784,5838,54
running,5864,5838,5864,26
left_turning,5865,5864,5865,1
running,5879,5865,5879,14
rising,5934,5879,5934,55
sniffing,5948,5934,5948,14
left_turning,5975,5948,5975,27
stepping,6022,5975,6022,47
walking,6042,6022,6042,20
sniffing,6129,6042,6129,87
grooming,6663,6129,6663,534
stepping,6694,6663,6694,31
rising,6695,6694,6695,1
sniffing,6718,6695,6718,23
rising,6768,6718,6768,50
climbing,6839,6768,6839,71
hunching,6840,6839,6840,1
grooming,6990,6840,6990,150
trotting,7026,6990,7026,36
rising,7101,7026,7101,75
stepping,7125,7101,7125,24
walking,7168,7125,7168,43
stepping,7184,7168,7184,16
sniffing,7224,7184,7224,40
right_turning,7241,7224,7241,17
walking,7284,7241,7284,43
sniffing,7311,7284,7311,27
stepping,7369,7311,7369,58
grooming,7395,7369,7395,26
rising,7406,7395,7406,11
hunching,7419,7406,7419,13
climbing,7468,7419,7468,49
left_turning,7480,7468,7480,12
walking,7498,7480,7498,18
stepping,7548,7498,7548,50
rising,7589,7548,7589,41
right_turning,7596,7589,7596,7
walking,7644,7596,7644,48
stepping,7694,7644,7694,50
sniffing,7784,7694,7784,90
walking,7817,7784,7817,33
sniffing,7847,7817,7847,30
rising,7901,7847,7901,54
sniffing,7902,7901,7902,1
running,7943,7902,7943,41
trotting,7972,7943,7972,29
sniffing,8105,7972,8105,133
rising,8106,8105,8106,1
right_turning,8124,8106,8124,18
walking,8125,8124,8125,1
stepping,8173,8125,8173,48
walking,8216,8173,8216,43
stepping,8241,8216,8241,25
walking,8252,8241,8252,11
rising,8309,8252,8309,57
climbing,8378,8309,8378,69
hunching,8467,8378,8467,89
grooming,8482,8467,8482,15
right_turning,8507,8482,8507,25
rising,8571,8507,8571,64
sniffing,8662,8571,8662,91
rising,8712,8662,8712,50
walking,8743,8712,8743,31
stepping,8781,8743,8781,38
walking,8813,8781,8813,32
sniffing,8886,8813,8886,73
walking,8895,8886,8895,9
sniffing,8916,8895,8916,21
rising,8980,8916,8980,64
sniffing,8993,8980,8993,13
rising,8994,8993,8994,1
grooming,9094,8994,9094,100
walking,9123,9094,9123,29
sniffing,9301,9123,9301,178
stepping,9334,9301,9334,33
walking,9354,9334,9354,20
rising,9355,9354,9355,1
rearing,9356,9355,9356,1
sniffing,9397,9356,9397,41
stepping,9441,9397,9441,44
walking,9442,9441,9442,1
left_turning,9461,9442,9461,19
rearing,9536,9461,9536,75
hunching,9670,9536,9670,134
grooming,9960,9670,9960,290
walking,9971,9960,9971,11
grooming,9972,9971,9972,1
rearing,10009,9972,10009,37
grooming,10988,10009,10988,979
running,11024,10988,11024,36
walking,11031,11024,11031,7
stepping,11054,11031,11054,23
grooming,11055,11054,11055,1
rearing,11206,11055,11206,151
sniffing,11248,11206,11248,42
stepping,11249,11248,11249,1
walking,11287,11249,11287,38
stepping,11301,11287,11301,14
walking,11338,11301,11338,37
rising,11367,11338,11367,29
hunching,11455,11367,11455,88
grooming,11456,11455,11456,1
hunching,11530,11456,11530,74
stepping,11554,11530,11554,24
sniffing,11621,11554,11621,67
rising,11649,11621,11649,28
climbing,11669,11649,11669,20
sniffing,11700,11669,11700,31
climbing,11723,11700,11723,23
grooming,11832,11723,11832,109
hunching,11837,11832,11837,5
sniffing,11853,11837,11853,16
grooming,11961,11853,11961,108
walking,11994,11961,11994,33
rearing,12048,11994,12048,54
hunching,12086,12048,12086,38
grooming,12087,12086,12087,1
rising,12140,12087,12140,53
rearing,12161,12140,12161,21
hunching,12306,12161,12306,145
rearing,12344,12306,12344,38
grooming,12574,12344,12574,230
sniffing,12637,12574,12637,63
grooming,12901,12637,12901,264
left_turning,12911,12901,12911,10
trotting,12939,12911,12939,28
running,12969,12939,12969,30
climbing,13039,12969,13039,70
grooming,13136,13039,13136,97
sniffing,13163,13136,13163,27
walking,13182,13163,13182,19
sniffing,13189,13182,13189,7
rising,13244,13189,13244,55
sniffing,13263,13244,13263,19
rising,13264,13263,13264,1
left_turning,13274,13264,13274,10
stepping,13290,13274,13290,16
grooming,13301,13290,13301,11
right_turning,13312,13301,13312,11
walking,13341,13312,13341,29
sniffing,13369,13341,13369,28
running,13403,13369,13403,34
walking,13404,13403,13404,1
trotting,13410,13404,13410,6
walking,13435,13410,13435,25
stepping,13457,13435,13457,22
walking,13472,13457,13472,15
rising,13534,13472,13534,62
walking,13583,13534,13583,49
stepping,13600,13583,13600,17
sniffing,13648,13600,13648,48
grooming,14238,13648,14238,590
climbing,14303,14238,14303,65
sniffing,14329,14303,14329,26
rising,14330,14329,14330,1
sniffing,14394,14330,14394,64
walking,14413,14394,14413,19
grooming,14498,14413,14498,85
trotting,14504,14498,14504,6
rearing,14505,14504,14505,1
grooming,14715,14505,14715,210
sniffing,14730,14715,14730,15
stepping,14772,14730,14772,42
sniffing,14773,14772,14773,1
left_turning,14800,14773,14800,27
trotting,14818,14800,14818,18
sniffing,14860,14818,14860,42
right_turning,14868,14860,14868,8
walking,14927,14868,14927,59
rising,14928,14927,14928,1
sniffing,14929,14928,14929,1
climbing,14976,14929,14976,47
rearing,14977,14976,14977,1
rising,14978,14977,14978,1
sniffing,15065,14978,15065,87
rising,15094,15065,15094,29
stepping,15095,15094,15095,1
walking,15115,15095,15115,20
right_turning,15149,15115,15149,34
climbing,15191,15149,15191,42
grooming,15421,15191,15421,230
sniffing,15468,15421,15468,47
right_turning,15487,15468,15487,19
trotting,15526,15487,15526,39
rising,15580,15526,15580,54
grooming,15738,15580,15738,158
sniffing,15779,15738,15779,41
grooming,16268,15779,16268,489
trotting,16301,16268,16301,33
walking,16328,16301,16328,27
sniffing,16388,16328,16388,60
rising,16440,16388,16440,52
walking,16483,16440,16483,43
sniffing,16484,16483,16484,1
stepping,16503,16484,16503,19
rising,16523,16503,16523,20
grooming,16524,16523,16524,1
climbing,16546,16524,16546,22
sniffing,16559,16546,16559,13
grooming,16750,16559,16750,191
rising,16751,16750,16751,1
sniffing,16800,16751,16800,49
rearing,16802,16800,16802,2
climbing,16819,16802,16819,17
running,16822,16819,16822,3
climbing,16857,16822,16857,35
trotting,16883,16857,16883,26
running,16889,16883,16889,6
stepping,16898,16889,16898,9
rising,16917,16898,16917,19
walking,16918,16917,16918,1
stepping,16977,16918,16977,59
sniffing,16978,16977,16978,1
walking,16987,16978,16987,9
running,17023,16987,17023,36
left_turning,17043,17023,17043,20
trotting,17069,17043,17069,26
left_turning,17099,17069,17099,30
stepping,17134,17099,17134,35
sniffing,17252,17134,17252,118
walking,17283,17252,17283,31
rising,17359,17283,17359,76
rearing,17363,17359,17363,4
right_turning,17404,17363,17404,41
trotting,17409,17404,17409,5
walking,17471,17409,17471,62
rearing,17611,17471,17611,140
grooming,17612,17611,17612,1
left_turning,17633,17612,17633,21
sniffing,17760,17633,17760,127
stepping,17774,17760,17774,14
walking,17808,17774,17808,34
stepping,17813,17808,17813,5
walking,17816,17813,17816,3
left_turning,17827,17816,17827,11
trotting,17856,17827,17856,29
rearing,17904,17856,17904,48
grooming,17987,17904,17987,83
stepping,18050,17987,18050,63
walking,18062,18050,18062,12
sniffing,18096,18062,18096,34
left_turning,18097,18096,18097,1
stepping,18121,18097,18121,24
rearing,18184,18121,18184,63
grooming,18185,18184,18185,1
stepping,18202,18185,18202,17
walking,18261,18202,18261,59
trotting,18290,18261,18290,29
rising,18328,18290,18328,38
stepping,18336,18328,18336,8
walking,18337,18336,18337,1
rearing,18390,18337,18390,53
grooming,18422,18390,18422,32
rising,18448,18422,18448,26
rearing,18449,18448,18449,1
climbing,18510,18449,18510,61
rearing,18700,18510,18700,190
trotting,18712,18700,18712,12
sniffing,18743,18712,18743,31
trotting,18781,18743,18781,38
sniffing,18839,18781,18839,58
climbing,18840,18839,18840,1
running,18867,18840,18867,27
sniffing,18872,18867,18872,5
grooming,18873,18872,18873,1
walking,18885,18873,18885,12
stepping,18926,18885,18926,41
trotting,18968,18926,18968,42
sniffing,18984,18968,18984,16
walking,18996,18984,18996,12
stepping,19044,18996,19044,48
walking,19076,19044,19076,32
rising,19078,19076,19078,2
stepping,19102,19078,19102,24
sniffing,19170,19102,19170,68
left_turning,19236,19170,19236,66
trotting,19266,19236,19266,30
stepping,19300,19266,19300,34
sniffing,19334,19300,19334,34
rearing,19406,19334,19406,72
grooming,19490,19406,19490,84
left_turning,19511,19490,19511,21
grooming,19901,19511,19901,390
scratching,19930,19901,19930,29
walking,19958,19930,19958,28
stepping,19972,19958,19972,14
sniffing,19973,19972,19973,1
stepping,19974,19973,19974,1
grooming,20655,19974,20655,681
rising,20716,20655,20716,61
walking,20757,20716,20757,41
sniffing,20822,20757,20822,65
grooming,20837,20822,20837,15
hunching,20903,20837,20903,66
stepping,20936,20903,20936,33
left_turning,20959,20936,20959,23
stepping,20960,20959,20960,1
sniffing,20963,20960,20963,3
rearing,21013,20963,21013,50
hunching,21062,21013,21062,49
sniffing,21070,21062,21070,8
walking,21092,21070,21092,22
grooming,21202,21092,21202,110
hunching,21203,21202,21203,1
sniffing,21239,21203,21239,36
grooming,21240,21239,21240,1
sniffing,21253,21240,21253,13
trotting,21290,21253,21290,37
running,21319,21290,21319,29
trotting,21348,21319,21348,29
sniffing,21407,21348,21407,59
rising,21426,21407,21426,19
climbing,21474,21426,21474,48
walking,21514,21474,21514,40
trotting,21573,21514,21573,59
grooming,21708,21573,21708,135
walking,21721,21708,21721,13
stepping,21738,21721,21738,17
walking,21752,21738,21752,14
sniffing,21905,21752,21905,153
grooming,23313,21905,23313,1408
stepping,23329,23313,23329,16
rising,23415,23329,23415,86
rearing,23418,23415,23418,3
grooming,23419,23418,23419,1
rearing,23420,23419,23420,1
stepping,23425,23420,23425,5
rearing,23426,23425,23426,1
walking,23465,23426,23465,39
grooming,23641,23465,23641,176
stepping,23665,23641,23665,24
climbing,23735,23665,23735,70
grooming,23884,23735,23884,149
running,23921,23884,23921,37
rising,23974,23921,23974,53
grooming,24070,23974,24070,96
trotting,24097,24070,24097,27
stepping,24123,24097,24123,26
sniffing,24175,24123,24175,52
stepping,24212,24175,24212,37
walking,24223,24212,24223,11
stepping,24249,24223,24249,26
climbing,24299,24249,24299,50
grooming,24383,24299,24383,84
sniffing,24403,24383,24403,20
stepping,24500,24403,24500,97
sniffing,24533,24500,24533,33
stepping,24581,24533,24581,48
grooming,24602,24581,24602,21
climbing,24623,24602,24623,21
walking,24632,24623,24632,9
rising,24651,24632,24651,19
grooming,24737,24651,24737,86
rearing,24763,24737,24763,26
climbing,24825,24763,24825,62
grooming,25051,24825,25051,226
left_turning,25066,25051,25066,15
walking,25102,25066,25102,36
grooming,25103,25102,25103,1
sniffing,25136,25103,25136,33
rising,25145,25136,25145,9
sniffing,25231,25145,25231,86
grooming,25232,25231,25232,1
rearing,25268,25232,25268,36
climbing,25292,25268,25292,24
grooming,25293,25292,25293,1
walking,25314,25293,25314,21
running,25328,25314,25328,14
trotting,25369,25328,25369,41
walking,25375,25369,25375,6
sniffing,25575,25375,25575,200
walking,25620,25575,25620,45
stepping,25699,25620,25699,79
walking,25707,25699,25707,8
sniffing,25726,25707,25726,19
climbing,25772,25726,25772,46
grooming,25779,25772,25779,7
rising,25780,25779,25780,1
walking,25791,25780,25791,11
sniffing,25845,25791,25845,54
rising,25874,25845,25874,29
stepping,25901,25874,25901,27
rising,25902,25901,25902,1
left_turning,25926,25902,25926,24
trotting,25976,25926,25976,50
sniffing,25997,25976,25997,21
right_turning,26009,25997,26009,12
stepping,26048,26009,26048,39
sniffing,26096,26048,26096,48
rising,26104,26096,26104,8
climbing,26150,26104,26150,46
rising,26151,26150,26151,1
stepping,26192,26151,26192,41
walking,26193,26192,26193,1
stepping,26226,26193,26226,33
sniffing,26281,26226,26281,55
rearing,26307,26281,26307,26
climbing,26341,26307,26341,34
rising,26452,26341,26452,111
walking,26453,26452,26453,1
climbing,26466,26453,26466,13
stepping,26481,26466,26481,15
sniffing,26565,26481,26565,84
left_turning,26621,26565,26621,56
stepping,26632,26621,26632,11
walking,26658,26632,26658,26
rising,26662,26658,26662,4
climbing,26696,26662,26696,34
grooming,26791,26696,26791,95
left_turning,26807,26791,26807,16
trotting,26818,26807,26818,11
walking,26835,26818,26835,17
sniffing,27059,26835,27059,224
right_turning,27080,27059,27080,21
stepping,27108,27080,27108,28
sniffing,27112,27108,27112,4
rising,27121,27112,27121,9
climbing,27161,27121,27161,40
stepping,27171,27161,27171,10
sniffing,27191,27171,27191,20
rising,27235,27191,27235,44
trotting,27270,27235,27270,35
stepping,27281,27270,27281,11
sniffing,27296,27281,27296,15
stepping,27297,27296,27297,1
sniffing,27312,27297,27312,15
grooming,27313,27312,27313,1
rearing,27618,27313,27618,305
grooming,27674,27618,27674,56
rearing,27675,27674,27675,1
grooming,27788,27675,27788,113
scratching,27975,27788,27975,187
left_turning,27976,27975,27976,1
climbing,28018,27976,28018,42
walking,28151,28018,28151,133
trotting,28171,28151,28171,20
sniffing,28172,28171,28172,1
climbing,28190,28172,28190,18
trotting,28218,28190,28218,28
stepping,28242,28218,28242,24
rearing,28423,28242,28423,181
grooming,28658,28423,28658,235
sniffing,28667,28658,28667,9
walking,28693,28667,28693,26
trotting,28709,28693,28709,16
walking,28756,28709,28756,47
rising,28758,28756,28758,2
grooming,28759,28758,28759,1
sniffing,28852,28759,28852,93
stepping,28886,28852,28886,34
walking,28903,28886,28903,17
stepping,28918,28903,28918,15
walking,28935,28918,28935,17
stepping,28953,28935,28953,18
climbing,29002,28953,29002,49
walking,29049,29002,29049,47
climbing,29067,29049,29067,18
rearing,29210,29067,29210,143
climbing,29257,29210,29257,47
grooming,29350,29257,29350,93
left_turning,29351,29350,29351,1
grooming,29718,29351,29718,367
left_turning,29880,29718,29880,162
walking,29917,29880,29917,37
sniffing,30027,29917,30027,110
grooming,30578,30027,30578,551
rearing,30579,30578,30579,1
hunching,30580,30579,30580,1
left_turning,30589,30580,30589,9
hunching,30590,30589,30590,1
grooming,30591,30590,30591,1
rearing,30677,30591,30677,86
climbing,30738,30677,30738,61
sniffing,30785,30738,30785,47
grooming,30977,30785,30977,192
scratching,30983,30977,30983,6
grooming,30984,30983,30984,1
climbing,31019,30984,31019,35
walking,31020,31019,31020,1
rising,31091,31020,31091,71
grooming,31214,31091,31214,123
climbing,31232,31214,31232,18
left_turning,31250,31232,31250,18
sniffing,31274,31250,31274,24
trotting,31309,31274,31309,35
sniffing,31351,31309,31351,42
rearing,31387,31351,31387,36
stepping,31388,31387,31388,1
climbing,31398,31388,31398,10
running,31417,31398,31417,19
walking,31436,31417,31436,19
trotting,31440,31436,31440,4
sniffing,31513,31440,31513,73
grooming,32348,31513,32348,835
climbing,32386,32348,32386,38
rising,32553,32386,32553,167
climbing,32596,32553,32596,43
grooming,32747,32596,32747,151
rearing,32936,32747,32936,189
stepping,32959,32936,32959,23
grooming,33626,32959,33626,667
hunching,33627,33626,33627,1
rising,33686,33627,33686,59
grooming,34062,33686,34062,376
sniffing,34063,34062,34063,1
walking,34077,34063,34077,14
sniffing,34122,34077,34122,45
stepping,34169,34122,34169,47
sniffing,34193,34169,34193,24
stepping,34244,34193,34244,51
rising,34245,34244,34245,1
climbing,34324,34245,34324,79
running,34331,34324,34331,7
trotting,34368,34331,34368,37
grooming,34369,34368,34369,1
scratching,34379,34369,34379,10
right_turning,34430,34379,34430,51
walking,34474,34430,34474,44
stepping,34477,34474,34477,3
rearing,34618,34477,34618,141
walking,34619,34618,34619,1
sniffing,34623,34619,34623,4
climbing,34678,34623,34678,55
right_turning,34697,34678,34697,19
stepping,34718,34697,34718,21
left_turning,34719,34718,34719,1
scratching,34790,34719,34790,71
grooming,34791,34790,34791,1
climbing,34817,34791,34817,26
rising,34863,34817,34863,46
sniffing,34903,34863,34903,40
grooming,35112,34903,35112,209
walking,35134,35112,35134,22
grooming,35340,35134,35340,206
rearing,35391,35340,35391,51
grooming,35466,35391,35466,75
left_turning,35468,35466,35468,2
walking,35469,35468,35469,1
sniffing,35492,35469,35492,23
walking,35494,35492,35494,2
sniffing,35536,35494,35536,42
walking,35545,35536,35545,9
sniffing,35603,35545,35603,58
grooming,35604,35603,35604,1
hunching,35648,35604,35648,44
rearing,35679,35648,35679,31
hunching,35715,35679,35715,36
grooming,35716,35715,35716,1
sniffing,35756,35716,35756,40
running,35782,35756,35782,26
sniffing,35783,35782,35783,1
grooming,35784,35783,35784,1
hunching,35819,35784,35819,35
grooming,35830,35819,35830,11
walking,35848,35830,35848,18
sniffing,35909,35848,35909,61
stepping,35915,35909,35915,6
sniffing,35919,35915,35919,4
scratching,35923,35919,35923,4
right_turning,35950,35923,35950,27
walking,35958,35950,35958,8
left_turning,35991,35958,35991,33
walking,36024,35991,36024,33
trotting,36044,36024,36044,20
walking,36085,36044,36085,41
sniffing,36120,36085,36120,35
grooming,36271,36120,36271,151
rearing,36300,36271,36300,29
running,36318,36300,36318,18
walking,36332,36318,36332,14
rising,36368,36332,36368,36
grooming,36517,36368,36517,149
rearing,36580,36517,36580,63
walking,36608,36580,36608,28
sniffing,36609,36608,36609,1
stepping,36612,36609,36612,3
sniffing,36619,36612,36619,7
climbing,36662,36619,36662,43
rearing,36750,36662,36750,88
grooming,36806,36750,36806,56
rearing,36807,36806,36807,1
stepping,36845,36807,36845,38
trotting,36860,36845,36860,15
walking,36897,36860,36897,37
grooming,37044,36897,37044,147
stepping,37127,37044,37127,83
rearing,37216,37127,37216,89
climbing,37293,37216,37293,77
grooming,37294,37293,37294,1
rearing,37316,37294,37316,22
sniffing,37409,37316,37409,93
stepping,37434,37409,37434,25
climbing,37478,37434,37478,44
rearing,37525,37478,37525,47
grooming,37622,37525,37622,97
stepping,37623,37622,37623,1
walking,37625,37623,37625,2
stepping,37668,37625,37668,43
sniffing,37724,37668,37724,56
grooming,37977,37724,37977,253
sniffing,38109,37977,38109,132
trotting,38139,38109,38139,30
sniffing,38174,38139,38174,35
rising,38217,38174,38217,43
stepping,38244,38217,38244,27
trotting,38284,38244,38284,40
walking,38288,38284,38288,4
sniffing,38385,38288,38385,97
grooming,38386,38385,38386,1
stepping,38410,38386,38410,24
trotting,38436,38410,38436,26
stepping,38474,38436,38474,38
sniffing,38475,38474,38475,1
rising,38516,38475,38516,41
rearing,38532,38516,38532,16
climbing,38552,38532,38552,20
rearing,38654,38552,38654,102
hunching,38751,38654,38751,97
stepping,38799,38751,38799,48
walking,38814,38799,38814,15
right_turning,38839,38814,38839,25
grooming,38960,38839,38960,121
rising,38998,38960,38998,38
walking,39057,38998,39057,59
rising,39071,39057,39071,14
climbing,39103,39071,39103,32
right_turning,39108,39103,39108,5
walking,39152,39108,39152,44
grooming,39153,39152,39153,1
walking,39165,39153,39165,12
stepping,39172,39165,39172,7
right_turning,39197,39172,39197,25
stepping,39221,39197,39221,24
grooming,39330,39221,39330,109
rearing,39331,39330,39331,1
grooming,39437,39331,39437,106
walking,39457,39437,39457,20
trotting,39494,39457,39494,37
grooming,39518,39494,39518,24
rising,39558,39518,39558,40
stepping,39569,39558,39569,11
walking,39595,39569,39595,26
sniffing,39647,39595,39647,52
walking,39672,39647,39672,25
trotting,39697,39672,39697,25
right_turning,39727,39697,39727,30
grooming,39881,39727,39881,154
climbing,39913,39881,39913,32
sniffing,39945,39913,39945,32
rearing,39946,39945,39946,1
climbing,39970,39946,39970,24
stepping,40026,39970,40026,56
walking,40043,40026,40043,17
stepping,40068,40043,40068,25
trotting,40103,40068,40103,35
stepping,40124,40103,40124,21
rearing,40194,40124,40194,70
hunching,40216,40194,40216,22
rearing,40258,40216,40258,42
walking,40268,40258,40268,10
stepping,40296,40268,40296,28
grooming,40666,40296,40666,370
rearing,41033,40666,41033,367
grooming,41071,41033,41071,38
hunching,41082,41071,41082,11
climbing,41118,41082,41118,36
sniffing,41215,41118,41215,97
rising,41216,41215,41216,1
grooming,41233,41216,41233,17
sniffing,41245,41233,41245,12
rising,41285,41245,41285,40
grooming,41348,41285,41348,63
hunching,41357,41348,41357,9
grooming,41426,41357,41426,69
scratching,41487,41426,41487,61
stepping,41518,41487,41518,31
climbing,41548,41518,41548,30
grooming,41724,41548,41724,176
rearing,41725,41724,41725,1
hunching,41816,41725,41816,91
grooming,41817,41816,41817,1
sniffing,41881,41817,41881,64
stepping,41900,41881,41900,19
sniffing,41971,41900,41971,71
stepping,42013,41971,42013,42
rearing,42105,42013,42105,92
jumping,42141,42105,42141,36
right_turning,42160,42141,42160,19
running,42167,42160,42167,7
grooming,42183,42167,42183,16
sniffing,42281,42183,42281,98
scratching,42319,42281,42319,38
left_turning,42348,42319,42348,29
walking,42389,42348,42389,41
stepping,42420,42389,42420,31
sniffing,42488,42420,42488,68
stepping,42523,42488,42523,35
sniffing,42657,42523,42657,134
stepping,42669,42657,42669,12
sniffing,42730,42669,42730,61
grooming,43093,42730,43093,363
hunching,43218,43093,43218,125
rearing,43287,43218,43287,69
grooming,43383,43287,43383,96
hunching,43384,43383,43384,1
rearing,43385,43384,43385,1
rising,43386,43385,43386,1
rearing,43410,43386,43410,24
grooming,43425,43410,43425,15
rearing,43496,43425,43496,71
hunching,43502,43496,43502,6
grooming,43503,43502,43503,1
sniffing,43521,43503,43521,18
right_turning,43549,43521,43549,28
walking,43586,43549,43586,37
rising,43626,43586,43626,40
sniffing,43634,43626,43634,8
left_turning,43679,43634,43679,45
sniffing,43773,43679,43773,94
grooming,43894,43773,43894,121
rising,43928,43894,43928,34
climbing,43973,43928,43973,45
walking,44030,43973,44030,57
grooming,44256,44030,44256,226
sniffing,44282,44256,44282,26
left_turning,44334,44282,44334,52
walking,44377,44334,44377,43
sniffing,44454,44377,44454,77
right_turning,44507,44454,44507,53
stepping,44517,44507,44517,10
rising,44566,44517,44566,49
grooming,44625,44566,44625,59
right_turning,44630,44625,44630,5
walking,44638,44630,44638,8
sniffing,44653,44638,44653,15
climbing,44697,44653,44697,44
rearing,44738,44697,44738,41
sniffing,44795,44738,44795,57
rising,44826,44795,44826,31
sniffing,44832,44826,44832,6
stepping,44874,44832,44874,42
sniffing,44888,44874,44888,14
grooming,44889,44888,44889,1
sniffing,44890,44889,44890,1
trotting,44929,44890,44929,39
sniffing,44953,44929,44953,24
walking,44987,44953,44987,34
sniffing,44988,44987,44988,1
rising,44999,44988,44999,11
sniffing,45047,44999,45047,48
right_turning,45048,45047,45048,1
stepping,45086,45048,45086,38
climbing,45122,45086,45122,36
rearing,45123,45122,45123,1
rising,45145,45123,45145,22
rearing,45190,45145,45190,45
sniffing,45244,45190,45244,54
walking,45245,45244,45245,1
sniffing,45283,45245,45283,38
stepping,45302,45283,45302,19
rearing,45303,45302,45303,1
grooming,45394,45303,45394,91
left_turning,45447,45394,45447,53
sniffing,45484,45447,45484,37
trotting,45498,45484,45498,14
sniffing,45521,45498,45521,23
stepping,45535,45521,45535,14
running,45556,45535,45556,21
sniffing,45567,45556,45567,11
grooming,45714,45567,45714,147
rearing,45736,45714,45736,22
climbing,45746,45736,45746,10
walking,45767,45746,45767,21
stepping,45815,45767,45815,48
walking,45843,45815,45843,28
rising,45844,45843,45844,1
scratching,45845,45844,45845,1
grooming,45846,45845,45846,1
right_turning,45888,45846,45888,42
walking,45890,45888,45890,2
sniffing,45938,45890,45938,48
right_turning,45942,45938,45942,4
sniffing,45943,45942,45943,1
walking,45987,45943,45987,44
climbing,46081,45987,46081,94
stepping,46161,46081,46161,80
climbing,46194,46161,46194,33
rearing,46254,46194,46254,60
grooming,46482,46254,46482,228
sniffing,46516,46482,46516,34
left_turning,46579,46516,46579,63
rising,46606,46579,46606,27
sniffing,46663,46606,46663,57
right_turning,46700,46663,46700,37
sniffing,46701,46700,46701,1
rearing,46750,46701,46750,49
grooming,46986,46750,46986,236
sniffing,46987,46986,46987,1
rising,46988,46987,46988,1
rearing,47062,46988,47062,74
stepping,47116,47062,47116,54
right_turning,47144,47116,47144,28
sniffing,47202,47144,47202,58
stepping,47229,47202,47229,27
sniffing,47302,47229,47302,73
walking,47328,47302,47328,26
sniffing,47418,47328,47418,90
walking,47457,47418,47457,39
rearing,47529,47457,47529,72
hunching,47530,47529,47530,1
walking,47579,47530,47579,49
right_turning,47609,47579,47609,30
walking,47610,47609,47610,1
sniffing,47633,47610,47633,23
walking,47664,47633,47664,31
right_turning,47689,47664,47689,25
walking,47722,47689,47722,33
right_turning,47762,47722,47762,40
sniffing,47782,47762,47782,20
walking,47810,47782,47810,28
sniffing,47855,47810,47855,45
walking,47884,47855,47884,29
sniffing,47966,47884,47966,82
left_turning,48005,47966,48005,39
sniffing,48041,48005,48041,36
rising,48059,48041,48059,18
sniffing,48131,48059,48131,72
scratching,48364,48131,48364,233
sniffing,48382,48364,48382,18
walking,48412,48382,48412,30
sniffing,48470,48412,48470,58
stepping,48511,48470,48511,41
trotting,48536,48511,48536,25
climbing,48549,48536,48549,13
grooming,48617,48549,48617,68
rearing,48694,48617,48694,77
hunching,48695,48694,48695,1
rearing,48769,48695,48769,74
grooming,48770,48769,48770,1
scratching,48821,48770,48821,51
grooming,49000,48821,49000,179
walking,49044,49000,49044,44
sniffing,49076,49044,49076,32
rising,49090,49076,49090,14
climbing,49136,49090,49136,46
rearing,49189,49136,49189,53
running,49213,49189,49213,24
stepping,49227,49213,49227,14
sniffing,49300,49227,49300,73
rearing,49400,49300,49400,100
climbing,49456,49400,49456,56
grooming,50201,49456,50201,745
rearing,50204,50201,50204,3
grooming,50205,50204,50205,1
walking,50206,50205,50206,1
stepping,50222,50206,50222,16
rising,50223,50222,50223,1
left_turning,50238,50223,50238,15
walking,50266,50238,50266,28
right_turning,50289,50266,50289,23
walking,50308,50289,50308,19
climbing,50346,50308,50346,38
walking,50367,50346,50367,21
sniffing,50368,50367,50368,1
grooming,50616,50368,50616,248
rearing,50663,50616,50663,47
grooming,50664,50663,50664,1
climbing,50727,50664,50727,63
grooming,50728,50727,50728,1
climbing,50780,50728,50780,52
trotting,50816,50780,50816,36
walking,50885,50816,50885,69
stepping,50937,50885,50937,52
walking,50938,50937,50938,1
sniffing,51063,50938,51063,125
walking,51083,51063,51083,20
sniffing,51086,51083,51086,3
right_turning,51103,51086,51103,17
left_turning,51106,51103,51106,3
sniffing,51107,51106,51107,1
stepping,51131,51107,51131,24
sniffing,51173,51131,51173,42
left_turning,51212,51173,51212,39
stepping,51252,51212,51252,40
trotting,51284,51252,51284,32
sniffing,51360,51284,51360,76
walking,51393,51360,51393,33
sniffing,51473,51393,51473,80
grooming,51810,51473,51810,337
sniffing,51881,51810,51881,71
walking,51959,51881,51959,78
stepping,51976,51959,51976,17
walking,52017,51976,52017,41
stepping,52042,52017,52042,25
sniffing,52230,52042,52230,188
right_turning,52268,52230,52268,38
trotting,52302,52268,52302,34
walking,52337,52302,52337,35
stepping,52410,52337,52410,73
trotting,52448,52410,52448,38
stepping,52492,52448,52492,44
rising,52528,52492,52528,36
grooming,52529,52528,52529,1
hunching,52533,52529,52533,4
rearing,52534,52533,52534,1
grooming,52535,52534,52535,1
sniffing,52574,52535,52574,39
grooming,52717,52574,52717,143
rising,52718,52717,52718,1
rearing,52766,52718,52766,48
climbing,52808,52766,52808,42
stepping,52853,52808,52853,45
sniffing,52885,52853,52885,32
walking,52890,52885,52890,5
sniffing,52898,52890,52898,8
walking,52973,52898,52973,75
sniffing,52983,52973,52983,10
walking,53001,52983,53001,18
stepping,53039,53001,53039,38
grooming,53249,53039,53249,210
rearing,53300,53249,53300,51
rising,53330,53300,53330,30
sniffing,53402,53330,53402,72
grooming,53403,53402,53403,1
sniffing,53426,53403,53426,23
stepping,53440,53426,53440,14
sniffing,53529,53440,53529,89
walking,53552,53529,53552,23
sniffing,53587,53552,53587,35
stepping,53597,53587,53597,10
walking,53618,53597,53618,21
trotting,53633,53618,53633,15
walking,53655,53633,53655,22
stepping,53716,53655,53716,61
rising,53717,53716,53717,1
grooming,53718,53717,53718,1
rearing,53719,53718,53719,1
rising,53800,53719,53800,81
right_turning,53818,53800,53818,18
rising,53838,53818,53838,20
rearing,53902,53838,53902,64
hunching,53926,53902,53926,24
grooming,54043,53926,54043,117
rearing,54050,54043,54050,7
grooming,54099,54050,54099,49
left_turning,54100,54099,54100,1
rearing,54222,54100,54222,122
sniffing,54246,54222,54246,24
rising,54247,54246,54247,1
grooming,54296,54247,54296,49
rising,54297,54296,54297,1
sniffing,54540,54297,54540,243
rising,54574,54540,54574,34
left_turning,54598,54574,54598,24
sniffing,54601,54598,54601,3
grooming,54602,54601,54602,1
hunching,54707,54602,54707,105
grooming,54826,54707,54826,119
sniffing,54872,54826,54872,46
grooming,54873,54872,54873,1
stepping,54900,54873,54900,27
grooming,54928,54900,54928,28
left_turning,54946,54928,54946,18
rising,54988,54946,54988,42
rearing,55026,54988,55026,38
grooming,55027,55026,55027,1
sniffing,55068,55027,55068,41
rising,55090,55068,55090,22
walking,55113,55090,55113,23
stepping,55127,55113,55127,14
sniffing,55143,55127,55143,16
stepping,55167,55143,55167,24
climbing,55217,55167,55217,50
grooming,55378,55217,55378,161
right_turning,55386,55378,55386,8
rising,55416,55386,55416,30
rearing,55442,55416,55442,26
grooming,55597,55442,55597,155
rising,55639,55597,55639,42
rearing,55691,55639,55691,52
hunching,55797,55691,55797,106
right_turning,55842,55797,55842,45
trotting,55891,55842,55891,49
stepping,55895,55891,55895,4
sniffing,55922,55895,55922,27
rising,55923,55922,55923,1
stepping,55996,55923,55996,73
walking,56005,55996,56005,9
stepping,56068,56005,56068,63
sniffing,56124,56068,56124,56
trotting,56172,56124,56172,48
sniffing,56193,56172,56193,21
walking,56231,56193,56231,38
rising,56235,56231,56235,4
rearing,56236,56235,56236,1
walking,56277,56236,56277,41
rising,56278,56277,56278,1
climbing,56303,56278,56303,25
trotting,56322,56303,56322,19
stepping,56366,56322,56366,44
grooming,56686,56366,56686,320
hunching,56867,56686,56867,181
grooming,56868,56867,56868,1
rising,56880,56868,56880,12
sniffing,56902,56880,56902,22
stepping,56952,56902,56952,50
walking,56964,56952,56964,12
grooming,56965,56964,56965,1
climbing,56975,56965,56975,10
grooming,57120,56975,57120,145
rearing,57121,57120,57121,1
grooming,58066,57121,58066,945
walking,58083,58066,58083,17
left_turning,58125,58083,58125,42
running,58147,58125,58147,22
trotting,58207,58147,58207,60
stepping,58311,58207,58311,104
sniffing,58335,58311,58335,24
walking,58354,58335,58354,19
sniffing,58363,58354,58363,9
stepping,58394,58363,58394,31
rising,58457,58394,58457,63
climbing,58471,58457,58471,14
rising,58506,58471,58506,35
sniffing,58623,58506,58623,117
climbing,58661,58623,58661,38
left_turning,58724,58661,58724,63
sniffing,58749,58724,58749,25
grooming,58827,58749,58827,78
left_turning,58864,58827,58864,37
sniffing,58874,58864,58874,10
left_turning,59046,58874,59046,172
walking,59072,59046,59072,26
right_turning,59124,59072,59124,52
trotting,59195,59124,59195,71
sniffing,59196,59195,59196,1
rising,59272,59196,59272,76
climbing,59322,59272,59322,50
left_turning,59431,59322,59431,109
trotting,59440,59431,59440,9
walking,59464,59440,59464,24
sniffing,59595,59464,59595,131
right_turning,59605,59595,59605,10
sniffing,59712,59605,59712,107
grooming,59909,59712,59909,197
left_turning,59950,59909,59950,41
sniffing,60074,59950,60074,124
grooming,60223,60074,60223,149
sniffing,60244,60223,60244,21
running,60270,60244,60270,26
rearing,60355,60270,60355,85
rising,60356,60355,60356,1
climbing,60431,60356,60431,75
walking,60464,60431,60464,33
left_turning,60487,60464,60487,23
grooming,60490,60487,60490,3
climbing,60530,60490,60530,40
left_turning,60612,60530,60612,82
walking,60656,60612,60656,44
left_turning,60702,60656,60702,46
sniffing,60703,60702,60703,1
rearing,60715,60703,60715,12
climbing,60751,60715,60751,36
stepping,60769,60751,60769,18
trotting,60825,60769,60825,56
walking,60832,60825,60832,7
stepping,60833,60832,60833,1
sniffing,60843,60833,60843,10
left_turning,60886,60843,60886,43
running,60908,60886,60908,22
sniffing,60959,60908,60959,51
rising,60990,60959,60990,31
grooming,61250,60990,61250,260
left_turning,61287,61250,61287,37
sniffing,61288,61287,61288,1
walking,61380,61288,61380,92
climbing,61405,61380,61405,25
trotting,61429,61405,61429,24
rising,61473,61429,61473,44
climbing,61481,61473,61481,8
walking,61482,61481,61482,1
sniffing,61512,61482,61512,30
walking,61523,61512,61523,11
sniffing,61547,61523,61547,24
walking,61558,61547,61558,11
stepping,61590,61558,61590,32
sniffing,61724,61590,61724,134
rearing,61785,61724,61785,61
climbing,61838,61785,61838,53
running,61885,61838,61885,47
walking,61912,61885,61912,27
sniffing,61954,61912,61954,42
left_turning,61962,61954,61962,8
sniffing,61995,61962,61995,33
stepping,62027,61995,62027,32
sniffing,62105,62027,62105,78
stepping,62122,62105,62122,17
climbing,62150,62122,62150,28
grooming,62151,62150,62151,1
left_turning,62192,62151,62192,41
sniffing,62198,62192,62198,6
rearing,62262,62198,62262,64
grooming,62371,62262,62371,109
hunching,62439,62371,62439,68
grooming,62440,62439,62440,1
stepping,62470,62440,62470,30
sniffing,62474,62470,62474,4
rising,62526,62474,62526,52
climbing,62533,62526,62533,7
rearing,62640,62533,62640,107
climbing,62696,62640,62696,56
sniffing,62756,62696,62756,60
stepping,62791,62756,62791,35
sniffing,62802,62791,62802,11
grooming,62959,62802,62959,157
left_turning,63012,62959,63012,53
grooming,63013,63012,63013,1
hunching,63081,63013,63081,68
grooming,63477,63081,63477,396
rearing,63568,63477,63568,91
grooming,63573,63568,63573,5
walking,63650,63573,63650,77
stepping,63667,63650,63667,17
sniffing,63807,63667,63807,140
walking,63834,63807,63834,27
sniffing,63953,63834,63953,119
rising,63980,63953,63980,27
sniffing,64000,63980,64000,20
rearing,64032,64000,64032,32
grooming,64133,64032,64133,101
rising,64210,64133,64210,77
rearing,64239,64210,64239,29
grooming,64240,64239,64240,1
sniffing,64341,64240,64341,101
walking,64393,64341,64393,52
sniffing,64420,64393,64420,27
right_turning,64460,64420,64460,40
sniffing,64504,64460,64504,44
stepping,64534,64504,64534,30
walking,64578,64534,64578,44
sniffing,64579,64578,64579,1
stepping,64664,64579,64664,85
grooming,65814,64664,65814,1150
rearing,65977,65814,65977,163
rising,65978,65977,65978,1
climbing,66036,65978,66036,58
sniffing,66185,66036,66185,149
walking,66206,66185,66206,21
climbing,66310,66206,66310,104
trotting,66324,66310,66324,14
rising,66354,66324,66354,30
rearing,66369,66354,66369,15
rising,66438,66369,66438,69
left_turning,66439,66438,66439,1
sniffing,66451,66439,66451,12
walking,66480,66451,66480,29
rising,66519,66480,66519,39
grooming,66974,66519,66974,455
rising,66984,66974,66984,10
left_turning,67100,66984,67100,116
sniffing,67149,67100,67149,49
climbing,67202,67149,67202,53
rearing,67237,67202,67237,35
hunching,67286,67237,67286,49
grooming,67584,67286,67584,298
left_turning,67610,67584,67610,26
running,67628,67610,67628,18
right_turning,67639,67628,67639,11
sniffing,67658,67639,67658,19
stepping,67705,67658,67705,47
sniffing,67706,67705,67706,1
climbing,67742,67706,67742,36
walking,67791,67742,67791,49
stepping,67823,67791,67823,32
walking,67832,67823,67832,9
sniffing,67833,67832,67833,1
right_turning,67856,67833,67856,23
stepping,67870,67856,67870,14
sniffing,67919,67870,67919,49
stepping,67953,67919,67953,34
sniffing,68000,67953,68000,47
trotting,68032,68000,68032,32
rearing,68088,68032,68088,56
grooming,68089,68088,68089,1
sniffing,68170,68089,68170,81
walking,68197,68170,68197,27
climbing,68241,68197,68241,44
grooming,68242,68241,68242,1
sniffing,68285,68242,68285,43
rearing,68337,68285,68337,52
sniffing,68400,68337,68400,63
trotting,68443,68400,68443,43
rising,68467,68443,68467,24
hunching,68584,68467,68584,117
grooming,68710,68584,68710,126
rising,68717,68710,68717,7
grooming,68718,68717,68718,1
walking,68745,68718,68745,27
trotting,68803,68745,68803,58
walking,68836,68803,68836,33
sniffing,68837,68836,68837,1
grooming,68944,68837,68944,107
rearing,68945,68944,68945,1
climbing,68986,68945,68986,41
rearing,68987,68986,68987,1
climbing,69032,68987,69032,45
trotting,69062,69032,69062,30
rising,69145,69062,69145,83
rearing,69146,69145,69146,1
rising,69147,69146,69147,1
rearing,69210,69147,69210,63
grooming,69340,69210,69340,130
stepping,69346,69340,69346,6
climbing,69433,69346,69433,87
rearing,69522,69433,69522,89
grooming,69641,69522,69641,119
rearing,69713,69641,69713,72
grooming,69817,69713,69817,104
rearing,69911,69817,69911,94
climbing,69948,69911,69948,37
walking,69998,69948,69998,50
sniffing,70054,69998,70054,56
rising,70119,70054,70119,65
hunching,70166,70119,70166,47
rearing,70176,70166,70176,10
stepping,70188,70176,70188,12
grooming,70552,70188,70552,364
rising,70569,70552,70569,17
stepping,70577,70569,70577,8
sniffing,70615,70577,70615,38
grooming,70636,70615,70636,21
walking,70687,70636,70687,51
sniffing,70736,70687,70736,49
stepping,70761,70736,70761,25
rearing,70762,70761,70762,1
walking,70810,70762,70810,48
sniffing,70811,70810,70811,1
stepping,70821,70811,70821,10
rearing,70911,70821,70911,90
sniffing,70927,70911,70927,16
rising,70943,70927,70943,16
grooming,71018,70943,71018,75
hunching,71078,71018,71078,60
grooming,71303,71078,71303,225
walking,71349,71303,71349,46
sniffing,71354,71349,71354,5
rearing,71401,71354,71401,47
left_turning,71449,71401,71449,48
rising,71466,71449,71466,17
climbing,71477,71466,71477,11
sniffing,71492,71477,71492,15
trotting,71515,71492,71515,23
rearing,71636,71515,71636,121
walking,71673,71636,71673,37
rearing,71674,71673,71674,1
walking,71693,71674,71693,19
rising,71732,71693,71732,39
sniffing,71752,71732,71752,20
trotting,71761,71752,71761,9
walking,71783,71761,71783,22
rising,71800,71783,71800,17
sniffing,71801,71800,71801,1
left_turning,71802,71801,71802,1
stepping,71880,71802,71880,78
walking,71948,71880,71948,68
sniffing,72007,71948,72007,59
rearing,72038,72007,72038,31
rising,72062,72038,72062,24
walking,72068,72062,72068,6
sniffing,72103,72068,72103,35
walking,72115,72103,72115,12
stepping,72129,72115,72129,14
climbing,72130,72129,72130,1
grooming,72676,72130,72676,546
left_turning,72697,72676,72697,21
walking,72715,72697,72715,18
rising,72796,72715,72796,81
sniffing,72855,72796,72855,59
grooming,73047,72855,73047,192
scratching,73073,73047,73073,26
grooming,73114,73073,73114,41
rearing,73212,73114,73212,98
running,73243,73212,73243,31
rising,73292,73243,73292,49
rearing,73299,73292,73299,7
grooming,73348,73299,73348,49
rearing,73382,73348,73382,34
grooming,73383,73382,73383,1
sniffing,73421,73383,73421,38
grooming,73501,73421,73501,80
walking,73520,73501,73520,19
sniffing,73521,73520,73521,1
rising,73579,73521,73579,58
left_turning,73600,73579,73600,21
stepping,73637,73600,73637,37
trotting,73672,73637,73672,35
sniffing,73713,73672,73713,41
stepping,73752,73713,73752,39
grooming,73779,73752,73779,27
sniffing,73791,73779,73791,12
rising,73797,73791,73797,6
hunching,73844,73797,73844,47
left_turning,73845,73844,73845,1
stepping,73868,73845,73868,23
trotting,73916,73868,73916,48
stepping,73962,73916,73962,46
sniffing,73976,73962,73976,14
rising,73994,73976,73994,18
sniffing,74020,73994,74020,26
rearing,74063,74020,74063,43
climbing,74109,74063,74109,46
sniffing,74110,74109,74110,1
stepping,74111,74110,74111,1
grooming,74225,74111,74225,114
rearing,74250,74225,74250,25
sniffing,74251,74250,74251,1
rearing,74283,74251,74283,32
climbing,74366,74283,74366,83
stepping,74387,74366,74387,21
walking,74423,74387,74423,36
trotting,74450,74423,74450,27
walking,74480,74450,74480,30
sniffing,74580,74480,74580,100
stepping,74610,74580,74610,30
walking,74622,74610,74622,12
sniffing,74670,74622,74670,48
right_turning,74696,74670,74696,26
sniffing,74766,74696,74766,70
walking,74780,74766,74780,14
sniffing,74832,74780,74832,52
grooming,74833,74832,74833,1
trotting,74857,74833,74857,24
sniffing,74905,74857,74905,48
grooming,74953,74905,74953,48
rearing,75026,74953,75026,73
sniffing,75118,75026,75118,92
right_turning,75151,75118,75151,33
sniffing,75186,75151,75186,35
grooming,75228,75186,75228,42
sniffing,75278,75228,75278,50
walking,75306,75278,75306,28
sniffing,75307,75306,75307,1
grooming,75823,75307,75823,516
walking,75871,75823,75871,48
stepping,75899,75871,75899,28
sniffing,75977,75899,75977,78
right_turning,76020,75977,76020,43
walking,76091,76020,76091,71
rearing,76163,76091,76163,72
hunching,76180,76163,76180,17
rearing,76277,76180,76277,97
stepping,76282,76277,76282,5
climbing,76336,76282,76336,54
trotting,76391,76336,76391,55
walking,76423,76391,76423,32
trotting,76448,76423,76448,25
walking,76469,76448,76469,21
sniffing,76568,76469,76568,99
grooming,76675,76568,76675,107
hunching,76708,76675,76708,33
grooming,76709,76708,76709,1
running,76710,76709,76710,1
rising,76730,76710,76730,20
climbing,76738,76730,76738,8
trotting,76762,76738,76762,24
sniffing,76801,76762,76801,39
walking,76812,76801,76812,11
sniffing,76890,76812,76890,78
rearing,77115,76890,77115,225
sniffing,77172,77115,77172,57
stepping,77209,77172,77209,37
running,77235,77209,77235,26
walking,77287,77235,77287,52
rising,77318,77287,77318,31
climbing,77395,77318,77395,77
grooming,77573,77395,77573,178
rearing,77675,77573,77675,102
hunching,77687,77675,77687,12
rearing,77689,77687,77689,2
grooming,77864,77689,77864,175
scratching,77940,77864,77940,76
sniffing,77941,77940,77941,1
left_turning,77972,77941,77972,31
running,77999,77972,77999,27
walking,78037,77999,78037,38
sniffing,78051,78037,78051,14
rising,78056,78051,78056,5
walking,78071,78056,78071,15
stepping,78142,78071,78142,71
walking,78207,78142,78207,65
trotting,78208,78207,78208,1
left_turning,78293,78208,78293,85
stepping,78353,78293,78353,60
rearing,78465,78353,78465,112
grooming,78912,78465,78912,447
trotting,78916,78912,78916,4
walking,78938,78916,78938,22
sniffing,79017,78938,79017,79
grooming,79018,79017,79018,1
rearing,79091,79018,79091,73
left_turning,79092,79091,79092,1
rising,79109,79092,79109,17
grooming,80168,79109,80168,1059
rising,80169,80168,80169,1
left_turning,80172,80169,80172,3
walking,80187,80172,80187,15
running,80223,80187,80223,36
trotting,80249,80223,80249,26
walking,80278,80249,80278,29
rising,80279,80278,80279,1
climbing,80301,80279,80301,22
running,80327,80301,80327,26
sniffing,80401,80327,80401,74
rising,80463,80401,80463,62
climbing,80516,80463,80516,53
left_turning,80547,80516,80547,31
walking,80566,80547,80566,19
sniffing,80585,80566,80585,19
grooming,80586,80585,80586,1
hunching,80669,80586,80669,83
left_turning,80683,80669,80683,14
stepping,80690,80683,80690,7
walking,80691,80690,80691,1
sniffing,80692,80691,80692,1
climbing,80772,80692,80772,80
left_turning,80793,80772,80793,21
rising,80860,80793,80860,67
rearing,80937,80860,80937,77
hunching,80972,80937,80972,35
sniffing,81009,80972,81009,37
rising,81010,81009,81010,1
climbing,81053,81010,81053,43
right_turning,81058,81053,81058,5
sniffing,81098,81058,81098,40
grooming,81282,81098,81282,184
rearing,81331,81282,81331,49
grooming,81332,81331,81332,1
rearing,81333,81332,81333,1
running,81357,81333,81357,24
rearing,81453,81357,81453,96
climbing,81503,81453,81503,50
stepping,81519,81503,81519,16
sniffing,81570,81519,81570,51
stepping,81605,81570,81605,35
grooming,81651,81605,81651,46
rearing,81696,81651,81696,45
rising,81743,81696,81743,47
rearing,81774,81743,81774,31
left_turning,81818,81774,81818,44
sniffing,81819,81818,81819,1
running,81838,81819,81838,19
walking,81863,81838,81863,25
sniffing,81907,81863,81907,44
grooming,82512,81907,82512,605
left_turning,82557,82512,82557,45
grooming,82705,82557,82705,148
left_turning,82728,82705,82728,23
grooming,82894,82728,82894,166
rearing,82922,82894,82922,28
hunching,83025,82922,83025,103
rearing,83121,83025,83121,96
grooming,83122,83121,83122,1
rising,83185,83122,83185,63
stepping,83222,83185,83222,37
walking,83241,83222,83241,19
trotting,83259,83241,83259,18
walking,83303,83259,83303,44
stepping,83325,83303,83325,22
sniffing,83373,83325,83373,48
rearing,83431,83373,83431,58
stepping,83442,83431,83442,11
rising,83476,83442,83476,34
stepping,83515,83476,83515,39
sniffing,83516,83515,83516,1
walking,83541,83516,83541,25
climbing,83577,83541,83577,36
left_turning,83632,83577,83632,55
sniffing,83633,83632,83633,1
left_turning,83726,83633,83726,93
sniffing,83773,83726,83773,47
hunching,83783,83773,83783,10
rearing,83784,83783,83784,1
grooming,84058,83784,84058,274
stepping,84059,84058,84059,1
sniffing,84119,84059,84119,60
rising,84120,84119,84120,1
grooming,84676,84120,84676,556
rearing,84677,84676,84677,1
hunching,84784,84677,84784,107
grooming,85041,84784,85041,257
rearing,85042,85041,85042,1
climbing,85062,85042,85062,20
left_turning,85063,85062,85063,1
stepping,85096,85063,85096,33
sniffing,85122,85096,85122,26
climbing,85125,85122,85125,3
right_turning,85126,85125,85126,1
grooming,85818,85126,85818,692
climbing,85882,85818,85882,64
grooming,85903,85882,85903,21
climbing,85948,85903,85948,45
rearing,86014,85948,86014,66
sniffing,86160,86014,86160,146
rising,86183,86160,86183,23
grooming,86184,86183,86184,1
hunching,86201,86184,86201,17
rearing,86275,86201,86275,74
grooming,86552,86275,86552,277
sniffing,86574,86552,86574,22
stepping,86603,86574,86603,29
walking,86626,86603,86626,23
sniffing,86717,86626,86717,91
climbing,86730,86717,86730,13
sniffing,86731,86730,86731,1
stepping,86767,86731,86767,36
sniffing,86804,86767,86804,37
rising,86828,86804,86828,24
sniffing,86941,86828,86941,113
rearing,86959,86941,86959,18
grooming,86960,86959,86960,1
walking,86983,86960,86983,23
sniffing,86995,86983,86995,12
walking,87025,86995,87025,30
sniffing,87153,87025,87153,128
right_turning,87182,87153,87182,29
sniffing,87249,87182,87249,67
scratching,87274,87249,87274,25
grooming,87275,87274,87275,1
rising,87276,87275,87276,1
sniffing,87283,87276,87283,7
grooming,87284,87283,87284,1
hunching,87378,87284,87378,94
sniffing,87394,87378,87394,16
trotting,87412,87394,87412,18
climbing,87427,87412,87427,15
stepping,87451,87427,87451,24
climbing,87452,87451,87452,1
grooming,87731,87452,87731,279
hunching,87782,87731,87782,51
grooming,87936,87782,87936,154
left_turning,87937,87936,87937,1
rising,87968,87937,87968,31
climbing,87999,87968,87999,31
walking,88034,87999,88034,35
trotting,88051,88034,88051,17
sniffing,88125,88051,88125,74
rising,88126,88125,88126,1
hunching,88165,88126,88165,39
rising,88205,88165,88205,40
climbing,88226,88205,88226,21
left_turning,88302,88226,88302,76
walking,88345,88302,88345,43
trotting,88366,88345,88366,21
sniffing,88367,88366,88367,1
stepping,88403,88367,88403,36
sniffing,88459,88403,88459,56
rearing,88565,88459,88565,106
grooming,88667,88565,88667,102
rearing,88847,88667,88847,180
rising,88874,88847,88874,27
stepping,88911,88874,88911,37
trotting,88919,88911,88919,8
running,88946,88919,88946,27
right_turning,88963,88946,88963,17
climbing,88973,88963,88973,10
rearing,88974,88973,88974,1
grooming,88975,88974,88975,1
left_turning,88993,88975,88993,18
walking,89032,88993,89032,39
climbing,89143,89032,89143,111
sniffing,89163,89143,89163,20
walking,89205,89163,89205,42
sniffing,89255,89205,89255,50
rearing,89272,89255,89272,17
hunching,89343,89272,89343,71
grooming,89608,89343,89608,265
hunching,89635,89608,89635,27
rearing,89737,89635,89737,102
climbing,89745,89737,89745,8
trotting,89752,89745,89752,7
sniffing,89760,89752,89760,8
right_turning,89790,89760,89790,30
grooming,90041,89790,90041,251
walking,90042,90041,90042,1
sniffing,90045,90042,90045,3
rising,90061,90045,90061,16
sniffing,90081,90061,90081,20
walking,90109,90081,90109,28
rearing,90126,90109,90126,17
grooming,90154,90126,90154,28
rearing,90173,90154,90173,19
grooming,90174,90173,90174,1
climbing,90191,90174,90191,17
rising,90196,90191,90196,5
climbing,90249,90196,90249,53
walking,90302,90249,90302,53
trotting,90314,90302,90314,12
walking,90355,90314,90355,41
stepping,90369,90355,90369,14
right_turning,90393,90369,90393,24
rising,90585,90393,90585,192
grooming,90652,90585,90652,67
rearing,90695,90652,90695,43
rising,90710,90695,90710,15
right_turning,90762,90710,90762,52
stepping,90771,90762,90771,9
rising,90814,90771,90814,43
stepping,90839,90814,90839,25
trotting,90867,90839,90867,28
walking,90879,90867,90879,12
sniffing,90940,90879,90940,61
left_turning,90941,90940,90941,1
sniffing,90942,90941,90942,1
stepping,91011,90942,91011,69
rising,91014,91011,91014,3
walking,91025,91014,91025,11
stepping,91100,91025,91100,75
sniffing,91111,91100,91111,11
rising,91142,91111,91142,31
stepping,91158,91142,91158,16
sniffing,91187,91158,91187,29
rising,91195,91187,91195,8
stepping,91204,91195,91204,9
sniffing,91268,91204,91268,64
grooming,91409,91268,91409,141
scratching,91485,91409,91485,76
rising,91530,91485,91530,45
sniffing,91570,91530,91570,40
stepping,91576,91570,91576,6
grooming,91690,91576,91690,114
walking,91717,91690,91717,27
sniffing,91718,91717,91718,1
rearing,91788,91718,91788,70
climbing,91789,91788,91789,1
rearing,91790,91789,91790,1
rising,91791,91790,91791,1
grooming,91887,91791,91887,96
rearing,91906,91887,91906,19
hunching,91952,91906,91952,46
left_turning,91970,91952,91970,18
walking,91977,91970,91977,7
stepping,92035,91977,92035,58
sniffing,92101,92035,92101,66
walking,92121,92101,92121,20
rearing,92137,92121,92137,16
grooming,92158,92137,92158,21
rising,92159,92158,92159,1
left_turning,92254,92159,92254,95
rising,92262,92254,92262,8
sniffing,92317,92262,92317,55
rising,92348,92317,92348,31
grooming,92451,92348,92451,103
rearing,92508,92451,92508,57
grooming,92610,92508,92610,102
rising,92611,92610,92611,1
left_turning,92637,92611,92637,26
walking,92644,92637,92644,7
rising,92680,92644,92680,36
climbing,92702,92680,92702,22
walking,92707,92702,92707,5
jumping,92708,92707,92708,1
rearing,92738,92708,92738,30
grooming,92739,92738,92739,1
climbing,92812,92739,92812,73
running,92831,92812,92831,19
climbing,92876,92831,92876,45
walking,92887,92876,92887,11
sniffing,92888,92887,92888,1
rising,92922,92888,92922,34
sniffing,92926,92922,92926,4
rising,92959,92926,92959,33
sniffing,92960,92959,92960,1
scratching,92983,92960,92983,23
sniffing,93003,92983,93003,20
rising,93034,93003,93034,31
rearing,93035,93034,93035,1
stepping,93050,93035,93050,15
walking,93060,93050,93060,10
stepping,93120,93060,93120,60
rising,93133,93120,93133,13
sniffing,93303,93133,93303,170
right_turning,93347,93303,93347,44
stepping,93387,93347,93387,40
trotting,93409,93387,93409,22
rising,93484,93409,93484,75
grooming,93675,93484,93675,191
stepping,93705,93675,93705,30
climbing,93759,93705,93759,54
walking,93787,93759,93787,28
rising,93810,93787,93810,23
grooming,94258,93810,94258,448
climbing,94302,94258,94302,44
stepping,94387,94302,94387,85
sniffing,94455,94387,94455,68
grooming,94465,94455,94465,10
left_turning,94516,94465,94516,51
stepping,94524,94516,94524,8
rearing,94569,94524,94569,45
running,94589,94569,94589,20
rising,94590,94589,94590,1
rearing,94639,94590,94639,49
grooming,94742,94639,94742,103
climbing,94790,94742,94790,48
rearing,94851,94790,94851,61
stepping,94856,94851,94856,5
sniffing,94858,94856,94858,2
stepping,94871,94858,94871,13
running,94881,94871,94881,10
trotting,94902,94881,94902,21
sniffing,94931,94902,94931,29
walking,94932,94931,94932,1
stepping,94933,94932,94933,1
sniffing,95063,94933,95063,130
stepping,95105,95063,95105,42
walking,95123,95105,95123,18
sniffing,95124,95123,95124,1
stepping,95131,95124,95131,7
rising,95164,95131,95164,33
walking,95168,95164,95168,4
trotting,95214,95168,95214,46
rising,95224,95214,95224,10
sniffing,95292,95224,95292,68
left_turning,95316,95292,95316,24
sniffing,95328,95316,95328,12
grooming,95329,95328,95329,1
stepping,95342,95329,95342,13
grooming,95356,95342,95356,14
rising,95384,95356,95384,28
rearing,95485,95384,95485,101
rising,95552,95485,95552,67
rearing,95589,95552,95589,37
climbing,95610,95589,95610,21
rearing,95674,95610,95674,64
grooming,96106,95674,96106,432
rising,96139,96106,96139,33
climbing,96211,96139,96211,72
grooming,96365,96211,96365,154
left_turning,96412,96365,96412,47
right_turning,96458,96412,96458,46
walking,96500,96458,96500,42
sniffing,96544,96500,96544,44
grooming,96646,96544,96646,102
climbing,96680,96646,96680,34
sniffing,96702,96680,96702,22
pausing,96898,96702,96898,196
sniffing,97038,96898,97038,140
grooming,97039,97038,97039,1
right_turning,97067,97039,97067,28
walking,97078,97067,97078,11
grooming,97225,97078,97225,147
sniffing,97308,97225,97308,83
walking,97311,97308,97311,3
stepping,97330,97311,97330,19
trotting,97374,97330,97374,44
stepping,97394,97374,97394,20
sniffing,97395,97394,97395,1
rising,97396,97395,97396,1
sniffing,97466,97396,97466,70
walking,97548,97466,97548,82
rising,97577,97548,97577,29
climbing,97592,97577,97592,15
grooming,97687,97592,97687,95
rearing,97745,97687,97745,58
rising,97747,97745,97747,2
climbing,97792,97747,97792,45
right_turning,97793,97792,97793,1
rearing,97902,97793,97902,109
grooming,97995,97902,97995,93
hunching,97999,97995,97999,4
grooming,98091,97999,98091,92
stepping,98143,98091,98143,52
sniffing,98144,98143,98144,1
grooming,98205,98144,98205,61
stepping,98227,98205,98227,22
grooming,98230,98227,98230,3
climbing,98284,98230,98284,54
grooming,98385,98284,98385,101
rearing,98469,98385,98469,84
climbing,98537,98469,98537,68
walking,98543,98537,98543,6
trotting,98560,98543,98560,17
stepping,98561,98560,98561,1
sniffing,98612,98561,98612,51
stepping,98627,98612,98627,15
rising,98650,98627,98650,23
grooming,99019,98650,99019,369
hunching,99089,99019,99089,70
grooming,99090,99089,99090,1
sniffing,99136,99090,99136,46
stepping,99137,99136,99137,1
grooming,99138,99137,99138,1
climbing,99139,99138,99139,1
walking,99220,99139,99220,81
sniffing,99229,99220,99229,9
walking,99252,99229,99252,23
stepping,99293,99252,99293,41
grooming,99409,99293,99409,116
rearing,99416,99409,99416,7
grooming,99417,99416,99417,1
sniffing,99418,99417,99418,1
stepping,99426,99418,99426,8
trotting,99443,99426,99443,17
left_turning,99505,99443,99505,62
grooming,99653,99505,99653,148
hunching,99663,99653,99663,10
grooming,99819,99663,99819,156
hunching,99905,99819,99905,86
grooming,99941,99905,99941,36
rearing,99951,99941,99951,10
climbing,99992,99951,99992,41
hunching,99993,99992,99993,1
rearing,100101,99993,100101,108
sniffing,100102,100101,100102,1
rising,100153,100102,100153,51
sniffing,100201,100153,100201,48
walking,100215,100201,100215,14
climbing,100343,100215,100343,128
rearing,100367,100343,100367,24
rising,100368,100367,100368,1
grooming,100402,100368,100402,34
walking,100405,100402,100405,3
sniffing,100427,100405,100427,22
stepping,100448,100427,100448,21
sniffing,100542,100448,100542,94
left_turning,100580,100542,100580,38
rising,100682,100580,100682,102
grooming,100882,100682,100882,200
hunching,100883,100882,100883,1
grooming,101228,100883,101228,345
left_turning,101268,101228,101268,40
scratching,101311,101268,101311,43
sniffing,101462,101311,101462,151
walking,101495,101462,101495,33
sniffing,101572,101495,101572,77
rising,101573,101572,101573,1
sniffing,101694,101573,101694,121
left_turning,101781,101694,101781,87
climbing,101843,101781,101843,62
grooming,102420,101843,102420,577
sniffing,102421,102420,102421,1
walking,102425,102421,102425,4
sniffing,102477,102425,102477,52
rising,102478,102477,102478,1
sniffing,102527,102478,102527,49
walking,102562,102527,102562,35
sniffing,102612,102562,102612,50
rising,102704,102612,102704,92
sniffing,102775,102704,102775,71
walking,102790,102775,102790,15
sniffing,102843,102790,102843,53
left_turning,102860,102843,102860,17
sniffing,102897,102860,102897,37
grooming,103065,102897,103065,168
running,103091,103065,103091,26
walking,103097,103091,103097,6
sniffing,103208,103097,103208,111
grooming,103339,103208,103339,131
right_turning,103373,103339,103373,34
sniffing,103454,103373,103454,81
rising,103455,103454,103455,1
stepping,103474,103455,103474,19
sniffing,103536,103474,103536,62
grooming,103580,103536,103580,44
hunching,103624,103580,103624,44
grooming,103675,103624,103675,51
stepping,103682,103675,103682,7
rearing,103683,103682,103683,1
grooming,103721,103683,103721,38
hunching,103783,103721,103783,62
grooming,103890,103783,103890,107
walking,103911,103890,103911,21
stepping,103950,103911,103950,39
sniffing,103959,103950,103959,9
rising,103971,103959,103971,12
climbing,104057,103971,104057,86
grooming,104363,104057,104363,306
climbing,104412,104363,104412,49
sniffing,104503,104412,104503,91
stepping,104528,104503,104528,25
sniffing,104571,104528,104571,43
grooming,104674,104571,104674,103
rearing,104763,104674,104763,89
rising,104774,104763,104774,11
climbing,104829,104774,104829,55
rising,104889,104829,104889,60
climbing,104945,104889,104945,56
hunching,105266,104945,105266,321
stepping,105289,105266,105289,23
sniffing,105306,105289,105306,17
rising,105335,105306,105335,29
climbing,105391,105335,105391,56
rising,105512,105391,105512,121
climbing,105525,105512,105525,13
left_turning,105559,105525,105559,34
sniffing,105590,105559,105590,31
right_turning,105612,105590,105612,22
walking,105688,105612,105688,76
rearing,105767,105688,105767,79
grooming,105978,105767,105978,211
rearing,106088,105978,106088,110
stepping,106109,106088,106109,21
sniffing,106148,106109,106148,39
grooming,106149,106148,106149,1
climbing,106211,106149,106211,62
trotting,106236,106211,106236,25
walking,106255,106236,106255,19
sniffing,106256,106255,106256,1
grooming,106330,106256,106330,74
hunching,106355,106330,106355,25
grooming,106440,106355,106440,85
hunching,106510,106440,106510,70
grooming,106512,106510,106512,2
right_turning,106560,106512,106560,48
sniffing,106603,106560,106603,43
rising,106648,106603,106648,45
sniffing,106680,106648,106680,32
rising,106683,106680,106683,3
sniffing,106684,106683,106684,1
left_turning,106776,106684,106776,92
rearing,106918,106776,106918,142
hunching,106933,106918,106933,15
rearing,107006,106933,107006,73
grooming,107135,107006,107135,129
scratching,107282,107135,107282,147
grooming,107283,107282,107283,1
hunching,107285,107283,107285,2
rearing,107395,107285,107395,110
grooming,107521,107395,107521,126
rising,107527,107521,107527,6
stepping,107544,107527,107544,17
right_turning,107553,107544,107553,9
trotting,107581,107553,107581,28
sniffing,107582,107581,107582,1
grooming,108000,107582,108000,418
