revised_movement_label,segBoundary,segBoundary_start,segBoundary_end,length
sniffing,47,0,47,47
rising,88,47,88,41
grooming,288,88,288,200
right_turning,309,288,309,21
sniffing,367,309,367,58
rearing,368,367,368,1
left_turning,398,368,398,30
rearing,474,398,474,76
grooming,806,474,806,332
trotting,811,806,811,5
walking,853,811,853,42
right_turning,861,853,861,8
trotting,902,861,902,41
walking,976,902,976,74
sniffing,1026,976,1026,50
stepping,1047,1026,1047,21
sniffing,1103,1047,1103,56
walking,1143,1103,1143,40
grooming,1289,1143,1289,146
stepping,1354,1289,1354,65
walking,1391,1354,1391,37
stepping,1418,1391,1418,27
sniffing,1420,1418,1420,2
rising,1460,1420,1460,40
sniffing,1461,1460,1461,1
rearing,1544,1461,1544,83
rising,1545,1544,1545,1
rearing,1563,1545,1563,18
rising,1612,1563,1612,49
left_turning,1655,1612,1655,43
sniffing,1733,1655,1733,78
rising,1734,1733,1734,1
sniffing,1786,1734,1786,52
walking,1825,1786,1825,39
running,1894,1825,1894,69
walking,1970,1894,1970,76
grooming,2138,1970,2138,168
running,2179,2138,2179,41
rising,2192,2179,2192,13
sniffing,2220,2192,2220,28
rising,2221,2220,2221,1
sniffing,2269,2221,2269,48
walking,2302,2269,2302,33
sniffing,2303,2302,2303,1
stepping,2305,2303,2305,2
walking,2329,2305,2329,24
stepping,2361,2329,2361,32
walking,2401,2361,2401,40
stepping,2448,2401,2448,47
sniffing,2450,2448,2450,2
hunching,2535,2450,2535,85
sniffing,2565,2535,2565,30
right_turning,2592,2565,2592,27
running,2613,2592,2613,21
sniffing,2614,2613,2614,1
stepping,2648,2614,2648,34
rising,2653,2648,2653,5
stepping,2691,2653,2691,38
rising,2778,2691,2778,87
sniffing,2798,2778,2798,20
walking,2819,2798,2819,21
sniffing,2863,2819,2863,44
walking,2924,2863,2924,61
sniffing,2949,2924,2949,25
grooming,3008,2949,3008,59
stepping,3030,3008,3030,22
walking,3060,3030,3060,30
stepping,3071,3060,3071,11
sniffing,3081,3071,3081,10
rising,3148,3081,3148,67
sniffing,3200,3148,3200,52
rising,3317,3200,3317,117
left_turning,3318,3317,3318,1
rising,3341,3318,3341,23
walking,3357,3341,3357,16
sniffing,3387,3357,3387,30
rising,3439,3387,3439,52
left_turning,3497,3439,3497,58
walking,3547,3497,3547,50
sniffing,3608,3547,3608,61
stepping,3663,3608,3663,55
rising,3720,3663,3720,57
trotting,3727,3720,3727,7
walking,3765,3727,3765,38
stepping,3816,3765,3816,51
rising,3878,3816,3878,62
grooming,3993,3878,3993,115
hunching,4231,3993,4231,238
grooming,4320,4231,4320,89
rising,4321,4320,4321,1
walking,4322,4321,4322,1
stepping,4360,4322,4360,38
trotting,4384,4360,4384,24
walking,4385,4384,4385,1
trotting,4427,4385,4427,42
walking,4448,4427,4448,21
rising,4524,4448,4524,76
sniffing,4551,4524,4551,27
rising,4618,4551,4618,67
climbing,4673,4618,4673,55
grooming,4674,4673,4674,1
stepping,4694,4674,4694,20
rising,4758,4694,4758,64
grooming,4759,4758,4759,1
sniffing,4760,4759,4760,1
stepping,4809,4760,4809,49
climbing,4834,4809,4834,25
walking,4861,4834,4861,27
sniffing,4926,4861,4926,65
trotting,4953,4926,4953,27
rising,5050,4953,5050,97
climbing,5080,5050,5080,30
sniffing,5081,5080,5081,1
climbing,5142,5081,5142,61
left_turning,5159,5142,5159,17
running,5199,5159,5199,40
stepping,5220,5199,5220,21
sniffing,5221,5220,5221,1
rising,5222,5221,5222,1
sniffing,5252,5222,5252,30
grooming,5283,5252,5283,31
left_turning,5315,5283,5315,32
stepping,5389,5315,5389,74
rising,5424,5389,5424,35
sniffing,5519,5424,5519,95
stepping,5556,5519,5556,37
sniffing,5654,5556,5654,98
rising,5689,5654,5689,35
rearing,5727,5689,5727,38
climbing,5766,5727,5766,39
grooming,5967,5766,5967,201
rearing,6210,5967,6210,243
climbing,6245,6210,6245,35
stepping,6247,6245,6247,2
grooming,6339,6247,6339,92
rising,6340,6339,6340,1
grooming,6408,6340,6408,68
sniffing,6499,6408,6499,91
stepping,6534,6499,6534,35
rising,6563,6534,6563,29
left_turning,6567,6563,6567,4
running,6584,6567,6584,17
sniffing,6712,6584,6712,128
rising,6800,6712,6800,88
rearing,6845,6800,6845,45
sniffing,6922,6845,6922,77
scratching,6994,6922,6994,72
grooming,7098,6994,7098,104
rising,7135,7098,7135,37
walking,7140,7135,7140,5
sniffing,7141,7140,7141,1
stepping,7177,7141,7177,36
sniffing,7209,7177,7209,32
stepping,7214,7209,7214,5
sniffing,7253,7214,7253,39
walking,7320,7253,7320,67
sniffing,7385,7320,7385,65
right_turning,7406,7385,7406,21
stepping,7411,7406,7411,5
sniffing,7463,7411,7463,52
trotting,7488,7463,7488,25
stepping,7520,7488,7520,32
walking,7549,7520,7549,29
sniffing,7666,7549,7666,117
hunching,7667,7666,7667,1
grooming,7769,7667,7769,102
trotting,7785,7769,7785,16
rising,7830,7785,7830,45
sniffing,7879,7830,7879,49
grooming,8019,7879,8019,140
climbing,8054,8019,8054,35
running,8076,8054,8076,22
stepping,8090,8076,8090,14
running,8142,8090,8142,52
walking,8143,8142,8143,1
rising,8199,8143,8199,56
walking,8243,8199,8243,44
left_turning,8269,8243,8269,26
rising,8277,8269,8277,8
hunching,8359,8277,8359,82
climbing,8414,8359,8414,55
left_turning,8433,8414,8433,19
sniffing,8434,8433,8434,1
stepping,8441,8434,8441,7
running,8477,8441,8477,36
trotting,8494,8477,8494,17
walking,8530,8494,8530,36
sniffing,8579,8530,8579,49
rising,8639,8579,8639,60
grooming,8661,8639,8661,22
walking,8679,8661,8679,18
stepping,8702,8679,8702,23
walking,8725,8702,8725,23
stepping,8737,8725,8737,12
sniffing,8749,8737,8749,12
trotting,8771,8749,8771,22
climbing,8795,8771,8795,24
rising,8811,8795,8811,16
right_turning,8841,8811,8841,30
walking,8917,8841,8917,76
stepping,8918,8917,8918,1
walking,8948,8918,8948,30
sniffing,8996,8948,8996,48
grooming,9820,8996,9820,824
hunching,10057,9820,10057,237
left_turning,10097,10057,10097,40
walking,10121,10097,10121,24
stepping,10174,10121,10174,53
sniffing,10242,10174,10242,68
climbing,10276,10242,10276,34
left_turning,10319,10276,10319,43
trotting,10350,10319,10350,31
stepping,10384,10350,10384,34
climbing,10426,10384,10426,42
walking,10442,10426,10442,16
rising,10449,10442,10449,7
running,10475,10449,10475,26
sniffing,10503,10475,10503,28
rising,10522,10503,10522,19
grooming,10598,10522,10598,76
rearing,10700,10598,10700,102
stepping,10753,10700,10753,53
walking,10754,10753,10754,1
right_turning,10755,10754,10755,1
stepping,10762,10755,10762,7
rearing,10864,10762,10864,102
walking,10910,10864,10910,46
rising,10987,10910,10987,77
sniffing,11021,10987,11021,34
stepping,11053,11021,11053,32
walking,11057,11053,11057,4
sniffing,11092,11057,11092,35
walking,11094,11092,11094,2
rising,11116,11094,11116,22
grooming,11117,11116,11117,1
left_turning,11138,11117,11138,21
sniffing,11139,11138,11139,1
left_turning,11148,11139,11148,9
climbing,11186,11148,11186,38
sniffing,11223,11186,11223,37
left_turning,11228,11223,11228,5
sniffing,11371,11228,11371,143
walking,11388,11371,11388,17
left_turning,11405,11388,11405,17
walking,11406,11405,11406,1
climbing,11417,11406,11417,11
sniffing,11483,11417,11483,66
grooming,11484,11483,11484,1
rearing,11535,11484,11535,51
hunching,11584,11535,11584,49
sniffing,11619,11584,11619,35
stepping,11638,11619,11638,19
walking,11669,11638,11669,31
right_turning,11696,11669,11696,27
walking,11722,11696,11722,26
sniffing,11776,11722,11776,54
rising,11841,11776,11841,65
hunching,11939,11841,11939,98
rising,11954,11939,11954,15
walking,11980,11954,11980,26
rising,12012,11980,12012,32
grooming,12167,12012,12167,155
hunching,12260,12167,12260,93
rearing,12358,12260,12358,98
running,12400,12358,12400,42
trotting,12419,12400,12419,19
sniffing,12451,12419,12451,32
rising,12452,12451,12452,1
left_turning,12460,12452,12460,8
walking,12507,12460,12507,47
stepping,12540,12507,12540,33
trotting,12554,12540,12554,14
rising,12573,12554,12573,19
left_turning,12576,12573,12576,3
rearing,12653,12576,12653,77
sniffing,12726,12653,12726,73
right_turning,12735,12726,12735,9
rising,12790,12735,12790,55
sniffing,12829,12790,12829,39
stepping,12896,12829,12896,67
walking,12951,12896,12951,55
rearing,12952,12951,12952,1
climbing,13003,12952,13003,51
rearing,13047,13003,13047,44
grooming,13243,13047,13243,196
left_turning,13244,13243,13244,1
rearing,13350,13244,13350,106
left_turning,13399,13350,13399,49
walking,13402,13399,13402,3
sniffing,13415,13402,13415,13
stepping,13464,13415,13464,49
grooming,13724,13464,13724,260
rising,13778,13724,13778,54
climbing,13921,13778,13921,143
rising,13985,13921,13985,64
sniffing,14007,13985,14007,22
rising,14095,14007,14095,88
running,14106,14095,14106,11
left_turning,14120,14106,14120,14
stepping,14148,14120,14148,28
rising,14183,14148,14183,35
grooming,14300,14183,14300,117
rearing,14434,14300,14434,134
right_turning,14480,14434,14480,46
stepping,14481,14480,14481,1
walking,14491,14481,14491,10
stepping,14554,14491,14554,63
grooming,15039,14554,15039,485
rising,15105,15039,15105,66
walking,15118,15105,15118,13
stepping,15179,15118,15179,61
hunching,15256,15179,15256,77
grooming,15513,15256,15513,257
sniffing,15586,15513,15586,73
climbing,15608,15586,15608,22
rising,15645,15608,15645,37
rearing,15690,15645,15690,45
sniffing,15754,15690,15754,64
stepping,15797,15754,15797,43
sniffing,15855,15797,15855,58
grooming,16539,15855,16539,684
sniffing,16610,16539,16610,71
running,16622,16610,16622,12
left_turning,16662,16622,16662,40
grooming,16663,16662,16663,1
hunching,16703,16663,16703,40
rearing,16785,16703,16785,82
climbing,16797,16785,16797,12
sniffing,16831,16797,16831,34
rising,16832,16831,16832,1
grooming,17412,16832,17412,580
stepping,17503,17412,17503,91
rising,17520,17503,17520,17
left_turning,17544,17520,17544,24
stepping,17575,17544,17575,31
sniffing,17579,17575,17579,4
climbing,17602,17579,17602,23
grooming,17754,17602,17754,152
climbing,17785,17754,17785,31
left_turning,17817,17785,17817,32
walking,17818,17817,17818,1
rearing,17819,17818,17819,1
grooming,18690,17819,18690,871
climbing,18739,18690,18739,49
sniffing,18784,18739,18784,45
left_turning,18790,18784,18790,6
walking,18798,18790,18798,8
sniffing,18799,18798,18799,1
walking,18838,18799,18838,39
sniffing,18865,18838,18865,27
stepping,18978,18865,18978,113
running,19009,18978,19009,31
stepping,19027,19009,19027,18
sniffing,19063,19027,19063,36
rearing,19088,19063,19088,25
climbing,19108,19088,19108,20
sniffing,19119,19108,19119,11
grooming,19278,19119,19278,159
climbing,19323,19278,19323,45
grooming,19456,19323,19456,133
rising,19457,19456,19457,1
sniffing,19474,19457,19474,17
stepping,19475,19474,19475,1
sniffing,19476,19475,19476,1
rising,19500,19476,19500,24
climbing,19501,19500,19501,1
hunching,19598,19501,19598,97
grooming,19599,19598,19599,1
rising,19624,19599,19624,25
sniffing,19644,19624,19644,20
stepping,19673,19644,19673,29
walking,19715,19673,19715,42
rearing,19894,19715,19894,179
sniffing,19902,19894,19902,8
stepping,19944,19902,19944,42
sniffing,19971,19944,19971,27
rearing,20012,19971,20012,41
climbing,20063,20012,20063,51
left_turning,20112,20063,20112,49
grooming,20712,20112,20712,600
rearing,20793,20712,20793,81
sniffing,20807,20793,20807,14
stepping,20842,20807,20842,35
climbing,20874,20842,20874,32
left_turning,20875,20874,20875,1
sniffing,20949,20875,20949,74
walking,20959,20949,20959,10
sniffing,20988,20959,20988,29
stepping,21029,20988,21029,41
sniffing,21158,21029,21158,129
stepping,21159,21158,21159,1
rising,21194,21159,21194,35
grooming,21505,21194,21505,311
stepping,21579,21505,21579,74
grooming,21858,21579,21858,279
scratching,21897,21858,21897,39
sniffing,21920,21897,21920,23
walking,21958,21920,21958,38
left_turning,21979,21958,21979,21
sniffing,22044,21979,22044,65
walking,22097,22044,22097,53
rising,22150,22097,22150,53
grooming,22203,22150,22203,53
walking,22217,22203,22217,14
sniffing,22291,22217,22291,74
hunching,22292,22291,22292,1
rising,22293,22292,22293,1
stepping,22334,22293,22334,41
sniffing,22358,22334,22358,24
stepping,22375,22358,22375,17
sniffing,22413,22375,22413,38
stepping,22417,22413,22417,4
walking,22466,22417,22466,49
rearing,22512,22466,22512,46
climbing,22544,22512,22544,32
grooming,22545,22544,22545,1
hunching,22665,22545,22665,120
grooming,22932,22665,22932,267
walking,22939,22932,22939,7
sniffing,23005,22939,23005,66
stepping,23062,23005,23062,57
sniffing,23063,23062,23063,1
stepping,23093,23063,23093,30
right_turning,23127,23093,23127,34
rising,23143,23127,23143,16
grooming,23262,23143,23262,119
walking,23275,23262,23275,13
rising,23325,23275,23325,50
sniffing,23346,23325,23346,21
walking,23387,23346,23387,41
sniffing,23439,23387,23439,52
rising,23452,23439,23452,13
hunching,23453,23452,23453,1
rearing,23567,23453,23567,114
hunching,23625,23567,23625,58
rising,23644,23625,23644,19
stepping,23750,23644,23750,106
rising,23758,23750,23758,8
grooming,23787,23758,23787,29
stepping,23809,23787,23809,22
grooming,24415,23809,24415,606
sniffing,24423,24415,24423,8
trotting,24440,24423,24440,17
sniffing,24441,24440,24441,1
rearing,24442,24441,24442,1
walking,24462,24442,24462,20
stepping,24476,24462,24476,14
walking,24495,24476,24495,19
right_turning,24513,24495,24513,18
walking,24527,24513,24527,14
sniffing,24592,24527,24592,65
stepping,24622,24592,24622,30
walking,24653,24622,24653,31
trotting,24675,24653,24675,22
left_turning,24691,24675,24691,16
walking,24710,24691,24710,19
stepping,24746,24710,24746,36
rising,24765,24746,24765,19
hunching,24815,24765,24815,50
right_turning,24816,24815,24816,1
walking,24841,24816,24841,25
sniffing,24939,24841,24939,98
stepping,25000,24939,25000,61
climbing,25044,25000,25044,44
left_turning,25079,25044,25079,35
trotting,25110,25079,25110,31
walking,25137,25110,25137,27
rising,25179,25137,25179,42
stepping,25214,25179,25214,35
sniffing,25217,25214,25217,3
stepping,25218,25217,25218,1
sniffing,25300,25218,25300,82
rearing,25325,25300,25325,25
walking,25352,25325,25352,27
stepping,25394,25352,25394,42
rising,25417,25394,25417,23
sniffing,25450,25417,25450,33
stepping,25470,25450,25470,20
sniffing,25527,25470,25527,57
grooming,25578,25527,25578,51
walking,25633,25578,25633,55
stepping,25646,25633,25646,13
sniffing,25775,25646,25775,129
stepping,25792,25775,25792,17
rising,25836,25792,25836,44
rearing,25868,25836,25868,32
hunching,25932,25868,25932,64
grooming,25933,25932,25933,1
stepping,25948,25933,25948,15
sniffing,25956,25948,25956,8
grooming,26003,25956,26003,47
walking,26007,26003,26007,4
stepping,26135,26007,26135,128
walking,26142,26135,26142,7
sniffing,26324,26142,26324,182
grooming,26595,26324,26595,271
stepping,26596,26595,26596,1
rising,26597,26596,26597,1
climbing,26646,26597,26646,49
rearing,26758,26646,26758,112
grooming,26759,26758,26759,1
rearing,26826,26759,26826,67
grooming,26906,26826,26906,80
left_turning,26907,26906,26907,1
trotting,26923,26907,26923,16
stepping,26952,26923,26952,29
rearing,26953,26952,26953,1
climbing,26977,26953,26977,24
rearing,27104,26977,27104,127
grooming,27261,27104,27261,157
left_turning,27282,27261,27282,21
scratching,27368,27282,27368,86
sniffing,27374,27368,27374,6
stepping,27379,27374,27379,5
sniffing,27382,27379,27382,3
stepping,27405,27382,27405,23
climbing,27467,27405,27467,62
trotting,27482,27467,27482,15
sniffing,27483,27482,27483,1
stepping,27514,27483,27514,31
grooming,27584,27514,27584,70
left_turning,27585,27584,27585,1
walking,27617,27585,27617,32
sniffing,27800,27617,27800,183
left_turning,27801,27800,27801,1
sniffing,27820,27801,27820,19
stepping,27823,27820,27823,3
sniffing,27982,27823,27982,159
grooming,27983,27982,27983,1
running,28035,27983,28035,52
right_turning,28079,28035,28079,44
stepping,28103,28079,28103,24
climbing,28159,28103,28159,56
walking,28224,28159,28224,65
sniffing,28243,28224,28243,19
climbing,28280,28243,28280,37
sniffing,28302,28280,28302,22
rising,28328,28302,28328,26
rearing,28362,28328,28362,34
trotting,28396,28362,28396,34
grooming,28764,28396,28764,368
right_turning,28768,28764,28768,4
sniffing,28792,28768,28792,24
walking,28816,28792,28816,24
trotting,28827,28816,28827,11
sniffing,28830,28827,28830,3
walking,28865,28830,28865,35
trotting,28866,28865,28866,1
stepping,28916,28866,28916,50
left_turning,28930,28916,28930,14
trotting,28933,28930,28933,3
rising,28959,28933,28959,26
right_turning,28980,28959,28980,21
stepping,29050,28980,29050,70
sniffing,29134,29050,29134,84
stepping,29160,29134,29160,26
sniffing,29189,29160,29189,29
stepping,29211,29189,29211,22
climbing,29260,29211,29260,49
running,29271,29260,29271,11
stepping,29272,29271,29272,1
climbing,29360,29272,29360,88
rising,29392,29360,29392,32
left_turning,29423,29392,29423,31
stepping,29438,29423,29438,15
right_turning,29442,29438,29442,4
trotting,29465,29442,29465,23
left_turning,29466,29465,29466,1
walking,29496,29466,29496,30
stepping,29568,29496,29568,72
walking,29580,29568,29580,12
stepping,29609,29580,29609,29
rising,29635,29609,29635,26
climbing,29659,29635,29659,24
stepping,29739,29659,29739,80
grooming,29771,29739,29771,32
rearing,29855,29771,29855,84
climbing,29931,29855,29931,76
grooming,30241,29931,30241,310
rearing,30243,30241,30243,2
grooming,30578,30243,30578,335
rearing,30643,30578,30643,65
grooming,30842,30643,30842,199
walking,30843,30842,30843,1
grooming,31172,30843,31172,329
hunching,31191,31172,31191,19
rearing,31192,31191,31192,1
grooming,31393,31192,31393,201
rising,31613,31393,31613,220
walking,31636,31613,31636,23
trotting,31648,31636,31648,12
sniffing,31671,31648,31671,23
walking,31684,31671,31684,13
sniffing,31721,31684,31721,37
hunching,31831,31721,31831,110
stepping,31853,31831,31853,22
walking,31868,31853,31868,15
sniffing,31993,31868,31993,125
stepping,32001,31993,32001,8
walking,32023,32001,32023,22
stepping,32059,32023,32059,36
sniffing,32143,32059,32143,84
walking,32162,32143,32162,19
stepping,32187,32162,32187,25
trotting,32217,32187,32217,30
right_turning,32253,32217,32253,36
trotting,32254,32253,32254,1
climbing,32281,32254,32281,27
rearing,32301,32281,32301,20
rising,32306,32301,32306,5
climbing,32348,32306,32348,42
grooming,32349,32348,32349,1
rearing,32352,32349,32352,3
left_turning,32353,32352,32353,1
sniffing,32407,32353,32407,54
walking,32419,32407,32419,12
stepping,32493,32419,32493,74
grooming,32576,32493,32576,83
walking,32600,32576,32600,24
hunching,32601,32600,32601,1
grooming,32682,32601,32682,81
stepping,32717,32682,32717,35
walking,32732,32717,32732,15
right_turning,32768,32732,32768,36
walking,32770,32768,32770,2
rising,32803,32770,32803,33
rearing,32813,32803,32813,10
grooming,33037,32813,33037,224
stepping,33066,33037,33066,29
walking,33111,33066,33111,45
sniffing,33123,33111,33123,12
left_turning,33182,33123,33182,59
hunching,33254,33182,33254,72
rearing,33365,33254,33365,111
rising,33401,33365,33401,36
grooming,33402,33401,33402,1
hunching,33462,33402,33462,60
grooming,33463,33462,33463,1
sniffing,33578,33463,33578,115
grooming,33709,33578,33709,131
rising,33740,33709,33740,31
stepping,33784,33740,33784,44
rising,33785,33784,33785,1
walking,33800,33785,33800,15
sniffing,33908,33800,33908,108
stepping,33928,33908,33928,20
sniffing,33995,33928,33995,67
climbing,34011,33995,34011,16
rising,34080,34011,34080,69
climbing,34193,34080,34193,113
grooming,34194,34193,34194,1
left_turning,34218,34194,34218,24
sniffing,34269,34218,34269,51
walking,34284,34269,34284,15
rising,34346,34284,34346,62
sniffing,34359,34346,34359,13
walking,34373,34359,34373,14
right_turning,34377,34373,34377,4
stepping,34437,34377,34437,60
hunching,34567,34437,34567,130
grooming,34568,34567,34568,1
walking,34663,34568,34663,95
trotting,34697,34663,34697,34
grooming,35117,34697,35117,420
right_turning,35121,35117,35121,4
sniffing,35145,35121,35145,24
grooming,35146,35145,35146,1
hunching,35250,35146,35250,104
rearing,35373,35250,35373,123
grooming,35618,35373,35618,245
walking,35632,35618,35632,14
sniffing,35661,35632,35661,29
walking,35722,35661,35722,61
sniffing,35809,35722,35809,87
left_turning,35835,35809,35835,26
grooming,36129,35835,36129,294
stepping,36161,36129,36161,32
sniffing,36164,36161,36164,3
trotting,36209,36164,36209,45
stepping,36223,36209,36223,14
rearing,36351,36223,36351,128
climbing,36368,36351,36368,17
running,36414,36368,36414,46
left_turning,36415,36414,36415,1
walking,36465,36415,36465,50
rising,36540,36465,36540,75
grooming,36564,36540,36564,24
sniffing,36591,36564,36591,27
left_turning,36622,36591,36622,31
walking,36623,36622,36623,1
sniffing,36635,36623,36635,12
rising,36651,36635,36651,16
rearing,36742,36651,36742,91
grooming,36826,36742,36826,84
sniffing,36876,36826,36876,50
walking,36877,36876,36877,1
stepping,36920,36877,36920,43
sniffing,36974,36920,36974,54
right_turning,36987,36974,36987,13
trotting,37006,36987,37006,19
sniffing,37038,37006,37038,32
rising,37077,37038,37077,39
rearing,37091,37077,37091,14
grooming,37193,37091,37193,102
rearing,37225,37193,37225,32
hunching,37226,37225,37226,1
grooming,37342,37226,37342,116
rising,37343,37342,37343,1
rearing,37449,37343,37449,106
walking,37523,37449,37523,74
sniffing,37579,37523,37579,56
stepping,37587,37579,37587,8
walking,37588,37587,37588,1
sniffing,37691,37588,37691,103
trotting,37707,37691,37707,16
walking,37727,37707,37727,20
sniffing,37840,37727,37840,113
grooming,38351,37840,38351,511
hunching,38352,38351,38352,1
grooming,38531,38352,38531,179
walking,38537,38531,38537,6
sniffing,38591,38537,38591,54
stepping,38592,38591,38592,1
sniffing,38654,38592,38654,62
right_turning,38686,38654,38686,32
walking,38711,38686,38711,25
sniffing,38712,38711,38712,1
walking,38713,38712,38713,1
sniffing,38744,38713,38744,31
left_turning,38778,38744,38778,34
stepping,38779,38778,38779,1
sniffing,38800,38779,38800,21
rearing,38819,38800,38819,19
left_turning,38820,38819,38820,1
running,38861,38820,38861,41
walking,38862,38861,38862,1
sniffing,38982,38862,38982,120
rearing,39017,38982,39017,35
grooming,39018,39017,39018,1
stepping,39020,39018,39020,2
sniffing,39021,39020,39021,1
right_turning,39022,39021,39022,1
walking,39071,39022,39071,49
rising,39072,39071,39072,1
stepping,39081,39072,39081,9
rising,39082,39081,39082,1
grooming,39083,39082,39083,1
walking,39116,39083,39116,33
sniffing,39131,39116,39131,15
rearing,39176,39131,39176,45
grooming,39264,39176,39264,88
walking,39283,39264,39283,19
running,39304,39283,39304,21
right_turning,39318,39304,39318,14
trotting,39320,39318,39320,2
sniffing,39346,39320,39346,26
stepping,39347,39346,39347,1
sniffing,39350,39347,39350,3
stepping,39373,39350,39373,23
grooming,39390,39373,39390,17
rearing,39394,39390,39394,4
grooming,39538,39394,39538,144
hunching,39577,39538,39577,39
rearing,39578,39577,39578,1
hunching,39684,39578,39684,106
grooming,39806,39684,39806,122
hunching,39807,39806,39807,1
rearing,39865,39807,39865,58
sniffing,39922,39865,39922,57
trotting,39947,39922,39947,25
walking,39970,39947,39970,23
rising,40016,39970,40016,46
climbing,40058,40016,40058,42
trotting,40071,40058,40071,13
climbing,40117,40071,40117,46
left_turning,40192,40117,40192,75
sniffing,40216,40192,40216,24
stepping,40243,40216,40243,27
grooming,40316,40243,40316,73
climbing,40344,40316,40344,28
rising,40345,40344,40345,1
grooming,40346,40345,40346,1
stepping,40371,40346,40371,25
climbing,40386,40371,40386,15
left_turning,40550,40386,40550,164
stepping,40655,40550,40655,105
rising,40707,40655,40707,52
left_turning,40730,40707,40730,23
sniffing,40782,40730,40782,52
walking,40804,40782,40804,22
rising,40841,40804,40841,37
trotting,40859,40841,40859,18
sniffing,40901,40859,40901,42
left_turning,40916,40901,40916,15
rising,40975,40916,40975,59
sniffing,41029,40975,41029,54
walking,41090,41029,41090,61
sniffing,41095,41090,41095,5
rising,41120,41095,41120,25
sniffing,41121,41120,41121,1
stepping,41167,41121,41167,46
sniffing,41221,41167,41221,54
grooming,41222,41221,41222,1
hunching,41223,41222,41223,1
grooming,41224,41223,41224,1
stepping,41282,41224,41282,58
climbing,41306,41282,41306,24
grooming,41351,41306,41351,45
rearing,41382,41351,41382,31
sniffing,41401,41382,41401,19
climbing,41443,41401,41443,42
walking,41503,41443,41503,60
rearing,41564,41503,41564,61
grooming,41684,41564,41684,120
rearing,41761,41684,41761,77
grooming,41763,41761,41763,2
rising,41825,41763,41825,62
sniffing,41855,41825,41855,30
stepping,41857,41855,41857,2
climbing,41888,41857,41888,31
sniffing,41962,41888,41962,74
stepping,42005,41962,42005,43
sniffing,42006,42005,42006,1
stepping,42040,42006,42040,34
grooming,42041,42040,42041,1
stepping,42055,42041,42055,14
sniffing,42138,42055,42138,83
rearing,42326,42138,42326,188
stepping,42331,42326,42331,5
sniffing,42332,42331,42332,1
stepping,42372,42332,42372,40
rising,42377,42372,42377,5
hunching,42450,42377,42450,73
sniffing,42485,42450,42485,35
climbing,42490,42485,42490,5
grooming,43094,42490,43094,604
running,43130,43094,43130,36
walking,43168,43130,43168,38
sniffing,43194,43168,43194,26
stepping,43230,43194,43230,36
walking,43257,43230,43257,27
right_turning,43280,43257,43280,23
sniffing,43282,43280,43282,2
right_turning,43330,43282,43330,48
sniffing,43355,43330,43355,25
stepping,43375,43355,43375,20
rearing,43376,43375,43376,1
climbing,43406,43376,43406,30
rearing,43469,43406,43469,63
hunching,43645,43469,43645,176
grooming,43646,43645,43646,1
trotting,43705,43646,43705,59
walking,43717,43705,43717,12
rising,43764,43717,43764,47
trotting,43790,43764,43790,26
rising,43791,43790,43791,1
rearing,43920,43791,43920,129
left_turning,43929,43920,43929,9
right_turning,43945,43929,43945,16
stepping,43973,43945,43973,28
sniffing,43979,43973,43979,6
grooming,44383,43979,44383,404
left_turning,44430,44383,44430,47
walking,44431,44430,44431,1
sniffing,44537,44431,44537,106
rearing,44570,44537,44570,33
climbing,44589,44570,44589,19
grooming,44645,44589,44645,56
climbing,44688,44645,44688,43
rising,44691,44688,44691,3
climbing,44707,44691,44707,16
rearing,44730,44707,44730,23
stepping,44736,44730,44736,6
sniffing,44775,44736,44775,39
rising,44779,44775,44779,4
sniffing,44877,44779,44877,98
walking,44900,44877,44900,23
stepping,44962,44900,44962,62
sniffing,45045,44962,45045,83
right_turning,45080,45045,45080,35
running,45122,45080,45122,42
left_turning,45169,45122,45169,47
sniffing,45197,45169,45197,28
rising,45226,45197,45226,29
climbing,45268,45226,45268,42
rearing,45269,45268,45269,1
sniffing,45304,45269,45304,35
stepping,45364,45304,45364,60
sniffing,45448,45364,45448,84
walking,45461,45448,45461,13
stepping,45504,45461,45504,43
sniffing,45610,45504,45610,106
walking,45662,45610,45662,52
stepping,45694,45662,45694,32
sniffing,45747,45694,45747,53
grooming,45748,45747,45748,1
scratching,45749,45748,45749,1
walking,45768,45749,45768,19
trotting,45800,45768,45800,32
sniffing,45867,45800,45867,67
trotting,45886,45867,45886,19
stepping,45887,45886,45887,1
walking,45919,45887,45919,32
running,45934,45919,45934,15
walking,45951,45934,45951,17
sniffing,46099,45951,46099,148
rising,46100,46099,46100,1
climbing,46135,46100,46135,35
left_turning,46162,46135,46162,27
grooming,46191,46162,46191,29
stepping,46212,46191,46212,21
rising,46244,46212,46244,32
sniffing,46274,46244,46274,30
hunching,46317,46274,46317,43
grooming,46318,46317,46318,1
sniffing,46365,46318,46365,47
rising,46431,46365,46431,66
sniffing,46437,46431,46437,6
stepping,46459,46437,46459,22
grooming,47132,46459,47132,673
hunching,47242,47132,47242,110
sniffing,47243,47242,47243,1
stepping,47250,47243,47250,7
walking,47273,47250,47273,23
sniffing,47378,47273,47378,105
walking,47386,47378,47386,8
stepping,47421,47386,47421,35
sniffing,47467,47421,47467,46
rearing,47760,47467,47760,293
right_turning,47774,47760,47774,14
sniffing,47775,47774,47775,1
rising,47785,47775,47785,10
climbing,47791,47785,47791,6
rising,47812,47791,47812,21
grooming,48095,47812,48095,283
rearing,48218,48095,48218,123
left_turning,48221,48218,48221,3
sniffing,48324,48221,48324,103
walking,48378,48324,48378,54
sniffing,48452,48378,48452,74
walking,48514,48452,48514,62
sniffing,48560,48514,48560,46
walking,48561,48560,48561,1
stepping,48625,48561,48625,64
walking,48658,48625,48658,33
climbing,48781,48658,48781,123
walking,48834,48781,48834,53
stepping,48839,48834,48839,5
sniffing,48913,48839,48913,74
grooming,48921,48913,48921,8
walking,48934,48921,48934,13
sniffing,49072,48934,49072,138
rising,49221,49072,49221,149
sniffing,49225,49221,49225,4
stepping,49266,49225,49266,41
sniffing,49310,49266,49310,44
left_turning,49323,49310,49323,13
grooming,49585,49323,49585,262
sniffing,49626,49585,49626,41
grooming,49859,49626,49859,233
right_turning,49873,49859,49873,14
stepping,49917,49873,49917,44
walking,49959,49917,49959,42
stepping,50055,49959,50055,96
sniffing,50150,50055,50150,95
climbing,50190,50150,50190,40
walking,50211,50190,50211,21
sniffing,50212,50211,50212,1
climbing,50265,50212,50265,53
stepping,50271,50265,50271,6
rearing,50272,50271,50272,1
sniffing,50296,50272,50296,24
right_turning,50330,50296,50330,34
climbing,50348,50330,50348,18
hunching,50363,50348,50363,15
rearing,50437,50363,50437,74
rising,50445,50437,50445,8
sniffing,50492,50445,50492,47
rising,50520,50492,50520,28
walking,50568,50520,50568,48
stepping,50661,50568,50661,93
sniffing,50833,50661,50833,172
stepping,50849,50833,50849,16
walking,50879,50849,50879,30
sniffing,50997,50879,50997,118
stepping,50998,50997,50998,1
walking,51049,50998,51049,51
stepping,51079,51049,51079,30
sniffing,51165,51079,51165,86
stepping,51182,51165,51182,17
sniffing,51250,51182,51250,68
stepping,51275,51250,51275,25
trotting,51283,51275,51283,8
sniffing,51328,51283,51328,45
rising,51359,51328,51359,31
grooming,51554,51359,51554,195
stepping,51594,51554,51594,40
sniffing,51623,51594,51623,29
walking,51624,51623,51624,1
sniffing,51746,51624,51746,122
running,51777,51746,51777,31
walking,51788,51777,51788,11
sniffing,51851,51788,51851,63
walking,51885,51851,51885,34
climbing,51932,51885,51932,47
grooming,51933,51932,51933,1
rising,51934,51933,51934,1
stepping,51989,51934,51989,55
walking,52010,51989,52010,21
rising,52047,52010,52047,37
left_turning,52055,52047,52055,8
stepping,52057,52055,52057,2
grooming,52070,52057,52070,13
running,52086,52070,52086,16
right_turning,52098,52086,52098,12
sniffing,52137,52098,52137,39
walking,52201,52137,52201,64
sniffing,52230,52201,52230,29
right_turning,52250,52230,52250,20
sniffing,52283,52250,52283,33
stepping,52316,52283,52316,33
right_turning,52336,52316,52336,20
sniffing,52416,52336,52416,80
walking,52444,52416,52444,28
sniffing,52485,52444,52485,41
rising,52510,52485,52510,25
climbing,52573,52510,52573,63
left_turning,52596,52573,52596,23
walking,52605,52596,52605,9
sniffing,52638,52605,52638,33
right_turning,52656,52638,52656,18
left_turning,52665,52656,52665,9
walking,52671,52665,52671,6
sniffing,52697,52671,52697,26
left_turning,52698,52697,52698,1
walking,52764,52698,52764,66
sniffing,52817,52764,52817,53
grooming,53981,52817,53981,1164
stepping,54007,53981,54007,26
climbing,54048,54007,54048,41
trotting,54067,54048,54067,19
grooming,54106,54067,54106,39
rearing,54130,54106,54130,24
grooming,54615,54130,54615,485
stepping,54651,54615,54651,36
sniffing,54674,54651,54674,23
grooming,54769,54674,54769,95
trotting,54790,54769,54790,21
stepping,54826,54790,54826,36
sniffing,54856,54826,54856,30
rearing,54910,54856,54910,54
grooming,54911,54910,54911,1
trotting,54928,54911,54928,17
rising,54983,54928,54983,55
grooming,55092,54983,55092,109
rearing,55141,55092,55141,49
grooming,55142,55141,55142,1
sniffing,55214,55142,55214,72
walking,55240,55214,55240,26
rising,55294,55240,55294,54
climbing,55346,55294,55346,52
walking,55420,55346,55420,74
stepping,55431,55420,55431,11
grooming,55432,55431,55432,1
hunching,55498,55432,55498,66
grooming,55699,55498,55699,201
sniffing,55706,55699,55706,7
stepping,55720,55706,55720,14
sniffing,55751,55720,55751,31
walking,55821,55751,55821,70
rearing,55822,55821,55822,1
jumping,55910,55822,55910,88
trotting,55911,55910,55911,1
sniffing,55927,55911,55927,16
rising,55932,55927,55932,5
rearing,55948,55932,55948,16
climbing,55970,55948,55970,22
grooming,56289,55970,56289,319
sniffing,56313,56289,56313,24
stepping,56331,56313,56331,18
left_turning,56375,56331,56375,44
climbing,56426,56375,56426,51
grooming,56543,56426,56543,117
rearing,56615,56543,56615,72
grooming,56853,56615,56853,238
hunching,56900,56853,56900,47
rising,56920,56900,56920,20
grooming,56921,56920,56921,1
walking,56974,56921,56974,53
sniffing,57045,56974,57045,71
grooming,57219,57045,57219,174
rising,57408,57219,57408,189
stepping,57477,57408,57477,69
sniffing,57487,57477,57487,10
stepping,57504,57487,57504,17
sniffing,57544,57504,57544,40
trotting,57605,57544,57605,61
stepping,57634,57605,57634,29
left_turning,57635,57634,57635,1
walking,57673,57635,57673,38
sniffing,57703,57673,57703,30
walking,57734,57703,57734,31
stepping,57777,57734,57777,43
walking,57794,57777,57794,17
rising,57795,57794,57795,1
climbing,57838,57795,57838,43
grooming,57839,57838,57839,1
sniffing,57840,57839,57840,1
right_turning,57857,57840,57857,17
sniffing,57920,57857,57920,63
rising,57928,57920,57928,8
rearing,57973,57928,57973,45
grooming,58119,57973,58119,146
rearing,58151,58119,58151,32
sniffing,58182,58151,58182,31
stepping,58235,58182,58235,53
sniffing,58268,58235,58268,33
stepping,58294,58268,58294,26
sniffing,58505,58294,58505,211
stepping,58515,58505,58515,10
walking,58539,58515,58539,24
trotting,58564,58539,58564,25
sniffing,58601,58564,58601,37
right_turning,58616,58601,58616,15
walking,58617,58616,58617,1
rising,58651,58617,58651,34
rearing,58665,58651,58665,14
grooming,58737,58665,58737,72
climbing,58764,58737,58764,27
sniffing,58845,58764,58845,81
rearing,58882,58845,58882,37
grooming,59437,58882,59437,555
sniffing,59535,59437,59535,98
rising,59536,59535,59536,1
sniffing,59550,59536,59550,14
left_turning,59594,59550,59594,44
walking,59618,59594,59618,24
sniffing,59626,59618,59626,8
rising,59627,59626,59627,1
hunching,59726,59627,59726,99
rising,59740,59726,59740,14
grooming,60308,59740,60308,568
stepping,60318,60308,60318,10
sniffing,60323,60318,60323,5
walking,60324,60323,60324,1
sniffing,60356,60324,60356,32
stepping,60415,60356,60415,59
rising,60457,60415,60457,42
rearing,60502,60457,60502,45
climbing,60522,60502,60522,20
running,60550,60522,60550,28
walking,60608,60550,60608,58
sniffing,60713,60608,60713,105
rising,60714,60713,60714,1
right_turning,60736,60714,60736,22
rising,60799,60736,60799,63
stepping,60835,60799,60835,36
left_turning,60858,60835,60858,23
trotting,60882,60858,60882,24
walking,60883,60882,60883,1
stepping,60966,60883,60966,83
rearing,61028,60966,61028,62
climbing,61057,61028,61057,29
stepping,61112,61057,61112,55
sniffing,61232,61112,61232,120
scratching,61233,61232,61233,1
walking,61284,61233,61284,51
running,61310,61284,61310,26
rising,61359,61310,61359,49
sniffing,61396,61359,61396,37
grooming,61668,61396,61668,272
sniffing,61669,61668,61669,1
rising,61943,61669,61943,274
left_turning,61970,61943,61970,27
stepping,61985,61970,61985,15
rising,62157,61985,62157,172
rearing,62239,62157,62239,82
trotting,62265,62239,62265,26
walking,62289,62265,62289,24
sniffing,62440,62289,62440,151
walking,62471,62440,62471,31
right_turning,62490,62471,62490,19
stepping,62512,62490,62512,22
grooming,62537,62512,62537,25
hunching,62617,62537,62617,80
rearing,62637,62617,62637,20
sniffing,62737,62637,62737,100
walking,62759,62737,62759,22
stepping,62784,62759,62784,25
sniffing,62842,62784,62842,58
walking,62878,62842,62878,36
left_turning,62879,62878,62879,1
walking,62936,62879,62936,57
sniffing,63019,62936,63019,83
walking,63020,63019,63020,1
sniffing,63076,63020,63076,56
grooming,63138,63076,63138,62
rearing,63177,63138,63177,39
sniffing,63199,63177,63199,22
rising,63237,63199,63237,38
sniffing,63269,63237,63269,32
stepping,63344,63269,63344,75
grooming,63500,63344,63500,156
rearing,63555,63500,63555,55
grooming,63556,63555,63556,1
running,63580,63556,63580,24
trotting,63599,63580,63599,19
stepping,63612,63599,63612,13
sniffing,63681,63612,63681,69
grooming,63682,63681,63682,1
sniffing,63743,63682,63743,61
walking,63817,63743,63817,74
sniffing,63856,63817,63856,39
walking,63891,63856,63891,35
stepping,63951,63891,63951,60
sniffing,64066,63951,64066,115
grooming,64394,64066,64394,328
scratching,64466,64394,64466,72
stepping,64494,64466,64494,28
hunching,64558,64494,64558,64
grooming,64687,64558,64687,129
scratching,64873,64687,64873,186
grooming,64920,64873,64920,47
left_turning,64947,64920,64947,27
sniffing,64948,64947,64948,1
running,64959,64948,64959,11
walking,64994,64959,64994,35
stepping,65046,64994,65046,52
walking,65090,65046,65090,44
rising,65118,65090,65118,28
climbing,65164,65118,65164,46
running,65171,65164,65171,7
walking,65182,65171,65182,11
sniffing,65225,65182,65225,43
stepping,65265,65225,65265,40
walking,65280,65265,65280,15
climbing,65337,65280,65337,57
walking,65364,65337,65364,27
trotting,65408,65364,65408,44
sniffing,65461,65408,65461,53
rising,65467,65461,65467,6
walking,65486,65467,65486,19
trotting,65517,65486,65517,31
walking,65533,65517,65533,16
sniffing,65588,65533,65588,55
stepping,65591,65588,65591,3
grooming,65592,65591,65592,1
rising,65599,65592,65599,7
sniffing,65600,65599,65600,1
rising,65633,65600,65633,33
sniffing,65654,65633,65654,21
stepping,65678,65654,65678,24
rising,65681,65678,65681,3
rearing,65690,65681,65690,9
sniffing,65770,65690,65770,80
right_turning,65819,65770,65819,49
sniffing,65874,65819,65874,55
left_turning,65879,65874,65879,5
running,65915,65879,65915,36
stepping,65969,65915,65969,54
rearing,66051,65969,66051,82
left_turning,66094,66051,66094,43
trotting,66114,66094,66114,20
climbing,66227,66114,66227,113
left_turning,66268,66227,66268,41
sniffing,66433,66268,66433,165
left_turning,66434,66433,66434,1
trotting,66469,66434,66469,35
rearing,66470,66469,66470,1
grooming,66471,66470,66471,1
rising,66492,66471,66492,21
climbing,66556,66492,66556,64
left_turning,66574,66556,66574,18
stepping,66630,66574,66630,56
climbing,66697,66630,66697,67
stepping,66724,66697,66724,27
sniffing,66765,66724,66765,41
walking,66835,66765,66835,70
stepping,66859,66835,66859,24
right_turning,66900,66859,66900,41
walking,66906,66900,66906,6
sniffing,66951,66906,66951,45
walking,67015,66951,67015,64
rearing,67016,67015,67016,1
grooming,67017,67016,67017,1
climbing,67045,67017,67045,28
walking,67048,67045,67048,3
sniffing,67085,67048,67085,37
grooming,67086,67085,67086,1
rearing,67190,67086,67190,104
rising,67220,67190,67220,30
sniffing,67232,67220,67232,12
walking,67245,67232,67245,13
stepping,67256,67245,67256,11
sniffing,67286,67256,67286,30
stepping,67294,67286,67294,8
sniffing,67316,67294,67316,22
left_turning,67346,67316,67346,30
trotting,67359,67346,67359,13
sniffing,67400,67359,67400,41
left_turning,67465,67400,67465,65
trotting,67478,67465,67478,13
right_turning,67492,67478,67492,14
sniffing,67499,67492,67499,7
rising,67545,67499,67545,46
climbing,67565,67545,67565,20
rearing,67599,67565,67599,34
grooming,67803,67599,67803,204
trotting,67814,67803,67814,11
stepping,67861,67814,67861,47
grooming,67921,67861,67921,60
rearing,67958,67921,67958,37
walking,68009,67958,68009,51
trotting,68045,68009,68045,36
stepping,68098,68045,68098,53
trotting,68115,68098,68115,17
sniffing,68127,68115,68127,12
walking,68175,68127,68175,48
sniffing,68182,68175,68182,7
rising,68212,68182,68212,30
sniffing,68253,68212,68253,41
right_turning,68282,68253,68282,29
walking,68327,68282,68327,45
trotting,68340,68327,68340,13
walking,68377,68340,68377,37
stepping,68409,68377,68409,32
walking,68437,68409,68437,28
sniffing,68438,68437,68438,1
climbing,68468,68438,68468,30
grooming,68469,68468,68469,1
running,68506,68469,68506,37
walking,68522,68506,68522,16
trotting,68533,68522,68533,11
sniffing,68607,68533,68607,74
grooming,68608,68607,68608,1
trotting,68633,68608,68633,25
walking,68634,68633,68634,1
sniffing,68667,68634,68667,33
trotting,68703,68667,68703,36
stepping,68755,68703,68755,52
trotting,68783,68755,68783,28
stepping,68806,68783,68806,23
walking,68829,68806,68829,23
sniffing,68893,68829,68893,64
stepping,68931,68893,68931,38
grooming,69002,68931,69002,71
sniffing,69048,69002,69048,46
stepping,69068,69048,69068,20
sniffing,69173,69068,69173,105
walking,69210,69173,69210,37
stepping,69239,69210,69239,29
climbing,69303,69239,69303,64
rising,69341,69303,69341,38
sniffing,69413,69341,69413,72
grooming,69575,69413,69575,162
sniffing,69709,69575,69709,134
trotting,69712,69709,69712,3
stepping,69738,69712,69738,26
sniffing,69776,69738,69776,38
rising,69777,69776,69777,1
stepping,69797,69777,69797,20
rising,69798,69797,69798,1
trotting,69848,69798,69848,50
climbing,69888,69848,69888,40
grooming,69974,69888,69974,86
stepping,70002,69974,70002,28
trotting,70049,70002,70049,47
sniffing,70080,70049,70080,31
stepping,70081,70080,70081,1
grooming,70172,70081,70172,91
left_turning,70200,70172,70200,28
sniffing,70201,70200,70201,1
left_turning,70202,70201,70202,1
sniffing,70285,70202,70285,83
stepping,70332,70285,70332,47
sniffing,70393,70332,70393,61
grooming,70485,70393,70485,92
walking,70495,70485,70495,10
sniffing,70505,70495,70505,10
rising,70551,70505,70551,46
sniffing,70552,70551,70552,1
right_turning,70580,70552,70580,28
sniffing,70662,70580,70662,82
pausing,70812,70662,70812,150
sniffing,70829,70812,70829,17
stepping,70884,70829,70884,55
sniffing,70945,70884,70945,61
walking,70957,70945,70957,12
stepping,70988,70957,70988,31
sniffing,70989,70988,70989,1
stepping,70995,70989,70995,6
sniffing,70996,70995,70996,1
grooming,71031,70996,71031,35
sniffing,71072,71031,71072,41
stepping,71086,71072,71086,14
grooming,71222,71086,71222,136
hunching,71386,71222,71386,164
rearing,71387,71386,71387,1
hunching,71484,71387,71484,97
sniffing,71561,71484,71561,77
walking,71580,71561,71580,19
rearing,71657,71580,71657,77
grooming,71658,71657,71658,1
left_turning,71664,71658,71664,6
rising,71718,71664,71718,54
climbing,71724,71718,71724,6
grooming,71725,71724,71725,1
scratching,71772,71725,71772,47
sniffing,71824,71772,71824,52
grooming,71954,71824,71954,130
sniffing,72041,71954,72041,87
stepping,72064,72041,72064,23
climbing,72093,72064,72093,29
walking,72105,72093,72105,12
stepping,72154,72105,72154,49
rising,72205,72154,72205,51
rearing,72242,72205,72242,37
walking,72256,72242,72256,14
stepping,72265,72256,72265,9
sniffing,72330,72265,72330,65
climbing,72428,72330,72428,98
grooming,72429,72428,72429,1
rising,72455,72429,72455,26
sniffing,72513,72455,72513,58
walking,72532,72513,72532,19
trotting,72542,72532,72542,10
stepping,72545,72542,72545,3
grooming,72802,72545,72802,257
sniffing,72831,72802,72831,29
walking,72896,72831,72896,65
sniffing,72996,72896,72996,100
walking,73042,72996,73042,46
stepping,73089,73042,73089,47
walking,73106,73089,73106,17
rising,73146,73106,73146,40
stepping,73165,73146,73165,19
sniffing,73225,73165,73225,60
right_turning,73238,73225,73238,13
trotting,73273,73238,73273,35
stepping,73282,73273,73282,9
sniffing,73319,73282,73319,37
right_turning,73320,73319,73320,1
stepping,73385,73320,73385,65
walking,73402,73385,73402,17
trotting,73431,73402,73431,29
stepping,73465,73431,73465,34
sniffing,73507,73465,73507,42
grooming,73897,73507,73897,390
hunching,74036,73897,74036,139
rearing,74097,74036,74097,61
stepping,74100,74097,74100,3
rising,74150,74100,74150,50
rearing,74151,74150,74151,1
hunching,74235,74151,74235,84
rearing,74312,74235,74312,77
climbing,74345,74312,74345,33
trotting,74391,74345,74391,46
climbing,74416,74391,74416,25
rearing,74444,74416,74444,28
hunching,74445,74444,74445,1
grooming,74511,74445,74511,66
hunching,74656,74511,74656,145
rearing,74736,74656,74736,80
stepping,74760,74736,74760,24
walking,74786,74760,74786,26
stepping,74815,74786,74815,29
walking,74835,74815,74835,20
rising,74864,74835,74864,29
sniffing,74871,74864,74871,7
rising,74887,74871,74887,16
rearing,74910,74887,74910,23
stepping,74926,74910,74926,16
walking,74951,74926,74951,25
stepping,75004,74951,75004,53
rearing,75048,75004,75048,44
grooming,75050,75048,75050,2
walking,75069,75050,75069,19
sniffing,75084,75069,75084,15
stepping,75089,75084,75089,5
walking,75111,75089,75111,22
sniffing,75226,75111,75226,115
left_turning,75241,75226,75241,15
sniffing,75378,75241,75378,137
walking,75390,75378,75390,12
stepping,75411,75390,75411,21
rearing,75412,75411,75412,1
grooming,75413,75412,75413,1
left_turning,75479,75413,75479,66
walking,75522,75479,75522,43
rising,75550,75522,75550,28
left_turning,75551,75550,75551,1
climbing,75633,75551,75633,82
walking,75656,75633,75656,23
sniffing,75718,75656,75718,62
rising,75732,75718,75732,14
sniffing,75813,75732,75813,81
stepping,75834,75813,75834,21
rearing,75923,75834,75923,89
rising,75952,75923,75952,29
rearing,76063,75952,76063,111
grooming,76064,76063,76064,1
sniffing,76065,76064,76065,1
left_turning,76066,76065,76066,1
sniffing,76145,76066,76145,79
rising,76161,76145,76161,16
sniffing,76190,76161,76190,29
stepping,76232,76190,76232,42
climbing,76267,76232,76267,35
rearing,76366,76267,76366,99
hunching,76476,76366,76476,110
rearing,76546,76476,76546,70
sniffing,76547,76546,76547,1
walking,76591,76547,76591,44
sniffing,76608,76591,76608,17
right_turning,76643,76608,76643,35
stepping,76666,76643,76666,23
sniffing,76781,76666,76781,115
walking,76800,76781,76800,19
running,76830,76800,76830,30
climbing,76831,76830,76831,1
rearing,76832,76831,76832,1
grooming,76849,76832,76849,17
sniffing,76886,76849,76886,37
hunching,76887,76886,76887,1
rearing,76992,76887,76992,105
grooming,76993,76992,76993,1
rearing,77066,76993,77066,73
sniffing,77084,77066,77084,18
walking,77137,77084,77137,53
sniffing,77143,77137,77143,6
stepping,77194,77143,77194,51
walking,77200,77194,77200,6
sniffing,77230,77200,77230,30
left_turning,77242,77230,77242,12
walking,77268,77242,77268,26
climbing,77323,77268,77323,55
sniffing,77467,77323,77467,144
walking,77505,77467,77505,38
sniffing,77540,77505,77540,35
grooming,77641,77540,77641,101
right_turning,77653,77641,77653,12
trotting,77702,77653,77702,49
stepping,77711,77702,77711,9
grooming,77739,77711,77739,28
rearing,77768,77739,77768,29
sniffing,77848,77768,77848,80
grooming,77849,77848,77849,1
walking,77869,77849,77869,20
stepping,77959,77869,77959,90
rearing,77960,77959,77960,1
grooming,78011,77960,78011,51
rising,78049,78011,78049,38
sniffing,78082,78049,78082,33
stepping,78101,78082,78101,19
right_turning,78134,78101,78134,33
stepping,78146,78134,78146,12
sniffing,78200,78146,78200,54
right_turning,78258,78200,78258,58
walking,78282,78258,78282,24
trotting,78301,78282,78301,19
walking,78320,78301,78320,19
stepping,78337,78320,78337,17
rearing,78338,78337,78338,1
grooming,78487,78338,78487,149
walking,78500,78487,78500,13
sniffing,78517,78500,78517,17
grooming,78798,78517,78798,281
rearing,78812,78798,78812,14
grooming,79574,78812,79574,762
scratching,79651,79574,79651,77
left_turning,79706,79651,79706,55
stepping,79709,79706,79709,3
walking,79752,79709,79752,43
climbing,79783,79752,79783,31
stepping,79801,79783,79801,18
sniffing,79830,79801,79830,29
stepping,79855,79830,79855,25
climbing,79862,79855,79862,7
stepping,79863,79862,79863,1
walking,79877,79863,79877,14
running,79893,79877,79893,16
stepping,79919,79893,79919,26
sniffing,79920,79919,79920,1
walking,79950,79920,79950,30
climbing,79981,79950,79981,31
left_turning,80018,79981,80018,37
hunching,80019,80018,80019,1
grooming,80571,80019,80571,552
scratching,80619,80571,80619,48
grooming,80686,80619,80686,67
climbing,80705,80686,80705,19
stepping,80727,80705,80727,22
sniffing,80768,80727,80768,41
stepping,80820,80768,80820,52
sniffing,80866,80820,80866,46
trotting,80897,80866,80897,31
walking,80900,80897,80900,3
stepping,80944,80900,80944,44
walking,80972,80944,80972,28
stepping,81029,80972,81029,57
rising,81041,81029,81041,12
rearing,81118,81041,81118,77
sniffing,81131,81118,81131,13
left_turning,81173,81131,81173,42
rising,81190,81173,81190,17
sniffing,81191,81190,81191,1
trotting,81214,81191,81214,23
rearing,81310,81214,81310,96
grooming,81311,81310,81311,1
scratching,81333,81311,81333,22
grooming,81457,81333,81457,124
rearing,81508,81457,81508,51
sniffing,81555,81508,81555,47
rising,81696,81555,81696,141
sniffing,81786,81696,81786,90
left_turning,81850,81786,81850,64
rearing,81895,81850,81895,45
climbing,81933,81895,81933,38
walking,81962,81933,81962,29
stepping,81994,81962,81994,32
rising,81995,81994,81995,1
climbing,82023,81995,82023,28
rearing,82044,82023,82044,21
grooming,82204,82044,82204,160
climbing,82218,82204,82218,14
grooming,82262,82218,82262,44
rearing,82286,82262,82286,24
walking,82323,82286,82323,37
right_turning,82364,82323,82364,41
stepping,82376,82364,82376,12
walking,82388,82376,82388,12
sniffing,82434,82388,82434,46
rearing,82439,82434,82439,5
climbing,82442,82439,82442,3
rising,82582,82442,82582,140
grooming,82597,82582,82597,15
climbing,82625,82597,82625,28
rising,82660,82625,82660,35
stepping,82681,82660,82681,21
rising,82722,82681,82722,41
grooming,82959,82722,82959,237
walking,82999,82959,82999,40
sniffing,83000,82999,83000,1
rising,83013,83000,83013,13
grooming,83064,83013,83064,51
rearing,83065,83064,83065,1
rising,83066,83065,83066,1
climbing,83157,83066,83157,91
grooming,83175,83157,83175,18
rearing,83190,83175,83190,15
rising,83210,83190,83210,20
sniffing,83216,83210,83216,6
walking,83217,83216,83217,1
sniffing,83271,83217,83271,54
trotting,83294,83271,83294,23
sniffing,83295,83294,83295,1
walking,83296,83295,83296,1
grooming,83515,83296,83515,219
rearing,83619,83515,83619,104
climbing,83635,83619,83635,16
rearing,83636,83635,83636,1
grooming,83637,83636,83637,1
sniffing,83691,83637,83691,54
grooming,84181,83691,84181,490
hunching,84264,84181,84264,83
stepping,84312,84264,84312,48
rising,84340,84312,84340,28
climbing,84394,84340,84394,54
rising,84496,84394,84496,102
rearing,84497,84496,84497,1
hunching,84498,84497,84498,1
sniffing,84511,84498,84511,13
left_turning,84546,84511,84546,35
stepping,84578,84546,84578,32
rising,84609,84578,84609,31
climbing,84715,84609,84715,106
right_turning,84738,84715,84738,23
climbing,84749,84738,84749,11
grooming,84850,84749,84850,101
sniffing,84930,84850,84930,80
walking,84950,84930,84950,20
stepping,84987,84950,84987,37
sniffing,85025,84987,85025,38
stepping,85106,85025,85106,81
trotting,85115,85106,85115,9
stepping,85132,85115,85132,17
sniffing,85145,85132,85145,13
stepping,85168,85145,85168,23
walking,85170,85168,85170,2
climbing,85185,85170,85185,15
sniffing,85220,85185,85220,35
trotting,85258,85220,85258,38
sniffing,85328,85258,85328,70
stepping,85334,85328,85334,6
sniffing,85362,85334,85362,28
walking,85378,85362,85378,16
rising,85379,85378,85379,1
grooming,85478,85379,85478,99
rearing,85479,85478,85479,1
grooming,85480,85479,85480,1
hunching,85559,85480,85559,79
climbing,85683,85559,85683,124
sniffing,85732,85683,85732,49
grooming,85903,85732,85903,171
left_turning,85906,85903,85906,3
grooming,86321,85906,86321,415
climbing,86364,86321,86364,43
sniffing,86482,86364,86482,118
right_turning,86510,86482,86510,28
stepping,86522,86510,86522,12
sniffing,86555,86522,86555,33
left_turning,86626,86555,86626,71
rising,86627,86626,86627,1
sniffing,86664,86627,86664,37
grooming,86724,86664,86724,60
hunching,86774,86724,86774,50
sniffing,86775,86774,86775,1
walking,86872,86775,86872,97
trotting,86889,86872,86889,17
rising,86914,86889,86914,25
grooming,87000,86914,87000,86
walking,87033,87000,87033,33
sniffing,87136,87033,87136,103
stepping,87181,87136,87181,45
sniffing,87199,87181,87199,18
stepping,87229,87199,87229,30
right_turning,87248,87229,87248,19
walking,87265,87248,87265,17
rising,87290,87265,87290,25
climbing,87294,87290,87294,4
sniffing,87321,87294,87321,27
stepping,87374,87321,87374,53
walking,87375,87374,87375,1
rearing,87450,87375,87450,75
climbing,87458,87450,87458,8
right_turning,87473,87458,87473,15
walking,87551,87473,87551,78
stepping,87609,87551,87609,58
climbing,87688,87609,87688,79
sniffing,87736,87688,87736,48
running,87754,87736,87754,18
rearing,87810,87754,87810,56
hunching,87828,87810,87828,18
grooming,87959,87828,87959,131
sniffing,87978,87959,87978,19
rearing,88015,87978,88015,37
grooming,88290,88015,88290,275
sniffing,88294,88290,88294,4
left_turning,88327,88294,88327,33
climbing,88333,88327,88333,6
trotting,88373,88333,88373,40
sniffing,88378,88373,88378,5
walking,88379,88378,88379,1
sniffing,88427,88379,88427,48
walking,88461,88427,88461,34
rearing,88513,88461,88513,52
climbing,88557,88513,88557,44
rearing,88650,88557,88650,93
climbing,88702,88650,88702,52
grooming,89001,88702,89001,299
sniffing,89015,89001,89015,14
walking,89036,89015,89036,21
sniffing,89060,89036,89060,24
rising,89074,89060,89074,14
rearing,89124,89074,89124,50
hunching,89141,89124,89141,17
rising,89160,89141,89160,19
grooming,89323,89160,89323,163
walking,89375,89323,89375,52
stepping,89421,89375,89421,46
sniffing,89462,89421,89462,41
walking,89471,89462,89471,9
stepping,89508,89471,89508,37
grooming,89649,89508,89649,141
stepping,89659,89649,89659,10
left_turning,89710,89659,89710,51
grooming,89739,89710,89739,29
rearing,89749,89739,89749,10
hunching,89792,89749,89792,43
grooming,89966,89792,89966,174
left_turning,90014,89966,90014,48
sniffing,90015,90014,90015,1
stepping,90044,90015,90044,29
sniffing,90092,90044,90092,48
walking,90099,90092,90099,7
sniffing,90100,90099,90100,1
trotting,90127,90100,90127,27
stepping,90128,90127,90128,1
rearing,90215,90128,90215,87
grooming,90290,90215,90290,75
running,90309,90290,90309,19
sniffing,90401,90309,90401,92
stepping,90411,90401,90411,10
sniffing,90449,90411,90449,38
stepping,90472,90449,90472,23
sniffing,90489,90472,90489,17
rising,90550,90489,90550,61
grooming,90564,90550,90564,14
rising,90631,90564,90631,67
left_turning,90634,90631,90634,3
walking,90654,90634,90654,20
climbing,90686,90654,90686,32
left_turning,90707,90686,90707,21
walking,90716,90707,90716,9
climbing,90745,90716,90745,29
left_turning,90746,90745,90746,1
rearing,90810,90746,90810,64
hunching,91149,90810,91149,339
climbing,91154,91149,91154,5
rising,91196,91154,91196,42
trotting,91202,91196,91202,6
walking,91242,91202,91242,40
rearing,91301,91242,91301,59
climbing,91312,91301,91312,11
rearing,91334,91312,91334,22
climbing,91443,91334,91443,109
left_turning,91444,91443,91444,1
walking,91472,91444,91472,28
rising,91483,91472,91483,11
rearing,91492,91483,91492,9
grooming,91599,91492,91599,107
left_turning,91643,91599,91643,44
sniffing,91682,91643,91682,39
rearing,91716,91682,91716,34
climbing,91759,91716,91759,43
rearing,91777,91759,91777,18
hunching,91836,91777,91836,59
walking,91837,91836,91837,1
trotting,91875,91837,91875,38
right_turning,91924,91875,91924,49
climbing,91926,91924,91926,2
running,91949,91926,91949,23
trotting,91950,91949,91950,1
sniffing,91976,91950,91976,26
stepping,91992,91976,91992,16
walking,92044,91992,92044,52
trotting,92071,92044,92071,27
stepping,92127,92071,92127,56
grooming,92128,92127,92128,1
rearing,92191,92128,92191,63
climbing,92192,92191,92192,1
grooming,92204,92192,92204,12
rearing,92263,92204,92263,59
grooming,92361,92263,92361,98
stepping,92392,92361,92392,31
climbing,92431,92392,92431,39
grooming,92504,92431,92504,73
sniffing,92505,92504,92505,1
walking,92529,92505,92529,24
left_turning,92538,92529,92538,9
stepping,92558,92538,92558,20
sniffing,92565,92558,92565,7
walking,92583,92565,92583,18
stepping,92596,92583,92596,13
sniffing,92726,92596,92726,130
stepping,92754,92726,92754,28
climbing,92797,92754,92797,43
walking,92848,92797,92848,51
grooming,92931,92848,92931,83
rising,92932,92931,92932,1
grooming,92980,92932,92980,48
hunching,93008,92980,93008,28
grooming,93009,93008,93009,1
rearing,93022,93009,93022,13
grooming,93350,93022,93350,328
climbing,93381,93350,93381,31
stepping,93408,93381,93408,27
walking,93427,93408,93427,19
sniffing,93428,93427,93428,1
left_turning,93429,93428,93429,1
sniffing,93430,93429,93430,1
stepping,93461,93430,93461,31
walking,93537,93461,93537,76
sniffing,93619,93537,93619,82
trotting,93656,93619,93656,37
stepping,93701,93656,93701,45
sniffing,93702,93701,93702,1
left_turning,93703,93702,93703,1
stepping,93718,93703,93718,15
sniffing,93735,93718,93735,17
stepping,93755,93735,93755,20
sniffing,93795,93755,93795,40
stepping,93805,93795,93805,10
walking,93828,93805,93828,23
rising,93847,93828,93847,19
stepping,93882,93847,93882,35
grooming,93892,93882,93892,10
rearing,93942,93892,93942,50
rising,93964,93942,93964,22
sniffing,94007,93964,94007,43
walking,94008,94007,94008,1
right_turning,94027,94008,94027,19
walking,94029,94027,94029,2
sniffing,94082,94029,94082,53
grooming,94260,94082,94260,178
sniffing,94315,94260,94315,55
grooming,94613,94315,94613,298
scratching,94614,94613,94614,1
sniffing,94728,94614,94728,114
rising,94802,94728,94802,74
sniffing,94820,94802,94820,18
right_turning,94846,94820,94846,26
sniffing,94921,94846,94921,75
rising,94922,94921,94922,1
stepping,94940,94922,94940,18
walking,94968,94940,94968,28
left_turning,94981,94968,94981,13
stepping,95004,94981,95004,23
rearing,95038,95004,95038,34
climbing,95081,95038,95081,43
right_turning,95106,95081,95106,25
walking,95162,95106,95162,56
stepping,95191,95162,95191,29
walking,95218,95191,95218,27
rising,95228,95218,95228,10
sniffing,95241,95228,95241,13
rising,95295,95241,95295,54
grooming,95296,95295,95296,1
rearing,95300,95296,95300,4
climbing,95347,95300,95347,47
left_turning,95351,95347,95351,4
walking,95357,95351,95357,6
sniffing,95393,95357,95393,36
stepping,95415,95393,95415,22
walking,95490,95415,95490,75
sniffing,95623,95490,95623,133
stepping,95650,95623,95650,27
walking,95692,95650,95692,42
sniffing,95848,95692,95848,156
rearing,95911,95848,95911,63
grooming,96044,95911,96044,133
rising,96051,96044,96051,7
rearing,96105,96051,96105,54
grooming,96364,96105,96364,259
right_turning,96388,96364,96388,24
walking,96425,96388,96425,37
stepping,96475,96425,96475,50
sniffing,96476,96475,96476,1
climbing,96514,96476,96514,38
left_turning,96535,96514,96535,21
stepping,96577,96535,96577,42
walking,96619,96577,96619,42
trotting,96625,96619,96625,6
walking,96665,96625,96665,40
sniffing,96667,96665,96667,2
rising,96698,96667,96698,31
sniffing,96866,96698,96866,168
walking,96903,96866,96903,37
stepping,96904,96903,96904,1
sniffing,96975,96904,96975,71
walking,97024,96975,97024,49
sniffing,97042,97024,97042,18
walking,97073,97042,97073,31
hunching,97090,97073,97090,17
rearing,97212,97090,97212,122
sniffing,97254,97212,97254,42
grooming,97366,97254,97366,112
rearing,97380,97366,97380,14
grooming,97530,97380,97530,150
rearing,97579,97530,97579,49
grooming,97736,97579,97736,157
climbing,97779,97736,97779,43
walking,97813,97779,97813,34
sniffing,97814,97813,97814,1
stepping,97876,97814,97876,62
grooming,98026,97876,98026,150
sniffing,98048,98026,98048,22
running,98086,98048,98086,38
walking,98143,98086,98143,57
sniffing,98158,98143,98158,15
stepping,98177,98158,98177,19
trotting,98198,98177,98198,21
stepping,98222,98198,98222,24
walking,98233,98222,98233,11
stepping,98234,98233,98234,1
sniffing,98259,98234,98259,25
grooming,98372,98259,98372,113
left_turning,98421,98372,98421,49
rearing,98525,98421,98525,104
sniffing,98534,98525,98534,9
right_turning,98552,98534,98552,18
stepping,98684,98552,98684,132
rising,98709,98684,98709,25
walking,98718,98709,98718,9
trotting,98745,98718,98745,27
walking,98772,98745,98772,27
jumping,98773,98772,98773,1
walking,98827,98773,98827,54
sniffing,98899,98827,98899,72
stepping,98916,98899,98916,17
sniffing,99069,98916,99069,153
walking,99103,99069,99103,34
sniffing,99135,99103,99135,32
grooming,99136,99135,99136,1
rearing,99137,99136,99137,1
rising,99148,99137,99148,11
sniffing,99261,99148,99261,113
grooming,99262,99261,99262,1
rising,99311,99262,99311,49
sniffing,99442,99311,99442,131
stepping,99474,99442,99474,32
grooming,99475,99474,99475,1
climbing,99476,99475,99476,1
rearing,99494,99476,99494,18
climbing,99557,99494,99557,63
left_turning,99607,99557,99607,50
stepping,99655,99607,99655,48
sniffing,99671,99655,99671,16
walking,99686,99671,99686,15
sniffing,99722,99686,99722,36
stepping,99732,99722,99732,10
rising,99967,99732,99967,235
climbing,99968,99967,99968,1
grooming,100105,99968,100105,137
rearing,100165,100105,100165,60
grooming,100347,100165,100347,182
running,100363,100347,100363,16
walking,100393,100363,100393,30
sniffing,100470,100393,100470,77
grooming,100562,100470,100562,92
stepping,100563,100562,100563,1
walking,100600,100563,100600,37
grooming,100716,100600,100716,116
scratching,100765,100716,100765,49
sniffing,100875,100765,100875,110
stepping,100876,100875,100876,1
sniffing,100915,100876,100915,39
left_turning,100934,100915,100934,19
sniffing,100997,100934,100997,63
running,101011,100997,101011,14
walking,101054,101011,101054,43
right_turning,101061,101054,101061,7
grooming,101097,101061,101097,36
rearing,101114,101097,101114,17
sniffing,101115,101114,101115,1
grooming,101363,101115,101363,248
climbing,101435,101363,101435,72
sniffing,101534,101435,101534,99
stepping,101552,101534,101552,18
sniffing,101602,101552,101602,50
walking,101632,101602,101632,30
rearing,101696,101632,101696,64
climbing,101735,101696,101735,39
rearing,101736,101735,101736,1
hunching,101803,101736,101803,67
rearing,101883,101803,101883,80
sniffing,102001,101883,102001,118
left_turning,102045,102001,102045,44
grooming,102046,102045,102046,1
hunching,102107,102046,102107,61
left_turning,102124,102107,102124,17
stepping,102136,102124,102136,12
walking,102153,102136,102153,17
stepping,102172,102153,102172,19
rearing,102248,102172,102248,76
climbing,102269,102248,102269,21
stepping,102277,102269,102277,8
sniffing,102308,102277,102308,31
rising,102313,102308,102313,5
stepping,102338,102313,102338,25
rising,102414,102338,102414,76
rearing,102427,102414,102427,13
hunching,102483,102427,102483,56
grooming,102631,102483,102631,148
right_turning,102653,102631,102653,22
stepping,102671,102653,102671,18
climbing,102673,102671,102673,2
walking,102700,102673,102700,27
climbing,102701,102700,102701,1
stepping,102704,102701,102704,3
sniffing,102745,102704,102745,41
rising,102762,102745,102762,17
stepping,102790,102762,102790,28
sniffing,102823,102790,102823,33
walking,102890,102823,102890,67
sniffing,102942,102890,102942,52
hunching,103034,102942,103034,92
rearing,103035,103034,103035,1
sniffing,103036,103035,103036,1
rising,103058,103036,103058,22
rearing,103223,103058,103223,165
rising,103224,103223,103224,1
sniffing,103237,103224,103237,13
walking,103299,103237,103299,62
stepping,103350,103299,103350,51
rearing,103601,103350,103601,251
grooming,104213,103601,104213,612
hunching,104245,104213,104245,32
sniffing,104280,104245,104280,35
left_turning,104345,104280,104345,65
sniffing,104372,104345,104372,27
grooming,104571,104372,104571,199
sniffing,104632,104571,104632,61
rising,104706,104632,104706,74
stepping,104723,104706,104723,17
sniffing,104724,104723,104724,1
walking,104769,104724,104769,45
sniffing,104782,104769,104782,13
stepping,104827,104782,104827,45
walking,104878,104827,104878,51
sniffing,104926,104878,104926,48
rising,104930,104926,104930,4
sniffing,104997,104930,104997,67
rising,105054,104997,105054,57
rearing,105104,105054,105104,50
rising,105105,105104,105105,1
sniffing,105189,105105,105189,84
trotting,105221,105189,105221,32
sniffing,105290,105221,105290,69
left_turning,105318,105290,105318,28
walking,105367,105318,105367,49
sniffing,105402,105367,105402,35
right_turning,105432,105402,105432,30
sniffing,105511,105432,105511,79
rising,105512,105511,105512,1
sniffing,105590,105512,105590,78
walking,105629,105590,105629,39
right_turning,105635,105629,105635,6
stepping,105650,105635,105650,15
sniffing,105700,105650,105700,50
rising,105728,105700,105728,28
climbing,105790,105728,105790,62
walking,105811,105790,105811,21
sniffing,105849,105811,105849,38
rearing,105857,105849,105857,8
stepping,105904,105857,105904,47
walking,105947,105904,105947,43
stepping,105985,105947,105985,38
trotting,106012,105985,106012,27
walking,106064,106012,106064,52
sniffing,106065,106064,106065,1
rearing,106143,106065,106143,78
climbing,106176,106143,106176,33
rearing,106255,106176,106255,79
grooming,106258,106255,106258,3
sniffing,106285,106258,106285,27
rising,106336,106285,106336,51
walking,106337,106336,106337,1
stepping,106369,106337,106369,32
walking,106425,106369,106425,56
rising,106480,106425,106480,55
stepping,106491,106480,106491,11
walking,106500,106491,106500,9
rising,106546,106500,106546,46
walking,106577,106546,106577,31
stepping,106603,106577,106603,26
left_turning,106644,106603,106644,41
sniffing,106658,106644,106658,14
stepping,106723,106658,106723,65
climbing,106774,106723,106774,51
rising,106797,106774,106797,23
rearing,106847,106797,106847,50
grooming,106965,106847,106965,118
hunching,107072,106965,107072,107
rising,107172,107072,107172,100
rearing,107273,107172,107273,101
grooming,107701,107273,107701,428
hunching,107772,107701,107772,71
rearing,107797,107772,107797,25
grooming,107860,107797,107860,63
sniffing,107937,107860,107937,77
grooming,108000,107937,108000,63
