revised_movement_label,segBoundary,segBoundary_start,segBoundary_end,length
stepping,24,0,24,24
rising,60,24,60,36
sniffing,95,60,95,35
stepping,142,95,142,47
sniffing,213,142,213,71
rising,254,213,254,41
sniffing,259,254,259,5
rising,286,259,286,27
left_turning,335,286,335,49
walking,344,335,344,9
right_turning,355,344,355,11
stepping,380,355,380,25
rising,381,380,381,1
sniffing,434,381,434,53
rising,502,434,502,68
hunching,503,502,503,1
left_turning,522,503,522,19
walking,582,522,582,60
trotting,603,582,603,21
running,617,603,617,14
sniffing,680,617,680,63
walking,722,680,722,42
running,733,722,733,11
stepping,752,733,752,19
trotting,768,752,768,16
running,806,768,806,38
trotting,825,806,825,19
walking,867,825,867,42
trotting,892,867,892,25
running,902,892,902,10
walking,918,902,918,16
sniffing,983,918,983,65
rising,984,983,984,1
left_turning,1002,984,1002,18
walking,1059,1002,1059,57
trotting,1070,1059,1070,11
walking,1109,1070,1109,39
stepping,1144,1109,1144,35
sniffing,1157,1144,1157,13
walking,1190,1157,1190,33
left_turning,1227,1190,1227,37
stepping,1243,1227,1243,16
walking,1244,1243,1244,1
sniffing,1256,1244,1256,12
stepping,1265,1256,1265,9
walking,1316,1265,1316,51
stepping,1328,1316,1328,12
sniffing,1352,1328,1352,24
stepping,1374,1352,1374,22
sniffing,1378,1374,1378,4
walking,1429,1378,1429,51
rising,1528,1429,1528,99
sniffing,1530,1528,1530,2
walking,1612,1530,1612,82
rising,1678,1612,1678,66
walking,1705,1678,1705,27
trotting,1716,1705,1716,11
sniffing,1727,1716,1727,11
right_turning,1737,1727,1737,10
sniffing,1738,1737,1738,1
rearing,1753,1738,1753,15
grooming,1982,1753,1982,229
sniffing,2059,1982,2059,77
walking,2071,2059,2071,12
stepping,2075,2071,2075,4
sniffing,2076,2075,2076,1
grooming,2159,2076,2159,83
sniffing,2188,2159,2188,29
walking,2200,2188,2200,12
sniffing,2203,2200,2203,3
left_turning,2215,2203,2215,12
stepping,2258,2215,2258,43
rising,2259,2258,2259,1
sniffing,2310,2259,2310,51
grooming,2440,2310,2440,130
left_turning,2462,2440,2462,22
running,2477,2462,2477,15
rising,2508,2477,2508,31
running,2535,2508,2535,27
trotting,2550,2535,2550,15
sniffing,2551,2550,2551,1
walking,2580,2551,2580,29
rising,2641,2580,2641,61
sniffing,2648,2641,2648,7
rearing,2741,2648,2741,93
grooming,2841,2741,2841,100
climbing,2895,2841,2895,54
left_turning,2908,2895,2908,13
sniffing,2970,2908,2970,62
rearing,3112,2970,3112,142
climbing,3160,3112,3160,48
rising,3171,3160,3171,11
walking,3210,3171,3210,39
rising,3211,3210,3211,1
grooming,3881,3211,3881,670
rising,3920,3881,3920,39
walking,3946,3920,3946,26
rising,3947,3946,3947,1
stepping,3963,3947,3963,16
walking,3981,3963,3981,18
rising,4047,3981,4047,66
rearing,4048,4047,4048,1
rising,4057,4048,4057,9
grooming,4058,4057,4058,1
rearing,4070,4058,4070,12
stepping,4111,4070,4111,41
sniffing,4113,4111,4113,2
walking,4114,4113,4114,1
trotting,4122,4114,4122,8
stepping,4155,4122,4155,33
sniffing,4176,4155,4176,21
left_turning,4193,4176,4193,17
stepping,4211,4193,4211,18
walking,4240,4211,4240,29
sniffing,4253,4240,4253,13
stepping,4282,4253,4282,29
rising,4290,4282,4290,8
hunching,4323,4290,4323,33
grooming,4348,4323,4348,25
sniffing,4375,4348,4375,27
rising,4376,4375,4376,1
grooming,4377,4376,4377,1
left_turning,4378,4377,4378,1
sniffing,4411,4378,4411,33
climbing,4467,4411,4467,56
grooming,4569,4467,4569,102
sniffing,4586,4569,4586,17
walking,4601,4586,4601,15
running,4631,4601,4631,30
trotting,4665,4631,4665,34
stepping,4675,4665,4675,10
sniffing,4679,4675,4679,4
left_turning,4681,4679,4681,2
walking,4700,4681,4700,19
sniffing,4748,4700,4748,48
rearing,4796,4748,4796,48
rising,4820,4796,4820,24
left_turning,4843,4820,4843,23
grooming,4922,4843,4922,79
sniffing,4931,4922,4931,9
rising,5005,4931,5005,74
sniffing,5040,5005,5040,35
rising,5061,5040,5061,21
sniffing,5117,5061,5117,56
rising,5157,5117,5157,40
sniffing,5158,5157,5158,1
walking,5179,5158,5179,21
rearing,5294,5179,5294,115
rising,5322,5294,5322,28
grooming,5323,5322,5323,1
sniffing,5358,5323,5358,35
grooming,5359,5358,5359,1
hunching,5470,5359,5470,111
grooming,5471,5470,5471,1
sniffing,5522,5471,5522,51
rearing,5726,5522,5726,204
rising,5746,5726,5746,20
trotting,5756,5746,5756,10
walking,5810,5756,5810,54
trotting,5831,5810,5831,21
running,5850,5831,5850,19
walking,5899,5850,5899,49
sniffing,5982,5899,5982,83
rising,6044,5982,6044,62
stepping,6073,6044,6073,29
sniffing,6095,6073,6095,22
rising,6125,6095,6125,30
stepping,6199,6125,6199,74
walking,6232,6199,6232,33
left_turning,6277,6232,6277,45
walking,6278,6277,6278,1
left_turning,6287,6278,6287,9
stepping,6317,6287,6317,30
rising,6318,6317,6318,1
rearing,6369,6318,6369,51
climbing,6406,6369,6406,37
left_turning,6436,6406,6436,30
sniffing,6578,6436,6578,142
rising,6611,6578,6611,33
sniffing,6641,6611,6641,30
hunching,6708,6641,6708,67
grooming,6709,6708,6709,1
walking,6764,6709,6764,55
stepping,6789,6764,6789,25
walking,6815,6789,6815,26
trotting,6849,6815,6849,34
stepping,6913,6849,6913,64
walking,6975,6913,6975,62
rising,7239,6975,7239,264
stepping,7260,7239,7260,21
rising,7454,7260,7454,194
rearing,7478,7454,7478,24
grooming,7559,7478,7559,81
trotting,7567,7559,7567,8
walking,7620,7567,7620,53
sniffing,7663,7620,7663,43
stepping,7671,7663,7671,8
trotting,7692,7671,7692,21
walking,7724,7692,7724,32
sniffing,7810,7724,7810,86
walking,7844,7810,7844,34
stepping,7882,7844,7882,38
walking,7953,7882,7953,71
stepping,7960,7953,7960,7
sniffing,7982,7960,7982,22
stepping,7998,7982,7998,16
rising,8028,7998,8028,30
sniffing,8074,8028,8074,46
rising,8103,8074,8103,29
left_turning,8156,8103,8156,53
walking,8228,8156,8228,72
stepping,8266,8228,8266,38
walking,8305,8266,8305,39
grooming,8435,8305,8435,130
running,8464,8435,8464,29
trotting,8474,8464,8474,10
walking,8512,8474,8512,38
sniffing,8570,8512,8570,58
right_turning,8586,8570,8586,16
stepping,8646,8586,8646,60
walking,8669,8646,8669,23
rising,8728,8669,8728,59
climbing,8741,8728,8741,13
grooming,8742,8741,8742,1
right_turning,8747,8742,8747,5
sniffing,8748,8747,8748,1
climbing,8787,8748,8787,39
rising,8870,8787,8870,83
stepping,8990,8870,8990,120
sniffing,9010,8990,9010,20
right_turning,9055,9010,9055,45
walking,9070,9055,9070,15
stepping,9072,9070,9072,2
rearing,9192,9072,9192,120
climbing,9224,9192,9224,32
grooming,9463,9224,9463,239
walking,9493,9463,9493,30
trotting,9536,9493,9536,43
sniffing,9580,9536,9580,44
hunching,9627,9580,9627,47
grooming,10040,9627,10040,413
hunching,10182,10040,10182,142
rearing,10195,10182,10195,13
hunching,10278,10195,10278,83
grooming,10399,10278,10399,121
stepping,10425,10399,10425,26
sniffing,10539,10425,10539,114
rising,10734,10539,10734,195
climbing,10781,10734,10781,47
hunching,10831,10781,10831,50
grooming,10832,10831,10832,1
stepping,10843,10832,10843,11
rising,10892,10843,10892,49
walking,10933,10892,10933,41
stepping,10954,10933,10954,21
grooming,10964,10954,10964,10
rearing,11058,10964,11058,94
walking,11083,11058,11083,25
sniffing,11110,11083,11110,27
grooming,11145,11110,11145,35
stepping,11176,11145,11176,31
walking,11202,11176,11202,26
trotting,11212,11202,11212,10
walking,11256,11212,11256,44
trotting,11279,11256,11279,23
sniffing,11334,11279,11334,55
running,11347,11334,11347,13
trotting,11384,11347,11384,37
rising,11424,11384,11424,40
grooming,11425,11424,11425,1
hunching,11451,11425,11451,26
grooming,11539,11451,11539,88
rearing,11637,11539,11637,98
walking,11685,11637,11685,48
rearing,11744,11685,11744,59
grooming,11872,11744,11872,128
left_turning,11890,11872,11890,18
running,11904,11890,11904,14
rising,11905,11904,11905,1
climbing,11957,11905,11957,52
grooming,12081,11957,12081,124
rearing,12113,12081,12113,32
grooming,12155,12113,12155,42
rising,12156,12155,12156,1
sniffing,12212,12156,12212,56
stepping,12252,12212,12252,40
sniffing,12308,12252,12308,56
rising,12377,12308,12377,69
stepping,12421,12377,12421,44
walking,12428,12421,12428,7
grooming,12531,12428,12531,103
climbing,12554,12531,12554,23
grooming,12726,12554,12726,172
rising,12760,12726,12760,34
sniffing,12761,12760,12761,1
running,12790,12761,12790,29
sniffing,12864,12790,12864,74
climbing,12910,12864,12910,46
grooming,12960,12910,12960,50
rearing,13050,12960,13050,90
grooming,13051,13050,13051,1
rearing,13099,13051,13099,48
hunching,13291,13099,13291,192
grooming,13339,13291,13339,48
left_turning,13346,13339,13346,7
sniffing,13378,13346,13378,32
rising,13402,13378,13402,24
scratching,13421,13402,13421,19
walking,13498,13421,13498,77
sniffing,13507,13498,13507,9
rising,13508,13507,13508,1
rearing,13509,13508,13509,1
stepping,13519,13509,13519,10
walking,13573,13519,13573,54
sniffing,13581,13573,13581,8
rearing,13586,13581,13586,5
grooming,13705,13586,13705,119
scratching,13733,13705,13733,28
sniffing,13734,13733,13734,1
stepping,13766,13734,13766,32
walking,13837,13766,13837,71
trotting,13866,13837,13866,29
sniffing,13902,13866,13902,36
stepping,13943,13902,13943,41
grooming,13944,13943,13944,1
rising,13984,13944,13984,40
climbing,14027,13984,14027,43
rearing,14028,14027,14028,1
sniffing,14040,14028,14040,12
grooming,14282,14040,14282,242
left_turning,14326,14282,14326,44
walking,14343,14326,14343,17
stepping,14403,14343,14403,60
sniffing,14424,14403,14424,21
walking,14442,14424,14442,18
sniffing,14529,14442,14529,87
walking,14565,14529,14565,36
sniffing,14566,14565,14566,1
right_turning,14582,14566,14582,16
sniffing,14619,14582,14619,37
climbing,14662,14619,14662,43
grooming,14663,14662,14663,1
scratching,14696,14663,14696,33
walking,14764,14696,14764,68
stepping,14785,14764,14785,21
trotting,14802,14785,14802,17
walking,14831,14802,14831,29
stepping,14837,14831,14837,6
sniffing,14851,14837,14851,14
trotting,14897,14851,14897,46
running,14918,14897,14918,21
walking,14972,14918,14972,54
running,15017,14972,15017,45
grooming,15018,15017,15018,1
rising,15200,15018,15200,182
climbing,15236,15200,15236,36
grooming,15237,15236,15237,1
walking,15257,15237,15257,20
sniffing,15275,15257,15275,18
left_turning,15307,15275,15307,32
sniffing,15308,15307,15308,1
grooming,15374,15308,15374,66
sniffing,15429,15374,15429,55
rising,15430,15429,15430,1
grooming,15431,15430,15431,1
sniffing,15446,15431,15446,15
right_turning,15448,15446,15448,2
running,15473,15448,15473,25
walking,15474,15473,15474,1
grooming,15475,15474,15475,1
walking,15479,15475,15479,4
trotting,15535,15479,15535,56
stepping,15593,15535,15593,58
right_turning,15595,15593,15595,2
running,15627,15595,15627,32
walking,15652,15627,15652,25
running,15690,15652,15690,38
trotting,15722,15690,15722,32
sniffing,15799,15722,15799,77
rising,15828,15799,15828,29
grooming,15829,15828,15829,1
stepping,15854,15829,15854,25
trotting,15883,15854,15883,29
stepping,15907,15883,15907,24
rising,15915,15907,15915,8
sniffing,15937,15915,15937,22
rearing,15938,15937,15938,1
trotting,15978,15938,15978,40
stepping,16024,15978,16024,46
right_turning,16054,16024,16054,30
walking,16070,16054,16070,16
hunching,16156,16070,16156,86
grooming,16302,16156,16302,146
hunching,16303,16302,16303,1
rearing,16307,16303,16307,4
trotting,16340,16307,16340,33
sniffing,16367,16340,16367,27
stepping,16424,16367,16424,57
sniffing,16430,16424,16430,6
walking,16431,16430,16431,1
stepping,16450,16431,16450,19
sniffing,16538,16450,16538,88
rising,16539,16538,16539,1
rearing,16611,16539,16611,72
hunching,16657,16611,16657,46
rearing,16658,16657,16658,1
grooming,16659,16658,16659,1
rearing,16749,16659,16749,90
grooming,17276,16749,17276,527
rearing,17277,17276,17277,1
hunching,17397,17277,17397,120
grooming,17571,17397,17571,174
sniffing,17651,17571,17651,80
grooming,17868,17651,17868,217
left_turning,17878,17868,17878,10
sniffing,17879,17878,17879,1
stepping,17909,17879,17909,30
walking,17933,17909,17933,24
stepping,17998,17933,17998,65
rising,17999,17998,17999,1
sniffing,18010,17999,18010,11
grooming,18206,18010,18206,196
rearing,18207,18206,18207,1
grooming,18993,18207,18993,786
climbing,19005,18993,19005,12
sniffing,19018,19005,19018,13
left_turning,19034,19018,19034,16
grooming,19348,19034,19348,314
rising,19439,19348,19439,91
stepping,19461,19439,19461,22
walking,19490,19461,19490,29
stepping,19568,19490,19568,78
walking,19584,19568,19584,16
sniffing,19643,19584,19643,59
stepping,19647,19643,19647,4
rising,19650,19647,19650,3
left_turning,19651,19650,19651,1
sniffing,19680,19651,19680,29
stepping,19716,19680,19716,36
sniffing,19731,19716,19731,15
stepping,19758,19731,19758,27
walking,19794,19758,19794,36
stepping,19832,19794,19832,38
rising,19873,19832,19873,41
trotting,19901,19873,19901,28
sniffing,19951,19901,19951,50
stepping,19969,19951,19969,18
grooming,19970,19969,19970,1
sniffing,20047,19970,20047,77
rising,20113,20047,20113,66
climbing,20162,20113,20162,49
walking,20188,20162,20188,26
sniffing,20189,20188,20189,1
stepping,20260,20189,20260,71
rearing,20308,20260,20308,48
stepping,20330,20308,20330,22
sniffing,20442,20330,20442,112
hunching,20443,20442,20443,1
grooming,20581,20443,20581,138
sniffing,20612,20581,20612,31
grooming,20862,20612,20862,250
sniffing,20863,20862,20863,1
grooming,20864,20863,20864,1
scratching,20902,20864,20902,38
sniffing,20989,20902,20989,87
grooming,21082,20989,21082,93
sniffing,21107,21082,21107,25
stepping,21133,21107,21133,26
walking,21161,21133,21161,28
left_turning,21167,21161,21167,6
running,21200,21167,21200,33
walking,21205,21200,21205,5
sniffing,21272,21205,21272,67
stepping,21305,21272,21305,33
sniffing,21309,21305,21309,4
rising,21432,21309,21432,123
climbing,21456,21432,21456,24
grooming,21953,21456,21953,497
walking,21975,21953,21975,22
sniffing,21998,21975,21998,23
rising,21999,21998,21999,1
walking,22017,21999,22017,18
sniffing,22047,22017,22047,30
stepping,22109,22047,22109,62
walking,22162,22109,22162,53
sniffing,22227,22162,22227,65
walking,22265,22227,22265,38
stepping,22278,22265,22278,13
walking,22323,22278,22323,45
sniffing,22376,22323,22376,53
trotting,22393,22376,22393,17
sniffing,22456,22393,22456,63
grooming,22579,22456,22579,123
hunching,22685,22579,22685,106
stepping,22724,22685,22724,39
left_turning,22767,22724,22767,43
grooming,22979,22767,22979,212
stepping,22980,22979,22980,1
rearing,22981,22980,22981,1
rising,23035,22981,23035,54
rearing,23103,23035,23103,68
grooming,23104,23103,23104,1
rising,23126,23104,23126,22
stepping,23134,23126,23134,8
rising,23206,23134,23206,72
hunching,23207,23206,23207,1
rearing,23228,23207,23228,21
climbing,23291,23228,23291,63
left_turning,23294,23291,23294,3
grooming,23295,23294,23295,1
left_turning,23333,23295,23333,38
rising,23371,23333,23371,38
stepping,23381,23371,23381,10
walking,23382,23381,23382,1
grooming,23466,23382,23466,84
stepping,23467,23466,23467,1
left_turning,23487,23467,23487,20
walking,23490,23487,23490,3
right_turning,23499,23490,23499,9
walking,23526,23499,23526,27
sniffing,23568,23526,23568,42
stepping,23608,23568,23608,40
grooming,23949,23608,23949,341
rising,24050,23949,24050,101
sniffing,24064,24050,24064,14
left_turning,24088,24064,24088,24
grooming,24115,24088,24115,27
sniffing,24116,24115,24116,1
stepping,24126,24116,24126,10
walking,24162,24126,24162,36
rising,24199,24162,24199,37
climbing,24225,24199,24225,26
sniffing,24258,24225,24258,33
grooming,24505,24258,24505,247
stepping,24544,24505,24544,39
climbing,24581,24544,24581,37
rearing,24587,24581,24587,6
climbing,24597,24587,24597,10
grooming,24679,24597,24679,82
rising,24680,24679,24680,1
sniffing,24681,24680,24681,1
walking,24733,24681,24733,52
sniffing,24759,24733,24759,26
walking,24781,24759,24781,22
rising,24789,24781,24789,8
walking,24806,24789,24806,17
stepping,24819,24806,24819,13
right_turning,24836,24819,24836,17
trotting,24861,24836,24861,25
rearing,24908,24861,24908,47
walking,24924,24908,24924,16
sniffing,24983,24924,24983,59
rising,25015,24983,25015,32
sniffing,25063,25015,25063,48
rising,25149,25063,25149,86
right_turning,25179,25149,25179,30
walking,25180,25179,25180,1
stepping,25211,25180,25211,31
trotting,25232,25211,25232,21
rising,25379,25232,25379,147
stepping,25382,25379,25382,3
sniffing,25393,25382,25393,11
stepping,25426,25393,25426,33
grooming,26020,25426,26020,594
hunching,26030,26020,26030,10
rearing,26031,26030,26031,1
walking,26053,26031,26053,22
stepping,26054,26053,26054,1
sniffing,26107,26054,26107,53
rising,26154,26107,26154,47
climbing,26221,26154,26221,67
grooming,26222,26221,26222,1
walking,26236,26222,26236,14
sniffing,26287,26236,26287,51
grooming,26288,26287,26288,1
walking,26308,26288,26308,20
trotting,26329,26308,26329,21
stepping,26362,26329,26362,33
climbing,26418,26362,26418,56
rearing,26497,26418,26497,79
grooming,26969,26497,26969,472
left_turning,27001,26969,27001,32
sniffing,27087,27001,27087,86
walking,27103,27087,27103,16
left_turning,27129,27103,27129,26
walking,27151,27129,27151,22
trotting,27186,27151,27186,35
left_turning,27187,27186,27187,1
running,27201,27187,27201,14
right_turning,27241,27201,27241,40
stepping,27253,27241,27253,12
sniffing,27297,27253,27297,44
stepping,27324,27297,27324,27
rearing,27375,27324,27375,51
grooming,27488,27375,27488,113
running,27536,27488,27536,48
trotting,27575,27536,27575,39
stepping,27583,27575,27583,8
sniffing,27618,27583,27618,35
stepping,27640,27618,27640,22
walking,27651,27640,27651,11
grooming,27652,27651,27652,1
rearing,27653,27652,27653,1
hunching,27654,27653,27654,1
rearing,27655,27654,27655,1
grooming,27858,27655,27858,203
hunching,27919,27858,27919,61
grooming,28128,27919,28128,209
right_turning,28154,28128,28154,26
walking,28180,28154,28180,26
sniffing,28240,28180,28240,60
grooming,28241,28240,28241,1
rearing,28537,28241,28537,296
hunching,28559,28537,28559,22
sniffing,28581,28559,28581,22
walking,28604,28581,28604,23
sniffing,28616,28604,28616,12
climbing,28643,28616,28643,27
sniffing,28667,28643,28667,24
walking,28680,28667,28680,13
rising,28681,28680,28681,1
grooming,28855,28681,28855,174
left_turning,28869,28855,28869,14
stepping,28919,28869,28919,50
sniffing,29018,28919,29018,99
stepping,29054,29018,29054,36
sniffing,29089,29054,29089,35
rising,29116,29089,29116,27
sniffing,29151,29116,29151,35
left_turning,29152,29151,29152,1
trotting,29153,29152,29153,1
walking,29235,29153,29235,82
sniffing,29236,29235,29236,1
grooming,29516,29236,29516,280
rising,29555,29516,29555,39
rearing,29598,29555,29598,43
left_turning,29608,29598,29608,10
trotting,29629,29608,29629,21
walking,29645,29629,29645,16
trotting,29654,29645,29654,9
left_turning,29700,29654,29700,46
walking,29704,29700,29704,4
rising,29735,29704,29735,31
walking,29757,29735,29757,22
rearing,29783,29757,29783,26
grooming,29784,29783,29784,1
hunching,29863,29784,29863,79
grooming,29864,29863,29864,1
right_turning,29869,29864,29869,5
sniffing,29886,29869,29886,17
stepping,29906,29886,29906,20
sniffing,29929,29906,29929,23
left_turning,29949,29929,29949,20
running,29977,29949,29977,28
sniffing,30017,29977,30017,40
rising,30058,30017,30058,41
rearing,30103,30058,30103,45
climbing,30138,30103,30138,35
grooming,30139,30138,30139,1
hunching,30217,30139,30217,78
grooming,30218,30217,30218,1
running,30235,30218,30235,17
sniffing,30273,30235,30273,38
grooming,30401,30273,30401,128
hunching,30440,30401,30440,39
sniffing,30497,30440,30497,57
grooming,31152,30497,31152,655
rearing,31174,31152,31174,22
sniffing,31208,31174,31208,34
running,31225,31208,31225,17
sniffing,31279,31225,31279,54
stepping,31283,31279,31283,4
walking,31324,31283,31324,41
stepping,31358,31324,31358,34
sniffing,31378,31358,31378,20
trotting,31424,31378,31424,46
sniffing,31501,31424,31501,77
grooming,31974,31501,31974,473
running,31989,31974,31989,15
walking,31997,31989,31997,8
stepping,32020,31997,32020,23
walking,32045,32020,32045,25
sniffing,32118,32045,32118,73
grooming,32119,32118,32119,1
sniffing,32181,32119,32181,62
rising,32221,32181,32221,40
grooming,32471,32221,32471,250
running,32497,32471,32497,26
grooming,32498,32497,32498,1
sniffing,32573,32498,32573,75
walking,32574,32573,32574,1
stepping,32575,32574,32575,1
rising,32629,32575,32629,54
rearing,32669,32629,32669,40
grooming,32809,32669,32809,140
rearing,32896,32809,32896,87
climbing,32920,32896,32920,24
grooming,33057,32920,33057,137
trotting,33089,33057,33089,32
sniffing,33090,33089,33090,1
grooming,33091,33090,33091,1
sniffing,33174,33091,33174,83
grooming,34022,33174,34022,848
sniffing,34048,34022,34048,26
grooming,34231,34048,34231,183
hunching,34285,34231,34285,54
rising,34303,34285,34303,18
climbing,34374,34303,34374,71
stepping,34410,34374,34410,36
walking,34469,34410,34469,59
stepping,34549,34469,34549,80
walking,34585,34549,34585,36
grooming,34670,34585,34670,85
sniffing,34696,34670,34696,26
grooming,34861,34696,34861,165
left_turning,34932,34861,34932,71
grooming,35075,34932,35075,143
rearing,35076,35075,35076,1
left_turning,35105,35076,35105,29
walking,35143,35105,35143,38
rising,35144,35143,35144,1
climbing,35186,35144,35186,42
grooming,35365,35186,35365,179
rearing,35651,35365,35651,286
stepping,35665,35651,35665,14
climbing,35705,35665,35705,40
grooming,36046,35705,36046,341
running,36059,36046,36059,13
walking,36060,36059,36060,1
rising,36062,36060,36062,2
sniffing,36094,36062,36094,32
walking,36125,36094,36125,31
stepping,36134,36125,36134,9
rearing,36243,36134,36243,109
climbing,36307,36243,36307,64
walking,36339,36307,36339,32
stepping,36389,36339,36389,50
sniffing,36424,36389,36424,35
walking,36469,36424,36469,45
stepping,36514,36469,36514,45
walking,36516,36514,36516,2
stepping,36517,36516,36517,1
walking,36562,36517,36562,45
sniffing,36604,36562,36604,42
walking,36645,36604,36645,41
sniffing,36719,36645,36719,74
grooming,36839,36719,36839,120
walking,36871,36839,36871,32
running,36890,36871,36890,19
grooming,36891,36890,36891,1
hunching,36892,36891,36892,1
left_turning,36901,36892,36901,9
grooming,37292,36901,37292,391
left_turning,37322,37292,37322,30
running,37344,37322,37344,22
sniffing,37457,37344,37457,113
left_turning,37494,37457,37494,37
walking,37508,37494,37508,14
climbing,37535,37508,37535,27
stepping,37569,37535,37569,34
rising,37625,37569,37625,56
rearing,37626,37625,37626,1
grooming,37627,37626,37627,1
hunching,37690,37627,37690,63
grooming,37691,37690,37691,1
rearing,37721,37691,37721,30
sniffing,37729,37721,37729,8
stepping,37769,37729,37769,40
sniffing,37802,37769,37802,33
rising,37826,37802,37826,24
grooming,37920,37826,37920,94
left_turning,37927,37920,37927,7
sniffing,37980,37927,37980,53
walking,38006,37980,38006,26
sniffing,38050,38006,38050,44
stepping,38062,38050,38062,12
walking,38066,38062,38066,4
rising,38117,38066,38117,51
climbing,38157,38117,38157,40
left_turning,38168,38157,38168,11
grooming,38169,38168,38169,1
sniffing,38176,38169,38176,7
grooming,38225,38176,38225,49
rising,38252,38225,38252,27
sniffing,38268,38252,38268,16
grooming,38269,38268,38269,1
hunching,38458,38269,38458,189
climbing,38481,38458,38481,23
stepping,38504,38481,38504,23
rearing,38505,38504,38505,1
grooming,38506,38505,38506,1
sniffing,38531,38506,38531,25
walking,38594,38531,38594,63
left_turning,38595,38594,38595,1
grooming,38596,38595,38596,1
sniffing,38597,38596,38597,1
walking,38694,38597,38694,97
right_turning,38707,38694,38707,13
sniffing,38708,38707,38708,1
running,38736,38708,38736,28
sniffing,38773,38736,38773,37
rising,38788,38773,38788,15
grooming,38823,38788,38823,35
sniffing,38967,38823,38967,144
rearing,38983,38967,38983,16
walking,39017,38983,39017,34
stepping,39049,39017,39049,32
right_turning,39059,39049,39059,10
sniffing,39116,39059,39116,57
walking,39129,39116,39129,13
climbing,39154,39129,39154,25
rising,39209,39154,39209,55
grooming,39210,39209,39210,1
rearing,39284,39210,39284,74
hunching,39344,39284,39344,60
rising,39373,39344,39373,29
grooming,39469,39373,39469,96
rearing,39484,39469,39484,15
grooming,39848,39484,39848,364
rearing,39884,39848,39884,36
grooming,40051,39884,40051,167
stepping,40098,40051,40098,47
sniffing,40130,40098,40130,32
stepping,40152,40130,40152,22
grooming,40202,40152,40202,50
climbing,40319,40202,40319,117
rising,40320,40319,40320,1
grooming,40479,40320,40479,159
sniffing,40480,40479,40480,1
stepping,40512,40480,40512,32
sniffing,40516,40512,40516,4
walking,40532,40516,40532,16
stepping,40566,40532,40566,34
right_turning,40584,40566,40584,18
sniffing,40596,40584,40596,12
scratching,40651,40596,40651,55
stepping,40654,40651,40654,3
walking,40660,40654,40660,6
stepping,40699,40660,40699,39
sniffing,40790,40699,40790,91
walking,40823,40790,40823,33
trotting,40876,40823,40876,53
sniffing,40889,40876,40889,13
stepping,40920,40889,40920,31
sniffing,40969,40920,40969,49
rising,41012,40969,41012,43
stepping,41070,41012,41070,58
right_turning,41117,41070,41117,47
sniffing,41118,41117,41118,1
stepping,41125,41118,41125,7
sniffing,41166,41125,41166,41
scratching,41222,41166,41222,56
walking,41234,41222,41234,12
stepping,41240,41234,41240,6
climbing,41283,41240,41283,43
rising,41304,41283,41304,21
hunching,41319,41304,41319,15
grooming,41366,41319,41366,47
rearing,41406,41366,41406,40
climbing,41453,41406,41453,47
running,41465,41453,41465,12
sniffing,41466,41465,41466,1
walking,41498,41466,41498,32
left_turning,41512,41498,41512,14
walking,41525,41512,41525,13
sniffing,41632,41525,41632,107
stepping,41660,41632,41660,28
sniffing,41826,41660,41826,166
stepping,41837,41826,41837,11
sniffing,41890,41837,41890,53
stepping,41957,41890,41957,67
walking,41991,41957,41991,34
stepping,42001,41991,42001,10
sniffing,42091,42001,42091,90
stepping,42104,42091,42104,13
sniffing,42164,42104,42164,60
hunching,42244,42164,42244,80
rearing,42316,42244,42316,72
grooming,42467,42316,42467,151
sniffing,42517,42467,42517,50
climbing,42544,42517,42544,27
running,42559,42544,42559,15
stepping,42588,42559,42588,29
sniffing,42614,42588,42614,26
grooming,42700,42614,42700,86
sniffing,42701,42700,42701,1
rising,42778,42701,42778,77
stepping,42801,42778,42801,23
walking,42834,42801,42834,33
sniffing,42835,42834,42835,1
left_turning,42845,42835,42845,10
walking,42859,42845,42859,14
trotting,42910,42859,42910,51
sniffing,42953,42910,42953,43
rising,42954,42953,42954,1
climbing,42964,42954,42964,10
stepping,43006,42964,43006,42
trotting,43017,43006,43017,11
walking,43018,43017,43018,1
sniffing,43079,43018,43079,61
stepping,43119,43079,43119,40
sniffing,43133,43119,43133,14
stepping,43174,43133,43174,41
grooming,43593,43174,43593,419
walking,43611,43593,43611,18
rearing,43731,43611,43731,120
grooming,44574,43731,44574,843
rearing,44633,44574,44633,59
sniffing,44669,44633,44669,36
stepping,44697,44669,44697,28
climbing,44779,44697,44779,82
rearing,44835,44779,44835,56
hunching,44914,44835,44914,79
left_turning,44920,44914,44920,6
walking,44941,44920,44941,21
stepping,44985,44941,44985,44
sniffing,45063,44985,45063,78
stepping,45097,45063,45097,34
hunching,45098,45097,45098,1
rearing,45129,45098,45129,31
left_turning,45144,45129,45144,15
rising,45179,45144,45179,35
sniffing,45281,45179,45281,102
stepping,45282,45281,45282,1
trotting,45301,45282,45301,19
stepping,45332,45301,45332,31
left_turning,45351,45332,45351,19
scratching,45460,45351,45460,109
grooming,45461,45460,45461,1
rearing,45517,45461,45517,56
rising,45556,45517,45556,39
climbing,45597,45556,45597,41
grooming,45888,45597,45888,291
sniffing,45889,45888,45889,1
walking,45918,45889,45918,29
sniffing,45972,45918,45972,54
right_turning,45998,45972,45998,26
rearing,46040,45998,46040,42
climbing,46075,46040,46075,35
left_turning,46076,46075,46076,1
stepping,46160,46076,46160,84
sniffing,46171,46160,46171,11
walking,46190,46171,46190,19
sniffing,46201,46190,46201,11
stepping,46214,46201,46214,13
grooming,46215,46214,46215,1
left_turning,46249,46215,46249,34
walking,46272,46249,46272,23
sniffing,46287,46272,46287,15
right_turning,46316,46287,46316,29
sniffing,46357,46316,46357,41
left_turning,46375,46357,46375,18
sniffing,46403,46375,46403,28
left_turning,46404,46403,46404,1
sniffing,46416,46404,46416,12
trotting,46449,46416,46449,33
sniffing,46457,46449,46457,8
walking,46475,46457,46475,18
sniffing,46519,46475,46519,44
stepping,46640,46519,46640,121
right_turning,46649,46640,46649,9
stepping,46692,46649,46692,43
walking,46723,46692,46723,31
sniffing,46745,46723,46745,22
grooming,46918,46745,46918,173
rearing,46966,46918,46966,48
grooming,47439,46966,47439,473
scratching,47440,47439,47440,1
grooming,47573,47440,47573,133
rearing,47574,47573,47574,1
grooming,47837,47574,47837,263
rearing,47871,47837,47871,34
climbing,47893,47871,47893,22
grooming,49203,47893,49203,1310
stepping,49234,49203,49234,31
walking,49252,49234,49252,18
rising,49289,49252,49289,37
climbing,49340,49289,49340,51
trotting,49357,49340,49357,17
walking,49376,49357,49376,19
right_turning,49397,49376,49397,21
rising,49398,49397,49398,1
sniffing,49465,49398,49465,67
rising,49466,49465,49466,1
grooming,49578,49466,49578,112
sniffing,49606,49578,49606,28
stepping,49629,49606,49629,23
sniffing,49630,49629,49630,1
left_turning,49639,49630,49639,9
stepping,49669,49639,49669,30
walking,49698,49669,49698,29
stepping,49721,49698,49721,23
grooming,49841,49721,49841,120
rising,49842,49841,49842,1
stepping,49883,49842,49883,41
grooming,50100,49883,50100,217
sniffing,50217,50100,50217,117
walking,50243,50217,50243,26
stepping,50249,50243,50249,6
trotting,50273,50249,50273,24
walking,50304,50273,50304,31
sniffing,50404,50304,50404,100
climbing,50468,50404,50468,64
hunching,50600,50468,50600,132
grooming,50694,50600,50694,94
stepping,50763,50694,50763,69
sniffing,50812,50763,50812,49
walking,50818,50812,50818,6
sniffing,50829,50818,50829,11
rearing,51022,50829,51022,193
climbing,51056,51022,51056,34
stepping,51057,51056,51057,1
sniffing,51081,51057,51081,24
walking,51082,51081,51082,1
stepping,51111,51082,51111,29
right_turning,51128,51111,51128,17
walking,51164,51128,51164,36
rising,51238,51164,51238,74
stepping,51268,51238,51268,30
walking,51301,51268,51301,33
rising,51311,51301,51311,10
climbing,51312,51311,51312,1
running,51339,51312,51339,27
rising,51340,51339,51340,1
stepping,51392,51340,51392,52
walking,51440,51392,51440,48
sniffing,51463,51440,51463,23
right_turning,51473,51463,51473,10
sniffing,51548,51473,51548,75
walking,51579,51548,51579,31
sniffing,51580,51579,51580,1
rising,51603,51580,51603,23
left_turning,51604,51603,51604,1
walking,51662,51604,51662,58
sniffing,51842,51662,51842,180
stepping,51878,51842,51878,36
walking,51883,51878,51883,5
trotting,51936,51883,51936,53
sniffing,52113,51936,52113,177
rearing,52137,52113,52137,24
climbing,52176,52137,52176,39
grooming,52371,52176,52371,195
right_turning,52395,52371,52395,24
stepping,52424,52395,52424,29
sniffing,52467,52424,52467,43
grooming,52558,52467,52558,91
rearing,52559,52558,52559,1
grooming,52560,52559,52560,1
left_turning,52624,52560,52624,64
sniffing,52786,52624,52786,162
left_turning,52794,52786,52794,8
walking,52795,52794,52795,1
right_turning,52831,52795,52831,36
trotting,52834,52831,52834,3
sniffing,52835,52834,52835,1
rearing,52928,52835,52928,93
stepping,52959,52928,52959,31
trotting,53011,52959,53011,52
walking,53051,53011,53051,40
sniffing,53058,53051,53058,7
rearing,53089,53058,53089,31
hunching,53126,53089,53126,37
rising,53154,53126,53154,28
stepping,53278,53154,53278,124
climbing,53292,53278,53292,14
rearing,53460,53292,53460,168
hunching,53461,53460,53461,1
grooming,53640,53461,53640,179
hunching,53727,53640,53727,87
grooming,53906,53727,53906,179
rising,53936,53906,53936,30
climbing,53968,53936,53968,32
rising,54001,53968,54001,33
climbing,54035,54001,54035,34
walking,54091,54035,54091,56
sniffing,54271,54091,54271,180
rising,54291,54271,54291,20
left_turning,54393,54291,54393,102
scratching,54479,54393,54479,86
sniffing,54480,54479,54480,1
walking,54529,54480,54529,49
stepping,54573,54529,54573,44
sniffing,54631,54573,54631,58
walking,54674,54631,54674,43
trotting,54688,54674,54688,14
sniffing,54709,54688,54709,21
right_turning,54725,54709,54725,16
sniffing,54760,54725,54760,35
walking,54792,54760,54792,32
rising,54793,54792,54793,1
stepping,54803,54793,54803,10
left_turning,54847,54803,54847,44
rising,54883,54847,54883,36
left_turning,54941,54883,54941,58
rising,54974,54941,54974,33
climbing,54999,54974,54999,25
grooming,55221,54999,55221,222
hunching,55319,55221,55319,98
left_turning,55324,55319,55324,5
rising,55384,55324,55384,60
trotting,55392,55384,55392,8
walking,55402,55392,55402,10
sniffing,55414,55402,55414,12
walking,55446,55414,55446,32
sniffing,55447,55446,55447,1
rising,55489,55447,55489,42
grooming,55490,55489,55490,1
sniffing,55545,55490,55545,55
scratching,55588,55545,55588,43
sniffing,55661,55588,55661,73
grooming,55662,55661,55662,1
right_turning,55663,55662,55663,1
sniffing,55713,55663,55713,50
rising,55751,55713,55751,38
grooming,55859,55751,55859,108
rearing,56116,55859,56116,257
grooming,56423,56116,56423,307
left_turning,56438,56423,56438,15
sniffing,56442,56438,56442,4
grooming,56443,56442,56443,1
stepping,56489,56443,56489,46
walking,56511,56489,56511,22
stepping,56552,56511,56552,41
sniffing,56553,56552,56553,1
stepping,56579,56553,56579,26
walking,56636,56579,56636,57
sniffing,56736,56636,56736,100
right_turning,56753,56736,56753,17
stepping,56789,56753,56789,36
sniffing,56905,56789,56905,116
stepping,56927,56905,56927,22
sniffing,56961,56927,56961,34
right_turning,56975,56961,56975,14
sniffing,57052,56975,57052,77
stepping,57121,57052,57121,69
grooming,57122,57121,57122,1
scratching,57123,57122,57123,1
stepping,57133,57123,57133,10
walking,57189,57133,57189,56
climbing,57258,57189,57258,69
stepping,57264,57258,57264,6
rearing,57294,57264,57294,30
hunching,57295,57294,57295,1
grooming,57501,57295,57501,206
walking,57503,57501,57503,2
sniffing,57573,57503,57573,70
grooming,57574,57573,57574,1
sniffing,57638,57574,57638,64
stepping,57671,57638,57671,33
sniffing,57679,57671,57679,8
stepping,57718,57679,57718,39
walking,57727,57718,57727,9
sniffing,57728,57727,57728,1
stepping,57775,57728,57775,47
sniffing,57856,57775,57856,81
grooming,57857,57856,57857,1
right_turning,57874,57857,57874,17
sniffing,57875,57874,57875,1
grooming,58017,57875,58017,142
scratching,58018,58017,58018,1
sniffing,58083,58018,58083,65
walking,58102,58083,58102,19
sniffing,58124,58102,58124,22
left_turning,58166,58124,58166,42
sniffing,58180,58166,58180,14
rising,58198,58180,58198,18
rearing,58237,58198,58237,39
rising,58238,58237,58238,1
stepping,58373,58238,58373,135
walking,58403,58373,58403,30
left_turning,58460,58403,58460,57
stepping,58501,58460,58501,41
rising,58502,58501,58502,1
climbing,58517,58502,58517,15
grooming,58599,58517,58599,82
left_turning,58635,58599,58635,36
sniffing,58636,58635,58636,1
grooming,58871,58636,58871,235
right_turning,58873,58871,58873,2
walking,58902,58873,58902,29
sniffing,58944,58902,58944,42
climbing,58955,58944,58955,11
running,58959,58955,58959,4
stepping,59015,58959,59015,56
sniffing,59059,59015,59059,44
grooming,59361,59059,59361,302
rearing,59457,59361,59457,96
grooming,59502,59457,59502,45
walking,59538,59502,59538,36
sniffing,59589,59538,59589,51
walking,59602,59589,59602,13
trotting,59604,59602,59604,2
walking,59611,59604,59611,7
sniffing,59654,59611,59654,43
climbing,59721,59654,59721,67
walking,59733,59721,59733,12
sniffing,59774,59733,59774,41
walking,59786,59774,59786,12
sniffing,59882,59786,59882,96
stepping,59922,59882,59922,40
sniffing,59949,59922,59949,27
stepping,60000,59949,60000,51
left_turning,60028,60000,60028,28
trotting,60060,60028,60060,32
walking,60085,60060,60085,25
sniffing,60086,60085,60086,1
walking,60104,60086,60104,18
stepping,60138,60104,60138,34
walking,60139,60138,60139,1
stepping,60182,60139,60182,43
walking,60220,60182,60220,38
stepping,60256,60220,60256,36
sniffing,60257,60256,60257,1
pausing,60258,60257,60258,1
grooming,60259,60258,60259,1
walking,60273,60259,60273,14
trotting,60315,60273,60315,42
sniffing,60349,60315,60349,34
walking,60356,60349,60356,7
left_turning,60423,60356,60423,67
sniffing,60471,60423,60471,48
climbing,60525,60471,60525,54
stepping,60552,60525,60552,27
sniffing,60687,60552,60687,135
rearing,60709,60687,60709,22
stepping,60719,60709,60719,10
rearing,60866,60719,60866,147
grooming,61028,60866,61028,162
scratching,61029,61028,61029,1
grooming,61059,61029,61059,30
rising,61179,61059,61179,120
sniffing,61180,61179,61180,1
walking,61212,61180,61212,32
sniffing,61213,61212,61213,1
walking,61215,61213,61215,2
sniffing,61420,61215,61420,205
rising,61558,61420,61558,138
walking,61567,61558,61567,9
grooming,61752,61567,61752,185
sniffing,61797,61752,61797,45
walking,61823,61797,61823,26
grooming,62439,61823,62439,616
rising,62452,62439,62452,13
sniffing,62453,62452,62453,1
left_turning,62487,62453,62487,34
sniffing,62488,62487,62488,1
stepping,62504,62488,62504,16
sniffing,62714,62504,62714,210
rearing,62802,62714,62802,88
climbing,62847,62802,62847,45
left_turning,62850,62847,62850,3
sniffing,62920,62850,62920,70
walking,62935,62920,62935,15
stepping,62965,62935,62965,30
walking,62986,62965,62986,21
sniffing,63053,62986,63053,67
rising,63104,63053,63104,51
climbing,63120,63104,63120,16
grooming,63372,63120,63372,252
rising,63403,63372,63403,31
sniffing,63404,63403,63404,1
grooming,63420,63404,63420,16
rising,63421,63420,63421,1
grooming,63780,63421,63780,359
rearing,63819,63780,63819,39
climbing,63866,63819,63866,47
left_turning,63891,63866,63891,25
rising,63949,63891,63949,58
walking,64009,63949,64009,60
sniffing,64087,64009,64087,78
rearing,64088,64087,64088,1
grooming,64250,64088,64250,162
rearing,64288,64250,64288,38
left_turning,64296,64288,64296,8
rearing,64334,64296,64334,38
climbing,64370,64334,64370,36
walking,64390,64370,64390,20
right_turning,64401,64390,64401,11
climbing,64443,64401,64443,42
sniffing,64504,64443,64504,61
rising,64505,64504,64505,1
walking,64563,64505,64563,58
stepping,64631,64563,64631,68
sniffing,64752,64631,64752,121
grooming,64803,64752,64803,51
stepping,64804,64803,64804,1
sniffing,64805,64804,64805,1
climbing,64850,64805,64850,45
stepping,64875,64850,64875,25
grooming,65061,64875,65061,186
sniffing,65113,65061,65113,52
walking,65147,65113,65147,34
sniffing,65239,65147,65239,92
trotting,65267,65239,65267,28
sniffing,65490,65267,65490,223
left_turning,65523,65490,65523,33
walking,65541,65523,65541,18
stepping,65576,65541,65576,35
sniffing,65605,65576,65605,29
left_turning,65619,65605,65619,14
stepping,65665,65619,65665,46
hunching,65811,65665,65811,146
grooming,66614,65811,66614,803
sniffing,66653,66614,66653,39
walking,66673,66653,66673,20
stepping,66675,66673,66675,2
sniffing,66702,66675,66702,27
left_turning,66743,66702,66743,41
stepping,66767,66743,66767,24
climbing,66819,66767,66819,52
walking,66876,66819,66876,57
sniffing,66983,66876,66983,107
left_turning,66984,66983,66984,1
stepping,67020,66984,67020,36
rising,67073,67020,67073,53
grooming,67263,67073,67263,190
walking,67295,67263,67295,32
sniffing,67332,67295,67332,37
left_turning,67366,67332,67366,34
grooming,67384,67366,67384,18
right_turning,67389,67384,67389,5
sniffing,67481,67389,67481,92
grooming,67750,67481,67750,269
rearing,67822,67750,67822,72
grooming,68236,67822,68236,414
sniffing,68380,68236,68380,144
walking,68423,68380,68423,43
stepping,68431,68423,68431,8
climbing,68477,68431,68477,46
running,68492,68477,68492,15
trotting,68505,68492,68505,13
walking,68517,68505,68517,12
stepping,68538,68517,68538,21
sniffing,68625,68538,68625,87
grooming,68626,68625,68626,1
left_turning,68637,68626,68637,11
grooming,68729,68637,68729,92
sniffing,68753,68729,68753,24
left_turning,68755,68753,68755,2
sniffing,68855,68755,68855,100
right_turning,68888,68855,68888,33
stepping,68908,68888,68908,20
sniffing,68925,68908,68925,17
stepping,68948,68925,68948,23
sniffing,69019,68948,69019,71
walking,69058,69019,69058,39
running,69096,69058,69096,38
sniffing,69132,69096,69132,36
stepping,69235,69132,69235,103
right_turning,69240,69235,69240,5
rising,69273,69240,69273,33
grooming,69333,69273,69333,60
right_turning,69347,69333,69347,14
trotting,69393,69347,69393,46
rising,69413,69393,69413,20
sniffing,69422,69413,69422,9
rising,69435,69422,69435,13
rearing,69442,69435,69442,7
walking,69454,69442,69454,12
trotting,69492,69454,69492,38
walking,69530,69492,69530,38
left_turning,69531,69530,69531,1
trotting,69548,69531,69548,17
walking,69588,69548,69588,40
rising,69597,69588,69597,9
climbing,69745,69597,69745,148
walking,69798,69745,69798,53
sniffing,69870,69798,69870,72
rising,69907,69870,69907,37
rearing,69928,69907,69928,21
grooming,70031,69928,70031,103
rising,70051,70031,70051,20
grooming,70206,70051,70206,155
rearing,70249,70206,70249,43
grooming,70326,70249,70326,77
rising,70360,70326,70360,34
stepping,70391,70360,70391,31
walking,70404,70391,70404,13
rising,70405,70404,70405,1
sniffing,70454,70405,70454,49
grooming,70490,70454,70490,36
right_turning,70502,70490,70502,12
walking,70522,70502,70522,20
trotting,70548,70522,70548,26
sniffing,70557,70548,70557,9
stepping,70595,70557,70595,38
rearing,70601,70595,70601,6
hunching,70696,70601,70696,95
rising,70783,70696,70783,87
climbing,70827,70783,70827,44
running,70838,70827,70838,11
walking,70871,70838,70871,33
right_turning,70877,70871,70877,6
trotting,70912,70877,70912,35
rising,70938,70912,70938,26
rearing,70959,70938,70959,21
rising,70960,70959,70960,1
sniffing,70977,70960,70977,17
rising,70994,70977,70994,17
grooming,70995,70994,70995,1
left_turning,71040,70995,71040,45
stepping,71071,71040,71071,31
sniffing,71145,71071,71145,74
rearing,71178,71145,71178,33
climbing,71219,71178,71219,41
sniffing,71233,71219,71233,14
walking,71236,71233,71236,3
stepping,71270,71236,71270,34
walking,71331,71270,71331,61
climbing,71363,71331,71363,32
grooming,71443,71363,71443,80
stepping,71517,71443,71517,74
sniffing,71518,71517,71518,1
rearing,71541,71518,71541,23
grooming,71927,71541,71927,386
rising,71939,71927,71939,12
sniffing,72026,71939,72026,87
walking,72034,72026,72034,8
climbing,72061,72034,72061,27
walking,72075,72061,72075,14
right_turning,72081,72075,72081,6
grooming,72082,72081,72082,1
sniffing,72084,72082,72084,2
grooming,72085,72084,72085,1
running,72106,72085,72106,21
walking,72124,72106,72124,18
sniffing,72147,72124,72147,23
left_turning,72148,72147,72148,1
grooming,72259,72148,72259,111
trotting,72300,72259,72300,41
stepping,72322,72300,72322,22
sniffing,72342,72322,72342,20
rising,72360,72342,72360,18
sniffing,72447,72360,72447,87
stepping,72456,72447,72456,9
rising,72493,72456,72493,37
sniffing,72566,72493,72566,73
walking,72590,72566,72590,24
sniffing,72624,72590,72624,34
walking,72673,72624,72673,49
stepping,72694,72673,72694,21
climbing,72728,72694,72728,34
walking,72746,72728,72746,18
trotting,72805,72746,72805,59
walking,72843,72805,72843,38
sniffing,72863,72843,72863,20
right_turning,72895,72863,72895,32
sniffing,72936,72895,72936,41
climbing,72979,72936,72979,43
walking,72997,72979,72997,18
sniffing,73066,72997,73066,69
walking,73088,73066,73088,22
grooming,73089,73088,73089,1
sniffing,73112,73089,73112,23
grooming,73178,73112,73178,66
rearing,73237,73178,73237,59
climbing,73246,73237,73246,9
rising,73290,73246,73290,44
grooming,73398,73290,73398,108
walking,73403,73398,73403,5
right_turning,73428,73403,73428,25
stepping,73481,73428,73481,53
rearing,73498,73481,73498,17
sniffing,73558,73498,73558,60
rising,73613,73558,73613,55
sniffing,73646,73613,73646,33
grooming,73647,73646,73647,1
climbing,73665,73647,73665,18
running,73668,73665,73668,3
walking,73706,73668,73706,38
sniffing,73740,73706,73740,34
walking,73743,73740,73743,3
sniffing,73744,73743,73744,1
rising,73778,73744,73778,34
climbing,73932,73778,73932,154
rising,73933,73932,73933,1
climbing,73995,73933,73995,62
trotting,74015,73995,74015,20
sniffing,74085,74015,74085,70
walking,74143,74085,74143,58
left_turning,74144,74143,74144,1
stepping,74193,74144,74193,49
rising,74212,74193,74212,19
sniffing,74259,74212,74259,47
climbing,74304,74259,74304,45
walking,74318,74304,74318,14
sniffing,74319,74318,74319,1
stepping,74367,74319,74367,48
sniffing,74396,74367,74396,29
stepping,74418,74396,74418,22
sniffing,74612,74418,74612,194
left_turning,74613,74612,74613,1
sniffing,74649,74613,74649,36
grooming,74650,74649,74650,1
walking,74696,74650,74696,46
sniffing,74750,74696,74750,54
walking,74763,74750,74763,13
stepping,74764,74763,74764,1
rising,74789,74764,74789,25
rearing,74941,74789,74941,152
grooming,75060,74941,75060,119
sniffing,75101,75060,75101,41
rising,75144,75101,75144,43
grooming,75258,75144,75258,114
left_turning,75346,75258,75346,88
running,75383,75346,75383,37
trotting,75415,75383,75415,32
walking,75416,75415,75416,1
left_turning,75445,75416,75445,29
walking,75449,75445,75449,4
sniffing,75559,75449,75559,110
grooming,75670,75559,75670,111
rearing,75783,75670,75783,113
stepping,75838,75783,75838,55
walking,75862,75838,75862,24
stepping,75888,75862,75888,26
walking,75936,75888,75936,48
running,75961,75936,75961,25
walking,75968,75961,75968,7
sniffing,76032,75968,76032,64
rearing,76045,76032,76045,13
left_turning,76145,76045,76145,100
stepping,76163,76145,76163,18
sniffing,76274,76163,76274,111
walking,76297,76274,76297,23
stepping,76314,76297,76314,17
rearing,76321,76314,76321,7
sniffing,76322,76321,76322,1
left_turning,76347,76322,76347,25
sniffing,76393,76347,76393,46
rearing,76467,76393,76467,74
right_turning,76489,76467,76489,22
grooming,76566,76489,76566,77
climbing,76596,76566,76596,30
grooming,76763,76596,76763,167
left_turning,76764,76763,76764,1
rising,76772,76764,76772,8
rearing,76842,76772,76842,70
left_turning,76864,76842,76864,22
walking,76868,76864,76868,4
sniffing,76945,76868,76945,77
rearing,76950,76945,76950,5
grooming,76964,76950,76964,14
sniffing,77004,76964,77004,40
stepping,77005,77004,77005,1
walking,77047,77005,77047,42
sniffing,77067,77047,77067,20
walking,77128,77067,77128,61
stepping,77142,77128,77142,14
sniffing,77205,77142,77205,63
walking,77215,77205,77215,10
sniffing,77277,77215,77277,62
walking,77295,77277,77295,18
rearing,77309,77295,77309,14
climbing,77344,77309,77344,35
walking,77367,77344,77367,23
right_turning,77382,77367,77382,15
trotting,77416,77382,77416,34
walking,77467,77416,77467,51
sniffing,77480,77467,77480,13
walking,77509,77480,77509,29
stepping,77547,77509,77547,38
grooming,78042,77547,78042,495
sniffing,78059,78042,78059,17
stepping,78060,78059,78060,1
sniffing,78172,78060,78172,112
left_turning,78222,78172,78222,50
walking,78278,78222,78278,56
sniffing,78296,78278,78296,18
walking,78322,78296,78322,26
rising,78323,78322,78323,1
stepping,78374,78323,78374,51
rearing,78424,78374,78424,50
grooming,78674,78424,78674,250
rearing,78675,78674,78675,1
grooming,78828,78675,78828,153
left_turning,78878,78828,78878,50
walking,78879,78878,78879,1
sniffing,78949,78879,78949,70
walking,79010,78949,79010,61
stepping,79024,79010,79024,14
trotting,79052,79024,79052,28
stepping,79134,79052,79134,82
climbing,79178,79134,79178,44
grooming,79440,79178,79440,262
sniffing,79465,79440,79465,25
walking,79481,79465,79481,16
right_turning,79487,79481,79487,6
walking,79502,79487,79502,15
sniffing,79516,79502,79516,14
left_turning,79519,79516,79519,3
walking,79538,79519,79538,19
sniffing,79581,79538,79581,43
walking,79597,79581,79597,16
stepping,79613,79597,79613,16
rising,79614,79613,79614,1
climbing,79665,79614,79665,51
grooming,80097,79665,80097,432
rising,80098,80097,80098,1
grooming,80127,80098,80127,29
climbing,80174,80127,80174,47
trotting,80204,80174,80204,30
walking,80232,80204,80232,28
stepping,80246,80232,80246,14
hunching,80269,80246,80269,23
rising,80305,80269,80305,36
sniffing,80376,80305,80376,71
running,80380,80376,80380,4
sniffing,80457,80380,80457,77
walking,80458,80457,80458,1
sniffing,80468,80458,80468,10
stepping,80525,80468,80525,57
sniffing,80526,80525,80526,1
walking,80553,80526,80553,27
right_turning,80584,80553,80584,31
walking,80613,80584,80613,29
trotting,80644,80613,80644,31
sniffing,80672,80644,80672,28
left_turning,80713,80672,80713,41
walking,80719,80713,80719,6
sniffing,80720,80719,80720,1
stepping,80743,80720,80743,23
grooming,80807,80743,80807,64
left_turning,80873,80807,80873,66
walking,80912,80873,80912,39
stepping,80938,80912,80938,26
walking,80962,80938,80962,24
stepping,80996,80962,80996,34
rising,81053,80996,81053,57
stepping,81093,81053,81093,40
sniffing,81155,81093,81155,62
walking,81207,81155,81207,52
stepping,81246,81207,81246,39
rearing,81290,81246,81290,44
climbing,81291,81290,81291,1
stepping,81293,81291,81293,2
sniffing,81294,81293,81294,1
right_turning,81324,81294,81324,30
rising,81368,81324,81368,44
rearing,81422,81368,81422,54
climbing,81464,81422,81464,42
sniffing,81532,81464,81532,68
rising,81569,81532,81569,37
sniffing,81628,81569,81628,59
walking,81630,81628,81630,2
rising,81671,81630,81671,41
grooming,81873,81671,81873,202
rising,81893,81873,81893,20
climbing,81929,81893,81929,36
grooming,82258,81929,82258,329
hunching,82259,82258,82259,1
grooming,82478,82259,82478,219
hunching,82522,82478,82522,44
climbing,82600,82522,82600,78
right_turning,82627,82600,82627,27
walking,82634,82627,82634,7
sniffing,82717,82634,82717,83
stepping,82718,82717,82718,1
rearing,82768,82718,82768,50
climbing,82839,82768,82839,71
left_turning,82897,82839,82897,58
rising,82915,82897,82915,18
hunching,82972,82915,82972,57
grooming,83056,82972,83056,84
left_turning,83101,83056,83101,45
walking,83123,83101,83123,22
sniffing,83208,83123,83208,85
rising,83209,83208,83209,1
rearing,83340,83209,83340,131
left_turning,83366,83340,83366,26
rising,83396,83366,83396,30
grooming,83593,83396,83593,197
rearing,83595,83593,83595,2
sniffing,83641,83595,83641,46
walking,83659,83641,83659,18
rising,83691,83659,83691,32
stepping,83720,83691,83720,29
climbing,83762,83720,83762,42
walking,83800,83762,83800,38
running,83825,83800,83825,25
walking,83832,83825,83832,7
right_turning,83857,83832,83857,25
sniffing,83905,83857,83905,48
left_turning,83923,83905,83923,18
stepping,83968,83923,83968,45
sniffing,84079,83968,84079,111
stepping,84095,84079,84095,16
sniffing,84096,84095,84096,1
trotting,84125,84096,84125,29
walking,84156,84125,84156,31
sniffing,84238,84156,84238,82
stepping,84291,84238,84291,53
walking,84345,84291,84345,54
sniffing,84370,84345,84370,25
rising,84415,84370,84415,45
sniffing,84422,84415,84422,7
stepping,84479,84422,84479,57
trotting,84510,84479,84510,31
sniffing,84520,84510,84520,10
left_turning,84571,84520,84571,51
grooming,84572,84571,84572,1
rearing,84592,84572,84592,20
grooming,84607,84592,84607,15
rising,84627,84607,84627,20
right_turning,84633,84627,84633,6
trotting,84653,84633,84653,20
stepping,84663,84653,84663,10
trotting,84694,84663,84694,31
rising,84747,84694,84747,53
climbing,84804,84747,84804,57
rising,84806,84804,84806,2
rearing,84873,84806,84873,67
stepping,84876,84873,84876,3
sniffing,84877,84876,84877,1
grooming,84898,84877,84898,21
rising,84900,84898,84900,2
grooming,85054,84900,85054,154
hunching,85055,85054,85055,1
rearing,85141,85055,85141,86
grooming,85445,85141,85445,304
scratching,85471,85445,85471,26
sniffing,85511,85471,85511,40
hunching,85520,85511,85520,9
left_turning,85532,85520,85532,12
climbing,85533,85532,85533,1
rearing,85621,85533,85621,88
trotting,85633,85621,85633,12
sniffing,85665,85633,85665,32
grooming,85666,85665,85666,1
climbing,85667,85666,85667,1
stepping,85700,85667,85700,33
sniffing,85774,85700,85774,74
rising,85803,85774,85803,29
climbing,85833,85803,85833,30
walking,85874,85833,85874,41
grooming,85907,85874,85907,33
sniffing,85947,85907,85947,40
scratching,86062,85947,86062,115
left_turning,86064,86062,86064,2
rising,86065,86064,86065,1
grooming,86192,86065,86192,127
rising,86228,86192,86228,36
rearing,86272,86228,86272,44
hunching,86309,86272,86309,37
grooming,86310,86309,86310,1
walking,86336,86310,86336,26
left_turning,86353,86336,86353,17
walking,86354,86353,86354,1
rising,86377,86354,86377,23
grooming,86539,86377,86539,162
scratching,86656,86539,86656,117
left_turning,86717,86656,86717,61
walking,86780,86717,86780,63
sniffing,86812,86780,86812,32
climbing,86824,86812,86824,12
walking,86839,86824,86839,15
sniffing,86894,86839,86894,55
rising,86920,86894,86920,26
rearing,86939,86920,86939,19
hunching,86945,86939,86945,6
grooming,87217,86945,87217,272
sniffing,87218,87217,87218,1
stepping,87257,87218,87257,39
sniffing,87399,87257,87399,142
rising,87422,87399,87422,23
sniffing,87436,87422,87436,14
stepping,87475,87436,87475,39
walking,87498,87475,87498,23
sniffing,87597,87498,87597,99
rising,87598,87597,87598,1
sniffing,87604,87598,87604,6
grooming,88652,87604,88652,1048
sniffing,88707,88652,88707,55
left_turning,88709,88707,88709,2
sniffing,88727,88709,88727,18
grooming,88728,88727,88728,1
stepping,88771,88728,88771,43
rearing,88831,88771,88831,60
left_turning,88832,88831,88832,1
walking,88857,88832,88857,25
sniffing,88898,88857,88898,41
stepping,88938,88898,88938,40
sniffing,89000,88938,89000,62
left_turning,89026,89000,89026,26
rising,89049,89026,89049,23
stepping,89072,89049,89072,23
walking,89100,89072,89100,28
right_turning,89115,89100,89115,15
walking,89146,89115,89146,31
climbing,89175,89146,89175,29
rearing,89185,89175,89185,10
hunching,89257,89185,89257,72
sniffing,89342,89257,89342,85
left_turning,89411,89342,89411,69
walking,89412,89411,89412,1
rising,89413,89412,89413,1
climbing,89443,89413,89443,30
sniffing,89477,89443,89477,34
hunching,89589,89477,89589,112
grooming,89590,89589,89590,1
rearing,89593,89590,89593,3
grooming,89614,89593,89614,21
sniffing,89625,89614,89625,11
stepping,89674,89625,89674,49
rearing,89791,89674,89791,117
climbing,89856,89791,89856,65
running,89882,89856,89882,26
rearing,89891,89882,89891,9
sniffing,89981,89891,89981,90
stepping,90077,89981,90077,96
climbing,90119,90077,90119,42
trotting,90150,90119,90150,31
stepping,90223,90150,90223,73
walking,90244,90223,90244,21
sniffing,90263,90244,90263,19
grooming,90432,90263,90432,169
left_turning,90444,90432,90444,12
walking,90471,90444,90471,27
rising,90520,90471,90520,49
sniffing,90663,90520,90663,143
left_turning,90698,90663,90698,35
stepping,90699,90698,90699,1
grooming,90776,90699,90776,77
left_turning,90796,90776,90796,20
stepping,90810,90796,90810,14
climbing,90829,90810,90829,19
walking,90882,90829,90882,53
sniffing,90954,90882,90954,72
stepping,90959,90954,90959,5
walking,90988,90959,90988,29
stepping,91043,90988,91043,55
sniffing,91094,91043,91094,51
walking,91114,91094,91114,20
stepping,91134,91114,91134,20
climbing,91172,91134,91172,38
left_turning,91175,91172,91175,3
sniffing,91176,91175,91176,1
stepping,91226,91176,91226,50
rising,91227,91226,91227,1
walking,91284,91227,91284,57
climbing,91337,91284,91337,53
grooming,91338,91337,91338,1
rearing,91439,91338,91439,101
rising,91497,91439,91497,58
climbing,91569,91497,91569,72
grooming,91616,91569,91616,47
rising,91663,91616,91663,47
rearing,91693,91663,91693,30
grooming,91694,91693,91694,1
walking,91716,91694,91716,22
running,91750,91716,91750,34
walking,91804,91750,91804,54
stepping,91812,91804,91812,8
rising,91842,91812,91842,30
climbing,91869,91842,91869,27
grooming,91886,91869,91886,17
rising,91896,91886,91896,10
left_turning,91915,91896,91915,19
climbing,91973,91915,91973,58
stepping,91998,91973,91998,25
rising,92021,91998,92021,23
hunching,92429,92021,92429,408
left_turning,92475,92429,92475,46
walking,92491,92475,92491,16
stepping,92511,92491,92511,20
trotting,92525,92511,92525,14
sniffing,92526,92525,92526,1
grooming,92936,92526,92936,410
rearing,92937,92936,92937,1
grooming,92966,92937,92966,29
scratching,93014,92966,93014,48
grooming,93084,93014,93084,70
sniffing,93170,93084,93170,86
stepping,93192,93170,93192,22
walking,93193,93192,93193,1
rising,93235,93193,93235,42
sniffing,93257,93235,93257,22
trotting,93267,93257,93267,10
right_turning,93268,93267,93268,1
stepping,93275,93268,93275,7
rising,93305,93275,93305,30
grooming,93453,93305,93453,148
rising,93474,93453,93474,21
climbing,93492,93474,93492,18
rearing,93575,93492,93575,83
grooming,93576,93575,93576,1
rising,93600,93576,93600,24
sniffing,93713,93600,93713,113
walking,93748,93713,93748,35
sniffing,93812,93748,93812,64
hunching,93813,93812,93813,1
rising,93860,93813,93860,47
sniffing,93877,93860,93877,17
rising,93880,93877,93880,3
rearing,93915,93880,93915,35
grooming,94001,93915,94001,86
rising,94006,94001,94006,5
climbing,94043,94006,94043,37
sniffing,94081,94043,94081,38
walking,94122,94081,94122,41
climbing,94162,94122,94162,40
trotting,94182,94162,94182,20
sniffing,94183,94182,94183,1
walking,94217,94183,94217,34
stepping,94248,94217,94248,31
running,94263,94248,94263,15
trotting,94272,94263,94272,9
stepping,94308,94272,94308,36
sniffing,94309,94308,94309,1
rising,94334,94309,94334,25
rearing,94354,94334,94354,20
stepping,94383,94354,94383,29
sniffing,94440,94383,94440,57
right_turning,94450,94440,94450,10
running,94472,94450,94472,22
walking,94486,94472,94486,14
rising,94647,94486,94647,161
climbing,94677,94647,94677,30
grooming,94720,94677,94720,43
rearing,94775,94720,94775,55
climbing,94849,94775,94849,74
left_turning,94910,94849,94910,61
trotting,94934,94910,94934,24
sniffing,94984,94934,94984,50
left_turning,95017,94984,95017,33
walking,95031,95017,95031,14
climbing,95079,95031,95079,48
left_turning,95092,95079,95092,13
sniffing,95114,95092,95114,22
stepping,95186,95114,95186,72
rearing,95228,95186,95228,42
stepping,95250,95228,95250,22
walking,95279,95250,95279,29
sniffing,95332,95279,95332,53
rising,95350,95332,95350,18
rearing,95405,95350,95405,55
climbing,95407,95405,95407,2
walking,95453,95407,95453,46
stepping,95477,95453,95477,24
sniffing,95688,95477,95688,211
stepping,95718,95688,95718,30
walking,95749,95718,95749,31
stepping,95771,95749,95771,22
rearing,95774,95771,95774,3
sniffing,95934,95774,95934,160
scratching,95999,95934,95999,65
sniffing,96004,95999,96004,5
rising,96005,96004,96005,1
sniffing,96048,96005,96048,43
walking,96065,96048,96065,17
sniffing,96204,96065,96204,139
stepping,96233,96204,96233,29
rearing,96282,96233,96282,49
rising,96283,96282,96283,1
rearing,96308,96283,96308,25
walking,96372,96308,96372,64
stepping,96413,96372,96413,41
climbing,96439,96413,96439,26
walking,96474,96439,96474,35
sniffing,96475,96474,96475,1
left_turning,96515,96475,96515,40
rising,96562,96515,96562,47
grooming,96563,96562,96563,1
rearing,96608,96563,96608,45
hunching,96633,96608,96633,25
rearing,96637,96633,96637,4
rising,96694,96637,96694,57
trotting,96716,96694,96716,22
stepping,96752,96716,96752,36
walking,96765,96752,96765,13
rising,96824,96765,96824,59
sniffing,96825,96824,96825,1
stepping,96827,96825,96827,2
climbing,96844,96827,96844,17
walking,96878,96844,96878,34
climbing,96923,96878,96923,45
sniffing,96970,96923,96970,47
stepping,97006,96970,97006,36
climbing,97060,97006,97060,54
left_turning,97093,97060,97093,33
trotting,97099,97093,97099,6
sniffing,97133,97099,97133,34
grooming,97225,97133,97225,92
sniffing,97280,97225,97280,55
walking,97312,97280,97312,32
stepping,97329,97312,97329,17
right_turning,97330,97329,97330,1
stepping,97349,97330,97349,19
sniffing,97393,97349,97393,44
stepping,97428,97393,97428,35
sniffing,97450,97428,97450,22
trotting,97480,97450,97480,30
climbing,97546,97480,97546,66
left_turning,97567,97546,97567,21
sniffing,97572,97567,97572,5
stepping,97629,97572,97629,57
rearing,97655,97629,97655,26
rising,97681,97655,97681,26
left_turning,97715,97681,97715,34
rearing,97998,97715,97998,283
sniffing,98063,97998,98063,65
stepping,98081,98063,98081,18
sniffing,98108,98081,98108,27
rising,98133,98108,98133,25
grooming,98161,98133,98161,28
left_turning,98189,98161,98189,28
grooming,98558,98189,98558,369
trotting,98580,98558,98580,22
stepping,98581,98580,98581,1
sniffing,98582,98581,98582,1
stepping,98587,98582,98587,5
sniffing,98588,98587,98588,1
grooming,98829,98588,98829,241
sniffing,98918,98829,98918,89
grooming,98919,98918,98919,1
hunching,98927,98919,98927,8
grooming,99232,98927,99232,305
stepping,99233,99232,99233,1
sniffing,99282,99233,99282,49
stepping,99323,99282,99323,41
climbing,99394,99323,99394,71
grooming,99425,99394,99425,31
left_turning,99567,99425,99567,142
rising,99580,99567,99580,13
climbing,99724,99580,99724,144
left_turning,99837,99724,99837,113
grooming,100041,99837,100041,204
hunching,100098,100041,100098,57
rearing,100143,100098,100143,45
climbing,100174,100143,100174,31
trotting,100198,100174,100198,24
sniffing,100199,100198,100199,1
walking,100247,100199,100247,48
rising,100356,100247,100356,109
sniffing,100839,100356,100839,483
stepping,100866,100839,100866,27
walking,100889,100866,100889,23
sniffing,100919,100889,100919,30
left_turning,100948,100919,100948,29
walking,100971,100948,100971,23
left_turning,101002,100971,101002,31
trotting,101014,101002,101014,12
stepping,101051,101014,101051,37
sniffing,101105,101051,101105,54
stepping,101126,101105,101126,21
sniffing,101160,101126,101160,34
stepping,101161,101160,101161,1
rising,101192,101161,101192,31
rearing,101235,101192,101235,43
hunching,101530,101235,101530,295
grooming,101532,101530,101532,2
hunching,101612,101532,101612,80
rearing,101668,101612,101668,56
walking,101697,101668,101697,29
trotting,101733,101697,101733,36
sniffing,101756,101733,101756,23
grooming,101913,101756,101913,157
rising,101914,101913,101914,1
grooming,102151,101914,102151,237
left_turning,102162,102151,102162,11
walking,102183,102162,102183,21
climbing,102255,102183,102255,72
stepping,102276,102255,102276,21
sniffing,102314,102276,102314,38
rising,102324,102314,102324,10
trotting,102352,102324,102352,28
left_turning,102383,102352,102383,31
sniffing,102391,102383,102391,8
left_turning,102408,102391,102408,17
running,102434,102408,102434,26
sniffing,102435,102434,102435,1
walking,102462,102435,102462,27
sniffing,102539,102462,102539,77
right_turning,102549,102539,102549,10
sniffing,102607,102549,102607,58
rearing,102942,102607,102942,335
left_turning,102951,102942,102951,9
climbing,103028,102951,103028,77
sniffing,103042,103028,103042,14
grooming,103271,103042,103271,229
rearing,103317,103271,103317,46
climbing,103343,103317,103343,26
grooming,103506,103343,103506,163
rearing,103587,103506,103587,81
hunching,103604,103587,103604,17
left_turning,103623,103604,103623,19
grooming,103876,103623,103876,253
sniffing,103877,103876,103877,1
walking,103913,103877,103913,36
climbing,103918,103913,103918,5
grooming,103937,103918,103937,19
rearing,103938,103937,103938,1
climbing,103961,103938,103961,23
trotting,103971,103961,103971,10
sniffing,104003,103971,104003,32
scratching,104060,104003,104060,57
walking,104100,104060,104100,40
sniffing,104162,104100,104162,62
stepping,104171,104162,104171,9
sniffing,104181,104171,104181,10
trotting,104215,104181,104215,34
stepping,104217,104215,104217,2
walking,104235,104217,104235,18
sniffing,104242,104235,104242,7
rising,104243,104242,104243,1
sniffing,104284,104243,104284,41
rising,104326,104284,104326,42
climbing,104389,104326,104389,63
rising,104460,104389,104460,71
climbing,104484,104460,104484,24
rising,104505,104484,104505,21
grooming,104506,104505,104506,1
rearing,104507,104506,104507,1
grooming,104711,104507,104711,204
scratching,104733,104711,104733,22
sniffing,104757,104733,104757,24
rearing,104865,104757,104865,108
grooming,105049,104865,105049,184
sniffing,105140,105049,105140,91
left_turning,105171,105140,105171,31
stepping,105183,105171,105183,12
sniffing,105240,105183,105240,57
stepping,105284,105240,105284,44
trotting,105315,105284,105315,31
sniffing,105340,105315,105340,25
stepping,105385,105340,105385,45
rising,105411,105385,105411,26
stepping,105412,105411,105412,1
sniffing,105484,105412,105484,72
walking,105502,105484,105502,18
rising,105517,105502,105517,15
rearing,105577,105517,105577,60
stepping,105604,105577,105604,27
sniffing,105605,105604,105605,1
walking,105610,105605,105610,5
stepping,105627,105610,105627,17
sniffing,105660,105627,105660,33
stepping,105739,105660,105739,79
walking,105783,105739,105783,44
sniffing,105888,105783,105888,105
rising,105889,105888,105889,1
grooming,105890,105889,105890,1
rearing,105905,105890,105905,15
grooming,106320,105905,106320,415
rearing,106321,106320,106321,1
grooming,106477,106321,106477,156
hunching,106549,106477,106549,72
grooming,106569,106549,106569,20
sniffing,106611,106569,106611,42
walking,106635,106611,106635,24
running,106646,106635,106646,11
walking,106679,106646,106679,33
rising,106697,106679,106697,18
grooming,106917,106697,106917,220
stepping,106918,106917,106918,1
sniffing,106954,106918,106954,36
running,107001,106954,107001,47
walking,107006,107001,107006,5
sniffing,107064,107006,107064,58
stepping,107122,107064,107122,58
sniffing,107123,107122,107123,1
left_turning,107126,107123,107126,3
walking,107146,107126,107146,20
sniffing,107375,107146,107375,229
climbing,107485,107375,107485,110
rearing,107522,107485,107522,37
hunching,107656,107522,107656,134
grooming,107707,107656,107707,51
rearing,107760,107707,107760,53
rising,107793,107760,107793,33
climbing,107794,107793,107794,1
stepping,107813,107794,107813,19
grooming,107814,107813,107814,1
walking,107842,107814,107842,28
sniffing,107874,107842,107874,32
stepping,107896,107874,107896,22
sniffing,107937,107896,107937,41
rising,107938,107937,107938,1
rearing,107945,107938,107945,7
rising,107976,107945,107976,31
sniffing,108000,107976,108000,24
