revised_movement_label,segBoundary,segBoundary_start,segBoundary_end,length
grooming,1,0,1,1
rearing,140,1,140,139
climbing,177,140,177,37
grooming,347,177,347,170
sniffing,426,347,426,79
walking,427,426,427,1
rising,596,427,596,169
climbing,641,596,641,45
grooming,803,641,803,162
rearing,978,803,978,175
hunching,1221,978,1221,243
grooming,1222,1221,1222,1
hunching,1307,1222,1307,85
grooming,1988,1307,1988,681
rising,2029,1988,2029,41
trotting,2050,2029,2050,21
sniffing,2094,2050,2094,44
left_turning,2124,2094,2124,30
trotting,2172,2124,2172,48
sniffing,2198,2172,2198,26
walking,2231,2198,2231,33
sniffing,2276,2231,2276,45
stepping,2302,2276,2302,26
sniffing,2342,2302,2342,40
walking,2382,2342,2382,40
rising,2450,2382,2450,68
sniffing,2492,2450,2492,42
walking,2493,2492,2493,1
stepping,2505,2493,2505,12
sniffing,2510,2505,2510,5
stepping,2524,2510,2524,14
sniffing,2550,2524,2550,26
rising,2551,2550,2551,1
grooming,2686,2551,2686,135
sniffing,2706,2686,2706,20
stepping,2710,2706,2710,4
sniffing,2759,2710,2759,49
rising,2791,2759,2791,32
walking,2823,2791,2823,32
rearing,2889,2823,2889,66
climbing,2930,2889,2930,41
grooming,3061,2930,3061,131
rearing,3062,3061,3062,1
grooming,3180,3062,3180,118
left_turning,3191,3180,3191,11
sniffing,3192,3191,3192,1
grooming,3193,3192,3193,1
hunching,3194,3193,3194,1
rising,3204,3194,3204,10
climbing,3272,3204,3272,68
sniffing,3319,3272,3319,47
rising,3349,3319,3349,30
left_turning,3377,3349,3377,28
walking,3410,3377,3410,33
sniffing,3425,3410,3425,15
trotting,3450,3425,3450,25
walking,3520,3450,3520,70
trotting,3562,3520,3562,42
rising,3592,3562,3592,30
rearing,3637,3592,3637,45
grooming,3834,3637,3834,197
rearing,3845,3834,3845,11
sniffing,3846,3845,3846,1
rising,3949,3846,3949,103
rearing,4075,3949,4075,126
hunching,4100,4075,4100,25
grooming,4552,4100,4552,452
rising,4584,4552,4584,32
sniffing,4603,4584,4603,19
walking,4680,4603,4680,77
sniffing,4787,4680,4787,107
grooming,4850,4787,4850,63
sniffing,4874,4850,4874,24
grooming,5009,4874,5009,135
right_turning,5020,5009,5020,11
stepping,5023,5020,5023,3
walking,5056,5023,5056,33
left_turning,5079,5056,5079,23
trotting,5101,5079,5101,22
stepping,5134,5101,5134,33
walking,5144,5134,5144,10
sniffing,5211,5144,5211,67
rising,5212,5211,5212,1
rearing,5249,5212,5249,37
rising,5299,5249,5299,50
right_turning,5339,5299,5339,40
walking,5422,5339,5422,83
sniffing,5472,5422,5472,50
rising,5501,5472,5501,29
left_turning,5563,5501,5563,62
trotting,5617,5563,5617,54
stepping,5623,5617,5623,6
running,5628,5623,5628,5
trotting,5657,5628,5657,29
rising,5713,5657,5713,56
rearing,5752,5713,5752,39
hunching,5753,5752,5753,1
sniffing,5782,5753,5782,29
rising,5839,5782,5839,57
sniffing,5849,5839,5849,10
running,5864,5849,5864,15
stepping,5898,5864,5898,34
walking,5938,5898,5938,40
sniffing,5998,5938,5998,60
left_turning,6016,5998,6016,18
trotting,6040,6016,6040,24
walking,6084,6040,6084,44
stepping,6118,6084,6118,34
walking,6120,6118,6120,2
sniffing,6218,6120,6218,98
left_turning,6248,6218,6248,30
running,6266,6248,6266,18
sniffing,6305,6266,6305,39
rising,6315,6305,6315,10
climbing,6361,6315,6361,46
grooming,6516,6361,6516,155
sniffing,6534,6516,6534,18
grooming,6840,6534,6840,306
rising,6882,6840,6882,42
sniffing,6952,6882,6952,70
left_turning,6972,6952,6972,20
running,7007,6972,7007,35
sniffing,7026,7007,7026,19
grooming,7379,7026,7379,353
hunching,7447,7379,7447,68
rearing,7528,7447,7528,81
climbing,7559,7528,7559,31
rearing,7630,7559,7630,71
grooming,7648,7630,7648,18
right_turning,7700,7648,7700,52
trotting,7735,7700,7735,35
running,7748,7735,7748,13
walking,7783,7748,7783,35
sniffing,7784,7783,7784,1
walking,7805,7784,7805,21
grooming,7968,7805,7968,163
climbing,8008,7968,8008,40
rearing,8089,8008,8089,81
grooming,8109,8089,8109,20
rearing,8188,8109,8188,79
grooming,8474,8188,8474,286
sniffing,8536,8474,8536,62
rearing,8590,8536,8590,54
grooming,9059,8590,9059,469
left_turning,9081,9059,9081,22
climbing,9129,9081,9129,48
rising,9144,9129,9144,15
walking,9209,9144,9209,65
grooming,9210,9209,9210,1
climbing,9263,9210,9263,53
left_turning,9284,9263,9284,21
running,9303,9284,9303,19
rising,9318,9303,9318,15
grooming,9366,9318,9366,48
rising,9393,9366,9393,27
grooming,9394,9393,9394,1
walking,9416,9394,9416,22
trotting,9437,9416,9437,21
grooming,9462,9437,9462,25
rearing,9563,9462,9563,101
sniffing,9595,9563,9595,32
hunching,9596,9595,9596,1
grooming,9597,9596,9597,1
sniffing,9691,9597,9691,94
stepping,9712,9691,9712,21
grooming,9833,9712,9833,121
walking,9837,9833,9837,4
stepping,9872,9837,9872,35
climbing,9907,9872,9907,35
left_turning,9926,9907,9926,19
sniffing,9958,9926,9958,32
grooming,10105,9958,10105,147
rising,10144,10105,10144,39
hunching,10145,10144,10145,1
sniffing,10146,10145,10146,1
left_turning,10152,10146,10152,6
walking,10158,10152,10158,6
stepping,10175,10158,10175,17
grooming,10429,10175,10429,254
sniffing,10493,10429,10493,64
stepping,10542,10493,10542,49
grooming,10733,10542,10733,191
walking,10794,10733,10794,61
rising,10806,10794,10806,12
grooming,10807,10806,10807,1
running,10816,10807,10816,9
walking,10828,10816,10828,12
sniffing,10880,10828,10880,52
walking,10898,10880,10898,18
stepping,10915,10898,10915,17
running,10946,10915,10946,31
trotting,10971,10946,10971,25
sniffing,11011,10971,11011,40
walking,11061,11011,11061,50
stepping,11064,11061,11064,3
sniffing,11076,11064,11076,12
climbing,11118,11076,11118,42
hunching,11198,11118,11198,80
rising,11231,11198,11231,33
sniffing,11291,11231,11291,60
stepping,11340,11291,11340,49
sniffing,11404,11340,11404,64
right_turning,11430,11404,11430,26
sniffing,11481,11430,11481,51
stepping,11521,11481,11521,40
climbing,11540,11521,11540,19
rearing,11541,11540,11541,1
hunching,11582,11541,11582,41
rising,11663,11582,11663,81
stepping,11682,11663,11682,19
sniffing,11783,11682,11783,101
stepping,11804,11783,11804,21
walking,11863,11804,11863,59
stepping,11888,11863,11888,25
running,11892,11888,11892,4
rearing,11897,11892,11897,5
sniffing,11946,11897,11946,49
grooming,12040,11946,12040,94
sniffing,12067,12040,12067,27
grooming,12202,12067,12202,135
walking,12248,12202,12248,46
grooming,12249,12248,12249,1
left_turning,12305,12249,12305,56
rearing,12317,12305,12317,12
climbing,12347,12317,12347,30
left_turning,12362,12347,12362,15
grooming,12461,12362,12461,99
trotting,12488,12461,12488,27
walking,12545,12488,12545,57
grooming,12659,12545,12659,114
climbing,12716,12659,12716,57
grooming,12826,12716,12826,110
sniffing,12878,12826,12878,52
grooming,13331,12878,13331,453
walking,13332,13331,13332,1
stepping,13361,13332,13361,29
sniffing,13394,13361,13394,33
stepping,13414,13394,13414,20
walking,13418,13414,13418,4
trotting,13419,13418,13419,1
walking,13469,13419,13469,50
stepping,13479,13469,13479,10
rising,13506,13479,13506,27
grooming,14110,13506,14110,604
right_turning,14114,14110,14114,4
stepping,14150,14114,14150,36
rising,14204,14150,14204,54
grooming,14205,14204,14205,1
rising,14206,14205,14206,1
walking,14236,14206,14236,30
rearing,14261,14236,14261,25
grooming,15133,14261,15133,872
sniffing,15173,15133,15173,40
stepping,15204,15173,15204,31
walking,15229,15204,15229,25
rearing,15411,15229,15411,182
hunching,15505,15411,15505,94
left_turning,15526,15505,15526,21
rising,15569,15526,15569,43
sniffing,15570,15569,15570,1
stepping,15603,15570,15603,33
sniffing,15640,15603,15640,37
grooming,15787,15640,15787,147
sniffing,15818,15787,15818,31
hunching,15850,15818,15850,32
rearing,15858,15850,15858,8
grooming,16042,15858,16042,184
running,16066,16042,16066,24
stepping,16108,16066,16108,42
sniffing,16193,16108,16193,85
climbing,16246,16193,16246,53
walking,16272,16246,16272,26
sniffing,16273,16272,16273,1
rising,16298,16273,16298,25
rearing,16454,16298,16454,156
right_turning,16461,16454,16461,7
stepping,16468,16461,16468,7
sniffing,16469,16468,16469,1
left_turning,16490,16469,16490,21
rearing,16491,16490,16491,1
walking,16492,16491,16492,1
rising,16493,16492,16493,1
climbing,16575,16493,16575,82
grooming,16890,16575,16890,315
sniffing,16910,16890,16910,20
stepping,16935,16910,16935,25
sniffing,16979,16935,16979,44
rising,17004,16979,17004,25
walking,17026,17004,17026,22
sniffing,17058,17026,17058,32
grooming,17059,17058,17059,1
walking,17060,17059,17060,1
grooming,17091,17060,17091,31
running,17107,17091,17107,16
rising,17108,17107,17108,1
stepping,17127,17108,17127,19
grooming,17161,17127,17161,34
running,17187,17161,17187,26
rising,17218,17187,17218,31
trotting,17259,17218,17259,41
stepping,17298,17259,17298,39
sniffing,17369,17298,17369,71
trotting,17410,17369,17410,41
walking,17411,17410,17411,1
rising,17417,17411,17417,6
sniffing,17460,17417,17460,43
right_turning,17479,17460,17479,19
trotting,17483,17479,17483,4
stepping,17524,17483,17524,41
rising,17616,17524,17616,92
rearing,17617,17616,17617,1
climbing,17668,17617,17668,51
left_turning,17693,17668,17693,25
grooming,17694,17693,17694,1
trotting,17733,17694,17733,39
walking,17738,17733,17738,5
stepping,17752,17738,17752,14
left_turning,17801,17752,17801,49
trotting,17802,17801,17802,1
right_turning,17823,17802,17823,21
stepping,17876,17823,17876,53
right_turning,17881,17876,17881,5
running,17925,17881,17925,44
rising,17954,17925,17954,29
rearing,18023,17954,18023,69
grooming,18165,18023,18165,142
hunching,18251,18165,18251,86
left_turning,18274,18251,18274,23
trotting,18303,18274,18303,29
left_turning,18308,18303,18308,5
sniffing,18317,18308,18317,9
grooming,18318,18317,18318,1
sniffing,18449,18318,18449,131
rising,18463,18449,18463,14
sniffing,18499,18463,18499,36
climbing,18598,18499,18598,99
grooming,18922,18598,18922,324
rearing,18965,18922,18965,43
stepping,18996,18965,18996,31
left_turning,19027,18996,19027,31
stepping,19028,19027,19028,1
walking,19029,19028,19029,1
sniffing,19101,19029,19101,72
right_turning,19104,19101,19104,3
walking,19149,19104,19149,45
sniffing,19186,19149,19186,37
walking,19267,19186,19267,81
sniffing,19268,19267,19268,1
left_turning,19308,19268,19308,40
sniffing,19356,19308,19356,48
stepping,19430,19356,19430,74
walking,19458,19430,19458,28
sniffing,19482,19458,19482,24
rising,19483,19482,19483,1
grooming,19506,19483,19506,23
climbing,19516,19506,19516,10
stepping,19551,19516,19551,35
sniffing,19601,19551,19601,50
left_turning,19611,19601,19611,10
trotting,19630,19611,19630,19
stepping,19635,19630,19635,5
grooming,19638,19635,19638,3
hunching,19836,19638,19836,198
rising,19872,19836,19872,36
stepping,19875,19872,19875,3
grooming,19876,19875,19876,1
sniffing,19936,19876,19936,60
rearing,19937,19936,19937,1
grooming,20068,19937,20068,131
rising,20128,20068,20128,60
rearing,20137,20128,20137,9
grooming,20332,20137,20332,195
rearing,20482,20332,20482,150
walking,20521,20482,20521,39
stepping,20569,20521,20569,48
rising,20601,20569,20601,32
grooming,20996,20601,20996,395
rising,21025,20996,21025,29
left_turning,21027,21025,21027,2
walking,21028,21027,21028,1
sniffing,21062,21028,21062,34
rising,21063,21062,21063,1
rearing,21065,21063,21065,2
hunching,21133,21065,21133,68
grooming,21261,21133,21261,128
rearing,21262,21261,21262,1
grooming,21601,21262,21601,339
left_turning,21602,21601,21602,1
sniffing,21625,21602,21625,23
stepping,21634,21625,21634,9
sniffing,21745,21634,21745,111
rising,21883,21745,21883,138
sniffing,21928,21883,21928,45
grooming,22046,21928,22046,118
walking,22074,22046,22074,28
trotting,22100,22074,22100,26
stepping,22104,22100,22104,4
sniffing,22109,22104,22109,5
rising,22120,22109,22120,11
walking,22175,22120,22175,55
sniffing,22191,22175,22191,16
hunching,22210,22191,22210,19
stepping,22233,22210,22233,23
left_turning,22281,22233,22281,48
trotting,22299,22281,22299,18
walking,22317,22299,22317,18
grooming,22318,22317,22318,1
rearing,22414,22318,22414,96
hunching,22481,22414,22481,67
left_turning,22494,22481,22494,13
trotting,22518,22494,22518,24
walking,22563,22518,22563,45
sniffing,22597,22563,22597,34
stepping,22640,22597,22640,43
grooming,22641,22640,22641,1
stepping,22694,22641,22694,53
grooming,22785,22694,22785,91
sniffing,22840,22785,22840,55
hunching,22872,22840,22872,32
rising,22984,22872,22984,112
rearing,23053,22984,23053,69
climbing,23107,23053,23107,54
walking,23108,23107,23108,1
grooming,23109,23108,23109,1
sniffing,23134,23109,23134,25
walking,23160,23134,23160,26
sniffing,23184,23160,23184,24
rearing,23248,23184,23248,64
grooming,23435,23248,23435,187
sniffing,23436,23435,23436,1
rising,23437,23436,23437,1
left_turning,23459,23437,23459,22
walking,23487,23459,23487,28
sniffing,23488,23487,23488,1
rising,23489,23488,23489,1
sniffing,23511,23489,23511,22
rising,23528,23511,23528,17
grooming,23529,23528,23529,1
sniffing,23623,23529,23623,94
stepping,23686,23623,23686,63
walking,23697,23686,23697,11
rising,23743,23697,23743,46
stepping,23780,23743,23780,37
grooming,23781,23780,23781,1
hunching,23845,23781,23845,64
grooming,24109,23845,24109,264
rising,24163,24109,24163,54
stepping,24172,24163,24172,9
rearing,24174,24172,24174,2
sniffing,24205,24174,24205,31
climbing,24277,24205,24277,72
left_turning,24412,24277,24412,135
hunching,24481,24412,24481,69
grooming,24689,24481,24689,208
running,24690,24689,24690,1
trotting,24709,24690,24709,19
sniffing,24757,24709,24757,48
climbing,24822,24757,24822,65
stepping,24823,24822,24823,1
walking,24848,24823,24848,25
stepping,24905,24848,24905,57
rearing,24945,24905,24945,40
climbing,25013,24945,25013,68
walking,25063,25013,25063,50
stepping,25064,25063,25064,1
walking,25074,25064,25074,10
sniffing,25096,25074,25096,22
rising,25113,25096,25113,17
climbing,25165,25113,25165,52
walking,25188,25165,25188,23
sniffing,25290,25188,25290,102
rising,25291,25290,25291,1
grooming,25297,25291,25297,6
hunching,25315,25297,25315,18
grooming,25316,25315,25316,1
left_turning,25338,25316,25338,22
sniffing,25388,25338,25388,50
stepping,25513,25388,25513,125
walking,25532,25513,25532,19
trotting,25564,25532,25564,32
sniffing,25613,25564,25613,49
grooming,25774,25613,25774,161
stepping,25780,25774,25780,6
sniffing,25855,25780,25855,75
rising,25870,25855,25870,15
climbing,25923,25870,25923,53
right_turning,25954,25923,25954,31
walking,26011,25954,26011,57
grooming,26251,26011,26251,240
running,26261,26251,26261,10
stepping,26297,26261,26297,36
grooming,26466,26297,26466,169
trotting,26491,26466,26491,25
sniffing,26527,26491,26527,36
stepping,26540,26527,26540,13
rising,26541,26540,26541,1
sniffing,26599,26541,26599,58
rising,26600,26599,26600,1
sniffing,26601,26600,26601,1
walking,26609,26601,26609,8
sniffing,26621,26609,26621,12
rising,26648,26621,26648,27
rearing,26680,26648,26680,32
walking,26749,26680,26749,69
stepping,26769,26749,26769,20
walking,26800,26769,26800,31
trotting,26822,26800,26822,22
running,26846,26822,26846,24
walking,26855,26846,26855,9
sniffing,26920,26855,26920,65
stepping,26921,26920,26921,1
climbing,26952,26921,26952,31
rearing,27027,26952,27027,75
grooming,27028,27027,27028,1
hunching,27114,27028,27114,86
grooming,27115,27114,27115,1
rearing,27127,27115,27127,12
grooming,27240,27127,27240,113
rearing,27245,27240,27245,5
hunching,27287,27245,27287,42
grooming,27288,27287,27288,1
rearing,27345,27288,27345,57
hunching,27434,27345,27434,89
grooming,27435,27434,27435,1
stepping,27455,27435,27455,20
right_turning,27476,27455,27476,21
walking,27483,27476,27483,7
sniffing,27606,27483,27606,123
stepping,27646,27606,27646,40
sniffing,27704,27646,27704,58
rearing,27705,27704,27705,1
grooming,27706,27705,27706,1
hunching,27729,27706,27729,23
stepping,27746,27729,27746,17
sniffing,27870,27746,27870,124
grooming,28008,27870,28008,138
walking,28029,28008,28029,21
rearing,28052,28029,28052,23
walking,28091,28052,28091,39
sniffing,28092,28091,28092,1
walking,28107,28092,28107,15
rising,28130,28107,28130,23
grooming,28310,28130,28310,180
right_turning,28323,28310,28323,13
sniffing,28373,28323,28373,50
climbing,28483,28373,28483,110
grooming,29013,28483,29013,530
walking,29044,29013,29044,31
sniffing,29045,29044,29045,1
rising,29085,29045,29085,40
sniffing,29153,29085,29153,68
grooming,29154,29153,29154,1
hunching,29214,29154,29214,60
left_turning,29215,29214,29215,1
sniffing,29234,29215,29234,19
grooming,29235,29234,29235,1
walking,29248,29235,29248,13
rearing,29278,29248,29278,30
sniffing,29344,29278,29344,66
trotting,29360,29344,29360,16
walking,29397,29360,29397,37
rising,29425,29397,29425,28
walking,29447,29425,29447,22
stepping,29485,29447,29485,38
walking,29507,29485,29507,22
trotting,29508,29507,29508,1
sniffing,29564,29508,29564,56
rising,29612,29564,29612,48
trotting,29613,29612,29613,1
sniffing,29619,29613,29619,6
right_turning,29634,29619,29634,15
sniffing,29644,29634,29644,10
stepping,29690,29644,29690,46
sniffing,29853,29690,29853,163
grooming,30016,29853,30016,163
walking,30090,30016,30090,74
stepping,30142,30090,30142,52
sniffing,30193,30142,30193,51
climbing,30206,30193,30206,13
sniffing,30278,30206,30278,72
stepping,30304,30278,30304,26
walking,30327,30304,30327,23
sniffing,30358,30327,30358,31
scratching,30416,30358,30416,58
grooming,30484,30416,30484,68
rising,30489,30484,30489,5
rearing,30560,30489,30560,71
climbing,30624,30560,30624,64
left_turning,30652,30624,30652,28
walking,30705,30652,30705,53
sniffing,30706,30705,30706,1
climbing,30771,30706,30771,65
stepping,30811,30771,30811,40
sniffing,30853,30811,30853,42
grooming,30938,30853,30938,85
rearing,30972,30938,30972,34
hunching,31016,30972,31016,44
grooming,31044,31016,31044,28
walking,31105,31044,31105,61
right_turning,31119,31105,31119,14
sniffing,31150,31119,31150,31
walking,31187,31150,31187,37
sniffing,31226,31187,31226,39
left_turning,31237,31226,31237,11
sniffing,31261,31237,31261,24
stepping,31300,31261,31300,39
sniffing,31365,31300,31365,65
walking,31383,31365,31383,18
stepping,31427,31383,31427,44
walking,31453,31427,31453,26
rearing,31454,31453,31454,1
sniffing,31484,31454,31484,30
rising,31485,31484,31485,1
climbing,31511,31485,31511,26
stepping,31549,31511,31549,38
rising,31550,31549,31550,1
left_turning,31555,31550,31555,5
trotting,31560,31555,31560,5
stepping,31571,31560,31571,11
left_turning,31622,31571,31622,51
running,31688,31622,31688,66
trotting,31725,31688,31725,37
sniffing,31798,31725,31798,73
grooming,31804,31798,31804,6
walking,31879,31804,31879,75
sniffing,31891,31879,31891,12
rising,31929,31891,31929,38
climbing,31974,31929,31974,45
left_turning,31997,31974,31997,23
walking,32021,31997,32021,24
stepping,32059,32021,32059,38
grooming,32060,32059,32060,1
scratching,32113,32060,32113,53
sniffing,32176,32113,32176,63
rising,32217,32176,32217,41
left_turning,32249,32217,32249,32
sniffing,32262,32249,32262,13
stepping,32274,32262,32274,12
sniffing,32275,32274,32275,1
stepping,32301,32275,32301,26
rising,32318,32301,32318,17
rearing,32559,32318,32559,241
stepping,32572,32559,32572,13
sniffing,32620,32572,32620,48
running,32636,32620,32636,16
walking,32637,32636,32637,1
right_turning,32641,32637,32641,4
stepping,32670,32641,32670,29
walking,32675,32670,32675,5
sniffing,32685,32675,32685,10
rising,32764,32685,32764,79
sniffing,32823,32764,32823,59
rearing,32898,32823,32898,75
grooming,32899,32898,32899,1
rising,32938,32899,32938,39
grooming,33052,32938,33052,114
climbing,33069,33052,33069,17
walking,33088,33069,33088,19
stepping,33091,33088,33091,3
sniffing,33105,33091,33105,14
stepping,33124,33105,33124,19
sniffing,33196,33124,33196,72
left_turning,33197,33196,33197,1
walking,33219,33197,33219,22
trotting,33258,33219,33258,39
rearing,33312,33258,33312,54
trotting,33337,33312,33337,25
sniffing,33361,33337,33361,24
scratching,33482,33361,33482,121
grooming,33602,33482,33602,120
sniffing,33626,33602,33626,24
grooming,33722,33626,33722,96
left_turning,33756,33722,33756,34
sniffing,33793,33756,33793,37
walking,33823,33793,33823,30
stepping,33867,33823,33867,44
climbing,33873,33867,33873,6
left_turning,33888,33873,33888,15
grooming,33889,33888,33889,1
left_turning,33902,33889,33902,13
walking,33918,33902,33918,16
right_turning,33944,33918,33944,26
walking,33975,33944,33975,31
stepping,33997,33975,33997,22
walking,34003,33997,34003,6
sniffing,34106,34003,34106,103
walking,34107,34106,34107,1
grooming,34108,34107,34108,1
climbing,34133,34108,34133,25
grooming,34360,34133,34360,227
left_turning,34416,34360,34416,56
sniffing,34490,34416,34490,74
stepping,34499,34490,34499,9
rearing,34516,34499,34516,17
left_turning,34546,34516,34546,30
stepping,34561,34546,34561,15
sniffing,34592,34561,34592,31
rising,34743,34592,34743,151
grooming,34970,34743,34970,227
hunching,35004,34970,35004,34
grooming,35222,35004,35222,218
trotting,35232,35222,35232,10
rising,35233,35232,35233,1
stepping,35266,35233,35266,33
sniffing,35306,35266,35306,40
stepping,35339,35306,35339,33
rising,35340,35339,35340,1
climbing,35349,35340,35349,9
running,35376,35349,35376,27
walking,35410,35376,35410,34
stepping,35422,35410,35422,12
sniffing,35529,35422,35529,107
walking,35562,35529,35562,33
sniffing,35610,35562,35610,48
rearing,35712,35610,35712,102
rising,35713,35712,35713,1
sniffing,35770,35713,35770,57
left_turning,35788,35770,35788,18
rising,35797,35788,35797,9
climbing,35845,35797,35845,48
left_turning,35846,35845,35846,1
sniffing,35863,35846,35863,17
grooming,36029,35863,36029,166
sniffing,36035,36029,36035,6
walking,36087,36035,36087,52
stepping,36120,36087,36120,33
walking,36190,36120,36190,70
stepping,36199,36190,36199,9
walking,36255,36199,36255,56
sniffing,36290,36255,36290,35
grooming,36662,36290,36662,372
climbing,36698,36662,36698,36
running,36724,36698,36724,26
stepping,36756,36724,36756,32
walking,36787,36756,36787,31
stepping,36811,36787,36811,24
walking,36839,36811,36839,28
right_turning,36842,36839,36842,3
running,36856,36842,36856,14
stepping,36857,36856,36857,1
sniffing,36980,36857,36980,123
stepping,37018,36980,37018,38
grooming,37061,37018,37061,43
climbing,37105,37061,37105,44
grooming,37106,37105,37106,1
rearing,37107,37106,37107,1
grooming,37416,37107,37416,309
hunching,37452,37416,37452,36
left_turning,37603,37452,37603,151
sniffing,37615,37603,37615,12
grooming,37771,37615,37771,156
rearing,37862,37771,37862,91
grooming,37863,37862,37863,1
rising,37884,37863,37884,21
walking,37940,37884,37940,56
right_turning,37952,37940,37952,12
trotting,37958,37952,37958,6
walking,37980,37958,37980,22
sniffing,38071,37980,38071,91
stepping,38083,38071,38083,12
grooming,38487,38083,38487,404
sniffing,38545,38487,38545,58
rising,38546,38545,38546,1
climbing,38595,38546,38595,49
left_turning,38652,38595,38652,57
walking,38665,38652,38665,13
climbing,38698,38665,38698,33
stepping,38713,38698,38713,15
climbing,38759,38713,38759,46
running,38772,38759,38772,13
walking,38829,38772,38829,57
running,38874,38829,38874,45
sniffing,38942,38874,38942,68
left_turning,38948,38942,38948,6
stepping,38961,38948,38961,13
climbing,38977,38961,38977,16
rearing,39024,38977,39024,47
grooming,39149,39024,39149,125
walking,39215,39149,39215,66
trotting,39228,39215,39228,13
walking,39229,39228,39229,1
sniffing,39302,39229,39302,73
walking,39309,39302,39309,7
sniffing,39336,39309,39336,27
trotting,39379,39336,39379,43
sniffing,39414,39379,39414,35
grooming,39498,39414,39498,84
stepping,39516,39498,39516,18
grooming,39537,39516,39537,21
climbing,39602,39537,39602,65
running,39620,39602,39620,18
climbing,39657,39620,39657,37
grooming,39658,39657,39658,1
rising,39667,39658,39667,9
climbing,39714,39667,39714,47
left_turning,39743,39714,39743,29
scratching,39770,39743,39770,27
sniffing,39794,39770,39794,24
rearing,39860,39794,39860,66
hunching,39866,39860,39866,6
rising,39940,39866,39940,74
rearing,39952,39940,39952,12
grooming,40079,39952,40079,127
right_turning,40087,40079,40087,8
walking,40107,40087,40107,20
grooming,40108,40107,40108,1
rising,40145,40108,40145,37
climbing,40186,40145,40186,41
right_turning,40195,40186,40195,9
walking,40225,40195,40225,30
stepping,40285,40225,40285,60
rising,40286,40285,40286,1
grooming,40390,40286,40390,104
trotting,40418,40390,40418,28
rising,40424,40418,40424,6
stepping,40437,40424,40437,13
sniffing,40538,40437,40538,101
left_turning,40551,40538,40551,13
stepping,40562,40551,40562,11
sniffing,40563,40562,40563,1
walking,40599,40563,40599,36
trotting,40615,40599,40615,16
climbing,40669,40615,40669,54
left_turning,40688,40669,40688,19
trotting,40713,40688,40713,25
sniffing,40809,40713,40809,96
walking,40847,40809,40847,38
sniffing,40956,40847,40956,109
rising,40974,40956,40974,18
climbing,41034,40974,41034,60
right_turning,41058,41034,41058,24
stepping,41059,41058,41059,1
sniffing,41077,41059,41077,18
left_turning,41079,41077,41079,2
sniffing,41151,41079,41151,72
walking,41157,41151,41157,6
sniffing,41246,41157,41246,89
left_turning,41283,41246,41283,37
sniffing,41336,41283,41336,53
stepping,41369,41336,41369,33
walking,41409,41369,41409,40
sniffing,41495,41409,41495,86
left_turning,41526,41495,41526,31
climbing,41563,41526,41563,37
rearing,41643,41563,41643,80
climbing,41667,41643,41667,24
grooming,41903,41667,41903,236
rising,41931,41903,41931,28
rearing,42093,41931,42093,162
sniffing,42121,42093,42121,28
stepping,42130,42121,42130,9
rising,42184,42130,42184,54
rearing,42185,42184,42185,1
hunching,42278,42185,42278,93
rearing,42368,42278,42368,90
grooming,42538,42368,42538,170
hunching,42597,42538,42597,59
rearing,42623,42597,42623,26
grooming,42665,42623,42665,42
left_turning,42672,42665,42672,7
stepping,42696,42672,42696,24
trotting,42705,42696,42705,9
stepping,42735,42705,42735,30
sniffing,42736,42735,42736,1
trotting,42753,42736,42753,17
right_turning,42774,42753,42774,21
sniffing,42778,42774,42778,4
walking,42786,42778,42786,8
rearing,42789,42786,42789,3
climbing,42881,42789,42881,92
walking,42922,42881,42922,41
sniffing,42947,42922,42947,25
left_turning,42953,42947,42953,6
sniffing,42954,42953,42954,1
grooming,42993,42954,42993,39
rising,43020,42993,43020,27
sniffing,43038,43020,43038,18
walking,43055,43038,43055,17
rearing,43097,43055,43097,42
grooming,43127,43097,43127,30
walking,43141,43127,43141,14
rising,43208,43141,43208,67
stepping,43279,43208,43279,71
sniffing,43339,43279,43339,60
left_turning,43401,43339,43401,62
walking,43421,43401,43421,20
sniffing,43450,43421,43450,29
rising,43491,43450,43491,41
climbing,43516,43491,43516,25
stepping,43517,43516,43517,1
rising,43535,43517,43535,18
sniffing,43536,43535,43536,1
climbing,43563,43536,43563,27
trotting,43601,43563,43601,38
sniffing,43655,43601,43655,54
stepping,43676,43655,43676,21
climbing,43752,43676,43752,76
walking,43786,43752,43786,34
sniffing,43868,43786,43868,82
rising,43886,43868,43886,18
walking,43891,43886,43891,5
sniffing,43909,43891,43909,18
climbing,43944,43909,43944,35
trotting,43974,43944,43974,30
left_turning,44028,43974,44028,54
sniffing,44075,44028,44075,47
left_turning,44076,44075,44076,1
trotting,44088,44076,44088,12
walking,44104,44088,44104,16
stepping,44162,44104,44162,58
right_turning,44173,44162,44173,11
trotting,44198,44173,44198,25
stepping,44263,44198,44263,65
rising,44333,44263,44333,70
rearing,44503,44333,44503,170
sniffing,44624,44503,44624,121
stepping,44625,44624,44625,1
rising,44657,44625,44657,32
sniffing,44683,44657,44683,26
climbing,44736,44683,44736,53
stepping,44749,44736,44749,13
grooming,45009,44749,45009,260
left_turning,45059,45009,45059,50
rising,45084,45059,45084,25
rearing,45092,45084,45092,8
sniffing,45129,45092,45129,37
walking,45146,45129,45146,17
sniffing,45296,45146,45296,150
grooming,45297,45296,45297,1
walking,45329,45297,45329,32
stepping,45354,45329,45354,25
rising,45365,45354,45365,11
climbing,45416,45365,45416,51
stepping,45428,45416,45428,12
walking,45465,45428,45465,37
stepping,45512,45465,45512,47
walking,45536,45512,45536,24
running,45570,45536,45570,34
sniffing,45628,45570,45628,58
walking,45629,45628,45629,1
grooming,45739,45629,45739,110
sniffing,45782,45739,45782,43
stepping,45820,45782,45820,38
left_turning,45821,45820,45821,1
walking,45854,45821,45854,33
sniffing,45857,45854,45857,3
walking,45872,45857,45872,15
sniffing,45992,45872,45992,120
rearing,45999,45992,45999,7
hunching,46011,45999,46011,12
grooming,46012,46011,46012,1
sniffing,46069,46012,46069,57
walking,46098,46069,46098,29
sniffing,46108,46098,46108,10
stepping,46119,46108,46119,11
grooming,46120,46119,46120,1
walking,46132,46120,46132,12
scratching,46212,46132,46212,80
grooming,46329,46212,46329,117
sniffing,46363,46329,46363,34
left_turning,46380,46363,46380,17
sniffing,46462,46380,46462,82
grooming,46463,46462,46463,1
walking,46500,46463,46500,37
right_turning,46532,46500,46532,32
walking,46549,46532,46549,17
sniffing,46579,46549,46579,30
rising,46585,46579,46585,6
sniffing,46622,46585,46622,37
rearing,46623,46622,46623,1
sniffing,46669,46623,46669,46
grooming,47326,46669,47326,657
hunching,47351,47326,47351,25
grooming,47469,47351,47469,118
sniffing,47507,47469,47507,38
stepping,47516,47507,47516,9
sniffing,47585,47516,47585,69
rising,47586,47585,47586,1
climbing,47633,47586,47633,47
rising,47636,47633,47636,3
climbing,47687,47636,47687,51
stepping,47715,47687,47715,28
sniffing,47716,47715,47716,1
stepping,47726,47716,47726,10
sniffing,47775,47726,47775,49
grooming,47776,47775,47776,1
sniffing,47777,47776,47777,1
grooming,47787,47777,47787,10
right_turning,47814,47787,47814,27
walking,47816,47814,47816,2
rising,47859,47816,47859,43
right_turning,47875,47859,47875,16
walking,47930,47875,47930,55
sniffing,47964,47930,47964,34
right_turning,47990,47964,47990,26
walking,48021,47990,48021,31
sniffing,48071,48021,48071,50
stepping,48072,48071,48072,1
grooming,48073,48072,48073,1
sniffing,48090,48073,48090,17
stepping,48123,48090,48123,33
right_turning,48127,48123,48127,4
walking,48156,48127,48156,29
grooming,48275,48156,48275,119
rearing,48339,48275,48339,64
climbing,48367,48339,48367,28
grooming,48368,48367,48368,1
left_turning,48369,48368,48369,1
walking,48405,48369,48405,36
left_turning,48436,48405,48436,31
running,48472,48436,48472,36
sniffing,48798,48472,48798,326
grooming,49007,48798,49007,209
rearing,49008,49007,49008,1
grooming,49732,49008,49732,724
rearing,49747,49732,49747,15
left_turning,49806,49747,49806,59
grooming,49951,49806,49951,145
hunching,49987,49951,49987,36
rearing,50002,49987,50002,15
climbing,50068,50002,50068,66
rising,50069,50068,50069,1
grooming,50249,50069,50249,180
climbing,50263,50249,50263,14
right_turning,50285,50263,50285,22
running,50321,50285,50321,36
stepping,50361,50321,50361,40
sniffing,50453,50361,50453,92
walking,50495,50453,50495,42
sniffing,50536,50495,50536,41
left_turning,50557,50536,50557,21
grooming,50609,50557,50609,52
sniffing,50631,50609,50631,22
rearing,50713,50631,50713,82
grooming,51434,50713,51434,721
hunching,51511,51434,51511,77
grooming,51831,51511,51831,320
sniffing,51891,51831,51891,60
rising,51907,51891,51907,16
sniffing,51948,51907,51948,41
grooming,51949,51948,51949,1
sniffing,51950,51949,51950,1
walking,51991,51950,51991,41
running,52025,51991,52025,34
sniffing,52044,52025,52044,19
stepping,52092,52044,52092,48
right_turning,52107,52092,52107,15
grooming,52255,52107,52255,148
climbing,52285,52255,52285,30
stepping,52292,52285,52292,7
walking,52386,52292,52386,94
sniffing,52471,52386,52471,85
walking,52489,52471,52489,18
sniffing,52565,52489,52565,76
right_turning,52596,52565,52596,31
walking,52604,52596,52604,8
running,52611,52604,52611,7
walking,52630,52611,52630,19
rising,52650,52630,52650,20
sniffing,52703,52650,52703,53
walking,52726,52703,52726,23
sniffing,52788,52726,52788,62
walking,52845,52788,52845,57
sniffing,52848,52845,52848,3
running,52869,52848,52869,21
climbing,52905,52869,52905,36
running,52926,52905,52926,21
walking,52988,52926,52988,62
trotting,52989,52988,52989,1
rearing,53044,52989,53044,55
left_turning,53081,53044,53081,37
rising,53118,53081,53118,37
trotting,53156,53118,53156,38
walking,53169,53156,53169,13
trotting,53194,53169,53194,25
sniffing,53221,53194,53221,27
trotting,53223,53221,53223,2
sniffing,53249,53223,53249,26
left_turning,53296,53249,53296,47
stepping,53346,53296,53346,50
walking,53360,53346,53360,14
sniffing,53369,53360,53369,9
rising,53419,53369,53419,50
sniffing,53489,53419,53489,70
rearing,53509,53489,53509,20
grooming,53789,53509,53789,280
running,53815,53789,53815,26
stepping,53846,53815,53846,31
left_turning,53942,53846,53942,96
running,53975,53942,53975,33
stepping,53979,53975,53979,4
walking,54002,53979,54002,23
sniffing,54067,54002,54067,65
stepping,54089,54067,54089,22
sniffing,54151,54089,54151,62
stepping,54187,54151,54187,36
walking,54190,54187,54190,3
stepping,54224,54190,54224,34
sniffing,54330,54224,54330,106
left_turning,54340,54330,54340,10
walking,54390,54340,54390,50
grooming,54506,54390,54506,116
rearing,54640,54506,54640,134
climbing,54674,54640,54674,34
grooming,54675,54674,54675,1
hunching,54761,54675,54761,86
rearing,54768,54761,54768,7
grooming,54775,54768,54775,7
rearing,54845,54775,54845,70
climbing,54861,54845,54861,16
grooming,54862,54861,54862,1
rearing,55115,54862,55115,253
grooming,55341,55115,55341,226
hunching,55408,55341,55408,67
right_turning,55433,55408,55433,25
walking,55467,55433,55467,34
sniffing,55544,55467,55544,77
scratching,55603,55544,55603,59
left_turning,55629,55603,55629,26
grooming,55630,55629,55630,1
sniffing,55718,55630,55718,88
stepping,55741,55718,55741,23
rearing,55803,55741,55803,62
grooming,56393,55803,56393,590
sniffing,56394,56393,56394,1
stepping,56426,56394,56426,32
sniffing,56523,56426,56523,97
walking,56548,56523,56548,25
sniffing,56598,56548,56598,50
rearing,56599,56598,56599,1
grooming,56911,56599,56911,312
sniffing,56974,56911,56974,63
rearing,57074,56974,57074,100
stepping,57109,57074,57109,35
sniffing,57143,57109,57143,34
left_turning,57151,57143,57151,8
walking,57152,57151,57152,1
right_turning,57177,57152,57177,25
sniffing,57187,57177,57187,10
stepping,57198,57187,57198,11
walking,57257,57198,57257,59
sniffing,57273,57257,57273,16
rising,57402,57273,57402,129
rearing,57403,57402,57403,1
climbing,57444,57403,57444,41
grooming,57799,57444,57799,355
sniffing,57849,57799,57849,50
walking,57886,57849,57886,37
stepping,57919,57886,57919,33
trotting,57925,57919,57925,6
sniffing,57965,57925,57965,40
stepping,57982,57965,57982,17
rearing,58046,57982,58046,64
grooming,58729,58046,58729,683
rearing,58730,58729,58730,1
grooming,58766,58730,58766,36
rearing,58794,58766,58794,28
sniffing,58844,58794,58844,50
grooming,58845,58844,58845,1
hunching,58855,58845,58855,10
grooming,58856,58855,58856,1
trotting,58881,58856,58881,25
walking,58938,58881,58938,57
trotting,58973,58938,58973,35
rising,58974,58973,58974,1
grooming,59401,58974,59401,427
right_turning,59417,59401,59417,16
trotting,59418,59417,59418,1
walking,59509,59418,59509,91
sniffing,59533,59509,59533,24
right_turning,59538,59533,59538,5
walking,59607,59538,59607,69
sniffing,59635,59607,59635,28
rising,59669,59635,59669,34
left_turning,59691,59669,59691,22
walking,59716,59691,59716,25
climbing,59768,59716,59768,52
grooming,60130,59768,60130,362
stepping,60165,60130,60165,35
sniffing,60192,60165,60192,27
left_turning,60245,60192,60245,53
walking,60276,60245,60276,31
sniffing,60356,60276,60356,80
stepping,60383,60356,60383,27
sniffing,60418,60383,60418,35
stepping,60432,60418,60432,14
walking,60455,60432,60455,23
hunching,60471,60455,60471,16
rearing,60787,60471,60787,316
rising,60847,60787,60847,60
sniffing,60882,60847,60882,35
trotting,60919,60882,60919,37
walking,60941,60919,60941,22
sniffing,61025,60941,61025,84
stepping,61038,61025,61038,13
grooming,61200,61038,61200,162
rearing,61219,61200,61219,19
hunching,61233,61219,61233,14
rearing,61255,61233,61255,22
climbing,61298,61255,61298,43
left_turning,61310,61298,61310,12
sniffing,61334,61310,61334,24
stepping,61352,61334,61352,18
walking,61373,61352,61373,21
sniffing,61403,61373,61403,30
stepping,61431,61403,61431,28
sniffing,61435,61431,61435,4
stepping,61501,61435,61501,66
sniffing,61547,61501,61547,46
grooming,61755,61547,61755,208
hunching,61824,61755,61824,69
grooming,61928,61824,61928,104
walking,61960,61928,61960,32
stepping,61963,61960,61963,3
walking,62005,61963,62005,42
right_turning,62048,62005,62048,43
trotting,62088,62048,62088,40
walking,62117,62088,62117,29
sniffing,62118,62117,62118,1
walking,62177,62118,62177,59
sniffing,62300,62177,62300,123
walking,62312,62300,62312,12
sniffing,62313,62312,62313,1
rising,62316,62313,62316,3
stepping,62342,62316,62342,26
grooming,62454,62342,62454,112
trotting,62463,62454,62463,9
sniffing,62678,62463,62678,215
rising,62740,62678,62740,62
left_turning,62741,62740,62741,1
sniffing,62779,62741,62779,38
grooming,62919,62779,62919,140
sniffing,62946,62919,62946,27
right_turning,62962,62946,62962,16
rearing,63098,62962,63098,136
left_turning,63119,63098,63119,21
grooming,63326,63119,63326,207
sniffing,63361,63326,63361,35
rearing,63446,63361,63446,85
grooming,64435,63446,64435,989
rising,64498,64435,64498,63
grooming,65000,64498,65000,502
rearing,65077,65000,65077,77
rising,65113,65077,65113,36
walking,65147,65113,65147,34
rising,65148,65147,65148,1
climbing,65242,65148,65242,94
running,65277,65242,65277,35
trotting,65279,65277,65279,2
stepping,65297,65279,65297,18
sniffing,65332,65297,65332,35
stepping,65358,65332,65358,26
walking,65390,65358,65390,32
stepping,65423,65390,65423,33
rising,65446,65423,65446,23
climbing,65507,65446,65507,61
rising,65523,65507,65523,16
grooming,66002,65523,66002,479
climbing,66042,66002,66042,40
rearing,66043,66042,66043,1
rising,66072,66043,66072,29
rearing,66154,66072,66154,82
hunching,66182,66154,66182,28
rearing,66183,66182,66183,1
left_turning,66195,66183,66195,12
grooming,66431,66195,66431,236
rising,66443,66431,66443,12
rearing,66508,66443,66508,65
grooming,66689,66508,66689,181
left_turning,66712,66689,66712,23
stepping,66727,66712,66727,15
rising,66795,66727,66795,68
sniffing,66807,66795,66807,12
stepping,66824,66807,66824,17
rearing,66825,66824,66825,1
rising,66826,66825,66826,1
sniffing,67058,66826,67058,232
left_turning,67111,67058,67111,53
sniffing,67112,67111,67112,1
trotting,67121,67112,67121,9
stepping,67122,67121,67122,1
sniffing,67126,67122,67126,4
rising,67160,67126,67160,34
sniffing,67234,67160,67234,74
walking,67259,67234,67259,25
sniffing,67377,67259,67377,118
left_turning,67432,67377,67432,55
walking,67538,67432,67538,106
sniffing,67539,67538,67539,1
climbing,67624,67539,67624,85
trotting,67666,67624,67666,42
sniffing,67686,67666,67686,20
climbing,67720,67686,67720,34
left_turning,67770,67720,67770,50
grooming,68808,67770,68808,1038
right_turning,68842,68808,68842,34
walking,68903,68842,68903,61
grooming,69016,68903,69016,113
rearing,69149,69016,69149,133
climbing,69217,69149,69217,68
grooming,69218,69217,69218,1
sniffing,69219,69218,69219,1
walking,69290,69219,69290,71
running,69305,69290,69305,15
walking,69319,69305,69319,14
sniffing,69396,69319,69396,77
walking,69428,69396,69428,32
climbing,69479,69428,69479,51
right_turning,69507,69479,69507,28
sniffing,69530,69507,69530,23
grooming,69543,69530,69543,13
left_turning,69552,69543,69552,9
rearing,69576,69552,69576,24
left_turning,69620,69576,69620,44
trotting,69664,69620,69664,44
stepping,69693,69664,69693,29
rising,69724,69693,69724,31
stepping,69758,69724,69758,34
sniffing,69865,69758,69865,107
hunching,70010,69865,70010,145
rearing,70080,70010,70080,70
grooming,70081,70080,70081,1
rearing,70091,70081,70091,10
grooming,70229,70091,70229,138
sniffing,70260,70229,70260,31
left_turning,70298,70260,70298,38
sniffing,70299,70298,70299,1
stepping,70325,70299,70325,26
sniffing,70326,70325,70326,1
stepping,70378,70326,70378,52
rearing,70395,70378,70395,17
climbing,70450,70395,70450,55
walking,70480,70450,70480,30
grooming,70481,70480,70481,1
rearing,70569,70481,70569,88
rising,70585,70569,70585,16
sniffing,70662,70585,70662,77
rising,70669,70662,70669,7
climbing,70689,70669,70689,20
walking,70703,70689,70703,14
stepping,70714,70703,70714,11
sniffing,70715,70714,70715,1
rising,70763,70715,70763,48
climbing,70835,70763,70835,72
stepping,70850,70835,70850,15
sniffing,70906,70850,70906,56
walking,70950,70906,70950,44
sniffing,71008,70950,71008,58
right_turning,71055,71008,71055,47
walking,71064,71055,71064,9
sniffing,71065,71064,71065,1
rearing,71094,71065,71094,29
hunching,71117,71094,71117,23
rearing,71150,71117,71150,33
grooming,71151,71150,71151,1
rearing,71220,71151,71220,69
left_turning,71222,71220,71222,2
walking,71247,71222,71247,25
left_turning,71270,71247,71270,23
grooming,71271,71270,71271,1
right_turning,71295,71271,71295,24
grooming,71490,71295,71490,195
rearing,71504,71490,71504,14
hunching,71541,71504,71541,37
grooming,71766,71541,71766,225
rearing,71767,71766,71767,1
grooming,71797,71767,71797,30
right_turning,71812,71797,71812,15
rising,71840,71812,71840,28
rearing,71841,71840,71841,1
grooming,72133,71841,72133,292
sniffing,72142,72133,72142,9
stepping,72153,72142,72153,11
sniffing,72184,72153,72184,31
stepping,72231,72184,72231,47
walking,72302,72231,72302,71
stepping,72323,72302,72323,21
grooming,72398,72323,72398,75
sniffing,72427,72398,72427,29
walking,72452,72427,72452,25
right_turning,72485,72452,72485,33
sniffing,72525,72485,72525,40
stepping,72529,72525,72529,4
sniffing,72590,72529,72590,61
stepping,72599,72590,72599,9
climbing,72660,72599,72660,61
rearing,72661,72660,72661,1
stepping,72662,72661,72662,1
climbing,72682,72662,72682,20
rising,72686,72682,72686,4
sniffing,72742,72686,72742,56
left_turning,72785,72742,72785,43
sniffing,72813,72785,72813,28
stepping,72828,72813,72828,15
grooming,73166,72828,73166,338
rearing,73213,73166,73213,47
climbing,73248,73213,73248,35
walking,73290,73248,73290,42
rising,73343,73290,73343,53
rearing,73469,73343,73469,126
grooming,73700,73469,73700,231
sniffing,73701,73700,73701,1
grooming,74029,73701,74029,328
sniffing,74039,74029,74039,10
stepping,74055,74039,74055,16
rearing,74146,74055,74146,91
walking,74165,74146,74165,19
sniffing,74209,74165,74209,44
walking,74218,74209,74218,9
sniffing,74229,74218,74229,11
rearing,74230,74229,74230,1
hunching,74305,74230,74305,75
rearing,74337,74305,74337,32
grooming,74451,74337,74451,114
rearing,74535,74451,74535,84
grooming,74700,74535,74700,165
rising,74731,74700,74731,31
rearing,74958,74731,74958,227
left_turning,74985,74958,74985,27
stepping,75020,74985,75020,35
sniffing,75133,75020,75133,113
hunching,75134,75133,75134,1
left_turning,75155,75134,75155,21
stepping,75196,75155,75196,41
climbing,75287,75196,75287,91
running,75312,75287,75312,25
sniffing,75380,75312,75380,68
grooming,75436,75380,75436,56
left_turning,75443,75436,75443,7
trotting,75488,75443,75488,45
walking,75553,75488,75553,65
sniffing,75635,75553,75635,82
running,75659,75635,75659,24
trotting,75688,75659,75688,29
walking,75749,75688,75749,61
scratching,75872,75749,75872,123
sniffing,75873,75872,75873,1
rising,75936,75873,75936,63
grooming,76015,75936,76015,79
sniffing,76057,76015,76057,42
grooming,76147,76057,76147,90
stepping,76182,76147,76182,35
sniffing,76186,76182,76186,4
walking,76228,76186,76228,42
trotting,76249,76228,76249,21
stepping,76278,76249,76278,29
rising,76314,76278,76314,36
rearing,76356,76314,76356,42
grooming,76570,76356,76570,214
left_turning,76656,76570,76656,86
grooming,76673,76656,76673,17
left_turning,76855,76673,76855,182
sniffing,76862,76855,76862,7
trotting,76901,76862,76901,39
stepping,76913,76901,76913,12
walking,76964,76913,76964,51
sniffing,77142,76964,77142,178
rearing,77156,77142,77156,14
grooming,77246,77156,77246,90
rising,77271,77246,77271,25
sniffing,77272,77271,77272,1
stepping,77276,77272,77276,4
walking,77332,77276,77332,56
sniffing,77389,77332,77389,57
rising,77411,77389,77411,22
sniffing,77412,77411,77412,1
walking,77445,77412,77445,33
sniffing,77446,77445,77446,1
walking,77473,77446,77473,27
climbing,77490,77473,77490,17
grooming,77566,77490,77566,76
stepping,77605,77566,77605,39
walking,77614,77605,77614,9
sniffing,77747,77614,77747,133
rising,77748,77747,77748,1
rearing,77758,77748,77758,10
grooming,77863,77758,77863,105
sniffing,77974,77863,77974,111
stepping,77975,77974,77975,1
right_turning,77981,77975,77981,6
rising,78016,77981,78016,35
climbing,78099,78016,78099,83
grooming,78100,78099,78100,1
rearing,78199,78100,78199,99
grooming,78200,78199,78200,1
sniffing,78236,78200,78236,36
stepping,78286,78236,78286,50
climbing,78302,78286,78302,16
stepping,78317,78302,78317,15
sniffing,78351,78317,78351,34
climbing,78382,78351,78382,31
sniffing,78631,78382,78631,249
walking,78658,78631,78658,27
sniffing,78679,78658,78679,21
rearing,78765,78679,78765,86
left_turning,78790,78765,78790,25
walking,78807,78790,78807,17
sniffing,78840,78807,78840,33
grooming,78841,78840,78841,1
walking,78867,78841,78867,26
trotting,78882,78867,78882,15
rising,78909,78882,78909,27
sniffing,78976,78909,78976,67
walking,78998,78976,78998,22
sniffing,79269,78998,79269,271
left_turning,79270,79269,79270,1
sniffing,79283,79270,79283,13
rearing,79339,79283,79339,56
grooming,79702,79339,79702,363
climbing,79742,79702,79742,40
right_turning,79756,79742,79756,14
climbing,79785,79756,79785,29
grooming,79786,79785,79786,1
rearing,79798,79786,79798,12
grooming,79943,79798,79943,145
rearing,80142,79943,80142,199
left_turning,80153,80142,80153,11
stepping,80162,80153,80162,9
walking,80164,80162,80164,2
sniffing,80165,80164,80165,1
stepping,80191,80165,80191,26
grooming,80332,80191,80332,141
sniffing,80367,80332,80367,35
grooming,80476,80367,80476,109
rearing,80541,80476,80541,65
sniffing,80722,80541,80722,181
stepping,80749,80722,80749,27
rising,80787,80749,80787,38
trotting,80808,80787,80808,21
grooming,80809,80808,80809,1
sniffing,80813,80809,80813,4
grooming,80873,80813,80873,60
running,80893,80873,80893,20
sniffing,80907,80893,80907,14
rising,80908,80907,80908,1
rearing,80991,80908,80991,83
grooming,81562,80991,81562,571
walking,81604,81562,81604,42
rising,81615,81604,81615,11
rearing,81690,81615,81690,75
walking,81710,81690,81710,20
rising,81711,81710,81711,1
rearing,81712,81711,81712,1
rising,81768,81712,81768,56
rearing,81769,81768,81769,1
sniffing,81802,81769,81802,33
stepping,81845,81802,81845,43
climbing,81861,81845,81861,16
right_turning,81884,81861,81884,23
rearing,82194,81884,82194,310
rising,82341,82194,82341,147
climbing,82355,82341,82355,14
right_turning,82365,82355,82365,10
stepping,82372,82365,82372,7
sniffing,82405,82372,82405,33
right_turning,82445,82405,82445,40
stepping,82472,82445,82472,27
walking,82531,82472,82531,59
sniffing,82626,82531,82626,95
hunching,82709,82626,82709,83
stepping,82816,82709,82816,107
walking,82874,82816,82874,58
grooming,82875,82874,82875,1
walking,82904,82875,82904,29
sniffing,82914,82904,82914,10
stepping,82931,82914,82931,17
sniffing,82965,82931,82965,34
rising,82992,82965,82992,27
walking,82996,82992,82996,4
sniffing,83099,82996,83099,103
rising,83222,83099,83222,123
grooming,83223,83222,83223,1
sniffing,83349,83223,83349,126
walking,83350,83349,83350,1
sniffing,83351,83350,83351,1
walking,83352,83351,83352,1
sniffing,83402,83352,83402,50
grooming,83487,83402,83487,85
walking,83557,83487,83557,70
climbing,83586,83557,83586,29
rearing,83630,83586,83630,44
sniffing,83631,83630,83631,1
walking,83670,83631,83670,39
sniffing,83699,83670,83699,29
walking,83704,83699,83704,5
sniffing,83792,83704,83792,88
left_turning,83806,83792,83806,14
stepping,83827,83806,83827,21
grooming,83873,83827,83873,46
sniffing,83883,83873,83883,10
climbing,83925,83883,83925,42
right_turning,83933,83925,83933,8
walking,83947,83933,83947,14
climbing,84036,83947,84036,89
running,84073,84036,84073,37
sniffing,84104,84073,84104,31
rising,84124,84104,84124,20
rearing,84238,84124,84238,114
grooming,84540,84238,84540,302
stepping,84553,84540,84553,13
sniffing,84554,84553,84554,1
climbing,84585,84554,84585,31
grooming,84693,84585,84693,108
climbing,84739,84693,84739,46
walking,84766,84739,84766,27
trotting,84768,84766,84768,2
sniffing,84813,84768,84813,45
walking,84842,84813,84842,29
sniffing,84862,84842,84862,20
grooming,84863,84862,84863,1
rising,84886,84863,84886,23
grooming,84908,84886,84908,22
walking,84928,84908,84928,20
sniffing,84965,84928,84965,37
rising,84977,84965,84977,12
left_turning,85049,84977,85049,72
walking,85067,85049,85067,18
running,85073,85067,85073,6
sniffing,85101,85073,85101,28
grooming,85158,85101,85158,57
left_turning,85240,85158,85240,82
climbing,85313,85240,85313,73
grooming,85489,85313,85489,176
walking,85568,85489,85568,79
climbing,85618,85568,85618,50
rising,85634,85618,85634,16
climbing,85676,85634,85676,42
walking,85715,85676,85715,39
climbing,85748,85715,85748,33
hunching,85781,85748,85781,33
grooming,85925,85781,85925,144
rearing,85935,85925,85935,10
rising,85974,85935,85974,39
climbing,86007,85974,86007,33
rising,86049,86007,86049,42
climbing,86135,86049,86135,86
grooming,86249,86135,86249,114
rearing,86300,86249,86300,51
grooming,86607,86300,86607,307
sniffing,86608,86607,86608,1
walking,86652,86608,86652,44
sniffing,86729,86652,86729,77
stepping,86768,86729,86768,39
climbing,86823,86768,86823,55
sniffing,86861,86823,86861,38
right_turning,86877,86861,86877,16
rising,86904,86877,86904,27
climbing,86970,86904,86970,66
running,86995,86970,86995,25
stepping,87014,86995,87014,19
grooming,87195,87014,87195,181
rearing,87320,87195,87320,125
stepping,87332,87320,87332,12
sniffing,87405,87332,87405,73
pausing,87447,87405,87447,42
sniffing,87488,87447,87488,41
stepping,87521,87488,87521,33
sniffing,87529,87521,87529,8
left_turning,87558,87529,87558,29
walking,87620,87558,87620,62
grooming,87770,87620,87770,150
sniffing,87799,87770,87799,29
trotting,87812,87799,87812,13
stepping,87846,87812,87846,34
rising,87881,87846,87881,35
climbing,87888,87881,87888,7
right_turning,87906,87888,87906,18
stepping,87932,87906,87932,26
walking,87969,87932,87969,37
sniffing,87970,87969,87970,1
walking,87992,87970,87992,22
climbing,88063,87992,88063,71
grooming,88279,88063,88279,216
hunching,88280,88279,88280,1
grooming,89046,88280,89046,766
rearing,89111,89046,89111,65
hunching,89152,89111,89152,41
grooming,89272,89152,89272,120
rearing,89297,89272,89297,25
climbing,89298,89297,89298,1
grooming,89299,89298,89299,1
walking,89300,89299,89300,1
left_turning,89332,89300,89332,32
sniffing,89431,89332,89431,99
rising,89432,89431,89432,1
grooming,89433,89432,89433,1
rearing,89567,89433,89567,134
right_turning,89595,89567,89595,28
walking,89618,89595,89618,23
rising,89628,89618,89628,10
rearing,89695,89628,89695,67
sniffing,89758,89695,89758,63
walking,89759,89758,89759,1
stepping,89772,89759,89772,13
sniffing,89793,89772,89793,21
walking,89880,89793,89880,87
sniffing,89971,89880,89971,91
rising,90039,89971,90039,68
rearing,90089,90039,90089,50
hunching,90112,90089,90112,23
stepping,90144,90112,90144,32
climbing,90147,90144,90147,3
rising,90167,90147,90167,20
sniffing,90168,90167,90168,1
left_turning,90214,90168,90214,46
walking,90270,90214,90270,56
trotting,90338,90270,90338,68
walking,90344,90338,90344,6
sniffing,90345,90344,90345,1
walking,90376,90345,90376,31
sniffing,90388,90376,90388,12
right_turning,90422,90388,90422,34
climbing,90423,90422,90423,1
right_turning,90439,90423,90439,16
stepping,90478,90439,90478,39
walking,90492,90478,90492,14
stepping,90551,90492,90551,59
sniffing,90552,90551,90552,1
stepping,90614,90552,90614,62
walking,90647,90614,90647,33
sniffing,90675,90647,90675,28
rising,90758,90675,90758,83
climbing,90793,90758,90793,35
rearing,90851,90793,90851,58
climbing,90919,90851,90919,68
rearing,90956,90919,90956,37
rising,91005,90956,91005,49
climbing,91056,91005,91056,51
rearing,91071,91056,91071,15
stepping,91106,91071,91106,35
left_turning,91139,91106,91139,33
sniffing,91174,91139,91174,35
walking,91225,91174,91225,51
sniffing,91349,91225,91349,124
walking,91361,91349,91361,12
sniffing,91381,91361,91381,20
stepping,91416,91381,91416,35
trotting,91434,91416,91434,18
walking,91459,91434,91459,25
climbing,91510,91459,91510,51
running,91536,91510,91536,26
trotting,91572,91536,91572,36
stepping,91605,91572,91605,33
right_turning,91633,91605,91633,28
stepping,91657,91633,91657,24
sniffing,91658,91657,91658,1
rearing,91679,91658,91679,21
climbing,91703,91679,91703,24
rearing,91732,91703,91732,29
walking,91747,91732,91747,15
sniffing,91748,91747,91748,1
right_turning,91797,91748,91797,49
walking,91835,91797,91835,38
stepping,91861,91835,91861,26
sniffing,91884,91861,91884,23
rearing,91905,91884,91905,21
sniffing,91990,91905,91990,85
rising,92000,91990,92000,10
grooming,92001,92000,92001,1
sniffing,92002,92001,92002,1
stepping,92049,92002,92049,47
sniffing,92111,92049,92111,62
rearing,92115,92111,92115,4
trotting,92162,92115,92162,47
rising,92163,92162,92163,1
walking,92206,92163,92206,43
rising,92256,92206,92256,50
climbing,92297,92256,92297,41
walking,92324,92297,92324,27
sniffing,92328,92324,92328,4
stepping,92359,92328,92359,31
grooming,92467,92359,92467,108
rearing,92522,92467,92522,55
hunching,92523,92522,92523,1
grooming,92555,92523,92555,32
right_turning,92565,92555,92565,10
stepping,92583,92565,92583,18
walking,92621,92583,92621,38
rising,92644,92621,92644,23
stepping,92693,92644,92693,49
rearing,92694,92693,92694,1
stepping,92764,92694,92764,70
climbing,92909,92764,92909,145
running,92931,92909,92931,22
trotting,92957,92931,92957,26
walking,92963,92957,92963,6
stepping,93004,92963,93004,41
walking,93020,93004,93020,16
sniffing,93067,93020,93067,47
rising,93086,93067,93086,19
grooming,93248,93086,93248,162
rearing,93249,93248,93249,1
stepping,93253,93249,93253,4
sniffing,93313,93253,93313,60
scratching,93335,93313,93335,22
sniffing,93336,93335,93336,1
walking,93352,93336,93352,16
sniffing,93353,93352,93353,1
right_turning,93372,93353,93372,19
walking,93404,93372,93404,32
sniffing,93449,93404,93449,45
grooming,93678,93449,93678,229
sniffing,93679,93678,93679,1
grooming,93828,93679,93828,149
rising,93829,93828,93829,1
sniffing,93830,93829,93830,1
walking,93848,93830,93848,18
stepping,93855,93848,93855,7
walking,93861,93855,93861,6
trotting,93903,93861,93903,42
running,93919,93903,93919,16
trotting,93948,93919,93948,29
sniffing,94075,93948,94075,127
rising,94112,94075,94112,37
walking,94129,94112,94129,17
right_turning,94149,94129,94149,20
sniffing,94150,94149,94150,1
rising,94168,94150,94168,18
sniffing,94169,94168,94169,1
right_turning,94184,94169,94184,15
sniffing,94253,94184,94253,69
grooming,94259,94253,94259,6
running,94277,94259,94277,18
rearing,94278,94277,94278,1
walking,94279,94278,94279,1
sniffing,94331,94279,94331,52
left_turning,94365,94331,94365,34
grooming,94373,94365,94373,8
rising,94411,94373,94411,38
climbing,94461,94411,94461,50
grooming,94576,94461,94576,115
rearing,94619,94576,94619,43
rising,94680,94619,94680,61
rearing,94681,94680,94681,1
climbing,94748,94681,94748,67
rearing,94800,94748,94800,52
left_turning,94821,94800,94821,21
sniffing,94899,94821,94899,78
grooming,95192,94899,95192,293
climbing,95225,95192,95225,33
sniffing,95273,95225,95273,48
left_turning,95368,95273,95368,95
sniffing,95459,95368,95459,91
stepping,95472,95459,95472,13
sniffing,95502,95472,95502,30
rising,95503,95502,95503,1
grooming,95704,95503,95704,201
sniffing,95705,95704,95705,1
walking,95746,95705,95746,41
sniffing,95771,95746,95771,25
walking,95796,95771,95796,25
trotting,95817,95796,95817,21
stepping,95837,95817,95837,20
walking,95845,95837,95845,8
sniffing,95858,95845,95858,13
left_turning,95864,95858,95864,6
walking,95918,95864,95918,54
sniffing,95938,95918,95938,20
grooming,95939,95938,95939,1
rising,95979,95939,95979,40
grooming,95980,95979,95980,1
rearing,96023,95980,96023,43
climbing,96073,96023,96073,50
sniffing,96077,96073,96077,4
running,96106,96077,96106,29
climbing,96239,96106,96239,133
stepping,96287,96239,96287,48
climbing,96314,96287,96314,27
walking,96335,96314,96335,21
sniffing,96336,96335,96336,1
left_turning,96367,96336,96367,31
grooming,96920,96367,96920,553
rising,96928,96920,96928,8
rearing,96935,96928,96935,7
climbing,96947,96935,96947,12
left_turning,96974,96947,96974,27
rearing,97082,96974,97082,108
grooming,97637,97082,97637,555
hunching,97737,97637,97737,100
rearing,97792,97737,97792,55
sniffing,97817,97792,97817,25
rising,97842,97817,97842,25
climbing,97843,97842,97843,1
grooming,97958,97843,97958,115
sniffing,97978,97958,97978,20
stepping,97990,97978,97990,12
trotting,98015,97990,98015,25
stepping,98035,98015,98035,20
sniffing,98045,98035,98045,10
rearing,98199,98045,98199,154
hunching,98225,98199,98225,26
sniffing,98272,98225,98272,47
stepping,98308,98272,98308,36
rearing,98388,98308,98388,80
grooming,98389,98388,98389,1
walking,98419,98389,98419,30
sniffing,98420,98419,98420,1
walking,98482,98420,98482,62
sniffing,98483,98482,98483,1
stepping,98515,98483,98515,32
sniffing,98595,98515,98595,80
rising,98598,98595,98598,3
left_turning,98638,98598,98638,40
climbing,98756,98638,98756,118
left_turning,98760,98756,98760,4
trotting,98796,98760,98796,36
sniffing,98874,98796,98874,78
grooming,98915,98874,98915,41
sniffing,98920,98915,98920,5
rising,98926,98920,98926,6
climbing,98984,98926,98984,58
hunching,99094,98984,99094,110
left_turning,99142,99094,99142,48
sniffing,99147,99142,99147,5
stepping,99169,99147,99169,22
right_turning,99222,99169,99222,53
stepping,99234,99222,99234,12
trotting,99247,99234,99247,13
walking,99299,99247,99299,52
stepping,99317,99299,99317,18
sniffing,99318,99317,99318,1
walking,99319,99318,99319,1
stepping,99359,99319,99359,40
trotting,99383,99359,99383,24
walking,99423,99383,99423,40
rising,99424,99423,99424,1
left_turning,99432,99424,99432,8
stepping,99450,99432,99450,18
sniffing,99509,99450,99509,59
stepping,99546,99509,99546,37
climbing,99570,99546,99570,24
stepping,99571,99570,99571,1
trotting,99617,99571,99617,46
sniffing,99687,99617,99687,70
grooming,99873,99687,99873,186
hunching,99874,99873,99874,1
sniffing,99879,99874,99879,5
climbing,99914,99879,99914,35
left_turning,99954,99914,99954,40
rearing,99955,99954,99955,1
walking,99966,99955,99966,11
sniffing,100025,99966,100025,59
walking,100062,100025,100062,37
sniffing,100095,100062,100095,33
stepping,100147,100095,100147,52
left_turning,100230,100147,100230,83
stepping,100276,100230,100276,46
walking,100311,100276,100311,35
sniffing,100354,100311,100354,43
rearing,100355,100354,100355,1
stepping,100370,100355,100370,15
sniffing,100468,100370,100468,98
walking,100488,100468,100488,20
climbing,100507,100488,100507,19
trotting,100527,100507,100527,20
sniffing,100528,100527,100528,1
stepping,100552,100528,100552,24
grooming,100698,100552,100698,146
walking,100699,100698,100699,1
sniffing,100739,100699,100739,40
rising,100761,100739,100761,22
sniffing,100792,100761,100792,31
walking,100814,100792,100814,22
trotting,100826,100814,100826,12
right_turning,100838,100826,100838,12
walking,100850,100838,100850,12
sniffing,100909,100850,100909,59
walking,100947,100909,100947,38
stepping,100980,100947,100980,33
sniffing,101002,100980,101002,22
grooming,101003,101002,101003,1
left_turning,101004,101003,101004,1
hunching,101068,101004,101068,64
rearing,101159,101068,101159,91
stepping,101200,101159,101200,41
sniffing,101271,101200,101271,71
walking,101304,101271,101304,33
stepping,101327,101304,101327,23
sniffing,101328,101327,101328,1
rearing,101430,101328,101430,102
climbing,101480,101430,101480,50
rearing,101592,101480,101592,112
grooming,101593,101592,101593,1
rearing,101929,101593,101929,336
hunching,101964,101929,101964,35
rearing,101965,101964,101965,1
grooming,101966,101965,101966,1
sniffing,102032,101966,102032,66
hunching,102099,102032,102099,67
grooming,102100,102099,102100,1
left_turning,102102,102100,102102,2
sniffing,102263,102102,102263,161
rising,102264,102263,102264,1
right_turning,102267,102264,102267,3
stepping,102312,102267,102312,45
rising,102357,102312,102357,45
grooming,102425,102357,102425,68
walking,102464,102425,102464,39
sniffing,102487,102464,102487,23
hunching,102511,102487,102511,24
grooming,102991,102511,102991,480
climbing,103016,102991,103016,25
sniffing,103183,103016,103183,167
walking,103196,103183,103196,13
rising,103212,103196,103212,16
stepping,103244,103212,103244,32
sniffing,103250,103244,103250,6
stepping,103256,103250,103256,6
walking,103294,103256,103294,38
trotting,103335,103294,103335,41
sniffing,103384,103335,103384,49
grooming,103388,103384,103388,4
rearing,103415,103388,103415,27
walking,103510,103415,103510,95
trotting,103558,103510,103558,48
rising,103603,103558,103603,45
climbing,103613,103603,103613,10
trotting,103630,103613,103630,17
sniffing,103631,103630,103631,1
walking,103632,103631,103632,1
sniffing,103674,103632,103674,42
left_turning,103696,103674,103696,22
sniffing,103791,103696,103791,95
rising,103810,103791,103810,19
sniffing,103811,103810,103811,1
right_turning,103836,103811,103836,25
rearing,103866,103836,103866,30
climbing,103935,103866,103935,69
rearing,103936,103935,103936,1
grooming,103937,103936,103937,1
rearing,104054,103937,104054,117
rising,104055,104054,104055,1
right_turning,104101,104055,104101,46
walking,104135,104101,104135,34
grooming,104155,104135,104155,20
climbing,104168,104155,104168,13
walking,104191,104168,104191,23
stepping,104202,104191,104202,11
right_turning,104218,104202,104218,16
rearing,104219,104218,104219,1
hunching,104232,104219,104232,13
grooming,104264,104232,104264,32
trotting,104276,104264,104276,12
running,104288,104276,104288,12
walking,104310,104288,104310,22
sniffing,104382,104310,104382,72
rising,104450,104382,104450,68
sniffing,104499,104450,104499,49
rising,104540,104499,104540,41
rearing,104541,104540,104541,1
sniffing,104542,104541,104542,1
grooming,104689,104542,104689,147
left_turning,104720,104689,104720,31
walking,104721,104720,104721,1
running,104748,104721,104748,27
walking,104753,104748,104753,5
sniffing,104804,104753,104804,51
walking,104831,104804,104831,27
sniffing,104921,104831,104921,90
walking,104966,104921,104966,45
rearing,105004,104966,105004,38
stepping,105065,105004,105065,61
rearing,105181,105065,105181,116
grooming,105472,105181,105472,291
sniffing,105542,105472,105542,70
stepping,105578,105542,105578,36
sniffing,105591,105578,105591,13
stepping,105647,105591,105647,56
sniffing,105648,105647,105648,1
left_turning,105663,105648,105663,15
grooming,105664,105663,105664,1
rising,105672,105664,105672,8
sniffing,105708,105672,105708,36
left_turning,105709,105708,105709,1
grooming,106079,105709,106079,370
trotting,106102,106079,106102,23
walking,106157,106102,106157,55
stepping,106171,106157,106171,14
sniffing,106238,106171,106238,67
walking,106284,106238,106284,46
sniffing,106346,106284,106346,62
walking,106369,106346,106369,23
sniffing,106370,106369,106370,1
walking,106420,106370,106420,50
sniffing,106421,106420,106421,1
scratching,106494,106421,106494,73
grooming,106620,106494,106620,126
scratching,106666,106620,106666,46
walking,106709,106666,106709,43
climbing,106819,106709,106819,110
sniffing,106887,106819,106887,68
rising,106922,106887,106922,35
sniffing,107052,106922,107052,130
walking,107092,107052,107092,40
left_turning,107118,107092,107118,26
rising,107128,107118,107128,10
grooming,107129,107128,107129,1
hunching,107187,107129,107187,58
grooming,107188,107187,107188,1
rearing,107410,107188,107410,222
climbing,107418,107410,107418,8
walking,107419,107418,107419,1
sniffing,107420,107419,107420,1
walking,107426,107420,107426,6
right_turning,107459,107426,107459,33
stepping,107486,107459,107486,27
sniffing,107559,107486,107559,73
rising,107560,107559,107560,1
sniffing,107607,107560,107607,47
grooming,107639,107607,107639,32
rearing,107679,107639,107679,40
grooming,107680,107679,107680,1
rearing,107765,107680,107765,85
stepping,107818,107765,107818,53
rising,107819,107818,107819,1
stepping,107836,107819,107836,17
sniffing,107855,107836,107855,19
grooming,108000,107855,108000,145
