revised_movement_label,segBoundary,segBoundary_start,segBoundary_end,length
walking,42,0,42,42
trotting,59,42,59,17
rising,83,59,83,24
climbing,132,83,132,49
sniffing,142,132,142,10
rising,213,142,213,71
hunching,214,213,214,1
grooming,223,214,223,9
sniffing,278,223,278,55
rising,279,278,279,1
left_turning,349,279,349,70
walking,350,349,350,1
rising,392,350,392,42
rearing,462,392,462,70
rising,503,462,503,41
stepping,537,503,537,34
rising,561,537,561,24
sniffing,562,561,562,1
rising,595,562,595,33
climbing,629,595,629,34
left_turning,662,629,662,33
trotting,703,662,703,41
walking,747,703,747,44
trotting,762,747,762,15
sniffing,770,762,770,8
stepping,771,770,771,1
rising,820,771,820,49
left_turning,845,820,845,25
sniffing,893,845,893,48
walking,949,893,949,56
stepping,977,949,977,28
trotting,987,977,987,10
walking,1020,987,1020,33
stepping,1049,1020,1049,29
walking,1052,1049,1052,3
sniffing,1098,1052,1098,46
stepping,1100,1098,1100,2
walking,1101,1100,1101,1
rising,1148,1101,1148,47
sniffing,1149,1148,1149,1
grooming,1156,1149,1156,7
sniffing,1157,1156,1157,1
climbing,1218,1157,1218,61
grooming,1410,1218,1410,192
left_turning,1411,1410,1411,1
sniffing,1515,1411,1515,104
left_turning,1619,1515,1619,104
running,1638,1619,1638,19
walking,1643,1638,1643,5
rising,1726,1643,1726,83
rearing,1938,1726,1938,212
left_turning,1971,1938,1971,33
grooming,2052,1971,2052,81
rising,2109,2052,2109,57
climbing,2180,2109,2180,71
rising,2181,2180,2181,1
hunching,2189,2181,2189,8
grooming,2252,2189,2252,63
walking,2318,2252,2318,66
rising,2355,2318,2355,37
stepping,2406,2355,2406,51
rising,2407,2406,2407,1
sniffing,2471,2407,2471,64
grooming,2645,2471,2645,174
sniffing,2694,2645,2694,49
rising,2714,2694,2714,20
sniffing,2812,2714,2812,98
rearing,2889,2812,2889,77
walking,2890,2889,2890,1
stepping,2896,2890,2896,6
sniffing,2936,2896,2936,40
rising,2937,2936,2937,1
left_turning,2970,2937,2970,33
rising,2988,2970,2988,18
sniffing,3034,2988,3034,46
grooming,3252,3034,3252,218
rising,3266,3252,3266,14
walking,3277,3266,3277,11
stepping,3286,3277,3286,9
sniffing,3323,3286,3323,37
rearing,3324,3323,3324,1
grooming,3487,3324,3487,163
rising,3488,3487,3488,1
climbing,3498,3488,3498,10
left_turning,3506,3498,3506,8
sniffing,3515,3506,3515,9
walking,3564,3515,3564,49
rising,3578,3564,3578,14
right_turning,3616,3578,3616,38
sniffing,3707,3616,3707,91
grooming,3816,3707,3816,109
right_turning,3835,3816,3835,19
rising,3867,3835,3867,32
hunching,3870,3867,3870,3
rearing,3871,3870,3871,1
hunching,3881,3871,3881,10
grooming,3956,3881,3956,75
rearing,3959,3956,3959,3
walking,4011,3959,4011,52
sniffing,4034,4011,4034,23
walking,4066,4034,4066,32
trotting,4085,4066,4085,19
walking,4087,4085,4087,2
sniffing,4124,4087,4124,37
left_turning,4173,4124,4173,49
stepping,4222,4173,4222,49
walking,4285,4222,4285,63
stepping,4286,4285,4286,1
sniffing,4321,4286,4321,35
rising,4342,4321,4342,21
sniffing,4408,4342,4408,66
rising,4442,4408,4442,34
sniffing,4497,4442,4497,55
rising,4567,4497,4567,70
sniffing,4635,4567,4635,68
left_turning,4653,4635,4653,18
running,4698,4653,4698,45
sniffing,4794,4698,4794,96
trotting,4823,4794,4823,29
walking,4844,4823,4844,21
rising,4845,4844,4845,1
left_turning,4875,4845,4875,30
sniffing,4929,4875,4929,54
walking,4993,4929,4993,64
stepping,5066,4993,5066,73
sniffing,5067,5066,5067,1
right_turning,5071,5067,5071,4
rising,5211,5071,5211,140
left_turning,5240,5211,5240,29
sniffing,5333,5240,5333,93
grooming,5334,5333,5334,1
walking,5337,5334,5337,3
stepping,5352,5337,5352,15
walking,5364,5352,5364,12
trotting,5395,5364,5395,31
walking,5409,5395,5409,14
grooming,5482,5409,5482,73
stepping,5498,5482,5498,16
walking,5519,5498,5519,21
stepping,5527,5519,5527,8
rising,5554,5527,5554,27
grooming,5844,5554,5844,290
hunching,5908,5844,5908,64
rising,6239,5908,6239,331
right_turning,6259,6239,6259,20
walking,6285,6259,6285,26
sniffing,6337,6285,6337,52
walking,6364,6337,6364,27
rising,6370,6364,6370,6
trotting,6406,6370,6406,36
rising,6484,6406,6484,78
stepping,6564,6484,6564,80
sniffing,6600,6564,6600,36
rising,6673,6600,6673,73
grooming,6761,6673,6761,88
hunching,6853,6761,6853,92
grooming,7071,6853,7071,218
hunching,7074,7071,7074,3
grooming,7129,7074,7129,55
rearing,7130,7129,7130,1
grooming,7244,7130,7244,114
sniffing,7311,7244,7311,67
trotting,7331,7311,7331,20
grooming,7332,7331,7332,1
sniffing,7366,7332,7366,34
running,7378,7366,7378,12
hunching,7430,7378,7430,52
sniffing,7459,7430,7459,29
rising,7460,7459,7460,1
trotting,7490,7460,7490,30
stepping,7524,7490,7524,34
sniffing,7525,7524,7525,1
rising,7673,7525,7673,148
rearing,7674,7673,7674,1
grooming,7701,7674,7701,27
hunching,7746,7701,7746,45
sniffing,7777,7746,7777,31
walking,7861,7777,7861,84
trotting,7880,7861,7880,19
sniffing,7948,7880,7948,68
stepping,7959,7948,7959,11
running,7976,7959,7976,17
trotting,7995,7976,7995,19
stepping,8019,7995,8019,24
sniffing,8073,8019,8073,54
left_turning,8087,8073,8087,14
sniffing,8151,8087,8151,64
stepping,8160,8151,8160,9
sniffing,8161,8160,8161,1
grooming,8166,8161,8166,5
right_turning,8184,8166,8184,18
walking,8223,8184,8223,39
left_turning,8232,8223,8232,9
trotting,8233,8232,8233,1
sniffing,8304,8233,8304,71
stepping,8388,8304,8388,84
walking,8397,8388,8397,9
stepping,8413,8397,8413,16
sniffing,8491,8413,8491,78
walking,8492,8491,8492,1
stepping,8500,8492,8500,8
walking,8524,8500,8524,24
sniffing,8588,8524,8588,64
left_turning,8589,8588,8589,1
running,8644,8589,8644,55
trotting,8683,8644,8683,39
stepping,8715,8683,8715,32
walking,8725,8715,8725,10
sniffing,8785,8725,8785,60
rising,8823,8785,8823,38
walking,8842,8823,8842,19
sniffing,8889,8842,8889,47
stepping,8893,8889,8893,4
walking,8953,8893,8953,60
stepping,8977,8953,8977,24
climbing,8996,8977,8996,19
sniffing,9082,8996,9082,86
grooming,9239,9082,9239,157
hunching,9464,9239,9464,225
grooming,9726,9464,9726,262
right_turning,9727,9726,9727,1
sniffing,9784,9727,9784,57
left_turning,9850,9784,9850,66
trotting,9868,9850,9868,18
stepping,9904,9868,9904,36
sniffing,9924,9904,9924,20
rearing,9925,9924,9925,1
stepping,9955,9925,9955,30
grooming,10194,9955,10194,239
sniffing,10224,10194,10224,30
rising,10275,10224,10275,51
trotting,10309,10275,10309,34
running,10327,10309,10327,18
sniffing,10401,10327,10401,74
rising,10413,10401,10413,12
walking,10418,10413,10418,5
stepping,10436,10418,10436,18
grooming,10620,10436,10620,184
scratching,10669,10620,10669,49
rising,10792,10669,10792,123
rearing,10877,10792,10877,85
hunching,10878,10877,10878,1
climbing,10907,10878,10907,29
rising,10911,10907,10911,4
sniffing,10912,10911,10912,1
rising,10948,10912,10948,36
sniffing,11041,10948,11041,93
left_turning,11086,11041,11086,45
trotting,11125,11086,11125,39
sniffing,11143,11125,11143,18
stepping,11165,11143,11165,22
rising,11166,11165,11166,1
grooming,11167,11166,11167,1
rearing,11193,11167,11193,26
sniffing,11222,11193,11222,29
rearing,11484,11222,11484,262
climbing,11542,11484,11542,58
walking,11593,11542,11593,51
sniffing,11638,11593,11638,45
grooming,11658,11638,11658,20
running,11689,11658,11689,31
trotting,11710,11689,11710,21
sniffing,11749,11710,11749,39
rising,11787,11749,11787,38
climbing,11810,11787,11810,23
left_turning,11845,11810,11845,35
trotting,11883,11845,11883,38
left_turning,11932,11883,11932,49
walking,11988,11932,11988,56
rising,12013,11988,12013,25
sniffing,12131,12013,12131,118
stepping,12171,12131,12171,40
walking,12212,12171,12212,41
stepping,12232,12212,12232,20
walking,12324,12232,12324,92
trotting,12337,12324,12337,13
stepping,12361,12337,12361,24
climbing,12381,12361,12381,20
left_turning,12382,12381,12382,1
grooming,12677,12382,12677,295
left_turning,12699,12677,12699,22
rising,12709,12699,12709,10
climbing,12754,12709,12754,45
rearing,12767,12754,12767,13
hunching,12768,12767,12768,1
rising,12802,12768,12802,34
sniffing,12803,12802,12803,1
grooming,13670,12803,13670,867
rearing,13725,13670,13725,55
running,13746,13725,13746,21
rising,13751,13746,13751,5
climbing,13805,13751,13805,54
grooming,14140,13805,14140,335
stepping,14156,14140,14156,16
sniffing,14193,14156,14193,37
walking,14306,14193,14306,113
sniffing,14343,14306,14343,37
running,14361,14343,14361,18
grooming,14362,14361,14362,1
sniffing,14489,14362,14489,127
stepping,14592,14489,14592,103
grooming,14593,14592,14593,1
rearing,14594,14593,14594,1
hunching,14717,14594,14717,123
rising,14718,14717,14718,1
sniffing,14812,14718,14812,94
left_turning,14851,14812,14851,39
sniffing,14881,14851,14881,30
walking,14944,14881,14944,63
stepping,14979,14944,14979,35
sniffing,15169,14979,15169,190
rising,15248,15169,15248,79
left_turning,15277,15248,15277,29
running,15295,15277,15295,18
stepping,15336,15295,15336,41
sniffing,15341,15336,15341,5
stepping,15389,15341,15389,48
rising,15460,15389,15460,71
sniffing,15491,15460,15491,31
stepping,15520,15491,15520,29
walking,15532,15520,15532,12
climbing,15560,15532,15560,28
grooming,15740,15560,15740,180
right_turning,15741,15740,15741,1
running,15783,15741,15783,42
walking,15834,15783,15834,51
stepping,15864,15834,15864,30
trotting,15865,15864,15865,1
sniffing,15941,15865,15941,76
left_turning,15956,15941,15956,15
walking,16001,15956,16001,45
hunching,16063,16001,16063,62
rearing,16122,16063,16122,59
rising,16163,16122,16163,41
walking,16228,16163,16228,65
sniffing,16280,16228,16280,52
rising,16340,16280,16340,60
hunching,16366,16340,16366,26
rearing,16404,16366,16404,38
sniffing,16405,16404,16405,1
hunching,16474,16405,16474,69
grooming,16686,16474,16686,212
stepping,16704,16686,16704,18
grooming,16834,16704,16834,130
stepping,16869,16834,16869,35
grooming,17198,16869,17198,329
sniffing,17243,17198,17243,45
trotting,17271,17243,17271,28
rising,17348,17271,17348,77
trotting,17370,17348,17370,22
sniffing,17430,17370,17430,60
running,17459,17430,17459,29
walking,17479,17459,17479,20
rising,17501,17479,17501,22
rearing,17611,17501,17611,110
walking,17625,17611,17625,14
running,17654,17625,17654,29
trotting,17663,17654,17663,9
sniffing,17709,17663,17709,46
stepping,17717,17709,17717,8
rising,17805,17717,17805,88
running,17826,17805,17826,21
trotting,17832,17826,17832,6
stepping,17890,17832,17890,58
climbing,18017,17890,18017,127
rising,18018,18017,18018,1
climbing,18105,18018,18105,87
grooming,18132,18105,18132,27
climbing,18182,18132,18182,50
rising,18183,18182,18183,1
hunching,18253,18183,18253,70
rearing,18496,18253,18496,243
grooming,18586,18496,18586,90
rearing,18734,18586,18734,148
walking,18750,18734,18750,16
rising,18781,18750,18781,31
climbing,18823,18781,18823,42
sniffing,18869,18823,18869,46
rising,18913,18869,18913,44
sniffing,18963,18913,18963,50
walking,18965,18963,18965,2
sniffing,18966,18965,18966,1
rising,19023,18966,19023,57
grooming,19094,19023,19094,71
trotting,19134,19094,19134,40
walking,19188,19134,19188,54
sniffing,19244,19188,19244,56
left_turning,19262,19244,19262,18
walking,19297,19262,19297,35
grooming,19298,19297,19298,1
stepping,19342,19298,19342,44
walking,19392,19342,19392,50
stepping,19418,19392,19418,26
rising,19419,19418,19419,1
sniffing,19420,19419,19420,1
walking,19459,19420,19459,39
sniffing,19471,19459,19471,12
rearing,19509,19471,19509,38
rising,19679,19509,19679,170
left_turning,19680,19679,19680,1
walking,19726,19680,19726,46
grooming,19908,19726,19908,182
walking,19909,19908,19909,1
sniffing,19944,19909,19944,35
grooming,19945,19944,19945,1
rising,19997,19945,19997,52
climbing,20056,19997,20056,59
left_turning,20088,20056,20088,32
sniffing,20112,20088,20112,24
rising,20171,20112,20171,59
climbing,20186,20171,20186,15
trotting,20207,20186,20207,21
sniffing,20208,20207,20208,1
stepping,20263,20208,20263,55
trotting,20291,20263,20291,28
sniffing,20381,20291,20381,90
rising,20439,20381,20439,58
stepping,20533,20439,20533,94
right_turning,20551,20533,20551,18
stepping,20569,20551,20569,18
walking,20601,20569,20601,32
sniffing,20640,20601,20640,39
rising,20668,20640,20668,28
sniffing,20713,20668,20713,45
rising,20738,20713,20738,25
grooming,21616,20738,21616,878
rising,21640,21616,21640,24
grooming,21851,21640,21851,211
rising,21865,21851,21865,14
grooming,21866,21865,21866,1
sniffing,21964,21866,21964,98
walking,22018,21964,22018,54
left_turning,22041,22018,22041,23
walking,22055,22041,22055,14
right_turning,22072,22055,22072,17
rising,22083,22072,22083,11
walking,22106,22083,22106,23
sniffing,22160,22106,22160,54
trotting,22187,22160,22187,27
stepping,22247,22187,22247,60
rearing,22248,22247,22248,1
grooming,22337,22248,22337,89
trotting,22339,22337,22339,2
sniffing,22340,22339,22340,1
walking,22349,22340,22349,9
stepping,22360,22349,22360,11
sniffing,22386,22360,22386,26
climbing,22430,22386,22430,44
walking,22431,22430,22431,1
trotting,22447,22431,22447,16
walking,22476,22447,22476,29
hunching,22483,22476,22483,7
grooming,22589,22483,22589,106
running,22625,22589,22625,36
sniffing,22691,22625,22691,66
rising,22709,22691,22709,18
stepping,22731,22709,22731,22
left_turning,22748,22731,22748,17
grooming,22749,22748,22749,1
stepping,22774,22749,22774,25
sniffing,22823,22774,22823,49
left_turning,22828,22823,22828,5
sniffing,22829,22828,22829,1
stepping,22848,22829,22848,19
sniffing,22941,22848,22941,93
stepping,22948,22941,22948,7
rising,23134,22948,23134,186
walking,23147,23134,23147,13
rising,23150,23147,23150,3
grooming,23151,23150,23151,1
stepping,23213,23151,23213,62
sniffing,23229,23213,23229,16
rising,23279,23229,23279,50
climbing,23325,23279,23325,46
trotting,23369,23325,23369,44
walking,23386,23369,23386,17
sniffing,23469,23386,23469,83
grooming,23584,23469,23584,115
rearing,23667,23584,23667,83
rising,23711,23667,23711,44
left_turning,23719,23711,23719,8
sniffing,23814,23719,23814,95
grooming,23981,23814,23981,167
trotting,24020,23981,24020,39
walking,24042,24020,24042,22
stepping,24115,24042,24115,73
walking,24116,24115,24116,1
stepping,24127,24116,24127,11
grooming,24223,24127,24223,96
sniffing,24243,24223,24243,20
walking,24276,24243,24276,33
stepping,24308,24276,24308,32
sniffing,24356,24308,24356,48
walking,24381,24356,24381,25
stepping,24408,24381,24408,27
rising,24453,24408,24453,45
walking,24454,24453,24454,1
rearing,24567,24454,24567,113
trotting,24597,24567,24597,30
sniffing,24635,24597,24635,38
rising,24636,24635,24636,1
climbing,24694,24636,24694,58
grooming,24766,24694,24766,72
left_turning,24818,24766,24818,52
walking,24819,24818,24819,1
hunching,24922,24819,24922,103
grooming,24923,24922,24923,1
rising,24954,24923,24954,31
climbing,24981,24954,24981,27
walking,24982,24981,24982,1
stepping,24996,24982,24996,14
trotting,25001,24996,25001,5
sniffing,25039,25001,25039,38
grooming,25349,25039,25349,310
hunching,25585,25349,25585,236
left_turning,25614,25585,25614,29
sniffing,25727,25614,25727,113
rising,25767,25727,25767,40
grooming,26062,25767,26062,295
hunching,26063,26062,26063,1
grooming,26182,26063,26182,119
hunching,26331,26182,26331,149
rising,26332,26331,26332,1
grooming,26341,26332,26341,9
rearing,26391,26341,26391,50
sniffing,26443,26391,26443,52
grooming,26444,26443,26444,1
sniffing,26448,26444,26448,4
left_turning,26449,26448,26449,1
sniffing,26482,26449,26482,33
left_turning,26515,26482,26515,33
trotting,26543,26515,26543,28
sniffing,26589,26543,26589,46
rearing,26631,26589,26631,42
grooming,26639,26631,26639,8
sniffing,26684,26639,26684,45
rising,26697,26684,26697,13
hunching,26717,26697,26717,20
grooming,26912,26717,26912,195
walking,26972,26912,26972,60
trotting,26985,26972,26985,13
walking,27004,26985,27004,19
sniffing,27020,27004,27020,16
walking,27037,27020,27037,17
rearing,27226,27037,27226,189
grooming,27340,27226,27340,114
hunching,27341,27340,27341,1
left_turning,27407,27341,27407,66
walking,27426,27407,27426,19
sniffing,27494,27426,27494,68
scratching,27570,27494,27570,76
sniffing,27669,27570,27669,99
stepping,27697,27669,27697,28
grooming,27899,27697,27899,202
stepping,27939,27899,27939,40
sniffing,27957,27939,27957,18
grooming,29244,27957,29244,1287
walking,29324,29244,29324,80
rising,29387,29324,29387,63
grooming,29506,29387,29506,119
hunching,29555,29506,29555,49
grooming,29602,29555,29602,47
rearing,29647,29602,29647,45
climbing,29707,29647,29707,60
trotting,29754,29707,29754,47
sniffing,29829,29754,29829,75
climbing,29874,29829,29874,45
rising,29898,29874,29898,24
sniffing,29921,29898,29921,23
right_turning,29922,29921,29922,1
grooming,29923,29922,29923,1
running,29966,29923,29966,43
stepping,30013,29966,30013,47
rising,30112,30013,30112,99
sniffing,30159,30112,30159,47
climbing,30186,30159,30186,27
grooming,30187,30186,30187,1
left_turning,30218,30187,30218,31
walking,30230,30218,30230,12
rising,30271,30230,30271,41
grooming,30272,30271,30272,1
right_turning,30275,30272,30275,3
stepping,30301,30275,30301,26
walking,30358,30301,30358,57
stepping,30441,30358,30441,83
running,30444,30441,30444,3
walking,30454,30444,30454,10
sniffing,30455,30454,30455,1
grooming,30610,30455,30610,155
sniffing,30611,30610,30611,1
trotting,30616,30611,30616,5
sniffing,30642,30616,30642,26
stepping,30643,30642,30643,1
sniffing,30725,30643,30725,82
trotting,30771,30725,30771,46
sniffing,30882,30771,30882,111
walking,30943,30882,30943,61
stepping,31004,30943,31004,61
rising,31042,31004,31042,38
rearing,31052,31042,31052,10
grooming,31084,31052,31084,32
stepping,31133,31084,31133,49
trotting,31160,31133,31160,27
left_turning,31161,31160,31161,1
grooming,31486,31161,31486,325
climbing,31521,31486,31521,35
walking,31529,31521,31529,8
sniffing,31559,31529,31559,30
walking,31571,31559,31571,12
sniffing,31617,31571,31617,46
stepping,31660,31617,31660,43
sniffing,31772,31660,31772,112
grooming,31809,31772,31809,37
sniffing,31852,31809,31852,43
walking,31897,31852,31897,45
sniffing,31909,31897,31909,12
stepping,31970,31909,31970,61
rearing,32042,31970,32042,72
left_turning,32076,32042,32076,34
rising,32077,32076,32077,1
left_turning,32078,32077,32078,1
scratching,32174,32078,32174,96
right_turning,32177,32174,32177,3
sniffing,32178,32177,32178,1
stepping,32182,32178,32182,4
sniffing,32193,32182,32193,11
rearing,32226,32193,32226,33
left_turning,32261,32226,32261,35
running,32282,32261,32282,21
sniffing,32332,32282,32332,50
running,32343,32332,32343,11
walking,32397,32343,32397,54
sniffing,32421,32397,32421,24
stepping,32452,32421,32452,31
walking,32453,32452,32453,1
stepping,32498,32453,32498,45
sniffing,32512,32498,32512,14
grooming,32744,32512,32744,232
climbing,32805,32744,32805,61
left_turning,32818,32805,32818,13
walking,32840,32818,32840,22
stepping,32841,32840,32841,1
rising,32842,32841,32842,1
sniffing,32844,32842,32844,2
rising,33031,32844,33031,187
rearing,33053,33031,33053,22
left_turning,33080,33053,33080,27
sniffing,33081,33080,33081,1
walking,33111,33081,33111,30
rising,33112,33111,33112,1
climbing,33174,33112,33174,62
walking,33198,33174,33198,24
rising,33229,33198,33229,31
grooming,33230,33229,33230,1
scratching,33395,33230,33395,165
grooming,33396,33395,33396,1
walking,33397,33396,33397,1
grooming,33681,33397,33681,284
stepping,33717,33681,33717,36
grooming,33800,33717,33800,83
left_turning,33803,33800,33803,3
sniffing,33842,33803,33842,39
rising,33843,33842,33843,1
walking,33850,33843,33850,7
sniffing,33909,33850,33909,59
rising,33910,33909,33910,1
running,33946,33910,33946,36
stepping,34003,33946,34003,57
sniffing,34066,34003,34066,63
grooming,34067,34066,34067,1
left_turning,34092,34067,34092,25
stepping,34113,34092,34113,21
running,34131,34113,34131,18
trotting,34157,34131,34157,26
sniffing,34158,34157,34158,1
right_turning,34201,34158,34201,43
trotting,34217,34201,34217,16
sniffing,34346,34217,34346,129
rising,34453,34346,34453,107
grooming,35043,34453,35043,590
walking,35073,35043,35073,30
sniffing,35125,35073,35125,52
rising,35180,35125,35180,55
grooming,35184,35180,35184,4
rearing,35233,35184,35233,49
left_turning,35258,35233,35258,25
grooming,35360,35258,35360,102
right_turning,35365,35360,35365,5
stepping,35384,35365,35384,19
grooming,35465,35384,35465,81
sniffing,35466,35465,35466,1
grooming,35491,35466,35491,25
hunching,35517,35491,35517,26
grooming,35799,35517,35799,282
stepping,35825,35799,35825,26
running,35861,35825,35861,36
rising,35878,35861,35878,17
left_turning,35935,35878,35935,57
grooming,35936,35935,35936,1
stepping,35948,35936,35948,12
grooming,36195,35948,36195,247
sniffing,36261,36195,36261,66
running,36262,36261,36262,1
walking,36342,36262,36342,80
left_turning,36349,36342,36349,7
sniffing,36350,36349,36350,1
trotting,36391,36350,36391,41
sniffing,36414,36391,36414,23
grooming,36873,36414,36873,459
stepping,36904,36873,36904,31
hunching,37014,36904,37014,110
rearing,37084,37014,37084,70
grooming,37277,37084,37277,193
climbing,37343,37277,37343,66
grooming,37400,37343,37400,57
rising,37401,37400,37401,1
sniffing,37498,37401,37498,97
walking,37542,37498,37542,44
sniffing,37548,37542,37548,6
grooming,37628,37548,37628,80
hunching,37629,37628,37629,1
grooming,37806,37629,37806,177
climbing,37851,37806,37851,45
trotting,37875,37851,37875,24
walking,37907,37875,37907,32
sniffing,37908,37907,37908,1
scratching,37996,37908,37996,88
sniffing,38002,37996,38002,6
stepping,38003,38002,38003,1
grooming,38220,38003,38220,217
left_turning,38247,38220,38247,27
walking,38261,38247,38261,14
sniffing,38308,38261,38308,47
stepping,38321,38308,38321,13
rising,38344,38321,38344,23
sniffing,38389,38344,38389,45
walking,38431,38389,38431,42
sniffing,38437,38431,38437,6
rising,38484,38437,38484,47
climbing,38490,38484,38490,6
rearing,38591,38490,38591,101
grooming,38619,38591,38619,28
trotting,38647,38619,38647,28
stepping,38701,38647,38701,54
walking,38714,38701,38714,13
right_turning,38741,38714,38741,27
sniffing,38803,38741,38803,62
rising,38804,38803,38804,1
grooming,38805,38804,38805,1
climbing,38837,38805,38837,32
rearing,39013,38837,39013,176
running,39050,39013,39050,37
stepping,39089,39050,39089,39
climbing,39160,39089,39160,71
rearing,39219,39160,39219,59
climbing,39247,39219,39247,28
grooming,39464,39247,39464,217
rising,39522,39464,39522,58
rearing,39527,39522,39527,5
grooming,39727,39527,39727,200
rearing,39744,39727,39744,17
grooming,39857,39744,39857,113
rearing,39858,39857,39858,1
hunching,39887,39858,39887,29
rising,39937,39887,39937,50
right_turning,39972,39937,39972,35
sniffing,39995,39972,39995,23
grooming,40019,39995,40019,24
rearing,40092,40019,40092,73
hunching,40138,40092,40138,46
rearing,40208,40138,40208,70
grooming,40479,40208,40479,271
rearing,40505,40479,40505,26
grooming,40606,40505,40606,101
sniffing,40662,40606,40662,56
trotting,40701,40662,40701,39
rising,40763,40701,40763,62
grooming,41119,40763,41119,356
rearing,41171,41119,41171,52
hunching,41270,41171,41270,99
stepping,41284,41270,41284,14
sniffing,41291,41284,41291,7
stepping,41303,41291,41303,12
sniffing,41316,41303,41316,13
right_turning,41343,41316,41343,27
sniffing,41438,41343,41438,95
grooming,41646,41438,41646,208
hunching,41650,41646,41650,4
grooming,41768,41650,41768,118
sniffing,41843,41768,41843,75
walking,41886,41843,41886,43
climbing,41914,41886,41914,28
rising,41932,41914,41932,18
right_turning,41982,41932,41982,50
walking,42031,41982,42031,49
grooming,42032,42031,42032,1
rearing,42046,42032,42046,14
grooming,42064,42046,42064,18
hunching,42118,42064,42118,54
left_turning,42126,42118,42126,8
walking,42165,42126,42165,39
rearing,42166,42165,42166,1
grooming,42192,42166,42192,26
rearing,42216,42192,42216,24
grooming,42545,42216,42545,329
left_turning,42555,42545,42555,10
stepping,42593,42555,42593,38
rising,42626,42593,42626,33
sniffing,42702,42626,42702,76
walking,42713,42702,42713,11
left_turning,42719,42713,42719,6
running,42730,42719,42730,11
walking,42758,42730,42758,28
sniffing,42819,42758,42819,61
grooming,43587,42819,43587,768
stepping,43625,43587,43625,38
sniffing,43684,43625,43684,59
walking,43741,43684,43741,57
sniffing,43792,43741,43792,51
trotting,43809,43792,43809,17
sniffing,43815,43809,43815,6
rising,43843,43815,43843,28
climbing,43907,43843,43907,64
grooming,43908,43907,43908,1
rearing,43954,43908,43954,46
climbing,44014,43954,44014,60
left_turning,44034,44014,44034,20
climbing,44108,44034,44108,74
sniffing,44109,44108,44109,1
rising,44142,44109,44142,33
climbing,44184,44142,44184,42
sniffing,44216,44184,44216,32
walking,44247,44216,44247,31
sniffing,44251,44247,44251,4
rising,44297,44251,44297,46
climbing,44351,44297,44351,54
running,44352,44351,44352,1
sniffing,44399,44352,44399,47
rising,44414,44399,44414,15
sniffing,44445,44414,44445,31
rearing,44572,44445,44572,127
sniffing,44612,44572,44612,40
walking,44655,44612,44655,43
stepping,44701,44655,44701,46
rising,44727,44701,44727,26
left_turning,44730,44727,44730,3
sniffing,44735,44730,44735,5
stepping,44783,44735,44783,48
sniffing,44784,44783,44784,1
walking,44785,44784,44785,1
rising,44854,44785,44854,69
climbing,44894,44854,44894,40
rearing,45014,44894,45014,120
left_turning,45072,45014,45072,58
climbing,45120,45072,45120,48
rising,45139,45120,45139,19
grooming,45220,45139,45220,81
running,45261,45220,45261,41
walking,45282,45261,45282,21
right_turning,45323,45282,45323,41
sniffing,45332,45323,45332,9
rearing,45360,45332,45360,28
left_turning,45482,45360,45482,122
hunching,45501,45482,45501,19
stepping,45544,45501,45544,43
sniffing,45552,45544,45552,8
stepping,45559,45552,45559,7
right_turning,45583,45559,45583,24
trotting,45601,45583,45601,18
sniffing,45650,45601,45650,49
walking,45713,45650,45713,63
rising,45756,45713,45756,43
grooming,45925,45756,45925,169
trotting,45972,45925,45972,47
walking,45988,45972,45988,16
stepping,46033,45988,46033,45
walking,46084,46033,46084,51
rising,46117,46084,46117,33
grooming,46259,46117,46259,142
rearing,46263,46259,46263,4
hunching,46264,46263,46264,1
grooming,46751,46264,46751,487
rearing,46786,46751,46786,35
left_turning,46821,46786,46821,35
grooming,46995,46821,46995,174
sniffing,47110,46995,47110,115
grooming,47201,47110,47201,91
hunching,47246,47201,47246,45
grooming,47247,47246,47247,1
scratching,47316,47247,47316,69
left_turning,47326,47316,47326,10
grooming,47610,47326,47610,284
climbing,47672,47610,47672,62
left_turning,47718,47672,47718,46
sniffing,47766,47718,47766,48
stepping,47808,47766,47808,42
right_turning,47810,47808,47810,2
walking,47815,47810,47815,5
sniffing,47816,47815,47816,1
rising,47896,47816,47896,80
sniffing,48091,47896,48091,195
grooming,48092,48091,48092,1
sniffing,48120,48092,48120,28
left_turning,48206,48120,48206,86
sniffing,48236,48206,48236,30
walking,48276,48236,48276,40
rearing,48289,48276,48289,13
grooming,48290,48289,48290,1
rearing,48667,48290,48667,377
walking,48668,48667,48668,1
running,48679,48668,48679,11
rearing,48698,48679,48698,19
climbing,48772,48698,48772,74
left_turning,48773,48772,48773,1
sniffing,48858,48773,48858,85
rising,48889,48858,48889,31
rearing,48927,48889,48927,38
sniffing,48977,48927,48977,50
grooming,49009,48977,49009,32
hunching,49051,49009,49051,42
grooming,49250,49051,49250,199
rearing,49304,49250,49304,54
grooming,49492,49304,49492,188
trotting,49519,49492,49519,27
stepping,49558,49519,49558,39
sniffing,49614,49558,49614,56
walking,49619,49614,49619,5
stepping,49653,49619,49653,34
trotting,49678,49653,49678,25
walking,49725,49678,49725,47
right_turning,49751,49725,49751,26
stepping,49774,49751,49774,23
left_turning,49797,49774,49797,23
climbing,49809,49797,49809,12
rising,49846,49809,49846,37
sniffing,49976,49846,49976,130
stepping,49982,49976,49982,6
sniffing,50034,49982,50034,52
walking,50041,50034,50041,7
stepping,50051,50041,50051,10
grooming,50060,50051,50060,9
walking,50069,50060,50069,9
sniffing,50186,50069,50186,117
right_turning,50202,50186,50202,16
grooming,50594,50202,50594,392
sniffing,50622,50594,50622,28
rising,50664,50622,50664,42
climbing,50715,50664,50715,51
walking,50752,50715,50752,37
trotting,50778,50752,50778,26
stepping,50804,50778,50804,26
rising,50936,50804,50936,132
rearing,50964,50936,50964,28
grooming,51289,50964,51289,325
rearing,51290,51289,51290,1
sniffing,51291,51290,51291,1
walking,51327,51291,51327,36
stepping,51336,51327,51336,9
walking,51388,51336,51388,52
rising,51433,51388,51433,45
walking,51469,51433,51469,36
rising,51500,51469,51500,31
sniffing,51537,51500,51537,37
rising,51567,51537,51567,30
sniffing,51598,51567,51598,31
walking,51628,51598,51628,30
sniffing,51652,51628,51652,24
climbing,51762,51652,51762,110
rearing,51939,51762,51939,177
climbing,51983,51939,51983,44
rearing,52013,51983,52013,30
grooming,52300,52013,52300,287
sniffing,52365,52300,52365,65
rising,52452,52365,52452,87
climbing,52477,52452,52477,25
walking,52539,52477,52539,62
sniffing,52603,52539,52603,64
rearing,52685,52603,52685,82
grooming,52912,52685,52912,227
hunching,53055,52912,53055,143
rearing,53074,53055,53074,19
hunching,53102,53074,53102,28
stepping,53128,53102,53128,26
grooming,53209,53128,53209,81
rearing,53210,53209,53210,1
walking,53255,53210,53255,45
sniffing,53279,53255,53279,24
right_turning,53300,53279,53300,21
walking,53318,53300,53318,18
sniffing,53388,53318,53388,70
grooming,54101,53388,54101,713
right_turning,54107,54101,54107,6
trotting,54135,54107,54135,28
rising,54164,54135,54164,29
right_turning,54180,54164,54180,16
sniffing,54181,54180,54181,1
walking,54210,54181,54210,29
left_turning,54211,54210,54211,1
rearing,54221,54211,54221,10
left_turning,54224,54221,54224,3
trotting,54249,54224,54249,25
stepping,54250,54249,54250,1
right_turning,54285,54250,54285,35
walking,54286,54285,54286,1
sniffing,54345,54286,54345,59
stepping,54371,54345,54371,26
grooming,54533,54371,54533,162
sniffing,54534,54533,54534,1
stepping,54542,54534,54542,8
sniffing,54574,54542,54574,32
right_turning,54590,54574,54590,16
sniffing,54634,54590,54634,44
walking,54659,54634,54659,25
stepping,54670,54659,54670,11
walking,54692,54670,54692,22
sniffing,54933,54692,54933,241
walking,54938,54933,54938,5
sniffing,54939,54938,54939,1
walking,54984,54939,54984,45
climbing,55005,54984,55005,21
rearing,55092,55005,55092,87
grooming,55093,55092,55093,1
right_turning,55127,55093,55127,34
running,55164,55127,55164,37
walking,55176,55164,55176,12
stepping,55209,55176,55209,33
sniffing,55247,55209,55247,38
climbing,55293,55247,55293,46
rising,55294,55293,55294,1
grooming,55491,55294,55491,197
sniffing,55492,55491,55492,1
grooming,55523,55492,55523,31
walking,55541,55523,55541,18
running,55553,55541,55553,12
right_turning,55563,55553,55563,10
stepping,55578,55563,55578,15
sniffing,55588,55578,55588,10
right_turning,55617,55588,55617,29
sniffing,55622,55617,55622,5
walking,55678,55622,55678,56
rising,55703,55678,55703,25
grooming,55704,55703,55704,1
rearing,55742,55704,55742,38
grooming,55903,55742,55903,161
rearing,55942,55903,55942,39
jumping,55987,55942,55987,45
trotting,56002,55987,56002,15
stepping,56020,56002,56020,18
sniffing,56061,56020,56061,41
walking,56096,56061,56096,35
climbing,56170,56096,56170,74
rearing,56171,56170,56171,1
stepping,56209,56171,56209,38
sniffing,56230,56209,56230,21
grooming,56231,56230,56231,1
trotting,56240,56231,56240,9
stepping,56262,56240,56262,22
sniffing,56317,56262,56317,55
stepping,56362,56317,56362,45
rising,56375,56362,56375,13
grooming,56561,56375,56561,186
stepping,56565,56561,56565,4
sniffing,56566,56565,56566,1
stepping,56574,56566,56574,8
walking,56663,56574,56663,89
right_turning,56664,56663,56664,1
rising,56707,56664,56707,43
grooming,56783,56707,56783,76
walking,56807,56783,56807,24
sniffing,56881,56807,56881,74
left_turning,56882,56881,56882,1
sniffing,56883,56882,56883,1
left_turning,56906,56883,56906,23
sniffing,56963,56906,56963,57
stepping,57029,56963,57029,66
walking,57064,57029,57064,35
stepping,57133,57064,57133,69
sniffing,57145,57133,57145,12
rearing,57347,57145,57347,202
grooming,57527,57347,57527,180
hunching,57600,57527,57600,73
grooming,57601,57600,57601,1
rearing,57653,57601,57653,52
grooming,57654,57653,57654,1
rearing,57790,57654,57790,136
climbing,57861,57790,57861,71
rising,57879,57861,57879,18
climbing,57901,57879,57901,22
grooming,58269,57901,58269,368
stepping,58347,58269,58347,78
sniffing,58421,58347,58421,74
walking,58429,58421,58429,8
rising,58480,58429,58480,51
grooming,59804,58480,59804,1324
rearing,59922,59804,59922,118
stepping,59998,59922,59998,76
sniffing,59999,59998,59999,1
rising,60052,59999,60052,53
climbing,60081,60052,60081,29
grooming,60082,60081,60082,1
sniffing,60120,60082,60120,38
right_turning,60126,60120,60126,6
sniffing,60343,60126,60343,217
stepping,60378,60343,60378,35
sniffing,60401,60378,60401,23
climbing,60441,60401,60441,40
left_turning,60472,60441,60472,31
sniffing,60477,60472,60477,5
rising,60478,60477,60478,1
grooming,60479,60478,60479,1
rising,60480,60479,60480,1
stepping,60481,60480,60481,1
climbing,60522,60481,60522,41
grooming,60729,60522,60729,207
sniffing,60734,60729,60734,5
walking,60740,60734,60740,6
sniffing,60782,60740,60782,42
grooming,60862,60782,60862,80
sniffing,60969,60862,60969,107
walking,60970,60969,60970,1
sniffing,61069,60970,61069,99
stepping,61083,61069,61083,14
sniffing,61142,61083,61142,59
grooming,61390,61142,61390,248
rearing,61440,61390,61440,50
climbing,61486,61440,61486,46
walking,61537,61486,61537,51
rising,61605,61537,61605,68
sniffing,61606,61605,61606,1
right_turning,61626,61606,61626,20
trotting,61632,61626,61632,6
sniffing,61694,61632,61694,62
left_turning,61730,61694,61730,36
walking,61731,61730,61731,1
trotting,61764,61731,61764,33
sniffing,61890,61764,61890,126
stepping,61927,61890,61927,37
sniffing,61981,61927,61981,54
grooming,62085,61981,62085,104
sniffing,62194,62085,62194,109
left_turning,62210,62194,62210,16
rising,62239,62210,62239,29
climbing,62247,62239,62247,8
sniffing,62346,62247,62346,99
grooming,62373,62346,62373,27
hunching,62385,62373,62385,12
grooming,62561,62385,62561,176
sniffing,62620,62561,62620,59
right_turning,62641,62620,62641,21
walking,62642,62641,62642,1
sniffing,62648,62642,62648,6
stepping,62676,62648,62676,28
sniffing,62740,62676,62740,64
trotting,62782,62740,62782,42
rearing,62817,62782,62817,35
hunching,62892,62817,62892,75
grooming,62995,62892,62995,103
rearing,63005,62995,63005,10
rising,63100,63005,63100,95
rearing,63111,63100,63111,11
climbing,63137,63111,63137,26
grooming,63138,63137,63138,1
left_turning,63193,63138,63193,55
grooming,63243,63193,63243,50
rising,63279,63243,63279,36
sniffing,63341,63279,63341,62
stepping,63413,63341,63413,72
rising,63414,63413,63414,1
stepping,63426,63414,63426,12
grooming,63565,63426,63565,139
walking,63620,63565,63620,55
stepping,63664,63620,63664,44
rearing,63741,63664,63741,77
rising,63742,63741,63742,1
grooming,63839,63742,63839,97
rearing,63845,63839,63845,6
grooming,63939,63845,63939,94
scratching,64049,63939,64049,110
grooming,64547,64049,64547,498
sniffing,64548,64547,64548,1
stepping,64566,64548,64566,18
sniffing,64578,64566,64578,12
rising,64579,64578,64579,1
stepping,64605,64579,64605,26
left_turning,64647,64605,64647,42
grooming,64665,64647,64665,18
sniffing,64691,64665,64691,26
stepping,64701,64691,64701,10
sniffing,64790,64701,64790,89
stepping,64828,64790,64828,38
rearing,64859,64828,64859,31
stepping,64905,64859,64905,46
sniffing,64941,64905,64941,36
grooming,64970,64941,64970,29
sniffing,64979,64970,64979,9
right_turning,64994,64979,64994,15
stepping,65022,64994,65022,28
climbing,65035,65022,65035,13
walking,65079,65035,65079,44
sniffing,65141,65079,65141,62
running,65153,65141,65153,12
walking,65180,65153,65180,27
sniffing,65198,65180,65198,18
scratching,65199,65198,65199,1
grooming,65318,65199,65318,119
left_turning,65333,65318,65333,15
stepping,65334,65333,65334,1
sniffing,65410,65334,65410,76
stepping,65435,65410,65435,25
sniffing,65461,65435,65461,26
trotting,65479,65461,65479,18
walking,65485,65479,65485,6
sniffing,65536,65485,65536,51
walking,65548,65536,65548,12
stepping,65591,65548,65591,43
climbing,65672,65591,65672,81
right_turning,65678,65672,65678,6
sniffing,65737,65678,65737,59
left_turning,65738,65737,65738,1
trotting,65767,65738,65767,29
sniffing,65787,65767,65787,20
rising,65830,65787,65830,43
climbing,65831,65830,65831,1
grooming,66012,65831,66012,181
left_turning,66017,66012,66017,5
grooming,66018,66017,66018,1
sniffing,66019,66018,66019,1
left_turning,66050,66019,66050,31
walking,66051,66050,66051,1
sniffing,66160,66051,66160,109
grooming,66397,66160,66397,237
sniffing,66429,66397,66429,32
walking,66430,66429,66430,1
sniffing,66526,66430,66526,96
climbing,66556,66526,66556,30
rearing,66557,66556,66557,1
rising,66558,66557,66558,1
climbing,66581,66558,66581,23
rising,66582,66581,66582,1
climbing,66623,66582,66623,41
right_turning,66624,66623,66624,1
climbing,66657,66624,66657,33
grooming,66802,66657,66802,145
stepping,66837,66802,66837,35
walking,66851,66837,66851,14
stepping,66877,66851,66877,26
sniffing,66947,66877,66947,70
stepping,66959,66947,66959,12
grooming,67182,66959,67182,223
rising,67244,67182,67244,62
rearing,67303,67244,67303,59
stepping,67375,67303,67375,72
walking,67407,67375,67407,32
stepping,67441,67407,67441,34
walking,67449,67441,67449,8
sniffing,67487,67449,67487,38
stepping,67521,67487,67521,34
sniffing,67611,67521,67611,90
walking,67612,67611,67612,1
running,67654,67612,67654,42
stepping,67678,67654,67678,24
sniffing,67679,67678,67679,1
rearing,67738,67679,67738,59
walking,67754,67738,67754,16
sniffing,67800,67754,67800,46
stepping,67801,67800,67801,1
sniffing,67803,67801,67803,2
walking,67830,67803,67830,27
stepping,67831,67830,67831,1
trotting,67877,67831,67877,46
stepping,67917,67877,67917,40
sniffing,67918,67917,67918,1
right_turning,67935,67918,67935,17
walking,67960,67935,67960,25
sniffing,68001,67960,68001,41
rising,68050,68001,68050,49
right_turning,68065,68050,68065,15
walking,68106,68065,68106,41
sniffing,68147,68106,68147,41
climbing,68209,68147,68209,62
walking,68216,68209,68216,7
trotting,68221,68216,68221,5
sniffing,68231,68221,68231,10
rising,68295,68231,68295,64
grooming,68296,68295,68296,1
rising,68298,68296,68298,2
sniffing,68488,68298,68488,190
rising,68489,68488,68489,1
grooming,68490,68489,68490,1
rising,68491,68490,68491,1
climbing,68520,68491,68520,29
rising,68613,68520,68613,93
rearing,68690,68613,68690,77
rising,68728,68690,68728,38
rearing,68739,68728,68739,11
grooming,69481,68739,69481,742
sniffing,69570,69481,69570,89
stepping,69583,69570,69583,13
sniffing,69644,69583,69644,61
right_turning,69658,69644,69658,14
rising,69828,69658,69828,170
left_turning,69854,69828,69854,26
sniffing,69997,69854,69997,143
right_turning,70022,69997,70022,25
walking,70054,70022,70054,32
stepping,70055,70054,70055,1
rising,70085,70055,70085,30
left_turning,70086,70085,70086,1
grooming,71068,70086,71068,982
rising,71125,71068,71125,57
climbing,71147,71125,71147,22
grooming,71342,71147,71342,195
rearing,71363,71342,71363,21
climbing,71440,71363,71440,77
stepping,71441,71440,71441,1
climbing,71467,71441,71467,26
walking,71494,71467,71494,27
climbing,71586,71494,71586,92
trotting,71614,71586,71614,28
rising,71668,71614,71668,54
climbing,71695,71668,71695,27
stepping,71708,71695,71708,13
sniffing,71709,71708,71709,1
right_turning,71737,71709,71737,28
grooming,71738,71737,71738,1
walking,71771,71738,71771,33
rearing,71864,71771,71864,93
grooming,71868,71864,71868,4
walking,71869,71868,71869,1
rising,71870,71869,71870,1
grooming,72015,71870,72015,145
stepping,72040,72015,72040,25
walking,72049,72040,72049,9
sniffing,72062,72049,72062,13
trotting,72101,72062,72101,39
walking,72137,72101,72137,36
stepping,72196,72137,72196,59
sniffing,72249,72196,72249,53
trotting,72272,72249,72272,23
sniffing,72341,72272,72341,69
walking,72348,72341,72348,7
stepping,72387,72348,72387,39
sniffing,72388,72387,72388,1
walking,72416,72388,72416,28
stepping,72457,72416,72457,41
rising,72477,72457,72477,20
climbing,72548,72477,72548,71
stepping,72567,72548,72567,19
sniffing,72743,72567,72743,176
left_turning,72745,72743,72745,2
stepping,72786,72745,72786,41
walking,72806,72786,72806,20
right_turning,72854,72806,72854,48
trotting,72866,72854,72866,12
walking,72875,72866,72875,9
climbing,72899,72875,72899,24
trotting,72930,72899,72930,31
sniffing,72950,72930,72950,20
walking,72996,72950,72996,46
sniffing,73057,72996,73057,61
stepping,73058,73057,73058,1
climbing,73093,73058,73093,35
grooming,73223,73093,73223,130
rearing,73368,73223,73368,145
climbing,73376,73368,73376,8
rising,73414,73376,73414,38
climbing,73489,73414,73489,75
stepping,73499,73489,73499,10
sniffing,73593,73499,73593,94
stepping,73621,73593,73621,28
sniffing,73628,73621,73628,7
rearing,73728,73628,73728,100
stepping,73755,73728,73755,27
right_turning,73790,73755,73790,35
trotting,73813,73790,73813,23
rising,73818,73813,73818,5
grooming,74620,73818,74620,802
walking,74664,74620,74664,44
sniffing,74711,74664,74711,47
walking,74743,74711,74743,32
left_turning,74778,74743,74778,35
walking,74808,74778,74808,30
sniffing,74879,74808,74879,71
running,74914,74879,74914,35
climbing,74932,74914,74932,18
left_turning,75069,74932,75069,137
sniffing,75094,75069,75094,25
right_turning,75133,75094,75133,39
climbing,75191,75133,75191,58
grooming,75192,75191,75192,1
rearing,75200,75192,75200,8
sniffing,75206,75200,75206,6
stepping,75235,75206,75235,29
sniffing,75264,75235,75264,29
left_turning,75314,75264,75314,50
grooming,75315,75314,75315,1
climbing,75336,75315,75336,21
walking,75357,75336,75357,21
sniffing,75358,75357,75358,1
left_turning,75376,75358,75376,18
walking,75400,75376,75400,24
trotting,75428,75400,75428,28
walking,75451,75428,75451,23
left_turning,75453,75451,75453,2
rearing,75472,75453,75472,19
grooming,75523,75472,75523,51
rising,75594,75523,75594,71
grooming,75599,75594,75599,5
rearing,75600,75599,75600,1
hunching,75613,75600,75613,13
grooming,75879,75613,75879,266
scratching,75950,75879,75950,71
grooming,76379,75950,76379,429
sniffing,76400,76379,76400,21
left_turning,76401,76400,76401,1
walking,76436,76401,76436,35
sniffing,76496,76436,76496,60
right_turning,76497,76496,76497,1
stepping,76553,76497,76553,56
rearing,76579,76553,76579,26
stepping,76602,76579,76602,23
sniffing,76632,76602,76632,30
left_turning,76877,76632,76877,245
walking,76911,76877,76911,34
climbing,76955,76911,76955,44
left_turning,77005,76955,77005,50
walking,77049,77005,77049,44
left_turning,77075,77049,77075,26
sniffing,77161,77075,77161,86
walking,77162,77161,77162,1
sniffing,77210,77162,77210,48
grooming,77211,77210,77211,1
sniffing,77270,77211,77270,59
right_turning,77296,77270,77296,26
sniffing,77311,77296,77311,15
rising,77355,77311,77355,44
climbing,77408,77355,77408,53
grooming,77409,77408,77409,1
rearing,77443,77409,77443,34
left_turning,77446,77443,77446,3
walking,77458,77446,77458,12
stepping,77494,77458,77494,36
sniffing,77495,77494,77495,1
walking,77505,77495,77505,10
trotting,77522,77505,77522,17
walking,77554,77522,77554,32
stepping,77592,77554,77592,38
climbing,77601,77592,77601,9
rearing,77602,77601,77602,1
hunching,77603,77602,77603,1
grooming,77604,77603,77604,1
rearing,77750,77604,77750,146
walking,77808,77750,77808,58
rearing,77835,77808,77835,27
grooming,77836,77835,77836,1
rearing,77852,77836,77852,16
grooming,78017,77852,78017,165
trotting,78039,78017,78039,22
sniffing,78046,78039,78046,7
grooming,78193,78046,78193,147
walking,78210,78193,78210,17
stepping,78224,78210,78224,14
grooming,78225,78224,78225,1
sniffing,78398,78225,78398,173
trotting,78435,78398,78435,37
walking,78476,78435,78476,41
sniffing,78558,78476,78558,82
walking,78559,78558,78559,1
stepping,78602,78559,78602,43
walking,78614,78602,78614,12
sniffing,78615,78614,78615,1
left_turning,78645,78615,78645,30
hunching,78657,78645,78657,12
rearing,78713,78657,78713,56
walking,78727,78713,78727,14
trotting,78751,78727,78751,24
right_turning,78765,78751,78765,14
walking,78769,78765,78769,4
sniffing,78791,78769,78791,22
left_turning,78830,78791,78830,39
rising,78857,78830,78857,27
stepping,78910,78857,78910,53
rising,78911,78910,78911,1
climbing,78976,78911,78976,65
right_turning,79032,78976,79032,56
walking,79033,79032,79033,1
sniffing,79056,79033,79056,23
rising,79119,79056,79119,63
climbing,79151,79119,79151,32
left_turning,79236,79151,79236,85
stepping,79272,79236,79272,36
walking,79284,79272,79284,12
rearing,79356,79284,79356,72
grooming,79357,79356,79357,1
sniffing,79482,79357,79482,125
walking,79504,79482,79504,22
stepping,79505,79504,79505,1
walking,79526,79505,79526,21
trotting,79560,79526,79560,34
left_turning,79621,79560,79621,61
rising,79622,79621,79622,1
rearing,79679,79622,79679,57
stepping,79716,79679,79716,37
sniffing,79788,79716,79788,72
walking,79795,79788,79795,7
sniffing,79829,79795,79829,34
walking,79839,79829,79839,10
trotting,79855,79839,79855,16
sniffing,79894,79855,79894,39
right_turning,79902,79894,79902,8
rearing,79963,79902,79963,61
stepping,79996,79963,79996,33
sniffing,80012,79996,80012,16
stepping,80063,80012,80063,51
sniffing,80100,80063,80100,37
walking,80112,80100,80112,12
climbing,80145,80112,80145,33
rising,80171,80145,80171,26
climbing,80229,80171,80229,58
running,80260,80229,80260,31
sniffing,80285,80260,80285,25
climbing,80372,80285,80372,87
walking,80386,80372,80386,14
sniffing,80410,80386,80410,24
hunching,80433,80410,80433,23
grooming,80698,80433,80698,265
sniffing,80791,80698,80791,93
rising,80794,80791,80794,3
climbing,80824,80794,80824,30
trotting,80857,80824,80857,33
rising,80869,80857,80869,12
grooming,80870,80869,80870,1
sniffing,80883,80870,80883,13
stepping,80892,80883,80892,9
sniffing,80944,80892,80944,52
left_turning,80956,80944,80956,12
walking,80981,80956,80981,25
sniffing,81012,80981,81012,31
grooming,81091,81012,81091,79
rearing,81246,81091,81246,155
climbing,81297,81246,81297,51
grooming,81563,81297,81563,266
hunching,81564,81563,81564,1
rising,81588,81564,81588,24
grooming,81901,81588,81901,313
sniffing,81906,81901,81906,5
right_turning,81909,81906,81909,3
walking,81931,81909,81931,22
sniffing,81939,81931,81939,8
left_turning,81940,81939,81940,1
climbing,81955,81940,81955,15
walking,81976,81955,81976,21
rising,81995,81976,81995,19
rearing,82031,81995,82031,36
sniffing,82050,82031,82050,19
grooming,82309,82050,82309,259
rearing,82428,82309,82428,119
right_turning,82446,82428,82446,18
stepping,82470,82446,82470,24
climbing,82484,82470,82484,14
right_turning,82504,82484,82504,20
walking,82581,82504,82581,77
trotting,82612,82581,82612,31
stepping,82666,82612,82666,54
grooming,82779,82666,82779,113
rearing,82846,82779,82846,67
sniffing,82847,82846,82847,1
rising,82883,82847,82883,36
rearing,82947,82883,82947,64
stepping,82993,82947,82993,46
walking,83020,82993,83020,27
stepping,83053,83020,83053,33
sniffing,83117,83053,83117,64
stepping,83126,83117,83126,9
sniffing,83212,83126,83212,86
rising,83250,83212,83250,38
trotting,83280,83250,83280,30
sniffing,83310,83280,83310,30
rising,83334,83310,83334,24
sniffing,83374,83334,83374,40
hunching,83474,83374,83474,100
grooming,83475,83474,83475,1
left_turning,83490,83475,83490,15
stepping,83562,83490,83562,72
sniffing,83590,83562,83590,28
walking,83604,83590,83604,14
stepping,83656,83604,83656,52
rising,83657,83656,83657,1
walking,83677,83657,83677,20
climbing,83722,83677,83722,45
rearing,83748,83722,83748,26
rising,83749,83748,83749,1
stepping,83767,83749,83767,18
rearing,83817,83767,83817,50
stepping,83826,83817,83826,9
grooming,83935,83826,83935,109
sniffing,84010,83935,84010,75
grooming,84200,84010,84200,190
trotting,84203,84200,84203,3
walking,84228,84203,84228,25
stepping,84238,84228,84238,10
sniffing,84239,84238,84239,1
stepping,84291,84239,84291,52
right_turning,84299,84291,84299,8
walking,84323,84299,84323,24
stepping,84324,84323,84324,1
walking,84355,84324,84355,31
sniffing,84381,84355,84381,26
grooming,84382,84381,84382,1
rising,84423,84382,84423,41
sniffing,84470,84423,84470,47
climbing,84512,84470,84512,42
grooming,84758,84512,84758,246
climbing,84779,84758,84779,21
rearing,84935,84779,84935,156
rising,84936,84935,84936,1
rearing,85012,84936,85012,76
sniffing,85039,85012,85039,27
right_turning,85048,85039,85048,9
stepping,85050,85048,85050,2
walking,85059,85050,85059,9
sniffing,85108,85059,85108,49
grooming,85109,85108,85109,1
sniffing,85133,85109,85133,24
left_turning,85134,85133,85134,1
rearing,85169,85134,85169,35
rising,85213,85169,85213,44
grooming,85400,85213,85400,187
stepping,85420,85400,85420,20
sniffing,85434,85420,85434,14
walking,85508,85434,85508,74
running,85538,85508,85538,30
walking,85539,85538,85539,1
sniffing,85540,85539,85540,1
climbing,85551,85540,85551,11
rearing,85565,85551,85565,14
grooming,85892,85565,85892,327
sniffing,85911,85892,85911,19
stepping,85926,85911,85926,15
trotting,85949,85926,85949,23
grooming,86009,85949,86009,60
climbing,86060,86009,86060,51
walking,86094,86060,86094,34
climbing,86129,86094,86129,35
rearing,86191,86129,86191,62
climbing,86244,86191,86244,53
rearing,86306,86244,86306,62
grooming,86663,86306,86663,357
hunching,86701,86663,86701,38
walking,86737,86701,86737,36
sniffing,86738,86737,86738,1
stepping,86795,86738,86795,57
sniffing,86831,86795,86831,36
grooming,86832,86831,86832,1
sniffing,86833,86832,86833,1
rising,86854,86833,86854,21
sniffing,86901,86854,86901,47
scratching,87014,86901,87014,113
sniffing,87078,87014,87078,64
rising,87109,87078,87109,31
sniffing,87152,87109,87152,43
stepping,87162,87152,87162,10
walking,87195,87162,87195,33
sniffing,87278,87195,87278,83
walking,87296,87278,87296,18
climbing,87369,87296,87369,73
right_turning,87404,87369,87404,35
sniffing,87459,87404,87459,55
walking,87460,87459,87460,1
sniffing,87461,87460,87461,1
right_turning,87473,87461,87473,12
sniffing,87474,87473,87474,1
rising,87480,87474,87480,6
trotting,87494,87480,87494,14
climbing,87525,87494,87525,31
walking,87560,87525,87560,35
sniffing,87567,87560,87567,7
left_turning,87578,87567,87578,11
rising,87623,87578,87623,45
rearing,87624,87623,87624,1
hunching,87688,87624,87688,64
rising,87742,87688,87742,54
stepping,87767,87742,87767,25
walking,87788,87767,87788,21
stepping,87889,87788,87889,101
rising,87922,87889,87922,33
sniffing,87992,87922,87992,70
left_turning,88020,87992,88020,28
walking,88031,88020,88031,11
stepping,88069,88031,88069,38
sniffing,88152,88069,88152,83
walking,88206,88152,88206,54
climbing,88257,88206,88257,51
rearing,88325,88257,88325,68
trotting,88353,88325,88353,28
sniffing,88364,88353,88364,11
walking,88392,88364,88392,28
trotting,88394,88392,88394,2
walking,88427,88394,88427,33
rearing,88428,88427,88428,1
stepping,88432,88428,88432,4
climbing,88505,88432,88505,73
left_turning,88513,88505,88513,8
walking,88567,88513,88567,54
sniffing,88568,88567,88568,1
stepping,88587,88568,88587,19
sniffing,88640,88587,88640,53
grooming,88641,88640,88641,1
rearing,88793,88641,88793,152
grooming,88827,88793,88827,34
rearing,88941,88827,88941,114
running,88959,88941,88959,18
walking,88970,88959,88970,11
sniffing,89003,88970,89003,33
stepping,89004,89003,89004,1
rising,89042,89004,89042,38
stepping,89043,89042,89043,1
rising,89044,89043,89044,1
stepping,89080,89044,89080,36
grooming,89314,89080,89314,234
rearing,89320,89314,89320,6
sniffing,89364,89320,89364,44
walking,89415,89364,89415,51
sniffing,89416,89415,89416,1
rising,89439,89416,89439,23
stepping,89473,89439,89473,34
sniffing,89474,89473,89474,1
walking,89475,89474,89475,1
climbing,89530,89475,89530,55
walking,89550,89530,89550,20
sniffing,89564,89550,89564,14
walking,89565,89564,89565,1
sniffing,89632,89565,89632,67
running,89649,89632,89649,17
walking,89679,89649,89679,30
stepping,89691,89679,89691,12
walking,89708,89691,89708,17
sniffing,89746,89708,89746,38
rising,89773,89746,89773,27
left_turning,89815,89773,89815,42
walking,89834,89815,89834,19
sniffing,89855,89834,89855,21
grooming,90061,89855,90061,206
hunching,90136,90061,90136,75
grooming,90185,90136,90185,49
sniffing,90186,90185,90186,1
stepping,90187,90186,90187,1
sniffing,90293,90187,90293,106
left_turning,90332,90293,90332,39
rising,90360,90332,90360,28
sniffing,90404,90360,90404,44
stepping,90405,90404,90405,1
sniffing,90570,90405,90570,165
grooming,90618,90570,90618,48
rearing,90619,90618,90619,1
hunching,90620,90619,90620,1
grooming,90640,90620,90640,20
climbing,90659,90640,90659,19
rearing,90712,90659,90712,53
sniffing,90744,90712,90744,32
rising,90791,90744,90791,47
sniffing,90826,90791,90826,35
grooming,90885,90826,90885,59
rearing,91029,90885,91029,144
grooming,91299,91029,91299,270
climbing,91403,91299,91403,104
walking,91463,91403,91463,60
trotting,91497,91463,91497,34
running,91529,91497,91529,32
stepping,91530,91529,91530,1
walking,91543,91530,91543,13
stepping,91584,91543,91584,41
rearing,91624,91584,91624,40
grooming,91632,91624,91632,8
rearing,91696,91632,91696,64
climbing,91726,91696,91726,30
grooming,91727,91726,91727,1
jumping,91728,91727,91728,1
walking,91772,91728,91772,44
stepping,91813,91772,91813,41
rising,91814,91813,91814,1
grooming,91815,91814,91815,1
walking,91844,91815,91844,29
sniffing,91904,91844,91904,60
stepping,91933,91904,91933,29
rearing,91934,91933,91934,1
climbing,91988,91934,91988,54
trotting,91993,91988,91993,5
stepping,92021,91993,92021,28
sniffing,92066,92021,92066,45
stepping,92075,92066,92075,9
walking,92125,92075,92125,50
sniffing,92141,92125,92141,16
grooming,92186,92141,92186,45
climbing,92232,92186,92232,46
grooming,92367,92232,92367,135
left_turning,92427,92367,92427,60
sniffing,92440,92427,92440,13
stepping,92461,92440,92461,21
sniffing,92506,92461,92506,45
trotting,92522,92506,92522,16
sniffing,92590,92522,92590,68
stepping,92651,92590,92651,61
sniffing,92691,92651,92691,40
climbing,92750,92691,92750,59
stepping,92777,92750,92777,27
climbing,92893,92777,92893,116
walking,92924,92893,92924,31
grooming,93383,92924,93383,459
rearing,93412,93383,93412,29
climbing,93417,93412,93417,5
rising,93446,93417,93446,29
sniffing,93520,93446,93520,74
rising,93529,93520,93529,9
climbing,93567,93529,93567,38
grooming,93670,93567,93670,103
sniffing,93722,93670,93722,52
rising,93785,93722,93785,63
sniffing,93786,93785,93786,1
rising,93789,93786,93789,3
grooming,93920,93789,93920,131
rearing,93921,93920,93921,1
walking,93940,93921,93940,19
grooming,94031,93940,94031,91
rearing,94032,94031,94032,1
climbing,94067,94032,94067,35
rising,94114,94067,94114,47
sniffing,94144,94114,94144,30
trotting,94166,94144,94166,22
sniffing,94231,94166,94231,65
climbing,94276,94231,94276,45
rearing,94277,94276,94277,1
left_turning,94326,94277,94326,49
rearing,94341,94326,94341,15
climbing,94380,94341,94380,39
rearing,94573,94380,94573,193
grooming,94726,94573,94726,153
climbing,94727,94726,94727,1
rearing,94787,94727,94787,60
grooming,94788,94787,94788,1
sniffing,94789,94788,94789,1
left_turning,94815,94789,94815,26
sniffing,94816,94815,94816,1
walking,94841,94816,94841,25
rising,94869,94841,94869,28
left_turning,94893,94869,94893,24
trotting,94909,94893,94909,16
walking,94947,94909,94947,38
stepping,94969,94947,94969,22
running,94997,94969,94997,28
rearing,95048,94997,95048,51
grooming,95049,95048,95049,1
rearing,95150,95049,95150,101
climbing,95237,95150,95237,87
grooming,95357,95237,95357,120
hunching,95392,95357,95392,35
rising,95613,95392,95613,221
grooming,95614,95613,95614,1
walking,95648,95614,95648,34
stepping,95699,95648,95699,51
walking,95711,95699,95711,12
stepping,95740,95711,95740,29
rising,95771,95740,95771,31
rearing,95818,95771,95818,47
grooming,95845,95818,95845,27
hunching,95933,95845,95933,88
grooming,95970,95933,95970,37
rearing,95997,95970,95997,27
grooming,96301,95997,96301,304
rearing,96472,96301,96472,171
stepping,96518,96472,96518,46
walking,96564,96518,96564,46
rising,96569,96564,96569,5
sniffing,96661,96569,96661,92
left_turning,96688,96661,96688,27
walking,96711,96688,96711,23
stepping,96775,96711,96775,64
rising,96819,96775,96819,44
rearing,96917,96819,96917,98
trotting,96918,96917,96918,1
sniffing,96977,96918,96977,59
walking,97007,96977,97007,30
sniffing,97008,97007,97008,1
walking,97042,97008,97042,34
trotting,97053,97042,97053,11
sniffing,97139,97053,97139,86
left_turning,97143,97139,97143,4
walking,97152,97143,97152,9
sniffing,97170,97152,97170,18
pausing,97202,97170,97202,32
sniffing,97220,97202,97220,18
walking,97251,97220,97251,31
sniffing,97293,97251,97293,42
grooming,97338,97293,97338,45
climbing,97347,97338,97347,9
running,97359,97347,97359,12
trotting,97384,97359,97384,25
stepping,97404,97384,97404,20
sniffing,97405,97404,97405,1
walking,97449,97405,97449,44
sniffing,97502,97449,97502,53
stepping,97577,97502,97577,75
rearing,97663,97577,97663,86
sniffing,97700,97663,97700,37
right_turning,97713,97700,97713,13
walking,97742,97713,97742,29
sniffing,97801,97742,97801,59
left_turning,97810,97801,97810,9
grooming,97819,97810,97819,9
rearing,97841,97819,97841,22
climbing,97887,97841,97887,46
rearing,97923,97887,97923,36
rising,98115,97923,98115,192
climbing,98116,98115,98116,1
rearing,98202,98116,98202,86
walking,98257,98202,98257,55
sniffing,98264,98257,98264,7
trotting,98291,98264,98291,27
walking,98298,98291,98298,7
sniffing,98333,98298,98333,35
rising,98376,98333,98376,43
climbing,98412,98376,98412,36
left_turning,98493,98412,98493,81
walking,98551,98493,98551,58
grooming,98684,98551,98684,133
climbing,98721,98684,98721,37
grooming,98722,98721,98722,1
rearing,98748,98722,98748,26
rising,98760,98748,98760,12
grooming,98884,98760,98884,124
rearing,98943,98884,98943,59
grooming,98944,98943,98944,1
climbing,98999,98944,98999,55
grooming,99000,98999,99000,1
hunching,99002,99000,99002,2
rearing,99232,99002,99232,230
rising,99267,99232,99267,35
grooming,99482,99267,99482,215
rearing,99586,99482,99586,104
grooming,100097,99586,100097,511
walking,100145,100097,100145,48
sniffing,100153,100145,100153,8
grooming,100267,100153,100267,114
sniffing,100352,100267,100352,85
rearing,100387,100352,100387,35
grooming,100388,100387,100388,1
left_turning,100440,100388,100440,52
stepping,100476,100440,100476,36
walking,100503,100476,100503,27
trotting,100504,100503,100504,1
walking,100507,100504,100507,3
climbing,100520,100507,100520,13
left_turning,100541,100520,100541,21
stepping,100542,100541,100542,1
left_turning,100581,100542,100581,39
walking,100670,100581,100670,89
sniffing,100671,100670,100671,1
left_turning,100672,100671,100672,1
walking,100682,100672,100682,10
stepping,100723,100682,100723,41
trotting,100755,100723,100755,32
walking,100774,100755,100774,19
sniffing,100784,100774,100784,10
rising,100884,100784,100884,100
rearing,100929,100884,100929,45
rising,100966,100929,100966,37
rearing,101036,100966,101036,70
grooming,101037,101036,101037,1
rearing,101070,101037,101070,33
grooming,101166,101070,101166,96
hunching,101216,101166,101216,50
left_turning,101217,101216,101217,1
grooming,101218,101217,101218,1
left_turning,101389,101218,101389,171
climbing,101411,101389,101411,22
walking,101459,101411,101459,48
sniffing,101471,101459,101471,12
right_turning,101504,101471,101504,33
sniffing,101538,101504,101538,34
grooming,101627,101538,101627,89
rearing,101637,101627,101637,10
hunching,101638,101637,101638,1
grooming,101666,101638,101666,28
left_turning,101691,101666,101691,25
sniffing,101692,101691,101692,1
rearing,101739,101692,101739,47
grooming,101769,101739,101769,30
sniffing,101850,101769,101850,81
rearing,101891,101850,101891,41
grooming,102049,101891,102049,158
rising,102086,102049,102086,37
rearing,102087,102086,102087,1
grooming,102088,102087,102088,1
sniffing,102102,102088,102102,14
rising,102196,102102,102196,94
hunching,102197,102196,102197,1
rearing,102297,102197,102297,100
grooming,102520,102297,102520,223
rearing,102619,102520,102619,99
grooming,102620,102619,102620,1
hunching,102729,102620,102729,109
rearing,102730,102729,102730,1
grooming,102731,102730,102731,1
walking,102782,102731,102782,51
sniffing,102913,102782,102913,131
grooming,102914,102913,102914,1
rising,102922,102914,102922,8
grooming,103127,102922,103127,205
sniffing,103302,103127,103302,175
left_turning,103326,103302,103326,24
grooming,103327,103326,103327,1
sniffing,103371,103327,103371,44
left_turning,103372,103371,103372,1
rearing,103435,103372,103435,63
grooming,103537,103435,103537,102
sniffing,103538,103537,103538,1
rising,103539,103538,103539,1
walking,103565,103539,103565,26
sniffing,103643,103565,103643,78
walking,103649,103643,103649,6
sniffing,103713,103649,103713,64
grooming,104147,103713,104147,434
sniffing,104212,104147,104212,65
stepping,104241,104212,104241,29
sniffing,104338,104241,104338,97
left_turning,104339,104338,104339,1
sniffing,104341,104339,104341,2
walking,104355,104341,104355,14
rising,104403,104355,104403,48
climbing,104442,104403,104442,39
hunching,104443,104442,104443,1
grooming,104444,104443,104444,1
stepping,104497,104444,104497,53
sniffing,104597,104497,104597,100
stepping,104658,104597,104658,61
sniffing,104691,104658,104691,33
stepping,104789,104691,104789,98
grooming,104816,104789,104816,27
rearing,104895,104816,104895,79
left_turning,104959,104895,104959,64
walking,104965,104959,104965,6
sniffing,104966,104965,104966,1
grooming,105139,104966,105139,173
rising,105140,105139,105140,1
climbing,105163,105140,105163,23
walking,105236,105163,105236,73
stepping,105237,105236,105237,1
walking,105269,105237,105269,32
sniffing,105296,105269,105296,27
rising,105297,105296,105297,1
sniffing,105336,105297,105336,39
left_turning,105389,105336,105389,53
walking,105393,105389,105393,4
rearing,105458,105393,105458,65
hunching,105522,105458,105522,64
grooming,105613,105522,105613,91
rearing,105662,105613,105662,49
climbing,105741,105662,105741,79
rising,105782,105741,105782,41
grooming,105783,105782,105783,1
rearing,105858,105783,105858,75
grooming,105862,105858,105862,4
sniffing,105912,105862,105912,50
stepping,105956,105912,105956,44
sniffing,106019,105956,106019,63
running,106050,106019,106050,31
walking,106078,106050,106078,28
trotting,106093,106078,106093,15
climbing,106147,106093,106147,54
grooming,106199,106147,106199,52
sniffing,106360,106199,106360,161
grooming,106361,106360,106361,1
rising,106370,106361,106370,9
climbing,106381,106370,106381,11
walking,106404,106381,106404,23
sniffing,106435,106404,106435,31
trotting,106448,106435,106448,13
walking,106477,106448,106477,29
stepping,106497,106477,106497,20
left_turning,106544,106497,106544,47
sniffing,106601,106544,106601,57
left_turning,106669,106601,106669,68
walking,106670,106669,106670,1
stepping,106713,106670,106713,43
walking,106726,106713,106726,13
stepping,106727,106726,106727,1
sniffing,106728,106727,106728,1
walking,106781,106728,106781,53
stepping,106803,106781,106803,22
rising,106819,106803,106819,16
sniffing,106846,106819,106846,27
trotting,106858,106846,106858,12
sniffing,106862,106858,106862,4
walking,106876,106862,106876,14
stepping,106882,106876,106882,6
sniffing,106916,106882,106916,34
stepping,106936,106916,106936,20
sniffing,106937,106936,106937,1
rising,106975,106937,106975,38
rearing,107015,106975,107015,40
sniffing,107123,107015,107123,108
rising,107146,107123,107146,23
climbing,107160,107146,107160,14
right_turning,107218,107160,107218,58
left_turning,107224,107218,107224,6
stepping,107225,107224,107225,1
sniffing,107278,107225,107278,53
left_turning,107349,107278,107349,71
sniffing,107393,107349,107393,44
rearing,107460,107393,107460,67
running,107471,107460,107471,11
walking,107524,107471,107524,53
stepping,107561,107524,107561,37
sniffing,107655,107561,107655,94
walking,107679,107655,107679,24
sniffing,107739,107679,107739,60
walking,107795,107739,107795,56
sniffing,107796,107795,107796,1
rising,107797,107796,107797,1
hunching,107904,107797,107904,107
rearing,108000,107904,108000,96
