revised_movement_label,segBoundary,segBoundary_start,segBoundary_end,length
sniffing,1,0,1,1
rising,39,1,39,38
stepping,51,39,51,12
walking,92,51,92,41
sniffing,108,92,108,16
walking,173,108,173,65
rising,174,173,174,1
grooming,283,174,283,109
scratching,338,283,338,55
grooming,339,338,339,1
rising,342,339,342,3
left_turning,395,342,395,53
sniffing,396,395,396,1
rising,397,396,397,1
grooming,429,397,429,32
running,443,429,443,14
walking,465,443,465,22
rising,495,465,495,30
sniffing,496,495,496,1
left_turning,505,496,505,9
rearing,602,505,602,97
sniffing,635,602,635,33
walking,669,635,669,34
trotting,685,669,685,16
rising,710,685,710,25
climbing,734,710,734,24
sniffing,799,734,799,65
stepping,812,799,812,13
walking,827,812,827,15
rising,851,827,851,24
sniffing,894,851,894,43
rising,898,894,898,4
sniffing,966,898,966,68
stepping,1021,966,1021,55
rising,1091,1021,1091,70
right_turning,1109,1091,1109,18
walking,1141,1109,1141,32
sniffing,1142,1141,1142,1
hunching,1208,1142,1208,66
rising,1209,1208,1209,1
grooming,1210,1209,1210,1
rearing,1216,1210,1216,6
grooming,1302,1216,1302,86
sniffing,1387,1302,1387,85
walking,1399,1387,1399,12
running,1406,1399,1406,7
walking,1430,1406,1430,24
stepping,1479,1430,1479,49
sniffing,1480,1479,1480,1
walking,1481,1480,1481,1
running,1499,1481,1499,18
walking,1585,1499,1585,86
trotting,1605,1585,1605,20
walking,1641,1605,1641,36
sniffing,1673,1641,1673,32
grooming,1674,1673,1674,1
sniffing,1675,1674,1675,1
grooming,1676,1675,1676,1
walking,1690,1676,1690,14
stepping,1691,1690,1691,1
rising,1692,1691,1692,1
stepping,1749,1692,1749,57
left_turning,1782,1749,1782,33
sniffing,1876,1782,1876,94
walking,1896,1876,1896,20
rising,2108,1896,2108,212
sniffing,2147,2108,2147,39
rising,2228,2147,2228,81
sniffing,2250,2228,2250,22
stepping,2268,2250,2268,18
rising,2269,2268,2269,1
climbing,2325,2269,2325,56
grooming,2614,2325,2614,289
left_turning,2668,2614,2668,54
sniffing,2695,2668,2695,27
rising,2696,2695,2696,1
rearing,2752,2696,2752,56
sniffing,2828,2752,2828,76
grooming,3003,2828,3003,175
hunching,3084,3003,3084,81
rearing,3138,3084,3138,54
sniffing,3153,3138,3153,15
grooming,3154,3153,3154,1
hunching,3420,3154,3420,266
grooming,3603,3420,3603,183
right_turning,3641,3603,3641,38
trotting,3655,3641,3655,14
running,3663,3655,3663,8
sniffing,3765,3663,3765,102
rising,3820,3765,3820,55
rearing,3902,3820,3902,82
rising,3903,3902,3903,1
sniffing,3904,3903,3904,1
walking,3964,3904,3964,60
stepping,3990,3964,3990,26
sniffing,4081,3990,4081,91
rising,4082,4081,4082,1
sniffing,4141,4082,4141,59
rising,4236,4141,4236,95
left_turning,4239,4236,4239,3
sniffing,4263,4239,4263,24
rising,4314,4263,4314,51
rearing,4390,4314,4390,76
grooming,4401,4390,4401,11
climbing,4429,4401,4429,28
grooming,4453,4429,4453,24
hunching,4587,4453,4587,134
grooming,4628,4587,4628,41
walking,4709,4628,4709,81
stepping,4726,4709,4726,17
trotting,4775,4726,4775,49
rising,4795,4775,4795,20
walking,4808,4795,4808,13
stepping,4810,4808,4810,2
sniffing,4896,4810,4896,86
right_turning,4929,4896,4929,33
trotting,4946,4929,4946,17
stepping,4986,4946,4986,40
rising,4999,4986,4999,13
trotting,5043,4999,5043,44
walking,5068,5043,5068,25
rising,5076,5068,5076,8
rearing,5245,5076,5245,169
grooming,5377,5245,5377,132
walking,5452,5377,5452,75
sniffing,5493,5452,5493,41
walking,5537,5493,5537,44
rearing,5581,5537,5581,44
grooming,5602,5581,5602,21
left_turning,5648,5602,5648,46
running,5673,5648,5673,25
sniffing,5716,5673,5716,43
hunching,5821,5716,5821,105
grooming,5900,5821,5900,79
walking,5935,5900,5935,35
grooming,6015,5935,6015,80
hunching,6077,6015,6077,62
left_turning,6126,6077,6126,49
rising,6171,6126,6171,45
sniffing,6172,6171,6172,1
trotting,6212,6172,6212,40
running,6244,6212,6244,32
rising,6251,6244,6251,7
walking,6267,6251,6267,16
sniffing,6349,6267,6349,82
walking,6400,6349,6400,51
stepping,6438,6400,6438,38
sniffing,6439,6438,6439,1
rising,6458,6439,6458,19
sniffing,6518,6458,6518,60
left_turning,6522,6518,6522,4
trotting,6524,6522,6524,2
walking,6573,6524,6573,49
sniffing,6602,6573,6602,29
walking,6674,6602,6674,72
stepping,6694,6674,6694,20
sniffing,6749,6694,6749,55
stepping,6762,6749,6762,13
walking,6848,6762,6848,86
stepping,6868,6848,6868,20
sniffing,6959,6868,6959,91
scratching,6960,6959,6960,1
sniffing,7033,6960,7033,73
walking,7072,7033,7072,39
trotting,7085,7072,7085,13
walking,7123,7085,7123,38
stepping,7142,7123,7142,19
right_turning,7143,7142,7143,1
trotting,7167,7143,7167,24
stepping,7197,7167,7197,30
walking,7198,7197,7198,1
rising,7245,7198,7245,47
grooming,7246,7245,7246,1
hunching,7331,7246,7331,85
rearing,7519,7331,7519,188
walking,7542,7519,7542,23
sniffing,7571,7542,7571,29
rising,7642,7571,7642,71
sniffing,7676,7642,7676,34
rising,7694,7676,7694,18
walking,7699,7694,7699,5
rising,7725,7699,7725,26
sniffing,7731,7725,7731,6
rising,7732,7731,7732,1
grooming,7789,7732,7789,57
left_turning,7815,7789,7815,26
trotting,7876,7815,7876,61
stepping,7916,7876,7916,40
left_turning,7985,7916,7985,69
running,8026,7985,8026,41
stepping,8063,8026,8063,37
walking,8096,8063,8096,33
stepping,8100,8096,8100,4
rising,8135,8100,8135,35
rearing,8251,8135,8251,116
rising,8396,8251,8396,145
hunching,8690,8396,8690,294
grooming,8795,8690,8795,105
rising,8796,8795,8796,1
running,8838,8796,8838,42
trotting,8846,8838,8846,8
stepping,8877,8846,8877,31
walking,8920,8877,8920,43
trotting,8942,8920,8942,22
sniffing,8947,8942,8947,5
left_turning,8964,8947,8964,17
walking,8977,8964,8977,13
sniffing,9106,8977,9106,129
stepping,9119,9106,9119,13
walking,9128,9119,9128,9
sniffing,9129,9128,9129,1
trotting,9144,9129,9144,15
rising,9169,9144,9169,25
walking,9170,9169,9170,1
rising,9221,9170,9221,51
sniffing,9315,9221,9315,94
grooming,9472,9315,9472,157
left_turning,9473,9472,9473,1
rearing,9549,9473,9549,76
climbing,9588,9549,9588,39
grooming,10371,9588,10371,783
rearing,10433,10371,10433,62
grooming,10451,10433,10451,18
rearing,10553,10451,10553,102
grooming,10554,10553,10554,1
rising,10580,10554,10580,26
walking,10609,10580,10609,29
grooming,10610,10609,10610,1
sniffing,10655,10610,10655,45
grooming,10656,10655,10656,1
running,10675,10656,10675,19
rising,10729,10675,10729,54
running,10760,10729,10760,31
rising,10789,10760,10789,29
grooming,10826,10789,10826,37
walking,10890,10826,10890,64
sniffing,10892,10890,10892,2
rearing,10976,10892,10976,84
walking,11008,10976,11008,32
trotting,11029,11008,11029,21
walking,11066,11029,11066,37
sniffing,11076,11066,11076,10
climbing,11122,11076,11122,46
hunching,11199,11122,11199,77
rearing,11243,11199,11243,44
walking,11312,11243,11312,69
sniffing,11313,11312,11313,1
running,11329,11313,11329,16
sniffing,11342,11329,11342,13
hunching,11460,11342,11460,118
rearing,11527,11460,11527,67
stepping,11588,11527,11588,61
sniffing,11630,11588,11630,42
grooming,11672,11630,11672,42
stepping,11683,11672,11683,11
rising,11732,11683,11732,49
grooming,12105,11732,12105,373
stepping,12136,12105,12136,31
trotting,12139,12136,12139,3
sniffing,12170,12139,12170,31
grooming,12986,12170,12986,816
trotting,13018,12986,13018,32
grooming,13082,13018,13082,64
stepping,13122,13082,13122,40
running,13135,13122,13135,13
trotting,13152,13135,13152,17
left_turning,13189,13152,13189,37
sniffing,13270,13189,13270,81
right_turning,13278,13270,13278,8
trotting,13325,13278,13325,47
sniffing,13343,13325,13343,18
walking,13363,13343,13363,20
stepping,13384,13363,13384,21
rising,13578,13384,13578,194
rearing,13619,13578,13619,41
sniffing,13655,13619,13655,36
stepping,13698,13655,13698,43
sniffing,13699,13698,13699,1
right_turning,13706,13699,13706,7
stepping,13747,13706,13747,41
walking,13807,13747,13807,60
grooming,13948,13807,13948,141
running,13993,13948,13993,45
climbing,14002,13993,14002,9
grooming,14207,14002,14207,205
hunching,14324,14207,14324,117
rearing,14325,14324,14325,1
hunching,14326,14325,14326,1
left_turning,14357,14326,14357,31
walking,14408,14357,14408,51
rearing,14448,14408,14448,40
climbing,14513,14448,14513,65
rearing,14587,14513,14587,74
hunching,14588,14587,14588,1
grooming,14604,14588,14604,16
rearing,14747,14604,14747,143
rising,14751,14747,14751,4
left_turning,14759,14751,14759,8
sniffing,14795,14759,14795,36
trotting,14820,14795,14820,25
walking,14846,14820,14846,26
rising,14920,14846,14920,74
climbing,14960,14920,14960,40
walking,14995,14960,14995,35
sniffing,15017,14995,15017,22
walking,15049,15017,15049,32
trotting,15106,15049,15106,57
sniffing,15154,15106,15154,48
rising,15164,15154,15164,10
sniffing,15219,15164,15219,55
stepping,15226,15219,15226,7
sniffing,15259,15226,15259,33
walking,15265,15259,15265,6
sniffing,15300,15265,15300,35
grooming,15589,15300,15589,289
rising,15615,15589,15615,26
grooming,15616,15615,15616,1
stepping,15617,15616,15617,1
grooming,15655,15617,15655,38
rearing,15752,15655,15752,97
left_turning,15753,15752,15753,1
walking,15756,15753,15756,3
hunching,15826,15756,15826,70
rearing,15846,15826,15846,20
grooming,15905,15846,15905,59
sniffing,15925,15905,15925,20
walking,15954,15925,15954,29
right_turning,15964,15954,15964,10
left_turning,15965,15964,15965,1
trotting,15966,15965,15966,1
stepping,16000,15966,16000,34
climbing,16019,16000,16019,19
walking,16040,16019,16040,21
running,16076,16040,16076,36
rising,16098,16076,16098,22
sniffing,16185,16098,16185,87
grooming,16186,16185,16186,1
rearing,16187,16186,16187,1
climbing,16225,16187,16225,38
right_turning,16238,16225,16238,13
rising,16272,16238,16272,34
hunching,16335,16272,16335,63
rearing,16385,16335,16385,50
rising,16396,16385,16396,11
sniffing,16404,16396,16404,8
walking,16444,16404,16444,40
stepping,16453,16444,16453,9
left_turning,16499,16453,16499,46
climbing,16532,16499,16532,33
rearing,16667,16532,16667,135
hunching,16830,16667,16830,163
sniffing,16850,16830,16850,20
walking,16852,16850,16852,2
sniffing,16861,16852,16861,9
rising,16994,16861,16994,133
left_turning,16999,16994,16999,5
hunching,17008,16999,17008,9
rearing,17023,17008,17023,15
climbing,17025,17023,17025,2
grooming,17719,17025,17719,694
rearing,17724,17719,17724,5
climbing,17760,17724,17760,36
sniffing,17816,17760,17816,56
rising,17875,17816,17875,59
walking,17915,17875,17915,40
trotting,17942,17915,17942,27
rising,17946,17942,17946,4
hunching,18010,17946,18010,64
right_turning,18018,18010,18018,8
sniffing,18075,18018,18075,57
left_turning,18171,18075,18171,96
rearing,18205,18171,18205,34
climbing,18262,18205,18262,57
rising,18337,18262,18337,75
walking,18338,18337,18338,1
rising,18339,18338,18339,1
stepping,18381,18339,18381,42
rising,18400,18381,18400,19
walking,18412,18400,18412,12
sniffing,18464,18412,18464,52
hunching,18542,18464,18542,78
stepping,18564,18542,18564,22
sniffing,18595,18564,18595,31
rising,18596,18595,18596,1
sniffing,18631,18596,18631,35
climbing,18646,18631,18646,15
grooming,18647,18646,18647,1
stepping,18692,18647,18692,45
sniffing,18717,18692,18717,25
rising,18761,18717,18761,44
climbing,18810,18761,18810,49
left_turning,18847,18810,18847,37
walking,18900,18847,18900,53
sniffing,18940,18900,18940,40
rising,18981,18940,18981,41
climbing,19017,18981,19017,36
right_turning,19038,19017,19038,21
sniffing,19158,19038,19158,120
stepping,19182,19158,19182,24
sniffing,19265,19182,19265,83
stepping,19301,19265,19301,36
rearing,19419,19301,19419,118
grooming,19420,19419,19420,1
left_turning,19421,19420,19421,1
grooming,19422,19421,19422,1
hunching,19431,19422,19431,9
left_turning,19442,19431,19442,11
stepping,19479,19442,19479,37
sniffing,19497,19479,19497,18
rising,19546,19497,19546,49
sniffing,19547,19546,19547,1
grooming,19988,19547,19988,441
climbing,20022,19988,20022,34
left_turning,20053,20022,20053,31
sniffing,20130,20053,20130,77
rising,20136,20130,20136,6
stepping,20151,20136,20151,15
sniffing,20162,20151,20162,11
rising,20163,20162,20163,1
grooming,20307,20163,20307,144
rising,20309,20307,20309,2
stepping,20310,20309,20310,1
walking,20336,20310,20336,26
grooming,20337,20336,20337,1
rearing,20415,20337,20415,78
climbing,20438,20415,20438,23
grooming,20846,20438,20846,408
rearing,20880,20846,20880,34
left_turning,20912,20880,20912,32
walking,20986,20912,20986,74
rising,20987,20986,20987,1
climbing,21063,20987,21063,76
left_turning,21100,21063,21100,37
scratching,21101,21100,21101,1
walking,21150,21101,21150,49
sniffing,21353,21150,21353,203
grooming,21354,21353,21354,1
left_turning,21355,21354,21355,1
rearing,21367,21355,21367,12
rising,21398,21367,21398,31
walking,21492,21398,21492,94
climbing,21533,21492,21533,41
rearing,21534,21533,21534,1
left_turning,21564,21534,21564,30
grooming,21570,21564,21570,6
rearing,21571,21570,21571,1
climbing,21615,21571,21615,44
sniffing,21616,21615,21616,1
stepping,21618,21616,21618,2
sniffing,21619,21618,21619,1
scratching,21705,21619,21705,86
grooming,21863,21705,21863,158
rising,21912,21863,21912,49
walking,21932,21912,21932,20
sniffing,22021,21932,22021,89
stepping,22027,22021,22027,6
walking,22048,22027,22048,21
rising,22049,22048,22049,1
climbing,22078,22049,22078,29
sniffing,22127,22078,22127,49
left_turning,22151,22127,22151,24
sniffing,22214,22151,22214,63
left_turning,22236,22214,22236,22
grooming,22313,22236,22313,77
sniffing,22314,22313,22314,1
rising,22365,22314,22365,51
grooming,22366,22365,22366,1
walking,22418,22366,22418,52
trotting,22440,22418,22440,22
walking,22456,22440,22456,16
stepping,22532,22456,22532,76
trotting,22539,22532,22539,7
sniffing,22574,22539,22574,35
stepping,22613,22574,22613,39
sniffing,22710,22613,22710,97
stepping,22750,22710,22750,40
sniffing,22812,22750,22812,62
stepping,22845,22812,22845,33
sniffing,22846,22845,22846,1
grooming,23011,22846,23011,165
rearing,23024,23011,23024,13
hunching,23054,23024,23054,30
rearing,23094,23054,23094,40
sniffing,23102,23094,23102,8
grooming,23129,23102,23129,27
sniffing,23130,23129,23130,1
climbing,23169,23130,23169,39
rising,23189,23169,23189,20
stepping,23210,23189,23210,21
sniffing,23249,23210,23249,39
walking,23304,23249,23304,55
rising,23312,23304,23312,8
sniffing,23336,23312,23336,24
stepping,23414,23336,23414,78
sniffing,23485,23414,23485,71
rising,23527,23485,23527,42
left_turning,23572,23527,23572,45
rising,23617,23572,23617,45
trotting,23663,23617,23663,46
stepping,23718,23663,23718,55
right_turning,23764,23718,23764,46
grooming,23765,23764,23765,1
hunching,23766,23765,23766,1
grooming,23767,23766,23767,1
stepping,23769,23767,23769,2
sniffing,23785,23769,23785,16
grooming,23856,23785,23856,71
stepping,23883,23856,23883,27
grooming,23884,23883,23884,1
walking,23896,23884,23896,12
sniffing,23948,23896,23948,52
rising,23949,23948,23949,1
rearing,24091,23949,24091,142
hunching,24151,24091,24151,60
rearing,24217,24151,24217,66
trotting,24245,24217,24245,28
rising,24287,24245,24287,42
climbing,24381,24287,24381,94
grooming,25000,24381,25000,619
stepping,25035,25000,25035,35
climbing,25101,25035,25101,66
stepping,25131,25101,25131,30
sniffing,25144,25131,25144,13
rising,25156,25144,25156,12
hunching,25166,25156,25166,10
rearing,25229,25166,25229,63
grooming,25712,25229,25712,483
rearing,25731,25712,25731,19
grooming,25732,25731,25732,1
left_turning,25763,25732,25763,31
sniffing,25778,25763,25778,15
stepping,25802,25778,25802,24
sniffing,25846,25802,25846,44
stepping,25863,25846,25863,17
rising,25864,25863,25864,1
sniffing,25925,25864,25925,61
rising,25928,25925,25928,3
stepping,25943,25928,25943,15
rising,25944,25943,25944,1
grooming,25945,25944,25945,1
sniffing,25959,25945,25959,14
walking,25983,25959,25983,24
sniffing,26009,25983,26009,26
grooming,26098,26009,26098,89
scratching,26177,26098,26177,79
grooming,26178,26177,26178,1
walking,26208,26178,26208,30
rising,26305,26208,26305,97
sniffing,26344,26305,26344,39
rising,26345,26344,26345,1
sniffing,26400,26345,26400,55
stepping,26405,26400,26405,5
sniffing,26438,26405,26438,33
grooming,26971,26438,26971,533
sniffing,27002,26971,27002,31
stepping,27048,27002,27048,46
right_turning,27064,27048,27064,16
sniffing,27084,27064,27084,20
trotting,27103,27084,27103,19
climbing,27117,27103,27117,14
right_turning,27147,27117,27147,30
stepping,27178,27147,27178,31
walking,27223,27178,27223,45
rising,27224,27223,27224,1
grooming,27225,27224,27225,1
stepping,27226,27225,27226,1
sniffing,27256,27226,27256,30
left_turning,27275,27256,27275,19
trotting,27307,27275,27307,32
sniffing,27395,27307,27395,88
stepping,27398,27395,27398,3
rising,27399,27398,27399,1
stepping,27403,27399,27403,4
sniffing,27418,27403,27418,15
grooming,27494,27418,27494,76
sniffing,27556,27494,27556,62
stepping,27643,27556,27643,87
grooming,27644,27643,27644,1
climbing,27677,27644,27677,33
running,27684,27677,27684,7
stepping,27715,27684,27715,31
rising,27716,27715,27716,1
climbing,27851,27716,27851,135
grooming,27942,27851,27942,91
sniffing,28052,27942,28052,110
stepping,28080,28052,28080,28
sniffing,28109,28080,28109,29
rearing,28134,28109,28134,25
hunching,28190,28134,28190,56
rearing,28215,28190,28215,25
grooming,28536,28215,28536,321
sniffing,28575,28536,28575,39
climbing,28598,28575,28598,23
walking,28617,28598,28617,19
rearing,28661,28617,28661,44
rising,28675,28661,28675,14
left_turning,28688,28675,28688,13
grooming,28808,28688,28808,120
sniffing,28809,28808,28809,1
right_turning,28810,28809,28810,1
sniffing,28838,28810,28838,28
rising,28926,28838,28926,88
rearing,28974,28926,28974,48
hunching,29041,28974,29041,67
rearing,29054,29041,29054,13
rising,29088,29054,29088,34
climbing,29138,29088,29138,50
walking,29157,29138,29157,19
rising,29201,29157,29201,44
left_turning,29230,29201,29230,29
grooming,29231,29230,29231,1
sniffing,29234,29231,29234,3
walking,29237,29234,29237,3
stepping,29287,29237,29287,50
sniffing,29288,29287,29288,1
grooming,29289,29288,29289,1
climbing,29344,29289,29344,55
walking,29345,29344,29345,1
rising,29346,29345,29346,1
grooming,29386,29346,29386,40
left_turning,29431,29386,29431,45
walking,29459,29431,29459,28
climbing,29482,29459,29482,23
grooming,29622,29482,29622,140
hunching,29623,29622,29623,1
left_turning,29624,29623,29624,1
grooming,29814,29624,29814,190
stepping,29815,29814,29815,1
sniffing,29853,29815,29853,38
walking,29864,29853,29864,11
rising,29865,29864,29865,1
stepping,29886,29865,29886,21
sniffing,29980,29886,29980,94
rising,30032,29980,30032,52
climbing,30079,30032,30079,47
stepping,30118,30079,30118,39
sniffing,30131,30118,30131,13
rising,30220,30131,30220,89
grooming,30221,30220,30221,1
rising,30222,30221,30222,1
climbing,30294,30222,30294,72
grooming,30384,30294,30384,90
walking,30429,30384,30429,45
trotting,30457,30429,30457,28
rising,30489,30457,30489,32
walking,30514,30489,30514,25
sniffing,30574,30514,30574,60
walking,30607,30574,30607,33
grooming,30608,30607,30608,1
left_turning,30634,30608,30634,26
grooming,31052,30634,31052,418
climbing,31154,31052,31154,102
left_turning,31155,31154,31155,1
walking,31181,31155,31181,26
rising,31221,31181,31221,40
grooming,31248,31221,31248,27
hunching,31282,31248,31282,34
grooming,31283,31282,31283,1
climbing,31312,31283,31312,29
left_turning,31347,31312,31347,35
rearing,31352,31347,31352,5
sniffing,31405,31352,31405,53
right_turning,31441,31405,31441,36
grooming,31557,31441,31557,116
climbing,31611,31557,31611,54
trotting,31635,31611,31635,24
stepping,31650,31635,31650,15
sniffing,31714,31650,31714,64
walking,31770,31714,31770,56
stepping,31825,31770,31825,55
sniffing,31892,31825,31892,67
trotting,31918,31892,31918,26
climbing,31922,31918,31922,4
stepping,31944,31922,31944,22
sniffing,31945,31944,31945,1
left_turning,31957,31945,31957,12
trotting,31969,31957,31969,12
walking,32043,31969,32043,74
stepping,32044,32043,32044,1
rearing,32045,32044,32045,1
grooming,32127,32045,32127,82
rearing,32157,32127,32157,30
grooming,32348,32157,32348,191
left_turning,32398,32348,32398,50
running,32463,32398,32463,65
trotting,32466,32463,32466,3
sniffing,32495,32466,32495,29
grooming,32703,32495,32703,208
hunching,32710,32703,32710,7
grooming,32711,32710,32711,1
climbing,32742,32711,32742,31
grooming,32913,32742,32913,171
rising,32958,32913,32958,45
climbing,33014,32958,33014,56
trotting,33060,33014,33060,46
walking,33066,33060,33066,6
right_turning,33067,33066,33067,1
running,33118,33067,33118,51
walking,33139,33118,33139,21
left_turning,33159,33139,33159,20
grooming,33475,33159,33475,316
walking,33510,33475,33510,35
stepping,33549,33510,33549,39
sniffing,33601,33549,33601,52
trotting,33637,33601,33637,36
stepping,33648,33637,33648,11
rising,33695,33648,33695,47
climbing,33720,33695,33720,25
sniffing,33751,33720,33751,31
stepping,33858,33751,33858,107
walking,33859,33858,33859,1
sniffing,33924,33859,33924,65
walking,33977,33924,33977,53
sniffing,33983,33977,33983,6
climbing,34113,33983,34113,130
grooming,34179,34113,34179,66
rising,34187,34179,34187,8
walking,34216,34187,34216,29
stepping,34222,34216,34222,6
sniffing,34232,34222,34232,10
grooming,34356,34232,34356,124
rearing,34399,34356,34399,43
grooming,34400,34399,34400,1
rearing,34527,34400,34527,127
climbing,34611,34527,34611,84
trotting,34645,34611,34645,34
sniffing,34699,34645,34699,54
grooming,34962,34699,34962,263
rearing,35084,34962,35084,122
grooming,35104,35084,35104,20
climbing,35162,35104,35162,58
right_turning,35184,35162,35184,22
walking,35214,35184,35214,30
running,35232,35214,35232,18
walking,35255,35232,35255,23
grooming,35349,35255,35349,94
hunching,35393,35349,35393,44
rearing,35394,35393,35394,1
hunching,35485,35394,35485,91
left_turning,35513,35485,35513,28
running,35537,35513,35537,24
sniffing,35601,35537,35601,64
stepping,35631,35601,35631,30
sniffing,35682,35631,35682,51
grooming,35969,35682,35969,287
hunching,36059,35969,36059,90
grooming,36060,36059,36060,1
stepping,36133,36060,36133,73
walking,36199,36133,36199,66
grooming,36479,36199,36479,280
rearing,36619,36479,36619,140
sniffing,36627,36619,36627,8
grooming,36824,36627,36824,197
rearing,36954,36824,36954,130
grooming,36999,36954,36999,45
hunching,37197,36999,37197,198
rearing,37283,37197,37283,86
rising,37340,37283,37340,57
climbing,37341,37340,37341,1
walking,37364,37341,37364,23
rising,37365,37364,37365,1
stepping,37378,37365,37378,13
grooming,37414,37378,37414,36
stepping,37453,37414,37453,39
walking,37454,37453,37454,1
sniffing,37484,37454,37484,30
grooming,37706,37484,37706,222
climbing,37765,37706,37765,59
grooming,37822,37765,37822,57
rearing,37853,37822,37853,31
climbing,37911,37853,37911,58
left_turning,38074,37911,38074,163
running,38099,38074,38099,25
sniffing,38142,38099,38142,43
walking,38147,38142,38147,5
trotting,38168,38147,38168,21
sniffing,38239,38168,38239,71
left_turning,38289,38239,38289,50
climbing,38365,38289,38365,76
left_turning,38407,38365,38407,42
stepping,38430,38407,38430,23
sniffing,38440,38430,38440,10
grooming,39040,38440,39040,600
walking,39043,39040,39043,3
rising,39091,39043,39091,48
left_turning,39133,39091,39133,42
sniffing,39224,39133,39224,91
rising,39264,39224,39264,40
sniffing,39266,39264,39266,2
grooming,39361,39266,39361,95
left_turning,39371,39361,39371,10
walking,39395,39371,39395,24
sniffing,39446,39395,39446,51
grooming,39447,39446,39447,1
walking,39473,39447,39473,26
trotting,39477,39473,39477,4
walking,39478,39477,39478,1
sniffing,39479,39478,39479,1
trotting,39508,39479,39508,29
sniffing,39525,39508,39525,17
scratching,39585,39525,39585,60
sniffing,39692,39585,39692,107
walking,39703,39692,39703,11
stepping,39718,39703,39718,15
rising,39779,39718,39779,61
sniffing,39827,39779,39827,48
grooming,39828,39827,39828,1
sniffing,39864,39828,39864,36
walking,39899,39864,39899,35
sniffing,39981,39899,39981,82
grooming,39982,39981,39982,1
rearing,40006,39982,40006,24
grooming,40361,40006,40361,355
walking,40401,40361,40401,40
sniffing,40420,40401,40420,19
right_turning,40460,40420,40460,40
walking,40507,40460,40507,47
running,40510,40507,40510,3
walking,40517,40510,40517,7
running,40526,40517,40526,9
stepping,40590,40526,40590,64
sniffing,40595,40590,40595,5
grooming,40739,40595,40739,144
left_turning,40740,40739,40740,1
grooming,40857,40740,40857,117
rearing,40889,40857,40889,32
grooming,41565,40889,41565,676
left_turning,41566,41565,41566,1
sniffing,41578,41566,41578,12
grooming,41814,41578,41814,236
right_turning,41822,41814,41822,8
sniffing,41913,41822,41913,91
grooming,41914,41913,41914,1
scratching,41967,41914,41967,53
sniffing,42088,41967,42088,121
left_turning,42089,42088,42089,1
climbing,42135,42089,42135,46
grooming,42238,42135,42238,103
stepping,42275,42238,42275,37
sniffing,42337,42275,42337,62
trotting,42381,42337,42381,44
walking,42409,42381,42409,28
rising,42410,42409,42410,1
sniffing,42438,42410,42438,28
rising,42452,42438,42452,14
right_turning,42455,42452,42455,3
walking,42456,42455,42456,1
rising,42466,42456,42466,10
left_turning,42547,42466,42547,81
walking,42577,42547,42577,30
sniffing,42606,42577,42606,29
left_turning,42607,42606,42607,1
running,42626,42607,42626,19
sniffing,42627,42626,42627,1
left_turning,42658,42627,42658,31
grooming,42659,42658,42659,1
rearing,43056,42659,43056,397
hunching,43115,43056,43115,59
left_turning,43161,43115,43161,46
sniffing,43273,43161,43273,112
rising,43377,43273,43377,104
walking,43418,43377,43418,41
sniffing,43419,43418,43419,1
grooming,43420,43419,43420,1
rearing,43703,43420,43703,283
grooming,43704,43703,43704,1
sniffing,43737,43704,43737,33
stepping,43758,43737,43758,21
walking,43798,43758,43798,40
stepping,43803,43798,43803,5
walking,43829,43803,43829,26
trotting,43832,43829,43832,3
stepping,43869,43832,43869,37
trotting,43894,43869,43894,25
sniffing,43934,43894,43934,40
rising,43961,43934,43961,27
sniffing,43992,43961,43992,31
right_turning,44010,43992,44010,18
sniffing,44063,44010,44063,53
rearing,44106,44063,44106,43
climbing,44165,44106,44165,59
sniffing,44185,44165,44185,20
rising,44259,44185,44259,74
stepping,44272,44259,44272,13
walking,44297,44272,44297,25
trotting,44320,44297,44320,23
walking,44355,44320,44355,35
stepping,44361,44355,44361,6
walking,44405,44361,44405,44
trotting,44432,44405,44432,27
sniffing,44488,44432,44488,56
walking,44499,44488,44499,11
rearing,44565,44499,44565,66
grooming,44566,44565,44566,1
hunching,44611,44566,44611,45
rearing,44686,44611,44686,75
grooming,44687,44686,44687,1
sniffing,44729,44687,44729,42
stepping,44737,44729,44737,8
rising,44738,44737,44738,1
sniffing,44789,44738,44789,51
rising,44824,44789,44824,35
sniffing,44825,44824,44825,1
scratching,44846,44825,44846,21
sniffing,44865,44846,44865,19
right_turning,44866,44865,44866,1
jumping,44905,44866,44905,39
rearing,44967,44905,44967,62
grooming,44968,44967,44968,1
sniffing,44984,44968,44984,16
grooming,45054,44984,45054,70
rising,45089,45054,45089,35
sniffing,45182,45089,45182,93
walking,45218,45182,45218,36
sniffing,45266,45218,45266,48
walking,45280,45266,45280,14
sniffing,45281,45280,45281,1
rising,45292,45281,45292,11
climbing,45336,45292,45336,44
grooming,46056,45336,46056,720
sniffing,46118,46056,46118,62
rearing,46266,46118,46266,148
climbing,46328,46266,46328,62
walking,46355,46328,46355,27
sniffing,46381,46355,46381,26
stepping,46423,46381,46423,42
running,46450,46423,46450,27
trotting,46462,46450,46462,12
sniffing,46507,46462,46507,45
walking,46525,46507,46525,18
stepping,46556,46525,46556,31
grooming,46557,46556,46557,1
walking,46558,46557,46558,1
sniffing,46578,46558,46578,20
rising,46597,46578,46597,19
walking,46624,46597,46624,27
stepping,46633,46624,46633,9
sniffing,46721,46633,46721,88
walking,46766,46721,46766,45
sniffing,46830,46766,46830,64
stepping,46831,46830,46831,1
grooming,46877,46831,46877,46
left_turning,46924,46877,46924,47
sniffing,46943,46924,46943,19
left_turning,46996,46943,46996,53
grooming,46997,46996,46997,1
scratching,47074,46997,47074,77
sniffing,47102,47074,47102,28
rising,47106,47102,47106,4
sniffing,47151,47106,47151,45
right_turning,47159,47151,47159,8
walking,47241,47159,47241,82
running,47280,47241,47280,39
sniffing,47309,47280,47309,29
walking,47316,47309,47316,7
sniffing,47370,47316,47370,54
rearing,47472,47370,47472,102
grooming,47473,47472,47473,1
sniffing,47554,47473,47554,81
walking,47555,47554,47555,1
sniffing,47602,47555,47602,47
rising,47654,47602,47654,52
left_turning,47681,47654,47681,27
sniffing,47713,47681,47713,32
grooming,48867,47713,48867,1154
rearing,48868,48867,48868,1
climbing,48947,48868,48947,79
hunching,49155,48947,49155,208
climbing,49168,49155,49168,13
running,49194,49168,49194,26
sniffing,49205,49194,49205,11
rising,49244,49205,49244,39
climbing,49286,49244,49286,42
right_turning,49319,49286,49319,33
grooming,49321,49319,49321,2
walking,49335,49321,49335,14
sniffing,49392,49335,49392,57
grooming,49937,49392,49937,545
sniffing,49954,49937,49954,17
climbing,49975,49954,49975,21
sniffing,50096,49975,50096,121
rearing,50217,50096,50217,121
left_turning,50218,50217,50218,1
rising,50236,50218,50236,18
sniffing,50281,50236,50281,45
rising,50373,50281,50373,92
sniffing,50396,50373,50396,23
grooming,51229,50396,51229,833
sniffing,51270,51229,51270,41
grooming,51317,51270,51317,47
rising,51359,51317,51359,42
grooming,51744,51359,51744,385
rising,51745,51744,51745,1
rearing,51805,51745,51805,60
sniffing,51883,51805,51883,78
right_turning,51884,51883,51884,1
walking,51936,51884,51936,52
grooming,51987,51936,51987,51
rearing,51988,51987,51988,1
rising,52011,51988,52011,23
grooming,52145,52011,52145,134
rising,52185,52145,52185,40
climbing,52242,52185,52242,57
stepping,52283,52242,52283,41
grooming,52447,52283,52447,164
hunching,52602,52447,52602,155
climbing,52627,52602,52627,25
trotting,52679,52627,52679,52
sniffing,52680,52679,52680,1
walking,52715,52680,52715,35
trotting,52716,52715,52716,1
stepping,52739,52716,52739,23
running,52762,52739,52762,23
walking,52787,52762,52787,25
sniffing,52860,52787,52860,73
stepping,52904,52860,52904,44
trotting,52936,52904,52936,32
walking,53005,52936,53005,69
stepping,53054,53005,53054,49
rearing,53110,53054,53110,56
sniffing,53145,53110,53145,35
walking,53167,53145,53167,22
left_turning,53238,53167,53238,71
sniffing,53300,53238,53300,62
stepping,53317,53300,53317,17
grooming,53397,53317,53397,80
stepping,53453,53397,53453,56
rising,53479,53453,53479,26
sniffing,53502,53479,53502,23
right_turning,53556,53502,53556,54
grooming,53995,53556,53995,439
hunching,54062,53995,54062,67
grooming,54276,54062,54276,214
rising,54304,54276,54304,28
left_turning,54305,54304,54305,1
walking,54311,54305,54311,6
rearing,54312,54311,54312,1
sniffing,54313,54312,54313,1
walking,54325,54313,54325,12
left_turning,54337,54325,54337,12
walking,54347,54337,54347,10
sniffing,54372,54347,54372,25
grooming,54373,54372,54373,1
rearing,54413,54373,54413,40
grooming,54636,54413,54636,223
walking,54645,54636,54645,9
right_turning,54665,54645,54665,20
climbing,54707,54665,54707,42
grooming,54891,54707,54891,184
rearing,54899,54891,54899,8
grooming,55008,54899,55008,109
sniffing,55060,55008,55060,52
rising,55061,55060,55061,1
right_turning,55082,55061,55082,21
walking,55109,55082,55109,27
stepping,55139,55109,55139,30
left_turning,55162,55139,55162,23
walking,55201,55162,55201,39
sniffing,55230,55201,55230,29
grooming,55321,55230,55321,91
sniffing,55364,55321,55364,43
walking,55406,55364,55406,42
sniffing,55427,55406,55427,21
rearing,55444,55427,55444,17
running,55475,55444,55475,31
walking,55520,55475,55520,45
sniffing,55524,55520,55524,4
walking,55557,55524,55557,33
sniffing,55611,55557,55611,54
rising,55612,55611,55612,1
left_turning,55671,55612,55671,59
trotting,55689,55671,55689,18
walking,55711,55689,55711,22
rising,55718,55711,55718,7
grooming,56574,55718,56574,856
hunching,56618,56574,56618,44
grooming,56619,56618,56619,1
rearing,56668,56619,56668,49
grooming,56903,56668,56903,235
right_turning,56909,56903,56909,6
rising,56926,56909,56926,17
grooming,56927,56926,56927,1
hunching,57053,56927,57053,126
rearing,57144,57053,57144,91
walking,57185,57144,57185,41
sniffing,57243,57185,57243,58
walking,57263,57243,57263,20
sniffing,57385,57263,57385,122
grooming,58096,57385,58096,711
sniffing,58097,58096,58097,1
stepping,58150,58097,58150,53
rising,58151,58150,58151,1
sniffing,58164,58151,58164,13
left_turning,58197,58164,58197,33
stepping,58222,58197,58222,25
sniffing,58258,58222,58258,36
stepping,58291,58258,58291,33
sniffing,58342,58291,58342,51
walking,58401,58342,58401,59
sniffing,58469,58401,58469,68
left_turning,58475,58469,58475,6
running,58499,58475,58499,24
walking,58533,58499,58533,34
sniffing,58539,58533,58539,6
stepping,58540,58539,58540,1
sniffing,58607,58540,58607,67
stepping,58632,58607,58632,25
walking,58666,58632,58666,34
sniffing,58746,58666,58746,80
rising,58800,58746,58800,54
rearing,58801,58800,58801,1
grooming,58804,58801,58804,3
right_turning,58862,58804,58862,58
stepping,58873,58862,58873,11
rising,58874,58873,58874,1
grooming,59035,58874,59035,161
sniffing,59111,59035,59111,76
grooming,59112,59111,59112,1
sniffing,59189,59112,59189,77
trotting,59199,59189,59199,10
climbing,59252,59199,59252,53
left_turning,59267,59252,59267,15
rearing,59268,59267,59268,1
grooming,59472,59268,59472,204
sniffing,59494,59472,59494,22
climbing,59502,59494,59502,8
rearing,59540,59502,59540,38
grooming,59868,59540,59868,328
climbing,59945,59868,59945,77
rearing,60003,59945,60003,58
climbing,60055,60003,60055,52
rearing,60398,60055,60398,343
climbing,60467,60398,60467,69
stepping,60468,60467,60468,1
sniffing,60469,60468,60469,1
stepping,60514,60469,60514,45
sniffing,60527,60514,60527,13
stepping,60544,60527,60544,17
sniffing,60636,60544,60636,92
walking,60651,60636,60651,15
sniffing,60716,60651,60716,65
stepping,60727,60716,60727,11
sniffing,60728,60727,60728,1
right_turning,60729,60728,60729,1
walking,60746,60729,60746,17
sniffing,60756,60746,60756,10
running,60795,60756,60795,39
walking,60796,60795,60796,1
left_turning,60825,60796,60825,29
right_turning,60840,60825,60840,15
stepping,60870,60840,60870,30
sniffing,60920,60870,60920,50
rising,61007,60920,61007,87
sniffing,61033,61007,61033,26
left_turning,61073,61033,61073,40
trotting,61122,61073,61122,49
left_turning,61123,61122,61123,1
walking,61159,61123,61159,36
sniffing,61189,61159,61189,30
walking,61250,61189,61250,61
rearing,61251,61250,61251,1
grooming,61284,61251,61284,33
stepping,61312,61284,61312,28
grooming,61313,61312,61313,1
scratching,61314,61313,61314,1
sniffing,61332,61314,61332,18
rising,61333,61332,61333,1
climbing,61378,61333,61378,45
rearing,61520,61378,61520,142
rising,61560,61520,61560,40
left_turning,61571,61560,61571,11
sniffing,61674,61571,61674,103
left_turning,61678,61674,61678,4
stepping,61729,61678,61729,51
grooming,61765,61729,61765,36
stepping,61780,61765,61780,15
left_turning,61816,61780,61816,36
rising,61853,61816,61853,37
climbing,61933,61853,61933,80
sniffing,61969,61933,61969,36
rearing,62094,61969,62094,125
grooming,62343,62094,62343,249
sniffing,62375,62343,62375,32
running,62425,62375,62425,50
walking,62430,62425,62430,5
right_turning,62454,62430,62454,24
sniffing,62455,62454,62455,1
walking,62488,62455,62488,33
sniffing,62684,62488,62684,196
stepping,62712,62684,62712,28
sniffing,62740,62712,62740,28
rising,62741,62740,62741,1
grooming,62809,62741,62809,68
stepping,62833,62809,62833,24
hunching,62888,62833,62888,55
sniffing,62922,62888,62922,34
left_turning,62943,62922,62943,21
rearing,62956,62943,62956,13
stepping,62995,62956,62995,39
sniffing,63038,62995,63038,43
stepping,63071,63038,63071,33
sniffing,63170,63071,63170,99
stepping,63183,63170,63183,13
climbing,63206,63183,63206,23
trotting,63220,63206,63220,14
stepping,63221,63220,63221,1
sniffing,63258,63221,63258,37
stepping,63259,63258,63259,1
right_turning,63269,63259,63269,10
rising,63270,63269,63270,1
climbing,63336,63270,63336,66
rising,63378,63336,63378,42
climbing,63407,63378,63407,29
rearing,63506,63407,63506,99
left_turning,63538,63506,63538,32
trotting,63558,63538,63558,20
right_turning,63563,63558,63563,5
rising,63570,63563,63570,7
right_turning,63598,63570,63598,28
walking,63655,63598,63655,57
rising,63656,63655,63656,1
sniffing,63917,63656,63917,261
rising,63964,63917,63964,47
climbing,64011,63964,64011,47
right_turning,64047,64011,64047,36
rising,64076,64047,64076,29
hunching,64113,64076,64113,37
grooming,64114,64113,64114,1
rearing,64115,64114,64115,1
climbing,64186,64115,64186,71
sniffing,64228,64186,64228,42
rearing,64229,64228,64229,1
left_turning,64242,64229,64242,13
walking,64293,64242,64293,51
left_turning,64294,64293,64294,1
stepping,64307,64294,64307,13
sniffing,64362,64307,64362,55
walking,64402,64362,64402,40
stepping,64423,64402,64423,21
sniffing,64424,64423,64424,1
walking,64440,64424,64440,16
sniffing,64441,64440,64441,1
walking,64442,64441,64442,1
sniffing,64508,64442,64508,66
rearing,64572,64508,64572,64
grooming,64784,64572,64784,212
rearing,64860,64784,64860,76
rising,64867,64860,64867,7
grooming,65142,64867,65142,275
right_turning,65143,65142,65143,1
sniffing,65223,65143,65223,80
walking,65256,65223,65256,33
sniffing,65417,65256,65417,161
grooming,65636,65417,65636,219
left_turning,65669,65636,65669,33
grooming,66088,65669,66088,419
rearing,66159,66088,66159,71
grooming,66455,66159,66455,296
sniffing,66534,66455,66534,79
stepping,66544,66534,66544,10
sniffing,66588,66544,66588,44
rising,66617,66588,66617,29
walking,66651,66617,66651,34
rearing,66671,66651,66671,20
hunching,66766,66671,66766,95
grooming,66837,66766,66837,71
left_turning,66876,66837,66876,39
stepping,66896,66876,66896,20
rising,66962,66896,66962,66
rearing,66983,66962,66983,21
sniffing,67005,66983,67005,22
rearing,67043,67005,67043,38
hunching,67147,67043,67147,104
left_turning,67176,67147,67176,29
sniffing,67220,67176,67220,44
left_turning,67260,67220,67260,40
walking,67262,67260,67262,2
sniffing,67264,67262,67264,2
rising,67313,67264,67313,49
grooming,67314,67313,67314,1
scratching,67434,67314,67434,120
grooming,67532,67434,67532,98
rearing,67542,67532,67542,10
grooming,67716,67542,67716,174
trotting,67766,67716,67766,50
sniffing,67844,67766,67844,78
right_turning,67850,67844,67850,6
stepping,67866,67850,67866,16
climbing,67872,67866,67872,6
left_turning,67911,67872,67911,39
walking,67959,67911,67959,48
stepping,67972,67959,67972,13
climbing,68013,67972,68013,41
sniffing,68036,68013,68036,23
right_turning,68060,68036,68060,24
walking,68092,68060,68092,32
sniffing,68093,68092,68093,1
rising,68101,68093,68101,8
rearing,68241,68101,68241,140
sniffing,68244,68241,68244,3
trotting,68274,68244,68274,30
stepping,68332,68274,68332,58
rising,68333,68332,68333,1
sniffing,68334,68333,68334,1
grooming,68353,68334,68353,19
sniffing,68354,68353,68354,1
rising,68399,68354,68399,45
rearing,68437,68399,68437,38
hunching,68448,68437,68448,11
sniffing,68479,68448,68479,31
rising,68500,68479,68500,21
sniffing,68516,68500,68516,16
rising,68521,68516,68521,5
climbing,68570,68521,68570,49
grooming,68571,68570,68571,1
sniffing,68659,68571,68659,88
grooming,68811,68659,68811,152
right_turning,68840,68811,68840,29
walking,68874,68840,68874,34
trotting,68917,68874,68917,43
walking,68918,68917,68918,1
stepping,68956,68918,68956,38
rearing,68957,68956,68957,1
grooming,70158,68957,70158,1201
left_turning,70182,70158,70182,24
grooming,70183,70182,70183,1
rearing,70250,70183,70250,67
grooming,70358,70250,70358,108
rearing,70359,70358,70359,1
trotting,70380,70359,70380,21
walking,70419,70380,70419,39
climbing,70473,70419,70473,54
trotting,70484,70473,70484,11
walking,70538,70484,70538,54
sniffing,70567,70538,70567,29
rising,70571,70567,70571,4
grooming,70572,70571,70572,1
rearing,70703,70572,70703,131
rising,70704,70703,70704,1
sniffing,70725,70704,70725,21
right_turning,70731,70725,70731,6
stepping,70751,70731,70751,20
sniffing,70832,70751,70832,81
trotting,70837,70832,70837,5
rising,70896,70837,70896,59
rearing,70989,70896,70989,93
stepping,71033,70989,71033,44
sniffing,71120,71033,71120,87
rising,71195,71120,71195,75
sniffing,71265,71195,71265,70
stepping,71266,71265,71266,1
rising,71274,71266,71274,8
grooming,71429,71274,71429,155
sniffing,71430,71429,71430,1
rearing,71495,71430,71495,65
grooming,71528,71495,71528,33
sniffing,71573,71528,71573,45
stepping,71630,71573,71630,57
walking,71647,71630,71647,17
sniffing,71696,71647,71696,49
left_turning,71717,71696,71717,21
trotting,71758,71717,71758,41
rising,71783,71758,71783,25
climbing,71821,71783,71821,38
left_turning,71852,71821,71852,31
sniffing,71946,71852,71946,94
trotting,71982,71946,71982,36
climbing,72026,71982,72026,44
walking,72044,72026,72044,18
rising,72062,72044,72062,18
grooming,72179,72062,72179,117
sniffing,72220,72179,72220,41
climbing,72263,72220,72263,43
sniffing,72289,72263,72289,26
right_turning,72327,72289,72327,38
sniffing,72389,72327,72389,62
rising,72391,72389,72391,2
climbing,72565,72391,72565,174
rising,72583,72565,72583,18
left_turning,72600,72583,72600,17
walking,72615,72600,72615,15
stepping,72646,72615,72646,31
walking,72653,72646,72653,7
sniffing,72667,72653,72667,14
right_turning,72694,72667,72694,27
sniffing,72738,72694,72738,44
walking,72751,72738,72751,13
right_turning,72786,72751,72786,35
sniffing,72797,72786,72797,11
rising,72841,72797,72841,44
rearing,72958,72841,72958,117
climbing,72975,72958,72975,17
trotting,72991,72975,72991,16
running,73030,72991,73030,39
walking,73038,73030,73038,8
rearing,73088,73038,73088,50
sniffing,73177,73088,73177,89
walking,73206,73177,73206,29
rising,73240,73206,73240,34
sniffing,73356,73240,73356,116
right_turning,73357,73356,73357,1
walking,73401,73357,73401,44
sniffing,73609,73401,73609,208
left_turning,73610,73609,73610,1
walking,73614,73610,73614,4
trotting,73645,73614,73645,31
grooming,73897,73645,73897,252
rearing,73909,73897,73909,12
sniffing,73951,73909,73951,42
running,73969,73951,73969,18
walking,74019,73969,74019,50
stepping,74037,74019,74037,18
rising,74052,74037,74052,15
grooming,74190,74052,74190,138
rearing,74249,74190,74249,59
grooming,74420,74249,74420,171
climbing,74455,74420,74455,35
grooming,74456,74455,74456,1
rearing,74504,74456,74504,48
walking,74538,74504,74538,34
stepping,74581,74538,74581,43
running,74619,74581,74619,38
trotting,74647,74619,74647,28
sniffing,74723,74647,74723,76
grooming,74724,74723,74724,1
left_turning,74757,74724,74757,33
rising,74772,74757,74772,15
rearing,74773,74772,74773,1
grooming,74874,74773,74874,101
sniffing,74939,74874,74939,65
stepping,74960,74939,74960,21
walking,74961,74960,74961,1
stepping,74970,74961,74970,9
sniffing,75047,74970,75047,77
walking,75065,75047,75065,18
sniffing,75084,75065,75084,19
walking,75094,75084,75094,10
sniffing,75185,75094,75185,91
walking,75192,75185,75192,7
sniffing,75294,75192,75294,102
rising,75311,75294,75311,17
climbing,75322,75311,75322,11
grooming,75529,75322,75529,207
rearing,75559,75529,75559,30
hunching,75560,75559,75560,1
grooming,75762,75560,75762,202
walking,75806,75762,75806,44
sniffing,75894,75806,75894,88
walking,75908,75894,75908,14
rising,75940,75908,75940,32
grooming,76031,75940,76031,91
rising,76052,76031,76052,21
left_turning,76070,76052,76070,18
sniffing,76094,76070,76094,24
stepping,76119,76094,76119,25
rearing,76226,76119,76226,107
running,76239,76226,76239,13
trotting,76246,76239,76246,7
stepping,76247,76246,76247,1
walking,76286,76247,76286,39
stepping,76318,76286,76318,32
grooming,76409,76318,76409,91
hunching,76468,76409,76468,59
sniffing,76470,76468,76470,2
left_turning,76482,76470,76482,12
grooming,76554,76482,76554,72
stepping,76563,76554,76563,9
climbing,76586,76563,76586,23
trotting,76615,76586,76615,29
sniffing,76620,76615,76620,5
grooming,76707,76620,76707,87
rearing,76843,76707,76843,136
hunching,76909,76843,76909,66
grooming,76948,76909,76948,39
scratching,77041,76948,77041,93
grooming,77114,77041,77114,73
left_turning,77166,77114,77166,52
grooming,77335,77166,77335,169
hunching,77431,77335,77431,96
sniffing,77437,77431,77437,6
stepping,77441,77437,77441,4
walking,77480,77441,77480,39
sniffing,77485,77480,77485,5
right_turning,77517,77485,77517,32
stepping,77532,77517,77532,15
grooming,78280,77532,78280,748
sniffing,78306,78280,78306,26
stepping,78345,78306,78345,39
right_turning,78346,78345,78346,1
sniffing,78433,78346,78433,87
walking,78447,78433,78447,14
stepping,78504,78447,78504,57
rearing,78671,78504,78671,167
rising,78701,78671,78701,30
sniffing,78784,78701,78784,83
scratching,78882,78784,78882,98
sniffing,78916,78882,78916,34
rearing,78984,78916,78984,68
grooming,79159,78984,79159,175
rising,79180,79159,79180,21
grooming,79302,79180,79302,122
hunching,79477,79302,79477,175
rearing,79676,79477,79676,199
grooming,80054,79676,80054,378
scratching,80308,80054,80308,254
sniffing,80438,80308,80438,130
scratching,80824,80438,80824,386
grooming,81006,80824,81006,182
rearing,81080,81006,81080,74
stepping,81097,81080,81097,17
sniffing,81117,81097,81117,20
rearing,81149,81117,81149,32
running,81170,81149,81170,21
stepping,81190,81170,81190,20
sniffing,81290,81190,81290,100
left_turning,81291,81290,81291,1
walking,81311,81291,81311,20
sniffing,81312,81311,81312,1
grooming,81313,81312,81313,1
hunching,81528,81313,81528,215
rearing,81564,81528,81564,36
right_turning,81582,81564,81582,18
climbing,81617,81582,81617,35
running,81633,81617,81633,16
stepping,81664,81633,81664,31
sniffing,81722,81664,81722,58
rising,81756,81722,81756,34
sniffing,81808,81756,81808,52
climbing,81828,81808,81828,20
walking,81891,81828,81891,63
sniffing,82063,81891,82063,172
walking,82093,82063,82093,30
running,82116,82093,82116,23
walking,82138,82116,82138,22
sniffing,82139,82138,82139,1
grooming,82213,82139,82213,74
scratching,82263,82213,82263,50
grooming,82264,82263,82264,1
sniffing,82333,82264,82333,69
walking,82337,82333,82337,4
sniffing,82338,82337,82338,1
rising,82356,82338,82356,18
sniffing,82357,82356,82357,1
rising,82358,82357,82358,1
sniffing,82425,82358,82425,67
hunching,82501,82425,82501,76
grooming,82618,82501,82618,117
rearing,82643,82618,82643,25
grooming,82984,82643,82984,341
walking,82992,82984,82992,8
sniffing,83183,82992,83183,191
scratching,83239,83183,83239,56
sniffing,83271,83239,83271,32
left_turning,83308,83271,83308,37
sniffing,83344,83308,83344,36
rising,83367,83344,83367,23
grooming,83530,83367,83530,163
stepping,83553,83530,83553,23
walking,83567,83553,83567,14
sniffing,83600,83567,83600,33
rising,83628,83600,83628,28
grooming,83771,83628,83771,143
sniffing,83778,83771,83778,7
stepping,83787,83778,83787,9
sniffing,83854,83787,83854,67
scratching,83881,83854,83881,27
grooming,83908,83881,83908,27
sniffing,84023,83908,84023,115
grooming,84107,84023,84107,84
rearing,84108,84107,84108,1
left_turning,84154,84108,84154,46
walking,84178,84154,84178,24
sniffing,84252,84178,84252,74
walking,84268,84252,84268,16
rearing,84340,84268,84340,72
climbing,84358,84340,84358,18
right_turning,84380,84358,84380,22
climbing,84427,84380,84427,47
grooming,84428,84427,84428,1
rearing,84608,84428,84608,180
climbing,84649,84608,84649,41
walking,84658,84649,84658,9
rising,84659,84658,84659,1
left_turning,84726,84659,84726,67
sniffing,84752,84726,84752,26
walking,84753,84752,84753,1
sniffing,84783,84753,84783,30
walking,84851,84783,84851,68
right_turning,84859,84851,84859,8
rearing,85134,84859,85134,275
right_turning,85147,85134,85147,13
climbing,85197,85147,85197,50
walking,85222,85197,85222,25
climbing,85273,85222,85273,51
walking,85284,85273,85284,11
stepping,85287,85284,85287,3
sniffing,85288,85287,85288,1
running,85309,85288,85309,21
walking,85337,85309,85337,28
stepping,85338,85337,85338,1
rising,85360,85338,85360,22
rearing,85361,85360,85361,1
sniffing,85434,85361,85434,73
rearing,85454,85434,85454,20
stepping,85501,85454,85501,47
sniffing,85576,85501,85576,75
grooming,85737,85576,85737,161
scratching,85769,85737,85769,32
sniffing,85839,85769,85839,70
trotting,85872,85839,85872,33
stepping,85924,85872,85924,52
sniffing,85947,85924,85947,23
walking,85960,85947,85960,13
sniffing,85983,85960,85983,23
grooming,86005,85983,86005,22
scratching,86087,86005,86087,82
sniffing,86103,86087,86103,16
stepping,86123,86103,86123,20
walking,86139,86123,86139,16
sniffing,86140,86139,86140,1
walking,86148,86140,86148,8
sniffing,86168,86148,86168,20
walking,86211,86168,86211,43
sniffing,86212,86211,86212,1
walking,86265,86212,86265,53
sniffing,86307,86265,86307,42
stepping,86340,86307,86340,33
climbing,86357,86340,86357,17
right_turning,86369,86357,86369,12
walking,86411,86369,86411,42
stepping,86413,86411,86413,2
trotting,86425,86413,86425,12
sniffing,86426,86425,86426,1
climbing,86507,86426,86507,81
running,86525,86507,86525,18
stepping,86568,86525,86568,43
sniffing,86606,86568,86606,38
walking,86633,86606,86633,27
rearing,86812,86633,86812,179
rising,86866,86812,86866,54
climbing,86902,86866,86902,36
walking,86908,86902,86908,6
stepping,86916,86908,86916,8
sniffing,86953,86916,86953,37
rising,86954,86953,86954,1
climbing,86975,86954,86975,21
sniffing,87006,86975,87006,31
right_turning,87041,87006,87041,35
stepping,87124,87041,87124,83
walking,87172,87124,87172,48
sniffing,87252,87172,87252,80
stepping,87320,87252,87320,68
climbing,87348,87320,87348,28
stepping,87382,87348,87382,34
sniffing,87383,87382,87383,1
stepping,87393,87383,87393,10
walking,87397,87393,87397,4
stepping,87425,87397,87425,28
walking,87494,87425,87494,69
left_turning,87554,87494,87554,60
rising,87555,87554,87555,1
left_turning,87607,87555,87607,52
walking,87640,87607,87640,33
stepping,87648,87640,87648,8
sniffing,87702,87648,87702,54
rising,87811,87702,87811,109
rearing,87812,87811,87812,1
climbing,87888,87812,87888,76
trotting,87897,87888,87897,9
sniffing,87933,87897,87933,36
right_turning,87981,87933,87981,48
sniffing,88060,87981,88060,79
stepping,88116,88060,88116,56
grooming,88117,88116,88117,1
climbing,88147,88117,88147,30
sniffing,88167,88147,88167,20
grooming,88168,88167,88168,1
rising,88208,88168,88208,40
rearing,88345,88208,88345,137
left_turning,88346,88345,88346,1
climbing,88538,88346,88538,192
rearing,88543,88538,88543,5
climbing,88609,88543,88609,66
running,88637,88609,88637,28
stepping,88643,88637,88643,6
sniffing,88734,88643,88734,91
rising,88761,88734,88761,27
grooming,88783,88761,88783,22
sniffing,88784,88783,88784,1
grooming,88854,88784,88854,70
hunching,88894,88854,88894,40
rearing,89060,88894,89060,166
trotting,89086,89060,89086,26
stepping,89144,89086,89144,58
sniffing,89213,89144,89213,69
trotting,89234,89213,89234,21
walking,89274,89234,89274,40
left_turning,89330,89274,89330,56
walking,89363,89330,89363,33
stepping,89393,89363,89393,30
walking,89445,89393,89445,52
left_turning,89533,89445,89533,88
walking,89556,89533,89556,23
sniffing,89629,89556,89629,73
left_turning,89630,89629,89630,1
sniffing,89653,89630,89653,23
walking,89679,89653,89679,26
stepping,89706,89679,89706,27
walking,89724,89706,89724,18
sniffing,89733,89724,89733,9
trotting,89776,89733,89776,43
sniffing,89881,89776,89881,105
walking,89912,89881,89912,31
sniffing,90012,89912,90012,100
grooming,90197,90012,90197,185
left_turning,90202,90197,90202,5
sniffing,90215,90202,90215,13
left_turning,90219,90215,90219,4
trotting,90243,90219,90243,24
stepping,90282,90243,90282,39
walking,90374,90282,90374,92
stepping,90386,90374,90386,12
walking,90416,90386,90416,30
stepping,90478,90416,90478,62
sniffing,90552,90478,90552,74
climbing,90583,90552,90583,31
grooming,90764,90583,90764,181
walking,90765,90764,90765,1
rising,90819,90765,90819,54
climbing,90867,90819,90867,48
stepping,90912,90867,90912,45
walking,90913,90912,90913,1
stepping,90962,90913,90962,49
sniffing,90964,90962,90964,2
walking,90992,90964,90992,28
stepping,91027,90992,91027,35
sniffing,91028,91027,91028,1
grooming,91578,91028,91578,550
rearing,91605,91578,91605,27
stepping,91644,91605,91644,39
rising,91701,91644,91701,57
sniffing,91705,91701,91705,4
stepping,91772,91705,91772,67
rising,91826,91772,91826,54
sniffing,91854,91826,91854,28
grooming,92090,91854,92090,236
rearing,92111,92090,92111,21
left_turning,92127,92111,92127,16
rising,92158,92127,92158,31
grooming,92528,92158,92528,370
rearing,92529,92528,92529,1
climbing,92535,92529,92535,6
rising,92545,92535,92545,10
right_turning,92591,92545,92591,46
sniffing,92592,92591,92592,1
grooming,92703,92592,92703,111
rising,92722,92703,92722,19
sniffing,92723,92722,92723,1
running,92741,92723,92741,18
walking,92776,92741,92776,35
sniffing,92826,92776,92826,50
left_turning,92844,92826,92844,18
stepping,92846,92844,92846,2
walking,92847,92846,92847,1
right_turning,92849,92847,92849,2
stepping,92858,92849,92858,9
sniffing,93094,92858,93094,236
grooming,93151,93094,93151,57
sniffing,93182,93151,93182,31
left_turning,93183,93182,93183,1
walking,93227,93183,93227,44
climbing,93264,93227,93264,37
walking,93294,93264,93294,30
sniffing,93324,93294,93324,30
stepping,93393,93324,93393,69
sniffing,93394,93393,93394,1
trotting,93428,93394,93428,34
sniffing,93573,93428,93573,145
stepping,93593,93573,93593,20
sniffing,93690,93593,93690,97
left_turning,93696,93690,93696,6
grooming,93697,93696,93697,1
walking,93748,93697,93748,51
stepping,93757,93748,93757,9
walking,93787,93757,93787,30
sniffing,93811,93787,93811,24
running,93815,93811,93815,4
stepping,93850,93815,93850,35
grooming,93903,93850,93903,53
rising,93931,93903,93931,28
left_turning,93943,93931,93943,12
grooming,94240,93943,94240,297
walking,94244,94240,94244,4
rising,94245,94244,94245,1
stepping,94306,94245,94306,61
walking,94348,94306,94348,42
sniffing,94365,94348,94365,17
rising,94386,94365,94386,21
sniffing,94438,94386,94438,52
rearing,94439,94438,94439,1
grooming,94584,94439,94584,145
rearing,94605,94584,94605,21
climbing,94691,94605,94691,86
rising,94709,94691,94709,18
sniffing,94737,94709,94737,28
grooming,94738,94737,94738,1
hunching,94773,94738,94773,35
rearing,94848,94773,94848,75
rising,94877,94848,94877,29
grooming,95271,94877,95271,394
walking,95301,95271,95301,30
climbing,95340,95301,95340,39
walking,95368,95340,95368,28
stepping,95389,95368,95389,21
sniffing,95419,95389,95419,30
scratching,95439,95419,95439,20
sniffing,95754,95439,95754,315
left_turning,95755,95754,95755,1
rearing,95805,95755,95805,50
grooming,95806,95805,95806,1
sniffing,95848,95806,95848,42
stepping,95870,95848,95870,22
sniffing,95871,95870,95871,1
walking,95915,95871,95915,44
jumping,96045,95915,96045,130
walking,96115,96045,96115,70
sniffing,96135,96115,96135,20
walking,96136,96135,96136,1
stepping,96191,96136,96191,55
climbing,96264,96191,96264,73
rising,96275,96264,96275,11
rearing,96308,96275,96308,33
climbing,96333,96308,96333,25
grooming,96334,96333,96334,1
rearing,96351,96334,96351,17
climbing,96416,96351,96416,65
rearing,96443,96416,96443,27
sniffing,96505,96443,96505,62
grooming,96756,96505,96756,251
climbing,96763,96756,96763,7
rearing,96764,96763,96764,1
sniffing,96789,96764,96789,25
grooming,96841,96789,96841,52
sniffing,96878,96841,96878,37
rising,96879,96878,96879,1
rearing,96953,96879,96953,74
left_turning,96987,96953,96987,34
walking,97026,96987,97026,39
rising,97064,97026,97064,38
climbing,97094,97064,97094,30
running,97114,97094,97114,20
trotting,97146,97114,97146,32
walking,97158,97146,97158,12
left_turning,97159,97158,97159,1
stepping,97161,97159,97161,2
sniffing,97184,97161,97184,23
rising,97210,97184,97210,26
rearing,97235,97210,97235,25
grooming,97277,97235,97277,42
scratching,97291,97277,97291,14
sniffing,97509,97291,97509,218
rising,97536,97509,97536,27
rearing,97537,97536,97537,1
hunching,97624,97537,97624,87
rising,97625,97624,97625,1
sniffing,97626,97625,97626,1
left_turning,97627,97626,97627,1
trotting,97676,97627,97676,49
walking,97729,97676,97729,53
stepping,97739,97729,97739,10
sniffing,97960,97739,97960,221
rising,97966,97960,97966,6
climbing,97977,97966,97977,11
left_turning,98088,97977,98088,111
stepping,98102,98088,98102,14
climbing,98103,98102,98103,1
grooming,98104,98103,98104,1
walking,98143,98104,98143,39
grooming,98148,98143,98148,5
running,98190,98148,98190,42
stepping,98192,98190,98192,2
sniffing,98280,98192,98280,88
walking,98333,98280,98333,53
stepping,98389,98333,98389,56
walking,98405,98389,98405,16
rising,98406,98405,98406,1
rearing,98474,98406,98474,68
stepping,98513,98474,98513,39
rearing,98584,98513,98584,71
left_turning,98606,98584,98606,22
sniffing,98629,98606,98629,23
stepping,98709,98629,98709,80
sniffing,98730,98709,98730,21
running,98742,98730,98742,12
sniffing,98743,98742,98743,1
rearing,98809,98743,98809,66
hunching,98855,98809,98855,46
rising,98866,98855,98866,11
climbing,98896,98866,98896,30
rising,98901,98896,98901,5
rearing,98912,98901,98912,11
hunching,98965,98912,98965,53
grooming,98966,98965,98966,1
stepping,99057,98966,99057,91
trotting,99093,99057,99093,36
climbing,99144,99093,99144,51
stepping,99174,99144,99174,30
sniffing,99218,99174,99218,44
rising,99251,99218,99251,33
grooming,99449,99251,99449,198
rearing,99450,99449,99450,1
climbing,99576,99450,99576,126
grooming,99577,99576,99577,1
hunching,99589,99577,99589,12
walking,99599,99589,99599,10
running,99624,99599,99624,25
sniffing,99660,99624,99660,36
trotting,99670,99660,99670,10
sniffing,99713,99670,99713,43
grooming,99714,99713,99714,1
left_turning,99817,99714,99817,103
sniffing,99870,99817,99870,53
rising,99877,99870,99877,7
hunching,99973,99877,99973,96
grooming,100153,99973,100153,180
scratching,100249,100153,100249,96
grooming,100250,100249,100250,1
rising,100293,100250,100293,43
rearing,100294,100293,100294,1
sniffing,100382,100294,100382,88
left_turning,100383,100382,100383,1
walking,100428,100383,100428,45
sniffing,100480,100428,100480,52
stepping,100493,100480,100493,13
sniffing,100539,100493,100539,46
right_turning,100540,100539,100540,1
running,100556,100540,100556,16
stepping,100596,100556,100596,40
walking,100650,100596,100650,54
stepping,100665,100650,100665,15
sniffing,100670,100665,100670,5
stepping,100714,100670,100714,44
left_turning,100793,100714,100793,79
walking,100816,100793,100816,23
grooming,100817,100816,100817,1
left_turning,100818,100817,100818,1
walking,100834,100818,100834,16
trotting,100846,100834,100846,12
walking,100847,100846,100847,1
sniffing,100900,100847,100900,53
rearing,100952,100900,100952,52
stepping,100984,100952,100984,32
sniffing,101102,100984,101102,118
grooming,101162,101102,101162,60
walking,101199,101162,101199,37
stepping,101217,101199,101217,18
sniffing,101222,101217,101222,5
walking,101266,101222,101266,44
sniffing,101394,101266,101394,128
rearing,101481,101394,101481,87
hunching,101488,101481,101488,7
grooming,101588,101488,101588,100
stepping,101633,101588,101633,45
walking,101645,101633,101645,12
right_turning,101665,101645,101665,20
sniffing,101682,101665,101682,17
rising,101743,101682,101743,61
stepping,101777,101743,101777,34
rising,101790,101777,101790,13
trotting,101815,101790,101815,25
running,101832,101815,101832,17
stepping,101856,101832,101856,24
trotting,101867,101856,101867,11
walking,101888,101867,101888,21
sniffing,101945,101888,101945,57
left_turning,101982,101945,101982,37
rearing,102115,101982,102115,133
grooming,102213,102115,102213,98
rising,102214,102213,102214,1
rearing,102234,102214,102234,20
sniffing,102298,102234,102298,64
walking,102336,102298,102336,38
grooming,102337,102336,102337,1
sniffing,102398,102337,102398,61
rising,102427,102398,102427,29
climbing,102470,102427,102470,43
trotting,102480,102470,102480,10
rising,102531,102480,102531,51
climbing,102596,102531,102596,65
running,102616,102596,102616,20
walking,102678,102616,102678,62
sniffing,102712,102678,102712,34
left_turning,102735,102712,102735,23
sniffing,102764,102735,102764,29
rising,102816,102764,102816,52
rearing,102929,102816,102929,113
climbing,103022,102929,103022,93
sniffing,103043,103022,103043,21
grooming,103044,103043,103044,1
rearing,103084,103044,103084,40
hunching,103172,103084,103172,88
rearing,103192,103172,103192,20
walking,103209,103192,103209,17
right_turning,103231,103209,103231,22
stepping,103270,103231,103270,39
sniffing,103388,103270,103388,118
grooming,103629,103388,103629,241
stepping,103652,103629,103652,23
right_turning,103668,103652,103668,16
stepping,103693,103668,103693,25
sniffing,103766,103693,103766,73
rising,103793,103766,103793,27
rearing,103813,103793,103813,20
grooming,103814,103813,103814,1
right_turning,103841,103814,103841,27
stepping,103855,103841,103855,14
walking,103862,103855,103862,7
right_turning,103863,103862,103863,1
stepping,103867,103863,103867,4
walking,103897,103867,103897,30
sniffing,103898,103897,103898,1
walking,103950,103898,103950,52
sniffing,103985,103950,103985,35
stepping,104043,103985,104043,58
jumping,104113,104043,104113,70
grooming,104114,104113,104114,1
rearing,104115,104114,104115,1
climbing,104116,104115,104116,1
right_turning,104122,104116,104122,6
sniffing,104150,104122,104150,28
walking,104192,104150,104192,42
climbing,104206,104192,104206,14
grooming,104207,104206,104207,1
right_turning,104235,104207,104235,28
sniffing,104255,104235,104255,20
rearing,104290,104255,104290,35
right_turning,104296,104290,104296,6
walking,104313,104296,104313,17
climbing,104325,104313,104325,12
left_turning,104349,104325,104349,24
stepping,104387,104349,104387,38
walking,104413,104387,104413,26
rising,104471,104413,104471,58
sniffing,104493,104471,104493,22
walking,104513,104493,104513,20
stepping,104530,104513,104530,17
left_turning,104537,104530,104537,7
walking,104557,104537,104557,20
stepping,104576,104557,104576,19
grooming,104799,104576,104799,223
stepping,104824,104799,104824,25
rising,104825,104824,104825,1
sniffing,104827,104825,104827,2
rising,104828,104827,104828,1
sniffing,104830,104828,104830,2
scratching,104863,104830,104863,33
sniffing,104922,104863,104922,59
left_turning,104948,104922,104948,26
sniffing,104964,104948,104964,16
grooming,104981,104964,104981,17
rearing,105009,104981,105009,28
grooming,105010,105009,105010,1
rearing,105011,105010,105011,1
climbing,105016,105011,105016,5
walking,105017,105016,105017,1
sniffing,105035,105017,105035,18
walking,105075,105035,105075,40
sniffing,105090,105075,105090,15
walking,105097,105090,105097,7
sniffing,105218,105097,105218,121
stepping,105266,105218,105266,48
sniffing,105306,105266,105306,40
walking,105321,105306,105321,15
stepping,105466,105321,105466,145
rising,105467,105466,105467,1
climbing,105522,105467,105522,55
right_turning,105548,105522,105548,26
sniffing,105553,105548,105553,5
rising,105575,105553,105575,22
sniffing,105589,105575,105589,14
stepping,105616,105589,105616,27
walking,105635,105616,105635,19
stepping,105729,105635,105729,94
sniffing,105784,105729,105784,55
stepping,105785,105784,105785,1
left_turning,105805,105785,105805,20
grooming,105962,105805,105962,157
hunching,106198,105962,106198,236
sniffing,106286,106198,106286,88
stepping,106305,106286,106305,19
sniffing,106345,106305,106345,40
rearing,106346,106345,106346,1
grooming,106414,106346,106414,68
left_turning,106415,106414,106415,1
rising,106557,106415,106557,142
rearing,106603,106557,106603,46
stepping,106631,106603,106631,28
sniffing,106632,106631,106632,1
walking,106679,106632,106679,47
sniffing,106735,106679,106735,56
walking,106761,106735,106761,26
sniffing,106814,106761,106814,53
rearing,106916,106814,106916,102
sniffing,106980,106916,106980,64
rearing,107072,106980,107072,92
grooming,107857,107072,107857,785
rearing,107858,107857,107858,1
sniffing,107859,107858,107859,1
grooming,107996,107859,107996,137
scratching,108000,107996,108000,4
