revised_movement_label,segBoundary,segBoundary_start,segBoundary_end,length
left_turning,11,0,11,11
rising,12,11,12,1
sniffing,29,12,29,17
rising,67,29,67,38
grooming,191,67,191,124
rearing,208,191,208,17
climbing,283,208,283,75
rising,346,283,346,63
sniffing,413,346,413,67
stepping,505,413,505,92
rising,511,505,511,6
walking,542,511,542,31
stepping,543,542,543,1
sniffing,579,543,579,36
stepping,580,579,580,1
sniffing,721,580,721,141
walking,748,721,748,27
stepping,789,748,789,41
sniffing,790,789,790,1
trotting,811,790,811,21
stepping,818,811,818,7
sniffing,837,818,837,19
rising,872,837,872,35
grooming,941,872,941,69
left_turning,956,941,956,15
running,994,956,994,38
trotting,1012,994,1012,18
rising,1057,1012,1057,45
sniffing,1058,1057,1058,1
grooming,1276,1058,1276,218
sniffing,1277,1276,1277,1
climbing,1310,1277,1310,33
sniffing,1366,1310,1366,56
walking,1368,1366,1368,2
stepping,1378,1368,1378,10
rising,1379,1378,1379,1
climbing,1427,1379,1427,48
walking,1450,1427,1450,23
stepping,1453,1450,1453,3
sniffing,1454,1453,1454,1
rising,1508,1454,1508,54
hunching,1547,1508,1547,39
grooming,1748,1547,1748,201
hunching,1888,1748,1888,140
stepping,1919,1888,1919,31
sniffing,1969,1919,1969,50
stepping,2048,1969,2048,79
rising,2049,2048,2049,1
grooming,2065,2049,2065,16
hunching,2066,2065,2066,1
rearing,2128,2066,2128,62
hunching,2232,2128,2232,104
grooming,2289,2232,2289,57
trotting,2314,2289,2314,25
walking,2382,2314,2382,68
sniffing,2466,2382,2466,84
left_turning,2474,2466,2474,8
sniffing,2475,2474,2475,1
walking,2476,2475,2476,1
sniffing,2610,2476,2610,134
walking,2676,2610,2676,66
trotting,2738,2676,2738,62
running,2748,2738,2748,10
trotting,2765,2748,2765,17
stepping,2789,2765,2789,24
right_turning,2808,2789,2808,19
walking,2839,2808,2839,31
trotting,2852,2839,2852,13
running,2865,2852,2865,13
trotting,2879,2865,2879,14
walking,2894,2879,2894,15
sniffing,3020,2894,3020,126
rising,3075,3020,3075,55
sniffing,3170,3075,3170,95
rearing,3213,3170,3213,43
stepping,3221,3213,3221,8
rising,3466,3221,3466,245
sniffing,3541,3466,3541,75
right_turning,3552,3541,3552,11
stepping,3575,3552,3575,23
walking,3638,3575,3638,63
sniffing,3652,3638,3652,14
rising,3739,3652,3739,87
rearing,3786,3739,3786,47
hunching,3939,3786,3939,153
grooming,4075,3939,4075,136
walking,4132,4075,4132,57
sniffing,4200,4132,4200,68
walking,4213,4200,4213,13
sniffing,4282,4213,4282,69
stepping,4325,4282,4325,43
sniffing,4377,4325,4377,52
rearing,4378,4377,4378,1
rising,4441,4378,4441,63
trotting,4466,4441,4466,25
walking,4486,4466,4486,20
rising,4511,4486,4511,25
sniffing,4554,4511,4554,43
climbing,4575,4554,4575,21
sniffing,4678,4575,4678,103
grooming,4794,4678,4794,116
sniffing,4795,4794,4795,1
walking,4885,4795,4885,90
running,4903,4885,4903,18
rising,5200,4903,5200,297
running,5209,5200,5209,9
walking,5218,5209,5218,9
running,5244,5218,5244,26
walking,5257,5244,5257,13
trotting,5262,5257,5262,5
stepping,5287,5262,5287,25
rising,5288,5287,5288,1
walking,5289,5288,5289,1
sniffing,5327,5289,5327,38
stepping,5328,5327,5328,1
left_turning,5358,5328,5358,30
walking,5379,5358,5379,21
sniffing,5380,5379,5380,1
walking,5389,5380,5389,9
stepping,5390,5389,5390,1
walking,5403,5390,5403,13
climbing,5455,5403,5455,52
sniffing,5468,5455,5468,13
walking,5488,5468,5488,20
sniffing,5543,5488,5543,55
rising,5554,5543,5554,11
sniffing,5700,5554,5700,146
trotting,5706,5700,5706,6
running,5735,5706,5735,29
walking,5763,5735,5763,28
rising,5858,5763,5858,95
walking,5887,5858,5887,29
trotting,5900,5887,5900,13
walking,5930,5900,5930,30
rising,5931,5930,5931,1
sniffing,5948,5931,5948,17
stepping,5960,5948,5960,12
walking,5969,5960,5969,9
sniffing,6010,5969,6010,41
walking,6011,6010,6011,1
stepping,6012,6011,6012,1
rising,6184,6012,6184,172
sniffing,6237,6184,6237,53
rising,6297,6237,6297,60
stepping,6332,6297,6332,35
walking,6338,6332,6338,6
sniffing,6342,6338,6342,4
grooming,7105,6342,7105,763
left_turning,7161,7105,7161,56
stepping,7182,7161,7182,21
rising,7183,7182,7183,1
climbing,7220,7183,7220,37
grooming,7231,7220,7231,11
hunching,7431,7231,7431,200
left_turning,7449,7431,7449,18
stepping,7474,7449,7474,25
walking,7515,7474,7515,41
left_turning,7516,7515,7516,1
grooming,7607,7516,7607,91
left_turning,7621,7607,7621,14
walking,7665,7621,7665,44
trotting,7671,7665,7671,6
rising,7672,7671,7672,1
walking,7677,7672,7677,5
stepping,7701,7677,7701,24
sniffing,7734,7701,7734,33
rearing,7827,7734,7827,93
grooming,7957,7827,7957,130
sniffing,7976,7957,7976,19
rising,7977,7976,7977,1
rearing,8077,7977,8077,100
grooming,8164,8077,8164,87
rising,8173,8164,8173,9
climbing,8204,8173,8204,31
running,8239,8204,8239,35
trotting,8268,8239,8268,29
walking,8288,8268,8288,20
stepping,8318,8288,8318,30
walking,8402,8318,8402,84
sniffing,8432,8402,8432,30
walking,8469,8432,8469,37
stepping,8471,8469,8471,2
left_turning,8476,8471,8476,5
running,8515,8476,8515,39
trotting,8542,8515,8542,27
walking,8571,8542,8571,29
sniffing,8618,8571,8618,47
grooming,8619,8618,8619,1
hunching,8889,8619,8889,270
rearing,8915,8889,8915,26
sniffing,8944,8915,8944,29
grooming,9075,8944,9075,131
rising,9076,9075,9076,1
rearing,9232,9076,9232,156
climbing,9280,9232,9280,48
rearing,9281,9280,9281,1
grooming,9282,9281,9282,1
sniffing,9316,9282,9316,34
rising,9317,9316,9317,1
rearing,9318,9317,9318,1
left_turning,9331,9318,9331,13
trotting,9340,9331,9340,9
rising,9383,9340,9383,43
climbing,9414,9383,9414,31
grooming,9551,9414,9551,137
rising,9617,9551,9617,66
rearing,9689,9617,9689,72
hunching,9715,9689,9715,26
rising,9738,9715,9738,23
left_turning,9739,9738,9739,1
stepping,9764,9739,9764,25
sniffing,9817,9764,9817,53
grooming,9818,9817,9818,1
hunching,9845,9818,9845,27
grooming,10099,9845,10099,254
rearing,10273,10099,10273,174
grooming,10299,10273,10299,26
hunching,10315,10299,10315,16
grooming,10316,10315,10316,1
sniffing,10330,10316,10330,14
walking,10362,10330,10362,32
trotting,10383,10362,10383,21
walking,10409,10383,10409,26
sniffing,10410,10409,10410,1
grooming,10793,10410,10793,383
sniffing,10818,10793,10818,25
grooming,11548,10818,11548,730
walking,11571,11548,11571,23
grooming,11729,11571,11729,158
rearing,11841,11729,11841,112
grooming,11842,11841,11842,1
walking,11881,11842,11881,39
sniffing,12005,11881,12005,124
trotting,12007,12005,12007,2
grooming,12062,12007,12062,55
sniffing,12117,12062,12117,55
trotting,12154,12117,12154,37
sniffing,12242,12154,12242,88
stepping,12260,12242,12260,18
grooming,12419,12260,12419,159
climbing,12441,12419,12441,22
sniffing,12503,12441,12503,62
grooming,12665,12503,12665,162
rising,12824,12665,12824,159
grooming,12825,12824,12825,1
rising,12845,12825,12845,20
climbing,12892,12845,12892,47
walking,12897,12892,12897,5
trotting,12898,12897,12898,1
stepping,12941,12898,12941,43
left_turning,12976,12941,12976,35
trotting,12991,12976,12991,15
sniffing,13014,12991,13014,23
rising,13052,13014,13052,38
climbing,13094,13052,13094,42
grooming,13262,13094,13262,168
trotting,13268,13262,13268,6
walking,13310,13268,13310,42
stepping,13317,13310,13317,7
sniffing,13404,13317,13404,87
rising,13444,13404,13444,40
left_turning,13476,13444,13476,32
grooming,13767,13476,13767,291
sniffing,13793,13767,13793,26
grooming,13794,13793,13794,1
trotting,13799,13794,13799,5
stepping,13830,13799,13830,31
climbing,13847,13830,13847,17
left_turning,13885,13847,13885,38
sniffing,13905,13885,13905,20
grooming,14318,13905,14318,413
rising,14347,14318,14347,29
rearing,14745,14347,14745,398
grooming,14948,14745,14948,203
rising,15101,14948,15101,153
rearing,15234,15101,15234,133
rising,15292,15234,15292,58
left_turning,15303,15292,15303,11
grooming,15304,15303,15304,1
stepping,15325,15304,15325,21
sniffing,15326,15325,15326,1
grooming,15327,15326,15327,1
sniffing,15391,15327,15391,64
rising,15392,15391,15392,1
grooming,15393,15392,15393,1
stepping,15428,15393,15428,35
walking,15437,15428,15437,9
rising,15485,15437,15485,48
climbing,15528,15485,15528,43
rearing,15913,15528,15913,385
rising,16079,15913,16079,166
walking,16127,16079,16127,48
sniffing,16205,16127,16205,78
walking,16207,16205,16207,2
sniffing,16231,16207,16231,24
rearing,16232,16231,16232,1
grooming,16320,16232,16320,88
rearing,16446,16320,16446,126
sniffing,16447,16446,16447,1
grooming,16925,16447,16925,478
right_turning,16931,16925,16931,6
stepping,16932,16931,16932,1
sniffing,16933,16932,16933,1
grooming,17318,16933,17318,385
running,17331,17318,17331,13
walking,17412,17331,17412,81
grooming,17431,17412,17431,19
scratching,17458,17431,17458,27
grooming,17459,17458,17459,1
rising,17531,17459,17531,72
climbing,17542,17531,17542,11
running,17550,17542,17550,8
trotting,17572,17550,17572,22
stepping,17573,17572,17573,1
grooming,17758,17573,17758,185
hunching,17759,17758,17759,1
grooming,18488,17759,18488,729
rising,18504,18488,18504,16
left_turning,18528,18504,18528,24
walking,18556,18528,18556,28
grooming,18841,18556,18841,285
rising,19066,18841,19066,225
sniffing,19067,19066,19067,1
stepping,19081,19067,19081,14
sniffing,19104,19081,19104,23
left_turning,19140,19104,19140,36
trotting,19174,19140,19174,34
walking,19208,19174,19208,34
stepping,19209,19208,19209,1
rearing,19231,19209,19231,22
right_turning,19258,19231,19258,27
stepping,19278,19258,19278,20
sniffing,19317,19278,19317,39
climbing,19363,19317,19363,46
rising,19412,19363,19412,49
sniffing,19413,19412,19413,1
grooming,19659,19413,19659,246
rearing,19687,19659,19687,28
walking,19710,19687,19710,23
sniffing,19767,19710,19767,57
right_turning,19778,19767,19778,11
sniffing,19785,19778,19785,7
walking,19810,19785,19810,25
sniffing,19862,19810,19862,52
stepping,19890,19862,19890,28
rising,19891,19890,19891,1
left_turning,19900,19891,19900,9
sniffing,19916,19900,19916,16
walking,19917,19916,19917,1
left_turning,19954,19917,19954,37
grooming,19955,19954,19955,1
rising,19969,19955,19969,14
sniffing,20031,19969,20031,62
trotting,20064,20031,20064,33
walking,20086,20064,20086,22
sniffing,20162,20086,20162,76
rising,20199,20162,20199,37
grooming,20225,20199,20225,26
hunching,20292,20225,20292,67
rearing,20384,20292,20384,92
sniffing,20409,20384,20409,25
walking,20448,20409,20448,39
stepping,20492,20448,20492,44
sniffing,20552,20492,20552,60
walking,20622,20552,20622,70
rising,20623,20622,20623,1
sniffing,20654,20623,20654,31
stepping,20717,20654,20717,63
rising,20741,20717,20741,24
sniffing,20746,20741,20746,5
grooming,20747,20746,20747,1
hunching,20792,20747,20792,45
grooming,20793,20792,20793,1
rearing,20831,20793,20831,38
hunching,20930,20831,20930,99
rearing,20932,20930,20932,2
climbing,20979,20932,20979,47
grooming,21100,20979,21100,121
rising,21112,21100,21112,12
hunching,21166,21112,21166,54
rearing,21167,21166,21167,1
climbing,21217,21167,21217,50
walking,21255,21217,21255,38
stepping,21256,21255,21256,1
climbing,21258,21256,21258,2
rising,21295,21258,21295,37
sniffing,21296,21295,21296,1
walking,21313,21296,21313,17
sniffing,21347,21313,21347,34
grooming,21685,21347,21685,338
sniffing,21707,21685,21707,22
stepping,21732,21707,21732,25
sniffing,21753,21732,21753,21
rising,21756,21753,21756,3
walking,21806,21756,21806,50
sniffing,21996,21806,21996,190
stepping,22039,21996,22039,43
sniffing,22040,22039,22040,1
left_turning,22079,22040,22079,39
rising,22084,22079,22084,5
walking,22089,22084,22089,5
stepping,22090,22089,22090,1
rising,22117,22090,22117,27
walking,22144,22117,22144,27
stepping,22191,22144,22191,47
sniffing,22211,22191,22211,20
walking,22280,22211,22280,69
rising,22332,22280,22332,52
climbing,22428,22332,22428,96
trotting,22448,22428,22448,20
walking,22465,22448,22465,17
rearing,22576,22465,22576,111
grooming,22645,22576,22645,69
climbing,22697,22645,22697,52
grooming,22698,22697,22698,1
sniffing,22703,22698,22703,5
stepping,22706,22703,22706,3
sniffing,22722,22706,22722,16
rising,22760,22722,22760,38
grooming,22792,22760,22792,32
left_turning,22796,22792,22796,4
walking,22810,22796,22810,14
sniffing,22921,22810,22921,111
stepping,22956,22921,22956,35
sniffing,22984,22956,22984,28
grooming,22985,22984,22985,1
walking,23018,22985,23018,33
grooming,23334,23018,23334,316
rearing,23361,23334,23361,27
grooming,23452,23361,23452,91
rearing,23504,23452,23504,52
trotting,23526,23504,23526,22
stepping,23542,23526,23542,16
sniffing,23543,23542,23543,1
grooming,23659,23543,23659,116
hunching,23676,23659,23676,17
right_turning,23720,23676,23720,44
sniffing,23732,23720,23732,12
rearing,23791,23732,23791,59
walking,23812,23791,23812,21
rising,23828,23812,23828,16
right_turning,23847,23828,23847,19
sniffing,24006,23847,24006,159
stepping,24058,24006,24058,52
trotting,24081,24058,24081,23
sniffing,24082,24081,24082,1
grooming,24083,24082,24083,1
sniffing,24084,24083,24084,1
stepping,24100,24084,24100,16
sniffing,24101,24100,24101,1
hunching,24113,24101,24113,12
left_turning,24135,24113,24135,22
walking,24143,24135,24143,8
sniffing,24144,24143,24144,1
grooming,24145,24144,24145,1
stepping,24151,24145,24151,6
walking,24159,24151,24159,8
right_turning,24198,24159,24198,39
sniffing,24211,24198,24211,13
walking,24227,24211,24227,16
running,24255,24227,24255,28
trotting,24279,24255,24279,24
stepping,24333,24279,24333,54
rising,24362,24333,24362,29
grooming,24363,24362,24363,1
rearing,24382,24363,24382,19
stepping,24405,24382,24405,23
climbing,24422,24405,24422,17
left_turning,24441,24422,24441,19
climbing,24475,24441,24475,34
rearing,24640,24475,24640,165
grooming,24693,24640,24693,53
walking,24742,24693,24742,49
stepping,24763,24742,24763,21
grooming,25087,24763,25087,324
rearing,25182,25087,25182,95
walking,25183,25182,25183,1
hunching,25278,25183,25278,95
climbing,25298,25278,25298,20
grooming,25299,25298,25299,1
rising,25307,25299,25307,8
walking,25333,25307,25333,26
sniffing,25334,25333,25334,1
climbing,25393,25334,25393,59
left_turning,25458,25393,25458,65
sniffing,25459,25458,25459,1
grooming,25856,25459,25856,397
hunching,25978,25856,25978,122
grooming,26067,25978,26067,89
climbing,26093,26067,26093,26
right_turning,26123,26093,26123,30
walking,26143,26123,26143,20
stepping,26145,26143,26145,2
sniffing,26146,26145,26146,1
trotting,26182,26146,26182,36
sniffing,26183,26182,26183,1
rising,26203,26183,26203,20
left_turning,26204,26203,26204,1
sniffing,26220,26204,26220,16
grooming,26221,26220,26221,1
stepping,26238,26221,26238,17
sniffing,26278,26238,26278,40
climbing,26370,26278,26370,92
grooming,26371,26370,26371,1
sniffing,26408,26371,26408,37
grooming,26564,26408,26564,156
running,26576,26564,26576,12
stepping,26578,26576,26578,2
trotting,26592,26578,26592,14
sniffing,26599,26592,26599,7
climbing,26632,26599,26632,33
walking,26688,26632,26688,56
trotting,26689,26688,26689,1
walking,26712,26689,26712,23
sniffing,26731,26712,26731,19
rising,26762,26731,26762,31
sniffing,26866,26762,26866,104
stepping,26907,26866,26907,41
walking,26908,26907,26908,1
rearing,26921,26908,26921,13
grooming,26925,26921,26925,4
running,26952,26925,26952,27
sniffing,26953,26952,26953,1
stepping,26970,26953,26970,17
right_turning,26986,26970,26986,16
sniffing,27059,26986,27059,73
grooming,27689,27059,27689,630
walking,27725,27689,27725,36
sniffing,27751,27725,27751,26
walking,27811,27751,27811,60
rising,27812,27811,27812,1
rearing,27901,27812,27901,89
walking,27966,27901,27966,65
grooming,28535,27966,28535,569
rearing,28584,28535,28584,49
hunching,28600,28584,28600,16
grooming,28671,28600,28671,71
left_turning,28685,28671,28685,14
walking,28697,28685,28697,12
stepping,28705,28697,28705,8
rising,28786,28705,28786,81
climbing,28826,28786,28826,40
rearing,28995,28826,28995,169
grooming,28996,28995,28996,1
trotting,28998,28996,28998,2
rising,29031,28998,29031,33
sniffing,29032,29031,29032,1
walking,29039,29032,29039,7
right_turning,29065,29039,29065,26
walking,29074,29065,29074,9
rising,29075,29074,29075,1
stepping,29104,29075,29104,29
rearing,29181,29104,29181,77
stepping,29204,29181,29204,23
sniffing,29276,29204,29276,72
rising,29302,29276,29302,26
stepping,29350,29302,29350,48
walking,29401,29350,29401,51
sniffing,29433,29401,29433,32
rising,29488,29433,29488,55
climbing,29505,29488,29505,17
rising,29525,29505,29525,20
left_turning,29534,29525,29534,9
grooming,29535,29534,29535,1
hunching,29581,29535,29581,46
rising,29621,29581,29621,40
grooming,29730,29621,29730,109
stepping,29770,29730,29770,40
trotting,29780,29770,29780,10
sniffing,29863,29780,29863,83
grooming,29864,29863,29864,1
walking,29914,29864,29914,50
rising,29949,29914,29949,35
rearing,30029,29949,30029,80
stepping,30052,30029,30052,23
sniffing,30074,30052,30074,22
grooming,30191,30074,30191,117
trotting,30229,30191,30229,38
sniffing,30355,30229,30355,126
stepping,30356,30355,30356,1
sniffing,30386,30356,30386,30
walking,30426,30386,30426,40
sniffing,30438,30426,30438,12
left_turning,30459,30438,30459,21
sniffing,30460,30459,30460,1
rising,30461,30460,30461,1
grooming,30561,30461,30561,100
right_turning,30583,30561,30583,22
stepping,30590,30583,30590,7
sniffing,30607,30590,30607,17
stepping,30620,30607,30620,13
walking,30637,30620,30637,17
sniffing,30661,30637,30661,24
stepping,30665,30661,30665,4
rising,30666,30665,30666,1
left_turning,30667,30666,30667,1
walking,30694,30667,30694,27
stepping,30713,30694,30713,19
walking,30771,30713,30771,58
sniffing,30796,30771,30796,25
walking,30797,30796,30797,1
grooming,31026,30797,31026,229
hunching,31092,31026,31092,66
grooming,31093,31092,31093,1
trotting,31124,31093,31124,31
rising,31138,31124,31138,14
walking,31158,31138,31158,20
sniffing,31205,31158,31205,47
rising,31228,31205,31228,23
walking,31269,31228,31269,41
stepping,31327,31269,31327,58
walking,31366,31327,31366,39
right_turning,31375,31366,31375,9
trotting,31386,31375,31386,11
stepping,31396,31386,31396,10
grooming,31549,31396,31549,153
running,31558,31549,31558,9
walking,31569,31558,31569,11
grooming,31667,31569,31667,98
scratching,31709,31667,31709,42
sniffing,31719,31709,31719,10
stepping,31744,31719,31744,25
sniffing,31802,31744,31802,58
rising,31852,31802,31852,50
walking,31856,31852,31856,4
trotting,31881,31856,31881,25
climbing,31909,31881,31909,28
walking,31956,31909,31956,47
stepping,32011,31956,32011,55
sniffing,32155,32011,32155,144
rising,32191,32155,32191,36
climbing,32227,32191,32227,36
sniffing,32228,32227,32228,1
trotting,32289,32228,32289,61
stepping,32353,32289,32353,64
walking,32369,32353,32369,16
sniffing,32378,32369,32378,9
rising,32401,32378,32401,23
grooming,33259,32401,33259,858
running,33288,33259,33288,29
rising,33324,33288,33324,36
sniffing,33325,33324,33325,1
stepping,33373,33325,33373,48
climbing,33413,33373,33413,40
walking,33444,33413,33444,31
stepping,33445,33444,33445,1
walking,33459,33445,33459,14
sniffing,33460,33459,33460,1
grooming,33715,33460,33715,255
rearing,33802,33715,33802,87
climbing,33824,33802,33824,22
sniffing,33858,33824,33858,34
walking,33898,33858,33898,40
stepping,33944,33898,33944,46
trotting,33977,33944,33977,33
rising,33978,33977,33978,1
sniffing,33993,33978,33993,15
rising,34032,33993,34032,39
climbing,34078,34032,34078,46
sniffing,34081,34078,34081,3
stepping,34091,34081,34091,10
sniffing,34117,34091,34117,26
grooming,34714,34117,34714,597
right_turning,34737,34714,34737,23
stepping,34753,34737,34753,16
grooming,34858,34753,34858,105
hunching,34904,34858,34904,46
grooming,34905,34904,34905,1
rising,34908,34905,34908,3
sniffing,34963,34908,34963,55
grooming,34989,34963,34989,26
right_turning,35016,34989,35016,27
sniffing,35046,35016,35046,30
walking,35087,35046,35087,41
sniffing,35114,35087,35114,27
rising,35127,35114,35127,13
stepping,35155,35127,35155,28
walking,35180,35155,35180,25
stepping,35211,35180,35211,31
grooming,35886,35211,35886,675
left_turning,35949,35886,35949,63
trotting,35982,35949,35982,33
rising,35983,35982,35983,1
rearing,35984,35983,35984,1
climbing,36038,35984,36038,54
hunching,36061,36038,36061,23
sniffing,36082,36061,36082,21
stepping,36104,36082,36104,22
grooming,36267,36104,36267,163
walking,36293,36267,36293,26
stepping,36307,36293,36307,14
rearing,36446,36307,36446,139
hunching,36622,36446,36622,176
rearing,36623,36622,36623,1
hunching,36634,36623,36634,11
rising,36687,36634,36687,53
sniffing,36751,36687,36751,64
walking,36754,36751,36754,3
sniffing,36893,36754,36893,139
rising,36925,36893,36925,32
sniffing,36926,36925,36926,1
walking,36943,36926,36943,17
rearing,36944,36943,36944,1
grooming,37058,36944,37058,114
hunching,37115,37058,37115,57
grooming,37215,37115,37215,100
climbing,37275,37215,37275,60
running,37289,37275,37289,14
walking,37317,37289,37317,28
sniffing,37351,37317,37351,34
walking,37384,37351,37384,33
rising,37434,37384,37434,50
climbing,37467,37434,37467,33
left_turning,37508,37467,37508,41
sniffing,37546,37508,37546,38
rising,37575,37546,37575,29
climbing,37596,37575,37596,21
grooming,37597,37596,37597,1
climbing,37713,37597,37713,116
right_turning,37718,37713,37718,5
running,37750,37718,37750,32
walking,37766,37750,37766,16
trotting,37786,37766,37786,20
walking,37832,37786,37832,46
rising,37836,37832,37836,4
grooming,38682,37836,38682,846
sniffing,38684,38682,38684,2
stepping,38712,38684,38712,28
sniffing,38792,38712,38792,80
walking,38808,38792,38808,16
right_turning,38815,38808,38815,7
walking,38870,38815,38870,55
sniffing,38896,38870,38896,26
grooming,39021,38896,39021,125
climbing,39075,39021,39075,54
left_turning,39120,39075,39120,45
sniffing,39199,39120,39199,79
climbing,39234,39199,39234,35
sniffing,39256,39234,39256,22
rising,39295,39256,39295,39
climbing,39345,39295,39345,50
left_turning,39378,39345,39378,33
sniffing,39402,39378,39402,24
walking,39414,39402,39414,12
right_turning,39433,39414,39433,19
grooming,39474,39433,39474,41
rearing,39563,39474,39563,89
grooming,39648,39563,39648,85
hunching,39657,39648,39657,9
rising,39680,39657,39680,23
climbing,39711,39680,39711,31
left_turning,39737,39711,39737,26
walking,39738,39737,39738,1
grooming,39739,39738,39739,1
trotting,39771,39739,39771,32
sniffing,39858,39771,39858,87
climbing,39877,39858,39877,19
walking,39909,39877,39909,32
grooming,40082,39909,40082,173
walking,40106,40082,40106,24
right_turning,40128,40106,40128,22
walking,40220,40128,40220,92
sniffing,40254,40220,40254,34
grooming,40765,40254,40765,511
rising,40772,40765,40772,7
walking,40777,40772,40777,5
trotting,40802,40777,40802,25
walking,40847,40802,40847,45
trotting,40850,40847,40850,3
left_turning,40866,40850,40866,16
grooming,40930,40866,40930,64
rearing,41050,40930,41050,120
hunching,41083,41050,41083,33
sniffing,41098,41083,41098,15
left_turning,41115,41098,41115,17
sniffing,41116,41115,41116,1
left_turning,41143,41116,41143,27
sniffing,41144,41143,41144,1
rearing,41238,41144,41238,94
grooming,41239,41238,41239,1
rising,41296,41239,41296,57
grooming,41470,41296,41470,174
sniffing,41497,41470,41497,27
left_turning,41533,41497,41533,36
scratching,41611,41533,41611,78
grooming,41769,41611,41769,158
left_turning,41800,41769,41800,31
running,41820,41800,41820,20
walking,41827,41820,41827,7
sniffing,41876,41827,41876,49
left_turning,41926,41876,41926,50
sniffing,41949,41926,41949,23
walking,41979,41949,41979,30
sniffing,41984,41979,41984,5
stepping,42016,41984,42016,32
running,42051,42016,42051,35
sniffing,42089,42051,42089,38
rising,42097,42089,42097,8
grooming,42162,42097,42162,65
stepping,42191,42162,42191,29
rearing,42248,42191,42248,57
grooming,42280,42248,42280,32
sniffing,42322,42280,42322,42
walking,42360,42322,42360,38
sniffing,42382,42360,42382,22
stepping,42412,42382,42412,30
sniffing,42439,42412,42439,27
stepping,42460,42439,42460,21
rising,42508,42460,42508,48
climbing,42539,42508,42539,31
grooming,42540,42539,42540,1
scratching,42624,42540,42624,84
walking,42652,42624,42652,28
sniffing,42777,42652,42777,125
rising,42813,42777,42813,36
rearing,42830,42813,42830,17
rising,42852,42830,42852,22
sniffing,42912,42852,42912,60
right_turning,42920,42912,42920,8
grooming,42982,42920,42982,62
rearing,42983,42982,42983,1
stepping,43006,42983,43006,23
walking,43012,43006,43012,6
sniffing,43105,43012,43105,93
walking,43132,43105,43132,27
sniffing,43192,43132,43192,60
left_turning,43231,43192,43231,39
grooming,43250,43231,43250,19
rearing,43251,43250,43251,1
hunching,43479,43251,43479,228
climbing,43591,43479,43591,112
rising,43653,43591,43653,62
climbing,43746,43653,43746,93
right_turning,43772,43746,43772,26
stepping,43773,43772,43773,1
right_turning,43803,43773,43803,30
rising,43845,43803,43845,42
sniffing,43868,43845,43868,23
climbing,43891,43868,43891,23
grooming,44104,43891,44104,213
stepping,44122,44104,44122,18
grooming,44238,44122,44238,116
hunching,44276,44238,44276,38
rearing,44295,44276,44295,19
climbing,44310,44295,44310,15
grooming,44341,44310,44341,31
sniffing,44380,44341,44380,39
trotting,44386,44380,44386,6
rising,44387,44386,44387,1
rearing,44424,44387,44424,37
grooming,44599,44424,44599,175
rising,44622,44599,44622,23
climbing,44657,44622,44657,35
walking,44672,44657,44672,15
sniffing,44696,44672,44696,24
left_turning,44701,44696,44701,5
walking,44730,44701,44730,29
stepping,44774,44730,44774,44
grooming,44775,44774,44775,1
stepping,44793,44775,44793,18
sniffing,44814,44793,44814,21
grooming,44815,44814,44815,1
rising,44816,44815,44816,1
left_turning,44832,44816,44832,16
trotting,44849,44832,44849,17
stepping,44850,44849,44850,1
running,44888,44850,44888,38
trotting,44932,44888,44932,44
walking,44965,44932,44965,33
sniffing,45062,44965,45062,97
left_turning,45076,45062,45076,14
walking,45117,45076,45117,41
stepping,45169,45117,45169,52
rearing,45229,45169,45229,60
hunching,45317,45229,45317,88
rearing,45370,45317,45370,53
sniffing,45431,45370,45431,61
left_turning,45485,45431,45485,54
walking,45522,45485,45522,37
stepping,45539,45522,45539,17
sniffing,45583,45539,45583,44
grooming,45584,45583,45584,1
hunching,45643,45584,45643,59
stepping,45654,45643,45654,11
sniffing,45762,45654,45762,108
rising,45784,45762,45784,22
climbing,45794,45784,45794,10
left_turning,45828,45794,45828,34
trotting,45848,45828,45848,20
sniffing,45869,45848,45869,21
walking,45886,45869,45886,17
sniffing,45976,45886,45976,90
walking,45992,45976,45992,16
stepping,46045,45992,46045,53
sniffing,46057,46045,46057,12
walking,46085,46057,46085,28
sniffing,46154,46085,46154,69
running,46182,46154,46182,28
walking,46215,46182,46215,33
stepping,46311,46215,46311,96
sniffing,46336,46311,46336,25
walking,46370,46336,46370,34
stepping,46384,46370,46384,14
sniffing,46445,46384,46445,61
walking,46451,46445,46451,6
grooming,46652,46451,46652,201
sniffing,46659,46652,46659,7
left_turning,46663,46659,46663,4
stepping,46704,46663,46704,41
grooming,46920,46704,46920,216
sniffing,46978,46920,46978,58
walking,46979,46978,46979,1
sniffing,47048,46979,47048,69
running,47078,47048,47078,30
stepping,47124,47078,47124,46
sniffing,47125,47124,47125,1
rising,47162,47125,47162,37
climbing,47187,47162,47187,25
trotting,47219,47187,47219,32
walking,47247,47219,47247,28
running,47283,47247,47283,36
walking,47302,47283,47302,19
stepping,47316,47302,47316,14
left_turning,47323,47316,47323,7
walking,47374,47323,47374,51
sniffing,47565,47374,47565,191
walking,47598,47565,47598,33
sniffing,47599,47598,47599,1
rising,47637,47599,47637,38
sniffing,47651,47637,47651,14
rising,47652,47651,47652,1
sniffing,47653,47652,47653,1
rising,47675,47653,47675,22
grooming,47684,47675,47684,9
walking,47707,47684,47707,23
left_turning,47720,47707,47720,13
rearing,47766,47720,47766,46
climbing,47798,47766,47798,32
rearing,47877,47798,47877,79
grooming,47886,47877,47886,9
sniffing,47908,47886,47908,22
rising,47924,47908,47924,16
left_turning,47955,47924,47955,31
stepping,47993,47955,47993,38
rising,48025,47993,48025,32
sniffing,48060,48025,48060,35
rising,48106,48060,48106,46
stepping,48107,48106,48107,1
sniffing,48178,48107,48178,71
walking,48195,48178,48195,17
sniffing,48278,48195,48278,83
trotting,48293,48278,48293,15
sniffing,48380,48293,48380,87
running,48393,48380,48393,13
rising,48438,48393,48438,45
climbing,48489,48438,48489,51
grooming,48490,48489,48490,1
rising,48491,48490,48491,1
grooming,48643,48491,48643,152
rearing,48725,48643,48725,82
grooming,48726,48725,48726,1
walking,48758,48726,48758,32
running,48762,48758,48762,4
rising,48802,48762,48802,40
climbing,48831,48802,48831,29
rearing,48881,48831,48881,50
hunching,48900,48881,48900,19
grooming,49016,48900,49016,116
hunching,49070,49016,49070,54
grooming,49162,49070,49162,92
walking,49185,49162,49185,23
sniffing,49286,49185,49286,101
left_turning,49321,49286,49321,35
walking,49340,49321,49340,19
trotting,49350,49340,49350,10
walking,49364,49350,49364,14
sniffing,49423,49364,49423,59
stepping,49442,49423,49442,19
sniffing,49470,49442,49470,28
grooming,49727,49470,49727,257
rearing,49728,49727,49728,1
stepping,49731,49728,49731,3
rising,49744,49731,49744,13
grooming,49782,49744,49782,38
rearing,49864,49782,49864,82
climbing,49900,49864,49900,36
walking,49931,49900,49931,31
sniffing,49932,49931,49932,1
rising,49977,49932,49977,45
climbing,50165,49977,50165,188
stepping,50205,50165,50205,40
walking,50229,50205,50229,24
stepping,50273,50229,50273,44
grooming,51082,50273,51082,809
sniffing,51166,51082,51166,84
stepping,51168,51166,51168,2
climbing,51214,51168,51214,46
running,51235,51214,51235,21
stepping,51283,51235,51283,48
rising,51294,51283,51294,11
running,51313,51294,51313,19
left_turning,51357,51313,51357,44
walking,51369,51357,51369,12
sniffing,51531,51369,51531,162
grooming,51532,51531,51532,1
stepping,51565,51532,51565,33
sniffing,51566,51565,51566,1
stepping,51611,51566,51611,45
walking,51625,51611,51625,14
sniffing,51678,51625,51678,53
right_turning,51683,51678,51683,5
rising,51690,51683,51690,7
climbing,51752,51690,51752,62
left_turning,51774,51752,51774,22
stepping,51809,51774,51809,35
walking,51835,51809,51835,26
stepping,51877,51835,51877,42
sniffing,51915,51877,51915,38
stepping,51971,51915,51971,56
walking,51985,51971,51985,14
trotting,52006,51985,52006,21
stepping,52085,52006,52085,79
sniffing,52153,52085,52153,68
rearing,52183,52153,52183,30
climbing,52205,52183,52205,22
rising,52259,52205,52259,54
running,52273,52259,52273,14
walking,52284,52273,52284,11
rising,52285,52284,52285,1
right_turning,52320,52285,52320,35
running,52346,52320,52346,26
rising,52385,52346,52385,39
grooming,52585,52385,52585,200
rearing,52648,52585,52648,63
grooming,52689,52648,52689,41
rising,52765,52689,52765,76
stepping,52807,52765,52807,42
sniffing,52879,52807,52879,72
walking,52936,52879,52936,57
sniffing,52937,52936,52937,1
right_turning,52943,52937,52943,6
sniffing,52962,52943,52962,19
rising,52974,52962,52974,12
rearing,53007,52974,53007,33
left_turning,53047,53007,53047,40
stepping,53048,53047,53048,1
sniffing,53111,53048,53111,63
grooming,53112,53111,53112,1
left_turning,53203,53112,53203,91
sniffing,53283,53203,53283,80
trotting,53309,53283,53309,26
sniffing,53348,53309,53348,39
rising,53390,53348,53390,42
climbing,53437,53390,53437,47
stepping,53438,53437,53438,1
sniffing,53608,53438,53608,170
rising,53673,53608,53673,65
sniffing,53752,53673,53752,79
grooming,53971,53752,53971,219
stepping,53972,53971,53972,1
rising,53982,53972,53982,10
climbing,54017,53982,54017,35
grooming,54094,54017,54094,77
rearing,54135,54094,54135,41
grooming,54272,54135,54272,137
scratching,54456,54272,54456,184
stepping,54469,54456,54469,13
sniffing,54511,54469,54511,42
walking,54541,54511,54541,30
rearing,54582,54541,54582,41
climbing,54628,54582,54628,46
rising,54638,54628,54638,10
sniffing,54639,54638,54639,1
walking,54642,54639,54642,3
stepping,54659,54642,54659,17
walking,54697,54659,54697,38
sniffing,54810,54697,54810,113
walking,54834,54810,54834,24
stepping,54852,54834,54852,18
walking,54862,54852,54862,10
sniffing,54863,54862,54863,1
stepping,54876,54863,54876,13
sniffing,54885,54876,54885,9
grooming,55030,54885,55030,145
stepping,55031,55030,55031,1
rising,55087,55031,55087,56
rearing,55122,55087,55122,35
climbing,55153,55122,55153,31
grooming,55481,55153,55481,328
sniffing,55482,55481,55482,1
stepping,55501,55482,55501,19
trotting,55515,55501,55515,14
climbing,55597,55515,55597,82
trotting,55608,55597,55608,11
sniffing,55642,55608,55642,34
jumping,55717,55642,55717,75
walking,55729,55717,55729,12
sniffing,55769,55729,55769,40
stepping,55817,55769,55817,48
sniffing,55855,55817,55855,38
rearing,55898,55855,55898,43
stepping,55900,55898,55900,2
trotting,55942,55900,55942,42
left_turning,55982,55942,55982,40
sniffing,56089,55982,56089,107
left_turning,56112,56089,56112,23
walking,56130,56112,56130,18
rising,56184,56130,56184,54
climbing,56218,56184,56218,34
rearing,56225,56218,56225,7
rising,56240,56225,56240,15
sniffing,56241,56240,56241,1
grooming,56242,56241,56242,1
rearing,56291,56242,56291,49
grooming,56366,56291,56366,75
climbing,56409,56366,56409,43
walking,56433,56409,56433,24
stepping,56442,56433,56442,9
sniffing,56588,56442,56588,146
walking,56610,56588,56610,22
stepping,56663,56610,56663,53
walking,56672,56663,56672,9
rearing,56729,56672,56729,57
rising,56755,56729,56755,26
rearing,56802,56755,56802,47
grooming,56803,56802,56803,1
right_turning,56846,56803,56846,43
stepping,56847,56846,56847,1
hunching,56848,56847,56848,1
grooming,56923,56848,56923,75
scratching,56930,56923,56930,7
left_turning,56931,56930,56931,1
rising,56932,56931,56932,1
walking,56956,56932,56956,24
left_turning,56957,56956,56957,1
sniffing,56986,56957,56986,29
grooming,57047,56986,57047,61
left_turning,57066,57047,57066,19
stepping,57097,57066,57097,31
left_turning,57122,57097,57122,25
grooming,57229,57122,57229,107
hunching,57295,57229,57295,66
grooming,57418,57295,57418,123
right_turning,57440,57418,57440,22
rising,57459,57440,57459,19
sniffing,57531,57459,57531,72
walking,57541,57531,57541,10
left_turning,57575,57541,57575,34
trotting,57599,57575,57599,24
rearing,57613,57599,57613,14
hunching,57672,57613,57672,59
grooming,57673,57672,57673,1
climbing,57724,57673,57724,51
rearing,57749,57724,57749,25
climbing,57752,57749,57752,3
grooming,58113,57752,58113,361
rearing,58174,58113,58174,61
hunching,58205,58174,58205,31
grooming,58557,58205,58557,352
rearing,58589,58557,58589,32
hunching,58649,58589,58649,60
grooming,58943,58649,58943,294
rearing,58944,58943,58944,1
jumping,58977,58944,58977,33
left_turning,58998,58977,58998,21
sniffing,59014,58998,59014,16
stepping,59060,59014,59060,46
rising,59061,59060,59061,1
rearing,59129,59061,59129,68
grooming,59130,59129,59130,1
climbing,59195,59130,59195,65
walking,59274,59195,59274,79
sniffing,59275,59274,59275,1
grooming,59366,59275,59366,91
rearing,59508,59366,59508,142
sniffing,59529,59508,59529,21
trotting,59532,59529,59532,3
walking,59552,59532,59552,20
sniffing,59553,59552,59553,1
right_turning,59580,59553,59580,27
sniffing,59602,59580,59602,22
trotting,59610,59602,59610,8
sniffing,59746,59610,59746,136
rising,59761,59746,59761,15
climbing,59802,59761,59802,41
grooming,59803,59802,59803,1
scratching,59877,59803,59877,74
sniffing,59883,59877,59883,6
grooming,59884,59883,59884,1
left_turning,59915,59884,59915,31
walking,59932,59915,59932,17
sniffing,59980,59932,59980,48
left_turning,59993,59980,59993,13
rearing,60014,59993,60014,21
sniffing,60015,60014,60015,1
rising,60033,60015,60033,18
climbing,60072,60033,60072,39
sniffing,60128,60072,60128,56
grooming,60335,60128,60335,207
rising,60360,60335,60360,25
climbing,60447,60360,60447,87
sniffing,60571,60447,60571,124
scratching,60640,60571,60640,69
grooming,60641,60640,60641,1
hunching,60733,60641,60733,92
grooming,61117,60733,61117,384
rearing,61169,61117,61169,52
walking,61170,61169,61170,1
sniffing,61289,61170,61289,119
rising,61313,61289,61313,24
rearing,61457,61313,61457,144
stepping,61482,61457,61482,25
rearing,61533,61482,61533,51
grooming,61683,61533,61683,150
rearing,61684,61683,61684,1
trotting,61727,61684,61727,43
walking,61739,61727,61739,12
climbing,61787,61739,61787,48
grooming,61788,61787,61788,1
rising,61907,61788,61907,119
rearing,61908,61907,61908,1
right_turning,61921,61908,61921,13
grooming,61922,61921,61922,1
running,61953,61922,61953,31
rising,61958,61953,61958,5
sniffing,62078,61958,62078,120
stepping,62099,62078,62099,21
sniffing,62111,62099,62111,12
walking,62134,62111,62134,23
stepping,62175,62134,62175,41
walking,62221,62175,62221,46
sniffing,62262,62221,62262,41
walking,62352,62262,62352,90
sniffing,62431,62352,62431,79
rising,62435,62431,62435,4
climbing,62446,62435,62446,11
walking,62462,62446,62462,16
rising,62505,62462,62505,43
right_turning,62525,62505,62525,20
sniffing,62588,62525,62588,63
stepping,62608,62588,62608,20
left_turning,62609,62608,62609,1
walking,62635,62609,62635,26
stepping,62665,62635,62665,30
sniffing,62666,62665,62666,1
stepping,62675,62666,62675,9
scratching,62814,62675,62814,139
sniffing,62815,62814,62815,1
walking,62816,62815,62816,1
stepping,62829,62816,62829,13
sniffing,62855,62829,62855,26
stepping,62878,62855,62878,23
grooming,62879,62878,62879,1
climbing,63023,62879,63023,144
rising,63024,63023,63024,1
grooming,63164,63024,63164,140
sniffing,63191,63164,63191,27
stepping,63215,63191,63215,24
walking,63270,63215,63270,55
rearing,63353,63270,63353,83
left_turning,63361,63353,63361,8
walking,63402,63361,63402,41
sniffing,63444,63402,63444,42
stepping,63481,63444,63481,37
sniffing,63545,63481,63545,64
climbing,63579,63545,63579,34
walking,63642,63579,63642,63
sniffing,63733,63642,63733,91
rearing,63949,63733,63949,216
grooming,63950,63949,63950,1
stepping,64006,63950,64006,56
walking,64062,64006,64062,56
right_turning,64097,64062,64097,35
walking,64193,64097,64193,96
rising,64248,64193,64248,55
climbing,64267,64248,64267,19
rearing,64423,64267,64423,156
walking,64470,64423,64470,47
climbing,64520,64470,64520,50
sniffing,64521,64520,64521,1
walking,64545,64521,64545,24
sniffing,64564,64545,64564,19
rising,64618,64564,64618,54
climbing,64655,64618,64655,37
rearing,64730,64655,64730,75
climbing,64770,64730,64770,40
grooming,64771,64770,64771,1
rising,64786,64771,64786,15
grooming,65115,64786,65115,329
sniffing,65141,65115,65141,26
rising,65165,65141,65165,24
rearing,65254,65165,65254,89
grooming,65416,65254,65416,162
rearing,65518,65416,65518,102
grooming,65723,65518,65723,205
sniffing,65758,65723,65758,35
grooming,65759,65758,65759,1
rising,65763,65759,65763,4
climbing,65764,65763,65764,1
rearing,65830,65764,65830,66
hunching,65949,65830,65949,119
climbing,65971,65949,65971,22
left_turning,65972,65971,65972,1
sniffing,66034,65972,66034,62
rising,66078,66034,66078,44
left_turning,66175,66078,66175,97
stepping,66210,66175,66210,35
walking,66214,66210,66214,4
sniffing,66215,66214,66215,1
rising,66236,66215,66236,21
climbing,66371,66236,66371,135
sniffing,66408,66371,66408,37
left_turning,66426,66408,66426,18
walking,66454,66426,66454,28
climbing,66566,66454,66566,112
rearing,66574,66566,66574,8
sniffing,66575,66574,66575,1
stepping,66601,66575,66601,26
sniffing,66647,66601,66647,46
walking,66670,66647,66670,23
sniffing,66671,66670,66671,1
pausing,66822,66671,66822,151
sniffing,66868,66822,66868,46
right_turning,66869,66868,66869,1
stepping,66871,66869,66871,2
climbing,66925,66871,66925,54
rising,66949,66925,66949,24
sniffing,66990,66949,66990,41
walking,66991,66990,66991,1
sniffing,67223,66991,67223,232
walking,67234,67223,67234,11
sniffing,67262,67234,67262,28
stepping,67312,67262,67312,50
sniffing,67351,67312,67351,39
left_turning,67372,67351,67372,21
trotting,67391,67372,67391,19
stepping,67409,67391,67409,18
walking,67420,67409,67420,11
trotting,67433,67420,67433,13
sniffing,67449,67433,67449,16
rising,67450,67449,67450,1
climbing,67484,67450,67484,34
stepping,67517,67484,67517,33
sniffing,67557,67517,67557,40
walking,67558,67557,67558,1
sniffing,67559,67558,67559,1
rearing,67610,67559,67610,51
climbing,67712,67610,67712,102
grooming,67843,67712,67843,131
left_turning,67864,67843,67864,21
stepping,67884,67864,67884,20
sniffing,67940,67884,67940,56
walking,67983,67940,67983,43
grooming,67984,67983,67984,1
stepping,68003,67984,68003,19
rearing,68025,68003,68025,22
grooming,68135,68025,68135,110
climbing,68158,68135,68158,23
right_turning,68163,68158,68163,5
grooming,68218,68163,68218,55
rearing,68310,68218,68310,92
rising,68337,68310,68337,27
rearing,68769,68337,68769,432
grooming,68770,68769,68770,1
sniffing,68925,68770,68925,155
right_turning,68944,68925,68944,19
running,68954,68944,68954,10
trotting,68959,68954,68959,5
stepping,68962,68959,68962,3
sniffing,69009,68962,69009,47
grooming,69099,69009,69099,90
rearing,69162,69099,69162,63
grooming,69163,69162,69163,1
rearing,69186,69163,69186,23
grooming,69352,69186,69352,166
sniffing,69426,69352,69426,74
walking,69436,69426,69436,10
stepping,69455,69436,69455,19
sniffing,69658,69455,69658,203
walking,69688,69658,69688,30
climbing,69749,69688,69749,61
stepping,69782,69749,69782,33
sniffing,69783,69782,69783,1
stepping,69802,69783,69802,19
climbing,69811,69802,69811,9
grooming,69932,69811,69932,121
sniffing,69933,69932,69933,1
stepping,69982,69933,69982,49
sniffing,70062,69982,70062,80
stepping,70086,70062,70086,24
sniffing,70130,70086,70130,44
stepping,70153,70130,70153,23
running,70184,70153,70184,31
walking,70201,70184,70201,17
grooming,70511,70201,70511,310
rearing,70667,70511,70667,156
stepping,70725,70667,70725,58
climbing,70775,70725,70775,50
grooming,71010,70775,71010,235
walking,71033,71010,71033,23
stepping,71042,71033,71042,9
sniffing,71043,71042,71043,1
stepping,71107,71043,71107,64
sniffing,71205,71107,71205,98
right_turning,71224,71205,71224,19
walking,71242,71224,71242,18
stepping,71263,71242,71263,21
sniffing,71264,71263,71264,1
rising,71271,71264,71271,7
climbing,71323,71271,71323,52
right_turning,71324,71323,71324,1
stepping,71325,71324,71325,1
sniffing,71747,71325,71747,422
right_turning,71758,71747,71758,11
walking,71772,71758,71772,14
sniffing,71867,71772,71867,95
walking,71893,71867,71893,26
stepping,71910,71893,71910,17
grooming,71963,71910,71963,53
left_turning,71991,71963,71991,28
trotting,72036,71991,72036,45
stepping,72086,72036,72086,50
sniffing,72148,72086,72148,62
rising,72149,72148,72149,1
climbing,72177,72149,72177,28
running,72231,72177,72231,54
climbing,72317,72231,72317,86
walking,72340,72317,72340,23
sniffing,72357,72340,72357,17
stepping,72385,72357,72385,28
sniffing,72470,72385,72470,85
trotting,72510,72470,72510,40
climbing,72544,72510,72544,34
running,72570,72544,72570,26
trotting,72596,72570,72596,26
walking,72619,72596,72619,23
sniffing,72707,72619,72707,88
stepping,72723,72707,72723,16
walking,72724,72723,72724,1
rising,72773,72724,72773,49
sniffing,72797,72773,72797,24
right_turning,72818,72797,72818,21
grooming,72833,72818,72833,15
rearing,72855,72833,72855,22
sniffing,72856,72855,72856,1
grooming,72857,72856,72857,1
sniffing,72858,72857,72858,1
walking,72871,72858,72871,13
sniffing,72971,72871,72971,100
left_turning,73162,72971,73162,191
trotting,73175,73162,73175,13
walking,73193,73175,73193,18
sniffing,73217,73193,73217,24
stepping,73226,73217,73226,9
rearing,73282,73226,73282,56
right_turning,73299,73282,73299,17
climbing,73349,73299,73349,50
grooming,74014,73349,74014,665
left_turning,74044,74014,74044,30
stepping,74063,74044,74063,19
rising,74091,74063,74091,28
sniffing,74168,74091,74168,77
grooming,74245,74168,74245,77
trotting,74264,74245,74264,19
grooming,74273,74264,74273,9
rearing,74274,74273,74274,1
stepping,74285,74274,74285,11
sniffing,74315,74285,74315,30
grooming,74515,74315,74515,200
left_turning,74536,74515,74536,21
trotting,74537,74536,74537,1
right_turning,74556,74537,74556,19
sniffing,74689,74556,74689,133
rearing,74716,74689,74716,27
grooming,74986,74716,74986,270
walking,74996,74986,74996,10
sniffing,75070,74996,75070,74
right_turning,75096,75070,75096,26
walking,75107,75096,75107,11
grooming,75209,75107,75209,102
rising,75244,75209,75244,35
left_turning,75319,75244,75319,75
walking,75347,75319,75347,28
sniffing,75414,75347,75414,67
rising,75432,75414,75432,18
sniffing,75439,75432,75439,7
walking,75465,75439,75465,26
sniffing,75516,75465,75516,51
rising,75556,75516,75556,40
climbing,75571,75556,75571,15
walking,75594,75571,75594,23
trotting,75615,75594,75615,21
climbing,75663,75615,75663,48
grooming,75677,75663,75677,14
climbing,75730,75677,75730,53
walking,75802,75730,75802,72
sniffing,75803,75802,75803,1
left_turning,75863,75803,75863,60
walking,75880,75863,75880,17
sniffing,75915,75880,75915,35
rising,75944,75915,75944,29
stepping,75975,75944,75975,31
sniffing,76072,75975,76072,97
grooming,77352,76072,77352,1280
climbing,77407,77352,77407,55
grooming,77408,77407,77408,1
left_turning,77425,77408,77425,17
sniffing,77476,77425,77476,51
rearing,77533,77476,77533,57
grooming,78358,77533,78358,825
climbing,78403,78358,78403,45
stepping,78438,78403,78438,35
sniffing,78443,78438,78443,5
walking,78499,78443,78499,56
sniffing,78500,78499,78500,1
left_turning,78531,78500,78531,31
sniffing,78567,78531,78567,36
trotting,78589,78567,78589,22
stepping,78630,78589,78630,41
climbing,78665,78630,78665,35
walking,78731,78665,78731,66
rising,78732,78731,78732,1
rearing,78785,78732,78785,53
left_turning,78814,78785,78814,29
grooming,78979,78814,78979,165
rearing,78980,78979,78980,1
sniffing,78981,78980,78981,1
grooming,79009,78981,79009,28
rearing,79099,79009,79099,90
running,79134,79099,79134,35
trotting,79166,79134,79166,32
sniffing,79179,79166,79179,13
walking,79188,79179,79188,9
stepping,79226,79188,79226,38
rising,79284,79226,79284,58
climbing,79294,79284,79294,10
grooming,79449,79294,79449,155
rearing,79532,79449,79532,83
walking,79567,79532,79567,35
right_turning,79587,79567,79587,20
sniffing,79595,79587,79595,8
rising,79627,79595,79627,32
left_turning,79680,79627,79680,53
sniffing,79781,79680,79781,101
climbing,79817,79781,79817,36
sniffing,79826,79817,79826,9
walking,79909,79826,79909,83
sniffing,79913,79909,79913,4
walking,79928,79913,79928,15
stepping,79931,79928,79931,3
walking,79940,79931,79940,9
stepping,79959,79940,79959,19
sniffing,80006,79959,80006,47
stepping,80041,80006,80041,35
rising,80073,80041,80073,32
sniffing,80074,80073,80074,1
walking,80094,80074,80094,20
stepping,80131,80094,80131,37
sniffing,80164,80131,80164,33
rearing,80523,80164,80523,359
grooming,80638,80523,80638,115
running,80652,80638,80652,14
climbing,80667,80652,80667,15
rearing,80668,80667,80668,1
sniffing,80669,80668,80669,1
rearing,80772,80669,80772,103
grooming,81010,80772,81010,238
climbing,81071,81010,81071,61
running,81095,81071,81095,24
stepping,81114,81095,81114,19
walking,81157,81114,81157,43
stepping,81158,81157,81158,1
walking,81244,81158,81244,86
sniffing,81245,81244,81245,1
grooming,81246,81245,81246,1
sniffing,81247,81246,81247,1
stepping,81264,81247,81264,17
climbing,81316,81264,81316,52
stepping,81363,81316,81363,47
sniffing,81429,81363,81429,66
walking,81448,81429,81448,19
stepping,81494,81448,81494,46
sniffing,81504,81494,81504,10
right_turning,81509,81504,81509,5
stepping,81520,81509,81520,11
rearing,81531,81520,81531,11
grooming,81532,81531,81532,1
rearing,81565,81532,81565,33
grooming,81594,81565,81594,29
rearing,81699,81594,81699,105
hunching,81724,81699,81724,25
sniffing,81772,81724,81772,48
walking,81809,81772,81809,37
sniffing,81879,81809,81879,70
walking,81914,81879,81914,35
right_turning,81945,81914,81945,31
running,81975,81945,81975,30
sniffing,82064,81975,82064,89
walking,82097,82064,82097,33
grooming,82098,82097,82098,1
rearing,82099,82098,82099,1
stepping,82126,82099,82126,27
rising,82132,82126,82132,6
grooming,82415,82132,82415,283
stepping,82448,82415,82448,33
sniffing,82449,82448,82449,1
left_turning,82460,82449,82460,11
stepping,82512,82460,82512,52
sniffing,82529,82512,82529,17
grooming,82567,82529,82567,38
stepping,82572,82567,82572,5
walking,82590,82572,82590,18
trotting,82629,82590,82629,39
right_turning,82637,82629,82637,8
sniffing,82720,82637,82720,83
walking,82767,82720,82767,47
trotting,82801,82767,82801,34
rising,82897,82801,82897,96
climbing,82902,82897,82902,5
running,82909,82902,82909,7
walking,82947,82909,82947,38
right_turning,82981,82947,82981,34
sniffing,83028,82981,83028,47
grooming,83029,83028,83029,1
sniffing,83030,83029,83030,1
rising,83037,83030,83037,7
rearing,83077,83037,83077,40
grooming,83078,83077,83078,1
stepping,83145,83078,83145,67
sniffing,83146,83145,83146,1
rearing,83191,83146,83191,45
hunching,83258,83191,83258,67
climbing,83294,83258,83294,36
grooming,83473,83294,83473,179
left_turning,83511,83473,83511,38
sniffing,83552,83511,83552,41
rising,83571,83552,83571,19
climbing,83609,83571,83609,38
sniffing,83610,83609,83610,1
stepping,83665,83610,83665,55
grooming,84074,83665,84074,409
hunching,84099,84074,84099,25
rising,84126,84099,84126,27
climbing,84165,84126,84165,39
stepping,84198,84165,84198,33
sniffing,84219,84198,84219,21
left_turning,84220,84219,84220,1
grooming,84221,84220,84221,1
rearing,84282,84221,84282,61
sniffing,84341,84282,84341,59
grooming,84542,84341,84542,201
scratching,84617,84542,84617,75
rising,84618,84617,84618,1
sniffing,84721,84618,84721,103
stepping,84757,84721,84757,36
sniffing,84771,84757,84771,14
walking,84772,84771,84772,1
sniffing,84773,84772,84773,1
stepping,84783,84773,84783,10
sniffing,84878,84783,84878,95
walking,84900,84878,84900,22
sniffing,84965,84900,84965,65
left_turning,85007,84965,85007,42
stepping,85016,85007,85016,9
climbing,85093,85016,85093,77
rearing,85151,85093,85151,58
climbing,85238,85151,85238,87
grooming,85465,85238,85465,227
scratching,85509,85465,85509,44
grooming,85510,85509,85510,1
rising,85570,85510,85570,60
rearing,85582,85570,85582,12
grooming,85750,85582,85750,168
sniffing,85804,85750,85804,54
rearing,85856,85804,85856,52
climbing,85888,85856,85888,32
grooming,85986,85888,85986,98
rearing,86089,85986,86089,103
grooming,86207,86089,86207,118
rearing,86268,86207,86268,61
stepping,86272,86268,86272,4
walking,86326,86272,86326,54
stepping,86340,86326,86340,14
climbing,86407,86340,86407,67
grooming,86960,86407,86960,553
rising,87019,86960,87019,59
climbing,87036,87019,87036,17
sniffing,87066,87036,87066,30
grooming,87252,87066,87252,186
sniffing,87254,87252,87254,2
rearing,87343,87254,87343,89
sniffing,87377,87343,87377,34
stepping,87411,87377,87411,34
sniffing,87478,87411,87478,67
walking,87483,87478,87483,5
running,87495,87483,87495,12
stepping,87532,87495,87532,37
climbing,87565,87532,87565,33
left_turning,87569,87565,87569,4
sniffing,87651,87569,87651,82
stepping,87671,87651,87671,20
sniffing,87704,87671,87704,33
rising,87705,87704,87705,1
rearing,87769,87705,87769,64
stepping,87776,87769,87776,7
sniffing,87863,87776,87863,87
grooming,87903,87863,87903,40
rearing,87950,87903,87950,47
climbing,87999,87950,87999,49
walking,88043,87999,88043,44
stepping,88069,88043,88069,26
sniffing,88107,88069,88107,38
walking,88119,88107,88119,12
sniffing,88127,88119,88127,8
rising,88186,88127,88186,59
climbing,88291,88186,88291,105
stepping,88331,88291,88331,40
sniffing,88332,88331,88332,1
right_turning,88341,88332,88341,9
walking,88356,88341,88356,15
rearing,88377,88356,88377,21
grooming,88953,88377,88953,576
left_turning,88954,88953,88954,1
walking,88959,88954,88959,5
sniffing,88960,88959,88960,1
rising,89018,88960,89018,58
grooming,89757,89018,89757,739
walking,89801,89757,89801,44
rising,89823,89801,89823,22
stepping,89829,89823,89829,6
walking,89864,89829,89864,35
sniffing,89903,89864,89903,39
trotting,89929,89903,89929,26
rising,89937,89929,89937,8
sniffing,89950,89937,89950,13
walking,89957,89950,89957,7
stepping,89968,89957,89968,11
left_turning,90015,89968,90015,47
walking,90030,90015,90030,15
sniffing,90107,90030,90107,77
right_turning,90132,90107,90132,25
walking,90136,90132,90136,4
sniffing,90137,90136,90137,1
stepping,90168,90137,90168,31
left_turning,90181,90168,90181,13
rearing,90182,90181,90182,1
grooming,90445,90182,90445,263
trotting,90466,90445,90466,21
walking,90485,90466,90485,19
stepping,90515,90485,90515,30
sniffing,90567,90515,90567,52
rising,90595,90567,90595,28
left_turning,90664,90595,90664,69
stepping,90696,90664,90696,32
sniffing,90728,90696,90728,32
walking,90759,90728,90759,31
sniffing,90766,90759,90766,7
walking,90797,90766,90797,31
sniffing,90852,90797,90852,55
rising,90899,90852,90899,47
stepping,90961,90899,90961,62
sniffing,91023,90961,91023,62
right_turning,91028,91023,91028,5
walking,91063,91028,91063,35
sniffing,91192,91063,91192,129
stepping,91242,91192,91242,50
rearing,91275,91242,91275,33
climbing,91317,91275,91317,42
rising,91338,91317,91338,21
sniffing,91421,91338,91421,83
stepping,91438,91421,91438,17
running,91465,91438,91465,27
stepping,91516,91465,91516,51
grooming,91517,91516,91517,1
climbing,91558,91517,91558,41
sniffing,91559,91558,91559,1
walking,91560,91559,91560,1
sniffing,91561,91560,91561,1
stepping,91580,91561,91580,19
walking,91598,91580,91598,18
stepping,91599,91598,91599,1
walking,91647,91599,91647,48
sniffing,91648,91647,91648,1
stepping,91667,91648,91667,19
sniffing,91736,91667,91736,69
stepping,91747,91736,91747,11
sniffing,91772,91747,91772,25
rising,91799,91772,91799,27
walking,91813,91799,91813,14
rising,91856,91813,91856,43
grooming,92007,91856,92007,151
walking,92041,92007,92041,34
trotting,92071,92041,92071,30
stepping,92106,92071,92106,35
left_turning,92156,92106,92156,50
climbing,92176,92156,92176,20
right_turning,92199,92176,92199,23
rising,92248,92199,92248,49
grooming,92249,92248,92249,1
sniffing,92258,92249,92258,9
stepping,92278,92258,92278,20
right_turning,92285,92278,92285,7
walking,92350,92285,92350,65
rising,92368,92350,92368,18
stepping,92378,92368,92378,10
sniffing,92446,92378,92446,68
stepping,92447,92446,92447,1
walking,92486,92447,92486,39
sniffing,92570,92486,92570,84
rising,92616,92570,92616,46
rearing,92618,92616,92618,2
walking,92650,92618,92650,32
rising,92660,92650,92660,10
sniffing,92661,92660,92661,1
walking,92672,92661,92672,11
sniffing,92755,92672,92755,83
trotting,92774,92755,92774,19
walking,92796,92774,92796,22
right_turning,92811,92796,92811,15
stepping,92835,92811,92835,24
sniffing,92918,92835,92918,83
walking,92949,92918,92949,31
sniffing,93037,92949,93037,88
stepping,93038,93037,93038,1
sniffing,93051,93038,93051,13
climbing,93060,93051,93060,9
grooming,93061,93060,93061,1
stepping,93088,93061,93088,27
sniffing,93189,93088,93189,101
rising,93226,93189,93226,37
walking,93236,93226,93236,10
sniffing,93237,93236,93237,1
rising,93239,93237,93239,2
climbing,93267,93239,93267,28
walking,93289,93267,93289,22
stepping,93303,93289,93303,14
grooming,93371,93303,93371,68
right_turning,93377,93371,93377,6
walking,93396,93377,93396,19
climbing,93431,93396,93431,35
walking,93432,93431,93432,1
sniffing,93453,93432,93453,21
rearing,93531,93453,93531,78
grooming,93652,93531,93652,121
rearing,93665,93652,93665,13
grooming,93745,93665,93745,80
right_turning,93781,93745,93781,36
walking,93828,93781,93828,47
sniffing,93839,93828,93839,11
rising,93842,93839,93842,3
walking,93843,93842,93843,1
sniffing,94071,93843,94071,228
left_turning,94137,94071,94137,66
sniffing,94162,94137,94162,25
grooming,94195,94162,94195,33
right_turning,94257,94195,94257,62
rising,94314,94257,94314,57
sniffing,94333,94314,94333,19
rearing,94370,94333,94370,37
sniffing,94436,94370,94436,66
walking,94437,94436,94437,1
left_turning,94457,94437,94457,20
hunching,94530,94457,94530,73
left_turning,94533,94530,94533,3
stepping,94548,94533,94548,15
walking,94580,94548,94580,32
sniffing,94588,94580,94588,8
walking,94596,94588,94596,8
sniffing,94612,94596,94612,16
rising,94767,94612,94767,155
climbing,94768,94767,94768,1
grooming,95139,94768,95139,371
climbing,95190,95139,95190,51
rearing,95209,95190,95209,19
grooming,95537,95209,95537,328
sniffing,95578,95537,95578,41
stepping,95600,95578,95600,22
walking,95642,95600,95642,42
rising,95700,95642,95700,58
hunching,95772,95700,95772,72
climbing,95821,95772,95821,49
rising,95831,95821,95831,10
climbing,95886,95831,95886,55
stepping,95934,95886,95934,48
sniffing,95984,95934,95984,50
scratching,95985,95984,95985,1
sniffing,95993,95985,95993,8
walking,96013,95993,96013,20
sniffing,96023,96013,96023,10
stepping,96053,96023,96053,30
sniffing,96131,96053,96131,78
rising,96134,96131,96134,3
grooming,96135,96134,96135,1
rearing,96139,96135,96139,4
grooming,96140,96139,96140,1
rearing,96221,96140,96221,81
stepping,96228,96221,96228,7
walking,96262,96228,96262,34
stepping,96293,96262,96293,31
rearing,96363,96293,96363,70
hunching,96436,96363,96436,73
rearing,96438,96436,96438,2
climbing,96477,96438,96477,39
rising,96478,96477,96478,1
left_turning,96491,96478,96491,13
walking,96500,96491,96500,9
sniffing,96528,96500,96528,28
stepping,96536,96528,96536,8
climbing,96594,96536,96594,58
left_turning,96595,96594,96595,1
running,96613,96595,96613,18
scratching,96684,96613,96684,71
grooming,96850,96684,96850,166
rearing,96927,96850,96927,77
grooming,96928,96927,96928,1
hunching,96976,96928,96976,48
rearing,97040,96976,97040,64
grooming,97041,97040,97041,1
rising,97070,97041,97070,29
rearing,97094,97070,97094,24
grooming,97221,97094,97221,127
right_turning,97261,97221,97261,40
walking,97262,97261,97262,1
left_turning,97263,97262,97263,1
walking,97264,97263,97264,1
stepping,97325,97264,97325,61
rising,97348,97325,97348,23
hunching,97387,97348,97387,39
left_turning,97423,97387,97423,36
walking,97433,97423,97433,10
hunching,97434,97433,97434,1
grooming,97435,97434,97435,1
stepping,97475,97435,97475,40
sniffing,97491,97475,97491,16
walking,97516,97491,97516,25
climbing,97608,97516,97608,92
stepping,97637,97608,97637,29
walking,97644,97637,97644,7
trotting,97688,97644,97688,44
walking,97710,97688,97710,22
rising,97745,97710,97745,35
grooming,97746,97745,97746,1
rearing,97749,97746,97749,3
grooming,97750,97749,97750,1
rising,97751,97750,97751,1
stepping,97763,97751,97763,12
rearing,97795,97763,97795,32
walking,97818,97795,97818,23
sniffing,97920,97818,97920,102
grooming,97921,97920,97921,1
climbing,97960,97921,97960,39
left_turning,98051,97960,98051,91
stepping,98052,98051,98052,1
rearing,98243,98052,98243,191
climbing,98277,98243,98277,34
grooming,98400,98277,98400,123
climbing,98549,98400,98549,149
rearing,98550,98549,98550,1
grooming,98630,98550,98630,80
left_turning,98667,98630,98667,37
grooming,99592,98667,99592,925
rising,99621,99592,99621,29
grooming,99721,99621,99721,100
hunching,99791,99721,99791,70
rearing,99845,99791,99845,54
grooming,99960,99845,99960,115
sniffing,99987,99960,99987,27
rising,100071,99987,100071,84
stepping,100084,100071,100084,13
grooming,100151,100084,100151,67
stepping,100201,100151,100201,50
sniffing,100202,100201,100202,1
walking,100233,100202,100233,31
sniffing,100283,100233,100283,50
left_turning,100284,100283,100284,1
sniffing,100341,100284,100341,57
scratching,100369,100341,100369,28
left_turning,100390,100369,100390,21
running,100402,100390,100402,12
trotting,100406,100402,100406,4
sniffing,100585,100406,100585,179
walking,100628,100585,100628,43
sniffing,100770,100628,100770,142
hunching,100771,100770,100771,1
grooming,100995,100771,100995,224
sniffing,101178,100995,101178,183
rising,101182,101178,101182,4
rearing,101186,101182,101186,4
hunching,101241,101186,101241,55
rearing,101379,101241,101379,138
sniffing,101389,101379,101389,10
left_turning,101438,101389,101438,49
rearing,101561,101438,101561,123
grooming,101962,101561,101962,401
rearing,102090,101962,102090,128
climbing,102181,102090,102181,91
rearing,102263,102181,102263,82
left_turning,102300,102263,102300,37
sniffing,102383,102300,102383,83
rising,102518,102383,102518,135
sniffing,102519,102518,102519,1
rising,102528,102519,102528,9
stepping,102538,102528,102538,10
sniffing,102539,102538,102539,1
rising,102581,102539,102581,42
climbing,102595,102581,102595,14
grooming,102652,102595,102652,57
climbing,102664,102652,102664,12
grooming,102845,102664,102845,181
scratching,102907,102845,102907,62
grooming,102908,102907,102908,1
hunching,102994,102908,102994,86
left_turning,103054,102994,103054,60
walking,103063,103054,103063,9
rising,103082,103063,103082,19
sniffing,103220,103082,103220,138
stepping,103248,103220,103248,28
right_turning,103265,103248,103265,17
walking,103280,103265,103280,15
stepping,103290,103280,103290,10
right_turning,103310,103290,103310,20
stepping,103359,103310,103359,49
walking,103413,103359,103413,54
sniffing,103483,103413,103483,70
left_turning,103550,103483,103550,67
walking,103608,103550,103608,58
stepping,103615,103608,103615,7
rearing,103662,103615,103662,47
grooming,103663,103662,103663,1
hunching,103717,103663,103717,54
grooming,103718,103717,103718,1
sniffing,103743,103718,103743,25
stepping,103806,103743,103806,63
sniffing,103881,103806,103881,75
trotting,103890,103881,103890,9
sniffing,103993,103890,103993,103
walking,104012,103993,104012,19
sniffing,104082,104012,104082,70
trotting,104096,104082,104096,14
stepping,104117,104096,104117,21
rising,104134,104117,104134,17
climbing,104181,104134,104181,47
grooming,104439,104181,104439,258
left_turning,104477,104439,104477,38
sniffing,104497,104477,104497,20
walking,104519,104497,104519,22
stepping,104554,104519,104554,35
walking,104596,104554,104596,42
trotting,104617,104596,104617,21
stepping,104625,104617,104625,8
walking,104661,104625,104661,36
stepping,104688,104661,104688,27
walking,104768,104688,104768,80
stepping,104789,104768,104789,21
walking,104800,104789,104800,11
sniffing,104801,104800,104801,1
left_turning,104802,104801,104802,1
hunching,104817,104802,104817,15
grooming,105034,104817,105034,217
walking,105071,105034,105071,37
rearing,105167,105071,105167,96
stepping,105179,105167,105179,12
walking,105204,105179,105204,25
sniffing,105264,105204,105264,60
rising,105372,105264,105372,108
grooming,105455,105372,105455,83
rearing,105524,105455,105524,69
left_turning,105586,105524,105586,62
walking,105628,105586,105628,42
rising,105659,105628,105659,31
grooming,105685,105659,105685,26
rising,105690,105685,105690,5
sniffing,105733,105690,105733,43
grooming,105761,105733,105761,28
climbing,105835,105761,105835,74
trotting,105845,105835,105845,10
jumping,105850,105845,105850,5
rearing,105904,105850,105904,54
hunching,105905,105904,105905,1
walking,105919,105905,105919,14
trotting,105920,105919,105920,1
running,105948,105920,105948,28
rising,105961,105948,105961,13
sniffing,105962,105961,105962,1
stepping,105996,105962,105996,34
grooming,106065,105996,106065,69
scratching,106105,106065,106105,40
sniffing,106229,106105,106229,124
left_turning,106247,106229,106247,18
climbing,106296,106247,106296,49
trotting,106320,106296,106320,24
sniffing,106387,106320,106387,67
grooming,106466,106387,106466,79
stepping,106485,106466,106485,19
jumping,106653,106485,106653,168
grooming,106694,106653,106694,41
stepping,106726,106694,106726,32
sniffing,106824,106726,106824,98
scratching,106872,106824,106872,48
sniffing,106948,106872,106948,76
walking,106964,106948,106964,16
sniffing,107036,106964,107036,72
rising,107057,107036,107057,21
sniffing,107075,107057,107075,18
walking,107092,107075,107092,17
stepping,107093,107092,107093,1
sniffing,107164,107093,107164,71
walking,107186,107164,107186,22
sniffing,107281,107186,107281,95
walking,107307,107281,107307,26
sniffing,107320,107307,107320,13
rising,107321,107320,107321,1
grooming,107354,107321,107354,33
climbing,107400,107354,107400,46
rearing,107458,107400,107458,58
rising,107485,107458,107485,27
sniffing,107591,107485,107591,106
walking,107624,107591,107624,33
climbing,107641,107624,107641,17
walking,107672,107641,107672,31
sniffing,107751,107672,107751,79
left_turning,107827,107751,107827,76
hunching,107864,107827,107864,37
grooming,107907,107864,107907,43
rising,107953,107907,107953,46
sniffing,108000,107953,108000,47
