revised_movement_label,segBoundary,segBoundary_start,segBoundary_end,length
sniffing,45,0,45,45
trotting,70,45,70,25
walking,95,70,95,25
rising,200,95,200,105
sniffing,249,200,249,49
rising,277,249,277,28
running,295,277,295,18
walking,307,295,307,12
stepping,327,307,327,20
rising,328,327,328,1
sniffing,329,328,329,1
walking,345,329,345,16
stepping,379,345,379,34
sniffing,427,379,427,48
rising,471,427,471,44
grooming,555,471,555,84
walking,562,555,562,7
sniffing,563,562,563,1
walking,600,563,600,37
stepping,636,600,636,36
sniffing,696,636,696,60
left_turning,697,696,697,1
walking,731,697,731,34
rising,833,731,833,102
stepping,847,833,847,14
grooming,879,847,879,32
stepping,911,879,911,32
walking,933,911,933,22
sniffing,973,933,973,40
grooming,1084,973,1084,111
left_turning,1130,1084,1130,46
sniffing,1177,1130,1177,47
walking,1189,1177,1189,12
sniffing,1216,1189,1216,27
rising,1217,1216,1217,1
rearing,1218,1217,1218,1
grooming,1283,1218,1283,65
sniffing,1347,1283,1347,64
stepping,1365,1347,1365,18
walking,1422,1365,1422,57
stepping,1437,1422,1437,15
right_turning,1463,1437,1463,26
walking,1465,1463,1465,2
sniffing,1498,1465,1498,33
walking,1506,1498,1506,8
stepping,1523,1506,1523,17
left_turning,1553,1523,1553,30
walking,1565,1553,1565,12
sniffing,1694,1565,1694,129
walking,1695,1694,1695,1
sniffing,1706,1695,1706,11
grooming,1762,1706,1762,56
walking,1798,1762,1798,36
stepping,1820,1798,1820,22
sniffing,1897,1820,1897,77
rising,1939,1897,1939,42
sniffing,1940,1939,1940,1
rising,2124,1940,2124,184
sniffing,2454,2124,2454,330
walking,2493,2454,2493,39
sniffing,2569,2493,2569,76
stepping,2592,2569,2592,23
walking,2664,2592,2664,72
trotting,2688,2664,2688,24
walking,2693,2688,2693,5
stepping,2783,2693,2783,90
sniffing,2887,2783,2887,104
stepping,2916,2887,2916,29
sniffing,2958,2916,2958,42
grooming,3600,2958,3600,642
sniffing,3653,3600,3653,53
walking,3703,3653,3703,50
sniffing,3704,3703,3704,1
climbing,3769,3704,3769,65
grooming,3805,3769,3805,36
running,3834,3805,3834,29
walking,3867,3834,3867,33
stepping,3891,3867,3891,24
sniffing,3903,3891,3903,12
trotting,3921,3903,3921,18
rising,3922,3921,3922,1
climbing,3963,3922,3963,41
walking,3993,3963,3993,30
running,4000,3993,4000,7
walking,4039,4000,4039,39
rising,4057,4039,4057,18
sniffing,4119,4057,4119,62
rising,4163,4119,4163,44
left_turning,4168,4163,4168,5
walking,4192,4168,4192,24
rising,4237,4192,4237,45
stepping,4239,4237,4239,2
walking,4257,4239,4257,18
grooming,4264,4257,4264,7
left_turning,4281,4264,4281,17
right_turning,4323,4281,4323,42
stepping,4324,4323,4324,1
walking,4358,4324,4358,34
trotting,4387,4358,4387,29
sniffing,4388,4387,4388,1
rising,4448,4388,4448,60
rearing,4542,4448,4542,94
grooming,4621,4542,4621,79
left_turning,4657,4621,4657,36
sniffing,4700,4657,4700,43
grooming,4815,4700,4815,115
sniffing,4949,4815,4949,134
stepping,4973,4949,4973,24
sniffing,5000,4973,5000,27
walking,5023,5000,5023,23
trotting,5028,5023,5028,5
walking,5067,5028,5067,39
sniffing,5160,5067,5160,93
walking,5184,5160,5184,24
rising,5202,5184,5202,18
rearing,5262,5202,5262,60
sniffing,5297,5262,5297,35
left_turning,5338,5297,5338,41
running,5370,5338,5370,32
walking,5386,5370,5386,16
stepping,5387,5386,5387,1
rising,5388,5387,5388,1
walking,5419,5388,5419,31
rising,5420,5419,5420,1
walking,5434,5420,5434,14
trotting,5462,5434,5462,28
stepping,5492,5462,5492,30
rising,5512,5492,5512,20
climbing,5610,5512,5610,98
grooming,5720,5610,5720,110
rearing,5721,5720,5721,1
walking,5764,5721,5764,43
sniffing,5765,5764,5765,1
rising,5815,5765,5815,50
sniffing,5925,5815,5925,110
running,5958,5925,5958,33
walking,6002,5958,6002,44
sniffing,6114,6002,6114,112
rising,6134,6114,6134,20
walking,6136,6134,6136,2
sniffing,6178,6136,6178,42
stepping,6201,6178,6201,23
rising,6253,6201,6253,52
walking,6283,6253,6283,30
rising,6329,6283,6329,46
sniffing,6341,6329,6341,12
walking,6406,6341,6406,65
stepping,6408,6406,6408,2
rising,6409,6408,6409,1
sniffing,6433,6409,6433,24
rearing,6434,6433,6434,1
walking,6452,6434,6452,18
stepping,6516,6452,6516,64
walking,6533,6516,6533,17
sniffing,6534,6533,6534,1
rising,6535,6534,6535,1
grooming,6650,6535,6650,115
sniffing,6716,6650,6716,66
right_turning,6727,6716,6727,11
sniffing,6728,6727,6728,1
walking,6762,6728,6762,34
rising,6806,6762,6806,44
sniffing,6858,6806,6858,52
rising,6887,6858,6887,29
rearing,6888,6887,6888,1
grooming,6889,6888,6889,1
walking,6895,6889,6895,6
trotting,6921,6895,6921,26
walking,7010,6921,7010,89
sniffing,7011,7010,7011,1
stepping,7037,7011,7037,26
walking,7042,7037,7042,5
stepping,7046,7042,7046,4
walking,7117,7046,7117,71
trotting,7136,7117,7136,19
rising,7219,7136,7219,83
rearing,7220,7219,7220,1
right_turning,7221,7220,7221,1
walking,7243,7221,7243,22
rising,7305,7243,7305,62
left_turning,7387,7305,7387,82
trotting,7390,7387,7390,3
stepping,7410,7390,7410,20
walking,7420,7410,7420,10
sniffing,7501,7420,7501,81
grooming,7784,7501,7784,283
sniffing,7822,7784,7822,38
rising,7827,7822,7827,5
right_turning,7835,7827,7835,8
trotting,7859,7835,7859,24
stepping,7899,7859,7899,40
walking,7916,7899,7916,17
right_turning,7940,7916,7940,24
sniffing,7941,7940,7941,1
rising,7987,7941,7987,46
climbing,8027,7987,8027,40
stepping,8044,8027,8044,17
walking,8067,8044,8067,23
sniffing,8073,8067,8073,6
rising,8091,8073,8091,18
sniffing,8252,8091,8252,161
climbing,8306,8252,8306,54
grooming,8402,8306,8402,96
right_turning,8419,8402,8419,17
walking,8420,8419,8420,1
sniffing,8421,8420,8421,1
walking,8424,8421,8424,3
stepping,8444,8424,8444,20
walking,8466,8444,8466,22
sniffing,8467,8466,8467,1
stepping,8514,8467,8514,47
rising,8524,8514,8524,10
climbing,8553,8524,8553,29
sniffing,8567,8553,8567,14
grooming,8568,8567,8568,1
rearing,8635,8568,8635,67
left_turning,8636,8635,8636,1
sniffing,8637,8636,8637,1
rising,8645,8637,8645,8
walking,8711,8645,8711,66
rising,8735,8711,8735,24
grooming,8793,8735,8793,58
stepping,8825,8793,8825,32
walking,8897,8825,8897,72
stepping,8922,8897,8922,25
walking,8958,8922,8958,36
sniffing,8998,8958,8998,40
rising,9086,8998,9086,88
climbing,9162,9086,9162,76
rearing,9205,9162,9205,43
grooming,9321,9205,9321,116
walking,9379,9321,9379,58
rising,9409,9379,9409,30
rearing,9432,9409,9432,23
grooming,10258,9432,10258,826
rearing,10262,10258,10262,4
climbing,10292,10262,10292,30
sniffing,10342,10292,10342,50
running,10361,10342,10361,19
walking,10400,10361,10400,39
running,10447,10400,10447,47
walking,10476,10447,10476,29
rising,10477,10476,10477,1
grooming,10478,10477,10478,1
rising,10497,10478,10497,19
grooming,10550,10497,10550,53
rising,10579,10550,10579,29
running,10588,10579,10588,9
rising,10650,10588,10650,62
stepping,10656,10650,10656,6
walking,10672,10656,10672,16
stepping,10700,10672,10700,28
sniffing,10708,10700,10708,8
grooming,11039,10708,11039,331
rising,11092,11039,11092,53
walking,11146,11092,11146,54
stepping,11194,11146,11194,48
sniffing,11256,11194,11256,62
stepping,11316,11256,11316,60
sniffing,11318,11316,11318,2
rearing,11353,11318,11353,35
grooming,11604,11353,11604,251
rising,11664,11604,11664,60
walking,11685,11664,11685,21
rising,11686,11685,11686,1
left_turning,11704,11686,11704,18
rising,11951,11704,11951,247
left_turning,11969,11951,11969,18
running,12023,11969,12023,54
rising,12024,12023,12024,1
climbing,12103,12024,12103,79
sniffing,12188,12103,12188,85
stepping,12215,12188,12215,27
trotting,12228,12215,12228,13
running,12260,12228,12260,32
trotting,12272,12260,12272,12
grooming,12273,12272,12273,1
rearing,12302,12273,12302,29
climbing,12327,12302,12327,25
sniffing,12335,12327,12335,8
stepping,12366,12335,12366,31
walking,12367,12366,12367,1
rising,12449,12367,12449,82
hunching,12507,12449,12507,58
rearing,12686,12507,12686,179
hunching,12690,12686,12690,4
sniffing,12703,12690,12703,13
climbing,12768,12703,12768,65
grooming,12839,12768,12839,71
rising,12882,12839,12882,43
climbing,12909,12882,12909,27
sniffing,12956,12909,12956,47
stepping,12969,12956,12969,13
sniffing,12987,12969,12987,18
grooming,12988,12987,12988,1
walking,13053,12988,13053,65
grooming,13627,13053,13627,574
trotting,13658,13627,13658,31
sniffing,13701,13658,13701,43
walking,13746,13701,13746,45
stepping,13755,13746,13755,9
left_turning,13780,13755,13780,25
sniffing,13830,13780,13830,50
stepping,13861,13830,13861,31
sniffing,13872,13861,13872,11
grooming,14077,13872,14077,205
sniffing,14090,14077,14090,13
stepping,14114,14090,14114,24
sniffing,14163,14114,14163,49
running,14202,14163,14202,39
sniffing,14246,14202,14246,44
grooming,14247,14246,14247,1
right_turning,14291,14247,14291,44
grooming,14452,14291,14452,161
right_turning,14478,14452,14478,26
trotting,14493,14478,14493,15
walking,14543,14493,14543,50
left_turning,14560,14543,14560,17
stepping,14592,14560,14592,32
rising,14593,14592,14593,1
climbing,14616,14593,14616,23
grooming,14617,14616,14617,1
walking,14626,14617,14626,9
rising,14718,14626,14718,92
walking,14754,14718,14754,36
rearing,14963,14754,14963,209
stepping,14974,14963,14974,11
rearing,15058,14974,15058,84
climbing,15086,15058,15086,28
sniffing,15087,15086,15087,1
rising,15129,15087,15129,42
stepping,15130,15129,15130,1
walking,15195,15130,15195,65
stepping,15196,15195,15196,1
trotting,15199,15196,15199,3
sniffing,15249,15199,15249,50
stepping,15294,15249,15294,45
sniffing,15359,15294,15359,65
rearing,15483,15359,15483,124
rising,15513,15483,15513,30
sniffing,15514,15513,15514,1
trotting,15551,15514,15551,37
rising,15552,15551,15552,1
hunching,15553,15552,15553,1
grooming,15673,15553,15673,120
rising,15674,15673,15674,1
grooming,15966,15674,15966,292
sniffing,16024,15966,16024,58
rising,16025,16024,16025,1
grooming,16026,16025,16026,1
walking,16033,16026,16033,7
grooming,16104,16033,16104,71
running,16145,16104,16145,41
left_turning,16170,16145,16170,25
walking,16222,16170,16222,52
stepping,16272,16222,16272,50
grooming,16273,16272,16273,1
rearing,16315,16273,16315,42
hunching,16328,16315,16328,13
grooming,16329,16328,16329,1
sniffing,16354,16329,16354,25
stepping,16379,16354,16379,25
rising,16380,16379,16380,1
hunching,16399,16380,16399,19
rearing,16832,16399,16832,433
hunching,16910,16832,16910,78
grooming,16911,16910,16911,1
rearing,16997,16911,16997,86
walking,17049,16997,17049,52
stepping,17074,17049,17074,25
rising,17086,17074,17086,12
grooming,17396,17086,17396,310
sniffing,17442,17396,17442,46
left_turning,17507,17442,17507,65
trotting,17545,17507,17545,38
walking,17609,17545,17609,64
trotting,17635,17609,17635,26
sniffing,17656,17635,17656,21
stepping,17680,17656,17680,24
rising,17685,17680,17685,5
grooming,17932,17685,17932,247
climbing,17995,17932,17995,63
rearing,17996,17995,17996,1
stepping,18014,17996,18014,18
rearing,18395,18014,18395,381
sniffing,18453,18395,18453,58
walking,18481,18453,18481,28
stepping,18500,18481,18500,19
walking,18529,18500,18529,29
trotting,18538,18529,18538,9
sniffing,18645,18538,18645,107
right_turning,18648,18645,18648,3
running,18649,18648,18649,1
rearing,18691,18649,18691,42
stepping,18769,18691,18769,78
sniffing,18804,18769,18804,35
grooming,18805,18804,18805,1
rearing,18909,18805,18909,104
stepping,18919,18909,18919,10
sniffing,18969,18919,18969,50
rising,19017,18969,19017,48
stepping,19018,19017,19018,1
sniffing,19101,19018,19101,83
rising,19111,19101,19111,10
sniffing,19168,19111,19168,57
grooming,19227,19168,19227,59
rearing,19228,19227,19228,1
grooming,19713,19228,19713,485
sniffing,19771,19713,19771,58
rising,19783,19771,19783,12
grooming,19927,19783,19927,144
sniffing,19996,19927,19996,69
grooming,19997,19996,19997,1
scratching,20145,19997,20145,148
sniffing,20176,20145,20176,31
grooming,20214,20176,20214,38
sniffing,20259,20214,20259,45
stepping,20310,20259,20310,51
grooming,20311,20310,20311,1
left_turning,20353,20311,20353,42
grooming,20354,20353,20354,1
climbing,20435,20354,20435,81
grooming,20515,20435,20515,80
rearing,20520,20515,20520,5
hunching,20570,20520,20570,50
grooming,20762,20570,20762,192
stepping,20781,20762,20781,19
walking,20782,20781,20782,1
climbing,20810,20782,20810,28
sniffing,20822,20810,20822,12
climbing,20888,20822,20888,66
sniffing,20983,20888,20983,95
rearing,20984,20983,20984,1
trotting,20995,20984,20995,11
sniffing,21020,20995,21020,25
stepping,21040,21020,21040,20
sniffing,21078,21040,21078,38
climbing,21134,21078,21134,56
right_turning,21182,21134,21182,48
walking,21183,21182,21183,1
trotting,21219,21183,21219,36
rising,21224,21219,21224,5
hunching,21275,21224,21275,51
grooming,21345,21275,21345,70
rising,21346,21345,21346,1
grooming,21460,21346,21460,114
running,21487,21460,21487,27
sniffing,21527,21487,21527,40
stepping,21558,21527,21558,31
sniffing,21595,21558,21595,37
right_turning,21602,21595,21602,7
sniffing,21619,21602,21619,17
trotting,21655,21619,21655,36
stepping,21676,21655,21676,21
walking,21712,21676,21712,36
sniffing,21794,21712,21794,82
stepping,21797,21794,21797,3
walking,21805,21797,21805,8
sniffing,21806,21805,21806,1
left_turning,21815,21806,21815,9
walking,21847,21815,21847,32
stepping,21866,21847,21866,19
trotting,21889,21866,21889,23
walking,21928,21889,21928,39
stepping,21938,21928,21938,10
walking,21997,21938,21997,59
stepping,22068,21997,22068,71
sniffing,22094,22068,22094,26
rearing,22116,22094,22116,22
hunching,22125,22116,22125,9
rearing,22137,22125,22137,12
walking,22165,22137,22165,28
sniffing,22166,22165,22166,1
left_turning,22169,22166,22169,3
trotting,22172,22169,22172,3
walking,22260,22172,22260,88
sniffing,22264,22260,22264,4
walking,22278,22264,22278,14
sniffing,22310,22278,22310,32
climbing,22373,22310,22373,63
walking,22387,22373,22387,14
sniffing,22408,22387,22408,21
climbing,22454,22408,22454,46
left_turning,22455,22454,22455,1
trotting,22468,22455,22468,13
sniffing,22490,22468,22490,22
grooming,22606,22490,22606,116
walking,22620,22606,22620,14
sniffing,22644,22620,22644,24
grooming,22916,22644,22916,272
rising,22917,22916,22917,1
stepping,22936,22917,22936,19
rearing,23107,22936,23107,171
climbing,23158,23107,23158,51
grooming,23530,23158,23530,372
climbing,23559,23530,23559,29
grooming,23560,23559,23560,1
right_turning,23575,23560,23575,15
stepping,23621,23575,23621,46
sniffing,23687,23621,23687,66
walking,23780,23687,23780,93
rising,23781,23780,23781,1
grooming,23845,23781,23845,64
sniffing,23937,23845,23937,92
hunching,23964,23937,23964,27
rearing,23965,23964,23965,1
hunching,23973,23965,23973,8
grooming,23974,23973,23974,1
hunching,24057,23974,24057,83
stepping,24110,24057,24110,53
walking,24134,24110,24134,24
stepping,24154,24134,24154,20
climbing,24184,24154,24184,30
walking,24212,24184,24212,28
rearing,24299,24212,24299,87
sniffing,24316,24299,24316,17
stepping,24318,24316,24318,2
walking,24357,24318,24357,39
grooming,25079,24357,25079,722
stepping,25082,25079,25082,3
grooming,25164,25082,25164,82
right_turning,25167,25164,25167,3
sniffing,25168,25167,25168,1
rising,25198,25168,25198,30
walking,25199,25198,25199,1
stepping,25225,25199,25225,26
sniffing,25279,25225,25279,54
walking,25293,25279,25293,14
left_turning,25299,25293,25299,6
climbing,25331,25299,25331,32
grooming,26181,25331,26181,850
trotting,26232,26181,26232,51
rising,26233,26232,26233,1
right_turning,26266,26233,26266,33
sniffing,26279,26266,26279,13
running,26287,26279,26287,8
trotting,26321,26287,26321,34
sniffing,26355,26321,26355,34
grooming,26412,26355,26412,57
rising,26450,26412,26450,38
right_turning,26484,26450,26484,34
sniffing,26500,26484,26500,16
stepping,26523,26500,26523,23
rising,26565,26523,26565,42
rearing,26621,26565,26621,56
grooming,26622,26621,26622,1
sniffing,26648,26622,26648,26
hunching,26649,26648,26649,1
sniffing,26650,26649,26650,1
grooming,26695,26650,26695,45
rising,26724,26695,26724,29
climbing,26778,26724,26778,54
stepping,26792,26778,26792,14
rising,26793,26792,26793,1
sniffing,26798,26793,26798,5
left_turning,26842,26798,26842,44
rising,26890,26842,26890,48
climbing,26920,26890,26920,30
left_turning,26932,26920,26932,12
stepping,26980,26932,26980,48
walking,27008,26980,27008,28
grooming,27009,27008,27009,1
sniffing,27092,27009,27092,83
climbing,27181,27092,27181,89
running,27204,27181,27204,23
right_turning,27205,27204,27205,1
grooming,27408,27205,27408,203
left_turning,27409,27408,27409,1
running,27418,27409,27418,9
walking,27440,27418,27440,22
stepping,27473,27440,27473,33
sniffing,27570,27473,27570,97
grooming,27617,27570,27617,47
hunching,27689,27617,27689,72
walking,27727,27689,27727,38
sniffing,27760,27727,27760,33
stepping,27761,27760,27761,1
climbing,27776,27761,27776,15
left_turning,27807,27776,27807,31
grooming,28623,27807,28623,816
sniffing,28680,28623,28680,57
grooming,28823,28680,28823,143
trotting,28852,28823,28852,29
stepping,28873,28852,28873,21
rising,28874,28873,28874,1
rearing,28891,28874,28891,17
rising,28899,28891,28899,8
climbing,28948,28899,28948,49
left_turning,28969,28948,28969,21
rising,28970,28969,28970,1
grooming,29267,28970,29267,297
sniffing,29332,29267,29332,65
left_turning,29333,29332,29333,1
rising,29334,29333,29334,1
grooming,29335,29334,29335,1
trotting,29355,29335,29355,20
sniffing,29368,29355,29368,13
rising,29434,29368,29434,66
climbing,29435,29434,29435,1
grooming,29436,29435,29436,1
stepping,29437,29436,29437,1
sniffing,29458,29437,29458,21
left_turning,29490,29458,29490,32
walking,29497,29490,29497,7
sniffing,29498,29497,29498,1
walking,29522,29498,29522,24
rearing,29569,29522,29569,47
grooming,29602,29569,29602,33
left_turning,29627,29602,29627,25
grooming,29628,29627,29628,1
hunching,29756,29628,29756,128
rearing,29757,29756,29757,1
grooming,29975,29757,29975,218
rearing,30029,29975,30029,54
grooming,30030,30029,30030,1
walking,30074,30030,30074,44
rising,30124,30074,30124,50
climbing,30163,30124,30163,39
walking,30256,30163,30256,93
trotting,30266,30256,30266,10
sniffing,30267,30266,30267,1
walking,30275,30267,30275,8
sniffing,30302,30275,30302,27
left_turning,30333,30302,30333,31
grooming,30367,30333,30367,34
sniffing,30393,30367,30393,26
rising,30438,30393,30438,45
rearing,30602,30438,30602,164
climbing,30728,30602,30728,126
grooming,30894,30728,30894,166
walking,30916,30894,30916,22
sniffing,30949,30916,30949,33
grooming,31144,30949,31144,195
walking,31181,31144,31181,37
sniffing,31182,31181,31182,1
rising,31188,31182,31188,6
climbing,31252,31188,31252,64
left_turning,31286,31252,31286,34
rising,31287,31286,31287,1
climbing,31324,31287,31324,37
grooming,31551,31324,31551,227
stepping,31560,31551,31560,9
walking,31662,31560,31662,102
sniffing,31663,31662,31663,1
left_turning,31692,31663,31692,29
walking,31725,31692,31725,33
trotting,31762,31725,31762,37
sniffing,31832,31762,31832,70
grooming,31930,31832,31930,98
rearing,31931,31930,31931,1
sniffing,31938,31931,31938,7
stepping,31982,31938,31982,44
walking,31992,31982,31992,10
rearing,32015,31992,32015,23
left_turning,32032,32015,32032,17
walking,32043,32032,32043,11
climbing,32076,32043,32076,33
left_turning,32111,32076,32111,35
rising,32112,32111,32112,1
walking,32122,32112,32122,10
rearing,32165,32122,32165,43
hunching,32233,32165,32233,68
rising,32295,32233,32295,62
sniffing,32412,32295,32412,117
left_turning,32467,32412,32467,55
rising,32516,32467,32516,49
grooming,32517,32516,32517,1
sniffing,32565,32517,32565,48
grooming,32566,32565,32566,1
climbing,32623,32566,32623,57
rearing,32732,32623,32732,109
grooming,32733,32732,32733,1
running,32772,32733,32772,39
left_turning,32774,32772,32774,2
trotting,32792,32774,32792,18
stepping,32824,32792,32824,32
walking,32848,32824,32848,24
right_turning,32872,32848,32872,24
sniffing,32908,32872,32908,36
rising,32909,32908,32909,1
sniffing,32974,32909,32974,65
rising,33017,32974,33017,43
climbing,33018,33017,33018,1
left_turning,33073,33018,33073,55
grooming,33147,33073,33147,74
running,33175,33147,33175,28
stepping,33198,33175,33198,23
sniffing,33230,33198,33230,32
climbing,33264,33230,33264,34
rearing,33265,33264,33265,1
sniffing,33329,33265,33329,64
walking,33358,33329,33358,29
rising,33359,33358,33359,1
climbing,33442,33359,33442,83
rearing,33515,33442,33515,73
grooming,33652,33515,33652,137
running,33685,33652,33685,33
stepping,33727,33685,33727,42
walking,33765,33727,33765,38
stepping,33792,33765,33792,27
walking,33858,33792,33858,66
right_turning,33871,33858,33871,13
walking,33929,33871,33929,58
sniffing,33964,33929,33964,35
stepping,34002,33964,34002,38
sniffing,34014,34002,34014,12
rising,34019,34014,34019,5
hunching,34065,34019,34065,46
grooming,34311,34065,34311,246
rearing,34608,34311,34608,297
trotting,34621,34608,34621,13
sniffing,34677,34621,34677,56
right_turning,34708,34677,34708,31
stepping,34730,34708,34730,22
trotting,34778,34730,34778,48
walking,34779,34778,34779,1
stepping,34826,34779,34826,47
rising,34861,34826,34861,35
left_turning,34895,34861,34895,34
sniffing,34936,34895,34936,41
walking,34978,34936,34978,42
stepping,35042,34978,35042,64
sniffing,35124,35042,35124,82
walking,35162,35124,35162,38
sniffing,35232,35162,35232,70
right_turning,35243,35232,35243,11
walking,35268,35243,35268,25
sniffing,35285,35268,35285,17
walking,35328,35285,35328,43
stepping,35366,35328,35366,38
climbing,35382,35366,35382,16
right_turning,35388,35382,35388,6
stepping,35402,35388,35402,14
rearing,35403,35402,35403,1
grooming,35458,35403,35458,55
rearing,35530,35458,35530,72
sniffing,35568,35530,35568,38
climbing,35624,35568,35624,56
rising,35653,35624,35653,29
rearing,35673,35653,35673,20
climbing,35697,35673,35697,24
grooming,36440,35697,36440,743
climbing,36465,36440,36465,25
grooming,36601,36465,36601,136
stepping,36602,36601,36602,1
sniffing,36648,36602,36648,46
stepping,36682,36648,36682,34
sniffing,36750,36682,36750,68
grooming,36908,36750,36908,158
rearing,36942,36908,36942,34
climbing,36984,36942,36984,42
trotting,37001,36984,37001,17
climbing,37013,37001,37013,12
sniffing,37014,37013,37014,1
walking,37038,37014,37038,24
sniffing,37060,37038,37060,22
stepping,37085,37060,37085,25
sniffing,37138,37085,37138,53
grooming,37295,37138,37295,157
rearing,37334,37295,37334,39
grooming,37549,37334,37549,215
walking,37550,37549,37550,1
stepping,37573,37550,37573,23
sniffing,37697,37573,37697,124
rearing,37775,37697,37775,78
hunching,37820,37775,37820,45
grooming,37891,37820,37891,71
hunching,38031,37891,38031,140
grooming,38032,38031,38032,1
rearing,38071,38032,38071,39
hunching,38072,38071,38072,1
grooming,38073,38072,38073,1
walking,38075,38073,38075,2
stepping,38105,38075,38105,30
sniffing,38145,38105,38145,40
walking,38208,38145,38208,63
rising,38233,38208,38233,25
left_turning,38234,38233,38234,1
grooming,38298,38234,38298,64
right_turning,38299,38298,38299,1
stepping,38316,38299,38316,17
sniffing,38346,38316,38346,30
scratching,38376,38346,38376,30
trotting,38407,38376,38407,31
walking,38439,38407,38439,32
grooming,38760,38439,38760,321
left_turning,38783,38760,38783,23
grooming,38861,38783,38861,78
running,38880,38861,38880,19
sniffing,38902,38880,38902,22
walking,38917,38902,38917,15
stepping,38975,38917,38975,58
walking,38983,38975,38983,8
sniffing,39010,38983,39010,27
walking,39056,39010,39056,46
sniffing,39089,39056,39089,33
grooming,39189,39089,39189,100
left_turning,39196,39189,39196,7
walking,39220,39196,39220,24
rearing,39290,39220,39290,70
grooming,39430,39290,39430,140
trotting,39470,39430,39470,40
stepping,39493,39470,39493,23
sniffing,39512,39493,39512,19
rising,39531,39512,39531,19
rearing,39546,39531,39546,15
grooming,39565,39546,39565,19
climbing,39595,39565,39595,30
rearing,39711,39595,39711,116
left_turning,39743,39711,39743,32
climbing,39822,39743,39822,79
running,39840,39822,39840,18
climbing,39866,39840,39866,26
grooming,39867,39866,39867,1
stepping,39892,39867,39892,25
walking,39979,39892,39979,87
sniffing,40018,39979,40018,39
walking,40022,40018,40022,4
sniffing,40023,40022,40023,1
trotting,40048,40023,40048,25
stepping,40067,40048,40067,19
right_turning,40080,40067,40080,13
walking,40096,40080,40096,16
trotting,40125,40096,40125,29
sniffing,40142,40125,40142,17
walking,40154,40142,40154,12
sniffing,40193,40154,40193,39
walking,40204,40193,40204,11
sniffing,40225,40204,40225,21
trotting,40262,40225,40262,37
sniffing,40420,40262,40420,158
walking,40455,40420,40455,35
sniffing,40471,40455,40471,16
walking,40485,40471,40485,14
stepping,40524,40485,40524,39
left_turning,40527,40524,40527,3
climbing,40575,40527,40575,48
trotting,40592,40575,40592,17
rearing,40641,40592,40641,49
rising,40658,40641,40658,17
left_turning,40692,40658,40692,34
walking,40724,40692,40724,32
left_turning,40742,40724,40742,18
walking,40782,40742,40782,40
trotting,40788,40782,40788,6
rising,40789,40788,40789,1
sniffing,40806,40789,40806,17
stepping,40819,40806,40819,13
sniffing,40846,40819,40846,27
rising,40855,40846,40855,9
rearing,40868,40855,40868,13
climbing,40909,40868,40909,41
rearing,40928,40909,40928,19
grooming,40929,40928,40929,1
hunching,40930,40929,40930,1
grooming,40998,40930,40998,68
sniffing,41049,40998,41049,51
stepping,41085,41049,41085,36
sniffing,41118,41085,41118,33
walking,41127,41118,41127,9
trotting,41174,41127,41174,47
sniffing,41175,41174,41175,1
rising,41210,41175,41210,35
grooming,41260,41210,41260,50
hunching,41311,41260,41311,51
rearing,41312,41311,41312,1
climbing,41392,41312,41392,80
running,41420,41392,41420,28
sniffing,41451,41420,41451,31
stepping,41463,41451,41463,12
running,41507,41463,41507,44
sniffing,41550,41507,41550,43
rising,41556,41550,41556,6
sniffing,41609,41556,41609,53
grooming,41808,41609,41808,199
walking,41815,41808,41815,7
stepping,41856,41815,41856,41
sniffing,41894,41856,41894,38
rearing,41978,41894,41978,84
running,41992,41978,41992,14
sniffing,42005,41992,42005,13
walking,42014,42005,42014,9
sniffing,42015,42014,42015,1
stepping,42044,42015,42044,29
rising,42061,42044,42061,17
sniffing,42099,42061,42099,38
stepping,42131,42099,42131,32
rising,42137,42131,42137,6
climbing,42167,42137,42167,30
grooming,42516,42167,42516,349
rearing,42539,42516,42539,23
climbing,42598,42539,42598,59
grooming,42858,42598,42858,260
climbing,42894,42858,42894,36
running,42926,42894,42926,32
stepping,42973,42926,42973,47
walking,43010,42973,43010,37
stepping,43075,43010,43075,65
rising,43156,43075,43156,81
grooming,43272,43156,43272,116
sniffing,43349,43272,43349,77
stepping,43373,43349,43373,24
sniffing,43388,43373,43388,15
grooming,44070,43388,44070,682
sniffing,44087,44070,44087,17
trotting,44107,44087,44107,20
rearing,44331,44107,44331,224
left_turning,44370,44331,44370,39
sniffing,44383,44370,44383,13
stepping,44410,44383,44410,27
rising,44460,44410,44460,50
sniffing,44514,44460,44514,54
rearing,44561,44514,44561,47
sniffing,44582,44561,44582,21
rearing,44610,44582,44610,28
hunching,44611,44610,44611,1
grooming,44639,44611,44639,28
sniffing,44689,44639,44689,50
grooming,44790,44689,44790,101
sniffing,44856,44790,44856,66
stepping,44857,44856,44857,1
grooming,45336,44857,45336,479
stepping,45382,45336,45382,46
sniffing,45413,45382,45413,31
stepping,45435,45413,45435,22
walking,45440,45435,45440,5
sniffing,45517,45440,45517,77
grooming,45518,45517,45518,1
climbing,45615,45518,45615,97
rising,45642,45615,45642,27
climbing,45679,45642,45679,37
rising,45680,45679,45680,1
rearing,45681,45680,45681,1
trotting,45694,45681,45694,13
walking,45728,45694,45728,34
sniffing,45770,45728,45770,42
grooming,46575,45770,46575,805
trotting,46600,46575,46600,25
grooming,47197,46600,47197,597
left_turning,47230,47197,47230,33
sniffing,47246,47230,47246,16
rising,47309,47246,47309,63
sniffing,47354,47309,47354,45
running,47377,47354,47377,23
trotting,47409,47377,47409,32
walking,47444,47409,47444,35
trotting,47472,47444,47472,28
walking,47537,47472,47537,65
stepping,47585,47537,47585,48
grooming,48094,47585,48094,509
left_turning,48136,48094,48136,42
walking,48147,48136,48147,11
grooming,48277,48147,48277,130
scratching,48341,48277,48341,64
grooming,48342,48341,48342,1
running,48362,48342,48362,20
walking,48391,48362,48391,29
stepping,48443,48391,48443,52
walking,48467,48443,48467,24
sniffing,48474,48467,48474,7
stepping,48499,48474,48499,25
walking,48546,48499,48546,47
stepping,48620,48546,48620,74
walking,48630,48620,48630,10
sniffing,48640,48630,48640,10
walking,48670,48640,48670,30
rearing,48748,48670,48748,78
walking,48758,48748,48758,10
rising,48781,48758,48781,23
walking,48808,48781,48808,27
trotting,48819,48808,48819,11
sniffing,48843,48819,48843,24
stepping,48860,48843,48860,17
walking,48918,48860,48918,58
rearing,49013,48918,49013,95
grooming,49014,49013,49014,1
sniffing,49089,49014,49089,75
rearing,49090,49089,49090,1
rising,49106,49090,49106,16
scratching,49158,49106,49158,52
stepping,49159,49158,49159,1
right_turning,49204,49159,49204,45
trotting,49223,49204,49223,19
walking,49242,49223,49242,19
sniffing,49243,49242,49243,1
stepping,49256,49243,49256,13
sniffing,49272,49256,49272,16
climbing,49293,49272,49293,21
stepping,49324,49293,49324,31
sniffing,49325,49324,49325,1
grooming,49326,49325,49326,1
rearing,49393,49326,49393,67
right_turning,49404,49393,49404,11
walking,49426,49404,49426,22
sniffing,49466,49426,49466,40
walking,49467,49466,49467,1
sniffing,49472,49467,49472,5
stepping,49489,49472,49489,17
right_turning,49491,49489,49491,2
sniffing,49563,49491,49563,72
stepping,49635,49563,49635,72
sniffing,49636,49635,49636,1
rearing,49699,49636,49699,63
trotting,49721,49699,49721,22
rearing,49757,49721,49757,36
stepping,49780,49757,49780,23
sniffing,49822,49780,49822,42
grooming,50143,49822,50143,321
rising,50251,50143,50251,108
climbing,50304,50251,50304,53
grooming,50305,50304,50305,1
hunching,50306,50305,50306,1
rearing,50386,50306,50386,80
grooming,50679,50386,50679,293
scratching,50680,50679,50680,1
sniffing,50697,50680,50697,17
walking,50709,50697,50709,12
stepping,50740,50709,50740,31
sniffing,50749,50740,50749,9
grooming,50750,50749,50750,1
walking,50791,50750,50791,41
sniffing,50810,50791,50810,19
rising,50837,50810,50837,27
sniffing,50908,50837,50908,71
grooming,51108,50908,51108,200
rearing,51145,51108,51145,37
grooming,51171,51145,51171,26
climbing,51181,51171,51181,10
grooming,51253,51181,51253,72
stepping,51307,51253,51307,54
running,51332,51307,51332,25
sniffing,51381,51332,51381,49
stepping,51401,51381,51401,20
sniffing,51425,51401,51425,24
right_turning,51444,51425,51444,19
stepping,51504,51444,51504,60
rising,51527,51504,51527,23
climbing,51586,51527,51586,59
grooming,51674,51586,51674,88
stepping,51681,51674,51681,7
rising,51685,51681,51685,4
scratching,51728,51685,51728,43
left_turning,51729,51728,51729,1
grooming,51788,51729,51788,59
sniffing,51872,51788,51872,84
left_turning,51936,51872,51936,64
sniffing,51963,51936,51963,27
rising,52117,51963,52117,154
walking,52125,52117,52125,8
stepping,52148,52125,52148,23
grooming,52149,52148,52149,1
rearing,52238,52149,52238,89
stepping,52239,52238,52239,1
walking,52277,52239,52277,38
stepping,52309,52277,52309,32
sniffing,52348,52309,52348,39
rearing,52372,52348,52372,24
hunching,52433,52372,52433,61
grooming,53216,52433,53216,783
stepping,53222,53216,53222,6
walking,53249,53222,53249,27
trotting,53271,53249,53271,22
sniffing,53272,53271,53272,1
rearing,53354,53272,53354,82
grooming,53496,53354,53496,142
climbing,53547,53496,53547,51
trotting,53586,53547,53586,39
rearing,53629,53586,53629,43
grooming,53717,53629,53717,88
rearing,53849,53717,53849,132
climbing,53860,53849,53860,11
grooming,53861,53860,53861,1
hunching,54000,53861,54000,139
rearing,54019,54000,54019,19
grooming,54141,54019,54141,122
stepping,54157,54141,54157,16
sniffing,54158,54157,54158,1
stepping,54168,54158,54168,10
sniffing,54335,54168,54335,167
stepping,54341,54335,54341,6
walking,54358,54341,54358,17
stepping,54410,54358,54410,52
climbing,54448,54410,54448,38
walking,54474,54448,54474,26
left_turning,54514,54474,54514,40
grooming,54593,54514,54593,79
trotting,54621,54593,54621,28
walking,54674,54621,54674,53
sniffing,54786,54674,54786,112
left_turning,54826,54786,54826,40
walking,54858,54826,54858,32
sniffing,54895,54858,54895,37
rising,55205,54895,55205,310
rearing,55278,55205,55278,73
hunching,55279,55278,55279,1
grooming,55319,55279,55319,40
rearing,55335,55319,55335,16
climbing,55359,55335,55359,24
walking,55370,55359,55370,11
sniffing,55371,55370,55371,1
climbing,55382,55371,55382,11
left_turning,55428,55382,55428,46
walking,55452,55428,55452,24
stepping,55491,55452,55491,39
sniffing,55553,55491,55553,62
grooming,55554,55553,55554,1
rearing,55700,55554,55700,146
climbing,55813,55700,55813,113
rising,55850,55813,55850,37
rearing,55912,55850,55912,62
climbing,55943,55912,55943,31
running,55981,55943,55981,38
trotting,55986,55981,55986,5
rising,55987,55986,55987,1
hunching,55988,55987,55988,1
rearing,56071,55988,56071,83
climbing,56090,56071,56090,19
right_turning,56107,56090,56107,17
rearing,56109,56107,56109,2
climbing,56182,56109,56182,73
trotting,56205,56182,56205,23
walking,56252,56205,56252,47
stepping,56253,56252,56253,1
sniffing,56282,56253,56282,29
grooming,56283,56282,56283,1
left_turning,56356,56283,56356,73
sniffing,56377,56356,56377,21
climbing,56403,56377,56403,26
sniffing,56412,56403,56412,9
rising,56444,56412,56444,32
walking,56478,56444,56478,34
stepping,56491,56478,56491,13
grooming,56492,56491,56492,1
walking,56537,56492,56537,45
stepping,56589,56537,56589,52
rising,56590,56589,56590,1
walking,56631,56590,56631,41
stepping,56646,56631,56646,15
walking,56668,56646,56668,22
sniffing,56669,56668,56669,1
right_turning,56670,56669,56670,1
stepping,56767,56670,56767,97
sniffing,56768,56767,56768,1
rising,56828,56768,56828,60
right_turning,56844,56828,56844,16
stepping,56911,56844,56911,67
grooming,56912,56911,56912,1
hunching,56979,56912,56979,67
grooming,57167,56979,57167,188
sniffing,57202,57167,57202,35
rearing,57235,57202,57235,33
walking,57245,57235,57245,10
stepping,57246,57245,57246,1
jumping,57274,57246,57274,28
trotting,57296,57274,57296,22
stepping,57352,57296,57352,56
rearing,57487,57352,57487,135
climbing,57606,57487,57606,119
rearing,57651,57606,57651,45
climbing,57671,57651,57671,20
grooming,57672,57671,57672,1
stepping,57677,57672,57677,5
walking,57715,57677,57715,38
sniffing,57732,57715,57732,17
rearing,57815,57732,57815,83
left_turning,57848,57815,57848,33
walking,57867,57848,57867,19
stepping,57894,57867,57894,27
sniffing,57945,57894,57945,51
grooming,57946,57945,57946,1
left_turning,57990,57946,57990,44
sniffing,58027,57990,58027,37
walking,58041,58027,58041,14
stepping,58069,58041,58069,28
left_turning,58127,58069,58127,58
hunching,58220,58127,58220,93
sniffing,58296,58220,58296,76
walking,58311,58296,58311,15
sniffing,58322,58311,58322,11
stepping,58384,58322,58384,62
running,58391,58384,58391,7
right_turning,58434,58391,58434,43
walking,58473,58434,58473,39
sniffing,58555,58473,58555,82
left_turning,58556,58555,58556,1
rearing,58630,58556,58630,74
climbing,58660,58630,58660,30
left_turning,58676,58660,58676,16
stepping,58787,58676,58787,111
trotting,58814,58787,58814,27
climbing,58846,58814,58846,32
stepping,58870,58846,58870,24
walking,58917,58870,58917,47
sniffing,59025,58917,59025,108
rearing,59026,59025,59026,1
climbing,59113,59026,59113,87
walking,59143,59113,59143,30
sniffing,59144,59143,59144,1
left_turning,59152,59144,59152,8
walking,59153,59152,59153,1
stepping,59186,59153,59186,33
walking,59236,59186,59236,50
rising,59293,59236,59293,57
climbing,59314,59293,59314,21
grooming,59554,59314,59554,240
rising,59599,59554,59599,45
climbing,59619,59599,59619,20
rising,59661,59619,59661,42
left_turning,59662,59661,59662,1
stepping,59698,59662,59698,36
sniffing,59762,59698,59762,64
grooming,59763,59762,59763,1
stepping,59819,59763,59819,56
sniffing,59870,59819,59870,51
rising,59911,59870,59911,41
left_turning,59912,59911,59912,1
rising,59931,59912,59931,19
climbing,59949,59931,59949,18
rearing,59964,59949,59964,15
grooming,60181,59964,60181,217
left_turning,60433,60181,60433,252
walking,60462,60433,60462,29
grooming,60824,60462,60824,362
walking,60841,60824,60841,17
sniffing,60867,60841,60867,26
left_turning,60908,60867,60908,41
sniffing,60921,60908,60921,13
right_turning,60959,60921,60959,38
sniffing,60971,60959,60971,12
stepping,61008,60971,61008,37
sniffing,61009,61008,61009,1
stepping,61056,61009,61056,47
sniffing,61104,61056,61104,48
grooming,61167,61104,61167,63
right_turning,61197,61167,61197,30
sniffing,61227,61197,61227,30
grooming,61544,61227,61544,317
rearing,61627,61544,61627,83
grooming,61829,61627,61829,202
rearing,61974,61829,61974,145
walking,62000,61974,62000,26
trotting,62029,62000,62029,29
left_turning,62052,62029,62052,23
sniffing,62118,62052,62118,66
left_turning,62265,62118,62265,147
walking,62275,62265,62275,10
sniffing,62408,62275,62408,133
walking,62463,62408,62463,55
rising,62508,62463,62508,45
walking,62540,62508,62540,32
sniffing,62550,62540,62550,10
stepping,62555,62550,62555,5
rising,62556,62555,62556,1
rearing,62557,62556,62557,1
grooming,62569,62557,62569,12
right_turning,62585,62569,62585,16
trotting,62594,62585,62594,9
stepping,62595,62594,62595,1
jumping,62616,62595,62616,21
left_turning,62657,62616,62657,41
scratching,62773,62657,62773,116
left_turning,62774,62773,62774,1
grooming,62928,62774,62928,154
stepping,62958,62928,62958,30
walking,62967,62958,62967,9
right_turning,63004,62967,63004,37
sniffing,63049,63004,63049,45
rising,63050,63049,63050,1
sniffing,63089,63050,63089,39
walking,63111,63089,63111,22
stepping,63112,63111,63112,1
walking,63156,63112,63156,44
sniffing,63157,63156,63157,1
left_turning,63201,63157,63201,44
sniffing,63202,63201,63202,1
rising,63203,63202,63203,1
climbing,63217,63203,63217,14
grooming,63240,63217,63240,23
trotting,63248,63240,63248,8
rising,63299,63248,63299,51
climbing,63355,63299,63355,56
rearing,63356,63355,63356,1
grooming,63457,63356,63457,101
left_turning,63492,63457,63492,35
trotting,63501,63492,63501,9
walking,63532,63501,63532,31
sniffing,63707,63532,63707,175
grooming,63743,63707,63743,36
left_turning,63754,63743,63754,11
grooming,63755,63754,63755,1
rearing,63993,63755,63993,238
grooming,64222,63993,64222,229
hunching,64223,64222,64223,1
grooming,64650,64223,64650,427
rising,64710,64650,64710,60
left_turning,64895,64710,64895,185
grooming,65086,64895,65086,191
rising,65122,65086,65122,36
grooming,65123,65122,65123,1
stepping,65171,65123,65171,48
sniffing,65172,65171,65172,1
rising,65206,65172,65206,34
left_turning,65213,65206,65213,7
sniffing,65236,65213,65236,23
walking,65245,65236,65245,9
sniffing,65382,65245,65382,137
rising,65410,65382,65410,28
sniffing,65465,65410,65465,55
rising,65478,65465,65478,13
sniffing,65508,65478,65508,30
stepping,65529,65508,65529,21
sniffing,65565,65529,65565,36
grooming,66216,65565,66216,651
rearing,66217,66216,66217,1
hunching,66253,66217,66253,36
rearing,66311,66253,66311,58
climbing,66343,66311,66343,32
grooming,66404,66343,66404,61
rearing,66405,66404,66405,1
rising,66407,66405,66407,2
grooming,66408,66407,66408,1
rearing,66425,66408,66425,17
grooming,66595,66425,66595,170
sniffing,66668,66595,66668,73
walking,66717,66668,66717,49
grooming,66718,66717,66718,1
rising,66719,66718,66719,1
grooming,66880,66719,66880,161
rearing,66912,66880,66912,32
walking,66919,66912,66919,7
sniffing,66953,66919,66953,34
rising,67007,66953,67007,54
sniffing,67008,67007,67008,1
rearing,67060,67008,67060,52
hunching,67098,67060,67098,38
grooming,67113,67098,67113,15
rearing,67153,67113,67153,40
grooming,67237,67153,67237,84
hunching,67388,67237,67388,151
grooming,67486,67388,67486,98
walking,67507,67486,67507,21
sniffing,67614,67507,67614,107
rising,67641,67614,67641,27
left_turning,67662,67641,67662,21
sniffing,67676,67662,67676,14
trotting,67701,67676,67701,25
left_turning,67713,67701,67713,12
walking,67736,67713,67736,23
sniffing,67737,67736,67737,1
left_turning,67738,67737,67738,1
sniffing,67779,67738,67779,41
hunching,67815,67779,67815,36
grooming,67816,67815,67816,1
sniffing,67860,67816,67860,44
walking,67900,67860,67900,40
sniffing,68015,67900,68015,115
stepping,68025,68015,68025,10
sniffing,68043,68025,68043,18
stepping,68117,68043,68117,74
walking,68167,68117,68167,50
sniffing,68325,68167,68325,158
hunching,68326,68325,68326,1
grooming,68792,68326,68792,466
sniffing,68874,68792,68874,82
stepping,68917,68874,68917,43
sniffing,69045,68917,69045,128
climbing,69105,69045,69105,60
stepping,69123,69105,69123,18
walking,69139,69123,69139,16
stepping,69174,69139,69174,35
grooming,69380,69174,69380,206
left_turning,69381,69380,69381,1
sniffing,69457,69381,69457,76
grooming,69458,69457,69458,1
climbing,69503,69458,69503,45
right_turning,69558,69503,69558,55
stepping,69561,69558,69561,3
sniffing,69569,69561,69569,8
right_turning,69595,69569,69595,26
stepping,69646,69595,69646,51
rising,69647,69646,69647,1
climbing,69704,69647,69704,57
rearing,69730,69704,69730,26
right_turning,69773,69730,69773,43
climbing,69816,69773,69816,43
left_turning,69829,69816,69829,13
walking,69830,69829,69830,1
rearing,69936,69830,69936,106
grooming,69937,69936,69937,1
rearing,69952,69937,69952,15
hunching,70004,69952,70004,52
grooming,70102,70004,70102,98
rearing,70154,70102,70154,52
grooming,70188,70154,70188,34
stepping,70189,70188,70189,1
climbing,70204,70189,70204,15
rearing,70276,70204,70276,72
grooming,70282,70276,70282,6
sniffing,70369,70282,70369,87
rising,70370,70369,70370,1
rearing,70375,70370,70375,5
sniffing,70408,70375,70408,33
walking,70419,70408,70419,11
stepping,70454,70419,70454,35
sniffing,70600,70454,70600,146
left_turning,70601,70600,70601,1
sniffing,70667,70601,70667,66
stepping,70715,70667,70715,48
walking,70738,70715,70738,23
sniffing,70898,70738,70898,160
stepping,70916,70898,70916,18
trotting,70945,70916,70945,29
walking,70970,70945,70970,25
sniffing,71029,70970,71029,59
grooming,71083,71029,71083,54
hunching,71084,71083,71084,1
rearing,71133,71084,71133,49
climbing,71162,71133,71162,29
stepping,71176,71162,71176,14
walking,71252,71176,71252,76
sniffing,71253,71252,71253,1
stepping,71256,71253,71256,3
sniffing,71281,71256,71281,25
stepping,71318,71281,71318,37
walking,71326,71318,71326,8
sniffing,71327,71326,71327,1
grooming,72137,71327,72137,810
walking,72151,72137,72151,14
stepping,72161,72151,72161,10
sniffing,72162,72161,72162,1
stepping,72193,72162,72193,31
right_turning,72220,72193,72220,27
stepping,72246,72220,72246,26
sniffing,72306,72246,72306,60
grooming,72560,72306,72560,254
rearing,72587,72560,72587,27
right_turning,72607,72587,72607,20
stepping,72625,72607,72625,18
sniffing,72626,72625,72626,1
walking,72629,72626,72629,3
sniffing,72660,72629,72660,31
rising,72661,72660,72661,1
rearing,72682,72661,72682,21
climbing,72723,72682,72723,41
rising,72750,72723,72750,27
sniffing,73020,72750,73020,270
hunching,73129,73020,73129,109
rearing,73130,73129,73130,1
grooming,73240,73130,73240,110
left_turning,73300,73240,73300,60
sniffing,73335,73300,73335,35
walking,73361,73335,73361,26
sniffing,73584,73361,73584,223
rearing,73716,73584,73716,132
sniffing,73755,73716,73755,39
stepping,73756,73755,73756,1
grooming,73830,73756,73830,74
rearing,73874,73830,73874,44
right_turning,73900,73874,73900,26
stepping,73922,73900,73922,22
sniffing,73959,73922,73959,37
rearing,73960,73959,73960,1
walking,74017,73960,74017,57
rising,74018,74017,74018,1
stepping,74019,74018,74019,1
walking,74033,74019,74033,14
sniffing,74090,74033,74090,57
stepping,74114,74090,74114,24
walking,74149,74114,74149,35
sniffing,74207,74149,74207,58
walking,74212,74207,74212,5
sniffing,74408,74212,74408,196
climbing,74447,74408,74447,39
trotting,74460,74447,74460,13
walking,74478,74460,74478,18
grooming,74713,74478,74713,235
scratching,74770,74713,74770,57
sniffing,74834,74770,74834,64
pausing,74985,74834,74985,151
sniffing,74986,74985,74986,1
left_turning,75017,74986,75017,31
sniffing,75037,75017,75037,20
walking,75063,75037,75063,26
rising,75087,75063,75087,24
climbing,75095,75087,75095,8
walking,75115,75095,75115,20
sniffing,75116,75115,75116,1
grooming,75117,75116,75117,1
hunching,75230,75117,75230,113
grooming,75606,75230,75606,376
rearing,75607,75606,75607,1
right_turning,75617,75607,75617,10
stepping,75619,75617,75619,2
sniffing,75697,75619,75697,78
left_turning,75698,75697,75698,1
stepping,75733,75698,75733,35
sniffing,75784,75733,75784,51
left_turning,75803,75784,75803,19
walking,75828,75803,75828,25
sniffing,75975,75828,75975,147
stepping,76000,75975,76000,25
sniffing,76021,76000,76021,21
rearing,76022,76021,76022,1
rising,76054,76022,76054,32
rearing,76189,76054,76189,135
rising,76221,76189,76221,32
rearing,76222,76221,76222,1
rising,76290,76222,76290,68
rearing,76291,76290,76291,1
climbing,76332,76291,76332,41
trotting,76346,76332,76346,14
sniffing,76391,76346,76391,45
stepping,76400,76391,76400,9
rearing,76424,76400,76424,24
left_turning,76447,76424,76447,23
sniffing,76475,76447,76475,28
walking,76477,76475,76477,2
stepping,76498,76477,76498,21
trotting,76520,76498,76520,22
sniffing,76555,76520,76555,35
pausing,76705,76555,76705,150
sniffing,76733,76705,76733,28
rearing,76760,76733,76760,27
grooming,76808,76760,76808,48
running,76832,76808,76832,24
walking,76863,76832,76863,31
sniffing,76985,76863,76985,122
stepping,77016,76985,77016,31
sniffing,77076,77016,77076,60
walking,77118,77076,77118,42
right_turning,77150,77118,77150,32
walking,77177,77150,77177,27
sniffing,77210,77177,77210,33
walking,77256,77210,77256,46
climbing,77302,77256,77302,46
rearing,77391,77302,77391,89
climbing,77433,77391,77433,42
sniffing,77463,77433,77463,30
rising,77522,77463,77522,59
rearing,77526,77522,77526,4
hunching,77736,77526,77736,210
rising,77754,77736,77754,18
climbing,77791,77754,77791,37
grooming,78534,77791,78534,743
sniffing,78535,78534,78535,1
rising,78540,78535,78540,5
sniffing,78569,78540,78569,29
walking,78582,78569,78582,13
rising,78626,78582,78626,44
climbing,78650,78626,78650,24
sniffing,78753,78650,78753,103
left_turning,78802,78753,78802,49
climbing,78850,78802,78850,48
stepping,78870,78850,78870,20
left_turning,78905,78870,78905,35
sniffing,78983,78905,78983,78
rising,78999,78983,78999,16
sniffing,79072,78999,79072,73
right_turning,79076,79072,79076,4
rearing,79105,79076,79105,29
climbing,79149,79105,79149,44
running,79176,79149,79176,27
stepping,79208,79176,79208,32
sniffing,79221,79208,79221,13
walking,79261,79221,79261,40
climbing,79280,79261,79280,19
rearing,79306,79280,79306,26
rising,79341,79306,79341,35
walking,79358,79341,79358,17
sniffing,79359,79358,79359,1
left_turning,79383,79359,79383,24
rising,79384,79383,79384,1
climbing,79408,79384,79408,24
rearing,79444,79408,79444,36
grooming,79855,79444,79855,411
rearing,79900,79855,79900,45
walking,79953,79900,79953,53
trotting,79975,79953,79975,22
walking,80013,79975,80013,38
sniffing,80014,80013,80014,1
stepping,80054,80014,80054,40
rearing,80280,80054,80280,226
grooming,80410,80280,80410,130
sniffing,80411,80410,80411,1
walking,80439,80411,80439,28
sniffing,80487,80439,80487,48
walking,80506,80487,80506,19
sniffing,80531,80506,80531,25
rearing,80712,80531,80712,181
running,80730,80712,80730,18
walking,80783,80730,80783,53
sniffing,80841,80783,80841,58
right_turning,80877,80841,80877,36
grooming,80944,80877,80944,67
stepping,80974,80944,80974,30
sniffing,80975,80974,80975,1
stepping,81008,80975,81008,33
walking,81025,81008,81025,17
rearing,81077,81025,81077,52
scratching,81173,81077,81173,96
grooming,81174,81173,81174,1
scratching,81250,81174,81250,76
grooming,81251,81250,81251,1
sniffing,81342,81251,81342,91
rearing,81393,81342,81393,51
hunching,81419,81393,81419,26
grooming,81532,81419,81532,113
rearing,81533,81532,81533,1
stepping,81534,81533,81534,1
right_turning,81550,81534,81550,16
climbing,81613,81550,81613,63
walking,81684,81613,81684,71
sniffing,81685,81684,81685,1
left_turning,81737,81685,81737,52
sniffing,81767,81737,81767,30
left_turning,81807,81767,81807,40
scratching,81948,81807,81948,141
grooming,81949,81948,81949,1
sniffing,81964,81949,81964,15
left_turning,82002,81964,82002,38
sniffing,82003,82002,82003,1
grooming,82031,82003,82031,28
sniffing,82081,82031,82081,50
rearing,82082,82081,82082,1
grooming,82591,82082,82591,509
climbing,82685,82591,82685,94
grooming,82735,82685,82735,50
stepping,82756,82735,82756,21
left_turning,82770,82756,82770,14
sniffing,82810,82770,82810,40
walking,82836,82810,82836,26
stepping,82860,82836,82860,24
trotting,82902,82860,82902,42
stepping,82966,82902,82966,64
sniffing,82986,82966,82986,20
walking,83033,82986,83033,47
climbing,83041,83033,83041,8
walking,83044,83041,83044,3
stepping,83084,83044,83084,40
walking,83120,83084,83120,36
sniffing,83194,83120,83194,74
grooming,84101,83194,84101,907
rearing,84185,84101,84185,84
sniffing,84207,84185,84207,22
grooming,84577,84207,84577,370
hunching,84788,84577,84788,211
stepping,84835,84788,84835,47
walking,84870,84835,84870,35
stepping,84986,84870,84986,116
climbing,85088,84986,85088,102
left_turning,85143,85088,85143,55
sniffing,85144,85143,85144,1
grooming,85304,85144,85304,160
rearing,85305,85304,85305,1
rising,85340,85305,85340,35
rearing,85471,85340,85471,131
trotting,85491,85471,85491,20
sniffing,85519,85491,85519,28
grooming,85574,85519,85574,55
rearing,85601,85574,85601,27
sniffing,85602,85601,85602,1
walking,85648,85602,85648,46
grooming,85649,85648,85649,1
climbing,85706,85649,85706,57
running,85747,85706,85747,41
stepping,85755,85747,85755,8
grooming,86165,85755,86165,410
sniffing,86171,86165,86171,6
grooming,86486,86171,86486,315
sniffing,86554,86486,86554,68
stepping,86577,86554,86577,23
trotting,86587,86577,86587,10
stepping,86596,86587,86596,9
sniffing,86597,86596,86597,1
grooming,86792,86597,86792,195
hunching,86857,86792,86857,65
grooming,86905,86857,86905,48
rearing,87144,86905,87144,239
grooming,87145,87144,87145,1
sniffing,87172,87145,87172,27
trotting,87195,87172,87195,23
stepping,87218,87195,87218,23
sniffing,87224,87218,87224,6
rising,87242,87224,87242,18
grooming,87243,87242,87243,1
rearing,87302,87243,87302,59
stepping,87313,87302,87313,11
sniffing,87314,87313,87314,1
left_turning,87342,87314,87342,28
walking,87391,87342,87391,49
sniffing,87405,87391,87405,14
grooming,87535,87405,87535,130
left_turning,87586,87535,87586,51
rising,87598,87586,87598,12
grooming,87626,87598,87626,28
sniffing,87627,87626,87627,1
trotting,87657,87627,87657,30
rising,87662,87657,87662,5
climbing,87724,87662,87724,62
rearing,87773,87724,87773,49
grooming,87878,87773,87878,105
sniffing,87956,87878,87956,78
stepping,87964,87956,87964,8
sniffing,88020,87964,88020,56
stepping,88038,88020,88038,18
sniffing,88111,88038,88111,73
stepping,88195,88111,88195,84
grooming,88198,88195,88198,3
hunching,88288,88198,88288,90
rearing,88297,88288,88297,9
climbing,88312,88297,88312,15
rearing,88313,88312,88313,1
rising,88334,88313,88334,21
climbing,88400,88334,88400,66
rearing,88517,88400,88517,117
rising,88599,88517,88599,82
sniffing,88600,88599,88600,1
walking,88606,88600,88606,6
stepping,88632,88606,88632,26
walking,88652,88632,88652,20
stepping,88671,88652,88671,19
climbing,88699,88671,88699,28
stepping,88725,88699,88725,26
climbing,88726,88725,88726,1
right_turning,88732,88726,88732,6
running,88757,88732,88757,25
walking,88795,88757,88795,38
trotting,88828,88795,88828,33
running,88850,88828,88850,22
walking,88860,88850,88860,10
trotting,88877,88860,88877,17
walking,88878,88877,88878,1
sniffing,88916,88878,88916,38
rising,88940,88916,88940,24
sniffing,88998,88940,88998,58
left_turning,89092,88998,89092,94
stepping,89118,89092,89118,26
sniffing,89195,89118,89195,77
grooming,89330,89195,89330,135
climbing,89365,89330,89365,35
walking,89404,89365,89404,39
sniffing,89439,89404,89439,35
stepping,89443,89439,89443,4
walking,89482,89443,89482,39
trotting,89505,89482,89505,23
walking,89567,89505,89567,62
sniffing,89651,89567,89651,84
walking,89675,89651,89675,24
stepping,89723,89675,89723,48
climbing,89744,89723,89744,21
rearing,89805,89744,89805,61
grooming,89890,89805,89890,85
trotting,89914,89890,89914,24
rearing,90010,89914,90010,96
walking,90043,90010,90043,33
sniffing,90070,90043,90070,27
right_turning,90118,90070,90118,48
scratching,90203,90118,90203,85
stepping,90241,90203,90241,38
walking,90261,90241,90261,20
stepping,90262,90261,90262,1
sniffing,90299,90262,90299,37
right_turning,90318,90299,90318,19
walking,90319,90318,90319,1
sniffing,90332,90319,90332,13
grooming,90413,90332,90413,81
rearing,90458,90413,90458,45
grooming,90518,90458,90518,60
rearing,90519,90518,90519,1
climbing,90576,90519,90576,57
sniffing,90639,90576,90639,63
left_turning,90649,90639,90649,10
sniffing,90676,90649,90676,27
rising,90709,90676,90709,33
grooming,90710,90709,90710,1
climbing,90744,90710,90744,34
walking,90758,90744,90758,14
sniffing,90788,90758,90788,30
left_turning,90827,90788,90827,39
rising,90842,90827,90842,15
grooming,91495,90842,91495,653
climbing,91521,91495,91521,26
right_turning,91524,91521,91524,3
running,91540,91524,91540,16
sniffing,91584,91540,91584,44
walking,91612,91584,91612,28
climbing,91656,91612,91656,44
rearing,91754,91656,91754,98
grooming,91805,91754,91805,51
scratching,92229,91805,92229,424
sniffing,92291,92229,92291,62
stepping,92370,92291,92370,79
climbing,92409,92370,92409,39
rearing,92493,92409,92493,84
left_turning,92494,92493,92494,1
sniffing,92507,92494,92507,13
walking,92561,92507,92561,54
climbing,92595,92561,92595,34
rearing,92687,92595,92687,92
climbing,92711,92687,92711,24
rearing,92794,92711,92794,83
trotting,92814,92794,92814,20
stepping,92815,92814,92815,1
walking,92821,92815,92821,6
running,92825,92821,92825,4
walking,92836,92825,92836,11
left_turning,92869,92836,92869,33
sniffing,92909,92869,92909,40
rising,92940,92909,92940,31
climbing,92965,92940,92965,25
rearing,93040,92965,93040,75
walking,93104,93040,93104,64
stepping,93151,93104,93151,47
right_turning,93169,93151,93169,18
rising,93170,93169,93170,1
sniffing,93220,93170,93220,50
walking,93258,93220,93258,38
sniffing,93456,93258,93456,198
grooming,93572,93456,93572,116
climbing,93599,93572,93599,27
rising,93637,93599,93637,38
grooming,93638,93637,93638,1
sniffing,93679,93638,93679,41
walking,93680,93679,93680,1
sniffing,93681,93680,93681,1
stepping,93685,93681,93685,4
sniffing,93686,93685,93686,1
grooming,93869,93686,93869,183
hunching,93958,93869,93958,89
grooming,93981,93958,93981,23
sniffing,94083,93981,94083,102
stepping,94084,94083,94084,1
walking,94134,94084,94134,50
grooming,94135,94134,94135,1
rearing,94228,94135,94228,93
rising,94229,94228,94229,1
rearing,94308,94229,94308,79
grooming,94309,94308,94309,1
stepping,94310,94309,94310,1
rising,94311,94310,94311,1
climbing,94380,94311,94380,69
right_turning,94384,94380,94384,4
stepping,94397,94384,94397,13
rising,94404,94397,94404,7
hunching,94467,94404,94467,63
left_turning,94472,94467,94472,5
walking,94531,94472,94531,59
left_turning,94562,94531,94562,31
grooming,94667,94562,94667,105
hunching,94850,94667,94850,183
rearing,94931,94850,94931,81
grooming,95017,94931,95017,86
sniffing,95018,95017,95018,1
walking,95046,95018,95046,28
stepping,95058,95046,95058,12
grooming,95241,95058,95241,183
trotting,95266,95241,95266,25
grooming,95289,95266,95289,23
sniffing,95302,95289,95302,13
scratching,95373,95302,95373,71
sniffing,95404,95373,95404,31
grooming,95611,95404,95611,207
climbing,95630,95611,95630,19
left_turning,95677,95630,95677,47
sniffing,95678,95677,95678,1
walking,95679,95678,95679,1
sniffing,95762,95679,95762,83
left_turning,95792,95762,95792,30
walking,95820,95792,95820,28
rising,95847,95820,95847,27
walking,95894,95847,95894,47
rearing,95948,95894,95948,54
climbing,95971,95948,95971,23
walking,96017,95971,96017,46
rising,96055,96017,96055,38
sniffing,96056,96055,96056,1
rising,96058,96056,96058,2
climbing,96107,96058,96107,49
rearing,96182,96107,96182,75
rising,96250,96182,96250,68
rearing,96285,96250,96285,35
stepping,96287,96285,96287,2
sniffing,96328,96287,96328,41
stepping,96329,96328,96329,1
walking,96343,96329,96343,14
rising,96346,96343,96346,3
climbing,96412,96346,96412,66
rearing,96500,96412,96500,88
walking,96527,96500,96527,27
trotting,96528,96527,96528,1
sniffing,96608,96528,96608,80
stepping,96631,96608,96631,23
sniffing,96711,96631,96711,80
rising,96725,96711,96725,14
left_turning,96766,96725,96766,41
trotting,96796,96766,96796,30
walking,96859,96796,96859,63
sniffing,96902,96859,96902,43
walking,96926,96902,96926,24
trotting,96942,96926,96942,16
walking,97009,96942,97009,67
stepping,97010,97009,97010,1
rearing,97093,97010,97093,83
grooming,97204,97093,97204,111
climbing,97269,97204,97269,65
walking,97293,97269,97293,24
stepping,97336,97293,97336,43
sniffing,97367,97336,97367,31
stepping,97376,97367,97376,9
sniffing,97416,97376,97416,40
grooming,97471,97416,97471,55
sniffing,97531,97471,97531,60
rising,97610,97531,97610,79
stepping,97635,97610,97635,25
sniffing,97701,97635,97701,66
grooming,97702,97701,97702,1
rearing,97763,97702,97763,61
sniffing,97824,97763,97824,61
walking,97850,97824,97850,26
right_turning,97868,97850,97868,18
stepping,97892,97868,97892,24
walking,97913,97892,97913,21
climbing,97965,97913,97965,52
walking,97977,97965,97977,12
rising,97986,97977,97986,9
sniffing,98033,97986,98033,47
walking,98053,98033,98053,20
sniffing,98056,98053,98056,3
walking,98092,98056,98092,36
climbing,98133,98092,98133,41
left_turning,98137,98133,98137,4
stepping,98164,98137,98164,27
rearing,98188,98164,98188,24
hunching,98189,98188,98189,1
rearing,98275,98189,98275,86
climbing,98332,98275,98332,57
trotting,98350,98332,98350,18
walking,98351,98350,98351,1
sniffing,98355,98351,98355,4
rising,98387,98355,98387,32
rearing,98467,98387,98467,80
stepping,98521,98467,98521,54
rearing,98546,98521,98546,25
sniffing,98575,98546,98575,29
grooming,98606,98575,98606,31
rising,98655,98606,98655,49
grooming,98762,98655,98762,107
sniffing,98771,98762,98771,9
rising,98778,98771,98778,7
climbing,98806,98778,98806,28
left_turning,98849,98806,98849,43
stepping,98863,98849,98863,14
rearing,98889,98863,98889,26
grooming,98890,98889,98890,1
rearing,98987,98890,98987,97
hunching,98998,98987,98998,11
grooming,98999,98998,98999,1
sniffing,99047,98999,99047,48
climbing,99089,99047,99089,42
sniffing,99117,99089,99117,28
grooming,99408,99117,99408,291
left_turning,99417,99408,99417,9
stepping,99458,99417,99458,41
sniffing,99459,99458,99459,1
trotting,99479,99459,99479,20
right_turning,99516,99479,99516,37
walking,99530,99516,99530,14
stepping,99543,99530,99543,13
rearing,99582,99543,99582,39
sniffing,99618,99582,99618,36
trotting,99649,99618,99649,31
walking,99650,99649,99650,1
climbing,99701,99650,99701,51
left_turning,99712,99701,99712,11
sniffing,99719,99712,99719,7
rising,99792,99719,99792,73
grooming,99981,99792,99981,189
left_turning,100020,99981,100020,39
sniffing,100021,100020,100021,1
stepping,100052,100021,100052,31
sniffing,100109,100052,100109,57
stepping,100176,100109,100176,67
walking,100177,100176,100177,1
sniffing,100219,100177,100219,42
left_turning,100220,100219,100220,1
grooming,100679,100220,100679,459
sniffing,100681,100679,100681,2
rising,100682,100681,100682,1
sniffing,100687,100682,100687,5
walking,100740,100687,100740,53
sniffing,100750,100740,100750,10
hunching,100777,100750,100777,27
left_turning,100815,100777,100815,38
sniffing,100823,100815,100823,8
rising,100906,100823,100906,83
rearing,100950,100906,100950,44
grooming,101119,100950,101119,169
sniffing,101206,101119,101206,87
stepping,101227,101206,101227,21
sniffing,101258,101227,101258,31
rising,101317,101258,101317,59
rearing,101324,101317,101324,7
walking,101332,101324,101332,8
stepping,101382,101332,101382,50
walking,101397,101382,101397,15
sniffing,101404,101397,101404,7
grooming,101511,101404,101511,107
left_turning,101571,101511,101571,60
stepping,101613,101571,101613,42
grooming,101715,101613,101715,102
rearing,101811,101715,101811,96
grooming,101878,101811,101878,67
sniffing,101894,101878,101894,16
stepping,101958,101894,101958,64
rearing,102009,101958,102009,51
grooming,102145,102009,102145,136
rising,102146,102145,102146,1
grooming,102270,102146,102270,124
climbing,102271,102270,102271,1
grooming,102393,102271,102393,122
hunching,102576,102393,102576,183
grooming,102577,102576,102577,1
sniffing,102627,102577,102627,50
rising,102672,102627,102672,45
rearing,102673,102672,102673,1
stepping,102709,102673,102709,36
sniffing,102737,102709,102737,28
rising,102739,102737,102739,2
climbing,102780,102739,102780,41
rearing,102840,102780,102840,60
hunching,102997,102840,102997,157
grooming,103097,102997,103097,100
left_turning,103134,103097,103134,37
sniffing,103150,103134,103150,16
rising,103203,103150,103203,53
rearing,103292,103203,103292,89
sniffing,103331,103292,103331,39
running,103371,103331,103371,40
sniffing,103446,103371,103446,75
rising,103481,103446,103481,35
rearing,103562,103481,103562,81
grooming,103594,103562,103594,32
sniffing,103647,103594,103647,53
right_turning,103648,103647,103648,1
stepping,103651,103648,103651,3
sniffing,103672,103651,103672,21
stepping,103728,103672,103728,56
sniffing,103729,103728,103729,1
rising,103828,103729,103828,99
climbing,103829,103828,103829,1
rearing,103935,103829,103935,106
grooming,103936,103935,103936,1
rising,103989,103936,103989,53
scratching,104028,103989,104028,39
grooming,104166,104028,104166,138
hunching,104185,104166,104185,19
rearing,104186,104185,104186,1
climbing,104207,104186,104207,21
rearing,104242,104207,104242,35
rising,104309,104242,104309,67
grooming,104326,104309,104326,17
rearing,104327,104326,104327,1
grooming,104404,104327,104404,77
climbing,104470,104404,104470,66
stepping,104485,104470,104485,15
rearing,104514,104485,104514,29
sniffing,104630,104514,104630,116
rearing,104677,104630,104677,47
left_turning,104716,104677,104716,39
rearing,104800,104716,104800,84
climbing,104802,104800,104802,2
grooming,104824,104802,104824,22
rearing,104873,104824,104873,49
rising,104907,104873,104907,34
climbing,104927,104907,104927,20
rising,104983,104927,104983,56
sniffing,104993,104983,104993,10
walking,105017,104993,105017,24
sniffing,105040,105017,105040,23
rising,105073,105040,105073,33
climbing,105130,105073,105130,57
trotting,105159,105130,105159,29
walking,105207,105159,105207,48
sniffing,105208,105207,105208,1
stepping,105315,105208,105315,107
left_turning,105336,105315,105336,21
sniffing,105357,105336,105357,21
grooming,105503,105357,105503,146
left_turning,105504,105503,105504,1
grooming,105528,105504,105528,24
rearing,105570,105528,105570,42
hunching,105696,105570,105696,126
rising,105772,105696,105772,76
grooming,105915,105772,105915,143
climbing,105961,105915,105961,46
trotting,105968,105961,105968,7
walking,106001,105968,106001,33
sniffing,106091,106001,106091,90
grooming,107600,106091,107600,1509
rearing,107601,107600,107601,1
sniffing,107707,107601,107707,106
rising,107753,107707,107753,46
sniffing,107833,107753,107833,80
grooming,108000,107833,108000,167
