revised_movement_label,segBoundary,segBoundary_start,segBoundary_end,length
grooming,33,0,33,33
hunching,75,33,75,42
walking,106,75,106,31
sniffing,127,106,127,21
running,149,127,149,22
trotting,150,149,150,1
walking,189,150,189,39
running,218,189,218,29
trotting,260,218,260,42
running,268,260,268,8
walking,298,268,298,30
stepping,314,298,314,16
left_turning,399,314,399,85
rising,431,399,431,32
sniffing,432,431,432,1
walking,447,432,447,15
trotting,472,447,472,25
walking,507,472,507,35
sniffing,508,507,508,1
walking,563,508,563,55
stepping,564,563,564,1
walking,565,564,565,1
rising,587,565,587,22
left_turning,622,587,622,35
walking,683,622,683,61
grooming,684,683,684,1
sniffing,712,684,712,28
rising,713,712,713,1
sniffing,714,713,714,1
grooming,908,714,908,194
sniffing,951,908,951,43
running,982,951,982,31
trotting,992,982,992,10
sniffing,1039,992,1039,47
walking,1120,1039,1120,81
sniffing,1156,1120,1156,36
left_turning,1159,1156,1159,3
trotting,1169,1159,1169,10
walking,1196,1169,1196,27
trotting,1234,1196,1234,38
running,1265,1234,1265,31
trotting,1266,1265,1266,1
sniffing,1335,1266,1335,69
walking,1397,1335,1397,62
sniffing,1398,1397,1398,1
left_turning,1411,1398,1411,13
walking,1412,1411,1412,1
rising,1413,1412,1413,1
sniffing,1441,1413,1441,28
rising,1455,1441,1455,14
hunching,1460,1455,1460,5
grooming,1645,1460,1645,185
left_turning,1686,1645,1686,41
sniffing,1688,1686,1688,2
grooming,2020,1688,2020,332
left_turning,2024,2020,2024,4
running,2039,2024,2039,15
walking,2056,2039,2056,17
sniffing,2073,2056,2073,17
left_turning,2088,2073,2088,15
rising,2150,2088,2150,62
climbing,2195,2150,2195,45
grooming,2196,2195,2196,1
walking,2267,2196,2267,71
stepping,2336,2267,2336,69
rising,2400,2336,2400,64
sniffing,2444,2400,2444,44
rising,2596,2444,2596,152
sniffing,2597,2596,2597,1
walking,2662,2597,2662,65
stepping,2707,2662,2707,45
rising,2803,2707,2803,96
grooming,2854,2803,2854,51
walking,2855,2854,2855,1
sniffing,2947,2855,2947,92
stepping,2970,2947,2970,23
sniffing,2992,2970,2992,22
left_turning,3007,2992,3007,15
stepping,3041,3007,3041,34
rising,3053,3041,3053,12
walking,3061,3053,3061,8
sniffing,3179,3061,3179,118
left_turning,3220,3179,3220,41
running,3271,3220,3271,51
trotting,3291,3271,3291,20
grooming,3411,3291,3411,120
climbing,3464,3411,3464,53
left_turning,3489,3464,3489,25
walking,3490,3489,3490,1
trotting,3513,3490,3513,23
walking,3578,3513,3578,65
sniffing,3625,3578,3625,47
rising,3636,3625,3636,11
hunching,3657,3636,3657,21
sniffing,3671,3657,3671,14
walking,3674,3671,3674,3
rising,3708,3674,3708,34
trotting,3746,3708,3746,38
walking,3768,3746,3768,22
sniffing,3783,3768,3783,15
stepping,3808,3783,3808,25
sniffing,3846,3808,3846,38
right_turning,3878,3846,3878,32
running,3903,3878,3903,25
sniffing,3911,3903,3911,8
trotting,3923,3911,3923,12
stepping,3924,3923,3924,1
rising,3951,3924,3951,27
walking,3952,3951,3952,1
rising,4023,3952,4023,71
sniffing,4033,4023,4033,10
stepping,4048,4033,4048,15
sniffing,4049,4048,4049,1
walking,4053,4049,4053,4
sniffing,4059,4053,4059,6
walking,4074,4059,4074,15
rising,4088,4074,4088,14
trotting,4101,4088,4101,13
sniffing,4130,4101,4130,29
stepping,4170,4130,4170,40
trotting,4182,4170,4182,12
running,4187,4182,4187,5
walking,4204,4187,4204,17
sniffing,4215,4204,4215,11
walking,4248,4215,4248,33
rising,4288,4248,4288,40
rearing,4291,4288,4291,3
rising,4313,4291,4313,22
grooming,4479,4313,4479,166
hunching,4480,4479,4480,1
grooming,4521,4480,4521,41
rearing,4546,4521,4546,25
sniffing,4547,4546,4547,1
left_turning,4548,4547,4548,1
rearing,4628,4548,4628,80
grooming,4702,4628,4702,74
rearing,4763,4702,4763,61
climbing,4795,4763,4795,32
rearing,4911,4795,4911,116
walking,4933,4911,4933,22
sniffing,4983,4933,4983,50
rising,4998,4983,4998,15
sniffing,4999,4998,4999,1
right_turning,5013,4999,5013,14
stepping,5025,5013,5025,12
sniffing,5026,5025,5026,1
walking,5060,5026,5060,34
rising,5082,5060,5082,22
sniffing,5096,5082,5096,14
trotting,5112,5096,5112,16
rising,5113,5112,5113,1
walking,5114,5113,5114,1
running,5143,5114,5143,29
trotting,5171,5143,5171,28
rising,5228,5171,5228,57
climbing,5269,5228,5269,41
walking,5345,5269,5345,76
sniffing,5346,5345,5346,1
rising,5391,5346,5391,45
walking,5423,5391,5423,32
stepping,5424,5423,5424,1
trotting,5438,5424,5438,14
running,5446,5438,5446,8
trotting,5469,5446,5469,23
sniffing,5491,5469,5491,22
trotting,5514,5491,5514,23
walking,5577,5514,5577,63
running,5583,5577,5583,6
trotting,5592,5583,5592,9
walking,5623,5592,5623,31
rising,5675,5623,5675,52
sniffing,5681,5675,5681,6
stepping,5719,5681,5719,38
walking,5757,5719,5757,38
grooming,5893,5757,5893,136
trotting,5907,5893,5907,14
rising,5963,5907,5963,56
sniffing,5977,5963,5977,14
right_turning,6001,5977,6001,24
rising,6030,6001,6030,29
sniffing,6031,6030,6031,1
left_turning,6047,6031,6047,16
grooming,6096,6047,6096,49
sniffing,6105,6096,6105,9
stepping,6133,6105,6133,28
sniffing,6134,6133,6134,1
right_turning,6146,6134,6146,12
trotting,6187,6146,6187,41
sniffing,6272,6187,6272,85
rising,6327,6272,6327,55
grooming,6374,6327,6374,47
rearing,6375,6374,6375,1
hunching,6408,6375,6408,33
grooming,6510,6408,6510,102
sniffing,6534,6510,6534,24
grooming,7105,6534,7105,571
rearing,7217,7105,7217,112
sniffing,7261,7217,7261,44
walking,7286,7261,7286,25
rearing,7287,7286,7287,1
sniffing,7327,7287,7327,40
stepping,7329,7327,7329,2
rising,7379,7329,7379,50
sniffing,7413,7379,7413,34
rising,7485,7413,7485,72
left_turning,7487,7485,7487,2
running,7508,7487,7508,21
walking,7523,7508,7523,15
sniffing,7565,7523,7565,42
stepping,7645,7565,7645,80
trotting,7658,7645,7658,13
sniffing,7667,7658,7667,9
grooming,7855,7667,7855,188
left_turning,7891,7855,7891,36
stepping,7911,7891,7911,20
right_turning,7926,7911,7926,15
trotting,7941,7926,7941,15
walking,7954,7941,7954,13
stepping,7955,7954,7955,1
left_turning,8038,7955,8038,83
trotting,8053,8038,8053,15
grooming,8054,8053,8054,1
walking,8062,8054,8062,8
running,8091,8062,8091,29
stepping,8170,8091,8170,79
walking,8230,8170,8230,60
rising,8281,8230,8281,51
sniffing,8315,8281,8315,34
rearing,8363,8315,8363,48
stepping,8391,8363,8391,28
rearing,8556,8391,8556,165
rising,8607,8556,8607,51
walking,8699,8607,8699,92
sniffing,8720,8699,8720,21
walking,8775,8720,8775,55
rising,8781,8775,8781,6
stepping,8786,8781,8786,5
walking,8787,8786,8787,1
sniffing,8860,8787,8860,73
rising,8899,8860,8899,39
walking,8900,8899,8900,1
running,8940,8900,8940,40
walking,8962,8940,8962,22
stepping,8991,8962,8991,29
walking,9022,8991,9022,31
trotting,9049,9022,9049,27
running,9063,9049,9063,14
stepping,9064,9063,9064,1
rising,9127,9064,9127,63
walking,9172,9127,9172,45
sniffing,9185,9172,9185,13
stepping,9220,9185,9220,35
hunching,9372,9220,9372,152
rearing,9420,9372,9420,48
hunching,9498,9420,9498,78
sniffing,9530,9498,9530,32
left_turning,9541,9530,9541,11
rising,9542,9541,9542,1
grooming,10006,9542,10006,464
left_turning,10026,10006,10026,20
walking,10071,10026,10071,45
sniffing,10097,10071,10097,26
walking,10135,10097,10135,38
sniffing,10144,10135,10144,9
trotting,10165,10144,10165,21
stepping,10177,10165,10177,12
climbing,10260,10177,10260,83
right_turning,10271,10260,10271,11
running,10286,10271,10286,15
stepping,10298,10286,10298,12
sniffing,10299,10298,10299,1
grooming,11089,10299,11089,790
rearing,11197,11089,11197,108
hunching,11220,11197,11220,23
rising,11221,11220,11221,1
climbing,11251,11221,11251,30
grooming,11252,11251,11252,1
rearing,11295,11252,11295,43
grooming,11299,11295,11299,4
scratching,11369,11299,11369,70
grooming,11659,11369,11659,290
rising,11668,11659,11668,9
rearing,11807,11668,11807,139
stepping,11808,11807,11808,1
rearing,12023,11808,12023,215
grooming,12248,12023,12248,225
trotting,12282,12248,12282,34
grooming,12283,12282,12283,1
sniffing,12284,12283,12284,1
rearing,12533,12284,12533,249
climbing,12593,12533,12593,60
running,12603,12593,12603,10
climbing,12720,12603,12720,117
rearing,12792,12720,12792,72
trotting,12824,12792,12824,32
walking,12843,12824,12843,19
sniffing,12970,12843,12970,127
stepping,12978,12970,12978,8
grooming,13147,12978,13147,169
walking,13217,13147,13217,70
stepping,13218,13217,13218,1
sniffing,13296,13218,13296,78
climbing,13385,13296,13385,89
grooming,13410,13385,13410,25
stepping,13448,13410,13448,38
walking,13469,13448,13469,21
stepping,13487,13469,13487,18
grooming,13561,13487,13561,74
rearing,13632,13561,13632,71
rising,13667,13632,13667,35
rearing,13672,13667,13672,5
grooming,13929,13672,13929,257
stepping,13977,13929,13977,48
grooming,13978,13977,13978,1
trotting,13988,13978,13988,10
walking,14009,13988,14009,21
rising,14082,14009,14082,73
grooming,14358,14082,14358,276
rearing,14393,14358,14393,35
sniffing,14450,14393,14450,57
grooming,14531,14450,14531,81
rising,14532,14531,14532,1
trotting,14562,14532,14562,30
sniffing,14595,14562,14595,33
grooming,14602,14595,14602,7
rising,14798,14602,14798,196
grooming,15086,14798,15086,288
rearing,15187,15086,15187,101
sniffing,15225,15187,15225,38
grooming,15355,15225,15355,130
rising,15356,15355,15356,1
left_turning,15378,15356,15378,22
walking,15428,15378,15428,50
grooming,15441,15428,15441,13
sniffing,15476,15441,15476,35
stepping,15507,15476,15507,31
rising,15661,15507,15661,154
sniffing,15662,15661,15662,1
grooming,15975,15662,15975,313
walking,16002,15975,16002,27
trotting,16021,16002,16021,19
grooming,16041,16021,16041,20
sniffing,16055,16041,16055,14
grooming,16349,16055,16349,294
rearing,16350,16349,16350,1
hunching,16434,16350,16434,84
grooming,16435,16434,16435,1
hunching,16436,16435,16436,1
rising,16540,16436,16540,104
grooming,16541,16540,16541,1
rising,16588,16541,16588,47
stepping,16630,16588,16630,42
walking,16648,16630,16648,18
left_turning,16694,16648,16694,46
stepping,16710,16694,16710,16
walking,16722,16710,16722,12
sniffing,16723,16722,16723,1
grooming,16724,16723,16724,1
rearing,16725,16724,16725,1
grooming,16791,16725,16791,66
sniffing,16840,16791,16840,49
stepping,16855,16840,16855,15
climbing,16873,16855,16873,18
grooming,17044,16873,17044,171
sniffing,17098,17044,17098,54
stepping,17107,17098,17107,9
rising,17191,17107,17191,84
sniffing,17231,17191,17231,40
hunching,17297,17231,17297,66
rearing,17390,17297,17390,93
grooming,17391,17390,17391,1
sniffing,17439,17391,17439,48
stepping,17446,17439,17446,7
trotting,17485,17446,17485,39
rising,17590,17485,17590,105
walking,17602,17590,17602,12
stepping,17621,17602,17621,19
grooming,17846,17621,17846,225
hunching,17879,17846,17879,33
grooming,18501,17879,18501,622
rearing,18536,18501,18536,35
grooming,18904,18536,18904,368
stepping,18940,18904,18940,36
rearing,19115,18940,19115,175
grooming,19133,19115,19133,18
scratching,19312,19133,19312,179
sniffing,19313,19312,19313,1
running,19331,19313,19331,18
trotting,19356,19331,19356,25
sniffing,19371,19356,19371,15
grooming,19581,19371,19581,210
left_turning,19613,19581,19613,32
walking,19629,19613,19629,16
sniffing,19757,19629,19757,128
stepping,19805,19757,19805,48
grooming,19864,19805,19864,59
stepping,19869,19864,19869,5
sniffing,19870,19869,19870,1
walking,19905,19870,19905,35
sniffing,19906,19905,19906,1
stepping,19926,19906,19926,20
rearing,20055,19926,20055,129
rising,20098,20055,20098,43
grooming,20251,20098,20251,153
right_turning,20275,20251,20275,24
sniffing,20321,20275,20321,46
left_turning,20333,20321,20333,12
stepping,20351,20333,20351,18
sniffing,20375,20351,20375,24
trotting,20390,20375,20390,15
stepping,20428,20390,20428,38
walking,20446,20428,20446,18
sniffing,20447,20446,20447,1
grooming,21155,20447,21155,708
walking,21173,21155,21173,18
grooming,21326,21173,21326,153
rearing,21423,21326,21423,97
stepping,21444,21423,21444,21
rearing,21477,21444,21477,33
grooming,21563,21477,21563,86
stepping,21676,21563,21676,113
trotting,21704,21676,21704,28
rising,21718,21704,21718,14
rearing,21767,21718,21767,49
walking,21769,21767,21769,2
sniffing,21840,21769,21840,71
rearing,21936,21840,21936,96
rising,21947,21936,21947,11
rearing,22008,21947,22008,61
climbing,22009,22008,22009,1
grooming,22010,22009,22010,1
sniffing,22075,22010,22075,65
running,22106,22075,22106,31
walking,22107,22106,22107,1
grooming,22108,22107,22108,1
right_turning,22130,22108,22130,22
stepping,22131,22130,22131,1
trotting,22152,22131,22152,21
sniffing,22153,22152,22153,1
rising,22202,22153,22202,49
sniffing,22235,22202,22235,33
climbing,22268,22235,22268,33
stepping,22306,22268,22306,38
sniffing,22313,22306,22313,7
walking,22367,22313,22367,54
trotting,22436,22367,22436,69
stepping,22441,22436,22441,5
sniffing,22522,22441,22522,81
rising,22538,22522,22538,16
sniffing,22559,22538,22559,21
trotting,22586,22559,22586,27
running,22608,22586,22608,22
climbing,22660,22608,22660,52
sniffing,22667,22660,22667,7
grooming,22913,22667,22913,246
left_turning,22942,22913,22942,29
grooming,22943,22942,22943,1
rising,22965,22943,22965,22
sniffing,23024,22965,23024,59
stepping,23070,23024,23070,46
rising,23076,23070,23076,6
rearing,23292,23076,23292,216
climbing,23321,23292,23321,29
right_turning,23342,23321,23342,21
walking,23376,23342,23376,34
left_turning,23402,23376,23402,26
walking,23432,23402,23432,30
sniffing,23499,23432,23499,67
grooming,23567,23499,23567,68
left_turning,23602,23567,23602,35
walking,23627,23602,23627,25
stepping,23645,23627,23645,18
rearing,23646,23645,23646,1
climbing,23749,23646,23749,103
walking,23821,23749,23821,72
sniffing,23856,23821,23856,35
walking,23871,23856,23871,15
sniffing,23946,23871,23946,75
stepping,23971,23946,23971,25
sniffing,23996,23971,23996,25
trotting,24016,23996,24016,20
stepping,24074,24016,24074,58
sniffing,24078,24074,24078,4
rising,24105,24078,24105,27
stepping,24120,24105,24120,15
sniffing,24196,24120,24196,76
trotting,24220,24196,24220,24
stepping,24271,24220,24271,51
grooming,24624,24271,24624,353
rising,24671,24624,24671,47
sniffing,24723,24671,24723,52
stepping,24755,24723,24755,32
walking,24770,24755,24770,15
rising,24852,24770,24852,82
stepping,24861,24852,24861,9
walking,24898,24861,24898,37
running,24931,24898,24931,33
walking,24973,24931,24973,42
sniffing,25079,24973,25079,106
grooming,25137,25079,25137,58
left_turning,25152,25137,25152,15
walking,25175,25152,25175,23
rising,25207,25175,25207,32
stepping,25222,25207,25222,15
grooming,25223,25222,25223,1
walking,25234,25223,25234,11
stepping,25242,25234,25242,8
trotting,25263,25242,25263,21
sniffing,25318,25263,25318,55
walking,25366,25318,25366,48
rising,25390,25366,25390,24
rearing,25391,25390,25391,1
climbing,25458,25391,25458,67
grooming,25606,25458,25606,148
stepping,25631,25606,25631,25
climbing,25688,25631,25688,57
right_turning,25689,25688,25689,1
sniffing,25739,25689,25739,50
right_turning,25753,25739,25753,14
sniffing,25792,25753,25792,39
grooming,25978,25792,25978,186
walking,25994,25978,25994,16
stepping,26044,25994,26044,50
running,26074,26044,26074,30
left_turning,26104,26074,26104,30
walking,26119,26104,26119,15
stepping,26153,26119,26153,34
sniffing,26154,26153,26154,1
grooming,26155,26154,26155,1
rearing,26175,26155,26175,20
grooming,26559,26175,26559,384
climbing,26588,26559,26588,29
stepping,26613,26588,26613,25
sniffing,26680,26613,26680,67
walking,26691,26680,26691,11
right_turning,26709,26691,26709,18
stepping,26743,26709,26743,34
sniffing,26788,26743,26788,45
rising,26822,26788,26822,34
trotting,26828,26822,26828,6
walking,26884,26828,26884,56
sniffing,26959,26884,26959,75
rising,27001,26959,27001,42
sniffing,27052,27001,27052,51
walking,27077,27052,27077,25
stepping,27095,27077,27095,18
walking,27119,27095,27119,24
stepping,27123,27119,27123,4
left_turning,27193,27123,27193,70
grooming,28025,27193,28025,832
rearing,28193,28025,28193,168
sniffing,28246,28193,28246,53
grooming,28247,28246,28247,1
hunching,28272,28247,28272,25
rising,28294,28272,28294,22
sniffing,28374,28294,28374,80
rising,28388,28374,28388,14
right_turning,28426,28388,28426,38
trotting,28435,28426,28435,9
sniffing,28450,28435,28450,15
grooming,28451,28450,28451,1
rising,28452,28451,28452,1
stepping,28485,28452,28485,33
sniffing,28599,28485,28599,114
left_turning,28628,28599,28628,29
running,28670,28628,28670,42
walking,28672,28670,28672,2
rising,28673,28672,28673,1
walking,28695,28673,28695,22
stepping,28696,28695,28696,1
grooming,28720,28696,28720,24
hunching,28795,28720,28795,75
grooming,28892,28795,28892,97
rising,28893,28892,28893,1
sniffing,28895,28893,28895,2
stepping,28934,28895,28934,39
trotting,28962,28934,28962,28
walking,28974,28962,28974,12
trotting,29033,28974,29033,59
sniffing,29077,29033,29077,44
stepping,29101,29077,29101,24
climbing,29124,29101,29124,23
sniffing,29142,29124,29142,18
grooming,29194,29142,29194,52
rearing,29242,29194,29242,48
hunching,29333,29242,29333,91
rearing,29431,29333,29431,98
grooming,29684,29431,29684,253
stepping,29714,29684,29714,30
sniffing,29724,29714,29724,10
running,29734,29724,29734,10
walking,29831,29734,29831,97
rearing,29910,29831,29910,79
grooming,30111,29910,30111,201
rearing,30145,30111,30145,34
grooming,30322,30145,30322,177
hunching,30362,30322,30362,40
grooming,30471,30362,30471,109
right_turning,30524,30471,30524,53
sniffing,30573,30524,30573,49
trotting,30608,30573,30608,35
walking,30626,30608,30626,18
sniffing,30702,30626,30702,76
stepping,30735,30702,30735,33
climbing,30748,30735,30748,13
grooming,30960,30748,30960,212
hunching,30961,30960,30961,1
rearing,31062,30961,31062,101
left_turning,31116,31062,31116,54
running,31162,31116,31162,46
sniffing,31220,31162,31220,58
left_turning,31227,31220,31227,7
rearing,31271,31227,31271,44
grooming,31471,31271,31471,200
rearing,31528,31471,31528,57
rising,31530,31528,31530,2
sniffing,31549,31530,31549,19
rising,31562,31549,31562,13
stepping,31563,31562,31563,1
sniffing,31596,31563,31596,33
walking,31682,31596,31682,86
sniffing,31718,31682,31718,36
running,31752,31718,31752,34
walking,31766,31752,31766,14
stepping,31799,31766,31799,33
grooming,31800,31799,31800,1
scratching,31931,31800,31931,131
grooming,31932,31931,31932,1
climbing,31955,31932,31955,23
sniffing,31956,31955,31956,1
stepping,32006,31956,32006,50
walking,32054,32006,32054,48
climbing,32094,32054,32094,40
rising,32127,32094,32127,33
rearing,32133,32127,32133,6
grooming,32438,32133,32438,305
hunching,32519,32438,32519,81
grooming,32846,32519,32846,327
climbing,32960,32846,32960,114
grooming,33069,32960,33069,109
hunching,33152,33069,33152,83
grooming,33153,33152,33153,1
sniffing,33159,33153,33159,6
walking,33167,33159,33167,8
stepping,33196,33167,33196,29
trotting,33207,33196,33207,11
sniffing,33231,33207,33231,24
rising,33362,33231,33362,131
sniffing,33363,33362,33363,1
walking,33391,33363,33391,28
sniffing,33393,33391,33393,2
grooming,33575,33393,33575,182
rearing,33697,33575,33697,122
sniffing,33765,33697,33765,68
grooming,33854,33765,33854,89
stepping,33862,33854,33862,8
running,33895,33862,33895,33
sniffing,33960,33895,33960,65
walking,33985,33960,33985,25
stepping,33995,33985,33995,10
walking,34036,33995,34036,41
stepping,34078,34036,34078,42
left_turning,34092,34078,34092,14
running,34122,34092,34122,30
stepping,34167,34122,34167,45
grooming,34758,34167,34758,591
rearing,34870,34758,34870,112
rising,34911,34870,34911,41
climbing,34942,34911,34942,31
trotting,34964,34942,34964,22
sniffing,34965,34964,34965,1
stepping,34972,34965,34972,7
right_turning,34998,34972,34998,26
walking,35056,34998,35056,58
rising,35057,35056,35057,1
sniffing,35191,35057,35191,134
left_turning,35246,35191,35246,55
sniffing,35293,35246,35293,47
rising,35331,35293,35331,38
climbing,35378,35331,35378,47
walking,35409,35378,35409,31
trotting,35440,35409,35440,31
sniffing,35500,35440,35500,60
trotting,35534,35500,35534,34
stepping,35568,35534,35568,34
walking,35679,35568,35679,111
sniffing,35797,35679,35797,118
running,35808,35797,35808,11
trotting,35845,35808,35845,37
stepping,35874,35845,35874,29
climbing,35903,35874,35903,29
grooming,35997,35903,35997,94
hunching,36179,35997,36179,182
rearing,36180,36179,36180,1
climbing,36229,36180,36229,49
walking,36240,36229,36240,11
stepping,36258,36240,36258,18
sniffing,36259,36258,36259,1
rising,36260,36259,36260,1
rearing,36358,36260,36358,98
grooming,36406,36358,36406,48
hunching,36449,36406,36449,43
grooming,36529,36449,36529,80
rearing,36618,36529,36618,89
walking,36654,36618,36654,36
sniffing,36673,36654,36673,19
rising,36674,36673,36674,1
walking,36697,36674,36697,23
stepping,36730,36697,36730,33
climbing,36765,36730,36765,35
rising,36779,36765,36779,14
rearing,36781,36779,36781,2
climbing,36807,36781,36807,26
grooming,36808,36807,36808,1
sniffing,36846,36808,36846,38
stepping,36876,36846,36876,30
rising,36877,36876,36877,1
climbing,36901,36877,36901,24
sniffing,36948,36901,36948,47
rising,36972,36948,36972,24
climbing,37027,36972,37027,55
left_turning,37044,37027,37044,17
walking,37059,37044,37059,15
rising,37086,37059,37086,27
walking,37119,37086,37119,33
sniffing,37163,37119,37163,44
walking,37198,37163,37198,35
sniffing,37264,37198,37264,66
stepping,37265,37264,37265,1
sniffing,37310,37265,37310,45
grooming,37579,37310,37579,269
rearing,37712,37579,37712,133
grooming,37932,37712,37932,220
sniffing,37955,37932,37955,23
walking,38000,37955,38000,45
sniffing,38011,38000,38011,11
grooming,38012,38011,38012,1
rearing,38045,38012,38045,33
climbing,38068,38045,38068,23
stepping,38104,38068,38104,36
left_turning,38117,38104,38117,13
rising,38120,38117,38120,3
sniffing,38166,38120,38166,46
stepping,38179,38166,38179,13
walking,38192,38179,38192,13
sniffing,38201,38192,38201,9
walking,38232,38201,38232,31
right_turning,38233,38232,38233,1
sniffing,38306,38233,38306,73
walking,38315,38306,38315,9
climbing,38374,38315,38374,59
grooming,38661,38374,38661,287
climbing,38697,38661,38697,36
grooming,39072,38697,39072,375
hunching,39117,39072,39117,45
left_turning,39235,39117,39235,118
sniffing,39304,39235,39304,69
walking,39348,39304,39348,44
grooming,39349,39348,39349,1
stepping,39413,39349,39413,64
left_turning,39461,39413,39461,48
sniffing,39481,39461,39481,20
right_turning,39497,39481,39497,16
rising,39551,39497,39551,54
sniffing,39669,39551,39669,118
rising,39683,39669,39683,14
climbing,39717,39683,39717,34
rearing,39781,39717,39781,64
sniffing,39940,39781,39940,159
left_turning,40014,39940,40014,74
sniffing,40072,40014,40072,58
stepping,40091,40072,40091,19
rising,40131,40091,40131,40
grooming,40132,40131,40132,1
climbing,40144,40132,40144,12
rearing,40223,40144,40223,79
climbing,40268,40223,40268,45
rearing,40269,40268,40269,1
grooming,40316,40269,40316,47
rearing,40462,40316,40462,146
sniffing,40508,40462,40508,46
grooming,40879,40508,40879,371
trotting,40886,40879,40886,7
running,40902,40886,40902,16
sniffing,40904,40902,40904,2
grooming,41131,40904,41131,227
rising,41152,41131,41152,21
trotting,41155,41152,41155,3
walking,41232,41155,41232,77
left_turning,41259,41232,41259,27
sniffing,41303,41259,41303,44
grooming,41304,41303,41304,1
sniffing,41406,41304,41406,102
running,41431,41406,41431,25
stepping,41454,41431,41454,23
rising,41473,41454,41473,19
rearing,41474,41473,41474,1
climbing,41527,41474,41527,53
rearing,41528,41527,41528,1
grooming,41590,41528,41590,62
walking,41613,41590,41613,23
sniffing,41629,41613,41629,16
trotting,41656,41629,41656,27
walking,41690,41656,41690,34
sniffing,41754,41690,41754,64
rising,41808,41754,41808,54
climbing,41847,41808,41847,39
walking,41890,41847,41890,43
sniffing,41902,41890,41902,12
rising,41908,41902,41908,6
grooming,42698,41908,42698,790
left_turning,42728,42698,42728,30
sniffing,42763,42728,42763,35
grooming,42915,42763,42915,152
walking,42940,42915,42940,25
grooming,43005,42940,43005,65
walking,43052,43005,43052,47
stepping,43065,43052,43065,13
walking,43100,43065,43100,35
sniffing,43110,43100,43110,10
rising,43132,43110,43132,22
stepping,43133,43132,43133,1
grooming,43152,43133,43152,19
hunching,43178,43152,43178,26
grooming,43290,43178,43290,112
running,43314,43290,43314,24
walking,43318,43314,43318,4
left_turning,43355,43318,43355,37
walking,43397,43355,43397,42
sniffing,43398,43397,43398,1
rising,43400,43398,43400,2
sniffing,43454,43400,43454,54
left_turning,43488,43454,43488,34
walking,43500,43488,43500,12
sniffing,43516,43500,43516,16
grooming,43558,43516,43558,42
left_turning,43582,43558,43582,24
grooming,43583,43582,43583,1
rearing,43589,43583,43589,6
walking,43615,43589,43615,26
sniffing,43616,43615,43616,1
left_turning,43628,43616,43628,12
sniffing,43649,43628,43649,21
scratching,43714,43649,43714,65
sniffing,43761,43714,43761,47
rising,43785,43761,43785,24
grooming,44000,43785,44000,215
climbing,44020,44000,44020,20
grooming,44224,44020,44224,204
sniffing,44304,44224,44304,80
left_turning,44356,44304,44356,52
grooming,44458,44356,44458,102
walking,44510,44458,44510,52
stepping,44513,44510,44513,3
sniffing,44566,44513,44566,53
walking,44609,44566,44609,43
sniffing,44711,44609,44711,102
walking,44762,44711,44762,51
left_turning,44793,44762,44793,31
walking,44816,44793,44816,23
left_turning,44838,44816,44838,22
trotting,44868,44838,44868,30
rising,44958,44868,44958,90
grooming,45145,44958,45145,187
climbing,45186,45145,45186,41
walking,45189,45186,45189,3
stepping,45203,45189,45203,14
rising,45204,45203,45204,1
grooming,45876,45204,45876,672
hunching,45901,45876,45901,25
grooming,45902,45901,45902,1
hunching,45906,45902,45906,4
grooming,45907,45906,45907,1
walking,45926,45907,45926,19
rising,45954,45926,45954,28
sniffing,46029,45954,46029,75
rising,46098,46029,46098,69
grooming,46346,46098,46346,248
rearing,46351,46346,46351,5
stepping,46386,46351,46386,35
sniffing,46405,46386,46405,19
walking,46440,46405,46440,35
sniffing,46584,46440,46584,144
grooming,46910,46584,46910,326
hunching,46969,46910,46969,59
rising,46977,46969,46977,8
grooming,47015,46977,47015,38
trotting,47043,47015,47043,28
sniffing,47093,47043,47093,50
right_turning,47130,47093,47130,37
climbing,47227,47130,47227,97
grooming,47324,47227,47324,97
hunching,47325,47324,47325,1
grooming,47713,47325,47713,388
walking,47750,47713,47750,37
stepping,47773,47750,47773,23
trotting,47794,47773,47794,21
sniffing,47822,47794,47822,28
grooming,48018,47822,48018,196
walking,48036,48018,48036,18
sniffing,48231,48036,48231,195
rising,48269,48231,48269,38
sniffing,48301,48269,48301,32
rising,48313,48301,48313,12
sniffing,48372,48313,48372,59
grooming,48440,48372,48440,68
scratching,48519,48440,48519,79
grooming,48704,48519,48704,185
sniffing,48716,48704,48716,12
stepping,48727,48716,48727,11
rising,48762,48727,48762,35
climbing,48801,48762,48801,39
right_turning,48817,48801,48817,16
trotting,48869,48817,48869,52
grooming,49758,48869,49758,889
rearing,49797,49758,49797,39
grooming,49811,49797,49811,14
rising,49840,49811,49840,29
left_turning,49988,49840,49988,148
walking,50062,49988,50062,74
stepping,50099,50062,50099,37
sniffing,50230,50099,50230,131
running,50245,50230,50245,15
walking,50262,50245,50262,17
stepping,50263,50262,50263,1
right_turning,50266,50263,50266,3
sniffing,50374,50266,50374,108
grooming,50375,50374,50375,1
rearing,50376,50375,50376,1
hunching,50437,50376,50437,61
grooming,50527,50437,50527,90
right_turning,50547,50527,50547,20
left_turning,50621,50547,50621,74
grooming,50622,50621,50622,1
sniffing,50693,50622,50693,71
walking,50694,50693,50694,1
sniffing,50789,50694,50789,95
rearing,50830,50789,50830,41
stepping,50862,50830,50862,32
rising,50915,50862,50915,53
climbing,50922,50915,50922,7
walking,50930,50922,50930,8
sniffing,51030,50930,51030,100
climbing,51083,51030,51083,53
stepping,51119,51083,51119,36
sniffing,51239,51119,51239,120
left_turning,51259,51239,51259,20
sniffing,51290,51259,51290,31
stepping,51303,51290,51303,13
sniffing,51329,51303,51329,26
rising,51348,51329,51348,19
jumping,51433,51348,51433,85
stepping,51486,51433,51486,53
sniffing,51502,51486,51502,16
rising,51538,51502,51538,36
sniffing,51605,51538,51605,67
stepping,51606,51605,51606,1
walking,51630,51606,51630,24
stepping,51669,51630,51669,39
rising,51737,51669,51737,68
stepping,51808,51737,51808,71
climbing,51851,51808,51851,43
grooming,51852,51851,51852,1
rising,51895,51852,51895,43
sniffing,51916,51895,51916,21
stepping,51953,51916,51953,37
sniffing,52001,51953,52001,48
walking,52029,52001,52029,28
rising,52104,52029,52104,75
grooming,52364,52104,52364,260
walking,52369,52364,52369,5
sniffing,52392,52369,52392,23
rearing,52416,52392,52416,24
rising,52424,52416,52424,8
grooming,52824,52424,52824,400
rearing,52946,52824,52946,122
hunching,53171,52946,53171,225
grooming,53462,53171,53462,291
sniffing,53544,53462,53544,82
running,53588,53544,53588,44
sniffing,53589,53588,53589,1
stepping,53640,53589,53640,51
walking,53666,53640,53666,26
sniffing,53697,53666,53697,31
rising,53736,53697,53736,39
grooming,53737,53736,53737,1
rising,53738,53737,53738,1
sniffing,53746,53738,53746,8
walking,53793,53746,53793,47
stepping,53825,53793,53825,32
walking,53850,53825,53850,25
stepping,53861,53850,53861,11
sniffing,53936,53861,53936,75
stepping,53971,53936,53971,35
grooming,54111,53971,54111,140
walking,54142,54111,54142,31
stepping,54175,54142,54175,33
climbing,54208,54175,54208,33
stepping,54215,54208,54215,7
sniffing,54254,54215,54254,39
walking,54260,54254,54260,6
stepping,54292,54260,54292,32
sniffing,54459,54292,54459,167
rising,54492,54459,54492,33
climbing,54524,54492,54524,32
jumping,54624,54524,54624,100
running,54643,54624,54643,19
walking,54656,54643,54656,13
stepping,54682,54656,54682,26
rising,54727,54682,54727,45
climbing,54758,54727,54758,31
stepping,54760,54758,54760,2
sniffing,54835,54760,54835,75
walking,54846,54835,54846,11
sniffing,54887,54846,54887,41
stepping,54922,54887,54922,35
rearing,54973,54922,54973,51
walking,55015,54973,55015,42
sniffing,55069,55015,55069,54
rising,55117,55069,55117,48
climbing,55155,55117,55155,38
right_turning,55169,55155,55169,14
sniffing,55222,55169,55222,53
stepping,55274,55222,55274,52
sniffing,55314,55274,55314,40
walking,55343,55314,55343,29
rising,55344,55343,55344,1
sniffing,55364,55344,55364,20
right_turning,55400,55364,55400,36
sniffing,55480,55400,55480,80
grooming,55569,55480,55569,89
rearing,55798,55569,55798,229
grooming,56060,55798,56060,262
left_turning,56061,56060,56061,1
walking,56096,56061,56096,35
sniffing,56097,56096,56097,1
walking,56144,56097,56144,47
stepping,56145,56144,56145,1
sniffing,56250,56145,56250,105
rising,56310,56250,56310,60
climbing,56347,56310,56347,37
rising,56348,56347,56348,1
rearing,56349,56348,56349,1
left_turning,56362,56349,56362,13
sniffing,56445,56362,56445,83
grooming,56446,56445,56446,1
sniffing,56538,56446,56538,92
hunching,56578,56538,56578,40
right_turning,56607,56578,56607,29
walking,56635,56607,56635,28
sniffing,56775,56635,56775,140
walking,56782,56775,56782,7
stepping,56801,56782,56801,19
grooming,57328,56801,57328,527
hunching,57329,57328,57329,1
grooming,57330,57329,57330,1
right_turning,57371,57330,57371,41
walking,57387,57371,57387,16
sniffing,57430,57387,57430,43
rising,57431,57430,57431,1
right_turning,57448,57431,57448,17
stepping,57487,57448,57487,39
sniffing,57488,57487,57488,1
left_turning,57537,57488,57537,49
trotting,57570,57537,57570,33
walking,57583,57570,57583,13
grooming,57740,57583,57740,157
rearing,57833,57740,57833,93
grooming,57834,57833,57834,1
sniffing,57858,57834,57858,24
climbing,57895,57858,57895,37
running,57917,57895,57917,22
sniffing,57918,57917,57918,1
grooming,57919,57918,57919,1
sniffing,57932,57919,57932,13
stepping,57946,57932,57946,14
walking,57954,57946,57954,8
stepping,58007,57954,58007,53
walking,58034,58007,58034,27
sniffing,58140,58034,58140,106
walking,58178,58140,58178,38
stepping,58222,58178,58222,44
grooming,58317,58222,58317,95
stepping,58335,58317,58335,18
rearing,58558,58335,58558,223
climbing,58596,58558,58596,38
sniffing,58708,58596,58708,112
right_turning,58711,58708,58711,3
stepping,58752,58711,58752,41
walking,58780,58752,58780,28
left_turning,58781,58780,58781,1
sniffing,58851,58781,58851,70
rising,58909,58851,58909,58
grooming,59631,58909,59631,722
hunching,59735,59631,59735,104
grooming,60037,59735,60037,302
sniffing,60051,60037,60051,14
left_turning,60066,60051,60066,15
sniffing,60185,60066,60185,119
walking,60189,60185,60189,4
rising,60237,60189,60237,48
climbing,60280,60237,60280,43
rearing,60355,60280,60355,75
climbing,60392,60355,60392,37
grooming,60773,60392,60773,381
climbing,60807,60773,60807,34
sniffing,60868,60807,60868,61
stepping,60892,60868,60892,24
sniffing,60933,60892,60933,41
stepping,60950,60933,60950,17
right_turning,60951,60950,60951,1
trotting,60972,60951,60972,21
sniffing,61047,60972,61047,75
right_turning,61056,61047,61056,9
rearing,61090,61056,61090,34
left_turning,61113,61090,61113,23
trotting,61147,61113,61147,34
running,61161,61147,61161,14
sniffing,61201,61161,61201,40
trotting,61234,61201,61234,33
sniffing,61259,61234,61259,25
stepping,61260,61259,61260,1
sniffing,61386,61260,61386,126
stepping,61445,61386,61445,59
right_turning,61482,61445,61482,37
walking,61528,61482,61528,46
stepping,61529,61528,61529,1
grooming,61530,61529,61530,1
rearing,61531,61530,61531,1
climbing,61614,61531,61614,83
rearing,61637,61614,61637,23
left_turning,61741,61637,61741,104
rising,61797,61741,61797,56
sniffing,61813,61797,61813,16
walking,61854,61813,61854,41
left_turning,61884,61854,61884,30
walking,61948,61884,61948,64
sniffing,61963,61948,61963,15
stepping,61986,61963,61986,23
left_turning,62054,61986,62054,68
sniffing,62074,62054,62074,20
right_turning,62089,62074,62089,15
rearing,62198,62089,62198,109
sniffing,62246,62198,62246,48
grooming,62284,62246,62284,38
walking,62288,62284,62288,4
rearing,62312,62288,62312,24
left_turning,62326,62312,62326,14
walking,62329,62326,62329,3
sniffing,62346,62329,62346,17
walking,62373,62346,62373,27
sniffing,62449,62373,62449,76
rising,62524,62449,62524,75
rearing,62565,62524,62565,41
climbing,62597,62565,62597,32
trotting,62614,62597,62614,17
stepping,62662,62614,62662,48
sniffing,62704,62662,62704,42
walking,62727,62704,62727,23
sniffing,62739,62727,62739,12
left_turning,62799,62739,62799,60
walking,62800,62799,62800,1
stepping,62827,62800,62827,27
sniffing,62832,62827,62832,5
stepping,62855,62832,62855,23
grooming,62856,62855,62856,1
right_turning,62885,62856,62885,29
climbing,62902,62885,62902,17
grooming,62903,62902,62903,1
hunching,62916,62903,62916,13
grooming,62938,62916,62938,22
sniffing,62939,62938,62939,1
walking,62942,62939,62942,3
sniffing,63009,62942,63009,67
climbing,63010,63009,63010,1
walking,63011,63010,63011,1
stepping,63058,63011,63058,47
walking,63098,63058,63098,40
sniffing,63114,63098,63114,16
grooming,63281,63114,63281,167
sniffing,63301,63281,63301,20
stepping,63326,63301,63326,25
sniffing,63350,63326,63350,24
stepping,63352,63350,63352,2
hunching,63409,63352,63409,57
grooming,63677,63409,63677,268
rearing,63694,63677,63694,17
grooming,63830,63694,63830,136
rearing,63831,63830,63831,1
climbing,63864,63831,63864,33
stepping,63880,63864,63880,16
walking,63944,63880,63944,64
sniffing,63945,63944,63945,1
walking,63950,63945,63950,5
jumping,63996,63950,63996,46
left_turning,64000,63996,64000,4
grooming,64298,64000,64298,298
rearing,64413,64298,64413,115
climbing,64526,64413,64526,113
left_turning,64586,64526,64586,60
sniffing,64676,64586,64676,90
right_turning,64677,64676,64677,1
stepping,64693,64677,64693,16
walking,64718,64693,64718,25
sniffing,64776,64718,64776,58
stepping,64815,64776,64815,39
left_turning,64823,64815,64823,8
running,64832,64823,64832,9
trotting,64850,64832,64850,18
grooming,64851,64850,64851,1
walking,64900,64851,64900,49
stepping,64933,64900,64933,33
rearing,64986,64933,64986,53
sniffing,64998,64986,64998,12
running,65013,64998,65013,15
walking,65054,65013,65054,41
running,65072,65054,65072,18
walking,65079,65072,65079,7
sniffing,65145,65079,65145,66
rising,65176,65145,65176,31
climbing,65230,65176,65230,54
grooming,65315,65230,65315,85
rising,65390,65315,65390,75
sniffing,65391,65390,65391,1
climbing,65425,65391,65425,34
walking,65449,65425,65449,24
trotting,65482,65449,65482,33
stepping,65533,65482,65533,51
sniffing,65584,65533,65584,51
climbing,65694,65584,65694,110
running,65702,65694,65702,8
sniffing,65718,65702,65718,16
rearing,65802,65718,65802,84
stepping,65899,65802,65899,97
right_turning,65917,65899,65917,18
rising,65918,65917,65918,1
grooming,65921,65918,65921,3
walking,65951,65921,65951,30
climbing,65988,65951,65988,37
rising,65989,65988,65989,1
rearing,66016,65989,66016,27
hunching,66070,66016,66070,54
grooming,66071,66070,66071,1
running,66097,66071,66097,26
walking,66162,66097,66162,65
rising,66272,66162,66272,110
grooming,66333,66272,66333,61
rising,66372,66333,66372,39
grooming,66373,66372,66373,1
rearing,66406,66373,66406,33
climbing,66434,66406,66434,28
right_turning,66449,66434,66449,15
walking,66484,66449,66484,35
sniffing,66489,66484,66489,5
rising,66494,66489,66494,5
stepping,66505,66494,66505,11
walking,66517,66505,66517,12
sniffing,66545,66517,66545,28
left_turning,66609,66545,66609,64
walking,66656,66609,66656,47
trotting,66677,66656,66677,21
sniffing,66683,66677,66683,6
hunching,66876,66683,66876,193
grooming,67078,66876,67078,202
hunching,67173,67078,67173,95
grooming,67480,67173,67480,307
rising,67538,67480,67538,58
hunching,67628,67538,67628,90
grooming,67895,67628,67895,267
sniffing,68001,67895,68001,106
rising,68002,68001,68002,1
rearing,68033,68002,68033,31
rising,68066,68033,68066,33
climbing,68163,68066,68163,97
rising,68164,68163,68164,1
climbing,68195,68164,68195,31
grooming,68208,68195,68208,13
hunching,68285,68208,68285,77
rising,68300,68285,68300,15
sniffing,68301,68300,68301,1
climbing,68347,68301,68347,46
right_turning,68372,68347,68372,25
stepping,68388,68372,68388,16
sniffing,68427,68388,68427,39
grooming,68428,68427,68428,1
left_turning,68436,68428,68436,8
trotting,68457,68436,68457,21
walking,68501,68457,68501,44
sniffing,68549,68501,68549,48
walking,68583,68549,68583,34
grooming,68686,68583,68686,103
sniffing,68792,68686,68792,106
running,68830,68792,68830,38
walking,68854,68830,68854,24
sniffing,68931,68854,68931,77
stepping,68955,68931,68955,24
sniffing,69014,68955,69014,59
rising,69015,69014,69015,1
stepping,69051,69015,69051,36
sniffing,69104,69051,69104,53
climbing,69144,69104,69144,40
grooming,69202,69144,69202,58
hunching,69331,69202,69331,129
grooming,69880,69331,69880,549
rearing,69894,69880,69894,14
grooming,70183,69894,70183,289
climbing,70232,70183,70232,49
left_turning,70243,70232,70243,11
scratching,70333,70243,70333,90
grooming,70463,70333,70463,130
hunching,70510,70463,70510,47
rearing,70575,70510,70575,65
walking,70615,70575,70615,40
climbing,70649,70615,70649,34
rearing,70650,70649,70650,1
stepping,70658,70650,70658,8
sniffing,70659,70658,70659,1
grooming,71436,70659,71436,777
rising,71465,71436,71465,29
walking,71494,71465,71494,29
sniffing,71512,71494,71512,18
left_turning,71514,71512,71514,2
walking,71524,71514,71524,10
sniffing,71579,71524,71579,55
stepping,71597,71579,71597,18
walking,71645,71597,71645,48
trotting,71688,71645,71688,43
sniffing,71727,71688,71727,39
walking,71739,71727,71739,12
stepping,71755,71739,71755,16
grooming,71848,71755,71848,93
rearing,71872,71848,71872,24
rising,71919,71872,71919,47
rearing,72001,71919,72001,82
stepping,72045,72001,72045,44
climbing,72104,72045,72104,59
running,72107,72104,72107,3
rising,72108,72107,72108,1
climbing,72147,72108,72147,39
running,72159,72147,72159,12
trotting,72161,72159,72161,2
walking,72172,72161,72172,11
sniffing,72173,72172,72173,1
walking,72183,72173,72183,10
sniffing,72199,72183,72199,16
stepping,72229,72199,72229,30
rearing,72259,72229,72259,30
grooming,72260,72259,72260,1
rearing,72318,72260,72318,58
grooming,72515,72318,72515,197
scratching,72620,72515,72620,105
grooming,72714,72620,72714,94
left_turning,72812,72714,72812,98
walking,72839,72812,72839,27
rising,72871,72839,72871,32
grooming,73069,72871,73069,198
right_turning,73102,73069,73102,33
rearing,73119,73102,73119,17
rising,73155,73119,73155,36
sniffing,73156,73155,73156,1
rising,73157,73156,73157,1
left_turning,73168,73157,73168,11
rising,73194,73168,73194,26
rearing,73212,73194,73212,18
grooming,73451,73212,73451,239
scratching,73452,73451,73452,1
grooming,73526,73452,73526,74
sniffing,73537,73526,73537,11
right_turning,73542,73537,73542,5
sniffing,73597,73542,73597,55
walking,73620,73597,73620,23
sniffing,73638,73620,73638,18
rising,73639,73638,73639,1
sniffing,73640,73639,73640,1
left_turning,73682,73640,73682,42
walking,73701,73682,73701,19
stepping,73738,73701,73738,37
walking,73754,73738,73754,16
left_turning,73760,73754,73760,6
stepping,73804,73760,73804,44
sniffing,73888,73804,73888,84
walking,73889,73888,73889,1
sniffing,73932,73889,73932,43
stepping,73948,73932,73948,16
sniffing,74049,73948,74049,101
walking,74115,74049,74115,66
stepping,74135,74115,74135,20
sniffing,74170,74135,74170,35
stepping,74193,74170,74193,23
walking,74221,74193,74221,28
rising,74228,74221,74228,7
left_turning,74244,74228,74244,16
sniffing,74303,74244,74303,59
stepping,74434,74303,74434,131
climbing,74499,74434,74499,65
left_turning,74511,74499,74511,12
stepping,74512,74511,74512,1
sniffing,74552,74512,74552,40
left_turning,74557,74552,74557,5
grooming,74757,74557,74757,200
rearing,74758,74757,74758,1
climbing,74804,74758,74804,46
trotting,74810,74804,74810,6
walking,74843,74810,74843,33
stepping,74882,74843,74882,39
walking,74949,74882,74949,67
stepping,74989,74949,74989,40
sniffing,75039,74989,75039,50
walking,75063,75039,75063,24
stepping,75075,75063,75075,12
sniffing,75076,75075,75076,1
walking,75080,75076,75080,4
sniffing,75086,75080,75086,6
walking,75101,75086,75101,15
sniffing,75105,75101,75105,4
stepping,75129,75105,75129,24
walking,75157,75129,75157,28
right_turning,75185,75157,75185,28
sniffing,75186,75185,75186,1
rising,75224,75186,75224,38
climbing,75313,75224,75313,89
running,75337,75313,75337,24
trotting,75367,75337,75367,30
walking,75419,75367,75419,52
trotting,75444,75419,75444,25
stepping,75449,75444,75449,5
walking,75468,75449,75468,19
right_turning,75517,75468,75517,49
trotting,75531,75517,75531,14
walking,75532,75531,75532,1
sniffing,75552,75532,75552,20
walking,75607,75552,75607,55
sniffing,75659,75607,75659,52
walking,75704,75659,75704,45
rearing,75717,75704,75717,13
sniffing,75718,75717,75718,1
climbing,75730,75718,75730,12
left_turning,75731,75730,75731,1
stepping,75766,75731,75766,35
sniffing,75836,75766,75836,70
walking,75866,75836,75866,30
climbing,75940,75866,75940,74
left_turning,75976,75940,75976,36
stepping,75995,75976,75995,19
sniffing,76073,75995,76073,78
walking,76115,76073,76115,42
rising,76132,76115,76132,17
sniffing,76157,76132,76157,25
right_turning,76165,76157,76165,8
stepping,76190,76165,76190,25
sniffing,76252,76190,76252,62
left_turning,76259,76252,76259,7
grooming,76415,76259,76415,156
sniffing,76440,76415,76440,25
walking,76475,76440,76475,35
sniffing,76640,76475,76640,165
right_turning,76641,76640,76641,1
stepping,76666,76641,76666,25
rearing,76667,76666,76667,1
rising,76677,76667,76677,10
grooming,76678,76677,76678,1
hunching,76705,76678,76705,27
rearing,76757,76705,76757,52
stepping,76775,76757,76775,18
sniffing,76842,76775,76842,67
stepping,76888,76842,76888,46
sniffing,76972,76888,76972,84
grooming,77206,76972,77206,234
scratching,77239,77206,77239,33
stepping,77258,77239,77258,19
rearing,77307,77258,77307,49
rising,77357,77307,77357,50
climbing,77478,77357,77478,121
walking,77507,77478,77507,29
stepping,77539,77507,77539,32
rising,77581,77539,77581,42
rearing,77582,77581,77582,1
grooming,77650,77582,77650,68
climbing,77680,77650,77680,30
walking,77723,77680,77723,43
climbing,77768,77723,77768,45
rising,77805,77768,77805,37
walking,77827,77805,77827,22
sniffing,77856,77827,77856,29
grooming,78000,77856,78000,144
climbing,78041,78000,78041,41
walking,78075,78041,78075,34
rising,78115,78075,78115,40
grooming,78275,78115,78275,160
hunching,78361,78275,78361,86
rising,78375,78361,78375,14
sniffing,78450,78375,78450,75
left_turning,78451,78450,78451,1
sniffing,78547,78451,78547,96
walking,78634,78547,78634,87
trotting,78649,78634,78649,15
stepping,78656,78649,78656,7
walking,78705,78656,78705,49
rearing,78817,78705,78817,112
grooming,79224,78817,79224,407
rising,79225,79224,79225,1
climbing,79261,79225,79261,36
rising,79281,79261,79281,20
hunching,79358,79281,79358,77
rearing,79371,79358,79371,13
hunching,79449,79371,79449,78
rearing,79500,79449,79500,51
grooming,79691,79500,79691,191
hunching,79762,79691,79762,71
rearing,79787,79762,79787,25
grooming,79788,79787,79788,1
rearing,79802,79788,79802,14
sniffing,79851,79802,79851,49
rising,79881,79851,79881,30
climbing,79919,79881,79919,38
stepping,79929,79919,79929,10
sniffing,79953,79929,79953,24
stepping,79964,79953,79964,11
climbing,79984,79964,79984,20
sniffing,80030,79984,80030,46
stepping,80069,80030,80069,39
rearing,80099,80069,80099,30
sniffing,80124,80099,80124,25
grooming,80125,80124,80125,1
sniffing,80126,80125,80126,1
walking,80151,80126,80151,25
sniffing,80251,80151,80251,100
rearing,80252,80251,80252,1
grooming,80403,80252,80403,151
rearing,80539,80403,80539,136
stepping,80540,80539,80540,1
sniffing,80608,80540,80608,68
stepping,80620,80608,80620,12
grooming,80780,80620,80780,160
sniffing,80788,80780,80788,8
stepping,80798,80788,80798,10
sniffing,80807,80798,80807,9
scratching,80847,80807,80847,40
grooming,80929,80847,80929,82
walking,80951,80929,80951,22
sniffing,81033,80951,81033,82
hunching,81060,81033,81060,27
rising,81089,81060,81089,29
rearing,81133,81089,81133,44
grooming,81134,81133,81134,1
hunching,81224,81134,81224,90
grooming,81225,81224,81225,1
walking,81276,81225,81276,51
sniffing,81380,81276,81380,104
right_turning,81391,81380,81391,11
left_turning,81404,81391,81404,13
stepping,81432,81404,81432,28
sniffing,81439,81432,81439,7
walking,81472,81439,81472,33
sniffing,81629,81472,81629,157
rising,81666,81629,81666,37
stepping,81694,81666,81694,28
sniffing,81711,81694,81711,17
stepping,81750,81711,81750,39
sniffing,81768,81750,81768,18
rising,81911,81768,81911,143
sniffing,81914,81911,81914,3
stepping,81933,81914,81933,19
sniffing,81988,81933,81988,55
walking,82062,81988,82062,74
stepping,82123,82062,82123,61
walking,82166,82123,82166,43
sniffing,82251,82166,82251,85
stepping,82278,82251,82278,27
climbing,82334,82278,82334,56
trotting,82368,82334,82368,34
stepping,82416,82368,82416,48
sniffing,82472,82416,82472,56
left_turning,82493,82472,82493,21
rearing,82557,82493,82557,64
walking,82575,82557,82575,18
sniffing,82611,82575,82611,36
stepping,82655,82611,82655,44
walking,82667,82655,82667,12
left_turning,82738,82667,82738,71
climbing,82742,82738,82742,4
grooming,82835,82742,82835,93
rearing,82836,82835,82836,1
climbing,82918,82836,82918,82
walking,82920,82918,82920,2
stepping,82921,82920,82921,1
left_turning,82992,82921,82992,71
sniffing,83033,82992,83033,41
walking,83064,83033,83064,31
rising,83098,83064,83098,34
sniffing,83158,83098,83158,60
grooming,83473,83158,83473,315
hunching,83578,83473,83578,105
rising,83620,83578,83620,42
climbing,83644,83620,83644,24
right_turning,83666,83644,83666,22
walking,83679,83666,83679,13
trotting,83693,83679,83693,14
rising,83698,83693,83698,5
rearing,83742,83698,83742,44
grooming,83917,83742,83917,175
scratching,83918,83917,83918,1
right_turning,83950,83918,83950,32
walking,83973,83950,83973,23
stepping,84007,83973,84007,34
sniffing,84052,84007,84052,45
stepping,84110,84052,84110,58
walking,84177,84110,84177,67
left_turning,84193,84177,84193,16
trotting,84215,84193,84215,22
walking,84234,84215,84234,19
sniffing,84235,84234,84235,1
walking,84270,84235,84270,35
rising,84292,84270,84292,22
stepping,84328,84292,84328,36
walking,84376,84328,84376,48
stepping,84396,84376,84396,20
walking,84411,84396,84411,15
stepping,84444,84411,84444,33
rising,84534,84444,84534,90
grooming,84768,84534,84768,234
scratching,84842,84768,84842,74
grooming,84964,84842,84964,122
sniffing,84980,84964,84980,16
walking,85013,84980,85013,33
climbing,85073,85013,85073,60
grooming,85592,85073,85592,519
rearing,85613,85592,85613,21
grooming,85614,85613,85614,1
sniffing,85615,85614,85615,1
stepping,85738,85615,85738,123
sniffing,85813,85738,85813,75
rising,85838,85813,85838,25
grooming,86083,85838,86083,245
rearing,86150,86083,86150,67
grooming,86405,86150,86405,255
climbing,86463,86405,86463,58
walking,86496,86463,86496,33
sniffing,86540,86496,86540,44
rising,86541,86540,86541,1
rearing,86555,86541,86555,14
rising,86563,86555,86563,8
climbing,86620,86563,86620,57
rearing,86669,86620,86669,49
climbing,86773,86669,86773,104
rearing,86883,86773,86883,110
grooming,86945,86883,86945,62
sniffing,86978,86945,86978,33
walking,86988,86978,86988,10
sniffing,87010,86988,87010,22
right_turning,87046,87010,87046,36
rising,87269,87046,87269,223
hunching,87364,87269,87364,95
climbing,87370,87364,87370,6
trotting,87392,87370,87392,22
walking,87415,87392,87415,23
stepping,87435,87415,87435,20
sniffing,87451,87435,87451,16
grooming,87660,87451,87660,209
rearing,87769,87660,87769,109
grooming,87770,87769,87770,1
stepping,87794,87770,87794,24
sniffing,87876,87794,87876,82
walking,87941,87876,87941,65
trotting,87960,87941,87960,19
stepping,87996,87960,87996,36
rising,87998,87996,87998,2
climbing,88013,87998,88013,15
right_turning,88046,88013,88046,33
sniffing,88080,88046,88080,34
walking,88128,88080,88128,48
trotting,88169,88128,88169,41
sniffing,88176,88169,88176,7
running,88203,88176,88203,27
rearing,88480,88203,88480,277
grooming,89669,88480,89669,1189
sniffing,89739,89669,89739,70
walking,89782,89739,89782,43
stepping,89843,89782,89843,61
rearing,89844,89843,89844,1
rising,89879,89844,89879,35
stepping,89947,89879,89947,68
sniffing,89967,89947,89967,20
rearing,90025,89967,90025,58
climbing,90026,90025,90026,1
rearing,90128,90026,90128,102
climbing,90237,90128,90237,109
left_turning,90296,90237,90296,59
grooming,90414,90296,90414,118
trotting,90440,90414,90440,26
walking,90473,90440,90473,33
sniffing,90474,90473,90474,1
stepping,90500,90474,90500,26
walking,90551,90500,90551,51
sniffing,90658,90551,90658,107
left_turning,90689,90658,90689,31
hunching,90733,90689,90733,44
grooming,90734,90733,90734,1
stepping,90744,90734,90744,10
sniffing,90754,90744,90754,10
rearing,90755,90754,90755,1
walking,90756,90755,90756,1
stepping,90762,90756,90762,6
climbing,90815,90762,90815,53
walking,90833,90815,90833,18
stepping,90837,90833,90837,4
grooming,91166,90837,91166,329
rearing,91187,91166,91187,21
grooming,91241,91187,91241,54
trotting,91253,91241,91253,12
walking,91261,91253,91261,8
sniffing,91328,91261,91328,67
walking,91361,91328,91361,33
sniffing,91362,91361,91362,1
left_turning,91397,91362,91397,35
trotting,91422,91397,91422,25
right_turning,91444,91422,91444,22
walking,91453,91444,91453,9
rising,91463,91453,91463,10
sniffing,91483,91463,91483,20
scratching,91484,91483,91484,1
right_turning,91513,91484,91513,29
rising,91514,91513,91514,1
grooming,91515,91514,91515,1
rising,91525,91515,91525,10
sniffing,91526,91525,91526,1
stepping,91582,91526,91582,56
walking,91583,91582,91583,1
climbing,91642,91583,91642,59
grooming,91643,91642,91643,1
rearing,91644,91643,91644,1
sniffing,91715,91644,91715,71
rising,91762,91715,91762,47
sniffing,91807,91762,91807,45
walking,91849,91807,91849,42
left_turning,91896,91849,91896,47
scratching,91927,91896,91927,31
sniffing,91955,91927,91955,28
walking,91962,91955,91962,7
rising,91977,91962,91977,15
climbing,91993,91977,91993,16
walking,92013,91993,92013,20
climbing,92079,92013,92079,66
left_turning,92136,92079,92136,57
walking,92160,92136,92160,24
sniffing,92196,92160,92196,36
left_turning,92197,92196,92197,1
grooming,92252,92197,92252,55
rearing,92297,92252,92297,45
grooming,92447,92297,92447,150
left_turning,92476,92447,92476,29
grooming,92652,92476,92652,176
rearing,92856,92652,92856,204
hunching,92975,92856,92975,119
rising,93003,92975,93003,28
climbing,93021,93003,93021,18
left_turning,93040,93021,93040,19
stepping,93101,93040,93101,61
climbing,93115,93101,93115,14
grooming,93130,93115,93130,15
walking,93202,93130,93202,72
trotting,93251,93202,93251,49
sniffing,93380,93251,93380,129
rearing,93381,93380,93381,1
walking,93465,93381,93465,84
rising,93484,93465,93484,19
sniffing,93651,93484,93651,167
climbing,93687,93651,93687,36
left_turning,93722,93687,93722,35
sniffing,93813,93722,93813,91
grooming,93902,93813,93902,89
rearing,94031,93902,94031,129
grooming,94134,94031,94134,103
rearing,94186,94134,94186,52
stepping,94214,94186,94214,28
climbing,94287,94214,94287,73
running,94326,94287,94326,39
sniffing,94383,94326,94383,57
walking,94409,94383,94409,26
rearing,94457,94409,94457,48
left_turning,94488,94457,94488,31
stepping,94528,94488,94528,40
walking,94578,94528,94578,50
sniffing,94603,94578,94603,25
rising,94625,94603,94625,22
climbing,94644,94625,94644,19
walking,94678,94644,94678,34
sniffing,94715,94678,94715,37
stepping,94760,94715,94760,45
walking,94781,94760,94781,21
sniffing,94782,94781,94782,1
rising,94798,94782,94798,16
grooming,94799,94798,94799,1
walking,94830,94799,94830,31
trotting,94867,94830,94867,37
sniffing,94965,94867,94965,98
grooming,95067,94965,95067,102
rearing,95303,95067,95303,236
grooming,95400,95303,95400,97
hunching,95416,95400,95416,16
rising,95454,95416,95454,38
rearing,95473,95454,95473,19
grooming,95474,95473,95474,1
left_turning,95499,95474,95499,25
rearing,95576,95499,95576,77
stepping,95655,95576,95655,79
rising,95663,95655,95663,8
rearing,95679,95663,95679,16
climbing,95721,95679,95721,42
walking,95763,95721,95763,42
climbing,95784,95763,95784,21
rearing,95920,95784,95920,136
grooming,96014,95920,96014,94
rearing,96028,96014,96028,14
running,96049,96028,96049,21
trotting,96063,96049,96063,14
left_turning,96144,96063,96144,81
stepping,96156,96144,96156,12
trotting,96197,96156,96197,41
stepping,96254,96197,96254,57
right_turning,96255,96254,96255,1
sniffing,96276,96255,96276,21
walking,96285,96276,96285,9
stepping,96313,96285,96313,28
sniffing,96314,96313,96314,1
walking,96356,96314,96356,42
sniffing,96369,96356,96369,13
stepping,96391,96369,96391,22
rising,96432,96391,96432,41
sniffing,96494,96432,96494,62
rising,96495,96494,96495,1
hunching,96549,96495,96549,54
left_turning,96598,96549,96598,49
grooming,96605,96598,96605,7
rearing,96698,96605,96698,93
rising,96710,96698,96710,12
climbing,96744,96710,96744,34
walking,96763,96744,96763,19
sniffing,96794,96763,96794,31
walking,96834,96794,96834,40
sniffing,96864,96834,96864,30
left_turning,96908,96864,96908,44
running,96929,96908,96929,21
stepping,96930,96929,96930,1
left_turning,96979,96930,96979,49
rising,97031,96979,97031,52
rearing,97032,97031,97032,1
walking,97102,97032,97102,70
sniffing,97198,97102,97198,96
grooming,97235,97198,97235,37
stepping,97266,97235,97266,31
sniffing,97267,97266,97267,1
rising,97296,97267,97296,29
sniffing,97388,97296,97388,92
right_turning,97411,97388,97411,23
walking,97412,97411,97412,1
sniffing,97481,97412,97481,69
walking,97509,97481,97509,28
stepping,97548,97509,97548,39
walking,97564,97548,97564,16
stepping,97599,97564,97599,35
walking,97651,97599,97651,52
grooming,97743,97651,97743,92
rearing,97744,97743,97744,1
running,97780,97744,97780,36
sniffing,97905,97780,97905,125
walking,97906,97905,97906,1
trotting,97931,97906,97931,25
walking,97932,97931,97932,1
sniffing,97933,97932,97933,1
right_turning,97968,97933,97968,35
walking,97969,97968,97969,1
sniffing,98082,97969,98082,113
climbing,98132,98082,98132,50
left_turning,98136,98132,98136,4
sniffing,98137,98136,98137,1
walking,98163,98137,98163,26
climbing,98188,98163,98188,25
rising,98210,98188,98210,22
grooming,98364,98210,98364,154
rising,98386,98364,98386,22
trotting,98410,98386,98410,24
walking,98425,98410,98425,15
sniffing,98570,98425,98570,145
climbing,98640,98570,98640,70
trotting,98655,98640,98655,15
walking,98697,98655,98697,42
rearing,98705,98697,98705,8
climbing,98753,98705,98753,48
rearing,98763,98753,98763,10
grooming,98764,98763,98764,1
rearing,98803,98764,98803,39
grooming,98853,98803,98853,50
hunching,98854,98853,98854,1
left_turning,98933,98854,98933,79
rearing,99039,98933,99039,106
stepping,99094,99039,99094,55
walking,99129,99094,99129,35
rearing,99151,99129,99151,22
left_turning,99184,99151,99184,33
sniffing,99258,99184,99258,74
stepping,99264,99258,99264,6
sniffing,99293,99264,99293,29
rising,99294,99293,99294,1
grooming,99496,99294,99496,202
rearing,99727,99496,99727,231
hunching,99798,99727,99798,71
grooming,99943,99798,99943,145
sniffing,100004,99943,100004,61
rising,100064,100004,100064,60
climbing,100105,100064,100105,41
left_turning,100115,100105,100115,10
rearing,100170,100115,100170,55
grooming,100707,100170,100707,537
rearing,100758,100707,100758,51
hunching,100946,100758,100946,188
grooming,101049,100946,101049,103
sniffing,101068,101049,101068,19
walking,101102,101068,101102,34
right_turning,101115,101102,101115,13
climbing,101209,101115,101209,94
running,101226,101209,101226,17
stepping,101269,101226,101269,43
left_turning,101297,101269,101297,28
stepping,101325,101297,101325,28
hunching,101385,101325,101385,60
left_turning,101395,101385,101395,10
sniffing,101406,101395,101406,11
stepping,101431,101406,101431,25
rising,101432,101431,101432,1
rearing,101481,101432,101481,49
sniffing,101532,101481,101532,51
rising,101533,101532,101533,1
rearing,101549,101533,101549,16
right_turning,101563,101549,101563,14
stepping,101615,101563,101615,52
sniffing,101693,101615,101693,78
grooming,101694,101693,101694,1
rising,101698,101694,101698,4
left_turning,101721,101698,101721,23
sniffing,101880,101721,101880,159
grooming,102192,101880,102192,312
stepping,102193,102192,102193,1
sniffing,102243,102193,102243,50
stepping,102256,102243,102256,13
sniffing,102327,102256,102327,71
walking,102361,102327,102361,34
running,102380,102361,102380,19
walking,102389,102380,102389,9
sniffing,102443,102389,102443,54
rising,102476,102443,102476,33
sniffing,102691,102476,102691,215
left_turning,102732,102691,102732,41
sniffing,102840,102732,102840,108
rising,102860,102840,102860,20
grooming,103048,102860,103048,188
hunching,103185,103048,103185,137
grooming,103319,103185,103319,134
rearing,103486,103319,103486,167
grooming,103487,103486,103487,1
rearing,103582,103487,103582,95
grooming,103583,103582,103583,1
walking,103601,103583,103601,18
sniffing,103691,103601,103691,90
stepping,103735,103691,103735,44
hunching,103742,103735,103742,7
rearing,103804,103742,103804,62
hunching,103856,103804,103856,52
sniffing,103961,103856,103961,105
left_turning,103993,103961,103993,32
sniffing,104075,103993,104075,82
left_turning,104083,104075,104083,8
hunching,104154,104083,104154,71
grooming,104161,104154,104161,7
sniffing,104187,104161,104187,26
walking,104275,104187,104275,88
sniffing,104386,104275,104386,111
running,104420,104386,104420,34
rearing,104456,104420,104456,36
hunching,104457,104456,104457,1
rearing,104586,104457,104586,129
grooming,104653,104586,104653,67
rearing,104657,104653,104657,4
rising,104694,104657,104694,37
climbing,104721,104694,104721,27
grooming,104722,104721,104722,1
hunching,104755,104722,104755,33
left_turning,104756,104755,104756,1
grooming,104757,104756,104757,1
climbing,104778,104757,104778,21
right_turning,104792,104778,104792,14
walking,104826,104792,104826,34
sniffing,104959,104826,104959,133
grooming,105163,104959,105163,204
left_turning,105177,105163,105177,14
grooming,105427,105177,105427,250
rising,105447,105427,105447,20
sniffing,105518,105447,105518,71
stepping,105545,105518,105545,27
sniffing,105572,105545,105572,27
left_turning,105609,105572,105609,37
walking,105615,105609,105615,6
sniffing,105684,105615,105684,69
grooming,106037,105684,106037,353
climbing,106138,106037,106138,101
grooming,106273,106138,106273,135
rearing,106346,106273,106346,73
grooming,106359,106346,106359,13
trotting,106360,106359,106360,1
stepping,106387,106360,106387,27
walking,106442,106387,106442,55
stepping,106460,106442,106460,18
walking,106461,106460,106461,1
sniffing,106508,106461,106508,47
stepping,106509,106508,106509,1
sniffing,106582,106509,106582,73
left_turning,106624,106582,106624,42
walking,106637,106624,106637,13
rising,106923,106637,106923,286
sniffing,107041,106923,107041,118
walking,107100,107041,107100,59
sniffing,107102,107100,107102,2
running,107133,107102,107133,31
stepping,107158,107133,107158,25
rising,107167,107158,107167,9
sniffing,107172,107167,107172,5
rising,107223,107172,107223,51
rearing,107343,107223,107343,120
hunching,107344,107343,107344,1
rising,107438,107344,107438,94
grooming,107439,107438,107439,1
rising,107440,107439,107440,1
sniffing,107483,107440,107483,43
rising,107484,107483,107484,1
walking,107507,107484,107507,23
stepping,107607,107507,107607,100
sniffing,107636,107607,107636,29
walking,107684,107636,107684,48
stepping,107726,107684,107726,42
rearing,108000,107726,108000,274
