revised_movement_label,segBoundary,segBoundary_start,segBoundary_end,length
grooming,44,0,44,44
sniffing,57,44,57,13
stepping,128,57,128,71
running,137,128,137,9
sniffing,253,137,253,116
rising,254,253,254,1
walking,366,254,366,112
stepping,389,366,389,23
left_turning,408,389,408,19
walking,410,408,410,2
rising,895,410,895,485
hunching,1089,895,1089,194
grooming,1090,1089,1090,1
sniffing,1158,1090,1158,68
rising,1159,1158,1159,1
grooming,1217,1159,1217,58
right_turning,1237,1217,1237,20
sniffing,1289,1237,1289,52
stepping,1290,1289,1290,1
grooming,1436,1290,1436,146
rearing,1481,1436,1481,45
grooming,1490,1481,1490,9
rearing,1562,1490,1562,72
left_turning,1575,1562,1575,13
stepping,1576,1575,1576,1
sniffing,1610,1576,1610,34
right_turning,1627,1610,1627,17
sniffing,1628,1627,1628,1
walking,1630,1628,1630,2
sniffing,1760,1630,1760,130
rising,1795,1760,1795,35
grooming,1988,1795,1988,193
walking,2015,1988,2015,27
sniffing,2016,2015,2016,1
rising,2026,2016,2026,10
grooming,2027,2026,2027,1
sniffing,2061,2027,2061,34
rising,2071,2061,2071,10
running,2110,2071,2110,39
sniffing,2124,2110,2124,14
left_turning,2175,2124,2175,51
trotting,2201,2175,2201,26
sniffing,2279,2201,2279,78
walking,2342,2279,2342,63
stepping,2390,2342,2390,48
rising,2391,2390,2391,1
sniffing,2434,2391,2434,43
rising,2446,2434,2446,12
sniffing,2514,2446,2514,68
left_turning,2531,2514,2531,17
running,2560,2531,2560,29
walking,2594,2560,2594,34
sniffing,2633,2594,2633,39
walking,2662,2633,2662,29
sniffing,2724,2662,2724,62
left_turning,2754,2724,2754,30
walking,2813,2754,2813,59
rising,2817,2813,2817,4
climbing,2840,2817,2840,23
walking,2878,2840,2878,38
sniffing,2879,2878,2879,1
rising,2914,2879,2914,35
grooming,3249,2914,3249,335
climbing,3290,3249,3290,41
left_turning,3331,3290,3331,41
stepping,3355,3331,3355,24
walking,3405,3355,3405,50
sniffing,3471,3405,3471,66
rising,3472,3471,3472,1
stepping,3500,3472,3500,28
walking,3537,3500,3537,37
grooming,3619,3537,3619,82
left_turning,3622,3619,3622,3
rising,3662,3622,3662,40
rearing,3703,3662,3703,41
grooming,3730,3703,3730,27
left_turning,3753,3730,3753,23
trotting,3781,3753,3781,28
stepping,3799,3781,3799,18
running,3830,3799,3830,31
trotting,3846,3830,3846,16
walking,3880,3846,3880,34
rising,3885,3880,3885,5
stepping,3946,3885,3946,61
walking,3996,3946,3996,50
sniffing,3997,3996,3997,1
rising,4100,3997,4100,103
stepping,4140,4100,4140,40
sniffing,4230,4140,4230,90
rising,4265,4230,4265,35
left_turning,4308,4265,4308,43
walking,4330,4308,4330,22
sniffing,4367,4330,4367,37
rising,4391,4367,4391,24
trotting,4393,4391,4393,2
stepping,4425,4393,4425,32
walking,4520,4425,4520,95
sniffing,4561,4520,4561,41
walking,4577,4561,4577,16
stepping,4606,4577,4606,29
sniffing,4699,4606,4699,93
rearing,4861,4699,4861,162
grooming,4985,4861,4985,124
running,4996,4985,4996,11
right_turning,5014,4996,5014,18
running,5033,5014,5033,19
sniffing,5049,5033,5049,16
trotting,5069,5049,5069,20
stepping,5097,5069,5097,28
sniffing,5121,5097,5121,24
stepping,5140,5121,5140,19
sniffing,5149,5140,5149,9
stepping,5163,5149,5163,14
sniffing,5180,5163,5180,17
rising,5181,5180,5181,1
sniffing,5182,5181,5182,1
stepping,5236,5182,5236,54
trotting,5248,5236,5248,12
running,5275,5248,5275,27
trotting,5295,5275,5295,20
walking,5329,5295,5329,34
sniffing,5384,5329,5384,55
stepping,5434,5384,5434,50
sniffing,5492,5434,5492,58
rising,5509,5492,5509,17
hunching,5582,5509,5582,73
grooming,5656,5582,5656,74
left_turning,5710,5656,5710,54
stepping,5715,5710,5715,5
sniffing,5766,5715,5766,51
walking,5825,5766,5825,59
trotting,5836,5825,5836,11
sniffing,5873,5836,5873,37
right_turning,5877,5873,5877,4
walking,5892,5877,5892,15
stepping,5893,5892,5893,1
right_turning,5895,5893,5895,2
stepping,5903,5895,5903,8
walking,5904,5903,5904,1
stepping,5926,5904,5926,22
sniffing,5970,5926,5970,44
rising,6052,5970,6052,82
sniffing,6057,6052,6057,5
left_turning,6088,6057,6088,31
running,6116,6088,6116,28
trotting,6150,6116,6150,34
stepping,6159,6150,6159,9
rising,6249,6159,6249,90
grooming,6250,6249,6250,1
rising,6351,6250,6351,101
running,6382,6351,6382,31
stepping,6405,6382,6405,23
trotting,6432,6405,6432,27
sniffing,6442,6432,6442,10
rising,6444,6442,6444,2
rearing,6536,6444,6536,92
hunching,6633,6536,6633,97
walking,6675,6633,6675,42
trotting,6704,6675,6704,29
stepping,6744,6704,6744,40
sniffing,6827,6744,6827,83
rising,6879,6827,6879,52
walking,6910,6879,6910,31
trotting,6919,6910,6919,9
walking,6922,6919,6922,3
stepping,6954,6922,6954,32
right_turning,6992,6954,6992,38
sniffing,7138,6992,7138,146
right_turning,7155,7138,7155,17
sniffing,7156,7155,7156,1
stepping,7177,7156,7177,21
sniffing,7325,7177,7325,148
left_turning,7369,7325,7369,44
sniffing,7461,7369,7461,92
rising,7529,7461,7529,68
walking,7564,7529,7564,35
stepping,7596,7564,7596,32
walking,7615,7596,7615,19
sniffing,7657,7615,7657,42
stepping,7686,7657,7686,29
rearing,7812,7686,7812,126
climbing,7833,7812,7833,21
walking,7886,7833,7886,53
stepping,7911,7886,7911,25
grooming,7912,7911,7912,1
hunching,8001,7912,8001,89
rearing,8002,8001,8002,1
grooming,8210,8002,8210,208
hunching,8237,8210,8237,27
grooming,8238,8237,8238,1
trotting,8247,8238,8247,9
walking,8308,8247,8308,61
stepping,8336,8308,8336,28
rising,8388,8336,8388,52
grooming,8389,8388,8389,1
left_turning,8423,8389,8423,34
sniffing,8486,8423,8486,63
walking,8502,8486,8502,16
stepping,8504,8502,8504,2
walking,8512,8504,8512,8
sniffing,8550,8512,8550,38
rising,8581,8550,8581,31
walking,8582,8581,8582,1
stepping,8618,8582,8618,36
sniffing,8634,8618,8634,16
stepping,8734,8634,8734,100
rearing,8780,8734,8780,46
grooming,9389,8780,9389,609
rising,9421,9389,9421,32
walking,9447,9421,9447,26
grooming,9666,9447,9666,219
right_turning,9667,9666,9667,1
walking,9696,9667,9696,29
climbing,9741,9696,9741,45
grooming,9742,9741,9742,1
rearing,9809,9742,9809,67
grooming,9998,9809,9998,189
right_turning,9999,9998,9999,1
trotting,10031,9999,10031,32
rising,10339,10031,10339,308
sniffing,10351,10339,10351,12
grooming,10721,10351,10721,370
walking,10731,10721,10731,10
sniffing,10756,10731,10756,25
climbing,10772,10756,10772,16
left_turning,10779,10772,10779,7
trotting,10789,10779,10789,10
stepping,10823,10789,10823,34
sniffing,10824,10823,10824,1
rearing,10898,10824,10898,74
grooming,11512,10898,11512,614
rearing,11513,11512,11513,1
hunching,11620,11513,11620,107
sniffing,11639,11620,11639,19
rising,11640,11639,11640,1
grooming,11953,11640,11953,313
trotting,11961,11953,11961,8
climbing,12016,11961,12016,55
sniffing,12039,12016,12039,23
stepping,12051,12039,12051,12
sniffing,12112,12051,12112,61
stepping,12161,12112,12161,49
grooming,12333,12161,12333,172
sniffing,12373,12333,12373,40
left_turning,12393,12373,12393,20
walking,12434,12393,12434,41
stepping,12485,12434,12485,51
sniffing,12523,12485,12523,38
stepping,12524,12523,12524,1
left_turning,12539,12524,12539,15
stepping,12541,12539,12541,2
sniffing,12597,12541,12597,56
climbing,12648,12597,12648,51
sniffing,12711,12648,12711,63
stepping,12749,12711,12749,38
walking,12750,12749,12750,1
stepping,12766,12750,12766,16
trotting,12841,12766,12841,75
sniffing,12898,12841,12898,57
grooming,14071,12898,14071,1173
left_turning,14089,14071,14089,18
trotting,14091,14089,14091,2
sniffing,14092,14091,14092,1
rising,14093,14092,14093,1
running,14122,14093,14122,29
walking,14123,14122,14123,1
rearing,14205,14123,14205,82
grooming,14551,14205,14551,346
sniffing,14655,14551,14655,104
rising,14659,14655,14659,4
walking,14680,14659,14680,21
sniffing,14713,14680,14713,33
left_turning,14743,14713,14743,30
sniffing,14801,14743,14801,58
stepping,14828,14801,14828,27
sniffing,14898,14828,14898,70
hunching,14942,14898,14942,44
grooming,14943,14942,14943,1
stepping,14965,14943,14965,22
sniffing,14980,14965,14980,15
climbing,14995,14980,14995,15
hunching,15003,14995,15003,8
rearing,15004,15003,15004,1
grooming,15005,15004,15005,1
running,15040,15005,15040,35
rearing,15041,15040,15041,1
walking,15059,15041,15059,18
stepping,15060,15059,15060,1
walking,15064,15060,15064,4
stepping,15080,15064,15080,16
trotting,15106,15080,15106,26
rising,15159,15106,15159,53
walking,15171,15159,15171,12
grooming,15172,15171,15172,1
sniffing,15183,15172,15183,11
climbing,15270,15183,15270,87
sniffing,15319,15270,15319,49
rearing,15355,15319,15355,36
walking,15388,15355,15388,33
sniffing,15389,15388,15389,1
left_turning,15390,15389,15390,1
rearing,15408,15390,15408,18
grooming,15409,15408,15409,1
sniffing,15411,15409,15411,2
grooming,15545,15411,15545,134
sniffing,15578,15545,15578,33
rising,15604,15578,15604,26
walking,15616,15604,15616,12
stepping,15617,15616,15617,1
walking,15695,15617,15695,78
rearing,15832,15695,15832,137
sniffing,15913,15832,15913,81
stepping,15938,15913,15938,25
sniffing,15978,15938,15978,40
left_turning,16000,15978,16000,22
walking,16031,16000,16031,31
sniffing,16152,16031,16152,121
trotting,16200,16152,16200,48
rearing,16218,16200,16218,18
climbing,16312,16218,16312,94
grooming,16447,16312,16447,135
trotting,16455,16447,16455,8
walking,16481,16455,16481,26
trotting,16533,16481,16533,52
walking,16535,16533,16535,2
sniffing,16591,16535,16591,56
walking,16601,16591,16601,10
sniffing,16667,16601,16667,66
stepping,16672,16667,16672,5
running,16683,16672,16683,11
sniffing,16721,16683,16721,38
stepping,16726,16721,16726,5
sniffing,16754,16726,16754,28
rising,16804,16754,16804,50
walking,16852,16804,16852,48
rising,16954,16852,16954,102
climbing,17012,16954,17012,58
walking,17013,17012,17013,1
climbing,17035,17013,17035,22
rising,17058,17035,17058,23
climbing,17095,17058,17095,37
walking,17116,17095,17116,21
rising,17138,17116,17138,22
grooming,17139,17138,17139,1
sniffing,17151,17139,17151,12
right_turning,17174,17151,17174,23
walking,17191,17174,17191,17
grooming,17435,17191,17435,244
rearing,17576,17435,17576,141
grooming,17597,17576,17597,21
walking,17634,17597,17634,37
trotting,17665,17634,17665,31
walking,17666,17665,17666,1
grooming,18153,17666,18153,487
sniffing,18191,18153,18191,38
walking,18225,18191,18225,34
running,18232,18225,18232,7
stepping,18235,18232,18235,3
sniffing,18243,18235,18243,8
trotting,18277,18243,18277,34
left_turning,18304,18277,18304,27
walking,18340,18304,18340,36
rearing,18409,18340,18409,69
climbing,18502,18409,18502,93
sniffing,18552,18502,18552,50
grooming,18553,18552,18553,1
rising,18627,18553,18627,74
sniffing,18643,18627,18643,16
stepping,18678,18643,18678,35
sniffing,18712,18678,18712,34
rising,18744,18712,18744,32
climbing,18753,18744,18753,9
sniffing,18848,18753,18848,95
grooming,19003,18848,19003,155
hunching,19110,19003,19110,107
grooming,19111,19110,19111,1
sniffing,19161,19111,19161,50
walking,19234,19161,19234,73
stepping,19268,19234,19268,34
rising,19308,19268,19308,40
rearing,19443,19308,19443,135
walking,19446,19443,19446,3
stepping,19488,19446,19488,42
sniffing,19489,19488,19489,1
walking,19507,19489,19507,18
trotting,19540,19507,19540,33
stepping,19557,19540,19557,17
climbing,19568,19557,19568,11
stepping,19616,19568,19616,48
walking,19659,19616,19659,43
sniffing,19699,19659,19699,40
hunching,19760,19699,19760,61
rearing,19761,19760,19761,1
sniffing,19852,19761,19852,91
climbing,19905,19852,19905,53
grooming,20465,19905,20465,560
sniffing,20496,20465,20496,31
grooming,20596,20496,20596,100
rearing,20642,20596,20642,46
grooming,20765,20642,20765,123
hunching,20766,20765,20766,1
rearing,20892,20766,20892,126
grooming,21054,20892,21054,162
walking,21064,21054,21064,10
sniffing,21139,21064,21139,75
grooming,21140,21139,21140,1
walking,21151,21140,21151,11
sniffing,21186,21151,21186,35
stepping,21248,21186,21248,62
sniffing,21250,21248,21250,2
rising,21266,21250,21266,16
sniffing,21345,21266,21345,79
grooming,21599,21345,21599,254
left_turning,21600,21599,21600,1
trotting,21605,21600,21605,5
walking,21661,21605,21661,56
sniffing,21729,21661,21729,68
climbing,21756,21729,21756,27
grooming,22089,21756,22089,333
sniffing,22090,22089,22090,1
stepping,22121,22090,22121,31
rearing,22152,22121,22152,31
climbing,22197,22152,22197,45
rising,22207,22197,22207,10
rearing,22232,22207,22232,25
grooming,22450,22232,22450,218
sniffing,22481,22450,22481,31
rearing,22500,22481,22500,19
hunching,22615,22500,22615,115
grooming,22810,22615,22810,195
sniffing,22926,22810,22926,116
trotting,22942,22926,22942,16
sniffing,22943,22942,22943,1
stepping,22968,22943,22968,25
walking,22975,22968,22975,7
grooming,22976,22975,22976,1
rising,23018,22976,23018,42
sniffing,23051,23018,23051,33
stepping,23124,23051,23124,73
rearing,23143,23124,23143,19
grooming,24444,23143,24444,1301
left_turning,24454,24444,24454,10
grooming,24734,24454,24734,280
sniffing,24775,24734,24775,41
walking,24827,24775,24827,52
sniffing,24835,24827,24835,8
grooming,25187,24835,25187,352
walking,25197,25187,25197,10
climbing,25209,25197,25209,12
grooming,25358,25209,25358,149
left_turning,25391,25358,25391,33
stepping,25412,25391,25412,21
sniffing,25455,25412,25455,43
rearing,25475,25455,25475,20
hunching,25686,25475,25686,211
rearing,25843,25686,25843,157
sniffing,25844,25843,25844,1
grooming,26255,25844,26255,411
rising,26312,26255,26312,57
climbing,26330,26312,26330,18
grooming,26553,26330,26553,223
sniffing,26576,26553,26576,23
climbing,26656,26576,26656,80
walking,26657,26656,26657,1
grooming,26694,26657,26694,37
rising,26695,26694,26695,1
sniffing,26705,26695,26705,10
trotting,26725,26705,26725,20
walking,26736,26725,26736,11
running,26742,26736,26742,6
walking,26773,26742,26773,31
sniffing,26810,26773,26810,37
grooming,26820,26810,26820,10
rising,27043,26820,27043,223
rearing,27072,27043,27072,29
grooming,27073,27072,27073,1
left_turning,27103,27073,27103,30
rising,27121,27103,27121,18
rearing,27214,27121,27214,93
grooming,27246,27214,27246,32
left_turning,27272,27246,27272,26
grooming,28593,27272,28593,1321
rearing,28660,28593,28660,67
walking,28673,28660,28673,13
rising,28674,28673,28674,1
rearing,28857,28674,28857,183
hunching,28904,28857,28904,47
grooming,29066,28904,29066,162
left_turning,29076,29066,29076,10
scratching,29166,29076,29166,90
sniffing,29276,29166,29276,110
walking,29295,29276,29295,19
sniffing,29329,29295,29329,34
left_turning,29330,29329,29330,1
sniffing,29420,29330,29420,90
right_turning,29450,29420,29450,30
stepping,29459,29450,29459,9
walking,29485,29459,29485,26
trotting,29500,29485,29500,15
walking,29511,29500,29511,11
stepping,29561,29511,29561,50
sniffing,29592,29561,29592,31
rising,29593,29592,29593,1
rearing,29608,29593,29608,15
hunching,29669,29608,29669,61
grooming,29787,29669,29787,118
left_turning,29795,29787,29795,8
grooming,29796,29795,29796,1
rearing,29797,29796,29797,1
right_turning,29822,29797,29822,25
sniffing,29873,29822,29873,51
walking,29874,29873,29874,1
trotting,29906,29874,29906,32
sniffing,29918,29906,29918,12
rising,29934,29918,29934,16
rearing,29935,29934,29935,1
left_turning,29956,29935,29956,21
walking,29969,29956,29969,13
stepping,29991,29969,29991,22
rearing,30114,29991,30114,123
left_turning,30150,30114,30150,36
trotting,30172,30150,30172,22
rising,30223,30172,30223,51
grooming,30293,30223,30293,70
rearing,30406,30293,30406,113
grooming,30430,30406,30430,24
left_turning,30487,30430,30487,57
stepping,30531,30487,30531,44
walking,30568,30531,30568,37
sniffing,30569,30568,30569,1
rearing,30570,30569,30570,1
hunching,30730,30570,30730,160
grooming,31156,30730,31156,426
running,31190,31156,31190,34
walking,31208,31190,31208,18
stepping,31209,31208,31209,1
walking,31210,31209,31210,1
sniffing,31302,31210,31302,92
grooming,31332,31302,31332,30
hunching,31333,31332,31333,1
grooming,31384,31333,31384,51
climbing,31451,31384,31451,67
trotting,31480,31451,31480,29
grooming,31571,31480,31571,91
hunching,31681,31571,31681,110
grooming,31893,31681,31893,212
rising,31930,31893,31930,37
rearing,32009,31930,32009,79
grooming,32147,32009,32147,138
left_turning,32210,32147,32210,63
rising,32252,32210,32252,42
rearing,32257,32252,32257,5
grooming,32335,32257,32335,78
sniffing,32349,32335,32349,14
rising,32391,32349,32391,42
climbing,32439,32391,32439,48
trotting,32454,32439,32454,15
sniffing,32482,32454,32482,28
stepping,32529,32482,32529,47
sniffing,32571,32529,32571,42
rising,32607,32571,32607,36
sniffing,32670,32607,32670,63
stepping,32702,32670,32702,32
walking,32750,32702,32750,48
left_turning,32775,32750,32775,25
climbing,32916,32775,32916,141
grooming,33129,32916,33129,213
rearing,33130,33129,33130,1
hunching,33210,33130,33210,80
grooming,33368,33210,33368,158
walking,33404,33368,33404,36
stepping,33405,33404,33405,1
walking,33414,33405,33414,9
right_turning,33436,33414,33436,22
walking,33460,33436,33460,24
sniffing,33519,33460,33519,59
grooming,33694,33519,33694,175
walking,33709,33694,33709,15
rising,33724,33709,33724,15
grooming,33823,33724,33823,99
left_turning,33850,33823,33850,27
running,33869,33850,33869,19
walking,33939,33869,33939,70
right_turning,33958,33939,33958,19
stepping,33959,33958,33959,1
trotting,33965,33959,33965,6
walking,34030,33965,34030,65
rising,34051,34030,34051,21
sniffing,34100,34051,34100,49
walking,34128,34100,34128,28
rearing,34224,34128,34224,96
climbing,34346,34224,34346,122
walking,34368,34346,34368,22
stepping,34375,34368,34375,7
trotting,34402,34375,34402,27
climbing,34442,34402,34442,40
grooming,35511,34442,35511,1069
walking,35529,35511,35529,18
left_turning,35578,35529,35578,49
stepping,35621,35578,35621,43
sniffing,35654,35621,35654,33
stepping,35685,35654,35685,31
walking,35712,35685,35712,27
rising,35713,35712,35713,1
walking,35751,35713,35751,38
stepping,35775,35751,35775,24
walking,35808,35775,35808,33
stepping,35830,35808,35830,22
grooming,35831,35830,35831,1
rearing,35860,35831,35860,29
rising,35861,35860,35861,1
sniffing,35917,35861,35917,56
stepping,35989,35917,35989,72
grooming,35990,35989,35990,1
stepping,35998,35990,35998,8
walking,36031,35998,36031,33
sniffing,36100,36031,36100,69
rising,36101,36100,36101,1
right_turning,36112,36101,36112,11
trotting,36127,36112,36127,15
sniffing,36272,36127,36272,145
left_turning,36290,36272,36290,18
stepping,36297,36290,36297,7
pausing,36448,36297,36448,151
sniffing,36490,36448,36490,42
grooming,36696,36490,36696,206
rising,36697,36696,36697,1
climbing,36717,36697,36717,20
grooming,37050,36717,37050,333
rearing,37051,37050,37051,1
grooming,37686,37051,37686,635
walking,37715,37686,37715,29
trotting,37742,37715,37742,27
running,37765,37742,37765,23
sniffing,37766,37765,37766,1
rearing,37858,37766,37858,92
grooming,38020,37858,38020,162
sniffing,38042,38020,38042,22
left_turning,38044,38042,38044,2
walking,38069,38044,38069,25
rising,38113,38069,38113,44
rearing,38147,38113,38147,34
right_turning,38158,38147,38158,11
stepping,38203,38158,38203,45
rearing,38267,38203,38267,64
grooming,38343,38267,38343,76
sniffing,38386,38343,38386,43
stepping,38387,38386,38387,1
sniffing,38503,38387,38503,116
stepping,38518,38503,38518,15
walking,38541,38518,38541,23
sniffing,38542,38541,38542,1
stepping,38567,38542,38567,25
rising,38568,38567,38568,1
climbing,38634,38568,38634,66
trotting,38652,38634,38652,18
stepping,38682,38652,38682,30
climbing,38706,38682,38706,24
stepping,38780,38706,38780,74
grooming,38781,38780,38781,1
hunching,38873,38781,38873,92
grooming,39065,38873,39065,192
rearing,39141,39065,39141,76
grooming,39330,39141,39330,189
sniffing,39350,39330,39350,20
climbing,39397,39350,39397,47
walking,39425,39397,39425,28
climbing,39489,39425,39489,64
grooming,39490,39489,39490,1
hunching,39541,39490,39541,51
grooming,39542,39541,39542,1
rearing,39649,39542,39649,107
hunching,39726,39649,39726,77
climbing,39766,39726,39766,40
rearing,39767,39766,39767,1
sniffing,39799,39767,39799,32
stepping,39869,39799,39869,70
sniffing,39926,39869,39926,57
walking,39930,39926,39930,4
running,39959,39930,39959,29
rising,39972,39959,39972,13
climbing,40027,39972,40027,55
left_turning,40044,40027,40044,17
walking,40077,40044,40077,33
stepping,40097,40077,40097,20
rearing,40171,40097,40171,74
climbing,40199,40171,40199,28
grooming,40647,40199,40647,448
climbing,40686,40647,40686,39
running,40710,40686,40710,24
sniffing,40734,40710,40734,24
stepping,40735,40734,40735,1
grooming,40736,40735,40736,1
stepping,40769,40736,40769,33
grooming,41228,40769,41228,459
sniffing,41257,41228,41257,29
grooming,41258,41257,41258,1
left_turning,41304,41258,41304,46
grooming,41775,41304,41775,471
rising,41804,41775,41804,29
rearing,41815,41804,41815,11
walking,41867,41815,41867,52
grooming,41993,41867,41993,126
hunching,42093,41993,42093,100
left_turning,42106,42093,42106,13
stepping,42142,42106,42142,36
sniffing,42143,42142,42143,1
grooming,42316,42143,42316,173
rearing,42317,42316,42317,1
climbing,42419,42317,42419,102
walking,42442,42419,42442,23
sniffing,42477,42442,42477,35
right_turning,42490,42477,42490,13
stepping,42520,42490,42520,30
sniffing,42588,42520,42588,68
grooming,42748,42588,42748,160
left_turning,42749,42748,42749,1
rearing,42750,42749,42750,1
walking,42776,42750,42776,26
sniffing,42820,42776,42820,44
left_turning,42943,42820,42943,123
stepping,42949,42943,42949,6
grooming,42950,42949,42950,1
trotting,43014,42950,43014,64
walking,43032,43014,43032,18
sniffing,43077,43032,43077,45
rising,43087,43077,43087,10
sniffing,43111,43087,43111,24
stepping,43132,43111,43132,21
walking,43149,43132,43149,17
sniffing,43180,43149,43180,31
right_turning,43188,43180,43188,8
walking,43232,43188,43232,44
sniffing,43233,43232,43233,1
grooming,43234,43233,43234,1
left_turning,43235,43234,43235,1
sniffing,43289,43235,43289,54
stepping,43301,43289,43301,12
walking,43374,43301,43374,73
trotting,43379,43374,43379,5
walking,43484,43379,43484,105
sniffing,43641,43484,43641,157
climbing,43660,43641,43660,19
grooming,43751,43660,43751,91
sniffing,43790,43751,43790,39
stepping,43838,43790,43838,48
sniffing,43864,43838,43864,26
walking,43904,43864,43904,40
sniffing,43945,43904,43945,41
trotting,43946,43945,43946,1
sniffing,43947,43946,43947,1
stepping,43950,43947,43950,3
sniffing,43951,43950,43951,1
rearing,44063,43951,44063,112
grooming,44065,44063,44065,2
trotting,44106,44065,44106,41
sniffing,44196,44106,44196,90
grooming,44271,44196,44271,75
running,44324,44271,44324,53
stepping,44342,44324,44342,18
rising,44357,44342,44357,15
running,44408,44357,44408,51
stepping,44429,44408,44429,21
grooming,44430,44429,44430,1
climbing,44472,44430,44472,42
rearing,44562,44472,44562,90
grooming,44729,44562,44729,167
sniffing,44799,44729,44799,70
grooming,44884,44799,44884,85
climbing,44905,44884,44905,21
walking,44940,44905,44940,35
rising,44969,44940,44969,29
climbing,44988,44969,44988,19
left_turning,45058,44988,45058,70
grooming,45059,45058,45059,1
right_turning,45074,45059,45074,15
sniffing,45112,45074,45112,38
stepping,45173,45112,45173,61
rising,45198,45173,45198,25
left_turning,45199,45198,45199,1
grooming,45232,45199,45232,33
rising,45255,45232,45255,23
stepping,45267,45255,45267,12
rearing,45311,45267,45311,44
grooming,45322,45311,45322,11
trotting,45334,45322,45334,12
walking,45355,45334,45355,21
sniffing,45455,45355,45455,100
trotting,45489,45455,45489,34
stepping,45512,45489,45512,23
grooming,45594,45512,45594,82
right_turning,45600,45594,45600,6
grooming,45601,45600,45601,1
left_turning,45602,45601,45602,1
rearing,45605,45602,45605,3
running,45632,45605,45632,27
left_turning,45651,45632,45651,19
sniffing,45730,45651,45730,79
grooming,45731,45730,45731,1
rearing,45803,45731,45803,72
stepping,45818,45803,45818,15
rearing,45846,45818,45846,28
grooming,45847,45846,45847,1
rearing,45871,45847,45871,24
rising,45882,45871,45882,11
stepping,45917,45882,45917,35
rearing,45918,45917,45918,1
stepping,45935,45918,45935,17
left_turning,45972,45935,45972,37
rearing,46048,45972,46048,76
jumping,46103,46048,46103,55
walking,46150,46103,46150,47
rising,46151,46150,46151,1
sniffing,46175,46151,46175,24
running,46193,46175,46193,18
sniffing,46194,46193,46194,1
stepping,46227,46194,46227,33
sniffing,46360,46227,46360,133
right_turning,46381,46360,46381,21
walking,46420,46381,46420,39
right_turning,46438,46420,46438,18
sniffing,46446,46438,46446,8
stepping,46474,46446,46474,28
walking,46532,46474,46532,58
grooming,47045,46532,47045,513
rising,47091,47045,47091,46
hunching,47114,47091,47114,23
grooming,47982,47114,47982,868
left_turning,47994,47982,47994,12
stepping,48002,47994,48002,8
walking,48010,48002,48010,8
stepping,48041,48010,48041,31
walking,48047,48041,48047,6
trotting,48064,48047,48064,17
right_turning,48073,48064,48073,9
walking,48087,48073,48087,14
left_turning,48154,48087,48154,67
walking,48196,48154,48196,42
sniffing,48198,48196,48198,2
left_turning,48237,48198,48237,39
walking,48247,48237,48247,10
stepping,48280,48247,48280,33
rising,48303,48280,48303,23
scratching,48307,48303,48307,4
grooming,48551,48307,48551,244
right_turning,48554,48551,48554,3
walking,48611,48554,48611,57
right_turning,48627,48611,48627,16
grooming,48628,48627,48628,1
right_turning,48673,48628,48673,45
stepping,48735,48673,48735,62
sniffing,48747,48735,48747,12
walking,48777,48747,48777,30
sniffing,48793,48777,48793,16
grooming,48794,48793,48794,1
hunching,48795,48794,48795,1
trotting,48855,48795,48855,60
walking,48861,48855,48861,6
sniffing,48867,48861,48867,6
stepping,48883,48867,48883,16
grooming,49014,48883,49014,131
climbing,49021,49014,49021,7
rising,49093,49021,49093,72
grooming,49094,49093,49094,1
sniffing,49186,49094,49186,92
rising,49228,49186,49228,42
walking,49243,49228,49243,15
stepping,49255,49243,49255,12
sniffing,49309,49255,49309,54
rearing,49365,49309,49365,56
left_turning,49422,49365,49422,57
rising,49442,49422,49442,20
climbing,49483,49442,49483,41
grooming,49484,49483,49484,1
left_turning,49503,49484,49503,19
walking,49535,49503,49535,32
sniffing,49555,49535,49555,20
climbing,49563,49555,49563,8
left_turning,49590,49563,49590,27
stepping,49608,49590,49608,18
sniffing,49673,49608,49673,65
grooming,49674,49673,49674,1
left_turning,49680,49674,49680,6
walking,49681,49680,49681,1
sniffing,49760,49681,49760,79
stepping,49792,49760,49792,32
walking,49814,49792,49814,22
sniffing,49831,49814,49831,17
walking,49845,49831,49845,14
trotting,49903,49845,49903,58
walking,49914,49903,49914,11
sniffing,49938,49914,49938,24
right_turning,49943,49938,49943,5
left_turning,49970,49943,49970,27
walking,49987,49970,49987,17
stepping,50028,49987,50028,41
rising,50087,50028,50087,59
right_turning,50089,50087,50089,2
walking,50125,50089,50125,36
rising,50165,50125,50165,40
climbing,50206,50165,50206,41
rising,50247,50206,50247,41
grooming,50497,50247,50497,250
sniffing,50557,50497,50557,60
rising,50558,50557,50558,1
grooming,50752,50558,50752,194
rearing,50814,50752,50814,62
grooming,50871,50814,50871,57
sniffing,50872,50871,50872,1
climbing,50927,50872,50927,55
rising,50928,50927,50928,1
climbing,50970,50928,50970,42
right_turning,50971,50970,50971,1
trotting,50980,50971,50980,9
walking,51002,50980,51002,22
rising,51022,51002,51022,20
grooming,51023,51022,51023,1
sniffing,51150,51023,51150,127
stepping,51165,51150,51165,15
sniffing,51181,51165,51181,16
stepping,51289,51181,51289,108
sniffing,51319,51289,51319,30
left_turning,51323,51319,51323,4
stepping,51374,51323,51374,51
sniffing,51410,51374,51410,36
scratching,51411,51410,51411,1
stepping,51469,51411,51469,58
grooming,51470,51469,51470,1
running,51493,51470,51493,23
trotting,51530,51493,51530,37
grooming,51815,51530,51815,285
scratching,51819,51815,51819,4
grooming,51868,51819,51868,49
hunching,51916,51868,51916,48
grooming,51917,51916,51917,1
rearing,51960,51917,51960,43
grooming,52355,51960,52355,395
sniffing,52365,52355,52365,10
grooming,52497,52365,52497,132
hunching,52578,52497,52578,81
rearing,52595,52578,52595,17
climbing,52660,52595,52660,65
running,52677,52660,52677,17
sniffing,52787,52677,52787,110
walking,52811,52787,52811,24
stepping,52834,52811,52834,23
grooming,52998,52834,52998,164
stepping,53039,52998,53039,41
walking,53071,53039,53071,32
sniffing,53094,53071,53094,23
rising,53120,53094,53120,26
grooming,53274,53120,53274,154
rearing,53348,53274,53348,74
grooming,53640,53348,53640,292
sniffing,53729,53640,53729,89
walking,53730,53729,53730,1
sniffing,53733,53730,53733,3
rearing,53750,53733,53750,17
climbing,53787,53750,53787,37
walking,53842,53787,53842,55
sniffing,53891,53842,53891,49
walking,53954,53891,53954,63
sniffing,54010,53954,54010,56
scratching,54079,54010,54079,69
rising,54080,54079,54080,1
rearing,54166,54080,54166,86
grooming,54284,54166,54284,118
sniffing,54376,54284,54376,92
walking,54397,54376,54397,21
trotting,54436,54397,54436,39
running,54457,54436,54457,21
walking,54530,54457,54530,73
rising,54582,54530,54582,52
rearing,54671,54582,54671,89
trotting,54705,54671,54705,34
stepping,54706,54705,54706,1
rising,54753,54706,54753,47
grooming,54811,54753,54811,58
sniffing,54845,54811,54845,34
stepping,54885,54845,54885,40
rearing,54980,54885,54980,95
hunching,55029,54980,55029,49
sniffing,55037,55029,55037,8
stepping,55054,55037,55054,17
walking,55102,55054,55102,48
sniffing,55308,55102,55308,206
stepping,55351,55308,55351,43
walking,55364,55351,55364,13
sniffing,55468,55364,55468,104
climbing,55529,55468,55529,61
running,55544,55529,55544,15
right_turning,55567,55544,55567,23
trotting,55573,55567,55573,6
sniffing,55632,55573,55632,59
right_turning,55634,55632,55634,2
walking,55705,55634,55705,71
sniffing,55706,55705,55706,1
grooming,55967,55706,55967,261
stepping,55976,55967,55976,9
sniffing,56005,55976,56005,29
right_turning,56049,56005,56049,44
trotting,56072,56049,56072,23
sniffing,56073,56072,56073,1
rising,56117,56073,56117,44
climbing,56248,56117,56248,131
rearing,56304,56248,56304,56
hunching,56305,56304,56305,1
rearing,56306,56305,56306,1
walking,56316,56306,56316,10
right_turning,56349,56316,56349,33
sniffing,56411,56349,56411,62
left_turning,56412,56411,56412,1
sniffing,56504,56412,56504,92
climbing,56596,56504,56596,92
sniffing,56624,56596,56624,28
grooming,56772,56624,56772,148
sniffing,56828,56772,56828,56
stepping,56848,56828,56848,20
sniffing,56891,56848,56891,43
grooming,57041,56891,57041,150
left_turning,57048,57041,57048,7
walking,57076,57048,57076,28
rising,57101,57076,57101,25
grooming,57227,57101,57227,126
hunching,57298,57227,57298,71
grooming,57299,57298,57299,1
climbing,57319,57299,57319,20
sniffing,57371,57319,57371,52
left_turning,57378,57371,57378,7
running,57413,57378,57413,35
jumping,57434,57413,57434,21
hunching,57546,57434,57546,112
grooming,57770,57546,57770,224
left_turning,57830,57770,57830,60
grooming,58171,57830,58171,341
climbing,58211,58171,58211,40
rising,58253,58211,58253,42
stepping,58274,58253,58274,21
grooming,58536,58274,58536,262
scratching,58537,58536,58537,1
sniffing,58538,58537,58538,1
left_turning,58705,58538,58705,167
climbing,58725,58705,58725,20
trotting,58737,58725,58737,12
running,58762,58737,58762,25
sniffing,58835,58762,58835,73
stepping,58851,58835,58851,16
left_turning,58866,58851,58866,15
walking,58894,58866,58894,28
sniffing,58940,58894,58940,46
stepping,58976,58940,58976,36
grooming,59165,58976,59165,189
rearing,59203,59165,59203,38
climbing,59249,59203,59249,46
grooming,59472,59249,59472,223
scratching,59491,59472,59491,19
grooming,59492,59491,59492,1
sniffing,59493,59492,59493,1
right_turning,59520,59493,59520,27
stepping,59575,59520,59575,55
right_turning,59582,59575,59582,7
walking,59625,59582,59625,43
rising,59648,59625,59648,23
climbing,59777,59648,59777,129
left_turning,59818,59777,59818,41
trotting,59834,59818,59834,16
rising,59868,59834,59868,34
sniffing,59936,59868,59936,68
grooming,60049,59936,60049,113
sniffing,60107,60049,60107,58
walking,60121,60107,60121,14
sniffing,60145,60121,60145,24
left_turning,60167,60145,60167,22
walking,60178,60167,60178,11
stepping,60179,60178,60179,1
running,60196,60179,60196,17
climbing,60217,60196,60217,21
rearing,60268,60217,60268,51
grooming,60429,60268,60429,161
climbing,60439,60429,60439,10
grooming,60721,60439,60721,282
running,60737,60721,60737,16
sniffing,60742,60737,60742,5
walking,60744,60742,60744,2
grooming,60745,60744,60745,1
rearing,60793,60745,60793,48
grooming,60794,60793,60794,1
stepping,60823,60794,60823,29
sniffing,60863,60823,60863,40
walking,60879,60863,60879,16
sniffing,60880,60879,60880,1
climbing,60923,60880,60923,43
grooming,61271,60923,61271,348
left_turning,61302,61271,61302,31
stepping,61379,61302,61379,77
rearing,61398,61379,61398,19
climbing,61426,61398,61426,28
grooming,61427,61426,61427,1
climbing,61452,61427,61452,25
walking,61472,61452,61472,20
stepping,61518,61472,61518,46
sniffing,61586,61518,61586,68
walking,61615,61586,61615,29
sniffing,61752,61615,61752,137
grooming,61769,61752,61769,17
sniffing,61817,61769,61817,48
walking,61823,61817,61823,6
sniffing,61854,61823,61854,31
right_turning,61891,61854,61891,37
stepping,61915,61891,61915,24
sniffing,61961,61915,61961,46
grooming,62186,61961,62186,225
rearing,62235,62186,62235,49
jumping,62264,62235,62264,29
trotting,62295,62264,62295,31
walking,62296,62295,62296,1
sniffing,62375,62296,62375,79
grooming,62514,62375,62514,139
left_turning,62517,62514,62517,3
walking,62548,62517,62548,31
stepping,62573,62548,62573,25
rising,62619,62573,62619,46
climbing,62648,62619,62648,29
trotting,62672,62648,62672,24
stepping,62709,62672,62709,37
sniffing,62785,62709,62785,76
stepping,62818,62785,62818,33
grooming,62958,62818,62958,140
sniffing,62981,62958,62981,23
grooming,62982,62981,62982,1
climbing,63003,62982,63003,21
rearing,63057,63003,63057,54
climbing,63105,63057,63105,48
grooming,63208,63105,63208,103
sniffing,63269,63208,63269,61
walking,63288,63269,63288,19
climbing,63338,63288,63338,50
grooming,63427,63338,63427,89
hunching,63616,63427,63616,189
grooming,63617,63616,63617,1
hunching,63659,63617,63659,42
rising,63661,63659,63661,2
sniffing,63773,63661,63773,112
walking,63799,63773,63799,26
stepping,63828,63799,63828,29
rearing,63944,63828,63944,116
rising,63945,63944,63945,1
grooming,63946,63945,63946,1
trotting,63977,63946,63977,31
right_turning,63990,63977,63990,13
walking,64008,63990,64008,18
stepping,64107,64008,64107,99
sniffing,64165,64107,64165,58
right_turning,64166,64165,64166,1
grooming,64239,64166,64239,73
trotting,64261,64239,64261,22
walking,64283,64261,64283,22
stepping,64297,64283,64297,14
sniffing,64325,64297,64325,28
stepping,64365,64325,64365,40
sniffing,64474,64365,64474,109
walking,64518,64474,64518,44
sniffing,64589,64518,64589,71
climbing,64604,64589,64604,15
walking,64621,64604,64621,17
sniffing,64654,64621,64654,33
right_turning,64671,64654,64671,17
stepping,64694,64671,64694,23
sniffing,64762,64694,64762,68
climbing,64840,64762,64840,78
trotting,64865,64840,64865,25
walking,64897,64865,64897,32
stepping,65062,64897,65062,165
sniffing,65118,65062,65118,56
trotting,65151,65118,65151,33
right_turning,65183,65151,65183,32
walking,65225,65183,65225,42
stepping,65281,65225,65281,56
climbing,65300,65281,65300,19
sniffing,65316,65300,65316,16
right_turning,65349,65316,65349,33
grooming,65571,65349,65571,222
sniffing,65615,65571,65615,44
rearing,65616,65615,65616,1
grooming,65764,65616,65764,148
rearing,65783,65764,65783,19
rising,65811,65783,65811,28
climbing,65860,65811,65860,49
left_turning,65886,65860,65886,26
sniffing,66160,65886,66160,274
trotting,66181,66160,66181,21
sniffing,66223,66181,66223,42
walking,66256,66223,66256,33
grooming,66257,66256,66257,1
climbing,66291,66257,66291,34
left_turning,66292,66291,66292,1
walking,66296,66292,66296,4
sniffing,66304,66296,66304,8
trotting,66305,66304,66305,1
climbing,66360,66305,66360,55
rising,66361,66360,66361,1
climbing,66404,66361,66404,43
rearing,66528,66404,66528,124
climbing,66534,66528,66534,6
right_turning,66564,66534,66564,30
stepping,66572,66564,66572,8
walking,66585,66572,66585,13
sniffing,66688,66585,66688,103
right_turning,66726,66688,66726,38
stepping,66753,66726,66753,27
sniffing,66762,66753,66762,9
walking,66763,66762,66763,1
sniffing,66862,66763,66862,99
rising,66877,66862,66877,15
rearing,66886,66877,66886,9
grooming,67686,66886,67686,800
sniffing,67731,67686,67731,45
walking,67750,67731,67750,19
sniffing,67807,67750,67807,57
grooming,67892,67807,67892,85
rising,67898,67892,67898,6
climbing,67931,67898,67931,33
sniffing,67965,67931,67965,34
stepping,67981,67965,67981,16
sniffing,68005,67981,68005,24
trotting,68022,68005,68022,17
walking,68048,68022,68048,26
sniffing,68049,68048,68049,1
walking,68112,68049,68112,63
sniffing,68121,68112,68121,9
rising,68122,68121,68122,1
climbing,68192,68122,68192,70
walking,68209,68192,68209,17
trotting,68225,68209,68225,16
sniffing,68288,68225,68288,63
stepping,68314,68288,68314,26
climbing,68315,68314,68315,1
running,68328,68315,68328,13
walking,68329,68328,68329,1
left_turning,68350,68329,68350,21
walking,68404,68350,68404,54
rearing,68545,68404,68545,141
climbing,68590,68545,68590,45
grooming,68603,68590,68603,13
stepping,68604,68603,68604,1
sniffing,68675,68604,68675,71
walking,68690,68675,68690,15
rising,68756,68690,68756,66
grooming,68868,68756,68868,112
rearing,68932,68868,68932,64
stepping,68966,68932,68966,34
sniffing,69010,68966,69010,44
stepping,69074,69010,69074,64
sniffing,69088,69074,69088,14
walking,69112,69088,69112,24
sniffing,69155,69112,69155,43
grooming,69284,69155,69284,129
left_turning,69308,69284,69308,24
sniffing,69309,69308,69309,1
rising,69334,69309,69334,25
left_turning,69401,69334,69401,67
sniffing,69438,69401,69438,37
hunching,69490,69438,69490,52
left_turning,69537,69490,69537,47
sniffing,69683,69537,69683,146
right_turning,69688,69683,69688,5
sniffing,69705,69688,69705,17
left_turning,69745,69705,69745,40
rising,69768,69745,69768,23
climbing,69839,69768,69839,71
right_turning,69873,69839,69873,34
walking,69893,69873,69893,20
sniffing,70024,69893,70024,131
trotting,70027,70024,70027,3
walking,70109,70027,70109,82
stepping,70203,70109,70203,94
sniffing,70361,70203,70361,158
walking,70399,70361,70399,38
jumping,70433,70399,70433,34
left_turning,70499,70433,70499,66
walking,70534,70499,70534,35
stepping,70560,70534,70560,26
sniffing,70612,70560,70612,52
rising,70627,70612,70627,15
climbing,70671,70627,70671,44
rising,70875,70671,70875,204
rearing,70902,70875,70902,27
rising,70930,70902,70930,28
hunching,70936,70930,70936,6
walking,70979,70936,70979,43
stepping,71051,70979,71051,72
climbing,71056,71051,71056,5
rising,71103,71056,71103,47
climbing,71145,71103,71145,42
walking,71159,71145,71159,14
sniffing,71182,71159,71182,23
rising,71212,71182,71212,30
rearing,71286,71212,71286,74
climbing,71321,71286,71321,35
walking,71350,71321,71350,29
right_turning,71367,71350,71367,17
stepping,71410,71367,71410,43
sniffing,71461,71410,71461,51
stepping,71517,71461,71517,56
sniffing,71554,71517,71554,37
stepping,71563,71554,71563,9
left_turning,71571,71563,71571,8
sniffing,71572,71571,71572,1
walking,71642,71572,71642,70
sniffing,71676,71642,71676,34
left_turning,71742,71676,71742,66
sniffing,71924,71742,71924,182
stepping,71993,71924,71993,69
trotting,72010,71993,72010,17
rising,72033,72010,72033,23
climbing,72087,72033,72087,54
grooming,72152,72087,72152,65
stepping,72186,72152,72186,34
grooming,72187,72186,72187,1
stepping,72221,72187,72221,34
walking,72248,72221,72248,27
climbing,72340,72248,72340,92
grooming,72500,72340,72500,160
rearing,72509,72500,72509,9
grooming,72554,72509,72554,45
sniffing,72603,72554,72603,49
grooming,72832,72603,72832,229
rising,72853,72832,72853,21
grooming,73100,72853,73100,247
walking,73133,73100,73133,33
sniffing,73183,73133,73183,50
walking,73217,73183,73217,34
stepping,73245,73217,73245,28
walking,73272,73245,73272,27
stepping,73277,73272,73277,5
sniffing,73353,73277,73353,76
walking,73382,73353,73382,29
sniffing,73392,73382,73392,10
grooming,73599,73392,73599,207
climbing,73634,73599,73634,35
stepping,73640,73634,73640,6
grooming,73641,73640,73641,1
rearing,73649,73641,73649,8
grooming,73816,73649,73816,167
hunching,73875,73816,73875,59
left_turning,73931,73875,73931,56
stepping,73958,73931,73958,27
rising,73971,73958,73971,13
stepping,73989,73971,73989,18
rising,73999,73989,73999,10
left_turning,74037,73999,74037,38
sniffing,74073,74037,74073,36
hunching,74101,74073,74101,28
rearing,74142,74101,74142,41
grooming,74208,74142,74208,66
rearing,74280,74208,74280,72
running,74317,74280,74317,37
walking,74345,74317,74345,28
stepping,74370,74345,74370,25
walking,74372,74370,74372,2
sniffing,74407,74372,74407,35
grooming,74656,74407,74656,249
left_turning,74704,74656,74704,48
rearing,74716,74704,74716,12
stepping,74735,74716,74735,19
rising,74788,74735,74788,53
sniffing,74789,74788,74789,1
running,74812,74789,74812,23
rising,74813,74812,74813,1
climbing,74886,74813,74886,73
left_turning,74922,74886,74922,36
trotting,74955,74922,74955,33
sniffing,74998,74955,74998,43
stepping,75028,74998,75028,30
rearing,75029,75028,75029,1
grooming,75030,75029,75030,1
climbing,75068,75030,75068,38
stepping,75069,75068,75069,1
sniffing,75070,75069,75070,1
walking,75080,75070,75080,10
stepping,75098,75080,75098,18
sniffing,75099,75098,75099,1
stepping,75112,75099,75112,13
walking,75121,75112,75121,9
sniffing,75130,75121,75130,9
left_turning,75188,75130,75188,58
grooming,75684,75188,75684,496
walking,75685,75684,75685,1
running,75711,75685,75711,26
rising,75712,75711,75712,1
stepping,75742,75712,75742,30
walking,75765,75742,75765,23
sniffing,75812,75765,75812,47
climbing,75860,75812,75860,48
grooming,77279,75860,77279,1419
rising,77312,77279,77312,33
grooming,77313,77312,77313,1
sniffing,77382,77313,77382,69
trotting,77405,77382,77405,23
stepping,77417,77405,77417,12
grooming,77418,77417,77418,1
rearing,77542,77418,77542,124
grooming,77747,77542,77747,205
sniffing,77769,77747,77769,22
right_turning,77805,77769,77805,36
walking,77830,77805,77830,25
sniffing,77839,77830,77839,9
grooming,77840,77839,77840,1
sniffing,77903,77840,77903,63
stepping,77955,77903,77955,52
walking,77969,77955,77969,14
stepping,77998,77969,77998,29
rising,78054,77998,78054,56
left_turning,78111,78054,78111,57
walking,78142,78111,78142,31
sniffing,78150,78142,78150,8
right_turning,78166,78150,78166,16
walking,78168,78166,78168,2
stepping,78172,78168,78172,4
sniffing,78248,78172,78248,76
right_turning,78272,78248,78272,24
stepping,78302,78272,78302,30
sniffing,78303,78302,78303,1
climbing,78376,78303,78376,73
grooming,78377,78376,78377,1
climbing,78414,78377,78414,37
hunching,78455,78414,78455,41
rearing,78498,78455,78498,43
walking,78502,78498,78502,4
stepping,78510,78502,78510,8
walking,78524,78510,78524,14
trotting,78525,78524,78525,1
stepping,78526,78525,78526,1
sniffing,78557,78526,78557,31
rearing,78569,78557,78569,12
grooming,78692,78569,78692,123
hunching,78693,78692,78693,1
grooming,78872,78693,78872,179
right_turning,78905,78872,78905,33
sniffing,78973,78905,78973,68
stepping,79031,78973,79031,58
sniffing,79091,79031,79091,60
climbing,79100,79091,79100,9
running,79102,79100,79102,2
climbing,79127,79102,79127,25
walking,79166,79127,79166,39
sniffing,79215,79166,79215,49
rearing,79305,79215,79305,90
stepping,79335,79305,79335,30
sniffing,79352,79335,79352,17
rising,79390,79352,79390,38
right_turning,79394,79390,79394,4
sniffing,79466,79394,79466,72
right_turning,79475,79466,79475,9
rearing,79500,79475,79500,25
grooming,79501,79500,79501,1
rising,79519,79501,79519,18
rearing,79565,79519,79565,46
hunching,79583,79565,79583,18
walking,79584,79583,79584,1
rising,79600,79584,79600,16
stepping,79639,79600,79639,39
sniffing,79661,79639,79661,22
left_turning,79682,79661,79682,21
grooming,79828,79682,79828,146
scratching,79954,79828,79954,126
sniffing,79972,79954,79972,18
climbing,80035,79972,80035,63
right_turning,80036,80035,80036,1
walking,80058,80036,80058,22
trotting,80076,80058,80076,18
sniffing,80175,80076,80175,99
stepping,80208,80175,80208,33
sniffing,80215,80208,80215,7
left_turning,80217,80215,80217,2
grooming,80328,80217,80328,111
rising,80329,80328,80329,1
rearing,80330,80329,80330,1
climbing,80332,80330,80332,2
walking,80336,80332,80336,4
stepping,80383,80336,80383,47
walking,80444,80383,80444,61
stepping,80456,80444,80456,12
walking,80500,80456,80500,44
scratching,80507,80500,80507,7
grooming,80508,80507,80508,1
rearing,80518,80508,80518,10
grooming,80535,80518,80535,17
rising,80555,80535,80555,20
climbing,80637,80555,80637,82
trotting,80672,80637,80672,35
walking,80689,80672,80689,17
right_turning,80716,80689,80716,27
walking,80722,80716,80722,6
sniffing,80773,80722,80773,51
right_turning,80808,80773,80808,35
walking,80836,80808,80836,28
stepping,80853,80836,80853,17
sniffing,80855,80853,80855,2
stepping,80868,80855,80868,13
walking,80882,80868,80882,14
sniffing,80913,80882,80913,31
rising,80944,80913,80944,31
climbing,81018,80944,81018,74
walking,81021,81018,81021,3
sniffing,81107,81021,81107,86
rearing,81108,81107,81108,1
stepping,81117,81108,81117,9
rearing,81206,81117,81206,89
grooming,81261,81206,81261,55
hunching,81334,81261,81334,73
rising,81363,81334,81363,29
grooming,81364,81363,81364,1
rearing,81458,81364,81458,94
sniffing,81513,81458,81513,55
stepping,81565,81513,81565,52
sniffing,81771,81565,81771,206
rising,81797,81771,81797,26
sniffing,81866,81797,81866,69
stepping,81942,81866,81942,76
sniffing,82021,81942,82021,79
right_turning,82044,82021,82044,23
rising,82073,82044,82073,29
grooming,82074,82073,82074,1
rearing,82179,82074,82179,105
grooming,82323,82179,82323,144
sniffing,82375,82323,82375,52
walking,82389,82375,82389,14
stepping,82390,82389,82390,1
walking,82437,82390,82437,47
rising,82472,82437,82472,35
walking,82533,82472,82533,61
stepping,82546,82533,82546,13
rearing,82652,82546,82652,106
grooming,82730,82652,82730,78
rearing,82820,82730,82820,90
left_turning,82873,82820,82873,53
rising,82900,82873,82900,27
rearing,83217,82900,83217,317
climbing,83274,83217,83274,57
grooming,83275,83274,83275,1
sniffing,83346,83275,83346,71
pausing,83715,83346,83715,369
sniffing,83716,83715,83716,1
grooming,83876,83716,83876,160
rearing,83912,83876,83912,36
trotting,83934,83912,83934,22
rearing,83979,83934,83979,45
grooming,84102,83979,84102,123
left_turning,84107,84102,84107,5
stepping,84134,84107,84134,27
walking,84160,84134,84160,26
rearing,84291,84160,84291,131
rising,84347,84291,84347,56
climbing,84393,84347,84393,46
grooming,84521,84393,84521,128
rearing,84528,84521,84528,7
grooming,85420,84528,85420,892
rising,85421,85420,85421,1
climbing,85459,85421,85459,38
stepping,85497,85459,85497,38
walking,85498,85497,85498,1
sniffing,85580,85498,85580,82
walking,85600,85580,85600,20
stepping,85665,85600,85665,65
hunching,85855,85665,85855,190
grooming,85986,85855,85986,131
scratching,85987,85986,85987,1
grooming,85988,85987,85988,1
climbing,86026,85988,86026,38
trotting,86037,86026,86037,11
sniffing,86058,86037,86058,21
right_turning,86100,86058,86100,42
rearing,86172,86100,86172,72
left_turning,86189,86172,86189,17
trotting,86203,86189,86203,14
rearing,86217,86203,86217,14
sniffing,86257,86217,86257,40
walking,86300,86257,86300,43
stepping,86376,86300,86376,76
trotting,86393,86376,86393,17
walking,86394,86393,86394,1
climbing,86416,86394,86416,22
walking,86417,86416,86417,1
sniffing,86461,86417,86461,44
rising,86462,86461,86462,1
sniffing,86524,86462,86524,62
walking,86554,86524,86554,30
sniffing,86562,86554,86562,8
grooming,86954,86562,86954,392
scratching,87029,86954,87029,75
grooming,87267,87029,87267,238
rearing,87348,87267,87348,81
climbing,87411,87348,87411,63
walking,87434,87411,87434,23
stepping,87459,87434,87459,25
sniffing,87493,87459,87493,34
trotting,87517,87493,87517,24
running,87552,87517,87552,35
walking,87590,87552,87590,38
sniffing,87615,87590,87615,25
walking,87653,87615,87653,38
stepping,87670,87653,87670,17
rearing,87729,87670,87729,59
rising,87787,87729,87787,58
sniffing,87901,87787,87901,114
grooming,87927,87901,87927,26
sniffing,87938,87927,87938,11
rising,87960,87938,87960,22
rearing,87963,87960,87963,3
grooming,88121,87963,88121,158
rearing,88122,88121,88122,1
rising,88171,88122,88171,49
rearing,88243,88171,88243,72
hunching,88399,88243,88399,156
rearing,88410,88399,88410,11
walking,88411,88410,88411,1
rearing,88442,88411,88442,31
walking,88465,88442,88465,23
sniffing,88466,88465,88466,1
walking,88475,88466,88475,9
sniffing,88476,88475,88476,1
left_turning,88477,88476,88477,1
climbing,88521,88477,88521,44
left_turning,88524,88521,88524,3
sniffing,88554,88524,88554,30
walking,88557,88554,88557,3
sniffing,88670,88557,88670,113
stepping,88730,88670,88730,60
walking,88734,88730,88734,4
sniffing,88735,88734,88735,1
left_turning,88757,88735,88757,22
grooming,88862,88757,88862,105
sniffing,88863,88862,88863,1
stepping,88864,88863,88864,1
walking,88908,88864,88908,44
stepping,88935,88908,88935,27
sniffing,88987,88935,88987,52
stepping,88996,88987,88996,9
sniffing,89047,88996,89047,51
walking,89048,89047,89048,1
grooming,89049,89048,89049,1
rearing,89121,89049,89121,72
hunching,89180,89121,89180,59
grooming,89181,89180,89181,1
stepping,89182,89181,89182,1
sniffing,89229,89182,89229,47
walking,89261,89229,89261,32
stepping,89310,89261,89310,49
sniffing,89359,89310,89359,49
running,89379,89359,89379,20
walking,89411,89379,89411,32
trotting,89448,89411,89448,37
walking,89486,89448,89486,38
rising,89514,89486,89514,28
rearing,89515,89514,89515,1
hunching,89601,89515,89601,86
grooming,89646,89601,89646,45
left_turning,89647,89646,89647,1
walking,89660,89647,89660,13
sniffing,89722,89660,89722,62
left_turning,89723,89722,89723,1
running,89742,89723,89742,19
right_turning,89751,89742,89751,9
walking,89784,89751,89784,33
stepping,89792,89784,89792,8
sniffing,89805,89792,89805,13
right_turning,89827,89805,89827,22
rising,89858,89827,89858,31
walking,89872,89858,89872,14
stepping,89912,89872,89912,40
sniffing,89994,89912,89994,82
grooming,90324,89994,90324,330
rearing,90406,90324,90406,82
sniffing,90428,90406,90428,22
rearing,90469,90428,90469,41
rising,90479,90469,90479,10
climbing,90521,90479,90521,42
walking,90548,90521,90548,27
trotting,90563,90548,90563,15
walking,90587,90563,90587,24
sniffing,90663,90587,90663,76
left_turning,90694,90663,90694,31
rearing,90764,90694,90764,70
grooming,90765,90764,90765,1
sniffing,90813,90765,90813,48
rising,90818,90813,90818,5
climbing,90884,90818,90884,66
grooming,90983,90884,90983,99
left_turning,91009,90983,91009,26
climbing,91073,91009,91073,64
hunching,91132,91073,91132,59
grooming,91189,91132,91189,57
rearing,91190,91189,91190,1
hunching,91263,91190,91263,73
sniffing,91277,91263,91277,14
walking,91379,91277,91379,102
stepping,91416,91379,91416,37
sniffing,91489,91416,91489,73
left_turning,91526,91489,91526,37
rearing,91527,91526,91527,1
walking,91533,91527,91533,6
sniffing,91547,91533,91547,14
grooming,91833,91547,91833,286
sniffing,91900,91833,91900,67
stepping,91901,91900,91901,1
sniffing,91931,91901,91931,30
hunching,91946,91931,91946,15
rearing,91970,91946,91970,24
stepping,91998,91970,91998,28
rising,91999,91998,91999,1
right_turning,92010,91999,92010,11
stepping,92040,92010,92040,30
grooming,92041,92040,92041,1
rearing,92095,92041,92095,54
sniffing,92216,92095,92216,121
stepping,92242,92216,92242,26
grooming,92250,92242,92250,8
climbing,92251,92250,92251,1
running,92256,92251,92256,5
left_turning,92309,92256,92309,53
walking,92310,92309,92310,1
stepping,92333,92310,92333,23
sniffing,92364,92333,92364,31
walking,92382,92364,92382,18
right_turning,92393,92382,92393,11
walking,92416,92393,92416,23
running,92443,92416,92443,27
stepping,92479,92443,92479,36
rising,92497,92479,92497,18
sniffing,92503,92497,92503,6
rising,92511,92503,92511,8
sniffing,92535,92511,92535,24
walking,92573,92535,92573,38
sniffing,92604,92573,92604,31
rising,92626,92604,92626,22
rearing,92627,92626,92627,1
grooming,92810,92627,92810,183
rearing,92811,92810,92811,1
climbing,92869,92811,92869,58
stepping,92907,92869,92907,38
sniffing,92929,92907,92929,22
walking,92949,92929,92949,20
sniffing,92953,92949,92953,4
rising,92979,92953,92979,26
sniffing,93016,92979,93016,37
rearing,93094,93016,93094,78
rising,93109,93094,93109,15
climbing,93155,93109,93155,46
stepping,93156,93155,93156,1
walking,93172,93156,93172,16
sniffing,93246,93172,93246,74
walking,93294,93246,93294,48
stepping,93341,93294,93341,47
sniffing,93342,93341,93342,1
grooming,93343,93342,93343,1
sniffing,93349,93343,93349,6
walking,93385,93349,93385,36
stepping,93431,93385,93431,46
walking,93443,93431,93443,12
sniffing,93456,93443,93456,13
scratching,93519,93456,93519,63
walking,93526,93519,93526,7
sniffing,93716,93526,93716,190
walking,93737,93716,93737,21
sniffing,93738,93737,93738,1
rearing,93813,93738,93813,75
grooming,93869,93813,93869,56
rearing,93870,93869,93870,1
grooming,93871,93870,93871,1
rearing,93872,93871,93872,1
hunching,94215,93872,94215,343
left_turning,94282,94215,94282,67
rearing,94405,94282,94405,123
right_turning,94416,94405,94416,11
walking,94451,94416,94451,35
sniffing,94462,94451,94462,11
rising,94482,94462,94482,20
sniffing,94483,94482,94483,1
grooming,94556,94483,94556,73
trotting,94565,94556,94565,9
stepping,94584,94565,94584,19
sniffing,94648,94584,94648,64
rising,94653,94648,94653,5
sniffing,94654,94653,94654,1
left_turning,94689,94654,94689,35
walking,94777,94689,94777,88
trotting,94786,94777,94786,9
sniffing,94787,94786,94787,1
grooming,95041,94787,95041,254
rising,95042,95041,95042,1
walking,95068,95042,95068,26
grooming,95093,95068,95093,25
sniffing,95167,95093,95167,74
grooming,95177,95167,95177,10
hunching,95178,95177,95178,1
left_turning,95179,95178,95179,1
sniffing,95229,95179,95229,50
rising,95255,95229,95255,26
sniffing,95288,95255,95288,33
stepping,95332,95288,95332,44
sniffing,95347,95332,95347,15
stepping,95396,95347,95396,49
sniffing,95432,95396,95432,36
walking,95452,95432,95452,20
sniffing,95472,95452,95472,20
left_turning,95554,95472,95554,82
rearing,95577,95554,95577,23
climbing,95640,95577,95640,63
walking,95658,95640,95658,18
stepping,95675,95658,95675,17
walking,95684,95675,95684,9
stepping,95703,95684,95703,19
sniffing,95739,95703,95739,36
rising,95754,95739,95754,15
rearing,95783,95754,95783,29
climbing,95849,95783,95849,66
walking,95855,95849,95855,6
trotting,95883,95855,95883,28
sniffing,96207,95883,96207,324
hunching,96222,96207,96222,15
rearing,96383,96222,96383,161
climbing,96426,96383,96426,43
sniffing,96509,96426,96509,83
stepping,96539,96509,96539,30
walking,96550,96539,96550,11
sniffing,96687,96550,96687,137
walking,96703,96687,96703,16
grooming,96733,96703,96733,30
rearing,96734,96733,96734,1
stepping,96762,96734,96762,28
left_turning,96770,96762,96770,8
stepping,96788,96770,96788,18
sniffing,96918,96788,96918,130
right_turning,96977,96918,96977,59
rising,97002,96977,97002,25
climbing,97058,97002,97058,56
stepping,97091,97058,97091,33
sniffing,97229,97091,97229,138
rearing,97289,97229,97289,60
hunching,97291,97289,97291,2
grooming,97409,97291,97409,118
rearing,97488,97409,97488,79
sniffing,97561,97488,97561,73
scratching,97562,97561,97562,1
right_turning,97603,97562,97603,41
trotting,97605,97603,97605,2
stepping,97606,97605,97606,1
walking,97676,97606,97676,70
sniffing,97687,97676,97687,11
climbing,97745,97687,97745,58
left_turning,97784,97745,97784,39
stepping,97861,97784,97861,77
left_turning,97862,97861,97862,1
climbing,97866,97862,97866,4
left_turning,97882,97866,97882,16
stepping,97926,97882,97926,44
climbing,97951,97926,97951,25
walking,97967,97951,97967,16
sniffing,97988,97967,97988,21
walking,98012,97988,98012,24
sniffing,98013,98012,98013,1
grooming,98014,98013,98014,1
rearing,98016,98014,98016,2
climbing,98061,98016,98061,45
left_turning,98077,98061,98077,16
climbing,98107,98077,98107,30
sniffing,98130,98107,98130,23
stepping,98161,98130,98161,31
rearing,98168,98161,98168,7
stepping,98235,98168,98235,67
sniffing,98282,98235,98282,47
grooming,98283,98282,98283,1
trotting,98297,98283,98297,14
sniffing,98340,98297,98340,43
stepping,98363,98340,98363,23
sniffing,98380,98363,98380,17
rising,98397,98380,98397,17
sniffing,98398,98397,98398,1
right_turning,98416,98398,98416,18
running,98447,98416,98447,31
trotting,98471,98447,98471,24
walking,98526,98471,98526,55
climbing,98557,98526,98557,31
walking,98579,98557,98579,22
stepping,98580,98579,98580,1
rearing,98739,98580,98739,159
grooming,98804,98739,98804,65
rearing,98835,98804,98835,31
stepping,98862,98835,98862,27
walking,98863,98862,98863,1
rearing,99051,98863,99051,188
walking,99081,99051,99081,30
sniffing,99108,99081,99108,27
rearing,99307,99108,99307,199
left_turning,99329,99307,99329,22
sniffing,99348,99329,99348,19
stepping,99380,99348,99380,32
sniffing,99409,99380,99409,29
left_turning,99447,99409,99447,38
sniffing,99484,99447,99484,37
rising,99511,99484,99511,27
rearing,99645,99511,99645,134
grooming,99646,99645,99646,1
left_turning,99654,99646,99654,8
walking,99701,99654,99701,47
sniffing,99702,99701,99702,1
stepping,99715,99702,99715,13
grooming,99851,99715,99851,136
left_turning,99864,99851,99864,13
walking,99903,99864,99903,39
climbing,100030,99903,100030,127
grooming,100336,100030,100336,306
rearing,100374,100336,100374,38
rising,100375,100374,100375,1
grooming,100580,100375,100580,205
sniffing,100581,100580,100581,1
rising,100721,100581,100721,140
walking,100737,100721,100737,16
stepping,100816,100737,100816,79
rising,100846,100816,100846,30
walking,100865,100846,100865,19
stepping,100881,100865,100881,16
trotting,100899,100881,100899,18
stepping,100935,100899,100935,36
walking,101007,100935,101007,72
sniffing,101101,101007,101101,94
walking,101128,101101,101128,27
sniffing,101212,101128,101212,84
left_turning,101242,101212,101242,30
rising,101331,101242,101331,89
climbing,101346,101331,101346,15
rearing,101380,101346,101380,34
walking,101394,101380,101394,14
rearing,101435,101394,101435,41
hunching,101586,101435,101586,151
grooming,101587,101586,101587,1
walking,101626,101587,101626,39
sniffing,101634,101626,101634,8
climbing,101662,101634,101662,28
grooming,102145,101662,102145,483
right_turning,102161,102145,102161,16
stepping,102189,102161,102189,28
grooming,102318,102189,102318,129
rearing,102402,102318,102402,84
sniffing,102442,102402,102442,40
grooming,102443,102442,102443,1
climbing,102446,102443,102446,3
walking,102471,102446,102471,25
sniffing,102526,102471,102526,55
walking,102538,102526,102538,12
climbing,102568,102538,102568,30
stepping,102604,102568,102604,36
rising,102645,102604,102645,41
rearing,102760,102645,102760,115
climbing,103041,102760,103041,281
rising,103318,103041,103318,277
climbing,103400,103318,103400,82
rearing,103505,103400,103505,105
sniffing,103608,103505,103608,103
stepping,103635,103608,103635,27
sniffing,103687,103635,103687,52
stepping,103703,103687,103703,16
walking,103704,103703,103704,1
sniffing,103705,103704,103705,1
rising,103780,103705,103780,75
grooming,103871,103780,103871,91
rising,103911,103871,103911,40
climbing,103938,103911,103938,27
left_turning,104112,103938,104112,174
scratching,104267,104112,104267,155
sniffing,104268,104267,104268,1
stepping,104269,104268,104269,1
climbing,104310,104269,104310,41
rearing,104327,104310,104327,17
climbing,104359,104327,104359,32
grooming,104453,104359,104453,94
rearing,104538,104453,104538,85
grooming,104649,104538,104649,111
stepping,104704,104649,104704,55
sniffing,104739,104704,104739,35
left_turning,104794,104739,104794,55
grooming,104842,104794,104842,48
left_turning,104875,104842,104875,33
sniffing,104913,104875,104913,38
grooming,104992,104913,104992,79
rearing,104996,104992,104996,4
rising,105030,104996,105030,34
rearing,105100,105030,105100,70
grooming,105137,105100,105137,37
sniffing,105202,105137,105202,65
rising,105229,105202,105229,27
grooming,105379,105229,105379,150
sniffing,105431,105379,105431,52
grooming,105551,105431,105551,120
sniffing,105558,105551,105558,7
grooming,106059,105558,106059,501
sniffing,106117,106059,106117,58
left_turning,106126,106117,106126,9
sniffing,106140,106126,106140,14
walking,106184,106140,106184,44
left_turning,106185,106184,106185,1
sniffing,106219,106185,106219,34
rising,106253,106219,106253,34
climbing,106254,106253,106254,1
rearing,106323,106254,106323,69
grooming,107913,106323,107913,1590
rearing,107983,107913,107983,70
sniffing,108000,107983,108000,17
