revised_movement_label,segBoundary,segBoundary_start,segBoundary_end,length
grooming,1,0,1,1
sniffing,2,1,2,1
rising,63,2,63,61
climbing,71,63,71,8
sniffing,120,71,120,49
rising,356,120,356,236
sniffing,416,356,416,60
left_turning,462,416,462,46
trotting,463,462,463,1
walking,509,463,509,46
rising,510,509,510,1
walking,558,510,558,48
stepping,582,558,582,24
walking,611,582,611,29
trotting,659,611,659,48
rising,685,659,685,26
trotting,706,685,706,21
stepping,723,706,723,17
rising,727,723,727,4
sniffing,736,727,736,9
left_turning,740,736,740,4
trotting,770,740,770,30
walking,774,770,774,4
stepping,802,774,802,28
sniffing,837,802,837,35
rising,897,837,897,60
grooming,898,897,898,1
rearing,994,898,994,96
rising,1107,994,1107,113
rearing,1162,1107,1162,55
stepping,1166,1162,1166,4
sniffing,1169,1166,1169,3
walking,1212,1169,1212,43
rising,1228,1212,1228,16
rearing,1414,1228,1414,186
sniffing,1465,1414,1465,51
grooming,1466,1465,1466,1
sniffing,1467,1466,1467,1
walking,1500,1467,1500,33
sniffing,1591,1500,1591,91
running,1596,1591,1596,5
trotting,1643,1596,1643,47
running,1674,1643,1674,31
trotting,1675,1674,1675,1
sniffing,1725,1675,1725,50
rising,1766,1725,1766,41
left_turning,1827,1766,1827,61
walking,1892,1827,1892,65
running,1901,1892,1901,9
trotting,1903,1901,1903,2
stepping,1943,1903,1943,40
sniffing,1954,1943,1954,11
hunching,2081,1954,2081,127
rising,2179,2081,2179,98
rearing,2226,2179,2226,47
grooming,2304,2226,2304,78
sniffing,2335,2304,2335,31
rising,2400,2335,2400,65
trotting,2429,2400,2429,29
walking,2469,2429,2469,40
stepping,2492,2469,2492,23
sniffing,2493,2492,2493,1
walking,2553,2493,2553,60
sniffing,2568,2553,2568,15
walking,2590,2568,2590,22
sniffing,2591,2590,2591,1
rising,2629,2591,2629,38
walking,2670,2629,2670,41
left_turning,2756,2670,2756,86
running,2766,2756,2766,10
trotting,2775,2766,2775,9
stepping,2788,2775,2788,13
rearing,2865,2788,2865,77
hunching,2919,2865,2919,54
grooming,3159,2919,3159,240
rearing,3160,3159,3160,1
hunching,3229,3160,3229,69
grooming,3488,3229,3488,259
hunching,3544,3488,3544,56
grooming,3545,3544,3545,1
sniffing,3548,3545,3548,3
walking,3578,3548,3578,30
sniffing,3582,3578,3582,4
rising,3587,3582,3587,5
rearing,3644,3587,3644,57
grooming,4053,3644,4053,409
hunching,4079,4053,4079,26
rearing,4108,4079,4108,29
sniffing,4109,4108,4109,1
walking,4139,4109,4139,30
stepping,4153,4139,4153,14
rising,4184,4153,4184,31
sniffing,4238,4184,4238,54
rising,4258,4238,4258,20
walking,4259,4258,4259,1
stepping,4282,4259,4282,23
sniffing,4382,4282,4382,100
walking,4408,4382,4408,26
trotting,4448,4408,4448,40
rising,4486,4448,4486,38
stepping,4506,4486,4506,20
walking,4547,4506,4547,41
stepping,4600,4547,4600,53
rising,4651,4600,4651,51
rearing,4678,4651,4678,27
sniffing,4693,4678,4693,15
rising,4694,4693,4694,1
sniffing,4778,4694,4778,84
left_turning,4779,4778,4779,1
walking,4785,4779,4785,6
sniffing,4795,4785,4795,10
stepping,4799,4795,4799,4
walking,4824,4799,4824,25
trotting,4848,4824,4848,24
running,4865,4848,4865,17
trotting,4908,4865,4908,43
stepping,4909,4908,4909,1
walking,4916,4909,4916,7
rising,4983,4916,4983,67
grooming,4984,4983,4984,1
sniffing,5062,4984,5062,78
walking,5130,5062,5130,68
stepping,5162,5130,5162,32
sniffing,5187,5162,5187,25
walking,5232,5187,5232,45
stepping,5253,5232,5253,21
running,5274,5253,5274,21
rising,5298,5274,5298,24
stepping,5369,5298,5369,71
rising,5410,5369,5410,41
sniffing,5507,5410,5507,97
rising,5600,5507,5600,93
climbing,5650,5600,5650,50
right_turning,5676,5650,5676,26
running,5706,5676,5706,30
right_turning,5708,5706,5708,2
walking,5773,5708,5773,65
sniffing,5782,5773,5782,9
stepping,5827,5782,5827,45
sniffing,5865,5827,5865,38
stepping,5883,5865,5883,18
right_turning,5898,5883,5898,15
stepping,5913,5898,5913,15
rising,5914,5913,5914,1
sniffing,5973,5914,5973,59
left_turning,5996,5973,5996,23
trotting,6011,5996,6011,15
stepping,6026,6011,6026,15
walking,6070,6026,6070,44
rising,6125,6070,6125,55
sniffing,6177,6125,6177,52
rearing,6248,6177,6248,71
grooming,6277,6248,6277,29
right_turning,6291,6277,6291,14
sniffing,6414,6291,6414,123
walking,6425,6414,6425,11
rising,6426,6425,6426,1
grooming,6561,6426,6561,135
hunching,6578,6561,6578,17
grooming,6675,6578,6675,97
sniffing,6729,6675,6729,54
left_turning,6730,6729,6730,1
rising,6745,6730,6745,15
grooming,6834,6745,6834,89
rising,6890,6834,6890,56
left_turning,6941,6890,6941,51
grooming,7053,6941,7053,112
walking,7060,7053,7060,7
sniffing,7125,7060,7125,65
rising,7175,7125,7175,50
stepping,7196,7175,7196,21
sniffing,7239,7196,7239,43
rising,7240,7239,7240,1
stepping,7253,7240,7253,13
rising,7322,7253,7322,69
walking,7323,7322,7323,1
stepping,7341,7323,7341,18
rising,7353,7341,7353,12
sniffing,7354,7353,7354,1
trotting,7408,7354,7408,54
stepping,7424,7408,7424,16
walking,7501,7424,7501,77
sniffing,7553,7501,7553,52
stepping,7567,7553,7567,14
trotting,7583,7567,7583,16
walking,7586,7583,7586,3
hunching,7665,7586,7665,79
rising,7676,7665,7676,11
walking,7710,7676,7710,34
sniffing,7711,7710,7711,1
climbing,7744,7711,7744,33
stepping,7748,7744,7748,4
sniffing,7781,7748,7781,33
walking,7817,7781,7817,36
stepping,7823,7817,7823,6
grooming,7941,7823,7941,118
sniffing,7975,7941,7975,34
walking,8017,7975,8017,42
running,8026,8017,8026,9
sniffing,8058,8026,8058,32
trotting,8112,8058,8112,54
walking,8120,8112,8120,8
sniffing,8182,8120,8182,62
rising,8232,8182,8232,50
grooming,8248,8232,8248,16
sniffing,8288,8248,8288,40
rising,8298,8288,8298,10
stepping,8356,8298,8356,58
trotting,8375,8356,8375,19
stepping,8398,8375,8398,23
rearing,8619,8398,8619,221
sniffing,8620,8619,8620,1
right_turning,8628,8620,8628,8
walking,8654,8628,8654,26
stepping,8685,8654,8685,31
walking,8705,8685,8705,20
sniffing,8746,8705,8746,41
grooming,8747,8746,8747,1
walking,8793,8747,8793,46
grooming,8879,8793,8879,86
rearing,8880,8879,8880,1
grooming,9137,8880,9137,257
rearing,9272,9137,9272,135
sniffing,9325,9272,9325,53
rearing,9383,9325,9383,58
sniffing,9399,9383,9399,16
hunching,9400,9399,9400,1
rearing,9401,9400,9401,1
grooming,9515,9401,9515,114
rearing,9528,9515,9528,13
running,9560,9528,9560,32
sniffing,9565,9560,9565,5
grooming,9735,9565,9735,170
rearing,9795,9735,9795,60
climbing,9912,9795,9912,117
sniffing,10034,9912,10034,122
climbing,10081,10034,10081,47
grooming,10303,10081,10303,222
hunching,10422,10303,10422,119
grooming,10600,10422,10600,178
sniffing,10626,10600,10626,26
walking,10638,10626,10638,12
stepping,10651,10638,10651,13
walking,10678,10651,10678,27
sniffing,10706,10678,10706,28
grooming,10757,10706,10757,51
sniffing,10769,10757,10769,12
grooming,10886,10769,10886,117
walking,10898,10886,10898,12
trotting,10933,10898,10933,35
running,10959,10933,10959,26
grooming,10960,10959,10960,1
walking,10977,10960,10977,17
rearing,10978,10977,10978,1
hunching,10979,10978,10979,1
grooming,11124,10979,11124,145
hunching,11142,11124,11142,18
grooming,11200,11142,11200,58
running,11207,11200,11207,7
walking,11228,11207,11228,21
grooming,11229,11228,11229,1
rearing,11295,11229,11295,66
sniffing,11337,11295,11337,42
trotting,11378,11337,11378,41
walking,11453,11378,11453,75
trotting,11477,11453,11477,24
sniffing,11560,11477,11560,83
grooming,11567,11560,11567,7
rising,11590,11567,11590,23
grooming,11591,11590,11591,1
rearing,11737,11591,11737,146
grooming,11944,11737,11944,207
hunching,12013,11944,12013,69
grooming,12019,12013,12019,6
sniffing,12020,12019,12020,1
stepping,12042,12020,12042,22
sniffing,12070,12042,12070,28
left_turning,12108,12070,12108,38
rearing,12109,12108,12109,1
hunching,12210,12109,12210,101
rising,12292,12210,12292,82
sniffing,12345,12292,12345,53
grooming,12587,12345,12587,242
rearing,12712,12587,12712,125
grooming,12713,12712,12713,1
running,12738,12713,12738,25
rising,12782,12738,12782,44
grooming,13013,12782,13013,231
sniffing,13057,13013,13057,44
walking,13129,13057,13129,72
running,13174,13129,13174,45
stepping,13214,13174,13214,40
sniffing,13225,13214,13225,11
hunching,13413,13225,13413,188
rearing,13420,13413,13420,7
hunching,13425,13420,13425,5
rearing,13725,13425,13725,300
climbing,13759,13725,13759,34
grooming,13884,13759,13884,125
hunching,13946,13884,13946,62
rearing,13995,13946,13995,49
grooming,13996,13995,13996,1
sniffing,13997,13996,13997,1
rising,14123,13997,14123,126
right_turning,14124,14123,14124,1
running,14156,14124,14156,32
walking,14168,14156,14168,12
trotting,14209,14168,14209,41
walking,14210,14209,14210,1
sniffing,14271,14210,14271,61
grooming,14385,14271,14385,114
rearing,14446,14385,14446,61
grooming,14643,14446,14643,197
sniffing,14644,14643,14644,1
scratching,14676,14644,14676,32
trotting,14708,14676,14708,32
walking,14709,14708,14709,1
stepping,14710,14709,14710,1
walking,14720,14710,14720,10
stepping,14721,14720,14721,1
rising,14728,14721,14728,7
stepping,14766,14728,14766,38
right_turning,14774,14766,14774,8
climbing,14803,14774,14803,29
grooming,15081,14803,15081,278
hunching,15102,15081,15102,21
grooming,16352,15102,16352,1250
rearing,16417,16352,16417,65
rising,16440,16417,16440,23
sniffing,16476,16440,16476,36
rising,16499,16476,16499,23
sniffing,16613,16499,16613,114
hunching,16614,16613,16614,1
grooming,16827,16614,16827,213
left_turning,16871,16827,16871,44
sniffing,16936,16871,16936,65
rising,16949,16936,16949,13
climbing,16960,16949,16960,11
stepping,16987,16960,16987,27
rising,17002,16987,17002,15
walking,17012,17002,17012,10
stepping,17073,17012,17073,61
rising,17116,17073,17116,43
stepping,17168,17116,17168,52
rising,17311,17168,17311,143
right_turning,17328,17311,17328,17
trotting,17354,17328,17354,26
sniffing,17436,17354,17436,82
left_turning,17489,17436,17489,53
grooming,18044,17489,18044,555
left_turning,18045,18044,18045,1
walking,18061,18045,18061,16
rising,18144,18061,18144,83
grooming,18145,18144,18145,1
rearing,18206,18145,18206,61
grooming,18207,18206,18207,1
climbing,18224,18207,18224,17
rearing,18310,18224,18310,86
climbing,18312,18310,18312,2
left_turning,18332,18312,18332,20
stepping,18379,18332,18379,47
sniffing,18421,18379,18421,42
rearing,18465,18421,18465,44
climbing,18481,18465,18481,16
grooming,18598,18481,18598,117
rearing,18647,18598,18647,49
climbing,18669,18647,18669,22
trotting,18687,18669,18687,18
right_turning,18697,18687,18697,10
sniffing,18721,18697,18721,24
stepping,18741,18721,18741,20
rising,18790,18741,18790,49
walking,18821,18790,18821,31
sniffing,18836,18821,18836,15
rising,18889,18836,18889,53
walking,18902,18889,18902,13
stepping,18938,18902,18938,36
walking,18979,18938,18979,41
stepping,19014,18979,19014,35
running,19054,19014,19054,40
walking,19085,19054,19085,31
sniffing,19149,19085,19149,64
grooming,19239,19149,19239,90
rearing,19319,19239,19319,80
grooming,19320,19319,19320,1
running,19348,19320,19348,28
stepping,19393,19348,19393,45
running,19415,19393,19415,22
walking,19456,19415,19456,41
stepping,19493,19456,19493,37
sniffing,19494,19493,19494,1
climbing,19543,19494,19543,49
rearing,19618,19543,19618,75
climbing,19633,19618,19633,15
trotting,19652,19633,19652,19
walking,19657,19652,19657,5
running,19668,19657,19668,11
stepping,19676,19668,19676,8
sniffing,19709,19676,19709,33
climbing,19710,19709,19710,1
left_turning,19711,19710,19711,1
stepping,19719,19711,19719,8
rising,19744,19719,19744,25
stepping,19745,19744,19745,1
rising,19746,19745,19746,1
sniffing,19763,19746,19763,17
stepping,19788,19763,19788,25
sniffing,19822,19788,19822,34
rising,19847,19822,19847,25
grooming,19955,19847,19955,108
sniffing,20012,19955,20012,57
walking,20033,20012,20033,21
rising,20129,20033,20129,96
walking,20153,20129,20153,24
right_turning,20161,20153,20161,8
grooming,20239,20161,20239,78
sniffing,20278,20239,20278,39
left_turning,20315,20278,20315,37
sniffing,20384,20315,20384,69
rising,20402,20384,20402,18
hunching,20484,20402,20484,82
right_turning,20485,20484,20485,1
sniffing,20495,20485,20495,10
grooming,20524,20495,20524,29
hunching,20532,20524,20532,8
grooming,20818,20532,20818,286
sniffing,20819,20818,20819,1
rising,20820,20819,20820,1
hunching,20821,20820,20821,1
rearing,20841,20821,20841,20
walking,20876,20841,20876,35
rising,20972,20876,20972,96
grooming,21170,20972,21170,198
trotting,21209,21170,21209,39
rising,21215,21209,21215,6
walking,21252,21215,21252,37
stepping,21257,21252,21257,5
sniffing,21320,21257,21320,63
rising,21342,21320,21342,22
climbing,21392,21342,21392,50
rising,21436,21392,21436,44
stepping,21455,21436,21455,19
rearing,21519,21455,21519,64
grooming,21622,21519,21622,103
rearing,21681,21622,21681,59
sniffing,21682,21681,21682,1
rising,21683,21682,21683,1
rearing,21688,21683,21688,5
walking,21730,21688,21730,42
sniffing,21783,21730,21783,53
walking,21798,21783,21798,15
sniffing,21799,21798,21799,1
trotting,21848,21799,21848,49
stepping,21891,21848,21891,43
sniffing,21951,21891,21951,60
rising,21959,21951,21959,8
sniffing,22092,21959,22092,133
trotting,22102,22092,22102,10
grooming,22286,22102,22286,184
rearing,22362,22286,22362,76
grooming,22363,22362,22363,1
left_turning,22404,22363,22404,41
grooming,22429,22404,22429,25
trotting,22445,22429,22445,16
stepping,22475,22445,22475,30
sniffing,22560,22475,22560,85
left_turning,22561,22560,22561,1
trotting,22562,22561,22562,1
sniffing,22576,22562,22576,14
rising,22635,22576,22635,59
climbing,22665,22635,22665,30
left_turning,22709,22665,22709,44
walking,22712,22709,22712,3
rearing,22751,22712,22751,39
climbing,22815,22751,22815,64
grooming,22816,22815,22816,1
rearing,22835,22816,22835,19
climbing,22856,22835,22856,21
walking,22895,22856,22895,39
stepping,22922,22895,22922,27
walking,22963,22922,22963,41
running,22980,22963,22980,17
walking,23017,22980,23017,37
left_turning,23056,23017,23056,39
walking,23075,23056,23075,19
sniffing,23089,23075,23089,14
hunching,23302,23089,23302,213
climbing,23346,23302,23346,44
rising,23347,23346,23347,1
climbing,23381,23347,23381,34
sniffing,23404,23381,23404,23
walking,23416,23404,23416,12
sniffing,23429,23416,23429,13
right_turning,23443,23429,23443,14
walking,23465,23443,23465,22
climbing,23499,23465,23499,34
grooming,23710,23499,23710,211
sniffing,23740,23710,23740,30
left_turning,23754,23740,23754,14
trotting,23766,23754,23766,12
stepping,23817,23766,23817,51
sniffing,23853,23817,23853,36
rearing,23854,23853,23854,1
climbing,23899,23854,23899,45
walking,23940,23899,23940,41
stepping,23941,23940,23941,1
walking,23981,23941,23981,40
rising,24019,23981,24019,38
stepping,24134,24019,24134,115
rearing,24135,24134,24135,1
grooming,24136,24135,24136,1
walking,24173,24136,24173,37
sniffing,24253,24173,24253,80
right_turning,24263,24253,24263,10
walking,24350,24263,24350,87
trotting,24356,24350,24356,6
stepping,24389,24356,24389,33
rising,24516,24389,24516,127
climbing,24525,24516,24525,9
grooming,25271,24525,25271,746
climbing,25299,25271,25299,28
grooming,25399,25299,25399,100
walking,25442,25399,25442,43
sniffing,25592,25442,25592,150
rising,25640,25592,25640,48
left_turning,25641,25640,25641,1
grooming,25642,25641,25642,1
walking,25685,25642,25685,43
sniffing,25779,25685,25779,94
stepping,25807,25779,25807,28
grooming,25808,25807,25808,1
scratching,25858,25808,25858,50
grooming,25859,25858,25859,1
sniffing,25930,25859,25930,71
stepping,25958,25930,25958,28
sniffing,25980,25958,25980,22
rising,26059,25980,26059,79
climbing,26114,26059,26114,55
grooming,26178,26114,26178,64
trotting,26192,26178,26192,14
rising,26203,26192,26203,11
climbing,26254,26203,26254,51
walking,26283,26254,26283,29
stepping,26322,26283,26322,39
sniffing,26386,26322,26386,64
walking,26391,26386,26391,5
rising,26428,26391,26428,37
sniffing,26528,26428,26528,100
left_turning,26584,26528,26584,56
stepping,26590,26584,26590,6
sniffing,26619,26590,26619,29
walking,26645,26619,26645,26
sniffing,26668,26645,26668,23
walking,26696,26668,26696,28
sniffing,26733,26696,26733,37
left_turning,26743,26733,26743,10
grooming,26924,26743,26924,181
walking,26946,26924,26946,22
sniffing,26994,26946,26994,48
stepping,27033,26994,27033,39
sniffing,27105,27033,27105,72
stepping,27118,27105,27118,13
sniffing,27119,27118,27119,1
left_turning,27141,27119,27141,22
running,27149,27141,27149,8
stepping,27201,27149,27201,52
grooming,27308,27201,27308,107
rearing,27309,27308,27309,1
grooming,27409,27309,27409,100
rearing,27415,27409,27415,6
walking,27450,27415,27450,35
sniffing,27451,27450,27451,1
stepping,27543,27451,27543,92
sniffing,27569,27543,27569,26
walking,27583,27569,27583,14
sniffing,27611,27583,27611,28
walking,27619,27611,27619,8
sniffing,27620,27619,27620,1
grooming,27820,27620,27820,200
left_turning,27824,27820,27824,4
stepping,27860,27824,27860,36
trotting,27881,27860,27881,21
sniffing,28001,27881,28001,120
grooming,28233,28001,28233,232
rearing,28234,28233,28234,1
stepping,28243,28234,28243,9
rearing,28256,28243,28256,13
climbing,28318,28256,28318,62
grooming,28355,28318,28355,37
hunching,28357,28355,28357,2
rearing,28469,28357,28469,112
sniffing,28567,28469,28567,98
grooming,28965,28567,28965,398
sniffing,29132,28965,29132,167
walking,29164,29132,29164,32
grooming,29364,29164,29364,200
sniffing,29435,29364,29435,71
right_turning,29473,29435,29473,38
walking,29474,29473,29474,1
sniffing,29502,29474,29502,28
grooming,29508,29502,29508,6
sniffing,29559,29508,29559,51
running,29572,29559,29572,13
walking,29610,29572,29610,38
stepping,29642,29610,29642,32
sniffing,29653,29642,29653,11
climbing,29724,29653,29724,71
right_turning,29742,29724,29742,18
trotting,29765,29742,29765,23
walking,29789,29765,29789,24
left_turning,29824,29789,29824,35
walking,29855,29824,29855,31
rearing,29927,29855,29927,72
grooming,30061,29927,30061,134
running,30092,30061,30092,31
rearing,30093,30092,30093,1
rising,30146,30093,30146,53
grooming,30147,30146,30147,1
sniffing,30148,30147,30148,1
grooming,30149,30148,30149,1
sniffing,30213,30149,30213,64
grooming,30352,30213,30352,139
hunching,30428,30352,30428,76
grooming,30823,30428,30823,395
running,30876,30823,30876,53
trotting,30922,30876,30922,46
walking,30963,30922,30963,41
rising,30964,30963,30964,1
rearing,30977,30964,30977,13
grooming,30978,30977,30978,1
walking,30985,30978,30985,7
rising,31021,30985,31021,36
climbing,31067,31021,31067,46
grooming,31156,31067,31156,89
rearing,31157,31156,31157,1
grooming,31170,31157,31170,13
running,31182,31170,31182,12
left_turning,31193,31182,31193,11
walking,31218,31193,31218,25
rising,31257,31218,31257,39
sniffing,31297,31257,31297,40
grooming,31495,31297,31495,198
hunching,31496,31495,31496,1
grooming,32299,31496,32299,803
sniffing,32324,32299,32324,25
stepping,32402,32324,32402,78
walking,32466,32402,32466,64
stepping,32484,32466,32484,18
rearing,32548,32484,32548,64
grooming,32768,32548,32768,220
left_turning,32783,32768,32783,15
rearing,32937,32783,32937,154
grooming,32972,32937,32972,35
rising,33017,32972,33017,45
grooming,33295,33017,33295,278
sniffing,33334,33295,33334,39
rising,33354,33334,33354,20
left_turning,33395,33354,33395,41
walking,33413,33395,33413,18
sniffing,33414,33413,33414,1
rising,33417,33414,33417,3
rearing,33418,33417,33418,1
stepping,33452,33418,33452,34
walking,33472,33452,33472,20
left_turning,33513,33472,33513,41
rising,33554,33513,33554,41
grooming,33737,33554,33737,183
stepping,33752,33737,33752,15
rising,33776,33752,33776,24
grooming,33907,33776,33907,131
rising,33908,33907,33908,1
rearing,33937,33908,33937,29
grooming,34092,33937,34092,155
stepping,34132,34092,34132,40
rising,34174,34132,34174,42
rearing,34201,34174,34201,27
grooming,34542,34201,34542,341
hunching,34613,34542,34613,71
grooming,34789,34613,34789,176
stepping,34806,34789,34806,17
rising,34867,34806,34867,61
grooming,34947,34867,34947,80
rearing,35074,34947,35074,127
sniffing,35075,35074,35075,1
grooming,35116,35075,35116,41
hunching,35117,35116,35117,1
rearing,35182,35117,35182,65
grooming,35256,35182,35256,74
rising,35274,35256,35274,18
sniffing,35302,35274,35302,28
grooming,35387,35302,35387,85
sniffing,35397,35387,35397,10
rising,35447,35397,35447,50
sniffing,35577,35447,35577,130
stepping,35610,35577,35610,33
sniffing,35863,35610,35863,253
walking,35866,35863,35866,3
rising,35879,35866,35879,13
sniffing,35960,35879,35960,81
walking,35981,35960,35981,21
sniffing,35999,35981,35999,18
stepping,36000,35999,36000,1
walking,36012,36000,36012,12
left_turning,36019,36012,36019,7
walking,36080,36019,36080,61
sniffing,36146,36080,36146,66
walking,36174,36146,36174,28
sniffing,36223,36174,36223,49
stepping,36247,36223,36247,24
rising,36268,36247,36268,21
sniffing,36290,36268,36290,22
stepping,36323,36290,36323,33
running,36343,36323,36343,20
stepping,36371,36343,36371,28
grooming,36908,36371,36908,537
sniffing,36960,36908,36960,52
stepping,36978,36960,36978,18
grooming,37042,36978,37042,64
scratching,37117,37042,37117,75
sniffing,37206,37117,37206,89
grooming,37288,37206,37288,82
rearing,37463,37288,37463,175
climbing,37510,37463,37510,47
running,37546,37510,37546,36
sniffing,37597,37546,37597,51
stepping,37663,37597,37663,66
sniffing,37782,37663,37782,119
stepping,37850,37782,37850,68
sniffing,37906,37850,37906,56
stepping,37921,37906,37921,15
climbing,37969,37921,37969,48
grooming,38087,37969,38087,118
running,38107,38087,38107,20
rearing,38120,38107,38120,13
grooming,38490,38120,38490,370
stepping,38491,38490,38491,1
right_turning,38501,38491,38501,10
stepping,38526,38501,38526,25
walking,38527,38526,38527,1
sniffing,38589,38527,38589,62
right_turning,38637,38589,38637,48
trotting,38677,38637,38677,40
sniffing,38766,38677,38766,89
grooming,38767,38766,38767,1
running,38807,38767,38807,40
rising,38818,38807,38818,11
sniffing,38840,38818,38840,22
rearing,38841,38840,38841,1
grooming,38842,38841,38842,1
sniffing,38889,38842,38889,47
rising,38894,38889,38894,5
left_turning,38923,38894,38923,29
walking,38934,38923,38934,11
sniffing,38935,38934,38935,1
rising,38970,38935,38970,35
sniffing,38995,38970,38995,25
stepping,39005,38995,39005,10
left_turning,39052,39005,39052,47
stepping,39096,39052,39096,44
walking,39107,39096,39107,11
sniffing,39161,39107,39161,54
grooming,39262,39161,39262,101
left_turning,39318,39262,39318,56
stepping,39331,39318,39331,13
sniffing,39380,39331,39380,49
right_turning,39395,39380,39395,15
sniffing,39478,39395,39478,83
grooming,39479,39478,39479,1
hunching,39533,39479,39533,54
rearing,39575,39533,39575,42
sniffing,39576,39575,39576,1
climbing,39614,39576,39614,38
rearing,39615,39614,39615,1
grooming,40062,39615,40062,447
sniffing,40097,40062,40097,35
walking,40162,40097,40162,65
sniffing,40187,40162,40187,25
rising,40188,40187,40188,1
grooming,40679,40188,40679,491
rearing,40696,40679,40696,17
grooming,40697,40696,40697,1
rearing,40812,40697,40812,115
left_turning,40832,40812,40832,20
running,40855,40832,40855,23
rising,40871,40855,40871,16
sniffing,40908,40871,40908,37
stepping,40934,40908,40934,26
sniffing,40997,40934,40997,63
rising,41111,40997,41111,114
sniffing,41159,41111,41159,48
grooming,41301,41159,41301,142
stepping,41313,41301,41313,12
walking,41397,41313,41397,84
sniffing,41438,41397,41438,41
rising,41439,41438,41439,1
walking,41473,41439,41473,34
stepping,41508,41473,41508,35
grooming,41676,41508,41676,168
walking,41705,41676,41705,29
trotting,41706,41705,41706,1
right_turning,41713,41706,41713,7
running,41726,41713,41726,13
stepping,41777,41726,41777,51
grooming,41985,41777,41985,208
rising,42012,41985,42012,27
right_turning,42035,42012,42035,23
trotting,42068,42035,42068,33
walking,42104,42068,42104,36
sniffing,42123,42104,42123,19
left_turning,42142,42123,42142,19
sniffing,42196,42142,42196,54
trotting,42207,42196,42207,11
stepping,42225,42207,42225,18
sniffing,42259,42225,42259,34
walking,42260,42259,42260,1
stepping,42333,42260,42333,73
climbing,42357,42333,42357,24
rearing,42358,42357,42358,1
left_turning,42377,42358,42377,19
sniffing,42378,42377,42378,1
trotting,42412,42378,42412,34
walking,42430,42412,42430,18
stepping,42450,42430,42450,20
sniffing,42491,42450,42491,41
rising,42507,42491,42507,16
grooming,42508,42507,42508,1
stepping,42564,42508,42564,56
sniffing,42566,42564,42566,2
stepping,42607,42566,42607,41
sniffing,42664,42607,42664,57
hunching,42718,42664,42718,54
rearing,42797,42718,42797,79
sniffing,42859,42797,42859,62
grooming,43021,42859,43021,162
hunching,43035,43021,43035,14
grooming,43118,43035,43118,83
running,43146,43118,43146,28
sniffing,43167,43146,43167,21
stepping,43168,43167,43168,1
sniffing,43224,43168,43224,56
trotting,43232,43224,43232,8
stepping,43282,43232,43282,50
sniffing,43366,43282,43366,84
stepping,43396,43366,43396,30
trotting,43413,43396,43413,17
stepping,43486,43413,43486,73
right_turning,43495,43486,43495,9
left_turning,43530,43495,43530,35
grooming,43964,43530,43964,434
left_turning,43980,43964,43980,16
stepping,43998,43980,43998,18
climbing,44029,43998,44029,31
sniffing,44076,44029,44076,47
stepping,44099,44076,44099,23
sniffing,44188,44099,44188,89
walking,44204,44188,44204,16
sniffing,44228,44204,44228,24
grooming,44391,44228,44391,163
rearing,44445,44391,44445,54
climbing,44545,44445,44545,100
sniffing,44550,44545,44550,5
grooming,44979,44550,44979,429
rearing,44995,44979,44995,16
grooming,44996,44995,44996,1
sniffing,45017,44996,45017,21
trotting,45078,45017,45078,61
sniffing,45137,45078,45137,59
left_turning,45138,45137,45138,1
stepping,45153,45138,45153,15
walking,45187,45153,45187,34
stepping,45188,45187,45188,1
sniffing,45189,45188,45189,1
rising,45253,45189,45253,64
rearing,45345,45253,45345,92
right_turning,45364,45345,45364,19
walking,45384,45364,45384,20
sniffing,45403,45384,45403,19
walking,45434,45403,45434,31
sniffing,45472,45434,45472,38
right_turning,45480,45472,45480,8
left_turning,45481,45480,45481,1
sniffing,45648,45481,45648,167
rearing,45674,45648,45674,26
grooming,45981,45674,45981,307
climbing,46024,45981,46024,43
trotting,46039,46024,46039,15
walking,46040,46039,46040,1
climbing,46081,46040,46081,41
rising,46085,46081,46085,4
right_turning,46122,46085,46122,37
walking,46155,46122,46155,33
stepping,46169,46155,46169,14
rising,46192,46169,46192,23
grooming,46344,46192,46344,152
scratching,46521,46344,46521,177
sniffing,46627,46521,46627,106
stepping,46684,46627,46684,57
grooming,46888,46684,46888,204
rising,46919,46888,46919,31
sniffing,46952,46919,46952,33
right_turning,46965,46952,46965,13
walking,46992,46965,46992,27
sniffing,47041,46992,47041,49
grooming,47042,47041,47042,1
rearing,47111,47042,47111,69
climbing,47147,47111,47147,36
rising,47197,47147,47197,50
sniffing,47230,47197,47230,33
walking,47270,47230,47270,40
climbing,47286,47270,47286,16
rising,47290,47286,47290,4
sniffing,47318,47290,47318,28
left_turning,47339,47318,47339,21
hunching,47340,47339,47340,1
grooming,47646,47340,47646,306
running,47676,47646,47676,30
sniffing,47761,47676,47761,85
grooming,49519,47761,49519,1758
sniffing,49571,49519,49571,52
grooming,49856,49571,49856,285
rising,49887,49856,49887,31
climbing,49944,49887,49944,57
left_turning,49958,49944,49958,14
rearing,49983,49958,49983,25
grooming,50050,49983,50050,67
rearing,50162,50050,50162,112
rising,50183,50162,50183,21
right_turning,50192,50183,50192,9
sniffing,50230,50192,50230,38
rising,50245,50230,50245,15
grooming,50298,50245,50298,53
sniffing,50301,50298,50301,3
left_turning,50302,50301,50302,1
sniffing,50306,50302,50306,4
rising,50317,50306,50317,11
walking,50344,50317,50344,27
trotting,50372,50344,50372,28
right_turning,50392,50372,50392,20
trotting,50406,50392,50406,14
sniffing,50444,50406,50444,38
left_turning,50498,50444,50498,54
sniffing,50540,50498,50540,42
running,50578,50540,50578,38
trotting,50620,50578,50620,42
walking,50643,50620,50643,23
stepping,50691,50643,50691,48
sniffing,50793,50691,50793,102
stepping,50873,50793,50873,80
walking,50919,50873,50919,46
sniffing,50971,50919,50971,52
rearing,51052,50971,51052,81
rising,51066,51052,51066,14
climbing,51072,51066,51072,6
walking,51085,51072,51085,13
sniffing,51143,51085,51143,58
grooming,51144,51143,51144,1
rising,51182,51144,51182,38
climbing,51235,51182,51235,53
running,51270,51235,51270,35
walking,51317,51270,51317,47
left_turning,51364,51317,51364,47
sniffing,51410,51364,51410,46
rearing,51411,51410,51411,1
climbing,51476,51411,51476,65
grooming,51477,51476,51477,1
hunching,51484,51477,51484,7
grooming,51673,51484,51673,189
stepping,51737,51673,51737,64
rising,51798,51737,51798,61
grooming,52410,51798,52410,612
right_turning,52444,52410,52444,34
rearing,52458,52444,52458,14
rising,52503,52458,52503,45
grooming,52783,52503,52783,280
sniffing,52784,52783,52784,1
grooming,52785,52784,52785,1
sniffing,52916,52785,52916,131
stepping,52953,52916,52953,37
sniffing,53102,52953,53102,149
stepping,53142,53102,53142,40
sniffing,53174,53142,53174,32
walking,53175,53174,53175,1
rising,53184,53175,53184,9
stepping,53225,53184,53225,41
left_turning,53281,53225,53281,56
walking,53313,53281,53313,32
sniffing,53376,53313,53376,63
stepping,53399,53376,53399,23
walking,53421,53399,53421,22
sniffing,53540,53421,53540,119
walking,53561,53540,53561,21
stepping,53580,53561,53580,19
sniffing,53622,53580,53622,42
walking,53669,53622,53669,47
left_turning,53693,53669,53693,24
stepping,53717,53693,53717,24
walking,53744,53717,53744,27
trotting,53767,53744,53767,23
walking,53786,53767,53786,19
trotting,53788,53786,53788,2
stepping,53811,53788,53811,23
rising,53832,53811,53832,21
climbing,53889,53832,53889,57
grooming,54910,53889,54910,1021
climbing,54979,54910,54979,69
rising,54991,54979,54991,12
climbing,55013,54991,55013,22
grooming,55094,55013,55094,81
rearing,55109,55094,55109,15
climbing,55160,55109,55160,51
rising,55161,55160,55161,1
climbing,55204,55161,55204,43
trotting,55225,55204,55225,21
walking,55269,55225,55269,44
trotting,55302,55269,55302,33
right_turning,55323,55302,55323,21
sniffing,55399,55323,55399,76
grooming,55400,55399,55400,1
right_turning,55431,55400,55431,31
walking,55458,55431,55458,27
stepping,55479,55458,55479,21
walking,55480,55479,55480,1
sniffing,55523,55480,55523,43
trotting,55555,55523,55555,32
stepping,55581,55555,55581,26
sniffing,55582,55581,55582,1
right_turning,55603,55582,55603,21
sniffing,55648,55603,55648,45
walking,55680,55648,55680,32
sniffing,55719,55680,55719,39
walking,55743,55719,55743,24
sniffing,55790,55743,55790,47
left_turning,55827,55790,55827,37
sniffing,55828,55827,55828,1
stepping,55890,55828,55890,62
sniffing,55922,55890,55922,32
grooming,56180,55922,56180,258
stepping,56206,56180,56206,26
rearing,56207,56206,56207,1
rising,56211,56207,56211,4
sniffing,56212,56211,56212,1
running,56245,56212,56245,33
sniffing,56318,56245,56318,73
rising,56319,56318,56319,1
rearing,56598,56319,56598,279
climbing,56643,56598,56643,45
rising,56691,56643,56691,48
climbing,56773,56691,56773,82
trotting,56814,56773,56814,41
walking,56845,56814,56845,31
rising,56883,56845,56883,38
rearing,56914,56883,56914,31
climbing,56953,56914,56953,39
trotting,56987,56953,56987,34
rearing,57017,56987,57017,30
walking,57088,57017,57088,71
sniffing,57134,57088,57134,46
stepping,57155,57134,57155,21
walking,57186,57155,57186,31
trotting,57237,57186,57237,51
sniffing,57300,57237,57300,63
rising,57356,57300,57356,56
climbing,57385,57356,57385,29
grooming,57389,57385,57389,4
rising,57417,57389,57417,28
climbing,57458,57417,57458,41
grooming,57965,57458,57965,507
trotting,58015,57965,58015,50
stepping,58039,58015,58039,24
climbing,58062,58039,58062,23
rising,58129,58062,58129,67
sniffing,58152,58129,58152,23
walking,58267,58152,58267,115
sniffing,58270,58267,58270,3
walking,58314,58270,58314,44
trotting,58321,58314,58321,7
walking,58364,58321,58364,43
rearing,58477,58364,58477,113
grooming,58738,58477,58738,261
sniffing,58805,58738,58805,67
grooming,59066,58805,59066,261
rearing,59101,59066,59101,35
grooming,59344,59101,59344,243
sniffing,59405,59344,59405,61
stepping,59406,59405,59406,1
rising,59441,59406,59441,35
sniffing,59464,59441,59464,23
pausing,59465,59464,59465,1
sniffing,59538,59465,59538,73
rising,59541,59538,59541,3
rearing,59595,59541,59595,54
climbing,59625,59595,59625,30
left_turning,59626,59625,59626,1
sniffing,59627,59626,59627,1
grooming,59689,59627,59689,62
rearing,59871,59689,59871,182
climbing,59899,59871,59899,28
trotting,59918,59899,59918,19
sniffing,59955,59918,59955,37
running,59968,59955,59968,13
walking,60006,59968,60006,38
stepping,60050,60006,60050,44
sniffing,60112,60050,60112,62
rising,60113,60112,60113,1
rearing,60146,60113,60146,33
grooming,60147,60146,60147,1
scratching,60551,60147,60551,404
left_turning,60579,60551,60579,28
walking,60605,60579,60605,26
stepping,60670,60605,60670,65
right_turning,60688,60670,60688,18
sniffing,60728,60688,60728,40
stepping,60764,60728,60764,36
trotting,60765,60764,60765,1
sniffing,60856,60765,60856,91
grooming,60857,60856,60857,1
rearing,60858,60857,60858,1
climbing,60884,60858,60884,26
stepping,60895,60884,60895,11
rearing,60896,60895,60896,1
hunching,60928,60896,60928,32
rearing,60936,60928,60936,8
sniffing,60938,60936,60938,2
hunching,60939,60938,60939,1
grooming,60940,60939,60940,1
rearing,61037,60940,61037,97
walking,61043,61037,61043,6
sniffing,61044,61043,61044,1
grooming,61061,61044,61061,17
rearing,61103,61061,61103,42
climbing,61143,61103,61143,40
walking,61179,61143,61179,36
grooming,61343,61179,61343,164
hunching,61372,61343,61372,29
grooming,61373,61372,61373,1
climbing,61407,61373,61407,34
left_turning,61458,61407,61458,51
walking,61470,61458,61470,12
left_turning,61501,61470,61501,31
walking,61517,61501,61517,16
stepping,61524,61517,61524,7
right_turning,61554,61524,61554,30
sniffing,61607,61554,61607,53
stepping,61630,61607,61630,23
sniffing,61908,61630,61908,278
running,61933,61908,61933,25
stepping,62005,61933,62005,72
rising,62006,62005,62006,1
rearing,62053,62006,62053,47
hunching,62054,62053,62054,1
stepping,62079,62054,62079,25
climbing,62120,62079,62120,41
left_turning,62127,62120,62127,7
stepping,62172,62127,62172,45
sniffing,62237,62172,62237,65
grooming,62238,62237,62238,1
walking,62291,62238,62291,53
right_turning,62305,62291,62305,14
sniffing,62379,62305,62379,74
stepping,62423,62379,62423,44
walking,62455,62423,62455,32
grooming,62456,62455,62456,1
rising,62482,62456,62482,26
climbing,62507,62482,62507,25
stepping,62565,62507,62565,58
walking,62594,62565,62594,29
stepping,62599,62594,62599,5
walking,62626,62599,62626,27
right_turning,62638,62626,62638,12
sniffing,62682,62638,62682,44
grooming,63555,62682,63555,873
hunching,63638,63555,63638,83
grooming,64112,63638,64112,474
sniffing,64126,64112,64126,14
walking,64133,64126,64133,7
rising,64134,64133,64134,1
grooming,64293,64134,64293,159
sniffing,64336,64293,64336,43
rising,64366,64336,64366,30
climbing,64376,64366,64376,10
walking,64388,64376,64388,12
sniffing,64442,64388,64442,54
stepping,64501,64442,64501,59
sniffing,64505,64501,64505,4
rising,64516,64505,64516,11
sniffing,64517,64516,64517,1
rising,64518,64517,64518,1
climbing,64647,64518,64647,129
walking,64648,64647,64648,1
sniffing,64761,64648,64761,113
walking,64764,64761,64764,3
climbing,64884,64764,64884,120
rearing,64937,64884,64937,53
climbing,64957,64937,64957,20
trotting,64996,64957,64996,39
right_turning,65021,64996,65021,25
walking,65040,65021,65040,19
rising,65072,65040,65072,32
climbing,65076,65072,65076,4
rearing,65077,65076,65077,1
climbing,65083,65077,65083,6
running,65104,65083,65104,21
walking,65136,65104,65136,32
stepping,65162,65136,65162,26
trotting,65174,65162,65174,12
sniffing,65251,65174,65251,77
grooming,65406,65251,65406,155
left_turning,65446,65406,65446,40
sniffing,65494,65446,65494,48
left_turning,65524,65494,65524,30
sniffing,65571,65524,65571,47
walking,65601,65571,65601,30
sniffing,65602,65601,65602,1
right_turning,65611,65602,65611,9
walking,65635,65611,65635,24
sniffing,65667,65635,65667,32
stepping,65668,65667,65668,1
sniffing,65788,65668,65788,120
stepping,65843,65788,65843,55
sniffing,65844,65843,65844,1
walking,65886,65844,65886,42
trotting,65930,65886,65930,44
grooming,66726,65930,66726,796
rearing,66768,66726,66768,42
grooming,67047,66768,67047,279
running,67061,67047,67061,14
walking,67105,67061,67105,44
right_turning,67108,67105,67108,3
rising,67127,67108,67127,19
rearing,67189,67127,67189,62
climbing,67245,67189,67245,56
walking,67246,67245,67246,1
sniffing,67273,67246,67273,27
climbing,67325,67273,67325,52
left_turning,67386,67325,67386,61
stepping,67393,67386,67393,7
rising,67394,67393,67394,1
walking,67418,67394,67418,24
sniffing,67500,67418,67500,82
walking,67554,67500,67554,54
sniffing,67683,67554,67683,129
stepping,67691,67683,67691,8
left_turning,67813,67691,67813,122
walking,67843,67813,67843,30
sniffing,67864,67843,67864,21
grooming,67888,67864,67888,24
left_turning,67894,67888,67894,6
stepping,67895,67894,67895,1
right_turning,67913,67895,67913,18
sniffing,67914,67913,67914,1
walking,67989,67914,67989,75
left_turning,68003,67989,68003,14
walking,68033,68003,68033,30
sniffing,68072,68033,68072,39
stepping,68234,68072,68234,162
walking,68243,68234,68243,9
left_turning,68324,68243,68324,81
sniffing,68325,68324,68325,1
stepping,68334,68325,68334,9
sniffing,68349,68334,68349,15
walking,68367,68349,68367,18
sniffing,68368,68367,68368,1
right_turning,68380,68368,68380,12
walking,68394,68380,68394,14
sniffing,68430,68394,68430,36
walking,68456,68430,68456,26
stepping,68464,68456,68464,8
sniffing,68465,68464,68465,1
rising,68578,68465,68578,113
rearing,68634,68578,68634,56
grooming,68679,68634,68679,45
walking,68685,68679,68685,6
rising,68733,68685,68733,48
left_turning,68775,68733,68775,42
grooming,68816,68775,68816,41
left_turning,68875,68816,68875,59
sniffing,68958,68875,68958,83
walking,68972,68958,68972,14
sniffing,69028,68972,69028,56
stepping,69053,69028,69053,25
sniffing,69086,69053,69086,33
climbing,69101,69086,69101,15
stepping,69143,69101,69143,42
sniffing,69144,69143,69144,1
rearing,69252,69144,69252,108
rising,69307,69252,69307,55
stepping,69354,69307,69354,47
sniffing,69403,69354,69403,49
stepping,69421,69403,69421,18
walking,69429,69421,69429,8
grooming,69674,69429,69674,245
trotting,69682,69674,69682,8
sniffing,69720,69682,69720,38
rearing,69784,69720,69784,64
grooming,70912,69784,70912,1128
sniffing,70984,70912,70984,72
scratching,71010,70984,71010,26
sniffing,71039,71010,71039,29
rising,71116,71039,71116,77
rearing,71129,71116,71129,13
hunching,71174,71129,71174,45
grooming,71175,71174,71175,1
left_turning,71285,71175,71285,110
trotting,71325,71285,71325,40
walking,71378,71325,71378,53
stepping,71379,71378,71379,1
rising,71380,71379,71380,1
sniffing,71381,71380,71381,1
walking,71430,71381,71430,49
right_turning,71431,71430,71431,1
walking,71465,71431,71465,34
stepping,71523,71465,71523,58
sniffing,71582,71523,71582,59
right_turning,71583,71582,71583,1
sniffing,71684,71583,71684,101
grooming,71808,71684,71808,124
sniffing,71858,71808,71858,50
right_turning,71872,71858,71872,14
stepping,71932,71872,71932,60
sniffing,71933,71932,71933,1
stepping,71936,71933,71936,3
sniffing,72005,71936,72005,69
walking,72023,72005,72023,18
trotting,72048,72023,72048,25
stepping,72070,72048,72070,22
left_turning,72088,72070,72088,18
grooming,72089,72088,72089,1
sniffing,72090,72089,72090,1
stepping,72105,72090,72105,15
rising,72168,72105,72168,63
grooming,72322,72168,72322,154
climbing,72357,72322,72357,35
grooming,72657,72357,72657,300
walking,72684,72657,72684,27
rising,72702,72684,72702,18
climbing,72840,72702,72840,138
jumping,72880,72840,72880,40
grooming,72881,72880,72881,1
walking,72905,72881,72905,24
trotting,72926,72905,72926,21
stepping,72952,72926,72952,26
sniffing,72986,72952,72986,34
walking,73005,72986,73005,19
sniffing,73080,73005,73080,75
climbing,73130,73080,73130,50
grooming,73205,73130,73205,75
climbing,73217,73205,73217,12
grooming,73281,73217,73281,64
sniffing,73326,73281,73326,45
stepping,73342,73326,73342,16
walking,73388,73342,73388,46
sniffing,73396,73388,73396,8
rearing,73456,73396,73456,60
grooming,73673,73456,73673,217
stepping,73681,73673,73681,8
sniffing,73709,73681,73709,28
grooming,73710,73709,73710,1
walking,73762,73710,73762,52
sniffing,73823,73762,73823,61
rising,73824,73823,73824,1
walking,73864,73824,73864,40
rising,73880,73864,73880,16
climbing,73931,73880,73931,51
left_turning,73956,73931,73956,25
rearing,74057,73956,74057,101
climbing,74108,74057,74108,51
hunching,74168,74108,74168,60
grooming,74169,74168,74169,1
rearing,74170,74169,74170,1
sniffing,74291,74170,74291,121
walking,74318,74291,74318,27
sniffing,74321,74318,74321,3
stepping,74347,74321,74347,26
walking,74389,74347,74389,42
sniffing,74456,74389,74456,67
walking,74457,74456,74457,1
sniffing,74463,74457,74463,6
rising,74489,74463,74489,26
rearing,74490,74489,74490,1
sniffing,74548,74490,74548,58
walking,74557,74548,74557,9
running,74574,74557,74574,17
trotting,74597,74574,74597,23
stepping,74598,74597,74598,1
climbing,74666,74598,74666,68
left_turning,74701,74666,74701,35
walking,74724,74701,74724,23
sniffing,74725,74724,74725,1
stepping,74745,74725,74745,20
sniffing,74792,74745,74792,47
stepping,74824,74792,74824,32
walking,74863,74824,74863,39
left_turning,74864,74863,74864,1
stepping,74876,74864,74876,12
walking,74902,74876,74902,26
stepping,74915,74902,74915,13
walking,74934,74915,74934,19
sniffing,75045,74934,75045,111
left_turning,75066,75045,75066,21
running,75089,75066,75089,23
sniffing,75116,75089,75116,27
walking,75141,75116,75141,25
trotting,75143,75141,75143,2
right_turning,75175,75143,75175,32
walking,75193,75175,75193,18
left_turning,75254,75193,75254,61
walking,75255,75254,75255,1
sniffing,75289,75255,75289,34
stepping,75303,75289,75303,14
sniffing,75352,75303,75352,49
left_turning,75405,75352,75405,53
walking,75435,75405,75435,30
right_turning,75450,75435,75450,15
sniffing,75458,75450,75458,8
stepping,75500,75458,75500,42
walking,75550,75500,75550,50
stepping,75572,75550,75572,22
trotting,75590,75572,75590,18
walking,75613,75590,75613,23
stepping,75641,75613,75641,28
walking,75660,75641,75660,19
sniffing,75705,75660,75705,45
left_turning,75764,75705,75764,59
walking,75772,75764,75772,8
sniffing,75791,75772,75791,19
right_turning,75811,75791,75811,20
sniffing,75812,75811,75812,1
stepping,75836,75812,75836,24
sniffing,75837,75836,75837,1
stepping,75842,75837,75842,5
climbing,75906,75842,75906,64
sniffing,75910,75906,75910,4
grooming,76426,75910,76426,516
sniffing,76548,76426,76548,122
walking,76566,76548,76566,18
sniffing,76585,76566,76585,19
rising,76600,76585,76600,15
rearing,76601,76600,76601,1
stepping,76614,76601,76614,13
walking,76618,76614,76618,4
rising,76687,76618,76687,69
grooming,76759,76687,76759,72
sniffing,76760,76759,76760,1
right_turning,76774,76760,76774,14
stepping,76801,76774,76801,27
walking,76851,76801,76851,50
sniffing,76852,76851,76852,1
right_turning,76865,76852,76865,13
rising,76883,76865,76883,18
rearing,76953,76883,76953,70
right_turning,76954,76953,76954,1
sniffing,76987,76954,76987,33
rising,76999,76987,76999,12
rearing,77003,76999,77003,4
running,77039,77003,77039,36
trotting,77075,77039,77075,36
running,77105,77075,77105,30
sniffing,77136,77105,77136,31
rising,77137,77136,77137,1
climbing,77158,77137,77158,21
grooming,77389,77158,77389,231
stepping,77433,77389,77433,44
grooming,77434,77433,77434,1
right_turning,77459,77434,77459,25
trotting,77492,77459,77492,33
stepping,77522,77492,77522,30
left_turning,77523,77522,77523,1
walking,77573,77523,77573,50
sniffing,77670,77573,77670,97
rearing,77689,77670,77689,19
grooming,77891,77689,77891,202
left_turning,77906,77891,77906,15
stepping,77929,77906,77929,23
walking,77943,77929,77943,14
sniffing,78016,77943,78016,73
stepping,78030,78016,78030,14
sniffing,78031,78030,78031,1
stepping,78051,78031,78051,20
rising,78075,78051,78075,24
sniffing,78103,78075,78103,28
climbing,78120,78103,78120,17
sniffing,78155,78120,78155,35
stepping,78194,78155,78194,39
rearing,78260,78194,78260,66
climbing,78283,78260,78283,23
stepping,78312,78283,78312,29
walking,78317,78312,78317,5
stepping,78358,78317,78358,41
grooming,78558,78358,78558,200
rearing,78566,78558,78566,8
stepping,78601,78566,78601,35
rising,78626,78601,78626,25
climbing,78667,78626,78667,41
walking,78698,78667,78698,31
climbing,78760,78698,78760,62
trotting,78791,78760,78791,31
stepping,78799,78791,78799,8
sniffing,78878,78799,78878,79
rising,78879,78878,78879,1
sniffing,78920,78879,78920,41
walking,78973,78920,78973,53
sniffing,79023,78973,79023,50
walking,79082,79023,79082,59
sniffing,79125,79082,79125,43
grooming,79414,79125,79414,289
sniffing,79449,79414,79449,35
rearing,79511,79449,79511,62
grooming,79512,79511,79512,1
left_turning,79535,79512,79535,23
walking,79536,79535,79536,1
sniffing,79613,79536,79613,77
stepping,79654,79613,79654,41
grooming,79655,79654,79655,1
rearing,79742,79655,79742,87
grooming,79863,79742,79863,121
stepping,79890,79863,79890,27
rising,79929,79890,79929,39
sniffing,79941,79929,79941,12
trotting,79977,79941,79977,36
sniffing,79986,79977,79986,9
rising,80012,79986,80012,26
rearing,80013,80012,80013,1
grooming,80356,80013,80356,343
walking,80385,80356,80385,29
stepping,80423,80385,80423,38
walking,80442,80423,80442,19
sniffing,80457,80442,80457,15
stepping,80458,80457,80458,1
rearing,80506,80458,80506,48
walking,80550,80506,80550,44
left_turning,80564,80550,80564,14
rising,80589,80564,80589,25
climbing,80612,80589,80612,23
stepping,80651,80612,80651,39
rearing,80652,80651,80652,1
grooming,80653,80652,80653,1
sniffing,80654,80653,80654,1
walking,80655,80654,80655,1
stepping,80682,80655,80682,27
grooming,80683,80682,80683,1
trotting,80710,80683,80710,27
walking,80729,80710,80729,19
rising,80758,80729,80758,29
trotting,80791,80758,80791,33
walking,80822,80791,80822,31
rearing,80823,80822,80823,1
grooming,81178,80823,81178,355
stepping,81210,81178,81210,32
climbing,81270,81210,81270,60
rising,81326,81270,81326,56
climbing,81357,81326,81357,31
stepping,81405,81357,81405,48
rising,81437,81405,81437,32
grooming,81524,81437,81524,87
climbing,81558,81524,81558,34
left_turning,81624,81558,81624,66
walking,81639,81624,81639,15
right_turning,81706,81639,81706,67
walking,81732,81706,81732,26
rearing,81778,81732,81778,46
hunching,81976,81778,81976,198
grooming,82057,81976,82057,81
right_turning,82112,82057,82112,55
sniffing,82115,82112,82115,3
trotting,82122,82115,82122,7
sniffing,82258,82122,82258,136
rising,82267,82258,82267,9
scratching,82363,82267,82363,96
grooming,82854,82363,82854,491
stepping,82954,82854,82954,100
walking,83001,82954,83001,47
sniffing,83078,83001,83078,77
stepping,83107,83078,83107,29
climbing,83113,83107,83113,6
grooming,83162,83113,83162,49
rearing,83206,83162,83206,44
climbing,83230,83206,83230,24
rearing,83279,83230,83279,49
stepping,83308,83279,83308,29
sniffing,83309,83308,83309,1
walking,83333,83309,83333,24
rearing,83378,83333,83378,45
grooming,83850,83378,83850,472
rearing,83967,83850,83967,117
grooming,83968,83967,83968,1
running,83998,83968,83998,30
walking,84058,83998,84058,60
sniffing,84085,84058,84085,27
grooming,84322,84085,84322,237
hunching,84323,84322,84323,1
sniffing,84362,84323,84362,39
right_turning,84376,84362,84376,14
sniffing,84496,84376,84496,120
rising,84559,84496,84559,63
climbing,84616,84559,84616,57
left_turning,84728,84616,84728,112
walking,84769,84728,84769,41
climbing,84798,84769,84798,29
walking,84802,84798,84802,4
rising,84823,84802,84823,21
rearing,84892,84823,84892,69
grooming,84955,84892,84955,63
rising,84987,84955,84987,32
sniffing,84991,84987,84991,4
rising,84992,84991,84992,1
left_turning,85051,84992,85051,59
walking,85135,85051,85135,84
sniffing,85181,85135,85181,46
grooming,85290,85181,85290,109
left_turning,85310,85290,85310,20
trotting,85329,85310,85329,19
stepping,85370,85329,85370,41
sniffing,85410,85370,85410,40
rising,85433,85410,85433,23
rearing,85480,85433,85480,47
rising,85536,85480,85536,56
grooming,85699,85536,85699,163
rising,85717,85699,85717,18
rearing,85755,85717,85755,38
grooming,85805,85755,85805,50
left_turning,85841,85805,85841,36
rising,85903,85841,85903,62
sniffing,85995,85903,85995,92
rising,86014,85995,86014,19
rearing,86015,86014,86015,1
grooming,86182,86015,86182,167
right_turning,86196,86182,86196,14
running,86215,86196,86215,19
walking,86243,86215,86243,28
sniffing,86244,86243,86244,1
right_turning,86276,86244,86276,32
walking,86277,86276,86277,1
sniffing,86278,86277,86278,1
walking,86311,86278,86311,33
trotting,86347,86311,86347,36
sniffing,86374,86347,86374,27
walking,86376,86374,86376,2
stepping,86405,86376,86405,29
sniffing,86406,86405,86406,1
grooming,86619,86406,86619,213
rearing,86696,86619,86696,77
climbing,86774,86696,86774,78
sniffing,86820,86774,86820,46
left_turning,86821,86820,86821,1
trotting,86847,86821,86847,26
walking,86870,86847,86870,23
sniffing,86871,86870,86871,1
rising,86921,86871,86921,50
climbing,86978,86921,86978,57
rising,86989,86978,86989,11
climbing,87017,86989,87017,28
running,87027,87017,87027,10
trotting,87052,87027,87052,25
stepping,87080,87052,87080,28
sniffing,87089,87080,87089,9
scratching,87090,87089,87090,1
grooming,87421,87090,87421,331
rearing,87518,87421,87518,97
left_turning,87530,87518,87530,12
sniffing,87578,87530,87578,48
trotting,87610,87578,87610,32
stepping,87647,87610,87647,37
sniffing,87705,87647,87705,58
left_turning,87706,87705,87706,1
walking,87723,87706,87723,17
sniffing,87724,87723,87724,1
stepping,87823,87724,87823,99
sniffing,87834,87823,87834,11
left_turning,87925,87834,87925,91
walking,87960,87925,87960,35
trotting,87973,87960,87973,13
stepping,88008,87973,88008,35
sniffing,88055,88008,88055,47
climbing,88088,88055,88088,33
rearing,88152,88088,88152,64
hunching,88211,88152,88211,59
rearing,88241,88211,88241,30
rising,88282,88241,88282,41
hunching,88283,88282,88283,1
climbing,88335,88283,88335,52
left_turning,88365,88335,88365,30
stepping,88381,88365,88381,16
walking,88406,88381,88406,25
sniffing,88476,88406,88476,70
walking,88538,88476,88538,62
sniffing,88539,88538,88539,1
stepping,88579,88539,88579,40
sniffing,88622,88579,88622,43
rearing,88623,88622,88623,1
grooming,88759,88623,88759,136
walking,88785,88759,88785,26
sniffing,88817,88785,88817,32
stepping,88839,88817,88839,22
sniffing,88873,88839,88873,34
grooming,88874,88873,88874,1
hunching,88976,88874,88976,102
rearing,89035,88976,89035,59
rising,89060,89035,89060,25
right_turning,89061,89060,89061,1
walking,89072,89061,89072,11
sniffing,89073,89072,89073,1
running,89099,89073,89099,26
walking,89148,89099,89148,49
sniffing,89179,89148,89179,31
stepping,89235,89179,89235,56
sniffing,89267,89235,89267,32
walking,89314,89267,89314,47
sniffing,89334,89314,89334,20
rising,89349,89334,89349,15
sniffing,89380,89349,89380,31
walking,89442,89380,89442,62
stepping,89489,89442,89489,47
sniffing,89490,89489,89490,1
left_turning,89523,89490,89523,33
grooming,89542,89523,89542,19
hunching,89625,89542,89625,83
sniffing,89626,89625,89626,1
walking,89634,89626,89634,8
sniffing,89643,89634,89643,9
stepping,89677,89643,89677,34
sniffing,89678,89677,89678,1
right_turning,89705,89678,89705,27
walking,89783,89705,89783,78
sniffing,89848,89783,89848,65
scratching,89918,89848,89918,70
right_turning,89925,89918,89925,7
sniffing,89971,89925,89971,46
rising,89999,89971,89999,28
stepping,90028,89999,90028,29
hunching,90075,90028,90075,47
sniffing,90133,90075,90133,58
grooming,90233,90133,90233,100
climbing,90299,90233,90299,66
grooming,90330,90299,90330,31
rising,90336,90330,90336,6
rearing,90402,90336,90402,66
sniffing,90442,90402,90442,40
rising,90487,90442,90487,45
walking,90495,90487,90495,8
stepping,90549,90495,90549,54
walking,90575,90549,90575,26
trotting,90614,90575,90614,39
walking,90657,90614,90657,43
stepping,90671,90657,90671,14
rearing,90781,90671,90781,110
grooming,90783,90781,90783,2
walking,90821,90783,90821,38
sniffing,90861,90821,90861,40
stepping,90907,90861,90907,46
sniffing,90949,90907,90949,42
walking,90954,90949,90954,5
stepping,91107,90954,91107,153
left_turning,91148,91107,91148,41
sniffing,91149,91148,91149,1
walking,91195,91149,91195,46
sniffing,91196,91195,91196,1
stepping,91255,91196,91255,59
sniffing,91301,91255,91301,46
stepping,91330,91301,91330,29
grooming,91373,91330,91373,43
stepping,91395,91373,91395,22
rising,91431,91395,91431,36
sniffing,91496,91431,91496,65
walking,91500,91496,91500,4
sniffing,91514,91500,91514,14
left_turning,91515,91514,91515,1
walking,91533,91515,91533,18
rearing,91574,91533,91574,41
grooming,91592,91574,91592,18
walking,91593,91592,91593,1
trotting,91654,91593,91654,61
stepping,91685,91654,91685,31
climbing,91713,91685,91713,28
stepping,91739,91713,91739,26
climbing,91780,91739,91780,41
grooming,91781,91780,91781,1
rising,91800,91781,91800,19
grooming,91857,91800,91857,57
sniffing,91924,91857,91924,67
grooming,91925,91924,91925,1
climbing,91965,91925,91965,40
stepping,91998,91965,91998,33
grooming,91999,91998,91999,1
running,92027,91999,92027,28
stepping,92068,92027,92068,41
sniffing,92087,92068,92087,19
rising,92088,92087,92088,1
sniffing,92152,92088,92152,64
rising,92179,92152,92179,27
climbing,92242,92179,92242,63
trotting,92256,92242,92256,14
stepping,92318,92256,92318,62
right_turning,92368,92318,92368,50
stepping,92373,92368,92373,5
sniffing,92439,92373,92439,66
right_turning,92468,92439,92468,29
walking,92469,92468,92469,1
sniffing,92551,92469,92551,82
left_turning,92553,92551,92553,2
walking,92580,92553,92580,27
sniffing,92623,92580,92623,43
rising,92647,92623,92647,24
climbing,92671,92647,92671,24
left_turning,92712,92671,92712,41
walking,92730,92712,92730,18
grooming,92835,92730,92835,105
stepping,92860,92835,92860,25
left_turning,92861,92860,92861,1
stepping,92912,92861,92912,51
walking,92967,92912,92967,55
sniffing,93023,92967,93023,56
left_turning,93029,93023,93029,6
grooming,93052,93029,93052,23
rising,93053,93052,93053,1
stepping,93084,93053,93084,31
walking,93085,93084,93085,1
stepping,93132,93085,93132,47
climbing,93162,93132,93162,30
rising,93199,93162,93199,37
sniffing,93208,93199,93208,9
stepping,93264,93208,93264,56
walking,93285,93264,93285,21
stepping,93297,93285,93297,12
sniffing,93355,93297,93355,58
hunching,93356,93355,93356,1
climbing,93395,93356,93395,39
rearing,93433,93395,93433,38
grooming,93434,93433,93434,1
sniffing,93442,93434,93442,8
running,93465,93442,93465,23
sniffing,93489,93465,93489,24
stepping,93525,93489,93525,36
sniffing,93558,93525,93558,33
left_turning,93584,93558,93584,26
grooming,93786,93584,93786,202
sniffing,93790,93786,93790,4
trotting,93818,93790,93818,28
walking,93838,93818,93838,20
rising,93848,93838,93848,10
climbing,93956,93848,93956,108
walking,93957,93956,93957,1
trotting,94008,93957,94008,51
stepping,94056,94008,94056,48
sniffing,94057,94056,94057,1
stepping,94077,94057,94077,20
rearing,94078,94077,94078,1
rising,94151,94078,94151,73
sniffing,94220,94151,94220,69
left_turning,94221,94220,94221,1
sniffing,94222,94221,94222,1
walking,94234,94222,94234,12
climbing,94303,94234,94303,69
rearing,94419,94303,94419,116
stepping,94479,94419,94479,60
sniffing,94537,94479,94537,58
walking,94559,94537,94559,22
rising,94569,94559,94569,10
sniffing,94615,94569,94615,46
walking,94638,94615,94638,23
sniffing,94639,94638,94639,1
left_turning,94660,94639,94660,21
climbing,94701,94660,94701,41
walking,94712,94701,94712,11
rising,94713,94712,94713,1
stepping,94722,94713,94722,9
sniffing,94809,94722,94809,87
grooming,94878,94809,94878,69
rearing,94941,94878,94941,63
climbing,95001,94941,95001,60
walking,95007,95001,95007,6
trotting,95027,95007,95027,20
stepping,95053,95027,95053,26
rearing,95054,95053,95054,1
left_turning,95217,95054,95217,163
sniffing,95308,95217,95308,91
left_turning,95386,95308,95386,78
rising,95401,95386,95401,15
climbing,95468,95401,95468,67
stepping,95499,95468,95499,31
sniffing,95583,95499,95583,84
stepping,95625,95583,95625,42
rearing,95659,95625,95659,34
left_turning,95660,95659,95660,1
stepping,95723,95660,95723,63
rising,95762,95723,95762,39
walking,95830,95762,95830,68
rising,95852,95830,95852,22
sniffing,95940,95852,95940,88
grooming,96660,95940,96660,720
climbing,96721,96660,96721,61
rearing,96799,96721,96799,78
grooming,96800,96799,96800,1
walking,96827,96800,96827,27
sniffing,96885,96827,96885,58
walking,96927,96885,96927,42
sniffing,96974,96927,96974,47
climbing,97015,96974,97015,41
left_turning,97050,97015,97050,35
sniffing,97084,97050,97084,34
walking,97125,97084,97125,41
climbing,97184,97125,97184,59
grooming,97391,97184,97391,207
rising,97413,97391,97413,22
grooming,97588,97413,97588,175
sniffing,97647,97588,97647,59
grooming,97766,97647,97766,119
left_turning,97913,97766,97913,147
sniffing,97951,97913,97951,38
rising,97952,97951,97952,1
sniffing,97953,97952,97953,1
stepping,97961,97953,97961,8
walking,97997,97961,97997,36
stepping,97998,97997,97998,1
sniffing,97999,97998,97999,1
stepping,98019,97999,98019,20
walking,98038,98019,98038,19
rising,98078,98038,98078,40
climbing,98123,98078,98123,45
walking,98147,98123,98147,24
climbing,98184,98147,98184,37
grooming,98254,98184,98254,70
running,98273,98254,98273,19
walking,98280,98273,98280,7
sniffing,98281,98280,98281,1
grooming,98393,98281,98393,112
hunching,98476,98393,98476,83
grooming,98556,98476,98556,80
running,98586,98556,98586,30
trotting,98612,98586,98612,26
stepping,98629,98612,98629,17
sniffing,98688,98629,98688,59
rearing,98737,98688,98737,49
hunching,98738,98737,98738,1
rearing,98768,98738,98768,30
climbing,98820,98768,98820,52
sniffing,98821,98820,98821,1
walking,98854,98821,98854,33
sniffing,98917,98854,98917,63
stepping,98953,98917,98953,36
right_turning,98983,98953,98983,30
walking,99002,98983,99002,19
sniffing,99003,99002,99003,1
walking,99050,99003,99050,47
stepping,99079,99050,99079,29
right_turning,99095,99079,99095,16
sniffing,99137,99095,99137,42
rearing,99150,99137,99150,13
sniffing,99234,99150,99234,84
left_turning,99266,99234,99266,32
sniffing,99309,99266,99309,43
rearing,99386,99309,99386,77
grooming,99429,99386,99429,43
sniffing,99467,99429,99467,38
walking,99499,99467,99499,32
sniffing,99563,99499,99563,64
grooming,99564,99563,99564,1
sniffing,99601,99564,99601,37
rising,99602,99601,99602,1
rearing,99637,99602,99637,35
grooming,99911,99637,99911,274
rearing,99912,99911,99912,1
left_turning,99935,99912,99935,23
grooming,100210,99935,100210,275
left_turning,100297,100210,100297,87
grooming,100298,100297,100298,1
rearing,100340,100298,100340,42
sniffing,100380,100340,100380,40
hunching,100440,100380,100440,60
grooming,100506,100440,100506,66
hunching,100520,100506,100520,14
left_turning,100575,100520,100575,55
stepping,100614,100575,100614,39
sniffing,100656,100614,100656,42
walking,100694,100656,100694,38
sniffing,100759,100694,100759,65
left_turning,100791,100759,100791,32
climbing,100792,100791,100792,1
grooming,100870,100792,100870,78
left_turning,100933,100870,100933,63
sniffing,101047,100933,101047,114
scratching,101086,101047,101086,39
sniffing,101103,101086,101103,17
stepping,101111,101103,101111,8
rising,101122,101111,101122,11
walking,101144,101122,101144,22
climbing,101168,101144,101168,24
rearing,101169,101168,101169,1
rising,101202,101169,101202,33
sniffing,101263,101202,101263,61
grooming,101264,101263,101264,1
rearing,101310,101264,101310,46
rising,101342,101310,101342,32
rearing,101343,101342,101343,1
sniffing,101391,101343,101391,48
right_turning,101397,101391,101397,6
stepping,101468,101397,101468,71
grooming,101574,101468,101574,106
sniffing,101607,101574,101607,33
left_turning,101608,101607,101608,1
rising,101682,101608,101682,74
sniffing,101683,101682,101683,1
walking,101718,101683,101718,35
running,101740,101718,101740,22
walking,101762,101740,101762,22
rearing,101844,101762,101844,82
hunching,101885,101844,101885,41
left_turning,101941,101885,101941,56
sniffing,101977,101941,101977,36
climbing,102008,101977,102008,31
grooming,102273,102008,102273,265
rearing,102320,102273,102320,47
sniffing,102321,102320,102321,1
walking,102343,102321,102343,22
jumping,102344,102343,102344,1
rearing,102354,102344,102354,10
grooming,102355,102354,102355,1
sniffing,102356,102355,102356,1
stepping,102383,102356,102383,27
walking,102404,102383,102404,21
stepping,102446,102404,102446,42
sniffing,102500,102446,102500,54
rising,102501,102500,102501,1
sniffing,102554,102501,102554,53
rising,102618,102554,102618,64
climbing,102668,102618,102668,50
sniffing,102721,102668,102721,53
right_turning,102729,102721,102729,8
climbing,102759,102729,102759,30
rearing,102920,102759,102920,161
grooming,103107,102920,103107,187
rearing,103175,103107,103175,68
rising,103227,103175,103227,52
sniffing,103350,103227,103350,123
stepping,103369,103350,103369,19
sniffing,103469,103369,103469,100
walking,103477,103469,103477,8
sniffing,103519,103477,103519,42
rising,103520,103519,103520,1
climbing,103548,103520,103548,28
rising,103582,103548,103582,34
rearing,103622,103582,103622,40
climbing,103623,103622,103623,1
rearing,103715,103623,103715,92
grooming,103871,103715,103871,156
sniffing,103878,103871,103878,7
grooming,104528,103878,104528,650
rearing,104529,104528,104529,1
hunching,104635,104529,104635,106
sniffing,104675,104635,104675,40
right_turning,104677,104675,104677,2
stepping,104751,104677,104751,74
walking,104787,104751,104787,36
running,104799,104787,104799,12
walking,104820,104799,104820,21
sniffing,104906,104820,104906,86
left_turning,104925,104906,104925,19
sniffing,104981,104925,104981,56
walking,105045,104981,105045,64
rising,105046,105045,105046,1
sniffing,105052,105046,105052,6
stepping,105062,105052,105062,10
climbing,105075,105062,105075,13
rearing,105076,105075,105076,1
climbing,105192,105076,105192,116
trotting,105205,105192,105205,13
rising,105239,105205,105239,34
left_turning,105275,105239,105275,36
sniffing,105297,105275,105297,22
stepping,105326,105297,105326,29
rearing,105346,105326,105346,20
climbing,105381,105346,105381,35
rearing,105593,105381,105593,212
scratching,105616,105593,105616,23
grooming,105725,105616,105725,109
rearing,105780,105725,105780,55
rising,105866,105780,105866,86
rearing,105957,105866,105957,91
grooming,106108,105957,106108,151
sniffing,106162,106108,106162,54
rising,106210,106162,106210,48
rearing,106285,106210,106285,75
climbing,106307,106285,106307,22
rising,106445,106307,106445,138
left_turning,106466,106445,106466,21
stepping,106502,106466,106502,36
sniffing,106617,106502,106617,115
rising,106671,106617,106671,54
stepping,106706,106671,106706,35
rising,106707,106706,106707,1
climbing,106708,106707,106708,1
grooming,106709,106708,106709,1
rearing,106741,106709,106741,32
left_turning,106845,106741,106845,104
walking,106864,106845,106864,19
rearing,106917,106864,106917,53
sniffing,106982,106917,106982,65
grooming,107255,106982,107255,273
rearing,107346,107255,107346,91
rising,107386,107346,107386,40
walking,107429,107386,107429,43
stepping,107437,107429,107437,8
sniffing,107443,107437,107443,6
left_turning,107444,107443,107444,1
trotting,107453,107444,107453,9
jumping,107489,107453,107489,36
grooming,107599,107489,107599,110
stepping,107621,107599,107621,22
sniffing,107654,107621,107654,33
walking,107676,107654,107676,22
climbing,107713,107676,107713,37
stepping,107774,107713,107774,61
sniffing,107806,107774,107806,32
walking,107827,107806,107827,21
rearing,107922,107827,107922,95
grooming,108000,107922,108000,78
