revised_movement_label,segBoundary,segBoundary_start,segBoundary_end,length
right_turning,32,0,32,32
walking,42,32,42,10
sniffing,87,42,87,45
stepping,136,87,136,49
sniffing,162,136,162,26
left_turning,234,162,234,72
sniffing,235,234,235,1
stepping,249,235,249,14
walking,250,249,250,1
rearing,476,250,476,226
grooming,578,476,578,102
hunching,755,578,755,177
rising,769,755,769,14
right_turning,789,769,789,20
running,805,789,805,16
trotting,829,805,829,24
running,843,829,843,14
trotting,848,843,848,5
running,890,848,890,42
sniffing,942,890,942,52
hunching,1005,942,1005,63
grooming,1198,1005,1198,193
rising,1205,1198,1205,7
walking,1229,1205,1229,24
rising,1300,1229,1300,71
sniffing,1313,1300,1313,13
rising,1391,1313,1391,78
sniffing,1392,1391,1392,1
walking,1404,1392,1404,12
running,1422,1404,1422,18
trotting,1470,1422,1470,48
walking,1492,1470,1492,22
stepping,1493,1492,1493,1
walking,1571,1493,1571,78
sniffing,1574,1571,1574,3
trotting,1575,1574,1575,1
running,1593,1575,1593,18
rising,1653,1593,1653,60
grooming,1694,1653,1694,41
rearing,1847,1694,1847,153
sniffing,1870,1847,1870,23
walking,1949,1870,1949,79
stepping,1974,1949,1974,25
sniffing,2019,1974,2019,45
stepping,2040,2019,2040,21
sniffing,2099,2040,2099,59
rising,2142,2099,2142,43
sniffing,2258,2142,2258,116
left_turning,2282,2258,2282,24
stepping,2298,2282,2298,16
rising,2338,2298,2338,40
walking,2404,2338,2404,66
stepping,2441,2404,2441,37
sniffing,2464,2441,2464,23
rising,2601,2464,2601,137
hunching,2662,2601,2662,61
grooming,2707,2662,2707,45
walking,2713,2707,2713,6
trotting,2727,2713,2727,14
rising,2780,2727,2780,53
climbing,2800,2780,2800,20
sniffing,2807,2800,2807,7
walking,2837,2807,2837,30
sniffing,2918,2837,2918,81
trotting,2935,2918,2935,17
walking,2976,2935,2976,41
trotting,2984,2976,2984,8
walking,3014,2984,3014,30
rising,3081,3014,3081,67
grooming,3126,3081,3126,45
rising,3201,3126,3201,75
grooming,3449,3201,3449,248
left_turning,3450,3449,3450,1
hunching,3504,3450,3504,54
grooming,3587,3504,3587,83
walking,3635,3587,3635,48
stepping,3660,3635,3660,25
sniffing,3675,3660,3675,15
stepping,3689,3675,3689,14
sniffing,3785,3689,3785,96
walking,3793,3785,3793,8
stepping,3813,3793,3813,20
sniffing,3901,3813,3901,88
grooming,3902,3901,3902,1
sniffing,3931,3902,3931,29
walking,3932,3931,3932,1
trotting,3944,3932,3944,12
running,3990,3944,3990,46
walking,3991,3990,3991,1
stepping,3992,3991,3992,1
walking,4047,3992,4047,55
sniffing,4049,4047,4049,2
walking,4053,4049,4053,4
sniffing,4107,4053,4107,54
walking,4108,4107,4108,1
running,4134,4108,4134,26
walking,4157,4134,4157,23
stepping,4180,4157,4180,23
walking,4214,4180,4214,34
sniffing,4292,4214,4292,78
walking,4317,4292,4317,25
rising,4417,4317,4417,100
grooming,4451,4417,4451,34
left_turning,4459,4451,4459,8
sniffing,4531,4459,4531,72
right_turning,4563,4531,4563,32
walking,4575,4563,4575,12
running,4596,4575,4596,21
stepping,4622,4596,4622,26
trotting,4645,4622,4645,23
rising,4698,4645,4698,53
right_turning,4699,4698,4699,1
stepping,4720,4699,4720,21
sniffing,4739,4720,4739,19
stepping,4783,4739,4783,44
sniffing,4784,4783,4784,1
rising,4857,4784,4857,73
left_turning,4892,4857,4892,35
sniffing,4923,4892,4923,31
walking,4980,4923,4980,57
sniffing,4981,4980,4981,1
walking,5003,4981,5003,22
stepping,5031,5003,5031,28
sniffing,5116,5031,5116,85
grooming,5117,5116,5117,1
right_turning,5138,5117,5138,21
walking,5170,5138,5170,32
rising,5219,5170,5219,49
walking,5225,5219,5225,6
trotting,5263,5225,5263,38
stepping,5273,5263,5273,10
left_turning,5292,5273,5292,19
sniffing,5396,5292,5396,104
rearing,5486,5396,5486,90
grooming,5570,5486,5570,84
hunching,5675,5570,5675,105
climbing,5692,5675,5692,17
grooming,5741,5692,5741,49
rising,5742,5741,5742,1
stepping,5903,5742,5903,161
sniffing,5904,5903,5904,1
rising,5947,5904,5947,43
sniffing,6038,5947,6038,91
hunching,6140,6038,6140,102
climbing,6161,6140,6161,21
right_turning,6166,6161,6166,5
walking,6180,6166,6180,14
sniffing,6201,6180,6201,21
rising,6204,6201,6204,3
sniffing,6222,6204,6222,18
stepping,6223,6222,6223,1
sniffing,6276,6223,6276,53
stepping,6297,6276,6297,21
walking,6377,6297,6377,80
running,6396,6377,6396,19
rising,6407,6396,6407,11
sniffing,6408,6407,6408,1
rising,6415,6408,6415,7
hunching,6465,6415,6465,50
running,6502,6465,6502,37
trotting,6533,6502,6533,31
stepping,6568,6533,6568,35
grooming,6699,6568,6699,131
sniffing,6772,6699,6772,73
left_turning,6792,6772,6792,20
sniffing,6807,6792,6807,15
stepping,6841,6807,6841,34
grooming,6842,6841,6842,1
left_turning,6882,6842,6882,40
rising,6883,6882,6883,1
right_turning,6897,6883,6897,14
walking,6931,6897,6931,34
sniffing,7023,6931,7023,92
trotting,7056,7023,7056,33
sniffing,7231,7056,7231,175
rising,7235,7231,7235,4
rearing,7236,7235,7236,1
walking,7280,7236,7280,44
sniffing,7302,7280,7302,22
rising,7433,7302,7433,131
trotting,7455,7433,7455,22
sniffing,7554,7455,7554,99
rising,7617,7554,7617,63
walking,7643,7617,7643,26
stepping,7696,7643,7696,53
trotting,7704,7696,7704,8
rising,7789,7704,7789,85
stepping,7815,7789,7815,26
sniffing,7957,7815,7957,142
grooming,7958,7957,7958,1
left_turning,7959,7958,7959,1
walking,7977,7959,7977,18
rising,8173,7977,8173,196
rearing,8174,8173,8174,1
grooming,8291,8174,8291,117
sniffing,8295,8291,8295,4
rising,8326,8295,8326,31
climbing,8368,8326,8368,42
rearing,8458,8368,8458,90
hunching,8503,8458,8503,45
sniffing,8504,8503,8504,1
grooming,8518,8504,8518,14
sniffing,8600,8518,8600,82
left_turning,8632,8600,8632,32
rising,8778,8632,8778,146
sniffing,8828,8778,8828,50
stepping,8861,8828,8861,33
sniffing,8890,8861,8890,29
trotting,8923,8890,8923,33
stepping,8936,8923,8936,13
grooming,8937,8936,8937,1
sniffing,8970,8937,8970,33
walking,9007,8970,9007,37
stepping,9115,9007,9115,108
walking,9137,9115,9137,22
right_turning,9173,9137,9173,36
stepping,9184,9173,9184,11
trotting,9214,9184,9214,30
walking,9224,9214,9224,10
stepping,9256,9224,9256,32
rearing,9308,9256,9308,52
grooming,9355,9308,9355,47
trotting,9365,9355,9365,10
sniffing,9415,9365,9415,50
grooming,9416,9415,9416,1
sniffing,9452,9416,9452,36
stepping,9488,9452,9488,36
trotting,9530,9488,9530,42
walking,9587,9530,9587,57
stepping,9594,9587,9594,7
climbing,9671,9594,9671,77
grooming,9672,9671,9672,1
left_turning,9673,9672,9673,1
sniffing,9720,9673,9720,47
rising,9757,9720,9757,37
grooming,9758,9757,9758,1
rearing,9772,9758,9772,14
walking,9810,9772,9810,38
running,9845,9810,9845,35
grooming,9846,9845,9846,1
sniffing,9878,9846,9878,32
stepping,9888,9878,9888,10
grooming,10150,9888,10150,262
rearing,10221,10150,10221,71
walking,10273,10221,10273,52
sniffing,10274,10273,10274,1
trotting,10309,10274,10309,35
grooming,10310,10309,10310,1
rearing,10327,10310,10327,17
walking,10331,10327,10331,4
stepping,10449,10331,10449,118
grooming,10816,10449,10816,367
rising,10880,10816,10880,64
left_turning,10934,10880,10934,54
trotting,10992,10934,10992,58
walking,10995,10992,10995,3
trotting,11007,10995,11007,12
stepping,11023,11007,11023,16
sniffing,11090,11023,11090,67
left_turning,11102,11090,11102,12
sniffing,11181,11102,11181,79
grooming,12185,11181,12185,1004
rearing,12186,12185,12186,1
sniffing,12275,12186,12275,89
grooming,12276,12275,12276,1
hunching,12363,12276,12363,87
grooming,12624,12363,12624,261
rearing,12635,12624,12635,11
walking,12694,12635,12694,59
rearing,12695,12694,12695,1
hunching,12705,12695,12705,10
rising,12779,12705,12779,74
trotting,12808,12779,12808,29
stepping,12809,12808,12809,1
rising,12861,12809,12861,52
grooming,13236,12861,13236,375
right_turning,13247,13236,13247,11
sniffing,13284,13247,13284,37
rising,13316,13284,13316,32
climbing,13366,13316,13366,50
grooming,13616,13366,13616,250
stepping,13695,13616,13695,79
grooming,14049,13695,14049,354
sniffing,14064,14049,14064,15
grooming,14225,14064,14225,161
sniffing,14236,14225,14236,11
hunching,14237,14236,14237,1
rearing,14310,14237,14310,73
hunching,14523,14310,14523,213
grooming,14944,14523,14944,421
rearing,15013,14944,15013,69
right_turning,15054,15013,15054,41
running,15059,15054,15059,5
rising,15084,15059,15084,25
left_turning,15127,15084,15127,43
running,15167,15127,15167,40
stepping,15232,15167,15232,65
walking,15277,15232,15277,45
trotting,15307,15277,15307,30
grooming,16157,15307,16157,850
running,16168,16157,16168,11
walking,16217,16168,16217,49
sniffing,16255,16217,16255,38
walking,16276,16255,16276,21
sniffing,16337,16276,16337,61
right_turning,16353,16337,16353,16
stepping,16380,16353,16380,27
running,16400,16380,16400,20
stepping,16415,16400,16415,15
grooming,16737,16415,16737,322
left_turning,16739,16737,16739,2
stepping,16774,16739,16774,35
left_turning,16780,16774,16780,6
running,16795,16780,16795,15
grooming,16796,16795,16796,1
rising,16828,16796,16828,32
sniffing,16854,16828,16854,26
stepping,16873,16854,16873,19
walking,16928,16873,16928,55
grooming,17014,16928,17014,86
hunching,17052,17014,17052,38
grooming,17053,17052,17053,1
hunching,17096,17053,17096,43
sniffing,17142,17096,17142,46
walking,17203,17142,17203,61
stepping,17204,17203,17204,1
sniffing,17216,17204,17216,12
rearing,17296,17216,17296,80
climbing,17340,17296,17340,44
left_turning,17344,17340,17344,4
walking,17363,17344,17363,19
stepping,17392,17363,17392,29
walking,17396,17392,17396,4
stepping,17471,17396,17471,75
sniffing,17505,17471,17505,34
rising,17507,17505,17507,2
left_turning,17513,17507,17513,6
trotting,17522,17513,17522,9
stepping,17526,17522,17526,4
walking,17527,17526,17527,1
stepping,17549,17527,17549,22
rising,17556,17549,17556,7
rearing,17608,17556,17608,52
hunching,17619,17608,17619,11
grooming,18427,17619,18427,808
walking,18454,18427,18454,27
stepping,18510,18454,18510,56
sniffing,18570,18510,18570,60
grooming,18571,18570,18571,1
rearing,18656,18571,18656,85
climbing,18699,18656,18699,43
sniffing,18747,18699,18747,48
rising,18766,18747,18766,19
stepping,18799,18766,18799,33
climbing,18851,18799,18851,52
walking,18863,18851,18863,12
sniffing,18883,18863,18883,20
left_turning,18896,18883,18896,13
sniffing,18935,18896,18935,39
stepping,18939,18935,18939,4
rising,18982,18939,18982,43
walking,18990,18982,18990,8
sniffing,18998,18990,18998,8
rising,19029,18998,19029,31
stepping,19038,19029,19038,9
walking,19086,19038,19086,48
rising,19140,19086,19140,54
grooming,19302,19140,19302,162
walking,19353,19302,19353,51
right_turning,19387,19353,19387,34
stepping,19421,19387,19421,34
running,19454,19421,19454,33
sniffing,19504,19454,19504,50
rising,19532,19504,19532,28
sniffing,19573,19532,19573,41
grooming,19617,19573,19617,44
running,19630,19617,19630,13
stepping,19637,19630,19637,7
sniffing,19650,19637,19650,13
stepping,19664,19650,19664,14
walking,19682,19664,19682,18
sniffing,19728,19682,19728,46
walking,19768,19728,19768,40
left_turning,19796,19768,19796,28
walking,19809,19796,19809,13
rising,19810,19809,19810,1
climbing,19825,19810,19825,15
hunching,20125,19825,20125,300
sniffing,20182,20125,20182,57
walking,20226,20182,20226,44
stepping,20244,20226,20244,18
grooming,20390,20244,20390,146
rearing,20679,20390,20679,289
walking,20700,20679,20700,21
rearing,20789,20700,20789,89
sniffing,20857,20789,20857,68
walking,20885,20857,20885,28
sniffing,20938,20885,20938,53
walking,21018,20938,21018,80
stepping,21066,21018,21066,48
sniffing,21068,21066,21068,2
walking,21077,21068,21077,9
stepping,21078,21077,21078,1
walking,21110,21078,21110,32
sniffing,21241,21110,21241,131
climbing,21294,21241,21294,53
left_turning,21311,21294,21311,17
walking,21319,21311,21319,8
sniffing,21372,21319,21372,53
stepping,21435,21372,21435,63
sniffing,21592,21435,21592,157
stepping,21593,21592,21593,1
walking,21623,21593,21623,30
stepping,21670,21623,21670,47
climbing,21735,21670,21735,65
grooming,21919,21735,21919,184
right_turning,21921,21919,21921,2
sniffing,21956,21921,21956,35
left_turning,21984,21956,21984,28
scratching,22020,21984,22020,36
left_turning,22068,22020,22068,48
sniffing,22091,22068,22091,23
rising,22092,22091,22092,1
stepping,22101,22092,22101,9
sniffing,22102,22101,22102,1
stepping,22120,22102,22120,18
sniffing,22175,22120,22175,55
climbing,22202,22175,22202,27
running,22245,22202,22245,43
sniffing,22246,22245,22246,1
rising,22247,22246,22247,1
sniffing,22283,22247,22283,36
rearing,22322,22283,22322,39
sniffing,22334,22322,22334,12
stepping,22362,22334,22362,28
grooming,22363,22362,22363,1
climbing,22414,22363,22414,51
grooming,22419,22414,22419,5
hunching,22691,22419,22691,272
rearing,22692,22691,22692,1
sniffing,22714,22692,22714,22
rearing,22771,22714,22771,57
grooming,22784,22771,22784,13
trotting,22809,22784,22809,25
sniffing,22850,22809,22850,41
scratching,22934,22850,22934,84
sniffing,22935,22934,22935,1
rising,22943,22935,22943,8
hunching,22948,22943,22948,5
grooming,23027,22948,23027,79
stepping,23028,23027,23028,1
walking,23068,23028,23068,40
rising,23119,23068,23119,51
sniffing,23120,23119,23120,1
left_turning,23156,23120,23156,36
walking,23188,23156,23188,32
left_turning,23205,23188,23205,17
walking,23232,23205,23232,27
rearing,23345,23232,23345,113
climbing,23378,23345,23378,33
grooming,23634,23378,23634,256
climbing,23721,23634,23721,87
right_turning,23730,23721,23730,9
walking,23750,23730,23750,20
rearing,23751,23750,23751,1
walking,23783,23751,23783,32
sniffing,23784,23783,23784,1
rising,23820,23784,23820,36
walking,23866,23820,23866,46
trotting,23890,23866,23890,24
running,23910,23890,23910,20
stepping,23928,23910,23928,18
rising,23945,23928,23945,17
climbing,23952,23945,23952,7
right_turning,23972,23952,23972,20
sniffing,24014,23972,24014,42
grooming,24015,24014,24015,1
trotting,24029,24015,24029,14
walking,24129,24029,24129,100
grooming,24202,24129,24202,73
left_turning,24230,24202,24230,28
walking,24262,24230,24262,32
sniffing,24310,24262,24310,48
stepping,24322,24310,24322,12
sniffing,24340,24322,24340,18
climbing,24366,24340,24366,26
grooming,24487,24366,24487,121
rearing,24488,24487,24488,1
grooming,24775,24488,24775,287
sniffing,24823,24775,24823,48
climbing,24863,24823,24863,40
left_turning,24873,24863,24873,10
running,24906,24873,24906,33
grooming,25161,24906,25161,255
rearing,25322,25161,25322,161
grooming,25389,25322,25389,67
rearing,25416,25389,25416,27
rising,25454,25416,25454,38
rearing,25479,25454,25479,25
climbing,25513,25479,25513,34
sniffing,25538,25513,25538,25
rising,25577,25538,25577,39
grooming,25578,25577,25578,1
running,25590,25578,25590,12
walking,25644,25590,25644,54
sniffing,25754,25644,25754,110
grooming,25963,25754,25963,209
sniffing,26021,25963,26021,58
rearing,26113,26021,26113,92
sniffing,26127,26113,26127,14
stepping,26164,26127,26164,37
sniffing,26222,26164,26222,58
walking,26241,26222,26241,19
sniffing,26254,26241,26254,13
grooming,26256,26254,26256,2
left_turning,26300,26256,26300,44
walking,26346,26300,26346,46
sniffing,26369,26346,26369,23
walking,26408,26369,26408,39
sniffing,26411,26408,26411,3
left_turning,26426,26411,26426,15
rearing,26573,26426,26573,147
sniffing,26588,26573,26588,15
rising,26624,26588,26624,36
walking,26677,26624,26677,53
stepping,26724,26677,26724,47
trotting,26735,26724,26735,11
rearing,26736,26735,26736,1
climbing,26797,26736,26797,61
grooming,27097,26797,27097,300
walking,27131,27097,27131,34
stepping,27148,27131,27148,17
left_turning,27158,27148,27158,10
stepping,27180,27158,27180,22
left_turning,27185,27180,27185,5
stepping,27207,27185,27207,22
walking,27227,27207,27227,20
sniffing,27297,27227,27297,70
climbing,27326,27297,27326,29
left_turning,27342,27326,27342,16
sniffing,27421,27342,27421,79
left_turning,27447,27421,27447,26
walking,27468,27447,27468,21
left_turning,27489,27468,27489,21
trotting,27504,27489,27504,15
walking,27536,27504,27536,32
rising,27606,27536,27606,70
rearing,27607,27606,27607,1
rising,27673,27607,27673,66
climbing,27677,27673,27677,4
stepping,27713,27677,27713,36
walking,27785,27713,27785,72
rearing,27871,27785,27871,86
grooming,28401,27871,28401,530
rearing,28464,28401,28464,63
grooming,28465,28464,28465,1
walking,28498,28465,28498,33
sniffing,28503,28498,28503,5
walking,28547,28503,28547,44
stepping,28570,28547,28570,23
rearing,28580,28570,28580,10
stepping,28602,28580,28602,22
walking,28618,28602,28618,16
sniffing,28662,28618,28662,44
rising,28678,28662,28678,16
right_turning,28713,28678,28713,35
walking,28758,28713,28758,45
sniffing,28814,28758,28814,56
grooming,29073,28814,29073,259
rearing,29151,29073,29151,78
grooming,29249,29151,29249,98
stepping,29250,29249,29250,1
sniffing,29342,29250,29342,92
left_turning,29397,29342,29397,55
climbing,29452,29397,29452,55
walking,29486,29452,29486,34
sniffing,29487,29486,29487,1
rising,29526,29487,29526,39
hunching,29585,29526,29585,59
grooming,29586,29585,29586,1
sniffing,29632,29586,29632,46
rearing,29707,29632,29707,75
hunching,29736,29707,29736,29
stepping,29746,29736,29746,10
sniffing,29872,29746,29872,126
trotting,29891,29872,29891,19
walking,29908,29891,29908,17
sniffing,29956,29908,29956,48
grooming,30104,29956,30104,148
rearing,30115,30104,30115,11
grooming,30116,30115,30116,1
left_turning,30129,30116,30129,13
walking,30163,30129,30163,34
trotting,30192,30163,30192,29
sniffing,30271,30192,30271,79
rising,30297,30271,30297,26
hunching,30351,30297,30351,54
grooming,30448,30351,30448,97
hunching,30682,30448,30682,234
rearing,30773,30682,30773,91
grooming,30996,30773,30996,223
trotting,31026,30996,31026,30
rising,31051,31026,31051,25
grooming,31217,31051,31217,166
stepping,31277,31217,31277,60
climbing,31317,31277,31317,40
walking,31436,31317,31436,119
stepping,31470,31436,31470,34
climbing,31530,31470,31530,60
rearing,31561,31530,31561,31
grooming,31562,31561,31562,1
hunching,31590,31562,31590,28
rearing,31674,31590,31674,84
hunching,31754,31674,31754,80
rising,31767,31754,31767,13
climbing,31795,31767,31795,28
walking,31833,31795,31833,38
sniffing,31852,31833,31852,19
hunching,31853,31852,31853,1
trotting,31878,31853,31878,25
walking,31887,31878,31887,9
rising,31932,31887,31932,45
climbing,31977,31932,31977,45
grooming,32060,31977,32060,83
rearing,32105,32060,32105,45
hunching,32182,32105,32182,77
rearing,32183,32182,32183,1
left_turning,32209,32183,32209,26
grooming,32310,32209,32310,101
climbing,32366,32310,32366,56
grooming,32553,32366,32553,187
rearing,32670,32553,32670,117
grooming,32671,32670,32671,1
climbing,32715,32671,32715,44
sniffing,32716,32715,32716,1
climbing,32788,32716,32788,72
rearing,32789,32788,32789,1
grooming,33011,32789,33011,222
left_turning,33116,33011,33116,105
walking,33144,33116,33144,28
sniffing,33173,33144,33173,29
stepping,33190,33173,33190,17
sniffing,33368,33190,33368,178
rising,33404,33368,33404,36
sniffing,33458,33404,33458,54
walking,33469,33458,33469,11
sniffing,33492,33469,33492,23
rising,33528,33492,33528,36
sniffing,33529,33528,33529,1
running,33552,33529,33552,23
rising,33585,33552,33585,33
grooming,33586,33585,33586,1
right_turning,33599,33586,33599,13
walking,33656,33599,33656,57
rising,33703,33656,33703,47
rearing,33929,33703,33929,226
sniffing,33936,33929,33936,7
grooming,34042,33936,34042,106
running,34068,34042,34068,26
walking,34107,34068,34107,39
climbing,34168,34107,34168,61
left_turning,34169,34168,34169,1
sniffing,34185,34169,34185,16
climbing,34252,34185,34252,67
grooming,34402,34252,34402,150
hunching,34408,34402,34408,6
left_turning,34410,34408,34410,2
climbing,34473,34410,34473,63
stepping,34485,34473,34485,12
sniffing,34486,34485,34486,1
stepping,34506,34486,34506,20
running,34543,34506,34543,37
walking,34556,34543,34556,13
stepping,34627,34556,34627,71
rising,34664,34627,34664,37
climbing,34713,34664,34713,49
rising,34762,34713,34762,49
left_turning,34786,34762,34786,24
sniffing,34821,34786,34821,35
rising,34891,34821,34891,70
sniffing,34978,34891,34978,87
stepping,34987,34978,34987,9
sniffing,35024,34987,35024,37
walking,35041,35024,35041,17
stepping,35063,35041,35063,22
walking,35064,35063,35064,1
trotting,35075,35064,35075,11
walking,35121,35075,35121,46
trotting,35136,35121,35136,15
sniffing,35225,35136,35225,89
rising,35283,35225,35283,58
climbing,35326,35283,35326,43
grooming,35492,35326,35492,166
rearing,35703,35492,35703,211
grooming,35901,35703,35901,198
trotting,35929,35901,35929,28
sniffing,35952,35929,35952,23
left_turning,36005,35952,36005,53
stepping,36029,36005,36029,24
sniffing,36041,36029,36041,12
climbing,36061,36041,36061,20
rearing,36158,36061,36158,97
left_turning,36195,36158,36195,37
sniffing,36236,36195,36236,41
left_turning,36312,36236,36312,76
climbing,36387,36312,36387,75
stepping,36396,36387,36396,9
walking,36400,36396,36400,4
stepping,36422,36400,36422,22
sniffing,36465,36422,36465,43
grooming,36580,36465,36580,115
scratching,36598,36580,36598,18
sniffing,36625,36598,36625,27
stepping,36649,36625,36649,24
rearing,36677,36649,36677,28
walking,36757,36677,36757,80
stepping,36779,36757,36779,22
walking,36803,36779,36803,24
stepping,36819,36803,36819,16
sniffing,36878,36819,36878,59
stepping,36907,36878,36907,29
walking,36940,36907,36940,33
trotting,36961,36940,36961,21
stepping,37012,36961,37012,51
grooming,37455,37012,37455,443
rearing,37505,37455,37505,50
hunching,37506,37505,37506,1
rearing,37516,37506,37516,10
rising,37563,37516,37563,47
grooming,37835,37563,37835,272
sniffing,37865,37835,37865,30
stepping,37886,37865,37886,21
sniffing,37903,37886,37903,17
stepping,37948,37903,37948,45
sniffing,37972,37948,37972,24
stepping,37981,37972,37981,9
climbing,38041,37981,38041,60
sniffing,38057,38041,38057,16
stepping,38082,38057,38082,25
trotting,38124,38082,38124,42
rising,38186,38124,38186,62
sniffing,38225,38186,38225,39
walking,38315,38225,38315,90
stepping,38358,38315,38358,43
walking,38432,38358,38432,74
stepping,38453,38432,38453,21
rising,38454,38453,38454,1
stepping,38481,38454,38481,27
sniffing,38532,38481,38532,51
rising,38533,38532,38533,1
sniffing,38536,38533,38536,3
walking,38573,38536,38573,37
sniffing,38672,38573,38672,99
rising,38702,38672,38702,30
rearing,38710,38702,38710,8
hunching,38784,38710,38784,74
rearing,38801,38784,38801,17
grooming,39133,38801,39133,332
stepping,39155,39133,39155,22
rising,39199,39155,39199,44
climbing,39223,39199,39223,24
stepping,39235,39223,39235,12
rising,39319,39235,39319,84
sniffing,39352,39319,39352,33
right_turning,39360,39352,39360,8
rising,39403,39360,39403,43
climbing,39439,39403,39439,36
walking,39490,39439,39490,51
stepping,39499,39490,39499,9
trotting,39502,39499,39502,3
grooming,39674,39502,39674,172
hunching,39779,39674,39779,105
grooming,39780,39779,39780,1
hunching,39908,39780,39908,128
sniffing,39920,39908,39920,12
walking,39951,39920,39951,31
rising,39977,39951,39977,26
grooming,40277,39977,40277,300
left_turning,40278,40277,40278,1
climbing,40288,40278,40288,10
stepping,40337,40288,40337,49
walking,40384,40337,40384,47
sniffing,40476,40384,40476,92
left_turning,40513,40476,40513,37
grooming,40611,40513,40611,98
hunching,40629,40611,40629,18
grooming,40630,40629,40630,1
walking,40631,40630,40631,1
running,40648,40631,40648,17
trotting,40654,40648,40654,6
sniffing,40689,40654,40689,35
walking,40703,40689,40703,14
left_turning,40707,40703,40707,4
grooming,40844,40707,40844,137
hunching,40976,40844,40976,132
grooming,41141,40976,41141,165
running,41157,41141,41157,16
stepping,41188,41157,41188,31
sniffing,41202,41188,41202,14
left_turning,41203,41202,41203,1
running,41215,41203,41215,12
sniffing,41263,41215,41263,48
trotting,41280,41263,41280,17
rising,41288,41280,41288,8
left_turning,41289,41288,41289,1
grooming,41771,41289,41771,482
hunching,41799,41771,41799,28
rising,41812,41799,41812,13
climbing,41870,41812,41870,58
running,41921,41870,41921,51
sniffing,41983,41921,41983,62
left_turning,42049,41983,42049,66
climbing,42081,42049,42081,32
running,42112,42081,42112,31
stepping,42137,42112,42137,25
sniffing,42140,42137,42140,3
walking,42162,42140,42162,22
sniffing,42198,42162,42198,36
trotting,42216,42198,42216,18
climbing,42286,42216,42286,70
running,42306,42286,42306,20
climbing,42339,42306,42339,33
rising,42386,42339,42386,47
sniffing,42411,42386,42411,25
left_turning,42457,42411,42457,46
hunching,42563,42457,42563,106
sniffing,42597,42563,42597,34
left_turning,42618,42597,42618,21
climbing,42639,42618,42639,21
left_turning,42640,42639,42640,1
climbing,42682,42640,42682,42
rearing,42683,42682,42683,1
running,42729,42683,42729,46
rising,42779,42729,42779,50
climbing,42833,42779,42833,54
left_turning,42868,42833,42868,35
sniffing,42869,42868,42869,1
stepping,42894,42869,42894,25
grooming,42924,42894,42924,30
walking,42956,42924,42956,32
climbing,42994,42956,42994,38
grooming,42995,42994,42995,1
right_turning,43002,42995,43002,7
stepping,43067,43002,43067,65
sniffing,43096,43067,43096,29
walking,43155,43096,43155,59
sniffing,43156,43155,43156,1
left_turning,43165,43156,43165,9
stepping,43174,43165,43174,9
rising,43209,43174,43209,35
right_turning,43259,43209,43259,50
sniffing,43270,43259,43270,11
left_turning,43326,43270,43326,56
sniffing,43363,43326,43363,37
rising,43411,43363,43411,48
stepping,43423,43411,43423,12
sniffing,43424,43423,43424,1
scratching,43477,43424,43477,53
walking,43555,43477,43555,78
sniffing,43572,43555,43572,17
stepping,43585,43572,43585,13
walking,43613,43585,43613,28
stepping,43657,43613,43657,44
rising,43679,43657,43679,22
sniffing,43710,43679,43710,31
left_turning,43725,43710,43725,15
walking,43812,43725,43812,87
sniffing,43893,43812,43893,81
stepping,43894,43893,43894,1
left_turning,43917,43894,43917,23
rearing,43924,43917,43924,7
climbing,43973,43924,43973,49
running,44003,43973,44003,30
right_turning,44013,44003,44013,10
walking,44045,44013,44045,32
rearing,44105,44045,44105,60
grooming,44106,44105,44106,1
walking,44131,44106,44131,25
left_turning,44174,44131,44174,43
sniffing,44175,44174,44175,1
walking,44228,44175,44228,53
stepping,44267,44228,44267,39
sniffing,44292,44267,44292,25
walking,44338,44292,44338,46
stepping,44363,44338,44363,25
sniffing,44420,44363,44420,57
stepping,44465,44420,44465,45
climbing,44491,44465,44491,26
rising,44492,44491,44492,1
climbing,44557,44492,44557,65
left_turning,44558,44557,44558,1
walking,44560,44558,44560,2
stepping,44576,44560,44576,16
walking,44611,44576,44611,35
sniffing,44617,44611,44617,6
grooming,44849,44617,44849,232
rearing,44850,44849,44850,1
walking,44863,44850,44863,13
stepping,44864,44863,44864,1
walking,44895,44864,44895,31
sniffing,44928,44895,44928,33
rearing,44982,44928,44982,54
climbing,45033,44982,45033,51
walking,45042,45033,45042,9
trotting,45076,45042,45076,34
walking,45096,45076,45096,20
sniffing,45104,45096,45104,8
walking,45114,45104,45114,10
sniffing,45186,45114,45186,72
right_turning,45193,45186,45193,7
sniffing,45271,45193,45271,78
grooming,45427,45271,45427,156
running,45437,45427,45437,10
trotting,45472,45437,45472,35
sniffing,45496,45472,45496,24
walking,45526,45496,45526,30
stepping,45548,45526,45548,22
rising,45549,45548,45549,1
left_turning,45589,45549,45589,40
stepping,45590,45589,45590,1
sniffing,45613,45590,45613,23
grooming,46110,45613,46110,497
trotting,46132,46110,46132,22
stepping,46136,46132,46136,4
climbing,46162,46136,46162,26
walking,46190,46162,46190,28
stepping,46225,46190,46225,35
sniffing,46339,46225,46339,114
walking,46388,46339,46388,49
sniffing,46495,46388,46495,107
stepping,46513,46495,46513,18
rising,46521,46513,46521,8
climbing,46569,46521,46569,48
grooming,46570,46569,46570,1
hunching,46751,46570,46751,181
grooming,46784,46751,46784,33
sniffing,46785,46784,46785,1
left_turning,46844,46785,46844,59
walking,46875,46844,46875,31
grooming,46970,46875,46970,95
sniffing,47010,46970,47010,40
rearing,47011,47010,47011,1
climbing,47034,47011,47034,23
trotting,47054,47034,47054,20
rearing,47104,47054,47104,50
walking,47117,47104,47117,13
sniffing,47358,47117,47358,241
walking,47389,47358,47389,31
rearing,47581,47389,47581,192
rising,47612,47581,47612,31
walking,47630,47612,47630,18
sniffing,47706,47630,47706,76
stepping,47715,47706,47715,9
climbing,47765,47715,47765,50
grooming,47766,47765,47766,1
sniffing,47797,47766,47797,31
running,47819,47797,47819,22
sniffing,47844,47819,47844,25
rising,47846,47844,47846,2
jumping,47847,47846,47847,1
rearing,47946,47847,47946,99
stepping,47953,47946,47953,7
walking,47997,47953,47997,44
climbing,48015,47997,48015,18
rising,48016,48015,48016,1
rearing,48230,48016,48230,214
left_turning,48282,48230,48282,52
trotting,48324,48282,48324,42
walking,48351,48324,48351,27
sniffing,48352,48351,48352,1
walking,48366,48352,48366,14
sniffing,48473,48366,48473,107
stepping,48504,48473,48504,31
walking,48527,48504,48527,23
sniffing,48557,48527,48557,30
right_turning,48574,48557,48574,17
stepping,48581,48574,48581,7
walking,48582,48581,48582,1
sniffing,48638,48582,48638,56
grooming,48639,48638,48639,1
stepping,48724,48639,48724,85
walking,48778,48724,48778,54
sniffing,48876,48778,48876,98
right_turning,48892,48876,48892,16
walking,48901,48892,48901,9
sniffing,49066,48901,49066,165
stepping,49085,49066,49085,19
sniffing,49254,49085,49254,169
grooming,49255,49254,49255,1
sniffing,49290,49255,49290,35
left_turning,49311,49290,49311,21
climbing,49357,49311,49357,46
left_turning,49408,49357,49408,51
trotting,49428,49408,49428,20
stepping,49453,49428,49453,25
sniffing,49490,49453,49490,37
grooming,50048,49490,50048,558
stepping,50073,50048,50073,25
sniffing,50079,50073,50079,6
stepping,50115,50079,50115,36
rising,50153,50115,50153,38
sniffing,50280,50153,50280,127
grooming,50281,50280,50281,1
sniffing,50366,50281,50366,85
running,50398,50366,50398,32
walking,50411,50398,50411,13
climbing,50464,50411,50464,53
right_turning,50475,50464,50475,11
running,50477,50475,50477,2
sniffing,50591,50477,50591,114
left_turning,50600,50591,50600,9
stepping,50679,50600,50679,79
sniffing,50749,50679,50749,70
rising,50750,50749,50750,1
stepping,50778,50750,50778,28
rearing,50779,50778,50779,1
hunching,50780,50779,50780,1
rising,50823,50780,50823,43
left_turning,50849,50823,50849,26
walking,50876,50849,50876,27
stepping,50891,50876,50891,15
sniffing,51013,50891,51013,122
walking,51045,51013,51045,32
sniffing,51111,51045,51111,66
climbing,51150,51111,51150,39
rising,51151,51150,51151,1
grooming,51152,51151,51152,1
trotting,51195,51152,51195,43
stepping,51237,51195,51237,42
walking,51266,51237,51266,29
rearing,51286,51266,51286,20
hunching,51423,51286,51423,137
trotting,51452,51423,51452,29
sniffing,51532,51452,51532,80
rising,51566,51532,51566,34
climbing,51591,51566,51591,25
rearing,51717,51591,51717,126
grooming,51855,51717,51855,138
stepping,51872,51855,51872,17
hunching,51949,51872,51949,77
sniffing,52043,51949,52043,94
walking,52098,52043,52098,55
sniffing,52099,52098,52099,1
rising,52102,52099,52102,3
hunching,52139,52102,52139,37
rearing,52174,52139,52174,35
grooming,52244,52174,52244,70
hunching,52245,52244,52245,1
grooming,52246,52245,52246,1
rearing,52247,52246,52247,1
grooming,53173,52247,53173,926
sniffing,53237,53173,53237,64
stepping,53276,53237,53276,39
rising,53333,53276,53333,57
sniffing,53358,53333,53358,25
stepping,53399,53358,53399,41
sniffing,53462,53399,53462,63
walking,53490,53462,53490,28
climbing,53587,53490,53587,97
walking,53621,53587,53621,34
stepping,53644,53621,53644,23
sniffing,53701,53644,53701,57
walking,53748,53701,53748,47
stepping,53749,53748,53749,1
sniffing,53833,53749,53833,84
left_turning,53892,53833,53892,59
sniffing,53909,53892,53909,17
right_turning,53924,53909,53924,15
sniffing,53932,53924,53932,8
left_turning,53999,53932,53999,67
trotting,54035,53999,54035,36
grooming,54432,54035,54432,397
walking,54490,54432,54490,58
sniffing,54491,54490,54491,1
grooming,54670,54491,54670,179
climbing,54724,54670,54724,54
sniffing,54744,54724,54744,20
rising,54763,54744,54763,19
hunching,54805,54763,54805,42
grooming,54806,54805,54806,1
stepping,54831,54806,54831,25
right_turning,54845,54831,54845,14
stepping,54873,54845,54873,28
walking,54895,54873,54895,22
sniffing,54969,54895,54969,74
stepping,55000,54969,55000,31
walking,55010,55000,55010,10
sniffing,55090,55010,55090,80
walking,55130,55090,55130,40
stepping,55178,55130,55178,48
sniffing,55198,55178,55198,20
stepping,55225,55198,55225,27
trotting,55240,55225,55240,15
stepping,55281,55240,55281,41
rising,55323,55281,55323,42
scratching,55353,55323,55353,30
sniffing,55412,55353,55412,59
rearing,55505,55412,55505,93
climbing,55591,55505,55591,86
grooming,55698,55591,55698,107
sniffing,55699,55698,55699,1
rearing,55737,55699,55737,38
hunching,55820,55737,55820,83
grooming,55859,55820,55859,39
climbing,55884,55859,55884,25
rearing,56141,55884,56141,257
climbing,56159,56141,56159,18
rising,56160,56159,56160,1
hunching,56177,56160,56177,17
grooming,56306,56177,56306,129
rearing,56370,56306,56370,64
climbing,56443,56370,56443,73
grooming,56575,56443,56575,132
walking,56596,56575,56596,21
stepping,56633,56596,56633,37
sniffing,56813,56633,56813,180
rising,56824,56813,56824,11
left_turning,56834,56824,56834,10
sniffing,56892,56834,56892,58
stepping,56948,56892,56948,56
rising,56999,56948,56999,51
sniffing,57014,56999,57014,15
right_turning,57042,57014,57042,28
walking,57071,57042,57071,29
sniffing,57076,57071,57076,5
walking,57099,57076,57099,23
sniffing,57100,57099,57100,1
rearing,57195,57100,57195,95
grooming,57205,57195,57205,10
rising,57255,57205,57255,50
walking,57316,57255,57316,61
jumping,57335,57316,57335,19
hunching,57340,57335,57340,5
sniffing,57341,57340,57341,1
stepping,57382,57341,57382,41
rearing,57390,57382,57390,8
left_turning,57391,57390,57391,1
rearing,57392,57391,57392,1
hunching,57454,57392,57454,62
rearing,57455,57454,57455,1
stepping,57491,57455,57491,36
climbing,57525,57491,57525,34
grooming,57669,57525,57669,144
scratching,57738,57669,57738,69
left_turning,57739,57738,57739,1
walking,57800,57739,57800,61
sniffing,57873,57800,57873,73
rising,57895,57873,57895,22
stepping,57943,57895,57943,48
rearing,58034,57943,58034,91
grooming,58035,58034,58035,1
walking,58059,58035,58059,24
sniffing,58068,58059,58068,9
walking,58069,58068,58069,1
stepping,58079,58069,58079,10
sniffing,58160,58079,58160,81
stepping,58181,58160,58181,21
trotting,58208,58181,58208,27
sniffing,58235,58208,58235,27
rearing,58255,58235,58255,20
jumping,58310,58255,58310,55
rearing,58480,58310,58480,170
grooming,58567,58480,58567,87
left_turning,58600,58567,58600,33
trotting,58623,58600,58623,23
grooming,58812,58623,58812,189
sniffing,58929,58812,58929,117
walking,58936,58929,58936,7
sniffing,58985,58936,58985,49
stepping,59077,58985,59077,92
rearing,59127,59077,59127,50
hunching,59194,59127,59194,67
grooming,59195,59194,59195,1
left_turning,59218,59195,59218,23
sniffing,59246,59218,59246,28
rearing,59247,59246,59247,1
walking,59250,59247,59250,3
stepping,59297,59250,59297,47
right_turning,59338,59297,59338,41
sniffing,59343,59338,59343,5
rising,59366,59343,59366,23
climbing,59398,59366,59398,32
walking,59447,59398,59447,49
sniffing,59450,59447,59450,3
left_turning,59584,59450,59584,134
grooming,59585,59584,59585,1
rearing,59668,59585,59668,83
climbing,59736,59668,59736,68
rising,59762,59736,59762,26
climbing,59780,59762,59780,18
stepping,59851,59780,59851,71
rising,59853,59851,59853,2
walking,59872,59853,59872,19
trotting,59908,59872,59908,36
stepping,59969,59908,59969,61
sniffing,60057,59969,60057,88
stepping,60088,60057,60088,31
sniffing,60089,60088,60089,1
walking,60096,60089,60096,7
left_turning,60126,60096,60126,30
walking,60195,60126,60195,69
left_turning,60246,60195,60246,51
hunching,60247,60246,60247,1
rising,60257,60247,60257,10
stepping,60263,60257,60263,6
sniffing,60333,60263,60333,70
left_turning,60386,60333,60386,53
walking,60406,60386,60406,20
stepping,60410,60406,60410,4
rearing,60443,60410,60443,33
grooming,60558,60443,60558,115
rearing,60646,60558,60646,88
grooming,60883,60646,60883,237
hunching,60923,60883,60923,40
rearing,60924,60923,60924,1
grooming,61101,60924,61101,177
stepping,61126,61101,61126,25
walking,61165,61126,61165,39
sniffing,61168,61165,61168,3
grooming,61229,61168,61229,61
sniffing,61390,61229,61390,161
rearing,61442,61390,61442,52
left_turning,61492,61442,61492,50
sniffing,61532,61492,61532,40
walking,61547,61532,61547,15
trotting,61591,61547,61591,44
walking,61604,61591,61604,13
sniffing,61624,61604,61624,20
trotting,61663,61624,61663,39
sniffing,61704,61663,61704,41
stepping,61745,61704,61745,41
rearing,61860,61745,61860,115
trotting,61885,61860,61885,25
walking,61965,61885,61965,80
sniffing,62014,61965,62014,49
rising,62074,62014,62074,60
climbing,62120,62074,62120,46
walking,62147,62120,62147,27
jumping,62148,62147,62148,1
running,62156,62148,62156,8
sniffing,62192,62156,62192,36
trotting,62205,62192,62205,13
walking,62218,62205,62218,13
grooming,62219,62218,62219,1
stepping,62244,62219,62244,25
walking,62260,62244,62260,16
right_turning,62292,62260,62292,32
climbing,62311,62292,62311,19
walking,62312,62311,62312,1
left_turning,62367,62312,62367,55
walking,62403,62367,62403,36
sniffing,62434,62403,62434,31
left_turning,62489,62434,62489,55
sniffing,62543,62489,62543,54
grooming,62640,62543,62640,97
walking,62675,62640,62675,35
sniffing,62723,62675,62723,48
stepping,62774,62723,62774,51
walking,62794,62774,62794,20
sniffing,62795,62794,62795,1
walking,62810,62795,62810,15
sniffing,62811,62810,62811,1
rearing,62926,62811,62926,115
climbing,63018,62926,63018,92
rising,63051,63018,63051,33
sniffing,63078,63051,63078,27
running,63096,63078,63096,18
sniffing,63099,63096,63099,3
rising,63137,63099,63137,38
rearing,63274,63137,63274,137
rising,63348,63274,63348,74
sniffing,63397,63348,63397,49
rising,63410,63397,63410,13
rearing,63411,63410,63411,1
rising,63416,63411,63416,5
grooming,63417,63416,63417,1
rising,63442,63417,63442,25
rearing,63443,63442,63443,1
grooming,63580,63443,63580,137
sniffing,63635,63580,63635,55
right_turning,63668,63635,63668,33
sniffing,63729,63668,63729,61
rising,63778,63729,63778,49
climbing,63825,63778,63825,47
rising,63848,63825,63848,23
grooming,64357,63848,64357,509
hunching,64392,64357,64392,35
left_turning,64393,64392,64393,1
sniffing,64452,64393,64452,59
rising,64453,64452,64453,1
grooming,64454,64453,64454,1
sniffing,64455,64454,64455,1
walking,64538,64455,64538,83
sniffing,64590,64538,64590,52
grooming,64711,64590,64711,121
left_turning,64712,64711,64712,1
walking,64718,64712,64718,6
stepping,64736,64718,64736,18
walking,64738,64736,64738,2
rearing,64740,64738,64740,2
left_turning,64752,64740,64752,12
walking,64758,64752,64758,6
sniffing,64882,64758,64882,124
walking,64887,64882,64887,5
climbing,64928,64887,64928,41
stepping,64948,64928,64948,20
sniffing,65013,64948,65013,65
stepping,65038,65013,65038,25
walking,65083,65038,65083,45
stepping,65087,65083,65087,4
sniffing,65089,65087,65089,2
right_turning,65109,65089,65109,20
stepping,65133,65109,65133,24
trotting,65162,65133,65162,29
sniffing,65211,65162,65211,49
left_turning,65251,65211,65251,40
running,65280,65251,65280,29
trotting,65342,65280,65342,62
walking,65378,65342,65378,36
sniffing,65401,65378,65401,23
stepping,65425,65401,65425,24
grooming,65426,65425,65426,1
hunching,65456,65426,65456,30
grooming,65462,65456,65462,6
rearing,65463,65462,65463,1
climbing,65487,65463,65487,24
sniffing,65508,65487,65508,21
stepping,65529,65508,65529,21
walking,65605,65529,65605,76
sniffing,65610,65605,65610,5
stepping,65611,65610,65611,1
sniffing,65689,65611,65689,78
climbing,65704,65689,65704,15
walking,65716,65704,65716,12
rising,65717,65716,65717,1
sniffing,65856,65717,65856,139
stepping,65857,65856,65857,1
rising,65885,65857,65885,28
rearing,65886,65885,65886,1
hunching,66051,65886,66051,165
rearing,66124,66051,66124,73
running,66158,66124,66158,34
walking,66231,66158,66231,73
stepping,66259,66231,66259,28
walking,66283,66259,66283,24
stepping,66319,66283,66319,36
scratching,66427,66319,66427,108
sniffing,66468,66427,66468,41
grooming,66737,66468,66737,269
rising,66764,66737,66764,27
climbing,66785,66764,66785,21
walking,66829,66785,66829,44
stepping,66844,66829,66844,15
grooming,66845,66844,66845,1
rising,66874,66845,66874,29
left_turning,66875,66874,66875,1
grooming,67109,66875,67109,234
sniffing,67111,67109,67111,2
right_turning,67135,67111,67135,24
running,67158,67135,67158,23
sniffing,67238,67158,67238,80
walking,67257,67238,67257,19
rearing,67281,67257,67281,24
grooming,67282,67281,67282,1
rearing,67297,67282,67297,15
sniffing,67308,67297,67308,11
rearing,67404,67308,67404,96
climbing,67409,67404,67409,5
rising,67438,67409,67438,29
sniffing,67469,67438,67469,31
stepping,67495,67469,67495,26
walking,67533,67495,67533,38
sniffing,67571,67533,67571,38
right_turning,67575,67571,67575,4
stepping,67617,67575,67617,42
walking,67621,67617,67621,4
sniffing,67697,67621,67697,76
left_turning,67710,67697,67710,13
stepping,67735,67710,67735,25
walking,67763,67735,67763,28
rearing,67829,67763,67829,66
hunching,67875,67829,67875,46
grooming,68554,67875,68554,679
left_turning,68555,68554,68555,1
stepping,68573,68555,68573,18
sniffing,68595,68573,68595,22
rising,68679,68595,68679,84
rearing,68747,68679,68747,68
stepping,68750,68747,68750,3
sniffing,68752,68750,68752,2
pausing,68903,68752,68903,151
sniffing,68904,68903,68904,1
walking,68923,68904,68923,19
stepping,68978,68923,68978,55
rearing,69043,68978,69043,65
walking,69083,69043,69083,40
sniffing,69177,69083,69177,94
scratching,69412,69177,69412,235
right_turning,69438,69412,69438,26
rising,69445,69438,69445,7
sniffing,69514,69445,69514,69
walking,69545,69514,69545,31
stepping,69569,69545,69569,24
right_turning,69584,69569,69584,15
grooming,69995,69584,69995,411
scratching,70077,69995,70077,82
sniffing,70096,70077,70096,19
climbing,70130,70096,70130,34
rising,70131,70130,70131,1
grooming,70169,70131,70169,38
sniffing,70211,70169,70211,42
rising,70255,70211,70255,44
left_turning,70287,70255,70287,32
rearing,70308,70287,70308,21
rising,70346,70308,70346,38
stepping,70364,70346,70364,18
rearing,70377,70364,70377,13
grooming,70522,70377,70522,145
rearing,70559,70522,70559,37
sniffing,70718,70559,70718,159
stepping,70783,70718,70783,65
trotting,70788,70783,70788,5
rising,70803,70788,70803,15
walking,70838,70803,70838,35
sniffing,70885,70838,70885,47
stepping,70918,70885,70918,33
rising,70925,70918,70925,7
rearing,71033,70925,71033,108
grooming,71074,71033,71074,41
trotting,71109,71074,71109,35
walking,71181,71109,71181,72
rising,71182,71181,71182,1
sniffing,71203,71182,71203,21
rising,71338,71203,71338,135
rearing,71381,71338,71381,43
grooming,71478,71381,71478,97
right_turning,71497,71478,71497,19
trotting,71544,71497,71544,47
stepping,71546,71544,71546,2
rising,71553,71546,71553,7
left_turning,71596,71553,71596,43
grooming,71655,71596,71655,59
scratching,71686,71655,71686,31
grooming,72100,71686,72100,414
rearing,72152,72100,72152,52
rising,72160,72152,72160,8
walking,72161,72160,72161,1
stepping,72192,72161,72192,31
climbing,72199,72192,72199,7
grooming,72327,72199,72327,128
stepping,72336,72327,72336,9
trotting,72357,72336,72357,21
sniffing,72361,72357,72361,4
rising,72390,72361,72390,29
climbing,72431,72390,72431,41
left_turning,72436,72431,72436,5
stepping,72440,72436,72440,4
sniffing,72441,72440,72441,1
rising,72472,72441,72472,31
rearing,72564,72472,72564,92
grooming,72565,72564,72565,1
rising,72607,72565,72607,42
climbing,72639,72607,72639,32
sniffing,72640,72639,72640,1
stepping,72679,72640,72679,39
sniffing,72703,72679,72703,24
walking,72733,72703,72733,30
stepping,72774,72733,72774,41
sniffing,72775,72774,72775,1
rising,72798,72775,72798,23
stepping,72804,72798,72804,6
walking,72851,72804,72851,47
sniffing,72852,72851,72852,1
walking,72859,72852,72859,7
sniffing,72863,72859,72863,4
stepping,72868,72863,72868,5
sniffing,72957,72868,72957,89
rearing,73139,72957,73139,182
rising,73165,73139,73165,26
grooming,73166,73165,73166,1
walking,73167,73166,73167,1
sniffing,73222,73167,73222,55
rising,73272,73222,73272,50
sniffing,73378,73272,73378,106
walking,73394,73378,73394,16
rising,73395,73394,73395,1
climbing,73432,73395,73432,37
grooming,73663,73432,73663,231
rearing,73697,73663,73697,34
grooming,73948,73697,73948,251
rearing,73999,73948,73999,51
climbing,74017,73999,74017,18
walking,74024,74017,74024,7
right_turning,74042,74024,74042,18
sniffing,74078,74042,74078,36
walking,74111,74078,74111,33
running,74133,74111,74133,22
rising,74154,74133,74154,21
left_turning,74180,74154,74180,26
rising,74190,74180,74190,10
climbing,74226,74190,74226,36
trotting,74248,74226,74248,22
stepping,74279,74248,74279,31
walking,74319,74279,74319,40
left_turning,74370,74319,74370,51
sniffing,74371,74370,74371,1
grooming,74503,74371,74503,132
climbing,74519,74503,74519,16
walking,74536,74519,74536,17
rising,74573,74536,74573,37
grooming,75116,74573,75116,543
walking,75138,75116,75138,22
sniffing,75149,75138,75149,11
left_turning,75150,75149,75150,1
running,75174,75150,75174,24
trotting,75183,75174,75183,9
stepping,75213,75183,75213,30
rising,75240,75213,75240,27
climbing,75252,75240,75252,12
walking,75292,75252,75292,40
climbing,75373,75292,75373,81
rising,75390,75373,75390,17
trotting,75414,75390,75414,24
sniffing,75479,75414,75479,65
grooming,75993,75479,75993,514
scratching,76026,75993,76026,33
grooming,76160,76026,76160,134
walking,76177,76160,76177,17
sniffing,76197,76177,76197,20
rising,76213,76197,76213,16
sniffing,76276,76213,76276,63
grooming,76540,76276,76540,264
stepping,76561,76540,76561,21
sniffing,76635,76561,76635,74
stepping,76674,76635,76674,39
sniffing,76762,76674,76762,88
right_turning,76764,76762,76764,2
stepping,76772,76764,76772,8
rising,76840,76772,76840,68
climbing,76878,76840,76878,38
rearing,76914,76878,76914,36
climbing,76951,76914,76951,37
left_turning,76997,76951,76997,46
grooming,77021,76997,77021,24
rearing,77122,77021,77122,101
grooming,77771,77122,77771,649
rising,77779,77771,77779,8
sniffing,77832,77779,77832,53
stepping,77852,77832,77852,20
walking,77860,77852,77860,8
climbing,77889,77860,77889,29
walking,77903,77889,77903,14
sniffing,77904,77903,77904,1
hunching,77946,77904,77946,42
rearing,78069,77946,78069,123
grooming,78289,78069,78289,220
sniffing,78332,78289,78332,43
right_turning,78346,78332,78346,14
stepping,78375,78346,78375,29
sniffing,78376,78375,78376,1
grooming,78377,78376,78377,1
sniffing,78485,78377,78485,108
rising,78489,78485,78489,4
sniffing,78564,78489,78564,75
rising,78584,78564,78584,20
climbing,78585,78584,78585,1
grooming,78600,78585,78600,15
rising,78601,78600,78601,1
climbing,78618,78601,78618,17
grooming,78619,78618,78619,1
climbing,78743,78619,78743,124
left_turning,78754,78743,78754,11
walking,78776,78754,78776,22
climbing,78794,78776,78794,18
rearing,78814,78794,78814,20
climbing,78855,78814,78855,41
sniffing,78945,78855,78945,90
walking,78952,78945,78952,7
sniffing,78974,78952,78974,22
stepping,78993,78974,78993,19
right_turning,78995,78993,78995,2
rising,79044,78995,79044,49
rearing,79045,79044,79045,1
grooming,79165,79045,79165,120
sniffing,79210,79165,79210,45
rearing,79211,79210,79211,1
stepping,79245,79211,79245,34
sniffing,79259,79245,79259,14
stepping,79305,79259,79305,46
sniffing,79392,79305,79392,87
left_turning,79425,79392,79425,33
sniffing,79428,79425,79428,3
stepping,79464,79428,79464,36
sniffing,79646,79464,79646,182
walking,79655,79646,79655,9
sniffing,79656,79655,79656,1
stepping,79701,79656,79701,45
sniffing,79733,79701,79733,32
stepping,79747,79733,79747,14
trotting,79780,79747,79780,33
sniffing,79843,79780,79843,63
grooming,79965,79843,79965,122
hunching,80027,79965,80027,62
grooming,80434,80027,80434,407
sniffing,80469,80434,80469,35
rising,80480,80469,80480,11
climbing,80560,80480,80560,80
trotting,80577,80560,80577,17
sniffing,80578,80577,80578,1
stepping,80622,80578,80622,44
rising,80673,80622,80673,51
climbing,80748,80673,80748,75
running,80764,80748,80764,16
climbing,80837,80764,80837,73
sniffing,80838,80837,80838,1
rising,80839,80838,80839,1
sniffing,80840,80839,80840,1
rising,80849,80840,80849,9
grooming,80850,80849,80850,1
scratching,80851,80850,80851,1
sniffing,80879,80851,80879,28
rising,80897,80879,80897,18
rearing,80941,80897,80941,44
grooming,80942,80941,80942,1
sniffing,80943,80942,80943,1
stepping,80993,80943,80993,50
rearing,81033,80993,81033,40
grooming,81201,81033,81201,168
climbing,81241,81201,81241,40
sniffing,81242,81241,81242,1
walking,81283,81242,81283,41
stepping,81299,81283,81299,16
sniffing,81346,81299,81346,47
walking,81347,81346,81347,1
left_turning,81407,81347,81407,60
sniffing,81408,81407,81408,1
grooming,81459,81408,81459,51
rearing,81466,81459,81466,7
sniffing,81467,81466,81467,1
stepping,81517,81467,81517,50
sniffing,81518,81517,81518,1
rising,81540,81518,81540,22
sniffing,81597,81540,81597,57
rising,81628,81597,81628,31
climbing,81654,81628,81654,26
sniffing,81689,81654,81689,35
rearing,81771,81689,81771,82
grooming,81872,81771,81872,101
stepping,81884,81872,81884,12
sniffing,81931,81884,81931,47
stepping,81932,81931,81932,1
grooming,82123,81932,82123,191
rearing,82125,82123,82125,2
climbing,82164,82125,82164,39
sniffing,82173,82164,82173,9
stepping,82190,82173,82190,17
walking,82191,82190,82191,1
right_turning,82226,82191,82226,35
sniffing,82227,82226,82227,1
right_turning,82260,82227,82260,33
stepping,82299,82260,82299,39
right_turning,82312,82299,82312,13
trotting,82336,82312,82336,24
walking,82366,82336,82366,30
sniffing,82395,82366,82395,29
left_turning,82401,82395,82401,6
rearing,82402,82401,82402,1
grooming,82403,82402,82403,1
rising,82417,82403,82417,14
rearing,82431,82417,82431,14
right_turning,82458,82431,82458,27
walking,82523,82458,82523,65
rearing,82564,82523,82564,41
sniffing,82577,82564,82577,13
walking,82625,82577,82625,48
sniffing,82626,82625,82626,1
walking,82675,82626,82675,49
sniffing,82724,82675,82724,49
grooming,82856,82724,82856,132
sniffing,82906,82856,82906,50
stepping,82959,82906,82959,53
sniffing,82960,82959,82960,1
trotting,82972,82960,82972,12
walking,83026,82972,83026,54
rearing,83064,83026,83064,38
grooming,83186,83064,83186,122
rising,83187,83186,83187,1
stepping,83198,83187,83198,11
rising,83199,83198,83199,1
rearing,83225,83199,83225,26
grooming,83633,83225,83633,408
climbing,83683,83633,83683,50
rearing,83757,83683,83757,74
grooming,83862,83757,83862,105
rearing,83881,83862,83881,19
stepping,83892,83881,83892,11
rising,83896,83892,83896,4
rearing,83897,83896,83897,1
stepping,83930,83897,83930,33
climbing,83996,83930,83996,66
rearing,84063,83996,84063,67
sniffing,84064,84063,84064,1
stepping,84080,84064,84080,16
rearing,84144,84080,84144,64
climbing,84147,84144,84147,3
right_turning,84165,84147,84165,18
walking,84166,84165,84166,1
rearing,84272,84166,84272,106
grooming,84424,84272,84424,152
climbing,84565,84424,84565,141
grooming,84750,84565,84750,185
sniffing,84779,84750,84779,29
stepping,84798,84779,84798,19
walking,84810,84798,84810,12
sniffing,84857,84810,84857,47
stepping,84867,84857,84867,10
sniffing,84908,84867,84908,41
stepping,84925,84908,84925,17
grooming,84926,84925,84926,1
climbing,85010,84926,85010,84
walking,85048,85010,85048,38
climbing,85079,85048,85079,31
running,85100,85079,85100,21
trotting,85125,85100,85125,25
walking,85129,85125,85129,4
stepping,85172,85129,85172,43
right_turning,85185,85172,85185,13
walking,85193,85185,85193,8
sniffing,85243,85193,85243,50
rearing,85398,85243,85398,155
hunching,85737,85398,85737,339
rearing,85738,85737,85738,1
sniffing,85791,85738,85791,53
stepping,85798,85791,85798,7
sniffing,85891,85798,85891,93
stepping,85929,85891,85929,38
rearing,85971,85929,85971,42
right_turning,85999,85971,85999,28
walking,86009,85999,86009,10
sniffing,86032,86009,86032,23
walking,86049,86032,86049,17
sniffing,86054,86049,86054,5
rearing,86055,86054,86055,1
climbing,86115,86055,86115,60
rearing,86166,86115,86166,51
grooming,86167,86166,86167,1
rearing,86168,86167,86168,1
grooming,86169,86168,86169,1
climbing,86262,86169,86262,93
walking,86263,86262,86263,1
grooming,86266,86263,86266,3
hunching,86348,86266,86348,82
grooming,86428,86348,86428,80
rising,86505,86428,86505,77
climbing,86550,86505,86550,45
running,86565,86550,86565,15
trotting,86600,86565,86600,35
walking,86606,86600,86606,6
hunching,86613,86606,86613,7
grooming,86748,86613,86748,135
rearing,86784,86748,86784,36
grooming,86959,86784,86959,175
rising,87002,86959,87002,43
sniffing,87047,87002,87047,45
stepping,87086,87047,87086,39
sniffing,87087,87086,87087,1
walking,87138,87087,87138,51
right_turning,87182,87138,87182,44
climbing,87255,87182,87255,73
right_turning,87281,87255,87281,26
walking,87302,87281,87302,21
sniffing,87362,87302,87362,60
running,87392,87362,87392,30
trotting,87404,87392,87404,12
walking,87443,87404,87443,39
sniffing,87444,87443,87444,1
rising,87504,87444,87504,60
climbing,87568,87504,87568,64
rising,87569,87568,87569,1
sniffing,87580,87569,87580,11
rising,87620,87580,87620,40
sniffing,87628,87620,87628,8
grooming,88083,87628,88083,455
trotting,88123,88083,88123,40
sniffing,88124,88123,88124,1
stepping,88165,88124,88165,41
trotting,88203,88165,88203,38
sniffing,88253,88203,88253,50
grooming,88254,88253,88254,1
hunching,88332,88254,88332,78
left_turning,88435,88332,88435,103
sniffing,88455,88435,88455,20
rearing,88522,88455,88522,67
sniffing,88745,88522,88745,223
grooming,89680,88745,89680,935
sniffing,89681,89680,89681,1
hunching,89763,89681,89763,82
grooming,89764,89763,89764,1
sniffing,89791,89764,89791,27
rising,89792,89791,89792,1
rearing,89820,89792,89820,28
rising,89840,89820,89840,20
climbing,89951,89840,89951,111
trotting,89976,89951,89976,25
stepping,90060,89976,90060,84
rising,90061,90060,90061,1
rearing,90126,90061,90126,65
stepping,90138,90126,90138,12
sniffing,90245,90138,90245,107
grooming,90435,90245,90435,190
hunching,90486,90435,90486,51
grooming,90533,90486,90533,47
sniffing,90534,90533,90534,1
walking,90561,90534,90561,27
sniffing,90586,90561,90586,25
climbing,90625,90586,90625,39
walking,90634,90625,90634,9
sniffing,90693,90634,90693,59
grooming,90694,90693,90694,1
stepping,90724,90694,90724,30
rearing,90785,90724,90785,61
grooming,90786,90785,90786,1
rearing,90836,90786,90836,50
walking,90837,90836,90837,1
sniffing,90936,90837,90936,99
walking,90960,90936,90960,24
stepping,90986,90960,90986,26
walking,90999,90986,90999,13
stepping,91026,90999,91026,27
grooming,91027,91026,91027,1
rearing,91074,91027,91074,47
left_turning,91257,91074,91257,183
sniffing,91258,91257,91258,1
rising,91328,91258,91328,70
grooming,91400,91328,91400,72
sniffing,91425,91400,91425,25
stepping,91435,91425,91435,10
sniffing,91473,91435,91473,38
grooming,91601,91473,91601,128
rearing,91671,91601,91671,70
climbing,91702,91671,91702,31
right_turning,91740,91702,91740,38
walking,91756,91740,91756,16
climbing,91772,91756,91772,16
trotting,91799,91772,91799,27
walking,91800,91799,91800,1
climbing,91818,91800,91818,18
left_turning,91890,91818,91890,72
walking,91917,91890,91917,27
sniffing,91970,91917,91970,53
rising,91981,91970,91981,11
sniffing,91982,91981,91982,1
left_turning,91986,91982,91986,4
stepping,92015,91986,92015,29
sniffing,92063,92015,92063,48
stepping,92131,92063,92131,68
sniffing,92183,92131,92183,52
rising,92197,92183,92197,14
rearing,92224,92197,92224,27
hunching,92260,92224,92260,36
grooming,92261,92260,92261,1
rearing,92262,92261,92262,1
rising,92263,92262,92263,1
climbing,92313,92263,92313,50
trotting,92355,92313,92355,42
walking,92415,92355,92415,60
rising,92438,92415,92438,23
right_turning,92452,92438,92452,14
sniffing,92487,92452,92487,35
walking,92503,92487,92503,16
rising,92519,92503,92519,16
sniffing,92608,92519,92608,89
rising,92684,92608,92684,76
left_turning,92698,92684,92698,14
walking,92744,92698,92744,46
sniffing,92760,92744,92760,16
grooming,92761,92760,92761,1
stepping,92794,92761,92794,33
sniffing,92846,92794,92846,52
stepping,92847,92846,92847,1
grooming,93059,92847,93059,212
climbing,93083,93059,93083,24
right_turning,93107,93083,93107,24
walking,93144,93107,93144,37
sniffing,93164,93144,93164,20
walking,93182,93164,93182,18
grooming,93308,93182,93308,126
hunching,93337,93308,93337,29
grooming,93338,93337,93338,1
rising,93362,93338,93362,24
climbing,93401,93362,93401,39
grooming,93425,93401,93425,24
left_turning,93426,93425,93426,1
stepping,93456,93426,93456,30
rearing,93532,93456,93532,76
climbing,93554,93532,93554,22
running,93592,93554,93592,38
stepping,93632,93592,93632,40
rearing,93669,93632,93669,37
grooming,93848,93669,93848,179
left_turning,93897,93848,93897,49
hunching,93898,93897,93898,1
rising,93939,93898,93939,41
sniffing,93973,93939,93973,34
walking,94017,93973,94017,44
sniffing,94212,94017,94212,195
stepping,94279,94212,94279,67
sniffing,94352,94279,94352,73
right_turning,94371,94352,94371,19
sniffing,94442,94371,94442,71
walking,94462,94442,94462,20
rising,94476,94462,94476,14
sniffing,94477,94476,94477,1
right_turning,94478,94477,94478,1
stepping,94504,94478,94504,26
sniffing,94554,94504,94554,50
running,94562,94554,94562,8
trotting,94584,94562,94584,22
sniffing,94640,94584,94640,56
rising,94692,94640,94692,52
sniffing,94738,94692,94738,46
right_turning,94742,94738,94742,4
rising,94763,94742,94763,21
sniffing,94833,94763,94833,70
left_turning,94834,94833,94834,1
trotting,94860,94834,94860,26
running,94873,94860,94873,13
sniffing,94915,94873,94915,42
rising,94955,94915,94955,40
grooming,95093,94955,95093,138
rising,95163,95093,95163,70
sniffing,95253,95163,95253,90
rising,95263,95253,95263,10
sniffing,95290,95263,95290,27
rising,95312,95290,95312,22
grooming,95445,95312,95445,133
stepping,95498,95445,95498,53
trotting,95537,95498,95537,39
right_turning,95562,95537,95562,25
walking,95609,95562,95609,47
trotting,95639,95609,95639,30
sniffing,95709,95639,95709,70
stepping,95765,95709,95765,56
climbing,95799,95765,95799,34
sniffing,95805,95799,95805,6
hunching,96027,95805,96027,222
grooming,96028,96027,96028,1
stepping,96051,96028,96051,23
trotting,96107,96051,96107,56
sniffing,96108,96107,96108,1
stepping,96161,96108,96161,53
sniffing,96202,96161,96202,41
rearing,96210,96202,96210,8
sniffing,96279,96210,96279,69
right_turning,96280,96279,96280,1
sniffing,96409,96280,96409,129
walking,96431,96409,96431,22
sniffing,96491,96431,96491,60
rising,96521,96491,96521,30
sniffing,96616,96521,96616,95
grooming,96786,96616,96786,170
trotting,96791,96786,96791,5
sniffing,96816,96791,96816,25
left_turning,96828,96816,96828,12
sniffing,96844,96828,96844,16
grooming,96845,96844,96845,1
walking,96917,96845,96917,72
sniffing,96923,96917,96923,6
rising,96947,96923,96947,24
stepping,96957,96947,96957,10
sniffing,96958,96957,96958,1
stepping,96984,96958,96984,26
rearing,97023,96984,97023,39
left_turning,97048,97023,97048,25
rearing,97091,97048,97091,43
grooming,97092,97091,97092,1
climbing,97160,97092,97160,68
left_turning,97200,97160,97200,40
stepping,97206,97200,97206,6
rising,97207,97206,97207,1
climbing,97212,97207,97212,5
sniffing,97383,97212,97383,171
walking,97405,97383,97405,22
sniffing,97406,97405,97406,1
rearing,97424,97406,97424,18
climbing,97438,97424,97438,14
hunching,97501,97438,97501,63
grooming,97936,97501,97936,435
sniffing,97977,97936,97977,41
walking,98009,97977,98009,32
rising,98013,98009,98013,4
rearing,98016,98013,98016,3
left_turning,98101,98016,98101,85
sniffing,98114,98101,98114,13
rising,98125,98114,98125,11
stepping,98156,98125,98156,31
grooming,98246,98156,98246,90
rising,98302,98246,98302,56
stepping,98315,98302,98315,13
climbing,98365,98315,98365,50
rising,98420,98365,98420,55
grooming,98629,98420,98629,209
climbing,98756,98629,98756,127
grooming,98875,98756,98875,119
rearing,98876,98875,98876,1
climbing,98908,98876,98908,32
right_turning,98910,98908,98910,2
stepping,98926,98910,98926,16
sniffing,98965,98926,98965,39
left_turning,98990,98965,98990,25
sniffing,99042,98990,99042,52
stepping,99080,99042,99080,38
sniffing,99098,99080,99098,18
left_turning,99126,99098,99126,28
sniffing,99127,99126,99127,1
walking,99161,99127,99161,34
trotting,99166,99161,99166,5
rising,99184,99166,99184,18
climbing,99234,99184,99234,50
left_turning,99268,99234,99268,34
rising,99278,99268,99278,10
grooming,99279,99278,99279,1
rearing,99333,99279,99333,54
sniffing,99399,99333,99399,66
rising,99400,99399,99400,1
sniffing,99405,99400,99405,5
rising,99406,99405,99406,1
grooming,99407,99406,99407,1
sniffing,99494,99407,99494,87
grooming,99857,99494,99857,363
rearing,99912,99857,99912,55
grooming,99989,99912,99989,77
sniffing,100044,99989,100044,55
rearing,100228,100044,100228,184
grooming,100229,100228,100229,1
sniffing,100298,100229,100298,69
stepping,100327,100298,100327,29
sniffing,100347,100327,100347,20
stepping,100394,100347,100394,47
sniffing,100409,100394,100409,15
rising,100410,100409,100410,1
sniffing,100420,100410,100420,10
grooming,100421,100420,100421,1
scratching,100462,100421,100462,41
sniffing,100463,100462,100463,1
grooming,100597,100463,100597,134
sniffing,100688,100597,100688,91
rearing,100718,100688,100718,30
sniffing,100749,100718,100749,31
right_turning,100770,100749,100770,21
walking,100783,100770,100783,13
sniffing,100861,100783,100861,78
grooming,100862,100861,100862,1
rearing,100930,100862,100930,68
hunching,101034,100930,101034,104
rearing,101072,101034,101072,38
sniffing,101079,101072,101079,7
left_turning,101180,101079,101180,101
sniffing,101201,101180,101201,21
left_turning,101202,101201,101202,1
rising,101219,101202,101219,17
climbing,101332,101219,101332,113
rearing,101348,101332,101348,16
rising,101383,101348,101383,35
grooming,101557,101383,101557,174
sniffing,101656,101557,101656,99
rising,101705,101656,101705,49
grooming,101843,101705,101843,138
scratching,101872,101843,101872,29
grooming,101952,101872,101952,80
stepping,101968,101952,101968,16
grooming,102415,101968,102415,447
rising,102505,102415,102505,90
rearing,102688,102505,102688,183
stepping,102689,102688,102689,1
grooming,102691,102689,102691,2
left_turning,102741,102691,102741,50
stepping,102800,102741,102800,59
sniffing,102815,102800,102815,15
rising,102828,102815,102828,13
trotting,102893,102828,102893,65
sniffing,102942,102893,102942,49
rearing,102943,102942,102943,1
stepping,102945,102943,102945,2
sniffing,102953,102945,102953,8
rising,103089,102953,103089,136
rearing,103090,103089,103090,1
grooming,103094,103090,103094,4
climbing,103102,103094,103102,8
trotting,103109,103102,103109,7
stepping,103127,103109,103127,18
walking,103132,103127,103132,5
sniffing,103290,103132,103290,158
grooming,103329,103290,103329,39
climbing,103381,103329,103381,52
rearing,103530,103381,103530,149
grooming,103680,103530,103680,150
sniffing,103738,103680,103738,58
stepping,103756,103738,103756,18
rising,103784,103756,103784,28
climbing,103800,103784,103800,16
grooming,104711,103800,104711,911
left_turning,104745,104711,104745,34
walking,104790,104745,104790,45
climbing,104838,104790,104838,48
rearing,104839,104838,104839,1
climbing,104876,104839,104876,37
rearing,105035,104876,105035,159
grooming,105072,105035,105072,37
sniffing,105117,105072,105117,45
left_turning,105199,105117,105199,82
stepping,105220,105199,105220,21
sniffing,105341,105220,105341,121
stepping,105353,105341,105353,12
sniffing,105354,105353,105354,1
rising,105383,105354,105383,29
grooming,105571,105383,105571,188
left_turning,105601,105571,105601,30
sniffing,105667,105601,105667,66
rising,105675,105667,105675,8
climbing,105702,105675,105702,27
grooming,105999,105702,105999,297
climbing,106314,105999,106314,315
left_turning,106359,106314,106359,45
rearing,106360,106359,106360,1
right_turning,106364,106360,106364,4
walking,106435,106364,106435,71
stepping,106456,106435,106456,21
sniffing,106485,106456,106485,29
scratching,106535,106485,106535,50
rearing,106568,106535,106568,33
grooming,106599,106568,106599,31
rising,106649,106599,106649,50
climbing,106680,106649,106680,31
rising,106747,106680,106747,67
rearing,106833,106747,106833,86
left_turning,106894,106833,106894,61
sniffing,106992,106894,106992,98
hunching,107035,106992,107035,43
rearing,107122,107035,107122,87
climbing,107174,107122,107174,52
running,107190,107174,107190,16
walking,107220,107190,107220,30
sniffing,107221,107220,107221,1
rising,107258,107221,107258,37
climbing,107288,107258,107288,30
grooming,107353,107288,107353,65
climbing,107354,107353,107354,1
trotting,107367,107354,107367,13
stepping,107409,107367,107409,42
sniffing,107469,107409,107469,60
stepping,107470,107469,107470,1
sniffing,107491,107470,107491,21
stepping,107525,107491,107525,34
walking,107561,107525,107561,36
sniffing,107635,107561,107635,74
rising,107636,107635,107636,1
rearing,107727,107636,107727,91
sniffing,107803,107727,107803,76
hunching,107869,107803,107869,66
grooming,108000,107869,108000,131
