revised_movement_label,segBoundary,segBoundary_start,segBoundary_end,length
sniffing,37,0,37,37
left_turning,43,37,43,6
stepping,54,43,54,11
rising,102,54,102,48
stepping,137,102,137,35
rising,189,137,189,52
walking,210,189,210,21
sniffing,227,210,227,17
rising,257,227,257,30
rearing,421,257,421,164
rising,481,421,481,60
stepping,561,481,561,80
rising,608,561,608,47
sniffing,682,608,682,74
rising,792,682,792,110
stepping,816,792,816,24
rearing,1186,816,1186,370
climbing,1205,1186,1205,19
grooming,1372,1205,1372,167
left_turning,1397,1372,1397,25
sniffing,1457,1397,1457,60
rising,1507,1457,1507,50
grooming,1567,1507,1567,60
rising,1581,1567,1581,14
climbing,1616,1581,1616,35
grooming,1811,1616,1811,195
stepping,1830,1811,1830,19
walking,1945,1830,1945,115
stepping,1992,1945,1992,47
walking,2008,1992,2008,16
sniffing,2089,2008,2089,81
stepping,2119,2089,2119,30
walking,2120,2119,2120,1
rearing,2136,2120,2136,16
rising,2288,2136,2288,152
rearing,2339,2288,2339,51
grooming,2533,2339,2533,194
walking,2595,2533,2595,62
sniffing,2596,2595,2596,1
walking,2667,2596,2667,71
trotting,2704,2667,2704,37
walking,2706,2704,2706,2
rising,2707,2706,2707,1
climbing,2750,2707,2750,43
grooming,2832,2750,2832,82
sniffing,2849,2832,2849,17
walking,2866,2849,2866,17
rising,2891,2866,2891,25
sniffing,2975,2891,2975,84
grooming,3038,2975,3038,63
sniffing,3109,3038,3109,71
stepping,3112,3109,3112,3
rising,3203,3112,3203,91
sniffing,3220,3203,3220,17
rising,3273,3220,3273,53
stepping,3318,3273,3318,45
walking,3319,3318,3319,1
sniffing,3320,3319,3320,1
rising,3342,3320,3342,22
sniffing,3387,3342,3387,45
rising,3644,3387,3644,257
sniffing,3684,3644,3684,40
stepping,3703,3684,3703,19
walking,3704,3703,3704,1
trotting,3705,3704,3705,1
walking,3708,3705,3708,3
sniffing,3712,3708,3712,4
walking,3741,3712,3741,29
sniffing,3745,3741,3745,4
left_turning,3785,3745,3785,40
sniffing,3786,3785,3786,1
hunching,3916,3786,3916,130
rising,3917,3916,3917,1
walking,3919,3917,3919,2
rising,4024,3919,4024,105
sniffing,4047,4024,4047,23
grooming,4159,4047,4159,112
rising,4197,4159,4197,38
stepping,4228,4197,4228,31
trotting,4238,4228,4238,10
running,4263,4238,4263,25
sniffing,4380,4263,4380,117
rearing,4381,4380,4381,1
sniffing,4431,4381,4431,50
rising,4432,4431,4432,1
walking,4477,4432,4477,45
rising,4537,4477,4537,60
left_turning,4560,4537,4560,23
walking,4598,4560,4598,38
running,4627,4598,4627,29
rising,4683,4627,4683,56
grooming,4684,4683,4684,1
right_turning,4698,4684,4698,14
sniffing,4726,4698,4726,28
rearing,5009,4726,5009,283
grooming,5010,5009,5010,1
rearing,5016,5010,5016,6
sniffing,5017,5016,5017,1
walking,5083,5017,5083,66
stepping,5118,5083,5118,35
sniffing,5147,5118,5147,29
stepping,5166,5147,5166,19
trotting,5186,5166,5186,20
stepping,5225,5186,5225,39
sniffing,5268,5225,5268,43
rising,5413,5268,5413,145
stepping,5429,5413,5429,16
rising,5513,5429,5513,84
left_turning,5532,5513,5532,19
running,5554,5532,5554,22
sniffing,5631,5554,5631,77
rising,5650,5631,5650,19
trotting,5673,5650,5673,23
walking,5674,5673,5674,1
rising,5681,5674,5681,7
sniffing,5685,5681,5685,4
walking,5757,5685,5757,72
sniffing,5797,5757,5797,40
trotting,5832,5797,5832,35
walking,5835,5832,5835,3
trotting,5854,5835,5854,19
running,5895,5854,5895,41
rising,5896,5895,5896,1
grooming,6069,5896,6069,173
sniffing,6102,6069,6102,33
rising,6114,6102,6114,12
stepping,6139,6114,6139,25
sniffing,6157,6139,6157,18
stepping,6191,6157,6191,34
sniffing,6220,6191,6220,29
stepping,6231,6220,6231,11
rising,6295,6231,6295,64
sniffing,6351,6295,6351,56
scratching,6383,6351,6383,32
rising,6389,6383,6389,6
walking,6431,6389,6431,42
sniffing,6489,6431,6489,58
rising,6490,6489,6490,1
grooming,6553,6490,6553,63
rearing,6791,6553,6791,238
hunching,6823,6791,6823,32
rearing,6862,6823,6862,39
sniffing,6866,6862,6866,4
grooming,7027,6866,7027,161
right_turning,7067,7027,7067,40
sniffing,7102,7067,7102,35
stepping,7119,7102,7119,17
sniffing,7120,7119,7120,1
stepping,7158,7120,7158,38
rising,7327,7158,7327,169
rearing,7381,7327,7381,54
grooming,7652,7381,7652,271
walking,7707,7652,7707,55
sniffing,7708,7707,7708,1
rising,7741,7708,7741,33
rearing,7989,7741,7989,248
rising,8047,7989,8047,58
sniffing,8093,8047,8093,46
grooming,8143,8093,8143,50
rising,8153,8143,8153,10
sniffing,8193,8153,8193,40
climbing,8213,8193,8213,20
grooming,8314,8213,8314,101
left_turning,8346,8314,8346,32
walking,8379,8346,8379,33
sniffing,8416,8379,8416,37
right_turning,8451,8416,8451,35
stepping,8484,8451,8484,33
sniffing,8543,8484,8543,59
walking,8562,8543,8562,19
stepping,8590,8562,8590,28
rising,8623,8590,8623,33
sniffing,8670,8623,8670,47
stepping,8671,8670,8671,1
left_turning,8679,8671,8679,8
sniffing,8728,8679,8728,49
walking,8748,8728,8748,20
sniffing,8810,8748,8810,62
rising,8832,8810,8832,22
climbing,8869,8832,8869,37
walking,8878,8869,8878,9
rearing,8879,8878,8879,1
rising,8911,8879,8911,32
stepping,8928,8911,8928,17
grooming,8991,8928,8991,63
rising,9010,8991,9010,19
grooming,9011,9010,9011,1
stepping,9060,9011,9060,49
rising,9121,9060,9121,61
grooming,9153,9121,9153,32
left_turning,9159,9153,9159,6
running,9180,9159,9180,21
trotting,9198,9180,9198,18
sniffing,9261,9198,9261,63
left_turning,9288,9261,9288,27
rising,9311,9288,9311,23
climbing,9344,9311,9344,33
running,9353,9344,9353,9
sniffing,9393,9353,9393,40
right_turning,9421,9393,9421,28
walking,9449,9421,9449,28
sniffing,9497,9449,9497,48
running,9534,9497,9534,37
walking,9550,9534,9550,16
sniffing,9589,9550,9589,39
rising,9699,9589,9699,110
grooming,9700,9699,9700,1
sniffing,9701,9700,9701,1
grooming,9808,9701,9808,107
rearing,9852,9808,9852,44
grooming,9853,9852,9853,1
walking,9902,9853,9902,49
trotting,9915,9902,9915,13
rising,9947,9915,9947,32
climbing,9991,9947,9991,44
grooming,10228,9991,10228,237
sniffing,10257,10228,10257,29
grooming,10331,10257,10331,74
climbing,10370,10331,10370,39
left_turning,10395,10370,10395,25
rising,10396,10395,10396,1
grooming,10497,10396,10497,101
right_turning,10506,10497,10506,9
trotting,10527,10506,10527,21
stepping,10562,10527,10562,35
walking,10604,10562,10604,42
stepping,10655,10604,10655,51
walking,10709,10655,10709,54
trotting,10730,10709,10730,21
stepping,10740,10730,10740,10
running,10761,10740,10761,21
stepping,10790,10761,10790,29
sniffing,10859,10790,10859,69
stepping,10935,10859,10935,76
rising,10969,10935,10969,34
left_turning,10989,10969,10989,20
sniffing,10999,10989,10999,10
grooming,11136,10999,11136,137
hunching,11266,11136,11266,130
sniffing,11310,11266,11310,44
rearing,11408,11310,11408,98
climbing,11445,11408,11445,37
rearing,11485,11445,11485,40
left_turning,11518,11485,11518,33
running,11541,11518,11541,23
trotting,11555,11541,11555,14
running,11568,11555,11568,13
walking,11593,11568,11593,25
sniffing,11604,11593,11604,11
left_turning,11619,11604,11619,15
rising,11669,11619,11669,50
running,11700,11669,11700,31
stepping,11701,11700,11701,1
sniffing,11702,11701,11702,1
grooming,11764,11702,11764,62
rearing,11808,11764,11808,44
grooming,11929,11808,11929,121
sniffing,11930,11929,11930,1
walking,11931,11930,11931,1
running,11979,11931,11979,48
walking,12026,11979,12026,47
rearing,12422,12026,12422,396
left_turning,12428,12422,12428,6
grooming,12958,12428,12958,530
rising,12965,12958,12965,7
climbing,12988,12965,12988,23
hunching,13047,12988,13047,59
sniffing,13077,13047,13077,30
stepping,13105,13077,13105,28
running,13129,13105,13129,24
left_turning,13134,13129,13134,5
stepping,13135,13134,13135,1
running,13165,13135,13165,30
walking,13218,13165,13218,53
right_turning,13224,13218,13224,6
walking,13276,13224,13276,52
sniffing,13372,13276,13372,96
walking,13373,13372,13373,1
stepping,13378,13373,13378,5
grooming,13404,13378,13404,26
scratching,13453,13404,13453,49
sniffing,13478,13453,13478,25
walking,13508,13478,13508,30
sniffing,13509,13508,13509,1
walking,13528,13509,13528,19
rising,13551,13528,13551,23
climbing,13599,13551,13599,48
running,13616,13599,13616,17
right_turning,13652,13616,13652,36
rising,13653,13652,13653,1
grooming,13868,13653,13868,215
walking,13887,13868,13887,19
stepping,13892,13887,13892,5
walking,13956,13892,13956,64
hunching,13970,13956,13970,14
grooming,13971,13970,13971,1
rearing,13972,13971,13972,1
sniffing,14018,13972,14018,46
rearing,14193,14018,14193,175
climbing,14220,14193,14220,27
grooming,14231,14220,14231,11
rearing,14232,14231,14232,1
sniffing,14233,14232,14233,1
rising,14250,14233,14250,17
walking,14289,14250,14289,39
climbing,14371,14289,14371,82
rearing,14397,14371,14397,26
grooming,14551,14397,14551,154
walking,14593,14551,14593,42
rising,14622,14593,14622,29
rearing,14674,14622,14674,52
climbing,14745,14674,14745,71
trotting,14775,14745,14775,30
sniffing,14857,14775,14857,82
stepping,14892,14857,14892,35
grooming,14893,14892,14893,1
rising,14929,14893,14929,36
grooming,15361,14929,15361,432
left_turning,15398,15361,15398,37
walking,15429,15398,15429,31
sniffing,15446,15429,15446,17
left_turning,15462,15446,15462,16
grooming,15801,15462,15801,339
rearing,15846,15801,15846,45
climbing,15885,15846,15885,39
stepping,15912,15885,15912,27
climbing,15972,15912,15972,60
grooming,16190,15972,16190,218
rising,16268,16190,16268,78
climbing,16301,16268,16301,33
grooming,16302,16301,16302,1
sniffing,16335,16302,16335,33
rising,16431,16335,16431,96
grooming,16530,16431,16530,99
hunching,16671,16530,16671,141
grooming,16672,16671,16672,1
rearing,16761,16672,16761,89
grooming,16827,16761,16827,66
climbing,16876,16827,16876,49
sniffing,16891,16876,16891,15
stepping,16905,16891,16905,14
sniffing,16906,16905,16906,1
grooming,16964,16906,16964,58
hunching,16965,16964,16965,1
left_turning,16976,16965,16976,11
hunching,16977,16976,16977,1
left_turning,16996,16977,16996,19
walking,16997,16996,16997,1
trotting,17008,16997,17008,11
running,17034,17008,17034,26
trotting,17074,17034,17074,40
sniffing,17075,17074,17075,1
rising,17076,17075,17076,1
grooming,17667,17076,17667,591
rearing,17668,17667,17668,1
walking,17715,17668,17715,47
sniffing,17743,17715,17743,28
rising,17833,17743,17833,90
rearing,18009,17833,18009,176
hunching,18078,18009,18078,69
rearing,18111,18078,18111,33
stepping,18122,18111,18122,11
sniffing,18136,18122,18136,14
climbing,18180,18136,18180,44
running,18214,18180,18214,34
sniffing,18216,18214,18216,2
grooming,18717,18216,18717,501
stepping,18759,18717,18759,42
running,18792,18759,18792,33
walking,18829,18792,18829,37
stepping,18843,18829,18843,14
rising,18877,18843,18877,34
walking,18903,18877,18903,26
rearing,18948,18903,18948,45
trotting,18969,18948,18969,21
walking,19017,18969,19017,48
rearing,19130,19017,19130,113
climbing,19166,19130,19166,36
left_turning,19224,19166,19224,58
trotting,19273,19224,19273,49
stepping,19303,19273,19303,30
rising,19322,19303,19322,19
grooming,19412,19322,19412,90
left_turning,19461,19412,19461,49
sniffing,19758,19461,19758,297
rising,19788,19758,19788,30
sniffing,19847,19788,19847,59
left_turning,19896,19847,19896,49
walking,19932,19896,19932,36
stepping,19976,19932,19976,44
walking,20001,19976,20001,25
sniffing,20081,20001,20081,80
grooming,20241,20081,20241,160
walking,20314,20241,20314,73
sniffing,20518,20314,20518,204
grooming,20917,20518,20917,399
sniffing,20926,20917,20926,9
rising,20956,20926,20956,30
stepping,20973,20956,20973,17
sniffing,21006,20973,21006,33
grooming,21081,21006,21081,75
trotting,21117,21081,21117,36
sniffing,21121,21117,21121,4
walking,21180,21121,21180,59
sniffing,21215,21180,21215,35
grooming,21229,21215,21229,14
left_turning,21241,21229,21241,12
walking,21284,21241,21284,43
rising,21434,21284,21434,150
left_turning,21462,21434,21462,28
stepping,21496,21462,21496,34
sniffing,21518,21496,21518,22
stepping,21529,21518,21529,11
grooming,22201,21529,22201,672
rearing,22229,22201,22229,28
climbing,22273,22229,22273,44
grooming,22274,22273,22274,1
climbing,22311,22274,22311,37
grooming,22443,22311,22443,132
sniffing,22444,22443,22444,1
grooming,22585,22444,22585,141
sniffing,22676,22585,22676,91
walking,22713,22676,22713,37
sniffing,22772,22713,22772,59
grooming,23511,22772,23511,739
rearing,23545,23511,23545,34
sniffing,23599,23545,23599,54
walking,23637,23599,23637,38
rising,23660,23637,23660,23
walking,23716,23660,23716,56
rearing,23762,23716,23762,46
hunching,23845,23762,23845,83
walking,23863,23845,23863,18
rising,23893,23863,23893,30
stepping,23916,23893,23916,23
sniffing,23987,23916,23987,71
stepping,24026,23987,24026,39
sniffing,24094,24026,24094,68
walking,24127,24094,24127,33
sniffing,24198,24127,24198,71
stepping,24229,24198,24229,31
walking,24292,24229,24292,63
sniffing,24374,24292,24374,82
rising,24417,24374,24417,43
grooming,24457,24417,24457,40
stepping,24468,24457,24468,11
sniffing,24626,24468,24626,158
rearing,24731,24626,24731,105
walking,24732,24731,24732,1
sniffing,24733,24732,24733,1
stepping,24768,24733,24768,35
sniffing,24771,24768,24771,3
rising,24815,24771,24815,44
stepping,24942,24815,24942,127
walking,24948,24942,24948,6
sniffing,24969,24948,24969,21
rising,25043,24969,25043,74
walking,25104,25043,25104,61
stepping,25111,25104,25111,7
sniffing,25149,25111,25149,38
walking,25150,25149,25150,1
stepping,25165,25150,25165,15
sniffing,25169,25165,25169,4
left_turning,25194,25169,25194,25
walking,25211,25194,25211,17
rising,25258,25211,25258,47
hunching,25264,25258,25264,6
rising,25320,25264,25320,56
sniffing,25347,25320,25347,27
rising,25351,25347,25351,4
left_turning,25387,25351,25387,36
trotting,25427,25387,25427,40
walking,25457,25427,25457,30
stepping,25505,25457,25505,48
trotting,25544,25505,25544,39
sniffing,25574,25544,25574,30
hunching,25658,25574,25658,84
grooming,25721,25658,25721,63
hunching,25913,25721,25913,192
grooming,25922,25913,25922,9
walking,25948,25922,25948,26
sniffing,25974,25948,25974,26
grooming,26251,25974,26251,277
rearing,26336,26251,26336,85
hunching,26337,26336,26337,1
stepping,26367,26337,26367,30
right_turning,26368,26367,26368,1
sniffing,26392,26368,26392,24
hunching,26574,26392,26574,182
grooming,26643,26574,26643,69
rearing,26644,26643,26644,1
grooming,26781,26644,26781,137
walking,26785,26781,26785,4
grooming,26975,26785,26975,190
sniffing,26976,26975,26976,1
rearing,27074,26976,27074,98
grooming,27436,27074,27436,362
rearing,27513,27436,27513,77
grooming,27559,27513,27559,46
walking,27565,27559,27565,6
rising,27598,27565,27598,33
sniffing,27717,27598,27717,119
walking,27737,27717,27737,20
sniffing,27758,27737,27758,21
walking,27811,27758,27811,53
grooming,28077,27811,28077,266
sniffing,28116,28077,28116,39
grooming,28117,28116,28117,1
right_turning,28118,28117,28118,1
walking,28190,28118,28190,72
sniffing,28210,28190,28210,20
climbing,28248,28210,28248,38
left_turning,28270,28248,28270,22
sniffing,28274,28270,28274,4
walking,28275,28274,28275,1
left_turning,28276,28275,28276,1
trotting,28302,28276,28302,26
walking,28311,28302,28311,9
grooming,28449,28311,28449,138
trotting,28477,28449,28477,28
rising,28523,28477,28523,46
rearing,28585,28523,28585,62
grooming,28845,28585,28845,260
walking,28880,28845,28880,35
stepping,28900,28880,28900,20
rising,28901,28900,28901,1
sniffing,28913,28901,28913,12
stepping,28955,28913,28955,42
rearing,28984,28955,28984,29
grooming,29331,28984,29331,347
rearing,29332,29331,29332,1
stepping,29391,29332,29391,59
rising,29392,29391,29392,1
rearing,29523,29392,29523,131
walking,29551,29523,29551,28
rising,29597,29551,29597,46
grooming,29913,29597,29913,316
sniffing,29964,29913,29964,51
left_turning,29997,29964,29997,33
grooming,31394,29997,31394,1397
sniffing,31451,31394,31451,57
rising,31473,31451,31473,22
trotting,31498,31473,31498,25
stepping,31574,31498,31574,76
sniffing,31665,31574,31665,91
grooming,31931,31665,31931,266
stepping,31963,31931,31963,32
grooming,32053,31963,32053,90
left_turning,32063,32053,32063,10
walking,32076,32063,32076,13
sniffing,32130,32076,32130,54
stepping,32283,32130,32283,153
sniffing,32354,32283,32354,71
walking,32358,32354,32358,4
sniffing,32387,32358,32387,29
climbing,32395,32387,32395,8
running,32401,32395,32401,6
stepping,32435,32401,32435,34
sniffing,32461,32435,32461,26
grooming,32564,32461,32564,103
stepping,32627,32564,32627,63
sniffing,32755,32627,32755,128
walking,32791,32755,32791,36
sniffing,32792,32791,32792,1
walking,32879,32792,32879,87
sniffing,32907,32879,32907,28
scratching,33008,32907,33008,101
right_turning,33028,33008,33028,20
stepping,33039,33028,33039,11
walking,33066,33039,33066,27
sniffing,33067,33066,33067,1
rising,33068,33067,33068,1
climbing,33109,33068,33109,41
right_turning,33159,33109,33159,50
walking,33231,33159,33231,72
climbing,33241,33231,33241,10
walking,33264,33241,33264,23
stepping,33291,33264,33291,27
grooming,33326,33291,33326,35
right_turning,33347,33326,33347,21
stepping,33348,33347,33348,1
grooming,33805,33348,33805,457
left_turning,33836,33805,33836,31
walking,33871,33836,33871,35
sniffing,33961,33871,33961,90
stepping,33968,33961,33968,7
left_turning,33973,33968,33973,5
grooming,34063,33973,34063,90
left_turning,34064,34063,34064,1
walking,34074,34064,34074,10
left_turning,34134,34074,34134,60
walking,34168,34134,34168,34
sniffing,34309,34168,34309,141
left_turning,34355,34309,34355,46
stepping,34368,34355,34368,13
walking,34391,34368,34391,23
trotting,34392,34391,34392,1
stepping,34438,34392,34438,46
sniffing,34497,34438,34497,59
grooming,34587,34497,34587,90
stepping,34612,34587,34612,25
sniffing,34662,34612,34662,50
grooming,34663,34662,34663,1
hunching,34776,34663,34776,113
grooming,34841,34776,34841,65
hunching,34864,34841,34864,23
grooming,34865,34864,34865,1
hunching,34908,34865,34908,43
rearing,34909,34908,34909,1
grooming,35193,34909,35193,284
running,35231,35193,35231,38
sniffing,35260,35231,35260,29
walking,35324,35260,35324,64
stepping,35365,35324,35365,41
right_turning,35380,35365,35380,15
walking,35408,35380,35408,28
sniffing,35483,35408,35483,75
rising,35526,35483,35526,43
climbing,35589,35526,35589,63
trotting,35623,35589,35623,34
rising,35667,35623,35667,44
rearing,35706,35667,35706,39
rising,35707,35706,35707,1
grooming,35708,35707,35708,1
rearing,35719,35708,35719,11
grooming,35942,35719,35942,223
left_turning,35976,35942,35976,34
walking,35995,35976,35995,19
stepping,36013,35995,36013,18
sniffing,36060,36013,36060,47
hunching,36061,36060,36061,1
rearing,36089,36061,36089,28
climbing,36211,36089,36211,122
grooming,37298,36211,37298,1087
running,37336,37298,37336,38
climbing,37359,37336,37359,23
walking,37429,37359,37429,70
right_turning,37444,37429,37444,15
walking,37445,37444,37445,1
sniffing,37449,37445,37449,4
walking,37450,37449,37450,1
running,37468,37450,37468,18
sniffing,37501,37468,37501,33
rising,37559,37501,37559,58
walking,37582,37559,37582,23
trotting,37598,37582,37598,16
sniffing,37637,37598,37637,39
rearing,37638,37637,37638,1
sniffing,37733,37638,37733,95
grooming,37775,37733,37775,42
sniffing,37787,37775,37787,12
rearing,37921,37787,37921,134
grooming,37922,37921,37922,1
walking,37947,37922,37947,25
grooming,38090,37947,38090,143
running,38126,38090,38126,36
walking,38176,38126,38176,50
stepping,38214,38176,38214,38
grooming,38349,38214,38349,135
sniffing,38351,38349,38351,2
grooming,38549,38351,38549,198
hunching,38646,38549,38646,97
trotting,38684,38646,38684,38
sniffing,38755,38684,38755,71
stepping,38756,38755,38756,1
sniffing,38798,38756,38798,42
stepping,38812,38798,38812,14
walking,38827,38812,38827,15
sniffing,38831,38827,38831,4
stepping,38869,38831,38869,38
sniffing,38895,38869,38895,26
grooming,39014,38895,39014,119
rearing,39088,39014,39088,74
grooming,39089,39088,39089,1
sniffing,39120,39089,39120,31
stepping,39148,39120,39148,28
climbing,39164,39148,39164,16
rearing,39173,39164,39173,9
climbing,39185,39173,39185,12
grooming,39388,39185,39388,203
trotting,39423,39388,39423,35
sniffing,39514,39423,39514,91
left_turning,39551,39514,39551,37
walking,39594,39551,39594,43
stepping,39671,39594,39671,77
sniffing,39675,39671,39675,4
grooming,39676,39675,39676,1
walking,39691,39676,39691,15
trotting,39719,39691,39719,28
walking,39756,39719,39756,37
left_turning,39804,39756,39804,48
walking,39805,39804,39805,1
grooming,39824,39805,39824,19
walking,39840,39824,39840,16
sniffing,39876,39840,39876,36
left_turning,39877,39876,39877,1
hunching,40026,39877,40026,149
sniffing,40090,40026,40090,64
left_turning,40113,40090,40113,23
walking,40122,40113,40122,9
right_turning,40157,40122,40157,35
sniffing,40185,40157,40185,28
left_turning,40219,40185,40219,34
sniffing,40360,40219,40360,141
rearing,40361,40360,40361,1
walking,40397,40361,40397,36
stepping,40444,40397,40444,47
rising,40574,40444,40574,130
trotting,40608,40574,40608,34
rising,40721,40608,40721,113
climbing,40760,40721,40760,39
grooming,40950,40760,40950,190
sniffing,40951,40950,40951,1
climbing,40982,40951,40982,31
left_turning,41018,40982,41018,36
sniffing,41050,41018,41050,32
walking,41085,41050,41085,35
sniffing,41207,41085,41207,122
stepping,41223,41207,41223,16
sniffing,41256,41223,41256,33
stepping,41257,41256,41257,1
walking,41287,41257,41287,30
sniffing,41288,41287,41288,1
walking,41303,41288,41303,15
stepping,41304,41303,41304,1
sniffing,41305,41304,41305,1
rising,41323,41305,41323,18
climbing,41391,41323,41391,68
left_turning,41415,41391,41415,24
climbing,41453,41415,41453,38
rearing,41526,41453,41526,73
grooming,42306,41526,42306,780
sniffing,42349,42306,42349,43
walking,42397,42349,42397,48
left_turning,42398,42397,42398,1
walking,42425,42398,42425,27
sniffing,42471,42425,42471,46
left_turning,42472,42471,42472,1
sniffing,42473,42472,42473,1
stepping,42475,42473,42475,2
sniffing,42506,42475,42506,31
grooming,42523,42506,42523,17
climbing,42548,42523,42548,25
grooming,42698,42548,42698,150
rearing,42706,42698,42706,8
grooming,42707,42706,42707,1
hunching,42841,42707,42841,134
rearing,42842,42841,42842,1
grooming,43410,42842,43410,568
rearing,43509,43410,43509,99
grooming,43510,43509,43510,1
sniffing,43574,43510,43574,64
rising,43623,43574,43623,49
grooming,43798,43623,43798,175
rearing,43799,43798,43799,1
grooming,43903,43799,43903,104
rising,43931,43903,43931,28
hunching,44030,43931,44030,99
rearing,44060,44030,44060,30
sniffing,44144,44060,44144,84
walking,44156,44144,44156,12
sniffing,44244,44156,44244,88
right_turning,44269,44244,44269,25
stepping,44303,44269,44303,34
grooming,44496,44303,44496,193
rearing,44539,44496,44539,43
left_turning,44562,44539,44562,23
grooming,44833,44562,44833,271
walking,44915,44833,44915,82
sniffing,44972,44915,44972,57
left_turning,44995,44972,44995,23
sniffing,45044,44995,45044,49
right_turning,45087,45044,45087,43
walking,45126,45087,45126,39
sniffing,45142,45126,45142,16
grooming,45204,45142,45204,62
sniffing,45211,45204,45211,7
stepping,45235,45211,45235,24
rearing,45236,45235,45236,1
hunching,45271,45236,45271,35
grooming,45302,45271,45302,31
walking,45389,45302,45389,87
sniffing,45390,45389,45390,1
rising,45452,45390,45452,62
climbing,45511,45452,45511,59
rearing,45548,45511,45548,37
climbing,45605,45548,45605,57
rearing,45756,45605,45756,151
climbing,45810,45756,45810,54
running,45827,45810,45827,17
trotting,45850,45827,45850,23
walking,45881,45850,45881,31
stepping,45883,45881,45883,2
climbing,45895,45883,45895,12
running,45930,45895,45930,35
stepping,45951,45930,45951,21
rising,46037,45951,46037,86
climbing,46064,46037,46064,27
running,46101,46064,46101,37
sniffing,46120,46101,46120,19
stepping,46121,46120,46121,1
right_turning,46138,46121,46138,17
sniffing,46151,46138,46151,13
grooming,46152,46151,46152,1
left_turning,46197,46152,46197,45
walking,46231,46197,46231,34
sniffing,46301,46231,46301,70
walking,46326,46301,46326,25
grooming,46580,46326,46580,254
walking,46587,46580,46587,7
stepping,46614,46587,46614,27
sniffing,46619,46614,46619,5
grooming,46620,46619,46620,1
sniffing,46624,46620,46624,4
rising,46654,46624,46654,30
right_turning,46663,46654,46663,9
sniffing,46683,46663,46683,20
walking,46709,46683,46709,26
right_turning,46724,46709,46724,15
rising,46804,46724,46804,80
climbing,46896,46804,46896,92
left_turning,46897,46896,46897,1
rising,46899,46897,46899,2
climbing,46913,46899,46913,14
rising,46914,46913,46914,1
climbing,46982,46914,46982,68
rearing,47084,46982,47084,102
sniffing,47113,47084,47113,29
stepping,47191,47113,47191,78
rising,47210,47191,47210,19
climbing,47211,47210,47211,1
right_turning,47246,47211,47246,35
climbing,47290,47246,47290,44
left_turning,47366,47290,47366,76
hunching,47385,47366,47385,19
grooming,47386,47385,47386,1
running,47403,47386,47403,17
rising,47431,47403,47431,28
walking,47466,47431,47466,35
sniffing,47521,47466,47521,55
right_turning,47525,47521,47525,4
grooming,47557,47525,47557,32
stepping,47589,47557,47589,32
walking,47620,47589,47620,31
rising,47621,47620,47621,1
sniffing,47682,47621,47682,61
rising,47683,47682,47683,1
rearing,47714,47683,47714,31
sniffing,47766,47714,47766,52
stepping,47790,47766,47790,24
sniffing,47804,47790,47804,14
grooming,47805,47804,47805,1
rising,47806,47805,47806,1
sniffing,47813,47806,47813,7
walking,47836,47813,47836,23
sniffing,47896,47836,47896,60
walking,47926,47896,47926,30
sniffing,47927,47926,47927,1
rising,47998,47927,47998,71
rearing,48090,47998,48090,92
hunching,48124,48090,48124,34
rearing,48256,48124,48256,132
climbing,48281,48256,48281,25
grooming,48500,48281,48500,219
left_turning,48505,48500,48505,5
walking,48537,48505,48537,32
sniffing,48546,48537,48546,9
grooming,48872,48546,48872,326
sniffing,48883,48872,48883,11
stepping,48923,48883,48923,40
rising,48924,48923,48924,1
rearing,48925,48924,48925,1
rising,48955,48925,48955,30
hunching,49048,48955,49048,93
grooming,49112,49048,49112,64
rearing,49158,49112,49158,46
sniffing,49211,49158,49211,53
grooming,49423,49211,49423,212
walking,49459,49423,49459,36
sniffing,49478,49459,49478,19
walking,49515,49478,49515,37
sniffing,49623,49515,49623,108
stepping,49678,49623,49678,55
sniffing,49679,49678,49679,1
climbing,49728,49679,49728,49
trotting,49729,49728,49729,1
climbing,49737,49729,49737,8
left_turning,49780,49737,49780,43
walking,49801,49780,49801,21
sniffing,49802,49801,49802,1
trotting,49846,49802,49846,44
walking,49870,49846,49870,24
trotting,49898,49870,49898,28
sniffing,49907,49898,49907,9
rising,49972,49907,49972,65
grooming,50165,49972,50165,193
sniffing,50167,50165,50167,2
grooming,50168,50167,50168,1
scratching,50169,50168,50169,1
grooming,50183,50169,50183,14
left_turning,50270,50183,50270,87
stepping,50275,50270,50275,5
sniffing,50279,50275,50279,4
stepping,50320,50279,50320,41
sniffing,50341,50320,50341,21
rising,50361,50341,50361,20
grooming,50362,50361,50362,1
sniffing,50373,50362,50373,11
right_turning,50401,50373,50401,28
walking,50405,50401,50405,4
sniffing,50489,50405,50489,84
rising,50537,50489,50537,48
right_turning,50538,50537,50538,1
stepping,50557,50538,50557,19
climbing,50599,50557,50599,42
rearing,50628,50599,50628,29
stepping,50629,50628,50629,1
grooming,50997,50629,50997,368
scratching,51107,50997,51107,110
sniffing,51153,51107,51153,46
rearing,51172,51153,51172,19
grooming,51289,51172,51289,117
stepping,51374,51289,51374,85
right_turning,51394,51374,51394,20
grooming,51395,51394,51395,1
hunching,51459,51395,51459,64
grooming,51460,51459,51460,1
walking,51488,51460,51488,28
running,51525,51488,51525,37
stepping,51588,51525,51588,63
rearing,51604,51588,51604,16
climbing,51649,51604,51649,45
stepping,51694,51649,51694,45
sniffing,51740,51694,51740,46
rising,51741,51740,51741,1
rearing,51791,51741,51791,50
grooming,51792,51791,51792,1
left_turning,51815,51792,51815,23
sniffing,51864,51815,51864,49
walking,51894,51864,51894,30
sniffing,51951,51894,51951,57
climbing,51984,51951,51984,33
rearing,51985,51984,51985,1
left_turning,52011,51985,52011,26
sniffing,52043,52011,52043,32
stepping,52082,52043,52082,39
climbing,52141,52082,52141,59
running,52155,52141,52155,14
sniffing,52162,52155,52162,7
walking,52195,52162,52195,33
sniffing,52254,52195,52254,59
stepping,52287,52254,52287,33
left_turning,52316,52287,52316,29
running,52340,52316,52340,24
walking,52373,52340,52373,33
grooming,52664,52373,52664,291
hunching,52698,52664,52698,34
sniffing,52762,52698,52762,64
left_turning,52795,52762,52795,33
rising,52822,52795,52822,27
hunching,52886,52822,52886,64
rearing,52919,52886,52919,33
climbing,52955,52919,52955,36
grooming,52956,52955,52956,1
left_turning,52971,52956,52971,15
walking,53001,52971,53001,30
sniffing,53056,53001,53056,55
stepping,53077,53056,53077,21
sniffing,53100,53077,53100,23
grooming,53226,53100,53226,126
walking,53248,53226,53248,22
stepping,53281,53248,53281,33
grooming,53534,53281,53534,253
sniffing,53543,53534,53543,9
stepping,53576,53543,53576,33
trotting,53617,53576,53617,41
sniffing,53618,53617,53618,1
stepping,53647,53618,53647,29
trotting,53668,53647,53668,21
walking,53757,53668,53757,89
sniffing,53758,53757,53758,1
grooming,54044,53758,54044,286
rearing,54080,54044,54080,36
sniffing,54228,54080,54228,148
rising,54274,54228,54274,46
rearing,54344,54274,54344,70
walking,54378,54344,54378,34
sniffing,54379,54378,54379,1
rising,54406,54379,54406,27
right_turning,54408,54406,54408,2
rising,54450,54408,54450,42
walking,54485,54450,54485,35
sniffing,54499,54485,54499,14
stepping,54508,54499,54508,9
sniffing,54607,54508,54607,99
walking,54612,54607,54612,5
sniffing,54652,54612,54652,40
stepping,54712,54652,54712,60
sniffing,54789,54712,54789,77
rearing,54863,54789,54863,74
climbing,54904,54863,54904,41
rising,54907,54904,54907,3
right_turning,54929,54907,54929,22
stepping,54951,54929,54951,22
grooming,54952,54951,54952,1
rearing,55021,54952,55021,69
stepping,55059,55021,55059,38
sniffing,55071,55059,55071,12
rearing,55100,55071,55100,29
walking,55118,55100,55118,18
sniffing,55150,55118,55150,32
stepping,55204,55150,55204,54
sniffing,55216,55204,55216,12
rearing,55217,55216,55217,1
climbing,55253,55217,55253,36
walking,55260,55253,55260,7
sniffing,55302,55260,55302,42
stepping,55313,55302,55313,11
sniffing,55378,55313,55378,65
rising,55434,55378,55434,56
grooming,55580,55434,55580,146
scratching,55689,55580,55689,109
stepping,55764,55689,55764,75
rising,55793,55764,55793,29
stepping,55828,55793,55828,35
sniffing,55853,55828,55853,25
stepping,55868,55853,55868,15
walking,55890,55868,55890,22
stepping,55928,55890,55928,38
sniffing,55935,55928,55935,7
stepping,55994,55935,55994,59
sniffing,56049,55994,56049,55
left_turning,56050,56049,56050,1
grooming,56266,56050,56266,216
hunching,56298,56266,56298,32
grooming,56365,56298,56365,67
right_turning,56381,56365,56381,16
walking,56405,56381,56405,24
trotting,56431,56405,56431,26
sniffing,56432,56431,56432,1
stepping,56467,56432,56467,35
sniffing,56535,56467,56535,68
grooming,56660,56535,56660,125
sniffing,56714,56660,56714,54
left_turning,56770,56714,56770,56
sniffing,56818,56770,56818,48
stepping,56836,56818,56836,18
hunching,56881,56836,56881,45
grooming,56948,56881,56948,67
stepping,56966,56948,56966,18
sniffing,56967,56966,56967,1
stepping,56983,56967,56983,16
left_turning,56994,56983,56994,11
sniffing,57011,56994,57011,17
walking,57021,57011,57021,10
rising,57052,57021,57052,31
sniffing,57062,57052,57062,10
rearing,57127,57062,57127,65
rising,57196,57127,57196,69
rearing,57197,57196,57197,1
climbing,57240,57197,57240,43
sniffing,57276,57240,57276,36
walking,57311,57276,57311,35
sniffing,57377,57311,57377,66
rising,57419,57377,57419,42
sniffing,57512,57419,57512,93
rearing,57513,57512,57513,1
running,57534,57513,57534,21
walking,57560,57534,57560,26
stepping,57563,57560,57563,3
right_turning,57586,57563,57586,23
climbing,57587,57586,57587,1
walking,57631,57587,57631,44
sniffing,57640,57631,57640,9
walking,57645,57640,57645,5
sniffing,57652,57645,57652,7
rising,57653,57652,57653,1
stepping,57704,57653,57704,51
walking,57711,57704,57711,7
sniffing,57778,57711,57778,67
stepping,57805,57778,57805,27
right_turning,57812,57805,57812,7
sniffing,57860,57812,57860,48
grooming,57861,57860,57861,1
rearing,57882,57861,57882,21
rising,58058,57882,58058,176
climbing,58103,58058,58103,45
stepping,58121,58103,58121,18
rising,58163,58121,58163,42
left_turning,58187,58163,58187,24
sniffing,58195,58187,58195,8
climbing,58215,58195,58215,20
trotting,58247,58215,58247,32
walking,58279,58247,58279,32
right_turning,58292,58279,58292,13
grooming,58538,58292,58538,246
rearing,58574,58538,58574,36
grooming,58820,58574,58820,246
scratching,58821,58820,58821,1
left_turning,58838,58821,58838,17
walking,58852,58838,58852,14
sniffing,58896,58852,58896,44
stepping,58966,58896,58966,70
sniffing,58992,58966,58992,26
left_turning,59019,58992,59019,27
trotting,59062,59019,59062,43
walking,59086,59062,59086,24
stepping,59127,59086,59127,41
walking,59142,59127,59142,15
sniffing,59143,59142,59143,1
left_turning,59144,59143,59144,1
sniffing,59146,59144,59146,2
rearing,59238,59146,59238,92
trotting,59275,59238,59275,37
sniffing,59294,59275,59294,19
stepping,59315,59294,59315,21
sniffing,59316,59315,59316,1
walking,59359,59316,59359,43
rising,59360,59359,59360,1
grooming,59478,59360,59478,118
hunching,59848,59478,59848,370
rearing,59862,59848,59862,14
running,59898,59862,59898,36
sniffing,59902,59898,59902,4
walking,59936,59902,59936,34
sniffing,59982,59936,59982,46
walking,59997,59982,59997,15
stepping,60030,59997,60030,33
sniffing,60057,60030,60057,27
walking,60115,60057,60115,58
stepping,60128,60115,60128,13
walking,60164,60128,60164,36
rearing,60216,60164,60216,52
climbing,60264,60216,60264,48
sniffing,60301,60264,60301,37
walking,60321,60301,60321,20
stepping,60336,60321,60336,15
left_turning,60389,60336,60389,53
walking,60421,60389,60421,32
running,60447,60421,60447,26
stepping,60473,60447,60473,26
rising,60474,60473,60474,1
sniffing,60539,60474,60539,65
climbing,60589,60539,60589,50
trotting,60626,60589,60626,37
left_turning,60627,60626,60627,1
hunching,60645,60627,60645,18
grooming,60838,60645,60838,193
rearing,60862,60838,60862,24
climbing,60869,60862,60869,7
trotting,60909,60869,60909,40
sniffing,60966,60909,60966,57
climbing,61000,60966,61000,34
sniffing,61001,61000,61001,1
stepping,61031,61001,61031,30
sniffing,61133,61031,61133,102
rising,61176,61133,61176,43
rearing,61231,61176,61231,55
climbing,61287,61231,61287,56
running,61319,61287,61319,32
stepping,61351,61319,61351,32
grooming,61432,61351,61432,81
running,61462,61432,61462,30
right_turning,61482,61462,61482,20
sniffing,61523,61482,61523,41
grooming,61669,61523,61669,146
hunching,61797,61669,61797,128
grooming,61798,61797,61798,1
rearing,61834,61798,61834,36
grooming,61908,61834,61908,74
hunching,61937,61908,61937,29
rearing,61951,61937,61951,14
grooming,62051,61951,62051,100
sniffing,62071,62051,62071,20
rearing,62072,62071,62072,1
left_turning,62100,62072,62100,28
trotting,62115,62100,62115,15
sniffing,62125,62115,62125,10
walking,62159,62125,62159,34
trotting,62205,62159,62205,46
stepping,62271,62205,62271,66
scratching,62323,62271,62323,52
sniffing,62357,62323,62357,34
climbing,62375,62357,62375,18
rising,62379,62375,62379,4
left_turning,62403,62379,62403,24
sniffing,62475,62403,62475,72
stepping,62495,62475,62495,20
grooming,62496,62495,62496,1
rearing,62497,62496,62497,1
rising,62528,62497,62528,31
stepping,62576,62528,62576,48
rising,62593,62576,62593,17
grooming,62594,62593,62594,1
sniffing,62598,62594,62598,4
walking,62622,62598,62622,24
sniffing,62698,62622,62698,76
trotting,62707,62698,62707,9
stepping,62730,62707,62730,23
sniffing,62787,62730,62787,57
walking,62788,62787,62788,1
stepping,62833,62788,62833,45
left_turning,62864,62833,62864,31
sniffing,62970,62864,62970,106
grooming,63397,62970,63397,427
hunching,63398,63397,63398,1
grooming,63399,63398,63399,1
rearing,63555,63399,63555,156
walking,63582,63555,63582,27
stepping,63612,63582,63612,30
scratching,63907,63612,63907,295
grooming,63946,63907,63946,39
sniffing,63990,63946,63990,44
stepping,64004,63990,64004,14
rising,64051,64004,64051,47
sniffing,64071,64051,64071,20
walking,64117,64071,64117,46
climbing,64159,64117,64159,42
rearing,64217,64159,64217,58
left_turning,64236,64217,64236,19
climbing,64290,64236,64290,54
grooming,64495,64290,64495,205
rearing,64587,64495,64587,92
grooming,65102,64587,65102,515
hunching,65149,65102,65149,47
rearing,65345,65149,65345,196
walking,65365,65345,65365,20
sniffing,65417,65365,65417,52
grooming,66490,65417,66490,1073
rearing,66573,66490,66573,83
grooming,66574,66573,66574,1
trotting,66594,66574,66594,20
climbing,66684,66594,66684,90
right_turning,66706,66684,66706,22
walking,66738,66706,66738,32
sniffing,66805,66738,66805,67
grooming,66846,66805,66846,41
sniffing,66871,66846,66871,25
stepping,66907,66871,66907,36
climbing,66941,66907,66941,34
rising,66960,66941,66960,19
sniffing,67032,66960,67032,72
stepping,67050,67032,67050,18
right_turning,67082,67050,67082,32
trotting,67104,67082,67104,22
walking,67122,67104,67122,18
sniffing,67145,67122,67145,23
walking,67183,67145,67183,38
sniffing,67184,67183,67184,1
walking,67207,67184,67207,23
sniffing,67291,67207,67291,84
grooming,67478,67291,67478,187
sniffing,67521,67478,67521,43
running,67547,67521,67547,26
rising,67554,67547,67554,7
sniffing,67555,67554,67555,1
walking,67593,67555,67593,38
trotting,67608,67593,67608,15
walking,67631,67608,67631,23
sniffing,67680,67631,67680,49
rising,67705,67680,67705,25
stepping,67712,67705,67712,7
sniffing,67762,67712,67762,50
scratching,67866,67762,67866,104
stepping,67882,67866,67882,16
grooming,67959,67882,67959,77
left_turning,68008,67959,68008,49
sniffing,68045,68008,68045,37
grooming,68073,68045,68073,28
right_turning,68091,68073,68091,18
sniffing,68161,68091,68161,70
climbing,68186,68161,68186,25
walking,68191,68186,68191,5
sniffing,68216,68191,68216,25
left_turning,68231,68216,68231,15
sniffing,68232,68231,68232,1
grooming,68233,68232,68233,1
sniffing,68256,68233,68256,23
stepping,68311,68256,68311,55
trotting,68343,68311,68343,32
walking,68372,68343,68372,29
stepping,68408,68372,68408,36
climbing,68515,68408,68515,107
grooming,68926,68515,68926,411
running,68953,68926,68953,27
sniffing,68957,68953,68957,4
walking,68966,68957,68966,9
sniffing,69060,68966,69060,94
stepping,69155,69060,69155,95
rising,69156,69155,69156,1
left_turning,69194,69156,69194,38
grooming,69334,69194,69334,140
trotting,69358,69334,69358,24
stepping,69415,69358,69415,57
rising,69438,69415,69438,23
sniffing,69502,69438,69502,64
rearing,69524,69502,69524,22
grooming,69525,69524,69525,1
stepping,69541,69525,69541,16
climbing,69615,69541,69615,74
rising,69646,69615,69646,31
rearing,69808,69646,69808,162
climbing,69900,69808,69900,92
walking,69901,69900,69901,1
sniffing,70018,69901,70018,117
walking,70019,70018,70019,1
stepping,70020,70019,70020,1
sniffing,70135,70020,70135,115
rising,70136,70135,70136,1
rearing,70157,70136,70157,21
climbing,70178,70157,70178,21
walking,70189,70178,70189,11
sniffing,70309,70189,70309,120
rising,70320,70309,70320,11
left_turning,70321,70320,70321,1
trotting,70327,70321,70327,6
right_turning,70334,70327,70334,7
climbing,70345,70334,70345,11
walking,70383,70345,70383,38
trotting,70419,70383,70419,36
sniffing,70455,70419,70455,36
walking,70462,70455,70462,7
right_turning,70499,70462,70499,37
stepping,70528,70499,70528,29
right_turning,70569,70528,70569,41
walking,70570,70569,70570,1
sniffing,70608,70570,70608,38
grooming,70745,70608,70745,137
hunching,70816,70745,70816,71
grooming,70851,70816,70851,35
hunching,71009,70851,71009,158
sniffing,71036,71009,71036,27
walking,71079,71036,71079,43
sniffing,71229,71079,71229,150
left_turning,71259,71229,71259,30
sniffing,71443,71259,71443,184
left_turning,71450,71443,71450,7
sniffing,71534,71450,71534,84
scratching,71744,71534,71744,210
walking,71760,71744,71760,16
sniffing,71844,71760,71844,84
left_turning,71877,71844,71877,33
grooming,72043,71877,72043,166
rearing,72090,72043,72090,47
grooming,72211,72090,72211,121
walking,72217,72211,72217,6
sniffing,72267,72217,72267,50
rising,72304,72267,72304,37
grooming,72646,72304,72646,342
sniffing,72673,72646,72673,27
rearing,72764,72673,72764,91
hunching,72820,72764,72820,56
rearing,72890,72820,72890,70
walking,72917,72890,72917,27
sniffing,72948,72917,72948,31
grooming,73161,72948,73161,213
walking,73205,73161,73205,44
stepping,73214,73205,73214,9
walking,73232,73214,73232,18
rising,73235,73232,73235,3
sniffing,73329,73235,73329,94
rising,73341,73329,73341,12
climbing,73417,73341,73417,76
rearing,73505,73417,73505,88
walking,73535,73505,73535,30
sniffing,73536,73535,73536,1
grooming,73635,73536,73635,99
rising,73645,73635,73645,10
climbing,73646,73645,73646,1
rising,73647,73646,73647,1
rearing,73689,73647,73689,42
hunching,73690,73689,73690,1
left_turning,73760,73690,73760,70
trotting,73820,73760,73820,60
walking,73848,73820,73848,28
stepping,73885,73848,73885,37
trotting,73922,73885,73922,37
stepping,73959,73922,73959,37
rearing,73993,73959,73993,34
rising,74019,73993,74019,26
sniffing,74061,74019,74061,42
walking,74116,74061,74116,55
rising,74117,74116,74117,1
stepping,74148,74117,74148,31
rearing,74149,74148,74149,1
sniffing,74206,74149,74206,57
stepping,74221,74206,74221,15
sniffing,74251,74221,74251,30
grooming,74252,74251,74252,1
scratching,74337,74252,74337,85
sniffing,74349,74337,74349,12
stepping,74387,74349,74387,38
walking,74400,74387,74400,13
stepping,74429,74400,74429,29
sniffing,74518,74429,74518,89
stepping,74540,74518,74540,22
rearing,74541,74540,74541,1
climbing,74556,74541,74556,15
sniffing,74611,74556,74611,55
walking,74631,74611,74631,20
running,74668,74631,74668,37
trotting,74693,74668,74693,25
right_turning,74712,74693,74712,19
walking,74721,74712,74721,9
sniffing,74758,74721,74758,37
stepping,74759,74758,74759,1
trotting,74779,74759,74779,20
stepping,74795,74779,74795,16
rearing,74796,74795,74796,1
stepping,74800,74796,74800,4
sniffing,74841,74800,74841,41
stepping,74880,74841,74880,39
sniffing,74985,74880,74985,105
stepping,75010,74985,75010,25
trotting,75025,75010,75025,15
sniffing,75050,75025,75050,25
climbing,75102,75050,75102,52
walking,75103,75102,75103,1
sniffing,75200,75103,75200,97
stepping,75235,75200,75235,35
right_turning,75249,75235,75249,14
climbing,75274,75249,75274,25
grooming,75275,75274,75275,1
rising,75291,75275,75291,16
rearing,75369,75291,75369,78
rising,75375,75369,75375,6
climbing,75427,75375,75427,52
walking,75456,75427,75456,29
sniffing,75494,75456,75494,38
climbing,75553,75494,75553,59
rearing,75554,75553,75554,1
climbing,75591,75554,75591,37
grooming,75892,75591,75892,301
left_turning,75918,75892,75918,26
rising,75921,75918,75921,3
climbing,75935,75921,75935,14
trotting,75936,75935,75936,1
stepping,75969,75936,75969,33
sniffing,76099,75969,76099,130
stepping,76134,76099,76134,35
sniffing,76204,76134,76204,70
stepping,76214,76204,76214,10
sniffing,76283,76214,76283,69
rising,76302,76283,76302,19
grooming,76336,76302,76336,34
climbing,76432,76336,76432,96
stepping,76449,76432,76449,17
rising,76450,76449,76450,1
rearing,76451,76450,76451,1
right_turning,76465,76451,76465,14
stepping,76468,76465,76468,3
sniffing,76526,76468,76526,58
climbing,76578,76526,76578,52
stepping,76596,76578,76596,18
grooming,76623,76596,76623,27
stepping,76639,76623,76639,16
sniffing,76654,76639,76654,15
hunching,76792,76654,76792,138
rearing,76799,76792,76799,7
left_turning,76800,76799,76800,1
grooming,77070,76800,77070,270
sniffing,77163,77070,77163,93
walking,77185,77163,77185,22
sniffing,77186,77185,77186,1
rising,77187,77186,77187,1
sniffing,77191,77187,77191,4
walking,77200,77191,77200,9
sniffing,77201,77200,77201,1
hunching,77202,77201,77202,1
rising,77221,77202,77221,19
climbing,77233,77221,77233,12
trotting,77241,77233,77241,8
stepping,77284,77241,77284,43
rearing,77336,77284,77336,52
grooming,77592,77336,77592,256
sniffing,77621,77592,77621,29
stepping,77628,77621,77628,7
rising,77645,77628,77645,17
grooming,77646,77645,77646,1
hunching,77735,77646,77735,89
rearing,77736,77735,77736,1
grooming,77737,77736,77737,1
rearing,77811,77737,77811,74
climbing,77852,77811,77852,41
sniffing,78008,77852,78008,156
stepping,78068,78008,78068,60
rising,78132,78068,78132,64
sniffing,78151,78132,78151,19
hunching,78227,78151,78227,76
grooming,78341,78227,78341,114
rearing,78377,78341,78377,36
hunching,78424,78377,78424,47
walking,78467,78424,78467,43
stepping,78472,78467,78472,5
rising,78492,78472,78492,20
sniffing,78549,78492,78549,57
right_turning,78567,78549,78567,18
walking,78607,78567,78607,40
sniffing,78637,78607,78637,30
rising,78682,78637,78682,45
grooming,78683,78682,78683,1
scratching,78775,78683,78775,92
grooming,78776,78775,78776,1
sniffing,78777,78776,78777,1
grooming,78945,78777,78945,168
stepping,78978,78945,78978,33
rising,78993,78978,78993,15
climbing,79109,78993,79109,116
trotting,79110,79109,79110,1
sniffing,79114,79110,79114,4
walking,79157,79114,79157,43
sniffing,79285,79157,79285,128
stepping,79324,79285,79324,39
walking,79330,79324,79330,6
sniffing,79432,79330,79432,102
left_turning,79460,79432,79460,28
walking,79507,79460,79507,47
sniffing,79612,79507,79612,105
grooming,79729,79612,79729,117
sniffing,79765,79729,79765,36
rearing,79822,79765,79822,57
grooming,79884,79822,79884,62
rearing,79885,79884,79885,1
rising,79914,79885,79914,29
rearing,79915,79914,79915,1
walking,79928,79915,79928,13
rising,79939,79928,79939,11
sniffing,79989,79939,79989,50
rearing,80015,79989,80015,26
rising,80068,80015,80068,53
climbing,80123,80068,80123,55
walking,80165,80123,80165,42
sniffing,80245,80165,80245,80
left_turning,80247,80245,80247,2
rearing,80248,80247,80248,1
left_turning,80249,80248,80249,1
stepping,80267,80249,80267,18
sniffing,80268,80267,80268,1
stepping,80336,80268,80336,68
walking,80376,80336,80376,40
sniffing,80428,80376,80428,52
walking,80494,80428,80494,66
stepping,80500,80494,80500,6
sniffing,80563,80500,80563,63
stepping,80592,80563,80592,29
sniffing,80620,80592,80620,28
grooming,80621,80620,80621,1
rearing,80675,80621,80675,54
climbing,80760,80675,80760,85
running,80769,80760,80769,9
walking,80770,80769,80770,1
sniffing,80822,80770,80822,52
hunching,80860,80822,80860,38
rearing,80921,80860,80921,61
climbing,80981,80921,80981,60
rearing,81065,80981,81065,84
left_turning,81104,81065,81104,39
climbing,81162,81104,81162,58
sniffing,81178,81162,81178,16
trotting,81191,81178,81191,13
walking,81248,81191,81248,57
sniffing,81336,81248,81336,88
grooming,81674,81336,81674,338
walking,81708,81674,81708,34
trotting,81726,81708,81726,18
rearing,81747,81726,81747,21
grooming,81748,81747,81748,1
sniffing,81878,81748,81878,130
stepping,81880,81878,81880,2
sniffing,81933,81880,81933,53
rising,81939,81933,81939,6
sniffing,81940,81939,81940,1
walking,81966,81940,81966,26
stepping,81982,81966,81982,16
sniffing,81983,81982,81983,1
grooming,81984,81983,81984,1
hunching,81985,81984,81985,1
sniffing,81986,81985,81986,1
walking,82003,81986,82003,17
sniffing,82004,82003,82004,1
stepping,82028,82004,82028,24
sniffing,82073,82028,82073,45
left_turning,82145,82073,82145,72
stepping,82147,82145,82147,2
sniffing,82216,82147,82216,69
stepping,82217,82216,82217,1
sniffing,82275,82217,82275,58
walking,82289,82275,82289,14
climbing,82330,82289,82330,41
rearing,82419,82330,82419,89
grooming,82541,82419,82541,122
walking,82591,82541,82591,50
grooming,82773,82591,82773,182
rearing,82820,82773,82820,47
grooming,82950,82820,82950,130
scratching,82962,82950,82962,12
grooming,83058,82962,83058,96
trotting,83101,83058,83101,43
stepping,83112,83101,83112,11
sniffing,83149,83112,83149,37
rearing,83150,83149,83150,1
running,83178,83150,83178,28
walking,83215,83178,83215,37
grooming,83216,83215,83216,1
hunching,83222,83216,83222,6
sniffing,83331,83222,83331,109
grooming,83332,83331,83332,1
sniffing,83333,83332,83333,1
stepping,83371,83333,83371,38
sniffing,83427,83371,83427,56
grooming,83428,83427,83428,1
running,83448,83428,83448,20
stepping,83449,83448,83449,1
rearing,83450,83449,83450,1
right_turning,83470,83450,83470,20
stepping,83480,83470,83480,10
rising,83491,83480,83491,11
rearing,83492,83491,83492,1
grooming,83619,83492,83619,127
sniffing,83633,83619,83633,14
left_turning,83667,83633,83667,34
walking,83751,83667,83751,84
grooming,83752,83751,83752,1
sniffing,83840,83752,83840,88
stepping,83879,83840,83879,39
left_turning,83882,83879,83882,3
sniffing,83883,83882,83883,1
left_turning,83911,83883,83911,28
walking,83944,83911,83944,33
sniffing,83993,83944,83993,49
stepping,84038,83993,84038,45
sniffing,84045,84038,84045,7
walking,84074,84045,84074,29
stepping,84120,84074,84120,46
sniffing,84155,84120,84155,35
left_turning,84156,84155,84156,1
rearing,84187,84156,84187,31
running,84215,84187,84215,28
sniffing,84217,84215,84217,2
stepping,84247,84217,84247,30
sniffing,84254,84247,84254,7
rearing,84293,84254,84293,39
climbing,84326,84293,84326,33
grooming,84616,84326,84616,290
rearing,84671,84616,84671,55
grooming,84672,84671,84672,1
scratching,84747,84672,84747,75
grooming,84792,84747,84792,45
stepping,84823,84792,84823,31
sniffing,84860,84823,84860,37
rising,84881,84860,84881,21
climbing,84955,84881,84955,74
rising,84978,84955,84978,23
rearing,85152,84978,85152,174
rising,85194,85152,85194,42
grooming,85195,85194,85195,1
sniffing,85226,85195,85226,31
climbing,85270,85226,85270,44
left_turning,85302,85270,85302,32
sniffing,85395,85302,85395,93
walking,85433,85395,85433,38
sniffing,85500,85433,85500,67
stepping,85531,85500,85531,31
sniffing,85548,85531,85548,17
trotting,85558,85548,85558,10
rising,85566,85558,85566,8
sniffing,85603,85566,85603,37
trotting,85632,85603,85632,29
running,85653,85632,85653,21
stepping,85677,85653,85677,24
sniffing,85726,85677,85726,49
climbing,85779,85726,85779,53
trotting,85798,85779,85798,19
stepping,85863,85798,85863,65
sniffing,85915,85863,85915,52
rising,85971,85915,85971,56
grooming,85972,85971,85972,1
rearing,86010,85972,86010,38
grooming,86063,86010,86063,53
sniffing,86144,86063,86144,81
grooming,86145,86144,86145,1
sniffing,86148,86145,86148,3
stepping,86194,86148,86194,46
sniffing,86202,86194,86202,8
rearing,86340,86202,86340,138
grooming,86341,86340,86341,1
rising,86346,86341,86346,5
climbing,86361,86346,86361,15
rearing,86380,86361,86380,19
left_turning,86422,86380,86422,42
sniffing,86492,86422,86492,70
stepping,86544,86492,86544,52
sniffing,86580,86544,86580,36
grooming,87168,86580,87168,588
left_turning,87214,87168,87214,46
sniffing,87284,87214,87284,70
stepping,87322,87284,87322,38
sniffing,87376,87322,87376,54
stepping,87377,87376,87377,1
sniffing,87378,87377,87378,1
stepping,87409,87378,87409,31
walking,87475,87409,87475,66
trotting,87501,87475,87501,26
sniffing,87547,87501,87547,46
rearing,87652,87547,87652,105
hunching,87722,87652,87722,70
grooming,87723,87722,87723,1
rearing,87734,87723,87734,11
grooming,87952,87734,87952,218
sniffing,88221,87952,88221,269
walking,88286,88221,88286,65
rearing,88311,88286,88311,25
sniffing,88390,88311,88390,79
grooming,88391,88390,88391,1
sniffing,88447,88391,88447,56
hunching,88477,88447,88477,30
rearing,88548,88477,88548,71
climbing,88563,88548,88563,15
grooming,88564,88563,88564,1
rearing,88619,88564,88619,55
hunching,88634,88619,88634,15
rising,88636,88634,88636,2
rearing,88722,88636,88722,86
grooming,88879,88722,88879,157
hunching,88932,88879,88932,53
grooming,88933,88932,88933,1
left_turning,88965,88933,88965,32
grooming,89039,88965,89039,74
scratching,89110,89039,89110,71
right_turning,89134,89110,89134,24
climbing,89153,89134,89153,19
rearing,89215,89153,89215,62
right_turning,89226,89215,89226,11
trotting,89237,89226,89237,11
sniffing,89265,89237,89265,28
rising,89266,89265,89266,1
stepping,89282,89266,89282,16
sniffing,89320,89282,89320,38
stepping,89355,89320,89355,35
sniffing,89382,89355,89382,27
stepping,89416,89382,89416,34
sniffing,89524,89416,89524,108
grooming,89802,89524,89802,278
rising,89814,89802,89814,12
sniffing,89855,89814,89855,41
right_turning,89881,89855,89881,26
trotting,89925,89881,89925,44
sniffing,89998,89925,89998,73
rearing,90073,89998,90073,75
rising,90107,90073,90107,34
rearing,90113,90107,90113,6
grooming,90393,90113,90393,280
rearing,90394,90393,90394,1
hunching,90450,90394,90450,56
rearing,90495,90450,90495,45
climbing,90538,90495,90538,43
rearing,90586,90538,90586,48
grooming,90605,90586,90605,19
rising,90621,90605,90621,16
walking,90634,90621,90634,13
grooming,90812,90634,90812,178
rearing,90841,90812,90841,29
walking,90846,90841,90846,5
climbing,90887,90846,90887,41
rearing,90916,90887,90916,29
climbing,90946,90916,90946,30
grooming,90947,90946,90947,1
sniffing,91050,90947,91050,103
walking,91078,91050,91078,28
stepping,91083,91078,91083,5
sniffing,91087,91083,91087,4
right_turning,91114,91087,91114,27
stepping,91176,91114,91176,62
walking,91184,91176,91184,8
trotting,91194,91184,91194,10
rising,91199,91194,91199,5
grooming,91283,91199,91283,84
rising,91329,91283,91329,46
right_turning,91355,91329,91355,26
climbing,91375,91355,91375,20
left_turning,91456,91375,91456,81
trotting,91470,91456,91470,14
stepping,91558,91470,91558,88
sniffing,91609,91558,91609,51
climbing,91676,91609,91676,67
running,91698,91676,91698,22
climbing,91745,91698,91745,47
rising,91759,91745,91759,14
rearing,91760,91759,91760,1
climbing,91783,91760,91783,23
grooming,91889,91783,91889,106
sniffing,91893,91889,91893,4
right_turning,91908,91893,91908,15
stepping,91931,91908,91931,23
walking,91982,91931,91982,51
sniffing,92341,91982,92341,359
climbing,92377,92341,92377,36
right_turning,92378,92377,92378,1
stepping,92402,92378,92402,24
grooming,92403,92402,92403,1
rearing,92404,92403,92404,1
grooming,92439,92404,92439,35
rising,92473,92439,92473,34
climbing,92541,92473,92541,68
grooming,92543,92541,92543,2
rearing,92591,92543,92591,48
hunching,92609,92591,92609,18
rearing,92628,92609,92628,19
left_turning,92683,92628,92683,55
grooming,92896,92683,92896,213
trotting,92942,92896,92942,46
rearing,92976,92942,92976,34
climbing,93038,92976,93038,62
rearing,93067,93038,93067,29
grooming,93068,93067,93068,1
sniffing,93082,93068,93082,14
grooming,93094,93082,93094,12
hunching,93186,93094,93186,92
rearing,93314,93186,93314,128
walking,93335,93314,93335,21
sniffing,93336,93335,93336,1
grooming,93503,93336,93503,167
stepping,93528,93503,93528,25
sniffing,93596,93528,93596,68
climbing,93664,93596,93664,68
grooming,93784,93664,93784,120
stepping,93817,93784,93817,33
rearing,93854,93817,93854,37
walking,93855,93854,93855,1
stepping,93870,93855,93870,15
rearing,93910,93870,93910,40
grooming,93911,93910,93911,1
rising,93912,93911,93912,1
climbing,93955,93912,93955,43
rearing,94022,93955,94022,67
stepping,94076,94022,94076,54
sniffing,94094,94076,94094,18
grooming,94095,94094,94095,1
sniffing,94164,94095,94164,69
rising,94165,94164,94165,1
sniffing,94199,94165,94199,34
left_turning,94222,94199,94222,23
rearing,94272,94222,94272,50
left_turning,94354,94272,94354,82
rearing,94355,94354,94355,1
rising,94370,94355,94370,15
sniffing,94429,94370,94429,59
walking,94440,94429,94440,11
sniffing,94441,94440,94441,1
rising,94556,94441,94556,115
rearing,94604,94556,94604,48
grooming,94770,94604,94770,166
walking,94796,94770,94796,26
rising,94839,94796,94839,43
sniffing,94860,94839,94860,21
rising,94875,94860,94875,15
sniffing,94876,94875,94876,1
right_turning,94885,94876,94885,9
stepping,94893,94885,94893,8
sniffing,94894,94893,94894,1
grooming,94951,94894,94951,57
rising,94978,94951,94978,27
rearing,94979,94978,94979,1
climbing,95017,94979,95017,38
rearing,95018,95017,95018,1
climbing,95050,95018,95050,32
grooming,95508,95050,95508,458
sniffing,95613,95508,95613,105
grooming,95614,95613,95614,1
trotting,95648,95614,95648,34
sniffing,95695,95648,95695,47
stepping,95696,95695,95696,1
walking,95697,95696,95697,1
stepping,95734,95697,95734,37
rising,95781,95734,95781,47
climbing,95855,95781,95855,74
rearing,95929,95855,95929,74
climbing,95982,95929,95982,53
stepping,96004,95982,96004,22
sniffing,96024,96004,96024,20
grooming,96132,96024,96132,108
right_turning,96146,96132,96146,14
sniffing,96252,96146,96252,106
walking,96267,96252,96267,15
left_turning,96268,96267,96268,1
walking,96325,96268,96325,57
stepping,96326,96325,96326,1
rising,96370,96326,96370,44
left_turning,96371,96370,96371,1
climbing,96412,96371,96412,41
rearing,96463,96412,96463,51
sniffing,96557,96463,96557,94
rising,96621,96557,96621,64
sniffing,96690,96621,96690,69
rearing,96752,96690,96752,62
hunching,96816,96752,96816,64
grooming,96817,96816,96817,1
hunching,96818,96817,96818,1
sniffing,96872,96818,96872,54
grooming,96918,96872,96918,46
rearing,96973,96918,96973,55
stepping,96990,96973,96990,17
rearing,97016,96990,97016,26
sniffing,97017,97016,97017,1
grooming,97113,97017,97113,96
rising,97114,97113,97114,1
rearing,97115,97114,97115,1
grooming,97171,97115,97171,56
left_turning,97172,97171,97172,1
stepping,97219,97172,97219,47
rising,97246,97219,97246,27
sniffing,97298,97246,97298,52
grooming,97299,97298,97299,1
sniffing,97364,97299,97364,65
left_turning,97379,97364,97379,15
walking,97403,97379,97403,24
trotting,97430,97403,97430,27
stepping,97456,97430,97456,26
sniffing,97499,97456,97499,43
rearing,97520,97499,97520,21
grooming,97927,97520,97927,407
walking,97948,97927,97948,21
stepping,97949,97948,97949,1
sniffing,97954,97949,97954,5
rising,97991,97954,97991,37
sniffing,97992,97991,97992,1
trotting,98035,97992,98035,43
walking,98054,98035,98054,19
rearing,98162,98054,98162,108
stepping,98163,98162,98163,1
climbing,98228,98163,98228,65
rearing,98274,98228,98274,46
left_turning,98289,98274,98289,15
grooming,98290,98289,98290,1
stepping,98328,98290,98328,38
walking,98357,98328,98357,29
rising,98369,98357,98369,12
left_turning,98381,98369,98381,12
running,98422,98381,98422,41
trotting,98438,98422,98438,16
walking,98442,98438,98442,4
sniffing,98443,98442,98443,1
rising,98459,98443,98459,16
climbing,98489,98459,98489,30
sniffing,98517,98489,98517,28
stepping,98518,98517,98518,1
climbing,98535,98518,98535,17
sniffing,98665,98535,98665,130
left_turning,98710,98665,98710,45
sniffing,98775,98710,98775,65
stepping,98809,98775,98809,34
walking,98844,98809,98844,35
rising,98845,98844,98845,1
grooming,98851,98845,98851,6
rearing,98852,98851,98852,1
rising,98855,98852,98855,3
rearing,98929,98855,98929,74
climbing,99013,98929,99013,84
grooming,99014,99013,99014,1
walking,99062,99014,99062,48
sniffing,99191,99062,99191,129
rising,99254,99191,99254,63
grooming,99255,99254,99255,1
hunching,99285,99255,99285,30
grooming,99418,99285,99418,133
sniffing,99430,99418,99430,12
left_turning,99453,99430,99453,23
rearing,99499,99453,99499,46
right_turning,99548,99499,99548,49
walking,99558,99548,99558,10
sniffing,99559,99558,99559,1
stepping,99583,99559,99583,24
right_turning,99610,99583,99610,27
walking,99611,99610,99611,1
stepping,99628,99611,99628,17
sniffing,99678,99628,99678,50
walking,99692,99678,99692,14
sniffing,99876,99692,99876,184
walking,99893,99876,99893,17
grooming,100228,99893,100228,335
hunching,100229,100228,100229,1
rising,100278,100229,100278,49
trotting,100292,100278,100292,14
rising,100345,100292,100345,53
climbing,100401,100345,100401,56
grooming,100408,100401,100408,7
rearing,100684,100408,100684,276
rising,100782,100684,100782,98
sniffing,100791,100782,100791,9
rearing,100821,100791,100821,30
climbing,100827,100821,100827,6
trotting,100853,100827,100853,26
stepping,100928,100853,100928,75
rearing,101007,100928,101007,79
hunching,101017,101007,101017,10
left_turning,101053,101017,101053,36
walking,101119,101053,101119,66
sniffing,101131,101119,101131,12
stepping,101175,101131,101175,44
walking,101229,101175,101229,54
sniffing,101270,101229,101270,41
grooming,101571,101270,101571,301
running,101579,101571,101579,8
walking,101613,101579,101613,34
stepping,101673,101613,101673,60
right_turning,101687,101673,101687,14
walking,101709,101687,101709,22
trotting,101739,101709,101739,30
walking,101743,101739,101743,4
stepping,101777,101743,101777,34
trotting,101803,101777,101803,26
stepping,101858,101803,101858,55
sniffing,101901,101858,101901,43
rearing,101966,101901,101966,65
grooming,101967,101966,101967,1
scratching,102012,101967,102012,45
stepping,102028,102012,102028,16
walking,102059,102028,102059,31
sniffing,102087,102059,102087,28
stepping,102088,102087,102088,1
sniffing,102091,102088,102091,3
stepping,102105,102091,102105,14
sniffing,102106,102105,102106,1
stepping,102107,102106,102107,1
rearing,102186,102107,102186,79
hunching,102190,102186,102190,4
rearing,102248,102190,102248,58
rising,102308,102248,102308,60
sniffing,102361,102308,102361,53
rearing,102442,102361,102442,81
grooming,102483,102442,102483,41
climbing,102492,102483,102492,9
sniffing,102493,102492,102493,1
stepping,102496,102493,102496,3
climbing,102524,102496,102524,28
walking,102530,102524,102530,6
hunching,102531,102530,102531,1
rearing,102585,102531,102585,54
rising,102586,102585,102586,1
climbing,102649,102586,102649,63
walking,102651,102649,102651,2
trotting,102670,102651,102670,19
sniffing,102721,102670,102721,51
grooming,102722,102721,102722,1
rising,102781,102722,102781,59
rearing,102812,102781,102812,31
grooming,102961,102812,102961,149
rising,102986,102961,102986,25
rearing,103002,102986,103002,16
hunching,103098,103002,103098,96
rearing,103137,103098,103137,39
climbing,103178,103137,103178,41
jumping,103335,103178,103335,157
rearing,103523,103335,103523,188
stepping,103550,103523,103550,27
sniffing,103552,103550,103552,2
rearing,103606,103552,103606,54
climbing,103685,103606,103685,79
grooming,103686,103685,103686,1
sniffing,103752,103686,103752,66
walking,103808,103752,103808,56
right_turning,103820,103808,103820,12
trotting,103838,103820,103838,18
jumping,103918,103838,103918,80
rearing,103927,103918,103927,9
hunching,103948,103927,103948,21
grooming,104256,103948,104256,308
hunching,104277,104256,104277,21
rearing,104355,104277,104355,78
left_turning,104404,104355,104404,49
stepping,104433,104404,104433,29
left_turning,104503,104433,104503,70
running,104533,104503,104533,30
climbing,104550,104533,104550,17
walking,104565,104550,104565,15
sniffing,104611,104565,104611,46
rising,104612,104611,104612,1
rearing,104708,104612,104708,96
walking,104713,104708,104713,5
sniffing,104804,104713,104804,91
stepping,104813,104804,104813,9
sniffing,104822,104813,104822,9
left_turning,104862,104822,104862,40
walking,104905,104862,104905,43
rearing,104906,104905,104906,1
rising,104930,104906,104930,24
climbing,105029,104930,105029,99
running,105052,105029,105052,23
walking,105076,105052,105076,24
sniffing,105098,105076,105098,22
left_turning,105099,105098,105099,1
rising,105155,105099,105155,56
left_turning,105190,105155,105190,35
sniffing,105219,105190,105219,29
hunching,105236,105219,105236,17
grooming,105237,105236,105237,1
left_turning,105291,105237,105291,54
walking,105323,105291,105323,32
climbing,105349,105323,105349,26
running,105372,105349,105372,23
stepping,105394,105372,105394,22
rising,105395,105394,105395,1
grooming,105396,105395,105396,1
rearing,105397,105396,105397,1
climbing,105469,105397,105469,72
sniffing,105484,105469,105484,15
left_turning,105544,105484,105544,60
rising,105567,105544,105567,23
grooming,105568,105567,105568,1
left_turning,105642,105568,105642,74
sniffing,105684,105642,105684,42
rising,105685,105684,105685,1
left_turning,105708,105685,105708,23
walking,105769,105708,105769,61
sniffing,105840,105769,105840,71
left_turning,105883,105840,105883,43
sniffing,105921,105883,105921,38
rising,105983,105921,105983,62
rearing,106083,105983,106083,100
hunching,106155,106083,106155,72
sniffing,106245,106155,106245,90
stepping,106312,106245,106312,67
sniffing,106407,106312,106407,95
trotting,106413,106407,106413,6
rearing,106425,106413,106425,12
grooming,106694,106425,106694,269
sniffing,106941,106694,106941,247
rising,106951,106941,106951,10
left_turning,106993,106951,106993,42
grooming,106994,106993,106994,1
rising,107038,106994,107038,44
rearing,107084,107038,107084,46
sniffing,107135,107084,107135,51
rising,107178,107135,107178,43
rearing,107232,107178,107232,54
hunching,107271,107232,107271,39
grooming,107790,107271,107790,519
rising,107810,107790,107810,20
right_turning,107834,107810,107834,24
sniffing,107881,107834,107881,47
climbing,107950,107881,107950,69
grooming,107951,107950,107951,1
sniffing,108000,107951,108000,49
