revised_movement_label,segBoundary,segBoundary_start,segBoundary_end,length
sniffing,11,0,11,11
stepping,30,11,30,19
walking,40,30,40,10
stepping,65,40,65,25
right_turning,88,65,88,23
stepping,114,88,114,26
sniffing,171,114,171,57
left_turning,177,171,177,6
walking,199,177,199,22
rising,207,199,207,8
rearing,282,207,282,75
grooming,283,282,283,1
sniffing,339,283,339,56
grooming,388,339,388,49
walking,407,388,407,19
sniffing,472,407,472,65
right_turning,487,472,487,15
grooming,488,487,488,1
walking,533,488,533,45
stepping,580,533,580,47
walking,622,580,622,42
rising,733,622,733,111
grooming,761,733,761,28
rearing,822,761,822,61
hunching,823,822,823,1
climbing,883,823,883,60
grooming,1062,883,1062,179
sniffing,1081,1062,1081,19
stepping,1096,1081,1096,15
rearing,1098,1096,1098,2
rising,1190,1098,1190,92
grooming,1191,1190,1191,1
scratching,1222,1191,1222,31
sniffing,1244,1222,1244,22
right_turning,1259,1244,1259,15
stepping,1278,1259,1278,19
walking,1293,1278,1293,15
rising,1312,1293,1312,19
sniffing,1358,1312,1358,46
rising,1364,1358,1364,6
grooming,1506,1364,1506,142
rearing,1675,1506,1675,169
climbing,1717,1675,1717,42
left_turning,1726,1717,1726,9
sniffing,1773,1726,1773,47
stepping,1788,1773,1788,15
rising,1820,1788,1820,32
grooming,1821,1820,1821,1
sniffing,1822,1821,1822,1
stepping,1840,1822,1840,18
right_turning,1855,1840,1855,15
rising,1935,1855,1935,80
sniffing,2109,1935,2109,174
left_turning,2149,2109,2149,40
running,2171,2149,2171,22
rising,2183,2171,2183,12
walking,2293,2183,2293,110
sniffing,2311,2293,2311,18
rising,2343,2311,2343,32
left_turning,2351,2343,2351,8
walking,2393,2351,2393,42
running,2406,2393,2406,13
stepping,2441,2406,2441,35
walking,2467,2441,2467,26
running,2487,2467,2487,20
walking,2524,2487,2524,37
stepping,2525,2524,2525,1
sniffing,2563,2525,2563,38
rising,2564,2563,2564,1
rearing,2610,2564,2610,46
climbing,2647,2610,2647,37
grooming,2648,2647,2648,1
hunching,2649,2648,2649,1
grooming,2687,2649,2687,38
rising,2883,2687,2883,196
grooming,3140,2883,3140,257
stepping,3169,3140,3169,29
trotting,3200,3169,3200,31
stepping,3237,3200,3237,37
walking,3239,3237,3239,2
sniffing,3248,3239,3248,9
right_turning,3270,3248,3270,22
running,3287,3270,3287,17
walking,3301,3287,3301,14
stepping,3332,3301,3332,31
walking,3400,3332,3400,68
stepping,3430,3400,3430,30
walking,3456,3430,3456,26
sniffing,3501,3456,3501,45
rising,3525,3501,3525,24
grooming,3526,3525,3526,1
sniffing,3585,3526,3585,59
walking,3616,3585,3616,31
sniffing,3669,3616,3669,53
walking,3709,3669,3709,40
rising,3710,3709,3710,1
walking,3767,3710,3767,57
trotting,3781,3767,3781,14
sniffing,3782,3781,3782,1
grooming,3820,3782,3820,38
sniffing,3849,3820,3849,29
walking,3913,3849,3913,64
sniffing,3966,3913,3966,53
stepping,3984,3966,3984,18
sniffing,3991,3984,3991,7
stepping,4011,3991,4011,20
walking,4041,4011,4041,30
trotting,4068,4041,4068,27
rising,4124,4068,4124,56
grooming,4204,4124,4204,80
right_turning,4205,4204,4205,1
walking,4211,4205,4211,6
rising,4216,4211,4216,5
climbing,4264,4216,4264,48
sniffing,4281,4264,4281,17
left_turning,4282,4281,4282,1
sniffing,4350,4282,4350,68
rising,4412,4350,4412,62
stepping,4432,4412,4432,20
grooming,4586,4432,4586,154
rearing,4696,4586,4696,110
climbing,4749,4696,4749,53
left_turning,4762,4749,4762,13
walking,4767,4762,4767,5
stepping,4793,4767,4793,26
rising,4809,4793,4809,16
grooming,5445,4809,5445,636
rearing,5518,5445,5518,73
stepping,5549,5518,5549,31
sniffing,5611,5549,5611,62
stepping,5646,5611,5646,35
rising,5647,5646,5647,1
stepping,5663,5647,5663,16
walking,5696,5663,5696,33
trotting,5719,5696,5719,23
grooming,5829,5719,5829,110
rearing,5989,5829,5989,160
rising,6078,5989,6078,89
grooming,6148,6078,6148,70
rising,6309,6148,6309,161
sniffing,6310,6309,6310,1
rearing,6371,6310,6371,61
hunching,6425,6371,6425,54
grooming,6490,6425,6490,65
rising,6690,6490,6690,200
grooming,6756,6690,6756,66
left_turning,6794,6756,6794,38
sniffing,6819,6794,6819,25
rising,6825,6819,6825,6
rearing,6860,6825,6860,35
grooming,6861,6860,6861,1
rearing,6864,6861,6864,3
grooming,6892,6864,6892,28
rearing,7068,6892,7068,176
grooming,7155,7068,7155,87
left_turning,7174,7155,7174,19
walking,7223,7174,7223,49
sniffing,7224,7223,7224,1
grooming,7375,7224,7375,151
rising,7387,7375,7387,12
climbing,7428,7387,7428,41
sniffing,7459,7428,7459,31
walking,7491,7459,7491,32
right_turning,7509,7491,7509,18
sniffing,7553,7509,7553,44
rising,7554,7553,7554,1
sniffing,7555,7554,7555,1
stepping,7592,7555,7592,37
sniffing,7593,7592,7593,1
rising,7595,7593,7595,2
stepping,7625,7595,7625,30
walking,7659,7625,7659,34
sniffing,7699,7659,7699,40
walking,7731,7699,7731,32
sniffing,7743,7731,7743,12
walking,7756,7743,7756,13
stepping,7759,7756,7759,3
walking,7798,7759,7798,39
trotting,7816,7798,7816,18
walking,7823,7816,7823,7
rising,7824,7823,7824,1
walking,7833,7824,7833,9
running,7843,7833,7843,10
sniffing,7879,7843,7879,36
rising,7913,7879,7913,34
rearing,7926,7913,7926,13
sniffing,7946,7926,7946,20
running,7974,7946,7974,28
trotting,8001,7974,8001,27
walking,8043,8001,8043,42
rising,8123,8043,8123,80
rearing,8198,8123,8198,75
rising,8354,8198,8354,156
sniffing,8355,8354,8355,1
rearing,8415,8355,8415,60
walking,8441,8415,8441,26
sniffing,8472,8441,8472,31
grooming,8537,8472,8537,65
stepping,8559,8537,8559,22
rising,8596,8559,8596,37
sniffing,8635,8596,8635,39
rising,8636,8635,8636,1
walking,8665,8636,8665,29
trotting,8683,8665,8683,18
walking,8762,8683,8762,79
rearing,8763,8762,8763,1
rising,8822,8763,8822,59
grooming,8823,8822,8823,1
walking,8831,8823,8831,8
trotting,8848,8831,8848,17
sniffing,8885,8848,8885,37
trotting,8903,8885,8903,18
walking,8962,8903,8962,59
running,8976,8962,8976,14
stepping,8995,8976,8995,19
rising,8996,8995,8996,1
stepping,9038,8996,9038,42
sniffing,9152,9038,9152,114
left_turning,9172,9152,9172,20
sniffing,9186,9172,9186,14
left_turning,9206,9186,9206,20
walking,9219,9206,9219,13
rising,9289,9219,9289,70
left_turning,9301,9289,9301,12
walking,9320,9301,9320,19
left_turning,9344,9320,9344,24
walking,9356,9344,9356,12
stepping,9377,9356,9377,21
hunching,9481,9377,9481,104
rearing,9503,9481,9503,22
climbing,9527,9503,9527,24
left_turning,9528,9527,9528,1
walking,9566,9528,9566,38
stepping,9588,9566,9588,22
grooming,9696,9588,9696,108
climbing,9737,9696,9737,41
grooming,9880,9737,9880,143
sniffing,9940,9880,9940,60
trotting,9951,9940,9951,11
sniffing,10130,9951,10130,179
left_turning,10141,10130,10141,11
walking,10145,10141,10145,4
trotting,10160,10145,10160,15
walking,10216,10160,10216,56
sniffing,10250,10216,10250,34
grooming,10504,10250,10504,254
trotting,10514,10504,10514,10
sniffing,10532,10514,10532,18
walking,10557,10532,10557,25
stepping,10589,10557,10589,32
grooming,11422,10589,11422,833
sniffing,11448,11422,11448,26
left_turning,11462,11448,11462,14
sniffing,11530,11462,11530,68
rising,11569,11530,11569,39
grooming,12238,11569,12238,669
walking,12283,12238,12283,45
rising,12320,12283,12320,37
walking,12321,12320,12321,1
sniffing,12349,12321,12349,28
stepping,12376,12349,12376,27
grooming,12388,12376,12388,12
hunching,12439,12388,12439,51
grooming,12440,12439,12440,1
rising,12526,12440,12526,86
sniffing,12531,12526,12531,5
grooming,12561,12531,12561,30
sniffing,12569,12561,12569,8
grooming,12784,12569,12784,215
rising,12836,12784,12836,52
grooming,13059,12836,13059,223
hunching,13067,13059,13067,8
rearing,13131,13067,13131,64
left_turning,13162,13131,13162,31
running,13178,13162,13178,16
trotting,13228,13178,13228,50
sniffing,13239,13228,13239,11
rising,13240,13239,13240,1
rearing,13244,13240,13244,4
climbing,13272,13244,13272,28
running,13314,13272,13314,42
sniffing,13325,13314,13325,11
stepping,13362,13325,13362,37
rising,13363,13362,13363,1
hunching,13489,13363,13489,126
grooming,13522,13489,13522,33
hunching,13523,13522,13523,1
grooming,13641,13523,13641,118
left_turning,13642,13641,13642,1
stepping,13691,13642,13691,49
rising,13724,13691,13724,33
stepping,13752,13724,13752,28
sniffing,13801,13752,13801,49
running,13825,13801,13825,24
walking,13835,13825,13835,10
right_turning,13855,13835,13855,20
walking,13872,13855,13872,17
rearing,13995,13872,13995,123
left_turning,13996,13995,13996,1
rising,13997,13996,13997,1
grooming,14057,13997,14057,60
trotting,14101,14057,14101,44
grooming,14220,14101,14220,119
sniffing,14245,14220,14245,25
stepping,14246,14245,14246,1
walking,14276,14246,14276,30
sniffing,14359,14276,14359,83
walking,14390,14359,14390,31
trotting,14416,14390,14416,26
rising,14429,14416,14429,13
climbing,14486,14429,14486,57
walking,14546,14486,14546,60
stepping,14589,14546,14589,43
sniffing,14628,14589,14628,39
grooming,14629,14628,14629,1
hunching,14710,14629,14710,81
grooming,14803,14710,14803,93
left_turning,14805,14803,14805,2
rearing,14806,14805,14806,1
walking,14832,14806,14832,26
rearing,14854,14832,14854,22
left_turning,14907,14854,14907,53
walking,14908,14907,14908,1
rising,15004,14908,15004,96
sniffing,15048,15004,15048,44
left_turning,15108,15048,15108,60
trotting,15127,15108,15127,19
rising,15195,15127,15195,68
rearing,15237,15195,15237,42
hunching,15285,15237,15285,48
rearing,15467,15285,15467,182
hunching,15613,15467,15613,146
rising,15614,15613,15614,1
grooming,15816,15614,15816,202
left_turning,15840,15816,15840,24
stepping,15897,15840,15897,57
sniffing,15920,15897,15920,23
rising,15942,15920,15942,22
walking,16014,15942,16014,72
running,16038,16014,16038,24
walking,16054,16038,16054,16
hunching,16121,16054,16121,67
grooming,16185,16121,16185,64
running,16195,16185,16195,10
left_turning,16196,16195,16196,1
sniffing,16252,16196,16252,56
grooming,16253,16252,16253,1
hunching,16255,16253,16255,2
grooming,16386,16255,16386,131
walking,16405,16386,16405,19
trotting,16446,16405,16446,41
stepping,16496,16446,16496,50
grooming,16804,16496,16804,308
sniffing,16809,16804,16809,5
walking,16863,16809,16863,54
rearing,16864,16863,16864,1
grooming,16865,16864,16865,1
sniffing,16866,16865,16866,1
stepping,16873,16866,16873,7
grooming,17185,16873,17185,312
walking,17206,17185,17206,21
sniffing,17252,17206,17252,46
left_turning,17258,17252,17258,6
climbing,17278,17258,17278,20
grooming,17279,17278,17279,1
sniffing,17285,17279,17285,6
rising,17286,17285,17286,1
walking,17332,17286,17332,46
climbing,17370,17332,17370,38
stepping,17413,17370,17413,43
walking,17431,17413,17431,18
trotting,17459,17431,17459,28
rising,17466,17459,17466,7
climbing,17512,17466,17512,46
grooming,17680,17512,17680,168
sniffing,17688,17680,17688,8
stepping,17713,17688,17713,25
walking,17772,17713,17772,59
running,17790,17772,17790,18
left_turning,17837,17790,17837,47
trotting,17852,17837,17852,15
sniffing,17876,17852,17876,24
grooming,17951,17876,17951,75
rising,18104,17951,18104,153
sniffing,18149,18104,18149,45
rising,18182,18149,18182,33
left_turning,18242,18182,18242,60
right_turning,18268,18242,18268,26
walking,18295,18268,18295,27
stepping,18328,18295,18328,33
sniffing,18329,18328,18329,1
walking,18398,18329,18398,69
stepping,18403,18398,18403,5
rising,18405,18403,18405,2
rearing,18406,18405,18406,1
grooming,18503,18406,18503,97
left_turning,18526,18503,18526,23
grooming,18670,18526,18670,144
rising,18675,18670,18675,5
grooming,19055,18675,19055,380
sniffing,19128,19055,19128,73
left_turning,19141,19128,19141,13
trotting,19177,19141,19177,36
sniffing,19180,19177,19180,3
running,19226,19180,19226,46
trotting,19255,19226,19255,29
walking,19277,19255,19277,22
rising,19339,19277,19339,62
rearing,19350,19339,19350,11
sniffing,19394,19350,19394,44
left_turning,19449,19394,19449,55
sniffing,19490,19449,19490,41
stepping,19505,19490,19505,15
rising,19562,19505,19562,57
sniffing,19580,19562,19580,18
stepping,19581,19580,19581,1
grooming,19654,19581,19654,73
rearing,19722,19654,19722,68
walking,19727,19722,19727,5
stepping,19794,19727,19794,67
climbing,19825,19794,19825,31
sniffing,19834,19825,19834,9
grooming,19835,19834,19835,1
sniffing,19836,19835,19836,1
right_turning,19866,19836,19866,30
trotting,19886,19866,19886,20
sniffing,19947,19886,19947,61
rising,19948,19947,19948,1
sniffing,19975,19948,19975,27
rising,19994,19975,19994,19
grooming,20201,19994,20201,207
sniffing,20220,20201,20220,19
hunching,20230,20220,20230,10
rearing,20259,20230,20259,29
grooming,20260,20259,20260,1
rearing,20526,20260,20526,266
climbing,20573,20526,20573,47
grooming,20604,20573,20604,31
sniffing,20614,20604,20614,10
stepping,20628,20614,20628,14
grooming,20719,20628,20719,91
running,20739,20719,20739,20
grooming,20747,20739,20747,8
rising,20748,20747,20748,1
walking,20790,20748,20790,42
trotting,20832,20790,20832,42
walking,20851,20832,20851,19
running,20860,20851,20860,9
left_turning,20913,20860,20913,53
rising,21069,20913,21069,156
stepping,21070,21069,21070,1
grooming,21207,21070,21207,137
stepping,21227,21207,21227,20
sniffing,21228,21227,21228,1
hunching,21270,21228,21270,42
rearing,21359,21270,21359,89
climbing,21393,21359,21393,34
trotting,21431,21393,21431,38
stepping,21458,21431,21458,27
right_turning,21461,21458,21461,3
sniffing,21527,21461,21527,66
walking,21540,21527,21540,13
sniffing,21600,21540,21600,60
stepping,21634,21600,21634,34
sniffing,21652,21634,21652,18
stepping,21682,21652,21682,30
sniffing,21697,21682,21697,15
rearing,21714,21697,21714,17
walking,21729,21714,21729,15
running,21759,21729,21759,30
stepping,21776,21759,21776,17
walking,21806,21776,21806,30
rearing,21807,21806,21807,1
grooming,21894,21807,21894,87
sniffing,21914,21894,21914,20
left_turning,21938,21914,21938,24
scratching,21939,21938,21939,1
left_turning,21990,21939,21990,51
grooming,22145,21990,22145,155
sniffing,22170,22145,22170,25
left_turning,22173,22170,22173,3
rearing,22174,22173,22174,1
grooming,22204,22174,22204,30
rearing,22276,22204,22276,72
climbing,22317,22276,22317,41
grooming,22427,22317,22427,110
rearing,22448,22427,22448,21
climbing,22484,22448,22484,36
sniffing,22485,22484,22485,1
rearing,22486,22485,22486,1
climbing,22525,22486,22525,39
grooming,23176,22525,23176,651
left_turning,23205,23176,23205,29
walking,23239,23205,23239,34
stepping,23260,23239,23260,21
walking,23291,23260,23291,31
grooming,23996,23291,23996,705
sniffing,24032,23996,24032,36
walking,24057,24032,24057,25
grooming,24279,24057,24279,222
rearing,24280,24279,24280,1
sniffing,24339,24280,24339,59
rearing,24340,24339,24340,1
grooming,24543,24340,24543,203
sniffing,24576,24543,24576,33
left_turning,24581,24576,24581,5
trotting,24602,24581,24602,21
walking,24619,24602,24619,17
rising,24620,24619,24620,1
grooming,24621,24620,24621,1
rearing,24663,24621,24663,42
sniffing,24664,24663,24664,1
stepping,24705,24664,24705,41
running,24742,24705,24742,37
rising,24743,24742,24743,1
hunching,24808,24743,24808,65
rearing,24837,24808,24837,29
climbing,24870,24837,24870,33
left_turning,24904,24870,24904,34
stepping,24912,24904,24912,8
sniffing,24929,24912,24929,17
left_turning,24955,24929,24955,26
trotting,24982,24955,24982,27
sniffing,25111,24982,25111,129
grooming,25214,25111,25214,103
climbing,25248,25214,25248,34
stepping,25285,25248,25285,37
walking,25319,25285,25319,34
sniffing,25380,25319,25380,61
walking,25397,25380,25397,17
left_turning,25418,25397,25418,21
rising,25419,25418,25419,1
walking,25436,25419,25436,17
sniffing,25458,25436,25458,22
walking,25486,25458,25486,28
stepping,25515,25486,25515,29
trotting,25539,25515,25539,24
walking,25578,25539,25578,39
rising,25592,25578,25592,14
grooming,25750,25592,25750,158
sniffing,25757,25750,25757,7
rising,25814,25757,25814,57
climbing,25857,25814,25857,43
stepping,25869,25857,25869,12
rising,25876,25869,25876,7
sniffing,25922,25876,25922,46
rising,25995,25922,25995,73
stepping,26009,25995,26009,14
sniffing,26016,26009,26016,7
stepping,26037,26016,26037,21
sniffing,26123,26037,26123,86
grooming,26310,26123,26310,187
walking,26314,26310,26314,4
sniffing,26377,26314,26377,63
rearing,26422,26377,26422,45
climbing,26451,26422,26451,29
grooming,26480,26451,26480,29
left_turning,26525,26480,26525,45
grooming,26554,26525,26554,29
right_turning,26563,26554,26563,9
sniffing,26635,26563,26635,72
stepping,26674,26635,26674,39
sniffing,26675,26674,26675,1
walking,26703,26675,26703,28
left_turning,26707,26703,26707,4
sniffing,26751,26707,26751,44
grooming,26947,26751,26947,196
stepping,26979,26947,26979,32
walking,26996,26979,26996,17
rising,27078,26996,27078,82
climbing,27117,27078,27117,39
running,27136,27117,27136,19
right_turning,27158,27136,27158,22
stepping,27200,27158,27200,42
walking,27260,27200,27260,60
stepping,27281,27260,27281,21
rearing,27312,27281,27312,31
climbing,27340,27312,27340,28
grooming,27341,27340,27341,1
sniffing,27366,27341,27366,25
walking,27381,27366,27381,15
stepping,27398,27381,27398,17
sniffing,27415,27398,27415,17
rising,27422,27415,27422,7
climbing,27454,27422,27454,32
grooming,27507,27454,27507,53
rearing,27614,27507,27614,107
sniffing,27635,27614,27635,21
rising,27694,27635,27694,59
rearing,27808,27694,27808,114
climbing,27850,27808,27850,42
sniffing,27851,27850,27851,1
stepping,27858,27851,27858,7
running,27923,27858,27923,65
grooming,27948,27923,27948,25
running,27977,27948,27977,29
walking,28008,27977,28008,31
rising,28037,28008,28037,29
left_turning,28050,28037,28050,13
rising,28224,28050,28224,174
walking,28262,28224,28262,38
grooming,28381,28262,28381,119
right_turning,28388,28381,28388,7
rising,28483,28388,28483,95
grooming,28484,28483,28484,1
rearing,28485,28484,28485,1
hunching,28526,28485,28526,41
rearing,28647,28526,28647,121
grooming,28731,28647,28731,84
sniffing,28795,28731,28795,64
rising,28836,28795,28836,41
stepping,28839,28836,28839,3
walking,28854,28839,28854,15
sniffing,28930,28854,28930,76
grooming,28931,28930,28931,1
walking,28976,28931,28976,45
sniffing,28990,28976,28990,14
rising,29002,28990,29002,12
trotting,29042,29002,29042,40
sniffing,29054,29042,29054,12
walking,29110,29054,29110,56
sniffing,29118,29110,29118,8
stepping,29137,29118,29137,19
sniffing,29222,29137,29222,85
walking,29238,29222,29238,16
sniffing,29247,29238,29247,9
rising,29371,29247,29371,124
climbing,29418,29371,29418,47
left_turning,29428,29418,29428,10
walking,29437,29428,29437,9
stepping,29455,29437,29455,18
walking,29482,29455,29482,27
sniffing,29547,29482,29547,65
left_turning,29560,29547,29560,13
walking,29587,29560,29587,27
sniffing,29632,29587,29632,45
trotting,29649,29632,29649,17
sniffing,29699,29649,29699,50
hunching,29742,29699,29742,43
grooming,29980,29742,29980,238
rising,30032,29980,30032,52
rearing,30037,30032,30037,5
stepping,30058,30037,30058,21
running,30077,30058,30077,19
walking,30109,30077,30109,32
rising,30147,30109,30147,38
climbing,30169,30147,30169,22
running,30182,30169,30182,13
left_turning,30183,30182,30183,1
grooming,30389,30183,30389,206
walking,30412,30389,30412,23
sniffing,30428,30412,30428,16
rising,30437,30428,30437,9
climbing,30481,30437,30481,44
grooming,30760,30481,30760,279
rearing,30855,30760,30855,95
grooming,30856,30855,30856,1
sniffing,30873,30856,30873,17
climbing,30909,30873,30909,36
grooming,30910,30909,30910,1
rearing,31018,30910,31018,108
left_turning,31087,31018,31087,69
stepping,31155,31087,31155,68
grooming,31266,31155,31266,111
stepping,31301,31266,31301,35
grooming,31302,31301,31302,1
scratching,31366,31302,31366,64
grooming,31987,31366,31987,621
hunching,32167,31987,32167,180
grooming,32569,32167,32569,402
walking,32599,32569,32599,30
sniffing,32642,32599,32642,43
left_turning,32707,32642,32707,65
trotting,32742,32707,32742,35
stepping,32764,32742,32764,22
grooming,33103,32764,33103,339
stepping,33136,33103,33136,33
walking,33149,33136,33149,13
sniffing,33166,33149,33166,17
stepping,33230,33166,33230,64
grooming,33335,33230,33335,105
running,33393,33335,33393,58
walking,33408,33393,33408,15
sniffing,33474,33408,33474,66
grooming,33637,33474,33637,163
hunching,33641,33637,33641,4
rearing,33678,33641,33678,37
grooming,33679,33678,33679,1
walking,33699,33679,33699,20
sniffing,33700,33699,33700,1
right_turning,33701,33700,33701,1
sniffing,33828,33701,33828,127
trotting,33840,33828,33840,12
sniffing,33973,33840,33973,133
left_turning,33977,33973,33977,4
stepping,33985,33977,33985,8
rising,33988,33985,33988,3
rearing,34090,33988,34090,102
grooming,34137,34090,34137,47
running,34167,34137,34167,30
sniffing,34222,34167,34222,55
grooming,34426,34222,34426,204
left_turning,34603,34426,34603,177
trotting,34629,34603,34629,26
sniffing,34686,34629,34686,57
left_turning,34756,34686,34756,70
walking,34768,34756,34768,12
stepping,34794,34768,34794,26
sniffing,34889,34794,34889,95
trotting,34925,34889,34925,36
grooming,35124,34925,35124,199
walking,35143,35124,35143,19
stepping,35162,35143,35162,19
sniffing,35198,35162,35198,36
left_turning,35206,35198,35206,8
rising,35210,35206,35210,4
sniffing,35228,35210,35228,18
grooming,35229,35228,35229,1
sniffing,35312,35229,35312,83
stepping,35331,35312,35331,19
sniffing,35392,35331,35392,61
grooming,35477,35392,35477,85
left_turning,35499,35477,35499,22
sniffing,35532,35499,35532,33
rising,35577,35532,35577,45
hunching,35653,35577,35653,76
grooming,35876,35653,35876,223
left_turning,35900,35876,35900,24
running,35932,35900,35932,32
stepping,35951,35932,35951,19
walking,35954,35951,35954,3
sniffing,35960,35954,35960,6
rising,35973,35960,35973,13
sniffing,36137,35973,36137,164
stepping,36138,36137,36138,1
climbing,36165,36138,36165,27
grooming,36435,36165,36435,270
hunching,36525,36435,36525,90
rearing,36650,36525,36650,125
hunching,36694,36650,36694,44
walking,36722,36694,36722,28
stepping,36780,36722,36780,58
rising,36814,36780,36814,34
grooming,36939,36814,36939,125
left_turning,36991,36939,36991,52
hunching,37001,36991,37001,10
grooming,37002,37001,37002,1
rearing,37033,37002,37033,31
left_turning,37082,37033,37082,49
grooming,37150,37082,37150,68
stepping,37175,37150,37175,25
rearing,37176,37175,37176,1
hunching,37208,37176,37208,32
grooming,37209,37208,37209,1
trotting,37229,37209,37229,20
grooming,37668,37229,37668,439
right_turning,37692,37668,37692,24
stepping,37726,37692,37726,34
rising,37778,37726,37778,52
grooming,37898,37778,37898,120
walking,37938,37898,37938,40
sniffing,38008,37938,38008,70
left_turning,38076,38008,38076,68
walking,38077,38076,38077,1
sniffing,38086,38077,38086,9
climbing,38097,38086,38097,11
grooming,38323,38097,38323,226
left_turning,38329,38323,38329,6
sniffing,38349,38329,38349,20
grooming,38359,38349,38359,10
rising,38374,38359,38374,15
sniffing,38421,38374,38421,47
rising,38430,38421,38430,9
climbing,38504,38430,38504,74
trotting,38520,38504,38520,16
walking,38526,38520,38526,6
rising,38550,38526,38550,24
climbing,38589,38550,38589,39
sniffing,38690,38589,38690,101
grooming,38878,38690,38878,188
sniffing,38922,38878,38922,44
running,38953,38922,38953,31
walking,38954,38953,38954,1
right_turning,38963,38954,38963,9
walking,38966,38963,38966,3
sniffing,38967,38966,38967,1
grooming,39128,38967,39128,161
stepping,39172,39128,39172,44
sniffing,39173,39172,39173,1
stepping,39214,39173,39214,41
walking,39246,39214,39246,32
stepping,39284,39246,39284,38
walking,39332,39284,39332,48
running,39355,39332,39355,23
grooming,39841,39355,39841,486
hunching,39886,39841,39886,45
grooming,40178,39886,40178,292
rearing,40251,40178,40251,73
hunching,40282,40251,40282,31
grooming,40343,40282,40343,61
walking,40377,40343,40377,34
left_turning,40388,40377,40388,11
rearing,40472,40388,40472,84
climbing,40514,40472,40514,42
stepping,40535,40514,40535,21
walking,40539,40535,40539,4
stepping,40565,40539,40565,26
sniffing,40581,40565,40581,16
trotting,40604,40581,40604,23
climbing,40647,40604,40647,43
rearing,40702,40647,40702,55
sniffing,40762,40702,40762,60
left_turning,40795,40762,40795,33
sniffing,40807,40795,40807,12
walking,40852,40807,40852,45
climbing,40894,40852,40894,42
sniffing,40927,40894,40927,33
rearing,40928,40927,40928,1
hunching,40936,40928,40936,8
climbing,41021,40936,41021,85
stepping,41045,41021,41045,24
climbing,41062,41045,41062,17
sniffing,41085,41062,41085,23
running,41103,41085,41103,18
walking,41104,41103,41104,1
sniffing,41147,41104,41147,43
walking,41172,41147,41172,25
climbing,41204,41172,41204,32
grooming,41424,41204,41424,220
hunching,41425,41424,41425,1
grooming,41486,41425,41486,61
left_turning,41507,41486,41507,21
running,41556,41507,41556,49
climbing,41604,41556,41604,48
rearing,41713,41604,41713,109
grooming,41714,41713,41714,1
sniffing,41790,41714,41790,76
rising,41791,41790,41791,1
sniffing,41792,41791,41792,1
trotting,41813,41792,41813,21
sniffing,41867,41813,41867,54
rising,41888,41867,41888,21
stepping,41917,41888,41917,29
sniffing,41948,41917,41948,31
hunching,42122,41948,42122,174
rearing,42149,42122,42149,27
climbing,42181,42149,42181,32
rearing,42182,42181,42182,1
climbing,42237,42182,42237,55
left_turning,42238,42237,42238,1
walking,42260,42238,42260,22
sniffing,42275,42260,42275,15
climbing,42324,42275,42324,49
stepping,42325,42324,42325,1
right_turning,42339,42325,42339,14
walking,42397,42339,42397,58
left_turning,42428,42397,42428,31
walking,42448,42428,42448,20
sniffing,42450,42448,42450,2
walking,42470,42450,42470,20
left_turning,42497,42470,42497,27
stepping,42534,42497,42534,37
walking,42554,42534,42554,20
stepping,42573,42554,42573,19
sniffing,42631,42573,42631,58
rising,42665,42631,42665,34
climbing,42682,42665,42682,17
rising,42706,42682,42706,24
climbing,42753,42706,42753,47
running,42804,42753,42804,51
left_turning,42805,42804,42805,1
rearing,42855,42805,42855,50
grooming,43354,42855,43354,499
scratching,43458,43354,43458,104
sniffing,43478,43458,43478,20
climbing,43504,43478,43504,26
left_turning,43533,43504,43533,29
hunching,43581,43533,43581,48
rearing,43597,43581,43597,16
grooming,43598,43597,43598,1
walking,43612,43598,43612,14
stepping,43653,43612,43653,41
walking,43710,43653,43710,57
sniffing,43769,43710,43769,59
stepping,43778,43769,43778,9
left_turning,43779,43778,43779,1
grooming,43829,43779,43829,50
sniffing,43841,43829,43841,12
grooming,44105,43841,44105,264
sniffing,44140,44105,44140,35
walking,44222,44140,44222,82
sniffing,44304,44222,44304,82
rising,44330,44304,44330,26
walking,44341,44330,44341,11
sniffing,44377,44341,44377,36
stepping,44420,44377,44420,43
walking,44434,44420,44434,14
stepping,44449,44434,44449,15
walking,44459,44449,44459,10
sniffing,44502,44459,44502,43
left_turning,44533,44502,44533,31
walking,44571,44533,44571,38
sniffing,44658,44571,44658,87
trotting,44667,44658,44667,9
rising,44694,44667,44694,27
climbing,44706,44694,44706,12
grooming,44707,44706,44707,1
walking,44754,44707,44754,47
stepping,44779,44754,44779,25
sniffing,44816,44779,44816,37
rising,44817,44816,44817,1
left_turning,44818,44817,44818,1
walking,44824,44818,44824,6
running,44855,44824,44855,31
sniffing,44960,44855,44960,105
grooming,44961,44960,44961,1
sniffing,45019,44961,45019,58
grooming,45084,45019,45084,65
rearing,45148,45084,45148,64
climbing,45217,45148,45217,69
walking,45260,45217,45260,43
sniffing,45295,45260,45295,35
trotting,45340,45295,45340,45
stepping,45374,45340,45374,34
sniffing,45423,45374,45423,49
grooming,45762,45423,45762,339
rearing,45836,45762,45836,74
stepping,45862,45836,45862,26
sniffing,45911,45862,45911,49
grooming,45985,45911,45985,74
rearing,46035,45985,46035,50
grooming,46313,46035,46313,278
sniffing,46314,46313,46314,1
grooming,46440,46314,46440,126
climbing,46464,46440,46464,24
trotting,46477,46464,46477,13
sniffing,46538,46477,46538,61
left_turning,46539,46538,46539,1
rearing,46576,46539,46576,37
walking,46577,46576,46577,1
sniffing,46629,46577,46629,52
walking,46653,46629,46653,24
trotting,46689,46653,46689,36
sniffing,46702,46689,46702,13
walking,46740,46702,46740,38
left_turning,46741,46740,46741,1
grooming,46742,46741,46742,1
rising,46752,46742,46752,10
left_turning,46781,46752,46781,29
sniffing,46812,46781,46812,31
grooming,46839,46812,46839,27
rising,46840,46839,46840,1
climbing,46929,46840,46929,89
left_turning,46948,46929,46948,19
sniffing,47256,46948,47256,308
scratching,47286,47256,47286,30
grooming,47287,47286,47287,1
hunching,47290,47287,47290,3
rearing,47291,47290,47291,1
rising,47292,47291,47292,1
sniffing,47404,47292,47404,112
grooming,47509,47404,47509,105
walking,47537,47509,47537,28
sniffing,47584,47537,47584,47
stepping,47616,47584,47616,32
walking,47629,47616,47629,13
grooming,47864,47629,47864,235
walking,47884,47864,47884,20
stepping,47916,47884,47916,32
right_turning,47917,47916,47917,1
climbing,47942,47917,47942,25
rearing,47966,47942,47966,24
grooming,48034,47966,48034,68
sniffing,48092,48034,48092,58
walking,48110,48092,48110,18
rising,48145,48110,48145,35
rearing,48153,48145,48153,8
walking,48201,48153,48201,48
stepping,48249,48201,48249,48
climbing,48289,48249,48289,40
grooming,48290,48289,48290,1
running,48300,48290,48300,10
sniffing,48301,48300,48301,1
stepping,48321,48301,48321,20
right_turning,48349,48321,48349,28
stepping,48374,48349,48374,25
sniffing,48412,48374,48412,38
climbing,48452,48412,48452,40
sniffing,48453,48452,48453,1
walking,48488,48453,48488,35
trotting,48510,48488,48510,22
sniffing,48587,48510,48587,77
left_turning,48593,48587,48593,6
sniffing,48606,48593,48606,13
stepping,48639,48606,48639,33
grooming,49513,48639,49513,874
hunching,49519,49513,49519,6
grooming,50142,49519,50142,623
sniffing,50143,50142,50143,1
grooming,50171,50143,50171,28
rearing,50182,50171,50182,11
climbing,50289,50182,50289,107
walking,50319,50289,50319,30
stepping,50441,50319,50441,122
rising,50499,50441,50499,58
sniffing,50520,50499,50520,21
walking,50542,50520,50542,22
stepping,50561,50542,50561,19
walking,50586,50561,50586,25
stepping,50587,50586,50587,1
walking,50639,50587,50639,52
sniffing,50640,50639,50640,1
walking,50662,50640,50662,22
running,50664,50662,50664,2
rearing,50674,50664,50674,10
grooming,50976,50674,50976,302
walking,50980,50976,50980,4
sniffing,51023,50980,51023,43
stepping,51044,51023,51044,21
rearing,51285,51044,51285,241
climbing,51308,51285,51308,23
grooming,51309,51308,51309,1
rising,51351,51309,51351,42
stepping,51365,51351,51365,14
grooming,52059,51365,52059,694
walking,52145,52059,52145,86
sniffing,52146,52145,52146,1
running,52184,52146,52184,38
climbing,52250,52184,52250,66
running,52298,52250,52298,48
rising,52361,52298,52361,63
climbing,52425,52361,52425,64
sniffing,52436,52425,52436,11
stepping,52460,52436,52460,24
sniffing,52482,52460,52482,22
left_turning,52518,52482,52518,36
sniffing,52519,52518,52519,1
left_turning,52562,52519,52562,43
sniffing,52628,52562,52628,66
rising,52661,52628,52661,33
sniffing,52662,52661,52662,1
left_turning,52663,52662,52663,1
stepping,52685,52663,52685,22
rearing,52716,52685,52716,31
hunching,52717,52716,52717,1
left_turning,52724,52717,52724,7
walking,52746,52724,52746,22
sniffing,52784,52746,52784,38
grooming,53009,52784,53009,225
rising,53021,53009,53021,12
sniffing,53025,53021,53025,4
stepping,53066,53025,53066,41
sniffing,53196,53066,53196,130
rising,53204,53196,53204,8
rearing,53290,53204,53290,86
hunching,53291,53290,53291,1
rearing,53292,53291,53292,1
climbing,53359,53292,53359,67
walking,53402,53359,53402,43
rearing,53538,53402,53538,136
sniffing,53612,53538,53612,74
left_turning,53662,53612,53662,50
climbing,53690,53662,53690,28
walking,53729,53690,53729,39
rising,53806,53729,53806,77
climbing,53814,53806,53814,8
rearing,53852,53814,53852,38
climbing,53877,53852,53877,25
left_turning,54021,53877,54021,144
sniffing,54076,54021,54076,55
grooming,54162,54076,54162,86
right_turning,54178,54162,54178,16
stepping,54184,54178,54184,6
rising,54206,54184,54206,22
sniffing,54240,54206,54240,34
grooming,55562,54240,55562,1322
hunching,55628,55562,55628,66
sniffing,55694,55628,55694,66
left_turning,55695,55694,55695,1
walking,55738,55695,55738,43
sniffing,55818,55738,55818,80
climbing,55842,55818,55842,24
left_turning,55880,55842,55880,38
walking,55937,55880,55937,57
stepping,55945,55937,55945,8
walking,55979,55945,55979,34
stepping,56020,55979,56020,41
rearing,56039,56020,56039,19
grooming,56040,56039,56040,1
rearing,56097,56040,56097,57
sniffing,56178,56097,56178,81
stepping,56229,56178,56229,51
sniffing,56272,56229,56272,43
walking,56375,56272,56375,103
stepping,56376,56375,56376,1
sniffing,56423,56376,56423,47
grooming,56667,56423,56667,244
climbing,56754,56667,56754,87
walking,56755,56754,56755,1
sniffing,56763,56755,56763,8
walking,56787,56763,56787,24
sniffing,56788,56787,56788,1
walking,56868,56788,56868,80
sniffing,56984,56868,56984,116
grooming,57064,56984,57064,80
climbing,57093,57064,57093,29
grooming,57233,57093,57233,140
hunching,57269,57233,57269,36
rearing,57294,57269,57294,25
climbing,57342,57294,57342,48
grooming,57386,57342,57386,44
sniffing,57414,57386,57414,28
rising,57472,57414,57472,58
climbing,57502,57472,57502,30
rearing,57503,57502,57503,1
left_turning,57539,57503,57539,36
sniffing,57581,57539,57581,42
trotting,57589,57581,57589,8
walking,57599,57589,57599,10
sniffing,57600,57599,57600,1
rising,57617,57600,57617,17
climbing,57633,57617,57633,16
trotting,57649,57633,57649,16
sniffing,57705,57649,57705,56
climbing,57763,57705,57763,58
walking,57787,57763,57787,24
sniffing,57800,57787,57800,13
rising,57807,57800,57807,7
climbing,57824,57807,57824,17
rearing,57825,57824,57825,1
grooming,57826,57825,57826,1
sniffing,57843,57826,57843,17
stepping,57887,57843,57887,44
walking,57903,57887,57903,16
stepping,57924,57903,57924,21
walking,57941,57924,57941,17
sniffing,58011,57941,58011,70
rearing,58015,58011,58015,4
jumping,58038,58015,58038,23
grooming,58039,58038,58039,1
walking,58073,58039,58073,34
sniffing,58139,58073,58139,66
rising,58196,58139,58196,57
walking,58229,58196,58229,33
sniffing,58296,58229,58296,67
grooming,58385,58296,58385,89
trotting,58409,58385,58409,24
sniffing,58410,58409,58410,1
grooming,58411,58410,58411,1
hunching,58504,58411,58504,93
grooming,58583,58504,58583,79
rearing,58628,58583,58628,45
grooming,58629,58628,58629,1
rising,58727,58629,58727,98
stepping,58768,58727,58768,41
hunching,58838,58768,58838,70
grooming,58839,58838,58839,1
walking,58870,58839,58870,31
grooming,59095,58870,59095,225
scratching,59191,59095,59191,96
sniffing,59198,59191,59198,7
running,59245,59198,59245,47
stepping,59275,59245,59275,30
sniffing,59276,59275,59276,1
stepping,59311,59276,59311,35
rearing,59451,59311,59451,140
stepping,59476,59451,59476,25
walking,59499,59476,59499,23
sniffing,59513,59499,59513,14
stepping,59530,59513,59530,17
sniffing,59575,59530,59575,45
stepping,59605,59575,59605,30
grooming,59606,59605,59606,1
sniffing,59649,59606,59649,43
stepping,59707,59649,59707,58
walking,59715,59707,59715,8
sniffing,59825,59715,59825,110
rearing,59902,59825,59902,77
grooming,59912,59902,59912,10
climbing,59920,59912,59920,8
left_turning,59976,59920,59976,56
sniffing,60078,59976,60078,102
walking,60094,60078,60094,16
sniffing,60126,60094,60126,32
rising,60167,60126,60167,41
sniffing,60204,60167,60204,37
walking,60228,60204,60228,24
rising,60251,60228,60251,23
sniffing,60275,60251,60275,24
stepping,60318,60275,60318,43
right_turning,60350,60318,60350,32
rising,60364,60350,60364,14
rearing,60384,60364,60384,20
climbing,60415,60384,60415,31
sniffing,60456,60415,60456,41
rising,60514,60456,60514,58
sniffing,60519,60514,60519,5
grooming,60710,60519,60710,191
sniffing,60711,60710,60711,1
grooming,60712,60711,60712,1
sniffing,60781,60712,60781,69
stepping,60836,60781,60836,55
rising,60881,60836,60881,45
climbing,60919,60881,60919,38
left_turning,60920,60919,60920,1
climbing,60940,60920,60940,20
grooming,61005,60940,61005,65
walking,61026,61005,61026,21
sniffing,61045,61026,61045,19
walking,61126,61045,61126,81
sniffing,61157,61126,61157,31
stepping,61186,61157,61186,29
rearing,61238,61186,61238,52
climbing,61267,61238,61267,29
walking,61294,61267,61294,27
sniffing,61402,61294,61402,108
walking,61489,61402,61489,87
grooming,61969,61489,61969,480
sniffing,61970,61969,61970,1
rising,61981,61970,61981,11
stepping,61987,61981,61987,6
walking,62024,61987,62024,37
stepping,62037,62024,62037,13
rearing,62103,62037,62103,66
walking,62165,62103,62165,62
stepping,62238,62165,62238,73
grooming,62239,62238,62239,1
walking,62242,62239,62242,3
stepping,62281,62242,62281,39
left_turning,62347,62281,62347,66
walking,62349,62347,62349,2
stepping,62370,62349,62370,21
left_turning,62399,62370,62399,29
sniffing,62489,62399,62489,90
stepping,62504,62489,62504,15
sniffing,62550,62504,62550,46
left_turning,62591,62550,62591,41
sniffing,62652,62591,62652,61
stepping,62655,62652,62655,3
grooming,63013,62655,63013,358
sniffing,63074,63013,63074,61
stepping,63085,63074,63085,11
sniffing,63165,63085,63165,80
walking,63214,63165,63214,49
rising,63220,63214,63220,6
climbing,63224,63220,63224,4
walking,63270,63224,63270,46
running,63294,63270,63294,24
sniffing,63358,63294,63358,64
rising,63408,63358,63408,50
climbing,63436,63408,63436,28
sniffing,63555,63436,63555,119
climbing,63587,63555,63587,32
grooming,63675,63587,63675,88
walking,63709,63675,63709,34
rising,63720,63709,63720,11
sniffing,63733,63720,63733,13
stepping,63744,63733,63744,11
climbing,63808,63744,63808,64
walking,63834,63808,63834,26
sniffing,63848,63834,63848,14
grooming,63929,63848,63929,81
rising,63957,63929,63957,28
rearing,63958,63957,63958,1
stepping,64004,63958,64004,46
sniffing,64066,64004,64066,62
rising,64081,64066,64081,15
sniffing,64082,64081,64082,1
walking,64135,64082,64135,53
sniffing,64147,64135,64147,12
stepping,64180,64147,64180,33
sniffing,64215,64180,64215,35
rearing,64280,64215,64280,65
grooming,64281,64280,64281,1
left_turning,64300,64281,64300,19
climbing,64302,64300,64302,2
sniffing,64331,64302,64331,29
left_turning,64375,64331,64375,44
trotting,64392,64375,64392,17
rising,64445,64392,64445,53
rearing,64446,64445,64446,1
grooming,64447,64446,64447,1
climbing,64486,64447,64486,39
left_turning,64579,64486,64579,93
sniffing,64643,64579,64643,64
stepping,64644,64643,64644,1
sniffing,64887,64644,64887,243
stepping,64911,64887,64911,24
walking,64922,64911,64922,11
sniffing,64964,64922,64964,42
stepping,65003,64964,65003,39
scratching,65085,65003,65085,82
stepping,65134,65085,65134,49
walking,65145,65134,65145,11
stepping,65169,65145,65169,24
sniffing,65273,65169,65273,104
right_turning,65299,65273,65299,26
sniffing,65358,65299,65358,59
rearing,65360,65358,65360,2
rising,65416,65360,65416,56
climbing,65497,65416,65497,81
rearing,65525,65497,65525,28
hunching,65536,65525,65536,11
left_turning,65537,65536,65537,1
running,65581,65537,65581,44
stepping,65582,65581,65582,1
climbing,65625,65582,65625,43
sniffing,65650,65625,65650,25
left_turning,65660,65650,65660,10
rearing,65716,65660,65716,56
hunching,65893,65716,65893,177
climbing,65914,65893,65914,21
running,65934,65914,65934,20
rising,65989,65934,65989,55
climbing,66019,65989,66019,30
walking,66080,66019,66080,61
stepping,66087,66080,66087,7
left_turning,66091,66087,66091,4
trotting,66099,66091,66099,8
stepping,66103,66099,66103,4
sniffing,66107,66103,66107,4
rising,66122,66107,66122,15
rearing,66220,66122,66220,98
climbing,66236,66220,66236,16
grooming,66237,66236,66237,1
hunching,66238,66237,66238,1
grooming,66452,66238,66452,214
left_turning,66472,66452,66472,20
walking,66516,66472,66516,44
stepping,66571,66516,66571,55
sniffing,66593,66571,66593,22
rising,66607,66593,66607,14
climbing,66627,66607,66627,20
running,66653,66627,66653,26
stepping,66675,66653,66675,22
sniffing,66676,66675,66676,1
rising,66698,66676,66698,22
sniffing,66780,66698,66780,82
trotting,66790,66780,66790,10
walking,66831,66790,66831,41
climbing,66880,66831,66880,49
right_turning,66889,66880,66889,9
stepping,66911,66889,66911,22
rearing,66950,66911,66950,39
rising,67015,66950,67015,65
stepping,67079,67015,67079,64
trotting,67096,67079,67096,17
sniffing,67227,67096,67227,131
walking,67255,67227,67255,28
sniffing,67359,67255,67359,104
left_turning,67393,67359,67393,34
trotting,67410,67393,67410,17
sniffing,67580,67410,67580,170
rising,67581,67580,67581,1
climbing,67595,67581,67595,14
grooming,67712,67595,67712,117
rearing,68001,67712,68001,289
grooming,68012,68001,68012,11
rearing,68079,68012,68079,67
hunching,68157,68079,68157,78
grooming,68284,68157,68284,127
scratching,68510,68284,68510,226
sniffing,68682,68510,68682,172
grooming,68940,68682,68940,258
sniffing,68985,68940,68985,45
grooming,69045,68985,69045,60
walking,69060,69045,69060,15
climbing,69126,69060,69126,66
running,69137,69126,69137,11
stepping,69176,69137,69176,39
trotting,69217,69176,69217,41
rising,69264,69217,69264,47
rearing,69323,69264,69323,59
grooming,69492,69323,69492,169
stepping,69501,69492,69501,9
sniffing,69571,69501,69571,70
right_turning,69607,69571,69607,36
stepping,69637,69607,69637,30
walking,69670,69637,69670,33
sniffing,69739,69670,69739,69
rising,69782,69739,69782,43
stepping,69806,69782,69806,24
climbing,69899,69806,69899,93
rearing,69937,69899,69937,38
rising,69938,69937,69938,1
left_turning,69963,69938,69963,25
grooming,69964,69963,69964,1
left_turning,69985,69964,69985,21
grooming,69986,69985,69986,1
rearing,69987,69986,69987,1
grooming,69988,69987,69988,1
sniffing,70056,69988,70056,68
trotting,70082,70056,70082,26
sniffing,70083,70082,70083,1
walking,70113,70083,70113,30
sniffing,70231,70113,70231,118
grooming,70232,70231,70232,1
sniffing,70269,70232,70269,37
right_turning,70320,70269,70320,51
running,70339,70320,70339,19
trotting,70368,70339,70368,29
sniffing,70426,70368,70426,58
walking,70458,70426,70458,32
sniffing,70477,70458,70477,19
trotting,70503,70477,70503,26
walking,70521,70503,70521,18
sniffing,70556,70521,70556,35
left_turning,70584,70556,70584,28
rising,70596,70584,70596,12
rearing,70612,70596,70612,16
grooming,70804,70612,70804,192
rearing,70945,70804,70945,141
grooming,70985,70945,70985,40
sniffing,71067,70985,71067,82
scratching,71138,71067,71138,71
grooming,71248,71138,71248,110
scratching,71345,71248,71345,97
grooming,72054,71345,72054,709
sniffing,72133,72054,72133,79
grooming,72248,72133,72248,115
walking,72250,72248,72250,2
rising,72251,72250,72251,1
sniffing,72531,72251,72531,280
right_turning,72537,72531,72537,6
sniffing,72566,72537,72566,29
grooming,72615,72566,72615,49
scratching,72665,72615,72665,50
left_turning,72666,72665,72666,1
sniffing,72691,72666,72691,25
walking,72732,72691,72732,41
left_turning,72757,72732,72757,25
hunching,72773,72757,72773,16
grooming,73441,72773,73441,668
sniffing,73456,73441,73456,15
stepping,73489,73456,73489,33
grooming,73569,73489,73569,80
rising,73579,73569,73579,10
climbing,73652,73579,73652,73
rearing,73731,73652,73731,79
right_turning,73763,73731,73763,32
walking,73791,73763,73791,28
grooming,73839,73791,73839,48
right_turning,73864,73839,73864,25
walking,73911,73864,73911,47
sniffing,74015,73911,74015,104
walking,74038,74015,74038,23
sniffing,74039,74038,74039,1
left_turning,74104,74039,74104,65
walking,74111,74104,74111,7
stepping,74124,74111,74124,13
walking,74141,74124,74141,17
sniffing,74191,74141,74191,50
rising,74210,74191,74210,19
grooming,74211,74210,74211,1
rearing,74277,74211,74277,66
rising,74278,74277,74278,1
rearing,74305,74278,74305,27
hunching,74333,74305,74333,28
rearing,74584,74333,74584,251
grooming,74813,74584,74813,229
sniffing,74862,74813,74862,49
stepping,74911,74862,74911,49
sniffing,74912,74911,74912,1
stepping,74960,74912,74960,48
walking,74974,74960,74974,14
sniffing,74980,74974,74980,6
stepping,75006,74980,75006,26
trotting,75010,75006,75010,4
stepping,75048,75010,75048,38
climbing,75141,75048,75141,93
grooming,75262,75141,75262,121
left_turning,75263,75262,75263,1
running,75313,75263,75313,50
rising,75377,75313,75377,64
left_turning,75509,75377,75509,132
sniffing,75553,75509,75553,44
walking,75564,75553,75564,11
rising,75565,75564,75565,1
grooming,75621,75565,75621,56
climbing,75653,75621,75653,32
rising,75662,75653,75662,9
right_turning,75679,75662,75679,17
stepping,75701,75679,75701,22
sniffing,75702,75701,75702,1
trotting,75719,75702,75719,17
sniffing,75839,75719,75839,120
stepping,75842,75839,75842,3
rearing,75851,75842,75851,9
grooming,75852,75851,75852,1
rearing,75935,75852,75935,83
grooming,76288,75935,76288,353
rising,76353,76288,76353,65
climbing,76375,76353,76375,22
stepping,76397,76375,76397,22
climbing,76447,76397,76447,50
rearing,76503,76447,76503,56
stepping,76526,76503,76526,23
trotting,76539,76526,76539,13
right_turning,76560,76539,76560,21
stepping,76574,76560,76574,14
sniffing,76635,76574,76635,61
rising,76645,76635,76645,10
rearing,76649,76645,76649,4
grooming,76650,76649,76650,1
sniffing,76727,76650,76727,77
rearing,76796,76727,76796,69
sniffing,76797,76796,76797,1
grooming,77420,76797,77420,623
scratching,77429,77420,77429,9
left_turning,77444,77429,77444,15
stepping,77445,77444,77445,1
walking,77479,77445,77479,34
sniffing,77486,77479,77486,7
stepping,77501,77486,77501,15
climbing,77513,77501,77513,12
rising,77521,77513,77521,8
grooming,77937,77521,77937,416
climbing,77947,77937,77947,10
grooming,77959,77947,77959,12
stepping,77989,77959,77989,30
grooming,77990,77989,77990,1
rearing,77995,77990,77995,5
hunching,77996,77995,77996,1
rearing,78043,77996,78043,47
stepping,78074,78043,78074,31
sniffing,78091,78074,78091,17
rising,78135,78091,78135,44
grooming,78371,78135,78371,236
walking,78401,78371,78401,30
climbing,78431,78401,78431,30
rising,78461,78431,78461,30
grooming,78462,78461,78462,1
left_turning,78564,78462,78564,102
sniffing,78565,78564,78565,1
stepping,78600,78565,78600,35
sniffing,78659,78600,78659,59
rearing,78660,78659,78660,1
grooming,78824,78660,78824,164
walking,78862,78824,78862,38
rearing,78937,78862,78937,75
grooming,78938,78937,78938,1
scratching,78969,78938,78969,31
stepping,78970,78969,78970,1
sniffing,79028,78970,79028,58
rising,79029,79028,79029,1
sniffing,79072,79029,79072,43
stepping,79114,79072,79114,42
sniffing,79202,79114,79202,88
walking,79214,79202,79214,12
stepping,79264,79214,79264,50
rearing,79352,79264,79352,88
climbing,79361,79352,79361,9
walking,79403,79361,79403,42
stepping,79434,79403,79434,31
sniffing,79493,79434,79493,59
running,79508,79493,79508,15
stepping,79530,79508,79530,22
sniffing,79590,79530,79590,60
rearing,79648,79590,79648,58
sniffing,79684,79648,79684,36
hunching,79705,79684,79705,21
sniffing,79706,79705,79706,1
right_turning,79727,79706,79727,21
scratching,79734,79727,79734,7
grooming,79884,79734,79884,150
rearing,79966,79884,79966,82
climbing,79978,79966,79978,12
left_turning,80032,79978,80032,54
sniffing,80086,80032,80086,54
stepping,80097,80086,80097,11
walking,80157,80097,80157,60
stepping,80176,80157,80176,19
sniffing,80216,80176,80216,40
rearing,80248,80216,80248,32
climbing,80280,80248,80280,32
walking,80315,80280,80315,35
sniffing,80330,80315,80330,15
rising,80337,80330,80337,7
grooming,80338,80337,80338,1
sniffing,80340,80338,80340,2
rising,80372,80340,80372,32
walking,80397,80372,80397,25
sniffing,80446,80397,80446,49
stepping,80457,80446,80457,11
rearing,80458,80457,80458,1
sniffing,80530,80458,80530,72
walking,80531,80530,80531,1
sniffing,80574,80531,80574,43
rising,80585,80574,80585,11
climbing,80615,80585,80615,30
rearing,80621,80615,80621,6
grooming,81058,80621,81058,437
walking,81064,81058,81064,6
sniffing,81136,81064,81136,72
rising,81139,81136,81139,3
rearing,81144,81139,81144,5
climbing,81172,81144,81172,28
walking,81176,81172,81176,4
right_turning,81180,81176,81180,4
walking,81205,81180,81205,25
sniffing,81206,81205,81206,1
climbing,81277,81206,81277,71
rearing,81324,81277,81324,47
sniffing,81353,81324,81353,29
stepping,81381,81353,81381,28
rising,81382,81381,81382,1
left_turning,81397,81382,81397,15
walking,81416,81397,81416,19
rearing,81417,81416,81417,1
sniffing,81449,81417,81449,32
rising,81478,81449,81478,29
rearing,81541,81478,81541,63
grooming,81542,81541,81542,1
sniffing,81580,81542,81580,38
stepping,81585,81580,81585,5
sniffing,81623,81585,81623,38
rising,81631,81623,81631,8
climbing,81633,81631,81633,2
sniffing,81690,81633,81690,57
rising,81708,81690,81708,18
rearing,81850,81708,81850,142
sniffing,81906,81850,81906,56
stepping,81967,81906,81967,61
walking,82012,81967,82012,45
rising,82013,82012,82013,1
rearing,82014,82013,82014,1
left_turning,82034,82014,82034,20
grooming,82035,82034,82035,1
rearing,82036,82035,82036,1
sniffing,82037,82036,82037,1
walking,82038,82037,82038,1
stepping,82042,82038,82042,4
rearing,82077,82042,82077,35
sniffing,82150,82077,82150,73
walking,82168,82150,82168,18
trotting,82210,82168,82210,42
stepping,82244,82210,82244,34
scratching,82365,82244,82365,121
grooming,82593,82365,82593,228
rearing,82648,82593,82648,55
sniffing,82649,82648,82649,1
rising,82660,82649,82660,11
left_turning,82672,82660,82672,12
walking,82713,82672,82713,41
stepping,82741,82713,82741,28
rearing,82765,82741,82765,24
climbing,82821,82765,82821,56
rearing,82859,82821,82859,38
grooming,82983,82859,82983,124
rearing,82991,82983,82991,8
hunching,83057,82991,83057,66
rearing,83288,83057,83288,231
hunching,83555,83288,83555,267
grooming,83604,83555,83604,49
stepping,83635,83604,83635,31
sniffing,83660,83635,83660,25
walking,83667,83660,83667,7
stepping,83673,83667,83673,6
sniffing,83760,83673,83760,87
hunching,83761,83760,83761,1
climbing,83765,83761,83765,4
grooming,83766,83765,83766,1
walking,83767,83766,83767,1
rising,83785,83767,83785,18
rearing,83842,83785,83842,57
climbing,83892,83842,83892,50
trotting,83911,83892,83911,19
sniffing,83969,83911,83969,58
grooming,83970,83969,83970,1
rearing,84093,83970,84093,123
sniffing,84129,84093,84129,36
stepping,84151,84129,84151,22
trotting,84181,84151,84181,30
walking,84215,84181,84215,34
sniffing,84354,84215,84354,139
grooming,84355,84354,84355,1
walking,84399,84355,84399,44
sniffing,84412,84399,84412,13
rearing,84434,84412,84434,22
grooming,84529,84434,84529,95
rearing,84530,84529,84530,1
grooming,84531,84530,84531,1
running,84557,84531,84557,26
walking,84571,84557,84571,14
sniffing,84630,84571,84630,59
rearing,84631,84630,84631,1
grooming,84701,84631,84701,70
rearing,84703,84701,84703,2
hunching,84781,84703,84781,78
sniffing,84843,84781,84843,62
walking,84851,84843,84851,8
climbing,84863,84851,84863,12
stepping,84898,84863,84898,35
walking,84925,84898,84925,27
sniffing,84934,84925,84934,9
walking,84954,84934,84954,20
rearing,85039,84954,85039,85
grooming,85040,85039,85040,1
hunching,85041,85040,85041,1
grooming,85267,85041,85267,226
hunching,85363,85267,85363,96
rearing,85420,85363,85420,57
climbing,85511,85420,85511,91
rearing,85558,85511,85558,47
grooming,85732,85558,85732,174
climbing,85750,85732,85750,18
stepping,85757,85750,85757,7
rising,85758,85757,85758,1
grooming,85886,85758,85886,128
rising,85920,85886,85920,34
rearing,85953,85920,85953,33
climbing,85984,85953,85984,31
running,86012,85984,86012,28
stepping,86016,86012,86016,4
right_turning,86019,86016,86019,3
stepping,86062,86019,86062,43
right_turning,86086,86062,86086,24
stepping,86115,86086,86115,29
rearing,86215,86115,86215,100
rising,86289,86215,86289,74
rearing,86489,86289,86489,200
walking,86513,86489,86513,24
sniffing,86559,86513,86559,46
stepping,86584,86559,86584,25
sniffing,86634,86584,86634,50
rising,86656,86634,86656,22
hunching,86716,86656,86716,60
climbing,86760,86716,86760,44
trotting,86778,86760,86778,18
walking,86869,86778,86869,91
sniffing,86879,86869,86879,10
hunching,86965,86879,86965,86
grooming,87557,86965,87557,592
sniffing,87629,87557,87629,72
walking,87659,87629,87659,30
sniffing,87660,87659,87660,1
scratching,87689,87660,87689,29
grooming,87728,87689,87728,39
climbing,87754,87728,87754,26
grooming,87755,87754,87755,1
stepping,87790,87755,87790,35
sniffing,87812,87790,87812,22
rising,87813,87812,87813,1
stepping,87846,87813,87846,33
sniffing,87874,87846,87874,28
rising,87909,87874,87909,35
sniffing,88022,87909,88022,113
left_turning,88023,88022,88023,1
trotting,88043,88023,88043,20
walking,88071,88043,88071,28
trotting,88098,88071,88098,27
stepping,88171,88098,88171,73
grooming,88301,88171,88301,130
climbing,88359,88301,88359,58
grooming,88982,88359,88982,623
hunching,89017,88982,89017,35
rising,89036,89017,89036,19
climbing,89082,89036,89082,46
sniffing,89133,89082,89133,51
walking,89140,89133,89140,7
sniffing,89238,89140,89238,98
rising,89239,89238,89239,1
grooming,89309,89239,89309,70
walking,89318,89309,89318,9
stepping,89376,89318,89376,58
sniffing,89413,89376,89413,37
walking,89414,89413,89414,1
sniffing,89450,89414,89450,36
right_turning,89451,89450,89451,1
walking,89493,89451,89493,42
stepping,89508,89493,89508,15
rearing,89509,89508,89509,1
stepping,89514,89509,89514,5
rearing,89579,89514,89579,65
stepping,89598,89579,89598,19
sniffing,89650,89598,89650,52
stepping,89663,89650,89663,13
sniffing,89722,89663,89722,59
trotting,89749,89722,89749,27
walking,89766,89749,89766,17
sniffing,90044,89766,90044,278
walking,90059,90044,90059,15
rearing,90070,90059,90070,11
hunching,90071,90070,90071,1
sniffing,90094,90071,90094,23
grooming,90220,90094,90220,126
scratching,90241,90220,90241,21
sniffing,90242,90241,90242,1
running,90271,90242,90271,29
stepping,90299,90271,90299,28
trotting,90314,90299,90314,15
walking,90347,90314,90347,33
trotting,90363,90347,90363,16
stepping,90391,90363,90391,28
grooming,90396,90391,90396,5
sniffing,90415,90396,90415,19
grooming,90470,90415,90470,55
climbing,90600,90470,90600,130
right_turning,90607,90600,90607,7
rising,90612,90607,90612,5
hunching,90626,90612,90626,14
rearing,90789,90626,90789,163
climbing,90873,90789,90873,84
rearing,90874,90873,90874,1
stepping,90913,90874,90913,39
walking,90915,90913,90915,2
sniffing,90916,90915,90916,1
stepping,90946,90916,90946,30
rising,90949,90946,90949,3
climbing,90989,90949,90989,40
sniffing,91037,90989,91037,48
rising,91046,91037,91046,9
sniffing,91133,91046,91133,87
stepping,91146,91133,91146,13
rearing,91198,91146,91198,52
walking,91229,91198,91229,31
stepping,91248,91229,91248,19
sniffing,91299,91248,91299,51
grooming,91637,91299,91637,338
sniffing,91638,91637,91638,1
left_turning,91698,91638,91698,60
sniffing,91736,91698,91736,38
walking,91751,91736,91751,15
sniffing,91787,91751,91787,36
trotting,91807,91787,91807,20
sniffing,91859,91807,91859,52
stepping,91860,91859,91860,1
sniffing,91872,91860,91872,12
rearing,91873,91872,91873,1
stepping,91883,91873,91883,10
running,91926,91883,91926,43
sniffing,91927,91926,91927,1
stepping,91930,91927,91930,3
walking,91936,91930,91936,6
sniffing,91937,91936,91937,1
walking,91976,91937,91976,39
sniffing,91978,91976,91978,2
left_turning,92002,91978,92002,24
walking,92048,92002,92048,46
stepping,92075,92048,92075,27
sniffing,92120,92075,92120,45
left_turning,92121,92120,92121,1
sniffing,92162,92121,92162,41
rising,92187,92162,92187,25
left_turning,92188,92187,92188,1
stepping,92202,92188,92202,14
walking,92247,92202,92247,45
rising,92321,92247,92321,74
walking,92345,92321,92345,24
sniffing,92410,92345,92410,65
climbing,92428,92410,92428,18
walking,92446,92428,92446,18
sniffing,92507,92446,92507,61
walking,92547,92507,92547,40
rearing,92586,92547,92586,39
jumping,92587,92586,92587,1
rearing,92592,92587,92592,5
grooming,92659,92592,92659,67
rearing,92660,92659,92660,1
climbing,92797,92660,92797,137
running,92831,92797,92831,34
stepping,92832,92831,92832,1
grooming,92906,92832,92906,74
climbing,92998,92906,92998,92
walking,93007,92998,93007,9
sniffing,93071,93007,93071,64
trotting,93095,93071,93095,24
stepping,93150,93095,93150,55
walking,93182,93150,93182,32
sniffing,93222,93182,93222,40
left_turning,93250,93222,93250,28
sniffing,93388,93250,93388,138
rising,93407,93388,93407,19
grooming,93482,93407,93482,75
rearing,93505,93482,93505,23
climbing,93544,93505,93544,39
grooming,93621,93544,93621,77
climbing,93676,93621,93676,55
stepping,93683,93676,93683,7
rising,93716,93683,93716,33
rearing,93717,93716,93717,1
climbing,93779,93717,93779,62
stepping,93787,93779,93787,8
walking,93821,93787,93821,34
sniffing,93865,93821,93865,44
grooming,93912,93865,93912,47
running,93927,93912,93927,15
walking,93971,93927,93971,44
climbing,93999,93971,93999,28
sniffing,94094,93999,94094,95
grooming,94312,94094,94312,218
hunching,94318,94312,94318,6
rising,94341,94318,94341,23
climbing,94376,94341,94376,35
grooming,94449,94376,94449,73
climbing,94459,94449,94459,10
rearing,94506,94459,94506,47
stepping,94519,94506,94519,13
walking,94590,94519,94590,71
rising,94591,94590,94591,1
sniffing,94605,94591,94605,14
stepping,94635,94605,94635,30
sniffing,94722,94635,94722,87
trotting,94737,94722,94737,15
rising,94759,94737,94759,22
climbing,94782,94759,94782,23
grooming,94803,94782,94803,21
hunching,94831,94803,94831,28
rearing,94934,94831,94934,103
climbing,94945,94934,94945,11
sniffing,94981,94945,94981,36
stepping,95016,94981,95016,35
walking,95028,95016,95028,12
sniffing,95206,95028,95206,178
rising,95280,95206,95280,74
left_turning,95281,95280,95281,1
grooming,95282,95281,95282,1
rearing,95386,95282,95386,104
sniffing,95484,95386,95484,98
rising,95521,95484,95521,37
grooming,95522,95521,95522,1
sniffing,95563,95522,95563,41
stepping,95607,95563,95607,44
rearing,95608,95607,95608,1
climbing,95640,95608,95640,32
stepping,95702,95640,95702,62
grooming,95752,95702,95752,50
rearing,95822,95752,95822,70
grooming,95832,95822,95832,10
sniffing,95886,95832,95886,54
walking,95913,95886,95913,27
trotting,95942,95913,95942,29
rising,95954,95942,95954,12
stepping,95958,95954,95958,4
sniffing,95985,95958,95985,27
left_turning,96024,95985,96024,39
walking,96030,96024,96030,6
trotting,96051,96030,96051,21
walking,96085,96051,96085,34
sniffing,96111,96085,96111,26
grooming,96472,96111,96472,361
climbing,96522,96472,96522,50
rearing,96570,96522,96570,48
right_turning,96599,96570,96599,29
running,96618,96599,96618,19
trotting,96640,96618,96640,22
stepping,96709,96640,96709,69
grooming,96728,96709,96728,19
right_turning,96784,96728,96784,56
sniffing,96804,96784,96804,20
stepping,96837,96804,96837,33
rearing,96898,96837,96898,61
sniffing,96964,96898,96964,66
left_turning,97027,96964,97027,63
walking,97054,97027,97054,27
trotting,97083,97054,97083,29
stepping,97104,97083,97104,21
walking,97146,97104,97146,42
left_turning,97171,97146,97171,25
sniffing,97210,97171,97210,39
stepping,97225,97210,97225,15
walking,97238,97225,97238,13
stepping,97269,97238,97269,31
rearing,97315,97269,97315,46
left_turning,97348,97315,97348,33
sniffing,97490,97348,97490,142
right_turning,97503,97490,97503,13
trotting,97514,97503,97514,11
walking,97515,97514,97515,1
sniffing,97532,97515,97532,17
stepping,97616,97532,97616,84
sniffing,97839,97616,97839,223
stepping,97864,97839,97864,25
climbing,97955,97864,97955,91
rearing,98054,97955,98054,99
sniffing,98144,98054,98144,90
stepping,98145,98144,98145,1
grooming,98680,98145,98680,535
walking,98681,98680,98681,1
sniffing,98763,98681,98763,82
left_turning,98764,98763,98764,1
stepping,98803,98764,98803,39
rearing,98818,98803,98818,15
rising,98849,98818,98849,31
climbing,98882,98849,98882,33
walking,98907,98882,98907,25
stepping,98924,98907,98924,17
sniffing,98958,98924,98958,34
stepping,98985,98958,98985,27
walking,99004,98985,99004,19
grooming,99175,99004,99175,171
rearing,99205,99175,99205,30
hunching,99217,99205,99217,12
grooming,99246,99217,99246,29
sniffing,99257,99246,99257,11
left_turning,99279,99257,99279,22
hunching,99362,99279,99362,83
rearing,99448,99362,99448,86
left_turning,99528,99448,99528,80
grooming,99557,99528,99557,29
climbing,99572,99557,99572,15
grooming,99868,99572,99868,296
rearing,99900,99868,99900,32
grooming,99953,99900,99953,53
hunching,99976,99953,99976,23
grooming,99996,99976,99996,20
trotting,100035,99996,100035,39
stepping,100086,100035,100086,51
sniffing,100147,100086,100147,61
hunching,100216,100147,100216,69
rearing,100217,100216,100217,1
grooming,100218,100217,100218,1
sniffing,100297,100218,100297,79
climbing,100335,100297,100335,38
hunching,100527,100335,100527,192
left_turning,100568,100527,100568,41
grooming,100639,100568,100639,71
left_turning,100645,100639,100645,6
grooming,100658,100645,100658,13
climbing,100795,100658,100795,137
walking,100828,100795,100828,33
sniffing,100842,100828,100842,14
running,100866,100842,100866,24
sniffing,100891,100866,100891,25
grooming,100892,100891,100892,1
left_turning,100917,100892,100917,25
stepping,100948,100917,100948,31
trotting,100976,100948,100976,28
stepping,100989,100976,100989,13
grooming,101141,100989,101141,152
left_turning,101150,101141,101150,9
walking,101199,101150,101199,49
sniffing,101218,101199,101218,19
rising,101425,101218,101425,207
left_turning,101463,101425,101463,38
sniffing,101553,101463,101553,90
stepping,101559,101553,101559,6
sniffing,101560,101559,101560,1
rising,101561,101560,101561,1
climbing,101622,101561,101622,61
grooming,101709,101622,101709,87
stepping,101734,101709,101734,25
climbing,101735,101734,101735,1
rearing,101768,101735,101768,33
hunching,101769,101768,101769,1
rearing,101791,101769,101791,22
grooming,101840,101791,101840,49
hunching,101949,101840,101949,109
rearing,102019,101949,102019,70
hunching,102144,102019,102144,125
left_turning,102165,102144,102165,21
sniffing,102405,102165,102405,240
trotting,102475,102405,102475,70
stepping,102505,102475,102505,30
sniffing,102687,102505,102687,182
walking,102724,102687,102724,37
sniffing,102746,102724,102746,22
walking,102775,102746,102775,29
rising,102801,102775,102801,26
sniffing,102921,102801,102921,120
rising,102962,102921,102962,41
right_turning,102977,102962,102977,15
stepping,103003,102977,103003,26
rearing,103026,103003,103026,23
sniffing,103185,103026,103185,159
left_turning,103203,103185,103203,18
stepping,103240,103203,103240,37
sniffing,103261,103240,103261,21
grooming,103449,103261,103449,188
sniffing,103500,103449,103500,51
rearing,103648,103500,103648,148
hunching,103743,103648,103743,95
grooming,103804,103743,103804,61
rising,103805,103804,103805,1
rearing,103937,103805,103937,132
rising,104042,103937,104042,105
rearing,104043,104042,104043,1
grooming,104154,104043,104154,111
rearing,104175,104154,104175,21
climbing,104232,104175,104232,57
walking,104278,104232,104278,46
sniffing,104301,104278,104301,23
walking,104341,104301,104341,40
stepping,104362,104341,104362,21
sniffing,104463,104362,104463,101
walking,104472,104463,104472,9
sniffing,104473,104472,104473,1
rearing,104532,104473,104532,59
climbing,104571,104532,104571,39
rising,104608,104571,104608,37
sniffing,104680,104608,104680,72
left_turning,104732,104680,104732,52
stepping,104794,104732,104794,62
sniffing,104859,104794,104859,65
stepping,104881,104859,104881,22
sniffing,105123,104881,105123,242
climbing,105215,105123,105215,92
walking,105274,105215,105274,59
sniffing,105300,105274,105300,26
walking,105319,105300,105319,19
sniffing,105397,105319,105397,78
stepping,105448,105397,105448,51
sniffing,105507,105448,105507,59
stepping,105510,105507,105510,3
sniffing,105621,105510,105621,111
rising,105700,105621,105700,79
sniffing,105725,105700,105725,25
rearing,105726,105725,105726,1
sniffing,105769,105726,105769,43
rearing,105863,105769,105863,94
grooming,105864,105863,105864,1
hunching,105898,105864,105898,34
grooming,106057,105898,106057,159
sniffing,106078,106057,106078,21
walking,106079,106078,106079,1
trotting,106106,106079,106106,27
walking,106121,106106,106121,15
trotting,106145,106121,106145,24
sniffing,106146,106145,106146,1
grooming,106333,106146,106333,187
walking,106354,106333,106354,21
sniffing,106411,106354,106411,57
stepping,106454,106411,106454,43
rearing,106769,106454,106769,315
climbing,106789,106769,106789,20
stepping,106806,106789,106806,17
right_turning,106830,106806,106830,24
sniffing,106839,106830,106839,9
stepping,106945,106839,106945,106
sniffing,106962,106945,106962,17
rising,107011,106962,107011,49
rearing,107053,107011,107053,42
grooming,107054,107053,107054,1
stepping,107089,107054,107089,35
sniffing,107113,107089,107113,24
stepping,107121,107113,107121,8
walking,107159,107121,107159,38
sniffing,107175,107159,107175,16
stepping,107176,107175,107176,1
sniffing,107177,107176,107177,1
left_turning,107209,107177,107209,32
trotting,107250,107209,107250,41
stepping,107318,107250,107318,68
sniffing,107338,107318,107338,20
stepping,107369,107338,107369,31
sniffing,107394,107369,107394,25
left_turning,107395,107394,107395,1
rearing,107405,107395,107405,10
climbing,107461,107405,107461,56
hunching,107537,107461,107537,76
rearing,107555,107537,107555,18
hunching,107613,107555,107613,58
rearing,107735,107613,107735,122
grooming,107736,107735,107736,1
hunching,107775,107736,107775,39
grooming,107776,107775,107776,1
climbing,107788,107776,107788,12
rearing,107842,107788,107842,54
rising,107847,107842,107847,5
stepping,107889,107847,107889,42
rearing,107903,107889,107903,14
grooming,108000,107903,108000,97
