revised_movement_label,segBoundary,segBoundary_start,segBoundary_end,length
sniffing,83,0,83,83
rising,96,83,96,13
sniffing,138,96,138,42
stepping,154,138,154,16
walking,173,154,173,19
trotting,209,173,209,36
stepping,260,209,260,51
sniffing,273,260,273,13
left_turning,306,273,306,33
rearing,396,306,396,90
climbing,486,396,486,90
rearing,646,486,646,160
grooming,647,646,647,1
walking,672,647,672,25
rising,675,672,675,3
stepping,688,675,688,13
sniffing,725,688,725,37
left_turning,730,725,730,5
walking,731,730,731,1
sniffing,791,731,791,60
trotting,822,791,822,31
sniffing,866,822,866,44
rising,867,866,867,1
sniffing,894,867,894,27
rising,955,894,955,61
walking,971,955,971,16
stepping,990,971,990,19
walking,1060,990,1060,70
stepping,1070,1060,1070,10
sniffing,1071,1070,1071,1
rising,1073,1071,1073,2
rearing,1094,1073,1094,21
hunching,1095,1094,1095,1
grooming,1668,1095,1668,573
right_turning,1677,1668,1677,9
trotting,1695,1677,1695,18
stepping,1708,1695,1708,13
rising,1774,1708,1774,66
rearing,1836,1774,1836,62
sniffing,1848,1836,1848,12
grooming,1976,1848,1976,128
hunching,2147,1976,2147,171
grooming,2148,2147,2148,1
walking,2163,2148,2163,15
rising,2235,2163,2235,72
sniffing,2236,2235,2236,1
walking,2281,2236,2281,45
stepping,2303,2281,2303,22
left_turning,2317,2303,2317,14
hunching,2347,2317,2347,30
rearing,2368,2347,2368,21
grooming,2494,2368,2494,126
walking,2528,2494,2528,34
running,2564,2528,2564,36
walking,2611,2564,2611,47
trotting,2636,2611,2636,25
sniffing,2658,2636,2658,22
rising,2702,2658,2702,44
walking,2711,2702,2711,9
sniffing,2712,2711,2712,1
walking,2726,2712,2726,14
sniffing,2727,2726,2727,1
walking,2757,2727,2757,30
right_turning,2765,2757,2765,8
sniffing,2791,2765,2791,26
walking,2823,2791,2823,32
sniffing,2871,2823,2871,48
rising,2927,2871,2927,56
sniffing,2964,2927,2964,37
grooming,3003,2964,3003,39
sniffing,3012,3003,3012,9
walking,3028,3012,3028,16
stepping,3051,3028,3051,23
walking,3052,3051,3052,1
rearing,3053,3052,3053,1
climbing,3079,3053,3079,26
grooming,3088,3079,3088,9
right_turning,3098,3088,3098,10
rising,3158,3098,3158,60
sniffing,3213,3158,3213,55
rising,3214,3213,3214,1
running,3270,3214,3270,56
walking,3299,3270,3299,29
sniffing,3348,3299,3348,49
trotting,3364,3348,3364,16
walking,3388,3364,3388,24
sniffing,3440,3388,3440,52
walking,3520,3440,3520,80
rising,3521,3520,3521,1
sniffing,3564,3521,3564,43
walking,3621,3564,3621,57
trotting,3655,3621,3655,34
walking,3672,3655,3672,17
stepping,3697,3672,3697,25
walking,3736,3697,3736,39
stepping,3755,3736,3755,19
rising,3798,3755,3798,43
walking,3799,3798,3799,1
sniffing,3815,3799,3815,16
running,3830,3815,3830,15
walking,3851,3830,3851,21
stepping,3871,3851,3871,20
sniffing,3872,3871,3872,1
stepping,3889,3872,3889,17
walking,3900,3889,3900,11
rising,3969,3900,3969,69
stepping,3986,3969,3986,17
sniffing,4081,3986,4081,95
rising,4151,4081,4151,70
grooming,4203,4151,4203,52
sniffing,4221,4203,4221,18
rising,4233,4221,4233,12
grooming,4329,4233,4329,96
left_turning,4356,4329,4356,27
walking,4357,4356,4357,1
sniffing,4358,4357,4358,1
stepping,4371,4358,4371,13
left_turning,4408,4371,4408,37
sniffing,4409,4408,4409,1
grooming,4410,4409,4410,1
walking,4438,4410,4438,28
trotting,4494,4438,4494,56
walking,4495,4494,4495,1
stepping,4506,4495,4506,11
rearing,4548,4506,4548,42
grooming,4549,4548,4549,1
hunching,4558,4549,4558,9
grooming,4580,4558,4580,22
sniffing,4668,4580,4668,88
rising,4743,4668,4743,75
sniffing,4744,4743,4744,1
hunching,4824,4744,4824,80
walking,4860,4824,4860,36
sniffing,5048,4860,5048,188
rising,5074,5048,5074,26
rearing,5148,5074,5148,74
left_turning,5158,5148,5158,10
trotting,5162,5158,5162,4
walking,5164,5162,5164,2
stepping,5216,5164,5216,52
sniffing,5277,5216,5277,61
left_turning,5288,5277,5288,11
grooming,5344,5288,5344,56
left_turning,5357,5344,5357,13
trotting,5369,5357,5369,12
right_turning,5401,5369,5401,32
sniffing,5416,5401,5416,15
grooming,6039,5416,6039,623
rising,6072,6039,6072,33
left_turning,6073,6072,6073,1
sniffing,6126,6073,6126,53
walking,6134,6126,6134,8
sniffing,6243,6134,6243,109
stepping,6276,6243,6276,33
walking,6299,6276,6299,23
stepping,6354,6299,6354,55
walking,6392,6354,6392,38
sniffing,6460,6392,6460,68
rising,6509,6460,6509,49
stepping,6529,6509,6529,20
walking,6542,6529,6542,13
sniffing,6602,6542,6602,60
stepping,6635,6602,6635,33
sniffing,6670,6635,6670,35
left_turning,6718,6670,6718,48
sniffing,6757,6718,6757,39
walking,6789,6757,6789,32
sniffing,6794,6789,6794,5
walking,6889,6794,6889,95
rising,7043,6889,7043,154
sniffing,7044,7043,7044,1
stepping,7103,7044,7103,59
rising,7104,7103,7104,1
sniffing,7121,7104,7121,17
rising,7122,7121,7122,1
walking,7127,7122,7127,5
right_turning,7153,7127,7153,26
stepping,7173,7153,7173,20
grooming,7188,7173,7188,15
rearing,7198,7188,7198,10
sniffing,7250,7198,7250,52
trotting,7292,7250,7292,42
stepping,7319,7292,7319,27
sniffing,7333,7319,7333,14
rising,7380,7333,7380,47
grooming,8155,7380,8155,775
rising,8156,8155,8156,1
walking,8164,8156,8164,8
stepping,8206,8164,8206,42
walking,8227,8206,8227,21
stepping,8261,8227,8261,34
sniffing,8314,8261,8314,53
rising,8368,8314,8368,54
sniffing,8379,8368,8379,11
trotting,8410,8379,8410,31
sniffing,8416,8410,8416,6
right_turning,8425,8416,8425,9
stepping,8459,8425,8459,34
sniffing,8471,8459,8471,12
left_turning,8498,8471,8498,27
rearing,8499,8498,8499,1
climbing,8518,8499,8518,19
rising,8519,8518,8519,1
walking,8528,8519,8528,9
sniffing,8529,8528,8529,1
stepping,8562,8529,8562,33
walking,8581,8562,8581,19
trotting,8606,8581,8606,25
walking,8627,8606,8627,21
sniffing,8731,8627,8731,104
walking,8753,8731,8753,22
rising,8784,8753,8784,31
walking,8809,8784,8809,25
stepping,8836,8809,8836,27
rearing,8897,8836,8897,61
left_turning,8915,8897,8915,18
grooming,8916,8915,8916,1
hunching,8969,8916,8969,53
rising,8970,8969,8970,1
stepping,9009,8970,9009,39
walking,9010,9009,9010,1
stepping,9014,9010,9014,4
walking,9031,9014,9031,17
grooming,9110,9031,9110,79
stepping,9148,9110,9148,38
grooming,9712,9148,9712,564
stepping,9721,9712,9721,9
sniffing,9761,9721,9761,40
walking,9848,9761,9848,87
sniffing,9900,9848,9900,52
grooming,10051,9900,10051,151
sniffing,10179,10051,10179,128
grooming,10324,10179,10324,145
right_turning,10351,10324,10351,27
walking,10352,10351,10352,1
rising,10432,10352,10432,80
rearing,10590,10432,10590,158
hunching,10607,10590,10607,17
grooming,10841,10607,10841,234
hunching,10880,10841,10880,39
sniffing,10909,10880,10909,29
walking,10934,10909,10934,25
stepping,10949,10934,10949,15
sniffing,11014,10949,11014,65
hunching,11082,11014,11082,68
rising,11100,11082,11100,18
climbing,11142,11100,11142,42
left_turning,11178,11142,11178,36
walking,11179,11178,11179,1
stepping,11231,11179,11231,52
walking,11241,11231,11241,10
stepping,11288,11241,11288,47
left_turning,11333,11288,11333,45
sniffing,11380,11333,11380,47
grooming,12242,11380,12242,862
rearing,12349,12242,12349,107
grooming,12584,12349,12584,235
rising,12657,12584,12657,73
climbing,12659,12657,12659,2
sniffing,12700,12659,12700,41
left_turning,12701,12700,12701,1
trotting,12710,12701,12710,9
stepping,12734,12710,12734,24
grooming,12984,12734,12984,250
hunching,13033,12984,13033,49
rearing,13171,13033,13171,138
hunching,13180,13171,13180,9
rearing,13195,13180,13195,15
grooming,13243,13195,13243,48
rearing,13244,13243,13244,1
climbing,13321,13244,13321,77
walking,13336,13321,13336,15
right_turning,13345,13336,13345,9
running,13346,13345,13346,1
trotting,13362,13346,13362,16
rising,13428,13362,13428,66
climbing,13449,13428,13449,21
walking,13450,13449,13450,1
rising,13451,13450,13451,1
climbing,13510,13451,13510,59
left_turning,13531,13510,13531,21
stepping,13561,13531,13561,30
walking,13606,13561,13606,45
sniffing,13783,13606,13783,177
rising,13805,13783,13805,22
walking,13830,13805,13830,25
grooming,14101,13830,14101,271
hunching,14238,14101,14238,137
grooming,14239,14238,14239,1
sniffing,14295,14239,14295,56
walking,14296,14295,14296,1
stepping,14403,14296,14403,107
grooming,14594,14403,14594,191
rearing,14987,14594,14987,393
hunching,14992,14987,14992,5
rising,15163,14992,15163,171
grooming,15164,15163,15164,1
rising,15190,15164,15190,26
climbing,15235,15190,15235,45
grooming,15236,15235,15236,1
rearing,15308,15236,15308,72
grooming,15309,15308,15309,1
hunching,15318,15309,15318,9
grooming,15537,15318,15537,219
stepping,15613,15537,15613,76
walking,15614,15613,15614,1
stepping,15615,15614,15615,1
right_turning,15659,15615,15659,44
walking,15672,15659,15672,13
rising,15673,15672,15673,1
rearing,15741,15673,15741,68
grooming,16025,15741,16025,284
rising,16086,16025,16086,61
grooming,16347,16086,16347,261
hunching,16417,16347,16417,70
grooming,16604,16417,16604,187
stepping,16605,16604,16605,1
running,16606,16605,16606,1
grooming,16674,16606,16674,68
hunching,16706,16674,16706,32
grooming,16962,16706,16962,256
walking,16969,16962,16969,7
grooming,17039,16969,17039,70
sniffing,17154,17039,17154,115
scratching,17256,17154,17256,102
grooming,17284,17256,17284,28
hunching,17285,17284,17285,1
rising,17398,17285,17398,113
sniffing,17504,17398,17504,106
grooming,17532,17504,17532,28
stepping,17552,17532,17552,20
sniffing,17663,17552,17663,111
stepping,17689,17663,17689,26
rearing,17712,17689,17712,23
walking,17727,17712,17727,15
stepping,17737,17727,17737,10
sniffing,17817,17737,17817,80
walking,17838,17817,17838,21
trotting,17891,17838,17891,53
sniffing,17928,17891,17928,37
grooming,17929,17928,17929,1
rising,17978,17929,17978,49
grooming,18250,17978,18250,272
climbing,18310,18250,18310,60
left_turning,18318,18310,18318,8
walking,18330,18318,18330,12
right_turning,18364,18330,18364,34
sniffing,18385,18364,18385,21
stepping,18411,18385,18411,26
grooming,18421,18411,18421,10
hunching,18452,18421,18452,31
rising,18537,18452,18537,85
stepping,18568,18537,18568,31
right_turning,18578,18568,18578,10
trotting,18599,18578,18599,21
sniffing,18600,18599,18600,1
climbing,18651,18600,18651,51
stepping,18732,18651,18732,81
sniffing,18774,18732,18774,42
stepping,18775,18774,18775,1
walking,18844,18775,18844,69
rising,18862,18844,18862,18
left_turning,18937,18862,18937,75
walking,18986,18937,18986,49
rising,19025,18986,19025,39
grooming,19180,19025,19180,155
left_turning,19212,19180,19212,32
grooming,19395,19212,19395,183
rising,19396,19395,19396,1
walking,19397,19396,19397,1
grooming,19478,19397,19478,81
sniffing,19612,19478,19612,134
walking,19646,19612,19646,34
stepping,19703,19646,19703,57
running,19707,19703,19707,4
sniffing,19738,19707,19738,31
rising,19811,19738,19811,73
climbing,19830,19811,19830,19
rearing,19831,19830,19831,1
stepping,19855,19831,19855,24
climbing,19908,19855,19908,53
grooming,19923,19908,19923,15
sniffing,19979,19923,19979,56
walking,19992,19979,19992,13
stepping,20009,19992,20009,17
sniffing,20261,20009,20261,252
stepping,20298,20261,20298,37
walking,20349,20298,20349,51
trotting,20368,20349,20368,19
sniffing,20398,20368,20398,30
left_turning,20458,20398,20458,60
walking,20462,20458,20462,4
stepping,20533,20462,20533,71
rearing,20656,20533,20656,123
walking,20666,20656,20666,10
sniffing,20697,20666,20697,31
stepping,20722,20697,20722,25
trotting,20741,20722,20741,19
climbing,20822,20741,20822,81
walking,20875,20822,20875,53
right_turning,20893,20875,20893,18
stepping,20918,20893,20918,25
walking,20919,20918,20919,1
sniffing,20934,20919,20934,15
stepping,21047,20934,21047,113
climbing,21055,21047,21055,8
rising,21065,21055,21065,10
rearing,21086,21065,21086,21
hunching,21150,21086,21150,64
rearing,21191,21150,21191,41
walking,21192,21191,21192,1
sniffing,21208,21192,21208,16
walking,21215,21208,21215,7
sniffing,21267,21215,21267,52
walking,21268,21267,21268,1
sniffing,21270,21268,21270,2
climbing,21296,21270,21296,26
stepping,21328,21296,21328,32
walking,21388,21328,21388,60
stepping,21421,21388,21421,33
sniffing,21508,21421,21508,87
rising,21539,21508,21539,31
climbing,21587,21539,21587,48
walking,21588,21587,21588,1
sniffing,21621,21588,21621,33
hunching,21684,21621,21684,63
walking,21740,21684,21740,56
stepping,21786,21740,21786,46
rising,21787,21786,21787,1
rearing,21818,21787,21818,31
climbing,21850,21818,21850,32
stepping,21968,21850,21968,118
climbing,21996,21968,21996,28
grooming,21997,21996,21997,1
rearing,22000,21997,22000,3
hunching,22001,22000,22001,1
left_turning,22010,22001,22010,9
walking,22028,22010,22028,18
stepping,22029,22028,22029,1
sniffing,22103,22029,22103,74
stepping,22184,22103,22184,81
walking,22206,22184,22206,22
sniffing,22260,22206,22260,54
stepping,22335,22260,22335,75
rising,22391,22335,22391,56
sniffing,22396,22391,22396,5
grooming,22421,22396,22421,25
rearing,22422,22421,22422,1
stepping,22455,22422,22455,33
walking,22508,22455,22508,53
sniffing,22578,22508,22578,70
rising,22598,22578,22598,20
grooming,22821,22598,22821,223
climbing,22861,22821,22861,40
sniffing,22880,22861,22880,19
walking,22929,22880,22929,49
sniffing,23007,22929,23007,78
rearing,23116,23007,23116,109
sniffing,23117,23116,23117,1
stepping,23149,23117,23149,32
rising,23165,23149,23165,16
walking,23222,23165,23222,57
trotting,23231,23222,23231,9
stepping,23256,23231,23256,25
sniffing,23312,23256,23312,56
right_turning,23327,23312,23327,15
walking,23379,23327,23379,52
stepping,23393,23379,23393,14
sniffing,23672,23393,23672,279
stepping,23673,23672,23673,1
trotting,23696,23673,23696,23
rearing,23736,23696,23736,40
stepping,23737,23736,23737,1
sniffing,23772,23737,23772,35
grooming,23773,23772,23773,1
rearing,23821,23773,23821,48
hunching,23848,23821,23848,27
rising,23849,23848,23849,1
climbing,23902,23849,23902,53
left_turning,23903,23902,23903,1
sniffing,23918,23903,23918,15
grooming,23980,23918,23980,62
stepping,23981,23980,23981,1
right_turning,24005,23981,24005,24
walking,24023,24005,24023,18
sniffing,24027,24023,24027,4
walking,24098,24027,24098,71
sniffing,24130,24098,24130,32
rising,24171,24130,24171,41
grooming,24637,24171,24637,466
hunching,24708,24637,24708,71
rising,24747,24708,24747,39
stepping,24766,24747,24766,19
rearing,24819,24766,24819,53
rising,24853,24819,24853,34
sniffing,24909,24853,24909,56
rising,24910,24909,24910,1
grooming,24911,24910,24911,1
right_turning,24969,24911,24969,58
stepping,25002,24969,25002,33
sniffing,25019,25002,25019,17
grooming,25020,25019,25020,1
hunching,25021,25020,25021,1
left_turning,25041,25021,25041,20
sniffing,25042,25041,25042,1
rising,25133,25042,25133,91
hunching,25189,25133,25189,56
rising,25220,25189,25220,31
left_turning,25221,25220,25221,1
stepping,25222,25221,25222,1
hunching,25267,25222,25267,45
rising,25341,25267,25341,74
sniffing,25385,25341,25385,44
grooming,25501,25385,25501,116
left_turning,25545,25501,25545,44
walking,25611,25545,25611,66
running,25640,25611,25640,29
sniffing,25679,25640,25679,39
climbing,25717,25679,25717,38
grooming,26018,25717,26018,301
stepping,26027,26018,26027,9
sniffing,26059,26027,26059,32
right_turning,26082,26059,26082,23
sniffing,26141,26082,26141,59
grooming,26305,26141,26305,164
hunching,26434,26305,26434,129
grooming,26640,26434,26640,206
rising,26655,26640,26655,15
rearing,26754,26655,26754,99
walking,26787,26754,26787,33
sniffing,26920,26787,26920,133
climbing,26974,26920,26974,54
grooming,26975,26974,26975,1
hunching,27090,26975,27090,115
grooming,27293,27090,27293,203
sniffing,27319,27293,27319,26
rising,27320,27319,27320,1
climbing,27340,27320,27340,20
sniffing,27341,27340,27341,1
grooming,27342,27341,27342,1
left_turning,27362,27342,27362,20
sniffing,27382,27362,27382,20
walking,27434,27382,27434,52
trotting,27447,27434,27447,13
sniffing,27464,27447,27464,17
climbing,27506,27464,27506,42
grooming,27782,27506,27782,276
running,27811,27782,27811,29
stepping,27866,27811,27866,55
running,27886,27866,27886,20
trotting,27916,27886,27916,30
walking,27935,27916,27935,19
sniffing,27978,27935,27978,43
stepping,27979,27978,27979,1
sniffing,28044,27979,28044,65
trotting,28082,28044,28082,38
rising,28125,28082,28125,43
rearing,28284,28125,28284,159
hunching,28343,28284,28343,59
grooming,28344,28343,28344,1
hunching,28409,28344,28409,65
left_turning,28413,28409,28413,4
grooming,28812,28413,28812,399
rising,28837,28812,28837,25
climbing,28904,28837,28904,67
left_turning,29014,28904,29014,110
trotting,29049,29014,29049,35
grooming,29741,29049,29741,692
sniffing,29771,29741,29771,30
walking,29815,29771,29815,44
sniffing,29898,29815,29898,83
rising,29934,29898,29934,36
climbing,29986,29934,29986,52
walking,29992,29986,29992,6
sniffing,30008,29992,30008,16
rearing,30121,30008,30121,113
right_turning,30124,30121,30124,3
running,30141,30124,30141,17
climbing,30212,30141,30212,71
left_turning,30238,30212,30238,26
grooming,30307,30238,30307,69
rearing,30362,30307,30362,55
rising,30371,30362,30371,9
stepping,30372,30371,30372,1
rising,30379,30372,30379,7
climbing,30437,30379,30437,58
left_turning,30460,30437,30460,23
sniffing,30513,30460,30513,53
walking,30596,30513,30596,83
stepping,30603,30596,30603,7
sniffing,30604,30603,30604,1
rising,30609,30604,30609,5
left_turning,30660,30609,30660,51
climbing,30707,30660,30707,47
walking,30813,30707,30813,106
sniffing,30848,30813,30848,35
walking,30894,30848,30894,46
sniffing,31006,30894,31006,112
walking,31035,31006,31035,29
right_turning,31052,31035,31052,17
sniffing,31193,31052,31193,141
walking,31229,31193,31229,36
grooming,31243,31229,31243,14
sniffing,31282,31243,31282,39
climbing,31355,31282,31355,73
grooming,31402,31355,31402,47
climbing,31435,31402,31435,33
sniffing,31497,31435,31497,62
left_turning,31526,31497,31526,29
stepping,31543,31526,31543,17
sniffing,31548,31543,31548,5
left_turning,31589,31548,31589,41
running,31609,31589,31609,20
left_turning,31613,31609,31613,4
walking,31631,31613,31631,18
trotting,31660,31631,31660,29
grooming,31661,31660,31661,1
stepping,31675,31661,31675,14
sniffing,31697,31675,31697,22
walking,31723,31697,31723,26
sniffing,31741,31723,31741,18
stepping,31756,31741,31756,15
walking,31761,31756,31761,5
trotting,31790,31761,31790,29
sniffing,31792,31790,31792,2
rising,31823,31792,31823,31
sniffing,31824,31823,31824,1
running,31877,31824,31877,53
walking,31896,31877,31896,19
sniffing,31903,31896,31903,7
stepping,31935,31903,31935,32
sniffing,31936,31935,31936,1
rearing,31996,31936,31996,60
climbing,32061,31996,32061,65
grooming,32231,32061,32231,170
sniffing,32235,32231,32235,4
rising,32266,32235,32266,31
rearing,32305,32266,32305,39
walking,32378,32305,32378,73
sniffing,32382,32378,32382,4
stepping,32383,32382,32383,1
grooming,32384,32383,32384,1
trotting,32411,32384,32411,27
right_turning,32434,32411,32434,23
sniffing,32481,32434,32481,47
left_turning,32528,32481,32528,47
walking,32531,32528,32531,3
sniffing,32568,32531,32568,37
walking,32601,32568,32601,33
sniffing,32627,32601,32627,26
walking,32651,32627,32651,24
sniffing,32655,32651,32655,4
stepping,32709,32655,32709,54
sniffing,32772,32709,32772,63
walking,32815,32772,32815,43
left_turning,32851,32815,32851,36
walking,32871,32851,32871,20
stepping,32948,32871,32948,77
climbing,33064,32948,33064,116
grooming,33347,33064,33347,283
hunching,33380,33347,33380,33
rearing,33381,33380,33381,1
grooming,33489,33381,33489,108
sniffing,33639,33489,33639,150
left_turning,33670,33639,33670,31
running,33689,33670,33689,19
sniffing,33747,33689,33747,58
stepping,33766,33747,33766,19
left_turning,33787,33766,33787,21
grooming,33915,33787,33915,128
rearing,34196,33915,34196,281
grooming,34197,34196,34197,1
rearing,34241,34197,34241,44
grooming,34242,34241,34242,1
sniffing,34274,34242,34274,32
right_turning,34286,34274,34286,12
sniffing,34333,34286,34333,47
climbing,34456,34333,34456,123
grooming,34594,34456,34594,138
sniffing,34663,34594,34663,69
grooming,35101,34663,35101,438
rising,35102,35101,35102,1
grooming,35485,35102,35485,383
walking,35497,35485,35497,12
sniffing,35580,35497,35580,83
walking,35605,35580,35605,25
sniffing,35625,35605,35625,20
stepping,35712,35625,35712,87
sniffing,35756,35712,35756,44
rising,35760,35756,35760,4
walking,35764,35760,35764,4
rising,35766,35764,35766,2
sniffing,35843,35766,35843,77
left_turning,35844,35843,35844,1
grooming,35845,35844,35845,1
walking,35865,35845,35865,20
stepping,35866,35865,35866,1
sniffing,35867,35866,35867,1
grooming,35895,35867,35895,28
walking,35918,35895,35918,23
sniffing,35968,35918,35968,50
walking,36002,35968,36002,34
right_turning,36038,36002,36038,36
sniffing,36042,36038,36042,4
stepping,36057,36042,36057,15
sniffing,36237,36057,36237,180
stepping,36246,36237,36246,9
walking,36247,36246,36247,1
grooming,36248,36247,36248,1
stepping,36282,36248,36282,34
walking,36283,36282,36283,1
sniffing,36304,36283,36304,21
walking,36321,36304,36321,17
stepping,36322,36321,36322,1
grooming,36323,36322,36323,1
left_turning,36336,36323,36336,13
grooming,36542,36336,36542,206
walking,36572,36542,36572,30
stepping,36591,36572,36591,19
climbing,36634,36591,36634,43
rearing,36765,36634,36765,131
rising,36820,36765,36820,55
rearing,36920,36820,36920,100
sniffing,36921,36920,36921,1
climbing,36933,36921,36933,12
grooming,37128,36933,37128,195
sniffing,37176,37128,37176,48
grooming,37177,37176,37177,1
rising,37189,37177,37189,12
grooming,37190,37189,37190,1
rising,37208,37190,37208,18
grooming,37209,37208,37209,1
rearing,37295,37209,37295,86
grooming,37814,37295,37814,519
hunching,37901,37814,37901,87
rearing,37982,37901,37982,81
grooming,38156,37982,38156,174
scratching,38206,38156,38206,50
sniffing,38211,38206,38211,5
trotting,38228,38211,38228,17
sniffing,38321,38228,38321,93
climbing,38372,38321,38372,51
rearing,38376,38372,38376,4
left_turning,38377,38376,38377,1
sniffing,38416,38377,38416,39
stepping,38426,38416,38426,10
trotting,38458,38426,38458,32
sniffing,38461,38458,38461,3
rearing,38503,38461,38503,42
climbing,38543,38503,38543,40
left_turning,38544,38543,38544,1
rearing,38584,38544,38584,40
grooming,39137,38584,39137,553
walking,39174,39137,39174,37
sniffing,39183,39174,39183,9
rearing,39271,39183,39271,88
grooming,39452,39271,39452,181
right_turning,39454,39452,39454,2
running,39477,39454,39477,23
sniffing,39505,39477,39505,28
walking,39506,39505,39506,1
sniffing,39507,39506,39507,1
grooming,39519,39507,39519,12
walking,39550,39519,39550,31
rising,39595,39550,39595,45
grooming,39625,39595,39625,30
left_turning,39651,39625,39651,26
stepping,39664,39651,39664,13
trotting,39686,39664,39686,22
stepping,39725,39686,39725,39
walking,39729,39725,39729,4
climbing,39765,39729,39765,36
stepping,39833,39765,39833,68
sniffing,39834,39833,39834,1
scratching,39852,39834,39852,18
grooming,40033,39852,40033,181
rising,40034,40033,40034,1
sniffing,40055,40034,40055,21
right_turning,40066,40055,40066,11
trotting,40124,40066,40124,58
sniffing,40206,40124,40206,82
walking,40249,40206,40249,43
left_turning,40254,40249,40254,5
walking,40292,40254,40292,38
sniffing,40294,40292,40294,2
walking,40295,40294,40295,1
climbing,40364,40295,40364,69
grooming,40644,40364,40644,280
sniffing,40645,40644,40645,1
trotting,40675,40645,40675,30
left_turning,40676,40675,40676,1
grooming,40761,40676,40761,85
rising,40882,40761,40882,121
sniffing,40959,40882,40959,77
left_turning,41010,40959,41010,51
sniffing,41011,41010,41011,1
grooming,41012,41011,41012,1
walking,41041,41012,41041,29
sniffing,41077,41041,41077,36
walking,41099,41077,41099,22
rising,41125,41099,41125,26
hunching,41126,41125,41126,1
grooming,41127,41126,41127,1
sniffing,41190,41127,41190,63
climbing,41215,41190,41215,25
rearing,41306,41215,41306,91
grooming,41307,41306,41307,1
hunching,41393,41307,41393,86
grooming,41443,41393,41443,50
hunching,41493,41443,41493,50
walking,41494,41493,41494,1
stepping,41545,41494,41545,51
grooming,41684,41545,41684,139
rearing,41751,41684,41751,67
hunching,41797,41751,41797,46
rearing,41821,41797,41821,24
hunching,41883,41821,41883,62
grooming,42307,41883,42307,424
rearing,42356,42307,42356,49
hunching,42393,42356,42393,37
walking,42474,42393,42474,81
stepping,42489,42474,42489,15
sniffing,42508,42489,42508,19
walking,42553,42508,42553,45
sniffing,42629,42553,42629,76
climbing,42643,42629,42643,14
grooming,42976,42643,42976,333
sniffing,42977,42976,42977,1
stepping,42978,42977,42978,1
climbing,43011,42978,43011,33
rearing,43038,43011,43038,27
grooming,43601,43038,43601,563
climbing,43627,43601,43627,26
grooming,43628,43627,43628,1
rising,43664,43628,43664,36
walking,43672,43664,43672,8
stepping,43749,43672,43749,77
walking,43765,43749,43765,16
running,43789,43765,43789,24
trotting,43835,43789,43835,46
stepping,43836,43835,43836,1
rising,43842,43836,43842,6
stepping,43847,43842,43847,5
trotting,43878,43847,43878,31
walking,43943,43878,43943,65
stepping,43977,43943,43977,34
grooming,44636,43977,44636,659
walking,44654,44636,44654,18
stepping,44658,44654,44658,4
rising,44769,44658,44769,111
hunching,44841,44769,44841,72
rearing,44890,44841,44890,49
grooming,44891,44890,44891,1
rearing,44910,44891,44910,19
walking,44911,44910,44911,1
stepping,44970,44911,44970,59
climbing,45024,44970,45024,54
trotting,45069,45024,45069,45
walking,45085,45069,45085,16
sniffing,45140,45085,45140,55
grooming,45245,45140,45245,105
sniffing,45253,45245,45253,8
right_turning,45267,45253,45267,14
walking,45345,45267,45345,78
sniffing,45505,45345,45505,160
grooming,45570,45505,45570,65
sniffing,45605,45570,45605,35
trotting,45635,45605,45635,30
left_turning,45687,45635,45687,52
grooming,45966,45687,45966,279
hunching,46087,45966,46087,121
grooming,46159,46087,46159,72
hunching,46211,46159,46211,52
rearing,46249,46211,46249,38
grooming,46252,46249,46252,3
walking,46290,46252,46290,38
trotting,46324,46290,46324,34
left_turning,46385,46324,46385,61
walking,46414,46385,46414,29
sniffing,46425,46414,46425,11
running,46442,46425,46442,17
walking,46466,46442,46466,24
stepping,46540,46466,46540,74
climbing,46649,46540,46649,109
rising,46691,46649,46691,42
climbing,46727,46691,46727,36
grooming,46728,46727,46728,1
left_turning,46787,46728,46787,59
sniffing,46797,46787,46797,10
grooming,47002,46797,47002,205
walking,47019,47002,47019,17
sniffing,47062,47019,47062,43
rearing,47070,47062,47070,8
climbing,47140,47070,47140,70
running,47173,47140,47173,33
walking,47204,47173,47204,31
sniffing,47280,47204,47280,76
walking,47288,47280,47288,8
stepping,47319,47288,47319,31
sniffing,47331,47319,47331,12
right_turning,47349,47331,47349,18
walking,47373,47349,47373,24
rising,47407,47373,47407,34
stepping,47445,47407,47445,38
sniffing,47539,47445,47539,94
rising,47571,47539,47571,32
right_turning,47594,47571,47594,23
walking,47596,47594,47596,2
rearing,47764,47596,47764,168
climbing,47806,47764,47806,42
grooming,47807,47806,47807,1
scratching,47808,47807,47808,1
sniffing,47998,47808,47998,190
grooming,48636,47998,48636,638
sniffing,48639,48636,48639,3
left_turning,48653,48639,48653,14
stepping,48667,48653,48667,14
climbing,48809,48667,48809,142
sniffing,48862,48809,48862,53
walking,48884,48862,48884,22
right_turning,48888,48884,48888,4
trotting,48934,48888,48934,46
climbing,48981,48934,48981,47
rising,48996,48981,48996,15
rearing,49065,48996,49065,69
climbing,49102,49065,49102,37
rising,49103,49102,49103,1
sniffing,49134,49103,49134,31
rising,49135,49134,49135,1
stepping,49147,49135,49147,12
walking,49190,49147,49190,43
sniffing,49212,49190,49212,22
left_turning,49247,49212,49247,35
stepping,49315,49247,49315,68
sniffing,49442,49315,49442,127
rising,49501,49442,49501,59
rearing,49544,49501,49544,43
hunching,49692,49544,49692,148
sniffing,49716,49692,49716,24
walking,49750,49716,49750,34
sniffing,49815,49750,49815,65
right_turning,49827,49815,49827,12
stepping,49862,49827,49862,35
sniffing,49900,49862,49900,38
grooming,50121,49900,50121,221
hunching,50122,50121,50122,1
grooming,50123,50122,50123,1
rearing,50151,50123,50151,28
climbing,50152,50151,50152,1
grooming,50153,50152,50153,1
sniffing,50207,50153,50207,54
trotting,50230,50207,50230,23
stepping,50231,50230,50231,1
sniffing,50279,50231,50279,48
grooming,50712,50279,50712,433
rearing,50750,50712,50750,38
hunching,50799,50750,50799,49
rising,50800,50799,50800,1
climbing,50823,50800,50823,23
running,50854,50823,50854,31
walking,50884,50854,50884,30
sniffing,50948,50884,50948,64
left_turning,50978,50948,50978,30
grooming,51358,50978,51358,380
sniffing,51453,51358,51453,95
grooming,51610,51453,51610,157
rearing,51668,51610,51668,58
rising,51755,51668,51755,87
rearing,51761,51755,51761,6
grooming,51762,51761,51762,1
sniffing,51823,51762,51823,61
stepping,51824,51823,51824,1
sniffing,51846,51824,51846,22
left_turning,51871,51846,51871,25
trotting,51895,51871,51895,24
sniffing,51899,51895,51899,4
left_turning,51949,51899,51949,50
stepping,51957,51949,51957,8
grooming,52119,51957,52119,162
rearing,52179,52119,52179,60
hunching,52259,52179,52259,80
grooming,52260,52259,52260,1
scratching,52305,52260,52305,45
grooming,52491,52305,52491,186
hunching,52674,52491,52674,183
grooming,52774,52674,52774,100
sniffing,52809,52774,52809,35
walking,52822,52809,52822,13
sniffing,52885,52822,52885,63
scratching,52949,52885,52949,64
walking,53000,52949,53000,51
sniffing,53061,53000,53061,61
stepping,53097,53061,53097,36
walking,53103,53097,53103,6
stepping,53117,53103,53117,14
sniffing,53152,53117,53152,35
stepping,53173,53152,53173,21
sniffing,53204,53173,53204,31
rising,53214,53204,53214,10
right_turning,53249,53214,53249,35
rearing,53250,53249,53250,1
walking,53266,53250,53266,16
sniffing,53318,53266,53318,52
stepping,53327,53318,53327,9
sniffing,53359,53327,53359,32
grooming,53445,53359,53445,86
right_turning,53461,53445,53461,16
walking,53463,53461,53463,2
sniffing,53476,53463,53476,13
rising,53506,53476,53506,30
walking,53534,53506,53534,28
sniffing,53614,53534,53614,80
walking,53634,53614,53634,20
sniffing,53745,53634,53745,111
walking,53762,53745,53762,17
trotting,53779,53762,53779,17
walking,53796,53779,53796,17
stepping,53798,53796,53798,2
sniffing,53833,53798,53833,35
grooming,53834,53833,53834,1
hunching,53918,53834,53918,84
grooming,53919,53918,53919,1
rearing,53993,53919,53993,74
grooming,54036,53993,54036,43
stepping,54063,54036,54063,27
sniffing,54141,54063,54141,78
stepping,54195,54141,54195,54
rearing,54252,54195,54252,57
climbing,54292,54252,54292,40
grooming,54495,54292,54495,203
walking,54508,54495,54508,13
sniffing,54683,54508,54683,175
stepping,54717,54683,54717,34
walking,54729,54717,54729,12
stepping,54744,54729,54744,15
sniffing,54772,54744,54772,28
walking,54789,54772,54789,17
sniffing,54823,54789,54823,34
stepping,54850,54823,54850,27
sniffing,54851,54850,54851,1
grooming,55056,54851,55056,205
left_turning,55098,55056,55098,42
grooming,55241,55098,55241,143
rearing,55242,55241,55242,1
climbing,55296,55242,55296,54
trotting,55319,55296,55319,23
walking,55351,55319,55351,32
sniffing,55404,55351,55404,53
right_turning,55418,55404,55418,14
sniffing,55492,55418,55492,74
walking,55547,55492,55547,55
sniffing,55613,55547,55613,66
rising,55632,55613,55632,19
left_turning,55643,55632,55643,11
sniffing,55775,55643,55775,132
walking,55796,55775,55796,21
sniffing,55946,55796,55946,150
stepping,55979,55946,55979,33
sniffing,56085,55979,56085,106
trotting,56107,56085,56107,22
stepping,56148,56107,56148,41
sniffing,56151,56148,56151,3
rearing,56152,56151,56152,1
left_turning,56189,56152,56189,37
walking,56192,56189,56192,3
rising,56209,56192,56209,17
grooming,56236,56209,56236,27
rising,56299,56236,56299,63
grooming,56410,56299,56410,111
sniffing,56453,56410,56453,43
grooming,56470,56453,56470,17
rearing,56471,56470,56471,1
walking,56472,56471,56472,1
stepping,56488,56472,56488,16
sniffing,56530,56488,56530,42
pausing,56531,56530,56531,1
grooming,56790,56531,56790,259
hunching,56791,56790,56791,1
sniffing,56834,56791,56834,43
stepping,56877,56834,56877,43
climbing,56953,56877,56953,76
walking,56968,56953,56968,15
stepping,56997,56968,56997,29
sniffing,57025,56997,57025,28
rising,57077,57025,57077,52
climbing,57120,57077,57120,43
stepping,57154,57120,57154,34
walking,57155,57154,57155,1
stepping,57184,57155,57184,29
walking,57264,57184,57264,80
trotting,57279,57264,57279,15
sniffing,57331,57279,57331,52
right_turning,57335,57331,57335,4
walking,57344,57335,57344,9
sniffing,57409,57344,57409,65
left_turning,57454,57409,57454,45
sniffing,57612,57454,57612,158
left_turning,57620,57612,57620,8
walking,57628,57620,57628,8
left_turning,57672,57628,57672,44
sniffing,57673,57672,57673,1
stepping,57711,57673,57711,38
sniffing,57778,57711,57778,67
rising,57779,57778,57779,1
walking,57836,57779,57836,57
stepping,57865,57836,57865,29
sniffing,57900,57865,57900,35
grooming,57920,57900,57920,20
rearing,57976,57920,57976,56
grooming,58045,57976,58045,69
rearing,58046,58045,58046,1
walking,58057,58046,58057,11
stepping,58163,58057,58163,106
walking,58178,58163,58178,15
sniffing,58179,58178,58179,1
grooming,58180,58179,58180,1
rearing,58214,58180,58214,34
grooming,58215,58214,58215,1
rising,58243,58215,58243,28
climbing,58259,58243,58259,16
sniffing,58313,58259,58313,54
rising,58338,58313,58338,25
sniffing,58377,58338,58377,39
stepping,58401,58377,58401,24
sniffing,58444,58401,58444,43
grooming,58598,58444,58598,154
hunching,58610,58598,58610,12
sniffing,58705,58610,58705,95
rising,58706,58705,58706,1
sniffing,58745,58706,58745,39
walking,58750,58745,58750,5
sniffing,58803,58750,58803,53
grooming,58804,58803,58804,1
walking,58877,58804,58877,73
stepping,58922,58877,58922,45
hunching,58966,58922,58966,44
grooming,59185,58966,59185,219
sniffing,59186,59185,59186,1
stepping,59255,59186,59255,69
grooming,59256,59255,59256,1
walking,59290,59256,59290,34
stepping,59301,59290,59301,11
rising,59309,59301,59309,8
stepping,59349,59309,59349,40
sniffing,59398,59349,59398,49
walking,59399,59398,59399,1
rearing,59523,59399,59523,124
grooming,59552,59523,59552,29
walking,59570,59552,59570,18
stepping,59604,59570,59604,34
rising,59669,59604,59669,65
climbing,59711,59669,59711,42
walking,59714,59711,59714,3
sniffing,59740,59714,59740,26
rearing,59770,59740,59770,30
grooming,59890,59770,59890,120
sniffing,59891,59890,59891,1
stepping,59904,59891,59904,13
sniffing,59952,59904,59952,48
rising,60028,59952,60028,76
rearing,60029,60028,60029,1
right_turning,60041,60029,60041,12
sniffing,60042,60041,60042,1
grooming,60043,60042,60043,1
sniffing,60044,60043,60044,1
rearing,60321,60044,60321,277
hunching,60397,60321,60397,76
grooming,60467,60397,60467,70
hunching,60533,60467,60533,66
left_turning,60572,60533,60572,39
climbing,60656,60572,60656,84
rearing,60669,60656,60669,13
walking,60682,60669,60682,13
sniffing,60750,60682,60750,68
rising,60795,60750,60795,45
grooming,60796,60795,60796,1
stepping,60845,60796,60845,49
sniffing,60884,60845,60884,39
grooming,60885,60884,60885,1
stepping,60925,60885,60925,40
walking,60969,60925,60969,44
rising,60983,60969,60983,14
climbing,61012,60983,61012,29
right_turning,61038,61012,61038,26
running,61078,61038,61078,40
walking,61096,61078,61096,18
hunching,61125,61096,61125,29
grooming,61469,61125,61469,344
rearing,61470,61469,61470,1
sniffing,61564,61470,61564,94
rearing,61589,61564,61589,25
climbing,61602,61589,61602,13
sniffing,61603,61602,61603,1
stepping,61622,61603,61622,19
sniffing,61623,61622,61623,1
rising,61649,61623,61649,26
stepping,61701,61649,61701,52
rearing,61702,61701,61702,1
left_turning,61716,61702,61716,14
walking,61745,61716,61745,29
left_turning,61760,61745,61760,15
sniffing,61761,61760,61761,1
stepping,61798,61761,61798,37
sniffing,61815,61798,61815,17
right_turning,61843,61815,61843,28
sniffing,61903,61843,61903,60
climbing,61954,61903,61954,51
rearing,62004,61954,62004,50
running,62042,62004,62042,38
walking,62052,62042,62052,10
stepping,62091,62052,62091,39
grooming,62443,62091,62443,352
rearing,62448,62443,62448,5
climbing,62455,62448,62455,7
grooming,62536,62455,62536,81
sniffing,62577,62536,62577,41
rising,62641,62577,62641,64
grooming,62814,62641,62814,173
walking,62836,62814,62836,22
stepping,62860,62836,62860,24
sniffing,62869,62860,62869,9
stepping,62897,62869,62897,28
right_turning,62906,62897,62906,9
stepping,62935,62906,62935,29
right_turning,62939,62935,62939,4
grooming,63700,62939,63700,761
left_turning,63729,63700,63729,29
walking,63745,63729,63745,16
sniffing,63788,63745,63788,43
rising,63901,63788,63901,113
stepping,63955,63901,63955,54
sniffing,64053,63955,64053,98
grooming,64180,64053,64180,127
walking,64200,64180,64200,20
sniffing,64304,64200,64304,104
grooming,64424,64304,64424,120
stepping,64475,64424,64475,51
sniffing,64502,64475,64502,27
walking,64549,64502,64549,47
sniffing,64607,64549,64607,58
rising,64608,64607,64608,1
walking,64635,64608,64635,27
sniffing,64674,64635,64674,39
rising,64675,64674,64675,1
climbing,64690,64675,64690,15
trotting,64695,64690,64695,5
walking,64696,64695,64696,1
stepping,64735,64696,64735,39
grooming,64736,64735,64736,1
stepping,64745,64736,64745,9
climbing,64788,64745,64788,43
walking,64828,64788,64828,40
sniffing,64850,64828,64850,22
walking,64888,64850,64888,38
trotting,64906,64888,64906,18
sniffing,64948,64906,64948,42
rising,64991,64948,64991,43
sniffing,65007,64991,65007,16
trotting,65034,65007,65034,27
walking,65036,65034,65036,2
sniffing,65037,65036,65037,1
climbing,65122,65037,65122,85
trotting,65128,65122,65128,6
walking,65214,65128,65214,86
sniffing,65254,65214,65254,40
stepping,65262,65254,65262,8
sniffing,65327,65262,65327,65
walking,65352,65327,65352,25
sniffing,65403,65352,65403,51
stepping,65404,65403,65404,1
sniffing,65479,65404,65479,75
grooming,65701,65479,65701,222
rearing,65763,65701,65763,62
walking,65799,65763,65799,36
sniffing,65836,65799,65836,37
scratching,66092,65836,66092,256
sniffing,66157,66092,66157,65
grooming,66308,66157,66308,151
stepping,66323,66308,66323,15
right_turning,66345,66323,66345,22
climbing,66359,66345,66359,14
grooming,66378,66359,66378,19
rearing,66442,66378,66442,64
sniffing,66493,66442,66493,51
rearing,66498,66493,66498,5
grooming,66630,66498,66630,132
left_turning,66681,66630,66681,51
sniffing,66739,66681,66739,58
stepping,66769,66739,66769,30
climbing,66785,66769,66785,16
walking,66792,66785,66792,7
sniffing,66843,66792,66843,51
rising,66927,66843,66927,84
sniffing,66967,66927,66967,40
walking,66994,66967,66994,27
right_turning,67029,66994,67029,35
walking,67071,67029,67071,42
stepping,67099,67071,67099,28
left_turning,67117,67099,67117,18
walking,67139,67117,67139,22
sniffing,67177,67139,67177,38
stepping,67179,67177,67179,2
sniffing,67180,67179,67180,1
walking,67208,67180,67208,28
stepping,67220,67208,67220,12
sniffing,67233,67220,67233,13
pausing,67384,67233,67384,151
sniffing,67620,67384,67620,236
rising,67641,67620,67641,21
rearing,67642,67641,67642,1
grooming,67644,67642,67644,2
rising,67652,67644,67652,8
climbing,67730,67652,67730,78
trotting,67781,67730,67781,51
walking,67842,67781,67842,61
sniffing,67898,67842,67898,56
rising,67926,67898,67926,28
walking,68002,67926,68002,76
sniffing,68017,68002,68017,15
stepping,68060,68017,68060,43
sniffing,68105,68060,68105,45
grooming,68106,68105,68106,1
sniffing,68129,68106,68129,23
left_turning,68131,68129,68131,2
walking,68174,68131,68174,43
trotting,68175,68174,68175,1
rising,68207,68175,68207,32
sniffing,68322,68207,68322,115
walking,68367,68322,68367,45
sniffing,68407,68367,68407,40
rising,68457,68407,68457,50
sniffing,68462,68457,68462,5
rising,68463,68462,68463,1
sniffing,68496,68463,68496,33
grooming,68603,68496,68603,107
sniffing,68654,68603,68654,51
left_turning,68717,68654,68717,63
sniffing,68806,68717,68806,89
stepping,68860,68806,68860,54
grooming,68958,68860,68958,98
walking,68977,68958,68977,19
grooming,69106,68977,69106,129
rising,69107,69106,69107,1
climbing,69164,69107,69164,57
stepping,69188,69164,69188,24
grooming,69286,69188,69286,98
walking,69300,69286,69300,14
stepping,69301,69300,69301,1
sniffing,69302,69301,69302,1
rising,69339,69302,69339,37
grooming,69512,69339,69512,173
rearing,69521,69512,69521,9
sniffing,69539,69521,69539,18
right_turning,69577,69539,69577,38
trotting,69588,69577,69588,11
grooming,69676,69588,69676,88
sniffing,69780,69676,69780,104
walking,69786,69780,69786,6
stepping,69787,69786,69787,1
climbing,69858,69787,69858,71
walking,69885,69858,69885,27
sniffing,69889,69885,69889,4
hunching,69895,69889,69895,6
grooming,70275,69895,70275,380
running,70295,70275,70295,20
walking,70318,70295,70318,23
sniffing,70329,70318,70329,11
grooming,70330,70329,70330,1
rising,70406,70330,70406,76
stepping,70432,70406,70432,26
sniffing,70490,70432,70490,58
left_turning,70543,70490,70543,53
walking,70582,70543,70582,39
rising,70617,70582,70617,35
rearing,70711,70617,70711,94
left_turning,70767,70711,70767,56
stepping,70830,70767,70830,63
grooming,70848,70830,70848,18
rising,70851,70848,70851,3
hunching,70948,70851,70948,97
rearing,71042,70948,71042,94
hunching,71043,71042,71043,1
rearing,71071,71043,71071,28
sniffing,71140,71071,71140,69
walking,71174,71140,71174,34
left_turning,71186,71174,71186,12
rising,71220,71186,71220,34
rearing,71244,71220,71244,24
grooming,71635,71244,71635,391
sniffing,71636,71635,71636,1
grooming,71701,71636,71701,65
left_turning,71702,71701,71702,1
trotting,71719,71702,71719,17
walking,71720,71719,71720,1
sniffing,71730,71720,71730,10
trotting,71744,71730,71744,14
rearing,71745,71744,71745,1
rising,71770,71745,71770,25
rearing,71771,71770,71771,1
climbing,71821,71771,71821,50
left_turning,71837,71821,71837,16
trotting,71877,71837,71877,40
stepping,71910,71877,71910,33
walking,71960,71910,71960,50
sniffing,71961,71960,71961,1
rising,71968,71961,71968,7
rearing,71969,71968,71969,1
stepping,71982,71969,71982,13
right_turning,71996,71982,71996,14
stepping,72026,71996,72026,30
sniffing,72227,72026,72227,201
stepping,72293,72227,72293,66
walking,72300,72293,72300,7
trotting,72333,72300,72333,33
walking,72343,72333,72343,10
stepping,72366,72343,72366,23
walking,72386,72366,72386,20
sniffing,72454,72386,72454,68
grooming,72455,72454,72455,1
climbing,72550,72455,72550,95
sniffing,72603,72550,72603,53
right_turning,72614,72603,72614,11
stepping,72647,72614,72647,33
walking,72672,72647,72672,25
sniffing,72673,72672,72673,1
rearing,72806,72673,72806,133
climbing,72849,72806,72849,43
stepping,72877,72849,72877,28
sniffing,72913,72877,72913,36
rising,72914,72913,72914,1
sniffing,73017,72914,73017,103
stepping,73062,73017,73062,45
right_turning,73079,73062,73079,17
walking,73088,73079,73088,9
rearing,73109,73088,73109,21
grooming,73358,73109,73358,249
sniffing,73411,73358,73411,53
grooming,73412,73411,73412,1
hunching,73493,73412,73493,81
grooming,73978,73493,73978,485
rearing,74062,73978,74062,84
rising,74201,74062,74201,139
rearing,74359,74201,74359,158
grooming,74554,74359,74554,195
left_turning,74591,74554,74591,37
climbing,74611,74591,74611,20
sniffing,74632,74611,74632,21
scratching,74641,74632,74641,9
right_turning,74675,74641,74675,34
sniffing,74741,74675,74741,66
rising,74742,74741,74742,1
rearing,74808,74742,74808,66
hunching,74879,74808,74879,71
rearing,74978,74879,74978,99
grooming,75052,74978,75052,74
running,75068,75052,75068,16
stepping,75124,75068,75124,56
sniffing,75125,75124,75125,1
grooming,75126,75125,75126,1
sniffing,75176,75126,75176,50
stepping,75186,75176,75186,10
sniffing,75238,75186,75238,52
rearing,75272,75238,75272,34
right_turning,75288,75272,75288,16
sniffing,75356,75288,75356,68
left_turning,75402,75356,75402,46
hunching,75403,75402,75403,1
rearing,75488,75403,75488,85
climbing,75514,75488,75514,26
running,75560,75514,75560,46
trotting,75570,75560,75570,10
walking,75575,75570,75575,5
sniffing,75576,75575,75576,1
right_turning,75596,75576,75596,20
rising,75659,75596,75659,63
sniffing,75660,75659,75660,1
stepping,75661,75660,75661,1
rising,75676,75661,75676,15
sniffing,75677,75676,75677,1
left_turning,75678,75677,75678,1
walking,75685,75678,75685,7
sniffing,75686,75685,75686,1
walking,75696,75686,75696,10
stepping,75717,75696,75717,21
rearing,75747,75717,75747,30
walking,75762,75747,75762,15
rising,75783,75762,75783,21
walking,75795,75783,75795,12
sniffing,75805,75795,75805,10
right_turning,75817,75805,75817,12
sniffing,75818,75817,75818,1
trotting,75847,75818,75847,29
sniffing,75886,75847,75886,39
rearing,75887,75886,75887,1
sniffing,75922,75887,75922,35
stepping,75945,75922,75945,23
sniffing,76105,75945,76105,160
grooming,76260,76105,76260,155
sniffing,76331,76260,76331,71
right_turning,76341,76331,76341,10
sniffing,76396,76341,76396,55
walking,76460,76396,76460,64
sniffing,76614,76460,76614,154
grooming,76680,76614,76680,66
hunching,76770,76680,76770,90
rearing,76771,76770,76771,1
sniffing,76811,76771,76811,40
rising,76820,76811,76820,9
sniffing,76857,76820,76857,37
rising,76883,76857,76883,26
rearing,76884,76883,76884,1
climbing,76891,76884,76891,7
left_turning,76892,76891,76892,1
climbing,76913,76892,76913,21
rearing,76914,76913,76914,1
climbing,77046,76914,77046,132
rising,77083,77046,77083,37
grooming,77089,77083,77089,6
sniffing,77133,77089,77133,44
hunching,77194,77133,77194,61
left_turning,77256,77194,77256,62
trotting,77295,77256,77295,39
stepping,77296,77295,77296,1
rearing,77321,77296,77321,25
left_turning,77337,77321,77337,16
grooming,77447,77337,77447,110
rearing,77529,77447,77529,82
rising,77530,77529,77530,1
rearing,77531,77530,77531,1
hunching,77576,77531,77576,45
grooming,77577,77576,77577,1
scratching,77601,77577,77601,24
sniffing,77607,77601,77607,6
scratching,77686,77607,77686,79
left_turning,77698,77686,77698,12
trotting,77742,77698,77742,44
walking,77744,77742,77744,2
sniffing,77745,77744,77745,1
trotting,77778,77745,77778,33
sniffing,77909,77778,77909,131
grooming,78046,77909,78046,137
sniffing,78149,78046,78149,103
right_turning,78178,78149,78178,29
sniffing,78191,78178,78191,13
stepping,78218,78191,78218,27
walking,78258,78218,78258,40
right_turning,78269,78258,78269,11
walking,78310,78269,78310,41
trotting,78335,78310,78335,25
sniffing,78356,78335,78356,21
grooming,78464,78356,78464,108
sniffing,78530,78464,78530,66
walking,78581,78530,78581,51
sniffing,78582,78581,78582,1
rising,78606,78582,78606,24
grooming,78607,78606,78607,1
left_turning,78668,78607,78668,61
walking,78671,78668,78671,3
sniffing,78710,78671,78710,39
walking,78719,78710,78719,9
stepping,78751,78719,78751,32
rising,78775,78751,78775,24
climbing,78776,78775,78776,1
rearing,78793,78776,78793,17
hunching,78838,78793,78838,45
grooming,78978,78838,78978,140
trotting,78998,78978,78998,20
rising,79022,78998,79022,24
rearing,79023,79022,79023,1
grooming,79098,79023,79098,75
hunching,79102,79098,79102,4
grooming,79144,79102,79144,42
hunching,79216,79144,79216,72
grooming,79294,79216,79294,78
sniffing,79295,79294,79295,1
stepping,79308,79295,79308,13
climbing,79338,79308,79338,30
walking,79363,79338,79363,25
sniffing,79369,79363,79369,6
stepping,79394,79369,79394,25
sniffing,79409,79394,79409,15
walking,79418,79409,79418,9
sniffing,79494,79418,79494,76
left_turning,79529,79494,79529,35
walking,79580,79529,79580,51
left_turning,79627,79580,79627,47
grooming,79734,79627,79734,107
running,79770,79734,79770,36
sniffing,79782,79770,79782,12
walking,79812,79782,79812,30
sniffing,79888,79812,79888,76
walking,79914,79888,79914,26
grooming,80116,79914,80116,202
walking,80149,80116,80149,33
sniffing,80215,80149,80215,66
rising,80226,80215,80226,11
sniffing,80253,80226,80253,27
stepping,80283,80253,80283,30
walking,80380,80283,80380,97
climbing,80396,80380,80396,16
rearing,80431,80396,80431,35
sniffing,80476,80431,80476,45
right_turning,80498,80476,80498,22
walking,80518,80498,80518,20
climbing,80533,80518,80533,15
rearing,80553,80533,80553,20
grooming,80554,80553,80554,1
scratching,80655,80554,80655,101
grooming,80761,80655,80761,106
rearing,80930,80761,80930,169
grooming,80931,80930,80931,1
rearing,80961,80931,80961,30
sniffing,81019,80961,81019,58
trotting,81020,81019,81020,1
stepping,81037,81020,81037,17
sniffing,81041,81037,81041,4
walking,81056,81041,81056,15
stepping,81076,81056,81076,20
grooming,81275,81076,81275,199
left_turning,81286,81275,81286,11
running,81293,81286,81293,7
sniffing,81415,81293,81415,122
walking,81416,81415,81416,1
rearing,81521,81416,81521,105
rising,81580,81521,81580,59
rearing,81626,81580,81626,46
grooming,81627,81626,81627,1
rising,81628,81627,81628,1
sniffing,81760,81628,81760,132
stepping,81761,81760,81761,1
sniffing,81789,81761,81789,28
walking,81794,81789,81794,5
rising,81803,81794,81803,9
sniffing,81831,81803,81831,28
stepping,81861,81831,81861,30
sniffing,81862,81861,81862,1
walking,81889,81862,81889,27
climbing,81983,81889,81983,94
rearing,82039,81983,82039,56
hunching,82049,82039,82049,10
rearing,82050,82049,82050,1
grooming,82051,82050,82051,1
sniffing,82109,82051,82109,58
rising,82139,82109,82139,30
climbing,82146,82139,82146,7
stepping,82162,82146,82162,16
walking,82180,82162,82180,18
rearing,82196,82180,82196,16
hunching,82236,82196,82236,40
rearing,82278,82236,82278,42
hunching,82279,82278,82279,1
rearing,82280,82279,82280,1
stepping,82366,82280,82366,86
sniffing,82369,82366,82369,3
climbing,82385,82369,82385,16
right_turning,82411,82385,82411,26
sniffing,82419,82411,82419,8
rising,82432,82419,82432,13
rearing,82638,82432,82638,206
grooming,82782,82638,82782,144
sniffing,82860,82782,82860,78
stepping,82887,82860,82887,27
walking,82915,82887,82915,28
stepping,82936,82915,82936,21
rising,83014,82936,83014,78
rearing,83086,83014,83086,72
grooming,83087,83086,83087,1
rising,83112,83087,83112,25
climbing,83176,83112,83176,64
stepping,83177,83176,83177,1
walking,83178,83177,83178,1
stepping,83188,83178,83188,10
sniffing,83196,83188,83196,8
walking,83205,83196,83205,9
sniffing,83249,83205,83249,44
walking,83261,83249,83261,12
right_turning,83272,83261,83272,11
running,83284,83272,83284,12
right_turning,83308,83284,83308,24
walking,83346,83308,83346,38
sniffing,83448,83346,83448,102
rising,83449,83448,83449,1
rearing,83486,83449,83486,37
walking,83517,83486,83517,31
trotting,83557,83517,83557,40
walking,83574,83557,83574,17
rising,83598,83574,83598,24
rearing,83599,83598,83599,1
stepping,83617,83599,83617,18
sniffing,83659,83617,83659,42
running,83678,83659,83678,19
walking,83679,83678,83679,1
stepping,83708,83679,83708,29
grooming,83749,83708,83749,41
rearing,83750,83749,83750,1
rising,83751,83750,83751,1
rearing,83752,83751,83752,1
walking,83771,83752,83771,19
rising,83889,83771,83889,118
climbing,83948,83889,83948,59
left_turning,83949,83948,83949,1
sniffing,83980,83949,83980,31
grooming,83981,83980,83981,1
left_turning,83991,83981,83991,10
walking,84024,83991,84024,33
stepping,84076,84024,84076,52
climbing,84091,84076,84091,15
sniffing,84115,84091,84115,24
walking,84131,84115,84131,16
sniffing,84170,84131,84170,39
stepping,84171,84170,84171,1
walking,84187,84171,84187,16
sniffing,84249,84187,84249,62
walking,84295,84249,84295,46
stepping,84319,84295,84319,24
walking,84354,84319,84354,35
stepping,84392,84354,84392,38
climbing,84404,84392,84404,12
running,84420,84404,84420,16
trotting,84423,84420,84423,3
stepping,84471,84423,84471,48
grooming,84585,84471,84585,114
rising,84660,84585,84660,75
rearing,84778,84660,84778,118
stepping,84804,84778,84804,26
sniffing,84807,84804,84807,3
rising,84857,84807,84857,50
sniffing,84936,84857,84936,79
rising,84937,84936,84937,1
sniffing,85089,84937,85089,152
stepping,85100,85089,85100,11
walking,85133,85100,85133,33
sniffing,85151,85133,85151,18
rising,85192,85151,85192,41
climbing,85203,85192,85203,11
trotting,85257,85203,85257,54
sniffing,85258,85257,85258,1
scratching,85374,85258,85374,116
sniffing,85405,85374,85405,31
grooming,86138,85405,86138,733
climbing,86189,86138,86189,51
stepping,86220,86189,86220,31
walking,86247,86220,86247,27
sniffing,86255,86247,86255,8
rising,86264,86255,86264,9
climbing,86343,86264,86343,79
rearing,86345,86343,86345,2
walking,86371,86345,86371,26
sniffing,86411,86371,86411,40
walking,86452,86411,86452,41
stepping,86503,86452,86503,51
walking,86558,86503,86558,55
stepping,86559,86558,86559,1
grooming,86933,86559,86933,374
hunching,86934,86933,86934,1
grooming,86952,86934,86952,18
trotting,86974,86952,86974,22
walking,87037,86974,87037,63
sniffing,87038,87037,87038,1
left_turning,87133,87038,87133,95
hunching,87253,87133,87253,120
grooming,87254,87253,87254,1
rearing,87368,87254,87368,114
stepping,87402,87368,87402,34
sniffing,87456,87402,87456,54
rising,87460,87456,87460,4
stepping,87461,87460,87461,1
walking,87503,87461,87503,42
sniffing,87555,87503,87555,52
rising,87556,87555,87556,1
grooming,87557,87556,87557,1
rearing,87608,87557,87608,51
stepping,87686,87608,87686,78
sniffing,87721,87686,87721,35
trotting,87733,87721,87733,12
stepping,87762,87733,87762,29
rearing,87783,87762,87783,21
grooming,87784,87783,87784,1
left_turning,87811,87784,87811,27
sniffing,87861,87811,87861,50
stepping,87884,87861,87884,23
walking,87893,87884,87893,9
climbing,87943,87893,87943,50
rearing,87955,87943,87955,12
grooming,87956,87955,87956,1
walking,88018,87956,88018,62
sniffing,88087,88018,88087,69
walking,88107,88087,88107,20
sniffing,88125,88107,88125,18
walking,88184,88125,88184,59
rising,88222,88184,88222,38
climbing,88237,88222,88237,15
left_turning,88295,88237,88295,58
rising,88317,88295,88317,22
grooming,88318,88317,88318,1
scratching,88480,88318,88480,162
grooming,88675,88480,88675,195
rearing,88751,88675,88751,76
grooming,88985,88751,88985,234
trotting,89029,88985,89029,44
sniffing,89174,89029,89174,145
right_turning,89199,89174,89199,25
walking,89233,89199,89233,34
stepping,89253,89233,89253,20
walking,89256,89253,89256,3
stepping,89295,89256,89295,39
sniffing,89318,89295,89318,23
grooming,89319,89318,89319,1
walking,89363,89319,89363,44
stepping,89386,89363,89386,23
walking,89411,89386,89411,25
stepping,89438,89411,89438,27
walking,89441,89438,89441,3
grooming,89442,89441,89442,1
stepping,89482,89442,89482,40
sniffing,89565,89482,89565,83
stepping,89572,89565,89572,7
sniffing,89612,89572,89612,40
walking,89678,89612,89678,66
sniffing,89723,89678,89723,45
walking,89809,89723,89809,86
stepping,89873,89809,89873,64
sniffing,89879,89873,89879,6
grooming,89880,89879,89880,1
stepping,89904,89880,89904,24
sniffing,89949,89904,89949,45
trotting,89985,89949,89985,36
stepping,89997,89985,89997,12
walking,89999,89997,89999,2
stepping,90003,89999,90003,4
sniffing,90006,90003,90006,3
stepping,90024,90006,90024,18
sniffing,90071,90024,90071,47
rising,90073,90071,90073,2
climbing,90101,90073,90101,28
grooming,90244,90101,90244,143
rearing,90425,90244,90425,181
grooming,90669,90425,90669,244
climbing,90713,90669,90713,44
sniffing,90751,90713,90751,38
left_turning,90797,90751,90797,46
right_turning,90826,90797,90826,29
trotting,90866,90826,90866,40
stepping,90871,90866,90871,5
walking,90889,90871,90889,18
rising,90907,90889,90907,18
climbing,90939,90907,90939,32
grooming,91444,90939,91444,505
scratching,91487,91444,91487,43
sniffing,91488,91487,91488,1
stepping,91509,91488,91509,21
rising,91550,91509,91550,41
stepping,91573,91550,91573,23
rising,91626,91573,91626,53
grooming,91821,91626,91821,195
trotting,91850,91821,91850,29
stepping,91858,91850,91858,8
grooming,91897,91858,91897,39
stepping,91921,91897,91921,24
walking,91970,91921,91970,49
sniffing,91971,91970,91971,1
rising,92010,91971,92010,39
grooming,92290,92010,92290,280
sniffing,92291,92290,92291,1
pausing,92583,92291,92583,292
sniffing,92584,92583,92584,1
stepping,92589,92584,92589,5
sniffing,92607,92589,92607,18
grooming,93210,92607,93210,603
rising,93256,93210,93256,46
climbing,93308,93256,93308,52
grooming,93309,93308,93309,1
stepping,93328,93309,93328,19
walking,93366,93328,93366,38
sniffing,93473,93366,93473,107
running,93498,93473,93498,25
walking,93514,93498,93514,16
rising,93552,93514,93552,38
rearing,93553,93552,93553,1
climbing,93624,93553,93624,71
left_turning,93654,93624,93654,30
running,93668,93654,93668,14
stepping,93702,93668,93702,34
grooming,93866,93702,93866,164
rising,93899,93866,93899,33
walking,93923,93899,93923,24
sniffing,93970,93923,93970,47
left_turning,94038,93970,94038,68
walking,94083,94038,94083,45
sniffing,94084,94083,94084,1
rising,94085,94084,94085,1
grooming,94091,94085,94091,6
rising,94116,94091,94116,25
stepping,94130,94116,94130,14
sniffing,94198,94130,94198,68
left_turning,94199,94198,94199,1
walking,94235,94199,94235,36
sniffing,94276,94235,94276,41
left_turning,94314,94276,94314,38
stepping,94349,94314,94349,35
walking,94375,94349,94375,26
stepping,94408,94375,94408,33
grooming,94494,94408,94494,86
walking,94530,94494,94530,36
stepping,94558,94530,94558,28
sniffing,94565,94558,94565,7
walking,94577,94565,94577,12
trotting,94622,94577,94622,45
sniffing,94681,94622,94681,59
walking,94695,94681,94695,14
rising,94711,94695,94711,16
right_turning,94716,94711,94716,5
walking,94722,94716,94722,6
climbing,94785,94722,94785,63
walking,94827,94785,94827,42
running,94856,94827,94856,29
stepping,94923,94856,94923,67
walking,94944,94923,94944,21
running,94965,94944,94965,21
climbing,95024,94965,95024,59
left_turning,95047,95024,95047,23
walking,95072,95047,95072,25
sniffing,95073,95072,95073,1
stepping,95087,95073,95087,14
walking,95109,95087,95109,22
stepping,95128,95109,95128,19
walking,95137,95128,95137,9
climbing,95226,95137,95226,89
stepping,95280,95226,95280,54
sniffing,95428,95280,95428,148
rising,95466,95428,95466,38
climbing,95483,95466,95483,17
stepping,95495,95483,95495,12
walking,95543,95495,95543,48
running,95576,95543,95576,33
walking,95614,95576,95614,38
rearing,95622,95614,95622,8
grooming,95623,95622,95623,1
hunching,95690,95623,95690,67
rearing,95692,95690,95692,2
rising,95706,95692,95706,14
walking,95728,95706,95728,22
stepping,95763,95728,95763,35
rearing,95805,95763,95805,42
climbing,95846,95805,95846,41
rising,95875,95846,95875,29
climbing,95900,95875,95900,25
grooming,95901,95900,95901,1
sniffing,95976,95901,95976,75
walking,95985,95976,95985,9
climbing,96036,95985,96036,51
grooming,96076,96036,96076,40
stepping,96085,96076,96085,9
rising,96086,96085,96086,1
left_turning,96126,96086,96126,40
grooming,96127,96126,96127,1
climbing,96254,96127,96254,127
walking,96295,96254,96295,41
sniffing,96365,96295,96365,70
walking,96376,96365,96376,11
rising,96418,96376,96418,42
climbing,96462,96418,96462,44
rearing,96463,96462,96463,1
climbing,96596,96463,96596,133
rising,96655,96596,96655,59
climbing,96682,96655,96682,27
left_turning,96742,96682,96742,60
stepping,96766,96742,96766,24
rising,96794,96766,96794,28
climbing,96869,96794,96869,75
grooming,96870,96869,96870,1
right_turning,96908,96870,96908,38
stepping,96956,96908,96956,48
sniffing,97068,96956,97068,112
grooming,97098,97068,97098,30
rearing,97115,97098,97115,17
grooming,97116,97115,97116,1
rising,97141,97116,97141,25
sniffing,97216,97141,97216,75
right_turning,97227,97216,97227,11
walking,97236,97227,97236,9
sniffing,97237,97236,97237,1
stepping,97265,97237,97265,28
walking,97318,97265,97318,53
rearing,97319,97318,97319,1
grooming,97486,97319,97486,167
rearing,97591,97486,97591,105
right_turning,97632,97591,97632,41
stepping,97657,97632,97657,25
sniffing,97707,97657,97707,50
scratching,97708,97707,97708,1
grooming,97853,97708,97853,145
walking,97908,97853,97908,55
sniffing,98028,97908,98028,120
walking,98074,98028,98074,46
stepping,98078,98074,98078,4
grooming,98238,98078,98238,160
climbing,98274,98238,98274,36
grooming,98396,98274,98396,122
stepping,98419,98396,98419,23
walking,98420,98419,98420,1
sniffing,98517,98420,98517,97
grooming,98697,98517,98697,180
hunching,98733,98697,98733,36
grooming,98734,98733,98734,1
climbing,98782,98734,98782,48
grooming,98820,98782,98820,38
trotting,98859,98820,98859,39
sniffing,98860,98859,98860,1
stepping,98922,98860,98922,62
rising,98942,98922,98942,20
climbing,98966,98942,98966,24
grooming,98967,98966,98967,1
stepping,98981,98967,98981,14
rearing,99012,98981,99012,31
hunching,99020,99012,99020,8
rearing,99086,99020,99086,66
grooming,99295,99086,99295,209
stepping,99335,99295,99335,40
walking,99386,99335,99386,51
sniffing,99482,99386,99482,96
rearing,99483,99482,99483,1
running,99514,99483,99514,31
stepping,99523,99514,99523,9
sniffing,99587,99523,99587,64
walking,99603,99587,99603,16
rising,99646,99603,99646,43
sniffing,99727,99646,99727,81
left_turning,99770,99727,99770,43
rising,99811,99770,99811,41
sniffing,99992,99811,99992,181
walking,100027,99992,100027,35
sniffing,100028,100027,100028,1
rising,100029,100028,100029,1
climbing,100086,100029,100086,57
left_turning,100109,100086,100109,23
walking,100155,100109,100155,46
left_turning,100190,100155,100190,35
sniffing,100199,100190,100199,9
walking,100209,100199,100209,10
rearing,100266,100209,100266,57
grooming,100337,100266,100337,71
sniffing,100456,100337,100456,119
stepping,100486,100456,100486,30
walking,100519,100486,100519,33
sniffing,100682,100519,100682,163
scratching,100733,100682,100733,51
sniffing,100763,100733,100763,30
stepping,100764,100763,100764,1
sniffing,100844,100764,100844,80
stepping,100859,100844,100859,15
sniffing,100923,100859,100923,64
stepping,100973,100923,100973,50
sniffing,101026,100973,101026,53
walking,101084,101026,101084,58
rising,101119,101084,101119,35
stepping,101141,101119,101141,22
rearing,101184,101141,101184,43
sniffing,101185,101184,101185,1
stepping,101257,101185,101257,72
sniffing,101258,101257,101258,1
walking,101259,101258,101259,1
right_turning,101273,101259,101273,14
stepping,101282,101273,101282,9
walking,101358,101282,101358,76
rearing,101384,101358,101384,26
left_turning,101442,101384,101442,58
rising,101443,101442,101443,1
left_turning,101486,101443,101486,43
walking,101487,101486,101487,1
rising,101496,101487,101496,9
grooming,101697,101496,101697,201
rearing,101698,101697,101698,1
rising,101699,101698,101699,1
rearing,101815,101699,101815,116
grooming,101867,101815,101867,52
scratching,101972,101867,101972,105
grooming,102261,101972,102261,289
sniffing,102388,102261,102388,127
stepping,102423,102388,102423,35
rising,102432,102423,102432,9
grooming,102436,102432,102436,4
sniffing,102463,102436,102463,27
rising,102518,102463,102518,55
grooming,102519,102518,102519,1
rearing,102520,102519,102520,1
grooming,102605,102520,102605,85
rearing,102917,102605,102917,312
hunching,102918,102917,102918,1
grooming,103106,102918,103106,188
climbing,103145,103106,103145,39
sniffing,103192,103145,103192,47
walking,103212,103192,103212,20
stepping,103255,103212,103255,43
sniffing,103315,103255,103315,60
rising,103404,103315,103404,89
rearing,103495,103404,103495,91
hunching,103604,103495,103604,109
rearing,103680,103604,103680,76
stepping,103716,103680,103716,36
rising,103768,103716,103768,52
walking,103797,103768,103797,29
sniffing,103931,103797,103931,134
rising,103961,103931,103961,30
sniffing,104054,103961,104054,93
climbing,104111,104054,104111,57
grooming,104204,104111,104204,93
rising,104275,104204,104275,71
walking,104303,104275,104303,28
sniffing,104325,104303,104325,22
stepping,104344,104325,104344,19
grooming,104654,104344,104654,310
stepping,104676,104654,104676,22
sniffing,104677,104676,104677,1
stepping,104694,104677,104694,17
walking,104709,104694,104709,15
sniffing,104725,104709,104725,16
left_turning,104726,104725,104726,1
walking,104752,104726,104752,26
stepping,104787,104752,104787,35
rising,104867,104787,104867,80
rearing,104877,104867,104877,10
hunching,104982,104877,104982,105
rearing,105116,104982,105116,134
sniffing,105123,105116,105123,7
grooming,105292,105123,105292,169
left_turning,105300,105292,105300,8
grooming,105433,105300,105433,133
climbing,105496,105433,105496,63
rising,105510,105496,105510,14
sniffing,105569,105510,105569,59
rising,105570,105569,105570,1
sniffing,105647,105570,105647,77
rearing,105648,105647,105648,1
grooming,106145,105648,106145,497
rearing,106178,106145,106178,33
hunching,106213,106178,106213,35
rising,106235,106213,106235,22
sniffing,106336,106235,106336,101
rising,106350,106336,106350,14
rearing,106379,106350,106379,29
grooming,106499,106379,106499,120
hunching,106594,106499,106594,95
grooming,106595,106594,106595,1
rearing,106602,106595,106602,7
grooming,106603,106602,106603,1
rearing,106664,106603,106664,61
climbing,106716,106664,106716,52
walking,106746,106716,106746,30
stepping,106752,106746,106752,6
sniffing,106804,106752,106804,52
stepping,106817,106804,106817,13
walking,106822,106817,106822,5
sniffing,106860,106822,106860,38
left_turning,106878,106860,106878,18
hunching,106923,106878,106923,45
grooming,106985,106923,106985,62
left_turning,107209,106985,107209,224
sniffing,107210,107209,107210,1
walking,107222,107210,107222,12
sniffing,107223,107222,107223,1
rising,107231,107223,107231,8
sniffing,107232,107231,107232,1
walking,107241,107232,107241,9
sniffing,107246,107241,107246,5
stepping,107289,107246,107289,43
rising,107329,107289,107329,40
sniffing,107394,107329,107394,65
rising,107429,107394,107429,35
sniffing,107494,107429,107494,65
stepping,107501,107494,107501,7
sniffing,107543,107501,107543,42
stepping,107592,107543,107592,49
right_turning,107645,107592,107645,53
stepping,107658,107645,107658,13
sniffing,107751,107658,107751,93
stepping,107781,107751,107781,30
walking,107801,107781,107801,20
rearing,107819,107801,107819,18
grooming,107820,107819,107820,1
rearing,107917,107820,107917,97
sniffing,108000,107917,108000,83
