revised_movement_label,segBoundary,segBoundary_start,segBoundary_end,length
stepping,6,0,6,6
sniffing,45,6,45,39
rising,92,45,92,47
rearing,360,92,360,268
walking,404,360,404,44
sniffing,429,404,429,25
trotting,492,429,492,63
sniffing,493,492,493,1
rising,561,493,561,68
grooming,605,561,605,44
right_turning,623,605,623,18
running,624,623,624,1
walking,637,624,637,13
stepping,652,637,652,15
sniffing,653,652,653,1
rising,690,653,690,37
rearing,700,690,700,10
grooming,738,700,738,38
walking,789,738,789,51
sniffing,841,789,841,52
walking,856,841,856,15
sniffing,912,856,912,56
stepping,913,912,913,1
walking,926,913,926,13
rising,927,926,927,1
rearing,1032,927,1032,105
grooming,1044,1032,1044,12
climbing,1069,1044,1069,25
grooming,1458,1069,1458,389
sniffing,1467,1458,1467,9
rising,1589,1467,1589,122
stepping,1610,1589,1610,21
walking,1666,1610,1666,56
left_turning,1723,1666,1723,57
walking,1724,1723,1724,1
stepping,1732,1724,1732,8
walking,1752,1732,1752,20
trotting,1771,1752,1771,19
running,1800,1771,1800,29
trotting,1825,1800,1825,25
walking,1840,1825,1840,15
rearing,1841,1840,1841,1
stepping,1858,1841,1858,17
walking,1878,1858,1878,20
sniffing,1934,1878,1934,56
climbing,2003,1934,2003,69
rearing,2056,2003,2056,53
sniffing,2095,2056,2095,39
left_turning,2099,2095,2099,4
walking,2130,2099,2130,31
sniffing,2144,2130,2144,14
rearing,2145,2144,2145,1
rising,2146,2145,2146,1
walking,2204,2146,2204,58
trotting,2237,2204,2237,33
walking,2263,2237,2263,26
sniffing,2270,2263,2270,7
rising,2309,2270,2309,39
sniffing,2345,2309,2345,36
hunching,2444,2345,2444,99
rearing,2459,2444,2459,15
rising,2684,2459,2684,225
sniffing,2685,2684,2685,1
rising,2717,2685,2717,32
sniffing,2761,2717,2761,44
walking,2791,2761,2791,30
stepping,2848,2791,2848,57
walking,2882,2848,2882,34
sniffing,2920,2882,2920,38
grooming,2989,2920,2989,69
sniffing,2990,2989,2990,1
walking,2996,2990,2996,6
sniffing,2997,2996,2997,1
walking,2998,2997,2998,1
sniffing,3020,2998,3020,22
right_turning,3041,3020,3041,21
walking,3042,3041,3042,1
left_turning,3065,3042,3065,23
running,3091,3065,3091,26
trotting,3108,3091,3108,17
walking,3197,3108,3197,89
running,3215,3197,3215,18
left_turning,3235,3215,3235,20
sniffing,3236,3235,3236,1
rising,3302,3236,3302,66
sniffing,3350,3302,3350,48
stepping,3386,3350,3386,36
rising,3414,3386,3414,28
stepping,3415,3414,3415,1
sniffing,3468,3415,3468,53
left_turning,3485,3468,3485,17
stepping,3529,3485,3529,44
rising,3581,3529,3581,52
sniffing,3689,3581,3689,108
walking,3709,3689,3709,20
sniffing,3713,3709,3713,4
walking,3733,3713,3733,20
rising,3734,3733,3734,1
rearing,3783,3734,3783,49
grooming,3784,3783,3784,1
rising,3840,3784,3840,56
walking,3868,3840,3868,28
sniffing,3886,3868,3886,18
rising,3897,3886,3897,11
right_turning,3928,3897,3928,31
walking,3936,3928,3936,8
running,3965,3936,3965,29
trotting,3983,3965,3983,18
rising,3999,3983,3999,16
stepping,4010,3999,4010,11
sniffing,4015,4010,4015,5
stepping,4059,4015,4059,44
rising,4106,4059,4106,47
right_turning,4133,4106,4133,27
stepping,4136,4133,4136,3
walking,4173,4136,4173,37
left_turning,4189,4173,4189,16
trotting,4232,4189,4232,43
walking,4256,4232,4256,24
stepping,4288,4256,4288,32
left_turning,4292,4288,4292,4
sniffing,4293,4292,4293,1
rising,4294,4293,4294,1
sniffing,4373,4294,4373,79
grooming,4384,4373,4384,11
left_turning,4393,4384,4393,9
sniffing,4419,4393,4419,26
walking,4420,4419,4420,1
grooming,4523,4420,4523,103
sniffing,4552,4523,4552,29
left_turning,4578,4552,4578,26
hunching,4619,4578,4619,41
grooming,4620,4619,4620,1
sniffing,4728,4620,4728,108
rising,4757,4728,4757,29
sniffing,4777,4757,4777,20
right_turning,4784,4777,4784,7
stepping,4810,4784,4810,26
climbing,4839,4810,4839,29
stepping,4840,4839,4840,1
sniffing,4841,4840,4841,1
walking,4881,4841,4881,40
sniffing,4950,4881,4950,69
rising,4973,4950,4973,23
sniffing,5000,4973,5000,27
grooming,5142,5000,5142,142
stepping,5175,5142,5175,33
sniffing,5240,5175,5240,65
walking,5290,5240,5290,50
stepping,5296,5290,5296,6
sniffing,5320,5296,5320,24
rising,5366,5320,5366,46
grooming,5367,5366,5367,1
sniffing,5430,5367,5430,63
stepping,5479,5430,5479,49
sniffing,5505,5479,5505,26
rising,5544,5505,5544,39
climbing,5603,5544,5603,59
left_turning,5632,5603,5632,29
sniffing,5661,5632,5661,29
stepping,5687,5661,5687,26
rising,5735,5687,5735,48
rearing,5849,5735,5849,114
grooming,5850,5849,5850,1
running,5881,5850,5881,31
walking,5934,5881,5934,53
rising,5966,5934,5966,32
sniffing,5975,5966,5975,9
rearing,5976,5975,5976,1
grooming,6724,5976,6724,748
stepping,6725,6724,6725,1
rising,6749,6725,6749,24
climbing,6776,6749,6776,27
grooming,6909,6776,6909,133
sniffing,6949,6909,6949,40
left_turning,6979,6949,6979,30
sniffing,6996,6979,6996,17
stepping,7010,6996,7010,14
walking,7084,7010,7084,74
rearing,7144,7084,7144,60
rising,7145,7144,7145,1
sniffing,7146,7145,7146,1
hunching,7170,7146,7170,24
grooming,7297,7170,7297,127
rising,7339,7297,7339,42
sniffing,7378,7339,7378,39
rearing,7449,7378,7449,71
sniffing,7512,7449,7512,63
right_turning,7533,7512,7533,21
sniffing,7613,7533,7613,80
rising,7628,7613,7628,15
sniffing,7679,7628,7679,51
rising,7680,7679,7680,1
rearing,7942,7680,7942,262
grooming,8180,7942,8180,238
stepping,8190,8180,8190,10
sniffing,8221,8190,8221,31
walking,8250,8221,8250,29
trotting,8257,8250,8257,7
walking,8350,8257,8350,93
sniffing,8368,8350,8368,18
stepping,8427,8368,8427,59
sniffing,8433,8427,8433,6
walking,8462,8433,8462,29
sniffing,8489,8462,8489,27
stepping,8495,8489,8495,6
sniffing,8535,8495,8535,40
grooming,8536,8535,8536,1
rising,8546,8536,8546,10
sniffing,8559,8546,8559,13
left_turning,8579,8559,8579,20
sniffing,8602,8579,8602,23
grooming,8635,8602,8635,33
left_turning,8655,8635,8655,20
walking,8666,8655,8666,11
sniffing,8684,8666,8684,18
grooming,8774,8684,8774,90
sniffing,8892,8774,8892,118
rising,8896,8892,8896,4
left_turning,8919,8896,8919,23
rising,8963,8919,8963,44
climbing,9021,8963,9021,58
sniffing,9071,9021,9071,50
right_turning,9076,9071,9076,5
trotting,9107,9076,9107,31
sniffing,9126,9107,9126,19
grooming,9199,9126,9199,73
scratching,9244,9199,9244,45
sniffing,9332,9244,9332,88
walking,9375,9332,9375,43
stepping,9391,9375,9391,16
sniffing,9392,9391,9392,1
stepping,9439,9392,9439,47
grooming,9557,9439,9557,118
hunching,9558,9557,9558,1
rearing,9580,9558,9580,22
hunching,9827,9580,9827,247
sniffing,9830,9827,9830,3
rearing,9851,9830,9851,21
grooming,9974,9851,9974,123
walking,10075,9974,10075,101
stepping,10099,10075,10099,24
rising,10100,10099,10100,1
grooming,10439,10100,10439,339
climbing,10495,10439,10495,56
rising,10521,10495,10521,26
grooming,10750,10521,10750,229
rising,10806,10750,10806,56
grooming,11008,10806,11008,202
stepping,11066,11008,11066,58
sniffing,11067,11066,11067,1
left_turning,11130,11067,11130,63
grooming,11179,11130,11179,49
hunching,11258,11179,11258,79
rearing,11283,11258,11283,25
grooming,11440,11283,11440,157
stepping,11441,11440,11441,1
rearing,11623,11441,11623,182
hunching,11641,11623,11641,18
grooming,11642,11641,11642,1
walking,11658,11642,11658,16
sniffing,11713,11658,11713,55
rising,11714,11713,11714,1
rearing,11715,11714,11715,1
rising,11724,11715,11724,9
rearing,11785,11724,11785,61
sniffing,11792,11785,11792,7
grooming,11915,11792,11915,123
walking,11970,11915,11970,55
sniffing,11984,11970,11984,14
climbing,12044,11984,12044,60
rearing,12195,12044,12195,151
climbing,12326,12195,12326,131
grooming,12682,12326,12682,356
sniffing,12707,12682,12707,25
trotting,12738,12707,12738,31
running,12754,12738,12754,16
sniffing,12796,12754,12796,42
stepping,12831,12796,12831,35
sniffing,12837,12831,12837,6
grooming,12939,12837,12939,102
sniffing,12975,12939,12975,36
walking,13018,12975,13018,43
sniffing,13116,13018,13116,98
rising,13117,13116,13117,1
running,13155,13117,13155,38
left_turning,13177,13155,13177,22
walking,13212,13177,13212,35
sniffing,13240,13212,13240,28
hunching,13305,13240,13305,65
grooming,14186,13305,14186,881
sniffing,14380,14186,14380,194
rearing,14381,14380,14381,1
left_turning,14389,14381,14389,8
walking,14433,14389,14433,44
stepping,14434,14433,14434,1
walking,14463,14434,14463,29
stepping,14517,14463,14517,54
trotting,14556,14517,14556,39
sniffing,14557,14556,14557,1
left_turning,14587,14557,14587,30
grooming,14588,14587,14588,1
hunching,14699,14588,14699,111
grooming,14751,14699,14751,52
rising,14775,14751,14775,24
rearing,14852,14775,14852,77
grooming,14853,14852,14853,1
sniffing,14913,14853,14913,60
walking,14926,14913,14926,13
stepping,14943,14926,14943,17
rising,14944,14943,14944,1
rearing,14985,14944,14985,41
climbing,14996,14985,14996,11
left_turning,15021,14996,15021,25
walking,15043,15021,15043,22
running,15057,15043,15057,14
stepping,15071,15057,15071,14
walking,15153,15071,15153,82
stepping,15192,15153,15192,39
grooming,15200,15192,15200,8
climbing,15227,15200,15227,27
rearing,15256,15227,15256,29
hunching,15456,15256,15456,200
climbing,15487,15456,15487,31
grooming,15533,15487,15533,46
left_turning,15582,15533,15582,49
stepping,15612,15582,15612,30
walking,15613,15612,15613,1
sniffing,15621,15613,15621,8
rising,15623,15621,15623,2
rearing,15705,15623,15705,82
rising,15777,15705,15777,72
walking,15782,15777,15782,5
rising,15783,15782,15783,1
trotting,15805,15783,15805,22
stepping,15891,15805,15891,86
walking,15906,15891,15906,15
trotting,15919,15906,15919,13
sniffing,15997,15919,15997,78
rearing,16074,15997,16074,77
climbing,16087,16074,16087,13
left_turning,16132,16087,16132,45
walking,16200,16132,16200,68
sniffing,16253,16200,16253,53
rising,16306,16253,16306,53
climbing,16341,16306,16341,35
grooming,16342,16341,16342,1
trotting,16391,16342,16391,49
grooming,16450,16391,16450,59
sniffing,16499,16450,16499,49
rising,16500,16499,16500,1
walking,16554,16500,16554,54
stepping,16582,16554,16582,28
walking,16593,16582,16593,11
sniffing,16637,16593,16637,44
trotting,16644,16637,16644,7
sniffing,16660,16644,16660,16
walking,16693,16660,16693,33
trotting,16716,16693,16716,23
stepping,16776,16716,16776,60
rising,16777,16776,16777,1
grooming,16778,16777,16778,1
left_turning,16847,16778,16847,69
rising,16884,16847,16884,37
walking,16891,16884,16891,7
sniffing,17006,16891,17006,115
rearing,17007,17006,17007,1
rising,17008,17007,17008,1
walking,17009,17008,17009,1
sniffing,17026,17009,17026,17
grooming,17027,17026,17027,1
left_turning,17034,17027,17034,7
rearing,17061,17034,17061,27
climbing,17114,17061,17114,53
grooming,17115,17114,17115,1
left_turning,17180,17115,17180,65
trotting,17196,17180,17196,16
walking,17223,17196,17223,27
sniffing,17277,17223,17277,54
running,17314,17277,17314,37
walking,17320,17314,17320,6
sniffing,17374,17320,17374,54
grooming,17375,17374,17375,1
stepping,17400,17375,17400,25
trotting,17430,17400,17430,30
rearing,17571,17430,17571,141
hunching,17631,17571,17631,60
grooming,17632,17631,17632,1
walking,17636,17632,17636,4
rising,17668,17636,17668,32
sniffing,17702,17668,17702,34
grooming,18088,17702,18088,386
hunching,18093,18088,18093,5
rearing,18140,18093,18140,47
sniffing,18141,18140,18141,1
rearing,18285,18141,18285,144
climbing,18313,18285,18313,28
grooming,18319,18313,18319,6
right_turning,18320,18319,18320,1
climbing,18422,18320,18422,102
right_turning,18433,18422,18433,11
trotting,18445,18433,18445,12
sniffing,18469,18445,18469,24
stepping,18551,18469,18551,82
walking,18571,18551,18571,20
sniffing,18636,18571,18636,65
grooming,18637,18636,18637,1
climbing,18659,18637,18659,22
rising,18660,18659,18660,1
stepping,18726,18660,18726,66
left_turning,18748,18726,18748,22
trotting,18772,18748,18772,24
sniffing,18836,18772,18836,64
running,18848,18836,18848,12
trotting,18901,18848,18901,53
walking,18912,18901,18912,11
sniffing,18995,18912,18995,83
grooming,19112,18995,19112,117
trotting,19136,19112,19136,24
right_turning,19139,19136,19139,3
sniffing,19202,19139,19202,63
right_turning,19211,19202,19211,9
grooming,19212,19211,19212,1
left_turning,19236,19212,19236,24
grooming,19410,19236,19410,174
sniffing,19440,19410,19440,30
grooming,19503,19440,19503,63
hunching,19504,19503,19504,1
rearing,19540,19504,19540,36
grooming,19541,19540,19541,1
sniffing,19559,19541,19559,18
grooming,19601,19559,19601,42
rearing,19666,19601,19666,65
rising,19735,19666,19735,69
stepping,19780,19735,19780,45
rearing,20130,19780,20130,350
hunching,20131,20130,20131,1
grooming,20223,20131,20223,92
walking,20224,20223,20224,1
sniffing,20241,20224,20241,17
rising,20288,20241,20288,47
rearing,20387,20288,20387,99
grooming,20432,20387,20432,45
stepping,20436,20432,20436,4
walking,20499,20436,20499,63
rising,20534,20499,20534,35
walking,20581,20534,20581,47
stepping,20617,20581,20617,36
sniffing,20665,20617,20665,48
walking,20685,20665,20685,20
stepping,20699,20685,20699,14
grooming,20713,20699,20713,14
hunching,20892,20713,20892,179
grooming,20942,20892,20942,50
left_turning,20978,20942,20978,36
walking,20996,20978,20996,18
stepping,21067,20996,21067,71
sniffing,21164,21067,21164,97
stepping,21211,21164,21211,47
sniffing,21233,21211,21233,22
walking,21249,21233,21249,16
sniffing,21288,21249,21288,39
walking,21324,21288,21324,36
rising,21441,21324,21441,117
climbing,21522,21441,21522,81
walking,21537,21522,21537,15
sniffing,21574,21537,21574,37
grooming,21581,21574,21581,7
sniffing,21601,21581,21601,20
right_turning,21621,21601,21621,20
running,21651,21621,21651,30
stepping,21690,21651,21690,39
grooming,21743,21690,21743,53
sniffing,21797,21743,21797,54
left_turning,21829,21797,21829,32
sniffing,21888,21829,21888,59
walking,21898,21888,21898,10
hunching,21950,21898,21950,52
rearing,21951,21950,21951,1
stepping,21958,21951,21958,7
rearing,21959,21958,21959,1
grooming,22098,21959,22098,139
climbing,22178,22098,22178,80
rising,22330,22178,22330,152
rearing,22357,22330,22357,27
grooming,22430,22357,22430,73
stepping,22462,22430,22462,32
walking,22492,22462,22492,30
sniffing,22564,22492,22564,72
running,22576,22564,22576,12
climbing,22630,22576,22630,54
walking,22668,22630,22668,38
stepping,22676,22668,22676,8
walking,22722,22676,22722,46
sniffing,22746,22722,22746,24
left_turning,22780,22746,22780,34
hunching,22876,22780,22876,96
right_turning,22878,22876,22878,2
sniffing,23007,22878,23007,129
stepping,23022,23007,23022,15
sniffing,23062,23022,23062,40
rising,23077,23062,23077,15
sniffing,23125,23077,23125,48
left_turning,23159,23125,23159,34
walking,23173,23159,23173,14
sniffing,23174,23173,23174,1
grooming,23187,23174,23187,13
sniffing,23188,23187,23188,1
grooming,23394,23188,23394,206
walking,23396,23394,23396,2
stepping,23403,23396,23403,7
grooming,23623,23403,23623,220
right_turning,23661,23623,23661,38
walking,23663,23661,23663,2
sniffing,23681,23663,23681,18
grooming,23736,23681,23736,55
sniffing,23743,23736,23743,7
stepping,23751,23743,23751,8
rising,23763,23751,23763,12
stepping,23783,23763,23783,20
grooming,24094,23783,24094,311
sniffing,24139,24094,24139,45
rearing,24142,24139,24142,3
hunching,24209,24142,24209,67
rising,24264,24209,24264,55
walking,24293,24264,24293,29
stepping,24318,24293,24318,25
sniffing,24350,24318,24350,32
hunching,24371,24350,24371,21
grooming,24372,24371,24372,1
left_turning,24431,24372,24431,59
sniffing,24469,24431,24469,38
grooming,24528,24469,24528,59
stepping,24571,24528,24571,43
sniffing,24656,24571,24656,85
stepping,24685,24656,24685,29
sniffing,24748,24685,24748,63
walking,24779,24748,24779,31
rising,24817,24779,24817,38
sniffing,24856,24817,24856,39
rearing,24917,24856,24917,61
hunching,24952,24917,24952,35
left_turning,24977,24952,24977,25
grooming,25024,24977,25024,47
sniffing,25025,25024,25025,1
trotting,25033,25025,25033,8
walking,25052,25033,25052,19
sniffing,25068,25052,25068,16
left_turning,25093,25068,25093,25
walking,25099,25093,25099,6
stepping,25127,25099,25127,28
grooming,26116,25127,26116,989
left_turning,26135,26116,26135,19
sniffing,26197,26135,26197,62
rearing,26198,26197,26198,1
sniffing,26320,26198,26320,122
left_turning,26349,26320,26349,29
walking,26367,26349,26367,18
sniffing,26397,26367,26397,30
stepping,26426,26397,26426,29
sniffing,26471,26426,26471,45
walking,26525,26471,26525,54
rising,26578,26525,26578,53
stepping,26597,26578,26597,19
rising,26622,26597,26622,25
grooming,26623,26622,26623,1
rearing,26688,26623,26688,65
hunching,26694,26688,26694,6
left_turning,26722,26694,26722,28
stepping,26723,26722,26723,1
sniffing,26741,26723,26741,18
walking,26772,26741,26772,31
sniffing,26835,26772,26835,63
grooming,26836,26835,26836,1
stepping,26844,26836,26844,8
sniffing,26881,26844,26881,37
left_turning,26912,26881,26912,31
grooming,26913,26912,26913,1
rearing,27038,26913,27038,125
grooming,27039,27038,27039,1
rearing,27102,27039,27102,63
grooming,27103,27102,27103,1
rearing,27164,27103,27164,61
trotting,27181,27164,27181,17
stepping,27182,27181,27182,1
sniffing,27225,27182,27225,43
grooming,27261,27225,27261,36
rising,27262,27261,27262,1
left_turning,27321,27262,27321,59
stepping,27375,27321,27375,54
rising,27403,27375,27403,28
rearing,27490,27403,27490,87
grooming,27591,27490,27591,101
rearing,27729,27591,27729,138
grooming,27777,27729,27777,48
walking,27778,27777,27778,1
left_turning,27787,27778,27787,9
walking,27810,27787,27810,23
running,27835,27810,27835,25
walking,27887,27835,27887,52
sniffing,27942,27887,27942,55
left_turning,27976,27942,27976,34
stepping,28016,27976,28016,40
sniffing,28141,28016,28141,125
left_turning,28179,28141,28179,38
stepping,28226,28179,28226,47
running,28246,28226,28246,20
right_turning,28293,28246,28293,47
stepping,28307,28293,28307,14
rising,28312,28307,28312,5
stepping,28317,28312,28317,5
sniffing,28378,28317,28378,61
grooming,28399,28378,28399,21
walking,28435,28399,28435,36
left_turning,28436,28435,28436,1
climbing,28492,28436,28492,56
left_turning,28503,28492,28503,11
sniffing,28595,28503,28595,92
rising,28657,28595,28657,62
grooming,29000,28657,29000,343
hunching,29094,29000,29094,94
rearing,29158,29094,29158,64
grooming,29159,29158,29159,1
rearing,29271,29159,29271,112
trotting,29296,29271,29296,25
walking,29298,29296,29298,2
sniffing,29299,29298,29299,1
stepping,29380,29299,29380,81
walking,29410,29380,29410,30
grooming,29462,29410,29462,52
hunching,29526,29462,29526,64
grooming,29527,29526,29527,1
walking,29551,29527,29551,24
rising,29602,29551,29602,51
left_turning,29605,29602,29605,3
grooming,29693,29605,29693,88
rearing,29831,29693,29831,138
walking,29842,29831,29842,11
trotting,29867,29842,29867,25
walking,29883,29867,29883,16
trotting,29926,29883,29926,43
walking,29941,29926,29941,15
rising,30009,29941,30009,68
sniffing,30010,30009,30010,1
walking,30057,30010,30057,47
trotting,30088,30057,30088,31
sniffing,30089,30088,30089,1
walking,30129,30089,30129,40
sniffing,30238,30129,30238,109
stepping,30249,30238,30249,11
rearing,30250,30249,30250,1
climbing,30326,30250,30326,76
right_turning,30340,30326,30340,14
sniffing,30473,30340,30473,133
stepping,30494,30473,30494,21
rising,30517,30494,30517,23
trotting,30550,30517,30550,33
sniffing,30566,30550,30566,16
grooming,30731,30566,30731,165
stepping,30792,30731,30792,61
walking,30842,30792,30842,50
trotting,30851,30842,30851,9
sniffing,30921,30851,30921,70
rearing,31039,30921,31039,118
grooming,31040,31039,31040,1
hunching,31041,31040,31041,1
grooming,31042,31041,31042,1
rising,31083,31042,31083,41
climbing,31171,31083,31171,88
rising,31201,31171,31201,30
stepping,31230,31201,31230,29
rising,31231,31230,31231,1
climbing,31234,31231,31234,3
rising,31235,31234,31235,1
sniffing,31239,31235,31239,4
rearing,31240,31239,31240,1
stepping,31273,31240,31273,33
climbing,31300,31273,31300,27
stepping,31340,31300,31340,40
climbing,31377,31340,31377,37
grooming,31467,31377,31467,90
rearing,31468,31467,31468,1
hunching,31555,31468,31555,87
grooming,31556,31555,31556,1
rearing,31557,31556,31557,1
rising,31558,31557,31558,1
rearing,31684,31558,31684,126
left_turning,31749,31684,31749,65
running,31759,31749,31759,10
sniffing,31827,31759,31827,68
grooming,31828,31827,31828,1
hunching,31855,31828,31855,27
grooming,32092,31855,32092,237
sniffing,32093,32092,32093,1
stepping,32116,32093,32116,23
sniffing,32148,32116,32148,32
trotting,32179,32148,32179,31
walking,32240,32179,32240,61
stepping,32266,32240,32266,26
walking,32283,32266,32283,17
rising,32454,32283,32454,171
left_turning,32492,32454,32492,38
walking,32495,32492,32495,3
sniffing,32594,32495,32594,99
left_turning,32654,32594,32654,60
rising,32690,32654,32690,36
rearing,32704,32690,32704,14
running,32721,32704,32721,17
right_turning,32755,32721,32755,34
walking,32796,32755,32796,41
sniffing,32825,32796,32825,29
grooming,32826,32825,32826,1
walking,32830,32826,32830,4
trotting,32836,32830,32836,6
walking,32876,32836,32876,40
sniffing,32878,32876,32878,2
running,32879,32878,32879,1
walking,32926,32879,32926,47
stepping,32927,32926,32927,1
sniffing,32969,32927,32969,42
stepping,32970,32969,32970,1
grooming,33197,32970,33197,227
hunching,33276,33197,33276,79
grooming,33488,33276,33488,212
stepping,33514,33488,33514,26
rising,33527,33514,33527,13
climbing,33542,33527,33542,15
sniffing,33595,33542,33595,53
trotting,33614,33595,33614,19
sniffing,33773,33614,33773,159
walking,33774,33773,33774,1
rising,33822,33774,33822,48
walking,33868,33822,33868,46
sniffing,33915,33868,33915,47
walking,33943,33915,33943,28
grooming,34047,33943,34047,104
hunching,34063,34047,34063,16
rearing,34314,34063,34314,251
grooming,34424,34314,34424,110
left_turning,34452,34424,34452,28
walking,34456,34452,34456,4
trotting,34476,34456,34476,20
walking,34497,34476,34497,21
stepping,34533,34497,34533,36
sniffing,34574,34533,34574,41
walking,34638,34574,34638,64
rising,34696,34638,34696,58
rearing,34840,34696,34840,144
grooming,35047,34840,35047,207
left_turning,35091,35047,35091,44
scratching,35332,35091,35332,241
grooming,35388,35332,35388,56
rising,35445,35388,35445,57
climbing,35458,35445,35458,13
left_turning,35505,35458,35505,47
walking,35517,35505,35517,12
stepping,35556,35517,35556,39
rising,35711,35556,35711,155
rearing,35712,35711,35712,1
grooming,35900,35712,35900,188
trotting,35901,35900,35901,1
rising,35902,35901,35902,1
sniffing,35903,35902,35903,1
grooming,35904,35903,35904,1
rearing,35905,35904,35905,1
sniffing,35988,35905,35988,83
climbing,35989,35988,35989,1
hunching,35990,35989,35990,1
walking,36034,35990,36034,44
sniffing,36169,36034,36169,135
grooming,36177,36169,36177,8
sniffing,36271,36177,36271,94
climbing,36314,36271,36314,43
trotting,36371,36314,36371,57
walking,36397,36371,36397,26
sniffing,36398,36397,36398,1
walking,36457,36398,36457,59
sniffing,36509,36457,36509,52
grooming,36510,36509,36510,1
rearing,36757,36510,36757,247
jumping,36792,36757,36792,35
climbing,36821,36792,36821,29
left_turning,36839,36821,36839,18
rising,36929,36839,36929,90
hunching,36932,36929,36932,3
grooming,36953,36932,36953,21
right_turning,37004,36953,37004,51
running,37032,37004,37032,28
sniffing,37079,37032,37079,47
climbing,37139,37079,37139,60
walking,37165,37139,37165,26
grooming,37875,37165,37875,710
walking,37914,37875,37914,39
climbing,37937,37914,37937,23
left_turning,37953,37937,37953,16
sniffing,37954,37953,37954,1
stepping,37956,37954,37956,2
walking,37988,37956,37988,32
sniffing,38034,37988,38034,46
grooming,38201,38034,38201,167
trotting,38251,38201,38251,50
sniffing,38360,38251,38360,109
rising,38376,38360,38376,16
climbing,38428,38376,38428,52
walking,38431,38428,38431,3
trotting,38449,38431,38449,18
stepping,38477,38449,38477,28
sniffing,38506,38477,38506,29
walking,38516,38506,38516,10
stepping,38525,38516,38525,9
rising,38565,38525,38565,40
stepping,38593,38565,38593,28
sniffing,38598,38593,38598,5
stepping,38635,38598,38635,37
sniffing,38710,38635,38710,75
walking,38716,38710,38716,6
sniffing,38888,38716,38888,172
stepping,38889,38888,38889,1
rising,38908,38889,38908,19
sniffing,38975,38908,38975,67
rising,39078,38975,39078,103
climbing,39150,39078,39150,72
walking,39208,39150,39208,58
sniffing,39226,39208,39226,18
stepping,39227,39226,39227,1
rising,39248,39227,39248,21
grooming,39349,39248,39349,101
right_turning,39358,39349,39358,9
stepping,39381,39358,39381,23
walking,39382,39381,39382,1
left_turning,39383,39382,39383,1
trotting,39413,39383,39413,30
rising,39414,39413,39414,1
stepping,39448,39414,39448,34
grooming,39493,39448,39493,45
rearing,39688,39493,39688,195
sniffing,39783,39688,39783,95
walking,39817,39783,39817,34
stepping,39853,39817,39853,36
sniffing,39854,39853,39854,1
climbing,39857,39854,39857,3
stepping,39873,39857,39873,16
grooming,39874,39873,39874,1
rising,39919,39874,39919,45
climbing,39994,39919,39994,75
rearing,40139,39994,40139,145
left_turning,40153,40139,40153,14
stepping,40154,40153,40154,1
left_turning,40155,40154,40155,1
sniffing,40190,40155,40190,35
right_turning,40191,40190,40191,1
sniffing,40235,40191,40235,44
rising,40262,40235,40262,27
sniffing,40284,40262,40284,22
grooming,40492,40284,40492,208
sniffing,40523,40492,40523,31
walking,40525,40523,40525,2
stepping,40526,40525,40526,1
walking,40545,40526,40545,19
sniffing,40566,40545,40566,21
rearing,40583,40566,40583,17
rising,40607,40583,40607,24
climbing,40632,40607,40632,25
grooming,40853,40632,40853,221
hunching,40916,40853,40916,63
grooming,41540,40916,41540,624
sniffing,41552,41540,41552,12
grooming,41684,41552,41684,132
sniffing,41728,41684,41728,44
trotting,41787,41728,41787,59
sniffing,41797,41787,41797,10
climbing,41822,41797,41822,25
walking,41823,41822,41823,1
sniffing,41830,41823,41830,7
rising,41875,41830,41875,45
grooming,41876,41875,41876,1
walking,41966,41876,41966,90
stepping,42001,41966,42001,35
trotting,42007,42001,42007,6
walking,42036,42007,42036,29
sniffing,42047,42036,42047,11
climbing,42062,42047,42062,15
sniffing,42110,42062,42110,48
grooming,42111,42110,42111,1
hunching,42234,42111,42234,123
rearing,42309,42234,42309,75
sniffing,42349,42309,42349,40
rearing,42473,42349,42473,124
sniffing,42532,42473,42532,59
left_turning,42571,42532,42571,39
sniffing,42642,42571,42642,71
stepping,42659,42642,42659,17
walking,42663,42659,42663,4
sniffing,42695,42663,42695,32
trotting,42724,42695,42724,29
stepping,42761,42724,42761,37
rising,42794,42761,42794,33
climbing,42807,42794,42807,13
grooming,42850,42807,42850,43
rearing,42893,42850,42893,43
grooming,43055,42893,43055,162
rearing,43124,43055,43124,69
grooming,43291,43124,43291,167
stepping,43314,43291,43314,23
sniffing,43315,43314,43315,1
grooming,43316,43315,43316,1
walking,43327,43316,43327,11
sniffing,43385,43327,43385,58
grooming,43386,43385,43386,1
stepping,43406,43386,43406,20
trotting,43459,43406,43459,53
sniffing,43612,43459,43612,153
rising,43647,43612,43647,35
climbing,43665,43647,43665,18
stepping,43666,43665,43666,1
walking,43689,43666,43689,23
rearing,43690,43689,43690,1
hunching,43735,43690,43735,45
grooming,44219,43735,44219,484
hunching,44242,44219,44242,23
grooming,44243,44242,44243,1
sniffing,44247,44243,44247,4
walking,44275,44247,44275,28
sniffing,44348,44275,44348,73
stepping,44365,44348,44365,17
walking,44371,44365,44371,6
sniffing,44517,44371,44517,146
scratching,44616,44517,44616,99
sniffing,44657,44616,44657,41
left_turning,44696,44657,44696,39
running,44730,44696,44730,34
trotting,44742,44730,44742,12
stepping,44776,44742,44776,34
sniffing,44787,44776,44787,11
stepping,44818,44787,44818,31
right_turning,44833,44818,44833,15
sniffing,44834,44833,44834,1
climbing,44850,44834,44850,16
trotting,44888,44850,44888,38
walking,44889,44888,44889,1
stepping,44924,44889,44924,35
rearing,44925,44924,44925,1
grooming,45153,44925,45153,228
rearing,45158,45153,45158,5
sniffing,45237,45158,45237,79
left_turning,45238,45237,45238,1
sniffing,45265,45238,45265,27
walking,45294,45265,45294,29
grooming,45404,45294,45404,110
sniffing,45480,45404,45480,76
rearing,45545,45480,45545,65
grooming,45687,45545,45687,142
trotting,45736,45687,45736,49
sniffing,45791,45736,45791,55
walking,45825,45791,45825,34
sniffing,45868,45825,45868,43
walking,45924,45868,45924,56
stepping,45987,45924,45987,63
sniffing,46014,45987,46014,27
grooming,46301,46014,46301,287
hunching,46461,46301,46461,160
rearing,46774,46461,46774,313
grooming,46801,46774,46801,27
rising,46848,46801,46848,47
sniffing,46867,46848,46867,19
walking,46898,46867,46898,31
sniffing,46941,46898,46941,43
walking,46970,46941,46970,29
sniffing,47044,46970,47044,74
climbing,47175,47044,47175,131
rising,47176,47175,47176,1
sniffing,47272,47176,47272,96
rising,47368,47272,47368,96
grooming,47423,47368,47423,55
rearing,47433,47423,47433,10
grooming,47465,47433,47465,32
walking,47481,47465,47481,16
sniffing,47514,47481,47514,33
stepping,47520,47514,47520,6
sniffing,47530,47520,47530,10
walking,47561,47530,47561,31
sniffing,47567,47561,47567,6
grooming,47568,47567,47568,1
rising,47569,47568,47569,1
sniffing,47613,47569,47613,44
left_turning,47614,47613,47614,1
walking,47646,47614,47646,32
grooming,47783,47646,47783,137
walking,47784,47783,47784,1
right_turning,47797,47784,47797,13
sniffing,47863,47797,47863,66
climbing,47904,47863,47904,41
sniffing,48022,47904,48022,118
trotting,48025,48022,48025,3
walking,48087,48025,48087,62
sniffing,48193,48087,48193,106
rising,48228,48193,48228,35
rearing,48458,48228,48458,230
climbing,48525,48458,48525,67
walking,48565,48525,48565,40
stepping,48629,48565,48629,64
sniffing,48701,48629,48701,72
rearing,48702,48701,48702,1
stepping,48706,48702,48706,4
sniffing,48754,48706,48754,48
stepping,48800,48754,48800,46
rising,48843,48800,48843,43
stepping,48858,48843,48858,15
right_turning,48865,48858,48865,7
walking,48890,48865,48890,25
sniffing,48933,48890,48933,43
rising,48953,48933,48953,20
climbing,48959,48953,48959,6
walking,48962,48959,48962,3
sniffing,49026,48962,49026,64
grooming,49040,49026,49040,14
hunching,49123,49040,49123,83
walking,49148,49123,49148,25
sniffing,49182,49148,49182,34
left_turning,49215,49182,49215,33
stepping,49243,49215,49243,28
sniffing,49244,49243,49244,1
rising,49301,49244,49301,57
running,49319,49301,49319,18
walking,49321,49319,49321,2
stepping,49356,49321,49356,35
walking,49379,49356,49379,23
stepping,49426,49379,49426,47
grooming,49574,49426,49574,148
stepping,49584,49574,49584,10
sniffing,49635,49584,49635,51
rearing,49639,49635,49639,4
climbing,49674,49639,49674,35
walking,49694,49674,49694,20
right_turning,49708,49694,49708,14
running,49732,49708,49732,24
trotting,49747,49732,49747,15
stepping,49785,49747,49785,38
walking,49876,49785,49876,91
sniffing,49942,49876,49942,66
walking,49953,49942,49953,11
sniffing,49997,49953,49997,44
right_turning,50028,49997,50028,31
scratching,50217,50028,50217,189
sniffing,50313,50217,50313,96
walking,50345,50313,50345,32
sniffing,50423,50345,50423,78
walking,50439,50423,50439,16
stepping,50448,50439,50448,9
sniffing,50504,50448,50504,56
rising,50538,50504,50538,34
walking,50582,50538,50582,44
stepping,50608,50582,50608,26
sniffing,50640,50608,50640,32
stepping,50720,50640,50720,80
sniffing,50754,50720,50754,34
grooming,50755,50754,50755,1
walking,50780,50755,50780,25
sniffing,50882,50780,50882,102
left_turning,50906,50882,50906,24
grooming,50966,50906,50966,60
sniffing,50974,50966,50974,8
walking,50997,50974,50997,23
sniffing,51030,50997,51030,33
rearing,51085,51030,51085,55
stepping,51198,51085,51198,113
walking,51229,51198,51229,31
sniffing,51301,51229,51301,72
right_turning,51313,51301,51313,12
walking,51353,51313,51353,40
sniffing,51391,51353,51391,38
walking,51438,51391,51438,47
sniffing,51475,51438,51475,37
right_turning,51490,51475,51490,15
rearing,51522,51490,51522,32
hunching,51707,51522,51707,185
rearing,51783,51707,51783,76
rising,51784,51783,51784,1
climbing,51877,51784,51877,93
stepping,51934,51877,51934,57
sniffing,52083,51934,52083,149
rising,52084,52083,52084,1
grooming,52298,52084,52298,214
sniffing,52335,52298,52335,37
grooming,52336,52335,52336,1
rearing,52442,52336,52442,106
left_turning,52470,52442,52470,28
sniffing,52540,52470,52540,70
walking,52574,52540,52574,34
running,52609,52574,52609,35
sniffing,52669,52609,52669,60
trotting,52682,52669,52682,13
stepping,52715,52682,52715,33
rearing,52748,52715,52748,33
grooming,53365,52748,53365,617
right_turning,53379,53365,53379,14
sniffing,53510,53379,53510,131
left_turning,53555,53510,53555,45
walking,53635,53555,53635,80
stepping,53698,53635,53698,63
walking,53715,53698,53715,17
running,53760,53715,53760,45
sniffing,53804,53760,53804,44
stepping,53842,53804,53842,38
grooming,53956,53842,53956,114
left_turning,53961,53956,53961,5
sniffing,53983,53961,53983,22
grooming,54047,53983,54047,64
rising,54091,54047,54091,44
sniffing,54101,54091,54101,10
grooming,54257,54101,54257,156
climbing,54258,54257,54258,1
walking,54301,54258,54301,43
sniffing,54351,54301,54351,50
grooming,54412,54351,54412,61
rising,54457,54412,54457,45
grooming,54587,54457,54587,130
scratching,54588,54587,54588,1
sniffing,54641,54588,54641,53
left_turning,54667,54641,54667,26
trotting,54691,54667,54691,24
grooming,54994,54691,54994,303
trotting,55010,54994,55010,16
stepping,55024,55010,55024,14
sniffing,55077,55024,55077,53
trotting,55101,55077,55101,24
sniffing,55102,55101,55102,1
walking,55124,55102,55124,22
stepping,55137,55124,55137,13
sniffing,55157,55137,55157,20
walking,55172,55157,55172,15
sniffing,55189,55172,55189,17
walking,55199,55189,55199,10
sniffing,55218,55199,55218,19
walking,55244,55218,55244,26
stepping,55304,55244,55304,60
rising,55331,55304,55331,27
sniffing,55371,55331,55371,40
walking,55375,55371,55375,4
trotting,55416,55375,55416,41
walking,55448,55416,55448,32
trotting,55449,55448,55449,1
walking,55477,55449,55477,28
stepping,55487,55477,55487,10
rising,55510,55487,55510,23
hunching,55511,55510,55511,1
rearing,55535,55511,55535,24
climbing,55572,55535,55572,37
left_turning,55592,55572,55592,20
walking,55652,55592,55652,60
stepping,55663,55652,55663,11
rearing,55709,55663,55709,46
rising,55710,55709,55710,1
sniffing,55716,55710,55716,6
rising,55717,55716,55717,1
sniffing,55785,55717,55785,68
walking,55792,55785,55792,7
sniffing,55828,55792,55828,36
grooming,55829,55828,55829,1
sniffing,55859,55829,55859,30
grooming,55942,55859,55942,83
rising,55963,55942,55963,21
rearing,55992,55963,55992,29
climbing,56014,55992,56014,22
rearing,56075,56014,56075,61
grooming,56103,56075,56103,28
rearing,56136,56103,56136,33
hunching,56184,56136,56184,48
grooming,56370,56184,56370,186
rearing,56477,56370,56477,107
hunching,56506,56477,56506,29
grooming,56507,56506,56507,1
left_turning,56536,56507,56536,29
stepping,56552,56536,56552,16
rising,56565,56552,56565,13
stepping,56594,56565,56594,29
left_turning,56595,56594,56595,1
walking,56642,56595,56642,47
right_turning,56655,56642,56655,13
walking,56667,56655,56667,12
grooming,56932,56667,56932,265
rearing,56956,56932,56956,24
left_turning,56973,56956,56973,17
trotting,57007,56973,57007,34
running,57033,57007,57033,26
walking,57046,57033,57046,13
stepping,57068,57046,57068,22
grooming,57131,57068,57131,63
sniffing,57208,57131,57208,77
stepping,57258,57208,57258,50
sniffing,57323,57258,57323,65
grooming,57324,57323,57324,1
stepping,57345,57324,57345,21
walking,57351,57345,57351,6
left_turning,57354,57351,57354,3
trotting,57398,57354,57398,44
walking,57400,57398,57400,2
trotting,57436,57400,57436,36
stepping,57474,57436,57474,38
sniffing,57477,57474,57477,3
walking,57504,57477,57504,27
running,57541,57504,57541,37
stepping,57572,57541,57572,31
walking,57618,57572,57618,46
left_turning,57688,57618,57688,70
walking,57747,57688,57747,59
sniffing,57795,57747,57795,48
left_turning,57809,57795,57809,14
sniffing,57849,57809,57849,40
stepping,57872,57849,57872,23
sniffing,57884,57872,57884,12
grooming,58148,57884,58148,264
walking,58201,58148,58201,53
right_turning,58227,58201,58227,26
sniffing,58240,58227,58240,13
walking,58272,58240,58272,32
sniffing,58288,58272,58288,16
right_turning,58310,58288,58310,22
walking,58328,58310,58328,18
jumping,58365,58328,58365,37
trotting,58397,58365,58397,32
walking,58437,58397,58437,40
stepping,58454,58437,58454,17
walking,58471,58454,58471,17
right_turning,58503,58471,58503,32
grooming,58757,58503,58757,254
walking,58799,58757,58799,42
sniffing,58821,58799,58821,22
stepping,58895,58821,58895,74
sniffing,58942,58895,58942,47
stepping,58954,58942,58954,12
walking,58957,58954,58957,3
sniffing,58958,58957,58958,1
walking,58963,58958,58963,5
stepping,58981,58963,58981,18
trotting,58995,58981,58995,14
rising,59054,58995,59054,59
rearing,59138,59054,59138,84
left_turning,59147,59138,59147,9
walking,59176,59147,59176,29
sniffing,59317,59176,59317,141
stepping,59345,59317,59345,28
rearing,59384,59345,59384,39
grooming,59771,59384,59771,387
left_turning,59798,59771,59798,27
trotting,59819,59798,59819,21
walking,59831,59819,59831,12
stepping,59841,59831,59841,10
rising,59881,59841,59881,40
climbing,59938,59881,59938,57
grooming,60214,59938,60214,276
left_turning,60215,60214,60215,1
trotting,60245,60215,60245,30
rising,60265,60245,60265,20
climbing,60289,60265,60289,24
left_turning,60293,60289,60293,4
running,60309,60293,60309,16
rising,60328,60309,60328,19
grooming,60468,60328,60468,140
walking,60515,60468,60515,47
stepping,60542,60515,60542,27
sniffing,60574,60542,60574,32
climbing,60596,60574,60596,22
left_turning,60613,60596,60613,17
sniffing,60668,60613,60668,55
running,60697,60668,60697,29
grooming,60886,60697,60886,189
sniffing,60931,60886,60931,45
rising,60944,60931,60944,13
climbing,61059,60944,61059,115
left_turning,61069,61059,61069,10
stepping,61080,61069,61080,11
rising,61081,61080,61081,1
climbing,61096,61081,61096,15
rising,61124,61096,61124,28
grooming,61125,61124,61125,1
stepping,61161,61125,61161,36
walking,61182,61161,61182,21
left_turning,61220,61182,61220,38
sniffing,61287,61220,61287,67
stepping,61311,61287,61311,24
grooming,61312,61311,61312,1
climbing,61328,61312,61328,16
running,61365,61328,61365,37
trotting,61370,61365,61370,5
sniffing,61379,61370,61379,9
walking,61390,61379,61390,11
grooming,61427,61390,61427,37
rearing,61428,61427,61428,1
grooming,61603,61428,61603,175
scratching,61621,61603,61621,18
sniffing,61638,61621,61638,17
rearing,61639,61638,61639,1
grooming,61640,61639,61640,1
walking,61677,61640,61677,37
sniffing,61683,61677,61683,6
grooming,61811,61683,61811,128
sniffing,61884,61811,61884,73
climbing,61946,61884,61946,62
grooming,62019,61946,62019,73
rearing,62020,62019,62020,1
grooming,62077,62020,62077,57
rearing,62130,62077,62130,53
left_turning,62157,62130,62157,27
walking,62158,62157,62158,1
stepping,62171,62158,62171,13
walking,62198,62171,62198,27
sniffing,62284,62198,62284,86
walking,62338,62284,62338,54
stepping,62342,62338,62342,4
right_turning,62383,62342,62383,41
stepping,62434,62383,62434,51
sniffing,62478,62434,62478,44
left_turning,62512,62478,62512,34
trotting,62549,62512,62549,37
sniffing,62594,62549,62594,45
right_turning,62600,62594,62600,6
sniffing,62613,62600,62613,13
walking,62634,62613,62634,21
grooming,62635,62634,62635,1
walking,62665,62635,62665,30
stepping,62666,62665,62666,1
sniffing,62676,62666,62676,10
trotting,62725,62676,62725,49
rising,62761,62725,62761,36
hunching,62788,62761,62788,27
grooming,62789,62788,62789,1
hunching,62848,62789,62848,59
rearing,62929,62848,62929,81
grooming,63131,62929,63131,202
rising,63198,63131,63198,67
climbing,63223,63198,63223,25
walking,63241,63223,63241,18
stepping,63258,63241,63258,17
sniffing,63289,63258,63289,31
walking,63313,63289,63313,24
rising,63328,63313,63328,15
grooming,63470,63328,63470,142
right_turning,63512,63470,63512,42
sniffing,63566,63512,63566,54
grooming,63567,63566,63567,1
left_turning,63611,63567,63611,44
sniffing,63657,63611,63657,46
stepping,63677,63657,63677,20
sniffing,63678,63677,63678,1
grooming,63931,63678,63931,253
sniffing,63958,63931,63958,27
stepping,63959,63958,63959,1
sniffing,63960,63959,63960,1
walking,64019,63960,64019,59
sniffing,64096,64019,64096,77
walking,64104,64096,64104,8
stepping,64133,64104,64133,29
left_turning,64209,64133,64209,76
rearing,64234,64209,64234,25
grooming,64282,64234,64282,48
hunching,64348,64282,64348,66
grooming,64377,64348,64377,29
rearing,64500,64377,64500,123
hunching,64505,64500,64505,5
sniffing,64544,64505,64544,39
grooming,64595,64544,64595,51
sniffing,64798,64595,64798,203
walking,64838,64798,64838,40
stepping,64845,64838,64845,7
sniffing,65075,64845,65075,230
stepping,65122,65075,65122,47
rising,65148,65122,65148,26
sniffing,65185,65148,65185,37
rising,65206,65185,65206,21
sniffing,65207,65206,65207,1
walking,65227,65207,65227,20
sniffing,65367,65227,65367,140
stepping,65398,65367,65398,31
walking,65451,65398,65451,53
climbing,65470,65451,65470,19
trotting,65488,65470,65488,18
walking,65500,65488,65500,12
sniffing,65512,65500,65512,12
rising,65576,65512,65576,64
grooming,65577,65576,65577,1
hunching,65728,65577,65728,151
rearing,65844,65728,65844,116
rising,65845,65844,65845,1
climbing,65846,65845,65846,1
stepping,65901,65846,65901,55
grooming,66022,65901,66022,121
sniffing,66112,66022,66112,90
left_turning,66113,66112,66113,1
sniffing,66168,66113,66168,55
rising,66169,66168,66169,1
grooming,66232,66169,66232,63
climbing,66296,66232,66296,64
rising,66321,66296,66321,25
climbing,66340,66321,66340,19
trotting,66372,66340,66372,32
sniffing,66373,66372,66373,1
grooming,66448,66373,66448,75
climbing,66451,66448,66451,3
left_turning,66488,66451,66488,37
sniffing,66489,66488,66489,1
left_turning,66516,66489,66516,27
grooming,66517,66516,66517,1
sniffing,66518,66517,66518,1
stepping,66551,66518,66551,33
walking,66584,66551,66584,33
left_turning,66613,66584,66613,29
rising,66677,66613,66677,64
rearing,66685,66677,66685,8
grooming,67057,66685,67057,372
sniffing,67144,67057,67144,87
walking,67158,67144,67158,14
sniffing,67191,67158,67191,33
left_turning,67238,67191,67238,47
scratching,67361,67238,67361,123
sniffing,67362,67361,67362,1
grooming,67363,67362,67363,1
stepping,67370,67363,67370,7
sniffing,67396,67370,67396,26
right_turning,67400,67396,67400,4
walking,67401,67400,67401,1
sniffing,67402,67401,67402,1
climbing,67435,67402,67435,33
stepping,67465,67435,67465,30
grooming,67642,67465,67642,177
rearing,67804,67642,67804,162
walking,67826,67804,67826,22
sniffing,67891,67826,67891,65
right_turning,67901,67891,67901,10
walking,67936,67901,67936,35
trotting,67943,67936,67943,7
rising,68002,67943,68002,59
climbing,68038,68002,68038,36
grooming,68039,68038,68039,1
sniffing,68040,68039,68040,1
rising,68067,68040,68067,27
rearing,68070,68067,68070,3
stepping,68095,68070,68095,25
trotting,68117,68095,68117,22
walking,68155,68117,68155,38
rising,68179,68155,68179,24
climbing,68187,68179,68187,8
rising,68227,68187,68227,40
grooming,68228,68227,68228,1
rearing,68304,68228,68304,76
grooming,68551,68304,68551,247
rearing,68952,68551,68952,401
climbing,69015,68952,69015,63
sniffing,69024,69015,69024,9
stepping,69044,69024,69044,20
sniffing,69096,69044,69096,52
rising,69103,69096,69103,7
climbing,69142,69103,69142,39
left_turning,69216,69142,69216,74
walking,69256,69216,69256,40
sniffing,69320,69256,69320,64
right_turning,69326,69320,69326,6
walking,69351,69326,69351,25
stepping,69394,69351,69394,43
grooming,69538,69394,69538,144
rising,69550,69538,69550,12
stepping,69574,69550,69574,24
sniffing,69610,69574,69610,36
rising,69611,69610,69611,1
sniffing,69652,69611,69652,41
walking,69680,69652,69680,28
right_turning,69694,69680,69694,14
sniffing,69695,69694,69695,1
rising,69696,69695,69696,1
climbing,69727,69696,69727,31
grooming,69766,69727,69766,39
rising,69804,69766,69804,38
sniffing,69805,69804,69805,1
left_turning,69806,69805,69806,1
stepping,69846,69806,69846,40
walking,69861,69846,69861,15
stepping,69875,69861,69875,14
rearing,69981,69875,69981,106
left_turning,70019,69981,70019,38
stepping,70031,70019,70031,12
grooming,70170,70031,70170,139
sniffing,70171,70170,70171,1
walking,70202,70171,70202,31
sniffing,70241,70202,70241,39
grooming,70242,70241,70242,1
sniffing,70307,70242,70307,65
walking,70321,70307,70321,14
stepping,70346,70321,70346,25
rising,70371,70346,70371,25
climbing,70387,70371,70387,16
grooming,70388,70387,70388,1
rising,70400,70388,70400,12
sniffing,70468,70400,70468,68
stepping,70504,70468,70504,36
sniffing,70527,70504,70527,23
left_turning,70547,70527,70547,20
walking,70574,70547,70574,27
sniffing,70641,70574,70641,67
walking,70678,70641,70678,37
stepping,70708,70678,70708,30
walking,70746,70708,70746,38
rising,70785,70746,70785,39
climbing,70812,70785,70812,27
left_turning,70939,70812,70939,127
running,70984,70939,70984,45
stepping,71044,70984,71044,60
rising,71174,71044,71174,130
sniffing,71190,71174,71190,16
walking,71201,71190,71201,11
sniffing,71202,71201,71202,1
walking,71203,71202,71203,1
rearing,71248,71203,71248,45
left_turning,71272,71248,71272,24
sniffing,71339,71272,71339,67
rising,71433,71339,71433,94
climbing,71502,71433,71502,69
grooming,71759,71502,71759,257
rearing,71787,71759,71787,28
sniffing,71811,71787,71811,24
stepping,71842,71811,71842,31
sniffing,71875,71842,71875,33
rising,71912,71875,71912,37
walking,71948,71912,71948,36
sniffing,72005,71948,72005,57
walking,72031,72005,72031,26
sniffing,72130,72031,72130,99
rising,72150,72130,72150,20
rearing,72206,72150,72206,56
grooming,72207,72206,72207,1
rearing,72280,72207,72280,73
climbing,72315,72280,72315,35
rearing,72371,72315,72371,56
climbing,72414,72371,72414,43
rearing,72777,72414,72777,363
sniffing,72841,72777,72841,64
trotting,72874,72841,72874,33
stepping,72875,72874,72875,1
sniffing,72890,72875,72890,15
stepping,72936,72890,72936,46
walking,72957,72936,72957,21
sniffing,72992,72957,72992,35
left_turning,73017,72992,73017,25
grooming,73092,73017,73092,75
hunching,73137,73092,73137,45
rearing,73266,73137,73266,129
left_turning,73314,73266,73314,48
stepping,73325,73314,73325,11
walking,73340,73325,73340,15
rising,73357,73340,73357,17
left_turning,73368,73357,73368,11
walking,73435,73368,73435,67
stepping,73468,73435,73468,33
sniffing,73469,73468,73469,1
rearing,73547,73469,73547,78
climbing,73579,73547,73579,32
sniffing,73580,73579,73580,1
left_turning,73614,73580,73614,34
running,73626,73614,73626,12
stepping,73630,73626,73630,4
sniffing,73641,73630,73641,11
climbing,73722,73641,73722,81
grooming,73740,73722,73740,18
climbing,73764,73740,73764,24
walking,73779,73764,73779,15
sniffing,73811,73779,73811,32
grooming,73910,73811,73910,99
scratching,73965,73910,73965,55
left_turning,74003,73965,74003,38
sniffing,74038,74003,74038,35
stepping,74039,74038,74039,1
sniffing,74097,74039,74097,58
left_turning,74119,74097,74119,22
stepping,74140,74119,74140,21
sniffing,74163,74140,74163,23
stepping,74231,74163,74231,68
climbing,74297,74231,74297,66
grooming,74298,74297,74298,1
climbing,74339,74298,74339,41
grooming,74340,74339,74340,1
left_turning,74355,74340,74355,15
trotting,74361,74355,74361,6
stepping,74364,74361,74364,3
trotting,74387,74364,74387,23
stepping,74413,74387,74413,26
walking,74414,74413,74414,1
stepping,74433,74414,74433,19
walking,74462,74433,74462,29
sniffing,74506,74462,74506,44
stepping,74532,74506,74532,26
sniffing,74545,74532,74545,13
rising,74571,74545,74571,26
left_turning,74598,74571,74598,27
rising,74626,74598,74626,28
grooming,75014,74626,75014,388
rising,75034,75014,75034,20
rearing,75053,75034,75053,19
grooming,75164,75053,75164,111
hunching,75225,75164,75225,61
rearing,75226,75225,75226,1
rising,75258,75226,75258,32
climbing,75283,75258,75283,25
left_turning,75325,75283,75325,42
rising,75351,75325,75351,26
grooming,75629,75351,75629,278
climbing,75649,75629,75649,20
left_turning,75691,75649,75691,42
stepping,75697,75691,75697,6
sniffing,75714,75697,75714,17
rearing,75788,75714,75788,74
grooming,75789,75788,75789,1
sniffing,75802,75789,75802,13
grooming,76042,75802,76042,240
sniffing,76049,76042,76049,7
grooming,76050,76049,76050,1
sniffing,76118,76050,76118,68
right_turning,76147,76118,76147,29
rising,76148,76147,76148,1
climbing,76196,76148,76196,48
trotting,76233,76196,76233,37
sniffing,76310,76233,76310,77
right_turning,76314,76310,76314,4
rising,76363,76314,76363,49
climbing,76413,76363,76413,50
trotting,76415,76413,76415,2
walking,76493,76415,76493,78
trotting,76494,76493,76494,1
sniffing,76539,76494,76539,45
stepping,76553,76539,76553,14
walking,76555,76553,76555,2
stepping,76586,76555,76586,31
grooming,76632,76586,76632,46
rearing,76761,76632,76761,129
right_turning,76787,76761,76787,26
walking,76793,76787,76793,6
sniffing,76870,76793,76870,77
stepping,76899,76870,76899,29
sniffing,76900,76899,76900,1
walking,76954,76900,76954,54
sniffing,76988,76954,76988,34
right_turning,77017,76988,77017,29
walking,77060,77017,77060,43
sniffing,77106,77060,77106,46
stepping,77110,77106,77110,4
right_turning,77135,77110,77135,25
sniffing,77230,77135,77230,95
rising,77266,77230,77266,36
sniffing,77312,77266,77312,46
walking,77322,77312,77322,10
trotting,77348,77322,77348,26
running,77371,77348,77371,23
trotting,77400,77371,77400,29
walking,77424,77400,77424,24
sniffing,77475,77424,77475,51
walking,77512,77475,77512,37
stepping,77531,77512,77531,19
sniffing,77579,77531,77579,48
stepping,77581,77579,77581,2
walking,77629,77581,77629,48
stepping,77640,77629,77640,11
grooming,77641,77640,77641,1
sniffing,77790,77641,77790,149
right_turning,77814,77790,77814,24
walking,77832,77814,77832,18
rising,77861,77832,77861,29
rearing,77958,77861,77958,97
rising,77991,77958,77991,33
walking,78009,77991,78009,18
sniffing,78033,78009,78033,24
stepping,78076,78033,78076,43
climbing,78103,78076,78103,27
running,78113,78103,78113,10
rising,78125,78113,78125,12
climbing,78197,78125,78197,72
sniffing,78257,78197,78257,60
stepping,78307,78257,78307,50
climbing,78308,78307,78308,1
sniffing,78376,78308,78376,68
left_turning,78377,78376,78377,1
rising,78411,78377,78411,34
left_turning,78473,78411,78473,62
trotting,78503,78473,78503,30
stepping,78553,78503,78553,50
walking,78569,78553,78569,16
trotting,78574,78569,78574,5
rising,78612,78574,78612,38
right_turning,78618,78612,78618,6
walking,78619,78618,78619,1
trotting,78629,78619,78629,10
stepping,78653,78629,78653,24
walking,78680,78653,78680,27
rearing,78725,78680,78725,45
grooming,78826,78725,78826,101
walking,78835,78826,78835,9
sniffing,78948,78835,78948,113
right_turning,78956,78948,78956,8
walking,78986,78956,78986,30
sniffing,78987,78986,78987,1
rearing,78988,78987,78988,1
trotting,78989,78988,78989,1
climbing,79055,78989,79055,66
trotting,79072,79055,79072,17
sniffing,79073,79072,79073,1
walking,79139,79073,79139,66
sniffing,79170,79139,79170,31
stepping,79214,79170,79214,44
climbing,79215,79214,79215,1
grooming,79216,79215,79216,1
sniffing,79363,79216,79363,147
left_turning,79369,79363,79369,6
stepping,79396,79369,79396,27
walking,79431,79396,79431,35
stepping,79467,79431,79467,36
sniffing,79505,79467,79505,38
stepping,79539,79505,79539,34
walking,79610,79539,79610,71
jumping,79631,79610,79631,21
walking,79658,79631,79658,27
sniffing,79661,79658,79661,3
rising,79716,79661,79716,55
rearing,79817,79716,79817,101
sniffing,79818,79817,79818,1
grooming,79906,79818,79906,88
climbing,79936,79906,79936,30
grooming,80835,79936,80835,899
hunching,80848,80835,80848,13
grooming,80964,80848,80964,116
sniffing,81000,80964,81000,36
walking,81029,81000,81029,29
sniffing,81100,81029,81100,71
trotting,81110,81100,81110,10
sniffing,81143,81110,81143,33
stepping,81205,81143,81205,62
left_turning,81206,81205,81206,1
stepping,81220,81206,81220,14
sniffing,81270,81220,81270,50
stepping,81298,81270,81298,28
sniffing,81299,81298,81299,1
stepping,81345,81299,81345,46
sniffing,81346,81345,81346,1
grooming,81448,81346,81448,102
scratching,81568,81448,81568,120
sniffing,81604,81568,81604,36
walking,81636,81604,81636,32
sniffing,81663,81636,81663,27
scratching,81769,81663,81769,106
grooming,81974,81769,81974,205
rearing,82106,81974,82106,132
sniffing,82153,82106,82153,47
walking,82176,82153,82176,23
trotting,82191,82176,82191,15
walking,82237,82191,82237,46
sniffing,82238,82237,82238,1
stepping,82276,82238,82276,38
rising,82299,82276,82299,23
right_turning,82338,82299,82338,39
stepping,82373,82338,82373,35
sniffing,82463,82373,82463,90
walking,82551,82463,82551,88
sniffing,82552,82551,82552,1
walking,82617,82552,82617,65
sniffing,82680,82617,82680,63
rising,82681,82680,82681,1
right_turning,82690,82681,82690,9
grooming,82691,82690,82691,1
rearing,82732,82691,82732,41
climbing,82799,82732,82799,67
walking,82810,82799,82810,11
sniffing,82811,82810,82811,1
left_turning,82860,82811,82860,49
walking,82877,82860,82877,17
trotting,82896,82877,82896,19
rising,82927,82896,82927,31
trotting,82929,82927,82929,2
stepping,82960,82929,82960,31
sniffing,82966,82960,82966,6
grooming,82967,82966,82967,1
stepping,82977,82967,82977,10
sniffing,82999,82977,82999,22
stepping,83024,82999,83024,25
hunching,83025,83024,83025,1
climbing,83070,83025,83070,45
rearing,83071,83070,83071,1
stepping,83122,83071,83122,51
walking,83149,83122,83149,27
stepping,83162,83149,83162,13
rising,83164,83162,83164,2
stepping,83184,83164,83184,20
rearing,83255,83184,83255,71
left_turning,83256,83255,83256,1
rising,83279,83256,83279,23
rearing,83342,83279,83342,63
climbing,83400,83342,83400,58
rearing,83492,83400,83492,92
climbing,83535,83492,83535,43
stepping,83539,83535,83539,4
grooming,83580,83539,83580,41
sniffing,83661,83580,83661,81
walking,83694,83661,83694,33
stepping,83750,83694,83750,56
walking,83760,83750,83760,10
stepping,83804,83760,83804,44
right_turning,83825,83804,83825,21
sniffing,83862,83825,83862,37
trotting,83883,83862,83883,21
sniffing,83884,83883,83884,1
walking,83885,83884,83885,1
sniffing,84030,83885,84030,145
walking,84050,84030,84050,20
trotting,84073,84050,84073,23
grooming,84359,84073,84359,286
trotting,84384,84359,84384,25
sniffing,84422,84384,84422,38
walking,84437,84422,84437,15
sniffing,84527,84437,84527,90
walking,84566,84527,84566,39
sniffing,84620,84566,84620,54
stepping,84707,84620,84707,87
rearing,84708,84707,84708,1
left_turning,84774,84708,84774,66
rearing,84923,84774,84923,149
stepping,84966,84923,84966,43
walking,84970,84966,84970,4
sniffing,84994,84970,84994,24
walking,85029,84994,85029,35
sniffing,85661,85029,85661,632
rising,85692,85661,85692,31
rearing,85735,85692,85735,43
grooming,85859,85735,85859,124
rearing,85953,85859,85953,94
sniffing,86010,85953,86010,57
rearing,86208,86010,86208,198
grooming,86209,86208,86209,1
sniffing,86299,86209,86299,90
stepping,86323,86299,86323,24
sniffing,86356,86323,86356,33
trotting,86401,86356,86401,45
walking,86434,86401,86434,33
stepping,86481,86434,86481,47
sniffing,86537,86481,86537,56
walking,86617,86537,86617,80
left_turning,86618,86617,86618,1
stepping,86667,86618,86667,49
sniffing,86677,86667,86677,10
rising,86703,86677,86703,26
sniffing,86714,86703,86714,11
grooming,86756,86714,86756,42
sniffing,86822,86756,86822,66
rearing,87092,86822,87092,270
sniffing,87159,87092,87159,67
rearing,87210,87159,87210,51
rising,87225,87210,87225,15
rearing,87296,87225,87296,71
grooming,87489,87296,87489,193
hunching,87490,87489,87490,1
left_turning,87511,87490,87511,21
sniffing,87562,87511,87562,51
walking,87601,87562,87601,39
trotting,87604,87601,87604,3
walking,87640,87604,87640,36
sniffing,87711,87640,87711,71
walking,87730,87711,87730,19
trotting,87764,87730,87764,34
sniffing,87805,87764,87805,41
hunching,87806,87805,87806,1
rearing,87843,87806,87843,37
right_turning,87862,87843,87862,19
stepping,87866,87862,87866,4
walking,87938,87866,87938,72
trotting,87960,87938,87960,22
sniffing,87987,87960,87987,27
stepping,87988,87987,87988,1
walking,88035,87988,88035,47
stepping,88072,88035,88072,37
hunching,88114,88072,88114,42
left_turning,88191,88114,88191,77
sniffing,88209,88191,88209,18
right_turning,88233,88209,88233,24
walking,88279,88233,88279,46
trotting,88300,88279,88300,21
rearing,88359,88300,88359,59
grooming,88510,88359,88510,151
sniffing,88535,88510,88535,25
walking,88561,88535,88561,26
rising,88587,88561,88587,26
climbing,88653,88587,88653,66
rising,88673,88653,88673,20
climbing,88718,88673,88718,45
trotting,88765,88718,88765,47
walking,88774,88765,88774,9
sniffing,88794,88774,88794,20
right_turning,88812,88794,88812,18
stepping,88827,88812,88827,15
sniffing,88920,88827,88920,93
stepping,88923,88920,88923,3
rising,88936,88923,88936,13
climbing,88961,88936,88961,25
rearing,88962,88961,88962,1
grooming,89039,88962,89039,77
walking,89047,89039,89047,8
trotting,89064,89047,89064,17
walking,89073,89064,89073,9
rearing,89159,89073,89159,86
left_turning,89184,89159,89184,25
stepping,89204,89184,89204,20
walking,89239,89204,89239,35
running,89261,89239,89261,22
stepping,89289,89261,89289,28
sniffing,89330,89289,89330,41
left_turning,89362,89330,89362,32
climbing,89389,89362,89389,27
walking,89409,89389,89409,20
stepping,89410,89409,89410,1
climbing,89434,89410,89434,24
grooming,90428,89434,90428,994
walking,90490,90428,90490,62
grooming,90491,90490,90491,1
stepping,90552,90491,90552,61
sniffing,90613,90552,90613,61
left_turning,90642,90613,90642,29
stepping,90677,90642,90677,35
sniffing,90679,90677,90679,2
grooming,91164,90679,91164,485
rearing,91344,91164,91344,180
left_turning,91374,91344,91374,30
hunching,91375,91374,91375,1
walking,91419,91375,91419,44
sniffing,91420,91419,91420,1
grooming,91421,91420,91421,1
sniffing,91477,91421,91477,56
rearing,91498,91477,91498,21
climbing,91512,91498,91512,14
rising,91535,91512,91535,23
left_turning,91598,91535,91598,63
grooming,91838,91598,91838,240
rearing,91896,91838,91896,58
sniffing,91949,91896,91949,53
left_turning,91975,91949,91975,26
rearing,92126,91975,92126,151
climbing,92146,92126,92146,20
grooming,92147,92146,92147,1
trotting,92162,92147,92162,15
rising,92168,92162,92168,6
sniffing,92217,92168,92217,49
stepping,92218,92217,92218,1
rising,92249,92218,92249,31
sniffing,92290,92249,92290,41
stepping,92294,92290,92294,4
sniffing,92295,92294,92295,1
walking,92296,92295,92296,1
stepping,92319,92296,92319,23
sniffing,92327,92319,92327,8
trotting,92351,92327,92351,24
sniffing,92377,92351,92377,26
walking,92462,92377,92462,85
running,92485,92462,92485,23
walking,92494,92485,92494,9
rising,92504,92494,92504,10
sniffing,92505,92504,92505,1
rearing,92546,92505,92546,41
grooming,92547,92546,92547,1
walking,92611,92547,92611,64
trotting,92631,92611,92631,20
sniffing,92669,92631,92669,38
rearing,92893,92669,92893,224
sniffing,92894,92893,92894,1
walking,92923,92894,92923,29
grooming,93094,92923,93094,171
rearing,93129,93094,93129,35
grooming,93301,93129,93301,172
sniffing,93413,93301,93413,112
rearing,93431,93413,93431,18
rising,93447,93431,93447,16
rearing,93467,93447,93467,20
hunching,93542,93467,93542,75
left_turning,93543,93542,93543,1
rising,93598,93543,93598,55
climbing,93621,93598,93621,23
rearing,93754,93621,93754,133
sniffing,93755,93754,93755,1
rising,93796,93755,93796,41
stepping,93819,93796,93819,23
grooming,93951,93819,93951,132
rearing,93973,93951,93973,22
hunching,93996,93973,93996,23
rising,94033,93996,94033,37
left_turning,94066,94033,94066,33
sniffing,94088,94066,94088,22
grooming,94089,94088,94089,1
sniffing,94090,94089,94090,1
rearing,94091,94090,94091,1
grooming,94160,94091,94160,69
climbing,94198,94160,94198,38
grooming,94597,94198,94597,399
rearing,94609,94597,94609,12
walking,94656,94609,94656,47
sniffing,94719,94656,94719,63
left_turning,94729,94719,94729,10
running,94739,94729,94739,10
trotting,94765,94739,94765,26
walking,94844,94765,94844,79
trotting,94858,94844,94858,14
stepping,94892,94858,94892,34
walking,94899,94892,94899,7
sniffing,94968,94899,94968,69
walking,94969,94968,94969,1
sniffing,94990,94969,94990,21
walking,95120,94990,95120,130
stepping,95121,95120,95121,1
sniffing,95122,95121,95122,1
walking,95180,95122,95180,58
sniffing,95181,95180,95181,1
walking,95205,95181,95205,24
rising,95234,95205,95234,29
grooming,95299,95234,95299,65
hunching,95300,95299,95300,1
grooming,95301,95300,95301,1
rearing,95338,95301,95338,37
grooming,95343,95338,95343,5
sniffing,95344,95343,95344,1
scratching,95356,95344,95356,12
sniffing,95478,95356,95478,122
rising,95548,95478,95548,70
sniffing,95549,95548,95549,1
left_turning,95615,95549,95615,66
sniffing,95667,95615,95667,52
walking,95693,95667,95693,26
stepping,95729,95693,95729,36
rearing,95846,95729,95846,117
climbing,95865,95846,95865,19
stepping,95911,95865,95911,46
sniffing,95989,95911,95989,78
grooming,96056,95989,96056,67
rearing,96057,96056,96057,1
climbing,96087,96057,96087,30
rearing,96147,96087,96147,60
climbing,96298,96147,96298,151
running,96314,96298,96314,16
sniffing,96351,96314,96351,37
rising,96364,96351,96364,13
trotting,96416,96364,96416,52
climbing,96431,96416,96431,15
grooming,96685,96431,96685,254
left_turning,96717,96685,96717,32
sniffing,96718,96717,96718,1
grooming,96719,96718,96719,1
hunching,96806,96719,96806,87
rearing,96807,96806,96807,1
grooming,96923,96807,96923,116
rising,96936,96923,96936,13
grooming,97187,96936,97187,251
pausing,97473,97187,97473,286
sniffing,97479,97473,97479,6
walking,97531,97479,97531,52
running,97559,97531,97559,28
walking,97573,97559,97573,14
stepping,97592,97573,97592,19
rearing,97637,97592,97637,45
walking,97652,97637,97652,15
stepping,97676,97652,97676,24
sniffing,97818,97676,97818,142
left_turning,97819,97818,97819,1
grooming,97820,97819,97820,1
rearing,97861,97820,97861,41
sniffing,97898,97861,97898,37
right_turning,97910,97898,97910,12
trotting,97931,97910,97931,21
sniffing,98061,97931,98061,130
stepping,98087,98061,98087,26
sniffing,98185,98087,98185,98
grooming,98186,98185,98186,1
rearing,98258,98186,98258,72
climbing,98322,98258,98322,64
left_turning,98347,98322,98347,25
climbing,98404,98347,98404,57
sniffing,98413,98404,98413,9
trotting,98420,98413,98420,7
sniffing,98618,98420,98618,198
right_turning,98633,98618,98633,15
sniffing,98672,98633,98672,39
trotting,98696,98672,98696,24
walking,98705,98696,98705,9
left_turning,98706,98705,98706,1
sniffing,98749,98706,98749,43
stepping,98787,98749,98787,38
walking,98819,98787,98819,32
sniffing,98840,98819,98840,21
left_turning,98858,98840,98858,18
stepping,98909,98858,98909,51
sniffing,98942,98909,98942,33
stepping,98950,98942,98950,8
rising,99000,98950,99000,50
sniffing,99016,99000,99016,16
stepping,99032,99016,99032,16
sniffing,99039,99032,99039,7
stepping,99066,99039,99066,27
sniffing,99089,99066,99089,23
walking,99106,99089,99106,17
sniffing,99355,99106,99355,249
rearing,99378,99355,99378,23
hunching,99502,99378,99502,124
rearing,99533,99502,99533,31
hunching,99647,99533,99647,114
rearing,99834,99647,99834,187
climbing,99894,99834,99894,60
walking,99943,99894,99943,49
sniffing,100055,99943,100055,112
stepping,100074,100055,100074,19
trotting,100082,100074,100082,8
stepping,100099,100082,100099,17
grooming,100118,100099,100118,19
sniffing,100119,100118,100119,1
walking,100128,100119,100128,9
trotting,100148,100128,100148,20
stepping,100202,100148,100202,54
right_turning,100248,100202,100248,46
sniffing,100265,100248,100265,17
rising,100289,100265,100289,24
sniffing,100290,100289,100290,1
grooming,100331,100290,100331,41
sniffing,100376,100331,100376,45
rising,100392,100376,100392,16
grooming,100393,100392,100393,1
rearing,100409,100393,100409,16
sniffing,100430,100409,100430,21
rising,100454,100430,100454,24
rearing,100467,100454,100467,13
grooming,100609,100467,100609,142
left_turning,100616,100609,100616,7
trotting,100640,100616,100640,24
stepping,100642,100640,100642,2
walking,100686,100642,100686,44
stepping,100730,100686,100730,44
trotting,100748,100730,100748,18
climbing,100797,100748,100797,49
left_turning,100805,100797,100805,8
walking,100828,100805,100828,23
stepping,100829,100828,100829,1
climbing,100881,100829,100881,52
grooming,101002,100881,101002,121
hunching,101055,101002,101055,53
grooming,101056,101055,101056,1
rearing,101100,101056,101100,44
grooming,101107,101100,101107,7
sniffing,101166,101107,101166,59
climbing,101200,101166,101200,34
stepping,101214,101200,101214,14
rearing,101247,101214,101247,33
grooming,101460,101247,101460,213
left_turning,101491,101460,101491,31
walking,101518,101491,101518,27
sniffing,101654,101518,101654,136
rising,101767,101654,101767,113
rearing,101823,101767,101823,56
stepping,101839,101823,101839,16
rearing,102065,101839,102065,226
grooming,102112,102065,102112,47
hunching,102189,102112,102189,77
left_turning,102190,102189,102190,1
stepping,102263,102190,102263,73
rising,102362,102263,102362,99
climbing,102379,102362,102379,17
running,102397,102379,102397,18
trotting,102410,102397,102410,13
rearing,102476,102410,102476,66
rising,102514,102476,102514,38
left_turning,102561,102514,102561,47
running,102576,102561,102576,15
sniffing,102686,102576,102686,110
scratching,102709,102686,102709,23
sniffing,102804,102709,102804,95
rearing,102805,102804,102805,1
grooming,103010,102805,103010,205
rearing,103176,103010,103176,166
grooming,103243,103176,103243,67
walking,103258,103243,103258,15
stepping,103289,103258,103289,31
walking,103309,103289,103309,20
stepping,103320,103309,103320,11
right_turning,103332,103320,103332,12
walking,103352,103332,103352,20
sniffing,103419,103352,103419,67
rearing,103458,103419,103458,39
grooming,103561,103458,103561,103
rising,103581,103561,103581,20
sniffing,103695,103581,103695,114
rising,103714,103695,103714,19
rearing,103715,103714,103715,1
climbing,103816,103715,103816,101
walking,103836,103816,103836,20
sniffing,103872,103836,103872,36
left_turning,103895,103872,103895,23
sniffing,103949,103895,103949,54
stepping,103982,103949,103982,33
grooming,104032,103982,104032,50
rising,104051,104032,104051,19
grooming,104200,104051,104200,149
sniffing,104241,104200,104241,41
rising,104285,104241,104285,44
grooming,104604,104285,104604,319
hunching,104617,104604,104617,13
rearing,104618,104617,104618,1
rising,104632,104618,104632,14
rearing,104633,104632,104633,1
grooming,105053,104633,105053,420
hunching,105213,105053,105213,160
grooming,105349,105213,105349,136
running,105367,105349,105367,18
walking,105394,105367,105394,27
jumping,105452,105394,105452,58
rising,105519,105452,105519,67
climbing,105534,105519,105534,15
stepping,105538,105534,105538,4
sniffing,105614,105538,105614,76
grooming,105878,105614,105878,264
sniffing,105935,105878,105935,57
rising,105936,105935,105936,1
sniffing,105977,105936,105977,41
walking,105978,105977,105978,1
stepping,106009,105978,106009,31
sniffing,106044,106009,106044,35
right_turning,106060,106044,106060,16
sniffing,106061,106060,106061,1
right_turning,106088,106061,106088,27
walking,106118,106088,106118,30
right_turning,106143,106118,106143,25
running,106175,106143,106175,32
trotting,106189,106175,106189,14
sniffing,106190,106189,106190,1
walking,106214,106190,106214,24
climbing,106258,106214,106258,44
jumping,106303,106258,106303,45
grooming,106334,106303,106334,31
scratching,106367,106334,106367,33
left_turning,106414,106367,106414,47
stepping,106448,106414,106448,34
sniffing,106449,106448,106449,1
stepping,106456,106449,106456,7
rising,106457,106456,106457,1
rearing,106521,106457,106521,64
climbing,106642,106521,106642,121
rising,106702,106642,106702,60
rearing,106796,106702,106796,94
grooming,106797,106796,106797,1
sniffing,106860,106797,106860,63
rising,106903,106860,106903,43
rearing,106995,106903,106995,92
climbing,107048,106995,107048,53
right_turning,107083,107048,107083,35
stepping,107114,107083,107114,31
sniffing,107192,107114,107192,78
walking,107225,107192,107225,33
running,107245,107225,107245,20
walking,107246,107245,107246,1
stepping,107247,107246,107247,1
sniffing,107268,107247,107268,21
walking,107313,107268,107313,45
sniffing,107363,107313,107363,50
walking,107364,107363,107364,1
stepping,107401,107364,107401,37
sniffing,107444,107401,107444,43
grooming,107819,107444,107819,375
hunching,107820,107819,107820,1
grooming,107949,107820,107949,129
rearing,108000,107949,108000,51
