revised_movement_label,segBoundary,segBoundary_start,segBoundary_end,length
sniffing,29,0,29,29
rising,55,29,55,26
grooming,56,55,56,1
sniffing,60,56,60,4
walking,97,60,97,37
sniffing,106,97,106,9
left_turning,130,106,130,24
stepping,141,130,141,11
sniffing,155,141,155,14
walking,189,155,189,34
sniffing,193,189,193,4
left_turning,272,193,272,79
walking,277,272,277,5
stepping,346,277,346,69
sniffing,381,346,381,35
rising,382,381,382,1
climbing,434,382,434,52
grooming,435,434,435,1
sniffing,436,435,436,1
rising,443,436,443,7
right_turning,463,443,463,20
trotting,484,463,484,21
running,503,484,503,19
trotting,536,503,536,33
walking,543,536,543,7
rising,582,543,582,39
stepping,584,582,584,2
walking,627,584,627,43
rising,697,627,697,70
rearing,764,697,764,67
rising,799,764,799,35
stepping,827,799,827,28
walking,856,827,856,29
grooming,935,856,935,79
hunching,944,935,944,9
rising,992,944,992,48
grooming,993,992,993,1
sniffing,1018,993,1018,25
walking,1087,1018,1087,69
sniffing,1118,1087,1118,31
walking,1148,1118,1148,30
trotting,1171,1148,1171,23
rising,1172,1171,1172,1
rearing,1216,1172,1216,44
grooming,1285,1216,1285,69
rearing,1338,1285,1338,53
rising,1342,1338,1342,4
grooming,1343,1342,1343,1
trotting,1364,1343,1364,21
walking,1365,1364,1365,1
sniffing,1379,1365,1379,14
rising,1428,1379,1428,49
sniffing,1483,1428,1483,55
left_turning,1504,1483,1504,21
trotting,1539,1504,1539,35
rising,1556,1539,1556,17
sniffing,1588,1556,1588,32
hunching,1696,1588,1696,108
rising,1762,1696,1762,66
right_turning,1769,1762,1769,7
walking,1787,1769,1787,18
trotting,1816,1787,1816,29
rising,1817,1816,1817,1
sniffing,1835,1817,1835,18
trotting,1861,1835,1861,26
walking,1866,1861,1866,5
trotting,1888,1866,1888,22
sniffing,1889,1888,1889,1
walking,1908,1889,1908,19
sniffing,1942,1908,1942,34
rearing,2100,1942,2100,158
hunching,2163,2100,2163,63
grooming,2164,2163,2164,1
rearing,2231,2164,2231,67
grooming,2330,2231,2330,99
stepping,2362,2330,2362,32
walking,2376,2362,2376,14
stepping,2398,2376,2398,22
trotting,2414,2398,2414,16
running,2425,2414,2425,11
grooming,2604,2425,2604,179
stepping,2618,2604,2618,14
sniffing,2684,2618,2684,66
grooming,3145,2684,3145,461
rearing,3208,3145,3208,63
sniffing,3291,3208,3291,83
left_turning,3306,3291,3306,15
walking,3376,3306,3376,70
running,3390,3376,3390,14
sniffing,3413,3390,3413,23
stepping,3429,3413,3429,16
walking,3439,3429,3439,10
stepping,3449,3439,3449,10
walking,3483,3449,3483,34
sniffing,3579,3483,3579,96
left_turning,3626,3579,3626,47
walking,3646,3626,3646,20
running,3670,3646,3670,24
trotting,3687,3670,3687,17
sniffing,3765,3687,3765,78
stepping,3766,3765,3766,1
grooming,3853,3766,3853,87
walking,3894,3853,3894,41
stepping,3932,3894,3932,38
walking,3952,3932,3952,20
sniffing,3988,3952,3988,36
walking,3999,3988,3999,11
sniffing,4000,3999,4000,1
rearing,4055,4000,4055,55
sniffing,4116,4055,4116,61
walking,4136,4116,4136,20
sniffing,4227,4136,4227,91
walking,4247,4227,4247,20
hunching,4344,4247,4344,97
rising,4428,4344,4428,84
sniffing,4524,4428,4524,96
climbing,4557,4524,4557,33
grooming,4631,4557,4631,74
stepping,4635,4631,4635,4
trotting,4671,4635,4671,36
sniffing,4691,4671,4691,20
walking,4692,4691,4692,1
trotting,4706,4692,4706,14
stepping,4765,4706,4765,59
walking,4811,4765,4811,46
running,4837,4811,4837,26
trotting,4873,4837,4873,36
running,4882,4873,4882,9
trotting,4899,4882,4899,17
walking,4935,4899,4935,36
sniffing,4946,4935,4946,11
stepping,4976,4946,4976,30
sniffing,4993,4976,4993,17
left_turning,5074,4993,5074,81
running,5105,5074,5105,31
trotting,5128,5105,5128,23
stepping,5156,5128,5156,28
rising,5157,5156,5157,1
sniffing,5182,5157,5182,25
rising,5183,5182,5183,1
walking,5198,5183,5198,15
stepping,5222,5198,5222,24
walking,5307,5222,5307,85
rising,5324,5307,5324,17
sniffing,5353,5324,5353,29
stepping,5385,5353,5385,32
walking,5386,5385,5386,1
rising,5393,5386,5393,7
climbing,5418,5393,5418,25
sniffing,5419,5418,5419,1
left_turning,5420,5419,5420,1
stepping,5454,5420,5454,34
walking,5493,5454,5493,39
right_turning,5520,5493,5520,27
rising,5521,5520,5521,1
rearing,5545,5521,5545,24
sniffing,5591,5545,5591,46
walking,5592,5591,5592,1
sniffing,5593,5592,5593,1
rising,5662,5593,5662,69
walking,5668,5662,5668,6
rising,5708,5668,5708,40
walking,5738,5708,5738,30
sniffing,5787,5738,5787,49
walking,5795,5787,5795,8
trotting,5816,5795,5816,21
sniffing,5850,5816,5850,34
left_turning,5857,5850,5857,7
rising,5873,5857,5873,16
sniffing,5928,5873,5928,55
grooming,6074,5928,6074,146
walking,6098,6074,6098,24
stepping,6135,6098,6135,37
right_turning,6169,6135,6169,34
trotting,6170,6169,6170,1
sniffing,6174,6170,6174,4
rising,6218,6174,6218,44
grooming,6401,6218,6401,183
stepping,6453,6401,6453,52
walking,6474,6453,6474,21
stepping,6476,6474,6476,2
walking,6507,6476,6507,31
sniffing,6586,6507,6586,79
rearing,6650,6586,6650,64
rising,6679,6650,6679,29
walking,6706,6679,6706,27
running,6745,6706,6745,39
trotting,6796,6745,6796,51
sniffing,6837,6796,6837,41
right_turning,6850,6837,6850,13
walking,6889,6850,6889,39
grooming,6890,6889,6890,1
rising,6922,6890,6922,32
left_turning,6943,6922,6943,21
running,7002,6943,7002,59
trotting,7039,7002,7039,37
stepping,7113,7039,7113,74
walking,7208,7113,7208,95
rising,7209,7208,7209,1
climbing,7237,7209,7237,28
grooming,7336,7237,7336,99
trotting,7352,7336,7352,16
rising,7355,7352,7355,3
sniffing,7380,7355,7380,25
left_turning,7413,7380,7413,33
sniffing,7453,7413,7453,40
rising,7454,7453,7454,1
climbing,7483,7454,7483,29
grooming,7484,7483,7484,1
stepping,7499,7484,7499,15
walking,7500,7499,7500,1
trotting,7547,7500,7547,47
walking,7591,7547,7591,44
running,7598,7591,7598,7
trotting,7616,7598,7616,18
rising,7650,7616,7650,34
sniffing,7669,7650,7669,19
stepping,7681,7669,7681,12
running,7703,7681,7703,22
trotting,7740,7703,7740,37
stepping,7774,7740,7774,34
rising,7828,7774,7828,54
sniffing,7854,7828,7854,26
right_turning,7866,7854,7866,12
stepping,7937,7866,7937,71
walking,7998,7937,7998,61
sniffing,8012,7998,8012,14
grooming,8283,8012,8283,271
sniffing,8284,8283,8284,1
rising,8346,8284,8346,62
rearing,8401,8346,8401,55
rising,8464,8401,8464,63
stepping,8486,8464,8486,22
walking,8537,8486,8537,51
sniffing,8644,8537,8644,107
grooming,8682,8644,8682,38
rearing,8753,8682,8753,71
sniffing,8824,8753,8824,71
grooming,8867,8824,8867,43
hunching,9012,8867,9012,145
grooming,9066,9012,9066,54
stepping,9080,9066,9080,14
trotting,9126,9080,9126,46
stepping,9156,9126,9156,30
walking,9177,9156,9177,21
stepping,9183,9177,9183,6
walking,9184,9183,9184,1
rearing,9185,9184,9185,1
grooming,9350,9185,9350,165
sniffing,9379,9350,9379,29
left_turning,9409,9379,9409,30
stepping,9446,9409,9446,37
grooming,9635,9446,9635,189
climbing,9661,9635,9661,26
stepping,9676,9661,9676,15
grooming,9860,9676,9860,184
rearing,9861,9860,9861,1
grooming,9862,9861,9862,1
sniffing,9880,9862,9880,18
stepping,9904,9880,9904,24
rising,9965,9904,9965,61
walking,10001,9965,10001,36
sniffing,10056,10001,10056,55
stepping,10070,10056,10070,14
rising,10144,10070,10144,74
rearing,10229,10144,10229,85
rising,10239,10229,10239,10
rearing,10240,10239,10240,1
walking,10295,10240,10295,55
rising,10328,10295,10328,33
grooming,10329,10328,10329,1
walking,10388,10329,10388,59
rearing,10453,10388,10453,65
climbing,10493,10453,10493,40
stepping,10508,10493,10508,15
sniffing,10713,10508,10713,205
stepping,10758,10713,10758,45
sniffing,10837,10758,10837,79
grooming,10842,10837,10842,5
sniffing,10925,10842,10925,83
rising,10952,10925,10952,27
rearing,10953,10952,10953,1
grooming,11080,10953,11080,127
rising,11092,11080,11092,12
climbing,11144,11092,11144,52
running,11170,11144,11170,26
left_turning,11206,11170,11206,36
walking,11237,11206,11237,31
stepping,11246,11237,11246,9
sniffing,11247,11246,11247,1
rising,11248,11247,11248,1
grooming,11297,11248,11297,49
rearing,11298,11297,11298,1
hunching,11313,11298,11313,15
rearing,11348,11313,11348,35
sniffing,11349,11348,11349,1
rearing,11432,11349,11432,83
trotting,11444,11432,11444,12
walking,11445,11444,11445,1
sniffing,11514,11445,11514,69
left_turning,11516,11514,11516,2
running,11534,11516,11534,18
left_turning,11568,11534,11568,34
climbing,11597,11568,11597,29
grooming,11598,11597,11598,1
climbing,11638,11598,11638,40
walking,11731,11638,11731,93
sniffing,11793,11731,11793,62
grooming,11986,11793,11986,193
walking,11994,11986,11994,8
climbing,12033,11994,12033,39
sniffing,12083,12033,12083,50
right_turning,12089,12083,12089,6
walking,12134,12089,12134,45
stepping,12167,12134,12167,33
right_turning,12179,12167,12179,12
trotting,12209,12179,12209,30
stepping,12215,12209,12215,6
rising,12230,12215,12230,15
grooming,12231,12230,12231,1
left_turning,12269,12231,12269,38
grooming,12270,12269,12270,1
rising,12282,12270,12282,12
grooming,12384,12282,12384,102
sniffing,12385,12384,12385,1
stepping,12424,12385,12424,39
grooming,12604,12424,12604,180
climbing,12642,12604,12642,38
running,12651,12642,12651,9
stepping,12757,12651,12757,106
rising,12833,12757,12833,76
grooming,13115,12833,13115,282
stepping,13123,13115,13123,8
rearing,13326,13123,13326,203
climbing,13362,13326,13362,36
left_turning,13378,13362,13378,16
grooming,13621,13378,13621,243
sniffing,13636,13621,13636,15
rising,13648,13636,13648,12
trotting,13659,13648,13659,11
sniffing,13675,13659,13675,16
walking,13735,13675,13735,60
sniffing,13777,13735,13777,42
right_turning,13779,13777,13779,2
trotting,13785,13779,13785,6
walking,13836,13785,13836,51
trotting,13873,13836,13873,37
sniffing,13915,13873,13915,42
rising,13916,13915,13916,1
hunching,14109,13916,14109,193
rearing,14221,14109,14221,112
hunching,14265,14221,14265,44
sniffing,14270,14265,14270,5
stepping,14283,14270,14283,13
climbing,14341,14283,14341,58
grooming,14511,14341,14511,170
left_turning,14526,14511,14526,15
walking,14540,14526,14540,14
stepping,14560,14540,14560,20
walking,14597,14560,14597,37
sniffing,14639,14597,14639,42
walking,14717,14639,14717,78
rearing,14788,14717,14788,71
grooming,14828,14788,14828,40
left_turning,14860,14828,14860,32
stepping,14923,14860,14923,63
sniffing,14986,14923,14986,63
running,14994,14986,14994,8
walking,15031,14994,15031,37
stepping,15076,15031,15076,45
sniffing,15119,15076,15119,43
walking,15122,15119,15122,3
stepping,15137,15122,15137,15
rising,15138,15137,15138,1
sniffing,15153,15138,15153,15
rearing,15200,15153,15200,47
grooming,15201,15200,15201,1
walking,15211,15201,15211,10
rising,15212,15211,15212,1
climbing,15243,15212,15243,31
left_turning,15290,15243,15290,47
stepping,15291,15290,15291,1
climbing,15293,15291,15293,2
walking,15294,15293,15294,1
stepping,15341,15294,15341,47
rearing,15540,15341,15540,199
hunching,15541,15540,15541,1
walking,15582,15541,15582,41
sniffing,15589,15582,15589,7
stepping,15604,15589,15604,15
rising,15620,15604,15620,16
sniffing,15794,15620,15794,174
rising,15905,15794,15905,111
left_turning,15956,15905,15956,51
trotting,15988,15956,15988,32
stepping,16017,15988,16017,29
hunching,16056,16017,16056,39
grooming,16872,16056,16872,816
sniffing,16898,16872,16898,26
left_turning,16942,16898,16942,44
right_turning,16984,16942,16984,42
sniffing,16985,16984,16985,1
rising,17004,16985,17004,19
sniffing,17005,17004,17005,1
grooming,17129,17005,17129,124
trotting,17151,17129,17151,22
rising,17152,17151,17152,1
rearing,17153,17152,17153,1
walking,17197,17153,17197,44
rising,17198,17197,17198,1
walking,17226,17198,17226,28
stepping,17271,17226,17271,45
sniffing,17288,17271,17288,17
grooming,17375,17288,17375,87
rearing,17476,17375,17476,101
rising,17512,17476,17512,36
rearing,17575,17512,17575,63
rising,17576,17575,17576,1
rearing,17592,17576,17592,16
walking,17644,17592,17644,52
stepping,17645,17644,17645,1
sniffing,17646,17645,17646,1
stepping,17714,17646,17714,68
walking,17770,17714,17770,56
hunching,17771,17770,17771,1
grooming,17779,17771,17779,8
stepping,17785,17779,17785,6
walking,17804,17785,17804,19
stepping,17829,17804,17829,25
sniffing,17897,17829,17897,68
walking,17915,17897,17915,18
sniffing,18008,17915,18008,93
running,18027,18008,18027,19
walking,18028,18027,18028,1
sniffing,18114,18028,18114,86
stepping,18154,18114,18154,40
sniffing,18185,18154,18185,31
grooming,18186,18185,18186,1
sniffing,18240,18186,18240,54
rising,18241,18240,18241,1
grooming,18333,18241,18333,92
stepping,18337,18333,18337,4
rising,18340,18337,18340,3
rearing,18443,18340,18443,103
climbing,18484,18443,18484,41
grooming,18512,18484,18512,28
rising,18526,18512,18526,14
sniffing,18664,18526,18664,138
grooming,18742,18664,18742,78
stepping,18762,18742,18762,20
trotting,18785,18762,18785,23
stepping,18812,18785,18812,27
grooming,19149,18812,19149,337
sniffing,19228,19149,19228,79
grooming,19233,19228,19233,5
right_turning,19262,19233,19262,29
sniffing,19283,19262,19283,21
rising,19284,19283,19284,1
walking,19315,19284,19315,31
sniffing,19358,19315,19358,43
grooming,19359,19358,19359,1
left_turning,19370,19359,19370,11
stepping,19406,19370,19406,36
walking,19431,19406,19431,25
climbing,19460,19431,19460,29
grooming,19461,19460,19461,1
hunching,19540,19461,19540,79
rising,19594,19540,19594,54
rearing,19716,19594,19716,122
walking,19743,19716,19743,27
stepping,19758,19743,19758,15
sniffing,19811,19758,19811,53
rising,19847,19811,19847,36
grooming,19863,19847,19863,16
sniffing,19870,19863,19870,7
stepping,19892,19870,19892,22
sniffing,19893,19892,19893,1
left_turning,19918,19893,19918,25
trotting,19954,19918,19954,36
grooming,19977,19954,19977,23
climbing,20045,19977,20045,68
running,20046,20045,20046,1
stepping,20047,20046,20047,1
sniffing,20090,20047,20090,43
rising,20155,20090,20155,65
walking,20188,20155,20188,33
rising,20209,20188,20209,21
hunching,20245,20209,20245,36
rearing,20270,20245,20270,25
grooming,20464,20270,20464,194
climbing,20511,20464,20511,47
sniffing,20565,20511,20565,54
trotting,20599,20565,20599,34
walking,20658,20599,20658,59
rising,20729,20658,20729,71
sniffing,20730,20729,20730,1
rising,20731,20730,20731,1
climbing,20781,20731,20781,50
walking,20791,20781,20791,10
stepping,20803,20791,20803,12
trotting,20824,20803,20824,21
sniffing,20836,20824,20836,12
walking,20842,20836,20842,6
rising,20843,20842,20843,1
rearing,20949,20843,20949,106
sniffing,20958,20949,20958,9
walking,20992,20958,20992,34
stepping,21027,20992,21027,35
sniffing,21072,21027,21072,45
stepping,21073,21072,21073,1
sniffing,21129,21073,21129,56
right_turning,21134,21129,21134,5
grooming,21135,21134,21135,1
left_turning,21137,21135,21137,2
walking,21174,21137,21174,37
sniffing,21183,21174,21183,9
grooming,21267,21183,21267,84
climbing,21318,21267,21318,51
trotting,21353,21318,21353,35
walking,21390,21353,21390,37
stepping,21424,21390,21424,34
sniffing,21434,21424,21434,10
rising,21445,21434,21445,11
sniffing,21459,21445,21459,14
stepping,21479,21459,21479,20
rising,21480,21479,21480,1
left_turning,21513,21480,21513,33
grooming,21514,21513,21514,1
rising,21576,21514,21576,62
sniffing,21604,21576,21604,28
left_turning,21717,21604,21717,113
right_turning,21734,21717,21734,17
walking,21774,21734,21774,40
sniffing,21901,21774,21901,127
rising,21930,21901,21930,29
grooming,22095,21930,22095,165
trotting,22120,22095,22120,25
sniffing,22128,22120,22128,8
stepping,22129,22128,22129,1
walking,22147,22129,22147,18
rising,22167,22147,22167,20
left_turning,22247,22167,22247,80
stepping,22251,22247,22251,4
rearing,22357,22251,22357,106
hunching,22407,22357,22407,50
rearing,22408,22407,22408,1
stepping,22420,22408,22420,12
sniffing,22551,22420,22551,131
walking,22587,22551,22587,36
stepping,22588,22587,22588,1
rising,22602,22588,22602,14
left_turning,22635,22602,22635,33
sniffing,22699,22635,22699,64
rising,22747,22699,22747,48
climbing,22826,22747,22826,79
rearing,22827,22826,22827,1
grooming,22828,22827,22828,1
walking,22885,22828,22885,57
sniffing,22907,22885,22907,22
stepping,22940,22907,22940,33
sniffing,23035,22940,23035,95
walking,23068,23035,23068,33
rising,23136,23068,23136,68
left_turning,23189,23136,23189,53
walking,23196,23189,23196,7
stepping,23204,23196,23204,8
grooming,23312,23204,23312,108
running,23330,23312,23330,18
stepping,23377,23330,23377,47
rising,23378,23377,23378,1
sniffing,23407,23378,23407,29
rising,23457,23407,23457,50
rearing,23516,23457,23516,59
grooming,23666,23516,23666,150
sniffing,23667,23666,23667,1
trotting,23698,23667,23698,31
sniffing,23742,23698,23742,44
grooming,23862,23742,23862,120
rearing,23891,23862,23891,29
rising,23943,23891,23943,52
grooming,24118,23943,24118,175
sniffing,24130,24118,24130,12
stepping,24171,24130,24171,41
rising,24185,24171,24185,14
sniffing,24204,24185,24204,19
rising,24230,24204,24230,26
grooming,24277,24230,24277,47
rearing,24405,24277,24405,128
walking,24429,24405,24429,24
rising,24494,24429,24494,65
climbing,24498,24494,24498,4
rearing,24661,24498,24661,163
grooming,24662,24661,24662,1
stepping,24695,24662,24695,33
sniffing,24734,24695,24734,39
grooming,24956,24734,24956,222
walking,24981,24956,24981,25
rising,25083,24981,25083,102
grooming,25562,25083,25562,479
left_turning,25563,25562,25563,1
stepping,25580,25563,25580,17
rising,25609,25580,25609,29
sniffing,25625,25609,25625,16
trotting,25637,25625,25637,12
sniffing,25658,25637,25658,21
walking,25672,25658,25672,14
stepping,25715,25672,25715,43
rising,25782,25715,25782,67
grooming,25783,25782,25783,1
rising,25784,25783,25784,1
left_turning,25785,25784,25785,1
grooming,26044,25785,26044,259
rearing,26100,26044,26100,56
sniffing,26115,26100,26115,15
grooming,26383,26115,26383,268
right_turning,26393,26383,26393,10
stepping,26400,26393,26400,7
trotting,26415,26400,26415,15
sniffing,26500,26415,26500,85
grooming,26501,26500,26501,1
hunching,26507,26501,26507,6
rearing,26611,26507,26611,104
climbing,26643,26611,26643,32
grooming,26847,26643,26847,204
running,26872,26847,26872,25
rearing,26927,26872,26927,55
sniffing,26950,26927,26950,23
walking,26978,26950,26978,28
sniffing,27023,26978,27023,45
stepping,27089,27023,27089,66
sniffing,27223,27089,27223,134
grooming,27224,27223,27224,1
running,27254,27224,27254,30
walking,27307,27254,27307,53
sniffing,27342,27307,27342,35
walking,27351,27342,27351,9
trotting,27410,27351,27410,59
sniffing,27417,27410,27417,7
rearing,27572,27417,27572,155
grooming,27573,27572,27573,1
walking,27574,27573,27574,1
stepping,27592,27574,27592,18
rearing,27635,27592,27635,43
hunching,27700,27635,27700,65
sniffing,27758,27700,27758,58
walking,27782,27758,27782,24
rearing,27783,27782,27783,1
grooming,28116,27783,28116,333
sniffing,28267,28116,28267,151
rising,28328,28267,28328,61
climbing,28373,28328,28373,45
grooming,28500,28373,28500,127
rising,28545,28500,28545,45
sniffing,28598,28545,28598,53
grooming,28762,28598,28762,164
running,28776,28762,28776,14
stepping,28820,28776,28820,44
walking,28901,28820,28901,81
sniffing,28940,28901,28940,39
walking,28963,28940,28963,23
sniffing,28965,28963,28965,2
right_turning,28982,28965,28982,17
walking,28983,28982,28983,1
stepping,29044,28983,29044,61
walking,29062,29044,29062,18
left_turning,29066,29062,29066,4
sniffing,29085,29066,29085,19
grooming,29379,29085,29379,294
sniffing,29380,29379,29380,1
stepping,29417,29380,29417,37
walking,29444,29417,29444,27
right_turning,29445,29444,29445,1
sniffing,29446,29445,29446,1
walking,29466,29446,29466,20
stepping,29512,29466,29512,46
right_turning,29516,29512,29516,4
trotting,29517,29516,29517,1
stepping,29536,29517,29536,19
walking,29575,29536,29575,39
grooming,29951,29575,29951,376
rearing,30060,29951,30060,109
grooming,30349,30060,30349,289
walking,30382,30349,30382,33
left_turning,30440,30382,30440,58
rising,30512,30440,30512,72
walking,30547,30512,30547,35
left_turning,30565,30547,30565,18
rearing,30573,30565,30573,8
climbing,30608,30573,30608,35
walking,30627,30608,30627,19
stepping,30655,30627,30655,28
running,30677,30655,30677,22
right_turning,30696,30677,30696,19
grooming,30698,30696,30698,2
sniffing,30717,30698,30717,19
walking,30736,30717,30736,19
sniffing,30784,30736,30784,48
left_turning,30808,30784,30808,24
grooming,30916,30808,30916,108
running,30945,30916,30945,29
trotting,30973,30945,30973,28
walking,30985,30973,30985,12
right_turning,31018,30985,31018,33
stepping,31019,31018,31019,1
left_turning,31023,31019,31023,4
walking,31043,31023,31043,20
sniffing,31100,31043,31100,57
walking,31134,31100,31134,34
sniffing,31185,31134,31185,51
left_turning,31205,31185,31205,20
grooming,31206,31205,31206,1
rising,31269,31206,31269,63
rearing,31344,31269,31344,75
hunching,31383,31344,31383,39
rearing,31384,31383,31384,1
grooming,31536,31384,31536,152
rearing,31580,31536,31580,44
sniffing,31681,31580,31681,101
grooming,31838,31681,31838,157
running,31857,31838,31857,19
rising,31858,31857,31858,1
sniffing,31869,31858,31869,11
stepping,31872,31869,31872,3
walking,31877,31872,31877,5
rearing,31980,31877,31980,103
grooming,31981,31980,31981,1
sniffing,32156,31981,32156,175
stepping,32180,32156,32180,24
sniffing,32201,32180,32201,21
climbing,32250,32201,32250,49
rearing,32638,32250,32638,388
grooming,32847,32638,32847,209
hunching,32917,32847,32917,70
grooming,33170,32917,33170,253
rising,33171,33170,33171,1
climbing,33239,33171,33239,68
sniffing,33260,33239,33260,21
stepping,33264,33260,33264,4
sniffing,33265,33264,33265,1
rising,33305,33265,33305,40
left_turning,33341,33305,33341,36
running,33379,33341,33379,38
sniffing,33423,33379,33423,44
rearing,33489,33423,33489,66
sniffing,33531,33489,33531,42
stepping,33546,33531,33546,15
rising,33593,33546,33593,47
grooming,33606,33593,33606,13
climbing,33657,33606,33657,51
left_turning,33658,33657,33658,1
stepping,33688,33658,33688,30
climbing,33705,33688,33705,17
running,33730,33705,33730,25
rising,33764,33730,33764,34
grooming,33765,33764,33765,1
walking,33771,33765,33771,6
rearing,33873,33771,33873,102
left_turning,33891,33873,33891,18
trotting,33907,33891,33907,16
grooming,33935,33907,33935,28
hunching,33986,33935,33986,51
grooming,34098,33986,34098,112
walking,34136,34098,34136,38
rising,34137,34136,34137,1
stepping,34162,34137,34162,25
sniffing,34183,34162,34183,21
walking,34241,34183,34241,58
left_turning,34292,34241,34292,51
running,34308,34292,34308,16
trotting,34319,34308,34319,11
rising,34320,34319,34320,1
climbing,34348,34320,34348,28
left_turning,34360,34348,34360,12
sniffing,34361,34360,34361,1
rising,34370,34361,34370,9
sniffing,34376,34370,34376,6
grooming,34551,34376,34551,175
rising,34595,34551,34595,44
rearing,34705,34595,34705,110
rising,34771,34705,34771,66
left_turning,34772,34771,34772,1
walking,34793,34772,34793,21
sniffing,34862,34793,34862,69
rising,34919,34862,34919,57
climbing,34954,34919,34954,35
walking,34973,34954,34973,19
stepping,35006,34973,35006,33
trotting,35042,35006,35042,36
walking,35059,35042,35059,17
rearing,35137,35059,35137,78
grooming,35138,35137,35138,1
scratching,35223,35138,35223,85
sniffing,35232,35223,35232,9
stepping,35268,35232,35268,36
sniffing,35307,35268,35307,39
grooming,35459,35307,35459,152
sniffing,35494,35459,35494,35
stepping,35495,35494,35495,1
grooming,35717,35495,35717,222
left_turning,35718,35717,35718,1
walking,35761,35718,35761,43
sniffing,35795,35761,35795,34
grooming,35967,35795,35967,172
hunching,36014,35967,36014,47
grooming,36070,36014,36070,56
climbing,36105,36070,36105,35
rising,36141,36105,36141,36
rearing,36150,36141,36150,9
grooming,36680,36150,36680,530
climbing,36701,36680,36701,21
stepping,36724,36701,36724,23
rearing,36745,36724,36745,21
sniffing,36762,36745,36762,17
grooming,37264,36762,37264,502
stepping,37291,37264,37291,27
rising,37300,37291,37300,9
stepping,37344,37300,37344,44
trotting,37387,37344,37387,43
walking,37388,37387,37388,1
grooming,37616,37388,37616,228
hunching,37689,37616,37689,73
rising,37698,37689,37698,9
climbing,37776,37698,37776,78
rearing,37798,37776,37798,22
hunching,37845,37798,37845,47
left_turning,37874,37845,37874,29
grooming,37955,37874,37955,81
rearing,37956,37955,37956,1
climbing,37989,37956,37989,33
left_turning,37990,37989,37990,1
stepping,38011,37990,38011,21
sniffing,38067,38011,38067,56
walking,38109,38067,38109,42
sniffing,38128,38109,38128,19
stepping,38144,38128,38144,16
walking,38163,38144,38163,19
trotting,38219,38163,38219,56
left_turning,38220,38219,38220,1
running,38249,38220,38249,29
rising,38268,38249,38268,19
sniffing,38324,38268,38324,56
rising,38329,38324,38329,5
climbing,38353,38329,38353,24
grooming,38372,38353,38372,19
hunching,38467,38372,38467,95
rising,38497,38467,38497,30
rearing,38511,38497,38511,14
grooming,38512,38511,38512,1
walking,38558,38512,38558,46
rearing,38601,38558,38601,43
hunching,38624,38601,38624,23
grooming,38673,38624,38673,49
right_turning,38679,38673,38679,6
stepping,38680,38679,38680,1
sniffing,38726,38680,38726,46
walking,38730,38726,38730,4
grooming,38767,38730,38767,37
left_turning,38769,38767,38769,2
rising,38770,38769,38770,1
sniffing,38877,38770,38877,107
stepping,38898,38877,38898,21
climbing,38928,38898,38928,30
grooming,38929,38928,38929,1
rising,38970,38929,38970,41
climbing,39012,38970,39012,42
rising,39037,39012,39037,25
sniffing,39115,39037,39115,78
scratching,39154,39115,39154,39
grooming,39190,39154,39190,36
walking,39238,39190,39238,48
right_turning,39248,39238,39248,10
sniffing,39249,39248,39249,1
rising,39279,39249,39279,30
walking,39320,39279,39320,41
running,39342,39320,39342,22
sniffing,39420,39342,39420,78
rearing,39523,39420,39523,103
grooming,39553,39523,39553,30
rearing,39562,39553,39562,9
climbing,39615,39562,39615,53
left_turning,39616,39615,39616,1
walking,39632,39616,39632,16
stepping,39648,39632,39648,16
walking,39663,39648,39663,15
grooming,39787,39663,39787,124
right_turning,39800,39787,39800,13
stepping,39818,39800,39818,18
sniffing,39876,39818,39876,58
rearing,40038,39876,40038,162
rising,40044,40038,40044,6
rearing,40048,40044,40048,4
sniffing,40061,40048,40061,13
stepping,40078,40061,40078,17
grooming,40167,40078,40167,89
stepping,40190,40167,40190,23
sniffing,40251,40190,40251,61
rearing,40263,40251,40263,12
sniffing,40264,40263,40264,1
walking,40296,40264,40296,32
sniffing,40367,40296,40367,71
right_turning,40368,40367,40368,1
climbing,40373,40368,40373,5
trotting,40404,40373,40404,31
sniffing,40479,40404,40479,75
scratching,40557,40479,40557,78
walking,40561,40557,40561,4
rearing,40562,40561,40562,1
climbing,40600,40562,40600,38
grooming,41254,40600,41254,654
rising,41273,41254,41273,19
grooming,41391,41273,41391,118
sniffing,41420,41391,41420,29
rising,41493,41420,41493,73
climbing,41542,41493,41542,49
rearing,41596,41542,41596,54
rising,41597,41596,41597,1
sniffing,41635,41597,41635,38
walking,41656,41635,41656,21
rearing,41657,41656,41657,1
grooming,41674,41657,41674,17
walking,41677,41674,41677,3
rising,41714,41677,41714,37
grooming,41790,41714,41790,76
stepping,41802,41790,41802,12
sniffing,41803,41802,41803,1
walking,41822,41803,41822,19
sniffing,41918,41822,41918,96
grooming,42658,41918,42658,740
stepping,42686,42658,42686,28
walking,42731,42686,42731,45
stepping,42747,42731,42747,16
sniffing,42811,42747,42811,64
climbing,42815,42811,42815,4
rising,42862,42815,42862,47
climbing,42959,42862,42959,97
rearing,43016,42959,43016,57
hunching,43022,43016,43022,6
grooming,43119,43022,43119,97
rearing,43152,43119,43152,33
grooming,44029,43152,44029,877
rising,44195,44029,44195,166
left_turning,44200,44195,44200,5
climbing,44232,44200,44232,32
left_turning,44275,44232,44275,43
running,44278,44275,44278,3
sniffing,44320,44278,44320,42
stepping,44334,44320,44334,14
trotting,44367,44334,44367,33
left_turning,44374,44367,44374,7
hunching,44418,44374,44418,44
rearing,44483,44418,44483,65
climbing,44518,44483,44518,35
rising,44551,44518,44551,33
left_turning,44563,44551,44563,12
walking,44564,44563,44564,1
stepping,44595,44564,44595,31
rising,44596,44595,44596,1
left_turning,44646,44596,44646,50
walking,44654,44646,44654,8
stepping,44686,44654,44686,32
sniffing,44703,44686,44703,17
left_turning,44707,44703,44707,4
grooming,44708,44707,44708,1
rearing,44758,44708,44758,50
climbing,44817,44758,44817,59
grooming,45065,44817,45065,248
rearing,45066,45065,45066,1
grooming,45208,45066,45208,142
sniffing,45223,45208,45223,15
walking,45252,45223,45252,29
sniffing,45255,45252,45255,3
left_turning,45312,45255,45312,57
stepping,45336,45312,45336,24
sniffing,45453,45336,45453,117
rising,45481,45453,45481,28
sniffing,45496,45481,45496,15
stepping,45561,45496,45561,65
sniffing,45567,45561,45567,6
walking,45617,45567,45617,50
rising,45665,45617,45665,48
climbing,45682,45665,45682,17
grooming,45754,45682,45754,72
walking,45800,45754,45800,46
stepping,45861,45800,45861,61
walking,45882,45861,45882,21
right_turning,45898,45882,45898,16
stepping,45929,45898,45929,31
rising,46058,45929,46058,129
rearing,46074,46058,46074,16
climbing,46096,46074,46096,22
rising,46139,46096,46139,43
climbing,46171,46139,46171,32
grooming,46276,46171,46276,105
left_turning,46316,46276,46316,40
sniffing,46373,46316,46373,57
rising,46443,46373,46443,70
sniffing,46444,46443,46444,1
rising,46510,46444,46510,66
left_turning,46552,46510,46552,42
walking,46553,46552,46553,1
stepping,46584,46553,46584,31
sniffing,46626,46584,46626,42
scratching,46718,46626,46718,92
left_turning,46719,46718,46719,1
walking,46740,46719,46740,21
trotting,46747,46740,46747,7
walking,46794,46747,46794,47
sniffing,46838,46794,46838,44
climbing,46848,46838,46848,10
rearing,46924,46848,46924,76
grooming,47167,46924,47167,243
stepping,47202,47167,47202,35
sniffing,47203,47202,47203,1
left_turning,47206,47203,47206,3
rising,47239,47206,47239,33
climbing,47286,47239,47286,47
stepping,47329,47286,47329,43
sniffing,47330,47329,47330,1
walking,47407,47330,47407,77
sniffing,47450,47407,47450,43
stepping,47514,47450,47514,64
grooming,47526,47514,47526,12
walking,47559,47526,47559,33
sniffing,47572,47559,47572,13
grooming,48324,47572,48324,752
stepping,48349,48324,48349,25
grooming,48350,48349,48350,1
rising,48384,48350,48384,34
stepping,48403,48384,48403,19
walking,48458,48403,48458,55
stepping,48508,48458,48508,50
sniffing,48550,48508,48550,42
rising,48641,48550,48641,91
walking,48673,48641,48673,32
running,48700,48673,48700,27
right_turning,48728,48700,48728,28
stepping,48783,48728,48783,55
climbing,48811,48783,48811,28
sniffing,48849,48811,48849,38
rising,48850,48849,48850,1
sniffing,48851,48850,48851,1
hunching,48912,48851,48912,61
rising,48974,48912,48974,62
grooming,48975,48974,48975,1
walking,48991,48975,48991,16
sniffing,48992,48991,48992,1
hunching,49009,48992,49009,17
grooming,49010,49009,49010,1
scratching,49132,49010,49132,122
sniffing,49133,49132,49133,1
stepping,49184,49133,49184,51
rising,49185,49184,49185,1
scratching,49253,49185,49253,68
grooming,49420,49253,49420,167
right_turning,49421,49420,49421,1
sniffing,49447,49421,49447,26
walking,49480,49447,49480,33
sniffing,49543,49480,49543,63
rearing,49544,49543,49544,1
grooming,49545,49544,49545,1
sniffing,49585,49545,49585,40
stepping,49613,49585,49613,28
sniffing,49711,49613,49711,98
grooming,49796,49711,49796,85
rearing,49904,49796,49904,108
grooming,50051,49904,50051,147
left_turning,50052,50051,50052,1
sniffing,50097,50052,50097,45
walking,50134,50097,50134,37
sniffing,50193,50134,50193,59
stepping,50226,50193,50226,33
walking,50311,50226,50311,85
rising,50320,50311,50320,9
hunching,50443,50320,50443,123
grooming,51265,50443,51265,822
scratching,51442,51265,51442,177
grooming,51687,51442,51687,245
hunching,51688,51687,51688,1
rearing,51711,51688,51711,23
hunching,51981,51711,51981,270
left_turning,51982,51981,51982,1
stepping,52023,51982,52023,41
sniffing,52043,52023,52043,20
stepping,52087,52043,52087,44
rearing,52242,52087,52242,155
rising,52299,52242,52299,57
sniffing,52314,52299,52314,15
walking,52337,52314,52337,23
stepping,52344,52337,52344,7
walking,52352,52344,52352,8
sniffing,52361,52352,52361,9
stepping,52373,52361,52373,12
sniffing,52403,52373,52403,30
rearing,52482,52403,52482,79
sniffing,52542,52482,52542,60
stepping,52572,52542,52572,30
sniffing,52573,52572,52573,1
left_turning,52589,52573,52589,16
stepping,52647,52589,52647,58
rising,52708,52647,52708,61
sniffing,52728,52708,52728,20
rising,52807,52728,52807,79
rearing,52808,52807,52808,1
grooming,52809,52808,52809,1
walking,52861,52809,52861,52
trotting,52871,52861,52871,10
walking,52900,52871,52900,29
left_turning,52926,52900,52926,26
stepping,52960,52926,52960,34
left_turning,52962,52960,52962,2
running,52970,52962,52970,8
climbing,52988,52970,52988,18
rearing,53090,52988,53090,102
walking,53118,53090,53118,28
sniffing,53271,53118,53271,153
right_turning,53313,53271,53313,42
sniffing,53346,53313,53346,33
walking,53349,53346,53349,3
sniffing,53427,53349,53427,78
right_turning,53451,53427,53451,24
walking,53452,53451,53452,1
rising,53465,53452,53465,13
sniffing,53476,53465,53476,11
rearing,53477,53476,53477,1
stepping,53526,53477,53526,49
sniffing,53594,53526,53594,68
walking,53597,53594,53597,3
climbing,53625,53597,53625,28
rearing,53669,53625,53669,44
climbing,53799,53669,53799,130
grooming,53800,53799,53800,1
rising,53868,53800,53868,68
climbing,53949,53868,53949,81
grooming,53950,53949,53950,1
scratching,54047,53950,54047,97
sniffing,54070,54047,54070,23
stepping,54071,54070,54071,1
rising,54153,54071,54153,82
walking,54156,54153,54156,3
sniffing,54160,54156,54160,4
running,54173,54160,54173,13
walking,54184,54173,54184,11
sniffing,54211,54184,54211,27
rising,54240,54211,54240,29
left_turning,54273,54240,54273,33
sniffing,54289,54273,54289,16
rearing,54493,54289,54493,204
hunching,54582,54493,54582,89
grooming,54670,54582,54670,88
rearing,54716,54670,54716,46
grooming,54811,54716,54811,95
rearing,54818,54811,54818,7
grooming,54966,54818,54966,148
hunching,54999,54966,54999,33
stepping,55043,54999,55043,44
sniffing,55063,55043,55063,20
rearing,55110,55063,55110,47
climbing,55154,55110,55154,44
grooming,55155,55154,55155,1
stepping,55197,55155,55197,42
walking,55198,55197,55198,1
rising,55201,55198,55201,3
stepping,55272,55201,55272,71
rearing,55279,55272,55279,7
grooming,55647,55279,55647,368
right_turning,55682,55647,55682,35
sniffing,55864,55682,55864,182
stepping,55873,55864,55873,9
rearing,55959,55873,55959,86
climbing,56015,55959,56015,56
left_turning,56043,56015,56043,28
sniffing,56077,56043,56077,34
left_turning,56090,56077,56090,13
sniffing,56131,56090,56131,41
grooming,56548,56131,56548,417
stepping,56549,56548,56549,1
sniffing,56575,56549,56575,26
walking,56610,56575,56610,35
sniffing,56650,56610,56650,40
stepping,56670,56650,56670,20
grooming,56671,56670,56671,1
rearing,56672,56671,56672,1
climbing,56673,56672,56673,1
left_turning,56731,56673,56731,58
walking,56742,56731,56742,11
sniffing,56803,56742,56803,61
stepping,56823,56803,56823,20
walking,56839,56823,56839,16
stepping,56885,56839,56885,46
climbing,56942,56885,56942,57
grooming,56984,56942,56984,42
stepping,57018,56984,57018,34
right_turning,57062,57018,57062,44
sniffing,57089,57062,57089,27
rising,57139,57089,57139,50
climbing,57188,57139,57188,49
left_turning,57234,57188,57234,46
walking,57245,57234,57245,11
stepping,57283,57245,57283,38
climbing,57320,57283,57320,37
rearing,57414,57320,57414,94
rising,57448,57414,57448,34
hunching,57458,57448,57458,10
grooming,57465,57458,57465,7
trotting,57466,57465,57466,1
sniffing,57561,57466,57561,95
stepping,57569,57561,57569,8
sniffing,57611,57569,57611,42
stepping,57640,57611,57640,29
sniffing,57785,57640,57785,145
trotting,57818,57785,57818,33
rising,57876,57818,57876,58
stepping,57907,57876,57907,31
rearing,58129,57907,58129,222
climbing,58168,58129,58168,39
walking,58180,58168,58180,12
rising,58225,58180,58225,45
right_turning,58235,58225,58235,10
sniffing,58272,58235,58272,37
walking,58280,58272,58280,8
left_turning,58281,58280,58281,1
walking,58317,58281,58317,36
stepping,58356,58317,58356,39
climbing,58373,58356,58373,17
sniffing,58415,58373,58415,42
stepping,58439,58415,58439,24
walking,58440,58439,58440,1
sniffing,58454,58440,58454,14
stepping,58493,58454,58493,39
grooming,58585,58493,58585,92
rising,58589,58585,58589,4
stepping,58653,58589,58653,64
rearing,58659,58653,58659,6
walking,58677,58659,58677,18
sniffing,58713,58677,58713,36
stepping,58725,58713,58725,12
trotting,58752,58725,58752,27
walking,58783,58752,58783,31
stepping,58796,58783,58796,13
scratching,58840,58796,58840,44
sniffing,58900,58840,58900,60
climbing,58920,58900,58920,20
rising,58927,58920,58927,7
left_turning,58956,58927,58956,29
stepping,58993,58956,58993,37
sniffing,58994,58993,58994,1
stepping,59005,58994,59005,11
walking,59044,59005,59044,39
sniffing,59129,59044,59129,85
walking,59160,59129,59160,31
sniffing,59231,59160,59231,71
walking,59244,59231,59244,13
sniffing,59271,59244,59271,27
walking,59301,59271,59301,30
rearing,59472,59301,59472,171
grooming,59473,59472,59473,1
rising,59540,59473,59540,67
climbing,59585,59540,59585,45
stepping,59592,59585,59592,7
sniffing,59629,59592,59629,37
walking,59640,59629,59640,11
stepping,59692,59640,59692,52
grooming,59768,59692,59768,76
rearing,59769,59768,59769,1
grooming,59770,59769,59770,1
climbing,59803,59770,59803,33
stepping,59813,59803,59813,10
climbing,59833,59813,59833,20
rising,59834,59833,59834,1
stepping,59862,59834,59862,28
sniffing,59953,59862,59953,91
walking,59997,59953,59997,44
stepping,60008,59997,60008,11
walking,60068,60008,60068,60
right_turning,60069,60068,60069,1
walking,60108,60069,60108,39
rising,60109,60108,60109,1
rearing,60110,60109,60110,1
grooming,60111,60110,60111,1
rearing,60112,60111,60112,1
running,60140,60112,60140,28
walking,60186,60140,60186,46
left_turning,60198,60186,60198,12
walking,60220,60198,60220,22
stepping,60275,60220,60275,55
sniffing,60287,60275,60287,12
walking,60323,60287,60323,36
left_turning,60344,60323,60344,21
scratching,60345,60344,60345,1
grooming,60612,60345,60612,267
left_turning,60698,60612,60698,86
walking,60733,60698,60733,35
sniffing,60734,60733,60734,1
grooming,60735,60734,60735,1
sniffing,60783,60735,60783,48
rearing,60949,60783,60949,166
grooming,61131,60949,61131,182
sniffing,61132,61131,61132,1
rising,61146,61132,61146,14
walking,61180,61146,61180,34
sniffing,61194,61180,61194,14
right_turning,61200,61194,61200,6
climbing,61272,61200,61272,72
trotting,61309,61272,61309,37
walking,61356,61309,61356,47
sniffing,61421,61356,61421,65
rising,61422,61421,61422,1
rearing,61450,61422,61450,28
rising,61451,61450,61451,1
climbing,61493,61451,61493,42
trotting,61551,61493,61551,58
walking,61587,61551,61587,36
sniffing,61610,61587,61610,23
walking,61630,61610,61630,20
grooming,61834,61630,61834,204
sniffing,61849,61834,61849,15
climbing,61916,61849,61916,67
stepping,61983,61916,61983,67
sniffing,62125,61983,62125,142
rearing,62286,62125,62286,161
left_turning,62299,62286,62299,13
rising,62323,62299,62323,24
walking,62338,62323,62338,15
running,62372,62338,62372,34
sniffing,62510,62372,62510,138
left_turning,62564,62510,62564,54
walking,62608,62564,62608,44
sniffing,62632,62608,62632,24
rising,62661,62632,62661,29
climbing,62716,62661,62716,55
left_turning,62760,62716,62760,44
walking,62780,62760,62780,20
stepping,62816,62780,62816,36
walking,62844,62816,62844,28
stepping,62850,62844,62850,6
sniffing,62890,62850,62890,40
stepping,62899,62890,62899,9
walking,62912,62899,62912,13
sniffing,62974,62912,62974,62
stepping,63010,62974,63010,36
walking,63105,63010,63105,95
stepping,63136,63105,63136,31
sniffing,63151,63136,63151,15
stepping,63156,63151,63156,5
rearing,63231,63156,63231,75
sniffing,63319,63231,63319,88
walking,63349,63319,63349,30
sniffing,63409,63349,63409,60
walking,63425,63409,63425,16
rearing,63480,63425,63480,55
grooming,63481,63480,63481,1
rearing,63551,63481,63551,70
grooming,63552,63551,63552,1
rising,63553,63552,63553,1
climbing,63601,63553,63601,48
walking,63620,63601,63620,19
stepping,63659,63620,63659,39
sniffing,63689,63659,63689,30
walking,63708,63689,63708,19
sniffing,63821,63708,63821,113
walking,63835,63821,63835,14
stepping,63874,63835,63874,39
rising,63905,63874,63905,31
climbing,63961,63905,63961,56
left_turning,63981,63961,63981,20
rising,64035,63981,64035,54
sniffing,64050,64035,64050,15
trotting,64059,64050,64059,9
sniffing,64065,64059,64065,6
right_turning,64079,64065,64079,14
sniffing,64178,64079,64178,99
grooming,64179,64178,64179,1
hunching,64222,64179,64222,43
grooming,64295,64222,64295,73
hunching,64391,64295,64391,96
grooming,64570,64391,64570,179
trotting,64577,64570,64577,7
sniffing,64578,64577,64578,1
hunching,64797,64578,64797,219
grooming,64971,64797,64971,174
rearing,65007,64971,65007,36
stepping,65035,65007,65035,28
trotting,65075,65035,65075,40
stepping,65134,65075,65134,59
running,65159,65134,65159,25
trotting,65164,65159,65164,5
sniffing,65233,65164,65233,69
right_turning,65237,65233,65237,4
sniffing,65256,65237,65256,19
walking,65328,65256,65328,72
rearing,65611,65328,65611,283
rising,65639,65611,65639,28
climbing,65657,65639,65657,18
rearing,65750,65657,65750,93
climbing,65751,65750,65751,1
right_turning,65753,65751,65753,2
sniffing,65943,65753,65943,190
rising,65987,65943,65987,44
rearing,66082,65987,66082,95
hunching,66146,66082,66146,64
rearing,66147,66146,66147,1
climbing,66161,66147,66161,14
stepping,66204,66161,66204,43
walking,66224,66204,66224,20
sniffing,66310,66224,66310,86
grooming,66552,66310,66552,242
sniffing,66569,66552,66569,17
rearing,66694,66569,66694,125
stepping,66704,66694,66704,10
rising,66728,66704,66728,24
grooming,66780,66728,66780,52
rising,66790,66780,66790,10
climbing,66853,66790,66853,63
rising,66854,66853,66854,1
rearing,66898,66854,66898,44
climbing,66944,66898,66944,46
grooming,66981,66944,66981,37
hunching,67043,66981,67043,62
left_turning,67044,67043,67044,1
grooming,67045,67044,67045,1
sniffing,67097,67045,67097,52
rearing,67166,67097,67166,69
climbing,67184,67166,67184,18
running,67186,67184,67186,2
walking,67192,67186,67192,6
sniffing,67193,67192,67193,1
left_turning,67310,67193,67310,117
walking,67311,67310,67311,1
sniffing,67318,67311,67318,7
trotting,67347,67318,67347,29
rising,67405,67347,67405,58
sniffing,67455,67405,67455,50
stepping,67507,67455,67507,52
walking,67531,67507,67531,24
climbing,67550,67531,67550,19
right_turning,67555,67550,67555,5
walking,67584,67555,67584,29
trotting,67626,67584,67626,42
walking,67648,67626,67648,22
sniffing,67711,67648,67711,63
walking,67712,67711,67712,1
stepping,67729,67712,67729,17
walking,67735,67729,67735,6
rearing,67813,67735,67813,78
climbing,67816,67813,67816,3
stepping,67863,67816,67863,47
sniffing,67864,67863,67864,1
stepping,67877,67864,67877,13
walking,67915,67877,67915,38
sniffing,67961,67915,67961,46
grooming,68120,67961,68120,159
rearing,68121,68120,68121,1
grooming,68181,68121,68181,60
right_turning,68208,68181,68208,27
sniffing,68300,68208,68300,92
walking,68311,68300,68311,11
sniffing,68312,68311,68312,1
stepping,68359,68312,68359,47
walking,68382,68359,68382,23
sniffing,68448,68382,68448,66
walking,68503,68448,68503,55
sniffing,68545,68503,68545,42
rising,68548,68545,68548,3
sniffing,68605,68548,68605,57
rising,68637,68605,68637,32
climbing,68704,68637,68704,67
rearing,68799,68704,68799,95
hunching,68841,68799,68841,42
grooming,69021,68841,69021,180
rising,69078,69021,69078,57
sniffing,69109,69078,69109,31
stepping,69148,69109,69148,39
walking,69158,69148,69158,10
sniffing,69162,69158,69162,4
climbing,69188,69162,69188,26
left_turning,69207,69188,69207,19
walking,69218,69207,69218,11
rising,69255,69218,69255,37
climbing,69341,69255,69341,86
left_turning,69349,69341,69349,8
stepping,69394,69349,69394,45
walking,69428,69394,69428,34
climbing,69468,69428,69468,40
left_turning,69484,69468,69484,16
scratching,69601,69484,69601,117
stepping,69604,69601,69604,3
sniffing,69656,69604,69656,52
scratching,69784,69656,69784,128
sniffing,69953,69784,69953,169
rising,70016,69953,70016,63
grooming,70630,70016,70630,614
hunching,70642,70630,70642,12
grooming,70729,70642,70729,87
hunching,70783,70729,70783,54
rearing,70851,70783,70851,68
grooming,70852,70851,70852,1
hunching,70893,70852,70893,41
grooming,71527,70893,71527,634
rearing,71615,71527,71615,88
grooming,71936,71615,71936,321
rearing,71943,71936,71943,7
rising,71964,71943,71964,21
sniffing,72016,71964,72016,52
walking,72046,72016,72046,30
stepping,72100,72046,72100,54
sniffing,72140,72100,72140,40
stepping,72166,72140,72166,26
walking,72222,72166,72222,56
sniffing,72263,72222,72263,41
stepping,72295,72263,72295,32
right_turning,72311,72295,72311,16
walking,72316,72311,72316,5
sniffing,72392,72316,72392,76
rearing,72402,72392,72402,10
grooming,72705,72402,72705,303
left_turning,72719,72705,72719,14
trotting,72770,72719,72770,51
sniffing,72856,72770,72856,86
stepping,72857,72856,72857,1
rearing,72881,72857,72881,24
climbing,72941,72881,72941,60
left_turning,72980,72941,72980,39
sniffing,73040,72980,73040,60
rising,73094,73040,73094,54
climbing,73133,73094,73133,39
sniffing,73272,73133,73272,139
stepping,73280,73272,73280,8
grooming,73281,73280,73281,1
sniffing,73307,73281,73307,26
stepping,73337,73307,73337,30
walking,73346,73337,73346,9
sniffing,73378,73346,73378,32
rising,73404,73378,73404,26
sniffing,73439,73404,73439,35
walking,73469,73439,73469,30
sniffing,73470,73469,73470,1
rising,73487,73470,73487,17
rearing,73594,73487,73594,107
grooming,73695,73594,73695,101
sniffing,73696,73695,73696,1
stepping,73724,73696,73724,28
rising,73751,73724,73751,27
rearing,73812,73751,73812,61
sniffing,73855,73812,73855,43
stepping,73900,73855,73900,45
running,73931,73900,73931,31
right_turning,73934,73931,73934,3
sniffing,73976,73934,73976,42
walking,73998,73976,73998,22
trotting,74019,73998,74019,21
running,74028,74019,74028,9
walking,74029,74028,74029,1
climbing,74048,74029,74048,19
walking,74091,74048,74091,43
climbing,74107,74091,74107,16
left_turning,74108,74107,74108,1
running,74124,74108,74124,16
walking,74161,74124,74161,37
stepping,74190,74161,74190,29
walking,74211,74190,74211,21
sniffing,74265,74211,74265,54
grooming,74409,74265,74409,144
walking,74424,74409,74424,15
sniffing,74449,74424,74449,25
grooming,74831,74449,74831,382
rearing,74913,74831,74913,82
sniffing,74990,74913,74990,77
stepping,75028,74990,75028,38
grooming,75238,75028,75238,210
scratching,75246,75238,75246,8
sniffing,75300,75246,75300,54
stepping,75302,75300,75302,2
left_turning,75331,75302,75331,29
stepping,75340,75331,75340,9
sniffing,75390,75340,75390,50
rising,75410,75390,75410,20
walking,75411,75410,75411,1
rising,75440,75411,75440,29
grooming,75507,75440,75507,67
hunching,75621,75507,75621,114
rearing,75641,75621,75641,20
grooming,75892,75641,75892,251
sniffing,75937,75892,75937,45
walking,75963,75937,75963,26
rearing,75972,75963,75972,9
hunching,76000,75972,76000,28
grooming,76016,76000,76016,16
climbing,76048,76016,76048,32
left_turning,76093,76048,76093,45
scratching,76222,76093,76222,129
grooming,76223,76222,76223,1
left_turning,76315,76223,76315,92
grooming,76316,76315,76316,1
hunching,76400,76316,76400,84
left_turning,76576,76400,76576,176
trotting,76593,76576,76593,17
sniffing,76676,76593,76676,83
rearing,76696,76676,76696,20
grooming,76870,76696,76870,174
sniffing,76884,76870,76884,14
grooming,77270,76884,77270,386
walking,77294,77270,77294,24
right_turning,77295,77294,77295,1
grooming,77296,77295,77296,1
walking,77313,77296,77313,17
sniffing,77369,77313,77369,56
walking,77386,77369,77386,17
sniffing,77426,77386,77426,40
left_turning,77453,77426,77453,27
walking,77476,77453,77476,23
left_turning,77543,77476,77543,67
grooming,78178,77543,78178,635
rising,78192,78178,78192,14
climbing,78196,78192,78196,4
rising,78197,78196,78197,1
sniffing,78287,78197,78287,90
stepping,78297,78287,78297,10
walking,78319,78297,78319,22
sniffing,78357,78319,78357,38
rearing,78500,78357,78500,143
rising,78537,78500,78537,37
climbing,78559,78537,78559,22
stepping,78579,78559,78579,20
grooming,78580,78579,78580,1
sniffing,78660,78580,78660,80
right_turning,78672,78660,78672,12
sniffing,78728,78672,78728,56
right_turning,78732,78728,78732,4
sniffing,78733,78732,78733,1
stepping,78754,78733,78754,21
grooming,78979,78754,78979,225
rising,79040,78979,79040,61
climbing,79139,79040,79139,99
trotting,79141,79139,79141,2
sniffing,79200,79141,79200,59
rising,79214,79200,79214,14
rearing,79380,79214,79380,166
grooming,79503,79380,79503,123
sniffing,79557,79503,79557,54
stepping,79597,79557,79597,40
walking,79602,79597,79602,5
left_turning,79603,79602,79603,1
walking,79621,79603,79621,18
running,79636,79621,79636,15
walking,79655,79636,79655,19
running,79675,79655,79675,20
sniffing,79692,79675,79692,17
rising,79737,79692,79737,45
grooming,79754,79737,79754,17
left_turning,79795,79754,79795,41
stepping,79847,79795,79847,52
rising,79944,79847,79944,97
climbing,79975,79944,79975,31
left_turning,80013,79975,80013,38
grooming,80227,80013,80227,214
trotting,80255,80227,80255,28
stepping,80274,80255,80274,19
sniffing,80275,80274,80275,1
grooming,81496,80275,81496,1221
climbing,81557,81496,81557,61
rearing,81622,81557,81622,65
left_turning,81640,81622,81640,18
walking,81660,81640,81660,20
rearing,81737,81660,81737,77
sniffing,81794,81737,81794,57
grooming,82122,81794,82122,328
climbing,82170,82122,82170,48
sniffing,82212,82170,82212,42
rising,82268,82212,82268,56
rearing,82282,82268,82282,14
left_turning,82283,82282,82283,1
trotting,82305,82283,82305,22
walking,82337,82305,82337,32
left_turning,82381,82337,82381,44
sniffing,82382,82381,82382,1
stepping,82423,82382,82423,41
walking,82488,82423,82488,65
stepping,82516,82488,82516,28
sniffing,82619,82516,82619,103
rising,82656,82619,82656,37
grooming,82775,82656,82775,119
rearing,82783,82775,82783,8
rising,82790,82783,82790,7
climbing,82823,82790,82823,33
rearing,82871,82823,82871,48
hunching,82888,82871,82888,17
grooming,83055,82888,83055,167
hunching,83135,83055,83135,80
grooming,83620,83135,83620,485
rearing,83664,83620,83664,44
climbing,83687,83664,83687,23
walking,83722,83687,83722,35
sniffing,83806,83722,83806,84
rising,83896,83806,83896,90
grooming,83968,83896,83968,72
rising,84013,83968,84013,45
scratching,84064,84013,84064,51
grooming,84153,84064,84153,89
sniffing,84253,84153,84253,100
right_turning,84270,84253,84270,17
grooming,84271,84270,84271,1
walking,84303,84271,84303,32
climbing,84339,84303,84339,36
walking,84349,84339,84349,10
stepping,84350,84349,84350,1
sniffing,84370,84350,84370,20
grooming,84533,84370,84533,163
scratching,84697,84533,84697,164
grooming,84881,84697,84881,184
walking,84909,84881,84909,28
climbing,85048,84909,85048,139
hunching,85049,85048,85049,1
rising,85055,85049,85055,6
grooming,85103,85055,85103,48
sniffing,85148,85103,85148,45
walking,85190,85148,85190,42
sniffing,85226,85190,85226,36
rising,85261,85226,85261,35
climbing,85409,85261,85409,148
left_turning,85444,85409,85444,35
rising,85472,85444,85472,28
left_turning,85538,85472,85538,66
rearing,85578,85538,85578,40
walking,85618,85578,85618,40
rising,85619,85618,85619,1
climbing,85638,85619,85638,19
grooming,85692,85638,85692,54
stepping,85712,85692,85712,20
sniffing,85749,85712,85749,37
left_turning,85797,85749,85797,48
sniffing,85842,85797,85842,45
walking,85867,85842,85867,25
sniffing,85892,85867,85892,25
rising,85961,85892,85961,69
sniffing,85962,85961,85962,1
stepping,85984,85962,85984,22
running,86022,85984,86022,38
stepping,86024,86022,86024,2
sniffing,86160,86024,86160,136
rearing,86249,86160,86249,89
sniffing,86337,86249,86337,88
stepping,86371,86337,86371,34
sniffing,86402,86371,86402,31
stepping,86456,86402,86456,54
running,86492,86456,86492,36
sniffing,86512,86492,86512,20
grooming,86618,86512,86618,106
walking,86642,86618,86642,24
stepping,86657,86642,86657,15
grooming,86658,86657,86658,1
rising,86682,86658,86682,24
rearing,86708,86682,86708,26
trotting,86753,86708,86753,45
walking,86760,86753,86760,7
left_turning,86761,86760,86761,1
rising,86778,86761,86778,17
hunching,86779,86778,86779,1
sniffing,86786,86779,86786,7
rearing,86787,86786,86787,1
grooming,86788,86787,86788,1
climbing,86873,86788,86873,85
right_turning,86906,86873,86906,33
rising,86958,86906,86958,52
rearing,86967,86958,86967,9
climbing,87006,86967,87006,39
rearing,87030,87006,87030,24
climbing,87080,87030,87080,50
right_turning,87081,87080,87081,1
walking,87100,87081,87100,19
stepping,87129,87100,87129,29
sniffing,87130,87129,87130,1
rising,87192,87130,87192,62
rearing,87252,87192,87252,60
hunching,87253,87252,87253,1
grooming,87254,87253,87254,1
sniffing,87288,87254,87288,34
left_turning,87328,87288,87328,40
sniffing,87379,87328,87379,51
left_turning,87426,87379,87426,47
walking,87473,87426,87473,47
sniffing,87478,87473,87478,5
walking,87479,87478,87479,1
climbing,87629,87479,87629,150
stepping,87641,87629,87641,12
trotting,87663,87641,87663,22
rearing,87719,87663,87719,56
stepping,87725,87719,87725,6
sniffing,87817,87725,87817,92
stepping,87845,87817,87845,28
sniffing,87846,87845,87846,1
grooming,88176,87846,88176,330
rearing,88234,88176,88234,58
hunching,88247,88234,88247,13
stepping,88259,88247,88259,12
walking,88298,88259,88298,39
sniffing,88336,88298,88336,38
trotting,88369,88336,88369,33
sniffing,88390,88369,88390,21
walking,88422,88390,88422,32
sniffing,88473,88422,88473,51
stepping,88529,88473,88529,56
climbing,88557,88529,88557,28
left_turning,88630,88557,88630,73
grooming,88631,88630,88631,1
right_turning,88647,88631,88647,16
running,88656,88647,88656,9
walking,88693,88656,88693,37
sniffing,88745,88693,88745,52
walking,88752,88745,88752,7
stepping,88787,88752,88787,35
rising,88798,88787,88798,11
sniffing,88833,88798,88833,35
climbing,88845,88833,88845,12
right_turning,88876,88845,88876,31
grooming,88899,88876,88899,23
sniffing,88954,88899,88954,55
walking,88970,88954,88970,16
sniffing,89007,88970,89007,37
right_turning,89027,89007,89027,20
scratching,89104,89027,89104,77
rising,89142,89104,89142,38
rearing,89143,89142,89143,1
walking,89185,89143,89185,42
trotting,89186,89185,89186,1
grooming,89187,89186,89187,1
rising,89212,89187,89212,25
sniffing,89262,89212,89262,50
walking,89270,89262,89270,8
sniffing,89496,89270,89496,226
trotting,89530,89496,89530,34
stepping,89534,89530,89534,4
sniffing,89535,89534,89535,1
grooming,89679,89535,89679,144
sniffing,89735,89679,89735,56
walking,89765,89735,89765,30
sniffing,89900,89765,89900,135
rising,89944,89900,89944,44
rearing,89963,89944,89963,19
grooming,90067,89963,90067,104
jumping,90078,90067,90078,11
walking,90082,90078,90082,4
rising,90124,90082,90124,42
climbing,90159,90124,90159,35
grooming,90206,90159,90206,47
climbing,90247,90206,90247,41
left_turning,90277,90247,90277,30
stepping,90294,90277,90294,17
running,90309,90294,90309,15
rising,90361,90309,90361,52
climbing,90362,90361,90362,1
grooming,90570,90362,90570,208
rearing,90618,90570,90618,48
climbing,90668,90618,90668,50
rearing,90704,90668,90704,36
climbing,90747,90704,90747,43
left_turning,90775,90747,90775,28
grooming,90776,90775,90776,1
rearing,90859,90776,90859,83
climbing,90890,90859,90890,31
left_turning,90953,90890,90953,63
stepping,90987,90953,90987,34
sniffing,91058,90987,91058,71
walking,91075,91058,91075,17
sniffing,91115,91075,91115,40
stepping,91165,91115,91165,50
sniffing,91190,91165,91190,25
walking,91191,91190,91191,1
sniffing,91207,91191,91207,16
hunching,91296,91207,91296,89
sniffing,91373,91296,91373,77
trotting,91376,91373,91376,3
stepping,91390,91376,91390,14
rising,91465,91390,91465,75
rearing,91512,91465,91512,47
climbing,91578,91512,91578,66
walking,91649,91578,91649,71
trotting,91679,91649,91679,30
stepping,91707,91679,91707,28
sniffing,91785,91707,91785,78
climbing,91851,91785,91851,66
running,91894,91851,91894,43
stepping,91912,91894,91912,18
right_turning,91921,91912,91921,9
scratching,91922,91921,91922,1
sniffing,91986,91922,91986,64
trotting,92021,91986,92021,35
walking,92065,92021,92065,44
stepping,92074,92065,92074,9
sniffing,92106,92074,92106,32
right_turning,92151,92106,92151,45
stepping,92154,92151,92154,3
climbing,92262,92154,92262,108
grooming,92282,92262,92282,20
rearing,92569,92282,92569,287
stepping,92599,92569,92599,30
walking,92600,92599,92600,1
stepping,92635,92600,92635,35
sniffing,92695,92635,92695,60
walking,92710,92695,92710,15
grooming,92772,92710,92772,62
running,92797,92772,92797,25
climbing,92816,92797,92816,19
stepping,92844,92816,92844,28
climbing,92896,92844,92896,52
left_turning,92916,92896,92916,20
sniffing,92973,92916,92973,57
rising,93010,92973,93010,37
sniffing,93040,93010,93040,30
walking,93070,93040,93070,30
stepping,93081,93070,93081,11
sniffing,93082,93081,93082,1
rising,93130,93082,93130,48
climbing,93201,93130,93201,71
sniffing,93271,93201,93271,70
rearing,93331,93271,93331,60
grooming,93357,93331,93357,26
rearing,93416,93357,93416,59
trotting,93457,93416,93457,41
walking,93493,93457,93493,36
stepping,93541,93493,93541,48
right_turning,93548,93541,93548,7
stepping,93551,93548,93551,3
left_turning,93580,93551,93580,29
rising,93611,93580,93611,31
climbing,93724,93611,93724,113
walking,93806,93724,93806,82
rising,93808,93806,93808,2
sniffing,93814,93808,93814,6
stepping,93828,93814,93828,14
sniffing,94070,93828,94070,242
stepping,94112,94070,94112,42
sniffing,94140,94112,94140,28
stepping,94170,94140,94170,30
climbing,94202,94170,94202,32
rearing,94212,94202,94212,10
sniffing,94274,94212,94274,62
grooming,94507,94274,94507,233
sniffing,94525,94507,94525,18
walking,94530,94525,94530,5
stepping,94554,94530,94554,24
sniffing,94592,94554,94592,38
grooming,94616,94592,94616,24
sniffing,94665,94616,94665,49
climbing,94716,94665,94716,51
trotting,94732,94716,94732,16
walking,94754,94732,94754,22
sniffing,94763,94754,94763,9
grooming,94764,94763,94764,1
sniffing,94847,94764,94847,83
stepping,94894,94847,94894,47
climbing,94931,94894,94931,37
stepping,94947,94931,94947,16
sniffing,95003,94947,95003,56
rearing,95004,95003,95004,1
walking,95013,95004,95013,9
sniffing,95053,95013,95053,40
rising,95057,95053,95057,4
rearing,95069,95057,95069,12
left_turning,95098,95069,95098,29
hunching,95109,95098,95109,11
grooming,95133,95109,95133,24
stepping,95153,95133,95153,20
walking,95161,95153,95161,8
rising,95192,95161,95192,31
climbing,95223,95192,95223,31
sniffing,95263,95223,95263,40
rearing,95264,95263,95264,1
hunching,95327,95264,95327,63
left_turning,95333,95327,95333,6
rising,95376,95333,95376,43
sniffing,95420,95376,95420,44
left_turning,95441,95420,95441,21
walking,95444,95441,95444,3
grooming,95505,95444,95505,61
right_turning,95540,95505,95540,35
climbing,95582,95540,95582,42
left_turning,95613,95582,95613,31
climbing,95678,95613,95678,65
rearing,95680,95678,95680,2
hunching,95681,95680,95681,1
rearing,95831,95681,95831,150
climbing,95874,95831,95874,43
rearing,95890,95874,95890,16
climbing,95946,95890,95946,56
grooming,95961,95946,95961,15
rising,96007,95961,96007,46
walking,96016,96007,96016,9
rearing,96135,96016,96135,119
walking,96158,96135,96158,23
stepping,96204,96158,96204,46
grooming,96299,96204,96299,95
rearing,96384,96299,96384,85
left_turning,96410,96384,96410,26
walking,96437,96410,96437,27
sniffing,96500,96437,96500,63
rising,96537,96500,96537,37
grooming,96558,96537,96558,21
sniffing,96614,96558,96614,56
rising,96634,96614,96634,20
rearing,96666,96634,96666,32
stepping,96673,96666,96673,7
right_turning,96697,96673,96697,24
walking,96709,96697,96709,12
sniffing,96770,96709,96770,61
stepping,96788,96770,96788,18
walking,96816,96788,96816,28
sniffing,96856,96816,96856,40
rising,96893,96856,96893,37
grooming,96944,96893,96944,51
rising,96959,96944,96959,15
grooming,97113,96959,97113,154
stepping,97130,97113,97130,17
climbing,97177,97130,97177,47
stepping,97201,97177,97201,24
walking,97231,97201,97231,30
stepping,97232,97231,97232,1
sniffing,97287,97232,97287,55
stepping,97323,97287,97323,36
walking,97346,97323,97346,23
sniffing,97361,97346,97361,15
grooming,97676,97361,97676,315
trotting,97704,97676,97704,28
sniffing,97705,97704,97705,1
rearing,97759,97705,97759,54
walking,97791,97759,97791,32
sniffing,97792,97791,97792,1
trotting,97809,97792,97809,17
sniffing,97860,97809,97860,51
rearing,97870,97860,97870,10
hunching,97936,97870,97936,66
grooming,98001,97936,98001,65
sniffing,98108,98001,98108,107
walking,98133,98108,98133,25
stepping,98161,98133,98161,28
walking,98184,98161,98184,23
sniffing,98212,98184,98212,28
rearing,98274,98212,98274,62
walking,98294,98274,98294,20
stepping,98334,98294,98334,40
trotting,98343,98334,98343,9
stepping,98350,98343,98350,7
rearing,98351,98350,98351,1
stepping,98378,98351,98378,27
sniffing,98383,98378,98383,5
stepping,98390,98383,98390,7
sniffing,98428,98390,98428,38
rearing,98532,98428,98532,104
stepping,98539,98532,98539,7
rearing,98603,98539,98603,64
right_turning,98626,98603,98626,23
walking,98638,98626,98638,12
rising,98644,98638,98644,6
grooming,98714,98644,98714,70
sniffing,98797,98714,98797,83
walking,98856,98797,98856,59
running,98883,98856,98883,27
trotting,98908,98883,98908,25
walking,98954,98908,98954,46
sniffing,98973,98954,98973,19
stepping,98989,98973,98989,16
grooming,98990,98989,98990,1
rearing,99000,98990,99000,10
grooming,99001,99000,99001,1
rearing,99063,99001,99063,62
hunching,99152,99063,99152,89
sniffing,99260,99152,99260,108
walking,99293,99260,99293,33
sniffing,99307,99293,99307,14
rising,99340,99307,99340,33
climbing,99343,99340,99343,3
left_turning,99432,99343,99432,89
sniffing,99466,99432,99466,34
rising,99467,99466,99467,1
stepping,99483,99467,99483,16
walking,99496,99483,99496,13
stepping,99497,99496,99497,1
rising,99597,99497,99597,100
left_turning,99605,99597,99605,8
rising,99621,99605,99621,16
sniffing,99669,99621,99669,48
stepping,99700,99669,99700,31
sniffing,99703,99700,99703,3
stepping,99715,99703,99715,12
sniffing,99716,99715,99716,1
stepping,99720,99716,99720,4
sniffing,99788,99720,99788,68
walking,99804,99788,99804,16
sniffing,99954,99804,99954,150
stepping,99965,99954,99965,11
sniffing,100014,99965,100014,49
rearing,100124,100014,100124,110
stepping,100147,100124,100147,23
sniffing,100193,100147,100193,46
walking,100221,100193,100221,28
sniffing,100260,100221,100260,39
left_turning,100306,100260,100306,46
stepping,100346,100306,100346,40
grooming,100394,100346,100394,48
sniffing,100416,100394,100416,22
stepping,100440,100416,100440,24
sniffing,100441,100440,100441,1
hunching,100469,100441,100469,28
rearing,100543,100469,100543,74
climbing,100544,100543,100544,1
walking,100642,100544,100642,98
stepping,100720,100642,100720,78
rising,100743,100720,100743,23
grooming,100744,100743,100744,1
hunching,100813,100744,100813,69
rearing,100882,100813,100882,69
grooming,100883,100882,100883,1
rearing,100898,100883,100898,15
sniffing,100933,100898,100933,35
stepping,100970,100933,100970,37
jumping,100990,100970,100990,20
rising,100991,100990,100991,1
rearing,101001,100991,101001,10
running,101012,101001,101012,11
trotting,101052,101012,101052,40
sniffing,101053,101052,101053,1
walking,101096,101053,101096,43
sniffing,101144,101096,101144,48
stepping,101151,101144,101151,7
sniffing,101177,101151,101177,26
grooming,101215,101177,101215,38
walking,101216,101215,101216,1
sniffing,101305,101216,101305,89
rearing,101321,101305,101321,16
sniffing,101377,101321,101377,56
walking,101411,101377,101411,34
climbing,101432,101411,101432,21
grooming,101559,101432,101559,127
hunching,101580,101559,101580,21
rearing,101584,101580,101584,4
sniffing,101626,101584,101626,42
stepping,101661,101626,101661,35
rising,101724,101661,101724,63
stepping,101728,101724,101728,4
sniffing,101909,101728,101909,181
walking,101959,101909,101959,50
right_turning,101960,101959,101960,1
sniffing,101964,101960,101964,4
walking,101985,101964,101985,21
trotting,102037,101985,102037,52
jumping,102038,102037,102038,1
rearing,102039,102038,102039,1
climbing,102044,102039,102044,5
grooming,102237,102044,102237,193
sniffing,102289,102237,102289,52
right_turning,102311,102289,102311,22
grooming,103109,102311,103109,798
left_turning,103137,103109,103137,28
grooming,103462,103137,103462,325
rising,103466,103462,103466,4
rearing,103640,103466,103640,174
grooming,103662,103640,103662,22
rising,103672,103662,103672,10
sniffing,103678,103672,103678,6
stepping,103695,103678,103695,17
sniffing,103726,103695,103726,31
grooming,103727,103726,103727,1
rearing,103793,103727,103793,66
grooming,104052,103793,104052,259
rearing,104100,104052,104100,48
climbing,104112,104100,104112,12
rising,104182,104112,104182,70
climbing,104197,104182,104197,15
running,104221,104197,104221,24
trotting,104233,104221,104233,12
walking,104243,104233,104243,10
rearing,104464,104243,104464,221
sniffing,104528,104464,104528,64
hunching,104598,104528,104598,70
sniffing,104653,104598,104653,55
rearing,104713,104653,104713,60
hunching,104724,104713,104724,11
grooming,104725,104724,104725,1
scratching,104769,104725,104769,44
sniffing,104794,104769,104794,25
rearing,104851,104794,104851,57
grooming,104937,104851,104937,86
hunching,104993,104937,104993,56
grooming,105217,104993,105217,224
sniffing,105218,105217,105218,1
right_turning,105255,105218,105255,37
sniffing,105292,105255,105292,37
climbing,105300,105292,105300,8
rearing,105332,105300,105332,32
hunching,105384,105332,105384,52
grooming,105635,105384,105635,251
sniffing,105686,105635,105686,51
rising,105724,105686,105724,38
grooming,105900,105724,105900,176
hunching,105940,105900,105940,40
sniffing,106018,105940,106018,78
walking,106043,106018,106043,25
right_turning,106044,106043,106044,1
stepping,106057,106044,106057,13
sniffing,106168,106057,106168,111
walking,106206,106168,106206,38
climbing,106280,106206,106280,74
rising,106298,106280,106298,18
sniffing,106385,106298,106385,87
rearing,106423,106385,106423,38
hunching,106424,106423,106424,1
rearing,106425,106424,106425,1
grooming,106426,106425,106426,1
sniffing,106619,106426,106619,193
stepping,106650,106619,106650,31
climbing,106651,106650,106651,1
rearing,106689,106651,106689,38
rising,106738,106689,106738,49
walking,106750,106738,106750,12
stepping,106803,106750,106803,53
sniffing,106835,106803,106835,32
left_turning,106864,106835,106864,29
sniffing,106900,106864,106900,36
stepping,106901,106900,106901,1
climbing,106930,106901,106930,29
stepping,106931,106930,106931,1
walking,107002,106931,107002,71
stepping,107034,107002,107034,32
sniffing,107037,107034,107037,3
grooming,107138,107037,107138,101
sniffing,107139,107138,107139,1
left_turning,107177,107139,107177,38
walking,107200,107177,107200,23
rising,107201,107200,107201,1
grooming,107507,107201,107507,306
hunching,107610,107507,107610,103
grooming,107611,107610,107611,1
hunching,107667,107611,107667,56
grooming,107810,107667,107810,143
running,107840,107810,107840,30
left_turning,107895,107840,107895,55
sniffing,107926,107895,107926,31
rising,107954,107926,107954,28
rearing,107955,107954,107955,1
grooming,108000,107955,108000,45
