revised_movement_label,segBoundary,segBoundary_start,segBoundary_end,length
rising,72,0,72,72
sniffing,86,72,86,14
stepping,117,86,117,31
right_turning,135,117,135,18
running,148,135,148,13
trotting,168,148,168,20
walking,211,168,211,43
sniffing,394,211,394,183
rising,397,394,397,3
grooming,398,397,398,1
walking,454,398,454,56
stepping,543,454,543,89
sniffing,561,543,561,18
grooming,901,561,901,340
walking,914,901,914,13
rising,992,914,992,78
walking,994,992,994,2
sniffing,995,994,995,1
stepping,1024,995,1024,29
walking,1054,1024,1054,30
stepping,1104,1054,1104,50
sniffing,1127,1104,1127,23
grooming,1128,1127,1128,1
rising,1150,1128,1150,22
right_turning,1157,1150,1157,7
running,1186,1157,1186,29
rising,1224,1186,1224,38
sniffing,1277,1224,1277,53
rearing,1334,1277,1334,57
grooming,1335,1334,1335,1
sniffing,1336,1335,1336,1
stepping,1366,1336,1366,30
walking,1384,1366,1384,18
sniffing,1410,1384,1410,26
stepping,1460,1410,1460,50
walking,1465,1460,1465,5
sniffing,1523,1465,1523,58
running,1556,1523,1556,33
walking,1557,1556,1557,1
trotting,1561,1557,1561,4
walking,1594,1561,1594,33
rising,1595,1594,1595,1
climbing,1636,1595,1636,41
left_turning,1641,1636,1641,5
rising,1642,1641,1642,1
rearing,1738,1642,1738,96
hunching,1776,1738,1776,38
grooming,1790,1776,1790,14
left_turning,1818,1790,1818,28
walking,1853,1818,1853,35
sniffing,1902,1853,1902,49
rising,1976,1902,1976,74
right_turning,1984,1976,1984,8
walking,2049,1984,2049,65
trotting,2054,2049,2054,5
sniffing,2057,2054,2057,3
walking,2058,2057,2058,1
stepping,2085,2058,2085,27
walking,2138,2085,2138,53
rising,2139,2138,2139,1
stepping,2197,2139,2197,58
running,2227,2197,2227,30
trotting,2236,2227,2236,9
walking,2237,2236,2237,1
sniffing,2311,2237,2311,74
rising,2382,2311,2382,71
stepping,2422,2382,2422,40
walking,2430,2422,2430,8
stepping,2478,2430,2478,48
sniffing,2603,2478,2603,125
walking,2630,2603,2630,27
trotting,2646,2630,2646,16
walking,2647,2646,2647,1
sniffing,2747,2647,2747,100
rising,2773,2747,2773,26
grooming,2774,2773,2774,1
stepping,2795,2774,2795,21
walking,2810,2795,2810,15
sniffing,2909,2810,2909,99
rising,2910,2909,2910,1
left_turning,2918,2910,2918,8
hunching,2938,2918,2938,20
rearing,2939,2938,2939,1
trotting,2944,2939,2944,5
sniffing,3002,2944,3002,58
stepping,3010,3002,3010,8
running,3037,3010,3037,27
trotting,3063,3037,3063,26
running,3094,3063,3094,31
sniffing,3117,3094,3117,23
trotting,3146,3117,3146,29
stepping,3161,3146,3161,15
right_turning,3175,3161,3175,14
rising,3191,3175,3191,16
rearing,3231,3191,3231,40
walking,3326,3231,3326,95
rearing,3562,3326,3562,236
rising,3563,3562,3563,1
walking,3578,3563,3578,15
sniffing,3609,3578,3609,31
rising,3638,3609,3638,29
sniffing,3805,3638,3805,167
left_turning,3808,3805,3808,3
walking,3825,3808,3825,17
stepping,3849,3825,3849,24
sniffing,3959,3849,3959,110
rearing,3960,3959,3960,1
grooming,4061,3960,4061,101
right_turning,4101,4061,4101,40
walking,4158,4101,4158,57
trotting,4165,4158,4165,7
stepping,4182,4165,4182,17
trotting,4193,4182,4193,11
sniffing,4325,4193,4325,132
rising,4326,4325,4326,1
climbing,4339,4326,4339,13
grooming,4340,4339,4340,1
sniffing,4373,4340,4373,33
rising,4436,4373,4436,63
grooming,4563,4436,4563,127
rearing,4580,4563,4580,17
walking,4616,4580,4616,36
stepping,4633,4616,4633,17
walking,4634,4633,4634,1
grooming,4733,4634,4733,99
stepping,4768,4733,4768,35
trotting,4798,4768,4798,30
running,4814,4798,4814,16
trotting,4827,4814,4827,13
stepping,4870,4827,4870,43
walking,4908,4870,4908,38
trotting,4941,4908,4941,33
walking,4974,4941,4974,33
sniffing,4987,4974,4987,13
rising,4988,4987,4988,1
grooming,5016,4988,5016,28
sniffing,5069,5016,5069,53
grooming,5070,5069,5070,1
rearing,5071,5070,5071,1
grooming,5091,5071,5091,20
sniffing,5160,5091,5160,69
running,5171,5160,5171,11
trotting,5213,5171,5213,42
walking,5219,5213,5219,6
trotting,5261,5219,5261,42
walking,5274,5261,5274,13
sniffing,5296,5274,5296,22
rising,5396,5296,5396,100
stepping,5397,5396,5397,1
sniffing,5449,5397,5449,52
left_turning,5450,5449,5450,1
running,5467,5450,5467,17
sniffing,5522,5467,5522,55
rising,5523,5522,5523,1
stepping,5553,5523,5553,30
rearing,5697,5553,5697,144
rising,5698,5697,5698,1
left_turning,5702,5698,5702,4
walking,5717,5702,5717,15
sniffing,5719,5717,5719,2
walking,5780,5719,5780,61
sniffing,5827,5780,5827,47
walking,5877,5827,5877,50
stepping,5892,5877,5892,15
sniffing,5940,5892,5940,48
stepping,5960,5940,5960,20
rising,5989,5960,5989,29
sniffing,6028,5989,6028,39
left_turning,6085,6028,6085,57
sniffing,6117,6085,6117,32
rising,6120,6117,6120,3
grooming,6121,6120,6121,1
stepping,6122,6121,6122,1
sniffing,6126,6122,6126,4
trotting,6147,6126,6147,21
stepping,6168,6147,6168,21
sniffing,6169,6168,6169,1
stepping,6183,6169,6183,14
walking,6212,6183,6212,29
rising,6240,6212,6240,28
hunching,6347,6240,6347,107
left_turning,6364,6347,6364,17
sniffing,6365,6364,6365,1
rising,6366,6365,6366,1
sniffing,6384,6366,6384,18
rising,6385,6384,6385,1
sniffing,6386,6385,6386,1
trotting,6400,6386,6400,14
walking,6412,6400,6412,12
rising,6445,6412,6445,33
sniffing,6490,6445,6490,45
running,6511,6490,6511,21
trotting,6526,6511,6526,15
walking,6559,6526,6559,33
rising,6702,6559,6702,143
grooming,6703,6702,6703,1
sniffing,6752,6703,6752,49
grooming,6889,6752,6889,137
hunching,6966,6889,6966,77
rising,7048,6966,7048,82
left_turning,7049,7048,7049,1
walking,7132,7049,7132,83
rising,7186,7132,7186,54
sniffing,7201,7186,7201,15
rising,7230,7201,7230,29
running,7248,7230,7248,18
stepping,7264,7248,7264,16
rising,7265,7264,7265,1
grooming,7390,7265,7390,125
running,7397,7390,7397,7
sniffing,7486,7397,7486,89
left_turning,7499,7486,7499,13
walking,7505,7499,7505,6
sniffing,7506,7505,7506,1
rising,7509,7506,7509,3
sniffing,7520,7509,7520,11
left_turning,7530,7520,7530,10
walking,7579,7530,7579,49
sniffing,7607,7579,7607,28
rising,7692,7607,7692,85
walking,7727,7692,7727,35
running,7767,7727,7767,40
stepping,7803,7767,7803,36
sniffing,7849,7803,7849,46
hunching,7900,7849,7900,51
grooming,7901,7900,7901,1
sniffing,8008,7901,8008,107
grooming,8139,8008,8139,131
sniffing,8179,8139,8179,40
walking,8209,8179,8209,30
trotting,8225,8209,8225,16
running,8263,8225,8263,38
walking,8309,8263,8309,46
rearing,8388,8309,8388,79
grooming,8508,8388,8508,120
left_turning,8521,8508,8521,13
walking,8611,8521,8611,90
rising,8653,8611,8653,42
sniffing,8659,8653,8659,6
rising,8691,8659,8691,32
sniffing,8715,8691,8715,24
stepping,8740,8715,8740,25
sniffing,8757,8740,8757,17
rising,8778,8757,8778,21
running,8804,8778,8804,26
stepping,8840,8804,8840,36
rising,8841,8840,8841,1
sniffing,8854,8841,8854,13
running,8866,8854,8866,12
trotting,8891,8866,8891,25
rising,8898,8891,8898,7
sniffing,8899,8898,8899,1
right_turning,8932,8899,8932,33
running,8944,8932,8944,12
sniffing,8957,8944,8957,13
rearing,9251,8957,9251,294
grooming,9866,9251,9866,615
sniffing,9877,9866,9877,11
grooming,10079,9877,10079,202
right_turning,10117,10079,10117,38
trotting,10173,10117,10173,56
stepping,10199,10173,10199,26
rearing,10370,10199,10370,171
hunching,10484,10370,10484,114
rearing,10554,10484,10554,70
rising,10555,10554,10555,1
stepping,10586,10555,10586,31
sniffing,10628,10586,10628,42
climbing,10681,10628,10681,53
running,10729,10681,10729,48
grooming,11077,10729,11077,348
hunching,11158,11077,11158,81
rising,11206,11158,11206,48
sniffing,11208,11206,11208,2
rising,11254,11208,11254,46
grooming,11796,11254,11796,542
sniffing,11840,11796,11840,44
walking,11942,11840,11942,102
stepping,11994,11942,11994,52
sniffing,11995,11994,11995,1
grooming,11996,11995,11996,1
trotting,12046,11996,12046,50
rising,12047,12046,12047,1
climbing,12074,12047,12074,27
grooming,12196,12074,12196,122
hunching,12243,12196,12243,47
rearing,12520,12243,12520,277
rising,12521,12520,12521,1
walking,12586,12521,12586,65
rising,12651,12586,12651,65
climbing,12692,12651,12692,41
stepping,12725,12692,12725,33
walking,12748,12725,12748,23
sniffing,12749,12748,12749,1
grooming,13004,12749,13004,255
left_turning,13030,13004,13030,26
climbing,13091,13030,13091,61
walking,13154,13091,13154,63
trotting,13155,13154,13155,1
sniffing,13221,13155,13221,66
grooming,13462,13221,13462,241
hunching,13555,13462,13555,93
grooming,14377,13555,14377,822
hunching,14568,14377,14568,191
grooming,14793,14568,14793,225
rearing,14856,14793,14856,63
rising,14885,14856,14885,29
walking,14915,14885,14915,30
running,14930,14915,14930,15
rising,14962,14930,14962,32
climbing,14999,14962,14999,37
scratching,15064,14999,15064,65
trotting,15077,15064,15077,13
rising,15124,15077,15124,47
rearing,15125,15124,15125,1
grooming,15214,15125,15214,89
rearing,15215,15214,15215,1
walking,15271,15215,15271,56
sniffing,15312,15271,15312,41
grooming,15313,15312,15313,1
hunching,15367,15313,15367,54
grooming,15472,15367,15472,105
stepping,15473,15472,15473,1
rising,15584,15473,15584,111
grooming,15585,15584,15585,1
rearing,15715,15585,15715,130
sniffing,15749,15715,15749,34
left_turning,15781,15749,15781,32
walking,15858,15781,15858,77
sniffing,15881,15858,15881,23
rising,15917,15881,15917,36
stepping,15945,15917,15945,28
walking,15959,15945,15959,14
stepping,16017,15959,16017,58
rising,16166,16017,16166,149
stepping,16197,16166,16197,31
sniffing,16222,16197,16222,25
stepping,16289,16222,16289,67
climbing,16345,16289,16345,56
grooming,16467,16345,16467,122
left_turning,16486,16467,16486,19
stepping,16507,16486,16507,21
sniffing,16568,16507,16568,61
grooming,16642,16568,16642,74
rearing,16675,16642,16675,33
hunching,16723,16675,16723,48
sniffing,16781,16723,16781,58
grooming,17147,16781,17147,366
rising,17179,17147,17179,32
rearing,17348,17179,17348,169
rising,17349,17348,17349,1
grooming,17389,17349,17389,40
walking,17488,17389,17488,99
grooming,17661,17488,17661,173
rising,17673,17661,17673,12
left_turning,17703,17673,17703,30
stepping,17718,17703,17718,15
walking,17744,17718,17744,26
sniffing,17745,17744,17745,1
left_turning,17746,17745,17746,1
stepping,17768,17746,17768,22
rising,17777,17768,17777,9
walking,17811,17777,17811,34
right_turning,17855,17811,17855,44
walking,17857,17855,17857,2
sniffing,17970,17857,17970,113
stepping,17976,17970,17976,6
rearing,18092,17976,18092,116
sniffing,18214,18092,18214,122
walking,18215,18214,18215,1
sniffing,18260,18215,18260,45
rising,18296,18260,18296,36
sniffing,18297,18296,18297,1
walking,18325,18297,18325,28
stepping,18375,18325,18375,50
walking,18404,18375,18404,29
stepping,18533,18404,18533,129
grooming,18548,18533,18548,15
running,18549,18548,18549,1
trotting,18585,18549,18585,36
walking,18635,18585,18635,50
sniffing,18636,18635,18636,1
rearing,18820,18636,18820,184
right_turning,18828,18820,18828,8
sniffing,18897,18828,18897,69
grooming,19010,18897,19010,113
walking,19014,19010,19014,4
trotting,19031,19014,19031,17
walking,19055,19031,19055,24
stepping,19119,19055,19119,64
rearing,19143,19119,19143,24
hunching,19144,19143,19144,1
rising,19152,19144,19152,8
hunching,19174,19152,19174,22
grooming,19259,19174,19259,85
trotting,19286,19259,19286,27
walking,19310,19286,19310,24
sniffing,19412,19310,19412,102
walking,19448,19412,19448,36
grooming,19666,19448,19666,218
hunching,19751,19666,19751,85
rising,19752,19751,19752,1
climbing,19779,19752,19779,27
sniffing,19796,19779,19796,17
rearing,19836,19796,19836,40
rising,19878,19836,19878,42
walking,19915,19878,19915,37
stepping,19970,19915,19970,55
grooming,20001,19970,20001,31
rearing,20068,20001,20068,67
sniffing,20070,20068,20070,2
walking,20095,20070,20095,25
sniffing,20108,20095,20108,13
rising,20148,20108,20148,40
stepping,20149,20148,20149,1
walking,20188,20149,20188,39
grooming,20268,20188,20268,80
climbing,20308,20268,20308,40
sniffing,20333,20308,20333,25
walking,20349,20333,20349,16
sniffing,20378,20349,20378,29
trotting,20426,20378,20426,48
sniffing,20503,20426,20503,77
stepping,20523,20503,20523,20
rearing,20603,20523,20603,80
walking,20608,20603,20608,5
stepping,20665,20608,20665,57
sniffing,20739,20665,20739,74
rising,20781,20739,20781,42
climbing,20810,20781,20810,29
right_turning,20843,20810,20843,33
stepping,20877,20843,20877,34
rising,20903,20877,20903,26
left_turning,20929,20903,20929,26
sniffing,20930,20929,20930,1
stepping,20976,20930,20976,46
walking,21000,20976,21000,24
running,21020,21000,21020,20
sniffing,21135,21020,21135,115
stepping,21136,21135,21136,1
walking,21149,21136,21149,13
sniffing,21150,21149,21150,1
walking,21179,21150,21179,29
stepping,21186,21179,21186,7
sniffing,21251,21186,21251,65
rising,21265,21251,21265,14
stepping,21266,21265,21266,1
running,21272,21266,21272,6
stepping,21317,21272,21317,45
walking,21340,21317,21340,23
stepping,21361,21340,21361,21
trotting,21389,21361,21389,28
sniffing,21411,21389,21411,22
stepping,21442,21411,21442,31
grooming,21443,21442,21443,1
walking,21485,21443,21485,42
stepping,21541,21485,21541,56
climbing,21576,21541,21576,35
right_turning,21605,21576,21605,29
walking,21634,21605,21634,29
rising,21647,21634,21647,13
climbing,21711,21647,21711,64
grooming,21712,21711,21712,1
walking,21739,21712,21739,27
stepping,21789,21739,21789,50
sniffing,21838,21789,21838,49
rearing,21902,21838,21902,64
stepping,21929,21902,21929,27
walking,21935,21929,21935,6
sniffing,22025,21935,22025,90
walking,22059,22025,22059,34
stepping,22071,22059,22071,12
rising,22105,22071,22105,34
right_turning,22130,22105,22130,25
walking,22147,22130,22147,17
sniffing,22170,22147,22170,23
rising,22171,22170,22171,1
climbing,22214,22171,22214,43
trotting,22217,22214,22217,3
stepping,22325,22217,22325,108
sniffing,22333,22325,22333,8
stepping,22334,22333,22334,1
running,22379,22334,22379,45
trotting,22409,22379,22409,30
rising,22449,22409,22449,40
rearing,22518,22449,22518,69
grooming,22519,22518,22519,1
stepping,22547,22519,22547,28
walking,22571,22547,22571,24
right_turning,22583,22571,22583,12
walking,22620,22583,22620,37
grooming,22692,22620,22692,72
left_turning,22739,22692,22739,47
walking,22750,22739,22750,11
sniffing,22827,22750,22827,77
grooming,23116,22827,23116,289
stepping,23161,23116,23161,45
walking,23162,23161,23162,1
sniffing,23263,23162,23263,101
walking,23312,23263,23312,49
stepping,23330,23312,23330,18
walking,23365,23330,23365,35
sniffing,23366,23365,23366,1
walking,23385,23366,23385,19
sniffing,23438,23385,23438,53
rising,23507,23438,23507,69
sniffing,23508,23507,23508,1
stepping,23535,23508,23535,27
walking,23562,23535,23562,27
right_turning,23599,23562,23599,37
stepping,23633,23599,23633,34
sniffing,23634,23633,23634,1
left_turning,23663,23634,23663,29
sniffing,23687,23663,23687,24
trotting,23741,23687,23741,54
sniffing,23742,23741,23742,1
climbing,23822,23742,23822,80
grooming,23879,23822,23879,57
rearing,23931,23879,23931,52
hunching,23932,23931,23932,1
rearing,23933,23932,23933,1
grooming,24050,23933,24050,117
stepping,24084,24050,24084,34
walking,24108,24084,24108,24
rearing,24162,24108,24162,54
climbing,24209,24162,24209,47
grooming,24210,24209,24210,1
rearing,24211,24210,24211,1
sniffing,24233,24211,24233,22
walking,24256,24233,24256,23
sniffing,24284,24256,24284,28
grooming,24328,24284,24328,44
hunching,24336,24328,24336,8
rearing,24372,24336,24372,36
climbing,24387,24372,24387,15
grooming,24658,24387,24658,271
walking,24684,24658,24684,26
sniffing,24685,24684,24685,1
stepping,24721,24685,24721,36
walking,24722,24721,24722,1
stepping,24734,24722,24734,12
grooming,25057,24734,25057,323
left_turning,25058,25057,25058,1
trotting,25085,25058,25085,27
rising,25111,25085,25111,26
rearing,25141,25111,25141,30
grooming,25142,25141,25142,1
rearing,25188,25142,25188,46
grooming,25385,25188,25385,197
rearing,25394,25385,25394,9
walking,25430,25394,25430,36
stepping,25449,25430,25449,19
sniffing,25500,25449,25500,51
trotting,25516,25500,25516,16
stepping,25549,25516,25549,33
walking,25589,25549,25589,40
right_turning,25605,25589,25605,16
stepping,25639,25605,25639,34
walking,25674,25639,25674,35
sniffing,25688,25674,25688,14
walking,25732,25688,25732,44
stepping,25742,25732,25742,10
walking,25750,25742,25750,8
rising,25813,25750,25813,63
sniffing,25814,25813,25814,1
grooming,25854,25814,25854,40
rearing,25877,25854,25877,23
stepping,25919,25877,25919,42
sniffing,25938,25919,25938,19
rising,26011,25938,26011,73
rearing,26032,26011,26032,21
grooming,26033,26032,26033,1
rearing,26080,26033,26080,47
hunching,26081,26080,26081,1
sniffing,26096,26081,26096,15
rising,26135,26096,26135,39
left_turning,26136,26135,26136,1
scratching,26174,26136,26174,38
grooming,26297,26174,26297,123
climbing,26351,26297,26351,54
walking,26358,26351,26358,7
sniffing,26394,26358,26394,36
rising,26425,26394,26425,31
walking,26448,26425,26448,23
right_turning,26460,26448,26460,12
sniffing,26507,26460,26507,47
stepping,26544,26507,26544,37
walking,26577,26544,26577,33
rearing,26658,26577,26658,81
stepping,26673,26658,26673,15
grooming,26787,26673,26787,114
rearing,26788,26787,26788,1
hunching,26789,26788,26789,1
rearing,26879,26789,26879,90
grooming,26880,26879,26880,1
sniffing,26941,26880,26941,61
grooming,27617,26941,27617,676
trotting,27653,27617,27653,36
sniffing,27736,27653,27736,83
left_turning,27778,27736,27778,42
grooming,27825,27778,27825,47
climbing,27870,27825,27870,45
right_turning,27914,27870,27914,44
walking,27946,27914,27946,32
right_turning,27963,27946,27963,17
sniffing,27966,27963,27966,3
stepping,27982,27966,27982,16
walking,28004,27982,28004,22
sniffing,28048,28004,28048,44
grooming,28049,28048,28049,1
hunching,28050,28049,28050,1
grooming,28051,28050,28051,1
sniffing,28074,28051,28074,23
stepping,28075,28074,28075,1
climbing,28153,28075,28153,78
trotting,28168,28153,28168,15
climbing,28203,28168,28203,35
rearing,28204,28203,28204,1
stepping,28251,28204,28251,47
left_turning,28292,28251,28292,41
walking,28334,28292,28334,42
stepping,28361,28334,28361,27
rising,28432,28361,28432,71
sniffing,28499,28432,28499,67
stepping,28540,28499,28540,41
sniffing,28559,28540,28559,19
walking,28560,28559,28560,1
stepping,28598,28560,28598,38
grooming,28716,28598,28716,118
rearing,28747,28716,28747,31
stepping,28764,28747,28764,17
sniffing,28795,28764,28795,31
grooming,28796,28795,28796,1
left_turning,28813,28796,28813,17
sniffing,28814,28813,28814,1
grooming,29001,28814,29001,187
left_turning,29045,29001,29045,44
walking,29068,29045,29068,23
grooming,29228,29068,29228,160
stepping,29233,29228,29233,5
sniffing,29251,29233,29251,18
walking,29301,29251,29301,50
stepping,29321,29301,29321,20
climbing,29346,29321,29346,25
rising,29349,29346,29349,3
climbing,29382,29349,29382,33
left_turning,29432,29382,29432,50
sniffing,29480,29432,29480,48
stepping,29520,29480,29520,40
grooming,29625,29520,29625,105
left_turning,29627,29625,29627,2
sniffing,29683,29627,29683,56
stepping,29692,29683,29692,9
rearing,29783,29692,29783,91
left_turning,29810,29783,29810,27
grooming,29811,29810,29811,1
hunching,29894,29811,29894,83
left_turning,29946,29894,29946,52
walking,29947,29946,29947,1
sniffing,30098,29947,30098,151
left_turning,30113,30098,30113,15
sniffing,30285,30113,30285,172
hunching,30286,30285,30286,1
rearing,30401,30286,30401,115
stepping,30407,30401,30407,6
rising,30455,30407,30455,48
rearing,30541,30455,30541,86
grooming,30542,30541,30542,1
rearing,30558,30542,30558,16
hunching,30763,30558,30763,205
sniffing,30797,30763,30797,34
grooming,30798,30797,30798,1
walking,30810,30798,30810,12
stepping,30841,30810,30841,31
walking,30849,30841,30849,8
trotting,30868,30849,30868,19
walking,30915,30868,30915,47
rising,30916,30915,30916,1
climbing,30982,30916,30982,66
left_turning,30996,30982,30996,14
trotting,31046,30996,31046,50
walking,31087,31046,31087,41
sniffing,31088,31087,31088,1
rising,31089,31088,31089,1
sniffing,31103,31089,31103,14
rearing,31189,31103,31189,86
stepping,31252,31189,31252,63
sniffing,31285,31252,31285,33
rising,31287,31285,31287,2
grooming,31952,31287,31952,665
rearing,32031,31952,32031,79
grooming,32032,32031,32032,1
stepping,32045,32032,32045,13
trotting,32084,32045,32084,39
sniffing,32091,32084,32091,7
walking,32111,32091,32111,20
right_turning,32120,32111,32120,9
trotting,32136,32120,32136,16
rearing,32180,32136,32180,44
grooming,32294,32180,32294,114
hunching,32295,32294,32295,1
grooming,32598,32295,32598,303
rearing,32624,32598,32624,26
climbing,32677,32624,32677,53
grooming,32736,32677,32736,59
hunching,32881,32736,32881,145
grooming,32882,32881,32882,1
rearing,33069,32882,33069,187
hunching,33156,33069,33156,87
rearing,33191,33156,33191,35
climbing,33201,33191,33201,10
grooming,33691,33201,33691,490
sniffing,33692,33691,33692,1
stepping,33744,33692,33744,52
sniffing,33807,33744,33807,63
climbing,33847,33807,33847,40
rearing,33849,33847,33849,2
walking,33877,33849,33877,28
running,33893,33877,33893,16
trotting,33937,33893,33937,44
sniffing,34019,33937,34019,82
trotting,34040,34019,34040,21
climbing,34100,34040,34100,60
grooming,34210,34100,34210,110
left_turning,34232,34210,34232,22
trotting,34253,34232,34253,21
grooming,34254,34253,34254,1
stepping,34305,34254,34305,51
walking,34372,34305,34372,67
right_turning,34394,34372,34394,22
running,34409,34394,34409,15
climbing,34413,34409,34413,4
stepping,34428,34413,34428,15
rising,34429,34428,34429,1
grooming,34541,34429,34541,112
walking,34555,34541,34555,14
climbing,34651,34555,34651,96
stepping,34715,34651,34715,64
sniffing,34777,34715,34777,62
grooming,35172,34777,35172,395
rising,35305,35172,35305,133
sniffing,35372,35305,35372,67
walking,35393,35372,35393,21
sniffing,35547,35393,35547,154
trotting,35550,35547,35550,3
grooming,35551,35550,35551,1
left_turning,35553,35551,35553,2
sniffing,35706,35553,35706,153
rising,35741,35706,35741,35
sniffing,35767,35741,35767,26
grooming,36078,35767,36078,311
hunching,36121,36078,36121,43
rising,36166,36121,36166,45
climbing,36207,36166,36207,41
left_turning,36208,36207,36208,1
walking,36219,36208,36219,11
left_turning,36261,36219,36261,42
grooming,36262,36261,36262,1
walking,36277,36262,36277,15
left_turning,36295,36277,36295,18
walking,36296,36295,36296,1
stepping,36325,36296,36325,29
running,36364,36325,36364,39
climbing,36409,36364,36409,45
sniffing,36435,36409,36435,26
walking,36467,36435,36467,32
stepping,36482,36467,36482,15
sniffing,36581,36482,36581,99
stepping,36637,36581,36637,56
right_turning,36663,36637,36663,26
trotting,36678,36663,36678,15
stepping,36689,36678,36689,11
sniffing,36698,36689,36698,9
grooming,36699,36698,36699,1
rearing,36700,36699,36700,1
climbing,36763,36700,36763,63
stepping,36795,36763,36795,32
sniffing,36816,36795,36816,21
climbing,36850,36816,36850,34
trotting,36860,36850,36860,10
left_turning,37000,36860,37000,140
sniffing,37061,37000,37061,61
stepping,37080,37061,37080,19
sniffing,37119,37080,37119,39
left_turning,37154,37119,37154,35
climbing,37215,37154,37215,61
walking,37249,37215,37249,34
rearing,37250,37249,37250,1
grooming,37545,37250,37545,295
hunching,37598,37545,37598,53
grooming,37648,37598,37648,50
hunching,37649,37648,37649,1
stepping,37678,37649,37678,29
grooming,37761,37678,37761,83
scratching,37836,37761,37836,75
sniffing,37840,37836,37840,4
walking,37849,37840,37849,9
stepping,37911,37849,37911,62
climbing,37949,37911,37949,38
walking,37979,37949,37979,30
sniffing,38074,37979,38074,95
rising,38100,38074,38100,26
sniffing,38164,38100,38164,64
stepping,38165,38164,38165,1
rearing,38323,38165,38323,158
stepping,38347,38323,38347,24
rising,38384,38347,38384,37
climbing,38413,38384,38413,29
stepping,38455,38413,38455,42
walking,38482,38455,38482,27
stepping,38508,38482,38508,26
walking,38565,38508,38565,57
sniffing,38580,38565,38580,15
hunching,38581,38580,38581,1
rising,38606,38581,38606,25
stepping,38656,38606,38656,50
sniffing,38747,38656,38747,91
grooming,38903,38747,38903,156
walking,38904,38903,38904,1
sniffing,38966,38904,38966,62
stepping,38991,38966,38991,25
sniffing,39025,38991,39025,34
running,39048,39025,39048,23
right_turning,39072,39048,39072,24
sniffing,39124,39072,39124,52
grooming,39249,39124,39249,125
rearing,39250,39249,39250,1
grooming,39283,39250,39283,33
rearing,39343,39283,39343,60
climbing,39405,39343,39405,62
grooming,39830,39405,39830,425
sniffing,39855,39830,39855,25
stepping,39868,39855,39868,13
rearing,39941,39868,39941,73
grooming,40021,39941,40021,80
climbing,40054,40021,40054,33
walking,40100,40054,40100,46
sniffing,40115,40100,40115,15
grooming,40179,40115,40179,64
sniffing,40198,40179,40198,19
scratching,40244,40198,40244,46
walking,40254,40244,40254,10
scratching,40380,40254,40380,126
sniffing,40449,40380,40449,69
stepping,40451,40449,40451,2
sniffing,40481,40451,40481,30
grooming,40482,40481,40482,1
rearing,40483,40482,40483,1
grooming,41175,40483,41175,692
rearing,41176,41175,41176,1
sniffing,41265,41176,41265,89
grooming,41266,41265,41266,1
right_turning,41267,41266,41267,1
sniffing,41281,41267,41281,14
rising,41308,41281,41308,27
grooming,41358,41308,41358,50
stepping,41418,41358,41418,60
sniffing,41554,41418,41554,136
walking,41574,41554,41574,20
sniffing,41598,41574,41598,24
climbing,41660,41598,41660,62
grooming,41814,41660,41814,154
hunching,41817,41814,41817,3
rearing,41818,41817,41818,1
grooming,41843,41818,41843,25
stepping,41853,41843,41853,10
climbing,41893,41853,41893,40
rising,41922,41893,41922,29
climbing,41989,41922,41989,67
sniffing,42042,41989,42042,53
walking,42111,42042,42111,69
stepping,42134,42111,42134,23
walking,42158,42134,42158,24
sniffing,42214,42158,42214,56
walking,42239,42214,42239,25
stepping,42288,42239,42288,49
rearing,42315,42288,42315,27
left_turning,42316,42315,42316,1
walking,42330,42316,42330,14
sniffing,42399,42330,42399,69
grooming,42561,42399,42561,162
sniffing,42654,42561,42654,93
rising,42672,42654,42672,18
grooming,42920,42672,42920,248
stepping,42953,42920,42953,33
climbing,42963,42953,42963,10
grooming,42972,42963,42972,9
hunching,43037,42972,43037,65
rearing,43038,43037,43038,1
grooming,43204,43038,43204,166
rearing,43266,43204,43266,62
rising,43267,43266,43267,1
rearing,43268,43267,43268,1
grooming,43338,43268,43338,70
sniffing,43424,43338,43424,86
grooming,43425,43424,43425,1
walking,43473,43425,43473,48
climbing,43493,43473,43493,20
left_turning,43494,43493,43494,1
walking,43544,43494,43544,50
rising,43545,43544,43545,1
climbing,43610,43545,43610,65
stepping,43720,43610,43720,110
rising,43751,43720,43751,31
rearing,43759,43751,43759,8
climbing,43769,43759,43769,10
left_turning,43784,43769,43784,15
sniffing,43818,43784,43818,34
climbing,43876,43818,43876,58
trotting,43895,43876,43895,19
sniffing,43937,43895,43937,42
stepping,43983,43937,43983,46
walking,44024,43983,44024,41
stepping,44051,44024,44051,27
grooming,44052,44051,44052,1
sniffing,44076,44052,44076,24
walking,44081,44076,44081,5
sniffing,44087,44081,44087,6
grooming,44294,44087,44294,207
trotting,44307,44294,44307,13
grooming,44377,44307,44377,70
climbing,44434,44377,44434,57
sniffing,44435,44434,44435,1
climbing,44467,44435,44467,32
walking,44468,44467,44468,1
sniffing,44469,44468,44469,1
grooming,44470,44469,44470,1
rearing,44474,44470,44474,4
grooming,44726,44474,44726,252
hunching,44810,44726,44810,84
grooming,44811,44810,44811,1
rearing,44827,44811,44827,16
climbing,44871,44827,44871,44
running,44907,44871,44907,36
stepping,44918,44907,44918,11
climbing,44940,44918,44940,22
left_turning,44998,44940,44998,58
rising,45037,44998,45037,39
sniffing,45108,45037,45108,71
running,45144,45108,45144,36
sniffing,45208,45144,45208,64
left_turning,45233,45208,45233,25
walking,45236,45233,45236,3
stepping,45256,45236,45256,20
walking,45346,45256,45346,90
sniffing,45412,45346,45412,66
rising,45421,45412,45421,9
left_turning,45422,45421,45422,1
grooming,45512,45422,45512,90
hunching,45600,45512,45600,88
grooming,45635,45600,45635,35
climbing,45695,45635,45695,60
trotting,45707,45695,45707,12
sniffing,45739,45707,45739,32
grooming,46001,45739,46001,262
sniffing,46002,46001,46002,1
walking,46014,46002,46014,12
stepping,46035,46014,46035,21
sniffing,46077,46035,46077,42
grooming,46078,46077,46078,1
sniffing,46210,46078,46210,132
right_turning,46216,46210,46216,6
grooming,46217,46216,46217,1
rearing,46298,46217,46298,81
hunching,46299,46298,46299,1
grooming,46300,46299,46300,1
walking,46334,46300,46334,34
left_turning,46376,46334,46376,42
walking,46407,46376,46407,31
stepping,46435,46407,46435,28
sniffing,46495,46435,46495,60
grooming,46680,46495,46680,185
left_turning,46697,46680,46697,17
sniffing,46800,46697,46800,103
grooming,47058,46800,47058,258
stepping,47142,47058,47142,84
trotting,47146,47142,47146,4
sniffing,47225,47146,47225,79
hunching,47330,47225,47330,105
grooming,47732,47330,47732,402
walking,47754,47732,47754,22
stepping,47777,47754,47777,23
trotting,47796,47777,47796,19
walking,47817,47796,47817,21
stepping,47827,47817,47827,10
climbing,47936,47827,47936,109
rearing,47937,47936,47937,1
hunching,48043,47937,48043,106
grooming,48207,48043,48207,164
rearing,48262,48207,48262,55
walking,48292,48262,48292,30
sniffing,48356,48292,48356,64
rising,48360,48356,48360,4
grooming,48468,48360,48468,108
walking,48537,48468,48537,69
sniffing,48571,48537,48571,34
rising,48572,48571,48572,1
climbing,48658,48572,48658,86
hunching,48754,48658,48754,96
stepping,48781,48754,48781,27
sniffing,48782,48781,48782,1
left_turning,48783,48782,48783,1
walking,48812,48783,48812,29
sniffing,48858,48812,48858,46
left_turning,48961,48858,48961,103
grooming,49118,48961,49118,157
hunching,49156,49118,49156,38
rearing,49157,49156,49157,1
grooming,49390,49157,49390,233
sniffing,49391,49390,49391,1
running,49416,49391,49416,25
sniffing,49450,49416,49450,34
walking,49459,49450,49459,9
trotting,49460,49459,49460,1
rearing,49525,49460,49525,65
grooming,49587,49525,49587,62
trotting,49602,49587,49602,15
sniffing,49646,49602,49646,44
rising,49682,49646,49682,36
left_turning,49733,49682,49733,51
walking,49748,49733,49748,15
sniffing,49815,49748,49815,67
rising,49868,49815,49868,53
rearing,49869,49868,49869,1
grooming,50092,49869,50092,223
right_turning,50106,50092,50106,14
walking,50183,50106,50183,77
sniffing,50213,50183,50213,30
hunching,50219,50213,50219,6
rearing,50250,50219,50250,31
hunching,50258,50250,50258,8
grooming,50806,50258,50806,548
rearing,50840,50806,50840,34
hunching,50841,50840,50841,1
walking,50894,50841,50894,53
stepping,50924,50894,50924,30
grooming,51116,50924,51116,192
walking,51146,51116,51146,30
sniffing,51313,51146,51313,167
rising,51349,51313,51349,36
grooming,51350,51349,51350,1
stepping,51368,51350,51368,18
walking,51369,51368,51369,1
grooming,52078,51369,52078,709
sniffing,52079,52078,52079,1
walking,52140,52079,52140,61
stepping,52193,52140,52193,53
walking,52245,52193,52245,52
climbing,52268,52245,52268,23
running,52304,52268,52304,36
walking,52329,52304,52329,25
sniffing,52362,52329,52362,33
left_turning,52399,52362,52399,37
rearing,52498,52399,52498,99
grooming,52578,52498,52578,80
sniffing,52595,52578,52595,17
walking,52601,52595,52601,6
sniffing,52652,52601,52652,51
walking,52681,52652,52681,29
rearing,52729,52681,52729,48
rising,52750,52729,52750,21
grooming,52828,52750,52828,78
sniffing,52829,52828,52829,1
walking,52848,52829,52848,19
sniffing,52875,52848,52875,27
grooming,52992,52875,52992,117
left_turning,53032,52992,53032,40
stepping,53073,53032,53073,41
sniffing,53099,53073,53099,26
walking,53113,53099,53113,14
sniffing,53114,53113,53114,1
stepping,53136,53114,53136,22
sniffing,53225,53136,53225,89
rearing,53245,53225,53245,20
grooming,53471,53245,53471,226
sniffing,53564,53471,53564,93
walking,53590,53564,53590,26
rearing,53613,53590,53613,23
grooming,53614,53613,53614,1
sniffing,53652,53614,53652,38
grooming,54433,53652,54433,781
right_turning,54435,54433,54435,2
grooming,54461,54435,54461,26
stepping,54544,54461,54544,83
grooming,54623,54544,54623,79
hunching,54709,54623,54709,86
rearing,54760,54709,54760,51
climbing,54811,54760,54811,51
trotting,54828,54811,54828,17
rising,54855,54828,54855,27
stepping,54876,54855,54876,21
scratching,54971,54876,54971,95
grooming,55480,54971,55480,509
sniffing,55567,55480,55567,87
climbing,55594,55567,55594,27
walking,55598,55594,55598,4
stepping,55653,55598,55653,55
sniffing,55654,55653,55654,1
stepping,55681,55654,55681,27
sniffing,55713,55681,55713,32
walking,55741,55713,55741,28
trotting,55782,55741,55782,41
rising,55793,55782,55793,11
rearing,55880,55793,55880,87
grooming,55881,55880,55881,1
scratching,55882,55881,55882,1
sniffing,55937,55882,55937,55
stepping,55959,55937,55959,22
sniffing,55960,55959,55960,1
walking,55980,55960,55980,20
stepping,55984,55980,55984,4
rearing,56048,55984,56048,64
climbing,56200,56048,56200,152
left_turning,56246,56200,56246,46
grooming,56247,56246,56247,1
climbing,56248,56247,56248,1
right_turning,56261,56248,56261,13
stepping,56272,56261,56272,11
rearing,56353,56272,56353,81
sniffing,56418,56353,56418,65
stepping,56468,56418,56468,50
left_turning,56490,56468,56490,22
trotting,56506,56490,56506,16
sniffing,56634,56506,56634,128
right_turning,56639,56634,56639,5
trotting,56666,56639,56666,27
grooming,56687,56666,56687,21
stepping,56701,56687,56701,14
walking,56726,56701,56726,25
sniffing,56727,56726,56727,1
rising,56780,56727,56780,53
climbing,56813,56780,56813,33
stepping,56878,56813,56878,65
walking,56882,56878,56882,4
stepping,56904,56882,56904,22
rising,56905,56904,56905,1
walking,56936,56905,56936,31
stepping,56937,56936,56937,1
sniffing,56977,56937,56977,40
walking,56993,56977,56993,16
sniffing,56999,56993,56999,6
rising,57000,56999,57000,1
left_turning,57033,57000,57033,33
stepping,57050,57033,57050,17
grooming,57051,57050,57051,1
hunching,57079,57051,57079,28
grooming,57210,57079,57210,131
rising,57239,57210,57239,29
walking,57298,57239,57298,59
stepping,57317,57298,57317,19
walking,57335,57317,57335,18
trotting,57350,57335,57350,15
rearing,57351,57350,57351,1
climbing,57383,57351,57383,32
sniffing,57416,57383,57416,33
grooming,57933,57416,57933,517
sniffing,57977,57933,57977,44
stepping,57994,57977,57994,17
sniffing,58038,57994,58038,44
trotting,58047,58038,58047,9
walking,58063,58047,58063,16
sniffing,58128,58063,58128,65
stepping,58162,58128,58162,34
rising,58210,58162,58210,48
grooming,58293,58210,58293,83
climbing,58327,58293,58327,34
walking,58350,58327,58350,23
stepping,58378,58350,58378,28
sniffing,58430,58378,58430,52
stepping,58458,58430,58458,28
sniffing,58576,58458,58576,118
left_turning,58577,58576,58577,1
stepping,58641,58577,58641,64
sniffing,58642,58641,58642,1
stepping,58682,58642,58682,40
climbing,58713,58682,58713,31
running,58755,58713,58755,42
walking,58775,58755,58775,20
stepping,58807,58775,58807,32
walking,58847,58807,58847,40
stepping,58868,58847,58868,21
trotting,58884,58868,58884,16
walking,58916,58884,58916,32
stepping,58960,58916,58960,44
grooming,59065,58960,59065,105
rising,59095,59065,59095,30
stepping,59122,59095,59122,27
sniffing,59133,59122,59133,11
left_turning,59134,59133,59134,1
walking,59187,59134,59187,53
sniffing,59196,59187,59196,9
stepping,59300,59196,59300,104
grooming,59301,59300,59301,1
sniffing,59375,59301,59375,74
walking,59406,59375,59406,31
sniffing,59423,59406,59423,17
walking,59425,59423,59425,2
sniffing,59426,59425,59426,1
left_turning,59427,59426,59427,1
sniffing,59428,59427,59428,1
rising,59493,59428,59493,65
rearing,59581,59493,59581,88
climbing,59642,59581,59642,61
rearing,59643,59642,59643,1
hunching,59680,59643,59680,37
scratching,59794,59680,59794,114
sniffing,59795,59794,59795,1
rearing,59837,59795,59837,42
trotting,59842,59837,59842,5
sniffing,59876,59842,59876,34
walking,59909,59876,59909,33
sniffing,59990,59909,59990,81
rising,60070,59990,60070,80
climbing,60133,60070,60133,63
walking,60166,60133,60166,33
rearing,60259,60166,60259,93
climbing,60288,60259,60288,29
hunching,60394,60288,60394,106
grooming,60395,60394,60395,1
walking,60396,60395,60396,1
sniffing,60433,60396,60433,37
grooming,60434,60433,60434,1
hunching,60455,60434,60455,21
left_turning,60456,60455,60456,1
climbing,60493,60456,60493,37
left_turning,60515,60493,60515,22
trotting,60557,60515,60557,42
walking,60587,60557,60587,30
sniffing,60590,60587,60590,3
walking,60609,60590,60609,19
sniffing,60662,60609,60662,53
grooming,60703,60662,60703,41
right_turning,60704,60703,60704,1
rising,60770,60704,60770,66
hunching,60822,60770,60822,52
rising,60878,60822,60878,56
climbing,60929,60878,60929,51
left_turning,60936,60929,60936,7
trotting,60949,60936,60949,13
rearing,60950,60949,60950,1
scratching,60958,60950,60958,8
sniffing,61033,60958,61033,75
walking,61056,61033,61056,23
sniffing,61072,61056,61072,16
hunching,61073,61072,61073,1
grooming,61074,61073,61074,1
right_turning,61106,61074,61106,32
running,61156,61106,61156,50
walking,61184,61156,61184,28
left_turning,61218,61184,61218,34
sniffing,61250,61218,61250,32
walking,61279,61250,61279,29
stepping,61327,61279,61327,48
climbing,61359,61327,61359,32
sniffing,61411,61359,61411,52
walking,61443,61411,61443,32
stepping,61468,61443,61468,25
left_turning,61513,61468,61513,45
scratching,61626,61513,61626,113
left_turning,61672,61626,61672,46
stepping,61673,61672,61673,1
sniffing,61733,61673,61733,60
grooming,62150,61733,62150,417
sniffing,62187,62150,62187,37
rising,62234,62187,62234,47
rearing,62273,62234,62273,39
left_turning,62311,62273,62311,38
walking,62358,62311,62358,47
sniffing,62369,62358,62369,11
stepping,62408,62369,62408,39
left_turning,62436,62408,62436,28
hunching,62437,62436,62437,1
sniffing,62456,62437,62456,19
left_turning,62457,62456,62457,1
stepping,62498,62457,62498,41
walking,62554,62498,62554,56
stepping,62580,62554,62580,26
sniffing,62590,62580,62590,10
rearing,62591,62590,62591,1
climbing,62617,62591,62617,26
grooming,62863,62617,62863,246
climbing,62897,62863,62897,34
sniffing,62927,62897,62927,30
stepping,62933,62927,62933,6
rearing,62974,62933,62974,41
climbing,62975,62974,62975,1
rearing,62976,62975,62976,1
climbing,62982,62976,62982,6
walking,63046,62982,63046,64
sniffing,63095,63046,63095,49
stepping,63110,63095,63110,15
sniffing,63179,63110,63179,69
rising,63226,63179,63226,47
walking,63233,63226,63233,7
sniffing,63261,63233,63261,28
left_turning,63282,63261,63282,21
rising,63303,63282,63303,21
climbing,63353,63303,63353,50
grooming,63473,63353,63473,120
sniffing,63510,63473,63510,37
stepping,63515,63510,63515,5
rising,63550,63515,63550,35
grooming,63551,63550,63551,1
rearing,63566,63551,63566,15
grooming,63665,63566,63665,99
sniffing,63735,63665,63735,70
walking,63759,63735,63759,24
sniffing,63798,63759,63798,39
stepping,63836,63798,63836,38
sniffing,63847,63836,63847,11
walking,63864,63847,63864,17
sniffing,63870,63864,63870,6
stepping,63923,63870,63923,53
sniffing,63965,63923,63965,42
rising,63973,63965,63973,8
stepping,64025,63973,64025,52
walking,64026,64025,64026,1
rising,64043,64026,64043,17
stepping,64075,64043,64075,32
trotting,64118,64075,64118,43
sniffing,64164,64118,64164,46
grooming,64165,64164,64165,1
hunching,64220,64165,64220,55
grooming,64363,64220,64363,143
rearing,64431,64363,64431,68
grooming,64470,64431,64470,39
hunching,64689,64470,64689,219
left_turning,64702,64689,64702,13
stepping,64749,64702,64749,47
walking,64794,64749,64794,45
stepping,64881,64794,64881,87
sniffing,64899,64881,64899,18
walking,64915,64899,64915,16
rearing,65102,64915,65102,187
climbing,65120,65102,65120,18
walking,65176,65120,65176,56
rising,65184,65176,65184,8
rearing,65258,65184,65258,74
climbing,65300,65258,65300,42
walking,65328,65300,65328,28
sniffing,65329,65328,65329,1
walking,65368,65329,65368,39
sniffing,65388,65368,65388,20
rearing,65463,65388,65463,75
rising,65480,65463,65480,17
rearing,65636,65480,65636,156
grooming,65637,65636,65637,1
sniffing,65718,65637,65718,81
grooming,65741,65718,65741,23
rearing,65774,65741,65774,33
grooming,65931,65774,65931,157
rearing,65948,65931,65948,17
rising,65984,65948,65984,36
climbing,66014,65984,66014,30
sniffing,66214,66014,66214,200
grooming,66335,66214,66335,121
climbing,66343,66335,66343,8
walking,66367,66343,66367,24
sniffing,66423,66367,66423,56
rising,66462,66423,66462,39
climbing,66485,66462,66485,23
right_turning,66490,66485,66490,5
walking,66540,66490,66540,50
stepping,66541,66540,66541,1
walking,66561,66541,66561,20
stepping,66577,66561,66577,16
sniffing,66820,66577,66820,243
stepping,66878,66820,66878,58
sniffing,66955,66878,66955,77
rising,66956,66955,66956,1
left_turning,66967,66956,66967,11
sniffing,66977,66967,66977,10
rearing,67038,66977,67038,61
climbing,67093,67038,67093,55
sniffing,67123,67093,67123,30
right_turning,67169,67123,67169,46
sniffing,67187,67169,67187,18
walking,67221,67187,67221,34
sniffing,67241,67221,67241,20
walking,67275,67241,67275,34
stepping,67319,67275,67319,44
climbing,67357,67319,67357,38
rising,67414,67357,67414,57
grooming,67466,67414,67466,52
rising,67553,67466,67553,87
rearing,67844,67553,67844,291
grooming,67845,67844,67845,1
rearing,67926,67845,67926,81
rising,67973,67926,67973,47
climbing,67996,67973,67996,23
trotting,68027,67996,68027,31
walking,68033,68027,68033,6
rising,68039,68033,68039,6
sniffing,68084,68039,68084,45
stepping,68128,68084,68128,44
left_turning,68153,68128,68153,25
walking,68186,68153,68186,33
rising,68213,68186,68213,27
grooming,68429,68213,68429,216
left_turning,68448,68429,68448,19
sniffing,68485,68448,68485,37
stepping,68505,68485,68505,20
climbing,68568,68505,68568,63
rising,68708,68568,68708,140
rearing,68748,68708,68748,40
rising,68749,68748,68749,1
rearing,68806,68749,68806,57
hunching,68812,68806,68812,6
grooming,68813,68812,68813,1
sniffing,68849,68813,68849,36
stepping,68856,68849,68856,7
rearing,68900,68856,68900,44
hunching,68999,68900,68999,99
grooming,69000,68999,69000,1
rising,69001,69000,69001,1
sniffing,69002,69001,69002,1
rising,69019,69002,69019,17
rearing,69063,69019,69063,44
grooming,69288,69063,69288,225
hunching,69343,69288,69343,55
grooming,69344,69343,69344,1
sniffing,69362,69344,69362,18
walking,69363,69362,69363,1
grooming,69364,69363,69364,1
rising,69377,69364,69377,13
rearing,69378,69377,69378,1
grooming,69379,69378,69379,1
sniffing,69380,69379,69380,1
stepping,69423,69380,69423,43
walking,69469,69423,69469,46
stepping,69494,69469,69494,25
rearing,69542,69494,69542,48
left_turning,69594,69542,69594,52
sniffing,69608,69594,69608,14
grooming,69696,69608,69696,88
sniffing,69765,69696,69765,69
left_turning,69780,69765,69780,15
sniffing,69781,69780,69781,1
grooming,70115,69781,70115,334
sniffing,70141,70115,70141,26
walking,70160,70141,70160,19
stepping,70188,70160,70188,28
rearing,70189,70188,70189,1
climbing,70221,70189,70221,32
rising,70266,70221,70266,45
sniffing,70387,70266,70387,121
stepping,70411,70387,70411,24
sniffing,70412,70411,70412,1
rising,70477,70412,70477,65
grooming,70504,70477,70504,27
left_turning,70543,70504,70543,39
sniffing,70544,70543,70544,1
grooming,70687,70544,70687,143
scratching,70814,70687,70814,127
grooming,70939,70814,70939,125
left_turning,70982,70939,70982,43
rising,71005,70982,71005,23
climbing,71078,71005,71078,73
left_turning,71115,71078,71115,37
sniffing,71126,71115,71126,11
stepping,71152,71126,71152,26
sniffing,71153,71152,71153,1
stepping,71175,71153,71175,22
sniffing,71188,71175,71188,13
climbing,71254,71188,71254,66
sniffing,71255,71254,71255,1
walking,71284,71255,71284,29
sniffing,71336,71284,71336,52
walking,71385,71336,71385,49
rising,71452,71385,71452,67
sniffing,71453,71452,71453,1
grooming,71454,71453,71454,1
hunching,71455,71454,71455,1
rearing,71539,71455,71539,84
climbing,71601,71539,71601,62
rearing,71602,71601,71602,1
grooming,71603,71602,71603,1
sniffing,71609,71603,71609,6
left_turning,71633,71609,71633,24
trotting,71655,71633,71655,22
stepping,71664,71655,71664,9
walking,71679,71664,71679,15
rising,71680,71679,71680,1
climbing,71704,71680,71704,24
hunching,71709,71704,71709,5
grooming,71841,71709,71841,132
sniffing,71893,71841,71893,52
rising,71940,71893,71940,47
grooming,72449,71940,72449,509
left_turning,72497,72449,72497,48
grooming,72498,72497,72498,1
rearing,72499,72498,72499,1
stepping,72525,72499,72525,26
rising,72526,72525,72526,1
walking,72581,72526,72581,55
sniffing,72703,72581,72703,122
grooming,72868,72703,72868,165
sniffing,73048,72868,73048,180
walking,73054,73048,73054,6
trotting,73071,73054,73071,17
walking,73103,73071,73103,32
stepping,73117,73103,73117,14
rearing,73152,73117,73152,35
grooming,73250,73152,73250,98
walking,73268,73250,73268,18
sniffing,73269,73268,73269,1
grooming,73591,73269,73591,322
climbing,73648,73591,73648,57
running,73678,73648,73678,30
walking,73688,73678,73688,10
trotting,73700,73688,73700,12
walking,73718,73700,73718,18
sniffing,73719,73718,73719,1
walking,73731,73719,73731,12
sniffing,73773,73731,73773,42
trotting,73796,73773,73796,23
left_turning,73878,73796,73878,82
walking,73885,73878,73885,7
climbing,73895,73885,73895,10
grooming,74276,73895,74276,381
walking,74317,74276,74317,41
sniffing,74367,74317,74367,50
grooming,74475,74367,74475,108
walking,74494,74475,74494,19
sniffing,74517,74494,74517,23
rising,74669,74517,74669,152
walking,74672,74669,74672,3
stepping,74684,74672,74684,12
rising,74698,74684,74698,14
grooming,74699,74698,74699,1
rearing,74700,74699,74700,1
climbing,74730,74700,74730,30
left_turning,74753,74730,74753,23
sniffing,74776,74753,74776,23
walking,74796,74776,74796,20
sniffing,74804,74796,74804,8
rising,74846,74804,74846,42
climbing,74850,74846,74850,4
trotting,74913,74850,74913,63
walking,74923,74913,74923,10
stepping,74928,74923,74928,5
sniffing,74948,74928,74948,20
left_turning,74949,74948,74949,1
stepping,74987,74949,74987,38
climbing,75030,74987,75030,43
stepping,75074,75030,75074,44
right_turning,75085,75074,75085,11
scratching,75373,75085,75373,288
grooming,75614,75373,75614,241
trotting,75642,75614,75642,28
stepping,75695,75642,75695,53
sniffing,75756,75695,75756,61
stepping,75803,75756,75803,47
sniffing,75804,75803,75804,1
rising,75827,75804,75827,23
climbing,75838,75827,75838,11
left_turning,75868,75838,75868,30
sniffing,76090,75868,76090,222
rising,76109,76090,76109,19
left_turning,76123,76109,76123,14
grooming,76221,76123,76221,98
sniffing,76222,76221,76222,1
walking,76243,76222,76243,21
sniffing,76248,76243,76248,5
trotting,76274,76248,76274,26
right_turning,76300,76274,76300,26
sniffing,76322,76300,76322,22
left_turning,76323,76322,76323,1
rising,76349,76323,76349,26
left_turning,76378,76349,76378,29
walking,76384,76378,76384,6
rising,76410,76384,76410,26
climbing,76455,76410,76455,45
sniffing,76525,76455,76525,70
left_turning,76561,76525,76561,36
walking,76574,76561,76574,13
stepping,76581,76574,76581,7
sniffing,76667,76581,76667,86
rising,76692,76667,76692,25
walking,76716,76692,76716,24
grooming,76727,76716,76727,11
sniffing,76739,76727,76739,12
stepping,76781,76739,76781,42
sniffing,76788,76781,76788,7
rising,76819,76788,76819,31
grooming,76951,76819,76951,132
climbing,77009,76951,77009,58
walking,77062,77009,77062,53
rising,77075,77062,77075,13
left_turning,77100,77075,77100,25
sniffing,77184,77100,77184,84
grooming,77477,77184,77477,293
climbing,77483,77477,77483,6
running,77498,77483,77498,15
rearing,77503,77498,77503,5
grooming,78826,77503,78826,1323
walking,78827,78826,78827,1
sniffing,78895,78827,78895,68
right_turning,78896,78895,78896,1
sniffing,78960,78896,78960,64
stepping,78978,78960,78978,18
rearing,79013,78978,79013,35
climbing,79129,79013,79129,116
sniffing,79220,79129,79220,91
rising,79232,79220,79232,12
climbing,79351,79232,79351,119
grooming,79477,79351,79477,126
walking,79478,79477,79478,1
sniffing,79513,79478,79513,35
rising,79543,79513,79543,30
rearing,79640,79543,79640,97
grooming,79799,79640,79799,159
right_turning,79806,79799,79806,7
sniffing,79911,79806,79911,105
right_turning,79922,79911,79922,11
walking,79930,79922,79930,8
sniffing,79986,79930,79986,56
rising,79989,79986,79989,3
stepping,80019,79989,80019,30
sniffing,80040,80019,80040,21
stepping,80096,80040,80096,56
rearing,80097,80096,80097,1
grooming,80290,80097,80290,193
scratching,80388,80290,80388,98
sniffing,80419,80388,80419,31
left_turning,80425,80419,80425,6
stepping,80461,80425,80461,36
rising,80466,80461,80466,5
rearing,80469,80466,80469,3
walking,80485,80469,80485,16
sniffing,80584,80485,80584,99
right_turning,80617,80584,80617,33
walking,80678,80617,80678,61
climbing,80681,80678,80681,3
left_turning,80682,80681,80682,1
sniffing,80684,80682,80684,2
rising,80717,80684,80717,33
climbing,80772,80717,80772,55
left_turning,80795,80772,80795,23
walking,80796,80795,80796,1
stepping,80822,80796,80822,26
sniffing,80845,80822,80845,23
rearing,80905,80845,80905,60
running,80945,80905,80945,40
trotting,80962,80945,80962,17
sniffing,80990,80962,80990,28
rearing,81048,80990,81048,58
trotting,81079,81048,81079,31
rearing,81117,81079,81117,38
walking,81119,81117,81119,2
sniffing,81212,81119,81212,93
grooming,81284,81212,81284,72
sniffing,81463,81284,81463,179
walking,81464,81463,81464,1
sniffing,81516,81464,81516,52
walking,81537,81516,81537,21
sniffing,81609,81537,81609,72
walking,81655,81609,81655,46
stepping,81695,81655,81695,40
right_turning,81708,81695,81708,13
grooming,81866,81708,81866,158
rearing,81873,81866,81873,7
climbing,81916,81873,81916,43
rearing,82050,81916,82050,134
climbing,82076,82050,82076,26
grooming,82081,82076,82081,5
sniffing,82091,82081,82091,10
walking,82125,82091,82125,34
sniffing,82194,82125,82194,69
left_turning,82265,82194,82265,71
sniffing,82266,82265,82266,1
walking,82315,82266,82315,49
stepping,82328,82315,82328,13
rising,82329,82328,82329,1
climbing,82409,82329,82409,80
stepping,82413,82409,82413,4
walking,82505,82413,82505,92
sniffing,82506,82505,82506,1
walking,82561,82506,82561,55
sniffing,82562,82561,82562,1
rising,82572,82562,82572,10
stepping,82587,82572,82587,15
sniffing,82758,82587,82758,171
stepping,82784,82758,82784,26
climbing,82849,82784,82849,65
grooming,83047,82849,83047,198
sniffing,83048,83047,83048,1
hunching,83308,83048,83308,260
rearing,83438,83308,83438,130
climbing,83491,83438,83491,53
rearing,83492,83491,83492,1
rising,83682,83492,83682,190
grooming,83837,83682,83837,155
climbing,83855,83837,83855,18
grooming,83856,83855,83856,1
sniffing,84069,83856,84069,213
stepping,84089,84069,84089,20
rising,84113,84089,84113,24
stepping,84122,84113,84122,9
sniffing,84123,84122,84123,1
rising,84129,84123,84129,6
climbing,84166,84129,84166,37
grooming,84336,84166,84336,170
sniffing,84357,84336,84357,21
rearing,84493,84357,84493,136
hunching,84689,84493,84689,196
rearing,84807,84689,84807,118
rising,84823,84807,84823,16
grooming,84926,84823,84926,103
walking,84960,84926,84960,34
stepping,84981,84960,84981,21
sniffing,85065,84981,85065,84
hunching,85208,85065,85208,143
rearing,85226,85208,85226,18
climbing,85330,85226,85330,104
walking,85355,85330,85355,25
stepping,85369,85355,85369,14
rearing,85419,85369,85419,50
grooming,85420,85419,85420,1
sniffing,85449,85420,85449,29
walking,85546,85449,85546,97
sniffing,85547,85546,85547,1
stepping,85563,85547,85563,16
trotting,85591,85563,85591,28
walking,85610,85591,85610,19
sniffing,85684,85610,85684,74
rising,85756,85684,85756,72
climbing,85822,85756,85822,66
grooming,85852,85822,85852,30
rearing,85948,85852,85948,96
climbing,85987,85948,85987,39
walking,86007,85987,86007,20
climbing,86031,86007,86031,24
left_turning,86074,86031,86074,43
sniffing,86084,86074,86084,10
walking,86118,86084,86118,34
stepping,86146,86118,86146,28
sniffing,86198,86146,86198,52
walking,86199,86198,86199,1
sniffing,86256,86199,86256,57
stepping,86277,86256,86277,21
rearing,86295,86277,86295,18
stepping,86345,86295,86345,50
sniffing,86409,86345,86409,64
walking,86435,86409,86435,26
stepping,86452,86435,86452,17
walking,86453,86452,86453,1
sniffing,86463,86453,86463,10
walking,86484,86463,86484,21
rising,86507,86484,86507,23
sniffing,86521,86507,86521,14
stepping,86548,86521,86548,27
rising,86627,86548,86627,79
sniffing,86696,86627,86696,69
running,86735,86696,86735,39
walking,86771,86735,86771,36
sniffing,86839,86771,86839,68
rearing,86898,86839,86898,59
grooming,87072,86898,87072,174
rearing,87121,87072,87121,49
right_turning,87138,87121,87138,17
climbing,87173,87138,87173,35
walking,87174,87173,87174,1
sniffing,87183,87174,87183,9
left_turning,87184,87183,87184,1
trotting,87207,87184,87207,23
sniffing,87213,87207,87213,6
walking,87285,87213,87285,72
rising,87316,87285,87316,31
climbing,87379,87316,87379,63
left_turning,87405,87379,87405,26
sniffing,87452,87405,87452,47
walking,87489,87452,87489,37
sniffing,87506,87489,87506,17
grooming,87559,87506,87559,53
sniffing,87563,87559,87563,4
rearing,87564,87563,87564,1
grooming,87616,87564,87616,52
rearing,87646,87616,87646,30
rising,87657,87646,87657,11
climbing,87705,87657,87705,48
rearing,87729,87705,87729,24
rising,87853,87729,87853,124
sniffing,87921,87853,87921,68
stepping,87944,87921,87944,23
walking,87952,87944,87952,8
trotting,87975,87952,87975,23
rising,87989,87975,87989,14
climbing,88053,87989,88053,64
trotting,88060,88053,88060,7
walking,88061,88060,88061,1
trotting,88065,88061,88065,4
stepping,88087,88065,88087,22
walking,88119,88087,88119,32
sniffing,88212,88119,88212,93
stepping,88225,88212,88225,13
sniffing,88246,88225,88246,21
stepping,88274,88246,88274,28
rearing,88291,88274,88291,17
climbing,88350,88291,88350,59
grooming,88351,88350,88351,1
rearing,88365,88351,88365,14
climbing,88466,88365,88466,101
grooming,88520,88466,88520,54
scratching,88534,88520,88534,14
grooming,88838,88534,88838,304
stepping,88839,88838,88839,1
sniffing,88864,88839,88864,25
stepping,88916,88864,88916,52
sniffing,89038,88916,89038,122
grooming,89604,89038,89604,566
sniffing,89605,89604,89605,1
left_turning,89610,89605,89610,5
walking,89635,89610,89635,25
trotting,89640,89635,89640,5
sniffing,89641,89640,89641,1
rising,89707,89641,89707,66
sniffing,89755,89707,89755,48
rising,89756,89755,89756,1
climbing,89812,89756,89812,56
left_turning,89838,89812,89838,26
sniffing,89856,89838,89856,18
rising,89913,89856,89913,57
climbing,89931,89913,89931,18
trotting,89972,89931,89972,41
walking,90029,89972,90029,57
stepping,90093,90029,90093,64
sniffing,90100,90093,90100,7
grooming,90350,90100,90350,250
scratching,90351,90350,90351,1
sniffing,90465,90351,90465,114
stepping,90494,90465,90494,29
grooming,90502,90494,90502,8
rising,90570,90502,90570,68
running,90582,90570,90582,12
stepping,90603,90582,90603,21
sniffing,90604,90603,90604,1
right_turning,90621,90604,90621,17
sniffing,90728,90621,90728,107
stepping,90736,90728,90736,8
left_turning,90768,90736,90768,32
walking,90779,90768,90779,11
stepping,90809,90779,90809,30
trotting,90831,90809,90831,22
walking,90889,90831,90889,58
trotting,90968,90889,90968,79
stepping,90985,90968,90985,17
climbing,90999,90985,90999,14
stepping,91005,90999,91005,6
jumping,91029,91005,91029,24
walking,91050,91029,91050,21
sniffing,91138,91050,91138,88
rising,91233,91138,91233,95
climbing,91259,91233,91259,26
walking,91293,91259,91293,34
rearing,91356,91293,91356,63
climbing,91378,91356,91378,22
right_turning,91409,91378,91409,31
climbing,91468,91409,91468,59
grooming,91540,91468,91540,72
sniffing,91574,91540,91574,34
trotting,91614,91574,91614,40
sniffing,91762,91614,91762,148
rising,91824,91762,91824,62
stepping,91860,91824,91860,36
left_turning,91885,91860,91885,25
grooming,91886,91885,91886,1
rearing,91912,91886,91912,26
sniffing,91927,91912,91927,15
walking,91968,91927,91968,41
stepping,91988,91968,91988,20
sniffing,92034,91988,92034,46
left_turning,92067,92034,92067,33
climbing,92103,92067,92103,36
sniffing,92112,92103,92112,9
left_turning,92117,92112,92117,5
walking,92130,92117,92130,13
sniffing,92146,92130,92146,16
rising,92168,92146,92168,22
stepping,92191,92168,92191,23
rising,92244,92191,92244,53
sniffing,92245,92244,92245,1
stepping,92273,92245,92273,28
rearing,92274,92273,92274,1
sniffing,92275,92274,92275,1
right_turning,92276,92275,92276,1
rearing,92345,92276,92345,69
hunching,92346,92345,92346,1
rearing,92399,92346,92399,53
climbing,92441,92399,92441,42
walking,92485,92441,92485,44
rising,92535,92485,92535,50
left_turning,92536,92535,92536,1
walking,92548,92536,92548,12
stepping,92567,92548,92567,19
rising,92585,92567,92585,18
rearing,92611,92585,92611,26
walking,92619,92611,92619,8
rising,92623,92619,92623,4
grooming,92666,92623,92666,43
rearing,92714,92666,92714,48
grooming,92715,92714,92715,1
rising,92716,92715,92716,1
grooming,92732,92716,92732,16
rising,92750,92732,92750,18
hunching,92825,92750,92825,75
grooming,92875,92825,92875,50
climbing,92959,92875,92959,84
grooming,93103,92959,93103,144
right_turning,93125,93103,93125,22
stepping,93159,93125,93159,34
grooming,93260,93159,93260,101
sniffing,93339,93260,93339,79
rising,93351,93339,93351,12
sniffing,93407,93351,93407,56
walking,93439,93407,93439,32
sniffing,93654,93439,93654,215
stepping,93679,93654,93679,25
grooming,93770,93679,93770,91
rising,93796,93770,93796,26
grooming,93932,93796,93932,136
walking,93972,93932,93972,40
stepping,93983,93972,93983,11
climbing,94016,93983,94016,33
running,94043,94016,94043,27
stepping,94097,94043,94097,54
walking,94147,94097,94147,50
sniffing,94148,94147,94148,1
stepping,94160,94148,94160,12
trotting,94166,94160,94166,6
walking,94176,94166,94176,10
rising,94185,94176,94185,9
walking,94399,94185,94399,214
sniffing,94464,94399,94464,65
grooming,94624,94464,94624,160
stepping,94678,94624,94678,54
sniffing,94743,94678,94743,65
left_turning,94786,94743,94786,43
rising,94823,94786,94823,37
left_turning,94884,94823,94884,61
sniffing,94885,94884,94885,1
rising,94920,94885,94920,35
left_turning,94961,94920,94961,41
climbing,94969,94961,94969,8
sniffing,95024,94969,95024,55
walking,95049,95024,95049,25
sniffing,95114,95049,95114,65
rising,95130,95114,95130,16
climbing,95152,95130,95152,22
stepping,95153,95152,95153,1
trotting,95172,95153,95172,19
walking,95188,95172,95188,16
stepping,95205,95188,95205,17
scratching,95206,95205,95206,1
grooming,95207,95206,95207,1
hunching,95327,95207,95327,120
grooming,95367,95327,95367,40
sniffing,95401,95367,95401,34
climbing,95443,95401,95443,42
grooming,95461,95443,95461,18
left_turning,95504,95461,95504,43
stepping,95521,95504,95521,17
rearing,95605,95521,95605,84
sniffing,95612,95605,95612,7
trotting,95621,95612,95621,9
walking,95622,95621,95622,1
sniffing,95836,95622,95836,214
grooming,96152,95836,96152,316
sniffing,96153,96152,96153,1
running,96194,96153,96194,41
rearing,96233,96194,96233,39
walking,96250,96233,96250,17
sniffing,96251,96250,96251,1
grooming,96400,96251,96400,149
rearing,96463,96400,96463,63
climbing,96517,96463,96517,54
sniffing,96541,96517,96541,24
left_turning,96543,96541,96543,2
stepping,96576,96543,96576,33
rearing,96625,96576,96625,49
hunching,96739,96625,96739,114
rearing,96777,96739,96777,38
climbing,96915,96777,96915,138
walking,96917,96915,96917,2
stepping,96929,96917,96929,12
sniffing,96955,96929,96955,26
stepping,96998,96955,96998,43
walking,97020,96998,97020,22
stepping,97052,97020,97052,32
sniffing,97098,97052,97098,46
stepping,97124,97098,97124,26
sniffing,97205,97124,97205,81
grooming,97389,97205,97389,184
rearing,97426,97389,97426,37
grooming,97605,97426,97605,179
rising,97649,97605,97649,44
sniffing,97758,97649,97758,109
rising,97771,97758,97771,13
rearing,97876,97771,97876,105
climbing,97905,97876,97905,29
walking,97913,97905,97913,8
sniffing,97916,97913,97916,3
walking,97917,97916,97917,1
stepping,97953,97917,97953,36
walking,97956,97953,97956,3
rising,97957,97956,97957,1
rearing,97998,97957,97998,41
grooming,97999,97998,97999,1
right_turning,98031,97999,98031,32
walking,98069,98031,98069,38
trotting,98104,98069,98104,35
grooming,98251,98104,98251,147
rearing,98315,98251,98315,64
hunching,98422,98315,98422,107
grooming,98456,98422,98456,34
left_turning,98487,98456,98487,31
walking,98516,98487,98516,29
sniffing,98526,98516,98526,10
running,98550,98526,98550,24
walking,98577,98550,98577,27
sniffing,98608,98577,98608,31
grooming,98672,98608,98672,64
rearing,98722,98672,98722,50
left_turning,98723,98722,98723,1
rising,98757,98723,98757,34
left_turning,98770,98757,98770,13
trotting,98795,98770,98795,25
walking,98831,98795,98831,36
sniffing,98846,98831,98846,15
right_turning,98878,98846,98878,32
sniffing,98879,98878,98879,1
rearing,98912,98879,98912,33
left_turning,98962,98912,98962,50
walking,98985,98962,98985,23
sniffing,99082,98985,99082,97
walking,99139,99082,99139,57
sniffing,99182,99139,99182,43
left_turning,99202,99182,99202,20
rising,99203,99202,99203,1
sniffing,99214,99203,99214,11
rising,99279,99214,99279,65
rearing,99409,99279,99409,130
climbing,99422,99409,99422,13
rising,99541,99422,99541,119
climbing,99618,99541,99618,77
trotting,99619,99618,99619,1
running,99637,99619,99637,18
sniffing,99642,99637,99642,5
right_turning,99648,99642,99648,6
walking,99808,99648,99808,160
sniffing,99884,99808,99884,76
grooming,99886,99884,99886,2
sniffing,99887,99886,99887,1
stepping,99900,99887,99900,13
climbing,99926,99900,99926,26
left_turning,99989,99926,99989,63
grooming,100071,99989,100071,82
climbing,100072,100071,100072,1
trotting,100105,100072,100105,33
sniffing,100147,100105,100147,42
stepping,100180,100147,100180,33
sniffing,100218,100180,100218,38
stepping,100251,100218,100251,33
sniffing,100333,100251,100333,82
walking,100358,100333,100358,25
rearing,100413,100358,100413,55
climbing,100449,100413,100449,36
grooming,100568,100449,100568,119
rising,100623,100568,100623,55
rearing,100657,100623,100657,34
grooming,100771,100657,100771,114
left_turning,100814,100771,100814,43
stepping,100819,100814,100819,5
grooming,100851,100819,100851,32
rearing,100910,100851,100910,59
stepping,100919,100910,100919,9
rising,100994,100919,100994,75
sniffing,101033,100994,101033,39
stepping,101065,101033,101065,32
walking,101093,101065,101093,28
stepping,101110,101093,101110,17
climbing,101141,101110,101141,31
hunching,101311,101141,101311,170
grooming,101566,101311,101566,255
sniffing,101620,101566,101620,54
right_turning,101636,101620,101636,16
walking,101637,101636,101637,1
stepping,101649,101637,101649,12
sniffing,101716,101649,101716,67
stepping,101754,101716,101754,38
sniffing,101851,101754,101851,97
rising,101903,101851,101903,52
rearing,101966,101903,101966,63
sniffing,102005,101966,102005,39
scratching,102075,102005,102075,70
sniffing,102113,102075,102113,38
stepping,102123,102113,102123,10
sniffing,102183,102123,102183,60
walking,102240,102183,102240,57
stepping,102270,102240,102270,30
walking,102300,102270,102300,30
sniffing,102301,102300,102301,1
walking,102302,102301,102302,1
sniffing,102340,102302,102340,38
grooming,102892,102340,102892,552
sniffing,102955,102892,102955,63
grooming,103032,102955,103032,77
rearing,103088,103032,103088,56
left_turning,103165,103088,103165,77
stepping,103232,103165,103232,67
sniffing,103267,103232,103267,35
grooming,103324,103267,103324,57
climbing,103345,103324,103345,21
rearing,103351,103345,103351,6
rising,103389,103351,103389,38
sniffing,103444,103389,103444,55
rising,103496,103444,103496,52
climbing,103576,103496,103576,80
walking,103590,103576,103590,14
sniffing,103594,103590,103594,4
grooming,103595,103594,103595,1
rearing,103676,103595,103676,81
sniffing,103745,103676,103745,69
running,103765,103745,103765,20
left_turning,103799,103765,103799,34
rearing,103824,103799,103824,25
grooming,103929,103824,103929,105
scratching,104013,103929,104013,84
grooming,104180,104013,104180,167
sniffing,104188,104180,104188,8
left_turning,104189,104188,104189,1
rising,104208,104189,104208,19
left_turning,104209,104208,104209,1
grooming,104578,104209,104578,369
rearing,104579,104578,104579,1
rising,104580,104579,104580,1
rearing,104581,104580,104581,1
stepping,104599,104581,104599,18
sniffing,104645,104599,104645,46
rearing,104708,104645,104708,63
sniffing,104751,104708,104751,43
walking,104758,104751,104758,7
sniffing,104769,104758,104769,11
stepping,104800,104769,104800,31
walking,104802,104800,104802,2
right_turning,104812,104802,104812,10
trotting,104828,104812,104828,16
rising,104848,104828,104848,20
rearing,104917,104848,104917,69
rising,104918,104917,104918,1
left_turning,104940,104918,104940,22
rearing,104963,104940,104963,23
grooming,104995,104963,104995,32
hunching,105100,104995,105100,105
grooming,105101,105100,105101,1
left_turning,105104,105101,105104,3
rising,105148,105104,105148,44
left_turning,105152,105148,105152,4
climbing,105172,105152,105172,20
walking,105175,105172,105175,3
left_turning,105214,105175,105214,39
stepping,105237,105214,105237,23
right_turning,105251,105237,105251,14
sniffing,105302,105251,105302,51
stepping,105341,105302,105341,39
climbing,105388,105341,105388,47
grooming,105479,105388,105479,91
walking,105492,105479,105492,13
stepping,105593,105492,105593,101
sniffing,105671,105593,105671,78
walking,105672,105671,105672,1
sniffing,105694,105672,105694,22
stepping,105723,105694,105723,29
rearing,105786,105723,105786,63
grooming,106449,105786,106449,663
sniffing,106555,106449,106555,106
grooming,106636,106555,106636,81
hunching,106688,106636,106688,52
rearing,106689,106688,106689,1
left_turning,106698,106689,106698,9
grooming,106926,106698,106926,228
rising,106931,106926,106931,5
rearing,106940,106931,106940,9
grooming,106941,106940,106941,1
rearing,106995,106941,106995,54
grooming,107136,106995,107136,141
rearing,107182,107136,107182,46
grooming,107425,107182,107425,243
sniffing,107426,107425,107426,1
left_turning,107437,107426,107437,11
grooming,107444,107437,107444,7
hunching,107527,107444,107527,83
rearing,107596,107527,107596,69
climbing,107684,107596,107684,88
rearing,107740,107684,107740,56
hunching,107789,107740,107789,49
left_turning,107816,107789,107816,27
rising,107866,107816,107866,50
hunching,107867,107866,107867,1
sniffing,107882,107867,107882,15
scratching,107883,107882,107883,1
sniffing,107892,107883,107892,9
right_turning,107919,107892,107919,27
stepping,107950,107919,107950,31
rising,108000,107950,108000,50
