revised_movement_label,segBoundary,segBoundary_start,segBoundary_end,length
sniffing,139,0,139,139
rising,155,139,155,16
climbing,184,155,184,29
walking,185,184,185,1
sniffing,214,185,214,29
stepping,305,214,305,91
sniffing,306,305,306,1
left_turning,310,306,310,4
stepping,373,310,373,63
walking,426,373,426,53
stepping,471,426,471,45
walking,472,471,472,1
stepping,501,472,501,29
rising,502,501,502,1
grooming,638,502,638,136
walking,639,638,639,1
sniffing,640,639,640,1
hunching,641,640,641,1
walking,735,641,735,94
sniffing,799,735,799,64
stepping,896,799,896,97
right_turning,944,896,944,48
stepping,964,944,964,20
walking,998,964,998,34
left_turning,1055,998,1055,57
rising,1076,1055,1076,21
rearing,1133,1076,1133,57
climbing,1189,1133,1189,56
walking,1219,1189,1219,30
stepping,1271,1219,1271,52
grooming,1278,1271,1278,7
hunching,1279,1278,1279,1
stepping,1322,1279,1322,43
sniffing,1579,1322,1579,257
left_turning,1662,1579,1662,83
walking,1739,1662,1739,77
stepping,1774,1739,1774,35
rising,1775,1774,1775,1
sniffing,1790,1775,1790,15
stepping,1842,1790,1842,52
sniffing,1845,1842,1845,3
rising,1846,1845,1846,1
grooming,1980,1846,1980,134
walking,2053,1980,2053,73
sniffing,2104,2053,2104,51
grooming,2237,2104,2237,133
rearing,2257,2237,2257,20
grooming,2258,2257,2258,1
sniffing,2273,2258,2273,15
stepping,2324,2273,2324,51
rising,2352,2324,2352,28
left_turning,2353,2352,2353,1
walking,2363,2353,2363,10
sniffing,2472,2363,2472,109
walking,2473,2472,2473,1
sniffing,2577,2473,2577,104
grooming,2685,2577,2685,108
sniffing,2773,2685,2773,88
walking,2861,2773,2861,88
sniffing,2958,2861,2958,97
grooming,3023,2958,3023,65
right_turning,3045,3023,3045,22
walking,3046,3045,3046,1
trotting,3073,3046,3073,27
stepping,3085,3073,3085,12
walking,3099,3085,3099,14
stepping,3127,3099,3127,28
walking,3164,3127,3164,37
trotting,3208,3164,3208,44
sniffing,3242,3208,3242,34
grooming,3243,3242,3243,1
right_turning,3264,3243,3264,21
trotting,3334,3264,3334,70
walking,3335,3334,3335,1
rising,3356,3335,3356,21
rearing,3388,3356,3388,32
grooming,3389,3388,3389,1
walking,3422,3389,3422,33
sniffing,3432,3422,3432,10
trotting,3451,3432,3451,19
sniffing,3454,3451,3454,3
left_turning,3455,3454,3455,1
running,3465,3455,3465,10
right_turning,3505,3465,3505,40
walking,3506,3505,3506,1
sniffing,3511,3506,3511,5
stepping,3574,3511,3574,63
rising,3636,3574,3636,62
rearing,3710,3636,3710,74
grooming,3715,3710,3715,5
rearing,3765,3715,3765,50
hunching,3802,3765,3802,37
rearing,3803,3802,3803,1
stepping,3830,3803,3830,27
sniffing,3838,3830,3838,8
rising,3899,3838,3899,61
sniffing,3950,3899,3950,51
walking,3999,3950,3999,49
sniffing,4061,3999,4061,62
rearing,4062,4061,4062,1
climbing,4081,4062,4081,19
left_turning,4140,4081,4140,59
running,4157,4140,4157,17
walking,4158,4157,4158,1
stepping,4159,4158,4159,1
walking,4201,4159,4201,42
sniffing,4219,4201,4219,18
left_turning,4243,4219,4243,24
walking,4313,4243,4313,70
left_turning,4314,4313,4314,1
stepping,4374,4314,4374,60
rising,4411,4374,4411,37
climbing,4412,4411,4412,1
rising,4559,4412,4559,147
sniffing,4560,4559,4560,1
walking,4575,4560,4575,15
stepping,4594,4575,4594,19
sniffing,4616,4594,4616,22
stepping,4704,4616,4704,88
walking,4729,4704,4729,25
sniffing,4730,4729,4730,1
walking,4846,4730,4846,116
trotting,4907,4846,4907,61
stepping,4999,4907,4999,92
sniffing,5000,4999,5000,1
rising,5024,5000,5024,24
sniffing,5102,5024,5102,78
hunching,5124,5102,5124,22
left_turning,5132,5124,5132,8
sniffing,5210,5132,5210,78
rising,5211,5210,5211,1
sniffing,5212,5211,5212,1
walking,5239,5212,5239,27
running,5250,5239,5250,11
walking,5289,5250,5289,39
sniffing,5295,5289,5295,6
stepping,5344,5295,5344,49
sniffing,5374,5344,5374,30
walking,5474,5374,5474,100
stepping,5533,5474,5533,59
sniffing,5594,5533,5594,61
stepping,5666,5594,5666,72
walking,5690,5666,5690,24
sniffing,5700,5690,5700,10
walking,5704,5700,5704,4
right_turning,5766,5704,5766,62
stepping,5806,5766,5806,40
rising,5861,5806,5861,55
grooming,6069,5861,6069,208
stepping,6077,6069,6077,8
walking,6078,6077,6078,1
trotting,6120,6078,6120,42
walking,6191,6120,6191,71
left_turning,6223,6191,6223,32
sniffing,6224,6223,6224,1
rising,6239,6224,6239,15
sniffing,6333,6239,6333,94
grooming,6359,6333,6359,26
trotting,6370,6359,6370,11
running,6407,6370,6407,37
grooming,6433,6407,6433,26
hunching,6458,6433,6458,25
grooming,6459,6458,6459,1
left_turning,6527,6459,6527,68
trotting,6558,6527,6558,31
rising,6593,6558,6593,35
rearing,6655,6593,6655,62
rising,6679,6655,6679,24
sniffing,6768,6679,6768,89
walking,6769,6768,6769,1
rising,6883,6769,6883,114
walking,6889,6883,6889,6
trotting,6905,6889,6905,16
running,6921,6905,6921,16
trotting,6991,6921,6991,70
running,7010,6991,7010,19
walking,7078,7010,7078,68
stepping,7119,7078,7119,41
sniffing,7226,7119,7226,107
walking,7247,7226,7247,21
sniffing,7281,7247,7281,34
walking,7443,7281,7443,162
trotting,7491,7443,7491,48
sniffing,7539,7491,7539,48
rising,7557,7539,7557,18
hunching,7609,7557,7609,52
rising,7610,7609,7610,1
trotting,7679,7610,7679,69
walking,7680,7679,7680,1
rising,7721,7680,7721,41
sniffing,7722,7721,7722,1
stepping,7752,7722,7752,30
trotting,7803,7752,7803,51
rising,7848,7803,7848,45
grooming,7900,7848,7900,52
sniffing,7957,7900,7957,57
right_turning,7958,7957,7958,1
running,7969,7958,7969,11
trotting,7988,7969,7988,19
sniffing,8039,7988,8039,51
trotting,8099,8039,8099,60
walking,8125,8099,8125,26
stepping,8202,8125,8202,77
sniffing,8203,8202,8203,1
right_turning,8205,8203,8205,2
sniffing,8220,8205,8220,15
rising,8228,8220,8228,8
walking,8333,8228,8333,105
grooming,8456,8333,8456,123
left_turning,8484,8456,8484,28
sniffing,8948,8484,8948,464
rising,8952,8948,8952,4
trotting,8992,8952,8992,40
stepping,9037,8992,9037,45
grooming,9038,9037,9038,1
sniffing,9039,9038,9039,1
right_turning,9045,9039,9045,6
rearing,9071,9045,9071,26
sniffing,9165,9071,9165,94
stepping,9200,9165,9200,35
grooming,9206,9200,9206,6
rearing,9243,9206,9243,37
grooming,9541,9243,9541,298
sniffing,9689,9541,9689,148
grooming,9690,9689,9690,1
sniffing,9752,9690,9752,62
rising,9753,9752,9753,1
left_turning,9769,9753,9769,16
sniffing,9861,9769,9861,92
stepping,9921,9861,9921,60
rising,9942,9921,9942,21
grooming,10223,9942,10223,281
right_turning,10226,10223,10226,3
climbing,10302,10226,10302,76
rearing,10348,10302,10348,46
hunching,10411,10348,10411,63
rearing,10413,10411,10413,2
hunching,10459,10413,10459,46
left_turning,10516,10459,10516,57
rearing,10517,10516,10517,1
hunching,10561,10517,10561,44
left_turning,10601,10561,10601,40
stepping,10666,10601,10666,65
walking,10709,10666,10709,43
sniffing,10749,10709,10749,40
left_turning,10770,10749,10770,21
walking,10842,10770,10842,72
stepping,10847,10842,10847,5
rising,10893,10847,10893,46
grooming,10903,10893,10903,10
walking,10906,10903,10906,3
sniffing,10962,10906,10962,56
running,10976,10962,10976,14
stepping,11019,10976,11019,43
sniffing,11060,11019,11060,41
stepping,11095,11060,11095,35
grooming,11130,11095,11130,35
hunching,11169,11130,11169,39
rising,11190,11169,11190,21
sniffing,11279,11190,11279,89
walking,11351,11279,11351,72
rearing,11473,11351,11473,122
walking,11480,11473,11480,7
stepping,11557,11480,11557,77
sniffing,11639,11557,11639,82
grooming,11669,11639,11669,30
stepping,11670,11669,11670,1
walking,11718,11670,11718,48
running,11748,11718,11748,30
sniffing,11888,11748,11888,140
grooming,12055,11888,12055,167
rising,12103,12055,12103,48
rearing,12104,12103,12104,1
climbing,12267,12104,12267,163
sniffing,12413,12267,12413,146
grooming,12505,12413,12505,92
rearing,12577,12505,12577,72
hunching,12641,12577,12641,64
sniffing,12675,12641,12675,34
stepping,12717,12675,12717,42
walking,12718,12717,12718,1
rising,12765,12718,12765,47
grooming,12853,12765,12853,88
rising,12902,12853,12902,49
climbing,13014,12902,13014,112
grooming,13198,13014,13198,184
rising,13244,13198,13244,46
grooming,13267,13244,13267,23
left_turning,13285,13267,13285,18
grooming,13564,13285,13564,279
running,13606,13564,13606,42
left_turning,13609,13606,13609,3
rearing,13636,13609,13636,27
grooming,13666,13636,13666,30
running,13690,13666,13690,24
left_turning,13725,13690,13725,35
walking,13762,13725,13762,37
running,13769,13762,13769,7
walking,13770,13769,13770,1
stepping,13783,13770,13783,13
sniffing,13910,13783,13910,127
walking,13997,13910,13997,87
stepping,13998,13997,13998,1
walking,14040,13998,14040,42
grooming,14137,14040,14137,97
walking,14149,14137,14149,12
stepping,14194,14149,14194,45
walking,14318,14194,14318,124
stepping,14354,14318,14354,36
rising,14395,14354,14395,41
sniffing,14505,14395,14505,110
stepping,14574,14505,14574,69
running,14614,14574,14614,40
walking,14624,14614,14624,10
rearing,14720,14624,14720,96
grooming,14842,14720,14842,122
rearing,15030,14842,15030,188
rising,15061,15030,15061,31
stepping,15088,15061,15088,27
rising,15098,15088,15098,10
sniffing,15099,15098,15099,1
stepping,15133,15099,15133,34
rising,15163,15133,15163,30
grooming,15285,15163,15285,122
trotting,15307,15285,15307,22
sniffing,15372,15307,15372,65
running,15383,15372,15383,11
walking,15477,15383,15477,94
stepping,15478,15477,15478,1
walking,15497,15478,15497,19
grooming,15498,15497,15498,1
stepping,15541,15498,15541,43
sniffing,15615,15541,15615,74
hunching,15651,15615,15651,36
rearing,15684,15651,15684,33
grooming,15879,15684,15879,195
walking,15913,15879,15913,34
rising,15916,15913,15916,3
walking,15962,15916,15962,46
stepping,15980,15962,15980,18
grooming,16014,15980,16014,34
rising,16058,16014,16058,44
left_turning,16099,16058,16099,41
stepping,16142,16099,16142,43
walking,16209,16142,16209,67
trotting,16225,16209,16225,16
sniffing,16327,16225,16327,102
walking,16420,16327,16420,93
sniffing,16513,16420,16513,93
stepping,16535,16513,16535,22
sniffing,16561,16535,16561,26
walking,16601,16561,16601,40
rising,16746,16601,16746,145
climbing,16810,16746,16810,64
rearing,16856,16810,16856,46
grooming,16950,16856,16950,94
walking,16991,16950,16991,41
rearing,17170,16991,17170,179
hunching,17214,17170,17214,44
grooming,17525,17214,17525,311
sniffing,17569,17525,17569,44
grooming,17659,17569,17659,90
rearing,17727,17659,17727,68
grooming,17830,17727,17830,103
rearing,17848,17830,17848,18
grooming,17849,17848,17849,1
rising,17902,17849,17902,53
stepping,17940,17902,17940,38
rising,18021,17940,18021,81
grooming,18154,18021,18154,133
rearing,18183,18154,18183,29
rising,18184,18183,18184,1
walking,18216,18184,18216,32
sniffing,18217,18216,18217,1
rising,18265,18217,18265,48
grooming,18335,18265,18335,70
sniffing,18346,18335,18346,11
stepping,18356,18346,18356,10
walking,18360,18356,18360,4
grooming,18465,18360,18465,105
left_turning,18494,18465,18494,29
walking,18496,18494,18496,2
sniffing,18508,18496,18508,12
grooming,18541,18508,18541,33
rearing,18585,18541,18585,44
walking,18586,18585,18586,1
rising,18587,18586,18587,1
grooming,18622,18587,18622,35
climbing,18687,18622,18687,65
grooming,18688,18687,18688,1
stepping,18719,18688,18719,31
walking,18774,18719,18774,55
sniffing,18912,18774,18912,138
grooming,19148,18912,19148,236
hunching,19219,19148,19219,71
left_turning,19370,19219,19370,151
walking,19393,19370,19393,23
sniffing,19463,19393,19463,70
grooming,19542,19463,19542,79
walking,19584,19542,19584,42
sniffing,19585,19584,19585,1
rearing,19632,19585,19632,47
grooming,19671,19632,19671,39
hunching,19764,19671,19764,93
left_turning,19802,19764,19802,38
rising,19836,19802,19836,34
sniffing,19849,19836,19849,13
grooming,19850,19849,19850,1
hunching,19869,19850,19869,19
rearing,19940,19869,19940,71
grooming,19991,19940,19991,51
sniffing,19992,19991,19992,1
right_turning,20037,19992,20037,45
stepping,20038,20037,20038,1
sniffing,20039,20038,20039,1
trotting,20050,20039,20050,11
stepping,20111,20050,20111,61
sniffing,20158,20111,20158,47
walking,20183,20158,20183,25
stepping,20224,20183,20224,41
rising,20264,20224,20264,40
rearing,20265,20264,20265,1
hunching,20293,20265,20293,28
left_turning,20334,20293,20334,41
walking,20388,20334,20388,54
sniffing,20389,20388,20389,1
grooming,20488,20389,20488,99
walking,20506,20488,20506,18
left_turning,20554,20506,20554,48
stepping,20590,20554,20590,36
sniffing,20620,20590,20620,30
left_turning,20651,20620,20651,31
stepping,20728,20651,20728,77
sniffing,20749,20728,20749,21
grooming,20923,20749,20923,174
left_turning,20958,20923,20958,35
walking,21055,20958,21055,97
stepping,21105,21055,21105,50
grooming,21301,21105,21301,196
rearing,21302,21301,21302,1
climbing,21332,21302,21332,30
grooming,21333,21332,21333,1
rising,21334,21333,21334,1
rearing,21409,21334,21409,75
climbing,21460,21409,21460,51
sniffing,21485,21460,21485,25
grooming,21657,21485,21657,172
hunching,21749,21657,21749,92
grooming,21750,21749,21750,1
left_turning,21777,21750,21777,27
trotting,21798,21777,21798,21
sniffing,21887,21798,21887,89
left_turning,21951,21887,21951,64
stepping,21986,21951,21986,35
walking,21993,21986,21993,7
sniffing,22013,21993,22013,20
climbing,22035,22013,22035,22
grooming,22079,22035,22079,44
sniffing,22102,22079,22102,23
walking,22147,22102,22147,45
rising,22272,22147,22272,125
sniffing,22328,22272,22328,56
grooming,22515,22328,22515,187
rising,22589,22515,22589,74
sniffing,22739,22589,22739,150
right_turning,22744,22739,22744,5
sniffing,22783,22744,22783,39
hunching,22791,22783,22791,8
sniffing,22855,22791,22855,64
rising,22877,22855,22877,22
sniffing,22956,22877,22956,79
climbing,22963,22956,22963,7
sniffing,23032,22963,23032,69
grooming,23392,23032,23392,360
hunching,23393,23392,23393,1
rising,23423,23393,23423,30
grooming,23424,23423,23424,1
stepping,23505,23424,23505,81
sniffing,23527,23505,23527,22
stepping,23570,23527,23570,43
left_turning,23622,23570,23622,52
running,23666,23622,23666,44
stepping,23673,23666,23673,7
grooming,23674,23673,23674,1
walking,23684,23674,23684,10
right_turning,23685,23684,23685,1
walking,23752,23685,23752,67
stepping,23777,23752,23777,25
climbing,23880,23777,23880,103
walking,23972,23880,23972,92
sniffing,24066,23972,24066,94
walking,24121,24066,24121,55
sniffing,24122,24121,24122,1
stepping,24151,24122,24151,29
walking,24152,24151,24152,1
rising,24196,24152,24196,44
walking,24230,24196,24230,34
rising,24263,24230,24263,33
left_turning,24276,24263,24276,13
trotting,24325,24276,24325,49
sniffing,24372,24325,24372,47
grooming,24404,24372,24404,32
rising,24444,24404,24444,40
climbing,24451,24444,24451,7
grooming,24452,24451,24452,1
left_turning,24482,24452,24482,30
walking,24486,24482,24486,4
sniffing,24487,24486,24487,1
grooming,24488,24487,24488,1
climbing,24530,24488,24530,42
running,24546,24530,24546,16
trotting,24579,24546,24579,33
stepping,24643,24579,24643,64
walking,24758,24643,24758,115
rising,24759,24758,24759,1
hunching,24806,24759,24806,47
grooming,24807,24806,24807,1
rising,24870,24807,24870,63
stepping,24978,24870,24978,108
walking,24988,24978,24988,10
rising,24995,24988,24995,7
walking,25071,24995,25071,76
sniffing,25185,25071,25185,114
trotting,25204,25185,25204,19
sniffing,25236,25204,25236,32
rising,25244,25236,25244,8
hunching,25350,25244,25350,106
left_turning,25363,25350,25363,13
walking,25364,25363,25364,1
sniffing,25365,25364,25365,1
stepping,25383,25365,25383,18
sniffing,25484,25383,25484,101
grooming,25485,25484,25485,1
walking,25489,25485,25489,4
stepping,25492,25489,25492,3
walking,25546,25492,25546,54
stepping,25558,25546,25558,12
walking,25592,25558,25592,34
stepping,25643,25592,25643,51
left_turning,25658,25643,25658,15
sniffing,25736,25658,25736,78
rising,25753,25736,25753,17
hunching,25766,25753,25766,13
left_turning,25789,25766,25789,23
sniffing,25840,25789,25840,51
left_turning,25841,25840,25841,1
sniffing,25949,25841,25949,108
rearing,25967,25949,25967,18
climbing,26006,25967,26006,39
grooming,26041,26006,26041,35
scratching,26042,26041,26042,1
sniffing,26075,26042,26075,33
rising,26129,26075,26129,54
rearing,26201,26129,26201,72
grooming,26418,26201,26418,217
left_turning,26441,26418,26441,23
sniffing,26442,26441,26442,1
hunching,26507,26442,26507,65
grooming,26625,26507,26625,118
walking,26671,26625,26671,46
stepping,26750,26671,26750,79
sniffing,26751,26750,26751,1
stepping,26784,26751,26784,33
trotting,26791,26784,26791,7
left_turning,26859,26791,26859,68
trotting,26922,26859,26922,63
rising,27001,26922,27001,79
grooming,27062,27001,27062,61
walking,27063,27062,27063,1
sniffing,27064,27063,27064,1
left_turning,27071,27064,27071,7
sniffing,27144,27071,27144,73
stepping,27168,27144,27168,24
sniffing,27211,27168,27211,43
stepping,27263,27211,27263,52
rearing,27264,27263,27264,1
grooming,27611,27264,27611,347
right_turning,27628,27611,27628,17
walking,27666,27628,27666,38
sniffing,27691,27666,27691,25
rearing,27730,27691,27730,39
grooming,27796,27730,27796,66
sniffing,27797,27796,27797,1
walking,27802,27797,27802,5
running,27820,27802,27820,18
sniffing,27937,27820,27937,117
left_turning,27997,27937,27997,60
sniffing,28068,27997,28068,71
walking,28206,28068,28206,138
trotting,28248,28206,28248,42
walking,28274,28248,28274,26
left_turning,28275,28274,28275,1
hunching,28311,28275,28311,36
rearing,28338,28311,28338,27
rising,28400,28338,28400,62
sniffing,28415,28400,28415,15
stepping,28467,28415,28467,52
sniffing,28548,28467,28548,81
left_turning,28549,28548,28549,1
walking,28550,28549,28550,1
trotting,28566,28550,28566,16
rising,28609,28566,28609,43
rearing,28610,28609,28610,1
grooming,28779,28610,28779,169
hunching,28784,28779,28784,5
grooming,29001,28784,29001,217
rearing,29096,29001,29096,95
grooming,29227,29096,29227,131
left_turning,29276,29227,29276,49
stepping,29302,29276,29302,26
rising,29309,29302,29309,7
sniffing,29319,29309,29319,10
rising,29342,29319,29342,23
sniffing,29367,29342,29367,25
stepping,29408,29367,29408,41
sniffing,29409,29408,29409,1
grooming,29478,29409,29478,69
walking,29566,29478,29566,88
rising,29568,29566,29568,2
stepping,29586,29568,29586,18
sniffing,29636,29586,29636,50
climbing,29652,29636,29652,16
grooming,29841,29652,29841,189
rearing,29901,29841,29901,60
grooming,29919,29901,29919,18
left_turning,29920,29919,29920,1
stepping,29963,29920,29963,43
sniffing,30044,29963,30044,81
stepping,30060,30044,30060,16
rising,30091,30060,30091,31
sniffing,30092,30091,30092,1
stepping,30138,30092,30138,46
walking,30173,30138,30173,35
sniffing,30174,30173,30174,1
rising,30248,30174,30248,74
left_turning,30284,30248,30284,36
grooming,30285,30284,30285,1
hunching,30312,30285,30312,27
rearing,30348,30312,30348,36
walking,30349,30348,30349,1
sniffing,30407,30349,30407,58
trotting,30457,30407,30457,50
walking,30522,30457,30522,65
sniffing,30551,30522,30551,29
grooming,30640,30551,30640,89
right_turning,30666,30640,30666,26
sniffing,30682,30666,30682,16
left_turning,30730,30682,30730,48
grooming,30852,30730,30852,122
scratching,30853,30852,30853,1
sniffing,30893,30853,30893,40
rising,30922,30893,30922,29
rearing,30949,30922,30949,27
left_turning,30950,30949,30950,1
walking,30992,30950,30992,42
sniffing,30993,30992,30993,1
stepping,31025,30993,31025,32
sniffing,31123,31025,31123,98
grooming,31124,31123,31124,1
walking,31168,31124,31168,44
sniffing,31241,31168,31241,73
trotting,31274,31241,31274,33
rising,31283,31274,31283,9
grooming,31284,31283,31284,1
climbing,31322,31284,31322,38
left_turning,31343,31322,31343,21
running,31344,31343,31344,1
walking,31390,31344,31390,46
stepping,31439,31390,31439,49
sniffing,31440,31439,31440,1
grooming,31517,31440,31517,77
climbing,31636,31517,31636,119
sniffing,31677,31636,31677,41
rising,31711,31677,31711,34
climbing,31765,31711,31765,54
grooming,31766,31765,31766,1
hunching,31772,31766,31772,6
grooming,31826,31772,31826,54
hunching,31872,31826,31872,46
rearing,31953,31872,31953,81
left_turning,32000,31953,32000,47
grooming,32001,32000,32001,1
stepping,32041,32001,32041,40
sniffing,32055,32041,32055,14
grooming,32504,32055,32504,449
walking,32551,32504,32551,47
left_turning,32590,32551,32590,39
sniffing,32723,32590,32723,133
left_turning,32736,32723,32736,13
sniffing,32768,32736,32768,32
stepping,32816,32768,32816,48
walking,32817,32816,32817,1
sniffing,32818,32817,32818,1
rising,32824,32818,32824,6
walking,32874,32824,32874,50
sniffing,32898,32874,32898,24
trotting,32901,32898,32901,3
rising,32945,32901,32945,44
grooming,33104,32945,33104,159
sniffing,33140,33104,33140,36
rising,33155,33140,33155,15
sniffing,33283,33155,33283,128
walking,33294,33283,33294,11
stepping,33339,33294,33339,45
walking,33426,33339,33426,87
sniffing,33451,33426,33451,25
rising,33599,33451,33599,148
climbing,33606,33599,33606,7
grooming,33643,33606,33643,37
left_turning,33725,33643,33725,82
walking,33791,33725,33791,66
sniffing,33917,33791,33917,126
right_turning,33945,33917,33945,28
walking,33989,33945,33989,44
rising,34034,33989,34034,45
stepping,34093,34034,34093,59
sniffing,34104,34093,34104,11
walking,34119,34104,34119,15
stepping,34161,34119,34161,42
sniffing,34229,34161,34229,68
walking,34370,34229,34370,141
left_turning,34371,34370,34371,1
walking,34423,34371,34423,52
stepping,34475,34423,34475,52
sniffing,34476,34475,34476,1
walking,34477,34476,34477,1
sniffing,34573,34477,34573,96
trotting,34600,34573,34600,27
stepping,34631,34600,34631,31
climbing,34713,34631,34713,82
rearing,34803,34713,34803,90
grooming,34861,34803,34861,58
rising,34895,34861,34895,34
walking,34899,34895,34899,4
stepping,34947,34899,34947,48
sniffing,34997,34947,34997,50
left_turning,35041,34997,35041,44
trotting,35081,35041,35081,40
stepping,35135,35081,35135,54
rising,35153,35135,35153,18
grooming,35275,35153,35275,122
climbing,35302,35275,35302,27
stepping,35344,35302,35344,42
sniffing,35370,35344,35370,26
right_turning,35371,35370,35371,1
rising,35444,35371,35444,73
rearing,35445,35444,35445,1
grooming,35540,35445,35540,95
sniffing,35579,35540,35579,39
grooming,35580,35579,35580,1
climbing,35629,35580,35629,49
running,35672,35629,35672,43
sniffing,35724,35672,35724,52
rising,35787,35724,35787,63
grooming,35902,35787,35902,115
trotting,35941,35902,35941,39
stepping,35982,35941,35982,41
rising,36017,35982,36017,35
climbing,36088,36017,36088,71
grooming,36147,36088,36147,59
sniffing,36249,36147,36249,102
rising,36300,36249,36300,51
grooming,36301,36300,36301,1
rearing,36330,36301,36330,29
hunching,36406,36330,36406,76
grooming,36407,36406,36407,1
walking,36523,36407,36523,116
sniffing,36717,36523,36717,194
stepping,36758,36717,36758,41
left_turning,36816,36758,36816,58
stepping,36896,36816,36896,80
sniffing,37013,36896,37013,117
grooming,37033,37013,37033,20
rearing,37062,37033,37062,29
climbing,37160,37062,37160,98
sniffing,37245,37160,37245,85
walking,37256,37245,37256,11
sniffing,37260,37256,37260,4
left_turning,37303,37260,37303,43
walking,37313,37303,37313,10
stepping,37371,37313,37371,58
walking,37376,37371,37376,5
sniffing,37441,37376,37441,65
rearing,37495,37441,37495,54
grooming,37992,37495,37992,497
left_turning,38020,37992,38020,28
walking,38034,38020,38034,14
sniffing,38259,38034,38259,225
stepping,38292,38259,38292,33
climbing,38312,38292,38312,20
rearing,38376,38312,38376,64
climbing,38460,38376,38460,84
sniffing,38462,38460,38462,2
stepping,38478,38462,38478,16
sniffing,38538,38478,38538,60
trotting,38539,38538,38539,1
running,38541,38539,38541,2
trotting,38582,38541,38582,41
stepping,38631,38582,38631,49
walking,38679,38631,38679,48
sniffing,38728,38679,38728,49
walking,38751,38728,38751,23
sniffing,38816,38751,38816,65
walking,38874,38816,38874,58
trotting,38882,38874,38882,8
sniffing,38883,38882,38883,1
stepping,38921,38883,38921,38
grooming,39007,38921,39007,86
rearing,39057,39007,39057,50
climbing,39122,39057,39122,65
right_turning,39152,39122,39152,30
jumping,39199,39152,39199,47
rearing,39341,39199,39341,142
grooming,39535,39341,39535,194
walking,39604,39535,39604,69
stepping,39623,39604,39623,19
sniffing,39724,39623,39724,101
rearing,39725,39724,39725,1
stepping,39743,39725,39743,18
climbing,39746,39743,39746,3
running,39770,39746,39770,24
rising,39795,39770,39795,25
hunching,39861,39795,39861,66
rearing,39992,39861,39992,131
hunching,40033,39992,40033,41
grooming,40102,40033,40102,69
rearing,40136,40102,40136,34
stepping,40144,40136,40144,8
grooming,40175,40144,40175,31
right_turning,40253,40175,40253,78
rising,40359,40253,40359,106
right_turning,40409,40359,40409,50
stepping,40463,40409,40463,54
sniffing,40581,40463,40581,118
rising,40597,40581,40597,16
climbing,40664,40597,40664,67
stepping,40731,40664,40731,67
climbing,40811,40731,40811,80
stepping,40844,40811,40844,33
walking,40862,40844,40862,18
stepping,40901,40862,40901,39
walking,40919,40901,40919,18
sniffing,40997,40919,40997,78
stepping,41023,40997,41023,26
sniffing,41024,41023,41024,1
left_turning,41075,41024,41075,51
grooming,41089,41075,41089,14
sniffing,41146,41089,41146,57
left_turning,41194,41146,41194,48
climbing,41219,41194,41219,25
trotting,41220,41219,41220,1
sniffing,41221,41220,41221,1
walking,41242,41221,41242,21
grooming,41497,41242,41497,255
rearing,41528,41497,41528,31
sniffing,41588,41528,41588,60
grooming,41589,41588,41589,1
rearing,41592,41589,41592,3
climbing,41710,41592,41710,118
rearing,41729,41710,41729,19
climbing,41770,41729,41770,41
grooming,41867,41770,41867,97
rising,41876,41867,41876,9
climbing,41921,41876,41921,45
running,41937,41921,41937,16
walking,42001,41937,42001,64
stepping,42024,42001,42024,23
sniffing,42025,42024,42025,1
walking,42072,42025,42072,47
sniffing,42238,42072,42238,166
grooming,42239,42238,42239,1
rearing,42252,42239,42252,13
grooming,42434,42252,42434,182
stepping,42485,42434,42485,51
walking,42594,42485,42594,109
sniffing,42615,42594,42615,21
rising,42632,42615,42632,17
grooming,42731,42632,42731,99
rearing,42814,42731,42814,83
grooming,42922,42814,42922,108
climbing,42923,42922,42923,1
rearing,42998,42923,42998,75
climbing,43064,42998,43064,66
walking,43117,43064,43117,53
stepping,43154,43117,43154,37
rising,43157,43154,43157,3
rearing,43158,43157,43158,1
sniffing,43244,43158,43244,86
grooming,43459,43244,43459,215
hunching,43460,43459,43460,1
rearing,43461,43460,43461,1
grooming,43593,43461,43593,132
left_turning,43647,43593,43647,54
grooming,43951,43647,43951,304
sniffing,43960,43951,43960,9
rising,43970,43960,43970,10
climbing,44092,43970,44092,122
trotting,44162,44092,44162,70
sniffing,44222,44162,44222,60
rising,44259,44222,44259,37
left_turning,44275,44259,44275,16
stepping,44321,44275,44321,46
rising,44344,44321,44344,23
sniffing,44484,44344,44484,140
climbing,44534,44484,44534,50
left_turning,44599,44534,44599,65
sniffing,44632,44599,44632,33
rearing,44675,44632,44675,43
climbing,44703,44675,44703,28
sniffing,44730,44703,44730,27
trotting,44731,44730,44731,1
sniffing,44748,44731,44748,17
grooming,44868,44748,44868,120
sniffing,44869,44868,44869,1
rearing,44982,44869,44982,113
grooming,45193,44982,45193,211
sniffing,45196,45193,45196,3
walking,45197,45196,45197,1
sniffing,45304,45197,45304,107
stepping,45360,45304,45360,56
rising,45382,45360,45382,22
climbing,45404,45382,45404,22
walking,45518,45404,45518,114
sniffing,45641,45518,45641,123
stepping,45702,45641,45702,61
walking,45762,45702,45762,60
sniffing,45921,45762,45921,159
walking,45946,45921,45946,25
stepping,45986,45946,45986,40
rising,46034,45986,46034,48
grooming,46159,46034,46159,125
walking,46183,46159,46183,24
sniffing,46184,46183,46184,1
walking,46231,46184,46231,47
sniffing,46232,46231,46232,1
grooming,46347,46232,46347,115
walking,46399,46347,46399,52
sniffing,46535,46399,46535,136
grooming,46636,46535,46636,101
rearing,46689,46636,46689,53
grooming,46690,46689,46690,1
sniffing,46803,46690,46803,113
running,46804,46803,46804,1
stepping,46856,46804,46856,52
right_turning,46857,46856,46857,1
trotting,46887,46857,46887,30
stepping,46922,46887,46922,35
rising,46934,46922,46934,12
climbing,47013,46934,47013,79
walking,47159,47013,47159,146
running,47180,47159,47180,21
walking,47237,47180,47237,57
sniffing,47398,47237,47398,161
grooming,47512,47398,47512,114
walking,47513,47512,47513,1
sniffing,47606,47513,47606,93
stepping,47663,47606,47663,57
walking,47724,47663,47724,61
sniffing,47748,47724,47748,24
left_turning,47764,47748,47764,16
sniffing,47815,47764,47815,51
grooming,47995,47815,47995,180
left_turning,47996,47995,47996,1
walking,47997,47996,47997,1
sniffing,48086,47997,48086,89
rearing,48154,48086,48154,68
climbing,48155,48154,48155,1
left_turning,48163,48155,48163,8
sniffing,48295,48163,48295,132
rising,48312,48295,48312,17
left_turning,48333,48312,48333,21
climbing,48521,48333,48521,188
stepping,48555,48521,48555,34
sniffing,48630,48555,48630,75
stepping,48634,48630,48634,4
sniffing,48635,48634,48635,1
grooming,48733,48635,48733,98
sniffing,48761,48733,48761,28
rearing,48791,48761,48791,30
stepping,48841,48791,48841,50
rising,48876,48841,48876,35
hunching,48964,48876,48964,88
grooming,49098,48964,49098,134
rising,49148,49098,49148,50
stepping,49196,49148,49196,48
rearing,49246,49196,49246,50
grooming,49556,49246,49556,310
right_turning,49587,49556,49587,31
stepping,49604,49587,49604,17
rising,49605,49604,49605,1
grooming,50241,49605,50241,636
rearing,50337,50241,50337,96
walking,50380,50337,50380,43
sniffing,50436,50380,50436,56
rising,50444,50436,50444,8
climbing,50546,50444,50546,102
rearing,50547,50546,50547,1
climbing,50630,50547,50630,83
rising,50631,50630,50631,1
sniffing,50695,50631,50695,64
walking,50696,50695,50696,1
running,50713,50696,50713,17
left_turning,50714,50713,50714,1
sniffing,50793,50714,50793,79
stepping,50806,50793,50806,13
climbing,50867,50806,50867,61
grooming,50962,50867,50962,95
stepping,50989,50962,50989,27
walking,51041,50989,51041,52
sniffing,51266,51041,51266,225
rising,51324,51266,51324,58
stepping,51325,51324,51325,1
walking,51353,51325,51353,28
stepping,51354,51353,51354,1
sniffing,51380,51354,51380,26
left_turning,51470,51380,51470,90
rearing,51471,51470,51471,1
sniffing,51472,51471,51472,1
stepping,51479,51472,51479,7
sniffing,51500,51479,51500,21
stepping,51529,51500,51529,29
sniffing,51609,51529,51609,80
stepping,51636,51609,51636,27
sniffing,51666,51636,51666,30
walking,51720,51666,51720,54
right_turning,51746,51720,51746,26
walking,51794,51746,51794,48
stepping,51822,51794,51822,28
grooming,51823,51822,51823,1
rearing,51833,51823,51833,10
hunching,51854,51833,51854,21
grooming,52140,51854,52140,286
left_turning,52141,52140,52141,1
hunching,52190,52141,52190,49
climbing,52201,52190,52201,11
rearing,52233,52201,52233,32
grooming,52418,52233,52418,185
walking,52538,52418,52538,120
sniffing,52650,52538,52650,112
left_turning,52651,52650,52651,1
rising,52679,52651,52679,28
grooming,52766,52679,52766,87
walking,52783,52766,52783,17
stepping,52804,52783,52804,21
walking,52855,52804,52855,51
sniffing,52867,52855,52867,12
stepping,52901,52867,52901,34
sniffing,53097,52901,53097,196
grooming,53098,53097,53098,1
rising,53150,53098,53150,52
left_turning,53204,53150,53204,54
sniffing,53312,53204,53312,108
rising,53313,53312,53313,1
left_turning,53395,53313,53395,82
walking,53451,53395,53451,56
sniffing,53530,53451,53530,79
stepping,53543,53530,53543,13
right_turning,53615,53543,53615,72
trotting,53640,53615,53640,25
walking,53660,53640,53660,20
sniffing,53724,53660,53724,64
hunching,53874,53724,53874,150
grooming,53876,53874,53876,2
rearing,53889,53876,53889,13
hunching,53905,53889,53905,16
grooming,54120,53905,54120,215
left_turning,54149,54120,54149,29
stepping,54179,54149,54179,30
walking,54180,54179,54180,1
sniffing,54256,54180,54256,76
right_turning,54298,54256,54298,42
walking,54427,54298,54427,129
sniffing,54528,54427,54528,101
grooming,54537,54528,54537,9
rearing,54538,54537,54538,1
stepping,54595,54538,54595,57
climbing,54631,54595,54631,36
grooming,55292,54631,55292,661
rearing,55293,55292,55293,1
running,55294,55293,55294,1
walking,55347,55294,55347,53
stepping,55378,55347,55378,31
sniffing,55482,55378,55482,104
stepping,55532,55482,55532,50
rising,55534,55532,55534,2
climbing,55535,55534,55535,1
running,55558,55535,55558,23
trotting,55602,55558,55602,44
sniffing,55616,55602,55616,14
jumping,55617,55616,55617,1
left_turning,55622,55617,55622,5
trotting,55655,55622,55655,33
walking,55662,55655,55662,7
rising,55965,55662,55965,303
right_turning,55989,55965,55989,24
sniffing,56070,55989,56070,81
rising,56109,56070,56109,39
left_turning,56131,56109,56131,22
grooming,56132,56131,56132,1
sniffing,56193,56132,56193,61
stepping,56240,56193,56240,47
sniffing,56261,56240,56261,21
rising,56350,56261,56350,89
climbing,56449,56350,56449,99
left_turning,56515,56449,56515,66
sniffing,56562,56515,56562,47
rising,56563,56562,56563,1
grooming,56566,56563,56566,3
left_turning,56575,56566,56575,9
sniffing,56642,56575,56642,67
left_turning,56662,56642,56662,20
sniffing,56663,56662,56663,1
stepping,56684,56663,56684,21
walking,56717,56684,56717,33
sniffing,56718,56717,56718,1
running,56753,56718,56753,35
sniffing,56754,56753,56754,1
stepping,56764,56754,56764,10
sniffing,56783,56764,56783,19
rearing,56876,56783,56876,93
hunching,56954,56876,56954,78
grooming,56955,56954,56955,1
rearing,56956,56955,56956,1
left_turning,56974,56956,56974,18
climbing,57046,56974,57046,72
grooming,57411,57046,57411,365
rearing,57527,57411,57527,116
climbing,57528,57527,57528,1
walking,57529,57528,57529,1
sniffing,57609,57529,57609,80
rearing,57663,57609,57663,54
grooming,57780,57663,57780,117
sniffing,57855,57780,57855,75
rising,57856,57855,57856,1
walking,57917,57856,57917,61
sniffing,57965,57917,57965,48
climbing,57966,57965,57966,1
hunching,57967,57966,57967,1
grooming,57968,57967,57968,1
walking,57988,57968,57988,20
sniffing,58051,57988,58051,63
grooming,58114,58051,58114,63
trotting,58135,58114,58135,21
walking,58175,58135,58175,40
stepping,58246,58175,58246,71
sniffing,58380,58246,58380,134
rising,58381,58380,58381,1
climbing,58458,58381,58458,77
rising,58534,58458,58534,76
rearing,58586,58534,58586,52
grooming,58701,58586,58701,115
sniffing,58702,58701,58702,1
right_turning,58703,58702,58703,1
sniffing,58773,58703,58773,70
walking,58799,58773,58799,26
sniffing,58816,58799,58816,17
walking,58858,58816,58858,42
sniffing,58859,58858,58859,1
walking,58899,58859,58899,40
rising,58937,58899,58937,38
grooming,58938,58937,58938,1
stepping,59028,58938,59028,90
sniffing,59174,59028,59174,146
walking,59325,59174,59325,151
trotting,59327,59325,59327,2
walking,59354,59327,59354,27
sniffing,59407,59354,59407,53
walking,59459,59407,59459,52
sniffing,59533,59459,59533,74
rearing,59626,59533,59626,93
climbing,59652,59626,59652,26
rearing,59669,59652,59669,17
climbing,59682,59669,59682,13
sniffing,59683,59682,59683,1
rearing,59691,59683,59691,8
hunching,59769,59691,59769,78
grooming,60001,59769,60001,232
sniffing,60151,60001,60151,150
walking,60195,60151,60195,44
sniffing,60307,60195,60307,112
walking,60364,60307,60364,57
sniffing,60365,60364,60365,1
walking,60419,60365,60419,54
sniffing,60436,60419,60436,17
rising,60460,60436,60460,24
stepping,60483,60460,60483,23
sniffing,60543,60483,60543,60
walking,60546,60543,60546,3
rising,60583,60546,60583,37
rearing,60613,60583,60613,30
climbing,60652,60613,60652,39
trotting,60676,60652,60676,24
walking,60677,60676,60677,1
rising,60717,60677,60717,40
climbing,60729,60717,60729,12
left_turning,60730,60729,60730,1
rising,60731,60730,60731,1
walking,60752,60731,60752,21
trotting,60778,60752,60778,26
walking,60779,60778,60779,1
stepping,60811,60779,60811,32
grooming,60956,60811,60956,145
hunching,60957,60956,60957,1
grooming,60958,60957,60958,1
walking,61024,60958,61024,66
right_turning,61041,61024,61041,17
walking,61107,61041,61107,66
hunching,61115,61107,61115,8
rearing,61189,61115,61189,74
hunching,61236,61189,61236,47
grooming,61943,61236,61943,707
left_turning,61973,61943,61973,30
scratching,61974,61973,61974,1
sniffing,62037,61974,62037,63
grooming,62048,62037,62048,11
sniffing,62049,62048,62049,1
rising,62243,62049,62243,194
rearing,62317,62243,62317,74
grooming,62318,62317,62318,1
right_turning,62321,62318,62321,3
sniffing,62437,62321,62437,116
stepping,62488,62437,62488,51
rearing,62560,62488,62560,72
climbing,62622,62560,62622,62
walking,62740,62622,62740,118
sniffing,62760,62740,62760,20
grooming,62761,62760,62761,1
stepping,62777,62761,62777,16
grooming,63121,62777,63121,344
rising,63129,63121,63129,8
climbing,63342,63129,63342,213
rearing,63380,63342,63380,38
grooming,63381,63380,63381,1
left_turning,63455,63381,63455,74
grooming,63910,63455,63910,455
sniffing,64030,63910,64030,120
left_turning,64055,64030,64055,25
walking,64113,64055,64113,58
sniffing,64322,64113,64322,209
climbing,64397,64322,64397,75
grooming,64595,64397,64595,198
sniffing,64596,64595,64596,1
rising,64621,64596,64621,25
sniffing,64757,64621,64757,136
stepping,64784,64757,64784,27
right_turning,64817,64784,64817,33
trotting,64838,64817,64838,21
rising,64889,64838,64889,51
grooming,65079,64889,65079,190
sniffing,65346,65079,65346,267
walking,65373,65346,65373,27
right_turning,65407,65373,65407,34
climbing,65450,65407,65450,43
rising,65457,65450,65457,7
climbing,65474,65457,65474,17
left_turning,65506,65474,65506,32
grooming,65507,65506,65507,1
hunching,65544,65507,65544,37
grooming,65778,65544,65778,234
left_turning,65779,65778,65779,1
stepping,65828,65779,65828,49
sniffing,65903,65828,65903,75
rising,65904,65903,65904,1
rearing,65905,65904,65905,1
sniffing,65938,65905,65938,33
stepping,65952,65938,65952,14
trotting,65978,65952,65978,26
walking,66047,65978,66047,69
sniffing,66086,66047,66086,39
left_turning,66161,66086,66161,75
rising,66213,66161,66213,52
stepping,66231,66213,66231,18
sniffing,66293,66231,66293,62
right_turning,66350,66293,66350,57
trotting,66356,66350,66356,6
stepping,66434,66356,66434,78
walking,66497,66434,66497,63
right_turning,66498,66497,66498,1
sniffing,66536,66498,66536,38
climbing,66720,66536,66720,184
rising,66721,66720,66721,1
climbing,66762,66721,66762,41
walking,66864,66762,66864,102
sniffing,67075,66864,67075,211
trotting,67139,67075,67139,64
right_turning,67147,67139,67147,8
sniffing,67148,67147,67148,1
rising,67152,67148,67152,4
left_turning,67193,67152,67193,41
grooming,67325,67193,67325,132
rising,67410,67325,67410,85
climbing,67461,67410,67461,51
grooming,67860,67461,67860,399
rearing,67918,67860,67918,58
rising,67978,67918,67978,60
sniffing,68091,67978,68091,113
right_turning,68136,68091,68136,45
sniffing,68138,68136,68138,2
stepping,68153,68138,68153,15
walking,68176,68153,68176,23
grooming,68177,68176,68177,1
left_turning,68180,68177,68180,3
stepping,68200,68180,68200,20
climbing,68227,68200,68227,27
grooming,68296,68227,68296,69
hunching,68328,68296,68328,32
grooming,68371,68328,68371,43
hunching,68379,68371,68379,8
rearing,68445,68379,68445,66
sniffing,68717,68445,68717,272
walking,68727,68717,68727,10
sniffing,68737,68727,68737,10
rising,68756,68737,68756,19
sniffing,68860,68756,68860,104
stepping,68899,68860,68899,39
rising,68982,68899,68982,83
rearing,68983,68982,68983,1
left_turning,68984,68983,68984,1
rising,69059,68984,69059,75
sniffing,69109,69059,69109,50
grooming,69266,69109,69266,157
sniffing,69352,69266,69352,86
walking,69398,69352,69398,46
stepping,69423,69398,69423,25
climbing,69490,69423,69490,67
grooming,69820,69490,69820,330
left_turning,69900,69820,69900,80
sniffing,69901,69900,69901,1
walking,69939,69901,69939,38
rearing,69988,69939,69988,49
climbing,69989,69988,69989,1
left_turning,70022,69989,70022,33
hunching,70112,70022,70112,90
rearing,70283,70112,70283,171
rising,70346,70283,70346,63
climbing,70430,70346,70430,84
rearing,70482,70430,70482,52
stepping,70553,70482,70553,71
walking,70668,70553,70668,115
rising,70669,70668,70669,1
right_turning,70682,70669,70682,13
walking,70698,70682,70698,16
sniffing,70790,70698,70790,92
stepping,70836,70790,70836,46
climbing,71000,70836,71000,164
stepping,71052,71000,71052,52
sniffing,71090,71052,71090,38
rearing,71109,71090,71109,19
sniffing,71181,71109,71181,72
climbing,71199,71181,71199,18
grooming,71360,71199,71360,161
left_turning,71416,71360,71416,56
sniffing,71417,71416,71417,1
walking,71483,71417,71483,66
sniffing,71484,71483,71484,1
running,71511,71484,71511,27
sniffing,71679,71511,71679,168
walking,71684,71679,71684,5
sniffing,71709,71684,71709,25
left_turning,71765,71709,71765,56
stepping,71766,71765,71766,1
sniffing,71876,71766,71876,110
rising,71901,71876,71901,25
left_turning,71989,71901,71989,88
stepping,72040,71989,72040,51
rising,72069,72040,72069,29
sniffing,72089,72069,72089,20
rising,72131,72089,72131,42
hunching,72192,72131,72192,61
rearing,72253,72192,72253,61
climbing,72347,72253,72347,94
trotting,72359,72347,72359,12
walking,72450,72359,72450,91
grooming,73351,72450,73351,901
sniffing,73482,73351,73482,131
left_turning,73495,73482,73495,13
sniffing,73594,73495,73594,99
stepping,73655,73594,73655,61
walking,73693,73655,73693,38
sniffing,73783,73693,73783,90
stepping,73857,73783,73857,74
sniffing,73917,73857,73917,60
grooming,73918,73917,73918,1
right_turning,73984,73918,73984,66
sniffing,74069,73984,74069,85
stepping,74087,74069,74087,18
walking,74094,74087,74094,7
climbing,74134,74094,74134,40
grooming,74314,74134,74314,180
climbing,74348,74314,74348,34
trotting,74349,74348,74349,1
running,74360,74349,74360,11
walking,74421,74360,74421,61
sniffing,74441,74421,74441,20
rising,74531,74441,74531,90
sniffing,74532,74531,74532,1
right_turning,74547,74532,74547,15
walking,74569,74547,74569,22
sniffing,74665,74569,74665,96
grooming,74827,74665,74827,162
walking,74909,74827,74909,82
sniffing,75063,74909,75063,154
stepping,75073,75063,75073,10
walking,75107,75073,75107,34
trotting,75180,75107,75180,73
walking,75261,75180,75261,81
grooming,75545,75261,75545,284
walking,75554,75545,75554,9
stepping,75598,75554,75598,44
walking,75627,75598,75627,29
climbing,75743,75627,75743,116
sniffing,75840,75743,75840,97
rising,75882,75840,75882,42
climbing,75883,75882,75883,1
right_turning,75913,75883,75913,30
trotting,75940,75913,75940,27
sniffing,76005,75940,76005,65
walking,76038,76005,76038,33
sniffing,76039,76038,76039,1
rearing,76057,76039,76057,18
sniffing,76111,76057,76111,54
rising,76145,76111,76145,34
rearing,76249,76145,76249,104
grooming,76377,76249,76377,128
walking,76415,76377,76415,38
sniffing,76466,76415,76466,51
climbing,76467,76466,76467,1
walking,76468,76467,76468,1
climbing,76655,76468,76655,187
stepping,76656,76655,76656,1
sniffing,76698,76656,76698,42
rising,76724,76698,76724,26
climbing,76725,76724,76725,1
sniffing,76823,76725,76823,98
grooming,76949,76823,76949,126
sniffing,76957,76949,76957,8
right_turning,76984,76957,76984,27
sniffing,77188,76984,77188,204
grooming,77189,77188,77189,1
sniffing,77290,77189,77290,101
left_turning,77291,77290,77291,1
rising,77292,77291,77292,1
climbing,77542,77292,77542,250
grooming,77543,77542,77543,1
sniffing,77651,77543,77651,108
grooming,77652,77651,77652,1
right_turning,77655,77652,77655,3
trotting,77708,77655,77708,53
stepping,77738,77708,77738,30
rearing,77775,77738,77775,37
grooming,77978,77775,77978,203
sniffing,78021,77978,78021,43
stepping,78027,78021,78027,6
sniffing,78159,78027,78159,132
scratching,78160,78159,78160,1
sniffing,78161,78160,78161,1
rising,78219,78161,78219,58
stepping,78248,78219,78248,29
walking,78272,78248,78272,24
right_turning,78313,78272,78313,41
sniffing,78421,78313,78421,108
left_turning,78463,78421,78463,42
running,78483,78463,78483,20
trotting,78489,78483,78489,6
walking,78490,78489,78490,1
sniffing,78644,78490,78644,154
climbing,78652,78644,78652,8
left_turning,78669,78652,78669,17
sniffing,78763,78669,78763,94
walking,78766,78763,78766,3
rearing,78767,78766,78767,1
rising,78798,78767,78798,31
grooming,79376,78798,79376,578
running,79405,79376,79405,29
walking,79428,79405,79428,23
sniffing,79485,79428,79485,57
grooming,79486,79485,79486,1
climbing,79585,79486,79585,99
left_turning,79625,79585,79625,40
sniffing,79734,79625,79734,109
rearing,79821,79734,79821,87
grooming,79822,79821,79822,1
hunching,79885,79822,79885,63
rearing,79957,79885,79957,72
sniffing,80062,79957,80062,105
grooming,80063,80062,80063,1
sniffing,80083,80063,80083,20
left_turning,80087,80083,80087,4
rearing,80172,80087,80172,85
grooming,80559,80172,80559,387
climbing,80729,80559,80729,170
walking,80783,80729,80783,54
climbing,80875,80783,80875,92
rearing,80929,80875,80929,54
hunching,80989,80929,80989,60
grooming,81152,80989,81152,163
hunching,81153,81152,81153,1
rising,81210,81153,81210,57
sniffing,81266,81210,81266,56
grooming,81267,81266,81267,1
climbing,81294,81267,81294,27
stepping,81295,81294,81295,1
rising,81335,81295,81335,40
grooming,81399,81335,81399,64
left_turning,81400,81399,81400,1
hunching,81446,81400,81446,46
left_turning,81456,81446,81456,10
grooming,81562,81456,81562,106
walking,81613,81562,81613,51
sniffing,81678,81613,81678,65
walking,81733,81678,81733,55
sniffing,81734,81733,81734,1
stepping,81808,81734,81808,74
climbing,81900,81808,81900,92
running,81929,81900,81929,29
sniffing,82033,81929,82033,104
walking,82104,82033,82104,71
sniffing,82260,82104,82260,156
stepping,82309,82260,82309,49
sniffing,82347,82309,82347,38
rising,82386,82347,82386,39
grooming,82424,82386,82424,38
stepping,82441,82424,82441,17
rising,82480,82441,82480,39
rearing,82499,82480,82499,19
left_turning,82541,82499,82541,42
walking,82570,82541,82570,29
trotting,82599,82570,82599,29
sniffing,82772,82599,82772,173
trotting,82834,82772,82834,62
stepping,82885,82834,82885,51
rising,82910,82885,82910,25
right_turning,82948,82910,82948,38
running,82957,82948,82957,9
sniffing,83038,82957,83038,81
grooming,83039,83038,83039,1
sniffing,83251,83039,83251,212
rising,83259,83251,83259,8
climbing,83318,83259,83318,59
stepping,83347,83318,83347,29
sniffing,83379,83347,83379,32
walking,83425,83379,83425,46
grooming,83621,83425,83621,196
rearing,83673,83621,83673,52
climbing,83706,83673,83706,33
rearing,83741,83706,83741,35
stepping,83766,83741,83766,25
sniffing,83767,83766,83767,1
walking,83862,83767,83862,95
sniffing,83995,83862,83995,133
rearing,84006,83995,84006,11
grooming,84046,84006,84046,40
rearing,84047,84046,84047,1
grooming,84385,84047,84385,338
sniffing,84403,84385,84403,18
rearing,84404,84403,84404,1
grooming,84909,84404,84909,505
rearing,84935,84909,84935,26
rising,84971,84935,84971,36
rearing,84972,84971,84972,1
climbing,85064,84972,85064,92
grooming,85065,85064,85065,1
climbing,85132,85065,85132,67
sniffing,85154,85132,85154,22
trotting,85164,85154,85164,10
walking,85235,85164,85235,71
climbing,85326,85235,85326,91
left_turning,85403,85326,85403,77
stepping,85482,85403,85482,79
sniffing,85483,85482,85483,1
grooming,85484,85483,85484,1
rearing,85498,85484,85498,14
climbing,85537,85498,85537,39
running,85573,85537,85573,36
stepping,85587,85573,85587,14
sniffing,85711,85587,85711,124
climbing,85871,85711,85871,160
right_turning,85896,85871,85896,25
walking,85901,85896,85901,5
sniffing,85902,85901,85902,1
stepping,85959,85902,85959,57
sniffing,86045,85959,86045,86
walking,86075,86045,86075,30
sniffing,86164,86075,86164,89
walking,86172,86164,86172,8
rising,86223,86172,86223,51
rearing,86259,86223,86259,36
climbing,86339,86259,86339,80
stepping,86363,86339,86363,24
sniffing,86534,86363,86534,171
walking,86697,86534,86697,163
stepping,86711,86697,86711,14
sniffing,86735,86711,86735,24
grooming,87138,86735,87138,403
rearing,87202,87138,87202,64
grooming,87235,87202,87235,33
hunching,87282,87235,87282,47
rearing,87309,87282,87309,27
grooming,87705,87309,87705,396
sniffing,87785,87705,87785,80
stepping,87866,87785,87866,81
sniffing,87960,87866,87960,94
stepping,87987,87960,87987,27
trotting,88028,87987,88028,41
stepping,88032,88028,88032,4
sniffing,88157,88032,88157,125
walking,88162,88157,88162,5
sniffing,88251,88162,88251,89
rising,88252,88251,88252,1
climbing,88253,88252,88253,1
right_turning,88276,88253,88276,23
walking,88300,88276,88300,24
climbing,88332,88300,88332,32
trotting,88356,88332,88356,24
rising,88447,88356,88447,91
grooming,88448,88447,88448,1
rearing,88449,88448,88449,1
grooming,88450,88449,88450,1
rearing,88463,88450,88463,13
hunching,88464,88463,88464,1
rearing,88550,88464,88550,86
grooming,88551,88550,88551,1
sniffing,88586,88551,88586,35
walking,88638,88586,88638,52
sniffing,88778,88638,88778,140
rearing,88779,88778,88779,1
hunching,88780,88779,88780,1
grooming,89064,88780,89064,284
rearing,89124,89064,89124,60
sniffing,89125,89124,89125,1
walking,89126,89125,89126,1
rearing,89127,89126,89127,1
grooming,89141,89127,89141,14
climbing,89163,89141,89163,22
walking,89188,89163,89188,25
sniffing,89228,89188,89228,40
rearing,89246,89228,89246,18
sniffing,89288,89246,89288,42
walking,89339,89288,89339,51
climbing,89374,89339,89374,35
sniffing,89375,89374,89375,1
rearing,89464,89375,89464,89
grooming,89465,89464,89465,1
walking,89515,89465,89515,50
left_turning,89544,89515,89544,29
walking,89560,89544,89560,16
climbing,89581,89560,89581,21
rising,89622,89581,89622,41
rearing,89677,89622,89677,55
sniffing,89732,89677,89732,55
left_turning,89757,89732,89757,25
walking,89798,89757,89798,41
trotting,89822,89798,89822,24
stepping,89889,89822,89889,67
climbing,89890,89889,89890,1
running,89935,89890,89935,45
right_turning,90008,89935,90008,73
sniffing,90059,90008,90059,51
right_turning,90115,90059,90115,56
sniffing,90179,90115,90179,64
walking,90192,90179,90192,13
running,90207,90192,90207,15
trotting,90233,90207,90233,26
sniffing,90266,90233,90266,33
walking,90311,90266,90311,45
stepping,90353,90311,90353,42
sniffing,90354,90353,90354,1
rising,90484,90354,90484,130
rearing,90524,90484,90524,40
left_turning,90560,90524,90560,36
grooming,90808,90560,90808,248
rising,90809,90808,90809,1
sniffing,90843,90809,90843,34
rising,90896,90843,90896,53
left_turning,90911,90896,90911,15
walking,90980,90911,90980,69
sniffing,90981,90980,90981,1
scratching,90982,90981,90982,1
sniffing,91021,90982,91021,39
rising,91131,91021,91131,110
left_turning,91154,91131,91154,23
rearing,91303,91154,91303,149
climbing,91354,91303,91354,51
stepping,91355,91354,91355,1
rearing,91429,91355,91429,74
rising,91430,91429,91430,1
right_turning,91468,91430,91468,38
stepping,91532,91468,91532,64
rising,91559,91532,91559,27
rearing,91596,91559,91596,37
grooming,91759,91596,91759,163
walking,91793,91759,91793,34
climbing,91840,91793,91840,47
grooming,91929,91840,91929,89
rearing,91948,91929,91948,19
grooming,92292,91948,92292,344
sniffing,92293,92292,92293,1
climbing,92294,92293,92294,1
grooming,92295,92294,92295,1
rearing,92620,92295,92620,325
grooming,92812,92620,92812,192
sniffing,92853,92812,92853,41
trotting,92854,92853,92854,1
walking,92898,92854,92898,44
sniffing,92978,92898,92978,80
left_turning,92996,92978,92996,18
sniffing,93131,92996,93131,135
left_turning,93153,93131,93153,22
grooming,93718,93153,93718,565
sniffing,93804,93718,93804,86
grooming,94098,93804,94098,294
rearing,94099,94098,94099,1
trotting,94130,94099,94130,31
walking,94131,94130,94131,1
climbing,94134,94131,94134,3
left_turning,94165,94134,94165,31
sniffing,94281,94165,94281,116
walking,94332,94281,94332,51
right_turning,94334,94332,94334,2
walking,94335,94334,94335,1
climbing,94364,94335,94364,29
rearing,94435,94364,94435,71
grooming,94436,94435,94436,1
hunching,94554,94436,94554,118
grooming,94729,94554,94729,175
rising,94730,94729,94730,1
climbing,94739,94730,94739,9
left_turning,94784,94739,94784,45
walking,94785,94784,94785,1
sniffing,94787,94785,94787,2
left_turning,94811,94787,94811,24
hunching,94812,94811,94812,1
rearing,94887,94812,94887,75
left_turning,94928,94887,94928,41
walking,94929,94928,94929,1
stepping,94967,94929,94967,38
grooming,95244,94967,95244,277
walking,95245,95244,95245,1
sniffing,95246,95245,95246,1
grooming,95275,95246,95275,29
sniffing,95406,95275,95406,131
rising,95494,95406,95494,88
stepping,95495,95494,95495,1
rearing,95520,95495,95520,25
grooming,95648,95520,95648,128
sniffing,95797,95648,95797,149
stepping,95798,95797,95798,1
walking,95807,95798,95807,9
rising,95839,95807,95839,32
sniffing,96044,95839,96044,205
grooming,96290,96044,96290,246
hunching,96291,96290,96291,1
rearing,96352,96291,96352,61
climbing,96387,96352,96387,35
trotting,96416,96387,96416,29
sniffing,96422,96416,96422,6
stepping,96490,96422,96490,68
rising,96558,96490,96558,68
climbing,96680,96558,96680,122
grooming,96950,96680,96950,270
climbing,96960,96950,96960,10
rearing,96983,96960,96983,23
sniffing,97124,96983,97124,141
left_turning,97267,97124,97267,143
walking,97343,97267,97343,76
trotting,97365,97343,97365,22
walking,97378,97365,97378,13
stepping,97534,97378,97534,156
grooming,97535,97534,97535,1
sniffing,97547,97535,97547,12
stepping,97579,97547,97579,32
walking,97636,97579,97636,57
trotting,97671,97636,97671,35
walking,97724,97671,97724,53
stepping,97753,97724,97753,29
grooming,97934,97753,97934,181
climbing,97973,97934,97973,39
running,97989,97973,97989,16
walking,98103,97989,98103,114
rising,98212,98103,98212,109
grooming,98213,98212,98213,1
walking,98222,98213,98222,9
sniffing,98223,98222,98223,1
rising,98224,98223,98224,1
rearing,98315,98224,98315,91
climbing,98425,98315,98425,110
grooming,98539,98425,98539,114
hunching,98571,98539,98571,32
rising,98572,98571,98572,1
trotting,98617,98572,98617,45
walking,98684,98617,98684,67
sniffing,98685,98684,98685,1
rising,98769,98685,98769,84
climbing,98792,98769,98792,23
rising,98793,98792,98793,1
sniffing,98794,98793,98794,1
stepping,98831,98794,98831,37
sniffing,98992,98831,98992,161
left_turning,98995,98992,98995,3
trotting,99046,98995,99046,51
sniffing,99047,99046,99047,1
scratching,99048,99047,99048,1
sniffing,99112,99048,99112,64
walking,99205,99112,99205,93
right_turning,99214,99205,99214,9
trotting,99234,99214,99234,20
rising,99401,99234,99401,167
sniffing,99454,99401,99454,53
grooming,99668,99454,99668,214
sniffing,99876,99668,99876,208
rising,99974,99876,99974,98
sniffing,100190,99974,100190,216
grooming,100397,100190,100397,207
stepping,100464,100397,100464,67
walking,100517,100464,100517,53
sniffing,100523,100517,100523,6
walking,100541,100523,100541,18
rearing,100566,100541,100566,25
grooming,100567,100566,100567,1
scratching,100568,100567,100568,1
grooming,100729,100568,100729,161
climbing,100744,100729,100744,15
trotting,100812,100744,100812,68
left_turning,100813,100812,100813,1
scratching,100814,100813,100814,1
sniffing,100815,100814,100815,1
stepping,100847,100815,100847,32
grooming,100926,100847,100926,79
rearing,100927,100926,100927,1
grooming,101197,100927,101197,270
left_turning,101198,101197,101198,1
stepping,101258,101198,101258,60
sniffing,101328,101258,101328,70
right_turning,101382,101328,101382,54
sniffing,101534,101382,101534,152
rising,101729,101534,101729,195
climbing,101818,101729,101818,89
right_turning,101820,101818,101820,2
stepping,101870,101820,101870,50
sniffing,101879,101870,101879,9
trotting,101924,101879,101924,45
sniffing,102027,101924,102027,103
left_turning,102085,102027,102085,58
walking,102132,102085,102132,47
sniffing,102209,102132,102209,77
grooming,102473,102209,102473,264
rearing,102485,102473,102485,12
grooming,102509,102485,102509,24
climbing,102569,102509,102569,60
rising,102570,102569,102570,1
hunching,102595,102570,102595,25
rearing,102710,102595,102710,115
sniffing,102711,102710,102711,1
walking,102761,102711,102761,50
stepping,102828,102761,102828,67
trotting,102829,102828,102829,1
rising,102945,102829,102945,116
left_turning,102956,102945,102956,11
sniffing,103172,102956,103172,216
rising,103197,103172,103197,25
left_turning,103239,103197,103239,42
rearing,103379,103239,103379,140
hunching,103544,103379,103544,165
grooming,103779,103544,103779,235
walking,103780,103779,103780,1
rising,103781,103780,103781,1
sniffing,103917,103781,103917,136
rearing,104068,103917,104068,151
left_turning,104121,104068,104121,53
sniffing,104122,104121,104122,1
stepping,104177,104122,104177,55
sniffing,104411,104177,104411,234
walking,104493,104411,104493,82
sniffing,104675,104493,104675,182
rearing,104692,104675,104692,17
sniffing,104885,104692,104885,193
left_turning,104917,104885,104917,32
sniffing,104965,104917,104965,48
rising,104966,104965,104966,1
left_turning,105010,104966,105010,44
stepping,105037,105010,105037,27
rising,105038,105037,105038,1
sniffing,105039,105038,105039,1
right_turning,105059,105039,105059,20
sniffing,105100,105059,105100,41
stepping,105142,105100,105142,42
sniffing,105208,105142,105208,66
rising,105271,105208,105271,63
grooming,105272,105271,105272,1
hunching,105332,105272,105332,60
grooming,105333,105332,105333,1
sniffing,105342,105333,105342,9
trotting,105377,105342,105377,35
rearing,105448,105377,105448,71
grooming,105504,105448,105504,56
sniffing,105602,105504,105602,98
rearing,105725,105602,105725,123
grooming,106762,105725,106762,1037
sniffing,106789,106762,106789,27
left_turning,106830,106789,106830,41
sniffing,107007,106830,107007,177
rearing,107083,107007,107083,76
grooming,107168,107083,107168,85
left_turning,107177,107168,107177,9
walking,107199,107177,107199,22
stepping,107266,107199,107266,67
rising,107267,107266,107267,1
rearing,107383,107267,107383,116
grooming,107384,107383,107384,1
rearing,107385,107384,107385,1
sniffing,107543,107385,107543,158
left_turning,107602,107543,107602,59
grooming,108000,107602,108000,398
