revised_movement_label,segBoundary,segBoundary_start,segBoundary_end,length
climbing,8,0,8,8
sniffing,25,8,25,17
stepping,79,25,79,54
walking,143,79,143,64
trotting,178,143,178,35
walking,235,178,235,57
sniffing,299,235,299,64
stepping,363,299,363,64
sniffing,377,363,377,14
rearing,378,377,378,1
sniffing,565,378,565,187
walking,623,565,623,58
sniffing,702,623,702,79
grooming,703,702,703,1
right_turning,708,703,708,5
stepping,737,708,737,29
walking,802,737,802,65
sniffing,940,802,940,138
walking,957,940,957,17
sniffing,958,957,958,1
stepping,1008,958,1008,50
rising,1060,1008,1060,52
left_turning,1079,1060,1079,19
running,1109,1079,1109,30
sniffing,1116,1109,1116,7
right_turning,1117,1116,1117,1
walking,1213,1117,1213,96
grooming,1214,1213,1214,1
rising,1215,1214,1215,1
walking,1274,1215,1274,59
sniffing,1275,1274,1275,1
stepping,1307,1275,1307,32
rising,1379,1307,1379,72
sniffing,1437,1379,1437,58
walking,1530,1437,1530,93
trotting,1574,1530,1574,44
walking,1605,1574,1605,31
trotting,1611,1605,1611,6
stepping,1612,1611,1612,1
grooming,1628,1612,1628,16
walking,1654,1628,1654,26
trotting,1724,1654,1724,70
sniffing,1777,1724,1777,53
walking,1843,1777,1843,66
running,1864,1843,1864,21
walking,1943,1864,1943,79
sniffing,1965,1943,1965,22
rising,2005,1965,2005,40
sniffing,2012,2005,2012,7
rising,2025,2012,2025,13
stepping,2035,2025,2035,10
sniffing,2255,2035,2255,220
grooming,2266,2255,2266,11
stepping,2298,2266,2298,32
sniffing,2299,2298,2299,1
walking,2411,2299,2411,112
stepping,2449,2411,2449,38
trotting,2493,2449,2493,44
stepping,2511,2493,2511,18
right_turning,2513,2511,2513,2
stepping,2548,2513,2548,35
rising,2578,2548,2578,30
climbing,2614,2578,2614,36
grooming,2855,2614,2855,241
sniffing,2878,2855,2878,23
rising,2879,2878,2879,1
sniffing,2880,2879,2880,1
rearing,2977,2880,2977,97
climbing,3012,2977,3012,35
stepping,3074,3012,3074,62
sniffing,3156,3074,3156,82
stepping,3183,3156,3183,27
rising,3201,3183,3201,18
trotting,3250,3201,3250,49
sniffing,3320,3250,3320,70
walking,3348,3320,3348,28
running,3376,3348,3376,28
walking,3445,3376,3445,69
rising,3481,3445,3481,36
sniffing,3523,3481,3523,42
rising,3547,3523,3547,24
sniffing,3564,3547,3564,17
grooming,3565,3564,3565,1
hunching,3606,3565,3606,41
rising,3671,3606,3671,65
trotting,3672,3671,3672,1
sniffing,3689,3672,3689,17
stepping,3704,3689,3704,15
rising,3767,3704,3767,63
walking,3768,3767,3768,1
trotting,3841,3768,3841,73
running,3842,3841,3842,1
stepping,3888,3842,3888,46
walking,3958,3888,3958,70
stepping,4007,3958,4007,49
trotting,4022,4007,4022,15
sniffing,4078,4022,4078,56
rising,4127,4078,4127,49
walking,4171,4127,4171,44
running,4207,4171,4207,36
sniffing,4208,4207,4208,1
walking,4294,4208,4294,86
rearing,4375,4294,4375,81
climbing,4394,4375,4394,19
sniffing,4436,4394,4436,42
stepping,4443,4436,4443,7
sniffing,4459,4443,4459,16
left_turning,4460,4459,4460,1
sniffing,4593,4460,4593,133
trotting,4628,4593,4628,35
walking,4669,4628,4669,41
sniffing,4678,4669,4678,9
rising,4706,4678,4706,28
stepping,4797,4706,4797,91
walking,4869,4797,4869,72
trotting,4885,4869,4885,16
sniffing,4900,4885,4900,15
right_turning,4914,4900,4914,14
sniffing,4988,4914,4988,74
rising,5061,4988,5061,73
sniffing,5062,5061,5062,1
rising,5082,5062,5082,20
sniffing,5128,5082,5128,46
walking,5164,5128,5164,36
hunching,5174,5164,5174,10
grooming,5252,5174,5252,78
sniffing,5338,5252,5338,86
walking,5404,5338,5404,66
stepping,5455,5404,5455,51
sniffing,5534,5455,5534,79
walking,5535,5534,5535,1
sniffing,5550,5535,5550,15
right_turning,5570,5550,5570,20
sniffing,5607,5570,5607,37
right_turning,5638,5607,5638,31
trotting,5682,5638,5682,44
sniffing,5726,5682,5726,44
rising,5727,5726,5727,1
walking,5757,5727,5757,30
trotting,5782,5757,5782,25
stepping,5835,5782,5835,53
sniffing,5859,5835,5859,24
left_turning,5890,5859,5890,31
walking,5949,5890,5949,59
stepping,5987,5949,5987,38
sniffing,5988,5987,5988,1
left_turning,6011,5988,6011,23
walking,6033,6011,6033,22
stepping,6051,6033,6051,18
rising,6089,6051,6089,38
hunching,6106,6089,6106,17
rearing,6168,6106,6168,62
left_turning,6201,6168,6201,33
stepping,6229,6201,6229,28
running,6239,6229,6239,10
sniffing,6346,6239,6346,107
stepping,6348,6346,6348,2
walking,6397,6348,6397,49
stepping,6425,6397,6425,28
rearing,6452,6425,6452,27
stepping,6490,6452,6490,38
rising,6535,6490,6535,45
climbing,6633,6535,6633,98
grooming,6752,6633,6752,119
walking,6799,6752,6799,47
stepping,6876,6799,6876,77
rearing,6886,6876,6886,10
grooming,6958,6886,6958,72
walking,6997,6958,6997,39
stepping,7034,6997,7034,37
rearing,7080,7034,7080,46
hunching,7099,7080,7099,19
grooming,7198,7099,7198,99
hunching,7241,7198,7241,43
rearing,7268,7241,7268,27
walking,7323,7268,7323,55
trotting,7342,7323,7342,19
sniffing,7343,7342,7343,1
right_turning,7344,7343,7344,1
sniffing,7377,7344,7377,33
walking,7378,7377,7378,1
trotting,7406,7378,7406,28
walking,7419,7406,7419,13
sniffing,7497,7419,7497,78
stepping,7543,7497,7543,46
sniffing,7730,7543,7730,187
stepping,7792,7730,7792,62
rising,7793,7792,7793,1
sniffing,7794,7793,7794,1
rising,7865,7794,7865,71
sniffing,7866,7865,7866,1
stepping,7908,7866,7908,42
rising,7956,7908,7956,48
trotting,8006,7956,8006,50
stepping,8053,8006,8053,47
sniffing,8102,8053,8102,49
grooming,8235,8102,8235,133
trotting,8298,8235,8298,63
stepping,8333,8298,8333,35
walking,8463,8333,8463,130
trotting,8515,8463,8515,52
walking,8585,8515,8585,70
sniffing,8589,8585,8589,4
grooming,8590,8589,8590,1
walking,8704,8590,8704,114
rising,8726,8704,8726,22
trotting,8782,8726,8782,56
stepping,8790,8782,8790,8
trotting,8831,8790,8831,41
walking,8854,8831,8854,23
running,8880,8854,8880,26
walking,8955,8880,8955,75
left_turning,9005,8955,9005,50
sniffing,9006,9005,9006,1
walking,9058,9006,9058,52
trotting,9101,9058,9101,43
stepping,9185,9101,9185,84
grooming,9442,9185,9442,257
running,9482,9442,9482,40
sniffing,9584,9482,9584,102
stepping,9596,9584,9596,12
walking,9664,9596,9664,68
sniffing,9691,9664,9691,27
grooming,9840,9691,9840,149
rearing,9936,9840,9936,96
sniffing,9952,9936,9952,16
stepping,9999,9952,9999,47
climbing,10045,9999,10045,46
rising,10118,10045,10118,73
sniffing,10172,10118,10172,54
stepping,10232,10172,10232,60
grooming,10393,10232,10393,161
sniffing,10403,10393,10403,10
stepping,10404,10403,10404,1
walking,10422,10404,10422,18
trotting,10440,10422,10440,18
rising,10461,10440,10461,21
sniffing,10502,10461,10502,41
grooming,10523,10502,10523,21
trotting,10563,10523,10563,40
walking,10632,10563,10632,69
stepping,10668,10632,10668,36
sniffing,10745,10668,10745,77
trotting,10783,10745,10783,38
left_turning,10797,10783,10797,14
grooming,10798,10797,10798,1
sniffing,10932,10798,10932,134
grooming,11007,10932,11007,75
scratching,11008,11007,11008,1
grooming,11009,11008,11009,1
rearing,11070,11009,11070,61
sniffing,11089,11070,11089,19
walking,11110,11089,11110,21
left_turning,11137,11110,11137,27
walking,11202,11137,11202,65
sniffing,11299,11202,11299,97
stepping,11335,11299,11335,36
rearing,11393,11335,11393,58
grooming,11405,11393,11405,12
climbing,11514,11405,11514,109
sniffing,11584,11514,11584,70
walking,11640,11584,11640,56
sniffing,11692,11640,11692,52
stepping,11739,11692,11739,47
right_turning,11748,11739,11748,9
sniffing,11871,11748,11871,123
walking,11914,11871,11914,43
trotting,11970,11914,11970,56
sniffing,11971,11970,11971,1
rising,12020,11971,12020,49
sniffing,12036,12020,12036,16
rising,12049,12036,12049,13
rearing,12050,12049,12050,1
grooming,12051,12050,12051,1
rising,12052,12051,12052,1
hunching,12056,12052,12056,4
rising,12118,12056,12118,62
hunching,12180,12118,12180,62
climbing,12268,12180,12268,88
sniffing,12334,12268,12334,66
rearing,12349,12334,12349,15
sniffing,12350,12349,12350,1
stepping,12392,12350,12392,42
sniffing,12458,12392,12458,66
left_turning,12487,12458,12487,29
sniffing,12501,12487,12501,14
grooming,12502,12501,12502,1
rearing,12630,12502,12630,128
grooming,12631,12630,12631,1
stepping,12679,12631,12679,48
grooming,12840,12679,12840,161
walking,12863,12840,12863,23
sniffing,12880,12863,12880,17
rearing,12979,12880,12979,99
grooming,13074,12979,13074,95
hunching,13101,13074,13101,27
grooming,13102,13101,13102,1
trotting,13170,13102,13170,68
rising,13177,13170,13177,7
climbing,13206,13177,13206,29
grooming,13207,13206,13207,1
rearing,13208,13207,13208,1
grooming,13345,13208,13345,137
sniffing,13420,13345,13420,75
right_turning,13448,13420,13448,28
trotting,13503,13448,13503,55
climbing,13576,13503,13576,73
rising,13658,13576,13658,82
sniffing,13666,13658,13666,8
stepping,13716,13666,13716,50
grooming,13896,13716,13896,180
sniffing,13944,13896,13944,48
scratching,13945,13944,13945,1
sniffing,13986,13945,13986,41
rearing,14002,13986,14002,16
hunching,14003,14002,14003,1
climbing,14012,14003,14012,9
grooming,14067,14012,14067,55
left_turning,14126,14067,14126,59
hunching,14127,14126,14127,1
rearing,14208,14127,14208,81
hunching,14226,14208,14226,18
rearing,14289,14226,14289,63
walking,14361,14289,14361,72
sniffing,14434,14361,14434,73
stepping,14470,14434,14470,36
walking,14491,14470,14491,21
sniffing,14568,14491,14568,77
grooming,14931,14568,14931,363
climbing,14949,14931,14949,18
grooming,15119,14949,15119,170
right_turning,15173,15119,15173,54
sniffing,15196,15173,15196,23
stepping,15254,15196,15254,58
trotting,15272,15254,15272,18
stepping,15315,15272,15315,43
sniffing,15448,15315,15448,133
grooming,15449,15448,15449,1
rearing,15450,15449,15450,1
stepping,15532,15450,15532,82
sniffing,15560,15532,15560,28
walking,15561,15560,15561,1
rearing,15590,15561,15590,29
hunching,15606,15590,15606,16
rearing,15607,15606,15607,1
grooming,15656,15607,15656,49
walking,15710,15656,15710,54
sniffing,15793,15710,15793,83
climbing,15838,15793,15838,45
grooming,15924,15838,15924,86
rising,15974,15924,15974,50
grooming,15975,15974,15975,1
walking,16022,15975,16022,47
sniffing,16035,16022,16035,13
left_turning,16036,16035,16036,1
running,16039,16036,16039,3
rising,16088,16039,16088,49
climbing,16111,16088,16111,23
stepping,16134,16111,16134,23
rising,16142,16134,16142,8
stepping,16164,16142,16164,22
left_turning,16208,16164,16208,44
walking,16209,16208,16209,1
running,16228,16209,16228,19
rising,16263,16228,16263,35
sniffing,16268,16263,16268,5
running,16302,16268,16302,34
sniffing,16303,16302,16303,1
grooming,16494,16303,16494,191
rearing,16506,16494,16506,12
hunching,16527,16506,16527,21
grooming,16655,16527,16655,128
climbing,16718,16655,16718,63
walking,16754,16718,16754,36
stepping,16788,16754,16788,34
walking,16881,16788,16881,93
stepping,16943,16881,16943,62
walking,17002,16943,17002,59
rearing,17029,17002,17029,27
sniffing,17030,17029,17030,1
stepping,17105,17030,17105,75
walking,17114,17105,17114,9
grooming,17161,17114,17161,47
sniffing,17246,17161,17246,85
running,17266,17246,17266,20
walking,17297,17266,17297,31
right_turning,17304,17297,17304,7
trotting,17340,17304,17340,36
sniffing,17391,17340,17391,51
grooming,17577,17391,17577,186
rising,17584,17577,17584,7
walking,17592,17584,17592,8
left_turning,17671,17592,17671,79
running,17702,17671,17702,31
walking,17704,17702,17704,2
stepping,17760,17704,17760,56
running,17796,17760,17796,36
stepping,17842,17796,17842,46
sniffing,17896,17842,17896,54
walking,17953,17896,17953,57
grooming,17997,17953,17997,44
rising,18058,17997,18058,61
grooming,18199,18058,18199,141
sniffing,18220,18199,18220,21
rising,18234,18220,18234,14
climbing,18293,18234,18293,59
left_turning,18307,18293,18307,14
grooming,18329,18307,18329,22
stepping,18385,18329,18385,56
sniffing,18441,18385,18441,56
right_turning,18460,18441,18460,19
sniffing,18488,18460,18488,28
stepping,18490,18488,18490,2
sniffing,18491,18490,18491,1
hunching,18524,18491,18524,33
grooming,18525,18524,18525,1
rearing,18555,18525,18555,30
grooming,18678,18555,18678,123
trotting,18696,18678,18696,18
rising,18741,18696,18741,45
stepping,18787,18741,18787,46
walking,18788,18787,18788,1
grooming,18863,18788,18863,75
stepping,18926,18863,18926,63
walking,18933,18926,18933,7
right_turning,18945,18933,18945,12
walking,19032,18945,19032,87
sniffing,19135,19032,19135,103
climbing,19174,19135,19174,39
right_turning,19212,19174,19212,38
running,19258,19212,19258,46
rising,19259,19258,19259,1
left_turning,19302,19259,19302,43
trotting,19340,19302,19340,38
stepping,19348,19340,19348,8
sniffing,19488,19348,19488,140
stepping,19505,19488,19505,17
rising,19552,19505,19552,47
stepping,19570,19552,19570,18
grooming,19693,19570,19693,123
running,19710,19693,19710,17
rising,19711,19710,19711,1
left_turning,19758,19711,19758,47
sniffing,19759,19758,19759,1
right_turning,19800,19759,19800,41
walking,19820,19800,19820,20
trotting,19850,19820,19850,30
sniffing,19851,19850,19851,1
walking,19899,19851,19899,48
sniffing,19900,19899,19900,1
hunching,19923,19900,19923,23
grooming,20021,19923,20021,98
left_turning,20154,20021,20154,133
stepping,20203,20154,20203,49
walking,20204,20203,20204,1
stepping,20247,20204,20247,43
sniffing,20327,20247,20327,80
rearing,20445,20327,20445,118
grooming,20681,20445,20681,236
left_turning,20729,20681,20729,48
trotting,20730,20729,20730,1
walking,20790,20730,20790,60
stepping,20820,20790,20820,30
grooming,20969,20820,20969,149
scratching,20970,20969,20970,1
sniffing,20999,20970,20999,29
stepping,21041,20999,21041,42
rearing,21114,21041,21114,73
walking,21161,21114,21161,47
grooming,21544,21161,21544,383
rising,21601,21544,21601,57
sniffing,21660,21601,21660,59
rising,21711,21660,21711,51
grooming,21871,21711,21871,160
walking,21972,21871,21972,101
rearing,21973,21972,21973,1
climbing,22058,21973,22058,85
stepping,22103,22058,22103,45
rising,22104,22103,22104,1
stepping,22174,22104,22174,70
climbing,22227,22174,22227,53
walking,22283,22227,22283,56
sniffing,22321,22283,22321,38
running,22354,22321,22354,33
left_turning,22372,22354,22372,18
walking,22421,22372,22421,49
rearing,22477,22421,22477,56
stepping,22500,22477,22500,23
sniffing,22597,22500,22597,97
walking,22629,22597,22629,32
sniffing,22650,22629,22650,21
grooming,22662,22650,22662,12
walking,22703,22662,22703,41
stepping,22790,22703,22790,87
sniffing,22859,22790,22859,69
stepping,22879,22859,22879,20
sniffing,22880,22879,22880,1
grooming,23105,22880,23105,225
walking,23167,23105,23167,62
sniffing,23235,23167,23235,68
stepping,23269,23235,23269,34
sniffing,23270,23269,23270,1
stepping,23328,23270,23328,58
left_turning,23351,23328,23351,23
walking,23391,23351,23391,40
stepping,23392,23391,23392,1
walking,23439,23392,23439,47
grooming,23455,23439,23455,16
scratching,23456,23455,23456,1
left_turning,23558,23456,23558,102
sniffing,23645,23558,23645,87
hunching,23690,23645,23690,45
rearing,23752,23690,23752,62
climbing,23897,23752,23897,145
walking,23909,23897,23909,12
stepping,23990,23909,23990,81
sniffing,24050,23990,24050,60
rising,24102,24050,24102,52
sniffing,24248,24102,24248,146
rising,24249,24248,24249,1
climbing,24338,24249,24338,89
grooming,25337,24338,25337,999
stepping,25396,25337,25396,59
walking,25427,25396,25427,31
rising,25469,25427,25469,42
grooming,25470,25469,25470,1
scratching,25471,25470,25471,1
rearing,25555,25471,25555,84
walking,25585,25555,25585,30
rising,25632,25585,25632,47
climbing,25696,25632,25696,64
grooming,25794,25696,25794,98
rearing,25804,25794,25804,10
grooming,25805,25804,25805,1
sniffing,25869,25805,25869,64
walking,25912,25869,25912,43
grooming,26158,25912,26158,246
sniffing,26287,26158,26287,129
grooming,26288,26287,26288,1
stepping,26335,26288,26335,47
sniffing,26410,26335,26410,75
hunching,26465,26410,26465,55
rearing,26508,26465,26508,43
rising,26528,26508,26528,20
left_turning,26566,26528,26566,38
trotting,26592,26566,26592,26
walking,26634,26592,26634,42
stepping,26662,26634,26662,28
sniffing,26782,26662,26782,120
grooming,26806,26782,26806,24
walking,26840,26806,26840,34
stepping,26865,26840,26865,25
walking,26942,26865,26942,77
right_turning,26976,26942,26976,34
walking,26985,26976,26985,9
left_turning,27023,26985,27023,38
sniffing,27108,27023,27108,85
stepping,27109,27108,27109,1
sniffing,27191,27109,27191,82
grooming,27303,27191,27303,112
sniffing,27361,27303,27361,58
walking,27370,27361,27370,9
rising,27401,27370,27401,31
rearing,27434,27401,27434,33
stepping,27487,27434,27487,53
right_turning,27537,27487,27537,50
sniffing,27593,27537,27593,56
left_turning,27596,27593,27596,3
sniffing,27710,27596,27710,114
stepping,27763,27710,27763,53
sniffing,27822,27763,27822,59
grooming,27823,27822,27823,1
stepping,27849,27823,27849,26
climbing,27872,27849,27872,23
trotting,27901,27872,27901,29
rising,27906,27901,27906,5
left_turning,27907,27906,27907,1
rising,27908,27907,27908,1
rearing,27923,27908,27923,15
climbing,27943,27923,27943,20
sniffing,28033,27943,28033,90
stepping,28043,28033,28043,10
walking,28044,28043,28044,1
right_turning,28099,28044,28099,55
stepping,28109,28099,28109,10
rising,28124,28109,28124,15
stepping,28185,28124,28185,61
rearing,28237,28185,28237,52
grooming,28284,28237,28284,47
climbing,28358,28284,28358,74
grooming,28407,28358,28407,49
sniffing,28468,28407,28468,61
walking,28504,28468,28504,36
sniffing,28546,28504,28546,42
walking,28590,28546,28590,44
sniffing,28661,28590,28661,71
trotting,28687,28661,28687,26
grooming,28688,28687,28688,1
rearing,28741,28688,28741,53
grooming,28742,28741,28742,1
rearing,28753,28742,28753,11
grooming,28801,28753,28801,48
rising,28829,28801,28829,28
stepping,28881,28829,28881,52
climbing,28992,28881,28992,111
sniffing,29411,28992,29411,419
grooming,29513,29411,29513,102
rearing,29577,29513,29577,64
stepping,29618,29577,29618,41
right_turning,29663,29618,29663,45
walking,29705,29663,29705,42
rising,29706,29705,29706,1
rearing,29836,29706,29836,130
sniffing,29877,29836,29877,41
stepping,29902,29877,29902,25
sniffing,29990,29902,29990,88
rising,29992,29990,29992,2
trotting,30037,29992,30037,45
sniffing,30107,30037,30107,70
rearing,30176,30107,30176,69
grooming,30270,30176,30270,94
right_turning,30275,30270,30275,5
walking,30296,30275,30296,21
grooming,30396,30296,30396,100
sniffing,30444,30396,30444,48
climbing,30445,30444,30445,1
stepping,30467,30445,30467,22
sniffing,30469,30467,30469,2
stepping,30519,30469,30519,50
sniffing,30591,30519,30591,72
rising,30654,30591,30654,63
sniffing,30711,30654,30711,57
walking,30785,30711,30785,74
stepping,30852,30785,30852,67
sniffing,30941,30852,30941,89
walking,31023,30941,31023,82
sniffing,31085,31023,31085,62
left_turning,31142,31085,31142,57
grooming,31223,31142,31223,81
walking,31233,31223,31233,10
stepping,31266,31233,31266,33
grooming,31438,31266,31438,172
climbing,31497,31438,31497,59
rearing,31498,31497,31498,1
climbing,31522,31498,31522,24
rising,31567,31522,31567,45
sniffing,31691,31567,31691,124
stepping,31729,31691,31729,38
walking,31800,31729,31800,71
sniffing,31854,31800,31854,54
rearing,32027,31854,32027,173
grooming,32028,32027,32028,1
stepping,32060,32028,32060,32
walking,32122,32060,32122,62
sniffing,32216,32122,32216,94
walking,32256,32216,32256,40
sniffing,32272,32256,32272,16
rearing,32334,32272,32334,62
grooming,32335,32334,32335,1
rearing,32396,32335,32396,61
rising,32449,32396,32449,53
climbing,32465,32449,32465,16
grooming,32637,32465,32637,172
left_turning,32705,32637,32705,68
grooming,32706,32705,32706,1
walking,32745,32706,32745,39
sniffing,32995,32745,32995,250
trotting,33038,32995,33038,43
walking,33039,33038,33039,1
left_turning,33089,33039,33089,50
grooming,33262,33089,33262,173
walking,33315,33262,33315,53
trotting,33328,33315,33328,13
left_turning,33336,33328,33336,8
grooming,33425,33336,33425,89
hunching,33490,33425,33490,65
grooming,33626,33490,33626,136
rearing,33689,33626,33689,63
hunching,33718,33689,33718,29
grooming,33808,33718,33808,90
rearing,33809,33808,33809,1
left_turning,33837,33809,33837,28
scratching,33838,33837,33838,1
grooming,33866,33838,33866,28
sniffing,33867,33866,33867,1
climbing,34013,33867,34013,146
sniffing,34147,34013,34147,134
grooming,34256,34147,34256,109
walking,34351,34256,34351,95
left_turning,34352,34351,34352,1
rising,34359,34352,34359,7
stepping,34417,34359,34417,58
sniffing,34418,34417,34418,1
rising,34483,34418,34483,65
stepping,34538,34483,34538,55
walking,34625,34538,34625,87
sniffing,34689,34625,34689,64
stepping,34733,34689,34733,44
climbing,34782,34733,34782,49
stepping,34843,34782,34843,61
grooming,34976,34843,34976,133
hunching,34977,34976,34977,1
rearing,34984,34977,34984,7
left_turning,35092,34984,35092,108
sniffing,35145,35092,35145,53
rearing,35146,35145,35146,1
left_turning,35164,35146,35164,18
rising,35165,35164,35165,1
grooming,35178,35165,35178,13
hunching,35230,35178,35230,52
grooming,35381,35230,35381,151
sniffing,35494,35381,35494,113
rising,35543,35494,35543,49
left_turning,35601,35543,35601,58
walking,35811,35601,35811,210
rising,35892,35811,35892,81
right_turning,35916,35892,35916,24
stepping,35917,35916,35917,1
rising,35931,35917,35931,14
grooming,36261,35931,36261,330
rearing,36262,36261,36262,1
climbing,36325,36262,36325,63
grooming,36627,36325,36627,302
stepping,36634,36627,36634,7
grooming,36635,36634,36635,1
hunching,36647,36635,36647,12
sniffing,36721,36647,36721,74
rearing,36752,36721,36752,31
climbing,36761,36752,36761,9
rearing,36882,36761,36882,121
hunching,36894,36882,36894,12
grooming,37004,36894,37004,110
climbing,37077,37004,37077,73
walking,37182,37077,37182,105
left_turning,37213,37182,37213,31
stepping,37222,37213,37222,9
sniffing,37274,37222,37274,52
rising,37275,37274,37275,1
sniffing,37338,37275,37338,63
trotting,37358,37338,37358,20
walking,37414,37358,37414,56
stepping,37464,37414,37464,50
left_turning,37484,37464,37484,20
walking,37527,37484,37527,43
sniffing,37588,37527,37588,61
rearing,37640,37588,37640,52
rising,37641,37640,37641,1
rearing,37750,37641,37750,109
stepping,37767,37750,37767,17
sniffing,37870,37767,37870,103
walking,37883,37870,37883,13
sniffing,37884,37883,37884,1
walking,37909,37884,37909,25
sniffing,37910,37909,37910,1
walking,37947,37910,37947,37
stepping,37958,37947,37958,11
sniffing,37996,37958,37996,38
rearing,38008,37996,38008,12
walking,38024,38008,38024,16
rising,38027,38024,38027,3
climbing,38061,38027,38061,34
sniffing,38166,38061,38166,105
stepping,38181,38166,38181,15
walking,38214,38181,38214,33
rearing,38215,38214,38215,1
right_turning,38252,38215,38252,37
sniffing,38267,38252,38267,15
rising,38333,38267,38333,66
walking,38383,38333,38383,50
rising,38395,38383,38395,12
grooming,38589,38395,38589,194
hunching,38624,38589,38624,35
grooming,38625,38624,38625,1
rearing,38667,38625,38667,42
walking,38686,38667,38686,19
running,38687,38686,38687,1
walking,38774,38687,38774,87
stepping,38818,38774,38818,44
sniffing,38836,38818,38836,18
grooming,38894,38836,38894,58
sniffing,38895,38894,38895,1
climbing,38904,38895,38904,9
rising,39008,38904,39008,104
rearing,39069,39008,39069,61
grooming,39229,39069,39229,160
stepping,39255,39229,39255,26
walking,39256,39255,39256,1
sniffing,39257,39256,39257,1
stepping,39362,39257,39362,105
sniffing,39564,39362,39564,202
rearing,39627,39564,39627,63
climbing,39670,39627,39670,43
rising,39671,39670,39671,1
grooming,40148,39671,40148,477
climbing,40219,40148,40219,71
rearing,40220,40219,40220,1
trotting,40232,40220,40232,12
rearing,40233,40232,40233,1
left_turning,40279,40233,40279,46
stepping,40280,40279,40280,1
sniffing,40339,40280,40339,59
stepping,40357,40339,40357,18
walking,40452,40357,40452,95
stepping,40515,40452,40515,63
sniffing,40516,40515,40516,1
stepping,40545,40516,40545,29
walking,40563,40545,40563,18
sniffing,40668,40563,40668,105
stepping,40687,40668,40687,19
sniffing,40786,40687,40786,99
stepping,40843,40786,40843,57
sniffing,40902,40843,40902,59
walking,40930,40902,40930,28
sniffing,40977,40930,40977,47
stepping,41022,40977,41022,45
rising,41027,41022,41027,5
climbing,41165,41027,41165,138
stepping,41173,41165,41173,8
rearing,41260,41173,41260,87
left_turning,41261,41260,41261,1
scratching,41262,41261,41262,1
left_turning,41263,41262,41263,1
grooming,41264,41263,41264,1
rearing,41414,41264,41414,150
hunching,41509,41414,41509,95
rearing,41614,41509,41614,105
climbing,41627,41614,41627,13
stepping,41651,41627,41651,24
sniffing,41748,41651,41748,97
walking,41820,41748,41820,72
sniffing,41850,41820,41850,30
stepping,41899,41850,41899,49
sniffing,41900,41899,41900,1
stepping,41919,41900,41919,19
walking,41979,41919,41979,60
trotting,42052,41979,42052,73
sniffing,42060,42052,42060,8
walking,42128,42060,42128,68
climbing,42158,42128,42158,30
right_turning,42159,42158,42159,1
walking,42194,42159,42194,35
stepping,42214,42194,42214,20
climbing,42266,42214,42266,52
sniffing,42329,42266,42329,63
stepping,42343,42329,42343,14
grooming,42380,42343,42380,37
climbing,42421,42380,42421,41
grooming,42422,42421,42422,1
walking,42468,42422,42468,46
sniffing,42578,42468,42578,110
rising,42579,42578,42579,1
climbing,42657,42579,42657,78
rising,42658,42657,42658,1
walking,42671,42658,42671,13
sniffing,42782,42671,42782,111
grooming,42783,42782,42783,1
walking,42809,42783,42809,26
rising,42810,42809,42810,1
rearing,42958,42810,42958,148
climbing,42971,42958,42971,13
rearing,43042,42971,43042,71
grooming,43109,43042,43109,67
rising,43133,43109,43133,24
rearing,43376,43133,43376,243
hunching,43400,43376,43400,24
grooming,43407,43400,43407,7
sniffing,43515,43407,43515,108
walking,43516,43515,43516,1
running,43521,43516,43521,5
sniffing,43677,43521,43677,156
grooming,43729,43677,43729,52
hunching,43813,43729,43813,84
rearing,43831,43813,43831,18
right_turning,43863,43831,43863,32
walking,43886,43863,43886,23
sniffing,43916,43886,43916,30
left_turning,43977,43916,43977,61
running,44013,43977,44013,36
climbing,44018,44013,44018,5
trotting,44045,44018,44045,27
stepping,44070,44045,44070,25
sniffing,44071,44070,44071,1
stepping,44102,44071,44102,31
sniffing,44103,44102,44103,1
stepping,44140,44103,44140,37
climbing,44171,44140,44171,31
stepping,44200,44171,44200,29
sniffing,44390,44200,44390,190
left_turning,44429,44390,44429,39
walking,44455,44429,44455,26
sniffing,44510,44455,44510,55
walking,44517,44510,44517,7
rising,44569,44517,44569,52
grooming,44700,44569,44700,131
rising,44727,44700,44727,27
rearing,44778,44727,44778,51
climbing,44868,44778,44868,90
grooming,44987,44868,44987,119
rearing,44997,44987,44997,10
walking,45081,44997,45081,84
sniffing,45156,45081,45156,75
rising,45219,45156,45219,63
sniffing,45220,45219,45220,1
rearing,45221,45220,45221,1
rising,45270,45221,45270,49
sniffing,45407,45270,45407,137
left_turning,45408,45407,45408,1
walking,45409,45408,45409,1
sniffing,45503,45409,45503,94
rising,45560,45503,45560,57
left_turning,45616,45560,45616,56
walking,45617,45616,45617,1
sniffing,45676,45617,45676,59
rising,45753,45676,45753,77
sniffing,45812,45753,45812,59
grooming,45998,45812,45998,186
hunching,46022,45998,46022,24
rearing,46076,46022,46076,54
climbing,46217,46076,46217,141
left_turning,46277,46217,46277,60
sniffing,46379,46277,46379,102
rearing,46429,46379,46429,50
grooming,46617,46429,46617,188
sniffing,46618,46617,46618,1
stepping,46694,46618,46694,76
sniffing,46742,46694,46742,48
rising,46790,46742,46790,48
climbing,46919,46790,46919,129
rising,46976,46919,46976,57
walking,46977,46976,46977,1
sniffing,47100,46977,47100,123
left_turning,47164,47100,47164,64
walking,47217,47164,47217,53
sniffing,47329,47217,47329,112
stepping,47403,47329,47403,74
right_turning,47428,47403,47428,25
walking,47478,47428,47478,50
sniffing,47536,47478,47536,58
rising,47565,47536,47565,29
sniffing,47626,47565,47626,61
stepping,47627,47626,47627,1
walking,47695,47627,47695,68
sniffing,47873,47695,47873,178
rising,47882,47873,47882,9
grooming,48067,47882,48067,185
stepping,48097,48067,48097,30
trotting,48118,48097,48118,21
sniffing,48158,48118,48158,40
stepping,48224,48158,48224,66
sniffing,48228,48224,48228,4
stepping,48255,48228,48255,27
sniffing,48256,48255,48256,1
walking,48359,48256,48359,103
right_turning,48373,48359,48373,14
rising,48374,48373,48374,1
rearing,48375,48374,48375,1
climbing,48407,48375,48407,32
rising,48441,48407,48441,34
rearing,48477,48441,48477,36
climbing,48571,48477,48571,94
grooming,48734,48571,48734,163
rearing,48920,48734,48920,186
grooming,48924,48920,48924,4
stepping,48969,48924,48969,45
sniffing,48970,48969,48970,1
left_turning,49003,48970,49003,33
sniffing,49184,49003,49184,181
rising,49216,49184,49216,32
rearing,49252,49216,49252,36
grooming,49438,49252,49438,186
walking,49514,49438,49514,76
rearing,49548,49514,49548,34
sniffing,49682,49548,49682,134
grooming,50010,49682,50010,328
rising,50013,50010,50013,3
right_turning,50034,50013,50034,21
sniffing,50035,50034,50035,1
right_turning,50036,50035,50036,1
walking,50061,50036,50061,25
sniffing,50081,50061,50081,20
trotting,50088,50081,50088,7
sniffing,50205,50088,50205,117
right_turning,50244,50205,50244,39
walking,50256,50244,50256,12
trotting,50264,50256,50264,8
sniffing,50300,50264,50300,36
stepping,50314,50300,50314,14
rearing,50406,50314,50406,92
rising,50457,50406,50457,51
climbing,50501,50457,50501,44
stepping,50504,50501,50504,3
rising,50516,50504,50516,12
climbing,50532,50516,50532,16
left_turning,50543,50532,50543,11
walking,50566,50543,50566,23
rearing,50658,50566,50658,92
hunching,50679,50658,50679,21
grooming,50680,50679,50680,1
sniffing,50768,50680,50768,88
stepping,50769,50768,50769,1
sniffing,50982,50769,50982,213
left_turning,51000,50982,51000,18
sniffing,51080,51000,51080,80
stepping,51114,51080,51114,34
sniffing,51236,51114,51236,122
stepping,51252,51236,51252,16
sniffing,51290,51252,51290,38
running,51313,51290,51313,23
sniffing,51399,51313,51399,86
grooming,51419,51399,51419,20
sniffing,51432,51419,51432,13
left_turning,51456,51432,51456,24
sniffing,51526,51456,51526,70
grooming,51676,51526,51676,150
climbing,51746,51676,51746,70
rearing,51924,51746,51924,178
climbing,51945,51924,51945,21
grooming,51988,51945,51988,43
left_turning,51989,51988,51989,1
walking,52056,51989,52056,67
sniffing,52180,52056,52180,124
climbing,52252,52180,52252,72
grooming,52326,52252,52326,74
walking,52329,52326,52329,3
trotting,52355,52329,52355,26
walking,52447,52355,52447,92
right_turning,52465,52447,52465,18
stepping,52494,52465,52494,29
sniffing,52549,52494,52549,55
stepping,52594,52549,52594,45
sniffing,52608,52594,52608,14
left_turning,52638,52608,52638,30
walking,52685,52638,52685,47
running,52717,52685,52717,32
trotting,52778,52717,52778,61
walking,52844,52778,52844,66
climbing,52969,52844,52969,125
rising,53051,52969,53051,82
rearing,53122,53051,53122,71
grooming,53268,53122,53268,146
rearing,53269,53268,53269,1
grooming,53576,53269,53576,307
sniffing,53606,53576,53606,30
stepping,53627,53606,53627,21
climbing,53715,53627,53715,88
left_turning,53796,53715,53796,81
rising,53811,53796,53811,15
left_turning,53827,53811,53827,16
rising,53828,53827,53828,1
grooming,53829,53828,53829,1
sniffing,53937,53829,53937,108
rearing,53970,53937,53970,33
grooming,54169,53970,54169,199
sniffing,54323,54169,54323,154
stepping,54324,54323,54324,1
left_turning,54326,54324,54326,2
walking,54396,54326,54396,70
rising,54436,54396,54436,40
grooming,54438,54436,54438,2
rearing,54552,54438,54552,114
grooming,54616,54552,54616,64
walking,54674,54616,54674,58
sniffing,54748,54674,54748,74
walking,54799,54748,54799,51
stepping,54842,54799,54842,43
climbing,54843,54842,54843,1
walking,54882,54843,54882,39
stepping,54883,54882,54883,1
grooming,54920,54883,54920,37
walking,54921,54920,54921,1
trotting,54947,54921,54947,26
rearing,54948,54947,54948,1
left_turning,54949,54948,54949,1
sniffing,54990,54949,54990,41
walking,55075,54990,55075,85
left_turning,55076,55075,55076,1
stepping,55105,55076,55105,29
climbing,55188,55105,55188,83
rearing,55318,55188,55318,130
climbing,55412,55318,55412,94
grooming,55468,55412,55468,56
rising,55507,55468,55507,39
hunching,55547,55507,55547,40
grooming,55548,55547,55548,1
left_turning,55570,55548,55570,22
walking,55670,55570,55670,100
grooming,55959,55670,55959,289
rising,55971,55959,55971,12
grooming,56010,55971,56010,39
sniffing,56064,56010,56064,54
left_turning,56085,56064,56085,21
sniffing,56131,56085,56131,46
rearing,56172,56131,56172,41
grooming,56468,56172,56468,296
sniffing,56495,56468,56495,27
walking,56511,56495,56511,16
sniffing,56542,56511,56542,31
walking,56628,56542,56628,86
right_turning,56631,56628,56631,3
stepping,56650,56631,56650,19
sniffing,56751,56650,56751,101
grooming,56752,56751,56752,1
sniffing,56780,56752,56780,28
rearing,56781,56780,56781,1
rising,56812,56781,56812,31
rearing,56856,56812,56856,44
sniffing,56959,56856,56959,103
left_turning,57039,56959,57039,80
grooming,57645,57039,57645,606
climbing,57656,57645,57656,11
left_turning,57686,57656,57686,30
walking,57746,57686,57746,60
stepping,57810,57746,57810,64
left_turning,57820,57810,57820,10
hunching,57825,57820,57825,5
grooming,57933,57825,57933,108
stepping,57980,57933,57980,47
rising,57981,57980,57981,1
stepping,58046,57981,58046,65
walking,58076,58046,58076,30
stepping,58133,58076,58133,57
sniffing,58209,58133,58209,76
right_turning,58270,58209,58270,61
stepping,58351,58270,58351,81
walking,58413,58351,58413,62
sniffing,58475,58413,58475,62
stepping,58476,58475,58476,1
rearing,58509,58476,58509,33
sniffing,58569,58509,58569,60
rising,58638,58569,58638,69
sniffing,58640,58638,58640,2
rising,58665,58640,58665,25
climbing,58691,58665,58691,26
left_turning,58837,58691,58837,146
walking,58839,58837,58839,2
stepping,58873,58839,58873,34
sniffing,58939,58873,58939,66
rising,58962,58939,58962,23
rearing,58994,58962,58994,32
grooming,58995,58994,58995,1
stepping,59006,58995,59006,11
rising,59051,59006,59051,45
sniffing,59084,59051,59084,33
grooming,59126,59084,59126,42
climbing,59180,59126,59180,54
left_turning,59253,59180,59253,73
walking,59254,59253,59254,1
sniffing,59356,59254,59356,102
stepping,59359,59356,59359,3
right_turning,59416,59359,59416,57
walking,59421,59416,59421,5
stepping,59460,59421,59460,39
sniffing,59484,59460,59484,24
stepping,59505,59484,59505,21
left_turning,59543,59505,59543,38
trotting,59578,59543,59578,35
walking,59607,59578,59607,29
climbing,59668,59607,59668,61
walking,59702,59668,59702,34
grooming,59758,59702,59758,56
climbing,59819,59758,59819,61
walking,59826,59819,59826,7
sniffing,59956,59826,59956,130
grooming,59957,59956,59957,1
scratching,59958,59957,59958,1
stepping,59966,59958,59966,8
right_turning,60037,59966,60037,71
sniffing,60076,60037,60076,39
walking,60115,60076,60115,39
sniffing,60178,60115,60178,63
stepping,60197,60178,60197,19
grooming,60216,60197,60216,19
scratching,60217,60216,60217,1
left_turning,60303,60217,60303,86
grooming,60491,60303,60491,188
sniffing,60516,60491,60516,25
grooming,60684,60516,60684,168
rearing,60708,60684,60708,24
climbing,60788,60708,60788,80
grooming,61235,60788,61235,447
stepping,61243,61235,61243,8
sniffing,61244,61243,61244,1
climbing,61279,61244,61279,35
hunching,61326,61279,61326,47
grooming,61327,61326,61327,1
stepping,61369,61327,61369,42
rising,61374,61369,61374,5
climbing,61435,61374,61435,61
running,61463,61435,61463,28
climbing,61556,61463,61556,93
running,61580,61556,61580,24
trotting,61609,61580,61609,29
walking,61610,61609,61610,1
stepping,61665,61610,61665,55
walking,61667,61665,61667,2
climbing,61702,61667,61702,35
trotting,61731,61702,61731,29
sniffing,61771,61731,61771,40
rising,61811,61771,61811,40
sniffing,61813,61811,61813,2
stepping,61814,61813,61814,1
sniffing,61815,61814,61815,1
left_turning,61832,61815,61832,17
walking,61833,61832,61833,1
rising,61870,61833,61870,37
sniffing,61888,61870,61888,18
stepping,61951,61888,61951,63
sniffing,62041,61951,62041,90
rising,62073,62041,62073,32
rearing,62074,62073,62074,1
walking,62104,62074,62104,30
left_turning,62129,62104,62129,25
sniffing,62130,62129,62130,1
stepping,62143,62130,62143,13
left_turning,62157,62143,62157,14
grooming,62714,62157,62714,557
walking,62728,62714,62728,14
stepping,62771,62728,62771,43
sniffing,62928,62771,62928,157
rising,62935,62928,62935,7
rearing,62989,62935,62989,54
right_turning,62990,62989,62990,1
walking,63059,62990,63059,69
trotting,63070,63059,63070,11
walking,63183,63070,63183,113
stepping,63215,63183,63215,32
walking,63289,63215,63289,74
sniffing,63396,63289,63396,107
walking,63439,63396,63439,43
rising,63456,63439,63456,17
climbing,63461,63456,63461,5
sniffing,63473,63461,63473,12
grooming,63698,63473,63698,225
climbing,63772,63698,63772,74
grooming,63908,63772,63908,136
scratching,63909,63908,63909,1
sniffing,63980,63909,63980,71
stepping,64013,63980,64013,33
climbing,64046,64013,64046,33
walking,64072,64046,64072,26
climbing,64194,64072,64194,122
left_turning,64260,64194,64260,66
sniffing,64261,64260,64261,1
rearing,64262,64261,64262,1
climbing,64311,64262,64311,49
stepping,64376,64311,64376,65
sniffing,64377,64376,64377,1
stepping,64401,64377,64401,24
walking,64402,64401,64402,1
stepping,64422,64402,64422,20
rising,64486,64422,64486,64
sniffing,64487,64486,64487,1
right_turning,64497,64487,64497,10
rearing,64570,64497,64570,73
grooming,64861,64570,64861,291
sniffing,64904,64861,64904,43
walking,64994,64904,64994,90
climbing,65139,64994,65139,145
rearing,65166,65139,65166,27
grooming,65733,65166,65733,567
rearing,65766,65733,65766,33
sniffing,65827,65766,65827,61
left_turning,65849,65827,65849,22
walking,65903,65849,65903,54
rising,65904,65903,65904,1
grooming,66162,65904,66162,258
hunching,66206,66162,66206,44
left_turning,66240,66206,66240,34
walking,66241,66240,66241,1
trotting,66277,66241,66277,36
stepping,66282,66277,66282,5
running,66310,66282,66310,28
walking,66311,66310,66311,1
sniffing,66442,66311,66442,131
stepping,66520,66442,66520,78
climbing,66568,66520,66568,48
rearing,66625,66568,66625,57
climbing,66701,66625,66701,76
stepping,66759,66701,66759,58
left_turning,66778,66759,66778,19
rising,66779,66778,66779,1
sniffing,66835,66779,66835,56
grooming,66965,66835,66965,130
rearing,67034,66965,67034,69
walking,67062,67034,67062,28
sniffing,67108,67062,67108,46
right_turning,67109,67108,67109,1
walking,67155,67109,67155,46
stepping,67191,67155,67191,36
trotting,67236,67191,67236,45
sniffing,67289,67236,67289,53
rising,67290,67289,67290,1
sniffing,67291,67290,67291,1
scratching,67292,67291,67292,1
grooming,67310,67292,67310,18
walking,67343,67310,67343,33
stepping,67359,67343,67359,16
sniffing,67414,67359,67414,55
walking,67470,67414,67470,56
stepping,67510,67470,67510,40
scratching,67511,67510,67511,1
sniffing,67536,67511,67536,25
left_turning,67578,67536,67578,42
grooming,67579,67578,67579,1
rearing,67580,67579,67580,1
sniffing,67581,67580,67581,1
grooming,67594,67581,67594,13
rearing,67746,67594,67746,152
hunching,67835,67746,67835,89
walking,67857,67835,67857,22
sniffing,67927,67857,67927,70
stepping,67935,67927,67935,8
rearing,67972,67935,67972,37
scratching,67973,67972,67973,1
stepping,67974,67973,67974,1
trotting,68001,67974,68001,27
walking,68064,68001,68064,63
sniffing,68083,68064,68083,19
grooming,68084,68083,68084,1
hunching,68086,68084,68086,2
sniffing,68087,68086,68087,1
walking,68088,68087,68088,1
sniffing,68089,68088,68089,1
grooming,68236,68089,68236,147
left_turning,68276,68236,68276,40
running,68297,68276,68297,21
sniffing,68451,68297,68451,154
rising,68552,68451,68552,101
grooming,68802,68552,68802,250
stepping,68806,68802,68806,4
walking,68822,68806,68822,16
climbing,68875,68822,68875,53
walking,68951,68875,68951,76
sniffing,68952,68951,68952,1
scratching,68953,68952,68953,1
sniffing,69086,68953,69086,133
walking,69087,69086,69087,1
grooming,69281,69087,69281,194
rising,69402,69281,69402,121
grooming,69403,69402,69403,1
sniffing,69595,69403,69595,192
rising,69596,69595,69596,1
grooming,69648,69596,69648,52
left_turning,69688,69648,69688,40
sniffing,69793,69688,69793,105
rising,69816,69793,69816,23
grooming,69817,69816,69817,1
sniffing,69841,69817,69841,24
stepping,69842,69841,69842,1
sniffing,69847,69842,69847,5
stepping,69917,69847,69917,70
grooming,70432,69917,70432,515
walking,70470,70432,70470,38
right_turning,70526,70470,70526,56
sniffing,70557,70526,70557,31
stepping,70569,70557,70569,12
walking,70610,70569,70610,41
stepping,70638,70610,70638,28
trotting,70640,70638,70640,2
stepping,70724,70640,70724,84
trotting,70764,70724,70764,40
walking,70846,70764,70846,82
sniffing,70872,70846,70872,26
left_turning,70873,70872,70873,1
stepping,70936,70873,70936,63
sniffing,71157,70936,71157,221
walking,71158,71157,71158,1
stepping,71200,71158,71200,42
sniffing,71201,71200,71201,1
rising,71202,71201,71202,1
stepping,71231,71202,71231,29
walking,71259,71231,71259,28
sniffing,71260,71259,71260,1
stepping,71269,71260,71269,9
grooming,71750,71269,71750,481
rearing,71771,71750,71771,21
grooming,71932,71771,71932,161
right_turning,71933,71932,71933,1
walking,71942,71933,71942,9
trotting,72014,71942,72014,72
running,72044,72014,72044,30
trotting,72056,72044,72056,12
stepping,72057,72056,72057,1
walking,72092,72057,72092,35
stepping,72099,72092,72099,7
running,72120,72099,72120,21
walking,72170,72120,72170,50
sniffing,72254,72170,72254,84
walking,72297,72254,72297,43
sniffing,72347,72297,72347,50
climbing,72402,72347,72402,55
stepping,72456,72402,72456,54
climbing,72557,72456,72557,101
stepping,72617,72557,72617,60
sniffing,72636,72617,72636,19
walking,72662,72636,72662,26
sniffing,72690,72662,72690,28
walking,72702,72690,72702,12
sniffing,72929,72702,72929,227
stepping,72973,72929,72973,44
sniffing,72974,72973,72974,1
left_turning,73010,72974,73010,36
grooming,73466,73010,73466,456
sniffing,73508,73466,73508,42
stepping,73562,73508,73562,54
sniffing,73652,73562,73652,90
stepping,73662,73652,73662,10
walking,73732,73662,73732,70
stepping,73788,73732,73788,56
rising,73789,73788,73789,1
sniffing,73901,73789,73901,112
walking,73917,73901,73917,16
sniffing,73979,73917,73979,62
walking,74000,73979,74000,21
rising,74042,74000,74042,42
grooming,74043,74042,74043,1
rearing,74044,74043,74044,1
stepping,74112,74044,74112,68
rising,74113,74112,74113,1
walking,74135,74113,74135,22
stepping,74136,74135,74136,1
sniffing,74203,74136,74203,67
rising,74204,74203,74204,1
sniffing,74292,74204,74292,88
rising,74293,74292,74293,1
stepping,74327,74293,74327,34
climbing,74350,74327,74350,23
grooming,74562,74350,74562,212
sniffing,74742,74562,74742,180
rearing,74746,74742,74746,4
grooming,75374,74746,75374,628
rising,75443,75374,75443,69
climbing,75574,75443,75574,131
right_turning,75602,75574,75602,28
walking,75634,75602,75634,32
sniffing,75782,75634,75782,148
rearing,75804,75782,75804,22
stepping,75856,75804,75856,52
sniffing,75857,75856,75857,1
walking,75909,75857,75909,52
trotting,75933,75909,75933,24
rising,75943,75933,75943,10
climbing,76013,75943,76013,70
sniffing,76232,76013,76232,219
stepping,76310,76232,76310,78
rising,76358,76310,76358,48
climbing,76436,76358,76436,78
left_turning,76453,76436,76453,17
trotting,76462,76453,76462,9
rising,76477,76462,76477,15
climbing,76522,76477,76522,45
walking,76531,76522,76531,9
sniffing,76674,76531,76674,143
stepping,76703,76674,76703,29
sniffing,76753,76703,76753,50
walking,76849,76753,76849,96
sniffing,76954,76849,76954,105
rising,77049,76954,77049,95
walking,77067,77049,77067,18
running,77098,77067,77098,31
walking,77140,77098,77140,42
stepping,77159,77140,77159,19
walking,77249,77159,77249,90
stepping,77334,77249,77334,85
rising,77361,77334,77361,27
sniffing,77459,77361,77459,98
stepping,77476,77459,77476,17
climbing,77560,77476,77560,84
walking,77603,77560,77603,43
sniffing,77671,77603,77671,68
rearing,77802,77671,77802,131
sniffing,77968,77802,77968,166
left_turning,77982,77968,77982,14
stepping,78033,77982,78033,51
sniffing,78034,78033,78034,1
stepping,78095,78034,78095,61
left_turning,78105,78095,78105,10
walking,78106,78105,78106,1
sniffing,78262,78106,78262,156
walking,78322,78262,78322,60
sniffing,78338,78322,78338,16
stepping,78385,78338,78385,47
climbing,78386,78385,78386,1
stepping,78422,78386,78422,36
trotting,78481,78422,78481,59
stepping,78531,78481,78531,50
walking,78561,78531,78561,30
sniffing,78624,78561,78624,63
walking,78693,78624,78693,69
climbing,78695,78693,78695,2
walking,78828,78695,78828,133
grooming,78965,78828,78965,137
right_turning,78985,78965,78985,20
trotting,79032,78985,79032,47
rearing,79042,79032,79042,10
stepping,79085,79042,79085,43
walking,79096,79085,79096,11
sniffing,79118,79096,79118,22
walking,79124,79118,79124,6
sniffing,79136,79124,79136,12
grooming,79383,79136,79383,247
stepping,79416,79383,79416,33
rising,79454,79416,79454,38
rearing,79560,79454,79560,106
stepping,79621,79560,79621,61
rearing,79713,79621,79713,92
left_turning,79749,79713,79749,36
sniffing,79759,79749,79759,10
stepping,79768,79759,79768,9
sniffing,79847,79768,79847,79
walking,79923,79847,79923,76
rising,79980,79923,79980,57
sniffing,80008,79980,80008,28
walking,80024,80008,80024,16
stepping,80082,80024,80082,58
walking,80147,80082,80147,65
sniffing,80198,80147,80198,51
rising,80199,80198,80199,1
rearing,80200,80199,80200,1
climbing,80412,80200,80412,212
walking,80437,80412,80437,25
sniffing,80658,80437,80658,221
walking,80697,80658,80697,39
stepping,80706,80697,80706,9
walking,80802,80706,80802,96
grooming,81058,80802,81058,256
walking,81229,81058,81229,171
sniffing,81392,81229,81392,163
grooming,81747,81392,81747,355
sniffing,81748,81747,81748,1
stepping,81790,81748,81790,42
grooming,82037,81790,82037,247
rearing,82356,82037,82356,319
climbing,82384,82356,82384,28
grooming,82662,82384,82662,278
walking,82727,82662,82727,65
sniffing,82728,82727,82728,1
walking,82744,82728,82744,16
right_turning,82745,82744,82745,1
climbing,82787,82745,82787,42
stepping,82852,82787,82852,65
grooming,83247,82852,83247,395
rearing,83248,83247,83248,1
stepping,83283,83248,83283,35
rising,83284,83283,83284,1
left_turning,83301,83284,83301,17
grooming,83475,83301,83475,174
sniffing,83627,83475,83627,152
grooming,83789,83627,83789,162
stepping,83839,83789,83839,50
climbing,83860,83839,83860,21
walking,83927,83860,83927,67
sniffing,84006,83927,84006,79
stepping,84066,84006,84066,60
climbing,84079,84066,84079,13
running,84102,84079,84102,23
walking,84146,84102,84146,44
sniffing,84195,84146,84195,49
rising,84237,84195,84237,42
grooming,84277,84237,84277,40
climbing,84377,84277,84377,100
rearing,84392,84377,84392,15
grooming,84498,84392,84498,106
scratching,84499,84498,84499,1
grooming,84500,84499,84500,1
sniffing,84570,84500,84570,70
stepping,84618,84570,84618,48
walking,84620,84618,84620,2
sniffing,84621,84620,84621,1
rising,84649,84621,84649,28
climbing,84718,84649,84718,69
rearing,84757,84718,84757,39
stepping,84776,84757,84776,19
rearing,84882,84776,84882,106
climbing,84923,84882,84923,41
trotting,84965,84923,84965,42
rising,85000,84965,85000,35
climbing,85064,85000,85064,64
right_turning,85127,85064,85127,63
rising,85181,85127,85181,54
climbing,85263,85181,85263,82
stepping,85329,85263,85329,66
sniffing,85330,85329,85330,1
rising,85340,85330,85340,10
sniffing,85584,85340,85584,244
scratching,85585,85584,85585,1
grooming,85935,85585,85935,350
sniffing,85940,85935,85940,5
right_turning,85973,85940,85973,33
walking,86055,85973,86055,82
sniffing,86110,86055,86110,55
rising,86210,86110,86210,100
climbing,86300,86210,86300,90
grooming,87234,86300,87234,934
walking,87297,87234,87297,63
stepping,87298,87297,87298,1
sniffing,87299,87298,87299,1
grooming,87393,87299,87393,94
sniffing,87503,87393,87503,110
rising,87511,87503,87511,8
rearing,87542,87511,87542,31
stepping,87603,87542,87603,61
climbing,87740,87603,87740,137
sniffing,87741,87740,87741,1
walking,87784,87741,87784,43
sniffing,87872,87784,87872,88
stepping,87873,87872,87873,1
walking,87913,87873,87913,40
sniffing,87980,87913,87980,67
hunching,88029,87980,88029,49
climbing,88089,88029,88089,60
rearing,88090,88089,88090,1
hunching,88091,88090,88091,1
grooming,88121,88091,88121,30
sniffing,88200,88121,88200,79
walking,88289,88200,88289,89
sniffing,88398,88289,88398,109
grooming,88652,88398,88652,254
sniffing,88653,88652,88653,1
walking,88688,88653,88688,35
sniffing,88712,88688,88712,24
stepping,88752,88712,88752,40
rising,88753,88752,88753,1
rearing,88778,88753,88778,25
hunching,88781,88778,88781,3
grooming,88787,88781,88787,6
sniffing,88788,88787,88788,1
walking,88789,88788,88789,1
sniffing,88884,88789,88884,95
rearing,88885,88884,88885,1
grooming,89067,88885,89067,182
stepping,89079,89067,89079,12
walking,89100,89079,89100,21
right_turning,89136,89100,89136,36
trotting,89224,89136,89224,88
walking,89283,89224,89283,59
stepping,89351,89283,89351,68
walking,89357,89351,89357,6
rising,89391,89357,89391,34
rearing,89475,89391,89475,84
sniffing,89568,89475,89568,93
walking,89621,89568,89621,53
sniffing,89743,89621,89743,122
walking,89793,89743,89793,50
sniffing,89895,89793,89895,102
rising,89928,89895,89928,33
climbing,89956,89928,89956,28
walking,89983,89956,89983,27
stepping,90028,89983,90028,45
rising,90085,90028,90085,57
rearing,90145,90085,90145,60
rising,90156,90145,90156,11
sniffing,90246,90156,90246,90
rising,90307,90246,90307,61
sniffing,90308,90307,90308,1
walking,90342,90308,90342,34
stepping,90386,90342,90386,44
walking,90475,90386,90475,89
stepping,90499,90475,90499,24
rearing,90619,90499,90619,120
climbing,90691,90619,90691,72
rearing,90695,90691,90695,4
sniffing,90748,90695,90748,53
walking,90757,90748,90757,9
sniffing,90775,90757,90775,18
left_turning,90800,90775,90800,25
sniffing,90887,90800,90887,87
stepping,90897,90887,90897,10
sniffing,91126,90897,91126,229
stepping,91164,91126,91164,38
rearing,91276,91164,91276,112
left_turning,91328,91276,91328,52
stepping,91384,91328,91384,56
sniffing,91412,91384,91412,28
stepping,91466,91412,91466,54
rearing,91483,91466,91483,17
climbing,91524,91483,91524,41
grooming,91593,91524,91593,69
right_turning,91594,91593,91594,1
trotting,91627,91594,91627,33
left_turning,91643,91627,91643,16
stepping,91681,91643,91681,38
climbing,91718,91681,91718,37
trotting,91784,91718,91784,66
sniffing,91862,91784,91862,78
stepping,91922,91862,91922,60
rising,91972,91922,91972,50
grooming,92012,91972,92012,40
rearing,92042,92012,92042,30
stepping,92067,92042,92067,25
walking,92091,92067,92091,24
sniffing,92218,92091,92218,127
left_turning,92267,92218,92267,49
walking,92297,92267,92297,30
stepping,92305,92297,92305,8
grooming,92484,92305,92484,179
sniffing,92485,92484,92485,1
left_turning,92508,92485,92508,23
hunching,92588,92508,92588,80
grooming,92872,92588,92872,284
rearing,92873,92872,92873,1
stepping,92889,92873,92889,16
sniffing,92976,92889,92976,87
stepping,92980,92976,92980,4
rearing,93025,92980,93025,45
grooming,93364,93025,93364,339
rearing,93365,93364,93365,1
sniffing,93490,93365,93490,125
walking,93493,93490,93493,3
rising,93580,93493,93580,87
sniffing,93587,93580,93587,7
rising,93588,93587,93588,1
walking,93671,93588,93671,83
sniffing,93672,93671,93672,1
grooming,93673,93672,93673,1
rearing,93722,93673,93722,49
rising,93728,93722,93728,6
left_turning,93731,93728,93731,3
walking,93739,93731,93739,8
sniffing,93741,93739,93741,2
trotting,93763,93741,93763,22
right_turning,93796,93763,93796,33
sniffing,93822,93796,93822,26
stepping,93863,93822,93863,41
trotting,93903,93863,93903,40
right_turning,93967,93903,93967,64
climbing,93968,93967,93968,1
grooming,94268,93968,94268,300
rearing,94271,94268,94271,3
stepping,94299,94271,94299,28
sniffing,94446,94299,94446,147
walking,94521,94446,94521,75
rearing,94522,94521,94522,1
climbing,94523,94522,94523,1
grooming,94528,94523,94528,5
sniffing,94567,94528,94567,39
stepping,94610,94567,94610,43
rising,94628,94610,94628,18
sniffing,94645,94628,94645,17
rising,94681,94645,94681,36
walking,94719,94681,94719,38
climbing,94793,94719,94793,74
left_turning,94837,94793,94837,44
stepping,94886,94837,94886,49
walking,94933,94886,94933,47
stepping,94974,94933,94974,41
walking,95030,94974,95030,56
sniffing,95124,95030,95124,94
walking,95179,95124,95179,55
stepping,95209,95179,95209,30
grooming,95210,95209,95210,1
stepping,95275,95210,95275,65
sniffing,95276,95275,95276,1
right_turning,95277,95276,95277,1
stepping,95332,95277,95332,55
sniffing,95333,95332,95333,1
right_turning,95358,95333,95358,25
stepping,95449,95358,95449,91
walking,95492,95449,95492,43
stepping,95531,95492,95531,39
sniffing,95571,95531,95571,40
stepping,95572,95571,95572,1
sniffing,95613,95572,95613,41
rising,95712,95613,95712,99
climbing,95791,95712,95791,79
grooming,95792,95791,95792,1
stepping,95824,95792,95824,32
sniffing,95977,95824,95977,153
walking,96065,95977,96065,88
stepping,96090,96065,96090,25
sniffing,96245,96090,96245,155
stepping,96299,96245,96299,54
walking,96339,96299,96339,40
stepping,96389,96339,96389,50
rising,96395,96389,96395,6
sniffing,96396,96395,96396,1
grooming,96397,96396,96397,1
rearing,96413,96397,96413,16
rising,96484,96413,96484,71
rearing,96528,96484,96528,44
stepping,96597,96528,96597,69
jumping,96686,96597,96686,89
right_turning,96715,96686,96715,29
grooming,96771,96715,96771,56
left_turning,96824,96771,96824,53
sniffing,96833,96824,96833,9
rising,96854,96833,96854,21
climbing,96867,96854,96867,13
grooming,96882,96867,96882,15
rearing,96946,96882,96946,64
sniffing,97017,96946,97017,71
walking,97076,97017,97076,59
stepping,97131,97076,97131,55
sniffing,97172,97131,97172,41
stepping,97215,97172,97215,43
sniffing,97481,97215,97481,266
rising,97547,97481,97547,66
rearing,97675,97547,97675,128
rising,97761,97675,97761,86
trotting,97827,97761,97827,66
sniffing,97828,97827,97828,1
left_turning,97850,97828,97850,22
grooming,97860,97850,97860,10
hunching,97871,97860,97871,11
left_turning,97906,97871,97906,35
sniffing,98031,97906,98031,125
walking,98066,98031,98066,35
trotting,98104,98066,98104,38
grooming,98105,98104,98105,1
scratching,98106,98105,98106,1
sniffing,98107,98106,98107,1
right_turning,98125,98107,98125,18
walking,98166,98125,98166,41
stepping,98167,98166,98167,1
rising,98279,98167,98279,112
hunching,98301,98279,98301,22
rearing,98397,98301,98397,96
grooming,98398,98397,98398,1
rearing,98465,98398,98465,67
walking,98466,98465,98466,1
sniffing,98536,98466,98536,70
walking,98586,98536,98586,50
sniffing,98587,98586,98587,1
grooming,98695,98587,98695,108
trotting,98768,98695,98768,73
sniffing,98958,98768,98958,190
rising,99104,98958,99104,146
rearing,99105,99104,99105,1
sniffing,99112,99105,99112,7
walking,99130,99112,99130,18
sniffing,99215,99130,99215,85
walking,99288,99215,99288,73
rising,99335,99288,99335,47
walking,99336,99335,99336,1
sniffing,99337,99336,99337,1
rising,99408,99337,99408,71
rearing,99409,99408,99409,1
climbing,99491,99409,99491,82
grooming,99916,99491,99916,425
sniffing,99977,99916,99977,61
grooming,100105,99977,100105,128
rearing,100212,100105,100212,107
hunching,100228,100212,100228,16
grooming,100408,100228,100408,180
climbing,100529,100408,100529,121
sniffing,100683,100529,100683,154
walking,100760,100683,100760,77
sniffing,100793,100760,100793,33
grooming,100962,100793,100962,169
hunching,101017,100962,101017,55
grooming,101036,101017,101036,19
hunching,101081,101036,101081,45
grooming,101082,101081,101082,1
sniffing,101168,101082,101168,86
rising,101218,101168,101218,50
sniffing,101327,101218,101327,109
climbing,101328,101327,101328,1
hunching,101381,101328,101381,53
rearing,101438,101381,101438,57
rising,101486,101438,101486,48
grooming,101487,101486,101487,1
rearing,101603,101487,101603,116
left_turning,101604,101603,101604,1
stepping,101605,101604,101605,1
sniffing,101702,101605,101702,97
stepping,101740,101702,101740,38
rearing,101785,101740,101785,45
stepping,101812,101785,101812,27
trotting,101840,101812,101840,28
right_turning,101857,101840,101857,17
walking,101937,101857,101937,80
climbing,102020,101937,102020,83
right_turning,102021,102020,102021,1
sniffing,102101,102021,102101,80
hunching,102227,102101,102227,126
grooming,102876,102227,102876,649
hunching,102901,102876,102901,25
stepping,102949,102901,102949,48
climbing,103028,102949,103028,79
grooming,103038,103028,103038,10
hunching,103076,103038,103076,38
rising,103098,103076,103098,22
climbing,103367,103098,103367,269
rearing,103385,103367,103385,18
sniffing,103386,103385,103386,1
scratching,103387,103386,103387,1
left_turning,103413,103387,103413,26
rearing,103455,103413,103455,42
hunching,103679,103455,103679,224
rearing,103804,103679,103804,125
grooming,103805,103804,103805,1
walking,103823,103805,103823,18
stepping,103836,103823,103836,13
left_turning,103879,103836,103879,43
scratching,103880,103879,103880,1
left_turning,103937,103880,103937,57
sniffing,104015,103937,104015,78
trotting,104034,104015,104034,19
rearing,104035,104034,104035,1
grooming,104205,104035,104205,170
rising,104255,104205,104255,50
left_turning,104301,104255,104301,46
sniffing,104355,104301,104355,54
walking,104451,104355,104451,96
sniffing,104644,104451,104644,193
stepping,104645,104644,104645,1
walking,104722,104645,104722,77
rising,104723,104722,104723,1
climbing,104844,104723,104844,121
grooming,105173,104844,105173,329
climbing,105250,105173,105250,77
hunching,105251,105250,105251,1
rearing,105270,105251,105270,19
hunching,105307,105270,105307,37
rearing,105425,105307,105425,118
grooming,105471,105425,105471,46
hunching,105563,105471,105563,92
grooming,105574,105563,105574,11
trotting,105593,105574,105593,19
left_turning,105635,105593,105635,42
stepping,105667,105635,105667,32
walking,105668,105667,105668,1
rearing,105675,105668,105675,7
rising,105691,105675,105691,16
grooming,105692,105691,105692,1
sniffing,105751,105692,105751,59
stepping,105785,105751,105785,34
climbing,105786,105785,105786,1
right_turning,105866,105786,105866,80
walking,105896,105866,105896,30
rising,105998,105896,105998,102
grooming,105999,105998,105999,1
rearing,106125,105999,106125,126
stepping,106148,106125,106148,23
right_turning,106169,106148,106169,21
walking,106239,106169,106239,70
sniffing,106240,106239,106240,1
hunching,106267,106240,106267,27
stepping,106296,106267,106296,29
sniffing,106398,106296,106398,102
stepping,106477,106398,106477,79
climbing,106604,106477,106604,127
rising,106605,106604,106605,1
hunching,106606,106605,106606,1
stepping,106680,106606,106680,74
right_turning,106717,106680,106717,37
stepping,106744,106717,106744,27
walking,106785,106744,106785,41
running,106787,106785,106787,2
stepping,106842,106787,106842,55
right_turning,106876,106842,106876,34
walking,106920,106876,106920,44
sniffing,106998,106920,106998,78
stepping,107050,106998,107050,52
walking,107074,107050,107074,24
stepping,107115,107074,107115,41
rearing,107187,107115,107187,72
sniffing,107230,107187,107230,43
grooming,107231,107230,107231,1
sniffing,107287,107231,107287,56
left_turning,107312,107287,107312,25
sniffing,107484,107312,107484,172
grooming,107485,107484,107485,1
rearing,107652,107485,107652,167
grooming,107796,107652,107796,144
sniffing,108000,107796,108000,204
