revised_movement_label,segBoundary,segBoundary_start,segBoundary_end,length
left_turning,19,0,19,19
sniffing,61,19,61,42
right_turning,62,61,62,1
running,90,62,90,28
walking,249,90,249,159
trotting,316,249,316,67
rising,345,316,345,29
left_turning,346,345,346,1
walking,347,346,347,1
rising,385,347,385,38
sniffing,443,385,443,58
rising,444,443,444,1
grooming,445,444,445,1
stepping,480,445,480,35
climbing,529,480,529,49
grooming,603,529,603,74
rising,635,603,635,32
rearing,636,635,636,1
grooming,762,636,762,126
sniffing,859,762,859,97
stepping,904,859,904,45
sniffing,905,904,905,1
hunching,968,905,968,63
stepping,1029,968,1029,61
sniffing,1073,1029,1073,44
grooming,1159,1073,1159,86
sniffing,1214,1159,1214,55
grooming,1337,1214,1337,123
rising,1344,1337,1344,7
sniffing,1345,1344,1345,1
walking,1360,1345,1360,15
sniffing,1371,1360,1371,11
stepping,1417,1371,1417,46
walking,1451,1417,1451,34
stepping,1477,1451,1477,26
walking,1520,1477,1520,43
stepping,1614,1520,1614,94
sniffing,1673,1614,1673,59
rising,1722,1673,1722,49
grooming,1723,1722,1723,1
rearing,1724,1723,1724,1
grooming,1734,1724,1734,10
right_turning,1739,1734,1739,5
walking,1827,1739,1827,88
sniffing,1828,1827,1828,1
stepping,1843,1828,1843,15
walking,1901,1843,1901,58
trotting,1928,1901,1928,27
sniffing,1992,1928,1992,64
walking,2026,1992,2026,34
sniffing,2273,2026,2273,247
grooming,2376,2273,2376,103
stepping,2395,2376,2395,19
walking,2448,2395,2448,53
rising,2461,2448,2461,13
sniffing,2517,2461,2517,56
grooming,2589,2517,2589,72
climbing,2601,2589,2601,12
right_turning,2681,2601,2681,80
trotting,2696,2681,2696,15
walking,2697,2696,2697,1
grooming,2732,2697,2732,35
walking,2813,2732,2813,81
sniffing,2900,2813,2900,87
rising,2962,2900,2962,62
walking,2963,2962,2963,1
sniffing,3044,2963,3044,81
walking,3130,3044,3130,86
trotting,3212,3130,3212,82
sniffing,3213,3212,3213,1
walking,3214,3213,3214,1
trotting,3236,3214,3236,22
walking,3247,3236,3247,11
rising,3305,3247,3305,58
sniffing,3384,3305,3384,79
running,3398,3384,3398,14
walking,3430,3398,3430,32
stepping,3434,3430,3434,4
walking,3457,3434,3457,23
stepping,3470,3457,3470,13
walking,3542,3470,3542,72
sniffing,3543,3542,3543,1
stepping,3576,3543,3576,33
left_turning,3696,3576,3696,120
stepping,3728,3696,3728,32
sniffing,3962,3728,3962,234
walking,3975,3962,3975,13
right_turning,3978,3975,3978,3
walking,4021,3978,4021,43
sniffing,4081,4021,4081,60
stepping,4123,4081,4123,42
walking,4150,4123,4150,27
rising,4156,4150,4156,6
walking,4199,4156,4199,43
trotting,4231,4199,4231,32
walking,4256,4231,4256,25
sniffing,4281,4256,4281,25
stepping,4283,4281,4283,2
sniffing,4378,4283,4378,95
walking,4419,4378,4419,41
running,4427,4419,4427,8
trotting,4497,4427,4497,70
stepping,4560,4497,4560,63
walking,4664,4560,4664,104
running,4683,4664,4683,19
trotting,4684,4683,4684,1
rising,4692,4684,4692,8
right_turning,4732,4692,4732,40
stepping,4736,4732,4736,4
walking,4759,4736,4759,23
trotting,4807,4759,4807,48
walking,4823,4807,4823,16
grooming,4824,4823,4824,1
sniffing,4849,4824,4849,25
rising,4850,4849,4850,1
sniffing,4856,4850,4856,6
walking,4913,4856,4913,57
trotting,4933,4913,4933,20
sniffing,5009,4933,5009,76
left_turning,5060,5009,5060,51
grooming,5061,5060,5061,1
rising,5069,5061,5069,8
left_turning,5122,5069,5122,53
trotting,5150,5122,5150,28
sniffing,5213,5150,5213,63
walking,5343,5213,5343,130
rising,5446,5343,5446,103
sniffing,5472,5446,5472,26
walking,5522,5472,5522,50
stepping,5562,5522,5562,40
walking,5584,5562,5584,22
sniffing,5618,5584,5618,34
rising,5645,5618,5645,27
rearing,5714,5645,5714,69
hunching,5715,5714,5715,1
rearing,5727,5715,5727,12
stepping,5763,5727,5763,36
sniffing,5821,5763,5821,58
grooming,5822,5821,5822,1
rising,5848,5822,5848,26
walking,5900,5848,5900,52
rising,5963,5900,5963,63
trotting,6022,5963,6022,59
stepping,6064,6022,6064,42
rising,6065,6064,6065,1
walking,6091,6065,6091,26
stepping,6211,6091,6211,120
sniffing,6339,6211,6339,128
rising,6376,6339,6376,37
sniffing,6466,6376,6466,90
stepping,6518,6466,6518,52
sniffing,6655,6518,6655,137
rising,6656,6655,6656,1
sniffing,6661,6656,6661,5
rising,6680,6661,6680,19
right_turning,6705,6680,6705,25
trotting,6739,6705,6739,34
climbing,6776,6739,6776,37
grooming,6839,6776,6839,63
rising,6840,6839,6840,1
grooming,6841,6840,6841,1
sniffing,6867,6841,6867,26
left_turning,6953,6867,6953,86
walking,6996,6953,6996,43
sniffing,7035,6996,7035,39
grooming,7123,7035,7123,88
walking,7139,7123,7139,16
trotting,7199,7139,7199,60
stepping,7243,7199,7243,44
sniffing,7259,7243,7259,16
stepping,7306,7259,7306,47
walking,7307,7306,7307,1
sniffing,7403,7307,7403,96
walking,7480,7403,7480,77
trotting,7557,7480,7557,77
walking,7582,7557,7582,25
sniffing,7695,7582,7695,113
rising,7708,7695,7708,13
grooming,7709,7708,7709,1
rising,7712,7709,7712,3
sniffing,7730,7712,7730,18
rearing,7960,7730,7960,230
left_turning,7986,7960,7986,26
sniffing,7987,7986,7987,1
rising,7997,7987,7997,10
stepping,8049,7997,8049,52
sniffing,8055,8049,8055,6
walking,8181,8055,8181,126
rising,8182,8181,8182,1
rearing,8183,8182,8183,1
grooming,8354,8183,8354,171
sniffing,8381,8354,8381,27
stepping,8399,8381,8399,18
walking,8400,8399,8400,1
rising,8413,8400,8413,13
sniffing,8606,8413,8606,193
rising,8681,8606,8681,75
walking,8731,8681,8731,50
sniffing,8767,8731,8767,36
walking,8815,8767,8815,48
sniffing,8937,8815,8937,122
right_turning,8959,8937,8959,22
trotting,8982,8959,8982,23
running,9024,8982,9024,42
sniffing,9070,9024,9070,46
stepping,9121,9070,9121,51
sniffing,9131,9121,9131,10
trotting,9165,9131,9165,34
stepping,9219,9165,9219,54
sniffing,9258,9219,9258,39
running,9297,9258,9297,39
sniffing,9331,9297,9331,34
walking,9475,9331,9475,144
running,9488,9475,9488,13
sniffing,9566,9488,9566,78
rising,9580,9566,9580,14
climbing,9627,9580,9627,47
left_turning,9693,9627,9693,66
climbing,9774,9693,9774,81
rearing,9810,9774,9810,36
rising,9868,9810,9868,58
stepping,9904,9868,9904,36
walking,10031,9904,10031,127
rising,10074,10031,10074,43
walking,10098,10074,10098,24
sniffing,10099,10098,10099,1
walking,10217,10099,10217,118
trotting,10247,10217,10247,30
sniffing,10267,10247,10267,20
walking,10286,10267,10286,19
stepping,10342,10286,10342,56
walking,10357,10342,10357,15
stepping,10383,10357,10383,26
grooming,10423,10383,10423,40
rising,10484,10423,10484,61
stepping,10539,10484,10539,55
sniffing,10616,10539,10616,77
walking,10690,10616,10690,74
stepping,10734,10690,10734,44
sniffing,10781,10734,10781,47
grooming,10795,10781,10795,14
rearing,10820,10795,10820,25
hunching,10835,10820,10835,15
rearing,10836,10835,10836,1
climbing,10918,10836,10918,82
rising,10945,10918,10945,27
walking,11008,10945,11008,63
rising,11095,11008,11095,87
grooming,11223,11095,11223,128
running,11257,11223,11257,34
trotting,11290,11257,11290,33
sniffing,11347,11290,11347,57
running,11356,11347,11356,9
walking,11367,11356,11367,11
stepping,11391,11367,11391,24
left_turning,11464,11391,11464,73
grooming,11535,11464,11535,71
climbing,11651,11535,11651,116
rearing,11707,11651,11707,56
grooming,11835,11707,11835,128
stepping,11895,11835,11895,60
grooming,12148,11895,12148,253
right_turning,12178,12148,12178,30
walking,12263,12178,12263,85
sniffing,12684,12263,12684,421
rising,12685,12684,12685,1
trotting,12725,12685,12725,40
stepping,12773,12725,12773,48
rising,12814,12773,12814,41
rearing,13027,12814,13027,213
hunching,13028,13027,13028,1
rearing,13040,13028,13040,12
rising,13056,13040,13056,16
grooming,13061,13056,13061,5
walking,13073,13061,13073,12
trotting,13075,13073,13075,2
sniffing,13076,13075,13076,1
trotting,13097,13076,13097,21
walking,13180,13097,13180,83
grooming,13224,13180,13224,44
sniffing,13226,13224,13226,2
running,13256,13226,13256,30
stepping,13293,13256,13293,37
grooming,13326,13293,13326,33
walking,13429,13326,13429,103
sniffing,13430,13429,13430,1
trotting,13468,13430,13468,38
left_turning,13471,13468,13471,3
walking,13472,13471,13472,1
stepping,13501,13472,13501,29
sniffing,13538,13501,13538,37
grooming,13691,13538,13691,153
stepping,13715,13691,13715,24
right_turning,13735,13715,13735,20
walking,13805,13735,13805,70
stepping,13874,13805,13874,69
sniffing,13875,13874,13875,1
rising,13946,13875,13946,71
walking,14027,13946,14027,81
right_turning,14053,14027,14053,26
walking,14079,14053,14079,26
sniffing,14144,14079,14144,65
rising,14145,14144,14145,1
rearing,14288,14145,14288,143
grooming,14306,14288,14306,18
rearing,14346,14306,14346,40
hunching,14405,14346,14405,59
grooming,14410,14405,14410,5
stepping,14461,14410,14461,51
climbing,14517,14461,14517,56
rearing,14567,14517,14567,50
grooming,14568,14567,14568,1
rearing,14613,14568,14613,45
sniffing,14614,14613,14614,1
rising,14628,14614,14628,14
rearing,14629,14628,14629,1
grooming,14699,14629,14699,70
sniffing,14753,14699,14753,54
walking,14826,14753,14826,73
grooming,14827,14826,14827,1
sniffing,14885,14827,14885,58
scratching,14886,14885,14886,1
sniffing,14919,14886,14919,33
running,14948,14919,14948,29
rising,14970,14948,14970,22
grooming,15235,14970,15235,265
left_turning,15239,15235,15239,4
stepping,15257,15239,15257,18
walking,15285,15257,15285,28
sniffing,15400,15285,15400,115
rising,15439,15400,15439,39
rearing,15473,15439,15473,34
rising,15497,15473,15497,24
climbing,15511,15497,15511,14
scratching,15512,15511,15512,1
sniffing,15553,15512,15553,41
rising,15597,15553,15597,44
sniffing,15684,15597,15684,87
left_turning,15727,15684,15727,43
sniffing,15759,15727,15759,32
running,15768,15759,15768,9
walking,15804,15768,15804,36
rising,15869,15804,15869,65
climbing,15967,15869,15967,98
grooming,16121,15967,16121,154
stepping,16171,16121,16171,50
left_turning,16220,16171,16220,49
stepping,16252,16220,16252,32
sniffing,16272,16252,16272,20
rearing,16321,16272,16321,49
hunching,16323,16321,16323,2
grooming,16324,16323,16324,1
running,16366,16324,16366,42
rising,16434,16366,16434,68
rearing,16435,16434,16435,1
climbing,16492,16435,16492,57
left_turning,16588,16492,16588,96
walking,16727,16588,16727,139
stepping,16774,16727,16774,47
walking,16776,16774,16776,2
stepping,16833,16776,16833,57
walking,16884,16833,16884,51
grooming,17077,16884,17077,193
sniffing,17108,17077,17108,31
stepping,17122,17108,17122,14
sniffing,17263,17122,17263,141
trotting,17320,17263,17320,57
sniffing,17395,17320,17395,75
right_turning,17419,17395,17419,24
running,17445,17419,17445,26
stepping,17492,17445,17492,47
trotting,17522,17492,17522,30
sniffing,17741,17522,17741,219
rising,17849,17741,17849,108
sniffing,17850,17849,17850,1
grooming,17949,17850,17949,99
sniffing,18065,17949,18065,116
stepping,18066,18065,18066,1
sniffing,18067,18066,18067,1
rising,18099,18067,18099,32
sniffing,18103,18099,18103,4
rising,18150,18103,18150,47
trotting,18183,18150,18183,33
walking,18202,18183,18202,19
sniffing,18203,18202,18203,1
walking,18239,18203,18239,36
sniffing,18306,18239,18306,67
walking,18307,18306,18307,1
grooming,18463,18307,18463,156
trotting,18491,18463,18491,28
right_turning,18544,18491,18544,53
walking,18580,18544,18580,36
rearing,18581,18580,18581,1
walking,18637,18581,18637,56
sniffing,18638,18637,18638,1
left_turning,18665,18638,18665,27
rising,18666,18665,18666,1
rearing,18739,18666,18739,73
walking,18807,18739,18807,68
sniffing,18906,18807,18906,99
rising,18907,18906,18907,1
climbing,18908,18907,18908,1
stepping,18961,18908,18961,53
sniffing,18962,18961,18962,1
walking,19022,18962,19022,60
hunching,19040,19022,19040,18
left_turning,19041,19040,19041,1
walking,19102,19041,19102,61
sniffing,19103,19102,19103,1
rising,19104,19103,19104,1
sniffing,19126,19104,19126,22
climbing,19257,19126,19257,131
grooming,19321,19257,19321,64
scratching,19322,19321,19322,1
sniffing,19362,19322,19362,40
walking,19426,19362,19426,64
stepping,19467,19426,19467,41
sniffing,19503,19467,19503,36
walking,19628,19503,19628,125
grooming,19802,19628,19802,174
climbing,19861,19802,19861,59
rearing,19862,19861,19862,1
grooming,19995,19862,19995,133
rearing,19996,19995,19996,1
grooming,20016,19996,20016,20
rising,20034,20016,20034,18
sniffing,20035,20034,20035,1
right_turning,20064,20035,20064,29
rising,20065,20064,20065,1
sniffing,20253,20065,20253,188
rising,20276,20253,20276,23
sniffing,20339,20276,20339,63
walking,20375,20339,20375,36
stepping,20413,20375,20413,38
rearing,20414,20413,20414,1
grooming,20415,20414,20415,1
sniffing,20449,20415,20449,34
rising,20521,20449,20521,72
rearing,20522,20521,20522,1
left_turning,20543,20522,20543,21
grooming,20667,20543,20667,124
rearing,20718,20667,20718,51
sniffing,20770,20718,20770,52
right_turning,20796,20770,20796,26
stepping,20819,20796,20819,23
trotting,20869,20819,20869,50
left_turning,20910,20869,20910,41
stepping,20943,20910,20943,33
grooming,21042,20943,21042,99
sniffing,21074,21042,21074,32
stepping,21084,21074,21084,10
sniffing,21162,21084,21162,78
rising,21180,21162,21180,18
sniffing,21271,21180,21271,91
rising,21272,21271,21272,1
grooming,21352,21272,21352,80
stepping,21397,21352,21397,45
climbing,21430,21397,21430,33
grooming,21484,21430,21484,54
hunching,21498,21484,21498,14
right_turning,21551,21498,21551,53
grooming,21843,21551,21843,292
sniffing,21960,21843,21960,117
rising,22097,21960,22097,137
climbing,22133,22097,22133,36
walking,22166,22133,22166,33
sniffing,22190,22166,22190,24
rising,22191,22190,22191,1
sniffing,22228,22191,22228,37
walking,22249,22228,22249,21
stepping,22285,22249,22285,36
rising,22326,22285,22326,41
grooming,22556,22326,22556,230
sniffing,22557,22556,22557,1
grooming,22568,22557,22568,11
rising,22598,22568,22598,30
rearing,22630,22598,22630,32
left_turning,22637,22630,22637,7
running,22671,22637,22671,34
trotting,22734,22671,22734,63
sniffing,22815,22734,22815,81
walking,22906,22815,22906,91
sniffing,22925,22906,22925,19
rising,22926,22925,22926,1
stepping,22993,22926,22993,67
walking,23014,22993,23014,21
left_turning,23015,23014,23015,1
stepping,23087,23015,23087,72
left_turning,23149,23087,23149,62
sniffing,23272,23149,23272,123
grooming,23315,23272,23315,43
climbing,23372,23315,23372,57
left_turning,23399,23372,23399,27
sniffing,23439,23399,23439,40
grooming,23518,23439,23518,79
trotting,23537,23518,23537,19
walking,23545,23537,23545,8
stepping,23558,23545,23558,13
right_turning,23559,23558,23559,1
sniffing,23580,23559,23580,21
climbing,23594,23580,23594,14
grooming,23611,23594,23611,17
sniffing,23739,23611,23739,128
rearing,23802,23739,23802,63
sniffing,23803,23802,23803,1
grooming,23804,23803,23804,1
sniffing,23902,23804,23902,98
right_turning,23914,23902,23914,12
walking,23954,23914,23954,40
stepping,24011,23954,24011,57
sniffing,24121,24011,24121,110
walking,24172,24121,24172,51
sniffing,24173,24172,24173,1
grooming,24311,24173,24311,138
climbing,24394,24311,24394,83
grooming,24573,24394,24573,179
hunching,24614,24573,24614,41
grooming,24632,24614,24632,18
scratching,24633,24632,24633,1
walking,24681,24633,24681,48
rising,24726,24681,24726,45
walking,24727,24726,24727,1
stepping,24777,24727,24777,50
walking,24814,24777,24814,37
left_turning,24826,24814,24826,12
walking,24914,24826,24914,88
sniffing,24964,24914,24964,50
walking,24978,24964,24978,14
sniffing,25059,24978,25059,81
stepping,25079,25059,25079,20
walking,25133,25079,25133,54
stepping,25164,25133,25164,31
climbing,25217,25164,25217,53
grooming,25302,25217,25302,85
left_turning,25364,25302,25364,62
walking,25400,25364,25400,36
left_turning,25469,25400,25469,69
grooming,25470,25469,25470,1
rising,25509,25470,25509,39
rearing,25526,25509,25526,17
grooming,25527,25526,25527,1
rising,25528,25527,25528,1
climbing,25611,25528,25611,83
sniffing,25672,25611,25672,61
grooming,25718,25672,25718,46
sniffing,25815,25718,25815,97
hunching,25859,25815,25859,44
grooming,25902,25859,25902,43
left_turning,25935,25902,25935,33
sniffing,26136,25935,26136,201
stepping,26214,26136,26214,78
walking,26253,26214,26253,39
sniffing,26254,26253,26254,1
grooming,26278,26254,26278,24
stepping,26295,26278,26295,17
walking,26386,26295,26386,91
sniffing,26415,26386,26415,29
stepping,26485,26415,26485,70
sniffing,26605,26485,26605,120
rising,26637,26605,26637,32
left_turning,26743,26637,26743,106
walking,26791,26743,26791,48
left_turning,26837,26791,26837,46
trotting,26878,26837,26878,41
rising,26901,26878,26901,23
left_turning,26953,26901,26953,52
walking,27026,26953,27026,73
climbing,27056,27026,27056,30
right_turning,27070,27056,27070,14
walking,27132,27070,27132,62
rising,27183,27132,27183,51
grooming,27184,27183,27184,1
rearing,27249,27184,27249,65
stepping,27283,27249,27283,34
climbing,27287,27283,27287,4
walking,27311,27287,27311,24
jumping,27372,27311,27372,61
rearing,27574,27372,27574,202
sniffing,27714,27574,27714,140
grooming,27892,27714,27892,178
sniffing,28165,27892,28165,273
rising,28168,28165,28168,3
rearing,28197,28168,28197,29
grooming,28588,28197,28588,391
stepping,28622,28588,28622,34
sniffing,28652,28622,28652,30
stepping,28696,28652,28696,44
rising,28707,28696,28707,11
grooming,28923,28707,28923,216
hunching,28987,28923,28987,64
rising,29011,28987,29011,24
rearing,29076,29011,29076,65
stepping,29119,29076,29119,43
sniffing,29189,29119,29189,70
left_turning,29196,29189,29196,7
walking,29243,29196,29243,47
sniffing,29268,29243,29268,25
walking,29324,29268,29324,56
stepping,29360,29324,29360,36
right_turning,29389,29360,29389,29
walking,29390,29389,29390,1
stepping,29447,29390,29447,57
right_turning,29459,29447,29459,12
stepping,29502,29459,29502,43
sniffing,29591,29502,29591,89
climbing,29660,29591,29660,69
grooming,29661,29660,29661,1
sniffing,29691,29661,29691,30
walking,29697,29691,29697,6
grooming,29698,29697,29698,1
stepping,29724,29698,29724,26
sniffing,29725,29724,29725,1
trotting,29743,29725,29743,18
stepping,29772,29743,29772,29
walking,29773,29772,29773,1
sniffing,29774,29773,29774,1
grooming,29775,29774,29775,1
walking,29856,29775,29856,81
grooming,30059,29856,30059,203
walking,30110,30059,30110,51
stepping,30142,30110,30142,32
walking,30230,30142,30230,88
sniffing,30265,30230,30265,35
left_turning,30309,30265,30309,44
walking,30375,30309,30375,66
grooming,30423,30375,30423,48
right_turning,30431,30423,30431,8
running,30455,30431,30455,24
walking,30586,30455,30586,131
stepping,30587,30586,30587,1
sniffing,30628,30587,30628,41
grooming,30774,30628,30774,146
hunching,30786,30774,30786,12
left_turning,30834,30786,30834,48
sniffing,30847,30834,30847,13
trotting,30848,30847,30848,1
left_turning,30903,30848,30903,55
grooming,30904,30903,30904,1
right_turning,30912,30904,30912,8
walking,30969,30912,30969,57
sniffing,30970,30969,30970,1
rising,31016,30970,31016,46
climbing,31067,31016,31067,51
left_turning,31091,31067,31091,24
sniffing,31092,31091,31092,1
grooming,31151,31092,31151,59
scratching,31152,31151,31152,1
left_turning,31164,31152,31164,12
climbing,31275,31164,31275,111
rising,31276,31275,31276,1
climbing,31304,31276,31304,28
right_turning,31325,31304,31325,21
stepping,31353,31325,31353,28
rearing,31428,31353,31428,75
grooming,31446,31428,31446,18
walking,31464,31446,31464,18
rising,31465,31464,31465,1
grooming,31809,31465,31809,344
rearing,31897,31809,31897,88
grooming,32002,31897,32002,105
left_turning,32043,32002,32043,41
sniffing,32134,32043,32134,91
stepping,32162,32134,32162,28
sniffing,32225,32162,32225,63
left_turning,32278,32225,32278,53
sniffing,32380,32278,32380,102
stepping,32420,32380,32420,40
sniffing,32615,32420,32615,195
rising,32620,32615,32620,5
climbing,32682,32620,32682,62
walking,32711,32682,32711,29
trotting,32724,32711,32724,13
sniffing,32725,32724,32725,1
rising,32754,32725,32754,29
left_turning,32806,32754,32806,52
walking,32877,32806,32877,71
right_turning,32950,32877,32950,73
sniffing,33078,32950,33078,128
rising,33141,33078,33141,63
grooming,33347,33141,33347,206
hunching,33348,33347,33348,1
rearing,33420,33348,33420,72
grooming,33439,33420,33439,19
rising,33463,33439,33463,24
climbing,33468,33463,33468,5
grooming,33527,33468,33527,59
rearing,33528,33527,33528,1
grooming,33529,33528,33529,1
hunching,33533,33529,33533,4
rearing,33620,33533,33620,87
left_turning,33623,33620,33623,3
stepping,33690,33623,33690,67
walking,33733,33690,33733,43
stepping,33775,33733,33775,42
sniffing,33857,33775,33857,82
stepping,33893,33857,33893,36
sniffing,33894,33893,33894,1
left_turning,33895,33894,33895,1
rearing,33896,33895,33896,1
stepping,33927,33896,33927,31
rising,33930,33927,33930,3
rearing,33957,33930,33957,27
rising,34047,33957,34047,90
sniffing,34137,34047,34137,90
grooming,34172,34137,34172,35
left_turning,34197,34172,34197,25
walking,34198,34197,34198,1
stepping,34217,34198,34217,19
trotting,34253,34217,34253,36
walking,34254,34253,34254,1
rearing,34303,34254,34303,49
stepping,34346,34303,34346,43
walking,34390,34346,34390,44
running,34422,34390,34422,32
rearing,34478,34422,34478,56
grooming,34479,34478,34479,1
walking,34523,34479,34523,44
trotting,34524,34523,34524,1
running,34556,34524,34556,32
right_turning,34572,34556,34572,16
walking,34624,34572,34624,52
stepping,34638,34624,34638,14
sniffing,34639,34638,34639,1
rising,34683,34639,34683,44
rearing,34701,34683,34701,18
grooming,34786,34701,34786,85
sniffing,34815,34786,34815,29
stepping,34854,34815,34854,39
walking,34896,34854,34896,42
sniffing,34923,34896,34923,27
stepping,34980,34923,34980,57
rearing,35159,34980,35159,179
stepping,35192,35159,35192,33
trotting,35234,35192,35234,42
sniffing,35360,35234,35360,126
rising,35405,35360,35405,45
sniffing,35560,35405,35560,155
rearing,35568,35560,35568,8
grooming,36059,35568,36059,491
rearing,36133,36059,36133,74
hunching,36165,36133,36165,32
grooming,36288,36165,36288,123
rearing,36393,36288,36393,105
stepping,36420,36393,36420,27
grooming,36434,36420,36434,14
rising,36499,36434,36499,65
grooming,36525,36499,36525,26
running,36552,36525,36552,27
stepping,36644,36552,36644,92
walking,36698,36644,36698,54
stepping,36756,36698,36756,58
rising,36902,36756,36902,146
stepping,36926,36902,36926,24
sniffing,37002,36926,37002,76
walking,37051,37002,37051,49
stepping,37128,37051,37128,77
walking,37182,37128,37182,54
grooming,37209,37182,37209,27
sniffing,37297,37209,37297,88
rising,37312,37297,37312,15
grooming,37313,37312,37313,1
rising,37327,37313,37327,14
climbing,37346,37327,37346,19
left_turning,37415,37346,37415,69
sniffing,37445,37415,37445,30
rising,37466,37445,37466,21
stepping,37515,37466,37515,49
rearing,37535,37515,37535,20
hunching,37619,37535,37619,84
rearing,37620,37619,37620,1
grooming,37741,37620,37741,121
sniffing,37755,37741,37755,14
rising,37781,37755,37781,26
right_turning,37816,37781,37816,35
stepping,37831,37816,37831,15
grooming,37871,37831,37871,40
left_turning,37939,37871,37939,68
walking,37983,37939,37983,44
sniffing,38061,37983,38061,78
grooming,38142,38061,38142,81
sniffing,38143,38142,38143,1
stepping,38150,38143,38150,7
walking,38151,38150,38151,1
stepping,38186,38151,38186,35
sniffing,38237,38186,38237,51
grooming,38238,38237,38238,1
sniffing,38239,38238,38239,1
rearing,38259,38239,38259,20
grooming,38334,38259,38334,75
stepping,38391,38334,38391,57
rearing,38421,38391,38421,30
grooming,38454,38421,38454,33
rearing,38472,38454,38472,18
grooming,38575,38472,38575,103
sniffing,38668,38575,38668,93
climbing,38721,38668,38721,53
grooming,38835,38721,38835,114
stepping,38879,38835,38879,44
sniffing,38928,38879,38928,49
climbing,38980,38928,38980,52
rising,39017,38980,39017,37
climbing,39089,39017,39089,72
grooming,39215,39089,39215,126
sniffing,39293,39215,39293,78
stepping,39300,39293,39300,7
sniffing,39356,39300,39356,56
grooming,39379,39356,39379,23
stepping,39440,39379,39440,61
walking,39459,39440,39459,19
rising,39545,39459,39545,86
sniffing,39674,39545,39674,129
right_turning,39675,39674,39675,1
trotting,39726,39675,39726,51
stepping,39756,39726,39756,30
sniffing,39761,39756,39761,5
walking,39790,39761,39790,29
stepping,39803,39790,39803,13
left_turning,39873,39803,39873,70
walking,39914,39873,39914,41
left_turning,39959,39914,39959,45
stepping,40024,39959,40024,65
climbing,40025,40024,40025,1
sniffing,40091,40025,40091,66
walking,40224,40091,40224,133
rising,40253,40224,40253,29
left_turning,40283,40253,40283,30
sniffing,40315,40283,40315,32
rising,40316,40315,40316,1
sniffing,40334,40316,40334,18
rearing,40349,40334,40349,15
rising,40350,40349,40350,1
stepping,40378,40350,40378,28
rearing,40406,40378,40406,28
grooming,40544,40406,40544,138
stepping,40580,40544,40580,36
climbing,40591,40580,40591,11
rearing,40635,40591,40635,44
sniffing,40736,40635,40736,101
rising,40839,40736,40839,103
sniffing,40912,40839,40912,73
grooming,41056,40912,41056,144
rearing,41122,41056,41122,66
sniffing,41223,41122,41223,101
rearing,41224,41223,41224,1
jumping,41312,41224,41312,88
right_turning,41368,41312,41368,56
stepping,41383,41368,41383,15
walking,41384,41383,41384,1
stepping,41392,41384,41392,8
climbing,41556,41392,41556,164
stepping,41575,41556,41575,19
grooming,41658,41575,41658,83
stepping,41715,41658,41715,57
sniffing,41731,41715,41731,16
rearing,41772,41731,41772,41
grooming,41870,41772,41870,98
hunching,41871,41870,41871,1
left_turning,41908,41871,41908,37
walking,41959,41908,41959,51
sniffing,42025,41959,42025,66
walking,42093,42025,42093,68
running,42107,42093,42107,14
stepping,42116,42107,42116,9
walking,42128,42116,42128,12
sniffing,42207,42128,42207,79
rising,42225,42207,42225,18
sniffing,42264,42225,42264,39
climbing,42351,42264,42351,87
walking,42399,42351,42399,48
trotting,42401,42399,42401,2
walking,42464,42401,42464,63
sniffing,42485,42464,42485,21
left_turning,42517,42485,42517,32
stepping,42541,42517,42541,24
walking,42597,42541,42597,56
sniffing,42614,42597,42614,17
rising,42700,42614,42700,86
stepping,42717,42700,42717,17
rising,42821,42717,42821,104
grooming,42822,42821,42822,1
left_turning,42833,42822,42833,11
sniffing,43028,42833,43028,195
stepping,43029,43028,43029,1
sniffing,43102,43029,43102,73
rising,43149,43102,43149,47
rearing,43191,43149,43191,42
grooming,43192,43191,43192,1
walking,43193,43192,43193,1
sniffing,43319,43193,43319,126
grooming,43397,43319,43397,78
stepping,43452,43397,43452,55
sniffing,43453,43452,43453,1
stepping,43474,43453,43474,21
rearing,43535,43474,43535,61
grooming,43536,43535,43536,1
rising,43537,43536,43537,1
grooming,43661,43537,43661,124
rising,43724,43661,43724,63
rearing,43762,43724,43762,38
grooming,43763,43762,43763,1
right_turning,43801,43763,43801,38
walking,43859,43801,43859,58
grooming,44031,43859,44031,172
sniffing,44120,44031,44120,89
right_turning,44134,44120,44134,14
sniffing,44190,44134,44190,56
walking,44252,44190,44252,62
sniffing,44265,44252,44265,13
rising,44282,44265,44282,17
sniffing,44309,44282,44309,27
grooming,44505,44309,44505,196
climbing,44506,44505,44506,1
left_turning,44522,44506,44522,16
rearing,44523,44522,44523,1
stepping,44546,44523,44546,23
walking,44625,44546,44625,79
sniffing,44636,44625,44636,11
stepping,44705,44636,44705,69
grooming,44706,44705,44706,1
rearing,44711,44706,44711,5
grooming,44762,44711,44762,51
left_turning,44867,44762,44867,105
hunching,44911,44867,44911,44
sniffing,44912,44911,44912,1
left_turning,44934,44912,44934,22
rising,44973,44934,44973,39
sniffing,45172,44973,45172,199
walking,45238,45172,45238,66
sniffing,45317,45238,45317,79
hunching,45364,45317,45364,47
walking,45366,45364,45366,2
trotting,45432,45366,45432,66
rising,45516,45432,45516,84
rearing,45609,45516,45609,93
grooming,45690,45609,45690,81
stepping,45711,45690,45711,21
sniffing,45760,45711,45760,49
rising,45804,45760,45804,44
rearing,45838,45804,45838,34
climbing,45863,45838,45863,25
rearing,45911,45863,45911,48
climbing,46003,45911,46003,92
grooming,46388,46003,46388,385
climbing,46442,46388,46442,54
trotting,46469,46442,46469,27
sniffing,46572,46469,46572,103
stepping,46573,46572,46573,1
sniffing,46606,46573,46606,33
walking,46614,46606,46614,8
rearing,46674,46614,46674,60
climbing,46704,46674,46704,30
running,46745,46704,46745,41
sniffing,46760,46745,46760,15
walking,46762,46760,46762,2
sniffing,46820,46762,46820,58
right_turning,46852,46820,46852,32
left_turning,46859,46852,46859,7
rising,46860,46859,46860,1
sniffing,46933,46860,46933,73
left_turning,46978,46933,46978,45
walking,47025,46978,47025,47
sniffing,47104,47025,47104,79
walking,47180,47104,47180,76
stepping,47181,47180,47181,1
grooming,47394,47181,47394,213
hunching,47437,47394,47437,43
grooming,47508,47437,47508,71
stepping,47567,47508,47567,59
rearing,47568,47567,47568,1
grooming,47569,47568,47569,1
rearing,47612,47569,47612,43
rising,47613,47612,47613,1
walking,47643,47613,47643,30
rising,47644,47643,47644,1
grooming,47664,47644,47664,20
left_turning,47692,47664,47692,28
climbing,47696,47692,47696,4
sniffing,47722,47696,47722,26
rising,47723,47722,47723,1
grooming,47885,47723,47885,162
hunching,47892,47885,47892,7
grooming,47893,47892,47893,1
hunching,47919,47893,47919,26
grooming,47948,47919,47948,29
rising,47949,47948,47949,1
grooming,47950,47949,47950,1
sniffing,47976,47950,47976,26
rising,47998,47976,47998,22
grooming,48004,47998,48004,6
running,48049,48004,48049,45
rising,48058,48049,48058,9
stepping,48059,48058,48059,1
right_turning,48067,48059,48067,8
sniffing,48146,48067,48146,79
walking,48170,48146,48170,24
sniffing,48235,48170,48235,65
rising,48323,48235,48323,88
climbing,48368,48323,48368,45
grooming,48412,48368,48412,44
hunching,48480,48412,48480,68
grooming,48637,48480,48637,157
trotting,48674,48637,48674,37
rearing,48739,48674,48739,65
grooming,48781,48739,48781,42
climbing,48782,48781,48782,1
grooming,48926,48782,48926,144
rearing,49034,48926,49034,108
grooming,49139,49034,49139,105
walking,49163,49139,49163,24
sniffing,49164,49163,49164,1
rising,49230,49164,49230,66
left_turning,49281,49230,49281,51
walking,49337,49281,49337,56
running,49387,49337,49387,50
sniffing,49392,49387,49392,5
rising,49406,49392,49406,14
stepping,49430,49406,49430,24
left_turning,49464,49430,49464,34
rearing,49523,49464,49523,59
hunching,49526,49523,49526,3
grooming,49740,49526,49740,214
sniffing,49829,49740,49829,89
walking,49830,49829,49830,1
stepping,49897,49830,49897,67
sniffing,49898,49897,49898,1
walking,49918,49898,49918,20
climbing,49961,49918,49961,43
grooming,49962,49961,49962,1
rearing,49963,49962,49963,1
climbing,50004,49963,50004,41
walking,50005,50004,50005,1
stepping,50050,50005,50050,45
walking,50121,50050,50121,71
right_turning,50132,50121,50132,11
walking,50165,50132,50165,33
sniffing,50239,50165,50239,74
walking,50283,50239,50283,44
stepping,50348,50283,50348,65
sniffing,50349,50348,50349,1
rising,50400,50349,50400,51
rearing,50504,50400,50504,104
grooming,50858,50504,50858,354
rising,50859,50858,50859,1
rearing,50961,50859,50961,102
rising,50962,50961,50962,1
rearing,50963,50962,50963,1
walking,50997,50963,50997,34
sniffing,51020,50997,51020,23
rearing,51076,51020,51076,56
stepping,51102,51076,51102,26
sniffing,51103,51102,51103,1
walking,51111,51103,51111,8
right_turning,51174,51111,51174,63
sniffing,51283,51174,51283,109
left_turning,51330,51283,51330,47
sniffing,51456,51330,51456,126
grooming,51472,51456,51472,16
left_turning,51485,51472,51485,13
grooming,51768,51485,51768,283
rearing,51881,51768,51881,113
trotting,51898,51881,51898,17
sniffing,52009,51898,52009,111
stepping,52048,52009,52048,39
rearing,52049,52048,52049,1
walking,52088,52049,52088,39
stepping,52103,52088,52103,15
grooming,52187,52103,52187,84
rising,52210,52187,52210,23
grooming,52545,52210,52545,335
sniffing,52599,52545,52599,54
running,52669,52599,52669,70
walking,52670,52669,52670,1
sniffing,52671,52670,52671,1
walking,52771,52671,52771,100
sniffing,52793,52771,52793,22
left_turning,52826,52793,52826,33
sniffing,52975,52826,52975,149
rising,53099,52975,53099,124
sniffing,53193,53099,53193,94
rising,53199,53193,53199,6
grooming,53496,53199,53496,297
stepping,53526,53496,53526,30
rising,53556,53526,53556,30
grooming,53708,53556,53708,152
left_turning,53783,53708,53783,75
walking,53822,53783,53822,39
left_turning,53856,53822,53856,34
walking,53870,53856,53870,14
sniffing,53979,53870,53979,109
running,54011,53979,54011,32
stepping,54086,54011,54086,75
grooming,54087,54086,54087,1
hunching,54148,54087,54148,61
grooming,54270,54148,54270,122
stepping,54308,54270,54308,38
walking,54361,54308,54361,53
stepping,54385,54361,54385,24
walking,54405,54385,54405,20
sniffing,54460,54405,54460,55
walking,54462,54460,54462,2
sniffing,54463,54462,54463,1
rearing,54488,54463,54488,25
climbing,54534,54488,54534,46
right_turning,54572,54534,54572,38
sniffing,54775,54572,54775,203
stepping,54791,54775,54791,16
walking,54792,54791,54792,1
stepping,54810,54792,54810,18
grooming,54811,54810,54811,1
sniffing,54852,54811,54852,41
rearing,54931,54852,54931,79
walking,54979,54931,54979,48
left_turning,54980,54979,54980,1
walking,54981,54980,54981,1
stepping,54988,54981,54988,7
sniffing,55012,54988,55012,24
scratching,55013,55012,55013,1
sniffing,55046,55013,55046,33
grooming,55144,55046,55144,98
scratching,55145,55144,55145,1
left_turning,55191,55145,55191,46
walking,55261,55191,55261,70
sniffing,55328,55261,55328,67
stepping,55358,55328,55358,30
climbing,55395,55358,55395,37
running,55437,55395,55437,42
stepping,55455,55437,55455,18
sniffing,55551,55455,55551,96
hunching,55571,55551,55571,20
rearing,55638,55571,55638,67
hunching,55639,55638,55639,1
scratching,55640,55639,55640,1
grooming,55800,55640,55800,160
climbing,55801,55800,55801,1
left_turning,55880,55801,55880,79
walking,55902,55880,55902,22
rising,55955,55902,55955,53
sniffing,55984,55955,55984,29
grooming,56084,55984,56084,100
rising,56085,56084,56085,1
climbing,56091,56085,56091,6
running,56133,56091,56133,42
rising,56160,56133,56160,27
climbing,56243,56160,56243,83
running,56278,56243,56278,35
walking,56368,56278,56368,90
sniffing,56434,56368,56434,66
stepping,56486,56434,56486,52
climbing,56551,56486,56551,65
rearing,56638,56551,56638,87
left_turning,56639,56638,56639,1
walking,56653,56639,56653,14
trotting,56676,56653,56676,23
rearing,56754,56676,56754,78
left_turning,56776,56754,56776,22
sniffing,56833,56776,56833,57
climbing,56907,56833,56907,74
stepping,56952,56907,56952,45
sniffing,56995,56952,56995,43
walking,57022,56995,57022,27
sniffing,57023,57022,57023,1
grooming,57024,57023,57024,1
rising,57074,57024,57074,50
climbing,57156,57074,57156,82
running,57172,57156,57172,16
sniffing,57173,57172,57173,1
left_turning,57203,57173,57203,30
grooming,57218,57203,57218,15
walking,57248,57218,57248,30
sniffing,57249,57248,57249,1
walking,57291,57249,57291,42
sniffing,57292,57291,57292,1
rising,57392,57292,57392,100
stepping,57415,57392,57415,23
walking,57427,57415,57427,12
left_turning,57462,57427,57462,35
running,57509,57462,57509,47
walking,57513,57509,57513,4
stepping,57514,57513,57514,1
rearing,57614,57514,57614,100
climbing,57626,57614,57626,12
walking,57697,57626,57697,71
sniffing,57733,57697,57733,36
rearing,57796,57733,57796,63
stepping,57825,57796,57825,29
sniffing,57922,57825,57922,97
walking,57979,57922,57979,57
trotting,57993,57979,57993,14
sniffing,58091,57993,58091,98
rearing,58137,58091,58137,46
rising,58178,58137,58178,41
grooming,58320,58178,58320,142
hunching,58321,58320,58321,1
grooming,58443,58321,58443,122
rearing,58471,58443,58471,28
climbing,58583,58471,58583,112
rearing,58598,58583,58598,15
climbing,58602,58598,58602,4
stepping,58630,58602,58630,28
walking,58642,58630,58642,12
sniffing,58643,58642,58643,1
walking,58741,58643,58741,98
left_turning,58793,58741,58793,52
rising,58794,58793,58794,1
sniffing,58823,58794,58823,29
stepping,58852,58823,58852,29
sniffing,58863,58852,58863,11
rearing,58987,58863,58987,124
grooming,59049,58987,59049,62
hunching,59128,59049,59128,79
grooming,59226,59128,59226,98
sniffing,59254,59226,59254,28
walking,59255,59254,59255,1
trotting,59273,59255,59273,18
sniffing,59342,59273,59342,69
rising,59382,59342,59382,40
stepping,59412,59382,59412,30
rearing,59647,59412,59647,235
hunching,59685,59647,59685,38
grooming,59774,59685,59774,89
climbing,59775,59774,59775,1
walking,59838,59775,59838,63
sniffing,59878,59838,59878,40
left_turning,59937,59878,59937,59
sniffing,60025,59937,60025,88
walking,60081,60025,60081,56
climbing,60082,60081,60082,1
left_turning,60139,60082,60139,57
trotting,60182,60139,60182,43
stepping,60221,60182,60221,39
rearing,60242,60221,60242,21
hunching,60325,60242,60325,83
grooming,60326,60325,60326,1
sniffing,60340,60326,60340,14
left_turning,60393,60340,60393,53
running,60405,60393,60405,12
sniffing,60521,60405,60521,116
rearing,60545,60521,60545,24
climbing,60558,60545,60558,13
trotting,60588,60558,60588,30
rising,60690,60588,60690,102
sniffing,60737,60690,60737,47
left_turning,60748,60737,60748,11
grooming,60810,60748,60810,62
rearing,60822,60810,60822,12
grooming,60823,60822,60823,1
sniffing,60949,60823,60949,126
stepping,60983,60949,60983,34
right_turning,60984,60983,60984,1
stepping,61064,60984,61064,80
sniffing,61070,61064,61070,6
rearing,61134,61070,61134,64
grooming,61172,61134,61172,38
left_turning,61251,61172,61251,79
sniffing,61304,61251,61304,53
hunching,61446,61304,61446,142
grooming,61447,61446,61447,1
hunching,61492,61447,61492,45
rearing,61625,61492,61625,133
hunching,61626,61625,61626,1
grooming,62023,61626,62023,397
scratching,62024,62023,62024,1
sniffing,62046,62024,62046,22
rising,62094,62046,62094,48
climbing,62096,62094,62096,2
rising,62158,62096,62158,62
walking,62196,62158,62196,38
sniffing,62282,62196,62282,86
grooming,62302,62282,62302,20
rearing,62384,62302,62384,82
walking,62385,62384,62385,1
stepping,62452,62385,62452,67
sniffing,62581,62452,62581,129
grooming,63215,62581,63215,634
rising,63236,63215,63236,21
climbing,63393,63236,63393,157
rising,63395,63393,63395,2
hunching,63500,63395,63500,105
left_turning,63514,63500,63514,14
walking,63596,63514,63596,82
sniffing,63665,63596,63665,69
stepping,63694,63665,63694,29
climbing,63774,63694,63774,80
trotting,63807,63774,63807,33
walking,63808,63807,63808,1
stepping,63851,63808,63851,43
rearing,63870,63851,63870,19
rising,63886,63870,63886,16
sniffing,63890,63886,63890,4
grooming,63891,63890,63891,1
sniffing,63938,63891,63938,47
rising,63970,63938,63970,32
climbing,64038,63970,64038,68
left_turning,64076,64038,64076,38
walking,64077,64076,64077,1
running,64078,64077,64078,1
walking,64138,64078,64138,60
sniffing,64186,64138,64186,48
walking,64226,64186,64226,40
sniffing,64309,64226,64309,83
walking,64311,64309,64311,2
stepping,64362,64311,64362,51
climbing,64488,64362,64488,126
rearing,64543,64488,64543,55
grooming,64747,64543,64747,204
stepping,64773,64747,64773,26
walking,64837,64773,64837,64
trotting,64911,64837,64911,74
walking,64955,64911,64955,44
sniffing,65050,64955,65050,95
right_turning,65063,65050,65063,13
walking,65078,65063,65078,15
left_turning,65098,65078,65098,20
walking,65132,65098,65132,34
sniffing,65213,65132,65213,81
running,65260,65213,65260,47
rising,65280,65260,65280,20
grooming,65533,65280,65533,253
sniffing,65571,65533,65571,38
rising,65572,65571,65572,1
rearing,65573,65572,65573,1
grooming,65627,65573,65627,54
walking,65628,65627,65628,1
rising,65636,65628,65636,8
sniffing,65679,65636,65679,43
rising,65712,65679,65712,33
rearing,65789,65712,65789,77
hunching,65790,65789,65790,1
rising,65831,65790,65831,41
climbing,65832,65831,65832,1
rearing,65903,65832,65903,71
grooming,66048,65903,66048,145
sniffing,66186,66048,66186,138
trotting,66197,66186,66197,11
walking,66259,66197,66259,62
sniffing,66401,66259,66401,142
walking,66418,66401,66418,17
sniffing,66419,66418,66419,1
stepping,66472,66419,66472,53
rising,66480,66472,66480,8
right_turning,66487,66480,66487,7
sniffing,66488,66487,66488,1
trotting,66535,66488,66535,47
sniffing,66606,66535,66606,71
stepping,66647,66606,66647,41
rising,66648,66647,66648,1
right_turning,66675,66648,66675,27
walking,66757,66675,66757,82
rising,66758,66757,66758,1
rearing,66812,66758,66812,54
climbing,66843,66812,66843,31
walking,66851,66843,66851,8
right_turning,66873,66851,66873,22
climbing,66953,66873,66953,80
left_turning,66955,66953,66955,2
walking,67021,66955,67021,66
sniffing,67022,67021,67022,1
rising,67059,67022,67059,37
climbing,67060,67059,67060,1
walking,67098,67060,67098,38
sniffing,67166,67098,67166,68
rising,67207,67166,67207,41
stepping,67235,67207,67235,28
sniffing,67243,67235,67243,8
rising,67244,67243,67244,1
grooming,67431,67244,67431,187
left_turning,67463,67431,67463,32
sniffing,67562,67463,67562,99
stepping,67615,67562,67615,53
sniffing,67813,67615,67813,198
rising,67903,67813,67903,90
climbing,67978,67903,67978,75
rising,67996,67978,67996,18
rearing,67997,67996,67997,1
grooming,67998,67997,67998,1
rearing,68083,67998,68083,85
rising,68118,68083,68118,35
rearing,68119,68118,68119,1
grooming,68437,68119,68437,318
sniffing,68516,68437,68516,79
left_turning,68554,68516,68554,38
trotting,68555,68554,68555,1
walking,68615,68555,68615,60
sniffing,68675,68615,68675,60
grooming,68676,68675,68676,1
scratching,68677,68676,68677,1
sniffing,68694,68677,68694,17
left_turning,68710,68694,68710,16
grooming,68875,68710,68875,165
trotting,68940,68875,68940,65
walking,69031,68940,69031,91
running,69058,69031,69058,27
rising,69114,69058,69114,56
grooming,69295,69114,69295,181
left_turning,69297,69295,69297,2
rearing,69313,69297,69313,16
sniffing,69314,69313,69314,1
walking,69330,69314,69330,16
sniffing,69344,69330,69344,14
stepping,69372,69344,69372,28
sniffing,69373,69372,69373,1
walking,69402,69373,69402,29
sniffing,69459,69402,69459,57
stepping,69513,69459,69513,54
sniffing,69631,69513,69631,118
rising,69672,69631,69672,41
sniffing,69699,69672,69699,27
climbing,69714,69699,69714,15
sniffing,69715,69714,69715,1
stepping,69744,69715,69744,29
sniffing,69745,69744,69745,1
rising,69763,69745,69763,18
grooming,69921,69763,69921,158
climbing,69922,69921,69922,1
left_turning,69971,69922,69971,49
rising,70012,69971,70012,41
walking,70082,70012,70082,70
stepping,70096,70082,70096,14
grooming,70146,70096,70146,50
rearing,70154,70146,70154,8
grooming,70155,70154,70155,1
stepping,70201,70155,70201,46
walking,70261,70201,70261,60
sniffing,70358,70261,70358,97
running,70364,70358,70364,6
sniffing,70369,70364,70369,5
rising,70449,70369,70449,80
climbing,70518,70449,70518,69
right_turning,70536,70518,70536,18
walking,70537,70536,70537,1
stepping,70538,70537,70538,1
walking,70610,70538,70610,72
sniffing,70649,70610,70649,39
rearing,70652,70649,70652,3
sniffing,70688,70652,70688,36
left_turning,70699,70688,70699,11
walking,70700,70699,70700,1
stepping,70760,70700,70760,60
sniffing,70934,70760,70934,174
stepping,70995,70934,70995,61
rising,71047,70995,71047,52
stepping,71144,71047,71144,97
sniffing,71179,71144,71179,35
left_turning,71180,71179,71180,1
climbing,71302,71180,71302,122
grooming,71353,71302,71353,51
rearing,71433,71353,71433,80
stepping,71515,71433,71515,82
rising,71537,71515,71537,22
rearing,71560,71537,71560,23
climbing,71594,71560,71594,34
rising,71672,71594,71672,78
grooming,71733,71672,71733,61
rising,71734,71733,71734,1
grooming,71870,71734,71870,136
trotting,71908,71870,71908,38
rising,71947,71908,71947,39
hunching,71987,71947,71987,40
rearing,71988,71987,71988,1
grooming,72006,71988,72006,18
rearing,72057,72006,72057,51
sniffing,72116,72057,72116,59
stepping,72156,72116,72156,40
sniffing,72162,72156,72162,6
grooming,72324,72162,72324,162
rising,72325,72324,72325,1
rearing,72420,72325,72420,95
grooming,72421,72420,72421,1
rising,72422,72421,72422,1
trotting,72477,72422,72477,55
stepping,72568,72477,72568,91
walking,72594,72568,72594,26
right_turning,72627,72594,72627,33
rising,72654,72627,72654,27
climbing,72677,72654,72677,23
trotting,72709,72677,72709,32
walking,72770,72709,72770,61
climbing,72827,72770,72827,57
sniffing,72844,72827,72844,17
stepping,72922,72844,72922,78
sniffing,72945,72922,72945,23
stepping,72958,72945,72958,13
sniffing,73086,72958,73086,128
stepping,73090,73086,73090,4
walking,73143,73090,73143,53
sniffing,73316,73143,73316,173
rearing,73374,73316,73374,58
grooming,73375,73374,73375,1
running,73404,73375,73404,29
trotting,73421,73404,73421,17
stepping,73422,73421,73422,1
sniffing,73536,73422,73536,114
grooming,73537,73536,73537,1
hunching,73638,73537,73638,101
rearing,73639,73638,73639,1
hunching,73737,73639,73737,98
grooming,73950,73737,73950,213
rearing,74103,73950,74103,153
climbing,74108,74103,74108,5
grooming,74239,74108,74239,131
rearing,74294,74239,74294,55
stepping,74366,74294,74366,72
sniffing,74448,74366,74448,82
left_turning,74528,74448,74528,80
rising,74560,74528,74560,32
grooming,74789,74560,74789,229
climbing,74812,74789,74812,23
sniffing,74901,74812,74901,89
walking,74902,74901,74902,1
running,74924,74902,74924,22
trotting,74978,74924,74978,54
walking,75018,74978,75018,40
sniffing,75102,75018,75102,84
hunching,75112,75102,75112,10
sniffing,75175,75112,75175,63
walking,75176,75175,75176,1
sniffing,75182,75176,75182,6
climbing,75198,75182,75198,16
stepping,75199,75198,75199,1
sniffing,75200,75199,75200,1
stepping,75252,75200,75252,52
running,75266,75252,75266,14
stepping,75267,75266,75267,1
rearing,75285,75267,75285,18
walking,75332,75285,75332,47
climbing,75522,75332,75522,190
grooming,75699,75522,75699,177
walking,75712,75699,75712,13
left_turning,75734,75712,75734,22
trotting,75781,75734,75781,47
stepping,75837,75781,75837,56
left_turning,75870,75837,75870,33
walking,75903,75870,75903,33
sniffing,75904,75903,75904,1
stepping,75924,75904,75924,20
sniffing,75981,75924,75981,57
walking,75994,75981,75994,13
trotting,76028,75994,76028,34
stepping,76058,76028,76058,30
walking,76148,76058,76148,90
stepping,76192,76148,76192,44
grooming,76525,76192,76525,333
hunching,76619,76525,76619,94
left_turning,76661,76619,76661,42
sniffing,76769,76661,76769,108
walking,76770,76769,76770,1
running,76796,76770,76796,26
walking,76797,76796,76797,1
sniffing,76798,76797,76798,1
stepping,76808,76798,76808,10
walking,76810,76808,76810,2
grooming,76849,76810,76849,39
scratching,76850,76849,76850,1
grooming,76851,76850,76851,1
left_turning,76887,76851,76887,36
grooming,77101,76887,77101,214
rearing,77169,77101,77169,68
climbing,77173,77169,77173,4
rearing,77254,77173,77254,81
grooming,77255,77254,77255,1
left_turning,77321,77255,77321,66
sniffing,77375,77321,77375,54
grooming,77428,77375,77428,53
rearing,77455,77428,77455,27
climbing,77456,77455,77456,1
sniffing,77549,77456,77549,93
rising,77613,77549,77613,64
grooming,77885,77613,77885,272
sniffing,77932,77885,77932,47
stepping,77958,77932,77958,26
walking,78021,77958,78021,63
sniffing,78214,78021,78214,193
walking,78219,78214,78219,5
sniffing,78220,78219,78220,1
left_turning,78221,78220,78221,1
trotting,78278,78221,78278,57
walking,78292,78278,78292,14
stepping,78357,78292,78357,65
sniffing,78368,78357,78368,11
walking,78443,78368,78443,75
stepping,78508,78443,78508,65
right_turning,78543,78508,78543,35
walking,78585,78543,78585,42
sniffing,78586,78585,78586,1
left_turning,78622,78586,78622,36
sniffing,78623,78622,78623,1
rearing,78624,78623,78624,1
grooming,78625,78624,78625,1
sniffing,78869,78625,78869,244
left_turning,78892,78869,78892,23
stepping,78957,78892,78957,65
sniffing,79094,78957,79094,137
grooming,79216,79094,79216,122
climbing,79233,79216,79233,17
left_turning,79243,79233,79243,10
sniffing,79392,79243,79392,149
stepping,79444,79392,79444,52
walking,79466,79444,79466,22
trotting,79471,79466,79471,5
walking,79526,79471,79526,55
sniffing,79647,79526,79647,121
rising,79700,79647,79700,53
rearing,79701,79700,79701,1
climbing,79881,79701,79881,180
trotting,79889,79881,79889,8
sniffing,79981,79889,79981,92
walking,80033,79981,80033,52
running,80072,80033,80072,39
sniffing,80185,80072,80185,113
walking,80234,80185,80234,49
sniffing,80244,80234,80244,10
walking,80256,80244,80256,12
stepping,80257,80256,80257,1
rising,80262,80257,80262,5
climbing,80367,80262,80367,105
rising,80384,80367,80384,17
sniffing,80449,80384,80449,65
walking,80492,80449,80492,43
hunching,80519,80492,80519,27
climbing,80544,80519,80544,25
rearing,80575,80544,80575,31
sniffing,80702,80575,80702,127
walking,80705,80702,80705,3
right_turning,80712,80705,80712,7
sniffing,80726,80712,80726,14
right_turning,80749,80726,80749,23
stepping,80826,80749,80826,77
walking,80829,80826,80829,3
sniffing,80902,80829,80902,73
stepping,81006,80902,81006,104
sniffing,81102,81006,81102,96
walking,81103,81102,81103,1
stepping,81147,81103,81147,44
sniffing,81189,81147,81189,42
rearing,81246,81189,81246,57
grooming,81266,81246,81266,20
rearing,81335,81266,81335,69
grooming,81371,81335,81371,36
sniffing,81531,81371,81531,160
grooming,81855,81531,81855,324
left_turning,81856,81855,81856,1
grooming,81857,81856,81857,1
sniffing,81876,81857,81876,19
walking,81944,81876,81944,68
climbing,81997,81944,81997,53
left_turning,81998,81997,81998,1
walking,82037,81998,82037,39
running,82074,82037,82074,37
rearing,82091,82074,82091,17
climbing,82158,82091,82158,67
left_turning,82165,82158,82165,7
walking,82241,82165,82241,76
rearing,82282,82241,82282,41
sniffing,82432,82282,82432,150
grooming,82989,82432,82989,557
rearing,83118,82989,83118,129
grooming,83189,83118,83189,71
sniffing,83285,83189,83285,96
grooming,83749,83285,83749,464
rising,83750,83749,83750,1
grooming,84210,83750,84210,460
trotting,84225,84210,84225,15
running,84235,84225,84235,10
walking,84236,84235,84236,1
rising,84255,84236,84255,19
sniffing,84368,84255,84368,113
walking,84412,84368,84412,44
stepping,84417,84412,84417,5
walking,84495,84417,84495,78
sniffing,84610,84495,84610,115
stepping,84651,84610,84651,41
sniffing,84861,84651,84861,210
right_turning,84914,84861,84914,53
walking,84954,84914,84954,40
rising,85029,84954,85029,75
climbing,85098,85029,85098,69
grooming,85321,85098,85321,223
climbing,85372,85321,85372,51
left_turning,85404,85372,85404,32
running,85431,85404,85431,27
stepping,85482,85431,85482,51
sniffing,85532,85482,85532,50
left_turning,85539,85532,85539,7
sniffing,85540,85539,85540,1
rising,85549,85540,85549,9
stepping,85592,85549,85592,43
walking,85644,85592,85644,52
trotting,85690,85644,85690,46
walking,85744,85690,85744,54
sniffing,85869,85744,85869,125
rising,85870,85869,85870,1
stepping,85876,85870,85876,6
sniffing,85877,85876,85877,1
running,85917,85877,85917,40
trotting,85969,85917,85969,52
walking,86018,85969,86018,49
stepping,86072,86018,86072,54
rearing,86110,86072,86110,38
sniffing,86272,86110,86272,162
stepping,86343,86272,86343,71
sniffing,86344,86343,86344,1
rearing,86345,86344,86345,1
right_turning,86360,86345,86360,15
sniffing,86395,86360,86395,35
trotting,86455,86395,86455,60
sniffing,86456,86455,86456,1
walking,86504,86456,86504,48
trotting,86521,86504,86521,17
sniffing,86542,86521,86542,21
rearing,86566,86542,86566,24
grooming,86975,86566,86975,409
sniffing,87027,86975,87027,52
rising,87066,87027,87066,39
climbing,87067,87066,87067,1
rearing,87068,87067,87068,1
stepping,87081,87068,87081,13
left_turning,87114,87081,87114,33
sniffing,87217,87114,87217,103
rearing,87218,87217,87218,1
hunching,87219,87218,87219,1
rising,87291,87219,87291,72
grooming,87670,87291,87670,379
sniffing,87772,87670,87772,102
stepping,87787,87772,87787,15
sniffing,87878,87787,87878,91
walking,87914,87878,87914,36
sniffing,87915,87914,87915,1
walking,88006,87915,88006,91
stepping,88088,88006,88088,82
right_turning,88089,88088,88089,1
stepping,88132,88089,88132,43
rising,88213,88132,88213,81
rearing,88264,88213,88264,51
sniffing,88434,88264,88434,170
stepping,88492,88434,88492,58
running,88517,88492,88517,25
stepping,88557,88517,88557,40
walking,88601,88557,88601,44
sniffing,88651,88601,88651,50
rising,88652,88651,88652,1
grooming,88911,88652,88911,259
stepping,88924,88911,88924,13
rising,88925,88924,88925,1
climbing,88926,88925,88926,1
right_turning,88927,88926,88927,1
stepping,88960,88927,88960,33
sniffing,89143,88960,89143,183
left_turning,89191,89143,89191,48
stepping,89223,89191,89223,32
climbing,89346,89223,89346,123
rising,89347,89346,89347,1
sniffing,89348,89347,89348,1
grooming,89541,89348,89541,193
sniffing,89600,89541,89600,59
scratching,89601,89600,89601,1
grooming,89622,89601,89622,21
rising,89658,89622,89658,36
left_turning,89724,89658,89724,66
sniffing,89725,89724,89725,1
left_turning,89787,89725,89787,62
climbing,89798,89787,89798,11
walking,89823,89798,89823,25
sniffing,90049,89823,90049,226
walking,90105,90049,90105,56
stepping,90118,90105,90118,13
running,90138,90118,90138,20
walking,90171,90138,90171,33
sniffing,90333,90171,90333,162
stepping,90365,90333,90365,32
sniffing,90366,90365,90366,1
climbing,90380,90366,90380,14
stepping,90414,90380,90414,34
walking,90474,90414,90474,60
trotting,90500,90474,90500,26
walking,90544,90500,90544,44
sniffing,90547,90544,90547,3
rising,90560,90547,90560,13
rearing,90561,90560,90561,1
grooming,90562,90561,90562,1
rising,90634,90562,90634,72
rearing,90648,90634,90648,14
grooming,90649,90648,90649,1
climbing,90666,90649,90666,17
grooming,90706,90666,90706,40
walking,90771,90706,90771,65
hunching,90822,90771,90822,51
walking,90902,90822,90902,80
trotting,90935,90902,90935,33
walking,91004,90935,91004,69
left_turning,91005,91004,91005,1
rearing,91161,91005,91161,156
rising,91162,91161,91162,1
climbing,91208,91162,91208,46
stepping,91227,91208,91227,19
climbing,91331,91227,91331,104
grooming,91392,91331,91392,61
left_turning,91474,91392,91474,82
sniffing,91563,91474,91563,89
stepping,91564,91563,91564,1
sniffing,91595,91564,91595,31
rising,91646,91595,91646,51
sniffing,91773,91646,91773,127
trotting,91810,91773,91810,37
walking,91811,91810,91811,1
sniffing,91843,91811,91843,32
rearing,91844,91843,91844,1
climbing,91876,91844,91876,32
grooming,91970,91876,91970,94
rising,92047,91970,92047,77
climbing,92080,92047,92080,33
grooming,92081,92080,92081,1
rearing,92120,92081,92120,39
trotting,92121,92120,92121,1
stepping,92182,92121,92182,61
walking,92265,92182,92265,83
sniffing,92378,92265,92378,113
left_turning,92393,92378,92393,15
stepping,92422,92393,92422,29
jumping,92445,92422,92445,23
stepping,92446,92445,92446,1
climbing,92449,92446,92449,3
stepping,92510,92449,92510,61
rising,92520,92510,92520,10
grooming,92521,92520,92521,1
sniffing,92522,92521,92522,1
walking,92581,92522,92581,59
sniffing,92607,92581,92607,26
stepping,92647,92607,92647,40
sniffing,92648,92647,92648,1
climbing,92687,92648,92687,39
trotting,92727,92687,92727,40
walking,92757,92727,92757,30
rearing,92808,92757,92808,51
grooming,92809,92808,92809,1
stepping,92810,92809,92810,1
rising,92892,92810,92892,82
climbing,93010,92892,93010,118
trotting,93049,93010,93049,39
stepping,93059,93049,93059,10
rearing,93209,93059,93209,150
grooming,93270,93209,93270,61
rearing,93306,93270,93306,36
grooming,93315,93306,93315,9
running,93349,93315,93349,34
walking,93440,93349,93440,91
rising,93497,93440,93497,57
rearing,93572,93497,93572,75
climbing,93594,93572,93594,22
rising,93744,93594,93744,150
sniffing,93864,93744,93864,120
trotting,93945,93864,93945,81
rearing,93946,93945,93946,1
hunching,93947,93946,93947,1
rearing,93954,93947,93954,7
grooming,94090,93954,94090,136
sniffing,94120,94090,94120,30
rising,94121,94120,94121,1
climbing,94167,94121,94167,46
grooming,94185,94167,94185,18
left_turning,94227,94185,94227,42
walking,94279,94227,94279,52
sniffing,94280,94279,94280,1
stepping,94326,94280,94326,46
right_turning,94348,94326,94348,22
sniffing,94383,94348,94383,35
rising,94454,94383,94454,71
stepping,94515,94454,94515,61
rising,94612,94515,94612,97
left_turning,94661,94612,94661,49
rearing,94770,94661,94770,109
sniffing,94970,94770,94970,200
left_turning,94976,94970,94976,6
sniffing,95049,94976,95049,73
stepping,95096,95049,95096,47
sniffing,95097,95096,95097,1
trotting,95118,95097,95118,21
walking,95155,95118,95155,37
sniffing,95266,95155,95266,111
trotting,95314,95266,95314,48
walking,95405,95314,95405,91
sniffing,95486,95405,95486,81
rising,95539,95486,95539,53
grooming,95540,95539,95540,1
sniffing,95736,95540,95736,196
rising,95769,95736,95769,33
sniffing,95803,95769,95803,34
stepping,95852,95803,95852,49
walking,95899,95852,95899,47
sniffing,95954,95899,95954,55
grooming,96099,95954,96099,145
rising,96162,96099,96162,63
grooming,96275,96162,96275,113
rearing,96317,96275,96317,42
grooming,96354,96317,96354,37
scratching,96355,96354,96355,1
sniffing,96403,96355,96403,48
climbing,96457,96403,96457,54
walking,96484,96457,96484,27
rising,96547,96484,96547,63
left_turning,96595,96547,96595,48
walking,96643,96595,96643,48
sniffing,96744,96643,96744,101
running,96783,96744,96783,39
climbing,96881,96783,96881,98
rearing,96897,96881,96897,16
grooming,96898,96897,96898,1
stepping,96937,96898,96937,39
sniffing,96983,96937,96983,46
rearing,96996,96983,96996,13
sniffing,97121,96996,97121,125
stepping,97137,97121,97137,16
sniffing,97196,97137,97196,59
left_turning,97214,97196,97214,18
stepping,97258,97214,97258,44
sniffing,97259,97258,97259,1
rising,97308,97259,97308,49
climbing,97309,97308,97309,1
stepping,97383,97309,97383,74
walking,97396,97383,97396,13
rising,97448,97396,97448,52
grooming,98727,97448,98727,1279
rearing,98845,98727,98845,118
stepping,98908,98845,98908,63
grooming,98909,98908,98909,1
rearing,98996,98909,98996,87
grooming,99232,98996,99232,236
left_turning,99303,99232,99303,71
stepping,99351,99303,99351,48
sniffing,99395,99351,99395,44
grooming,99396,99395,99396,1
hunching,99397,99396,99397,1
grooming,99398,99397,99398,1
climbing,99478,99398,99478,80
rearing,99584,99478,99584,106
stepping,99627,99584,99627,43
sniffing,99765,99627,99765,138
left_turning,99809,99765,99809,44
grooming,99999,99809,99999,190
climbing,100011,99999,100011,12
left_turning,100019,100011,100019,8
stepping,100057,100019,100057,38
sniffing,100143,100057,100143,86
left_turning,100144,100143,100144,1
rearing,100235,100144,100235,91
grooming,100332,100235,100332,97
hunching,100410,100332,100410,78
rearing,100411,100410,100411,1
grooming,100619,100411,100619,208
stepping,100701,100619,100701,82
right_turning,100743,100701,100743,42
climbing,100760,100743,100760,17
grooming,100993,100760,100993,233
left_turning,101039,100993,101039,46
grooming,101299,101039,101299,260
rearing,101354,101299,101354,55
right_turning,101400,101354,101400,46
trotting,101403,101400,101403,3
sniffing,101449,101403,101449,46
stepping,101450,101449,101450,1
sniffing,101451,101450,101451,1
grooming,101724,101451,101724,273
sniffing,101813,101724,101813,89
walking,101851,101813,101851,38
climbing,101852,101851,101852,1
grooming,101931,101852,101931,79
left_turning,101939,101931,101939,8
sniffing,101995,101939,101995,56
rising,102017,101995,102017,22
left_turning,102105,102017,102105,88
climbing,102193,102105,102193,88
left_turning,102241,102193,102241,48
walking,102300,102241,102300,59
sniffing,102301,102300,102301,1
stepping,102337,102301,102337,36
walking,102403,102337,102403,66
stepping,102478,102403,102478,75
rising,102479,102478,102479,1
rearing,102529,102479,102529,50
grooming,102712,102529,102712,183
hunching,102725,102712,102725,13
rearing,102726,102725,102726,1
climbing,102879,102726,102879,153
grooming,102880,102879,102880,1
left_turning,102930,102880,102930,50
grooming,103473,102930,103473,543
rearing,103520,103473,103520,47
rising,103588,103520,103588,68
hunching,103589,103588,103589,1
rearing,103660,103589,103660,71
hunching,103682,103660,103682,22
rearing,103683,103682,103683,1
grooming,103921,103683,103921,238
walking,103938,103921,103938,17
stepping,103990,103938,103990,52
jumping,103991,103990,103991,1
rearing,104254,103991,104254,263
grooming,104255,104254,104255,1
stepping,104260,104255,104260,5
sniffing,104283,104260,104283,23
grooming,104284,104283,104284,1
rearing,104452,104284,104452,168
stepping,104501,104452,104501,49
walking,104575,104501,104575,74
right_turning,104587,104575,104587,12
stepping,104680,104587,104680,93
sniffing,104788,104680,104788,108
stepping,104851,104788,104851,63
sniffing,104936,104851,104936,85
climbing,105024,104936,105024,88
running,105063,105024,105063,39
trotting,105088,105063,105088,25
walking,105168,105088,105168,80
sniffing,105341,105168,105341,173
walking,105345,105341,105345,4
sniffing,105450,105345,105450,105
walking,105508,105450,105508,58
stepping,105509,105508,105509,1
walking,105609,105509,105609,100
sniffing,105764,105609,105764,155
rising,105765,105764,105765,1
rearing,105827,105765,105827,62
left_turning,105850,105827,105850,23
stepping,105903,105850,105903,53
rising,105904,105903,105904,1
sniffing,106002,105904,106002,98
stepping,106027,106002,106027,25
trotting,106033,106027,106033,6
running,106054,106033,106054,21
sniffing,106176,106054,106176,122
grooming,106377,106176,106377,201
rearing,106465,106377,106465,88
left_turning,106532,106465,106532,67
running,106557,106532,106557,25
walking,106570,106557,106570,13
left_turning,106571,106570,106571,1
sniffing,106601,106571,106601,30
walking,106622,106601,106622,21
rising,106623,106622,106623,1
climbing,106835,106623,106835,212
grooming,107094,106835,107094,259
sniffing,107210,107094,107210,116
rising,107380,107210,107380,170
sniffing,107381,107380,107381,1
trotting,107410,107381,107410,29
walking,107489,107410,107489,79
stepping,107525,107489,107525,36
sniffing,107550,107525,107550,25
grooming,107551,107550,107551,1
stepping,107651,107551,107651,100
running,107694,107651,107694,43
sniffing,107738,107694,107738,44
rising,107756,107738,107756,18
climbing,107777,107756,107777,21
rearing,107778,107777,107778,1
grooming,108000,107778,108000,222
