revised_movement_label,segBoundary,segBoundary_start,segBoundary_end,length
left_turning,26,0,26,26
stepping,83,26,83,57
sniffing,101,83,101,18
walking,126,101,126,25
running,134,126,134,8
walking,166,134,166,32
rearing,180,166,180,14
grooming,294,180,294,114
walking,300,294,300,6
right_turning,311,300,311,11
trotting,330,311,330,19
stepping,395,330,395,65
rising,433,395,433,38
walking,466,433,466,33
stepping,565,466,565,99
sniffing,640,565,640,75
walking,731,640,731,91
stepping,826,731,826,95
rising,838,826,838,12
rearing,879,838,879,41
sniffing,989,879,989,110
grooming,1044,989,1044,55
right_turning,1048,1044,1048,4
rising,1064,1048,1064,16
rearing,1065,1064,1065,1
hunching,1066,1065,1066,1
sniffing,1122,1066,1122,56
left_turning,1160,1122,1160,38
sniffing,1386,1160,1386,226
walking,1466,1386,1466,80
running,1501,1466,1501,35
trotting,1531,1501,1531,30
walking,1582,1531,1582,51
left_turning,1633,1582,1633,51
sniffing,1671,1633,1671,38
left_turning,1767,1671,1767,96
sniffing,1768,1767,1768,1
rising,1793,1768,1793,25
sniffing,1846,1793,1846,53
rising,1912,1846,1912,66
rearing,1913,1912,1913,1
grooming,1914,1913,1914,1
trotting,1957,1914,1957,43
rising,1958,1957,1958,1
left_turning,1959,1958,1959,1
stepping,2004,1959,2004,45
walking,2047,2004,2047,43
sniffing,2048,2047,2048,1
running,2051,2048,2051,3
trotting,2059,2051,2059,8
sniffing,2128,2059,2128,69
rising,2133,2128,2133,5
sniffing,2238,2133,2238,105
walking,2267,2238,2267,29
sniffing,2289,2267,2289,22
rising,2290,2289,2290,1
sniffing,2304,2290,2304,14
running,2311,2304,2311,7
walking,2372,2311,2372,61
stepping,2400,2372,2400,28
walking,2405,2400,2405,5
trotting,2449,2405,2449,44
walking,2470,2449,2470,21
running,2495,2470,2495,25
left_turning,2591,2495,2591,96
walking,2592,2591,2592,1
rising,2627,2592,2627,35
rearing,2813,2627,2813,186
grooming,3108,2813,3108,295
rearing,3150,3108,3150,42
sniffing,3208,3150,3208,58
stepping,3209,3208,3209,1
left_turning,3224,3209,3224,15
sniffing,3225,3224,3225,1
rising,3293,3225,3293,68
hunching,3307,3293,3307,14
grooming,3308,3307,3308,1
walking,3372,3308,3372,64
stepping,3389,3372,3389,17
walking,3390,3389,3390,1
trotting,3455,3390,3455,65
running,3470,3455,3470,15
walking,3471,3470,3471,1
sniffing,3564,3471,3564,93
left_turning,3565,3564,3565,1
trotting,3580,3565,3580,15
stepping,3636,3580,3636,56
rising,3637,3636,3637,1
stepping,3700,3637,3700,63
sniffing,3737,3700,3737,37
grooming,3738,3737,3738,1
rearing,3764,3738,3764,26
grooming,3765,3764,3765,1
sniffing,3803,3765,3803,38
rearing,3851,3803,3851,48
grooming,4164,3851,4164,313
right_turning,4201,4164,4201,37
walking,4260,4201,4260,59
trotting,4297,4260,4297,37
sniffing,4370,4297,4370,73
grooming,4386,4370,4386,16
sniffing,4465,4386,4465,79
rising,4478,4465,4478,13
grooming,4479,4478,4479,1
hunching,4495,4479,4495,16
rearing,4571,4495,4571,76
climbing,4584,4571,4584,13
grooming,4680,4584,4680,96
sniffing,4681,4680,4681,1
walking,4730,4681,4730,49
stepping,4740,4730,4740,10
sniffing,4762,4740,4762,22
rising,4793,4762,4793,31
rearing,4808,4793,4808,15
sniffing,4809,4808,4809,1
rising,4862,4809,4862,53
stepping,4924,4862,4924,62
sniffing,5047,4924,5047,123
left_turning,5129,5047,5129,82
stepping,5175,5129,5175,46
sniffing,5176,5175,5176,1
walking,5227,5176,5227,51
sniffing,5353,5227,5353,126
right_turning,5366,5353,5366,13
walking,5370,5366,5370,4
sniffing,5371,5370,5371,1
hunching,5372,5371,5372,1
grooming,5425,5372,5425,53
sniffing,5487,5425,5487,62
rising,5558,5487,5558,71
right_turning,5602,5558,5602,44
walking,5639,5602,5639,37
stepping,5707,5639,5707,68
walking,5751,5707,5751,44
sniffing,5752,5751,5752,1
grooming,5753,5752,5753,1
rising,5773,5753,5773,20
stepping,5774,5773,5774,1
rising,5794,5774,5794,20
grooming,5882,5794,5882,88
scratching,5883,5882,5883,1
right_turning,5955,5883,5955,72
trotting,5956,5955,5956,1
rising,5958,5956,5958,2
stepping,6022,5958,6022,64
sniffing,6078,6022,6078,56
rising,6079,6078,6079,1
sniffing,6234,6079,6234,155
rising,6275,6234,6275,41
walking,6325,6275,6325,50
sniffing,6388,6325,6388,63
left_turning,6436,6388,6436,48
walking,6453,6436,6453,17
trotting,6468,6453,6468,15
walking,6544,6468,6544,76
sniffing,6595,6544,6595,51
stepping,6596,6595,6596,1
walking,6604,6596,6604,8
sniffing,6605,6604,6605,1
stepping,6649,6605,6649,44
sniffing,6661,6649,6661,12
rising,6698,6661,6698,37
trotting,6706,6698,6706,8
stepping,6739,6706,6739,33
rising,6774,6739,6774,35
rearing,6820,6774,6820,46
sniffing,6935,6820,6935,115
walking,6981,6935,6981,46
rising,6982,6981,6982,1
left_turning,7045,6982,7045,63
walking,7080,7045,7080,35
stepping,7133,7080,7133,53
walking,7250,7133,7250,117
trotting,7282,7250,7282,32
walking,7335,7282,7335,53
left_turning,7368,7335,7368,33
stepping,7417,7368,7417,49
sniffing,7486,7417,7486,69
walking,7508,7486,7508,22
sniffing,7646,7508,7646,138
stepping,7672,7646,7672,26
walking,7736,7672,7736,64
grooming,7769,7736,7769,33
rearing,7881,7769,7881,112
left_turning,7909,7881,7909,28
sniffing,7985,7909,7985,76
rising,7996,7985,7996,11
grooming,7997,7996,7997,1
running,8048,7997,8048,51
rising,8064,8048,8064,16
grooming,8135,8064,8135,71
walking,8198,8135,8198,63
rising,8238,8198,8238,40
walking,8309,8238,8309,71
rising,8352,8309,8352,43
sniffing,8353,8352,8353,1
walking,8380,8353,8380,27
right_turning,8394,8380,8394,14
walking,8413,8394,8413,19
sniffing,8510,8413,8510,97
walking,8547,8510,8547,37
sniffing,8548,8547,8548,1
walking,8592,8548,8592,44
sniffing,8692,8592,8692,100
grooming,8693,8692,8693,1
stepping,8694,8693,8694,1
sniffing,8695,8694,8695,1
right_turning,8724,8695,8724,29
walking,8754,8724,8754,30
sniffing,8861,8754,8861,107
grooming,8950,8861,8950,89
left_turning,8996,8950,8996,46
rising,8997,8996,8997,1
walking,9036,8997,9036,39
sniffing,9048,9036,9048,12
stepping,9105,9048,9105,57
walking,9121,9105,9121,16
stepping,9137,9121,9137,16
climbing,9138,9137,9138,1
sniffing,9397,9138,9397,259
rising,9418,9397,9418,21
walking,9432,9418,9432,14
running,9480,9432,9480,48
trotting,9496,9480,9496,16
walking,9566,9496,9566,70
right_turning,9598,9566,9598,32
stepping,9639,9598,9639,41
trotting,9661,9639,9661,22
sniffing,9675,9661,9675,14
walking,9723,9675,9723,48
stepping,9735,9723,9735,12
walking,9769,9735,9769,34
stepping,9831,9769,9831,62
walking,9832,9831,9832,1
trotting,9864,9832,9864,32
running,9904,9864,9904,40
sniffing,9913,9904,9913,9
stepping,9927,9913,9927,14
rising,9977,9927,9977,50
climbing,9982,9977,9982,5
hunching,10041,9982,10041,59
rearing,10045,10041,10045,4
left_turning,10093,10045,10093,48
stepping,10145,10093,10145,52
sniffing,10264,10145,10264,119
right_turning,10286,10264,10286,22
trotting,10360,10286,10360,74
stepping,10419,10360,10419,59
sniffing,10445,10419,10445,26
walking,10446,10445,10446,1
stepping,10456,10446,10456,10
rising,10471,10456,10471,15
grooming,10472,10471,10472,1
climbing,10497,10472,10497,25
rising,10558,10497,10558,61
stepping,10608,10558,10608,50
walking,10672,10608,10672,64
grooming,10708,10672,10708,36
stepping,10765,10708,10765,57
rearing,10876,10765,10876,111
hunching,10935,10876,10935,59
rising,10999,10935,10999,64
hunching,11059,10999,11059,60
grooming,11066,11059,11066,7
left_turning,11067,11066,11067,1
walking,11192,11067,11192,125
stepping,11230,11192,11230,38
trotting,11259,11230,11259,29
running,11279,11259,11279,20
sniffing,11308,11279,11308,29
stepping,11335,11308,11335,27
trotting,11354,11335,11354,19
grooming,11397,11354,11397,43
running,11399,11397,11399,2
trotting,11446,11399,11446,47
stepping,11474,11446,11474,28
grooming,11475,11474,11475,1
left_turning,11529,11475,11529,54
right_turning,11575,11529,11575,46
trotting,11624,11575,11624,49
rearing,11649,11624,11649,25
walking,11650,11649,11650,1
stepping,11700,11650,11700,50
walking,11701,11700,11701,1
trotting,11715,11701,11715,14
sniffing,11912,11715,11912,197
grooming,11988,11912,11988,76
left_turning,11997,11988,11997,9
sniffing,12015,11997,12015,18
hunching,12044,12015,12044,29
rearing,12087,12044,12087,43
climbing,12090,12087,12090,3
grooming,12109,12090,12109,19
sniffing,12149,12109,12149,40
rising,12193,12149,12193,44
grooming,12290,12193,12290,97
left_turning,12324,12290,12324,34
walking,12410,12324,12410,86
stepping,12483,12410,12483,73
sniffing,12606,12483,12606,123
left_turning,12642,12606,12642,36
running,12653,12642,12653,11
walking,12671,12653,12671,18
trotting,12687,12671,12687,16
stepping,12747,12687,12747,60
sniffing,12871,12747,12871,124
stepping,12910,12871,12910,39
sniffing,12911,12910,12911,1
grooming,13062,12911,13062,151
sniffing,13065,13062,13065,3
stepping,13136,13065,13136,71
sniffing,13184,13136,13184,48
rising,13257,13184,13257,73
grooming,13433,13257,13433,176
rearing,13438,13433,13438,5
grooming,13439,13438,13439,1
scratching,13440,13439,13440,1
sniffing,13548,13440,13548,108
grooming,13549,13548,13549,1
rising,13576,13549,13576,27
rearing,13642,13576,13642,66
rising,13705,13642,13705,63
climbing,13800,13705,13800,95
grooming,13873,13800,13873,73
rearing,13923,13873,13923,50
grooming,14021,13923,14021,98
hunching,14040,14021,14040,19
rearing,14059,14040,14059,19
sniffing,14060,14059,14060,1
walking,14069,14060,14069,9
rearing,14070,14069,14070,1
hunching,14107,14070,14107,37
rearing,14141,14107,14141,34
grooming,14207,14141,14207,66
rearing,14208,14207,14208,1
hunching,14262,14208,14262,54
rearing,14268,14262,14268,6
right_turning,14269,14268,14269,1
trotting,14270,14269,14270,1
sniffing,14347,14270,14347,77
rising,14391,14347,14391,44
walking,14428,14391,14428,37
stepping,14489,14428,14489,61
grooming,14597,14489,14597,108
trotting,14667,14597,14667,70
sniffing,14678,14667,14678,11
stepping,14725,14678,14725,47
walking,14760,14725,14760,35
rising,14761,14760,14761,1
left_turning,14804,14761,14804,43
trotting,14856,14804,14856,52
sniffing,14931,14856,14931,75
grooming,15129,14931,15129,198
rearing,15130,15129,15130,1
grooming,15179,15130,15179,49
walking,15225,15179,15225,46
grooming,15280,15225,15280,55
walking,15341,15280,15341,61
rising,15386,15341,15386,45
grooming,15553,15386,15553,167
hunching,15554,15553,15554,1
grooming,15596,15554,15596,42
climbing,15652,15596,15652,56
grooming,15653,15652,15653,1
walking,15708,15653,15708,55
rearing,15847,15708,15847,139
left_turning,15874,15847,15874,27
walking,15895,15874,15895,21
rising,15960,15895,15960,65
grooming,15961,15960,15961,1
hunching,16008,15961,16008,47
grooming,16069,16008,16069,61
left_turning,16084,16069,16084,15
stepping,16150,16084,16150,66
walking,16246,16150,16246,96
sniffing,16389,16246,16389,143
grooming,16599,16389,16599,210
rearing,16673,16599,16673,74
hunching,16688,16673,16688,15
grooming,16852,16688,16852,164
trotting,16888,16852,16888,36
walking,16889,16888,16889,1
sniffing,16970,16889,16970,81
stepping,16985,16970,16985,15
sniffing,17137,16985,17137,152
stepping,17161,17137,17161,24
grooming,17218,17161,17218,57
sniffing,17339,17218,17339,121
grooming,17437,17339,17437,98
sniffing,17438,17437,17438,1
left_turning,17479,17438,17479,41
sniffing,17524,17479,17524,45
hunching,17531,17524,17531,7
grooming,17605,17531,17605,74
walking,17606,17605,17606,1
running,17623,17606,17623,17
walking,17641,17623,17641,18
sniffing,17736,17641,17736,95
right_turning,17754,17736,17754,18
climbing,17762,17754,17762,8
grooming,17925,17762,17925,163
sniffing,17987,17925,17987,62
rearing,17988,17987,17988,1
trotting,18053,17988,18053,65
right_turning,18071,18053,18071,18
walking,18110,18071,18110,39
sniffing,18267,18110,18267,157
stepping,18288,18267,18288,21
walking,18318,18288,18318,30
sniffing,18441,18318,18441,123
rising,18493,18441,18493,52
sniffing,18551,18493,18551,58
left_turning,18583,18551,18583,32
stepping,18605,18583,18605,22
rising,18626,18605,18626,21
grooming,18627,18626,18627,1
rearing,18655,18627,18655,28
hunching,18711,18655,18711,56
rising,18773,18711,18773,62
grooming,18893,18773,18893,120
stepping,18935,18893,18935,42
rising,18959,18935,18959,24
grooming,19094,18959,19094,135
rearing,19103,19094,19103,9
hunching,19183,19103,19183,80
grooming,19237,19183,19237,54
walking,19259,19237,19259,22
rearing,19336,19259,19336,77
grooming,19337,19336,19337,1
stepping,19381,19337,19381,44
walking,19398,19381,19398,17
stepping,19411,19398,19411,13
grooming,19412,19411,19412,1
left_turning,19460,19412,19460,48
sniffing,19461,19460,19461,1
rearing,19462,19461,19462,1
stepping,19483,19462,19483,21
right_turning,19497,19483,19497,14
sniffing,19552,19497,19552,55
grooming,19582,19552,19582,30
running,19594,19582,19594,12
trotting,19627,19594,19627,33
walking,19648,19627,19648,21
sniffing,19856,19648,19856,208
rising,19897,19856,19897,41
rearing,19959,19897,19959,62
grooming,20153,19959,20153,194
rearing,20216,20153,20216,63
grooming,20335,20216,20335,119
rearing,20336,20335,20336,1
grooming,20459,20336,20459,123
right_turning,20496,20459,20496,37
sniffing,20529,20496,20529,33
stepping,20557,20529,20557,28
walking,20676,20557,20676,119
rising,20701,20676,20701,25
walking,20702,20701,20702,1
stepping,20703,20702,20703,1
walking,20725,20703,20725,22
right_turning,20753,20725,20753,28
running,20765,20753,20765,12
walking,20797,20765,20797,32
grooming,20909,20797,20909,112
rearing,20921,20909,20921,12
grooming,21023,20921,21023,102
walking,21044,21023,21044,21
climbing,21207,21044,21207,163
sniffing,21305,21207,21305,98
stepping,21359,21305,21359,54
walking,21415,21359,21415,56
grooming,21475,21415,21475,60
walking,21523,21475,21523,48
sniffing,21524,21523,21524,1
hunching,21548,21524,21548,24
left_turning,21612,21548,21612,64
walking,21676,21612,21676,64
stepping,21685,21676,21685,9
sniffing,21755,21685,21755,70
rising,21756,21755,21756,1
rearing,21791,21756,21791,35
grooming,21854,21791,21854,63
rising,21928,21854,21928,74
grooming,22001,21928,22001,73
walking,22116,22001,22116,115
stepping,22173,22116,22173,57
right_turning,22174,22173,22174,1
walking,22219,22174,22219,45
rising,22220,22219,22220,1
left_turning,22273,22220,22273,53
trotting,22325,22273,22325,52
stepping,22360,22325,22360,35
rising,22365,22360,22365,5
stepping,22380,22365,22380,15
walking,22446,22380,22446,66
stepping,22447,22446,22447,1
sniffing,22454,22447,22454,7
rearing,22624,22454,22624,170
grooming,22625,22624,22625,1
hunching,22682,22625,22682,57
rising,22683,22682,22683,1
stepping,22723,22683,22723,40
grooming,22746,22723,22746,23
sniffing,22877,22746,22877,131
left_turning,22895,22877,22895,18
walking,22931,22895,22931,36
stepping,22949,22931,22949,18
walking,23006,22949,23006,57
stepping,23046,23006,23046,40
sniffing,23068,23046,23068,22
walking,23107,23068,23107,39
sniffing,23168,23107,23168,61
walking,23223,23168,23223,55
grooming,23224,23223,23224,1
running,23247,23224,23247,23
trotting,23270,23247,23270,23
rising,23271,23270,23271,1
sniffing,23272,23271,23272,1
rearing,23273,23272,23273,1
climbing,23301,23273,23301,28
trotting,23316,23301,23316,15
rising,23327,23316,23327,11
left_turning,23356,23327,23356,29
grooming,23390,23356,23390,34
hunching,23436,23390,23436,46
grooming,23564,23436,23564,128
rearing,23626,23564,23626,62
climbing,23678,23626,23678,52
sniffing,23757,23678,23757,79
walking,23778,23757,23778,21
stepping,23829,23778,23829,51
rearing,23955,23829,23955,126
rising,23965,23955,23965,10
climbing,24028,23965,24028,63
left_turning,24072,24028,24072,44
grooming,24073,24072,24073,1
walking,24074,24073,24074,1
stepping,24075,24074,24075,1
sniffing,24093,24075,24093,18
stepping,24130,24093,24130,37
walking,24150,24130,24150,20
sniffing,24152,24150,24152,2
hunching,24153,24152,24153,1
rising,24203,24153,24203,50
sniffing,24275,24203,24275,72
rearing,24341,24275,24341,66
hunching,24430,24341,24430,89
grooming,24508,24430,24508,78
climbing,24579,24508,24579,71
sniffing,24608,24579,24608,29
stepping,24609,24608,24609,1
rising,24616,24609,24616,7
climbing,24674,24616,24674,58
grooming,24702,24674,24702,28
hunching,24703,24702,24703,1
rearing,24768,24703,24768,65
grooming,24769,24768,24769,1
hunching,24802,24769,24802,33
rearing,24836,24802,24836,34
rising,24877,24836,24877,41
sniffing,24974,24877,24974,97
rising,25003,24974,25003,29
grooming,25105,25003,25105,102
rearing,25156,25105,25156,51
grooming,25299,25156,25299,143
walking,25308,25299,25308,9
stepping,25356,25308,25356,48
rearing,25357,25356,25357,1
grooming,25462,25357,25462,105
climbing,25480,25462,25480,18
rearing,25579,25480,25579,99
sniffing,25580,25579,25580,1
grooming,25676,25580,25676,96
rearing,25677,25676,25677,1
walking,25733,25677,25733,56
rising,25773,25733,25773,40
climbing,25827,25773,25827,54
grooming,25906,25827,25906,79
rearing,25972,25906,25972,66
hunching,26083,25972,26083,111
rearing,26129,26083,26129,46
climbing,26173,26129,26173,44
grooming,26351,26173,26351,178
rearing,26402,26351,26402,51
hunching,26456,26402,26456,54
rising,26525,26456,26525,69
climbing,26618,26525,26618,93
walking,26656,26618,26656,38
sniffing,26679,26656,26679,23
left_turning,26760,26679,26760,81
grooming,26761,26760,26761,1
stepping,26807,26761,26807,46
rising,26808,26807,26808,1
left_turning,26861,26808,26861,53
walking,26870,26861,26870,9
right_turning,26871,26870,26871,1
sniffing,26872,26871,26872,1
rising,26873,26872,26873,1
rearing,26883,26873,26883,10
climbing,26930,26883,26930,47
right_turning,26953,26930,26953,23
stepping,27023,26953,27023,70
grooming,27151,27023,27151,128
sniffing,27218,27151,27218,67
rising,27219,27218,27219,1
left_turning,27232,27219,27232,13
walking,27273,27232,27273,41
sniffing,27290,27273,27290,17
walking,27355,27290,27355,65
grooming,27401,27355,27401,46
left_turning,27429,27401,27429,28
stepping,27485,27429,27485,56
sniffing,27622,27485,27622,137
stepping,27676,27622,27676,54
sniffing,27815,27676,27815,139
stepping,27868,27815,27868,53
sniffing,27968,27868,27968,100
grooming,28071,27968,28071,103
left_turning,28146,28071,28146,75
sniffing,28201,28146,28201,55
grooming,28213,28201,28213,12
walking,28214,28213,28214,1
rising,28271,28214,28271,57
sniffing,28351,28271,28351,80
left_turning,28427,28351,28427,76
walking,28438,28427,28438,11
sniffing,28561,28438,28561,123
stepping,28579,28561,28579,18
rising,28580,28579,28580,1
sniffing,28658,28580,28658,78
walking,28751,28658,28751,93
trotting,28788,28751,28788,37
walking,28846,28788,28846,58
rising,28848,28846,28848,2
rearing,28851,28848,28851,3
sniffing,29018,28851,29018,167
stepping,29057,29018,29057,39
climbing,29084,29057,29084,27
grooming,29085,29084,29085,1
rearing,29202,29085,29202,117
grooming,29203,29202,29203,1
walking,29248,29203,29248,45
stepping,29282,29248,29282,34
sniffing,29352,29282,29352,70
walking,29362,29352,29362,10
trotting,29392,29362,29392,30
sniffing,29393,29392,29393,1
grooming,29394,29393,29394,1
rising,29430,29394,29430,36
sniffing,29453,29430,29453,23
rising,29492,29453,29492,39
stepping,29493,29492,29493,1
sniffing,29545,29493,29545,52
stepping,29567,29545,29567,22
left_turning,29613,29567,29613,46
grooming,29614,29613,29614,1
sniffing,29630,29614,29630,16
running,29643,29630,29643,13
stepping,29665,29643,29665,22
rearing,29701,29665,29701,36
stepping,29728,29701,29728,27
sniffing,29748,29728,29748,20
rising,29797,29748,29797,49
climbing,29887,29797,29887,90
rising,29888,29887,29888,1
left_turning,29908,29888,29908,20
stepping,29957,29908,29957,49
grooming,29984,29957,29984,27
sniffing,30054,29984,30054,70
rising,30064,30054,30064,10
rearing,30142,30064,30142,78
grooming,30143,30142,30143,1
walking,30153,30143,30153,10
rearing,30224,30153,30224,71
left_turning,30271,30224,30271,47
grooming,30332,30271,30332,61
scratching,30333,30332,30333,1
sniffing,30433,30333,30433,100
right_turning,30438,30433,30438,5
sniffing,30478,30438,30478,40
walking,30497,30478,30497,19
grooming,30773,30497,30773,276
sniffing,30774,30773,30774,1
rising,30781,30774,30781,7
climbing,30918,30781,30918,137
running,30951,30918,30951,33
walking,31009,30951,31009,58
sniffing,31018,31009,31018,9
grooming,31033,31018,31033,15
running,31046,31033,31046,13
sniffing,31120,31046,31120,74
climbing,31145,31120,31145,25
walking,31294,31145,31294,149
sniffing,31371,31294,31371,77
left_turning,31372,31371,31372,1
rearing,31455,31372,31455,83
climbing,31495,31455,31495,40
grooming,31496,31495,31496,1
climbing,31542,31496,31542,46
running,31572,31542,31572,30
rearing,31667,31572,31667,95
grooming,31970,31667,31970,303
rearing,32045,31970,32045,75
left_turning,32110,32045,32110,65
trotting,32137,32110,32137,27
stepping,32188,32137,32188,51
walking,32251,32188,32251,63
right_turning,32260,32251,32260,9
sniffing,32351,32260,32351,91
walking,32372,32351,32372,21
sniffing,32537,32372,32537,165
stepping,32587,32537,32587,50
walking,32617,32587,32617,30
sniffing,32679,32617,32679,62
rising,32753,32679,32753,74
climbing,32773,32753,32773,20
grooming,32908,32773,32908,135
rearing,32946,32908,32946,38
stepping,33000,32946,33000,54
walking,33077,33000,33077,77
sniffing,33192,33077,33192,115
right_turning,33237,33192,33237,45
running,33274,33237,33274,37
walking,33315,33274,33315,41
stepping,33344,33315,33344,29
walking,33364,33344,33364,20
sniffing,33372,33364,33372,8
climbing,33475,33372,33475,103
rearing,33638,33475,33638,163
rising,33740,33638,33740,102
grooming,33847,33740,33847,107
stepping,33899,33847,33899,52
left_turning,33955,33899,33955,56
grooming,34028,33955,34028,73
hunching,34041,34028,34041,13
rearing,34137,34041,34137,96
stepping,34176,34137,34176,39
sniffing,34256,34176,34256,80
right_turning,34275,34256,34275,19
sniffing,34364,34275,34364,89
left_turning,34365,34364,34365,1
walking,34428,34365,34428,63
rearing,34469,34428,34469,41
grooming,34470,34469,34470,1
sniffing,34471,34470,34471,1
grooming,34711,34471,34711,240
trotting,34735,34711,34735,24
sniffing,34852,34735,34852,117
stepping,34872,34852,34872,20
left_turning,34900,34872,34900,28
stepping,34941,34900,34941,41
walking,34970,34941,34970,29
grooming,34971,34970,34971,1
rising,35003,34971,35003,32
climbing,35201,35003,35201,198
sniffing,35234,35201,35234,33
stepping,35260,35234,35260,26
walking,35326,35260,35326,66
sniffing,35379,35326,35379,53
left_turning,35419,35379,35419,40
sniffing,35420,35419,35420,1
walking,35453,35420,35453,33
rising,35477,35453,35477,24
rearing,35576,35477,35576,99
right_turning,35592,35576,35592,16
walking,35614,35592,35614,22
trotting,35627,35614,35627,13
stepping,35697,35627,35697,70
sniffing,35698,35697,35698,1
grooming,35846,35698,35846,148
rising,35867,35846,35867,21
sniffing,35924,35867,35924,57
running,35965,35924,35965,41
sniffing,36088,35965,36088,123
scratching,36089,36088,36089,1
sniffing,36144,36089,36144,55
right_turning,36149,36144,36149,5
walking,36207,36149,36207,58
stepping,36251,36207,36251,44
grooming,36252,36251,36252,1
rearing,36333,36252,36333,81
hunching,36334,36333,36334,1
grooming,36335,36334,36335,1
rearing,36409,36335,36409,74
sniffing,36545,36409,36545,136
rising,36546,36545,36546,1
sniffing,36591,36546,36591,45
stepping,36641,36591,36641,50
rising,36673,36641,36673,32
sniffing,36721,36673,36721,48
rising,36770,36721,36770,49
trotting,36803,36770,36803,33
walking,36831,36803,36831,28
grooming,36937,36831,36937,106
rearing,37003,36937,37003,66
trotting,37041,37003,37041,38
sniffing,37042,37041,37042,1
stepping,37105,37042,37105,63
right_turning,37128,37105,37128,23
stepping,37136,37128,37136,8
sniffing,37244,37136,37244,108
grooming,37272,37244,37272,28
trotting,37306,37272,37306,34
walking,37404,37306,37404,98
sniffing,37449,37404,37449,45
walking,37450,37449,37450,1
stepping,37492,37450,37492,42
sniffing,37654,37492,37654,162
climbing,37768,37654,37768,114
grooming,37852,37768,37852,84
walking,37866,37852,37866,14
sniffing,37947,37866,37947,81
grooming,38064,37947,38064,117
rising,38080,38064,38080,16
climbing,38153,38080,38153,73
rearing,38239,38153,38239,86
climbing,38240,38239,38240,1
stepping,38259,38240,38259,19
right_turning,38260,38259,38260,1
walking,38284,38260,38284,24
left_turning,38340,38284,38340,56
stepping,38371,38340,38371,31
walking,38439,38371,38439,68
rising,38459,38439,38459,20
climbing,38585,38459,38585,126
walking,38618,38585,38618,33
stepping,38691,38618,38691,73
rising,38692,38691,38692,1
rearing,38744,38692,38744,52
climbing,38766,38744,38766,22
stepping,38811,38766,38811,45
sniffing,38863,38811,38863,52
rising,38886,38863,38886,23
climbing,38914,38886,38914,28
running,38940,38914,38940,26
sniffing,38941,38940,38941,1
climbing,38970,38941,38970,29
walking,39004,38970,39004,34
sniffing,39274,39004,39274,270
rising,39275,39274,39275,1
climbing,39331,39275,39331,56
grooming,39332,39331,39332,1
rearing,39333,39332,39333,1
climbing,39388,39333,39388,55
left_turning,39432,39388,39432,44
walking,39433,39432,39433,1
rising,39434,39433,39434,1
hunching,39502,39434,39502,68
rising,39535,39502,39535,33
walking,39586,39535,39586,51
running,39590,39586,39590,4
trotting,39631,39590,39631,41
rearing,39691,39631,39691,60
climbing,39770,39691,39770,79
rearing,39896,39770,39896,126
grooming,39897,39896,39897,1
walking,39974,39897,39974,77
right_turning,39982,39974,39982,8
sniffing,39995,39982,39995,13
grooming,40037,39995,40037,42
sniffing,40107,40037,40107,70
stepping,40147,40107,40147,40
sniffing,40218,40147,40218,71
walking,40273,40218,40273,55
sniffing,40274,40273,40274,1
trotting,40297,40274,40297,23
sniffing,40372,40297,40372,75
rearing,40373,40372,40373,1
left_turning,40380,40373,40380,7
walking,40402,40380,40402,22
sniffing,40474,40402,40474,72
stepping,40488,40474,40488,14
climbing,40570,40488,40570,82
stepping,40664,40570,40664,94
rising,40669,40664,40669,5
climbing,40725,40669,40725,56
left_turning,40780,40725,40780,55
hunching,40783,40780,40783,3
grooming,40869,40783,40869,86
rising,40922,40869,40922,53
rearing,41041,40922,41041,119
grooming,41042,41041,41042,1
left_turning,41060,41042,41060,18
stepping,41095,41060,41095,35
walking,41160,41095,41160,65
left_turning,41164,41160,41164,4
walking,41174,41164,41174,10
left_turning,41196,41174,41196,22
climbing,41308,41196,41308,112
stepping,41325,41308,41325,17
walking,41342,41325,41342,17
grooming,41425,41342,41425,83
sniffing,41456,41425,41456,31
grooming,41646,41456,41646,190
sniffing,41772,41646,41772,126
stepping,41842,41772,41842,70
sniffing,41979,41842,41979,137
rising,42009,41979,42009,30
climbing,42033,42009,42033,24
rearing,42171,42033,42171,138
climbing,42208,42171,42208,37
left_turning,42275,42208,42275,67
rearing,42331,42275,42331,56
grooming,42659,42331,42659,328
sniffing,42660,42659,42660,1
right_turning,42679,42660,42679,19
walking,42703,42679,42703,24
left_turning,42704,42703,42704,1
walking,42731,42704,42731,27
sniffing,42732,42731,42732,1
left_turning,42771,42732,42771,39
sniffing,42810,42771,42810,39
walking,42811,42810,42811,1
sniffing,42930,42811,42930,119
rising,43033,42930,43033,103
hunching,43088,43033,43088,55
rearing,43117,43088,43117,29
grooming,43118,43117,43118,1
sniffing,43132,43118,43132,14
rising,43214,43132,43214,82
rearing,43290,43214,43290,76
grooming,43291,43290,43291,1
sniffing,43333,43291,43333,42
rearing,43341,43333,43341,8
rising,43342,43341,43342,1
walking,43388,43342,43388,46
stepping,43447,43388,43447,59
rising,43501,43447,43501,54
grooming,43625,43501,43625,124
hunching,43630,43625,43630,5
grooming,43659,43630,43659,29
rearing,43689,43659,43689,30
climbing,43692,43689,43692,3
rearing,43804,43692,43804,112
grooming,43939,43804,43939,135
sniffing,44014,43939,44014,75
grooming,44040,44014,44040,26
stepping,44094,44040,44094,54
walking,44153,44094,44153,59
stepping,44154,44153,44154,1
climbing,44280,44154,44280,126
rearing,44281,44280,44281,1
grooming,44327,44281,44327,46
sniffing,44413,44327,44413,86
grooming,44549,44413,44549,136
trotting,44571,44549,44571,22
stepping,44572,44571,44572,1
hunching,44611,44572,44611,39
sniffing,44734,44611,44734,123
stepping,44781,44734,44781,47
right_turning,44798,44781,44798,17
walking,44876,44798,44876,78
sniffing,44960,44876,44960,84
left_turning,44961,44960,44961,1
rising,45005,44961,45005,44
grooming,45054,45005,45054,49
scratching,45055,45054,45055,1
right_turning,45071,45055,45071,16
sniffing,45145,45071,45145,74
walking,45185,45145,45185,40
sniffing,45228,45185,45228,43
hunching,45253,45228,45253,25
rearing,45268,45253,45268,15
running,45302,45268,45302,34
grooming,45411,45302,45411,109
rearing,45412,45411,45412,1
climbing,45504,45412,45504,92
walking,45658,45504,45658,154
sniffing,45659,45658,45659,1
running,45672,45659,45672,13
sniffing,45673,45672,45673,1
right_turning,45685,45673,45685,12
trotting,45742,45685,45742,57
sniffing,45817,45742,45817,75
grooming,45818,45817,45818,1
rearing,45842,45818,45842,24
climbing,45843,45842,45843,1
rearing,45854,45843,45854,11
hunching,45880,45854,45880,26
rearing,45881,45880,45881,1
grooming,45955,45881,45955,74
sniffing,46021,45955,46021,66
stepping,46063,46021,46063,42
climbing,46130,46063,46130,67
running,46160,46130,46160,30
sniffing,46161,46160,46161,1
rising,46199,46161,46199,38
rearing,46240,46199,46240,41
climbing,46331,46240,46331,91
trotting,46361,46331,46361,30
sniffing,46446,46361,46446,85
trotting,46475,46446,46475,29
rearing,46476,46475,46476,1
stepping,46537,46476,46537,61
rising,46538,46537,46538,1
climbing,46602,46538,46602,64
right_turning,46603,46602,46603,1
walking,46662,46603,46662,59
sniffing,46672,46662,46672,10
trotting,46769,46672,46769,97
walking,46820,46769,46820,51
sniffing,46894,46820,46894,74
rising,46923,46894,46923,29
climbing,46987,46923,46987,64
grooming,47060,46987,47060,73
sniffing,47297,47060,47297,237
grooming,47533,47297,47533,236
rearing,47552,47533,47552,19
grooming,47553,47552,47553,1
sniffing,47642,47553,47642,89
rising,47652,47642,47652,10
sniffing,47712,47652,47712,60
grooming,48012,47712,48012,300
rising,48013,48012,48013,1
climbing,48110,48013,48110,97
sniffing,48111,48110,48111,1
grooming,48178,48111,48178,67
rearing,48179,48178,48179,1
hunching,48275,48179,48275,96
grooming,48880,48275,48880,605
walking,48900,48880,48900,20
stepping,48974,48900,48974,74
grooming,49342,48974,49342,368
rising,49402,49342,49402,60
left_turning,49405,49402,49405,3
stepping,49466,49405,49466,61
grooming,49538,49466,49538,72
right_turning,49582,49538,49582,44
sniffing,49643,49582,49643,61
grooming,49815,49643,49815,172
climbing,49885,49815,49885,70
stepping,49912,49885,49912,27
sniffing,50055,49912,50055,143
walking,50104,50055,50104,49
trotting,50153,50104,50153,49
sniffing,50170,50153,50170,17
walking,50214,50170,50214,44
stepping,50215,50214,50215,1
walking,50259,50215,50259,44
sniffing,50402,50259,50402,143
grooming,50657,50402,50657,255
sniffing,50695,50657,50695,38
stepping,50739,50695,50739,44
walking,50834,50739,50834,95
sniffing,50858,50834,50858,24
rearing,50920,50858,50920,62
sniffing,50946,50920,50946,26
walking,51133,50946,51133,187
sniffing,51152,51133,51152,19
climbing,51211,51152,51211,59
walking,51298,51211,51298,87
sniffing,51299,51298,51299,1
walking,51330,51299,51330,31
sniffing,51331,51330,51331,1
walking,51356,51331,51356,25
stepping,51357,51356,51357,1
walking,51429,51357,51429,72
sniffing,51506,51429,51506,77
rising,51525,51506,51525,19
left_turning,51555,51525,51555,30
stepping,51582,51555,51582,27
right_turning,51603,51582,51603,21
walking,51635,51603,51635,32
sniffing,51738,51635,51738,103
rearing,51739,51738,51739,1
grooming,51825,51739,51825,86
walking,51848,51825,51848,23
grooming,51999,51848,51999,151
rising,52051,51999,52051,52
sniffing,52099,52051,52099,48
grooming,52155,52099,52155,56
sniffing,52207,52155,52207,52
left_turning,52268,52207,52268,61
rising,52340,52268,52340,72
rearing,52341,52340,52341,1
hunching,52350,52341,52350,9
rising,52391,52350,52391,41
grooming,52621,52391,52621,230
hunching,52662,52621,52662,41
grooming,52970,52662,52970,308
hunching,52971,52970,52971,1
grooming,52972,52971,52972,1
trotting,52998,52972,52998,26
stepping,53019,52998,53019,21
trotting,53036,53019,53036,17
sniffing,53051,53036,53051,15
rising,53105,53051,53105,54
right_turning,53128,53105,53128,23
sniffing,53129,53128,53129,1
rising,53130,53129,53130,1
walking,53139,53130,53139,9
sniffing,53149,53139,53149,10
grooming,53232,53149,53232,83
rearing,53242,53232,53242,10
grooming,53243,53242,53243,1
stepping,53314,53243,53314,71
running,53346,53314,53346,32
walking,53450,53346,53450,104
sniffing,53529,53450,53529,79
grooming,53630,53529,53630,101
climbing,53651,53630,53651,21
stepping,53658,53651,53658,7
walking,53659,53658,53659,1
stepping,53701,53659,53701,42
trotting,53728,53701,53728,27
walking,53729,53728,53729,1
running,53748,53729,53748,19
climbing,53840,53748,53840,92
right_turning,53849,53840,53849,9
climbing,53853,53849,53853,4
stepping,53909,53853,53909,56
sniffing,53910,53909,53910,1
walking,53911,53910,53911,1
sniffing,53977,53911,53977,66
right_turning,53978,53977,53978,1
walking,54015,53978,54015,37
stepping,54016,54015,54016,1
sniffing,54135,54016,54135,119
left_turning,54180,54135,54180,45
walking,54188,54180,54188,8
stepping,54217,54188,54217,29
rising,54227,54217,54227,10
sniffing,54341,54227,54341,114
rearing,54433,54341,54433,92
grooming,54434,54433,54434,1
rearing,54452,54434,54452,18
walking,54453,54452,54453,1
sniffing,54495,54453,54495,42
walking,54499,54495,54499,4
sniffing,54709,54499,54709,210
walking,54771,54709,54771,62
stepping,54818,54771,54818,47
walking,54848,54818,54848,30
grooming,54921,54848,54921,73
sniffing,55118,54921,55118,197
stepping,55208,55118,55208,90
grooming,55220,55208,55220,12
scratching,55221,55220,55221,1
trotting,55232,55221,55232,11
running,55241,55232,55241,9
walking,55246,55241,55246,5
sniffing,55247,55246,55247,1
grooming,55805,55247,55805,558
left_turning,55866,55805,55866,61
scratching,55867,55866,55867,1
left_turning,55889,55867,55889,22
sniffing,55918,55889,55918,29
stepping,55968,55918,55968,50
sniffing,56109,55968,56109,141
climbing,56263,56109,56263,154
grooming,56276,56263,56276,13
rearing,56277,56276,56277,1
grooming,56278,56277,56278,1
right_turning,56295,56278,56295,17
walking,56319,56295,56319,24
rearing,56452,56319,56452,133
grooming,56738,56452,56738,286
running,56743,56738,56743,5
sniffing,56744,56743,56744,1
grooming,57035,56744,57035,291
stepping,57081,57035,57081,46
sniffing,57219,57081,57219,138
rearing,57325,57219,57325,106
grooming,57552,57325,57552,227
stepping,57567,57552,57567,15
sniffing,57712,57567,57712,145
rising,57730,57712,57730,18
sniffing,57822,57730,57822,92
running,57857,57822,57857,35
rearing,57961,57857,57961,104
climbing,58106,57961,58106,145
rising,58109,58106,58109,3
left_turning,58162,58109,58162,53
stepping,58168,58162,58168,6
grooming,58276,58168,58276,108
trotting,58329,58276,58329,53
sniffing,58348,58329,58348,19
stepping,58387,58348,58387,39
walking,58487,58387,58487,100
stepping,58517,58487,58517,30
walking,58584,58517,58584,67
sniffing,58647,58584,58647,63
left_turning,58650,58647,58650,3
sniffing,58722,58650,58722,72
left_turning,58743,58722,58743,21
sniffing,58744,58743,58744,1
trotting,58757,58744,58757,13
running,58793,58757,58793,36
sniffing,58933,58793,58933,140
right_turning,58942,58933,58942,9
sniffing,58943,58942,58943,1
walking,59046,58943,59046,103
stepping,59093,59046,59093,47
rising,59094,59093,59094,1
hunching,59099,59094,59099,5
grooming,59115,59099,59115,16
walking,59192,59115,59192,77
sniffing,59224,59192,59224,32
rearing,59308,59224,59308,84
grooming,59309,59308,59309,1
climbing,59310,59309,59310,1
sniffing,59348,59310,59348,38
grooming,59349,59348,59349,1
rearing,59350,59349,59350,1
grooming,59425,59350,59425,75
rising,59490,59425,59490,65
grooming,59666,59490,59666,176
rearing,59679,59666,59679,13
running,59706,59679,59706,27
sniffing,59707,59706,59707,1
right_turning,59731,59707,59731,24
stepping,59764,59731,59764,33
walking,59807,59764,59807,43
left_turning,59874,59807,59874,67
climbing,59932,59874,59932,58
grooming,59965,59932,59965,33
rearing,59966,59965,59966,1
grooming,59967,59966,59967,1
trotting,60006,59967,60006,39
walking,60030,60006,60030,24
running,60046,60030,60046,16
sniffing,60153,60046,60153,107
rearing,60154,60153,60154,1
sniffing,60205,60154,60205,51
grooming,60206,60205,60206,1
rearing,60207,60206,60207,1
stepping,60222,60207,60222,15
sniffing,60223,60222,60223,1
rising,60287,60223,60287,64
rearing,60347,60287,60347,60
climbing,60406,60347,60406,59
grooming,60525,60406,60525,119
running,60538,60525,60538,13
trotting,60539,60538,60539,1
stepping,60575,60539,60575,36
sniffing,60657,60575,60657,82
rearing,60755,60657,60755,98
grooming,61032,60755,61032,277
hunching,61055,61032,61055,23
rearing,61191,61055,61191,136
climbing,61273,61191,61273,82
grooming,61296,61273,61296,23
left_turning,61297,61296,61297,1
walking,61344,61297,61344,47
sniffing,61345,61344,61345,1
left_turning,61372,61345,61372,27
walking,61400,61372,61400,28
rearing,61491,61400,61491,91
sniffing,61520,61491,61520,29
grooming,61521,61520,61521,1
sniffing,61522,61521,61522,1
stepping,61575,61522,61575,53
grooming,61686,61575,61686,111
scratching,61687,61686,61687,1
sniffing,61688,61687,61688,1
left_turning,61710,61688,61710,22
walking,61755,61710,61755,45
sniffing,61844,61755,61844,89
stepping,61870,61844,61870,26
climbing,61871,61870,61871,1
grooming,62204,61871,62204,333
hunching,62233,62204,62233,29
grooming,62338,62233,62338,105
sniffing,62436,62338,62436,98
stepping,62465,62436,62465,29
grooming,62466,62465,62466,1
walking,62467,62466,62467,1
rearing,62491,62467,62491,24
climbing,62492,62491,62492,1
walking,62510,62492,62510,18
stepping,62590,62510,62590,80
sniffing,62664,62590,62664,74
walking,62771,62664,62771,107
stepping,62781,62771,62781,10
trotting,62793,62781,62793,12
walking,62794,62793,62794,1
right_turning,62799,62794,62799,5
walking,62850,62799,62850,51
grooming,62996,62850,62996,146
stepping,63025,62996,63025,29
sniffing,63063,63025,63063,38
walking,63122,63063,63122,59
sniffing,63199,63122,63199,77
stepping,63292,63199,63292,93
sniffing,63420,63292,63420,128
right_turning,63470,63420,63470,50
trotting,63499,63470,63499,29
sniffing,63626,63499,63626,127
left_turning,63656,63626,63656,30
grooming,63758,63656,63758,102
rearing,63784,63758,63784,26
left_turning,63835,63784,63835,51
sniffing,63836,63835,63836,1
grooming,63870,63836,63870,34
rearing,63914,63870,63914,44
grooming,64052,63914,64052,138
left_turning,64099,64052,64099,47
walking,64103,64099,64103,4
sniffing,64218,64103,64218,115
grooming,64536,64218,64536,318
sniffing,64702,64536,64702,166
rising,64705,64702,64705,3
stepping,64740,64705,64740,35
running,64768,64740,64768,28
walking,64860,64768,64860,92
stepping,64869,64860,64869,9
walking,64878,64869,64878,9
stepping,64919,64878,64919,41
walking,65010,64919,65010,91
sniffing,65036,65010,65036,26
walking,65063,65036,65063,27
stepping,65073,65063,65073,10
walking,65114,65073,65114,41
grooming,65320,65114,65320,206
hunching,65472,65320,65472,152
grooming,65821,65472,65821,349
rising,65822,65821,65822,1
grooming,65823,65822,65823,1
hunching,65824,65823,65824,1
grooming,66103,65824,66103,279
rearing,66104,66103,66104,1
grooming,66775,66104,66775,671
climbing,66862,66775,66862,87
sniffing,66921,66862,66921,59
stepping,66996,66921,66996,75
sniffing,67034,66996,67034,38
stepping,67077,67034,67077,43
rising,67097,67077,67097,20
walking,67098,67097,67098,1
stepping,67119,67098,67119,21
walking,67164,67119,67164,45
grooming,67217,67164,67217,53
left_turning,67278,67217,67278,61
walking,67318,67278,67318,40
sniffing,67345,67318,67345,27
climbing,67444,67345,67444,99
stepping,67445,67444,67445,1
sniffing,67738,67445,67738,293
grooming,67747,67738,67747,9
trotting,67799,67747,67799,52
rising,67800,67799,67800,1
sniffing,67907,67800,67907,107
grooming,68300,67907,68300,393
running,68315,68300,68315,15
stepping,68323,68315,68323,8
walking,68435,68323,68435,112
stepping,68452,68435,68452,17
walking,68517,68452,68517,65
sniffing,68583,68517,68583,66
grooming,68755,68583,68755,172
hunching,68756,68755,68756,1
grooming,68994,68756,68994,238
sniffing,68995,68994,68995,1
grooming,69052,68995,69052,57
left_turning,69090,69052,69090,38
trotting,69129,69090,69129,39
sniffing,69151,69129,69151,22
walking,69185,69151,69185,34
sniffing,69186,69185,69186,1
walking,69251,69186,69251,65
trotting,69310,69251,69310,59
climbing,69365,69310,69365,55
stepping,69420,69365,69420,55
sniffing,69421,69420,69421,1
rearing,69445,69421,69445,24
grooming,69446,69445,69446,1
sniffing,69554,69446,69554,108
rising,69557,69554,69557,3
rearing,69657,69557,69657,100
grooming,70381,69657,70381,724
sniffing,70382,70381,70382,1
stepping,70481,70382,70481,99
sniffing,70591,70481,70591,110
walking,70608,70591,70608,17
right_turning,70621,70608,70621,13
sniffing,70667,70621,70667,46
rising,70689,70667,70689,22
walking,70773,70689,70773,84
stepping,70817,70773,70817,44
walking,70869,70817,70869,52
right_turning,70872,70869,70872,3
sniffing,71023,70872,71023,151
left_turning,71024,71023,71024,1
grooming,71262,71024,71262,238
walking,71263,71262,71263,1
sniffing,71264,71263,71264,1
stepping,71300,71264,71300,36
sniffing,71487,71300,71487,187
rising,71553,71487,71553,66
sniffing,71570,71553,71570,17
rearing,71571,71570,71571,1
hunching,71581,71571,71581,10
rearing,71607,71581,71607,26
stepping,71608,71607,71608,1
walking,71638,71608,71638,30
trotting,71687,71638,71687,49
stepping,71693,71687,71693,6
grooming,72403,71693,72403,710
rearing,72455,72403,72455,52
grooming,72502,72455,72502,47
left_turning,72542,72502,72542,40
grooming,72557,72542,72557,15
sniffing,72605,72557,72605,48
walking,72606,72605,72606,1
sniffing,72613,72606,72613,7
rising,72671,72613,72671,58
sniffing,72783,72671,72783,112
hunching,72791,72783,72791,8
rearing,72877,72791,72877,86
grooming,72878,72877,72878,1
rearing,72879,72878,72879,1
running,72910,72879,72910,31
climbing,72932,72910,72932,22
grooming,73038,72932,73038,106
walking,73101,73038,73101,63
climbing,73238,73101,73238,137
walking,73300,73238,73300,62
left_turning,73366,73300,73366,66
sniffing,73577,73366,73577,211
stepping,73658,73577,73658,81
sniffing,73789,73658,73789,131
stepping,73843,73789,73843,54
sniffing,73896,73843,73896,53
grooming,74006,73896,74006,110
climbing,74110,74006,74110,104
walking,74138,74110,74138,28
stepping,74146,74138,74146,8
rearing,74147,74146,74147,1
climbing,74210,74147,74210,63
left_turning,74211,74210,74211,1
walking,74226,74211,74226,15
sniffing,74392,74226,74392,166
right_turning,74439,74392,74439,47
sniffing,74571,74439,74571,132
stepping,74614,74571,74614,43
trotting,74628,74614,74628,14
climbing,74658,74628,74658,30
walking,74695,74658,74695,37
rising,74696,74695,74696,1
sniffing,74874,74696,74874,178
stepping,74901,74874,74901,27
trotting,74923,74901,74923,22
stepping,74940,74923,74940,17
climbing,75014,74940,75014,74
trotting,75036,75014,75036,22
grooming,75427,75036,75427,391
walking,75457,75427,75457,30
rising,75462,75457,75462,5
sniffing,75581,75462,75581,119
walking,75585,75581,75585,4
sniffing,75694,75585,75694,109
hunching,75810,75694,75810,116
sniffing,75811,75810,75811,1
trotting,75875,75811,75875,64
sniffing,76083,75875,76083,208
stepping,76122,76083,76122,39
rising,76202,76122,76202,80
climbing,76282,76202,76282,80
walking,76288,76282,76288,6
sniffing,76321,76288,76321,33
running,76364,76321,76364,43
trotting,76399,76364,76399,35
walking,76465,76399,76465,66
sniffing,76507,76465,76507,42
right_turning,76508,76507,76508,1
sniffing,76583,76508,76583,75
walking,76613,76583,76613,30
stepping,76677,76613,76677,64
sniffing,76678,76677,76678,1
stepping,76721,76678,76721,43
rising,76746,76721,76746,25
sniffing,76747,76746,76747,1
rising,76760,76747,76760,13
climbing,76820,76760,76820,60
grooming,77140,76820,77140,320
walking,77186,77140,77186,46
sniffing,77473,77186,77473,287
rising,77576,77473,77576,103
climbing,77586,77576,77586,10
grooming,77915,77586,77915,329
left_turning,77916,77915,77916,1
walking,77975,77916,77975,59
sniffing,78034,77975,78034,59
rising,78035,78034,78035,1
climbing,78134,78035,78134,99
grooming,78135,78134,78135,1
sniffing,78209,78135,78209,74
rising,78210,78209,78210,1
climbing,78243,78210,78243,33
rearing,78262,78243,78262,19
right_turning,78307,78262,78307,45
stepping,78346,78307,78346,39
climbing,78377,78346,78377,31
grooming,78378,78377,78378,1
scratching,78379,78378,78379,1
left_turning,78456,78379,78456,77
walking,78555,78456,78555,99
sniffing,78579,78555,78579,24
walking,78580,78579,78580,1
sniffing,78729,78580,78729,149
stepping,78780,78729,78780,51
right_turning,78789,78780,78789,9
sniffing,78856,78789,78856,67
rising,78857,78856,78857,1
hunching,78860,78857,78860,3
grooming,78861,78860,78861,1
walking,78910,78861,78910,49
sniffing,78911,78910,78911,1
grooming,79185,78911,79185,274
sniffing,79302,79185,79302,117
right_turning,79354,79302,79354,52
stepping,79389,79354,79389,35
rising,79390,79389,79390,1
left_turning,79422,79390,79422,32
stepping,79444,79422,79444,22
sniffing,79578,79444,79578,134
stepping,79626,79578,79626,48
sniffing,79627,79626,79627,1
walking,79648,79627,79648,21
trotting,79697,79648,79697,49
running,79730,79697,79730,33
trotting,79731,79730,79731,1
rising,79779,79731,79779,48
rearing,79817,79779,79817,38
sniffing,79818,79817,79818,1
grooming,79819,79818,79819,1
trotting,79820,79819,79820,1
walking,79833,79820,79833,13
sniffing,79834,79833,79834,1
walking,79913,79834,79913,79
rising,79914,79913,79914,1
climbing,79915,79914,79915,1
trotting,79942,79915,79942,27
stepping,79999,79942,79999,57
sniffing,80044,79999,80044,45
walking,80054,80044,80054,10
sniffing,80265,80054,80265,211
stepping,80307,80265,80307,42
sniffing,80372,80307,80372,65
walking,80425,80372,80425,53
right_turning,80426,80425,80426,1
walking,80442,80426,80442,16
sniffing,80585,80442,80585,143
stepping,80604,80585,80604,19
walking,80659,80604,80659,55
trotting,80667,80659,80667,8
rising,80708,80667,80708,41
rearing,80798,80708,80798,90
grooming,81347,80798,81347,549
rearing,81348,81347,81348,1
trotting,81371,81348,81371,23
sniffing,81477,81371,81477,106
rising,81565,81477,81565,88
climbing,81659,81565,81659,94
right_turning,81660,81659,81660,1
walking,81661,81660,81661,1
rising,81709,81661,81709,48
grooming,81751,81709,81751,42
hunching,81785,81751,81785,34
rearing,81816,81785,81816,31
sniffing,81874,81816,81874,58
rearing,81906,81874,81906,32
grooming,82347,81906,82347,441
rearing,82382,82347,82382,35
sniffing,82523,82382,82523,141
rearing,82636,82523,82636,113
grooming,83113,82636,83113,477
climbing,83198,83113,83198,85
right_turning,83214,83198,83214,16
sniffing,83345,83214,83345,131
rising,83346,83345,83346,1
stepping,83404,83346,83404,58
walking,83446,83404,83446,42
stepping,83479,83446,83479,33
sniffing,83606,83479,83606,127
rising,83662,83606,83662,56
rearing,83715,83662,83715,53
grooming,83737,83715,83737,22
sniffing,83984,83737,83984,247
walking,83986,83984,83986,2
stepping,84002,83986,84002,16
walking,84071,84002,84071,69
stepping,84075,84071,84075,4
sniffing,84100,84075,84100,25
walking,84124,84100,84124,24
sniffing,84253,84124,84253,129
rearing,84254,84253,84254,1
hunching,84290,84254,84290,36
rearing,84311,84290,84311,21
stepping,84375,84311,84375,64
sniffing,84568,84375,84568,193
climbing,84653,84568,84653,85
walking,84684,84653,84684,31
sniffing,84712,84684,84712,28
grooming,85035,84712,85035,323
rising,85036,85035,85036,1
rearing,85074,85036,85074,38
grooming,85715,85074,85715,641
rising,85740,85715,85740,25
sniffing,85785,85740,85785,45
climbing,85786,85785,85786,1
rising,85803,85786,85803,17
sniffing,85892,85803,85892,89
trotting,85928,85892,85928,36
rearing,85945,85928,85945,17
grooming,86276,85945,86276,331
sniffing,86320,86276,86320,44
walking,86321,86320,86321,1
running,86344,86321,86344,23
sniffing,86422,86344,86422,78
rising,86460,86422,86460,38
grooming,86780,86460,86780,320
rising,86781,86780,86781,1
sniffing,86883,86781,86883,102
stepping,86930,86883,86930,47
sniffing,86987,86930,86987,57
stepping,87054,86987,87054,67
left_turning,87067,87054,87067,13
rising,87135,87067,87135,68
rearing,87142,87135,87142,7
grooming,87346,87142,87346,204
sniffing,87401,87346,87401,55
walking,87418,87401,87418,17
climbing,87526,87418,87526,108
right_turning,87591,87526,87591,65
running,87612,87591,87612,21
trotting,87620,87612,87620,8
sniffing,87695,87620,87695,75
stepping,87740,87695,87740,45
sniffing,87812,87740,87812,72
rearing,87815,87812,87815,3
sniffing,87859,87815,87859,44
walking,87884,87859,87884,25
stepping,87919,87884,87919,35
right_turning,87920,87919,87920,1
walking,87954,87920,87954,34
trotting,87977,87954,87977,23
sniffing,88011,87977,88011,34
stepping,88038,88011,88038,27
rearing,88062,88038,88062,24
hunching,88287,88062,88287,225
grooming,88288,88287,88288,1
sniffing,88386,88288,88386,98
left_turning,88456,88386,88456,70
sniffing,88474,88456,88474,18
rising,88517,88474,88517,43
walking,88546,88517,88546,29
sniffing,88547,88546,88547,1
climbing,88548,88547,88548,1
trotting,88568,88548,88568,20
stepping,88607,88568,88607,39
sniffing,88757,88607,88757,150
rising,88876,88757,88876,119
stepping,88934,88876,88934,58
sniffing,89021,88934,89021,87
stepping,89041,89021,89041,20
sniffing,89062,89041,89062,21
stepping,89076,89062,89076,14
sniffing,89236,89076,89236,160
walking,89276,89236,89276,40
running,89305,89276,89305,29
rearing,89329,89305,89329,24
sniffing,89330,89329,89330,1
left_turning,89394,89330,89394,64
trotting,89399,89394,89399,5
stepping,89434,89399,89434,35
trotting,89445,89434,89445,11
running,89465,89445,89465,20
right_turning,89473,89465,89473,8
stepping,89547,89473,89547,74
trotting,89596,89547,89596,49
rearing,89695,89596,89695,99
grooming,89839,89695,89839,144
rearing,89860,89839,89860,21
grooming,90066,89860,90066,206
right_turning,90067,90066,90067,1
sniffing,90201,90067,90201,134
stepping,90239,90201,90239,38
climbing,90259,90239,90259,20
stepping,90297,90259,90297,38
sniffing,90298,90297,90298,1
rising,90323,90298,90323,25
grooming,90757,90323,90757,434
rising,90758,90757,90758,1
climbing,90840,90758,90840,82
left_turning,90841,90840,90841,1
rearing,90916,90841,90916,75
right_turning,90977,90916,90977,61
stepping,91010,90977,91010,33
walking,91011,91010,91011,1
left_turning,91035,91011,91035,24
stepping,91048,91035,91048,13
scratching,91049,91048,91049,1
grooming,91302,91049,91302,253
rearing,91303,91302,91303,1
left_turning,91304,91303,91304,1
stepping,91366,91304,91366,62
walking,91367,91366,91367,1
stepping,91391,91367,91391,24
sniffing,91632,91391,91632,241
stepping,91663,91632,91663,31
rising,91716,91663,91716,53
climbing,91767,91716,91767,51
sniffing,92007,91767,92007,240
grooming,92084,92007,92084,77
hunching,92109,92084,92109,25
left_turning,92137,92109,92137,28
stepping,92249,92137,92249,112
grooming,92250,92249,92250,1
left_turning,92287,92250,92287,37
grooming,92358,92287,92358,71
running,92407,92358,92407,49
climbing,92522,92407,92522,115
sniffing,92527,92522,92527,5
walking,92533,92527,92533,6
stepping,92534,92533,92534,1
climbing,92688,92534,92688,154
rearing,92689,92688,92689,1
climbing,92719,92689,92719,30
rising,92771,92719,92771,52
hunching,92874,92771,92874,103
grooming,92947,92874,92947,73
walking,92965,92947,92965,18
trotting,93025,92965,93025,60
sniffing,93209,93025,93209,184
grooming,93257,93209,93257,48
climbing,93302,93257,93302,45
trotting,93349,93302,93349,47
stepping,93363,93349,93363,14
sniffing,93502,93363,93502,139
stepping,93574,93502,93574,72
sniffing,93772,93574,93772,198
rising,93830,93772,93830,58
stepping,93845,93830,93845,15
climbing,93858,93845,93858,13
grooming,93859,93858,93859,1
walking,93919,93859,93919,60
left_turning,93946,93919,93946,27
walking,93961,93946,93961,15
right_turning,93984,93961,93984,23
sniffing,94022,93984,94022,38
left_turning,94041,94022,94041,19
trotting,94074,94041,94074,33
sniffing,94191,94074,94191,117
walking,94232,94191,94232,41
grooming,94274,94232,94274,42
right_turning,94308,94274,94308,34
sniffing,94326,94308,94326,18
grooming,94403,94326,94403,77
right_turning,94443,94403,94443,40
trotting,94455,94443,94455,12
sniffing,94464,94455,94464,9
stepping,94504,94464,94504,40
sniffing,94674,94504,94674,170
rising,94720,94674,94720,46
climbing,94818,94720,94818,98
walking,94908,94818,94908,90
trotting,94953,94908,94953,45
stepping,95005,94953,95005,52
sniffing,95075,95005,95075,70
left_turning,95180,95075,95180,105
climbing,95302,95180,95302,122
stepping,95361,95302,95361,59
grooming,95391,95361,95391,30
rearing,95489,95391,95489,98
grooming,95886,95489,95886,397
rearing,95960,95886,95960,74
left_turning,96021,95960,96021,61
climbing,96112,96021,96112,91
rearing,96145,96112,96145,33
left_turning,96146,96145,96146,1
walking,96176,96146,96176,30
sniffing,96256,96176,96256,80
rearing,96283,96256,96283,27
rising,96329,96283,96329,46
sniffing,96435,96329,96435,106
stepping,96441,96435,96441,6
rising,96442,96441,96442,1
grooming,96443,96442,96443,1
sniffing,96500,96443,96500,57
climbing,96675,96500,96675,175
sniffing,96819,96675,96819,144
right_turning,96841,96819,96841,22
trotting,96864,96841,96864,23
sniffing,96999,96864,96999,135
scratching,97000,96999,97000,1
sniffing,97058,97000,97058,58
trotting,97061,97058,97061,3
walking,97095,97061,97095,34
trotting,97114,97095,97114,19
sniffing,97259,97114,97259,145
walking,97320,97259,97320,61
stepping,97330,97320,97330,10
sniffing,97331,97330,97331,1
grooming,97414,97331,97414,83
hunching,97415,97414,97415,1
grooming,97766,97415,97766,351
rearing,97888,97766,97888,122
climbing,98004,97888,98004,116
left_turning,98005,98004,98005,1
sniffing,98023,98005,98023,18
rising,98097,98023,98097,74
climbing,98213,98097,98213,116
rising,98253,98213,98253,40
walking,98292,98253,98292,39
sniffing,98306,98292,98306,14
walking,98370,98306,98370,64
sniffing,98507,98370,98507,137
right_turning,98595,98507,98595,88
trotting,98634,98595,98634,39
walking,98697,98634,98697,63
sniffing,98946,98697,98946,249
rising,98947,98946,98947,1
climbing,99013,98947,99013,66
stepping,99069,99013,99069,56
sniffing,99107,99069,99107,38
hunching,99178,99107,99178,71
sniffing,99179,99178,99179,1
rising,99180,99179,99180,1
rearing,99297,99180,99297,117
grooming,99298,99297,99298,1
right_turning,99315,99298,99315,17
stepping,99362,99315,99362,47
sniffing,99513,99362,99513,151
trotting,99529,99513,99529,16
sniffing,99611,99529,99611,82
grooming,99612,99611,99612,1
sniffing,99717,99612,99717,105
walking,99718,99717,99718,1
sniffing,99719,99718,99719,1
walking,99775,99719,99775,56
rearing,99858,99775,99858,83
grooming,100022,99858,100022,164
right_turning,100087,100022,100087,65
stepping,100110,100087,100110,23
climbing,100264,100110,100264,154
stepping,100265,100264,100265,1
rearing,100271,100265,100271,6
rising,100272,100271,100272,1
climbing,100273,100272,100273,1
running,100304,100273,100304,31
sniffing,100432,100304,100432,128
grooming,100433,100432,100433,1
rearing,100557,100433,100557,124
left_turning,100597,100557,100597,40
stepping,100655,100597,100655,58
sniffing,100670,100655,100670,15
stepping,100687,100670,100687,17
sniffing,100709,100687,100709,22
stepping,100744,100709,100744,35
walking,100788,100744,100788,44
stepping,100813,100788,100813,25
sniffing,100965,100813,100965,152
scratching,100966,100965,100966,1
left_turning,101006,100966,101006,40
sniffing,101115,101006,101115,109
left_turning,101136,101115,101136,21
walking,101181,101136,101181,45
sniffing,101270,101181,101270,89
walking,101281,101270,101281,11
rising,101282,101281,101282,1
rearing,101283,101282,101283,1
rising,101359,101283,101359,76
walking,101376,101359,101376,17
stepping,101422,101376,101422,46
sniffing,101434,101422,101434,12
rising,101499,101434,101499,65
sniffing,101677,101499,101677,178
rearing,101780,101677,101780,103
grooming,101781,101780,101781,1
right_turning,101849,101781,101849,68
stepping,101868,101849,101868,19
sniffing,102021,101868,102021,153
rising,102025,102021,102025,4
grooming,102292,102025,102292,267
rearing,102425,102292,102425,133
climbing,102543,102425,102543,118
stepping,102571,102543,102571,28
sniffing,102597,102571,102597,26
stepping,102670,102597,102670,73
sniffing,102767,102670,102767,97
stepping,102825,102767,102825,58
climbing,102826,102825,102826,1
rearing,102852,102826,102852,26
sniffing,103023,102852,103023,171
scratching,103024,103023,103024,1
sniffing,103217,103024,103217,193
grooming,103386,103217,103386,169
rising,103387,103386,103387,1
climbing,103388,103387,103388,1
walking,103415,103388,103415,27
climbing,103421,103415,103421,6
rearing,103469,103421,103469,48
stepping,103507,103469,103507,38
rearing,103745,103507,103745,238
sniffing,103746,103745,103746,1
scratching,103747,103746,103747,1
sniffing,103763,103747,103763,16
grooming,103764,103763,103764,1
rearing,103820,103764,103820,56
rising,103892,103820,103892,72
stepping,103936,103892,103936,44
sniffing,104099,103936,104099,163
left_turning,104126,104099,104126,27
walking,104148,104126,104148,22
stepping,104205,104148,104205,57
sniffing,104396,104205,104396,191
rising,104502,104396,104502,106
rearing,104503,104502,104503,1
left_turning,104568,104503,104568,65
rising,104569,104568,104569,1
climbing,104657,104569,104657,88
sniffing,104913,104657,104913,256
stepping,104991,104913,104991,78
sniffing,105045,104991,105045,54
rising,105048,105045,105048,3
sniffing,105296,105048,105296,248
rearing,105359,105296,105359,63
stepping,105382,105359,105382,23
rising,105392,105382,105392,10
stepping,105410,105392,105410,18
walking,105445,105410,105445,35
sniffing,105505,105445,105505,60
grooming,105932,105505,105932,427
rearing,105959,105932,105959,27
grooming,106244,105959,106244,285
hunching,106379,106244,106379,135
grooming,106640,106379,106640,261
sniffing,106786,106640,106786,146
left_turning,106813,106786,106813,27
walking,106846,106813,106846,33
trotting,106887,106846,106887,41
rearing,106918,106887,106918,31
sniffing,106928,106918,106928,10
stepping,106947,106928,106947,19
rearing,107116,106947,107116,169
sniffing,107285,107116,107285,169
grooming,107286,107285,107286,1
rearing,107347,107286,107347,61
rising,107355,107347,107355,8
walking,107368,107355,107368,13
stepping,107377,107368,107377,9
sniffing,107433,107377,107433,56
walking,107476,107433,107476,43
sniffing,107571,107476,107571,95
walking,107621,107571,107621,50
sniffing,107666,107621,107666,45
stepping,107700,107666,107700,34
walking,107834,107700,107834,134
sniffing,107963,107834,107963,129
walking,107965,107963,107965,2
climbing,108000,107965,108000,35
