revised_movement_label,segBoundary,segBoundary_start,segBoundary_end,length
sniffing,56,0,56,56
walking,97,56,97,41
rising,105,97,105,8
climbing,137,105,137,32
left_turning,244,137,244,107
walking,245,244,245,1
running,285,245,285,40
walking,320,285,320,35
sniffing,404,320,404,84
stepping,413,404,413,9
trotting,442,413,442,29
sniffing,486,442,486,44
walking,499,486,499,13
stepping,500,499,500,1
sniffing,584,500,584,84
stepping,610,584,610,26
walking,628,610,628,18
sniffing,654,628,654,26
rising,728,654,728,74
left_turning,729,728,729,1
rising,799,729,799,70
left_turning,876,799,876,77
sniffing,950,876,950,74
rising,1002,950,1002,52
stepping,1027,1002,1027,25
walking,1068,1027,1068,41
sniffing,1169,1068,1169,101
stepping,1235,1169,1235,66
walking,1279,1235,1279,44
sniffing,1294,1279,1294,15
grooming,1330,1294,1330,36
rearing,1380,1330,1380,50
climbing,1444,1380,1444,64
sniffing,1470,1444,1470,26
rising,1471,1470,1471,1
sniffing,1472,1471,1472,1
stepping,1554,1472,1554,82
walking,1579,1554,1579,25
sniffing,1609,1579,1609,30
trotting,1635,1609,1635,26
sniffing,1787,1635,1787,152
rising,1822,1787,1822,35
climbing,1827,1822,1827,5
left_turning,1860,1827,1860,33
grooming,1936,1860,1936,76
hunching,1960,1936,1960,24
left_turning,2022,1960,2022,62
sniffing,2078,2022,2078,56
rising,2113,2078,2113,35
climbing,2200,2113,2200,87
sniffing,2278,2200,2278,78
rising,2288,2278,2288,10
sniffing,2354,2288,2354,66
stepping,2382,2354,2382,28
trotting,2421,2382,2421,39
stepping,2437,2421,2437,16
walking,2472,2437,2472,35
sniffing,2477,2472,2477,5
rising,2538,2477,2538,61
stepping,2591,2538,2591,53
sniffing,2637,2591,2637,46
rising,2643,2637,2643,6
stepping,2664,2643,2664,21
walking,2672,2664,2672,8
sniffing,2673,2672,2673,1
right_turning,2731,2673,2731,58
sniffing,2732,2731,2732,1
walking,2789,2732,2789,57
stepping,2859,2789,2859,70
sniffing,2868,2859,2868,9
stepping,2915,2868,2915,47
sniffing,2947,2915,2947,32
rising,2948,2947,2948,1
grooming,3001,2948,3001,53
sniffing,3049,3001,3049,48
rising,3137,3049,3137,88
trotting,3183,3137,3183,46
walking,3211,3183,3211,28
trotting,3244,3211,3244,33
walking,3311,3244,3311,67
left_turning,3385,3311,3385,74
sniffing,3386,3385,3386,1
rising,3405,3386,3405,19
trotting,3482,3405,3482,77
rising,3499,3482,3499,17
walking,3520,3499,3520,21
sniffing,3521,3520,3521,1
walking,3540,3521,3540,19
stepping,3578,3540,3578,38
walking,3662,3578,3662,84
trotting,3675,3662,3675,13
walking,3693,3675,3693,18
rising,3702,3693,3702,9
grooming,3889,3702,3889,187
trotting,3933,3889,3933,44
sniffing,3934,3933,3934,1
rising,3994,3934,3994,60
hunching,3996,3994,3996,2
grooming,4115,3996,4115,119
sniffing,4153,4115,4153,38
rising,4154,4153,4154,1
grooming,4155,4154,4155,1
sniffing,4205,4155,4205,50
rising,4208,4205,4208,3
rearing,4209,4208,4209,1
sniffing,4300,4209,4300,91
walking,4313,4300,4313,13
trotting,4359,4313,4359,46
walking,4382,4359,4382,23
stepping,4437,4382,4437,55
rearing,4438,4437,4438,1
climbing,4539,4438,4539,101
rearing,4575,4539,4575,36
grooming,4756,4575,4756,181
rearing,4833,4756,4833,77
sniffing,4962,4833,4962,129
stepping,4999,4962,4999,37
walking,5042,4999,5042,43
rising,5086,5042,5086,44
sniffing,5142,5086,5142,56
walking,5186,5142,5186,44
sniffing,5284,5186,5284,98
running,5291,5284,5291,7
sniffing,5400,5291,5400,109
walking,5439,5400,5439,39
running,5479,5439,5479,40
walking,5554,5479,5554,75
left_turning,5555,5554,5555,1
running,5594,5555,5594,39
sniffing,5697,5594,5697,103
rearing,5752,5697,5752,55
sniffing,5930,5752,5930,178
grooming,5961,5930,5961,31
left_turning,6009,5961,6009,48
rising,6061,6009,6061,52
climbing,6091,6061,6091,30
grooming,6092,6091,6092,1
trotting,6118,6092,6118,26
walking,6197,6118,6197,79
stepping,6255,6197,6255,58
right_turning,6256,6255,6256,1
trotting,6316,6256,6316,60
sniffing,6324,6316,6324,8
running,6344,6324,6344,20
walking,6404,6344,6404,60
rising,6405,6404,6405,1
walking,6465,6405,6465,60
sniffing,6511,6465,6511,46
grooming,6633,6511,6633,122
right_turning,6636,6633,6636,3
walking,6662,6636,6662,26
stepping,6705,6662,6705,43
sniffing,6762,6705,6762,57
rising,6803,6762,6803,41
sniffing,6815,6803,6815,12
walking,6908,6815,6908,93
running,6947,6908,6947,39
trotting,6980,6947,6980,33
sniffing,7045,6980,7045,65
running,7074,7045,7074,29
trotting,7105,7074,7105,31
walking,7121,7105,7121,16
sniffing,7163,7121,7163,42
walking,7227,7163,7227,64
sniffing,7248,7227,7248,21
grooming,7429,7248,7429,181
left_turning,7458,7429,7458,29
sniffing,7459,7458,7459,1
stepping,7526,7459,7526,67
trotting,7550,7526,7550,24
running,7571,7550,7571,21
left_turning,7618,7571,7618,47
running,7631,7618,7631,13
walking,7666,7631,7666,35
sniffing,7686,7666,7686,20
stepping,7713,7686,7713,27
trotting,7773,7713,7773,60
stepping,7832,7773,7832,59
walking,7833,7832,7833,1
stepping,7875,7833,7875,42
walking,7956,7875,7956,81
stepping,7957,7956,7957,1
walking,7985,7957,7985,28
sniffing,8067,7985,8067,82
rising,8100,8067,8100,33
rearing,8161,8100,8161,61
climbing,8197,8161,8197,36
right_turning,8209,8197,8209,12
running,8241,8209,8241,32
walking,8373,8241,8373,132
rising,8391,8373,8391,18
grooming,8392,8391,8392,1
rising,8414,8392,8414,22
sniffing,8442,8414,8442,28
left_turning,8463,8442,8463,21
walking,8497,8463,8497,34
rising,8519,8497,8519,22
left_turning,8522,8519,8522,3
grooming,8526,8522,8526,4
rising,8567,8526,8567,41
walking,8570,8567,8570,3
rising,8662,8570,8662,92
sniffing,8730,8662,8730,68
walking,8803,8730,8803,73
rising,8825,8803,8825,22
left_turning,8868,8825,8868,43
running,8872,8868,8872,4
walking,8945,8872,8945,73
sniffing,8946,8945,8946,1
rising,8957,8946,8957,11
running,8992,8957,8992,35
walking,9020,8992,9020,28
sniffing,9021,9020,9021,1
rising,9024,9021,9024,3
walking,9056,9024,9056,32
stepping,9156,9056,9156,100
right_turning,9159,9156,9159,3
walking,9160,9159,9160,1
sniffing,9161,9160,9161,1
grooming,9311,9161,9311,150
hunching,9326,9311,9326,15
grooming,9385,9326,9385,59
sniffing,9517,9385,9517,132
rearing,9535,9517,9535,18
hunching,9570,9535,9570,35
sniffing,9571,9570,9571,1
walking,9575,9571,9575,4
right_turning,9619,9575,9619,44
stepping,9620,9619,9620,1
grooming,9699,9620,9699,79
sniffing,9727,9699,9727,28
rising,9757,9727,9757,30
climbing,9864,9757,9864,107
grooming,9927,9864,9927,63
rising,9987,9927,9987,60
grooming,10031,9987,10031,44
rising,10069,10031,10069,38
climbing,10103,10069,10103,34
walking,10129,10103,10129,26
stepping,10158,10129,10158,29
sniffing,10265,10158,10265,107
stepping,10340,10265,10340,75
grooming,10463,10340,10463,123
hunching,10481,10463,10481,18
grooming,10559,10481,10559,78
sniffing,10592,10559,10592,33
stepping,10631,10592,10631,39
trotting,10635,10631,10635,4
sniffing,10796,10635,10796,161
walking,10813,10796,10813,17
stepping,10825,10813,10825,12
walking,10855,10825,10855,30
grooming,11130,10855,11130,275
rising,11152,11130,11152,22
stepping,11172,11152,11172,20
walking,11179,11172,11179,7
trotting,11256,11179,11256,77
sniffing,11307,11256,11307,51
grooming,11327,11307,11327,20
hunching,11334,11327,11334,7
grooming,11335,11334,11335,1
scratching,11336,11335,11336,1
sniffing,11342,11336,11342,6
grooming,11364,11342,11364,22
sniffing,11365,11364,11365,1
right_turning,11456,11365,11456,91
stepping,11510,11456,11510,54
grooming,11597,11510,11597,87
rising,11655,11597,11655,58
sniffing,11694,11655,11694,39
right_turning,11785,11694,11785,91
trotting,11824,11785,11824,39
walking,11825,11824,11825,1
trotting,11844,11825,11844,19
sniffing,11921,11844,11921,77
grooming,11922,11921,11922,1
rearing,11923,11922,11923,1
rising,11979,11923,11979,56
grooming,12095,11979,12095,116
scratching,12096,12095,12096,1
sniffing,12209,12096,12209,113
left_turning,12266,12209,12266,57
rising,12298,12266,12298,32
grooming,12299,12298,12299,1
rearing,12301,12299,12301,2
climbing,12332,12301,12332,31
grooming,12517,12332,12517,185
trotting,12546,12517,12546,29
sniffing,12676,12546,12676,130
climbing,12721,12676,12721,45
left_turning,12722,12721,12722,1
trotting,12770,12722,12770,48
walking,12817,12770,12817,47
climbing,12853,12817,12853,36
grooming,13170,12853,13170,317
sniffing,13300,13170,13300,130
grooming,13339,13300,13339,39
sniffing,13380,13339,13380,41
stepping,13482,13380,13482,102
sniffing,13489,13482,13489,7
grooming,13501,13489,13501,12
walking,13569,13501,13569,68
left_turning,13624,13569,13624,55
running,13662,13624,13662,38
walking,13676,13662,13676,14
stepping,13696,13676,13696,20
climbing,13755,13696,13755,59
grooming,13830,13755,13830,75
rising,13881,13830,13881,51
sniffing,13893,13881,13893,12
walking,13903,13893,13903,10
left_turning,13953,13903,13953,50
walking,13958,13953,13958,5
left_turning,13994,13958,13994,36
sniffing,13995,13994,13995,1
grooming,14055,13995,14055,60
stepping,14105,14055,14105,50
walking,14144,14105,14144,39
left_turning,14200,14144,14200,56
sniffing,14224,14200,14224,24
grooming,14227,14224,14227,3
rising,14256,14227,14256,29
rearing,14349,14256,14349,93
grooming,14353,14349,14353,4
sniffing,14839,14353,14839,486
scratching,14840,14839,14840,1
sniffing,14892,14840,14892,52
right_turning,14946,14892,14946,54
walking,14967,14946,14967,21
sniffing,14968,14967,14968,1
stepping,14969,14968,14969,1
right_turning,15020,14969,15020,51
walking,15051,15020,15051,31
grooming,15156,15051,15156,105
sniffing,15197,15156,15197,41
grooming,15259,15197,15259,62
walking,15332,15259,15332,73
rising,15340,15332,15340,8
sniffing,15533,15340,15533,193
trotting,15580,15533,15580,47
sniffing,15617,15580,15617,37
left_turning,15664,15617,15664,47
grooming,15734,15664,15734,70
sniffing,15784,15734,15784,50
walking,15794,15784,15794,10
stepping,15869,15794,15869,75
rearing,15908,15869,15908,39
grooming,15909,15908,15909,1
walking,15955,15909,15955,46
trotting,16005,15955,16005,50
sniffing,16079,16005,16079,74
rising,16106,16079,16106,27
rearing,16138,16106,16138,32
hunching,16153,16138,16153,15
grooming,16189,16153,16189,36
sniffing,16200,16189,16200,11
stepping,16237,16200,16237,37
rising,16293,16237,16293,56
stepping,16314,16293,16314,21
rising,16328,16314,16328,14
walking,16329,16328,16329,1
sniffing,16510,16329,16510,181
stepping,16532,16510,16532,22
sniffing,16594,16532,16594,62
walking,16603,16594,16603,9
stepping,16632,16603,16632,29
walking,16682,16632,16682,50
stepping,16703,16682,16703,21
walking,16752,16703,16752,49
stepping,16789,16752,16789,37
rising,16790,16789,16790,1
rearing,16791,16790,16791,1
hunching,16795,16791,16795,4
rearing,16796,16795,16796,1
sniffing,16797,16796,16797,1
stepping,16798,16797,16798,1
walking,16829,16798,16829,31
trotting,16880,16829,16880,51
sniffing,16888,16880,16888,8
grooming,16987,16888,16987,99
left_turning,17049,16987,17049,62
sniffing,17080,17049,17080,31
rising,17091,17080,17091,11
trotting,17108,17091,17108,17
walking,17169,17108,17169,61
stepping,17215,17169,17215,46
sniffing,17216,17215,17216,1
grooming,17247,17216,17247,31
climbing,17264,17247,17264,17
grooming,17355,17264,17355,91
walking,17356,17355,17356,1
trotting,17414,17356,17414,58
rising,17425,17414,17425,11
rearing,17431,17425,17431,6
hunching,17508,17431,17508,77
grooming,17509,17508,17509,1
sniffing,17603,17509,17603,94
walking,17660,17603,17660,57
sniffing,17787,17660,17787,127
stepping,17844,17787,17844,57
sniffing,17936,17844,17936,92
grooming,17937,17936,17937,1
stepping,17990,17937,17990,53
trotting,18048,17990,18048,58
sniffing,18280,18048,18280,232
grooming,18604,18280,18604,324
running,18605,18604,18605,1
walking,18616,18605,18616,11
sniffing,18736,18616,18736,120
stepping,18758,18736,18758,22
walking,18807,18758,18807,49
sniffing,18873,18807,18873,66
rearing,18902,18873,18902,29
hunching,18913,18902,18913,11
grooming,19093,18913,19093,180
climbing,19196,19093,19196,103
walking,19221,19196,19221,25
trotting,19241,19221,19241,20
sniffing,19252,19241,19252,11
walking,19265,19252,19265,13
right_turning,19304,19265,19304,39
grooming,19417,19304,19417,113
hunching,19423,19417,19423,6
rearing,19424,19423,19424,1
rising,19425,19424,19425,1
rearing,19459,19425,19459,34
walking,19519,19459,19519,60
stepping,19571,19519,19571,52
sniffing,19592,19571,19592,21
rearing,19631,19592,19631,39
hunching,19662,19631,19662,31
climbing,19721,19662,19721,59
trotting,19753,19721,19753,32
stepping,19791,19753,19791,38
walking,19833,19791,19833,42
rising,19850,19833,19850,17
climbing,19916,19850,19916,66
grooming,19949,19916,19949,33
trotting,19973,19949,19973,24
rising,20040,19973,20040,67
walking,20150,20040,20150,110
sniffing,20229,20150,20229,79
rising,20310,20229,20310,81
walking,20337,20310,20337,27
stepping,20400,20337,20400,63
climbing,20457,20400,20457,57
right_turning,20458,20457,20458,1
sniffing,20459,20458,20459,1
rising,20493,20459,20493,34
grooming,20494,20493,20494,1
hunching,20517,20494,20517,23
rearing,20535,20517,20535,18
grooming,20711,20535,20711,176
left_turning,20783,20711,20783,72
walking,20836,20783,20836,53
sniffing,20911,20836,20911,75
stepping,21033,20911,21033,122
walking,21065,21033,21065,32
trotting,21077,21065,21077,12
stepping,21143,21077,21143,66
sniffing,21222,21143,21222,79
rising,21247,21222,21247,25
climbing,21349,21247,21349,102
grooming,21500,21349,21500,151
rising,21515,21500,21515,15
left_turning,21547,21515,21547,32
scratching,21548,21547,21548,1
sniffing,21650,21548,21650,102
hunching,21704,21650,21704,54
rising,21714,21704,21714,10
grooming,21715,21714,21715,1
sniffing,21716,21715,21716,1
stepping,21768,21716,21768,52
sniffing,21769,21768,21769,1
hunching,21813,21769,21813,44
grooming,21855,21813,21855,42
walking,21930,21855,21930,75
climbing,22034,21930,22034,104
grooming,22117,22034,22117,83
hunching,22178,22117,22178,61
grooming,22214,22178,22214,36
sniffing,22275,22214,22275,61
running,22310,22275,22310,35
sniffing,22395,22310,22395,85
stepping,22448,22395,22448,53
sniffing,22449,22448,22449,1
stepping,22465,22449,22465,16
grooming,22571,22465,22571,106
climbing,22572,22571,22572,1
sniffing,22665,22572,22665,93
stepping,22693,22665,22693,28
sniffing,22779,22693,22779,86
rising,22791,22779,22791,12
stepping,22823,22791,22823,32
trotting,22840,22823,22840,17
sniffing,22870,22840,22870,30
left_turning,22932,22870,22932,62
sniffing,22960,22932,22960,28
climbing,23018,22960,23018,58
grooming,23162,23018,23162,144
trotting,23189,23162,23189,27
stepping,23238,23189,23238,49
walking,23324,23238,23324,86
sniffing,23329,23324,23329,5
stepping,23374,23329,23374,45
grooming,23434,23374,23434,60
left_turning,23447,23434,23447,13
walking,23543,23447,23543,96
right_turning,23544,23543,23544,1
sniffing,23556,23544,23556,12
trotting,23601,23556,23601,45
stepping,23638,23601,23638,37
sniffing,23670,23638,23670,32
stepping,23681,23670,23681,11
left_turning,23769,23681,23769,88
grooming,23797,23769,23797,28
stepping,23819,23797,23819,22
sniffing,23854,23819,23854,35
trotting,23910,23854,23910,56
stepping,23946,23910,23946,36
walking,24040,23946,24040,94
rising,24041,24040,24041,1
climbing,24080,24041,24080,39
rearing,24117,24080,24117,37
grooming,24118,24117,24118,1
hunching,24135,24118,24135,17
grooming,24206,24135,24206,71
rearing,24207,24206,24207,1
grooming,24360,24207,24360,153
left_turning,24421,24360,24421,61
sniffing,24703,24421,24703,282
rising,24780,24703,24780,77
sniffing,24781,24780,24781,1
grooming,24865,24781,24865,84
rearing,24866,24865,24866,1
climbing,24887,24866,24887,21
left_turning,24920,24887,24920,33
grooming,24945,24920,24945,25
rising,24991,24945,24991,46
grooming,25013,24991,25013,22
sniffing,25021,25013,25021,8
stepping,25092,25021,25092,71
rising,25114,25092,25114,22
grooming,26111,25114,26111,997
walking,26181,26111,26181,70
stepping,26246,26181,26246,65
sniffing,26354,26246,26354,108
stepping,26391,26354,26391,37
sniffing,26468,26391,26468,77
grooming,26473,26468,26473,5
walking,26524,26473,26524,51
stepping,26586,26524,26586,62
walking,26646,26586,26646,60
stepping,26647,26646,26647,1
sniffing,26648,26647,26648,1
walking,26720,26648,26720,72
sniffing,26782,26720,26782,62
grooming,26807,26782,26807,25
rearing,26840,26807,26840,33
climbing,26897,26840,26897,57
stepping,26923,26897,26923,26
walking,27004,26923,27004,81
sniffing,27070,27004,27070,66
climbing,27073,27070,27073,3
rising,27110,27073,27110,37
trotting,27179,27110,27179,69
walking,27234,27179,27234,55
sniffing,27302,27234,27302,68
left_turning,27348,27302,27348,46
walking,27360,27348,27360,12
rising,27416,27360,27416,56
grooming,27417,27416,27417,1
sniffing,27508,27417,27508,91
running,27520,27508,27520,12
walking,27577,27520,27577,57
stepping,27616,27577,27616,39
sniffing,27669,27616,27669,53
rising,27701,27669,27701,32
rearing,27702,27701,27702,1
climbing,27719,27702,27719,17
stepping,27750,27719,27750,31
sniffing,27751,27750,27751,1
grooming,27799,27751,27799,48
sniffing,27982,27799,27982,183
climbing,28031,27982,28031,49
sniffing,28034,28031,28034,3
rising,28055,28034,28055,21
sniffing,28170,28055,28170,115
left_turning,28237,28170,28237,67
stepping,28238,28237,28238,1
grooming,28334,28238,28334,96
climbing,28377,28334,28377,43
left_turning,28439,28377,28439,62
grooming,28616,28439,28616,177
right_turning,28673,28616,28673,57
walking,28693,28673,28693,20
sniffing,28744,28693,28744,51
walking,28746,28744,28746,2
grooming,28905,28746,28905,159
left_turning,28940,28905,28940,35
trotting,28991,28940,28991,51
walking,28992,28991,28992,1
sniffing,29055,28992,29055,63
stepping,29098,29055,29098,43
sniffing,29226,29098,29226,128
rising,29275,29226,29275,49
hunching,29284,29275,29284,9
grooming,29593,29284,29593,309
walking,29611,29593,29611,18
stepping,29663,29611,29663,52
walking,29748,29663,29748,85
right_turning,29794,29748,29794,46
walking,29879,29794,29879,85
stepping,29931,29879,29931,52
grooming,29932,29931,29932,1
stepping,29968,29932,29968,36
sniffing,30084,29968,30084,116
left_turning,30085,30084,30085,1
running,30124,30085,30124,39
trotting,30158,30124,30158,34
sniffing,30189,30158,30189,31
grooming,30190,30189,30190,1
left_turning,30234,30190,30234,44
sniffing,30298,30234,30298,64
stepping,30339,30298,30339,41
walking,30358,30339,30358,19
right_turning,30368,30358,30368,10
walking,30437,30368,30437,69
stepping,30443,30437,30443,6
sniffing,30444,30443,30444,1
rearing,30445,30444,30445,1
sniffing,30466,30445,30466,21
climbing,30488,30466,30488,22
stepping,30539,30488,30539,51
sniffing,30540,30539,30540,1
trotting,30585,30540,30585,45
sniffing,30607,30585,30607,22
walking,30665,30607,30665,58
grooming,30788,30665,30788,123
walking,30837,30788,30837,49
stepping,30886,30837,30886,49
walking,30923,30886,30923,37
running,30946,30923,30946,23
grooming,30954,30946,30954,8
left_turning,30960,30954,30960,6
rearing,31047,30960,31047,87
grooming,31119,31047,31119,72
sniffing,31293,31119,31293,174
running,31314,31293,31314,21
trotting,31326,31314,31326,12
sniffing,31483,31326,31483,157
grooming,31524,31483,31524,41
stepping,31547,31524,31547,23
walking,31602,31547,31602,55
trotting,31621,31602,31621,19
walking,31653,31621,31653,32
stepping,31724,31653,31724,71
sniffing,31757,31724,31757,33
left_turning,31792,31757,31792,35
grooming,31916,31792,31916,124
rising,31967,31916,31967,51
rearing,31973,31967,31973,6
grooming,32134,31973,32134,161
rearing,32233,32134,32233,99
grooming,32272,32233,32272,39
rising,32294,32272,32294,22
rearing,32368,32294,32368,74
grooming,32426,32368,32426,58
left_turning,32446,32426,32446,20
walking,32457,32446,32457,11
stepping,32525,32457,32525,68
sniffing,32625,32525,32625,100
walking,32651,32625,32651,26
sniffing,32671,32651,32671,20
walking,32700,32671,32700,29
sniffing,32713,32700,32713,13
left_turning,32735,32713,32735,22
running,32749,32735,32749,14
walking,32765,32749,32765,16
sniffing,32781,32765,32781,16
rising,32813,32781,32813,32
hunching,32830,32813,32830,17
rearing,32886,32830,32886,56
grooming,32887,32886,32887,1
rising,32900,32887,32900,13
rearing,32901,32900,32901,1
climbing,33002,32901,33002,101
right_turning,33038,33002,33038,36
walking,33044,33038,33044,6
running,33045,33044,33045,1
stepping,33100,33045,33100,55
walking,33112,33100,33112,12
stepping,33136,33112,33136,24
grooming,33165,33136,33165,29
climbing,33166,33165,33166,1
sniffing,33246,33166,33246,80
walking,33263,33246,33263,17
rising,33302,33263,33302,39
left_turning,33338,33302,33338,36
sniffing,33419,33338,33419,81
climbing,33465,33419,33465,46
trotting,33489,33465,33489,24
walking,33498,33489,33498,9
stepping,33499,33498,33499,1
sniffing,33502,33499,33502,3
grooming,33585,33502,33585,83
left_turning,33612,33585,33612,27
stepping,33684,33612,33684,72
climbing,33738,33684,33738,54
grooming,33782,33738,33782,44
rearing,33832,33782,33832,50
rising,33851,33832,33851,19
stepping,33882,33851,33882,31
sniffing,33975,33882,33975,93
rising,34006,33975,34006,31
sniffing,34164,34006,34164,158
stepping,34224,34164,34224,60
sniffing,34251,34224,34251,27
grooming,34428,34251,34428,177
sniffing,34494,34428,34494,66
stepping,34546,34494,34546,52
grooming,34731,34546,34731,185
hunching,34732,34731,34732,1
grooming,34733,34732,34733,1
climbing,34824,34733,34824,91
left_turning,34838,34824,34838,14
rising,34891,34838,34891,53
grooming,34987,34891,34987,96
sniffing,35068,34987,35068,81
grooming,35084,35068,35084,16
climbing,35201,35084,35201,117
rising,35283,35201,35283,82
sniffing,35292,35283,35292,9
grooming,35293,35292,35293,1
sniffing,35403,35293,35403,110
grooming,35574,35403,35574,171
running,35582,35574,35582,8
walking,35629,35582,35629,47
sniffing,35647,35629,35647,18
walking,35687,35647,35687,40
rising,35755,35687,35755,68
sniffing,35756,35755,35756,1
rising,35855,35756,35855,99
sniffing,35907,35855,35907,52
stepping,35963,35907,35963,56
grooming,36131,35963,36131,168
sniffing,36132,36131,36132,1
stepping,36165,36132,36165,33
grooming,36274,36165,36274,109
hunching,36344,36274,36344,70
grooming,36538,36344,36538,194
sniffing,36628,36538,36628,90
stepping,36668,36628,36668,40
grooming,36669,36668,36669,1
stepping,36718,36669,36718,49
sniffing,36719,36718,36719,1
walking,36776,36719,36776,57
sniffing,36947,36776,36947,171
walking,36968,36947,36968,21
grooming,37141,36968,37141,173
hunching,37192,37141,37192,51
left_turning,37284,37192,37284,92
sniffing,37345,37284,37345,61
rearing,37376,37345,37376,31
climbing,37384,37376,37384,8
trotting,37439,37384,37439,55
rising,37440,37439,37440,1
stepping,37474,37440,37474,34
walking,37486,37474,37486,12
grooming,37583,37486,37583,97
walking,37645,37583,37645,62
rising,37683,37645,37683,38
grooming,37684,37683,37684,1
walking,37704,37684,37704,20
trotting,37729,37704,37729,25
sniffing,37730,37729,37730,1
rising,37750,37730,37750,20
rearing,37784,37750,37784,34
grooming,37785,37784,37785,1
right_turning,37786,37785,37786,1
running,37836,37786,37836,50
sniffing,37853,37836,37853,17
rearing,37871,37853,37871,18
climbing,37872,37871,37872,1
rearing,38040,37872,38040,168
grooming,38061,38040,38061,21
rearing,38284,38061,38284,223
rising,38285,38284,38285,1
rearing,38355,38285,38355,70
grooming,38377,38355,38377,22
rearing,38394,38377,38394,17
climbing,38412,38394,38412,18
grooming,38504,38412,38504,92
running,38521,38504,38521,17
sniffing,38522,38521,38522,1
grooming,38591,38522,38591,69
rearing,38620,38591,38620,29
stepping,38621,38620,38621,1
walking,38689,38621,38689,68
stepping,38693,38689,38693,4
rising,38709,38693,38709,16
grooming,38866,38709,38866,157
left_turning,38870,38866,38870,4
rising,38907,38870,38907,37
sniffing,39002,38907,39002,95
walking,39045,39002,39045,43
sniffing,39161,39045,39161,116
grooming,39199,39161,39199,38
walking,39210,39199,39210,11
sniffing,39259,39210,39259,49
hunching,39273,39259,39273,14
grooming,39302,39273,39302,29
walking,39334,39302,39334,32
right_turning,39377,39334,39377,43
sniffing,39378,39377,39378,1
walking,39463,39378,39463,85
climbing,39515,39463,39515,52
rising,39534,39515,39534,19
hunching,39611,39534,39611,77
rearing,39624,39611,39624,13
grooming,39746,39624,39746,122
sniffing,39814,39746,39814,68
stepping,39840,39814,39840,26
rising,39841,39840,39841,1
hunching,39913,39841,39913,72
left_turning,39967,39913,39967,54
rearing,40035,39967,40035,68
grooming,40207,40035,40207,172
walking,40263,40207,40263,56
sniffing,40370,40263,40370,107
left_turning,40382,40370,40382,12
walking,40459,40382,40459,77
sniffing,40474,40459,40474,15
rearing,40592,40474,40592,118
climbing,40674,40592,40674,82
running,40700,40674,40700,26
rising,40770,40700,40770,70
climbing,40872,40770,40872,102
grooming,40935,40872,40935,63
sniffing,40936,40935,40936,1
stepping,40955,40936,40955,19
sniffing,40985,40955,40985,30
walking,41075,40985,41075,90
stepping,41094,41075,41094,19
walking,41130,41094,41130,36
sniffing,41262,41130,41262,132
rising,41266,41262,41266,4
grooming,41660,41266,41660,394
hunching,41756,41660,41756,96
left_turning,41787,41756,41787,31
walking,41832,41787,41832,45
rising,41836,41832,41836,4
right_turning,41837,41836,41837,1
trotting,41868,41837,41868,31
stepping,41915,41868,41915,47
walking,41945,41915,41945,30
sniffing,42168,41945,42168,223
walking,42202,42168,42202,34
grooming,42230,42202,42230,28
rearing,42266,42230,42266,36
grooming,42267,42266,42267,1
rising,42367,42267,42367,100
grooming,42605,42367,42605,238
sniffing,42700,42605,42700,95
left_turning,42718,42700,42718,18
stepping,42749,42718,42749,31
walking,42797,42749,42797,48
running,42826,42797,42826,29
walking,42940,42826,42940,114
sniffing,42974,42940,42974,34
grooming,42986,42974,42986,12
hunching,43045,42986,43045,59
grooming,43165,43045,43165,120
hunching,43180,43165,43180,15
grooming,43181,43180,43181,1
running,43220,43181,43220,39
grooming,43221,43220,43221,1
trotting,43253,43221,43253,32
walking,43270,43253,43270,17
sniffing,43386,43270,43386,116
trotting,43396,43386,43396,10
rising,43471,43396,43471,75
grooming,43552,43471,43552,81
rearing,43553,43552,43553,1
grooming,43753,43553,43753,200
hunching,43853,43753,43853,100
rearing,43857,43853,43857,4
grooming,43864,43857,43864,7
sniffing,43948,43864,43948,84
walking,43967,43948,43967,19
sniffing,43968,43967,43968,1
grooming,44034,43968,44034,66
scratching,44035,44034,44035,1
left_turning,44096,44035,44096,61
walking,44112,44096,44112,16
sniffing,44237,44112,44237,125
grooming,44256,44237,44256,19
walking,44370,44256,44370,114
sniffing,44460,44370,44460,90
rearing,44461,44460,44461,1
right_turning,44477,44461,44477,16
walking,44537,44477,44537,60
sniffing,44628,44537,44628,91
walking,44676,44628,44676,48
sniffing,44776,44676,44776,100
stepping,44799,44776,44799,23
rising,44833,44799,44833,34
climbing,44877,44833,44877,44
sniffing,44951,44877,44951,74
climbing,45053,44951,45053,102
walking,45054,45053,45054,1
rising,45069,45054,45069,15
hunching,45155,45069,45155,86
grooming,45390,45155,45390,235
stepping,45393,45390,45393,3
trotting,45422,45393,45422,29
walking,45423,45422,45423,1
stepping,45461,45423,45461,38
trotting,45504,45461,45504,43
sniffing,45540,45504,45540,36
rising,45541,45540,45541,1
climbing,45626,45541,45626,85
right_turning,45628,45626,45628,2
left_turning,45643,45628,45643,15
sniffing,45644,45643,45644,1
grooming,45645,45644,45645,1
left_turning,45646,45645,45646,1
walking,45647,45646,45647,1
sniffing,45648,45647,45648,1
grooming,45760,45648,45760,112
rearing,45780,45760,45780,20
grooming,45818,45780,45818,38
rising,45865,45818,45865,47
climbing,45943,45865,45943,78
trotting,45965,45943,45965,22
sniffing,46033,45965,46033,68
rising,46073,46033,46073,40
sniffing,46074,46073,46074,1
walking,46128,46074,46128,54
right_turning,46144,46128,46144,16
stepping,46196,46144,46196,52
walking,46219,46196,46219,23
trotting,46238,46219,46238,19
sniffing,46251,46238,46251,13
walking,46252,46251,46252,1
trotting,46287,46252,46287,35
walking,46400,46287,46400,113
sniffing,46499,46400,46499,99
left_turning,46500,46499,46500,1
sniffing,46615,46500,46615,115
walking,46689,46615,46689,74
sniffing,46776,46689,46776,87
stepping,46838,46776,46838,62
sniffing,46908,46838,46908,70
climbing,46977,46908,46977,69
grooming,47245,46977,47245,268
right_turning,47269,47245,47269,24
trotting,47312,47269,47312,43
rearing,47417,47312,47417,105
hunching,47427,47417,47427,10
grooming,47626,47427,47626,199
scratching,47627,47626,47627,1
walking,47688,47627,47688,61
running,47719,47688,47719,31
trotting,47737,47719,47737,18
walking,47739,47737,47739,2
sniffing,47800,47739,47800,61
rising,47866,47800,47866,66
rearing,47954,47866,47954,88
left_turning,47956,47954,47956,2
sniffing,48021,47956,48021,65
left_turning,48076,48021,48076,55
stepping,48111,48076,48111,35
grooming,48112,48111,48112,1
rearing,48113,48112,48113,1
climbing,48144,48113,48144,31
rearing,48507,48144,48507,363
grooming,48582,48507,48582,75
stepping,48613,48582,48613,31
running,48627,48613,48627,14
sniffing,48668,48627,48668,41
walking,48737,48668,48737,69
stepping,48757,48737,48757,20
trotting,48795,48757,48795,38
climbing,48838,48795,48838,43
grooming,48917,48838,48917,79
hunching,48926,48917,48926,9
grooming,49111,48926,49111,185
walking,49112,49111,49112,1
stepping,49167,49112,49167,55
walking,49188,49167,49188,21
sniffing,49236,49188,49236,48
stepping,49270,49236,49270,34
walking,49303,49270,49303,33
stepping,49389,49303,49389,86
sniffing,49401,49389,49401,12
left_turning,49445,49401,49445,44
walking,49478,49445,49478,33
right_turning,49487,49478,49487,9
walking,49580,49487,49580,93
left_turning,49593,49580,49593,13
sniffing,49694,49593,49694,101
stepping,49705,49694,49705,11
climbing,49777,49705,49777,72
grooming,49915,49777,49915,138
sniffing,49933,49915,49933,18
stepping,49945,49933,49945,12
sniffing,49946,49945,49946,1
hunching,49954,49946,49954,8
left_turning,50005,49954,50005,51
walking,50065,50005,50065,60
sniffing,50141,50065,50141,76
hunching,50181,50141,50181,40
grooming,50227,50181,50227,46
walking,50289,50227,50289,62
sniffing,50295,50289,50295,6
grooming,50404,50295,50404,109
stepping,50448,50404,50448,44
rearing,50522,50448,50522,74
walking,50658,50522,50658,136
rearing,50734,50658,50734,76
grooming,50917,50734,50917,183
climbing,50967,50917,50967,50
running,50968,50967,50968,1
trotting,50992,50968,50992,24
rearing,51032,50992,51032,40
grooming,51061,51032,51061,29
sniffing,51164,51061,51164,103
left_turning,51222,51164,51222,58
grooming,51511,51222,51511,289
walking,51603,51511,51603,92
stepping,51633,51603,51633,30
grooming,51634,51633,51634,1
left_turning,51769,51634,51769,135
stepping,51844,51769,51844,75
sniffing,51875,51844,51875,31
grooming,51984,51875,51984,109
sniffing,52060,51984,52060,76
trotting,52094,52060,52094,34
walking,52113,52094,52113,19
sniffing,52263,52113,52263,150
grooming,52377,52263,52377,114
rising,52385,52377,52385,8
grooming,52408,52385,52408,23
sniffing,52409,52408,52409,1
climbing,52489,52409,52489,80
stepping,52504,52489,52504,15
walking,52518,52504,52518,14
sniffing,52567,52518,52567,49
walking,52612,52567,52612,45
sniffing,52659,52612,52659,47
walking,52725,52659,52725,66
running,52738,52725,52738,13
trotting,52756,52738,52756,18
stepping,52830,52756,52830,74
walking,52950,52830,52950,120
sniffing,53074,52950,53074,124
hunching,53107,53074,53107,33
rearing,53108,53107,53108,1
grooming,53516,53108,53516,408
hunching,53608,53516,53608,92
grooming,53693,53608,53693,85
rearing,53694,53693,53694,1
grooming,53695,53694,53695,1
walking,53758,53695,53758,63
rising,53877,53758,53877,119
grooming,53878,53877,53878,1
walking,53909,53878,53909,31
sniffing,54015,53909,54015,106
stepping,54053,54015,54053,38
sniffing,54124,54053,54124,71
grooming,54125,54124,54125,1
scratching,54126,54125,54126,1
grooming,54532,54126,54532,406
scratching,54533,54532,54533,1
grooming,54534,54533,54534,1
climbing,54635,54534,54635,101
rearing,54636,54635,54636,1
sniffing,54683,54636,54683,47
rising,54684,54683,54684,1
sniffing,54685,54684,54685,1
left_turning,54686,54685,54686,1
grooming,54687,54686,54687,1
stepping,54725,54687,54725,38
trotting,54780,54725,54780,55
rising,54822,54780,54822,42
stepping,54912,54822,54912,90
climbing,54922,54912,54922,10
grooming,55149,54922,55149,227
climbing,55209,55149,55209,60
stepping,55242,55209,55242,33
walking,55328,55242,55328,86
stepping,55374,55328,55374,46
sniffing,55375,55374,55375,1
stepping,55462,55375,55462,87
rearing,55463,55462,55463,1
grooming,55547,55463,55547,84
hunching,55629,55547,55629,82
left_turning,55682,55629,55682,53
stepping,55704,55682,55704,22
sniffing,55823,55704,55823,119
left_turning,55874,55823,55874,51
rearing,55925,55874,55925,51
sniffing,55969,55925,55969,44
rising,56013,55969,56013,44
grooming,56484,56013,56484,471
running,56517,56484,56517,33
sniffing,56532,56517,56532,15
trotting,56549,56532,56549,17
left_turning,56625,56549,56625,76
grooming,56702,56625,56702,77
climbing,56775,56702,56775,73
rearing,56865,56775,56865,90
sniffing,56866,56865,56866,1
stepping,56973,56866,56973,107
sniffing,57310,56973,57310,337
walking,57341,57310,57341,31
sniffing,57463,57341,57463,122
grooming,57638,57463,57638,175
sniffing,57652,57638,57652,14
grooming,57711,57652,57711,59
rearing,57757,57711,57757,46
grooming,58426,57757,58426,669
walking,58447,58426,58447,21
sniffing,58537,58447,58537,90
walking,58576,58537,58576,39
sniffing,58698,58576,58698,122
walking,58760,58698,58760,62
trotting,58808,58760,58808,48
rising,58933,58808,58933,125
climbing,59018,58933,59018,85
grooming,59175,59018,59175,157
stepping,59186,59175,59186,11
sniffing,59237,59186,59237,51
stepping,59272,59237,59272,35
walking,59273,59272,59273,1
sniffing,59284,59273,59284,11
stepping,59327,59284,59327,43
walking,59391,59327,59391,64
stepping,59468,59391,59468,77
climbing,59510,59468,59510,42
trotting,59522,59510,59522,12
stepping,59550,59522,59550,28
grooming,59551,59550,59551,1
trotting,59584,59551,59584,33
stepping,59604,59584,59604,20
sniffing,59717,59604,59717,113
grooming,60359,59717,60359,642
climbing,60360,60359,60360,1
rearing,60423,60360,60423,63
climbing,60447,60423,60447,24
stepping,60448,60447,60448,1
sniffing,60500,60448,60500,52
rising,60501,60500,60501,1
grooming,60502,60501,60502,1
left_turning,60611,60502,60611,109
sniffing,60616,60611,60616,5
grooming,60859,60616,60859,243
left_turning,60908,60859,60908,49
stepping,60958,60908,60958,50
sniffing,61014,60958,61014,56
stepping,61068,61014,61068,54
rising,61072,61068,61072,4
stepping,61109,61072,61109,37
walking,61152,61109,61152,43
rising,61163,61152,61163,11
stepping,61213,61163,61213,50
climbing,61331,61213,61331,118
left_turning,61375,61331,61375,44
sniffing,61532,61375,61532,157
running,61558,61532,61558,26
walking,61702,61558,61702,144
rearing,61703,61702,61703,1
climbing,61805,61703,61805,102
walking,61896,61805,61896,91
sniffing,61897,61896,61897,1
stepping,61930,61897,61930,33
left_turning,61949,61930,61949,19
stepping,61950,61949,61950,1
sniffing,62049,61950,62049,99
rearing,62116,62049,62116,67
climbing,62205,62116,62205,89
sniffing,62280,62205,62280,75
stepping,62309,62280,62309,29
sniffing,62439,62309,62439,130
stepping,62485,62439,62485,46
left_turning,62498,62485,62498,13
sniffing,62499,62498,62499,1
grooming,62536,62499,62536,37
sniffing,62561,62536,62561,25
grooming,62583,62561,62583,22
sniffing,62618,62583,62618,35
walking,62644,62618,62644,26
rising,62645,62644,62645,1
grooming,63000,62645,63000,355
hunching,63038,63000,63038,38
grooming,63271,63038,63271,233
stepping,63343,63271,63343,72
walking,63419,63343,63419,76
rearing,63439,63419,63439,20
climbing,63460,63439,63460,21
rising,63461,63460,63461,1
walking,63494,63461,63494,33
sniffing,63665,63494,63665,171
running,63693,63665,63693,28
sniffing,63710,63693,63710,17
grooming,63813,63710,63813,103
sniffing,63814,63813,63814,1
running,63867,63814,63867,53
right_turning,63901,63867,63901,34
climbing,63979,63901,63979,78
grooming,64085,63979,64085,106
right_turning,64104,64085,64104,19
sniffing,64161,64104,64161,57
grooming,64448,64161,64448,287
stepping,64528,64448,64528,80
sniffing,64673,64528,64673,145
stepping,64739,64673,64739,66
sniffing,64740,64739,64740,1
climbing,64741,64740,64741,1
walking,64844,64741,64844,103
sniffing,64993,64844,64993,149
rising,65009,64993,65009,16
right_turning,65049,65009,65049,40
sniffing,65050,65049,65050,1
grooming,65538,65050,65538,488
stepping,65539,65538,65539,1
sniffing,65540,65539,65540,1
trotting,65559,65540,65559,19
sniffing,65600,65559,65600,41
walking,65637,65600,65637,37
sniffing,65674,65637,65674,37
climbing,65711,65674,65711,37
rearing,65816,65711,65816,105
hunching,65824,65816,65824,8
rearing,65825,65824,65825,1
sniffing,65826,65825,65826,1
stepping,65832,65826,65832,6
sniffing,65897,65832,65897,65
stepping,65912,65897,65912,15
rearing,65967,65912,65967,55
grooming,65968,65967,65968,1
rearing,65969,65968,65969,1
sniffing,66067,65969,66067,98
trotting,66115,66067,66115,48
climbing,66141,66115,66141,26
left_turning,66170,66141,66170,29
sniffing,66173,66170,66173,3
right_turning,66174,66173,66174,1
trotting,66197,66174,66197,23
climbing,66249,66197,66249,52
trotting,66312,66249,66312,63
stepping,66390,66312,66390,78
walking,66391,66390,66391,1
stepping,66436,66391,66436,45
sniffing,66437,66436,66437,1
stepping,66484,66437,66484,47
sniffing,66499,66484,66499,15
trotting,66526,66499,66526,27
walking,66527,66526,66527,1
sniffing,66837,66527,66837,310
stepping,66873,66837,66873,36
walking,66890,66873,66890,17
left_turning,66909,66890,66909,19
trotting,66930,66909,66930,21
walking,66945,66930,66945,15
stepping,66964,66945,66964,19
sniffing,66965,66964,66965,1
rising,66970,66965,66970,5
sniffing,66971,66970,66971,1
stepping,66980,66971,66980,9
walking,67016,66980,67016,36
trotting,67021,67016,67021,5
walking,67054,67021,67054,33
right_turning,67129,67054,67129,75
sniffing,67250,67129,67250,121
climbing,67325,67250,67325,75
walking,67326,67325,67326,1
stepping,67379,67326,67379,53
sniffing,67480,67379,67480,101
rearing,67481,67480,67481,1
grooming,67482,67481,67482,1
left_turning,67483,67482,67483,1
rising,67484,67483,67484,1
sniffing,67549,67484,67549,65
stepping,67557,67549,67557,8
walking,67591,67557,67591,34
climbing,67592,67591,67592,1
rising,67625,67592,67625,33
sniffing,67626,67625,67626,1
grooming,67691,67626,67691,65
rearing,67709,67691,67709,18
stepping,67746,67709,67746,37
right_turning,67775,67746,67775,29
trotting,67837,67775,67837,62
walking,67871,67837,67871,34
rising,67910,67871,67910,39
grooming,68141,67910,68141,231
rearing,68289,68141,68289,148
stepping,68323,68289,68323,34
rising,68395,68323,68395,72
stepping,68466,68395,68466,71
rising,68467,68466,68467,1
sniffing,68490,68467,68490,23
rising,68568,68490,68568,78
climbing,68651,68568,68651,83
right_turning,68661,68651,68661,10
stepping,68690,68661,68690,29
sniffing,68855,68690,68855,165
walking,68911,68855,68911,56
stepping,68931,68911,68931,20
left_turning,68992,68931,68992,61
rising,69057,68992,69057,65
grooming,69494,69057,69494,437
walking,69533,69494,69533,39
stepping,69534,69533,69534,1
walking,69547,69534,69547,13
stepping,69595,69547,69595,48
climbing,69739,69595,69739,144
grooming,70140,69739,70140,401
rearing,70209,70140,70209,69
grooming,70442,70209,70442,233
rearing,70513,70442,70513,71
climbing,70559,70513,70559,46
grooming,70649,70559,70649,90
rising,70676,70649,70676,27
left_turning,70719,70676,70719,43
trotting,70737,70719,70737,18
climbing,70804,70737,70804,67
grooming,70805,70804,70805,1
running,70827,70805,70827,22
rising,70828,70827,70828,1
sniffing,70902,70828,70902,74
right_turning,70903,70902,70903,1
sniffing,71106,70903,71106,203
trotting,71174,71106,71174,68
walking,71175,71174,71175,1
rising,71196,71175,71196,21
sniffing,71197,71196,71197,1
grooming,71427,71197,71427,230
hunching,71473,71427,71473,46
rearing,71484,71473,71484,11
sniffing,71500,71484,71500,16
walking,71545,71500,71545,45
sniffing,71641,71545,71641,96
rising,71642,71641,71642,1
grooming,71744,71642,71744,102
sniffing,71773,71744,71773,29
walking,71774,71773,71774,1
stepping,71823,71774,71823,49
rising,71845,71823,71845,22
stepping,71942,71845,71942,97
left_turning,71969,71942,71969,27
stepping,72024,71969,72024,55
walking,72086,72024,72086,62
rising,72088,72086,72088,2
rearing,72114,72088,72114,26
climbing,72182,72114,72182,68
trotting,72203,72182,72203,21
walking,72238,72203,72238,35
trotting,72241,72238,72241,3
walking,72249,72241,72249,8
sniffing,72250,72249,72250,1
running,72251,72250,72251,1
stepping,72292,72251,72292,41
sniffing,72473,72292,72473,181
stepping,72484,72473,72484,11
rising,72567,72484,72567,83
rearing,72568,72567,72568,1
grooming,72906,72568,72906,338
hunching,72907,72906,72907,1
rearing,72951,72907,72951,44
stepping,72990,72951,72990,39
walking,73068,72990,73068,78
stepping,73100,73068,73100,32
grooming,73101,73100,73101,1
climbing,73181,73101,73181,80
rearing,73208,73181,73208,27
sniffing,73209,73208,73209,1
rising,73284,73209,73284,75
left_turning,73294,73284,73294,10
trotting,73341,73294,73341,47
sniffing,73416,73341,73416,75
rising,73430,73416,73430,14
sniffing,73680,73430,73680,250
stepping,73705,73680,73705,25
sniffing,73794,73705,73794,89
left_turning,73852,73794,73852,58
stepping,73887,73852,73887,35
walking,73963,73887,73963,76
trotting,74011,73963,74011,48
jumping,74081,74011,74081,70
grooming,74115,74081,74115,34
sniffing,74168,74115,74168,53
climbing,74192,74168,74192,24
walking,74240,74192,74240,48
trotting,74266,74240,74266,26
rising,74271,74266,74271,5
trotting,74313,74271,74313,42
walking,74317,74313,74317,4
sniffing,74328,74317,74328,11
stepping,74348,74328,74348,20
sniffing,74477,74348,74477,129
climbing,74541,74477,74541,64
trotting,74551,74541,74551,10
walking,74577,74551,74577,26
sniffing,74592,74577,74592,15
walking,74628,74592,74628,36
sniffing,74629,74628,74629,1
stepping,74688,74629,74688,59
walking,74696,74688,74696,8
trotting,74720,74696,74720,24
rising,74768,74720,74768,48
left_turning,74817,74768,74817,49
sniffing,74828,74817,74828,11
walking,74882,74828,74882,54
stepping,74932,74882,74932,50
rearing,74944,74932,74944,12
hunching,75002,74944,75002,58
left_turning,75010,75002,75010,8
stepping,75037,75010,75037,27
walking,75038,75037,75038,1
stepping,75093,75038,75093,55
sniffing,75147,75093,75147,54
trotting,75169,75147,75169,22
walking,75237,75169,75237,68
left_turning,75240,75237,75240,3
hunching,75295,75240,75295,55
grooming,75312,75295,75312,17
sniffing,75370,75312,75370,58
right_turning,75388,75370,75388,18
sniffing,75389,75388,75389,1
rising,75404,75389,75404,15
rearing,75405,75404,75405,1
grooming,75484,75405,75484,79
sniffing,75485,75484,75485,1
walking,75521,75485,75521,36
sniffing,75522,75521,75522,1
rising,75596,75522,75596,74
climbing,75613,75596,75613,17
walking,75665,75613,75665,52
rearing,75666,75665,75666,1
climbing,75729,75666,75729,63
grooming,75941,75729,75941,212
walking,75982,75941,75982,41
left_turning,76079,75982,76079,97
grooming,76397,76079,76397,318
rearing,76420,76397,76420,23
stepping,76429,76420,76429,9
sniffing,76496,76429,76496,67
climbing,76572,76496,76572,76
walking,76575,76572,76575,3
stepping,76657,76575,76657,82
sniffing,76687,76657,76687,30
climbing,76706,76687,76706,19
trotting,76737,76706,76737,31
rising,76788,76737,76788,51
stepping,76840,76788,76840,52
rising,76852,76840,76852,12
grooming,77000,76852,77000,148
rearing,77039,77000,77039,39
grooming,77218,77039,77218,179
rearing,77244,77218,77244,26
grooming,77245,77244,77245,1
climbing,77297,77245,77297,52
grooming,77501,77297,77501,204
climbing,77565,77501,77565,64
left_turning,77588,77565,77588,23
walking,77633,77588,77633,45
sniffing,77634,77633,77634,1
trotting,77719,77634,77719,85
walking,77738,77719,77738,19
sniffing,77854,77738,77854,116
stepping,77866,77854,77866,12
trotting,77904,77866,77904,38
walking,77910,77904,77910,6
climbing,77939,77910,77939,29
grooming,78171,77939,78171,232
walking,78203,78171,78203,32
sniffing,78204,78203,78204,1
walking,78256,78204,78256,52
stepping,78280,78256,78280,24
rearing,78311,78280,78311,31
sniffing,78418,78311,78418,107
stepping,78435,78418,78435,17
rising,78439,78435,78439,4
climbing,78440,78439,78440,1
grooming,78441,78440,78441,1
rearing,78442,78441,78442,1
grooming,78443,78442,78443,1
sniffing,78510,78443,78510,67
grooming,78511,78510,78511,1
sniffing,78512,78511,78512,1
stepping,78575,78512,78575,63
walking,78604,78575,78604,29
sniffing,78650,78604,78650,46
walking,78703,78650,78703,53
sniffing,78704,78703,78704,1
walking,78752,78704,78752,48
sniffing,78790,78752,78790,38
walking,78791,78790,78791,1
stepping,78804,78791,78804,13
sniffing,78855,78804,78855,51
walking,78935,78855,78935,80
sniffing,78936,78935,78936,1
walking,78998,78936,78998,62
left_turning,79091,78998,79091,93
stepping,79107,79091,79107,16
climbing,79156,79107,79156,49
trotting,79182,79156,79182,26
sniffing,79227,79182,79227,45
rising,79280,79227,79280,53
sniffing,79373,79280,79373,93
stepping,79415,79373,79415,42
walking,79432,79415,79432,17
right_turning,79484,79432,79484,52
walking,79597,79484,79597,113
sniffing,79694,79597,79694,97
rearing,79779,79694,79779,85
grooming,79780,79779,79780,1
left_turning,79826,79780,79826,46
sniffing,79931,79826,79931,105
rising,79953,79931,79953,22
sniffing,79964,79953,79964,11
trotting,79981,79964,79981,17
rising,80002,79981,80002,21
sniffing,80014,80002,80014,12
rising,80069,80014,80069,55
sniffing,80235,80069,80235,166
grooming,80236,80235,80236,1
left_turning,80261,80236,80261,25
sniffing,80359,80261,80359,98
left_turning,80360,80359,80360,1
rising,80369,80360,80369,9
stepping,80412,80369,80412,43
rising,80476,80412,80476,64
trotting,80517,80476,80517,41
rising,80537,80517,80537,20
climbing,80607,80537,80607,70
trotting,80637,80607,80637,30
rising,80700,80637,80700,63
sniffing,80814,80700,80814,114
grooming,80815,80814,80815,1
sniffing,80859,80815,80859,44
left_turning,80924,80859,80924,65
running,80974,80924,80974,50
trotting,80987,80974,80987,13
stepping,81022,80987,81022,35
climbing,81067,81022,81067,45
right_turning,81072,81067,81072,5
rising,81098,81072,81098,26
sniffing,81273,81098,81273,175
stepping,81298,81273,81298,25
walking,81313,81298,81313,15
stepping,81331,81313,81331,18
climbing,81348,81331,81348,17
rearing,81406,81348,81406,58
trotting,81464,81406,81464,58
walking,81552,81464,81552,88
sniffing,81588,81552,81588,36
rising,81626,81588,81626,38
stepping,81643,81626,81643,17
climbing,81644,81643,81644,1
sniffing,81645,81644,81645,1
grooming,82152,81645,82152,507
sniffing,82246,82152,82246,94
walking,82261,82246,82261,15
climbing,82359,82261,82359,98
sniffing,82363,82359,82363,4
left_turning,82408,82363,82408,45
walking,82421,82408,82421,13
sniffing,82432,82421,82432,11
walking,82433,82432,82433,1
stepping,82496,82433,82496,63
walking,82533,82496,82533,37
stepping,82591,82533,82591,58
sniffing,82592,82591,82592,1
grooming,82593,82592,82593,1
walking,82656,82593,82656,63
stepping,82713,82656,82713,57
walking,82821,82713,82821,108
stepping,82884,82821,82884,63
walking,82932,82884,82932,48
sniffing,82933,82932,82933,1
stepping,82953,82933,82953,20
grooming,83373,82953,83373,420
sniffing,83428,83373,83428,55
grooming,83792,83428,83792,364
hunching,83793,83792,83793,1
grooming,84042,83793,84042,249
hunching,84043,84042,84043,1
climbing,84093,84043,84093,50
left_turning,84120,84093,84120,27
grooming,84401,84120,84401,281
scratching,84402,84401,84402,1
grooming,84635,84402,84635,233
sniffing,84690,84635,84690,55
walking,84724,84690,84724,34
sniffing,84770,84724,84770,46
rising,84832,84770,84832,62
rearing,84843,84832,84843,11
hunching,84898,84843,84898,55
grooming,84937,84898,84937,39
rising,84985,84937,84985,48
walking,85038,84985,85038,53
rearing,85151,85038,85151,113
left_turning,85217,85151,85217,66
trotting,85245,85217,85245,28
climbing,85300,85245,85300,55
rearing,85301,85300,85301,1
climbing,85411,85301,85411,110
walking,85448,85411,85448,37
sniffing,85459,85448,85459,11
stepping,85570,85459,85570,111
rising,85614,85570,85614,44
walking,85634,85614,85634,20
trotting,85671,85634,85671,37
walking,85705,85671,85705,34
right_turning,85725,85705,85725,20
sniffing,85802,85725,85802,77
left_turning,85840,85802,85840,38
rising,85918,85840,85918,78
rearing,85919,85918,85919,1
sniffing,86034,85919,86034,115
rising,86063,86034,86063,29
rearing,86272,86063,86272,209
grooming,86273,86272,86273,1
sniffing,86274,86273,86274,1
stepping,86325,86274,86325,51
left_turning,86396,86325,86396,71
sniffing,86397,86396,86397,1
rising,86398,86397,86398,1
rearing,86399,86398,86399,1
hunching,86400,86399,86400,1
grooming,86636,86400,86636,236
sniffing,86661,86636,86661,25
hunching,86681,86661,86681,20
grooming,86777,86681,86777,96
left_turning,86801,86777,86801,24
rearing,86860,86801,86860,59
left_turning,86866,86860,86866,6
stepping,86933,86866,86933,67
sniffing,86938,86933,86938,5
grooming,86939,86938,86939,1
rearing,87157,86939,87157,218
hunching,87171,87157,87171,14
rearing,87226,87171,87226,55
grooming,87478,87226,87478,252
rearing,87493,87478,87493,15
grooming,87854,87493,87854,361
sniffing,87925,87854,87925,71
stepping,87949,87925,87949,24
trotting,87991,87949,87991,42
sniffing,87992,87991,87992,1
stepping,88040,87992,88040,48
sniffing,88185,88040,88185,145
grooming,88463,88185,88463,278
sniffing,88559,88463,88559,96
rising,88560,88559,88560,1
rearing,88637,88560,88637,77
sniffing,88694,88637,88694,57
rising,88717,88694,88717,23
climbing,88788,88717,88788,71
walking,88811,88788,88811,23
stepping,88875,88811,88875,64
walking,88883,88875,88883,8
sniffing,88887,88883,88887,4
grooming,89319,88887,89319,432
sniffing,89333,89319,89333,14
stepping,89386,89333,89386,53
rearing,89432,89386,89432,46
walking,89439,89432,89439,7
stepping,89488,89439,89488,49
rising,89489,89488,89489,1
grooming,89601,89489,89601,112
sniffing,89621,89601,89621,20
walking,89690,89621,89690,69
rising,89785,89690,89785,95
sniffing,89997,89785,89997,212
walking,90033,89997,90033,36
stepping,90097,90033,90097,64
sniffing,90300,90097,90300,203
walking,90351,90300,90351,51
sniffing,90403,90351,90403,52
rising,90511,90403,90511,108
stepping,90516,90511,90516,5
trotting,90547,90516,90547,31
walking,90593,90547,90593,46
sniffing,91254,90593,91254,661
trotting,91293,91254,91293,39
rising,91331,91293,91331,38
hunching,91363,91331,91363,32
rearing,91386,91363,91386,23
grooming,91751,91386,91751,365
climbing,91752,91751,91752,1
rearing,91842,91752,91842,90
rising,91862,91842,91862,20
left_turning,91924,91862,91924,62
climbing,91981,91924,91981,57
walking,92000,91981,92000,19
rearing,92074,92000,92074,74
climbing,92075,92074,92075,1
stepping,92110,92075,92110,35
sniffing,92196,92110,92196,86
walking,92243,92196,92243,47
sniffing,92327,92243,92327,84
stepping,92390,92327,92390,63
sniffing,92447,92390,92447,57
walking,92472,92447,92472,25
stepping,92533,92472,92533,61
sniffing,92655,92533,92655,122
rising,92709,92655,92709,54
trotting,92737,92709,92737,28
walking,92778,92737,92778,41
sniffing,92919,92778,92919,141
rising,92920,92919,92920,1
sniffing,92979,92920,92979,59
left_turning,93025,92979,93025,46
trotting,93035,93025,93035,10
walking,93036,93035,93036,1
sniffing,93079,93036,93079,43
rising,93194,93079,93194,115
climbing,93247,93194,93247,53
rearing,93248,93247,93248,1
climbing,93369,93248,93369,121
walking,93439,93369,93439,70
rearing,93445,93439,93445,6
left_turning,93478,93445,93478,33
sniffing,93571,93478,93571,93
rearing,93572,93571,93572,1
grooming,93749,93572,93749,177
sniffing,93896,93749,93896,147
left_turning,93908,93896,93908,12
sniffing,94045,93908,94045,137
left_turning,94083,94045,94083,38
rearing,94235,94083,94235,152
rising,94280,94235,94280,45
rearing,94395,94280,94395,115
left_turning,94402,94395,94402,7
stepping,94411,94402,94411,9
walking,94479,94411,94479,68
trotting,94506,94479,94506,27
sniffing,94538,94506,94538,32
rising,94744,94538,94744,206
rearing,94849,94744,94849,105
left_turning,94865,94849,94865,16
walking,94907,94865,94907,42
rising,94985,94907,94985,78
climbing,95033,94985,95033,48
left_turning,95073,95033,95073,40
walking,95090,95073,95090,17
hunching,95113,95090,95113,23
grooming,95317,95113,95317,204
rearing,95390,95317,95390,73
grooming,95421,95390,95421,31
walking,95488,95421,95488,67
sniffing,95666,95488,95666,178
stepping,95720,95666,95720,54
sniffing,95832,95720,95832,112
rising,95833,95832,95833,1
rearing,95834,95833,95834,1
grooming,95835,95834,95835,1
walking,95910,95835,95910,75
sniffing,95940,95910,95940,30
grooming,96270,95940,96270,330
running,96283,96270,96283,13
walking,96312,96283,96312,29
stepping,96402,96312,96402,90
rearing,96448,96402,96448,46
grooming,96583,96448,96583,135
sniffing,96740,96583,96740,157
rising,96781,96740,96781,41
rearing,96934,96781,96934,153
grooming,96935,96934,96935,1
left_turning,97013,96935,97013,78
grooming,97260,97013,97260,247
rearing,97337,97260,97337,77
jumping,97503,97337,97503,166
walking,97606,97503,97606,103
sniffing,97700,97606,97700,94
rising,97728,97700,97728,28
hunching,97737,97728,97737,9
rearing,97738,97737,97738,1
grooming,97739,97738,97739,1
sniffing,97822,97739,97822,83
grooming,97823,97822,97823,1
sniffing,97929,97823,97929,106
rising,97998,97929,97998,69
sniffing,98055,97998,98055,57
grooming,98277,98055,98277,222
rearing,98290,98277,98290,13
grooming,98291,98290,98291,1
left_turning,98345,98291,98345,54
walking,98426,98345,98426,81
stepping,98499,98426,98499,73
rearing,98500,98499,98500,1
grooming,98660,98500,98660,160
sniffing,98745,98660,98745,85
stepping,98753,98745,98753,8
sniffing,98911,98753,98911,158
rearing,98952,98911,98952,41
trotting,98993,98952,98993,41
walking,99078,98993,99078,85
trotting,99112,99078,99112,34
walking,99200,99112,99200,88
sniffing,99316,99200,99316,116
grooming,99588,99316,99588,272
stepping,99616,99588,99616,28
sniffing,99757,99616,99757,141
rising,99809,99757,99809,52
rearing,99810,99809,99810,1
grooming,99911,99810,99911,101
walking,99972,99911,99972,61
left_turning,100003,99972,100003,31
sniffing,100004,100003,100004,1
stepping,100005,100004,100005,1
sniffing,100105,100005,100105,100
grooming,100106,100105,100106,1
hunching,100252,100106,100252,146
grooming,100335,100252,100335,83
scratching,100336,100335,100336,1
grooming,100337,100336,100337,1
trotting,100397,100337,100397,60
stepping,100426,100397,100426,29
sniffing,100494,100426,100494,68
walking,100523,100494,100523,29
sniffing,100647,100523,100647,124
walking,100648,100647,100648,1
sniffing,100763,100648,100763,115
walking,100772,100763,100772,9
stepping,100875,100772,100875,103
rising,100876,100875,100876,1
climbing,101018,100876,101018,142
running,101030,101018,101030,12
sniffing,101031,101030,101031,1
trotting,101078,101031,101078,47
rising,101162,101078,101162,84
sniffing,101227,101162,101227,65
stepping,101344,101227,101344,117
walking,101403,101344,101403,59
sniffing,101615,101403,101615,212
rising,101616,101615,101616,1
rearing,101654,101616,101654,38
hunching,101708,101654,101708,54
rearing,101711,101708,101711,3
stepping,101735,101711,101735,24
hunching,101772,101735,101772,37
grooming,101773,101772,101773,1
left_turning,101804,101773,101804,31
running,101844,101804,101844,40
stepping,101901,101844,101901,57
trotting,101902,101901,101902,1
sniffing,101952,101902,101952,50
walking,102000,101952,102000,48
stepping,102062,102000,102062,62
sniffing,102112,102062,102112,50
right_turning,102120,102112,102120,8
walking,102128,102120,102128,8
sniffing,102129,102128,102129,1
stepping,102170,102129,102170,41
sniffing,102171,102170,102171,1
rising,102217,102171,102217,46
rearing,102273,102217,102273,56
grooming,102492,102273,102492,219
left_turning,102521,102492,102521,29
rising,102522,102521,102522,1
left_turning,102523,102522,102523,1
rearing,102524,102523,102524,1
stepping,102576,102524,102576,52
sniffing,102649,102576,102649,73
rising,102650,102649,102650,1
left_turning,102684,102650,102684,34
rearing,102746,102684,102746,62
hunching,102747,102746,102747,1
rearing,102893,102747,102893,146
grooming,103066,102893,103066,173
rising,103078,103066,103078,12
sniffing,103130,103078,103130,52
rearing,103131,103130,103131,1
grooming,103260,103131,103260,129
rearing,103261,103260,103261,1
grooming,103262,103261,103262,1
rearing,103275,103262,103275,13
sniffing,103278,103275,103278,3
grooming,103442,103278,103442,164
sniffing,103531,103442,103531,89
stepping,103575,103531,103575,44
walking,103576,103575,103576,1
stepping,103642,103576,103642,66
sniffing,103712,103642,103712,70
rising,103807,103712,103807,95
grooming,103808,103807,103808,1
sniffing,103951,103808,103951,143
stepping,104019,103951,104019,68
walking,104055,104019,104055,36
stepping,104105,104055,104105,50
walking,104187,104105,104187,82
stepping,104200,104187,104200,13
walking,104229,104200,104229,29
sniffing,104272,104229,104272,43
walking,104297,104272,104297,25
sniffing,104491,104297,104491,194
left_turning,104505,104491,104505,14
grooming,104639,104505,104639,134
sniffing,104927,104639,104927,288
left_turning,105003,104927,105003,76
rearing,105090,105003,105090,87
grooming,105311,105090,105311,221
rearing,105365,105311,105365,54
grooming,105531,105365,105531,166
sniffing,105571,105531,105571,40
rising,105572,105571,105572,1
climbing,105573,105572,105573,1
running,105588,105573,105588,15
walking,105613,105588,105613,25
sniffing,105742,105613,105742,129
rising,105832,105742,105832,90
sniffing,105874,105832,105874,42
left_turning,105879,105874,105879,5
sniffing,105880,105879,105880,1
stepping,105881,105880,105881,1
rising,105951,105881,105951,70
stepping,105977,105951,105977,26
sniffing,106129,105977,106129,152
stepping,106138,106129,106138,9
rising,106162,106138,106162,24
scratching,106163,106162,106163,1
walking,106201,106163,106201,38
rearing,106262,106201,106262,61
grooming,106872,106262,106872,610
scratching,106873,106872,106873,1
left_turning,106877,106873,106877,4
sniffing,106878,106877,106878,1
rising,106882,106878,106882,4
left_turning,106948,106882,106948,66
sniffing,107107,106948,107107,159
trotting,107176,107107,107176,69
sniffing,107259,107176,107259,83
grooming,107260,107259,107260,1
right_turning,107266,107260,107266,6
stepping,107279,107266,107279,13
rearing,107334,107279,107334,55
hunching,107362,107334,107362,28
rearing,107453,107362,107453,91
grooming,107517,107453,107517,64
hunching,107537,107517,107537,20
rearing,107635,107537,107635,98
grooming,107639,107635,107639,4
rearing,107662,107639,107662,23
stepping,107698,107662,107698,36
walking,107729,107698,107729,31
stepping,107730,107729,107730,1
sniffing,107731,107730,107731,1
trotting,107789,107731,107789,58
stepping,107812,107789,107812,23
sniffing,107984,107812,107984,172
rising,108000,107984,108000,16
