revised_movement_label,segBoundary,segBoundary_start,segBoundary_end,length
walking,19,0,19,19
stepping,110,19,110,91
walking,126,110,126,16
running,178,126,178,52
trotting,208,178,208,30
walking,287,208,287,79
running,345,287,345,58
stepping,367,345,367,22
right_turning,389,367,389,22
walking,425,389,425,36
stepping,426,425,426,1
sniffing,438,426,438,12
stepping,464,438,464,26
sniffing,485,464,485,21
rising,533,485,533,48
climbing,551,533,551,18
running,575,551,575,24
stepping,622,575,622,47
walking,738,622,738,116
trotting,743,738,743,5
stepping,814,743,814,71
sniffing,899,814,899,85
rising,900,899,900,1
sniffing,901,900,901,1
rising,921,901,921,20
left_turning,972,921,972,51
running,1013,972,1013,41
trotting,1080,1013,1080,67
rising,1081,1080,1081,1
stepping,1082,1081,1082,1
walking,1138,1082,1138,56
stepping,1169,1138,1169,31
walking,1179,1169,1179,10
stepping,1250,1179,1250,71
sniffing,1455,1250,1455,205
trotting,1520,1455,1520,65
walking,1605,1520,1605,85
sniffing,1713,1605,1713,108
running,1732,1713,1732,19
right_turning,1750,1732,1750,18
rising,1780,1750,1780,30
trotting,1839,1780,1839,59
walking,1852,1839,1852,13
stepping,1935,1852,1935,83
sniffing,2021,1935,2021,86
rising,2022,2021,2022,1
grooming,2252,2022,2252,230
hunching,2281,2252,2281,29
grooming,2282,2281,2282,1
walking,2338,2282,2338,56
sniffing,2404,2338,2404,66
walking,2457,2404,2457,53
sniffing,2487,2457,2487,30
right_turning,2541,2487,2541,54
walking,2614,2541,2614,73
rising,2620,2614,2620,6
walking,2678,2620,2678,58
sniffing,2697,2678,2697,19
rearing,2767,2697,2767,70
grooming,2994,2767,2994,227
rearing,3044,2994,3044,50
hunching,3091,3044,3091,47
grooming,3304,3091,3304,213
stepping,3350,3304,3350,46
walking,3390,3350,3390,40
sniffing,3447,3390,3447,57
walking,3456,3447,3456,9
trotting,3474,3456,3474,18
walking,3515,3474,3515,41
sniffing,3528,3515,3528,13
rearing,3638,3528,3638,110
grooming,3737,3638,3737,99
sniffing,3801,3737,3801,64
walking,3872,3801,3872,71
stepping,3919,3872,3919,47
rising,3979,3919,3979,60
sniffing,3980,3979,3980,1
rising,4070,3980,4070,90
left_turning,4124,4070,4124,54
stepping,4140,4124,4140,16
sniffing,4148,4140,4148,8
walking,4195,4148,4195,47
stepping,4232,4195,4232,37
sniffing,4233,4232,4233,1
rising,4267,4233,4267,34
sniffing,4273,4267,4273,6
left_turning,4355,4273,4355,82
sniffing,4440,4355,4440,85
stepping,4508,4440,4508,68
sniffing,4512,4508,4512,4
grooming,4543,4512,4543,31
hunching,4574,4543,4574,31
grooming,4711,4574,4711,137
sniffing,4759,4711,4759,48
stepping,4841,4759,4841,82
walking,4881,4841,4881,40
sniffing,4885,4881,4885,4
grooming,5053,4885,5053,168
rearing,5125,5053,5125,72
grooming,5126,5125,5126,1
rearing,5127,5126,5127,1
hunching,5154,5127,5154,27
grooming,5247,5154,5247,93
sniffing,5259,5247,5259,12
stepping,5269,5259,5269,10
sniffing,5352,5269,5352,83
walking,5420,5352,5420,68
running,5450,5420,5450,30
trotting,5486,5450,5486,36
walking,5506,5486,5506,20
stepping,5537,5506,5537,31
trotting,5590,5537,5590,53
walking,5604,5590,5604,14
trotting,5651,5604,5651,47
walking,5691,5651,5691,40
running,5728,5691,5728,37
sniffing,5729,5728,5729,1
rising,5748,5729,5748,19
grooming,5868,5748,5868,120
rearing,6056,5868,6056,188
left_turning,6082,6056,6082,26
running,6105,6082,6105,23
walking,6187,6105,6187,82
sniffing,6188,6187,6188,1
grooming,6286,6188,6286,98
rearing,6325,6286,6325,39
grooming,6380,6325,6380,55
sniffing,6471,6380,6471,91
walking,6472,6471,6472,1
running,6490,6472,6490,18
walking,6497,6490,6497,7
rising,6528,6497,6528,31
sniffing,6641,6528,6641,113
rising,6682,6641,6682,41
sniffing,6700,6682,6700,18
grooming,6787,6700,6787,87
scratching,6788,6787,6788,1
rising,6832,6788,6832,44
grooming,6833,6832,6833,1
rearing,6861,6833,6861,28
grooming,6916,6861,6916,55
trotting,6956,6916,6956,40
running,6987,6956,6987,31
stepping,7066,6987,7066,79
grooming,7131,7066,7131,65
walking,7217,7131,7217,86
trotting,7241,7217,7241,24
sniffing,7276,7241,7276,35
right_turning,7277,7276,7277,1
trotting,7305,7277,7305,28
sniffing,7339,7305,7339,34
stepping,7369,7339,7369,30
walking,7429,7369,7429,60
sniffing,7430,7429,7430,1
stepping,7431,7430,7431,1
walking,7485,7431,7485,54
sniffing,7572,7485,7572,87
right_turning,7589,7572,7589,17
stepping,7633,7589,7633,44
sniffing,7783,7633,7783,150
right_turning,7813,7783,7813,30
sniffing,7814,7813,7814,1
scratching,7815,7814,7815,1
rising,7834,7815,7834,19
left_turning,7838,7834,7838,4
grooming,7870,7838,7870,32
sniffing,8004,7870,8004,134
grooming,8045,8004,8045,41
rising,8064,8045,8064,19
grooming,8195,8064,8195,131
rearing,8196,8195,8196,1
stepping,8210,8196,8210,14
rising,8236,8210,8236,26
grooming,8319,8236,8319,83
left_turning,8320,8319,8320,1
grooming,8439,8320,8439,119
right_turning,8459,8439,8459,20
stepping,8545,8459,8545,86
rising,8639,8545,8639,94
rearing,8640,8639,8640,1
grooming,8731,8640,8731,91
left_turning,8763,8731,8763,32
sniffing,8817,8763,8817,54
climbing,8858,8817,8858,41
right_turning,8859,8858,8859,1
rising,8860,8859,8860,1
sniffing,8906,8860,8906,46
stepping,8999,8906,8999,93
running,9038,8999,9038,39
trotting,9049,9038,9049,11
sniffing,9050,9049,9050,1
stepping,9090,9050,9090,40
left_turning,9122,9090,9122,32
stepping,9181,9122,9181,59
rising,9182,9181,9182,1
grooming,9300,9182,9300,118
right_turning,9324,9300,9324,24
climbing,9356,9324,9356,32
running,9388,9356,9388,32
walking,9389,9388,9389,1
stepping,9390,9389,9390,1
sniffing,9495,9390,9495,105
rising,9496,9495,9496,1
sniffing,9497,9496,9497,1
rising,9577,9497,9577,80
sniffing,9613,9577,9613,36
walking,9697,9613,9697,84
grooming,9702,9697,9702,5
left_turning,9727,9702,9727,25
hunching,9758,9727,9758,31
sniffing,9925,9758,9925,167
right_turning,9960,9925,9960,35
left_turning,9971,9960,9971,11
walking,10004,9971,10004,33
stepping,10036,10004,10036,32
walking,10065,10036,10065,29
stepping,10132,10065,10132,67
walking,10160,10132,10160,28
trotting,10176,10160,10176,16
walking,10227,10176,10227,51
stepping,10267,10227,10267,40
left_turning,10315,10267,10315,48
hunching,10335,10315,10335,20
rising,10336,10335,10336,1
climbing,10421,10336,10421,85
stepping,10455,10421,10455,34
rising,10500,10455,10500,45
left_turning,10540,10500,10540,40
walking,10578,10540,10578,38
stepping,10582,10578,10582,4
sniffing,10589,10582,10589,7
running,10603,10589,10603,14
rearing,10653,10603,10653,50
hunching,10660,10653,10660,7
grooming,10669,10660,10669,9
rearing,10806,10669,10806,137
left_turning,10874,10806,10874,68
running,10884,10874,10884,10
walking,10944,10884,10944,60
sniffing,10981,10944,10981,37
rearing,11014,10981,11014,33
grooming,11087,11014,11087,73
stepping,11143,11087,11143,56
sniffing,11177,11143,11177,34
walking,11183,11177,11183,6
stepping,11218,11183,11218,35
grooming,11263,11218,11263,45
rearing,11309,11263,11309,46
right_turning,11328,11309,11328,19
grooming,11399,11328,11399,71
sniffing,11425,11399,11425,26
grooming,11519,11425,11519,94
rising,11550,11519,11550,31
walking,11585,11550,11585,35
sniffing,11586,11585,11586,1
walking,11587,11586,11587,1
stepping,11635,11587,11635,48
grooming,11658,11635,11658,23
rising,11664,11658,11664,6
rearing,11872,11664,11872,208
sniffing,12022,11872,12022,150
rearing,12202,12022,12202,180
sniffing,12295,12202,12295,93
walking,12342,12295,12342,47
trotting,12350,12342,12350,8
running,12368,12350,12368,18
trotting,12399,12368,12399,31
grooming,12473,12399,12473,74
sniffing,12498,12473,12498,25
left_turning,12517,12498,12517,19
stepping,12518,12517,12518,1
rising,12538,12518,12538,20
climbing,12542,12538,12542,4
stepping,12543,12542,12543,1
walking,12626,12543,12626,83
left_turning,12627,12626,12627,1
walking,12706,12627,12706,79
stepping,12736,12706,12736,30
sniffing,12842,12736,12842,106
grooming,12899,12842,12899,57
scratching,12900,12899,12900,1
sniffing,12995,12900,12995,95
climbing,13094,12995,13094,99
grooming,13095,13094,13095,1
walking,13147,13095,13147,52
grooming,13153,13147,13153,6
rearing,13170,13153,13170,17
sniffing,13171,13170,13171,1
grooming,13226,13171,13226,55
running,13258,13226,13258,32
walking,13304,13258,13304,46
trotting,13311,13304,13311,7
rising,13388,13311,13388,77
rearing,13504,13388,13504,116
climbing,13622,13504,13622,118
grooming,13675,13622,13675,53
rising,13676,13675,13676,1
stepping,13772,13676,13772,96
walking,13800,13772,13800,28
stepping,13838,13800,13838,38
sniffing,13894,13838,13894,56
grooming,13941,13894,13941,47
hunching,13970,13941,13970,29
rearing,14021,13970,14021,51
grooming,14193,14021,14193,172
left_turning,14231,14193,14231,38
grooming,14315,14231,14315,84
left_turning,14355,14315,14355,40
trotting,14401,14355,14401,46
left_turning,14494,14401,14494,93
grooming,14572,14494,14572,78
walking,14584,14572,14584,12
stepping,14647,14584,14647,63
grooming,14731,14647,14731,84
sniffing,14888,14731,14888,157
grooming,14912,14888,14912,24
rising,14992,14912,14992,80
climbing,15022,14992,15022,30
sniffing,15023,15022,15023,1
rearing,15024,15023,15024,1
hunching,15060,15024,15060,36
rearing,15107,15060,15107,47
left_turning,15130,15107,15130,23
running,15138,15130,15138,8
walking,15166,15138,15166,28
sniffing,15194,15166,15194,28
stepping,15250,15194,15250,56
sniffing,15251,15250,15251,1
stepping,15326,15251,15326,75
right_turning,15327,15326,15327,1
grooming,15405,15327,15405,78
running,15419,15405,15419,14
left_turning,15467,15419,15467,48
walking,15468,15467,15468,1
stepping,15487,15468,15487,19
grooming,15605,15487,15605,118
sniffing,15653,15605,15653,48
rearing,15677,15653,15677,24
stepping,15757,15677,15757,80
sniffing,15837,15757,15837,80
rearing,15946,15837,15946,109
left_turning,15999,15946,15999,53
grooming,16095,15999,16095,96
rearing,16146,16095,16146,51
right_turning,16169,16146,16169,23
grooming,16248,16169,16248,79
climbing,16307,16248,16307,59
stepping,16364,16307,16364,57
walking,16412,16364,16412,48
stepping,16470,16412,16470,58
rising,16479,16470,16479,9
hunching,16501,16479,16501,22
rearing,16772,16501,16772,271
grooming,17174,16772,17174,402
sniffing,17229,17174,17229,55
right_turning,17241,17229,17241,12
rearing,17343,17241,17343,102
grooming,17346,17343,17346,3
sniffing,17440,17346,17440,94
rearing,17562,17440,17562,122
grooming,17563,17562,17563,1
sniffing,17621,17563,17621,58
stepping,17622,17621,17622,1
rising,17623,17622,17623,1
grooming,17626,17623,17626,3
left_turning,17628,17626,17628,2
trotting,17690,17628,17690,62
walking,17705,17690,17705,15
stepping,17780,17705,17780,75
sniffing,17847,17780,17847,67
trotting,17898,17847,17898,51
walking,17943,17898,17943,45
rising,17985,17943,17985,42
sniffing,18021,17985,18021,36
grooming,18286,18021,18286,265
left_turning,18315,18286,18315,29
trotting,18381,18315,18381,66
walking,18404,18381,18404,23
stepping,18452,18404,18452,48
rising,18479,18452,18479,27
climbing,18528,18479,18528,49
walking,18623,18528,18623,95
rising,18651,18623,18651,28
climbing,18684,18651,18684,33
left_turning,18746,18684,18746,62
rising,18796,18746,18796,50
sniffing,18797,18796,18797,1
walking,18809,18797,18809,12
sniffing,18923,18809,18923,114
walking,18974,18923,18974,51
stepping,18989,18974,18989,15
walking,19003,18989,19003,14
sniffing,19067,19003,19067,64
left_turning,19072,19067,19072,5
walking,19120,19072,19120,48
rising,19158,19120,19158,38
rearing,19235,19158,19235,77
stepping,19239,19235,19239,4
sniffing,19326,19239,19326,87
rising,19371,19326,19371,45
sniffing,19384,19371,19384,13
rising,19416,19384,19416,32
grooming,19650,19416,19650,234
climbing,19720,19650,19720,70
walking,19758,19720,19758,38
right_turning,19804,19758,19804,46
walking,19805,19804,19805,1
running,19842,19805,19842,37
walking,19845,19842,19845,3
sniffing,19913,19845,19913,68
grooming,19914,19913,19914,1
rearing,19951,19914,19951,37
grooming,20077,19951,20077,126
climbing,20197,20077,20197,120
walking,20198,20197,20198,1
sniffing,20239,20198,20239,41
grooming,20431,20239,20431,192
sniffing,20526,20431,20526,95
stepping,20542,20526,20542,16
sniffing,20586,20542,20586,44
left_turning,20649,20586,20649,63
trotting,20668,20649,20668,19
sniffing,20669,20668,20669,1
grooming,20670,20669,20670,1
rearing,20713,20670,20713,43
grooming,20765,20713,20765,52
rearing,20766,20765,20766,1
climbing,20769,20766,20769,3
left_turning,20875,20769,20875,106
stepping,20935,20875,20935,60
walking,21019,20935,21019,84
rearing,21100,21019,21100,81
grooming,21214,21100,21214,114
left_turning,21307,21214,21307,93
trotting,21386,21307,21386,79
sniffing,21396,21386,21396,10
rising,21397,21396,21397,1
left_turning,21456,21397,21456,59
stepping,21475,21456,21475,19
running,21486,21475,21486,11
walking,21536,21486,21536,50
stepping,21537,21536,21537,1
sniffing,21678,21537,21678,141
trotting,21707,21678,21707,29
walking,21743,21707,21743,36
rising,21744,21743,21744,1
sniffing,21872,21744,21872,128
grooming,22154,21872,22154,282
left_turning,22244,22154,22244,90
sniffing,22285,22244,22285,41
rearing,22341,22285,22341,56
grooming,22351,22341,22351,10
rearing,22438,22351,22438,87
grooming,22439,22438,22439,1
sniffing,22630,22439,22630,191
rearing,22667,22630,22667,37
walking,22699,22667,22699,32
trotting,22712,22699,22712,13
rearing,22761,22712,22761,49
walking,22852,22761,22852,91
right_turning,22908,22852,22908,56
walking,22924,22908,22924,16
sniffing,22976,22924,22976,52
walking,23000,22976,23000,24
trotting,23020,23000,23020,20
right_turning,23021,23020,23021,1
sniffing,23022,23021,23022,1
left_turning,23023,23022,23023,1
grooming,23101,23023,23101,78
sniffing,23217,23101,23217,116
walking,23270,23217,23270,53
stepping,23308,23270,23308,38
walking,23313,23308,23313,5
stepping,23369,23313,23369,56
rising,23383,23369,23383,14
right_turning,23395,23383,23395,12
walking,23398,23395,23398,3
running,23441,23398,23441,43
trotting,23454,23441,23454,13
walking,23461,23454,23461,7
trotting,23480,23461,23480,19
rising,23481,23480,23481,1
climbing,23575,23481,23575,94
sniffing,23652,23575,23652,77
rising,23676,23652,23676,24
left_turning,23745,23676,23745,69
trotting,23795,23745,23795,50
sniffing,23811,23795,23811,16
grooming,23983,23811,23983,172
hunching,24071,23983,24071,88
grooming,24072,24071,24072,1
sniffing,24108,24072,24108,36
walking,24144,24108,24144,36
sniffing,24316,24144,24316,172
rising,24358,24316,24358,42
grooming,24554,24358,24554,196
running,24576,24554,24576,22
walking,24621,24576,24621,45
rising,24672,24621,24672,51
rearing,24740,24672,24740,68
walking,24803,24740,24803,63
left_turning,24872,24803,24872,69
trotting,24913,24872,24913,41
rearing,24936,24913,24936,23
grooming,24939,24936,24939,3
right_turning,24961,24939,24961,22
stepping,24987,24961,24987,26
right_turning,25042,24987,25042,55
walking,25090,25042,25090,48
stepping,25110,25090,25110,20
walking,25185,25110,25185,75
grooming,25218,25185,25218,33
walking,25271,25218,25271,53
trotting,25335,25271,25335,64
walking,25434,25335,25434,99
grooming,25609,25434,25609,175
stepping,25614,25609,25614,5
climbing,25654,25614,25654,40
right_turning,25706,25654,25706,52
stepping,25716,25706,25716,10
rising,25758,25716,25758,42
hunching,25759,25758,25759,1
rising,25760,25759,25760,1
rearing,25761,25760,25761,1
hunching,25794,25761,25794,33
rearing,25817,25794,25817,23
climbing,25857,25817,25857,40
right_turning,25906,25857,25906,49
sniffing,25907,25906,25907,1
rising,25948,25907,25948,41
climbing,25989,25948,25989,41
grooming,26186,25989,26186,197
scratching,26187,26186,26187,1
sniffing,26366,26187,26366,179
rising,26428,26366,26428,62
rearing,26437,26428,26437,9
sniffing,26507,26437,26507,70
grooming,26508,26507,26508,1
rearing,26560,26508,26560,52
stepping,26561,26560,26561,1
rising,26633,26561,26633,72
stepping,26634,26633,26634,1
grooming,26840,26634,26840,206
trotting,26905,26840,26905,65
sniffing,27067,26905,27067,162
rising,27118,27067,27118,51
trotting,27158,27118,27158,40
sniffing,27309,27158,27309,151
right_turning,27344,27309,27344,35
sniffing,27345,27344,27345,1
walking,27421,27345,27421,76
sniffing,27446,27421,27446,25
walking,27460,27446,27460,14
rising,27461,27460,27461,1
climbing,27490,27461,27490,29
sniffing,27491,27490,27491,1
rising,27528,27491,27528,37
sniffing,27665,27528,27665,137
walking,27706,27665,27706,41
sniffing,27793,27706,27793,87
rising,27810,27793,27810,17
sniffing,27864,27810,27864,54
stepping,27919,27864,27919,55
rising,27958,27919,27958,39
left_turning,27996,27958,27996,38
climbing,28074,27996,28074,78
walking,28146,28074,28146,72
sniffing,28394,28146,28394,248
walking,28549,28394,28549,155
stepping,28606,28549,28606,57
sniffing,28706,28606,28706,100
walking,28780,28706,28780,74
sniffing,28826,28780,28826,46
climbing,28881,28826,28881,55
trotting,28918,28881,28918,37
rising,28940,28918,28940,22
climbing,28980,28940,28980,40
grooming,29041,28980,29041,61
walking,29133,29041,29133,92
stepping,29194,29133,29194,61
grooming,29389,29194,29389,195
left_turning,29392,29389,29392,3
climbing,29425,29392,29425,33
sniffing,29481,29425,29481,56
stepping,29498,29481,29498,17
grooming,29603,29498,29603,105
sniffing,29652,29603,29652,49
walking,29672,29652,29672,20
trotting,29711,29672,29711,39
sniffing,29726,29711,29726,15
rising,29768,29726,29768,42
left_turning,29821,29768,29821,53
grooming,29838,29821,29838,17
hunching,29926,29838,29926,88
grooming,30060,29926,30060,134
trotting,30095,30060,30095,35
sniffing,30203,30095,30203,108
rising,30246,30203,30246,43
rearing,30365,30246,30365,119
grooming,30536,30365,30536,171
hunching,30537,30536,30537,1
grooming,30547,30537,30547,10
rearing,30642,30547,30642,95
grooming,30643,30642,30643,1
sniffing,30644,30643,30644,1
walking,30645,30644,30645,1
rising,30646,30645,30646,1
climbing,30688,30646,30688,42
walking,30689,30688,30689,1
right_turning,30698,30689,30698,9
sniffing,30779,30698,30779,81
stepping,30795,30779,30795,16
sniffing,30826,30795,30826,31
grooming,30922,30826,30922,96
climbing,30975,30922,30975,53
walking,30990,30975,30990,15
sniffing,31178,30990,31178,188
climbing,31221,31178,31221,43
stepping,31242,31221,31242,21
right_turning,31264,31242,31264,22
rising,31278,31264,31278,14
rearing,31337,31278,31337,59
sniffing,31390,31337,31390,53
right_turning,31443,31390,31443,53
walking,31465,31443,31465,22
trotting,31508,31465,31508,43
walking,31518,31508,31518,10
sniffing,31519,31518,31519,1
grooming,31568,31519,31568,49
rearing,31594,31568,31594,26
walking,31722,31594,31722,128
sniffing,31940,31722,31940,218
rising,32035,31940,32035,95
rearing,32061,32035,32061,26
sniffing,32088,32061,32088,27
rising,32143,32088,32143,55
rearing,32201,32143,32201,58
grooming,32241,32201,32241,40
running,32280,32241,32280,39
climbing,32323,32280,32323,43
walking,32347,32323,32347,24
sniffing,32348,32347,32348,1
grooming,32404,32348,32404,56
right_turning,32464,32404,32464,60
sniffing,32585,32464,32585,121
stepping,32599,32585,32599,14
sniffing,32623,32599,32623,24
running,32653,32623,32653,30
left_turning,32698,32653,32698,45
rising,32726,32698,32726,28
right_turning,32755,32726,32755,29
walking,32781,32755,32781,26
trotting,32842,32781,32842,61
sniffing,32843,32842,32843,1
rising,32844,32843,32844,1
left_turning,32874,32844,32874,30
stepping,32922,32874,32922,48
grooming,33071,32922,33071,149
sniffing,33212,33071,33212,141
rising,33291,33212,33291,79
climbing,33309,33291,33309,18
rearing,33352,33309,33352,43
grooming,33373,33352,33373,21
left_turning,33395,33373,33395,22
running,33415,33395,33415,20
stepping,33454,33415,33454,39
grooming,33588,33454,33588,134
left_turning,33636,33588,33636,48
right_turning,33671,33636,33671,35
rising,33694,33671,33694,23
grooming,34073,33694,34073,379
hunching,34106,34073,34106,33
rearing,34139,34106,34139,33
walking,34173,34139,34173,34
stepping,34221,34173,34221,48
climbing,34302,34221,34302,81
right_turning,34317,34302,34317,15
grooming,34329,34317,34329,12
hunching,34330,34329,34330,1
rearing,34373,34330,34373,43
grooming,34374,34373,34374,1
hunching,34418,34374,34418,44
rearing,34475,34418,34475,57
grooming,34521,34475,34521,46
left_turning,34547,34521,34547,26
sniffing,34596,34547,34596,49
walking,34604,34596,34604,8
stepping,34634,34604,34634,30
sniffing,34742,34634,34742,108
grooming,34778,34742,34778,36
hunching,34800,34778,34800,22
grooming,34821,34800,34821,21
rising,34868,34821,34868,47
grooming,34955,34868,34955,87
hunching,35035,34955,35035,80
grooming,35036,35035,35036,1
sniffing,35077,35036,35077,41
grooming,35258,35077,35258,181
hunching,35303,35258,35303,45
rearing,35376,35303,35376,73
stepping,35387,35376,35387,11
rising,35388,35387,35388,1
sniffing,35425,35388,35425,37
rearing,35426,35425,35426,1
grooming,35427,35426,35427,1
walking,35438,35427,35438,11
sniffing,35653,35438,35653,215
grooming,35809,35653,35809,156
sniffing,35810,35809,35810,1
rearing,35811,35810,35811,1
hunching,35815,35811,35815,4
rising,35816,35815,35816,1
climbing,35833,35816,35833,17
sniffing,35943,35833,35943,110
rising,36016,35943,36016,73
walking,36074,36016,36074,58
sniffing,36126,36074,36126,52
walking,36131,36126,36131,5
sniffing,36214,36131,36214,83
rearing,36279,36214,36279,65
hunching,36351,36279,36351,72
sniffing,36442,36351,36442,91
walking,36523,36442,36523,81
sniffing,36550,36523,36550,27
stepping,36605,36550,36605,55
sniffing,36684,36605,36684,79
grooming,36806,36684,36806,122
left_turning,36831,36806,36831,25
grooming,37060,36831,37060,229
stepping,37113,37060,37113,53
grooming,37139,37113,37139,26
sniffing,37222,37139,37222,83
stepping,37248,37222,37248,26
sniffing,37541,37248,37541,293
stepping,37571,37541,37571,30
sniffing,37785,37571,37785,214
grooming,37948,37785,37948,163
running,37985,37948,37985,37
stepping,38011,37985,38011,26
rising,38021,38011,38021,10
grooming,38022,38021,38022,1
right_turning,38055,38022,38055,33
grooming,38056,38055,38056,1
sniffing,38128,38056,38128,72
walking,38156,38128,38156,28
stepping,38177,38156,38177,21
sniffing,38178,38177,38178,1
rearing,38231,38178,38231,53
grooming,38264,38231,38264,33
climbing,38313,38264,38313,49
trotting,38338,38313,38338,25
stepping,38375,38338,38375,37
walking,38457,38375,38457,82
sniffing,38470,38457,38470,13
walking,38492,38470,38492,22
sniffing,38493,38492,38493,1
running,38516,38493,38516,23
walking,38627,38516,38627,111
sniffing,38747,38627,38747,120
grooming,38830,38747,38830,83
rising,38831,38830,38831,1
climbing,38902,38831,38902,71
left_turning,38990,38902,38990,88
grooming,38991,38990,38991,1
running,39009,38991,39009,18
right_turning,39042,39009,39042,33
sniffing,39134,39042,39134,92
walking,39167,39134,39167,33
sniffing,39216,39167,39216,49
left_turning,39254,39216,39254,38
sniffing,39334,39254,39334,80
stepping,39355,39334,39355,21
sniffing,39430,39355,39430,75
trotting,39452,39430,39452,22
walking,39529,39452,39529,77
stepping,39546,39529,39546,17
sniffing,39697,39546,39697,151
stepping,39708,39697,39708,11
sniffing,39709,39708,39709,1
grooming,39837,39709,39837,128
rearing,39877,39837,39877,40
sniffing,39889,39877,39889,12
stepping,39933,39889,39933,44
sniffing,40113,39933,40113,180
grooming,40214,40113,40214,101
sniffing,40331,40214,40331,117
walking,40342,40331,40342,11
sniffing,40463,40342,40463,121
walking,40510,40463,40510,47
sniffing,40575,40510,40575,65
grooming,40650,40575,40650,75
left_turning,40697,40650,40697,47
stepping,40705,40697,40705,8
left_turning,40741,40705,40741,36
stepping,40794,40741,40794,53
sniffing,40924,40794,40924,130
climbing,40931,40924,40931,7
sniffing,41028,40931,41028,97
left_turning,41067,41028,41067,39
walking,41114,41067,41114,47
sniffing,41115,41114,41115,1
rising,41135,41115,41135,20
climbing,41144,41135,41144,9
rearing,41205,41144,41205,61
left_turning,41283,41205,41283,78
walking,41361,41283,41361,78
stepping,41394,41361,41394,33
walking,41395,41394,41395,1
sniffing,41430,41395,41430,35
trotting,41470,41430,41470,40
walking,41500,41470,41500,30
grooming,41501,41500,41501,1
rising,41579,41501,41579,78
left_turning,41613,41579,41613,34
trotting,41640,41613,41640,27
right_turning,41700,41640,41700,60
sniffing,41701,41700,41701,1
grooming,41817,41701,41817,116
climbing,41988,41817,41988,171
walking,41989,41988,41989,1
sniffing,42084,41989,42084,95
walking,42132,42084,42132,48
rising,42202,42132,42202,70
rearing,42229,42202,42229,27
grooming,42353,42229,42353,124
walking,42388,42353,42388,35
sniffing,42399,42388,42399,11
rearing,42455,42399,42455,56
running,42465,42455,42465,10
sniffing,42536,42465,42536,71
right_turning,42537,42536,42537,1
stepping,42538,42537,42538,1
sniffing,42890,42538,42890,352
rising,43003,42890,43003,113
rearing,43088,43003,43088,85
running,43131,43088,43131,43
sniffing,43226,43131,43226,95
grooming,43369,43226,43369,143
sniffing,43421,43369,43421,52
stepping,43519,43421,43519,98
walking,43601,43519,43601,82
trotting,43645,43601,43645,44
rising,43694,43645,43694,49
grooming,43755,43694,43755,61
rearing,43756,43755,43756,1
hunching,43861,43756,43861,105
grooming,44126,43861,44126,265
rising,44182,44126,44182,56
stepping,44212,44182,44212,30
grooming,44495,44212,44495,283
running,44531,44495,44531,36
walking,44532,44531,44532,1
sniffing,44614,44532,44614,82
rising,44654,44614,44654,40
sniffing,44676,44654,44676,22
stepping,44727,44676,44727,51
sniffing,44815,44727,44815,88
grooming,44839,44815,44839,24
hunching,44886,44839,44886,47
grooming,44918,44886,44918,32
hunching,44954,44918,44954,36
grooming,45089,44954,45089,135
hunching,45090,45089,45090,1
grooming,45148,45090,45148,58
sniffing,45233,45148,45233,85
stepping,45237,45233,45237,4
sniffing,45338,45237,45338,101
walking,45395,45338,45395,57
sniffing,45460,45395,45460,65
left_turning,45489,45460,45489,29
climbing,45529,45489,45529,40
right_turning,45539,45529,45539,10
climbing,45562,45539,45562,23
grooming,45563,45562,45563,1
rearing,45598,45563,45598,35
grooming,45633,45598,45633,35
hunching,45798,45633,45798,165
grooming,45830,45798,45830,32
walking,45898,45830,45898,68
sniffing,45957,45898,45957,59
right_turning,45958,45957,45958,1
sniffing,46022,45958,46022,64
grooming,46217,46022,46217,195
hunching,46223,46217,46223,6
rearing,46224,46223,46224,1
grooming,46244,46224,46244,20
rearing,46262,46244,46262,18
grooming,46525,46262,46525,263
left_turning,46611,46525,46611,86
hunching,46628,46611,46628,17
grooming,46758,46628,46758,130
hunching,46831,46758,46831,73
rising,46832,46831,46832,1
sniffing,46833,46832,46833,1
walking,46834,46833,46834,1
climbing,46887,46834,46887,53
rearing,46900,46887,46900,13
stepping,46951,46900,46951,51
sniffing,46955,46951,46955,4
left_turning,46987,46955,46987,32
walking,47006,46987,47006,19
sniffing,47109,47006,47109,103
left_turning,47192,47109,47192,83
stepping,47193,47192,47193,1
left_turning,47194,47193,47194,1
hunching,47332,47194,47332,138
stepping,47333,47332,47333,1
right_turning,47391,47333,47391,58
rising,47421,47391,47421,30
right_turning,47428,47421,47428,7
sniffing,47507,47428,47507,79
stepping,47571,47507,47571,64
sniffing,47652,47571,47652,81
right_turning,47658,47652,47658,6
sniffing,47896,47658,47896,238
stepping,47913,47896,47913,17
walking,47941,47913,47941,28
sniffing,48031,47941,48031,90
grooming,48664,48031,48664,633
sniffing,48782,48664,48782,118
climbing,48864,48782,48864,82
trotting,48899,48864,48899,35
walking,48929,48899,48929,30
stepping,48936,48929,48936,7
sniffing,49063,48936,49063,127
walking,49191,49063,49191,128
stepping,49243,49191,49243,52
sniffing,49467,49243,49467,224
grooming,49902,49467,49902,435
rearing,49903,49902,49903,1
hunching,49907,49903,49907,4
rearing,49918,49907,49918,11
rising,50002,49918,50002,84
stepping,50033,50002,50033,31
grooming,50068,50033,50068,35
rearing,50152,50068,50152,84
hunching,50153,50152,50153,1
rearing,50156,50153,50156,3
grooming,50346,50156,50346,190
rising,50379,50346,50379,33
hunching,50413,50379,50413,34
rearing,50511,50413,50511,98
hunching,50512,50511,50512,1
sniffing,50548,50512,50548,36
walking,50597,50548,50597,49
sniffing,50685,50597,50685,88
left_turning,50702,50685,50702,17
sniffing,50713,50702,50713,11
rising,50724,50713,50724,11
sniffing,50740,50724,50740,16
grooming,50877,50740,50877,137
rising,50914,50877,50914,37
grooming,51615,50914,51615,701
walking,51648,51615,51648,33
sniffing,51673,51648,51673,25
stepping,51709,51673,51709,36
sniffing,51710,51709,51710,1
climbing,51840,51710,51840,130
rising,51889,51840,51889,49
grooming,51953,51889,51953,64
left_turning,51966,51953,51966,13
sniffing,52062,51966,52062,96
walking,52080,52062,52080,18
sniffing,52144,52080,52144,64
stepping,52191,52144,52191,47
trotting,52202,52191,52202,11
sniffing,52220,52202,52220,18
grooming,52221,52220,52221,1
rearing,52434,52221,52434,213
grooming,52500,52434,52500,66
rearing,52501,52500,52501,1
sniffing,52502,52501,52502,1
left_turning,52552,52502,52552,50
walking,52553,52552,52553,1
right_turning,52604,52553,52604,51
sniffing,52605,52604,52605,1
right_turning,52641,52605,52641,36
rising,52664,52641,52664,23
grooming,52815,52664,52815,151
right_turning,52836,52815,52836,21
walking,52958,52836,52958,122
stepping,52966,52958,52966,8
right_turning,53001,52966,53001,35
rising,53017,53001,53017,16
sniffing,53160,53017,53160,143
scratching,53161,53160,53161,1
grooming,53162,53161,53162,1
hunching,53186,53162,53186,24
trotting,53200,53186,53200,14
walking,53208,53200,53208,8
sniffing,53327,53208,53327,119
rising,53369,53327,53369,42
jumping,53370,53369,53370,1
stepping,53449,53370,53449,79
rising,53511,53449,53511,62
sniffing,53690,53511,53690,179
stepping,53691,53690,53691,1
rising,53786,53691,53786,95
grooming,53844,53786,53844,58
hunching,53889,53844,53889,45
rearing,53890,53889,53890,1
hunching,53946,53890,53946,56
rearing,54148,53946,54148,202
rising,54180,54148,54180,32
sniffing,54181,54180,54181,1
left_turning,54239,54181,54239,58
sniffing,54293,54239,54293,54
left_turning,54294,54293,54294,1
hunching,54313,54294,54313,19
scratching,54314,54313,54314,1
sniffing,54399,54314,54399,85
walking,54478,54399,54478,79
sniffing,54519,54478,54519,41
walking,54520,54519,54520,1
sniffing,54521,54520,54521,1
rising,54536,54521,54536,15
sniffing,54681,54536,54681,145
rearing,54682,54681,54682,1
right_turning,54702,54682,54702,20
walking,54781,54702,54781,79
stepping,54801,54781,54801,20
left_turning,54802,54801,54802,1
trotting,54807,54802,54807,5
rising,54809,54807,54809,2
climbing,54865,54809,54865,56
right_turning,54882,54865,54882,17
walking,54898,54882,54898,16
stepping,54934,54898,54934,36
right_turning,54955,54934,54955,21
walking,55001,54955,55001,46
stepping,55048,55001,55048,47
sniffing,55065,55048,55065,17
grooming,55109,55065,55109,44
climbing,55148,55109,55148,39
left_turning,55185,55148,55185,37
walking,55233,55185,55233,48
trotting,55284,55233,55284,51
stepping,55357,55284,55357,73
rearing,55365,55357,55365,8
rising,55366,55365,55366,1
climbing,55430,55366,55430,64
trotting,55458,55430,55458,28
stepping,55491,55458,55491,33
walking,55545,55491,55545,54
rising,55613,55545,55613,68
walking,55619,55613,55619,6
grooming,55704,55619,55704,85
sniffing,55788,55704,55788,84
rearing,55860,55788,55860,72
climbing,55902,55860,55902,42
grooming,55903,55902,55903,1
left_turning,55904,55903,55904,1
sniffing,55949,55904,55949,45
walking,55987,55949,55987,38
stepping,56066,55987,56066,79
sniffing,56120,56066,56120,54
stepping,56142,56120,56142,22
sniffing,56197,56142,56197,55
stepping,56238,56197,56238,41
rearing,56384,56238,56384,146
grooming,57133,56384,57133,749
running,57150,57133,57150,17
walking,57151,57150,57151,1
stepping,57153,57151,57153,2
sniffing,57189,57153,57189,36
grooming,57379,57189,57379,190
hunching,57381,57379,57381,2
grooming,57552,57381,57552,171
sniffing,57710,57552,57710,158
walking,57811,57710,57811,101
rearing,57865,57811,57865,54
grooming,57866,57865,57866,1
left_turning,57905,57866,57905,39
sniffing,57935,57905,57935,30
stepping,57993,57935,57993,58
sniffing,57994,57993,57994,1
stepping,58034,57994,58034,40
left_turning,58099,58034,58099,65
sniffing,58100,58099,58100,1
stepping,58101,58100,58101,1
rising,58102,58101,58102,1
sniffing,58103,58102,58103,1
scratching,58104,58103,58104,1
walking,58157,58104,58157,53
sniffing,58309,58157,58309,152
walking,58317,58309,58317,8
trotting,58339,58317,58339,22
stepping,58348,58339,58348,9
sniffing,58733,58348,58733,385
rising,58823,58733,58823,90
climbing,58824,58823,58824,1
rearing,58899,58824,58899,75
left_turning,58924,58899,58924,25
trotting,58925,58924,58925,1
walking,58999,58925,58999,74
grooming,59103,58999,59103,104
sniffing,59258,59103,59258,155
left_turning,59324,59258,59324,66
walking,59348,59324,59348,24
sniffing,59398,59348,59398,50
rising,59422,59398,59422,24
climbing,59423,59422,59423,1
trotting,59433,59423,59433,10
rearing,59481,59433,59481,48
grooming,59482,59481,59482,1
walking,59506,59482,59506,24
stepping,59549,59506,59549,43
right_turning,59638,59549,59638,89
rising,59639,59638,59639,1
sniffing,59650,59639,59650,11
right_turning,59668,59650,59668,18
sniffing,59669,59668,59669,1
grooming,59670,59669,59670,1
sniffing,59794,59670,59794,124
rising,59808,59794,59808,14
climbing,59852,59808,59852,44
rearing,59853,59852,59853,1
climbing,59931,59853,59931,78
rising,59932,59931,59932,1
walking,60001,59932,60001,69
stepping,60076,60001,60076,75
left_turning,60109,60076,60109,33
walking,60155,60109,60155,46
right_turning,60217,60155,60217,62
climbing,60218,60217,60218,1
grooming,60356,60218,60356,138
rearing,60377,60356,60377,21
rising,60378,60377,60378,1
climbing,60433,60378,60433,55
sniffing,60507,60433,60507,74
walking,60556,60507,60556,49
sniffing,60733,60556,60733,177
walking,60825,60733,60825,92
rising,60911,60825,60911,86
climbing,60982,60911,60982,71
left_turning,61035,60982,61035,53
sniffing,61100,61035,61100,65
stepping,61134,61100,61134,34
sniffing,61135,61134,61135,1
rearing,61323,61135,61323,188
hunching,61324,61323,61324,1
grooming,61583,61324,61583,259
rising,61628,61583,61628,45
climbing,61684,61628,61684,56
stepping,61685,61684,61685,1
rising,61720,61685,61720,35
climbing,61838,61720,61838,118
rising,61852,61838,61852,14
rearing,61934,61852,61934,82
running,61952,61934,61952,18
rearing,62016,61952,62016,64
grooming,62137,62016,62137,121
climbing,62138,62137,62138,1
sniffing,62139,62138,62139,1
right_turning,62169,62139,62169,30
grooming,62170,62169,62170,1
right_turning,62171,62170,62171,1
sniffing,62187,62171,62187,16
rearing,62272,62187,62272,85
rising,62281,62272,62281,9
sniffing,62282,62281,62282,1
grooming,62392,62282,62392,110
stepping,62393,62392,62393,1
walking,62471,62393,62471,78
stepping,62506,62471,62506,35
sniffing,62637,62506,62637,131
stepping,62677,62637,62677,40
walking,62678,62677,62678,1
grooming,62679,62678,62679,1
left_turning,62718,62679,62718,39
running,62749,62718,62749,31
rearing,62781,62749,62781,32
climbing,62859,62781,62859,78
stepping,62871,62859,62871,12
climbing,62936,62871,62936,65
walking,62964,62936,62964,28
sniffing,62971,62964,62971,7
stepping,62972,62971,62972,1
sniffing,63114,62972,63114,142
rising,63186,63114,63186,72
sniffing,63234,63186,63234,48
trotting,63279,63234,63279,45
sniffing,63280,63279,63280,1
stepping,63291,63280,63291,11
walking,63330,63291,63330,39
sniffing,63399,63330,63399,69
rising,63400,63399,63400,1
sniffing,63562,63400,63562,162
walking,63574,63562,63574,12
sniffing,63599,63574,63599,25
right_turning,63619,63599,63619,20
walking,63620,63619,63620,1
stepping,63669,63620,63669,49
rearing,63702,63669,63702,33
hunching,63754,63702,63754,52
rearing,63795,63754,63795,41
grooming,63796,63795,63796,1
left_turning,63815,63796,63815,19
sniffing,63832,63815,63832,17
stepping,63866,63832,63866,34
sniffing,64001,63866,64001,135
stepping,64041,64001,64041,40
walking,64081,64041,64081,40
trotting,64118,64081,64118,37
stepping,64197,64118,64197,79
right_turning,64221,64197,64221,24
sniffing,64307,64221,64307,86
scratching,64308,64307,64308,1
grooming,64472,64308,64472,164
left_turning,64497,64472,64497,25
walking,64499,64497,64499,2
rearing,64500,64499,64500,1
stepping,64538,64500,64538,38
walking,64590,64538,64590,52
stepping,64624,64590,64624,34
sniffing,64734,64624,64734,110
walking,64787,64734,64787,53
left_turning,64794,64787,64794,7
grooming,65123,64794,65123,329
pausing,65260,65123,65260,137
sniffing,65613,65260,65613,353
grooming,65900,65613,65900,287
stepping,65969,65900,65969,69
sniffing,65970,65969,65970,1
climbing,66122,65970,66122,152
rearing,66123,66122,66123,1
running,66163,66123,66163,40
trotting,66213,66163,66213,50
stepping,66261,66213,66261,48
sniffing,66319,66261,66319,58
stepping,66364,66319,66364,45
walking,66371,66364,66371,7
stepping,66372,66371,66372,1
sniffing,66373,66372,66373,1
right_turning,66383,66373,66383,10
walking,66481,66383,66481,98
stepping,66543,66481,66543,62
sniffing,66711,66543,66711,168
climbing,66766,66711,66766,55
walking,66767,66766,66767,1
stepping,66791,66767,66791,24
sniffing,66793,66791,66793,2
stepping,66835,66793,66835,42
grooming,67295,66835,67295,460
rising,67388,67295,67388,93
grooming,67482,67388,67482,94
sniffing,67536,67482,67536,54
walking,67537,67536,67537,1
trotting,67538,67537,67538,1
walking,67571,67538,67571,33
sniffing,67626,67571,67626,55
climbing,67663,67626,67663,37
walking,67697,67663,67697,34
sniffing,67738,67697,67738,41
left_turning,67754,67738,67754,16
hunching,67829,67754,67829,75
grooming,67897,67829,67897,68
hunching,67898,67897,67898,1
rearing,67914,67898,67914,16
hunching,67915,67914,67915,1
rearing,67970,67915,67970,55
rising,68016,67970,68016,46
sniffing,68135,68016,68135,119
grooming,68456,68135,68456,321
sniffing,68576,68456,68576,120
right_turning,68581,68576,68581,5
climbing,68638,68581,68638,57
rising,68639,68638,68639,1
left_turning,68664,68639,68664,25
walking,68665,68664,68665,1
running,68668,68665,68668,3
walking,68709,68668,68709,41
sniffing,68841,68709,68841,132
stepping,68851,68841,68851,10
right_turning,68900,68851,68900,49
walking,68909,68900,68909,9
stepping,68933,68909,68933,24
trotting,68953,68933,68953,20
sniffing,69069,68953,69069,116
stepping,69111,69069,69111,42
walking,69201,69111,69201,90
sniffing,69324,69201,69324,123
rising,69325,69324,69325,1
stepping,69365,69325,69365,40
trotting,69396,69365,69396,31
rearing,69464,69396,69464,68
grooming,69465,69464,69465,1
rearing,69494,69465,69494,29
grooming,69822,69494,69822,328
left_turning,69823,69822,69823,1
walking,69878,69823,69878,55
sniffing,69992,69878,69992,114
rising,70069,69992,70069,77
rearing,70115,70069,70115,46
grooming,70116,70115,70116,1
rearing,70208,70116,70208,92
grooming,70778,70208,70778,570
left_turning,70790,70778,70790,12
grooming,70791,70790,70791,1
rearing,70885,70791,70885,94
grooming,71044,70885,71044,159
walking,71045,71044,71045,1
climbing,71158,71045,71158,113
trotting,71230,71158,71230,72
sniffing,71232,71230,71232,2
walking,71233,71232,71233,1
rising,71265,71233,71265,32
sniffing,71333,71265,71333,68
rearing,71423,71333,71423,90
grooming,71516,71423,71516,93
climbing,71537,71516,71537,21
rearing,71576,71537,71576,39
sniffing,71663,71576,71663,87
rising,71664,71663,71664,1
grooming,71715,71664,71715,51
rearing,71716,71715,71716,1
rising,71739,71716,71739,23
climbing,71740,71739,71740,1
walking,71764,71740,71764,24
sniffing,71850,71764,71850,86
running,71896,71850,71896,46
walking,71926,71896,71926,30
stepping,71927,71926,71927,1
grooming,72339,71927,72339,412
sniffing,72343,72339,72343,4
walking,72358,72343,72358,15
sniffing,72359,72358,72359,1
stepping,72425,72359,72425,66
walking,72431,72425,72431,6
sniffing,72528,72431,72528,97
walking,72553,72528,72553,25
sniffing,72787,72553,72787,234
left_turning,72822,72787,72822,35
sniffing,72919,72822,72919,97
right_turning,72960,72919,72960,41
stepping,73020,72960,73020,60
rising,73047,73020,73047,27
climbing,73063,73047,73063,16
rising,73064,73063,73064,1
rearing,73065,73064,73065,1
grooming,73066,73065,73066,1
rearing,73068,73066,73068,2
left_turning,73084,73068,73084,16
climbing,73085,73084,73085,1
sniffing,73235,73085,73235,150
stepping,73266,73235,73266,31
sniffing,73284,73266,73284,18
walking,73380,73284,73380,96
stepping,73422,73380,73422,42
running,73452,73422,73452,30
walking,73522,73452,73522,70
rearing,73570,73522,73570,48
grooming,73648,73570,73648,78
rearing,73656,73648,73656,8
grooming,73657,73656,73657,1
hunching,73732,73657,73732,75
grooming,73733,73732,73733,1
stepping,73802,73733,73802,69
walking,73858,73802,73858,56
sniffing,73859,73858,73859,1
rising,73928,73859,73928,69
grooming,73960,73928,73960,32
hunching,74012,73960,74012,52
left_turning,74064,74012,74064,52
walking,74163,74064,74163,99
grooming,74164,74163,74164,1
scratching,74165,74164,74165,1
grooming,74580,74165,74580,415
rearing,74595,74580,74595,15
grooming,74782,74595,74782,187
rearing,74841,74782,74841,59
rising,74873,74841,74873,32
grooming,74958,74873,74958,85
rearing,75006,74958,75006,48
sniffing,75055,75006,75055,49
walking,75081,75055,75081,26
trotting,75118,75081,75118,37
walking,75183,75118,75183,65
sniffing,75184,75183,75184,1
left_turning,75229,75184,75229,45
walking,75252,75229,75252,23
sniffing,75277,75252,75277,25
right_turning,75284,75277,75284,7
walking,75338,75284,75338,54
sniffing,75475,75338,75475,137
left_turning,75476,75475,75476,1
climbing,75593,75476,75593,117
walking,75631,75593,75631,38
stepping,75663,75631,75663,32
rearing,75747,75663,75747,84
hunching,75748,75747,75748,1
grooming,75857,75748,75857,109
sniffing,75858,75857,75858,1
rearing,75950,75858,75950,92
grooming,76570,75950,76570,620
hunching,76617,76570,76617,47
rearing,76624,76617,76624,7
grooming,76778,76624,76778,154
walking,76864,76778,76864,86
left_turning,76887,76864,76887,23
grooming,77043,76887,77043,156
rearing,77070,77043,77070,27
hunching,77107,77070,77107,37
grooming,77108,77107,77108,1
trotting,77153,77108,77153,45
running,77201,77153,77201,48
sniffing,77262,77201,77262,61
walking,77263,77262,77263,1
sniffing,77385,77263,77385,122
left_turning,77403,77385,77403,18
walking,77408,77403,77408,5
right_turning,77452,77408,77452,44
sniffing,77563,77452,77563,111
right_turning,77598,77563,77598,35
walking,77672,77598,77672,74
rearing,77673,77672,77673,1
grooming,77986,77673,77986,313
sniffing,77987,77986,77987,1
grooming,77988,77987,77988,1
right_turning,78020,77988,78020,32
sniffing,78021,78020,78021,1
right_turning,78026,78021,78026,5
walking,78027,78026,78027,1
rearing,78109,78027,78109,82
grooming,78110,78109,78110,1
rearing,78113,78110,78113,3
sniffing,78198,78113,78198,85
stepping,78211,78198,78211,13
trotting,78214,78211,78214,3
sniffing,78215,78214,78215,1
right_turning,78226,78215,78226,11
sniffing,78386,78226,78386,160
walking,78428,78386,78428,42
stepping,78472,78428,78472,44
grooming,78587,78472,78587,115
stepping,78603,78587,78603,16
sniffing,78631,78603,78631,28
left_turning,78632,78631,78632,1
sniffing,78894,78632,78894,262
walking,78967,78894,78967,73
stepping,78980,78967,78980,13
walking,79096,78980,79096,116
stepping,79134,79096,79134,38
sniffing,79242,79134,79242,108
left_turning,79286,79242,79286,44
trotting,79352,79286,79352,66
sniffing,79374,79352,79374,22
trotting,79375,79374,79375,1
stepping,79404,79375,79404,29
climbing,79405,79404,79405,1
stepping,79406,79405,79406,1
rising,79430,79406,79430,24
rearing,79453,79430,79453,23
sniffing,79525,79453,79525,72
stepping,79559,79525,79559,34
trotting,79599,79559,79599,40
walking,79690,79599,79690,91
sniffing,79742,79690,79742,52
walking,79790,79742,79790,48
climbing,79884,79790,79884,94
stepping,79914,79884,79914,30
left_turning,79961,79914,79961,47
rising,80016,79961,80016,55
climbing,80123,80016,80123,107
running,80180,80123,80180,57
walking,80283,80180,80283,103
stepping,80319,80283,80319,36
rising,80320,80319,80320,1
climbing,80367,80320,80367,47
trotting,80426,80367,80426,59
sniffing,80431,80426,80431,5
stepping,80463,80431,80463,32
sniffing,80464,80463,80464,1
walking,80586,80464,80586,122
sniffing,80591,80586,80591,5
left_turning,80617,80591,80617,26
sniffing,80667,80617,80667,50
walking,80757,80667,80757,90
trotting,80820,80757,80820,63
sniffing,80993,80820,80993,173
stepping,81037,80993,81037,44
grooming,81549,81037,81549,512
climbing,81640,81549,81640,91
grooming,82001,81640,82001,361
hunching,82044,82001,82044,43
rearing,82094,82044,82094,50
grooming,82383,82094,82383,289
rearing,82426,82383,82426,43
climbing,82480,82426,82480,54
sniffing,82688,82480,82688,208
rising,82759,82688,82759,71
right_turning,82764,82759,82764,5
climbing,82860,82764,82860,96
sniffing,82897,82860,82897,37
stepping,82898,82897,82898,1
rising,82952,82898,82952,54
rearing,82962,82952,82962,10
hunching,82972,82962,82972,10
stepping,83012,82972,83012,40
walking,83017,83012,83017,5
stepping,83057,83017,83057,40
walking,83095,83057,83095,38
sniffing,83096,83095,83096,1
rising,83097,83096,83097,1
grooming,83225,83097,83225,128
rearing,83250,83225,83250,25
climbing,83463,83250,83463,213
trotting,83507,83463,83507,44
walking,83559,83507,83559,52
sniffing,83560,83559,83560,1
grooming,83815,83560,83815,255
sniffing,83854,83815,83854,39
walking,83891,83854,83891,37
sniffing,84118,83891,84118,227
left_turning,84119,84118,84119,1
trotting,84120,84119,84120,1
stepping,84151,84120,84151,31
walking,84212,84151,84212,61
stepping,84238,84212,84238,26
walking,84287,84238,84287,49
sniffing,84446,84287,84446,159
stepping,84474,84446,84474,28
running,84513,84474,84513,39
trotting,84526,84513,84526,13
walking,84549,84526,84549,23
stepping,84576,84549,84576,27
sniffing,84577,84576,84577,1
rearing,84581,84577,84581,4
hunching,84612,84581,84612,31
stepping,84644,84612,84644,32
sniffing,84767,84644,84767,123
left_turning,84778,84767,84778,11
walking,84802,84778,84802,24
sniffing,84896,84802,84896,94
climbing,84919,84896,84919,23
walking,84941,84919,84941,22
right_turning,84973,84941,84973,32
walking,85071,84973,85071,98
sniffing,85213,85071,85213,142
stepping,85257,85213,85257,44
walking,85334,85257,85334,77
climbing,85343,85334,85343,9
rising,85420,85343,85420,77
sniffing,85628,85420,85628,208
rearing,85747,85628,85747,119
rising,85748,85747,85748,1
rearing,85776,85748,85776,28
stepping,85810,85776,85810,34
right_turning,85859,85810,85859,49
sniffing,85932,85859,85932,73
stepping,85980,85932,85980,48
rising,86000,85980,86000,20
rearing,86028,86000,86028,28
grooming,87362,86028,87362,1334
climbing,87390,87362,87390,28
rising,87439,87390,87439,49
rearing,87440,87439,87440,1
hunching,87441,87440,87441,1
grooming,87442,87441,87442,1
left_turning,87472,87442,87472,30
sniffing,87571,87472,87571,99
grooming,87572,87571,87572,1
rearing,87594,87572,87594,22
grooming,87997,87594,87997,403
left_turning,87998,87997,87998,1
hunching,88048,87998,88048,50
rearing,88077,88048,88077,29
grooming,88363,88077,88363,286
rearing,88403,88363,88403,40
grooming,88465,88403,88465,62
trotting,88518,88465,88518,53
sniffing,88565,88518,88565,47
stepping,88596,88565,88596,31
walking,88671,88596,88671,75
stepping,88717,88671,88717,46
right_turning,88756,88717,88756,39
stepping,88819,88756,88819,63
walking,88881,88819,88881,62
sniffing,89008,88881,89008,127
stepping,89022,89008,89022,14
grooming,89023,89022,89023,1
rearing,89116,89023,89116,93
grooming,89313,89116,89313,197
rearing,89322,89313,89322,9
sniffing,89379,89322,89379,57
grooming,89595,89379,89595,216
hunching,89653,89595,89653,58
rearing,89704,89653,89704,51
grooming,89705,89704,89705,1
rearing,89721,89705,89721,16
climbing,89722,89721,89722,1
right_turning,89734,89722,89734,12
climbing,89810,89734,89810,76
walking,89854,89810,89854,44
climbing,90077,89854,90077,223
walking,90168,90077,90168,91
sniffing,90304,90168,90304,136
grooming,90418,90304,90418,114
left_turning,90441,90418,90441,23
rising,90490,90441,90490,49
rearing,90528,90490,90528,38
climbing,90611,90528,90611,83
sniffing,90655,90611,90655,44
stepping,90726,90655,90726,71
climbing,90790,90726,90790,64
grooming,90837,90790,90837,47
rearing,90887,90837,90887,50
grooming,90935,90887,90935,48
walking,90936,90935,90936,1
right_turning,90952,90936,90952,16
sniffing,91026,90952,91026,74
grooming,91126,91026,91126,100
sniffing,91199,91126,91199,73
walking,91265,91199,91265,66
rising,91311,91265,91311,46
rearing,91357,91311,91357,46
stepping,91406,91357,91406,49
sniffing,91407,91406,91407,1
walking,91432,91407,91432,25
stepping,91480,91432,91480,48
rearing,91510,91480,91510,30
grooming,92028,91510,92028,518
rearing,92056,92028,92056,28
grooming,92244,92056,92244,188
right_turning,92245,92244,92245,1
running,92287,92245,92287,42
stepping,92311,92287,92311,24
rearing,92374,92311,92374,63
hunching,92375,92374,92375,1
grooming,92376,92375,92376,1
rearing,92528,92376,92528,152
grooming,92529,92528,92529,1
sniffing,92530,92529,92530,1
stepping,92583,92530,92583,53
sniffing,92584,92583,92584,1
grooming,92617,92584,92617,33
climbing,92673,92617,92673,56
grooming,92960,92673,92960,287
rearing,93005,92960,93005,45
stepping,93100,93005,93100,95
walking,93147,93100,93147,47
sniffing,93330,93147,93330,183
rising,93331,93330,93331,1
left_turning,93357,93331,93357,26
rising,93524,93357,93524,167
climbing,93608,93524,93608,84
rising,93639,93608,93639,31
climbing,93689,93639,93689,50
walking,93707,93689,93707,18
sniffing,93758,93707,93758,51
stepping,93786,93758,93786,28
right_turning,93831,93786,93831,45
rising,93856,93831,93856,25
grooming,94011,93856,94011,155
sniffing,94058,94011,94058,47
rearing,94163,94058,94163,105
stepping,94225,94163,94225,62
sniffing,94226,94225,94226,1
right_turning,94227,94226,94227,1
sniffing,94358,94227,94358,131
rising,94359,94358,94359,1
sniffing,94419,94359,94419,60
rising,94465,94419,94465,46
sniffing,94911,94465,94911,446
stepping,94937,94911,94937,26
sniffing,94938,94937,94938,1
stepping,94974,94938,94974,36
left_turning,95009,94974,95009,35
sniffing,95225,95009,95225,216
rising,95226,95225,95226,1
sniffing,95266,95226,95266,40
right_turning,95273,95266,95273,7
walking,95298,95273,95298,25
stepping,95330,95298,95330,32
sniffing,95447,95330,95447,117
stepping,95460,95447,95460,13
rearing,95461,95460,95461,1
stepping,95468,95461,95468,7
grooming,95469,95468,95469,1
rearing,95553,95469,95553,84
climbing,95616,95553,95616,63
trotting,95646,95616,95646,30
sniffing,95686,95646,95686,40
grooming,95800,95686,95800,114
rising,95896,95800,95896,96
grooming,95897,95896,95897,1
climbing,95916,95897,95916,19
sniffing,95975,95916,95975,59
walking,96055,95975,96055,80
climbing,96101,96055,96101,46
rearing,96134,96101,96134,33
walking,96196,96134,96196,62
climbing,96285,96196,96285,89
sniffing,96458,96285,96458,173
left_turning,96477,96458,96477,19
sniffing,96478,96477,96478,1
rising,96479,96478,96479,1
climbing,96541,96479,96541,62
left_turning,96567,96541,96567,26
climbing,96639,96567,96639,72
rearing,96691,96639,96691,52
stepping,96724,96691,96724,33
sniffing,96833,96724,96833,109
walking,96877,96833,96877,44
sniffing,96883,96877,96883,6
trotting,96940,96883,96940,57
stepping,96977,96940,96977,37
walking,96978,96977,96978,1
sniffing,97038,96978,97038,60
rising,97113,97038,97113,75
rearing,97154,97113,97154,41
grooming,97333,97154,97333,179
sniffing,97434,97333,97434,101
rising,97547,97434,97547,113
climbing,97607,97547,97607,60
walking,97668,97607,97668,61
trotting,97708,97668,97708,40
climbing,97786,97708,97786,78
rearing,97858,97786,97858,72
sniffing,97913,97858,97913,55
walking,97954,97913,97954,41
stepping,97955,97954,97955,1
sniffing,98100,97955,98100,145
stepping,98101,98100,98101,1
right_turning,98144,98101,98144,43
stepping,98197,98144,98197,53
sniffing,98246,98197,98246,49
rearing,98282,98246,98282,36
rising,98372,98282,98372,90
grooming,98486,98372,98486,114
stepping,98545,98486,98545,59
rising,98546,98545,98546,1
left_turning,98601,98546,98601,55
sniffing,98768,98601,98768,167
rising,98807,98768,98807,39
rearing,98808,98807,98808,1
climbing,98935,98808,98935,127
trotting,98995,98935,98995,60
climbing,99110,98995,99110,115
rearing,99213,99110,99213,103
sniffing,99289,99213,99289,76
trotting,99365,99289,99365,76
sniffing,99366,99365,99366,1
stepping,99377,99366,99377,11
rising,99401,99377,99401,24
hunching,99453,99401,99453,52
grooming,99506,99453,99506,53
rearing,99600,99506,99600,94
stepping,99636,99600,99636,36
trotting,99680,99636,99680,44
sniffing,99731,99680,99731,51
stepping,99763,99731,99763,32
sniffing,99863,99763,99863,100
rearing,100296,99863,100296,433
grooming,100297,100296,100297,1
climbing,100347,100297,100347,50
rearing,100503,100347,100503,156
sniffing,100554,100503,100554,51
rising,100628,100554,100628,74
rearing,100632,100628,100632,4
grooming,100744,100632,100744,112
rising,100745,100744,100745,1
rearing,100775,100745,100775,30
hunching,100880,100775,100880,105
rearing,100990,100880,100990,110
climbing,101125,100990,101125,135
grooming,101173,101125,101173,48
walking,101181,101173,101181,8
rearing,101304,101181,101304,123
hunching,101355,101304,101355,51
rearing,101356,101355,101356,1
sniffing,101508,101356,101508,152
grooming,101805,101508,101805,297
rearing,101806,101805,101806,1
hunching,101898,101806,101898,92
rearing,101997,101898,101997,99
sniffing,102040,101997,102040,43
stepping,102057,102040,102057,17
walking,102093,102057,102093,36
stepping,102121,102093,102121,28
walking,102227,102121,102227,106
rising,102244,102227,102244,17
rearing,102310,102244,102310,66
sniffing,102441,102310,102441,131
stepping,102499,102441,102499,58
walking,102556,102499,102556,57
left_turning,102617,102556,102617,61
walking,102632,102617,102632,15
rising,102684,102632,102684,52
rearing,103033,102684,103033,349
grooming,103034,103033,103034,1
left_turning,103133,103034,103133,99
sniffing,103206,103133,103206,73
stepping,103240,103206,103240,34
walking,103259,103240,103259,19
sniffing,103260,103259,103260,1
hunching,103277,103260,103277,17
rearing,103278,103277,103278,1
grooming,103352,103278,103352,74
hunching,103372,103352,103372,20
grooming,103373,103372,103373,1
scratching,103374,103373,103374,1
sniffing,103375,103374,103375,1
scratching,103376,103375,103376,1
walking,103412,103376,103412,36
grooming,103525,103412,103525,113
trotting,103593,103525,103593,68
sniffing,103662,103593,103662,69
rising,103734,103662,103734,72
rearing,103826,103734,103826,92
climbing,103957,103826,103957,131
grooming,103958,103957,103958,1
left_turning,104009,103958,104009,51
sniffing,104030,104009,104030,21
hunching,104216,104030,104216,186
grooming,104310,104216,104310,94
left_turning,104333,104310,104333,23
grooming,104533,104333,104533,200
sniffing,104593,104533,104593,60
stepping,104678,104593,104678,85
walking,104719,104678,104719,41
right_turning,104763,104719,104763,44
sniffing,104813,104763,104813,50
walking,104814,104813,104814,1
trotting,104861,104814,104861,47
walking,104885,104861,104885,24
sniffing,104964,104885,104964,79
grooming,104969,104964,104969,5
rearing,104970,104969,104970,1
running,105032,104970,105032,62
walking,105058,105032,105058,26
sniffing,105143,105058,105143,85
trotting,105204,105143,105204,61
running,105205,105204,105205,1
stepping,105236,105205,105236,31
rising,105241,105236,105241,5
grooming,105242,105241,105242,1
climbing,105284,105242,105284,42
left_turning,105320,105284,105320,36
sniffing,105321,105320,105321,1
stepping,105378,105321,105378,57
sniffing,105400,105378,105400,22
running,105441,105400,105441,41
walking,105442,105441,105442,1
rising,105451,105442,105451,9
rearing,105524,105451,105524,73
climbing,105556,105524,105556,32
rearing,105640,105556,105640,84
sniffing,105898,105640,105898,258
stepping,105940,105898,105940,42
left_turning,105942,105940,105942,2
walking,105978,105942,105978,36
sniffing,106043,105978,106043,65
walking,106114,106043,106114,71
sniffing,106115,106114,106115,1
grooming,106291,106115,106291,176
rearing,106349,106291,106349,58
sniffing,106438,106349,106438,89
walking,106452,106438,106452,14
grooming,106477,106452,106477,25
rearing,106626,106477,106626,149
grooming,106830,106626,106830,204
stepping,106848,106830,106848,18
grooming,106929,106848,106929,81
rearing,107010,106929,107010,81
grooming,107011,107010,107011,1
climbing,107145,107011,107145,134
running,107168,107145,107168,23
trotting,107169,107168,107169,1
stepping,107217,107169,107217,48
grooming,107407,107217,107407,190
scratching,107408,107407,107408,1
sniffing,107449,107408,107449,41
walking,107493,107449,107493,44
grooming,107494,107493,107494,1
sniffing,107649,107494,107649,155
rising,107661,107649,107661,12
climbing,107723,107661,107723,62
trotting,107762,107723,107762,39
jumping,107763,107762,107763,1
rearing,107800,107763,107800,37
grooming,107971,107800,107971,171
left_turning,107988,107971,107988,17
rising,108000,107988,108000,12
