revised_movement_label,segBoundary,segBoundary_start,segBoundary_end,length
sniffing,74,0,74,74
rising,77,74,77,3
grooming,238,77,238,161
right_turning,267,238,267,29
walking,391,267,391,124
sniffing,487,391,487,96
stepping,522,487,522,35
sniffing,555,522,555,33
left_turning,603,555,603,48
hunching,617,603,617,14
left_turning,640,617,640,23
grooming,713,640,713,73
sniffing,944,713,944,231
left_turning,945,944,945,1
walking,994,945,994,49
sniffing,995,994,995,1
grooming,996,995,996,1
left_turning,1050,996,1050,54
sniffing,1051,1050,1051,1
rising,1136,1051,1136,85
rearing,1258,1136,1258,122
sniffing,1259,1258,1259,1
walking,1336,1259,1336,77
sniffing,1441,1336,1441,105
walking,1482,1441,1482,41
rearing,1483,1482,1483,1
climbing,1510,1483,1510,27
hunching,1536,1510,1536,26
rising,1537,1536,1537,1
walking,1579,1537,1579,42
sniffing,1671,1579,1671,92
rising,1672,1671,1672,1
rearing,1698,1672,1698,26
sniffing,1699,1698,1699,1
walking,1700,1699,1700,1
stepping,1742,1700,1742,42
trotting,1767,1742,1767,25
running,1794,1767,1794,27
sniffing,2059,1794,2059,265
walking,2085,2059,2085,26
stepping,2134,2085,2134,49
sniffing,2151,2134,2151,17
walking,2159,2151,2159,8
running,2187,2159,2187,28
walking,2260,2187,2260,73
right_turning,2303,2260,2303,43
walking,2304,2303,2304,1
stepping,2305,2304,2305,1
running,2309,2305,2309,4
stepping,2325,2309,2325,16
sniffing,2393,2325,2393,68
right_turning,2415,2393,2415,22
walking,2458,2415,2458,43
sniffing,2485,2458,2485,27
trotting,2486,2485,2486,1
walking,2524,2486,2524,38
sniffing,2575,2524,2575,51
rising,2620,2575,2620,45
sniffing,2621,2620,2621,1
rising,2622,2621,2622,1
left_turning,2658,2622,2658,36
sniffing,2738,2658,2738,80
walking,2755,2738,2755,17
sniffing,2853,2755,2853,98
rising,2854,2853,2854,1
sniffing,2855,2854,2855,1
left_turning,2856,2855,2856,1
walking,2913,2856,2913,57
stepping,2914,2913,2914,1
sniffing,2953,2914,2953,39
left_turning,3028,2953,3028,75
sniffing,3037,3028,3037,9
rising,3112,3037,3112,75
sniffing,3178,3112,3178,66
stepping,3235,3178,3235,57
sniffing,3324,3235,3324,89
walking,3411,3324,3411,87
stepping,3475,3411,3475,64
sniffing,3476,3475,3476,1
rising,3483,3476,3483,7
stepping,3535,3483,3535,52
sniffing,3571,3535,3571,36
rising,3577,3571,3577,6
walking,3595,3577,3595,18
sniffing,3676,3595,3676,81
stepping,3719,3676,3719,43
sniffing,3754,3719,3754,35
rising,3759,3754,3759,5
sniffing,3760,3759,3760,1
rising,3783,3760,3783,23
rearing,3784,3783,3784,1
rising,3821,3784,3821,37
sniffing,3890,3821,3890,69
rising,3910,3890,3910,20
rearing,3938,3910,3938,28
rising,3975,3938,3975,37
stepping,4014,3975,4014,39
walking,4096,4014,4096,82
sniffing,4171,4096,4171,75
rising,4189,4171,4189,18
sniffing,4190,4189,4190,1
rising,4215,4190,4215,25
right_turning,4239,4215,4239,24
walking,4277,4239,4277,38
sniffing,4347,4277,4347,70
grooming,4453,4347,4453,106
left_turning,4489,4453,4489,36
sniffing,4601,4489,4601,112
rising,4602,4601,4602,1
sniffing,4603,4602,4603,1
trotting,4646,4603,4646,43
stepping,4720,4646,4720,74
walking,4784,4720,4784,64
trotting,4836,4784,4836,52
walking,4849,4836,4849,13
rising,4850,4849,4850,1
rearing,4866,4850,4866,16
grooming,4884,4866,4884,18
rearing,4885,4884,4885,1
grooming,5136,4885,5136,251
hunching,5149,5136,5149,13
grooming,5183,5149,5183,34
rising,5184,5183,5184,1
rearing,5188,5184,5188,4
sniffing,5283,5188,5283,95
rising,5334,5283,5334,51
walking,5346,5334,5346,12
running,5368,5346,5368,22
sniffing,5447,5368,5447,79
left_turning,5530,5447,5530,83
walking,5580,5530,5580,50
stepping,5669,5580,5669,89
sniffing,5717,5669,5717,48
stepping,5719,5717,5719,2
trotting,5732,5719,5732,13
walking,5738,5732,5738,6
trotting,5798,5738,5798,60
walking,5849,5798,5849,51
sniffing,5850,5849,5850,1
walking,5897,5850,5897,47
rising,5907,5897,5907,10
stepping,5964,5907,5964,57
running,5989,5964,5989,25
rising,6057,5989,6057,68
sniffing,6117,6057,6117,60
left_turning,6136,6117,6136,19
rising,6179,6136,6179,43
walking,6201,6179,6201,22
sniffing,6202,6201,6202,1
walking,6218,6202,6218,16
rising,6236,6218,6236,18
sniffing,6306,6236,6306,70
climbing,6355,6306,6355,49
hunching,6385,6355,6385,30
rising,6402,6385,6402,17
climbing,6458,6402,6458,56
sniffing,6512,6458,6512,54
stepping,6640,6512,6640,128
rising,6644,6640,6644,4
walking,6692,6644,6692,48
rising,6771,6692,6771,79
sniffing,6989,6771,6989,218
rising,7035,6989,7035,46
sniffing,7080,7035,7080,45
grooming,7330,7080,7330,250
sniffing,7418,7330,7418,88
grooming,7442,7418,7442,24
hunching,7443,7442,7443,1
rearing,7504,7443,7504,61
rising,7623,7504,7623,119
rearing,7700,7623,7700,77
sniffing,7786,7700,7786,86
walking,7844,7786,7844,58
sniffing,7882,7844,7882,38
trotting,7922,7882,7922,40
running,7944,7922,7944,22
walking,7972,7944,7972,28
sniffing,7979,7972,7979,7
stepping,8010,7979,8010,31
sniffing,8032,8010,8032,22
rising,8106,8032,8106,74
climbing,8166,8106,8166,60
rising,8167,8166,8167,1
rearing,8237,8167,8237,70
hunching,8262,8237,8262,25
rearing,8372,8262,8372,110
rising,8373,8372,8373,1
running,8395,8373,8395,22
trotting,8398,8395,8398,3
stepping,8447,8398,8447,49
walking,8507,8447,8507,60
rising,8526,8507,8526,19
sniffing,8701,8526,8701,175
walking,8743,8701,8743,42
stepping,8768,8743,8768,25
walking,8775,8768,8775,7
sniffing,8776,8775,8776,1
walking,8813,8776,8813,37
climbing,8876,8813,8876,63
left_turning,8878,8876,8878,2
running,8889,8878,8889,11
trotting,8906,8889,8906,17
walking,8936,8906,8936,30
running,8972,8936,8972,36
trotting,8977,8972,8977,5
stepping,9014,8977,9014,37
sniffing,9170,9014,9170,156
stepping,9228,9170,9228,58
walking,9252,9228,9252,24
stepping,9253,9252,9253,1
sniffing,9266,9253,9266,13
walking,9358,9266,9358,92
left_turning,9369,9358,9369,11
running,9379,9369,9379,10
stepping,9447,9379,9447,68
grooming,9448,9447,9448,1
rearing,9451,9448,9451,3
grooming,9452,9451,9452,1
rearing,9579,9452,9579,127
hunching,9616,9579,9616,37
grooming,9779,9616,9779,163
walking,9819,9779,9819,40
sniffing,9861,9819,9861,42
walking,9914,9861,9914,53
stepping,9962,9914,9962,48
sniffing,10016,9962,10016,54
grooming,10091,10016,10091,75
scratching,10092,10091,10092,1
grooming,10322,10092,10322,230
right_turning,10364,10322,10364,42
rising,10448,10364,10448,84
rearing,10496,10448,10496,48
grooming,10538,10496,10538,42
left_turning,10560,10538,10560,22
stepping,10609,10560,10609,49
sniffing,10689,10609,10689,80
stepping,10741,10689,10741,52
walking,10804,10741,10804,63
grooming,10846,10804,10846,42
sniffing,10908,10846,10908,62
rising,10922,10908,10922,14
stepping,10955,10922,10955,33
sniffing,11047,10955,11047,92
rearing,11156,11047,11156,109
hunching,11181,11156,11181,25
sniffing,11204,11181,11204,23
rearing,11292,11204,11292,88
walking,11297,11292,11297,5
sniffing,11322,11297,11322,25
grooming,11323,11322,11323,1
sniffing,11392,11323,11392,69
rising,11463,11392,11463,71
rearing,11531,11463,11531,68
grooming,11667,11531,11667,136
walking,11688,11667,11688,21
sniffing,11759,11688,11759,71
walking,11831,11759,11831,72
sniffing,11853,11831,11853,22
grooming,11912,11853,11912,59
rearing,11913,11912,11913,1
sniffing,11988,11913,11988,75
walking,11989,11988,11989,1
stepping,12041,11989,12041,52
right_turning,12042,12041,12042,1
trotting,12090,12042,12090,48
walking,12092,12090,12092,2
trotting,12113,12092,12113,21
left_turning,12172,12113,12172,59
walking,12192,12172,12192,20
trotting,12208,12192,12208,16
walking,12241,12208,12241,33
sniffing,12242,12241,12242,1
grooming,12243,12242,12243,1
rearing,12274,12243,12274,31
rising,12275,12274,12275,1
climbing,12334,12275,12334,59
rearing,12418,12334,12418,84
sniffing,12419,12418,12419,1
rising,12420,12419,12420,1
running,12435,12420,12435,15
sniffing,12670,12435,12670,235
grooming,12771,12670,12771,101
climbing,12834,12771,12834,63
sniffing,12985,12834,12985,151
left_turning,12986,12985,12986,1
stepping,12991,12986,12991,5
sniffing,12992,12991,12992,1
trotting,13013,12992,13013,21
sniffing,13121,13013,13121,108
walking,13140,13121,13140,19
trotting,13169,13140,13169,29
rising,13195,13169,13195,26
hunching,13206,13195,13206,11
rising,13207,13206,13207,1
walking,13231,13207,13231,24
rearing,13232,13231,13232,1
hunching,13248,13232,13248,16
sniffing,13313,13248,13313,65
grooming,13391,13313,13391,78
stepping,13437,13391,13437,46
grooming,13474,13437,13474,37
rearing,13660,13474,13660,186
grooming,13661,13660,13661,1
running,13679,13661,13679,18
sniffing,13784,13679,13784,105
grooming,13863,13784,13863,79
climbing,13957,13863,13957,94
sniffing,13958,13957,13958,1
right_turning,13960,13958,13960,2
grooming,14128,13960,14128,168
sniffing,14139,14128,14139,11
left_turning,14187,14139,14187,48
hunching,14246,14187,14246,59
grooming,14325,14246,14325,79
rearing,14362,14325,14362,37
right_turning,14384,14362,14384,22
trotting,14407,14384,14407,23
stepping,14421,14407,14421,14
walking,14443,14421,14443,22
sniffing,14540,14443,14540,97
rising,14659,14540,14659,119
rearing,14689,14659,14689,30
hunching,14729,14689,14729,40
grooming,14730,14729,14730,1
climbing,14772,14730,14772,42
grooming,15148,14772,15148,376
sniffing,15189,15148,15189,41
rearing,15274,15189,15274,85
grooming,15345,15274,15345,71
walking,15423,15345,15423,78
running,15433,15423,15433,10
rearing,15434,15433,15434,1
grooming,15623,15434,15623,189
rearing,15799,15623,15799,176
climbing,15855,15799,15855,56
sniffing,15856,15855,15856,1
rising,15896,15856,15896,40
sniffing,15959,15896,15959,63
walking,15976,15959,15976,17
sniffing,16087,15976,16087,111
stepping,16142,16087,16142,55
running,16169,16142,16169,27
rising,16260,16169,16260,91
left_turning,16267,16260,16267,7
sniffing,16329,16267,16329,62
walking,16367,16329,16367,38
sniffing,16368,16367,16368,1
walking,16369,16368,16369,1
stepping,16399,16369,16399,30
rising,16429,16399,16429,30
running,16445,16429,16445,16
stepping,16504,16445,16504,59
grooming,16505,16504,16505,1
rearing,16544,16505,16544,39
running,16569,16544,16569,25
stepping,16600,16569,16600,31
walking,16684,16600,16684,84
trotting,16695,16684,16695,11
stepping,16761,16695,16761,66
walking,16823,16761,16823,62
left_turning,16878,16823,16878,55
trotting,16898,16878,16898,20
rising,16986,16898,16986,88
sniffing,17012,16986,17012,26
rising,17045,17012,17045,33
grooming,17065,17045,17065,20
rearing,17075,17065,17075,10
hunching,17109,17075,17109,34
grooming,17168,17109,17168,59
left_turning,17186,17168,17186,18
stepping,17238,17186,17238,52
walking,17243,17238,17243,5
sniffing,17317,17243,17317,74
stepping,17366,17317,17366,49
grooming,17390,17366,17390,24
hunching,17436,17390,17436,46
rearing,17485,17436,17485,49
hunching,17499,17485,17499,14
grooming,17717,17499,17717,218
stepping,17741,17717,17741,24
sniffing,17742,17741,17742,1
grooming,17862,17742,17862,120
stepping,17917,17862,17917,55
sniffing,17920,17917,17920,3
walking,17929,17920,17929,9
sniffing,17930,17929,17930,1
running,17949,17930,17949,19
walking,17950,17949,17950,1
trotting,17951,17950,17951,1
stepping,17973,17951,17973,22
trotting,17995,17973,17995,22
sniffing,18110,17995,18110,115
walking,18129,18110,18129,19
rising,18132,18129,18132,3
rearing,18133,18132,18133,1
hunching,18156,18133,18156,23
rearing,18215,18156,18215,59
climbing,18293,18215,18293,78
right_turning,18329,18293,18329,36
walking,18330,18329,18330,1
sniffing,18398,18330,18398,68
grooming,18542,18398,18542,144
stepping,18570,18542,18570,28
grooming,18699,18570,18699,129
hunching,18727,18699,18727,28
sniffing,18780,18727,18780,53
rearing,18781,18780,18781,1
sniffing,18817,18781,18817,36
trotting,18856,18817,18856,39
stepping,18887,18856,18887,31
sniffing,18888,18887,18888,1
grooming,18914,18888,18914,26
rearing,18925,18914,18925,11
climbing,19039,18925,19039,114
right_turning,19122,19039,19122,83
sniffing,19206,19122,19206,84
grooming,19207,19206,19207,1
sniffing,19282,19207,19282,75
walking,19304,19282,19304,22
stepping,19334,19304,19334,30
rising,19362,19334,19362,28
stepping,19380,19362,19380,18
sniffing,19550,19380,19550,170
rising,19566,19550,19566,16
sniffing,19620,19566,19620,54
walking,19711,19620,19711,91
sniffing,19821,19711,19821,110
walking,19896,19821,19896,75
grooming,19926,19896,19926,30
climbing,19997,19926,19997,71
left_turning,20031,19997,20031,34
stepping,20042,20031,20042,11
grooming,20138,20042,20138,96
trotting,20148,20138,20148,10
rising,20177,20148,20177,29
climbing,20230,20177,20230,53
rearing,20258,20230,20258,28
left_turning,20313,20258,20313,55
sniffing,20323,20313,20323,10
rising,20356,20323,20356,33
grooming,20419,20356,20419,63
stepping,20479,20419,20479,60
rising,20505,20479,20505,26
stepping,20542,20505,20542,37
grooming,20549,20542,20549,7
stepping,20579,20549,20579,30
walking,20604,20579,20604,25
right_turning,20661,20604,20661,57
rising,20702,20661,20702,41
sniffing,20768,20702,20768,66
rising,20946,20768,20946,178
rearing,21039,20946,21039,93
grooming,21059,21039,21059,20
trotting,21078,21059,21078,19
walking,21121,21078,21121,43
stepping,21144,21121,21144,23
sniffing,21221,21144,21221,77
rising,21307,21221,21307,86
stepping,21404,21307,21404,97
rearing,21405,21404,21405,1
climbing,21453,21405,21453,48
right_turning,21486,21453,21486,33
sniffing,21604,21486,21604,118
trotting,21608,21604,21608,4
sniffing,21622,21608,21622,14
rising,21674,21622,21674,52
climbing,21728,21674,21728,54
rising,21729,21728,21729,1
sniffing,21919,21729,21919,190
grooming,22057,21919,22057,138
rising,22141,22057,22141,84
climbing,22204,22141,22204,63
left_turning,22233,22204,22233,29
scratching,22234,22233,22234,1
grooming,22431,22234,22431,197
sniffing,22432,22431,22432,1
stepping,22451,22432,22451,19
walking,22452,22451,22452,1
left_turning,22485,22452,22485,33
walking,22576,22485,22576,91
stepping,22610,22576,22610,34
climbing,22656,22610,22656,46
left_turning,22671,22656,22671,15
walking,22700,22671,22700,29
right_turning,22717,22700,22717,17
stepping,22718,22717,22718,1
sniffing,22817,22718,22817,99
walking,22852,22817,22852,35
left_turning,22880,22852,22880,28
walking,22881,22880,22881,1
grooming,23116,22881,23116,235
rearing,23188,23116,23188,72
grooming,23313,23188,23313,125
sniffing,23331,23313,23331,18
grooming,23441,23331,23441,110
climbing,23475,23441,23475,34
left_turning,23521,23475,23521,46
sniffing,23673,23521,23673,152
walking,23674,23673,23674,1
trotting,23726,23674,23726,52
walking,23850,23726,23850,124
trotting,23863,23850,23863,13
stepping,23909,23863,23909,46
walking,23929,23909,23929,20
trotting,23937,23929,23937,8
left_turning,23983,23937,23983,46
stepping,24003,23983,24003,20
walking,24032,24003,24032,29
trotting,24040,24032,24040,8
right_turning,24061,24040,24061,21
sniffing,24175,24061,24175,114
rising,24217,24175,24217,42
grooming,24218,24217,24218,1
right_turning,24219,24218,24219,1
trotting,24263,24219,24263,44
sniffing,24274,24263,24274,11
rising,24316,24274,24316,42
walking,24317,24316,24317,1
right_turning,24350,24317,24350,33
sniffing,24470,24350,24470,120
hunching,24527,24470,24527,57
grooming,24528,24527,24528,1
walking,24529,24528,24529,1
grooming,24530,24529,24530,1
stepping,24603,24530,24603,73
sniffing,24610,24603,24610,7
rearing,24625,24610,24625,15
climbing,24657,24625,24657,32
stepping,24725,24657,24725,68
sniffing,24726,24725,24726,1
rising,24790,24726,24790,64
stepping,24841,24790,24841,51
walking,24879,24841,24879,38
stepping,24887,24879,24887,8
rising,24934,24887,24934,47
hunching,24996,24934,24996,62
rearing,24999,24996,24999,3
rising,25005,24999,25005,6
sniffing,25008,25005,25008,3
rising,25090,25008,25090,82
sniffing,25230,25090,25230,140
rising,25306,25230,25306,76
grooming,25307,25306,25307,1
rearing,25381,25307,25381,74
hunching,25470,25381,25470,89
grooming,25471,25470,25471,1
hunching,25511,25471,25511,40
rearing,25527,25511,25527,16
rising,25540,25527,25540,13
grooming,25602,25540,25602,62
climbing,25650,25602,25650,48
walking,25672,25650,25672,22
sniffing,25719,25672,25719,47
grooming,25892,25719,25892,173
stepping,25918,25892,25918,26
sniffing,25935,25918,25935,17
climbing,25936,25935,25936,1
rearing,26015,25936,26015,79
grooming,26016,26015,26016,1
rearing,26017,26016,26017,1
sniffing,26133,26017,26133,116
rising,26174,26133,26174,41
rearing,26207,26174,26207,33
right_turning,26212,26207,26212,5
sniffing,26290,26212,26290,78
rearing,26345,26290,26345,55
grooming,26425,26345,26425,80
rising,26551,26425,26551,126
sniffing,26615,26551,26615,64
left_turning,26700,26615,26700,85
trotting,26723,26700,26723,23
sniffing,26747,26723,26747,24
climbing,26801,26747,26801,54
right_turning,26880,26801,26880,79
walking,26964,26880,26964,84
rearing,26965,26964,26965,1
grooming,27105,26965,27105,140
climbing,27136,27105,27136,31
rearing,27230,27136,27230,94
left_turning,27261,27230,27261,31
grooming,27262,27261,27262,1
stepping,27267,27262,27267,5
climbing,27268,27267,27268,1
running,27288,27268,27288,20
trotting,27332,27288,27332,44
sniffing,27368,27332,27368,36
grooming,27627,27368,27627,259
left_turning,27679,27627,27679,52
trotting,27689,27679,27689,10
stepping,27748,27689,27748,59
right_turning,27797,27748,27797,49
grooming,27938,27797,27938,141
trotting,27963,27938,27963,25
stepping,27973,27963,27973,10
climbing,28052,27973,28052,79
sniffing,28115,28052,28115,63
right_turning,28171,28115,28171,56
walking,28197,28171,28197,26
stepping,28234,28197,28234,37
sniffing,28319,28234,28319,85
rising,28354,28319,28354,35
climbing,28416,28354,28416,62
walking,28417,28416,28417,1
sniffing,28441,28417,28441,24
stepping,28461,28441,28461,20
walking,28479,28461,28479,18
sniffing,28480,28479,28480,1
walking,28514,28480,28514,34
sniffing,28534,28514,28534,20
stepping,28579,28534,28579,45
walking,28678,28579,28678,99
rising,28703,28678,28703,25
stepping,28752,28703,28752,49
walking,28772,28752,28772,20
sniffing,28773,28772,28773,1
left_turning,28834,28773,28834,61
stepping,28898,28834,28898,64
rising,28908,28898,28908,10
stepping,28965,28908,28965,57
sniffing,28990,28965,28990,25
rising,29066,28990,29066,76
hunching,29115,29066,29115,49
scratching,29116,29115,29116,1
sniffing,29175,29116,29175,59
walking,29288,29175,29288,113
stepping,29331,29288,29331,43
climbing,29392,29331,29392,61
walking,29393,29392,29393,1
sniffing,29475,29393,29475,82
right_turning,29490,29475,29490,15
walking,29526,29490,29526,36
sniffing,29527,29526,29527,1
rearing,29592,29527,29592,65
sniffing,29593,29592,29593,1
grooming,29594,29593,29594,1
walking,29595,29594,29595,1
sniffing,29625,29595,29625,30
rearing,29648,29625,29648,23
grooming,29679,29648,29679,31
rearing,29708,29679,29708,29
grooming,29969,29708,29969,261
sniffing,30125,29969,30125,156
rising,30129,30125,30129,4
grooming,30223,30129,30223,94
left_turning,30255,30223,30255,32
grooming,30290,30255,30290,35
rearing,30297,30290,30297,7
grooming,30426,30297,30426,129
scratching,30427,30426,30427,1
grooming,30529,30427,30529,102
running,30561,30529,30561,32
walking,30586,30561,30586,25
stepping,30640,30586,30640,54
sniffing,30641,30640,30641,1
grooming,30650,30641,30650,9
stepping,30719,30650,30719,69
sniffing,30744,30719,30744,25
left_turning,30745,30744,30745,1
trotting,30755,30745,30755,10
rising,30784,30755,30784,29
climbing,31023,30784,31023,239
rising,31042,31023,31042,19
right_turning,31064,31042,31064,22
stepping,31096,31064,31096,32
right_turning,31109,31096,31109,13
stepping,31175,31109,31175,66
sniffing,31178,31175,31178,3
stepping,31217,31178,31217,39
walking,31218,31217,31218,1
rising,31250,31218,31250,32
left_turning,31306,31250,31306,56
stepping,31340,31306,31340,34
sniffing,31341,31340,31341,1
grooming,31616,31341,31616,275
hunching,31639,31616,31639,23
grooming,31738,31639,31738,99
rising,31747,31738,31747,9
climbing,31828,31747,31828,81
sniffing,31856,31828,31856,28
rising,31910,31856,31910,54
rearing,31983,31910,31983,73
climbing,32040,31983,32040,57
grooming,32135,32040,32135,95
sniffing,32221,32135,32221,86
stepping,32274,32221,32274,53
left_turning,32309,32274,32309,35
grooming,32579,32309,32579,270
walking,32596,32579,32596,17
trotting,32610,32596,32610,14
rising,32611,32610,32611,1
climbing,32644,32611,32644,33
rising,32733,32644,32733,89
trotting,32800,32733,32800,67
grooming,33102,32800,33102,302
sniffing,33142,33102,33142,40
trotting,33161,33142,33161,19
walking,33174,33161,33174,13
rising,33245,33174,33245,71
walking,33249,33245,33249,4
stepping,33286,33249,33286,37
sniffing,33323,33286,33323,37
rising,33366,33323,33366,43
climbing,33444,33366,33444,78
left_turning,33460,33444,33460,16
grooming,33461,33460,33461,1
sniffing,33479,33461,33479,18
stepping,33529,33479,33529,50
grooming,33649,33529,33649,120
rearing,33681,33649,33681,32
climbing,33760,33681,33760,79
running,33811,33760,33811,51
walking,33880,33811,33880,69
sniffing,33898,33880,33898,18
rising,33927,33898,33927,29
stepping,33980,33927,33980,53
grooming,34300,33980,34300,320
left_turning,34335,34300,34335,35
rising,34355,34335,34355,20
climbing,34414,34355,34414,59
rising,34421,34414,34421,7
climbing,34460,34421,34460,39
stepping,34487,34460,34487,27
sniffing,34540,34487,34540,53
walking,34585,34540,34585,45
stepping,34627,34585,34627,42
sniffing,34715,34627,34715,88
grooming,34716,34715,34716,1
walking,34808,34716,34808,92
stepping,34829,34808,34829,21
sniffing,34921,34829,34921,92
grooming,35173,34921,35173,252
scratching,35174,35173,35174,1
grooming,35175,35174,35175,1
sniffing,35348,35175,35348,173
grooming,35578,35348,35578,230
trotting,35626,35578,35626,48
left_turning,35664,35626,35664,38
stepping,35665,35664,35665,1
trotting,35691,35665,35691,26
sniffing,35716,35691,35716,25
left_turning,35787,35716,35787,71
trotting,35802,35787,35802,15
stepping,35837,35802,35837,35
grooming,35864,35837,35864,27
rearing,35911,35864,35911,47
left_turning,35958,35911,35958,47
grooming,35992,35958,35992,34
walking,36044,35992,36044,52
stepping,36064,36044,36064,20
sniffing,36156,36064,36156,92
rearing,36308,36156,36308,152
climbing,36363,36308,36363,55
walking,36364,36363,36364,1
stepping,36365,36364,36365,1
sniffing,36388,36365,36388,23
climbing,36428,36388,36428,40
grooming,36429,36428,36429,1
walking,36446,36429,36446,17
sniffing,36469,36446,36469,23
grooming,36585,36469,36585,116
sniffing,36615,36585,36615,30
walking,36670,36615,36670,55
rising,36705,36670,36705,35
walking,36706,36705,36706,1
trotting,36730,36706,36730,24
walking,36796,36730,36796,66
rising,36834,36796,36834,38
rearing,36888,36834,36888,54
grooming,37009,36888,37009,121
hunching,37045,37009,37045,36
sniffing,37046,37045,37046,1
stepping,37075,37046,37075,29
sniffing,37150,37075,37150,75
rising,37214,37150,37214,64
climbing,37286,37214,37286,72
running,37328,37286,37328,42
rearing,37431,37328,37431,103
climbing,37452,37431,37452,21
grooming,37911,37452,37911,459
rearing,37958,37911,37958,47
hunching,37981,37958,37981,23
grooming,38195,37981,38195,214
sniffing,38472,38195,38472,277
grooming,38710,38472,38710,238
walking,38798,38710,38798,88
rising,38833,38798,38833,35
climbing,38834,38833,38834,1
grooming,38835,38834,38835,1
stepping,38863,38835,38863,28
rising,38896,38863,38896,33
grooming,39277,38896,39277,381
rearing,39309,39277,39309,32
sniffing,39310,39309,39310,1
grooming,39311,39310,39311,1
running,39349,39311,39349,38
climbing,39350,39349,39350,1
left_turning,39352,39350,39352,2
running,39371,39352,39371,19
walking,39429,39371,39429,58
stepping,39475,39429,39475,46
rising,39476,39475,39476,1
grooming,39477,39476,39477,1
sniffing,39478,39477,39478,1
trotting,39539,39478,39539,61
grooming,39900,39539,39900,361
stepping,39938,39900,39938,38
climbing,40021,39938,40021,83
grooming,40082,40021,40082,61
climbing,40131,40082,40131,49
left_turning,40142,40131,40142,11
walking,40173,40142,40173,31
sniffing,40441,40173,40441,268
walking,40510,40441,40510,69
sniffing,40645,40510,40645,135
walking,40667,40645,40667,22
sniffing,40773,40667,40773,106
scratching,40774,40773,40774,1
sniffing,40775,40774,40775,1
rising,40824,40775,40824,49
grooming,40891,40824,40891,67
trotting,40950,40891,40950,59
stepping,40981,40950,40981,31
walking,40997,40981,40997,16
sniffing,41117,40997,41117,120
stepping,41176,41117,41176,59
sniffing,41261,41176,41261,85
left_turning,41273,41261,41273,12
sniffing,41356,41273,41356,83
walking,41392,41356,41392,36
stepping,41428,41392,41428,36
walking,41457,41428,41457,29
stepping,41494,41457,41494,37
sniffing,41538,41494,41538,44
walking,41539,41538,41539,1
stepping,41540,41539,41540,1
rising,41622,41540,41622,82
grooming,41654,41622,41654,32
climbing,41693,41654,41693,39
left_turning,41746,41693,41746,53
sniffing,41948,41746,41948,202
grooming,41949,41948,41949,1
rearing,41950,41949,41950,1
grooming,42079,41950,42079,129
walking,42140,42079,42140,61
sniffing,42237,42140,42237,97
left_turning,42238,42237,42238,1
grooming,42322,42238,42322,84
rearing,42323,42322,42323,1
rising,42397,42323,42397,74
right_turning,42413,42397,42413,16
sniffing,42499,42413,42499,86
walking,42546,42499,42546,47
right_turning,42575,42546,42575,29
rising,42603,42575,42603,28
rearing,42648,42603,42648,45
grooming,42704,42648,42704,56
sniffing,42705,42704,42705,1
rising,42706,42705,42706,1
walking,42775,42706,42775,69
stepping,42776,42775,42776,1
sniffing,43060,42776,43060,284
grooming,43061,43060,43061,1
sniffing,43065,43061,43065,4
grooming,43085,43065,43085,20
stepping,43143,43085,43143,58
walking,43199,43143,43199,56
stepping,43253,43199,43253,54
sniffing,43326,43253,43326,73
stepping,43395,43326,43395,69
sniffing,43520,43395,43520,125
climbing,43690,43520,43690,170
rearing,43829,43690,43829,139
climbing,43863,43829,43863,34
rearing,43926,43863,43926,63
stepping,43986,43926,43986,60
rising,44057,43986,44057,71
sniffing,44269,44057,44269,212
scratching,44270,44269,44270,1
sniffing,44286,44270,44286,16
rearing,44293,44286,44293,7
rising,44325,44293,44325,32
right_turning,44327,44325,44327,2
walking,44347,44327,44347,20
climbing,44393,44347,44393,46
grooming,44445,44393,44445,52
rearing,44446,44445,44446,1
left_turning,44503,44446,44503,57
rearing,44602,44503,44602,99
grooming,44793,44602,44793,191
walking,44804,44793,44804,11
sniffing,44805,44804,44805,1
stepping,44851,44805,44851,46
walking,44875,44851,44875,24
sniffing,44879,44875,44879,4
stepping,44952,44879,44952,73
sniffing,45022,44952,45022,70
grooming,45023,45022,45023,1
scratching,45024,45023,45024,1
walking,45035,45024,45035,11
left_turning,45119,45035,45119,84
sniffing,45218,45119,45218,99
rising,45219,45218,45219,1
grooming,45513,45219,45513,294
rearing,45539,45513,45539,26
climbing,45642,45539,45642,103
grooming,45643,45642,45643,1
rearing,45706,45643,45706,63
climbing,45804,45706,45804,98
walking,45844,45804,45844,40
sniffing,45895,45844,45895,51
grooming,45896,45895,45896,1
sniffing,45950,45896,45950,54
walking,45996,45950,45996,46
sniffing,45997,45996,45997,1
walking,46067,45997,46067,70
stepping,46126,46067,46126,59
sniffing,46179,46126,46179,53
walking,46243,46179,46243,64
rising,46244,46243,46244,1
rearing,46354,46244,46354,110
climbing,46401,46354,46401,47
rising,46427,46401,46427,26
grooming,46798,46427,46798,371
right_turning,46852,46798,46852,54
climbing,46903,46852,46903,51
right_turning,46920,46903,46920,17
walking,47024,46920,47024,104
sniffing,47067,47024,47067,43
stepping,47115,47067,47115,48
sniffing,47180,47115,47180,65
left_turning,47215,47180,47215,35
walking,47225,47215,47225,10
trotting,47262,47225,47262,37
rearing,47267,47262,47267,5
left_turning,47276,47267,47276,9
rising,47355,47276,47355,79
stepping,47388,47355,47388,33
sniffing,47457,47388,47457,69
walking,47507,47457,47507,50
stepping,47508,47507,47508,1
grooming,47509,47508,47509,1
trotting,47510,47509,47510,1
walking,47570,47510,47570,60
sniffing,47571,47570,47571,1
rising,47609,47571,47609,38
climbing,47610,47609,47610,1
stepping,47666,47610,47666,56
walking,47700,47666,47700,34
stepping,47701,47700,47701,1
grooming,47813,47701,47813,112
walking,47837,47813,47837,24
climbing,47937,47837,47937,100
stepping,48016,47937,48016,79
sniffing,48038,48016,48038,22
walking,48054,48038,48054,16
sniffing,48071,48054,48071,17
rising,48102,48071,48102,31
sniffing,48153,48102,48153,51
grooming,48270,48153,48270,117
scratching,48271,48270,48271,1
sniffing,48305,48271,48305,34
rising,48306,48305,48306,1
grooming,48394,48306,48394,88
sniffing,48431,48394,48431,37
walking,48446,48431,48446,15
stepping,48493,48446,48493,47
sniffing,48512,48493,48512,19
stepping,48556,48512,48556,44
sniffing,48653,48556,48653,97
stepping,48711,48653,48711,58
running,48758,48711,48758,47
jumping,48843,48758,48843,85
walking,48909,48843,48909,66
grooming,49236,48909,49236,327
hunching,49319,49236,49319,83
rearing,49320,49319,49320,1
grooming,49420,49320,49420,100
scratching,49421,49420,49421,1
grooming,49762,49421,49762,341
stepping,49809,49762,49809,47
right_turning,49810,49809,49810,1
trotting,49843,49810,49843,33
walking,49902,49843,49902,59
stepping,49929,49902,49929,27
sniffing,49947,49929,49947,18
grooming,49948,49947,49948,1
walking,49949,49948,49949,1
sniffing,50074,49949,50074,125
grooming,50086,50074,50086,12
hunching,50087,50086,50087,1
grooming,50113,50087,50113,26
rearing,50159,50113,50159,46
climbing,50207,50159,50207,48
rearing,50275,50207,50275,68
rising,50276,50275,50276,1
climbing,50424,50276,50424,148
sniffing,50566,50424,50566,142
grooming,50659,50566,50659,93
hunching,50705,50659,50705,46
grooming,50740,50705,50740,35
rearing,50817,50740,50817,77
climbing,50818,50817,50818,1
sniffing,50898,50818,50898,80
grooming,51128,50898,51128,230
right_turning,51149,51128,51149,21
walking,51156,51149,51156,7
stepping,51177,51156,51177,21
sniffing,51239,51177,51239,62
walking,51253,51239,51253,14
sniffing,51254,51253,51254,1
rising,51271,51254,51271,17
sniffing,51330,51271,51330,59
walking,51400,51330,51400,70
sniffing,51662,51400,51662,262
grooming,51663,51662,51663,1
rising,51720,51663,51720,57
scratching,51721,51720,51721,1
grooming,51791,51721,51791,70
left_turning,51831,51791,51831,40
sniffing,51832,51831,51832,1
walking,51891,51832,51891,59
sniffing,51962,51891,51962,71
grooming,52068,51962,52068,106
sniffing,52135,52068,52135,67
running,52164,52135,52164,29
sniffing,52271,52164,52271,107
stepping,52311,52271,52311,40
sniffing,52324,52311,52324,13
right_turning,52334,52324,52334,10
running,52342,52334,52342,8
walking,52403,52342,52403,61
sniffing,52404,52403,52404,1
stepping,52463,52404,52463,59
sniffing,52636,52463,52636,173
left_turning,52684,52636,52684,48
rearing,52705,52684,52705,21
grooming,53275,52705,53275,570
hunching,53341,53275,53341,66
rearing,53479,53341,53479,138
climbing,53480,53479,53480,1
running,53503,53480,53503,23
sniffing,53530,53503,53530,27
stepping,53611,53530,53611,81
walking,53683,53611,53683,72
rising,53740,53683,53740,57
sniffing,53803,53740,53803,63
stepping,53888,53803,53888,85
sniffing,53995,53888,53995,107
rising,53996,53995,53996,1
climbing,54031,53996,54031,35
walking,54109,54031,54109,78
sniffing,54110,54109,54110,1
walking,54140,54110,54140,30
sniffing,54361,54140,54361,221
walking,54430,54361,54430,69
stepping,54460,54430,54460,30
left_turning,54476,54460,54476,16
sniffing,54621,54476,54621,145
grooming,54798,54621,54798,177
stepping,54840,54798,54840,42
sniffing,54906,54840,54906,66
rising,54924,54906,54924,18
left_turning,54959,54924,54959,35
walking,55025,54959,55025,66
sniffing,55026,55025,55026,1
stepping,55046,55026,55046,20
grooming,55179,55046,55179,133
rearing,55219,55179,55219,40
grooming,55313,55219,55313,94
rearing,55326,55313,55326,13
rising,55327,55326,55327,1
rearing,55349,55327,55349,22
sniffing,55350,55349,55350,1
rising,55397,55350,55397,47
climbing,55541,55397,55541,144
right_turning,55554,55541,55554,13
rising,55670,55554,55670,116
climbing,55776,55670,55776,106
grooming,55777,55776,55777,1
right_turning,55805,55777,55805,28
walking,55820,55805,55820,15
rising,55821,55820,55821,1
rearing,56092,55821,56092,271
climbing,56191,56092,56191,99
rearing,56192,56191,56192,1
rising,56223,56192,56223,31
climbing,56311,56223,56311,88
grooming,56383,56311,56383,72
rearing,56453,56383,56453,70
grooming,56476,56453,56476,23
left_turning,56540,56476,56540,64
walking,56585,56540,56585,45
stepping,56628,56585,56628,43
sniffing,56641,56628,56641,13
stepping,56701,56641,56701,60
sniffing,56769,56701,56769,68
left_turning,56814,56769,56814,45
walking,56889,56814,56889,75
grooming,56954,56889,56954,65
sniffing,57057,56954,57057,103
stepping,57115,57057,57115,58
walking,57141,57115,57141,26
sniffing,57240,57141,57240,99
grooming,57719,57240,57719,479
walking,57745,57719,57745,26
stepping,57746,57745,57746,1
sniffing,57843,57746,57843,97
grooming,58102,57843,58102,259
sniffing,58176,58102,58176,74
grooming,58455,58176,58455,279
right_turning,58456,58455,58456,1
stepping,58483,58456,58483,27
walking,58518,58483,58518,35
stepping,58542,58518,58542,24
rearing,58766,58542,58766,224
trotting,58782,58766,58782,16
climbing,58894,58782,58894,112
trotting,58957,58894,58957,63
walking,59024,58957,59024,67
grooming,59107,59024,59107,83
rearing,59114,59107,59114,7
climbing,59242,59114,59242,128
sniffing,59351,59242,59351,109
grooming,59440,59351,59440,89
sniffing,59541,59440,59541,101
stepping,59588,59541,59588,47
walking,59621,59588,59621,33
rearing,59673,59621,59673,52
hunching,59721,59673,59721,48
sniffing,59742,59721,59742,21
grooming,59894,59742,59894,152
walking,59925,59894,59925,31
sniffing,59988,59925,59988,63
walking,60028,59988,60028,40
sniffing,60029,60028,60029,1
climbing,60059,60029,60059,30
trotting,60077,60059,60077,18
sniffing,60182,60077,60182,105
stepping,60216,60182,60216,34
walking,60272,60216,60272,56
stepping,60311,60272,60311,39
climbing,60383,60311,60383,72
walking,60418,60383,60418,35
grooming,60589,60418,60589,171
hunching,60657,60589,60657,68
grooming,60803,60657,60803,146
rearing,60879,60803,60879,76
climbing,60898,60879,60898,19
trotting,60899,60898,60899,1
sniffing,60945,60899,60945,46
stepping,60950,60945,60950,5
rearing,61003,60950,61003,53
trotting,61040,61003,61040,37
sniffing,61123,61040,61123,83
grooming,61124,61123,61124,1
right_turning,61174,61124,61174,50
stepping,61241,61174,61241,67
sniffing,61242,61241,61242,1
stepping,61253,61242,61253,11
left_turning,61281,61253,61281,28
scratching,61282,61281,61282,1
sniffing,61283,61282,61283,1
grooming,61813,61283,61813,530
sniffing,61942,61813,61942,129
stepping,61955,61942,61955,13
walking,61956,61955,61956,1
running,61973,61956,61973,17
rising,61982,61973,61982,9
rearing,62058,61982,62058,76
grooming,62125,62058,62125,67
climbing,62155,62125,62155,30
stepping,62200,62155,62200,45
left_turning,62226,62200,62226,26
walking,62230,62226,62230,4
right_turning,62283,62230,62283,53
rising,62325,62283,62325,42
climbing,62326,62325,62326,1
grooming,62386,62326,62386,60
left_turning,62427,62386,62427,41
sniffing,62471,62427,62471,44
left_turning,62501,62471,62501,30
trotting,62520,62501,62520,19
grooming,62521,62520,62521,1
sniffing,62522,62521,62522,1
climbing,62811,62522,62811,289
grooming,62812,62811,62812,1
rearing,62867,62812,62867,55
rising,62899,62867,62899,32
climbing,62938,62899,62938,39
sniffing,63115,62938,63115,177
left_turning,63167,63115,63167,52
sniffing,63365,63167,63365,198
stepping,63411,63365,63411,46
climbing,63449,63411,63449,38
running,63480,63449,63480,31
trotting,63511,63480,63511,31
walking,63512,63511,63512,1
sniffing,63614,63512,63614,102
trotting,63622,63614,63622,8
rearing,63654,63622,63654,32
hunching,63688,63654,63688,34
grooming,64249,63688,64249,561
rising,64331,64249,64331,82
left_turning,64405,64331,64405,74
walking,64474,64405,64474,69
rising,64508,64474,64508,34
stepping,64537,64508,64537,29
scratching,64538,64537,64538,1
left_turning,64564,64538,64564,26
trotting,64581,64564,64581,17
rising,64620,64581,64620,39
climbing,64692,64620,64692,72
grooming,64721,64692,64721,29
rising,64744,64721,64744,23
left_turning,64782,64744,64782,38
rearing,64783,64782,64783,1
rising,64865,64783,64865,82
rearing,64965,64865,64965,100
grooming,65104,64965,65104,139
rising,65105,65104,65105,1
walking,65143,65105,65143,38
sniffing,65144,65143,65144,1
left_turning,65190,65144,65190,46
stepping,65209,65190,65209,19
climbing,65243,65209,65243,34
rearing,65338,65243,65338,95
sniffing,65364,65338,65364,26
grooming,65834,65364,65834,470
scratching,65835,65834,65835,1
sniffing,65846,65835,65846,11
hunching,65893,65846,65893,47
rearing,65909,65893,65909,16
grooming,66170,65909,66170,261
rising,66171,66170,66171,1
sniffing,66227,66171,66227,56
stepping,66260,66227,66260,33
walking,66323,66260,66323,63
stepping,66425,66323,66425,102
hunching,66435,66425,66435,10
left_turning,66437,66435,66437,2
rising,66457,66437,66457,20
climbing,66539,66457,66539,82
grooming,66591,66539,66591,52
walking,66606,66591,66606,15
stepping,66634,66606,66634,28
climbing,66635,66634,66635,1
walking,66649,66635,66649,14
grooming,66676,66649,66676,27
stepping,66709,66676,66709,33
rising,66766,66709,66766,57
climbing,66862,66766,66862,96
rising,66871,66862,66871,9
grooming,66890,66871,66890,19
hunching,66904,66890,66904,14
grooming,66969,66904,66969,65
rearing,66970,66969,66970,1
sniffing,67055,66970,67055,85
walking,67064,67055,67064,9
climbing,67142,67064,67142,78
grooming,67241,67142,67241,99
rearing,67321,67241,67321,80
sniffing,67347,67321,67347,26
right_turning,67399,67347,67399,52
stepping,67465,67399,67465,66
walking,67502,67465,67502,37
sniffing,67642,67502,67642,140
walking,67652,67642,67652,10
sniffing,67687,67652,67687,35
grooming,67836,67687,67836,149
rising,67881,67836,67881,45
climbing,67884,67881,67884,3
right_turning,67955,67884,67955,71
walking,67956,67955,67956,1
sniffing,68139,67956,68139,183
rearing,68149,68139,68149,10
grooming,68344,68149,68344,195
sniffing,68365,68344,68365,21
walking,68428,68365,68428,63
rearing,68591,68428,68591,163
stepping,68646,68591,68646,55
rising,68647,68646,68647,1
rearing,68725,68647,68725,78
grooming,68798,68725,68798,73
sniffing,68818,68798,68818,20
trotting,68831,68818,68831,13
rearing,68926,68831,68926,95
walking,68961,68926,68961,35
rising,68962,68961,68962,1
left_turning,69018,68962,69018,56
sniffing,69304,69018,69304,286
rising,69358,69304,69358,54
hunching,69395,69358,69395,37
grooming,69396,69395,69396,1
rising,69412,69396,69412,16
hunching,69448,69412,69448,36
grooming,69449,69448,69449,1
scratching,69450,69449,69450,1
sniffing,69451,69450,69451,1
right_turning,69452,69451,69452,1
walking,69486,69452,69486,34
trotting,69513,69486,69513,27
walking,69550,69513,69550,37
grooming,69830,69550,69830,280
climbing,69947,69830,69947,117
grooming,69948,69947,69948,1
sniffing,70141,69948,70141,193
left_turning,70204,70141,70204,63
sniffing,70225,70204,70225,21
rising,70226,70225,70226,1
climbing,70307,70226,70307,81
rising,70354,70307,70354,47
stepping,70394,70354,70394,40
sniffing,70521,70394,70521,127
rising,70568,70521,70568,47
sniffing,70682,70568,70682,114
rising,70704,70682,70704,22
climbing,70822,70704,70822,118
rising,70826,70822,70826,4
sniffing,70990,70826,70990,164
walking,71025,70990,71025,35
rising,71026,71025,71026,1
grooming,71027,71026,71027,1
rising,71080,71027,71080,53
sniffing,71182,71080,71182,102
right_turning,71186,71182,71186,4
trotting,71197,71186,71197,11
rising,71236,71197,71236,39
trotting,71299,71236,71299,63
walking,71336,71299,71336,37
sniffing,71398,71336,71398,62
running,71419,71398,71419,21
sniffing,71582,71419,71582,163
grooming,71702,71582,71702,120
left_turning,71735,71702,71735,33
sniffing,71757,71735,71757,22
stepping,71787,71757,71787,30
walking,71883,71787,71883,96
sniffing,71999,71883,71999,116
stepping,72060,71999,72060,61
sniffing,72084,72060,72084,24
stepping,72100,72084,72100,16
climbing,72128,72100,72128,28
left_turning,72213,72128,72213,85
walking,72251,72213,72251,38
stepping,72297,72251,72297,46
sniffing,72342,72297,72342,45
climbing,72419,72342,72419,77
stepping,72436,72419,72436,17
sniffing,72580,72436,72580,144
left_turning,72606,72580,72606,26
stepping,72685,72606,72685,79
sniffing,72693,72685,72693,8
rising,72756,72693,72756,63
grooming,72843,72756,72843,87
climbing,72891,72843,72891,48
grooming,72998,72891,72998,107
scratching,72999,72998,72999,1
grooming,73210,72999,73210,211
rearing,73263,73210,73263,53
climbing,73354,73263,73354,91
running,73378,73354,73378,24
walking,73467,73378,73467,89
rising,73469,73467,73469,2
sniffing,73750,73469,73750,281
right_turning,73835,73750,73835,85
sniffing,73836,73835,73836,1
right_turning,73852,73836,73852,16
stepping,73879,73852,73879,27
right_turning,73882,73879,73882,3
sniffing,73956,73882,73956,74
rearing,74120,73956,74120,164
rising,74150,74120,74150,30
climbing,74199,74150,74199,49
walking,74262,74199,74262,63
trotting,74263,74262,74263,1
sniffing,74462,74263,74462,199
left_turning,74491,74462,74491,29
grooming,74539,74491,74539,48
trotting,74564,74539,74564,25
stepping,74582,74564,74582,18
rearing,74636,74582,74636,54
hunching,74661,74636,74661,25
grooming,74662,74661,74662,1
walking,74671,74662,74671,9
trotting,74682,74671,74682,11
sniffing,74683,74682,74683,1
walking,74684,74683,74684,1
rising,74738,74684,74738,54
rearing,74800,74738,74800,62
rising,74834,74800,74834,34
rearing,74893,74834,74893,59
hunching,74908,74893,74908,15
left_turning,74959,74908,74959,51
sniffing,75043,74959,75043,84
walking,75119,75043,75119,76
right_turning,75144,75119,75144,25
walking,75147,75144,75147,3
sniffing,75245,75147,75245,98
grooming,75252,75245,75252,7
sniffing,75331,75252,75331,79
left_turning,75383,75331,75383,52
stepping,75435,75383,75435,52
sniffing,75543,75435,75543,108
stepping,75595,75543,75595,52
sniffing,75615,75595,75615,20
right_turning,75664,75615,75664,49
sniffing,75787,75664,75787,123
right_turning,75802,75787,75802,15
trotting,75856,75802,75856,54
sniffing,75900,75856,75900,44
rearing,75901,75900,75901,1
grooming,75902,75901,75902,1
hunching,75934,75902,75934,32
rearing,75950,75934,75950,16
rising,75995,75950,75995,45
climbing,76009,75995,76009,14
sniffing,76024,76009,76024,15
rising,76101,76024,76101,77
sniffing,76130,76101,76130,29
stepping,76175,76130,76175,45
walking,76198,76175,76198,23
rising,76219,76198,76219,21
rearing,76244,76219,76244,25
grooming,76335,76244,76335,91
running,76343,76335,76343,8
sniffing,76497,76343,76497,154
stepping,76512,76497,76512,15
rearing,76539,76512,76539,27
grooming,76837,76539,76837,298
walking,76920,76837,76920,83
stepping,76950,76920,76950,30
sniffing,77043,76950,77043,93
hunching,77064,77043,77064,21
rearing,77210,77064,77210,146
sniffing,77259,77210,77259,49
grooming,77352,77259,77352,93
stepping,77362,77352,77362,10
sniffing,77504,77362,77504,142
grooming,77934,77504,77934,430
rearing,77984,77934,77984,50
rising,78045,77984,78045,61
grooming,78166,78045,78166,121
rearing,78167,78166,78167,1
sniffing,78168,78167,78168,1
running,78178,78168,78178,10
walking,78214,78178,78214,36
sniffing,78223,78214,78223,9
walking,78254,78223,78254,31
left_turning,78283,78254,78283,29
sniffing,78284,78283,78284,1
walking,78373,78284,78373,89
sniffing,78482,78373,78482,109
stepping,78530,78482,78530,48
walking,78542,78530,78542,12
stepping,78554,78542,78554,12
climbing,78555,78554,78555,1
running,78586,78555,78586,31
walking,78661,78586,78661,75
sniffing,78662,78661,78662,1
grooming,78663,78662,78663,1
rising,78664,78663,78664,1
grooming,78665,78664,78665,1
sniffing,78761,78665,78761,96
stepping,78786,78761,78786,25
climbing,78834,78786,78834,48
sniffing,78835,78834,78835,1
walking,78862,78835,78862,27
stepping,78863,78862,78863,1
sniffing,78864,78863,78864,1
rising,78866,78864,78866,2
left_turning,78942,78866,78942,76
trotting,78960,78942,78960,18
stepping,79010,78960,79010,50
sniffing,79057,79010,79057,47
rising,79123,79057,79123,66
grooming,79358,79123,79358,235
stepping,79433,79358,79433,75
sniffing,79530,79433,79530,97
stepping,79531,79530,79531,1
sniffing,79646,79531,79646,115
walking,79659,79646,79659,13
climbing,79670,79659,79670,11
sniffing,79728,79670,79728,58
walking,79769,79728,79769,41
sniffing,79806,79769,79806,37
right_turning,79828,79806,79828,22
stepping,79856,79828,79856,28
sniffing,79888,79856,79888,32
walking,79916,79888,79916,28
sniffing,79942,79916,79942,26
trotting,79984,79942,79984,42
walking,80006,79984,80006,22
right_turning,80011,80006,80011,5
sniffing,80012,80011,80012,1
rising,80043,80012,80043,31
climbing,80044,80043,80044,1
right_turning,80057,80044,80057,13
sniffing,80296,80057,80296,239
rising,80337,80296,80337,41
climbing,80417,80337,80417,80
grooming,80418,80417,80418,1
sniffing,80500,80418,80500,82
walking,80543,80500,80543,43
rising,80584,80543,80584,41
climbing,80585,80584,80585,1
grooming,80783,80585,80783,198
left_turning,80786,80783,80786,3
walking,80827,80786,80827,41
rearing,80865,80827,80865,38
rising,80942,80865,80942,77
sniffing,80943,80942,80943,1
climbing,80944,80943,80944,1
trotting,80945,80944,80945,1
walking,81015,80945,81015,70
rising,81107,81015,81107,92
left_turning,81123,81107,81123,16
sniffing,81140,81123,81140,17
walking,81207,81140,81207,67
sniffing,81208,81207,81208,1
walking,81224,81208,81224,16
climbing,81265,81224,81265,41
right_turning,81286,81265,81286,21
sniffing,81357,81286,81357,71
right_turning,81358,81357,81358,1
rising,81366,81358,81366,8
hunching,81411,81366,81411,45
rearing,81552,81411,81552,141
climbing,81553,81552,81553,1
rearing,81564,81553,81564,11
walking,81645,81564,81645,81
sniffing,81723,81645,81723,78
grooming,81896,81723,81896,173
sniffing,81897,81896,81897,1
grooming,82079,81897,82079,182
rising,82100,82079,82100,21
sniffing,82213,82100,82213,113
rising,82330,82213,82330,117
grooming,82331,82330,82331,1
trotting,82372,82331,82372,41
walking,82425,82372,82425,53
sniffing,82478,82425,82478,53
rising,82513,82478,82513,35
sniffing,82871,82513,82871,358
walking,82915,82871,82915,44
rising,82959,82915,82959,44
climbing,83080,82959,83080,121
sniffing,83081,83080,83081,1
rising,83109,83081,83109,28
stepping,83189,83109,83189,80
rising,83234,83189,83234,45
sniffing,83471,83234,83471,237
walking,83472,83471,83472,1
sniffing,83491,83472,83491,19
right_turning,83528,83491,83528,37
stepping,83577,83528,83577,49
hunching,83612,83577,83612,35
grooming,83705,83612,83705,93
rising,83706,83705,83706,1
rearing,83751,83706,83751,45
hunching,83867,83751,83867,116
sniffing,83945,83867,83945,78
trotting,83959,83945,83959,14
stepping,84048,83959,84048,89
rising,84049,84048,84049,1
rearing,84110,84049,84110,61
sniffing,84217,84110,84217,107
left_turning,84303,84217,84303,86
grooming,84486,84303,84486,183
stepping,84522,84486,84522,36
running,84565,84522,84565,43
stepping,84614,84565,84614,49
right_turning,84655,84614,84655,41
walking,84726,84655,84726,71
stepping,84766,84726,84766,40
trotting,84787,84766,84787,21
rearing,84828,84787,84828,41
hunching,84829,84828,84829,1
rearing,84859,84829,84859,30
climbing,84951,84859,84951,92
walking,84979,84951,84979,28
trotting,85015,84979,85015,36
stepping,85063,85015,85063,48
rearing,85064,85063,85064,1
left_turning,85096,85064,85096,32
sniffing,85457,85096,85457,361
grooming,85479,85457,85479,22
rearing,85480,85479,85480,1
grooming,85481,85480,85481,1
walking,85499,85481,85499,18
stepping,85525,85499,85525,26
trotting,85564,85525,85564,39
walking,85565,85564,85565,1
trotting,85602,85565,85602,37
rising,85620,85602,85620,18
sniffing,85794,85620,85794,174
grooming,86061,85794,86061,267
climbing,86163,86061,86163,102
grooming,86404,86163,86404,241
rearing,86449,86404,86449,45
grooming,86542,86449,86542,93
rearing,86549,86542,86549,7
walking,86594,86549,86594,45
stepping,86623,86594,86623,29
sniffing,86624,86623,86624,1
walking,86676,86624,86676,52
sniffing,86706,86676,86706,30
left_turning,86780,86706,86780,74
rearing,86905,86780,86905,125
grooming,86951,86905,86951,46
sniffing,87083,86951,87083,132
walking,87156,87083,87156,73
sniffing,87272,87156,87272,116
walking,87288,87272,87288,16
running,87336,87288,87336,48
trotting,87337,87336,87337,1
rising,87338,87337,87338,1
running,87380,87338,87380,42
walking,87480,87380,87480,100
stepping,87520,87480,87520,40
walking,87553,87520,87553,33
running,87594,87553,87594,41
sniffing,87689,87594,87689,95
grooming,87690,87689,87690,1
scratching,87691,87690,87691,1
grooming,87692,87691,87692,1
climbing,87693,87692,87693,1
sniffing,87730,87693,87730,37
left_turning,87735,87730,87735,5
sniffing,87748,87735,87748,13
stepping,87777,87748,87777,29
running,87800,87777,87800,23
left_turning,87873,87800,87873,73
hunching,87930,87873,87930,57
rearing,87976,87930,87976,46
left_turning,88020,87976,88020,44
trotting,88101,88020,88101,81
sniffing,88208,88101,88208,107
stepping,88243,88208,88243,35
right_turning,88246,88243,88246,3
walking,88296,88246,88296,50
stepping,88313,88296,88313,17
rising,88335,88313,88335,22
walking,88372,88335,88372,37
stepping,88396,88372,88396,24
walking,88415,88396,88415,19
stepping,88492,88415,88492,77
rising,88493,88492,88493,1
climbing,88494,88493,88494,1
sniffing,88599,88494,88599,105
rising,88703,88599,88703,104
climbing,88761,88703,88761,58
sniffing,88762,88761,88762,1
rising,88833,88762,88833,71
walking,88914,88833,88914,81
climbing,88940,88914,88940,26
sniffing,88998,88940,88998,58
right_turning,88999,88998,88999,1
walking,89084,88999,89084,85
stepping,89155,89084,89155,71
right_turning,89185,89155,89185,30
trotting,89235,89185,89235,50
stepping,89272,89235,89272,37
sniffing,89433,89272,89433,161
right_turning,89456,89433,89456,23
stepping,89526,89456,89526,70
sniffing,89527,89526,89527,1
walking,89617,89527,89617,90
sniffing,89641,89617,89641,24
running,89642,89641,89642,1
sniffing,89876,89642,89876,234
right_turning,89886,89876,89886,10
running,89917,89886,89917,31
sniffing,89992,89917,89992,75
stepping,90022,89992,90022,30
walking,90023,90022,90023,1
rising,90071,90023,90071,48
walking,90112,90071,90112,41
trotting,90138,90112,90138,26
sniffing,90167,90138,90167,29
walking,90168,90167,90168,1
climbing,90272,90168,90272,104
walking,90282,90272,90282,10
running,90329,90282,90329,47
sniffing,90363,90329,90363,34
grooming,90793,90363,90793,430
rising,90824,90793,90824,31
grooming,91149,90824,91149,325
rearing,91157,91149,91157,8
sniffing,91361,91157,91361,204
rearing,91462,91361,91462,101
rising,91523,91462,91523,61
left_turning,91592,91523,91592,69
grooming,91690,91592,91690,98
climbing,91864,91690,91864,174
grooming,91951,91864,91951,87
rearing,92116,91951,92116,165
grooming,92117,92116,92117,1
rearing,92163,92117,92163,46
rising,92178,92163,92178,15
sniffing,92265,92178,92265,87
left_turning,92317,92265,92317,52
walking,92373,92317,92373,56
rising,92461,92373,92461,88
rearing,92519,92461,92519,58
grooming,92579,92519,92579,60
stepping,92611,92579,92611,32
rising,92612,92611,92612,1
left_turning,92648,92612,92648,36
stepping,92669,92648,92669,21
walking,92698,92669,92698,29
grooming,92701,92698,92701,3
rearing,92705,92701,92705,4
walking,92706,92705,92706,1
stepping,92756,92706,92756,50
rearing,92805,92756,92805,49
grooming,92806,92805,92806,1
left_turning,92807,92806,92807,1
sniffing,92876,92807,92876,69
left_turning,92930,92876,92930,54
stepping,92971,92930,92971,41
rearing,93068,92971,93068,97
rising,93089,93068,93089,21
grooming,93298,93089,93298,209
sniffing,93363,93298,93363,65
left_turning,93364,93363,93364,1
walking,93410,93364,93410,46
rising,93539,93410,93539,129
rearing,93627,93539,93627,88
sniffing,93628,93627,93628,1
climbing,93689,93628,93689,61
stepping,93710,93689,93710,21
walking,93723,93710,93723,13
sniffing,93724,93723,93724,1
left_turning,93784,93724,93784,60
grooming,93785,93784,93785,1
rearing,93786,93785,93786,1
grooming,94997,93786,94997,1211
rising,95052,94997,95052,55
rearing,95053,95052,95053,1
sniffing,95125,95053,95125,72
grooming,95182,95125,95182,57
rearing,95265,95182,95265,83
stepping,95276,95265,95276,11
walking,95364,95276,95364,88
running,95394,95364,95394,30
rising,95395,95394,95395,1
walking,95405,95395,95405,10
trotting,95430,95405,95430,25
running,95458,95430,95458,28
trotting,95459,95458,95459,1
sniffing,95460,95459,95460,1
stepping,95492,95460,95492,32
right_turning,95529,95492,95529,37
walking,95548,95529,95548,19
climbing,95583,95548,95583,35
rearing,95712,95583,95712,129
grooming,95868,95712,95868,156
trotting,95904,95868,95904,36
running,95952,95904,95952,48
sniffing,96127,95952,96127,175
walking,96143,96127,96143,16
right_turning,96192,96143,96192,49
sniffing,96193,96192,96193,1
walking,96225,96193,96225,32
sniffing,96297,96225,96297,72
rearing,96298,96297,96298,1
climbing,96370,96298,96370,72
rearing,96484,96370,96484,114
grooming,96748,96484,96748,264
sniffing,96753,96748,96753,5
stepping,96788,96753,96788,35
sniffing,96804,96788,96804,16
grooming,96805,96804,96805,1
rearing,96839,96805,96839,34
left_turning,96868,96839,96868,29
stepping,96898,96868,96898,30
trotting,96915,96898,96915,17
grooming,96916,96915,96916,1
sniffing,96968,96916,96968,52
left_turning,96999,96968,96999,31
hunching,97081,96999,97081,82
rearing,97142,97081,97142,61
climbing,97205,97142,97205,63
stepping,97237,97205,97237,32
sniffing,97510,97237,97510,273
stepping,97511,97510,97511,1
sniffing,97512,97511,97512,1
rising,97627,97512,97627,115
sniffing,97815,97627,97815,188
walking,97816,97815,97816,1
stepping,97871,97816,97871,55
rising,97872,97871,97872,1
left_turning,98017,97872,98017,145
trotting,98047,98017,98047,30
walking,98073,98047,98073,26
sniffing,98074,98073,98074,1
stepping,98120,98074,98120,46
rearing,98212,98120,98212,92
climbing,98278,98212,98278,66
sniffing,98279,98278,98279,1
rearing,98355,98279,98355,76
climbing,98399,98355,98399,44
grooming,98400,98399,98400,1
sniffing,98411,98400,98411,11
running,98442,98411,98442,31
scratching,98443,98442,98443,1
grooming,98552,98443,98552,109
rearing,98560,98552,98560,8
grooming,98858,98560,98858,298
walking,98888,98858,98888,30
sniffing,98953,98888,98953,65
walking,98977,98953,98977,24
rising,99042,98977,99042,65
sniffing,99150,99042,99150,108
trotting,99185,99150,99185,35
right_turning,99200,99185,99200,15
sniffing,99307,99200,99307,107
walking,99349,99307,99349,42
stepping,99396,99349,99396,47
left_turning,99397,99396,99397,1
stepping,99444,99397,99444,47
climbing,99492,99444,99492,48
grooming,99805,99492,99805,313
climbing,99974,99805,99974,169
rising,100017,99974,100017,43
sniffing,100018,100017,100018,1
rising,100062,100018,100062,44
grooming,100165,100062,100165,103
hunching,100231,100165,100231,66
rearing,100295,100231,100295,64
grooming,100526,100295,100526,231
left_turning,100549,100526,100549,23
walking,100557,100549,100557,8
stepping,100617,100557,100617,60
jumping,100618,100617,100618,1
rearing,100662,100618,100662,44
grooming,100770,100662,100770,108
rising,100812,100770,100812,42
rearing,100813,100812,100813,1
climbing,100896,100813,100896,83
trotting,100952,100896,100952,56
sniffing,101037,100952,101037,85
rising,101059,101037,101059,22
climbing,101154,101059,101154,95
running,101155,101154,101155,1
walking,101225,101155,101225,70
running,101254,101225,101254,29
rising,101316,101254,101316,62
grooming,101390,101316,101390,74
rearing,101551,101390,101551,161
rising,101606,101551,101606,55
sniffing,101753,101606,101753,147
walking,101786,101753,101786,33
trotting,101808,101786,101808,22
rising,101823,101808,101823,15
left_turning,101851,101823,101851,28
trotting,101883,101851,101883,32
climbing,101998,101883,101998,115
grooming,101999,101998,101999,1
stepping,102009,101999,102009,10
sniffing,102071,102009,102071,62
walking,102081,102071,102081,10
stepping,102147,102081,102147,66
walking,102181,102147,102181,34
trotting,102222,102181,102222,41
climbing,102223,102222,102223,1
trotting,102234,102223,102234,11
walking,102251,102234,102251,17
sniffing,102364,102251,102364,113
hunching,102395,102364,102395,31
grooming,102584,102395,102584,189
rearing,102658,102584,102658,74
sniffing,102751,102658,102751,93
grooming,103020,102751,103020,269
hunching,103081,103020,103081,61
rearing,103082,103081,103082,1
stepping,103105,103082,103105,23
left_turning,103131,103105,103131,26
walking,103142,103131,103142,11
sniffing,103241,103142,103241,99
stepping,103303,103241,103303,62
walking,103319,103303,103319,16
climbing,103320,103319,103320,1
running,103342,103320,103342,22
walking,103358,103342,103358,16
stepping,103362,103358,103362,4
sniffing,103515,103362,103515,153
walking,103516,103515,103516,1
stepping,103537,103516,103537,21
jumping,103538,103537,103538,1
grooming,103541,103538,103541,3
rearing,103557,103541,103557,16
grooming,103558,103557,103558,1
sniffing,103822,103558,103822,264
rising,103859,103822,103859,37
hunching,103860,103859,103860,1
rearing,103861,103860,103861,1
climbing,103920,103861,103920,59
rearing,103989,103920,103989,69
grooming,104463,103989,104463,474
rearing,104527,104463,104527,64
rising,104577,104527,104577,50
rearing,104583,104577,104583,6
left_turning,104605,104583,104605,22
trotting,104608,104605,104608,3
sniffing,104656,104608,104656,48
stepping,104711,104656,104711,55
walking,104731,104711,104731,20
sniffing,104746,104731,104746,15
stepping,104758,104746,104758,12
walking,104800,104758,104800,42
rising,104834,104800,104834,34
sniffing,104919,104834,104919,85
right_turning,104949,104919,104949,30
sniffing,104969,104949,104969,20
walking,104986,104969,104986,17
sniffing,105039,104986,105039,53
stepping,105076,105039,105076,37
rising,105158,105076,105158,82
grooming,105316,105158,105316,158
sniffing,105470,105316,105470,154
left_turning,105502,105470,105502,32
stepping,105540,105502,105540,38
sniffing,105596,105540,105596,56
stepping,105670,105596,105670,74
running,105671,105670,105671,1
trotting,105717,105671,105717,46
stepping,105718,105717,105718,1
climbing,105830,105718,105830,112
grooming,106380,105830,106380,550
left_turning,106426,106380,106426,46
sniffing,106576,106426,106576,150
right_turning,106577,106576,106577,1
stepping,106578,106577,106578,1
walking,106628,106578,106628,50
sniffing,106805,106628,106805,177
rearing,106816,106805,106816,11
sniffing,106864,106816,106864,48
stepping,106916,106864,106916,52
walking,106925,106916,106925,9
sniffing,106926,106925,106926,1
stepping,106927,106926,106927,1
sniffing,107024,106927,107024,97
rising,107102,107024,107102,78
climbing,107193,107102,107193,91
walking,107194,107193,107194,1
stepping,107233,107194,107233,39
sniffing,107327,107233,107327,94
stepping,107373,107327,107373,46
sniffing,107484,107373,107484,111
stepping,107524,107484,107524,40
sniffing,107637,107524,107637,113
rising,107638,107637,107638,1
sniffing,107639,107638,107639,1
stepping,107640,107639,107640,1
sniffing,107655,107640,107655,15
grooming,107846,107655,107846,191
sniffing,107956,107846,107956,110
hunching,108000,107956,108000,44
