revised_movement_label,segBoundary,segBoundary_start,segBoundary_end,length
stepping,16,0,16,16
rising,60,16,60,44
sniffing,73,60,73,13
left_turning,105,73,105,32
sniffing,238,105,238,133
rising,267,238,267,29
hunching,326,267,326,59
rising,409,326,409,83
left_turning,421,409,421,12
running,427,421,427,6
trotting,482,427,482,55
walking,532,482,532,50
stepping,536,532,536,4
walking,631,536,631,95
stepping,673,631,673,42
walking,710,673,710,37
sniffing,1146,710,1146,436
stepping,1175,1146,1175,29
right_turning,1213,1175,1213,38
stepping,1266,1213,1266,53
walking,1267,1266,1267,1
rearing,1276,1267,1276,9
sniffing,1277,1276,1277,1
grooming,1464,1277,1464,187
left_turning,1465,1464,1465,1
sniffing,1510,1465,1510,45
stepping,1511,1510,1511,1
sniffing,1609,1511,1609,98
walking,1717,1609,1717,108
sniffing,1735,1717,1735,18
walking,1761,1735,1761,26
trotting,1805,1761,1805,44
walking,1822,1805,1822,17
rearing,1823,1822,1823,1
rising,1824,1823,1824,1
climbing,1881,1824,1881,57
right_turning,1913,1881,1913,32
sniffing,1914,1913,1914,1
rising,1915,1914,1915,1
sniffing,1916,1915,1916,1
stepping,1957,1916,1957,41
sniffing,2018,1957,2018,61
left_turning,2025,2018,2025,7
walking,2052,2025,2052,27
stepping,2238,2052,2238,186
walking,2263,2238,2263,25
sniffing,2289,2263,2289,26
walking,2290,2289,2290,1
stepping,2513,2290,2513,223
walking,2514,2513,2514,1
trotting,2544,2514,2544,30
walking,2607,2544,2607,63
stepping,2697,2607,2697,90
sniffing,2794,2697,2794,97
left_turning,2849,2794,2849,55
trotting,2898,2849,2898,49
sniffing,2966,2898,2966,68
rising,2995,2966,2995,29
trotting,3049,2995,3049,54
running,3057,3049,3057,8
walking,3105,3057,3105,48
sniffing,3174,3105,3174,69
walking,3261,3174,3261,87
sniffing,3365,3261,3365,104
grooming,3631,3365,3631,266
sniffing,3781,3631,3781,150
climbing,3846,3781,3846,65
rearing,3886,3846,3886,40
sniffing,3887,3886,3887,1
stepping,3905,3887,3905,18
rising,3967,3905,3967,62
rearing,4096,3967,4096,129
sniffing,4133,4096,4133,37
stepping,4134,4133,4134,1
rising,4135,4134,4135,1
sniffing,4193,4135,4193,58
stepping,4217,4193,4217,24
sniffing,4299,4217,4299,82
grooming,4445,4299,4445,146
walking,4446,4445,4446,1
trotting,4493,4446,4493,47
walking,4533,4493,4533,40
grooming,4619,4533,4619,86
sniffing,4775,4619,4775,156
stepping,4822,4775,4822,47
right_turning,4855,4822,4855,33
walking,4862,4855,4862,7
rising,4903,4862,4903,41
grooming,4970,4903,4970,67
left_turning,5000,4970,5000,30
walking,5020,5000,5020,20
sniffing,5044,5020,5044,24
rising,5109,5044,5109,65
grooming,5167,5109,5167,58
rearing,5214,5167,5214,47
climbing,5242,5214,5242,28
grooming,5288,5242,5288,46
right_turning,5306,5288,5306,18
walking,5386,5306,5386,80
stepping,5401,5386,5401,15
right_turning,5402,5401,5402,1
walking,5459,5402,5459,57
stepping,5508,5459,5508,49
rising,5543,5508,5543,35
walking,5560,5543,5560,17
trotting,5592,5560,5592,32
sniffing,5627,5592,5627,35
stepping,5664,5627,5664,37
walking,5698,5664,5698,34
grooming,5931,5698,5931,233
rising,5932,5931,5932,1
sniffing,5944,5932,5944,12
rising,5945,5944,5945,1
stepping,5996,5945,5996,51
sniffing,6120,5996,6120,124
walking,6121,6120,6121,1
sniffing,6122,6121,6122,1
hunching,6173,6122,6173,51
grooming,6197,6173,6197,24
rearing,6198,6197,6198,1
grooming,6237,6198,6237,39
sniffing,6311,6237,6311,74
stepping,6356,6311,6356,45
rising,6509,6356,6509,153
sniffing,6570,6509,6570,61
rising,6599,6570,6599,29
sniffing,6605,6599,6605,6
walking,6624,6605,6624,19
running,6634,6624,6634,10
walking,6678,6634,6678,44
sniffing,6694,6678,6694,16
grooming,6810,6694,6810,116
walking,6811,6810,6811,1
trotting,6869,6811,6869,58
walking,6870,6869,6870,1
sniffing,6899,6870,6899,29
walking,6956,6899,6956,57
sniffing,7043,6956,7043,87
rising,7075,7043,7075,32
rearing,7128,7075,7128,53
stepping,7148,7128,7148,20
sniffing,7269,7148,7269,121
hunching,7270,7269,7270,1
rising,7271,7270,7271,1
grooming,7308,7271,7308,37
hunching,7309,7308,7309,1
left_turning,7345,7309,7345,36
stepping,7432,7345,7432,87
trotting,7472,7432,7472,40
walking,7473,7472,7473,1
sniffing,7494,7473,7494,21
trotting,7529,7494,7529,35
sniffing,7544,7529,7544,15
rising,7601,7544,7601,57
left_turning,7637,7601,7637,36
running,7663,7637,7663,26
trotting,7696,7663,7696,33
stepping,7712,7696,7712,16
walking,7796,7712,7796,84
trotting,7855,7796,7855,59
walking,7870,7855,7870,15
stepping,7877,7870,7877,7
sniffing,7878,7877,7878,1
rising,7879,7878,7879,1
grooming,7880,7879,7880,1
running,7903,7880,7903,23
rising,7941,7903,7941,38
grooming,7942,7941,7942,1
walking,7991,7942,7991,49
stepping,8032,7991,8032,41
walking,8041,8032,8041,9
sniffing,8072,8041,8072,31
climbing,8121,8072,8121,49
grooming,8163,8121,8163,42
rising,8180,8163,8180,17
sniffing,8192,8180,8192,12
walking,8194,8192,8194,2
trotting,8200,8194,8200,6
sniffing,8266,8200,8266,66
stepping,8271,8266,8271,5
rising,8272,8271,8272,1
left_turning,8273,8272,8273,1
running,8289,8273,8289,16
trotting,8358,8289,8358,69
walking,8399,8358,8399,41
sniffing,8400,8399,8400,1
stepping,8457,8400,8457,57
sniffing,8490,8457,8490,33
walking,8491,8490,8491,1
stepping,8537,8491,8537,46
walking,8584,8537,8584,47
trotting,8617,8584,8617,33
stepping,8681,8617,8681,64
walking,8682,8681,8682,1
rearing,8683,8682,8683,1
grooming,8837,8683,8837,154
rising,8883,8837,8883,46
stepping,8925,8883,8925,42
walking,9018,8925,9018,93
left_turning,9124,9018,9124,106
trotting,9125,9124,9125,1
right_turning,9185,9125,9185,60
stepping,9234,9185,9234,49
walking,9299,9234,9299,65
sniffing,9301,9299,9301,2
left_turning,9302,9301,9302,1
walking,9349,9302,9349,47
sniffing,9405,9349,9405,56
trotting,9427,9405,9427,22
sniffing,9497,9427,9497,70
running,9505,9497,9505,8
walking,9506,9505,9506,1
rising,9568,9506,9568,62
trotting,9569,9568,9569,1
walking,9641,9569,9641,72
running,9652,9641,9652,11
sniffing,9754,9652,9754,102
grooming,9821,9754,9821,67
hunching,9865,9821,9865,44
rearing,9891,9865,9891,26
stepping,9921,9891,9921,30
walking,9955,9921,9955,34
sniffing,9956,9955,9956,1
walking,9969,9956,9969,13
rising,10012,9969,10012,43
stepping,10065,10012,10065,53
sniffing,10136,10065,10136,71
left_turning,10168,10136,10168,32
walking,10221,10168,10221,53
rising,10222,10221,10222,1
climbing,10247,10222,10247,25
grooming,10248,10247,10248,1
rising,10249,10248,10249,1
running,10290,10249,10290,41
rising,10339,10290,10339,49
sniffing,10375,10339,10375,36
grooming,10425,10375,10425,50
left_turning,10442,10425,10442,17
stepping,10535,10442,10535,93
sniffing,10614,10535,10614,79
walking,10632,10614,10632,18
stepping,10697,10632,10697,65
rising,10730,10697,10730,33
grooming,10775,10730,10775,45
left_turning,10839,10775,10839,64
stepping,10862,10839,10862,23
walking,10869,10862,10869,7
running,10907,10869,10907,38
walking,10964,10907,10964,57
stepping,11003,10964,11003,39
rising,11039,11003,11039,36
rearing,11235,11039,11235,196
rising,11279,11235,11279,44
hunching,11299,11279,11299,20
grooming,11347,11299,11347,48
rearing,11348,11347,11348,1
grooming,11387,11348,11387,39
walking,11416,11387,11416,29
stepping,11485,11416,11485,69
sniffing,11566,11485,11566,81
walking,11619,11566,11619,53
right_turning,11661,11619,11661,42
trotting,11685,11661,11685,24
running,11735,11685,11735,50
sniffing,11876,11735,11876,141
stepping,11957,11876,11957,81
grooming,12051,11957,12051,94
walking,12096,12051,12096,45
grooming,12270,12096,12270,174
running,12316,12270,12316,46
rising,12337,12316,12337,21
sniffing,12390,12337,12390,53
grooming,12444,12390,12444,54
hunching,12509,12444,12509,65
grooming,12590,12509,12590,81
left_turning,12627,12590,12627,37
sniffing,12706,12627,12706,79
rising,12757,12706,12757,51
sniffing,12868,12757,12868,111
climbing,12869,12868,12869,1
sniffing,12925,12869,12925,56
walking,12993,12925,12993,68
sniffing,13008,12993,13008,15
stepping,13021,13008,13021,13
rearing,13093,13021,13093,72
sniffing,13094,13093,13094,1
stepping,13129,13094,13129,35
sniffing,13194,13129,13194,65
walking,13251,13194,13251,57
running,13292,13251,13292,41
trotting,13347,13292,13347,55
stepping,13394,13347,13394,47
rising,13397,13394,13397,3
climbing,13485,13397,13485,88
grooming,13530,13485,13530,45
sniffing,13531,13530,13531,1
trotting,13577,13531,13577,46
walking,13612,13577,13612,35
sniffing,13666,13612,13666,54
walking,13732,13666,13732,66
stepping,13776,13732,13776,44
walking,13783,13776,13783,7
rearing,13865,13783,13865,82
grooming,13866,13865,13866,1
left_turning,13930,13866,13930,64
rising,13981,13930,13981,51
stepping,14014,13981,14014,33
left_turning,14047,14014,14047,33
stepping,14108,14047,14108,61
sniffing,14137,14108,14137,29
stepping,14178,14137,14178,41
grooming,14341,14178,14341,163
rearing,14418,14341,14418,77
grooming,14552,14418,14552,134
right_turning,14553,14552,14553,1
trotting,14583,14553,14583,30
rising,14629,14583,14629,46
walking,14689,14629,14689,60
sniffing,14787,14689,14787,98
rising,14788,14787,14788,1
sniffing,14929,14788,14929,141
rising,14930,14929,14930,1
walking,14946,14930,14946,16
trotting,14953,14946,14953,7
running,15005,14953,15005,52
sniffing,15058,15005,15058,53
stepping,15086,15058,15086,28
grooming,15110,15086,15110,24
stepping,15122,15110,15122,12
rising,15144,15122,15144,22
rearing,15207,15144,15207,63
grooming,15208,15207,15208,1
rearing,15216,15208,15216,8
grooming,15217,15216,15217,1
climbing,15297,15217,15297,80
rising,15349,15297,15349,52
hunching,15377,15349,15377,28
sniffing,15447,15377,15447,70
walking,15455,15447,15455,8
stepping,15468,15455,15468,13
sniffing,15568,15468,15568,100
grooming,15653,15568,15653,85
rearing,15729,15653,15729,76
grooming,15924,15729,15924,195
rising,15951,15924,15951,27
walking,15972,15951,15972,21
trotting,16013,15972,16013,41
climbing,16079,16013,16079,66
rising,16113,16079,16113,34
grooming,16114,16113,16114,1
rearing,16127,16114,16127,13
climbing,16252,16127,16252,125
sniffing,16331,16252,16331,79
rearing,16344,16331,16344,13
grooming,16362,16344,16362,18
walking,16390,16362,16390,28
sniffing,16444,16390,16444,54
rising,16445,16444,16445,1
grooming,16446,16445,16446,1
walking,16470,16446,16470,24
sniffing,16559,16470,16559,89
walking,16754,16559,16754,195
sniffing,16763,16754,16763,9
running,16774,16763,16774,11
walking,16807,16774,16807,33
grooming,16848,16807,16848,41
left_turning,16870,16848,16870,22
grooming,16905,16870,16905,35
sniffing,17014,16905,17014,109
left_turning,17015,17014,17015,1
sniffing,17107,17015,17107,92
rising,17108,17107,17108,1
grooming,17117,17108,17117,9
rearing,17179,17117,17179,62
grooming,17180,17179,17180,1
walking,17181,17180,17181,1
rearing,17182,17181,17182,1
grooming,17214,17182,17214,32
rearing,17249,17214,17249,35
grooming,17250,17249,17250,1
climbing,17290,17250,17290,40
grooming,17291,17290,17291,1
sniffing,17300,17291,17300,9
grooming,17301,17300,17301,1
sniffing,17302,17301,17302,1
climbing,17326,17302,17326,24
running,17344,17326,17344,18
rising,17368,17344,17368,24
stepping,17416,17368,17416,48
rising,17417,17416,17417,1
walking,17458,17417,17458,41
right_turning,17492,17458,17492,34
trotting,17493,17492,17493,1
walking,17546,17493,17546,53
stepping,17557,17546,17557,11
grooming,17672,17557,17672,115
hunching,17698,17672,17698,26
grooming,17993,17698,17993,295
rearing,18006,17993,18006,13
right_turning,18007,18006,18007,1
sniffing,18027,18007,18027,20
left_turning,18043,18027,18043,16
grooming,18285,18043,18285,242
sniffing,18288,18285,18288,3
grooming,18419,18288,18419,131
rearing,18452,18419,18452,33
climbing,18483,18452,18483,31
sniffing,18484,18483,18484,1
left_turning,18485,18484,18485,1
sniffing,18496,18485,18496,11
climbing,18502,18496,18502,6
grooming,18582,18502,18582,80
rearing,18583,18582,18583,1
sniffing,18804,18583,18804,221
grooming,19006,18804,19006,202
climbing,19105,19006,19105,99
left_turning,19162,19105,19162,57
running,19179,19162,19179,17
rearing,19199,19179,19199,20
stepping,19200,19199,19200,1
left_turning,19281,19200,19281,81
sniffing,19377,19281,19377,96
walking,19501,19377,19501,124
stepping,19538,19501,19538,37
sniffing,19721,19538,19721,183
rising,19769,19721,19769,48
rearing,19903,19769,19903,134
climbing,19916,19903,19916,13
sniffing,19942,19916,19942,26
walking,19965,19942,19965,23
sniffing,20060,19965,20060,95
hunching,20061,20060,20061,1
rearing,20096,20061,20096,35
hunching,20124,20096,20124,28
grooming,20125,20124,20125,1
stepping,20181,20125,20181,56
sniffing,20182,20181,20182,1
right_turning,20203,20182,20203,21
sniffing,20204,20203,20204,1
climbing,20272,20204,20272,68
grooming,20466,20272,20466,194
sniffing,20574,20466,20574,108
walking,20575,20574,20575,1
stepping,20633,20575,20633,58
rising,20686,20633,20686,53
rearing,20823,20686,20823,137
stepping,20871,20823,20871,48
sniffing,20916,20871,20916,45
walking,20933,20916,20933,17
sniffing,21066,20933,21066,133
left_turning,21100,21066,21100,34
trotting,21144,21100,21144,44
running,21164,21144,21164,20
trotting,21199,21164,21199,35
walking,21237,21199,21237,38
stepping,21238,21237,21238,1
rearing,21276,21238,21276,38
stepping,21302,21276,21302,26
sniffing,21303,21302,21303,1
stepping,21335,21303,21335,32
sniffing,21365,21335,21365,30
grooming,21466,21365,21466,101
climbing,21588,21466,21588,122
left_turning,21628,21588,21628,40
sniffing,21712,21628,21712,84
right_turning,21752,21712,21752,40
sniffing,21753,21752,21753,1
stepping,21769,21753,21769,16
rising,21803,21769,21803,34
walking,21851,21803,21851,48
stepping,21888,21851,21888,37
grooming,21957,21888,21957,69
stepping,21991,21957,21991,34
sniffing,22190,21991,22190,199
walking,22204,22190,22204,14
sniffing,22280,22204,22280,76
left_turning,22308,22280,22308,28
sniffing,22313,22308,22313,5
stepping,22377,22313,22377,64
sniffing,22513,22377,22513,136
grooming,22641,22513,22641,128
left_turning,22642,22641,22642,1
trotting,22646,22642,22646,4
sniffing,22754,22646,22754,108
grooming,22768,22754,22768,14
stepping,22786,22768,22786,18
rising,22816,22786,22816,30
sniffing,22857,22816,22857,41
grooming,22858,22857,22858,1
trotting,22887,22858,22887,29
sniffing,22888,22887,22888,1
left_turning,22918,22888,22918,30
sniffing,22995,22918,22995,77
stepping,23067,22995,23067,72
rising,23098,23067,23098,31
grooming,23181,23098,23181,83
stepping,23258,23181,23258,77
walking,23259,23258,23259,1
sniffing,23387,23259,23387,128
grooming,23778,23387,23778,391
walking,23779,23778,23779,1
stepping,23796,23779,23796,17
sniffing,23828,23796,23828,32
rising,23851,23828,23851,23
stepping,23870,23851,23870,19
sniffing,23966,23870,23966,96
rising,24025,23966,24025,59
hunching,24043,24025,24043,18
rearing,24102,24043,24102,59
climbing,24106,24102,24106,4
sniffing,24136,24106,24136,30
grooming,24137,24136,24137,1
walking,24195,24137,24195,58
sniffing,24220,24195,24220,25
left_turning,24227,24220,24227,7
walking,24325,24227,24325,98
trotting,24387,24325,24387,62
grooming,24430,24387,24430,43
rearing,24482,24430,24482,52
hunching,24580,24482,24580,98
rearing,24664,24580,24664,84
stepping,24739,24664,24739,75
walking,24791,24739,24791,52
sniffing,24860,24791,24860,69
grooming,25031,24860,25031,171
hunching,25044,25031,25044,13
rearing,25090,25044,25090,46
grooming,25204,25090,25204,114
climbing,25205,25204,25205,1
stepping,25213,25205,25213,8
sniffing,25297,25213,25297,84
left_turning,25323,25297,25323,26
stepping,25375,25323,25375,52
climbing,25425,25375,25425,50
trotting,25436,25425,25436,11
walking,25470,25436,25470,34
stepping,25530,25470,25530,60
rising,25596,25530,25596,66
climbing,25635,25596,25635,39
walking,25701,25635,25701,66
climbing,25752,25701,25752,51
grooming,25753,25752,25753,1
sniffing,25774,25753,25774,21
stepping,25778,25774,25778,4
rearing,25812,25778,25812,34
grooming,25869,25812,25869,57
trotting,25888,25869,25888,19
stepping,25931,25888,25931,43
walking,25980,25931,25980,49
sniffing,26299,25980,26299,319
walking,26334,26299,26334,35
stepping,26397,26334,26397,63
walking,26429,26397,26429,32
stepping,26448,26429,26448,19
trotting,26462,26448,26462,14
sniffing,26640,26462,26640,178
rearing,26702,26640,26702,62
climbing,26763,26702,26763,61
left_turning,26796,26763,26796,33
grooming,26957,26796,26957,161
right_turning,26958,26957,26958,1
walking,27020,26958,27020,62
rising,27058,27020,27058,38
stepping,27103,27058,27103,45
sniffing,27203,27103,27203,100
left_turning,27219,27203,27219,16
grooming,27387,27219,27387,168
running,27417,27387,27417,30
walking,27473,27417,27473,56
stepping,27515,27473,27515,42
rising,27542,27515,27542,27
left_turning,27577,27542,27577,35
trotting,27607,27577,27607,30
sniffing,27675,27607,27675,68
rising,27736,27675,27736,61
walking,27745,27736,27745,9
stepping,27751,27745,27751,6
walking,27752,27751,27752,1
sniffing,27957,27752,27957,205
rising,27976,27957,27976,19
sniffing,28003,27976,28003,27
stepping,28069,28003,28069,66
climbing,28105,28069,28105,36
sniffing,28148,28105,28148,43
grooming,28260,28148,28260,112
trotting,28296,28260,28296,36
walking,28311,28296,28311,15
rearing,28357,28311,28357,46
grooming,28384,28357,28384,27
rearing,28426,28384,28426,42
grooming,28508,28426,28508,82
left_turning,28571,28508,28571,63
sniffing,28679,28571,28679,108
walking,28741,28679,28741,62
sniffing,28764,28741,28764,23
scratching,28765,28764,28765,1
grooming,28766,28765,28766,1
rearing,28901,28766,28901,135
grooming,28902,28901,28902,1
stepping,28920,28902,28920,18
walking,28939,28920,28939,19
trotting,28940,28939,28940,1
walking,29021,28940,29021,81
rising,29049,29021,29049,28
sniffing,29177,29049,29177,128
walking,29182,29177,29182,5
sniffing,29275,29182,29275,93
rising,29283,29275,29283,8
rearing,29284,29283,29284,1
climbing,29392,29284,29392,108
right_turning,29431,29392,29431,39
sniffing,29504,29431,29504,73
grooming,29505,29504,29505,1
hunching,29506,29505,29506,1
grooming,29663,29506,29663,157
trotting,29699,29663,29699,36
stepping,29761,29699,29761,62
grooming,29970,29761,29970,209
walking,29998,29970,29998,28
stepping,30027,29998,30027,29
sniffing,30073,30027,30073,46
climbing,30138,30073,30138,65
left_turning,30205,30138,30205,67
grooming,30416,30205,30416,211
sniffing,30441,30416,30441,25
walking,30497,30441,30497,56
sniffing,30547,30497,30547,50
stepping,30548,30547,30548,1
sniffing,30602,30548,30602,54
stepping,30641,30602,30641,39
rising,30642,30641,30642,1
grooming,30770,30642,30770,128
left_turning,30791,30770,30791,21
walking,30877,30791,30877,86
stepping,30882,30877,30882,5
walking,30883,30882,30883,1
trotting,30929,30883,30929,46
left_turning,30936,30929,30936,7
rearing,30979,30936,30979,43
left_turning,31020,30979,31020,41
walking,31021,31020,31021,1
stepping,31042,31021,31042,21
right_turning,31048,31042,31048,6
sniffing,31093,31048,31093,45
stepping,31135,31093,31135,42
climbing,31186,31135,31186,51
sniffing,31230,31186,31230,44
stepping,31296,31230,31296,66
sniffing,31370,31296,31370,74
walking,31405,31370,31405,35
rising,31406,31405,31406,1
grooming,31518,31406,31518,112
sniffing,31584,31518,31584,66
right_turning,31586,31584,31586,2
sniffing,31691,31586,31691,105
walking,31788,31691,31788,97
stepping,31864,31788,31864,76
walking,31865,31864,31865,1
sniffing,31974,31865,31974,109
grooming,32097,31974,32097,123
climbing,32149,32097,32149,52
running,32156,32149,32156,7
sniffing,32243,32156,32243,87
grooming,32244,32243,32244,1
running,32276,32244,32276,32
trotting,32277,32276,32277,1
grooming,32278,32277,32278,1
climbing,32315,32278,32315,37
grooming,32316,32315,32316,1
sniffing,32317,32316,32317,1
stepping,32338,32317,32338,21
sniffing,32579,32338,32579,241
stepping,32647,32579,32647,68
rearing,32711,32647,32711,64
climbing,32778,32711,32778,67
grooming,32779,32778,32779,1
rising,32864,32779,32864,85
hunching,32922,32864,32922,58
grooming,32923,32922,32923,1
left_turning,32945,32923,32945,22
climbing,33022,32945,33022,77
grooming,33321,33022,33321,299
sniffing,33400,33321,33400,79
left_turning,33446,33400,33446,46
sniffing,33507,33446,33507,61
grooming,33552,33507,33552,45
hunching,33572,33552,33572,20
left_turning,33609,33572,33609,37
grooming,33636,33609,33636,27
hunching,33637,33636,33637,1
rearing,33666,33637,33666,29
grooming,33667,33666,33667,1
left_turning,33677,33667,33677,10
walking,33724,33677,33724,47
right_turning,33777,33724,33777,53
walking,33847,33777,33847,70
grooming,33857,33847,33857,10
trotting,33858,33857,33858,1
stepping,33863,33858,33863,5
walking,33917,33863,33917,54
sniffing,33918,33917,33918,1
grooming,33992,33918,33992,74
rearing,34048,33992,34048,56
grooming,34399,34048,34399,351
trotting,34427,34399,34427,28
sniffing,34445,34427,34445,18
stepping,34480,34445,34480,35
sniffing,34545,34480,34545,65
stepping,34546,34545,34546,1
grooming,34581,34546,34581,35
rearing,34689,34581,34689,108
left_turning,34751,34689,34751,62
running,34768,34751,34768,17
stepping,34807,34768,34807,39
rearing,34815,34807,34815,8
hunching,34830,34815,34830,15
grooming,35004,34830,35004,174
left_turning,35062,35004,35062,58
rearing,35063,35062,35063,1
grooming,35064,35063,35064,1
left_turning,35107,35064,35107,43
grooming,35108,35107,35108,1
running,35137,35108,35137,29
trotting,35172,35137,35172,35
sniffing,35186,35172,35186,14
grooming,35281,35186,35281,95
walking,35323,35281,35323,42
sniffing,35470,35323,35470,147
grooming,35581,35470,35581,111
rising,35611,35581,35611,30
rearing,35612,35611,35612,1
stepping,35658,35612,35658,46
sniffing,35889,35658,35889,231
walking,35944,35889,35944,55
sniffing,35953,35944,35953,9
rearing,35970,35953,35970,17
grooming,36095,35970,36095,125
trotting,36121,36095,36121,26
stepping,36167,36121,36167,46
rising,36247,36167,36247,80
climbing,36269,36247,36269,22
grooming,36370,36269,36370,101
rearing,36422,36370,36422,52
running,36435,36422,36435,13
trotting,36502,36435,36502,67
walking,36533,36502,36533,31
stepping,36591,36533,36591,58
walking,36731,36591,36731,140
trotting,36737,36731,36737,6
walking,36739,36737,36739,2
right_turning,36811,36739,36811,72
sniffing,36812,36811,36812,1
stepping,36857,36812,36857,45
running,36867,36857,36867,10
trotting,36887,36867,36887,20
rising,36888,36887,36888,1
rearing,36911,36888,36911,23
hunching,36912,36911,36912,1
grooming,37037,36912,37037,125
rising,37057,37037,37057,20
rearing,37132,37057,37132,75
grooming,37196,37132,37196,64
right_turning,37197,37196,37197,1
stepping,37268,37197,37268,71
walking,37315,37268,37315,47
stepping,37350,37315,37350,35
grooming,37479,37350,37479,129
walking,37492,37479,37492,13
rising,37517,37492,37517,25
stepping,37560,37517,37560,43
rising,37578,37560,37578,18
sniffing,37579,37578,37579,1
stepping,37600,37579,37600,21
rising,37601,37600,37601,1
hunching,37762,37601,37762,161
grooming,37777,37762,37777,15
rearing,37797,37777,37797,20
hunching,37816,37797,37816,19
grooming,37990,37816,37990,174
sniffing,37991,37990,37991,1
left_turning,38017,37991,38017,26
walking,38018,38017,38018,1
trotting,38090,38018,38090,72
sniffing,38234,38090,38234,144
stepping,38240,38234,38240,6
sniffing,38316,38240,38316,76
right_turning,38324,38316,38324,8
stepping,38331,38324,38331,7
running,38348,38331,38348,17
trotting,38353,38348,38353,5
stepping,38411,38353,38411,58
rearing,38432,38411,38432,21
left_turning,38456,38432,38456,24
walking,38505,38456,38505,49
sniffing,38542,38505,38542,37
rising,38581,38542,38581,39
rearing,38582,38581,38582,1
climbing,38620,38582,38620,38
rising,38666,38620,38666,46
grooming,38722,38666,38722,56
rising,38772,38722,38772,50
rearing,38850,38772,38850,78
grooming,38879,38850,38879,29
hunching,38896,38879,38896,17
grooming,38912,38896,38912,16
climbing,38946,38912,38946,34
left_turning,38978,38946,38978,32
walking,38994,38978,38994,16
sniffing,39103,38994,39103,109
hunching,39198,39103,39198,95
rising,39225,39198,39225,27
sniffing,39226,39225,39226,1
right_turning,39253,39226,39253,27
sniffing,39258,39253,39258,5
trotting,39262,39258,39262,4
sniffing,39376,39262,39376,114
rising,39390,39376,39390,14
stepping,39494,39390,39494,104
climbing,39657,39494,39657,163
sniffing,39658,39657,39658,1
rearing,39733,39658,39733,75
hunching,39742,39733,39742,9
grooming,39801,39742,39801,59
walking,39838,39801,39838,37
grooming,39866,39838,39866,28
hunching,39874,39866,39874,8
sniffing,39875,39874,39875,1
stepping,39911,39875,39911,36
sniffing,40005,39911,40005,94
trotting,40028,40005,40028,23
walking,40029,40028,40029,1
sniffing,40180,40029,40180,151
stepping,40206,40180,40206,26
rising,40238,40206,40238,32
sniffing,40311,40238,40311,73
climbing,40312,40311,40312,1
trotting,40367,40312,40367,55
rising,40452,40367,40452,85
left_turning,40475,40452,40475,23
grooming,40608,40475,40608,133
stepping,40671,40608,40671,63
sniffing,40779,40671,40779,108
stepping,40791,40779,40791,12
walking,40825,40791,40825,34
sniffing,40866,40825,40866,41
left_turning,40897,40866,40897,31
walking,40949,40897,40949,52
sniffing,41112,40949,41112,163
rising,41129,41112,41129,17
sniffing,41237,41129,41237,108
rearing,41238,41237,41238,1
stepping,41275,41238,41275,37
climbing,41321,41275,41321,46
rearing,41374,41321,41374,53
grooming,41428,41374,41428,54
rising,41468,41428,41468,40
stepping,41495,41468,41495,27
walking,41593,41495,41593,98
sniffing,41715,41593,41715,122
stepping,41741,41715,41741,26
left_turning,41793,41741,41793,52
walking,41794,41793,41794,1
stepping,41854,41794,41854,60
sniffing,41871,41854,41871,17
rising,41872,41871,41872,1
rearing,41873,41872,41873,1
climbing,41919,41873,41919,46
grooming,41920,41919,41920,1
hunching,42011,41920,42011,91
grooming,42048,42011,42048,37
rising,42119,42048,42119,71
sniffing,42239,42119,42239,120
climbing,42242,42239,42242,3
left_turning,42342,42242,42342,100
sniffing,42343,42342,42343,1
grooming,42344,42343,42344,1
walking,42377,42344,42377,33
stepping,42409,42377,42409,32
walking,42431,42409,42431,22
sniffing,42464,42431,42464,33
stepping,42523,42464,42523,59
sniffing,42607,42523,42607,84
stepping,42669,42607,42669,62
rising,42714,42669,42714,45
climbing,42733,42714,42733,19
walking,42762,42733,42762,29
sniffing,42867,42762,42867,105
trotting,42877,42867,42877,10
sniffing,43073,42877,43073,196
walking,43099,43073,43099,26
sniffing,43118,43099,43118,19
trotting,43185,43118,43185,67
stepping,43199,43185,43199,14
grooming,43200,43199,43200,1
left_turning,43222,43200,43222,22
sniffing,43334,43222,43334,112
rearing,43335,43334,43335,1
left_turning,43393,43335,43393,58
grooming,43418,43393,43418,25
rearing,43556,43418,43556,138
hunching,43687,43556,43687,131
grooming,43737,43687,43737,50
rearing,43742,43737,43742,5
grooming,43902,43742,43902,160
hunching,43943,43902,43943,41
rearing,44083,43943,44083,140
rising,44125,44083,44125,42
climbing,44247,44125,44247,122
grooming,44803,44247,44803,556
rearing,44938,44803,44938,135
grooming,45494,44938,45494,556
scratching,45495,45494,45495,1
left_turning,45526,45495,45526,31
climbing,45565,45526,45565,39
rising,45644,45565,45644,79
climbing,45657,45644,45657,13
grooming,45704,45657,45704,47
scratching,45705,45704,45705,1
grooming,45912,45705,45912,207
rearing,45928,45912,45928,16
grooming,46218,45928,46218,290
scratching,46219,46218,46219,1
grooming,46348,46219,46348,129
trotting,46395,46348,46395,47
stepping,46464,46395,46464,69
sniffing,46587,46464,46587,123
rising,46601,46587,46601,14
stepping,46660,46601,46660,59
sniffing,46748,46660,46748,88
rising,46818,46748,46818,70
running,46822,46818,46822,4
left_turning,46861,46822,46861,39
walking,46896,46861,46896,35
trotting,46915,46896,46915,19
stepping,46934,46915,46934,19
rearing,46983,46934,46983,49
hunching,47013,46983,47013,30
grooming,47014,47013,47014,1
rearing,47033,47014,47033,19
sniffing,47081,47033,47081,48
left_turning,47082,47081,47082,1
walking,47083,47082,47083,1
rising,47118,47083,47118,35
sniffing,47154,47118,47154,36
walking,47287,47154,47287,133
sniffing,47309,47287,47309,22
rising,47441,47309,47441,132
climbing,47601,47441,47601,160
sniffing,47889,47601,47889,288
rearing,47984,47889,47984,95
grooming,48181,47984,48181,197
sniffing,48260,48181,48260,79
walking,48284,48260,48284,24
sniffing,48377,48284,48377,93
walking,48404,48377,48404,27
grooming,48684,48404,48684,280
climbing,48757,48684,48757,73
trotting,48766,48757,48766,9
walking,48829,48766,48829,63
sniffing,48997,48829,48997,168
rising,49006,48997,49006,9
rearing,49083,49006,49083,77
grooming,49517,49083,49517,434
trotting,49535,49517,49535,18
walking,49557,49535,49557,22
grooming,49811,49557,49811,254
rising,49900,49811,49900,89
sniffing,49944,49900,49944,44
rising,49945,49944,49945,1
grooming,50046,49945,50046,101
left_turning,50105,50046,50105,59
walking,50198,50105,50198,93
rising,50243,50198,50243,45
trotting,50270,50243,50270,27
walking,50289,50270,50289,19
stepping,50330,50289,50330,41
sniffing,50424,50330,50424,94
left_turning,50458,50424,50458,34
sniffing,50488,50458,50488,30
stepping,50514,50488,50514,26
sniffing,50637,50514,50637,123
rising,50638,50637,50638,1
stepping,50689,50638,50689,51
rising,50742,50689,50742,53
climbing,50848,50742,50848,106
walking,50943,50848,50943,95
right_turning,50997,50943,50997,54
sniffing,50999,50997,50999,2
rising,51030,50999,51030,31
climbing,51113,51030,51113,83
left_turning,51114,51113,51114,1
climbing,51185,51114,51185,71
grooming,51456,51185,51456,271
stepping,51472,51456,51472,16
left_turning,51499,51472,51499,27
grooming,51695,51499,51695,196
right_turning,51731,51695,51731,36
rearing,51750,51731,51750,19
climbing,51836,51750,51836,86
right_turning,51904,51836,51904,68
climbing,51916,51904,51916,12
rising,51946,51916,51946,30
walking,52004,51946,52004,58
trotting,52007,52004,52007,3
sniffing,52183,52007,52183,176
left_turning,52228,52183,52228,45
sniffing,52309,52228,52309,81
climbing,52415,52309,52415,106
walking,52416,52415,52416,1
climbing,52434,52416,52434,18
left_turning,52489,52434,52489,55
walking,52490,52489,52490,1
sniffing,52644,52490,52644,154
stepping,52668,52644,52668,24
sniffing,52669,52668,52669,1
rising,52689,52669,52689,20
climbing,52760,52689,52760,71
grooming,52894,52760,52894,134
hunching,53028,52894,53028,134
grooming,53029,53028,53029,1
left_turning,53052,53029,53052,23
grooming,53081,53052,53081,29
rearing,53097,53081,53097,16
right_turning,53105,53097,53105,8
running,53113,53105,53113,8
rising,53141,53113,53141,28
climbing,53252,53141,53252,111
rearing,53371,53252,53371,119
stepping,53411,53371,53411,40
rising,53412,53411,53412,1
hunching,53445,53412,53445,33
rearing,53495,53445,53495,50
sniffing,53566,53495,53566,71
stepping,53567,53566,53567,1
right_turning,53630,53567,53630,63
rising,53657,53630,53657,27
sniffing,53669,53657,53669,12
stepping,53678,53669,53678,9
climbing,53756,53678,53756,78
running,53770,53756,53770,14
sniffing,53814,53770,53814,44
rising,53823,53814,53823,9
grooming,53916,53823,53916,93
trotting,53929,53916,53929,13
stepping,53981,53929,53981,52
walking,53992,53981,53992,11
rearing,53993,53992,53993,1
stepping,54036,53993,54036,43
walking,54037,54036,54037,1
trotting,54068,54037,54068,31
running,54085,54068,54085,17
rearing,54146,54085,54146,61
grooming,54382,54146,54382,236
sniffing,54383,54382,54383,1
grooming,54561,54383,54561,178
sniffing,54584,54561,54584,23
right_turning,54585,54584,54585,1
sniffing,54743,54585,54743,158
rising,54744,54743,54744,1
rearing,54750,54744,54750,6
running,54770,54750,54770,20
rising,54771,54770,54771,1
right_turning,54799,54771,54799,28
climbing,54855,54799,54855,56
left_turning,54931,54855,54931,76
sniffing,55041,54931,55041,110
stepping,55042,55041,55042,1
sniffing,55123,55042,55123,81
left_turning,55144,55123,55144,21
sniffing,55205,55144,55205,61
rearing,55206,55205,55206,1
left_turning,55207,55206,55207,1
sniffing,55220,55207,55220,13
stepping,55239,55220,55239,19
sniffing,55351,55239,55351,112
walking,55428,55351,55428,77
stepping,55493,55428,55493,65
sniffing,55550,55493,55550,57
left_turning,55551,55550,55551,1
sniffing,55587,55551,55587,36
rising,55664,55587,55664,77
grooming,55665,55664,55665,1
climbing,55712,55665,55712,47
rising,55732,55712,55732,20
rearing,55787,55732,55787,55
walking,55880,55787,55880,93
sniffing,55945,55880,55945,65
stepping,55987,55945,55987,42
sniffing,56023,55987,56023,36
walking,56144,56023,56144,121
rising,56204,56144,56204,60
rearing,56232,56204,56232,28
rising,56271,56232,56271,39
stepping,56272,56271,56272,1
sniffing,56333,56272,56333,61
rising,56334,56333,56334,1
grooming,56348,56334,56348,14
rearing,56454,56348,56454,106
climbing,56535,56454,56535,81
running,56569,56535,56569,34
walking,56613,56569,56613,44
stepping,56678,56613,56678,65
sniffing,56751,56678,56751,73
left_turning,56796,56751,56796,45
walking,56902,56796,56902,106
sniffing,56903,56902,56903,1
left_turning,56954,56903,56954,51
stepping,57005,56954,57005,51
rearing,57028,57005,57028,23
walking,57029,57028,57029,1
stepping,57071,57029,57071,42
sniffing,57072,57071,57072,1
grooming,57222,57072,57222,150
climbing,57223,57222,57223,1
left_turning,57250,57223,57250,27
sniffing,57329,57250,57329,79
left_turning,57336,57329,57336,7
sniffing,57337,57336,57337,1
rearing,57411,57337,57411,74
climbing,57496,57411,57496,85
left_turning,57512,57496,57512,16
sniffing,57538,57512,57538,26
trotting,57570,57538,57570,32
walking,57600,57570,57600,30
sniffing,57663,57600,57663,63
grooming,57664,57663,57664,1
walking,57737,57664,57737,73
sniffing,57751,57737,57751,14
stepping,57762,57751,57762,11
walking,57805,57762,57805,43
rearing,57830,57805,57830,25
climbing,57840,57830,57840,10
left_turning,57881,57840,57881,41
walking,57914,57881,57914,33
sniffing,57915,57914,57915,1
walking,57926,57915,57926,11
sniffing,57927,57926,57927,1
walking,57989,57927,57989,62
stepping,58031,57989,58031,42
walking,58097,58031,58097,66
climbing,58169,58097,58169,72
right_turning,58188,58169,58188,19
rising,58189,58188,58189,1
walking,58287,58189,58287,98
sniffing,58343,58287,58343,56
stepping,58370,58343,58370,27
walking,58432,58370,58432,62
sniffing,58493,58432,58493,61
right_turning,58525,58493,58525,32
walking,58553,58525,58553,28
sniffing,58736,58553,58736,183
grooming,58878,58736,58878,142
walking,58923,58878,58923,45
sniffing,59042,58923,59042,119
stepping,59068,59042,59068,26
climbing,59174,59068,59174,106
walking,59215,59174,59215,41
sniffing,59385,59215,59385,170
stepping,59426,59385,59426,41
rising,59521,59426,59521,95
rearing,59642,59521,59642,121
sniffing,59649,59642,59649,7
walking,59650,59649,59650,1
running,59651,59650,59651,1
walking,59835,59651,59835,184
sniffing,59874,59835,59874,39
walking,59949,59874,59949,75
grooming,59950,59949,59950,1
sniffing,59951,59950,59951,1
rising,59954,59951,59954,3
sniffing,60056,59954,60056,102
hunching,60057,60056,60057,1
rearing,60058,60057,60058,1
climbing,60179,60058,60179,121
grooming,60180,60179,60180,1
hunching,60245,60180,60245,65
grooming,60382,60245,60382,137
sniffing,60500,60382,60500,118
grooming,60501,60500,60501,1
stepping,60547,60501,60547,46
rearing,60637,60547,60637,90
climbing,60801,60637,60801,164
left_turning,60842,60801,60842,41
trotting,60895,60842,60895,53
running,60925,60895,60925,30
stepping,60945,60925,60945,20
walking,60969,60945,60969,24
sniffing,60970,60969,60970,1
left_turning,60985,60970,60985,15
trotting,61021,60985,61021,36
walking,61089,61021,61089,68
sniffing,61171,61089,61171,82
left_turning,61205,61171,61205,34
grooming,61274,61205,61274,69
rearing,61293,61274,61293,19
rising,61390,61293,61390,97
sniffing,61391,61390,61391,1
running,61406,61391,61406,15
sniffing,61421,61406,61421,15
rearing,61441,61421,61441,20
running,61448,61441,61448,7
stepping,61494,61448,61494,46
sniffing,61555,61494,61555,61
stepping,61590,61555,61590,35
trotting,61591,61590,61591,1
rising,61598,61591,61598,7
walking,61683,61598,61683,85
rising,61957,61683,61957,274
rearing,62011,61957,62011,54
grooming,62035,62011,62035,24
rearing,62036,62035,62036,1
climbing,62122,62036,62122,86
sniffing,62221,62122,62221,99
right_turning,62248,62221,62248,27
rising,62249,62248,62249,1
climbing,62279,62249,62279,30
sniffing,62280,62279,62280,1
walking,62295,62280,62295,15
left_turning,62331,62295,62331,36
walking,62409,62331,62409,78
sniffing,62463,62409,62463,54
walking,62516,62463,62516,53
trotting,62557,62516,62557,41
left_turning,62574,62557,62574,17
grooming,62575,62574,62575,1
sniffing,62639,62575,62639,64
grooming,62804,62639,62804,165
left_turning,62805,62804,62805,1
walking,62859,62805,62859,54
grooming,63278,62859,63278,419
rearing,63279,63278,63279,1
grooming,63461,63279,63461,182
walking,63474,63461,63474,13
climbing,63536,63474,63536,62
sniffing,63631,63536,63631,95
stepping,63742,63631,63742,111
walking,63803,63742,63803,61
rising,63820,63803,63820,17
climbing,63821,63820,63821,1
left_turning,63875,63821,63875,54
trotting,63876,63875,63876,1
sniffing,64049,63876,64049,173
rising,64050,64049,64050,1
rearing,64069,64050,64069,19
grooming,64228,64069,64228,159
rearing,64334,64228,64334,106
grooming,64420,64334,64420,86
sniffing,64463,64420,64463,43
stepping,64488,64463,64488,25
rising,64521,64488,64521,33
climbing,64542,64521,64542,21
rising,64547,64542,64547,5
climbing,64565,64547,64565,18
sniffing,64658,64565,64658,93
rising,64730,64658,64730,72
walking,64731,64730,64731,1
sniffing,64756,64731,64756,25
left_turning,64797,64756,64797,41
walking,64834,64797,64834,37
left_turning,64868,64834,64868,34
grooming,65124,64868,65124,256
hunching,65197,65124,65197,73
grooming,65464,65197,65464,267
sniffing,65693,65464,65693,229
stepping,65754,65693,65754,61
climbing,65755,65754,65755,1
grooming,65855,65755,65855,100
hunching,65872,65855,65872,17
left_turning,65902,65872,65902,30
sniffing,65975,65902,65975,73
grooming,66149,65975,66149,174
rearing,66213,66149,66213,64
stepping,66252,66213,66252,39
walking,66341,66252,66341,89
right_turning,66378,66341,66378,37
sniffing,66461,66378,66461,83
grooming,66556,66461,66556,95
scratching,66557,66556,66557,1
walking,66579,66557,66579,22
sniffing,66729,66579,66729,150
walking,66740,66729,66740,11
rearing,66775,66740,66775,35
left_turning,66822,66775,66822,47
scratching,66823,66822,66823,1
walking,66873,66823,66873,50
sniffing,66962,66873,66962,89
right_turning,67010,66962,67010,48
running,67064,67010,67064,54
trotting,67075,67064,67075,11
sniffing,67076,67075,67076,1
right_turning,67094,67076,67094,18
grooming,67240,67094,67240,146
rearing,67298,67240,67298,58
stepping,67315,67298,67315,17
rising,67358,67315,67358,43
sniffing,67359,67358,67359,1
right_turning,67408,67359,67408,49
grooming,67945,67408,67945,537
sniffing,67961,67945,67961,16
left_turning,67962,67961,67962,1
sniffing,68084,67962,68084,122
stepping,68124,68084,68124,40
sniffing,68262,68124,68262,138
grooming,68263,68262,68263,1
scratching,68264,68263,68264,1
grooming,68400,68264,68400,136
rising,68456,68400,68456,56
climbing,68457,68456,68457,1
rearing,68508,68457,68508,51
climbing,68509,68508,68509,1
grooming,68518,68509,68518,9
sniffing,68547,68518,68547,29
grooming,68850,68547,68850,303
sniffing,68883,68850,68883,33
grooming,69066,68883,69066,183
rearing,69084,69066,69084,18
grooming,69085,69084,69085,1
rearing,69114,69085,69114,29
grooming,69125,69114,69125,11
rearing,69224,69125,69224,99
rising,69307,69224,69307,83
grooming,69641,69307,69641,334
trotting,69660,69641,69660,19
rising,69661,69660,69661,1
grooming,69662,69661,69662,1
scratching,69663,69662,69663,1
sniffing,69747,69663,69747,84
grooming,69748,69747,69748,1
rearing,69749,69748,69749,1
hunching,69792,69749,69792,43
grooming,69793,69792,69793,1
sniffing,69794,69793,69794,1
trotting,69795,69794,69795,1
walking,69796,69795,69796,1
right_turning,69803,69796,69803,7
sniffing,69865,69803,69865,62
walking,69866,69865,69866,1
sniffing,70008,69866,70008,142
rising,70009,70008,70009,1
climbing,70010,70009,70010,1
walking,70059,70010,70059,49
sniffing,70060,70059,70060,1
rearing,70122,70060,70122,62
climbing,70202,70122,70202,80
left_turning,70203,70202,70203,1
running,70240,70203,70240,37
sniffing,70531,70240,70531,291
stepping,70558,70531,70558,27
hunching,70615,70558,70615,57
grooming,70971,70615,70971,356
rearing,70999,70971,70999,28
grooming,71236,70999,71236,237
walking,71252,71236,71252,16
rising,71281,71252,71281,29
climbing,71385,71281,71385,104
left_turning,71407,71385,71407,22
stepping,71453,71407,71453,46
sniffing,71503,71453,71503,50
right_turning,71572,71503,71572,69
grooming,71744,71572,71744,172
scratching,71745,71744,71745,1
walking,71762,71745,71762,17
trotting,71807,71762,71807,45
stepping,71844,71807,71844,37
walking,71864,71844,71864,20
trotting,71896,71864,71896,32
stepping,71962,71896,71962,66
sniffing,72091,71962,72091,129
walking,72111,72091,72111,20
sniffing,72169,72111,72169,58
trotting,72189,72169,72189,20
stepping,72259,72189,72259,70
rising,72382,72259,72382,123
sniffing,72392,72382,72392,10
rising,72430,72392,72430,38
sniffing,72509,72430,72509,79
rearing,72603,72509,72603,94
sniffing,72647,72603,72647,44
walking,72703,72647,72703,56
sniffing,72821,72703,72821,118
rearing,72822,72821,72822,1
grooming,73105,72822,73105,283
rearing,73120,73105,73120,15
grooming,73139,73120,73139,19
sniffing,73140,73139,73140,1
walking,73141,73140,73141,1
sniffing,73174,73141,73174,33
grooming,73308,73174,73308,134
sniffing,73309,73308,73309,1
stepping,73311,73309,73311,2
rearing,73391,73311,73391,80
walking,73392,73391,73392,1
stepping,73423,73392,73423,31
walking,73477,73423,73477,54
stepping,73534,73477,73534,57
walking,73601,73534,73601,67
stepping,73643,73601,73643,42
right_turning,73663,73643,73663,20
walking,73678,73663,73678,15
rearing,73762,73678,73762,84
grooming,73817,73762,73817,55
rising,73847,73817,73847,30
left_turning,73892,73847,73892,45
grooming,74593,73892,74593,701
right_turning,74594,74593,74594,1
sniffing,74595,74594,74595,1
rising,74598,74595,74598,3
sniffing,74599,74598,74599,1
stepping,74600,74599,74600,1
sniffing,74704,74600,74704,104
stepping,74758,74704,74758,54
rising,74781,74758,74781,23
climbing,74860,74781,74860,79
grooming,74981,74860,74981,121
hunching,74982,74981,74982,1
scratching,74983,74982,74983,1
walking,74985,74983,74985,2
sniffing,75114,74985,75114,129
walking,75131,75114,75131,17
sniffing,75165,75131,75165,34
rising,75222,75165,75222,57
sniffing,75247,75222,75247,25
grooming,75249,75247,75249,2
stepping,75283,75249,75283,34
sniffing,75356,75283,75356,73
walking,75413,75356,75413,57
stepping,75417,75413,75417,4
sniffing,75418,75417,75418,1
walking,75502,75418,75502,84
sniffing,75715,75502,75715,213
walking,75727,75715,75727,12
sniffing,75898,75727,75898,171
left_turning,76007,75898,76007,109
sniffing,76008,76007,76008,1
right_turning,76009,76008,76009,1
sniffing,76116,76009,76116,107
walking,76141,76116,76141,25
stepping,76185,76141,76185,44
left_turning,76186,76185,76186,1
running,76221,76186,76221,35
trotting,76254,76221,76254,33
stepping,76255,76254,76255,1
sniffing,76327,76255,76327,72
climbing,76355,76327,76355,28
walking,76356,76355,76356,1
trotting,76421,76356,76421,65
stepping,76422,76421,76422,1
walking,76423,76422,76423,1
stepping,76461,76423,76461,38
sniffing,76535,76461,76535,74
right_turning,76618,76535,76618,83
walking,76657,76618,76657,39
stepping,76693,76657,76693,36
walking,76745,76693,76745,52
stepping,76800,76745,76800,55
sniffing,76889,76800,76889,89
walking,76909,76889,76909,20
grooming,77174,76909,77174,265
rearing,77247,77174,77247,73
grooming,77269,77247,77269,22
hunching,77270,77269,77270,1
rearing,77274,77270,77274,4
grooming,77401,77274,77401,127
rearing,77465,77401,77465,64
grooming,77707,77465,77707,242
climbing,77817,77707,77817,110
trotting,77899,77817,77899,82
walking,77926,77899,77926,27
sniffing,78113,77926,78113,187
grooming,78114,78113,78114,1
rearing,78115,78114,78115,1
climbing,78174,78115,78174,59
rearing,78280,78174,78280,106
trotting,78283,78280,78283,3
sniffing,78431,78283,78431,148
stepping,78440,78431,78440,9
right_turning,78441,78440,78441,1
sniffing,78460,78441,78460,19
climbing,78489,78460,78489,29
walking,78521,78489,78521,32
trotting,78531,78521,78531,10
walking,78532,78531,78532,1
stepping,78565,78532,78565,33
grooming,78634,78565,78634,69
rearing,78685,78634,78685,51
grooming,78686,78685,78686,1
sniffing,78731,78686,78731,45
left_turning,78776,78731,78776,45
sniffing,78815,78776,78815,39
stepping,78843,78815,78843,28
right_turning,78885,78843,78885,42
sniffing,79019,78885,79019,134
walking,79020,79019,79020,1
stepping,79092,79020,79092,72
sniffing,79182,79092,79182,90
grooming,79380,79182,79380,198
walking,79419,79380,79419,39
sniffing,79478,79419,79478,59
grooming,79698,79478,79698,220
sniffing,79873,79698,79873,175
rising,79905,79873,79905,32
sniffing,79923,79905,79923,18
grooming,79975,79923,79975,52
trotting,80015,79975,80015,40
stepping,80068,80015,80068,53
walking,80142,80068,80142,74
stepping,80143,80142,80143,1
grooming,80220,80143,80220,77
walking,80241,80220,80241,21
sniffing,80242,80241,80242,1
rising,80243,80242,80243,1
climbing,80396,80243,80396,153
rearing,80478,80396,80478,82
sniffing,80600,80478,80600,122
trotting,80609,80600,80609,9
walking,80632,80609,80632,23
trotting,80675,80632,80675,43
stepping,80722,80675,80722,47
trotting,80746,80722,80746,24
right_turning,80768,80746,80768,22
walking,80810,80768,80810,42
sniffing,81164,80810,81164,354
grooming,81254,81164,81254,90
walking,81280,81254,81280,26
sniffing,81318,81280,81318,38
walking,81410,81318,81410,92
sniffing,81526,81410,81526,116
rising,81599,81526,81599,73
rearing,81626,81599,81626,27
hunching,81724,81626,81724,98
grooming,81825,81724,81825,101
climbing,81863,81825,81863,38
stepping,81916,81863,81916,53
walking,82026,81916,82026,110
stepping,82054,82026,82054,28
sniffing,82105,82054,82105,51
walking,82144,82105,82144,39
right_turning,82186,82144,82186,42
sniffing,82187,82186,82187,1
grooming,82788,82187,82788,601
left_turning,82828,82788,82828,40
walking,82860,82828,82860,32
sniffing,82995,82860,82995,135
rising,83008,82995,83008,13
rearing,83180,83008,83180,172
rising,83181,83180,83181,1
rearing,83182,83181,83182,1
grooming,83242,83182,83242,60
sniffing,83403,83242,83403,161
walking,83493,83403,83493,90
sniffing,83638,83493,83638,145
walking,83674,83638,83674,36
sniffing,83732,83674,83732,58
grooming,83733,83732,83733,1
right_turning,83752,83733,83752,19
grooming,83972,83752,83972,220
walking,84060,83972,84060,88
stepping,84070,84060,84070,10
walking,84170,84070,84170,100
sniffing,84223,84170,84223,53
left_turning,84224,84223,84224,1
stepping,84282,84224,84282,58
trotting,84297,84282,84297,15
stepping,84347,84297,84347,50
grooming,84640,84347,84640,293
rising,84662,84640,84662,22
climbing,84733,84662,84733,71
grooming,85504,84733,85504,771
rearing,85537,85504,85537,33
sniffing,85597,85537,85597,60
grooming,85598,85597,85598,1
rearing,85700,85598,85700,102
trotting,85713,85700,85713,13
climbing,85803,85713,85803,90
sniffing,85812,85803,85812,9
walking,85824,85812,85824,12
stepping,85866,85824,85866,42
sniffing,86053,85866,86053,187
grooming,86054,86053,86054,1
sniffing,86055,86054,86055,1
stepping,86125,86055,86125,70
sniffing,86222,86125,86222,97
walking,86375,86222,86375,153
climbing,86496,86375,86496,121
rearing,86516,86496,86516,20
climbing,86613,86516,86613,97
sniffing,86614,86613,86614,1
stepping,86645,86614,86645,31
climbing,86671,86645,86671,26
stepping,86689,86671,86689,18
sniffing,86690,86689,86690,1
rising,86798,86690,86798,108
sniffing,87000,86798,87000,202
stepping,87040,87000,87040,40
rising,87041,87040,87041,1
climbing,87096,87041,87096,55
stepping,87136,87096,87136,40
climbing,87184,87136,87184,48
rising,87193,87184,87193,9
left_turning,87252,87193,87252,59
trotting,87286,87252,87286,34
walking,87327,87286,87327,41
stepping,87370,87327,87370,43
walking,87414,87370,87414,44
rearing,87419,87414,87419,5
climbing,87420,87419,87420,1
rearing,87421,87420,87421,1
climbing,87527,87421,87527,106
stepping,87528,87527,87528,1
walking,87558,87528,87558,30
sniffing,87564,87558,87564,6
rising,87565,87564,87565,1
climbing,87656,87565,87656,91
rearing,87698,87656,87698,42
stepping,87705,87698,87705,7
sniffing,87936,87705,87936,231
walking,87937,87936,87937,1
trotting,87963,87937,87963,26
sniffing,87965,87963,87965,2
hunching,87984,87965,87984,19
rearing,88070,87984,88070,86
left_turning,88108,88070,88108,38
trotting,88178,88108,88178,70
running,88179,88178,88179,1
sniffing,88245,88179,88245,66
rearing,88292,88245,88292,47
rising,88296,88292,88296,4
climbing,88323,88296,88323,27
trotting,88327,88323,88327,4
walking,88424,88327,88424,97
sniffing,88425,88424,88425,1
left_turning,88497,88425,88497,72
walking,88513,88497,88513,16
trotting,88527,88513,88527,14
walking,88528,88527,88528,1
sniffing,88573,88528,88573,45
rearing,88625,88573,88625,52
right_turning,88626,88625,88626,1
walking,88627,88626,88627,1
sniffing,88628,88627,88628,1
grooming,88890,88628,88890,262
rearing,88895,88890,88895,5
grooming,88896,88895,88896,1
sniffing,89024,88896,89024,128
rising,89032,89024,89032,8
climbing,89067,89032,89067,35
rising,89116,89067,89116,49
grooming,89473,89116,89473,357
walking,89616,89473,89616,143
right_turning,89658,89616,89658,42
sniffing,89670,89658,89670,12
walking,89723,89670,89723,53
scratching,89724,89723,89724,1
grooming,90031,89724,90031,307
sniffing,90056,90031,90056,25
right_turning,90068,90056,90068,12
running,90116,90068,90116,48
trotting,90117,90116,90117,1
rising,90158,90117,90158,41
climbing,90208,90158,90208,50
rising,90286,90208,90286,78
stepping,90339,90286,90339,53
right_turning,90371,90339,90371,32
sniffing,90374,90371,90374,3
left_turning,90393,90374,90393,19
sniffing,90560,90393,90560,167
rising,90628,90560,90628,68
climbing,90675,90628,90675,47
sniffing,90690,90675,90690,15
left_turning,90745,90690,90745,55
rising,90790,90745,90790,45
climbing,90916,90790,90916,126
rearing,90917,90916,90917,1
hunching,90954,90917,90954,37
left_turning,91045,90954,91045,91
walking,91081,91045,91081,36
stepping,91140,91081,91140,59
grooming,91376,91140,91376,236
rearing,91461,91376,91461,85
hunching,91513,91461,91513,52
sniffing,91592,91513,91592,79
grooming,91616,91592,91616,24
rearing,91629,91616,91629,13
running,91630,91629,91630,1
rearing,91661,91630,91661,31
grooming,91662,91661,91662,1
sniffing,91789,91662,91789,127
walking,91823,91789,91823,34
sniffing,91909,91823,91909,86
walking,91989,91909,91989,80
rising,92043,91989,92043,54
climbing,92131,92043,92131,88
stepping,92134,92131,92134,3
rising,92234,92134,92234,100
sniffing,92560,92234,92560,326
walking,92604,92560,92604,44
sniffing,92615,92604,92615,11
walking,92717,92615,92717,102
stepping,92745,92717,92745,28
walking,92792,92745,92792,47
rising,92828,92792,92828,36
scratching,92829,92828,92829,1
grooming,92830,92829,92830,1
sniffing,92862,92830,92862,32
stepping,92937,92862,92937,75
sniffing,92990,92937,92990,53
left_turning,93067,92990,93067,77
walking,93154,93067,93154,87
climbing,93256,93154,93256,102
sniffing,93494,93256,93494,238
stepping,93519,93494,93519,25
sniffing,93520,93519,93520,1
rising,93606,93520,93606,86
sniffing,93662,93606,93662,56
left_turning,93672,93662,93672,10
rising,93673,93672,93673,1
rearing,93674,93673,93674,1
grooming,93675,93674,93675,1
sniffing,93758,93675,93758,83
rising,93836,93758,93836,78
rearing,93860,93836,93860,24
climbing,93887,93860,93887,27
walking,93915,93887,93915,28
stepping,93948,93915,93948,33
walking,94017,93948,94017,69
rising,94018,94017,94018,1
climbing,94095,94018,94095,77
walking,94142,94095,94142,47
sniffing,94147,94142,94147,5
stepping,94151,94147,94151,4
sniffing,94380,94151,94380,229
stepping,94449,94380,94449,69
rearing,94534,94449,94534,85
grooming,94994,94534,94994,460
climbing,95107,94994,95107,113
right_turning,95108,95107,95108,1
trotting,95126,95108,95126,18
stepping,95144,95126,95144,18
rearing,95188,95144,95188,44
rising,95231,95188,95231,43
sniffing,95407,95231,95407,176
grooming,95582,95407,95582,175
sniffing,95696,95582,95696,114
scratching,95697,95696,95697,1
grooming,96003,95697,96003,306
stepping,96030,96003,96030,27
climbing,96076,96030,96076,46
left_turning,96086,96076,96086,10
walking,96163,96086,96163,77
sniffing,96211,96163,96211,48
stepping,96308,96211,96308,97
sniffing,96434,96308,96434,126
walking,96443,96434,96443,9
sniffing,96494,96443,96494,51
climbing,96533,96494,96533,39
grooming,96534,96533,96534,1
trotting,96563,96534,96563,29
walking,96636,96563,96636,73
rearing,96637,96636,96637,1
rising,96638,96637,96638,1
climbing,96738,96638,96738,100
rearing,96794,96738,96794,56
rising,96852,96794,96852,58
stepping,96893,96852,96893,41
sniffing,96939,96893,96939,46
stepping,97010,96939,97010,71
sniffing,97016,97010,97016,6
rising,97017,97016,97017,1
grooming,97018,97017,97018,1
scratching,97019,97018,97019,1
sniffing,97075,97019,97075,56
walking,97203,97075,97203,128
rearing,97247,97203,97247,44
grooming,97248,97247,97248,1
right_turning,97266,97248,97266,18
grooming,97267,97266,97267,1
rearing,97268,97267,97268,1
grooming,97274,97268,97274,6
walking,97294,97274,97294,20
rising,97295,97294,97295,1
climbing,97365,97295,97365,70
rising,97440,97365,97440,75
sniffing,97503,97440,97503,63
walking,97555,97503,97555,52
sniffing,97556,97555,97556,1
scratching,97557,97556,97557,1
sniffing,97638,97557,97638,81
right_turning,97675,97638,97675,37
trotting,97735,97675,97735,60
walking,97765,97735,97765,30
stepping,97787,97765,97787,22
sniffing,97870,97787,97870,83
grooming,98259,97870,98259,389
rearing,98589,98259,98589,330
left_turning,98614,98589,98614,25
stepping,98640,98614,98640,26
rearing,98669,98640,98669,29
climbing,98804,98669,98804,135
rearing,98848,98804,98848,44
grooming,99029,98848,99029,181
rearing,99066,99029,99066,37
grooming,99148,99066,99148,82
left_turning,99149,99148,99149,1
walking,99248,99149,99248,99
stepping,99293,99248,99293,45
sniffing,99705,99293,99705,412
right_turning,99723,99705,99723,18
grooming,99724,99723,99724,1
hunching,99782,99724,99782,58
left_turning,99826,99782,99826,44
grooming,100144,99826,100144,318
rearing,100219,100144,100219,75
rising,100271,100219,100271,52
stepping,100309,100271,100309,38
walking,100401,100309,100401,92
right_turning,100435,100401,100435,34
stepping,100460,100435,100460,25
rising,100486,100460,100486,26
jumping,100487,100486,100487,1
grooming,100778,100487,100778,291
hunching,100780,100778,100780,2
rearing,100848,100780,100848,68
grooming,100976,100848,100976,128
sniffing,101001,100976,101001,25
left_turning,101045,101001,101045,44
grooming,101046,101045,101046,1
rearing,101155,101046,101155,109
sniffing,101269,101155,101269,114
rising,101319,101269,101319,50
sniffing,101418,101319,101418,99
rising,101450,101418,101450,32
sniffing,101491,101450,101491,41
stepping,101537,101491,101537,46
climbing,101673,101537,101673,136
trotting,101693,101673,101693,20
stepping,101710,101693,101710,17
sniffing,101773,101710,101773,63
walking,101802,101773,101802,29
stepping,101836,101802,101836,34
walking,101886,101836,101886,50
stepping,101947,101886,101947,61
sniffing,101949,101947,101949,2
rising,101950,101949,101950,1
rearing,102001,101950,102001,51
stepping,102051,102001,102051,50
sniffing,102147,102051,102147,96
walking,102208,102147,102208,61
trotting,102238,102208,102238,30
sniffing,102239,102238,102239,1
grooming,102590,102239,102590,351
rearing,102674,102590,102674,84
grooming,102742,102674,102742,68
rising,102774,102742,102774,32
sniffing,102876,102774,102876,102
walking,102895,102876,102895,19
rearing,102967,102895,102967,72
grooming,102968,102967,102968,1
sniffing,103026,102968,103026,58
climbing,103049,103026,103049,23
trotting,103078,103049,103078,29
right_turning,103132,103078,103132,54
sniffing,103273,103132,103273,141
rising,103355,103273,103355,82
sniffing,103356,103355,103356,1
stepping,103403,103356,103403,47
sniffing,103501,103403,103501,98
walking,103619,103501,103619,118
stepping,103620,103619,103620,1
sniffing,103636,103620,103636,16
rising,103637,103636,103637,1
sniffing,103834,103637,103834,197
stepping,103851,103834,103851,17
sniffing,103852,103851,103852,1
rising,103931,103852,103931,79
sniffing,103932,103931,103932,1
grooming,103933,103932,103933,1
rearing,103994,103933,103994,61
hunching,104004,103994,104004,10
grooming,104005,104004,104005,1
hunching,104006,104005,104006,1
left_turning,104046,104006,104046,40
walking,104121,104046,104121,75
stepping,104182,104121,104182,61
sniffing,104196,104182,104196,14
walking,104226,104196,104226,30
stepping,104258,104226,104258,32
sniffing,104364,104258,104364,106
rising,104415,104364,104415,51
rearing,104442,104415,104442,27
grooming,104493,104442,104493,51
stepping,104534,104493,104534,41
sniffing,104535,104534,104535,1
climbing,104582,104535,104582,47
grooming,104583,104582,104583,1
hunching,104669,104583,104669,86
grooming,104904,104669,104904,235
hunching,104967,104904,104967,63
rearing,105145,104967,105145,178
grooming,105434,105145,105434,289
rearing,105512,105434,105512,78
left_turning,105538,105512,105538,26
trotting,105581,105538,105581,43
rising,105607,105581,105607,26
climbing,105668,105607,105668,61
walking,105699,105668,105699,31
sniffing,105960,105699,105960,261
grooming,105961,105960,105961,1
hunching,105967,105961,105967,6
stepping,106000,105967,106000,33
climbing,106126,106000,106126,126
running,106131,106126,106131,5
walking,106154,106131,106154,23
sniffing,106302,106154,106302,148
walking,106313,106302,106313,11
right_turning,106337,106313,106337,24
stepping,106379,106337,106379,42
sniffing,106447,106379,106447,68
walking,106477,106447,106477,30
sniffing,106589,106477,106589,112
walking,106625,106589,106625,36
rising,106658,106625,106658,33
sniffing,106719,106658,106719,61
rising,106748,106719,106748,29
grooming,107153,106748,107153,405
stepping,107154,107153,107154,1
sniffing,107321,107154,107321,167
stepping,107453,107321,107453,132
rearing,107500,107453,107500,47
grooming,107693,107500,107693,193
stepping,107728,107693,107728,35
sniffing,107729,107728,107729,1
rearing,107843,107729,107843,114
rising,107893,107843,107893,50
grooming,108000,107893,108000,107
