revised_movement_label,segBoundary,segBoundary_start,segBoundary_end,length
sniffing,20,0,20,20
walking,64,20,64,44
sniffing,78,64,78,14
rearing,83,78,83,5
grooming,129,83,129,46
left_turning,130,129,130,1
running,143,130,143,13
walking,150,143,150,7
stepping,189,150,189,39
trotting,249,189,249,60
stepping,255,249,255,6
sniffing,324,255,324,69
rising,360,324,360,36
stepping,425,360,425,65
sniffing,440,425,440,15
stepping,480,440,480,40
sniffing,566,480,566,86
walking,579,566,579,13
rearing,590,579,590,11
hunching,627,590,627,37
grooming,771,627,771,144
left_turning,772,771,772,1
sniffing,773,772,773,1
rising,820,773,820,47
left_turning,893,820,893,73
stepping,897,893,897,4
walking,898,897,898,1
trotting,939,898,939,41
sniffing,940,939,940,1
climbing,1002,940,1002,62
rearing,1089,1002,1089,87
left_turning,1090,1089,1090,1
rising,1135,1090,1135,45
walking,1210,1135,1210,75
rising,1211,1210,1211,1
sniffing,1296,1211,1296,85
rising,1384,1296,1384,88
grooming,1508,1384,1508,124
sniffing,1526,1508,1526,18
trotting,1564,1526,1564,38
sniffing,1651,1564,1651,87
stepping,1665,1651,1665,14
sniffing,1696,1665,1696,31
grooming,1801,1696,1801,105
hunching,1874,1801,1874,73
rearing,2036,1874,2036,162
grooming,2162,2036,2162,126
hunching,2163,2162,2163,1
left_turning,2164,2163,2164,1
walking,2201,2164,2201,37
stepping,2227,2201,2227,26
left_turning,2241,2227,2241,14
sniffing,2282,2241,2282,41
running,2294,2282,2294,12
sniffing,2295,2294,2295,1
rising,2363,2295,2363,68
stepping,2402,2363,2402,39
walking,2429,2402,2429,27
stepping,2499,2429,2499,70
trotting,2520,2499,2520,21
walking,2552,2520,2552,32
trotting,2553,2552,2553,1
rising,2585,2553,2585,32
walking,2621,2585,2621,36
rising,2671,2621,2671,50
trotting,2692,2671,2692,21
grooming,2728,2692,2728,36
rising,2754,2728,2754,26
rearing,2886,2754,2886,132
hunching,2906,2886,2906,20
grooming,2907,2906,2907,1
hunching,2926,2907,2926,19
grooming,2967,2926,2967,41
hunching,2979,2967,2979,12
grooming,3069,2979,3069,90
trotting,3095,3069,3095,26
stepping,3193,3095,3193,98
sniffing,3318,3193,3318,125
walking,3353,3318,3353,35
sniffing,3410,3353,3410,57
left_turning,3412,3410,3412,2
trotting,3413,3412,3413,1
walking,3448,3413,3448,35
running,3458,3448,3458,10
walking,3476,3458,3476,18
rising,3477,3476,3477,1
walking,3513,3477,3513,36
sniffing,3560,3513,3560,47
stepping,3639,3560,3639,79
walking,3706,3639,3706,67
sniffing,3815,3706,3815,109
walking,3816,3815,3816,1
stepping,3862,3816,3862,46
sniffing,3955,3862,3955,93
rising,4002,3955,4002,47
walking,4081,4002,4081,79
sniffing,4082,4081,4082,1
left_turning,4125,4082,4125,43
grooming,4359,4125,4359,234
sniffing,4481,4359,4481,122
trotting,4505,4481,4505,24
walking,4555,4505,4555,50
stepping,4594,4555,4594,39
walking,4620,4594,4620,26
stepping,4669,4620,4669,49
sniffing,4766,4669,4766,97
walking,4822,4766,4822,56
rising,4877,4822,4877,55
walking,4935,4877,4935,58
sniffing,5076,4935,5076,141
stepping,5130,5076,5130,54
rising,5145,5130,5145,15
hunching,5170,5145,5170,25
sniffing,5254,5170,5254,84
rising,5309,5254,5309,55
sniffing,5374,5309,5374,65
rising,5434,5374,5434,60
sniffing,5435,5434,5435,1
stepping,5474,5435,5474,39
walking,5507,5474,5507,33
sniffing,5609,5507,5609,102
rising,5636,5609,5636,27
climbing,5696,5636,5696,60
grooming,5741,5696,5741,45
rearing,5794,5741,5794,53
sniffing,5810,5794,5810,16
walking,5891,5810,5891,81
trotting,5938,5891,5938,47
walking,5939,5938,5939,1
trotting,6003,5939,6003,64
sniffing,6004,6003,6004,1
rising,6036,6004,6036,32
rearing,6144,6036,6144,108
rising,6145,6144,6145,1
sniffing,6157,6145,6157,12
rising,6183,6157,6183,26
sniffing,6229,6183,6229,46
walking,6275,6229,6275,46
right_turning,6283,6275,6283,8
walking,6297,6283,6297,14
sniffing,6298,6297,6298,1
stepping,6318,6298,6318,20
sniffing,6445,6318,6445,127
grooming,6555,6445,6555,110
climbing,6581,6555,6581,26
left_turning,6605,6581,6605,24
sniffing,6624,6605,6624,19
walking,6694,6624,6694,70
stepping,6722,6694,6722,28
left_turning,6761,6722,6761,39
sniffing,6773,6761,6773,12
stepping,6816,6773,6816,43
walking,6854,6816,6854,38
running,6855,6854,6855,1
sniffing,6946,6855,6946,91
grooming,7055,6946,7055,109
rising,7056,7055,7056,1
stepping,7084,7056,7084,28
walking,7169,7084,7169,85
stepping,7273,7169,7273,104
walking,7305,7273,7305,32
running,7337,7305,7337,32
sniffing,7363,7337,7363,26
stepping,7407,7363,7407,44
sniffing,7457,7407,7457,50
rearing,7458,7457,7458,1
left_turning,7462,7458,7462,4
sniffing,7491,7462,7491,29
stepping,7523,7491,7523,32
sniffing,7524,7523,7524,1
climbing,7575,7524,7575,51
hunching,7607,7575,7607,32
stepping,7626,7607,7626,19
left_turning,7663,7626,7663,37
trotting,7710,7663,7710,47
running,7754,7710,7754,44
stepping,7755,7754,7755,1
left_turning,7756,7755,7756,1
sniffing,7757,7756,7757,1
walking,7810,7757,7810,53
stepping,7914,7810,7914,104
left_turning,7944,7914,7944,30
grooming,7945,7944,7945,1
rising,7986,7945,7986,41
rearing,7994,7986,7994,8
hunching,8029,7994,8029,35
grooming,8108,8029,8108,79
stepping,8181,8108,8181,73
climbing,8186,8181,8186,5
grooming,8234,8186,8234,48
sniffing,8235,8234,8235,1
rising,8260,8235,8260,25
stepping,8270,8260,8270,10
sniffing,8472,8270,8472,202
stepping,8531,8472,8531,59
sniffing,8622,8531,8622,91
left_turning,8649,8622,8649,27
stepping,8692,8649,8692,43
left_turning,8715,8692,8715,23
walking,8782,8715,8782,67
sniffing,8818,8782,8818,36
rising,8821,8818,8821,3
stepping,8824,8821,8824,3
walking,8828,8824,8828,4
trotting,8897,8828,8897,69
walking,8904,8897,8904,7
rising,8973,8904,8973,69
walking,9021,8973,9021,48
stepping,9022,9021,9022,1
grooming,9023,9022,9023,1
sniffing,9024,9023,9024,1
stepping,9050,9024,9050,26
rearing,9073,9050,9073,23
hunching,9134,9073,9134,61
grooming,9140,9134,9140,6
sniffing,9214,9140,9214,74
running,9235,9214,9235,21
stepping,9243,9235,9243,8
walking,9274,9243,9274,31
running,9275,9274,9275,1
walking,9329,9275,9329,54
sniffing,9330,9329,9330,1
grooming,9418,9330,9418,88
left_turning,9461,9418,9461,43
trotting,9466,9461,9466,5
walking,9552,9466,9552,86
right_turning,9567,9552,9567,15
stepping,9568,9567,9568,1
rising,9628,9568,9628,60
rearing,9693,9628,9693,65
sniffing,9781,9693,9781,88
stepping,9827,9781,9827,46
walking,9845,9827,9845,18
sniffing,9879,9845,9879,34
rising,9936,9879,9936,57
rearing,10014,9936,10014,78
hunching,10061,10014,10061,47
rearing,10123,10061,10123,62
hunching,10192,10123,10192,69
rearing,10234,10192,10234,42
grooming,10261,10234,10261,27
running,10306,10261,10306,45
trotting,10327,10306,10327,21
sniffing,10445,10327,10445,118
right_turning,10497,10445,10497,52
rearing,10556,10497,10556,59
climbing,10669,10556,10669,113
sniffing,10670,10669,10670,1
stepping,10688,10670,10688,18
walking,10756,10688,10756,68
stepping,10815,10756,10815,59
sniffing,10889,10815,10889,74
rising,10890,10889,10890,1
stepping,10940,10890,10940,50
sniffing,10965,10940,10965,25
stepping,11003,10965,11003,38
walking,11037,11003,11037,34
sniffing,11038,11037,11038,1
rearing,11133,11038,11133,95
grooming,11134,11133,11134,1
stepping,11195,11134,11195,61
sniffing,11200,11195,11200,5
running,11227,11200,11227,27
walking,11271,11227,11271,44
stepping,11294,11271,11294,23
grooming,11352,11294,11352,58
climbing,11430,11352,11430,78
rearing,11437,11430,11437,7
hunching,11470,11437,11470,33
grooming,11580,11470,11580,110
left_turning,11592,11580,11592,12
stepping,11610,11592,11610,18
grooming,11690,11610,11690,80
sniffing,11800,11690,11800,110
hunching,11832,11800,11832,32
rearing,11833,11832,11833,1
hunching,11837,11833,11837,4
rearing,11921,11837,11921,84
grooming,12098,11921,12098,177
hunching,12125,12098,12125,27
rising,12147,12125,12147,22
sniffing,12283,12147,12283,136
grooming,12416,12283,12416,133
walking,12417,12416,12417,1
stepping,12433,12417,12433,16
grooming,12629,12433,12629,196
rising,12707,12629,12707,78
grooming,12822,12707,12822,115
stepping,12870,12822,12870,48
trotting,12890,12870,12890,20
rising,12938,12890,12938,48
grooming,12981,12938,12981,43
left_turning,13048,12981,13048,67
running,13053,13048,13053,5
left_turning,13092,13053,13092,39
walking,13157,13092,13157,65
stepping,13194,13157,13194,37
grooming,13240,13194,13240,46
running,13263,13240,13263,23
climbing,13281,13263,13281,18
rearing,13288,13281,13288,7
hunching,13289,13288,13289,1
rearing,13290,13289,13290,1
sniffing,13291,13290,13291,1
grooming,13292,13291,13292,1
rearing,13345,13292,13345,53
hunching,13361,13345,13361,16
grooming,13469,13361,13469,108
rearing,13497,13469,13497,28
grooming,13625,13497,13625,128
walking,13684,13625,13684,59
stepping,13740,13684,13740,56
rearing,13741,13740,13741,1
rising,13751,13741,13751,10
stepping,13763,13751,13763,12
grooming,13892,13763,13892,129
scratching,13893,13892,13893,1
walking,13921,13893,13921,28
sniffing,13983,13921,13983,62
rearing,14009,13983,14009,26
grooming,14220,14009,14220,211
sniffing,14257,14220,14257,37
stepping,14282,14257,14282,25
walking,14328,14282,14328,46
sniffing,14329,14328,14329,1
stepping,14375,14329,14375,46
trotting,14427,14375,14427,52
walking,14428,14427,14428,1
stepping,14471,14428,14471,43
walking,14476,14471,14476,5
rising,14477,14476,14477,1
walking,14562,14477,14562,85
stepping,14639,14562,14639,77
sniffing,14658,14639,14658,19
walking,14687,14658,14687,29
stepping,14739,14687,14739,52
grooming,14810,14739,14810,71
rearing,14847,14810,14847,37
right_turning,14877,14847,14877,30
climbing,14924,14877,14924,47
grooming,14925,14924,14925,1
trotting,14955,14925,14955,30
grooming,15076,14955,15076,121
trotting,15129,15076,15129,53
sniffing,15231,15129,15231,102
stepping,15310,15231,15310,79
trotting,15324,15310,15324,14
sniffing,15449,15324,15449,125
walking,15451,15449,15451,2
sniffing,15550,15451,15550,99
rising,15591,15550,15591,41
sniffing,15839,15591,15839,248
stepping,15842,15839,15842,3
grooming,15994,15842,15994,152
sniffing,16083,15994,16083,89
rising,16097,16083,16097,14
sniffing,16206,16097,16206,109
grooming,16207,16206,16207,1
rearing,16255,16207,16255,48
stepping,16280,16255,16280,25
walking,16281,16280,16281,1
stepping,16343,16281,16343,62
sniffing,16344,16343,16344,1
grooming,16540,16344,16540,196
rising,16574,16540,16574,34
stepping,16618,16574,16618,44
sniffing,16854,16618,16854,236
climbing,16898,16854,16898,44
grooming,17045,16898,17045,147
rearing,17071,17045,17071,26
climbing,17123,17071,17123,52
grooming,17141,17123,17141,18
rearing,17142,17141,17142,1
grooming,17273,17142,17273,131
hunching,17279,17273,17279,6
grooming,17370,17279,17370,91
sniffing,17371,17370,17371,1
climbing,17381,17371,17381,10
grooming,17395,17381,17395,14
sniffing,17464,17395,17464,69
walking,17541,17464,17541,77
stepping,17556,17541,17556,15
sniffing,17557,17556,17557,1
left_turning,17610,17557,17610,53
running,17631,17610,17631,21
walking,17692,17631,17692,61
sniffing,17698,17692,17698,6
climbing,17741,17698,17741,43
grooming,17742,17741,17742,1
rising,17746,17742,17746,4
hunching,17760,17746,17760,14
sniffing,17913,17760,17913,153
stepping,17946,17913,17946,33
walking,18007,17946,18007,61
trotting,18008,18007,18008,1
walking,18059,18008,18059,51
sniffing,18090,18059,18090,31
stepping,18149,18090,18149,59
sniffing,18205,18149,18205,56
stepping,18227,18205,18227,22
walking,18228,18227,18228,1
sniffing,18459,18228,18459,231
rising,18542,18459,18542,83
climbing,18543,18542,18543,1
right_turning,18563,18543,18563,20
sniffing,18564,18563,18564,1
trotting,18587,18564,18587,23
stepping,18631,18587,18631,44
climbing,18707,18631,18707,76
grooming,18811,18707,18811,104
sniffing,18956,18811,18956,145
rearing,18975,18956,18975,19
grooming,19180,18975,19180,205
climbing,19194,19180,19194,14
stepping,19255,19194,19255,61
walking,19287,19255,19287,32
sniffing,19463,19287,19463,176
stepping,19503,19463,19503,40
walking,19513,19503,19513,10
climbing,19514,19513,19514,1
rearing,19540,19514,19540,26
sniffing,19553,19540,19553,13
climbing,19598,19553,19598,45
right_turning,19681,19598,19681,83
stepping,19735,19681,19735,54
walking,19736,19735,19736,1
rising,19802,19736,19802,66
sniffing,19808,19802,19808,6
rearing,19866,19808,19866,58
climbing,19913,19866,19913,47
grooming,19987,19913,19987,74
walking,20044,19987,20044,57
sniffing,20045,20044,20045,1
rearing,20098,20045,20098,53
hunching,20129,20098,20129,31
rearing,20187,20129,20187,58
stepping,20244,20187,20244,57
rising,20259,20244,20259,15
left_turning,20284,20259,20284,25
sniffing,20340,20284,20340,56
rising,20356,20340,20356,16
climbing,20471,20356,20471,115
grooming,20605,20471,20605,134
sniffing,20777,20605,20777,172
walking,20819,20777,20819,42
left_turning,20863,20819,20863,44
grooming,20864,20863,20864,1
sniffing,21156,20864,21156,292
stepping,21248,21156,21248,92
walking,21339,21248,21339,91
sniffing,21488,21339,21488,149
trotting,21508,21488,21508,20
running,21536,21508,21536,28
left_turning,21579,21536,21579,43
grooming,21640,21579,21640,61
left_turning,21648,21640,21648,8
walking,21705,21648,21705,57
rising,21707,21705,21707,2
climbing,21736,21707,21736,29
stepping,21737,21736,21737,1
rearing,21752,21737,21752,15
trotting,21758,21752,21758,6
walking,21759,21758,21759,1
grooming,21760,21759,21760,1
hunching,21790,21760,21790,30
rearing,21801,21790,21801,11
stepping,21843,21801,21843,42
rearing,21901,21843,21901,58
left_turning,21933,21901,21933,32
walking,21982,21933,21982,49
sniffing,22029,21982,22029,47
stepping,22110,22029,22110,81
walking,22157,22110,22157,47
trotting,22212,22157,22212,55
stepping,22233,22212,22233,21
rising,22244,22233,22244,11
climbing,22267,22244,22267,23
left_turning,22323,22267,22323,56
hunching,22355,22323,22355,32
rearing,22357,22355,22357,2
grooming,22536,22357,22536,179
sniffing,22598,22536,22598,62
grooming,22599,22598,22599,1
right_turning,22635,22599,22635,36
walking,22655,22635,22655,20
sniffing,22656,22655,22656,1
stepping,22657,22656,22657,1
rising,22658,22657,22658,1
sniffing,22723,22658,22723,65
stepping,22766,22723,22766,43
walking,22770,22766,22770,4
sniffing,22869,22770,22869,99
walking,22983,22869,22983,114
climbing,23035,22983,23035,52
walking,23046,23035,23046,11
grooming,23047,23046,23047,1
walking,23080,23047,23080,33
sniffing,23116,23080,23116,36
left_turning,23143,23116,23143,27
running,23183,23143,23183,40
stepping,23209,23183,23209,26
walking,23217,23209,23217,8
sniffing,23244,23217,23244,27
rising,23245,23244,23245,1
walking,23288,23245,23288,43
sniffing,23352,23288,23352,64
left_turning,23355,23352,23355,3
stepping,23377,23355,23377,22
sniffing,23516,23377,23516,139
trotting,23586,23516,23586,70
walking,23630,23586,23630,44
stepping,23685,23630,23685,55
walking,23770,23685,23770,85
rising,23803,23770,23803,33
left_turning,23804,23803,23804,1
running,23850,23804,23850,46
trotting,23873,23850,23873,23
stepping,23907,23873,23907,34
grooming,23917,23907,23917,10
walking,24027,23917,24027,110
rising,24028,24027,24028,1
stepping,24055,24028,24055,27
sniffing,24056,24055,24056,1
rising,24149,24056,24149,93
climbing,24378,24149,24378,229
rearing,24379,24378,24379,1
hunching,24451,24379,24451,72
left_turning,24478,24451,24478,27
trotting,24501,24478,24501,23
stepping,24526,24501,24526,25
sniffing,24627,24526,24627,101
grooming,24682,24627,24682,55
stepping,24705,24682,24705,23
rising,24753,24705,24753,48
grooming,24768,24753,24768,15
running,24815,24768,24815,47
trotting,24826,24815,24826,11
walking,24877,24826,24877,51
sniffing,25054,24877,25054,177
walking,25066,25054,25066,12
stepping,25149,25066,25149,83
walking,25150,25149,25150,1
sniffing,25180,25150,25180,30
rising,25219,25180,25219,39
grooming,25246,25219,25246,27
hunching,25258,25246,25258,12
grooming,25270,25258,25270,12
running,25303,25270,25303,33
climbing,25402,25303,25402,99
rearing,25418,25402,25418,16
grooming,25419,25418,25419,1
rearing,25463,25419,25463,44
rising,25516,25463,25516,53
sniffing,25625,25516,25625,109
stepping,25678,25625,25678,53
sniffing,25712,25678,25712,34
stepping,25740,25712,25740,28
sniffing,25741,25740,25741,1
rearing,25766,25741,25766,25
left_turning,25805,25766,25805,39
trotting,25817,25805,25817,12
sniffing,25935,25817,25935,118
stepping,25936,25935,25936,1
sniffing,25955,25936,25955,19
rearing,26044,25955,26044,89
grooming,26053,26044,26053,9
walking,26120,26053,26120,67
stepping,26145,26120,26145,25
walking,26206,26145,26206,61
stepping,26266,26206,26266,60
walking,26314,26266,26314,48
sniffing,26426,26314,26426,112
running,26480,26426,26480,54
stepping,26520,26480,26520,40
grooming,26756,26520,26756,236
rising,26757,26756,26757,1
climbing,26758,26757,26758,1
sniffing,26826,26758,26826,68
grooming,26928,26826,26928,102
hunching,26929,26928,26929,1
right_turning,26930,26929,26930,1
walking,26972,26930,26972,42
stepping,27031,26972,27031,59
walking,27032,27031,27032,1
sniffing,27125,27032,27125,93
rising,27126,27125,27126,1
rearing,27145,27126,27145,19
grooming,27206,27145,27206,61
hunching,27271,27206,27271,65
grooming,27281,27271,27281,10
walking,27354,27281,27354,73
stepping,27375,27354,27375,21
sniffing,27376,27375,27376,1
left_turning,27395,27376,27395,19
walking,27431,27395,27431,36
stepping,27483,27431,27483,52
rising,27518,27483,27518,35
walking,27633,27518,27633,115
trotting,27639,27633,27639,6
stepping,27691,27639,27691,52
sniffing,27774,27691,27774,83
grooming,27905,27774,27905,131
stepping,27908,27905,27908,3
sniffing,27944,27908,27944,36
walking,28063,27944,28063,119
sniffing,28127,28063,28127,64
rising,28193,28127,28193,66
walking,28257,28193,28257,64
grooming,28258,28257,28258,1
left_turning,28268,28258,28268,10
grooming,28423,28268,28423,155
stepping,28487,28423,28487,64
walking,28521,28487,28521,34
stepping,28531,28521,28531,10
sniffing,28535,28531,28535,4
rising,28623,28535,28623,88
rearing,28754,28623,28754,131
stepping,28824,28754,28824,70
left_turning,28895,28824,28895,71
sniffing,28896,28895,28896,1
stepping,28932,28896,28932,36
walking,28958,28932,28958,26
stepping,29010,28958,29010,52
climbing,29084,29010,29084,74
stepping,29140,29084,29140,56
climbing,29199,29140,29199,59
left_turning,29277,29199,29277,78
walking,29334,29277,29334,57
left_turning,29341,29334,29341,7
walking,29418,29341,29418,77
stepping,29478,29418,29478,60
left_turning,29494,29478,29494,16
trotting,29526,29494,29526,32
stepping,29546,29526,29546,20
sniffing,29586,29546,29586,40
stepping,29623,29586,29623,37
sniffing,29689,29623,29689,66
grooming,29740,29689,29740,51
hunching,29775,29740,29775,35
grooming,29786,29775,29786,11
rearing,29943,29786,29943,157
hunching,30007,29943,30007,64
rearing,30092,30007,30092,85
grooming,30214,30092,30214,122
hunching,30229,30214,30229,15
grooming,30230,30229,30230,1
hunching,30231,30230,30231,1
left_turning,30250,30231,30250,19
walking,30409,30250,30409,159
sniffing,30455,30409,30455,46
left_turning,30472,30455,30472,17
right_turning,30517,30472,30517,45
stepping,30561,30517,30561,44
rearing,30644,30561,30644,83
climbing,30673,30644,30673,29
walking,30717,30673,30717,44
sniffing,30718,30717,30718,1
left_turning,30734,30718,30734,16
walking,30766,30734,30766,32
trotting,30808,30766,30808,42
walking,30830,30808,30830,22
sniffing,30831,30830,30831,1
rearing,30832,30831,30832,1
left_turning,30946,30832,30946,114
sniffing,31043,30946,31043,97
stepping,31076,31043,31076,33
sniffing,31077,31076,31077,1
rising,31116,31077,31116,39
grooming,31217,31116,31217,101
hunching,31235,31217,31235,18
left_turning,31286,31235,31286,51
rising,31349,31286,31349,63
rearing,31357,31349,31357,8
stepping,31396,31357,31396,39
grooming,31397,31396,31397,1
rising,31421,31397,31421,24
rearing,31495,31421,31495,74
hunching,31496,31495,31496,1
trotting,31539,31496,31539,43
sniffing,31566,31539,31566,27
grooming,31567,31566,31567,1
right_turning,31589,31567,31589,22
walking,31667,31589,31667,78
left_turning,31716,31667,31716,49
trotting,31752,31716,31752,36
running,31765,31752,31765,13
rising,31766,31765,31766,1
left_turning,31773,31766,31773,7
rising,31806,31773,31806,33
rearing,31848,31806,31848,42
grooming,32021,31848,32021,173
stepping,32090,32021,32090,69
sniffing,32167,32090,32167,77
left_turning,32168,32167,32168,1
rising,32207,32168,32207,39
rearing,32212,32207,32212,5
grooming,32447,32212,32447,235
stepping,32521,32447,32521,74
grooming,32636,32521,32636,115
climbing,32641,32636,32641,5
sniffing,32642,32641,32642,1
stepping,32708,32642,32708,66
walking,32732,32708,32732,24
sniffing,32818,32732,32818,86
stepping,32902,32818,32902,84
left_turning,32948,32902,32948,46
trotting,32981,32948,32981,33
left_turning,32982,32981,32982,1
running,33012,32982,33012,30
walking,33073,33012,33073,61
sniffing,33075,33073,33075,2
rearing,33120,33075,33120,45
hunching,33150,33120,33150,30
scratching,33151,33150,33151,1
grooming,33217,33151,33217,66
rearing,33231,33217,33231,14
sniffing,33232,33231,33232,1
climbing,33304,33232,33304,72
stepping,33351,33304,33351,47
sniffing,33440,33351,33440,89
climbing,33466,33440,33466,26
grooming,33586,33466,33586,120
left_turning,33597,33586,33597,11
climbing,33732,33597,33732,135
grooming,33734,33732,33734,2
rising,33765,33734,33765,31
grooming,33799,33765,33799,34
walking,33800,33799,33800,1
sniffing,33871,33800,33871,71
rising,33906,33871,33906,35
sniffing,33907,33906,33907,1
stepping,33908,33907,33908,1
rising,33959,33908,33959,51
climbing,34005,33959,34005,46
walking,34075,34005,34075,70
stepping,34102,34075,34102,27
walking,34103,34102,34103,1
sniffing,34104,34103,34104,1
rising,34162,34104,34162,58
grooming,34225,34162,34225,63
left_turning,34233,34225,34233,8
stepping,34274,34233,34274,41
grooming,34590,34274,34590,316
scratching,34591,34590,34591,1
sniffing,34604,34591,34604,13
rearing,34622,34604,34622,18
hunching,34733,34622,34733,111
grooming,34862,34733,34862,129
rearing,34936,34862,34936,74
rising,34992,34936,34992,56
climbing,35097,34992,35097,105
grooming,35126,35097,35126,29
walking,35148,35126,35148,22
stepping,35188,35148,35188,40
sniffing,35220,35188,35220,32
stepping,35273,35220,35273,53
right_turning,35322,35273,35322,49
sniffing,35323,35322,35323,1
rising,35325,35323,35325,2
rearing,35399,35325,35399,74
stepping,35419,35399,35419,20
rising,35480,35419,35480,61
hunching,35505,35480,35505,25
rearing,35569,35505,35569,64
stepping,35600,35569,35600,31
left_turning,35610,35600,35610,10
sniffing,35655,35610,35655,45
left_turning,35671,35655,35671,16
sniffing,35690,35671,35690,19
walking,35739,35690,35739,49
stepping,35773,35739,35773,34
walking,35790,35773,35790,17
sniffing,35852,35790,35852,62
right_turning,35897,35852,35897,45
rising,35898,35897,35898,1
rearing,35968,35898,35968,70
left_turning,36026,35968,36026,58
hunching,36087,36026,36087,61
rising,36156,36087,36156,69
rearing,36204,36156,36204,48
grooming,36411,36204,36411,207
climbing,36470,36411,36470,59
left_turning,36502,36470,36502,32
grooming,36528,36502,36528,26
sniffing,36529,36528,36529,1
rising,36571,36529,36571,42
climbing,36737,36571,36737,166
grooming,36738,36737,36738,1
rearing,36794,36738,36794,56
grooming,36853,36794,36853,59
sniffing,36959,36853,36959,106
rising,37003,36959,37003,44
sniffing,37025,37003,37025,22
right_turning,37037,37025,37037,12
grooming,37038,37037,37038,1
left_turning,37069,37038,37069,31
rearing,37104,37069,37104,35
left_turning,37164,37104,37164,60
walking,37204,37164,37204,40
stepping,37247,37204,37247,43
grooming,37574,37247,37574,327
rising,37632,37574,37632,58
climbing,37732,37632,37732,100
sniffing,37733,37732,37733,1
stepping,37782,37733,37782,49
sniffing,37826,37782,37826,44
walking,37860,37826,37860,34
climbing,37995,37860,37995,135
running,38015,37995,38015,20
climbing,38175,38015,38175,160
walking,38176,38175,38176,1
rearing,38211,38176,38211,35
climbing,38322,38211,38322,111
trotting,38400,38322,38400,78
grooming,38508,38400,38508,108
walking,38534,38508,38534,26
sniffing,38623,38534,38623,89
walking,38624,38623,38624,1
sniffing,38706,38624,38706,82
rising,38758,38706,38758,52
climbing,38852,38758,38852,94
running,38896,38852,38896,44
stepping,38914,38896,38914,18
sniffing,38915,38914,38915,1
grooming,39061,38915,39061,146
sniffing,39077,39061,39077,16
running,39078,39077,39078,1
rearing,39162,39078,39162,84
climbing,39163,39162,39163,1
sniffing,39280,39163,39280,117
right_turning,39341,39280,39341,61
running,39368,39341,39368,27
sniffing,39655,39368,39655,287
stepping,39704,39655,39704,49
sniffing,39827,39704,39827,123
rising,39885,39827,39885,58
walking,39910,39885,39910,25
sniffing,40001,39910,40001,91
left_turning,40028,40001,40028,27
sniffing,40125,40028,40125,97
trotting,40181,40125,40181,56
walking,40238,40181,40238,57
rising,40291,40238,40291,53
rearing,40310,40291,40310,19
grooming,40311,40310,40311,1
rearing,40342,40311,40342,31
hunching,40446,40342,40446,104
left_turning,40497,40446,40497,51
sniffing,40538,40497,40538,41
climbing,40604,40538,40604,66
rearing,40605,40604,40605,1
grooming,40693,40605,40693,88
rising,40715,40693,40715,22
climbing,40911,40715,40911,196
left_turning,40944,40911,40944,33
hunching,40989,40944,40989,45
rearing,41061,40989,41061,72
sniffing,41069,41061,41069,8
grooming,41118,41069,41118,49
walking,41174,41118,41174,56
sniffing,41345,41174,41345,171
grooming,41524,41345,41524,179
stepping,41525,41524,41525,1
walking,41586,41525,41586,61
rising,41659,41586,41659,73
left_turning,41717,41659,41717,58
sniffing,41855,41717,41855,138
stepping,41876,41855,41876,21
walking,41962,41876,41962,86
sniffing,42076,41962,42076,114
rising,42095,42076,42095,19
walking,42118,42095,42118,23
sniffing,42279,42118,42279,161
stepping,42331,42279,42331,52
sniffing,42332,42331,42332,1
grooming,42423,42332,42423,91
rearing,42424,42423,42424,1
hunching,42430,42424,42430,6
rearing,42529,42430,42529,99
climbing,42674,42529,42674,145
walking,42701,42674,42701,27
sniffing,42740,42701,42740,39
trotting,42795,42740,42795,55
stepping,42852,42795,42852,57
sniffing,42853,42852,42853,1
grooming,42854,42853,42854,1
hunching,42935,42854,42935,81
rearing,42936,42935,42936,1
left_turning,42947,42936,42947,11
sniffing,43016,42947,43016,69
rising,43022,43016,43022,6
rearing,43087,43022,43087,65
left_turning,43164,43087,43164,77
trotting,43217,43164,43217,53
rearing,43307,43217,43307,90
left_turning,43308,43307,43308,1
walking,43309,43308,43309,1
sniffing,43340,43309,43340,31
grooming,43478,43340,43478,138
stepping,43521,43478,43521,43
walking,43555,43521,43555,34
climbing,43556,43555,43556,1
hunching,43566,43556,43566,10
rearing,43618,43566,43618,52
climbing,43619,43618,43619,1
trotting,43673,43619,43673,54
sniffing,43674,43673,43674,1
walking,43698,43674,43698,24
sniffing,43750,43698,43750,52
rising,43796,43750,43796,46
grooming,44134,43796,44134,338
walking,44196,44134,44196,62
sniffing,44243,44196,44243,47
grooming,44306,44243,44306,63
climbing,44355,44306,44355,49
sniffing,44356,44355,44356,1
rising,44375,44356,44375,19
right_turning,44395,44375,44395,20
sniffing,44448,44395,44448,53
rising,44476,44448,44476,28
grooming,44574,44476,44574,98
trotting,44591,44574,44591,17
sniffing,44657,44591,44657,66
stepping,44669,44657,44669,12
sniffing,44693,44669,44693,24
trotting,44735,44693,44735,42
rising,44781,44735,44781,46
sniffing,44923,44781,44923,142
pausing,45058,44923,45058,135
sniffing,45097,45058,45097,39
left_turning,45120,45097,45120,23
rising,45123,45120,45123,3
grooming,45297,45123,45297,174
rising,45332,45297,45332,35
climbing,45333,45332,45333,1
rearing,45390,45333,45390,57
grooming,45426,45390,45426,36
sniffing,45435,45426,45435,9
rising,45553,45435,45553,118
climbing,45635,45553,45635,82
grooming,45843,45635,45843,208
rising,45882,45843,45882,39
sniffing,45907,45882,45907,25
stepping,45952,45907,45952,45
walking,46028,45952,46028,76
trotting,46053,46028,46053,25
walking,46115,46053,46115,62
right_turning,46126,46115,46126,11
stepping,46165,46126,46165,39
sniffing,46259,46165,46259,94
rearing,46347,46259,46347,88
sniffing,46434,46347,46434,87
rising,46500,46434,46500,66
sniffing,46542,46500,46542,42
climbing,46544,46542,46544,2
right_turning,46545,46544,46545,1
climbing,46625,46545,46625,80
grooming,46658,46625,46658,33
scratching,46659,46658,46659,1
left_turning,46701,46659,46701,42
sniffing,46824,46701,46824,123
rearing,46929,46824,46929,105
rising,46945,46929,46945,16
sniffing,46946,46945,46946,1
walking,46978,46946,46978,32
sniffing,47104,46978,47104,126
walking,47303,47104,47303,199
trotting,47347,47303,47347,44
stepping,47395,47347,47395,48
sniffing,47478,47395,47478,83
stepping,47501,47478,47501,23
rising,47518,47501,47518,17
climbing,47602,47518,47602,84
rearing,47671,47602,47671,69
left_turning,47672,47671,47672,1
scratching,47673,47672,47673,1
grooming,47674,47673,47674,1
walking,47901,47674,47901,227
sniffing,48118,47901,48118,217
stepping,48174,48118,48174,56
rearing,48198,48174,48198,24
climbing,48224,48198,48224,26
grooming,48225,48224,48225,1
rearing,48378,48225,48378,153
sniffing,48428,48378,48428,50
running,48429,48428,48429,1
stepping,48475,48429,48475,46
sniffing,48476,48475,48476,1
climbing,48496,48476,48496,20
rising,48564,48496,48564,68
climbing,48587,48564,48587,23
rearing,48596,48587,48596,9
walking,48620,48596,48620,24
trotting,48646,48620,48646,26
stepping,48691,48646,48691,45
right_turning,48734,48691,48734,43
walking,48735,48734,48735,1
sniffing,48781,48735,48781,46
walking,48905,48781,48905,124
rising,48933,48905,48933,28
rearing,48961,48933,48961,28
climbing,48974,48961,48974,13
running,48996,48974,48996,22
sniffing,49018,48996,49018,22
walking,49081,49018,49081,63
trotting,49127,49081,49127,46
grooming,49337,49127,49337,210
running,49338,49337,49338,1
trotting,49368,49338,49368,30
sniffing,49382,49368,49382,14
rising,49387,49382,49387,5
grooming,49388,49387,49388,1
rising,49458,49388,49458,70
grooming,49470,49458,49470,12
hunching,49514,49470,49514,44
rearing,49584,49514,49584,70
climbing,49717,49584,49717,133
running,49727,49717,49727,10
stepping,49763,49727,49763,36
walking,49862,49763,49862,99
sniffing,49863,49862,49863,1
climbing,50010,49863,50010,147
rising,50051,50010,50051,41
grooming,50118,50051,50118,67
walking,50222,50118,50222,104
trotting,50250,50222,50250,28
walking,50251,50250,50251,1
stepping,50292,50251,50292,41
rearing,50301,50292,50301,9
climbing,50380,50301,50380,79
rearing,50381,50380,50381,1
walking,50412,50381,50412,31
stepping,50449,50412,50449,37
grooming,50625,50449,50625,176
running,50641,50625,50641,16
climbing,50719,50641,50719,78
rearing,50778,50719,50778,59
grooming,50888,50778,50888,110
rising,50912,50888,50912,24
grooming,51012,50912,51012,100
climbing,51023,51012,51023,11
right_turning,51066,51023,51066,43
walking,51067,51066,51067,1
left_turning,51112,51067,51112,45
walking,51141,51112,51141,29
sniffing,51181,51141,51181,40
running,51231,51181,51231,50
trotting,51242,51231,51242,11
sniffing,51243,51242,51243,1
stepping,51295,51243,51295,52
grooming,51408,51295,51408,113
walking,51525,51408,51525,117
rearing,51572,51525,51572,47
climbing,51615,51572,51615,43
grooming,51721,51615,51721,106
sniffing,51722,51721,51722,1
grooming,51754,51722,51754,32
rearing,51831,51754,51831,77
climbing,51930,51831,51930,99
trotting,51951,51930,51951,21
stepping,52005,51951,52005,54
walking,52070,52005,52070,65
sniffing,52135,52070,52135,65
rearing,52136,52135,52136,1
hunching,52200,52136,52200,64
grooming,52201,52200,52201,1
rearing,52202,52201,52202,1
grooming,52474,52202,52474,272
rearing,52508,52474,52508,34
climbing,52606,52508,52606,98
left_turning,52685,52606,52685,79
rising,52715,52685,52715,30
trotting,52759,52715,52759,44
walking,52806,52759,52806,47
stepping,52819,52806,52819,13
rearing,52820,52819,52820,1
walking,52838,52820,52838,18
stepping,52854,52838,52854,16
left_turning,52882,52854,52882,28
grooming,53208,52882,53208,326
rising,53209,53208,53209,1
grooming,53372,53209,53372,163
rising,53397,53372,53397,25
hunching,53427,53397,53427,30
sniffing,53590,53427,53590,163
climbing,53646,53590,53646,56
grooming,53681,53646,53681,35
left_turning,53682,53681,53682,1
walking,53743,53682,53743,61
stepping,53888,53743,53888,145
rising,53996,53888,53996,108
hunching,54102,53996,54102,106
grooming,54103,54102,54103,1
rising,54119,54103,54119,16
climbing,54181,54119,54181,62
trotting,54196,54181,54196,15
walking,54224,54196,54224,28
sniffing,54225,54224,54225,1
rearing,54250,54225,54250,25
left_turning,54315,54250,54315,65
grooming,54415,54315,54415,100
running,54440,54415,54440,25
stepping,54481,54440,54481,41
sniffing,54595,54481,54595,114
walking,54633,54595,54633,38
sniffing,54670,54633,54670,37
rising,54671,54670,54671,1
stepping,54735,54671,54735,64
sniffing,54774,54735,54774,39
left_turning,54863,54774,54863,89
grooming,54877,54863,54877,14
left_turning,54894,54877,54894,17
walking,54937,54894,54937,43
sniffing,54978,54937,54978,41
running,54998,54978,54998,20
left_turning,54999,54998,54999,1
walking,55066,54999,55066,67
sniffing,55132,55066,55132,66
grooming,55187,55132,55187,55
trotting,55212,55187,55212,25
sniffing,55327,55212,55327,115
walking,55371,55327,55371,44
sniffing,55385,55371,55385,14
left_turning,55391,55385,55391,6
rising,55435,55391,55435,44
climbing,55522,55435,55522,87
stepping,55578,55522,55578,56
rising,55596,55578,55596,18
grooming,55817,55596,55817,221
stepping,55867,55817,55867,50
walking,55935,55867,55935,68
sniffing,55944,55935,55944,9
right_turning,55962,55944,55962,18
sniffing,55963,55962,55963,1
right_turning,55985,55963,55985,22
walking,56025,55985,56025,40
rising,56026,56025,56026,1
rearing,56027,56026,56027,1
grooming,56211,56027,56211,184
sniffing,56212,56211,56212,1
walking,56283,56212,56283,71
stepping,56308,56283,56308,25
grooming,56573,56308,56573,265
sniffing,56584,56573,56584,11
walking,56609,56584,56609,25
sniffing,56777,56609,56777,168
walking,56778,56777,56778,1
sniffing,56779,56778,56779,1
walking,56803,56779,56803,24
right_turning,56814,56803,56814,11
running,56838,56814,56838,24
rising,56839,56838,56839,1
climbing,56861,56839,56861,22
rising,56893,56861,56893,32
climbing,56908,56893,56908,15
walking,56909,56908,56909,1
rising,56989,56909,56989,80
sniffing,57138,56989,57138,149
hunching,57173,57138,57173,35
rearing,57225,57173,57225,52
left_turning,57261,57225,57261,36
walking,57262,57261,57262,1
stepping,57310,57262,57310,48
sniffing,57375,57310,57375,65
rearing,57376,57375,57376,1
right_turning,57394,57376,57394,18
running,57420,57394,57420,26
stepping,57421,57420,57421,1
sniffing,57478,57421,57478,57
stepping,57505,57478,57505,27
walking,57536,57505,57536,31
sniffing,57537,57536,57537,1
rising,57538,57537,57538,1
climbing,57632,57538,57632,94
grooming,57633,57632,57633,1
right_turning,57637,57633,57637,4
climbing,57652,57637,57652,15
rising,57696,57652,57696,44
walking,57760,57696,57760,64
sniffing,57788,57760,57788,28
stepping,57833,57788,57833,45
sniffing,57933,57833,57933,100
walking,57978,57933,57978,45
rearing,58018,57978,58018,40
grooming,58019,58018,58019,1
stepping,58075,58019,58075,56
sniffing,58182,58075,58182,107
rearing,58300,58182,58300,118
climbing,58395,58300,58395,95
left_turning,58420,58395,58420,25
sniffing,58632,58420,58632,212
rearing,58677,58632,58677,45
stepping,58724,58677,58724,47
sniffing,58774,58724,58774,50
walking,58799,58774,58799,25
trotting,58821,58799,58821,22
walking,58868,58821,58868,47
trotting,58899,58868,58899,31
rising,58924,58899,58924,25
rearing,58994,58924,58994,70
walking,59058,58994,59058,64
stepping,59062,59058,59062,4
climbing,59132,59062,59132,70
rising,59175,59132,59175,43
grooming,59280,59175,59280,105
walking,59296,59280,59296,16
stepping,59301,59296,59301,5
sniffing,59309,59301,59309,8
stepping,59339,59309,59339,30
rising,59387,59339,59387,48
sniffing,59511,59387,59511,124
walking,59512,59511,59512,1
stepping,59559,59512,59559,47
left_turning,59565,59559,59565,6
walking,59660,59565,59660,95
trotting,59661,59660,59661,1
stepping,59737,59661,59737,76
sniffing,59948,59737,59948,211
grooming,60147,59948,60147,199
rearing,60191,60147,60191,44
climbing,60212,60191,60212,21
grooming,60213,60212,60213,1
rearing,60239,60213,60239,26
stepping,60250,60239,60250,11
grooming,60344,60250,60344,94
climbing,60593,60344,60593,249
walking,60634,60593,60634,41
rising,60710,60634,60710,76
left_turning,60727,60710,60727,17
walking,60746,60727,60746,19
stepping,60751,60746,60751,5
rearing,60756,60751,60756,5
grooming,60757,60756,60757,1
sniffing,60803,60757,60803,46
stepping,60810,60803,60810,7
sniffing,60811,60810,60811,1
stepping,60839,60811,60839,28
walking,60926,60839,60926,87
sniffing,60989,60926,60989,63
grooming,60990,60989,60990,1
scratching,60991,60990,60991,1
walking,61010,60991,61010,19
stepping,61052,61010,61052,42
sniffing,61149,61052,61149,97
rising,61156,61149,61156,7
sniffing,61180,61156,61180,24
stepping,61222,61180,61222,42
walking,61230,61222,61230,8
right_turning,61266,61230,61266,36
rising,61355,61266,61355,89
left_turning,61368,61355,61368,13
sniffing,61421,61368,61421,53
walking,61453,61421,61453,32
left_turning,61489,61453,61489,36
walking,61502,61489,61502,13
sniffing,61507,61502,61507,5
scratching,61508,61507,61508,1
sniffing,61551,61508,61551,43
rising,61552,61551,61552,1
climbing,61588,61552,61588,36
rising,61594,61588,61594,6
sniffing,61662,61594,61662,68
rearing,61772,61662,61772,110
sniffing,62000,61772,62000,228
right_turning,62017,62000,62017,17
rearing,62019,62017,62019,2
stepping,62020,62019,62020,1
walking,62128,62020,62128,108
trotting,62129,62128,62129,1
rearing,62283,62129,62283,154
grooming,62340,62283,62340,57
walking,62341,62340,62341,1
stepping,62397,62341,62397,56
rising,62423,62397,62423,26
hunching,62440,62423,62440,17
climbing,62441,62440,62441,1
stepping,62508,62441,62508,67
running,62512,62508,62512,4
climbing,62586,62512,62586,74
grooming,62587,62586,62587,1
hunching,62660,62587,62660,73
sniffing,62661,62660,62661,1
grooming,62670,62661,62670,9
right_turning,62726,62670,62726,56
sniffing,62797,62726,62797,71
grooming,62798,62797,62798,1
climbing,62817,62798,62817,19
left_turning,62841,62817,62841,24
grooming,62970,62841,62970,129
walking,63049,62970,63049,79
stepping,63102,63049,63102,53
sniffing,63108,63102,63108,6
rising,63123,63108,63123,15
climbing,63124,63123,63124,1
rearing,63139,63124,63139,15
rising,63166,63139,63166,27
climbing,63232,63166,63232,66
grooming,63370,63232,63370,138
left_turning,63399,63370,63399,29
rearing,63447,63399,63447,48
grooming,63448,63447,63448,1
left_turning,63510,63448,63510,62
trotting,63566,63510,63566,56
walking,63567,63566,63567,1
grooming,63568,63567,63568,1
hunching,63569,63568,63569,1
climbing,63676,63569,63676,107
rearing,63720,63676,63720,44
grooming,63721,63720,63721,1
rearing,63767,63721,63767,46
rising,63768,63767,63768,1
grooming,64631,63768,64631,863
right_turning,64633,64631,64633,2
stepping,64700,64633,64700,67
sniffing,64821,64700,64821,121
stepping,64836,64821,64836,15
trotting,64898,64836,64898,62
sniffing,65062,64898,65062,164
grooming,65063,65062,65063,1
rearing,65069,65063,65069,6
walking,65089,65069,65089,20
left_turning,65133,65089,65133,44
grooming,65217,65133,65217,84
sniffing,65218,65217,65218,1
right_turning,65266,65218,65266,48
walking,65289,65266,65289,23
stepping,65312,65289,65312,23
sniffing,65345,65312,65345,33
rising,65349,65345,65349,4
grooming,65459,65349,65459,110
scratching,65460,65459,65460,1
sniffing,65523,65460,65523,63
rearing,65524,65523,65524,1
left_turning,65558,65524,65558,34
walking,65607,65558,65607,49
sniffing,65656,65607,65656,49
left_turning,65680,65656,65680,24
running,65693,65680,65693,13
stepping,65740,65693,65740,47
rising,65741,65740,65741,1
grooming,66671,65741,66671,930
walking,66717,66671,66717,46
sniffing,66718,66717,66718,1
stepping,66748,66718,66748,30
climbing,66763,66748,66763,15
sniffing,66788,66763,66788,25
walking,66816,66788,66816,28
trotting,66817,66816,66817,1
sniffing,66875,66817,66875,58
walking,66982,66875,66982,107
sniffing,67100,66982,67100,118
stepping,67182,67100,67182,82
walking,67199,67182,67199,17
sniffing,67374,67199,67374,175
stepping,67437,67374,67437,63
sniffing,67438,67437,67438,1
trotting,67479,67438,67479,41
sniffing,67627,67479,67627,148
grooming,67629,67627,67629,2
climbing,67662,67629,67662,33
hunching,67731,67662,67731,69
grooming,68077,67731,68077,346
rearing,68130,68077,68130,53
grooming,68240,68130,68240,110
sniffing,68307,68240,68307,67
stepping,68370,68307,68370,63
rising,68379,68370,68379,9
grooming,68459,68379,68459,80
stepping,68484,68459,68484,25
sniffing,68485,68484,68485,1
stepping,68506,68485,68506,21
sniffing,68532,68506,68532,26
stepping,68592,68532,68592,60
rearing,68677,68592,68677,85
hunching,68723,68677,68723,46
grooming,68885,68723,68885,162
right_turning,68916,68885,68916,31
walking,68963,68916,68963,47
sniffing,68964,68963,68964,1
walking,68965,68964,68965,1
sniffing,69020,68965,69020,55
rearing,69233,69020,69233,213
grooming,69332,69233,69332,99
rising,69364,69332,69364,32
rearing,69365,69364,69365,1
climbing,69379,69365,69379,14
left_turning,69430,69379,69430,51
running,69451,69430,69451,21
trotting,69468,69451,69468,17
stepping,69489,69468,69489,21
walking,69501,69489,69501,12
rising,69688,69501,69688,187
walking,69698,69688,69698,10
rising,69737,69698,69737,39
trotting,69738,69737,69738,1
rearing,69820,69738,69820,82
walking,69941,69820,69941,121
trotting,69990,69941,69990,49
sniffing,70069,69990,70069,79
stepping,70106,70069,70106,37
climbing,70211,70106,70211,105
rearing,70263,70211,70263,52
hunching,70323,70263,70323,60
rearing,70337,70323,70337,14
grooming,70338,70337,70338,1
right_turning,70372,70338,70372,34
running,70416,70372,70416,44
sniffing,70590,70416,70590,174
climbing,70614,70590,70614,24
rising,70796,70614,70796,182
sniffing,70844,70796,70844,48
rising,70896,70844,70896,52
grooming,71279,70896,71279,383
rising,71334,71279,71334,55
sniffing,71414,71334,71414,80
stepping,71434,71414,71434,20
sniffing,71482,71434,71482,48
walking,71483,71482,71483,1
running,71505,71483,71505,22
stepping,71578,71505,71578,73
sniffing,71579,71578,71579,1
rising,71580,71579,71580,1
climbing,71634,71580,71634,54
left_turning,71664,71634,71664,30
grooming,71878,71664,71878,214
stepping,71945,71878,71945,67
rearing,72011,71945,72011,66
right_turning,72013,72011,72013,2
sniffing,72089,72013,72089,76
walking,72161,72089,72161,72
rearing,72162,72161,72162,1
climbing,72292,72162,72292,130
sniffing,72425,72292,72425,133
rearing,72427,72425,72427,2
hunching,72451,72427,72451,24
grooming,72628,72451,72628,177
sniffing,72671,72628,72671,43
left_turning,72764,72671,72764,93
stepping,72788,72764,72788,24
running,72811,72788,72811,23
climbing,72848,72811,72848,37
walking,72887,72848,72887,39
sniffing,72892,72887,72892,5
grooming,72893,72892,72893,1
rearing,72966,72893,72966,73
grooming,72968,72966,72968,2
walking,73060,72968,73060,92
grooming,73077,73060,73077,17
climbing,73132,73077,73132,55
grooming,73133,73132,73133,1
hunching,73291,73133,73291,158
rearing,73362,73291,73362,71
grooming,73429,73362,73429,67
scratching,73430,73429,73430,1
grooming,73431,73430,73431,1
rising,73436,73431,73436,5
stepping,73495,73436,73495,59
sniffing,73593,73495,73593,98
stepping,73650,73593,73650,57
sniffing,73691,73650,73691,41
walking,73692,73691,73692,1
stepping,73722,73692,73722,30
walking,73785,73722,73785,63
sniffing,73833,73785,73833,48
walking,73871,73833,73871,38
sniffing,73872,73871,73872,1
stepping,73888,73872,73888,16
sniffing,73889,73888,73889,1
walking,73957,73889,73957,68
sniffing,73992,73957,73992,35
right_turning,74010,73992,74010,18
walking,74035,74010,74035,25
rearing,74054,74035,74054,19
hunching,74057,74054,74057,3
grooming,74058,74057,74058,1
rearing,74088,74058,74088,30
left_turning,74174,74088,74174,86
walking,74200,74174,74200,26
stepping,74253,74200,74253,53
walking,74331,74253,74331,78
sniffing,74417,74331,74417,86
stepping,74453,74417,74453,36
climbing,74574,74453,74574,121
rearing,74619,74574,74619,45
grooming,74757,74619,74757,138
sniffing,74799,74757,74799,42
hunching,74872,74799,74872,73
grooming,74873,74872,74873,1
rising,74874,74873,74874,1
climbing,74939,74874,74939,65
running,74953,74939,74953,14
trotting,74995,74953,74995,42
rearing,74996,74995,74996,1
stepping,75082,74996,75082,86
sniffing,75185,75082,75185,103
rising,75213,75185,75213,28
rearing,75254,75213,75254,41
climbing,75320,75254,75320,66
trotting,75324,75320,75324,4
right_turning,75359,75324,75359,35
walking,75420,75359,75420,61
stepping,75424,75420,75424,4
right_turning,75476,75424,75476,52
rising,75534,75476,75534,58
left_turning,75564,75534,75564,30
scratching,75565,75564,75565,1
walking,75589,75565,75589,24
stepping,75623,75589,75623,34
sniffing,75829,75623,75829,206
stepping,75872,75829,75872,43
walking,75887,75872,75887,15
stepping,75890,75887,75890,3
walking,75954,75890,75954,64
sniffing,75958,75954,75958,4
stepping,75993,75958,75993,35
walking,75994,75993,75994,1
stepping,76047,75994,76047,53
rearing,76127,76047,76127,80
grooming,76232,76127,76232,105
sniffing,76386,76232,76386,154
grooming,76445,76386,76445,59
rising,76482,76445,76482,37
climbing,76559,76482,76559,77
left_turning,76611,76559,76611,52
stepping,76642,76611,76642,31
walking,76680,76642,76680,38
sniffing,76781,76680,76781,101
hunching,76838,76781,76838,57
rearing,76839,76838,76839,1
grooming,76840,76839,76840,1
scratching,76841,76840,76841,1
grooming,77011,76841,77011,170
walking,77045,77011,77045,34
sniffing,77069,77045,77069,24
walking,77140,77069,77140,71
trotting,77192,77140,77192,52
walking,77249,77192,77249,57
stepping,77287,77249,77287,38
rearing,77288,77287,77288,1
grooming,77519,77288,77519,231
rearing,77520,77519,77520,1
sniffing,77529,77520,77529,9
right_turning,77530,77529,77530,1
sniffing,77576,77530,77576,46
left_turning,77611,77576,77611,35
stepping,77627,77611,77627,16
sniffing,77682,77627,77682,55
walking,77759,77682,77759,77
hunching,77764,77759,77764,5
grooming,77817,77764,77817,53
rising,77836,77817,77836,19
walking,77855,77836,77855,19
climbing,77955,77855,77955,100
left_turning,77998,77955,77998,43
sniffing,78037,77998,78037,39
left_turning,78097,78037,78097,60
sniffing,78098,78097,78098,1
left_turning,78116,78098,78116,18
walking,78137,78116,78137,21
sniffing,78169,78137,78169,32
stepping,78178,78169,78178,9
sniffing,78260,78178,78260,82
climbing,78283,78260,78283,23
grooming,78406,78283,78406,123
sniffing,78452,78406,78452,46
walking,78533,78452,78533,81
sniffing,78606,78533,78606,73
grooming,78895,78606,78895,289
left_turning,78940,78895,78940,45
rising,78941,78940,78941,1
sniffing,78942,78941,78942,1
rearing,78943,78942,78943,1
grooming,78944,78943,78944,1
sniffing,79026,78944,79026,82
stepping,79035,79026,79035,9
sniffing,79082,79035,79082,47
right_turning,79108,79082,79108,26
walking,79189,79108,79189,81
climbing,79215,79189,79215,26
right_turning,79248,79215,79248,33
sniffing,79325,79248,79325,77
climbing,79383,79325,79383,58
trotting,79418,79383,79418,35
walking,79477,79418,79477,59
sniffing,79551,79477,79551,74
grooming,80149,79551,80149,598
walking,80196,80149,80196,47
trotting,80244,80196,80244,48
grooming,80245,80244,80245,1
sniffing,80323,80245,80323,78
rearing,80324,80323,80324,1
grooming,80372,80324,80372,48
hunching,80392,80372,80392,20
left_turning,80393,80392,80393,1
sniffing,80394,80393,80394,1
rising,80431,80394,80431,37
climbing,80473,80431,80473,42
stepping,80518,80473,80518,45
walking,80549,80518,80549,31
sniffing,80601,80549,80601,52
right_turning,80628,80601,80628,27
stepping,80666,80628,80666,38
sniffing,80697,80666,80697,31
walking,80787,80697,80787,90
sniffing,80841,80787,80841,54
walking,80943,80841,80943,102
sniffing,80979,80943,80979,36
right_turning,80980,80979,80980,1
sniffing,81008,80980,81008,28
walking,81055,81008,81055,47
rising,81074,81055,81074,19
stepping,81140,81074,81140,66
walking,81216,81140,81216,76
stepping,81256,81216,81256,40
trotting,81275,81256,81275,19
walking,81345,81275,81345,70
sniffing,81571,81345,81571,226
walking,81611,81571,81611,40
sniffing,81647,81611,81647,36
stepping,81687,81647,81687,40
walking,81742,81687,81742,55
trotting,81757,81742,81757,15
walking,81839,81757,81839,82
grooming,81840,81839,81840,1
rearing,81905,81840,81905,65
climbing,81994,81905,81994,89
grooming,82279,81994,82279,285
sniffing,82355,82279,82355,76
rising,82371,82355,82371,16
grooming,82744,82371,82744,373
rising,82749,82744,82749,5
climbing,82785,82749,82785,36
rearing,82786,82785,82786,1
grooming,83039,82786,83039,253
rearing,83097,83039,83097,58
grooming,83238,83097,83238,141
left_turning,83248,83238,83248,10
rearing,83303,83248,83303,55
walking,83349,83303,83349,46
rising,83389,83349,83389,40
climbing,83416,83389,83416,27
grooming,83417,83416,83417,1
walking,83532,83417,83532,115
sniffing,83555,83532,83555,23
rising,83575,83555,83575,20
sniffing,83686,83575,83686,111
walking,83767,83686,83767,81
rising,83780,83767,83780,13
sniffing,83838,83780,83838,58
grooming,84229,83838,84229,391
rearing,84320,84229,84320,91
climbing,84375,84320,84375,55
walking,84423,84375,84423,48
sniffing,84618,84423,84618,195
rising,84699,84618,84699,81
climbing,84856,84699,84856,157
rearing,84857,84856,84857,1
climbing,84944,84857,84944,87
right_turning,84945,84944,84945,1
sniffing,84946,84945,84946,1
scratching,84947,84946,84947,1
sniffing,85129,84947,85129,182
rearing,85143,85129,85143,14
grooming,85178,85143,85178,35
sniffing,85179,85178,85179,1
trotting,85220,85179,85220,41
sniffing,85373,85220,85373,153
walking,85375,85373,85375,2
sniffing,85376,85375,85376,1
walking,85416,85376,85416,40
sniffing,85417,85416,85417,1
stepping,85454,85417,85454,37
sniffing,85599,85454,85599,145
walking,85615,85599,85615,16
rising,85658,85615,85658,43
left_turning,85699,85658,85699,41
stepping,85727,85699,85727,28
climbing,85779,85727,85779,52
walking,85833,85779,85833,54
rearing,85920,85833,85920,87
rising,85964,85920,85964,44
rearing,85995,85964,85995,31
rising,85996,85995,85996,1
sniffing,86132,85996,86132,136
rearing,86133,86132,86133,1
stepping,86197,86133,86197,64
rearing,86198,86197,86198,1
hunching,86313,86198,86313,115
grooming,86314,86313,86314,1
scratching,86315,86314,86315,1
sniffing,86378,86315,86378,63
stepping,86401,86378,86401,23
sniffing,86425,86401,86425,24
walking,86533,86425,86533,108
stepping,86555,86533,86555,22
sniffing,86596,86555,86596,41
right_turning,86623,86596,86623,27
walking,86660,86623,86660,37
rising,86738,86660,86738,78
rearing,86812,86738,86812,74
climbing,86860,86812,86860,48
walking,86933,86860,86933,73
sniffing,87001,86933,87001,68
rising,87022,87001,87022,21
rearing,87023,87022,87023,1
climbing,87218,87023,87218,195
right_turning,87220,87218,87220,2
walking,87332,87220,87332,112
grooming,87670,87332,87670,338
rearing,87677,87670,87677,7
grooming,87756,87677,87756,79
climbing,87823,87756,87823,67
running,87824,87823,87824,1
right_turning,87847,87824,87847,23
grooming,87900,87847,87900,53
rising,87981,87900,87981,81
left_turning,87990,87981,87990,9
stepping,88051,87990,88051,61
sniffing,88190,88051,88190,139
walking,88191,88190,88191,1
sniffing,88424,88191,88424,233
jumping,88478,88424,88478,54
left_turning,88552,88478,88552,74
climbing,88601,88552,88601,49
left_turning,88665,88601,88665,64
stepping,88693,88665,88693,28
sniffing,88756,88693,88756,63
trotting,88769,88756,88769,13
sniffing,88804,88769,88804,35
rising,88832,88804,88832,28
climbing,88877,88832,88877,45
left_turning,88895,88877,88895,18
sniffing,89122,88895,89122,227
stepping,89164,89122,89164,42
sniffing,89391,89164,89391,227
grooming,89458,89391,89458,67
hunching,89459,89458,89459,1
grooming,89460,89459,89460,1
sniffing,89461,89460,89461,1
walking,89466,89461,89466,5
left_turning,89473,89466,89473,7
sniffing,89520,89473,89520,47
stepping,89582,89520,89582,62
walking,89604,89582,89604,22
sniffing,89605,89604,89605,1
hunching,89606,89605,89606,1
stepping,89649,89606,89649,43
walking,89713,89649,89713,64
rising,89744,89713,89744,31
sniffing,89745,89744,89745,1
left_turning,89830,89745,89830,85
rising,89903,89830,89903,73
rearing,90067,89903,90067,164
trotting,90111,90067,90111,44
sniffing,90233,90111,90233,122
stepping,90241,90233,90241,8
rearing,90301,90241,90301,60
grooming,90302,90301,90302,1
stepping,90317,90302,90317,15
walking,90404,90317,90404,87
sniffing,90453,90404,90453,49
walking,90475,90453,90475,22
left_turning,90543,90475,90543,68
sniffing,90657,90543,90657,114
rising,90732,90657,90732,75
climbing,90788,90732,90788,56
walking,90805,90788,90805,17
running,90832,90805,90832,27
climbing,90901,90832,90901,69
left_turning,90902,90901,90902,1
sniffing,91023,90902,91023,121
grooming,91380,91023,91380,357
sniffing,91574,91380,91574,194
stepping,91575,91574,91575,1
scratching,91576,91575,91576,1
grooming,91577,91576,91577,1
rearing,91584,91577,91584,7
climbing,91724,91584,91724,140
rearing,91725,91724,91725,1
hunching,91757,91725,91757,32
rearing,91885,91757,91885,128
climbing,91886,91885,91886,1
grooming,92175,91886,92175,289
sniffing,92237,92175,92237,62
walking,92238,92237,92238,1
climbing,92347,92238,92347,109
trotting,92379,92347,92379,32
walking,92455,92379,92455,76
sniffing,92479,92455,92479,24
grooming,92651,92479,92651,172
hunching,92696,92651,92696,45
rearing,92736,92696,92736,40
sniffing,92834,92736,92834,98
rearing,92902,92834,92902,68
climbing,92962,92902,92962,60
rearing,92963,92962,92963,1
rising,92987,92963,92987,24
grooming,93031,92987,93031,44
rising,93067,93031,93067,36
climbing,93230,93067,93230,163
sniffing,93289,93230,93289,59
rising,93355,93289,93355,66
grooming,93356,93355,93356,1
right_turning,93405,93356,93405,49
stepping,93416,93405,93416,11
trotting,93446,93416,93446,30
rising,93533,93446,93533,87
sniffing,93614,93533,93614,81
rising,93645,93614,93645,31
left_turning,93685,93645,93685,40
sniffing,93792,93685,93792,107
trotting,93839,93792,93839,47
walking,93884,93839,93884,45
grooming,94090,93884,94090,206
walking,94128,94090,94128,38
sniffing,94158,94128,94158,30
walking,94206,94158,94206,48
sniffing,94292,94206,94292,86
rising,94324,94292,94324,32
left_turning,94325,94324,94325,1
sniffing,94636,94325,94636,311
stepping,94744,94636,94744,108
sniffing,94750,94744,94750,6
climbing,94809,94750,94809,59
rearing,94810,94809,94810,1
hunching,94811,94810,94811,1
rearing,94886,94811,94886,75
rising,94990,94886,94990,104
grooming,94991,94990,94991,1
rearing,95040,94991,95040,49
climbing,95133,95040,95133,93
rising,95134,95133,95134,1
trotting,95178,95134,95178,44
sniffing,95253,95178,95253,75
right_turning,95301,95253,95301,48
climbing,95356,95301,95356,55
walking,95408,95356,95408,52
sniffing,95409,95408,95409,1
stepping,95470,95409,95470,61
jumping,95475,95470,95475,5
walking,95506,95475,95506,31
sniffing,95507,95506,95507,1
rising,95608,95507,95608,101
left_turning,95629,95608,95629,21
trotting,95659,95629,95659,30
walking,95736,95659,95736,77
sniffing,95737,95736,95737,1
stepping,95762,95737,95762,25
sniffing,95883,95762,95883,121
walking,95897,95883,95897,14
sniffing,95898,95897,95898,1
walking,95940,95898,95940,42
sniffing,96095,95940,96095,155
rearing,96213,96095,96213,118
rising,96264,96213,96264,51
grooming,96331,96264,96331,67
trotting,96343,96331,96343,12
grooming,96477,96343,96477,134
stepping,96503,96477,96503,26
walking,96523,96503,96523,20
sniffing,96524,96523,96524,1
rearing,96525,96524,96525,1
running,96539,96525,96539,14
trotting,96553,96539,96553,14
stepping,96557,96553,96557,4
sniffing,96584,96557,96584,27
trotting,96630,96584,96630,46
stepping,96683,96630,96683,53
left_turning,96711,96683,96711,28
hunching,96818,96711,96818,107
rearing,96833,96818,96833,15
grooming,96863,96833,96863,30
sniffing,96864,96863,96864,1
trotting,96895,96864,96895,31
sniffing,96933,96895,96933,38
stepping,97013,96933,97013,80
trotting,97078,97013,97078,65
walking,97079,97078,97079,1
sniffing,97140,97079,97140,61
stepping,97153,97140,97153,13
sniffing,97278,97153,97278,125
rearing,97316,97278,97316,38
stepping,97356,97316,97356,40
rising,97481,97356,97481,125
walking,97519,97481,97519,38
running,97554,97519,97554,35
sniffing,97934,97554,97934,380
rising,97944,97934,97944,10
climbing,97971,97944,97971,27
walking,98004,97971,98004,33
stepping,98009,98004,98009,5
rising,98056,98009,98056,47
climbing,98164,98056,98164,108
stepping,98198,98164,98198,34
walking,98226,98198,98226,28
sniffing,98254,98226,98254,28
rising,98255,98254,98255,1
grooming,98256,98255,98256,1
rearing,98257,98256,98257,1
sniffing,98258,98257,98258,1
rising,98321,98258,98321,63
hunching,98355,98321,98355,34
stepping,98404,98355,98404,49
sniffing,98439,98404,98439,35
rising,98476,98439,98476,37
left_turning,98525,98476,98525,49
rising,98530,98525,98530,5
grooming,98844,98530,98844,314
rearing,98931,98844,98931,87
stepping,98992,98931,98992,61
climbing,99001,98992,99001,9
rising,99061,99001,99061,60
rearing,99062,99061,99062,1
sniffing,99063,99062,99063,1
left_turning,99140,99063,99140,77
rearing,99141,99140,99141,1
grooming,99537,99141,99537,396
rearing,99538,99537,99538,1
rising,99605,99538,99605,67
left_turning,99682,99605,99682,77
stepping,99729,99682,99729,47
rearing,99761,99729,99761,32
grooming,99951,99761,99951,190
hunching,100001,99951,100001,50
rearing,100040,100001,100040,39
grooming,100041,100040,100041,1
rearing,100073,100041,100073,32
grooming,100315,100073,100315,242
hunching,100361,100315,100361,46
rearing,100362,100361,100362,1
stepping,100453,100362,100453,91
trotting,100470,100453,100470,17
stepping,100503,100470,100503,33
rising,100504,100503,100504,1
climbing,100627,100504,100627,123
rising,100647,100627,100647,20
rearing,100849,100647,100849,202
rising,100850,100849,100850,1
climbing,100955,100850,100955,105
walking,101049,100955,101049,94
stepping,101072,101049,101072,23
sniffing,101136,101072,101136,64
walking,101231,101136,101231,95
sniffing,101366,101231,101366,135
stepping,101423,101366,101423,57
walking,101492,101423,101492,69
sniffing,101680,101492,101680,188
rising,101777,101680,101777,97
climbing,101918,101777,101918,141
rearing,102051,101918,102051,133
hunching,102091,102051,102091,40
grooming,102092,102091,102092,1
climbing,102123,102092,102123,31
grooming,102128,102123,102128,5
rearing,102158,102128,102158,30
hunching,102159,102158,102159,1
rising,102174,102159,102174,15
sniffing,102217,102174,102217,43
grooming,102525,102217,102525,308
hunching,102624,102525,102624,99
left_turning,102625,102624,102625,1
rearing,102626,102625,102626,1
stepping,102667,102626,102667,41
left_turning,102697,102667,102697,30
walking,102739,102697,102739,42
stepping,102740,102739,102740,1
sniffing,102772,102740,102772,32
rising,102843,102772,102843,71
grooming,103119,102843,103119,276
hunching,103126,103119,103126,7
grooming,103538,103126,103538,412
rearing,103543,103538,103543,5
scratching,103544,103543,103544,1
grooming,103777,103544,103777,233
scratching,103778,103777,103778,1
sniffing,104057,103778,104057,279
climbing,104326,104057,104326,269
rising,104360,104326,104360,34
grooming,104676,104360,104676,316
rearing,104709,104676,104709,33
grooming,104810,104709,104810,101
walking,104811,104810,104811,1
rising,104851,104811,104851,40
grooming,105252,104851,105252,401
stepping,105277,105252,105277,25
trotting,105333,105277,105333,56
climbing,105334,105333,105334,1
rearing,105401,105334,105401,67
grooming,105623,105401,105623,222
climbing,105946,105623,105946,323
rearing,106078,105946,106078,132
sniffing,106156,106078,106156,78
rearing,106203,106156,106203,47
left_turning,106218,106203,106218,15
trotting,106247,106218,106247,29
walking,106280,106247,106280,33
rearing,106356,106280,106356,76
rising,106407,106356,106407,51
climbing,106521,106407,106521,114
trotting,106548,106521,106548,27
stepping,106561,106548,106561,13
sniffing,106788,106561,106788,227
stepping,106839,106788,106839,51
walking,106881,106839,106881,42
sniffing,106882,106881,106882,1
left_turning,106883,106882,106883,1
walking,106912,106883,106912,29
jumping,106913,106912,106913,1
rearing,107025,106913,107025,112
grooming,107026,107025,107026,1
sniffing,107264,107026,107264,238
rising,107398,107264,107398,134
sniffing,107470,107398,107470,72
grooming,107471,107470,107471,1
climbing,107522,107471,107522,51
rearing,107603,107522,107603,81
stepping,107604,107603,107604,1
rising,107661,107604,107661,57
grooming,107861,107661,107861,200
rearing,108000,107861,108000,139
