revised_movement_label,segBoundary,segBoundary_start,segBoundary_end,length
sniffing,75,0,75,75
rising,113,75,113,38
trotting,155,113,155,42
stepping,175,155,175,20
sniffing,262,175,262,87
grooming,490,262,490,228
walking,491,490,491,1
sniffing,578,491,578,87
right_turning,579,578,579,1
rising,631,579,631,52
walking,707,631,707,76
sniffing,1213,707,1213,506
walking,1245,1213,1245,32
sniffing,1324,1245,1324,79
rising,1379,1324,1379,55
rearing,1453,1379,1453,74
stepping,1476,1453,1476,23
running,1497,1476,1497,21
trotting,1545,1497,1545,48
walking,1578,1545,1578,33
trotting,1633,1578,1633,55
walking,1718,1633,1718,85
trotting,1735,1718,1735,17
walking,1773,1735,1773,38
stepping,1835,1773,1835,62
sniffing,1954,1835,1954,119
stepping,1972,1954,1972,18
sniffing,2125,1972,2125,153
stepping,2160,2125,2160,35
trotting,2211,2160,2211,51
walking,2246,2211,2246,35
sniffing,2258,2246,2258,12
trotting,2315,2258,2315,57
walking,2495,2315,2495,180
sniffing,2496,2495,2496,1
stepping,2539,2496,2539,43
walking,2724,2539,2724,185
running,2767,2724,2767,43
stepping,2813,2767,2813,46
walking,2831,2813,2831,18
sniffing,2879,2831,2879,48
rising,2925,2879,2925,46
grooming,3089,2925,3089,164
walking,3138,3089,3138,49
left_turning,3157,3138,3157,19
stepping,3197,3157,3197,40
walking,3276,3197,3276,79
stepping,3352,3276,3352,76
rising,3403,3352,3403,51
grooming,3404,3403,3404,1
rearing,3405,3404,3405,1
grooming,3563,3405,3563,158
rearing,3642,3563,3642,79
hunching,3643,3642,3643,1
rising,3653,3643,3653,10
left_turning,3655,3653,3655,2
walking,3675,3655,3675,20
stepping,3686,3675,3686,11
sniffing,3792,3686,3792,106
walking,3814,3792,3814,22
sniffing,3838,3814,3838,24
grooming,3956,3838,3956,118
climbing,4013,3956,4013,57
hunching,4045,4013,4045,32
grooming,4160,4045,4160,115
left_turning,4161,4160,4161,1
stepping,4177,4161,4177,16
rising,4226,4177,4226,49
walking,4295,4226,4295,69
trotting,4312,4295,4312,17
walking,4355,4312,4355,43
sniffing,4729,4355,4729,374
walking,4756,4729,4756,27
sniffing,4868,4756,4868,112
walking,4919,4868,4919,51
sniffing,4972,4919,4972,53
walking,4985,4972,4985,13
stepping,5005,4985,5005,20
right_turning,5026,5005,5026,21
stepping,5082,5026,5082,56
walking,5162,5082,5162,80
rising,5164,5162,5164,2
right_turning,5165,5164,5165,1
sniffing,5222,5165,5222,57
rising,5259,5222,5259,37
walking,5303,5259,5303,44
sniffing,5337,5303,5337,34
hunching,5338,5337,5338,1
grooming,5367,5338,5367,29
walking,5439,5367,5439,72
stepping,5474,5439,5474,35
sniffing,5599,5474,5599,125
rising,5648,5599,5648,49
sniffing,5656,5648,5656,8
rising,5657,5656,5657,1
running,5664,5657,5664,7
trotting,5716,5664,5716,52
walking,5741,5716,5741,25
sniffing,5931,5741,5931,190
stepping,5969,5931,5969,38
rising,5977,5969,5977,8
rearing,6011,5977,6011,34
hunching,6028,6011,6028,17
rearing,6063,6028,6063,35
rising,6104,6063,6104,41
walking,6129,6104,6129,25
stepping,6148,6129,6148,19
sniffing,6244,6148,6244,96
rising,6245,6244,6245,1
sniffing,6246,6245,6246,1
grooming,6298,6246,6298,52
left_turning,6315,6298,6315,17
stepping,6358,6315,6358,43
rearing,6359,6358,6359,1
sniffing,6381,6359,6381,22
stepping,6394,6381,6394,13
trotting,6472,6394,6472,78
walking,6477,6472,6477,5
trotting,6518,6477,6518,41
running,6548,6518,6548,30
trotting,6592,6548,6592,44
rising,6683,6592,6683,91
sniffing,6714,6683,6714,31
rising,6777,6714,6777,63
sniffing,6801,6777,6801,24
rearing,6810,6801,6810,9
hunching,6827,6810,6827,17
grooming,7116,6827,7116,289
scratching,7117,7116,7117,1
sniffing,7165,7117,7165,48
rising,7166,7165,7166,1
sniffing,7201,7166,7201,35
walking,7249,7201,7249,48
sniffing,7358,7249,7358,109
rising,7386,7358,7386,28
sniffing,7387,7386,7387,1
stepping,7421,7387,7421,34
sniffing,7649,7421,7649,228
walking,7709,7649,7709,60
stepping,7801,7709,7801,92
rising,7802,7801,7802,1
rearing,7809,7802,7809,7
right_turning,7839,7809,7839,30
sniffing,7857,7839,7857,18
right_turning,7869,7857,7869,12
walking,7906,7869,7906,37
rising,7952,7906,7952,46
stepping,8047,7952,8047,95
sniffing,8050,8047,8050,3
walking,8067,8050,8067,17
sniffing,8116,8067,8116,49
left_turning,8135,8116,8135,19
sniffing,8136,8135,8136,1
stepping,8145,8136,8145,9
sniffing,8146,8145,8146,1
walking,8213,8146,8213,67
stepping,8231,8213,8231,18
walking,8284,8231,8284,53
sniffing,8336,8284,8336,52
stepping,8357,8336,8357,21
walking,8420,8357,8420,63
stepping,8467,8420,8467,47
walking,8513,8467,8513,46
stepping,8515,8513,8515,2
walking,8635,8515,8635,120
hunching,8661,8635,8661,26
grooming,8761,8661,8761,100
rising,8796,8761,8796,35
rearing,8861,8796,8861,65
right_turning,8893,8861,8893,32
stepping,8954,8893,8954,61
sniffing,9061,8954,9061,107
stepping,9079,9061,9079,18
sniffing,9080,9079,9080,1
walking,9105,9080,9105,25
sniffing,9252,9105,9252,147
grooming,9566,9252,9566,314
sniffing,9588,9566,9588,22
running,9605,9588,9605,17
stepping,9616,9605,9616,11
climbing,9686,9616,9686,70
grooming,9687,9686,9687,1
left_turning,9750,9687,9750,63
stepping,9794,9750,9794,44
rising,9804,9794,9804,10
left_turning,9832,9804,9832,28
stepping,9903,9832,9903,71
walking,9904,9903,9904,1
sniffing,9950,9904,9950,46
rising,9985,9950,9985,35
stepping,10021,9985,10021,36
trotting,10079,10021,10079,58
walking,10143,10079,10143,64
stepping,10193,10143,10193,50
climbing,10218,10193,10218,25
grooming,10344,10218,10344,126
scratching,10345,10344,10345,1
sniffing,10450,10345,10450,105
stepping,10451,10450,10451,1
sniffing,10484,10451,10484,33
grooming,10485,10484,10485,1
sniffing,10544,10485,10544,59
left_turning,10563,10544,10563,19
walking,10564,10563,10564,1
climbing,10645,10564,10645,81
grooming,10651,10645,10651,6
sniffing,10755,10651,10755,104
grooming,10756,10755,10756,1
rising,10895,10756,10895,139
sniffing,10967,10895,10967,72
walking,11065,10967,11065,98
trotting,11101,11065,11101,36
rising,11102,11101,11102,1
rearing,11129,11102,11129,27
hunching,11135,11129,11135,6
grooming,11213,11135,11213,78
climbing,11315,11213,11315,102
walking,11316,11315,11316,1
stepping,11331,11316,11331,15
sniffing,11343,11331,11343,12
climbing,11444,11343,11444,101
sniffing,11489,11444,11489,45
rising,11546,11489,11546,57
climbing,11584,11546,11584,38
left_turning,11621,11584,11621,37
climbing,11652,11621,11652,31
grooming,11777,11652,11777,125
sniffing,11831,11777,11831,54
left_turning,11845,11831,11845,14
walking,11858,11845,11858,13
sniffing,11868,11858,11868,10
rearing,11909,11868,11909,41
climbing,12025,11909,12025,116
grooming,12144,12025,12144,119
left_turning,12180,12144,12180,36
walking,12192,12180,12192,12
running,12247,12192,12247,55
rearing,12248,12247,12248,1
grooming,12249,12248,12249,1
hunching,12278,12249,12278,29
sniffing,12377,12278,12377,99
left_turning,12394,12377,12394,17
sniffing,12502,12394,12502,108
stepping,12537,12502,12537,35
grooming,12567,12537,12567,30
rearing,12616,12567,12616,49
rising,12648,12616,12648,32
grooming,12744,12648,12744,96
sniffing,12745,12744,12745,1
walking,12821,12745,12821,76
rearing,12896,12821,12896,75
grooming,13004,12896,13004,108
left_turning,13005,13004,13005,1
stepping,13019,13005,13019,14
trotting,13077,13019,13077,58
sniffing,13133,13077,13133,56
rising,13198,13133,13198,65
sniffing,13260,13198,13260,62
walking,13345,13260,13345,85
sniffing,13403,13345,13403,58
stepping,13446,13403,13446,43
sniffing,13469,13446,13469,23
rising,13546,13469,13546,77
scratching,13547,13546,13547,1
sniffing,13556,13547,13556,9
grooming,13639,13556,13639,83
sniffing,13650,13639,13650,11
walking,13653,13650,13653,3
running,13681,13653,13681,28
trotting,13705,13681,13705,24
running,13760,13705,13760,55
left_turning,13816,13760,13816,56
sniffing,13957,13816,13957,141
rising,13989,13957,13989,32
stepping,14038,13989,14038,49
rearing,14102,14038,14102,64
grooming,14279,14102,14279,177
rising,14295,14279,14295,16
grooming,14590,14295,14590,295
right_turning,14591,14590,14591,1
rising,14669,14591,14669,78
stepping,14697,14669,14697,28
running,14742,14697,14742,45
stepping,14824,14742,14824,82
rising,14831,14824,14831,7
sniffing,15000,14831,15000,169
rising,15062,15000,15062,62
rearing,15073,15062,15073,11
hunching,15078,15073,15078,5
rearing,15079,15078,15079,1
grooming,15143,15079,15143,64
right_turning,15144,15143,15144,1
trotting,15205,15144,15205,61
stepping,15207,15205,15207,2
left_turning,15259,15207,15259,52
grooming,15291,15259,15291,32
stepping,15310,15291,15310,19
right_turning,15316,15310,15316,6
rising,15363,15316,15363,47
walking,15384,15363,15384,21
sniffing,15420,15384,15420,36
walking,15437,15420,15437,17
grooming,15539,15437,15539,102
left_turning,15540,15539,15540,1
sniffing,15541,15540,15541,1
left_turning,15622,15541,15622,81
running,15639,15622,15639,17
rising,15790,15639,15790,151
climbing,15867,15790,15867,77
left_turning,15890,15867,15890,23
trotting,15902,15890,15902,12
walking,15925,15902,15925,23
stepping,15944,15925,15944,19
trotting,15963,15944,15963,19
sniffing,16010,15963,16010,47
climbing,16066,16010,16066,56
trotting,16109,16066,16109,43
rising,16125,16109,16125,16
walking,16162,16125,16162,37
rising,16219,16162,16219,57
walking,16271,16219,16271,52
sniffing,16312,16271,16312,41
walking,16335,16312,16335,23
stepping,16373,16335,16373,38
sniffing,16430,16373,16430,57
grooming,16431,16430,16431,1
stepping,16450,16431,16450,19
walking,16512,16450,16512,62
rising,16525,16512,16525,13
climbing,16717,16525,16717,192
grooming,16752,16717,16752,35
rearing,16829,16752,16829,77
right_turning,16832,16829,16832,3
trotting,16833,16832,16833,1
sniffing,16855,16833,16855,22
running,16877,16855,16877,22
rising,16924,16877,16924,47
walking,17014,16924,17014,90
rising,17015,17014,17015,1
rearing,17045,17015,17045,30
grooming,17177,17045,17177,132
running,17198,17177,17198,21
trotting,17262,17198,17262,64
sniffing,17279,17262,17279,17
right_turning,17325,17279,17325,46
trotting,17390,17325,17390,65
grooming,17397,17390,17397,7
rearing,17420,17397,17420,23
sniffing,17483,17420,17483,63
stepping,17512,17483,17512,29
walking,17527,17512,17527,15
stepping,17581,17527,17581,54
sniffing,17582,17581,17582,1
left_turning,17587,17582,17587,5
trotting,17634,17587,17634,47
sniffing,17699,17634,17699,65
stepping,17723,17699,17723,24
sniffing,17751,17723,17751,28
walking,17801,17751,17801,50
stepping,17884,17801,17884,83
walking,17949,17884,17949,65
sniffing,17978,17949,17978,29
stepping,18003,17978,18003,25
grooming,18004,18003,18004,1
climbing,18008,18004,18008,4
grooming,18365,18008,18365,357
sniffing,18366,18365,18366,1
walking,18400,18366,18400,34
left_turning,18460,18400,18460,60
grooming,18512,18460,18512,52
walking,18570,18512,18570,58
hunching,18584,18570,18584,14
grooming,18691,18584,18691,107
rearing,18785,18691,18785,94
hunching,18865,18785,18865,80
rising,18921,18865,18921,56
climbing,18924,18921,18924,3
stepping,18990,18924,18990,66
walking,19096,18990,19096,106
stepping,19116,19096,19116,20
sniffing,19167,19116,19167,51
rising,19171,19167,19171,4
climbing,19190,19171,19190,19
grooming,19225,19190,19225,35
rearing,19259,19225,19259,34
walking,19260,19259,19260,1
rising,19286,19260,19286,26
rearing,19331,19286,19331,45
trotting,19372,19331,19372,41
sniffing,19470,19372,19470,98
stepping,19549,19470,19549,79
walking,19601,19549,19601,52
sniffing,19602,19601,19602,1
grooming,19770,19602,19770,168
hunching,19776,19770,19776,6
left_turning,19829,19776,19829,53
sniffing,19945,19829,19945,116
stepping,19953,19945,19953,8
sniffing,19954,19953,19954,1
grooming,19955,19954,19955,1
right_turning,19956,19955,19956,1
sniffing,19982,19956,19982,26
stepping,20042,19982,20042,60
sniffing,20046,20042,20046,4
grooming,20169,20046,20169,123
left_turning,20222,20169,20222,53
rising,20264,20222,20264,42
grooming,20333,20264,20333,69
hunching,20440,20333,20440,107
rearing,20486,20440,20486,46
sniffing,20573,20486,20573,87
rearing,20600,20573,20600,27
left_turning,20616,20600,20616,16
grooming,20617,20616,20617,1
walking,20618,20617,20618,1
rearing,20676,20618,20676,58
hunching,20720,20676,20720,44
rearing,20730,20720,20730,10
hunching,20779,20730,20779,49
grooming,20877,20779,20877,98
stepping,20928,20877,20928,51
sniffing,21138,20928,21138,210
rearing,21197,21138,21197,59
rising,21223,21197,21223,26
climbing,21255,21223,21255,32
right_turning,21265,21255,21265,10
walking,21266,21265,21266,1
climbing,21285,21266,21285,19
walking,21372,21285,21372,87
stepping,21392,21372,21392,20
sniffing,21393,21392,21393,1
walking,21436,21393,21436,43
sniffing,21516,21436,21516,80
grooming,21606,21516,21606,90
left_turning,21608,21606,21608,2
right_turning,21610,21608,21610,2
sniffing,21706,21610,21706,96
left_turning,21726,21706,21726,20
grooming,21727,21726,21727,1
sniffing,21793,21727,21793,66
rearing,21794,21793,21794,1
sniffing,21849,21794,21849,55
stepping,21887,21849,21887,38
rearing,22121,21887,22121,234
trotting,22129,22121,22129,8
running,22155,22129,22155,26
rising,22188,22155,22188,33
climbing,22234,22188,22234,46
walking,22235,22234,22235,1
sniffing,22236,22235,22236,1
rising,22237,22236,22237,1
grooming,22238,22237,22238,1
right_turning,22251,22238,22251,13
rising,22272,22251,22272,21
sniffing,22277,22272,22277,5
grooming,22363,22277,22363,86
stepping,22381,22363,22381,18
rearing,22382,22381,22382,1
walking,22436,22382,22436,54
stepping,22496,22436,22496,60
sniffing,22598,22496,22598,102
stepping,22634,22598,22634,36
sniffing,22674,22634,22674,40
hunching,22721,22674,22721,47
rearing,22722,22721,22722,1
grooming,22845,22722,22845,123
left_turning,22854,22845,22854,9
sniffing,22893,22854,22893,39
rising,22894,22893,22894,1
grooming,22934,22894,22934,40
stepping,22942,22934,22942,8
sniffing,22977,22942,22977,35
walking,22978,22977,22978,1
sniffing,23054,22978,23054,76
stepping,23079,23054,23079,25
walking,23156,23079,23156,77
stepping,23245,23156,23245,89
walking,23276,23245,23276,31
sniffing,23318,23276,23318,42
walking,23341,23318,23341,23
trotting,23372,23341,23372,31
running,23391,23372,23391,19
grooming,23521,23391,23521,130
rearing,23522,23521,23522,1
climbing,23523,23522,23523,1
rising,23557,23523,23557,34
grooming,23646,23557,23646,89
hunching,23647,23646,23647,1
climbing,23699,23647,23699,52
sniffing,23763,23699,23763,64
grooming,23888,23763,23888,125
left_turning,23926,23888,23926,38
rising,23937,23926,23937,11
rearing,24017,23937,24017,80
grooming,24305,24017,24305,288
left_turning,24321,24305,24321,16
walking,24395,24321,24395,74
grooming,24535,24395,24535,140
sniffing,24580,24535,24580,45
walking,24581,24580,24581,1
stepping,24582,24581,24582,1
rearing,24598,24582,24598,16
climbing,24599,24598,24599,1
left_turning,24623,24599,24623,24
walking,24641,24623,24641,18
grooming,24642,24641,24642,1
rearing,24760,24642,24760,118
rising,24789,24760,24789,29
climbing,24837,24789,24837,48
stepping,24859,24837,24859,22
walking,24889,24859,24889,30
trotting,24907,24889,24907,18
sniffing,24947,24907,24947,40
trotting,24995,24947,24995,48
walking,25046,24995,25046,51
sniffing,25084,25046,25084,38
grooming,25085,25084,25085,1
hunching,25087,25085,25087,2
rising,25166,25087,25166,79
stepping,25211,25166,25211,45
climbing,25232,25211,25232,21
trotting,25275,25232,25275,43
sniffing,25386,25275,25386,111
rising,25426,25386,25426,40
left_turning,25504,25426,25504,78
trotting,25566,25504,25566,62
stepping,25614,25566,25614,48
walking,25656,25614,25656,42
stepping,25726,25656,25726,70
sniffing,25814,25726,25814,88
stepping,25820,25814,25820,6
sniffing,25821,25820,25821,1
right_turning,25885,25821,25885,64
grooming,26022,25885,26022,137
sniffing,26023,26022,26023,1
walking,26035,26023,26035,12
sniffing,26141,26035,26141,106
grooming,26142,26141,26142,1
stepping,26179,26142,26179,37
sniffing,26246,26179,26246,67
walking,26269,26246,26269,23
stepping,26294,26269,26294,25
sniffing,26356,26294,26356,62
walking,26357,26356,26357,1
climbing,26399,26357,26399,42
sniffing,26468,26399,26468,69
rising,26490,26468,26490,22
stepping,26500,26490,26500,10
walking,26545,26500,26545,45
sniffing,26599,26545,26599,54
stepping,26647,26599,26647,48
walking,26690,26647,26690,43
left_turning,26775,26690,26775,85
running,26815,26775,26815,40
grooming,26974,26815,26974,159
sniffing,27016,26974,27016,42
grooming,27102,27016,27102,86
walking,27149,27102,27149,47
rearing,27201,27149,27201,52
grooming,27515,27201,27515,314
sniffing,27621,27515,27621,106
right_turning,27704,27621,27704,83
left_turning,27763,27704,27763,59
sniffing,27825,27763,27825,62
left_turning,27862,27825,27862,37
grooming,27863,27862,27863,1
sniffing,27897,27863,27897,34
walking,28008,27897,28008,111
trotting,28069,28008,28069,61
sniffing,28264,28069,28264,195
running,28284,28264,28284,20
climbing,28308,28284,28308,24
grooming,28316,28308,28316,8
running,28329,28316,28329,13
walking,28378,28329,28378,49
stepping,28409,28378,28409,31
trotting,28419,28409,28419,10
sniffing,28420,28419,28420,1
walking,28425,28420,28425,5
sniffing,28436,28425,28436,11
grooming,28518,28436,28518,82
rising,28571,28518,28571,53
climbing,28665,28571,28665,94
grooming,28666,28665,28666,1
hunching,28741,28666,28741,75
rearing,28763,28741,28763,22
hunching,28888,28763,28888,125
rearing,28960,28888,28960,72
sniffing,28961,28960,28961,1
stepping,29005,28961,29005,44
sniffing,29070,29005,29070,65
rising,29109,29070,29109,39
climbing,29133,29109,29133,24
rearing,29192,29133,29192,59
grooming,29264,29192,29264,72
sniffing,29265,29264,29265,1
climbing,29272,29265,29272,7
grooming,29300,29272,29300,28
walking,29301,29300,29301,1
sniffing,29302,29301,29302,1
stepping,29308,29302,29308,6
climbing,29393,29308,29393,85
rearing,29421,29393,29421,28
trotting,29448,29421,29448,27
climbing,29535,29448,29535,87
right_turning,29579,29535,29579,44
walking,29619,29579,29619,40
sniffing,29690,29619,29690,71
rearing,29719,29690,29719,29
rising,29754,29719,29754,35
climbing,29778,29754,29778,24
right_turning,29795,29778,29795,17
sniffing,29796,29795,29796,1
walking,29806,29796,29806,10
rising,29860,29806,29860,54
grooming,29861,29860,29861,1
rearing,29912,29861,29912,51
grooming,29969,29912,29969,57
sniffing,30005,29969,30005,36
rising,30036,30005,30036,31
right_turning,30070,30036,30070,34
sniffing,30134,30070,30134,64
trotting,30135,30134,30135,1
left_turning,30162,30135,30162,27
sniffing,30250,30162,30250,88
grooming,30251,30250,30251,1
left_turning,30304,30251,30304,53
rising,30331,30304,30331,27
climbing,30448,30331,30448,117
walking,30480,30448,30480,32
right_turning,30514,30480,30514,34
grooming,30684,30514,30684,170
rearing,30685,30684,30685,1
stepping,30723,30685,30723,38
climbing,30753,30723,30753,30
hunching,30754,30753,30754,1
grooming,30755,30754,30755,1
trotting,30756,30755,30756,1
walking,30757,30756,30757,1
left_turning,30797,30757,30797,40
grooming,31115,30797,31115,318
sniffing,31137,31115,31137,22
grooming,31300,31137,31300,163
walking,31301,31300,31301,1
stepping,31345,31301,31345,44
grooming,31581,31345,31581,236
climbing,31657,31581,31657,76
stepping,31709,31657,31709,52
grooming,31837,31709,31837,128
sniffing,31897,31837,31897,60
stepping,31940,31897,31940,43
grooming,31956,31940,31956,16
walking,31957,31956,31957,1
trotting,31969,31957,31969,12
sniffing,32151,31969,32151,182
stepping,32152,32151,32152,1
sniffing,32221,32152,32221,69
climbing,32247,32221,32247,26
grooming,32248,32247,32248,1
walking,32298,32248,32298,50
sniffing,32379,32298,32379,81
walking,32437,32379,32437,58
grooming,32733,32437,32733,296
running,32767,32733,32767,34
climbing,32769,32767,32769,2
running,32804,32769,32804,35
stepping,32853,32804,32853,49
rising,32897,32853,32897,44
grooming,32976,32897,32976,79
stepping,33028,32976,33028,52
sniffing,33029,33028,33029,1
rising,33094,33029,33094,65
climbing,33186,33094,33186,92
grooming,33199,33186,33199,13
sniffing,33246,33199,33246,47
stepping,33274,33246,33274,28
sniffing,33275,33274,33275,1
grooming,33406,33275,33406,131
walking,33459,33406,33459,53
trotting,33494,33459,33494,35
walking,33495,33494,33495,1
sniffing,33599,33495,33599,104
rearing,33667,33599,33667,68
grooming,33704,33667,33704,37
rising,33733,33704,33733,29
rearing,33769,33733,33769,36
climbing,33841,33769,33841,72
right_turning,33842,33841,33842,1
stepping,33871,33842,33871,29
climbing,33970,33871,33970,99
rising,34009,33970,34009,39
sniffing,34138,34009,34138,129
walking,34215,34138,34215,77
jumping,34294,34215,34294,79
rearing,34366,34294,34366,72
grooming,34517,34366,34517,151
climbing,34566,34517,34566,49
walking,34580,34566,34580,14
sniffing,34630,34580,34630,50
grooming,34733,34630,34733,103
rising,34811,34733,34811,78
rearing,34812,34811,34812,1
walking,34813,34812,34813,1
rising,34886,34813,34886,73
grooming,34887,34886,34887,1
sniffing,34981,34887,34981,94
walking,34986,34981,34986,5
grooming,35195,34986,35195,209
sniffing,35249,35195,35249,54
rising,35281,35249,35281,32
rearing,35310,35281,35310,29
stepping,35343,35310,35343,33
trotting,35391,35343,35391,48
stepping,35408,35391,35408,17
rising,35442,35408,35442,34
sniffing,35576,35442,35576,134
walking,35663,35576,35663,87
trotting,35730,35663,35730,67
rearing,35805,35730,35805,75
grooming,35806,35805,35806,1
rearing,35845,35806,35845,39
grooming,36105,35845,36105,260
hunching,36108,36105,36108,3
grooming,36157,36108,36157,49
left_turning,36158,36157,36158,1
hunching,36185,36158,36185,27
rising,36205,36185,36205,20
rearing,36211,36205,36211,6
hunching,36309,36211,36309,98
climbing,36396,36309,36396,87
trotting,36429,36396,36429,33
sniffing,36430,36429,36430,1
walking,36431,36430,36431,1
stepping,36444,36431,36444,13
sniffing,36445,36444,36445,1
rising,36481,36445,36481,36
left_turning,36535,36481,36535,54
walking,36562,36535,36562,27
sniffing,36633,36562,36633,71
stepping,36642,36633,36642,9
walking,36702,36642,36702,60
stepping,36730,36702,36730,28
grooming,36961,36730,36961,231
climbing,37080,36961,37080,119
rearing,37084,37080,37084,4
climbing,37202,37084,37202,118
trotting,37230,37202,37230,28
sniffing,37300,37230,37300,70
stepping,37313,37300,37313,13
climbing,37347,37313,37347,34
stepping,37401,37347,37401,54
right_turning,37455,37401,37455,54
walking,37544,37455,37544,89
left_turning,37618,37544,37618,74
walking,37631,37618,37631,13
sniffing,37769,37631,37769,138
grooming,38089,37769,38089,320
scratching,38090,38089,38090,1
walking,38110,38090,38110,20
sniffing,38226,38110,38226,116
grooming,38227,38226,38227,1
sniffing,38363,38227,38363,136
rising,38375,38363,38375,12
sniffing,38458,38375,38458,83
right_turning,38501,38458,38501,43
walking,38551,38501,38551,50
left_turning,38552,38551,38552,1
sniffing,38604,38552,38604,52
walking,38639,38604,38639,35
stepping,38667,38639,38667,28
sniffing,38706,38667,38706,39
walking,38707,38706,38707,1
sniffing,38791,38707,38791,84
rising,38808,38791,38808,17
grooming,38976,38808,38976,168
sniffing,39077,38976,39077,101
stepping,39110,39077,39110,33
rising,39111,39110,39111,1
stepping,39112,39111,39112,1
right_turning,39150,39112,39150,38
walking,39193,39150,39193,43
sniffing,39232,39193,39232,39
trotting,39270,39232,39270,38
walking,39301,39270,39301,31
sniffing,39302,39301,39302,1
walking,39362,39302,39362,60
sniffing,39363,39362,39363,1
walking,39406,39363,39406,43
sniffing,39490,39406,39490,84
grooming,39577,39490,39577,87
rearing,39711,39577,39711,134
hunching,39712,39711,39712,1
rearing,39725,39712,39725,13
rising,39726,39725,39726,1
grooming,39824,39726,39824,98
sniffing,39825,39824,39825,1
walking,39916,39825,39916,91
sniffing,39917,39916,39917,1
grooming,39918,39917,39918,1
sniffing,40016,39918,40016,98
grooming,40084,40016,40084,68
rearing,40095,40084,40095,11
hunching,40096,40095,40096,1
rearing,40185,40096,40185,89
grooming,40186,40185,40186,1
rearing,40245,40186,40245,59
climbing,40278,40245,40278,33
rearing,40352,40278,40352,74
climbing,40427,40352,40427,75
grooming,40736,40427,40736,309
running,40750,40736,40750,14
rising,40818,40750,40818,68
climbing,40838,40818,40838,20
left_turning,40844,40838,40844,6
sniffing,40885,40844,40885,41
grooming,40981,40885,40981,96
left_turning,40998,40981,40998,17
walking,41015,40998,41015,17
sniffing,41016,41015,41016,1
walking,41026,41016,41026,10
rearing,41027,41026,41027,1
left_turning,41105,41027,41105,78
stepping,41121,41105,41121,16
grooming,41214,41121,41214,93
left_turning,41236,41214,41236,22
stepping,41245,41236,41245,9
rising,41295,41245,41295,50
climbing,41334,41295,41334,39
stepping,41391,41334,41391,57
walking,41477,41391,41477,86
rising,41478,41477,41478,1
sniffing,41603,41478,41603,125
rising,41611,41603,41611,8
climbing,41669,41611,41669,58
grooming,41709,41669,41709,40
hunching,41710,41709,41710,1
grooming,41711,41710,41711,1
stepping,41712,41711,41712,1
trotting,41734,41712,41734,22
walking,41735,41734,41735,1
sniffing,41802,41735,41802,67
rising,41803,41802,41803,1
walking,41820,41803,41820,17
left_turning,41859,41820,41859,39
trotting,41887,41859,41887,28
stepping,41971,41887,41971,84
grooming,42037,41971,42037,66
sniffing,42138,42037,42138,101
grooming,42614,42138,42614,476
right_turning,42640,42614,42640,26
sniffing,42772,42640,42772,132
left_turning,42848,42772,42848,76
right_turning,42849,42848,42849,1
walking,42906,42849,42906,57
sniffing,42907,42906,42907,1
stepping,42908,42907,42908,1
rearing,42941,42908,42941,33
climbing,43006,42941,43006,65
rising,43007,43006,43007,1
rearing,43067,43007,43067,60
grooming,43084,43067,43084,17
walking,43089,43084,43089,5
sniffing,43226,43089,43226,137
grooming,43338,43226,43338,112
sniffing,43467,43338,43467,129
right_turning,43492,43467,43492,25
trotting,43516,43492,43516,24
rising,43520,43516,43520,4
rearing,43547,43520,43547,27
sniffing,43560,43547,43560,13
stepping,43623,43560,43623,63
rearing,43748,43623,43748,125
left_turning,43759,43748,43759,11
grooming,43809,43759,43809,50
climbing,43838,43809,43838,29
right_turning,43896,43838,43896,58
sniffing,43938,43896,43938,42
rearing,44018,43938,44018,80
grooming,44222,44018,44222,204
running,44245,44222,44245,23
sniffing,44246,44245,44246,1
grooming,44409,44246,44409,163
rearing,44485,44409,44485,76
climbing,44487,44485,44487,2
left_turning,44488,44487,44488,1
grooming,44489,44488,44489,1
sniffing,44525,44489,44525,36
stepping,44570,44525,44570,45
walking,44621,44570,44621,51
rising,44672,44621,44672,51
left_turning,44696,44672,44696,24
walking,44714,44696,44714,18
sniffing,44715,44714,44715,1
left_turning,44852,44715,44852,137
sniffing,44860,44852,44860,8
grooming,45119,44860,45119,259
scratching,45120,45119,45120,1
sniffing,45204,45120,45204,84
right_turning,45205,45204,45205,1
running,45249,45205,45249,44
trotting,45277,45249,45277,28
sniffing,45320,45277,45320,43
rising,45393,45320,45393,73
grooming,45394,45393,45394,1
right_turning,45436,45394,45436,42
scratching,45437,45436,45437,1
walking,45438,45437,45438,1
sniffing,45467,45438,45467,29
grooming,45489,45467,45489,22
sniffing,45595,45489,45595,106
grooming,45650,45595,45650,55
climbing,45651,45650,45651,1
sniffing,45679,45651,45679,28
walking,45726,45679,45726,47
trotting,45764,45726,45764,38
right_turning,45811,45764,45811,47
sniffing,45899,45811,45899,88
stepping,45966,45899,45966,67
sniffing,45983,45966,45983,17
stepping,46026,45983,46026,43
sniffing,46143,46026,46143,117
rising,46150,46143,46150,7
climbing,46163,46150,46163,13
sniffing,46283,46163,46283,120
grooming,46452,46283,46452,169
stepping,46469,46452,46469,17
grooming,46477,46469,46477,8
sniffing,46523,46477,46523,46
right_turning,46539,46523,46539,16
walking,46694,46539,46694,155
sniffing,46716,46694,46716,22
rearing,46717,46716,46717,1
running,46722,46717,46722,5
trotting,46742,46722,46742,20
sniffing,46848,46742,46848,106
rising,46876,46848,46876,28
climbing,46964,46876,46964,88
right_turning,46986,46964,46986,22
rearing,46987,46986,46987,1
climbing,47059,46987,47059,72
stepping,47112,47059,47112,53
sniffing,47349,47112,47349,237
stepping,47370,47349,47370,21
sniffing,47718,47370,47718,348
rising,47719,47718,47719,1
climbing,47743,47719,47743,24
rising,47891,47743,47891,148
grooming,48023,47891,48023,132
stepping,48062,48023,48062,39
right_turning,48092,48062,48092,30
walking,48117,48092,48117,25
sniffing,48139,48117,48139,22
walking,48192,48139,48192,53
sniffing,48219,48192,48219,27
rising,48264,48219,48264,45
sniffing,48406,48264,48406,142
walking,48430,48406,48430,24
sniffing,48431,48430,48431,1
stepping,48458,48431,48458,27
sniffing,48459,48458,48459,1
rising,48460,48459,48460,1
grooming,48588,48460,48588,128
rearing,48589,48588,48589,1
climbing,48605,48589,48605,16
rising,48663,48605,48663,58
grooming,48801,48663,48801,138
left_turning,48832,48801,48832,31
grooming,48857,48832,48857,25
sniffing,48968,48857,48968,111
grooming,49234,48968,49234,266
rising,49269,49234,49269,35
rearing,49301,49269,49301,32
grooming,49302,49301,49302,1
climbing,49421,49302,49421,119
rearing,49666,49421,49666,245
grooming,50033,49666,50033,367
rearing,50132,50033,50132,99
sniffing,50133,50132,50133,1
stepping,50145,50133,50145,12
climbing,50146,50145,50146,1
grooming,50289,50146,50289,143
rearing,50409,50289,50409,120
grooming,50410,50409,50410,1
walking,50474,50410,50474,64
left_turning,50545,50474,50545,71
stepping,50569,50545,50569,24
sniffing,50641,50569,50641,72
stepping,50642,50641,50642,1
sniffing,50643,50642,50643,1
rising,50688,50643,50688,45
left_turning,50689,50688,50689,1
grooming,50705,50689,50705,16
scratching,50706,50705,50706,1
sniffing,50800,50706,50800,94
grooming,50810,50800,50810,10
rearing,50816,50810,50816,6
grooming,50927,50816,50927,111
walking,51010,50927,51010,83
stepping,51048,51010,51048,38
trotting,51049,51048,51049,1
stepping,51076,51049,51076,27
sniffing,51139,51076,51139,63
climbing,51165,51139,51165,26
stepping,51222,51165,51222,57
walking,51223,51222,51223,1
stepping,51255,51223,51255,32
walking,51264,51255,51264,9
trotting,51297,51264,51297,33
sniffing,51389,51297,51389,92
climbing,51514,51389,51514,125
sniffing,51515,51514,51515,1
running,51542,51515,51542,27
sniffing,51545,51542,51545,3
walking,51589,51545,51589,44
right_turning,51601,51589,51601,12
stepping,51634,51601,51634,33
sniffing,51635,51634,51635,1
climbing,51636,51635,51636,1
sniffing,51901,51636,51901,265
rearing,51946,51901,51946,45
grooming,52049,51946,52049,103
sniffing,52050,52049,52050,1
rising,52150,52050,52150,100
hunching,52153,52150,52153,3
grooming,52328,52153,52328,175
hunching,52424,52328,52424,96
grooming,52589,52424,52589,165
hunching,52630,52589,52630,41
grooming,52876,52630,52876,246
rising,52889,52876,52889,13
climbing,52975,52889,52975,86
stepping,53033,52975,53033,58
climbing,53185,53033,53185,152
sniffing,53200,53185,53200,15
left_turning,53288,53200,53288,88
grooming,53400,53288,53400,112
walking,53453,53400,53453,53
stepping,53462,53453,53462,9
climbing,53517,53462,53517,55
running,53518,53517,53518,1
sniffing,53519,53518,53519,1
rising,53578,53519,53578,59
rearing,53628,53578,53628,50
grooming,53679,53628,53679,51
rearing,53698,53679,53698,19
hunching,53699,53698,53699,1
sniffing,53746,53699,53746,47
stepping,53762,53746,53762,16
sniffing,53819,53762,53819,57
rearing,53914,53819,53914,95
grooming,53915,53914,53915,1
rearing,54003,53915,54003,88
rising,54092,54003,54092,89
rearing,54093,54092,54093,1
hunching,54163,54093,54163,70
grooming,54230,54163,54230,67
rearing,54297,54230,54297,67
climbing,54436,54297,54436,139
running,54466,54436,54466,30
rearing,54516,54466,54516,50
trotting,54539,54516,54539,23
sniffing,54541,54539,54541,2
stepping,54580,54541,54580,39
rising,54581,54580,54581,1
trotting,54621,54581,54621,40
sniffing,54638,54621,54638,17
grooming,54639,54638,54639,1
hunching,54660,54639,54660,21
rising,54712,54660,54712,52
climbing,54848,54712,54848,136
rearing,54944,54848,54944,96
climbing,55023,54944,55023,79
sniffing,55065,55023,55065,42
rising,55166,55065,55166,101
rearing,55167,55166,55167,1
rising,55273,55167,55273,106
sniffing,55354,55273,55354,81
walking,55366,55354,55366,12
stepping,55421,55366,55421,55
sniffing,55422,55421,55422,1
walking,55452,55422,55452,30
stepping,55560,55452,55560,108
sniffing,55561,55560,55561,1
left_turning,55601,55561,55601,40
sniffing,55602,55601,55602,1
walking,55667,55602,55667,65
rising,55669,55667,55669,2
rearing,55758,55669,55758,89
grooming,56161,55758,56161,403
rising,56211,56161,56211,50
hunching,56302,56211,56302,91
grooming,56424,56302,56424,122
hunching,56462,56424,56462,38
grooming,56504,56462,56504,42
stepping,56522,56504,56522,18
sniffing,56560,56522,56560,38
stepping,56561,56560,56561,1
sniffing,56677,56561,56677,116
walking,56705,56677,56705,28
sniffing,56735,56705,56735,30
left_turning,56744,56735,56744,9
walking,56762,56744,56762,18
trotting,56817,56762,56817,55
sniffing,56818,56817,56818,1
right_turning,56839,56818,56839,21
sniffing,56851,56839,56851,12
rearing,56852,56851,56852,1
climbing,56853,56852,56853,1
grooming,57074,56853,57074,221
sniffing,57270,57074,57270,196
rising,57285,57270,57285,15
stepping,57305,57285,57305,20
sniffing,57446,57305,57446,141
walking,57474,57446,57474,28
stepping,57475,57474,57475,1
rearing,57623,57475,57623,148
running,57648,57623,57648,25
stepping,57713,57648,57713,65
sniffing,57799,57713,57799,86
walking,57877,57799,57877,78
sniffing,57954,57877,57954,77
left_turning,58004,57954,58004,50
walking,58014,58004,58014,10
right_turning,58042,58014,58042,28
walking,58125,58042,58125,83
rising,58132,58125,58132,7
sniffing,58133,58132,58133,1
grooming,58134,58133,58134,1
walking,58177,58134,58177,43
stepping,58192,58177,58192,15
sniffing,58193,58192,58193,1
grooming,58194,58193,58194,1
rising,58275,58194,58275,81
sniffing,58293,58275,58293,18
stepping,58310,58293,58310,17
trotting,58386,58310,58386,76
walking,58469,58386,58469,83
sniffing,58470,58469,58470,1
grooming,58471,58470,58471,1
left_turning,58536,58471,58536,65
sniffing,58663,58536,58663,127
walking,58737,58663,58737,74
grooming,58738,58737,58738,1
rearing,58783,58738,58783,45
climbing,58797,58783,58797,14
rearing,58820,58797,58820,23
grooming,59016,58820,59016,196
rearing,59017,59016,59017,1
rising,59062,59017,59062,45
sniffing,59095,59062,59095,33
grooming,59323,59095,59323,228
stepping,59355,59323,59355,32
sniffing,59378,59355,59378,23
grooming,59379,59378,59379,1
left_turning,59434,59379,59434,55
walking,59479,59434,59479,45
left_turning,59531,59479,59531,52
trotting,59610,59531,59610,79
sniffing,60068,59610,60068,458
rising,60069,60068,60069,1
right_turning,60078,60069,60078,9
climbing,60205,60078,60205,127
rearing,60250,60205,60250,45
hunching,60265,60250,60265,15
rearing,60305,60265,60305,40
rising,60309,60305,60309,4
sniffing,60367,60309,60367,58
rising,60424,60367,60424,57
sniffing,60544,60424,60544,120
walking,60582,60544,60582,38
stepping,60662,60582,60662,80
sniffing,60712,60662,60712,50
grooming,60717,60712,60717,5
walking,60783,60717,60783,66
rising,60784,60783,60784,1
grooming,60785,60784,60785,1
sniffing,60790,60785,60790,5
running,60794,60790,60794,4
rising,60849,60794,60849,55
stepping,60879,60849,60879,30
right_turning,60880,60879,60880,1
running,60904,60880,60904,24
sniffing,60918,60904,60918,14
rising,60919,60918,60919,1
sniffing,60920,60919,60920,1
grooming,61281,60920,61281,361
left_turning,61282,61281,61282,1
grooming,61456,61282,61456,174
rising,61491,61456,61491,35
rearing,61535,61491,61535,44
grooming,61536,61535,61536,1
sniffing,61547,61536,61547,11
stepping,61554,61547,61554,7
sniffing,61582,61554,61582,28
climbing,61612,61582,61612,30
rearing,61613,61612,61613,1
grooming,61908,61613,61908,295
rearing,61909,61908,61909,1
sniffing,62082,61909,62082,173
grooming,62083,62082,62083,1
stepping,62140,62083,62140,57
rising,62333,62140,62333,193
climbing,62343,62333,62343,10
rearing,62509,62343,62509,166
hunching,62510,62509,62510,1
rising,62524,62510,62524,14
sniffing,62574,62524,62574,50
rearing,62640,62574,62640,66
stepping,62665,62640,62665,25
sniffing,62740,62665,62740,75
climbing,62755,62740,62755,15
grooming,62777,62755,62777,22
stepping,62833,62777,62833,56
rearing,62834,62833,62834,1
stepping,62853,62834,62853,19
sniffing,62892,62853,62892,39
left_turning,62946,62892,62946,54
running,62981,62946,62981,35
sniffing,63009,62981,63009,28
grooming,63223,63009,63223,214
sniffing,63285,63223,63285,62
rising,63315,63285,63315,30
sniffing,63361,63315,63361,46
grooming,63362,63361,63362,1
stepping,63395,63362,63395,33
climbing,63515,63395,63515,120
grooming,63551,63515,63551,36
rearing,63583,63551,63583,32
climbing,63644,63583,63644,61
left_turning,63660,63644,63660,16
walking,63667,63660,63667,7
trotting,63697,63667,63697,30
stepping,63751,63697,63751,54
trotting,63781,63751,63781,30
stepping,63787,63781,63787,6
sniffing,63863,63787,63863,76
stepping,63881,63863,63881,18
climbing,63883,63881,63883,2
rising,63896,63883,63896,13
grooming,63897,63896,63897,1
rising,63898,63897,63898,1
sniffing,63963,63898,63963,65
rearing,63999,63963,63999,36
rising,64070,63999,64070,71
rearing,64160,64070,64160,90
sniffing,64215,64160,64215,55
walking,64291,64215,64291,76
running,64345,64291,64345,54
walking,64355,64345,64355,10
stepping,64422,64355,64422,67
rising,64467,64422,64467,45
sniffing,64509,64467,64509,42
walking,64510,64509,64510,1
sniffing,64638,64510,64638,128
grooming,64639,64638,64639,1
rearing,64689,64639,64689,50
hunching,64737,64689,64737,48
grooming,65291,64737,65291,554
right_turning,65325,65291,65325,34
sniffing,65326,65325,65326,1
walking,65334,65326,65334,8
stepping,65378,65334,65378,44
climbing,65609,65378,65609,231
walking,65676,65609,65676,67
stepping,65773,65676,65773,97
rising,65854,65773,65854,81
sniffing,65888,65854,65888,34
right_turning,65890,65888,65890,2
sniffing,65904,65890,65904,14
climbing,65905,65904,65905,1
trotting,65950,65905,65950,45
walking,66020,65950,66020,70
rearing,66021,66020,66021,1
grooming,66433,66021,66433,412
scratching,66434,66433,66434,1
walking,66529,66434,66529,95
sniffing,66630,66529,66630,101
climbing,66748,66630,66748,118
running,66774,66748,66774,26
trotting,66845,66774,66845,71
sniffing,66846,66845,66846,1
rising,66915,66846,66915,69
climbing,66916,66915,66916,1
hunching,67005,66916,67005,89
rearing,67103,67005,67103,98
grooming,67104,67103,67104,1
stepping,67113,67104,67113,9
rearing,67129,67113,67129,16
sniffing,67130,67129,67130,1
stepping,67205,67130,67205,75
sniffing,67231,67205,67231,26
rising,67257,67231,67257,26
climbing,67336,67257,67336,79
walking,67368,67336,67368,32
stepping,67369,67368,67369,1
sniffing,67471,67369,67471,102
grooming,67618,67471,67618,147
sniffing,67641,67618,67641,23
grooming,67661,67641,67661,20
hunching,67699,67661,67699,38
left_turning,67754,67699,67754,55
trotting,67782,67754,67782,28
walking,67790,67782,67790,8
rearing,67853,67790,67853,63
hunching,67919,67853,67919,66
rearing,67977,67919,67977,58
grooming,68068,67977,68068,91
rearing,68116,68068,68116,48
grooming,68201,68116,68201,85
right_turning,68235,68201,68235,34
sniffing,68275,68235,68275,40
grooming,68452,68275,68452,177
climbing,68470,68452,68470,18
trotting,68473,68470,68473,3
rising,68474,68473,68474,1
climbing,68522,68474,68522,48
rising,68523,68522,68523,1
walking,68527,68523,68527,4
climbing,68575,68527,68575,48
grooming,68576,68575,68576,1
walking,68582,68576,68582,6
sniffing,68583,68582,68583,1
pausing,68753,68583,68753,170
sniffing,68760,68753,68760,7
grooming,68761,68760,68761,1
left_turning,68781,68761,68781,20
running,68804,68781,68804,23
walking,68830,68804,68830,26
sniffing,68879,68830,68879,49
stepping,68930,68879,68930,51
walking,69001,68930,69001,71
stepping,69033,69001,69033,32
sniffing,69096,69033,69096,63
walking,69138,69096,69138,42
right_turning,69198,69138,69198,60
sniffing,69372,69198,69372,174
rising,69383,69372,69383,11
climbing,69489,69383,69489,106
grooming,69761,69489,69761,272
rearing,69783,69761,69783,22
rising,69836,69783,69836,53
sniffing,69837,69836,69837,1
rising,69852,69837,69852,15
grooming,70055,69852,70055,203
scratching,70056,70055,70056,1
right_turning,70108,70056,70108,52
sniffing,70109,70108,70109,1
stepping,70129,70109,70129,20
climbing,70200,70129,70200,71
walking,70240,70200,70240,40
sniffing,70306,70240,70306,66
left_turning,70307,70306,70307,1
sniffing,70392,70307,70392,85
rising,70459,70392,70459,67
sniffing,70460,70459,70460,1
rising,70479,70460,70479,19
grooming,70480,70479,70480,1
rearing,70508,70480,70508,28
stepping,70547,70508,70547,39
sniffing,70646,70547,70646,99
grooming,70907,70646,70907,261
rearing,70995,70907,70995,88
climbing,71067,70995,71067,72
walking,71132,71067,71132,65
sniffing,71214,71132,71214,82
stepping,71215,71214,71215,1
climbing,71288,71215,71288,73
rising,71301,71288,71301,13
sniffing,71378,71301,71378,77
stepping,71458,71378,71458,80
running,71510,71458,71510,52
sniffing,71511,71510,71511,1
left_turning,71605,71511,71605,94
scratching,71606,71605,71606,1
grooming,72363,71606,72363,757
sniffing,72469,72363,72469,106
stepping,72498,72469,72498,29
sniffing,72528,72498,72528,30
stepping,72549,72528,72549,21
rising,72632,72549,72632,83
climbing,72690,72632,72690,58
trotting,72703,72690,72703,13
walking,72761,72703,72761,58
climbing,72923,72761,72923,162
left_turning,72959,72923,72959,36
walking,72986,72959,72986,27
climbing,73036,72986,73036,50
running,73073,73036,73073,37
stepping,73086,73073,73086,13
sniffing,73147,73086,73147,61
climbing,73218,73147,73218,71
trotting,73247,73218,73247,29
stepping,73314,73247,73314,67
sniffing,73401,73314,73401,87
grooming,73772,73401,73772,371
hunching,73773,73772,73773,1
grooming,73774,73773,73774,1
rising,73775,73774,73775,1
climbing,73908,73775,73908,133
trotting,73915,73908,73915,7
sniffing,74096,73915,74096,181
walking,74136,74096,74136,40
trotting,74177,74136,74177,41
walking,74180,74177,74180,3
sniffing,74182,74180,74182,2
trotting,74209,74182,74209,27
walking,74306,74209,74306,97
sniffing,74509,74306,74509,203
stepping,74548,74509,74548,39
walking,74578,74548,74578,30
rearing,74593,74578,74593,15
grooming,74594,74593,74594,1
scratching,74595,74594,74595,1
grooming,74809,74595,74809,214
sniffing,74920,74809,74920,111
climbing,74974,74920,74974,54
left_turning,74999,74974,74999,25
grooming,75000,74999,75000,1
hunching,75151,75000,75151,151
left_turning,75207,75151,75207,56
trotting,75272,75207,75272,65
sniffing,75321,75272,75321,49
walking,75339,75321,75339,18
sniffing,75364,75339,75364,25
stepping,75426,75364,75426,62
climbing,75467,75426,75467,41
rearing,75504,75467,75504,37
stepping,75554,75504,75554,50
grooming,75566,75554,75566,12
climbing,75708,75566,75708,142
trotting,75709,75708,75709,1
climbing,75840,75709,75840,131
grooming,76271,75840,76271,431
hunching,76353,76271,76353,82
rearing,76362,76353,76362,9
grooming,76390,76362,76390,28
sniffing,76464,76390,76464,74
rising,76527,76464,76527,63
left_turning,76542,76527,76542,15
grooming,76698,76542,76698,156
hunching,76766,76698,76766,68
rearing,76934,76766,76934,168
grooming,77051,76934,77051,117
walking,77065,77051,77065,14
sniffing,77101,77065,77101,36
grooming,77173,77101,77173,72
hunching,77301,77173,77301,128
rearing,77409,77301,77409,108
climbing,77555,77409,77555,146
rearing,77720,77555,77720,165
grooming,77804,77720,77804,84
sniffing,77891,77804,77891,87
rising,77934,77891,77934,43
climbing,78045,77934,78045,111
walking,78120,78045,78120,75
sniffing,78121,78120,78121,1
grooming,78360,78121,78360,239
rising,78505,78360,78505,145
rearing,78657,78505,78657,152
rising,78666,78657,78666,9
walking,78733,78666,78733,67
sniffing,78872,78733,78872,139
right_turning,78906,78872,78906,34
sniffing,78907,78906,78907,1
hunching,78933,78907,78933,26
rearing,78978,78933,78978,45
sniffing,79133,78978,79133,155
climbing,79170,79133,79170,37
walking,79193,79170,79193,23
sniffing,79234,79193,79234,41
walking,79250,79234,79250,16
stepping,79251,79250,79251,1
grooming,79346,79251,79346,95
sniffing,79394,79346,79394,48
grooming,79676,79394,79676,282
hunching,79730,79676,79730,54
climbing,79780,79730,79780,50
rising,79822,79780,79822,42
climbing,79866,79822,79866,44
rising,79935,79866,79935,69
left_turning,79985,79935,79985,50
sniffing,80058,79985,80058,73
stepping,80085,80058,80085,27
sniffing,80147,80085,80147,62
grooming,80262,80147,80262,115
sniffing,80281,80262,80281,19
stepping,80310,80281,80310,29
climbing,80331,80310,80331,21
walking,80340,80331,80340,9
sniffing,80341,80340,80341,1
grooming,80696,80341,80696,355
rearing,80745,80696,80745,49
grooming,80812,80745,80812,67
rearing,80892,80812,80892,80
grooming,80899,80892,80899,7
rearing,80972,80899,80972,73
grooming,80973,80972,80973,1
climbing,81084,80973,81084,111
grooming,81483,81084,81483,399
sniffing,81548,81483,81548,65
stepping,81594,81548,81594,46
sniffing,81663,81594,81663,69
walking,81698,81663,81698,35
sniffing,81858,81698,81858,160
walking,81907,81858,81907,49
rising,81908,81907,81908,1
grooming,82094,81908,82094,186
left_turning,82119,82094,82119,25
trotting,82136,82119,82136,17
walking,82158,82136,82158,22
running,82207,82158,82207,49
stepping,82281,82207,82281,74
rearing,82303,82281,82303,22
left_turning,82330,82303,82330,27
rising,82390,82330,82390,60
rearing,82530,82390,82530,140
rising,82573,82530,82573,43
grooming,82662,82573,82662,89
walking,82665,82662,82665,3
hunching,82746,82665,82746,81
rearing,82757,82746,82757,11
climbing,82892,82757,82892,135
grooming,83350,82892,83350,458
climbing,83374,83350,83374,24
rearing,83459,83374,83459,85
right_turning,83460,83459,83460,1
running,83468,83460,83468,8
walking,83527,83468,83527,59
climbing,83584,83527,83584,57
left_turning,83624,83584,83624,40
sniffing,83625,83624,83625,1
walking,83647,83625,83647,22
sniffing,83668,83647,83668,21
grooming,83669,83668,83669,1
hunching,83871,83669,83871,202
rearing,84013,83871,84013,142
hunching,84062,84013,84062,49
rearing,84098,84062,84098,36
grooming,84460,84098,84460,362
sniffing,84604,84460,84604,144
walking,84605,84604,84605,1
rising,84615,84605,84615,10
walking,84616,84615,84616,1
trotting,84649,84616,84649,33
walking,84734,84649,84734,85
sniffing,84854,84734,84854,120
stepping,84903,84854,84903,49
climbing,84996,84903,84996,93
left_turning,85038,84996,85038,42
sniffing,85152,85038,85152,114
scratching,85153,85152,85153,1
left_turning,85198,85153,85198,45
sniffing,85212,85198,85212,14
right_turning,85256,85212,85256,44
walking,85281,85256,85281,25
sniffing,85493,85281,85493,212
grooming,85494,85493,85494,1
sniffing,85578,85494,85578,84
left_turning,85582,85578,85582,4
trotting,85645,85582,85645,63
grooming,85646,85645,85646,1
rearing,85700,85646,85700,54
left_turning,85732,85700,85732,32
sniffing,85971,85732,85971,239
walking,85972,85971,85972,1
rearing,86050,85972,86050,78
rising,86051,86050,86051,1
rearing,86127,86051,86127,76
grooming,86172,86127,86172,45
rearing,86193,86172,86193,21
left_turning,86194,86193,86194,1
stepping,86240,86194,86240,46
sniffing,86297,86240,86297,57
stepping,86346,86297,86346,49
rising,86347,86346,86347,1
climbing,86409,86347,86409,62
hunching,86480,86409,86480,71
sniffing,86534,86480,86534,54
hunching,86574,86534,86574,40
rearing,86654,86574,86654,80
sniffing,86757,86654,86757,103
climbing,86800,86757,86800,43
rearing,86884,86800,86884,84
rising,86923,86884,86923,39
sniffing,86924,86923,86924,1
left_turning,86982,86924,86982,58
rising,87053,86982,87053,71
sniffing,87079,87053,87079,26
walking,87143,87079,87143,64
sniffing,87203,87143,87203,60
rising,87308,87203,87308,105
grooming,87546,87308,87546,238
stepping,87581,87546,87581,35
sniffing,87686,87581,87686,105
rearing,87687,87686,87687,1
grooming,87852,87687,87852,165
right_turning,87882,87852,87882,30
rising,87893,87882,87893,11
rearing,87981,87893,87981,88
climbing,88071,87981,88071,90
walking,88080,88071,88080,9
stepping,88115,88080,88115,35
sniffing,88274,88115,88274,159
grooming,88549,88274,88549,275
sniffing,88672,88549,88672,123
rearing,88731,88672,88731,59
grooming,88732,88731,88732,1
trotting,88787,88732,88787,55
sniffing,88830,88787,88830,43
walking,88891,88830,88891,61
stepping,88932,88891,88932,41
walking,88985,88932,88985,53
sniffing,88986,88985,88986,1
left_turning,89000,88986,89000,14
walking,89001,89000,89001,1
sniffing,89079,89001,89079,78
scratching,89080,89079,89080,1
sniffing,89113,89080,89113,33
stepping,89144,89113,89144,31
grooming,89475,89144,89475,331
rearing,89560,89475,89560,85
grooming,89561,89560,89561,1
rearing,89639,89561,89639,78
stepping,89668,89639,89668,29
sniffing,89736,89668,89736,68
rearing,89792,89736,89792,56
sniffing,89845,89792,89845,53
walking,89884,89845,89884,39
running,89951,89884,89951,67
walking,89952,89951,89952,1
stepping,89986,89952,89986,34
rising,90034,89986,90034,48
sniffing,90107,90034,90107,73
rising,90151,90107,90151,44
climbing,90156,90151,90156,5
walking,90182,90156,90182,26
hunching,90229,90182,90229,47
sniffing,90270,90229,90270,41
rising,90289,90270,90289,19
sniffing,90317,90289,90317,28
walking,90366,90317,90366,49
sniffing,90377,90366,90377,11
trotting,90405,90377,90405,28
sniffing,90406,90405,90406,1
right_turning,90468,90406,90468,62
sniffing,90588,90468,90588,120
rearing,90589,90588,90589,1
climbing,90688,90589,90688,99
rearing,90746,90688,90746,58
sniffing,90799,90746,90799,53
stepping,90825,90799,90825,26
sniffing,90834,90825,90834,9
stepping,90840,90834,90840,6
grooming,90879,90840,90879,39
rising,90945,90879,90945,66
left_turning,90960,90945,90960,15
sniffing,91028,90960,91028,68
climbing,91101,91028,91101,73
trotting,91131,91101,91131,30
sniffing,91132,91131,91132,1
left_turning,91198,91132,91198,66
rearing,91334,91198,91334,136
climbing,91435,91334,91435,101
grooming,91466,91435,91466,31
sniffing,91556,91466,91556,90
climbing,91652,91556,91652,96
rearing,91669,91652,91669,17
climbing,91698,91669,91698,29
left_turning,91747,91698,91747,49
grooming,92073,91747,92073,326
stepping,92100,92073,92100,27
sniffing,92175,92100,92175,75
rearing,92235,92175,92235,60
sniffing,92325,92235,92325,90
walking,92376,92325,92376,51
rising,92384,92376,92384,8
stepping,92418,92384,92418,34
rising,92429,92418,92429,11
sniffing,92430,92429,92430,1
stepping,92446,92430,92446,16
climbing,92543,92446,92543,97
walking,92623,92543,92623,80
trotting,92650,92623,92650,27
sniffing,92666,92650,92666,16
left_turning,92688,92666,92688,22
sniffing,92863,92688,92863,175
walking,92902,92863,92902,39
stepping,92903,92902,92903,1
grooming,93187,92903,93187,284
rising,93220,93187,93220,33
rearing,93348,93220,93348,128
hunching,93349,93348,93349,1
left_turning,93350,93349,93350,1
sniffing,93360,93350,93360,10
scratching,93361,93360,93361,1
sniffing,93377,93361,93377,16
stepping,93379,93377,93379,2
walking,93413,93379,93413,34
rearing,93459,93413,93459,46
hunching,93460,93459,93460,1
rising,93513,93460,93513,53
rearing,93586,93513,93586,73
left_turning,93619,93586,93619,33
sniffing,93620,93619,93620,1
right_turning,93699,93620,93699,79
scratching,93700,93699,93700,1
right_turning,93768,93700,93768,68
stepping,93784,93768,93784,16
rearing,93915,93784,93915,131
grooming,93916,93915,93916,1
rearing,93917,93916,93917,1
trotting,93927,93917,93927,10
walking,93981,93927,93981,54
rearing,94072,93981,94072,91
grooming,94303,94072,94303,231
sniffing,94342,94303,94342,39
trotting,94416,94342,94416,74
climbing,94417,94416,94417,1
grooming,94533,94417,94533,116
hunching,94618,94533,94618,85
rearing,94703,94618,94703,85
rising,94704,94703,94704,1
sniffing,94705,94704,94705,1
grooming,94821,94705,94821,116
sniffing,95001,94821,95001,180
stepping,95066,95001,95066,65
walking,95102,95066,95102,36
rising,95136,95102,95136,34
rearing,95190,95136,95190,54
left_turning,95206,95190,95206,16
sniffing,95236,95206,95236,30
climbing,95237,95236,95237,1
running,95268,95237,95268,31
stepping,95269,95268,95269,1
rearing,95391,95269,95391,122
right_turning,95420,95391,95420,29
stepping,95421,95420,95421,1
rising,95425,95421,95425,4
rearing,95442,95425,95442,17
sniffing,95494,95442,95494,52
grooming,95614,95494,95614,120
sniffing,95856,95614,95856,242
walking,95861,95856,95861,5
trotting,95873,95861,95873,12
running,95881,95873,95881,8
trotting,95882,95881,95882,1
stepping,95919,95882,95919,37
sniffing,96109,95919,96109,190
stepping,96189,96109,96189,80
grooming,96450,96189,96450,261
sniffing,96492,96450,96492,42
right_turning,96493,96492,96493,1
stepping,96535,96493,96535,42
sniffing,96536,96535,96536,1
rearing,96612,96536,96612,76
hunching,96624,96612,96624,12
climbing,96664,96624,96664,40
rearing,96710,96664,96710,46
climbing,96730,96710,96730,20
stepping,96778,96730,96778,48
sniffing,96907,96778,96907,129
hunching,96944,96907,96944,37
grooming,96945,96944,96945,1
sniffing,97049,96945,97049,104
stepping,97099,97049,97099,50
sniffing,97164,97099,97164,65
grooming,97236,97164,97236,72
rising,97250,97236,97250,14
sniffing,97317,97250,97317,67
rising,97319,97317,97319,2
stepping,97330,97319,97330,11
sniffing,97401,97330,97401,71
hunching,97429,97401,97429,28
grooming,97517,97429,97517,88
sniffing,97518,97517,97518,1
walking,97539,97518,97539,21
sniffing,97644,97539,97644,105
rising,97649,97644,97649,5
climbing,97666,97649,97666,17
grooming,97760,97666,97760,94
stepping,97821,97760,97821,61
rearing,97847,97821,97847,26
stepping,97848,97847,97848,1
sniffing,97849,97848,97849,1
grooming,98006,97849,98006,157
walking,98044,98006,98044,38
rising,98054,98044,98054,10
sniffing,98055,98054,98055,1
rising,98110,98055,98110,55
left_turning,98115,98110,98115,5
sniffing,98210,98115,98210,95
right_turning,98247,98210,98247,37
walking,98267,98247,98267,20
sniffing,98415,98267,98415,148
right_turning,98453,98415,98453,38
walking,98574,98453,98574,121
stepping,98627,98574,98627,53
sniffing,98765,98627,98765,138
rising,98795,98765,98795,30
grooming,98994,98795,98994,199
rearing,99070,98994,99070,76
rising,99085,99070,99085,15
rearing,99086,99085,99086,1
grooming,99189,99086,99189,103
left_turning,99202,99189,99202,13
sniffing,99293,99202,99293,91
grooming,99331,99293,99331,38
left_turning,99382,99331,99382,51
grooming,99566,99382,99566,184
stepping,99640,99566,99640,74
sniffing,99649,99640,99649,9
left_turning,99650,99649,99650,1
trotting,99675,99650,99675,25
rearing,99676,99675,99676,1
grooming,100069,99676,100069,393
rearing,100070,100069,100070,1
grooming,100237,100070,100237,167
walking,100266,100237,100266,29
sniffing,100388,100266,100388,122
trotting,100389,100388,100389,1
left_turning,100451,100389,100451,62
walking,100452,100451,100452,1
rising,100601,100452,100601,149
rearing,100602,100601,100602,1
hunching,100603,100602,100603,1
grooming,101310,100603,101310,707
rearing,101311,101310,101311,1
grooming,101451,101311,101451,140
rearing,101483,101451,101483,32
right_turning,101498,101483,101498,15
walking,101536,101498,101536,38
sniffing,101541,101536,101541,5
rearing,101613,101541,101613,72
grooming,101791,101613,101791,178
hunching,101802,101791,101802,11
grooming,101999,101802,101999,197
left_turning,102044,101999,102044,45
walking,102069,102044,102069,25
sniffing,102208,102069,102208,139
right_turning,102212,102208,102212,4
stepping,102300,102212,102300,88
rising,102374,102300,102374,74
grooming,102375,102374,102375,1
hunching,102421,102375,102421,46
rising,102422,102421,102422,1
rearing,102494,102422,102494,72
grooming,102895,102494,102895,401
rearing,102896,102895,102896,1
sniffing,102901,102896,102901,5
stepping,102999,102901,102999,98
sniffing,103121,102999,103121,122
rearing,103158,103121,103158,37
rising,103261,103158,103261,103
rearing,103347,103261,103347,86
climbing,103361,103347,103361,14
right_turning,103419,103361,103419,58
stepping,103437,103419,103437,18
rising,103450,103437,103450,13
sniffing,103503,103450,103503,53
grooming,103528,103503,103528,25
trotting,103582,103528,103582,54
sniffing,103671,103582,103671,89
rising,103672,103671,103672,1
sniffing,103731,103672,103731,59
stepping,103734,103731,103734,3
sniffing,103838,103734,103838,104
walking,103876,103838,103876,38
sniffing,103959,103876,103959,83
rearing,104028,103959,104028,69
climbing,104048,104028,104048,20
grooming,104163,104048,104163,115
left_turning,104231,104163,104231,68
grooming,104367,104231,104367,136
sniffing,104580,104367,104580,213
stepping,104598,104580,104598,18
rearing,104619,104598,104619,21
grooming,104620,104619,104620,1
sniffing,104653,104620,104653,33
walking,104703,104653,104703,50
sniffing,104708,104703,104708,5
grooming,104709,104708,104709,1
climbing,104777,104709,104777,68
running,104802,104777,104802,25
stepping,104806,104802,104806,4
hunching,104832,104806,104832,26
grooming,104918,104832,104918,86
rearing,104919,104918,104919,1
climbing,105024,104919,105024,105
stepping,105045,105024,105045,21
trotting,105084,105045,105084,39
running,105109,105084,105109,25
stepping,105138,105109,105138,29
rising,105211,105138,105211,73
stepping,105212,105211,105212,1
grooming,105213,105212,105213,1
sniffing,105291,105213,105291,78
grooming,105292,105291,105292,1
rearing,105333,105292,105333,41
sniffing,105334,105333,105334,1
walking,105395,105334,105395,61
left_turning,105464,105395,105464,69
sniffing,105587,105464,105587,123
right_turning,105642,105587,105642,55
sniffing,105643,105642,105643,1
rising,105644,105643,105644,1
sniffing,105746,105644,105746,102
walking,105821,105746,105821,75
sniffing,105865,105821,105865,44
rising,105942,105865,105942,77
stepping,105992,105942,105992,50
sniffing,106062,105992,106062,70
stepping,106065,106062,106065,3
sniffing,106066,106065,106066,1
rising,106067,106066,106067,1
sniffing,106068,106067,106068,1
stepping,106144,106068,106144,76
sniffing,106204,106144,106204,60
grooming,106237,106204,106237,33
sniffing,106256,106237,106256,19
walking,106335,106256,106335,79
sniffing,106336,106335,106336,1
stepping,106337,106336,106337,1
climbing,106338,106337,106338,1
grooming,106339,106338,106339,1
climbing,106363,106339,106363,24
walking,106410,106363,106410,47
rearing,106495,106410,106495,85
stepping,106517,106495,106517,22
sniffing,106531,106517,106531,14
stepping,106552,106531,106552,21
left_turning,106569,106552,106569,17
walking,106627,106569,106627,58
sniffing,106766,106627,106766,139
grooming,106814,106766,106814,48
sniffing,106917,106814,106917,103
left_turning,106980,106917,106980,63
stepping,107020,106980,107020,40
sniffing,107058,107020,107058,38
grooming,107059,107058,107059,1
walking,107093,107059,107093,34
sniffing,107272,107093,107272,179
left_turning,107388,107272,107388,116
sniffing,107389,107388,107389,1
rearing,107428,107389,107428,39
grooming,107482,107428,107482,54
climbing,107483,107482,107483,1
walking,107541,107483,107541,58
right_turning,107572,107541,107572,31
walking,107615,107572,107615,43
stepping,107616,107615,107616,1
sniffing,107638,107616,107638,22
climbing,107739,107638,107739,101
stepping,107752,107739,107752,13
rearing,107753,107752,107753,1
stepping,107771,107753,107771,18
rising,107862,107771,107862,91
walking,107918,107862,107918,56
stepping,107936,107918,107936,18
sniffing,108000,107936,108000,64
