revised_movement_label,segBoundary,segBoundary_start,segBoundary_end,length
sniffing,18,0,18,18
stepping,77,18,77,59
sniffing,102,77,102,25
left_turning,108,102,108,6
hunching,141,108,141,33
grooming,229,141,229,88
hunching,291,229,291,62
rearing,359,291,359,68
hunching,381,359,381,22
stepping,393,381,393,12
sniffing,394,393,394,1
walking,419,394,419,25
rising,448,419,448,29
grooming,505,448,505,57
sniffing,526,505,526,21
rising,537,526,537,11
sniffing,538,537,538,1
stepping,620,538,620,82
walking,684,620,684,64
stepping,744,684,744,60
grooming,1044,744,1044,300
sniffing,1045,1044,1045,1
left_turning,1198,1045,1198,153
grooming,1391,1198,1391,193
sniffing,1486,1391,1486,95
rising,1551,1486,1551,65
rearing,1552,1551,1552,1
walking,1625,1552,1625,73
stepping,1660,1625,1660,35
sniffing,1776,1660,1776,116
rising,1881,1776,1881,105
stepping,1933,1881,1933,52
right_turning,2007,1933,2007,74
trotting,2020,2007,2020,13
running,2029,2020,2029,9
stepping,2079,2029,2079,50
left_turning,2101,2079,2101,22
walking,2112,2101,2112,11
sniffing,2143,2112,2143,31
rising,2191,2143,2191,48
climbing,2216,2191,2216,25
sniffing,2326,2216,2326,110
grooming,2327,2326,2327,1
hunching,2367,2327,2367,40
left_turning,2419,2367,2419,52
sniffing,2637,2419,2637,218
rearing,2686,2637,2686,49
grooming,2780,2686,2780,94
left_turning,2792,2780,2792,12
sniffing,3063,2792,3063,271
rising,3141,3063,3141,78
grooming,3244,3141,3244,103
rising,3267,3244,3267,23
walking,3293,3267,3293,26
left_turning,3319,3293,3319,26
rising,3420,3319,3420,101
grooming,3581,3420,3581,161
rising,3628,3581,3628,47
left_turning,3664,3628,3664,36
sniffing,3666,3664,3666,2
grooming,3771,3666,3771,105
rearing,3794,3771,3794,23
rising,3868,3794,3868,74
sniffing,3944,3868,3944,76
rearing,4048,3944,4048,104
rising,4052,4048,4052,4
sniffing,4053,4052,4053,1
stepping,4061,4053,4061,8
sniffing,4062,4061,4062,1
walking,4135,4062,4135,73
trotting,4183,4135,4183,48
walking,4230,4183,4230,47
stepping,4231,4230,4231,1
grooming,4232,4231,4232,1
hunching,4276,4232,4276,44
rising,4297,4276,4297,21
sniffing,4298,4297,4298,1
rising,4299,4298,4299,1
sniffing,4320,4299,4320,21
rising,4352,4320,4352,32
climbing,4393,4352,4393,41
rising,4462,4393,4462,69
grooming,4562,4462,4562,100
rising,4568,4562,4568,6
grooming,4629,4568,4629,61
rearing,4638,4629,4638,9
sniffing,4640,4638,4640,2
walking,4674,4640,4674,34
rising,4721,4674,4721,47
rearing,4802,4721,4802,81
left_turning,4842,4802,4842,40
hunching,4857,4842,4857,15
grooming,5022,4857,5022,165
walking,5121,5022,5121,99
grooming,5206,5121,5206,85
hunching,5228,5206,5228,22
walking,5269,5228,5269,41
trotting,5291,5269,5291,22
walking,5292,5291,5292,1
stepping,5341,5292,5341,49
sniffing,5342,5341,5342,1
left_turning,5348,5342,5348,6
walking,5349,5348,5349,1
sniffing,5354,5349,5354,5
stepping,5355,5354,5355,1
walking,5371,5355,5371,16
sniffing,5564,5371,5564,193
walking,5618,5564,5618,54
sniffing,5657,5618,5657,39
right_turning,5683,5657,5683,26
sniffing,5750,5683,5750,67
stepping,5766,5750,5766,16
walking,5826,5766,5826,60
sniffing,5868,5826,5868,42
walking,5916,5868,5916,48
trotting,5955,5916,5955,39
sniffing,6048,5955,6048,93
right_turning,6049,6048,6049,1
running,6083,6049,6083,34
sniffing,6116,6083,6116,33
walking,6145,6116,6145,29
rising,6183,6145,6183,38
walking,6245,6183,6245,62
trotting,6280,6245,6280,35
stepping,6297,6280,6297,17
sniffing,6421,6297,6421,124
rising,6422,6421,6422,1
walking,6482,6422,6482,60
stepping,6500,6482,6500,18
rising,6510,6500,6510,10
right_turning,6511,6510,6511,1
trotting,6528,6511,6528,17
running,6535,6528,6535,7
rising,6553,6535,6553,18
sniffing,6642,6553,6642,89
left_turning,6643,6642,6643,1
walking,6705,6643,6705,62
sniffing,6706,6705,6706,1
rising,6759,6706,6759,53
sniffing,6820,6759,6820,61
rising,6847,6820,6847,27
running,6911,6847,6911,64
walking,6912,6911,6912,1
stepping,7003,6912,7003,91
trotting,7051,7003,7051,48
sniffing,7072,7051,7072,21
walking,7140,7072,7140,68
trotting,7198,7140,7198,58
walking,7255,7198,7255,57
trotting,7292,7255,7292,37
stepping,7324,7292,7324,32
walking,7432,7324,7432,108
trotting,7467,7432,7467,35
grooming,7584,7467,7584,117
sniffing,7585,7584,7585,1
stepping,7608,7585,7608,23
rising,7642,7608,7642,34
sniffing,7663,7642,7663,21
stepping,7692,7663,7692,29
walking,7723,7692,7723,31
sniffing,7724,7723,7724,1
rising,7732,7724,7732,8
walking,7733,7732,7733,1
trotting,7796,7733,7796,63
running,7818,7796,7818,22
sniffing,7823,7818,7823,5
left_turning,7824,7823,7824,1
sniffing,7848,7824,7848,24
hunching,7862,7848,7862,14
grooming,7865,7862,7865,3
left_turning,7896,7865,7896,31
walking,7909,7896,7909,13
rising,7910,7909,7910,1
trotting,7953,7910,7953,43
walking,8069,7953,8069,116
sniffing,8070,8069,8070,1
rising,8081,8070,8081,11
rearing,8284,8081,8284,203
rising,8306,8284,8306,22
stepping,8343,8306,8343,37
walking,8354,8343,8354,11
sniffing,8425,8354,8425,71
stepping,8491,8425,8491,66
sniffing,8794,8491,8794,303
rising,8801,8794,8801,7
sniffing,8858,8801,8858,57
left_turning,8909,8858,8909,51
sniffing,8950,8909,8950,41
rising,8975,8950,8975,25
sniffing,8976,8975,8976,1
walking,8977,8976,8977,1
running,8997,8977,8997,20
trotting,9018,8997,9018,21
walking,9093,9018,9093,75
grooming,9285,9093,9285,192
walking,9338,9285,9338,53
rising,9371,9338,9371,33
sniffing,9383,9371,9383,12
walking,9454,9383,9454,71
trotting,9486,9454,9486,32
running,9516,9486,9516,30
walking,9561,9516,9561,45
right_turning,9595,9561,9595,34
sniffing,9614,9595,9614,19
stepping,9671,9614,9671,57
running,9700,9671,9700,29
right_turning,9701,9700,9701,1
trotting,9717,9701,9717,16
rising,9731,9717,9731,14
hunching,9786,9731,9786,55
grooming,9840,9786,9840,54
left_turning,9900,9840,9900,60
sniffing,9901,9900,9901,1
rising,9937,9901,9937,36
sniffing,9983,9937,9983,46
left_turning,10057,9983,10057,74
stepping,10069,10057,10069,12
left_turning,10099,10069,10099,30
running,10156,10099,10156,57
walking,10190,10156,10190,34
rising,10235,10190,10235,45
stepping,10287,10235,10287,52
rising,10345,10287,10345,58
grooming,10426,10345,10426,81
climbing,10428,10426,10428,2
rearing,10429,10428,10429,1
climbing,10484,10429,10484,55
rearing,10485,10484,10485,1
climbing,10515,10485,10515,30
grooming,10826,10515,10826,311
hunching,10827,10826,10827,1
grooming,10828,10827,10828,1
left_turning,10838,10828,10838,10
sniffing,10995,10838,10995,157
walking,11041,10995,11041,46
running,11047,11041,11047,6
trotting,11125,11047,11125,78
sniffing,11282,11125,11282,157
grooming,11301,11282,11301,19
rising,11362,11301,11362,61
grooming,11381,11362,11381,19
rising,11427,11381,11427,46
walking,11456,11427,11456,29
grooming,11497,11456,11497,41
hunching,11513,11497,11513,16
rearing,11544,11513,11544,31
grooming,11615,11544,11615,71
sniffing,11691,11615,11691,76
left_turning,11692,11691,11692,1
walking,11715,11692,11715,23
stepping,11716,11715,11716,1
rising,11795,11716,11795,79
grooming,11835,11795,11835,40
stepping,11887,11835,11887,52
sniffing,11913,11887,11913,26
grooming,11977,11913,11977,64
rising,12014,11977,12014,37
grooming,12045,12014,12045,31
rising,12094,12045,12094,49
grooming,12147,12094,12147,53
rising,12174,12147,12174,27
sniffing,12256,12174,12256,82
walking,12306,12256,12306,50
rearing,12307,12306,12307,1
walking,12308,12307,12308,1
rising,12370,12308,12370,62
walking,12426,12370,12426,56
sniffing,12477,12426,12477,51
walking,12509,12477,12509,32
trotting,12518,12509,12518,9
grooming,12519,12518,12519,1
sniffing,12520,12519,12520,1
stepping,12572,12520,12572,52
walking,12605,12572,12605,33
stepping,12674,12605,12674,69
sniffing,12713,12674,12713,39
rising,12717,12713,12717,4
sniffing,12758,12717,12758,41
climbing,12818,12758,12818,60
grooming,12819,12818,12819,1
climbing,12855,12819,12855,36
left_turning,12875,12855,12875,20
stepping,12917,12875,12917,42
walking,12955,12917,12955,38
left_turning,12985,12955,12985,30
stepping,13016,12985,13016,31
walking,13087,13016,13087,71
rising,13096,13087,13096,9
grooming,13203,13096,13203,107
sniffing,13212,13203,13212,9
stepping,13294,13212,13294,82
grooming,13350,13294,13350,56
hunching,13351,13350,13351,1
grooming,13352,13351,13352,1
rising,13376,13352,13376,24
sniffing,13409,13376,13409,33
rising,13426,13409,13426,17
grooming,13591,13426,13591,165
walking,13606,13591,13606,15
sniffing,13634,13606,13634,28
walking,13682,13634,13682,48
running,13699,13682,13699,17
sniffing,13718,13699,13718,19
grooming,13891,13718,13891,173
right_turning,13939,13891,13939,48
trotting,13970,13939,13970,31
rearing,14007,13970,14007,37
grooming,14129,14007,14129,122
sniffing,14202,14129,14202,73
walking,14267,14202,14267,65
sniffing,14268,14267,14268,1
running,14305,14268,14305,37
sniffing,14306,14305,14306,1
walking,14355,14306,14355,49
running,14367,14355,14367,12
sniffing,14383,14367,14383,16
walking,14410,14383,14410,27
sniffing,14554,14410,14554,144
grooming,14789,14554,14789,235
rising,14791,14789,14791,2
walking,14813,14791,14813,22
grooming,15037,14813,15037,224
climbing,15092,15037,15092,55
grooming,15399,15092,15399,307
left_turning,15406,15399,15406,7
trotting,15457,15406,15457,51
left_turning,15477,15457,15477,20
grooming,15478,15477,15478,1
rearing,15547,15478,15547,69
grooming,15698,15547,15698,151
sniffing,15715,15698,15715,17
climbing,15751,15715,15751,36
walking,15814,15751,15814,63
stepping,15844,15814,15844,30
climbing,15869,15844,15869,25
rearing,15956,15869,15956,87
grooming,16106,15956,16106,150
left_turning,16110,16106,16110,4
sniffing,16274,16110,16274,164
walking,16345,16274,16345,71
running,16361,16345,16361,16
stepping,16386,16361,16386,25
walking,16411,16386,16411,25
sniffing,16492,16411,16492,81
walking,16525,16492,16525,33
stepping,16620,16525,16620,95
climbing,16667,16620,16667,47
grooming,16809,16667,16809,142
left_turning,16826,16809,16826,17
grooming,16992,16826,16992,166
rising,17007,16992,17007,15
sniffing,17085,17007,17085,78
rising,17147,17085,17147,62
hunching,17180,17147,17180,33
grooming,17292,17180,17292,112
rearing,17293,17292,17293,1
hunching,17298,17293,17298,5
grooming,17391,17298,17391,93
walking,17416,17391,17416,25
running,17454,17416,17454,38
left_turning,17459,17454,17459,5
sniffing,17521,17459,17521,62
rising,17567,17521,17567,46
walking,17568,17567,17568,1
right_turning,17635,17568,17635,67
trotting,17664,17635,17664,29
sniffing,17696,17664,17696,32
grooming,17725,17696,17725,29
trotting,17789,17725,17789,64
sniffing,17790,17789,17790,1
stepping,17815,17790,17815,25
walking,17838,17815,17838,23
stepping,17910,17838,17910,72
rising,17932,17910,17932,22
rearing,17933,17932,17933,1
sniffing,17936,17933,17936,3
grooming,17937,17936,17937,1
hunching,17963,17937,17963,26
sniffing,18060,17963,18060,97
walking,18083,18060,18083,23
stepping,18084,18083,18084,1
walking,18155,18084,18155,71
stepping,18167,18155,18167,12
sniffing,18207,18167,18207,40
scratching,18208,18207,18208,1
walking,18209,18208,18209,1
sniffing,18386,18209,18386,177
left_turning,18429,18386,18429,43
sniffing,18516,18429,18516,87
grooming,18517,18516,18517,1
sniffing,18582,18517,18582,65
rearing,18622,18582,18622,40
hunching,18750,18622,18750,128
rising,18751,18750,18751,1
climbing,18779,18751,18779,28
grooming,19033,18779,19033,254
rearing,19080,19033,19080,47
rising,19159,19080,19159,79
grooming,19160,19159,19160,1
right_turning,19226,19160,19226,66
walking,19282,19226,19282,56
right_turning,19312,19282,19312,30
sniffing,19313,19312,19313,1
walking,19359,19313,19359,46
sniffing,19471,19359,19471,112
stepping,19502,19471,19502,31
grooming,19503,19502,19503,1
hunching,19504,19503,19504,1
grooming,19512,19504,19512,8
walking,19513,19512,19513,1
sniffing,19598,19513,19598,85
left_turning,19655,19598,19655,57
grooming,19656,19655,19656,1
running,19735,19656,19735,79
rearing,19761,19735,19761,26
hunching,19763,19761,19763,2
stepping,19807,19763,19807,44
climbing,19846,19807,19846,39
sniffing,19870,19846,19870,24
climbing,19883,19870,19883,13
walking,19890,19883,19890,7
stepping,19938,19890,19938,48
walking,19968,19938,19968,30
stepping,19995,19968,19995,27
grooming,19996,19995,19996,1
hunching,19999,19996,19999,3
grooming,20001,19999,20001,2
rising,20012,20001,20012,11
climbing,20090,20012,20090,78
grooming,20180,20090,20180,90
stepping,20251,20180,20251,71
left_turning,20304,20251,20304,53
stepping,20370,20304,20370,66
right_turning,20406,20370,20406,36
stepping,20426,20406,20426,20
rising,20468,20426,20468,42
hunching,20473,20468,20473,5
rearing,20508,20473,20508,35
trotting,20538,20508,20538,30
sniffing,20686,20538,20686,148
grooming,20810,20686,20810,124
hunching,20863,20810,20863,53
stepping,20888,20863,20888,25
walking,20945,20888,20945,57
sniffing,21129,20945,21129,184
stepping,21138,21129,21138,9
sniffing,21204,21138,21204,66
walking,21247,21204,21247,43
climbing,21362,21247,21362,115
left_turning,21410,21362,21410,48
sniffing,21527,21410,21527,117
grooming,21528,21527,21528,1
stepping,21544,21528,21544,16
grooming,21545,21544,21545,1
rising,21645,21545,21645,100
rearing,21740,21645,21740,95
grooming,21919,21740,21919,179
rearing,21985,21919,21985,66
grooming,22017,21985,22017,32
hunching,22030,22017,22030,13
rearing,22153,22030,22153,123
grooming,22207,22153,22207,54
sniffing,22256,22207,22256,49
left_turning,22313,22256,22313,57
walking,22350,22313,22350,37
sniffing,22351,22350,22351,1
stepping,22401,22351,22401,50
climbing,22589,22401,22589,188
left_turning,22599,22589,22599,10
sniffing,22686,22599,22686,87
grooming,22687,22686,22687,1
sniffing,22755,22687,22755,68
right_turning,22756,22755,22756,1
stepping,22757,22756,22757,1
sniffing,22758,22757,22758,1
running,22790,22758,22790,32
sniffing,22899,22790,22899,109
rising,22908,22899,22908,9
grooming,23164,22908,23164,256
hunching,23170,23164,23170,6
grooming,23171,23170,23171,1
hunching,23188,23171,23188,17
grooming,23321,23188,23321,133
walking,23360,23321,23360,39
left_turning,23385,23360,23385,25
grooming,23432,23385,23432,47
sniffing,23500,23432,23500,68
grooming,23683,23500,23683,183
stepping,23704,23683,23704,21
walking,23842,23704,23842,138
stepping,23872,23842,23872,30
sniffing,24016,23872,24016,144
walking,24017,24016,24017,1
stepping,24067,24017,24067,50
walking,24093,24067,24093,26
climbing,24094,24093,24094,1
walking,24154,24094,24154,60
stepping,24162,24154,24162,8
sniffing,24190,24162,24190,28
grooming,24426,24190,24426,236
rearing,24458,24426,24458,32
stepping,24459,24458,24459,1
sniffing,24533,24459,24533,74
stepping,24586,24533,24586,53
climbing,24601,24586,24601,15
sniffing,24608,24601,24608,7
walking,24679,24608,24679,71
sniffing,24730,24679,24730,51
rising,24773,24730,24773,43
hunching,24774,24773,24774,1
rearing,24815,24774,24815,41
grooming,24958,24815,24958,143
sniffing,25020,24958,25020,62
climbing,25064,25020,25064,44
stepping,25068,25064,25068,4
rising,25087,25068,25087,19
walking,25120,25087,25120,33
sniffing,25148,25120,25148,28
hunching,25168,25148,25168,20
grooming,25184,25168,25184,16
running,25211,25184,25211,27
trotting,25252,25211,25252,41
rising,25260,25252,25260,8
hunching,25357,25260,25357,97
rearing,25445,25357,25445,88
grooming,25462,25445,25462,17
hunching,25559,25462,25559,97
rearing,25566,25559,25566,7
grooming,25610,25566,25610,44
rearing,25618,25610,25618,8
climbing,25671,25618,25671,53
grooming,25749,25671,25749,78
sniffing,25857,25749,25857,108
left_turning,25882,25857,25882,25
grooming,25928,25882,25928,46
rearing,25993,25928,25993,65
left_turning,26008,25993,26008,15
sniffing,26052,26008,26052,44
left_turning,26063,26052,26063,11
walking,26101,26063,26101,38
sniffing,26203,26101,26203,102
grooming,26233,26203,26233,30
walking,26260,26233,26260,27
grooming,26345,26260,26345,85
sniffing,26363,26345,26363,18
stepping,26425,26363,26425,62
sniffing,26446,26425,26446,21
walking,26473,26446,26473,27
rising,26544,26473,26544,71
running,26545,26544,26545,1
stepping,26559,26545,26559,14
sniffing,26727,26559,26727,168
stepping,26728,26727,26728,1
sniffing,26743,26728,26743,15
grooming,26871,26743,26871,128
climbing,26920,26871,26920,49
rising,26977,26920,26977,57
stepping,27011,26977,27011,34
walking,27028,27011,27028,17
sniffing,27054,27028,27054,26
climbing,27100,27054,27100,46
walking,27101,27100,27101,1
sniffing,27316,27101,27316,215
stepping,27333,27316,27333,17
climbing,27334,27333,27334,1
rearing,27335,27334,27335,1
walking,27348,27335,27348,13
sniffing,27369,27348,27369,21
grooming,27370,27369,27370,1
stepping,27401,27370,27401,31
rising,27453,27401,27453,52
rearing,27481,27453,27481,28
stepping,27486,27481,27486,5
trotting,27518,27486,27518,32
stepping,27528,27518,27528,10
walking,27545,27528,27545,17
sniffing,27546,27545,27546,1
hunching,27601,27546,27601,55
rearing,27623,27601,27623,22
stepping,27657,27623,27657,34
sniffing,27707,27657,27707,50
walking,27720,27707,27720,13
sniffing,27778,27720,27778,58
walking,27805,27778,27805,27
stepping,27814,27805,27814,9
sniffing,27972,27814,27972,158
rising,27979,27972,27979,7
grooming,28118,27979,28118,139
sniffing,28242,28118,28242,124
running,28267,28242,28267,25
walking,28351,28267,28351,84
right_turning,28378,28351,28378,27
sniffing,28456,28378,28456,78
climbing,28523,28456,28523,67
rising,28590,28523,28590,67
left_turning,28638,28590,28638,48
walking,28650,28638,28650,12
trotting,28675,28650,28675,25
left_turning,28738,28675,28738,63
walking,28762,28738,28762,24
grooming,28763,28762,28763,1
rearing,28823,28763,28823,60
rising,28851,28823,28851,28
stepping,28891,28851,28891,40
left_turning,28907,28891,28907,16
walking,28947,28907,28947,40
left_turning,28993,28947,28993,46
rising,29000,28993,29000,7
sniffing,29037,29000,29037,37
walking,29064,29037,29064,27
stepping,29073,29064,29073,9
sniffing,29094,29073,29094,21
rising,29130,29094,29130,36
climbing,29142,29130,29142,12
right_turning,29160,29142,29160,18
stepping,29218,29160,29218,58
walking,29248,29218,29248,30
trotting,29249,29248,29249,1
left_turning,29300,29249,29300,51
walking,29302,29300,29302,2
trotting,29376,29302,29376,74
sniffing,29420,29376,29420,44
grooming,29421,29420,29421,1
hunching,29471,29421,29471,50
grooming,29547,29471,29547,76
right_turning,29588,29547,29588,41
climbing,29617,29588,29617,29
left_turning,29618,29617,29618,1
trotting,29639,29618,29639,21
grooming,29657,29639,29657,18
walking,29724,29657,29724,67
sniffing,29725,29724,29725,1
trotting,29738,29725,29738,13
grooming,29952,29738,29952,214
sniffing,29997,29952,29997,45
grooming,30072,29997,30072,75
rearing,30073,30072,30073,1
grooming,30074,30073,30074,1
trotting,30121,30074,30121,47
sniffing,30122,30121,30122,1
stepping,30181,30122,30181,59
left_turning,30182,30181,30182,1
stepping,30215,30182,30215,33
climbing,30280,30215,30280,65
rising,30295,30280,30295,15
left_turning,30346,30295,30346,51
rearing,30377,30346,30377,31
left_turning,30381,30377,30381,4
grooming,30382,30381,30382,1
sniffing,30394,30382,30394,12
left_turning,30405,30394,30405,11
walking,30443,30405,30443,38
sniffing,30478,30443,30478,35
rising,30529,30478,30529,51
rearing,30576,30529,30576,47
hunching,30577,30576,30577,1
grooming,30619,30577,30619,42
hunching,30707,30619,30707,88
rearing,30771,30707,30771,64
hunching,30816,30771,30816,45
rearing,30840,30816,30840,24
grooming,31043,30840,31043,203
stepping,31096,31043,31096,53
walking,31134,31096,31134,38
sniffing,31271,31134,31271,137
rising,31272,31271,31272,1
climbing,31346,31272,31346,74
stepping,31363,31346,31363,17
climbing,31372,31363,31372,9
walking,31373,31372,31373,1
rising,31386,31373,31386,13
left_turning,31412,31386,31412,26
climbing,31446,31412,31446,34
grooming,31601,31446,31601,155
sniffing,31642,31601,31642,41
grooming,31780,31642,31780,138
hunching,31849,31780,31849,69
rearing,31899,31849,31899,50
grooming,31900,31899,31900,1
hunching,31921,31900,31921,21
grooming,31972,31921,31972,51
left_turning,32010,31972,32010,38
sniffing,32036,32010,32036,26
rising,32098,32036,32098,62
rearing,32099,32098,32099,1
grooming,32532,32099,32532,433
rising,32565,32532,32565,33
rearing,32663,32565,32663,98
climbing,32710,32663,32710,47
rearing,32823,32710,32823,113
grooming,32912,32823,32912,89
rising,32949,32912,32949,37
climbing,33000,32949,33000,51
grooming,33215,33000,33215,215
sniffing,33294,33215,33294,79
rising,33295,33294,33295,1
grooming,33488,33295,33488,193
sniffing,33489,33488,33489,1
scratching,33490,33489,33490,1
sniffing,33491,33490,33491,1
rising,33518,33491,33518,27
climbing,33577,33518,33577,59
sniffing,33578,33577,33578,1
stepping,33619,33578,33619,41
rising,33620,33619,33620,1
grooming,33719,33620,33719,99
left_turning,33754,33719,33754,35
trotting,33783,33754,33783,29
left_turning,33827,33783,33827,44
trotting,33882,33827,33882,55
walking,33903,33882,33903,21
sniffing,34018,33903,34018,115
grooming,34036,34018,34036,18
sniffing,34116,34036,34116,80
scratching,34117,34116,34117,1
sniffing,34212,34117,34212,95
stepping,34233,34212,34233,21
right_turning,34234,34233,34234,1
walking,34246,34234,34246,12
sniffing,34349,34246,34349,103
stepping,34394,34349,34394,45
sniffing,34395,34394,34395,1
grooming,34396,34395,34396,1
sniffing,34480,34396,34480,84
grooming,34637,34480,34637,157
rearing,34701,34637,34701,64
grooming,34850,34701,34850,149
hunching,34870,34850,34870,20
grooming,34871,34870,34871,1
hunching,34906,34871,34906,35
rearing,34918,34906,34918,12
trotting,34919,34918,34919,1
sniffing,34920,34919,34920,1
right_turning,34965,34920,34965,45
trotting,35007,34965,35007,42
walking,35018,35007,35018,11
sniffing,35019,35018,35019,1
hunching,35051,35019,35051,32
grooming,35111,35051,35111,60
stepping,35153,35111,35153,42
grooming,35281,35153,35281,128
rearing,35349,35281,35349,68
hunching,35355,35349,35355,6
grooming,35356,35355,35356,1
sniffing,35363,35356,35363,7
rising,35364,35363,35364,1
grooming,35468,35364,35468,104
stepping,35529,35468,35529,61
rising,35567,35529,35567,38
walking,35583,35567,35583,16
sniffing,35646,35583,35646,63
stepping,35678,35646,35678,32
rising,35717,35678,35717,39
sniffing,35771,35717,35771,54
rising,35796,35771,35796,25
rearing,35842,35796,35842,46
grooming,36180,35842,36180,338
rearing,36236,36180,36236,56
hunching,36323,36236,36323,87
rearing,36324,36323,36324,1
sniffing,36435,36324,36435,111
rising,36484,36435,36484,49
left_turning,36536,36484,36536,52
rising,36558,36536,36558,22
sniffing,36682,36558,36682,124
rising,36717,36682,36717,35
sniffing,36877,36717,36877,160
stepping,36940,36877,36940,63
sniffing,36944,36940,36944,4
trotting,36994,36944,36994,50
stepping,37042,36994,37042,48
sniffing,37060,37042,37060,18
walking,37137,37060,37137,77
rearing,37181,37137,37181,44
climbing,37236,37181,37236,55
rearing,37259,37236,37259,23
sniffing,37380,37259,37380,121
walking,37398,37380,37398,18
sniffing,37408,37398,37408,10
rearing,37448,37408,37448,40
rising,37449,37448,37449,1
climbing,37501,37449,37501,52
stepping,37545,37501,37545,44
walking,37627,37545,37627,82
sniffing,37677,37627,37677,50
grooming,37678,37677,37678,1
sniffing,37679,37678,37679,1
scratching,37680,37679,37680,1
grooming,37681,37680,37681,1
running,37706,37681,37706,25
stepping,37728,37706,37728,22
running,37754,37728,37754,26
sniffing,37796,37754,37796,42
rearing,37906,37796,37906,110
grooming,37981,37906,37981,75
stepping,37982,37981,37982,1
right_turning,37983,37982,37983,1
rising,38029,37983,38029,46
left_turning,38030,38029,38030,1
scratching,38031,38030,38031,1
sniffing,38062,38031,38062,31
grooming,38343,38062,38343,281
climbing,38399,38343,38399,56
running,38414,38399,38414,15
stepping,38438,38414,38438,24
grooming,38558,38438,38558,120
walking,38651,38558,38651,93
rising,38689,38651,38689,38
sniffing,38800,38689,38800,111
grooming,38934,38800,38934,134
stepping,38974,38934,38974,40
sniffing,38996,38974,38996,22
left_turning,39006,38996,39006,10
sniffing,39055,39006,39055,49
rising,39073,39055,39073,18
stepping,39083,39073,39083,10
walking,39123,39083,39123,40
rearing,39146,39123,39146,23
hunching,39185,39146,39185,39
rearing,39225,39185,39225,40
rising,39381,39225,39381,156
climbing,39395,39381,39395,14
walking,39427,39395,39427,32
stepping,39460,39427,39460,33
sniffing,39566,39460,39566,106
walking,39567,39566,39567,1
sniffing,39607,39567,39607,40
grooming,39608,39607,39608,1
rearing,39609,39608,39609,1
hunching,39665,39609,39665,56
climbing,39767,39665,39767,102
left_turning,39804,39767,39804,37
walking,39841,39804,39841,37
stepping,39851,39841,39851,10
sniffing,39934,39851,39934,83
rising,39952,39934,39952,18
hunching,40010,39952,40010,58
sniffing,40106,40010,40106,96
left_turning,40140,40106,40140,34
walking,40154,40140,40154,14
rearing,40211,40154,40211,57
grooming,40312,40211,40312,101
rearing,40330,40312,40330,18
grooming,40628,40330,40628,298
climbing,40652,40628,40652,24
rising,40656,40652,40656,4
walking,40687,40656,40687,31
sniffing,40820,40687,40820,133
stepping,40867,40820,40867,47
walking,40921,40867,40921,54
sniffing,40954,40921,40954,33
grooming,40955,40954,40955,1
running,40972,40955,40972,17
trotting,40995,40972,40995,23
sniffing,41105,40995,41105,110
trotting,41126,41105,41126,21
stepping,41133,41126,41133,7
walking,41197,41133,41197,64
left_turning,41206,41197,41206,9
sniffing,41252,41206,41252,46
rearing,41273,41252,41273,21
left_turning,41334,41273,41334,61
sniffing,41432,41334,41432,98
grooming,41525,41432,41525,93
rising,41592,41525,41592,67
grooming,41625,41592,41625,33
stepping,41683,41625,41683,58
sniffing,41731,41683,41731,48
grooming,41846,41731,41846,115
stepping,41880,41846,41880,34
sniffing,41881,41880,41881,1
rearing,41892,41881,41892,11
climbing,41921,41892,41921,29
grooming,42074,41921,42074,153
walking,42099,42074,42099,25
grooming,42176,42099,42176,77
rearing,42250,42176,42250,74
grooming,42251,42250,42251,1
climbing,42263,42251,42263,12
grooming,42310,42263,42310,47
scratching,42311,42310,42311,1
sniffing,42318,42311,42318,7
rising,42353,42318,42353,35
rearing,42430,42353,42430,77
climbing,42431,42430,42431,1
right_turning,42432,42431,42432,1
climbing,42503,42432,42503,71
sniffing,42630,42503,42630,127
left_turning,42641,42630,42641,11
stepping,42701,42641,42701,60
rising,42721,42701,42721,20
right_turning,42766,42721,42766,45
grooming,43082,42766,43082,316
rising,43095,43082,43095,13
climbing,43124,43095,43124,29
grooming,43333,43124,43333,209
sniffing,43392,43333,43392,59
walking,43518,43392,43518,126
sniffing,43548,43518,43548,30
climbing,43600,43548,43600,52
rearing,43669,43600,43669,69
grooming,43817,43669,43817,148
sniffing,43818,43817,43818,1
walking,43869,43818,43869,51
stepping,43951,43869,43951,82
sniffing,43992,43951,43992,41
walking,44006,43992,44006,14
stepping,44044,44006,44044,38
climbing,44051,44044,44051,7
sniffing,44052,44051,44052,1
rising,44074,44052,44074,22
walking,44114,44074,44114,40
stepping,44156,44114,44156,42
walking,44157,44156,44157,1
rising,44158,44157,44158,1
rearing,44172,44158,44172,14
hunching,44173,44172,44173,1
rearing,44219,44173,44219,46
climbing,44238,44219,44238,19
right_turning,44239,44238,44239,1
walking,44291,44239,44291,52
right_turning,44342,44291,44342,51
stepping,44401,44342,44401,59
sniffing,44431,44401,44431,30
walking,44454,44431,44454,23
climbing,44477,44454,44477,23
grooming,44478,44477,44478,1
walking,44520,44478,44520,42
stepping,44567,44520,44567,47
rising,44568,44567,44568,1
climbing,44569,44568,44569,1
grooming,44737,44569,44737,168
hunching,44738,44737,44738,1
rearing,44792,44738,44792,54
grooming,44793,44792,44793,1
hunching,44856,44793,44856,63
rising,44893,44856,44893,37
walking,44942,44893,44942,49
stepping,44993,44942,44993,51
right_turning,45005,44993,45005,12
stepping,45074,45005,45074,69
climbing,45221,45074,45221,147
grooming,45222,45221,45222,1
walking,45262,45222,45262,40
sniffing,45326,45262,45326,64
running,45334,45326,45334,8
jumping,45413,45334,45413,79
stepping,45478,45413,45478,65
grooming,45603,45478,45603,125
sniffing,45604,45603,45604,1
stepping,45675,45604,45675,71
sniffing,45711,45675,45711,36
walking,45726,45711,45726,15
sniffing,45750,45726,45750,24
climbing,45751,45750,45751,1
rearing,45789,45751,45789,38
climbing,45831,45789,45831,42
rising,45848,45831,45848,17
rearing,45851,45848,45851,3
walking,45852,45851,45852,1
trotting,45867,45852,45867,15
sniffing,45868,45867,45868,1
left_turning,45888,45868,45888,20
trotting,45920,45888,45920,32
left_turning,45948,45920,45948,28
stepping,46027,45948,46027,79
sniffing,46104,46027,46104,77
walking,46105,46104,46105,1
grooming,46177,46105,46177,72
rising,46218,46177,46218,41
hunching,46266,46218,46266,48
grooming,46324,46266,46324,58
sniffing,46373,46324,46373,49
walking,46422,46373,46422,49
sniffing,46423,46422,46423,1
grooming,46424,46423,46424,1
stepping,46464,46424,46464,40
walking,46512,46464,46512,48
sniffing,46612,46512,46612,100
grooming,46636,46612,46636,24
rearing,46698,46636,46698,62
climbing,46699,46698,46699,1
rising,46700,46699,46700,1
grooming,46701,46700,46701,1
stepping,46786,46701,46786,85
sniffing,46827,46786,46827,41
left_turning,46866,46827,46866,39
sniffing,46959,46866,46959,93
stepping,46960,46959,46960,1
walking,47028,46960,47028,68
trotting,47080,47028,47080,52
sniffing,47081,47080,47081,1
grooming,47372,47081,47372,291
stepping,47409,47372,47409,37
sniffing,47573,47409,47573,164
rising,47660,47573,47660,87
rearing,47809,47660,47809,149
grooming,47826,47809,47826,17
hunching,47839,47826,47839,13
climbing,47945,47839,47945,106
right_turning,47950,47945,47950,5
sniffing,47981,47950,47981,31
rearing,48004,47981,48004,23
sniffing,48005,48004,48005,1
left_turning,48060,48005,48060,55
sniffing,48139,48060,48139,79
rising,48163,48139,48163,24
sniffing,48220,48163,48220,57
walking,48232,48220,48232,12
sniffing,48233,48232,48233,1
climbing,48302,48233,48302,69
left_turning,48303,48302,48303,1
walking,48368,48303,48368,65
stepping,48406,48368,48406,38
sniffing,48456,48406,48456,50
stepping,48482,48456,48482,26
rising,48483,48482,48483,1
grooming,48501,48483,48501,18
stepping,48534,48501,48534,33
running,48570,48534,48570,36
right_turning,48606,48570,48606,36
walking,48715,48606,48715,109
sniffing,48788,48715,48788,73
walking,48830,48788,48830,42
right_turning,48831,48830,48831,1
trotting,48846,48831,48846,15
stepping,48876,48846,48876,30
sniffing,48877,48876,48877,1
walking,48879,48877,48879,2
trotting,48904,48879,48904,25
left_turning,48961,48904,48961,57
running,49007,48961,49007,46
jumping,49100,49007,49100,93
rearing,49103,49100,49103,3
climbing,49265,49103,49265,162
walking,49336,49265,49336,71
trotting,49358,49336,49358,22
sniffing,49534,49358,49534,176
trotting,49540,49534,49540,6
walking,49608,49540,49608,68
trotting,49669,49608,49669,61
stepping,49688,49669,49688,19
grooming,49913,49688,49913,225
rising,49984,49913,49984,71
left_turning,50035,49984,50035,51
walking,50065,50035,50065,30
trotting,50069,50065,50069,4
sniffing,50144,50069,50144,75
stepping,50193,50144,50193,49
grooming,50290,50193,50290,97
sniffing,50361,50290,50361,71
left_turning,50362,50361,50362,1
walking,50382,50362,50382,20
sniffing,50383,50382,50383,1
grooming,50389,50383,50389,6
sniffing,50450,50389,50450,61
walking,50463,50450,50463,13
sniffing,50536,50463,50536,73
rising,50575,50536,50575,39
sniffing,50690,50575,50690,115
walking,50691,50690,50691,1
sniffing,50867,50691,50867,176
climbing,50875,50867,50875,8
rearing,50894,50875,50894,19
grooming,51164,50894,51164,270
sniffing,51350,51164,51350,186
rearing,51412,51350,51412,62
trotting,51479,51412,51479,67
sniffing,51590,51479,51590,111
grooming,51693,51590,51693,103
climbing,51739,51693,51739,46
left_turning,51779,51739,51779,40
hunching,51823,51779,51823,44
grooming,51824,51823,51824,1
trotting,51845,51824,51845,21
stepping,51858,51845,51858,13
climbing,51903,51858,51903,45
grooming,51924,51903,51924,21
sniffing,51999,51924,51999,75
left_turning,52041,51999,52041,42
walking,52056,52041,52056,15
sniffing,52057,52056,52057,1
running,52083,52057,52083,26
trotting,52139,52083,52139,56
rearing,52207,52139,52207,68
grooming,52280,52207,52280,73
hunching,52340,52280,52340,60
grooming,52485,52340,52485,145
hunching,52591,52485,52591,106
grooming,52592,52591,52592,1
stepping,52613,52592,52613,21
grooming,52647,52613,52647,34
sniffing,52680,52647,52680,33
left_turning,52717,52680,52717,37
rearing,52731,52717,52731,14
stepping,52766,52731,52766,35
sniffing,52863,52766,52863,97
rising,52894,52863,52894,31
climbing,52965,52894,52965,71
walking,52966,52965,52966,1
trotting,53013,52966,53013,47
walking,53073,53013,53073,60
sniffing,53090,53073,53090,17
rearing,53203,53090,53203,113
climbing,53214,53203,53214,11
running,53219,53214,53219,5
rising,53240,53219,53240,21
grooming,53241,53240,53241,1
rearing,53329,53241,53329,88
grooming,53358,53329,53358,29
climbing,53432,53358,53432,74
right_turning,53433,53432,53433,1
sniffing,53508,53433,53508,75
walking,53558,53508,53558,50
trotting,53583,53558,53583,25
sniffing,53709,53583,53709,126
left_turning,53717,53709,53717,8
trotting,53776,53717,53776,59
walking,53845,53776,53845,69
sniffing,53846,53845,53846,1
rearing,53847,53846,53847,1
left_turning,53850,53847,53850,3
walking,53930,53850,53930,80
sniffing,54033,53930,54033,103
stepping,54038,54033,54038,5
sniffing,54039,54038,54039,1
stepping,54072,54039,54072,33
rearing,54099,54072,54099,27
left_turning,54194,54099,54194,95
sniffing,54226,54194,54226,32
rising,54270,54226,54270,44
climbing,54368,54270,54368,98
running,54406,54368,54406,38
walking,54470,54406,54470,64
stepping,54555,54470,54555,85
walking,54585,54555,54585,30
grooming,54650,54585,54650,65
climbing,54695,54650,54695,45
left_turning,54751,54695,54751,56
stepping,54777,54751,54777,26
grooming,54843,54777,54843,66
trotting,54874,54843,54874,31
walking,54892,54874,54892,18
sniffing,54953,54892,54953,61
walking,54974,54953,54974,21
sniffing,54975,54974,54975,1
climbing,55063,54975,55063,88
trotting,55090,55063,55090,27
sniffing,55158,55090,55158,68
walking,55209,55158,55209,51
sniffing,55263,55209,55263,54
left_turning,55264,55263,55264,1
walking,55361,55264,55361,97
stepping,55423,55361,55423,62
rising,55494,55423,55494,71
climbing,55507,55494,55507,13
grooming,55699,55507,55699,192
climbing,55796,55699,55796,97
rearing,55901,55796,55901,105
rising,55902,55901,55902,1
climbing,55912,55902,55912,10
grooming,56027,55912,56027,115
walking,56079,56027,56079,52
sniffing,56205,56079,56205,126
walking,56212,56205,56212,7
stepping,56263,56212,56263,51
rearing,56264,56263,56264,1
climbing,56377,56264,56377,113
right_turning,56428,56377,56428,51
sniffing,56494,56428,56494,66
left_turning,56535,56494,56535,41
stepping,56548,56535,56548,13
grooming,56619,56548,56619,71
sniffing,56705,56619,56705,86
rising,56735,56705,56735,30
climbing,56835,56735,56835,100
walking,56893,56835,56893,58
sniffing,56894,56893,56894,1
stepping,56916,56894,56916,22
hunching,56978,56916,56978,62
rearing,56979,56978,56979,1
grooming,57601,56979,57601,622
climbing,57685,57601,57685,84
jumping,57686,57685,57686,1
hunching,57706,57686,57706,20
rearing,57707,57706,57707,1
climbing,57758,57707,57758,51
walking,57826,57758,57826,68
sniffing,57835,57826,57835,9
stepping,57875,57835,57875,40
walking,57933,57875,57933,58
sniffing,58040,57933,58040,107
grooming,58232,58040,58232,192
trotting,58284,58232,58284,52
sniffing,58386,58284,58386,102
walking,58456,58386,58456,70
sniffing,58512,58456,58512,56
stepping,58531,58512,58531,19
sniffing,58532,58531,58532,1
grooming,58701,58532,58701,169
trotting,58761,58701,58761,60
walking,58773,58761,58773,12
grooming,58919,58773,58919,146
rearing,58946,58919,58946,27
grooming,58947,58946,58947,1
sniffing,59120,58947,59120,173
trotting,59177,59120,59177,57
stepping,59181,59177,59181,4
grooming,59795,59181,59795,614
sniffing,59796,59795,59796,1
stepping,59817,59796,59817,21
climbing,59861,59817,59861,44
grooming,59918,59861,59918,57
left_turning,59958,59918,59958,40
trotting,59960,59958,59960,2
climbing,60101,59960,60101,141
rearing,60140,60101,60140,39
climbing,60231,60140,60231,91
grooming,61027,60231,61027,796
rising,61055,61027,61055,28
left_turning,61062,61055,61062,7
right_turning,61101,61062,61101,39
sniffing,61151,61101,61151,50
rising,61157,61151,61157,6
walking,61162,61157,61162,5
stepping,61181,61162,61181,19
walking,61194,61181,61194,13
stepping,61240,61194,61240,46
rising,61266,61240,61266,26
climbing,61321,61266,61321,55
grooming,61323,61321,61323,2
rearing,61383,61323,61383,60
sniffing,61384,61383,61384,1
rising,61385,61384,61385,1
left_turning,61418,61385,61418,33
sniffing,61453,61418,61453,35
grooming,61454,61453,61454,1
rearing,61479,61454,61479,25
hunching,61490,61479,61490,11
rearing,61551,61490,61551,61
grooming,61552,61551,61552,1
sniffing,61578,61552,61578,26
left_turning,61604,61578,61604,26
running,61656,61604,61656,52
sniffing,61687,61656,61687,31
walking,61709,61687,61709,22
sniffing,61779,61709,61779,70
stepping,61825,61779,61825,46
sniffing,61826,61825,61826,1
walking,61869,61826,61869,43
stepping,61890,61869,61890,21
walking,61919,61890,61919,29
sniffing,61987,61919,61987,68
right_turning,62018,61987,62018,31
grooming,62087,62018,62087,69
sniffing,62227,62087,62227,140
stepping,62291,62227,62291,64
sniffing,62418,62291,62418,127
walking,62557,62418,62557,139
sniffing,62639,62557,62639,82
grooming,62825,62639,62825,186
hunching,63082,62825,63082,257
grooming,63239,63082,63239,157
rising,63313,63239,63313,74
grooming,63549,63313,63549,236
running,63574,63549,63574,25
trotting,63618,63574,63618,44
rearing,63630,63618,63630,12
grooming,63631,63630,63631,1
rising,63694,63631,63694,63
climbing,63759,63694,63759,65
running,63760,63759,63760,1
sniffing,63907,63760,63907,147
right_turning,63935,63907,63935,28
sniffing,64007,63935,64007,72
left_turning,64044,64007,64044,37
trotting,64096,64044,64096,52
stepping,64134,64096,64134,38
climbing,64455,64134,64455,321
walking,64493,64455,64493,38
climbing,64545,64493,64545,52
grooming,64703,64545,64703,158
sniffing,64814,64703,64814,111
stepping,64870,64814,64870,56
trotting,64892,64870,64892,22
climbing,65077,64892,65077,185
trotting,65091,65077,65091,14
sniffing,65233,65091,65233,142
rising,65289,65233,65289,56
rearing,65290,65289,65290,1
grooming,65465,65290,65465,175
rising,65496,65465,65496,31
sniffing,65605,65496,65605,109
trotting,65634,65605,65634,29
sniffing,65702,65634,65702,68
left_turning,65727,65702,65727,25
trotting,65733,65727,65733,6
sniffing,65964,65733,65964,231
rising,65975,65964,65975,11
left_turning,65993,65975,65993,18
sniffing,66073,65993,66073,80
walking,66136,66073,66136,63
stepping,66154,66136,66154,18
climbing,66189,66154,66189,35
rising,66215,66189,66215,26
sniffing,66375,66215,66375,160
grooming,66626,66375,66626,251
rearing,66710,66626,66710,84
sniffing,66766,66710,66766,56
left_turning,66821,66766,66821,55
rising,66847,66821,66847,26
grooming,66939,66847,66939,92
rising,66956,66939,66956,17
sniffing,66957,66956,66957,1
rearing,67187,66957,67187,230
hunching,67218,67187,67218,31
grooming,67262,67218,67262,44
scratching,67263,67262,67263,1
walking,67325,67263,67325,62
rising,67326,67325,67326,1
rearing,67353,67326,67353,27
grooming,67846,67353,67846,493
sniffing,67847,67846,67847,1
trotting,67912,67847,67912,65
sniffing,68022,67912,68022,110
grooming,68450,68022,68450,428
left_turning,68451,68450,68451,1
grooming,68452,68451,68452,1
rearing,68459,68452,68459,7
rising,68460,68459,68460,1
sniffing,68467,68460,68467,7
walking,68468,68467,68468,1
trotting,68469,68468,68469,1
rearing,68538,68469,68538,69
climbing,68597,68538,68597,59
rising,68616,68597,68616,19
stepping,68685,68616,68685,69
sniffing,68738,68685,68738,53
stepping,68762,68738,68762,24
sniffing,68777,68762,68777,15
left_turning,68778,68777,68778,1
walking,68811,68778,68811,33
sniffing,68945,68811,68945,134
hunching,69006,68945,69006,61
rearing,69009,69006,69009,3
climbing,69047,69009,69047,38
right_turning,69099,69047,69099,52
grooming,69250,69099,69250,151
sniffing,69323,69250,69323,73
running,69353,69323,69353,30
walking,69409,69353,69409,56
stepping,69465,69409,69465,56
sniffing,69595,69465,69595,130
stepping,69632,69595,69632,37
rearing,69680,69632,69680,48
grooming,69870,69680,69870,190
sniffing,69871,69870,69871,1
walking,69904,69871,69904,33
rising,69964,69904,69964,60
sniffing,69965,69964,69965,1
right_turning,69993,69965,69993,28
walking,70056,69993,70056,63
sniffing,70133,70056,70133,77
rising,70206,70133,70206,73
stepping,70262,70206,70262,56
sniffing,70263,70262,70263,1
left_turning,70290,70263,70290,27
running,70347,70290,70347,57
stepping,70365,70347,70365,18
sniffing,70399,70365,70399,34
right_turning,70444,70399,70444,45
walking,70487,70444,70487,43
trotting,70495,70487,70495,8
walking,70540,70495,70540,45
left_turning,70594,70540,70594,54
sniffing,70705,70594,70705,111
walking,70741,70705,70741,36
stepping,70742,70741,70742,1
rising,70792,70742,70792,50
climbing,70909,70792,70909,117
right_turning,70958,70909,70958,49
sniffing,71104,70958,71104,146
stepping,71121,71104,71121,17
walking,71174,71121,71174,53
trotting,71209,71174,71209,35
sniffing,71391,71209,71391,182
stepping,71452,71391,71452,61
sniffing,71723,71452,71723,271
grooming,71771,71723,71771,48
walking,71779,71771,71779,8
trotting,71810,71779,71810,31
running,71827,71810,71827,17
stepping,71834,71827,71834,7
sniffing,72069,71834,72069,235
left_turning,72070,72069,72070,1
walking,72118,72070,72118,48
sniffing,72459,72118,72459,341
trotting,72501,72459,72501,42
sniffing,72545,72501,72545,44
climbing,72603,72545,72603,58
walking,72653,72603,72653,50
right_turning,72678,72653,72678,25
grooming,72679,72678,72679,1
walking,72702,72679,72702,23
sniffing,72942,72702,72942,240
walking,72978,72942,72978,36
climbing,73102,72978,73102,124
left_turning,73189,73102,73189,87
sniffing,73284,73189,73284,95
rising,73285,73284,73285,1
rearing,73333,73285,73333,48
right_turning,73363,73333,73363,30
stepping,73365,73363,73365,2
sniffing,73497,73365,73497,132
left_turning,73556,73497,73556,59
walking,73586,73556,73586,30
stepping,73629,73586,73629,43
grooming,73705,73629,73705,76
sniffing,73951,73705,73951,246
climbing,74005,73951,74005,54
grooming,74006,74005,74006,1
rearing,74069,74006,74069,63
grooming,74377,74069,74377,308
sniffing,74392,74377,74392,15
rearing,74472,74392,74472,80
climbing,74551,74472,74551,79
trotting,74576,74551,74576,25
walking,74666,74576,74666,90
sniffing,74738,74666,74738,72
stepping,74776,74738,74776,38
sniffing,74825,74776,74825,49
rising,74864,74825,74864,39
rearing,75050,74864,75050,186
stepping,75051,75050,75051,1
walking,75054,75051,75054,3
stepping,75083,75054,75083,29
sniffing,75132,75083,75132,49
grooming,75351,75132,75351,219
rearing,75445,75351,75445,94
grooming,75667,75445,75667,222
left_turning,75668,75667,75668,1
sniffing,75685,75668,75685,17
stepping,75700,75685,75700,15
left_turning,75757,75700,75757,57
sniffing,75812,75757,75812,55
right_turning,75866,75812,75866,54
stepping,75901,75866,75901,35
walking,75937,75901,75937,36
rearing,75987,75937,75987,50
grooming,75988,75987,75988,1
sniffing,76155,75988,76155,167
grooming,76156,76155,76156,1
rearing,76244,76156,76244,88
rising,76248,76244,76248,4
grooming,76249,76248,76249,1
walking,76318,76249,76318,69
sniffing,76376,76318,76376,58
climbing,76416,76376,76416,40
walking,76436,76416,76436,20
climbing,76456,76436,76456,20
sniffing,76604,76456,76604,148
grooming,76665,76604,76665,61
rising,76708,76665,76708,43
sniffing,76954,76708,76954,246
walking,77069,76954,77069,115
trotting,77092,77069,77092,23
walking,77146,77092,77146,54
sniffing,77224,77146,77224,78
rising,77225,77224,77225,1
climbing,77251,77225,77251,26
grooming,77252,77251,77252,1
hunching,77255,77252,77255,3
grooming,77399,77255,77399,144
sniffing,77415,77399,77415,16
grooming,77416,77415,77416,1
rising,77418,77416,77418,2
rearing,77419,77418,77419,1
stepping,77485,77419,77485,66
grooming,77570,77485,77570,85
sniffing,77626,77570,77626,56
stepping,77709,77626,77709,83
trotting,77738,77709,77738,29
walking,77768,77738,77768,30
scratching,77769,77768,77769,1
stepping,77770,77769,77770,1
running,77790,77770,77790,20
sniffing,77929,77790,77929,139
rising,77930,77929,77930,1
sniffing,78059,77930,78059,129
walking,78114,78059,78114,55
sniffing,78174,78114,78174,60
walking,78235,78174,78235,61
stepping,78282,78235,78282,47
walking,78308,78282,78308,26
stepping,78387,78308,78387,79
walking,78468,78387,78468,81
sniffing,78469,78468,78469,1
rising,78470,78469,78470,1
climbing,78488,78470,78488,18
sniffing,78589,78488,78589,101
walking,78590,78589,78590,1
rising,78653,78590,78653,63
climbing,78671,78653,78671,18
left_turning,78672,78671,78672,1
scratching,78673,78672,78673,1
grooming,79252,78673,79252,579
sniffing,79392,79252,79392,140
grooming,79393,79392,79393,1
hunching,79413,79393,79413,20
rearing,79436,79413,79436,23
grooming,79539,79436,79539,103
trotting,79589,79539,79589,50
sniffing,79624,79589,79624,35
rising,79666,79624,79666,42
rearing,79672,79666,79672,6
rising,79673,79672,79673,1
rearing,79692,79673,79692,19
rising,79711,79692,79711,19
climbing,79747,79711,79747,36
grooming,79909,79747,79909,162
right_turning,79939,79909,79939,30
grooming,79940,79939,79940,1
hunching,80014,79940,80014,74
sniffing,80052,80014,80052,38
walking,80065,80052,80065,13
stepping,80116,80065,80116,51
walking,80152,80116,80152,36
grooming,80178,80152,80178,26
stepping,80252,80178,80252,74
trotting,80254,80252,80254,2
walking,80293,80254,80293,39
sniffing,80294,80293,80294,1
stepping,80323,80294,80323,29
sniffing,80520,80323,80520,197
right_turning,80552,80520,80552,32
climbing,80704,80552,80704,152
rearing,80728,80704,80728,24
walking,80729,80728,80729,1
sniffing,80856,80729,80856,127
scratching,80857,80856,80857,1
sniffing,80858,80857,80858,1
walking,80918,80858,80918,60
rising,80965,80918,80965,47
rearing,80976,80965,80976,11
right_turning,81007,80976,81007,31
stepping,81053,81007,81053,46
sniffing,81263,81053,81263,210
scratching,81264,81263,81264,1
sniffing,81293,81264,81293,29
trotting,81340,81293,81340,47
walking,81341,81340,81341,1
rising,81361,81341,81361,20
walking,81448,81361,81448,87
sniffing,81456,81448,81456,8
walking,81538,81456,81538,82
sniffing,81553,81538,81553,15
rising,81575,81553,81575,22
rearing,81627,81575,81627,52
climbing,81733,81627,81733,106
rearing,81806,81733,81806,73
climbing,81814,81806,81814,8
rearing,82028,81814,82028,214
stepping,82058,82028,82058,30
sniffing,82077,82058,82077,19
rising,82078,82077,82078,1
rearing,82160,82078,82160,82
grooming,82161,82160,82161,1
left_turning,82224,82161,82224,63
stepping,82252,82224,82252,28
hunching,82363,82252,82363,111
grooming,82364,82363,82364,1
hunching,82445,82364,82445,81
grooming,83077,82445,83077,632
hunching,83111,83077,83111,34
grooming,83466,83111,83466,355
rearing,83737,83466,83737,271
climbing,83738,83737,83738,1
stepping,83774,83738,83774,36
grooming,85029,83774,85029,1255
left_turning,85030,85029,85030,1
stepping,85056,85030,85056,26
sniffing,85174,85056,85174,118
right_turning,85175,85174,85175,1
grooming,85199,85175,85199,24
right_turning,85219,85199,85219,20
walking,85250,85219,85250,31
sniffing,85416,85250,85416,166
grooming,85417,85416,85417,1
hunching,85746,85417,85746,329
rearing,85783,85746,85783,37
walking,85849,85783,85849,66
right_turning,85887,85849,85887,38
rising,85922,85887,85922,35
climbing,85998,85922,85998,76
sniffing,86184,85998,86184,186
walking,86225,86184,86225,41
stepping,86259,86225,86259,34
walking,86344,86259,86344,85
sniffing,86345,86344,86345,1
rising,86374,86345,86374,29
climbing,86489,86374,86489,115
grooming,86490,86489,86490,1
rearing,86501,86490,86501,11
climbing,86537,86501,86537,36
rearing,86539,86537,86539,2
rising,86592,86539,86592,53
climbing,86628,86592,86628,36
running,86668,86628,86668,40
walking,86707,86668,86707,39
stepping,86731,86707,86731,24
left_turning,86787,86731,86787,56
walking,86824,86787,86824,37
rising,86913,86824,86913,89
rearing,86914,86913,86914,1
grooming,87020,86914,87020,106
rearing,87039,87020,87039,19
climbing,87071,87039,87071,32
walking,87093,87071,87093,22
sniffing,87175,87093,87175,82
stepping,87178,87175,87178,3
sniffing,87288,87178,87288,110
grooming,87800,87288,87800,512
rearing,87801,87800,87801,1
hunching,87872,87801,87872,71
rising,87873,87872,87873,1
walking,87926,87873,87926,53
stepping,87976,87926,87976,50
grooming,88214,87976,88214,238
sniffing,88367,88214,88367,153
running,88368,88367,88368,1
stepping,88369,88368,88369,1
climbing,88403,88369,88403,34
grooming,88404,88403,88404,1
sniffing,88471,88404,88471,67
stepping,88498,88471,88498,27
sniffing,88693,88498,88693,195
rising,88711,88693,88711,18
walking,88712,88711,88712,1
sniffing,88801,88712,88801,89
walking,88852,88801,88852,51
sniffing,88925,88852,88925,73
walking,88968,88925,88968,43
rising,88969,88968,88969,1
sniffing,89085,88969,89085,116
walking,89227,89085,89227,142
rising,89270,89227,89270,43
climbing,89312,89270,89312,42
right_turning,89369,89312,89369,57
trotting,89395,89369,89395,26
walking,89422,89395,89422,27
climbing,89423,89422,89423,1
right_turning,89452,89423,89452,29
trotting,89453,89452,89453,1
sniffing,89454,89453,89454,1
rising,89499,89454,89499,45
rearing,89500,89499,89500,1
left_turning,89521,89500,89521,21
walking,89612,89521,89612,91
sniffing,89613,89612,89613,1
stepping,89633,89613,89633,20
walking,89690,89633,89690,57
rising,89721,89690,89721,31
grooming,90003,89721,90003,282
rearing,90068,90003,90068,65
right_turning,90111,90068,90111,43
rearing,90148,90111,90148,37
climbing,90241,90148,90241,93
rising,90342,90241,90342,101
sniffing,90403,90342,90403,61
left_turning,90415,90403,90415,12
sniffing,90545,90415,90545,130
rising,90640,90545,90640,95
stepping,90688,90640,90688,48
rearing,90713,90688,90713,25
grooming,90774,90713,90774,61
sniffing,90775,90774,90775,1
rising,90776,90775,90776,1
hunching,90867,90776,90867,91
grooming,90917,90867,90917,50
rearing,90918,90917,90918,1
walking,90926,90918,90926,8
stepping,90927,90926,90927,1
grooming,90965,90927,90965,38
sniffing,91084,90965,91084,119
walking,91135,91084,91135,51
sniffing,91179,91135,91179,44
right_turning,91202,91179,91202,23
rising,91207,91202,91207,5
stepping,91265,91207,91265,58
hunching,91266,91265,91266,1
grooming,91267,91266,91267,1
climbing,91322,91267,91322,55
rearing,91323,91322,91323,1
grooming,91718,91323,91718,395
sniffing,92075,91718,92075,357
rising,92152,92075,92152,77
stepping,92191,92152,92191,39
sniffing,92288,92191,92288,97
walking,92328,92288,92328,40
sniffing,92362,92328,92362,34
walking,92435,92362,92435,73
sniffing,92450,92435,92450,15
left_turning,92494,92450,92494,44
rising,92495,92494,92495,1
right_turning,92511,92495,92511,16
rising,92565,92511,92565,54
grooming,92629,92565,92629,64
hunching,92646,92629,92646,17
grooming,92870,92646,92870,224
rearing,92974,92870,92974,104
sniffing,93085,92974,93085,111
grooming,93140,93085,93140,55
sniffing,93167,93140,93167,27
rearing,93185,93167,93185,18
hunching,93251,93185,93251,66
grooming,93252,93251,93252,1
rearing,93296,93252,93296,44
stepping,93349,93296,93349,53
walking,93394,93349,93394,45
sniffing,93435,93394,93435,41
left_turning,93463,93435,93463,28
climbing,93523,93463,93523,60
left_turning,93575,93523,93575,52
walking,93627,93575,93627,52
stepping,93688,93627,93688,61
rearing,93705,93688,93705,17
running,93730,93705,93730,25
walking,93829,93730,93829,99
sniffing,94066,93829,94066,237
stepping,94102,94066,94102,36
sniffing,94435,94102,94435,333
rising,94500,94435,94500,65
rearing,94593,94500,94593,93
sniffing,94712,94593,94712,119
rising,94734,94712,94734,22
sniffing,94735,94734,94735,1
rising,94757,94735,94757,22
walking,94787,94757,94787,30
rising,94857,94787,94857,70
climbing,94889,94857,94889,32
sniffing,94957,94889,94957,68
walking,94967,94957,94967,10
grooming,95217,94967,95217,250
rising,95220,95217,95220,3
climbing,95375,95220,95375,155
grooming,95460,95375,95460,85
stepping,95483,95460,95483,23
climbing,95586,95483,95586,103
walking,95666,95586,95666,80
sniffing,95810,95666,95810,144
stepping,95818,95810,95818,8
grooming,96428,95818,96428,610
right_turning,96443,96428,96443,15
sniffing,96506,96443,96506,63
trotting,96529,96506,96529,23
stepping,96551,96529,96551,22
sniffing,96682,96551,96682,131
left_turning,96692,96682,96692,10
sniffing,96749,96692,96749,57
left_turning,96789,96749,96789,40
sniffing,96799,96789,96799,10
climbing,96947,96799,96947,148
left_turning,96961,96947,96961,14
rising,96962,96961,96962,1
stepping,97011,96962,97011,49
sniffing,97238,97011,97238,227
grooming,97508,97238,97508,270
right_turning,97529,97508,97529,21
stepping,97603,97529,97603,74
rearing,97758,97603,97758,155
climbing,97924,97758,97924,166
stepping,97981,97924,97981,57
sniffing,98008,97981,98008,27
rearing,98009,98008,98009,1
grooming,98077,98009,98077,68
rearing,98189,98077,98189,112
climbing,98223,98189,98223,34
walking,98278,98223,98278,55
rising,98321,98278,98321,43
right_turning,98390,98321,98390,69
sniffing,98496,98390,98496,106
stepping,98568,98496,98568,72
sniffing,98626,98568,98626,58
right_turning,98661,98626,98661,35
climbing,98704,98661,98704,43
hunching,98732,98704,98732,28
rearing,98829,98732,98829,97
grooming,99107,98829,99107,278
rearing,99269,99107,99269,162
hunching,99349,99269,99349,80
rearing,99350,99349,99350,1
grooming,99351,99350,99351,1
trotting,99399,99351,99399,48
sniffing,99400,99399,99400,1
rearing,99401,99400,99401,1
grooming,99632,99401,99632,231
sniffing,99701,99632,99701,69
stepping,99752,99701,99752,51
sniffing,99753,99752,99753,1
stepping,99758,99753,99758,5
walking,99759,99758,99759,1
rising,99797,99759,99797,38
climbing,99895,99797,99895,98
rising,99896,99895,99896,1
grooming,99897,99896,99897,1
rearing,99945,99897,99945,48
climbing,100113,99945,100113,168
sniffing,100235,100113,100235,122
trotting,100293,100235,100293,58
left_turning,100322,100293,100322,29
walking,100358,100322,100358,36
stepping,100396,100358,100396,38
sniffing,100442,100396,100442,46
left_turning,100460,100442,100460,18
stepping,100465,100460,100465,5
sniffing,100555,100465,100555,90
stepping,100558,100555,100558,3
walking,100600,100558,100600,42
left_turning,100601,100600,100601,1
rising,100675,100601,100675,74
rearing,100676,100675,100676,1
climbing,100686,100676,100686,10
left_turning,100718,100686,100718,32
rearing,100765,100718,100765,47
climbing,100781,100765,100781,16
grooming,101116,100781,101116,335
rearing,101162,101116,101162,46
right_turning,101185,101162,101185,23
walking,101209,101185,101209,24
sniffing,101238,101209,101238,29
walking,101281,101238,101281,43
sniffing,101414,101281,101414,133
left_turning,101463,101414,101463,49
sniffing,101464,101463,101464,1
stepping,101477,101464,101477,13
sniffing,101500,101477,101500,23
stepping,101529,101500,101529,29
sniffing,101554,101529,101554,25
rearing,101555,101554,101555,1
hunching,101597,101555,101597,42
rising,101647,101597,101647,50
grooming,101838,101647,101838,191
rearing,101913,101838,101913,75
grooming,101914,101913,101914,1
left_turning,101958,101914,101958,44
stepping,101959,101958,101959,1
sniffing,102077,101959,102077,118
stepping,102080,102077,102080,3
sniffing,102151,102080,102151,71
left_turning,102230,102151,102230,79
stepping,102281,102230,102281,51
climbing,102312,102281,102312,31
walking,102313,102312,102313,1
sniffing,102420,102313,102420,107
right_turning,102449,102420,102449,29
sniffing,102455,102449,102455,6
rising,102456,102455,102456,1
left_turning,102474,102456,102474,18
sniffing,102597,102474,102597,123
trotting,102622,102597,102622,25
stepping,102678,102622,102678,56
sniffing,102684,102678,102684,6
grooming,102923,102684,102923,239
walking,103039,102923,103039,116
sniffing,103247,103039,103247,208
grooming,103248,103247,103248,1
sniffing,103317,103248,103317,69
grooming,103912,103317,103912,595
rearing,103914,103912,103914,2
walking,103994,103914,103994,80
grooming,104377,103994,104377,383
sniffing,104701,104377,104701,324
stepping,104744,104701,104744,43
sniffing,104920,104744,104920,176
stepping,104961,104920,104961,41
sniffing,105079,104961,105079,118
rising,105153,105079,105153,74
rearing,105222,105153,105222,69
right_turning,105241,105222,105241,19
stepping,105344,105241,105344,103
sniffing,105441,105344,105441,97
walking,105513,105441,105513,72
sniffing,105514,105513,105514,1
left_turning,105539,105514,105539,25
grooming,105540,105539,105540,1
right_turning,105560,105540,105560,20
trotting,105619,105560,105619,59
stepping,105646,105619,105646,27
sniffing,105838,105646,105838,192
left_turning,105862,105838,105862,24
sniffing,105933,105862,105933,71
stepping,106005,105933,106005,72
walking,106065,106005,106065,60
rising,106159,106065,106159,94
sniffing,106273,106159,106273,114
left_turning,106362,106273,106362,89
stepping,106412,106362,106412,50
right_turning,106475,106412,106475,63
stepping,106494,106475,106494,19
sniffing,106643,106494,106643,149
hunching,106644,106643,106644,1
grooming,106645,106644,106645,1
sniffing,106663,106645,106663,18
stepping,106708,106663,106708,45
rising,106757,106708,106757,49
rearing,107079,106757,107079,322
grooming,107080,107079,107080,1
rearing,107093,107080,107093,13
grooming,107094,107093,107094,1
hunching,107197,107094,107197,103
grooming,107283,107197,107283,86
rearing,107288,107283,107288,5
grooming,107438,107288,107438,150
sniffing,107667,107438,107667,229
walking,107755,107667,107755,88
stepping,107756,107755,107756,1
sniffing,107818,107756,107818,62
rising,107819,107818,107819,1
sniffing,107864,107819,107864,45
stepping,107865,107864,107865,1
sniffing,107887,107865,107887,22
rising,107898,107887,107898,11
climbing,108000,107898,108000,102
