revised_movement_label,segBoundary,segBoundary_start,segBoundary_end,length
sniffing,1,0,1,1
stepping,8,1,8,7
walking,82,8,82,74
sniffing,139,82,139,57
running,171,139,171,32
sniffing,249,171,249,78
left_turning,263,249,263,14
running,298,263,298,35
trotting,368,298,368,70
walking,561,368,561,193
grooming,616,561,616,55
walking,660,616,660,44
rising,685,660,685,25
sniffing,686,685,686,1
grooming,898,686,898,212
walking,996,898,996,98
grooming,1042,996,1042,46
rearing,1068,1042,1068,26
walking,1101,1068,1101,33
sniffing,1139,1101,1139,38
rising,1173,1139,1173,34
grooming,1302,1173,1302,129
sniffing,1303,1302,1303,1
rising,1304,1303,1304,1
left_turning,1357,1304,1357,53
grooming,1368,1357,1368,11
rearing,1369,1368,1369,1
grooming,1641,1369,1641,272
running,1671,1641,1671,30
walking,1698,1671,1698,27
sniffing,1738,1698,1738,40
stepping,1859,1738,1859,121
walking,1898,1859,1898,39
sniffing,1899,1898,1899,1
rising,1949,1899,1949,50
sniffing,2185,1949,2185,236
walking,2215,2185,2215,30
sniffing,2274,2215,2274,59
stepping,2330,2274,2330,56
walking,2413,2330,2413,83
sniffing,2414,2413,2414,1
grooming,2415,2414,2415,1
climbing,2434,2415,2434,19
right_turning,2452,2434,2452,18
sniffing,2459,2452,2459,7
walking,2517,2459,2517,58
rising,2540,2517,2540,23
sniffing,2541,2540,2541,1
stepping,2571,2541,2571,30
trotting,2610,2571,2610,39
running,2639,2610,2639,29
walking,2678,2639,2678,39
running,2705,2678,2705,27
trotting,2706,2705,2706,1
walking,2748,2706,2748,42
sniffing,2826,2748,2826,78
stepping,2849,2826,2849,23
trotting,2878,2849,2878,29
grooming,3061,2878,3061,183
left_turning,3085,3061,3085,24
sniffing,3106,3085,3106,21
rising,3143,3106,3143,37
hunching,3157,3143,3157,14
grooming,3158,3157,3158,1
climbing,3178,3158,3178,20
grooming,3282,3178,3282,104
left_turning,3297,3282,3297,15
stepping,3315,3297,3315,18
walking,3342,3315,3342,27
trotting,3348,3342,3348,6
sniffing,3454,3348,3454,106
walking,3488,3454,3488,34
rising,3491,3488,3491,3
walking,3501,3491,3501,10
sniffing,3587,3501,3587,86
walking,3588,3587,3588,1
rising,3589,3588,3589,1
grooming,3694,3589,3694,105
left_turning,3715,3694,3715,21
stepping,3731,3715,3731,16
sniffing,3732,3731,3732,1
trotting,3744,3732,3744,12
sniffing,3853,3744,3853,109
climbing,3864,3853,3864,11
walking,3892,3864,3892,28
sniffing,3927,3892,3927,35
stepping,3938,3927,3938,11
sniffing,3939,3938,3939,1
rising,3979,3939,3979,40
walking,3980,3979,3980,1
grooming,4091,3980,4091,111
running,4107,4091,4107,16
walking,4124,4107,4124,17
sniffing,4181,4124,4181,57
rising,4217,4181,4217,36
sniffing,4261,4217,4261,44
walking,4289,4261,4289,28
sniffing,4405,4289,4405,116
rising,4449,4405,4449,44
right_turning,4473,4449,4473,24
stepping,4533,4473,4533,60
right_turning,4582,4533,4582,49
walking,4654,4582,4654,72
rising,4655,4654,4655,1
sniffing,4728,4655,4728,73
walking,4787,4728,4787,59
sniffing,4802,4787,4802,15
stepping,4803,4802,4803,1
sniffing,4853,4803,4853,50
stepping,4854,4853,4854,1
sniffing,4855,4854,4855,1
stepping,4861,4855,4861,6
climbing,4907,4861,4907,46
rearing,5013,4907,5013,106
climbing,5057,5013,5057,44
rising,5086,5057,5086,29
climbing,5151,5086,5151,65
rearing,5208,5151,5208,57
grooming,5379,5208,5379,171
trotting,5416,5379,5416,37
sniffing,5447,5416,5447,31
hunching,5473,5447,5473,26
stepping,5474,5473,5474,1
walking,5507,5474,5507,33
rearing,5508,5507,5508,1
walking,5533,5508,5533,25
stepping,5585,5533,5585,52
sniffing,5616,5585,5616,31
rising,5648,5616,5648,32
sniffing,5738,5648,5738,90
grooming,5900,5738,5900,162
rising,5901,5900,5901,1
sniffing,6007,5901,6007,106
hunching,6046,6007,6046,39
rising,6117,6046,6117,71
sniffing,6178,6117,6178,61
stepping,6258,6178,6258,80
walking,6288,6258,6288,30
stepping,6319,6288,6319,31
rising,6330,6319,6330,11
stepping,6358,6330,6358,28
sniffing,6415,6358,6415,57
rising,6484,6415,6484,69
sniffing,6586,6484,6586,102
stepping,6610,6586,6610,24
sniffing,6653,6610,6653,43
trotting,6706,6653,6706,53
walking,6707,6706,6707,1
sniffing,6757,6707,6757,50
stepping,6785,6757,6785,28
rising,6858,6785,6858,73
left_turning,6953,6858,6953,95
trotting,6954,6953,6954,1
rising,6972,6954,6972,18
stepping,7042,6972,7042,70
walking,7102,7042,7102,60
stepping,7188,7102,7188,86
walking,7269,7188,7269,81
stepping,7299,7269,7299,30
sniffing,7300,7299,7300,1
stepping,7359,7300,7359,59
walking,7389,7359,7389,30
sniffing,7390,7389,7390,1
rising,7462,7390,7462,72
sniffing,7525,7462,7525,63
walking,7594,7525,7594,69
sniffing,7673,7594,7673,79
rearing,7674,7673,7674,1
right_turning,7703,7674,7703,29
sniffing,7708,7703,7708,5
stepping,7709,7708,7709,1
walking,7752,7709,7752,43
sniffing,7819,7752,7819,67
stepping,7891,7819,7891,72
rising,7928,7891,7928,37
walking,7977,7928,7977,49
running,8029,7977,8029,52
trotting,8069,8029,8069,40
rising,8083,8069,8083,14
running,8101,8083,8101,18
stepping,8142,8101,8142,41
rising,8196,8142,8196,54
grooming,8197,8196,8197,1
rising,8228,8197,8228,31
rearing,8229,8228,8229,1
sniffing,8341,8229,8341,112
grooming,8411,8341,8411,70
left_turning,8443,8411,8443,32
grooming,8458,8443,8458,15
hunching,8498,8458,8498,40
sniffing,8499,8498,8499,1
grooming,8569,8499,8569,70
sniffing,8654,8569,8654,85
rising,8657,8654,8657,3
rearing,8663,8657,8663,6
grooming,8947,8663,8947,284
rising,8955,8947,8955,8
climbing,8976,8955,8976,21
sniffing,9164,8976,9164,188
grooming,9311,9164,9311,147
hunching,9368,9311,9368,57
left_turning,9369,9368,9369,1
running,9380,9369,9380,11
stepping,9418,9380,9418,38
sniffing,9461,9418,9461,43
hunching,9505,9461,9505,44
rising,9531,9505,9531,26
sniffing,9532,9531,9532,1
walking,9622,9532,9622,90
trotting,9656,9622,9656,34
running,9686,9656,9686,30
walking,9687,9686,9687,1
sniffing,9742,9687,9742,55
walking,9745,9742,9745,3
sniffing,9824,9745,9824,79
stepping,9883,9824,9883,59
sniffing,9884,9883,9884,1
grooming,10069,9884,10069,185
stepping,10181,10069,10181,112
rearing,10231,10181,10231,50
grooming,10408,10231,10408,177
rising,10428,10408,10428,20
left_turning,10501,10428,10501,73
walking,10502,10501,10502,1
stepping,10536,10502,10536,34
rising,10565,10536,10565,29
sniffing,10646,10565,10646,81
grooming,10725,10646,10725,79
rising,10726,10725,10726,1
grooming,10831,10726,10831,105
hunching,10866,10831,10866,35
grooming,10867,10866,10867,1
rearing,10910,10867,10910,43
left_turning,10914,10910,10914,4
rising,10999,10914,10999,85
hunching,11024,10999,11024,25
rearing,11152,11024,11152,128
walking,11258,11152,11258,106
rising,11288,11258,11288,30
grooming,11295,11288,11295,7
sniffing,11434,11295,11434,139
stepping,11501,11434,11501,67
sniffing,11597,11501,11597,96
grooming,11731,11597,11731,134
rearing,11761,11731,11761,30
grooming,11963,11761,11963,202
rearing,12052,11963,12052,89
sniffing,12094,12052,12094,42
left_turning,12114,12094,12114,20
trotting,12115,12114,12115,1
sniffing,12177,12115,12177,62
running,12197,12177,12197,20
sniffing,12268,12197,12268,71
left_turning,12283,12268,12283,15
climbing,12302,12283,12302,19
rising,12328,12302,12328,26
grooming,12378,12328,12378,50
trotting,12380,12378,12380,2
stepping,12393,12380,12393,13
sniffing,12397,12393,12397,4
grooming,12467,12397,12467,70
sniffing,12468,12467,12468,1
grooming,12546,12468,12546,78
rising,12669,12546,12669,123
rearing,12819,12669,12819,150
rising,12820,12819,12820,1
rearing,12821,12820,12821,1
grooming,12870,12821,12870,49
rearing,12919,12870,12919,49
grooming,12920,12919,12920,1
hunching,12990,12920,12990,70
grooming,13059,12990,13059,69
rising,13110,13059,13110,51
climbing,13157,13110,13157,47
grooming,13172,13157,13172,15
rearing,13173,13172,13173,1
climbing,13180,13173,13180,7
grooming,13344,13180,13344,164
hunching,13345,13344,13345,1
grooming,13398,13345,13398,53
rearing,13438,13398,13438,40
climbing,13511,13438,13511,73
rearing,13623,13511,13623,112
left_turning,13626,13623,13626,3
stepping,13690,13626,13690,64
sniffing,13692,13690,13692,2
hunching,13733,13692,13733,41
rearing,13787,13733,13787,54
grooming,13830,13787,13830,43
walking,13858,13830,13858,28
trotting,13902,13858,13902,44
rising,13903,13902,13903,1
rearing,13965,13903,13965,62
climbing,14013,13965,14013,48
grooming,14042,14013,14042,29
running,14064,14042,14064,22
walking,14142,14064,14142,78
stepping,14206,14142,14206,64
grooming,14223,14206,14223,17
rearing,14273,14223,14273,50
hunching,14292,14273,14292,19
grooming,14386,14292,14386,94
rearing,14457,14386,14457,71
rising,14518,14457,14518,61
rearing,14519,14518,14519,1
grooming,14719,14519,14719,200
sniffing,14882,14719,14882,163
rearing,14957,14882,14957,75
left_turning,14987,14957,14987,30
trotting,15035,14987,15035,48
sniffing,15036,15035,15036,1
left_turning,15083,15036,15083,47
walking,15088,15083,15088,5
rising,15133,15088,15133,45
rearing,15134,15133,15134,1
sniffing,15135,15134,15135,1
walking,15267,15135,15267,132
sniffing,15302,15267,15302,35
rearing,15508,15302,15508,206
hunching,15519,15508,15519,11
grooming,15778,15519,15778,259
hunching,15781,15778,15781,3
rearing,15785,15781,15785,4
grooming,15786,15785,15786,1
hunching,15828,15786,15828,42
rearing,15829,15828,15829,1
grooming,16052,15829,16052,223
rising,16055,16052,16055,3
grooming,16127,16055,16127,72
rearing,16198,16127,16198,71
grooming,16281,16198,16281,83
stepping,16313,16281,16313,32
grooming,16324,16313,16324,11
walking,16385,16324,16385,61
stepping,16420,16385,16420,35
grooming,16550,16420,16550,130
sniffing,16601,16550,16601,51
grooming,16711,16601,16711,110
sniffing,16758,16711,16758,47
stepping,16824,16758,16824,66
grooming,16975,16824,16975,151
walking,16979,16975,16979,4
sniffing,17046,16979,17046,67
grooming,17172,17046,17172,126
sniffing,17316,17172,17316,144
right_turning,17345,17316,17345,29
rising,17398,17345,17398,53
grooming,17529,17398,17529,131
hunching,17530,17529,17530,1
sniffing,17535,17530,17535,5
walking,17557,17535,17557,22
trotting,17568,17557,17568,11
running,17592,17568,17592,24
walking,17640,17592,17640,48
rising,17658,17640,17658,18
running,17679,17658,17679,21
walking,17690,17679,17690,11
running,17715,17690,17715,25
rising,17733,17715,17733,18
sniffing,17802,17733,17802,69
grooming,17909,17802,17909,107
hunching,17971,17909,17971,62
sniffing,18050,17971,18050,79
trotting,18120,18050,18120,70
rising,18157,18120,18157,37
stepping,18185,18157,18185,28
trotting,18244,18185,18244,59
sniffing,18245,18244,18245,1
rising,18290,18245,18290,45
left_turning,18370,18290,18370,80
sniffing,18505,18370,18505,135
right_turning,18521,18505,18521,16
sniffing,18559,18521,18559,38
running,18579,18559,18579,20
stepping,18615,18579,18615,36
rising,18664,18615,18664,49
rearing,18718,18664,18718,54
sniffing,18805,18718,18805,87
walking,18880,18805,18880,75
sniffing,19048,18880,19048,168
rising,19063,19048,19063,15
walking,19198,19063,19198,135
right_turning,19250,19198,19250,52
sniffing,19362,19250,19362,112
walking,19397,19362,19397,35
stepping,19440,19397,19440,43
walking,19494,19440,19494,54
sniffing,19537,19494,19537,43
climbing,19538,19537,19538,1
grooming,19630,19538,19630,92
rising,19633,19630,19633,3
stepping,19634,19633,19634,1
sniffing,19670,19634,19670,36
rearing,19687,19670,19687,17
rising,19731,19687,19731,44
grooming,19732,19731,19732,1
walking,19812,19732,19812,80
right_turning,19824,19812,19824,12
walking,19899,19824,19899,75
rising,19954,19899,19954,55
grooming,20028,19954,20028,74
sniffing,20056,20028,20056,28
grooming,20057,20056,20057,1
rearing,20058,20057,20058,1
hunching,20067,20058,20067,9
sniffing,20068,20067,20068,1
left_turning,20095,20068,20095,27
trotting,20159,20095,20159,64
sniffing,20172,20159,20172,13
walking,20208,20172,20208,36
sniffing,20234,20208,20234,26
rising,20254,20234,20254,20
walking,20280,20254,20280,26
sniffing,20314,20280,20314,34
rising,20336,20314,20336,22
grooming,20531,20336,20531,195
rising,20560,20531,20560,29
climbing,20561,20560,20561,1
left_turning,20614,20561,20614,53
walking,20617,20614,20617,3
sniffing,20640,20617,20640,23
stepping,20670,20640,20670,30
sniffing,20671,20670,20671,1
rearing,20758,20671,20758,87
hunching,20795,20758,20795,37
grooming,20817,20795,20817,22
stepping,20827,20817,20827,10
sniffing,20924,20827,20924,97
walking,20979,20924,20979,55
stepping,21028,20979,21028,49
walking,21029,21028,21029,1
sniffing,21084,21029,21084,55
walking,21162,21084,21162,78
sniffing,21224,21162,21224,62
rising,21260,21224,21260,36
walking,21262,21260,21262,2
stepping,21310,21262,21310,48
climbing,21344,21310,21344,34
rising,21405,21344,21405,61
left_turning,21406,21405,21406,1
walking,21459,21406,21459,53
stepping,21510,21459,21510,51
walking,21552,21510,21552,42
sniffing,21553,21552,21553,1
left_turning,21610,21553,21610,57
sniffing,21674,21610,21674,64
right_turning,21751,21674,21751,77
rising,21752,21751,21752,1
walking,21809,21752,21809,57
sniffing,21863,21809,21863,54
rising,21866,21863,21866,3
sniffing,21904,21866,21904,38
rearing,21948,21904,21948,44
sniffing,21977,21948,21977,29
stepping,22018,21977,22018,41
grooming,22019,22018,22019,1
rising,22028,22019,22028,9
grooming,22167,22028,22167,139
left_turning,22204,22167,22204,37
grooming,22208,22204,22208,4
walking,22234,22208,22234,26
stepping,22266,22234,22266,32
sniffing,22348,22266,22348,82
walking,22479,22348,22479,131
sniffing,22480,22479,22480,1
right_turning,22481,22480,22481,1
walking,22505,22481,22505,24
sniffing,22543,22505,22543,38
grooming,22580,22543,22580,37
stepping,22584,22580,22584,4
sniffing,22676,22584,22676,92
stepping,22756,22676,22756,80
rearing,22768,22756,22768,12
grooming,22914,22768,22914,146
walking,22987,22914,22987,73
sniffing,23069,22987,23069,82
stepping,23075,23069,23075,6
grooming,23240,23075,23240,165
walking,23245,23240,23245,5
stepping,23298,23245,23298,53
sniffing,23337,23298,23337,39
trotting,23357,23337,23357,20
stepping,23392,23357,23392,35
rising,23434,23392,23434,42
sniffing,23535,23434,23535,101
walking,23551,23535,23551,16
trotting,23573,23551,23573,22
grooming,23749,23573,23749,176
sniffing,23752,23749,23752,3
rising,23753,23752,23753,1
left_turning,23798,23753,23798,45
stepping,23828,23798,23828,30
sniffing,23895,23828,23895,67
right_turning,23918,23895,23918,23
sniffing,24015,23918,24015,97
rising,24031,24015,24031,16
sniffing,24032,24031,24032,1
grooming,24112,24032,24112,80
walking,24113,24112,24113,1
stepping,24171,24113,24171,58
walking,24221,24171,24221,50
sniffing,24283,24221,24283,62
left_turning,24323,24283,24323,40
grooming,24389,24323,24389,66
trotting,24405,24389,24405,16
sniffing,24406,24405,24406,1
stepping,24471,24406,24471,65
grooming,24641,24471,24641,170
left_turning,24664,24641,24664,23
sniffing,24665,24664,24665,1
rising,24684,24665,24684,19
sniffing,24784,24684,24784,100
stepping,24802,24784,24802,18
walking,24803,24802,24803,1
stepping,24818,24803,24818,15
walking,24843,24818,24843,25
running,24873,24843,24873,30
sniffing,24874,24873,24874,1
grooming,24880,24874,24880,6
rearing,24969,24880,24969,89
rising,25000,24969,25000,31
climbing,25073,25000,25073,73
left_turning,25172,25073,25172,99
hunching,25244,25172,25244,72
rising,25386,25244,25386,142
walking,25445,25386,25445,59
stepping,25487,25445,25487,42
right_turning,25544,25487,25544,57
grooming,25841,25544,25841,297
rising,25865,25841,25865,24
sniffing,25866,25865,25866,1
grooming,25909,25866,25909,43
sniffing,26002,25909,26002,93
running,26003,26002,26003,1
walking,26005,26003,26005,2
rising,26051,26005,26051,46
grooming,26203,26051,26203,152
left_turning,26267,26203,26267,64
stepping,26279,26267,26279,12
rearing,26290,26279,26290,11
grooming,26463,26290,26463,173
sniffing,26477,26463,26477,14
left_turning,26549,26477,26549,72
grooming,26733,26549,26733,184
hunching,26801,26733,26801,68
rearing,26826,26801,26826,25
stepping,26832,26826,26832,6
sniffing,26833,26832,26833,1
rising,26853,26833,26853,20
walking,26896,26853,26896,43
sniffing,26953,26896,26953,57
walking,27016,26953,27016,63
trotting,27041,27016,27041,25
sniffing,27042,27041,27042,1
stepping,27050,27042,27050,8
rising,27051,27050,27051,1
grooming,27265,27051,27265,214
rearing,27279,27265,27279,14
grooming,27426,27279,27426,147
rising,27492,27426,27492,66
stepping,27543,27492,27543,51
trotting,27555,27543,27555,12
stepping,27601,27555,27601,46
sniffing,27615,27601,27615,14
grooming,27679,27615,27679,64
hunching,27714,27679,27714,35
rearing,27740,27714,27740,26
rising,27786,27740,27786,46
grooming,27881,27786,27881,95
left_turning,27891,27881,27891,10
grooming,28301,27891,28301,410
walking,28318,28301,28318,17
sniffing,28345,28318,28345,27
trotting,28371,28345,28371,26
walking,28413,28371,28413,42
sniffing,28488,28413,28488,75
stepping,28510,28488,28510,22
walking,28511,28510,28511,1
sniffing,28618,28511,28618,107
stepping,28644,28618,28644,26
sniffing,28706,28644,28706,62
walking,28722,28706,28722,16
stepping,28727,28722,28727,5
sniffing,28762,28727,28762,35
rising,28820,28762,28820,58
sniffing,28849,28820,28849,29
rising,28928,28849,28928,79
grooming,29040,28928,29040,112
walking,29095,29040,29095,55
stepping,29119,29095,29119,24
rising,29120,29119,29120,1
climbing,29131,29120,29131,11
grooming,29175,29131,29175,44
walking,29180,29175,29180,5
trotting,29191,29180,29191,11
left_turning,29192,29191,29192,1
sniffing,29295,29192,29295,103
rising,29341,29295,29341,46
sniffing,29363,29341,29363,22
grooming,29397,29363,29397,34
hunching,29462,29397,29462,65
grooming,29463,29462,29463,1
walking,29516,29463,29516,53
stepping,29568,29516,29568,52
sniffing,29736,29568,29736,168
grooming,29845,29736,29845,109
rising,29893,29845,29893,48
climbing,29910,29893,29910,17
walking,29959,29910,29959,49
stepping,29988,29959,29988,29
rearing,30036,29988,30036,48
sniffing,30037,30036,30037,1
stepping,30041,30037,30041,4
rearing,30099,30041,30099,58
grooming,30263,30099,30263,164
rearing,30394,30263,30394,131
climbing,30425,30394,30425,31
stepping,30467,30425,30467,42
sniffing,30493,30467,30493,26
stepping,30499,30493,30499,6
left_turning,30521,30499,30521,22
walking,30553,30521,30553,32
sniffing,30577,30553,30577,24
grooming,30796,30577,30796,219
rising,30846,30796,30846,50
grooming,30909,30846,30909,63
rising,30945,30909,30945,36
grooming,30972,30945,30972,27
hunching,31066,30972,31066,94
left_turning,31088,31066,31088,22
walking,31101,31088,31101,13
stepping,31168,31101,31168,67
walking,31231,31168,31231,63
stepping,31271,31231,31271,40
trotting,31298,31271,31298,27
sniffing,31369,31298,31369,71
grooming,31550,31369,31550,181
sniffing,31697,31550,31697,147
rising,31795,31697,31795,98
climbing,31839,31795,31839,44
grooming,31977,31839,31977,138
rearing,31981,31977,31981,4
sniffing,31982,31981,31982,1
grooming,32007,31982,32007,25
left_turning,32047,32007,32047,40
walking,32111,32047,32111,64
stepping,32132,32111,32132,21
climbing,32277,32132,32277,145
left_turning,32347,32277,32347,70
walking,32388,32347,32388,41
sniffing,32466,32388,32466,78
walking,32510,32466,32510,44
stepping,32548,32510,32548,38
left_turning,32582,32548,32582,34
sniffing,32604,32582,32604,22
left_turning,32605,32604,32605,1
rising,32606,32605,32606,1
climbing,32660,32606,32660,54
rearing,32723,32660,32723,63
hunching,32724,32723,32724,1
rearing,32727,32724,32727,3
grooming,32810,32727,32810,83
left_turning,32906,32810,32906,96
stepping,32973,32906,32973,67
sniffing,33039,32973,33039,66
walking,33124,33039,33124,85
sniffing,33234,33124,33234,110
climbing,33254,33234,33254,20
stepping,33307,33254,33307,53
left_turning,33393,33307,33393,86
stepping,33448,33393,33448,55
walking,33481,33448,33481,33
sniffing,33533,33481,33533,52
grooming,33866,33533,33866,333
hunching,33900,33866,33900,34
sniffing,33946,33900,33946,46
walking,33952,33946,33952,6
stepping,34003,33952,34003,51
right_turning,34043,34003,34043,40
walking,34094,34043,34094,51
trotting,34131,34094,34131,37
sniffing,34262,34131,34262,131
rising,34336,34262,34336,74
trotting,34377,34336,34377,41
sniffing,34395,34377,34395,18
stepping,34419,34395,34419,24
trotting,34430,34419,34430,11
walking,34465,34430,34465,35
stepping,34473,34465,34473,8
climbing,34492,34473,34492,19
sniffing,34576,34492,34576,84
left_turning,34624,34576,34624,48
running,34645,34624,34645,21
trotting,34680,34645,34680,35
grooming,34728,34680,34728,48
sniffing,34729,34728,34729,1
rising,34742,34729,34742,13
grooming,34895,34742,34895,153
left_turning,34927,34895,34927,32
stepping,34986,34927,34986,59
sniffing,35034,34986,35034,48
rearing,35035,35034,35035,1
left_turning,35036,35035,35036,1
sniffing,35084,35036,35084,48
climbing,35159,35084,35159,75
grooming,35302,35159,35302,143
left_turning,35361,35302,35361,59
sniffing,35398,35361,35398,37
grooming,35472,35398,35472,74
sniffing,35511,35472,35511,39
grooming,35668,35511,35668,157
rising,35684,35668,35684,16
grooming,36041,35684,36041,357
stepping,36054,36041,36054,13
climbing,36128,36054,36128,74
running,36135,36128,36135,7
stepping,36189,36135,36189,54
sniffing,36245,36189,36245,56
left_turning,36267,36245,36267,22
walking,36296,36267,36296,29
stepping,36298,36296,36298,2
rearing,36410,36298,36410,112
grooming,36430,36410,36430,20
sniffing,36431,36430,36431,1
walking,36518,36431,36518,87
sniffing,36519,36518,36519,1
trotting,36568,36519,36568,49
stepping,36592,36568,36592,24
sniffing,36731,36592,36731,139
walking,36765,36731,36765,34
rearing,36877,36765,36877,112
grooming,36878,36877,36878,1
sniffing,37100,36878,37100,222
scratching,37101,37100,37101,1
grooming,37252,37101,37252,151
left_turning,37317,37252,37317,65
walking,37361,37317,37361,44
sniffing,37386,37361,37386,25
walking,37412,37386,37412,26
grooming,37413,37412,37413,1
climbing,37582,37413,37582,169
left_turning,37614,37582,37614,32
stepping,37637,37614,37637,23
walking,37682,37637,37682,45
grooming,37790,37682,37790,108
walking,37791,37790,37791,1
rising,37802,37791,37802,11
grooming,37978,37802,37978,176
sniffing,38002,37978,38002,24
rising,38036,38002,38036,34
grooming,38037,38036,38037,1
rearing,38047,38037,38047,10
climbing,38073,38047,38073,26
left_turning,38132,38073,38132,59
walking,38253,38132,38253,121
stepping,38290,38253,38290,37
right_turning,38308,38290,38308,18
stepping,38333,38308,38333,25
walking,38398,38333,38398,65
rising,38476,38398,38476,78
climbing,38542,38476,38542,66
rising,38543,38542,38543,1
right_turning,38544,38543,38544,1
stepping,38558,38544,38558,14
sniffing,38654,38558,38654,96
climbing,38721,38654,38721,67
rising,38776,38721,38776,55
sniffing,38924,38776,38924,148
walking,38968,38924,38968,44
stepping,39038,38968,39038,70
sniffing,39113,39038,39113,75
grooming,39232,39113,39232,119
left_turning,39266,39232,39266,34
walking,39285,39266,39285,19
rearing,39286,39285,39286,1
hunching,39298,39286,39298,12
grooming,39382,39298,39382,84
rearing,39439,39382,39439,57
rising,39449,39439,39449,10
walking,39488,39449,39488,39
running,39511,39488,39511,23
stepping,39539,39511,39539,28
climbing,39623,39539,39623,84
grooming,39731,39623,39731,108
right_turning,39773,39731,39773,42
stepping,39797,39773,39797,24
left_turning,39873,39797,39873,76
trotting,39905,39873,39905,32
sniffing,39961,39905,39961,56
right_turning,39988,39961,39988,27
grooming,40336,39988,40336,348
rearing,40372,40336,40372,36
hunching,40379,40372,40379,7
grooming,40435,40379,40435,56
stepping,40459,40435,40459,24
walking,40496,40459,40496,37
stepping,40535,40496,40535,39
grooming,40536,40535,40536,1
rearing,40621,40536,40621,85
rising,40660,40621,40660,39
climbing,40684,40660,40684,24
walking,40716,40684,40716,32
sniffing,40717,40716,40717,1
grooming,40925,40717,40925,208
sniffing,40926,40925,40926,1
walking,40937,40926,40937,11
rearing,40970,40937,40970,33
climbing,41014,40970,41014,44
walking,41038,41014,41038,24
stepping,41057,41038,41057,19
sniffing,41058,41057,41058,1
walking,41084,41058,41084,26
stepping,41095,41084,41095,11
left_turning,41149,41095,41149,54
walking,41152,41149,41152,3
sniffing,41154,41152,41154,2
scratching,41155,41154,41155,1
walking,41175,41155,41175,20
sniffing,41176,41175,41176,1
grooming,41367,41176,41367,191
left_turning,41368,41367,41368,1
stepping,41417,41368,41417,49
sniffing,41423,41417,41423,6
rising,41438,41423,41438,15
walking,41458,41438,41458,20
sniffing,41529,41458,41529,71
grooming,41530,41529,41530,1
sniffing,41560,41530,41560,30
running,41579,41560,41579,19
walking,41620,41579,41620,41
grooming,41621,41620,41621,1
rising,41636,41621,41636,15
climbing,41649,41636,41649,13
grooming,41781,41649,41781,132
right_turning,41812,41781,41812,31
running,41827,41812,41827,15
rising,41901,41827,41901,74
running,41929,41901,41929,28
stepping,41947,41929,41947,18
rising,42000,41947,42000,53
sniffing,42001,42000,42001,1
rearing,42065,42001,42065,64
hunching,42139,42065,42139,74
rearing,42140,42139,42140,1
jumping,42193,42140,42193,53
rearing,42298,42193,42298,105
left_turning,42299,42298,42299,1
climbing,42482,42299,42482,183
sniffing,42517,42482,42517,35
rising,42518,42517,42518,1
rearing,42575,42518,42575,57
sniffing,42580,42575,42580,5
stepping,42628,42580,42628,48
climbing,42660,42628,42660,32
walking,42673,42660,42673,13
stepping,42730,42673,42730,57
sniffing,42815,42730,42815,85
stepping,42871,42815,42871,56
trotting,42905,42871,42905,34
stepping,42952,42905,42952,47
walking,42994,42952,42994,42
rising,43001,42994,43001,7
grooming,43002,43001,43002,1
sniffing,43152,43002,43152,150
left_turning,43158,43152,43158,6
walking,43189,43158,43189,31
stepping,43215,43189,43215,26
sniffing,43277,43215,43277,62
rising,43328,43277,43328,51
grooming,43528,43328,43528,200
walking,43555,43528,43555,27
left_turning,43599,43555,43599,44
stepping,43622,43599,43622,23
walking,43668,43622,43668,46
sniffing,43669,43668,43669,1
climbing,43714,43669,43714,45
left_turning,43785,43714,43785,71
sniffing,43787,43785,43787,2
climbing,43914,43787,43914,127
right_turning,43938,43914,43938,24
stepping,43967,43938,43967,29
rising,44112,43967,44112,145
walking,44155,44112,44155,43
stepping,44207,44155,44207,52
sniffing,44239,44207,44239,32
rearing,44271,44239,44271,32
sniffing,44272,44271,44272,1
left_turning,44294,44272,44294,22
sniffing,44295,44294,44295,1
stepping,44336,44295,44336,41
climbing,44372,44336,44372,36
walking,44412,44372,44412,40
sniffing,44505,44412,44505,93
right_turning,44506,44505,44506,1
walking,44591,44506,44591,85
sniffing,44800,44591,44800,209
rising,44846,44800,44846,46
grooming,44879,44846,44879,33
sniffing,44979,44879,44979,100
rising,44980,44979,44980,1
grooming,45105,44980,45105,125
running,45138,45105,45138,33
trotting,45184,45138,45184,46
stepping,45213,45184,45213,29
right_turning,45214,45213,45214,1
sniffing,45274,45214,45274,60
left_turning,45299,45274,45299,25
sniffing,45321,45299,45321,22
left_turning,45362,45321,45362,41
sniffing,45516,45362,45516,154
grooming,45911,45516,45911,395
sniffing,45980,45911,45980,69
grooming,46047,45980,46047,67
stepping,46055,46047,46055,8
grooming,46296,46055,46296,241
left_turning,46299,46296,46299,3
walking,46363,46299,46363,64
sniffing,46364,46363,46364,1
climbing,46432,46364,46432,68
left_turning,46437,46432,46437,5
sniffing,46485,46437,46485,48
right_turning,46513,46485,46513,28
grooming,46514,46513,46514,1
rising,46538,46514,46538,24
sniffing,46597,46538,46597,59
rearing,46676,46597,46676,79
climbing,46708,46676,46708,32
rearing,46709,46708,46709,1
stepping,46737,46709,46737,28
sniffing,46836,46737,46836,99
stepping,46856,46836,46856,20
grooming,47224,46856,47224,368
walking,47227,47224,47227,3
grooming,47313,47227,47313,86
rearing,47391,47313,47391,78
grooming,47833,47391,47833,442
left_turning,47870,47833,47870,37
sniffing,47958,47870,47958,88
rising,48012,47958,48012,54
sniffing,48026,48012,48026,14
stepping,48048,48026,48048,22
walking,48081,48048,48081,33
climbing,48094,48081,48094,13
left_turning,48123,48094,48123,29
stepping,48145,48123,48145,22
walking,48193,48145,48193,48
grooming,48330,48193,48330,137
left_turning,48344,48330,48344,14
walking,48345,48344,48345,1
grooming,48368,48345,48368,23
rearing,48369,48368,48369,1
hunching,48370,48369,48370,1
left_turning,48441,48370,48441,71
sniffing,48486,48441,48486,45
rising,48509,48486,48509,23
sniffing,48667,48509,48667,158
grooming,48840,48667,48840,173
right_turning,48886,48840,48886,46
walking,48954,48886,48954,68
stepping,49019,48954,49019,65
rearing,49020,49019,49020,1
trotting,49059,49020,49059,39
walking,49093,49059,49093,34
sniffing,49264,49093,49264,171
grooming,49648,49264,49648,384
rearing,49649,49648,49649,1
grooming,49940,49649,49940,291
rising,49944,49940,49944,4
grooming,49945,49944,49945,1
rearing,49959,49945,49959,14
grooming,49960,49959,49960,1
running,49979,49960,49979,19
stepping,50018,49979,50018,39
grooming,50303,50018,50303,285
stepping,50327,50303,50327,24
grooming,50492,50327,50492,165
sniffing,50510,50492,50510,18
walking,50607,50510,50607,97
trotting,50608,50607,50608,1
sniffing,50719,50608,50719,111
grooming,50720,50719,50720,1
hunching,50737,50720,50737,17
left_turning,50743,50737,50743,6
grooming,50746,50743,50746,3
sniffing,50867,50746,50867,121
rearing,50923,50867,50923,56
grooming,51025,50923,51025,102
left_turning,51043,51025,51043,18
stepping,51091,51043,51091,48
sniffing,51124,51091,51124,33
rising,51161,51124,51161,37
left_turning,51162,51161,51162,1
walking,51185,51162,51185,23
grooming,51186,51185,51186,1
rearing,51276,51186,51276,90
walking,51292,51276,51292,16
sniffing,51293,51292,51293,1
rising,51341,51293,51341,48
grooming,51398,51341,51398,57
walking,51422,51398,51422,24
rising,51491,51422,51491,69
sniffing,51492,51491,51492,1
grooming,51535,51492,51535,43
sniffing,51554,51535,51554,19
rising,51556,51554,51556,2
sniffing,51628,51556,51628,72
rearing,51636,51628,51636,8
grooming,51793,51636,51793,157
left_turning,51865,51793,51865,72
running,51889,51865,51889,24
walking,51893,51889,51893,4
rising,51940,51893,51940,47
grooming,51996,51940,51996,56
left_turning,51997,51996,51997,1
stepping,52036,51997,52036,39
walking,52213,52036,52213,177
grooming,52268,52213,52268,55
stepping,52321,52268,52321,53
sniffing,52460,52321,52460,139
stepping,52475,52460,52475,15
walking,52476,52475,52476,1
sniffing,52477,52476,52477,1
rising,52514,52477,52514,37
sniffing,52650,52514,52650,136
stepping,52678,52650,52678,28
sniffing,52701,52678,52701,23
stepping,52729,52701,52729,28
running,52765,52729,52765,36
rising,52857,52765,52857,92
left_turning,52938,52857,52938,81
walking,52986,52938,52986,48
right_turning,53014,52986,53014,28
scratching,53015,53014,53015,1
grooming,53016,53015,53016,1
sniffing,53070,53016,53070,54
grooming,53119,53070,53119,49
left_turning,53175,53119,53175,56
sniffing,53251,53175,53251,76
grooming,53626,53251,53626,375
rising,53649,53626,53649,23
grooming,53650,53649,53650,1
hunching,53723,53650,53723,73
grooming,53849,53723,53849,126
walking,53986,53849,53986,137
left_turning,53990,53986,53990,4
sniffing,54039,53990,54039,49
left_turning,54073,54039,54073,34
walking,54145,54073,54145,72
right_turning,54146,54145,54146,1
climbing,54223,54146,54223,77
walking,54275,54223,54275,52
stepping,54300,54275,54300,25
right_turning,54301,54300,54301,1
climbing,54302,54301,54302,1
left_turning,54348,54302,54348,46
stepping,54398,54348,54398,50
sniffing,54399,54398,54399,1
rising,54400,54399,54400,1
grooming,54607,54400,54607,207
sniffing,54664,54607,54664,57
grooming,54665,54664,54665,1
scratching,54666,54665,54666,1
grooming,54773,54666,54773,107
rearing,54821,54773,54821,48
grooming,55004,54821,55004,183
scratching,55005,55004,55005,1
sniffing,55027,55005,55027,22
walking,55099,55027,55099,72
grooming,55325,55099,55325,226
hunching,55549,55325,55549,224
grooming,55657,55549,55657,108
sniffing,55739,55657,55739,82
left_turning,55782,55739,55782,43
walking,55813,55782,55813,31
stepping,55863,55813,55863,50
left_turning,55920,55863,55920,57
grooming,56158,55920,56158,238
rearing,56180,56158,56180,22
climbing,56300,56180,56300,120
walking,56301,56300,56301,1
grooming,56331,56301,56331,30
stepping,56332,56331,56332,1
climbing,56333,56332,56333,1
stepping,56417,56333,56417,84
sniffing,56421,56417,56421,4
rising,56439,56421,56439,18
walking,56440,56439,56440,1
stepping,56453,56440,56453,13
climbing,56650,56453,56650,197
walking,56750,56650,56750,100
stepping,56812,56750,56812,62
walking,56817,56812,56817,5
sniffing,56917,56817,56917,100
hunching,56930,56917,56930,13
right_turning,56947,56930,56947,17
grooming,56948,56947,56948,1
rising,56965,56948,56965,17
left_turning,56975,56965,56975,10
walking,57061,56975,57061,86
sniffing,57094,57061,57094,33
walking,57120,57094,57120,26
stepping,57180,57120,57180,60
sniffing,57200,57180,57200,20
climbing,57218,57200,57218,18
left_turning,57229,57218,57229,11
sniffing,57291,57229,57291,62
left_turning,57304,57291,57304,13
walking,57353,57304,57353,49
stepping,57373,57353,57373,20
walking,57412,57373,57412,39
left_turning,57413,57412,57413,1
walking,57438,57413,57438,25
sniffing,57647,57438,57647,209
walking,57711,57647,57711,64
sniffing,57783,57711,57783,72
grooming,57857,57783,57857,74
rearing,57858,57857,57858,1
grooming,58540,57858,58540,682
rearing,58597,58540,58597,57
walking,58694,58597,58694,97
left_turning,58730,58694,58730,36
sniffing,58736,58730,58736,6
stepping,58763,58736,58763,27
sniffing,58764,58763,58764,1
grooming,58963,58764,58963,199
hunching,59049,58963,59049,86
rearing,59081,59049,59081,32
walking,59105,59081,59105,24
sniffing,59122,59105,59122,17
climbing,59153,59122,59153,31
stepping,59162,59153,59162,9
climbing,59182,59162,59182,20
stepping,59241,59182,59241,59
walking,59315,59241,59315,74
sniffing,59316,59315,59316,1
stepping,59345,59316,59345,29
sniffing,59346,59345,59346,1
rearing,59368,59346,59368,22
hunching,59369,59368,59369,1
grooming,59370,59369,59370,1
left_turning,59398,59370,59398,28
hunching,59434,59398,59434,36
rising,59470,59434,59470,36
sniffing,59523,59470,59523,53
walking,59535,59523,59535,12
stepping,59561,59535,59561,26
sniffing,59598,59561,59598,37
stepping,59653,59598,59653,55
sniffing,59744,59653,59744,91
left_turning,59810,59744,59810,66
walking,59828,59810,59828,18
sniffing,59829,59828,59829,1
walking,59844,59829,59844,15
stepping,59859,59844,59859,15
sniffing,59945,59859,59945,86
rising,60056,59945,60056,111
climbing,60070,60056,60070,14
trotting,60111,60070,60111,41
left_turning,60168,60111,60168,57
stepping,60220,60168,60220,52
rising,60270,60220,60270,50
hunching,60341,60270,60341,71
rearing,60368,60341,60368,27
climbing,60476,60368,60476,108
trotting,60484,60476,60484,8
climbing,60586,60484,60586,102
rising,60636,60586,60636,50
climbing,60637,60636,60637,1
rearing,60638,60637,60638,1
climbing,60702,60638,60702,64
rearing,60741,60702,60741,39
right_turning,60742,60741,60742,1
sniffing,60924,60742,60924,182
rising,61022,60924,61022,98
climbing,61131,61022,61131,109
rearing,61172,61131,61172,41
grooming,61499,61172,61499,327
rearing,61543,61499,61543,44
rising,61579,61543,61579,36
rearing,61640,61579,61640,61
stepping,61695,61640,61695,55
walking,61785,61695,61785,90
sniffing,62063,61785,62063,278
walking,62128,62063,62128,65
stepping,62182,62128,62182,54
grooming,62319,62182,62319,137
sniffing,62455,62319,62455,136
walking,62478,62455,62478,23
sniffing,62728,62478,62728,250
rising,62729,62728,62729,1
sniffing,62753,62729,62753,24
right_turning,62780,62753,62780,27
trotting,62798,62780,62798,18
stepping,62835,62798,62835,37
walking,62881,62835,62881,46
stepping,62944,62881,62944,63
rising,63016,62944,63016,72
left_turning,63075,63016,63075,59
walking,63119,63075,63119,44
climbing,63120,63119,63120,1
stepping,63141,63120,63141,21
rearing,63142,63141,63142,1
grooming,63143,63142,63143,1
sniffing,63190,63143,63190,47
walking,63227,63190,63227,37
stepping,63238,63227,63238,11
sniffing,63357,63238,63357,119
stepping,63372,63357,63372,15
sniffing,63373,63372,63373,1
rising,63435,63373,63435,62
climbing,63546,63435,63546,111
left_turning,63596,63546,63596,50
sniffing,63629,63596,63629,33
rearing,63684,63629,63684,55
running,63714,63684,63714,30
sniffing,63715,63714,63715,1
rising,63752,63715,63752,37
stepping,63819,63752,63819,67
sniffing,63951,63819,63951,132
left_turning,63979,63951,63979,28
sniffing,64015,63979,64015,36
rising,64037,64015,64037,22
climbing,64077,64037,64077,40
sniffing,64086,64077,64086,9
stepping,64101,64086,64101,15
walking,64137,64101,64137,36
right_turning,64138,64137,64138,1
stepping,64161,64138,64161,23
climbing,64233,64161,64233,72
stepping,64250,64233,64250,17
hunching,64276,64250,64276,26
rearing,64295,64276,64295,19
climbing,64337,64295,64337,42
sniffing,64339,64337,64339,2
grooming,64497,64339,64497,158
sniffing,64596,64497,64596,99
stepping,64638,64596,64638,42
walking,64670,64638,64670,32
stepping,64710,64670,64710,40
walking,64745,64710,64745,35
climbing,64824,64745,64824,79
left_turning,64857,64824,64857,33
sniffing,64874,64857,64874,17
left_turning,64875,64874,64875,1
sniffing,64965,64875,64965,90
rising,64973,64965,64973,8
sniffing,64974,64973,64974,1
right_turning,64996,64974,64996,22
trotting,65027,64996,65027,31
sniffing,65042,65027,65042,15
climbing,65102,65042,65102,60
rearing,65126,65102,65126,24
grooming,65326,65126,65326,200
walking,65387,65326,65387,61
sniffing,65485,65387,65485,98
right_turning,65509,65485,65509,24
sniffing,65510,65509,65510,1
rearing,65558,65510,65558,48
grooming,65723,65558,65723,165
trotting,65763,65723,65763,40
sniffing,66018,65763,66018,255
rearing,66056,66018,66056,38
climbing,66118,66056,66118,62
walking,66156,66118,66156,38
rearing,66157,66156,66157,1
grooming,66538,66157,66538,381
left_turning,66586,66538,66586,48
sniffing,66668,66586,66668,82
climbing,66767,66668,66767,99
left_turning,66792,66767,66792,25
walking,66832,66792,66832,40
sniffing,66926,66832,66926,94
stepping,66983,66926,66983,57
climbing,66995,66983,66995,12
rearing,67021,66995,67021,26
rising,67033,67021,67033,12
walking,67069,67033,67069,36
left_turning,67131,67069,67131,62
walking,67146,67131,67146,15
stepping,67188,67146,67188,42
rearing,67210,67188,67210,22
rising,67211,67210,67211,1
sniffing,67292,67211,67292,81
rising,67328,67292,67328,36
grooming,67440,67328,67440,112
rising,67490,67440,67490,50
sniffing,67578,67490,67578,88
stepping,67606,67578,67606,28
sniffing,67740,67606,67740,134
climbing,67741,67740,67741,1
rearing,67742,67741,67742,1
grooming,67773,67742,67773,31
hunching,67781,67773,67781,8
grooming,67913,67781,67913,132
walking,67924,67913,67924,11
climbing,68060,67924,68060,136
trotting,68098,68060,68098,38
running,68115,68098,68115,17
walking,68134,68115,68134,19
trotting,68170,68134,68170,36
walking,68195,68170,68195,25
stepping,68258,68195,68258,63
hunching,68317,68258,68317,59
rising,68390,68317,68390,73
sniffing,68397,68390,68397,7
stepping,68440,68397,68440,43
left_turning,68465,68440,68465,25
stepping,68537,68465,68537,72
sniffing,68578,68537,68578,41
climbing,68721,68578,68721,143
sniffing,68830,68721,68830,109
grooming,69158,68830,69158,328
trotting,69183,69158,69183,25
walking,69203,69183,69203,20
sniffing,69350,69203,69350,147
walking,69409,69350,69409,59
stepping,69424,69409,69424,15
walking,69425,69424,69425,1
sniffing,69514,69425,69514,89
grooming,69554,69514,69554,40
walking,69568,69554,69568,14
rising,69652,69568,69652,84
left_turning,69712,69652,69712,60
walking,69725,69712,69725,13
sniffing,69746,69725,69746,21
rising,69779,69746,69779,33
stepping,69812,69779,69812,33
grooming,70385,69812,70385,573
hunching,70394,70385,70394,9
rearing,70430,70394,70430,36
sniffing,70558,70430,70558,128
stepping,70621,70558,70621,63
climbing,70789,70621,70789,168
stepping,70834,70789,70834,45
left_turning,70875,70834,70875,41
trotting,70905,70875,70905,30
sniffing,70906,70905,70906,1
walking,70947,70906,70947,41
stepping,70956,70947,70956,9
rearing,70957,70956,70957,1
grooming,70958,70957,70958,1
rising,70982,70958,70982,24
sniffing,70983,70982,70983,1
rearing,71014,70983,71014,31
grooming,71239,71014,71239,225
left_turning,71241,71239,71241,2
running,71263,71241,71263,22
stepping,71324,71263,71324,61
sniffing,71414,71324,71414,90
rising,71465,71414,71465,51
walking,71493,71465,71493,28
sniffing,71519,71493,71519,26
grooming,71520,71519,71520,1
sniffing,71635,71520,71635,115
walking,71639,71635,71639,4
sniffing,71753,71639,71753,114
grooming,71754,71753,71754,1
hunching,71755,71754,71755,1
grooming,72427,71755,72427,672
rising,72452,72427,72452,25
rearing,72618,72452,72618,166
grooming,72710,72618,72710,92
rearing,72811,72710,72811,101
grooming,73032,72811,73032,221
sniffing,73112,73032,73112,80
stepping,73135,73112,73135,23
climbing,73209,73135,73209,74
rearing,73251,73209,73251,42
grooming,73302,73251,73302,51
sniffing,73393,73302,73393,91
rising,73494,73393,73494,101
sniffing,73695,73494,73695,201
right_turning,73696,73695,73696,1
sniffing,73874,73696,73874,178
stepping,73907,73874,73907,33
walking,73957,73907,73957,50
sniffing,73965,73957,73965,8
walking,74014,73965,74014,49
trotting,74015,74014,74015,1
stepping,74075,74015,74075,60
rising,74089,74075,74089,14
left_turning,74109,74089,74109,20
stepping,74165,74109,74165,56
walking,74199,74165,74199,34
left_turning,74255,74199,74255,56
grooming,74563,74255,74563,308
rearing,74570,74563,74570,7
grooming,74697,74570,74697,127
left_turning,74762,74697,74762,65
walking,74780,74762,74780,18
sniffing,74818,74780,74818,38
rising,74819,74818,74819,1
sniffing,74950,74819,74950,131
stepping,74956,74950,74956,6
walking,74993,74956,74993,37
stepping,75022,74993,75022,29
sniffing,75186,75022,75186,164
rising,75207,75186,75207,21
rearing,75208,75207,75208,1
rising,75257,75208,75257,49
climbing,75314,75257,75314,57
sniffing,75431,75314,75431,117
hunching,75507,75431,75507,76
grooming,75772,75507,75772,265
hunching,75789,75772,75789,17
rearing,75855,75789,75855,66
hunching,75912,75855,75912,57
rearing,75913,75912,75913,1
sniffing,75919,75913,75919,6
stepping,75961,75919,75961,42
rearing,76023,75961,76023,62
grooming,76110,76023,76110,87
sniffing,76132,76110,76132,22
walking,76148,76132,76148,16
rising,76163,76148,76163,15
climbing,76247,76163,76247,84
rearing,76279,76247,76279,32
grooming,76814,76279,76814,535
hunching,76815,76814,76815,1
scratching,76816,76815,76816,1
sniffing,76869,76816,76869,53
stepping,76929,76869,76929,60
rearing,76935,76929,76935,6
left_turning,76964,76935,76964,29
sniffing,76965,76964,76965,1
rising,77021,76965,77021,56
climbing,77092,77021,77092,71
grooming,77093,77092,77093,1
rising,77099,77093,77099,6
stepping,77130,77099,77130,31
walking,77197,77130,77197,67
stepping,77231,77197,77231,34
sniffing,77280,77231,77280,49
stepping,77332,77280,77332,52
climbing,77348,77332,77348,16
trotting,77382,77348,77382,34
grooming,77687,77382,77687,305
sniffing,77763,77687,77763,76
trotting,77805,77763,77805,42
sniffing,77842,77805,77842,37
walking,77894,77842,77894,52
sniffing,77965,77894,77965,71
stepping,77966,77965,77966,1
grooming,78321,77966,78321,355
climbing,78415,78321,78415,94
stepping,78465,78415,78465,50
sniffing,78466,78465,78466,1
stepping,78488,78466,78488,22
sniffing,78588,78488,78588,100
walking,78628,78588,78628,40
stepping,78718,78628,78718,90
rearing,78755,78718,78755,37
grooming,78756,78755,78756,1
walking,78847,78756,78847,91
rising,78848,78847,78848,1
climbing,78929,78848,78929,81
grooming,78959,78929,78959,30
rearing,79060,78959,79060,101
grooming,79095,79060,79095,35
hunching,79106,79095,79106,11
walking,79145,79106,79145,39
sniffing,79318,79145,79318,173
stepping,79425,79318,79425,107
sniffing,79571,79425,79571,146
rearing,79619,79571,79619,48
grooming,79620,79619,79620,1
sniffing,79643,79620,79643,23
grooming,79689,79643,79689,46
scratching,79690,79689,79690,1
grooming,79706,79690,79706,16
rearing,79750,79706,79750,44
grooming,79991,79750,79991,241
left_turning,80020,79991,80020,29
sniffing,80144,80020,80144,124
walking,80246,80144,80246,102
stepping,80295,80246,80295,49
walking,80354,80295,80354,59
sniffing,80394,80354,80394,40
rearing,80419,80394,80419,25
grooming,81094,80419,81094,675
trotting,81166,81094,81166,72
climbing,81300,81166,81300,134
running,81333,81300,81333,33
stepping,81385,81333,81385,52
rising,81428,81385,81428,43
climbing,81477,81428,81477,49
trotting,81557,81477,81557,80
sniffing,81558,81557,81558,1
left_turning,81602,81558,81602,44
sniffing,81707,81602,81707,105
left_turning,81751,81707,81751,44
sniffing,81852,81751,81852,101
rising,81857,81852,81857,5
walking,81958,81857,81958,101
sniffing,81983,81958,81983,25
running,82007,81983,82007,24
stepping,82052,82007,82052,45
rearing,82053,82052,82053,1
walking,82064,82053,82064,11
grooming,82530,82064,82530,466
sniffing,82575,82530,82575,45
stepping,82605,82575,82605,30
walking,82629,82605,82629,24
right_turning,82638,82629,82638,9
walking,82678,82638,82678,40
sniffing,82679,82678,82679,1
grooming,83138,82679,83138,459
left_turning,83178,83138,83178,40
walking,83255,83178,83255,77
rearing,83265,83255,83265,10
rising,83320,83265,83320,55
climbing,83387,83320,83387,67
grooming,83388,83387,83388,1
climbing,83447,83388,83447,59
grooming,84063,83447,84063,616
rearing,84064,84063,84064,1
climbing,84081,84064,84081,17
left_turning,84082,84081,84082,1
trotting,84123,84082,84123,41
sniffing,84158,84123,84158,35
walking,84215,84158,84215,57
sniffing,84216,84215,84216,1
rising,84252,84216,84252,36
climbing,84253,84252,84253,1
trotting,84270,84253,84270,17
stepping,84317,84270,84317,47
sniffing,84328,84317,84328,11
running,84346,84328,84346,18
walking,84415,84346,84415,69
stepping,84444,84415,84444,29
sniffing,84551,84444,84551,107
trotting,84596,84551,84596,45
walking,84611,84596,84611,15
sniffing,84647,84611,84647,36
stepping,84670,84647,84670,23
walking,84671,84670,84671,1
sniffing,84672,84671,84672,1
right_turning,84683,84672,84683,11
sniffing,84684,84683,84684,1
rising,84727,84684,84727,43
trotting,84758,84727,84758,31
sniffing,84811,84758,84811,53
rising,84846,84811,84846,35
climbing,84919,84846,84919,73
walking,84920,84919,84920,1
sniffing,84977,84920,84977,57
grooming,85238,84977,85238,261
sniffing,85320,85238,85320,82
grooming,85593,85320,85593,273
rearing,85616,85593,85616,23
hunching,85643,85616,85643,27
grooming,86131,85643,86131,488
hunching,86394,86131,86394,263
rearing,86409,86394,86409,15
walking,86470,86409,86470,61
stepping,86493,86470,86493,23
rising,86524,86493,86524,31
stepping,86527,86524,86527,3
sniffing,86528,86527,86528,1
grooming,86544,86528,86544,16
sniffing,86550,86544,86550,6
walking,86565,86550,86565,15
stepping,86618,86565,86618,53
walking,86619,86618,86619,1
grooming,86745,86619,86745,126
climbing,86803,86745,86803,58
rising,86829,86803,86829,26
climbing,86945,86829,86945,116
left_turning,86966,86945,86966,21
climbing,87028,86966,87028,62
walking,87029,87028,87029,1
right_turning,87068,87029,87068,39
stepping,87090,87068,87090,22
walking,87174,87090,87174,84
sniffing,87199,87174,87199,25
rising,87200,87199,87200,1
sniffing,87325,87200,87325,125
rearing,87383,87325,87383,58
grooming,87711,87383,87711,328
climbing,87783,87711,87783,72
grooming,87825,87783,87825,42
left_turning,87828,87825,87828,3
grooming,87919,87828,87919,91
rearing,87984,87919,87984,65
sniffing,88037,87984,88037,53
walking,88069,88037,88069,32
sniffing,88134,88069,88134,65
grooming,88519,88134,88519,385
rearing,88539,88519,88539,20
walking,88546,88539,88546,7
sniffing,88712,88546,88712,166
stepping,88755,88712,88755,43
sniffing,88818,88755,88818,63
stepping,88825,88818,88825,7
sniffing,88826,88825,88826,1
walking,88868,88826,88868,42
sniffing,89039,88868,89039,171
rearing,89104,89039,89104,65
walking,89219,89104,89219,115
trotting,89290,89219,89290,71
sniffing,89291,89290,89291,1
hunching,89292,89291,89292,1
grooming,89293,89292,89293,1
sniffing,89411,89293,89411,118
pausing,89477,89411,89477,66
sniffing,89533,89477,89533,56
rising,89711,89533,89711,178
rearing,89741,89711,89741,30
trotting,89806,89741,89806,65
stepping,89827,89806,89827,21
walking,89854,89827,89854,27
stepping,89913,89854,89913,59
climbing,89943,89913,89943,30
walking,89946,89943,89946,3
sniffing,90122,89946,90122,176
walking,90191,90122,90191,69
sniffing,90263,90191,90263,72
rising,90285,90263,90285,22
sniffing,90286,90285,90286,1
walking,90313,90286,90313,27
sniffing,90501,90313,90501,188
left_turning,90556,90501,90556,55
grooming,90587,90556,90587,31
rising,90604,90587,90604,17
grooming,90611,90604,90611,7
right_turning,90622,90611,90622,11
running,90636,90622,90636,14
walking,90642,90636,90642,6
sniffing,90845,90642,90845,203
stepping,90898,90845,90898,53
walking,90938,90898,90938,40
sniffing,90999,90938,90999,61
stepping,91023,90999,91023,24
sniffing,91033,91023,91033,10
rising,91034,91033,91034,1
stepping,91060,91034,91060,26
sniffing,91247,91060,91247,187
rising,91275,91247,91275,28
sniffing,91348,91275,91348,73
stepping,91367,91348,91367,19
grooming,91504,91367,91504,137
climbing,91638,91504,91638,134
right_turning,91659,91638,91659,21
walking,91671,91659,91671,12
rising,91713,91671,91713,42
grooming,91873,91713,91873,160
rising,91874,91873,91874,1
climbing,91986,91874,91986,112
right_turning,92026,91986,92026,40
rising,92105,92026,92105,79
rearing,92251,92105,92251,146
rising,92252,92251,92252,1
rearing,92253,92252,92253,1
grooming,92494,92253,92494,241
sniffing,92619,92494,92619,125
walking,92620,92619,92620,1
sniffing,92737,92620,92737,117
stepping,92771,92737,92771,34
walking,92803,92771,92803,32
sniffing,92890,92803,92890,87
trotting,92899,92890,92899,9
rising,92921,92899,92921,22
climbing,93047,92921,93047,126
walking,93055,93047,93055,8
sniffing,93105,93055,93105,50
left_turning,93155,93105,93155,50
rearing,93241,93155,93241,86
climbing,93244,93241,93244,3
grooming,93501,93244,93501,257
climbing,93546,93501,93546,45
walking,93563,93546,93563,17
running,93578,93563,93578,15
left_turning,93579,93578,93579,1
walking,93621,93579,93621,42
stepping,93648,93621,93648,27
sniffing,93809,93648,93809,161
stepping,93845,93809,93845,36
sniffing,93893,93845,93893,48
grooming,94023,93893,94023,130
sniffing,94024,94023,94024,1
left_turning,94040,94024,94040,16
sniffing,94174,94040,94174,134
walking,94198,94174,94198,24
sniffing,94199,94198,94199,1
climbing,94200,94199,94200,1
rearing,94276,94200,94276,76
grooming,94819,94276,94819,543
rearing,94900,94819,94900,81
grooming,95116,94900,95116,216
rearing,95149,95116,95149,33
climbing,95243,95149,95243,94
stepping,95280,95243,95280,37
left_turning,95328,95280,95328,48
grooming,95456,95328,95456,128
rearing,95497,95456,95497,41
sniffing,95543,95497,95543,46
walking,95569,95543,95569,26
sniffing,95570,95569,95570,1
left_turning,95577,95570,95577,7
walking,95680,95577,95680,103
sniffing,95706,95680,95706,26
rising,95707,95706,95707,1
sniffing,95743,95707,95743,36
rearing,95842,95743,95842,99
rising,95913,95842,95913,71
rearing,95935,95913,95935,22
climbing,96045,95935,96045,110
grooming,96417,96045,96417,372
climbing,96468,96417,96468,51
rising,96557,96468,96557,89
sniffing,96645,96557,96645,88
rearing,96667,96645,96667,22
rising,96730,96667,96730,63
walking,96775,96730,96775,45
climbing,96900,96775,96900,125
stepping,96925,96900,96925,25
sniffing,96926,96925,96926,1
rising,96927,96926,96927,1
rearing,96949,96927,96949,22
grooming,96956,96949,96956,7
sniffing,97118,96956,97118,162
walking,97147,97118,97147,29
rising,97174,97147,97174,27
stepping,97243,97174,97243,69
sniffing,97253,97243,97253,10
grooming,97400,97253,97400,147
climbing,97401,97400,97401,1
walking,97436,97401,97436,35
rising,97437,97436,97437,1
climbing,97492,97437,97492,55
rearing,97493,97492,97493,1
right_turning,97545,97493,97545,52
rearing,97566,97545,97566,21
walking,97626,97566,97626,60
jumping,97627,97626,97627,1
walking,97659,97627,97659,32
stepping,97676,97659,97676,17
climbing,97738,97676,97738,62
rearing,97903,97738,97903,165
grooming,98517,97903,98517,614
rising,98544,98517,98544,27
climbing,98640,98544,98640,96
hunching,98650,98640,98650,10
rearing,98651,98650,98651,1
left_turning,98702,98651,98702,51
hunching,98728,98702,98728,26
rearing,98729,98728,98729,1
walking,98742,98729,98742,13
stepping,98786,98742,98786,44
rising,98947,98786,98947,161
sniffing,99125,98947,99125,178
left_turning,99164,99125,99164,39
rising,99165,99164,99165,1
sniffing,99166,99165,99166,1
rising,99198,99166,99198,32
hunching,99296,99198,99296,98
grooming,100093,99296,100093,797
stepping,100119,100093,100119,26
sniffing,100156,100119,100156,37
walking,100198,100156,100198,42
stepping,100233,100198,100233,35
sniffing,100257,100233,100257,24
running,100281,100257,100281,24
trotting,100313,100281,100313,32
walking,100336,100313,100336,23
stepping,100409,100336,100409,73
walking,100434,100409,100434,25
sniffing,100554,100434,100554,120
trotting,100633,100554,100633,79
climbing,100677,100633,100677,44
trotting,100696,100677,100696,19
rearing,100719,100696,100719,23
rising,100720,100719,100720,1
rearing,100721,100720,100721,1
climbing,100736,100721,100736,15
grooming,100737,100736,100737,1
running,100764,100737,100764,27
stepping,100771,100764,100771,7
climbing,100888,100771,100888,117
grooming,101331,100888,101331,443
rearing,101361,101331,101361,30
rising,101362,101361,101362,1
climbing,101363,101362,101363,1
rearing,101370,101363,101370,7
grooming,101371,101370,101371,1
walking,101388,101371,101388,17
sniffing,101431,101388,101431,43
rearing,101501,101431,101501,70
stepping,101518,101501,101518,17
sniffing,101592,101518,101592,74
rising,101631,101592,101631,39
climbing,101638,101631,101638,7
grooming,101766,101638,101766,128
hunching,101853,101766,101853,87
grooming,102259,101853,102259,406
climbing,102300,102259,102300,41
walking,102316,102300,102316,16
sniffing,102328,102316,102328,12
walking,102400,102328,102400,72
sniffing,102406,102400,102406,6
walking,102419,102406,102419,13
stepping,102468,102419,102468,49
walking,102505,102468,102505,37
sniffing,102506,102505,102506,1
walking,102540,102506,102540,34
sniffing,102708,102540,102708,168
grooming,102921,102708,102921,213
rearing,102940,102921,102940,19
hunching,102941,102940,102941,1
rearing,102942,102941,102942,1
sniffing,102956,102942,102956,14
left_turning,102973,102956,102973,17
sniffing,103098,102973,103098,125
rearing,103200,103098,103200,102
grooming,103201,103200,103201,1
rearing,103211,103201,103211,10
hunching,103212,103211,103212,1
rearing,103239,103212,103239,27
left_turning,103277,103239,103277,38
trotting,103315,103277,103315,38
sniffing,103666,103315,103666,351
stepping,103712,103666,103712,46
sniffing,103815,103712,103815,103
walking,103862,103815,103862,47
stepping,103934,103862,103934,72
sniffing,104033,103934,104033,99
stepping,104052,104033,104052,19
sniffing,104057,104052,104057,5
scratching,104058,104057,104058,1
sniffing,104059,104058,104059,1
walking,104146,104059,104146,87
sniffing,104171,104146,104171,25
rising,104193,104171,104193,22
rearing,104194,104193,104194,1
hunching,104256,104194,104256,62
grooming,104541,104256,104541,285
rearing,104651,104541,104651,110
grooming,104652,104651,104652,1
rearing,104752,104652,104752,100
hunching,104765,104752,104765,13
grooming,104766,104765,104766,1
rearing,104856,104766,104856,90
hunching,104860,104856,104860,4
sniffing,104947,104860,104947,87
right_turning,104950,104947,104950,3
stepping,105025,104950,105025,75
sniffing,105345,105025,105345,320
grooming,105346,105345,105346,1
hunching,105467,105346,105467,121
grooming,105741,105467,105741,274
rearing,105742,105741,105742,1
grooming,105980,105742,105980,238
rearing,106019,105980,106019,39
grooming,106059,106019,106059,40
hunching,106230,106059,106230,171
grooming,106442,106230,106442,212
hunching,106456,106442,106456,14
grooming,106571,106456,106571,115
hunching,106682,106571,106682,111
right_turning,106715,106682,106715,33
climbing,106856,106715,106856,141
trotting,106886,106856,106886,30
walking,106935,106886,106935,49
sniffing,107072,106935,107072,137
grooming,107073,107072,107073,1
stepping,107161,107073,107161,88
sniffing,107323,107161,107323,162
stepping,107352,107323,107352,29
walking,107368,107352,107368,16
rising,107387,107368,107387,19
rearing,107388,107387,107388,1
hunching,107389,107388,107389,1
rearing,107390,107389,107390,1
rising,107409,107390,107409,19
sniffing,107488,107409,107488,79
rising,107577,107488,107577,89
rearing,107619,107577,107619,42
hunching,107620,107619,107620,1
grooming,108000,107620,108000,380
