revised_movement_label,segBoundary,segBoundary_start,segBoundary_end,length
rising,124,0,124,124
climbing,188,124,188,64
sniffing,237,188,237,49
walking,238,237,238,1
rising,314,238,314,76
trotting,315,314,315,1
stepping,316,315,316,1
walking,317,316,317,1
rising,332,317,332,15
sniffing,333,332,333,1
rising,380,333,380,47
right_turning,402,380,402,22
walking,459,402,459,57
sniffing,473,459,473,14
walking,552,473,552,79
rising,603,552,603,51
sniffing,642,603,642,39
walking,661,642,661,19
rising,709,661,709,48
grooming,710,709,710,1
hunching,775,710,775,65
grooming,915,775,915,140
hunching,934,915,934,19
grooming,1032,934,1032,98
left_turning,1033,1032,1033,1
grooming,1073,1033,1073,40
walking,1159,1073,1159,86
sniffing,1237,1159,1237,78
trotting,1248,1237,1248,11
sniffing,1297,1248,1297,49
rising,1298,1297,1298,1
sniffing,1402,1298,1402,104
walking,1487,1402,1487,85
stepping,1579,1487,1579,92
sniffing,1663,1579,1663,84
walking,1759,1663,1759,96
sniffing,1760,1759,1760,1
grooming,1908,1760,1908,148
stepping,1935,1908,1935,27
sniffing,1936,1935,1936,1
rising,2028,1936,2028,92
stepping,2063,2028,2063,35
sniffing,2129,2063,2129,66
trotting,2171,2129,2171,42
sniffing,2205,2171,2205,34
running,2260,2205,2260,55
trotting,2290,2260,2290,30
sniffing,2342,2290,2342,52
stepping,2378,2342,2378,36
walking,2427,2378,2427,49
sniffing,2509,2427,2509,82
rising,2510,2509,2510,1
stepping,2531,2510,2531,21
walking,2689,2531,2689,158
left_turning,2758,2689,2758,69
sniffing,2759,2758,2759,1
rising,2760,2759,2760,1
left_turning,2820,2760,2820,60
walking,2821,2820,2821,1
trotting,2858,2821,2858,37
stepping,2872,2858,2872,14
sniffing,2899,2872,2899,27
left_turning,2928,2899,2928,29
stepping,2940,2928,2940,12
sniffing,2982,2940,2982,42
rising,3018,2982,3018,36
grooming,3091,3018,3091,73
hunching,3105,3091,3105,14
grooming,3106,3105,3106,1
hunching,3133,3106,3133,27
grooming,3213,3133,3213,80
hunching,3264,3213,3264,51
left_turning,3334,3264,3334,70
rising,3361,3334,3361,27
climbing,3412,3361,3412,51
left_turning,3473,3412,3473,61
running,3492,3473,3492,19
walking,3582,3492,3582,90
right_turning,3622,3582,3622,40
sniffing,3723,3622,3723,101
stepping,3747,3723,3747,24
walking,3837,3747,3837,90
sniffing,3908,3837,3908,71
rising,3925,3908,3925,17
sniffing,3978,3925,3978,53
hunching,4011,3978,4011,33
grooming,4012,4011,4012,1
climbing,4070,4012,4070,58
grooming,4244,4070,4244,174
walking,4319,4244,4319,75
trotting,4339,4319,4339,20
stepping,4392,4339,4392,53
walking,4431,4392,4431,39
stepping,4437,4431,4437,6
sniffing,4504,4437,4504,67
grooming,4505,4504,4505,1
left_turning,4540,4505,4540,35
sniffing,4723,4540,4723,183
walking,4764,4723,4764,41
stepping,4838,4764,4838,74
sniffing,4852,4838,4852,14
rising,4860,4852,4860,8
grooming,4923,4860,4923,63
stepping,4937,4923,4937,14
sniffing,5027,4937,5027,90
stepping,5110,5027,5110,83
walking,5148,5110,5148,38
stepping,5157,5148,5157,9
walking,5203,5157,5203,46
sniffing,5211,5203,5211,8
left_turning,5212,5211,5212,1
sniffing,5293,5212,5293,81
walking,5345,5293,5345,52
trotting,5391,5345,5391,46
running,5414,5391,5414,23
trotting,5442,5414,5442,28
stepping,5504,5442,5504,62
sniffing,5582,5504,5582,78
rising,5583,5582,5583,1
right_turning,5595,5583,5595,12
sniffing,5596,5595,5596,1
stepping,5640,5596,5640,44
walking,5660,5640,5660,20
rising,5711,5660,5711,51
grooming,5768,5711,5768,57
rising,5815,5768,5815,47
running,5846,5815,5846,31
trotting,5870,5846,5870,24
walking,5923,5870,5923,53
sniffing,5982,5923,5982,59
left_turning,6027,5982,6027,45
sniffing,6083,6027,6083,56
rising,6124,6083,6124,41
climbing,6125,6124,6125,1
grooming,6126,6125,6126,1
right_turning,6127,6126,6127,1
stepping,6138,6127,6138,11
rising,6139,6138,6139,1
sniffing,6267,6139,6267,128
walking,6301,6267,6301,34
sniffing,6349,6301,6349,48
grooming,6406,6349,6406,57
sniffing,6456,6406,6456,50
rising,6464,6456,6464,8
sniffing,6538,6464,6538,74
walking,6595,6538,6595,57
running,6607,6595,6607,12
walking,6679,6607,6679,72
stepping,6703,6679,6703,24
rising,6761,6703,6761,58
sniffing,6821,6761,6821,60
grooming,6853,6821,6853,32
rearing,6894,6853,6894,41
climbing,6973,6894,6973,79
stepping,7012,6973,7012,39
sniffing,7053,7012,7053,41
stepping,7090,7053,7090,37
sniffing,7183,7090,7183,93
grooming,7291,7183,7291,108
sniffing,7392,7291,7392,101
stepping,7407,7392,7407,15
trotting,7459,7407,7459,52
rising,7478,7459,7478,19
running,7496,7478,7496,18
rising,7497,7496,7497,1
stepping,7500,7497,7500,3
sniffing,7509,7500,7509,9
hunching,7538,7509,7538,29
climbing,7605,7538,7605,67
sniffing,7663,7605,7663,58
rising,7695,7663,7695,32
grooming,7904,7695,7904,209
hunching,7937,7904,7937,33
grooming,7973,7937,7973,36
sniffing,8016,7973,8016,43
hunching,8049,8016,8049,33
grooming,8050,8049,8050,1
sniffing,8133,8050,8133,83
walking,8197,8133,8197,64
stepping,8215,8197,8215,18
walking,8260,8215,8260,45
sniffing,8347,8260,8347,87
walking,8399,8347,8399,52
sniffing,8420,8399,8420,21
rising,8434,8420,8434,14
climbing,8461,8434,8461,27
sniffing,8535,8461,8535,74
left_turning,8596,8535,8596,61
stepping,8610,8596,8610,14
rising,8611,8610,8611,1
walking,8612,8611,8612,1
stepping,8624,8612,8624,12
walking,8664,8624,8664,40
sniffing,8665,8664,8665,1
rising,8717,8665,8717,52
trotting,8743,8717,8743,26
stepping,8820,8743,8820,77
right_turning,8836,8820,8836,16
walking,8869,8836,8869,33
sniffing,8909,8869,8909,40
stepping,8946,8909,8946,37
walking,8975,8946,8975,29
stepping,9001,8975,9001,26
sniffing,9061,9001,9061,60
rising,9107,9061,9107,46
grooming,9335,9107,9335,228
sniffing,9388,9335,9388,53
right_turning,9436,9388,9436,48
trotting,9466,9436,9466,30
sniffing,9467,9466,9467,1
rearing,9525,9467,9525,58
right_turning,9541,9525,9541,16
sniffing,9599,9541,9599,58
left_turning,9628,9599,9628,29
right_turning,9656,9628,9656,28
sniffing,9739,9656,9739,83
stepping,9755,9739,9755,16
walking,9798,9755,9798,43
trotting,9846,9798,9846,48
grooming,10057,9846,10057,211
rearing,10121,10057,10121,64
grooming,10153,10121,10153,32
sniffing,10212,10153,10212,59
left_turning,10246,10212,10246,34
sniffing,10295,10246,10295,49
stepping,10300,10295,10300,5
right_turning,10310,10300,10310,10
trotting,10329,10310,10329,19
rising,10355,10329,10355,26
left_turning,10392,10355,10392,37
rising,10438,10392,10438,46
stepping,10501,10438,10501,63
left_turning,10508,10501,10508,7
walking,10584,10508,10584,76
trotting,10615,10584,10615,31
running,10630,10615,10630,15
walking,10653,10630,10653,23
grooming,10746,10653,10746,93
walking,10759,10746,10759,13
sniffing,10835,10759,10835,76
stepping,10850,10835,10850,15
walking,10883,10850,10883,33
sniffing,10919,10883,10919,36
rising,10961,10919,10961,42
sniffing,10992,10961,10992,31
stepping,11027,10992,11027,35
rearing,11067,11027,11067,40
hunching,11068,11067,11068,1
grooming,11223,11068,11223,155
sniffing,11309,11223,11309,86
stepping,11341,11309,11341,32
running,11367,11341,11367,26
trotting,11385,11367,11385,18
left_turning,11398,11385,11398,13
stepping,11451,11398,11451,53
walking,11481,11451,11481,30
right_turning,11524,11481,11524,43
trotting,11582,11524,11582,58
walking,11649,11582,11649,67
grooming,11680,11649,11680,31
hunching,11717,11680,11717,37
grooming,11830,11717,11830,113
rearing,11862,11830,11862,32
climbing,11873,11862,11873,11
grooming,11991,11873,11991,118
rising,12041,11991,12041,50
climbing,12133,12041,12133,92
grooming,12417,12133,12417,284
walking,12418,12417,12418,1
grooming,12627,12418,12627,209
stepping,12656,12627,12656,29
trotting,12683,12656,12683,27
running,12713,12683,12713,30
sniffing,12751,12713,12751,38
rising,12752,12751,12752,1
stepping,12758,12752,12758,6
sniffing,12843,12758,12843,85
trotting,12896,12843,12896,53
sniffing,12897,12896,12897,1
stepping,12984,12897,12984,87
walking,13013,12984,13013,29
stepping,13055,13013,13055,42
sniffing,13069,13055,13069,14
rising,13114,13069,13114,45
rearing,13115,13114,13115,1
left_turning,13144,13115,13144,29
stepping,13189,13144,13189,45
climbing,13286,13189,13286,97
grooming,13417,13286,13417,131
walking,13437,13417,13437,20
sniffing,13544,13437,13544,107
climbing,13607,13544,13607,63
sniffing,13627,13607,13627,20
rearing,13707,13627,13707,80
hunching,13724,13707,13724,17
grooming,13865,13724,13865,141
left_turning,13968,13865,13968,103
grooming,14048,13968,14048,80
rising,14197,14048,14197,149
walking,14265,14197,14265,68
sniffing,14266,14265,14266,1
rising,14276,14266,14276,10
climbing,14314,14276,14314,38
grooming,14354,14314,14354,40
sniffing,14412,14354,14412,58
walking,14474,14412,14474,62
stepping,14509,14474,14509,35
sniffing,14593,14509,14593,84
stepping,14609,14593,14609,16
walking,14650,14609,14650,41
rising,14689,14650,14689,39
left_turning,14747,14689,14747,58
stepping,14808,14747,14808,61
rearing,14830,14808,14830,22
stepping,14891,14830,14891,61
walking,14902,14891,14902,11
stepping,14917,14902,14917,15
walking,14973,14917,14973,56
sniffing,15005,14973,15005,32
grooming,15107,15005,15107,102
rising,15177,15107,15177,70
climbing,15258,15177,15258,81
left_turning,15295,15258,15295,37
stepping,15355,15295,15355,60
grooming,15497,15355,15497,142
walking,15577,15497,15577,80
running,15621,15577,15621,44
rising,15639,15621,15639,18
rearing,15679,15639,15679,40
grooming,15730,15679,15730,51
stepping,15731,15730,15731,1
hunching,15765,15731,15765,34
rearing,15766,15765,15766,1
grooming,15834,15766,15834,68
walking,15945,15834,15945,111
stepping,15967,15945,15967,22
grooming,16021,15967,16021,54
sniffing,16081,16021,16081,60
stepping,16088,16081,16088,7
sniffing,16089,16088,16089,1
stepping,16156,16089,16156,67
sniffing,16209,16156,16209,53
stepping,16262,16209,16262,53
walking,16343,16262,16343,81
sniffing,16413,16343,16413,70
left_turning,16435,16413,16435,22
grooming,16546,16435,16546,111
climbing,16623,16546,16623,77
sniffing,16716,16623,16716,93
trotting,16717,16716,16717,1
rising,16785,16717,16785,68
grooming,16838,16785,16838,53
rising,16839,16838,16839,1
grooming,16959,16839,16959,120
walking,17027,16959,17027,68
rearing,17087,17027,17087,60
hunching,17108,17087,17108,21
rearing,17122,17108,17122,14
walking,17160,17122,17160,38
sniffing,17348,17160,17348,188
grooming,17416,17348,17416,68
rising,17437,17416,17437,21
rearing,17497,17437,17497,60
grooming,17548,17497,17548,51
sniffing,17623,17548,17623,75
running,17672,17623,17672,49
stepping,17727,17672,17727,55
rising,17779,17727,17779,52
grooming,17780,17779,17780,1
rearing,17815,17780,17815,35
hunching,17821,17815,17821,6
grooming,18180,17821,18180,359
walking,18261,18180,18261,81
stepping,18268,18261,18268,7
rising,18301,18268,18301,33
grooming,18330,18301,18330,29
sniffing,18413,18330,18413,83
rising,18465,18413,18465,52
sniffing,18587,18465,18587,122
walking,18591,18587,18591,4
stepping,18611,18591,18611,20
sniffing,18683,18611,18683,72
stepping,18684,18683,18684,1
sniffing,18766,18684,18766,82
grooming,18767,18766,18767,1
hunching,18826,18767,18826,59
left_turning,18903,18826,18903,77
walking,18917,18903,18917,14
grooming,18993,18917,18993,76
hunching,19013,18993,19013,20
rearing,19068,19013,19068,55
grooming,19163,19068,19163,95
hunching,19232,19163,19232,69
grooming,19310,19232,19310,78
rising,19311,19310,19311,1
rearing,19312,19311,19312,1
grooming,19427,19312,19427,115
left_turning,19469,19427,19469,42
sniffing,19696,19469,19696,227
right_turning,19697,19696,19697,1
stepping,19742,19697,19742,45
sniffing,19803,19742,19803,61
rearing,19812,19803,19812,9
rising,19864,19812,19864,52
climbing,19936,19864,19936,72
sniffing,19956,19936,19956,20
walking,19957,19956,19957,1
sniffing,20003,19957,20003,46
grooming,20156,20003,20156,153
scratching,20157,20156,20157,1
sniffing,20244,20157,20244,87
grooming,20306,20244,20306,62
rearing,20344,20306,20344,38
grooming,20508,20344,20508,164
hunching,20542,20508,20542,34
right_turning,20544,20542,20544,2
sniffing,20651,20544,20651,107
grooming,20727,20651,20727,76
trotting,20768,20727,20768,41
running,20800,20768,20800,32
walking,20801,20800,20801,1
hunching,20812,20801,20812,11
rearing,20857,20812,20857,45
left_turning,20859,20857,20859,2
trotting,20896,20859,20896,37
sniffing,20897,20896,20897,1
grooming,20941,20897,20941,44
sniffing,20942,20941,20942,1
right_turning,20966,20942,20966,24
sniffing,20997,20966,20997,31
left_turning,21003,20997,21003,6
walking,21037,21003,21037,34
grooming,21264,21037,21264,227
climbing,21336,21264,21336,72
trotting,21361,21336,21361,25
stepping,21387,21361,21387,26
sniffing,21521,21387,21521,134
left_turning,21556,21521,21556,35
stepping,21604,21556,21604,48
walking,21644,21604,21644,40
stepping,21692,21644,21692,48
climbing,21760,21692,21760,68
grooming,21801,21760,21801,41
sniffing,21866,21801,21866,65
left_turning,21935,21866,21935,69
walking,21949,21935,21949,14
right_turning,21970,21949,21970,21
running,22002,21970,22002,32
trotting,22025,22002,22025,23
walking,22046,22025,22046,21
sniffing,22131,22046,22131,85
grooming,22132,22131,22132,1
walking,22147,22132,22147,15
grooming,22148,22147,22148,1
rearing,22149,22148,22149,1
sniffing,22210,22149,22210,61
stepping,22279,22210,22279,69
trotting,22306,22279,22306,27
stepping,22341,22306,22341,35
grooming,22342,22341,22342,1
left_turning,22359,22342,22359,17
stepping,22419,22359,22419,60
sniffing,22500,22419,22500,81
climbing,22573,22500,22573,73
grooming,22797,22573,22797,224
stepping,22819,22797,22819,22
sniffing,22925,22819,22925,106
stepping,22994,22925,22994,69
rising,23007,22994,23007,13
sniffing,23055,23007,23055,48
stepping,23104,23055,23104,49
rising,23160,23104,23160,56
grooming,23161,23160,23161,1
left_turning,23169,23161,23169,8
stepping,23172,23169,23172,3
sniffing,23263,23172,23263,91
stepping,23264,23263,23264,1
climbing,23275,23264,23275,11
rising,23276,23275,23276,1
sniffing,23379,23276,23379,103
rearing,23408,23379,23408,29
grooming,23409,23408,23409,1
left_turning,23423,23409,23423,14
sniffing,23463,23423,23463,40
grooming,23712,23463,23712,249
hunching,23731,23712,23731,19
rearing,23823,23731,23823,92
rising,23840,23823,23840,17
hunching,23930,23840,23930,90
stepping,23933,23930,23933,3
grooming,24248,23933,24248,315
sniffing,24302,24248,24302,54
climbing,24313,24302,24313,11
hunching,24314,24313,24314,1
rearing,24315,24314,24315,1
grooming,24417,24315,24417,102
right_turning,24432,24417,24432,15
grooming,24433,24432,24433,1
rearing,24476,24433,24476,43
grooming,24477,24476,24477,1
hunching,24486,24477,24486,9
rearing,24547,24486,24547,61
climbing,24619,24547,24619,72
rearing,24711,24619,24711,92
hunching,24818,24711,24818,107
trotting,24830,24818,24830,12
sniffing,24877,24830,24877,47
grooming,24966,24877,24966,89
right_turning,24970,24966,24970,4
stepping,25005,24970,25005,35
rising,25037,25005,25037,32
stepping,25047,25037,25047,10
sniffing,25186,25047,25186,139
walking,25205,25186,25205,19
stepping,25279,25205,25279,74
walking,25349,25279,25349,70
left_turning,25390,25349,25390,41
sniffing,25404,25390,25404,14
stepping,25451,25404,25451,47
trotting,25502,25451,25502,51
walking,25545,25502,25545,43
stepping,25616,25545,25616,71
sniffing,25630,25616,25630,14
rearing,25653,25630,25653,23
sniffing,25764,25653,25764,111
rearing,25827,25764,25827,63
rising,25845,25827,25845,18
climbing,25865,25845,25865,20
sniffing,25941,25865,25941,76
trotting,25976,25941,25976,35
running,26012,25976,26012,36
trotting,26020,26012,26020,8
left_turning,26024,26020,26024,4
scratching,26025,26024,26025,1
grooming,26200,26025,26200,175
walking,26256,26200,26256,56
grooming,26458,26256,26458,202
scratching,26459,26458,26459,1
grooming,26560,26459,26560,101
left_turning,26618,26560,26618,58
trotting,26635,26618,26635,17
sniffing,26741,26635,26741,106
grooming,26820,26741,26820,79
sniffing,26917,26820,26917,97
rising,26964,26917,26964,47
sniffing,27046,26964,27046,82
grooming,27140,27046,27140,94
hunching,27141,27140,27141,1
left_turning,27197,27141,27197,56
stepping,27245,27197,27245,48
sniffing,27347,27245,27347,102
rising,27400,27347,27400,53
climbing,27488,27400,27488,88
stepping,27540,27488,27540,52
sniffing,27547,27540,27547,7
trotting,27548,27547,27548,1
stepping,27579,27548,27579,31
grooming,27738,27579,27738,159
trotting,27773,27738,27773,35
sniffing,27891,27773,27891,118
walking,27952,27891,27952,61
sniffing,28053,27952,28053,101
left_turning,28057,28053,28057,4
sniffing,28204,28057,28204,147
stepping,28262,28204,28262,58
sniffing,28293,28262,28293,31
grooming,28492,28293,28492,199
sniffing,28500,28492,28500,8
stepping,28552,28500,28552,52
rearing,28608,28552,28608,56
grooming,28817,28608,28817,209
rearing,28917,28817,28917,100
grooming,28973,28917,28973,56
sniffing,28988,28973,28988,15
rearing,29062,28988,29062,74
hunching,29063,29062,29063,1
grooming,29115,29063,29115,52
right_turning,29165,29115,29165,50
stepping,29194,29165,29194,29
sniffing,29219,29194,29219,25
stepping,29261,29219,29261,42
walking,29292,29261,29292,31
trotting,29337,29292,29337,45
stepping,29385,29337,29385,48
sniffing,29473,29385,29473,88
grooming,29653,29473,29653,180
right_turning,29654,29653,29654,1
walking,29666,29654,29666,12
sniffing,29747,29666,29747,81
grooming,29795,29747,29795,48
hunching,29870,29795,29870,75
grooming,29924,29870,29924,54
climbing,29925,29924,29925,1
sniffing,29946,29925,29946,21
stepping,30017,29946,30017,71
walking,30018,30017,30018,1
stepping,30038,30018,30038,20
sniffing,30093,30038,30093,55
grooming,30094,30093,30094,1
sniffing,30174,30094,30174,80
left_turning,30214,30174,30214,40
trotting,30259,30214,30259,45
rising,30315,30259,30315,56
hunching,30316,30315,30316,1
sniffing,30317,30316,30317,1
walking,30352,30317,30352,35
sniffing,30354,30352,30354,2
walking,30402,30354,30402,48
stepping,30449,30402,30449,47
sniffing,30509,30449,30509,60
left_turning,30571,30509,30571,62
grooming,30704,30571,30704,133
rearing,30871,30704,30871,167
trotting,30926,30871,30926,55
stepping,30991,30926,30991,65
sniffing,31079,30991,31079,88
stepping,31104,31079,31104,25
sniffing,31148,31104,31148,44
running,31193,31148,31193,45
sniffing,31214,31193,31214,21
rising,31257,31214,31257,43
grooming,31494,31257,31494,237
rising,31556,31494,31556,62
climbing,31624,31556,31624,68
sniffing,31661,31624,31661,37
grooming,31675,31661,31675,14
rearing,31734,31675,31734,59
rising,31828,31734,31828,94
rearing,31947,31828,31947,119
climbing,32026,31947,32026,79
grooming,32345,32026,32345,319
climbing,32410,32345,32410,65
right_turning,32437,32410,32437,27
walking,32506,32437,32506,69
grooming,32577,32506,32577,71
trotting,32637,32577,32637,60
sniffing,32669,32637,32669,32
walking,32671,32669,32671,2
sniffing,32672,32671,32672,1
grooming,32751,32672,32751,79
hunching,32790,32751,32790,39
rearing,32842,32790,32842,52
sniffing,32843,32842,32843,1
rising,32876,32843,32876,33
walking,32979,32876,32979,103
sniffing,32998,32979,32998,19
grooming,33026,32998,33026,28
trotting,33063,33026,33063,37
rising,33246,33063,33246,183
climbing,33359,33246,33359,113
rearing,33398,33359,33398,39
grooming,33446,33398,33446,48
right_turning,33502,33446,33502,56
trotting,33549,33502,33549,47
walking,33557,33549,33557,8
grooming,33684,33557,33684,127
scratching,33685,33684,33685,1
sniffing,33686,33685,33686,1
trotting,33728,33686,33728,42
walking,33771,33728,33771,43
sniffing,33861,33771,33861,90
left_turning,33862,33861,33862,1
walking,33915,33862,33915,53
right_turning,33919,33915,33919,4
climbing,33971,33919,33971,52
rising,33993,33971,33993,22
grooming,34136,33993,34136,143
left_turning,34137,34136,34137,1
sniffing,34222,34137,34222,85
rising,34269,34222,34269,47
grooming,34270,34269,34270,1
sniffing,34362,34270,34362,92
right_turning,34370,34362,34370,8
walking,34414,34370,34414,44
sniffing,34415,34414,34415,1
grooming,34434,34415,34434,19
rearing,34492,34434,34492,58
left_turning,34493,34492,34493,1
sniffing,34608,34493,34608,115
walking,34663,34608,34663,55
right_turning,34675,34663,34675,12
walking,34676,34675,34676,1
rearing,34710,34676,34710,34
grooming,34817,34710,34817,107
rearing,34818,34817,34818,1
stepping,34894,34818,34894,76
rising,34942,34894,34942,48
left_turning,35009,34942,35009,67
climbing,35098,35009,35098,89
stepping,35112,35098,35112,14
hunching,35113,35112,35113,1
left_turning,35140,35113,35140,27
grooming,35184,35140,35184,44
walking,35237,35184,35237,53
stepping,35280,35237,35280,43
sniffing,35374,35280,35374,94
grooming,35375,35374,35375,1
rising,35451,35375,35451,76
grooming,35452,35451,35452,1
sniffing,35539,35452,35539,87
walking,35580,35539,35580,41
rearing,35689,35580,35689,109
right_turning,35716,35689,35716,27
rising,35745,35716,35745,29
grooming,35935,35745,35935,190
climbing,36022,35935,36022,87
rearing,36026,36022,36026,4
grooming,36072,36026,36072,46
rising,36079,36072,36079,7
left_turning,36105,36079,36105,26
stepping,36143,36105,36143,38
walking,36215,36143,36215,72
running,36268,36215,36268,53
walking,36327,36268,36327,59
sniffing,36501,36327,36501,174
stepping,36539,36501,36539,38
walking,36581,36539,36581,42
sniffing,36725,36581,36725,144
walking,36789,36725,36789,64
rising,36796,36789,36796,7
sniffing,36836,36796,36836,40
rearing,36867,36836,36867,31
sniffing,36974,36867,36974,107
stepping,36975,36974,36975,1
sniffing,37029,36975,37029,54
walking,37078,37029,37078,49
sniffing,37094,37078,37094,16
grooming,37322,37094,37322,228
stepping,37351,37322,37351,29
sniffing,37492,37351,37492,141
stepping,37521,37492,37521,29
sniffing,37660,37521,37660,139
stepping,37680,37660,37680,20
sniffing,37681,37680,37681,1
trotting,37730,37681,37730,49
running,37761,37730,37761,31
sniffing,37907,37761,37907,146
stepping,37982,37907,37982,75
climbing,38084,37982,38084,102
rearing,38085,38084,38085,1
left_turning,38147,38085,38147,62
stepping,38199,38147,38199,52
sniffing,38200,38199,38200,1
rearing,38268,38200,38268,68
walking,38325,38268,38325,57
stepping,38369,38325,38369,44
grooming,38442,38369,38442,73
stepping,38492,38442,38492,50
walking,38493,38492,38493,1
sniffing,38704,38493,38704,211
rising,38828,38704,38828,124
climbing,38901,38828,38901,73
sniffing,38975,38901,38975,74
rising,38976,38975,38976,1
rearing,38977,38976,38977,1
climbing,38978,38977,38978,1
rising,39000,38978,39000,22
climbing,39048,39000,39048,48
rising,39089,39048,39089,41
stepping,39112,39089,39112,23
grooming,39119,39112,39119,7
rearing,39130,39119,39130,11
grooming,39202,39130,39202,72
walking,39215,39202,39215,13
sniffing,39270,39215,39270,55
grooming,39339,39270,39339,69
rearing,39340,39339,39340,1
grooming,39363,39340,39363,23
sniffing,39414,39363,39414,51
trotting,39447,39414,39447,33
left_turning,39507,39447,39507,60
walking,39546,39507,39546,39
stepping,39593,39546,39593,47
sniffing,39620,39593,39620,27
grooming,39730,39620,39730,110
climbing,39770,39730,39770,40
grooming,39828,39770,39828,58
sniffing,39921,39828,39921,93
stepping,40011,39921,40011,90
left_turning,40059,40011,40059,48
grooming,40079,40059,40079,20
rising,40080,40079,40080,1
grooming,40305,40080,40305,225
walking,40350,40305,40350,45
rising,40390,40350,40390,40
grooming,40614,40390,40614,224
running,40635,40614,40635,21
stepping,40687,40635,40687,52
rearing,40765,40687,40765,78
hunching,40766,40765,40766,1
rising,40768,40766,40768,2
stepping,40810,40768,40810,42
sniffing,40952,40810,40952,142
stepping,41009,40952,41009,57
rearing,41010,41009,41010,1
climbing,41040,41010,41040,30
trotting,41053,41040,41053,13
sniffing,41070,41053,41070,17
stepping,41087,41070,41087,17
walking,41150,41087,41150,63
sniffing,41185,41150,41185,35
rising,41274,41185,41274,89
rearing,41317,41274,41317,43
grooming,41421,41317,41421,104
stepping,41427,41421,41427,6
trotting,41489,41427,41489,62
grooming,41490,41489,41490,1
sniffing,41522,41490,41522,32
rearing,41619,41522,41619,97
hunching,41620,41619,41620,1
grooming,41773,41620,41773,153
walking,41829,41773,41829,56
stepping,41839,41829,41839,10
climbing,41907,41839,41907,68
stepping,41989,41907,41989,82
sniffing,41990,41989,41990,1
trotting,42033,41990,42033,43
walking,42079,42033,42079,46
sniffing,42142,42079,42142,63
hunching,42228,42142,42228,86
rising,42289,42228,42289,61
climbing,42301,42289,42301,12
trotting,42353,42301,42353,52
left_turning,42354,42353,42354,1
grooming,42355,42354,42355,1
running,42377,42355,42377,22
walking,42438,42377,42438,61
stepping,42485,42438,42485,47
walking,42512,42485,42512,27
rearing,42610,42512,42610,98
sniffing,42652,42610,42652,42
walking,42697,42652,42697,45
sniffing,42753,42697,42753,56
rising,42811,42753,42811,58
stepping,42856,42811,42856,45
sniffing,42901,42856,42901,45
right_turning,42902,42901,42902,1
stepping,42929,42902,42929,27
climbing,42993,42929,42993,64
walking,43028,42993,43028,35
sniffing,43066,43028,43066,38
rearing,43084,43066,43084,18
walking,43126,43084,43126,42
sniffing,43193,43126,43193,67
walking,43200,43193,43200,7
sniffing,43239,43200,43239,39
left_turning,43290,43239,43290,51
hunching,43291,43290,43291,1
rearing,43345,43291,43345,54
hunching,43361,43345,43361,16
rearing,43438,43361,43438,77
grooming,43500,43438,43500,62
right_turning,43506,43500,43506,6
sniffing,43507,43506,43507,1
stepping,43524,43507,43524,17
sniffing,43553,43524,43553,29
right_turning,43556,43553,43556,3
stepping,43577,43556,43577,21
sniffing,43703,43577,43703,126
stepping,43720,43703,43720,17
sniffing,43812,43720,43812,92
walking,43876,43812,43876,64
sniffing,43946,43876,43946,70
rising,43947,43946,43947,1
walking,43957,43947,43957,10
sniffing,44086,43957,44086,129
left_turning,44118,44086,44118,32
scratching,44119,44118,44119,1
sniffing,44234,44119,44234,115
walking,44281,44234,44281,47
stepping,44293,44281,44293,12
sniffing,44314,44293,44314,21
rising,44362,44314,44362,48
climbing,44363,44362,44363,1
sniffing,44517,44363,44517,154
grooming,44544,44517,44544,27
rearing,44547,44544,44547,3
stepping,44597,44547,44597,50
walking,44665,44597,44665,68
sniffing,44724,44665,44724,59
trotting,44760,44724,44760,36
sniffing,44908,44760,44908,148
stepping,44916,44908,44916,8
walking,44976,44916,44976,60
left_turning,45004,44976,45004,28
walking,45058,45004,45058,54
sniffing,45165,45058,45165,107
stepping,45166,45165,45166,1
rearing,45205,45166,45205,39
grooming,45313,45205,45313,108
rearing,45363,45313,45363,50
walking,45436,45363,45436,73
sniffing,45437,45436,45437,1
rising,45497,45437,45497,60
sniffing,45541,45497,45541,44
rising,45560,45541,45560,19
grooming,45659,45560,45659,99
left_turning,45705,45659,45705,46
walking,45726,45705,45726,21
sniffing,45727,45726,45727,1
rising,45756,45727,45756,29
sniffing,45822,45756,45822,66
stepping,45855,45822,45855,33
walking,45856,45855,45856,1
sniffing,45940,45856,45940,84
rearing,45949,45940,45949,9
grooming,46336,45949,46336,387
sniffing,46364,46336,46364,28
walking,46365,46364,46365,1
stepping,46445,46365,46445,80
sniffing,46446,46445,46446,1
stepping,46457,46446,46457,11
sniffing,46563,46457,46563,106
walking,46564,46563,46564,1
trotting,46593,46564,46593,29
rearing,46599,46593,46599,6
climbing,46600,46599,46600,1
rising,46612,46600,46612,12
climbing,46663,46612,46663,51
sniffing,46690,46663,46690,27
stepping,46736,46690,46736,46
sniffing,46737,46736,46737,1
rising,46752,46737,46752,15
grooming,47171,46752,47171,419
rising,47209,47171,47209,38
climbing,47210,47209,47210,1
rearing,47211,47210,47211,1
grooming,47234,47211,47234,23
climbing,47275,47234,47275,41
trotting,47294,47275,47294,19
stepping,47310,47294,47310,16
sniffing,47381,47310,47381,71
rising,47407,47381,47407,26
hunching,47463,47407,47463,56
rearing,47464,47463,47464,1
grooming,47586,47464,47586,122
sniffing,47587,47586,47587,1
rising,47644,47587,47644,57
left_turning,47712,47644,47712,68
walking,47761,47712,47761,49
grooming,48018,47761,48018,257
sniffing,48111,48018,48111,93
left_turning,48194,48111,48194,83
grooming,48235,48194,48235,41
rearing,48349,48235,48349,114
rising,48350,48349,48350,1
hunching,48411,48350,48411,61
grooming,48425,48411,48425,14
sniffing,48426,48425,48426,1
rising,48448,48426,48448,22
grooming,48612,48448,48612,164
scratching,48613,48612,48613,1
grooming,48687,48613,48687,74
left_turning,48723,48687,48723,36
running,48736,48723,48736,13
right_turning,48811,48736,48811,75
walking,48877,48811,48877,66
rising,49068,48877,49068,191
climbing,49111,49068,49111,43
rearing,49112,49111,49112,1
hunching,49249,49112,49249,137
grooming,49339,49249,49339,90
rearing,49422,49339,49422,83
grooming,49423,49422,49423,1
climbing,49500,49423,49500,77
rearing,49501,49500,49501,1
grooming,49687,49501,49687,186
walking,49708,49687,49708,21
stepping,49715,49708,49715,7
walking,49734,49715,49734,19
sniffing,49814,49734,49814,80
left_turning,49838,49814,49838,24
stepping,49881,49838,49881,43
sniffing,49985,49881,49985,104
grooming,50238,49985,50238,253
scratching,50239,50238,50239,1
grooming,50314,50239,50314,75
sniffing,50315,50314,50315,1
walking,50417,50315,50417,102
sniffing,50439,50417,50439,22
stepping,50478,50439,50478,39
sniffing,50553,50478,50553,75
right_turning,50602,50553,50602,49
rising,50629,50602,50629,27
climbing,50630,50629,50630,1
left_turning,50644,50630,50644,14
sniffing,50768,50644,50768,124
trotting,50779,50768,50779,11
stepping,50818,50779,50818,39
grooming,50912,50818,50912,94
stepping,50968,50912,50968,56
rising,51017,50968,51017,49
grooming,51027,51017,51027,10
trotting,51045,51027,51045,18
walking,51046,51045,51046,1
sniffing,51213,51046,51213,167
walking,51225,51213,51225,12
sniffing,51226,51225,51226,1
rising,51229,51226,51229,3
sniffing,51230,51229,51230,1
grooming,51335,51230,51335,105
rearing,51346,51335,51346,11
grooming,51455,51346,51455,109
rearing,51456,51455,51456,1
sniffing,51461,51456,51461,5
right_turning,51496,51461,51496,35
sniffing,51497,51496,51497,1
rearing,51542,51497,51542,45
grooming,51768,51542,51768,226
left_turning,51825,51768,51825,57
stepping,51859,51825,51859,34
sniffing,51957,51859,51957,98
climbing,51967,51957,51967,10
grooming,52459,51967,52459,492
stepping,52516,52459,52516,57
rising,52547,52516,52547,31
rearing,52583,52547,52583,36
running,52612,52583,52612,29
right_turning,52613,52612,52613,1
rearing,52779,52613,52779,166
rising,52841,52779,52841,62
rearing,52894,52841,52894,53
stepping,52897,52894,52897,3
trotting,52919,52897,52919,22
grooming,52995,52919,52995,76
hunching,53063,52995,53063,68
grooming,53064,53063,53064,1
stepping,53088,53064,53088,24
grooming,53123,53088,53123,35
climbing,53145,53123,53145,22
walking,53243,53145,53243,98
stepping,53312,53243,53312,69
walking,53369,53312,53369,57
rising,53422,53369,53422,53
grooming,53461,53422,53461,39
rising,53475,53461,53475,14
rearing,53520,53475,53520,45
grooming,53738,53520,53738,218
rising,53865,53738,53865,127
grooming,53866,53865,53866,1
rising,53867,53866,53867,1
walking,53868,53867,53868,1
stepping,53887,53868,53887,19
walking,53892,53887,53892,5
stepping,53928,53892,53928,36
grooming,53929,53928,53929,1
rearing,53997,53929,53997,68
grooming,54085,53997,54085,88
sniffing,54134,54085,54134,49
grooming,54328,54134,54328,194
left_turning,54377,54328,54377,49
walking,54450,54377,54450,73
sniffing,54529,54450,54529,79
stepping,54587,54529,54587,58
walking,54630,54587,54630,43
sniffing,54681,54630,54681,51
grooming,54769,54681,54769,88
right_turning,54815,54769,54815,46
climbing,54869,54815,54869,54
rearing,54870,54869,54870,1
hunching,54884,54870,54884,14
sniffing,55042,54884,55042,158
grooming,55484,55042,55484,442
sniffing,55540,55484,55540,56
rising,55587,55540,55587,47
sniffing,55607,55587,55607,20
rising,55618,55607,55618,11
sniffing,55910,55618,55910,292
rearing,56027,55910,56027,117
hunching,56028,56027,56028,1
grooming,56043,56028,56043,15
hunching,56066,56043,56066,23
rearing,56071,56066,56071,5
grooming,56515,56071,56515,444
rearing,56555,56515,56555,40
running,56570,56555,56570,15
walking,56674,56570,56674,104
stepping,56717,56674,56717,43
sniffing,56802,56717,56802,85
stepping,56821,56802,56821,19
sniffing,56961,56821,56961,140
stepping,56998,56961,56998,37
sniffing,56999,56998,56999,1
left_turning,57004,56999,57004,5
rearing,57045,57004,57045,41
rising,57052,57045,57052,7
grooming,57294,57052,57294,242
hunching,57295,57294,57295,1
left_turning,57318,57295,57318,23
sniffing,57485,57318,57485,167
stepping,57531,57485,57531,46
sniffing,57532,57531,57532,1
stepping,57552,57532,57552,20
walking,57600,57552,57600,48
rising,57601,57600,57601,1
grooming,57757,57601,57757,156
hunching,57774,57757,57774,17
sniffing,57833,57774,57833,59
walking,57857,57833,57857,24
stepping,57924,57857,57924,67
rising,57992,57924,57992,68
climbing,58047,57992,58047,55
walking,58098,58047,58098,51
stepping,58140,58098,58140,42
sniffing,58275,58140,58275,135
right_turning,58276,58275,58276,1
sniffing,58326,58276,58326,50
walking,58393,58326,58393,67
rearing,58396,58393,58396,3
climbing,58444,58396,58444,48
stepping,58455,58444,58455,11
climbing,58456,58455,58456,1
rearing,58500,58456,58500,44
grooming,58501,58500,58501,1
left_turning,58511,58501,58511,10
sniffing,58512,58511,58512,1
rearing,58529,58512,58529,17
climbing,58560,58529,58560,31
grooming,58732,58560,58732,172
walking,58824,58732,58824,92
rearing,58941,58824,58941,117
sniffing,59004,58941,59004,63
climbing,59067,59004,59067,63
grooming,59068,59067,59068,1
climbing,59098,59068,59098,30
rising,59160,59098,59160,62
climbing,59203,59160,59203,43
left_turning,59233,59203,59233,30
sniffing,59516,59233,59516,283
rising,59549,59516,59549,33
grooming,59673,59549,59673,124
stepping,59738,59673,59738,65
climbing,59783,59738,59783,45
walking,59825,59783,59825,42
sniffing,59936,59825,59936,111
rising,60017,59936,60017,81
rearing,60104,60017,60104,87
walking,60105,60104,60105,1
sniffing,60212,60105,60212,107
grooming,60320,60212,60320,108
sniffing,60358,60320,60358,38
rearing,60406,60358,60406,48
grooming,60515,60406,60515,109
walking,60548,60515,60548,33
stepping,60608,60548,60608,60
rearing,60668,60608,60668,60
left_turning,60692,60668,60692,24
trotting,60693,60692,60693,1
stepping,60718,60693,60718,25
climbing,60721,60718,60721,3
walking,60760,60721,60760,39
stepping,60773,60760,60773,13
sniffing,60774,60773,60774,1
walking,60837,60774,60837,63
stepping,60879,60837,60879,42
walking,60913,60879,60913,34
right_turning,60956,60913,60956,43
walking,60981,60956,60981,25
grooming,61027,60981,61027,46
sniffing,61028,61027,61028,1
rising,61097,61028,61097,69
sniffing,61210,61097,61210,113
stepping,61264,61210,61264,54
sniffing,61339,61264,61339,75
stepping,61407,61339,61407,68
sniffing,61408,61407,61408,1
rearing,61455,61408,61455,47
hunching,61456,61455,61456,1
rearing,61469,61456,61469,13
climbing,61534,61469,61534,65
grooming,61681,61534,61681,147
hunching,61739,61681,61739,58
rearing,61952,61739,61952,213
left_turning,62031,61952,62031,79
stepping,62053,62031,62053,22
sniffing,62061,62053,62061,8
rising,62105,62061,62105,44
walking,62106,62105,62106,1
stepping,62176,62106,62176,70
sniffing,62259,62176,62259,83
grooming,62260,62259,62260,1
sniffing,62261,62260,62261,1
stepping,62318,62261,62318,57
sniffing,62339,62318,62339,21
walking,62347,62339,62347,8
rising,62348,62347,62348,1
rearing,62349,62348,62349,1
grooming,62668,62349,62668,319
hunching,62748,62668,62748,80
sniffing,62800,62748,62800,52
stepping,62853,62800,62853,53
walking,62886,62853,62886,33
left_turning,62909,62886,62909,23
sniffing,62910,62909,62910,1
stepping,62963,62910,62963,53
sniffing,63194,62963,63194,231
right_turning,63231,63194,63231,37
sniffing,63275,63231,63275,44
climbing,63276,63275,63276,1
walking,63359,63276,63359,83
sniffing,63479,63359,63479,120
rising,63527,63479,63527,48
climbing,63588,63527,63588,61
left_turning,63625,63588,63625,37
walking,63634,63625,63634,9
stepping,63678,63634,63678,44
sniffing,63679,63678,63679,1
grooming,64534,63679,64534,855
trotting,64535,64534,64535,1
sniffing,64536,64535,64536,1
walking,64620,64536,64620,84
stepping,64694,64620,64694,74
sniffing,64695,64694,64695,1
grooming,64696,64695,64696,1
rising,64722,64696,64722,26
climbing,64765,64722,64765,43
grooming,64766,64765,64766,1
stepping,64794,64766,64794,28
sniffing,64832,64794,64832,38
rearing,64857,64832,64857,25
grooming,65037,64857,65037,180
sniffing,65142,65037,65142,105
walking,65213,65142,65213,71
stepping,65278,65213,65278,65
sniffing,65373,65278,65373,95
left_turning,65423,65373,65423,50
stepping,65446,65423,65446,23
rising,65480,65446,65480,34
stepping,65511,65480,65511,31
sniffing,65650,65511,65650,139
stepping,65719,65650,65719,69
sniffing,65720,65719,65720,1
rising,65770,65720,65770,50
climbing,65834,65770,65834,64
rising,65864,65834,65864,30
left_turning,65884,65864,65884,20
sniffing,65984,65884,65984,100
walking,66013,65984,66013,29
rearing,66014,66013,66014,1
grooming,66068,66014,66068,54
sniffing,66279,66068,66279,211
right_turning,66280,66279,66280,1
walking,66317,66280,66317,37
sniffing,66319,66317,66319,2
rising,66320,66319,66320,1
rearing,66339,66320,66339,19
climbing,66357,66339,66357,18
grooming,66472,66357,66472,115
rearing,66541,66472,66541,69
stepping,66591,66541,66591,50
sniffing,66652,66591,66652,61
grooming,66653,66652,66653,1
stepping,66664,66653,66664,11
sniffing,66679,66664,66679,15
grooming,66876,66679,66876,197
sniffing,66949,66876,66949,73
walking,66994,66949,66994,45
rising,66995,66994,66995,1
sniffing,67080,66995,67080,85
walking,67125,67080,67125,45
sniffing,67172,67125,67172,47
rising,67214,67172,67214,42
climbing,67251,67214,67251,37
sniffing,67343,67251,67343,92
hunching,67413,67343,67413,70
rearing,67573,67413,67573,160
grooming,67574,67573,67574,1
sniffing,67739,67574,67739,165
walking,67769,67739,67769,30
climbing,67876,67769,67876,107
grooming,68203,67876,68203,327
sniffing,68242,68203,68242,39
stepping,68276,68242,68276,34
climbing,68473,68276,68473,197
grooming,68573,68473,68573,100
sniffing,68689,68573,68689,116
rising,68713,68689,68713,24
climbing,68714,68713,68714,1
walking,68746,68714,68746,32
stepping,68804,68746,68804,58
rising,68824,68804,68824,20
grooming,68825,68824,68825,1
sniffing,68894,68825,68894,69
stepping,68931,68894,68931,37
sniffing,68932,68931,68932,1
walking,68955,68932,68955,23
trotting,68998,68955,68998,43
sniffing,69173,68998,69173,175
stepping,69235,69173,69235,62
walking,69311,69235,69311,76
sniffing,69416,69311,69416,105
trotting,69444,69416,69444,28
stepping,69463,69444,69463,19
sniffing,69641,69463,69641,178
stepping,69668,69641,69668,27
walking,69722,69668,69722,54
climbing,69734,69722,69734,12
right_turning,69772,69734,69772,38
stepping,69824,69772,69824,52
sniffing,69825,69824,69825,1
right_turning,69826,69825,69826,1
sniffing,69906,69826,69906,80
right_turning,69965,69906,69965,59
sniffing,69988,69965,69988,23
stepping,70015,69988,70015,27
sniffing,70041,70015,70041,26
grooming,70219,70041,70219,178
left_turning,70220,70219,70220,1
scratching,70221,70220,70221,1
grooming,70254,70221,70254,33
climbing,70325,70254,70325,71
sniffing,70326,70325,70326,1
climbing,70463,70326,70463,137
left_turning,70508,70463,70508,45
grooming,70560,70508,70560,52
sniffing,70678,70560,70678,118
rearing,70679,70678,70679,1
stepping,70745,70679,70745,66
walking,70783,70745,70783,38
sniffing,70834,70783,70834,51
walking,70854,70834,70854,20
rising,70855,70854,70855,1
climbing,70911,70855,70911,56
rearing,70933,70911,70933,22
rising,70937,70933,70937,4
climbing,70971,70937,70971,34
walking,70984,70971,70984,13
sniffing,71097,70984,71097,113
left_turning,71114,71097,71114,17
stepping,71143,71114,71143,29
sniffing,71159,71143,71159,16
walking,71237,71159,71237,78
sniffing,71304,71237,71304,67
left_turning,71344,71304,71344,40
sniffing,71472,71344,71472,128
left_turning,71486,71472,71486,14
walking,71492,71486,71492,6
sniffing,71690,71492,71690,198
walking,71734,71690,71734,44
right_turning,71743,71734,71743,9
trotting,71783,71743,71783,40
sniffing,71784,71783,71784,1
grooming,71866,71784,71866,82
walking,71886,71866,71886,20
climbing,71887,71886,71887,1
rearing,71892,71887,71892,5
climbing,71975,71892,71975,83
stepping,72007,71975,72007,32
sniffing,72040,72007,72040,33
climbing,72041,72040,72041,1
sniffing,72136,72041,72136,95
walking,72141,72136,72141,5
sniffing,72198,72141,72198,57
walking,72245,72198,72245,47
sniffing,72307,72245,72307,62
rising,72395,72307,72395,88
walking,72396,72395,72396,1
stepping,72424,72396,72424,28
rearing,72559,72424,72559,135
rising,72560,72559,72560,1
stepping,72569,72560,72569,9
grooming,72661,72569,72661,92
stepping,72689,72661,72689,28
sniffing,72704,72689,72704,15
rising,72705,72704,72705,1
rearing,72732,72705,72732,27
grooming,73133,72732,73133,401
sniffing,73188,73133,73188,55
rising,73224,73188,73224,36
rearing,73297,73224,73297,73
rising,73314,73297,73314,17
grooming,73466,73314,73466,152
rearing,73467,73466,73467,1
grooming,73572,73467,73572,105
left_turning,73610,73572,73610,38
stepping,73659,73610,73659,49
sniffing,73815,73659,73815,156
rising,73877,73815,73877,62
rearing,73878,73877,73878,1
grooming,74046,73878,74046,168
climbing,74073,74046,74073,27
rearing,74074,74073,74074,1
grooming,74075,74074,74075,1
rearing,74100,74075,74100,25
climbing,74105,74100,74105,5
sniffing,74184,74105,74184,79
stepping,74240,74184,74240,56
sniffing,74324,74240,74324,84
stepping,74379,74324,74379,55
walking,74441,74379,74441,62
grooming,74442,74441,74442,1
sniffing,74626,74442,74626,184
walking,74627,74626,74627,1
trotting,74683,74627,74683,56
walking,74819,74683,74819,136
climbing,74856,74819,74856,37
grooming,74997,74856,74997,141
hunching,75047,74997,75047,50
left_turning,75071,75047,75071,24
sniffing,75101,75071,75101,30
walking,75102,75101,75102,1
sniffing,75103,75102,75103,1
walking,75142,75103,75142,39
sniffing,75279,75142,75279,137
stepping,75287,75279,75287,8
sniffing,75288,75287,75288,1
rising,75333,75288,75333,45
climbing,75371,75333,75371,38
rearing,75455,75371,75455,84
grooming,75558,75455,75558,103
walking,75601,75558,75601,43
climbing,75661,75601,75661,60
right_turning,75685,75661,75685,24
left_turning,75696,75685,75696,11
scratching,75697,75696,75697,1
grooming,76094,75697,76094,397
climbing,76220,76094,76220,126
grooming,76421,76220,76421,201
sniffing,76489,76421,76489,68
walking,76523,76489,76523,34
climbing,76676,76523,76676,153
left_turning,76750,76676,76750,74
climbing,76786,76750,76786,36
rearing,76842,76786,76842,56
grooming,76843,76842,76843,1
climbing,76846,76843,76846,3
running,76870,76846,76870,24
sniffing,76871,76870,76871,1
grooming,77079,76871,77079,208
right_turning,77082,77079,77082,3
walking,77083,77082,77083,1
sniffing,77386,77083,77386,303
walking,77404,77386,77404,18
trotting,77407,77404,77407,3
stepping,77464,77407,77464,57
sniffing,77465,77464,77465,1
left_turning,77466,77465,77466,1
rising,77561,77466,77561,95
climbing,77625,77561,77625,64
trotting,77668,77625,77668,43
stepping,77727,77668,77727,59
sniffing,77843,77727,77843,116
walking,77881,77843,77881,38
sniffing,77981,77881,77981,100
stepping,77985,77981,77985,4
walking,78045,77985,78045,60
sniffing,78046,78045,78046,1
climbing,78139,78046,78139,93
rearing,78239,78139,78239,100
grooming,78402,78239,78402,163
hunching,78448,78402,78448,46
rearing,78613,78448,78613,165
grooming,78736,78613,78736,123
sniffing,78885,78736,78885,149
trotting,78912,78885,78912,27
stepping,78944,78912,78944,32
walking,79029,78944,79029,85
grooming,79030,79029,79030,1
climbing,79079,79030,79079,49
running,79113,79079,79113,34
sniffing,79169,79113,79169,56
scratching,79170,79169,79170,1
sniffing,79242,79170,79242,72
grooming,79497,79242,79497,255
rearing,79561,79497,79561,64
grooming,79855,79561,79855,294
left_turning,79887,79855,79887,32
walking,79936,79887,79936,49
rising,79974,79936,79974,38
grooming,79975,79974,79975,1
right_turning,79976,79975,79976,1
trotting,80008,79976,80008,32
stepping,80076,80008,80076,68
sniffing,80170,80076,80170,94
stepping,80215,80170,80215,45
climbing,80253,80215,80253,38
left_turning,80257,80253,80257,4
rearing,80258,80257,80258,1
rising,80315,80258,80315,57
stepping,80327,80315,80327,12
sniffing,80397,80327,80397,70
stepping,80410,80397,80410,13
rising,80481,80410,80481,71
climbing,80482,80481,80482,1
walking,80498,80482,80498,16
sniffing,80549,80498,80549,51
walking,80602,80549,80602,53
grooming,81146,80602,81146,544
rearing,81208,81146,81208,62
grooming,81542,81208,81542,334
rearing,81543,81542,81543,1
climbing,81669,81543,81669,126
walking,81698,81669,81698,29
sniffing,81739,81698,81739,41
rising,81778,81739,81778,39
rearing,81779,81778,81779,1
right_turning,81780,81779,81780,1
sniffing,81846,81780,81846,66
left_turning,81890,81846,81890,44
sniffing,81968,81890,81968,78
walking,82034,81968,82034,66
sniffing,82035,82034,82035,1
rising,82051,82035,82051,16
sniffing,82155,82051,82155,104
grooming,82508,82155,82508,353
left_turning,82510,82508,82510,2
sniffing,82652,82510,82652,142
stepping,82670,82652,82670,18
walking,82671,82670,82671,1
trotting,82717,82671,82717,46
sniffing,82790,82717,82790,73
rising,82853,82790,82853,63
sniffing,82885,82853,82885,32
stepping,82909,82885,82909,24
sniffing,83126,82909,83126,217
walking,83151,83126,83151,25
stepping,83224,83151,83224,73
sniffing,83279,83224,83279,55
walking,83315,83279,83315,36
grooming,83680,83315,83680,365
rising,83834,83680,83834,154
grooming,83900,83834,83900,66
rearing,83918,83900,83918,18
rising,84136,83918,84136,218
rearing,84237,84136,84237,101
grooming,84256,84237,84256,19
scratching,84257,84256,84257,1
sniffing,84329,84257,84329,72
rearing,84380,84329,84380,51
sniffing,84442,84380,84442,62
stepping,84464,84442,84464,22
grooming,84593,84464,84593,129
trotting,84594,84593,84594,1
walking,84600,84594,84600,6
right_turning,84631,84600,84631,31
climbing,84656,84631,84656,25
left_turning,84695,84656,84695,39
trotting,84729,84695,84729,34
walking,84730,84729,84730,1
stepping,84779,84730,84779,49
sniffing,84879,84779,84879,100
left_turning,84895,84879,84895,16
walking,84994,84895,84994,99
sniffing,85047,84994,85047,53
grooming,85460,85047,85460,413
climbing,85536,85460,85536,76
rearing,85567,85536,85567,31
hunching,85568,85567,85568,1
grooming,85704,85568,85704,136
rearing,85712,85704,85712,8
climbing,85752,85712,85752,40
rearing,85793,85752,85793,41
hunching,85794,85793,85794,1
rearing,85842,85794,85842,48
grooming,85843,85842,85843,1
rearing,85921,85843,85921,78
walking,85948,85921,85948,27
trotting,86013,85948,86013,65
rearing,86014,86013,86014,1
hunching,86122,86014,86122,108
rearing,86141,86122,86141,19
left_turning,86148,86141,86148,7
sniffing,86225,86148,86225,77
grooming,86600,86225,86600,375
rearing,86626,86600,86626,26
climbing,86661,86626,86661,35
sniffing,86662,86661,86662,1
stepping,86712,86662,86712,50
grooming,86832,86712,86832,120
left_turning,86854,86832,86854,22
stepping,86866,86854,86866,12
right_turning,86874,86866,86874,8
walking,86934,86874,86934,60
stepping,87004,86934,87004,70
rising,87058,87004,87058,54
sniffing,87059,87058,87059,1
stepping,87105,87059,87105,46
rearing,87106,87105,87106,1
left_turning,87123,87106,87123,17
walking,87185,87123,87185,62
right_turning,87235,87185,87235,50
walking,87286,87235,87286,51
sniffing,87438,87286,87438,152
walking,87537,87438,87537,99
stepping,87551,87537,87551,14
walking,87587,87551,87587,36
trotting,87611,87587,87611,24
stepping,87637,87611,87637,26
walking,87669,87637,87669,32
sniffing,87812,87669,87812,143
left_turning,87861,87812,87861,49
sniffing,87960,87861,87960,99
walking,87961,87960,87961,1
trotting,87970,87961,87970,9
sniffing,88062,87970,88062,92
walking,88080,88062,88080,18
stepping,88088,88080,88088,8
rising,88105,88088,88105,17
rearing,88119,88105,88119,14
left_turning,88132,88119,88132,13
sniffing,88184,88132,88184,52
grooming,88636,88184,88636,452
sniffing,88759,88636,88759,123
walking,88807,88759,88807,48
trotting,88832,88807,88832,25
walking,88833,88832,88833,1
sniffing,88964,88833,88964,131
rising,88965,88964,88965,1
rearing,88966,88965,88966,1
hunching,88979,88966,88979,13
rearing,89029,88979,89029,50
sniffing,89100,89029,89100,71
walking,89101,89100,89101,1
sniffing,89341,89101,89341,240
rising,89403,89341,89403,62
walking,89404,89403,89404,1
sniffing,89405,89404,89405,1
walking,89438,89405,89438,33
trotting,89466,89438,89466,28
rising,89467,89466,89467,1
trotting,89510,89467,89510,43
rearing,89514,89510,89514,4
rising,89544,89514,89544,30
sniffing,89629,89544,89629,85
stepping,89680,89629,89680,51
walking,89729,89680,89729,49
rearing,89792,89729,89792,63
hunching,89875,89792,89875,83
grooming,90154,89875,90154,279
walking,90212,90154,90212,58
sniffing,90213,90212,90213,1
rearing,90279,90213,90279,66
grooming,90280,90279,90280,1
climbing,90333,90280,90333,53
rearing,90419,90333,90419,86
left_turning,90441,90419,90441,22
rising,90506,90441,90506,65
sniffing,90634,90506,90634,128
rising,90669,90634,90669,35
rearing,90682,90669,90682,13
grooming,90966,90682,90966,284
sniffing,91120,90966,91120,154
left_turning,91165,91120,91165,45
stepping,91241,91165,91241,76
walking,91346,91241,91346,105
climbing,91347,91346,91347,1
stepping,91389,91347,91389,42
rearing,91414,91389,91414,25
grooming,91415,91414,91415,1
walking,91416,91415,91416,1
running,91439,91416,91439,23
walking,91454,91439,91454,15
stepping,91466,91454,91466,12
grooming,91467,91466,91467,1
rearing,91479,91467,91479,12
walking,91515,91479,91515,36
stepping,91557,91515,91557,42
walking,91610,91557,91610,53
trotting,91631,91610,91631,21
stepping,91632,91631,91632,1
rising,91677,91632,91677,45
walking,91718,91677,91718,41
sniffing,91758,91718,91758,40
grooming,91835,91758,91835,77
stepping,91849,91835,91849,14
sniffing,91987,91849,91987,138
trotting,92008,91987,92008,21
stepping,92019,92008,92019,11
grooming,92318,92019,92318,299
walking,92380,92318,92380,62
sniffing,92474,92380,92474,94
rising,92475,92474,92475,1
sniffing,92613,92475,92613,138
rising,92614,92613,92614,1
climbing,92658,92614,92658,44
left_turning,92710,92658,92710,52
sniffing,92760,92710,92760,50
rising,92807,92760,92807,47
rearing,92865,92807,92865,58
right_turning,92955,92865,92955,90
stepping,93008,92955,93008,53
walking,93050,93008,93050,42
rising,93123,93050,93123,73
walking,93141,93123,93141,18
trotting,93174,93141,93174,33
walking,93277,93174,93277,103
sniffing,93342,93277,93342,65
walking,93393,93342,93393,51
grooming,93487,93393,93487,94
trotting,93510,93487,93510,23
sniffing,93546,93510,93546,36
rising,93731,93546,93731,185
sniffing,93872,93731,93872,141
walking,93907,93872,93907,35
sniffing,94001,93907,94001,94
rearing,94002,94001,94002,1
sniffing,94103,94002,94103,101
climbing,94166,94103,94166,63
grooming,94167,94166,94167,1
stepping,94218,94167,94218,51
rearing,94276,94218,94276,58
walking,94317,94276,94317,41
climbing,94327,94317,94327,10
left_turning,94398,94327,94398,71
rearing,94399,94398,94399,1
stepping,94494,94399,94494,95
walking,94523,94494,94523,29
stepping,94539,94523,94539,16
rising,94572,94539,94572,33
stepping,94602,94572,94602,30
right_turning,94603,94602,94603,1
trotting,94626,94603,94626,23
sniffing,94627,94626,94627,1
stepping,94677,94627,94677,50
rising,94757,94677,94757,80
sniffing,94867,94757,94867,110
rising,94910,94867,94910,43
trotting,94951,94910,94951,41
stepping,94976,94951,94976,25
walking,95037,94976,95037,61
left_turning,95072,95037,95072,35
walking,95111,95072,95111,39
sniffing,95112,95111,95112,1
rearing,95113,95112,95113,1
sniffing,95127,95113,95127,14
stepping,95138,95127,95138,11
walking,95148,95138,95148,10
stepping,95193,95148,95193,45
sniffing,95194,95193,95194,1
right_turning,95225,95194,95225,31
stepping,95277,95225,95277,52
left_turning,95309,95277,95309,32
sniffing,95383,95309,95383,74
walking,95421,95383,95421,38
trotting,95448,95421,95448,27
stepping,95458,95448,95458,10
rising,95498,95458,95498,40
climbing,95686,95498,95686,188
rising,95693,95686,95693,7
grooming,95814,95693,95814,121
rearing,95815,95814,95815,1
stepping,95842,95815,95842,27
rearing,95950,95842,95950,108
stepping,95980,95950,95980,30
walking,95982,95980,95982,2
running,96025,95982,96025,43
stepping,96057,96025,96057,32
walking,96163,96057,96163,106
sniffing,96164,96163,96164,1
trotting,96174,96164,96174,10
walking,96277,96174,96277,103
right_turning,96314,96277,96314,37
sniffing,96431,96314,96431,117
rising,96432,96431,96432,1
climbing,96543,96432,96543,111
stepping,96549,96543,96549,6
walking,96568,96549,96568,19
sniffing,96694,96568,96694,126
stepping,96716,96694,96716,22
rearing,96779,96716,96779,63
rising,96830,96779,96830,51
climbing,96918,96830,96918,88
rearing,96980,96918,96980,62
grooming,97037,96980,97037,57
hunching,97083,97037,97083,46
rearing,97133,97083,97133,50
climbing,97224,97133,97224,91
rearing,97322,97224,97322,98
grooming,97580,97322,97580,258
rearing,97581,97580,97581,1
hunching,97649,97581,97649,68
grooming,97854,97649,97854,205
rearing,97912,97854,97912,58
grooming,97913,97912,97913,1
left_turning,97973,97913,97973,60
climbing,98051,97973,98051,78
left_turning,98075,98051,98075,24
climbing,98191,98075,98191,116
rearing,98192,98191,98192,1
grooming,98458,98192,98458,266
rising,98459,98458,98459,1
climbing,98501,98459,98501,42
sniffing,98502,98501,98502,1
walking,98525,98502,98525,23
sniffing,98772,98525,98772,247
left_turning,98802,98772,98802,30
walking,98855,98802,98855,53
rising,98877,98855,98877,22
rearing,98878,98877,98878,1
stepping,98935,98878,98935,57
rising,98962,98935,98962,27
rearing,98990,98962,98990,28
grooming,98998,98990,98998,8
right_turning,99018,98998,99018,20
climbing,99116,99018,99116,98
rearing,99235,99116,99235,119
climbing,99266,99235,99266,31
trotting,99322,99266,99322,56
sniffing,99323,99322,99323,1
walking,99407,99323,99407,84
rearing,99420,99407,99420,13
grooming,99765,99420,99765,345
sniffing,99910,99765,99910,145
climbing,99995,99910,99995,85
grooming,100138,99995,100138,143
sniffing,100145,100138,100145,7
walking,100195,100145,100195,50
sniffing,100290,100195,100290,95
walking,100348,100290,100348,58
stepping,100349,100348,100349,1
right_turning,100387,100349,100387,38
sniffing,100451,100387,100451,64
stepping,100480,100451,100480,29
sniffing,100490,100480,100490,10
scratching,100491,100490,100491,1
sniffing,100492,100491,100492,1
rising,100571,100492,100571,79
sniffing,100673,100571,100673,102
walking,100688,100673,100688,15
sniffing,100742,100688,100742,54
stepping,100749,100742,100749,7
rising,100750,100749,100750,1
sniffing,100751,100750,100751,1
stepping,100752,100751,100752,1
sniffing,100753,100752,100753,1
walking,100815,100753,100815,62
trotting,100854,100815,100854,39
sniffing,100855,100854,100855,1
scratching,100856,100855,100856,1
sniffing,100940,100856,100940,84
stepping,100992,100940,100992,52
rising,101069,100992,101069,77
climbing,101154,101069,101154,85
left_turning,101200,101154,101200,46
grooming,101294,101200,101294,94
hunching,101390,101294,101390,96
rearing,101556,101390,101556,166
rising,101618,101556,101618,62
grooming,102252,101618,102252,634
rearing,102253,102252,102253,1
grooming,102254,102253,102254,1
right_turning,102344,102254,102344,90
grooming,102572,102344,102572,228
rearing,102663,102572,102663,91
sniffing,102720,102663,102720,57
stepping,102793,102720,102793,73
sniffing,102860,102793,102860,67
left_turning,102905,102860,102905,45
grooming,103033,102905,103033,128
sniffing,103122,103033,103122,89
walking,103150,103122,103150,28
stepping,103179,103150,103179,29
sniffing,103354,103179,103354,175
trotting,103408,103354,103408,54
walking,103437,103408,103437,29
sniffing,103438,103437,103438,1
rising,103473,103438,103473,35
sniffing,103514,103473,103514,41
stepping,103526,103514,103526,12
rearing,103606,103526,103606,80
grooming,103721,103606,103721,115
sniffing,103794,103721,103794,73
walking,103822,103794,103822,28
sniffing,103923,103822,103923,101
walking,103966,103923,103966,43
sniffing,104053,103966,104053,87
stepping,104080,104053,104080,27
sniffing,104248,104080,104248,168
rising,104400,104248,104400,152
sniffing,104401,104400,104401,1
left_turning,104452,104401,104452,51
sniffing,104604,104452,104604,152
grooming,104818,104604,104818,214
hunching,104885,104818,104885,67
sniffing,105045,104885,105045,160
rising,105046,105045,105046,1
left_turning,105084,105046,105084,38
rearing,105124,105084,105124,40
grooming,105349,105124,105349,225
stepping,105394,105349,105394,45
sniffing,105395,105394,105395,1
rising,105477,105395,105477,82
rearing,105585,105477,105585,108
sniffing,105642,105585,105642,57
walking,105643,105642,105643,1
left_turning,105753,105643,105753,110
grooming,105938,105753,105938,185
walking,105970,105938,105970,32
sniffing,105971,105970,105971,1
walking,106167,105971,106167,196
sniffing,106240,106167,106240,73
walking,106241,106240,106241,1
sniffing,106318,106241,106318,77
stepping,106349,106318,106349,31
rising,106404,106349,106404,55
sniffing,106722,106404,106722,318
grooming,106834,106722,106834,112
sniffing,106835,106834,106835,1
left_turning,106871,106835,106871,36
stepping,106987,106871,106987,116
rising,107159,106987,107159,172
climbing,107160,107159,107160,1
sniffing,107237,107160,107237,77
stepping,107264,107237,107264,27
sniffing,107468,107264,107468,204
scratching,107469,107468,107469,1
rising,107507,107469,107507,38
rearing,107563,107507,107563,56
grooming,107655,107563,107655,92
hunching,107760,107655,107760,105
rearing,107787,107760,107787,27
grooming,108000,107787,108000,213
