revised_movement_label,segBoundary,segBoundary_start,segBoundary_end,length
right_turning,1,0,1,1
walking,66,1,66,65
rising,113,66,113,47
sniffing,231,113,231,118
rising,277,231,277,46
left_turning,323,277,323,46
stepping,341,323,341,18
trotting,342,341,342,1
walking,386,342,386,44
stepping,425,386,425,39
running,469,425,469,44
trotting,516,469,516,47
stepping,548,516,548,32
rising,549,548,549,1
stepping,567,549,567,18
sniffing,609,567,609,42
left_turning,647,609,647,38
stepping,703,647,703,56
grooming,704,703,704,1
sniffing,808,704,808,104
stepping,843,808,843,35
walking,894,843,894,51
sniffing,895,894,895,1
rising,896,895,896,1
sniffing,912,896,912,16
rising,913,912,913,1
sniffing,1002,913,1002,89
rearing,1080,1002,1080,78
rising,1140,1080,1140,60
sniffing,1165,1140,1165,25
stepping,1226,1165,1226,61
walking,1319,1226,1319,93
sniffing,1340,1319,1340,21
hunching,1341,1340,1341,1
rearing,1435,1341,1435,94
grooming,1529,1435,1529,94
sniffing,1572,1529,1572,43
rising,1600,1572,1600,28
hunching,1601,1600,1601,1
rearing,1636,1601,1636,35
grooming,1770,1636,1770,134
sniffing,1771,1770,1771,1
walking,1772,1771,1772,1
sniffing,1879,1772,1879,107
grooming,1880,1879,1880,1
left_turning,1964,1880,1964,84
walking,1965,1964,1965,1
stepping,2032,1965,2032,67
sniffing,2071,2032,2071,39
rising,2094,2071,2094,23
sniffing,2095,2094,2095,1
stepping,2118,2095,2118,23
walking,2224,2118,2224,106
sniffing,2327,2224,2327,103
stepping,2328,2327,2328,1
walking,2374,2328,2374,46
sniffing,2375,2374,2375,1
left_turning,2422,2375,2422,47
stepping,2425,2422,2425,3
walking,2512,2425,2512,87
right_turning,2513,2512,2513,1
walking,2566,2513,2566,53
running,2592,2566,2592,26
stepping,2624,2592,2624,32
walking,2720,2624,2720,96
rising,2838,2720,2838,118
sniffing,2941,2838,2941,103
rising,2956,2941,2956,15
walking,3001,2956,3001,45
sniffing,3049,3001,3049,48
rising,3099,3049,3099,50
sniffing,3100,3099,3100,1
rising,3182,3100,3182,82
stepping,3238,3182,3238,56
right_turning,3307,3238,3307,69
walking,3340,3307,3340,33
sniffing,3436,3340,3436,96
walking,3529,3436,3529,93
sniffing,3550,3529,3550,21
grooming,3596,3550,3596,46
sniffing,3613,3596,3613,17
grooming,3683,3613,3683,70
left_turning,3729,3683,3729,46
sniffing,3730,3729,3730,1
walking,3778,3730,3778,48
stepping,3795,3778,3795,17
sniffing,3840,3795,3840,45
stepping,3855,3840,3855,15
climbing,3892,3855,3892,37
rising,3971,3892,3971,79
grooming,4004,3971,4004,33
sniffing,4006,4004,4006,2
trotting,4058,4006,4058,52
walking,4139,4058,4139,81
trotting,4189,4139,4189,50
walking,4211,4189,4211,22
sniffing,4212,4211,4212,1
stepping,4259,4212,4259,47
walking,4260,4259,4260,1
stepping,4330,4260,4330,70
rearing,4489,4330,4489,159
grooming,4546,4489,4546,57
hunching,4588,4546,4588,42
grooming,4653,4588,4653,65
hunching,4695,4653,4695,42
stepping,4719,4695,4719,24
grooming,4742,4719,4742,23
climbing,4795,4742,4795,53
sniffing,4993,4795,4993,198
grooming,5151,4993,5151,158
right_turning,5221,5151,5221,70
stepping,5258,5221,5258,37
grooming,5259,5258,5259,1
hunching,5266,5259,5266,7
grooming,5501,5266,5501,235
sniffing,5502,5501,5502,1
walking,5554,5502,5554,52
trotting,5555,5554,5555,1
stepping,5562,5555,5562,7
sniffing,5620,5562,5620,58
grooming,5710,5620,5710,90
walking,5764,5710,5764,54
stepping,5834,5764,5834,70
walking,5884,5834,5884,50
sniffing,5987,5884,5987,103
walking,6019,5987,6019,32
stepping,6088,6019,6088,69
trotting,6140,6088,6140,52
walking,6217,6140,6217,77
stepping,6231,6217,6231,14
grooming,6510,6231,6510,279
rearing,6536,6510,6536,26
walking,6540,6536,6540,4
rising,6558,6540,6558,18
left_turning,6602,6558,6602,44
sniffing,6654,6602,6654,52
rising,6708,6654,6708,54
grooming,6833,6708,6833,125
hunching,6852,6833,6852,19
stepping,6853,6852,6853,1
sniffing,6886,6853,6886,33
rising,6923,6886,6923,37
grooming,7032,6923,7032,109
left_turning,7033,7032,7033,1
walking,7101,7033,7101,68
running,7138,7101,7138,37
trotting,7175,7138,7175,37
grooming,7263,7175,7263,88
walking,7356,7263,7356,93
trotting,7434,7356,7434,78
rising,7441,7434,7441,7
rearing,7491,7441,7491,50
grooming,7518,7491,7518,27
running,7570,7518,7570,52
trotting,7577,7570,7577,7
running,7598,7577,7598,21
stepping,7647,7598,7647,49
sniffing,7682,7647,7682,35
walking,7727,7682,7727,45
sniffing,7728,7727,7728,1
grooming,7976,7728,7976,248
rearing,8013,7976,8013,37
left_turning,8021,8013,8021,8
stepping,8037,8021,8037,16
sniffing,8085,8037,8085,48
left_turning,8124,8085,8124,39
walking,8126,8124,8126,2
stepping,8170,8126,8170,44
sniffing,8233,8170,8233,63
rising,8286,8233,8286,53
rearing,8394,8286,8394,108
walking,8417,8394,8417,23
sniffing,8418,8417,8418,1
walking,8442,8418,8442,24
running,8459,8442,8459,17
walking,8460,8459,8460,1
trotting,8481,8460,8481,21
stepping,8523,8481,8523,42
climbing,8566,8523,8566,43
walking,8567,8566,8567,1
stepping,8594,8567,8594,27
sniffing,8608,8594,8608,14
walking,8682,8608,8682,74
trotting,8702,8682,8702,20
rising,8703,8702,8703,1
walking,8726,8703,8726,23
rearing,8798,8726,8798,72
climbing,8827,8798,8827,29
left_turning,8867,8827,8867,40
walking,8868,8867,8868,1
stepping,8913,8868,8913,45
sniffing,8968,8913,8968,55
left_turning,9014,8968,9014,46
walking,9066,9014,9066,52
stepping,9087,9066,9087,21
rising,9126,9087,9126,39
sniffing,9200,9126,9200,74
walking,9261,9200,9261,61
trotting,9297,9261,9297,36
walking,9402,9297,9402,105
grooming,9463,9402,9463,61
sniffing,9492,9463,9492,29
grooming,9810,9492,9810,318
running,9833,9810,9833,23
stepping,9853,9833,9853,20
walking,9907,9853,9907,54
stepping,9940,9907,9940,33
rising,9941,9940,9941,1
stepping,9982,9941,9982,41
sniffing,10000,9982,10000,18
grooming,10030,10000,10030,30
rising,10054,10030,10054,24
climbing,10119,10054,10119,65
left_turning,10120,10119,10120,1
trotting,10130,10120,10130,10
rising,10131,10130,10131,1
sniffing,10258,10131,10258,127
hunching,10308,10258,10308,50
rearing,10369,10308,10369,61
grooming,10505,10369,10505,136
left_turning,10544,10505,10544,39
stepping,10569,10544,10569,25
grooming,10626,10569,10626,57
left_turning,10663,10626,10663,37
grooming,10733,10663,10733,70
sniffing,10736,10733,10736,3
walking,10737,10736,10737,1
stepping,10761,10737,10761,24
climbing,10807,10761,10807,46
grooming,10808,10807,10808,1
climbing,10843,10808,10843,35
right_turning,10879,10843,10879,36
walking,10955,10879,10955,76
stepping,11004,10955,11004,49
sniffing,11069,11004,11069,65
rising,11081,11069,11081,12
sniffing,11152,11081,11152,71
running,11177,11152,11177,25
grooming,11329,11177,11329,152
rearing,11411,11329,11411,82
left_turning,11472,11411,11472,61
walking,11540,11472,11540,68
stepping,11552,11540,11552,12
sniffing,11553,11552,11553,1
walking,11574,11553,11574,21
rearing,11651,11574,11651,77
sniffing,11652,11651,11652,1
stepping,11707,11652,11707,55
grooming,11808,11707,11808,101
trotting,11809,11808,11809,1
rising,11870,11809,11870,61
sniffing,11942,11870,11942,72
grooming,12067,11942,12067,125
trotting,12111,12067,12111,44
sniffing,12218,12111,12218,107
hunching,12258,12218,12258,40
rearing,12278,12258,12278,20
grooming,12398,12278,12398,120
stepping,12425,12398,12425,27
grooming,12589,12425,12589,164
rearing,12590,12589,12590,1
hunching,12597,12590,12597,7
rearing,12719,12597,12719,122
walking,12789,12719,12789,70
sniffing,12844,12789,12844,55
stepping,12878,12844,12878,34
sniffing,12914,12878,12914,36
left_turning,12962,12914,12962,48
trotting,13014,12962,13014,52
stepping,13112,13014,13112,98
trotting,13150,13112,13150,38
sniffing,13261,13150,13261,111
rising,13262,13261,13262,1
sniffing,13312,13262,13312,50
stepping,13367,13312,13367,55
grooming,13515,13367,13515,148
rearing,13573,13515,13573,58
rising,13584,13573,13584,11
rearing,13674,13584,13674,90
grooming,13753,13674,13753,79
hunching,13754,13753,13754,1
grooming,13818,13754,13818,64
sniffing,13870,13818,13870,52
walking,13892,13870,13892,22
rising,13918,13892,13918,26
rearing,13974,13918,13974,56
grooming,14325,13974,14325,351
climbing,14384,14325,14384,59
rising,14464,14384,14464,80
grooming,14465,14464,14465,1
left_turning,14480,14465,14480,15
walking,14499,14480,14499,19
sniffing,14640,14499,14640,141
grooming,14693,14640,14693,53
running,14705,14693,14705,12
sniffing,14839,14705,14839,134
climbing,14893,14839,14893,54
left_turning,14939,14893,14939,46
walking,15036,14939,15036,97
sniffing,15070,15036,15070,34
left_turning,15120,15070,15120,50
rearing,15143,15120,15143,23
hunching,15163,15143,15163,20
grooming,15218,15163,15218,55
rearing,15302,15218,15302,84
stepping,15347,15302,15347,45
sniffing,15504,15347,15504,157
rearing,15559,15504,15559,55
grooming,15710,15559,15710,151
sniffing,15711,15710,15711,1
rearing,15899,15711,15899,188
sniffing,15984,15899,15984,85
stepping,16014,15984,16014,30
sniffing,16052,16014,16052,38
grooming,16072,16052,16072,20
sniffing,16143,16072,16143,71
stepping,16187,16143,16187,44
sniffing,16188,16187,16188,1
rising,16253,16188,16253,65
grooming,16273,16253,16273,20
sniffing,16274,16273,16274,1
stepping,16344,16274,16344,70
trotting,16345,16344,16345,1
left_turning,16385,16345,16385,40
sniffing,16386,16385,16386,1
walking,16432,16386,16432,46
stepping,16488,16432,16488,56
grooming,16489,16488,16489,1
stepping,16501,16489,16501,12
rising,16530,16501,16530,29
running,16550,16530,16550,20
stepping,16618,16550,16618,68
walking,16655,16618,16655,37
stepping,16708,16655,16708,53
sniffing,16824,16708,16824,116
stepping,16851,16824,16851,27
sniffing,16892,16851,16892,41
rising,16932,16892,16932,40
hunching,16957,16932,16957,25
rearing,16970,16957,16970,13
grooming,16971,16970,16971,1
right_turning,16997,16971,16997,26
trotting,17076,16997,17076,79
rising,17126,17076,17126,50
running,17172,17126,17172,46
walking,17173,17172,17173,1
sniffing,17260,17173,17260,87
grooming,17261,17260,17261,1
sniffing,17335,17261,17335,74
right_turning,17374,17335,17374,39
climbing,17407,17374,17407,33
grooming,17783,17407,17783,376
trotting,17833,17783,17833,50
sniffing,17868,17833,17868,35
grooming,17869,17868,17869,1
sniffing,17932,17869,17932,63
left_turning,17954,17932,17954,22
walking,17982,17954,17982,28
sniffing,18037,17982,18037,55
grooming,18038,18037,18038,1
rearing,18043,18038,18043,5
grooming,18266,18043,18266,223
climbing,18339,18266,18339,73
left_turning,18342,18339,18342,3
walking,18394,18342,18394,52
sniffing,18458,18394,18458,64
grooming,18610,18458,18610,152
rearing,18666,18610,18666,56
grooming,18713,18666,18713,47
trotting,18756,18713,18756,43
sniffing,18757,18756,18757,1
climbing,18815,18757,18815,58
walking,18816,18815,18816,1
sniffing,18862,18816,18862,46
rearing,18871,18862,18871,9
climbing,18965,18871,18965,94
sniffing,18966,18965,18966,1
grooming,18981,18966,18981,15
stepping,19020,18981,19020,39
sniffing,19040,19020,19040,20
rearing,19124,19040,19124,84
left_turning,19161,19124,19161,37
rising,19195,19161,19195,34
left_turning,19212,19195,19212,17
trotting,19242,19212,19242,30
walking,19289,19242,19289,47
sniffing,19342,19289,19342,53
left_turning,19407,19342,19407,65
trotting,19425,19407,19425,18
rising,19472,19425,19472,47
sniffing,19480,19472,19480,8
climbing,19482,19480,19482,2
rearing,19488,19482,19488,6
walking,19555,19488,19555,67
sniffing,19596,19555,19596,41
trotting,19650,19596,19650,54
walking,19657,19650,19657,7
sniffing,19750,19657,19750,93
grooming,19952,19750,19952,202
walking,19984,19952,19984,32
left_turning,20050,19984,20050,66
hunching,20127,20050,20127,77
grooming,20261,20127,20261,134
walking,20401,20261,20401,140
running,20440,20401,20440,39
trotting,20514,20440,20514,74
walking,20530,20514,20530,16
sniffing,20615,20530,20615,85
rearing,20728,20615,20728,113
grooming,20897,20728,20897,169
hunching,20970,20897,20970,73
grooming,20971,20970,20971,1
hunching,20982,20971,20982,11
rearing,21031,20982,21031,49
climbing,21032,21031,21032,1
rising,21077,21032,21077,45
stepping,21126,21077,21126,49
grooming,21189,21126,21189,63
hunching,21279,21189,21279,90
climbing,21408,21279,21408,129
grooming,21409,21408,21409,1
sniffing,21662,21409,21662,253
grooming,21719,21662,21719,57
sniffing,21800,21719,21800,81
right_turning,21801,21800,21801,1
sniffing,21802,21801,21802,1
grooming,21803,21802,21803,1
climbing,21867,21803,21867,64
grooming,22033,21867,22033,166
walking,22061,22033,22061,28
sniffing,22166,22061,22166,105
rising,22206,22166,22206,40
walking,22279,22206,22279,73
stepping,22280,22279,22280,1
rising,22357,22280,22357,77
walking,22406,22357,22406,49
sniffing,22407,22406,22407,1
right_turning,22423,22407,22423,16
trotting,22455,22423,22455,32
sniffing,22456,22455,22456,1
stepping,22503,22456,22503,47
grooming,22731,22503,22731,228
hunching,22754,22731,22754,23
rising,22802,22754,22802,48
rearing,22803,22802,22803,1
walking,22873,22803,22873,70
rearing,22942,22873,22942,69
climbing,23021,22942,23021,79
walking,23084,23021,23084,63
rising,23157,23084,23157,73
sniffing,23206,23157,23206,49
grooming,23324,23206,23324,118
rearing,23385,23324,23385,61
sniffing,23483,23385,23483,98
walking,23527,23483,23527,44
sniffing,23594,23527,23594,67
rearing,23613,23594,23613,19
stepping,23638,23613,23638,25
grooming,23928,23638,23928,290
stepping,23968,23928,23968,40
walking,24002,23968,24002,34
stepping,24031,24002,24031,29
rearing,24101,24031,24101,70
rising,24155,24101,24155,54
sniffing,24191,24155,24191,36
rising,24254,24191,24254,63
walking,24285,24254,24285,31
stepping,24304,24285,24304,19
walking,24449,24304,24449,145
left_turning,24481,24449,24481,32
rising,24538,24481,24538,57
rearing,24628,24538,24628,90
hunching,24687,24628,24687,59
right_turning,24751,24687,24751,64
walking,24821,24751,24821,70
trotting,24823,24821,24823,2
running,24866,24823,24866,43
stepping,24868,24866,24868,2
sniffing,24916,24868,24916,48
grooming,25207,24916,25207,291
rearing,25226,25207,25226,19
climbing,25279,25226,25279,53
sniffing,25384,25279,25384,105
rising,25429,25384,25429,45
climbing,25462,25429,25462,33
running,25500,25462,25500,38
rising,25548,25500,25548,48
hunching,25602,25548,25602,54
rearing,25724,25602,25724,122
climbing,25750,25724,25750,26
right_turning,25784,25750,25784,34
sniffing,25844,25784,25844,60
stepping,25878,25844,25878,34
walking,25879,25878,25879,1
grooming,25987,25879,25987,108
left_turning,26048,25987,26048,61
sniffing,26088,26048,26088,40
walking,26089,26088,26089,1
grooming,26094,26089,26094,5
walking,26095,26094,26095,1
sniffing,26096,26095,26096,1
rising,26147,26096,26147,51
grooming,26175,26147,26175,28
rising,26176,26175,26176,1
walking,26230,26176,26230,54
right_turning,26245,26230,26245,15
rising,26353,26245,26353,108
stepping,26371,26353,26371,18
walking,26419,26371,26419,48
right_turning,26435,26419,26435,16
sniffing,26485,26435,26485,50
rising,26486,26485,26486,1
sniffing,26506,26486,26506,20
walking,26515,26506,26515,9
sniffing,26577,26515,26577,62
rearing,26578,26577,26578,1
left_turning,26646,26578,26646,68
sniffing,26707,26646,26707,61
walking,26708,26707,26708,1
rising,26710,26708,26710,2
rearing,26713,26710,26713,3
grooming,26778,26713,26778,65
sniffing,26779,26778,26779,1
walking,26853,26779,26853,74
trotting,26908,26853,26908,55
walking,26919,26908,26919,11
right_turning,26966,26919,26966,47
walking,26967,26966,26967,1
sniffing,26968,26967,26968,1
left_turning,26993,26968,26993,25
walking,27028,26993,27028,35
sniffing,27051,27028,27051,23
walking,27087,27051,27087,36
sniffing,27132,27087,27132,45
rising,27149,27132,27149,17
sniffing,27199,27149,27199,50
stepping,27270,27199,27270,71
climbing,27346,27270,27346,76
rising,27347,27346,27347,1
climbing,27425,27347,27425,78
walking,27426,27425,27426,1
sniffing,27528,27426,27528,102
stepping,27547,27528,27547,19
walking,27548,27547,27548,1
trotting,27549,27548,27549,1
walking,27550,27549,27550,1
sniffing,27593,27550,27593,43
left_turning,27632,27593,27632,39
rearing,27633,27632,27633,1
rising,27657,27633,27657,24
climbing,27695,27657,27695,38
walking,27721,27695,27721,26
sniffing,27745,27721,27745,24
rising,27813,27745,27813,68
climbing,27878,27813,27878,65
left_turning,27910,27878,27910,32
walking,27975,27910,27975,65
sniffing,27976,27975,27976,1
rising,27981,27976,27981,5
left_turning,28008,27981,28008,27
trotting,28041,28008,28041,33
sniffing,28042,28041,28042,1
left_turning,28069,28042,28069,27
walking,28116,28069,28116,47
stepping,28145,28116,28145,29
sniffing,28232,28145,28232,87
climbing,28275,28232,28275,43
grooming,28324,28275,28324,49
scratching,28325,28324,28325,1
grooming,28460,28325,28460,135
sniffing,28461,28460,28461,1
running,28465,28461,28465,4
rising,28525,28465,28525,60
grooming,28853,28525,28853,328
rising,28854,28853,28854,1
rearing,28855,28854,28855,1
grooming,28909,28855,28909,54
rearing,28974,28909,28974,65
grooming,29116,28974,29116,142
sniffing,29229,29116,29229,113
stepping,29273,29229,29273,44
running,29274,29273,29274,1
sniffing,29359,29274,29359,85
rising,29360,29359,29360,1
climbing,29422,29360,29422,62
right_turning,29423,29422,29423,1
rising,29456,29423,29456,33
grooming,29457,29456,29457,1
left_turning,29500,29457,29500,43
walking,29536,29500,29536,36
rising,29561,29536,29561,25
grooming,29611,29561,29611,50
rearing,29731,29611,29731,120
grooming,29732,29731,29732,1
hunching,29781,29732,29781,49
grooming,29949,29781,29949,168
left_turning,30005,29949,30005,56
walking,30055,30005,30055,50
stepping,30098,30055,30098,43
sniffing,30204,30098,30204,106
rising,30274,30204,30274,70
right_turning,30335,30274,30335,61
walking,30415,30335,30415,80
sniffing,30505,30415,30505,90
grooming,30506,30505,30506,1
rearing,30578,30506,30578,72
grooming,30799,30578,30799,221
rearing,30804,30799,30804,5
hunching,30868,30804,30868,64
rearing,30869,30868,30869,1
right_turning,30917,30869,30917,48
stepping,30948,30917,30948,31
left_turning,30978,30948,30978,30
grooming,30979,30978,30979,1
left_turning,31016,30979,31016,37
running,31033,31016,31033,17
walking,31101,31033,31101,68
grooming,31187,31101,31187,86
sniffing,31300,31187,31300,113
stepping,31318,31300,31318,18
sniffing,31324,31318,31324,6
rising,31378,31324,31378,54
sniffing,31379,31378,31379,1
trotting,31417,31379,31417,38
climbing,31423,31417,31423,6
sniffing,31453,31423,31453,30
rearing,31469,31453,31469,16
left_turning,31522,31469,31522,53
climbing,31542,31522,31542,20
rearing,31602,31542,31602,60
grooming,31603,31602,31603,1
rearing,31741,31603,31741,138
grooming,31742,31741,31742,1
left_turning,31743,31742,31743,1
sniffing,31744,31743,31744,1
rising,31771,31744,31771,27
grooming,31772,31771,31772,1
walking,31794,31772,31794,22
sniffing,31799,31794,31799,5
rising,31823,31799,31823,24
grooming,31892,31823,31892,69
hunching,31923,31892,31923,31
rising,31936,31923,31936,13
rearing,32011,31936,32011,75
sniffing,32049,32011,32049,38
walking,32062,32049,32062,13
running,32085,32062,32085,23
sniffing,32142,32085,32142,57
hunching,32156,32142,32156,14
left_turning,32182,32156,32182,26
grooming,32183,32182,32183,1
rearing,32231,32183,32231,48
walking,32297,32231,32297,66
sniffing,32414,32297,32414,117
stepping,32426,32414,32426,12
grooming,32468,32426,32468,42
walking,32485,32468,32485,17
rising,32527,32485,32527,42
rearing,32528,32527,32528,1
grooming,32567,32528,32567,39
sniffing,32626,32567,32626,59
left_turning,32644,32626,32644,18
climbing,32740,32644,32740,96
stepping,32791,32740,32791,51
sniffing,32855,32791,32855,64
stepping,32913,32855,32913,58
walking,32955,32913,32955,42
stepping,32970,32955,32970,15
rising,32971,32970,32971,1
climbing,33012,32971,33012,41
grooming,33136,33012,33136,124
scratching,33137,33136,33137,1
grooming,33138,33137,33138,1
rising,33174,33138,33174,36
hunching,33232,33174,33232,58
grooming,33401,33232,33401,169
rearing,33487,33401,33487,86
grooming,33496,33487,33496,9
left_turning,33536,33496,33536,40
stepping,33598,33536,33598,62
sniffing,33655,33598,33655,57
stepping,33695,33655,33695,40
right_turning,33732,33695,33732,37
sniffing,33752,33732,33752,20
rising,33758,33752,33758,6
rearing,33811,33758,33811,53
grooming,33909,33811,33909,98
rearing,33910,33909,33910,1
sniffing,33993,33910,33993,83
stepping,34033,33993,34033,40
trotting,34080,34033,34080,47
sniffing,34147,34080,34147,67
left_turning,34176,34147,34176,29
sniffing,34254,34176,34254,78
trotting,34275,34254,34275,21
sniffing,34351,34275,34351,76
grooming,34352,34351,34352,1
climbing,34386,34352,34386,34
walking,34440,34386,34440,54
stepping,34470,34440,34470,30
climbing,34581,34470,34581,111
walking,34622,34581,34622,41
sniffing,34635,34622,34635,13
rising,34686,34635,34686,51
sniffing,34732,34686,34732,46
stepping,34791,34732,34791,59
right_turning,34802,34791,34802,11
trotting,34812,34802,34812,10
left_turning,34846,34812,34846,34
sniffing,34934,34846,34934,88
stepping,34984,34934,34984,50
rearing,35002,34984,35002,18
hunching,35067,35002,35067,65
rearing,35126,35067,35126,59
grooming,35127,35126,35127,1
rearing,35152,35127,35152,25
grooming,35212,35152,35212,60
left_turning,35229,35212,35229,17
running,35254,35229,35254,25
walking,35325,35254,35325,71
sniffing,35388,35325,35388,63
walking,35436,35388,35436,48
sniffing,35467,35436,35467,31
rising,35478,35467,35478,11
sniffing,35547,35478,35547,69
right_turning,35585,35547,35585,38
grooming,35742,35585,35742,157
climbing,35743,35742,35743,1
grooming,35744,35743,35744,1
rearing,35745,35744,35745,1
grooming,35844,35745,35844,99
rearing,35903,35844,35903,59
climbing,35917,35903,35917,14
grooming,35945,35917,35945,28
walking,35968,35945,35968,23
trotting,35999,35968,35999,31
grooming,36099,35999,36099,100
left_turning,36150,36099,36150,51
sniffing,36151,36150,36151,1
grooming,36152,36151,36152,1
rearing,36153,36152,36153,1
sniffing,36236,36153,36236,83
rising,36337,36236,36337,101
walking,36371,36337,36371,34
climbing,36427,36371,36427,56
walking,36428,36427,36428,1
sniffing,36429,36428,36429,1
stepping,36489,36429,36489,60
sniffing,36628,36489,36628,139
stepping,36659,36628,36659,31
left_turning,36721,36659,36721,62
grooming,36800,36721,36800,79
rising,36801,36800,36801,1
grooming,36859,36801,36859,58
running,36895,36859,36895,36
sniffing,36905,36895,36905,10
grooming,37066,36905,37066,161
sniffing,37143,37066,37143,77
walking,37189,37143,37189,46
sniffing,37298,37189,37298,109
rising,37320,37298,37320,22
walking,37384,37320,37384,64
stepping,37426,37384,37426,42
climbing,37528,37426,37528,102
left_turning,37544,37528,37544,16
walking,37545,37544,37545,1
rearing,37554,37545,37554,9
climbing,37632,37554,37632,78
trotting,37677,37632,37677,45
stepping,37681,37677,37681,4
walking,37770,37681,37770,89
sniffing,37872,37770,37872,102
stepping,37890,37872,37890,18
sniffing,37891,37890,37891,1
left_turning,37970,37891,37970,79
sniffing,38010,37970,38010,40
left_turning,38054,38010,38054,44
walking,38076,38054,38076,22
sniffing,38077,38076,38077,1
stepping,38141,38077,38141,64
sniffing,38164,38141,38164,23
climbing,38259,38164,38259,95
grooming,38334,38259,38334,75
walking,38355,38334,38355,21
sniffing,38422,38355,38422,67
stepping,38471,38422,38471,49
trotting,38496,38471,38496,25
sniffing,38497,38496,38497,1
rising,38543,38497,38543,46
climbing,38575,38543,38575,32
trotting,38593,38575,38593,18
rising,38675,38593,38675,82
left_turning,38737,38675,38737,62
sniffing,38776,38737,38776,39
rising,38777,38776,38777,1
climbing,38828,38777,38828,51
walking,38858,38828,38858,30
right_turning,38859,38858,38859,1
walking,38930,38859,38930,71
sniffing,38968,38930,38968,38
left_turning,38980,38968,38980,12
running,39009,38980,39009,29
walking,39061,39009,39061,52
stepping,39123,39061,39123,62
sniffing,39137,39123,39137,14
walking,39164,39137,39164,27
sniffing,39165,39164,39165,1
climbing,39213,39165,39213,48
walking,39256,39213,39256,43
trotting,39279,39256,39279,23
sniffing,39480,39279,39480,201
trotting,39526,39480,39526,46
stepping,39536,39526,39536,10
right_turning,39567,39536,39567,31
walking,39616,39567,39616,49
climbing,39706,39616,39706,90
grooming,39707,39706,39707,1
left_turning,39748,39707,39748,41
rising,39812,39748,39812,64
sniffing,39865,39812,39865,53
rearing,39866,39865,39866,1
sniffing,39950,39866,39950,84
grooming,40185,39950,40185,235
rising,40276,40185,40276,91
sniffing,40277,40276,40277,1
rising,40329,40277,40329,52
grooming,40330,40329,40330,1
walking,40354,40330,40354,24
sniffing,40473,40354,40473,119
stepping,40527,40473,40527,54
grooming,40670,40527,40670,143
stepping,40716,40670,40716,46
sniffing,40899,40716,40899,183
trotting,40955,40899,40955,56
stepping,40996,40955,40996,41
sniffing,41016,40996,41016,20
stepping,41033,41016,41033,17
sniffing,41053,41033,41053,20
walking,41085,41053,41085,32
sniffing,41134,41085,41134,49
stepping,41157,41134,41157,23
sniffing,41279,41157,41279,122
grooming,41288,41279,41288,9
rearing,41289,41288,41289,1
left_turning,41337,41289,41337,48
sniffing,41475,41337,41475,138
left_turning,41476,41475,41476,1
walking,41519,41476,41519,43
rising,41520,41519,41520,1
left_turning,41559,41520,41559,39
trotting,41568,41559,41568,9
stepping,41629,41568,41629,61
left_turning,41677,41629,41677,48
stepping,41720,41677,41720,43
sniffing,41842,41720,41842,122
rising,41859,41842,41859,17
rearing,41892,41859,41892,33
hunching,42056,41892,42056,164
grooming,42331,42056,42331,275
running,42342,42331,42342,11
rising,42416,42342,42416,74
grooming,42417,42416,42417,1
rearing,42426,42417,42426,9
hunching,42469,42426,42469,43
rearing,42507,42469,42507,38
climbing,42592,42507,42592,85
rearing,42605,42592,42605,13
walking,42675,42605,42675,70
sniffing,42692,42675,42692,17
climbing,42752,42692,42752,60
grooming,42753,42752,42753,1
sniffing,42896,42753,42896,143
grooming,42897,42896,42897,1
sniffing,42898,42897,42898,1
rising,42907,42898,42907,9
grooming,43065,42907,43065,158
rising,43066,43065,43066,1
sniffing,43191,43066,43191,125
rising,43192,43191,43192,1
stepping,43273,43192,43273,81
sniffing,43344,43273,43344,71
running,43376,43344,43376,32
trotting,43404,43376,43404,28
stepping,43405,43404,43405,1
sniffing,43479,43405,43479,74
left_turning,43568,43479,43568,89
walking,43569,43568,43569,1
stepping,43606,43569,43606,37
walking,43628,43606,43628,22
sniffing,43682,43628,43682,54
grooming,43683,43682,43683,1
walking,43780,43683,43780,97
stepping,43813,43780,43813,33
grooming,43844,43813,43844,31
rearing,43849,43844,43849,5
grooming,43948,43849,43948,99
walking,43952,43948,43952,4
trotting,43974,43952,43974,22
sniffing,44046,43974,44046,72
walking,44092,44046,44092,46
sniffing,44126,44092,44126,34
stepping,44164,44126,44164,38
climbing,44180,44164,44180,16
right_turning,44217,44180,44217,37
running,44246,44217,44246,29
trotting,44247,44246,44247,1
walking,44292,44247,44292,45
stepping,44344,44292,44344,52
climbing,44375,44344,44375,31
rearing,44440,44375,44440,65
left_turning,44443,44440,44443,3
walking,44472,44443,44472,29
sniffing,44535,44472,44535,63
rearing,44561,44535,44561,26
sniffing,44626,44561,44626,65
stepping,44666,44626,44666,40
walking,44681,44666,44681,15
stepping,44735,44681,44735,54
hunching,44738,44735,44738,3
grooming,44739,44738,44739,1
climbing,44758,44739,44758,19
sniffing,44759,44758,44759,1
walking,44795,44759,44795,36
sniffing,44841,44795,44841,46
grooming,45017,44841,45017,176
rising,45027,45017,45027,10
climbing,45077,45027,45077,50
rearing,45086,45077,45086,9
grooming,45123,45086,45123,37
rearing,45124,45123,45124,1
climbing,45168,45124,45168,44
walking,45169,45168,45169,1
sniffing,45219,45169,45219,50
stepping,45272,45219,45272,53
walking,45342,45272,45342,70
sniffing,45470,45342,45470,128
stepping,45506,45470,45506,36
walking,45567,45506,45567,61
rising,45623,45567,45623,56
sniffing,45624,45623,45624,1
grooming,45778,45624,45778,154
rising,45820,45778,45820,42
left_turning,45829,45820,45829,9
rising,45879,45829,45879,50
sniffing,45956,45879,45956,77
rising,45957,45956,45957,1
climbing,46038,45957,46038,81
rising,46065,46038,46065,27
climbing,46143,46065,46143,78
rearing,46276,46143,46276,133
rising,46282,46276,46282,6
rearing,46302,46282,46302,20
walking,46338,46302,46338,36
trotting,46379,46338,46379,41
walking,46407,46379,46407,28
stepping,46458,46407,46458,51
rearing,46603,46458,46603,145
hunching,46638,46603,46638,35
grooming,46753,46638,46753,115
sniffing,46754,46753,46754,1
trotting,46755,46754,46755,1
running,46765,46755,46765,10
rising,46791,46765,46791,26
hunching,46842,46791,46842,51
rearing,46843,46842,46843,1
grooming,46925,46843,46925,82
rearing,47050,46925,47050,125
grooming,47194,47050,47194,144
stepping,47230,47194,47230,36
sniffing,47358,47230,47358,128
climbing,47399,47358,47399,41
left_turning,47415,47399,47415,16
grooming,47497,47415,47497,82
hunching,47625,47497,47625,128
rearing,47660,47625,47660,35
grooming,47796,47660,47796,136
walking,47872,47796,47872,76
sniffing,47922,47872,47922,50
pausing,48260,47922,48260,338
sniffing,48261,48260,48261,1
walking,48317,48261,48317,56
trotting,48318,48317,48318,1
walking,48328,48318,48328,10
stepping,48353,48328,48353,25
walking,48388,48353,48388,35
stepping,48440,48388,48440,52
sniffing,48585,48440,48585,145
trotting,48639,48585,48639,54
walking,48681,48639,48681,42
sniffing,48708,48681,48708,27
rising,48745,48708,48745,37
climbing,48848,48745,48848,103
rising,48920,48848,48920,72
grooming,49177,48920,49177,257
rearing,49178,49177,49178,1
grooming,49179,49178,49179,1
scratching,49180,49179,49180,1
grooming,49427,49180,49427,247
right_turning,49440,49427,49440,13
stepping,49490,49440,49490,50
walking,49586,49490,49586,96
stepping,49645,49586,49645,59
sniffing,49892,49645,49892,247
walking,50046,49892,50046,154
trotting,50096,50046,50096,50
sniffing,50119,50096,50119,23
left_turning,50128,50119,50128,9
sniffing,50190,50128,50190,62
grooming,50191,50190,50191,1
rearing,50314,50191,50314,123
grooming,50564,50314,50564,250
trotting,50584,50564,50584,20
climbing,50678,50584,50678,94
walking,50759,50678,50759,81
grooming,51268,50759,51268,509
running,51287,51268,51287,19
trotting,51311,51287,51311,24
sniffing,51312,51311,51312,1
left_turning,51331,51312,51331,19
grooming,51359,51331,51359,28
hunching,51399,51359,51399,40
rearing,51475,51399,51475,76
hunching,51528,51475,51528,53
grooming,51529,51528,51529,1
walking,51597,51529,51597,68
sniffing,51683,51597,51683,86
grooming,52012,51683,52012,329
rising,52067,52012,52067,55
rearing,52133,52067,52133,66
sniffing,52173,52133,52173,40
stepping,52229,52173,52229,56
rearing,52291,52229,52291,62
left_turning,52324,52291,52324,33
sniffing,52352,52324,52352,28
grooming,52353,52352,52353,1
walking,52354,52353,52354,1
stepping,52360,52354,52360,6
left_turning,52378,52360,52378,18
sniffing,52426,52378,52426,48
rearing,52450,52426,52450,24
grooming,52531,52450,52531,81
rearing,52561,52531,52561,30
grooming,52666,52561,52666,105
hunching,52775,52666,52775,109
rearing,52925,52775,52925,150
hunching,53012,52925,53012,87
rearing,53055,53012,53055,43
hunching,53066,53055,53066,11
grooming,53265,53066,53265,199
trotting,53303,53265,53303,38
right_turning,53310,53303,53310,7
walking,53321,53310,53321,11
sniffing,53423,53321,53423,102
grooming,53424,53423,53424,1
stepping,53429,53424,53429,5
rising,53452,53429,53452,23
rearing,53471,53452,53471,19
right_turning,53485,53471,53485,14
stepping,53546,53485,53546,61
sniffing,53602,53546,53602,56
stepping,53662,53602,53662,60
grooming,53663,53662,53663,1
hunching,53742,53663,53742,79
grooming,54113,53742,54113,371
stepping,54177,54113,54177,64
rising,54242,54177,54242,65
walking,54278,54242,54278,36
trotting,54307,54278,54307,29
walking,54342,54307,54342,35
running,54365,54342,54365,23
rearing,54404,54365,54404,39
grooming,54405,54404,54405,1
rising,54406,54405,54406,1
walking,54455,54406,54455,49
stepping,54508,54455,54508,53
left_turning,54583,54508,54583,75
running,54591,54583,54591,8
trotting,54592,54591,54592,1
walking,54670,54592,54670,78
sniffing,54719,54670,54719,49
stepping,54761,54719,54761,42
sniffing,54817,54761,54817,56
hunching,54818,54817,54818,1
grooming,55101,54818,55101,283
left_turning,55108,55101,55108,7
sniffing,55109,55108,55109,1
stepping,55118,55109,55118,9
walking,55174,55118,55174,56
stepping,55175,55174,55175,1
running,55187,55175,55187,12
trotting,55210,55187,55210,23
stepping,55250,55210,55250,40
sniffing,55339,55250,55339,89
right_turning,55371,55339,55371,32
sniffing,55457,55371,55457,86
walking,55569,55457,55569,112
sniffing,55661,55569,55661,92
stepping,55662,55661,55662,1
rising,55700,55662,55700,38
trotting,55740,55700,55740,40
stepping,55747,55740,55747,7
sniffing,55748,55747,55748,1
walking,55781,55748,55781,33
stepping,55838,55781,55838,57
sniffing,55867,55838,55867,29
stepping,55905,55867,55905,38
walking,55906,55905,55906,1
sniffing,55951,55906,55951,45
climbing,56055,55951,56055,104
rearing,56121,56055,56121,66
left_turning,56158,56121,56158,37
stepping,56168,56158,56168,10
walking,56201,56168,56201,33
stepping,56245,56201,56245,44
sniffing,56281,56245,56281,36
stepping,56357,56281,56357,76
sniffing,56358,56357,56358,1
stepping,56381,56358,56381,23
sniffing,56382,56381,56382,1
right_turning,56407,56382,56407,25
stepping,56442,56407,56442,35
walking,56476,56442,56476,34
rising,56525,56476,56525,49
sniffing,56569,56525,56569,44
grooming,56570,56569,56570,1
walking,56639,56570,56639,69
stepping,56659,56639,56659,20
rising,56720,56659,56720,61
climbing,56807,56720,56807,87
hunching,56815,56807,56815,8
grooming,56917,56815,56917,102
climbing,56968,56917,56968,51
grooming,56969,56968,56969,1
rearing,57001,56969,57001,32
stepping,57028,57001,57028,27
walking,57091,57028,57091,63
trotting,57112,57091,57112,21
rising,57113,57112,57113,1
grooming,57114,57113,57114,1
right_turning,57152,57114,57152,38
scratching,57153,57152,57153,1
sniffing,57154,57153,57154,1
right_turning,57165,57154,57165,11
sniffing,57209,57165,57209,44
left_turning,57210,57209,57210,1
sniffing,57268,57210,57268,58
rearing,57305,57268,57305,37
climbing,57354,57305,57354,49
running,57394,57354,57394,40
walking,57433,57394,57433,39
rising,57568,57433,57568,135
left_turning,57623,57568,57623,55
stepping,57675,57623,57675,52
sniffing,57768,57675,57768,93
rising,57831,57768,57831,63
climbing,57951,57831,57951,120
walking,58036,57951,58036,85
grooming,58037,58036,58037,1
walking,58042,58037,58042,5
stepping,58065,58042,58065,23
hunching,58091,58065,58091,26
grooming,58092,58091,58092,1
sniffing,58356,58092,58356,264
rising,58357,58356,58357,1
stepping,58395,58357,58395,38
trotting,58435,58395,58435,40
walking,58436,58435,58436,1
sniffing,58465,58436,58465,29
rising,58559,58465,58559,94
grooming,58679,58559,58679,120
stepping,58691,58679,58691,12
rising,58766,58691,58766,75
climbing,58848,58766,58848,82
trotting,58850,58848,58850,2
walking,58908,58850,58908,58
sniffing,59061,58908,59061,153
rising,59082,59061,59082,21
stepping,59127,59082,59127,45
walking,59128,59127,59128,1
sniffing,59129,59128,59129,1
rearing,59153,59129,59153,24
climbing,59198,59153,59198,45
left_turning,59256,59198,59256,58
stepping,59259,59256,59259,3
climbing,59373,59259,59373,114
sniffing,59486,59373,59486,113
left_turning,59519,59486,59519,33
walking,59542,59519,59542,23
sniffing,59638,59542,59638,96
stepping,59726,59638,59726,88
walking,59765,59726,59765,39
climbing,59875,59765,59875,110
grooming,59987,59875,59987,112
hunching,60057,59987,60057,70
grooming,60418,60057,60418,361
rising,60419,60418,60419,1
grooming,60712,60419,60712,293
sniffing,60718,60712,60718,6
rearing,60784,60718,60784,66
hunching,60832,60784,60832,48
rising,60885,60832,60885,53
rearing,60923,60885,60923,38
grooming,60924,60923,60924,1
rearing,60932,60924,60932,8
climbing,60948,60932,60948,16
rising,60986,60948,60986,38
sniffing,60987,60986,60987,1
left_turning,61018,60987,61018,31
trotting,61053,61018,61053,35
walking,61084,61053,61084,31
stepping,61111,61084,61111,27
trotting,61170,61111,61170,59
running,61187,61170,61187,17
left_turning,61206,61187,61206,19
sniffing,61244,61206,61244,38
rearing,61275,61244,61275,31
climbing,61281,61275,61281,6
grooming,61320,61281,61320,39
rearing,61411,61320,61411,91
grooming,61591,61411,61591,180
running,61605,61591,61605,14
sniffing,61764,61605,61764,159
right_turning,61825,61764,61825,61
stepping,61886,61825,61886,61
trotting,61926,61886,61926,40
walking,61993,61926,61993,67
rising,62003,61993,62003,10
climbing,62074,62003,62074,71
sniffing,62080,62074,62080,6
stepping,62099,62080,62099,19
grooming,62100,62099,62100,1
rearing,62131,62100,62131,31
climbing,62212,62131,62212,81
grooming,62372,62212,62372,160
hunching,62400,62372,62400,28
rising,62409,62400,62409,9
rearing,62461,62409,62461,52
grooming,62462,62461,62462,1
rearing,62478,62462,62478,16
grooming,62586,62478,62586,108
left_turning,62698,62586,62698,112
walking,62749,62698,62749,51
rising,62820,62749,62820,71
walking,62838,62820,62838,18
trotting,62852,62838,62852,14
left_turning,62890,62852,62890,38
hunching,62975,62890,62975,85
grooming,62976,62975,62976,1
sniffing,63016,62976,63016,40
walking,63027,63016,63027,11
sniffing,63096,63027,63096,69
rising,63106,63096,63106,10
climbing,63195,63106,63195,89
right_turning,63213,63195,63213,18
walking,63216,63213,63216,3
hunching,63272,63216,63272,56
rearing,63294,63272,63294,22
climbing,63356,63294,63356,62
grooming,63357,63356,63357,1
rearing,63426,63357,63426,69
climbing,63568,63426,63568,142
rising,63586,63568,63586,18
grooming,63590,63586,63590,4
scratching,63591,63590,63591,1
sniffing,63610,63591,63610,19
rising,63611,63610,63611,1
stepping,63676,63611,63676,65
climbing,63808,63676,63808,132
rising,63824,63808,63824,16
rearing,63882,63824,63882,58
walking,63889,63882,63889,7
climbing,63902,63889,63902,13
walking,63946,63902,63946,44
stepping,63992,63946,63992,46
sniffing,64066,63992,64066,74
right_turning,64086,64066,64086,20
walking,64145,64086,64145,59
trotting,64226,64145,64226,81
stepping,64323,64226,64323,97
sniffing,64456,64323,64456,133
rearing,64457,64456,64457,1
grooming,64582,64457,64582,125
walking,64634,64582,64634,52
sniffing,64675,64634,64675,41
right_turning,64735,64675,64735,60
stepping,64775,64735,64775,40
sniffing,64865,64775,64865,90
grooming,65056,64865,65056,191
rearing,65065,65056,65065,9
sniffing,65158,65065,65158,93
grooming,65218,65158,65218,60
stepping,65222,65218,65222,4
left_turning,65287,65222,65287,65
walking,65288,65287,65288,1
trotting,65325,65288,65325,37
rising,65414,65325,65414,89
left_turning,65467,65414,65467,53
trotting,65528,65467,65528,61
rising,65572,65528,65572,44
rearing,65613,65572,65613,41
sniffing,65737,65613,65737,124
rising,65738,65737,65738,1
sniffing,65739,65738,65739,1
stepping,65798,65739,65798,59
walking,65862,65798,65862,64
trotting,65899,65862,65899,37
rearing,65969,65899,65969,70
climbing,66080,65969,66080,111
left_turning,66101,66080,66101,21
stepping,66127,66101,66127,26
sniffing,66128,66127,66128,1
left_turning,66183,66128,66183,55
stepping,66224,66183,66224,41
sniffing,66230,66224,66230,6
stepping,66260,66230,66260,30
walking,66299,66260,66299,39
sniffing,66300,66299,66300,1
walking,66347,66300,66347,47
running,66378,66347,66378,31
walking,66430,66378,66430,52
sniffing,66657,66430,66657,227
rising,66708,66657,66708,51
grooming,66779,66708,66779,71
left_turning,66830,66779,66830,51
trotting,66850,66830,66850,20
sniffing,66867,66850,66867,17
right_turning,66898,66867,66898,31
walking,66946,66898,66946,48
stepping,67010,66946,67010,64
sniffing,67011,67010,67011,1
rearing,67041,67011,67041,30
grooming,67042,67041,67042,1
hunching,67099,67042,67099,57
left_turning,67117,67099,67117,18
rising,67171,67117,67171,54
hunching,67397,67171,67397,226
rearing,67446,67397,67446,49
grooming,67539,67446,67539,93
climbing,67556,67539,67556,17
grooming,67847,67556,67847,291
walking,67903,67847,67903,56
sniffing,67939,67903,67939,36
grooming,68125,67939,68125,186
rising,68186,68125,68186,61
sniffing,68200,68186,68200,14
walking,68206,68200,68206,6
sniffing,68318,68206,68318,112
rising,68363,68318,68363,45
grooming,68491,68363,68491,128
rearing,68588,68491,68588,97
grooming,68877,68588,68877,289
running,68878,68877,68878,1
walking,68886,68878,68886,8
stepping,68929,68886,68929,43
walking,68959,68929,68959,30
sniffing,68960,68959,68960,1
rising,68996,68960,68996,36
climbing,69075,68996,69075,79
stepping,69102,69075,69102,27
sniffing,69231,69102,69231,129
right_turning,69267,69231,69267,36
walking,69320,69267,69320,53
sniffing,69491,69320,69491,171
grooming,69657,69491,69657,166
rearing,69688,69657,69688,31
left_turning,69707,69688,69707,19
sniffing,69713,69707,69713,6
stepping,69760,69713,69760,47
rising,69772,69760,69772,12
rearing,69773,69772,69773,1
sniffing,69787,69773,69787,14
walking,69821,69787,69821,34
climbing,69840,69821,69840,19
left_turning,69882,69840,69882,42
sniffing,69942,69882,69942,60
stepping,69960,69942,69960,18
sniffing,70035,69960,70035,75
trotting,70062,70035,70062,27
sniffing,70074,70062,70074,12
walking,70167,70074,70167,93
stepping,70210,70167,70210,43
rising,70291,70210,70291,81
walking,70326,70291,70326,35
sniffing,70327,70326,70327,1
rearing,70394,70327,70394,67
grooming,70395,70394,70395,1
stepping,70432,70395,70432,37
climbing,70510,70432,70510,78
rearing,70587,70510,70587,77
hunching,70719,70587,70719,132
grooming,70773,70719,70773,54
rising,70774,70773,70774,1
walking,70811,70774,70811,37
running,70850,70811,70850,39
walking,70870,70850,70870,20
stepping,70887,70870,70887,17
grooming,70993,70887,70993,106
left_turning,70994,70993,70994,1
sniffing,71017,70994,71017,23
left_turning,71050,71017,71050,33
rising,71051,71050,71051,1
climbing,71052,71051,71052,1
walking,71097,71052,71097,45
stepping,71147,71097,71147,50
walking,71209,71147,71209,62
running,71244,71209,71244,35
stepping,71245,71244,71245,1
sniffing,71300,71245,71300,55
stepping,71320,71300,71320,20
sniffing,71321,71320,71321,1
grooming,71322,71321,71322,1
sniffing,71323,71322,71323,1
rearing,71324,71323,71324,1
sniffing,71382,71324,71382,58
grooming,71442,71382,71442,60
sniffing,71560,71442,71560,118
walking,71608,71560,71608,48
sniffing,71644,71608,71644,36
rising,71699,71644,71699,55
climbing,71830,71699,71830,131
rearing,71897,71830,71897,67
hunching,71904,71897,71904,7
grooming,71955,71904,71955,51
left_turning,71963,71955,71963,8
sniffing,72085,71963,72085,122
walking,72086,72085,72086,1
stepping,72155,72086,72155,69
rising,72156,72155,72156,1
sniffing,72157,72156,72157,1
stepping,72158,72157,72158,1
sniffing,72293,72158,72293,135
scratching,72294,72293,72294,1
grooming,72361,72294,72361,67
rearing,72404,72361,72404,43
climbing,72405,72404,72405,1
stepping,72467,72405,72467,62
sniffing,72563,72467,72563,96
right_turning,72593,72563,72593,30
walking,72701,72593,72701,108
trotting,72702,72701,72702,1
right_turning,72746,72702,72746,44
walking,72834,72746,72834,88
grooming,72835,72834,72835,1
rearing,72901,72835,72901,66
grooming,72902,72901,72902,1
rearing,72957,72902,72957,55
walking,72974,72957,72974,17
sniffing,73012,72974,73012,38
walking,73087,73012,73087,75
climbing,73137,73087,73137,50
stepping,73164,73137,73164,27
sniffing,73238,73164,73238,74
stepping,73289,73238,73289,51
walking,73356,73289,73356,67
sniffing,73499,73356,73499,143
stepping,73596,73499,73596,97
rising,73687,73596,73687,91
rearing,73724,73687,73724,37
stepping,73815,73724,73815,91
rising,73855,73815,73855,40
climbing,73947,73855,73947,92
grooming,74040,73947,74040,93
rearing,74105,74040,74105,65
grooming,74164,74105,74164,59
hunching,74165,74164,74165,1
grooming,74199,74165,74199,34
climbing,74301,74199,74301,102
grooming,74306,74301,74306,5
sniffing,74307,74306,74307,1
walking,74401,74307,74401,94
sniffing,74404,74401,74404,3
stepping,74470,74404,74470,66
sniffing,74473,74470,74473,3
grooming,74514,74473,74514,41
climbing,74561,74514,74561,47
walking,74602,74561,74602,41
rising,74653,74602,74653,51
grooming,74922,74653,74922,269
hunching,74965,74922,74965,43
grooming,74966,74965,74966,1
rearing,74967,74966,74967,1
rising,75059,74967,75059,92
climbing,75112,75059,75112,53
walking,75140,75112,75140,28
stepping,75187,75140,75187,47
rising,75227,75187,75227,40
grooming,75392,75227,75392,165
sniffing,75445,75392,75445,53
walking,75496,75445,75496,51
sniffing,75614,75496,75614,118
climbing,75747,75614,75747,133
grooming,76426,75747,76426,679
trotting,76427,76426,76427,1
walking,76449,76427,76449,22
sniffing,76450,76449,76450,1
rising,76487,76450,76487,37
sniffing,76499,76487,76499,12
right_turning,76500,76499,76500,1
trotting,76505,76500,76505,5
walking,76537,76505,76537,32
stepping,76588,76537,76588,51
sniffing,76593,76588,76593,5
left_turning,76619,76593,76619,26
stepping,76678,76619,76678,59
right_turning,76734,76678,76734,56
sniffing,76855,76734,76855,121
grooming,77472,76855,77472,617
scratching,77473,77472,77473,1
sniffing,77530,77473,77530,57
stepping,77549,77530,77549,19
walking,77564,77549,77564,15
rising,77579,77564,77579,15
climbing,77756,77579,77756,177
walking,77771,77756,77771,15
stepping,77808,77771,77808,37
rising,77820,77808,77820,12
sniffing,77859,77820,77859,39
right_turning,77896,77859,77896,37
stepping,77931,77896,77931,35
walking,78006,77931,78006,75
sniffing,78007,78006,78007,1
grooming,78008,78007,78008,1
walking,78037,78008,78037,29
rearing,78073,78037,78073,36
grooming,78208,78073,78208,135
rearing,78209,78208,78209,1
trotting,78227,78209,78227,18
sniffing,78455,78227,78455,228
left_turning,78532,78455,78532,77
trotting,78556,78532,78556,24
stepping,78615,78556,78615,59
sniffing,78699,78615,78699,84
walking,78725,78699,78725,26
sniffing,78843,78725,78843,118
walking,78878,78843,78878,35
stepping,78948,78878,78948,70
sniffing,78949,78948,78949,1
rising,78950,78949,78950,1
rearing,78968,78950,78968,18
grooming,78969,78968,78969,1
scratching,78970,78969,78970,1
sniffing,79053,78970,79053,83
stepping,79092,79053,79092,39
grooming,79209,79092,79209,117
rearing,79266,79209,79266,57
grooming,79325,79266,79325,59
sniffing,79361,79325,79361,36
walking,79529,79361,79529,168
left_turning,79537,79529,79537,8
climbing,79573,79537,79573,36
sniffing,79635,79573,79635,62
stepping,79722,79635,79722,87
walking,79801,79722,79801,79
sniffing,79831,79801,79831,30
stepping,79907,79831,79907,76
sniffing,79908,79907,79908,1
walking,80014,79908,80014,106
sniffing,80098,80014,80098,84
stepping,80099,80098,80099,1
sniffing,80304,80099,80304,205
left_turning,80317,80304,80317,13
walking,80353,80317,80353,36
stepping,80372,80353,80372,19
walking,80392,80372,80392,20
stepping,80405,80392,80405,13
sniffing,80406,80405,80406,1
left_turning,80427,80406,80427,21
trotting,80457,80427,80457,30
walking,80642,80457,80642,185
sniffing,80707,80642,80707,65
walking,80766,80707,80766,59
stepping,80809,80766,80809,43
rearing,80887,80809,80887,78
grooming,80961,80887,80961,74
stepping,80979,80961,80979,18
sniffing,80980,80979,80980,1
grooming,81036,80980,81036,56
rearing,81073,81036,81073,37
grooming,81074,81073,81074,1
hunching,81080,81074,81080,6
sniffing,81178,81080,81178,98
right_turning,81235,81178,81235,57
walking,81321,81235,81321,86
sniffing,81326,81321,81326,5
walking,81399,81326,81399,73
trotting,81433,81399,81433,34
sniffing,81447,81433,81447,14
rising,81455,81447,81455,8
rearing,81505,81455,81505,50
climbing,81537,81505,81537,32
grooming,81538,81537,81538,1
sniffing,81738,81538,81738,200
rising,81743,81738,81743,5
climbing,81775,81743,81775,32
stepping,81838,81775,81838,63
sniffing,82029,81838,82029,191
walking,82102,82029,82102,73
stepping,82129,82102,82129,27
hunching,82176,82129,82176,47
stepping,82187,82176,82187,11
grooming,82188,82187,82188,1
sniffing,82315,82188,82315,127
stepping,82330,82315,82330,15
walking,82425,82330,82425,95
sniffing,82454,82425,82454,29
rearing,82521,82454,82521,67
grooming,82713,82521,82713,192
rearing,82714,82713,82714,1
grooming,82868,82714,82868,154
walking,82909,82868,82909,41
sniffing,83100,82909,83100,191
walking,83156,83100,83156,56
running,83167,83156,83167,11
stepping,83181,83167,83181,14
climbing,83238,83181,83238,57
walking,83323,83238,83323,85
climbing,83355,83323,83355,32
left_turning,83375,83355,83375,20
walking,83439,83375,83439,64
trotting,83450,83439,83450,11
stepping,83525,83450,83525,75
rearing,83526,83525,83526,1
climbing,83527,83526,83527,1
left_turning,83592,83527,83592,65
sniffing,83647,83592,83647,55
grooming,83648,83647,83648,1
sniffing,83748,83648,83748,100
stepping,83820,83748,83820,72
sniffing,84061,83820,84061,241
rising,84062,84061,84062,1
rearing,84152,84062,84152,90
grooming,84164,84152,84164,12
hunching,84221,84164,84221,57
grooming,84357,84221,84357,136
hunching,84418,84357,84418,61
grooming,84496,84418,84496,78
walking,84559,84496,84559,63
sniffing,84560,84559,84560,1
walking,84561,84560,84561,1
left_turning,84573,84561,84573,12
sniffing,84702,84573,84702,129
walking,84772,84702,84772,70
sniffing,84843,84772,84843,71
running,84869,84843,84869,26
right_turning,84920,84869,84920,51
walking,84921,84920,84921,1
trotting,84960,84921,84960,39
stepping,84994,84960,84994,34
sniffing,85050,84994,85050,56
rising,85082,85050,85082,32
sniffing,85135,85082,85135,53
rearing,85211,85135,85211,76
left_turning,85271,85211,85271,60
walking,85279,85271,85279,8
sniffing,85320,85279,85320,41
walking,85360,85320,85360,40
trotting,85391,85360,85391,31
sniffing,85392,85391,85392,1
right_turning,85425,85392,85425,33
walking,85479,85425,85479,54
running,85486,85479,85486,7
sniffing,85591,85486,85591,105
stepping,85620,85591,85620,29
walking,85696,85620,85696,76
sniffing,85697,85696,85697,1
stepping,85731,85697,85731,34
sniffing,86086,85731,86086,355
walking,86087,86086,86087,1
stepping,86141,86087,86141,54
walking,86142,86141,86142,1
stepping,86186,86142,86186,44
rising,86238,86186,86238,52
sniffing,86346,86238,86346,108
climbing,86377,86346,86377,31
walking,86396,86377,86396,19
stepping,86448,86396,86448,52
sniffing,86504,86448,86504,56
walking,86518,86504,86518,14
stepping,86591,86518,86591,73
climbing,86674,86591,86674,83
grooming,86675,86674,86675,1
rising,86736,86675,86736,61
grooming,86737,86736,86737,1
hunching,86758,86737,86758,21
rising,86822,86758,86822,64
climbing,86823,86822,86823,1
grooming,86863,86823,86863,40
walking,86864,86863,86864,1
stepping,86907,86864,86907,43
right_turning,86944,86907,86944,37
stepping,87000,86944,87000,56
sniffing,87001,87000,87001,1
climbing,87025,87001,87025,24
right_turning,87060,87025,87060,35
grooming,87302,87060,87302,242
trotting,87331,87302,87331,29
sniffing,87332,87331,87332,1
walking,87399,87332,87399,67
climbing,87499,87399,87499,100
grooming,87914,87499,87914,415
walking,87915,87914,87915,1
sniffing,87993,87915,87993,78
rearing,87998,87993,87998,5
climbing,88063,87998,88063,65
right_turning,88113,88063,88113,50
walking,88172,88113,88172,59
sniffing,88173,88172,88173,1
grooming,88507,88173,88507,334
stepping,88553,88507,88553,46
sniffing,88713,88553,88713,160
rising,88758,88713,88758,45
grooming,88759,88758,88759,1
climbing,88941,88759,88941,182
left_turning,88972,88941,88972,31
walking,88988,88972,88988,16
sniffing,89051,88988,89051,63
rising,89102,89051,89102,51
sniffing,89229,89102,89229,127
walking,89268,89229,89268,39
right_turning,89284,89268,89284,16
sniffing,89289,89284,89289,5
stepping,89299,89289,89299,10
sniffing,89377,89299,89377,78
grooming,89594,89377,89594,217
left_turning,89595,89594,89595,1
climbing,89681,89595,89681,86
rearing,89718,89681,89718,37
climbing,89742,89718,89742,24
grooming,89935,89742,89935,193
rearing,89936,89935,89936,1
stepping,89947,89936,89947,11
climbing,89948,89947,89948,1
rising,90021,89948,90021,73
stepping,90064,90021,90064,43
walking,90073,90064,90073,9
left_turning,90086,90073,90086,13
walking,90120,90086,90120,34
stepping,90124,90120,90124,4
left_turning,90194,90124,90194,70
walking,90219,90194,90219,25
stepping,90232,90219,90232,13
running,90272,90232,90272,40
climbing,90331,90272,90331,59
rearing,90393,90331,90393,62
walking,90439,90393,90439,46
sniffing,90469,90439,90469,30
stepping,90497,90469,90497,28
sniffing,90498,90497,90498,1
left_turning,90516,90498,90516,18
rearing,90517,90516,90517,1
sniffing,90527,90517,90527,10
stepping,90595,90527,90595,68
rearing,90608,90595,90608,13
grooming,90948,90608,90948,340
walking,91014,90948,91014,66
stepping,91050,91014,91050,36
sniffing,91108,91050,91108,58
stepping,91210,91108,91210,102
walking,91311,91210,91311,101
stepping,91325,91311,91325,14
jumping,91507,91325,91507,182
walking,91568,91507,91568,61
sniffing,91579,91568,91579,11
stepping,91606,91579,91606,27
walking,91647,91606,91647,41
sniffing,91697,91647,91697,50
walking,91751,91697,91751,54
trotting,91768,91751,91768,17
walking,91831,91768,91831,63
sniffing,91927,91831,91927,96
stepping,91952,91927,91952,25
walking,92046,91952,92046,94
rising,92075,92046,92075,29
sniffing,92273,92075,92273,198
rising,92302,92273,92302,29
rearing,92343,92302,92343,41
stepping,92371,92343,92371,28
rearing,92405,92371,92405,34
stepping,92446,92405,92446,41
sniffing,92447,92446,92447,1
grooming,92626,92447,92626,179
climbing,92738,92626,92738,112
stepping,92745,92738,92745,7
sniffing,92852,92745,92852,107
right_turning,92853,92852,92853,1
walking,92905,92853,92905,52
trotting,92925,92905,92925,20
walking,92979,92925,92979,54
sniffing,93130,92979,93130,151
trotting,93155,93130,93155,25
stepping,93209,93155,93209,54
walking,93257,93209,93257,48
sniffing,93315,93257,93315,58
stepping,93342,93315,93342,27
grooming,93598,93342,93598,256
scratching,93599,93598,93599,1
grooming,94033,93599,94033,434
left_turning,94082,94033,94082,49
sniffing,94099,94082,94099,17
walking,94197,94099,94197,98
sniffing,94326,94197,94326,129
scratching,94327,94326,94327,1
left_turning,94372,94327,94372,45
stepping,94397,94372,94397,25
sniffing,94398,94397,94398,1
grooming,94496,94398,94496,98
stepping,94533,94496,94533,37
sniffing,94583,94533,94583,50
stepping,94621,94583,94621,38
climbing,94718,94621,94718,97
walking,94786,94718,94786,68
stepping,94800,94786,94800,14
walking,94846,94800,94846,46
left_turning,94873,94846,94873,27
walking,94883,94873,94883,10
sniffing,94918,94883,94918,35
walking,94919,94918,94919,1
sniffing,94991,94919,94991,72
walking,94994,94991,94994,3
stepping,95023,94994,95023,29
rising,95104,95023,95104,81
right_turning,95106,95104,95106,2
rising,95107,95106,95107,1
grooming,96184,95107,96184,1077
rearing,96232,96184,96232,48
grooming,96358,96232,96358,126
sniffing,96616,96358,96616,258
rising,96736,96616,96736,120
left_turning,96737,96736,96737,1
rising,96738,96737,96738,1
grooming,97155,96738,97155,417
sniffing,97231,97155,97231,76
stepping,97294,97231,97294,63
sniffing,97349,97294,97349,55
rising,97371,97349,97371,22
grooming,97708,97371,97708,337
sniffing,97760,97708,97760,52
scratching,97761,97760,97761,1
sniffing,97867,97761,97867,106
right_turning,97921,97867,97921,54
walking,97986,97921,97986,65
sniffing,98189,97986,98189,203
walking,98253,98189,98253,64
sniffing,98298,98253,98298,45
grooming,98299,98298,98299,1
rearing,98430,98299,98430,131
grooming,98431,98430,98431,1
rising,98436,98431,98436,5
rearing,98551,98436,98551,115
grooming,98552,98551,98552,1
scratching,98553,98552,98553,1
grooming,98866,98553,98866,313
rising,98924,98866,98924,58
climbing,99019,98924,99019,95
grooming,99020,99019,99020,1
climbing,99021,99020,99021,1
grooming,99105,99021,99105,84
stepping,99164,99105,99164,59
sniffing,99168,99164,99168,4
stepping,99183,99168,99183,15
sniffing,99333,99183,99333,150
rising,99375,99333,99375,42
rearing,99376,99375,99376,1
stepping,99377,99376,99377,1
climbing,99427,99377,99427,50
walking,99428,99427,99428,1
trotting,99490,99428,99490,62
walking,99543,99490,99543,53
sniffing,99625,99543,99625,82
rearing,99723,99625,99723,98
grooming,99920,99723,99920,197
sniffing,100075,99920,100075,155
stepping,100076,100075,100076,1
rearing,100180,100076,100180,104
grooming,101158,100180,101158,978
right_turning,101175,101158,101175,17
stepping,101199,101175,101199,24
sniffing,101262,101199,101262,63
walking,101271,101262,101271,9
rising,101280,101271,101280,9
sniffing,101388,101280,101388,108
right_turning,101400,101388,101400,12
sniffing,101593,101400,101593,193
stepping,101637,101593,101637,44
sniffing,101638,101637,101638,1
left_turning,101715,101638,101715,77
sniffing,101746,101715,101746,31
left_turning,101785,101746,101785,39
grooming,102155,101785,102155,370
hunching,102156,102155,102156,1
rearing,102186,102156,102186,30
grooming,102341,102186,102341,155
walking,102392,102341,102392,51
climbing,102541,102392,102541,149
rearing,102729,102541,102729,188
climbing,102745,102729,102745,16
left_turning,102774,102745,102774,29
rearing,102835,102774,102835,61
grooming,103289,102835,103289,454
rearing,103305,103289,103305,16
rising,103371,103305,103371,66
grooming,103399,103371,103399,28
rearing,103419,103399,103419,20
hunching,103420,103419,103420,1
grooming,103421,103420,103421,1
stepping,103442,103421,103442,21
rearing,103453,103442,103453,11
sniffing,103654,103453,103654,201
stepping,103716,103654,103716,62
walking,103762,103716,103762,46
sniffing,103877,103762,103877,115
walking,103931,103877,103931,54
grooming,104021,103931,104021,90
stepping,104022,104021,104022,1
sniffing,104151,104022,104151,129
left_turning,104217,104151,104217,66
rearing,104485,104217,104485,268
grooming,104486,104485,104486,1
scratching,104487,104486,104487,1
grooming,104591,104487,104591,104
hunching,104607,104591,104607,16
grooming,104684,104607,104684,77
rearing,104748,104684,104748,64
stepping,104750,104748,104750,2
sniffing,104753,104750,104753,3
grooming,104754,104753,104754,1
sniffing,104955,104754,104955,201
walking,105001,104955,105001,46
stepping,105049,105001,105049,48
climbing,105135,105049,105135,86
stepping,105154,105135,105154,19
rising,105165,105154,105165,11
walking,105192,105165,105192,27
sniffing,105224,105192,105224,32
rising,105288,105224,105288,64
walking,105333,105288,105333,45
climbing,105334,105333,105334,1
walking,105426,105334,105426,92
sniffing,105546,105426,105546,120
stepping,105596,105546,105596,50
sniffing,105597,105596,105597,1
walking,105647,105597,105647,50
stepping,105730,105647,105730,83
sniffing,105731,105730,105731,1
walking,105844,105731,105844,113
stepping,105878,105844,105878,34
grooming,105977,105878,105977,99
stepping,106038,105977,106038,61
sniffing,106242,106038,106242,204
climbing,106407,106242,106407,165
grooming,106541,106407,106541,134
sniffing,106588,106541,106588,47
climbing,106593,106588,106593,5
walking,106686,106593,106686,93
running,106703,106686,106703,17
walking,106704,106703,106704,1
sniffing,106759,106704,106759,55
running,106802,106759,106802,43
stepping,106834,106802,106834,32
sniffing,106886,106834,106886,52
walking,106944,106886,106944,58
sniffing,106958,106944,106958,14
grooming,107335,106958,107335,377
rearing,107347,107335,107347,12
grooming,107494,107347,107494,147
climbing,107495,107494,107495,1
trotting,107534,107495,107534,39
rising,107631,107534,107631,97
grooming,107655,107631,107655,24
sniffing,107895,107655,107895,240
left_turning,107962,107895,107962,67
running,107995,107962,107995,33
sniffing,108000,107995,108000,5
