revised_movement_label,segBoundary,segBoundary_start,segBoundary_end,length
sniffing,3,0,3,3
right_turning,22,3,22,19
trotting,69,22,69,47
sniffing,99,69,99,30
stepping,121,99,121,22
walking,196,121,196,75
sniffing,197,196,197,1
left_turning,221,197,221,24
stepping,294,221,294,73
trotting,355,294,355,61
sniffing,519,355,519,164
rising,537,519,537,18
rearing,618,537,618,81
left_turning,742,618,742,124
grooming,889,742,889,147
left_turning,890,889,890,1
trotting,916,890,916,26
grooming,917,916,917,1
sniffing,918,917,918,1
walking,927,918,927,9
sniffing,958,927,958,31
rearing,1044,958,1044,86
left_turning,1118,1044,1118,74
sniffing,1168,1118,1168,50
trotting,1225,1168,1225,57
stepping,1267,1225,1267,42
trotting,1287,1267,1287,20
sniffing,1288,1287,1288,1
walking,1304,1288,1304,16
stepping,1328,1304,1328,24
walking,1424,1328,1424,96
sniffing,1543,1424,1543,119
right_turning,1598,1543,1598,55
running,1608,1598,1608,10
trotting,1650,1608,1650,42
walking,1658,1650,1658,8
sniffing,1659,1658,1659,1
walking,1744,1659,1744,85
grooming,1745,1744,1745,1
sniffing,1791,1745,1791,46
rising,1829,1791,1829,38
climbing,1957,1829,1957,128
rearing,2098,1957,2098,141
left_turning,2137,2098,2137,39
rising,2221,2137,2221,84
left_turning,2236,2221,2236,15
sniffing,2237,2236,2237,1
right_turning,2273,2237,2273,36
stepping,2274,2273,2274,1
rising,2322,2274,2322,48
left_turning,2362,2322,2362,40
rising,2363,2362,2363,1
right_turning,2384,2363,2384,21
walking,2426,2384,2426,42
trotting,2482,2426,2482,56
walking,2564,2482,2564,82
trotting,2616,2564,2616,52
walking,2637,2616,2637,21
stepping,2698,2637,2698,61
rising,2754,2698,2754,56
grooming,2777,2754,2777,23
sniffing,2778,2777,2778,1
rising,2803,2778,2803,25
sniffing,2885,2803,2885,82
grooming,2886,2885,2886,1
hunching,2902,2886,2902,16
rearing,2962,2902,2962,60
climbing,2966,2962,2966,4
grooming,3078,2966,3078,112
right_turning,3124,3078,3124,46
stepping,3141,3124,3141,17
rising,3205,3141,3205,64
stepping,3211,3205,3211,6
walking,3267,3211,3267,56
sniffing,3358,3267,3358,91
stepping,3386,3358,3386,28
rising,3456,3386,3456,70
left_turning,3465,3456,3465,9
sniffing,3466,3465,3466,1
grooming,3548,3466,3548,82
left_turning,3578,3548,3578,30
rising,3579,3578,3579,1
left_turning,3629,3579,3629,50
rising,3630,3629,3630,1
walking,3631,3630,3631,1
sniffing,3695,3631,3695,64
rising,3696,3695,3696,1
sniffing,3891,3696,3891,195
scratching,3892,3891,3892,1
sniffing,3969,3892,3969,77
rearing,3994,3969,3994,25
grooming,4015,3994,4015,21
sniffing,4030,4015,4030,15
stepping,4054,4030,4054,24
rising,4057,4054,4057,3
running,4098,4057,4098,41
trotting,4138,4098,4138,40
sniffing,4204,4138,4204,66
walking,4282,4204,4282,78
rising,4315,4282,4315,33
sniffing,4316,4315,4316,1
grooming,4329,4316,4329,13
scratching,4330,4329,4330,1
grooming,4400,4330,4400,70
hunching,4439,4400,4439,39
grooming,4552,4439,4552,113
left_turning,4570,4552,4570,18
walking,4687,4570,4687,117
running,4705,4687,4705,18
walking,4715,4705,4715,10
rising,4749,4715,4749,34
walking,4759,4749,4759,10
stepping,4788,4759,4788,29
left_turning,4855,4788,4855,67
grooming,5100,4855,5100,245
walking,5159,5100,5159,59
stepping,5228,5159,5228,69
walking,5314,5228,5314,86
left_turning,5329,5314,5329,15
grooming,5628,5329,5628,299
hunching,5673,5628,5673,45
grooming,5735,5673,5735,62
walking,5806,5735,5806,71
trotting,5837,5806,5837,31
rising,5838,5837,5838,1
stepping,5878,5838,5878,40
sniffing,5957,5878,5957,79
hunching,5968,5957,5968,11
grooming,5982,5968,5982,14
hunching,6004,5982,6004,22
grooming,6071,6004,6071,67
climbing,6124,6071,6124,53
rearing,6174,6124,6174,50
grooming,6220,6174,6220,46
stepping,6289,6220,6289,69
sniffing,6391,6289,6391,102
walking,6401,6391,6401,10
trotting,6470,6401,6470,69
running,6495,6470,6495,25
walking,6506,6495,6506,11
sniffing,6507,6506,6507,1
grooming,6548,6507,6548,41
rising,6603,6548,6603,55
trotting,6628,6603,6628,25
rising,6647,6628,6647,19
walking,6664,6647,6664,17
trotting,6722,6664,6722,58
stepping,6765,6722,6765,43
rising,6784,6765,6784,19
hunching,6805,6784,6805,21
rearing,6806,6805,6806,1
rising,6819,6806,6819,13
rearing,6878,6819,6878,59
sniffing,6931,6878,6931,53
stepping,6988,6931,6988,57
grooming,7085,6988,7085,97
rearing,7163,7085,7163,78
grooming,7164,7163,7164,1
left_turning,7175,7164,7175,11
trotting,7236,7175,7236,61
stepping,7263,7236,7263,27
rising,7279,7263,7279,16
left_turning,7307,7279,7307,28
sniffing,7350,7307,7350,43
stepping,7377,7350,7377,27
rising,7389,7377,7389,12
sniffing,7412,7389,7412,23
right_turning,7442,7412,7442,30
stepping,7489,7442,7489,47
rising,7519,7489,7519,30
sniffing,7524,7519,7524,5
rising,7546,7524,7546,22
hunching,7586,7546,7586,40
grooming,7826,7586,7826,240
left_turning,7848,7826,7848,22
walking,7904,7848,7904,56
left_turning,7958,7904,7958,54
stepping,7965,7958,7965,7
sniffing,8053,7965,8053,88
rising,8098,8053,8098,45
running,8121,8098,8121,23
walking,8151,8121,8151,30
sniffing,8263,8151,8263,112
left_turning,8274,8263,8274,11
sniffing,8321,8274,8321,47
walking,8328,8321,8328,7
sniffing,8481,8328,8481,153
trotting,8553,8481,8553,72
walking,8570,8553,8570,17
rising,8612,8570,8612,42
trotting,8643,8612,8643,31
sniffing,8709,8643,8709,66
rising,8782,8709,8782,73
rearing,8786,8782,8786,4
right_turning,8808,8786,8808,22
walking,8875,8808,8875,67
sniffing,8937,8875,8937,62
left_turning,8967,8937,8967,30
grooming,9199,8967,9199,232
rising,9229,9199,9229,30
sniffing,9282,9229,9282,53
trotting,9283,9282,9283,1
sniffing,9345,9283,9345,62
hunching,9368,9345,9368,23
grooming,9733,9368,9733,365
hunching,9734,9733,9734,1
left_turning,9766,9734,9766,32
walking,9861,9766,9861,95
trotting,9923,9861,9923,62
sniffing,10001,9923,10001,78
rising,10043,10001,10043,42
grooming,10220,10043,10220,177
sniffing,10221,10220,10221,1
stepping,10237,10221,10237,16
trotting,10238,10237,10238,1
sniffing,10239,10238,10239,1
stepping,10314,10239,10314,75
sniffing,10384,10314,10384,70
grooming,10441,10384,10441,57
walking,10569,10441,10569,128
stepping,10613,10569,10613,44
walking,10627,10613,10627,14
right_turning,10671,10627,10671,44
walking,10698,10671,10698,27
right_turning,10724,10698,10724,26
walking,10777,10724,10777,53
sniffing,10778,10777,10778,1
rising,10823,10778,10823,45
rearing,10876,10823,10876,53
sniffing,10905,10876,10905,29
grooming,11292,10905,11292,387
hunching,11293,11292,11293,1
rising,11341,11293,11341,48
grooming,11490,11341,11490,149
rising,11539,11490,11539,49
walking,11586,11539,11586,47
stepping,11665,11586,11665,79
right_turning,11675,11665,11675,10
walking,11734,11675,11734,59
sniffing,11735,11734,11735,1
grooming,11736,11735,11736,1
stepping,11783,11736,11783,47
sniffing,11787,11783,11787,4
grooming,11788,11787,11788,1
left_turning,11812,11788,11812,24
rising,11853,11812,11853,41
grooming,11889,11853,11889,36
climbing,12049,11889,12049,160
rearing,12098,12049,12098,49
hunching,12099,12098,12099,1
rearing,12153,12099,12153,54
grooming,12173,12153,12173,20
rearing,12174,12173,12174,1
hunching,12215,12174,12215,41
grooming,12535,12215,12535,320
sniffing,12628,12535,12628,93
stepping,12640,12628,12640,12
sniffing,12641,12640,12641,1
rising,12708,12641,12708,67
rearing,12709,12708,12709,1
rising,12731,12709,12731,22
sniffing,12841,12731,12841,110
right_turning,12874,12841,12874,33
walking,12935,12874,12935,61
sniffing,13007,12935,13007,72
left_turning,13069,13007,13069,62
sniffing,13086,13069,13086,17
rearing,13087,13086,13087,1
left_turning,13091,13087,13091,4
walking,13120,13091,13120,29
sniffing,13184,13120,13184,64
left_turning,13228,13184,13228,44
stepping,13283,13228,13283,55
left_turning,13320,13283,13320,37
trotting,13379,13320,13379,59
rising,13426,13379,13426,47
rearing,13488,13426,13488,62
climbing,13529,13488,13529,41
rising,13584,13529,13584,55
grooming,13696,13584,13696,112
scratching,13697,13696,13697,1
sniffing,13698,13697,13698,1
trotting,13743,13698,13743,45
rising,13788,13743,13788,45
grooming,13854,13788,13854,66
hunching,13889,13854,13889,35
rising,13903,13889,13903,14
grooming,13941,13903,13941,38
trotting,13971,13941,13971,30
running,14015,13971,14015,44
trotting,14030,14015,14030,15
sniffing,14065,14030,14065,35
stepping,14136,14065,14136,71
sniffing,14281,14136,14281,145
stepping,14319,14281,14319,38
rising,14378,14319,14378,59
sniffing,14434,14378,14434,56
walking,14456,14434,14456,22
trotting,14457,14456,14457,1
rising,14458,14457,14458,1
sniffing,14513,14458,14513,55
grooming,14514,14513,14514,1
right_turning,14515,14514,14515,1
sniffing,14516,14515,14516,1
stepping,14556,14516,14556,40
sniffing,14574,14556,14574,18
rising,14617,14574,14617,43
sniffing,14666,14617,14666,49
walking,14878,14666,14878,212
left_turning,14923,14878,14923,45
running,14942,14923,14942,19
trotting,14994,14942,14994,52
running,15031,14994,15031,37
rising,15057,15031,15057,26
climbing,15080,15057,15080,23
rearing,15122,15080,15122,42
hunching,15170,15122,15170,48
rearing,15171,15170,15171,1
grooming,15338,15171,15338,167
rearing,15389,15338,15389,51
grooming,15636,15389,15636,247
running,15653,15636,15653,17
walking,15686,15653,15686,33
sniffing,15766,15686,15766,80
left_turning,15804,15766,15804,38
walking,15860,15804,15860,56
rearing,15891,15860,15891,31
hunching,15941,15891,15941,50
grooming,15942,15941,15942,1
walking,15943,15942,15943,1
stepping,15998,15943,15998,55
sniffing,16062,15998,16062,64
climbing,16127,16062,16127,65
rising,16155,16127,16155,28
walking,16320,16155,16320,165
right_turning,16357,16320,16357,37
trotting,16387,16357,16387,30
sniffing,16412,16387,16412,25
climbing,16455,16412,16455,43
grooming,16456,16455,16456,1
climbing,16460,16456,16460,4
left_turning,16475,16460,16475,15
stepping,16495,16475,16495,20
rearing,16540,16495,16540,45
hunching,16543,16540,16543,3
stepping,16579,16543,16579,36
grooming,16580,16579,16580,1
walking,16628,16580,16628,48
sniffing,16720,16628,16720,92
grooming,16721,16720,16721,1
sniffing,16722,16721,16722,1
walking,16787,16722,16787,65
stepping,16833,16787,16833,46
running,16859,16833,16859,26
sniffing,16939,16859,16939,80
rearing,17000,16939,17000,61
left_turning,17018,17000,17018,18
walking,17055,17018,17055,37
trotting,17071,17055,17071,16
stepping,17103,17071,17103,32
walking,17106,17103,17106,3
trotting,17111,17106,17111,5
walking,17112,17111,17112,1
stepping,17147,17112,17147,35
grooming,17212,17147,17212,65
left_turning,17222,17212,17222,10
sniffing,17280,17222,17280,58
rising,17344,17280,17344,64
grooming,17353,17344,17353,9
walking,17404,17353,17404,51
running,17434,17404,17434,30
trotting,17503,17434,17503,69
left_turning,17504,17503,17504,1
trotting,17540,17504,17540,36
sniffing,17572,17540,17572,32
grooming,17658,17572,17658,86
walking,17733,17658,17733,75
left_turning,17826,17733,17826,93
walking,17827,17826,17827,1
rising,17884,17827,17884,57
rearing,17958,17884,17958,74
rising,17965,17958,17965,7
grooming,18030,17965,18030,65
walking,18072,18030,18072,42
rising,18073,18072,18073,1
rearing,18157,18073,18157,84
climbing,18205,18157,18205,48
left_turning,18210,18205,18210,5
grooming,18442,18210,18442,232
left_turning,18509,18442,18509,67
walking,18587,18509,18587,78
trotting,18616,18587,18616,29
sniffing,18617,18616,18617,1
walking,18743,18617,18743,126
stepping,18744,18743,18744,1
sniffing,18858,18744,18858,114
stepping,18882,18858,18882,24
grooming,18883,18882,18883,1
climbing,18902,18883,18902,19
grooming,18980,18902,18980,78
rising,19015,18980,19015,35
rearing,19016,19015,19016,1
trotting,19072,19016,19072,56
walking,19104,19072,19104,32
sniffing,19180,19104,19180,76
stepping,19218,19180,19218,38
rising,19221,19218,19221,3
walking,19222,19221,19222,1
sniffing,19264,19222,19264,42
grooming,19483,19264,19483,219
sniffing,19484,19483,19484,1
rising,19556,19484,19556,72
grooming,19557,19556,19557,1
sniffing,19612,19557,19612,55
right_turning,19656,19612,19656,44
stepping,19737,19656,19737,81
sniffing,19884,19737,19884,147
stepping,19915,19884,19915,31
sniffing,19959,19915,19959,44
stepping,19960,19959,19960,1
rearing,20005,19960,20005,45
grooming,20006,20005,20006,1
stepping,20033,20006,20033,27
walking,20178,20033,20178,145
sniffing,20179,20178,20179,1
left_turning,20205,20179,20205,26
stepping,20245,20205,20245,40
trotting,20250,20245,20250,5
stepping,20298,20250,20298,48
trotting,20330,20298,20330,32
running,20369,20330,20369,39
stepping,20482,20369,20482,113
grooming,20483,20482,20483,1
sniffing,20538,20483,20538,55
hunching,20591,20538,20591,53
rising,20592,20591,20592,1
walking,20646,20592,20646,54
stepping,20719,20646,20719,73
rising,20755,20719,20755,36
stepping,20782,20755,20782,27
grooming,21227,20782,21227,445
hunching,21242,21227,21242,15
rearing,21269,21242,21269,27
grooming,21286,21269,21286,17
climbing,21344,21286,21344,58
rising,21345,21344,21345,1
walking,21381,21345,21381,36
rearing,21464,21381,21464,83
rising,21469,21464,21469,5
right_turning,21500,21469,21500,31
sniffing,21585,21500,21585,85
climbing,21631,21585,21631,46
rearing,21650,21631,21650,19
rising,21657,21650,21657,7
climbing,21723,21657,21723,66
trotting,21737,21723,21737,14
grooming,21750,21737,21750,13
walking,21757,21750,21757,7
sniffing,21791,21757,21791,34
grooming,21921,21791,21921,130
right_turning,21956,21921,21956,35
stepping,21986,21956,21986,30
grooming,22033,21986,22033,47
sniffing,22101,22033,22101,68
stepping,22111,22101,22111,10
rising,22144,22111,22144,33
stepping,22226,22144,22226,82
sniffing,22290,22226,22290,64
grooming,22496,22290,22496,206
sniffing,22618,22496,22618,122
rising,22644,22618,22644,26
sniffing,22762,22644,22762,118
walking,22763,22762,22763,1
stepping,22806,22763,22806,43
sniffing,22919,22806,22919,113
grooming,22946,22919,22946,27
climbing,22980,22946,22980,34
right_turning,23002,22980,23002,22
sniffing,23058,23002,23058,56
rising,23059,23058,23059,1
left_turning,23061,23059,23061,2
sniffing,23230,23061,23230,169
stepping,23263,23230,23263,33
grooming,23264,23263,23264,1
left_turning,23330,23264,23330,66
sniffing,23331,23330,23331,1
left_turning,23365,23331,23365,34
walking,23409,23365,23409,44
trotting,23410,23409,23410,1
stepping,23468,23410,23468,58
sniffing,23546,23468,23546,78
grooming,23547,23546,23547,1
rising,23548,23547,23548,1
climbing,23621,23548,23621,73
stepping,23710,23621,23710,89
walking,23745,23710,23745,35
sniffing,23746,23745,23746,1
stepping,23792,23746,23792,46
left_turning,23825,23792,23825,33
sniffing,23826,23825,23826,1
walking,23868,23826,23868,42
grooming,23869,23868,23869,1
scratching,23870,23869,23870,1
grooming,23919,23870,23919,49
trotting,23971,23919,23971,52
stepping,23975,23971,23975,4
sniffing,24125,23975,24125,150
stepping,24144,24125,24144,19
sniffing,24326,24144,24326,182
rising,24362,24326,24362,36
sniffing,24489,24362,24489,127
rising,24553,24489,24553,64
sniffing,24587,24553,24587,34
stepping,24629,24587,24629,42
walking,24642,24629,24642,13
stepping,24691,24642,24691,49
grooming,24739,24691,24739,48
left_turning,24771,24739,24771,32
trotting,24810,24771,24810,39
sniffing,24811,24810,24811,1
rising,24833,24811,24833,22
walking,24890,24833,24890,57
sniffing,24900,24890,24900,10
rising,24950,24900,24950,50
climbing,25005,24950,25005,55
walking,25043,25005,25043,38
sniffing,25129,25043,25129,86
stepping,25130,25129,25130,1
sniffing,25311,25130,25311,181
stepping,25354,25311,25354,43
rising,25376,25354,25376,22
grooming,25377,25376,25377,1
right_turning,25394,25377,25394,17
trotting,25445,25394,25445,51
walking,25446,25445,25446,1
grooming,25479,25446,25479,33
walking,25520,25479,25520,41
sniffing,25636,25520,25636,116
stepping,25697,25636,25697,61
walking,25715,25697,25715,18
sniffing,25739,25715,25739,24
rising,25823,25739,25823,84
rearing,25853,25823,25853,30
sniffing,25926,25853,25926,73
walking,26036,25926,26036,110
stepping,26072,26036,26072,36
sniffing,26157,26072,26157,85
rising,26194,26157,26194,37
stepping,26234,26194,26234,40
rising,26244,26234,26244,10
grooming,26477,26244,26477,233
rising,26516,26477,26516,39
rearing,26523,26516,26523,7
stepping,26579,26523,26579,56
rising,26605,26579,26605,26
grooming,26668,26605,26668,63
sniffing,26766,26668,26766,98
grooming,27665,26766,27665,899
right_turning,27686,27665,27686,21
stepping,27726,27686,27726,40
running,27745,27726,27745,19
rearing,27782,27745,27782,37
grooming,27922,27782,27922,140
rising,27968,27922,27968,46
rearing,27969,27968,27969,1
hunching,27971,27969,27971,2
right_turning,28017,27971,28017,46
rising,28085,28017,28085,68
hunching,28093,28085,28093,8
rearing,28166,28093,28166,73
climbing,28203,28166,28203,37
rearing,28344,28203,28344,141
climbing,28434,28344,28434,90
rising,28459,28434,28459,25
walking,28498,28459,28498,39
stepping,28502,28498,28502,4
walking,28576,28502,28576,74
trotting,28613,28576,28613,37
sniffing,28731,28613,28731,118
grooming,28732,28731,28732,1
rearing,28793,28732,28793,61
grooming,28927,28793,28927,134
trotting,28976,28927,28976,49
climbing,28977,28976,28977,1
left_turning,29048,28977,29048,71
running,29074,29048,29074,26
walking,29120,29074,29120,46
left_turning,29174,29120,29174,54
rising,29216,29174,29216,42
grooming,29260,29216,29260,44
hunching,29296,29260,29296,36
grooming,29399,29296,29399,103
sniffing,29453,29399,29453,54
trotting,29477,29453,29477,24
sniffing,29571,29477,29571,94
grooming,29780,29571,29780,209
right_turning,29788,29780,29788,8
sniffing,29847,29788,29847,59
rearing,29848,29847,29848,1
grooming,29947,29848,29947,99
sniffing,30093,29947,30093,146
stepping,30141,30093,30141,48
left_turning,30173,30141,30173,32
walking,30227,30173,30227,54
grooming,30426,30227,30426,199
walking,30478,30426,30478,52
trotting,30492,30478,30492,14
sniffing,30575,30492,30575,83
grooming,30576,30575,30576,1
hunching,30672,30576,30672,96
grooming,30855,30672,30855,183
hunching,30941,30855,30941,86
trotting,30955,30941,30955,14
running,31008,30955,31008,53
grooming,31091,31008,31091,83
sniffing,31276,31091,31276,185
right_turning,31277,31276,31277,1
stepping,31298,31277,31298,21
grooming,31335,31298,31335,37
hunching,31336,31335,31336,1
grooming,31623,31336,31623,287
sniffing,31675,31623,31675,52
walking,31727,31675,31727,52
rising,31762,31727,31762,35
climbing,31790,31762,31790,28
trotting,31816,31790,31816,26
left_turning,31853,31816,31853,37
walking,31908,31853,31908,55
sniffing,31983,31908,31983,75
stepping,32005,31983,32005,22
sniffing,32173,32005,32173,168
stepping,32179,32173,32179,6
sniffing,32240,32179,32240,61
stepping,32258,32240,32258,18
sniffing,32291,32258,32291,33
stepping,32355,32291,32355,64
climbing,32438,32355,32438,83
sniffing,32478,32438,32478,40
right_turning,32479,32478,32479,1
walking,32548,32479,32548,69
grooming,32666,32548,32666,118
sniffing,32728,32666,32728,62
grooming,32822,32728,32822,94
trotting,32849,32822,32849,27
sniffing,32850,32849,32850,1
stepping,32863,32850,32863,13
trotting,32898,32863,32898,35
sniffing,32954,32898,32954,56
rising,32955,32954,32955,1
climbing,32980,32955,32980,25
running,32981,32980,32981,1
trotting,33004,32981,33004,23
sniffing,33048,33004,33048,44
climbing,33079,33048,33079,31
grooming,33115,33079,33115,36
trotting,33116,33115,33116,1
walking,33163,33116,33163,47
left_turning,33224,33163,33224,61
grooming,33395,33224,33395,171
rising,33417,33395,33417,22
climbing,33458,33417,33458,41
stepping,33494,33458,33494,36
sniffing,33495,33494,33495,1
walking,33537,33495,33537,42
right_turning,33565,33537,33565,28
climbing,33648,33565,33648,83
left_turning,33763,33648,33763,115
running,33781,33763,33781,18
sniffing,33873,33781,33873,92
rising,33897,33873,33897,24
rearing,33929,33897,33929,32
trotting,34003,33929,34003,74
stepping,34029,34003,34029,26
left_turning,34075,34029,34075,46
stepping,34113,34075,34113,38
left_turning,34127,34113,34127,14
trotting,34155,34127,34155,28
rising,34200,34155,34200,45
sniffing,34201,34200,34201,1
stepping,34202,34201,34202,1
sniffing,34237,34202,34237,35
grooming,34284,34237,34284,47
walking,34326,34284,34326,42
right_turning,34363,34326,34363,37
sniffing,34404,34363,34404,41
grooming,34457,34404,34457,53
walking,34503,34457,34503,46
sniffing,34528,34503,34528,25
walking,34618,34528,34618,90
sniffing,34678,34618,34678,60
walking,34679,34678,34679,1
rising,34717,34679,34717,38
hunching,34718,34717,34718,1
rearing,34832,34718,34832,114
hunching,34895,34832,34895,63
left_turning,34913,34895,34913,18
sniffing,35008,34913,35008,95
right_turning,35048,35008,35048,40
rising,35084,35048,35084,36
rearing,35212,35084,35212,128
hunching,35263,35212,35263,51
grooming,35468,35263,35468,205
sniffing,35784,35468,35784,316
walking,35817,35784,35817,33
rearing,35912,35817,35912,95
grooming,36026,35912,36026,114
rearing,36120,36026,36120,94
grooming,36365,36120,36365,245
trotting,36366,36365,36366,1
stepping,36409,36366,36409,43
sniffing,36470,36409,36470,61
grooming,36575,36470,36575,105
rising,36580,36575,36580,5
climbing,36581,36580,36581,1
walking,36639,36581,36639,58
sniffing,36733,36639,36733,94
grooming,36869,36733,36869,136
sniffing,36940,36869,36940,71
walking,37002,36940,37002,62
running,37008,37002,37008,6
right_turning,37009,37008,37009,1
walking,37053,37009,37053,44
rising,37090,37053,37090,37
climbing,37091,37090,37091,1
trotting,37130,37091,37130,39
sniffing,37223,37130,37223,93
climbing,37282,37223,37282,59
rearing,37283,37282,37283,1
sniffing,37315,37283,37315,32
walking,37356,37315,37356,41
rearing,37549,37356,37549,193
climbing,37635,37549,37635,86
left_turning,37715,37635,37715,80
climbing,37750,37715,37750,35
running,37797,37750,37797,47
rearing,37835,37797,37835,38
grooming,37852,37835,37852,17
hunching,37853,37852,37853,1
grooming,38323,37853,38323,470
walking,38363,38323,38363,40
sniffing,38437,38363,38437,74
left_turning,38469,38437,38469,32
sniffing,38470,38469,38470,1
walking,38534,38470,38534,64
stepping,38551,38534,38551,17
grooming,38586,38551,38586,35
sniffing,38684,38586,38684,98
left_turning,38685,38684,38685,1
walking,38686,38685,38686,1
stepping,38735,38686,38735,49
sniffing,38744,38735,38744,9
stepping,38768,38744,38768,24
walking,38792,38768,38792,24
sniffing,38828,38792,38828,36
climbing,38829,38828,38829,1
sniffing,38965,38829,38965,136
grooming,39087,38965,39087,122
scratching,39088,39087,39088,1
grooming,39090,39088,39090,2
rising,39093,39090,39093,3
sniffing,39305,39093,39305,212
stepping,39306,39305,39306,1
sniffing,39422,39306,39422,116
walking,39455,39422,39455,33
stepping,39484,39455,39484,29
left_turning,39496,39484,39496,12
walking,39556,39496,39556,60
stepping,39587,39556,39587,31
sniffing,39623,39587,39623,36
stepping,39652,39623,39652,29
sniffing,39678,39652,39678,26
rising,39698,39678,39698,20
sniffing,39782,39698,39782,84
stepping,39832,39782,39832,50
sniffing,40090,39832,40090,258
left_turning,40116,40090,40116,26
sniffing,40117,40116,40117,1
stepping,40154,40117,40154,37
rising,40233,40154,40233,79
sniffing,40359,40233,40359,126
walking,40360,40359,40360,1
sniffing,40448,40360,40448,88
walking,40537,40448,40537,89
sniffing,40538,40537,40538,1
rising,40567,40538,40567,29
rearing,40571,40567,40571,4
sniffing,40876,40571,40876,305
grooming,40991,40876,40991,115
rearing,41042,40991,41042,51
sniffing,41143,41042,41143,101
grooming,41250,41143,41250,107
scratching,41251,41250,41251,1
sniffing,41286,41251,41286,35
grooming,41287,41286,41287,1
rising,41288,41287,41288,1
walking,41289,41288,41289,1
stepping,41341,41289,41341,52
climbing,41358,41341,41358,17
sniffing,41402,41358,41402,44
trotting,41437,41402,41437,35
sniffing,41573,41437,41573,136
walking,41574,41573,41574,1
sniffing,41610,41574,41610,36
stepping,41694,41610,41694,84
sniffing,41729,41694,41729,35
stepping,41773,41729,41773,44
sniffing,41774,41773,41774,1
stepping,41815,41774,41815,41
trotting,41891,41815,41891,76
rising,41892,41891,41892,1
stepping,41921,41892,41921,29
walking,42018,41921,42018,97
sniffing,42019,42018,42019,1
walking,42104,42019,42104,85
sniffing,42150,42104,42150,46
hunching,42297,42150,42297,147
trotting,42335,42297,42335,38
sniffing,42336,42335,42336,1
grooming,42573,42336,42573,237
walking,42624,42573,42624,51
sniffing,42625,42624,42625,1
grooming,42725,42625,42725,100
rising,42782,42725,42782,57
grooming,42819,42782,42819,37
walking,42832,42819,42832,13
right_turning,42872,42832,42872,40
trotting,42903,42872,42903,31
walking,42906,42903,42906,3
sniffing,42907,42906,42907,1
rising,42908,42907,42908,1
climbing,42918,42908,42918,10
walking,42937,42918,42937,19
right_turning,42947,42937,42947,10
running,42965,42947,42965,18
walking,43013,42965,43013,48
sniffing,43123,43013,43123,110
rising,43175,43123,43175,52
climbing,43259,43175,43259,84
right_turning,43301,43259,43301,42
sniffing,43393,43301,43393,92
left_turning,43439,43393,43439,46
walking,43477,43439,43477,38
stepping,43478,43477,43478,1
walking,43569,43478,43569,91
sniffing,43590,43569,43590,21
climbing,43660,43590,43660,70
stepping,43691,43660,43691,31
climbing,43778,43691,43778,87
stepping,43820,43778,43820,42
running,43848,43820,43848,28
left_turning,43894,43848,43894,46
rising,43917,43894,43917,23
rearing,43930,43917,43930,13
stepping,43985,43930,43985,55
sniffing,44140,43985,44140,155
rising,44170,44140,44170,30
climbing,44190,44170,44190,20
left_turning,44253,44190,44253,63
climbing,44419,44253,44419,166
grooming,44760,44419,44760,341
walking,44775,44760,44775,15
sniffing,44805,44775,44805,30
rearing,44846,44805,44846,41
grooming,44982,44846,44982,136
right_turning,44983,44982,44983,1
walking,45040,44983,45040,57
climbing,45073,45040,45073,33
stepping,45074,45073,45074,1
sniffing,45075,45074,45075,1
climbing,45156,45075,45156,81
grooming,45249,45156,45249,93
sniffing,45317,45249,45317,68
grooming,45341,45317,45341,24
walking,45385,45341,45385,44
sniffing,45491,45385,45491,106
climbing,45506,45491,45506,15
grooming,45507,45506,45507,1
hunching,45508,45507,45508,1
grooming,45509,45508,45509,1
rising,45562,45509,45562,53
trotting,45592,45562,45592,30
stepping,45640,45592,45640,48
sniffing,45731,45640,45731,91
running,45763,45731,45763,32
walking,45806,45763,45806,43
rearing,45815,45806,45815,9
grooming,46005,45815,46005,190
walking,46027,46005,46027,22
sniffing,46169,46027,46169,142
stepping,46206,46169,46206,37
climbing,46259,46206,46259,53
grooming,46467,46259,46467,208
rising,46470,46467,46470,3
climbing,46544,46470,46544,74
grooming,46545,46544,46545,1
sniffing,46546,46545,46546,1
walking,46598,46546,46598,52
right_turning,46621,46598,46621,23
sniffing,46653,46621,46653,32
hunching,46733,46653,46733,80
grooming,46902,46733,46902,169
rising,46970,46902,46970,68
rearing,46971,46970,46971,1
grooming,47122,46971,47122,151
rearing,47123,47122,47123,1
grooming,47124,47123,47124,1
sniffing,47273,47124,47273,149
right_turning,47274,47273,47274,1
scratching,47275,47274,47275,1
grooming,47305,47275,47305,30
hunching,47306,47305,47306,1
grooming,47343,47306,47343,37
rearing,47407,47343,47407,64
climbing,47423,47407,47423,16
rising,47483,47423,47483,60
sniffing,47484,47483,47484,1
stepping,47519,47484,47519,35
walking,47553,47519,47553,34
rising,47584,47553,47584,31
rearing,47628,47584,47628,44
hunching,47654,47628,47654,26
stepping,47697,47654,47697,43
sniffing,47895,47697,47895,198
stepping,47937,47895,47937,42
grooming,47964,47937,47964,27
rising,47974,47964,47974,10
sniffing,48068,47974,48068,94
walking,48071,48068,48071,3
trotting,48104,48071,48104,33
sniffing,48240,48104,48240,136
grooming,48306,48240,48306,66
hunching,48341,48306,48341,35
grooming,48409,48341,48409,68
hunching,48437,48409,48437,28
grooming,48623,48437,48623,186
rearing,48667,48623,48667,44
grooming,48668,48667,48668,1
walking,48689,48668,48689,21
rising,48753,48689,48753,64
climbing,48914,48753,48914,161
grooming,49008,48914,49008,94
hunching,49020,49008,49020,12
grooming,49057,49020,49057,37
rearing,49058,49057,49058,1
hunching,49059,49058,49059,1
grooming,49182,49059,49182,123
trotting,49208,49182,49208,26
sniffing,49343,49208,49343,135
walking,49404,49343,49404,61
scratching,49405,49404,49405,1
sniffing,49408,49405,49408,3
stepping,49440,49408,49440,32
climbing,49441,49440,49441,1
rising,49442,49441,49442,1
sniffing,49532,49442,49532,90
rising,49633,49532,49633,101
rearing,49634,49633,49634,1
climbing,49671,49634,49671,37
sniffing,49672,49671,49672,1
climbing,49746,49672,49746,74
left_turning,49798,49746,49798,52
hunching,49799,49798,49799,1
left_turning,49812,49799,49812,13
sniffing,49816,49812,49816,4
rising,49879,49816,49879,63
sniffing,50026,49879,50026,147
stepping,50077,50026,50077,51
rising,50103,50077,50103,26
climbing,50136,50103,50136,33
trotting,50142,50136,50142,6
rearing,50160,50142,50160,18
hunching,50161,50160,50161,1
grooming,50162,50161,50162,1
hunching,50231,50162,50231,69
grooming,50506,50231,50506,275
trotting,50555,50506,50555,49
climbing,50612,50555,50612,57
grooming,50870,50612,50870,258
left_turning,50914,50870,50914,44
sniffing,50984,50914,50984,70
left_turning,51076,50984,51076,92
sniffing,51136,51076,51136,60
rising,51214,51136,51214,78
grooming,51629,51214,51629,415
left_turning,51670,51629,51670,41
walking,51671,51670,51671,1
stepping,51731,51671,51731,60
right_turning,51744,51731,51744,13
trotting,51811,51744,51811,67
rearing,51866,51811,51866,55
grooming,51921,51866,51921,55
rising,51945,51921,51945,24
sniffing,51946,51945,51946,1
grooming,52103,51946,52103,157
hunching,52104,52103,52104,1
rearing,52205,52104,52205,101
grooming,52254,52205,52254,49
stepping,52293,52254,52293,39
walking,52303,52293,52303,10
stepping,52344,52303,52344,41
rising,52379,52344,52379,35
climbing,52484,52379,52484,105
rising,52540,52484,52540,56
climbing,52582,52540,52582,42
right_turning,52592,52582,52592,10
walking,52627,52592,52627,35
sniffing,52628,52627,52628,1
left_turning,52660,52628,52660,32
sniffing,52811,52660,52811,151
right_turning,52812,52811,52812,1
rising,52891,52812,52891,79
rearing,52982,52891,52982,91
grooming,53013,52982,53013,31
stepping,53014,53013,53014,1
walking,53131,53014,53131,117
stepping,53164,53131,53164,33
walking,53192,53164,53192,28
stepping,53193,53192,53193,1
rearing,53291,53193,53291,98
rising,53359,53291,53359,68
climbing,53464,53359,53464,105
rearing,53494,53464,53494,30
hunching,53546,53494,53546,52
left_turning,53568,53546,53568,22
walking,53620,53568,53620,52
sniffing,53621,53620,53621,1
walking,53702,53621,53702,81
sniffing,53767,53702,53767,65
trotting,53776,53767,53776,9
sniffing,53812,53776,53812,36
rising,53929,53812,53929,117
rearing,54036,53929,54036,107
left_turning,54069,54036,54069,33
sniffing,54133,54069,54133,64
grooming,54134,54133,54134,1
hunching,54135,54134,54135,1
rearing,54180,54135,54180,45
climbing,54325,54180,54325,145
walking,54380,54325,54380,55
stepping,54423,54380,54423,43
rising,54429,54423,54429,6
grooming,54430,54429,54430,1
hunching,54436,54430,54436,6
sniffing,54492,54436,54492,56
rearing,54493,54492,54493,1
sniffing,54543,54493,54543,50
climbing,54567,54543,54567,24
trotting,54586,54567,54586,19
walking,54635,54586,54635,49
running,54696,54635,54696,61
walking,54790,54696,54790,94
stepping,54795,54790,54795,5
sniffing,54829,54795,54829,34
left_turning,54860,54829,54860,31
sniffing,54910,54860,54910,50
trotting,54953,54910,54953,43
stepping,54954,54953,54954,1
sniffing,55009,54954,55009,55
stepping,55042,55009,55042,33
climbing,55108,55042,55108,66
running,55109,55108,55109,1
sniffing,55110,55109,55110,1
grooming,55111,55110,55111,1
walking,55160,55111,55160,49
stepping,55196,55160,55196,36
sniffing,55293,55196,55293,97
grooming,55857,55293,55857,564
trotting,55916,55857,55916,59
walking,55960,55916,55960,44
grooming,56767,55960,56767,807
walking,56777,56767,56777,10
sniffing,56778,56777,56778,1
trotting,56843,56778,56843,65
walking,56908,56843,56908,65
stepping,56909,56908,56909,1
walking,56910,56909,56910,1
sniffing,56974,56910,56974,64
walking,57052,56974,57052,78
trotting,57053,57052,57053,1
walking,57120,57053,57120,67
rising,57167,57120,57167,47
sniffing,57308,57167,57308,141
climbing,57327,57308,57327,19
walking,57403,57327,57403,76
stepping,57404,57403,57404,1
rearing,57422,57404,57422,18
climbing,57423,57422,57423,1
trotting,57436,57423,57436,13
stepping,57437,57436,57437,1
sniffing,57472,57437,57472,35
stepping,57492,57472,57492,20
sniffing,57534,57492,57534,42
walking,57543,57534,57543,9
running,57570,57543,57570,27
sniffing,57656,57570,57656,86
rising,57664,57656,57664,8
climbing,57699,57664,57699,35
left_turning,57721,57699,57721,22
sniffing,57722,57721,57722,1
rising,57763,57722,57763,41
right_turning,57764,57763,57764,1
sniffing,57802,57764,57802,38
stepping,57899,57802,57899,97
walking,57948,57899,57948,49
rearing,58083,57948,58083,135
grooming,58258,58083,58258,175
climbing,58259,58258,58259,1
running,58260,58259,58260,1
walking,58403,58260,58403,143
grooming,58404,58403,58404,1
sniffing,58405,58404,58405,1
walking,58458,58405,58458,53
rising,58462,58458,58462,4
left_turning,58463,58462,58463,1
walking,58470,58463,58470,7
trotting,58523,58470,58523,53
sniffing,58524,58523,58524,1
grooming,58696,58524,58696,172
rearing,58778,58696,58778,82
walking,58779,58778,58779,1
rearing,58781,58779,58781,2
hunching,58883,58781,58883,102
grooming,58982,58883,58982,99
rising,59115,58982,59115,133
climbing,59177,59115,59177,62
walking,59218,59177,59218,41
rising,59234,59218,59234,16
left_turning,59262,59234,59262,28
sniffing,59420,59262,59420,158
walking,59475,59420,59475,55
rising,59491,59475,59491,16
sniffing,59583,59491,59583,92
right_turning,59588,59583,59588,5
sniffing,59594,59588,59594,6
walking,59595,59594,59595,1
sniffing,59666,59595,59666,71
grooming,59728,59666,59728,62
sniffing,59779,59728,59779,51
rearing,59818,59779,59818,39
grooming,59819,59818,59819,1
trotting,59853,59819,59853,34
sniffing,59982,59853,59982,129
walking,59983,59982,59983,1
sniffing,59984,59983,59984,1
right_turning,60041,59984,60041,57
running,60062,60041,60062,21
stepping,60086,60062,60086,24
grooming,60335,60086,60335,249
stepping,60387,60335,60387,52
walking,60420,60387,60420,33
stepping,60438,60420,60438,18
walking,60466,60438,60466,28
sniffing,60580,60466,60580,114
rearing,60616,60580,60616,36
climbing,60668,60616,60668,52
left_turning,60669,60668,60669,1
grooming,60731,60669,60731,62
rearing,60776,60731,60776,45
climbing,60777,60776,60777,1
grooming,60792,60777,60792,15
sniffing,60852,60792,60852,60
trotting,60885,60852,60885,33
stepping,60916,60885,60916,31
walking,60917,60916,60917,1
sniffing,60933,60917,60933,16
rearing,60934,60933,60934,1
climbing,61054,60934,61054,120
sniffing,61127,61054,61127,73
stepping,61141,61127,61141,14
sniffing,61186,61141,61186,45
stepping,61226,61186,61226,40
grooming,61801,61226,61801,575
rearing,61858,61801,61858,57
climbing,61947,61858,61947,89
rising,61948,61947,61948,1
climbing,61991,61948,61991,43
running,62021,61991,62021,30
walking,62061,62021,62061,40
stepping,62101,62061,62101,40
grooming,62136,62101,62136,35
sniffing,62221,62136,62221,85
walking,62302,62221,62302,81
sniffing,62377,62302,62377,75
trotting,62406,62377,62406,29
stepping,62448,62406,62448,42
scratching,62449,62448,62449,1
sniffing,62450,62449,62450,1
left_turning,62506,62450,62506,56
walking,62522,62506,62522,16
right_turning,62533,62522,62533,11
running,62569,62533,62569,36
walking,62701,62569,62701,132
sniffing,62823,62701,62823,122
left_turning,62869,62823,62869,46
walking,62926,62869,62926,57
sniffing,63027,62926,63027,101
grooming,63112,63027,63112,85
walking,63113,63112,63113,1
rising,63114,63113,63114,1
climbing,63120,63114,63120,6
right_turning,63131,63120,63131,11
climbing,63218,63131,63218,87
walking,63247,63218,63247,29
trotting,63305,63247,63305,58
stepping,63317,63305,63317,12
rearing,63369,63317,63369,52
grooming,63663,63369,63663,294
rearing,63805,63663,63805,142
climbing,63863,63805,63863,58
walking,63872,63863,63872,9
running,63900,63872,63900,28
stepping,63970,63900,63970,70
rising,63973,63970,63973,3
hunching,64027,63973,64027,54
grooming,64225,64027,64225,198
running,64279,64225,64279,54
right_turning,64320,64279,64320,41
walking,64376,64320,64376,56
running,64406,64376,64406,30
walking,64439,64406,64439,33
sniffing,64661,64439,64661,222
grooming,64662,64661,64662,1
stepping,64753,64662,64753,91
sniffing,64754,64753,64754,1
stepping,64765,64754,64765,11
trotting,64837,64765,64837,72
rising,64855,64837,64855,18
walking,64930,64855,64930,75
rising,64931,64930,64931,1
sniffing,64961,64931,64961,30
stepping,65006,64961,65006,45
walking,65036,65006,65036,30
climbing,65092,65036,65092,56
trotting,65152,65092,65152,60
stepping,65185,65152,65185,33
sniffing,65228,65185,65228,43
trotting,65269,65228,65269,41
walking,65340,65269,65340,71
sniffing,65349,65340,65349,9
rising,65402,65349,65402,53
stepping,65434,65402,65434,32
climbing,65520,65434,65520,86
right_turning,65521,65520,65521,1
sniffing,65621,65521,65621,100
left_turning,65622,65621,65622,1
climbing,65623,65622,65623,1
right_turning,65624,65623,65624,1
sniffing,65710,65624,65710,86
grooming,66154,65710,66154,444
left_turning,66208,66154,66208,54
grooming,66222,66208,66222,14
scratching,66223,66222,66223,1
walking,66268,66223,66268,45
sniffing,66269,66268,66269,1
scratching,66270,66269,66270,1
sniffing,66271,66270,66271,1
rising,66325,66271,66325,54
rearing,66524,66325,66524,199
climbing,66610,66524,66610,86
walking,66649,66610,66649,39
stepping,66697,66649,66697,48
grooming,66778,66697,66778,81
scratching,66779,66778,66779,1
stepping,66795,66779,66795,16
rising,66829,66795,66829,34
climbing,66871,66829,66871,42
left_turning,66872,66871,66872,1
walking,66934,66872,66934,62
rising,66982,66934,66982,48
rearing,66983,66982,66983,1
grooming,67067,66983,67067,84
rising,67110,67067,67110,43
sniffing,67174,67110,67174,64
grooming,67175,67174,67175,1
rearing,67225,67175,67225,50
grooming,67827,67225,67827,602
rearing,67975,67827,67975,148
left_turning,67978,67975,67978,3
trotting,68003,67978,68003,25
right_turning,68061,68003,68061,58
sniffing,68177,68061,68177,116
rising,68202,68177,68202,25
sniffing,68270,68202,68270,68
stepping,68271,68270,68271,1
rising,68272,68271,68272,1
sniffing,68293,68272,68293,21
right_turning,68398,68293,68398,105
sniffing,68399,68398,68399,1
grooming,68400,68399,68400,1
sniffing,68456,68400,68456,56
right_turning,68489,68456,68489,33
walking,68490,68489,68490,1
sniffing,68593,68490,68593,103
trotting,68594,68593,68594,1
walking,68650,68594,68650,56
stepping,68703,68650,68703,53
sniffing,68777,68703,68777,74
grooming,68866,68777,68866,89
right_turning,68891,68866,68891,25
sniffing,68892,68891,68892,1
walking,68975,68892,68975,83
sniffing,69049,68975,69049,74
rising,69114,69049,69114,65
sniffing,69144,69114,69144,30
rising,69145,69144,69145,1
sniffing,69267,69145,69267,122
left_turning,69305,69267,69305,38
sniffing,69362,69305,69362,57
rising,69402,69362,69402,40
climbing,69437,69402,69437,35
walking,69510,69437,69510,73
sniffing,69607,69510,69607,97
walking,69608,69607,69608,1
rising,69689,69608,69689,81
rearing,69690,69689,69690,1
grooming,69788,69690,69788,98
hunching,69829,69788,69829,41
grooming,69830,69829,69830,1
rearing,69879,69830,69879,49
grooming,70085,69879,70085,206
sniffing,70192,70085,70192,107
rising,70193,70192,70193,1
climbing,70204,70193,70204,11
walking,70239,70204,70239,35
rising,70240,70239,70240,1
grooming,70411,70240,70411,171
hunching,70421,70411,70421,10
grooming,70598,70421,70598,177
rising,70599,70598,70599,1
climbing,70722,70599,70722,123
rearing,70733,70722,70733,11
climbing,70849,70733,70849,116
grooming,70850,70849,70850,1
rearing,70851,70850,70851,1
grooming,70852,70851,70852,1
climbing,70921,70852,70921,69
walking,70999,70921,70999,78
trotting,71011,70999,71011,12
climbing,71061,71011,71061,50
walking,71125,71061,71125,64
stepping,71230,71125,71230,105
grooming,71350,71230,71350,120
rearing,71412,71350,71412,62
climbing,71561,71412,71561,149
walking,71648,71561,71648,87
sniffing,71649,71648,71649,1
grooming,71663,71649,71663,14
hunching,71725,71663,71725,62
grooming,71726,71725,71726,1
rising,71774,71726,71774,48
stepping,71810,71774,71810,36
sniffing,71842,71810,71842,32
left_turning,71858,71842,71858,16
sniffing,71986,71858,71986,128
walking,72035,71986,72035,49
sniffing,72055,72035,72055,20
walking,72093,72055,72093,38
climbing,72119,72093,72119,26
stepping,72168,72119,72168,49
walking,72260,72168,72260,92
climbing,72306,72260,72306,46
walking,72344,72306,72344,38
sniffing,72413,72344,72413,69
stepping,72458,72413,72458,45
rising,72549,72458,72549,91
climbing,72648,72549,72648,99
jumping,72670,72648,72670,22
grooming,72671,72670,72671,1
hunching,72683,72671,72683,12
grooming,72684,72683,72684,1
rising,72757,72684,72757,73
sniffing,72854,72757,72854,97
rising,72876,72854,72876,22
rearing,72877,72876,72877,1
hunching,72878,72877,72878,1
grooming,72879,72878,72879,1
hunching,72911,72879,72911,32
climbing,72912,72911,72912,1
left_turning,72913,72912,72913,1
stepping,72943,72913,72943,30
sniffing,73047,72943,73047,104
scratching,73048,73047,73048,1
grooming,73049,73048,73049,1
sniffing,73106,73049,73106,57
rising,73210,73106,73210,104
hunching,73271,73210,73271,61
grooming,73472,73271,73472,201
left_turning,73491,73472,73491,19
walking,73507,73491,73507,16
stepping,73571,73507,73571,64
sniffing,73627,73571,73627,56
stepping,73657,73627,73657,30
walking,73680,73657,73680,23
sniffing,73681,73680,73681,1
grooming,73714,73681,73714,33
rearing,73761,73714,73761,47
grooming,73762,73761,73762,1
rearing,73878,73762,73878,116
climbing,73932,73878,73932,54
sniffing,74017,73932,74017,85
walking,74018,74017,74018,1
sniffing,74100,74018,74100,82
grooming,74358,74100,74358,258
rearing,74370,74358,74370,12
stepping,74414,74370,74414,44
left_turning,74464,74414,74464,50
sniffing,74465,74464,74465,1
left_turning,74536,74465,74536,71
trotting,74551,74536,74551,15
walking,74552,74551,74552,1
climbing,74553,74552,74553,1
rising,74597,74553,74597,44
right_turning,74615,74597,74615,18
sniffing,74667,74615,74667,52
grooming,74902,74667,74902,235
sniffing,74906,74902,74906,4
walking,74976,74906,74976,70
sniffing,75088,74976,75088,112
walking,75089,75088,75089,1
sniffing,75107,75089,75107,18
left_turning,75157,75107,75157,50
sniffing,75317,75157,75317,160
running,75340,75317,75340,23
trotting,75392,75340,75392,52
stepping,75413,75392,75413,21
walking,75448,75413,75448,35
stepping,75487,75448,75487,39
right_turning,75535,75487,75535,48
walking,75552,75535,75552,17
climbing,75603,75552,75603,51
stepping,75681,75603,75681,78
left_turning,75710,75681,75710,29
trotting,75738,75710,75738,28
sniffing,75770,75738,75770,32
hunching,75771,75770,75771,1
sniffing,75941,75771,75941,170
rising,75962,75941,75962,21
grooming,75963,75962,75963,1
hunching,75976,75963,75976,13
grooming,76279,75976,76279,303
hunching,76296,76279,76296,17
sniffing,76449,76296,76449,153
left_turning,76478,76449,76478,29
walking,76533,76478,76533,55
sniffing,76636,76533,76636,103
walking,76715,76636,76715,79
sniffing,76760,76715,76760,45
stepping,76794,76760,76794,34
walking,76795,76794,76795,1
grooming,77032,76795,77032,237
hunching,77061,77032,77061,29
grooming,77124,77061,77124,63
rearing,77164,77124,77164,40
grooming,77171,77164,77171,7
sniffing,77238,77171,77238,67
stepping,77274,77238,77274,36
sniffing,77362,77274,77362,88
left_turning,77394,77362,77394,32
stepping,77436,77394,77436,42
walking,77445,77436,77445,9
stepping,77497,77445,77497,52
sniffing,77571,77497,77571,74
left_turning,77582,77571,77582,11
sniffing,77583,77582,77583,1
stepping,77628,77583,77628,45
walking,77691,77628,77691,63
sniffing,77818,77691,77818,127
rising,77824,77818,77824,6
rearing,77825,77824,77825,1
grooming,77933,77825,77933,108
hunching,77989,77933,77989,56
rearing,78002,77989,78002,13
grooming,78003,78002,78003,1
sniffing,78004,78003,78004,1
stepping,78052,78004,78052,48
sniffing,78119,78052,78119,67
grooming,78120,78119,78120,1
stepping,78168,78120,78168,48
climbing,78208,78168,78208,40
sniffing,78394,78208,78394,186
walking,78401,78394,78401,7
right_turning,78442,78401,78442,41
stepping,78491,78442,78491,49
sniffing,78604,78491,78604,113
left_turning,78688,78604,78688,84
stepping,78720,78688,78720,32
sniffing,78824,78720,78824,104
walking,78883,78824,78883,59
stepping,78921,78883,78921,38
sniffing,78989,78921,78989,68
stepping,79035,78989,79035,46
left_turning,79062,79035,79062,27
hunching,79152,79062,79152,90
rearing,79207,79152,79207,55
climbing,79255,79207,79255,48
left_turning,79290,79255,79290,35
rising,79297,79290,79297,7
sniffing,79311,79297,79311,14
grooming,79973,79311,79973,662
hunching,80134,79973,80134,161
rearing,80154,80134,80154,20
sniffing,80155,80154,80155,1
left_turning,80169,80155,80169,14
stepping,80214,80169,80214,45
climbing,80288,80214,80288,74
stepping,80303,80288,80303,15
walking,80304,80303,80304,1
grooming,80305,80304,80305,1
hunching,80459,80305,80459,154
rearing,80492,80459,80492,33
grooming,80535,80492,80535,43
sniffing,80569,80535,80569,34
rising,80639,80569,80639,70
sniffing,80656,80639,80656,17
stepping,80683,80656,80683,27
running,80684,80683,80684,1
sniffing,80685,80684,80685,1
grooming,80723,80685,80723,38
rearing,80781,80723,80781,58
sniffing,80831,80781,80831,50
climbing,80832,80831,80832,1
hunching,80914,80832,80914,82
rearing,80996,80914,80996,82
climbing,80997,80996,80997,1
running,81044,80997,81044,47
sniffing,81145,81044,81145,101
rising,81202,81145,81202,57
rearing,81240,81202,81240,38
grooming,81269,81240,81269,29
right_turning,81311,81269,81311,42
running,81321,81311,81321,10
walking,81350,81321,81350,29
trotting,81369,81350,81369,19
sniffing,81370,81369,81370,1
grooming,81371,81370,81371,1
rearing,81372,81371,81372,1
sniffing,81520,81372,81520,148
stepping,81568,81520,81568,48
sniffing,81762,81568,81762,194
rising,81794,81762,81794,32
sniffing,81941,81794,81941,147
stepping,81973,81941,81973,32
walking,82029,81973,82029,56
rearing,82133,82029,82133,104
grooming,82345,82133,82345,212
hunching,82413,82345,82413,68
grooming,83138,82413,83138,725
rearing,83139,83138,83139,1
climbing,83154,83139,83154,15
stepping,83212,83154,83212,58
sniffing,83401,83212,83401,189
walking,83409,83401,83409,8
running,83444,83409,83444,35
trotting,83498,83444,83498,54
right_turning,83548,83498,83548,50
climbing,83555,83548,83555,7
stepping,83609,83555,83609,54
sniffing,83654,83609,83654,45
stepping,83674,83654,83674,20
right_turning,83675,83674,83675,1
stepping,83728,83675,83728,53
walking,83822,83728,83822,94
rising,83864,83822,83864,42
climbing,83865,83864,83865,1
left_turning,83880,83865,83880,15
sniffing,83981,83880,83981,101
grooming,83982,83981,83982,1
climbing,84043,83982,84043,61
sniffing,84049,84043,84049,6
stepping,84088,84049,84088,39
rearing,84153,84088,84153,65
climbing,84160,84153,84160,7
walking,84226,84160,84226,66
sniffing,84238,84226,84238,12
rising,84295,84238,84295,57
climbing,84309,84295,84309,14
walking,84342,84309,84342,33
left_turning,84343,84342,84343,1
sniffing,84344,84343,84344,1
walking,84406,84344,84406,62
sniffing,84523,84406,84523,117
stepping,84546,84523,84546,23
rising,84600,84546,84600,54
climbing,84716,84600,84716,116
sniffing,84717,84716,84717,1
rising,84795,84717,84795,78
grooming,84997,84795,84997,202
rising,85060,84997,85060,63
stepping,85112,85060,85112,52
climbing,85178,85112,85178,66
sniffing,85179,85178,85179,1
grooming,85590,85179,85590,411
trotting,85619,85590,85619,29
walking,85627,85619,85627,8
climbing,85918,85627,85918,291
right_turning,85919,85918,85919,1
rising,86109,85919,86109,190
climbing,86121,86109,86121,12
walking,86153,86121,86153,32
running,86179,86153,86179,26
stepping,86231,86179,86231,52
sniffing,86448,86231,86448,217
grooming,86684,86448,86684,236
sniffing,86770,86684,86770,86
stepping,86832,86770,86832,62
sniffing,86988,86832,86988,156
stepping,87006,86988,87006,18
sniffing,87069,87006,87069,63
running,87078,87069,87078,9
sniffing,87210,87078,87210,132
scratching,87211,87210,87211,1
left_turning,87243,87211,87243,32
stepping,87266,87243,87266,23
sniffing,87267,87266,87267,1
trotting,87285,87267,87285,18
stepping,87325,87285,87325,40
grooming,87491,87325,87491,166
trotting,87508,87491,87508,17
sniffing,87509,87508,87509,1
grooming,87603,87509,87603,94
scratching,87604,87603,87604,1
sniffing,87605,87604,87605,1
walking,87693,87605,87693,88
grooming,87742,87693,87742,49
hunching,87769,87742,87769,27
rising,87792,87769,87792,23
climbing,87809,87792,87809,17
sniffing,88103,87809,88103,294
stepping,88117,88103,88117,14
sniffing,88118,88117,88118,1
walking,88166,88118,88166,48
sniffing,88167,88166,88167,1
walking,88187,88167,88187,20
rearing,88221,88187,88221,34
left_turning,88246,88221,88246,25
grooming,88471,88246,88471,225
trotting,88499,88471,88499,28
walking,88517,88499,88517,18
rising,88528,88517,88528,11
sniffing,88529,88528,88529,1
grooming,88721,88529,88721,192
rearing,88782,88721,88782,61
hunching,88828,88782,88828,46
rearing,88829,88828,88829,1
hunching,88840,88829,88840,11
climbing,88889,88840,88889,49
rearing,88890,88889,88890,1
walking,88891,88890,88891,1
sniffing,88901,88891,88901,10
walking,88947,88901,88947,46
sniffing,89101,88947,89101,154
rearing,89136,89101,89136,35
grooming,89985,89136,89985,849
left_turning,90008,89985,90008,23
sniffing,90009,90008,90009,1
walking,90057,90009,90057,48
stepping,90084,90057,90084,27
sniffing,90208,90084,90208,124
stepping,90300,90208,90300,92
sniffing,90301,90300,90301,1
trotting,90311,90301,90311,10
stepping,90312,90311,90312,1
sniffing,90465,90312,90465,153
walking,90517,90465,90517,52
trotting,90520,90517,90520,3
stepping,90530,90520,90530,10
grooming,90854,90530,90854,324
walking,90868,90854,90868,14
climbing,90946,90868,90946,78
rearing,90947,90946,90947,1
grooming,91015,90947,91015,68
climbing,91016,91015,91016,1
sniffing,91067,91016,91067,51
stepping,91151,91067,91151,84
sniffing,91215,91151,91215,64
rising,91277,91215,91277,62
sniffing,91356,91277,91356,79
stepping,91395,91356,91395,39
walking,91457,91395,91457,62
sniffing,91525,91457,91525,68
stepping,91548,91525,91548,23
sniffing,91598,91548,91598,50
stepping,91601,91598,91601,3
sniffing,91610,91601,91610,9
left_turning,91631,91610,91631,21
climbing,91691,91631,91691,60
grooming,92026,91691,92026,335
rearing,92061,92026,92061,35
grooming,92062,92061,92062,1
left_turning,92135,92062,92135,73
sniffing,92161,92135,92161,26
rising,92167,92161,92167,6
rearing,92205,92167,92205,38
grooming,92267,92205,92267,62
sniffing,92398,92267,92398,131
stepping,92442,92398,92442,44
sniffing,92443,92442,92443,1
grooming,92444,92443,92444,1
sniffing,92630,92444,92630,186
grooming,92631,92630,92631,1
stepping,92710,92631,92710,79
rising,92761,92710,92761,51
walking,92788,92761,92788,27
sniffing,92789,92788,92789,1
grooming,92860,92789,92860,71
sniffing,92913,92860,92913,53
stepping,92914,92913,92914,1
sniffing,92949,92914,92949,35
right_turning,92970,92949,92970,21
sniffing,92971,92970,92971,1
left_turning,93020,92971,93020,49
walking,93093,93020,93093,73
stepping,93120,93093,93120,27
sniffing,93182,93120,93182,62
walking,93258,93182,93258,76
sniffing,93324,93258,93324,66
grooming,93523,93324,93523,199
left_turning,93567,93523,93567,44
grooming,94188,93567,94188,621
climbing,94276,94188,94276,88
rearing,94289,94276,94289,13
climbing,94366,94289,94366,77
rearing,94448,94366,94448,82
sniffing,94449,94448,94449,1
walking,94489,94449,94489,40
right_turning,94517,94489,94517,28
walking,94581,94517,94581,64
sniffing,94651,94581,94651,70
rising,94652,94651,94652,1
rearing,94684,94652,94684,32
stepping,94721,94684,94721,37
rearing,94804,94721,94804,83
grooming,95280,94804,95280,476
climbing,95366,95280,95366,86
walking,95407,95366,95407,41
rising,95492,95407,95492,85
grooming,95566,95492,95566,74
hunching,95592,95566,95592,26
rising,95651,95592,95651,59
sniffing,95737,95651,95737,86
rising,95740,95737,95740,3
rearing,95798,95740,95798,58
stepping,95824,95798,95824,26
trotting,95864,95824,95864,40
walking,95964,95864,95964,100
sniffing,96041,95964,96041,77
trotting,96042,96041,96042,1
walking,96060,96042,96060,18
sniffing,96140,96060,96140,80
stepping,96206,96140,96206,66
sniffing,96207,96206,96207,1
grooming,96226,96207,96226,19
sniffing,96227,96226,96227,1
left_turning,96297,96227,96297,70
rearing,96379,96297,96379,82
climbing,96380,96379,96380,1
walking,96388,96380,96388,8
sniffing,96484,96388,96484,96
stepping,96496,96484,96496,12
grooming,96631,96496,96631,135
hunching,96689,96631,96689,58
grooming,96779,96689,96779,90
rearing,96867,96779,96867,88
climbing,96929,96867,96929,62
rearing,96970,96929,96970,41
grooming,96971,96970,96971,1
rearing,97000,96971,97000,29
grooming,97001,97000,97001,1
rearing,97077,97001,97077,76
climbing,97078,97077,97078,1
trotting,97120,97078,97120,42
rising,97121,97120,97121,1
sniffing,97122,97121,97122,1
grooming,97788,97122,97788,666
rearing,97916,97788,97916,128
climbing,98012,97916,98012,96
grooming,98179,98012,98179,167
scratching,98180,98179,98180,1
right_turning,98226,98180,98226,46
rising,98278,98226,98278,52
sniffing,98318,98278,98318,40
left_turning,98387,98318,98387,69
walking,98483,98387,98483,96
sniffing,98548,98483,98548,65
rising,98549,98548,98549,1
stepping,98579,98549,98579,30
sniffing,98730,98579,98730,151
stepping,98786,98730,98786,56
walking,98792,98786,98792,6
stepping,98793,98792,98793,1
rising,98799,98793,98799,6
stepping,98833,98799,98833,34
rising,98834,98833,98834,1
climbing,98936,98834,98936,102
walking,98999,98936,98999,63
climbing,99075,98999,99075,76
stepping,99095,99075,99095,20
sniffing,99344,99095,99344,249
grooming,99345,99344,99345,1
scratching,99346,99345,99346,1
sniffing,99440,99346,99440,94
climbing,99441,99440,99441,1
running,99463,99441,99463,22
trotting,99515,99463,99515,52
rearing,99516,99515,99516,1
rising,99526,99516,99526,10
sniffing,99651,99526,99651,125
rising,99666,99651,99666,15
rearing,99667,99666,99667,1
sniffing,99783,99667,99783,116
walking,99829,99783,99829,46
sniffing,99985,99829,99985,156
grooming,99986,99985,99986,1
rising,99987,99986,99987,1
walking,100064,99987,100064,77
running,100132,100064,100132,68
rearing,100227,100132,100227,95
hunching,100330,100227,100330,103
grooming,100487,100330,100487,157
rearing,100488,100487,100488,1
climbing,100489,100488,100489,1
rearing,100492,100489,100492,3
grooming,100582,100492,100582,90
rearing,100597,100582,100597,15
grooming,100765,100597,100765,168
walking,100851,100765,100851,86
rising,100933,100851,100933,82
sniffing,100934,100933,100934,1
walking,100973,100934,100973,39
sniffing,101013,100973,101013,40
rising,101014,101013,101014,1
sniffing,101100,101014,101100,86
stepping,101173,101100,101173,73
walking,101233,101173,101233,60
sniffing,101315,101233,101315,82
grooming,101585,101315,101585,270
rearing,101595,101585,101595,10
stepping,101688,101595,101688,93
walking,101737,101688,101737,49
sniffing,101829,101737,101829,92
rearing,101905,101829,101905,76
left_turning,101935,101905,101935,30
stepping,101967,101935,101967,32
walking,102018,101967,102018,51
rearing,102087,102018,102087,69
grooming,102088,102087,102088,1
hunching,102223,102088,102223,135
grooming,102224,102223,102224,1
sniffing,102360,102224,102360,136
left_turning,102414,102360,102414,54
grooming,102532,102414,102532,118
rising,102572,102532,102572,40
rearing,102634,102572,102634,62
stepping,102664,102634,102664,30
sniffing,102730,102664,102730,66
walking,102822,102730,102822,92
stepping,102825,102822,102825,3
sniffing,102826,102825,102826,1
running,102845,102826,102845,19
left_turning,102846,102845,102846,1
sniffing,103007,102846,103007,161
climbing,103008,103007,103008,1
left_turning,103020,103008,103020,12
hunching,103032,103020,103032,12
rearing,103045,103032,103045,13
hunching,103046,103045,103046,1
rearing,103115,103046,103115,69
walking,103144,103115,103144,29
rearing,103274,103144,103274,130
climbing,103275,103274,103275,1
grooming,103558,103275,103558,283
rearing,103559,103558,103559,1
grooming,103560,103559,103560,1
sniffing,103561,103560,103561,1
walking,103647,103561,103647,86
sniffing,103663,103647,103663,16
walking,103700,103663,103700,37
sniffing,103847,103700,103847,147
right_turning,103857,103847,103857,10
stepping,103887,103857,103887,30
sniffing,103907,103887,103907,20
climbing,103932,103907,103932,25
rearing,104105,103932,104105,173
hunching,104189,104105,104189,84
grooming,104236,104189,104236,47
rearing,104329,104236,104329,93
hunching,104346,104329,104346,17
grooming,104407,104346,104407,61
left_turning,104502,104407,104502,95
sniffing,104592,104502,104592,90
climbing,104642,104592,104642,50
rearing,104672,104642,104672,30
left_turning,104767,104672,104767,95
sniffing,104768,104767,104768,1
stepping,104821,104768,104821,53
walking,104869,104821,104869,48
stepping,104870,104869,104870,1
walking,104871,104870,104871,1
sniffing,105018,104871,105018,147
walking,105062,105018,105062,44
climbing,105138,105062,105138,76
rearing,105214,105138,105214,76
climbing,105245,105214,105245,31
hunching,105275,105245,105275,30
grooming,105652,105275,105652,377
hunching,105752,105652,105752,100
grooming,105753,105752,105753,1
sniffing,105870,105753,105870,117
stepping,105871,105870,105871,1
rising,105933,105871,105933,62
sniffing,106006,105933,106006,73
rising,106040,106006,106040,34
rearing,106185,106040,106185,145
sniffing,106359,106185,106359,174
rearing,106400,106359,106400,41
grooming,106532,106400,106532,132
hunching,106613,106532,106613,81
rearing,106657,106613,106657,44
grooming,106847,106657,106847,190
left_turning,106848,106847,106848,1
walking,106877,106848,106877,29
trotting,106953,106877,106953,76
sniffing,107067,106953,107067,114
rising,107068,107067,107068,1
climbing,107129,107068,107129,61
rearing,107391,107129,107391,262
stepping,107407,107391,107407,16
climbing,107541,107407,107541,134
rising,107546,107541,107546,5
rearing,107577,107546,107577,31
grooming,107582,107577,107582,5
rearing,107595,107582,107595,13
grooming,107596,107595,107596,1
climbing,107613,107596,107613,17
rearing,107688,107613,107688,75
grooming,107689,107688,107689,1
rearing,107707,107689,107707,18
grooming,107814,107707,107814,107
rearing,107815,107814,107815,1
rising,107883,107815,107883,68
climbing,108000,107883,108000,117
