revised_movement_label,segBoundary,segBoundary_start,segBoundary_end,length
rising,18,0,18,18
rearing,21,18,21,3
rising,56,21,56,35
grooming,120,56,120,64
rearing,152,120,152,32
grooming,269,152,269,117
walking,367,269,367,98
sniffing,470,367,470,103
left_turning,599,470,599,129
sniffing,600,599,600,1
left_turning,655,600,655,55
rising,708,655,708,53
rearing,709,708,709,1
sniffing,758,709,758,49
rising,759,758,759,1
grooming,760,759,760,1
walking,803,760,803,43
running,817,803,817,14
walking,832,817,832,15
rising,874,832,874,42
sniffing,886,874,886,12
stepping,898,886,898,12
sniffing,981,898,981,83
trotting,1050,981,1050,69
stepping,1051,1050,1051,1
walking,1099,1051,1099,48
trotting,1136,1099,1136,37
walking,1137,1136,1137,1
sniffing,1138,1137,1138,1
stepping,1154,1138,1154,16
walking,1239,1154,1239,85
sniffing,1413,1239,1413,174
grooming,1507,1413,1507,94
sniffing,1508,1507,1508,1
walking,1524,1508,1524,16
sniffing,1590,1524,1590,66
walking,1710,1590,1710,120
sniffing,1739,1710,1739,29
stepping,1797,1739,1797,58
sniffing,1848,1797,1848,51
walking,1911,1848,1911,63
sniffing,1934,1911,1934,23
rising,1946,1934,1946,12
stepping,1949,1946,1949,3
walking,1976,1949,1976,27
sniffing,2032,1976,2032,56
grooming,2078,2032,2078,46
hunching,2114,2078,2114,36
grooming,2115,2114,2115,1
sniffing,2160,2115,2160,45
stepping,2188,2160,2188,28
grooming,2254,2188,2254,66
rising,2283,2254,2283,29
grooming,2330,2283,2330,47
walking,2499,2330,2499,169
sniffing,2589,2499,2589,90
stepping,2656,2589,2656,67
walking,2657,2656,2657,1
trotting,2659,2657,2659,2
walking,2662,2659,2662,3
stepping,2703,2662,2703,41
walking,2730,2703,2730,27
stepping,2789,2730,2789,59
running,2810,2789,2810,21
stepping,2835,2810,2835,25
sniffing,2923,2835,2923,88
right_turning,2948,2923,2948,25
walking,2949,2948,2949,1
stepping,3021,2949,3021,72
sniffing,3195,3021,3195,174
right_turning,3286,3195,3286,91
rising,3389,3286,3389,103
walking,3410,3389,3410,21
sniffing,3491,3410,3491,81
running,3562,3491,3562,71
sniffing,3573,3562,3573,11
rising,3607,3573,3607,34
trotting,3642,3607,3642,35
rising,3659,3642,3659,17
climbing,3700,3659,3700,41
sniffing,3840,3700,3840,140
left_turning,3841,3840,3841,1
walking,3938,3841,3938,97
rising,4000,3938,4000,62
sniffing,4016,4000,4016,16
stepping,4022,4016,4022,6
sniffing,4111,4022,4111,89
hunching,4112,4111,4112,1
grooming,4132,4112,4132,20
rising,4145,4132,4145,13
rearing,4166,4145,4166,21
grooming,4167,4166,4167,1
rearing,4168,4167,4168,1
stepping,4238,4168,4238,70
grooming,4243,4238,4243,5
rising,4254,4243,4254,11
grooming,4255,4254,4255,1
sniffing,4387,4255,4387,132
trotting,4458,4387,4458,71
stepping,4516,4458,4516,58
sniffing,4582,4516,4582,66
walking,4629,4582,4629,47
stepping,4693,4629,4693,64
trotting,4736,4693,4736,43
right_turning,4737,4736,4737,1
rising,4816,4737,4816,79
left_turning,4885,4816,4885,69
sniffing,4886,4885,4886,1
running,4907,4886,4907,21
trotting,4931,4907,4931,24
walking,5031,4931,5031,100
stepping,5059,5031,5059,28
sniffing,5158,5059,5158,99
walking,5159,5158,5159,1
stepping,5229,5159,5229,70
rearing,5381,5229,5381,152
grooming,5406,5381,5406,25
rising,5491,5406,5491,85
sniffing,5492,5491,5492,1
rising,5493,5492,5493,1
stepping,5499,5493,5499,6
sniffing,5500,5499,5500,1
stepping,5528,5500,5528,28
rising,5529,5528,5529,1
sniffing,5574,5529,5574,45
grooming,5725,5574,5725,151
hunching,5729,5725,5729,4
rising,5810,5729,5810,81
grooming,6033,5810,6033,223
rearing,6097,6033,6097,64
sniffing,6098,6097,6098,1
rising,6115,6098,6115,17
stepping,6116,6115,6116,1
walking,6195,6116,6195,79
stepping,6231,6195,6231,36
rising,6277,6231,6277,46
grooming,6407,6277,6407,130
stepping,6422,6407,6422,15
rising,6476,6422,6476,54
left_turning,6477,6476,6477,1
sniffing,6484,6477,6484,7
walking,6485,6484,6485,1
stepping,6548,6485,6548,63
rising,6581,6548,6581,33
grooming,6582,6581,6582,1
rising,6608,6582,6608,26
sniffing,6621,6608,6621,13
rearing,6680,6621,6680,59
grooming,6991,6680,6991,311
rising,6992,6991,6992,1
sniffing,7027,6992,7027,35
walking,7080,7027,7080,53
sniffing,7391,7080,7391,311
rising,7404,7391,7404,13
sniffing,7452,7404,7452,48
rising,7491,7452,7491,39
sniffing,7584,7491,7584,93
right_turning,7592,7584,7592,8
stepping,7593,7592,7593,1
sniffing,7706,7593,7706,113
rising,7737,7706,7737,31
right_turning,7754,7737,7754,17
sniffing,7803,7754,7803,49
trotting,7804,7803,7804,1
sniffing,7835,7804,7835,31
stepping,7843,7835,7843,8
walking,7844,7843,7844,1
sniffing,7845,7844,7845,1
walking,7846,7845,7846,1
sniffing,7953,7846,7953,107
stepping,7999,7953,7999,46
rising,8000,7999,8000,1
left_turning,8045,8000,8045,45
running,8057,8045,8057,12
trotting,8088,8057,8088,31
stepping,8129,8088,8129,41
walking,8175,8129,8175,46
sniffing,8218,8175,8218,43
grooming,8252,8218,8252,34
rising,8285,8252,8285,33
left_turning,8296,8285,8296,11
walking,8325,8296,8325,29
stepping,8432,8325,8432,107
sniffing,8533,8432,8533,101
trotting,8536,8533,8536,3
sniffing,8540,8536,8540,4
walking,8541,8540,8541,1
stepping,8565,8541,8565,24
sniffing,8596,8565,8596,31
rising,8670,8596,8670,74
grooming,8730,8670,8730,60
sniffing,8887,8730,8887,157
rising,8926,8887,8926,39
rearing,8942,8926,8942,16
climbing,8982,8942,8982,40
left_turning,9011,8982,9011,29
sniffing,9012,9011,9012,1
stepping,9059,9012,9059,47
rising,9060,9059,9060,1
stepping,9064,9060,9064,4
grooming,9202,9064,9202,138
trotting,9239,9202,9239,37
sniffing,9254,9239,9254,15
running,9270,9254,9270,16
sniffing,9317,9270,9317,47
rearing,9362,9317,9362,45
hunching,9365,9362,9365,3
grooming,9381,9365,9381,16
left_turning,9393,9381,9393,12
rearing,9406,9393,9406,13
climbing,9431,9406,9431,25
grooming,9571,9431,9571,140
walking,9616,9571,9616,45
sniffing,9787,9616,9787,171
walking,9788,9787,9788,1
sniffing,9868,9788,9868,80
trotting,9924,9868,9924,56
sniffing,10006,9924,10006,82
trotting,10053,10006,10053,47
walking,10140,10053,10140,87
sniffing,10215,10140,10215,75
grooming,10216,10215,10216,1
right_turning,10252,10216,10252,36
grooming,10504,10252,10504,252
rising,10525,10504,10525,21
climbing,10610,10525,10610,85
trotting,10621,10610,10621,11
walking,10695,10621,10695,74
sniffing,10702,10695,10702,7
walking,10769,10702,10769,67
stepping,10803,10769,10803,34
trotting,10848,10803,10848,45
walking,10910,10848,10910,62
sniffing,10911,10910,10911,1
stepping,10962,10911,10962,51
right_turning,11010,10962,11010,48
grooming,11044,11010,11044,34
rising,11084,11044,11084,40
walking,11196,11084,11196,112
right_turning,11197,11196,11197,1
grooming,11235,11197,11235,38
right_turning,11253,11235,11253,18
rising,11254,11253,11254,1
climbing,11346,11254,11346,92
sniffing,11393,11346,11393,47
walking,11437,11393,11437,44
sniffing,11505,11437,11505,68
left_turning,11549,11505,11549,44
running,11566,11549,11566,17
sniffing,11567,11566,11567,1
stepping,11619,11567,11619,52
sniffing,11695,11619,11695,76
trotting,11727,11695,11727,32
walking,11739,11727,11739,12
trotting,11763,11739,11763,24
stepping,11836,11763,11836,73
walking,11888,11836,11888,52
sniffing,12126,11888,12126,238
stepping,12127,12126,12127,1
rising,12177,12127,12177,50
hunching,12218,12177,12218,41
climbing,12301,12218,12301,83
left_turning,12341,12301,12341,40
walking,12414,12341,12414,73
stepping,12477,12414,12477,63
sniffing,12569,12477,12569,92
stepping,12629,12569,12629,60
grooming,12794,12629,12794,165
running,12801,12794,12801,7
walking,12844,12801,12844,43
sniffing,12936,12844,12936,92
stepping,12970,12936,12970,34
walking,12986,12970,12986,16
rising,13099,12986,13099,113
running,13123,13099,13123,24
trotting,13147,13123,13147,24
sniffing,13148,13147,13148,1
grooming,13208,13148,13208,60
stepping,13277,13208,13277,69
climbing,13392,13277,13392,115
sniffing,13434,13392,13434,42
rising,13470,13434,13470,36
sniffing,13504,13470,13504,34
rising,13535,13504,13535,31
grooming,13664,13535,13664,129
trotting,13698,13664,13698,34
running,13720,13698,13720,22
walking,13809,13720,13809,89
climbing,13866,13809,13866,57
rising,13915,13866,13915,49
climbing,13950,13915,13950,35
left_turning,14015,13950,14015,65
stepping,14056,14015,14056,41
rising,14120,14056,14120,64
stepping,14123,14120,14123,3
sniffing,14124,14123,14124,1
rising,14137,14124,14137,13
sniffing,14138,14137,14138,1
grooming,14197,14138,14197,59
rising,14279,14197,14279,82
left_turning,14330,14279,14330,51
rearing,14400,14330,14400,70
running,14413,14400,14413,13
trotting,14478,14413,14478,65
rising,14490,14478,14490,12
running,14516,14490,14516,26
rising,14586,14516,14586,70
climbing,14701,14586,14701,115
grooming,14769,14701,14769,68
climbing,14827,14769,14827,58
right_turning,14880,14827,14880,53
stepping,14894,14880,14894,14
sniffing,14945,14894,14945,51
left_turning,14954,14945,14954,9
stepping,14993,14954,14993,39
left_turning,15009,14993,15009,16
trotting,15020,15009,15020,11
stepping,15021,15020,15021,1
sniffing,15022,15021,15022,1
left_turning,15071,15022,15071,49
sniffing,15201,15071,15201,130
grooming,15264,15201,15264,63
rising,15298,15264,15298,34
sniffing,15299,15298,15299,1
stepping,15353,15299,15353,54
left_turning,15375,15353,15375,22
sniffing,15390,15375,15390,15
right_turning,15402,15390,15402,12
stepping,15419,15402,15419,17
walking,15475,15419,15475,56
sniffing,15497,15475,15497,22
left_turning,15509,15497,15509,12
climbing,15552,15509,15552,43
running,15564,15552,15564,12
left_turning,15610,15564,15610,46
sniffing,15674,15610,15674,64
walking,15680,15674,15680,6
stepping,15697,15680,15697,17
sniffing,15811,15697,15811,114
stepping,15833,15811,15833,22
sniffing,15844,15833,15844,11
hunching,15848,15844,15848,4
grooming,15849,15848,15849,1
left_turning,15898,15849,15898,49
stepping,15920,15898,15920,22
rising,15944,15920,15944,24
stepping,15987,15944,15987,43
sniffing,16050,15987,16050,63
right_turning,16070,16050,16070,20
left_turning,16100,16070,16100,30
walking,16157,16100,16157,57
sniffing,16158,16157,16158,1
left_turning,16182,16158,16182,24
grooming,16225,16182,16225,43
rising,16227,16225,16227,2
sniffing,16329,16227,16329,102
walking,16340,16329,16340,11
rising,16347,16340,16347,7
sniffing,16348,16347,16348,1
rearing,16370,16348,16370,22
grooming,16397,16370,16397,27
rearing,16448,16397,16448,51
grooming,16554,16448,16554,106
rearing,16610,16554,16610,56
stepping,16639,16610,16639,29
climbing,16666,16639,16666,27
stepping,16748,16666,16748,82
right_turning,16773,16748,16773,25
walking,16821,16773,16821,48
stepping,16844,16821,16844,23
sniffing,16907,16844,16907,63
rising,17000,16907,17000,93
sniffing,17082,17000,17082,82
left_turning,17115,17082,17115,33
walking,17143,17115,17143,28
sniffing,17152,17143,17152,9
right_turning,17227,17152,17227,75
grooming,17246,17227,17246,19
sniffing,17288,17246,17288,42
walking,17289,17288,17289,1
trotting,17322,17289,17322,33
running,17323,17322,17323,1
walking,17548,17323,17548,225
sniffing,17644,17548,17644,96
walking,17648,17644,17648,4
left_turning,17716,17648,17716,68
grooming,17789,17716,17789,73
rising,17813,17789,17813,24
left_turning,17814,17813,17814,1
rising,17834,17814,17834,20
sniffing,17878,17834,17878,44
right_turning,17896,17878,17896,18
stepping,17964,17896,17964,68
climbing,18023,17964,18023,59
sniffing,18052,18023,18052,29
grooming,18074,18052,18074,22
sniffing,18106,18074,18106,32
grooming,18107,18106,18107,1
stepping,18143,18107,18143,36
climbing,18260,18143,18260,117
stepping,18313,18260,18313,53
sniffing,18358,18313,18358,45
grooming,18453,18358,18453,95
rising,18545,18453,18545,92
stepping,18563,18545,18563,18
walking,18564,18563,18564,1
rearing,18583,18564,18583,19
grooming,18584,18583,18584,1
climbing,18585,18584,18585,1
rising,18616,18585,18616,31
grooming,18709,18616,18709,93
rearing,18737,18709,18737,28
walking,18773,18737,18773,36
rising,18794,18773,18794,21
sniffing,18848,18794,18848,54
rising,18883,18848,18883,35
climbing,18945,18883,18945,62
left_turning,19054,18945,19054,109
stepping,19100,19054,19100,46
rising,19127,19100,19127,27
grooming,19179,19127,19179,52
left_turning,19228,19179,19228,49
walking,19239,19228,19239,11
stepping,19269,19239,19269,30
climbing,19310,19269,19310,41
left_turning,19350,19310,19350,40
rising,19351,19350,19351,1
walking,19365,19351,19365,14
grooming,19459,19365,19459,94
left_turning,19502,19459,19502,43
sniffing,19575,19502,19575,73
rising,19625,19575,19625,50
sniffing,19643,19625,19643,18
trotting,19647,19643,19647,4
sniffing,19711,19647,19711,64
rising,19799,19711,19799,88
sniffing,19805,19799,19805,6
climbing,19881,19805,19881,76
stepping,19889,19881,19889,8
sniffing,20234,19889,20234,345
left_turning,20246,20234,20246,12
sniffing,20410,20246,20410,164
stepping,20411,20410,20411,1
rearing,20412,20411,20412,1
sniffing,20489,20412,20489,77
right_turning,20496,20489,20496,7
sniffing,20566,20496,20566,70
stepping,20603,20566,20603,37
rising,20608,20603,20608,5
sniffing,20662,20608,20662,54
grooming,20782,20662,20782,120
sniffing,20797,20782,20797,15
stepping,20814,20797,20814,17
sniffing,20965,20814,20965,151
left_turning,21008,20965,21008,43
walking,21107,21008,21107,99
rising,21132,21107,21132,25
climbing,21203,21132,21203,71
left_turning,21265,21203,21265,62
running,21318,21265,21318,53
sniffing,21430,21318,21430,112
rising,21441,21430,21441,11
sniffing,21468,21441,21468,27
rearing,21485,21468,21485,17
stepping,21486,21485,21486,1
climbing,21556,21486,21556,70
left_turning,21557,21556,21557,1
sniffing,21558,21557,21558,1
walking,21563,21558,21563,5
right_turning,21592,21563,21592,29
sniffing,21716,21592,21716,124
rearing,21749,21716,21749,33
grooming,21783,21749,21783,34
sniffing,21880,21783,21880,97
left_turning,21919,21880,21919,39
stepping,21943,21919,21943,24
climbing,21980,21943,21980,37
grooming,21981,21980,21981,1
stepping,21999,21981,21999,18
walking,22077,21999,22077,78
sniffing,22078,22077,22078,1
stepping,22101,22078,22101,23
left_turning,22141,22101,22141,40
walking,22162,22141,22162,21
sniffing,22232,22162,22232,70
rearing,22233,22232,22233,1
stepping,22301,22233,22301,68
walking,22338,22301,22338,37
sniffing,22339,22338,22339,1
rising,22348,22339,22348,9
left_turning,22395,22348,22395,47
walking,22396,22395,22396,1
running,22425,22396,22425,29
stepping,22451,22425,22451,26
climbing,22524,22451,22524,73
right_turning,22538,22524,22538,14
running,22588,22538,22588,50
trotting,22629,22588,22629,41
walking,22670,22629,22670,41
stepping,22722,22670,22722,52
rising,22765,22722,22765,43
grooming,22766,22765,22766,1
stepping,22862,22766,22862,96
sniffing,22914,22862,22914,52
stepping,22915,22914,22915,1
sniffing,22960,22915,22960,45
stepping,23013,22960,23013,53
sniffing,23091,23013,23091,78
walking,23139,23091,23139,48
sniffing,23161,23139,23161,22
grooming,23180,23161,23180,19
rearing,23192,23180,23192,12
climbing,23193,23192,23193,1
stepping,23207,23193,23207,14
grooming,23418,23207,23418,211
rearing,23491,23418,23491,73
grooming,23648,23491,23648,157
trotting,23693,23648,23693,45
sniffing,23781,23693,23781,88
grooming,23902,23781,23902,121
rising,23935,23902,23935,33
right_turning,23985,23935,23985,50
sniffing,24169,23985,24169,184
grooming,24270,24169,24270,101
stepping,24316,24270,24316,46
rearing,24319,24316,24319,3
climbing,24387,24319,24387,68
right_turning,24405,24387,24405,18
sniffing,24455,24405,24455,50
walking,24520,24455,24520,65
rising,24521,24520,24521,1
walking,24541,24521,24541,20
sniffing,24629,24541,24629,88
walking,24630,24629,24630,1
sniffing,24742,24630,24742,112
rearing,24757,24742,24757,15
grooming,24758,24757,24758,1
hunching,24784,24758,24784,26
grooming,25185,24784,25185,401
sniffing,25294,25185,25294,109
stepping,25327,25294,25327,33
sniffing,25347,25327,25347,20
walking,25435,25347,25435,88
sniffing,25436,25435,25436,1
stepping,25448,25436,25448,12
walking,25520,25448,25520,72
sniffing,25521,25520,25521,1
stepping,25604,25521,25604,83
left_turning,25635,25604,25635,31
rising,25646,25635,25646,11
walking,25713,25646,25713,67
stepping,25763,25713,25763,50
rearing,25809,25763,25809,46
left_turning,25829,25809,25829,20
sniffing,25938,25829,25938,109
walking,25939,25938,25939,1
stepping,26004,25939,26004,65
left_turning,26079,26004,26079,75
trotting,26107,26079,26107,28
walking,26136,26107,26136,29
stepping,26208,26136,26208,72
sniffing,26294,26208,26294,86
rising,26295,26294,26295,1
climbing,26324,26295,26324,29
walking,26364,26324,26364,40
sniffing,26418,26364,26418,54
grooming,26419,26418,26419,1
stepping,26478,26419,26478,59
climbing,26590,26478,26590,112
walking,26594,26590,26594,4
stepping,26643,26594,26643,49
walking,26655,26643,26655,12
rearing,26732,26655,26732,77
grooming,26733,26732,26733,1
stepping,26734,26733,26734,1
walking,26768,26734,26768,34
rearing,26826,26768,26826,58
climbing,26827,26826,26827,1
left_turning,26878,26827,26878,51
sniffing,26927,26878,26927,49
stepping,27042,26927,27042,115
sniffing,27043,27042,27043,1
grooming,27201,27043,27201,158
hunching,27370,27201,27370,169
grooming,27409,27370,27409,39
rising,27413,27409,27413,4
rearing,27414,27413,27414,1
grooming,27415,27414,27415,1
rearing,27501,27415,27501,86
hunching,27502,27501,27502,1
sniffing,27672,27502,27672,170
stepping,27714,27672,27714,42
sniffing,27715,27714,27715,1
right_turning,27748,27715,27748,33
walking,27778,27748,27778,30
grooming,27975,27778,27975,197
running,27984,27975,27984,9
stepping,28039,27984,28039,55
walking,28042,28039,28042,3
sniffing,28091,28042,28091,49
right_turning,28093,28091,28093,2
stepping,28100,28093,28100,7
climbing,28113,28100,28113,13
right_turning,28126,28113,28126,13
stepping,28127,28126,28127,1
rearing,28208,28127,28208,81
sniffing,28320,28208,28320,112
grooming,28492,28320,28492,172
scratching,28493,28492,28493,1
sniffing,28552,28493,28552,59
trotting,28553,28552,28553,1
left_turning,28643,28553,28643,90
rising,28674,28643,28674,31
sniffing,28733,28674,28733,59
walking,28807,28733,28807,74
grooming,28887,28807,28887,80
hunching,28988,28887,28988,101
rearing,29018,28988,29018,30
stepping,29085,29018,29085,67
sniffing,29141,29085,29141,56
trotting,29176,29141,29176,35
running,29206,29176,29206,30
trotting,29235,29206,29235,29
rising,29264,29235,29264,29
running,29301,29264,29301,37
trotting,29329,29301,29329,28
walking,29425,29329,29425,96
sniffing,29426,29425,29426,1
rising,29486,29426,29486,60
climbing,29540,29486,29540,54
rearing,29587,29540,29587,47
grooming,29671,29587,29671,84
left_turning,29694,29671,29694,23
stepping,29723,29694,29723,29
walking,29776,29723,29776,53
stepping,29794,29776,29794,18
trotting,29812,29794,29812,18
grooming,29889,29812,29889,77
hunching,29929,29889,29929,40
grooming,29930,29929,29930,1
hunching,29989,29930,29989,59
grooming,30002,29989,30002,13
stepping,30056,30002,30056,54
sniffing,30059,30056,30059,3
rising,30062,30059,30062,3
climbing,30088,30062,30088,26
trotting,30096,30088,30096,8
stepping,30126,30096,30126,30
rising,30138,30126,30138,12
climbing,30186,30138,30186,48
walking,30187,30186,30187,1
sniffing,30203,30187,30203,16
rising,30204,30203,30204,1
grooming,30205,30204,30205,1
sniffing,30292,30205,30292,87
stepping,30309,30292,30309,17
walking,30310,30309,30310,1
sniffing,30311,30310,30311,1
stepping,30376,30311,30376,65
grooming,30492,30376,30492,116
left_turning,30495,30492,30495,3
trotting,30525,30495,30525,30
sniffing,30532,30525,30532,7
trotting,30582,30532,30582,50
sniffing,30631,30582,30631,49
stepping,30678,30631,30678,47
rising,30679,30678,30679,1
stepping,30713,30679,30713,34
walking,30735,30713,30735,22
stepping,30765,30735,30765,30
sniffing,30797,30765,30797,32
stepping,30798,30797,30798,1
walking,30820,30798,30820,22
stepping,30852,30820,30852,32
right_turning,30885,30852,30885,33
trotting,30901,30885,30901,16
sniffing,30933,30901,30933,32
rearing,31002,30933,31002,69
grooming,31003,31002,31003,1
climbing,31004,31003,31004,1
running,31042,31004,31042,38
sniffing,31081,31042,31081,39
rising,31141,31081,31141,60
climbing,31172,31141,31172,31
grooming,31173,31172,31173,1
sniffing,31246,31173,31246,73
stepping,31287,31246,31287,41
walking,31290,31287,31290,3
sniffing,31304,31290,31304,14
stepping,31325,31304,31325,21
trotting,31350,31325,31350,25
walking,31448,31350,31448,98
rising,31468,31448,31468,20
rearing,31517,31468,31517,49
climbing,31532,31517,31532,15
running,31535,31532,31535,3
walking,31557,31535,31557,22
rising,31566,31557,31566,9
climbing,31613,31566,31613,47
walking,31678,31613,31678,65
rising,31686,31678,31686,8
stepping,31696,31686,31696,10
left_turning,31718,31696,31718,22
sniffing,31737,31718,31737,19
stepping,31804,31737,31804,67
walking,31848,31804,31848,44
sniffing,31849,31848,31849,1
rising,31850,31849,31850,1
grooming,31887,31850,31887,37
climbing,31952,31887,31952,65
stepping,32011,31952,32011,59
sniffing,32066,32011,32066,55
rearing,32171,32066,32171,105
rising,32199,32171,32199,28
rearing,32400,32199,32400,201
climbing,32441,32400,32441,41
grooming,32633,32441,32633,192
rearing,32675,32633,32675,42
left_turning,32708,32675,32708,33
rearing,32753,32708,32753,45
grooming,32797,32753,32797,44
walking,32877,32797,32877,80
trotting,32897,32877,32897,20
stepping,32929,32897,32929,32
right_turning,32973,32929,32973,44
walking,32986,32973,32986,13
sniffing,32987,32986,32987,1
rising,33000,32987,33000,13
climbing,33041,33000,33041,41
grooming,33059,33041,33059,18
left_turning,33096,33059,33096,37
sniffing,33197,33096,33197,101
walking,33250,33197,33250,53
grooming,33515,33250,33515,265
left_turning,33528,33515,33528,13
running,33545,33528,33545,17
trotting,33596,33545,33596,51
sniffing,33678,33596,33678,82
rising,33712,33678,33712,34
grooming,33932,33712,33932,220
hunching,34024,33932,34024,92
rearing,34051,34024,34051,27
hunching,34164,34051,34164,113
rearing,34185,34164,34185,21
grooming,34254,34185,34254,69
sniffing,34365,34254,34365,111
walking,34393,34365,34393,28
sniffing,34397,34393,34397,4
stepping,34447,34397,34447,50
grooming,34571,34447,34571,124
walking,34572,34571,34572,1
trotting,34629,34572,34629,57
sniffing,34703,34629,34703,74
stepping,34773,34703,34773,70
walking,34818,34773,34818,45
sniffing,34898,34818,34898,80
rising,34929,34898,34929,31
grooming,35038,34929,35038,109
hunching,35089,35038,35089,51
rearing,35090,35089,35090,1
rising,35118,35090,35118,28
rearing,35250,35118,35250,132
grooming,35308,35250,35308,58
rearing,35324,35308,35324,16
hunching,35378,35324,35378,54
sniffing,35385,35378,35385,7
stepping,35394,35385,35394,9
sniffing,35395,35394,35395,1
stepping,35441,35395,35441,46
grooming,35486,35441,35486,45
trotting,35513,35486,35513,27
sniffing,35588,35513,35588,75
rising,35622,35588,35622,34
walking,35623,35622,35623,1
trotting,35646,35623,35646,23
walking,35654,35646,35654,8
rearing,35683,35654,35683,29
hunching,35717,35683,35717,34
grooming,35778,35717,35778,61
sniffing,35779,35778,35779,1
rising,35792,35779,35792,13
climbing,35836,35792,35836,44
running,35866,35836,35866,30
sniffing,35981,35866,35981,115
stepping,36023,35981,36023,42
sniffing,36107,36023,36107,84
climbing,36108,36107,36108,1
grooming,36120,36108,36120,12
walking,36165,36120,36165,45
grooming,36474,36165,36474,309
stepping,36490,36474,36490,16
grooming,36680,36490,36680,190
stepping,36726,36680,36726,46
grooming,36727,36726,36727,1
hunching,36753,36727,36753,26
grooming,36921,36753,36921,168
walking,37018,36921,37018,97
stepping,37019,37018,37019,1
walking,37050,37019,37050,31
sniffing,37102,37050,37102,52
stepping,37177,37102,37177,75
sniffing,37178,37177,37178,1
stepping,37240,37178,37240,62
sniffing,37526,37240,37526,286
walking,37527,37526,37527,1
sniffing,37958,37527,37958,431
grooming,37983,37958,37983,25
trotting,38006,37983,38006,23
sniffing,38052,38006,38052,46
rearing,38095,38052,38095,43
trotting,38135,38095,38135,40
sniffing,38208,38135,38208,73
pausing,38346,38208,38346,138
sniffing,38347,38346,38347,1
climbing,38377,38347,38377,30
rising,38407,38377,38407,30
rearing,38583,38407,38583,176
climbing,38603,38583,38603,20
right_turning,38609,38603,38609,6
sniffing,38643,38609,38643,34
left_turning,38680,38643,38680,37
running,38690,38680,38690,10
rising,38726,38690,38726,36
climbing,38942,38726,38942,216
sniffing,39013,38942,39013,71
stepping,39020,39013,39020,7
trotting,39063,39020,39063,43
sniffing,39224,39063,39224,161
rising,39318,39224,39318,94
climbing,39442,39318,39442,124
rearing,39443,39442,39443,1
rising,39444,39443,39444,1
climbing,39563,39444,39563,119
stepping,39564,39563,39564,1
sniffing,39682,39564,39682,118
running,39683,39682,39683,1
right_turning,39704,39683,39704,21
stepping,39748,39704,39748,44
climbing,39789,39748,39789,41
stepping,39836,39789,39836,47
grooming,39946,39836,39946,110
climbing,40055,39946,40055,109
running,40091,40055,40091,36
trotting,40120,40091,40120,29
stepping,40131,40120,40131,11
sniffing,40171,40131,40171,40
walking,40210,40171,40210,39
stepping,40212,40210,40212,2
sniffing,40357,40212,40357,145
stepping,40374,40357,40374,17
walking,40405,40374,40405,31
sniffing,40406,40405,40406,1
walking,40438,40406,40438,32
sniffing,40565,40438,40565,127
walking,40600,40565,40600,35
stepping,40625,40600,40625,25
climbing,40651,40625,40651,26
running,40665,40651,40665,14
sniffing,40749,40665,40749,84
walking,40750,40749,40750,1
stepping,40752,40750,40752,2
walking,40786,40752,40786,34
sniffing,40807,40786,40807,21
stepping,40840,40807,40840,33
trotting,40848,40840,40848,8
stepping,40857,40848,40857,9
sniffing,41056,40857,41056,199
left_turning,41114,41056,41114,58
trotting,41161,41114,41161,47
rising,41176,41161,41176,15
climbing,41234,41176,41234,58
hunching,41248,41234,41248,14
grooming,41376,41248,41376,128
rising,41377,41376,41377,1
walking,41390,41377,41390,13
stepping,41447,41390,41447,57
grooming,41557,41447,41557,110
left_turning,41627,41557,41627,70
walking,41656,41627,41656,29
sniffing,41787,41656,41787,131
grooming,41947,41787,41947,160
hunching,41997,41947,41997,50
grooming,41998,41997,41998,1
left_turning,42020,41998,42020,22
stepping,42072,42020,42072,52
sniffing,42144,42072,42144,72
rearing,42145,42144,42145,1
climbing,42218,42145,42218,73
rearing,42268,42218,42268,50
grooming,42269,42268,42269,1
rising,42270,42269,42270,1
climbing,42367,42270,42367,97
grooming,42437,42367,42437,70
rising,42556,42437,42556,119
hunching,42569,42556,42569,13
rearing,42639,42569,42639,70
grooming,42729,42639,42729,90
rearing,42738,42729,42738,9
sniffing,42760,42738,42760,22
grooming,42957,42760,42957,197
rearing,43011,42957,43011,54
climbing,43012,43011,43012,1
sniffing,43013,43012,43013,1
left_turning,43014,43013,43014,1
grooming,43107,43014,43107,93
sniffing,43108,43107,43108,1
left_turning,43146,43108,43146,38
stepping,43176,43146,43176,30
walking,43177,43176,43177,1
stepping,43214,43177,43214,37
sniffing,43287,43214,43287,73
walking,43339,43287,43339,52
rearing,43404,43339,43404,65
left_turning,43405,43404,43405,1
walking,43437,43405,43437,32
rising,43530,43437,43530,93
grooming,43629,43530,43629,99
rising,43722,43629,43722,93
climbing,43723,43722,43723,1
stepping,43749,43723,43749,26
sniffing,43828,43749,43828,79
walking,43911,43828,43911,83
rising,43912,43911,43912,1
rearing,43913,43912,43913,1
right_turning,43930,43913,43930,17
trotting,43950,43930,43950,20
stepping,43962,43950,43962,12
walking,44007,43962,44007,45
rising,44008,44007,44008,1
grooming,44009,44008,44009,1
walking,44040,44009,44040,31
stepping,44069,44040,44069,29
walking,44108,44069,44108,39
stepping,44163,44108,44163,55
rising,44190,44163,44190,27
climbing,44295,44190,44295,105
grooming,44296,44295,44296,1
left_turning,44297,44296,44297,1
walking,44317,44297,44317,20
rising,44319,44317,44319,2
sniffing,44361,44319,44361,42
stepping,44383,44361,44383,22
trotting,44420,44383,44420,37
stepping,44449,44420,44449,29
rising,44488,44449,44488,39
rearing,44671,44488,44671,183
left_turning,44672,44671,44672,1
sniffing,44764,44672,44764,92
trotting,44776,44764,44776,12
stepping,44806,44776,44806,30
rising,44807,44806,44807,1
right_turning,44839,44807,44839,32
walking,44879,44839,44879,40
trotting,44891,44879,44891,12
sniffing,44945,44891,44945,54
grooming,45035,44945,45035,90
scratching,45036,45035,45036,1
grooming,45327,45036,45327,291
scratching,45328,45327,45328,1
grooming,45347,45328,45347,19
hunching,45434,45347,45434,87
grooming,45672,45434,45672,238
rearing,45713,45672,45713,41
grooming,45896,45713,45896,183
trotting,45947,45896,45947,51
sniffing,45982,45947,45982,35
rising,45999,45982,45999,17
hunching,46114,45999,46114,115
sniffing,46175,46114,46175,61
grooming,46695,46175,46695,520
sniffing,46698,46695,46698,3
stepping,46699,46698,46699,1
grooming,46711,46699,46711,12
walking,46765,46711,46765,54
running,46786,46765,46786,21
rising,46790,46786,46790,4
rearing,46791,46790,46791,1
grooming,46961,46791,46961,170
climbing,47034,46961,47034,73
rising,47073,47034,47073,39
rearing,47077,47073,47077,4
climbing,47118,47077,47118,41
rearing,47140,47118,47140,22
climbing,47172,47140,47172,32
stepping,47179,47172,47179,7
sniffing,47254,47179,47254,75
rising,47255,47254,47255,1
sniffing,47272,47255,47272,17
walking,47308,47272,47308,36
sniffing,47309,47308,47309,1
left_turning,47389,47309,47389,80
walking,47450,47389,47450,61
sniffing,47734,47450,47734,284
trotting,47798,47734,47798,64
rearing,47799,47798,47799,1
climbing,47951,47799,47951,152
rearing,47952,47951,47952,1
climbing,47953,47952,47953,1
stepping,48001,47953,48001,48
walking,48031,48001,48031,30
sniffing,48127,48031,48127,96
walking,48128,48127,48128,1
sniffing,48150,48128,48150,22
climbing,48247,48150,48247,97
right_turning,48248,48247,48248,1
walking,48310,48248,48310,62
sniffing,48358,48310,48358,48
grooming,48359,48358,48359,1
climbing,48448,48359,48448,89
grooming,48449,48448,48449,1
left_turning,48459,48449,48459,10
stepping,48497,48459,48497,38
sniffing,48573,48497,48573,76
walking,48633,48573,48633,60
sniffing,48686,48633,48686,53
walking,48734,48686,48734,48
right_turning,48735,48734,48735,1
stepping,48769,48735,48769,34
climbing,48782,48769,48782,13
sniffing,48814,48782,48814,32
running,48830,48814,48830,16
sniffing,48942,48830,48942,112
rising,48975,48942,48975,33
jumping,49012,48975,49012,37
walking,49081,49012,49081,69
sniffing,49128,49081,49128,47
stepping,49132,49128,49132,4
left_turning,49170,49132,49170,38
stepping,49201,49170,49201,31
rising,49302,49201,49302,101
left_turning,49320,49302,49320,18
sniffing,49321,49320,49321,1
stepping,49368,49321,49368,47
trotting,49375,49368,49375,7
stepping,49451,49375,49451,76
walking,49572,49451,49572,121
sniffing,49668,49572,49668,96
walking,49698,49668,49698,30
stepping,49733,49698,49733,35
walking,49777,49733,49777,44
trotting,49811,49777,49811,34
rearing,49931,49811,49931,120
grooming,50494,49931,50494,563
rearing,50499,50494,50499,5
rising,50500,50499,50500,1
left_turning,50559,50500,50559,59
running,50575,50559,50575,16
stepping,50576,50575,50576,1
grooming,50577,50576,50577,1
hunching,50578,50577,50578,1
rearing,50591,50578,50591,13
sniffing,50662,50591,50662,71
right_turning,50701,50662,50701,39
rising,50702,50701,50702,1
hunching,50711,50702,50711,9
climbing,50747,50711,50747,36
grooming,51011,50747,51011,264
rising,51037,51011,51037,26
left_turning,51064,51037,51064,27
grooming,51308,51064,51308,244
sniffing,51412,51308,51412,104
right_turning,51424,51412,51424,12
walking,51441,51424,51441,17
sniffing,51568,51441,51568,127
rising,51594,51568,51594,26
grooming,51907,51594,51907,313
rearing,51947,51907,51947,40
grooming,51948,51947,51948,1
hunching,52024,51948,52024,76
grooming,52346,52024,52346,322
sniffing,52410,52346,52410,64
walking,52434,52410,52434,24
stepping,52435,52434,52435,1
sniffing,52532,52435,52532,97
walking,52580,52532,52580,48
sniffing,52738,52580,52738,158
walking,52739,52738,52739,1
trotting,52758,52739,52758,19
sniffing,52834,52758,52834,76
grooming,53073,52834,53073,239
rising,53102,53073,53102,29
sniffing,53147,53102,53147,45
walking,53184,53147,53184,37
sniffing,53234,53184,53234,50
left_turning,53259,53234,53259,25
stepping,53260,53259,53260,1
left_turning,53290,53260,53290,30
walking,53291,53290,53291,1
trotting,53330,53291,53330,39
sniffing,53331,53330,53331,1
rising,53384,53331,53384,53
sniffing,53503,53384,53503,119
walking,53523,53503,53523,20
stepping,53574,53523,53574,51
sniffing,53604,53574,53604,30
trotting,53636,53604,53636,32
walking,53719,53636,53719,83
stepping,53744,53719,53744,25
walking,53816,53744,53816,72
running,53817,53816,53817,1
walking,53854,53817,53854,37
sniffing,53887,53854,53887,33
walking,53932,53887,53932,45
stepping,53955,53932,53955,23
grooming,54443,53955,54443,488
hunching,54474,54443,54474,31
rising,54520,54474,54520,46
climbing,54580,54520,54580,60
left_turning,54635,54580,54635,55
sniffing,54808,54635,54808,173
walking,54809,54808,54809,1
rising,54866,54809,54866,57
rearing,55208,54866,55208,342
climbing,55209,55208,55209,1
rising,55267,55209,55267,58
sniffing,55400,55267,55400,133
right_turning,55422,55400,55422,22
walking,55447,55422,55447,25
sniffing,55532,55447,55532,85
walking,55557,55532,55557,25
sniffing,55628,55557,55628,71
walking,55667,55628,55667,39
stepping,55675,55667,55675,8
walking,55702,55675,55702,27
sniffing,55786,55702,55786,84
stepping,55812,55786,55812,26
rising,55842,55812,55842,30
sniffing,55904,55842,55904,62
walking,55989,55904,55989,85
stepping,56021,55989,56021,32
walking,56072,56021,56072,51
grooming,56073,56072,56073,1
climbing,56088,56073,56088,15
stepping,56141,56088,56141,53
sniffing,56146,56141,56146,5
stepping,56186,56146,56186,40
grooming,56361,56186,56361,175
rearing,56420,56361,56420,59
climbing,56458,56420,56458,38
running,56489,56458,56489,31
sniffing,56522,56489,56522,33
climbing,56523,56522,56523,1
left_turning,56535,56523,56535,12
rising,56642,56535,56642,107
rearing,56664,56642,56664,22
grooming,56890,56664,56890,226
sniffing,57178,56890,57178,288
stepping,57201,57178,57201,23
right_turning,57220,57201,57220,19
trotting,57249,57220,57249,29
rising,57250,57249,57250,1
sniffing,57361,57250,57361,111
stepping,57377,57361,57377,16
walking,57378,57377,57378,1
sniffing,57379,57378,57379,1
rising,57626,57379,57626,247
climbing,57744,57626,57744,118
stepping,57763,57744,57763,19
sniffing,57829,57763,57829,66
rising,57913,57829,57913,84
walking,58000,57913,58000,87
running,58007,58000,58007,7
sniffing,58029,58007,58029,22
walking,58052,58029,58052,23
stepping,58079,58052,58079,27
running,58092,58079,58092,13
walking,58167,58092,58167,75
sniffing,58344,58167,58344,177
rearing,58345,58344,58345,1
climbing,58376,58345,58376,31
grooming,58496,58376,58496,120
rearing,58501,58496,58501,5
climbing,58604,58501,58604,103
rearing,58668,58604,58668,64
stepping,58669,58668,58669,1
sniffing,58970,58669,58970,301
left_turning,58981,58970,58981,11
rising,59029,58981,59029,48
rearing,59078,59029,59078,49
grooming,59376,59078,59376,298
walking,59421,59376,59421,45
sniffing,59529,59421,59529,108
grooming,59530,59529,59530,1
sniffing,59640,59530,59640,110
rearing,59726,59640,59726,86
sniffing,59797,59726,59797,71
grooming,59835,59797,59835,38
rearing,59865,59835,59865,30
climbing,59899,59865,59899,34
walking,59934,59899,59934,35
stepping,59957,59934,59957,23
rearing,59966,59957,59966,9
climbing,60219,59966,60219,253
left_turning,60224,60219,60224,5
rising,60263,60224,60263,39
climbing,60367,60263,60367,104
left_turning,60426,60367,60426,59
sniffing,60533,60426,60533,107
right_turning,60561,60533,60561,28
sniffing,60655,60561,60655,94
rising,60709,60655,60709,54
sniffing,60710,60709,60710,1
grooming,60792,60710,60792,82
left_turning,60856,60792,60856,64
walking,60889,60856,60889,33
hunching,60903,60889,60903,14
rising,60927,60903,60927,24
grooming,60989,60927,60989,62
sniffing,61109,60989,61109,120
right_turning,61133,61109,61133,24
walking,61150,61133,61150,17
sniffing,61160,61150,61160,10
rising,61183,61160,61183,23
climbing,61272,61183,61272,89
rearing,61323,61272,61323,51
hunching,61324,61323,61324,1
grooming,61325,61324,61325,1
climbing,61467,61325,61467,142
sniffing,61519,61467,61519,52
rising,61520,61519,61520,1
rearing,61521,61520,61521,1
walking,61590,61521,61590,69
right_turning,61601,61590,61601,11
stepping,61624,61601,61624,23
sniffing,61728,61624,61728,104
rising,61744,61728,61744,16
climbing,61779,61744,61779,35
running,61806,61779,61806,27
rearing,61836,61806,61836,30
left_turning,61837,61836,61837,1
stepping,61838,61837,61838,1
rearing,61873,61838,61873,35
rising,61889,61873,61889,16
walking,61970,61889,61970,81
rising,62028,61970,62028,58
sniffing,62086,62028,62086,58
stepping,62110,62086,62110,24
walking,62205,62110,62205,95
sniffing,62206,62205,62206,1
walking,62276,62206,62276,70
left_turning,62326,62276,62326,50
climbing,62391,62326,62391,65
rising,62480,62391,62480,89
grooming,62576,62480,62576,96
left_turning,62577,62576,62577,1
walking,62583,62577,62583,6
sniffing,62740,62583,62740,157
grooming,62792,62740,62792,52
rearing,62863,62792,62863,71
climbing,62864,62863,62864,1
trotting,62908,62864,62908,44
sniffing,62909,62908,62909,1
stepping,62923,62909,62923,14
rising,62994,62923,62994,71
climbing,62999,62994,62999,5
grooming,63068,62999,63068,69
walking,63105,63068,63105,37
sniffing,63106,63105,63106,1
right_turning,63148,63106,63148,42
sniffing,63443,63148,63443,295
climbing,63534,63443,63534,91
rearing,63535,63534,63535,1
stepping,63569,63535,63569,34
sniffing,63570,63569,63570,1
grooming,63780,63570,63780,210
sniffing,63907,63780,63907,127
stepping,63959,63907,63959,52
rising,63960,63959,63960,1
rearing,63985,63960,63985,25
sniffing,64039,63985,64039,54
stepping,64074,64039,64074,35
rising,64107,64074,64107,33
climbing,64234,64107,64234,127
stepping,64298,64234,64298,64
sniffing,64328,64298,64328,30
right_turning,64344,64328,64344,16
trotting,64363,64344,64363,19
sniffing,64374,64363,64374,11
stepping,64388,64374,64388,14
sniffing,64417,64388,64417,29
walking,64424,64417,64424,7
sniffing,64509,64424,64509,85
grooming,64682,64509,64682,173
rearing,64806,64682,64806,124
left_turning,64810,64806,64810,4
sniffing,65045,64810,65045,235
grooming,65046,65045,65046,1
sniffing,65140,65046,65140,94
left_turning,65185,65140,65185,45
walking,65250,65185,65250,65
trotting,65285,65250,65285,35
walking,65346,65285,65346,61
sniffing,65464,65346,65464,118
walking,65465,65464,65465,1
sniffing,65506,65465,65506,41
walking,65507,65506,65507,1
stepping,65508,65507,65508,1
right_turning,65554,65508,65554,46
walking,65555,65554,65555,1
stepping,65606,65555,65606,51
sniffing,65686,65606,65686,80
trotting,65782,65686,65782,96
sniffing,65840,65782,65840,58
rising,65860,65840,65860,20
sniffing,65861,65860,65861,1
trotting,65877,65861,65877,16
stepping,65912,65877,65912,35
rising,65964,65912,65964,52
left_turning,65977,65964,65977,13
grooming,66189,65977,66189,212
rearing,66210,66189,66210,21
grooming,66288,66210,66288,78
sniffing,66393,66288,66393,105
grooming,66534,66393,66534,141
rearing,66600,66534,66600,66
grooming,66751,66600,66751,151
rearing,66752,66751,66752,1
stepping,66771,66752,66771,19
rearing,66923,66771,66923,152
hunching,66924,66923,66924,1
grooming,66925,66924,66925,1
sniffing,66986,66925,66986,61
grooming,67044,66986,67044,58
sniffing,67144,67044,67144,100
walking,67212,67144,67212,68
sniffing,67213,67212,67213,1
rising,67214,67213,67214,1
climbing,67298,67214,67298,84
grooming,67420,67298,67420,122
sniffing,67570,67420,67570,150
grooming,67878,67570,67878,308
rearing,67919,67878,67919,41
stepping,67966,67919,67966,47
climbing,68046,67966,68046,80
right_turning,68118,68046,68118,72
sniffing,68119,68118,68119,1
grooming,68172,68119,68172,53
hunching,68243,68172,68243,71
grooming,68244,68243,68244,1
sniffing,68245,68244,68245,1
scratching,68246,68245,68246,1
sniffing,68257,68246,68257,11
rising,68317,68257,68317,60
climbing,68362,68317,68362,45
stepping,68406,68362,68406,44
sniffing,68437,68406,68437,31
stepping,68498,68437,68498,61
grooming,68666,68498,68666,168
rising,68667,68666,68667,1
climbing,68674,68667,68674,7
right_turning,68715,68674,68715,41
walking,68753,68715,68753,38
stepping,68754,68753,68754,1
left_turning,68796,68754,68796,42
walking,68854,68796,68854,58
sniffing,68855,68854,68855,1
left_turning,68910,68855,68910,55
walking,68944,68910,68944,34
sniffing,68945,68944,68945,1
grooming,69180,68945,69180,235
rearing,69181,69180,69181,1
climbing,69273,69181,69273,92
grooming,69274,69273,69274,1
rearing,69275,69274,69275,1
grooming,69534,69275,69534,259
sniffing,69580,69534,69580,46
climbing,69640,69580,69640,60
running,69680,69640,69680,40
trotting,69715,69680,69715,35
walking,69719,69715,69719,4
sniffing,69731,69719,69731,12
stepping,69777,69731,69777,46
sniffing,69845,69777,69845,68
grooming,70051,69845,70051,206
walking,70109,70051,70109,58
sniffing,70126,70109,70126,17
walking,70176,70126,70176,50
trotting,70206,70176,70206,30
climbing,70249,70206,70249,43
left_turning,70276,70249,70276,27
scratching,70277,70276,70277,1
sniffing,70343,70277,70343,66
rising,70397,70343,70397,54
sniffing,70592,70397,70592,195
pausing,70675,70592,70675,83
sniffing,70727,70675,70727,52
stepping,70787,70727,70787,60
sniffing,70880,70787,70880,93
stepping,70881,70880,70881,1
sniffing,71036,70881,71036,155
walking,71052,71036,71052,16
rising,71092,71052,71092,40
sniffing,71203,71092,71203,111
walking,71313,71203,71313,110
hunching,71350,71313,71350,37
grooming,71400,71350,71400,50
rearing,71411,71400,71411,11
rising,71412,71411,71412,1
stepping,71452,71412,71452,40
sniffing,71453,71452,71453,1
rising,71560,71453,71560,107
rearing,71561,71560,71561,1
climbing,71628,71561,71628,67
right_turning,71691,71628,71691,63
climbing,71694,71691,71694,3
left_turning,71718,71694,71718,24
rising,71758,71718,71758,40
left_turning,71782,71758,71782,24
trotting,71838,71782,71838,56
walking,71864,71838,71864,26
rearing,71865,71864,71865,1
grooming,71915,71865,71915,50
rearing,71940,71915,71940,25
grooming,72228,71940,72228,288
stepping,72246,72228,72246,18
sniffing,72329,72246,72329,83
walking,72425,72329,72425,96
trotting,72467,72425,72467,42
sniffing,72468,72467,72468,1
rising,72479,72468,72479,11
climbing,72522,72479,72522,43
rising,72589,72522,72589,67
rearing,72724,72589,72724,135
grooming,72851,72724,72851,127
hunching,72875,72851,72875,24
grooming,72876,72875,72876,1
sniffing,73108,72876,73108,232
walking,73158,73108,73158,50
grooming,73424,73158,73424,266
trotting,73431,73424,73431,7
walking,73476,73431,73476,45
sniffing,73616,73476,73616,140
stepping,73669,73616,73669,53
walking,73741,73669,73741,72
rearing,73742,73741,73742,1
grooming,73743,73742,73743,1
rearing,73788,73743,73788,45
sniffing,74042,73788,74042,254
scratching,74043,74042,74043,1
grooming,74247,74043,74247,204
sniffing,74387,74247,74387,140
walking,74445,74387,74445,58
sniffing,74587,74445,74587,142
stepping,74642,74587,74642,55
rearing,74734,74642,74734,92
climbing,74735,74734,74735,1
trotting,74775,74735,74775,40
walking,74818,74775,74818,43
sniffing,75006,74818,75006,188
running,75052,75006,75052,46
walking,75114,75052,75114,62
sniffing,75194,75114,75194,80
walking,75247,75194,75247,53
stepping,75286,75247,75286,39
sniffing,75389,75286,75389,103
pausing,75453,75389,75453,64
sniffing,75465,75453,75465,12
left_turning,75511,75465,75511,46
sniffing,75512,75511,75512,1
walking,75540,75512,75540,28
stepping,75588,75540,75588,48
sniffing,75651,75588,75651,63
trotting,75693,75651,75693,42
walking,75702,75693,75702,9
trotting,75711,75702,75711,9
sniffing,75838,75711,75838,127
grooming,75942,75838,75942,104
sniffing,75987,75942,75987,45
stepping,76002,75987,76002,15
rising,76003,76002,76003,1
sniffing,76067,76003,76067,64
grooming,76343,76067,76343,276
sniffing,76344,76343,76344,1
climbing,76431,76344,76431,87
rising,76469,76431,76469,38
sniffing,76602,76469,76602,133
rising,76635,76602,76635,33
walking,76700,76635,76700,65
sniffing,76768,76700,76768,68
rearing,76854,76768,76854,86
sniffing,76906,76854,76906,52
stepping,76950,76906,76950,44
sniffing,77034,76950,77034,84
climbing,77129,77034,77129,95
stepping,77169,77129,77169,40
rising,77170,77169,77170,1
climbing,77286,77170,77286,116
right_turning,77287,77286,77287,1
scratching,77288,77287,77288,1
hunching,77411,77288,77411,123
left_turning,77445,77411,77445,34
stepping,77460,77445,77460,15
sniffing,77480,77460,77480,20
stepping,77512,77480,77512,32
grooming,78085,77512,78085,573
sniffing,78127,78085,78127,42
trotting,78146,78127,78146,19
rising,78147,78146,78147,1
climbing,78320,78147,78320,173
trotting,78326,78320,78326,6
walking,78328,78326,78328,2
stepping,78349,78328,78349,21
sniffing,78402,78349,78402,53
rising,78403,78402,78403,1
climbing,78486,78403,78486,83
running,78512,78486,78512,26
sniffing,78513,78512,78513,1
walking,78536,78513,78536,23
sniffing,78537,78536,78537,1
walking,78647,78537,78647,110
sniffing,78648,78647,78648,1
walking,78716,78648,78716,68
sniffing,78817,78716,78817,101
climbing,78882,78817,78882,65
sniffing,78883,78882,78883,1
walking,78898,78883,78898,15
climbing,78915,78898,78915,17
right_turning,78934,78915,78934,19
trotting,78965,78934,78965,31
grooming,79100,78965,79100,135
rearing,79111,79100,79111,11
rising,79150,79111,79150,39
rearing,79151,79150,79151,1
climbing,79196,79151,79196,45
stepping,79223,79196,79223,27
rising,79281,79223,79281,58
walking,79298,79281,79298,17
rising,79325,79298,79325,27
grooming,79361,79325,79361,36
sniffing,79449,79361,79449,88
rearing,79536,79449,79536,87
hunching,79541,79536,79541,5
rearing,79560,79541,79560,19
climbing,79697,79560,79697,137
sniffing,79890,79697,79890,193
walking,79961,79890,79961,71
sniffing,80131,79961,80131,170
right_turning,80153,80131,80153,22
sniffing,80154,80153,80154,1
rising,80182,80154,80182,28
sniffing,80200,80182,80200,18
stepping,80218,80200,80218,18
sniffing,80247,80218,80247,29
left_turning,80321,80247,80321,74
climbing,80339,80321,80339,18
walking,80392,80339,80392,53
stepping,80482,80392,80482,90
sniffing,80581,80482,80581,99
rising,80629,80581,80629,48
rearing,80630,80629,80630,1
grooming,80631,80630,80631,1
hunching,80632,80631,80632,1
grooming,80699,80632,80699,67
sniffing,80775,80699,80775,76
walking,80832,80775,80832,57
stepping,80881,80832,80881,49
walking,80886,80881,80886,5
stepping,80887,80886,80887,1
walking,80913,80887,80913,26
sniffing,80914,80913,80914,1
rising,80915,80914,80915,1
rearing,81004,80915,81004,89
stepping,81011,81004,81011,7
sniffing,81045,81011,81045,34
walking,81086,81045,81086,41
stepping,81129,81086,81129,43
trotting,81148,81129,81148,19
walking,81149,81148,81149,1
sniffing,81150,81149,81150,1
walking,81151,81150,81151,1
rearing,81152,81151,81152,1
stepping,81178,81152,81178,26
sniffing,81255,81178,81255,77
grooming,81368,81255,81368,113
rising,81383,81368,81383,15
sniffing,81384,81383,81384,1
walking,81443,81384,81443,59
trotting,81457,81443,81457,14
sniffing,81458,81457,81458,1
right_turning,81459,81458,81459,1
grooming,81460,81459,81460,1
sniffing,81537,81460,81537,77
rearing,81594,81537,81594,57
trotting,81618,81594,81618,24
sniffing,81710,81618,81710,92
left_turning,81751,81710,81751,41
walking,81810,81751,81810,59
rising,81853,81810,81853,43
grooming,82327,81853,82327,474
stepping,82371,82327,82371,44
grooming,82534,82371,82534,163
sniffing,82603,82534,82603,69
left_turning,82641,82603,82641,38
walking,82655,82641,82655,14
rearing,82711,82655,82711,56
grooming,83181,82711,83181,470
left_turning,83208,83181,83208,27
trotting,83247,83208,83247,39
walking,83262,83247,83262,15
sniffing,83288,83262,83288,26
walking,83318,83288,83318,30
right_turning,83324,83318,83324,6
trotting,83369,83324,83369,45
sniffing,83396,83369,83396,27
grooming,83576,83396,83576,180
hunching,83621,83576,83621,45
rearing,83700,83621,83700,79
scratching,83701,83700,83701,1
walking,83739,83701,83739,38
sniffing,83984,83739,83984,245
left_turning,83985,83984,83985,1
sniffing,84105,83985,84105,120
grooming,84106,84105,84106,1
sniffing,84241,84106,84241,135
walking,84354,84241,84354,113
trotting,84411,84354,84411,57
rising,84484,84411,84484,73
grooming,84711,84484,84711,227
climbing,84768,84711,84768,57
walking,84815,84768,84815,47
sniffing,84924,84815,84924,109
walking,84943,84924,84943,19
sniffing,84944,84943,84944,1
walking,84945,84944,84945,1
rearing,84969,84945,84969,24
left_turning,85031,84969,85031,62
sniffing,85100,85031,85100,69
rearing,85101,85100,85101,1
hunching,85162,85101,85162,61
left_turning,85210,85162,85210,48
sniffing,85269,85210,85269,59
rearing,85270,85269,85270,1
stepping,85335,85270,85335,65
right_turning,85336,85335,85336,1
sniffing,85370,85336,85370,34
stepping,85371,85370,85371,1
rising,85376,85371,85376,5
sniffing,85429,85376,85429,53
walking,85486,85429,85486,57
grooming,85637,85486,85637,151
sniffing,85638,85637,85638,1
rearing,85702,85638,85702,64
walking,85725,85702,85725,23
right_turning,85738,85725,85738,13
sniffing,85865,85738,85865,127
stepping,85917,85865,85917,52
walking,85918,85917,85918,1
stepping,85967,85918,85967,49
rising,85984,85967,85984,17
rearing,86021,85984,86021,37
stepping,86071,86021,86071,50
sniffing,86106,86071,86106,35
left_turning,86156,86106,86156,50
trotting,86186,86156,86186,30
rearing,86235,86186,86235,49
hunching,86347,86235,86347,112
grooming,86524,86347,86524,177
rearing,86525,86524,86525,1
grooming,86917,86525,86917,392
hunching,87022,86917,87022,105
grooming,87023,87022,87023,1
stepping,87071,87023,87071,48
sniffing,87188,87071,87188,117
left_turning,87219,87188,87219,31
trotting,87245,87219,87245,26
rising,87246,87245,87246,1
climbing,87314,87246,87314,68
stepping,87389,87314,87389,75
sniffing,87394,87389,87394,5
climbing,87429,87394,87429,35
right_turning,87453,87429,87453,24
running,87474,87453,87474,21
grooming,87841,87474,87841,367
scratching,87842,87841,87842,1
sniffing,87843,87842,87843,1
grooming,87994,87843,87994,151
walking,87999,87994,87999,5
rising,88031,87999,88031,32
sniffing,88096,88031,88096,65
grooming,88422,88096,88422,326
sniffing,88474,88422,88474,52
walking,88475,88474,88475,1
rising,88522,88475,88522,47
stepping,88603,88522,88603,81
walking,88652,88603,88652,49
rearing,88653,88652,88653,1
grooming,88679,88653,88679,26
sniffing,88779,88679,88779,100
rearing,88836,88779,88836,57
stepping,88856,88836,88856,20
grooming,88857,88856,88857,1
sniffing,88888,88857,88888,31
rising,88932,88888,88932,44
rearing,89039,88932,89039,107
climbing,89085,89039,89085,46
grooming,89347,89085,89347,262
sniffing,89353,89347,89353,6
trotting,89397,89353,89397,44
sniffing,89398,89397,89398,1
grooming,89399,89398,89399,1
stepping,89441,89399,89441,42
sniffing,89522,89441,89522,81
walking,89547,89522,89547,25
stepping,89573,89547,89573,26
running,89588,89573,89588,15
walking,89606,89588,89606,18
stepping,89677,89606,89677,71
walking,89750,89677,89750,73
rearing,89751,89750,89751,1
walking,89821,89751,89821,70
trotting,89878,89821,89878,57
sniffing,90030,89878,90030,152
rising,90042,90030,90042,12
sniffing,90098,90042,90098,56
stepping,90149,90098,90149,51
sniffing,90311,90149,90311,162
rearing,90312,90311,90312,1
rising,90358,90312,90358,46
sniffing,90414,90358,90414,56
walking,90415,90414,90415,1
trotting,90428,90415,90428,13
walking,90468,90428,90468,40
climbing,90635,90468,90635,167
right_turning,90688,90635,90688,53
stepping,90712,90688,90712,24
sniffing,90812,90712,90812,100
walking,90861,90812,90861,49
sniffing,90873,90861,90873,12
rearing,90913,90873,90913,40
walking,90935,90913,90935,22
stepping,90970,90935,90970,35
walking,91023,90970,91023,53
stepping,91039,91023,91039,16
walking,91052,91039,91052,13
stepping,91085,91052,91085,33
rearing,91220,91085,91220,135
grooming,91913,91220,91913,693
sniffing,92011,91913,92011,98
rising,92032,92011,92032,21
sniffing,92104,92032,92104,72
stepping,92140,92104,92140,36
sniffing,92145,92140,92145,5
walking,92161,92145,92161,16
stepping,92189,92161,92189,28
sniffing,92232,92189,92232,43
right_turning,92284,92232,92284,52
walking,92334,92284,92334,50
climbing,92339,92334,92339,5
walking,92340,92339,92340,1
rising,92392,92340,92392,52
walking,92399,92392,92399,7
stepping,92407,92399,92407,8
right_turning,92412,92407,92412,5
stepping,92449,92412,92449,37
walking,92450,92449,92450,1
sniffing,92505,92450,92505,55
left_turning,92556,92505,92556,51
grooming,92817,92556,92817,261
rearing,92868,92817,92868,51
grooming,92996,92868,92996,128
rearing,93004,92996,93004,8
trotting,93059,93004,93059,55
stepping,93097,93059,93097,38
right_turning,93098,93097,93098,1
sniffing,93103,93098,93103,5
rising,93104,93103,93104,1
walking,93105,93104,93105,1
running,93140,93105,93140,35
scratching,93141,93140,93141,1
running,93173,93141,93173,32
left_turning,93234,93173,93234,61
rearing,93250,93234,93250,16
sniffing,93304,93250,93304,54
walking,93305,93304,93305,1
sniffing,93384,93305,93384,79
rearing,93440,93384,93440,56
left_turning,93507,93440,93507,67
grooming,93731,93507,93731,224
sniffing,93825,93731,93825,94
rising,93858,93825,93858,33
walking,93962,93858,93962,104
sniffing,94147,93962,94147,185
rising,94298,94147,94298,151
grooming,94299,94298,94299,1
stepping,94376,94299,94376,77
walking,94411,94376,94411,35
sniffing,94446,94411,94446,35
rising,94482,94446,94482,36
walking,94483,94482,94483,1
sniffing,94518,94483,94518,35
stepping,94552,94518,94552,34
walking,94553,94552,94553,1
sniffing,94566,94553,94566,13
rising,94607,94566,94607,41
rearing,94771,94607,94771,164
rising,94804,94771,94804,33
sniffing,94816,94804,94816,12
trotting,94844,94816,94844,28
rearing,94858,94844,94858,14
grooming,95033,94858,95033,175
sniffing,95062,95033,95062,29
walking,95129,95062,95129,67
rising,95130,95129,95130,1
sniffing,95164,95130,95164,34
stepping,95241,95164,95241,77
walking,95301,95241,95301,60
grooming,95341,95301,95341,40
rising,95426,95341,95426,85
left_turning,95431,95426,95431,5
walking,95480,95431,95480,49
stepping,95527,95480,95527,47
sniffing,95528,95527,95528,1
hunching,95546,95528,95546,18
sniffing,95592,95546,95592,46
grooming,95778,95592,95778,186
rearing,95887,95778,95887,109
climbing,96173,95887,96173,286
left_turning,96198,96173,96198,25
walking,96199,96198,96199,1
right_turning,96217,96199,96217,18
walking,96249,96217,96249,32
sniffing,96402,96249,96402,153
grooming,96612,96402,96612,210
rising,96703,96612,96703,91
climbing,96760,96703,96760,57
left_turning,96775,96760,96775,15
stepping,96801,96775,96801,26
right_turning,96840,96801,96840,39
stepping,96855,96840,96855,15
climbing,96935,96855,96935,80
rearing,96954,96935,96954,19
stepping,96976,96954,96976,22
grooming,96977,96976,96977,1
rearing,97044,96977,97044,67
hunching,97045,97044,97045,1
rearing,97176,97045,97176,131
left_turning,97212,97176,97212,36
sniffing,97305,97212,97305,93
rising,97322,97305,97322,17
sniffing,97412,97322,97412,90
trotting,97441,97412,97441,29
sniffing,97561,97441,97561,120
stepping,97587,97561,97587,26
climbing,97597,97587,97597,10
sniffing,97649,97597,97649,52
walking,97686,97649,97686,37
sniffing,97687,97686,97687,1
left_turning,97766,97687,97766,79
grooming,98150,97766,98150,384
rearing,98151,98150,98151,1
grooming,98152,98151,98152,1
sniffing,98421,98152,98421,269
left_turning,98467,98421,98467,46
sniffing,98528,98467,98528,61
stepping,98581,98528,98581,53
sniffing,98765,98581,98765,184
walking,98778,98765,98778,13
rising,98836,98778,98836,58
climbing,98905,98836,98905,69
walking,99008,98905,99008,103
sniffing,99128,99008,99128,120
trotting,99151,99128,99151,23
rearing,99288,99151,99288,137
grooming,99380,99288,99380,92
sniffing,99516,99380,99516,136
stepping,99552,99516,99552,36
trotting,99562,99552,99562,10
rising,99578,99562,99578,16
grooming,99968,99578,99968,390
sniffing,99998,99968,99998,30
rising,100043,99998,100043,45
stepping,100092,100043,100092,49
walking,100093,100092,100093,1
rising,100125,100093,100125,32
sniffing,100272,100125,100272,147
grooming,100469,100272,100469,197
rearing,100522,100469,100522,53
sniffing,100569,100522,100569,47
stepping,100612,100569,100612,43
sniffing,100676,100612,100676,64
stepping,100708,100676,100708,32
sniffing,100709,100708,100709,1
walking,100722,100709,100722,13
stepping,100743,100722,100743,21
grooming,100862,100743,100862,119
rearing,100919,100862,100919,57
rising,100920,100919,100920,1
sniffing,100921,100920,100921,1
stepping,100922,100921,100922,1
sniffing,101039,100922,101039,117
rearing,101257,101039,101257,218
sniffing,101258,101257,101258,1
rearing,101285,101258,101285,27
hunching,101310,101285,101310,25
rearing,101387,101310,101387,77
grooming,101388,101387,101388,1
rearing,101432,101388,101432,44
climbing,101451,101432,101451,19
grooming,101452,101451,101452,1
climbing,101466,101452,101466,14
rearing,101605,101466,101605,139
hunching,101611,101605,101611,6
grooming,101851,101611,101851,240
hunching,101852,101851,101852,1
grooming,102007,101852,102007,155
hunching,102008,102007,102008,1
left_turning,102059,102008,102059,51
stepping,102094,102059,102094,35
walking,102119,102094,102119,25
grooming,102407,102119,102407,288
scratching,102408,102407,102408,1
stepping,102421,102408,102421,13
rearing,102422,102421,102422,1
hunching,102441,102422,102441,19
rising,102469,102441,102469,28
rearing,102470,102469,102470,1
hunching,102558,102470,102558,88
walking,102559,102558,102559,1
sniffing,102560,102559,102560,1
walking,102631,102560,102631,71
sniffing,102730,102631,102730,99
rising,102786,102730,102786,56
sniffing,102865,102786,102865,79
stepping,102900,102865,102900,35
climbing,102926,102900,102926,26
rearing,102956,102926,102956,30
grooming,103074,102956,103074,118
left_turning,103082,103074,103082,8
walking,103121,103082,103121,39
trotting,103185,103121,103185,64
stepping,103226,103185,103226,41
walking,103227,103226,103227,1
stepping,103286,103227,103286,59
rearing,103324,103286,103324,38
grooming,103339,103324,103339,15
sniffing,103340,103339,103340,1
right_turning,103345,103340,103345,5
walking,103351,103345,103351,6
sniffing,103369,103351,103369,18
walking,103389,103369,103389,20
rising,103390,103389,103390,1
left_turning,103442,103390,103442,52
stepping,103460,103442,103460,18
grooming,103461,103460,103461,1
rising,103468,103461,103468,7
sniffing,103509,103468,103509,41
stepping,103569,103509,103569,60
walking,103593,103569,103593,24
rising,103667,103593,103667,74
rearing,103725,103667,103725,58
hunching,103765,103725,103765,40
rising,103766,103765,103766,1
walking,103803,103766,103803,37
sniffing,103987,103803,103987,184
walking,104053,103987,104053,66
stepping,104122,104053,104122,69
jumping,104123,104122,104123,1
grooming,104510,104123,104510,387
left_turning,104654,104510,104654,144
grooming,104989,104654,104989,335
scratching,104990,104989,104990,1
sniffing,105097,104990,105097,107
walking,105156,105097,105156,59
stepping,105193,105156,105193,37
rising,105241,105193,105241,48
sniffing,105242,105241,105242,1
left_turning,105270,105242,105270,28
rearing,105290,105270,105290,20
hunching,105347,105290,105347,57
grooming,105511,105347,105511,164
left_turning,105560,105511,105560,49
rising,105561,105560,105561,1
trotting,105598,105561,105598,37
sniffing,105599,105598,105599,1
walking,105618,105599,105618,19
sniffing,105732,105618,105732,114
rising,105774,105732,105774,42
sniffing,105826,105774,105826,52
walking,105853,105826,105853,27
grooming,106008,105853,106008,155
rising,106115,106008,106115,107
grooming,106116,106115,106116,1
hunching,106236,106116,106236,120
sniffing,106327,106236,106327,91
left_turning,106416,106327,106416,89
sniffing,106559,106416,106559,143
rearing,106560,106559,106560,1
rising,106639,106560,106639,79
rearing,106703,106639,106703,64
left_turning,106785,106703,106785,82
rising,106849,106785,106849,64
stepping,106894,106849,106894,45
sniffing,106979,106894,106979,85
left_turning,107041,106979,107041,62
trotting,107086,107041,107086,45
rising,107088,107086,107088,2
grooming,107249,107088,107249,161
sniffing,107399,107249,107399,150
rising,107400,107399,107400,1
climbing,107440,107400,107440,40
stepping,107459,107440,107459,19
sniffing,107460,107459,107460,1
hunching,107482,107460,107482,22
rearing,107525,107482,107525,43
rising,107551,107525,107551,26
stepping,107583,107551,107583,32
rising,107604,107583,107604,21
climbing,107680,107604,107680,76
rearing,107681,107680,107681,1
hunching,107747,107681,107747,66
stepping,107748,107747,107748,1
walking,107777,107748,107777,29
sniffing,107853,107777,107853,76
grooming,107854,107853,107854,1
rearing,107890,107854,107890,36
hunching,108000,107890,108000,110
