revised_movement_label,segBoundary,segBoundary_start,segBoundary_end,length
sniffing,1,0,1,1
walking,67,1,67,66
sniffing,68,67,68,1
grooming,156,68,156,88
rearing,184,156,184,28
left_turning,187,184,187,3
rearing,279,187,279,92
climbing,342,279,342,63
right_turning,380,342,380,38
sniffing,381,380,381,1
walking,504,381,504,123
trotting,540,504,540,36
rising,602,540,602,62
rearing,738,602,738,136
climbing,792,738,792,54
grooming,880,792,880,88
stepping,961,880,961,81
sniffing,979,961,979,18
rising,1006,979,1006,27
stepping,1038,1006,1038,32
trotting,1100,1038,1100,62
walking,1206,1100,1206,106
stepping,1237,1206,1237,31
walking,1238,1237,1238,1
stepping,1239,1238,1239,1
walking,1262,1239,1262,23
sniffing,1303,1262,1303,41
stepping,1312,1303,1312,9
sniffing,1341,1312,1341,29
rising,1448,1341,1448,107
sniffing,1449,1448,1449,1
trotting,1487,1449,1487,38
walking,1522,1487,1522,35
sniffing,1572,1522,1572,50
left_turning,1582,1572,1582,10
hunching,1592,1582,1592,10
sniffing,1598,1592,1598,6
rising,1612,1598,1612,14
walking,1648,1612,1648,36
right_turning,1717,1648,1717,69
running,1753,1717,1753,36
trotting,1836,1753,1836,83
sniffing,1880,1836,1880,44
stepping,1949,1880,1949,69
walking,2021,1949,2021,72
rising,2022,2021,2022,1
left_turning,2039,2022,2039,17
stepping,2104,2039,2104,65
walking,2150,2104,2150,46
trotting,2187,2150,2187,37
stepping,2272,2187,2272,85
grooming,2372,2272,2372,100
sniffing,2373,2372,2373,1
running,2396,2373,2396,23
walking,2402,2396,2402,6
stepping,2467,2402,2467,65
walking,2500,2467,2500,33
sniffing,2501,2500,2501,1
grooming,2568,2501,2568,67
walking,2592,2568,2592,24
stepping,2686,2592,2686,94
sniffing,2731,2686,2731,45
stepping,2768,2731,2768,37
rising,2769,2768,2769,1
sniffing,2801,2769,2801,32
running,2825,2801,2825,24
trotting,2874,2825,2874,49
walking,2903,2874,2903,29
rising,2937,2903,2937,34
grooming,3022,2937,3022,85
walking,3078,3022,3078,56
stepping,3118,3078,3118,40
rearing,3173,3118,3173,55
sniffing,3278,3173,3278,105
trotting,3291,3278,3291,13
stepping,3327,3291,3327,36
right_turning,3379,3327,3379,52
stepping,3422,3379,3422,43
grooming,3437,3422,3437,15
hunching,3470,3437,3470,33
running,3494,3470,3494,24
stepping,3503,3494,3503,9
sniffing,3504,3503,3504,1
rising,3534,3504,3534,30
sniffing,3586,3534,3586,52
grooming,3658,3586,3658,72
trotting,3687,3658,3687,29
stepping,3727,3687,3727,40
sniffing,3757,3727,3757,30
walking,3762,3757,3762,5
stepping,3805,3762,3805,43
sniffing,3867,3805,3867,62
walking,3931,3867,3931,64
rising,3958,3931,3958,27
grooming,3959,3958,3959,1
left_turning,3997,3959,3997,38
stepping,4038,3997,4038,41
walking,4039,4038,4039,1
sniffing,4145,4039,4145,106
rising,4174,4145,4174,29
sniffing,4273,4174,4273,99
walking,4322,4273,4322,49
rising,4335,4322,4335,13
left_turning,4386,4335,4386,51
trotting,4405,4386,4405,19
grooming,4528,4405,4528,123
stepping,4533,4528,4533,5
walking,4534,4533,4534,1
sniffing,4684,4534,4684,150
right_turning,4741,4684,4741,57
walking,4792,4741,4792,51
rising,4793,4792,4793,1
stepping,4794,4793,4794,1
sniffing,4905,4794,4905,111
rising,4906,4905,4906,1
sniffing,4984,4906,4984,78
stepping,4993,4984,4993,9
rising,5005,4993,5005,12
stepping,5031,5005,5031,26
walking,5071,5031,5071,40
stepping,5145,5071,5145,74
sniffing,5146,5145,5146,1
left_turning,5183,5146,5183,37
sniffing,5330,5183,5330,147
walking,5435,5330,5435,105
grooming,5588,5435,5588,153
walking,5629,5588,5629,41
stepping,5718,5629,5718,89
rising,5793,5718,5793,75
grooming,5898,5793,5898,105
sniffing,5899,5898,5899,1
walking,5980,5899,5980,81
stepping,6010,5980,6010,30
sniffing,6058,6010,6058,48
rising,6131,6058,6131,73
left_turning,6137,6131,6137,6
sniffing,6156,6137,6156,19
rising,6169,6156,6169,13
grooming,6170,6169,6170,1
running,6181,6170,6181,11
walking,6219,6181,6219,38
running,6227,6219,6227,8
sniffing,6237,6227,6237,10
grooming,6270,6237,6270,33
rearing,6349,6270,6349,79
sniffing,6352,6349,6352,3
grooming,6354,6352,6354,2
rising,6355,6354,6355,1
stepping,6356,6355,6356,1
sniffing,6380,6356,6380,24
grooming,6381,6380,6381,1
left_turning,6433,6381,6433,52
grooming,6434,6433,6434,1
running,6471,6434,6471,37
trotting,6502,6471,6502,31
rising,6513,6502,6513,11
rearing,6524,6513,6524,11
hunching,6538,6524,6538,14
stepping,6539,6538,6539,1
sniffing,6540,6539,6540,1
grooming,6636,6540,6636,96
left_turning,6652,6636,6652,16
sniffing,6723,6652,6723,71
running,6757,6723,6757,34
walking,6879,6757,6879,122
stepping,6916,6879,6916,37
rising,6947,6916,6947,31
stepping,7014,6947,7014,67
walking,7034,7014,7034,20
sniffing,7035,7034,7035,1
walking,7068,7035,7068,33
stepping,7081,7068,7081,13
sniffing,7119,7081,7119,38
grooming,7250,7119,7250,131
left_turning,7296,7250,7296,46
stepping,7393,7296,7393,97
rising,7400,7393,7400,7
right_turning,7440,7400,7440,40
trotting,7457,7440,7457,17
walking,7530,7457,7530,73
sniffing,7629,7530,7629,99
right_turning,7667,7629,7667,38
sniffing,7719,7667,7719,52
rising,7788,7719,7788,69
trotting,7821,7788,7821,33
stepping,7835,7821,7835,14
walking,7873,7835,7873,38
stepping,7890,7873,7890,17
rising,7907,7890,7907,17
sniffing,8013,7907,8013,106
right_turning,8038,8013,8038,25
stepping,8056,8038,8056,18
walking,8121,8056,8121,65
sniffing,8122,8121,8122,1
walking,8150,8122,8150,28
trotting,8180,8150,8180,30
sniffing,8383,8180,8383,203
walking,8407,8383,8407,24
stepping,8465,8407,8465,58
sniffing,8519,8465,8519,54
hunching,8539,8519,8539,20
grooming,8682,8539,8682,143
rising,8762,8682,8762,80
rearing,8798,8762,8798,36
sniffing,8888,8798,8888,90
walking,8918,8888,8918,30
stepping,8956,8918,8956,38
sniffing,8973,8956,8973,17
rising,9003,8973,9003,30
grooming,9034,9003,9034,31
rearing,9100,9034,9100,66
hunching,9128,9100,9128,28
grooming,9382,9128,9382,254
sniffing,9439,9382,9439,57
left_turning,9457,9439,9457,18
sniffing,9549,9457,9549,92
grooming,9670,9549,9670,121
sniffing,9683,9670,9683,13
walking,9698,9683,9698,15
rearing,9699,9698,9699,1
climbing,9753,9699,9753,54
running,9754,9753,9754,1
walking,9792,9754,9792,38
stepping,9845,9792,9845,53
rising,9870,9845,9870,25
left_turning,9884,9870,9884,14
sniffing,9972,9884,9972,88
stepping,10018,9972,10018,46
sniffing,10037,10018,10037,19
walking,10077,10037,10077,40
sniffing,10130,10077,10130,53
stepping,10151,10130,10151,21
sniffing,10219,10151,10219,68
rising,10235,10219,10235,16
stepping,10250,10235,10250,15
sniffing,10293,10250,10293,43
grooming,10309,10293,10309,16
trotting,10340,10309,10340,31
walking,10368,10340,10368,28
trotting,10393,10368,10393,25
running,10427,10393,10427,34
sniffing,10598,10427,10598,171
left_turning,10655,10598,10655,57
rearing,10691,10655,10691,36
grooming,10770,10691,10770,79
stepping,10771,10770,10771,1
grooming,10893,10771,10893,122
sniffing,10900,10893,10900,7
stepping,10939,10900,10939,39
rising,10978,10939,10978,39
hunching,11000,10978,11000,22
grooming,11163,11000,11163,163
rearing,11233,11163,11233,70
grooming,11378,11233,11378,145
hunching,11381,11378,11381,3
rearing,11468,11381,11468,87
walking,11520,11468,11520,52
trotting,11545,11520,11545,25
rising,11577,11545,11577,32
sniffing,11631,11577,11631,54
walking,11636,11631,11636,5
rearing,11712,11636,11712,76
climbing,11727,11712,11727,15
running,11737,11727,11737,10
grooming,11830,11737,11830,93
sniffing,11883,11830,11883,53
grooming,11884,11883,11884,1
climbing,11941,11884,11941,57
left_turning,11953,11941,11953,12
walking,11954,11953,11954,1
climbing,11986,11954,11986,32
grooming,12001,11986,12001,15
trotting,12047,12001,12047,46
rearing,12048,12047,12048,1
climbing,12107,12048,12107,59
sniffing,12134,12107,12134,27
climbing,12245,12134,12245,111
grooming,12340,12245,12340,95
sniffing,12374,12340,12374,34
rising,12468,12374,12468,94
sniffing,12538,12468,12538,70
hunching,12539,12538,12539,1
rearing,12540,12539,12540,1
walking,12615,12540,12615,75
sniffing,12729,12615,12729,114
rising,12787,12729,12787,58
grooming,12838,12787,12838,51
climbing,12908,12838,12908,70
left_turning,12912,12908,12912,4
climbing,12933,12912,12933,21
left_turning,12983,12933,12983,50
stepping,13039,12983,13039,56
rising,13055,13039,13055,16
stepping,13089,13055,13089,34
grooming,13108,13089,13108,19
rearing,13114,13108,13114,6
left_turning,13156,13114,13156,42
sniffing,13226,13156,13226,70
rearing,13227,13226,13227,1
grooming,13228,13227,13228,1
stepping,13305,13228,13305,77
sniffing,13479,13305,13479,174
grooming,13590,13479,13590,111
trotting,13653,13590,13653,63
left_turning,13664,13653,13664,11
trotting,13677,13664,13677,13
walking,13678,13677,13678,1
sniffing,13776,13678,13776,98
walking,13785,13776,13785,9
sniffing,13786,13785,13786,1
rising,13831,13786,13831,45
sniffing,13927,13831,13927,96
hunching,13971,13927,13971,44
grooming,14053,13971,14053,82
rising,14064,14053,14064,11
sniffing,14137,14064,14137,73
running,14155,14137,14155,18
walking,14263,14155,14263,108
sniffing,14300,14263,14300,37
left_turning,14377,14300,14377,77
walking,14423,14377,14423,46
rising,14481,14423,14481,58
rearing,14573,14481,14573,92
hunching,14584,14573,14584,11
grooming,14837,14584,14837,253
sniffing,14840,14837,14840,3
walking,14844,14840,14844,4
sniffing,14845,14844,14845,1
stepping,14887,14845,14887,42
sniffing,14963,14887,14963,76
stepping,14984,14963,14984,21
rising,14985,14984,14985,1
grooming,15089,14985,15089,104
climbing,15146,15089,15146,57
grooming,15164,15146,15164,18
hunching,15187,15164,15187,23
grooming,15290,15187,15290,103
stepping,15327,15290,15327,37
climbing,15362,15327,15362,35
grooming,15570,15362,15570,208
hunching,15599,15570,15599,29
grooming,15879,15599,15879,280
walking,15913,15879,15913,34
rising,15987,15913,15987,74
grooming,15988,15987,15988,1
stepping,16055,15988,16055,67
sniffing,16064,16055,16064,9
grooming,16263,16064,16263,199
stepping,16315,16263,16315,52
walking,16404,16315,16404,89
sniffing,16425,16404,16425,21
hunching,16460,16425,16460,35
rearing,16549,16460,16549,89
climbing,16582,16549,16582,33
left_turning,16623,16582,16623,41
stepping,16722,16623,16722,99
walking,16774,16722,16774,52
rising,16837,16774,16837,63
left_turning,16838,16837,16838,1
walking,16873,16838,16873,35
stepping,16919,16873,16919,46
grooming,16924,16919,16924,5
hunching,16947,16924,16947,23
grooming,16989,16947,16989,42
rearing,17089,16989,17089,100
climbing,17137,17089,17137,48
grooming,17388,17137,17388,251
right_turning,17405,17388,17405,17
walking,17419,17405,17419,14
sniffing,17514,17419,17514,95
left_turning,17548,17514,17548,34
sniffing,17575,17548,17575,27
rising,17576,17575,17576,1
left_turning,17577,17576,17577,1
walking,17606,17577,17606,29
stepping,17666,17606,17666,60
sniffing,17730,17666,17730,64
walking,17829,17730,17829,99
sniffing,17830,17829,17830,1
climbing,17901,17830,17901,71
right_turning,17908,17901,17908,7
climbing,17977,17908,17977,69
grooming,17984,17977,17984,7
rising,18002,17984,18002,18
climbing,18030,18002,18030,28
walking,18104,18030,18104,74
stepping,18175,18104,18175,71
rearing,18225,18175,18225,50
sniffing,18381,18225,18381,156
walking,18402,18381,18402,21
climbing,18403,18402,18403,1
grooming,18508,18403,18508,105
left_turning,18569,18508,18569,61
sniffing,18570,18569,18570,1
walking,18595,18570,18595,25
sniffing,18656,18595,18656,61
rearing,18749,18656,18749,93
grooming,18947,18749,18947,198
sniffing,19074,18947,19074,127
grooming,19122,19074,19122,48
rising,19162,19122,19162,40
sniffing,19187,19162,19187,25
right_turning,19188,19187,19188,1
walking,19189,19188,19189,1
climbing,19246,19189,19246,57
rising,19285,19246,19285,39
climbing,19342,19285,19342,57
sniffing,19343,19342,19343,1
grooming,19344,19343,19344,1
hunching,19362,19344,19362,18
right_turning,19413,19362,19413,51
sniffing,19539,19413,19539,126
stepping,19540,19539,19540,1
sniffing,19541,19540,19541,1
grooming,19733,19541,19733,192
rising,19781,19733,19781,48
climbing,19858,19781,19858,77
rising,19875,19858,19875,17
walking,19932,19875,19932,57
sniffing,19965,19932,19965,33
grooming,20035,19965,20035,70
running,20036,20035,20036,1
sniffing,20102,20036,20102,66
grooming,20147,20102,20147,45
rearing,20261,20147,20261,114
grooming,20387,20261,20387,126
rearing,20454,20387,20454,67
walking,20488,20454,20488,34
rearing,20742,20488,20742,254
hunching,20802,20742,20802,60
rising,20805,20802,20805,3
climbing,20887,20805,20887,82
grooming,21168,20887,21168,281
sniffing,21219,21168,21219,51
rising,21290,21219,21290,71
climbing,21321,21290,21321,31
grooming,21322,21321,21322,1
stepping,21404,21322,21404,82
sniffing,21450,21404,21450,46
walking,21544,21450,21544,94
stepping,21545,21544,21545,1
right_turning,21575,21545,21575,30
walking,21587,21575,21587,12
stepping,21605,21587,21605,18
grooming,21606,21605,21606,1
stepping,21680,21606,21680,74
rising,21694,21680,21694,14
sniffing,21785,21694,21785,91
grooming,21856,21785,21856,71
hunching,21864,21856,21864,8
right_turning,21891,21864,21891,27
rising,21911,21891,21911,20
walking,21968,21911,21968,57
hunching,21986,21968,21986,18
grooming,21987,21986,21987,1
running,22024,21987,22024,37
sniffing,22154,22024,22154,130
grooming,22155,22154,22155,1
rearing,22158,22155,22158,3
climbing,22197,22158,22197,39
sniffing,22243,22197,22243,46
stepping,22273,22243,22273,30
walking,22334,22273,22334,61
sniffing,22335,22334,22335,1
stepping,22348,22335,22348,13
sniffing,22357,22348,22357,9
rising,22431,22357,22431,74
stepping,22513,22431,22513,82
grooming,22514,22513,22514,1
walking,22537,22514,22537,23
stepping,22596,22537,22596,59
sniffing,22777,22596,22777,181
rising,22817,22777,22817,40
grooming,23077,22817,23077,260
rearing,23170,23077,23170,93
stepping,23224,23170,23224,54
sniffing,23303,23224,23303,79
rising,23345,23303,23345,42
grooming,23518,23345,23518,173
hunching,23620,23518,23620,102
rising,23641,23620,23641,21
sniffing,23742,23641,23742,101
right_turning,23743,23742,23743,1
trotting,23771,23743,23771,28
walking,23781,23771,23781,10
running,23822,23781,23822,41
rising,23850,23822,23850,28
stepping,23906,23850,23906,56
sniffing,23948,23906,23948,42
hunching,24017,23948,24017,69
left_turning,24039,24017,24039,22
trotting,24046,24039,24046,7
walking,24072,24046,24072,26
stepping,24075,24072,24075,3
walking,24076,24075,24076,1
climbing,24107,24076,24107,31
rearing,24211,24107,24211,104
hunching,24228,24211,24228,17
grooming,24388,24228,24388,160
hunching,24455,24388,24455,67
grooming,24517,24455,24517,62
sniffing,24655,24517,24655,138
rising,24755,24655,24755,100
rearing,24856,24755,24856,101
walking,24919,24856,24919,63
stepping,24991,24919,24991,72
sniffing,25127,24991,25127,136
left_turning,25144,25127,25144,17
trotting,25176,25144,25176,32
walking,25218,25176,25218,42
grooming,25409,25218,25409,191
trotting,25427,25409,25427,18
walking,25439,25427,25439,12
sniffing,25486,25439,25486,47
hunching,25528,25486,25528,42
rearing,25613,25528,25613,85
walking,25614,25613,25614,1
sniffing,25643,25614,25643,29
walking,25646,25643,25646,3
sniffing,25674,25646,25674,28
right_turning,25675,25674,25675,1
sniffing,25735,25675,25735,60
grooming,26026,25735,26026,291
sniffing,26057,26026,26057,31
rising,26153,26057,26153,96
walking,26169,26153,26169,16
sniffing,26188,26169,26188,19
walking,26273,26188,26273,85
rising,26282,26273,26282,9
walking,26328,26282,26328,46
sniffing,26383,26328,26383,55
stepping,26450,26383,26450,67
walking,26484,26450,26484,34
rising,26518,26484,26518,34
sniffing,26692,26518,26692,174
right_turning,26729,26692,26729,37
sniffing,26826,26729,26826,97
grooming,26887,26826,26887,61
rearing,26891,26887,26891,4
grooming,26892,26891,26892,1
stepping,26893,26892,26893,1
walking,27016,26893,27016,123
right_turning,27060,27016,27060,44
stepping,27068,27060,27068,8
rising,27113,27068,27113,45
left_turning,27156,27113,27156,43
grooming,27285,27156,27285,129
rearing,27298,27285,27298,13
grooming,27301,27298,27301,3
walking,27336,27301,27336,35
stepping,27415,27336,27415,79
sniffing,27431,27415,27431,16
stepping,27458,27431,27458,27
walking,27533,27458,27533,75
sniffing,27688,27533,27688,155
rising,27719,27688,27719,31
sniffing,27720,27719,27720,1
grooming,27742,27720,27742,22
rising,27743,27742,27743,1
climbing,27822,27743,27822,79
stepping,27850,27822,27850,28
sniffing,27884,27850,27884,34
climbing,27972,27884,27972,88
grooming,27973,27972,27973,1
running,28030,27973,28030,57
walking,28055,28030,28055,25
stepping,28095,28055,28095,40
walking,28145,28095,28145,50
sniffing,28227,28145,28227,82
rearing,28279,28227,28279,52
grooming,28330,28279,28330,51
sniffing,28331,28330,28331,1
walking,28398,28331,28398,67
stepping,28440,28398,28440,42
climbing,28494,28440,28494,54
running,28514,28494,28514,20
sniffing,28519,28514,28519,5
climbing,28581,28519,28581,62
walking,28629,28581,28629,48
rising,28630,28629,28630,1
sniffing,28803,28630,28803,173
stepping,28820,28803,28820,17
walking,28855,28820,28855,35
rising,28856,28855,28856,1
sniffing,28903,28856,28903,47
stepping,28932,28903,28932,29
sniffing,29009,28932,29009,77
rising,29012,29009,29012,3
walking,29025,29012,29025,13
rising,29063,29025,29063,38
right_turning,29108,29063,29108,45
walking,29185,29108,29185,77
grooming,29186,29185,29186,1
sniffing,29276,29186,29276,90
left_turning,29284,29276,29284,8
grooming,29622,29284,29622,338
right_turning,29634,29622,29634,12
grooming,29783,29634,29783,149
sniffing,29803,29783,29803,20
right_turning,29805,29803,29805,2
sniffing,29846,29805,29846,41
stepping,29875,29846,29875,29
trotting,29898,29875,29898,23
stepping,29952,29898,29952,54
sniffing,30027,29952,30027,75
left_turning,30085,30027,30085,58
trotting,30096,30085,30096,11
left_turning,30166,30096,30166,70
sniffing,30167,30166,30167,1
grooming,30231,30167,30231,64
left_turning,30232,30231,30232,1
walking,30303,30232,30303,71
left_turning,30336,30303,30336,33
stepping,30346,30336,30346,10
walking,30449,30346,30449,103
left_turning,30479,30449,30479,30
sniffing,30526,30479,30526,47
right_turning,30592,30526,30592,66
climbing,30612,30592,30612,20
grooming,30738,30612,30738,126
left_turning,30790,30738,30790,52
grooming,30902,30790,30902,112
sniffing,31268,30902,31268,366
climbing,31322,31268,31322,54
rising,31407,31322,31407,85
climbing,31478,31407,31478,71
running,31531,31478,31531,53
walking,31582,31531,31582,51
sniffing,31650,31582,31650,68
climbing,31750,31650,31750,100
grooming,32233,31750,32233,483
walking,32244,32233,32244,11
grooming,32245,32244,32245,1
scratching,32246,32245,32246,1
grooming,32247,32246,32247,1
walking,32292,32247,32292,45
left_turning,32336,32292,32336,44
trotting,32365,32336,32365,29
sniffing,32471,32365,32471,106
rising,32481,32471,32481,10
trotting,32545,32481,32545,64
rising,32673,32545,32673,128
walking,32716,32673,32716,43
rising,32780,32716,32780,64
rearing,32849,32780,32849,69
left_turning,32855,32849,32855,6
stepping,32874,32855,32874,19
climbing,32909,32874,32909,35
sniffing,32948,32909,32948,39
walking,32992,32948,32992,44
sniffing,33079,32992,33079,87
walking,33112,33079,33112,33
rearing,33115,33112,33115,3
right_turning,33145,33115,33145,30
walking,33178,33145,33178,33
stepping,33233,33178,33233,55
climbing,33302,33233,33302,69
rearing,33409,33302,33409,107
hunching,33467,33409,33467,58
rising,33468,33467,33468,1
grooming,33563,33468,33563,95
walking,33591,33563,33591,28
rising,33592,33591,33592,1
stepping,33640,33592,33640,48
grooming,33793,33640,33793,153
right_turning,33794,33793,33794,1
trotting,33841,33794,33841,47
sniffing,33888,33841,33888,47
stepping,33930,33888,33930,42
rising,33999,33930,33999,69
climbing,34072,33999,34072,73
walking,34073,34072,34073,1
rising,34074,34073,34074,1
stepping,34096,34074,34096,22
walking,34111,34096,34111,15
hunching,34179,34111,34179,68
rearing,34226,34179,34226,47
grooming,34461,34226,34461,235
sniffing,34502,34461,34502,41
walking,34541,34502,34541,39
sniffing,34632,34541,34632,91
grooming,34856,34632,34856,224
sniffing,34857,34856,34857,1
rising,34876,34857,34876,19
grooming,35229,34876,35229,353
rising,35258,35229,35258,29
left_turning,35316,35258,35316,58
trotting,35319,35316,35319,3
sniffing,35324,35319,35324,5
rising,35370,35324,35370,46
climbing,35449,35370,35449,79
walking,35487,35449,35487,38
stepping,35536,35487,35536,49
sniffing,35566,35536,35566,30
walking,35606,35566,35606,40
trotting,35627,35606,35627,21
walking,35683,35627,35683,56
climbing,35727,35683,35727,44
sniffing,35750,35727,35750,23
walking,35787,35750,35787,37
grooming,35788,35787,35788,1
left_turning,35839,35788,35839,51
stepping,35860,35839,35860,21
sniffing,35968,35860,35968,108
stepping,35980,35968,35980,12
rising,36008,35980,36008,28
left_turning,36087,36008,36087,79
stepping,36153,36087,36153,66
grooming,36247,36153,36247,94
rearing,36299,36247,36299,52
walking,36321,36299,36321,22
sniffing,36408,36321,36408,87
rising,36481,36408,36481,73
rearing,36498,36481,36498,17
sniffing,36546,36498,36546,48
stepping,36566,36546,36566,20
sniffing,36687,36566,36687,121
stepping,36745,36687,36745,58
sniffing,36800,36745,36800,55
walking,36828,36800,36828,28
trotting,36880,36828,36880,52
climbing,36986,36880,36986,106
left_turning,36990,36986,36990,4
sniffing,36991,36990,36991,1
running,37010,36991,37010,19
left_turning,37054,37010,37054,44
walking,37115,37054,37115,61
sniffing,37237,37115,37237,122
grooming,37252,37237,37252,15
trotting,37265,37252,37265,13
sniffing,37266,37265,37266,1
rising,37314,37266,37314,48
sniffing,37381,37314,37381,67
stepping,37407,37381,37407,26
sniffing,37442,37407,37442,35
rising,37479,37442,37479,37
stepping,37548,37479,37548,69
climbing,37614,37548,37614,66
grooming,37678,37614,37678,64
rearing,37724,37678,37724,46
walking,37789,37724,37789,65
stepping,37813,37789,37813,24
grooming,37814,37813,37814,1
rearing,37918,37814,37918,104
stepping,37941,37918,37941,23
grooming,38042,37941,38042,101
stepping,38089,38042,38089,47
sniffing,38159,38089,38159,70
walking,38215,38159,38215,56
rearing,38352,38215,38352,137
climbing,38448,38352,38448,96
trotting,38490,38448,38490,42
sniffing,38491,38490,38491,1
stepping,38500,38491,38500,9
walking,38524,38500,38524,24
sniffing,38628,38524,38628,104
rearing,38697,38628,38697,69
climbing,38748,38697,38748,51
rearing,38766,38748,38766,18
grooming,38811,38766,38811,45
hunching,38835,38811,38835,24
stepping,38876,38835,38876,41
walking,38911,38876,38911,35
sniffing,38933,38911,38933,22
climbing,38981,38933,38981,48
rising,39051,38981,39051,70
rearing,39122,39051,39122,71
rising,39123,39122,39123,1
climbing,39147,39123,39147,24
sniffing,39207,39147,39207,60
right_turning,39235,39207,39235,28
walking,39288,39235,39288,53
stepping,39300,39288,39300,12
rising,39353,39300,39353,53
climbing,39389,39353,39389,36
running,39427,39389,39427,38
rising,39488,39427,39488,61
climbing,39603,39488,39603,115
rearing,39648,39603,39648,45
left_turning,39691,39648,39691,43
stepping,39723,39691,39723,32
walking,39730,39723,39730,7
trotting,39756,39730,39756,26
stepping,39792,39756,39792,36
sniffing,39793,39792,39793,1
trotting,39816,39793,39816,23
walking,39876,39816,39876,60
stepping,39923,39876,39923,47
rising,39963,39923,39963,40
walking,40011,39963,40011,48
trotting,40034,40011,40034,23
sniffing,40096,40034,40096,62
walking,40130,40096,40130,34
grooming,40161,40130,40161,31
walking,40192,40161,40192,31
sniffing,40269,40192,40269,77
stepping,40289,40269,40289,20
sniffing,40365,40289,40365,76
rising,40385,40365,40385,20
grooming,40405,40385,40405,20
hunching,40438,40405,40438,33
rearing,40516,40438,40516,78
walking,40538,40516,40538,22
sniffing,40597,40538,40597,59
rearing,40652,40597,40652,55
sniffing,40653,40652,40653,1
rearing,40716,40653,40716,63
climbing,40859,40716,40859,143
left_turning,40917,40859,40917,58
walking,40969,40917,40969,52
sniffing,41012,40969,41012,43
trotting,41021,41012,41021,9
sniffing,41193,41021,41193,172
left_turning,41228,41193,41228,35
grooming,41383,41228,41383,155
stepping,41397,41383,41397,14
rearing,41418,41397,41418,21
hunching,41428,41418,41428,10
rising,41452,41428,41452,24
trotting,41466,41452,41466,14
sniffing,41467,41466,41467,1
stepping,41496,41467,41496,29
sniffing,41567,41496,41567,71
stepping,41591,41567,41591,24
rising,41636,41591,41636,45
grooming,41637,41636,41637,1
left_turning,41649,41637,41649,12
walking,41657,41649,41657,8
rearing,41713,41657,41713,56
rising,41792,41713,41792,79
rearing,41793,41792,41793,1
climbing,41859,41793,41859,66
stepping,41877,41859,41877,18
sniffing,42059,41877,42059,182
rising,42094,42059,42094,35
rearing,42153,42094,42153,59
hunching,42154,42153,42154,1
grooming,42356,42154,42356,202
walking,42381,42356,42381,25
rising,42397,42381,42397,16
climbing,42414,42397,42414,17
stepping,42463,42414,42463,49
sniffing,42579,42463,42579,116
rising,42654,42579,42654,75
climbing,42730,42654,42730,76
running,42757,42730,42757,27
sniffing,42758,42757,42758,1
rising,42799,42758,42799,41
climbing,42819,42799,42819,20
trotting,42849,42819,42849,30
stepping,42878,42849,42878,29
walking,42951,42878,42951,73
stepping,43024,42951,43024,73
walking,43034,43024,43034,10
sniffing,43109,43034,43109,75
grooming,43110,43109,43110,1
climbing,43111,43110,43111,1
grooming,43118,43111,43118,7
hunching,43131,43118,43131,13
rearing,43307,43131,43307,176
hunching,43531,43307,43531,224
grooming,43649,43531,43649,118
rearing,43701,43649,43701,52
grooming,43712,43701,43712,11
running,43739,43712,43739,27
stepping,43757,43739,43757,18
walking,43854,43757,43854,97
stepping,43871,43854,43871,17
grooming,44220,43871,44220,349
rearing,44287,44220,44287,67
climbing,44288,44287,44288,1
running,44326,44288,44326,38
walking,44403,44326,44403,77
stepping,44438,44403,44438,35
trotting,44439,44438,44439,1
sniffing,44452,44439,44452,13
stepping,44475,44452,44475,23
walking,44484,44475,44484,9
sniffing,44495,44484,44495,11
rearing,44546,44495,44546,51
grooming,44611,44546,44611,65
rising,44699,44611,44699,88
right_turning,44725,44699,44725,26
grooming,44798,44725,44798,73
rearing,44868,44798,44868,70
stepping,44927,44868,44927,59
left_turning,44928,44927,44928,1
grooming,45069,44928,45069,141
sniffing,45164,45069,45164,95
right_turning,45192,45164,45192,28
walking,45231,45192,45231,39
left_turning,45299,45231,45299,68
rising,45300,45299,45300,1
trotting,45301,45300,45301,1
walking,45366,45301,45366,65
stepping,45394,45366,45394,28
rising,45404,45394,45404,10
climbing,45495,45404,45495,91
grooming,45496,45495,45496,1
rearing,45512,45496,45512,16
hunching,45557,45512,45557,45
grooming,45814,45557,45814,257
left_turning,45855,45814,45855,41
stepping,45899,45855,45899,44
sniffing,45995,45899,45995,96
trotting,46004,45995,46004,9
walking,46092,46004,46092,88
trotting,46125,46092,46125,33
walking,46187,46125,46187,62
sniffing,46188,46187,46188,1
stepping,46246,46188,46246,58
right_turning,46254,46246,46254,8
stepping,46299,46254,46299,45
rising,46300,46299,46300,1
climbing,46368,46300,46368,68
stepping,46370,46368,46370,2
rearing,46433,46370,46433,63
climbing,46587,46433,46587,154
walking,46678,46587,46678,91
stepping,46690,46678,46690,12
sniffing,46763,46690,46763,73
stepping,46764,46763,46764,1
sniffing,46837,46764,46837,73
stepping,46858,46837,46858,21
walking,46865,46858,46865,7
grooming,47122,46865,47122,257
stepping,47142,47122,47142,20
rising,47172,47142,47172,30
climbing,47195,47172,47195,23
walking,47252,47195,47252,57
sniffing,47253,47252,47253,1
left_turning,47264,47253,47264,11
grooming,47296,47264,47296,32
rearing,47391,47296,47391,95
hunching,47458,47391,47458,67
grooming,47573,47458,47573,115
left_turning,47589,47573,47589,16
walking,47620,47589,47620,31
climbing,47621,47620,47621,1
rising,47657,47621,47657,36
rearing,47661,47657,47661,4
grooming,47821,47661,47821,160
trotting,47842,47821,47842,21
grooming,47843,47842,47843,1
stepping,47913,47843,47913,70
walking,47962,47913,47962,49
sniffing,47963,47962,47963,1
right_turning,47964,47963,47964,1
climbing,48008,47964,48008,44
stepping,48078,48008,48078,70
sniffing,48079,48078,48079,1
left_turning,48092,48079,48092,13
sniffing,48154,48092,48154,62
walking,48155,48154,48155,1
sniffing,48249,48155,48249,94
rearing,48250,48249,48250,1
sniffing,48273,48250,48273,23
stepping,48278,48273,48278,5
rising,48312,48278,48312,34
grooming,48313,48312,48313,1
stepping,48358,48313,48358,45
grooming,48359,48358,48359,1
sniffing,48492,48359,48492,133
walking,48543,48492,48543,51
stepping,48547,48543,48547,4
sniffing,48664,48547,48664,117
stepping,48665,48664,48665,1
sniffing,48766,48665,48766,101
trotting,48767,48766,48767,1
climbing,48846,48767,48846,79
grooming,49062,48846,49062,216
sniffing,49064,49062,49064,2
grooming,49220,49064,49220,156
sniffing,49327,49220,49327,107
walking,49404,49327,49404,77
rearing,49405,49404,49405,1
walking,49406,49405,49406,1
grooming,49525,49406,49525,119
walking,49526,49525,49526,1
stepping,49563,49526,49563,37
sniffing,49591,49563,49591,28
grooming,49678,49591,49678,87
sniffing,49679,49678,49679,1
climbing,49683,49679,49683,4
sniffing,49684,49683,49684,1
rising,49738,49684,49738,54
stepping,49771,49738,49771,33
right_turning,49798,49771,49798,27
walking,49835,49798,49835,37
sniffing,49865,49835,49865,30
stepping,49882,49865,49882,17
sniffing,50058,49882,50058,176
scratching,50059,50058,50059,1
grooming,50060,50059,50060,1
rearing,50061,50060,50061,1
climbing,50062,50061,50062,1
trotting,50063,50062,50063,1
rearing,50114,50063,50114,51
rising,50144,50114,50144,30
sniffing,50161,50144,50161,17
rising,50162,50161,50162,1
right_turning,50172,50162,50172,10
sniffing,50209,50172,50209,37
walking,50256,50209,50256,47
sniffing,50343,50256,50343,87
walking,50346,50343,50346,3
sniffing,50560,50346,50560,214
walking,50635,50560,50635,75
trotting,50673,50635,50673,38
climbing,50716,50673,50716,43
stepping,50735,50716,50735,19
grooming,50892,50735,50892,157
trotting,50902,50892,50902,10
stepping,50925,50902,50925,23
sniffing,50926,50925,50926,1
rising,50927,50926,50927,1
sniffing,51040,50927,51040,113
walking,51041,51040,51041,1
sniffing,51146,51041,51146,105
grooming,51413,51146,51413,267
walking,51414,51413,51414,1
stepping,51462,51414,51462,48
sniffing,51539,51462,51539,77
rising,51540,51539,51540,1
left_turning,51549,51540,51549,9
hunching,51590,51549,51590,41
sniffing,51591,51590,51591,1
left_turning,51623,51591,51623,32
stepping,51710,51623,51710,87
sniffing,51819,51710,51819,109
rising,51909,51819,51909,90
rearing,51997,51909,51997,88
climbing,52002,51997,52002,5
left_turning,52060,52002,52060,58
sniffing,52074,52060,52074,14
stepping,52078,52074,52078,4
running,52088,52078,52088,10
walking,52158,52088,52158,70
rising,52170,52158,52170,12
right_turning,52222,52170,52222,52
rising,52226,52222,52226,4
climbing,52291,52226,52291,65
walking,52325,52291,52325,34
sniffing,52416,52325,52416,91
stepping,52456,52416,52456,40
rearing,52457,52456,52457,1
hunching,52475,52457,52475,18
stepping,52516,52475,52516,41
rising,52556,52516,52556,40
grooming,52695,52556,52695,139
sniffing,52772,52695,52772,77
stepping,52825,52772,52825,53
walking,52835,52825,52835,10
trotting,52884,52835,52884,49
running,52920,52884,52920,36
walking,52959,52920,52959,39
stepping,53013,52959,53013,54
sniffing,53050,53013,53050,37
rearing,53105,53050,53105,55
grooming,53239,53105,53239,134
sniffing,53304,53239,53304,65
rearing,53361,53304,53361,57
stepping,53402,53361,53402,41
grooming,53540,53402,53540,138
right_turning,53549,53540,53549,9
walking,53550,53549,53550,1
sniffing,53598,53550,53598,48
stepping,53640,53598,53640,42
sniffing,53641,53640,53641,1
walking,53644,53641,53644,3
right_turning,53676,53644,53676,32
climbing,53688,53676,53688,12
left_turning,53689,53688,53689,1
sniffing,53810,53689,53810,121
rising,53816,53810,53816,6
sniffing,53901,53816,53901,85
walking,53978,53901,53978,77
grooming,54206,53978,54206,228
stepping,54225,54206,54225,19
sniffing,54298,54225,54298,73
left_turning,54317,54298,54317,19
walking,54354,54317,54354,37
stepping,54368,54354,54368,14
sniffing,54416,54368,54416,48
walking,54478,54416,54478,62
stepping,54511,54478,54511,33
sniffing,54524,54511,54524,13
grooming,54525,54524,54525,1
sniffing,54526,54525,54526,1
grooming,54543,54526,54543,17
rearing,54544,54543,54544,1
climbing,54668,54544,54668,124
sniffing,54980,54668,54980,312
left_turning,55015,54980,55015,35
stepping,55016,55015,55016,1
trotting,55092,55016,55092,76
sniffing,55133,55092,55133,41
rearing,55199,55133,55199,66
rising,55243,55199,55243,44
rearing,55244,55243,55244,1
grooming,55309,55244,55309,65
rearing,55310,55309,55310,1
climbing,55353,55310,55353,43
walking,55399,55353,55399,46
left_turning,55456,55399,55456,57
sniffing,55514,55456,55514,58
stepping,55541,55514,55541,27
sniffing,55609,55541,55609,68
stepping,55629,55609,55629,20
sniffing,55642,55629,55642,13
hunching,55649,55642,55649,7
grooming,55864,55649,55864,215
left_turning,55913,55864,55913,49
walking,55921,55913,55921,8
climbing,56001,55921,56001,80
running,56002,56001,56002,1
sniffing,56027,56002,56027,25
rearing,56028,56027,56028,1
grooming,56029,56028,56029,1
rising,56078,56029,56078,49
left_turning,56085,56078,56085,7
sniffing,56086,56085,56086,1
walking,56122,56086,56122,36
climbing,56123,56122,56123,1
walking,56171,56123,56171,48
stepping,56252,56171,56252,81
walking,56262,56252,56262,10
right_turning,56275,56262,56275,13
stepping,56305,56275,56305,30
rising,56325,56305,56325,20
left_turning,56326,56325,56326,1
walking,56370,56326,56370,44
rising,56407,56370,56407,37
grooming,56424,56407,56424,17
hunching,56446,56424,56446,22
rearing,56519,56446,56519,73
grooming,56717,56519,56717,198
rearing,56763,56717,56763,46
grooming,56924,56763,56924,161
hunching,56941,56924,56941,17
grooming,56967,56941,56967,26
sniffing,57175,56967,57175,208
left_turning,57242,57175,57242,67
stepping,57283,57242,57283,41
climbing,57287,57283,57287,4
walking,57390,57287,57390,103
sniffing,57451,57390,57451,61
grooming,57475,57451,57475,24
hunching,57476,57475,57476,1
grooming,57640,57476,57640,164
left_turning,57642,57640,57642,2
walking,57705,57642,57705,63
grooming,57873,57705,57873,168
sniffing,57983,57873,57983,110
left_turning,58034,57983,58034,51
sniffing,58114,58034,58114,80
rearing,58144,58114,58144,30
climbing,58212,58144,58212,68
trotting,58221,58212,58221,9
walking,58260,58221,58260,39
sniffing,58300,58260,58300,40
grooming,58301,58300,58301,1
hunching,58313,58301,58313,12
left_turning,58363,58313,58363,50
stepping,58441,58363,58441,78
sniffing,58442,58441,58442,1
rearing,58498,58442,58498,56
climbing,58615,58498,58615,117
rearing,58637,58615,58637,22
hunching,58659,58637,58659,22
rearing,58660,58659,58660,1
grooming,58662,58660,58662,2
stepping,58736,58662,58736,74
rising,58771,58736,58771,35
walking,58779,58771,58779,8
stepping,58838,58779,58838,59
grooming,59012,58838,59012,174
hunching,59123,59012,59123,111
grooming,59124,59123,59124,1
sniffing,59250,59124,59250,126
walking,59265,59250,59265,15
trotting,59285,59265,59285,20
stepping,59304,59285,59304,19
sniffing,59327,59304,59327,23
left_turning,59414,59327,59414,87
walking,59493,59414,59493,79
sniffing,59494,59493,59494,1
rising,59551,59494,59551,57
climbing,59589,59551,59589,38
left_turning,59612,59589,59612,23
sniffing,59613,59612,59613,1
right_turning,59614,59613,59614,1
sniffing,59615,59614,59615,1
walking,59636,59615,59636,21
trotting,59665,59636,59665,29
left_turning,59666,59665,59666,1
sniffing,59702,59666,59702,36
walking,59738,59702,59738,36
sniffing,59751,59738,59751,13
walking,59778,59751,59778,27
trotting,59819,59778,59819,41
rising,59878,59819,59878,59
sniffing,59966,59878,59966,88
rearing,59976,59966,59976,10
walking,60032,59976,60032,56
sniffing,60033,60032,60033,1
left_turning,60058,60033,60058,25
walking,60077,60058,60077,19
sniffing,60206,60077,60206,129
rising,60227,60206,60227,21
rearing,60303,60227,60303,76
climbing,60312,60303,60312,9
walking,60383,60312,60383,71
sniffing,60397,60383,60397,14
stepping,60444,60397,60444,47
sniffing,60584,60444,60584,140
rising,60596,60584,60596,12
walking,60651,60596,60651,55
climbing,60746,60651,60746,95
left_turning,60787,60746,60787,41
sniffing,60958,60787,60958,171
right_turning,60994,60958,60994,36
sniffing,61065,60994,61065,71
stepping,61108,61065,61108,43
walking,61135,61108,61135,27
sniffing,61163,61135,61163,28
grooming,61164,61163,61164,1
sniffing,61386,61164,61386,222
left_turning,61425,61386,61425,39
hunching,61529,61425,61529,104
rising,61530,61529,61530,1
walking,61558,61530,61558,28
sniffing,61602,61558,61602,44
left_turning,61656,61602,61656,54
walking,61742,61656,61742,86
stepping,61803,61742,61803,61
walking,61854,61803,61854,51
trotting,61871,61854,61871,17
sniffing,61902,61871,61902,31
stepping,61936,61902,61936,34
sniffing,62036,61936,62036,100
stepping,62079,62036,62079,43
walking,62080,62079,62080,1
sniffing,62089,62080,62089,9
walking,62123,62089,62123,34
sniffing,62124,62123,62124,1
walking,62139,62124,62139,15
sniffing,62197,62139,62197,58
stepping,62224,62197,62224,27
jumping,62225,62224,62225,1
hunching,62250,62225,62250,25
grooming,62303,62250,62303,53
sniffing,62376,62303,62376,73
walking,62380,62376,62380,4
sniffing,62450,62380,62450,70
stepping,62490,62450,62490,40
walking,62527,62490,62527,37
trotting,62573,62527,62573,46
sniffing,62762,62573,62762,189
grooming,62763,62762,62763,1
sniffing,62764,62763,62764,1
walking,62765,62764,62765,1
rising,62790,62765,62790,25
walking,62834,62790,62834,44
sniffing,62835,62834,62835,1
climbing,62852,62835,62852,17
grooming,63385,62852,63385,533
rearing,63386,63385,63386,1
grooming,63607,63386,63607,221
sniffing,63821,63607,63821,214
walking,63931,63821,63931,110
right_turning,63993,63931,63993,62
stepping,64008,63993,64008,15
grooming,64167,64008,64167,159
right_turning,64182,64167,64182,15
walking,64218,64182,64218,36
stepping,64269,64218,64269,51
sniffing,64270,64269,64270,1
left_turning,64310,64270,64310,40
sniffing,64406,64310,64406,96
rising,64454,64406,64454,48
grooming,64588,64454,64588,134
scratching,64589,64588,64589,1
grooming,64649,64589,64649,60
stepping,64703,64649,64703,54
trotting,64712,64703,64712,9
rising,64742,64712,64742,30
climbing,64771,64742,64771,29
rearing,64772,64771,64772,1
grooming,64773,64772,64773,1
rearing,64774,64773,64774,1
grooming,65111,64774,65111,337
running,65143,65111,65143,32
walking,65191,65143,65191,48
sniffing,65284,65191,65284,93
stepping,65308,65284,65308,24
sniffing,65384,65308,65384,76
stepping,65407,65384,65407,23
sniffing,65408,65407,65408,1
right_turning,65440,65408,65440,32
walking,65441,65440,65441,1
rearing,65444,65441,65444,3
grooming,65612,65444,65612,168
rising,65652,65612,65652,40
grooming,65653,65652,65653,1
hunching,65734,65653,65734,81
stepping,65770,65734,65770,36
walking,65774,65770,65774,4
stepping,65780,65774,65780,6
sniffing,65834,65780,65834,54
rearing,65844,65834,65844,10
climbing,65917,65844,65917,73
left_turning,65983,65917,65983,66
right_turning,66020,65983,66020,37
sniffing,66036,66020,66036,16
rearing,66051,66036,66051,15
rising,66070,66051,66070,19
sniffing,66071,66070,66071,1
walking,66144,66071,66144,73
sniffing,66229,66144,66229,85
grooming,66230,66229,66230,1
rearing,66231,66230,66231,1
grooming,66420,66231,66420,189
sniffing,66421,66420,66421,1
running,66422,66421,66422,1
sniffing,66438,66422,66438,16
stepping,66450,66438,66450,12
walking,66463,66450,66463,13
rising,66464,66463,66464,1
left_turning,66465,66464,66465,1
sniffing,66562,66465,66562,97
rising,66602,66562,66602,40
grooming,66624,66602,66624,22
sniffing,66668,66624,66668,44
trotting,66701,66668,66701,33
walking,66768,66701,66768,67
sniffing,66839,66768,66839,71
grooming,67437,66839,67437,598
rearing,67522,67437,67522,85
stepping,67537,67522,67537,15
rising,67543,67537,67543,6
grooming,67544,67543,67544,1
sniffing,67693,67544,67693,149
rising,67712,67693,67712,19
rearing,67752,67712,67752,40
grooming,67791,67752,67791,39
climbing,67815,67791,67815,24
left_turning,67866,67815,67866,51
scratching,67867,67866,67867,1
sniffing,67868,67867,67868,1
rising,67887,67868,67887,19
rearing,67894,67887,67894,7
grooming,68083,67894,68083,189
climbing,68129,68083,68129,46
stepping,68152,68129,68152,23
rising,68177,68152,68177,25
grooming,68364,68177,68364,187
left_turning,68378,68364,68378,14
rising,68427,68378,68427,49
sniffing,68434,68427,68434,7
walking,68483,68434,68483,49
stepping,68536,68483,68536,53
right_turning,68574,68536,68574,38
trotting,68607,68574,68607,33
rising,68608,68607,68608,1
climbing,68609,68608,68609,1
stepping,68610,68609,68610,1
rearing,68634,68610,68634,24
sniffing,68652,68634,68652,18
stepping,68671,68652,68671,19
sniffing,68747,68671,68747,76
stepping,68789,68747,68789,42
sniffing,68883,68789,68883,94
rearing,68930,68883,68930,47
grooming,69059,68930,69059,129
sniffing,69149,69059,69149,90
rising,69177,69149,69177,28
sniffing,69295,69177,69295,118
left_turning,69298,69295,69298,3
rearing,69333,69298,69333,35
climbing,69407,69333,69407,74
walking,69463,69407,69463,56
sniffing,69516,69463,69516,53
rising,69603,69516,69603,87
right_turning,69660,69603,69660,57
climbing,69743,69660,69743,83
left_turning,69763,69743,69763,20
sniffing,69792,69763,69792,29
walking,69852,69792,69852,60
rising,69882,69852,69882,30
climbing,69965,69882,69965,83
sniffing,70076,69965,70076,111
grooming,70142,70076,70142,66
climbing,70220,70142,70220,78
rearing,70221,70220,70221,1
left_turning,70256,70221,70256,35
walking,70291,70256,70291,35
stepping,70369,70291,70369,78
sniffing,70391,70369,70391,22
stepping,70441,70391,70441,50
sniffing,70442,70441,70442,1
hunching,70458,70442,70458,16
climbing,70559,70458,70559,101
grooming,70609,70559,70609,50
rearing,70704,70609,70704,95
climbing,70798,70704,70798,94
walking,70851,70798,70851,53
rearing,70895,70851,70895,44
rising,70954,70895,70954,59
walking,70955,70954,70955,1
climbing,71043,70955,71043,88
walking,71096,71043,71096,53
stepping,71131,71096,71131,35
walking,71187,71131,71187,56
sniffing,71188,71187,71188,1
rearing,71262,71188,71262,74
sniffing,71319,71262,71319,57
right_turning,71324,71319,71324,5
trotting,71368,71324,71368,44
rising,71391,71368,71391,23
rearing,71418,71391,71418,27
rising,71496,71418,71496,78
grooming,71497,71496,71497,1
rearing,71537,71497,71537,40
stepping,71572,71537,71572,35
walking,71590,71572,71590,18
stepping,71653,71590,71653,63
right_turning,71654,71653,71654,1
stepping,71706,71654,71706,52
walking,71707,71706,71707,1
stepping,71764,71707,71764,57
rearing,71867,71764,71867,103
rising,71902,71867,71902,35
grooming,72038,71902,72038,136
sniffing,72230,72038,72230,192
walking,72245,72230,72245,15
sniffing,72333,72245,72333,88
climbing,72382,72333,72382,49
walking,72432,72382,72432,50
sniffing,72433,72432,72433,1
stepping,72460,72433,72460,27
walking,72503,72460,72503,43
sniffing,72590,72503,72590,87
walking,72644,72590,72644,54
trotting,72658,72644,72658,14
running,72690,72658,72690,32
climbing,72872,72690,72872,182
trotting,72902,72872,72902,30
sniffing,72938,72902,72938,36
left_turning,72969,72938,72969,31
trotting,73004,72969,73004,35
stepping,73040,73004,73040,36
left_turning,73091,73040,73091,51
running,73123,73091,73123,32
sniffing,73211,73123,73211,88
right_turning,73266,73211,73266,55
sniffing,73321,73266,73321,55
rising,73401,73321,73401,80
rearing,73402,73401,73402,1
stepping,73440,73402,73440,38
walking,73477,73440,73477,37
left_turning,73572,73477,73572,95
sniffing,73648,73572,73648,76
climbing,73649,73648,73649,1
rising,73709,73649,73709,60
climbing,73710,73709,73710,1
stepping,73726,73710,73726,16
trotting,73761,73726,73761,35
running,73791,73761,73791,30
walking,73810,73791,73810,19
sniffing,73874,73810,73874,64
walking,73916,73874,73916,42
trotting,74018,73916,74018,102
rising,74067,74018,74067,49
sniffing,74068,74067,74068,1
walking,74124,74068,74124,56
climbing,74179,74124,74179,55
sniffing,74308,74179,74308,129
rising,74352,74308,74352,44
climbing,74417,74352,74417,65
sniffing,74488,74417,74488,71
trotting,74489,74488,74489,1
walking,74522,74489,74522,33
sniffing,74650,74522,74650,128
stepping,74684,74650,74684,34
walking,74728,74684,74728,44
sniffing,74823,74728,74823,95
rearing,74899,74823,74899,76
left_turning,74933,74899,74933,34
rising,74980,74933,74980,47
rearing,74981,74980,74981,1
grooming,75084,74981,75084,103
climbing,75156,75084,75156,72
left_turning,75162,75156,75162,6
sniffing,75166,75162,75166,4
walking,75248,75166,75248,82
sniffing,75398,75248,75398,150
walking,75399,75398,75399,1
rearing,75441,75399,75441,42
walking,75520,75441,75520,79
stepping,75564,75520,75564,44
sniffing,75735,75564,75735,171
walking,75760,75735,75760,25
sniffing,75833,75760,75833,73
left_turning,75869,75833,75869,36
sniffing,76155,75869,76155,286
stepping,76203,76155,76203,48
climbing,76328,76203,76328,125
walking,76345,76328,76345,17
sniffing,76441,76345,76441,96
grooming,76653,76441,76653,212
sniffing,76724,76653,76724,71
walking,76755,76724,76755,31
rearing,76778,76755,76778,23
walking,76796,76778,76796,18
sniffing,76912,76796,76912,116
rising,76974,76912,76974,62
sniffing,76975,76974,76975,1
rearing,76976,76975,76976,1
sniffing,77067,76976,77067,91
trotting,77112,77067,77112,45
rising,77159,77112,77159,47
climbing,77187,77159,77187,28
walking,77188,77187,77188,1
sniffing,77339,77188,77339,151
rearing,77340,77339,77340,1
hunching,77401,77340,77401,61
rearing,77415,77401,77415,14
grooming,77416,77415,77416,1
sniffing,77504,77416,77504,88
left_turning,77505,77504,77505,1
grooming,77703,77505,77703,198
walking,77762,77703,77762,59
stepping,77763,77762,77763,1
rearing,77764,77763,77764,1
grooming,77853,77764,77853,89
hunching,77891,77853,77891,38
rearing,77892,77891,77892,1
grooming,78008,77892,78008,116
sniffing,78094,78008,78094,86
walking,78106,78094,78106,12
left_turning,78131,78106,78131,25
climbing,78245,78131,78245,114
trotting,78258,78245,78258,13
stepping,78270,78258,78270,12
walking,78290,78270,78290,20
rising,78292,78290,78292,2
climbing,78293,78292,78293,1
right_turning,78331,78293,78331,38
walking,78332,78331,78332,1
stepping,78371,78332,78371,39
grooming,78393,78371,78393,22
trotting,78440,78393,78440,47
climbing,78482,78440,78482,42
left_turning,78533,78482,78533,51
sniffing,78534,78533,78534,1
left_turning,78634,78534,78634,100
stepping,78657,78634,78657,23
sniffing,78658,78657,78658,1
stepping,78670,78658,78670,12
sniffing,78727,78670,78727,57
stepping,78781,78727,78781,54
rising,78782,78781,78782,1
climbing,78822,78782,78822,40
running,78856,78822,78856,34
trotting,78874,78856,78874,18
walking,78895,78874,78895,21
running,78939,78895,78939,44
walking,79027,78939,79027,88
rising,79068,79027,79068,41
climbing,79124,79068,79124,56
left_turning,79137,79124,79137,13
walking,79175,79137,79175,38
sniffing,79249,79175,79249,74
trotting,79254,79249,79254,5
stepping,79295,79254,79295,41
climbing,79296,79295,79296,1
left_turning,79332,79296,79332,36
sniffing,79396,79332,79396,64
walking,79494,79396,79494,98
stepping,79521,79494,79521,27
walking,79533,79521,79533,12
rearing,79557,79533,79557,24
grooming,79764,79557,79764,207
sniffing,79781,79764,79781,17
stepping,79782,79781,79782,1
grooming,80065,79782,80065,283
rearing,80173,80065,80173,108
sniffing,80299,80173,80299,126
trotting,80338,80299,80338,39
walking,80339,80338,80339,1
rearing,80460,80339,80460,121
stepping,80543,80460,80543,83
sniffing,80589,80543,80589,46
rearing,80706,80589,80706,117
right_turning,80750,80706,80750,44
climbing,80851,80750,80851,101
running,80884,80851,80884,33
trotting,80885,80884,80885,1
rising,80916,80885,80916,31
climbing,81044,80916,81044,128
left_turning,81098,81044,81098,54
sniffing,81283,81098,81283,185
left_turning,81337,81283,81337,54
sniffing,81339,81337,81339,2
right_turning,81370,81339,81370,31
sniffing,81568,81370,81568,198
grooming,82074,81568,82074,506
rearing,82151,82074,82151,77
running,82177,82151,82177,26
walking,82210,82177,82210,33
sniffing,82211,82210,82211,1
walking,82275,82211,82275,64
rearing,82366,82275,82366,91
sniffing,82384,82366,82384,18
grooming,82583,82384,82583,199
rearing,82661,82583,82661,78
hunching,82713,82661,82713,52
rearing,82747,82713,82747,34
grooming,82804,82747,82804,57
sniffing,82864,82804,82864,60
stepping,82930,82864,82930,66
right_turning,82950,82930,82950,20
walking,82956,82950,82956,6
sniffing,82969,82956,82969,13
stepping,83009,82969,83009,40
sniffing,83106,83009,83106,97
walking,83170,83106,83170,64
climbing,83219,83170,83219,49
walking,83289,83219,83289,70
sniffing,83348,83289,83348,59
grooming,83392,83348,83392,44
rearing,83472,83392,83472,80
grooming,83473,83472,83473,1
sniffing,83528,83473,83528,55
left_turning,83601,83528,83601,73
climbing,83687,83601,83687,86
left_turning,83713,83687,83713,26
stepping,83744,83713,83744,31
sniffing,83843,83744,83843,99
walking,83891,83843,83891,48
stepping,83927,83891,83927,36
sniffing,83962,83927,83962,35
walking,83983,83962,83983,21
right_turning,84011,83983,84011,28
sniffing,84012,84011,84012,1
walking,84090,84012,84090,78
stepping,84133,84090,84133,43
running,84183,84133,84183,50
stepping,84240,84183,84240,57
sniffing,84303,84240,84303,63
grooming,84449,84303,84449,146
rearing,84450,84449,84450,1
grooming,84457,84450,84457,7
scratching,84458,84457,84458,1
grooming,84459,84458,84459,1
rising,84561,84459,84561,102
climbing,84599,84561,84599,38
walking,84653,84599,84653,54
rearing,84681,84653,84681,28
grooming,84750,84681,84750,69
sniffing,84817,84750,84817,67
rearing,84893,84817,84893,76
left_turning,84898,84893,84898,5
walking,84899,84898,84899,1
sniffing,84939,84899,84939,40
left_turning,84991,84939,84991,52
sniffing,85037,84991,85037,46
walking,85051,85037,85051,14
stepping,85069,85051,85069,18
sniffing,85335,85069,85335,266
left_turning,85379,85335,85379,44
sniffing,85439,85379,85439,60
right_turning,85469,85439,85469,30
walking,85470,85469,85470,1
sniffing,85535,85470,85535,65
grooming,85536,85535,85536,1
stepping,85582,85536,85582,46
rising,85729,85582,85729,147
rearing,85816,85729,85816,87
climbing,85880,85816,85880,64
stepping,85929,85880,85929,49
rearing,85975,85929,85975,46
climbing,85990,85975,85990,15
walking,86074,85990,86074,84
stepping,86109,86074,86109,35
walking,86144,86109,86144,35
sniffing,86256,86144,86256,112
walking,86257,86256,86257,1
sniffing,86349,86257,86349,92
rising,86350,86349,86350,1
rearing,86421,86350,86421,71
sniffing,86422,86421,86422,1
running,86428,86422,86428,6
sniffing,86521,86428,86521,93
walking,86544,86521,86544,23
stepping,86570,86544,86570,26
right_turning,86632,86570,86632,62
sniffing,86665,86632,86665,33
left_turning,86715,86665,86715,50
scratching,86716,86715,86716,1
left_turning,86772,86716,86772,56
walking,86848,86772,86848,76
stepping,86889,86848,86889,41
rearing,86939,86889,86939,50
rising,86987,86939,86987,48
climbing,86998,86987,86998,11
stepping,87033,86998,87033,35
climbing,87126,87033,87126,93
right_turning,87185,87126,87185,59
stepping,87240,87185,87240,55
rising,87320,87240,87320,80
grooming,87321,87320,87321,1
left_turning,87348,87321,87348,27
sniffing,87470,87348,87470,122
left_turning,87521,87470,87521,51
walking,87590,87521,87590,69
trotting,87619,87590,87619,29
rising,87649,87619,87649,30
climbing,87913,87649,87913,264
walking,87986,87913,87986,73
sniffing,88096,87986,88096,110
stepping,88133,88096,88133,37
sniffing,88252,88133,88252,119
left_turning,88287,88252,88287,35
stepping,88337,88287,88337,50
sniffing,88451,88337,88451,114
hunching,88496,88451,88496,45
grooming,89194,88496,89194,698
hunching,89197,89194,89197,3
rearing,89248,89197,89248,51
grooming,89335,89248,89335,87
sniffing,89336,89335,89336,1
rising,89337,89336,89337,1
climbing,89338,89337,89338,1
rearing,89363,89338,89363,25
stepping,89371,89363,89371,8
sniffing,89489,89371,89489,118
grooming,89490,89489,89490,1
left_turning,89550,89490,89550,60
sniffing,89798,89550,89798,248
stepping,89805,89798,89805,7
right_turning,89817,89805,89817,12
grooming,89983,89817,89983,166
climbing,90137,89983,90137,154
stepping,90181,90137,90181,44
rearing,90182,90181,90182,1
rising,90222,90182,90222,40
rearing,90247,90222,90247,25
sniffing,90378,90247,90378,131
rising,90429,90378,90429,51
walking,90505,90429,90505,76
stepping,90548,90505,90548,43
walking,90606,90548,90606,58
stepping,90631,90606,90631,25
walking,90639,90631,90639,8
sniffing,90727,90639,90727,88
grooming,90728,90727,90728,1
walking,90786,90728,90786,58
rising,90831,90786,90831,45
rearing,90881,90831,90881,50
climbing,90906,90881,90906,25
walking,90957,90906,90957,51
sniffing,91039,90957,91039,82
rising,91110,91039,91110,71
grooming,91178,91110,91178,68
sniffing,91227,91178,91227,49
rearing,91238,91227,91238,11
grooming,91612,91238,91612,374
sniffing,91786,91612,91786,174
stepping,91836,91786,91836,50
climbing,91939,91836,91939,103
stepping,91994,91939,91994,55
walking,92011,91994,92011,17
sniffing,92012,92011,92012,1
rising,92018,92012,92018,6
hunching,92057,92018,92057,39
grooming,92491,92057,92491,434
rearing,92555,92491,92555,64
sniffing,92556,92555,92556,1
rearing,92648,92556,92648,92
hunching,92700,92648,92700,52
rearing,92701,92700,92701,1
grooming,92702,92701,92702,1
sniffing,92843,92702,92843,141
walking,92906,92843,92906,63
stepping,93019,92906,93019,113
rising,93064,93019,93064,45
rearing,93065,93064,93065,1
grooming,93395,93065,93395,330
right_turning,93427,93395,93427,32
walking,93502,93427,93502,75
rising,93556,93502,93556,54
sniffing,93677,93556,93677,121
rising,93713,93677,93713,36
sniffing,93834,93713,93834,121
grooming,94006,93834,94006,172
right_turning,94020,94006,94020,14
walking,94052,94020,94052,32
rearing,94114,94052,94114,62
grooming,94145,94114,94145,31
rearing,94161,94145,94161,16
climbing,94162,94161,94162,1
grooming,94272,94162,94272,110
sniffing,94304,94272,94304,32
climbing,94368,94304,94368,64
right_turning,94374,94368,94374,6
walking,94423,94374,94423,49
sniffing,94585,94423,94585,162
left_turning,94600,94585,94600,15
sniffing,94724,94600,94724,124
stepping,94777,94724,94777,53
sniffing,95127,94777,95127,350
climbing,95194,95127,95194,67
walking,95290,95194,95290,96
hunching,95349,95290,95349,59
sniffing,95461,95349,95461,112
walking,95489,95461,95489,28
sniffing,95613,95489,95613,124
grooming,95701,95613,95701,88
left_turning,95763,95701,95763,62
walking,95812,95763,95812,49
rearing,95813,95812,95813,1
grooming,95953,95813,95953,140
left_turning,95965,95953,95965,12
rearing,95966,95965,95966,1
grooming,95967,95966,95967,1
climbing,96047,95967,96047,80
trotting,96050,96047,96050,3
walking,96051,96050,96051,1
trotting,96097,96051,96097,46
sniffing,96098,96097,96098,1
stepping,96144,96098,96144,46
rising,96145,96144,96145,1
rearing,96247,96145,96247,102
climbing,96328,96247,96328,81
grooming,96381,96328,96381,53
climbing,96444,96381,96444,63
walking,96475,96444,96475,31
jumping,96505,96475,96505,30
rising,96568,96505,96568,63
sniffing,96569,96568,96569,1
walking,96616,96569,96616,47
climbing,96703,96616,96703,87
grooming,96832,96703,96832,129
climbing,96928,96832,96928,96
trotting,96961,96928,96961,33
walking,96974,96961,96974,13
sniffing,97022,96974,97022,48
grooming,97382,97022,97382,360
pausing,97562,97382,97562,180
sniffing,97640,97562,97640,78
grooming,97946,97640,97946,306
sniffing,98219,97946,98219,273
trotting,98242,98219,98242,23
sniffing,98243,98242,98243,1
walking,98337,98243,98337,94
trotting,98386,98337,98386,49
climbing,98387,98386,98387,1
walking,98428,98387,98428,41
stepping,98445,98428,98445,17
right_turning,98472,98445,98472,27
walking,98473,98472,98473,1
sniffing,98514,98473,98514,41
rising,98515,98514,98515,1
sniffing,98542,98515,98542,27
running,98550,98542,98550,8
walking,98635,98550,98635,85
stepping,98655,98635,98655,20
climbing,98682,98655,98682,27
stepping,98706,98682,98706,24
right_turning,98720,98706,98720,14
rearing,98955,98720,98955,235
grooming,99348,98955,99348,393
rising,99349,99348,99349,1
trotting,99397,99349,99397,48
stepping,99420,99397,99420,23
sniffing,99500,99420,99500,80
trotting,99506,99500,99506,6
stepping,99626,99506,99626,120
rising,99708,99626,99708,82
sniffing,99860,99708,99860,152
grooming,99985,99860,99985,125
hunching,100000,99985,100000,15
rearing,100077,100000,100077,77
grooming,100078,100077,100078,1
sniffing,100082,100078,100082,4
hunching,100126,100082,100126,44
grooming,100127,100126,100127,1
rearing,100169,100127,100169,42
stepping,100205,100169,100205,36
sniffing,100225,100205,100225,20
rising,100243,100225,100243,18
walking,100302,100243,100302,59
rising,100347,100302,100347,45
rearing,100348,100347,100348,1
sniffing,100395,100348,100395,47
stepping,100438,100395,100438,43
sniffing,100543,100438,100543,105
stepping,100544,100543,100544,1
sniffing,100655,100544,100655,111
walking,100656,100655,100656,1
right_turning,100679,100656,100679,23
sniffing,100707,100679,100707,28
rising,100753,100707,100753,46
rearing,100879,100753,100879,126
grooming,100880,100879,100880,1
rearing,100960,100880,100960,80
stepping,100995,100960,100995,35
sniffing,101044,100995,101044,49
climbing,101171,101044,101171,127
running,101215,101171,101215,44
stepping,101245,101215,101245,30
sniffing,101353,101245,101353,108
walking,101406,101353,101406,53
stepping,101441,101406,101441,35
walking,101492,101441,101492,51
stepping,101562,101492,101562,70
walking,101563,101562,101563,1
sniffing,101587,101563,101587,24
running,101591,101587,101591,4
sniffing,101682,101591,101682,91
grooming,101683,101682,101683,1
sniffing,101754,101683,101754,71
walking,101758,101754,101758,4
rearing,101816,101758,101816,58
grooming,101823,101816,101823,7
rearing,101878,101823,101878,55
hunching,102055,101878,102055,177
grooming,102056,102055,102056,1
sniffing,102212,102056,102212,156
stepping,102214,102212,102214,2
sniffing,102352,102214,102352,138
left_turning,102422,102352,102422,70
grooming,102524,102422,102524,102
walking,102578,102524,102578,54
sniffing,102826,102578,102826,248
grooming,103030,102826,103030,204
scratching,103031,103030,103031,1
stepping,103094,103031,103094,63
rearing,103138,103094,103138,44
grooming,103206,103138,103206,68
rearing,103211,103206,103211,5
walking,103271,103211,103271,60
rising,103301,103271,103301,30
rearing,103302,103301,103302,1
climbing,103369,103302,103369,67
grooming,103370,103369,103370,1
stepping,103396,103370,103396,26
climbing,103436,103396,103436,40
rising,103437,103436,103437,1
rearing,103500,103437,103500,63
sniffing,103572,103500,103572,72
walking,103648,103572,103648,76
sniffing,103816,103648,103816,168
grooming,103817,103816,103817,1
sniffing,103858,103817,103858,41
trotting,103899,103858,103899,41
sniffing,104103,103899,104103,204
rising,104167,104103,104167,64
climbing,104306,104167,104306,139
rearing,104387,104306,104387,81
sniffing,104393,104387,104393,6
left_turning,104419,104393,104419,26
running,104442,104419,104442,23
stepping,104443,104442,104443,1
sniffing,104444,104443,104444,1
hunching,104554,104444,104554,110
grooming,104710,104554,104710,156
hunching,104753,104710,104753,43
rearing,104767,104753,104767,14
grooming,105071,104767,105071,304
scratching,105072,105071,105072,1
sniffing,105113,105072,105113,41
stepping,105168,105113,105168,55
sniffing,105222,105168,105222,54
left_turning,105242,105222,105242,20
rising,105289,105242,105289,47
climbing,105387,105289,105387,98
grooming,105388,105387,105388,1
left_turning,105418,105388,105418,30
grooming,105419,105418,105419,1
rising,105448,105419,105448,29
left_turning,105481,105448,105481,33
rearing,105497,105481,105497,16
hunching,105549,105497,105549,52
grooming,105550,105549,105550,1
sniffing,105653,105550,105653,103
walking,105714,105653,105714,61
grooming,106154,105714,106154,440
hunching,106155,106154,106155,1
rearing,106194,106155,106194,39
grooming,106195,106194,106195,1
hunching,106231,106195,106231,36
walking,106273,106231,106273,42
sniffing,106276,106273,106276,3
rising,106277,106276,106277,1
sniffing,106400,106277,106400,123
grooming,106475,106400,106475,75
sniffing,106584,106475,106584,109
stepping,106617,106584,106617,33
walking,106735,106617,106735,118
sniffing,106859,106735,106859,124
grooming,106860,106859,106860,1
hunching,106933,106860,106933,73
rearing,107193,106933,107193,260
hunching,107300,107193,107300,107
rearing,107333,107300,107333,33
sniffing,107473,107333,107473,140
left_turning,107518,107473,107518,45
walking,107642,107518,107642,124
sniffing,107801,107642,107801,159
trotting,107830,107801,107830,29
walking,107871,107830,107871,41
stepping,107962,107871,107962,91
grooming,107998,107962,107998,36
sniffing,108000,107998,108000,2
