revised_movement_label,segBoundary,segBoundary_start,segBoundary_end,length
rising,32,0,32,32
walking,156,32,156,124
sniffing,321,156,321,165
rearing,337,321,337,16
rising,338,337,338,1
hunching,419,338,419,81
grooming,560,419,560,141
rising,596,560,596,36
sniffing,597,596,597,1
rising,640,597,640,43
sniffing,647,640,647,7
rising,698,647,698,51
trotting,699,698,699,1
walking,733,699,733,34
stepping,775,733,775,42
walking,792,775,792,17
sniffing,820,792,820,28
walking,873,820,873,53
rising,880,873,880,7
walking,923,880,923,43
sniffing,924,923,924,1
rising,927,924,927,3
climbing,965,927,965,38
grooming,969,965,969,4
walking,1068,969,1068,99
rising,1077,1068,1077,9
rearing,1088,1077,1088,11
stepping,1104,1088,1104,16
rising,1155,1104,1155,51
left_turning,1249,1155,1249,94
walking,1272,1249,1272,23
trotting,1309,1272,1309,37
walking,1387,1309,1387,78
sniffing,1388,1387,1388,1
stepping,1410,1388,1410,22
right_turning,1429,1410,1429,19
stepping,1461,1429,1461,32
walking,1506,1461,1506,45
left_turning,1550,1506,1550,44
sniffing,1604,1550,1604,54
rising,1678,1604,1678,74
climbing,1791,1678,1791,113
right_turning,1821,1791,1821,30
sniffing,1832,1821,1832,11
rising,1833,1832,1833,1
sniffing,1834,1833,1834,1
walking,1870,1834,1870,36
trotting,1893,1870,1893,23
walking,1954,1893,1954,61
stepping,1980,1954,1980,26
rising,2067,1980,2067,87
sniffing,2068,2067,2068,1
rising,2094,2068,2094,26
left_turning,2095,2094,2095,1
stepping,2153,2095,2153,58
walking,2159,2153,2159,6
rearing,2195,2159,2195,36
rising,2237,2195,2237,42
sniffing,2293,2237,2293,56
stepping,2390,2293,2390,97
sniffing,2501,2390,2501,111
left_turning,2514,2501,2514,13
sniffing,2679,2514,2679,165
rising,2759,2679,2759,80
left_turning,2760,2759,2760,1
trotting,2810,2760,2810,50
rising,2811,2810,2811,1
stepping,2812,2811,2812,1
sniffing,2868,2812,2868,56
stepping,2946,2868,2946,78
grooming,2986,2946,2986,40
rearing,3029,2986,3029,43
grooming,3092,3029,3092,63
left_turning,3116,3092,3116,24
trotting,3136,3116,3136,20
walking,3206,3136,3206,70
rising,3256,3206,3256,50
trotting,3268,3256,3268,12
sniffing,3269,3268,3269,1
walking,3282,3269,3282,13
stepping,3289,3282,3289,7
rising,3290,3289,3290,1
sniffing,3293,3290,3293,3
rising,3344,3293,3344,51
rearing,3368,3344,3368,24
grooming,3462,3368,3462,94
rising,3536,3462,3536,74
sniffing,3550,3536,3550,14
hunching,3593,3550,3593,43
grooming,3641,3593,3641,48
climbing,3820,3641,3820,179
walking,3868,3820,3868,48
trotting,3889,3868,3889,21
walking,3976,3889,3976,87
grooming,4016,3976,4016,40
stepping,4017,4016,4017,1
rising,4048,4017,4048,31
grooming,4142,4048,4142,94
left_turning,4187,4142,4187,45
running,4212,4187,4212,25
trotting,4215,4212,4215,3
walking,4223,4215,4223,8
stepping,4250,4223,4250,27
sniffing,4262,4250,4262,12
walking,4335,4262,4335,73
rising,4396,4335,4396,61
walking,4402,4396,4402,6
stepping,4421,4402,4421,19
walking,4439,4421,4439,18
stepping,4481,4439,4481,42
trotting,4538,4481,4538,57
walking,4564,4538,4564,26
sniffing,4633,4564,4633,69
grooming,4664,4633,4664,31
climbing,4694,4664,4694,30
sniffing,4776,4694,4776,82
stepping,4845,4776,4845,69
walking,4878,4845,4878,33
stepping,4879,4878,4879,1
trotting,4947,4879,4947,68
rising,4951,4947,4951,4
sniffing,4952,4951,4952,1
grooming,4983,4952,4983,31
hunching,5006,4983,5006,23
grooming,5007,5006,5007,1
scratching,5008,5007,5008,1
grooming,5081,5008,5081,73
sniffing,5169,5081,5169,88
walking,5170,5169,5170,1
stepping,5203,5170,5203,33
rising,5232,5203,5232,29
climbing,5277,5232,5277,45
left_turning,5343,5277,5343,66
walking,5402,5343,5402,59
sniffing,5511,5402,5511,109
running,5512,5511,5512,1
trotting,5533,5512,5533,21
walking,5602,5533,5602,69
stepping,5638,5602,5638,36
sniffing,5723,5638,5723,85
left_turning,5753,5723,5753,30
walking,5781,5753,5781,28
trotting,5796,5781,5796,15
walking,5825,5796,5825,29
sniffing,5916,5825,5916,91
walking,5936,5916,5936,20
grooming,6126,5936,6126,190
hunching,6142,6126,6142,16
sniffing,6143,6142,6143,1
stepping,6184,6143,6184,41
sniffing,6252,6184,6252,68
right_turning,6275,6252,6275,23
grooming,6340,6275,6340,65
sniffing,6407,6340,6407,67
rising,6412,6407,6412,5
sniffing,6447,6412,6447,35
walking,6503,6447,6503,56
stepping,6615,6503,6615,112
sniffing,6621,6615,6621,6
rising,6655,6621,6655,34
walking,6659,6655,6659,4
stepping,6701,6659,6701,42
sniffing,6975,6701,6975,274
rising,7026,6975,7026,51
grooming,7112,7026,7112,86
walking,7159,7112,7159,47
stepping,7160,7159,7160,1
rising,7229,7160,7229,69
rearing,7256,7229,7256,27
grooming,7278,7256,7278,22
right_turning,7336,7278,7336,58
walking,7411,7336,7411,75
sniffing,7415,7411,7415,4
walking,7478,7415,7478,63
right_turning,7597,7478,7597,119
walking,7668,7597,7668,71
rising,7736,7668,7736,68
sniffing,7900,7736,7900,164
rising,8037,7900,8037,137
sniffing,8038,8037,8038,1
stepping,8091,8038,8091,53
rising,8128,8091,8128,37
rearing,8190,8128,8190,62
grooming,8191,8190,8191,1
rising,8222,8191,8222,31
grooming,8311,8222,8311,89
sniffing,8312,8311,8312,1
rising,8332,8312,8332,20
rearing,8359,8332,8359,27
rising,8501,8359,8501,142
hunching,8553,8501,8553,52
rearing,8590,8553,8590,37
grooming,8634,8590,8634,44
running,8670,8634,8670,36
sniffing,8728,8670,8728,58
left_turning,8847,8728,8847,119
walking,8848,8847,8848,1
sniffing,8941,8848,8941,93
left_turning,8978,8941,8978,37
grooming,8985,8978,8985,7
right_turning,8986,8985,8986,1
walking,9002,8986,9002,16
stepping,9025,9002,9025,23
trotting,9051,9025,9051,26
walking,9091,9051,9091,40
climbing,9115,9091,9115,24
grooming,9318,9115,9318,203
walking,9319,9318,9319,1
running,9326,9319,9326,7
walking,9367,9326,9367,41
stepping,9379,9367,9379,12
grooming,9477,9379,9477,98
climbing,9543,9477,9543,66
grooming,9544,9543,9544,1
rising,9562,9544,9562,18
grooming,9607,9562,9607,45
right_turning,9631,9607,9631,24
walking,9664,9631,9664,33
grooming,9811,9664,9811,147
walking,9812,9811,9812,1
stepping,9849,9812,9849,37
rearing,9850,9849,9850,1
climbing,9852,9850,9852,2
grooming,9853,9852,9853,1
left_turning,9858,9853,9858,5
grooming,9949,9858,9949,91
scratching,9950,9949,9950,1
grooming,10040,9950,10040,90
sniffing,10126,10040,10126,86
walking,10186,10126,10186,60
rearing,10247,10186,10247,61
grooming,10258,10247,10258,11
sniffing,10347,10258,10347,89
left_turning,10390,10347,10390,43
running,10421,10390,10421,31
rearing,10422,10421,10422,1
grooming,10423,10422,10423,1
left_turning,10427,10423,10427,4
grooming,10598,10427,10598,171
rearing,10667,10598,10667,69
left_turning,10720,10667,10720,53
stepping,10759,10720,10759,39
walking,10834,10759,10834,75
rising,10882,10834,10882,48
walking,10932,10882,10932,50
stepping,10966,10932,10966,34
trotting,10967,10966,10967,1
climbing,10968,10967,10968,1
sniffing,11025,10968,11025,57
walking,11115,11025,11115,90
stepping,11153,11115,11153,38
trotting,11188,11153,11188,35
climbing,11202,11188,11202,14
sniffing,11203,11202,11203,1
grooming,11251,11203,11251,48
rising,11252,11251,11252,1
sniffing,11661,11252,11661,409
left_turning,11693,11661,11693,32
trotting,11724,11693,11724,31
running,11759,11724,11759,35
sniffing,11770,11759,11770,11
grooming,11829,11770,11829,59
trotting,11856,11829,11856,27
sniffing,11926,11856,11926,70
grooming,11927,11926,11927,1
sniffing,11971,11927,11971,44
climbing,11972,11971,11972,1
sniffing,12080,11972,12080,108
running,12125,12080,12125,45
sniffing,12213,12125,12213,88
right_turning,12214,12213,12214,1
trotting,12236,12214,12236,22
sniffing,12259,12236,12259,23
running,12272,12259,12272,13
trotting,12309,12272,12309,37
rising,12344,12309,12344,35
grooming,12345,12344,12345,1
sniffing,12395,12345,12395,50
left_turning,12459,12395,12459,64
sniffing,12597,12459,12597,138
rearing,12654,12597,12654,57
hunching,12680,12654,12680,26
rising,12694,12680,12694,14
rearing,12752,12694,12752,58
grooming,13064,12752,13064,312
sniffing,13087,13064,13087,23
walking,13149,13087,13149,62
sniffing,13283,13149,13283,134
stepping,13318,13283,13318,35
climbing,13358,13318,13358,40
rearing,13395,13358,13395,37
sniffing,13404,13395,13404,9
rising,13405,13404,13405,1
sniffing,13492,13405,13492,87
rising,13566,13492,13566,74
grooming,13787,13566,13787,221
rearing,13877,13787,13877,90
hunching,13887,13877,13887,10
rearing,14002,13887,14002,115
stepping,14055,14002,14055,53
grooming,14252,14055,14252,197
left_turning,14279,14252,14279,27
stepping,14298,14279,14298,19
sniffing,14383,14298,14383,85
walking,14422,14383,14422,39
grooming,14497,14422,14497,75
rearing,14657,14497,14657,160
hunching,14660,14657,14660,3
grooming,14720,14660,14720,60
sniffing,14795,14720,14795,75
grooming,14898,14795,14898,103
left_turning,14927,14898,14927,29
walking,15022,14927,15022,95
grooming,15023,15022,15023,1
stepping,15089,15023,15089,66
trotting,15115,15089,15115,26
sniffing,15289,15115,15289,174
stepping,15344,15289,15344,55
walking,15402,15344,15402,58
grooming,15411,15402,15411,9
stepping,15465,15411,15465,54
sniffing,15572,15465,15572,107
stepping,15615,15572,15615,43
walking,15679,15615,15679,64
right_turning,15704,15679,15704,25
grooming,15746,15704,15746,42
left_turning,15747,15746,15747,1
walking,15748,15747,15748,1
stepping,15811,15748,15811,63
rising,15864,15811,15864,53
sniffing,15951,15864,15951,87
rising,15984,15951,15984,33
grooming,16024,15984,16024,40
stepping,16063,16024,16063,39
right_turning,16102,16063,16102,39
trotting,16107,16102,16107,5
walking,16191,16107,16191,84
grooming,16284,16191,16284,93
stepping,16357,16284,16357,73
sniffing,16379,16357,16379,22
stepping,16418,16379,16418,39
sniffing,16443,16418,16443,25
rising,16528,16443,16528,85
left_turning,16554,16528,16554,26
trotting,16599,16554,16599,45
rising,16633,16599,16633,34
right_turning,16675,16633,16675,42
sniffing,16742,16675,16742,67
walking,16827,16742,16827,85
right_turning,16888,16827,16888,61
sniffing,16965,16888,16965,77
left_turning,17000,16965,17000,35
sniffing,17067,17000,17067,67
stepping,17127,17067,17127,60
walking,17145,17127,17145,18
trotting,17183,17145,17183,38
stepping,17211,17183,17211,28
rising,17243,17211,17243,32
sniffing,17292,17243,17292,49
rising,17331,17292,17331,39
climbing,17381,17331,17381,50
rising,17431,17381,17431,50
stepping,17432,17431,17432,1
right_turning,17460,17432,17460,28
walking,17478,17460,17478,18
trotting,17519,17478,17519,41
walking,17551,17519,17551,32
stepping,17552,17551,17552,1
grooming,17788,17552,17788,236
climbing,17845,17788,17845,57
stepping,17846,17845,17846,1
walking,17864,17846,17864,18
stepping,17911,17864,17911,47
grooming,18066,17911,18066,155
right_turning,18096,18066,18096,30
sniffing,18097,18096,18097,1
grooming,18138,18097,18138,41
trotting,18159,18138,18159,21
walking,18163,18159,18163,4
rearing,18164,18163,18164,1
sniffing,18165,18164,18165,1
stepping,18166,18165,18166,1
trotting,18205,18166,18205,39
walking,18273,18205,18273,68
running,18322,18273,18322,49
sniffing,18396,18322,18396,74
rising,18450,18396,18450,54
climbing,18610,18450,18610,160
grooming,18664,18610,18664,54
rearing,18716,18664,18716,52
climbing,18756,18716,18756,40
grooming,18831,18756,18831,75
rearing,18910,18831,18910,79
grooming,18971,18910,18971,61
stepping,19001,18971,19001,30
rearing,19091,19001,19091,90
grooming,19152,19091,19152,61
left_turning,19198,19152,19198,46
walking,19271,19198,19271,73
stepping,19304,19271,19304,33
grooming,19400,19304,19400,96
rearing,19450,19400,19450,50
hunching,19512,19450,19512,62
grooming,19513,19512,19513,1
rising,19514,19513,19514,1
rearing,19595,19514,19595,81
grooming,19747,19595,19747,152
rearing,19748,19747,19748,1
rising,19749,19748,19749,1
grooming,20130,19749,20130,381
climbing,20245,20130,20245,115
left_turning,20246,20245,20246,1
trotting,20289,20246,20289,43
sniffing,20387,20289,20387,98
stepping,20436,20387,20436,49
sniffing,20498,20436,20498,62
hunching,20560,20498,20560,62
grooming,20725,20560,20725,165
sniffing,20756,20725,20756,31
grooming,20757,20756,20757,1
sniffing,20790,20757,20790,33
trotting,20813,20790,20813,23
sniffing,20832,20813,20832,19
right_turning,20833,20832,20833,1
sniffing,20872,20833,20872,39
rearing,20873,20872,20873,1
hunching,20981,20873,20981,108
grooming,20982,20981,20982,1
sniffing,21019,20982,21019,37
walking,21165,21019,21165,146
sniffing,21250,21165,21250,85
grooming,21251,21250,21251,1
hunching,21252,21251,21252,1
rearing,21290,21252,21290,38
climbing,21324,21290,21324,34
right_turning,21335,21324,21335,11
walking,21425,21335,21425,90
right_turning,21451,21425,21451,26
stepping,21513,21451,21513,62
climbing,21555,21513,21555,42
sniffing,21556,21555,21556,1
trotting,21568,21556,21568,12
stepping,21632,21568,21632,64
climbing,21633,21632,21633,1
sniffing,21668,21633,21668,35
trotting,21690,21668,21690,22
grooming,21772,21690,21772,82
left_turning,21773,21772,21773,1
trotting,21820,21773,21820,47
stepping,21866,21820,21866,46
sniffing,21867,21866,21867,1
walking,21933,21867,21933,66
sniffing,21993,21933,21993,60
stepping,22014,21993,22014,21
rearing,22057,22014,22057,43
hunching,22058,22057,22058,1
rearing,22107,22058,22107,49
hunching,22246,22107,22246,139
rearing,22344,22246,22344,98
stepping,22413,22344,22413,69
walking,22446,22413,22446,33
sniffing,22532,22446,22532,86
grooming,22558,22532,22558,26
sniffing,22595,22558,22595,37
hunching,22623,22595,22623,28
grooming,22833,22623,22833,210
rising,22886,22833,22886,53
rearing,22952,22886,22952,66
grooming,22953,22952,22953,1
hunching,23026,22953,23026,73
rearing,23051,23026,23051,25
grooming,23052,23051,23052,1
rearing,23106,23052,23106,54
grooming,23147,23106,23147,41
climbing,23283,23147,23283,136
grooming,23328,23283,23328,45
sniffing,23422,23328,23422,94
grooming,23660,23422,23660,238
running,23714,23660,23714,54
walking,23769,23714,23769,55
stepping,23796,23769,23796,27
grooming,24069,23796,24069,273
hunching,24083,24069,24083,14
grooming,24084,24083,24084,1
rearing,24109,24084,24109,25
hunching,24135,24109,24135,26
grooming,24136,24135,24136,1
rising,24155,24136,24155,19
trotting,24191,24155,24191,36
walking,24298,24191,24298,107
trotting,24299,24298,24299,1
walking,24319,24299,24319,20
sniffing,24384,24319,24384,65
rising,24415,24384,24415,31
rearing,24513,24415,24513,98
hunching,24544,24513,24544,31
rearing,24611,24544,24611,67
climbing,24653,24611,24653,42
left_turning,24693,24653,24693,40
rising,24713,24693,24713,20
stepping,24716,24713,24716,3
sniffing,24717,24716,24717,1
rising,24753,24717,24753,36
walking,24760,24753,24760,7
sniffing,24789,24760,24789,29
rearing,24828,24789,24828,39
hunching,24900,24828,24900,72
grooming,24901,24900,24901,1
hunching,24912,24901,24912,11
stepping,24939,24912,24939,27
walking,24977,24939,24977,38
rising,25019,24977,25019,42
walking,25054,25019,25054,35
sniffing,25107,25054,25107,53
stepping,25201,25107,25201,94
rearing,25465,25201,25465,264
sniffing,25587,25465,25587,122
left_turning,25588,25587,25588,1
walking,25629,25588,25629,41
sniffing,25657,25629,25657,28
walking,25717,25657,25717,60
sniffing,25822,25717,25822,105
rising,25841,25822,25841,19
grooming,25842,25841,25842,1
sniffing,25843,25842,25843,1
left_turning,25882,25843,25882,39
scratching,25883,25882,25883,1
stepping,25923,25883,25923,40
rearing,25997,25923,25997,74
grooming,26036,25997,26036,39
left_turning,26080,26036,26080,44
grooming,26081,26080,26081,1
rearing,26133,26081,26133,52
grooming,26241,26133,26241,108
walking,26242,26241,26242,1
rearing,26270,26242,26270,28
sniffing,26354,26270,26354,84
hunching,26387,26354,26387,33
rearing,26388,26387,26388,1
stepping,26419,26388,26419,31
walking,26420,26419,26420,1
rising,26496,26420,26496,76
walking,26570,26496,26570,74
sniffing,26637,26570,26637,67
grooming,26754,26637,26754,117
rising,26763,26754,26763,9
climbing,26863,26763,26863,100
left_turning,26872,26863,26872,9
grooming,27039,26872,27039,167
hunching,27129,27039,27129,90
left_turning,27183,27129,27183,54
sniffing,27265,27183,27265,82
rising,27274,27265,27274,9
walking,27343,27274,27343,69
grooming,27434,27343,27434,91
sniffing,27525,27434,27525,91
walking,27551,27525,27551,26
sniffing,27696,27551,27696,145
stepping,27723,27696,27723,27
sniffing,27724,27723,27724,1
stepping,27788,27724,27788,64
walking,27827,27788,27827,39
rising,27890,27827,27890,63
rearing,27935,27890,27935,45
climbing,28000,27935,28000,65
sniffing,28001,28000,28001,1
grooming,28136,28001,28136,135
climbing,28189,28136,28189,53
stepping,28230,28189,28230,41
sniffing,28231,28230,28231,1
walking,28286,28231,28286,55
stepping,28332,28286,28332,46
climbing,28361,28332,28361,29
trotting,28418,28361,28418,57
rising,28424,28418,28424,6
climbing,28511,28424,28511,87
grooming,28529,28511,28529,18
hunching,28548,28529,28548,19
rearing,28653,28548,28653,105
grooming,28654,28653,28654,1
rising,28695,28654,28695,41
walking,28731,28695,28731,36
climbing,28780,28731,28780,49
walking,28781,28780,28781,1
sniffing,28827,28781,28827,46
climbing,28879,28827,28879,52
rearing,28915,28879,28915,36
right_turning,28916,28915,28916,1
sniffing,28965,28916,28965,49
grooming,29059,28965,29059,94
sniffing,29132,29059,29132,73
grooming,29277,29132,29277,145
sniffing,29351,29277,29351,74
grooming,29455,29351,29455,104
sniffing,29456,29455,29456,1
stepping,29472,29456,29472,16
sniffing,29496,29472,29496,24
grooming,29497,29496,29497,1
sniffing,29581,29497,29581,84
rising,29593,29581,29593,12
climbing,29637,29593,29637,44
sniffing,29643,29637,29643,6
grooming,29795,29643,29795,152
hunching,29811,29795,29811,16
rising,29864,29811,29864,53
sniffing,30215,29864,30215,351
walking,30241,30215,30241,26
sniffing,30501,30241,30501,260
left_turning,30563,30501,30563,62
climbing,30666,30563,30666,103
right_turning,30677,30666,30677,11
climbing,30772,30677,30772,95
sniffing,30773,30772,30773,1
left_turning,30777,30773,30777,4
sniffing,30778,30777,30778,1
walking,30842,30778,30842,64
right_turning,30851,30842,30851,9
stepping,30863,30851,30863,12
walking,30896,30863,30896,33
running,30897,30896,30897,1
trotting,30901,30897,30901,4
sniffing,30950,30901,30950,49
grooming,31067,30950,31067,117
rising,31079,31067,31079,12
rearing,31142,31079,31142,63
grooming,31173,31142,31173,31
rearing,31224,31173,31224,51
grooming,31252,31224,31252,28
hunching,31322,31252,31322,70
grooming,31499,31322,31499,177
left_turning,31547,31499,31547,48
running,31563,31547,31563,16
right_turning,31591,31563,31591,28
sniffing,31608,31591,31608,17
trotting,31628,31608,31628,20
sniffing,31695,31628,31695,67
stepping,31707,31695,31707,12
grooming,31793,31707,31793,86
rearing,31836,31793,31836,43
grooming,31870,31836,31870,34
walking,31887,31870,31887,17
sniffing,32006,31887,32006,119
stepping,32051,32006,32051,45
rising,32103,32051,32103,52
left_turning,32120,32103,32120,17
stepping,32141,32120,32141,21
sniffing,32142,32141,32142,1
walking,32143,32142,32143,1
trotting,32162,32143,32162,19
sniffing,32173,32162,32173,11
stepping,32208,32173,32208,35
grooming,32209,32208,32209,1
left_turning,32237,32209,32237,28
rising,32245,32237,32245,8
grooming,32378,32245,32378,133
sniffing,32458,32378,32458,80
grooming,32459,32458,32459,1
scratching,32460,32459,32460,1
left_turning,32484,32460,32484,24
running,32485,32484,32485,1
trotting,32487,32485,32487,2
rising,32488,32487,32488,1
climbing,32605,32488,32605,117
grooming,32666,32605,32666,61
rearing,32704,32666,32704,38
grooming,32746,32704,32746,42
walking,32813,32746,32813,67
sniffing,32910,32813,32910,97
right_turning,32943,32910,32943,33
stepping,33021,32943,33021,78
rising,33039,33021,33039,18
hunching,33063,33039,33063,24
rearing,33091,33063,33091,28
stepping,33132,33091,33132,41
sniffing,33199,33132,33199,67
grooming,33546,33199,33546,347
hunching,33681,33546,33681,135
grooming,33682,33681,33682,1
left_turning,33700,33682,33700,18
sniffing,33701,33700,33701,1
walking,33749,33701,33749,48
stepping,33750,33749,33750,1
left_turning,33788,33750,33788,38
grooming,33962,33788,33962,174
climbing,34010,33962,34010,48
stepping,34011,34010,34011,1
left_turning,34013,34011,34013,2
rising,34052,34013,34052,39
grooming,34130,34052,34130,78
trotting,34167,34130,34167,37
left_turning,34183,34167,34183,16
stepping,34260,34183,34260,77
sniffing,34324,34260,34324,64
stepping,34349,34324,34349,25
left_turning,34365,34349,34365,16
grooming,34430,34365,34430,65
rearing,34528,34430,34528,98
grooming,34591,34528,34591,63
left_turning,34650,34591,34650,59
scratching,34651,34650,34651,1
grooming,34678,34651,34678,27
walking,34738,34678,34738,60
sniffing,34886,34738,34886,148
grooming,35089,34886,35089,203
stepping,35111,35089,35111,22
walking,35178,35111,35178,67
sniffing,35230,35178,35230,52
rising,35258,35230,35258,28
climbing,35259,35258,35259,1
running,35289,35259,35289,30
sniffing,35439,35289,35439,150
grooming,35576,35439,35576,137
right_turning,35626,35576,35626,50
sniffing,35726,35626,35726,100
stepping,35773,35726,35773,47
rising,35798,35773,35798,25
sniffing,35857,35798,35857,59
rearing,36082,35857,36082,225
sniffing,36083,36082,36083,1
left_turning,36119,36083,36119,36
stepping,36142,36119,36142,23
sniffing,36143,36142,36143,1
stepping,36189,36143,36189,46
sniffing,36228,36189,36228,39
stepping,36300,36228,36300,72
sniffing,36345,36300,36345,45
walking,36387,36345,36387,42
sniffing,36388,36387,36388,1
stepping,36446,36388,36446,58
sniffing,36452,36446,36452,6
rising,36501,36452,36501,49
sniffing,36502,36501,36502,1
right_turning,36582,36502,36582,80
walking,36583,36582,36583,1
trotting,36584,36583,36584,1
stepping,36603,36584,36603,19
rising,36743,36603,36743,140
grooming,36889,36743,36889,146
sniffing,37036,36889,37036,147
walking,37064,37036,37064,28
sniffing,37154,37064,37154,90
trotting,37190,37154,37190,36
walking,37255,37190,37255,65
sniffing,37325,37255,37325,70
stepping,37352,37325,37352,27
sniffing,37353,37352,37353,1
rearing,37425,37353,37425,72
climbing,37426,37425,37426,1
rising,37428,37426,37428,2
rearing,37429,37428,37429,1
right_turning,37478,37429,37478,49
walking,37509,37478,37509,31
trotting,37524,37509,37524,15
walking,37563,37524,37563,39
sniffing,37710,37563,37710,147
trotting,37727,37710,37727,17
rearing,37794,37727,37794,67
sniffing,37875,37794,37875,81
trotting,37913,37875,37913,38
sniffing,37944,37913,37944,31
walking,37956,37944,37956,12
rising,38001,37956,38001,45
sniffing,38113,38001,38113,112
grooming,38489,38113,38489,376
walking,38505,38489,38505,16
running,38519,38505,38519,14
walking,38565,38519,38565,46
left_turning,38568,38565,38568,3
walking,38592,38568,38592,24
sniffing,38620,38592,38620,28
walking,38647,38620,38647,27
sniffing,38648,38647,38648,1
grooming,38741,38648,38741,93
sniffing,38742,38741,38742,1
rising,38743,38742,38743,1
sniffing,38886,38743,38886,143
stepping,38980,38886,38980,94
rising,38981,38980,38981,1
climbing,39072,38981,39072,91
sniffing,39134,39072,39134,62
rearing,39177,39134,39177,43
grooming,39300,39177,39300,123
scratching,39301,39300,39301,1
sniffing,39401,39301,39401,100
walking,39486,39401,39486,85
sniffing,39487,39486,39487,1
running,39497,39487,39497,10
walking,39520,39497,39520,23
sniffing,39521,39520,39521,1
trotting,39557,39521,39557,36
rising,39595,39557,39595,38
sniffing,39596,39595,39596,1
right_turning,39599,39596,39599,3
stepping,39608,39599,39608,9
sniffing,39724,39608,39724,116
rising,39725,39724,39725,1
rearing,39726,39725,39726,1
grooming,39737,39726,39737,11
rearing,39745,39737,39745,8
stepping,39777,39745,39777,32
grooming,40076,39777,40076,299
walking,40132,40076,40132,56
left_turning,40153,40132,40153,21
walking,40231,40153,40231,78
sniffing,40234,40231,40234,3
left_turning,40307,40234,40307,73
trotting,40334,40307,40334,27
grooming,40335,40334,40335,1
sniffing,40336,40335,40336,1
grooming,40616,40336,40616,280
rearing,40617,40616,40617,1
left_turning,40659,40617,40659,42
right_turning,40683,40659,40683,24
running,40707,40683,40707,24
stepping,40738,40707,40738,31
rearing,40967,40738,40967,229
walking,41053,40967,41053,86
sniffing,41056,41053,41056,3
rearing,41288,41056,41288,232
grooming,41433,41288,41433,145
hunching,41586,41433,41586,153
sniffing,41633,41586,41633,47
rising,41634,41633,41634,1
climbing,41635,41634,41635,1
left_turning,41717,41635,41717,82
grooming,41736,41717,41736,19
hunching,41803,41736,41803,67
rising,41804,41803,41804,1
grooming,41926,41804,41926,122
rearing,41927,41926,41927,1
hunching,41928,41927,41928,1
grooming,41969,41928,41969,41
rearing,42024,41969,42024,55
climbing,42140,42024,42140,116
running,42160,42140,42160,20
stepping,42169,42160,42169,9
rising,42207,42169,42207,38
grooming,42316,42207,42316,109
climbing,42399,42316,42399,83
sniffing,42428,42399,42428,29
trotting,42444,42428,42444,16
walking,42445,42444,42445,1
rising,42492,42445,42492,47
sniffing,42528,42492,42528,36
stepping,42552,42528,42552,24
sniffing,42556,42552,42556,4
grooming,42638,42556,42638,82
rearing,42749,42638,42749,111
climbing,42801,42749,42801,52
walking,42802,42801,42802,1
running,42816,42802,42816,14
stepping,42859,42816,42859,43
sniffing,42869,42859,42869,10
walking,42889,42869,42889,20
sniffing,42956,42889,42956,67
grooming,43233,42956,43233,277
walking,43301,43233,43301,68
sniffing,43302,43301,43302,1
rising,43361,43302,43361,59
grooming,43460,43361,43460,99
running,43493,43460,43493,33
sniffing,43555,43493,43555,62
running,43588,43555,43588,33
walking,43589,43588,43589,1
sniffing,43590,43589,43590,1
rising,43603,43590,43603,13
walking,43629,43603,43629,26
sniffing,43714,43629,43714,85
rising,43838,43714,43838,124
rearing,43884,43838,43884,46
climbing,43915,43884,43915,31
rearing,43995,43915,43995,80
climbing,44050,43995,44050,55
grooming,44051,44050,44051,1
sniffing,44111,44051,44111,60
right_turning,44115,44111,44115,4
sniffing,44160,44115,44160,45
rising,44211,44160,44211,51
walking,44226,44211,44226,15
sniffing,44227,44226,44227,1
walking,44408,44227,44408,181
sniffing,44415,44408,44415,7
stepping,44495,44415,44495,80
sniffing,44558,44495,44558,63
walking,44645,44558,44645,87
rising,44676,44645,44676,31
climbing,44758,44676,44758,82
grooming,44768,44758,44768,10
hunching,44880,44768,44880,112
grooming,44968,44880,44968,88
rising,44977,44968,44977,9
stepping,45019,44977,45019,42
climbing,45091,45019,45091,72
rising,45201,45091,45201,110
grooming,45408,45201,45408,207
walking,45452,45408,45452,44
stepping,45488,45452,45488,36
right_turning,45505,45488,45505,17
walking,45558,45505,45558,53
left_turning,45645,45558,45645,87
sniffing,45693,45645,45693,48
stepping,45714,45693,45714,21
sniffing,45837,45714,45837,123
grooming,46013,45837,46013,176
walking,46057,46013,46057,44
sniffing,46144,46057,46144,87
trotting,46188,46144,46188,44
stepping,46224,46188,46224,36
walking,46265,46224,46265,41
stepping,46266,46265,46266,1
sniffing,46369,46266,46369,103
stepping,46413,46369,46413,44
sniffing,46443,46413,46443,30
stepping,46449,46443,46449,6
grooming,47107,46449,47107,658
trotting,47122,47107,47122,15
walking,47206,47122,47206,84
right_turning,47207,47206,47207,1
stepping,47248,47207,47248,41
grooming,47281,47248,47281,33
sniffing,47405,47281,47405,124
rising,47456,47405,47456,51
climbing,47552,47456,47552,96
stepping,47623,47552,47623,71
rising,47624,47623,47624,1
rearing,47649,47624,47649,25
stepping,47653,47649,47653,4
trotting,47679,47653,47679,26
sniffing,47767,47679,47767,88
walking,47816,47767,47816,49
rearing,47817,47816,47817,1
grooming,47946,47817,47946,129
walking,47998,47946,47998,52
stepping,48049,47998,48049,51
sniffing,48102,48049,48102,53
rising,48103,48102,48103,1
sniffing,48144,48103,48144,41
left_turning,48170,48144,48170,26
rising,48171,48170,48171,1
climbing,48229,48171,48229,58
grooming,48230,48229,48230,1
rearing,48231,48230,48231,1
rising,48283,48231,48283,52
grooming,48468,48283,48468,185
hunching,48524,48468,48524,56
rearing,48543,48524,48543,19
right_turning,48590,48543,48590,47
left_turning,48648,48590,48648,58
sniffing,48738,48648,48738,90
scratching,48739,48738,48739,1
sniffing,48740,48739,48740,1
rising,48770,48740,48770,30
climbing,48863,48770,48863,93
hunching,48941,48863,48941,78
grooming,48992,48941,48992,51
hunching,49018,48992,49018,26
grooming,49048,49018,49048,30
sniffing,49061,49048,49061,13
rising,49142,49061,49142,81
climbing,49214,49142,49214,72
rearing,49299,49214,49299,85
climbing,49358,49299,49358,59
rearing,49373,49358,49373,15
hunching,49419,49373,49419,46
grooming,49437,49419,49437,18
walking,49445,49437,49445,8
stepping,49477,49445,49477,32
trotting,49501,49477,49501,24
sniffing,49502,49501,49502,1
grooming,49676,49502,49676,174
running,49700,49676,49700,24
walking,49755,49700,49755,55
trotting,49788,49755,49788,33
sniffing,49796,49788,49796,8
grooming,49907,49796,49907,111
walking,49917,49907,49917,10
sniffing,50064,49917,50064,147
climbing,50075,50064,50075,11
grooming,50082,50075,50082,7
sniffing,50130,50082,50130,48
rising,50131,50130,50131,1
rearing,50141,50131,50141,10
walking,50243,50141,50243,102
sniffing,50353,50243,50353,110
rising,50369,50353,50369,16
grooming,50370,50369,50370,1
hunching,50397,50370,50397,27
grooming,50571,50397,50571,174
stepping,50649,50571,50649,78
sniffing,50717,50649,50717,68
walking,50836,50717,50836,119
running,50850,50836,50850,14
walking,50945,50850,50945,95
sniffing,50975,50945,50975,30
rising,50976,50975,50976,1
climbing,51003,50976,51003,27
rising,51048,51003,51048,45
climbing,51128,51048,51128,80
stepping,51141,51128,51141,13
climbing,51231,51141,51231,90
left_turning,51232,51231,51232,1
sniffing,51233,51232,51233,1
right_turning,51234,51233,51234,1
climbing,51264,51234,51264,30
rearing,51373,51264,51373,109
stepping,51391,51373,51391,18
rising,51479,51391,51479,88
rearing,51528,51479,51528,49
climbing,51592,51528,51592,64
running,51629,51592,51629,37
trotting,51664,51629,51664,35
sniffing,51976,51664,51976,312
grooming,51977,51976,51977,1
rearing,52041,51977,52041,64
climbing,52056,52041,52056,15
stepping,52095,52056,52095,39
sniffing,52115,52095,52115,20
rising,52211,52115,52211,96
sniffing,52219,52211,52219,8
walking,52220,52219,52220,1
rising,52236,52220,52236,16
climbing,52369,52236,52369,133
sniffing,52370,52369,52370,1
right_turning,52383,52370,52383,13
walking,52389,52383,52389,6
rising,52454,52389,52454,65
climbing,52467,52454,52467,13
grooming,52517,52467,52517,50
stepping,52567,52517,52567,50
sniffing,52635,52567,52635,68
left_turning,52696,52635,52696,61
sniffing,52821,52696,52821,125
walking,52930,52821,52930,109
rearing,53050,52930,53050,120
rising,53052,53050,53052,2
climbing,53090,53052,53090,38
rearing,53121,53090,53121,31
climbing,53179,53121,53179,58
left_turning,53185,53179,53185,6
sniffing,53236,53185,53236,51
grooming,53237,53236,53237,1
trotting,53259,53237,53259,22
sniffing,53333,53259,53333,74
stepping,53359,53333,53359,26
rearing,53414,53359,53414,55
sniffing,53507,53414,53507,93
stepping,53532,53507,53532,25
sniffing,53633,53532,53633,101
walking,53728,53633,53728,95
grooming,53975,53728,53975,247
hunching,53977,53975,53977,2
grooming,54050,53977,54050,73
climbing,54147,54050,54147,97
trotting,54180,54147,54180,33
climbing,54234,54180,54234,54
grooming,54567,54234,54567,333
sniffing,54568,54567,54568,1
walking,54577,54568,54577,9
sniffing,54747,54577,54747,170
climbing,54826,54747,54826,79
walking,54893,54826,54893,67
sniffing,54960,54893,54960,67
walking,54961,54960,54961,1
grooming,55288,54961,55288,327
climbing,55336,55288,55336,48
left_turning,55377,55336,55377,41
sniffing,55378,55377,55378,1
walking,55420,55378,55420,42
sniffing,55486,55420,55486,66
rising,55487,55486,55487,1
rearing,55574,55487,55574,87
rising,55601,55574,55601,27
grooming,55862,55601,55862,261
climbing,55993,55862,55993,131
grooming,56261,55993,56261,268
scratching,56262,56261,56262,1
stepping,56326,56262,56326,64
sniffing,56455,56326,56455,129
right_turning,56456,56455,56456,1
walking,56584,56456,56584,128
running,56607,56584,56607,23
rising,56614,56607,56614,7
walking,56628,56614,56628,14
sniffing,56629,56628,56629,1
grooming,56721,56629,56721,92
scratching,56722,56721,56722,1
sniffing,56723,56722,56723,1
stepping,56767,56723,56767,44
rearing,56826,56767,56826,59
climbing,56836,56826,56836,10
sniffing,56973,56836,56973,137
stepping,56992,56973,56992,19
walking,57094,56992,57094,102
sniffing,57184,57094,57184,90
grooming,57269,57184,57269,85
sniffing,57270,57269,57270,1
left_turning,57328,57270,57328,58
stepping,57341,57328,57341,13
grooming,57427,57341,57427,86
sniffing,57450,57427,57450,23
walking,57495,57450,57495,45
sniffing,57549,57495,57549,54
stepping,57586,57549,57586,37
sniffing,57625,57586,57625,39
trotting,57633,57625,57633,8
sniffing,57722,57633,57722,89
grooming,57790,57722,57790,68
sniffing,57938,57790,57938,148
rearing,57944,57938,57944,6
grooming,57945,57944,57945,1
hunching,57996,57945,57996,51
grooming,58140,57996,58140,144
rearing,58141,58140,58141,1
rising,58243,58141,58243,102
rearing,58289,58243,58289,46
grooming,58360,58289,58360,71
running,58378,58360,58378,18
stepping,58430,58378,58430,52
sniffing,58452,58430,58452,22
walking,58462,58452,58462,10
stepping,58486,58462,58486,24
hunching,58513,58486,58513,27
rearing,58611,58513,58611,98
left_turning,58655,58611,58655,44
sniffing,58729,58655,58729,74
rising,58730,58729,58730,1
grooming,58923,58730,58923,193
sniffing,59039,58923,59039,116
rising,59040,59039,59040,1
sniffing,59056,59040,59056,16
stepping,59069,59056,59069,13
walking,59070,59069,59070,1
sniffing,59087,59070,59087,17
stepping,59145,59087,59145,58
sniffing,59146,59145,59146,1
stepping,59201,59146,59201,55
sniffing,59278,59201,59278,77
grooming,59279,59278,59279,1
left_turning,59297,59279,59297,18
sniffing,59467,59297,59467,170
rising,59491,59467,59491,24
grooming,59519,59491,59519,28
rising,59578,59519,59578,59
rearing,59603,59578,59603,25
grooming,60170,59603,60170,567
rearing,60319,60170,60319,149
grooming,60778,60319,60778,459
scratching,60779,60778,60779,1
left_turning,60790,60779,60790,11
walking,60803,60790,60803,13
sniffing,60831,60803,60831,28
grooming,60832,60831,60832,1
hunching,60845,60832,60845,13
grooming,60970,60845,60970,125
rearing,61029,60970,61029,59
rising,61094,61029,61094,65
climbing,61095,61094,61095,1
grooming,61399,61095,61399,304
stepping,61456,61399,61456,57
sniffing,61636,61456,61636,180
stepping,61637,61636,61637,1
grooming,61638,61637,61638,1
walking,61662,61638,61662,24
rearing,61694,61662,61694,32
hunching,61739,61694,61739,45
climbing,61783,61739,61783,44
running,61798,61783,61798,15
walking,61848,61798,61848,50
climbing,61904,61848,61904,56
left_turning,61926,61904,61926,22
walking,61941,61926,61941,15
stepping,61976,61941,61976,35
climbing,62039,61976,62039,63
stepping,62040,62039,62040,1
sniffing,62041,62040,62041,1
grooming,62213,62041,62213,172
trotting,62273,62213,62273,60
running,62300,62273,62300,27
trotting,62344,62300,62344,44
walking,62422,62344,62422,78
sniffing,62478,62422,62478,56
walking,62526,62478,62526,48
rearing,62580,62526,62580,54
grooming,62987,62580,62987,407
rising,63124,62987,63124,137
grooming,63125,63124,63125,1
running,63166,63125,63166,41
trotting,63193,63166,63193,27
walking,63221,63193,63221,28
stepping,63288,63221,63288,67
sniffing,63360,63288,63360,72
rising,63394,63360,63394,34
walking,63438,63394,63438,44
stepping,63464,63438,63464,26
sniffing,63563,63464,63563,99
grooming,63770,63563,63770,207
trotting,63839,63770,63839,69
walking,63899,63839,63899,60
climbing,63993,63899,63993,94
trotting,64004,63993,64004,11
sniffing,64041,64004,64041,37
walking,64092,64041,64092,51
sniffing,64093,64092,64093,1
climbing,64157,64093,64157,64
grooming,64269,64157,64269,112
rearing,64270,64269,64270,1
climbing,64326,64270,64326,56
left_turning,64327,64326,64327,1
sniffing,64437,64327,64437,110
right_turning,64445,64437,64445,8
rearing,64757,64445,64757,312
sniffing,64840,64757,64840,83
climbing,64848,64840,64848,8
walking,64896,64848,64896,48
rearing,64897,64896,64897,1
running,64936,64897,64936,39
walking,64937,64936,64937,1
sniffing,65037,64937,65037,100
stepping,65060,65037,65060,23
climbing,65061,65060,65061,1
rearing,65062,65061,65062,1
grooming,65063,65062,65063,1
rearing,65090,65063,65090,27
grooming,65156,65090,65156,66
walking,65157,65156,65157,1
sniffing,65298,65157,65298,141
stepping,65343,65298,65343,45
climbing,65344,65343,65344,1
running,65365,65344,65365,21
walking,65382,65365,65382,17
stepping,65448,65382,65448,66
sniffing,65508,65448,65508,60
hunching,65562,65508,65562,54
left_turning,65589,65562,65589,27
sniffing,65626,65589,65626,37
rising,65675,65626,65675,49
sniffing,65730,65675,65730,55
rearing,65731,65730,65731,1
grooming,65957,65731,65957,226
running,65999,65957,65999,42
walking,66000,65999,66000,1
trotting,66008,66000,66008,8
walking,66046,66008,66046,38
sniffing,66062,66046,66062,16
left_turning,66115,66062,66115,53
sniffing,66185,66115,66185,70
stepping,66214,66185,66214,29
rising,66268,66214,66268,54
stepping,66288,66268,66288,20
sniffing,66289,66288,66289,1
rearing,66320,66289,66320,31
stepping,66380,66320,66380,60
climbing,66487,66380,66487,107
grooming,66488,66487,66488,1
rising,66611,66488,66611,123
sniffing,66647,66611,66647,36
left_turning,66655,66647,66655,8
walking,66677,66655,66677,22
stepping,66746,66677,66746,69
walking,66781,66746,66781,35
sniffing,66789,66781,66789,8
trotting,66811,66789,66811,22
walking,66863,66811,66863,52
grooming,67223,66863,67223,360
rising,67224,67223,67224,1
rearing,67282,67224,67282,58
stepping,67336,67282,67336,54
sniffing,67368,67336,67368,32
grooming,67533,67368,67533,165
walking,67536,67533,67536,3
stepping,67594,67536,67594,58
rising,67639,67594,67639,45
left_turning,67713,67639,67713,74
trotting,67752,67713,67752,39
walking,67792,67752,67792,40
sniffing,67886,67792,67886,94
stepping,67909,67886,67909,23
sniffing,67910,67909,67910,1
climbing,67981,67910,67981,71
left_turning,68013,67981,68013,32
rising,68035,68013,68035,22
sniffing,68059,68035,68059,24
rearing,68062,68059,68062,3
rising,68086,68062,68086,24
rearing,68188,68086,68188,102
right_turning,68206,68188,68206,18
walking,68220,68206,68220,14
sniffing,68276,68220,68276,56
stepping,68304,68276,68304,28
walking,68400,68304,68400,96
sniffing,68412,68400,68412,12
rearing,68518,68412,68518,106
grooming,69126,68518,69126,608
walking,69137,69126,69137,11
sniffing,69138,69137,69138,1
rearing,69150,69138,69150,12
climbing,69238,69150,69238,88
running,69273,69238,69273,35
trotting,69291,69273,69291,18
right_turning,69329,69291,69329,38
sniffing,69342,69329,69342,13
right_turning,69394,69342,69394,52
walking,69400,69394,69400,6
rising,69465,69400,69465,65
left_turning,69521,69465,69521,56
stepping,69586,69521,69586,65
left_turning,69638,69586,69638,52
sniffing,69760,69638,69760,122
grooming,69761,69760,69761,1
left_turning,69782,69761,69782,21
stepping,69862,69782,69862,80
rearing,69936,69862,69936,74
rising,70025,69936,70025,89
climbing,70082,70025,70082,57
rising,70125,70082,70125,43
running,70153,70125,70153,28
walking,70189,70153,70189,36
sniffing,70372,70189,70372,183
right_turning,70405,70372,70405,33
walking,70414,70405,70414,9
sniffing,70503,70414,70503,89
left_turning,70580,70503,70580,77
sniffing,70641,70580,70641,61
rising,70703,70641,70703,62
hunching,70704,70703,70704,1
rearing,70705,70704,70705,1
climbing,70855,70705,70855,150
grooming,71030,70855,71030,175
rearing,71117,71030,71117,87
left_turning,71142,71117,71142,25
walking,71143,71142,71143,1
sniffing,71275,71143,71275,132
running,71277,71275,71277,2
walking,71312,71277,71312,35
rising,71474,71312,71474,162
sniffing,71548,71474,71548,74
rising,71580,71548,71580,32
sniffing,71581,71580,71581,1
walking,71628,71581,71628,47
trotting,71631,71628,71631,3
rising,71655,71631,71655,24
climbing,71755,71655,71755,100
walking,71845,71755,71845,90
stepping,71916,71845,71916,71
sniffing,72000,71916,72000,84
left_turning,72024,72000,72024,24
stepping,72074,72024,72074,50
sniffing,72125,72074,72125,51
walking,72127,72125,72127,2
rising,72148,72127,72148,21
sniffing,72149,72148,72149,1
left_turning,72236,72149,72236,87
grooming,72336,72236,72336,100
left_turning,72426,72336,72426,90
stepping,72498,72426,72498,72
sniffing,72513,72498,72513,15
walking,72529,72513,72529,16
sniffing,72555,72529,72555,26
walking,72600,72555,72600,45
rising,72673,72600,72673,73
sniffing,72834,72673,72834,161
rising,72863,72834,72863,29
sniffing,72940,72863,72940,77
left_turning,72975,72940,72975,35
walking,73017,72975,73017,42
stepping,73022,73017,73022,5
left_turning,73023,73022,73023,1
sniffing,73103,73023,73103,80
walking,73104,73103,73104,1
sniffing,73223,73104,73223,119
grooming,73350,73223,73350,127
stepping,73391,73350,73391,41
sniffing,73392,73391,73392,1
running,73399,73392,73399,7
sniffing,73435,73399,73435,36
stepping,73483,73435,73483,48
grooming,73530,73483,73530,47
rearing,73531,73530,73531,1
stepping,73632,73531,73632,101
trotting,73656,73632,73656,24
sniffing,73844,73656,73844,188
grooming,74399,73844,74399,555
rearing,74414,74399,74414,15
climbing,74446,74414,74446,32
stepping,74479,74446,74479,33
walking,74503,74479,74503,24
sniffing,74504,74503,74504,1
walking,74562,74504,74562,58
sniffing,74563,74562,74563,1
stepping,74593,74563,74593,30
walking,74703,74593,74703,110
sniffing,74947,74703,74947,244
stepping,74983,74947,74983,36
left_turning,75068,74983,75068,85
walking,75170,75068,75170,102
stepping,75206,75170,75206,36
rising,75258,75206,75258,52
rearing,75273,75258,75273,15
grooming,75376,75273,75376,103
rising,75402,75376,75402,26
climbing,75466,75402,75466,64
walking,75518,75466,75518,52
trotting,75519,75518,75519,1
sniffing,75568,75519,75568,49
running,75579,75568,75579,11
stepping,75667,75579,75667,88
walking,75697,75667,75697,30
sniffing,75780,75697,75780,83
running,75804,75780,75804,24
climbing,75867,75804,75867,63
grooming,75868,75867,75868,1
trotting,75894,75868,75894,26
right_turning,75913,75894,75913,19
walking,75979,75913,75979,66
grooming,76248,75979,76248,269
walking,76273,76248,76273,25
right_turning,76312,76273,76312,39
sniffing,76313,76312,76313,1
stepping,76341,76313,76341,28
sniffing,76347,76341,76347,6
rearing,76357,76347,76357,10
rising,76423,76357,76423,66
grooming,76432,76423,76432,9
rearing,76433,76432,76433,1
walking,76466,76433,76466,33
climbing,76571,76466,76571,105
left_turning,76694,76571,76694,123
trotting,76732,76694,76732,38
grooming,76892,76732,76892,160
sniffing,76893,76892,76893,1
right_turning,76930,76893,76930,37
walking,76990,76930,76990,60
right_turning,76994,76990,76994,4
sniffing,77045,76994,77045,51
stepping,77098,77045,77098,53
rearing,77102,77098,77102,4
left_turning,77150,77102,77150,48
scratching,77151,77150,77151,1
stepping,77179,77151,77179,28
rising,77259,77179,77259,80
sniffing,77348,77259,77348,89
trotting,77388,77348,77388,40
running,77389,77388,77389,1
sniffing,77390,77389,77390,1
rising,77411,77390,77411,21
sniffing,77435,77411,77435,24
grooming,77571,77435,77571,136
rearing,77632,77571,77632,61
hunching,77678,77632,77678,46
rearing,77697,77678,77697,19
grooming,77698,77697,77698,1
walking,77754,77698,77754,56
stepping,77762,77754,77762,8
sniffing,77849,77762,77849,87
right_turning,77976,77849,77976,127
walking,78031,77976,78031,55
stepping,78036,78031,78036,5
sniffing,78158,78036,78158,122
stepping,78174,78158,78174,16
sniffing,78336,78174,78336,162
stepping,78341,78336,78341,5
rising,78410,78341,78410,69
climbing,78451,78410,78451,41
walking,78467,78451,78467,16
stepping,78537,78467,78537,70
sniffing,78636,78537,78636,99
walking,78698,78636,78698,62
rising,78712,78698,78712,14
climbing,78806,78712,78806,94
trotting,78881,78806,78881,75
sniffing,78902,78881,78902,21
walking,78933,78902,78933,31
sniffing,79009,78933,79009,76
walking,79093,79009,79093,84
sniffing,79198,79093,79198,105
stepping,79223,79198,79223,25
grooming,79272,79223,79272,49
climbing,79415,79272,79415,143
left_turning,79429,79415,79429,14
sniffing,79453,79429,79453,24
rearing,79454,79453,79454,1
grooming,79546,79454,79546,92
trotting,79574,79546,79574,28
grooming,79629,79574,79629,55
rearing,79726,79629,79726,97
climbing,79746,79726,79746,20
rearing,79747,79746,79747,1
hunching,79778,79747,79778,31
grooming,79852,79778,79852,74
rearing,79879,79852,79879,27
stepping,79917,79879,79917,38
walking,79979,79917,79979,62
stepping,80061,79979,80061,82
walking,80090,80061,80090,29
stepping,80102,80090,80102,12
climbing,80123,80102,80123,21
left_turning,80154,80123,80154,31
rising,80197,80154,80197,43
climbing,80341,80197,80341,144
sniffing,80520,80341,80520,179
rising,80567,80520,80567,47
climbing,80618,80567,80618,51
grooming,80619,80618,80619,1
rearing,80708,80619,80708,89
left_turning,80730,80708,80730,22
rising,80751,80730,80751,21
climbing,80835,80751,80835,84
rearing,80836,80835,80836,1
grooming,80987,80836,80987,151
sniffing,81007,80987,81007,20
rising,81033,81007,81033,26
sniffing,81152,81033,81152,119
walking,81195,81152,81195,43
stepping,81254,81195,81254,59
climbing,81373,81254,81373,119
walking,81447,81373,81447,74
sniffing,81517,81447,81517,70
grooming,81518,81517,81518,1
rising,81607,81518,81607,89
climbing,81682,81607,81682,75
sniffing,81683,81682,81683,1
walking,81735,81683,81735,52
trotting,81762,81735,81762,27
right_turning,81788,81762,81788,26
walking,81789,81788,81789,1
climbing,81846,81789,81846,57
grooming,82166,81846,82166,320
stepping,82175,82166,82175,9
sniffing,82244,82175,82244,69
stepping,82312,82244,82312,68
walking,82315,82312,82315,3
sniffing,82389,82315,82389,74
walking,82414,82389,82414,25
sniffing,82415,82414,82415,1
grooming,82420,82415,82420,5
sniffing,82421,82420,82421,1
walking,82517,82421,82517,96
stepping,82530,82517,82530,13
right_turning,82531,82530,82531,1
walking,82593,82531,82593,62
sniffing,82642,82593,82642,49
left_turning,82670,82642,82670,28
walking,82699,82670,82699,29
rising,82742,82699,82742,43
climbing,82818,82742,82818,76
walking,82820,82818,82820,2
rising,82866,82820,82866,46
climbing,82867,82866,82867,1
rearing,82917,82867,82917,50
left_turning,82922,82917,82922,5
sniffing,83031,82922,83031,109
walking,83039,83031,83039,8
stepping,83086,83039,83086,47
walking,83122,83086,83122,36
stepping,83165,83122,83165,43
walking,83199,83165,83199,34
sniffing,83232,83199,83232,33
right_turning,83233,83232,83233,1
walking,83289,83233,83289,56
sniffing,83290,83289,83290,1
left_turning,83294,83290,83294,4
walking,83295,83294,83295,1
rising,83315,83295,83315,20
sniffing,83316,83315,83316,1
climbing,83338,83316,83338,22
trotting,83366,83338,83366,28
stepping,83405,83366,83405,39
sniffing,83533,83405,83533,128
stepping,83583,83533,83583,50
trotting,83594,83583,83594,11
stepping,83595,83594,83595,1
rising,83596,83595,83596,1
grooming,84432,83596,84432,836
climbing,84513,84432,84513,81
rearing,84593,84513,84593,80
climbing,84680,84593,84680,87
sniffing,84683,84680,84683,3
left_turning,84686,84683,84686,3
sniffing,84687,84686,84687,1
walking,84695,84687,84695,8
left_turning,84727,84695,84727,32
walking,84735,84727,84735,8
stepping,84759,84735,84759,24
sniffing,84821,84759,84821,62
rearing,84822,84821,84822,1
sniffing,84823,84822,84823,1
stepping,84825,84823,84825,2
grooming,84826,84825,84826,1
rearing,84910,84826,84910,84
climbing,84955,84910,84955,45
rising,84963,84955,84963,8
rearing,84993,84963,84993,30
grooming,85032,84993,85032,39
walking,85036,85032,85036,4
rising,85108,85036,85108,72
rearing,85177,85108,85177,69
hunching,85264,85177,85264,87
climbing,85323,85264,85323,59
rearing,85324,85323,85324,1
stepping,85395,85324,85395,71
walking,85435,85395,85435,40
stepping,85444,85435,85444,9
rising,85461,85444,85461,17
sniffing,85517,85461,85517,56
rising,85522,85517,85522,5
walking,85538,85522,85538,16
grooming,86112,85538,86112,574
sniffing,86303,86112,86303,191
rising,86304,86303,86304,1
climbing,86365,86304,86365,61
right_turning,86394,86365,86394,29
sniffing,86395,86394,86395,1
grooming,86834,86395,86834,439
rearing,86901,86834,86901,67
rising,86987,86901,86987,86
climbing,87026,86987,87026,39
right_turning,87027,87026,87027,1
walking,87071,87027,87071,44
sniffing,87072,87071,87072,1
grooming,87073,87072,87073,1
left_turning,87104,87073,87104,31
stepping,87105,87104,87105,1
walking,87168,87105,87168,63
stepping,87208,87168,87208,40
sniffing,87320,87208,87320,112
rising,87343,87320,87343,23
climbing,87436,87343,87436,93
grooming,87437,87436,87437,1
rearing,87566,87437,87566,129
sniffing,87602,87566,87602,36
walking,87629,87602,87629,27
stepping,87653,87629,87653,24
sniffing,87743,87653,87743,90
grooming,88029,87743,88029,286
rearing,88070,88029,88070,41
climbing,88136,88070,88136,66
rearing,88151,88136,88151,15
stepping,88190,88151,88190,39
right_turning,88214,88190,88214,24
rising,88237,88214,88237,23
grooming,88238,88237,88238,1
scratching,88239,88238,88239,1
grooming,88331,88239,88331,92
sniffing,88402,88331,88402,71
stepping,88447,88402,88447,45
rising,88448,88447,88448,1
stepping,88473,88448,88473,25
sniffing,88662,88473,88662,189
stepping,88682,88662,88682,20
walking,88736,88682,88736,54
stepping,88803,88736,88803,67
walking,88826,88803,88826,23
sniffing,89060,88826,89060,234
stepping,89067,89060,89067,7
climbing,89096,89067,89096,29
grooming,89654,89096,89654,558
rising,89714,89654,89714,60
grooming,89715,89714,89715,1
rearing,89716,89715,89716,1
hunching,89737,89716,89737,21
rearing,89804,89737,89804,67
grooming,90219,89804,90219,415
rearing,90241,90219,90241,22
sniffing,90252,90241,90252,11
stepping,90370,90252,90370,118
sniffing,90554,90370,90554,184
walking,90555,90554,90555,1
rearing,90588,90555,90588,33
walking,90602,90588,90602,14
stepping,90671,90602,90671,69
sniffing,90682,90671,90682,11
running,90713,90682,90713,31
rearing,90724,90713,90724,11
climbing,90773,90724,90773,49
left_turning,90814,90773,90814,41
walking,90898,90814,90898,84
stepping,90922,90898,90922,24
rearing,91014,90922,91014,92
grooming,91063,91014,91063,49
rearing,91078,91063,91078,15
grooming,91185,91078,91185,107
rising,91241,91185,91241,56
sniffing,91318,91241,91318,77
grooming,91616,91318,91616,298
rising,91638,91616,91638,22
hunching,91707,91638,91707,69
left_turning,91772,91707,91772,65
walking,91802,91772,91802,30
sniffing,91813,91802,91813,11
stepping,91830,91813,91830,17
grooming,91860,91830,91860,30
climbing,91879,91860,91879,19
rearing,91963,91879,91963,84
hunching,92048,91963,92048,85
grooming,92049,92048,92049,1
right_turning,92079,92049,92079,30
sniffing,92103,92079,92103,24
grooming,92104,92103,92104,1
left_turning,92137,92104,92137,33
walking,92183,92137,92183,46
sniffing,92297,92183,92297,114
walking,92380,92297,92380,83
sniffing,92497,92380,92497,117
stepping,92517,92497,92517,20
grooming,92550,92517,92550,33
right_turning,92622,92550,92622,72
sniffing,92623,92622,92623,1
grooming,92624,92623,92624,1
sniffing,92704,92624,92704,80
stepping,92720,92704,92720,16
grooming,92721,92720,92721,1
rising,92722,92721,92722,1
walking,92739,92722,92739,17
sniffing,92839,92739,92839,100
left_turning,92908,92839,92908,69
right_turning,92925,92908,92925,17
sniffing,92941,92925,92941,16
walking,92949,92941,92949,8
right_turning,92988,92949,92988,39
walking,92989,92988,92989,1
stepping,93036,92989,93036,47
left_turning,93037,93036,93037,1
sniffing,93038,93037,93038,1
rising,93039,93038,93039,1
rearing,93062,93039,93062,23
sniffing,93103,93062,93103,41
rising,93116,93103,93116,13
grooming,93117,93116,93117,1
sniffing,93333,93117,93333,216
stepping,93377,93333,93377,44
walking,93460,93377,93460,83
climbing,93561,93460,93561,101
right_turning,93596,93561,93596,35
walking,93663,93596,93663,67
rearing,93664,93663,93664,1
rising,93741,93664,93741,77
walking,93742,93741,93742,1
rising,93802,93742,93802,60
sniffing,93851,93802,93851,49
rising,93856,93851,93856,5
sniffing,93893,93856,93893,37
stepping,93918,93893,93918,25
walking,93975,93918,93975,57
stepping,93976,93975,93976,1
grooming,93977,93976,93977,1
rearing,94048,93977,94048,71
grooming,94297,94048,94297,249
left_turning,94326,94297,94326,29
grooming,94588,94326,94588,262
running,94619,94588,94619,31
walking,94669,94619,94669,50
trotting,94702,94669,94702,33
rearing,94766,94702,94766,64
rising,94767,94766,94767,1
rearing,94813,94767,94813,46
sniffing,94885,94813,94885,72
left_turning,94933,94885,94933,48
stepping,94989,94933,94989,56
sniffing,94990,94989,94990,1
walking,95016,94990,95016,26
sniffing,95035,95016,95035,19
stepping,95067,95035,95067,32
sniffing,95131,95067,95131,64
walking,95174,95131,95174,43
trotting,95181,95174,95181,7
sniffing,95182,95181,95182,1
walking,95183,95182,95183,1
rising,95184,95183,95184,1
sniffing,95211,95184,95211,27
grooming,95217,95211,95217,6
climbing,95268,95217,95268,51
grooming,95476,95268,95476,208
sniffing,95576,95476,95576,100
stepping,95585,95576,95585,9
sniffing,95682,95585,95682,97
climbing,95683,95682,95683,1
grooming,96176,95683,96176,493
hunching,96229,96176,96229,53
rearing,96318,96229,96318,89
left_turning,96384,96318,96384,66
stepping,96433,96384,96433,49
sniffing,96590,96433,96590,157
grooming,96826,96590,96826,236
running,96853,96826,96853,27
trotting,96867,96853,96867,14
stepping,96902,96867,96902,35
rising,96958,96902,96958,56
right_turning,96987,96958,96987,29
walking,97051,96987,97051,64
rising,97059,97051,97059,8
rearing,97152,97059,97152,93
hunching,97270,97152,97270,118
rearing,97285,97270,97285,15
hunching,97356,97285,97356,71
left_turning,97409,97356,97409,53
rising,97410,97409,97410,1
climbing,97649,97410,97649,239
left_turning,97678,97649,97678,29
rearing,97716,97678,97716,38
hunching,97771,97716,97771,55
rearing,97811,97771,97811,40
rising,97943,97811,97943,132
sniffing,97994,97943,97994,51
rising,98063,97994,98063,69
grooming,98073,98063,98073,10
trotting,98107,98073,98107,34
grooming,98414,98107,98414,307
rearing,98429,98414,98429,15
grooming,98430,98429,98430,1
rearing,98493,98430,98493,63
climbing,98529,98493,98529,36
rising,98572,98529,98572,43
rearing,98597,98572,98597,25
grooming,98755,98597,98755,158
rearing,98782,98755,98782,27
sniffing,98783,98782,98783,1
grooming,98932,98783,98932,149
rearing,98948,98932,98948,16
left_turning,98975,98948,98975,27
walking,99001,98975,99001,26
stepping,99034,99001,99034,33
sniffing,99035,99034,99035,1
grooming,99364,99035,99364,329
rising,99419,99364,99419,55
sniffing,99434,99419,99434,15
grooming,99809,99434,99809,375
trotting,99853,99809,99853,44
rearing,99879,99853,99879,26
grooming,99880,99879,99880,1
sniffing,99881,99880,99881,1
right_turning,99892,99881,99892,11
sniffing,99983,99892,99983,91
walking,100058,99983,100058,75
sniffing,100184,100058,100184,126
rising,100221,100184,100221,37
grooming,100400,100221,100400,179
sniffing,100506,100400,100506,106
rising,100507,100506,100507,1
stepping,100581,100507,100581,74
sniffing,100617,100581,100617,36
rearing,100821,100617,100821,204
stepping,100864,100821,100864,43
sniffing,101007,100864,101007,143
stepping,101055,101007,101055,48
walking,101153,101055,101153,98
sniffing,101269,101153,101269,116
scratching,101270,101269,101270,1
sniffing,101384,101270,101384,114
stepping,101427,101384,101427,43
climbing,101449,101427,101449,22
trotting,101457,101449,101457,8
stepping,101507,101457,101507,50
sniffing,101676,101507,101676,169
walking,101677,101676,101677,1
stepping,101684,101677,101684,7
rising,101758,101684,101758,74
sniffing,101772,101758,101772,14
rising,101779,101772,101779,7
rearing,101873,101779,101873,94
left_turning,101902,101873,101902,29
stepping,101905,101902,101905,3
sniffing,101921,101905,101921,16
trotting,101934,101921,101934,13
walking,101935,101934,101935,1
climbing,102064,101935,102064,129
rising,102065,102064,102065,1
grooming,102266,102065,102266,201
rising,102267,102266,102267,1
hunching,102299,102267,102299,32
rearing,102424,102299,102424,125
rising,102469,102424,102469,45
grooming,102955,102469,102955,486
climbing,102956,102955,102956,1
trotting,102970,102956,102970,14
stepping,103003,102970,103003,33
rising,103034,103003,103034,31
rearing,103035,103034,103035,1
sniffing,103104,103035,103104,69
walking,103133,103104,103133,29
stepping,103143,103133,103143,10
trotting,103214,103143,103214,71
walking,103259,103214,103259,45
sniffing,103260,103259,103260,1
rising,103261,103260,103261,1
grooming,103438,103261,103438,177
rearing,103629,103438,103629,191
grooming,103630,103629,103630,1
rearing,103631,103630,103631,1
hunching,103685,103631,103685,54
grooming,103686,103685,103686,1
sniffing,103807,103686,103807,121
left_turning,103808,103807,103808,1
stepping,103825,103808,103825,17
sniffing,103979,103825,103979,154
stepping,103996,103979,103996,17
sniffing,103997,103996,103997,1
walking,104027,103997,104027,30
right_turning,104034,104027,104034,7
walking,104090,104034,104090,56
sniffing,104091,104090,104091,1
hunching,104192,104091,104192,101
rising,104193,104192,104193,1
climbing,104194,104193,104194,1
left_turning,104280,104194,104280,86
sniffing,104296,104280,104296,16
right_turning,104314,104296,104314,18
stepping,104315,104314,104315,1
walking,104344,104315,104344,29
sniffing,104485,104344,104485,141
walking,104588,104485,104588,103
trotting,104594,104588,104594,6
climbing,104634,104594,104634,40
rearing,104693,104634,104693,59
climbing,104832,104693,104832,139
rearing,104842,104832,104842,10
rising,104871,104842,104871,29
sniffing,105104,104871,105104,233
grooming,105105,105104,105105,1
sniffing,105201,105105,105201,96
grooming,105584,105201,105584,383
sniffing,105585,105584,105585,1
running,105618,105585,105618,33
stepping,105666,105618,105666,48
walking,105682,105666,105682,16
rising,105705,105682,105705,23
grooming,105706,105705,105706,1
rearing,105855,105706,105855,149
hunching,105859,105855,105859,4
rearing,105924,105859,105924,65
hunching,106012,105924,106012,88
grooming,106199,106012,106199,187
rearing,106210,106199,106210,11
grooming,106211,106210,106211,1
sniffing,106544,106211,106544,333
grooming,106587,106544,106587,43
hunching,106642,106587,106642,55
grooming,106766,106642,106766,124
sniffing,106767,106766,106767,1
stepping,106856,106767,106856,89
sniffing,106884,106856,106884,28
walking,106997,106884,106997,113
stepping,107023,106997,107023,26
walking,107104,107023,107104,81
sniffing,107351,107104,107351,247
walking,107397,107351,107397,46
sniffing,107493,107397,107493,96
rising,107494,107493,107494,1
climbing,107607,107494,107607,113
sniffing,107687,107607,107687,80
left_turning,107719,107687,107719,32
walking,107791,107719,107791,72
sniffing,107820,107791,107820,29
rising,107912,107820,107912,92
walking,107950,107912,107950,38
sniffing,108000,107950,108000,50
