revised_movement_label,segBoundary,segBoundary_start,segBoundary_end,length
sniffing,45,0,45,45
left_turning,127,45,127,82
stepping,150,127,150,23
sniffing,250,150,250,100
stepping,335,250,335,85
running,339,335,339,4
walking,340,339,340,1
stepping,403,340,403,63
sniffing,502,403,502,99
trotting,519,502,519,17
walking,551,519,551,32
stepping,588,551,588,37
sniffing,591,588,591,3
walking,664,591,664,73
rising,693,664,693,29
stepping,696,693,696,3
sniffing,703,696,703,7
right_turning,719,703,719,16
walking,720,719,720,1
rising,773,720,773,53
right_turning,845,773,845,72
trotting,896,845,896,51
sniffing,910,896,910,14
rising,911,910,911,1
sniffing,942,911,942,31
left_turning,943,942,943,1
sniffing,965,943,965,22
rising,1004,965,1004,39
sniffing,1005,1004,1005,1
rising,1047,1005,1047,42
climbing,1159,1047,1159,112
grooming,1194,1159,1194,35
rearing,1195,1194,1195,1
grooming,1340,1195,1340,145
rearing,1399,1340,1399,59
right_turning,1462,1399,1462,63
walking,1491,1462,1491,29
sniffing,1561,1491,1561,70
grooming,1665,1561,1665,104
stepping,1706,1665,1706,41
sniffing,1790,1706,1790,84
stepping,1830,1790,1830,40
rising,1855,1830,1855,25
walking,1899,1855,1899,44
sniffing,1900,1899,1900,1
stepping,1960,1900,1960,60
climbing,1978,1960,1978,18
grooming,1979,1978,1979,1
sniffing,1980,1979,1980,1
stepping,2003,1980,2003,23
grooming,2048,2003,2048,45
rising,2085,2048,2085,37
sniffing,2086,2085,2086,1
walking,2099,2086,2099,13
left_turning,2100,2099,2100,1
running,2130,2100,2130,30
trotting,2187,2130,2187,57
running,2244,2187,2244,57
stepping,2304,2244,2304,60
walking,2361,2304,2361,57
sniffing,2446,2361,2446,85
climbing,2499,2446,2499,53
sniffing,2578,2499,2578,79
rising,2674,2578,2674,96
rearing,2689,2674,2689,15
rising,2801,2689,2801,112
sniffing,2882,2801,2882,81
stepping,2918,2882,2918,36
grooming,3220,2918,3220,302
left_turning,3272,3220,3272,52
stepping,3284,3272,3284,12
walking,3323,3284,3323,39
sniffing,3391,3323,3391,68
rising,3430,3391,3430,39
climbing,3462,3430,3462,32
left_turning,3522,3462,3522,60
walking,3526,3522,3526,4
stepping,3527,3526,3527,1
trotting,3585,3527,3585,58
stepping,3646,3585,3646,61
walking,3652,3646,3652,6
trotting,3676,3652,3676,24
stepping,3709,3676,3709,33
right_turning,3710,3709,3710,1
stepping,3764,3710,3764,54
rising,3842,3764,3842,78
grooming,3947,3842,3947,105
right_turning,3987,3947,3987,40
grooming,4046,3987,4046,59
left_turning,4049,4046,4049,3
running,4078,4049,4078,29
sniffing,4144,4078,4144,66
stepping,4175,4144,4175,31
trotting,4199,4175,4199,24
walking,4254,4199,4254,55
sniffing,4255,4254,4255,1
stepping,4297,4255,4297,42
rising,4360,4297,4360,63
hunching,4393,4360,4393,33
grooming,4502,4393,4502,109
rising,4546,4502,4546,44
sniffing,4547,4546,4547,1
walking,4616,4547,4616,69
stepping,4645,4616,4645,29
sniffing,4708,4645,4708,63
stepping,4750,4708,4750,42
trotting,4775,4750,4775,25
walking,4795,4775,4795,20
climbing,4838,4795,4838,43
grooming,4972,4838,4972,134
sniffing,5016,4972,5016,44
running,5047,5016,5047,31
trotting,5114,5047,5114,67
rising,5115,5114,5115,1
sniffing,5238,5115,5238,123
walking,5239,5238,5239,1
stepping,5275,5239,5275,36
rising,5283,5275,5283,8
walking,5287,5283,5287,4
rising,5290,5287,5290,3
sniffing,5296,5290,5296,6
rising,5342,5296,5342,46
walking,5352,5342,5352,10
sniffing,5399,5352,5399,47
left_turning,5438,5399,5438,39
sniffing,5472,5438,5472,34
rising,5517,5472,5517,45
sniffing,5518,5517,5518,1
grooming,5524,5518,5524,6
running,5560,5524,5560,36
trotting,5564,5560,5564,4
walking,5623,5564,5623,59
trotting,5641,5623,5641,18
running,5668,5641,5668,27
stepping,5739,5668,5739,71
left_turning,5740,5739,5740,1
walking,5747,5740,5747,7
grooming,5846,5747,5846,99
hunching,5889,5846,5889,43
grooming,6123,5889,6123,234
sniffing,6163,6123,6163,40
stepping,6177,6163,6177,14
sniffing,6178,6177,6178,1
walking,6233,6178,6233,55
sniffing,6234,6233,6234,1
grooming,6297,6234,6297,63
sniffing,6298,6297,6298,1
stepping,6368,6298,6368,70
rising,6369,6368,6369,1
grooming,6704,6369,6704,335
rising,6740,6704,6740,36
walking,6818,6740,6818,78
rising,6865,6818,6865,47
stepping,6895,6865,6895,30
rising,6901,6895,6901,6
grooming,7004,6901,7004,103
right_turning,7034,7004,7034,30
running,7071,7034,7071,37
walking,7116,7071,7116,45
sniffing,7122,7116,7122,6
rising,7148,7122,7148,26
sniffing,7149,7148,7149,1
walking,7219,7149,7219,70
running,7245,7219,7245,26
trotting,7271,7245,7271,26
walking,7384,7271,7384,113
rising,7419,7384,7419,35
trotting,7463,7419,7463,44
sniffing,7468,7463,7468,5
rising,7478,7468,7478,10
walking,7541,7478,7541,63
rising,7591,7541,7591,50
sniffing,7594,7591,7594,3
walking,7647,7594,7647,53
stepping,7653,7647,7653,6
sniffing,7708,7653,7708,55
left_turning,7709,7708,7709,1
trotting,7726,7709,7726,17
rising,7739,7726,7739,13
sniffing,7780,7739,7780,41
rising,7806,7780,7806,26
walking,7807,7806,7807,1
sniffing,7808,7807,7808,1
rising,7884,7808,7884,76
sniffing,7885,7884,7885,1
rising,7886,7885,7886,1
sniffing,7986,7886,7986,100
stepping,7987,7986,7987,1
sniffing,8012,7987,8012,25
stepping,8088,8012,8088,76
sniffing,8109,8088,8109,21
grooming,8272,8109,8272,163
hunching,8279,8272,8279,7
rearing,8294,8279,8294,15
left_turning,8330,8294,8330,36
walking,8461,8330,8461,131
stepping,8523,8461,8523,62
sniffing,8644,8523,8644,121
right_turning,8671,8644,8671,27
stepping,8679,8671,8679,8
sniffing,8680,8679,8680,1
walking,8745,8680,8745,65
stepping,8776,8745,8776,31
rising,8782,8776,8782,6
stepping,8845,8782,8845,63
walking,8872,8845,8872,27
grooming,8873,8872,8873,1
sniffing,8921,8873,8921,48
rising,8936,8921,8936,15
rearing,8966,8936,8966,30
rising,9023,8966,9023,57
grooming,9111,9023,9111,88
rising,9168,9111,9168,57
stepping,9201,9168,9201,33
rising,9212,9201,9212,11
grooming,9213,9212,9213,1
rearing,9214,9213,9214,1
rising,9215,9214,9215,1
rearing,9285,9215,9285,70
hunching,9309,9285,9309,24
grooming,9393,9309,9393,84
rising,9454,9393,9454,61
grooming,9762,9454,9762,308
rising,9812,9762,9812,50
grooming,9903,9812,9903,91
sniffing,9904,9903,9904,1
right_turning,9932,9904,9932,28
trotting,9933,9932,9933,1
rising,9980,9933,9980,47
sniffing,10036,9980,10036,56
rising,10037,10036,10037,1
grooming,10130,10037,10130,93
hunching,10166,10130,10166,36
grooming,10242,10166,10242,76
running,10252,10242,10252,10
rising,10289,10252,10289,37
sniffing,10314,10289,10314,25
left_turning,10341,10314,10341,27
walking,10386,10341,10386,45
sniffing,10387,10386,10387,1
walking,10400,10387,10400,13
sniffing,10452,10400,10452,52
walking,10507,10452,10507,55
grooming,10617,10507,10617,110
sniffing,10721,10617,10721,104
left_turning,10770,10721,10770,49
rising,10844,10770,10844,74
walking,10845,10844,10845,1
rising,10928,10845,10928,83
sniffing,10986,10928,10986,58
running,10994,10986,10994,8
climbing,11004,10994,11004,10
running,11050,11004,11050,46
walking,11120,11050,11120,70
sniffing,11348,11120,11348,228
grooming,11663,11348,11663,315
left_turning,11680,11663,11680,17
sniffing,11698,11680,11698,18
stepping,11734,11698,11734,36
rising,11775,11734,11775,41
sniffing,11776,11775,11776,1
walking,11777,11776,11777,1
grooming,11778,11777,11778,1
sniffing,11820,11778,11820,42
hunching,11821,11820,11821,1
left_turning,11832,11821,11832,11
stepping,11867,11832,11867,35
sniffing,11920,11867,11920,53
rising,11997,11920,11997,77
stepping,12053,11997,12053,56
trotting,12070,12053,12070,17
sniffing,12154,12070,12154,84
walking,12174,12154,12174,20
sniffing,12226,12174,12226,52
stepping,12310,12226,12310,84
walking,12311,12310,12311,1
running,12334,12311,12334,23
grooming,12361,12334,12361,27
left_turning,12362,12361,12362,1
sniffing,12399,12362,12399,37
grooming,12539,12399,12539,140
rearing,12607,12539,12607,68
grooming,12608,12607,12608,1
rearing,12652,12608,12652,44
grooming,12872,12652,12872,220
running,12882,12872,12882,10
stepping,12945,12882,12945,63
hunching,12979,12945,12979,34
left_turning,12980,12979,12980,1
grooming,12981,12980,12981,1
sniffing,13074,12981,13074,93
rising,13102,13074,13102,28
walking,13104,13102,13104,2
rearing,13151,13104,13151,47
grooming,13169,13151,13169,18
sniffing,13276,13169,13276,107
grooming,13360,13276,13360,84
rearing,13523,13360,13523,163
grooming,13576,13523,13576,53
sniffing,13577,13576,13577,1
stepping,13599,13577,13599,22
walking,13641,13599,13641,42
sniffing,13698,13641,13698,57
grooming,13792,13698,13792,94
walking,13793,13792,13793,1
grooming,13795,13793,13795,2
rising,13846,13795,13846,51
rearing,13878,13846,13878,32
grooming,13930,13878,13930,52
scratching,13931,13930,13931,1
grooming,14094,13931,14094,163
sniffing,14167,14094,14167,73
walking,14220,14167,14220,53
stepping,14269,14220,14269,49
sniffing,14297,14269,14297,28
trotting,14316,14297,14316,19
sniffing,14392,14316,14392,76
walking,14454,14392,14454,62
grooming,14703,14454,14703,249
walking,14730,14703,14730,27
left_turning,14775,14730,14775,45
walking,14848,14775,14848,73
rearing,14897,14848,14897,49
rising,14912,14897,14912,15
trotting,14955,14912,14955,43
stepping,14984,14955,14984,29
sniffing,15032,14984,15032,48
stepping,15062,15032,15062,30
trotting,15101,15062,15101,39
stepping,15117,15101,15117,16
left_turning,15192,15117,15192,75
running,15203,15192,15203,11
left_turning,15204,15203,15204,1
stepping,15205,15204,15205,1
rising,15235,15205,15235,30
sniffing,15255,15235,15255,20
grooming,15256,15255,15256,1
stepping,15337,15256,15337,81
rising,15382,15337,15382,45
stepping,15415,15382,15415,33
walking,15432,15415,15432,17
trotting,15471,15432,15471,39
stepping,15484,15471,15484,13
sniffing,15515,15484,15515,31
hunching,15547,15515,15547,32
sniffing,15563,15547,15563,16
grooming,15564,15563,15564,1
right_turning,15565,15564,15565,1
walking,15610,15565,15610,45
trotting,15649,15610,15649,39
sniffing,15671,15649,15671,22
stepping,15672,15671,15672,1
sniffing,15725,15672,15725,53
climbing,15769,15725,15769,44
rearing,15770,15769,15770,1
hunching,15798,15770,15798,28
grooming,15844,15798,15844,46
sniffing,15957,15844,15957,113
running,15968,15957,15968,11
rearing,15994,15968,15994,26
hunching,16012,15994,16012,18
rearing,16089,16012,16089,77
left_turning,16090,16089,16090,1
walking,16128,16090,16128,38
stepping,16155,16128,16155,27
walking,16250,16155,16250,95
running,16282,16250,16282,32
sniffing,16300,16282,16300,18
grooming,16343,16300,16343,43
stepping,16367,16343,16367,24
climbing,16417,16367,16417,50
grooming,16474,16417,16474,57
rearing,16475,16474,16475,1
left_turning,16524,16475,16524,49
grooming,16554,16524,16554,30
left_turning,16563,16554,16563,9
grooming,16637,16563,16637,74
hunching,16639,16637,16639,2
grooming,16705,16639,16705,66
rising,16771,16705,16771,66
grooming,16889,16771,16889,118
rearing,16922,16889,16922,33
hunching,16977,16922,16977,55
grooming,16978,16977,16978,1
stepping,17022,16978,17022,44
walking,17050,17022,17050,28
left_turning,17075,17050,17075,25
walking,17114,17075,17114,39
stepping,17138,17114,17138,24
sniffing,17152,17138,17152,14
left_turning,17205,17152,17205,53
running,17235,17205,17235,30
grooming,17314,17235,17314,79
stepping,17370,17314,17370,56
sniffing,17512,17370,17512,142
running,17513,17512,17513,1
sniffing,17514,17513,17514,1
grooming,17633,17514,17633,119
running,17675,17633,17675,42
trotting,17704,17675,17704,29
rising,17717,17704,17717,13
sniffing,17768,17717,17768,51
stepping,17775,17768,17775,7
left_turning,17835,17775,17835,60
running,17888,17835,17888,53
walking,17917,17888,17917,29
sniffing,17961,17917,17961,44
stepping,18016,17961,18016,55
sniffing,18020,18016,18020,4
stepping,18060,18020,18060,40
rising,18115,18060,18115,55
rearing,18141,18115,18141,26
sniffing,18206,18141,18206,65
grooming,18272,18206,18272,66
walking,18273,18272,18273,1
grooming,18353,18273,18353,80
sniffing,18443,18353,18443,90
hunching,18517,18443,18517,74
grooming,18545,18517,18545,28
stepping,18546,18545,18546,1
walking,18561,18546,18561,15
hunching,18630,18561,18630,69
rearing,18682,18630,18682,52
stepping,18717,18682,18717,35
grooming,18782,18717,18782,65
hunching,18783,18782,18783,1
grooming,18866,18783,18866,83
left_turning,18901,18866,18901,35
grooming,19148,18901,19148,247
rearing,19149,19148,19149,1
climbing,19156,19149,19156,7
right_turning,19177,19156,19177,21
sniffing,19335,19177,19335,158
left_turning,19336,19335,19336,1
stepping,19354,19336,19354,18
sniffing,19647,19354,19647,293
climbing,19681,19647,19681,34
grooming,19711,19681,19711,30
rearing,19712,19711,19712,1
sniffing,19713,19712,19713,1
stepping,19714,19713,19714,1
sniffing,19788,19714,19788,74
walking,19798,19788,19798,10
rising,19826,19798,19826,28
stepping,19867,19826,19867,41
walking,19995,19867,19995,128
rearing,20052,19995,20052,57
walking,20157,20052,20157,105
sniffing,20245,20157,20245,88
climbing,20284,20245,20284,39
stepping,20299,20284,20299,15
sniffing,20373,20299,20373,74
left_turning,20407,20373,20407,34
stepping,20450,20407,20450,43
walking,20468,20450,20468,18
rising,20504,20468,20504,36
rearing,20600,20504,20600,96
stepping,20627,20600,20627,27
walking,20686,20627,20686,59
rearing,20735,20686,20735,49
sniffing,20801,20735,20801,66
grooming,20915,20801,20915,114
hunching,20970,20915,20970,55
grooming,20981,20970,20981,11
stepping,21033,20981,21033,52
walking,21069,21033,21069,36
sniffing,21094,21069,21094,25
stepping,21116,21094,21116,22
grooming,21203,21116,21203,87
sniffing,21289,21203,21289,86
rearing,21378,21289,21378,89
grooming,21413,21378,21413,35
sniffing,21518,21413,21518,105
stepping,21577,21518,21577,59
walking,21616,21577,21616,39
running,21639,21616,21639,23
rearing,21640,21639,21640,1
sniffing,21813,21640,21813,173
rising,21814,21813,21814,1
stepping,21851,21814,21851,37
walking,21898,21851,21898,47
rising,21980,21898,21980,82
climbing,22050,21980,22050,70
trotting,22074,22050,22074,24
walking,22110,22074,22110,36
sniffing,22164,22110,22164,54
walking,22171,22164,22171,7
sniffing,22290,22171,22290,119
right_turning,22295,22290,22295,5
trotting,22310,22295,22310,15
walking,22374,22310,22374,64
rearing,22397,22374,22397,23
rising,22439,22397,22439,42
left_turning,22557,22439,22557,118
stepping,22687,22557,22687,130
walking,22688,22687,22688,1
rearing,22768,22688,22768,80
grooming,22769,22768,22769,1
climbing,22836,22769,22836,67
grooming,22957,22836,22957,121
hunching,22958,22957,22958,1
grooming,23266,22958,23266,308
hunching,23300,23266,23300,34
grooming,23333,23300,23333,33
rearing,23455,23333,23455,122
walking,23474,23455,23474,19
rising,23526,23474,23526,52
walking,23584,23526,23584,58
rising,23585,23584,23585,1
sniffing,23651,23585,23651,66
grooming,23708,23651,23708,57
running,23769,23708,23769,61
walking,23856,23769,23856,87
stepping,23904,23856,23904,48
walking,23933,23904,23933,29
sniffing,23949,23933,23949,16
grooming,23950,23949,23950,1
left_turning,23959,23950,23959,9
walking,24017,23959,24017,58
sniffing,24144,24017,24144,127
walking,24159,24144,24159,15
sniffing,24160,24159,24160,1
left_turning,24255,24160,24255,95
walking,24335,24255,24335,80
sniffing,24388,24335,24388,53
rising,24396,24388,24396,8
left_turning,24409,24396,24409,13
walking,24457,24409,24457,48
stepping,24511,24457,24511,54
sniffing,24544,24511,24544,33
climbing,24596,24544,24596,52
right_turning,24617,24596,24617,21
walking,24671,24617,24671,54
sniffing,24672,24671,24672,1
stepping,24691,24672,24691,19
walking,24775,24691,24775,84
stepping,24810,24775,24810,35
sniffing,24811,24810,24811,1
grooming,24812,24811,24812,1
rising,24832,24812,24832,20
climbing,24951,24832,24951,119
grooming,25263,24951,25263,312
rising,25295,25263,25295,32
walking,25342,25295,25342,47
stepping,25378,25342,25378,36
sniffing,25379,25378,25379,1
grooming,25868,25379,25868,489
walking,25910,25868,25910,42
climbing,25986,25910,25986,76
stepping,26050,25986,26050,64
right_turning,26053,26050,26053,3
stepping,26082,26053,26082,29
walking,26083,26082,26083,1
rearing,26136,26083,26136,53
grooming,26137,26136,26137,1
climbing,26204,26137,26204,67
stepping,26237,26204,26237,33
sniffing,26255,26237,26255,18
climbing,26331,26255,26331,76
walking,26433,26331,26433,102
sniffing,26484,26433,26484,51
rising,26485,26484,26485,1
climbing,26504,26485,26504,19
grooming,26515,26504,26515,11
sniffing,26568,26515,26568,53
stepping,26605,26568,26605,37
grooming,26606,26605,26606,1
stepping,26676,26606,26676,70
climbing,26746,26676,26746,70
trotting,26762,26746,26762,16
walking,26777,26762,26777,15
sniffing,26791,26777,26791,14
climbing,26844,26791,26844,53
rising,26865,26844,26865,21
stepping,26866,26865,26866,1
sniffing,26928,26866,26928,62
walking,27020,26928,27020,92
rising,27088,27020,27088,68
left_turning,27138,27088,27138,50
walking,27184,27138,27184,46
stepping,27195,27184,27195,11
walking,27276,27195,27276,81
right_turning,27321,27276,27321,45
stepping,27322,27321,27322,1
rising,27331,27322,27331,9
sniffing,27420,27331,27420,89
grooming,27455,27420,27455,35
sniffing,27532,27455,27532,77
grooming,27533,27532,27533,1
walking,27572,27533,27572,39
sniffing,27840,27572,27840,268
right_turning,27917,27840,27917,77
grooming,28036,27917,28036,119
rearing,28040,28036,28040,4
grooming,28058,28040,28058,18
walking,28162,28058,28162,104
sniffing,28201,28162,28201,39
left_turning,28261,28201,28261,60
walking,28293,28261,28293,32
sniffing,28307,28293,28307,14
stepping,28311,28307,28311,4
walking,28357,28311,28357,46
stepping,28407,28357,28407,50
sniffing,28478,28407,28478,71
rearing,28494,28478,28494,16
grooming,28497,28494,28497,3
stepping,28524,28497,28524,27
right_turning,28545,28524,28545,21
walking,28603,28545,28603,58
running,28633,28603,28633,30
sniffing,28634,28633,28634,1
rising,28668,28634,28668,34
left_turning,28707,28668,28707,39
stepping,28726,28707,28726,19
sniffing,28801,28726,28801,75
grooming,28822,28801,28822,21
sniffing,28823,28822,28823,1
stepping,28863,28823,28863,40
walking,28888,28863,28888,25
sniffing,28889,28888,28889,1
rising,28890,28889,28890,1
stepping,28916,28890,28916,26
rising,28989,28916,28989,73
sniffing,28990,28989,28990,1
grooming,29290,28990,29290,300
rising,29302,29290,29302,12
sniffing,29364,29302,29364,62
rising,29412,29364,29412,48
grooming,29719,29412,29719,307
hunching,29781,29719,29781,62
rearing,29782,29781,29782,1
sniffing,29954,29782,29954,172
rising,29999,29954,29999,45
grooming,30302,29999,30302,303
hunching,30349,30302,30349,47
walking,30359,30349,30359,10
running,30376,30359,30376,17
rising,30377,30376,30377,1
sniffing,30515,30377,30515,138
left_turning,30556,30515,30556,41
sniffing,30615,30556,30615,59
walking,30697,30615,30697,82
stepping,30710,30697,30710,13
rising,30725,30710,30725,15
sniffing,30813,30725,30813,88
walking,30857,30813,30857,44
trotting,30875,30857,30875,18
walking,30929,30875,30929,54
grooming,30932,30929,30932,3
rearing,30933,30932,30933,1
hunching,30990,30933,30990,57
grooming,31094,30990,31094,104
left_turning,31113,31094,31113,19
walking,31135,31113,31135,22
sniffing,31173,31135,31173,38
stepping,31203,31173,31203,30
sniffing,31204,31203,31204,1
rearing,31229,31204,31229,25
left_turning,31252,31229,31252,23
walking,31286,31252,31286,34
rearing,31312,31286,31312,26
walking,31368,31312,31368,56
sniffing,31478,31368,31478,110
rising,31583,31478,31583,105
grooming,31686,31583,31686,103
rearing,31687,31686,31687,1
left_turning,31688,31687,31688,1
grooming,31749,31688,31749,61
scratching,31750,31749,31750,1
sniffing,31780,31750,31780,30
stepping,31840,31780,31840,60
sniffing,32022,31840,32022,182
rising,32040,32022,32040,18
grooming,32136,32040,32136,96
rising,32153,32136,32153,17
hunching,32154,32153,32154,1
sniffing,32155,32154,32155,1
stepping,32190,32155,32190,35
sniffing,32208,32190,32208,18
walking,32280,32208,32280,72
rearing,32298,32280,32298,18
hunching,32446,32298,32446,148
scratching,32447,32446,32447,1
grooming,32448,32447,32448,1
stepping,32512,32448,32512,64
sniffing,32654,32512,32654,142
stepping,32700,32654,32700,46
sniffing,32787,32700,32787,87
left_turning,32863,32787,32863,76
sniffing,32864,32863,32864,1
rising,32908,32864,32908,44
rearing,32921,32908,32921,13
rising,32922,32921,32922,1
grooming,33165,32922,33165,243
left_turning,33166,33165,33166,1
sniffing,33261,33166,33261,95
grooming,33265,33261,33265,4
sniffing,33325,33265,33325,60
climbing,33383,33325,33383,58
walking,33445,33383,33445,62
stepping,33504,33445,33504,59
sniffing,33592,33504,33592,88
rearing,33598,33592,33598,6
sniffing,33685,33598,33685,87
climbing,33686,33685,33686,1
left_turning,33690,33686,33690,4
stepping,33725,33690,33725,35
sniffing,33730,33725,33730,5
rising,33731,33730,33731,1
rearing,33792,33731,33792,61
left_turning,33851,33792,33851,59
sniffing,33936,33851,33936,85
rising,33974,33936,33974,38
sniffing,34003,33974,34003,29
rising,34056,34003,34056,53
stepping,34071,34056,34071,15
right_turning,34072,34071,34072,1
rising,34109,34072,34109,37
grooming,34110,34109,34110,1
hunching,34167,34110,34167,57
grooming,34282,34167,34282,115
walking,34336,34282,34336,54
grooming,34476,34336,34476,140
rearing,34541,34476,34541,65
climbing,34555,34541,34555,14
left_turning,34577,34555,34577,22
sniffing,34602,34577,34602,25
rising,34643,34602,34643,41
grooming,34644,34643,34644,1
sniffing,34757,34644,34757,113
rearing,34810,34757,34810,53
left_turning,34843,34810,34843,33
walking,34853,34843,34853,10
sniffing,34943,34853,34943,90
rising,34972,34943,34972,29
grooming,35129,34972,35129,157
hunching,35207,35129,35207,78
rising,35208,35207,35208,1
climbing,35249,35208,35249,41
grooming,35250,35249,35250,1
scratching,35251,35250,35251,1
stepping,35252,35251,35252,1
climbing,35266,35252,35266,14
sniffing,35267,35266,35267,1
walking,35308,35267,35308,41
sniffing,35394,35308,35394,86
left_turning,35406,35394,35406,12
stepping,35434,35406,35434,28
walking,35444,35434,35444,10
climbing,35496,35444,35496,52
stepping,35521,35496,35521,25
sniffing,35553,35521,35553,32
stepping,35610,35553,35610,57
trotting,35650,35610,35650,40
sniffing,35651,35650,35651,1
rearing,35739,35651,35739,88
rising,35748,35739,35748,9
left_turning,35782,35748,35782,34
walking,35803,35782,35803,21
left_turning,35835,35803,35835,32
grooming,35836,35835,35836,1
walking,35901,35836,35901,65
grooming,36057,35901,36057,156
sniffing,36071,36057,36071,14
grooming,36288,36071,36288,217
hunching,36289,36288,36289,1
grooming,36364,36289,36364,75
rearing,36392,36364,36392,28
walking,36516,36392,36516,124
sniffing,36574,36516,36574,58
stepping,36611,36574,36611,37
walking,36654,36611,36654,43
stepping,36724,36654,36724,70
sniffing,36862,36724,36862,138
walking,36863,36862,36863,1
sniffing,37008,36863,37008,145
rising,37088,37008,37088,80
grooming,37119,37088,37119,31
climbing,37185,37119,37185,66
rising,37255,37185,37255,70
climbing,37275,37255,37275,20
left_turning,37333,37275,37333,58
walking,37410,37333,37410,77
sniffing,37490,37410,37490,80
grooming,37509,37490,37509,19
stepping,37562,37509,37562,53
sniffing,37578,37562,37578,16
left_turning,37610,37578,37610,32
sniffing,37727,37610,37727,117
rising,37831,37727,37831,104
sniffing,37850,37831,37850,19
grooming,38054,37850,38054,204
rising,38132,38054,38132,78
rearing,38192,38132,38192,60
grooming,38316,38192,38316,124
scratching,38317,38316,38317,1
grooming,38382,38317,38382,65
scratching,38383,38382,38383,1
grooming,38601,38383,38601,218
sniffing,38679,38601,38679,78
walking,38718,38679,38718,39
stepping,38719,38718,38719,1
sniffing,38750,38719,38750,31
rearing,38867,38750,38867,117
grooming,38961,38867,38961,94
hunching,38971,38961,38971,10
grooming,38972,38971,38972,1
climbing,39047,38972,39047,75
trotting,39071,39047,39071,24
grooming,39142,39071,39142,71
hunching,39218,39142,39218,76
rearing,39219,39218,39219,1
rising,39247,39219,39247,28
grooming,39629,39247,39629,382
climbing,39694,39629,39694,65
rearing,39732,39694,39732,38
left_turning,39774,39732,39774,42
walking,39810,39774,39810,36
rising,39856,39810,39856,46
sniffing,39983,39856,39983,127
grooming,39984,39983,39984,1
rearing,39985,39984,39985,1
grooming,39986,39985,39986,1
sniffing,39987,39986,39987,1
rising,39991,39987,39991,4
rearing,40019,39991,40019,28
grooming,40094,40019,40094,75
stepping,40108,40094,40108,14
sniffing,40216,40108,40216,108
rising,40257,40216,40257,41
rearing,40277,40257,40277,20
climbing,40278,40277,40278,1
rising,40279,40278,40279,1
stepping,40300,40279,40300,21
walking,40344,40300,40344,44
stepping,40383,40344,40383,39
running,40406,40383,40406,23
stepping,40413,40406,40413,7
sniffing,40468,40413,40468,55
stepping,40502,40468,40502,34
sniffing,40542,40502,40542,40
grooming,40705,40542,40705,163
hunching,40770,40705,40770,65
grooming,40771,40770,40771,1
right_turning,40788,40771,40788,17
stepping,40801,40788,40801,13
sniffing,40910,40801,40910,109
rising,40911,40910,40911,1
rearing,40995,40911,40995,84
left_turning,40997,40995,40997,2
trotting,41035,40997,41035,38
stepping,41100,41035,41100,65
sniffing,41157,41100,41157,57
rising,41169,41157,41169,12
rearing,41170,41169,41170,1
hunching,41171,41170,41171,1
walking,41258,41171,41258,87
sniffing,41259,41258,41259,1
walking,41260,41259,41260,1
stepping,41287,41260,41287,27
sniffing,41333,41287,41333,46
climbing,41401,41333,41401,68
right_turning,41423,41401,41423,22
grooming,41613,41423,41613,190
walking,41623,41613,41623,10
rising,41639,41623,41639,16
climbing,41675,41639,41675,36
walking,41721,41675,41721,46
stepping,41778,41721,41778,57
right_turning,41780,41778,41780,2
trotting,41823,41780,41823,43
sniffing,41824,41823,41824,1
walking,41843,41824,41843,19
sniffing,41998,41843,41998,155
rising,42037,41998,42037,39
sniffing,42202,42037,42202,165
left_turning,42209,42202,42209,7
hunching,42228,42209,42228,19
grooming,42398,42228,42398,170
hunching,42459,42398,42459,61
rising,42487,42459,42487,28
grooming,42614,42487,42614,127
rising,42675,42614,42675,61
sniffing,42677,42675,42677,2
stepping,42709,42677,42709,32
grooming,42800,42709,42800,91
hunching,42815,42800,42815,15
grooming,42948,42815,42948,133
trotting,42986,42948,42986,38
rising,43030,42986,43030,44
stepping,43043,43030,43043,13
walking,43044,43043,43044,1
sniffing,43099,43044,43099,55
grooming,43208,43099,43208,109
sniffing,43209,43208,43209,1
grooming,43368,43209,43368,159
walking,43385,43368,43385,17
sniffing,43503,43385,43503,118
rising,43504,43503,43504,1
climbing,43530,43504,43530,26
grooming,43531,43530,43531,1
hunching,43614,43531,43614,83
grooming,43656,43614,43656,42
right_turning,43658,43656,43658,2
stepping,43691,43658,43691,33
sniffing,43728,43691,43728,37
stepping,43754,43728,43754,26
walking,43766,43754,43766,12
sniffing,43877,43766,43877,111
trotting,43925,43877,43925,48
stepping,43955,43925,43955,30
sniffing,43956,43955,43956,1
left_turning,44014,43956,44014,58
walking,44034,44014,44034,20
stepping,44037,44034,44037,3
sniffing,44038,44037,44038,1
stepping,44092,44038,44092,54
sniffing,44184,44092,44184,92
rising,44236,44184,44236,52
walking,44238,44236,44238,2
running,44255,44238,44255,17
rising,44291,44255,44291,36
climbing,44292,44291,44292,1
grooming,44364,44292,44364,72
walking,44450,44364,44450,86
sniffing,44451,44450,44451,1
rising,44519,44451,44519,68
climbing,44529,44519,44529,10
stepping,44585,44529,44585,56
walking,44611,44585,44611,26
sniffing,44612,44611,44612,1
rising,44627,44612,44627,15
sniffing,44676,44627,44676,49
right_turning,44737,44676,44737,61
walking,44761,44737,44761,24
sniffing,44795,44761,44795,34
rearing,44851,44795,44851,56
climbing,44913,44851,44913,62
grooming,44976,44913,44976,63
walking,45057,44976,45057,81
running,45070,45057,45070,13
rising,45104,45070,45104,34
rearing,45136,45104,45136,32
hunching,45138,45136,45138,2
grooming,45139,45138,45139,1
right_turning,45174,45139,45174,35
walking,45202,45174,45202,28
left_turning,45239,45202,45239,37
rearing,45240,45239,45240,1
climbing,45241,45240,45241,1
walking,45282,45241,45282,41
sniffing,45283,45282,45283,1
grooming,45284,45283,45284,1
rearing,45288,45284,45288,4
grooming,45289,45288,45289,1
rearing,45492,45289,45492,203
climbing,45565,45492,45565,73
running,45640,45565,45640,75
walking,45677,45640,45677,37
sniffing,45802,45677,45802,125
walking,45805,45802,45805,3
right_turning,45830,45805,45830,25
stepping,45909,45830,45909,79
sniffing,45969,45909,45969,60
hunching,46017,45969,46017,48
rearing,46053,46017,46053,36
grooming,46189,46053,46189,136
right_turning,46195,46189,46195,6
running,46214,46195,46214,19
trotting,46238,46214,46238,24
sniffing,46351,46238,46351,113
rising,46440,46351,46440,89
sniffing,46503,46440,46503,63
stepping,46516,46503,46516,13
rising,46533,46516,46533,17
grooming,46688,46533,46688,155
walking,46743,46688,46743,55
stepping,46749,46743,46749,6
sniffing,46815,46749,46815,66
trotting,46836,46815,46836,21
sniffing,46837,46836,46837,1
left_turning,46910,46837,46910,73
walking,46987,46910,46987,77
left_turning,47003,46987,47003,16
rising,47044,47003,47044,41
sniffing,47135,47044,47135,91
trotting,47149,47135,47149,14
stepping,47150,47149,47150,1
trotting,47196,47150,47196,46
sniffing,47265,47196,47265,69
left_turning,47286,47265,47286,21
stepping,47358,47286,47358,72
right_turning,47359,47358,47359,1
walking,47360,47359,47360,1
stepping,47397,47360,47397,37
sniffing,47550,47397,47550,153
trotting,47572,47550,47572,22
walking,47601,47572,47601,29
rearing,47656,47601,47656,55
rising,47657,47656,47657,1
grooming,47857,47657,47857,200
scratching,47858,47857,47858,1
grooming,48042,47858,48042,184
sniffing,48043,48042,48043,1
rising,48079,48043,48079,36
grooming,48266,48079,48266,187
hunching,48277,48266,48277,11
grooming,48278,48277,48278,1
stepping,48338,48278,48338,60
walking,48589,48338,48589,251
stepping,48590,48589,48590,1
sniffing,48617,48590,48617,27
rising,48618,48617,48618,1
hunching,48621,48618,48621,3
grooming,48679,48621,48679,58
left_turning,48725,48679,48725,46
sniffing,48762,48725,48762,37
right_turning,48766,48762,48766,4
trotting,48831,48766,48831,65
sniffing,48899,48831,48899,68
right_turning,48928,48899,48928,29
stepping,48978,48928,48978,50
climbing,49089,48978,49089,111
grooming,49413,49089,49413,324
rising,49456,49413,49456,43
grooming,49616,49456,49616,160
climbing,49639,49616,49639,23
right_turning,49743,49639,49743,104
sniffing,49895,49743,49895,152
rising,49955,49895,49955,60
grooming,50346,49955,50346,391
rising,50347,50346,50347,1
sniffing,50407,50347,50407,60
walking,50463,50407,50463,56
sniffing,50586,50463,50586,123
grooming,50587,50586,50587,1
hunching,50638,50587,50638,51
rearing,50679,50638,50679,41
hunching,50780,50679,50780,101
grooming,50801,50780,50801,21
sniffing,50936,50801,50936,135
walking,50960,50936,50960,24
stepping,50969,50960,50969,9
sniffing,51171,50969,51171,202
walking,51222,51171,51222,51
sniffing,51226,51222,51226,4
walking,51260,51226,51260,34
stepping,51299,51260,51299,39
grooming,51308,51299,51308,9
walking,51383,51308,51383,75
sniffing,51477,51383,51477,94
rising,51507,51477,51507,30
grooming,51641,51507,51641,134
trotting,51642,51641,51642,1
walking,51688,51642,51688,46
stepping,51689,51688,51689,1
grooming,51690,51689,51690,1
rising,51781,51690,51781,91
walking,51804,51781,51804,23
left_turning,51819,51804,51819,15
walking,51893,51819,51893,74
sniffing,51894,51893,51894,1
walking,51923,51894,51923,29
left_turning,51964,51923,51964,41
grooming,52256,51964,52256,292
trotting,52277,52256,52277,21
walking,52335,52277,52335,58
grooming,52382,52335,52382,47
sniffing,52456,52382,52456,74
grooming,52516,52456,52516,60
sniffing,52517,52516,52517,1
left_turning,52526,52517,52526,9
walking,52670,52526,52670,144
sniffing,52980,52670,52980,310
right_turning,53016,52980,53016,36
climbing,53099,53016,53099,83
walking,53205,53099,53205,106
stepping,53225,53205,53225,20
sniffing,53267,53225,53267,42
rising,53478,53267,53478,211
sniffing,53479,53478,53479,1
climbing,53536,53479,53536,57
walking,53626,53536,53626,90
rising,53696,53626,53696,70
grooming,53795,53696,53795,99
stepping,53849,53795,53849,54
rising,53916,53849,53916,67
left_turning,53978,53916,53978,62
walking,54026,53978,54026,48
sniffing,54032,54026,54032,6
stepping,54062,54032,54062,30
climbing,54086,54062,54086,24
grooming,54185,54086,54185,99
stepping,54186,54185,54186,1
walking,54226,54186,54226,40
sniffing,54227,54226,54227,1
right_turning,54252,54227,54252,25
stepping,54254,54252,54254,2
sniffing,54391,54254,54391,137
running,54398,54391,54398,7
stepping,54470,54398,54470,72
hunching,54483,54470,54483,13
rearing,54484,54483,54484,1
left_turning,54485,54484,54485,1
sniffing,54591,54485,54591,106
stepping,54650,54591,54650,59
walking,54675,54650,54675,25
sniffing,54773,54675,54773,98
rearing,54779,54773,54779,6
stepping,54812,54779,54812,33
climbing,54876,54812,54876,64
rearing,54924,54876,54924,48
climbing,54929,54924,54929,5
stepping,54940,54929,54940,11
walking,55008,54940,55008,68
left_turning,55070,55008,55070,62
sniffing,55127,55070,55127,57
grooming,55128,55127,55128,1
hunching,55129,55128,55129,1
grooming,55307,55129,55307,178
rearing,55309,55307,55309,2
climbing,55369,55309,55369,60
grooming,55507,55369,55507,138
sniffing,55508,55507,55508,1
walking,55567,55508,55567,59
rearing,55683,55567,55683,116
grooming,55895,55683,55895,212
sniffing,55951,55895,55951,56
stepping,56052,55951,56052,101
grooming,56710,56052,56710,658
hunching,56711,56710,56711,1
left_turning,56737,56711,56737,26
running,56770,56737,56770,33
grooming,56913,56770,56913,143
right_turning,56934,56913,56934,21
trotting,56960,56934,56960,26
rearing,56961,56960,56961,1
grooming,57032,56961,57032,71
left_turning,57034,57032,57034,2
sniffing,57089,57034,57089,55
rearing,57185,57089,57185,96
rising,57203,57185,57203,18
climbing,57218,57203,57218,15
left_turning,57254,57218,57254,36
climbing,57274,57254,57274,20
stepping,57307,57274,57307,33
rising,57370,57307,57370,63
right_turning,57373,57370,57373,3
stepping,57398,57373,57398,25
trotting,57437,57398,57437,39
stepping,57499,57437,57499,62
walking,57542,57499,57542,43
stepping,57568,57542,57568,26
running,57592,57568,57592,24
rearing,57630,57592,57630,38
trotting,57714,57630,57714,84
walking,57774,57714,57774,60
stepping,57812,57774,57812,38
sniffing,57828,57812,57828,16
stepping,57829,57828,57829,1
right_turning,57852,57829,57852,23
walking,57903,57852,57903,51
sniffing,57904,57903,57904,1
walking,57909,57904,57909,5
sniffing,57977,57909,57977,68
grooming,58117,57977,58117,140
walking,58156,58117,58156,39
right_turning,58196,58156,58196,40
stepping,58200,58196,58200,4
grooming,58201,58200,58201,1
hunching,58228,58201,58228,27
grooming,58297,58228,58297,69
climbing,58303,58297,58303,6
right_turning,58346,58303,58346,43
sniffing,58406,58346,58406,60
walking,58469,58406,58469,63
stepping,58500,58469,58500,31
sniffing,58623,58500,58623,123
stepping,58624,58623,58624,1
sniffing,58631,58624,58631,7
left_turning,58710,58631,58710,79
walking,58727,58710,58727,17
climbing,58825,58727,58825,98
walking,58918,58825,58918,93
trotting,58942,58918,58942,24
walking,58992,58942,58992,50
sniffing,59037,58992,59037,45
grooming,59166,59037,59166,129
rising,59226,59166,59226,60
rearing,59249,59226,59249,23
climbing,59250,59249,59250,1
left_turning,59275,59250,59275,25
sniffing,59453,59275,59453,178
walking,59454,59453,59454,1
sniffing,59590,59454,59590,136
jumping,59651,59590,59651,61
left_turning,59655,59651,59655,4
walking,59667,59655,59667,12
right_turning,59674,59667,59674,7
running,59705,59674,59705,31
walking,59753,59705,59753,48
sniffing,59861,59753,59861,108
rising,59896,59861,59896,35
grooming,60164,59896,60164,268
sniffing,60173,60164,60173,9
trotting,60211,60173,60211,38
sniffing,60272,60211,60272,61
walking,60273,60272,60273,1
sniffing,60307,60273,60307,34
climbing,60324,60307,60324,17
right_turning,60374,60324,60374,50
walking,60431,60374,60431,57
rising,60433,60431,60433,2
grooming,60510,60433,60510,77
climbing,60584,60510,60584,74
walking,60622,60584,60622,38
sniffing,60645,60622,60645,23
walking,60686,60645,60686,41
stepping,60708,60686,60708,22
rearing,60768,60708,60768,60
climbing,60815,60768,60815,47
running,60848,60815,60848,33
walking,60900,60848,60900,52
sniffing,60901,60900,60901,1
rearing,60917,60901,60917,16
climbing,60918,60917,60918,1
sniffing,60919,60918,60919,1
grooming,60920,60919,60920,1
sniffing,60984,60920,60984,64
stepping,61017,60984,61017,33
sniffing,61095,61017,61095,78
left_turning,61097,61095,61097,2
walking,61157,61097,61157,60
sniffing,61235,61157,61235,78
grooming,61285,61235,61285,50
left_turning,61308,61285,61308,23
stepping,61360,61308,61360,52
left_turning,61378,61360,61378,18
sniffing,61471,61378,61471,93
grooming,61472,61471,61472,1
hunching,61474,61472,61474,2
rearing,61563,61474,61563,89
stepping,61594,61563,61594,31
sniffing,61595,61594,61595,1
right_turning,61636,61595,61636,41
sniffing,61707,61636,61707,71
stepping,61721,61707,61721,14
walking,61735,61721,61735,14
climbing,61796,61735,61796,61
stepping,61854,61796,61854,58
walking,61916,61854,61916,62
sniffing,61967,61916,61967,51
right_turning,62000,61967,62000,33
grooming,62001,62000,62001,1
hunching,62081,62001,62081,80
rearing,62092,62081,62092,11
climbing,62135,62092,62135,43
walking,62185,62135,62185,50
stepping,62210,62185,62210,25
sniffing,62211,62210,62211,1
rearing,62308,62211,62308,97
climbing,62352,62308,62352,44
grooming,62768,62352,62768,416
sniffing,62769,62768,62769,1
grooming,62770,62769,62770,1
rearing,62830,62770,62830,60
trotting,62859,62830,62859,29
stepping,62890,62859,62890,31
rearing,62903,62890,62903,13
grooming,63098,62903,63098,195
rising,63099,63098,63099,1
sniffing,63168,63099,63168,69
left_turning,63219,63168,63219,51
sniffing,63247,63219,63247,28
right_turning,63314,63247,63314,67
sniffing,63315,63314,63315,1
rising,63402,63315,63402,87
hunching,63462,63402,63462,60
rearing,63515,63462,63515,53
left_turning,63549,63515,63549,34
rising,63559,63549,63559,10
grooming,63726,63559,63726,167
sniffing,63727,63726,63727,1
scratching,63728,63727,63728,1
right_turning,63764,63728,63764,36
walking,63804,63764,63804,40
sniffing,63848,63804,63848,44
trotting,63921,63848,63921,73
stepping,63925,63921,63925,4
sniffing,63933,63925,63933,8
climbing,64095,63933,64095,162
sniffing,64156,64095,64156,61
rising,64160,64156,64160,4
grooming,64245,64160,64245,85
left_turning,64256,64245,64256,11
grooming,64257,64256,64257,1
left_turning,64271,64257,64271,14
sniffing,64272,64271,64272,1
grooming,64521,64272,64521,249
rising,64532,64521,64532,11
walking,64560,64532,64560,28
sniffing,64687,64560,64687,127
left_turning,64688,64687,64688,1
running,64730,64688,64730,42
stepping,64744,64730,64744,14
sniffing,64859,64744,64859,115
walking,64892,64859,64892,33
rearing,64956,64892,64956,64
grooming,65518,64956,65518,562
rearing,65547,65518,65547,29
grooming,65739,65547,65739,192
left_turning,65750,65739,65750,11
sniffing,65751,65750,65751,1
stepping,65791,65751,65791,40
climbing,65876,65791,65876,85
rearing,65982,65876,65982,106
hunching,66044,65982,66044,62
rising,66099,66044,66099,55
climbing,66141,66099,66141,42
sniffing,66147,66141,66147,6
grooming,66263,66147,66263,116
rearing,66264,66263,66264,1
grooming,66497,66264,66497,233
stepping,66548,66497,66548,51
walking,66596,66548,66596,48
sniffing,66723,66596,66723,127
rising,66741,66723,66741,18
rearing,66742,66741,66742,1
hunching,66753,66742,66753,11
left_turning,66806,66753,66806,53
walking,66840,66806,66840,34
rising,66895,66840,66895,55
sniffing,66928,66895,66928,33
rising,66961,66928,66961,33
climbing,67087,66961,67087,126
rearing,67095,67087,67095,8
grooming,67096,67095,67096,1
rearing,67143,67096,67143,47
grooming,67211,67143,67211,68
rearing,67233,67211,67233,22
stepping,67259,67233,67259,26
sniffing,67311,67259,67311,52
rising,67312,67311,67312,1
stepping,67364,67312,67364,52
rising,67489,67364,67489,125
hunching,67512,67489,67512,23
left_turning,67534,67512,67534,22
walking,67596,67534,67596,62
rising,67730,67596,67730,134
climbing,67801,67730,67801,71
grooming,67802,67801,67802,1
sniffing,67911,67802,67911,109
grooming,67912,67911,67912,1
rising,67955,67912,67955,43
sniffing,67993,67955,67993,38
stepping,68002,67993,68002,9
sniffing,68033,68002,68033,31
walking,68063,68033,68063,30
sniffing,68125,68063,68125,62
walking,68190,68125,68190,65
stepping,68221,68190,68221,31
grooming,68561,68221,68561,340
walking,68562,68561,68562,1
rising,68619,68562,68619,57
rearing,68632,68619,68632,13
grooming,68685,68632,68685,53
rearing,68686,68685,68686,1
rising,68718,68686,68718,32
sniffing,68840,68718,68840,122
hunching,68883,68840,68883,43
grooming,69069,68883,69069,186
hunching,69171,69069,69171,102
rearing,69176,69171,69176,5
sniffing,69217,69176,69217,41
walking,69251,69217,69251,34
running,69271,69251,69271,20
sniffing,69325,69271,69325,54
stepping,69330,69325,69330,5
sniffing,69353,69330,69353,23
rising,69401,69353,69401,48
grooming,69437,69401,69437,36
rearing,69438,69437,69438,1
rising,69462,69438,69462,24
climbing,69474,69462,69474,12
rearing,69475,69474,69475,1
left_turning,69502,69475,69502,27
walking,69559,69502,69559,57
stepping,69562,69559,69562,3
walking,69590,69562,69590,28
stepping,69591,69590,69591,1
sniffing,69768,69591,69768,177
walking,69885,69768,69885,117
sniffing,69892,69885,69892,7
rising,69930,69892,69930,38
grooming,69931,69930,69931,1
stepping,69966,69931,69966,35
rearing,69967,69966,69967,1
rising,69968,69967,69968,1
left_turning,70035,69968,70035,67
sniffing,70101,70035,70101,66
grooming,70373,70101,70373,272
rearing,70399,70373,70399,26
rising,70460,70399,70460,61
sniffing,70625,70460,70625,165
walking,70646,70625,70646,21
sniffing,70709,70646,70709,63
rearing,70753,70709,70753,44
rising,70754,70753,70754,1
rearing,70755,70754,70755,1
grooming,70815,70755,70815,60
rising,70855,70815,70855,40
rearing,70907,70855,70907,52
walking,70963,70907,70963,56
right_turning,70984,70963,70984,21
walking,71004,70984,71004,20
rising,71005,71004,71005,1
climbing,71006,71005,71006,1
grooming,71186,71006,71186,180
sniffing,71207,71186,71207,21
rearing,71208,71207,71208,1
sniffing,71316,71208,71316,108
walking,71358,71316,71358,42
sniffing,71448,71358,71448,90
right_turning,71477,71448,71477,29
walking,71486,71477,71486,9
running,71500,71486,71500,14
stepping,71563,71500,71563,63
sniffing,71615,71563,71615,52
walking,71630,71615,71630,15
stepping,71663,71630,71663,33
grooming,71717,71663,71717,54
sniffing,71737,71717,71737,20
rising,71759,71737,71759,22
sniffing,71859,71759,71859,100
left_turning,71909,71859,71909,50
sniffing,71942,71909,71942,33
stepping,71955,71942,71955,13
sniffing,71960,71955,71960,5
rearing,72016,71960,72016,56
right_turning,72056,72016,72056,40
climbing,72106,72056,72106,50
sniffing,72206,72106,72206,100
left_turning,72248,72206,72248,42
walking,72249,72248,72249,1
sniffing,72309,72249,72309,60
walking,72413,72309,72413,104
rising,72428,72413,72428,15
rearing,72429,72428,72429,1
grooming,72433,72429,72433,4
walking,72506,72433,72506,73
stepping,72630,72506,72630,124
rising,72730,72630,72730,100
rearing,72934,72730,72934,204
walking,72947,72934,72947,13
sniffing,72948,72947,72948,1
trotting,72977,72948,72977,29
stepping,73051,72977,73051,74
rising,73088,73051,73088,37
sniffing,73215,73088,73215,127
stepping,73261,73215,73261,46
sniffing,73418,73261,73418,157
walking,73419,73418,73419,1
rearing,73497,73419,73497,78
sniffing,73524,73497,73524,27
right_turning,73541,73524,73541,17
scratching,73542,73541,73542,1
right_turning,73556,73542,73556,14
sniffing,73594,73556,73594,38
walking,73600,73594,73600,6
stepping,73645,73600,73645,45
walking,73646,73645,73646,1
sniffing,73651,73646,73651,5
walking,73672,73651,73672,21
sniffing,73711,73672,73711,39
rearing,73750,73711,73750,39
climbing,73786,73750,73786,36
grooming,73796,73786,73796,10
rearing,73856,73796,73856,60
sniffing,73936,73856,73936,80
rising,74009,73936,74009,73
sniffing,74010,74009,74010,1
grooming,74130,74010,74130,120
rearing,74132,74130,74132,2
left_turning,74158,74132,74158,26
walking,74159,74158,74159,1
stepping,74225,74159,74225,66
sniffing,74231,74225,74231,6
walking,74305,74231,74305,74
stepping,74351,74305,74351,46
sniffing,74491,74351,74491,140
grooming,74667,74491,74667,176
rearing,74738,74667,74738,71
grooming,74739,74738,74739,1
sniffing,74805,74739,74805,66
stepping,74872,74805,74872,67
sniffing,74938,74872,74938,66
grooming,74966,74938,74966,28
climbing,75053,74966,75053,87
rising,75061,75053,75061,8
rearing,75062,75061,75062,1
stepping,75115,75062,75115,53
rearing,75116,75115,75116,1
sniffing,75117,75116,75117,1
rising,75118,75117,75118,1
climbing,75308,75118,75308,190
left_turning,75348,75308,75348,40
stepping,75358,75348,75358,10
rising,75374,75358,75374,16
climbing,75404,75374,75404,30
rising,75411,75404,75411,7
grooming,75471,75411,75471,60
rising,75592,75471,75592,121
climbing,75593,75592,75593,1
left_turning,75606,75593,75606,13
rising,75656,75606,75656,50
sniffing,75663,75656,75663,7
walking,75673,75663,75673,10
sniffing,75746,75673,75746,73
grooming,75967,75746,75967,221
sniffing,76025,75967,76025,58
walking,76037,76025,76037,12
running,76054,76037,76054,17
rising,76092,76054,76092,38
rearing,76093,76092,76093,1
rising,76103,76093,76103,10
sniffing,76211,76103,76211,108
stepping,76267,76211,76267,56
hunching,76285,76267,76285,18
grooming,76910,76285,76910,625
sniffing,76911,76910,76911,1
grooming,77918,76911,77918,1007
hunching,77986,77918,77986,68
left_turning,78005,77986,78005,19
sniffing,78019,78005,78019,14
rising,78051,78019,78051,32
sniffing,78062,78051,78062,11
rising,78086,78062,78086,24
rearing,78087,78086,78087,1
right_turning,78146,78087,78146,59
walking,78150,78146,78150,4
sniffing,78217,78150,78217,67
stepping,78218,78217,78218,1
walking,78222,78218,78222,4
sniffing,78304,78222,78304,82
grooming,78305,78304,78305,1
rearing,78316,78305,78316,11
stepping,78317,78316,78317,1
walking,78337,78317,78337,20
trotting,78344,78337,78344,7
walking,78407,78344,78407,63
sniffing,78499,78407,78499,92
right_turning,78524,78499,78524,25
climbing,78525,78524,78525,1
left_turning,78672,78525,78672,147
trotting,78687,78672,78687,15
left_turning,78734,78687,78734,47
running,78745,78734,78745,11
sniffing,78844,78745,78844,99
left_turning,78896,78844,78896,52
sniffing,79045,78896,79045,149
walking,79096,79045,79096,51
climbing,79194,79096,79194,98
walking,79229,79194,79229,35
sniffing,79296,79229,79296,67
rising,79323,79296,79323,27
grooming,79532,79323,79532,209
hunching,79594,79532,79594,62
rearing,79595,79594,79595,1
rising,79638,79595,79638,43
climbing,79639,79638,79639,1
grooming,79785,79639,79785,146
sniffing,79796,79785,79796,11
climbing,79822,79796,79822,26
walking,79876,79822,79876,54
stepping,79934,79876,79934,58
left_turning,79995,79934,79995,61
sniffing,80053,79995,80053,58
stepping,80112,80053,80112,59
sniffing,80153,80112,80153,41
left_turning,80264,80153,80264,111
walking,80292,80264,80292,28
stepping,80343,80292,80343,51
rising,80436,80343,80436,93
sniffing,80525,80436,80525,89
stepping,80623,80525,80623,98
sniffing,80740,80623,80740,117
stepping,80818,80740,80818,78
walking,80878,80818,80878,60
sniffing,80879,80878,80879,1
grooming,80919,80879,80919,40
rearing,80955,80919,80955,36
stepping,80977,80955,80977,22
sniffing,80978,80977,80978,1
grooming,81493,80978,81493,515
rearing,81524,81493,81524,31
stepping,81554,81524,81554,30
rising,81609,81554,81609,55
sniffing,81693,81609,81693,84
stepping,81726,81693,81726,33
sniffing,81805,81726,81805,79
stepping,81881,81805,81881,76
rising,81935,81881,81935,54
sniffing,82030,81935,82030,95
rising,82130,82030,82130,100
rearing,82148,82130,82148,18
grooming,82473,82148,82473,325
sniffing,82474,82473,82474,1
walking,82578,82474,82578,104
rearing,82591,82578,82591,13
grooming,82710,82591,82710,119
sniffing,82726,82710,82726,16
grooming,83023,82726,83023,297
rearing,83035,83023,83035,12
left_turning,83061,83035,83061,26
sniffing,83153,83061,83153,92
walking,83239,83153,83239,86
rising,83265,83239,83265,26
climbing,83336,83265,83336,71
walking,83386,83336,83386,50
left_turning,83460,83386,83460,74
climbing,83461,83460,83461,1
stepping,83514,83461,83514,53
trotting,83540,83514,83540,26
rising,83563,83540,83563,23
climbing,83578,83563,83578,15
stepping,83643,83578,83643,65
sniffing,83796,83643,83796,153
walking,83797,83796,83797,1
stepping,83839,83797,83839,42
sniffing,83919,83839,83919,80
left_turning,83957,83919,83957,38
walking,83958,83957,83958,1
sniffing,83959,83958,83959,1
stepping,83969,83959,83969,10
walking,84046,83969,84046,77
sniffing,84053,84046,84053,7
left_turning,84075,84053,84075,22
running,84096,84075,84096,21
sniffing,84184,84096,84184,88
right_turning,84206,84184,84206,22
walking,84258,84206,84258,52
sniffing,84406,84258,84406,148
grooming,84715,84406,84715,309
sniffing,84746,84715,84746,31
grooming,84927,84746,84927,181
climbing,85006,84927,85006,79
grooming,85388,85006,85388,382
scratching,85389,85388,85389,1
grooming,85390,85389,85390,1
walking,85391,85390,85391,1
trotting,85442,85391,85442,51
sniffing,85580,85442,85580,138
grooming,85726,85580,85726,146
walking,85797,85726,85797,71
sniffing,85923,85797,85923,126
walking,85955,85923,85955,32
trotting,85967,85955,85967,12
running,86012,85967,86012,45
sniffing,86067,86012,86067,55
right_turning,86096,86067,86096,29
stepping,86119,86096,86119,23
rising,86128,86119,86128,9
hunching,86295,86128,86295,167
grooming,86747,86295,86747,452
rising,86790,86747,86790,43
rearing,86860,86790,86860,70
hunching,86909,86860,86909,49
climbing,87012,86909,87012,103
walking,87066,87012,87066,54
climbing,87107,87066,87107,41
rearing,87172,87107,87172,65
climbing,87173,87172,87173,1
running,87191,87173,87191,18
walking,87197,87191,87197,6
stepping,87275,87197,87275,78
left_turning,87313,87275,87313,38
walking,87356,87313,87356,43
grooming,87585,87356,87585,229
rearing,87586,87585,87586,1
grooming,87755,87586,87755,169
left_turning,87790,87755,87790,35
stepping,87859,87790,87859,69
walking,87864,87859,87864,5
stepping,87908,87864,87908,44
left_turning,87951,87908,87951,43
grooming,88267,87951,88267,316
walking,88358,88267,88358,91
climbing,88422,88358,88422,64
rearing,88483,88422,88483,61
climbing,88506,88483,88506,23
walking,88507,88506,88507,1
sniffing,88535,88507,88535,28
left_turning,88596,88535,88596,61
rising,88603,88596,88603,7
sniffing,88641,88603,88641,38
rising,88670,88641,88670,29
climbing,88689,88670,88689,19
grooming,88769,88689,88769,80
rising,88801,88769,88801,32
left_turning,88806,88801,88806,5
walking,88841,88806,88841,35
rearing,88933,88841,88933,92
rising,88954,88933,88954,21
stepping,89009,88954,89009,55
sniffing,89095,89009,89095,86
grooming,89096,89095,89096,1
left_turning,89162,89096,89162,66
walking,89169,89162,89169,7
rising,89235,89169,89235,66
rearing,89301,89235,89301,66
left_turning,89365,89301,89365,64
trotting,89393,89365,89393,28
rising,89394,89393,89394,1
climbing,89517,89394,89517,123
rising,89518,89517,89518,1
grooming,89519,89518,89519,1
walking,89698,89519,89698,179
left_turning,89711,89698,89711,13
stepping,89774,89711,89774,63
sniffing,89883,89774,89883,109
walking,90006,89883,90006,123
sniffing,90094,90006,90094,88
stepping,90174,90094,90174,80
sniffing,90175,90174,90175,1
grooming,90176,90175,90176,1
rearing,90177,90176,90177,1
climbing,90209,90177,90209,32
grooming,90210,90209,90210,1
scratching,90211,90210,90211,1
stepping,90213,90211,90213,2
sniffing,90287,90213,90287,74
left_turning,90336,90287,90336,49
walking,90369,90336,90369,33
stepping,90370,90369,90370,1
walking,90433,90370,90433,63
rising,90434,90433,90434,1
grooming,90609,90434,90609,175
right_turning,90656,90609,90656,47
rising,90700,90656,90700,44
climbing,90730,90700,90730,30
left_turning,90731,90730,90731,1
rising,90755,90731,90755,24
left_turning,90756,90755,90756,1
walking,90794,90756,90794,38
rising,90919,90794,90919,125
grooming,90920,90919,90920,1
rearing,90967,90920,90967,47
sniffing,90968,90967,90968,1
climbing,91245,90968,91245,277
hunching,91318,91245,91318,73
sniffing,91319,91318,91319,1
rising,91381,91319,91381,62
grooming,91382,91381,91382,1
sniffing,91383,91382,91383,1
stepping,91428,91383,91428,45
right_turning,91429,91428,91429,1
stepping,91509,91429,91509,80
walking,91547,91509,91547,38
sniffing,91574,91547,91574,27
right_turning,91635,91574,91635,61
grooming,91714,91635,91714,79
rising,91742,91714,91742,28
rearing,91842,91742,91842,100
grooming,91843,91842,91843,1
left_turning,91879,91843,91879,36
rearing,91995,91879,91995,116
stepping,92061,91995,92061,66
rising,92135,92061,92135,74
grooming,92136,92135,92136,1
hunching,92241,92136,92241,105
grooming,92242,92241,92242,1
climbing,92243,92242,92243,1
rearing,92244,92243,92244,1
grooming,92245,92244,92245,1
stepping,92277,92245,92277,32
grooming,92278,92277,92278,1
trotting,92304,92278,92304,26
stepping,92323,92304,92323,19
walking,92379,92323,92379,56
sniffing,92419,92379,92419,40
rearing,92501,92419,92501,82
grooming,92502,92501,92502,1
rearing,92503,92502,92503,1
sniffing,92636,92503,92636,133
rising,92637,92636,92637,1
hunching,92708,92637,92708,71
rearing,92780,92708,92780,72
climbing,92788,92780,92788,8
rising,92791,92788,92791,3
grooming,92805,92791,92805,14
hunching,92830,92805,92830,25
grooming,92947,92830,92947,117
rising,93033,92947,93033,86
rearing,93117,93033,93117,84
grooming,93296,93117,93296,179
scratching,93297,93296,93297,1
sniffing,93298,93297,93298,1
stepping,93322,93298,93322,24
sniffing,93355,93322,93355,33
rising,93384,93355,93384,29
sniffing,93415,93384,93415,31
right_turning,93460,93415,93460,45
sniffing,93620,93460,93620,160
walking,93621,93620,93621,1
stepping,93648,93621,93648,27
left_turning,93707,93648,93707,59
walking,93729,93707,93729,22
sniffing,93730,93729,93730,1
hunching,93818,93730,93818,88
grooming,93926,93818,93926,108
right_turning,93979,93926,93979,53
stepping,94005,93979,94005,26
sniffing,94092,94005,94092,87
rising,94093,94092,94093,1
climbing,94184,94093,94184,91
rising,94193,94184,94193,9
climbing,94196,94193,94196,3
walking,94271,94196,94271,75
sniffing,94358,94271,94358,87
stepping,94378,94358,94378,20
sniffing,94518,94378,94518,140
rising,94600,94518,94600,82
climbing,94686,94600,94686,86
sniffing,94687,94686,94687,1
left_turning,94720,94687,94720,33
walking,94727,94720,94727,7
sniffing,94912,94727,94912,185
walking,94964,94912,94964,52
stepping,95003,94964,95003,39
rearing,95004,95003,95004,1
climbing,95072,95004,95072,68
hunching,95075,95072,95075,3
grooming,95366,95075,95366,291
rearing,95402,95366,95402,36
rising,95414,95402,95414,12
rearing,95415,95414,95415,1
hunching,95484,95415,95484,69
stepping,95506,95484,95506,22
sniffing,95507,95506,95507,1
rising,95552,95507,95552,45
right_turning,95570,95552,95570,18
climbing,95639,95570,95639,69
left_turning,95723,95639,95723,84
rising,95897,95723,95897,174
grooming,96131,95897,96131,234
walking,96190,96131,96190,59
sniffing,96191,96190,96191,1
rising,96283,96191,96283,92
sniffing,96352,96283,96352,69
grooming,96427,96352,96427,75
rising,96488,96427,96488,61
sniffing,96489,96488,96489,1
grooming,96607,96489,96607,118
rearing,96654,96607,96654,47
stepping,96732,96654,96732,78
rising,96789,96732,96789,57
sniffing,96892,96789,96892,103
stepping,96930,96892,96930,38
sniffing,97024,96930,97024,94
stepping,97074,97024,97074,50
sniffing,97135,97074,97135,61
trotting,97158,97135,97158,23
walking,97183,97158,97183,25
stepping,97242,97183,97242,59
sniffing,97299,97242,97299,57
walking,97390,97299,97390,91
stepping,97442,97390,97442,52
sniffing,97512,97442,97512,70
left_turning,97555,97512,97555,43
rising,97614,97555,97614,59
sniffing,97640,97614,97640,26
walking,97648,97640,97648,8
sniffing,97649,97648,97649,1
climbing,97829,97649,97829,180
trotting,97853,97829,97853,24
sniffing,97972,97853,97972,119
trotting,97988,97972,97988,16
rearing,98069,97988,98069,81
hunching,98070,98069,98070,1
grooming,98071,98070,98071,1
climbing,98139,98071,98139,68
rising,98206,98139,98206,67
grooming,98453,98206,98453,247
rearing,98613,98453,98613,160
rising,98614,98613,98614,1
rearing,98687,98614,98687,73
stepping,98688,98687,98688,1
rearing,98689,98688,98689,1
climbing,98756,98689,98756,67
left_turning,98783,98756,98783,27
sniffing,98784,98783,98784,1
rising,98785,98784,98785,1
sniffing,98875,98785,98875,90
left_turning,98910,98875,98910,35
trotting,98950,98910,98950,40
right_turning,98951,98950,98951,1
stepping,98979,98951,98979,28
rearing,99030,98979,99030,51
climbing,99097,99030,99097,67
grooming,99130,99097,99130,33
walking,99193,99130,99193,63
rearing,99194,99193,99194,1
hunching,99256,99194,99256,62
grooming,99257,99256,99257,1
left_turning,99301,99257,99301,44
sniffing,99340,99301,99340,39
rearing,99347,99340,99347,7
rising,99396,99347,99396,49
left_turning,99459,99396,99459,63
stepping,99462,99459,99462,3
walking,99463,99462,99463,1
sniffing,99484,99463,99484,21
grooming,100032,99484,100032,548
rearing,100063,100032,100063,31
rising,100124,100063,100124,61
grooming,100125,100124,100125,1
rearing,100126,100125,100126,1
grooming,100127,100126,100127,1
rising,100200,100127,100200,73
trotting,100263,100200,100263,63
right_turning,100278,100263,100278,15
sniffing,100349,100278,100349,71
walking,100452,100349,100452,103
right_turning,100478,100452,100478,26
trotting,100516,100478,100516,38
walking,100594,100516,100594,78
sniffing,100699,100594,100699,105
walking,100730,100699,100730,31
sniffing,100938,100730,100938,208
stepping,100959,100938,100959,21
rising,101072,100959,101072,113
rearing,101125,101072,101125,53
grooming,102380,101125,102380,1255
rearing,102381,102380,102381,1
grooming,102475,102381,102475,94
climbing,102496,102475,102496,21
rearing,102509,102496,102509,13
stepping,102534,102509,102534,25
walking,102618,102534,102618,84
sniffing,102755,102618,102755,137
stepping,102770,102755,102770,15
sniffing,102788,102770,102788,18
stepping,102812,102788,102812,24
climbing,102932,102812,102932,120
right_turning,102944,102932,102944,12
trotting,103008,102944,103008,64
sniffing,103080,103008,103080,72
stepping,103120,103080,103120,40
climbing,103228,103120,103228,108
walking,103278,103228,103278,50
running,103325,103278,103325,47
walking,103368,103325,103368,43
sniffing,103493,103368,103493,125
walking,103561,103493,103561,68
sniffing,103626,103561,103626,65
stepping,103672,103626,103672,46
walking,103714,103672,103714,42
trotting,103738,103714,103738,24
stepping,103776,103738,103776,38
walking,103834,103776,103834,58
right_turning,103867,103834,103867,33
climbing,103902,103867,103902,35
trotting,103934,103902,103934,32
sniffing,104014,103934,104014,80
walking,104048,104014,104048,34
sniffing,104066,104048,104066,18
left_turning,104074,104066,104074,8
stepping,104099,104074,104099,25
sniffing,104106,104099,104106,7
stepping,104156,104106,104156,50
rearing,104218,104156,104218,62
grooming,104219,104218,104219,1
scratching,104220,104219,104220,1
sniffing,104221,104220,104221,1
rearing,104363,104221,104363,142
rising,104430,104363,104430,67
climbing,104533,104430,104533,103
trotting,104545,104533,104545,12
walking,104606,104545,104606,61
sniffing,104706,104606,104706,100
walking,104710,104706,104710,4
sniffing,104711,104710,104711,1
stepping,104712,104711,104712,1
sniffing,104846,104712,104846,134
left_turning,104872,104846,104872,26
sniffing,104936,104872,104936,64
running,104938,104936,104938,2
stepping,104987,104938,104987,49
grooming,105314,104987,105314,327
walking,105343,105314,105343,29
sniffing,105344,105343,105344,1
rising,105371,105344,105371,27
rearing,105398,105371,105398,27
grooming,105401,105398,105401,3
sniffing,105447,105401,105447,46
stepping,105477,105447,105477,30
walking,105542,105477,105542,65
sniffing,105792,105542,105792,250
stepping,105851,105792,105851,59
sniffing,106034,105851,106034,183
rising,106049,106034,106049,15
grooming,106166,106049,106166,117
sniffing,106392,106166,106392,226
scratching,106393,106392,106393,1
grooming,106398,106393,106398,5
rearing,106609,106398,106609,211
grooming,106857,106609,106857,248
walking,106904,106857,106904,47
sniffing,106905,106904,106905,1
rising,106965,106905,106965,60
climbing,107031,106965,107031,66
rearing,107032,107031,107032,1
hunching,107154,107032,107154,122
grooming,107155,107154,107155,1
scratching,107156,107155,107156,1
sniffing,107268,107156,107268,112
left_turning,107288,107268,107288,20
walking,107367,107288,107367,79
sniffing,107678,107367,107678,311
rising,107729,107678,107729,51
sniffing,107811,107729,107811,82
stepping,107826,107811,107826,15
walking,107862,107826,107862,36
stepping,107918,107862,107918,56
sniffing,108000,107918,108000,82
