revised_movement_label,segBoundary,segBoundary_start,segBoundary_end,length
sniffing,1,0,1,1
walking,10,1,10,9
sniffing,70,10,70,60
walking,75,70,75,5
sniffing,136,75,136,61
walking,240,136,240,104
trotting,296,240,296,56
running,326,296,326,30
rising,336,326,336,10
hunching,342,336,342,6
stepping,422,342,422,80
sniffing,479,422,479,57
trotting,522,479,522,43
stepping,533,522,533,11
sniffing,636,533,636,103
stepping,703,636,703,67
climbing,751,703,751,48
grooming,791,751,791,40
stepping,818,791,818,27
sniffing,846,818,846,28
rearing,847,846,847,1
sniffing,864,847,864,17
climbing,925,864,925,61
left_turning,957,925,957,32
climbing,958,957,958,1
grooming,1023,958,1023,65
rearing,1024,1023,1024,1
left_turning,1025,1024,1025,1
grooming,1143,1025,1143,118
sniffing,1163,1143,1163,20
grooming,1340,1163,1340,177
rising,1358,1340,1358,18
walking,1389,1358,1389,31
sniffing,1413,1389,1413,24
walking,1462,1413,1462,49
sniffing,1799,1462,1799,337
grooming,1914,1799,1914,115
stepping,1972,1914,1972,58
sniffing,2059,1972,2059,87
walking,2095,2059,2095,36
running,2100,2095,2100,5
walking,2119,2100,2119,19
sniffing,2161,2119,2161,42
rearing,2174,2161,2174,13
grooming,2207,2174,2207,33
left_turning,2236,2207,2236,29
stepping,2291,2236,2291,55
sniffing,2292,2291,2292,1
walking,2328,2292,2328,36
rising,2357,2328,2357,29
rearing,2392,2357,2392,35
grooming,2452,2392,2452,60
rearing,2501,2452,2501,49
grooming,2543,2501,2543,42
rising,2544,2543,2544,1
stepping,2571,2544,2571,27
trotting,2602,2571,2602,31
walking,2656,2602,2656,54
grooming,2657,2656,2657,1
walking,2790,2657,2790,133
left_turning,2831,2790,2831,41
stepping,2832,2831,2832,1
sniffing,2861,2832,2861,29
rising,2900,2861,2900,39
rearing,2901,2900,2901,1
grooming,2902,2901,2902,1
sniffing,2903,2902,2903,1
stepping,2956,2903,2956,53
sniffing,2998,2956,2998,42
walking,3017,2998,3017,19
running,3044,3017,3044,27
walking,3048,3044,3048,4
sniffing,3153,3048,3153,105
stepping,3220,3153,3220,67
sniffing,3221,3220,3221,1
left_turning,3275,3221,3275,54
rearing,3293,3275,3293,18
grooming,3533,3293,3533,240
hunching,3554,3533,3554,21
grooming,3877,3554,3877,323
scratching,3878,3877,3878,1
sniffing,3912,3878,3912,34
grooming,3989,3912,3989,77
sniffing,4038,3989,4038,49
grooming,4039,4038,4039,1
right_turning,4066,4039,4066,27
sniffing,4083,4066,4083,17
walking,4084,4083,4084,1
sniffing,4231,4084,4231,147
left_turning,4300,4231,4300,69
grooming,4378,4300,4378,78
right_turning,4385,4378,4385,7
sniffing,4561,4385,4561,176
rising,4595,4561,4595,34
left_turning,4687,4595,4687,92
walking,4753,4687,4753,66
sniffing,4865,4753,4865,112
rising,4908,4865,4908,43
grooming,4909,4908,4909,1
walking,4930,4909,4930,21
sniffing,4954,4930,4954,24
stepping,4999,4954,4999,45
sniffing,5000,4999,5000,1
stepping,5077,5000,5077,77
walking,5137,5077,5137,60
stepping,5196,5137,5196,59
walking,5224,5196,5224,28
stepping,5263,5224,5263,39
rising,5298,5263,5298,35
climbing,5365,5298,5365,67
left_turning,5406,5365,5406,41
running,5431,5406,5431,25
rising,5454,5431,5454,23
left_turning,5455,5454,5455,1
walking,5456,5455,5456,1
sniffing,5595,5456,5595,139
rising,5596,5595,5596,1
stepping,5612,5596,5612,16
sniffing,5700,5612,5700,88
trotting,5759,5700,5759,59
walking,5760,5759,5760,1
stepping,5848,5760,5848,88
walking,5882,5848,5882,34
rising,5923,5882,5923,41
stepping,5956,5923,5956,33
rearing,6035,5956,6035,79
left_turning,6063,6035,6063,28
walking,6166,6063,6166,103
stepping,6242,6166,6242,76
walking,6255,6242,6255,13
stepping,6286,6255,6286,31
walking,6333,6286,6333,47
rising,6343,6333,6343,10
climbing,6372,6343,6372,29
grooming,6375,6372,6375,3
hunching,6453,6375,6453,78
rearing,6514,6453,6514,61
stepping,6550,6514,6550,36
sniffing,6631,6550,6631,81
stepping,6653,6631,6653,22
rising,6666,6653,6666,13
walking,6691,6666,6691,25
rising,6794,6691,6794,103
right_turning,6795,6794,6795,1
trotting,6796,6795,6796,1
sniffing,6797,6796,6797,1
left_turning,6820,6797,6820,23
walking,6840,6820,6840,20
grooming,7037,6840,7037,197
rearing,7220,7037,7220,183
climbing,7241,7220,7241,21
rearing,7265,7241,7265,24
hunching,7300,7265,7300,35
grooming,7412,7300,7412,112
rearing,7442,7412,7442,30
sniffing,7449,7442,7449,7
walking,7523,7449,7523,74
stepping,7571,7523,7571,48
sniffing,7725,7571,7725,154
rising,7726,7725,7726,1
climbing,7760,7726,7760,34
sniffing,7853,7760,7853,93
walking,7910,7853,7910,57
sniffing,8040,7910,8040,130
walking,8079,8040,8079,39
sniffing,8143,8079,8143,64
right_turning,8153,8143,8153,10
walking,8213,8153,8213,60
sniffing,8224,8213,8224,11
rising,8247,8224,8247,23
sniffing,8271,8247,8271,24
rising,8276,8271,8276,5
left_turning,8293,8276,8293,17
rising,8397,8293,8397,104
sniffing,8472,8397,8472,75
rising,8473,8472,8473,1
sniffing,8529,8473,8529,56
grooming,8588,8529,8588,59
running,8609,8588,8609,21
walking,8611,8609,8611,2
running,8635,8611,8635,24
trotting,8669,8635,8669,34
walking,8706,8669,8706,37
stepping,8730,8706,8730,24
running,8744,8730,8744,14
trotting,8810,8744,8810,66
walking,8817,8810,8817,7
sniffing,8830,8817,8830,13
stepping,8880,8830,8880,50
grooming,8954,8880,8954,74
sniffing,8974,8954,8974,20
rising,9029,8974,9029,55
climbing,9096,9029,9096,67
hunching,9097,9096,9097,1
grooming,9228,9097,9228,131
rising,9241,9228,9241,13
walking,9292,9241,9292,51
trotting,9295,9292,9295,3
running,9329,9295,9329,34
rising,9361,9329,9361,32
sniffing,9362,9361,9362,1
left_turning,9403,9362,9403,41
climbing,9475,9403,9475,72
grooming,9755,9475,9755,280
sniffing,9848,9755,9848,93
stepping,9886,9848,9886,38
rising,9906,9886,9906,20
grooming,10048,9906,10048,142
rearing,10156,10048,10156,108
grooming,10252,10156,10252,96
walking,10267,10252,10267,15
stepping,10316,10267,10316,49
climbing,10378,10316,10378,62
left_turning,10379,10378,10379,1
walking,10386,10379,10386,7
trotting,10451,10386,10451,65
rearing,10600,10451,10600,149
climbing,10672,10600,10672,72
grooming,10777,10672,10777,105
rising,10783,10777,10783,6
walking,10824,10783,10824,41
grooming,10837,10824,10837,13
stepping,10838,10837,10838,1
rising,10850,10838,10850,12
grooming,10992,10850,10992,142
rearing,11010,10992,11010,18
walking,11022,11010,11022,12
trotting,11039,11022,11039,17
walking,11086,11039,11086,47
grooming,11087,11086,11087,1
rising,11088,11087,11088,1
right_turning,11089,11088,11089,1
sniffing,11206,11089,11206,117
rising,11287,11206,11287,81
rearing,11346,11287,11346,59
rising,11359,11346,11359,13
grooming,11422,11359,11422,63
walking,11451,11422,11451,29
stepping,11475,11451,11475,24
left_turning,11525,11475,11525,50
walking,11554,11525,11554,29
left_turning,11574,11554,11574,20
stepping,11580,11574,11580,6
walking,11609,11580,11609,29
stepping,11643,11609,11643,34
sniffing,11644,11643,11644,1
grooming,11741,11644,11741,97
hunching,11811,11741,11811,70
grooming,11878,11811,11878,67
scratching,11879,11878,11879,1
sniffing,11941,11879,11941,62
grooming,12217,11941,12217,276
rearing,12432,12217,12432,215
grooming,12433,12432,12433,1
rearing,12469,12433,12469,36
hunching,12478,12469,12478,9
grooming,12553,12478,12553,75
rising,12582,12553,12582,29
walking,12610,12582,12610,28
stepping,12663,12610,12663,53
sniffing,12788,12663,12788,125
walking,12808,12788,12808,20
rising,12833,12808,12833,25
sniffing,12843,12833,12843,10
trotting,12869,12843,12869,26
sniffing,12870,12869,12870,1
stepping,12908,12870,12908,38
rising,12970,12908,12970,62
sniffing,13077,12970,13077,107
rising,13146,13077,13146,69
sniffing,13186,13146,13186,40
grooming,13189,13186,13189,3
hunching,13217,13189,13217,28
grooming,13336,13217,13336,119
hunching,13381,13336,13381,45
rearing,13480,13381,13480,99
climbing,13547,13480,13547,67
grooming,13663,13547,13663,116
rising,13675,13663,13675,12
climbing,13738,13675,13738,63
grooming,13739,13738,13739,1
sniffing,13828,13739,13828,89
stepping,13876,13828,13876,48
sniffing,14092,13876,14092,216
grooming,14169,14092,14169,77
sniffing,14231,14169,14231,62
hunching,14298,14231,14298,67
grooming,14551,14298,14551,253
rearing,14618,14551,14618,67
sniffing,14687,14618,14687,69
rising,14688,14687,14688,1
stepping,14707,14688,14707,19
walking,14873,14707,14873,166
rearing,14920,14873,14920,47
rising,14944,14920,14944,24
sniffing,15016,14944,15016,72
trotting,15053,15016,15053,37
walking,15077,15053,15077,24
sniffing,15078,15077,15078,1
grooming,15113,15078,15113,35
climbing,15154,15113,15154,41
left_turning,15186,15154,15186,32
climbing,15256,15186,15256,70
grooming,15257,15256,15257,1
sniffing,15352,15257,15352,95
hunching,15361,15352,15361,9
rearing,15377,15361,15377,16
grooming,15517,15377,15517,140
sniffing,15600,15517,15600,83
grooming,15601,15600,15601,1
trotting,15612,15601,15612,11
walking,15649,15612,15649,37
grooming,15650,15649,15650,1
rearing,15686,15650,15686,36
walking,15710,15686,15710,24
stepping,15747,15710,15747,37
grooming,15799,15747,15799,52
trotting,15829,15799,15829,30
grooming,16021,15829,16021,192
hunching,16053,16021,16053,32
rearing,16054,16053,16054,1
walking,16075,16054,16075,21
trotting,16076,16075,16076,1
stepping,16106,16076,16106,30
sniffing,16186,16106,16186,80
grooming,16260,16186,16260,74
right_turning,16298,16260,16298,38
climbing,16364,16298,16364,66
sniffing,16423,16364,16423,59
rising,16454,16423,16454,31
sniffing,16546,16454,16546,92
walking,16547,16546,16547,1
stepping,16556,16547,16556,9
trotting,16557,16556,16557,1
running,16600,16557,16600,43
stepping,16634,16600,16634,34
sniffing,16649,16634,16649,15
rising,16672,16649,16672,23
walking,16720,16672,16720,48
sniffing,16827,16720,16827,107
trotting,16843,16827,16843,16
stepping,16890,16843,16890,47
rising,16934,16890,16934,44
grooming,17011,16934,17011,77
hunching,17014,17011,17014,3
grooming,17015,17014,17015,1
left_turning,17035,17015,17035,20
trotting,17075,17035,17075,40
sniffing,17155,17075,17155,80
stepping,17156,17155,17156,1
trotting,17165,17156,17165,9
rising,17238,17165,17238,73
rearing,17263,17238,17263,25
hunching,17315,17263,17315,52
grooming,17345,17315,17345,30
walking,17389,17345,17389,44
sniffing,17403,17389,17403,14
stepping,17442,17403,17442,39
rising,17506,17442,17506,64
walking,17595,17506,17595,89
stepping,17609,17595,17609,14
sniffing,17743,17609,17743,134
rising,17785,17743,17785,42
rearing,17842,17785,17842,57
left_turning,17894,17842,17894,52
walking,17929,17894,17929,35
stepping,17983,17929,17983,54
walking,18006,17983,18006,23
right_turning,18015,18006,18015,9
climbing,18039,18015,18039,24
sniffing,18040,18039,18040,1
left_turning,18079,18040,18079,39
walking,18086,18079,18086,7
trotting,18109,18086,18109,23
rising,18125,18109,18125,16
grooming,18444,18125,18444,319
sniffing,18445,18444,18445,1
climbing,18509,18445,18509,64
left_turning,18537,18509,18537,28
trotting,18550,18537,18550,13
running,18584,18550,18584,34
left_turning,18657,18584,18657,73
walking,18741,18657,18741,84
trotting,18774,18741,18774,33
sniffing,18792,18774,18792,18
rearing,18896,18792,18896,104
stepping,18939,18896,18939,43
sniffing,19033,18939,19033,94
rising,19085,19033,19085,52
left_turning,19146,19085,19146,61
grooming,19147,19146,19147,1
left_turning,19148,19147,19148,1
grooming,19165,19148,19165,17
rising,19178,19165,19178,13
grooming,19179,19178,19179,1
sniffing,19250,19179,19250,71
stepping,19284,19250,19284,34
sniffing,19441,19284,19441,157
grooming,19458,19441,19458,17
rearing,19494,19458,19494,36
grooming,19495,19494,19495,1
stepping,19511,19495,19511,16
sniffing,19586,19511,19586,75
rising,19605,19586,19605,19
grooming,19735,19605,19735,130
trotting,19764,19735,19764,29
sniffing,19795,19764,19795,31
walking,19822,19795,19822,27
sniffing,19823,19822,19823,1
trotting,19835,19823,19835,12
rising,19840,19835,19840,5
walking,19903,19840,19903,63
sniffing,19924,19903,19924,21
grooming,20250,19924,20250,326
left_turning,20309,20250,20309,59
walking,20352,20309,20352,43
sniffing,20449,20352,20449,97
rising,20477,20449,20477,28
rearing,20478,20477,20478,1
grooming,20678,20478,20678,200
sniffing,20682,20678,20682,4
left_turning,20714,20682,20714,32
sniffing,20795,20714,20795,81
grooming,20846,20795,20846,51
rising,20855,20846,20855,9
sniffing,20856,20855,20856,1
stepping,20881,20856,20881,25
walking,20894,20881,20894,13
stepping,20930,20894,20930,36
rising,20931,20930,20931,1
grooming,20959,20931,20959,28
walking,21028,20959,21028,69
stepping,21039,21028,21039,11
climbing,21103,21039,21103,64
stepping,21112,21103,21112,9
right_turning,21115,21112,21115,3
grooming,21321,21115,21321,206
hunching,21455,21321,21455,134
rising,21495,21455,21495,40
climbing,21549,21495,21549,54
walking,21651,21549,21651,102
rising,21652,21651,21652,1
sniffing,21729,21652,21729,77
hunching,21768,21729,21768,39
walking,21870,21768,21870,102
sniffing,21877,21870,21877,7
stepping,21972,21877,21972,95
walking,21973,21972,21973,1
stepping,22013,21973,22013,40
grooming,22014,22013,22014,1
rearing,22041,22014,22041,27
grooming,22042,22041,22042,1
walking,22072,22042,22072,30
right_turning,22147,22072,22147,75
sniffing,22281,22147,22281,134
stepping,22357,22281,22357,76
rising,22399,22357,22399,42
grooming,22400,22399,22400,1
rising,22440,22400,22440,40
left_turning,22449,22440,22449,9
trotting,22466,22449,22466,17
sniffing,22541,22466,22541,75
trotting,22557,22541,22557,16
left_turning,22685,22557,22685,128
rising,22687,22685,22687,2
stepping,22707,22687,22707,20
scratching,22708,22707,22708,1
walking,22758,22708,22758,50
stepping,22834,22758,22834,76
climbing,22876,22834,22876,42
rising,22891,22876,22891,15
grooming,22892,22891,22892,1
rearing,22913,22892,22913,21
grooming,23034,22913,23034,121
rearing,23068,23034,23068,34
trotting,23085,23068,23085,17
walking,23089,23085,23089,4
sniffing,23208,23089,23208,119
stepping,23236,23208,23236,28
sniffing,23312,23236,23312,76
left_turning,23390,23312,23390,78
grooming,23631,23390,23631,241
right_turning,23670,23631,23670,39
sniffing,23757,23670,23757,87
stepping,23796,23757,23796,39
sniffing,23850,23796,23850,54
rearing,23857,23850,23857,7
rising,23907,23857,23907,50
sniffing,24050,23907,24050,143
grooming,24152,24050,24152,102
stepping,24183,24152,24183,31
right_turning,24184,24183,24184,1
sniffing,24224,24184,24224,40
stepping,24257,24224,24257,33
grooming,24258,24257,24258,1
walking,24330,24258,24330,72
stepping,24366,24330,24366,36
sniffing,24384,24366,24384,18
stepping,24427,24384,24427,43
rising,24510,24427,24510,83
grooming,24560,24510,24560,50
rearing,24561,24560,24561,1
grooming,24567,24561,24567,6
left_turning,24577,24567,24577,10
grooming,24578,24577,24578,1
scratching,24579,24578,24579,1
stepping,24596,24579,24596,17
walking,24597,24596,24597,1
trotting,24651,24597,24651,54
stepping,24652,24651,24652,1
trotting,24664,24652,24664,12
left_turning,24702,24664,24702,38
walking,24737,24702,24737,35
sniffing,24738,24737,24738,1
grooming,24739,24738,24739,1
left_turning,24781,24739,24781,42
walking,24886,24781,24886,105
rearing,24917,24886,24917,31
rising,24918,24917,24918,1
climbing,25000,24918,25000,82
left_turning,25040,25000,25040,40
walking,25086,25040,25086,46
trotting,25118,25086,25118,32
stepping,25155,25118,25155,37
sniffing,25241,25155,25241,86
left_turning,25251,25241,25251,10
stepping,25275,25251,25275,24
right_turning,25330,25275,25330,55
sniffing,25494,25330,25494,164
grooming,25652,25494,25652,158
climbing,25669,25652,25669,17
walking,25748,25669,25748,79
sniffing,25766,25748,25766,18
stepping,25787,25766,25787,21
walking,25822,25787,25822,35
stepping,25823,25822,25823,1
sniffing,25829,25823,25829,6
grooming,25898,25829,25898,69
climbing,25992,25898,25992,94
right_turning,25994,25992,25994,2
walking,26109,25994,26109,115
stepping,26151,26109,26151,42
sniffing,26276,26151,26276,125
climbing,26279,26276,26279,3
grooming,27203,26279,27203,924
hunching,27282,27203,27282,79
rearing,27325,27282,27325,43
grooming,27421,27325,27421,96
hunching,27472,27421,27472,51
grooming,27627,27472,27627,155
hunching,27668,27627,27668,41
rearing,27669,27668,27669,1
trotting,27736,27669,27736,67
running,27757,27736,27757,21
stepping,27777,27757,27777,20
right_turning,27800,27777,27800,23
trotting,27825,27800,27825,25
grooming,27980,27825,27980,155
sniffing,28035,27980,28035,55
grooming,28036,28035,28036,1
walking,28060,28036,28060,24
left_turning,28075,28060,28075,15
stepping,28153,28075,28153,78
sniffing,28154,28153,28154,1
stepping,28177,28154,28177,23
climbing,28240,28177,28240,63
grooming,28242,28240,28242,2
walking,28286,28242,28286,44
sniffing,28344,28286,28344,58
stepping,28398,28344,28398,54
rising,28423,28398,28423,25
rearing,28511,28423,28511,88
grooming,28734,28511,28734,223
rising,28735,28734,28735,1
sniffing,28851,28735,28851,116
grooming,28852,28851,28852,1
stepping,28923,28852,28923,71
walking,28961,28923,28961,38
sniffing,29152,28961,29152,191
walking,29161,29152,29161,9
trotting,29179,29161,29179,18
walking,29205,29179,29205,26
sniffing,29275,29205,29275,70
rising,29346,29275,29346,71
climbing,29358,29346,29358,12
right_turning,29497,29358,29497,139
stepping,29524,29497,29524,27
sniffing,29565,29524,29565,41
stepping,29613,29565,29613,48
climbing,29633,29613,29633,20
running,29646,29633,29646,13
stepping,29688,29646,29688,42
rearing,29724,29688,29724,36
grooming,29843,29724,29843,119
sniffing,30037,29843,30037,194
stepping,30073,30037,30073,36
sniffing,30076,30073,30076,3
stepping,30125,30076,30125,49
rising,30127,30125,30127,2
grooming,30184,30127,30184,57
hunching,30198,30184,30198,14
rising,30257,30198,30257,59
climbing,30322,30257,30322,65
grooming,30409,30322,30409,87
left_turning,30429,30409,30429,20
stepping,30467,30429,30467,38
sniffing,30513,30467,30513,46
rising,30534,30513,30534,21
climbing,30568,30534,30568,34
stepping,30573,30568,30573,5
rearing,30615,30573,30615,42
stepping,30678,30615,30678,63
sniffing,30691,30678,30691,13
grooming,30767,30691,30767,76
hunching,30805,30767,30805,38
grooming,31014,30805,31014,209
right_turning,31021,31014,31021,7
sniffing,31202,31021,31202,181
stepping,31232,31202,31232,30
grooming,31412,31232,31412,180
left_turning,31454,31412,31454,42
rearing,31490,31454,31490,36
stepping,31545,31490,31545,55
walking,31546,31545,31546,1
grooming,31695,31546,31695,149
rearing,31775,31695,31775,80
grooming,31895,31775,31895,120
sniffing,31967,31895,31967,72
left_turning,31978,31967,31978,11
running,31996,31978,31996,18
stepping,32037,31996,32037,41
sniffing,32093,32037,32093,56
rearing,32094,32093,32094,1
hunching,32117,32094,32117,23
stepping,32129,32117,32129,12
left_turning,32208,32129,32208,79
sniffing,32441,32208,32441,233
rearing,32520,32441,32520,79
grooming,32601,32520,32601,81
sniffing,32648,32601,32648,47
running,32664,32648,32664,16
sniffing,32681,32664,32681,17
rising,32684,32681,32684,3
sniffing,32753,32684,32753,69
grooming,32760,32753,32760,7
sniffing,32866,32760,32866,106
grooming,33009,32866,33009,143
rising,33058,33009,33058,49
climbing,33117,33058,33117,59
rearing,33118,33117,33118,1
grooming,33433,33118,33433,315
walking,33503,33433,33503,70
sniffing,33513,33503,33513,10
walking,33514,33513,33514,1
stepping,33547,33514,33547,33
walking,33632,33547,33632,85
sniffing,33733,33632,33733,101
rising,33753,33733,33753,20
grooming,33792,33753,33792,39
climbing,33830,33792,33830,38
rearing,33898,33830,33898,68
grooming,34167,33898,34167,269
right_turning,34168,34167,34168,1
walking,34169,34168,34169,1
rearing,34276,34169,34276,107
hunching,34363,34276,34363,87
walking,34382,34363,34382,19
left_turning,34407,34382,34407,25
hunching,34491,34407,34491,84
rising,34502,34491,34502,11
walking,34561,34502,34561,59
sniffing,34570,34561,34570,9
grooming,34718,34570,34718,148
climbing,34780,34718,34780,62
rising,34786,34780,34786,6
climbing,34881,34786,34881,95
stepping,34884,34881,34884,3
sniffing,34917,34884,34917,33
rising,34918,34917,34918,1
grooming,34919,34918,34919,1
sniffing,34984,34919,34984,65
left_turning,35030,34984,35030,46
sniffing,35118,35030,35118,88
grooming,35184,35118,35184,66
rising,35201,35184,35201,17
walking,35202,35201,35202,1
stepping,35261,35202,35261,59
rising,35280,35261,35280,19
climbing,35285,35280,35285,5
left_turning,35295,35285,35295,10
stepping,35349,35295,35349,54
walking,35391,35349,35391,42
right_turning,35404,35391,35404,13
trotting,35464,35404,35464,60
sniffing,35497,35464,35497,33
climbing,35585,35497,35585,88
right_turning,35595,35585,35595,10
walking,35629,35595,35629,34
sniffing,35710,35629,35710,81
running,35753,35710,35753,43
trotting,35759,35753,35759,6
rising,35817,35759,35817,58
climbing,35873,35817,35873,56
grooming,35996,35873,35996,123
sniffing,36105,35996,36105,109
walking,36150,36105,36150,45
stepping,36209,36150,36209,59
sniffing,36219,36209,36219,10
scratching,36220,36219,36220,1
grooming,36221,36220,36221,1
walking,36222,36221,36222,1
sniffing,36263,36222,36263,41
walking,36298,36263,36298,35
stepping,36324,36298,36324,26
sniffing,36325,36324,36325,1
stepping,36337,36325,36337,12
grooming,36338,36337,36338,1
rising,36346,36338,36346,8
sniffing,36455,36346,36455,109
climbing,36536,36455,36536,81
grooming,36591,36536,36591,55
rearing,36592,36591,36592,1
hunching,36593,36592,36593,1
sniffing,36594,36593,36594,1
stepping,36669,36594,36669,75
climbing,36747,36669,36747,78
walking,36779,36747,36779,32
climbing,36839,36779,36839,60
walking,36840,36839,36840,1
left_turning,36894,36840,36894,54
walking,36913,36894,36913,19
trotting,36948,36913,36948,35
walking,36964,36948,36964,16
sniffing,36984,36964,36984,20
walking,36994,36984,36994,10
sniffing,37076,36994,37076,82
stepping,37084,37076,37084,8
right_turning,37085,37084,37085,1
sniffing,37384,37085,37384,299
rearing,37462,37384,37462,78
hunching,37503,37462,37503,41
grooming,37561,37503,37561,58
left_turning,37602,37561,37602,41
walking,37651,37602,37651,49
stepping,37652,37651,37652,1
sniffing,37691,37652,37691,39
stepping,37732,37691,37732,41
right_turning,37764,37732,37764,32
walking,37791,37764,37791,27
rising,37853,37791,37853,62
rearing,37953,37853,37953,100
sniffing,37954,37953,37954,1
walking,37969,37954,37969,15
sniffing,38083,37969,38083,114
grooming,38084,38083,38084,1
hunching,38085,38084,38085,1
sniffing,38154,38085,38154,69
walking,38157,38154,38157,3
stepping,38223,38157,38223,66
left_turning,38224,38223,38224,1
sniffing,38247,38224,38247,23
climbing,38299,38247,38299,52
rising,38397,38299,38397,98
grooming,38398,38397,38398,1
stepping,38399,38398,38399,1
rising,38413,38399,38413,14
sniffing,38414,38413,38414,1
right_turning,38487,38414,38487,73
grooming,38488,38487,38488,1
stepping,38527,38488,38527,39
walking,38539,38527,38539,12
running,38540,38539,38540,1
walking,38541,38540,38541,1
sniffing,38600,38541,38600,59
running,38620,38600,38620,20
climbing,38775,38620,38775,155
sniffing,38776,38775,38776,1
trotting,38822,38776,38822,46
sniffing,38823,38822,38823,1
rising,38824,38823,38824,1
running,38848,38824,38848,24
stepping,38889,38848,38889,41
climbing,38925,38889,38925,36
rearing,39043,38925,39043,118
grooming,39044,39043,39044,1
sniffing,39072,39044,39072,28
left_turning,39094,39072,39094,22
hunching,39113,39094,39113,19
rising,39131,39113,39131,18
grooming,39144,39131,39144,13
sniffing,39180,39144,39180,36
trotting,39201,39180,39201,21
grooming,39283,39201,39283,82
hunching,39346,39283,39346,63
rearing,39430,39346,39430,84
sniffing,39474,39430,39474,44
walking,39506,39474,39506,32
stepping,39534,39506,39534,28
walking,39576,39534,39576,42
stepping,39619,39576,39619,43
running,39631,39619,39631,12
stepping,39665,39631,39665,34
right_turning,39713,39665,39713,48
climbing,39771,39713,39771,58
sniffing,39772,39771,39772,1
walking,39831,39772,39831,59
rising,39921,39831,39921,90
climbing,39933,39921,39933,12
right_turning,39938,39933,39938,5
stepping,39990,39938,39990,52
grooming,40054,39990,40054,64
rearing,40059,40054,40059,5
grooming,40173,40059,40173,114
hunching,40191,40173,40191,18
rearing,40192,40191,40192,1
grooming,40193,40192,40193,1
hunching,40214,40193,40214,21
grooming,40215,40214,40215,1
hunching,40247,40215,40247,32
trotting,40278,40247,40278,31
stepping,40317,40278,40317,39
sniffing,40367,40317,40367,50
pausing,40539,40367,40539,172
sniffing,40636,40539,40636,97
grooming,40657,40636,40657,21
left_turning,40658,40657,40658,1
walking,40750,40658,40750,92
stepping,40775,40750,40775,25
rising,40776,40775,40776,1
grooming,40777,40776,40777,1
sniffing,40837,40777,40837,60
climbing,40838,40837,40838,1
rising,40864,40838,40864,26
stepping,40896,40864,40896,32
walking,40897,40896,40897,1
stepping,40935,40897,40935,38
walking,40938,40935,40938,3
sniffing,41020,40938,41020,82
rearing,41068,41020,41068,48
climbing,41179,41068,41179,111
rearing,41246,41179,41246,67
grooming,41398,41246,41398,152
rearing,41399,41398,41399,1
grooming,41829,41399,41829,430
left_turning,41843,41829,41843,14
grooming,41844,41843,41844,1
left_turning,41910,41844,41910,66
rising,41916,41910,41916,6
grooming,42303,41916,42303,387
climbing,42354,42303,42354,51
grooming,42563,42354,42563,209
right_turning,42587,42563,42587,24
stepping,42614,42587,42614,27
sniffing,42700,42614,42700,86
rising,42724,42700,42724,24
sniffing,42756,42724,42756,32
climbing,42757,42756,42757,1
walking,42822,42757,42822,65
sniffing,42823,42822,42823,1
trotting,42824,42823,42824,1
climbing,42866,42824,42866,42
trotting,42935,42866,42935,69
sniffing,42970,42935,42970,35
left_turning,43016,42970,43016,46
rising,43068,43016,43068,52
sniffing,43069,43068,43069,1
stepping,43115,43069,43115,46
sniffing,43116,43115,43116,1
stepping,43149,43116,43149,33
grooming,43193,43149,43193,44
hunching,43232,43193,43232,39
grooming,43398,43232,43398,166
sniffing,43406,43398,43406,8
climbing,43480,43406,43480,74
rearing,43538,43480,43538,58
rising,43619,43538,43619,81
grooming,43654,43619,43654,35
trotting,43659,43654,43659,5
sniffing,43722,43659,43722,63
walking,43765,43722,43765,43
sniffing,43857,43765,43857,92
walking,43882,43857,43882,25
rearing,43932,43882,43932,50
grooming,43981,43932,43981,49
rearing,43982,43981,43982,1
grooming,44140,43982,44140,158
rearing,44141,44140,44141,1
grooming,44194,44141,44194,53
left_turning,44253,44194,44253,59
rearing,44306,44253,44306,53
climbing,44312,44306,44312,6
rearing,44351,44312,44351,39
grooming,44464,44351,44464,113
sniffing,44465,44464,44465,1
rearing,44466,44465,44466,1
hunching,44496,44466,44496,30
rising,44521,44496,44521,25
climbing,44587,44521,44587,66
rearing,44662,44587,44662,75
hunching,44663,44662,44663,1
grooming,44827,44663,44827,164
trotting,44829,44827,44829,2
sniffing,44833,44829,44833,4
left_turning,44835,44833,44835,2
walking,44921,44835,44921,86
sniffing,45054,44921,45054,133
climbing,45063,45054,45063,9
sniffing,45107,45063,45107,44
left_turning,45108,45107,45108,1
sniffing,45151,45108,45151,43
rising,45208,45151,45208,57
sniffing,45320,45208,45320,112
rising,45383,45320,45383,63
hunching,45429,45383,45429,46
grooming,45693,45429,45693,264
rising,45775,45693,45775,82
grooming,45844,45775,45844,69
sniffing,45957,45844,45957,113
rising,45960,45957,45960,3
sniffing,46088,45960,46088,128
stepping,46118,46088,46118,30
sniffing,46128,46118,46128,10
stepping,46203,46128,46203,75
walking,46257,46203,46257,54
sniffing,46300,46257,46300,43
grooming,46469,46300,46469,169
hunching,46481,46469,46481,12
rearing,46566,46481,46566,85
grooming,46754,46566,46754,188
left_turning,46757,46754,46757,3
walking,46847,46757,46847,90
sniffing,47031,46847,47031,184
stepping,47060,47031,47060,29
sniffing,47146,47060,47146,86
left_turning,47186,47146,47186,40
grooming,47227,47186,47227,41
right_turning,47257,47227,47257,30
stepping,47298,47257,47298,41
climbing,47302,47298,47302,4
running,47315,47302,47315,13
walking,47344,47315,47344,29
stepping,47387,47344,47387,43
sniffing,47388,47387,47388,1
grooming,47401,47388,47401,13
rising,47441,47401,47441,40
left_turning,47488,47441,47488,47
rising,47526,47488,47526,38
sniffing,47650,47526,47650,124
trotting,47671,47650,47671,21
stepping,47726,47671,47726,55
left_turning,47727,47726,47727,1
sniffing,47872,47727,47872,145
left_turning,47873,47872,47873,1
walking,47906,47873,47906,33
stepping,47942,47906,47942,36
trotting,47975,47942,47975,33
stepping,48010,47975,48010,35
grooming,48476,48010,48476,466
walking,48566,48476,48566,90
sniffing,48578,48566,48578,12
right_turning,48580,48578,48580,2
sniffing,48607,48580,48607,27
grooming,48758,48607,48758,151
left_turning,48805,48758,48805,47
sniffing,48877,48805,48877,72
rising,48912,48877,48912,35
climbing,48939,48912,48939,27
walking,48986,48939,48986,47
sniffing,49009,48986,49009,23
left_turning,49010,49009,49010,1
sniffing,49106,49010,49106,96
walking,49152,49106,49152,46
rearing,49412,49152,49412,260
climbing,49486,49412,49486,74
running,49528,49486,49528,42
grooming,49529,49528,49529,1
rearing,49557,49529,49557,28
left_turning,49593,49557,49593,36
walking,49705,49593,49705,112
stepping,49736,49705,49736,31
hunching,49737,49736,49737,1
rearing,49812,49737,49812,75
grooming,50127,49812,50127,315
hunching,50164,50127,50164,37
rearing,50195,50164,50195,31
hunching,50252,50195,50252,57
grooming,50253,50252,50253,1
rearing,50276,50253,50276,23
sniffing,50328,50276,50328,52
rising,50377,50328,50377,49
sniffing,50442,50377,50442,65
left_turning,50523,50442,50523,81
running,50535,50523,50535,12
stepping,50551,50535,50551,16
sniffing,50565,50551,50565,14
walking,50608,50565,50608,43
trotting,50630,50608,50630,22
sniffing,50760,50630,50760,130
grooming,50881,50760,50881,121
sniffing,50901,50881,50901,20
left_turning,50926,50901,50926,25
sniffing,51037,50926,51037,111
stepping,51080,51037,51080,43
sniffing,51147,51080,51147,67
grooming,51328,51147,51328,181
rearing,51329,51328,51329,1
stepping,51372,51329,51372,43
sniffing,51390,51372,51390,18
rising,51425,51390,51425,35
left_turning,51456,51425,51456,31
rearing,51580,51456,51580,124
climbing,51589,51580,51589,9
rearing,51700,51589,51700,111
grooming,51760,51700,51760,60
hunching,51770,51760,51770,10
grooming,51872,51770,51872,102
rising,51873,51872,51873,1
left_turning,51889,51873,51889,16
walking,51947,51889,51947,58
climbing,52042,51947,52042,95
left_turning,52102,52042,52102,60
stepping,52109,52102,52109,7
sniffing,52229,52109,52229,120
walking,52306,52229,52306,77
running,52321,52306,52321,15
stepping,52370,52321,52370,49
sniffing,52497,52370,52497,127
walking,52542,52497,52542,45
sniffing,52674,52542,52674,132
grooming,52675,52674,52675,1
sniffing,52676,52675,52676,1
left_turning,52748,52676,52748,72
trotting,52758,52748,52758,10
walking,52784,52758,52784,26
stepping,52815,52784,52815,31
climbing,52913,52815,52913,98
walking,52998,52913,52998,85
right_turning,53023,52998,53023,25
sniffing,53125,53023,53125,102
walking,53208,53125,53208,83
sniffing,53260,53208,53260,52
grooming,53394,53260,53394,134
rearing,53468,53394,53468,74
sniffing,53497,53468,53497,29
stepping,53514,53497,53514,17
sniffing,53515,53514,53515,1
left_turning,53550,53515,53550,35
stepping,53620,53550,53620,70
walking,53661,53620,53661,41
sniffing,53662,53661,53662,1
grooming,53679,53662,53679,17
trotting,53714,53679,53714,35
walking,53763,53714,53763,49
sniffing,53850,53763,53850,87
walking,53899,53850,53899,49
sniffing,53977,53899,53977,78
grooming,54232,53977,54232,255
hunching,54252,54232,54252,20
sniffing,54297,54252,54297,45
grooming,54298,54297,54298,1
rearing,54359,54298,54359,61
running,54381,54359,54381,22
rearing,54409,54381,54409,28
grooming,54561,54409,54561,152
rising,54613,54561,54613,52
sniffing,54772,54613,54772,159
grooming,55001,54772,55001,229
scratching,55002,55001,55002,1
grooming,55086,55002,55086,84
rising,55118,55086,55118,32
left_turning,55151,55118,55151,33
rearing,55152,55151,55152,1
grooming,55153,55152,55153,1
right_turning,55175,55153,55175,22
stepping,55229,55175,55229,54
sniffing,55298,55229,55298,69
grooming,55495,55298,55495,197
stepping,55530,55495,55530,35
right_turning,55555,55530,55555,25
rising,55624,55555,55624,69
climbing,55688,55624,55688,64
sniffing,55689,55688,55689,1
trotting,55730,55689,55730,41
grooming,55799,55730,55799,69
rearing,55874,55799,55874,75
hunching,55926,55874,55926,52
rising,55939,55926,55939,13
grooming,56341,55939,56341,402
hunching,56364,56341,56364,23
grooming,56535,56364,56535,171
rearing,56567,56535,56567,32
sniffing,56677,56567,56677,110
walking,56744,56677,56744,67
running,56767,56744,56767,23
stepping,56768,56767,56768,1
sniffing,56789,56768,56789,21
running,56833,56789,56833,44
rearing,56905,56833,56905,72
climbing,56906,56905,56906,1
left_turning,56907,56906,56907,1
walking,57001,56907,57001,94
trotting,57049,57001,57049,48
stepping,57050,57049,57050,1
rearing,57292,57050,57292,242
grooming,57421,57292,57421,129
hunching,57444,57421,57444,23
right_turning,57490,57444,57490,46
sniffing,57659,57490,57659,169
left_turning,57662,57659,57662,3
sniffing,57775,57662,57775,113
stepping,57826,57775,57826,51
trotting,57856,57826,57856,30
stepping,57871,57856,57871,15
climbing,57901,57871,57901,30
rising,57902,57901,57902,1
climbing,58023,57902,58023,121
rising,58096,58023,58096,73
grooming,58167,58096,58167,71
rearing,58187,58167,58187,20
hunching,58188,58187,58188,1
left_turning,58206,58188,58206,18
sniffing,58213,58206,58213,7
rearing,58292,58213,58292,79
walking,58323,58292,58323,31
sniffing,58398,58323,58398,75
stepping,58400,58398,58400,2
sniffing,58401,58400,58401,1
grooming,58402,58401,58402,1
walking,58403,58402,58403,1
sniffing,58448,58403,58448,45
left_turning,58485,58448,58485,37
climbing,58542,58485,58542,57
rising,58559,58542,58559,17
sniffing,58592,58559,58592,33
walking,58593,58592,58593,1
stepping,58634,58593,58634,41
sniffing,58699,58634,58699,65
left_turning,58724,58699,58724,25
rearing,58776,58724,58776,52
right_turning,58858,58776,58858,82
sniffing,58891,58858,58891,33
right_turning,58950,58891,58950,59
walking,58960,58950,58960,10
sniffing,59005,58960,59005,45
right_turning,59006,59005,59006,1
walking,59015,59006,59015,9
climbing,59060,59015,59060,45
rearing,59168,59060,59168,108
walking,59220,59168,59220,52
stepping,59267,59220,59267,47
walking,59293,59267,59293,26
sniffing,59405,59293,59405,112
left_turning,59433,59405,59433,28
sniffing,59434,59433,59434,1
left_turning,59487,59434,59487,53
walking,59530,59487,59530,43
sniffing,59531,59530,59531,1
grooming,59625,59531,59625,94
sniffing,59626,59625,59626,1
walking,59679,59626,59679,53
trotting,59708,59679,59708,29
running,59734,59708,59734,26
sniffing,59735,59734,59735,1
walking,59778,59735,59778,43
sniffing,59821,59778,59821,43
right_turning,59870,59821,59870,49
walking,59900,59870,59900,30
sniffing,60023,59900,60023,123
grooming,60024,60023,60024,1
sniffing,60195,60024,60195,171
grooming,60411,60195,60411,216
rearing,60539,60411,60539,128
walking,60540,60539,60540,1
stepping,60571,60540,60571,31
rising,60648,60571,60648,77
hunching,60679,60648,60679,31
sniffing,60748,60679,60748,69
walking,60892,60748,60892,144
sniffing,60925,60892,60925,33
walking,60947,60925,60947,22
sniffing,61267,60947,61267,320
running,61297,61267,61297,30
sniffing,61363,61297,61363,66
stepping,61398,61363,61398,35
rising,61399,61398,61399,1
climbing,61453,61399,61453,54
walking,61456,61453,61456,3
right_turning,61474,61456,61474,18
walking,61483,61474,61483,9
sniffing,61502,61483,61502,19
climbing,61575,61502,61575,73
stepping,61610,61575,61610,35
sniffing,61715,61610,61715,105
grooming,61791,61715,61791,76
rearing,61830,61791,61830,39
walking,61857,61830,61857,27
sniffing,61960,61857,61960,103
scratching,61961,61960,61961,1
grooming,62135,61961,62135,174
left_turning,62136,62135,62136,1
rearing,62225,62136,62225,89
climbing,62226,62225,62226,1
left_turning,62257,62226,62257,31
sniffing,62378,62257,62378,121
stepping,62420,62378,62420,42
sniffing,62421,62420,62421,1
running,62431,62421,62431,10
walking,62494,62431,62494,63
sniffing,62513,62494,62513,19
hunching,62582,62513,62582,69
grooming,63257,62582,63257,675
rearing,63344,63257,63344,87
grooming,63345,63344,63345,1
left_turning,63380,63345,63380,35
trotting,63391,63380,63391,11
walking,63399,63391,63399,8
stepping,63417,63399,63417,18
sniffing,63586,63417,63586,169
rising,63625,63586,63625,39
climbing,63651,63625,63651,26
walking,63656,63651,63656,5
sniffing,63657,63656,63657,1
right_turning,63705,63657,63705,48
stepping,63765,63705,63765,60
sniffing,63803,63765,63803,38
trotting,63883,63803,63883,80
walking,63913,63883,63913,30
stepping,64020,63913,64020,107
sniffing,64106,64020,64106,86
walking,64155,64106,64155,49
sniffing,64184,64155,64184,29
stepping,64219,64184,64219,35
rearing,64220,64219,64220,1
climbing,64281,64220,64281,61
rising,64303,64281,64303,22
sniffing,64304,64303,64304,1
rearing,64383,64304,64383,79
sniffing,64384,64383,64384,1
grooming,64385,64384,64385,1
hunching,64444,64385,64444,59
rearing,64445,64444,64445,1
climbing,64446,64445,64446,1
rising,64447,64446,64447,1
rearing,64478,64447,64478,31
walking,64495,64478,64495,17
sniffing,64570,64495,64570,75
grooming,65011,64570,65011,441
scratching,65012,65011,65012,1
sniffing,65053,65012,65053,41
rising,65089,65053,65089,36
climbing,65167,65089,65167,78
rising,65213,65167,65213,46
walking,65270,65213,65270,57
stepping,65326,65270,65326,56
sniffing,65340,65326,65340,14
running,65363,65340,65363,23
stepping,65364,65363,65364,1
sniffing,65463,65364,65463,99
right_turning,65521,65463,65521,58
sniffing,65721,65521,65721,200
rising,65722,65721,65722,1
sniffing,65791,65722,65791,69
trotting,65819,65791,65819,28
sniffing,65971,65819,65971,152
pausing,66367,65971,66367,396
sniffing,66368,66367,66368,1
trotting,66427,66368,66427,59
walking,66464,66427,66464,37
sniffing,66476,66464,66476,12
stepping,66539,66476,66539,63
sniffing,66629,66539,66629,90
grooming,66766,66629,66766,137
left_turning,66800,66766,66800,34
walking,66803,66800,66803,3
sniffing,66814,66803,66814,11
right_turning,66847,66814,66847,33
sniffing,66897,66847,66897,50
grooming,66898,66897,66898,1
rearing,66910,66898,66910,12
grooming,66941,66910,66941,31
hunching,67001,66941,67001,60
grooming,67213,67001,67213,212
climbing,67246,67213,67246,33
grooming,68268,67246,68268,1022
sniffing,68295,68268,68295,27
grooming,68682,68295,68682,387
hunching,68683,68682,68683,1
grooming,68864,68683,68864,181
sniffing,68959,68864,68959,95
stepping,69029,68959,69029,70
walking,69043,69029,69043,14
sniffing,69055,69043,69055,12
right_turning,69091,69055,69091,36
walking,69160,69091,69160,69
stepping,69189,69160,69189,29
walking,69190,69189,69190,1
right_turning,69235,69190,69235,45
climbing,69422,69235,69422,187
rearing,69554,69422,69554,132
left_turning,69572,69554,69572,18
climbing,69657,69572,69657,85
running,69662,69657,69662,5
walking,69663,69662,69663,1
sniffing,69664,69663,69664,1
right_turning,69712,69664,69712,48
climbing,69729,69712,69729,17
walking,69750,69729,69750,21
right_turning,69761,69750,69761,11
running,69785,69761,69785,24
trotting,69847,69785,69847,62
walking,69921,69847,69921,74
rising,69922,69921,69922,1
climbing,69963,69922,69963,41
stepping,69983,69963,69983,20
walking,69984,69983,69984,1
sniffing,69985,69984,69985,1
stepping,70047,69985,70047,62
right_turning,70058,70047,70058,11
grooming,70059,70058,70059,1
sniffing,70141,70059,70141,82
walking,70151,70141,70151,10
stepping,70198,70151,70198,47
rising,70259,70198,70259,61
rearing,70355,70259,70355,96
hunching,70439,70355,70439,84
rearing,70565,70439,70565,126
stepping,70605,70565,70605,40
sniffing,70689,70605,70689,84
rearing,70760,70689,70760,71
sniffing,70761,70760,70761,1
walking,70782,70761,70782,21
sniffing,70823,70782,70823,41
rising,70824,70823,70824,1
walking,70827,70824,70827,3
trotting,70849,70827,70849,22
sniffing,70979,70849,70979,130
grooming,70985,70979,70985,6
hunching,70998,70985,70998,13
rearing,70999,70998,70999,1
sniffing,71189,70999,71189,190
rising,71246,71189,71246,57
sniffing,71300,71246,71300,54
trotting,71315,71300,71315,15
sniffing,71483,71315,71483,168
grooming,71484,71483,71484,1
walking,71545,71484,71545,61
sniffing,71600,71545,71600,55
stepping,71666,71600,71666,66
rearing,71889,71666,71889,223
grooming,71890,71889,71890,1
sniffing,71961,71890,71961,71
walking,71972,71961,71972,11
right_turning,71989,71972,71989,17
sniffing,71990,71989,71990,1
walking,72005,71990,72005,15
stepping,72017,72005,72017,12
grooming,72268,72017,72268,251
sniffing,72269,72268,72269,1
right_turning,72330,72269,72330,61
stepping,72351,72330,72351,21
walking,72408,72351,72408,57
stepping,72451,72408,72451,43
sniffing,72579,72451,72579,128
grooming,72848,72579,72848,269
walking,72908,72848,72908,60
running,72909,72908,72909,1
trotting,72910,72909,72910,1
running,72949,72910,72949,39
sniffing,72950,72949,72950,1
right_turning,72978,72950,72978,28
grooming,73291,72978,73291,313
rearing,73323,73291,73323,32
stepping,73389,73323,73389,66
sniffing,73404,73389,73404,15
rising,73421,73404,73421,17
sniffing,73522,73421,73522,101
stepping,73586,73522,73586,64
sniffing,73597,73586,73597,11
walking,73656,73597,73656,59
hunching,73746,73656,73746,90
grooming,74053,73746,74053,307
hunching,74054,74053,74054,1
rearing,74101,74054,74101,47
sniffing,74245,74101,74245,144
grooming,74246,74245,74246,1
running,74286,74246,74286,40
trotting,74299,74286,74299,13
sniffing,74400,74299,74400,101
running,74421,74400,74421,21
trotting,74488,74421,74488,67
stepping,74588,74488,74588,100
walking,74611,74588,74611,23
sniffing,74772,74611,74772,161
rising,74773,74772,74773,1
rearing,74774,74773,74774,1
left_turning,74789,74774,74789,15
walking,74812,74789,74812,23
stepping,74873,74812,74873,61
sniffing,74899,74873,74899,26
rising,74908,74899,74908,9
left_turning,74918,74908,74918,10
sniffing,74919,74918,74919,1
grooming,74920,74919,74920,1
walking,74921,74920,74921,1
sniffing,75021,74921,75021,100
stepping,75049,75021,75049,28
sniffing,75057,75049,75057,8
rising,75075,75057,75075,18
left_turning,75136,75075,75136,61
sniffing,75163,75136,75163,27
stepping,75193,75163,75193,30
rearing,75268,75193,75268,75
grooming,75269,75268,75269,1
hunching,75270,75269,75270,1
grooming,75412,75270,75412,142
rearing,75425,75412,75425,13
grooming,76133,75425,76133,708
walking,76231,76133,76231,98
sniffing,76234,76231,76234,3
walking,76296,76234,76296,62
stepping,76313,76296,76313,17
rearing,76314,76313,76314,1
walking,76324,76314,76324,10
sniffing,76346,76324,76346,22
left_turning,76402,76346,76402,56
walking,76441,76402,76441,39
stepping,76493,76441,76493,52
sniffing,76637,76493,76637,144
stepping,76696,76637,76696,59
sniffing,76803,76696,76803,107
stepping,76844,76803,76844,41
walking,76845,76844,76845,1
stepping,76861,76845,76861,16
rising,76912,76861,76912,51
grooming,77055,76912,77055,143
climbing,77121,77055,77121,66
sniffing,77164,77121,77164,43
running,77212,77164,77212,48
trotting,77237,77212,77237,25
stepping,77288,77237,77288,51
rearing,77354,77288,77354,66
grooming,77463,77354,77463,109
walking,77464,77463,77464,1
sniffing,77478,77464,77478,14
rising,77553,77478,77553,75
rearing,77611,77553,77611,58
left_turning,77660,77611,77660,49
stepping,77705,77660,77705,45
climbing,77760,77705,77760,55
rearing,77768,77760,77768,8
right_turning,77784,77768,77784,16
sniffing,77910,77784,77910,126
climbing,78169,77910,78169,259
trotting,78197,78169,78197,28
sniffing,78231,78197,78231,34
rearing,78251,78231,78251,20
rising,78274,78251,78274,23
climbing,78447,78274,78447,173
trotting,78461,78447,78461,14
right_turning,78546,78461,78546,85
walking,78569,78546,78569,23
sniffing,78653,78569,78653,84
walking,78684,78653,78684,31
sniffing,78750,78684,78750,66
rising,78802,78750,78802,52
rearing,78803,78802,78803,1
rising,78804,78803,78804,1
grooming,78972,78804,78972,168
left_turning,79027,78972,79027,55
rising,79041,79027,79041,14
rearing,79115,79041,79115,74
climbing,79186,79115,79186,71
grooming,79565,79186,79565,379
sniffing,79581,79565,79581,16
stepping,79588,79581,79588,7
sniffing,79703,79588,79703,115
rising,79716,79703,79716,13
rearing,79731,79716,79731,15
rising,79796,79731,79796,65
climbing,79843,79796,79843,47
running,79850,79843,79850,7
sniffing,79902,79850,79902,52
left_turning,79932,79902,79932,30
stepping,80006,79932,80006,74
sniffing,80092,80006,80092,86
grooming,80366,80092,80366,274
hunching,80367,80366,80367,1
grooming,80518,80367,80518,151
left_turning,80580,80518,80580,62
sniffing,80683,80580,80683,103
stepping,80741,80683,80741,58
walking,80796,80741,80796,55
sniffing,80835,80796,80835,39
walking,80878,80835,80878,43
sniffing,80903,80878,80903,25
walking,80922,80903,80922,19
rearing,80983,80922,80983,61
climbing,81003,80983,81003,20
sniffing,81032,81003,81032,29
rearing,81047,81032,81047,15
left_turning,81088,81047,81088,41
sniffing,81131,81088,81131,43
grooming,81132,81131,81132,1
sniffing,81300,81132,81300,168
left_turning,81327,81300,81327,27
sniffing,81448,81327,81448,121
left_turning,81449,81448,81449,1
grooming,81794,81449,81794,345
rearing,81869,81794,81869,75
grooming,81910,81869,81910,41
rearing,81911,81910,81911,1
sniffing,82007,81911,82007,96
hunching,82191,82007,82191,184
grooming,82357,82191,82357,166
sniffing,82361,82357,82361,4
left_turning,82362,82361,82362,1
walking,82372,82362,82372,10
sniffing,82394,82372,82394,22
rearing,82395,82394,82395,1
hunching,82396,82395,82396,1
grooming,82485,82396,82485,89
scratching,82486,82485,82486,1
sniffing,82487,82486,82487,1
stepping,82518,82487,82518,31
grooming,82540,82518,82540,22
climbing,82562,82540,82562,22
rearing,82563,82562,82563,1
hunching,82594,82563,82594,31
grooming,82957,82594,82957,363
stepping,82991,82957,82991,34
sniffing,83029,82991,83029,38
stepping,83072,83029,83072,43
walking,83096,83072,83096,24
sniffing,83097,83096,83097,1
trotting,83151,83097,83151,54
sniffing,83340,83151,83340,189
hunching,83525,83340,83525,185
rearing,83551,83525,83551,26
walking,83556,83551,83556,5
sniffing,83623,83556,83623,67
grooming,83806,83623,83806,183
walking,83807,83806,83807,1
rising,83857,83807,83857,50
sniffing,83934,83857,83934,77
right_turning,83935,83934,83935,1
running,83965,83935,83965,30
walking,83971,83965,83971,6
rising,84093,83971,84093,122
sniffing,84219,84093,84219,126
left_turning,84261,84219,84261,42
walking,84262,84261,84262,1
rearing,84341,84262,84341,79
rising,84373,84341,84373,32
grooming,84742,84373,84742,369
sniffing,84743,84742,84743,1
rising,84757,84743,84757,14
trotting,84778,84757,84778,21
walking,84836,84778,84836,58
right_turning,84837,84836,84837,1
trotting,84845,84837,84845,8
walking,84932,84845,84932,87
stepping,84977,84932,84977,45
sniffing,85020,84977,85020,43
stepping,85065,85020,85065,45
walking,85100,85065,85100,35
running,85101,85100,85101,1
trotting,85139,85101,85139,38
sniffing,85214,85139,85214,75
rising,85246,85214,85246,32
grooming,85247,85246,85247,1
hunching,85265,85247,85265,18
grooming,85710,85265,85710,445
rising,85711,85710,85711,1
grooming,85847,85711,85847,136
sniffing,85885,85847,85885,38
grooming,85886,85885,85886,1
sniffing,85887,85886,85887,1
stepping,85971,85887,85971,84
sniffing,86021,85971,86021,50
grooming,86518,86021,86518,497
running,86553,86518,86553,35
trotting,86599,86553,86599,46
walking,86664,86599,86664,65
stepping,86696,86664,86696,32
rising,86697,86696,86697,1
grooming,86698,86697,86698,1
hunching,86699,86698,86699,1
rearing,86796,86699,86796,97
rising,86797,86796,86797,1
sniffing,86814,86797,86814,17
walking,86880,86814,86880,66
sniffing,86939,86880,86939,59
stepping,86994,86939,86994,55
sniffing,86995,86994,86995,1
stepping,87036,86995,87036,41
walking,87063,87036,87063,27
sniffing,87064,87063,87064,1
walking,87082,87064,87082,18
sniffing,87083,87082,87083,1
left_turning,87123,87083,87123,40
sniffing,87231,87123,87231,108
right_turning,87250,87231,87250,19
walking,87266,87250,87266,16
stepping,87267,87266,87267,1
sniffing,87312,87267,87312,45
rising,87376,87312,87376,64
rearing,87385,87376,87385,9
grooming,87793,87385,87793,408
right_turning,87810,87793,87810,17
walking,87930,87810,87930,120
stepping,87931,87930,87931,1
climbing,88034,87931,88034,103
left_turning,88058,88034,88058,24
trotting,88074,88058,88074,16
sniffing,88078,88074,88078,4
grooming,88220,88078,88220,142
hunching,88221,88220,88221,1
rearing,88255,88221,88255,34
climbing,88276,88255,88276,21
running,88300,88276,88300,24
trotting,88330,88300,88330,30
sniffing,88379,88330,88379,49
walking,88422,88379,88422,43
rearing,88423,88422,88423,1
climbing,88511,88423,88511,88
right_turning,88512,88511,88512,1
walking,88667,88512,88667,155
sniffing,88706,88667,88706,39
grooming,88964,88706,88964,258
stepping,88995,88964,88995,31
sniffing,88996,88995,88996,1
climbing,89020,88996,89020,24
rearing,89021,89020,89021,1
climbing,89067,89021,89067,46
rearing,89068,89067,89068,1
hunching,89136,89068,89136,68
left_turning,89159,89136,89159,23
stepping,89192,89159,89192,33
climbing,89243,89192,89243,51
trotting,89317,89243,89317,74
walking,89380,89317,89380,63
stepping,89407,89380,89407,27
sniffing,89408,89407,89408,1
walking,89412,89408,89412,4
stepping,89447,89412,89447,35
walking,89495,89447,89495,48
running,89552,89495,89552,57
walking,89553,89552,89553,1
stepping,89587,89553,89587,34
trotting,89640,89587,89640,53
sniffing,89761,89640,89761,121
left_turning,89823,89761,89823,62
trotting,89880,89823,89880,57
walking,89881,89880,89881,1
sniffing,89882,89881,89882,1
left_turning,89935,89882,89935,53
scratching,89936,89935,89936,1
grooming,89937,89936,89937,1
rearing,89938,89937,89938,1
grooming,90178,89938,90178,240
rising,90179,90178,90179,1
rearing,90250,90179,90250,71
grooming,90251,90250,90251,1
rearing,90281,90251,90281,30
sniffing,90354,90281,90354,73
walking,90378,90354,90378,24
climbing,90379,90378,90379,1
grooming,90451,90379,90451,72
rearing,90534,90451,90534,83
grooming,90570,90534,90570,36
left_turning,90612,90570,90612,42
walking,90668,90612,90668,56
left_turning,90723,90668,90723,55
grooming,90724,90723,90724,1
sniffing,90745,90724,90745,21
stepping,90797,90745,90797,52
sniffing,90905,90797,90905,108
grooming,91307,90905,91307,402
climbing,91331,91307,91331,24
rearing,91465,91331,91465,134
trotting,91499,91465,91499,34
rising,91516,91499,91516,17
sniffing,91632,91516,91632,116
trotting,91695,91632,91695,63
walking,91744,91695,91744,49
stepping,91826,91744,91826,82
walking,91882,91826,91882,56
rising,91884,91882,91884,2
stepping,91922,91884,91922,38
grooming,91923,91922,91923,1
right_turning,91944,91923,91944,21
walking,91970,91944,91970,26
stepping,91982,91970,91982,12
grooming,93208,91982,93208,1226
rising,93244,93208,93244,36
grooming,93370,93244,93370,126
hunching,93371,93370,93371,1
rearing,93478,93371,93478,107
hunching,93597,93478,93597,119
grooming,93598,93597,93598,1
left_turning,93675,93598,93675,77
walking,93728,93675,93728,53
trotting,93770,93728,93770,42
rearing,93865,93770,93865,95
walking,93905,93865,93905,40
sniffing,93999,93905,93999,94
stepping,94034,93999,94034,35
sniffing,94176,94034,94176,142
grooming,94214,94176,94214,38
rising,94274,94214,94274,60
stepping,94293,94274,94293,19
sniffing,94416,94293,94416,123
left_turning,94418,94416,94418,2
sniffing,94462,94418,94462,44
stepping,94471,94462,94471,9
sniffing,94612,94471,94612,141
rising,94653,94612,94653,41
sniffing,94825,94653,94825,172
stepping,94895,94825,94895,70
sniffing,94896,94895,94896,1
rising,94916,94896,94916,20
sniffing,95019,94916,95019,103
right_turning,95062,95019,95062,43
rising,95069,95062,95069,7
rearing,95155,95069,95155,86
walking,95179,95155,95179,24
sniffing,95232,95179,95232,53
grooming,95502,95232,95502,270
rearing,95550,95502,95550,48
climbing,95559,95550,95559,9
walking,95585,95559,95585,26
sniffing,95592,95585,95592,7
stepping,95641,95592,95641,49
rearing,95670,95641,95670,29
walking,95726,95670,95726,56
sniffing,95727,95726,95727,1
stepping,95764,95727,95764,37
walking,95792,95764,95792,28
trotting,95815,95792,95815,23
stepping,95865,95815,95865,50
sniffing,95912,95865,95912,47
walking,95961,95912,95961,49
rising,95986,95961,95986,25
hunching,96315,95986,96315,329
rearing,96325,96315,96325,10
climbing,96367,96325,96367,42
rearing,96386,96367,96386,19
grooming,96387,96386,96387,1
sniffing,96388,96387,96388,1
stepping,96401,96388,96401,13
rearing,96411,96401,96411,10
rising,96412,96411,96412,1
rearing,96413,96412,96413,1
left_turning,96463,96413,96463,50
walking,96471,96463,96471,8
stepping,96503,96471,96503,32
walking,96574,96503,96574,71
sniffing,96608,96574,96608,34
grooming,96683,96608,96683,75
climbing,96684,96683,96684,1
stepping,96745,96684,96745,61
trotting,96748,96745,96748,3
sniffing,96820,96748,96820,72
grooming,96922,96820,96922,102
stepping,96947,96922,96947,25
walking,96978,96947,96978,31
right_turning,97053,96978,97053,75
rearing,97156,97053,97156,103
grooming,97247,97156,97247,91
stepping,97285,97247,97285,38
rising,97329,97285,97329,44
trotting,97331,97329,97331,2
sniffing,97335,97331,97335,4
rising,97363,97335,97363,28
sniffing,97488,97363,97488,125
grooming,97642,97488,97642,154
rearing,97654,97642,97654,12
rising,97665,97654,97665,11
trotting,97696,97665,97696,31
walking,97819,97696,97819,123
sniffing,97820,97819,97820,1
left_turning,97875,97820,97875,55
stepping,97893,97875,97893,18
rearing,98038,97893,98038,145
hunching,98177,98038,98177,139
grooming,98439,98177,98439,262
sniffing,98440,98439,98440,1
stepping,98458,98440,98458,18
sniffing,98466,98458,98466,8
climbing,98585,98466,98585,119
stepping,98638,98585,98638,53
sniffing,98824,98638,98824,186
walking,98858,98824,98858,34
stepping,98878,98858,98878,20
running,98915,98878,98915,37
walking,98922,98915,98922,7
sniffing,98923,98922,98923,1
left_turning,98942,98923,98942,19
sniffing,99074,98942,99074,132
rearing,99210,99074,99210,136
grooming,99211,99210,99211,1
sniffing,99212,99211,99212,1
rising,99214,99212,99214,2
rearing,99215,99214,99215,1
rising,99442,99215,99442,227
sniffing,99570,99442,99570,128
walking,99583,99570,99583,13
sniffing,99677,99583,99677,94
stepping,99699,99677,99699,22
sniffing,99777,99699,99777,78
stepping,99835,99777,99835,58
grooming,99836,99835,99836,1
rearing,99837,99836,99837,1
grooming,99888,99837,99888,51
rearing,100042,99888,100042,154
rising,100048,100042,100048,6
grooming,100122,100048,100122,74
rearing,100123,100122,100123,1
hunching,100124,100123,100124,1
grooming,100125,100124,100125,1
hunching,100190,100125,100190,65
rearing,100212,100190,100212,22
grooming,100252,100212,100252,40
sniffing,100421,100252,100421,169
rising,100452,100421,100452,31
climbing,100480,100452,100480,28
stepping,100514,100480,100514,34
sniffing,100515,100514,100515,1
left_turning,100615,100515,100615,100
hunching,100660,100615,100660,45
rearing,100666,100660,100666,6
climbing,100695,100666,100695,29
walking,100728,100695,100728,33
sniffing,100769,100728,100769,41
rising,100770,100769,100770,1
rearing,100874,100770,100874,104
walking,100911,100874,100911,37
stepping,100950,100911,100950,39
trotting,101007,100950,101007,57
sniffing,101070,101007,101070,63
stepping,101110,101070,101110,40
walking,101142,101110,101142,32
sniffing,101245,101142,101245,103
walking,101281,101245,101281,36
sniffing,101313,101281,101313,32
rising,101325,101313,101325,12
climbing,101399,101325,101399,74
stepping,101400,101399,101400,1
sniffing,101539,101400,101539,139
climbing,101619,101539,101619,80
rearing,101689,101619,101689,70
sniffing,101717,101689,101717,28
trotting,101718,101717,101718,1
sniffing,101831,101718,101831,113
walking,101910,101831,101910,79
stepping,101915,101910,101915,5
climbing,101954,101915,101954,39
running,101985,101954,101985,31
sniffing,102003,101985,102003,18
stepping,102014,102003,102014,11
sniffing,102120,102014,102120,106
rising,102172,102120,102172,52
left_turning,102176,102172,102176,4
sniffing,102302,102176,102302,126
walking,102358,102302,102358,56
rising,102381,102358,102381,23
rearing,102508,102381,102508,127
grooming,102727,102508,102727,219
hunching,102788,102727,102788,61
sniffing,102942,102788,102942,154
walking,102976,102942,102976,34
sniffing,103060,102976,103060,84
scratching,103061,103060,103061,1
grooming,103279,103061,103279,218
rearing,103299,103279,103299,20
hunching,103300,103299,103300,1
left_turning,103347,103300,103347,47
trotting,103349,103347,103349,2
sniffing,103413,103349,103413,64
grooming,103414,103413,103414,1
rearing,103475,103414,103475,61
hunching,103476,103475,103476,1
grooming,104660,103476,104660,1184
rearing,104661,104660,104661,1
grooming,104662,104661,104662,1
scratching,104663,104662,104663,1
grooming,104848,104663,104848,185
left_turning,104892,104848,104892,44
grooming,104893,104892,104893,1
climbing,105143,104893,105143,250
rearing,105302,105143,105302,159
stepping,105340,105302,105340,38
sniffing,105395,105340,105395,55
stepping,105402,105395,105402,7
sniffing,105404,105402,105404,2
stepping,105495,105404,105495,91
rising,105537,105495,105537,42
rearing,105568,105537,105568,31
grooming,105569,105568,105569,1
rearing,105671,105569,105671,102
hunching,105698,105671,105698,27
left_turning,105725,105698,105725,27
trotting,105772,105725,105772,47
stepping,105841,105772,105841,69
left_turning,105893,105841,105893,52
rising,105992,105893,105992,99
grooming,106516,105992,106516,524
rearing,106517,106516,106517,1
sniffing,106608,106517,106608,91
walking,106623,106608,106623,15
sniffing,106667,106623,106667,44
walking,106668,106667,106668,1
rearing,106688,106668,106688,20
sniffing,106689,106688,106689,1
grooming,106970,106689,106970,281
rearing,106971,106970,106971,1
grooming,107343,106971,107343,372
sniffing,107526,107343,107526,183
grooming,107662,107526,107662,136
climbing,107806,107662,107806,144
walking,107825,107806,107825,19
rising,107853,107825,107853,28
grooming,107974,107853,107974,121
hunching,108000,107974,108000,26
