revised_movement_label,segBoundary,segBoundary_start,segBoundary_end,length
sniffing,79,0,79,79
rising,110,79,110,31
walking,155,110,155,45
trotting,202,155,202,47
stepping,264,202,264,62
rising,303,264,303,39
walking,312,303,312,9
trotting,326,312,326,14
sniffing,454,326,454,128
walking,458,454,458,4
rising,459,458,459,1
stepping,484,459,484,25
climbing,566,484,566,82
sniffing,723,566,723,157
walking,740,723,740,17
sniffing,792,740,792,52
grooming,905,792,905,113
trotting,971,905,971,66
running,980,971,980,9
trotting,992,980,992,12
walking,1056,992,1056,64
sniffing,1195,1056,1195,139
rising,1258,1195,1258,63
grooming,1311,1258,1311,53
walking,1411,1311,1411,100
left_turning,1474,1411,1474,63
stepping,1517,1474,1517,43
walking,1537,1517,1537,20
right_turning,1583,1537,1583,46
walking,1691,1583,1691,108
sniffing,1742,1691,1742,51
rising,1789,1742,1789,47
left_turning,1837,1789,1837,48
grooming,1885,1837,1885,48
left_turning,1968,1885,1968,83
walking,2035,1968,2035,67
sniffing,2245,2035,2245,210
rising,2329,2245,2329,84
stepping,2436,2329,2436,107
walking,2460,2436,2460,24
sniffing,2488,2460,2488,28
walking,2542,2488,2542,54
sniffing,2705,2542,2705,163
rising,2721,2705,2721,16
grooming,2861,2721,2861,140
walking,2885,2861,2885,24
running,2924,2885,2924,39
sniffing,2929,2924,2929,5
running,2937,2929,2937,8
walking,2949,2937,2949,12
sniffing,3010,2949,3010,61
stepping,3060,3010,3060,50
sniffing,3152,3060,3152,92
rising,3153,3152,3153,1
rearing,3207,3153,3207,54
grooming,3223,3207,3223,16
hunching,3282,3223,3282,59
grooming,3283,3282,3283,1
rising,3296,3283,3296,13
walking,3342,3296,3342,46
rearing,3380,3342,3380,38
walking,3470,3380,3470,90
stepping,3501,3470,3501,31
walking,3502,3501,3502,1
rising,3530,3502,3530,28
climbing,3592,3530,3592,62
walking,3631,3592,3631,39
stepping,3699,3631,3699,68
rising,3742,3699,3742,43
stepping,3773,3742,3773,31
rising,3789,3773,3789,16
grooming,3790,3789,3790,1
running,3824,3790,3824,34
rising,3905,3824,3905,81
stepping,3927,3905,3927,22
sniffing,3972,3927,3972,45
stepping,4045,3972,4045,73
rising,4046,4045,4046,1
hunching,4111,4046,4111,65
grooming,4186,4111,4186,75
rearing,4243,4186,4243,57
sniffing,4348,4243,4348,105
walking,4404,4348,4404,56
rising,4468,4404,4468,64
walking,4485,4468,4485,17
stepping,4554,4485,4554,69
trotting,4564,4554,4564,10
walking,4598,4564,4598,34
trotting,4623,4598,4623,25
rising,4631,4623,4631,8
sniffing,4729,4631,4729,98
trotting,4774,4729,4774,45
walking,4844,4774,4844,70
sniffing,4889,4844,4889,45
running,4923,4889,4923,34
sniffing,5011,4923,5011,88
rising,5012,5011,5012,1
grooming,5196,5012,5196,184
trotting,5213,5196,5213,17
walking,5228,5213,5228,15
stepping,5238,5228,5238,10
sniffing,5414,5238,5414,176
rising,5424,5414,5424,10
sniffing,5502,5424,5502,78
right_turning,5506,5502,5506,4
walking,5540,5506,5540,34
stepping,5578,5540,5578,38
walking,5579,5578,5579,1
sniffing,5595,5579,5595,16
rising,5636,5595,5636,41
sniffing,5664,5636,5664,28
rising,5665,5664,5665,1
stepping,5666,5665,5666,1
sniffing,5793,5666,5793,127
walking,5895,5793,5895,102
trotting,5942,5895,5942,47
walking,6152,5942,6152,210
sniffing,6187,6152,6187,35
walking,6281,6187,6281,94
sniffing,6282,6281,6282,1
rising,6283,6282,6283,1
sniffing,6284,6283,6284,1
rising,6346,6284,6346,62
grooming,6407,6346,6407,61
left_turning,6438,6407,6438,31
sniffing,6439,6438,6439,1
rising,6486,6439,6486,47
left_turning,6541,6486,6541,55
stepping,6597,6541,6597,56
rising,6598,6597,6598,1
rearing,6647,6598,6647,49
grooming,6856,6647,6856,209
walking,6901,6856,6901,45
trotting,6926,6901,6926,25
sniffing,6967,6926,6967,41
stepping,7032,6967,7032,65
sniffing,7076,7032,7076,44
rising,7077,7076,7077,1
walking,7133,7077,7133,56
sniffing,7234,7133,7234,101
left_turning,7355,7234,7355,121
walking,7383,7355,7383,28
stepping,7435,7383,7435,52
sniffing,7474,7435,7474,39
rising,7483,7474,7483,9
left_turning,7520,7483,7520,37
grooming,7576,7520,7576,56
hunching,7587,7576,7587,11
sniffing,7628,7587,7628,41
grooming,7908,7628,7908,280
climbing,7925,7908,7925,17
left_turning,7971,7925,7971,46
walking,7972,7971,7972,1
trotting,8002,7972,8002,30
sniffing,8140,8002,8140,138
rising,8165,8140,8165,25
left_turning,8233,8165,8233,68
stepping,8234,8233,8234,1
left_turning,8258,8234,8258,24
walking,8287,8258,8287,29
rising,8288,8287,8288,1
rearing,8297,8288,8297,9
rising,8303,8297,8303,6
right_turning,8304,8303,8304,1
rising,8310,8304,8310,6
stepping,8311,8310,8311,1
sniffing,8401,8311,8401,90
stepping,8581,8401,8581,180
sniffing,8617,8581,8617,36
stepping,8658,8617,8658,41
rising,8677,8658,8677,19
stepping,8728,8677,8728,51
rising,8757,8728,8757,29
stepping,8790,8757,8790,33
walking,8855,8790,8855,65
stepping,8856,8855,8856,1
walking,8931,8856,8931,75
rising,8985,8931,8985,54
sniffing,8991,8985,8991,6
rising,9036,8991,9036,45
stepping,9070,9036,9070,34
sniffing,9118,9070,9118,48
stepping,9168,9118,9168,50
trotting,9169,9168,9169,1
stepping,9219,9169,9219,50
sniffing,9285,9219,9285,66
grooming,9286,9285,9286,1
running,9309,9286,9309,23
rising,9327,9309,9327,18
walking,9344,9327,9344,17
rising,9352,9344,9352,8
hunching,9358,9352,9358,6
rearing,9359,9358,9359,1
hunching,9383,9359,9383,24
rearing,9418,9383,9418,35
left_turning,9427,9418,9427,9
stepping,9437,9427,9437,10
rising,9450,9437,9450,13
rearing,9549,9450,9549,99
climbing,9633,9549,9633,84
rearing,9634,9633,9634,1
rising,9655,9634,9655,21
rearing,9751,9655,9751,96
rising,9752,9751,9752,1
rearing,9777,9752,9777,25
grooming,9810,9777,9810,33
running,9820,9810,9820,10
walking,9864,9820,9864,44
sniffing,9947,9864,9947,83
rising,9948,9947,9948,1
grooming,10131,9948,10131,183
sniffing,10132,10131,10132,1
walking,10168,10132,10168,36
left_turning,10197,10168,10197,29
trotting,10234,10197,10234,37
grooming,10235,10234,10235,1
rearing,10241,10235,10241,6
left_turning,10261,10241,10261,20
walking,10303,10261,10303,42
stepping,10513,10303,10513,210
grooming,10681,10513,10681,168
stepping,10755,10681,10755,74
grooming,10824,10755,10824,69
left_turning,10832,10824,10832,8
stepping,10863,10832,10863,31
walking,10864,10863,10864,1
sniffing,10951,10864,10951,87
hunching,10998,10951,10998,47
rising,11015,10998,11015,17
grooming,11386,11015,11386,371
rearing,11485,11386,11485,99
left_turning,11516,11485,11516,31
sniffing,11583,11516,11583,67
walking,11602,11583,11602,19
sniffing,11680,11602,11680,78
trotting,11681,11680,11681,1
stepping,11740,11681,11740,59
sniffing,11856,11740,11856,116
trotting,11885,11856,11885,29
sniffing,12347,11885,12347,462
stepping,12390,12347,12390,43
walking,12451,12390,12451,61
stepping,12499,12451,12499,48
walking,12548,12499,12548,49
rising,12581,12548,12581,33
climbing,12667,12581,12667,86
grooming,12721,12667,12721,54
left_turning,12779,12721,12779,58
running,12826,12779,12826,47
rising,12949,12826,12949,123
rearing,12962,12949,12962,13
climbing,13028,12962,13028,66
rearing,13123,13028,13123,95
sniffing,13126,13123,13126,3
walking,13180,13126,13180,54
grooming,13338,13180,13338,158
walking,13394,13338,13394,56
trotting,13395,13394,13395,1
sniffing,13445,13395,13445,50
trotting,13512,13445,13512,67
walking,13518,13512,13518,6
trotting,13543,13518,13543,25
sniffing,13545,13543,13545,2
right_turning,13585,13545,13585,40
sniffing,13586,13585,13586,1
grooming,13781,13586,13781,195
trotting,13812,13781,13812,31
rearing,13881,13812,13881,69
climbing,13971,13881,13971,90
walking,14034,13971,14034,63
trotting,14055,14034,14055,21
walking,14125,14055,14125,70
sniffing,14159,14125,14159,34
rising,14203,14159,14203,44
walking,14217,14203,14217,14
climbing,14239,14217,14239,22
grooming,14300,14239,14300,61
climbing,14365,14300,14365,65
stepping,14418,14365,14418,53
grooming,14447,14418,14447,29
stepping,14497,14447,14497,50
sniffing,14696,14497,14696,199
running,14747,14696,14747,51
walking,14748,14747,14748,1
rearing,14765,14748,14765,17
grooming,14766,14765,14766,1
sniffing,14826,14766,14826,60
grooming,14901,14826,14901,75
rearing,15013,14901,15013,112
grooming,15166,15013,15166,153
rearing,15192,15166,15192,26
walking,15236,15192,15236,44
trotting,15275,15236,15275,39
walking,15303,15275,15303,28
rising,15346,15303,15346,43
climbing,15411,15346,15411,65
running,15422,15411,15422,11
rising,15465,15422,15465,43
climbing,15534,15465,15534,69
grooming,15671,15534,15671,137
sniffing,15672,15671,15672,1
walking,15788,15672,15788,116
sniffing,15818,15788,15818,30
grooming,15962,15818,15962,144
hunching,16003,15962,16003,41
grooming,16090,16003,16090,87
sniffing,16130,16090,16130,40
climbing,16204,16130,16204,74
stepping,16219,16204,16219,15
rising,16254,16219,16254,35
climbing,16336,16254,16336,82
hunching,16412,16336,16412,76
rearing,16583,16412,16583,171
hunching,16592,16583,16592,9
grooming,16737,16592,16737,145
running,16751,16737,16751,14
walking,16789,16751,16789,38
stepping,16806,16789,16806,17
grooming,16834,16806,16834,28
sniffing,16835,16834,16835,1
stepping,16874,16835,16874,39
sniffing,16895,16874,16895,21
rising,16962,16895,16962,67
climbing,16963,16962,16963,1
left_turning,16991,16963,16991,28
stepping,16992,16991,16992,1
rising,17041,16992,17041,49
climbing,17042,17041,17042,1
left_turning,17060,17042,17060,18
hunching,17090,17060,17090,30
grooming,17208,17090,17208,118
walking,17230,17208,17230,22
running,17262,17230,17262,32
walking,17325,17262,17325,63
sniffing,17343,17325,17343,18
stepping,17377,17343,17377,34
rising,17413,17377,17413,36
grooming,17525,17413,17525,112
running,17541,17525,17541,16
left_turning,17542,17541,17542,1
walking,17592,17542,17592,50
stepping,17645,17592,17645,53
grooming,17921,17645,17921,276
sniffing,17947,17921,17947,26
stepping,17996,17947,17996,49
left_turning,18030,17996,18030,34
rearing,18092,18030,18092,62
grooming,18195,18092,18195,103
sniffing,18245,18195,18245,50
rearing,18280,18245,18280,35
hunching,18312,18280,18312,32
grooming,18519,18312,18519,207
climbing,18560,18519,18560,41
grooming,18768,18560,18768,208
trotting,18805,18768,18805,37
stepping,18849,18805,18849,44
sniffing,18850,18849,18850,1
rising,18870,18850,18870,20
rearing,18957,18870,18957,87
hunching,18963,18957,18963,6
grooming,19039,18963,19039,76
walking,19087,19039,19087,48
sniffing,19196,19087,19196,109
grooming,19202,19196,19202,6
left_turning,19213,19202,19213,11
grooming,19299,19213,19299,86
sniffing,19300,19299,19300,1
grooming,19366,19300,19366,66
sniffing,19377,19366,19377,11
climbing,19474,19377,19474,97
trotting,19484,19474,19484,10
sniffing,19561,19484,19561,77
walking,19618,19561,19618,57
hunching,19637,19618,19637,19
rearing,19703,19637,19703,66
grooming,19704,19703,19704,1
sniffing,19833,19704,19833,129
trotting,19851,19833,19851,18
sniffing,19948,19851,19948,97
hunching,19974,19948,19974,26
rearing,19984,19974,19984,10
left_turning,20000,19984,20000,16
sniffing,20051,20000,20051,51
rising,20052,20051,20052,1
grooming,20082,20052,20082,30
climbing,20148,20082,20148,66
sniffing,20200,20148,20200,52
running,20218,20200,20218,18
stepping,20231,20218,20231,13
grooming,20232,20231,20232,1
rising,20265,20232,20265,33
grooming,20327,20265,20327,62
rising,20337,20327,20337,10
left_turning,20388,20337,20388,51
walking,20428,20388,20428,40
sniffing,20567,20428,20567,139
left_turning,20623,20567,20623,56
stepping,20660,20623,20660,37
sniffing,20661,20660,20661,1
grooming,20842,20661,20842,181
sniffing,20843,20842,20843,1
left_turning,20855,20843,20855,12
walking,20856,20855,20856,1
right_turning,20864,20856,20864,8
running,20865,20864,20865,1
walking,20894,20865,20894,29
stepping,20971,20894,20971,77
sniffing,21033,20971,21033,62
grooming,21068,21033,21068,35
left_turning,21085,21068,21085,17
grooming,21314,21085,21314,229
walking,21355,21314,21355,41
rearing,21402,21355,21402,47
stepping,21404,21402,21404,2
sniffing,21492,21404,21492,88
walking,21493,21492,21493,1
grooming,21636,21493,21636,143
stepping,21653,21636,21653,17
walking,21701,21653,21701,48
sniffing,21821,21701,21821,120
rising,21855,21821,21855,34
sniffing,21972,21855,21972,117
climbing,21981,21972,21981,9
grooming,22086,21981,22086,105
stepping,22151,22086,22151,65
climbing,22228,22151,22228,77
sniffing,22254,22228,22254,26
walking,22298,22254,22298,44
sniffing,22299,22298,22299,1
rising,22311,22299,22311,12
left_turning,22316,22311,22316,5
trotting,22319,22316,22319,3
sniffing,22384,22319,22384,65
stepping,22433,22384,22433,49
trotting,22480,22433,22480,47
sniffing,22481,22480,22481,1
rearing,22482,22481,22482,1
grooming,22590,22482,22590,108
right_turning,22612,22590,22612,22
rising,22638,22612,22638,26
grooming,22845,22638,22845,207
hunching,22887,22845,22887,42
rearing,22935,22887,22935,48
climbing,23032,22935,23032,97
rearing,23081,23032,23081,49
sniffing,23109,23081,23109,28
rising,23132,23109,23132,23
rearing,23135,23132,23135,3
climbing,23157,23135,23157,22
right_turning,23216,23157,23216,59
walking,23242,23216,23242,26
rearing,23277,23242,23277,35
climbing,23317,23277,23317,40
right_turning,23365,23317,23365,48
walking,23439,23365,23439,74
sniffing,23440,23439,23440,1
hunching,23468,23440,23468,28
rearing,23550,23468,23550,82
left_turning,23551,23550,23551,1
trotting,23575,23551,23575,24
walking,23667,23575,23667,92
grooming,23697,23667,23697,30
hunching,23747,23697,23747,50
grooming,23779,23747,23779,32
left_turning,23817,23779,23817,38
walking,23823,23817,23823,6
stepping,23882,23823,23882,59
sniffing,23967,23882,23967,85
stepping,24045,23967,24045,78
walking,24084,24045,24084,39
left_turning,24140,24084,24140,56
walking,24152,24140,24152,12
hunching,24196,24152,24196,44
grooming,24197,24196,24197,1
stepping,24243,24197,24243,46
trotting,24273,24243,24273,30
sniffing,24274,24273,24274,1
rising,24306,24274,24306,32
sniffing,24466,24306,24466,160
rising,24496,24466,24496,30
hunching,24497,24496,24497,1
rearing,24498,24497,24498,1
rising,24505,24498,24505,7
grooming,24649,24505,24649,144
rearing,24650,24649,24650,1
grooming,24651,24650,24651,1
rearing,24714,24651,24714,63
walking,24775,24714,24775,61
sniffing,24809,24775,24809,34
grooming,24888,24809,24888,79
rising,24918,24888,24918,30
rearing,24980,24918,24980,62
hunching,24987,24980,24987,7
grooming,25003,24987,25003,16
left_turning,25049,25003,25049,46
sniffing,25050,25049,25050,1
climbing,25165,25050,25165,115
left_turning,25216,25165,25216,51
sniffing,25273,25216,25273,57
rearing,25320,25273,25320,47
grooming,25352,25320,25352,32
rearing,25440,25352,25440,88
walking,25458,25440,25458,18
running,25467,25458,25467,9
sniffing,25634,25467,25634,167
walking,25669,25634,25669,35
sniffing,25670,25669,25670,1
rising,25693,25670,25693,23
grooming,25694,25693,25694,1
sniffing,25711,25694,25711,17
rising,25746,25711,25746,35
walking,25791,25746,25791,45
grooming,25792,25791,25792,1
rearing,25834,25792,25834,42
trotting,25869,25834,25869,35
walking,25918,25869,25918,49
sniffing,25966,25918,25966,48
rising,25998,25966,25998,32
rearing,26032,25998,26032,34
grooming,26033,26032,26033,1
sniffing,26197,26033,26197,164
stepping,26251,26197,26251,54
rising,26252,26251,26252,1
climbing,26276,26252,26276,24
left_turning,26310,26276,26310,34
rearing,26365,26310,26365,55
grooming,26504,26365,26504,139
sniffing,26621,26504,26621,117
left_turning,26689,26621,26689,68
grooming,26926,26689,26926,237
walking,26938,26926,26938,12
sniffing,26947,26938,26947,9
grooming,26948,26947,26948,1
rising,26989,26948,26989,41
hunching,26990,26989,26990,1
right_turning,27045,26990,27045,55
running,27061,27045,27061,16
climbing,27105,27061,27105,44
grooming,27106,27105,27106,1
right_turning,27107,27106,27107,1
sniffing,27108,27107,27108,1
trotting,27126,27108,27126,18
stepping,27167,27126,27167,41
sniffing,27255,27167,27255,88
grooming,27333,27255,27333,78
hunching,27459,27333,27459,126
sniffing,27597,27459,27597,138
rising,27606,27597,27606,9
climbing,27633,27606,27633,27
right_turning,27656,27633,27656,23
stepping,27701,27656,27701,45
grooming,27761,27701,27761,60
stepping,27783,27761,27783,22
climbing,27811,27783,27811,28
grooming,27812,27811,27812,1
rearing,27850,27812,27850,38
sniffing,27907,27850,27907,57
left_turning,27931,27907,27931,24
running,27953,27931,27953,22
right_turning,28007,27953,28007,54
rising,28052,28007,28052,45
grooming,28221,28052,28221,169
walking,28222,28221,28222,1
climbing,28241,28222,28241,19
rising,28272,28241,28272,31
rearing,28273,28272,28273,1
grooming,28275,28273,28275,2
right_turning,28360,28275,28360,85
trotting,28394,28360,28394,34
running,28410,28394,28410,16
trotting,28417,28410,28417,7
stepping,28444,28417,28444,27
rearing,28445,28444,28445,1
left_turning,28474,28445,28474,29
walking,28530,28474,28530,56
trotting,28549,28530,28549,19
walking,28594,28549,28594,45
sniffing,28776,28594,28776,182
left_turning,28847,28776,28847,71
grooming,28848,28847,28848,1
rising,28862,28848,28862,14
sniffing,28948,28862,28948,86
running,28976,28948,28976,28
stepping,28997,28976,28997,21
sniffing,29109,28997,29109,112
rising,29138,29109,29138,29
grooming,29259,29138,29259,121
rearing,29260,29259,29260,1
grooming,29281,29260,29281,21
stepping,29336,29281,29336,55
rearing,29407,29336,29407,71
grooming,29546,29407,29546,139
sniffing,29547,29546,29547,1
walking,29551,29547,29551,4
sniffing,29567,29551,29567,16
grooming,29751,29567,29751,184
trotting,29812,29751,29812,61
left_turning,29831,29812,29831,19
sniffing,29892,29831,29892,61
stepping,29918,29892,29918,26
left_turning,29932,29918,29932,14
sniffing,29949,29932,29949,17
rising,30048,29949,30048,99
hunching,30156,30048,30156,108
grooming,30157,30156,30157,1
rearing,30214,30157,30214,57
walking,30264,30214,30264,50
sniffing,30384,30264,30384,120
rising,30392,30384,30392,8
sniffing,30502,30392,30502,110
stepping,30544,30502,30544,42
grooming,30685,30544,30685,141
climbing,30774,30685,30774,89
right_turning,30798,30774,30798,24
sniffing,30872,30798,30872,74
grooming,31118,30872,31118,246
trotting,31148,31118,31148,30
sniffing,31270,31148,31270,122
left_turning,31272,31270,31272,2
stepping,31302,31272,31302,30
grooming,31303,31302,31303,1
walking,31367,31303,31367,64
stepping,31425,31367,31425,58
sniffing,31536,31425,31536,111
walking,31561,31536,31561,25
sniffing,31591,31561,31591,30
left_turning,31592,31591,31592,1
sniffing,31653,31592,31653,61
running,31672,31653,31672,19
climbing,31695,31672,31695,23
rising,31735,31695,31735,40
rearing,31801,31735,31801,66
hunching,31862,31801,31862,61
rearing,31930,31862,31930,68
rising,31941,31930,31941,11
climbing,31981,31941,31981,40
sniffing,32025,31981,32025,44
grooming,32399,32025,32399,374
walking,32517,32399,32517,118
sniffing,32678,32517,32678,161
trotting,32707,32678,32707,29
grooming,32778,32707,32778,71
hunching,32789,32778,32789,11
rearing,32835,32789,32835,46
grooming,33057,32835,33057,222
running,33058,33057,33058,1
sniffing,33059,33058,33059,1
grooming,33327,33059,33327,268
stepping,33388,33327,33388,61
walking,33448,33388,33448,60
stepping,33480,33448,33480,32
sniffing,33525,33480,33525,45
stepping,33543,33525,33543,18
grooming,33648,33543,33648,105
rising,33666,33648,33666,18
climbing,33709,33666,33709,43
walking,33741,33709,33741,32
stepping,33755,33741,33755,14
rising,33770,33755,33770,15
left_turning,33783,33770,33783,13
grooming,33935,33783,33935,152
rising,33959,33935,33959,24
sniffing,34056,33959,34056,97
right_turning,34057,34056,34057,1
sniffing,34117,34057,34117,60
walking,34122,34117,34122,5
grooming,34166,34122,34166,44
rearing,34219,34166,34219,53
hunching,34268,34219,34268,49
grooming,34358,34268,34358,90
climbing,34432,34358,34432,74
grooming,34481,34432,34481,49
hunching,34559,34481,34559,78
rising,34587,34559,34587,28
left_turning,34609,34587,34609,22
grooming,34610,34609,34610,1
rearing,34633,34610,34633,23
rising,34666,34633,34666,33
sniffing,34713,34666,34713,47
walking,34714,34713,34714,1
trotting,34727,34714,34727,13
sniffing,34759,34727,34759,32
rising,34795,34759,34795,36
stepping,34855,34795,34855,60
sniffing,34938,34855,34938,83
walking,34939,34938,34939,1
stepping,34967,34939,34967,28
climbing,35041,34967,35041,74
grooming,35190,35041,35190,149
hunching,35224,35190,35224,34
rising,35274,35224,35274,50
climbing,35308,35274,35308,34
sniffing,35385,35308,35385,77
stepping,35429,35385,35429,44
walking,35469,35429,35469,40
sniffing,35470,35469,35470,1
grooming,35482,35470,35482,12
left_turning,35483,35482,35483,1
rising,35523,35483,35523,40
climbing,35536,35523,35536,13
rising,35608,35536,35608,72
climbing,35710,35608,35710,102
walking,35749,35710,35749,39
sniffing,35847,35749,35847,98
right_turning,35875,35847,35875,28
trotting,35919,35875,35919,44
sniffing,35959,35919,35959,40
rising,36013,35959,36013,54
hunching,36014,36013,36014,1
grooming,36422,36014,36422,408
walking,36429,36422,36429,7
stepping,36488,36429,36488,59
rearing,36534,36488,36534,46
climbing,36535,36534,36535,1
grooming,36826,36535,36826,291
running,36851,36826,36851,25
walking,36886,36851,36886,35
sniffing,37021,36886,37021,135
walking,37087,37021,37087,66
sniffing,37155,37087,37155,68
right_turning,37191,37155,37191,36
trotting,37219,37191,37219,28
sniffing,37241,37219,37241,22
stepping,37257,37241,37257,16
rising,37267,37257,37267,10
rearing,37310,37267,37310,43
stepping,37360,37310,37360,50
rearing,37376,37360,37376,16
grooming,37377,37376,37377,1
sniffing,37414,37377,37414,37
rising,37487,37414,37487,73
grooming,37488,37487,37488,1
hunching,37503,37488,37503,15
grooming,37709,37503,37709,206
walking,37731,37709,37731,22
stepping,37815,37731,37815,84
sniffing,37827,37815,37827,12
grooming,37837,37827,37837,10
stepping,37894,37837,37894,57
walking,37957,37894,37957,63
stepping,38005,37957,38005,48
rising,38043,38005,38043,38
sniffing,38247,38043,38247,204
rising,38256,38247,38256,9
stepping,38277,38256,38277,21
rising,38308,38277,38308,31
sniffing,38419,38308,38419,111
stepping,38452,38419,38452,33
walking,38521,38452,38521,69
stepping,38571,38521,38571,50
walking,38572,38571,38572,1
sniffing,38625,38572,38625,53
stepping,38672,38625,38672,47
sniffing,38741,38672,38741,69
rising,38759,38741,38759,18
rearing,38772,38759,38772,13
grooming,39027,38772,39027,255
sniffing,39077,39027,39077,50
walking,39078,39077,39078,1
rising,39175,39078,39175,97
stepping,39221,39175,39221,46
sniffing,39327,39221,39327,106
grooming,39411,39327,39411,84
rearing,39412,39411,39412,1
right_turning,39453,39412,39453,41
running,39470,39453,39470,17
rising,39473,39470,39473,3
sniffing,39606,39473,39606,133
walking,39689,39606,39689,83
right_turning,39693,39689,39693,4
stepping,39735,39693,39735,42
climbing,39827,39735,39827,92
trotting,39846,39827,39846,19
climbing,39954,39846,39954,108
sniffing,39955,39954,39955,1
grooming,40144,39955,40144,189
rearing,40210,40144,40210,66
climbing,40211,40210,40211,1
left_turning,40275,40211,40275,64
grooming,40327,40275,40327,52
running,40365,40327,40365,38
stepping,40409,40365,40409,44
sniffing,40547,40409,40547,138
stepping,40576,40547,40576,29
running,40615,40576,40615,39
stepping,40622,40615,40622,7
trotting,40661,40622,40661,39
sniffing,40662,40661,40662,1
walking,40666,40662,40666,4
rising,40684,40666,40684,18
climbing,40770,40684,40770,86
grooming,40801,40770,40801,31
left_turning,40802,40801,40802,1
grooming,40871,40802,40871,69
stepping,40894,40871,40894,23
sniffing,41070,40894,41070,176
stepping,41071,41070,41071,1
sniffing,41072,41071,41072,1
walking,41156,41072,41156,84
sniffing,41157,41156,41157,1
left_turning,41158,41157,41158,1
grooming,41333,41158,41333,175
walking,41374,41333,41374,41
grooming,41447,41374,41447,73
walking,41583,41447,41583,136
rising,41609,41583,41609,26
left_turning,41610,41609,41610,1
walking,41678,41610,41678,68
rearing,41901,41678,41901,223
climbing,42009,41901,42009,108
grooming,42088,42009,42088,79
sniffing,42161,42088,42161,73
hunching,42247,42161,42247,86
grooming,42248,42247,42248,1
hunching,42281,42248,42281,33
rearing,42339,42281,42339,58
grooming,42340,42339,42340,1
sniffing,42402,42340,42402,62
stepping,42419,42402,42419,17
sniffing,42451,42419,42451,32
stepping,42487,42451,42487,36
climbing,42490,42487,42490,3
trotting,42552,42490,42552,62
left_turning,42633,42552,42633,81
walking,42691,42633,42691,58
stepping,42717,42691,42717,26
walking,42741,42717,42741,24
rearing,42809,42741,42809,68
grooming,42810,42809,42810,1
hunching,42811,42810,42811,1
rising,42947,42811,42947,136
left_turning,43008,42947,43008,61
walking,43064,43008,43064,56
sniffing,43307,43064,43307,243
hunching,43420,43307,43420,113
grooming,43577,43420,43577,157
scratching,43578,43577,43578,1
grooming,43703,43578,43703,125
left_turning,43735,43703,43735,32
sniffing,43736,43735,43736,1
walking,43900,43736,43900,164
rising,43968,43900,43968,68
walking,44039,43968,44039,71
right_turning,44092,44039,44092,53
sniffing,44124,44092,44124,32
rearing,44193,44124,44193,69
grooming,44374,44193,44374,181
walking,44397,44374,44397,23
sniffing,44442,44397,44442,45
grooming,44474,44442,44474,32
scratching,44475,44474,44475,1
grooming,44476,44475,44476,1
rearing,44526,44476,44526,50
left_turning,44551,44526,44551,25
walking,44583,44551,44583,32
stepping,44633,44583,44633,50
left_turning,44640,44633,44640,7
sniffing,44652,44640,44652,12
grooming,44875,44652,44875,223
walking,44913,44875,44913,38
stepping,44932,44913,44932,19
climbing,44997,44932,44997,65
running,45012,44997,45012,15
grooming,45204,45012,45204,192
left_turning,45260,45204,45260,56
sniffing,45376,45260,45376,116
stepping,45388,45376,45388,12
rising,45403,45388,45403,15
sniffing,45429,45403,45429,26
stepping,45477,45429,45477,48
sniffing,45659,45477,45659,182
walking,45732,45659,45732,73
sniffing,45739,45732,45739,7
walking,45813,45739,45813,74
grooming,45853,45813,45853,40
scratching,45854,45853,45854,1
sniffing,45908,45854,45908,54
walking,45935,45908,45935,27
stepping,45946,45935,45946,11
grooming,46337,45946,46337,391
hunching,46356,46337,46356,19
grooming,46675,46356,46675,319
walking,46703,46675,46703,28
sniffing,46769,46703,46769,66
walking,46770,46769,46770,1
sniffing,46802,46770,46802,32
walking,46843,46802,46843,41
sniffing,46918,46843,46918,75
trotting,46967,46918,46967,49
walking,47000,46967,47000,33
sniffing,47001,47000,47001,1
left_turning,47025,47001,47025,24
stepping,47059,47025,47059,34
walking,47101,47059,47101,42
trotting,47138,47101,47138,37
sniffing,47139,47138,47139,1
stepping,47171,47139,47171,32
grooming,47277,47171,47277,106
rising,47346,47277,47346,69
grooming,47347,47346,47347,1
sniffing,47382,47347,47382,35
grooming,47615,47382,47615,233
rearing,47616,47615,47616,1
climbing,47634,47616,47634,18
stepping,47710,47634,47710,76
walking,47744,47710,47744,34
sniffing,47846,47744,47846,102
grooming,47847,47846,47847,1
hunching,47854,47847,47854,7
rearing,47946,47854,47946,92
grooming,47947,47946,47947,1
right_turning,47977,47947,47977,30
stepping,48059,47977,48059,82
rearing,48060,48059,48060,1
left_turning,48083,48060,48083,23
grooming,48084,48083,48084,1
left_turning,48087,48084,48087,3
walking,48120,48087,48120,33
stepping,48209,48120,48209,89
grooming,48210,48209,48210,1
rearing,48257,48210,48257,47
grooming,48343,48257,48343,86
sniffing,48401,48343,48401,58
walking,48402,48401,48402,1
sniffing,48513,48402,48513,111
grooming,48646,48513,48646,133
rearing,48734,48646,48734,88
climbing,48737,48734,48737,3
left_turning,48771,48737,48771,34
rearing,48820,48771,48820,49
grooming,48821,48820,48821,1
rearing,48907,48821,48907,86
climbing,48915,48907,48915,8
right_turning,48938,48915,48938,23
sniffing,48971,48938,48971,33
grooming,49165,48971,49165,194
right_turning,49185,49165,49185,20
walking,49257,49185,49257,72
scratching,49258,49257,49258,1
grooming,49507,49258,49507,249
scratching,49508,49507,49508,1
grooming,49672,49508,49672,164
stepping,49685,49672,49685,13
climbing,49828,49685,49828,143
walking,49869,49828,49869,41
grooming,50500,49869,50500,631
rearing,50524,50500,50524,24
rising,50545,50524,50545,21
rearing,50546,50545,50546,1
grooming,50917,50546,50917,371
rearing,50960,50917,50960,43
climbing,51084,50960,51084,124
walking,51170,51084,51170,86
sniffing,51226,51170,51226,56
walking,51231,51226,51231,5
sniffing,51279,51231,51279,48
walking,51298,51279,51298,19
stepping,51349,51298,51349,51
running,51413,51349,51413,64
walking,51474,51413,51474,61
trotting,51479,51474,51479,5
sniffing,51489,51479,51489,10
rising,51490,51489,51490,1
grooming,51682,51490,51682,192
hunching,51736,51682,51736,54
grooming,51825,51736,51825,89
sniffing,51834,51825,51834,9
walking,51872,51834,51872,38
sniffing,51979,51872,51979,107
left_turning,51992,51979,51992,13
sniffing,52085,51992,52085,93
rising,52092,52085,52092,7
grooming,52247,52092,52247,155
right_turning,52290,52247,52290,43
walking,52336,52290,52336,46
sniffing,52349,52336,52349,13
climbing,52470,52349,52470,121
grooming,52536,52470,52536,66
stepping,52596,52536,52596,60
rising,52597,52596,52597,1
stepping,52653,52597,52653,56
sniffing,52694,52653,52694,41
rising,52727,52694,52727,33
climbing,52866,52727,52866,139
grooming,52891,52866,52891,25
sniffing,52940,52891,52940,49
grooming,52941,52940,52941,1
sniffing,53033,52941,53033,92
right_turning,53047,53033,53047,14
sniffing,53205,53047,53205,158
rising,53286,53205,53286,81
climbing,53339,53286,53339,53
grooming,53619,53339,53619,280
sniffing,53620,53619,53620,1
rising,53648,53620,53648,28
climbing,53681,53648,53681,33
rising,53689,53681,53689,8
right_turning,53690,53689,53690,1
grooming,53691,53690,53691,1
sniffing,53710,53691,53710,19
rising,53736,53710,53736,26
grooming,53737,53736,53737,1
rearing,53783,53737,53783,46
grooming,53806,53783,53806,23
rising,53838,53806,53838,32
climbing,53857,53838,53857,19
left_turning,53881,53857,53881,24
sniffing,54074,53881,54074,193
stepping,54092,54074,54092,18
sniffing,54153,54092,54153,61
rearing,54155,54153,54155,2
hunching,54156,54155,54156,1
grooming,54701,54156,54701,545
sniffing,54762,54701,54762,61
stepping,54770,54762,54770,8
sniffing,54822,54770,54822,52
walking,54835,54822,54835,13
stepping,54876,54835,54876,41
rising,54877,54876,54877,1
sniffing,54878,54877,54878,1
rearing,54965,54878,54965,87
sniffing,55021,54965,55021,56
left_turning,55089,55021,55089,68
stepping,55148,55089,55148,59
sniffing,55335,55148,55335,187
rising,55448,55335,55448,113
sniffing,55497,55448,55497,49
stepping,55528,55497,55528,31
sniffing,55537,55528,55537,9
rising,55590,55537,55590,53
grooming,55817,55590,55817,227
right_turning,55846,55817,55846,29
sniffing,55847,55846,55847,1
walking,55943,55847,55943,96
trotting,55990,55943,55990,47
stepping,55991,55990,55991,1
sniffing,56051,55991,56051,60
grooming,56052,56051,56052,1
climbing,56083,56052,56083,31
sniffing,56180,56083,56180,97
stepping,56216,56180,56216,36
sniffing,56254,56216,56254,38
grooming,56284,56254,56284,30
scratching,56285,56284,56285,1
grooming,56287,56285,56287,2
rearing,56332,56287,56332,45
left_turning,56350,56332,56350,18
sniffing,56359,56350,56359,9
rearing,56424,56359,56424,65
jumping,56558,56424,56558,134
left_turning,56594,56558,56594,36
trotting,56603,56594,56603,9
running,56632,56603,56632,29
rearing,56707,56632,56707,75
climbing,56730,56707,56730,23
rearing,56783,56730,56783,53
grooming,56877,56783,56877,94
trotting,56942,56877,56942,65
walking,56967,56942,56967,25
sniffing,56977,56967,56977,10
walking,57094,56977,57094,117
sniffing,57099,57094,57099,5
trotting,57116,57099,57116,17
walking,57168,57116,57168,52
trotting,57181,57168,57181,13
walking,57202,57181,57202,21
left_turning,57205,57202,57205,3
running,57233,57205,57233,28
rising,57276,57233,57276,43
climbing,57346,57276,57346,70
grooming,57347,57346,57347,1
scratching,57348,57347,57348,1
sniffing,57543,57348,57543,195
walking,57555,57543,57555,12
sniffing,57635,57555,57635,80
stepping,57659,57635,57659,24
walking,57725,57659,57725,66
stepping,57786,57725,57786,61
rising,57828,57786,57828,42
stepping,57878,57828,57878,50
grooming,57937,57878,57937,59
sniffing,58014,57937,58014,77
stepping,58061,58014,58061,47
walking,58128,58061,58128,67
sniffing,58140,58128,58140,12
left_turning,58181,58140,58181,41
grooming,58279,58181,58279,98
sniffing,58452,58279,58452,173
stepping,58496,58452,58496,44
sniffing,58681,58496,58681,185
walking,58682,58681,58682,1
stepping,58726,58682,58726,44
right_turning,58740,58726,58740,14
stepping,58752,58740,58752,12
rearing,58753,58752,58753,1
walking,58763,58753,58763,10
sniffing,58764,58763,58764,1
rising,58805,58764,58805,41
right_turning,58813,58805,58813,8
stepping,58814,58813,58814,1
sniffing,58853,58814,58853,39
walking,58866,58853,58866,13
rising,58890,58866,58890,24
sniffing,58998,58890,58998,108
right_turning,59010,58998,59010,12
stepping,59044,59010,59044,34
walking,59072,59044,59072,28
sniffing,59090,59072,59090,18
climbing,59147,59090,59147,57
trotting,59197,59147,59197,50
sniffing,59341,59197,59341,144
rising,59380,59341,59380,39
sniffing,59381,59380,59381,1
grooming,59403,59381,59403,22
sniffing,59466,59403,59466,63
left_turning,59467,59466,59467,1
sniffing,59502,59467,59502,35
stepping,59503,59502,59503,1
walking,59560,59503,59560,57
trotting,59596,59560,59596,36
walking,59656,59596,59656,60
stepping,59657,59656,59657,1
sniffing,59752,59657,59752,95
rearing,59913,59752,59913,161
sniffing,60079,59913,60079,166
rising,60080,60079,60080,1
rearing,60088,60080,60088,8
hunching,60089,60088,60089,1
grooming,60102,60089,60102,13
sniffing,60146,60102,60146,44
stepping,60164,60146,60164,18
sniffing,60345,60164,60345,181
rearing,60416,60345,60416,71
grooming,60738,60416,60738,322
climbing,60953,60738,60953,215
rearing,60976,60953,60976,23
climbing,61002,60976,61002,26
walking,61058,61002,61058,56
stepping,61059,61058,61059,1
sniffing,61095,61059,61095,36
walking,61160,61095,61160,65
grooming,61258,61160,61258,98
rearing,61259,61258,61259,1
left_turning,61309,61259,61309,50
walking,61372,61309,61372,63
sniffing,61422,61372,61422,50
left_turning,61464,61422,61464,42
sniffing,61465,61464,61465,1
rising,61549,61465,61549,84
left_turning,61566,61549,61566,17
walking,61609,61566,61609,43
right_turning,61644,61609,61644,35
stepping,61665,61644,61665,21
sniffing,61666,61665,61666,1
rearing,61752,61666,61752,86
sniffing,61785,61752,61785,33
walking,61829,61785,61829,44
stepping,61853,61829,61853,24
sniffing,61881,61853,61881,28
stepping,61894,61881,61894,13
rearing,61919,61894,61919,25
climbing,61962,61919,61962,43
rearing,62045,61962,62045,83
running,62065,62045,62065,20
walking,62108,62065,62108,43
rising,62172,62108,62172,64
rearing,62248,62172,62248,76
grooming,62416,62248,62416,168
hunching,62476,62416,62476,60
grooming,62654,62476,62654,178
rearing,62673,62654,62673,19
hunching,62735,62673,62735,62
sniffing,62853,62735,62853,118
walking,62904,62853,62904,51
sniffing,62956,62904,62956,52
walking,63011,62956,63011,55
stepping,63048,63011,63048,37
sniffing,63139,63048,63139,91
walking,63176,63139,63176,37
grooming,63177,63176,63177,1
sniffing,63200,63177,63200,23
rising,63205,63200,63205,5
rearing,63233,63205,63233,28
trotting,63285,63233,63285,52
stepping,63333,63285,63333,48
rising,63351,63333,63351,18
grooming,63657,63351,63657,306
sniffing,63692,63657,63692,35
hunching,63722,63692,63722,30
grooming,63773,63722,63773,51
climbing,63784,63773,63784,11
right_turning,63785,63784,63785,1
walking,63823,63785,63823,38
stepping,63891,63823,63891,68
climbing,63955,63891,63955,64
sniffing,64130,63955,64130,175
left_turning,64141,64130,64141,11
stepping,64229,64141,64229,88
trotting,64262,64229,64262,33
walking,64270,64262,64270,8
sniffing,64275,64270,64275,5
rising,64339,64275,64339,64
rearing,64444,64339,64444,105
grooming,64561,64444,64561,117
sniffing,64562,64561,64562,1
grooming,64803,64562,64803,241
rearing,64950,64803,64950,147
grooming,65113,64950,65113,163
rising,65156,65113,65156,43
climbing,65193,65156,65193,37
grooming,65194,65193,65194,1
sniffing,65255,65194,65255,61
walking,65384,65255,65384,129
sniffing,65465,65384,65465,81
rearing,65478,65465,65478,13
grooming,65815,65478,65815,337
stepping,65816,65815,65816,1
sniffing,65961,65816,65961,145
grooming,66053,65961,66053,92
rearing,66128,66053,66128,75
rising,66134,66128,66134,6
climbing,66166,66134,66166,32
stepping,66168,66166,66168,2
trotting,66201,66168,66201,33
walking,66238,66201,66238,37
sniffing,66279,66238,66279,41
scratching,66280,66279,66280,1
stepping,66306,66280,66306,26
climbing,66409,66306,66409,103
rising,66450,66409,66450,41
grooming,66451,66450,66451,1
scratching,66452,66451,66452,1
sniffing,66458,66452,66458,6
rearing,66517,66458,66517,59
grooming,66668,66517,66668,151
rearing,66748,66668,66748,80
walking,66761,66748,66761,13
sniffing,66776,66761,66776,15
left_turning,66829,66776,66829,53
sniffing,66889,66829,66889,60
rising,66906,66889,66906,17
climbing,66960,66906,66960,54
trotting,67004,66960,67004,44
sniffing,67005,67004,67005,1
walking,67017,67005,67017,12
sniffing,67018,67017,67018,1
grooming,67025,67018,67025,7
sniffing,67135,67025,67135,110
trotting,67143,67135,67143,8
climbing,67239,67143,67239,96
left_turning,67254,67239,67254,15
grooming,67265,67254,67265,11
left_turning,67307,67265,67307,42
walking,67328,67307,67328,21
running,67346,67328,67346,18
sniffing,67347,67346,67347,1
stepping,67356,67347,67356,9
sniffing,67370,67356,67370,14
right_turning,67371,67370,67371,1
rising,67372,67371,67372,1
rearing,67373,67372,67373,1
grooming,67612,67373,67612,239
sniffing,67648,67612,67648,36
right_turning,67704,67648,67704,56
sniffing,67774,67704,67774,70
stepping,67821,67774,67821,47
left_turning,67834,67821,67834,13
stepping,67900,67834,67900,66
sniffing,68018,67900,68018,118
rearing,68105,68018,68105,87
stepping,68145,68105,68145,40
walking,68189,68145,68189,44
stepping,68262,68189,68262,73
walking,68315,68262,68315,53
sniffing,68562,68315,68562,247
trotting,68635,68562,68635,73
walking,68716,68635,68716,81
sniffing,68717,68716,68717,1
climbing,68762,68717,68762,45
running,68805,68762,68805,43
stepping,68912,68805,68912,107
climbing,68957,68912,68957,45
running,68989,68957,68989,32
sniffing,69026,68989,69026,37
running,69035,69026,69035,9
trotting,69080,69035,69080,45
walking,69090,69080,69090,10
climbing,69247,69090,69247,157
walking,69285,69247,69285,38
sniffing,69286,69285,69286,1
stepping,69317,69286,69317,31
sniffing,69612,69317,69612,295
grooming,69631,69612,69631,19
rearing,69689,69631,69689,58
stepping,69707,69689,69707,18
walking,69742,69707,69742,35
left_turning,69751,69742,69751,9
sniffing,69807,69751,69807,56
left_turning,69825,69807,69825,18
sniffing,69920,69825,69920,95
grooming,70035,69920,70035,115
climbing,70170,70035,70170,135
left_turning,70230,70170,70230,60
sniffing,70269,70230,70269,39
right_turning,70418,70269,70418,149
grooming,70780,70418,70780,362
rearing,70809,70780,70809,29
grooming,70810,70809,70810,1
sniffing,70811,70810,70811,1
rising,70854,70811,70854,43
grooming,70882,70854,70882,28
sniffing,71067,70882,71067,185
rising,71127,71067,71127,60
grooming,71467,71127,71467,340
left_turning,71512,71467,71512,45
walking,71514,71512,71514,2
stepping,71535,71514,71535,21
rearing,71561,71535,71561,26
sniffing,71593,71561,71593,32
right_turning,71617,71593,71617,24
stepping,71636,71617,71636,19
grooming,71711,71636,71711,75
sniffing,71804,71711,71804,93
rising,71848,71804,71848,44
stepping,71915,71848,71915,67
rearing,71992,71915,71992,77
rising,71993,71992,71993,1
grooming,72212,71993,72212,219
hunching,72315,72212,72315,103
rearing,72364,72315,72364,49
sniffing,72526,72364,72526,162
rising,72563,72526,72563,37
grooming,72564,72563,72564,1
rearing,72565,72564,72565,1
grooming,72895,72565,72895,330
hunching,72934,72895,72934,39
sniffing,73040,72934,73040,106
scratching,73041,73040,73041,1
left_turning,73079,73041,73079,38
walking,73199,73079,73199,120
trotting,73223,73199,73223,24
walking,73224,73223,73224,1
rearing,73241,73224,73241,17
left_turning,73311,73241,73311,70
rising,73312,73311,73312,1
sniffing,73313,73312,73313,1
walking,73392,73313,73392,79
rearing,73431,73392,73431,39
sniffing,73472,73431,73472,41
left_turning,73524,73472,73524,52
stepping,73592,73524,73592,68
rearing,73640,73592,73640,48
left_turning,73703,73640,73703,63
running,73716,73703,73716,13
trotting,73746,73716,73746,30
walking,73829,73746,73829,83
sniffing,73996,73829,73996,167
grooming,74112,73996,74112,116
sniffing,74113,74112,74113,1
right_turning,74154,74113,74154,41
sniffing,74277,74154,74277,123
rising,74302,74277,74302,25
left_turning,74370,74302,74370,68
hunching,74386,74370,74386,16
left_turning,74409,74386,74409,23
rising,74475,74409,74475,66
grooming,74645,74475,74645,170
sniffing,74677,74645,74677,32
rising,74678,74677,74678,1
stepping,74685,74678,74685,7
rising,74686,74685,74686,1
rearing,74824,74686,74824,138
grooming,74853,74824,74853,29
walking,74936,74853,74936,83
grooming,74937,74936,74937,1
rearing,75008,74937,75008,71
left_turning,75096,75008,75096,88
walking,75097,75096,75097,1
trotting,75116,75097,75116,19
rising,75199,75116,75199,83
climbing,75341,75199,75341,142
grooming,75342,75341,75342,1
stepping,75389,75342,75389,47
sniffing,75503,75389,75503,114
grooming,75742,75503,75742,239
hunching,75761,75742,75761,19
grooming,75838,75761,75838,77
sniffing,75929,75838,75929,91
left_turning,75930,75929,75930,1
sniffing,76112,75930,76112,182
walking,76186,76112,76186,74
stepping,76250,76186,76250,64
sniffing,76288,76250,76288,38
rising,76289,76288,76289,1
climbing,76305,76289,76305,16
left_turning,76322,76305,76322,17
grooming,76553,76322,76553,231
hunching,76554,76553,76554,1
grooming,76555,76554,76555,1
walking,76566,76555,76566,11
sniffing,76613,76566,76613,47
stepping,76641,76613,76641,28
rearing,76666,76641,76666,25
grooming,76932,76666,76932,266
sniffing,77019,76932,77019,87
running,77037,77019,77037,18
sniffing,77214,77037,77214,177
walking,77241,77214,77241,27
running,77257,77241,77257,16
climbing,77346,77257,77346,89
trotting,77386,77346,77386,40
sniffing,77494,77386,77494,108
climbing,77558,77494,77558,64
stepping,77595,77558,77595,37
left_turning,77655,77595,77655,60
sniffing,77787,77655,77787,132
grooming,78019,77787,78019,232
sniffing,78141,78019,78141,122
walking,78143,78141,78143,2
sniffing,78215,78143,78215,72
grooming,78524,78215,78524,309
running,78557,78524,78557,33
stepping,78591,78557,78591,34
sniffing,78767,78591,78767,176
walking,78812,78767,78812,45
stepping,78852,78812,78852,40
sniffing,78853,78852,78853,1
stepping,78859,78853,78859,6
sniffing,78909,78859,78909,50
rearing,78933,78909,78933,24
grooming,79490,78933,79490,557
rearing,79491,79490,79491,1
climbing,79578,79491,79578,87
grooming,79579,79578,79579,1
sniffing,79670,79579,79670,91
stepping,79709,79670,79709,39
sniffing,79822,79709,79822,113
stepping,79877,79822,79877,55
running,79908,79877,79908,31
trotting,79925,79908,79925,17
walking,79941,79925,79941,16
sniffing,79998,79941,79998,57
rearing,80049,79998,80049,51
hunching,80119,80049,80119,70
grooming,80120,80119,80120,1
rearing,80168,80120,80168,48
grooming,80317,80168,80317,149
rearing,80318,80317,80318,1
hunching,80343,80318,80343,25
grooming,80532,80343,80532,189
rising,80550,80532,80550,18
sniffing,80659,80550,80659,109
left_turning,80660,80659,80660,1
sniffing,80788,80660,80788,128
right_turning,80813,80788,80813,25
sniffing,80814,80813,80814,1
left_turning,80868,80814,80868,54
stepping,80910,80868,80910,42
walking,80911,80910,80911,1
sniffing,81166,80911,81166,255
walking,81198,81166,81198,32
sniffing,81235,81198,81235,37
grooming,81236,81235,81236,1
left_turning,81245,81236,81245,9
trotting,81309,81245,81309,64
stepping,81333,81309,81333,24
walking,81355,81333,81355,22
sniffing,81388,81355,81388,33
walking,81395,81388,81395,7
stepping,81436,81395,81436,41
sniffing,81494,81436,81494,58
walking,81495,81494,81495,1
trotting,81509,81495,81509,14
rearing,81555,81509,81555,46
grooming,81587,81555,81587,32
rising,81603,81587,81603,16
rearing,81709,81603,81709,106
rising,81731,81709,81731,22
climbing,81734,81731,81734,3
right_turning,81744,81734,81744,10
climbing,81880,81744,81880,136
grooming,81881,81880,81881,1
sniffing,81912,81881,81912,31
grooming,82028,81912,82028,116
left_turning,82052,82028,82052,24
scratching,82053,82052,82053,1
left_turning,82121,82053,82121,68
sniffing,82209,82121,82209,88
rising,82210,82209,82210,1
rearing,82272,82210,82272,62
hunching,82282,82272,82282,10
grooming,82536,82282,82536,254
walking,82621,82536,82621,85
climbing,82647,82621,82647,26
rising,82718,82647,82718,71
climbing,82739,82718,82739,21
left_turning,82740,82739,82740,1
sniffing,82757,82740,82757,17
stepping,82796,82757,82796,39
walking,82816,82796,82816,20
trotting,82842,82816,82842,26
stepping,82881,82842,82881,39
rising,82882,82881,82882,1
rearing,82919,82882,82919,37
climbing,82980,82919,82980,61
walking,83073,82980,83073,93
running,83106,83073,83106,33
grooming,83474,83106,83474,368
scratching,83475,83474,83475,1
grooming,83476,83475,83476,1
rearing,83512,83476,83512,36
rising,83513,83512,83513,1
grooming,83661,83513,83661,148
sniffing,83705,83661,83705,44
grooming,83706,83705,83706,1
sniffing,83709,83706,83709,3
right_turning,83725,83709,83725,16
walking,83739,83725,83739,14
grooming,83740,83739,83740,1
rising,83757,83740,83757,17
left_turning,83789,83757,83789,32
sniffing,83936,83789,83936,147
walking,83968,83936,83968,32
sniffing,84094,83968,84094,126
left_turning,84104,84094,84104,10
sniffing,84183,84104,84183,79
walking,84184,84183,84184,1
trotting,84229,84184,84229,45
rising,84230,84229,84230,1
rearing,84249,84230,84249,19
sniffing,84348,84249,84348,99
rearing,84384,84348,84384,36
hunching,84461,84384,84461,77
grooming,84902,84461,84902,441
scratching,84903,84902,84903,1
right_turning,84904,84903,84904,1
grooming,84905,84904,84905,1
walking,84966,84905,84966,61
trotting,85012,84966,85012,46
stepping,85036,85012,85036,24
walking,85046,85036,85046,10
sniffing,85084,85046,85084,38
grooming,85085,85084,85085,1
walking,85111,85085,85111,26
stepping,85115,85111,85115,4
rising,85127,85115,85127,12
grooming,85403,85127,85403,276
trotting,85428,85403,85428,25
stepping,85429,85428,85429,1
rearing,85506,85429,85506,77
stepping,85553,85506,85553,47
right_turning,85606,85553,85606,53
walking,85660,85606,85660,54
stepping,85721,85660,85721,61
rising,85779,85721,85779,58
rearing,85879,85779,85879,100
climbing,85899,85879,85899,20
rearing,86023,85899,86023,124
grooming,86024,86023,86024,1
stepping,86053,86024,86053,29
sniffing,86107,86053,86107,54
grooming,86196,86107,86196,89
rearing,86397,86196,86397,201
grooming,86574,86397,86574,177
climbing,86603,86574,86603,29
sniffing,86722,86603,86722,119
walking,86752,86722,86752,30
sniffing,86862,86752,86862,110
grooming,87578,86862,87578,716
climbing,87579,87578,87579,1
sniffing,87597,87579,87597,18
rising,87633,87597,87633,36
rearing,87652,87633,87652,19
climbing,87735,87652,87735,83
left_turning,87740,87735,87740,5
stepping,87765,87740,87765,25
walking,87807,87765,87807,42
sniffing,87808,87807,87808,1
rising,87809,87808,87809,1
climbing,87993,87809,87993,184
walking,88005,87993,88005,12
trotting,88040,88005,88040,35
stepping,88110,88040,88110,70
walking,88112,88110,88112,2
sniffing,88267,88112,88267,155
walking,88320,88267,88320,53
climbing,88381,88320,88381,61
grooming,88592,88381,88592,211
stepping,88644,88592,88644,52
sniffing,88777,88644,88777,133
right_turning,88808,88777,88808,31
sniffing,88932,88808,88932,124
right_turning,88961,88932,88961,29
trotting,88984,88961,88984,23
sniffing,89115,88984,89115,131
grooming,89226,89115,89226,111
hunching,89276,89226,89276,50
sniffing,89364,89276,89364,88
grooming,89365,89364,89365,1
rearing,89407,89365,89407,42
left_turning,89436,89407,89436,29
sniffing,89547,89436,89547,111
rearing,89588,89547,89588,41
hunching,89597,89588,89597,9
climbing,89673,89597,89673,76
rearing,89681,89673,89681,8
rising,89687,89681,89687,6
climbing,89780,89687,89780,93
rearing,89828,89780,89828,48
left_turning,89829,89828,89829,1
sniffing,89830,89829,89830,1
rising,89831,89830,89831,1
sniffing,90045,89831,90045,214
left_turning,90051,90045,90051,6
walking,90067,90051,90067,16
stepping,90099,90067,90099,32
sniffing,90238,90099,90238,139
climbing,90272,90238,90272,34
stepping,90290,90272,90290,18
sniffing,90359,90290,90359,69
walking,90395,90359,90395,36
stepping,90445,90395,90445,50
sniffing,90532,90445,90532,87
left_turning,90567,90532,90567,35
hunching,90638,90567,90638,71
grooming,90779,90638,90779,141
trotting,90802,90779,90802,23
sniffing,90815,90802,90815,13
walking,90842,90815,90842,27
sniffing,90922,90842,90922,80
rising,90923,90922,90923,1
rearing,90994,90923,90994,71
walking,91037,90994,91037,43
trotting,91077,91037,91077,40
walking,91115,91077,91115,38
climbing,91217,91115,91217,102
rearing,91497,91217,91497,280
walking,91521,91497,91521,24
right_turning,91544,91521,91544,23
sniffing,91712,91544,91712,168
stepping,91735,91712,91735,23
sniffing,91760,91735,91760,25
climbing,91844,91760,91844,84
sniffing,91845,91844,91845,1
right_turning,91893,91845,91893,48
stepping,91937,91893,91937,44
right_turning,91987,91937,91987,50
sniffing,92152,91987,92152,165
stepping,92212,92152,92212,60
rising,92240,92212,92240,28
stepping,92270,92240,92270,30
sniffing,92389,92270,92389,119
walking,92443,92389,92443,54
rising,92444,92443,92444,1
climbing,92523,92444,92523,79
grooming,92529,92523,92529,6
right_turning,92546,92529,92546,17
sniffing,92699,92546,92699,153
rising,92729,92699,92729,30
climbing,92821,92729,92821,92
grooming,92822,92821,92822,1
rising,92823,92822,92823,1
sniffing,92997,92823,92997,174
walking,93031,92997,93031,34
stepping,93084,93031,93084,53
right_turning,93139,93084,93139,55
walking,93215,93139,93215,76
rearing,93226,93215,93226,11
grooming,93227,93226,93227,1
sniffing,93228,93227,93228,1
left_turning,93268,93228,93268,40
walking,93335,93268,93335,67
sniffing,93445,93335,93445,110
stepping,93446,93445,93446,1
rising,93480,93446,93480,34
left_turning,93495,93480,93495,15
sniffing,93613,93495,93613,118
walking,93630,93613,93630,17
rising,93639,93630,93639,9
climbing,93647,93639,93647,8
sniffing,93929,93647,93929,282
stepping,93973,93929,93973,44
sniffing,93998,93973,93998,25
rearing,94095,93998,94095,97
grooming,94323,94095,94323,228
rearing,94384,94323,94384,61
left_turning,94385,94384,94385,1
rearing,94440,94385,94440,55
stepping,94510,94440,94510,70
sniffing,94641,94510,94641,131
rearing,94814,94641,94814,173
left_turning,94855,94814,94855,41
sniffing,94856,94855,94856,1
stepping,94924,94856,94924,68
sniffing,94925,94924,94925,1
rising,94950,94925,94950,25
stepping,94985,94950,94985,35
walking,95037,94985,95037,52
sniffing,95064,95037,95064,27
scratching,95065,95064,95065,1
grooming,95427,95065,95427,362
rising,95428,95427,95428,1
sniffing,95567,95428,95567,139
walking,95615,95567,95615,48
rearing,95718,95615,95718,103
grooming,95784,95718,95784,66
rearing,95843,95784,95843,59
running,95850,95843,95850,7
trotting,95884,95850,95884,34
walking,95885,95884,95885,1
stepping,95917,95885,95917,32
grooming,96177,95917,96177,260
rearing,96260,96177,96260,83
rising,96261,96260,96261,1
climbing,96306,96261,96306,45
rearing,96307,96306,96307,1
grooming,96308,96307,96308,1
sniffing,96309,96308,96309,1
walking,96366,96309,96366,57
sniffing,96445,96366,96445,79
stepping,96478,96445,96478,33
sniffing,96479,96478,96479,1
scratching,96480,96479,96480,1
stepping,96510,96480,96510,30
walking,96572,96510,96572,62
rearing,96573,96572,96573,1
walking,96645,96573,96645,72
left_turning,96650,96645,96650,5
sniffing,96651,96650,96651,1
stepping,96710,96651,96710,59
running,96732,96710,96732,22
sniffing,96815,96732,96815,83
left_turning,96848,96815,96848,33
sniffing,96877,96848,96877,29
rising,96922,96877,96922,45
right_turning,96951,96922,96951,29
sniffing,96996,96951,96996,45
walking,97029,96996,97029,33
trotting,97082,97029,97082,53
rising,97109,97082,97109,27
sniffing,97186,97109,97186,77
stepping,97249,97186,97249,63
walking,97296,97249,97296,47
sniffing,97320,97296,97320,24
walking,97327,97320,97327,7
rearing,97363,97327,97363,36
running,97375,97363,97375,12
trotting,97382,97375,97382,7
sniffing,97412,97382,97412,30
stepping,97457,97412,97457,45
climbing,97521,97457,97521,64
left_turning,97532,97521,97532,11
rearing,97577,97532,97577,45
sniffing,97607,97577,97607,30
rising,97660,97607,97660,53
sniffing,97661,97660,97661,1
left_turning,97717,97661,97717,56
right_turning,97738,97717,97738,21
stepping,97758,97738,97758,20
walking,97803,97758,97803,45
grooming,97804,97803,97804,1
rearing,97971,97804,97971,167
rising,97985,97971,97985,14
rearing,97995,97985,97995,10
walking,98040,97995,98040,45
stepping,98083,98040,98083,43
sniffing,98156,98083,98156,73
rearing,98240,98156,98240,84
climbing,98311,98240,98311,71
trotting,98330,98311,98330,19
right_turning,98331,98330,98331,1
sniffing,98332,98331,98332,1
left_turning,98371,98332,98371,39
sniffing,98413,98371,98413,42
stepping,98477,98413,98477,64
rearing,98490,98477,98490,13
hunching,98528,98490,98528,38
rearing,98533,98528,98533,5
hunching,98622,98533,98622,89
left_turning,98639,98622,98639,17
sniffing,98649,98639,98649,10
walking,98659,98649,98659,10
stepping,98703,98659,98703,44
climbing,98757,98703,98757,54
stepping,98840,98757,98840,83
walking,98904,98840,98904,64
sniffing,98993,98904,98993,89
right_turning,99027,98993,99027,34
climbing,99043,99027,99043,16
rearing,99044,99043,99044,1
left_turning,99114,99044,99114,70
scratching,99115,99114,99115,1
sniffing,99116,99115,99116,1
walking,99163,99116,99163,47
climbing,99164,99163,99164,1
rearing,99198,99164,99198,34
rising,99199,99198,99199,1
rearing,99296,99199,99296,97
rising,99298,99296,99298,2
grooming,99376,99298,99376,78
sniffing,99377,99376,99377,1
rising,99383,99377,99383,6
grooming,99498,99383,99498,115
climbing,99499,99498,99499,1
grooming,99940,99499,99940,441
rising,100003,99940,100003,63
sniffing,100143,100003,100143,140
left_turning,100179,100143,100179,36
stepping,100187,100179,100187,8
sniffing,100296,100187,100296,109
rearing,100297,100296,100297,1
right_turning,100355,100297,100355,58
sniffing,100449,100355,100449,94
walking,100567,100449,100567,118
sniffing,100568,100567,100568,1
rising,100636,100568,100636,68
rearing,100637,100636,100637,1
sniffing,100741,100637,100741,104
rising,100764,100741,100764,23
grooming,100765,100764,100765,1
stepping,100816,100765,100816,51
walking,100872,100816,100872,56
stepping,100884,100872,100884,12
walking,100920,100884,100920,36
stepping,100970,100920,100970,50
sniffing,101198,100970,101198,228
rising,101303,101198,101303,105
left_turning,101339,101303,101339,36
stepping,101340,101339,101340,1
rising,101351,101340,101351,11
climbing,101397,101351,101397,46
hunching,101404,101397,101404,7
grooming,101405,101404,101405,1
sniffing,101466,101405,101466,61
rising,101467,101466,101467,1
stepping,101507,101467,101507,40
sniffing,101640,101507,101640,133
rearing,101705,101640,101705,65
climbing,101780,101705,101780,75
grooming,102010,101780,102010,230
rearing,102011,102010,102011,1
right_turning,102019,102011,102019,8
sniffing,102157,102019,102157,138
left_turning,102218,102157,102218,61
walking,102262,102218,102262,44
stepping,102278,102262,102278,16
walking,102340,102278,102340,62
rising,102408,102340,102408,68
grooming,102409,102408,102409,1
scratching,102410,102409,102410,1
sniffing,102411,102410,102411,1
rearing,102479,102411,102479,68
left_turning,102484,102479,102484,5
walking,102528,102484,102528,44
stepping,102555,102528,102555,27
walking,102645,102555,102645,90
grooming,102920,102645,102920,275
trotting,102933,102920,102933,13
climbing,103064,102933,103064,131
trotting,103137,103064,103137,73
stepping,103157,103137,103157,20
walking,103158,103157,103158,1
rising,103233,103158,103233,75
rearing,103380,103233,103380,147
grooming,103381,103380,103381,1
rearing,103431,103381,103431,50
stepping,103506,103431,103506,75
grooming,103507,103506,103507,1
left_turning,103514,103507,103514,7
grooming,103515,103514,103515,1
sniffing,103626,103515,103626,111
stepping,103666,103626,103666,40
grooming,103667,103666,103667,1
walking,103696,103667,103696,29
rearing,104047,103696,104047,351
grooming,104501,104047,104501,454
walking,104513,104501,104513,12
stepping,104540,104513,104540,27
walking,104541,104540,104541,1
sniffing,104586,104541,104586,45
hunching,104604,104586,104604,18
left_turning,104630,104604,104630,26
running,104646,104630,104646,16
stepping,104714,104646,104714,68
sniffing,104773,104714,104773,59
stepping,104845,104773,104845,72
rearing,104941,104845,104941,96
climbing,104975,104941,104975,34
rearing,104976,104975,104976,1
grooming,105095,104976,105095,119
rearing,105109,105095,105109,14
grooming,105201,105109,105201,92
rearing,105202,105201,105202,1
grooming,105387,105202,105387,185
sniffing,105388,105387,105388,1
right_turning,105409,105388,105409,21
sniffing,105410,105409,105410,1
walking,105497,105410,105497,87
sniffing,105531,105497,105531,34
grooming,105707,105531,105707,176
rearing,105765,105707,105765,58
rising,105837,105765,105837,72
rearing,105907,105837,105907,70
hunching,105930,105907,105930,23
rearing,106300,105930,106300,370
hunching,106383,106300,106383,83
sniffing,106465,106383,106465,82
grooming,106466,106465,106466,1
sniffing,106544,106466,106544,78
walking,106577,106544,106577,33
sniffing,106660,106577,106660,83
left_turning,106719,106660,106719,59
sniffing,106720,106719,106720,1
stepping,106736,106720,106736,16
walking,106764,106736,106764,28
stepping,106765,106764,106765,1
walking,106817,106765,106817,52
sniffing,106846,106817,106846,29
stepping,106847,106846,106847,1
sniffing,106985,106847,106985,138
rising,107001,106985,107001,16
rearing,107027,107001,107027,26
climbing,107036,107027,107036,9
rising,107153,107036,107153,117
rearing,107433,107153,107433,280
rising,107501,107433,107501,68
grooming,107936,107501,107936,435
left_turning,107982,107936,107982,46
sniffing,108000,107982,108000,18
