revised_movement_label,segBoundary,segBoundary_start,segBoundary_end,length
stepping,40,0,40,40
right_turning,97,40,97,57
walking,146,97,146,49
trotting,157,146,157,11
sniffing,169,157,169,12
walking,344,169,344,175
trotting,355,344,355,11
walking,420,355,420,65
sniffing,651,420,651,231
stepping,715,651,715,64
sniffing,716,715,716,1
left_turning,754,716,754,38
sniffing,894,754,894,140
walking,948,894,948,54
right_turning,952,948,952,4
stepping,967,952,967,15
walking,995,967,995,28
right_turning,1009,995,1009,14
walking,1024,1009,1024,15
sniffing,1042,1024,1042,18
right_turning,1158,1042,1158,116
sniffing,1234,1158,1234,76
rising,1235,1234,1235,1
sniffing,1245,1235,1245,10
stepping,1269,1245,1269,24
walking,1270,1269,1270,1
rising,1333,1270,1333,63
sniffing,1368,1333,1368,35
grooming,1505,1368,1505,137
rearing,1506,1505,1506,1
hunching,1507,1506,1507,1
sniffing,1542,1507,1542,35
right_turning,1579,1542,1579,37
sniffing,1599,1579,1599,20
right_turning,1616,1599,1616,17
running,1649,1616,1649,33
rising,1652,1649,1652,3
sniffing,1653,1652,1653,1
rising,1654,1653,1654,1
rearing,1655,1654,1655,1
sniffing,1656,1655,1656,1
walking,1717,1656,1717,61
rearing,1735,1717,1735,18
rising,1736,1735,1736,1
left_turning,1751,1736,1751,15
stepping,1894,1751,1894,143
walking,1897,1894,1897,3
stepping,1900,1897,1900,3
right_turning,1957,1900,1957,57
stepping,1958,1957,1958,1
rising,1964,1958,1964,6
rearing,2040,1964,2040,76
grooming,2106,2040,2106,66
hunching,2115,2106,2115,9
grooming,2168,2115,2168,53
rising,2197,2168,2197,29
rearing,2198,2197,2198,1
sniffing,2243,2198,2243,45
left_turning,2293,2243,2293,50
sniffing,2398,2293,2398,105
rising,2416,2398,2416,18
sniffing,2417,2416,2417,1
walking,2493,2417,2493,76
rising,2552,2493,2552,59
sniffing,2589,2552,2589,37
left_turning,2639,2589,2639,50
sniffing,2640,2639,2640,1
rising,2641,2640,2641,1
sniffing,2657,2641,2657,16
walking,2746,2657,2746,89
sniffing,2760,2746,2760,14
walking,2783,2760,2783,23
running,2818,2783,2818,35
walking,2825,2818,2825,7
stepping,2846,2825,2846,21
rising,2847,2846,2847,1
grooming,2848,2847,2848,1
sniffing,2935,2848,2935,87
stepping,2936,2935,2936,1
walking,2938,2936,2938,2
sniffing,2962,2938,2962,24
rising,2977,2962,2977,15
hunching,2996,2977,2996,19
grooming,3094,2996,3094,98
right_turning,3133,3094,3133,39
walking,3178,3133,3178,45
grooming,3262,3178,3262,84
stepping,3300,3262,3300,38
walking,3406,3300,3406,106
stepping,3431,3406,3431,25
sniffing,3448,3431,3448,17
hunching,3486,3448,3486,38
rearing,3487,3486,3487,1
sniffing,3488,3487,3488,1
walking,3497,3488,3497,9
running,3527,3497,3527,30
trotting,3564,3527,3564,37
walking,3574,3564,3574,10
rising,3615,3574,3615,41
climbing,3650,3615,3650,35
rearing,3679,3650,3679,29
grooming,3687,3679,3687,8
left_turning,3699,3687,3699,12
sniffing,3700,3699,3700,1
stepping,3749,3700,3749,49
rising,3757,3749,3757,8
grooming,3809,3757,3809,52
rising,3840,3809,3840,31
climbing,3890,3840,3890,50
hunching,3920,3890,3920,30
rising,3927,3920,3927,7
sniffing,3967,3927,3967,40
trotting,4020,3967,4020,53
walking,4025,4020,4025,5
sniffing,4077,4025,4077,52
trotting,4079,4077,4079,2
running,4105,4079,4105,26
trotting,4106,4105,4106,1
stepping,4145,4106,4145,39
sniffing,4208,4145,4208,63
climbing,4269,4208,4269,61
hunching,4279,4269,4279,10
grooming,4440,4279,4440,161
hunching,4451,4440,4451,11
grooming,4471,4451,4471,20
rearing,4548,4471,4548,77
hunching,4578,4548,4578,30
rising,4611,4578,4611,33
rearing,4620,4611,4620,9
climbing,4722,4620,4722,102
grooming,4864,4722,4864,142
hunching,4872,4864,4872,8
grooming,4968,4872,4968,96
stepping,4988,4968,4988,20
sniffing,5029,4988,5029,41
walking,5076,5029,5076,47
rising,5169,5076,5169,93
left_turning,5170,5169,5170,1
rearing,5201,5170,5201,31
walking,5220,5201,5220,19
sniffing,5292,5220,5292,72
grooming,5361,5292,5361,69
walking,5409,5361,5409,48
stepping,5422,5409,5422,13
trotting,5430,5422,5430,8
rising,5431,5430,5431,1
sniffing,5479,5431,5479,48
rising,5554,5479,5554,75
sniffing,5594,5554,5594,40
grooming,5653,5594,5653,59
climbing,5698,5653,5698,45
rearing,5790,5698,5790,92
grooming,5911,5790,5911,121
walking,5946,5911,5946,35
sniffing,6009,5946,6009,63
grooming,6217,6009,6217,208
hunching,6260,6217,6260,43
grooming,6463,6260,6463,203
stepping,6494,6463,6494,31
sniffing,6495,6494,6495,1
rising,6526,6495,6526,31
sniffing,6527,6526,6527,1
stepping,6553,6527,6553,26
right_turning,6599,6553,6599,46
walking,6691,6599,6691,92
trotting,6745,6691,6745,54
running,6764,6745,6764,19
stepping,6828,6764,6828,64
sniffing,6959,6828,6959,131
stepping,7008,6959,7008,49
rising,7074,7008,7074,66
sniffing,7075,7074,7075,1
stepping,7083,7075,7083,8
sniffing,7084,7083,7084,1
rearing,7111,7084,7111,27
sniffing,7191,7111,7191,80
left_turning,7242,7191,7242,51
walking,7265,7242,7265,23
stepping,7282,7265,7282,17
rearing,7325,7282,7325,43
hunching,7355,7325,7355,30
stepping,7455,7355,7455,100
rising,7511,7455,7511,56
stepping,7524,7511,7524,13
rearing,7565,7524,7565,41
grooming,7596,7565,7596,31
sniffing,7638,7596,7638,42
rising,7639,7638,7639,1
right_turning,7640,7639,7640,1
running,7663,7640,7663,23
trotting,7735,7663,7735,72
walking,7790,7735,7790,55
sniffing,7791,7790,7791,1
walking,7826,7791,7826,35
sniffing,7827,7826,7827,1
hunching,7830,7827,7830,3
rearing,7850,7830,7850,20
grooming,7993,7850,7993,143
walking,8108,7993,8108,115
rising,8168,8108,8168,60
walking,8203,8168,8203,35
stepping,8313,8203,8313,110
sniffing,8314,8313,8314,1
walking,8389,8314,8389,75
sniffing,8458,8389,8458,69
running,8477,8458,8477,19
stepping,8577,8477,8577,100
sniffing,8700,8577,8700,123
right_turning,8701,8700,8701,1
running,8703,8701,8703,2
stepping,8767,8703,8767,64
right_turning,8781,8767,8781,14
rising,8800,8781,8800,19
grooming,8850,8800,8850,50
sniffing,8947,8850,8947,97
rising,9005,8947,9005,58
sniffing,9081,9005,9081,76
stepping,9137,9081,9137,56
walking,9138,9137,9138,1
sniffing,9288,9138,9288,150
walking,9346,9288,9346,58
grooming,9512,9346,9512,166
rising,9603,9512,9603,91
sniffing,9760,9603,9760,157
grooming,10081,9760,10081,321
rearing,10106,10081,10106,25
grooming,10159,10106,10159,53
scratching,10160,10159,10160,1
grooming,10243,10160,10243,83
left_turning,10265,10243,10265,22
right_turning,10301,10265,10301,36
sniffing,10302,10301,10302,1
left_turning,10345,10302,10345,43
trotting,10404,10345,10404,59
sniffing,10539,10404,10539,135
grooming,10672,10539,10672,133
walking,10730,10672,10730,58
rearing,10791,10730,10791,61
climbing,10826,10791,10826,35
stepping,10846,10826,10846,20
grooming,10936,10846,10936,90
stepping,10981,10936,10981,45
rising,11038,10981,11038,57
sniffing,11084,11038,11084,46
stepping,11126,11084,11126,42
climbing,11212,11126,11212,86
rearing,11273,11212,11273,61
grooming,11442,11273,11442,169
rearing,11504,11442,11504,62
walking,11505,11504,11505,1
grooming,11506,11505,11506,1
walking,11530,11506,11530,24
trotting,11580,11530,11580,50
sniffing,11625,11580,11625,45
grooming,11696,11625,11696,71
stepping,11699,11696,11699,3
walking,11737,11699,11737,38
stepping,11762,11737,11762,25
walking,11892,11762,11892,130
left_turning,11970,11892,11970,78
walking,12030,11970,12030,60
sniffing,12040,12030,12040,10
rising,12109,12040,12109,69
walking,12132,12109,12132,23
sniffing,12133,12132,12133,1
walking,12136,12133,12136,3
rearing,12193,12136,12193,57
grooming,12197,12193,12197,4
rearing,12255,12197,12255,58
grooming,12444,12255,12444,189
sniffing,12478,12444,12478,34
walking,12561,12478,12561,83
sniffing,12625,12561,12625,64
right_turning,12667,12625,12667,42
running,12669,12667,12669,2
trotting,12679,12669,12679,10
walking,12710,12679,12710,31
stepping,12729,12710,12729,19
sniffing,12807,12729,12807,78
walking,12856,12807,12856,49
stepping,12915,12856,12915,59
walking,12987,12915,12987,72
sniffing,13032,12987,13032,45
stepping,13040,13032,13040,8
sniffing,13113,13040,13113,73
stepping,13168,13113,13168,55
grooming,13228,13168,13228,60
sniffing,13229,13228,13229,1
rising,13270,13229,13270,41
sniffing,13279,13270,13279,9
walking,13357,13279,13357,78
left_turning,13406,13357,13406,49
rearing,13428,13406,13428,22
sniffing,13479,13428,13479,51
rising,13579,13479,13579,100
grooming,13621,13579,13621,42
sniffing,13755,13621,13755,134
walking,13795,13755,13795,40
rising,13824,13795,13824,29
grooming,13852,13824,13852,28
walking,13892,13852,13892,40
stepping,13915,13892,13915,23
rising,13987,13915,13987,72
grooming,14037,13987,14037,50
rearing,14045,14037,14045,8
grooming,14133,14045,14133,88
climbing,14157,14133,14157,24
grooming,14295,14157,14295,138
left_turning,14329,14295,14329,34
walking,14368,14329,14368,39
running,14404,14368,14404,36
stepping,14418,14404,14418,14
sniffing,14419,14418,14419,1
stepping,14485,14419,14485,66
climbing,14573,14485,14573,88
grooming,14575,14573,14575,2
walking,14614,14575,14614,39
sniffing,14615,14614,14615,1
rearing,14705,14615,14705,90
hunching,14736,14705,14736,31
grooming,14737,14736,14737,1
walking,14760,14737,14760,23
sniffing,14806,14760,14806,46
walking,14808,14806,14808,2
running,14822,14808,14822,14
left_turning,14937,14822,14937,115
walking,14938,14937,14938,1
stepping,14956,14938,14956,18
sniffing,14991,14956,14991,35
walking,15026,14991,15026,35
grooming,15045,15026,15045,19
running,15075,15045,15075,30
left_turning,15079,15075,15079,4
sniffing,15147,15079,15147,68
stepping,15197,15147,15197,50
sniffing,15198,15197,15198,1
grooming,15380,15198,15380,182
sniffing,15382,15380,15382,2
rising,15434,15382,15434,52
grooming,15435,15434,15435,1
sniffing,15602,15435,15602,167
grooming,15755,15602,15755,153
rising,15775,15755,15775,20
left_turning,15834,15775,15834,59
sniffing,15846,15834,15846,12
grooming,15991,15846,15991,145
climbing,16067,15991,16067,76
grooming,16178,16067,16178,111
walking,16207,16178,16207,29
sniffing,16208,16207,16208,1
walking,16282,16208,16282,74
trotting,16298,16282,16298,16
sniffing,16299,16298,16299,1
rising,16341,16299,16341,42
stepping,16366,16341,16366,25
climbing,16432,16366,16432,66
sniffing,16433,16432,16433,1
grooming,16480,16433,16480,47
sniffing,16561,16480,16561,81
stepping,16563,16561,16563,2
walking,16664,16563,16664,101
stepping,16685,16664,16685,21
walking,16686,16685,16686,1
rising,16724,16686,16724,38
climbing,16792,16724,16792,68
left_turning,16813,16792,16813,21
walking,16899,16813,16899,86
stepping,16934,16899,16934,35
sniffing,16962,16934,16962,28
left_turning,16977,16962,16977,15
walking,17043,16977,17043,66
trotting,17107,17043,17107,64
running,17128,17107,17128,21
trotting,17178,17128,17178,50
walking,17238,17178,17238,60
sniffing,17239,17238,17239,1
walking,17275,17239,17275,36
stepping,17301,17275,17301,26
walking,17360,17301,17360,59
trotting,17371,17360,17371,11
climbing,17507,17371,17507,136
grooming,17508,17507,17508,1
left_turning,17520,17508,17520,12
stepping,17561,17520,17561,41
sniffing,17567,17561,17567,6
stepping,17609,17567,17609,42
sniffing,17610,17609,17610,1
walking,17654,17610,17654,44
trotting,17666,17654,17666,12
stepping,17709,17666,17709,43
grooming,17778,17709,17778,69
sniffing,17827,17778,17827,49
rearing,17895,17827,17895,68
rising,17942,17895,17942,47
rearing,17976,17942,17976,34
hunching,18020,17976,18020,44
rearing,18061,18020,18061,41
sniffing,18084,18061,18084,23
walking,18112,18084,18112,28
stepping,18213,18112,18213,101
walking,18255,18213,18255,42
rearing,18292,18255,18292,37
climbing,18296,18292,18296,4
rising,18327,18296,18327,31
left_turning,18425,18327,18425,98
walking,18450,18425,18450,25
sniffing,18473,18450,18473,23
stepping,18533,18473,18533,60
sniffing,18534,18533,18534,1
trotting,18560,18534,18560,26
walking,18610,18560,18610,50
running,18635,18610,18635,25
sniffing,18697,18635,18697,62
rising,18749,18697,18749,52
walking,18750,18749,18750,1
sniffing,18843,18750,18843,93
grooming,18907,18843,18907,64
rearing,18978,18907,18978,71
rising,19000,18978,19000,22
climbing,19092,19000,19092,92
walking,19116,19092,19116,24
sniffing,19200,19116,19200,84
rising,19220,19200,19220,20
trotting,19240,19220,19240,20
rising,19245,19240,19245,5
walking,19328,19245,19328,83
stepping,19395,19328,19395,67
walking,19476,19395,19476,81
sniffing,19558,19476,19558,82
grooming,19701,19558,19701,143
climbing,19745,19701,19745,44
right_turning,19746,19745,19746,1
stepping,19829,19746,19829,83
sniffing,19848,19829,19848,19
stepping,19864,19848,19864,16
sniffing,19865,19864,19865,1
trotting,19933,19865,19933,68
walking,19968,19933,19968,35
sniffing,19994,19968,19994,26
rising,20030,19994,20030,36
stepping,20062,20030,20062,32
trotting,20116,20062,20116,54
stepping,20173,20116,20173,57
right_turning,20208,20173,20208,35
walking,20270,20208,20270,62
rising,20302,20270,20302,32
sniffing,20381,20302,20381,79
rising,20462,20381,20462,81
stepping,20508,20462,20508,46
sniffing,20691,20508,20691,183
rearing,20782,20691,20782,91
hunching,20783,20782,20783,1
grooming,20898,20783,20898,115
sniffing,20931,20898,20931,33
rising,20935,20931,20935,4
grooming,20951,20935,20951,16
hunching,21025,20951,21025,74
rearing,21070,21025,21070,45
left_turning,21107,21070,21107,37
rising,21108,21107,21108,1
grooming,21342,21108,21342,234
rearing,21343,21342,21343,1
stepping,21395,21343,21395,52
sniffing,21396,21395,21396,1
walking,21455,21396,21455,59
stepping,21486,21455,21486,31
walking,21533,21486,21533,47
rising,21534,21533,21534,1
climbing,21589,21534,21589,55
trotting,21613,21589,21613,24
walking,21673,21613,21673,60
stepping,21709,21673,21709,36
sniffing,21714,21709,21714,5
walking,21727,21714,21727,13
sniffing,21747,21727,21747,20
right_turning,21753,21747,21753,6
stepping,21784,21753,21784,31
walking,21792,21784,21792,8
grooming,21793,21792,21793,1
running,21796,21793,21796,3
stepping,21811,21796,21811,15
sniffing,21821,21811,21821,10
climbing,21891,21821,21891,70
grooming,22273,21891,22273,382
hunching,22410,22273,22410,137
rearing,22465,22410,22465,55
climbing,22506,22465,22506,41
stepping,22530,22506,22530,24
grooming,22569,22530,22569,39
sniffing,22644,22569,22644,75
walking,22691,22644,22691,47
right_turning,22747,22691,22747,56
sniffing,22779,22747,22779,32
grooming,22930,22779,22930,151
stepping,23005,22930,23005,75
walking,23040,23005,23040,35
left_turning,23115,23040,23115,75
hunching,23135,23115,23135,20
grooming,23366,23135,23366,231
left_turning,23392,23366,23392,26
walking,23445,23392,23445,53
sniffing,23486,23445,23486,41
rearing,23641,23486,23641,155
stepping,23699,23641,23699,58
grooming,23749,23699,23749,50
rising,23799,23749,23799,50
walking,23878,23799,23878,79
trotting,23915,23878,23915,37
sniffing,23973,23915,23973,58
rearing,24035,23973,24035,62
grooming,24185,24035,24185,150
running,24212,24185,24212,27
rising,24233,24212,24233,21
rearing,24252,24233,24252,19
grooming,24485,24252,24485,233
sniffing,24610,24485,24610,125
rearing,24631,24610,24631,21
walking,24666,24631,24666,35
stepping,24670,24666,24670,4
sniffing,24819,24670,24819,149
trotting,24867,24819,24867,48
left_turning,24906,24867,24906,39
grooming,25080,24906,25080,174
sniffing,25134,25080,25134,54
grooming,25135,25134,25135,1
rising,25140,25135,25140,5
sniffing,25172,25140,25172,32
rising,25173,25172,25173,1
sniffing,25221,25173,25221,48
rearing,25305,25221,25305,84
climbing,25321,25305,25321,16
sniffing,25350,25321,25350,29
left_turning,25417,25350,25417,67
sniffing,25500,25417,25500,83
rising,25516,25500,25516,16
walking,25560,25516,25560,44
stepping,25561,25560,25561,1
walking,25641,25561,25641,80
sniffing,25737,25641,25737,96
stepping,25785,25737,25785,48
trotting,25809,25785,25809,24
sniffing,26105,25809,26105,296
walking,26176,26105,26176,71
hunching,26227,26176,26227,51
grooming,26478,26227,26478,251
rearing,26485,26478,26485,7
rising,26532,26485,26532,47
sniffing,26556,26532,26556,24
grooming,26734,26556,26734,178
stepping,26789,26734,26789,55
sniffing,26790,26789,26790,1
climbing,26854,26790,26854,64
rearing,26864,26854,26864,10
walking,26893,26864,26893,29
left_turning,26918,26893,26918,25
walking,26986,26918,26986,68
sniffing,27020,26986,27020,34
walking,27070,27020,27070,50
grooming,27111,27070,27111,41
rearing,27167,27111,27167,56
grooming,27258,27167,27258,91
rising,27314,27258,27314,56
left_turning,27348,27314,27348,34
scratching,27349,27348,27349,1
sniffing,27373,27349,27373,24
grooming,27622,27373,27622,249
rising,27657,27622,27657,35
grooming,27678,27657,27678,21
rearing,27681,27678,27681,3
stepping,27715,27681,27715,34
climbing,27773,27715,27773,58
stepping,27789,27773,27789,16
sniffing,27882,27789,27882,93
walking,27930,27882,27930,48
sniffing,27933,27930,27933,3
rising,27983,27933,27983,50
left_turning,28056,27983,28056,73
walking,28101,28056,28101,45
rising,28128,28101,28128,27
grooming,28493,28128,28493,365
walking,28595,28493,28595,102
sniffing,28596,28595,28596,1
walking,28632,28596,28632,36
stepping,28658,28632,28658,26
walking,28688,28658,28688,30
trotting,28716,28688,28716,28
stepping,28768,28716,28768,52
walking,28868,28768,28868,100
stepping,28908,28868,28908,40
climbing,28909,28908,28909,1
left_turning,28930,28909,28930,21
walking,29048,28930,29048,118
grooming,29049,29048,29049,1
rearing,29089,29049,29089,40
grooming,29508,29089,29508,419
rising,29562,29508,29562,54
climbing,29619,29562,29619,57
stepping,29670,29619,29670,51
climbing,29685,29670,29685,15
running,29730,29685,29730,45
walking,29782,29730,29782,52
stepping,29831,29782,29831,49
sniffing,29889,29831,29889,58
right_turning,29892,29889,29892,3
stepping,29951,29892,29951,59
sniffing,29952,29951,29952,1
grooming,30001,29952,30001,49
walking,30041,30001,30041,40
trotting,30058,30041,30058,17
stepping,30098,30058,30098,40
rearing,30099,30098,30099,1
grooming,30297,30099,30297,198
left_turning,30336,30297,30336,39
walking,30368,30336,30368,32
rising,30443,30368,30443,75
sniffing,30444,30443,30444,1
stepping,30494,30444,30494,50
trotting,30545,30494,30545,51
sniffing,30676,30545,30676,131
walking,30707,30676,30707,31
stepping,30738,30707,30738,31
grooming,30808,30738,30808,70
hunching,30809,30808,30809,1
grooming,30829,30809,30829,20
rising,30839,30829,30839,10
sniffing,30926,30839,30926,87
climbing,31003,30926,31003,77
grooming,31024,31003,31024,21
rearing,31117,31024,31117,93
rising,31126,31117,31126,9
climbing,31193,31126,31193,67
grooming,31233,31193,31233,40
left_turning,31241,31233,31241,8
walking,31292,31241,31292,51
climbing,31330,31292,31330,38
grooming,31436,31330,31436,106
sniffing,31561,31436,31561,125
walking,31604,31561,31604,43
stepping,31647,31604,31647,43
sniffing,31715,31647,31715,68
stepping,31731,31715,31731,16
rising,31742,31731,31742,11
right_turning,31749,31742,31749,7
walking,31786,31749,31786,37
sniffing,31802,31786,31802,16
grooming,31853,31802,31853,51
stepping,31931,31853,31931,78
right_turning,31936,31931,31936,5
stepping,31968,31936,31968,32
grooming,32006,31968,32006,38
right_turning,32046,32006,32046,40
sniffing,32047,32046,32047,1
grooming,32144,32047,32144,97
scratching,32145,32144,32145,1
trotting,32164,32145,32164,19
walking,32228,32164,32228,64
right_turning,32265,32228,32265,37
running,32297,32265,32297,32
trotting,32308,32297,32308,11
stepping,32336,32308,32336,28
rearing,32352,32336,32352,16
hunching,32368,32352,32368,16
grooming,32478,32368,32478,110
running,32492,32478,32492,14
climbing,32529,32492,32529,37
walking,32616,32529,32616,87
sniffing,32669,32616,32669,53
stepping,32710,32669,32710,41
grooming,32860,32710,32860,150
sniffing,32894,32860,32894,34
stepping,32950,32894,32950,56
rising,32970,32950,32970,20
trotting,33025,32970,33025,55
sniffing,33026,33025,33026,1
rearing,33057,33026,33057,31
grooming,33124,33057,33124,67
trotting,33156,33124,33156,32
sniffing,33462,33156,33462,306
stepping,33482,33462,33482,20
trotting,33513,33482,33513,31
sniffing,33570,33513,33570,57
grooming,33681,33570,33681,111
sniffing,33730,33681,33730,49
climbing,33737,33730,33737,7
walking,33776,33737,33776,39
sniffing,33848,33776,33848,72
right_turning,33873,33848,33873,25
stepping,33893,33873,33893,20
walking,33938,33893,33938,45
rearing,34002,33938,34002,64
walking,34073,34002,34073,71
rising,34087,34073,34087,14
sniffing,34142,34087,34142,55
grooming,34258,34142,34258,116
sniffing,34259,34258,34259,1
right_turning,34284,34259,34284,25
running,34322,34284,34322,38
walking,34350,34322,34350,28
stepping,34368,34350,34368,18
grooming,34429,34368,34429,61
rearing,34480,34429,34480,51
grooming,34654,34480,34654,174
climbing,34702,34654,34702,48
rearing,34780,34702,34780,78
grooming,34781,34780,34781,1
sniffing,34983,34781,34983,202
walking,35003,34983,35003,20
grooming,35004,35003,35004,1
trotting,35024,35004,35024,20
walking,35025,35024,35025,1
sniffing,35048,35025,35048,23
walking,35098,35048,35098,50
rising,35104,35098,35104,6
stepping,35135,35104,35135,31
rearing,35210,35135,35210,75
climbing,35292,35210,35292,82
walking,35329,35292,35329,37
stepping,35331,35329,35331,2
trotting,35335,35331,35335,4
left_turning,35367,35335,35367,32
stepping,35399,35367,35399,32
walking,35409,35399,35409,10
stepping,35440,35409,35440,31
grooming,35441,35440,35441,1
climbing,35520,35441,35520,79
stepping,35563,35520,35563,43
rearing,35672,35563,35672,109
stepping,35697,35672,35697,25
sniffing,35798,35697,35798,101
walking,35834,35798,35834,36
sniffing,35945,35834,35945,111
stepping,35946,35945,35946,1
grooming,35951,35946,35951,5
rearing,35977,35951,35977,26
grooming,36060,35977,36060,83
stepping,36076,36060,36076,16
sniffing,36254,36076,36254,178
grooming,36349,36254,36349,95
rearing,36404,36349,36404,55
grooming,36554,36404,36554,150
sniffing,36687,36554,36687,133
stepping,36764,36687,36764,77
rising,36828,36764,36828,64
grooming,36873,36828,36873,45
walking,36902,36873,36902,29
trotting,36931,36902,36931,29
walking,36974,36931,36974,43
sniffing,37106,36974,37106,132
stepping,37169,37106,37169,63
running,37185,37169,37185,16
walking,37257,37185,37257,72
sniffing,37315,37257,37315,58
walking,37316,37315,37316,1
sniffing,37351,37316,37351,35
rising,37357,37351,37357,6
climbing,37479,37357,37479,122
stepping,37487,37479,37487,8
sniffing,37561,37487,37561,74
walking,37567,37561,37567,6
sniffing,37660,37567,37660,93
rising,37699,37660,37699,39
climbing,37794,37699,37794,95
right_turning,37863,37794,37863,69
grooming,38038,37863,38038,175
sniffing,38205,38038,38205,167
walking,38231,38205,38231,26
sniffing,38275,38231,38275,44
stepping,38322,38275,38322,47
sniffing,38398,38322,38398,76
walking,38399,38398,38399,1
sniffing,38533,38399,38533,134
left_turning,38603,38533,38603,70
stepping,38629,38603,38629,26
sniffing,38671,38629,38671,42
rising,38672,38671,38672,1
sniffing,38803,38672,38803,131
stepping,38826,38803,38826,23
grooming,38864,38826,38864,38
hunching,38912,38864,38912,48
rearing,38977,38912,38977,65
jumping,39057,38977,39057,80
right_turning,39071,39057,39071,14
trotting,39088,39071,39088,17
walking,39139,39088,39139,51
trotting,39152,39139,39152,13
walking,39204,39152,39204,52
climbing,39519,39204,39519,315
grooming,39596,39519,39596,77
rearing,39636,39596,39636,40
climbing,39802,39636,39802,166
walking,39856,39802,39856,54
rearing,39894,39856,39894,38
climbing,39899,39894,39899,5
left_turning,39900,39899,39900,1
sniffing,40035,39900,40035,135
stepping,40081,40035,40081,46
grooming,40082,40081,40082,1
rearing,40204,40082,40204,122
grooming,40211,40204,40211,7
rearing,40212,40211,40212,1
climbing,40273,40212,40273,61
sniffing,40302,40273,40302,29
stepping,40355,40302,40355,53
rising,40404,40355,40404,49
sniffing,40405,40404,40405,1
walking,40419,40405,40419,14
left_turning,40438,40419,40438,19
sniffing,40519,40438,40519,81
rising,40651,40519,40651,132
stepping,40653,40651,40653,2
walking,40670,40653,40670,17
sniffing,40754,40670,40754,84
climbing,40796,40754,40796,42
rearing,40797,40796,40797,1
grooming,40899,40797,40899,102
sniffing,40995,40899,40995,96
grooming,40996,40995,40996,1
rising,40997,40996,40997,1
walking,41026,40997,41026,29
sniffing,41037,41026,41037,11
rearing,41099,41037,41099,62
left_turning,41103,41099,41103,4
running,41127,41103,41127,24
walking,41128,41127,41128,1
sniffing,41129,41128,41129,1
climbing,41161,41129,41161,32
walking,41204,41161,41204,43
sniffing,41205,41204,41205,1
rising,41259,41205,41259,54
grooming,41260,41259,41260,1
rearing,41284,41260,41284,24
hunching,41344,41284,41344,60
grooming,41605,41344,41605,261
rearing,41844,41605,41844,239
hunching,41845,41844,41845,1
rearing,41846,41845,41846,1
rising,41858,41846,41858,12
climbing,41954,41858,41954,96
grooming,42109,41954,42109,155
stepping,42169,42109,42169,60
sniffing,42250,42169,42250,81
stepping,42258,42250,42258,8
right_turning,42278,42258,42278,20
sniffing,42279,42278,42279,1
left_turning,42322,42279,42322,43
stepping,42377,42322,42377,55
rearing,42451,42377,42451,74
left_turning,42452,42451,42452,1
grooming,42584,42452,42584,132
hunching,42585,42584,42585,1
rearing,42635,42585,42635,50
grooming,42737,42635,42737,102
walking,42779,42737,42779,42
sniffing,42780,42779,42780,1
stepping,42787,42780,42787,7
sniffing,42995,42787,42995,208
rising,42996,42995,42996,1
grooming,42997,42996,42997,1
sniffing,43121,42997,43121,124
stepping,43142,43121,43142,21
walking,43153,43142,43153,11
sniffing,43237,43153,43237,84
trotting,43254,43237,43254,17
walking,43262,43254,43262,8
sniffing,43349,43262,43349,87
left_turning,43381,43349,43381,32
grooming,43685,43381,43685,304
scratching,43686,43685,43686,1
sniffing,43735,43686,43735,49
stepping,43780,43735,43780,45
left_turning,43820,43780,43820,40
stepping,43847,43820,43847,27
sniffing,43912,43847,43912,65
running,43929,43912,43929,17
stepping,43989,43929,43989,60
walking,44059,43989,44059,70
sniffing,44087,44059,44087,28
rising,44088,44087,44088,1
rearing,44115,44088,44115,27
grooming,44160,44115,44160,45
rearing,44180,44160,44180,20
sniffing,44181,44180,44181,1
stepping,44182,44181,44182,1
trotting,44218,44182,44218,36
rising,44270,44218,44270,52
stepping,44319,44270,44319,49
sniffing,44438,44319,44438,119
rearing,44472,44438,44472,34
climbing,44572,44472,44572,100
trotting,44612,44572,44612,40
stepping,44627,44612,44627,15
sniffing,44628,44627,44628,1
rising,44704,44628,44704,76
sniffing,44746,44704,44746,42
grooming,44906,44746,44906,160
rearing,44907,44906,44907,1
grooming,44990,44907,44990,83
scratching,44991,44990,44991,1
walking,45047,44991,45047,56
sniffing,45131,45047,45131,84
walking,45206,45131,45206,75
stepping,45232,45206,45232,26
scratching,45233,45232,45233,1
sniffing,45299,45233,45299,66
grooming,45588,45299,45588,289
right_turning,45608,45588,45608,20
sniffing,45609,45608,45609,1
rising,45637,45609,45637,28
hunching,45729,45637,45729,92
sniffing,45762,45729,45762,33
right_turning,45813,45762,45813,51
sniffing,45885,45813,45885,72
right_turning,45974,45885,45974,89
sniffing,46062,45974,46062,88
rising,46122,46062,46122,60
climbing,46280,46122,46280,158
trotting,46305,46280,46305,25
stepping,46312,46305,46312,7
sniffing,46342,46312,46342,30
walking,46387,46342,46387,45
running,46411,46387,46411,24
grooming,46591,46411,46591,180
left_turning,46631,46591,46631,40
walking,46647,46631,46647,16
stepping,46665,46647,46665,18
sniffing,46714,46665,46714,49
rising,46715,46714,46715,1
grooming,46947,46715,46947,232
sniffing,47035,46947,47035,88
rising,47149,47035,47149,114
left_turning,47163,47149,47163,14
grooming,47209,47163,47209,46
stepping,47212,47209,47212,3
sniffing,47246,47212,47246,34
right_turning,47284,47246,47284,38
walking,47301,47284,47301,17
sniffing,47304,47301,47304,3
walking,47357,47304,47357,53
sniffing,47414,47357,47414,57
climbing,47415,47414,47415,1
rearing,47416,47415,47416,1
hunching,47417,47416,47417,1
rearing,47486,47417,47486,69
grooming,47641,47486,47641,155
stepping,47695,47641,47695,54
climbing,47696,47695,47696,1
sniffing,47697,47696,47697,1
scratching,47698,47697,47698,1
sniffing,47699,47698,47699,1
grooming,47744,47699,47744,45
scratching,47745,47744,47745,1
left_turning,47772,47745,47772,27
sniffing,47806,47772,47806,34
walking,47834,47806,47834,28
sniffing,47870,47834,47870,36
grooming,48180,47870,48180,310
sniffing,48278,48180,48278,98
walking,48348,48278,48348,70
stepping,48403,48348,48403,55
sniffing,48404,48403,48404,1
walking,48405,48404,48405,1
sniffing,48458,48405,48458,53
grooming,48459,48458,48459,1
scratching,48460,48459,48460,1
sniffing,48589,48460,48589,129
grooming,48818,48589,48818,229
climbing,48875,48818,48875,57
grooming,48876,48875,48876,1
walking,48969,48876,48969,93
sniffing,49036,48969,49036,67
hunching,49042,49036,49042,6
rearing,49068,49042,49068,26
grooming,49327,49068,49327,259
hunching,49409,49327,49409,82
grooming,49410,49409,49410,1
sniffing,49599,49410,49599,189
right_turning,49607,49599,49607,8
stepping,49660,49607,49660,53
walking,49710,49660,49710,50
stepping,49772,49710,49772,62
rising,49788,49772,49788,16
grooming,49987,49788,49987,199
sniffing,49998,49987,49998,11
walking,50039,49998,50039,41
rising,50080,50039,50080,41
rearing,50122,50080,50122,42
climbing,50173,50122,50173,51
grooming,50346,50173,50346,173
rising,50388,50346,50388,42
stepping,50413,50388,50413,25
walking,50494,50413,50494,81
rising,50495,50494,50495,1
right_turning,50509,50495,50509,14
sniffing,50560,50509,50560,51
left_turning,50611,50560,50611,51
stepping,50650,50611,50650,39
climbing,50765,50650,50765,115
right_turning,50772,50765,50772,7
sniffing,50849,50772,50849,77
running,50866,50849,50866,17
trotting,50906,50866,50906,40
walking,50914,50906,50914,8
sniffing,51091,50914,51091,177
trotting,51113,51091,51113,22
sniffing,51114,51113,51114,1
running,51133,51114,51133,19
sniffing,51134,51133,51134,1
rearing,51160,51134,51160,26
climbing,51228,51160,51228,68
walking,51273,51228,51273,45
rising,51286,51273,51286,13
climbing,51337,51286,51337,51
grooming,51420,51337,51420,83
sniffing,51421,51420,51421,1
trotting,51429,51421,51429,8
stepping,51462,51429,51462,33
sniffing,51581,51462,51581,119
trotting,51622,51581,51622,41
stepping,51623,51622,51623,1
sniffing,51624,51623,51624,1
right_turning,51646,51624,51646,22
trotting,51688,51646,51688,42
sniffing,51801,51688,51801,113
stepping,51802,51801,51802,1
sniffing,51803,51802,51803,1
walking,51804,51803,51804,1
stepping,51842,51804,51842,38
sniffing,51901,51842,51901,59
left_turning,51963,51901,51963,62
walking,52011,51963,52011,48
stepping,52012,52011,52012,1
rising,52013,52012,52013,1
grooming,52085,52013,52085,72
left_turning,52133,52085,52133,48
walking,52136,52133,52136,3
stepping,52155,52136,52155,19
right_turning,52189,52155,52189,34
walking,52288,52189,52288,99
stepping,52315,52288,52315,27
sniffing,52408,52315,52408,93
rising,52506,52408,52506,98
sniffing,52539,52506,52539,33
rising,52557,52539,52557,18
rearing,52569,52557,52569,12
walking,52655,52569,52655,86
scratching,52656,52655,52656,1
grooming,53386,52656,53386,730
hunching,53447,53386,53447,61
left_turning,53448,53447,53448,1
rearing,53449,53448,53449,1
grooming,53450,53449,53450,1
rearing,53546,53450,53546,96
climbing,53674,53546,53674,128
sniffing,53675,53674,53675,1
rising,53715,53675,53715,40
trotting,53780,53715,53780,65
rearing,53846,53780,53846,66
grooming,53847,53846,53847,1
stepping,53848,53847,53848,1
sniffing,53963,53848,53963,115
right_turning,53989,53963,53989,26
walking,54097,53989,54097,108
stepping,54144,54097,54144,47
sniffing,54148,54144,54148,4
stepping,54160,54148,54160,12
climbing,54181,54160,54181,21
rearing,54335,54181,54335,154
grooming,54474,54335,54474,139
rearing,54618,54474,54618,144
grooming,55004,54618,55004,386
sniffing,55241,55004,55241,237
stepping,55275,55241,55275,34
sniffing,55334,55275,55334,59
rising,55335,55334,55335,1
sniffing,55355,55335,55355,20
running,55375,55355,55375,20
sniffing,55376,55375,55376,1
stepping,55396,55376,55396,20
walking,55441,55396,55441,45
sniffing,55456,55441,55456,15
rising,55498,55456,55498,42
left_turning,55542,55498,55542,44
sniffing,55577,55542,55577,35
rising,55578,55577,55578,1
stepping,55605,55578,55605,27
walking,55611,55605,55611,6
sniffing,55714,55611,55714,103
scratching,55715,55714,55715,1
grooming,55716,55715,55716,1
right_turning,55797,55716,55797,81
running,55817,55797,55817,20
walking,55865,55817,55865,48
sniffing,55874,55865,55874,9
left_turning,55909,55874,55909,35
sniffing,55926,55909,55926,17
left_turning,55974,55926,55974,48
grooming,56083,55974,56083,109
walking,56084,56083,56084,1
sniffing,56160,56084,56160,76
walking,56211,56160,56211,51
sniffing,56287,56211,56287,76
grooming,56308,56287,56308,21
trotting,56344,56308,56344,36
climbing,56367,56344,56367,23
left_turning,56390,56367,56390,23
stepping,56428,56390,56428,38
climbing,56491,56428,56491,63
rearing,56578,56491,56578,87
grooming,56833,56578,56833,255
walking,56840,56833,56840,7
stepping,56927,56840,56927,87
sniffing,57003,56927,57003,76
right_turning,57006,57003,57006,3
sniffing,57148,57006,57148,142
left_turning,57183,57148,57183,35
sniffing,57399,57183,57399,216
grooming,57400,57399,57400,1
rising,57401,57400,57401,1
climbing,57518,57401,57518,117
walking,57536,57518,57536,18
sniffing,57638,57536,57638,102
left_turning,57720,57638,57720,82
walking,57771,57720,57771,51
right_turning,57778,57771,57778,7
grooming,57779,57778,57779,1
climbing,57833,57779,57833,54
rising,57835,57833,57835,2
rearing,57846,57835,57846,11
sniffing,58028,57846,58028,182
walking,58107,58028,58107,79
rearing,58123,58107,58123,16
sniffing,58124,58123,58124,1
grooming,58187,58124,58187,63
walking,58241,58187,58241,54
rising,58273,58241,58273,32
grooming,58426,58273,58426,153
rearing,58427,58426,58427,1
left_turning,58448,58427,58448,21
trotting,58511,58448,58511,63
climbing,58512,58511,58512,1
grooming,58513,58512,58513,1
right_turning,58558,58513,58558,45
sniffing,58669,58558,58669,111
hunching,58670,58669,58670,1
sniffing,58671,58670,58671,1
grooming,58694,58671,58694,23
sniffing,58839,58694,58839,145
left_turning,58916,58839,58916,77
walking,59009,58916,59009,93
sniffing,59110,59009,59110,101
right_turning,59131,59110,59131,21
sniffing,59292,59131,59292,161
rearing,59332,59292,59332,40
climbing,59351,59332,59351,19
stepping,59394,59351,59394,43
climbing,59481,59394,59481,87
grooming,59482,59481,59482,1
climbing,59656,59482,59656,174
grooming,59802,59656,59802,146
hunching,59804,59802,59804,2
grooming,59877,59804,59877,73
rearing,59887,59877,59887,10
grooming,60015,59887,60015,128
rearing,60065,60015,60065,50
hunching,60098,60065,60098,33
grooming,60130,60098,60130,32
climbing,60216,60130,60216,86
rearing,60217,60216,60217,1
climbing,60222,60217,60222,5
walking,60251,60222,60251,29
stepping,60294,60251,60294,43
left_turning,60295,60294,60295,1
scratching,60296,60295,60296,1
grooming,60297,60296,60297,1
rearing,60338,60297,60338,41
grooming,60497,60338,60497,159
sniffing,60498,60497,60498,1
stepping,60529,60498,60529,31
sniffing,60651,60529,60651,122
stepping,60652,60651,60652,1
sniffing,60685,60652,60685,33
rising,60711,60685,60711,26
hunching,60712,60711,60712,1
grooming,60824,60712,60824,112
sniffing,60944,60824,60944,120
stepping,60977,60944,60977,33
rising,61001,60977,61001,24
grooming,61002,61001,61002,1
hunching,61033,61002,61033,31
grooming,61057,61033,61057,24
climbing,61101,61057,61101,44
rising,61162,61101,61162,61
sniffing,61326,61162,61326,164
stepping,61370,61326,61370,44
walking,61422,61370,61422,52
rising,61454,61422,61454,32
left_turning,61455,61454,61455,1
sniffing,61478,61455,61478,23
stepping,61511,61478,61511,33
walking,61579,61511,61579,68
sniffing,61614,61579,61614,35
left_turning,61645,61614,61645,31
grooming,61778,61645,61778,133
sniffing,61806,61778,61806,28
rearing,61826,61806,61826,20
walking,61866,61826,61866,40
right_turning,61943,61866,61943,77
grooming,62120,61943,62120,177
rearing,62144,62120,62144,24
climbing,62173,62144,62173,29
grooming,62254,62173,62254,81
scratching,62255,62254,62255,1
stepping,62256,62255,62256,1
walking,62282,62256,62282,26
rising,62332,62282,62332,50
sniffing,62392,62332,62392,60
walking,62427,62392,62427,35
trotting,62435,62427,62435,8
walking,62441,62435,62441,6
stepping,62446,62441,62446,5
walking,62486,62446,62486,40
trotting,62504,62486,62504,18
stepping,62534,62504,62534,30
walking,62549,62534,62549,15
grooming,62735,62549,62735,186
stepping,62773,62735,62773,38
walking,62813,62773,62813,40
sniffing,62852,62813,62852,39
walking,62855,62852,62855,3
rising,62892,62855,62892,37
rearing,63023,62892,63023,131
sniffing,63139,63023,63139,116
walking,63189,63139,63189,50
grooming,63212,63189,63212,23
rising,63223,63212,63223,11
climbing,63343,63223,63343,120
right_turning,63407,63343,63407,64
stepping,63482,63407,63482,75
walking,63566,63482,63566,84
stepping,63608,63566,63608,42
walking,63609,63608,63609,1
stepping,63611,63609,63611,2
grooming,63651,63611,63651,40
left_turning,63708,63651,63708,57
sniffing,63709,63708,63709,1
left_turning,63757,63709,63757,48
sniffing,63832,63757,63832,75
rising,63895,63832,63895,63
climbing,63896,63895,63896,1
grooming,64062,63896,64062,166
left_turning,64089,64062,64089,27
stepping,64138,64089,64138,49
rising,64139,64138,64139,1
sniffing,64140,64139,64140,1
trotting,64162,64140,64162,22
walking,64172,64162,64172,10
sniffing,64231,64172,64231,59
grooming,64429,64231,64429,198
rearing,64461,64429,64461,32
grooming,64462,64461,64462,1
climbing,64502,64462,64502,40
left_turning,64517,64502,64517,15
walking,64533,64517,64533,16
sniffing,64534,64533,64534,1
stepping,64557,64534,64557,23
walking,64564,64557,64564,7
running,64565,64564,64565,1
sniffing,64685,64565,64685,120
walking,64767,64685,64767,82
sniffing,64828,64767,64828,61
walking,64834,64828,64834,6
right_turning,64872,64834,64872,38
sniffing,64901,64872,64901,29
right_turning,64903,64901,64903,2
walking,64918,64903,64918,15
rising,64947,64918,64947,29
sniffing,65073,64947,65073,126
pausing,65074,65073,65074,1
sniffing,65193,65074,65193,119
walking,65231,65193,65231,38
climbing,65349,65231,65349,118
rearing,65383,65349,65383,34
grooming,65384,65383,65384,1
walking,65434,65384,65434,50
sniffing,65485,65434,65485,51
scratching,65486,65485,65486,1
sniffing,65487,65486,65487,1
stepping,65555,65487,65555,68
rising,65569,65555,65569,14
walking,65592,65569,65592,23
stepping,65649,65592,65649,57
sniffing,65694,65649,65694,45
grooming,66232,65694,66232,538
walking,66250,66232,66250,18
rearing,66330,66250,66330,80
hunching,66427,66330,66427,97
grooming,66811,66427,66811,384
sniffing,66812,66811,66812,1
left_turning,66831,66812,66831,19
grooming,67226,66831,67226,395
left_turning,67248,67226,67248,22
sniffing,67403,67248,67403,155
rising,67458,67403,67458,55
sniffing,67523,67458,67523,65
grooming,67524,67523,67524,1
sniffing,67535,67524,67535,11
rising,67579,67535,67579,44
grooming,67751,67579,67751,172
stepping,67752,67751,67752,1
walking,67788,67752,67788,36
sniffing,67890,67788,67890,102
walking,67985,67890,67985,95
climbing,68003,67985,68003,18
rising,68055,68003,68055,52
rearing,68056,68055,68056,1
grooming,68417,68056,68417,361
hunching,68418,68417,68418,1
rearing,68511,68418,68511,93
rising,68532,68511,68532,21
grooming,68670,68532,68670,138
climbing,68787,68670,68787,117
grooming,68801,68787,68801,14
rearing,68802,68801,68802,1
sniffing,68901,68802,68901,99
rising,69022,68901,69022,121
sniffing,69090,69022,69090,68
rising,69117,69090,69117,27
rearing,69137,69117,69137,20
rising,69193,69137,69193,56
grooming,69194,69193,69194,1
left_turning,69224,69194,69224,30
walking,69225,69224,69225,1
sniffing,69317,69225,69317,92
scratching,69318,69317,69318,1
stepping,69345,69318,69345,27
climbing,69347,69345,69347,2
rearing,69348,69347,69348,1
hunching,69400,69348,69400,52
grooming,69510,69400,69510,110
stepping,69540,69510,69540,30
walking,69557,69540,69557,17
sniffing,69781,69557,69781,224
grooming,69924,69781,69924,143
walking,69948,69924,69948,24
right_turning,70035,69948,70035,87
stepping,70039,70035,70039,4
sniffing,70092,70039,70092,53
rising,70125,70092,70125,33
sniffing,70126,70125,70126,1
walking,70196,70126,70196,70
sniffing,70260,70196,70260,64
hunching,70274,70260,70274,14
stepping,70315,70274,70315,41
right_turning,70342,70315,70342,27
walking,70369,70342,70369,27
trotting,70381,70369,70381,12
sniffing,70433,70381,70433,52
rising,70476,70433,70476,43
sniffing,70510,70476,70510,34
rising,70542,70510,70542,32
grooming,71324,70542,71324,782
left_turning,71343,71324,71343,19
stepping,71383,71343,71383,40
sniffing,71384,71383,71384,1
trotting,71388,71384,71388,4
rearing,71398,71388,71398,10
sniffing,71535,71398,71535,137
stepping,71587,71535,71587,52
rising,71643,71587,71643,56
grooming,71644,71643,71644,1
walking,71682,71644,71682,38
climbing,71729,71682,71729,47
running,71747,71729,71747,18
walking,71760,71747,71760,13
sniffing,71797,71760,71797,37
left_turning,71809,71797,71809,12
sniffing,71810,71809,71810,1
grooming,71984,71810,71984,174
rearing,72016,71984,72016,32
hunching,72026,72016,72026,10
rearing,72115,72026,72115,89
grooming,72178,72115,72178,63
walking,72180,72178,72180,2
sniffing,72202,72180,72202,22
right_turning,72218,72202,72218,16
running,72265,72218,72265,47
stepping,72326,72265,72326,61
walking,72338,72326,72338,12
rising,72403,72338,72403,65
grooming,72679,72403,72679,276
rearing,72680,72679,72680,1
left_turning,72737,72680,72737,57
walking,72786,72737,72786,49
rising,72853,72786,72853,67
sniffing,72942,72853,72942,89
rising,72975,72942,72975,33
walking,73058,72975,73058,83
left_turning,73081,73058,73081,23
walking,73129,73081,73129,48
stepping,73184,73129,73184,55
walking,73245,73184,73245,61
left_turning,73252,73245,73252,7
walking,73332,73252,73332,80
left_turning,73333,73332,73333,1
sniffing,73334,73333,73334,1
grooming,73335,73334,73335,1
sniffing,73480,73335,73480,145
left_turning,73481,73480,73481,1
sniffing,73593,73481,73593,112
rising,73644,73593,73644,51
walking,73668,73644,73668,24
rising,73779,73668,73779,111
sniffing,73797,73779,73797,18
stepping,73808,73797,73808,11
grooming,73809,73808,73809,1
walking,73859,73809,73859,50
sniffing,73957,73859,73957,98
rising,74016,73957,74016,59
stepping,74042,74016,74042,26
rising,74108,74042,74108,66
rearing,74119,74108,74119,11
right_turning,74120,74119,74120,1
walking,74199,74120,74199,79
sniffing,74210,74199,74210,11
rising,74227,74210,74227,17
walking,74270,74227,74270,43
sniffing,74271,74270,74271,1
left_turning,74272,74271,74272,1
walking,74285,74272,74285,13
sniffing,74324,74285,74324,39
climbing,74373,74324,74373,49
grooming,74688,74373,74688,315
sniffing,74719,74688,74719,31
rising,74754,74719,74754,35
grooming,75000,74754,75000,246
rearing,75079,75000,75079,79
hunching,75112,75079,75112,33
rearing,75113,75112,75113,1
hunching,75114,75113,75114,1
rearing,75215,75114,75215,101
grooming,75342,75215,75342,127
running,75358,75342,75358,16
trotting,75367,75358,75367,9
sniffing,75403,75367,75403,36
grooming,75404,75403,75404,1
right_turning,75405,75404,75405,1
stepping,75486,75405,75486,81
rising,75487,75486,75487,1
climbing,75493,75487,75493,6
sniffing,75525,75493,75525,32
stepping,75547,75525,75547,22
grooming,75653,75547,75653,106
stepping,75657,75653,75657,4
sniffing,75704,75657,75704,47
running,75706,75704,75706,2
stepping,75752,75706,75752,46
climbing,75828,75752,75828,76
grooming,75829,75828,75829,1
sniffing,75900,75829,75900,71
rising,75971,75900,75971,71
rearing,75972,75971,75972,1
grooming,75973,75972,75973,1
sniffing,75974,75973,75974,1
rising,76027,75974,76027,53
hunching,76068,76027,76068,41
rearing,76126,76068,76126,58
stepping,76170,76126,76170,44
hunching,76223,76170,76223,53
sniffing,76256,76223,76256,33
stepping,76300,76256,76300,44
sniffing,76308,76300,76308,8
stepping,76398,76308,76398,90
sniffing,76452,76398,76452,54
walking,76467,76452,76467,15
stepping,76495,76467,76495,28
sniffing,76521,76495,76521,26
walking,76595,76521,76595,74
sniffing,76645,76595,76645,50
rising,76646,76645,76646,1
sniffing,76753,76646,76753,107
right_turning,76772,76753,76772,19
walking,76773,76772,76773,1
sniffing,76911,76773,76911,138
left_turning,76962,76911,76962,51
trotting,76987,76962,76987,25
sniffing,77081,76987,77081,94
right_turning,77082,77081,77082,1
stepping,77117,77082,77117,35
right_turning,77150,77117,77150,33
sniffing,77219,77150,77219,69
left_turning,77223,77219,77223,4
walking,77258,77223,77258,35
right_turning,77275,77258,77275,17
rising,77315,77275,77315,40
left_turning,77338,77315,77338,23
walking,77418,77338,77418,80
stepping,77451,77418,77451,33
sniffing,77560,77451,77560,109
walking,77564,77560,77564,4
trotting,77602,77564,77602,38
climbing,77837,77602,77837,235
grooming,77838,77837,77838,1
trotting,77881,77838,77881,43
sniffing,77882,77881,77882,1
walking,77904,77882,77904,22
left_turning,77961,77904,77961,57
climbing,77999,77961,77999,38
sniffing,78060,77999,78060,61
stepping,78089,78060,78089,29
grooming,78250,78089,78250,161
walking,78307,78250,78307,57
sniffing,78346,78307,78346,39
stepping,78366,78346,78366,20
walking,78390,78366,78390,24
trotting,78411,78390,78411,21
stepping,78433,78411,78433,22
walking,78454,78433,78454,21
sniffing,78556,78454,78556,102
stepping,78627,78556,78627,71
sniffing,78709,78627,78709,82
rearing,78720,78709,78720,11
sniffing,78787,78720,78787,67
walking,78906,78787,78906,119
rising,78926,78906,78926,20
stepping,78992,78926,78992,66
sniffing,79073,78992,79073,81
stepping,79124,79073,79124,51
rearing,79358,79124,79358,234
rising,79359,79358,79359,1
climbing,79402,79359,79402,43
stepping,79425,79402,79425,23
walking,79457,79425,79457,32
sniffing,79535,79457,79535,78
stepping,79570,79535,79570,35
sniffing,79745,79570,79745,175
walking,79754,79745,79754,9
climbing,79816,79754,79816,62
right_turning,79851,79816,79851,35
sniffing,80028,79851,80028,177
stepping,80043,80028,80043,15
sniffing,80053,80043,80053,10
rearing,80096,80053,80096,43
climbing,80231,80096,80231,135
rearing,80262,80231,80262,31
stepping,80276,80262,80276,14
walking,80280,80276,80280,4
sniffing,80396,80280,80396,116
walking,80454,80396,80454,58
stepping,80504,80454,80504,50
running,80545,80504,80545,41
trotting,80568,80545,80568,23
stepping,80597,80568,80597,29
sniffing,80631,80597,80631,34
grooming,80752,80631,80752,121
climbing,80753,80752,80753,1
sniffing,80754,80753,80754,1
grooming,80859,80754,80859,105
rising,80860,80859,80860,1
grooming,81120,80860,81120,260
trotting,81121,81120,81121,1
sniffing,81219,81121,81219,98
stepping,81234,81219,81234,15
walking,81291,81234,81291,57
stepping,81367,81291,81367,76
sniffing,81474,81367,81474,107
rising,81534,81474,81534,60
climbing,81628,81534,81628,94
sniffing,81681,81628,81681,53
stepping,81723,81681,81723,42
sniffing,81724,81723,81724,1
rising,81802,81724,81802,78
sniffing,81877,81802,81877,75
rising,81937,81877,81937,60
climbing,81964,81937,81964,27
sniffing,82056,81964,82056,92
grooming,82508,82056,82508,452
running,82530,82508,82530,22
stepping,82569,82530,82569,39
walking,82570,82569,82570,1
right_turning,82638,82570,82638,68
walking,82660,82638,82660,22
sniffing,82661,82660,82661,1
grooming,82874,82661,82874,213
hunching,82972,82874,82972,98
rising,83145,82972,83145,173
rearing,83172,83145,83172,27
stepping,83214,83172,83214,42
walking,83299,83214,83299,85
sniffing,83366,83299,83366,67
walking,83445,83366,83445,79
sniffing,83502,83445,83502,57
grooming,83593,83502,83593,91
left_turning,83645,83593,83645,52
sniffing,83669,83645,83669,24
rearing,83788,83669,83788,119
hunching,83832,83788,83832,44
grooming,84042,83832,84042,210
hunching,84043,84042,84043,1
sniffing,84079,84043,84079,36
stepping,84119,84079,84119,40
sniffing,84127,84119,84127,8
rearing,84168,84127,84168,41
grooming,84169,84168,84169,1
rearing,84266,84169,84266,97
stepping,84286,84266,84286,20
sniffing,84470,84286,84470,184
trotting,84473,84470,84473,3
stepping,84506,84473,84506,33
sniffing,84559,84506,84559,53
walking,84560,84559,84560,1
sniffing,84645,84560,84645,85
grooming,84646,84645,84646,1
rearing,84672,84646,84672,26
stepping,84731,84672,84731,59
grooming,84847,84731,84847,116
hunching,84914,84847,84914,67
grooming,85121,84914,85121,207
rearing,85132,85121,85132,11
hunching,85133,85132,85133,1
rearing,85134,85133,85134,1
climbing,85244,85134,85244,110
walking,85245,85244,85245,1
stepping,85292,85245,85292,47
walking,85293,85292,85293,1
rearing,85362,85293,85362,69
left_turning,85406,85362,85406,44
trotting,85476,85406,85476,70
running,85488,85476,85488,12
rising,85545,85488,85545,57
grooming,85589,85545,85589,44
sniffing,85687,85589,85687,98
trotting,85690,85687,85690,3
rising,85691,85690,85691,1
walking,85727,85691,85727,36
rising,85731,85727,85731,4
rearing,85760,85731,85760,29
climbing,85791,85760,85791,31
rearing,85839,85791,85839,48
rising,85922,85839,85922,83
rearing,85923,85922,85923,1
grooming,86008,85923,86008,85
rising,86036,86008,86036,28
sniffing,86064,86036,86064,28
grooming,86094,86064,86094,30
hunching,86115,86094,86115,21
rearing,86236,86115,86236,121
left_turning,86281,86236,86281,45
walking,86327,86281,86327,46
climbing,86400,86327,86400,73
stepping,86411,86400,86411,11
walking,86451,86411,86451,40
climbing,86577,86451,86577,126
left_turning,86704,86577,86704,127
trotting,86752,86704,86752,48
sniffing,86753,86752,86753,1
rising,86789,86753,86789,36
sniffing,86877,86789,86877,88
stepping,86878,86877,86878,1
sniffing,86879,86878,86879,1
walking,86880,86879,86880,1
stepping,86895,86880,86895,15
climbing,86904,86895,86904,9
grooming,87310,86904,87310,406
sniffing,87453,87310,87453,143
walking,87454,87453,87454,1
rearing,87530,87454,87530,76
grooming,87974,87530,87974,444
rearing,88001,87974,88001,27
climbing,88123,88001,88123,122
walking,88213,88123,88213,90
sniffing,88293,88213,88293,80
rising,88294,88293,88294,1
grooming,88973,88294,88973,679
walking,89040,88973,89040,67
sniffing,89100,89040,89100,60
walking,89103,89100,89103,3
sniffing,89155,89103,89155,52
right_turning,89162,89155,89162,7
stepping,89170,89162,89170,8
hunching,89171,89170,89171,1
grooming,89332,89171,89332,161
hunching,89720,89332,89720,388
rearing,89814,89720,89814,94
climbing,89829,89814,89829,15
left_turning,89895,89829,89895,66
rearing,89907,89895,89907,12
rising,89966,89907,89966,59
climbing,90071,89966,90071,105
stepping,90113,90071,90113,42
rising,90134,90113,90134,21
climbing,90180,90134,90180,46
grooming,90372,90180,90372,192
rising,90397,90372,90397,25
climbing,90566,90397,90566,169
walking,90614,90566,90614,48
grooming,90615,90614,90615,1
stepping,90652,90615,90652,37
climbing,90719,90652,90719,67
grooming,90928,90719,90928,209
rearing,91058,90928,91058,130
sniffing,91269,91058,91269,211
walking,91270,91269,91270,1
stepping,91314,91270,91314,44
walking,91356,91314,91356,42
trotting,91387,91356,91387,31
walking,91429,91387,91429,42
stepping,91520,91429,91520,91
grooming,91521,91520,91521,1
sniffing,91522,91521,91522,1
rising,91581,91522,91581,59
stepping,91641,91581,91641,60
sniffing,91751,91641,91751,110
stepping,91778,91751,91778,27
sniffing,91853,91778,91853,75
walking,91888,91853,91888,35
rising,91939,91888,91939,51
right_turning,91946,91939,91946,7
climbing,92039,91946,92039,93
grooming,92383,92039,92383,344
left_turning,92426,92383,92426,43
trotting,92427,92426,92427,1
sniffing,92428,92427,92428,1
trotting,92459,92428,92459,31
rising,92474,92459,92474,15
sniffing,92588,92474,92588,114
right_turning,92604,92588,92604,16
stepping,92676,92604,92676,72
rising,92704,92676,92704,28
stepping,92742,92704,92742,38
sniffing,92829,92742,92829,87
walking,92846,92829,92846,17
sniffing,92931,92846,92931,85
grooming,93241,92931,93241,310
left_turning,93278,93241,93278,37
walking,93326,93278,93326,48
left_turning,93369,93326,93369,43
sniffing,93524,93369,93524,155
grooming,93728,93524,93728,204
sniffing,93793,93728,93793,65
left_turning,93839,93793,93839,46
sniffing,93986,93839,93986,147
grooming,94260,93986,94260,274
stepping,94316,94260,94316,56
sniffing,94317,94316,94317,1
trotting,94358,94317,94358,41
walking,94424,94358,94424,66
sniffing,94470,94424,94470,46
stepping,94479,94470,94479,9
sniffing,94526,94479,94526,47
stepping,94578,94526,94578,52
sniffing,94686,94578,94686,108
left_turning,94704,94686,94704,18
walking,94754,94704,94754,50
rising,94755,94754,94755,1
right_turning,94822,94755,94822,67
walking,94823,94822,94823,1
right_turning,94847,94823,94847,24
rising,94862,94847,94862,15
climbing,94904,94862,94904,42
walking,94947,94904,94947,43
sniffing,94948,94947,94948,1
grooming,95329,94948,95329,381
sniffing,95484,95329,95484,155
walking,95495,95484,95495,11
running,95513,95495,95513,18
trotting,95526,95513,95526,13
sniffing,95785,95526,95785,259
left_turning,95800,95785,95800,15
sniffing,95896,95800,95896,96
scratching,95897,95896,95897,1
grooming,95898,95897,95898,1
sniffing,96046,95898,96046,148
stepping,96057,96046,96057,11
climbing,96113,96057,96113,56
walking,96178,96113,96178,65
stepping,96216,96178,96216,38
rising,96303,96216,96303,87
climbing,96322,96303,96322,19
grooming,96604,96322,96604,282
trotting,96669,96604,96669,65
sniffing,96670,96669,96670,1
stepping,96692,96670,96692,22
walking,96723,96692,96723,31
sniffing,96753,96723,96753,30
grooming,97115,96753,97115,362
climbing,97150,97115,97150,35
stepping,97215,97150,97215,65
grooming,97216,97215,97216,1
rising,97217,97216,97217,1
rearing,97222,97217,97222,5
left_turning,97255,97222,97255,33
rearing,97256,97255,97256,1
left_turning,97308,97256,97308,52
sniffing,97430,97308,97430,122
rising,97450,97430,97450,20
rearing,97523,97450,97523,73
climbing,97661,97523,97661,138
left_turning,97672,97661,97672,11
walking,97683,97672,97683,11
sniffing,97787,97683,97787,104
walking,97795,97787,97795,8
stepping,97840,97795,97840,45
rearing,97852,97840,97852,12
rising,97875,97852,97875,23
stepping,97955,97875,97955,80
walking,97977,97955,97977,22
trotting,98010,97977,98010,33
sniffing,98011,98010,98011,1
walking,98028,98011,98028,17
stepping,98048,98028,98048,20
rising,98100,98048,98100,52
sniffing,98106,98100,98106,6
walking,98107,98106,98107,1
right_turning,98209,98107,98209,102
sniffing,98293,98209,98293,84
grooming,98493,98293,98493,200
sniffing,98600,98493,98600,107
trotting,98606,98600,98606,6
walking,98655,98606,98655,49
sniffing,98656,98655,98656,1
stepping,98743,98656,98743,87
sniffing,98874,98743,98874,131
rising,98917,98874,98917,43
stepping,98964,98917,98964,47
sniffing,99080,98964,99080,116
walking,99095,99080,99095,15
sniffing,99333,99095,99333,238
rising,99372,99333,99372,39
grooming,99797,99372,99797,425
scratching,99798,99797,99798,1
walking,99799,99798,99799,1
sniffing,99836,99799,99836,37
walking,99863,99836,99863,27
rising,99875,99863,99875,12
walking,99932,99875,99932,57
sniffing,99960,99932,99960,28
rising,100009,99960,100009,49
walking,100028,100009,100028,19
sniffing,100172,100028,100172,144
rising,100201,100172,100201,29
trotting,100217,100201,100217,16
walking,100218,100217,100218,1
stepping,100307,100218,100307,89
grooming,100308,100307,100308,1
sniffing,100375,100308,100375,67
left_turning,100453,100375,100453,78
rearing,100518,100453,100518,65
grooming,100549,100518,100549,31
climbing,100612,100549,100612,63
rising,100692,100612,100692,80
climbing,100749,100692,100749,57
rearing,100836,100749,100836,87
grooming,100928,100836,100928,92
rearing,100929,100928,100929,1
sniffing,101210,100929,101210,281
stepping,101288,101210,101288,78
right_turning,101313,101288,101313,25
grooming,101314,101313,101314,1
left_turning,101390,101314,101390,76
sniffing,101622,101390,101622,232
walking,101663,101622,101663,41
stepping,101735,101663,101735,72
sniffing,101916,101735,101916,181
rising,102014,101916,102014,98
climbing,102167,102014,102167,153
trotting,102178,102167,102178,11
right_turning,102194,102178,102194,16
walking,102247,102194,102247,53
stepping,102325,102247,102325,78
walking,102349,102325,102349,24
sniffing,102432,102349,102432,83
rising,102488,102432,102488,56
grooming,102654,102488,102654,166
rearing,102655,102654,102655,1
climbing,102678,102655,102678,23
grooming,102862,102678,102862,184
walking,102871,102862,102871,9
stepping,102911,102871,102911,40
sniffing,102940,102911,102940,29
grooming,103386,102940,103386,446
climbing,103569,103386,103569,183
walking,103570,103569,103570,1
sniffing,103637,103570,103637,67
stepping,103696,103637,103696,59
walking,103757,103696,103757,61
sniffing,103835,103757,103835,78
stepping,103935,103835,103935,100
sniffing,104125,103935,104125,190
rising,104158,104125,104158,33
grooming,104267,104158,104267,109
sniffing,104373,104267,104373,106
stepping,104419,104373,104419,46
sniffing,104444,104419,104444,25
scratching,104445,104444,104445,1
sniffing,104634,104445,104634,189
stepping,104644,104634,104644,10
rising,104677,104644,104677,33
sniffing,104729,104677,104729,52
scratching,104730,104729,104730,1
sniffing,104810,104730,104810,80
rising,104874,104810,104874,64
rearing,104915,104874,104915,41
rising,104985,104915,104985,70
grooming,104986,104985,104986,1
left_turning,105011,104986,105011,25
sniffing,105088,105011,105088,77
scratching,105089,105088,105089,1
sniffing,105090,105089,105090,1
walking,105091,105090,105091,1
rising,105092,105091,105092,1
hunching,105228,105092,105228,136
grooming,105539,105228,105539,311
rearing,105578,105539,105578,39
rising,105629,105578,105629,51
stepping,105670,105629,105670,41
sniffing,105764,105670,105764,94
walking,105824,105764,105824,60
sniffing,105844,105824,105844,20
stepping,105869,105844,105869,25
left_turning,105888,105869,105888,19
rearing,105951,105888,105951,63
rising,105952,105951,105952,1
rearing,106072,105952,106072,120
sniffing,106195,106072,106195,123
walking,106212,106195,106212,17
sniffing,106317,106212,106317,105
stepping,106387,106317,106387,70
sniffing,106409,106387,106409,22
stepping,106465,106409,106465,56
sniffing,106532,106465,106532,67
rearing,106629,106532,106629,97
climbing,106689,106629,106689,60
sniffing,106756,106689,106756,67
rising,106846,106756,106846,90
sniffing,106937,106846,106937,91
stepping,106964,106937,106964,27
jumping,106965,106964,106965,1
rearing,106966,106965,106966,1
sniffing,106976,106966,106976,10
stepping,106986,106976,106986,10
sniffing,107199,106986,107199,213
rising,107251,107199,107251,52
sniffing,107385,107251,107385,134
walking,107388,107385,107388,3
rising,107483,107388,107483,95
left_turning,107484,107483,107484,1
sniffing,107537,107484,107537,53
stepping,107625,107537,107625,88
walking,107778,107625,107778,153
sniffing,107779,107778,107779,1
stepping,107800,107779,107800,21
sniffing,107889,107800,107889,89
rising,107914,107889,107914,25
rearing,108000,107914,108000,86
