revised_movement_label,segBoundary,segBoundary_start,segBoundary_end,length
sniffing,45,0,45,45
rising,46,45,46,1
grooming,59,46,59,13
sniffing,77,59,77,18
grooming,291,77,291,214
hunching,293,291,293,2
rising,330,293,330,37
rearing,347,330,347,17
hunching,348,347,348,1
sniffing,398,348,398,50
stepping,453,398,453,55
rising,470,453,470,17
grooming,557,470,557,87
rearing,583,557,583,26
rising,619,583,619,36
sniffing,654,619,654,35
rearing,655,654,655,1
climbing,694,655,694,39
stepping,727,694,727,33
walking,760,727,760,33
stepping,795,760,795,35
sniffing,877,795,877,82
trotting,965,877,965,88
running,971,965,971,6
walking,1017,971,1017,46
stepping,1081,1017,1081,64
walking,1175,1081,1175,94
stepping,1176,1175,1176,1
sniffing,1205,1176,1205,29
rising,1222,1205,1222,17
sniffing,1265,1222,1265,43
rising,1266,1265,1266,1
walking,1267,1266,1267,1
sniffing,1298,1267,1298,31
rising,1355,1298,1355,57
sniffing,1441,1355,1441,86
walking,1479,1441,1479,38
rising,1480,1479,1480,1
sniffing,1659,1480,1659,179
stepping,1723,1659,1723,64
grooming,1775,1723,1775,52
rising,1779,1775,1779,4
grooming,1903,1779,1903,124
climbing,1938,1903,1938,35
right_turning,2000,1938,2000,62
walking,2053,2000,2053,53
stepping,2054,2053,2054,1
sniffing,2101,2054,2101,47
walking,2191,2101,2191,90
sniffing,2202,2191,2202,11
rising,2276,2202,2276,74
sniffing,2407,2276,2407,131
stepping,2454,2407,2454,47
sniffing,2548,2454,2548,94
walking,2598,2548,2598,50
right_turning,2643,2598,2643,45
running,2695,2643,2695,52
walking,2746,2695,2746,51
sniffing,2814,2746,2814,68
walking,2854,2814,2854,40
trotting,2860,2854,2860,6
stepping,2921,2860,2921,61
sniffing,2982,2921,2982,61
walking,2983,2982,2983,1
trotting,3010,2983,3010,27
rising,3011,3010,3011,1
walking,3055,3011,3055,44
sniffing,3056,3055,3056,1
stepping,3097,3056,3097,41
sniffing,3156,3097,3156,59
walking,3194,3156,3194,38
stepping,3222,3194,3222,28
sniffing,3230,3222,3230,8
rearing,3270,3230,3270,40
rising,3301,3270,3301,31
rearing,3309,3301,3309,8
walking,3335,3309,3335,26
rising,3369,3335,3369,34
walking,3390,3369,3390,21
sniffing,3399,3390,3399,9
running,3421,3399,3421,22
sniffing,3531,3421,3531,110
stepping,3569,3531,3569,38
sniffing,3587,3569,3587,18
trotting,3628,3587,3628,41
running,3646,3628,3646,18
walking,3726,3646,3726,80
sniffing,3824,3726,3824,98
stepping,3884,3824,3884,60
rearing,3939,3884,3939,55
sniffing,4040,3939,4040,101
trotting,4106,4040,4106,66
running,4120,4106,4120,14
trotting,4209,4120,4209,89
walking,4256,4209,4256,47
rising,4303,4256,4303,47
left_turning,4304,4303,4304,1
rearing,4331,4304,4331,27
sniffing,4415,4331,4415,84
trotting,4422,4415,4422,7
walking,4430,4422,4430,8
running,4468,4430,4468,38
walking,4493,4468,4493,25
stepping,4546,4493,4546,53
rising,4571,4546,4571,25
sniffing,4572,4571,4572,1
walking,4691,4572,4691,119
rearing,4832,4691,4832,141
climbing,4874,4832,4874,42
rearing,4877,4874,4877,3
sniffing,5158,4877,5158,281
rising,5189,5158,5189,31
sniffing,5205,5189,5205,16
stepping,5254,5205,5254,49
rising,5278,5254,5278,24
sniffing,5279,5278,5279,1
walking,5325,5279,5325,46
running,5339,5325,5339,14
trotting,5340,5339,5340,1
stepping,5380,5340,5380,40
walking,5420,5380,5420,40
rising,5424,5420,5424,4
sniffing,5491,5424,5491,67
left_turning,5524,5491,5524,33
stepping,5535,5524,5535,11
grooming,5536,5535,5536,1
rising,5562,5536,5562,26
walking,5568,5562,5568,6
trotting,5609,5568,5609,41
stepping,5681,5609,5681,72
sniffing,5791,5681,5791,110
left_turning,5792,5791,5792,1
rearing,5859,5792,5859,67
left_turning,5920,5859,5920,61
trotting,5928,5920,5928,8
rising,5933,5928,5933,5
walking,5943,5933,5943,10
stepping,5961,5943,5961,18
walking,6015,5961,6015,54
stepping,6016,6015,6016,1
sniffing,6037,6016,6037,21
left_turning,6127,6037,6127,90
rising,6190,6127,6190,63
trotting,6249,6190,6249,59
stepping,6250,6249,6250,1
walking,6296,6250,6296,46
stepping,6329,6296,6329,33
trotting,6330,6329,6330,1
sniffing,6365,6330,6365,35
grooming,6379,6365,6379,14
sniffing,6380,6379,6380,1
walking,6410,6380,6410,30
stepping,6432,6410,6432,22
grooming,6434,6432,6434,2
rearing,6435,6434,6435,1
sniffing,6454,6435,6454,19
stepping,6504,6454,6504,50
rising,6542,6504,6542,38
left_turning,6545,6542,6545,3
walking,6616,6545,6616,71
sniffing,6651,6616,6651,35
walking,6718,6651,6718,67
sniffing,6735,6718,6735,17
walking,6803,6735,6803,68
stepping,6820,6803,6820,17
walking,6834,6820,6834,14
stepping,6855,6834,6855,21
sniffing,6924,6855,6924,69
grooming,7070,6924,7070,146
rearing,7144,7070,7144,74
right_turning,7153,7144,7153,9
walking,7189,7153,7189,36
rising,7220,7189,7220,31
grooming,7264,7220,7264,44
sniffing,7336,7264,7336,72
rising,7424,7336,7424,88
sniffing,7425,7424,7425,1
grooming,7426,7425,7426,1
stepping,7479,7426,7479,53
grooming,7729,7479,7729,250
hunching,7740,7729,7740,11
grooming,7797,7740,7797,57
walking,7798,7797,7798,1
sniffing,7876,7798,7876,78
left_turning,7910,7876,7910,34
right_turning,7911,7910,7911,1
running,7940,7911,7940,29
trotting,7985,7940,7985,45
running,8014,7985,8014,29
trotting,8069,8014,8069,55
sniffing,8104,8069,8104,35
rearing,8106,8104,8106,2
sniffing,8107,8106,8107,1
right_turning,8147,8107,8147,40
trotting,8150,8147,8150,3
running,8185,8150,8185,35
stepping,8195,8185,8195,10
trotting,8225,8195,8225,30
walking,8238,8225,8238,13
trotting,8257,8238,8257,19
stepping,8291,8257,8291,34
trotting,8342,8291,8342,51
walking,8384,8342,8384,42
sniffing,8385,8384,8385,1
stepping,8442,8385,8442,57
sniffing,8546,8442,8546,104
stepping,8624,8546,8624,78
rising,8632,8624,8632,8
rearing,8673,8632,8673,41
rising,8695,8673,8695,22
sniffing,8763,8695,8763,68
rising,8836,8763,8836,73
left_turning,8907,8836,8907,71
sniffing,8908,8907,8908,1
walking,8909,8908,8909,1
grooming,8948,8909,8948,39
sniffing,9014,8948,9014,66
walking,9078,9014,9078,64
stepping,9144,9078,9144,66
trotting,9182,9144,9182,38
grooming,9227,9182,9227,45
sniffing,9350,9227,9350,123
grooming,9351,9350,9351,1
rising,9422,9351,9422,71
running,9432,9422,9432,10
trotting,9472,9432,9472,40
sniffing,9527,9472,9527,55
walking,9617,9527,9617,90
stepping,9642,9617,9642,25
running,9666,9642,9666,24
trotting,9667,9666,9667,1
walking,9685,9667,9685,18
sniffing,9891,9685,9891,206
rising,9924,9891,9924,33
stepping,9982,9924,9982,58
grooming,9983,9982,9983,1
hunching,10001,9983,10001,18
rising,10028,10001,10028,27
stepping,10074,10028,10074,46
grooming,10161,10074,10161,87
sniffing,10242,10161,10242,81
right_turning,10297,10242,10297,55
left_turning,10326,10297,10326,29
grooming,10341,10326,10341,15
sniffing,10342,10341,10342,1
grooming,10378,10342,10378,36
left_turning,10393,10378,10393,15
trotting,10404,10393,10404,11
sniffing,10439,10404,10439,35
grooming,10454,10439,10454,15
left_turning,10455,10454,10455,1
trotting,10509,10455,10509,54
rising,10510,10509,10510,1
left_turning,10556,10510,10556,46
running,10593,10556,10593,37
rearing,10631,10593,10631,38
sniffing,10781,10631,10781,150
trotting,10840,10781,10840,59
stepping,10894,10840,10894,54
left_turning,10895,10894,10895,1
sniffing,10912,10895,10912,17
hunching,10913,10912,10913,1
grooming,10914,10913,10914,1
climbing,10915,10914,10915,1
grooming,10941,10915,10941,26
rearing,10956,10941,10956,15
hunching,10999,10956,10999,43
grooming,11149,10999,11149,150
rising,11189,11149,11189,40
rearing,11190,11189,11190,1
grooming,11511,11190,11511,321
rearing,11512,11511,11512,1
sniffing,11596,11512,11596,84
trotting,11615,11596,11615,19
stepping,11660,11615,11660,45
rising,11693,11660,11693,33
walking,11714,11693,11714,21
stepping,11765,11714,11765,51
sniffing,11799,11765,11799,34
rearing,11825,11799,11825,26
sniffing,11858,11825,11858,33
rising,11879,11858,11879,21
grooming,11880,11879,11880,1
left_turning,11915,11880,11915,35
walking,11959,11915,11959,44
sniffing,11960,11959,11960,1
left_turning,11961,11960,11961,1
sniffing,12034,11961,12034,73
grooming,12068,12034,12068,34
rising,12084,12068,12084,16
climbing,12169,12084,12169,85
rearing,12233,12169,12233,64
hunching,12234,12233,12234,1
grooming,12377,12234,12377,143
walking,12397,12377,12397,20
rising,12429,12397,12429,32
stepping,12488,12429,12488,59
rising,12519,12488,12519,31
sniffing,12624,12519,12624,105
hunching,12632,12624,12632,8
grooming,12661,12632,12661,29
left_turning,12662,12661,12662,1
sniffing,12663,12662,12663,1
rising,12691,12663,12691,28
rearing,12711,12691,12711,20
hunching,12736,12711,12736,25
rearing,12796,12736,12796,60
sniffing,12915,12796,12915,119
right_turning,12946,12915,12946,31
walking,12976,12946,12976,30
climbing,13047,12976,13047,71
grooming,13098,13047,13098,51
left_turning,13166,13098,13166,68
trotting,13204,13166,13204,38
stepping,13241,13204,13241,37
rising,13292,13241,13292,51
stepping,13337,13292,13337,45
rising,13412,13337,13412,75
climbing,13444,13412,13444,32
left_turning,13490,13444,13490,46
right_turning,13497,13490,13497,7
climbing,13556,13497,13556,59
grooming,13840,13556,13840,284
rising,13842,13840,13842,2
rearing,13893,13842,13893,51
grooming,13952,13893,13952,59
hunching,13981,13952,13981,29
grooming,13982,13981,13982,1
hunching,14036,13982,14036,54
rearing,14066,14036,14066,30
grooming,14316,14066,14316,250
rearing,14317,14316,14317,1
climbing,14411,14317,14411,94
grooming,14614,14411,14614,203
rising,14645,14614,14645,31
grooming,14696,14645,14696,51
sniffing,14697,14696,14697,1
stepping,14750,14697,14750,53
trotting,14820,14750,14820,70
right_turning,14885,14820,14885,65
running,14919,14885,14919,34
walking,14920,14919,14920,1
running,14946,14920,14946,26
sniffing,15029,14946,15029,83
rising,15064,15029,15064,35
climbing,15123,15064,15123,59
grooming,15152,15123,15152,29
rising,15244,15152,15244,92
walking,15343,15244,15343,99
running,15381,15343,15381,38
walking,15428,15381,15428,47
sniffing,15546,15428,15546,118
running,15556,15546,15556,10
walking,15573,15556,15573,17
sniffing,15596,15573,15596,23
left_turning,15631,15596,15631,35
climbing,15661,15631,15661,30
rising,15723,15661,15723,62
rearing,15776,15723,15776,53
grooming,15777,15776,15777,1
hunching,15778,15777,15778,1
grooming,15900,15778,15900,122
sniffing,16330,15900,16330,430
walking,16349,16330,16349,19
trotting,16398,16349,16398,49
sniffing,16427,16398,16427,29
stepping,16474,16427,16474,47
climbing,16494,16474,16494,20
running,16516,16494,16516,22
walking,16550,16516,16550,34
sniffing,16630,16550,16630,80
rearing,16631,16630,16631,1
walking,16727,16631,16727,96
rising,16758,16727,16758,31
rearing,16759,16758,16759,1
grooming,16890,16759,16890,131
scratching,16891,16890,16891,1
walking,16940,16891,16940,49
left_turning,17031,16940,17031,91
stepping,17061,17031,17061,30
climbing,17146,17061,17146,85
left_turning,17176,17146,17176,30
walking,17248,17176,17248,72
sniffing,17317,17248,17317,69
stepping,17357,17317,17357,40
trotting,17391,17357,17391,34
walking,17445,17391,17445,54
trotting,17475,17445,17475,30
sniffing,17589,17475,17589,114
stepping,17599,17589,17599,10
sniffing,17692,17599,17692,93
stepping,17713,17692,17713,21
rising,17789,17713,17789,76
grooming,18014,17789,18014,225
hunching,18119,18014,18119,105
rearing,18120,18119,18120,1
climbing,18169,18120,18169,49
walking,18202,18169,18202,33
rearing,18267,18202,18267,65
hunching,18271,18267,18271,4
grooming,18272,18271,18272,1
right_turning,18294,18272,18294,22
walking,18324,18294,18324,30
sniffing,18364,18324,18364,40
stepping,18377,18364,18377,13
rising,18395,18377,18395,18
walking,18438,18395,18438,43
sniffing,18439,18438,18439,1
walking,18459,18439,18459,20
trotting,18505,18459,18505,46
running,18528,18505,18528,23
stepping,18680,18528,18680,152
sniffing,18766,18680,18766,86
rising,18767,18766,18767,1
walking,18843,18767,18843,76
sniffing,19060,18843,19060,217
stepping,19121,19060,19121,61
walking,19174,19121,19174,53
sniffing,19364,19174,19364,190
grooming,19365,19364,19365,1
sniffing,19389,19365,19389,24
walking,19399,19389,19399,10
stepping,19435,19399,19435,36
rising,19486,19435,19486,51
sniffing,19535,19486,19535,49
rising,19581,19535,19581,46
walking,19585,19581,19585,4
rising,19660,19585,19660,75
left_turning,19705,19660,19705,45
rising,19758,19705,19758,53
rearing,19786,19758,19786,28
grooming,19833,19786,19833,47
right_turning,19880,19833,19880,47
sniffing,19959,19880,19959,79
walking,19987,19959,19987,28
rearing,20045,19987,20045,58
sniffing,20046,20045,20046,1
climbing,20108,20046,20108,62
sniffing,20204,20108,20204,96
rearing,20268,20204,20268,64
grooming,20269,20268,20269,1
right_turning,20273,20269,20273,4
running,20300,20273,20300,27
walking,20305,20300,20305,5
stepping,20342,20305,20342,37
sniffing,20361,20342,20361,19
grooming,20706,20361,20706,345
sniffing,20824,20706,20824,118
rising,20867,20824,20867,43
walking,20942,20867,20942,75
sniffing,21084,20942,21084,142
left_turning,21152,21084,21152,68
walking,21271,21152,21271,119
stepping,21295,21271,21295,24
trotting,21342,21295,21342,47
walking,21411,21342,21411,69
rearing,21463,21411,21463,52
climbing,21525,21463,21525,62
sniffing,21674,21525,21674,149
stepping,21717,21674,21717,43
left_turning,21727,21717,21727,10
walking,21742,21727,21742,15
sniffing,21794,21742,21794,52
left_turning,21800,21794,21800,6
grooming,21863,21800,21863,63
hunching,21988,21863,21988,125
grooming,22017,21988,22017,29
rearing,22018,22017,22018,1
sniffing,22034,22018,22034,16
walking,22112,22034,22112,78
stepping,22211,22112,22211,99
sniffing,22278,22211,22278,67
rearing,22394,22278,22394,116
climbing,22589,22394,22589,195
right_turning,22641,22589,22641,52
stepping,22682,22641,22682,41
sniffing,22778,22682,22778,96
grooming,22779,22778,22779,1
rearing,22853,22779,22853,74
sniffing,22962,22853,22962,109
grooming,23039,22962,23039,77
walking,23081,23039,23081,42
stepping,23126,23081,23126,45
sniffing,23266,23126,23266,140
grooming,23284,23266,23284,18
sniffing,23369,23284,23369,85
rising,23398,23369,23398,29
trotting,23404,23398,23404,6
stepping,23464,23404,23464,60
sniffing,23515,23464,23515,51
stepping,23518,23515,23518,3
walking,23519,23518,23519,1
stepping,23586,23519,23586,67
left_turning,23587,23586,23587,1
grooming,23709,23587,23709,122
scratching,23710,23709,23710,1
grooming,23711,23710,23711,1
climbing,23772,23711,23772,61
hunching,23875,23772,23875,103
left_turning,23943,23875,23943,68
walking,23979,23943,23979,36
sniffing,24092,23979,24092,113
stepping,24097,24092,24097,5
walking,24109,24097,24109,12
sniffing,24207,24109,24207,98
walking,24221,24207,24221,14
sniffing,24307,24221,24307,86
rising,24375,24307,24375,68
climbing,24436,24375,24436,61
rearing,24453,24436,24453,17
walking,24499,24453,24499,46
stepping,24560,24499,24560,61
walking,24662,24560,24662,102
sniffing,24815,24662,24815,153
grooming,24843,24815,24843,28
stepping,24913,24843,24913,70
grooming,24914,24913,24914,1
sniffing,24975,24914,24975,61
rising,25002,24975,25002,27
sniffing,25144,25002,25144,142
stepping,25157,25144,25157,13
sniffing,25180,25157,25180,23
stepping,25220,25180,25220,40
trotting,25261,25220,25261,41
stepping,25370,25261,25370,109
grooming,25556,25370,25556,186
walking,25562,25556,25562,6
sniffing,25639,25562,25639,77
right_turning,25669,25639,25669,30
stepping,25673,25669,25673,4
sniffing,25951,25673,25951,278
left_turning,26007,25951,26007,56
trotting,26043,26007,26043,36
sniffing,26078,26043,26078,35
right_turning,26129,26078,26129,51
grooming,26487,26129,26487,358
walking,26488,26487,26488,1
sniffing,26503,26488,26503,15
right_turning,26548,26503,26548,45
rising,26602,26548,26602,54
stepping,26614,26602,26614,12
rearing,26661,26614,26661,47
walking,26662,26661,26662,1
trotting,26670,26662,26670,8
walking,26712,26670,26712,42
sniffing,26713,26712,26713,1
grooming,26714,26713,26714,1
right_turning,26741,26714,26741,27
sniffing,26857,26741,26857,116
grooming,26965,26857,26965,108
rearing,27031,26965,27031,66
left_turning,27075,27031,27075,44
grooming,27323,27075,27323,248
walking,27413,27323,27413,90
trotting,27425,27413,27425,12
running,27450,27425,27450,25
sniffing,27651,27450,27651,201
trotting,27658,27651,27658,7
rearing,27674,27658,27674,16
grooming,27678,27674,27678,4
left_turning,27679,27678,27679,1
sniffing,27680,27679,27680,1
grooming,27681,27680,27681,1
sniffing,27765,27681,27765,84
grooming,27766,27765,27766,1
walking,27866,27766,27866,100
rising,27900,27866,27900,34
grooming,27966,27900,27966,66
sniffing,28064,27966,28064,98
grooming,28267,28064,28267,203
rearing,28268,28267,28268,1
sniffing,28455,28268,28455,187
right_turning,28456,28455,28456,1
stepping,28514,28456,28514,58
rising,28545,28514,28545,31
sniffing,28546,28545,28546,1
walking,28584,28546,28584,38
sniffing,28679,28584,28679,95
climbing,28760,28679,28760,81
sniffing,28826,28760,28826,66
walking,28837,28826,28837,11
sniffing,28934,28837,28934,97
stepping,28942,28934,28942,8
sniffing,28993,28942,28993,51
grooming,29026,28993,29026,33
stepping,29083,29026,29083,57
rising,29098,29083,29098,15
grooming,29138,29098,29138,40
rearing,29211,29138,29211,73
walking,29230,29211,29230,19
sniffing,29324,29230,29324,94
trotting,29374,29324,29374,50
sniffing,29454,29374,29454,80
rising,29465,29454,29465,11
sniffing,29489,29465,29489,24
rising,29512,29489,29512,23
grooming,29545,29512,29545,33
rising,29580,29545,29580,35
rearing,29582,29580,29582,2
left_turning,29583,29582,29583,1
walking,29606,29583,29606,23
sniffing,29725,29606,29725,119
running,29739,29725,29739,14
sniffing,29740,29739,29740,1
stepping,29768,29740,29768,28
right_turning,29915,29768,29915,147
running,29952,29915,29952,37
walking,29966,29952,29966,14
sniffing,30040,29966,30040,74
rearing,30048,30040,30048,8
grooming,30165,30048,30165,117
stepping,30179,30165,30179,14
rising,30181,30179,30181,2
rearing,30197,30181,30197,16
grooming,30198,30197,30198,1
walking,30291,30198,30291,93
sniffing,30292,30291,30292,1
trotting,30321,30292,30321,29
sniffing,30599,30321,30599,278
grooming,30600,30599,30600,1
sniffing,30774,30600,30774,174
walking,30791,30774,30791,17
right_turning,30814,30791,30814,23
sniffing,30868,30814,30868,54
stepping,30927,30868,30927,59
sniffing,30976,30927,30976,49
rising,30977,30976,30977,1
rearing,31072,30977,31072,95
left_turning,31146,31072,31146,74
grooming,31147,31146,31147,1
rearing,31262,31147,31262,115
stepping,31293,31262,31293,31
rearing,31359,31293,31359,66
grooming,31733,31359,31733,374
left_turning,31765,31733,31765,32
stepping,31800,31765,31800,35
rearing,31833,31800,31833,33
rising,31844,31833,31844,11
sniffing,31911,31844,31911,67
walking,31961,31911,31961,50
sniffing,32105,31961,32105,144
rising,32203,32105,32203,98
trotting,32261,32203,32261,58
sniffing,32315,32261,32315,54
walking,32366,32315,32366,51
sniffing,32367,32366,32367,1
climbing,32405,32367,32405,38
sniffing,32455,32405,32455,50
rearing,32520,32455,32520,65
grooming,32894,32520,32894,374
trotting,32943,32894,32943,49
sniffing,32991,32943,32991,48
stepping,32992,32991,32992,1
rising,32996,32992,32996,4
walking,33041,32996,33041,45
sniffing,33204,33041,33204,163
walking,33263,33204,33263,59
stepping,33279,33263,33279,16
sniffing,33280,33279,33280,1
rising,33342,33280,33342,62
right_turning,33350,33342,33350,8
running,33365,33350,33365,15
trotting,33404,33365,33404,39
sniffing,33447,33404,33447,43
stepping,33480,33447,33480,33
sniffing,33481,33480,33481,1
grooming,33935,33481,33935,454
right_turning,34001,33935,34001,66
stepping,34049,34001,34049,48
rising,34102,34049,34102,53
grooming,34141,34102,34141,39
climbing,34248,34141,34248,107
sniffing,34402,34248,34402,154
grooming,34624,34402,34624,222
hunching,34625,34624,34625,1
scratching,34626,34625,34626,1
left_turning,34671,34626,34671,45
running,34694,34671,34694,23
sniffing,34736,34694,34736,42
stepping,34811,34736,34811,75
left_turning,34855,34811,34855,44
stepping,34889,34855,34889,34
trotting,34922,34889,34922,33
rising,34923,34922,34923,1
left_turning,34926,34923,34926,3
grooming,35052,34926,35052,126
hunching,35278,35052,35278,226
grooming,35335,35278,35335,57
climbing,35379,35335,35379,44
walking,35410,35379,35410,31
sniffing,35445,35410,35445,35
rising,35469,35445,35469,24
sniffing,35528,35469,35528,59
left_turning,35572,35528,35572,44
rising,35592,35572,35592,20
right_turning,35644,35592,35644,52
stepping,35665,35644,35665,21
sniffing,35680,35665,35680,15
left_turning,35717,35680,35717,37
grooming,35718,35717,35718,1
rearing,35778,35718,35778,60
rising,35859,35778,35859,81
grooming,36080,35859,36080,221
sniffing,36136,36080,36136,56
climbing,36154,36136,36154,18
rising,36193,36154,36193,39
sniffing,36271,36193,36271,78
left_turning,36280,36271,36280,9
sniffing,36293,36280,36293,13
walking,36341,36293,36341,48
sniffing,36362,36341,36362,21
right_turning,36363,36362,36363,1
jumping,36487,36363,36487,124
grooming,36578,36487,36578,91
hunching,36613,36578,36613,35
rising,36648,36613,36648,35
sniffing,36775,36648,36775,127
climbing,36831,36775,36831,56
running,36853,36831,36853,22
sniffing,36895,36853,36895,42
right_turning,36920,36895,36920,25
sniffing,36921,36920,36921,1
walking,36929,36921,36929,8
right_turning,36972,36929,36972,43
walking,37006,36972,37006,34
grooming,37183,37006,37183,177
stepping,37248,37183,37248,65
running,37304,37248,37304,56
stepping,37311,37304,37311,7
sniffing,37404,37311,37404,93
stepping,37440,37404,37440,36
sniffing,37460,37440,37460,20
stepping,37503,37460,37503,43
left_turning,37514,37503,37514,11
climbing,37595,37514,37595,81
rearing,37627,37595,37627,32
grooming,37966,37627,37966,339
rearing,38001,37966,38001,35
grooming,38038,38001,38038,37
stepping,38086,38038,38086,48
sniffing,38196,38086,38196,110
grooming,38366,38196,38366,170
walking,38381,38366,38381,15
grooming,38432,38381,38432,51
rising,38495,38432,38495,63
grooming,38496,38495,38496,1
walking,38530,38496,38530,34
sniffing,38531,38530,38531,1
stepping,38592,38531,38592,61
walking,38593,38592,38593,1
climbing,38671,38593,38671,78
walking,38708,38671,38708,37
sniffing,38772,38708,38772,64
grooming,39004,38772,39004,232
hunching,39005,39004,39005,1
grooming,39057,39005,39057,52
hunching,39080,39057,39080,23
grooming,39408,39080,39408,328
rising,39409,39408,39409,1
walking,39410,39409,39410,1
sniffing,39411,39410,39411,1
climbing,39488,39411,39488,77
grooming,39785,39488,39785,297
sniffing,39786,39785,39786,1
stepping,39836,39786,39836,50
rising,39890,39836,39890,54
rearing,39924,39890,39924,34
climbing,39992,39924,39992,68
stepping,40010,39992,40010,18
walking,40095,40010,40095,85
grooming,40253,40095,40253,158
sniffing,40313,40253,40313,60
walking,40373,40313,40373,60
sniffing,40470,40373,40470,97
grooming,40471,40470,40471,1
walking,40503,40471,40503,32
rising,40522,40503,40522,19
sniffing,40663,40522,40663,141
grooming,40875,40663,40875,212
rising,40894,40875,40894,19
climbing,40924,40894,40924,30
left_turning,40959,40924,40959,35
sniffing,41030,40959,41030,71
stepping,41071,41030,41071,41
sniffing,41136,41071,41136,65
walking,41174,41136,41174,38
stepping,41221,41174,41221,47
sniffing,41234,41221,41234,13
running,41262,41234,41262,28
stepping,41337,41262,41337,75
walking,41437,41337,41437,100
sniffing,41806,41437,41806,369
rising,41864,41806,41864,58
rearing,41865,41864,41865,1
grooming,42026,41865,42026,161
trotting,42057,42026,42057,31
walking,42092,42057,42092,35
stepping,42122,42092,42122,30
grooming,42231,42122,42231,109
hunching,42392,42231,42392,161
climbing,42469,42392,42469,77
walking,42472,42469,42472,3
stepping,42542,42472,42542,70
right_turning,42583,42542,42583,41
walking,42617,42583,42617,34
left_turning,42638,42617,42638,21
walking,42688,42638,42688,50
sniffing,42783,42688,42783,95
climbing,42828,42783,42828,45
sniffing,42957,42828,42957,129
stepping,43029,42957,43029,72
climbing,43049,43029,43049,20
rising,43109,43049,43109,60
climbing,43110,43109,43110,1
walking,43140,43110,43140,30
stepping,43185,43140,43185,45
climbing,43224,43185,43224,39
stepping,43260,43224,43260,36
sniffing,43261,43260,43261,1
trotting,43262,43261,43262,1
walking,43315,43262,43315,53
running,43340,43315,43340,25
rising,43341,43340,43341,1
grooming,43505,43341,43505,164
sniffing,43533,43505,43533,28
grooming,43534,43533,43534,1
hunching,43571,43534,43571,37
grooming,43572,43571,43572,1
stepping,43605,43572,43605,33
rising,43640,43605,43640,35
stepping,43691,43640,43691,51
grooming,43801,43691,43801,110
walking,43802,43801,43802,1
rearing,43860,43802,43860,58
walking,43861,43860,43861,1
sniffing,43896,43861,43896,35
walking,43973,43896,43973,77
sniffing,44090,43973,44090,117
stepping,44132,44090,44132,42
right_turning,44159,44132,44159,27
stepping,44194,44159,44194,35
walking,44229,44194,44229,35
sniffing,44324,44229,44324,95
rearing,44332,44324,44332,8
left_turning,44392,44332,44392,60
sniffing,44713,44392,44713,321
running,44730,44713,44730,17
sniffing,44761,44730,44761,31
left_turning,44798,44761,44798,37
stepping,44844,44798,44844,46
walking,44878,44844,44878,34
sniffing,45008,44878,45008,130
walking,45017,45008,45017,9
sniffing,45110,45017,45110,93
grooming,45200,45110,45200,90
walking,45236,45200,45236,36
right_turning,45246,45236,45246,10
sniffing,45266,45246,45266,20
grooming,45485,45266,45485,219
rising,45486,45485,45486,1
sniffing,45606,45486,45606,120
walking,45625,45606,45625,19
stepping,45706,45625,45706,81
right_turning,45755,45706,45755,49
stepping,45777,45755,45777,22
rising,45825,45777,45825,48
rearing,45884,45825,45884,59
rising,45908,45884,45908,24
left_turning,45937,45908,45937,29
grooming,46084,45937,46084,147
rearing,46116,46084,46116,32
sniffing,46117,46116,46117,1
walking,46142,46117,46142,25
stepping,46173,46142,46173,31
grooming,46286,46173,46286,113
hunching,46287,46286,46287,1
grooming,46288,46287,46288,1
climbing,46358,46288,46358,70
right_turning,46383,46358,46383,25
walking,46398,46383,46398,15
trotting,46414,46398,46414,16
walking,46497,46414,46497,83
sniffing,46515,46497,46515,18
left_turning,46547,46515,46547,32
sniffing,46628,46547,46628,81
walking,46643,46628,46643,15
trotting,46658,46643,46658,15
sniffing,46704,46658,46704,46
walking,46705,46704,46705,1
rising,46773,46705,46773,68
grooming,46774,46773,46774,1
sniffing,46809,46774,46809,35
walking,46881,46809,46881,72
sniffing,46939,46881,46939,58
rising,46940,46939,46940,1
sniffing,47027,46940,47027,87
walking,47028,47027,47028,1
sniffing,47043,47028,47043,15
stepping,47102,47043,47102,59
sniffing,47336,47102,47336,234
stepping,47382,47336,47382,46
climbing,47405,47382,47405,23
walking,47469,47405,47469,64
stepping,47488,47469,47488,19
sniffing,47570,47488,47570,82
rising,47624,47570,47624,54
sniffing,47834,47624,47834,210
stepping,47852,47834,47852,18
rising,47948,47852,47948,96
stepping,47995,47948,47995,47
sniffing,48053,47995,48053,58
walking,48082,48053,48082,29
sniffing,48137,48082,48137,55
stepping,48157,48137,48157,20
sniffing,48208,48157,48208,51
rising,48234,48208,48234,26
sniffing,48260,48234,48260,26
grooming,48364,48260,48364,104
walking,48433,48364,48433,69
trotting,48469,48433,48469,36
sniffing,48514,48469,48514,45
trotting,48546,48514,48546,32
stepping,48584,48546,48584,38
rising,48591,48584,48591,7
grooming,48870,48591,48870,279
rising,48871,48870,48871,1
walking,48922,48871,48922,51
sniffing,48941,48922,48941,19
grooming,48999,48941,48999,58
walking,49014,48999,49014,15
stepping,49081,49014,49081,67
sniffing,49212,49081,49212,131
stepping,49249,49212,49249,37
right_turning,49322,49249,49322,73
walking,49346,49322,49346,24
stepping,49398,49346,49398,52
walking,49418,49398,49418,20
sniffing,49508,49418,49508,90
stepping,49555,49508,49555,47
walking,49619,49555,49619,64
trotting,49678,49619,49678,59
climbing,49709,49678,49709,31
trotting,49724,49709,49724,15
walking,49783,49724,49783,59
sniffing,49871,49783,49871,88
walking,49938,49871,49938,67
stepping,49980,49938,49980,42
walking,50090,49980,50090,110
sniffing,50106,50090,50106,16
walking,50175,50106,50175,69
stepping,50211,50175,50211,36
walking,50212,50211,50212,1
stepping,50287,50212,50287,75
walking,50309,50287,50309,22
stepping,50388,50309,50388,79
grooming,50601,50388,50601,213
running,50637,50601,50637,36
trotting,50664,50637,50664,27
rearing,50750,50664,50750,86
grooming,50790,50750,50790,40
right_turning,50800,50790,50800,10
running,50826,50800,50826,26
sniffing,50850,50826,50850,24
walking,50860,50850,50860,10
grooming,50999,50860,50999,139
left_turning,51057,50999,51057,58
grooming,51058,51057,51058,1
rearing,51110,51058,51110,52
walking,51153,51110,51153,43
sniffing,51308,51153,51308,155
stepping,51317,51308,51317,9
sniffing,51386,51317,51386,69
stepping,51443,51386,51443,57
rising,51468,51443,51468,25
climbing,51518,51468,51518,50
running,51551,51518,51551,33
right_turning,51584,51551,51584,33
sniffing,51601,51584,51601,17
rising,51627,51601,51627,26
stepping,51628,51627,51628,1
grooming,51947,51628,51947,319
walking,51992,51947,51992,45
sniffing,52134,51992,52134,142
left_turning,52214,52134,52214,80
walking,52258,52214,52258,44
rearing,52332,52258,52332,74
grooming,52333,52332,52333,1
sniffing,52334,52333,52334,1
stepping,52348,52334,52348,14
sniffing,52349,52348,52349,1
right_turning,52354,52349,52354,5
walking,52422,52354,52422,68
sniffing,52556,52422,52556,134
walking,52587,52556,52587,31
grooming,52588,52587,52588,1
right_turning,52626,52588,52626,38
walking,52678,52626,52678,52
sniffing,52694,52678,52694,16
rising,52814,52694,52814,120
rearing,52926,52814,52926,112
stepping,52955,52926,52955,29
sniffing,52956,52955,52956,1
left_turning,52957,52956,52957,1
sniffing,53001,52957,53001,44
right_turning,53028,53001,53028,27
walking,53042,53028,53042,14
stepping,53091,53042,53091,49
sniffing,53135,53091,53135,44
trotting,53155,53135,53155,20
walking,53175,53155,53175,20
running,53219,53175,53219,44
trotting,53278,53219,53278,59
walking,53292,53278,53292,14
sniffing,53457,53292,53457,165
climbing,53519,53457,53519,62
grooming,53520,53519,53520,1
stepping,53580,53520,53580,60
sniffing,53581,53580,53581,1
right_turning,53593,53581,53593,12
stepping,53635,53593,53635,42
sniffing,53734,53635,53734,99
stepping,53776,53734,53776,42
sniffing,53945,53776,53945,169
running,53967,53945,53967,22
sniffing,54112,53967,54112,145
walking,54169,54112,54169,57
sniffing,54193,54169,54193,24
left_turning,54226,54193,54226,33
walking,54233,54226,54233,7
stepping,54273,54233,54273,40
walking,54319,54273,54319,46
sniffing,54333,54319,54333,14
stepping,54371,54333,54371,38
grooming,54422,54371,54422,51
right_turning,54446,54422,54446,24
climbing,54481,54446,54481,35
rearing,54511,54481,54511,30
grooming,54512,54511,54512,1
sniffing,54513,54512,54513,1
stepping,54551,54513,54551,38
climbing,54552,54551,54552,1
trotting,54591,54552,54591,39
sniffing,54593,54591,54593,2
walking,54594,54593,54594,1
left_turning,54595,54594,54595,1
sniffing,54689,54595,54689,94
grooming,54735,54689,54735,46
climbing,54947,54735,54947,212
grooming,55155,54947,55155,208
climbing,55183,55155,55183,28
grooming,55184,55183,55184,1
climbing,55190,55184,55190,6
trotting,55197,55190,55197,7
sniffing,55198,55197,55198,1
walking,55288,55198,55288,90
sniffing,55391,55288,55391,103
left_turning,55443,55391,55443,52
hunching,55457,55443,55457,14
sniffing,55517,55457,55517,60
stepping,55569,55517,55569,52
sniffing,55619,55569,55619,50
rising,55661,55619,55661,42
climbing,55662,55661,55662,1
running,55709,55662,55709,47
right_turning,55710,55709,55710,1
stepping,55738,55710,55738,28
scratching,55739,55738,55739,1
left_turning,55766,55739,55766,27
trotting,55792,55766,55792,26
walking,55837,55792,55837,45
sniffing,55912,55837,55912,75
stepping,55913,55912,55913,1
sniffing,55990,55913,55990,77
walking,56003,55990,56003,13
sniffing,56103,56003,56103,100
grooming,56316,56103,56316,213
walking,56360,56316,56360,44
sniffing,56480,56360,56480,120
stepping,56500,56480,56500,20
sniffing,56604,56500,56604,104
rising,56655,56604,56655,51
grooming,56902,56655,56902,247
hunching,56916,56902,56916,14
grooming,57087,56916,57087,171
trotting,57117,57087,57117,30
rearing,57119,57117,57119,2
climbing,57157,57119,57157,38
running,57175,57157,57175,18
jumping,57240,57175,57240,65
rearing,57253,57240,57253,13
grooming,57379,57253,57379,126
sniffing,57427,57379,57427,48
climbing,57428,57427,57428,1
left_turning,57485,57428,57485,57
walking,57527,57485,57527,42
stepping,57585,57527,57585,58
grooming,57586,57585,57586,1
rearing,57684,57586,57684,98
grooming,57695,57684,57695,11
right_turning,57696,57695,57696,1
grooming,57914,57696,57914,218
sniffing,57974,57914,57974,60
grooming,58082,57974,58082,108
sniffing,58141,58082,58141,59
grooming,58343,58141,58343,202
sniffing,58353,58343,58353,10
stepping,58387,58353,58387,34
climbing,58435,58387,58435,48
stepping,58436,58435,58436,1
walking,58493,58436,58493,57
sniffing,58497,58493,58497,4
grooming,58617,58497,58617,120
walking,58676,58617,58676,59
left_turning,58712,58676,58712,36
grooming,58861,58712,58861,149
rearing,58862,58861,58862,1
grooming,59125,58862,59125,263
sniffing,59131,59125,59131,6
running,59150,59131,59150,19
right_turning,59166,59150,59166,16
sniffing,59237,59166,59237,71
stepping,59279,59237,59279,42
rising,59286,59279,59286,7
left_turning,59317,59286,59317,31
walking,59394,59317,59394,77
sniffing,59409,59394,59409,15
left_turning,59450,59409,59450,41
walking,59489,59450,59489,39
trotting,59494,59489,59494,5
running,59528,59494,59528,34
trotting,59553,59528,59553,25
walking,59599,59553,59599,46
sniffing,59600,59599,59600,1
right_turning,59643,59600,59643,43
walking,59644,59643,59644,1
rising,59672,59644,59672,28
grooming,59726,59672,59726,54
sniffing,59752,59726,59752,26
stepping,59765,59752,59765,13
sniffing,59766,59765,59766,1
stepping,59797,59766,59797,31
rising,59880,59797,59880,83
climbing,59948,59880,59948,68
running,60003,59948,60003,55
walking,60107,60003,60107,104
sniffing,60154,60107,60154,47
right_turning,60155,60154,60155,1
sniffing,60214,60155,60214,59
hunching,60289,60214,60289,75
walking,60378,60289,60378,89
stepping,60398,60378,60398,20
sniffing,60454,60398,60454,56
grooming,60455,60454,60455,1
rising,60488,60455,60488,33
left_turning,60525,60488,60525,37
rising,60551,60525,60551,26
climbing,60663,60551,60663,112
stepping,60691,60663,60691,28
sniffing,60692,60691,60692,1
walking,60728,60692,60728,36
stepping,60807,60728,60807,79
sniffing,60808,60807,60808,1
walking,60902,60808,60902,94
right_turning,60913,60902,60913,11
walking,60942,60913,60942,29
stepping,60962,60942,60962,20
sniffing,61081,60962,61081,119
walking,61113,61081,61113,32
rising,61231,61113,61231,118
grooming,61628,61231,61628,397
sniffing,61676,61628,61676,48
rising,61677,61676,61677,1
rearing,61691,61677,61691,14
grooming,61777,61691,61777,86
hunching,61778,61777,61778,1
left_turning,61811,61778,61811,33
walking,61855,61811,61855,44
sniffing,61938,61855,61938,83
left_turning,61984,61938,61984,46
grooming,62227,61984,62227,243
sniffing,62228,62227,62228,1
left_turning,62270,62228,62270,42
walking,62314,62270,62314,44
sniffing,62346,62314,62346,32
left_turning,62417,62346,62417,71
stepping,62437,62417,62437,20
sniffing,62559,62437,62559,122
walking,62630,62559,62630,71
grooming,62691,62630,62691,61
rearing,62744,62691,62744,53
hunching,62787,62744,62787,43
rearing,62885,62787,62885,98
grooming,62887,62885,62887,2
left_turning,62918,62887,62918,31
stepping,62945,62918,62945,27
grooming,63286,62945,63286,341
rearing,63352,63286,63352,66
grooming,63404,63352,63404,52
rearing,63405,63404,63405,1
grooming,63508,63405,63508,103
walking,63522,63508,63522,14
climbing,63568,63522,63568,46
walking,63569,63568,63569,1
sniffing,63570,63569,63570,1
rising,63596,63570,63596,26
grooming,63597,63596,63597,1
rearing,63708,63597,63708,111
left_turning,63754,63708,63754,46
rising,63838,63754,63838,84
rearing,63902,63838,63902,64
left_turning,63906,63902,63906,4
rising,63907,63906,63907,1
walking,63950,63907,63950,43
sniffing,63986,63950,63986,36
left_turning,64028,63986,64028,42
stepping,64089,64028,64089,61
walking,64158,64089,64158,69
rising,64159,64158,64159,1
left_turning,64199,64159,64199,40
walking,64200,64199,64200,1
jumping,64288,64200,64288,88
left_turning,64293,64288,64293,5
stepping,64322,64293,64322,29
walking,64346,64322,64346,24
stepping,64384,64346,64384,38
rising,64450,64384,64450,66
walking,64514,64450,64514,64
sniffing,64711,64514,64711,197
running,64731,64711,64731,20
trotting,64755,64731,64755,24
running,64760,64755,64760,5
stepping,64783,64760,64783,23
rising,64786,64783,64786,3
rearing,64787,64786,64787,1
left_turning,64813,64787,64813,26
jumping,64857,64813,64857,44
left_turning,64909,64857,64909,52
sniffing,65025,64909,65025,116
stepping,65140,65025,65140,115
rising,65190,65140,65190,50
stepping,65221,65190,65221,31
climbing,65290,65221,65290,69
walking,65338,65290,65338,48
sniffing,65564,65338,65564,226
right_turning,65616,65564,65616,52
stepping,65640,65616,65640,24
walking,65667,65640,65667,27
rearing,65684,65667,65684,17
grooming,65809,65684,65809,125
walking,65810,65809,65810,1
sniffing,65855,65810,65855,45
right_turning,65887,65855,65887,32
sniffing,66105,65887,66105,218
stepping,66171,66105,66171,66
sniffing,66179,66171,66179,8
grooming,66347,66179,66347,168
stepping,66419,66347,66419,72
sniffing,66441,66419,66441,22
right_turning,66445,66441,66445,4
rising,66507,66445,66507,62
climbing,66508,66507,66508,1
rising,66509,66508,66509,1
climbing,66544,66509,66544,35
right_turning,66545,66544,66545,1
climbing,66642,66545,66642,97
walking,66653,66642,66653,11
sniffing,66654,66653,66654,1
grooming,66750,66654,66750,96
walking,66759,66750,66759,9
sniffing,66841,66759,66841,82
rising,66882,66841,66882,41
rearing,66977,66882,66977,95
left_turning,67009,66977,67009,32
rising,67030,67009,67030,21
grooming,67178,67030,67178,148
sniffing,67179,67178,67179,1
running,67180,67179,67180,1
trotting,67181,67180,67181,1
sniffing,67319,67181,67319,138
running,67363,67319,67363,44
trotting,67394,67363,67394,31
sniffing,67421,67394,67421,27
right_turning,67461,67421,67461,40
walking,67487,67461,67487,26
climbing,67609,67487,67609,122
walking,67675,67609,67675,66
sniffing,67676,67675,67676,1
grooming,67860,67676,67860,184
walking,67898,67860,67898,38
sniffing,68010,67898,68010,112
running,68021,68010,68021,11
walking,68098,68021,68098,77
sniffing,68099,68098,68099,1
rising,68124,68099,68124,25
left_turning,68161,68124,68161,37
walking,68186,68161,68186,25
rearing,68300,68186,68300,114
rising,68351,68300,68351,51
sniffing,68452,68351,68452,101
rising,68502,68452,68502,50
rearing,68505,68502,68505,3
sniffing,68580,68505,68580,75
walking,68604,68580,68604,24
rearing,68605,68604,68605,1
walking,68634,68605,68634,29
sniffing,68704,68634,68704,70
rearing,68785,68704,68785,81
grooming,68786,68785,68786,1
hunching,68803,68786,68803,17
grooming,68855,68803,68855,52
scratching,68856,68855,68856,1
grooming,69071,68856,69071,215
running,69090,69071,69090,19
walking,69094,69090,69094,4
sniffing,69169,69094,69169,75
stepping,69215,69169,69215,46
walking,69269,69215,69269,54
stepping,69315,69269,69315,46
sniffing,69362,69315,69362,47
running,69388,69362,69388,26
sniffing,69544,69388,69544,156
right_turning,69564,69544,69564,20
walking,69582,69564,69582,18
sniffing,69669,69582,69669,87
left_turning,69698,69669,69698,29
sniffing,69719,69698,69719,21
grooming,70099,69719,70099,380
rising,70113,70099,70113,14
hunching,70155,70113,70155,42
rearing,70246,70155,70246,91
rising,70281,70246,70281,35
grooming,70339,70281,70339,58
rearing,70340,70339,70340,1
grooming,70424,70340,70424,84
rearing,70549,70424,70549,125
sniffing,70646,70549,70646,97
rising,70683,70646,70683,37
climbing,70685,70683,70685,2
rearing,70737,70685,70737,52
grooming,70922,70737,70922,185
rearing,70981,70922,70981,59
grooming,70982,70981,70982,1
walking,71055,70982,71055,73
sniffing,71091,71055,71091,36
left_turning,71124,71091,71124,33
rising,71159,71124,71159,35
grooming,71830,71159,71830,671
left_turning,71857,71830,71857,27
sniffing,71858,71857,71858,1
rearing,71859,71858,71859,1
stepping,71899,71859,71899,40
walking,71986,71899,71986,87
stepping,72037,71986,72037,51
rearing,72159,72037,72159,122
sniffing,72257,72159,72257,98
trotting,72260,72257,72260,3
sniffing,72359,72260,72359,99
stepping,72411,72359,72411,52
sniffing,72578,72411,72578,167
stepping,72638,72578,72638,60
grooming,72874,72638,72874,236
sniffing,72920,72874,72920,46
left_turning,72973,72920,72973,53
stepping,72974,72973,72974,1
right_turning,73020,72974,73020,46
sniffing,73141,73020,73141,121
rising,73180,73141,73180,39
rearing,73181,73180,73181,1
climbing,73214,73181,73214,33
grooming,73215,73214,73215,1
left_turning,73234,73215,73234,19
sniffing,73392,73234,73392,158
walking,73470,73392,73470,78
stepping,73529,73470,73529,59
walking,73579,73529,73579,50
stepping,73644,73579,73644,65
right_turning,73662,73644,73662,18
walking,73733,73662,73733,71
stepping,73786,73733,73786,53
sniffing,73865,73786,73865,79
stepping,73875,73865,73875,10
climbing,73926,73875,73926,51
right_turning,73987,73926,73987,61
sniffing,73996,73987,73996,9
rising,74032,73996,74032,36
sniffing,74113,74032,74113,81
stepping,74114,74113,74114,1
sniffing,74195,74114,74195,81
rising,74225,74195,74225,30
hunching,74269,74225,74269,44
grooming,74469,74269,74469,200
sniffing,74566,74469,74566,97
stepping,74624,74566,74624,58
walking,74670,74624,74670,46
sniffing,74687,74670,74687,17
right_turning,74713,74687,74713,26
sniffing,74718,74713,74718,5
stepping,74765,74718,74765,47
sniffing,74877,74765,74877,112
running,74906,74877,74906,29
stepping,74928,74906,74928,22
trotting,74962,74928,74962,34
sniffing,75172,74962,75172,210
stepping,75186,75172,75186,14
climbing,75212,75186,75212,26
stepping,75240,75212,75240,28
sniffing,75241,75240,75241,1
walking,75319,75241,75319,78
hunching,75508,75319,75508,189
rearing,75547,75508,75547,39
grooming,75711,75547,75711,164
walking,75781,75711,75781,70
sniffing,75867,75781,75867,86
walking,75925,75867,75925,58
stepping,75950,75925,75950,25
walking,75978,75950,75978,28
grooming,76215,75978,76215,237
sniffing,76327,76215,76327,112
walking,76369,76327,76369,42
sniffing,76374,76369,76374,5
stepping,76375,76374,76375,1
rearing,76379,76375,76379,4
grooming,76465,76379,76465,86
climbing,76522,76465,76522,57
trotting,76549,76522,76549,27
right_turning,76554,76549,76554,5
sniffing,76555,76554,76555,1
rising,76556,76555,76556,1
grooming,76557,76556,76557,1
sniffing,76558,76557,76558,1
walking,76585,76558,76585,27
rising,76586,76585,76586,1
climbing,76699,76586,76699,113
rearing,76700,76699,76700,1
walking,76702,76700,76702,2
grooming,76750,76702,76750,48
hunching,76782,76750,76782,32
grooming,76783,76782,76783,1
hunching,76862,76783,76862,79
grooming,76936,76862,76936,74
sniffing,76942,76936,76942,6
grooming,77036,76942,77036,94
sniffing,77037,77036,77037,1
walking,77066,77037,77066,29
climbing,77095,77066,77095,29
running,77110,77095,77110,15
walking,77111,77110,77111,1
sniffing,77112,77111,77112,1
stepping,77135,77112,77135,23
rearing,77177,77135,77177,42
hunching,77178,77177,77178,1
left_turning,77223,77178,77223,45
scratching,77224,77223,77224,1
right_turning,77230,77224,77230,6
stepping,77347,77230,77347,117
rearing,77348,77347,77348,1
hunching,77428,77348,77428,80
rearing,77454,77428,77454,26
sniffing,77497,77454,77497,43
rising,77498,77497,77498,1
rearing,77662,77498,77662,164
grooming,78163,77662,78163,501
climbing,78241,78163,78241,78
rising,78245,78241,78245,4
climbing,78404,78245,78404,159
walking,78482,78404,78482,78
trotting,78503,78482,78503,21
sniffing,78528,78503,78528,25
stepping,78603,78528,78603,75
sniffing,78636,78603,78636,33
walking,78710,78636,78710,74
rearing,78715,78710,78715,5
climbing,78822,78715,78822,107
rising,78838,78822,78838,16
rearing,78864,78838,78864,26
grooming,78981,78864,78981,117
sniffing,78982,78981,78982,1
trotting,79022,78982,79022,40
sniffing,79023,79022,79023,1
rising,79270,79023,79270,247
left_turning,79289,79270,79289,19
walking,79322,79289,79322,33
sniffing,79472,79322,79472,150
rising,79483,79472,79483,11
climbing,79555,79483,79555,72
left_turning,79648,79555,79648,93
scratching,79649,79648,79649,1
grooming,79926,79649,79926,277
rearing,79977,79926,79977,51
hunching,79978,79977,79978,1
rearing,79979,79978,79979,1
grooming,79992,79979,79992,13
rearing,80043,79992,80043,51
grooming,80134,80043,80134,91
left_turning,80136,80134,80136,2
sniffing,80173,80136,80173,37
stepping,80202,80173,80202,29
walking,80249,80202,80249,47
stepping,80300,80249,80300,51
walking,80326,80300,80326,26
climbing,80420,80326,80420,94
right_turning,80532,80420,80532,112
walking,80533,80532,80533,1
sniffing,80635,80533,80635,102
grooming,80636,80635,80636,1
left_turning,80637,80636,80637,1
walking,80691,80637,80691,54
grooming,80815,80691,80815,124
rearing,80816,80815,80816,1
hunching,80853,80816,80853,37
grooming,81164,80853,81164,311
sniffing,81457,81164,81457,293
left_turning,81484,81457,81484,27
trotting,81504,81484,81504,20
sniffing,81530,81504,81530,26
right_turning,81563,81530,81563,33
walking,81621,81563,81621,58
sniffing,81622,81621,81622,1
stepping,81687,81622,81687,65
rearing,81730,81687,81730,43
left_turning,81776,81730,81776,46
stepping,81809,81776,81809,33
rising,81848,81809,81848,39
rearing,81883,81848,81883,35
left_turning,81900,81883,81900,17
sniffing,81992,81900,81992,92
stepping,82004,81992,82004,12
climbing,82043,82004,82043,39
walking,82047,82043,82047,4
sniffing,82075,82047,82075,28
right_turning,82076,82075,82076,1
rearing,82109,82076,82109,33
grooming,82120,82109,82120,11
rearing,82167,82120,82167,47
sniffing,82331,82167,82331,164
stepping,82366,82331,82366,35
rearing,82435,82366,82435,69
grooming,82632,82435,82632,197
trotting,82689,82632,82689,57
walking,82740,82689,82740,51
sniffing,82785,82740,82785,45
walking,82930,82785,82930,145
right_turning,83026,82930,83026,96
stepping,83073,83026,83073,47
walking,83194,83073,83194,121
sniffing,83374,83194,83374,180
rising,83461,83374,83461,87
grooming,83574,83461,83574,113
hunching,83611,83574,83611,37
grooming,83870,83611,83870,259
running,83901,83870,83901,31
walking,83935,83901,83935,34
sniffing,84060,83935,84060,125
rearing,84182,84060,84182,122
walking,84234,84182,84234,52
sniffing,84281,84234,84281,47
rising,84303,84281,84303,22
rearing,84304,84303,84304,1
rising,84409,84304,84409,105
rearing,84410,84409,84410,1
sniffing,84448,84410,84448,38
walking,84475,84448,84475,27
rising,84557,84475,84557,82
rearing,84558,84557,84558,1
hunching,84737,84558,84737,179
stepping,84779,84737,84779,42
sniffing,84823,84779,84823,44
walking,84856,84823,84856,33
running,84857,84856,84857,1
rising,84968,84857,84968,111
right_turning,84993,84968,84993,25
stepping,85016,84993,85016,23
walking,85089,85016,85089,73
sniffing,85245,85089,85245,156
grooming,85323,85245,85323,78
rearing,85393,85323,85393,70
right_turning,85394,85393,85394,1
trotting,85415,85394,85415,21
walking,85453,85415,85453,38
rising,85454,85453,85454,1
rearing,85465,85454,85465,11
climbing,85468,85465,85468,3
walking,85526,85468,85526,58
rising,85563,85526,85563,37
rearing,85615,85563,85615,52
grooming,85803,85615,85803,188
rising,85814,85803,85814,11
sniffing,86012,85814,86012,198
stepping,86060,86012,86060,48
rising,86080,86060,86080,20
rearing,86152,86080,86152,72
sniffing,86186,86152,86186,34
right_turning,86224,86186,86224,38
sniffing,86446,86224,86446,222
rearing,86447,86446,86447,1
sniffing,86528,86447,86528,81
rising,86582,86528,86582,54
grooming,86679,86582,86679,97
walking,86706,86679,86706,27
sniffing,86743,86706,86743,37
stepping,86782,86743,86782,39
walking,86808,86782,86808,26
sniffing,86863,86808,86863,55
stepping,86875,86863,86875,12
walking,86955,86875,86955,80
sniffing,87103,86955,87103,148
trotting,87136,87103,87136,33
stepping,87229,87136,87229,93
rising,87308,87229,87308,79
sniffing,87309,87308,87309,1
stepping,87331,87309,87331,22
grooming,87333,87331,87333,2
sniffing,87448,87333,87448,115
left_turning,87487,87448,87487,39
walking,87488,87487,87488,1
sniffing,87566,87488,87566,78
stepping,87650,87566,87650,84
rising,87675,87650,87675,25
sniffing,87744,87675,87744,69
stepping,87768,87744,87768,24
rearing,87990,87768,87990,222
trotting,88011,87990,88011,21
stepping,88062,88011,88062,51
rising,88175,88062,88175,113
grooming,88799,88175,88799,624
hunching,88840,88799,88840,41
rearing,88855,88840,88855,15
stepping,88906,88855,88906,51
sniffing,88908,88906,88908,2
trotting,88956,88908,88956,48
rearing,89080,88956,89080,124
grooming,89296,89080,89296,216
rearing,89361,89296,89361,65
sniffing,89513,89361,89513,152
grooming,89604,89513,89604,91
rearing,89686,89604,89686,82
grooming,89766,89686,89766,80
sniffing,89933,89766,89933,167
rearing,89958,89933,89958,25
grooming,89959,89958,89959,1
climbing,90067,89959,90067,108
stepping,90119,90067,90119,52
rearing,90199,90119,90199,80
climbing,90304,90199,90304,105
sniffing,90407,90304,90407,103
walking,90441,90407,90441,34
running,90468,90441,90468,27
walking,90493,90468,90493,25
climbing,90538,90493,90538,45
rearing,90639,90538,90639,101
climbing,90673,90639,90673,34
grooming,90674,90673,90674,1
left_turning,90691,90674,90691,17
climbing,90701,90691,90701,10
grooming,90996,90701,90996,295
stepping,91045,90996,91045,49
rearing,91102,91045,91102,57
stepping,91144,91102,91144,42
sniffing,91216,91144,91216,72
stepping,91270,91216,91270,54
left_turning,91403,91270,91403,133
sniffing,91404,91403,91404,1
walking,91405,91404,91405,1
sniffing,91510,91405,91510,105
left_turning,91529,91510,91529,19
walking,91539,91529,91539,10
stepping,91616,91539,91616,77
sniffing,91671,91616,91671,55
climbing,91813,91671,91813,142
stepping,91828,91813,91828,15
sniffing,91932,91828,91932,104
grooming,91959,91932,91959,27
rearing,92007,91959,92007,48
left_turning,92008,92007,92008,1
sniffing,92150,92008,92150,142
left_turning,92222,92150,92222,72
rising,92333,92222,92333,111
sniffing,92504,92333,92504,171
rising,92605,92504,92605,101
walking,92644,92605,92644,39
grooming,92795,92644,92795,151
rearing,92796,92795,92796,1
sniffing,92797,92796,92797,1
stepping,92869,92797,92869,72
walking,92873,92869,92873,4
sniffing,93007,92873,93007,134
stepping,93014,93007,93014,7
walking,93068,93014,93068,54
trotting,93083,93068,93083,15
stepping,93084,93083,93084,1
right_turning,93096,93084,93096,12
sniffing,93225,93096,93225,129
right_turning,93246,93225,93246,21
scratching,93247,93246,93247,1
sniffing,93321,93247,93321,74
walking,93370,93321,93370,49
stepping,93422,93370,93422,52
climbing,93423,93422,93423,1
stepping,93444,93423,93444,21
walking,93499,93444,93499,55
stepping,93535,93499,93535,36
sniffing,93840,93535,93840,305
grooming,94296,93840,94296,456
stepping,94342,94296,94342,46
sniffing,94343,94342,94343,1
left_turning,94344,94343,94344,1
rising,94345,94344,94345,1
rearing,94394,94345,94394,49
stepping,94423,94394,94423,29
rearing,94480,94423,94480,57
grooming,95338,94480,95338,858
sniffing,95448,95338,95448,110
trotting,95478,95448,95478,30
walking,95523,95478,95523,45
sniffing,95539,95523,95539,16
trotting,95549,95539,95549,10
stepping,95597,95549,95597,48
sniffing,95598,95597,95598,1
rearing,95698,95598,95698,100
climbing,95734,95698,95734,36
rearing,95750,95734,95750,16
grooming,95762,95750,95762,12
hunching,95830,95762,95830,68
left_turning,95866,95830,95866,36
sniffing,95940,95866,95940,74
walking,95985,95940,95985,45
stepping,96005,95985,96005,20
sniffing,96109,96005,96109,104
left_turning,96110,96109,96110,1
sniffing,96221,96110,96221,111
stepping,96222,96221,96222,1
sniffing,96269,96222,96269,47
stepping,96299,96269,96299,30
rising,96373,96299,96373,74
climbing,96391,96373,96391,18
running,96429,96391,96429,38
walking,96479,96429,96479,50
sniffing,96517,96479,96517,38
rising,96584,96517,96584,67
hunching,96599,96584,96599,15
rearing,96709,96599,96709,110
grooming,96915,96709,96915,206
rearing,96959,96915,96959,44
sniffing,97075,96959,97075,116
rising,97133,97075,97133,58
sniffing,97475,97133,97475,342
rearing,97476,97475,97476,1
walking,97517,97476,97517,41
stepping,97568,97517,97568,51
rearing,97569,97568,97569,1
grooming,97990,97569,97990,421
sniffing,98057,97990,98057,67
grooming,98148,98057,98148,91
sniffing,98262,98148,98262,114
walking,98311,98262,98311,49
sniffing,98406,98311,98406,95
stepping,98420,98406,98420,14
rearing,98469,98420,98469,49
grooming,98559,98469,98559,90
rising,98560,98559,98560,1
climbing,98626,98560,98626,66
right_turning,98688,98626,98688,62
rising,98710,98688,98710,22
rearing,98738,98710,98738,28
grooming,99094,98738,99094,356
left_turning,99168,99094,99168,74
grooming,99835,99168,99835,667
rearing,99836,99835,99836,1
hunching,99837,99836,99837,1
rearing,99879,99837,99879,42
walking,99958,99879,99958,79
sniffing,99977,99958,99977,19
left_turning,100035,99977,100035,58
sniffing,100045,100035,100045,10
scratching,100046,100045,100046,1
sniffing,100166,100046,100166,120
grooming,100304,100166,100304,138
rearing,100305,100304,100305,1
left_turning,100337,100305,100337,32
stepping,100356,100337,100356,19
climbing,100376,100356,100376,20
trotting,100433,100376,100433,57
sniffing,100454,100433,100454,21
stepping,100481,100454,100481,27
sniffing,100623,100481,100623,142
rising,100624,100623,100624,1
scratching,100625,100624,100625,1
sniffing,100686,100625,100686,61
stepping,100689,100686,100689,3
walking,100729,100689,100729,40
rising,100814,100729,100814,85
grooming,100822,100814,100822,8
sniffing,100893,100822,100893,71
stepping,100954,100893,100954,61
sniffing,101060,100954,101060,106
stepping,101121,101060,101121,61
sniffing,101299,101121,101299,178
stepping,101372,101299,101372,73
rearing,101402,101372,101402,30
sniffing,101453,101402,101453,51
right_turning,101458,101453,101458,5
rearing,101498,101458,101498,40
hunching,101580,101498,101580,82
rearing,101581,101580,101581,1
grooming,101775,101581,101775,194
climbing,101847,101775,101847,72
rearing,101852,101847,101852,5
grooming,101909,101852,101909,57
walking,101956,101909,101956,47
trotting,101997,101956,101997,41
stepping,102076,101997,102076,79
rising,102185,102076,102185,109
rearing,102250,102185,102250,65
grooming,102251,102250,102251,1
sniffing,102363,102251,102363,112
walking,102444,102363,102444,81
sniffing,102563,102444,102563,119
rising,102734,102563,102734,171
sniffing,102788,102734,102788,54
walking,102838,102788,102838,50
stepping,102846,102838,102846,8
sniffing,102902,102846,102902,56
hunching,102992,102902,102992,90
stepping,103040,102992,103040,48
sniffing,103108,103040,103108,68
left_turning,103109,103108,103109,1
sniffing,103120,103109,103120,11
stepping,103130,103120,103130,10
sniffing,103181,103130,103181,51
climbing,103224,103181,103224,43
running,103244,103224,103244,20
trotting,103266,103244,103266,22
walking,103300,103266,103300,34
sniffing,103725,103300,103725,425
grooming,103941,103725,103941,216
sniffing,103956,103941,103956,15
rearing,103957,103956,103957,1
grooming,104764,103957,104764,807
stepping,104779,104764,104779,15
sniffing,104780,104779,104780,1
scratching,104781,104780,104781,1
sniffing,105001,104781,105001,220
grooming,105037,105001,105037,36
walking,105100,105037,105100,63
stepping,105109,105100,105109,9
sniffing,105221,105109,105221,112
left_turning,105271,105221,105271,50
sniffing,105327,105271,105327,56
walking,105413,105327,105413,86
sniffing,105564,105413,105564,151
stepping,105603,105564,105603,39
sniffing,105639,105603,105639,36
stepping,105660,105639,105660,21
sniffing,105732,105660,105732,72
rising,105763,105732,105763,31
rearing,105861,105763,105861,98
sniffing,105884,105861,105884,23
stepping,105973,105884,105973,89
right_turning,105974,105973,105974,1
sniffing,105980,105974,105980,6
rising,105999,105980,105999,19
rearing,106190,105999,106190,191
climbing,106284,106190,106284,94
grooming,106464,106284,106464,180
walking,106545,106464,106545,81
climbing,106593,106545,106593,48
rearing,106653,106593,106653,60
climbing,106654,106653,106654,1
left_turning,106688,106654,106688,34
sniffing,106846,106688,106846,158
grooming,106951,106846,106951,105
hunching,107042,106951,107042,91
grooming,107043,107042,107043,1
rearing,107189,107043,107189,146
hunching,107254,107189,107254,65
rearing,107336,107254,107336,82
grooming,107852,107336,107852,516
rearing,107894,107852,107894,42
grooming,107928,107894,107928,34
rearing,107955,107928,107955,27
grooming,108000,107955,108000,45
