revised_movement_label,segBoundary,segBoundary_start,segBoundary_end,length
grooming,76,0,76,76
hunching,126,76,126,50
left_turning,173,126,173,47
sniffing,231,173,231,58
rising,232,231,232,1
stepping,273,232,273,41
grooming,380,273,380,107
sniffing,408,380,408,28
rising,455,408,455,47
walking,507,455,507,52
sniffing,756,507,756,249
grooming,757,756,757,1
rearing,758,757,758,1
grooming,759,758,759,1
sniffing,843,759,843,84
rising,881,843,881,38
rearing,1034,881,1034,153
sniffing,1085,1034,1085,51
stepping,1114,1085,1114,29
right_turning,1122,1114,1122,8
stepping,1189,1122,1189,67
walking,1190,1189,1190,1
trotting,1237,1190,1237,47
sniffing,1316,1237,1316,79
grooming,1317,1316,1317,1
right_turning,1318,1317,1318,1
sniffing,1403,1318,1403,85
grooming,1565,1403,1565,162
rising,1606,1565,1606,41
walking,1688,1606,1688,82
rising,1724,1688,1724,36
grooming,1725,1724,1725,1
left_turning,1771,1725,1771,46
grooming,1772,1771,1772,1
trotting,1778,1772,1778,6
sniffing,1779,1778,1779,1
walking,1872,1779,1872,93
rising,1873,1872,1873,1
right_turning,1880,1873,1880,7
running,1909,1880,1909,29
stepping,1963,1909,1963,54
rising,1989,1963,1989,26
grooming,2091,1989,2091,102
walking,2148,2091,2148,57
sniffing,2155,2148,2155,7
rising,2191,2155,2191,36
walking,2202,2191,2202,11
sniffing,2309,2202,2309,107
rearing,2310,2309,2310,1
stepping,2333,2310,2333,23
rising,2350,2333,2350,17
grooming,2652,2350,2652,302
sniffing,2755,2652,2755,103
stepping,2792,2755,2792,37
sniffing,2851,2792,2851,59
walking,2852,2851,2852,1
stepping,2904,2852,2904,52
rearing,2918,2904,2918,14
climbing,2979,2918,2979,61
stepping,3028,2979,3028,49
running,3039,3028,3039,11
walking,3169,3039,3169,130
rising,3226,3169,3226,57
walking,3315,3226,3315,89
stepping,3396,3315,3396,81
sniffing,3407,3396,3407,11
stepping,3423,3407,3423,16
rising,3451,3423,3451,28
walking,3460,3451,3460,9
rising,3461,3460,3461,1
walking,3462,3461,3462,1
trotting,3467,3462,3467,5
stepping,3494,3467,3494,27
walking,3534,3494,3534,40
sniffing,3632,3534,3632,98
stepping,3684,3632,3684,52
walking,3713,3684,3713,29
stepping,3714,3713,3714,1
rising,3758,3714,3758,44
sniffing,3760,3758,3760,2
rising,3765,3760,3765,5
stepping,3792,3765,3792,27
sniffing,3810,3792,3810,18
grooming,3975,3810,3975,165
sniffing,4023,3975,4023,48
left_turning,4055,4023,4055,32
sniffing,4132,4055,4132,77
stepping,4162,4132,4162,30
running,4183,4162,4183,21
trotting,4189,4183,4189,6
stepping,4236,4189,4236,47
rising,4305,4236,4305,69
sniffing,4306,4305,4306,1
rising,4316,4306,4316,10
sniffing,4317,4316,4317,1
rising,4331,4317,4331,14
stepping,4340,4331,4340,9
sniffing,4349,4340,4349,9
hunching,4370,4349,4370,21
grooming,4397,4370,4397,27
hunching,4469,4397,4469,72
grooming,4664,4469,4664,195
rising,4665,4664,4665,1
sniffing,4687,4665,4687,22
stepping,4735,4687,4735,48
walking,4748,4735,4748,13
sniffing,4765,4748,4765,17
right_turning,4813,4765,4813,48
trotting,4872,4813,4872,59
walking,4873,4872,4873,1
sniffing,4927,4873,4927,54
running,4960,4927,4960,33
walking,5036,4960,5036,76
trotting,5063,5036,5063,27
stepping,5064,5063,5064,1
trotting,5123,5064,5123,59
walking,5164,5123,5164,41
grooming,5209,5164,5209,45
hunching,5261,5209,5261,52
grooming,5262,5261,5262,1
rising,5341,5262,5341,79
sniffing,5433,5341,5433,92
stepping,5473,5433,5473,40
rising,5553,5473,5553,80
sniffing,5579,5553,5579,26
trotting,5647,5579,5647,68
rising,5687,5647,5687,40
sniffing,5764,5687,5764,77
rising,5824,5764,5824,60
sniffing,5920,5824,5920,96
rising,5921,5920,5921,1
rearing,5954,5921,5954,33
sniffing,5955,5954,5955,1
stepping,5973,5955,5973,18
walking,6006,5973,6006,33
sniffing,6081,6006,6081,75
stepping,6082,6081,6082,1
sniffing,6114,6082,6114,32
left_turning,6189,6114,6189,75
rising,6234,6189,6234,45
sniffing,6330,6234,6330,96
walking,6331,6330,6331,1
stepping,6412,6331,6412,81
walking,6413,6412,6413,1
stepping,6486,6413,6486,73
walking,6580,6486,6580,94
trotting,6632,6580,6632,52
stepping,6681,6632,6681,49
rearing,6724,6681,6724,43
hunching,6725,6724,6725,1
grooming,6768,6725,6768,43
right_turning,6797,6768,6797,29
stepping,6798,6797,6798,1
sniffing,6929,6798,6929,131
left_turning,6966,6929,6966,37
walking,7022,6966,7022,56
trotting,7130,7022,7130,108
stepping,7157,7130,7157,27
walking,7203,7157,7203,46
rising,7219,7203,7219,16
rearing,7270,7219,7270,51
grooming,7271,7270,7271,1
walking,7272,7271,7272,1
stepping,7314,7272,7314,42
walking,7342,7314,7342,28
sniffing,7382,7342,7382,40
grooming,7499,7382,7499,117
right_turning,7522,7499,7522,23
rising,7558,7522,7558,36
grooming,7596,7558,7596,38
right_turning,7649,7596,7649,53
walking,7693,7649,7693,44
trotting,7721,7693,7721,28
stepping,7737,7721,7737,16
walking,7868,7737,7868,131
stepping,7903,7868,7903,35
walking,7932,7903,7932,29
stepping,7978,7932,7978,46
walking,7998,7978,7998,20
sniffing,8021,7998,8021,23
grooming,8090,8021,8090,69
rising,8152,8090,8152,62
climbing,8153,8152,8153,1
right_turning,8183,8153,8183,30
sniffing,8518,8183,8518,335
grooming,8683,8518,8683,165
rearing,8735,8683,8735,52
rising,8763,8735,8763,28
grooming,8770,8763,8770,7
rising,8872,8770,8872,102
hunching,8882,8872,8882,10
grooming,8935,8882,8935,53
trotting,8968,8935,8968,33
running,9006,8968,9006,38
left_turning,9033,9006,9033,27
running,9068,9033,9068,35
walking,9089,9068,9089,21
trotting,9117,9089,9117,28
rising,9162,9117,9162,45
sniffing,9234,9162,9234,72
running,9274,9234,9274,40
stepping,9298,9274,9298,24
rearing,9361,9298,9361,63
hunching,9404,9361,9404,43
sniffing,9434,9404,9434,30
walking,9495,9434,9495,61
right_turning,9500,9495,9500,5
sniffing,9537,9500,9537,37
trotting,9558,9537,9558,21
walking,9640,9558,9640,82
sniffing,9641,9640,9641,1
walking,9689,9641,9689,48
rearing,9734,9689,9734,45
right_turning,9763,9734,9763,29
walking,9784,9763,9784,21
stepping,9829,9784,9829,45
sniffing,9888,9829,9888,59
grooming,9916,9888,9916,28
sniffing,9948,9916,9948,32
grooming,9949,9948,9949,1
trotting,9950,9949,9950,1
stepping,10002,9950,10002,52
sniffing,10089,10002,10089,87
grooming,10131,10089,10131,42
rearing,10193,10131,10193,62
grooming,10194,10193,10194,1
climbing,10273,10194,10273,79
grooming,10376,10273,10376,103
rearing,10414,10376,10414,38
grooming,10583,10414,10583,169
walking,10603,10583,10603,20
hunching,10646,10603,10646,43
climbing,10697,10646,10697,51
walking,10781,10697,10781,84
trotting,10796,10781,10796,15
sniffing,10855,10796,10855,59
walking,10872,10855,10872,17
rising,10950,10872,10950,78
grooming,10951,10950,10951,1
rising,10967,10951,10967,16
walking,10998,10967,10998,31
sniffing,11067,10998,11067,69
stepping,11125,11067,11125,58
walking,11126,11125,11126,1
sniffing,11186,11126,11186,60
left_turning,11216,11186,11216,30
stepping,11227,11216,11227,11
trotting,11245,11227,11245,18
sniffing,11374,11245,11374,129
left_turning,11375,11374,11375,1
sniffing,11385,11375,11385,10
rising,11400,11385,11400,15
sniffing,11412,11400,11412,12
stepping,11436,11412,11436,24
right_turning,11521,11436,11521,85
walking,11576,11521,11576,55
grooming,11675,11576,11675,99
sniffing,11750,11675,11750,75
rising,11801,11750,11801,51
stepping,11855,11801,11855,54
rising,11865,11855,11865,10
grooming,11976,11865,11976,111
running,11980,11976,11980,4
rising,12002,11980,12002,22
walking,12003,12002,12003,1
sniffing,12042,12003,12042,39
rising,12115,12042,12115,73
grooming,12116,12115,12116,1
rearing,12186,12116,12186,70
grooming,12512,12186,12512,326
rising,12610,12512,12610,98
stepping,12655,12610,12655,45
sniffing,12810,12655,12810,155
stepping,12875,12810,12875,65
walking,12908,12875,12908,33
stepping,12997,12908,12997,89
trotting,13054,12997,13054,57
running,13093,13054,13093,39
trotting,13140,13093,13140,47
left_turning,13152,13140,13152,12
sniffing,13153,13152,13153,1
rearing,13165,13153,13165,12
grooming,13385,13165,13385,220
left_turning,13386,13385,13386,1
stepping,13416,13386,13416,30
grooming,13446,13416,13446,30
hunching,13507,13446,13507,61
rearing,13573,13507,13573,66
hunching,13603,13573,13603,30
rearing,13610,13603,13610,7
rising,13613,13610,13613,3
grooming,13692,13613,13692,79
walking,13702,13692,13702,10
trotting,13725,13702,13725,23
walking,13744,13725,13744,19
stepping,13811,13744,13811,67
walking,13891,13811,13891,80
trotting,13923,13891,13923,32
rising,13924,13923,13924,1
grooming,13962,13924,13962,38
stepping,13992,13962,13992,30
walking,14081,13992,14081,89
trotting,14149,14081,14149,68
running,14165,14149,14165,16
sniffing,14206,14165,14206,41
stepping,14283,14206,14283,77
walking,14360,14283,14360,77
stepping,14378,14360,14378,18
rising,14386,14378,14386,8
grooming,14450,14386,14450,64
rearing,14589,14450,14589,139
hunching,14616,14589,14616,27
rearing,14633,14616,14633,17
grooming,14684,14633,14684,51
running,14689,14684,14689,5
walking,14758,14689,14758,69
grooming,14847,14758,14847,89
trotting,14862,14847,14862,15
rising,14867,14862,14867,5
grooming,14929,14867,14929,62
left_turning,14971,14929,14971,42
grooming,14996,14971,14996,25
walking,14997,14996,14997,1
grooming,15021,14997,15021,24
sniffing,15063,15021,15063,42
climbing,15064,15063,15064,1
grooming,15293,15064,15293,229
left_turning,15314,15293,15314,21
trotting,15323,15314,15323,9
rearing,15366,15323,15366,43
grooming,15396,15366,15396,30
hunching,15402,15396,15402,6
rearing,15403,15402,15403,1
right_turning,15416,15403,15416,13
walking,15466,15416,15466,50
stepping,15501,15466,15501,35
sniffing,15502,15501,15502,1
rearing,15543,15502,15543,41
grooming,15701,15543,15701,158
walking,15745,15701,15745,44
trotting,15791,15745,15791,46
stepping,15839,15791,15839,48
sniffing,15882,15839,15882,43
walking,15915,15882,15915,33
stepping,15940,15915,15940,25
sniffing,15941,15940,15941,1
walking,15951,15941,15951,10
stepping,15973,15951,15973,22
sniffing,15974,15973,15974,1
rearing,16047,15974,16047,73
rising,16090,16047,16090,43
left_turning,16112,16090,16112,22
grooming,16225,16112,16225,113
climbing,16262,16225,16262,37
walking,16263,16262,16263,1
grooming,16490,16263,16490,227
left_turning,16512,16490,16512,22
stepping,16538,16512,16538,26
rising,16574,16538,16574,36
grooming,16575,16574,16575,1
hunching,16662,16575,16662,87
grooming,16709,16662,16709,47
right_turning,16728,16709,16728,19
sniffing,16740,16728,16740,12
walking,16746,16740,16746,6
trotting,16822,16746,16822,76
sniffing,16853,16822,16853,31
hunching,16892,16853,16892,39
rearing,16918,16892,16918,26
climbing,17074,16918,17074,156
grooming,17138,17074,17138,64
rearing,17139,17138,17139,1
grooming,17149,17139,17149,10
stepping,17199,17149,17199,50
sniffing,17266,17199,17266,67
stepping,17328,17266,17328,62
grooming,17381,17328,17381,53
hunching,17416,17381,17416,35
grooming,17417,17416,17417,1
rearing,17418,17417,17418,1
sniffing,17421,17418,17421,3
grooming,17422,17421,17422,1
hunching,17435,17422,17435,13
rearing,17646,17435,17646,211
left_turning,17698,17646,17698,52
walking,17713,17698,17713,15
sniffing,17835,17713,17835,122
grooming,17923,17835,17923,88
left_turning,17935,17923,17935,12
stepping,17964,17935,17964,29
walking,17981,17964,17981,17
trotting,17995,17981,17995,14
walking,18008,17995,18008,13
stepping,18024,18008,18024,16
rising,18095,18024,18095,71
sniffing,18102,18095,18102,7
walking,18160,18102,18160,58
sniffing,18161,18160,18161,1
running,18164,18161,18164,3
walking,18229,18164,18229,65
stepping,18266,18229,18266,37
sniffing,18322,18266,18322,56
rising,18323,18322,18323,1
sniffing,18410,18323,18410,87
rising,18417,18410,18417,7
stepping,18434,18417,18434,17
grooming,18629,18434,18629,195
rearing,18630,18629,18630,1
stepping,18672,18630,18672,42
sniffing,18673,18672,18673,1
walking,18777,18673,18777,104
grooming,18970,18777,18970,193
rearing,19018,18970,19018,48
grooming,19104,19018,19104,86
stepping,19188,19104,19188,84
sniffing,19300,19188,19300,112
walking,19416,19300,19416,116
running,19449,19416,19449,33
left_turning,19467,19449,19467,18
grooming,19468,19467,19468,1
sniffing,19491,19468,19491,23
rising,19560,19491,19560,69
sniffing,19561,19560,19561,1
grooming,19562,19561,19562,1
rearing,19609,19562,19609,47
grooming,20551,19609,20551,942
right_turning,20562,20551,20562,11
grooming,20563,20562,20563,1
rearing,20596,20563,20596,33
climbing,20630,20596,20630,34
hunching,20631,20630,20631,1
rearing,20632,20631,20632,1
grooming,20727,20632,20727,95
rising,20794,20727,20794,67
grooming,20959,20794,20959,165
sniffing,21095,20959,21095,136
hunching,21143,21095,21143,48
grooming,21257,21143,21257,114
running,21265,21257,21265,8
sniffing,21340,21265,21340,75
left_turning,21390,21340,21390,50
grooming,21743,21390,21743,353
climbing,21805,21743,21805,62
left_turning,21868,21805,21868,63
stepping,21897,21868,21897,29
climbing,22009,21897,22009,112
stepping,22086,22009,22086,77
sniffing,22274,22086,22274,188
running,22332,22274,22332,58
climbing,22333,22332,22333,1
rising,22362,22333,22362,29
climbing,22411,22362,22411,49
sniffing,22549,22411,22549,138
rising,22567,22549,22567,18
climbing,22638,22567,22638,71
right_turning,22654,22638,22654,16
sniffing,22692,22654,22692,38
rising,22700,22692,22700,8
grooming,22815,22700,22815,115
left_turning,22823,22815,22823,8
trotting,22874,22823,22874,51
walking,22921,22874,22921,47
sniffing,22947,22921,22947,26
stepping,22986,22947,22986,39
walking,23023,22986,23023,37
rising,23071,23023,23071,48
rearing,23100,23071,23100,29
hunching,23101,23100,23101,1
rearing,23127,23101,23127,26
grooming,23128,23127,23128,1
hunching,23160,23128,23160,32
rearing,23290,23160,23290,130
grooming,23406,23290,23406,116
climbing,23458,23406,23458,52
grooming,23523,23458,23523,65
left_turning,23560,23523,23560,37
grooming,23636,23560,23636,76
walking,23682,23636,23682,46
sniffing,23749,23682,23749,67
stepping,23784,23749,23784,35
climbing,23785,23784,23785,1
left_turning,23827,23785,23827,42
grooming,23837,23827,23837,10
rearing,23838,23837,23838,1
grooming,23839,23838,23839,1
climbing,23906,23839,23906,67
grooming,24136,23906,24136,230
sniffing,24137,24136,24137,1
walking,24138,24137,24138,1
sniffing,24244,24138,24244,106
stepping,24260,24244,24260,16
sniffing,24261,24260,24261,1
running,24275,24261,24275,14
walking,24276,24275,24276,1
grooming,24372,24276,24372,96
running,24383,24372,24383,11
trotting,24384,24383,24384,1
stepping,24452,24384,24452,68
walking,24477,24452,24477,25
stepping,24532,24477,24532,55
sniffing,24575,24532,24575,43
left_turning,24652,24575,24652,77
trotting,24695,24652,24695,43
sniffing,24753,24695,24753,58
rising,24754,24753,24754,1
grooming,24765,24754,24765,11
rearing,24828,24765,24828,63
walking,24979,24828,24979,151
rising,24998,24979,24998,19
hunching,25111,24998,25111,113
walking,25133,25111,25133,22
sniffing,25282,25133,25282,149
climbing,25298,25282,25298,16
grooming,25498,25298,25498,200
stepping,25618,25498,25618,120
sniffing,25691,25618,25691,73
stepping,25728,25691,25728,37
grooming,25755,25728,25755,27
rising,25782,25755,25782,27
sniffing,25872,25782,25872,90
climbing,25934,25872,25934,62
running,25947,25934,25947,13
sniffing,25948,25947,25948,1
stepping,25980,25948,25980,32
walking,26008,25980,26008,28
grooming,26112,26008,26112,104
hunching,26141,26112,26141,29
rearing,26153,26141,26153,12
grooming,26298,26153,26298,145
sniffing,26340,26298,26340,42
rising,26357,26340,26357,17
climbing,26464,26357,26464,107
grooming,26625,26464,26625,161
climbing,26655,26625,26655,30
walking,26719,26655,26719,64
rising,26752,26719,26752,33
grooming,26753,26752,26753,1
rearing,26771,26753,26771,18
sniffing,26856,26771,26856,85
rising,26914,26856,26914,58
sniffing,26915,26914,26915,1
walking,26974,26915,26974,59
sniffing,26975,26974,26975,1
walking,26990,26975,26990,15
running,27007,26990,27007,17
rising,27013,27007,27013,6
rearing,27034,27013,27034,21
grooming,27108,27034,27108,74
hunching,27109,27108,27109,1
grooming,27433,27109,27433,324
sniffing,27484,27433,27484,51
rising,27506,27484,27506,22
climbing,27652,27506,27652,146
right_turning,27684,27652,27684,32
trotting,27707,27684,27707,23
stepping,27711,27707,27711,4
sniffing,27943,27711,27943,232
grooming,27985,27943,27985,42
climbing,28033,27985,28033,48
left_turning,28076,28033,28076,43
hunching,28126,28076,28126,50
rearing,28145,28126,28145,19
climbing,28189,28145,28189,44
grooming,28355,28189,28355,166
trotting,28383,28355,28383,28
left_turning,28429,28383,28429,46
grooming,28687,28429,28687,258
left_turning,28746,28687,28746,59
running,28766,28746,28766,20
walking,28804,28766,28804,38
running,28816,28804,28816,12
climbing,28940,28816,28940,124
rearing,29011,28940,29011,71
hunching,29112,29011,29112,101
left_turning,29127,29112,29127,15
scratching,29128,29127,29128,1
grooming,29409,29128,29409,281
rising,29410,29409,29410,1
stepping,29465,29410,29465,55
sniffing,29504,29465,29504,39
trotting,29545,29504,29545,41
walking,29546,29545,29546,1
grooming,29664,29546,29664,118
left_turning,29751,29664,29751,87
walking,29752,29751,29752,1
sniffing,30132,29752,30132,380
walking,30185,30132,30185,53
sniffing,30296,30185,30296,111
stepping,30336,30296,30336,40
walking,30462,30336,30462,126
stepping,30490,30462,30490,28
walking,30526,30490,30526,36
sniffing,30533,30526,30533,7
rising,30569,30533,30569,36
climbing,30623,30569,30623,54
running,30645,30623,30645,22
sniffing,30702,30645,30702,57
stepping,30762,30702,30762,60
sniffing,30864,30762,30864,102
walking,30936,30864,30936,72
rising,30993,30936,30993,57
hunching,31011,30993,31011,18
grooming,31013,31011,31013,2
walking,31024,31013,31024,11
rising,31025,31024,31025,1
climbing,31051,31025,31051,26
right_turning,31102,31051,31102,51
walking,31103,31102,31103,1
sniffing,31104,31103,31104,1
stepping,31180,31104,31180,76
walking,31181,31180,31181,1
rising,31207,31181,31207,26
hunching,31255,31207,31255,48
grooming,31380,31255,31380,125
trotting,31416,31380,31416,36
walking,31455,31416,31455,39
grooming,31584,31455,31584,129
rearing,31702,31584,31702,118
sniffing,31739,31702,31739,37
rising,31763,31739,31763,24
grooming,32052,31763,32052,289
sniffing,32163,32052,32163,111
stepping,32192,32163,32192,29
sniffing,32259,32192,32259,67
hunching,32334,32259,32334,75
sniffing,32335,32334,32335,1
stepping,32358,32335,32358,23
sniffing,32486,32358,32486,128
left_turning,32495,32486,32495,9
grooming,32583,32495,32583,88
sniffing,32642,32583,32642,59
rearing,32693,32642,32693,51
rising,32705,32693,32705,12
rearing,32829,32705,32829,124
sniffing,32870,32829,32870,41
right_turning,32901,32870,32901,31
sniffing,33102,32901,33102,201
walking,33138,33102,33138,36
sniffing,33147,33138,33147,9
left_turning,33175,33147,33175,28
stepping,33214,33175,33214,39
sniffing,33240,33214,33240,26
grooming,33241,33240,33241,1
rising,33258,33241,33258,17
right_turning,33284,33258,33284,26
trotting,33317,33284,33317,33
sniffing,33488,33317,33488,171
left_turning,33538,33488,33538,50
stepping,33592,33538,33592,54
walking,33611,33592,33611,19
stepping,33647,33611,33647,36
sniffing,33769,33647,33769,122
grooming,33969,33769,33969,200
hunching,33994,33969,33994,25
rearing,34049,33994,34049,55
rising,34120,34049,34120,71
hunching,34156,34120,34156,36
grooming,34227,34156,34227,71
sniffing,34252,34227,34252,25
running,34262,34252,34262,10
rising,34263,34262,34263,1
sniffing,34300,34263,34300,37
rising,34301,34300,34301,1
climbing,34334,34301,34334,33
sniffing,34495,34334,34495,161
rearing,34505,34495,34505,10
grooming,34728,34505,34728,223
hunching,34778,34728,34778,50
grooming,34926,34778,34926,148
sniffing,34945,34926,34945,19
left_turning,34980,34945,34980,35
stepping,35008,34980,35008,28
climbing,35060,35008,35060,52
grooming,35091,35060,35091,31
left_turning,35092,35091,35092,1
sniffing,35132,35092,35132,40
walking,35133,35132,35133,1
rising,35180,35133,35180,47
right_turning,35244,35180,35244,64
stepping,35319,35244,35319,75
grooming,35357,35319,35357,38
hunching,35358,35357,35358,1
rearing,35378,35358,35378,20
grooming,35379,35378,35379,1
trotting,35400,35379,35400,21
sniffing,35421,35400,35421,21
rising,35476,35421,35476,55
climbing,35530,35476,35530,54
grooming,35531,35530,35531,1
hunching,35612,35531,35612,81
rearing,35663,35612,35663,51
climbing,35665,35663,35665,2
grooming,35823,35665,35823,158
hunching,35824,35823,35824,1
rearing,35825,35824,35825,1
grooming,36076,35825,36076,251
left_turning,36110,36076,36110,34
hunching,36166,36110,36166,56
sniffing,36247,36166,36247,81
rearing,36311,36247,36311,64
hunching,36428,36311,36428,117
rearing,36429,36428,36429,1
grooming,36454,36429,36454,25
rearing,36515,36454,36515,61
left_turning,36520,36515,36520,5
walking,36535,36520,36535,15
trotting,36562,36535,36562,27
rising,36590,36562,36590,28
stepping,36613,36590,36613,23
right_turning,36676,36613,36676,63
walking,36687,36676,36687,11
stepping,36753,36687,36753,66
sniffing,36754,36753,36754,1
grooming,36983,36754,36983,229
rearing,36987,36983,36987,4
grooming,37058,36987,37058,71
sniffing,37076,37058,37076,18
grooming,37146,37076,37146,70
left_turning,37167,37146,37167,21
sniffing,37296,37167,37296,129
rising,37297,37296,37297,1
climbing,37373,37297,37373,76
trotting,37413,37373,37413,40
stepping,37414,37413,37414,1
rising,37559,37414,37559,145
rearing,37610,37559,37610,51
left_turning,37631,37610,37631,21
walking,37718,37631,37718,87
trotting,37782,37718,37782,64
grooming,37924,37782,37924,142
hunching,38022,37924,38022,98
grooming,38133,38022,38133,111
walking,38194,38133,38194,61
sniffing,38640,38194,38640,446
walking,38699,38640,38699,59
sniffing,38889,38699,38889,190
rearing,38896,38889,38896,7
sniffing,38916,38896,38916,20
stepping,38987,38916,38987,71
sniffing,39024,38987,39024,37
walking,39130,39024,39130,106
stepping,39187,39130,39187,57
right_turning,39248,39187,39248,61
running,39264,39248,39264,16
walking,39286,39264,39286,22
sniffing,39295,39286,39295,9
grooming,39481,39295,39481,186
rising,39482,39481,39482,1
rearing,39572,39482,39572,90
hunching,39584,39572,39584,12
stepping,39630,39584,39630,46
sniffing,39679,39630,39679,49
walking,39706,39679,39706,27
sniffing,39764,39706,39764,58
stepping,39808,39764,39808,44
rising,39947,39808,39947,139
sniffing,40016,39947,40016,69
rising,40067,40016,40067,51
sniffing,40165,40067,40165,98
rising,40240,40165,40240,75
rearing,40279,40240,40279,39
rising,40317,40279,40317,38
walking,40394,40317,40394,77
trotting,40417,40394,40417,23
sniffing,40519,40417,40519,102
trotting,40567,40519,40567,48
rising,40574,40567,40574,7
grooming,40613,40574,40613,39
rearing,40622,40613,40622,9
climbing,40668,40622,40668,46
grooming,40779,40668,40779,111
walking,40788,40779,40788,9
sniffing,40932,40788,40932,144
stepping,40961,40932,40961,29
sniffing,41068,40961,41068,107
trotting,41099,41068,41099,31
sniffing,41115,41099,41115,16
grooming,41234,41115,41234,119
walking,41273,41234,41273,39
trotting,41287,41273,41287,14
sniffing,41394,41287,41394,107
climbing,41409,41394,41409,15
left_turning,41436,41409,41436,27
climbing,41527,41436,41527,91
grooming,41647,41527,41647,120
rearing,41648,41647,41648,1
hunching,41649,41648,41649,1
left_turning,41654,41649,41654,5
sniffing,41900,41654,41900,246
grooming,42017,41900,42017,117
stepping,42077,42017,42077,60
climbing,42291,42077,42291,214
rearing,42292,42291,42292,1
climbing,42351,42292,42351,59
grooming,42645,42351,42645,294
rearing,42646,42645,42646,1
climbing,42651,42646,42651,5
sniffing,42652,42651,42652,1
climbing,42706,42652,42706,54
sniffing,42840,42706,42840,134
walking,42854,42840,42854,14
rearing,42905,42854,42905,51
grooming,42922,42905,42922,17
left_turning,42923,42922,42923,1
grooming,42986,42923,42986,63
rearing,43068,42986,43068,82
hunching,43069,43068,43069,1
climbing,43103,43069,43103,34
trotting,43137,43103,43137,34
walking,43219,43137,43219,82
sniffing,43239,43219,43239,20
rising,43288,43239,43288,49
sniffing,43458,43288,43458,170
left_turning,43463,43458,43463,5
sniffing,43642,43463,43642,179
grooming,43780,43642,43780,138
left_turning,43831,43780,43831,51
walking,43873,43831,43873,42
sniffing,43874,43873,43874,1
stepping,43898,43874,43898,24
sniffing,44028,43898,44028,130
walking,44029,44028,44029,1
sniffing,44178,44029,44178,149
left_turning,44286,44178,44286,108
sniffing,44300,44286,44300,14
grooming,44301,44300,44301,1
right_turning,44334,44301,44334,33
stepping,44335,44334,44335,1
sniffing,44628,44335,44628,293
grooming,44655,44628,44655,27
left_turning,44677,44655,44677,22
sniffing,44788,44677,44788,111
walking,44809,44788,44809,21
sniffing,44923,44809,44923,114
stepping,44980,44923,44980,57
rising,44981,44980,44981,1
grooming,44982,44981,44982,1
stepping,44993,44982,44993,11
right_turning,45016,44993,45016,23
running,45067,45016,45067,51
stepping,45089,45067,45089,22
walking,45162,45089,45162,73
rearing,45214,45162,45214,52
climbing,45319,45214,45319,105
running,45351,45319,45351,32
left_turning,45361,45351,45361,10
sniffing,45452,45361,45452,91
walking,45453,45452,45453,1
climbing,45525,45453,45525,72
left_turning,45557,45525,45557,32
walking,45626,45557,45626,69
stepping,45702,45626,45702,76
sniffing,45774,45702,45774,72
right_turning,45831,45774,45831,57
rearing,45832,45831,45832,1
grooming,45888,45832,45888,56
rearing,45970,45888,45970,82
grooming,46142,45970,46142,172
trotting,46177,46142,46177,35
sniffing,46236,46177,46236,59
walking,46283,46236,46283,47
trotting,46305,46283,46305,22
walking,46332,46305,46332,27
sniffing,46511,46332,46511,179
rising,46554,46511,46554,43
left_turning,46581,46554,46581,27
rearing,46616,46581,46616,35
grooming,46685,46616,46685,69
rearing,46701,46685,46701,16
climbing,46845,46701,46845,144
left_turning,46883,46845,46883,38
sniffing,46916,46883,46916,33
stepping,46940,46916,46940,24
trotting,46995,46940,46995,55
walking,47043,46995,47043,48
stepping,47075,47043,47075,32
sniffing,47148,47075,47148,73
right_turning,47186,47148,47186,38
sniffing,47278,47186,47278,92
stepping,47312,47278,47312,34
walking,47384,47312,47384,72
sniffing,47385,47384,47385,1
rising,47411,47385,47411,26
sniffing,47466,47411,47466,55
left_turning,47512,47466,47512,46
stepping,47566,47512,47566,54
climbing,47638,47566,47638,72
rearing,47690,47638,47690,52
hunching,47746,47690,47746,56
walking,47804,47746,47804,58
stepping,47847,47804,47847,43
sniffing,47953,47847,47953,106
grooming,48138,47953,48138,185
hunching,48143,48138,48143,5
grooming,48560,48143,48560,417
walking,48622,48560,48622,62
stepping,48700,48622,48700,78
rearing,48864,48700,48864,164
grooming,48914,48864,48914,50
rearing,48926,48914,48926,12
grooming,49053,48926,49053,127
rising,49054,49053,49054,1
left_turning,49119,49054,49119,65
sniffing,49270,49119,49270,151
stepping,49328,49270,49328,58
climbing,49446,49328,49446,118
grooming,49482,49446,49482,36
hunching,49517,49482,49517,35
rearing,49534,49517,49534,17
sniffing,49657,49534,49657,123
left_turning,49674,49657,49674,17
grooming,49675,49674,49675,1
sniffing,49937,49675,49937,262
stepping,49970,49937,49970,33
sniffing,49977,49970,49977,7
right_turning,49999,49977,49999,22
rising,50000,49999,50000,1
scratching,50001,50000,50001,1
left_turning,50030,50001,50030,29
rising,50083,50030,50083,53
climbing,50137,50083,50137,54
rising,50198,50137,50198,61
sniffing,50226,50198,50226,28
rising,50234,50226,50234,8
rearing,50417,50234,50417,183
rising,50442,50417,50442,25
stepping,50451,50442,50451,9
walking,50463,50451,50463,12
sniffing,50499,50463,50499,36
rearing,50563,50499,50563,64
grooming,50729,50563,50729,166
rising,50730,50729,50730,1
sniffing,50821,50730,50821,91
rising,50880,50821,50880,59
climbing,50961,50880,50961,81
grooming,51093,50961,51093,132
sniffing,51123,51093,51123,30
stepping,51177,51123,51177,54
walking,51178,51177,51178,1
stepping,51225,51178,51225,47
sniffing,51338,51225,51338,113
rising,51355,51338,51355,17
climbing,51507,51355,51507,152
left_turning,51523,51507,51523,16
walking,51527,51523,51527,4
sniffing,51547,51527,51547,20
walking,51570,51547,51570,23
sniffing,51667,51570,51667,97
walking,51680,51667,51680,13
sniffing,51705,51680,51705,25
right_turning,51741,51705,51741,36
stepping,51835,51741,51835,94
grooming,51836,51835,51836,1
rearing,51899,51836,51899,63
climbing,52238,51899,52238,339
running,52275,52238,52275,37
trotting,52294,52275,52294,19
sniffing,52391,52294,52391,97
rearing,52392,52391,52392,1
grooming,52468,52392,52468,76
hunching,52482,52468,52482,14
left_turning,52483,52482,52483,1
grooming,52619,52483,52619,136
hunching,52625,52619,52625,6
grooming,52740,52625,52740,115
right_turning,52814,52740,52814,74
climbing,52946,52814,52946,132
running,52983,52946,52983,37
rising,53012,52983,53012,29
sniffing,53200,53012,53200,188
rising,53212,53200,53212,12
climbing,53319,53212,53319,107
sniffing,53421,53319,53421,102
left_turning,53456,53421,53456,35
walking,53522,53456,53522,66
sniffing,53559,53522,53559,37
stepping,53648,53559,53648,89
walking,53664,53648,53664,16
sniffing,53737,53664,53737,73
stepping,53802,53737,53802,65
climbing,53853,53802,53853,51
rising,53862,53853,53862,9
hunching,53909,53862,53909,47
grooming,53945,53909,53945,36
sniffing,54075,53945,54075,130
walking,54133,54075,54133,58
rearing,54134,54133,54134,1
climbing,54147,54134,54147,13
grooming,54180,54147,54180,33
sniffing,54218,54180,54218,38
left_turning,54219,54218,54219,1
walking,54283,54219,54283,64
stepping,54284,54283,54284,1
walking,54294,54284,54294,10
sniffing,54414,54294,54414,120
grooming,54676,54414,54676,262
sniffing,54686,54676,54686,10
scratching,54687,54686,54687,1
sniffing,54765,54687,54765,78
grooming,54766,54765,54766,1
scratching,54767,54766,54767,1
left_turning,54843,54767,54843,76
rising,54844,54843,54844,1
sniffing,54932,54844,54932,88
walking,54941,54932,54941,9
stepping,54971,54941,54971,30
rearing,54976,54971,54976,5
grooming,55254,54976,55254,278
right_turning,55255,55254,55255,1
walking,55265,55255,55265,10
sniffing,55388,55265,55388,123
rearing,55399,55388,55399,11
grooming,55603,55399,55603,204
climbing,55673,55603,55673,70
rearing,55674,55673,55674,1
climbing,55687,55674,55687,13
stepping,55705,55687,55705,18
sniffing,55718,55705,55718,13
stepping,55751,55718,55751,33
sniffing,55832,55751,55832,81
left_turning,55880,55832,55880,48
sniffing,55963,55880,55963,83
walking,55997,55963,55997,34
stepping,56028,55997,56028,31
walking,56034,56028,56034,6
running,56065,56034,56065,31
sniffing,56081,56065,56081,16
rising,56146,56081,56146,65
sniffing,56147,56146,56147,1
rising,56148,56147,56148,1
climbing,56182,56148,56182,34
grooming,56183,56182,56183,1
climbing,56295,56183,56295,112
rearing,56351,56295,56351,56
hunching,56384,56351,56384,33
rearing,56437,56384,56437,53
grooming,56471,56437,56471,34
left_turning,56490,56471,56490,19
walking,56529,56490,56529,39
rearing,56561,56529,56561,32
stepping,56621,56561,56621,60
rearing,56622,56621,56622,1
stepping,56684,56622,56684,62
sniffing,56685,56684,56685,1
trotting,56686,56685,56686,1
walking,56727,56686,56727,41
left_turning,56754,56727,56754,27
grooming,56875,56754,56875,121
hunching,56897,56875,56897,22
left_turning,56898,56897,56898,1
sniffing,56988,56898,56988,90
left_turning,57078,56988,57078,90
sniffing,57079,57078,57079,1
rising,57110,57079,57110,31
hunching,57181,57110,57181,71
grooming,57182,57181,57182,1
left_turning,57193,57182,57193,11
sniffing,57243,57193,57243,50
right_turning,57270,57243,57270,27
climbing,57348,57270,57348,78
grooming,57349,57348,57349,1
rising,57362,57349,57362,13
hunching,57403,57362,57403,41
grooming,57562,57403,57562,159
trotting,57601,57562,57601,39
walking,57681,57601,57681,80
stepping,57751,57681,57751,70
sniffing,57752,57751,57752,1
stepping,57782,57752,57782,30
walking,57864,57782,57864,82
sniffing,58116,57864,58116,252
walking,58117,58116,58117,1
stepping,58132,58117,58132,15
rearing,58215,58132,58215,83
sniffing,58243,58215,58243,28
grooming,58388,58243,58388,145
walking,58436,58388,58436,48
stepping,58456,58436,58456,20
sniffing,58498,58456,58498,42
rearing,58526,58498,58526,28
climbing,58532,58526,58532,6
sniffing,58580,58532,58580,48
walking,58584,58580,58584,4
stepping,58601,58584,58601,17
grooming,58603,58601,58603,2
right_turning,58611,58603,58611,8
sniffing,58776,58611,58776,165
walking,58834,58776,58834,58
sniffing,58966,58834,58966,132
walking,58988,58966,58988,22
sniffing,58989,58988,58989,1
stepping,59006,58989,59006,17
sniffing,59013,59006,59013,7
stepping,59018,59013,59018,5
climbing,59076,59018,59076,58
sniffing,59174,59076,59174,98
stepping,59259,59174,59259,85
walking,59263,59259,59263,4
sniffing,59342,59263,59342,79
grooming,59564,59342,59564,222
rearing,59615,59564,59615,51
climbing,59616,59615,59616,1
trotting,59653,59616,59653,37
left_turning,59686,59653,59686,33
sniffing,59708,59686,59708,22
rearing,59769,59708,59769,61
climbing,59843,59769,59843,74
walking,59856,59843,59856,13
sniffing,60022,59856,60022,166
grooming,60171,60022,60171,149
sniffing,60172,60171,60172,1
walking,60216,60172,60216,44
rearing,60217,60216,60217,1
scratching,60218,60217,60218,1
left_turning,60265,60218,60265,47
walking,60266,60265,60266,1
running,60302,60266,60302,36
rising,60310,60302,60310,8
rearing,60316,60310,60316,6
grooming,60425,60316,60425,109
stepping,60426,60425,60426,1
sniffing,60479,60426,60479,53
left_turning,60496,60479,60496,17
walking,60497,60496,60497,1
sniffing,60555,60497,60555,58
walking,60583,60555,60583,28
stepping,60649,60583,60649,66
grooming,60650,60649,60650,1
rearing,60678,60650,60678,28
climbing,60729,60678,60729,51
rearing,60764,60729,60764,35
sniffing,60765,60764,60765,1
stepping,60798,60765,60798,33
sniffing,60799,60798,60799,1
rising,60886,60799,60886,87
sniffing,60946,60886,60946,60
stepping,60973,60946,60973,27
sniffing,61047,60973,61047,74
grooming,61570,61047,61570,523
stepping,61661,61570,61661,91
rearing,61717,61661,61717,56
grooming,61755,61717,61755,38
rearing,61798,61755,61798,43
grooming,62078,61798,62078,280
stepping,62135,62078,62135,57
walking,62140,62135,62140,5
trotting,62148,62140,62148,8
left_turning,62213,62148,62213,65
walking,62300,62213,62300,87
sniffing,62353,62300,62353,53
walking,62354,62353,62354,1
sniffing,62355,62354,62355,1
rearing,62356,62355,62356,1
hunching,62357,62356,62357,1
grooming,62456,62357,62456,99
stepping,62463,62456,62463,7
walking,62484,62463,62484,21
stepping,62499,62484,62499,15
scratching,62500,62499,62500,1
stepping,62522,62500,62522,22
rearing,62532,62522,62532,10
rising,62543,62532,62543,11
climbing,62612,62543,62612,69
grooming,62873,62612,62873,261
walking,62932,62873,62932,59
rearing,62988,62932,62988,56
grooming,63022,62988,63022,34
rearing,63023,63022,63023,1
climbing,63075,63023,63075,52
rearing,63101,63075,63101,26
grooming,63102,63101,63102,1
sniffing,63256,63102,63256,154
grooming,63413,63256,63413,157
sniffing,63463,63413,63463,50
trotting,63506,63463,63506,43
walking,63526,63506,63526,20
sniffing,63633,63526,63633,107
right_turning,63710,63633,63710,77
running,63720,63710,63720,10
walking,63721,63720,63721,1
sniffing,63762,63721,63762,41
right_turning,63809,63762,63809,47
stepping,63854,63809,63854,45
grooming,63898,63854,63898,44
rearing,63965,63898,63965,67
grooming,64107,63965,64107,142
sniffing,64187,64107,64187,80
grooming,64188,64187,64188,1
hunching,64189,64188,64189,1
left_turning,64242,64189,64242,53
running,64259,64242,64259,17
walking,64333,64259,64333,74
stepping,64376,64333,64376,43
grooming,64377,64376,64377,1
sniffing,64394,64377,64394,17
grooming,64395,64394,64395,1
sniffing,64396,64395,64396,1
scratching,64397,64396,64397,1
grooming,64462,64397,64462,65
walking,64511,64462,64511,49
sniffing,64512,64511,64512,1
stepping,64560,64512,64560,48
walking,64575,64560,64575,15
sniffing,64687,64575,64687,112
walking,64765,64687,64765,78
sniffing,64802,64765,64802,37
stepping,64806,64802,64806,4
walking,64931,64806,64931,125
rising,64972,64931,64972,41
climbing,65005,64972,65005,33
walking,65059,65005,65059,54
stepping,65110,65059,65110,51
sniffing,65147,65110,65147,37
rising,65148,65147,65148,1
grooming,65149,65148,65149,1
hunching,65159,65149,65159,10
grooming,65160,65159,65160,1
hunching,65193,65160,65193,33
grooming,65282,65193,65282,89
rearing,65303,65282,65303,21
stepping,65343,65303,65343,40
climbing,65393,65343,65393,50
trotting,65421,65393,65421,28
sniffing,65503,65421,65503,82
walking,65525,65503,65525,22
sniffing,65636,65525,65636,111
stepping,65637,65636,65637,1
climbing,65697,65637,65697,60
grooming,65796,65697,65796,99
left_turning,65829,65796,65829,33
stepping,65856,65829,65856,27
sniffing,65942,65856,65942,86
right_turning,65972,65942,65972,30
sniffing,66066,65972,66066,94
scratching,66067,66066,66067,1
walking,66156,66067,66156,89
sniffing,66258,66156,66258,102
walking,66289,66258,66289,31
sniffing,66305,66289,66305,16
left_turning,66368,66305,66368,63
sniffing,66369,66368,66369,1
stepping,66396,66369,66396,27
walking,66408,66396,66408,12
sniffing,66417,66408,66417,9
rising,66428,66417,66428,11
stepping,66444,66428,66444,16
walking,66463,66444,66463,19
running,66488,66463,66488,25
climbing,66571,66488,66571,83
stepping,66618,66571,66618,47
sniffing,66802,66618,66802,184
grooming,66960,66802,66960,158
sniffing,66995,66960,66995,35
grooming,66996,66995,66996,1
sniffing,67048,66996,67048,52
stepping,67092,67048,67092,44
sniffing,67158,67092,67158,66
trotting,67159,67158,67159,1
rising,67176,67159,67176,17
rearing,67177,67176,67177,1
grooming,67190,67177,67190,13
sniffing,67313,67190,67313,123
rising,67314,67313,67314,1
climbing,67353,67314,67353,39
rearing,67405,67353,67405,52
rising,67422,67405,67422,17
sniffing,67425,67422,67425,3
rising,67486,67425,67486,61
climbing,67574,67486,67574,88
rearing,67607,67574,67607,33
climbing,67724,67607,67724,117
walking,67866,67724,67866,142
stepping,67893,67866,67893,27
rearing,68051,67893,68051,158
grooming,68206,68051,68206,155
climbing,68268,68206,68268,62
left_turning,68322,68268,68322,54
stepping,68358,68322,68358,36
grooming,68617,68358,68617,259
sniffing,68652,68617,68652,35
hunching,68697,68652,68697,45
sniffing,68767,68697,68767,70
right_turning,68826,68767,68826,59
running,68842,68826,68842,16
stepping,68843,68842,68843,1
climbing,68938,68843,68938,95
left_turning,68959,68938,68959,21
stepping,68988,68959,68988,29
right_turning,69007,68988,69007,19
walking,69061,69007,69061,54
sniffing,69296,69061,69296,235
right_turning,69297,69296,69297,1
climbing,69323,69297,69323,26
grooming,69324,69323,69324,1
sniffing,69388,69324,69388,64
trotting,69421,69388,69421,33
walking,69461,69421,69461,40
rearing,69580,69461,69580,119
grooming,69711,69580,69711,131
rearing,69743,69711,69743,32
rising,69826,69743,69826,83
climbing,69963,69826,69963,137
grooming,70103,69963,70103,140
rearing,70152,70103,70152,49
stepping,70214,70152,70214,62
climbing,70302,70214,70302,88
grooming,70303,70302,70303,1
hunching,70304,70303,70304,1
rearing,70363,70304,70363,59
hunching,70414,70363,70414,51
rearing,70468,70414,70468,54
stepping,70530,70468,70530,62
sniffing,70687,70530,70687,157
stepping,70688,70687,70688,1
rearing,70732,70688,70732,44
grooming,70733,70732,70733,1
hunching,70734,70733,70734,1
rearing,70760,70734,70760,26
sniffing,70825,70760,70825,65
grooming,70826,70825,70826,1
rising,70838,70826,70838,12
grooming,70963,70838,70963,125
sniffing,70964,70963,70964,1
stepping,71018,70964,71018,54
climbing,71040,71018,71040,22
rising,71125,71040,71125,85
climbing,71230,71125,71230,105
grooming,71231,71230,71231,1
sniffing,71326,71231,71326,95
rising,71356,71326,71356,30
climbing,71412,71356,71412,56
walking,71485,71412,71485,73
stepping,71529,71485,71529,44
sniffing,71530,71529,71530,1
walking,71558,71530,71558,28
running,71595,71558,71595,37
sniffing,71596,71595,71596,1
walking,71633,71596,71633,37
trotting,71678,71633,71678,45
walking,71691,71678,71691,13
stepping,71714,71691,71714,23
trotting,71760,71714,71760,46
climbing,71865,71760,71865,105
left_turning,71922,71865,71922,57
trotting,71972,71922,71972,50
sniffing,71973,71972,71973,1
scratching,71974,71973,71974,1
sniffing,72062,71974,72062,88
stepping,72082,72062,72082,20
sniffing,72129,72082,72129,47
scratching,72130,72129,72130,1
sniffing,72157,72130,72157,27
walking,72248,72157,72248,91
sniffing,72541,72248,72541,293
climbing,72572,72541,72572,31
grooming,72668,72572,72668,96
sniffing,72766,72668,72766,98
rearing,72810,72766,72810,44
sniffing,72960,72810,72960,150
left_turning,73007,72960,73007,47
grooming,73149,73007,73149,142
sniffing,73224,73149,73224,75
walking,73265,73224,73265,41
climbing,73378,73265,73378,113
stepping,73379,73378,73379,1
walking,73380,73379,73380,1
sniffing,73389,73380,73389,9
rearing,73454,73389,73454,65
climbing,73612,73454,73612,158
stepping,73653,73612,73653,41
rising,73691,73653,73691,38
grooming,74143,73691,74143,452
trotting,74190,74143,74190,47
walking,74248,74190,74248,58
sniffing,74249,74248,74249,1
stepping,74313,74249,74313,64
sniffing,74459,74313,74459,146
grooming,74652,74459,74652,193
hunching,74778,74652,74778,126
grooming,75822,74778,75822,1044
walking,75858,75822,75858,36
sniffing,75859,75858,75859,1
walking,75899,75859,75899,40
stepping,75925,75899,75925,26
rising,75935,75925,75935,10
sniffing,75955,75935,75955,20
stepping,76003,75955,76003,48
rearing,76015,76003,76015,12
grooming,76189,76015,76189,174
stepping,76238,76189,76238,49
sniffing,76364,76238,76364,126
walking,76400,76364,76400,36
running,76430,76400,76430,30
stepping,76465,76430,76465,35
walking,76498,76465,76498,33
rearing,76526,76498,76526,28
sniffing,76655,76526,76655,129
stepping,76710,76655,76710,55
walking,76734,76710,76734,24
sniffing,76803,76734,76803,69
rising,76804,76803,76804,1
rearing,76823,76804,76823,19
stepping,76875,76823,76875,52
climbing,76906,76875,76906,31
right_turning,76922,76906,76922,16
stepping,76968,76922,76968,46
walking,77065,76968,77065,97
sniffing,77066,77065,77066,1
stepping,77150,77066,77150,84
rising,77212,77150,77212,62
climbing,77304,77212,77304,92
walking,77365,77304,77365,61
stepping,77406,77365,77406,41
rearing,77483,77406,77483,77
grooming,77592,77483,77592,109
hunching,77697,77592,77697,105
grooming,77747,77697,77747,50
sniffing,77790,77747,77790,43
grooming,77934,77790,77934,144
rearing,77954,77934,77954,20
rising,78080,77954,78080,126
rearing,78107,78080,78107,27
trotting,78129,78107,78129,22
stepping,78243,78129,78243,114
sniffing,78301,78243,78301,58
walking,78318,78301,78318,17
trotting,78355,78318,78355,37
sniffing,78431,78355,78431,76
rising,78432,78431,78432,1
jumping,78433,78432,78433,1
rearing,78521,78433,78521,88
walking,78522,78521,78522,1
rearing,78555,78522,78555,33
sniffing,78719,78555,78719,164
stepping,78748,78719,78748,29
rising,78749,78748,78749,1
sniffing,78779,78749,78779,30
rearing,78831,78779,78831,52
stepping,78856,78831,78856,25
sniffing,78857,78856,78857,1
rearing,78858,78857,78858,1
climbing,78905,78858,78905,47
running,78906,78905,78906,1
climbing,79006,78906,79006,100
grooming,79202,79006,79202,196
rearing,79282,79202,79282,80
hunching,79348,79282,79348,66
grooming,79579,79348,79579,231
left_turning,79582,79579,79582,3
walking,79605,79582,79605,23
sniffing,79634,79605,79634,29
stepping,79638,79634,79638,4
rearing,79692,79638,79692,54
grooming,79693,79692,79693,1
sniffing,79823,79693,79823,130
rising,79844,79823,79844,21
sniffing,80018,79844,80018,174
rearing,80019,80018,80019,1
stepping,80060,80019,80060,41
sniffing,80168,80060,80168,108
rising,80195,80168,80195,27
stepping,80203,80195,80203,8
sniffing,80293,80203,80293,90
stepping,80311,80293,80311,18
walking,80368,80311,80368,57
rising,80428,80368,80428,60
climbing,80556,80428,80556,128
right_turning,80557,80556,80557,1
sniffing,80600,80557,80600,43
walking,80643,80600,80643,43
grooming,80831,80643,80831,188
hunching,80832,80831,80832,1
sniffing,81121,80832,81121,289
walking,81199,81121,81199,78
left_turning,81260,81199,81260,61
rising,81358,81260,81358,98
climbing,81360,81358,81360,2
rearing,81454,81360,81454,94
hunching,81455,81454,81455,1
rearing,81506,81455,81506,51
grooming,81524,81506,81524,18
sniffing,81627,81524,81627,103
stepping,81628,81627,81628,1
sniffing,81756,81628,81756,128
stepping,81801,81756,81801,45
sniffing,81953,81801,81953,152
walking,82010,81953,82010,57
left_turning,82046,82010,82046,36
scratching,82047,82046,82047,1
sniffing,82048,82047,82048,1
rearing,82068,82048,82068,20
walking,82073,82068,82073,5
sniffing,82350,82073,82350,277
walking,82355,82350,82355,5
trotting,82400,82355,82400,45
sniffing,82403,82400,82403,3
pausing,82780,82403,82780,377
sniffing,82781,82780,82781,1
rearing,82850,82781,82850,69
grooming,83065,82850,83065,215
sniffing,83202,83065,83202,137
rising,83246,83202,83246,44
climbing,83407,83246,83407,161
trotting,83457,83407,83457,50
rising,83478,83457,83478,21
rearing,83479,83478,83479,1
climbing,83527,83479,83527,48
rearing,83528,83527,83528,1
climbing,83566,83528,83566,38
walking,83584,83566,83584,18
sniffing,83635,83584,83635,51
walking,83661,83635,83661,26
climbing,83666,83661,83666,5
sniffing,83794,83666,83794,128
stepping,83795,83794,83795,1
sniffing,84043,83795,84043,248
stepping,84101,84043,84101,58
sniffing,84270,84101,84270,169
stepping,84318,84270,84318,48
rising,84373,84318,84373,55
grooming,84504,84373,84504,131
stepping,84555,84504,84555,51
sniffing,84687,84555,84687,132
walking,84719,84687,84719,32
trotting,84751,84719,84751,32
grooming,84782,84751,84782,31
sniffing,84933,84782,84933,151
rearing,85002,84933,85002,69
right_turning,85036,85002,85036,34
stepping,85094,85036,85094,58
rising,85113,85094,85113,19
climbing,85114,85113,85114,1
grooming,85307,85114,85307,193
rising,85446,85307,85446,139
rearing,85474,85446,85474,28
grooming,85475,85474,85475,1
rising,85496,85475,85496,21
trotting,85515,85496,85515,19
stepping,85557,85515,85557,42
sniffing,85568,85557,85568,11
grooming,85646,85568,85646,78
sniffing,85647,85646,85647,1
stepping,85694,85647,85694,47
sniffing,85749,85694,85749,55
walking,85813,85749,85813,64
sniffing,85828,85813,85828,15
walking,85860,85828,85860,32
stepping,85903,85860,85903,43
climbing,85904,85903,85904,1
trotting,85969,85904,85969,65
walking,86056,85969,86056,87
sniffing,86278,86056,86278,222
trotting,86302,86278,86302,24
rising,86343,86302,86343,41
left_turning,86366,86343,86366,23
sniffing,86422,86366,86422,56
trotting,86439,86422,86439,17
sniffing,86655,86439,86655,216
rising,86676,86655,86676,21
climbing,86682,86676,86682,6
right_turning,86710,86682,86710,28
grooming,86808,86710,86808,98
sniffing,86900,86808,86900,92
walking,86968,86900,86968,68
sniffing,87115,86968,87115,147
walking,87116,87115,87116,1
stepping,87148,87116,87148,32
walking,87177,87148,87177,29
sniffing,87296,87177,87296,119
walking,87330,87296,87330,34
left_turning,87361,87330,87361,31
sniffing,87432,87361,87432,71
stepping,87469,87432,87469,37
sniffing,87612,87469,87612,143
trotting,87666,87612,87666,54
walking,87667,87666,87667,1
right_turning,87676,87667,87676,9
rising,87677,87676,87677,1
sniffing,87832,87677,87832,155
stepping,87860,87832,87860,28
rising,87898,87860,87898,38
sniffing,87983,87898,87983,85
left_turning,88022,87983,88022,39
trotting,88056,88022,88056,34
walking,88125,88056,88125,69
sniffing,88180,88125,88180,55
stepping,88189,88180,88189,9
sniffing,88221,88189,88221,32
left_turning,88280,88221,88280,59
sniffing,88281,88280,88281,1
rising,88379,88281,88379,98
climbing,88509,88379,88509,130
walking,88521,88509,88521,12
stepping,88555,88521,88555,34
sniffing,88621,88555,88621,66
stepping,88665,88621,88665,44
climbing,88736,88665,88736,71
running,88776,88736,88776,40
trotting,88806,88776,88806,30
sniffing,88864,88806,88864,58
right_turning,88891,88864,88891,27
grooming,89276,88891,89276,385
rising,89371,89276,89371,95
stepping,89413,89371,89413,42
rising,89455,89413,89455,42
climbing,89521,89455,89521,66
grooming,89633,89521,89633,112
rearing,89678,89633,89678,45
climbing,89745,89678,89745,67
rising,89761,89745,89761,16
sniffing,89802,89761,89802,41
rising,89941,89802,89941,139
walking,89986,89941,89986,45
right_turning,90040,89986,90040,54
rising,90127,90040,90127,87
sniffing,90128,90127,90128,1
rising,90197,90128,90197,69
sniffing,90320,90197,90320,123
rearing,90332,90320,90332,12
grooming,90333,90332,90333,1
hunching,90380,90333,90380,47
grooming,90381,90380,90381,1
hunching,90421,90381,90421,40
grooming,90562,90421,90562,141
rearing,90618,90562,90618,56
grooming,91059,90618,91059,441
stepping,91109,91059,91109,50
rearing,91196,91109,91196,87
grooming,91266,91196,91266,70
left_turning,91354,91266,91354,88
sniffing,91471,91354,91471,117
grooming,91706,91471,91706,235
rearing,91738,91706,91738,32
left_turning,91765,91738,91765,27
stepping,91803,91765,91803,38
walking,91883,91803,91883,80
rising,91889,91883,91889,6
grooming,92052,91889,92052,163
rearing,92053,92052,92053,1
sniffing,92165,92053,92165,112
grooming,92271,92165,92271,106
hunching,92431,92271,92431,160
rearing,92483,92431,92483,52
right_turning,92512,92483,92512,29
climbing,92536,92512,92536,24
rearing,92580,92536,92580,44
walking,92647,92580,92647,67
sniffing,92791,92647,92791,144
right_turning,92798,92791,92798,7
stepping,92856,92798,92856,58
sniffing,92945,92856,92945,89
rising,93022,92945,93022,77
right_turning,93032,93022,93032,10
walking,93042,93032,93042,10
sniffing,93043,93042,93043,1
stepping,93071,93043,93071,28
sniffing,93169,93071,93169,98
stepping,93217,93169,93217,48
sniffing,93218,93217,93218,1
grooming,93341,93218,93341,123
rearing,93342,93341,93342,1
rising,93343,93342,93343,1
sniffing,93402,93343,93402,59
rising,93403,93402,93403,1
climbing,93404,93403,93404,1
running,93430,93404,93430,26
walking,93513,93430,93513,83
trotting,93585,93513,93585,72
stepping,93629,93585,93629,44
walking,93675,93629,93675,46
rearing,93712,93675,93712,37
left_turning,93761,93712,93761,49
stepping,93806,93761,93806,45
rearing,93881,93806,93881,75
grooming,93958,93881,93958,77
sniffing,93991,93958,93991,33
trotting,94005,93991,94005,14
running,94015,94005,94015,10
stepping,94046,94015,94046,31
sniffing,94220,94046,94220,174
scratching,94221,94220,94221,1
sniffing,94332,94221,94332,111
stepping,94400,94332,94400,68
sniffing,94463,94400,94463,63
rising,94464,94463,94464,1
rearing,94479,94464,94479,15
sniffing,94580,94479,94580,101
rising,94584,94580,94584,4
walking,94585,94584,94585,1
sniffing,94660,94585,94660,75
stepping,94670,94660,94670,10
sniffing,94949,94670,94949,279
rearing,94950,94949,94950,1
stepping,95030,94950,95030,80
walking,95070,95030,95070,40
sniffing,95071,95070,95071,1
walking,95119,95071,95119,48
stepping,95170,95119,95170,51
rearing,95176,95170,95176,6
climbing,95214,95176,95214,38
left_turning,95254,95214,95254,40
stepping,95278,95254,95278,24
walking,95315,95278,95315,37
stepping,95391,95315,95391,76
left_turning,95406,95391,95406,15
climbing,95468,95406,95468,62
stepping,95478,95468,95478,10
walking,95595,95478,95595,117
grooming,95596,95595,95596,1
sniffing,95677,95596,95677,81
walking,95694,95677,95694,17
sniffing,95695,95694,95695,1
rising,95696,95695,95696,1
sniffing,95760,95696,95760,64
rising,95913,95760,95913,153
climbing,96026,95913,96026,113
grooming,96337,96026,96337,311
rising,96437,96337,96437,100
stepping,96465,96437,96465,28
walking,96495,96465,96495,30
sniffing,96496,96495,96496,1
walking,96546,96496,96546,50
stepping,96579,96546,96579,33
sniffing,96666,96579,96666,87
grooming,96667,96666,96667,1
rising,96740,96667,96740,73
left_turning,96808,96740,96808,68
stepping,96868,96808,96868,60
grooming,97003,96868,97003,135
rearing,97011,97003,97011,8
left_turning,97044,97011,97044,33
walking,97066,97044,97066,22
rising,97067,97066,97067,1
sniffing,97116,97067,97116,49
walking,97220,97116,97220,104
stepping,97302,97220,97302,82
rearing,97355,97302,97355,53
climbing,97435,97355,97435,80
trotting,97480,97435,97480,45
rearing,97548,97480,97548,68
climbing,97729,97548,97729,181
stepping,97782,97729,97782,53
climbing,97971,97782,97971,189
left_turning,98024,97971,98024,53
rearing,98116,98024,98116,92
grooming,98228,98116,98228,112
walking,98269,98228,98269,41
sniffing,98324,98269,98324,55
grooming,98456,98324,98456,132
sniffing,98485,98456,98485,29
rising,98512,98485,98512,27
trotting,98564,98512,98564,52
walking,98592,98564,98592,28
trotting,98661,98592,98661,69
sniffing,98662,98661,98662,1
rising,98727,98662,98727,65
left_turning,98751,98727,98751,24
sniffing,98817,98751,98817,66
stepping,98843,98817,98843,26
sniffing,98957,98843,98957,114
stepping,98979,98957,98979,22
hunching,99054,98979,99054,75
rearing,99055,99054,99055,1
sniffing,99139,99055,99139,84
rising,99160,99139,99160,21
grooming,99177,99160,99177,17
sniffing,99255,99177,99255,78
grooming,99655,99255,99655,400
sniffing,99689,99655,99689,34
stepping,99701,99689,99701,12
walking,99702,99701,99702,1
sniffing,99703,99702,99703,1
rising,99704,99703,99704,1
rearing,99785,99704,99785,81
rising,99810,99785,99810,25
climbing,99959,99810,99959,149
grooming,100061,99959,100061,102
hunching,100153,100061,100153,92
grooming,100748,100153,100748,595
left_turning,100766,100748,100766,18
rising,100798,100766,100798,32
rearing,100799,100798,100799,1
rising,100807,100799,100807,8
rearing,100808,100807,100808,1
grooming,101192,100808,101192,384
hunching,101208,101192,101208,16
rearing,101239,101208,101239,31
stepping,101285,101239,101285,46
hunching,101314,101285,101314,29
rearing,101330,101314,101330,16
grooming,101467,101330,101467,137
hunching,101508,101467,101508,41
rearing,101509,101508,101509,1
stepping,101551,101509,101551,42
grooming,101552,101551,101552,1
walking,101592,101552,101592,40
rising,101617,101592,101617,25
rearing,101753,101617,101753,136
running,101784,101753,101784,31
walking,101790,101784,101790,6
trotting,101802,101790,101802,12
walking,101854,101802,101854,52
sniffing,101995,101854,101995,141
walking,102019,101995,102019,24
rising,102038,102019,102038,19
left_turning,102062,102038,102062,24
walking,102120,102062,102120,58
hunching,102315,102120,102315,195
grooming,102522,102315,102522,207
walking,102541,102522,102541,19
sniffing,102597,102541,102597,56
left_turning,102598,102597,102598,1
rising,102769,102598,102769,171
sniffing,102805,102769,102805,36
walking,102821,102805,102821,16
stepping,102890,102821,102890,69
rearing,102978,102890,102978,88
rising,103029,102978,103029,51
sniffing,103095,103029,103095,66
climbing,103096,103095,103096,1
grooming,103097,103096,103097,1
stepping,103182,103097,103182,85
sniffing,103345,103182,103345,163
stepping,103424,103345,103424,79
trotting,103474,103424,103474,50
sniffing,103505,103474,103505,31
stepping,103537,103505,103537,32
sniffing,103538,103537,103538,1
left_turning,103610,103538,103610,72
walking,103660,103610,103660,50
grooming,104166,103660,104166,506
rearing,104310,104166,104310,144
hunching,104391,104310,104391,81
grooming,104392,104391,104392,1
sniffing,104527,104392,104527,135
grooming,104599,104527,104599,72
rearing,104600,104599,104600,1
left_turning,104632,104600,104632,32
sniffing,104633,104632,104633,1
left_turning,104634,104633,104634,1
walking,104652,104634,104652,18
trotting,104721,104652,104721,69
sniffing,104824,104721,104824,103
rising,104825,104824,104825,1
rearing,104871,104825,104871,46
grooming,105278,104871,105278,407
trotting,105285,105278,105285,7
stepping,105322,105285,105322,37
sniffing,105335,105322,105335,13
rising,105351,105335,105351,16
rearing,105407,105351,105407,56
grooming,106161,105407,106161,754
rearing,106176,106161,106176,15
climbing,106305,106176,106305,129
rearing,106306,106305,106306,1
hunching,106361,106306,106361,55
grooming,106559,106361,106559,198
left_turning,106576,106559,106576,17
sniffing,106623,106576,106623,47
stepping,106671,106623,106671,48
sniffing,106724,106671,106724,53
right_turning,106725,106724,106725,1
stepping,106730,106725,106730,5
walking,106804,106730,106804,74
sniffing,106877,106804,106877,73
walking,106908,106877,106908,31
sniffing,107023,106908,107023,115
stepping,107024,107023,107024,1
sniffing,107074,107024,107074,50
walking,107133,107074,107133,59
climbing,107329,107133,107329,196
rearing,107370,107329,107370,41
grooming,107371,107370,107371,1
right_turning,107411,107371,107411,40
walking,107414,107411,107414,3
stepping,107415,107414,107415,1
sniffing,107575,107415,107575,160
stepping,107620,107575,107620,45
walking,107651,107620,107651,31
sniffing,107688,107651,107688,37
running,107726,107688,107726,38
trotting,107737,107726,107737,11
sniffing,107749,107737,107749,12
rising,107781,107749,107781,32
sniffing,107782,107781,107782,1
rearing,107911,107782,107911,129
hunching,107936,107911,107936,25
grooming,108000,107936,108000,64
