revised_movement_label,segBoundary,segBoundary_start,segBoundary_end,length
rising,46,0,46,46
sniffing,174,46,174,128
stepping,247,174,247,73
walking,248,247,248,1
sniffing,649,248,649,401
left_turning,696,649,696,47
sniffing,725,696,725,29
rearing,726,725,726,1
climbing,781,726,781,55
grooming,938,781,938,157
walking,939,938,939,1
sniffing,962,939,962,23
climbing,1019,962,1019,57
rearing,1065,1019,1065,46
climbing,1081,1065,1081,16
rising,1100,1081,1100,19
left_turning,1115,1100,1115,15
trotting,1130,1115,1130,15
running,1143,1130,1143,13
rising,1183,1143,1183,40
stepping,1228,1183,1228,45
sniffing,1255,1228,1255,27
stepping,1286,1255,1286,31
walking,1337,1286,1337,51
sniffing,1394,1337,1394,57
walking,1566,1394,1566,172
stepping,1609,1566,1609,43
sniffing,1675,1609,1675,66
grooming,1676,1675,1676,1
rising,1751,1676,1751,75
sniffing,1812,1751,1812,61
walking,1830,1812,1830,18
stepping,1872,1830,1872,42
walking,1873,1872,1873,1
stepping,1948,1873,1948,75
rising,1949,1948,1949,1
stepping,1959,1949,1959,10
sniffing,2016,1959,2016,57
grooming,2017,2016,2017,1
walking,2060,2017,2060,43
stepping,2132,2060,2132,72
walking,2221,2132,2221,89
left_turning,2267,2221,2267,46
sniffing,2358,2267,2358,91
rearing,2366,2358,2366,8
rising,2367,2366,2367,1
rearing,2403,2367,2403,36
grooming,2755,2403,2755,352
sniffing,2829,2755,2829,74
rising,2868,2829,2868,39
stepping,2961,2868,2961,93
walking,3004,2961,3004,43
trotting,3005,3004,3005,1
walking,3034,3005,3034,29
sniffing,3067,3034,3067,33
stepping,3101,3067,3101,34
walking,3170,3101,3170,69
trotting,3178,3170,3178,8
walking,3231,3178,3231,53
trotting,3295,3231,3295,64
walking,3365,3295,3365,70
running,3379,3365,3379,14
stepping,3422,3379,3422,43
trotting,3435,3422,3435,13
left_turning,3477,3435,3477,42
walking,3509,3477,3509,32
stepping,3514,3509,3514,5
walking,3515,3514,3515,1
stepping,3556,3515,3556,41
running,3598,3556,3598,42
trotting,3622,3598,3622,24
walking,3706,3622,3706,84
sniffing,3772,3706,3772,66
walking,3833,3772,3833,61
sniffing,3858,3833,3858,25
stepping,3963,3858,3963,105
walking,3989,3963,3989,26
running,4027,3989,4027,38
walking,4058,4027,4058,31
stepping,4132,4058,4132,74
walking,4177,4132,4177,45
grooming,4251,4177,4251,74
rising,4284,4251,4284,33
walking,4344,4284,4344,60
sniffing,4441,4344,4441,97
rising,4453,4441,4453,12
grooming,4564,4453,4564,111
sniffing,4645,4564,4645,81
walking,4740,4645,4740,95
grooming,4805,4740,4805,65
trotting,4850,4805,4850,45
rising,4867,4850,4867,17
sniffing,4974,4867,4974,107
stepping,4991,4974,4991,17
trotting,4992,4991,4992,1
walking,5073,4992,5073,81
trotting,5092,5073,5092,19
walking,5150,5092,5150,58
stepping,5225,5150,5225,75
rising,5242,5225,5242,17
climbing,5278,5242,5278,36
walking,5279,5278,5279,1
trotting,5311,5279,5311,32
walking,5410,5311,5410,99
stepping,5435,5410,5435,25
sniffing,5436,5435,5436,1
left_turning,5483,5436,5483,47
sniffing,5491,5483,5491,8
stepping,5492,5491,5492,1
right_turning,5537,5492,5537,45
rising,5539,5537,5539,2
right_turning,5540,5539,5540,1
stepping,5542,5540,5542,2
rising,5543,5542,5543,1
grooming,5656,5543,5656,113
rearing,5696,5656,5696,40
rising,5846,5696,5846,150
sniffing,5847,5846,5847,1
rising,5861,5847,5861,14
sniffing,5872,5861,5872,11
left_turning,5875,5872,5875,3
stepping,5912,5875,5912,37
rising,5961,5912,5961,49
sniffing,5982,5961,5982,21
rising,5983,5982,5983,1
stepping,5991,5983,5991,8
trotting,6048,5991,6048,57
left_turning,6095,6048,6095,47
sniffing,6206,6095,6206,111
rising,6207,6206,6207,1
sniffing,6211,6207,6211,4
rising,6212,6211,6212,1
stepping,6287,6212,6287,75
walking,6320,6287,6320,33
rising,6393,6320,6393,73
sniffing,6401,6393,6401,8
walking,6426,6401,6426,25
rising,6498,6426,6498,72
grooming,6797,6498,6797,299
stepping,6830,6797,6830,33
grooming,7175,6830,7175,345
sniffing,7203,7175,7203,28
walking,7299,7203,7299,96
rising,7355,7299,7355,56
grooming,7464,7355,7464,109
right_turning,7490,7464,7490,26
stepping,7552,7490,7552,62
rising,7578,7552,7578,26
climbing,7681,7578,7681,103
walking,7735,7681,7735,54
sniffing,7736,7735,7736,1
climbing,7827,7736,7827,91
rising,7858,7827,7858,31
grooming,7884,7858,7884,26
left_turning,7885,7884,7885,1
running,7892,7885,7892,7
trotting,7921,7892,7921,29
walking,7961,7921,7961,40
trotting,7962,7961,7962,1
stepping,7976,7962,7976,14
walking,7998,7976,7998,22
trotting,8050,7998,8050,52
stepping,8058,8050,8058,8
trotting,8088,8058,8088,30
rising,8153,8088,8153,65
walking,8236,8153,8236,83
stepping,8267,8236,8267,31
sniffing,8302,8267,8302,35
right_turning,8319,8302,8319,17
trotting,8325,8319,8325,6
running,8350,8325,8350,25
walking,8403,8350,8403,53
sniffing,8426,8403,8426,23
walking,8479,8426,8479,53
sniffing,8480,8479,8480,1
hunching,8502,8480,8502,22
grooming,8638,8502,8638,136
rising,8663,8638,8663,25
grooming,8803,8663,8803,140
left_turning,8835,8803,8835,32
walking,8886,8835,8886,51
rising,8940,8886,8940,54
rearing,8989,8940,8989,49
rising,9030,8989,9030,41
grooming,9095,9030,9095,65
left_turning,9169,9095,9169,74
walking,9198,9169,9198,29
running,9204,9198,9204,6
trotting,9260,9204,9260,56
stepping,9296,9260,9296,36
rising,9343,9296,9343,47
grooming,9344,9343,9344,1
climbing,9442,9344,9442,98
grooming,9491,9442,9491,49
rearing,9492,9491,9492,1
grooming,9526,9492,9526,34
sniffing,9623,9526,9623,97
rising,9706,9623,9706,83
sniffing,9781,9706,9781,75
stepping,9798,9781,9798,17
trotting,9804,9798,9804,6
right_turning,9815,9804,9815,11
running,9833,9815,9833,18
stepping,9868,9833,9868,35
sniffing,9877,9868,9877,9
grooming,9878,9877,9878,1
rearing,9908,9878,9908,30
climbing,9911,9908,9911,3
walking,9962,9911,9962,51
sniffing,9996,9962,9996,34
running,10011,9996,10011,15
walking,10019,10011,10019,8
rearing,10020,10019,10020,1
rising,10100,10020,10100,80
grooming,10198,10100,10198,98
climbing,10254,10198,10254,56
grooming,10300,10254,10300,46
climbing,10351,10300,10351,51
scratching,10352,10351,10352,1
sniffing,10389,10352,10389,37
rising,10444,10389,10444,55
grooming,10509,10444,10509,65
running,10518,10509,10518,9
rearing,10519,10518,10519,1
hunching,10558,10519,10558,39
rearing,10614,10558,10614,56
grooming,10622,10614,10622,8
left_turning,10656,10622,10656,34
stepping,10713,10656,10713,57
grooming,10822,10713,10822,109
rearing,10836,10822,10836,14
grooming,10837,10836,10837,1
rising,10847,10837,10847,10
grooming,10862,10847,10862,15
sniffing,10863,10862,10863,1
grooming,10864,10863,10864,1
sniffing,10945,10864,10945,81
grooming,10946,10945,10946,1
sniffing,11030,10946,11030,84
walking,11086,11030,11086,56
running,11110,11086,11110,24
rising,11129,11110,11129,19
walking,11214,11129,11214,85
rising,11219,11214,11219,5
trotting,11262,11219,11262,43
running,11288,11262,11288,26
stepping,11289,11288,11289,1
left_turning,11290,11289,11290,1
walking,11310,11290,11310,20
right_turning,11326,11310,11326,16
sniffing,11412,11326,11412,86
walking,11440,11412,11440,28
rising,11481,11440,11481,41
grooming,11547,11481,11547,66
running,11571,11547,11571,24
rising,11638,11571,11638,67
sniffing,11760,11638,11760,122
stepping,11793,11760,11793,33
sniffing,11794,11793,11794,1
left_turning,11843,11794,11843,49
stepping,11875,11843,11875,32
grooming,11923,11875,11923,48
trotting,11939,11923,11939,16
walking,12011,11939,12011,72
sniffing,12149,12011,12149,138
stepping,12195,12149,12195,46
climbing,12223,12195,12223,28
sniffing,12296,12223,12296,73
rising,12340,12296,12340,44
left_turning,12402,12340,12402,62
walking,12419,12402,12419,17
sniffing,12425,12419,12425,6
climbing,12524,12425,12524,99
grooming,12598,12524,12598,74
rearing,12684,12598,12684,86
sniffing,12835,12684,12835,151
climbing,12990,12835,12990,155
stepping,13016,12990,13016,26
rearing,13159,13016,13159,143
climbing,13200,13159,13200,41
grooming,13281,13200,13281,81
hunching,13318,13281,13318,37
grooming,13580,13318,13580,262
sniffing,13691,13580,13691,111
stepping,13712,13691,13712,21
sniffing,13731,13712,13731,19
trotting,13755,13731,13755,24
climbing,13793,13755,13793,38
grooming,13836,13793,13836,43
rising,13856,13836,13856,20
climbing,13932,13856,13932,76
grooming,13933,13932,13933,1
walking,13992,13933,13992,59
sniffing,14137,13992,14137,145
rising,14197,14137,14197,60
left_turning,14243,14197,14243,46
hunching,14259,14243,14259,16
grooming,14282,14259,14282,23
trotting,14318,14282,14318,36
sniffing,14367,14318,14367,49
grooming,14440,14367,14440,73
right_turning,14463,14440,14463,23
sniffing,14464,14463,14464,1
walking,14465,14464,14465,1
trotting,14489,14465,14489,24
rising,14520,14489,14520,31
climbing,14642,14520,14642,122
grooming,14785,14642,14785,143
sniffing,14786,14785,14786,1
running,14816,14786,14816,30
walking,14867,14816,14867,51
stepping,14908,14867,14908,41
sniffing,14909,14908,14909,1
stepping,14933,14909,14933,24
right_turning,14960,14933,14960,27
rising,14967,14960,14967,7
walking,14968,14967,14968,1
running,15026,14968,15026,58
trotting,15027,15026,15027,1
walking,15062,15027,15062,35
grooming,15082,15062,15082,20
right_turning,15091,15082,15091,9
grooming,15148,15091,15148,57
hunching,15213,15148,15213,65
grooming,15259,15213,15259,46
rearing,15260,15259,15260,1
climbing,15370,15260,15370,110
grooming,15516,15370,15516,146
sniffing,15600,15516,15600,84
stepping,15631,15600,15631,31
walking,15654,15631,15654,23
sniffing,15746,15654,15746,92
walking,15785,15746,15785,39
rising,15865,15785,15865,80
climbing,15959,15865,15959,94
left_turning,15976,15959,15976,17
sniffing,15982,15976,15982,6
rising,16007,15982,16007,25
climbing,16008,16007,16008,1
left_turning,16086,16008,16086,78
trotting,16137,16086,16137,51
rising,16200,16137,16200,63
grooming,16321,16200,16321,121
running,16322,16321,16322,1
walking,16323,16322,16323,1
sniffing,16324,16323,16324,1
walking,16342,16324,16342,18
sniffing,16392,16342,16392,50
rising,16488,16392,16488,96
walking,16502,16488,16502,14
trotting,16562,16502,16562,60
sniffing,16597,16562,16597,35
walking,16674,16597,16674,77
hunching,16675,16674,16675,1
grooming,16690,16675,16690,15
rearing,16757,16690,16757,67
grooming,16758,16757,16758,1
climbing,16865,16758,16865,107
left_turning,16934,16865,16934,69
trotting,16935,16934,16935,1
stepping,16969,16935,16969,34
sniffing,16974,16969,16974,5
walking,16997,16974,16997,23
grooming,16998,16997,16998,1
climbing,17144,16998,17144,146
grooming,17145,17144,17145,1
right_turning,17214,17145,17214,69
rearing,17245,17214,17245,31
hunching,17246,17245,17246,1
rearing,17289,17246,17289,43
running,17295,17289,17295,6
right_turning,17296,17295,17296,1
rising,17301,17296,17301,5
hunching,17321,17301,17321,20
grooming,17417,17321,17417,96
left_turning,17431,17417,17431,14
climbing,17447,17431,17447,16
walking,17553,17447,17553,106
stepping,17630,17553,17630,77
grooming,17745,17630,17745,115
rising,17751,17745,17751,6
sniffing,17873,17751,17873,122
climbing,17948,17873,17948,75
grooming,17949,17948,17949,1
rearing,18003,17949,18003,54
walking,18086,18003,18086,83
trotting,18087,18086,18087,1
rising,18109,18087,18109,22
grooming,18167,18109,18167,58
climbing,18270,18167,18270,103
rising,18323,18270,18323,53
stepping,18394,18323,18394,71
walking,18411,18394,18411,17
rising,18430,18411,18430,19
walking,18465,18430,18465,35
rising,18516,18465,18516,51
stepping,18585,18516,18585,69
walking,18660,18585,18660,75
stepping,18699,18660,18699,39
walking,18749,18699,18749,50
stepping,18873,18749,18873,124
walking,18894,18873,18894,21
trotting,18938,18894,18938,44
left_turning,19052,18938,19052,114
walking,19122,19052,19122,70
rising,19227,19122,19227,105
rearing,19275,19227,19275,48
climbing,19402,19275,19402,127
grooming,19498,19402,19498,96
trotting,19521,19498,19521,23
walking,19599,19521,19599,78
stepping,19620,19599,19620,21
sniffing,19730,19620,19730,110
walking,19768,19730,19768,38
stepping,19817,19768,19817,49
rearing,19872,19817,19872,55
right_turning,19874,19872,19874,2
sniffing,19891,19874,19891,17
stepping,19892,19891,19892,1
grooming,20036,19892,20036,144
hunching,20070,20036,20070,34
rearing,20071,20070,20071,1
grooming,20323,20071,20323,252
rearing,20387,20323,20387,64
sniffing,20388,20387,20388,1
rising,20391,20388,20391,3
stepping,20421,20391,20421,30
climbing,20532,20421,20532,111
stepping,20546,20532,20546,14
rising,20596,20546,20596,50
right_turning,20645,20596,20645,49
grooming,20845,20645,20845,200
climbing,20878,20845,20878,33
grooming,20952,20878,20952,74
rearing,20992,20952,20992,40
grooming,21051,20992,21051,59
left_turning,21052,21051,21052,1
sniffing,21117,21052,21117,65
rearing,21192,21117,21192,75
climbing,21221,21192,21221,29
sniffing,21325,21221,21325,104
rearing,21332,21325,21332,7
grooming,21407,21332,21407,75
walking,21477,21407,21477,70
sniffing,21478,21477,21478,1
walking,21523,21478,21523,45
sniffing,21630,21523,21630,107
grooming,21649,21630,21649,19
hunching,21690,21649,21690,41
grooming,21705,21690,21705,15
rearing,21764,21705,21764,59
stepping,21836,21764,21836,72
grooming,21908,21836,21908,72
hunching,21917,21908,21917,9
rearing,21937,21917,21937,20
hunching,21999,21937,21999,62
grooming,22020,21999,22020,21
right_turning,22046,22020,22046,26
sniffing,22093,22046,22093,47
grooming,22105,22093,22105,12
walking,22161,22105,22161,56
trotting,22205,22161,22205,44
right_turning,22206,22205,22206,1
walking,22210,22206,22210,4
grooming,22270,22210,22270,60
left_turning,22339,22270,22339,69
grooming,22570,22339,22570,231
sniffing,22572,22570,22572,2
rearing,22581,22572,22581,9
grooming,22582,22581,22582,1
left_turning,22591,22582,22591,9
sniffing,22647,22591,22647,56
rising,22668,22647,22668,21
stepping,22701,22668,22701,33
sniffing,22772,22701,22772,71
grooming,22773,22772,22773,1
hunching,22774,22773,22774,1
grooming,22775,22774,22775,1
rearing,22879,22775,22879,104
grooming,22957,22879,22957,78
stepping,22963,22957,22963,6
walking,23029,22963,23029,66
grooming,23193,23029,23193,164
rearing,23194,23193,23194,1
grooming,23195,23194,23195,1
sniffing,23233,23195,23233,38
walking,23271,23233,23271,38
sniffing,23272,23271,23272,1
hunching,23308,23272,23308,36
left_turning,23309,23308,23309,1
stepping,23358,23309,23358,49
sniffing,23412,23358,23412,54
left_turning,23494,23412,23494,82
walking,23498,23494,23498,4
stepping,23548,23498,23548,50
sniffing,23614,23548,23614,66
walking,23615,23614,23615,1
running,23637,23615,23637,22
trotting,23662,23637,23662,25
sniffing,23769,23662,23769,107
rising,23784,23769,23784,15
rearing,23853,23784,23853,69
grooming,23955,23853,23955,102
rising,23976,23955,23976,21
climbing,24018,23976,24018,42
rearing,24063,24018,24063,45
rising,24106,24063,24106,43
walking,24257,24106,24257,151
rising,24327,24257,24327,70
hunching,24367,24327,24367,40
grooming,24499,24367,24499,132
running,24541,24499,24541,42
sniffing,24702,24541,24702,161
rising,24766,24702,24766,64
climbing,24865,24766,24865,99
sniffing,24997,24865,24997,132
rising,25057,24997,25057,60
grooming,25122,25057,25122,65
stepping,25176,25122,25176,54
sniffing,25220,25176,25220,44
stepping,25265,25220,25265,45
rising,25266,25265,25266,1
rearing,25316,25266,25316,50
grooming,25405,25316,25405,89
trotting,25422,25405,25422,17
sniffing,25468,25422,25468,46
rearing,25512,25468,25512,44
grooming,25596,25512,25596,84
stepping,25639,25596,25639,43
walking,25668,25639,25668,29
sniffing,25761,25668,25761,93
walking,25818,25761,25818,57
running,25879,25818,25879,61
trotting,25896,25879,25896,17
sniffing,25932,25896,25932,36
grooming,25940,25932,25940,8
hunching,25944,25940,25944,4
grooming,26313,25944,26313,369
rearing,26343,26313,26343,30
hunching,26344,26343,26344,1
rearing,26352,26344,26352,8
climbing,26422,26352,26422,70
grooming,26423,26422,26423,1
scratching,26424,26423,26424,1
walking,26445,26424,26445,21
rising,26479,26445,26479,34
grooming,26487,26479,26487,8
left_turning,26532,26487,26532,45
walking,26587,26532,26587,55
stepping,26602,26587,26602,15
climbing,26653,26602,26653,51
grooming,26654,26653,26654,1
rearing,26696,26654,26696,42
hunching,26707,26696,26707,11
rearing,26751,26707,26751,44
grooming,27006,26751,27006,255
hunching,27041,27006,27041,35
rearing,27131,27041,27131,90
hunching,27213,27131,27213,82
rearing,27313,27213,27313,100
hunching,27387,27313,27387,74
grooming,27690,27387,27690,303
stepping,27733,27690,27733,43
sniffing,27923,27733,27923,190
climbing,28004,27923,28004,81
left_turning,28026,28004,28026,22
grooming,28116,28026,28116,90
walking,28169,28116,28169,53
right_turning,28174,28169,28174,5
walking,28175,28174,28175,1
stepping,28215,28175,28215,40
rising,28287,28215,28287,72
left_turning,28294,28287,28294,7
grooming,28496,28294,28496,202
rearing,28497,28496,28497,1
grooming,28498,28497,28498,1
sniffing,28555,28498,28555,57
walking,28610,28555,28610,55
stepping,28649,28610,28649,39
walking,28735,28649,28735,86
sniffing,28739,28735,28739,4
walking,28758,28739,28758,19
trotting,28772,28758,28772,14
rising,28788,28772,28788,16
left_turning,28828,28788,28828,40
climbing,28893,28828,28893,65
sniffing,28894,28893,28894,1
stepping,28948,28894,28948,54
rising,28949,28948,28949,1
climbing,28950,28949,28950,1
walking,29047,28950,29047,97
stepping,29102,29047,29102,55
walking,29133,29102,29133,31
sniffing,29134,29133,29134,1
stepping,29161,29134,29161,27
walking,29197,29161,29197,36
sniffing,29393,29197,29393,196
rising,29397,29393,29397,4
climbing,29413,29397,29413,16
rising,29462,29413,29462,49
hunching,29482,29462,29482,20
grooming,29486,29482,29486,4
rearing,29584,29486,29584,98
rising,29611,29584,29611,27
stepping,29655,29611,29655,44
sniffing,29699,29655,29699,44
rearing,29800,29699,29800,101
grooming,29881,29800,29881,81
sniffing,29956,29881,29956,75
rising,29986,29956,29986,30
grooming,29997,29986,29997,11
rearing,29998,29997,29998,1
climbing,30023,29998,30023,25
left_turning,30046,30023,30046,23
walking,30102,30046,30102,56
rising,30133,30102,30133,31
sniffing,30134,30133,30134,1
right_turning,30147,30134,30147,13
walking,30154,30147,30154,7
grooming,30155,30154,30155,1
rearing,30233,30155,30233,78
grooming,30386,30233,30386,153
sniffing,30440,30386,30440,54
grooming,30652,30440,30652,212
running,30687,30652,30687,35
walking,30743,30687,30743,56
sniffing,30809,30743,30809,66
left_turning,30810,30809,30810,1
walking,30833,30810,30833,23
rising,30834,30833,30834,1
walking,30865,30834,30865,31
running,30888,30865,30888,23
walking,30889,30888,30889,1
jumping,30890,30889,30890,1
stepping,30939,30890,30939,49
sniffing,30962,30939,30962,23
walking,31066,30962,31066,104
sniffing,31083,31066,31083,17
stepping,31117,31083,31117,34
climbing,31180,31117,31180,63
grooming,31181,31180,31181,1
hunching,31221,31181,31221,40
grooming,31255,31221,31255,34
hunching,31270,31255,31270,15
grooming,31304,31270,31304,34
left_turning,31318,31304,31318,14
walking,31344,31318,31344,26
sniffing,31403,31344,31403,59
left_turning,31424,31403,31424,21
stepping,31453,31424,31453,29
sniffing,31454,31453,31454,1
grooming,31639,31454,31639,185
sniffing,31660,31639,31660,21
grooming,31698,31660,31698,38
rearing,31750,31698,31750,52
running,31782,31750,31782,32
walking,31805,31782,31805,23
sniffing,31806,31805,31806,1
walking,31881,31806,31881,75
rising,31888,31881,31888,7
rearing,31889,31888,31889,1
left_turning,31931,31889,31931,42
stepping,31977,31931,31977,46
sniffing,32019,31977,32019,42
grooming,32175,32019,32175,156
running,32221,32175,32221,46
climbing,32228,32221,32228,7
walking,32263,32228,32263,35
left_turning,32285,32263,32285,22
grooming,32286,32285,32286,1
sniffing,32287,32286,32287,1
rising,32290,32287,32290,3
walking,32323,32290,32323,33
sniffing,32378,32323,32378,55
left_turning,32379,32378,32379,1
grooming,32380,32379,32380,1
walking,32381,32380,32381,1
rising,32382,32381,32382,1
sniffing,32434,32382,32434,52
walking,32501,32434,32501,67
sniffing,32588,32501,32588,87
walking,32612,32588,32612,24
trotting,32666,32612,32666,54
rising,32712,32666,32712,46
left_turning,32788,32712,32788,76
trotting,32839,32788,32839,51
stepping,32891,32839,32891,52
sniffing,33059,32891,33059,168
grooming,33221,33059,33221,162
running,33257,33221,33257,36
trotting,33338,33257,33338,81
stepping,33369,33338,33369,31
rising,33438,33369,33438,69
trotting,33486,33438,33486,48
walking,33528,33486,33528,42
stepping,33564,33528,33564,36
walking,33583,33564,33583,19
trotting,33615,33583,33615,32
stepping,33648,33615,33648,33
walking,33681,33648,33681,33
sniffing,33721,33681,33721,40
trotting,33770,33721,33770,49
sniffing,33789,33770,33789,19
stepping,33823,33789,33823,34
sniffing,33961,33823,33961,138
right_turning,33992,33961,33992,31
stepping,34018,33992,34018,26
grooming,34045,34018,34045,27
stepping,34068,34045,34068,23
sniffing,34174,34068,34174,106
stepping,34205,34174,34205,31
walking,34270,34205,34270,65
sniffing,34329,34270,34329,59
left_turning,34371,34329,34371,42
stepping,34408,34371,34408,37
sniffing,34424,34408,34424,16
stepping,34450,34424,34450,26
grooming,34451,34450,34451,1
left_turning,34479,34451,34479,28
trotting,34489,34479,34489,10
walking,34505,34489,34505,16
trotting,34527,34505,34527,22
sniffing,34709,34527,34709,182
stepping,34751,34709,34751,42
sniffing,34824,34751,34824,73
climbing,34869,34824,34869,45
grooming,35299,34869,35299,430
hunching,35300,35299,35300,1
grooming,35486,35300,35486,186
climbing,35519,35486,35519,33
sniffing,35778,35519,35778,259
running,35797,35778,35797,19
walking,35809,35797,35809,12
sniffing,35812,35809,35812,3
walking,35834,35812,35834,22
stepping,35861,35834,35861,27
walking,35911,35861,35911,50
sniffing,35912,35911,35912,1
grooming,36095,35912,36095,183
right_turning,36153,36095,36153,58
stepping,36181,36153,36181,28
sniffing,36202,36181,36202,21
left_turning,36230,36202,36230,28
trotting,36233,36230,36233,3
stepping,36277,36233,36277,44
right_turning,36278,36277,36278,1
jumping,36315,36278,36315,37
right_turning,36333,36315,36333,18
sniffing,36389,36333,36389,56
stepping,36415,36389,36415,26
trotting,36476,36415,36476,61
sniffing,36660,36476,36660,184
walking,36691,36660,36691,31
sniffing,36692,36691,36692,1
right_turning,36727,36692,36727,35
sniffing,36749,36727,36749,22
rearing,36791,36749,36791,42
grooming,36991,36791,36991,200
rearing,37042,36991,37042,51
climbing,37080,37042,37080,38
sniffing,37081,37080,37081,1
grooming,37492,37081,37492,411
left_turning,37517,37492,37517,25
rearing,37624,37517,37624,107
hunching,37666,37624,37666,42
rearing,37695,37666,37695,29
grooming,37696,37695,37696,1
stepping,37697,37696,37697,1
walking,37729,37697,37729,32
grooming,37814,37729,37814,85
sniffing,37943,37814,37943,129
walking,37949,37943,37949,6
trotting,37958,37949,37958,9
grooming,37978,37958,37978,20
rearing,38051,37978,38051,73
hunching,38052,38051,38052,1
grooming,38105,38052,38105,53
rising,38115,38105,38115,10
climbing,38162,38115,38162,47
stepping,38179,38162,38179,17
walking,38260,38179,38260,81
sniffing,38304,38260,38304,44
stepping,38344,38304,38344,40
grooming,38518,38344,38518,174
trotting,38561,38518,38561,43
stepping,38611,38561,38611,50
walking,38614,38611,38614,3
stepping,38615,38614,38615,1
sniffing,38686,38615,38686,71
grooming,38873,38686,38873,187
climbing,38944,38873,38944,71
walking,38945,38944,38945,1
sniffing,38946,38945,38946,1
walking,38947,38946,38947,1
stepping,38986,38947,38986,39
sniffing,39010,38986,39010,24
left_turning,39078,39010,39078,68
grooming,39152,39078,39152,74
hunching,39297,39152,39297,145
rearing,39349,39297,39349,52
climbing,39399,39349,39399,50
running,39411,39399,39411,12
walking,39496,39411,39496,85
sniffing,39673,39496,39673,177
rising,39691,39673,39691,18
rearing,39694,39691,39694,3
rising,39695,39694,39695,1
grooming,39757,39695,39757,62
left_turning,39809,39757,39809,52
climbing,39863,39809,39863,54
hunching,39928,39863,39928,65
grooming,40025,39928,40025,97
left_turning,40055,40025,40055,30
walking,40067,40055,40067,12
trotting,40121,40067,40121,54
stepping,40148,40121,40148,27
walking,40204,40148,40204,56
stepping,40234,40204,40234,30
climbing,40315,40234,40315,81
grooming,40456,40315,40456,141
climbing,40487,40456,40487,31
walking,40557,40487,40557,70
running,40581,40557,40581,24
rising,40628,40581,40628,47
grooming,40803,40628,40803,175
walking,40851,40803,40851,48
sniffing,40852,40851,40852,1
rising,40859,40852,40859,7
grooming,40997,40859,40997,138
walking,41015,40997,41015,18
left_turning,41039,41015,41039,24
walking,41096,41039,41096,57
right_turning,41124,41096,41124,28
trotting,41127,41124,41127,3
walking,41164,41127,41164,37
grooming,41220,41164,41220,56
rearing,41232,41220,41232,12
grooming,41278,41232,41278,46
rearing,41301,41278,41301,23
sniffing,41394,41301,41394,93
right_turning,41395,41394,41395,1
sniffing,41411,41395,41411,16
walking,41445,41411,41445,34
climbing,41534,41445,41534,89
walking,41587,41534,41587,53
sniffing,41657,41587,41657,70
climbing,41691,41657,41691,34
sniffing,41969,41691,41969,278
grooming,42071,41969,42071,102
walking,42131,42071,42131,60
sniffing,42414,42131,42414,283
scratching,42415,42414,42415,1
left_turning,42443,42415,42443,28
climbing,42448,42443,42448,5
sniffing,42449,42448,42449,1
running,42461,42449,42461,12
stepping,42483,42461,42483,22
rising,42557,42483,42557,74
sniffing,42722,42557,42722,165
walking,42749,42722,42749,27
sniffing,42875,42749,42875,126
left_turning,42911,42875,42911,36
sniffing,43014,42911,43014,103
grooming,43119,43014,43119,105
left_turning,43133,43119,43133,14
stepping,43147,43133,43147,14
sniffing,43148,43147,43148,1
walking,43217,43148,43217,69
trotting,43221,43217,43221,4
rising,43270,43221,43270,49
rearing,43311,43270,43311,41
rising,43373,43311,43373,62
climbing,43436,43373,43436,63
rising,43463,43436,43463,27
climbing,43464,43463,43464,1
rising,43465,43464,43465,1
walking,43489,43465,43489,24
climbing,43490,43489,43490,1
walking,43511,43490,43511,21
sniffing,43525,43511,43525,14
grooming,43620,43525,43620,95
left_turning,43637,43620,43637,17
walking,43638,43637,43638,1
stepping,43669,43638,43669,31
climbing,43670,43669,43670,1
grooming,43671,43670,43671,1
sniffing,43759,43671,43759,88
grooming,43833,43759,43833,74
trotting,43871,43833,43871,38
sniffing,43930,43871,43930,59
walking,43943,43930,43943,13
trotting,43990,43943,43990,47
sniffing,44005,43990,44005,15
grooming,44073,44005,44073,68
sniffing,44211,44073,44211,138
rearing,44212,44211,44212,1
climbing,44260,44212,44260,48
walking,44261,44260,44261,1
left_turning,44306,44261,44306,45
climbing,44383,44306,44383,77
rearing,44390,44383,44390,7
stepping,44452,44390,44452,62
sniffing,44538,44452,44538,86
stepping,44565,44538,44565,27
grooming,44627,44565,44627,62
stepping,44666,44627,44666,39
rearing,44699,44666,44699,33
rising,44703,44699,44703,4
climbing,44739,44703,44739,36
rising,44782,44739,44782,43
climbing,44888,44782,44888,106
left_turning,44912,44888,44912,24
rising,45002,44912,45002,90
sniffing,45089,45002,45089,87
grooming,45210,45089,45210,121
sniffing,45282,45210,45282,72
stepping,45328,45282,45328,46
sniffing,45367,45328,45367,39
stepping,45431,45367,45431,64
sniffing,45440,45431,45440,9
left_turning,45453,45440,45453,13
sniffing,45547,45453,45547,94
grooming,45607,45547,45607,60
rearing,45624,45607,45624,17
climbing,45642,45624,45642,18
sniffing,45788,45642,45788,146
scratching,45789,45788,45789,1
stepping,45843,45789,45843,54
climbing,45844,45843,45844,1
stepping,45882,45844,45882,38
grooming,46048,45882,46048,166
rising,46118,46048,46118,70
grooming,46248,46118,46248,130
sniffing,46300,46248,46300,52
grooming,46301,46300,46301,1
rearing,46366,46301,46366,65
hunching,46415,46366,46415,49
grooming,46574,46415,46574,159
rearing,46575,46574,46575,1
climbing,46603,46575,46603,28
grooming,46898,46603,46898,295
left_turning,46937,46898,46937,39
walking,46998,46937,46998,61
stepping,47027,46998,47027,29
sniffing,47081,47027,47081,54
walking,47118,47081,47118,37
sniffing,47169,47118,47169,51
left_turning,47243,47169,47243,74
stepping,47293,47243,47293,50
walking,47347,47293,47347,54
sniffing,47423,47347,47423,76
walking,47449,47423,47449,26
stepping,47457,47449,47457,8
climbing,47514,47457,47514,57
right_turning,47515,47514,47515,1
trotting,47541,47515,47541,26
stepping,47586,47541,47586,45
sniffing,47715,47586,47715,129
walking,47738,47715,47738,23
stepping,47756,47738,47756,18
walking,47757,47756,47757,1
running,47758,47757,47758,1
stepping,47766,47758,47766,8
rising,47769,47766,47769,3
left_turning,47826,47769,47826,57
sniffing,47827,47826,47827,1
stepping,47853,47827,47853,26
walking,47893,47853,47893,40
grooming,47922,47893,47922,29
rising,48145,47922,48145,223
rearing,48155,48145,48155,10
right_turning,48192,48155,48192,37
rising,48252,48192,48252,60
sniffing,48327,48252,48327,75
stepping,48332,48327,48332,5
grooming,48400,48332,48400,68
rising,48401,48400,48401,1
rearing,48526,48401,48526,125
rising,48641,48526,48641,115
climbing,48667,48641,48667,26
grooming,48679,48667,48679,12
walking,48689,48679,48689,10
sniffing,48690,48689,48690,1
trotting,48715,48690,48715,25
rearing,48716,48715,48716,1
grooming,48944,48716,48944,228
stepping,48974,48944,48974,30
hunching,48975,48974,48975,1
grooming,49023,48975,49023,48
rearing,49059,49023,49059,36
climbing,49115,49059,49115,56
rising,49133,49115,49133,18
rearing,49174,49133,49174,41
grooming,49501,49174,49501,327
left_turning,49520,49501,49520,19
sniffing,49652,49520,49652,132
right_turning,49693,49652,49693,41
rising,49743,49693,49743,50
sniffing,49744,49743,49744,1
walking,49828,49744,49828,84
rising,49893,49828,49893,65
climbing,49982,49893,49982,89
walking,50011,49982,50011,29
right_turning,50012,50011,50012,1
walking,50031,50012,50031,19
sniffing,50075,50031,50075,44
running,50076,50075,50076,1
sniffing,50103,50076,50103,27
stepping,50104,50103,50104,1
grooming,50111,50104,50111,7
rising,50112,50111,50112,1
rearing,50113,50112,50113,1
grooming,50330,50113,50330,217
climbing,50421,50330,50421,91
rearing,50486,50421,50486,65
grooming,50536,50486,50536,50
rearing,50777,50536,50777,241
grooming,50982,50777,50982,205
hunching,50987,50982,50987,5
left_turning,50988,50987,50988,1
walking,51028,50988,51028,40
stepping,51061,51028,51061,33
sniffing,51214,51061,51214,153
running,51249,51214,51249,35
sniffing,51274,51249,51274,25
grooming,51566,51274,51566,292
stepping,51596,51566,51596,30
grooming,51739,51596,51739,143
walking,51788,51739,51788,49
stepping,51802,51788,51802,14
sniffing,51873,51802,51873,71
right_turning,51902,51873,51902,29
climbing,51952,51902,51952,50
stepping,51972,51952,51972,20
walking,52013,51972,52013,41
stepping,52030,52013,52030,17
sniffing,52031,52030,52031,1
grooming,52032,52031,52032,1
running,52100,52032,52100,68
sniffing,52274,52100,52274,174
grooming,52687,52274,52687,413
trotting,52751,52687,52751,64
sniffing,52862,52751,52862,111
walking,52872,52862,52872,10
rising,52873,52872,52873,1
sniffing,52907,52873,52907,34
stepping,52908,52907,52908,1
sniffing,52960,52908,52960,52
grooming,53079,52960,53079,119
hunching,53105,53079,53105,26
grooming,53291,53105,53291,186
climbing,53387,53291,53387,96
right_turning,53416,53387,53416,29
trotting,53437,53416,53437,21
sniffing,53477,53437,53477,40
scratching,53478,53477,53478,1
walking,53499,53478,53499,21
stepping,53573,53499,53573,74
walking,53609,53573,53609,36
stepping,53651,53609,53651,42
walking,53661,53651,53661,10
stepping,53712,53661,53712,51
walking,53756,53712,53756,44
sniffing,53807,53756,53807,51
rising,53910,53807,53910,103
rearing,53911,53910,53911,1
jumping,53963,53911,53963,52
walking,54025,53963,54025,62
climbing,54042,54025,54042,17
sniffing,54159,54042,54159,117
grooming,54160,54159,54160,1
climbing,54161,54160,54161,1
left_turning,54201,54161,54201,40
walking,54258,54201,54258,57
sniffing,54356,54258,54356,98
grooming,54598,54356,54598,242
sniffing,54674,54598,54674,76
rising,54703,54674,54703,29
walking,54704,54703,54704,1
rising,54762,54704,54762,58
sniffing,54792,54762,54792,30
rearing,54827,54792,54827,35
grooming,54828,54827,54828,1
walking,54864,54828,54864,36
stepping,54887,54864,54887,23
walking,54922,54887,54922,35
sniffing,55149,54922,55149,227
stepping,55187,55149,55187,38
sniffing,55193,55187,55193,6
rising,55246,55193,55246,53
grooming,55396,55246,55396,150
left_turning,55441,55396,55441,45
scratching,55442,55441,55442,1
stepping,55468,55442,55468,26
grooming,55505,55468,55505,37
left_turning,55508,55505,55508,3
scratching,55509,55508,55509,1
sniffing,55510,55509,55510,1
walking,55535,55510,55535,25
rising,55542,55535,55542,7
climbing,55579,55542,55579,37
stepping,55583,55579,55583,4
sniffing,55734,55583,55734,151
left_turning,55735,55734,55735,1
walking,55929,55735,55929,194
sniffing,55964,55929,55964,35
stepping,56003,55964,56003,39
sniffing,56036,56003,56036,33
grooming,56037,56036,56037,1
rising,56038,56037,56038,1
sniffing,56092,56038,56092,54
stepping,56149,56092,56149,57
sniffing,56150,56149,56150,1
grooming,56210,56150,56210,60
sniffing,56342,56210,56342,132
rearing,56354,56342,56354,12
climbing,56581,56354,56581,227
walking,56678,56581,56678,97
sniffing,56753,56678,56753,75
right_turning,56797,56753,56797,44
trotting,56821,56797,56821,24
rising,56934,56821,56934,113
stepping,56972,56934,56972,38
rearing,57024,56972,57024,52
sniffing,57055,57024,57055,31
stepping,57123,57055,57123,68
rising,57148,57123,57148,25
sniffing,57149,57148,57149,1
rising,57208,57149,57208,59
grooming,57445,57208,57445,237
trotting,57481,57445,57481,36
rising,57567,57481,57567,86
rearing,57568,57567,57568,1
climbing,57671,57568,57671,103
left_turning,57672,57671,57672,1
grooming,57848,57672,57848,176
sniffing,57876,57848,57876,28
walking,57879,57876,57879,3
right_turning,57896,57879,57896,17
stepping,57943,57896,57943,47
walking,58050,57943,58050,107
running,58076,58050,58076,26
walking,58077,58076,58077,1
left_turning,58078,58077,58078,1
sniffing,58150,58078,58150,72
stepping,58208,58150,58208,58
walking,58314,58208,58314,106
rising,58367,58314,58367,53
stepping,58389,58367,58389,22
rearing,58456,58389,58456,67
climbing,58544,58456,58544,88
sniffing,58545,58544,58545,1
walking,58592,58545,58592,47
stepping,58631,58592,58631,39
walking,58643,58631,58643,12
stepping,58669,58643,58669,26
walking,58709,58669,58709,40
right_turning,58731,58709,58731,22
sniffing,58806,58731,58806,75
hunching,58872,58806,58872,66
grooming,58873,58872,58873,1
stepping,58928,58873,58928,55
rearing,58982,58928,58982,54
climbing,59103,58982,59103,121
right_turning,59175,59103,59175,72
sniffing,59214,59175,59214,39
rising,59314,59214,59314,100
grooming,59315,59314,59315,1
sniffing,59344,59315,59344,29
hunching,59354,59344,59354,10
right_turning,59385,59354,59385,31
stepping,59423,59385,59423,38
right_turning,59431,59423,59431,8
running,59442,59431,59442,11
sniffing,59523,59442,59523,81
stepping,59546,59523,59546,23
sniffing,59573,59546,59573,27
walking,59619,59573,59619,46
sniffing,59679,59619,59679,60
climbing,59818,59679,59818,139
rearing,59952,59818,59952,134
climbing,59997,59952,59997,45
grooming,60058,59997,60058,61
sniffing,60125,60058,60125,67
walking,60175,60125,60175,50
sniffing,60237,60175,60237,62
walking,60269,60237,60269,32
stepping,60292,60269,60292,23
walking,60338,60292,60338,46
rising,60417,60338,60417,79
stepping,60418,60417,60418,1
running,60449,60418,60449,31
rising,60450,60449,60450,1
climbing,60489,60450,60489,39
rearing,60515,60489,60515,26
climbing,60525,60515,60525,10
rearing,60557,60525,60557,32
climbing,60663,60557,60663,106
stepping,60695,60663,60695,32
sniffing,60717,60695,60717,22
stepping,60729,60717,60729,12
sniffing,60768,60729,60768,39
left_turning,60819,60768,60819,51
walking,60840,60819,60840,21
running,60856,60840,60856,16
trotting,60868,60856,60868,12
sniffing,60910,60868,60910,42
stepping,60936,60910,60936,26
rearing,61025,60936,61025,89
hunching,61054,61025,61054,29
grooming,61055,61054,61055,1
sniffing,61089,61055,61089,34
stepping,61130,61089,61130,41
rearing,61134,61130,61134,4
climbing,61142,61134,61142,8
sniffing,61143,61142,61143,1
left_turning,61189,61143,61189,46
walking,61235,61189,61235,46
right_turning,61263,61235,61263,28
stepping,61311,61263,61311,48
sniffing,61340,61311,61340,29
stepping,61364,61340,61364,24
grooming,61562,61364,61562,198
rearing,61597,61562,61597,35
climbing,61667,61597,61667,70
grooming,62255,61667,62255,588
sniffing,62373,62255,62373,118
rising,62403,62373,62403,30
sniffing,62529,62403,62529,126
rearing,62578,62529,62578,49
hunching,62579,62578,62579,1
rearing,62630,62579,62630,51
stepping,62631,62630,62631,1
rising,62670,62631,62670,39
stepping,62716,62670,62716,46
sniffing,62727,62716,62727,11
right_turning,62742,62727,62742,15
sniffing,62870,62742,62870,128
rising,62871,62870,62871,1
hunching,62882,62871,62882,11
right_turning,62883,62882,62883,1
stepping,62884,62883,62884,1
rearing,62885,62884,62885,1
climbing,63003,62885,63003,118
stepping,63035,63003,63035,32
walking,63122,63035,63122,87
trotting,63124,63122,63124,2
stepping,63159,63124,63159,35
rising,63176,63159,63176,17
sniffing,63235,63176,63235,59
walking,63236,63235,63236,1
sniffing,63280,63236,63280,44
walking,63362,63280,63362,82
trotting,63415,63362,63415,53
rearing,63436,63415,63436,21
rising,63466,63436,63466,30
rearing,63541,63466,63541,75
grooming,63868,63541,63868,327
running,63900,63868,63900,32
rising,63959,63900,63959,59
sniffing,63977,63959,63977,18
stepping,64013,63977,64013,36
climbing,64014,64013,64014,1
rearing,64100,64014,64100,86
rising,64144,64100,64144,44
left_turning,64179,64144,64179,35
trotting,64210,64179,64210,31
right_turning,64240,64210,64240,30
rising,64320,64240,64320,80
rearing,64337,64320,64337,17
walking,64338,64337,64338,1
sniffing,64339,64338,64339,1
walking,64384,64339,64384,45
rising,64456,64384,64456,72
climbing,64500,64456,64500,44
rising,64503,64500,64503,3
grooming,64976,64503,64976,473
rising,64995,64976,64995,19
grooming,65081,64995,65081,86
rearing,65082,65081,65082,1
hunching,65181,65082,65181,99
rearing,65218,65181,65218,37
sniffing,65259,65218,65259,41
hunching,65300,65259,65300,41
left_turning,65301,65300,65301,1
sniffing,65302,65301,65302,1
walking,65371,65302,65371,69
sniffing,65397,65371,65397,26
walking,65477,65397,65477,80
right_turning,65500,65477,65500,23
sniffing,65610,65500,65610,110
rearing,65692,65610,65692,82
grooming,66230,65692,66230,538
climbing,66275,66230,66275,45
left_turning,66284,66275,66284,9
stepping,66333,66284,66333,49
walking,66354,66333,66354,21
rising,66355,66354,66355,1
climbing,66386,66355,66386,31
sniffing,66423,66386,66423,37
right_turning,66452,66423,66452,29
walking,66513,66452,66513,61
sniffing,66562,66513,66562,49
grooming,66593,66562,66593,31
sniffing,66642,66593,66642,49
rearing,66763,66642,66763,121
grooming,66764,66763,66764,1
rising,66848,66764,66848,84
sniffing,66916,66848,66916,68
left_turning,66939,66916,66939,23
trotting,66979,66939,66979,40
running,66988,66979,66988,9
walking,67012,66988,67012,24
sniffing,67067,67012,67067,55
trotting,67117,67067,67117,50
walking,67136,67117,67136,19
left_turning,67148,67136,67148,12
running,67175,67148,67175,27
trotting,67218,67175,67218,43
sniffing,67443,67218,67443,225
walking,67481,67443,67481,38
sniffing,67482,67481,67482,1
climbing,67564,67482,67564,82
grooming,67695,67564,67695,131
rearing,67794,67695,67794,99
hunching,67898,67794,67898,104
grooming,67899,67898,67899,1
sniffing,68120,67899,68120,221
rising,68196,68120,68196,76
right_turning,68242,68196,68242,46
sniffing,68351,68242,68351,109
walking,68393,68351,68393,42
rising,68447,68393,68447,54
sniffing,68500,68447,68500,53
grooming,68619,68500,68619,119
sniffing,68665,68619,68665,46
grooming,68873,68665,68873,208
left_turning,68882,68873,68882,9
walking,68921,68882,68921,39
sniffing,68952,68921,68952,31
right_turning,69009,68952,69009,57
sniffing,69130,69009,69130,121
stepping,69184,69130,69184,54
rearing,69259,69184,69259,75
rising,69289,69259,69289,30
sniffing,69397,69289,69397,108
rearing,69398,69397,69398,1
hunching,69407,69398,69407,9
grooming,69536,69407,69536,129
walking,69585,69536,69585,49
rising,69600,69585,69600,15
rearing,69703,69600,69703,103
rising,69724,69703,69724,21
rearing,69803,69724,69803,79
rising,69839,69803,69839,36
right_turning,69851,69839,69851,12
trotting,69875,69851,69875,24
stepping,69883,69875,69883,8
walking,69895,69883,69895,12
sniffing,69968,69895,69968,73
walking,69982,69968,69982,14
stepping,70037,69982,70037,55
climbing,70064,70037,70064,27
left_turning,70094,70064,70094,30
running,70128,70094,70128,34
walking,70167,70128,70167,39
grooming,70907,70167,70907,740
rearing,70935,70907,70935,28
running,70957,70935,70957,22
stepping,70989,70957,70989,32
sniffing,71066,70989,71066,77
trotting,71123,71066,71123,57
sniffing,71190,71123,71190,67
rising,71195,71190,71195,5
climbing,71235,71195,71235,40
rearing,71300,71235,71300,65
hunching,71323,71300,71323,23
grooming,71338,71323,71338,15
stepping,71374,71338,71374,36
running,71397,71374,71397,23
trotting,71418,71397,71418,21
sniffing,71445,71418,71445,27
right_turning,71446,71445,71446,1
walking,71522,71446,71522,76
rising,71539,71522,71539,17
climbing,71606,71539,71606,67
rising,71642,71606,71642,36
rearing,71643,71642,71643,1
hunching,71695,71643,71695,52
left_turning,71774,71695,71774,79
sniffing,71825,71774,71825,51
grooming,71826,71825,71826,1
rearing,71956,71826,71956,130
grooming,72208,71956,72208,252
sniffing,72267,72208,72267,59
right_turning,72275,72267,72275,8
stepping,72296,72275,72296,21
walking,72349,72296,72349,53
left_turning,72365,72349,72365,16
walking,72442,72365,72442,77
stepping,72457,72442,72457,15
sniffing,72458,72457,72458,1
walking,72527,72458,72527,69
stepping,72566,72527,72566,39
sniffing,72646,72566,72646,80
rising,72651,72646,72651,5
rearing,72693,72651,72693,42
walking,72694,72693,72694,1
trotting,72746,72694,72746,52
sniffing,72806,72746,72806,60
walking,72844,72806,72844,38
rising,72895,72844,72895,51
rearing,72981,72895,72981,86
grooming,73098,72981,73098,117
rearing,73177,73098,73177,79
climbing,73255,73177,73255,78
grooming,73413,73255,73413,158
hunching,73414,73413,73414,1
rearing,73443,73414,73443,29
climbing,73450,73443,73450,7
grooming,73551,73450,73551,101
rearing,73617,73551,73617,66
grooming,73763,73617,73763,146
sniffing,73817,73763,73817,54
walking,73901,73817,73901,84
sniffing,74114,73901,74114,213
rising,74115,74114,74115,1
rearing,74116,74115,74116,1
sniffing,74161,74116,74161,45
rising,74198,74161,74198,37
sniffing,74399,74198,74399,201
rising,74459,74399,74459,60
climbing,74477,74459,74477,18
right_turning,74508,74477,74508,31
walking,74509,74508,74509,1
sniffing,74558,74509,74558,49
rearing,74647,74558,74647,89
running,74681,74647,74681,34
walking,74730,74681,74730,49
trotting,74768,74730,74768,38
walking,74806,74768,74806,38
trotting,74847,74806,74847,41
walking,74906,74847,74906,59
sniffing,74907,74906,74907,1
grooming,74948,74907,74948,41
walking,74949,74948,74949,1
stepping,74980,74949,74980,31
walking,74999,74980,74999,19
stepping,75032,74999,75032,33
walking,75101,75032,75101,69
stepping,75188,75101,75188,87
walking,75234,75188,75234,46
climbing,75340,75234,75340,106
sniffing,75401,75340,75401,61
left_turning,75453,75401,75453,52
rising,75529,75453,75529,76
climbing,75563,75529,75563,34
stepping,75589,75563,75589,26
walking,75618,75589,75618,29
stepping,75692,75618,75692,74
rearing,75731,75692,75731,39
grooming,75835,75731,75835,104
hunching,75876,75835,75876,41
grooming,75954,75876,75954,78
hunching,76028,75954,76028,74
sniffing,76075,76028,76075,47
rearing,76076,76075,76076,1
grooming,76472,76076,76472,396
rising,76473,76472,76473,1
sniffing,76579,76473,76579,106
right_turning,76597,76579,76597,18
walking,76608,76597,76608,11
sniffing,76714,76608,76714,106
walking,76754,76714,76754,40
left_turning,76755,76754,76755,1
stepping,76799,76755,76799,44
walking,76812,76799,76812,13
sniffing,76874,76812,76874,62
rising,76885,76874,76885,11
rearing,76901,76885,76901,16
grooming,76902,76901,76902,1
hunching,76909,76902,76909,7
grooming,76991,76909,76991,82
sniffing,77072,76991,77072,81
stepping,77090,77072,77090,18
rearing,77092,77090,77092,2
hunching,77093,77092,77093,1
grooming,77094,77093,77094,1
stepping,77183,77094,77183,89
sniffing,77331,77183,77331,148
stepping,77402,77331,77402,71
sniffing,77460,77402,77460,58
right_turning,77479,77460,77479,19
rising,77480,77479,77480,1
left_turning,77481,77480,77481,1
scratching,77482,77481,77482,1
sniffing,77534,77482,77534,52
right_turning,77582,77534,77582,48
sniffing,77583,77582,77583,1
left_turning,77611,77583,77611,28
sniffing,77736,77611,77736,125
hunching,77737,77736,77737,1
sniffing,77880,77737,77880,143
rearing,78005,77880,78005,125
walking,78046,78005,78046,41
stepping,78070,78046,78070,24
grooming,78087,78070,78087,17
stepping,78113,78087,78113,26
rearing,78140,78113,78140,27
grooming,78141,78140,78141,1
left_turning,78163,78141,78163,22
stepping,78174,78163,78174,11
sniffing,78175,78174,78175,1
rising,78182,78175,78182,7
grooming,78183,78182,78183,1
rearing,78229,78183,78229,46
climbing,78367,78229,78367,138
walking,78410,78367,78410,43
sniffing,78444,78410,78444,34
walking,78560,78444,78560,116
stepping,78596,78560,78596,36
walking,78605,78596,78605,9
trotting,78668,78605,78668,63
walking,78747,78668,78747,79
sniffing,78778,78747,78778,31
grooming,78779,78778,78779,1
rearing,78792,78779,78792,13
climbing,78830,78792,78830,38
trotting,78831,78830,78831,1
sniffing,78854,78831,78854,23
walking,78939,78854,78939,85
rising,78944,78939,78944,5
climbing,79111,78944,79111,167
left_turning,79147,79111,79147,36
running,79158,79147,79158,11
stepping,79191,79158,79191,33
sniffing,79299,79191,79299,108
left_turning,79333,79299,79333,34
sniffing,79334,79333,79334,1
stepping,79354,79334,79354,20
walking,79412,79354,79412,58
sniffing,79496,79412,79496,84
stepping,79524,79496,79524,28
walking,79612,79524,79612,88
sniffing,79660,79612,79660,48
climbing,79661,79660,79661,1
trotting,79719,79661,79719,58
sniffing,79842,79719,79842,123
climbing,79936,79842,79936,94
grooming,80209,79936,80209,273
walking,80230,80209,80230,21
sniffing,80274,80230,80274,44
grooming,80352,80274,80352,78
rearing,80395,80352,80395,43
rising,80495,80395,80495,100
grooming,80789,80495,80789,294
hunching,80815,80789,80815,26
grooming,80816,80815,80816,1
sniffing,80936,80816,80936,120
grooming,81121,80936,81121,185
walking,81129,81121,81129,8
sniffing,81220,81129,81220,91
walking,81223,81220,81223,3
stepping,81266,81223,81266,43
sniffing,81339,81266,81339,73
left_turning,81356,81339,81356,17
hunching,81489,81356,81489,133
grooming,81490,81489,81490,1
walking,81543,81490,81543,53
stepping,81576,81543,81576,33
grooming,81847,81576,81847,271
rising,81906,81847,81906,59
grooming,82105,81906,82105,199
rising,82172,82105,82172,67
walking,82231,82172,82231,59
stepping,82263,82231,82263,32
climbing,82349,82263,82349,86
walking,82413,82349,82413,64
stepping,82460,82413,82460,47
sniffing,82496,82460,82496,36
stepping,82561,82496,82561,65
sniffing,82591,82561,82591,30
grooming,83086,82591,83086,495
sniffing,83095,83086,83095,9
rising,83106,83095,83106,11
left_turning,83139,83106,83139,33
sniffing,83369,83139,83369,230
walking,83430,83369,83430,61
stepping,83503,83430,83503,73
rearing,83749,83503,83749,246
climbing,83888,83749,83888,139
rearing,84016,83888,84016,128
running,84055,84016,84055,39
walking,84056,84055,84056,1
sniffing,84057,84056,84057,1
walking,84058,84057,84058,1
stepping,84087,84058,84087,29
rearing,84088,84087,84088,1
hunching,84122,84088,84122,34
rearing,84148,84122,84148,26
grooming,84481,84148,84481,333
sniffing,84706,84481,84706,225
climbing,84810,84706,84810,104
left_turning,84830,84810,84830,20
trotting,84861,84830,84861,31
sniffing,85038,84861,85038,177
walking,85048,85038,85048,10
left_turning,85084,85048,85084,36
sniffing,85183,85084,85183,99
left_turning,85189,85183,85189,6
sniffing,85190,85189,85190,1
walking,85312,85190,85312,122
left_turning,85359,85312,85359,47
climbing,85420,85359,85420,61
grooming,85953,85420,85953,533
scratching,85954,85953,85954,1
sniffing,85955,85954,85955,1
walking,86001,85955,86001,46
sniffing,86002,86001,86002,1
trotting,86050,86002,86050,48
walking,86113,86050,86113,63
stepping,86114,86113,86114,1
sniffing,86143,86114,86143,29
climbing,86277,86143,86277,134
right_turning,86278,86277,86278,1
rearing,86386,86278,86386,108
sniffing,86548,86386,86548,162
rising,86569,86548,86569,21
grooming,86681,86569,86681,112
rising,86733,86681,86733,52
rearing,86770,86733,86770,37
hunching,86771,86770,86771,1
grooming,86787,86771,86787,16
climbing,86811,86787,86811,24
left_turning,86812,86811,86812,1
sniffing,86903,86812,86903,91
grooming,87193,86903,87193,290
left_turning,87219,87193,87219,26
sniffing,87266,87219,87266,47
left_turning,87322,87266,87322,56
hunching,87466,87322,87466,144
grooming,87953,87466,87953,487
rising,87984,87953,87984,31
left_turning,88002,87984,88002,18
sniffing,88094,88002,88094,92
left_turning,88115,88094,88115,21
sniffing,88154,88115,88154,39
grooming,88269,88154,88269,115
sniffing,88274,88269,88274,5
walking,88287,88274,88287,13
sniffing,88361,88287,88361,74
rising,88362,88361,88362,1
walking,88397,88362,88397,35
climbing,88459,88397,88459,62
sniffing,88583,88459,88583,124
walking,88673,88583,88673,90
right_turning,88711,88673,88711,38
stepping,88758,88711,88758,47
left_turning,88787,88758,88787,29
sniffing,88788,88787,88788,1
rising,88789,88788,88789,1
rearing,88807,88789,88807,18
climbing,88826,88807,88826,19
walking,88879,88826,88879,53
sniffing,89176,88879,89176,297
rearing,89193,89176,89193,17
sniffing,89229,89193,89229,36
left_turning,89238,89229,89238,9
trotting,89287,89238,89287,49
stepping,89330,89287,89330,43
walking,89398,89330,89398,68
sniffing,89458,89398,89458,60
walking,89572,89458,89572,114
running,89578,89572,89578,6
sniffing,89629,89578,89629,51
stepping,89673,89629,89673,44
sniffing,89784,89673,89784,111
walking,89818,89784,89818,34
trotting,89819,89818,89819,1
rising,89870,89819,89870,51
grooming,90053,89870,90053,183
rearing,90111,90053,90111,58
climbing,90112,90111,90112,1
walking,90120,90112,90120,8
trotting,90147,90120,90147,27
walking,90214,90147,90214,67
sniffing,90215,90214,90215,1
rising,90223,90215,90223,8
climbing,90349,90223,90349,126
grooming,90487,90349,90487,138
stepping,90493,90487,90493,6
sniffing,90626,90493,90626,133
rising,90671,90626,90671,45
sniffing,90718,90671,90718,47
right_turning,90735,90718,90735,17
sniffing,90753,90735,90753,18
stepping,90796,90753,90796,43
walking,90840,90796,90840,44
grooming,90841,90840,90841,1
rising,90842,90841,90842,1
grooming,90843,90842,90843,1
walking,90895,90843,90895,52
stepping,90935,90895,90935,40
rising,90941,90935,90941,6
sniffing,90982,90941,90982,41
stepping,91018,90982,91018,36
sniffing,91019,91018,91019,1
rising,91041,91019,91041,22
scratching,91042,91041,91042,1
grooming,91043,91042,91043,1
rearing,91077,91043,91077,34
stepping,91105,91077,91105,28
climbing,91165,91105,91165,60
stepping,91280,91165,91280,115
sniffing,91341,91280,91341,61
walking,91411,91341,91411,70
rising,91445,91411,91445,34
sniffing,91535,91445,91535,90
right_turning,91557,91535,91557,22
stepping,91603,91557,91603,46
sniffing,91736,91603,91736,133
hunching,91787,91736,91787,51
rising,91805,91787,91805,18
climbing,91867,91805,91867,62
left_turning,91868,91867,91868,1
trotting,91896,91868,91896,28
stepping,91903,91896,91903,7
trotting,91904,91903,91904,1
walking,91953,91904,91953,49
climbing,91993,91953,91993,40
walking,92077,91993,92077,84
stepping,92126,92077,92126,49
walking,92132,92126,92132,6
rising,92144,92132,92144,12
climbing,92286,92144,92286,142
rearing,92344,92286,92344,58
grooming,92679,92344,92679,335
hunching,92739,92679,92739,60
grooming,93120,92739,93120,381
climbing,93248,93120,93248,128
rising,93292,93248,93292,44
stepping,93338,93292,93338,46
rising,93389,93338,93389,51
sniffing,93486,93389,93486,97
climbing,93513,93486,93513,27
walking,93589,93513,93589,76
trotting,93644,93589,93644,55
walking,93702,93644,93702,58
stepping,93703,93702,93703,1
sniffing,93817,93703,93817,114
right_turning,93828,93817,93828,11
climbing,93915,93828,93915,87
rearing,94028,93915,94028,113
sniffing,94029,94028,94029,1
rearing,94077,94029,94077,48
left_turning,94134,94077,94134,57
stepping,94190,94134,94190,56
sniffing,94232,94190,94232,42
right_turning,94250,94232,94250,18
trotting,94259,94250,94259,9
sniffing,94381,94259,94381,122
trotting,94396,94381,94396,15
rising,94401,94396,94401,5
grooming,94668,94401,94668,267
walking,94751,94668,94751,83
rising,94756,94751,94756,5
sniffing,94835,94756,94835,79
walking,94854,94835,94854,19
trotting,94914,94854,94914,60
sniffing,94915,94914,94915,1
climbing,95090,94915,95090,175
rearing,95178,95090,95178,88
walking,95199,95178,95199,21
rising,95251,95199,95251,52
sniffing,95252,95251,95252,1
rearing,95307,95252,95307,55
grooming,95351,95307,95351,44
rearing,95369,95351,95369,18
running,95399,95369,95399,30
rising,95422,95399,95422,23
climbing,95454,95422,95454,32
rising,95486,95454,95486,32
climbing,95560,95486,95560,74
rising,95581,95560,95581,21
grooming,95734,95581,95734,153
rearing,95735,95734,95735,1
stepping,95736,95735,95736,1
sniffing,95825,95736,95825,89
grooming,95933,95825,95933,108
left_turning,95982,95933,95982,49
walking,95983,95982,95983,1
stepping,96000,95983,96000,17
walking,96058,96000,96058,58
sniffing,96189,96058,96189,131
stepping,96210,96189,96210,21
walking,96250,96210,96250,40
sniffing,96375,96250,96375,125
walking,96418,96375,96418,43
sniffing,96467,96418,96467,49
rising,96513,96467,96513,46
grooming,96514,96513,96514,1
rearing,96589,96514,96589,75
climbing,96636,96589,96636,47
stepping,96683,96636,96683,47
left_turning,96715,96683,96715,32
rising,96769,96715,96769,54
stepping,96809,96769,96809,40
climbing,96901,96809,96901,92
rearing,96902,96901,96902,1
climbing,96947,96902,96947,45
sniffing,97043,96947,97043,96
climbing,97081,97043,97081,38
left_turning,97147,97081,97147,66
stepping,97193,97147,97193,46
grooming,97194,97193,97194,1
right_turning,97215,97194,97215,21
rearing,97354,97215,97354,139
grooming,97943,97354,97943,589
rearing,98013,97943,98013,70
climbing,98158,98013,98158,145
left_turning,98209,98158,98209,51
sniffing,98304,98209,98304,95
rising,98305,98304,98305,1
hunching,98397,98305,98397,92
rising,98410,98397,98410,13
rearing,98451,98410,98451,41
sniffing,98558,98451,98558,107
grooming,98559,98558,98559,1
sniffing,98560,98559,98560,1
left_turning,98606,98560,98606,46
walking,98644,98606,98644,38
sniffing,98769,98644,98769,125
walking,98853,98769,98853,84
stepping,98872,98853,98872,19
sniffing,98904,98872,98904,32
running,98937,98904,98937,33
stepping,98938,98937,98938,1
sniffing,99013,98938,99013,75
walking,99072,99013,99072,59
right_turning,99110,99072,99110,38
stepping,99133,99110,99133,23
right_turning,99195,99133,99195,62
walking,99228,99195,99228,33
sniffing,99302,99228,99302,74
stepping,99335,99302,99335,33
sniffing,99429,99335,99429,94
rising,99430,99429,99430,1
stepping,99484,99430,99484,54
sniffing,99651,99484,99651,167
walking,99730,99651,99730,79
sniffing,99830,99730,99830,100
left_turning,99867,99830,99867,37
stepping,99906,99867,99906,39
sniffing,99977,99906,99977,71
walking,100006,99977,100006,29
stepping,100024,100006,100024,18
sniffing,100195,100024,100195,171
rising,100250,100195,100250,55
grooming,100288,100250,100288,38
rising,100334,100288,100334,46
left_turning,100393,100334,100393,59
sniffing,100394,100393,100394,1
rising,100395,100394,100395,1
sniffing,100638,100395,100638,243
stepping,100673,100638,100673,35
sniffing,100689,100673,100689,16
stepping,100716,100689,100716,27
left_turning,100775,100716,100775,59
stepping,100813,100775,100813,38
sniffing,100873,100813,100873,60
rising,100888,100873,100888,15
grooming,100889,100888,100889,1
left_turning,100921,100889,100921,32
sniffing,100922,100921,100922,1
left_turning,100982,100922,100982,60
stepping,101011,100982,101011,29
trotting,101027,101011,101027,16
stepping,101064,101027,101064,37
grooming,101368,101064,101368,304
rearing,101369,101368,101369,1
rising,101440,101369,101440,71
sniffing,101538,101440,101538,98
grooming,101667,101538,101667,129
sniffing,101792,101667,101792,125
rearing,101940,101792,101940,148
climbing,101995,101940,101995,55
rearing,102020,101995,102020,25
hunching,102099,102020,102099,79
grooming,102100,102099,102100,1
stepping,102147,102100,102147,47
grooming,102762,102147,102762,615
rearing,103128,102762,103128,366
hunching,103235,103128,103235,107
rearing,103287,103235,103287,52
climbing,103339,103287,103339,52
trotting,103358,103339,103358,19
jumping,103359,103358,103359,1
rising,103360,103359,103360,1
grooming,103469,103360,103469,109
rising,103482,103469,103482,13
walking,103543,103482,103543,61
sniffing,103611,103543,103611,68
left_turning,103671,103611,103671,60
sniffing,103695,103671,103695,24
stepping,103715,103695,103715,20
sniffing,103936,103715,103936,221
walking,104000,103936,104000,64
sniffing,104076,104000,104076,76
rearing,104101,104076,104101,25
climbing,104157,104101,104157,56
stepping,104164,104157,104164,7
sniffing,104371,104164,104371,207
stepping,104374,104371,104374,3
rising,104378,104374,104378,4
climbing,104409,104378,104409,31
stepping,104453,104409,104453,44
hunching,104654,104453,104654,201
rearing,104715,104654,104715,61
rising,104825,104715,104825,110
right_turning,104826,104825,104826,1
sniffing,104877,104826,104877,51
running,104887,104877,104887,10
walking,104907,104887,104907,20
rearing,104998,104907,104998,91
grooming,104999,104998,104999,1
hunching,105008,104999,105008,9
grooming,105184,105008,105184,176
sniffing,105206,105184,105206,22
hunching,105207,105206,105207,1
rearing,105346,105207,105346,139
sniffing,105347,105346,105347,1
rising,105463,105347,105463,116
left_turning,105493,105463,105493,30
sniffing,105623,105493,105623,130
rising,105661,105623,105661,38
left_turning,105684,105661,105684,23
stepping,105756,105684,105756,72
climbing,105783,105756,105783,27
walking,105862,105783,105862,79
sniffing,105898,105862,105898,36
stepping,105944,105898,105944,46
walking,105945,105944,105945,1
left_turning,106001,105945,106001,56
stepping,106072,106001,106072,71
sniffing,106077,106072,106077,5
stepping,106083,106077,106083,6
sniffing,106270,106083,106270,187
left_turning,106342,106270,106342,72
running,106384,106342,106384,42
stepping,106407,106384,106407,23
sniffing,106415,106407,106415,8
rising,106455,106415,106455,40
sniffing,106557,106455,106557,102
right_turning,106595,106557,106595,38
climbing,106642,106595,106642,47
left_turning,106643,106642,106643,1
sniffing,106644,106643,106644,1
rising,106706,106644,106706,62
hunching,106755,106706,106755,49
stepping,106756,106755,106756,1
sniffing,106838,106756,106838,82
walking,106865,106838,106865,27
stepping,106940,106865,106940,75
trotting,106983,106940,106983,43
right_turning,107020,106983,107020,37
walking,107053,107020,107053,33
right_turning,107068,107053,107068,15
stepping,107115,107068,107115,47
sniffing,107346,107115,107346,231
rearing,107373,107346,107373,27
hunching,107378,107373,107378,5
rearing,107410,107378,107410,32
grooming,107673,107410,107673,263
scratching,107674,107673,107674,1
left_turning,107704,107674,107704,30
sniffing,107723,107704,107723,19
right_turning,107775,107723,107775,52
stepping,107806,107775,107806,31
climbing,108000,107806,108000,194
