revised_movement_label,segBoundary,segBoundary_start,segBoundary_end,length
sniffing,11,0,11,11
rising,12,11,12,1
stepping,62,12,62,50
sniffing,120,62,120,58
rising,138,120,138,18
stepping,203,138,203,65
sniffing,241,203,241,38
left_turning,290,241,290,49
sniffing,291,290,291,1
rearing,304,291,304,13
grooming,420,304,420,116
rising,453,420,453,33
running,497,453,497,44
walking,597,497,597,100
sniffing,598,597,598,1
stepping,644,598,644,46
sniffing,723,644,723,79
left_turning,782,723,782,59
trotting,796,782,796,14
walking,886,796,886,90
stepping,910,886,910,24
rising,976,910,976,66
right_turning,997,976,997,21
trotting,1021,997,1021,24
walking,1039,1021,1039,18
rising,1077,1039,1077,38
sniffing,1165,1077,1165,88
grooming,1249,1165,1249,84
trotting,1278,1249,1278,29
walking,1384,1278,1384,106
stepping,1392,1384,1392,8
sniffing,1393,1392,1393,1
rising,1451,1393,1451,58
stepping,1469,1451,1469,18
rising,1547,1469,1547,78
walking,1586,1547,1586,39
rising,1652,1586,1652,66
sniffing,1768,1652,1768,116
rearing,1816,1768,1816,48
right_turning,1849,1816,1849,33
stepping,1850,1849,1850,1
sniffing,1854,1850,1854,4
walking,1861,1854,1861,7
stepping,1935,1861,1935,74
sniffing,2061,1935,2061,126
rising,2097,2061,2097,36
walking,2120,2097,2120,23
trotting,2159,2120,2159,39
rising,2184,2159,2184,25
walking,2281,2184,2281,97
trotting,2338,2281,2338,57
running,2352,2338,2352,14
sniffing,2353,2352,2353,1
grooming,2412,2353,2412,59
left_turning,2458,2412,2458,46
rising,2476,2458,2476,18
trotting,2513,2476,2513,37
stepping,2567,2513,2567,54
sniffing,2584,2567,2584,17
grooming,2686,2584,2686,102
left_turning,2745,2686,2745,59
walking,2769,2745,2769,24
trotting,2813,2769,2813,44
running,2846,2813,2846,33
trotting,2910,2846,2910,64
walking,2911,2910,2911,1
rising,2913,2911,2913,2
sniffing,3099,2913,3099,186
walking,3137,3099,3137,38
sniffing,3222,3137,3222,85
left_turning,3223,3222,3223,1
sniffing,3271,3223,3271,48
stepping,3286,3271,3286,15
rising,3367,3286,3367,81
walking,3409,3367,3409,42
stepping,3422,3409,3422,13
sniffing,3518,3422,3518,96
grooming,3594,3518,3594,76
rising,3619,3594,3619,25
sniffing,3883,3619,3883,264
walking,3933,3883,3933,50
rising,3958,3933,3958,25
trotting,4006,3958,4006,48
stepping,4007,4006,4007,1
rearing,4045,4007,4045,38
climbing,4134,4045,4134,89
walking,4214,4134,4214,80
stepping,4215,4214,4215,1
walking,4300,4215,4300,85
stepping,4306,4300,4306,6
rising,4311,4306,4311,5
grooming,4487,4311,4487,176
rearing,4488,4487,4488,1
sniffing,4539,4488,4539,51
left_turning,4540,4539,4540,1
sniffing,4541,4540,4541,1
rearing,4602,4541,4602,61
grooming,4610,4602,4610,8
right_turning,4640,4610,4640,30
stepping,4659,4640,4659,19
rising,4660,4659,4660,1
stepping,4679,4660,4679,19
walking,4713,4679,4713,34
stepping,4775,4713,4775,62
sniffing,4880,4775,4880,105
stepping,4952,4880,4952,72
walking,4991,4952,4991,39
sniffing,4992,4991,4992,1
walking,4993,4992,4993,1
sniffing,5066,4993,5066,73
stepping,5129,5066,5129,63
walking,5166,5129,5166,37
grooming,5167,5166,5167,1
rising,5184,5167,5184,17
grooming,5270,5184,5270,86
walking,5271,5270,5271,1
sniffing,5272,5271,5272,1
rising,5295,5272,5295,23
right_turning,5329,5295,5329,34
walking,5372,5329,5372,43
rising,5398,5372,5398,26
right_turning,5399,5398,5399,1
walking,5414,5399,5414,15
running,5444,5414,5444,30
stepping,5479,5444,5479,35
sniffing,5480,5479,5480,1
walking,5509,5480,5509,29
trotting,5550,5509,5550,41
rising,5562,5550,5562,12
left_turning,5632,5562,5632,70
sniffing,5651,5632,5651,19
walking,5714,5651,5714,63
rearing,5837,5714,5837,123
hunching,5838,5837,5838,1
grooming,5932,5838,5932,94
sniffing,6034,5932,6034,102
stepping,6035,6034,6035,1
rising,6045,6035,6045,10
grooming,6100,6045,6100,55
left_turning,6101,6100,6101,1
sniffing,6124,6101,6124,23
stepping,6125,6124,6125,1
trotting,6147,6125,6147,22
stepping,6165,6147,6165,18
rearing,6200,6165,6200,35
hunching,6219,6200,6219,19
grooming,6220,6219,6220,1
trotting,6267,6220,6267,47
sniffing,6299,6267,6299,32
rising,6358,6299,6358,59
sniffing,6461,6358,6461,103
running,6510,6461,6510,49
trotting,6532,6510,6532,22
sniffing,6602,6532,6602,70
grooming,6603,6602,6603,1
rising,6681,6603,6681,78
grooming,6682,6681,6682,1
sniffing,6718,6682,6718,36
rising,6742,6718,6742,24
climbing,6826,6742,6826,84
grooming,6882,6826,6882,56
rising,6883,6882,6883,1
rearing,6971,6883,6971,88
hunching,7031,6971,7031,60
grooming,7032,7031,7032,1
sniffing,7106,7032,7106,74
stepping,7138,7106,7138,32
rising,7179,7138,7179,41
sniffing,7240,7179,7240,61
grooming,7269,7240,7269,29
left_turning,7286,7269,7286,17
rising,7287,7286,7287,1
left_turning,7312,7287,7312,25
hunching,7335,7312,7335,23
rising,7360,7335,7360,25
stepping,7428,7360,7428,68
sniffing,7472,7428,7472,44
rising,7533,7472,7533,61
grooming,7631,7533,7631,98
walking,7672,7631,7672,41
trotting,7772,7672,7772,100
walking,7801,7772,7801,29
stepping,7828,7801,7828,27
left_turning,7829,7828,7829,1
grooming,7850,7829,7850,21
trotting,7884,7850,7884,34
running,7908,7884,7908,24
stepping,7960,7908,7960,52
sniffing,7990,7960,7990,30
walking,8076,7990,8076,86
sniffing,8173,8076,8173,97
rearing,8174,8173,8174,1
rising,8199,8174,8199,25
sniffing,8200,8199,8200,1
rising,8223,8200,8223,23
left_turning,8254,8223,8254,31
rising,8312,8254,8312,58
left_turning,8388,8312,8388,76
running,8403,8388,8403,15
stepping,8424,8403,8424,21
sniffing,8501,8424,8501,77
climbing,8530,8501,8530,29
grooming,8531,8530,8531,1
left_turning,8548,8531,8548,17
walking,8549,8548,8549,1
running,8555,8549,8555,6
sniffing,8639,8555,8639,84
walking,8675,8639,8675,36
trotting,8703,8675,8703,28
running,8714,8703,8714,11
trotting,8715,8714,8715,1
walking,8716,8715,8716,1
sniffing,8768,8716,8768,52
walking,8813,8768,8813,45
sniffing,8919,8813,8919,106
walking,8922,8919,8922,3
grooming,9091,8922,9091,169
climbing,9138,9091,9138,47
grooming,9183,9138,9183,45
stepping,9228,9183,9228,45
running,9256,9228,9256,28
stepping,9318,9256,9318,62
sniffing,9372,9318,9372,54
rearing,9375,9372,9375,3
trotting,9425,9375,9425,50
sniffing,9454,9425,9454,29
walking,9476,9454,9476,22
sniffing,9515,9476,9515,39
stepping,9541,9515,9541,26
sniffing,9607,9541,9607,66
grooming,9608,9607,9608,1
sniffing,9708,9608,9708,100
stepping,9828,9708,9828,120
sniffing,9829,9828,9829,1
walking,9866,9829,9866,37
trotting,9867,9866,9867,1
stepping,9927,9867,9927,60
walking,9973,9927,9973,46
left_turning,9974,9973,9974,1
rising,9998,9974,9998,24
rearing,10073,9998,10073,75
grooming,10074,10073,10074,1
left_turning,10110,10074,10110,36
walking,10156,10110,10156,46
running,10162,10156,10162,6
stepping,10163,10162,10163,1
grooming,10318,10163,10318,155
rearing,10319,10318,10319,1
sniffing,10320,10319,10320,1
left_turning,10336,10320,10336,16
sniffing,10337,10336,10337,1
stepping,10360,10337,10360,23
rearing,10361,10360,10361,1
sniffing,10473,10361,10473,112
rising,10547,10473,10547,74
grooming,10548,10547,10548,1
walking,10554,10548,10554,6
grooming,10676,10554,10676,122
rising,10690,10676,10690,14
trotting,10695,10690,10695,5
walking,10712,10695,10712,17
sniffing,10820,10712,10820,108
climbing,10855,10820,10855,35
left_turning,10890,10855,10890,35
stepping,10921,10890,10921,31
walking,11139,10921,11139,218
stepping,11146,11139,11146,7
walking,11147,11146,11147,1
stepping,11199,11147,11199,52
right_turning,11227,11199,11227,28
walking,11255,11227,11255,28
stepping,11302,11255,11302,47
walking,11368,11302,11368,66
trotting,11414,11368,11414,46
stepping,11415,11414,11415,1
rearing,11461,11415,11461,46
hunching,11477,11461,11477,16
grooming,11478,11477,11478,1
walking,11479,11478,11479,1
grooming,11572,11479,11572,93
sniffing,11631,11572,11631,59
stepping,11703,11631,11703,72
walking,11722,11703,11722,19
sniffing,11846,11722,11846,124
grooming,11868,11846,11868,22
sniffing,11979,11868,11979,111
rearing,11980,11979,11980,1
grooming,11994,11980,11994,14
sniffing,12089,11994,12089,95
rising,12090,12089,12090,1
stepping,12160,12090,12160,70
sniffing,12161,12160,12161,1
stepping,12208,12161,12208,47
grooming,12266,12208,12266,58
left_turning,12267,12266,12267,1
trotting,12306,12267,12306,39
walking,12343,12306,12343,37
grooming,12428,12343,12428,85
trotting,12464,12428,12464,36
stepping,12542,12464,12542,78
walking,12550,12542,12550,8
rising,12566,12550,12566,16
sniffing,12567,12566,12567,1
walking,12568,12567,12568,1
sniffing,12569,12568,12569,1
hunching,12595,12569,12595,26
rearing,12615,12595,12615,20
hunching,12639,12615,12639,24
rising,12671,12639,12671,32
grooming,12739,12671,12739,68
walking,12743,12739,12743,4
grooming,12837,12743,12837,94
sniffing,12880,12837,12880,43
running,12914,12880,12914,34
walking,12947,12914,12947,33
stepping,12963,12947,12963,16
sniffing,13016,12963,13016,53
grooming,13063,13016,13063,47
walking,13088,13063,13088,25
stepping,13093,13088,13093,5
walking,13126,13093,13126,33
trotting,13160,13126,13160,34
rising,13235,13160,13235,75
walking,13262,13235,13262,27
stepping,13319,13262,13319,57
sniffing,13420,13319,13420,101
stepping,13463,13420,13463,43
walking,13557,13463,13557,94
sniffing,13682,13557,13682,125
rising,13703,13682,13703,21
grooming,13722,13703,13722,19
sniffing,13807,13722,13807,85
hunching,13859,13807,13859,52
grooming,13907,13859,13907,48
rearing,13951,13907,13951,44
climbing,13985,13951,13985,34
rearing,14022,13985,14022,37
grooming,14081,14022,14081,59
sniffing,14152,14081,14152,71
walking,14243,14152,14243,91
grooming,14393,14243,14393,150
running,14413,14393,14413,20
trotting,14420,14413,14420,7
running,14440,14420,14440,20
sniffing,14441,14440,14441,1
rearing,14612,14441,14612,171
sniffing,14624,14612,14624,12
stepping,14663,14624,14663,39
grooming,14998,14663,14998,335
hunching,15046,14998,15046,48
sniffing,15093,15046,15093,47
grooming,15176,15093,15176,83
hunching,15209,15176,15209,33
grooming,15256,15209,15256,47
rising,15272,15256,15272,16
rearing,15370,15272,15370,98
hunching,15440,15370,15440,70
grooming,15510,15440,15510,70
running,15536,15510,15536,26
sniffing,15537,15536,15537,1
walking,15564,15537,15564,27
rearing,15613,15564,15613,49
stepping,15641,15613,15641,28
sniffing,15642,15641,15642,1
right_turning,15643,15642,15643,1
walking,15723,15643,15723,80
stepping,15761,15723,15761,38
grooming,15891,15761,15891,130
walking,15892,15891,15892,1
stepping,15913,15892,15913,21
rising,15914,15913,15914,1
grooming,15915,15914,15915,1
rising,15925,15915,15925,10
sniffing,15926,15925,15926,1
stepping,15988,15926,15988,62
sniffing,16045,15988,16045,57
stepping,16113,16045,16113,68
rising,16122,16113,16122,9
rearing,16225,16122,16225,103
hunching,16271,16225,16271,46
stepping,16288,16271,16288,17
right_turning,16316,16288,16316,28
stepping,16356,16316,16356,40
rising,16380,16356,16380,24
trotting,16401,16380,16401,21
stepping,16449,16401,16449,48
rising,16471,16449,16471,22
sniffing,16506,16471,16506,35
right_turning,16517,16506,16517,11
sniffing,16547,16517,16547,30
left_turning,16578,16547,16578,31
walking,16598,16578,16598,20
sniffing,16691,16598,16691,93
stepping,16694,16691,16694,3
sniffing,16800,16694,16800,106
rising,16870,16800,16870,70
rearing,16909,16870,16909,39
rising,16945,16909,16945,36
sniffing,17027,16945,17027,82
stepping,17071,17027,17071,44
sniffing,17161,17071,17161,90
rising,17212,17161,17212,51
grooming,17213,17212,17213,1
rising,17278,17213,17278,65
stepping,17308,17278,17308,30
walking,17340,17308,17340,32
running,17364,17340,17364,24
walking,17399,17364,17399,35
stepping,17509,17399,17509,110
trotting,17571,17509,17571,62
stepping,17618,17571,17618,47
walking,17632,17618,17632,14
grooming,17633,17632,17633,1
rising,17649,17633,17649,16
grooming,17727,17649,17727,78
scratching,17728,17727,17728,1
grooming,17799,17728,17799,71
rearing,17867,17799,17867,68
rising,17920,17867,17920,53
sniffing,17921,17920,17921,1
stepping,17951,17921,17951,30
sniffing,18022,17951,18022,71
walking,18023,18022,18023,1
right_turning,18071,18023,18071,48
sniffing,18092,18071,18092,21
grooming,18202,18092,18202,110
hunching,18246,18202,18246,44
rearing,18353,18246,18353,107
grooming,18558,18353,18558,205
sniffing,18565,18558,18565,7
hunching,18566,18565,18566,1
grooming,18758,18566,18758,192
sniffing,18926,18758,18926,168
walking,19008,18926,19008,82
right_turning,19099,19008,19099,91
rising,19124,19099,19124,25
rearing,19210,19124,19210,86
rising,19251,19210,19251,41
sniffing,19320,19251,19320,69
grooming,19321,19320,19321,1
left_turning,19376,19321,19376,55
stepping,19409,19376,19409,33
left_turning,19470,19409,19470,61
walking,19498,19470,19498,28
left_turning,19533,19498,19533,35
walking,19534,19533,19534,1
stepping,19583,19534,19583,49
rising,19650,19583,19650,67
hunching,19719,19650,19719,69
rising,19742,19719,19742,23
stepping,19743,19742,19743,1
trotting,19744,19743,19744,1
sniffing,19758,19744,19758,14
stepping,19779,19758,19779,21
rising,19817,19779,19817,38
sniffing,19848,19817,19848,31
walking,19906,19848,19906,58
sniffing,19920,19906,19920,14
rising,19929,19920,19929,9
grooming,20124,19929,20124,195
rearing,20156,20124,20156,32
trotting,20157,20156,20157,1
sniffing,20275,20157,20275,118
rising,20345,20275,20345,70
hunching,20375,20345,20375,30
rearing,20438,20375,20438,63
grooming,20611,20438,20611,173
rearing,20617,20611,20617,6
grooming,20620,20617,20620,3
rearing,20621,20620,20621,1
sniffing,20676,20621,20676,55
stepping,20715,20676,20715,39
right_turning,20721,20715,20721,6
rising,20726,20721,20726,5
rearing,20727,20726,20727,1
grooming,20801,20727,20801,74
climbing,20816,20801,20816,15
left_turning,20906,20816,20906,90
stepping,20933,20906,20933,27
walking,20962,20933,20962,29
grooming,21030,20962,21030,68
sniffing,21033,21030,21033,3
rising,21041,21033,21041,8
grooming,21216,21041,21216,175
stepping,21241,21216,21241,25
rising,21279,21241,21279,38
grooming,21415,21279,21415,136
hunching,21445,21415,21445,30
rearing,21562,21445,21562,117
climbing,21607,21562,21607,45
grooming,21765,21607,21765,158
rearing,21997,21765,21997,232
grooming,22096,21997,22096,99
left_turning,22139,22096,22139,43
walking,22144,22139,22144,5
grooming,22211,22144,22211,67
hunching,22219,22211,22219,8
rearing,22220,22219,22220,1
grooming,22221,22220,22221,1
rearing,22265,22221,22265,44
grooming,22365,22265,22365,100
sniffing,22400,22365,22400,35
stepping,22445,22400,22445,45
rearing,22446,22445,22446,1
grooming,22545,22446,22545,99
rearing,22546,22545,22546,1
rising,22550,22546,22550,4
climbing,22632,22550,22632,82
sniffing,22714,22632,22714,82
walking,22790,22714,22790,76
right_turning,22845,22790,22845,55
grooming,22846,22845,22846,1
stepping,22857,22846,22857,11
rising,22869,22857,22869,12
sniffing,22932,22869,22932,63
grooming,23095,22932,23095,163
sniffing,23295,23095,23295,200
stepping,23306,23295,23306,11
sniffing,23307,23306,23307,1
stepping,23356,23307,23356,49
rearing,23361,23356,23361,5
grooming,23362,23361,23362,1
sniffing,23388,23362,23388,26
stepping,23412,23388,23412,24
rising,23415,23412,23415,3
walking,23493,23415,23493,78
stepping,23527,23493,23527,34
rising,23540,23527,23540,13
left_turning,23589,23540,23589,49
sniffing,23596,23589,23596,7
grooming,23601,23596,23601,5
rearing,23649,23601,23649,48
hunching,23657,23649,23657,8
rearing,23708,23657,23708,51
hunching,23724,23708,23724,16
grooming,24001,23724,24001,277
rearing,24002,24001,24002,1
hunching,24081,24002,24081,79
grooming,24144,24081,24144,63
sniffing,24249,24144,24249,105
left_turning,24276,24249,24276,27
sniffing,24358,24276,24358,82
rising,24372,24358,24372,14
stepping,24406,24372,24406,34
rising,24431,24406,24431,25
climbing,24432,24431,24432,1
sniffing,24527,24432,24527,95
stepping,24554,24527,24554,27
walking,24622,24554,24622,68
sniffing,24675,24622,24675,53
grooming,24927,24675,24927,252
rearing,24962,24927,24962,35
climbing,25015,24962,25015,53
walking,25073,25015,25073,58
sniffing,25101,25073,25101,28
stepping,25211,25101,25211,110
grooming,25260,25211,25260,49
sniffing,25294,25260,25294,34
stepping,25352,25294,25352,58
grooming,25583,25352,25583,231
rearing,25605,25583,25605,22
grooming,25606,25605,25606,1
rising,25668,25606,25668,62
rearing,25707,25668,25707,39
grooming,25911,25707,25911,204
rising,25974,25911,25974,63
stepping,26022,25974,26022,48
climbing,26128,26022,26128,106
running,26144,26128,26144,16
stepping,26189,26144,26189,45
walking,26241,26189,26241,52
rising,26245,26241,26245,4
sniffing,26274,26245,26274,29
hunching,26275,26274,26275,1
rising,26294,26275,26294,19
sniffing,26343,26294,26343,49
rearing,26344,26343,26344,1
sniffing,26455,26344,26455,111
stepping,26478,26455,26478,23
grooming,26515,26478,26515,37
walking,26590,26515,26590,75
trotting,26635,26590,26635,45
sniffing,26661,26635,26661,26
grooming,26770,26661,26770,109
climbing,26825,26770,26825,55
left_turning,26836,26825,26836,11
sniffing,26935,26836,26935,99
grooming,27017,26935,27017,82
sniffing,27018,27017,27018,1
stepping,27052,27018,27052,34
trotting,27062,27052,27062,10
sniffing,27153,27062,27153,91
grooming,27154,27153,27154,1
running,27190,27154,27190,36
trotting,27212,27190,27212,22
walking,27335,27212,27335,123
stepping,27400,27335,27400,65
right_turning,27411,27400,27411,11
grooming,27520,27411,27520,109
walking,27547,27520,27547,27
hunching,27558,27547,27558,11
rearing,27614,27558,27614,56
grooming,27705,27614,27705,91
left_turning,27706,27705,27706,1
sniffing,27707,27706,27707,1
walking,27732,27707,27732,25
stepping,27759,27732,27759,27
sniffing,27799,27759,27799,40
walking,27898,27799,27898,99
sniffing,27914,27898,27914,16
grooming,28348,27914,28348,434
sniffing,28446,28348,28446,98
stepping,28466,28446,28466,20
sniffing,28555,28466,28555,89
stepping,28623,28555,28623,68
climbing,28699,28623,28699,76
walking,28700,28699,28700,1
right_turning,28724,28700,28724,24
grooming,28759,28724,28759,35
rearing,28863,28759,28863,104
walking,28867,28863,28867,4
stepping,28890,28867,28890,23
sniffing,28939,28890,28939,49
grooming,29011,28939,29011,72
running,29028,29011,29028,17
sniffing,29140,29028,29140,112
grooming,29141,29140,29141,1
rearing,29142,29141,29142,1
left_turning,29167,29142,29167,25
stepping,29171,29167,29171,4
walking,29201,29171,29201,30
sniffing,29344,29201,29344,143
grooming,29403,29344,29403,59
rearing,29564,29403,29564,161
hunching,29568,29564,29568,4
grooming,29686,29568,29686,118
climbing,29770,29686,29770,84
running,29795,29770,29795,25
trotting,29845,29795,29845,50
stepping,29854,29845,29854,9
right_turning,29923,29854,29923,69
walking,29967,29923,29967,44
running,30005,29967,30005,38
stepping,30019,30005,30019,14
walking,30111,30019,30111,92
rearing,30194,30111,30194,83
walking,30327,30194,30327,133
sniffing,30328,30327,30328,1
walking,30369,30328,30369,41
left_turning,30370,30369,30370,1
scratching,30371,30370,30371,1
grooming,30549,30371,30549,178
hunching,30668,30549,30668,119
grooming,30771,30668,30771,103
sniffing,30779,30771,30779,8
running,30808,30779,30808,29
stepping,30853,30808,30853,45
sniffing,30854,30853,30854,1
stepping,30899,30854,30899,45
sniffing,30935,30899,30935,36
rearing,31046,30935,31046,111
grooming,31337,31046,31337,291
rearing,31351,31337,31351,14
rising,31352,31351,31352,1
trotting,31394,31352,31394,42
stepping,31432,31394,31432,38
sniffing,31544,31432,31544,112
running,31568,31544,31568,24
stepping,31587,31568,31587,19
sniffing,31644,31587,31644,57
stepping,31669,31644,31669,25
rising,31670,31669,31670,1
stepping,31710,31670,31710,40
left_turning,31711,31710,31711,1
running,31724,31711,31724,13
walking,31775,31724,31775,51
sniffing,31882,31775,31882,107
walking,31883,31882,31883,1
sniffing,31992,31883,31992,109
running,32029,31992,32029,37
sniffing,32092,32029,32092,63
walking,32126,32092,32126,34
sniffing,32147,32126,32147,21
rearing,32228,32147,32228,81
grooming,32385,32228,32385,157
rearing,32409,32385,32409,24
hunching,32491,32409,32491,82
grooming,32492,32491,32492,1
walking,32519,32492,32519,27
sniffing,32647,32519,32647,128
walking,32669,32647,32669,22
sniffing,32785,32669,32785,116
grooming,32841,32785,32841,56
rising,32890,32841,32890,49
sniffing,32957,32890,32957,67
stepping,33024,32957,33024,67
sniffing,33085,33024,33085,61
stepping,33086,33085,33086,1
rearing,33142,33086,33142,56
hunching,33143,33142,33143,1
grooming,33186,33143,33186,43
trotting,33223,33186,33223,37
stepping,33251,33223,33251,28
left_turning,33270,33251,33270,19
running,33311,33270,33311,41
sniffing,33361,33311,33361,50
stepping,33374,33361,33374,13
hunching,33395,33374,33395,21
grooming,33396,33395,33396,1
sniffing,33463,33396,33463,67
rising,33503,33463,33503,40
stepping,33529,33503,33529,26
climbing,33562,33529,33562,33
grooming,33617,33562,33617,55
rearing,33646,33617,33646,29
climbing,33686,33646,33686,40
stepping,33738,33686,33738,52
walking,33813,33738,33813,75
grooming,33873,33813,33873,60
left_turning,33882,33873,33882,9
stepping,33902,33882,33902,20
climbing,33929,33902,33929,27
sniffing,34058,33929,34058,129
right_turning,34081,34058,34081,23
sniffing,34082,34081,34082,1
climbing,34119,34082,34119,37
left_turning,34158,34119,34158,39
grooming,34372,34158,34372,214
climbing,34405,34372,34405,33
sniffing,34409,34405,34409,4
stepping,34473,34409,34473,64
walking,34526,34473,34526,53
sniffing,34628,34526,34628,102
stepping,34673,34628,34673,45
sniffing,34723,34673,34723,50
grooming,34725,34723,34725,2
walking,34826,34725,34826,101
grooming,34939,34826,34939,113
running,34980,34939,34980,41
trotting,35018,34980,35018,38
stepping,35054,35018,35054,36
walking,35073,35054,35073,19
rising,35085,35073,35085,12
sniffing,35086,35085,35086,1
grooming,35141,35086,35141,55
left_turning,35176,35141,35176,35
trotting,35197,35176,35197,21
walking,35208,35197,35208,11
stepping,35251,35208,35251,43
walking,35487,35251,35487,236
stepping,35538,35487,35538,51
climbing,35586,35538,35586,48
left_turning,35587,35586,35587,1
trotting,35651,35587,35651,64
sniffing,35652,35651,35652,1
rising,35660,35652,35660,8
rearing,35708,35660,35708,48
sniffing,35709,35708,35709,1
stepping,35712,35709,35712,3
sniffing,35794,35712,35794,82
left_turning,35801,35794,35801,7
walking,35897,35801,35897,96
rearing,35947,35897,35947,50
grooming,35948,35947,35948,1
rearing,35970,35948,35970,22
hunching,36011,35970,36011,41
rearing,36101,36011,36101,90
grooming,36136,36101,36136,35
rearing,36162,36136,36162,26
climbing,36268,36162,36268,106
running,36301,36268,36301,33
walking,36318,36301,36318,17
stepping,36359,36318,36359,41
sniffing,36439,36359,36439,80
walking,36473,36439,36473,34
sniffing,36595,36473,36595,122
stepping,36626,36595,36626,31
trotting,36672,36626,36672,46
stepping,36695,36672,36695,23
rising,36736,36695,36736,41
rearing,36802,36736,36802,66
stepping,36855,36802,36855,53
walking,36903,36855,36903,48
sniffing,37007,36903,37007,104
trotting,37023,37007,37023,16
sniffing,37090,37023,37090,67
grooming,37280,37090,37280,190
hunching,37296,37280,37296,16
rearing,37320,37296,37320,24
stepping,37378,37320,37378,58
sniffing,37438,37378,37438,60
walking,37459,37438,37459,21
rearing,37493,37459,37493,34
hunching,37553,37493,37553,60
grooming,37624,37553,37624,71
walking,37675,37624,37675,51
left_turning,37679,37675,37679,4
sniffing,37709,37679,37709,30
rising,37735,37709,37735,26
climbing,37825,37735,37825,90
right_turning,37846,37825,37846,21
sniffing,37926,37846,37926,80
stepping,37971,37926,37971,45
rising,38051,37971,38051,80
running,38076,38051,38076,25
walking,38146,38076,38146,70
sniffing,38245,38146,38245,99
scratching,38246,38245,38246,1
left_turning,38247,38246,38247,1
hunching,38286,38247,38286,39
left_turning,38346,38286,38346,60
sniffing,38357,38346,38357,11
left_turning,38394,38357,38394,37
sniffing,38433,38394,38433,39
walking,38483,38433,38483,50
sniffing,38486,38483,38486,3
rising,38637,38486,38637,151
sniffing,38638,38637,38638,1
walking,38639,38638,38639,1
stepping,38683,38639,38683,44
trotting,38758,38683,38758,75
sniffing,38952,38758,38952,194
trotting,38953,38952,38953,1
sniffing,38997,38953,38997,44
stepping,39038,38997,39038,41
rising,39051,39038,39051,13
rearing,39128,39051,39128,77
grooming,39201,39128,39201,73
left_turning,39292,39201,39292,91
sniffing,39403,39292,39403,111
rising,39465,39403,39465,62
stepping,39523,39465,39523,58
left_turning,39572,39523,39572,49
grooming,39602,39572,39602,30
scratching,39603,39602,39603,1
trotting,39617,39603,39617,14
sniffing,39742,39617,39742,125
rising,39744,39742,39744,2
sniffing,39771,39744,39771,27
rising,39841,39771,39841,70
stepping,39862,39841,39862,21
grooming,40001,39862,40001,139
walking,40007,40001,40007,6
rising,40009,40007,40009,2
left_turning,40056,40009,40056,47
climbing,40107,40056,40107,51
left_turning,40108,40107,40108,1
grooming,40153,40108,40153,45
stepping,40216,40153,40216,63
walking,40303,40216,40303,87
sniffing,40547,40303,40547,244
rising,40561,40547,40561,14
climbing,40562,40561,40562,1
grooming,40563,40562,40563,1
sniffing,40671,40563,40671,108
climbing,40694,40671,40694,23
sniffing,40744,40694,40744,50
walking,40779,40744,40779,35
sniffing,41031,40779,41031,252
rearing,41032,41031,41032,1
climbing,41078,41032,41078,46
running,41087,41078,41087,9
walking,41134,41087,41134,47
sniffing,41315,41134,41315,181
grooming,41335,41315,41335,20
hunching,41382,41335,41382,47
rearing,41383,41382,41383,1
grooming,41384,41383,41384,1
rising,41425,41384,41425,41
grooming,41426,41425,41426,1
sniffing,41441,41426,41441,15
grooming,41603,41441,41603,162
walking,41661,41603,41661,58
sniffing,41723,41661,41723,62
stepping,41724,41723,41724,1
sniffing,41767,41724,41767,43
climbing,41788,41767,41788,21
rising,41806,41788,41806,18
sniffing,41826,41806,41826,20
rising,41871,41826,41871,45
sniffing,41996,41871,41996,125
stepping,42044,41996,42044,48
walking,42068,42044,42068,24
stepping,42093,42068,42093,25
climbing,42094,42093,42094,1
grooming,42302,42094,42302,208
walking,42358,42302,42358,56
sniffing,42359,42358,42359,1
climbing,42363,42359,42363,4
rearing,42414,42363,42414,51
grooming,42515,42414,42515,101
rising,42581,42515,42581,66
rearing,42641,42581,42641,60
walking,42664,42641,42664,23
sniffing,42730,42664,42730,66
rising,42731,42730,42731,1
grooming,42795,42731,42795,64
rearing,42829,42795,42829,34
sniffing,42897,42829,42897,68
stepping,42963,42897,42963,66
rising,43072,42963,43072,109
left_turning,43134,43072,43134,62
hunching,43201,43134,43201,67
left_turning,43273,43201,43273,72
sniffing,43368,43273,43368,95
rising,43435,43368,43435,67
sniffing,43559,43435,43559,124
grooming,43711,43559,43711,152
rearing,43798,43711,43798,87
climbing,43819,43798,43819,21
grooming,43898,43819,43898,79
sniffing,44041,43898,44041,143
stepping,44072,44041,44072,31
right_turning,44122,44072,44122,50
stepping,44134,44122,44134,12
sniffing,44176,44134,44176,42
rising,44239,44176,44239,63
climbing,44280,44239,44280,41
sniffing,44383,44280,44383,103
stepping,44415,44383,44415,32
sniffing,44591,44415,44591,176
rearing,44683,44591,44683,92
hunching,44709,44683,44709,26
rearing,44717,44709,44717,8
rising,44718,44717,44718,1
climbing,44781,44718,44781,63
grooming,44806,44781,44806,25
rearing,44918,44806,44918,112
grooming,44968,44918,44968,50
rearing,45001,44968,45001,33
hunching,45012,45001,45012,11
left_turning,45058,45012,45058,46
walking,45122,45058,45122,64
sniffing,45176,45122,45176,54
stepping,45208,45176,45208,32
walking,45229,45208,45229,21
stepping,45293,45229,45293,64
sniffing,45398,45293,45398,105
walking,45441,45398,45441,43
stepping,45473,45441,45473,32
sniffing,45627,45473,45627,154
walking,45664,45627,45664,37
rising,45672,45664,45672,8
sniffing,45673,45672,45673,1
rising,45674,45673,45674,1
rearing,45795,45674,45795,121
grooming,45881,45795,45881,86
left_turning,45900,45881,45900,19
walking,45958,45900,45958,58
sniffing,46005,45958,46005,47
walking,46063,46005,46063,58
stepping,46099,46063,46099,36
sniffing,46100,46099,46100,1
right_turning,46112,46100,46112,12
grooming,46336,46112,46336,224
sniffing,46337,46336,46337,1
stepping,46340,46337,46340,3
sniffing,46341,46340,46341,1
running,46382,46341,46382,41
walking,46383,46382,46383,1
sniffing,46489,46383,46489,106
trotting,46515,46489,46515,26
sniffing,46536,46515,46536,21
stepping,46537,46536,46537,1
sniffing,46598,46537,46598,61
stepping,46645,46598,46645,47
grooming,46786,46645,46786,141
stepping,46817,46786,46817,31
walking,46851,46817,46851,34
sniffing,46993,46851,46993,142
walking,47009,46993,47009,16
sniffing,47042,47009,47042,33
stepping,47043,47042,47043,1
walking,47044,47043,47044,1
stepping,47071,47044,47071,27
left_turning,47083,47071,47083,12
stepping,47102,47083,47102,19
sniffing,47293,47102,47293,191
stepping,47330,47293,47330,37
sniffing,47331,47330,47331,1
grooming,47508,47331,47508,177
rising,47509,47508,47509,1
left_turning,47510,47509,47510,1
sniffing,47657,47510,47657,147
climbing,47716,47657,47716,59
sniffing,47768,47716,47768,52
walking,47769,47768,47769,1
sniffing,47804,47769,47804,35
left_turning,47874,47804,47874,70
walking,47875,47874,47875,1
sniffing,47876,47875,47876,1
stepping,47940,47876,47940,64
rising,48031,47940,48031,91
grooming,48035,48031,48035,4
trotting,48062,48035,48062,27
sniffing,48170,48062,48170,108
rearing,48171,48170,48171,1
hunching,48172,48171,48172,1
left_turning,48192,48172,48192,20
grooming,48506,48192,48506,314
climbing,48598,48506,48598,92
grooming,48686,48598,48686,88
right_turning,48696,48686,48696,10
sniffing,48698,48696,48698,2
left_turning,48741,48698,48741,43
walking,48801,48741,48801,60
sniffing,48878,48801,48878,77
trotting,48905,48878,48905,27
walking,49043,48905,49043,138
sniffing,49089,49043,49089,46
rising,49135,49089,49135,46
sniffing,49195,49135,49195,60
stepping,49237,49195,49237,42
sniffing,49263,49237,49263,26
rising,49277,49263,49277,14
sniffing,49298,49277,49298,21
rearing,49418,49298,49418,120
climbing,49514,49418,49514,96
stepping,49545,49514,49545,31
sniffing,49607,49545,49607,62
grooming,49608,49607,49608,1
walking,49723,49608,49723,115
rearing,49739,49723,49739,16
stepping,49748,49739,49748,9
grooming,49773,49748,49773,25
left_turning,49835,49773,49835,62
sniffing,50084,49835,50084,249
stepping,50134,50084,50134,50
rearing,50168,50134,50168,34
climbing,50179,50168,50179,11
stepping,50223,50179,50223,44
sniffing,50298,50223,50298,75
right_turning,50299,50298,50299,1
sniffing,50340,50299,50340,41
trotting,50365,50340,50365,25
sniffing,50659,50365,50659,294
stepping,50731,50659,50731,72
left_turning,50736,50731,50736,5
climbing,50816,50736,50816,80
rearing,50817,50816,50817,1
grooming,51207,50817,51207,390
stepping,51281,51207,51281,74
sniffing,51282,51281,51282,1
scratching,51283,51282,51283,1
rising,51333,51283,51333,50
climbing,51429,51333,51429,96
rising,51472,51429,51472,43
grooming,51568,51472,51568,96
hunching,51616,51568,51616,48
grooming,51733,51616,51733,117
stepping,51734,51733,51734,1
sniffing,51796,51734,51796,62
rising,51821,51796,51821,25
grooming,51835,51821,51835,14
rising,51857,51835,51857,22
rearing,51959,51857,51959,102
climbing,52026,51959,52026,67
sniffing,52103,52026,52103,77
left_turning,52127,52103,52127,24
walking,52172,52127,52172,45
stepping,52292,52172,52292,120
hunching,52352,52292,52352,60
rearing,52400,52352,52400,48
climbing,52401,52400,52401,1
right_turning,52463,52401,52463,62
sniffing,52464,52463,52464,1
stepping,52512,52464,52512,48
walking,52579,52512,52579,67
climbing,52718,52579,52718,139
rearing,52779,52718,52779,61
walking,52807,52779,52807,28
left_turning,52855,52807,52855,48
stepping,52864,52855,52864,9
walking,52865,52864,52865,1
stepping,52867,52865,52867,2
running,52912,52867,52912,45
walking,52959,52912,52959,47
trotting,52971,52959,52971,12
walking,53040,52971,53040,69
stepping,53051,53040,53051,11
right_turning,53073,53051,53073,22
grooming,53074,53073,53074,1
rearing,53104,53074,53104,30
grooming,53123,53104,53123,19
running,53161,53123,53161,38
stepping,53162,53161,53162,1
sniffing,53163,53162,53163,1
rising,53166,53163,53166,3
left_turning,53262,53166,53262,96
sniffing,53316,53262,53316,54
climbing,53415,53316,53415,99
grooming,53416,53415,53416,1
climbing,53449,53416,53449,33
grooming,53546,53449,53546,97
left_turning,53600,53546,53600,54
running,53634,53600,53634,34
walking,53635,53634,53635,1
grooming,54383,53635,54383,748
rearing,54401,54383,54401,18
stepping,54422,54401,54422,21
trotting,54428,54422,54428,6
sniffing,54468,54428,54468,40
stepping,54485,54468,54485,17
sniffing,54486,54485,54486,1
left_turning,54513,54486,54513,27
hunching,54570,54513,54570,57
rearing,54640,54570,54640,70
hunching,54688,54640,54688,48
rearing,54766,54688,54766,78
climbing,54858,54766,54858,92
sniffing,54973,54858,54973,115
left_turning,55010,54973,55010,37
stepping,55028,55010,55028,18
climbing,55160,55028,55160,132
grooming,55305,55160,55305,145
left_turning,55321,55305,55321,16
stepping,55359,55321,55359,38
sniffing,55553,55359,55553,194
stepping,55554,55553,55554,1
sniffing,55555,55554,55555,1
rearing,55568,55555,55568,13
climbing,55610,55568,55610,42
stepping,55667,55610,55667,57
walking,55744,55667,55744,77
running,55765,55744,55765,21
sniffing,55900,55765,55900,135
rising,55952,55900,55952,52
sniffing,55953,55952,55953,1
walking,56015,55953,56015,62
sniffing,56087,56015,56087,72
grooming,56133,56087,56133,46
walking,56134,56133,56134,1
sniffing,56212,56134,56212,78
left_turning,56225,56212,56225,13
running,56259,56225,56259,34
stepping,56286,56259,56286,27
rising,56328,56286,56328,42
trotting,56345,56328,56345,17
stepping,56364,56345,56364,19
sniffing,56439,56364,56439,75
walking,56465,56439,56465,26
right_turning,56487,56465,56487,22
sniffing,56540,56487,56540,53
right_turning,56555,56540,56555,15
sniffing,56633,56555,56633,78
stepping,56674,56633,56674,41
walking,56675,56674,56675,1
sniffing,56701,56675,56701,26
stepping,56702,56701,56702,1
walking,56738,56702,56738,36
stepping,56791,56738,56791,53
running,56823,56791,56823,32
rearing,56907,56823,56907,84
grooming,57127,56907,57127,220
sniffing,57367,57127,57367,240
stepping,57368,57367,57368,1
sniffing,57421,57368,57421,53
grooming,57422,57421,57422,1
left_turning,57507,57422,57507,85
stepping,57526,57507,57526,19
rising,57556,57526,57556,30
rearing,57575,57556,57575,19
grooming,57629,57575,57629,54
rearing,57646,57629,57646,17
left_turning,57710,57646,57710,64
walking,57750,57710,57750,40
rising,57814,57750,57814,64
climbing,57873,57814,57873,59
rearing,57949,57873,57949,76
climbing,58056,57949,58056,107
rearing,58193,58056,58193,137
climbing,58226,58193,58226,33
grooming,58227,58226,58227,1
rearing,58331,58227,58331,104
grooming,58727,58331,58727,396
left_turning,58774,58727,58774,47
trotting,58797,58774,58797,23
walking,58849,58797,58849,52
sniffing,58881,58849,58881,32
stepping,58942,58881,58942,61
climbing,58967,58942,58967,25
left_turning,59017,58967,59017,50
stepping,59025,59017,59025,8
grooming,59026,59025,59026,1
sniffing,59050,59026,59050,24
stepping,59106,59050,59106,56
sniffing,59247,59106,59247,141
stepping,59284,59247,59284,37
sniffing,59385,59284,59385,101
walking,59460,59385,59460,75
sniffing,59562,59460,59562,102
walking,59636,59562,59636,74
sniffing,59831,59636,59831,195
stepping,59887,59831,59887,56
grooming,59948,59887,59948,61
running,59962,59948,59962,14
grooming,59999,59962,59999,37
walking,60046,59999,60046,47
sniffing,60094,60046,60094,48
stepping,60132,60094,60132,38
sniffing,60207,60132,60207,75
stepping,60208,60207,60208,1
sniffing,60261,60208,60261,53
left_turning,60276,60261,60276,15
walking,60323,60276,60323,47
sniffing,60324,60323,60324,1
trotting,60355,60324,60355,31
right_turning,60360,60355,60360,5
sniffing,60361,60360,60361,1
walking,60379,60361,60379,18
sniffing,60406,60379,60406,27
left_turning,60407,60406,60407,1
stepping,60488,60407,60488,81
rearing,60503,60488,60503,15
walking,60504,60503,60504,1
sniffing,60574,60504,60574,70
trotting,60633,60574,60633,59
climbing,60811,60633,60811,178
rising,60903,60811,60903,92
grooming,61019,60903,61019,116
left_turning,61020,61019,61020,1
walking,61122,61020,61122,102
running,61162,61122,61162,40
sniffing,61199,61162,61199,37
stepping,61229,61199,61229,30
sniffing,61327,61229,61327,98
grooming,61424,61327,61424,97
sniffing,61482,61424,61482,58
stepping,61518,61482,61518,36
rearing,61549,61518,61549,31
hunching,61610,61549,61610,61
grooming,61611,61610,61611,1
scratching,61612,61611,61612,1
sniffing,61630,61612,61630,18
grooming,61631,61630,61631,1
rearing,61645,61631,61645,14
sniffing,61897,61645,61897,252
walking,61898,61897,61898,1
trotting,61922,61898,61922,24
climbing,62001,61922,62001,79
walking,62062,62001,62062,61
sniffing,62067,62062,62067,5
walking,62112,62067,62112,45
stepping,62165,62112,62165,53
sniffing,62166,62165,62166,1
stepping,62209,62166,62209,43
sniffing,62226,62209,62226,17
grooming,62257,62226,62257,31
sniffing,62737,62257,62737,480
climbing,62893,62737,62893,156
walking,62938,62893,62938,45
climbing,63074,62938,63074,136
rising,63100,63074,63100,26
grooming,63132,63100,63132,32
sniffing,63278,63132,63278,146
rising,63294,63278,63294,16
sniffing,63424,63294,63424,130
rearing,63490,63424,63490,66
sniffing,63662,63490,63662,172
rising,63689,63662,63689,27
trotting,63734,63689,63734,45
sniffing,63810,63734,63810,76
left_turning,63850,63810,63850,40
sniffing,63982,63850,63982,132
left_turning,64004,63982,64004,22
running,64047,64004,64047,43
walking,64136,64047,64136,89
rising,64164,64136,64164,28
sniffing,64242,64164,64242,78
rearing,64309,64242,64309,67
climbing,64375,64309,64375,66
sniffing,64421,64375,64421,46
rising,64497,64421,64497,76
rearing,64576,64497,64576,79
rising,64609,64576,64609,33
rearing,64610,64609,64610,1
rising,64624,64610,64624,14
grooming,64736,64624,64736,112
rearing,64817,64736,64817,81
grooming,64818,64817,64818,1
stepping,64891,64818,64891,73
climbing,64974,64891,64974,83
rising,64975,64974,64975,1
sniffing,64976,64975,64976,1
walking,65019,64976,65019,43
stepping,65029,65019,65029,10
walking,65048,65029,65048,19
sniffing,65049,65048,65049,1
rising,65100,65049,65100,51
sniffing,65308,65100,65308,208
rising,65337,65308,65337,29
climbing,65434,65337,65434,97
right_turning,65435,65434,65435,1
stepping,65492,65435,65492,57
sniffing,65551,65492,65551,59
left_turning,65608,65551,65608,57
right_turning,65639,65608,65639,31
rising,65640,65639,65640,1
rearing,65641,65640,65641,1
grooming,65872,65641,65872,231
walking,65907,65872,65907,35
stepping,65908,65907,65908,1
scratching,65909,65908,65909,1
walking,65982,65909,65982,73
sniffing,66048,65982,66048,66
rising,66097,66048,66097,49
grooming,66102,66097,66102,5
left_turning,66137,66102,66137,35
trotting,66173,66137,66173,36
walking,66202,66173,66202,29
rising,66206,66202,66206,4
right_turning,66248,66206,66248,42
walking,66249,66248,66249,1
trotting,66296,66249,66296,47
walking,66350,66296,66350,54
sniffing,66351,66350,66351,1
stepping,66375,66351,66375,24
sniffing,66457,66375,66457,82
walking,66538,66457,66538,81
stepping,66565,66538,66565,27
climbing,66577,66565,66577,12
rising,66647,66577,66647,70
grooming,67004,66647,67004,357
left_turning,67039,67004,67039,35
sniffing,67053,67039,67053,14
walking,67122,67053,67122,69
running,67155,67122,67155,33
rising,67187,67155,67187,32
climbing,67230,67187,67230,43
stepping,67240,67230,67240,10
grooming,67581,67240,67581,341
rising,67632,67581,67632,51
sniffing,67691,67632,67691,59
scratching,67692,67691,67692,1
right_turning,67764,67692,67764,72
sniffing,67878,67764,67878,114
right_turning,67912,67878,67912,34
stepping,67968,67912,67968,56
walking,68031,67968,68031,63
stepping,68076,68031,68076,45
sniffing,68162,68076,68162,86
walking,68163,68162,68163,1
rising,68164,68163,68164,1
grooming,68255,68164,68255,91
rearing,68329,68255,68329,74
grooming,68428,68329,68428,99
rising,68510,68428,68510,82
grooming,68727,68510,68727,217
right_turning,68767,68727,68767,40
walking,68790,68767,68790,23
sniffing,68936,68790,68936,146
walking,68971,68936,68971,35
stepping,68993,68971,68993,22
walking,69060,68993,69060,67
sniffing,69117,69060,69117,57
rising,69160,69117,69160,43
grooming,69161,69160,69161,1
left_turning,69209,69161,69209,48
sniffing,69260,69209,69260,51
stepping,69308,69260,69308,48
rearing,69342,69308,69342,34
rising,69405,69342,69405,63
grooming,69406,69405,69406,1
sniffing,69502,69406,69502,96
walking,69517,69502,69517,15
running,69518,69517,69518,1
walking,69549,69518,69549,31
stepping,69559,69549,69559,10
trotting,69621,69559,69621,62
stepping,69700,69621,69700,79
right_turning,69701,69700,69701,1
rising,69740,69701,69740,39
sniffing,69755,69740,69755,15
walking,69790,69755,69790,35
stepping,69815,69790,69815,25
sniffing,69910,69815,69910,95
right_turning,69953,69910,69953,43
stepping,69973,69953,69973,20
climbing,70040,69973,70040,67
stepping,70091,70040,70091,51
climbing,70142,70091,70142,51
left_turning,70150,70142,70150,8
walking,70154,70150,70154,4
stepping,70172,70154,70172,18
grooming,70564,70172,70564,392
scratching,70565,70564,70565,1
sniffing,70610,70565,70610,45
hunching,70632,70610,70632,22
grooming,70733,70632,70733,101
left_turning,70779,70733,70779,46
sniffing,70780,70779,70780,1
stepping,70848,70780,70848,68
walking,70924,70848,70924,76
stepping,70928,70924,70928,4
rising,70971,70928,70971,43
sniffing,71014,70971,71014,43
rearing,71015,71014,71015,1
climbing,71016,71015,71016,1
sniffing,71065,71016,71065,49
walking,71111,71065,71111,46
rearing,71155,71111,71155,44
sniffing,71217,71155,71217,62
rising,71251,71217,71251,34
grooming,71252,71251,71252,1
walking,71348,71252,71348,96
trotting,71373,71348,71373,25
sniffing,71374,71373,71374,1
walking,71394,71374,71394,20
sniffing,71404,71394,71404,10
rising,71431,71404,71431,27
rearing,71432,71431,71432,1
rising,71462,71432,71462,30
sniffing,71571,71462,71571,109
walking,71627,71571,71627,56
sniffing,71653,71627,71653,26
left_turning,71679,71653,71679,26
stepping,71720,71679,71720,41
sniffing,71721,71720,71721,1
grooming,71722,71721,71722,1
sniffing,71801,71722,71801,79
stepping,71861,71801,71861,60
climbing,71877,71861,71877,16
grooming,72009,71877,72009,132
sniffing,72010,72009,72010,1
rising,72014,72010,72014,4
rearing,72024,72014,72024,10
grooming,72221,72024,72221,197
right_turning,72252,72221,72252,31
stepping,72288,72252,72288,36
grooming,72289,72288,72289,1
stepping,72338,72289,72338,49
right_turning,72373,72338,72373,35
sniffing,72496,72373,72496,123
right_turning,72529,72496,72529,33
sniffing,72665,72529,72665,136
walking,72720,72665,72720,55
sniffing,72802,72720,72802,82
walking,72850,72802,72850,48
sniffing,72876,72850,72876,26
grooming,72951,72876,72951,75
walking,72986,72951,72986,35
right_turning,73021,72986,73021,35
walking,73026,73021,73026,5
trotting,73101,73026,73101,75
stepping,73130,73101,73130,29
rising,73154,73130,73154,24
hunching,73201,73154,73201,47
sniffing,73232,73201,73232,31
walking,73251,73232,73251,19
sniffing,73464,73251,73464,213
scratching,73465,73464,73465,1
stepping,73466,73465,73466,1
walking,73536,73466,73536,70
sniffing,73576,73536,73576,40
grooming,73860,73576,73860,284
sniffing,73956,73860,73956,96
stepping,73975,73956,73975,19
sniffing,74023,73975,74023,48
running,74055,74023,74055,32
walking,74056,74055,74056,1
trotting,74084,74056,74084,28
running,74125,74084,74125,41
walking,74145,74125,74145,20
sniffing,74226,74145,74226,81
stepping,74237,74226,74237,11
rising,74306,74237,74306,69
sniffing,74366,74306,74366,60
rising,74436,74366,74436,70
sniffing,74441,74436,74441,5
rearing,74469,74441,74469,28
climbing,74499,74469,74499,30
grooming,74595,74499,74595,96
sniffing,74614,74595,74614,19
hunching,74615,74614,74615,1
rearing,74680,74615,74680,65
grooming,74681,74680,74681,1
rearing,74682,74681,74682,1
rising,74684,74682,74684,2
sniffing,74864,74684,74864,180
walking,74865,74864,74865,1
trotting,74888,74865,74888,23
sniffing,74969,74888,74969,81
stepping,74979,74969,74979,10
rising,74980,74979,74980,1
rearing,75040,74980,75040,60
rising,75041,75040,75041,1
sniffing,75042,75041,75042,1
walking,75061,75042,75061,19
stepping,75087,75061,75087,26
rearing,75121,75087,75121,34
grooming,75260,75121,75260,139
rearing,75291,75260,75291,31
grooming,75373,75291,75373,82
hunching,75390,75373,75390,17
grooming,75475,75390,75475,85
scratching,75476,75475,75476,1
walking,75563,75476,75563,87
sniffing,75593,75563,75593,30
rising,75594,75593,75594,1
grooming,76025,75594,76025,431
rearing,76026,76025,76026,1
climbing,76072,76026,76072,46
hunching,76138,76072,76138,66
rearing,76156,76138,76156,18
climbing,76252,76156,76252,96
left_turning,76253,76252,76253,1
walking,76312,76253,76312,59
stepping,76385,76312,76385,73
right_turning,76420,76385,76420,35
walking,76508,76420,76508,88
climbing,76525,76508,76525,17
left_turning,76563,76525,76563,38
stepping,76584,76563,76584,21
sniffing,76637,76584,76637,53
hunching,76638,76637,76638,1
rising,76698,76638,76698,60
grooming,76899,76698,76899,201
sniffing,77009,76899,77009,110
walking,77037,77009,77037,28
right_turning,77059,77037,77059,22
stepping,77123,77059,77123,64
grooming,77232,77123,77232,109
rearing,77373,77232,77373,141
grooming,77581,77373,77581,208
rearing,77668,77581,77668,87
rising,77714,77668,77714,46
climbing,77735,77714,77735,21
rising,77771,77735,77771,36
walking,77772,77771,77772,1
trotting,77797,77772,77797,25
stepping,77836,77797,77836,39
walking,77840,77836,77840,4
sniffing,77877,77840,77877,37
rising,77940,77877,77940,63
grooming,77941,77940,77941,1
rearing,77971,77941,77971,30
hunching,78014,77971,78014,43
grooming,78210,78014,78210,196
left_turning,78236,78210,78236,26
sniffing,78279,78236,78279,43
rising,78323,78279,78323,44
rearing,78347,78323,78347,24
rising,78348,78347,78348,1
climbing,78349,78348,78349,1
grooming,78350,78349,78350,1
climbing,78383,78350,78383,33
sniffing,78384,78383,78384,1
grooming,78569,78384,78569,185
rearing,78570,78569,78570,1
grooming,78600,78570,78600,30
rearing,78605,78600,78605,5
hunching,78642,78605,78642,37
grooming,78742,78642,78742,100
sniffing,78793,78742,78793,51
walking,78818,78793,78818,25
sniffing,78963,78818,78963,145
right_turning,78969,78963,78969,6
walking,78970,78969,78970,1
rearing,78998,78970,78998,28
rising,78999,78998,78999,1
grooming,79000,78999,79000,1
sniffing,79324,79000,79324,324
walking,79335,79324,79335,11
rising,79393,79335,79393,58
rearing,79396,79393,79396,3
grooming,79397,79396,79397,1
sniffing,79398,79397,79398,1
rising,79427,79398,79427,29
grooming,79633,79427,79633,206
rearing,79635,79633,79635,2
stepping,79700,79635,79700,65
climbing,79788,79700,79788,88
sniffing,79838,79788,79838,50
rising,79899,79838,79899,61
climbing,79934,79899,79934,35
trotting,79984,79934,79984,50
walking,79985,79984,79985,1
sniffing,79986,79985,79986,1
stepping,80008,79986,80008,22
sniffing,80009,80008,80009,1
walking,80095,80009,80095,86
running,80131,80095,80131,36
trotting,80151,80131,80151,20
running,80172,80151,80172,21
stepping,80201,80172,80201,29
sniffing,80482,80201,80482,281
stepping,80535,80482,80535,53
sniffing,80536,80535,80536,1
climbing,80537,80536,80537,1
trotting,80581,80537,80581,44
grooming,80582,80581,80582,1
sniffing,80862,80582,80862,280
right_turning,80921,80862,80921,59
sniffing,81072,80921,81072,151
stepping,81120,81072,81120,48
rearing,81180,81120,81180,60
climbing,81181,81180,81181,1
sniffing,81220,81181,81220,39
stepping,81267,81220,81267,47
rising,81396,81267,81396,129
grooming,81481,81396,81481,85
climbing,81487,81481,81487,6
sniffing,81737,81487,81737,250
rising,81791,81737,81791,54
grooming,81792,81791,81792,1
right_turning,81820,81792,81820,28
walking,81885,81820,81885,65
right_turning,81886,81885,81886,1
sniffing,81950,81886,81950,64
grooming,81951,81950,81951,1
climbing,82031,81951,82031,80
sniffing,82167,82031,82167,136
rearing,82183,82167,82183,16
stepping,82208,82183,82208,25
sniffing,82225,82208,82225,17
walking,82244,82225,82244,19
sniffing,82361,82244,82361,117
stepping,82405,82361,82405,44
sniffing,82460,82405,82460,55
rearing,82461,82460,82461,1
rising,82513,82461,82513,52
climbing,82566,82513,82566,53
sniffing,82595,82566,82595,29
trotting,82627,82595,82627,32
rearing,82664,82627,82664,37
sniffing,82691,82664,82691,27
stepping,82725,82691,82725,34
sniffing,82726,82725,82726,1
stepping,82780,82726,82780,54
grooming,83185,82780,83185,405
rearing,83310,83185,83310,125
left_turning,83358,83310,83358,48
stepping,83396,83358,83396,38
sniffing,83515,83396,83515,119
grooming,84121,83515,84121,606
rising,84122,84121,84122,1
sniffing,84281,84122,84281,159
rising,84288,84281,84288,7
rearing,84289,84288,84289,1
walking,84343,84289,84343,54
running,84373,84343,84373,30
stepping,84440,84373,84440,67
rising,84441,84440,84441,1
climbing,84488,84441,84488,47
trotting,84493,84488,84493,5
stepping,84547,84493,84547,54
sniffing,84635,84547,84635,88
scratching,84636,84635,84636,1
sniffing,84700,84636,84700,64
stepping,84747,84700,84747,47
sniffing,84862,84747,84862,115
walking,84863,84862,84863,1
sniffing,84954,84863,84954,91
walking,84990,84954,84990,36
stepping,85042,84990,85042,52
grooming,85233,85042,85233,191
sniffing,85234,85233,85234,1
grooming,85289,85234,85289,55
rising,85427,85289,85427,138
climbing,85517,85427,85517,90
left_turning,85518,85517,85518,1
sniffing,85658,85518,85658,140
left_turning,85677,85658,85677,19
rising,85678,85677,85678,1
rearing,85772,85678,85772,94
stepping,85790,85772,85790,18
rising,85868,85790,85868,78
grooming,85869,85868,85869,1
rearing,85881,85869,85881,12
grooming,86031,85881,86031,150
sniffing,86148,86031,86148,117
stepping,86209,86148,86209,61
sniffing,86214,86209,86214,5
stepping,86273,86214,86273,59
rearing,86313,86273,86313,40
rising,86377,86313,86377,64
walking,86456,86377,86456,79
sniffing,86541,86456,86541,85
walking,86542,86541,86542,1
sniffing,86752,86542,86752,210
stepping,86817,86752,86817,65
walking,86884,86817,86884,67
climbing,86927,86884,86927,43
left_turning,86968,86927,86968,41
stepping,87002,86968,87002,34
sniffing,87134,87002,87134,132
left_turning,87158,87134,87158,24
walking,87189,87158,87189,31
trotting,87220,87189,87220,31
walking,87308,87220,87308,88
rising,87417,87308,87417,109
grooming,87427,87417,87427,10
rearing,87473,87427,87473,46
stepping,87527,87473,87527,54
sniffing,87529,87527,87529,2
grooming,87787,87529,87787,258
climbing,87788,87787,87788,1
walking,87824,87788,87824,36
stepping,87875,87824,87875,51
walking,87914,87875,87914,39
stepping,87926,87914,87926,12
sniffing,87927,87926,87927,1
walking,87928,87927,87928,1
stepping,87954,87928,87954,26
sniffing,87955,87954,87955,1
walking,87996,87955,87996,41
sniffing,88125,87996,88125,129
stepping,88188,88125,88188,63
sniffing,88189,88188,88189,1
grooming,88190,88189,88190,1
walking,88309,88190,88309,119
stepping,88342,88309,88342,33
sniffing,88418,88342,88418,76
stepping,88447,88418,88447,29
grooming,88448,88447,88448,1
walking,88503,88448,88503,55
rising,88571,88503,88571,68
climbing,88687,88571,88687,116
walking,88762,88687,88762,75
rearing,88834,88762,88834,72
grooming,88969,88834,88969,135
walking,88985,88969,88985,16
sniffing,89198,88985,89198,213
walking,89199,89198,89199,1
sniffing,89295,89199,89295,96
walking,89328,89295,89328,33
sniffing,89338,89328,89338,10
grooming,89339,89338,89339,1
rearing,89340,89339,89340,1
walking,89362,89340,89362,22
rearing,89379,89362,89379,17
walking,89446,89379,89446,67
sniffing,89447,89446,89447,1
walking,89518,89447,89518,71
rearing,89561,89518,89561,43
grooming,89822,89561,89822,261
walking,89914,89822,89914,92
rising,89957,89914,89957,43
rearing,90051,89957,90051,94
climbing,90081,90051,90081,30
rearing,90103,90081,90103,22
climbing,90149,90103,90149,46
left_turning,90154,90149,90154,5
rearing,90185,90154,90185,31
walking,90269,90185,90269,84
grooming,90510,90269,90510,241
rearing,90645,90510,90645,135
walking,90704,90645,90704,59
sniffing,90705,90704,90705,1
rising,90717,90705,90717,12
climbing,90752,90717,90752,35
rearing,90857,90752,90857,105
climbing,90946,90857,90946,89
walking,90987,90946,90987,41
trotting,90993,90987,90993,6
sniffing,91093,90993,91093,100
trotting,91095,91093,91095,2
stepping,91142,91095,91142,47
rising,91143,91142,91143,1
walking,91177,91143,91177,34
stepping,91246,91177,91246,69
rearing,91323,91246,91323,77
sniffing,91430,91323,91430,107
left_turning,91516,91430,91516,86
trotting,91517,91516,91517,1
stepping,91540,91517,91540,23
grooming,91852,91540,91852,312
walking,91899,91852,91899,47
stepping,91900,91899,91900,1
walking,91942,91900,91942,42
sniffing,92092,91942,92092,150
stepping,92131,92092,92131,39
sniffing,92248,92131,92248,117
rising,92253,92248,92253,5
climbing,92342,92253,92342,89
left_turning,92369,92342,92369,27
walking,92391,92369,92391,22
sniffing,92425,92391,92425,34
stepping,92466,92425,92466,41
left_turning,92504,92466,92504,38
sniffing,92545,92504,92545,41
right_turning,92564,92545,92564,19
walking,92570,92564,92570,6
sniffing,92744,92570,92744,174
walking,92849,92744,92849,105
sniffing,92850,92849,92850,1
left_turning,92920,92850,92920,70
sniffing,93187,92920,93187,267
rising,93188,93187,93188,1
rearing,93255,93188,93255,67
grooming,93256,93255,93256,1
sniffing,93353,93256,93353,97
left_turning,93394,93353,93394,41
sniffing,93440,93394,93440,46
rising,93441,93440,93441,1
climbing,93463,93441,93463,22
rising,93496,93463,93496,33
right_turning,93556,93496,93556,60
sniffing,93568,93556,93568,12
stepping,93583,93568,93583,15
rising,93649,93583,93649,66
climbing,93722,93649,93722,73
left_turning,93773,93722,93773,51
sniffing,93825,93773,93825,52
stepping,93874,93825,93874,49
walking,93907,93874,93907,33
stepping,93948,93907,93948,41
sniffing,93949,93948,93949,1
walking,93959,93949,93959,10
sniffing,94004,93959,94004,45
walking,94065,94004,94065,61
stepping,94106,94065,94106,41
walking,94131,94106,94131,25
sniffing,94243,94131,94243,112
stepping,94264,94243,94264,21
walking,94288,94264,94288,24
sniffing,94289,94288,94289,1
grooming,94661,94289,94661,372
climbing,94741,94661,94741,80
left_turning,94775,94741,94775,34
sniffing,94857,94775,94857,82
walking,94921,94857,94921,64
sniffing,94949,94921,94949,28
trotting,95005,94949,95005,56
stepping,95053,95005,95053,48
sniffing,95054,95053,95054,1
walking,95107,95054,95107,53
rising,95108,95107,95108,1
sniffing,95109,95108,95109,1
walking,95179,95109,95179,70
stepping,95260,95179,95260,81
climbing,95359,95260,95359,99
grooming,95610,95359,95610,251
trotting,95665,95610,95665,55
stepping,95727,95665,95727,62
sniffing,95728,95727,95728,1
grooming,95991,95728,95991,263
scratching,95992,95991,95992,1
right_turning,96010,95992,96010,18
stepping,96028,96010,96028,18
rearing,96107,96028,96107,79
grooming,96125,96107,96125,18
right_turning,96142,96125,96142,17
walking,96179,96142,96179,37
sniffing,96250,96179,96250,71
grooming,96251,96250,96251,1
sniffing,96252,96251,96252,1
rising,96330,96252,96330,78
rearing,96331,96330,96331,1
grooming,96332,96331,96332,1
walking,96404,96332,96404,72
climbing,96437,96404,96437,33
grooming,96592,96437,96592,155
climbing,96694,96592,96694,102
left_turning,96730,96694,96730,36
walking,96734,96730,96734,4
stepping,96773,96734,96773,39
walking,96815,96773,96815,42
rising,96883,96815,96883,68
left_turning,96905,96883,96905,22
sniffing,96972,96905,96972,67
grooming,97034,96972,97034,62
stepping,97093,97034,97093,59
left_turning,97094,97093,97094,1
hunching,97162,97094,97162,68
stepping,97214,97162,97214,52
walking,97275,97214,97275,61
sniffing,97368,97275,97368,93
grooming,97515,97368,97515,147
walking,97613,97515,97613,98
sniffing,97752,97613,97752,139
walking,97753,97752,97753,1
grooming,97951,97753,97951,198
rising,97965,97951,97965,14
left_turning,98001,97965,98001,36
sniffing,98027,98001,98027,26
stepping,98028,98027,98028,1
sniffing,98190,98028,98190,162
rising,98220,98190,98220,30
grooming,98329,98220,98329,109
rearing,98330,98329,98330,1
sniffing,98331,98330,98331,1
left_turning,98422,98331,98422,91
stepping,98469,98422,98469,47
sniffing,98496,98469,98496,27
walking,98523,98496,98523,27
sniffing,98524,98523,98524,1
stepping,98585,98524,98585,61
sniffing,98643,98585,98643,58
left_turning,98701,98643,98701,58
walking,98746,98701,98746,45
sniffing,98760,98746,98760,14
stepping,98826,98760,98826,66
sniffing,98827,98826,98827,1
grooming,98964,98827,98964,137
rearing,99013,98964,99013,49
grooming,99487,99013,99487,474
scratching,99488,99487,99488,1
sniffing,99658,99488,99658,170
rising,99689,99658,99689,31
climbing,99690,99689,99690,1
walking,99722,99690,99722,32
sniffing,99751,99722,99751,29
right_turning,99771,99751,99771,20
stepping,99772,99771,99772,1
left_turning,99796,99772,99796,24
grooming,99797,99796,99797,1
rearing,99847,99797,99847,50
left_turning,99924,99847,99924,77
sniffing,100052,99924,100052,128
stepping,100088,100052,100088,36
walking,100134,100088,100134,46
sniffing,100182,100134,100182,48
stepping,100183,100182,100183,1
climbing,100405,100183,100405,222
running,100418,100405,100418,13
left_turning,100419,100418,100419,1
sniffing,100600,100419,100600,181
stepping,100692,100600,100692,92
sniffing,100989,100692,100989,297
rising,101052,100989,101052,63
left_turning,101067,101052,101067,15
sniffing,101147,101067,101147,80
grooming,101148,101147,101148,1
rearing,101232,101148,101232,84
sniffing,101322,101232,101322,90
hunching,101383,101322,101383,61
climbing,101384,101383,101384,1
rising,101494,101384,101494,110
sniffing,101598,101494,101598,104
walking,101627,101598,101627,29
stepping,101659,101627,101659,32
walking,101736,101659,101736,77
stepping,101783,101736,101783,47
sniffing,101883,101783,101883,100
grooming,101884,101883,101884,1
scratching,101885,101884,101885,1
grooming,101932,101885,101932,47
hunching,102061,101932,102061,129
grooming,102062,102061,102062,1
walking,102148,102062,102148,86
stepping,102187,102148,102187,39
walking,102189,102187,102189,2
climbing,102288,102189,102288,99
sniffing,102461,102288,102461,173
trotting,102487,102461,102487,26
right_turning,102496,102487,102496,9
walking,102552,102496,102552,56
sniffing,102553,102552,102553,1
walking,102589,102553,102589,36
sniffing,102597,102589,102597,8
grooming,103019,102597,103019,422
running,103064,103019,103064,45
stepping,103111,103064,103111,47
sniffing,103112,103111,103112,1
rising,103113,103112,103113,1
grooming,103174,103113,103174,61
right_turning,103240,103174,103240,66
walking,103260,103240,103260,20
sniffing,103314,103260,103314,54
stepping,103384,103314,103384,70
rising,103469,103384,103469,85
climbing,103500,103469,103500,31
scratching,103501,103500,103501,1
grooming,103773,103501,103773,272
rearing,103871,103773,103871,98
rising,103938,103871,103938,67
rearing,103962,103938,103962,24
grooming,104032,103962,104032,70
stepping,104084,104032,104084,52
climbing,104232,104084,104232,148
rearing,104334,104232,104334,102
sniffing,104387,104334,104387,53
rearing,104524,104387,104524,137
grooming,104616,104524,104616,92
rearing,104633,104616,104633,17
grooming,104792,104633,104792,159
hunching,104827,104792,104827,35
grooming,104853,104827,104853,26
hunching,104854,104853,104854,1
left_turning,104873,104854,104873,19
running,104935,104873,104935,62
trotting,104979,104935,104979,44
sniffing,105060,104979,105060,81
stepping,105061,105060,105061,1
rearing,105116,105061,105116,55
hunching,105192,105116,105192,76
rearing,105213,105192,105213,21
grooming,106065,105213,106065,852
rising,106066,106065,106066,1
stepping,106119,106066,106119,53
rearing,106141,106119,106141,22
left_turning,106158,106141,106158,17
walking,106184,106158,106184,26
rising,106220,106184,106220,36
grooming,106221,106220,106221,1
trotting,106255,106221,106255,34
walking,106256,106255,106256,1
stepping,106274,106256,106274,18
sniffing,106395,106274,106395,121
stepping,106424,106395,106424,29
sniffing,106425,106424,106425,1
walking,106478,106425,106478,53
sniffing,106538,106478,106538,60
grooming,106539,106538,106539,1
hunching,106603,106539,106603,64
rearing,106615,106603,106615,12
rising,106639,106615,106639,24
climbing,106833,106639,106833,194
rearing,106972,106833,106972,139
grooming,107081,106972,107081,109
walking,107082,107081,107082,1
sniffing,107268,107082,107268,186
stepping,107336,107268,107336,68
sniffing,107337,107336,107337,1
walking,107344,107337,107344,7
grooming,107467,107344,107467,123
left_turning,107545,107467,107545,78
grooming,107546,107545,107546,1
sniffing,107621,107546,107621,75
grooming,107790,107621,107790,169
scratching,107791,107790,107791,1
grooming,107811,107791,107811,20
rising,107812,107811,107812,1
climbing,107926,107812,107926,114
right_turning,107931,107926,107931,5
stepping,107970,107931,107970,39
walking,108000,107970,108000,30
