revised_movement_label,segBoundary,segBoundary_start,segBoundary_end,length
rising,82,0,82,82
left_turning,100,82,100,18
stepping,155,100,155,55
rising,173,155,173,18
left_turning,177,173,177,4
walking,265,177,265,88
rising,274,265,274,9
running,281,274,281,7
trotting,309,281,309,28
running,320,309,320,11
walking,321,320,321,1
sniffing,336,321,336,15
rising,340,336,340,4
rearing,357,340,357,17
sniffing,541,357,541,184
rising,626,541,626,85
climbing,645,626,645,19
sniffing,664,645,664,19
walking,672,664,672,8
trotting,696,672,696,24
running,704,696,704,8
rising,707,704,707,3
climbing,754,707,754,47
rearing,755,754,755,1
grooming,850,755,850,95
trotting,877,850,877,27
stepping,904,877,904,27
walking,905,904,905,1
stepping,969,905,969,64
walking,970,969,970,1
running,976,970,976,6
trotting,991,976,991,15
running,1031,991,1031,40
stepping,1084,1031,1084,53
rising,1085,1084,1085,1
grooming,1277,1085,1277,192
rising,1278,1277,1278,1
grooming,1279,1278,1279,1
left_turning,1338,1279,1338,59
trotting,1339,1338,1339,1
running,1355,1339,1355,16
walking,1435,1355,1435,80
stepping,1451,1435,1451,16
running,1500,1451,1500,49
walking,1525,1500,1525,25
sniffing,1551,1525,1551,26
walking,1552,1551,1552,1
sniffing,1669,1552,1669,117
walking,1707,1669,1707,38
sniffing,1723,1707,1723,16
stepping,1741,1723,1741,18
left_turning,1760,1741,1760,19
running,1799,1760,1799,39
stepping,1887,1799,1887,88
sniffing,1956,1887,1956,69
walking,1961,1956,1961,5
sniffing,2001,1961,2001,40
stepping,2021,2001,2021,20
grooming,2109,2021,2109,88
running,2116,2109,2116,7
walking,2185,2116,2185,69
stepping,2257,2185,2257,72
sniffing,2284,2257,2284,27
walking,2348,2284,2348,64
sniffing,2441,2348,2441,93
stepping,2523,2441,2523,82
walking,2647,2523,2647,124
stepping,2648,2647,2648,1
grooming,2665,2648,2665,17
walking,2683,2665,2683,18
running,2712,2683,2712,29
trotting,2751,2712,2751,39
running,2770,2751,2770,19
sniffing,2803,2770,2803,33
rising,2804,2803,2804,1
left_turning,2836,2804,2836,32
sniffing,2985,2836,2985,149
grooming,3026,2985,3026,41
sniffing,3222,3026,3222,196
walking,3281,3222,3281,59
sniffing,3295,3281,3295,14
grooming,3363,3295,3363,68
trotting,3364,3363,3364,1
walking,3387,3364,3387,23
rising,3414,3387,3414,27
grooming,3554,3414,3554,140
rearing,3555,3554,3555,1
grooming,3662,3555,3662,107
rearing,3683,3662,3683,21
rising,3684,3683,3684,1
sniffing,3711,3684,3711,27
rising,3748,3711,3748,37
hunching,3804,3748,3804,56
stepping,3882,3804,3882,78
sniffing,3962,3882,3962,80
stepping,3983,3962,3983,21
rearing,4010,3983,4010,27
sniffing,4033,4010,4033,23
stepping,4082,4033,4082,49
walking,4125,4082,4125,43
trotting,4166,4125,4166,41
rising,4167,4166,4167,1
sniffing,4251,4167,4251,84
right_turning,4264,4251,4264,13
rising,4265,4264,4265,1
climbing,4324,4265,4324,59
walking,4380,4324,4380,56
sniffing,4461,4380,4461,81
rising,4479,4461,4479,18
left_turning,4480,4479,4480,1
sniffing,4509,4480,4509,29
walking,4526,4509,4526,17
stepping,4553,4526,4553,27
sniffing,4568,4553,4568,15
rising,4616,4568,4616,48
grooming,4688,4616,4688,72
scratching,4689,4688,4689,1
grooming,4899,4689,4899,210
stepping,4945,4899,4945,46
walking,5021,4945,5021,76
right_turning,5022,5021,5022,1
stepping,5103,5022,5103,81
rising,5107,5103,5107,4
rearing,5108,5107,5108,1
sniffing,5110,5108,5110,2
stepping,5155,5110,5155,45
trotting,5202,5155,5202,47
walking,5265,5202,5265,63
sniffing,5406,5265,5406,141
stepping,5447,5406,5447,41
sniffing,5481,5447,5481,34
rising,5493,5481,5493,12
walking,5494,5493,5494,1
trotting,5518,5494,5518,24
stepping,5545,5518,5545,27
walking,5569,5545,5569,24
sniffing,5618,5569,5618,49
rising,5655,5618,5655,37
climbing,5709,5655,5709,54
sniffing,5749,5709,5749,40
walking,5818,5749,5818,69
sniffing,5965,5818,5965,147
rising,6034,5965,6034,69
stepping,6116,6034,6116,82
left_turning,6143,6116,6143,27
sniffing,6189,6143,6189,46
rising,6264,6189,6264,75
trotting,6308,6264,6308,44
stepping,6362,6308,6362,54
rising,6436,6362,6436,74
sniffing,6501,6436,6501,65
rising,6550,6501,6550,49
rearing,6551,6550,6551,1
rising,6552,6551,6552,1
sniffing,6553,6552,6553,1
walking,6623,6553,6623,70
stepping,6671,6623,6671,48
rearing,6672,6671,6672,1
climbing,6706,6672,6706,34
walking,6737,6706,6737,31
trotting,6765,6737,6765,28
sniffing,6816,6765,6816,51
rising,6854,6816,6854,38
rearing,6855,6854,6855,1
climbing,6916,6855,6916,61
grooming,7028,6916,7028,112
walking,7036,7028,7036,8
trotting,7063,7036,7063,27
sniffing,7064,7063,7064,1
grooming,7342,7064,7342,278
stepping,7351,7342,7351,9
rearing,7448,7351,7448,97
sniffing,7503,7448,7503,55
rising,7538,7503,7538,35
stepping,7551,7538,7551,13
sniffing,7584,7551,7584,33
right_turning,7618,7584,7618,34
rising,7711,7618,7711,93
climbing,7762,7711,7762,51
grooming,7796,7762,7796,34
left_turning,7880,7796,7880,84
stepping,7881,7880,7881,1
rising,7909,7881,7909,28
climbing,7973,7909,7973,64
sniffing,8023,7973,8023,50
left_turning,8034,8023,8034,11
stepping,8035,8034,8035,1
running,8060,8035,8060,25
rising,8167,8060,8167,107
walking,8236,8167,8236,69
stepping,8340,8236,8340,104
sniffing,8341,8340,8341,1
rising,8368,8341,8368,27
sniffing,8372,8368,8372,4
rising,8405,8372,8405,33
stepping,8441,8405,8441,36
sniffing,8442,8441,8442,1
grooming,8542,8442,8542,100
hunching,8566,8542,8566,24
left_turning,8567,8566,8567,1
sniffing,8598,8567,8598,31
rising,8620,8598,8620,22
left_turning,8633,8620,8633,13
stepping,8694,8633,8694,61
rising,8752,8694,8752,58
running,8786,8752,8786,34
trotting,8814,8786,8814,28
left_turning,8819,8814,8819,5
sniffing,8899,8819,8899,80
rising,8926,8899,8926,27
grooming,8997,8926,8997,71
sniffing,9030,8997,9030,33
walking,9073,9030,9073,43
sniffing,9184,9073,9184,111
walking,9211,9184,9211,27
sniffing,9276,9211,9276,65
rising,9304,9276,9304,28
sniffing,9395,9304,9395,91
walking,9446,9395,9446,51
stepping,9509,9446,9509,63
sniffing,9602,9509,9602,93
trotting,9633,9602,9633,31
running,9678,9633,9678,45
walking,9740,9678,9740,62
rearing,9754,9740,9754,14
left_turning,9784,9754,9784,30
stepping,9833,9784,9833,49
grooming,9959,9833,9959,126
right_turning,9983,9959,9983,24
sniffing,10042,9983,10042,59
stepping,10091,10042,10091,49
walking,10127,10091,10127,36
sniffing,10392,10127,10392,265
rising,10405,10392,10405,13
sniffing,10514,10405,10514,109
left_turning,10515,10514,10515,1
stepping,10539,10515,10539,24
sniffing,10620,10539,10620,81
grooming,10621,10620,10621,1
hunching,10628,10621,10628,7
rearing,10738,10628,10738,110
grooming,10744,10738,10744,6
sniffing,10783,10744,10783,39
climbing,10829,10783,10829,46
left_turning,10884,10829,10884,55
running,10918,10884,10918,34
sniffing,10961,10918,10961,43
stepping,11013,10961,11013,52
sniffing,11019,11013,11019,6
grooming,11123,11019,11123,104
rearing,11124,11123,11124,1
grooming,11125,11124,11125,1
sniffing,11220,11125,11220,95
walking,11221,11220,11221,1
sniffing,11246,11221,11246,25
stepping,11258,11246,11258,12
sniffing,11420,11258,11420,162
stepping,11466,11420,11466,46
sniffing,11518,11466,11518,52
rising,11615,11518,11615,97
stepping,11649,11615,11649,34
rising,11696,11649,11696,47
walking,11744,11696,11744,48
grooming,11834,11744,11834,90
rearing,11854,11834,11854,20
climbing,12022,11854,12022,168
grooming,12173,12022,12173,151
sniffing,12267,12173,12267,94
stepping,12294,12267,12294,27
grooming,12660,12294,12660,366
walking,12695,12660,12695,35
stepping,12749,12695,12749,54
grooming,12789,12749,12789,40
sniffing,12891,12789,12891,102
grooming,12898,12891,12898,7
walking,12925,12898,12925,27
rising,12992,12925,12992,67
rearing,13054,12992,13054,62
hunching,13081,13054,13081,27
grooming,13149,13081,13149,68
trotting,13174,13149,13174,25
sniffing,13198,13174,13198,24
walking,13270,13198,13270,72
sniffing,13271,13270,13271,1
grooming,13333,13271,13333,62
rising,13363,13333,13363,30
sniffing,13398,13363,13398,35
walking,13484,13398,13484,86
stepping,13509,13484,13509,25
walking,13547,13509,13547,38
sniffing,13578,13547,13578,31
stepping,13634,13578,13634,56
walking,13741,13634,13741,107
rising,13801,13741,13801,60
rearing,13817,13801,13817,16
hunching,13818,13817,13818,1
rearing,13859,13818,13859,41
walking,13881,13859,13881,22
trotting,13919,13881,13919,38
sniffing,13974,13919,13974,55
stepping,14043,13974,14043,69
left_turning,14079,14043,14079,36
sniffing,14141,14079,14141,62
rising,14224,14141,14224,83
rearing,14308,14224,14308,84
climbing,14360,14308,14360,52
left_turning,14404,14360,14404,44
walking,14482,14404,14482,78
sniffing,14619,14482,14619,137
climbing,14694,14619,14694,75
rearing,14695,14694,14695,1
grooming,14758,14695,14758,63
rearing,14806,14758,14806,48
climbing,14812,14806,14812,6
grooming,14813,14812,14813,1
rising,14816,14813,14816,3
left_turning,14820,14816,14820,4
walking,14821,14820,14821,1
stepping,14875,14821,14875,54
walking,14930,14875,14930,55
stepping,14970,14930,14970,40
grooming,15137,14970,15137,167
rearing,15138,15137,15138,1
hunching,15166,15138,15166,28
grooming,15167,15166,15167,1
left_turning,15183,15167,15183,16
stepping,15244,15183,15244,61
left_turning,15308,15244,15308,64
sniffing,15329,15308,15329,21
rearing,15393,15329,15393,64
walking,15406,15393,15406,13
sniffing,15457,15406,15457,51
grooming,15779,15457,15779,322
walking,15822,15779,15822,43
stepping,15850,15822,15850,28
rising,15883,15850,15883,33
sniffing,15909,15883,15909,26
rising,15925,15909,15925,16
grooming,15926,15925,15926,1
hunching,15955,15926,15955,29
rising,15975,15955,15975,20
left_turning,15978,15975,15978,3
walking,16096,15978,16096,118
trotting,16139,16096,16139,43
sniffing,16188,16139,16188,49
grooming,16400,16188,16400,212
rising,16403,16400,16403,3
grooming,16548,16403,16548,145
stepping,16615,16548,16615,67
sniffing,16616,16615,16616,1
stepping,16659,16616,16659,43
grooming,16752,16659,16752,93
sniffing,16820,16752,16820,68
rising,16866,16820,16866,46
walking,16867,16866,16867,1
running,16915,16867,16915,48
stepping,16920,16915,16920,5
walking,16978,16920,16978,58
stepping,17002,16978,17002,24
grooming,17003,17002,17003,1
rearing,17032,17003,17032,29
grooming,17124,17032,17124,92
rising,17154,17124,17154,30
sniffing,17270,17154,17270,116
grooming,17327,17270,17327,57
hunching,17328,17327,17328,1
rearing,17419,17328,17419,91
grooming,17428,17419,17428,9
rearing,17491,17428,17491,63
climbing,17537,17491,17537,46
rising,17596,17537,17596,59
sniffing,17690,17596,17690,94
walking,17799,17690,17799,109
stepping,17835,17799,17835,36
grooming,17916,17835,17916,81
hunching,17943,17916,17943,27
rising,17989,17943,17989,46
grooming,18068,17989,18068,79
right_turning,18069,18068,18069,1
sniffing,18096,18069,18096,27
rearing,18099,18096,18099,3
stepping,18128,18099,18128,29
sniffing,18240,18128,18240,112
rising,18241,18240,18241,1
walking,18242,18241,18242,1
sniffing,18243,18242,18243,1
stepping,18244,18243,18244,1
sniffing,18259,18244,18259,15
grooming,18396,18259,18396,137
rearing,18466,18396,18466,70
walking,18467,18466,18467,1
sniffing,18514,18467,18514,47
rising,18515,18514,18515,1
climbing,18634,18515,18634,119
grooming,18691,18634,18691,57
sniffing,18883,18691,18883,192
rising,18938,18883,18938,55
climbing,19025,18938,19025,87
walking,19049,19025,19049,24
sniffing,19050,19049,19050,1
grooming,19061,19050,19061,11
rising,19074,19061,19074,13
rearing,19131,19074,19131,57
sniffing,19332,19131,19332,201
climbing,19423,19332,19423,91
grooming,19424,19423,19424,1
left_turning,19455,19424,19455,31
stepping,19519,19455,19519,64
walking,19573,19519,19573,54
sniffing,19672,19573,19672,99
left_turning,19697,19672,19697,25
stepping,19752,19697,19752,55
sniffing,19791,19752,19791,39
stepping,19792,19791,19792,1
sniffing,19813,19792,19813,21
rising,19859,19813,19859,46
sniffing,19860,19859,19860,1
rising,19861,19860,19861,1
sniffing,19862,19861,19862,1
scratching,19863,19862,19863,1
walking,19878,19863,19878,15
sniffing,19879,19878,19879,1
hunching,19919,19879,19919,40
rearing,19945,19919,19945,26
rising,19978,19945,19978,33
rearing,20080,19978,20080,102
climbing,20176,20080,20176,96
right_turning,20206,20176,20206,30
walking,20246,20206,20246,40
stepping,20278,20246,20278,32
walking,20333,20278,20333,55
stepping,20373,20333,20373,40
walking,20449,20373,20449,76
sniffing,20480,20449,20480,31
climbing,20481,20480,20481,1
left_turning,20512,20481,20512,31
walking,20561,20512,20561,49
sniffing,20590,20561,20590,29
stepping,20640,20590,20640,50
right_turning,20692,20640,20692,52
running,20711,20692,20711,19
grooming,20712,20711,20712,1
rising,20747,20712,20747,35
right_turning,20757,20747,20757,10
stepping,20792,20757,20792,35
grooming,20821,20792,20821,29
rearing,20857,20821,20857,36
sniffing,20874,20857,20874,17
stepping,20875,20874,20875,1
grooming,20943,20875,20943,68
climbing,20973,20943,20973,30
left_turning,20998,20973,20998,25
walking,21046,20998,21046,48
rearing,21079,21046,21079,33
stepping,21080,21079,21080,1
rearing,21095,21080,21095,15
rising,21096,21095,21096,1
stepping,21110,21096,21110,14
walking,21183,21110,21183,73
sniffing,21266,21183,21266,83
stepping,21317,21266,21317,51
sniffing,21318,21317,21318,1
walking,21343,21318,21343,25
stepping,21376,21343,21376,33
walking,21378,21376,21378,2
right_turning,21379,21378,21379,1
walking,21380,21379,21380,1
stepping,21433,21380,21433,53
right_turning,21469,21433,21469,36
walking,21482,21469,21482,13
sniffing,21483,21482,21483,1
left_turning,21496,21483,21496,13
stepping,21546,21496,21546,50
rearing,21778,21546,21778,232
grooming,21874,21778,21874,96
rearing,21875,21874,21875,1
grooming,21920,21875,21920,45
hunching,21958,21920,21958,38
climbing,22012,21958,22012,54
grooming,22204,22012,22204,192
rearing,22226,22204,22226,22
grooming,22528,22226,22528,302
sniffing,22529,22528,22529,1
stepping,22542,22529,22542,13
rearing,22543,22542,22543,1
climbing,22607,22543,22607,64
left_turning,22642,22607,22642,35
trotting,22643,22642,22643,1
stepping,22701,22643,22701,58
sniffing,22729,22701,22729,28
walking,22759,22729,22759,30
trotting,22790,22759,22790,31
stepping,22814,22790,22814,24
sniffing,22818,22814,22818,4
grooming,22830,22818,22830,12
walking,22869,22830,22869,39
rearing,22870,22869,22870,1
grooming,23133,22870,23133,263
hunching,23177,23133,23177,44
grooming,23249,23177,23249,72
climbing,23308,23249,23308,59
left_turning,23375,23308,23375,67
stepping,23447,23375,23447,72
sniffing,23479,23447,23479,32
rearing,23480,23479,23480,1
walking,23485,23480,23485,5
sniffing,23540,23485,23540,55
rising,23572,23540,23572,32
hunching,23679,23572,23679,107
stepping,23726,23679,23726,47
sniffing,23757,23726,23757,31
stepping,23769,23757,23769,12
walking,23786,23769,23786,17
trotting,23789,23786,23789,3
stepping,23794,23789,23794,5
sniffing,23906,23794,23906,112
stepping,23972,23906,23972,66
right_turning,24041,23972,24041,69
sniffing,24141,24041,24141,100
left_turning,24190,24141,24190,49
walking,24257,24190,24257,67
stepping,24337,24257,24337,80
sniffing,24340,24337,24340,3
rising,24364,24340,24364,24
rearing,24365,24364,24365,1
grooming,24366,24365,24366,1
left_turning,24429,24366,24429,63
trotting,24458,24429,24458,29
sniffing,24562,24458,24562,104
grooming,24563,24562,24563,1
running,24582,24563,24582,19
left_turning,24629,24582,24629,47
grooming,24630,24629,24630,1
hunching,24631,24630,24631,1
grooming,24633,24631,24633,2
stepping,24645,24633,24645,12
walking,24658,24645,24658,13
stepping,24690,24658,24690,32
grooming,24758,24690,24758,68
running,24761,24758,24761,3
sniffing,24762,24761,24762,1
rising,24783,24762,24783,21
rearing,24784,24783,24784,1
stepping,24813,24784,24813,29
hunching,24814,24813,24814,1
rearing,24819,24814,24819,5
grooming,24820,24819,24820,1
climbing,24873,24820,24873,53
grooming,24874,24873,24874,1
rearing,24903,24874,24903,29
sniffing,24938,24903,24938,35
grooming,24959,24938,24959,21
left_turning,25038,24959,25038,79
trotting,25066,25038,25066,28
rearing,25083,25066,25083,17
sniffing,25105,25083,25105,22
grooming,25304,25105,25304,199
hunching,25353,25304,25353,49
rearing,25379,25353,25379,26
left_turning,25405,25379,25405,26
walking,25432,25405,25432,27
trotting,25477,25432,25477,45
walking,25497,25477,25497,20
left_turning,25539,25497,25539,42
grooming,25822,25539,25822,283
rearing,25927,25822,25927,105
sniffing,25928,25927,25928,1
rising,25946,25928,25946,18
left_turning,25970,25946,25970,24
trotting,25997,25970,25997,27
sniffing,26084,25997,26084,87
walking,26085,26084,26085,1
stepping,26132,26085,26132,47
sniffing,26348,26132,26348,216
climbing,26440,26348,26440,92
rearing,26464,26440,26464,24
climbing,26477,26464,26477,13
sniffing,26648,26477,26648,171
stepping,26656,26648,26656,8
sniffing,26657,26656,26657,1
rising,26658,26657,26658,1
grooming,26751,26658,26751,93
rearing,26833,26751,26833,82
grooming,27047,26833,27047,214
right_turning,27126,27047,27126,79
rising,27178,27126,27178,52
grooming,27235,27178,27235,57
left_turning,27289,27235,27289,54
stepping,27348,27289,27348,59
right_turning,27381,27348,27381,33
rising,27389,27381,27389,8
sniffing,27460,27389,27460,71
left_turning,27481,27460,27481,21
sniffing,27482,27481,27482,1
left_turning,27497,27482,27497,15
trotting,27513,27497,27513,16
stepping,27555,27513,27555,42
sniffing,27757,27555,27757,202
walking,27794,27757,27794,37
stepping,27818,27794,27818,24
sniffing,27880,27818,27880,62
stepping,27943,27880,27943,63
walking,27945,27943,27945,2
stepping,28010,27945,28010,65
rising,28085,28010,28085,75
stepping,28123,28085,28123,38
sniffing,28315,28123,28315,192
right_turning,28316,28315,28316,1
walking,28329,28316,28329,13
sniffing,28409,28329,28409,80
stepping,28435,28409,28435,26
sniffing,28476,28435,28476,41
climbing,28487,28476,28487,11
grooming,28507,28487,28507,20
rearing,28514,28507,28514,7
walking,28531,28514,28531,17
right_turning,28568,28531,28568,37
stepping,28587,28568,28587,19
walking,28588,28587,28588,1
rearing,28646,28588,28646,58
left_turning,28687,28646,28687,41
sniffing,28798,28687,28798,111
left_turning,28851,28798,28851,53
walking,28933,28851,28933,82
left_turning,28975,28933,28975,42
grooming,29082,28975,29082,107
walking,29151,29082,29151,69
rising,29168,29151,29168,17
climbing,29216,29168,29216,48
left_turning,29217,29216,29217,1
rearing,29244,29217,29244,27
grooming,29358,29244,29358,114
rising,29384,29358,29384,26
climbing,29507,29384,29507,123
grooming,29619,29507,29619,112
rearing,29630,29619,29630,11
hunching,29695,29630,29695,65
grooming,29749,29695,29749,54
rising,29782,29749,29782,33
rearing,29881,29782,29881,99
climbing,29965,29881,29965,84
running,30006,29965,30006,41
trotting,30022,30006,30022,16
stepping,30082,30022,30082,60
rising,30083,30082,30083,1
climbing,30126,30083,30126,43
left_turning,30148,30126,30148,22
trotting,30176,30148,30176,28
stepping,30194,30176,30194,18
left_turning,30314,30194,30314,120
grooming,30315,30314,30315,1
rearing,30390,30315,30390,75
sniffing,30462,30390,30462,72
rising,30513,30462,30513,51
climbing,30530,30513,30530,17
running,30558,30530,30558,28
sniffing,30572,30558,30572,14
rising,30636,30572,30636,64
sniffing,30732,30636,30732,96
grooming,30801,30732,30801,69
walking,30867,30801,30867,66
stepping,30890,30867,30890,23
sniffing,30922,30890,30922,32
trotting,30982,30922,30982,60
sniffing,30983,30982,30983,1
left_turning,31052,30983,31052,69
walking,31053,31052,31053,1
right_turning,31110,31053,31110,57
walking,31138,31110,31138,28
sniffing,31167,31138,31167,29
rising,31189,31167,31189,22
climbing,31232,31189,31232,43
right_turning,31251,31232,31251,19
walking,31252,31251,31252,1
sniffing,31329,31252,31329,77
left_turning,31355,31329,31355,26
stepping,31387,31355,31387,32
walking,31447,31387,31447,60
left_turning,31521,31447,31521,74
grooming,31711,31521,31711,190
left_turning,31772,31711,31772,61
trotting,31817,31772,31817,45
sniffing,31834,31817,31834,17
right_turning,31883,31834,31883,49
walking,31924,31883,31924,41
sniffing,31925,31924,31925,1
rising,31976,31925,31976,51
hunching,32047,31976,32047,71
rearing,32118,32047,32118,71
stepping,32171,32118,32171,53
walking,32172,32171,32172,1
rising,32200,32172,32200,28
grooming,32201,32200,32201,1
climbing,32294,32201,32294,93
grooming,32483,32294,32483,189
climbing,32532,32483,32532,49
walking,32555,32532,32555,23
rearing,32556,32555,32556,1
left_turning,32617,32556,32617,61
trotting,32639,32617,32639,22
sniffing,32640,32639,32640,1
walking,32693,32640,32693,53
trotting,32703,32693,32703,10
sniffing,32762,32703,32762,59
grooming,32786,32762,32786,24
rearing,32787,32786,32787,1
grooming,32867,32787,32867,80
hunching,32903,32867,32903,36
grooming,33124,32903,33124,221
walking,33180,33124,33180,56
sniffing,33181,33180,33181,1
grooming,33523,33181,33523,342
running,33544,33523,33544,21
sniffing,33704,33544,33704,160
stepping,33744,33704,33744,40
grooming,33962,33744,33962,218
rearing,33987,33962,33987,25
grooming,34030,33987,34030,43
climbing,34056,34030,34056,26
stepping,34104,34056,34104,48
walking,34147,34104,34147,43
stepping,34153,34147,34153,6
walking,34202,34153,34202,49
sniffing,34443,34202,34443,241
rising,34448,34443,34448,5
rearing,34516,34448,34516,68
grooming,34548,34516,34548,32
hunching,34549,34548,34549,1
right_turning,34566,34549,34566,17
sniffing,34604,34566,34604,38
climbing,34642,34604,34642,38
left_turning,34665,34642,34665,23
sniffing,34802,34665,34802,137
rearing,34926,34802,34926,124
grooming,34968,34926,34968,42
hunching,34989,34968,34989,21
grooming,34990,34989,34990,1
climbing,35126,34990,35126,136
grooming,35291,35126,35291,165
walking,35321,35291,35321,30
stepping,35329,35321,35329,8
walking,35330,35329,35330,1
stepping,35353,35330,35353,23
walking,35386,35353,35386,33
stepping,35415,35386,35415,29
sniffing,35416,35415,35416,1
rising,35453,35416,35453,37
sniffing,35454,35453,35454,1
walking,35544,35454,35544,90
trotting,35597,35544,35597,53
left_turning,35623,35597,35623,26
grooming,36030,35623,36030,407
sniffing,36112,36030,36112,82
rising,36135,36112,36135,23
sniffing,36231,36135,36231,96
stepping,36260,36231,36260,29
sniffing,36338,36260,36338,78
rearing,36356,36338,36356,18
hunching,36416,36356,36416,60
rearing,36423,36416,36423,7
stepping,36451,36423,36451,28
rising,36452,36451,36452,1
sniffing,36536,36452,36536,84
grooming,36537,36536,36537,1
hunching,36567,36537,36567,30
grooming,36588,36567,36588,21
rearing,36595,36588,36595,7
grooming,36717,36595,36717,122
sniffing,36728,36717,36728,11
grooming,36889,36728,36889,161
scratching,36890,36889,36890,1
walking,36932,36890,36932,42
sniffing,36933,36932,36933,1
walking,36948,36933,36948,15
sniffing,36949,36948,36949,1
rising,37014,36949,37014,65
rearing,37067,37014,37067,53
grooming,37169,37067,37169,102
walking,37229,37169,37229,60
stepping,37259,37229,37259,30
sniffing,37260,37259,37260,1
rearing,37321,37260,37321,61
grooming,37398,37321,37398,77
sniffing,37502,37398,37502,104
rising,37522,37502,37522,20
climbing,37570,37522,37570,48
grooming,37571,37570,37571,1
left_turning,37599,37571,37599,28
sniffing,37638,37599,37638,39
rising,37699,37638,37699,61
climbing,37812,37699,37812,113
walking,37915,37812,37915,103
running,37975,37915,37975,60
stepping,38003,37975,38003,28
sniffing,38004,38003,38004,1
walking,38047,38004,38047,43
climbing,38079,38047,38079,32
sniffing,38080,38079,38080,1
walking,38130,38080,38130,50
right_turning,38131,38130,38131,1
trotting,38188,38131,38188,57
walking,38235,38188,38235,47
sniffing,38314,38235,38314,79
climbing,38315,38314,38315,1
left_turning,38367,38315,38367,52
sniffing,38368,38367,38368,1
stepping,38407,38368,38407,39
walking,38487,38407,38487,80
sniffing,38488,38487,38488,1
rising,38512,38488,38512,24
sniffing,38664,38512,38664,152
left_turning,38693,38664,38693,29
trotting,38710,38693,38710,17
rising,38811,38710,38811,101
hunching,38812,38811,38812,1
stepping,38834,38812,38834,22
sniffing,38916,38834,38916,82
stepping,38959,38916,38959,43
sniffing,39020,38959,39020,61
rising,39021,39020,39021,1
walking,39065,39021,39065,44
sniffing,39066,39065,39066,1
left_turning,39089,39066,39089,23
grooming,39345,39089,39345,256
sniffing,39346,39345,39346,1
left_turning,39394,39346,39394,48
sniffing,39395,39394,39395,1
right_turning,39433,39395,39433,38
grooming,39434,39433,39434,1
rising,39435,39434,39435,1
climbing,39490,39435,39490,55
left_turning,39565,39490,39565,75
walking,39603,39565,39603,38
sniffing,39655,39603,39655,52
stepping,39694,39655,39694,39
rising,39769,39694,39769,75
grooming,39803,39769,39803,34
right_turning,39804,39803,39804,1
grooming,39805,39804,39805,1
walking,39832,39805,39832,27
stepping,39869,39832,39869,37
rising,39896,39869,39896,27
stepping,39909,39896,39909,13
walking,39910,39909,39910,1
sniffing,40011,39910,40011,101
left_turning,40012,40011,40012,1
grooming,40085,40012,40085,73
rearing,40109,40085,40109,24
hunching,40110,40109,40110,1
rearing,40191,40110,40191,81
grooming,40192,40191,40192,1
left_turning,40193,40192,40193,1
walking,40201,40193,40201,8
stepping,40222,40201,40222,21
rearing,40223,40222,40223,1
hunching,40249,40223,40249,26
climbing,40329,40249,40329,80
grooming,40344,40329,40344,15
rising,40345,40344,40345,1
grooming,40569,40345,40569,224
rearing,40616,40569,40616,47
sniffing,40630,40616,40630,14
walking,40703,40630,40703,73
sniffing,40729,40703,40729,26
rising,40792,40729,40792,63
climbing,40800,40792,40800,8
grooming,40801,40800,40801,1
hunching,40831,40801,40831,30
grooming,40988,40831,40988,157
right_turning,41016,40988,41016,28
grooming,41111,41016,41111,95
hunching,41112,41111,41112,1
rearing,41188,41112,41188,76
sniffing,41233,41188,41233,45
grooming,41576,41233,41576,343
sniffing,41683,41576,41683,107
rising,41776,41683,41776,93
rearing,41848,41776,41848,72
climbing,41887,41848,41887,39
walking,41893,41887,41893,6
sniffing,41926,41893,41926,33
stepping,41962,41926,41962,36
walking,41963,41962,41963,1
rising,42028,41963,42028,65
climbing,42146,42028,42146,118
walking,42192,42146,42192,46
grooming,42330,42192,42330,138
climbing,42349,42330,42349,19
grooming,42500,42349,42500,151
climbing,42568,42500,42568,68
walking,42597,42568,42597,29
sniffing,42713,42597,42713,116
walking,42782,42713,42782,69
stepping,42820,42782,42820,38
sniffing,42821,42820,42821,1
walking,42825,42821,42825,4
stepping,42880,42825,42880,55
trotting,42881,42880,42881,1
walking,42882,42881,42882,1
stepping,42931,42882,42931,49
walking,42981,42931,42981,50
sniffing,43083,42981,43083,102
rising,43084,43083,43084,1
climbing,43113,43084,43113,29
walking,43137,43113,43137,24
rearing,43165,43137,43165,28
grooming,43243,43165,43243,78
walking,43300,43243,43300,57
rising,43366,43300,43366,66
grooming,43460,43366,43460,94
rising,43499,43460,43499,39
rearing,43563,43499,43563,64
stepping,43610,43563,43610,47
climbing,43722,43610,43722,112
rearing,43771,43722,43771,49
hunching,43842,43771,43842,71
grooming,44011,43842,44011,169
sniffing,44086,44011,44086,75
rising,44087,44086,44087,1
stepping,44129,44087,44129,42
sniffing,44253,44129,44253,124
stepping,44262,44253,44262,9
rising,44263,44262,44263,1
grooming,44264,44263,44264,1
sniffing,44265,44264,44265,1
walking,44266,44265,44266,1
stepping,44298,44266,44298,32
rising,44299,44298,44299,1
grooming,44300,44299,44300,1
rearing,44372,44300,44372,72
climbing,44459,44372,44459,87
grooming,44470,44459,44470,11
hunching,44488,44470,44488,18
grooming,44541,44488,44541,53
rearing,44612,44541,44612,71
sniffing,44693,44612,44693,81
rising,44694,44693,44694,1
sniffing,44706,44694,44706,12
rising,44815,44706,44815,109
rearing,44908,44815,44908,93
grooming,45012,44908,45012,104
sniffing,45109,45012,45109,97
grooming,45234,45109,45234,125
running,45260,45234,45260,26
left_turning,45264,45260,45264,4
stepping,45324,45264,45324,60
walking,45344,45324,45344,20
sniffing,45588,45344,45588,244
rising,45646,45588,45646,58
right_turning,45689,45646,45689,43
stepping,45751,45689,45751,62
walking,45795,45751,45795,44
running,45822,45795,45822,27
grooming,45859,45822,45859,37
rearing,45906,45859,45906,47
grooming,45992,45906,45992,86
stepping,46019,45992,46019,27
sniffing,46154,46019,46154,135
rising,46173,46154,46173,19
rearing,46174,46173,46174,1
climbing,46237,46174,46237,63
rearing,46349,46237,46349,112
grooming,46350,46349,46350,1
walking,46379,46350,46379,29
stepping,46433,46379,46433,54
walking,46503,46433,46503,70
stepping,46546,46503,46546,43
walking,46643,46546,46643,97
sniffing,46792,46643,46792,149
left_turning,46811,46792,46811,19
grooming,46827,46811,46827,16
scratching,46828,46827,46828,1
sniffing,46974,46828,46974,146
rising,46984,46974,46984,10
rearing,47033,46984,47033,49
sniffing,47090,47033,47090,57
stepping,47173,47090,47173,83
left_turning,47208,47173,47208,35
grooming,47209,47208,47209,1
running,47265,47209,47265,56
stepping,47305,47265,47305,40
rising,47353,47305,47353,48
grooming,47367,47353,47367,14
sniffing,47470,47367,47470,103
rising,47471,47470,47471,1
climbing,47518,47471,47518,47
grooming,47519,47518,47519,1
left_turning,47520,47519,47520,1
walking,47578,47520,47578,58
sniffing,47603,47578,47603,25
rising,47604,47603,47604,1
climbing,47673,47604,47673,69
grooming,47725,47673,47725,52
hunching,47767,47725,47767,42
grooming,47825,47767,47825,58
sniffing,47959,47825,47959,134
trotting,48013,47959,48013,54
running,48021,48013,48021,8
walking,48047,48021,48047,26
right_turning,48058,48047,48058,11
walking,48119,48058,48119,61
rising,48141,48119,48141,22
climbing,48246,48141,48246,105
running,48281,48246,48281,35
walking,48365,48281,48365,84
sniffing,48418,48365,48418,53
left_turning,48419,48418,48419,1
walking,48475,48419,48475,56
sniffing,48488,48475,48488,13
grooming,48651,48488,48651,163
sniffing,48715,48651,48715,64
left_turning,48729,48715,48729,14
grooming,49410,48729,49410,681
stepping,49418,49410,49418,8
sniffing,49574,49418,49574,156
stepping,49581,49574,49581,7
climbing,49664,49581,49664,83
sniffing,49691,49664,49691,27
stepping,49730,49691,49730,39
rearing,49767,49730,49767,37
grooming,49768,49767,49768,1
sniffing,49769,49768,49769,1
rising,49814,49769,49814,45
grooming,50058,49814,50058,244
rearing,50073,50058,50073,15
grooming,50121,50073,50121,48
hunching,50179,50121,50179,58
grooming,50425,50179,50425,246
rearing,50426,50425,50426,1
grooming,50570,50426,50570,144
trotting,50621,50570,50621,51
walking,50691,50621,50691,70
sniffing,50692,50691,50692,1
stepping,50791,50692,50791,99
sniffing,50825,50791,50825,34
stepping,50879,50825,50879,54
walking,50912,50879,50912,33
sniffing,51011,50912,51011,99
rising,51033,51011,51033,22
sniffing,51034,51033,51034,1
walking,51037,51034,51037,3
sniffing,51038,51037,51038,1
stepping,51113,51038,51113,75
scratching,51114,51113,51114,1
sniffing,51253,51114,51253,139
rearing,51254,51253,51254,1
grooming,51255,51254,51255,1
rearing,51343,51255,51343,88
sniffing,51344,51343,51344,1
left_turning,51388,51344,51388,44
walking,51446,51388,51446,58
sniffing,51470,51446,51470,24
stepping,51542,51470,51542,72
walking,51547,51542,51547,5
rising,51554,51547,51554,7
rearing,51562,51554,51562,8
grooming,51563,51562,51563,1
right_turning,51581,51563,51581,18
stepping,51585,51581,51585,4
sniffing,51586,51585,51586,1
grooming,51587,51586,51587,1
rearing,51588,51587,51588,1
hunching,51603,51588,51603,15
left_turning,51604,51603,51604,1
grooming,51605,51604,51605,1
walking,51606,51605,51606,1
sniffing,51607,51606,51607,1
running,51639,51607,51639,32
stepping,51682,51639,51682,43
sniffing,51802,51682,51802,120
hunching,51803,51802,51803,1
grooming,51902,51803,51902,99
sniffing,52023,51902,52023,121
hunching,52024,52023,52024,1
rearing,52113,52024,52113,89
climbing,52206,52113,52206,93
right_turning,52207,52206,52207,1
sniffing,52303,52207,52303,96
stepping,52304,52303,52304,1
walking,52338,52304,52338,34
grooming,52339,52338,52339,1
walking,52371,52339,52371,32
grooming,52372,52371,52372,1
rising,52422,52372,52422,50
sniffing,52423,52422,52423,1
trotting,52424,52423,52424,1
walking,52490,52424,52490,66
sniffing,52491,52490,52491,1
running,52494,52491,52494,3
rearing,52542,52494,52542,48
left_turning,52608,52542,52608,66
walking,52609,52608,52609,1
sniffing,52660,52609,52660,51
rising,52693,52660,52693,33
sniffing,52909,52693,52909,216
rising,52925,52909,52925,16
hunching,52934,52925,52934,9
grooming,53449,52934,53449,515
left_turning,53528,53449,53528,79
grooming,53611,53528,53611,83
hunching,53681,53611,53681,70
grooming,53967,53681,53967,286
right_turning,53993,53967,53993,26
stepping,54045,53993,54045,52
grooming,54103,54045,54103,58
walking,54150,54103,54150,47
stepping,54214,54150,54214,64
sniffing,54337,54214,54337,123
walking,54338,54337,54338,1
sniffing,54391,54338,54391,53
rising,54411,54391,54411,20
walking,54477,54411,54477,66
sniffing,54490,54477,54490,13
left_turning,54556,54490,54556,66
stepping,54571,54556,54571,15
sniffing,54716,54571,54716,145
grooming,54717,54716,54717,1
stepping,54724,54717,54724,7
sniffing,54785,54724,54785,61
walking,54844,54785,54844,59
trotting,54866,54844,54866,22
sniffing,55058,54866,55058,192
walking,55062,55058,55062,4
sniffing,55157,55062,55157,95
stepping,55198,55157,55198,41
walking,55244,55198,55244,46
left_turning,55245,55244,55245,1
sniffing,55246,55245,55246,1
left_turning,55271,55246,55271,25
sniffing,55272,55271,55272,1
walking,55298,55272,55298,26
trotting,55299,55298,55299,1
running,55323,55299,55323,24
grooming,55324,55323,55324,1
rearing,55490,55324,55490,166
grooming,55737,55490,55737,247
sniffing,55769,55737,55769,32
trotting,55845,55769,55845,76
walking,55846,55845,55846,1
running,55873,55846,55873,27
sniffing,55879,55873,55879,6
stepping,55883,55879,55883,4
sniffing,55963,55883,55963,80
grooming,56051,55963,56051,88
climbing,56146,56051,56146,95
grooming,56435,56146,56435,289
rising,56455,56435,56455,20
climbing,56456,56455,56456,1
trotting,56500,56456,56500,44
rising,56543,56500,56543,43
grooming,56561,56543,56561,18
rearing,56633,56561,56633,72
grooming,56698,56633,56698,65
scratching,56699,56698,56699,1
sniffing,56792,56699,56792,93
rising,56806,56792,56806,14
climbing,56873,56806,56873,67
trotting,56905,56873,56905,32
rising,56955,56905,56955,50
climbing,57076,56955,57076,121
left_turning,57077,57076,57077,1
rising,57078,57077,57078,1
climbing,57141,57078,57141,63
stepping,57171,57141,57171,30
walking,57172,57171,57172,1
sniffing,57222,57172,57222,50
stepping,57270,57222,57270,48
climbing,57362,57270,57362,92
grooming,57677,57362,57677,315
right_turning,57678,57677,57678,1
walking,57788,57678,57788,110
sniffing,57938,57788,57938,150
rearing,57979,57938,57979,41
climbing,58101,57979,58101,122
trotting,58102,58101,58102,1
stepping,58150,58102,58150,48
rearing,58237,58150,58237,87
stepping,58281,58237,58281,44
left_turning,58328,58281,58328,47
walking,58384,58328,58384,56
sniffing,58422,58384,58422,38
grooming,58581,58422,58581,159
hunching,58657,58581,58657,76
grooming,58658,58657,58658,1
hunching,58695,58658,58695,37
grooming,58759,58695,58759,64
climbing,58832,58759,58832,73
left_turning,58911,58832,58911,79
rearing,59064,58911,59064,153
stepping,59098,59064,59098,34
sniffing,59139,59098,59139,41
rising,59200,59139,59200,61
stepping,59245,59200,59245,45
sniffing,59290,59245,59290,45
stepping,59291,59290,59291,1
sniffing,59369,59291,59369,78
rising,59370,59369,59370,1
grooming,59402,59370,59402,32
walking,59415,59402,59415,13
sniffing,59534,59415,59534,119
stepping,59587,59534,59587,53
grooming,59658,59587,59658,71
scratching,59659,59658,59659,1
grooming,59681,59659,59681,22
rearing,59682,59681,59682,1
grooming,59920,59682,59920,238
sniffing,60093,59920,60093,173
walking,60120,60093,60120,27
sniffing,60138,60120,60138,18
grooming,60440,60138,60440,302
trotting,60474,60440,60474,34
sniffing,60514,60474,60514,40
walking,60531,60514,60531,17
rearing,60586,60531,60586,55
grooming,60684,60586,60684,98
rearing,60795,60684,60795,111
grooming,61102,60795,61102,307
rearing,61165,61102,61165,63
climbing,61242,61165,61242,77
left_turning,61260,61242,61260,18
sniffing,61272,61260,61272,12
stepping,61312,61272,61312,40
walking,61348,61312,61348,36
stepping,61411,61348,61411,63
sniffing,61412,61411,61412,1
jumping,61416,61412,61416,4
walking,61466,61416,61466,50
sniffing,61568,61466,61568,102
rising,61672,61568,61672,104
scratching,61673,61672,61673,1
grooming,61674,61673,61674,1
left_turning,61676,61674,61676,2
stepping,61703,61676,61703,27
walking,61733,61703,61733,30
rising,61786,61733,61786,53
grooming,61821,61786,61821,35
left_turning,61834,61821,61834,13
trotting,61854,61834,61854,20
sniffing,62124,61854,62124,270
rising,62147,62124,62147,23
climbing,62199,62147,62199,52
trotting,62208,62199,62208,9
rising,62218,62208,62218,10
sniffing,62279,62218,62279,61
walking,62284,62279,62284,5
sniffing,62390,62284,62390,106
rearing,62420,62390,62420,30
hunching,62458,62420,62458,38
grooming,62508,62458,62508,50
rearing,62611,62508,62611,103
running,62642,62611,62642,31
walking,62708,62642,62708,66
stepping,62723,62708,62723,15
sniffing,62724,62723,62724,1
grooming,62786,62724,62786,62
right_turning,62787,62786,62787,1
walking,62881,62787,62881,94
trotting,62904,62881,62904,23
rising,62980,62904,62980,76
rearing,63021,62980,63021,41
hunching,63101,63021,63101,80
grooming,63655,63101,63655,554
rearing,63697,63655,63697,42
grooming,63829,63697,63829,132
running,63862,63829,63862,33
trotting,63892,63862,63892,30
stepping,63922,63892,63922,30
trotting,63991,63922,63991,69
stepping,64014,63991,64014,23
sniffing,64082,64014,64082,68
rising,64086,64082,64086,4
left_turning,64156,64086,64156,70
climbing,64234,64156,64234,78
grooming,64494,64234,64494,260
hunching,64499,64494,64499,5
sniffing,64579,64499,64579,80
grooming,64813,64579,64813,234
sniffing,65177,64813,65177,364
walking,65209,65177,65209,32
stepping,65241,65209,65241,32
trotting,65242,65241,65242,1
rising,65287,65242,65287,45
grooming,65288,65287,65288,1
rearing,65319,65288,65319,31
grooming,65548,65319,65548,229
hunching,65606,65548,65606,58
rearing,65607,65606,65607,1
grooming,65694,65607,65694,87
running,65722,65694,65722,28
walking,65726,65722,65726,4
sniffing,65852,65726,65852,126
right_turning,65870,65852,65870,18
grooming,65895,65870,65895,25
hunching,65925,65895,65925,30
rearing,65969,65925,65969,44
rising,66023,65969,66023,54
grooming,66223,66023,66223,200
climbing,66315,66223,66315,92
grooming,67029,66315,67029,714
hunching,67054,67029,67054,25
grooming,67055,67054,67055,1
rearing,67163,67055,67163,108
climbing,67190,67163,67190,27
walking,67213,67190,67213,23
sniffing,67246,67213,67246,33
walking,67306,67246,67306,60
sniffing,67362,67306,67362,56
stepping,67404,67362,67404,42
sniffing,67415,67404,67415,11
stepping,67468,67415,67468,53
rising,67501,67468,67501,33
grooming,67612,67501,67612,111
rearing,67698,67612,67698,86
grooming,67764,67698,67764,66
rearing,67826,67764,67826,62
walking,67884,67826,67884,58
sniffing,67977,67884,67977,93
grooming,68436,67977,68436,459
left_turning,68439,68436,68439,3
sniffing,68736,68439,68736,297
rising,68853,68736,68853,117
climbing,68981,68853,68981,128
rearing,69058,68981,69058,77
sniffing,69089,69058,69089,31
walking,69117,69089,69117,28
trotting,69169,69117,69169,52
right_turning,69202,69169,69202,33
sniffing,69312,69202,69312,110
walking,69376,69312,69376,64
sniffing,69379,69376,69379,3
stepping,69452,69379,69452,73
trotting,69475,69452,69475,23
stepping,69504,69475,69504,29
rising,69546,69504,69546,42
rearing,69627,69546,69627,81
rising,69651,69627,69651,24
hunching,69858,69651,69858,207
rearing,69873,69858,69873,15
hunching,69922,69873,69922,49
rearing,69958,69922,69958,36
grooming,69959,69958,69959,1
scratching,69960,69959,69960,1
sniffing,69991,69960,69991,31
rising,70043,69991,70043,52
climbing,70104,70043,70104,61
grooming,70105,70104,70105,1
rising,70162,70105,70162,57
rearing,70225,70162,70225,63
rising,70226,70225,70226,1
climbing,70445,70226,70445,219
left_turning,70474,70445,70474,29
trotting,70536,70474,70536,62
walking,70564,70536,70564,28
stepping,70614,70564,70614,50
walking,70661,70614,70661,47
rearing,70691,70661,70691,30
climbing,70692,70691,70692,1
rising,70693,70692,70693,1
walking,70694,70693,70694,1
sniffing,70788,70694,70788,94
rising,70807,70788,70807,19
rearing,70815,70807,70815,8
hunching,70902,70815,70902,87
grooming,70903,70902,70903,1
hunching,70992,70903,70992,89
rearing,70993,70992,70993,1
stepping,71059,70993,71059,66
climbing,71149,71059,71149,90
walking,71175,71149,71175,26
sniffing,71373,71175,71373,198
walking,71403,71373,71403,30
sniffing,71404,71403,71404,1
rearing,71465,71404,71465,61
sniffing,71483,71465,71483,18
stepping,71549,71483,71549,66
sniffing,71569,71549,71569,20
climbing,71621,71569,71621,52
walking,71642,71621,71642,21
sniffing,71739,71642,71739,97
trotting,71819,71739,71819,80
walking,71820,71819,71820,1
trotting,71855,71820,71855,35
sniffing,72148,71855,72148,293
stepping,72184,72148,72184,36
sniffing,72216,72184,72216,32
left_turning,72304,72216,72304,88
walking,72307,72304,72307,3
sniffing,72416,72307,72416,109
grooming,72524,72416,72524,108
rising,72542,72524,72542,18
climbing,72543,72542,72543,1
sniffing,72544,72543,72544,1
rising,72609,72544,72609,65
hunching,72610,72609,72610,1
sniffing,72711,72610,72711,101
rearing,72712,72711,72712,1
climbing,72729,72712,72729,17
stepping,72794,72729,72794,65
walking,72819,72794,72819,25
rearing,72859,72819,72859,40
grooming,72931,72859,72931,72
left_turning,72947,72931,72947,16
rising,73032,72947,73032,85
rearing,73112,73032,73112,80
climbing,73124,73112,73124,12
left_turning,73155,73124,73155,31
grooming,73156,73155,73156,1
climbing,73170,73156,73170,14
grooming,73171,73170,73171,1
left_turning,73194,73171,73194,23
walking,73240,73194,73240,46
sniffing,73241,73240,73241,1
left_turning,73301,73241,73301,60
hunching,73335,73301,73335,34
grooming,73706,73335,73706,371
climbing,73769,73706,73769,63
left_turning,73791,73769,73791,22
sniffing,73843,73791,73843,52
climbing,73895,73843,73895,52
rising,73925,73895,73925,30
climbing,73967,73925,73967,42
walking,74038,73967,74038,71
trotting,74121,74038,74121,83
stepping,74172,74121,74172,51
sniffing,74174,74172,74174,2
grooming,74175,74174,74175,1
climbing,74248,74175,74248,73
stepping,74255,74248,74255,7
rising,74256,74255,74256,1
grooming,74451,74256,74451,195
left_turning,74468,74451,74468,17
walking,74539,74468,74539,71
rearing,74588,74539,74588,49
walking,74589,74588,74589,1
trotting,74620,74589,74620,31
walking,74647,74620,74647,27
stepping,74662,74647,74662,15
sniffing,74705,74662,74705,43
grooming,74764,74705,74764,59
trotting,74813,74764,74813,49
sniffing,74899,74813,74899,86
stepping,74925,74899,74925,26
sniffing,75017,74925,75017,92
walking,75077,75017,75077,60
sniffing,75111,75077,75111,34
left_turning,75189,75111,75189,78
sniffing,75300,75189,75300,111
grooming,75472,75300,75472,172
hunching,75517,75472,75517,45
rearing,75553,75517,75553,36
stepping,75575,75553,75575,22
sniffing,75738,75575,75738,163
walking,75811,75738,75811,73
sniffing,75960,75811,75960,149
walking,75970,75960,75970,10
trotting,75992,75970,75992,22
sniffing,75999,75992,75999,7
rising,76008,75999,76008,9
rearing,76097,76008,76097,89
sniffing,76117,76097,76117,20
left_turning,76131,76117,76131,14
walking,76211,76131,76211,80
stepping,76239,76211,76239,28
grooming,76409,76239,76409,170
rearing,76417,76409,76417,8
grooming,76619,76417,76619,202
scratching,76620,76619,76620,1
sniffing,76635,76620,76635,15
stepping,76715,76635,76715,80
walking,76793,76715,76793,78
sniffing,76857,76793,76857,64
rising,76906,76857,76906,49
grooming,77037,76906,77037,131
rearing,77067,77037,77067,30
rising,77068,77067,77068,1
sniffing,77084,77068,77084,16
rising,77107,77084,77107,23
sniffing,77154,77107,77154,47
climbing,77184,77154,77184,30
walking,77243,77184,77243,59
rearing,77313,77243,77313,70
climbing,77314,77313,77314,1
stepping,77352,77314,77352,38
walking,77372,77352,77372,20
trotting,77381,77372,77381,9
sniffing,77425,77381,77425,44
grooming,77684,77425,77684,259
hunching,77713,77684,77713,29
rearing,77714,77713,77714,1
grooming,77986,77714,77986,272
sniffing,77994,77986,77994,8
rising,78087,77994,78087,93
stepping,78112,78087,78112,25
grooming,78113,78112,78113,1
hunching,78171,78113,78171,58
grooming,78588,78171,78588,417
scratching,78589,78588,78589,1
walking,78600,78589,78600,11
sniffing,78771,78600,78771,171
walking,78856,78771,78856,85
sniffing,78874,78856,78874,18
walking,78989,78874,78989,115
sniffing,79080,78989,79080,91
walking,79098,79080,79098,18
sniffing,79229,79098,79229,131
left_turning,79261,79229,79261,32
trotting,79308,79261,79308,47
walking,79345,79308,79345,37
stepping,79395,79345,79395,50
grooming,80296,79395,80296,901
hunching,80347,80296,80347,51
sniffing,80356,80347,80356,9
rising,80382,80356,80382,26
grooming,80439,80382,80439,57
sniffing,80554,80439,80554,115
rising,80574,80554,80574,20
rearing,80584,80574,80584,10
climbing,80673,80584,80673,89
rearing,80727,80673,80727,54
sniffing,80728,80727,80728,1
stepping,80748,80728,80748,20
rising,80802,80748,80802,54
rearing,80911,80802,80911,109
hunching,80912,80911,80912,1
rearing,81011,80912,81011,99
grooming,81215,81011,81215,204
rearing,81340,81215,81340,125
climbing,81341,81340,81341,1
trotting,81372,81341,81372,31
rising,81424,81372,81424,52
stepping,81440,81424,81440,16
sniffing,81443,81440,81443,3
grooming,82028,81443,82028,585
rearing,82029,82028,82029,1
grooming,82030,82029,82030,1
rising,82085,82030,82085,55
rearing,82133,82085,82133,48
left_turning,82148,82133,82148,15
stepping,82196,82148,82196,48
walking,82242,82196,82242,46
sniffing,82338,82242,82338,96
rearing,82393,82338,82393,55
rising,82445,82393,82445,52
grooming,82472,82445,82472,27
sniffing,82673,82472,82673,201
right_turning,82707,82673,82707,34
walking,82757,82707,82757,50
sniffing,82833,82757,82833,76
walking,82871,82833,82871,38
sniffing,82994,82871,82994,123
walking,83056,82994,83056,62
sniffing,83137,83056,83137,81
left_turning,83205,83137,83205,68
rearing,83307,83205,83307,102
hunching,83333,83307,83333,26
rising,83379,83333,83379,46
grooming,83622,83379,83622,243
sniffing,83623,83622,83623,1
running,83630,83623,83630,7
right_turning,83660,83630,83660,30
sniffing,83777,83660,83777,117
grooming,83968,83777,83968,191
scratching,83969,83968,83969,1
left_turning,83970,83969,83970,1
stepping,84019,83970,84019,49
rearing,84086,84019,84086,67
grooming,84087,84086,84087,1
rising,84104,84087,84104,17
sniffing,84157,84104,84157,53
walking,84189,84157,84189,32
trotting,84222,84189,84222,33
stepping,84326,84222,84326,104
sniffing,84397,84326,84397,71
stepping,84438,84397,84438,41
rearing,84463,84438,84463,25
rising,84480,84463,84480,17
walking,84555,84480,84555,75
left_turning,84637,84555,84637,82
walking,84724,84637,84724,87
rearing,84804,84724,84804,80
stepping,84822,84804,84822,18
walking,84835,84822,84835,13
stepping,84888,84835,84888,53
rising,84889,84888,84889,1
sniffing,84890,84889,84890,1
grooming,84891,84890,84891,1
climbing,84892,84891,84892,1
right_turning,84947,84892,84947,55
stepping,84995,84947,84995,48
sniffing,84996,84995,84996,1
walking,84997,84996,84997,1
trotting,85048,84997,85048,51
sniffing,85049,85048,85049,1
trotting,85121,85049,85121,72
sniffing,85176,85121,85176,55
rising,85208,85176,85208,32
rearing,85240,85208,85240,32
climbing,85255,85240,85255,15
rearing,85304,85255,85304,49
running,85343,85304,85343,39
walking,85384,85343,85384,41
climbing,85474,85384,85474,90
rising,85518,85474,85518,44
rearing,85519,85518,85519,1
stepping,85532,85519,85532,13
sniffing,85533,85532,85533,1
rearing,85658,85533,85658,125
running,85665,85658,85665,7
trotting,85709,85665,85709,44
sniffing,85959,85709,85959,250
right_turning,85979,85959,85979,20
rising,86025,85979,86025,46
climbing,86090,86025,86090,65
grooming,86091,86090,86091,1
sniffing,86092,86091,86092,1
hunching,86093,86092,86093,1
stepping,86156,86093,86156,63
walking,86158,86156,86158,2
climbing,86211,86158,86211,53
rising,86212,86211,86212,1
sniffing,86374,86212,86374,162
grooming,86672,86374,86672,298
walking,86780,86672,86780,108
right_turning,86781,86780,86781,1
sniffing,86929,86781,86929,148
left_turning,87035,86929,87035,106
sniffing,87107,87035,87107,72
stepping,87153,87107,87153,46
grooming,87232,87153,87232,79
scratching,87233,87232,87233,1
grooming,87294,87233,87294,61
rearing,87378,87294,87378,84
stepping,87407,87378,87407,29
climbing,87501,87407,87501,94
rearing,87534,87501,87534,33
climbing,87593,87534,87593,59
left_turning,87613,87593,87613,20
sniffing,87944,87613,87944,331
walking,88019,87944,88019,75
stepping,88037,88019,88037,18
rearing,88123,88037,88123,86
rising,88159,88123,88159,36
grooming,88559,88159,88559,400
climbing,88667,88559,88667,108
grooming,89213,88667,89213,546
rearing,89214,89213,89214,1
grooming,89705,89214,89705,491
rising,89766,89705,89766,61
climbing,89881,89766,89881,115
left_turning,89902,89881,89902,21
scratching,89903,89902,89903,1
grooming,89904,89903,89904,1
walking,89910,89904,89910,6
right_turning,89951,89910,89951,41
walking,89980,89951,89980,29
trotting,89993,89980,89993,13
rising,90071,89993,90071,78
walking,90120,90071,90120,49
sniffing,90226,90120,90226,106
rearing,90352,90226,90352,126
climbing,90433,90352,90433,81
stepping,90443,90433,90443,10
walking,90464,90443,90464,21
rising,90465,90464,90465,1
sniffing,90562,90465,90562,97
walking,90603,90562,90603,41
stepping,90676,90603,90676,73
rearing,90732,90676,90732,56
stepping,90814,90732,90814,82
sniffing,90823,90814,90823,9
rising,90915,90823,90915,92
climbing,91039,90915,91039,124
stepping,91076,91039,91076,37
rising,91101,91076,91101,25
climbing,91190,91101,91190,89
stepping,91219,91190,91219,29
walking,91230,91219,91230,11
stepping,91246,91230,91246,16
walking,91298,91246,91298,52
rising,91353,91298,91353,55
climbing,91504,91353,91504,151
grooming,91603,91504,91603,99
climbing,91613,91603,91613,10
grooming,92003,91613,92003,390
sniffing,92004,92003,92004,1
walking,92005,92004,92005,1
grooming,92151,92005,92151,146
rearing,92184,92151,92184,33
climbing,92231,92184,92231,47
rearing,92278,92231,92278,47
sniffing,92345,92278,92345,67
right_turning,92382,92345,92382,37
stepping,92402,92382,92402,20
sniffing,92519,92402,92519,117
stepping,92581,92519,92581,62
walking,92705,92581,92705,124
stepping,92740,92705,92740,35
running,92759,92740,92759,19
walking,92789,92759,92789,30
stepping,92870,92789,92870,81
walking,92947,92870,92947,77
climbing,93016,92947,93016,69
rising,93017,93016,93017,1
sniffing,93145,93017,93145,128
right_turning,93151,93145,93151,6
climbing,93270,93151,93270,119
running,93304,93270,93304,34
trotting,93349,93304,93349,45
walking,93416,93349,93416,67
rising,93444,93416,93444,28
grooming,93445,93444,93445,1
rearing,93464,93445,93464,19
grooming,93537,93464,93537,73
hunching,93611,93537,93611,74
climbing,93716,93611,93716,105
grooming,93746,93716,93746,30
scratching,93747,93746,93747,1
grooming,94017,93747,94017,270
rearing,94054,94017,94054,37
grooming,94101,94054,94101,47
hunching,94106,94101,94106,5
rearing,94168,94106,94168,62
climbing,94225,94168,94225,57
left_turning,94276,94225,94276,51
sniffing,94357,94276,94357,81
left_turning,94370,94357,94370,13
grooming,94683,94370,94683,313
sniffing,94789,94683,94789,106
rearing,94790,94789,94790,1
climbing,94791,94790,94791,1
walking,94796,94791,94796,5
sniffing,94969,94796,94969,173
right_turning,94983,94969,94983,14
sniffing,94984,94983,94984,1
stepping,95014,94984,95014,30
right_turning,95084,95014,95084,70
rising,95095,95084,95095,11
right_turning,95108,95095,95108,13
sniffing,95210,95108,95210,102
rising,95228,95210,95228,18
stepping,95260,95228,95260,32
right_turning,95310,95260,95310,50
stepping,95367,95310,95367,57
walking,95434,95367,95434,67
rising,95435,95434,95435,1
climbing,95461,95435,95461,26
trotting,95479,95461,95479,18
walking,95494,95479,95494,15
sniffing,95542,95494,95542,48
stepping,95585,95542,95585,43
sniffing,95590,95585,95590,5
right_turning,95591,95590,95591,1
rearing,95620,95591,95620,29
walking,95627,95620,95627,7
rising,95644,95627,95644,17
climbing,95645,95644,95645,1
rearing,95670,95645,95670,25
climbing,95778,95670,95778,108
rearing,95784,95778,95784,6
left_turning,95785,95784,95785,1
rising,95882,95785,95882,97
sniffing,95991,95882,95991,109
rising,96037,95991,96037,46
climbing,96060,96037,96060,23
stepping,96093,96060,96093,33
rearing,96131,96093,96131,38
stepping,96171,96131,96171,40
walking,96212,96171,96212,41
sniffing,96213,96212,96213,1
rising,96252,96213,96252,39
grooming,96331,96252,96331,79
left_turning,96344,96331,96344,13
hunching,96386,96344,96386,42
grooming,96535,96386,96535,149
sniffing,96572,96535,96572,37
climbing,96624,96572,96624,52
walking,96636,96624,96636,12
sniffing,96756,96636,96756,120
right_turning,96757,96756,96757,1
sniffing,96824,96757,96824,67
stepping,96886,96824,96886,62
walking,96939,96886,96939,53
stepping,96980,96939,96980,41
sniffing,96981,96980,96981,1
left_turning,96999,96981,96999,18
hunching,97069,96999,97069,70
grooming,97157,97069,97157,88
rearing,97237,97157,97237,80
grooming,97238,97237,97238,1
climbing,97239,97238,97239,1
right_turning,97292,97239,97292,53
stepping,97320,97292,97320,28
right_turning,97343,97320,97343,23
sniffing,97377,97343,97377,34
grooming,97791,97377,97791,414
sniffing,97868,97791,97868,77
stepping,97876,97868,97876,8
walking,97901,97876,97901,25
grooming,98004,97901,98004,103
hunching,98094,98004,98094,90
rearing,98139,98094,98139,45
rising,98140,98139,98140,1
walking,98159,98140,98159,19
running,98177,98159,98177,18
left_turning,98220,98177,98220,43
grooming,98252,98220,98252,32
climbing,98307,98252,98307,55
left_turning,98318,98307,98318,11
walking,98388,98318,98388,70
stepping,98469,98388,98469,81
walking,98522,98469,98522,53
sniffing,98552,98522,98552,30
scratching,98553,98552,98553,1
stepping,98630,98553,98630,77
running,98648,98630,98648,18
walking,98681,98648,98681,33
sniffing,98701,98681,98701,20
rising,98702,98701,98702,1
grooming,98736,98702,98736,34
rearing,98770,98736,98770,34
grooming,98905,98770,98905,135
right_turning,98942,98905,98942,37
walking,99048,98942,99048,106
sniffing,99145,99048,99145,97
stepping,99199,99145,99199,54
sniffing,99311,99199,99311,112
stepping,99360,99311,99360,49
sniffing,99488,99360,99488,128
stepping,99521,99488,99521,33
grooming,99522,99521,99522,1
running,99541,99522,99541,19
sniffing,99542,99541,99542,1
grooming,99927,99542,99927,385
rearing,100003,99927,100003,76
grooming,100096,100003,100096,93
sniffing,100123,100096,100123,27
grooming,100124,100123,100124,1
climbing,100125,100124,100125,1
rearing,100254,100125,100254,129
grooming,100365,100254,100365,111
rising,100400,100365,100400,35
grooming,100401,100400,100401,1
rearing,100402,100401,100402,1
grooming,100769,100402,100769,367
rearing,100787,100769,100787,18
hunching,100788,100787,100788,1
rising,100834,100788,100834,46
climbing,100913,100834,100913,79
left_turning,100948,100913,100948,35
walking,101000,100948,101000,52
sniffing,101142,101000,101142,142
grooming,101143,101142,101143,1
rearing,101204,101143,101204,61
grooming,101525,101204,101525,321
running,101547,101525,101547,22
walking,101628,101547,101628,81
sniffing,101801,101628,101801,173
stepping,101814,101801,101814,13
walking,101862,101814,101862,48
rising,102014,101862,102014,152
sniffing,102062,102014,102062,48
stepping,102120,102062,102120,58
grooming,102458,102120,102458,338
left_turning,102549,102458,102549,91
sniffing,102656,102549,102656,107
rising,102775,102656,102775,119
climbing,102888,102775,102888,113
walking,102968,102888,102968,80
stepping,103035,102968,103035,67
sniffing,103174,103035,103174,139
grooming,103175,103174,103175,1
walking,103191,103175,103191,16
sniffing,103436,103191,103436,245
walking,103505,103436,103505,69
sniffing,103506,103505,103506,1
stepping,103523,103506,103523,17
sniffing,103572,103523,103572,49
right_turning,103584,103572,103584,12
sniffing,103686,103584,103686,102
left_turning,103721,103686,103721,35
walking,103736,103721,103736,15
sniffing,103780,103736,103780,44
rising,103816,103780,103816,36
sniffing,103905,103816,103905,89
climbing,103906,103905,103906,1
grooming,104146,103906,104146,240
stepping,104159,104146,104159,13
climbing,104265,104159,104265,106
rearing,104348,104265,104348,83
grooming,104531,104348,104531,183
rearing,104532,104531,104532,1
climbing,104533,104532,104533,1
running,104567,104533,104567,34
left_turning,104653,104567,104653,86
rising,104654,104653,104654,1
rearing,104753,104654,104753,99
grooming,104754,104753,104754,1
stepping,104786,104754,104786,32
sniffing,104932,104786,104932,146
rising,104945,104932,104945,13
rearing,104993,104945,104993,48
rising,105050,104993,105050,57
climbing,105120,105050,105120,70
left_turning,105121,105120,105121,1
trotting,105164,105121,105164,43
running,105198,105164,105198,34
sniffing,105199,105198,105199,1
trotting,105211,105199,105211,12
stepping,105212,105211,105212,1
rising,105213,105212,105213,1
sniffing,105306,105213,105306,93
trotting,105361,105306,105361,55
walking,105448,105361,105448,87
stepping,105462,105448,105462,14
rising,105463,105462,105463,1
grooming,105502,105463,105502,39
hunching,105549,105502,105549,47
rearing,105639,105549,105639,90
climbing,105790,105639,105790,151
grooming,106036,105790,106036,246
climbing,106037,106036,106037,1
grooming,106124,106037,106124,87
rearing,106125,106124,106125,1
grooming,106257,106125,106257,132
rearing,106260,106257,106260,3
sniffing,106308,106260,106308,48
grooming,106601,106308,106601,293
sniffing,106794,106601,106794,193
rearing,106953,106794,106953,159
climbing,107002,106953,107002,49
left_turning,107030,107002,107030,28
stepping,107084,107030,107084,54
sniffing,107085,107084,107085,1
stepping,107136,107085,107136,51
rising,107137,107136,107137,1
sniffing,107139,107137,107139,2
right_turning,107174,107139,107174,35
stepping,107225,107174,107225,51
walking,107276,107225,107276,51
rising,107277,107276,107277,1
rearing,107295,107277,107295,18
grooming,107720,107295,107720,425
stepping,107762,107720,107762,42
rearing,107812,107762,107812,50
climbing,107909,107812,107909,97
rising,107943,107909,107943,34
climbing,108000,107943,108000,57
