revised_movement_label,segBoundary,segBoundary_start,segBoundary_end,length
right_turning,2,0,2,2
walking,3,2,3,1
running,4,3,4,1
trotting,32,4,32,28
stepping,47,32,47,15
rearing,70,47,70,23
climbing,72,70,72,2
right_turning,79,72,79,7
walking,132,79,132,53
stepping,228,132,228,96
rising,266,228,266,38
grooming,272,266,272,6
sniffing,343,272,343,71
walking,396,343,396,53
stepping,412,396,412,16
walking,505,412,505,93
stepping,547,505,547,42
walking,676,547,676,129
rising,730,676,730,54
grooming,739,730,739,9
rising,825,739,825,86
right_turning,847,825,847,22
walking,907,847,907,60
sniffing,908,907,908,1
grooming,952,908,952,44
rearing,953,952,953,1
sniffing,954,953,954,1
rising,955,954,955,1
left_turning,1017,955,1017,62
running,1018,1017,1018,1
rising,1081,1018,1081,63
sniffing,1179,1081,1179,98
running,1193,1179,1193,14
walking,1212,1193,1212,19
stepping,1257,1212,1257,45
walking,1294,1257,1294,37
trotting,1339,1294,1339,45
walking,1376,1339,1376,37
stepping,1408,1376,1408,32
trotting,1508,1408,1508,100
left_turning,1522,1508,1522,14
walking,1564,1522,1564,42
stepping,1641,1564,1641,77
rising,1698,1641,1698,57
left_turning,1699,1698,1699,1
stepping,1774,1699,1774,75
walking,1837,1774,1837,63
rising,1872,1837,1872,35
walking,1929,1872,1929,57
running,1964,1929,1964,35
rising,1966,1964,1966,2
rearing,1975,1966,1975,9
grooming,1976,1975,1976,1
left_turning,1998,1976,1998,22
rising,2082,1998,2082,84
sniffing,2142,2082,2142,60
left_turning,2171,2142,2171,29
grooming,2481,2171,2481,310
sniffing,2506,2481,2506,25
left_turning,2524,2506,2524,18
rising,2590,2524,2590,66
sniffing,2639,2590,2639,49
stepping,2662,2639,2662,23
climbing,2748,2662,2748,86
hunching,2770,2748,2770,22
grooming,2771,2770,2771,1
left_turning,2785,2771,2785,14
running,2838,2785,2838,53
trotting,2889,2838,2889,51
walking,2928,2889,2928,39
sniffing,3020,2928,3020,92
rising,3021,3020,3021,1
sniffing,3022,3021,3022,1
stepping,3061,3022,3061,39
sniffing,3087,3061,3087,26
stepping,3122,3087,3122,35
sniffing,3123,3122,3123,1
rising,3127,3123,3127,4
left_turning,3152,3127,3152,25
sniffing,3266,3152,3266,114
left_turning,3293,3266,3293,27
walking,3347,3293,3347,54
trotting,3384,3347,3384,37
climbing,3443,3384,3443,59
grooming,3575,3443,3575,132
rearing,3723,3575,3723,148
grooming,3831,3723,3831,108
sniffing,3832,3831,3832,1
grooming,3914,3832,3914,82
right_turning,3938,3914,3938,24
running,3952,3938,3952,14
left_turning,3976,3952,3976,24
walking,4046,3976,4046,70
sniffing,4121,4046,4121,75
grooming,4146,4121,4146,25
rising,4179,4146,4179,33
sniffing,4257,4179,4257,78
rising,4275,4257,4275,18
right_turning,4320,4275,4320,45
stepping,4377,4320,4377,57
trotting,4399,4377,4399,22
stepping,4492,4399,4492,93
rearing,4586,4492,4586,94
left_turning,4644,4586,4644,58
trotting,4681,4644,4681,37
running,4699,4681,4699,18
sniffing,4725,4699,4725,26
rising,4788,4725,4788,63
sniffing,4789,4788,4789,1
rising,4863,4789,4863,74
running,4880,4863,4880,17
sniffing,4949,4880,4949,69
left_turning,4964,4949,4964,15
sniffing,4988,4964,4988,24
rising,4989,4988,4989,1
climbing,4990,4989,4990,1
grooming,4995,4990,4995,5
trotting,5023,4995,5023,28
walking,5060,5023,5060,37
rising,5129,5060,5129,69
left_turning,5150,5129,5150,21
rearing,5260,5150,5260,110
grooming,5316,5260,5316,56
left_turning,5318,5316,5318,2
walking,5372,5318,5372,54
sniffing,5392,5372,5392,20
left_turning,5464,5392,5464,72
walking,5536,5464,5536,72
trotting,5606,5536,5606,70
walking,5621,5606,5621,15
sniffing,5644,5621,5644,23
trotting,5675,5644,5675,31
rising,5676,5675,5676,1
right_turning,5677,5676,5677,1
stepping,5694,5677,5694,17
rising,5695,5694,5695,1
grooming,5696,5695,5696,1
walking,5751,5696,5751,55
stepping,5881,5751,5881,130
sniffing,5909,5881,5909,28
rising,5936,5909,5936,27
grooming,5991,5936,5991,55
left_turning,6006,5991,6006,15
sniffing,6007,6006,6007,1
rising,6026,6007,6026,19
sniffing,6030,6026,6030,4
walking,6061,6030,6061,31
sniffing,6156,6061,6156,95
left_turning,6157,6156,6157,1
walking,6180,6157,6180,23
sniffing,6214,6180,6214,34
stepping,6278,6214,6278,64
sniffing,6279,6278,6279,1
right_turning,6301,6279,6301,22
trotting,6315,6301,6315,14
walking,6398,6315,6398,83
left_turning,6436,6398,6436,38
sniffing,6530,6436,6530,94
rising,6553,6530,6553,23
walking,6554,6553,6554,1
sniffing,6598,6554,6598,44
rising,6604,6598,6604,6
right_turning,6605,6604,6605,1
sniffing,6642,6605,6642,37
rearing,6643,6642,6643,1
rising,6644,6643,6644,1
right_turning,6645,6644,6645,1
walking,6714,6645,6714,69
grooming,6715,6714,6715,1
sniffing,6843,6715,6843,128
rising,6906,6843,6906,63
sniffing,6987,6906,6987,81
rising,7029,6987,7029,42
grooming,7083,7029,7083,54
sniffing,7191,7083,7191,108
walking,7236,7191,7236,45
stepping,7253,7236,7253,17
right_turning,7279,7253,7279,26
rising,7318,7279,7318,39
walking,7372,7318,7372,54
sniffing,7631,7372,7631,259
left_turning,7642,7631,7642,11
stepping,7664,7642,7664,22
walking,7688,7664,7688,24
sniffing,7689,7688,7689,1
rearing,7747,7689,7747,58
hunching,7748,7747,7748,1
grooming,7832,7748,7832,84
rising,7869,7832,7869,37
left_turning,7982,7869,7982,113
running,8017,7982,8017,35
trotting,8081,8017,8081,64
rising,8118,8081,8118,37
trotting,8168,8118,8168,50
walking,8169,8168,8169,1
sniffing,8179,8169,8179,10
rearing,8248,8179,8248,69
right_turning,8263,8248,8263,15
rising,8280,8263,8280,17
walking,8334,8280,8334,54
sniffing,8335,8334,8335,1
rising,8403,8335,8403,68
left_turning,8533,8403,8533,130
running,8584,8533,8584,51
walking,8607,8584,8607,23
grooming,8734,8607,8734,127
right_turning,8762,8734,8762,28
walking,8832,8762,8832,70
sniffing,8833,8832,8833,1
rising,8842,8833,8842,9
stepping,8851,8842,8851,9
sniffing,8895,8851,8895,44
rising,8923,8895,8923,28
sniffing,8944,8923,8944,21
rearing,8996,8944,8996,52
sniffing,8999,8996,8999,3
right_turning,9046,8999,9046,47
rising,9050,9046,9050,4
rearing,9113,9050,9113,63
grooming,9150,9113,9150,37
trotting,9184,9150,9184,34
walking,9261,9184,9261,77
rising,9271,9261,9271,10
grooming,9299,9271,9299,28
rearing,9338,9299,9338,39
grooming,9378,9338,9378,40
right_turning,9415,9378,9415,37
running,9428,9415,9428,13
rising,9437,9428,9437,9
sniffing,9514,9437,9514,77
walking,9584,9514,9584,70
stepping,9608,9584,9608,24
rising,9651,9608,9651,43
walking,9729,9651,9729,78
rising,9753,9729,9753,24
sniffing,9838,9753,9838,85
stepping,9878,9838,9878,40
rising,9879,9878,9879,1
grooming,9880,9879,9880,1
walking,9931,9880,9931,51
rising,9963,9931,9963,32
grooming,10073,9963,10073,110
rearing,10170,10073,10170,97
grooming,10209,10170,10209,39
walking,10261,10209,10261,52
stepping,10323,10261,10323,62
running,10350,10323,10350,27
trotting,10422,10350,10422,72
walking,10474,10422,10474,52
running,10496,10474,10496,22
grooming,10606,10496,10606,110
rearing,10692,10606,10692,86
grooming,10772,10692,10772,80
rising,10850,10772,10850,78
climbing,10892,10850,10892,42
sniffing,10908,10892,10908,16
trotting,10945,10908,10945,37
running,10968,10945,10968,23
stepping,11038,10968,11038,70
climbing,11065,11038,11065,27
left_turning,11066,11065,11066,1
running,11075,11066,11075,9
walking,11118,11075,11118,43
sniffing,11154,11118,11154,36
left_turning,11155,11154,11155,1
grooming,11405,11155,11405,250
sniffing,11407,11405,11407,2
rising,11425,11407,11425,18
sniffing,11466,11425,11466,41
grooming,11653,11466,11653,187
rearing,11660,11653,11660,7
running,11679,11660,11679,19
walking,11712,11679,11712,33
sniffing,11823,11712,11823,111
trotting,11875,11823,11875,52
grooming,11972,11875,11972,97
rearing,12019,11972,12019,47
hunching,12020,12019,12020,1
grooming,12117,12020,12117,97
hunching,12149,12117,12149,32
rearing,12211,12149,12211,62
rising,12241,12211,12241,30
left_turning,12258,12241,12258,17
rising,12307,12258,12307,49
walking,12319,12307,12319,12
sniffing,12354,12319,12354,35
grooming,12481,12354,12481,127
hunching,12487,12481,12487,6
sniffing,12515,12487,12515,28
rearing,12568,12515,12568,53
climbing,12610,12568,12610,42
grooming,12729,12610,12729,119
rising,12775,12729,12775,46
grooming,12858,12775,12858,83
stepping,12874,12858,12874,16
sniffing,12884,12874,12884,10
left_turning,12885,12884,12885,1
walking,12936,12885,12936,51
stepping,12993,12936,12993,57
right_turning,13038,12993,13038,45
sniffing,13039,13038,13039,1
walking,13155,13039,13155,116
grooming,13250,13155,13250,95
rising,13312,13250,13312,62
grooming,13376,13312,13376,64
rearing,13377,13376,13377,1
walking,13413,13377,13413,36
rearing,13445,13413,13445,32
grooming,13572,13445,13572,127
stepping,13594,13572,13594,22
sniffing,13668,13594,13668,74
walking,13727,13668,13727,59
stepping,13798,13727,13798,71
walking,13832,13798,13832,34
stepping,13850,13832,13850,18
rising,13917,13850,13917,67
grooming,13936,13917,13936,19
rearing,14058,13936,14058,122
grooming,14149,14058,14149,91
trotting,14183,14149,14183,34
stepping,14194,14183,14194,11
walking,14234,14194,14234,40
running,14249,14234,14249,15
trotting,14260,14249,14260,11
rising,14261,14260,14261,1
climbing,14355,14261,14355,94
grooming,14388,14355,14388,33
rising,14451,14388,14451,63
trotting,14484,14451,14484,33
sniffing,14520,14484,14520,36
stepping,14521,14520,14521,1
sniffing,14557,14521,14557,36
rising,14581,14557,14581,24
climbing,14657,14581,14657,76
grooming,14674,14657,14674,17
sniffing,14675,14674,14675,1
walking,14714,14675,14714,39
sniffing,14743,14714,14743,29
rising,14744,14743,14744,1
sniffing,14745,14744,14745,1
stepping,14776,14745,14776,31
walking,14848,14776,14848,72
running,14879,14848,14879,31
stepping,14908,14879,14908,29
sniffing,14909,14908,14909,1
grooming,15027,14909,15027,118
running,15053,15027,15053,26
walking,15058,15053,15058,5
rising,15060,15058,15060,2
rearing,15094,15060,15094,34
grooming,15095,15094,15095,1
rearing,15147,15095,15147,52
climbing,15253,15147,15253,106
rearing,15254,15253,15254,1
rising,15266,15254,15266,12
grooming,15290,15266,15290,24
hunching,15336,15290,15336,46
sniffing,15347,15336,15347,11
rising,15351,15347,15351,4
stepping,15384,15351,15384,33
trotting,15415,15384,15415,31
running,15448,15415,15448,33
walking,15490,15448,15490,42
stepping,15523,15490,15523,33
running,15541,15523,15541,18
grooming,15619,15541,15619,78
rearing,15620,15619,15620,1
sniffing,15675,15620,15675,55
rearing,15694,15675,15694,19
hunching,15759,15694,15759,65
rising,15791,15759,15791,32
stepping,15809,15791,15809,18
climbing,15858,15809,15858,49
stepping,15859,15858,15859,1
walking,15869,15859,15869,10
sniffing,15895,15869,15895,26
stepping,15949,15895,15949,54
rising,15998,15949,15998,49
sniffing,16152,15998,16152,154
grooming,16153,16152,16153,1
rearing,16154,16153,16154,1
walking,16242,16154,16242,88
rising,16256,16242,16256,14
rearing,16291,16256,16291,35
hunching,16292,16291,16292,1
rearing,16392,16292,16392,100
grooming,16660,16392,16660,268
stepping,16700,16660,16700,40
grooming,16701,16700,16701,1
rising,16725,16701,16725,24
grooming,16778,16725,16778,53
stepping,16810,16778,16810,32
grooming,16901,16810,16901,91
hunching,16958,16901,16958,57
grooming,17078,16958,17078,120
walking,17108,17078,17108,30
sniffing,17112,17108,17112,4
trotting,17113,17112,17113,1
rising,17120,17113,17120,7
sniffing,17189,17120,17189,69
grooming,17321,17189,17321,132
rearing,17366,17321,17366,45
walking,17386,17366,17386,20
stepping,17440,17386,17440,54
right_turning,17465,17440,17465,25
stepping,17492,17465,17492,27
sniffing,17507,17492,17507,15
stepping,17556,17507,17556,49
rearing,17557,17556,17557,1
stepping,17610,17557,17610,53
climbing,17684,17610,17684,74
grooming,17716,17684,17716,32
sniffing,17797,17716,17797,81
grooming,17868,17797,17868,71
stepping,17915,17868,17915,47
walking,17973,17915,17973,58
sniffing,18015,17973,18015,42
walking,18059,18015,18059,44
sniffing,18203,18059,18203,144
rising,18223,18203,18223,20
walking,18274,18223,18274,51
stepping,18347,18274,18347,73
sniffing,18440,18347,18440,93
climbing,18452,18440,18452,12
grooming,18453,18452,18453,1
walking,18478,18453,18478,25
sniffing,18561,18478,18561,83
stepping,18584,18561,18584,23
grooming,18585,18584,18585,1
running,18598,18585,18598,13
walking,18645,18598,18645,47
rising,18662,18645,18662,17
sniffing,18663,18662,18663,1
running,18688,18663,18688,25
walking,18744,18688,18744,56
sniffing,18895,18744,18895,151
grooming,18958,18895,18958,63
right_turning,18990,18958,18990,32
stepping,19005,18990,19005,15
walking,19055,19005,19055,50
rising,19070,19055,19070,15
sniffing,19267,19070,19267,197
rising,19301,19267,19301,34
rearing,19402,19301,19402,101
trotting,19436,19402,19436,34
sniffing,19532,19436,19532,96
rising,19636,19532,19636,104
grooming,19637,19636,19637,1
climbing,19638,19637,19638,1
grooming,19810,19638,19810,172
rearing,19859,19810,19859,49
walking,19860,19859,19860,1
stepping,19916,19860,19916,56
rising,19961,19916,19961,45
sniffing,19962,19961,19962,1
left_turning,20092,19962,20092,130
walking,20186,20092,20186,94
sniffing,20187,20186,20187,1
walking,20258,20187,20258,71
sniffing,20281,20258,20281,23
grooming,20435,20281,20435,154
sniffing,20500,20435,20500,65
stepping,20526,20500,20526,26
sniffing,20609,20526,20609,83
grooming,20623,20609,20623,14
trotting,20678,20623,20678,55
left_turning,20702,20678,20702,24
grooming,20742,20702,20742,40
walking,20755,20742,20755,13
right_turning,20756,20755,20756,1
walking,20822,20756,20822,66
right_turning,20824,20822,20824,2
running,20845,20824,20845,21
stepping,20853,20845,20853,8
walking,20854,20853,20854,1
sniffing,20867,20854,20867,13
grooming,21053,20867,21053,186
left_turning,21059,21053,21059,6
walking,21098,21059,21098,39
stepping,21099,21098,21099,1
walking,21140,21099,21140,41
right_turning,21158,21140,21158,18
walking,21187,21158,21187,29
sniffing,21221,21187,21221,34
walking,21258,21221,21258,37
stepping,21287,21258,21287,29
sniffing,21444,21287,21444,157
rising,21495,21444,21495,51
left_turning,21525,21495,21525,30
walking,21553,21525,21553,28
sniffing,21554,21553,21554,1
grooming,21885,21554,21885,331
stepping,21942,21885,21942,57
walking,22018,21942,22018,76
sniffing,22092,22018,22092,74
walking,22120,22092,22120,28
sniffing,22225,22120,22225,105
stepping,22265,22225,22265,40
sniffing,22333,22265,22333,68
stepping,22378,22333,22378,45
walking,22386,22378,22386,8
rising,22418,22386,22418,32
stepping,22454,22418,22454,36
left_turning,22474,22454,22474,20
walking,22493,22474,22493,19
sniffing,22500,22493,22500,7
trotting,22506,22500,22506,6
stepping,22536,22506,22536,30
sniffing,22564,22536,22564,28
climbing,22597,22564,22597,33
grooming,22672,22597,22672,75
sniffing,22801,22672,22801,129
walking,22884,22801,22884,83
sniffing,22937,22884,22937,53
stepping,23035,22937,23035,98
sniffing,23036,23035,23036,1
stepping,23053,23036,23053,17
sniffing,23054,23053,23054,1
stepping,23062,23054,23062,8
sniffing,23162,23062,23162,100
rising,23180,23162,23180,18
sniffing,23234,23180,23234,54
left_turning,23298,23234,23298,64
rising,23301,23298,23301,3
sniffing,23508,23301,23508,207
rising,23512,23508,23512,4
stepping,23547,23512,23547,35
grooming,23685,23547,23685,138
hunching,23763,23685,23763,78
sniffing,23804,23763,23804,41
left_turning,23847,23804,23847,43
walking,23848,23847,23848,1
stepping,23877,23848,23877,29
sniffing,23986,23877,23986,109
trotting,24050,23986,24050,64
walking,24057,24050,24057,7
right_turning,24080,24057,24080,23
stepping,24116,24080,24116,36
sniffing,24220,24116,24220,104
walking,24243,24220,24243,23
sniffing,24330,24243,24330,87
grooming,24494,24330,24494,164
stepping,24553,24494,24553,59
rising,24645,24553,24645,92
hunching,24682,24645,24682,37
rearing,24710,24682,24710,28
grooming,24936,24710,24936,226
stepping,24968,24936,24968,32
walking,24978,24968,24978,10
trotting,25014,24978,25014,36
sniffing,25104,25014,25104,90
climbing,25154,25104,25154,50
grooming,25257,25154,25257,103
left_turning,25281,25257,25281,24
walking,25282,25281,25282,1
stepping,25283,25282,25283,1
sniffing,25462,25283,25462,179
stepping,25508,25462,25508,46
sniffing,25567,25508,25567,59
grooming,25568,25567,25568,1
walking,25599,25568,25599,31
sniffing,25680,25599,25680,81
rearing,25748,25680,25748,68
stepping,25819,25748,25819,71
rising,25867,25819,25867,48
right_turning,25940,25867,25940,73
sniffing,25978,25940,25978,38
grooming,26248,25978,26248,270
rising,26309,26248,26309,61
stepping,26354,26309,26354,45
walking,26407,26354,26407,53
rising,26501,26407,26501,94
walking,26508,26501,26508,7
rising,26573,26508,26573,65
walking,26609,26573,26609,36
sniffing,26623,26609,26623,14
hunching,26681,26623,26681,58
right_turning,26682,26681,26682,1
walking,26758,26682,26758,76
sniffing,26759,26758,26759,1
stepping,26848,26759,26848,89
sniffing,26927,26848,26927,79
stepping,26953,26927,26953,26
walking,27018,26953,27018,65
sniffing,27019,27018,27019,1
walking,27060,27019,27060,41
trotting,27064,27060,27064,4
grooming,27485,27064,27485,421
hunching,27486,27485,27486,1
sniffing,27611,27486,27611,125
grooming,27748,27611,27748,137
walking,27794,27748,27794,46
left_turning,27853,27794,27853,59
trotting,27897,27853,27897,44
walking,27953,27897,27953,56
grooming,28120,27953,28120,167
rising,28136,28120,28136,16
stepping,28149,28136,28149,13
sniffing,28167,28149,28167,18
hunching,28192,28167,28192,25
walking,28193,28192,28193,1
trotting,28221,28193,28221,28
walking,28314,28221,28314,93
sniffing,28425,28314,28425,111
walking,28484,28425,28484,59
stepping,28538,28484,28538,54
sniffing,28663,28538,28663,125
scratching,28664,28663,28664,1
left_turning,28715,28664,28715,51
climbing,28801,28715,28801,86
grooming,28805,28801,28805,4
right_turning,28839,28805,28839,34
walking,28859,28839,28859,20
sniffing,28925,28859,28925,66
grooming,28926,28925,28926,1
walking,29024,28926,29024,98
trotting,29058,29024,29058,34
walking,29084,29058,29084,26
sniffing,29154,29084,29154,70
grooming,29291,29154,29291,137
sniffing,29292,29291,29292,1
hunching,29314,29292,29314,22
grooming,29426,29314,29426,112
right_turning,29485,29426,29485,59
walking,29532,29485,29532,47
stepping,29581,29532,29581,49
sniffing,29671,29581,29671,90
left_turning,29673,29671,29673,2
sniffing,29786,29673,29786,113
grooming,29802,29786,29802,16
climbing,29860,29802,29860,58
right_turning,29879,29860,29879,19
stepping,29953,29879,29953,74
climbing,30009,29953,30009,56
running,30047,30009,30047,38
walking,30093,30047,30093,46
stepping,30119,30093,30119,26
sniffing,30175,30119,30175,56
stepping,30212,30175,30212,37
climbing,30300,30212,30300,88
sniffing,30371,30300,30371,71
climbing,30398,30371,30398,27
left_turning,30399,30398,30399,1
walking,30408,30399,30408,9
stepping,30459,30408,30459,51
rising,30480,30459,30480,21
stepping,30542,30480,30542,62
sniffing,30791,30542,30791,249
walking,30838,30791,30838,47
sniffing,30839,30838,30839,1
walking,30840,30839,30840,1
trotting,30854,30840,30854,14
sniffing,30892,30854,30892,38
grooming,31159,30892,31159,267
right_turning,31203,31159,31203,44
sniffing,31240,31203,31240,37
left_turning,31280,31240,31280,40
climbing,31315,31280,31315,35
stepping,31351,31315,31351,36
walking,31449,31351,31449,98
left_turning,31603,31449,31603,154
walking,31604,31603,31604,1
left_turning,31608,31604,31608,4
grooming,31609,31608,31609,1
left_turning,31647,31609,31647,38
running,31675,31647,31675,28
trotting,31716,31675,31716,41
stepping,31750,31716,31750,34
sniffing,31762,31750,31762,12
rising,31809,31762,31809,47
left_turning,31866,31809,31866,57
grooming,32011,31866,32011,145
climbing,32049,32011,32049,38
rearing,32118,32049,32118,69
grooming,32119,32118,32119,1
walking,32169,32119,32169,50
stepping,32204,32169,32204,35
rising,32210,32204,32210,6
sniffing,32211,32210,32211,1
grooming,32321,32211,32321,110
climbing,32414,32321,32414,93
stepping,32438,32414,32438,24
trotting,32445,32438,32445,7
sniffing,32464,32445,32464,19
stepping,32540,32464,32540,76
walking,32578,32540,32578,38
sniffing,32603,32578,32603,25
grooming,32790,32603,32790,187
walking,32871,32790,32871,81
trotting,32913,32871,32913,42
rising,32985,32913,32985,72
climbing,32999,32985,32999,14
left_turning,33010,32999,33010,11
trotting,33041,33010,33041,31
walking,33079,33041,33079,38
rising,33117,33079,33117,38
climbing,33190,33117,33190,73
walking,33215,33190,33215,25
stepping,33235,33215,33235,20
sniffing,33268,33235,33268,33
climbing,33312,33268,33312,44
walking,33341,33312,33341,29
trotting,33395,33341,33395,54
climbing,33411,33395,33411,16
grooming,33691,33411,33691,280
rearing,33760,33691,33760,69
sniffing,33954,33760,33954,194
rising,34029,33954,34029,75
stepping,34087,34029,34087,58
walking,34095,34087,34095,8
stepping,34128,34095,34128,33
sniffing,34265,34128,34265,137
rearing,34274,34265,34274,9
climbing,34468,34274,34468,194
right_turning,34485,34468,34485,17
grooming,34486,34485,34486,1
rearing,34499,34486,34499,13
hunching,34540,34499,34540,41
grooming,34727,34540,34727,187
trotting,34737,34727,34737,10
sniffing,34819,34737,34819,82
grooming,34820,34819,34820,1
walking,34821,34820,34821,1
trotting,34854,34821,34854,33
rearing,34921,34854,34921,67
stepping,34945,34921,34945,24
climbing,34946,34945,34946,1
right_turning,35011,34946,35011,65
climbing,35088,35011,35088,77
trotting,35119,35088,35119,31
walking,35166,35119,35166,47
trotting,35180,35166,35180,14
stepping,35213,35180,35213,33
left_turning,35266,35213,35266,53
rising,35293,35266,35293,27
rearing,35383,35293,35383,90
grooming,35418,35383,35418,35
walking,35431,35418,35431,13
trotting,35458,35431,35458,27
sniffing,35459,35458,35459,1
walking,35460,35459,35460,1
grooming,35469,35460,35469,9
walking,35530,35469,35530,61
sniffing,35568,35530,35568,38
rising,35620,35568,35620,52
left_turning,35664,35620,35664,44
walking,35767,35664,35767,103
sniffing,35841,35767,35841,74
trotting,35866,35841,35866,25
walking,35934,35866,35934,68
sniffing,35991,35934,35991,57
climbing,36060,35991,36060,69
rearing,36061,36060,36061,1
stepping,36085,36061,36085,24
grooming,36475,36085,36475,390
rearing,36514,36475,36514,39
grooming,36553,36514,36553,39
sniffing,36593,36553,36593,40
grooming,36717,36593,36717,124
climbing,36831,36717,36831,114
left_turning,36870,36831,36870,39
grooming,36916,36870,36916,46
sniffing,36917,36916,36917,1
walking,36918,36917,36918,1
sniffing,36927,36918,36927,9
rising,36928,36927,36928,1
sniffing,37061,36928,37061,133
left_turning,37114,37061,37114,53
walking,37186,37114,37186,72
stepping,37217,37186,37217,31
grooming,37262,37217,37262,45
rearing,37282,37262,37282,20
climbing,37328,37282,37328,46
left_turning,37382,37328,37382,54
sniffing,37383,37382,37383,1
stepping,37410,37383,37410,27
sniffing,37411,37410,37411,1
walking,37443,37411,37443,32
stepping,37472,37443,37472,29
sniffing,37532,37472,37532,60
stepping,37607,37532,37607,75
right_turning,37608,37607,37608,1
grooming,37795,37608,37795,187
rearing,37836,37795,37836,41
grooming,38003,37836,38003,167
left_turning,38004,38003,38004,1
climbing,38079,38004,38079,75
rising,38161,38079,38161,82
left_turning,38197,38161,38197,36
trotting,38279,38197,38279,82
walking,38301,38279,38301,22
stepping,38361,38301,38361,60
right_turning,38370,38361,38370,9
walking,38447,38370,38447,77
grooming,38597,38447,38597,150
stepping,38670,38597,38670,73
grooming,38736,38670,38736,66
walking,38749,38736,38749,13
sniffing,38794,38749,38794,45
rising,38795,38794,38795,1
rearing,38839,38795,38839,44
rising,38889,38839,38889,50
climbing,38908,38889,38908,19
grooming,39007,38908,39007,99
hunching,39008,39007,39008,1
rearing,39059,39008,39059,51
climbing,39105,39059,39105,46
sniffing,39253,39105,39253,148
left_turning,39270,39253,39270,17
walking,39354,39270,39354,84
sniffing,39399,39354,39399,45
rising,39501,39399,39501,102
climbing,39620,39501,39620,119
walking,39640,39620,39640,20
sniffing,39641,39640,39641,1
walking,39696,39641,39696,55
rearing,39785,39696,39785,89
grooming,39786,39785,39786,1
hunching,39787,39786,39787,1
grooming,39817,39787,39817,30
rising,39893,39817,39893,76
sniffing,39936,39893,39936,43
right_turning,39937,39936,39937,1
stepping,39969,39937,39969,32
left_turning,40013,39969,40013,44
hunching,40068,40013,40068,55
walking,40069,40068,40069,1
sniffing,40128,40069,40128,59
left_turning,40161,40128,40161,33
grooming,40283,40161,40283,122
hunching,40360,40283,40360,77
grooming,40427,40360,40427,67
sniffing,40428,40427,40428,1
grooming,40517,40428,40517,89
climbing,40567,40517,40567,50
rising,40612,40567,40612,45
sniffing,40707,40612,40707,95
running,40740,40707,40740,33
rising,40741,40740,40741,1
rearing,40805,40741,40805,64
left_turning,40857,40805,40857,52
walking,40862,40857,40862,5
sniffing,40898,40862,40898,36
stepping,40907,40898,40907,9
walking,40929,40907,40929,22
stepping,40966,40929,40966,37
rising,41041,40966,41041,75
rearing,41089,41041,41089,48
hunching,41113,41089,41113,24
grooming,41114,41113,41114,1
walking,41123,41114,41123,9
stepping,41168,41123,41168,45
right_turning,41171,41168,41171,3
stepping,41186,41171,41186,15
sniffing,41281,41186,41281,95
grooming,41345,41281,41345,64
rearing,41391,41345,41391,46
left_turning,41407,41391,41407,16
sniffing,41443,41407,41443,36
grooming,41879,41443,41879,436
rearing,41984,41879,41984,105
rising,41985,41984,41985,1
climbing,42036,41985,42036,51
rearing,42082,42036,42082,46
grooming,42117,42082,42117,35
walking,42166,42117,42166,49
sniffing,42167,42166,42167,1
rearing,42184,42167,42184,17
left_turning,42206,42184,42206,22
sniffing,42207,42206,42207,1
rising,42225,42207,42225,18
stepping,42245,42225,42245,20
sniffing,42246,42245,42246,1
grooming,42373,42246,42373,127
sniffing,42375,42373,42375,2
left_turning,42440,42375,42440,65
rearing,42451,42440,42451,11
left_turning,42499,42451,42499,48
grooming,42500,42499,42500,1
sniffing,42553,42500,42553,53
walking,42597,42553,42597,44
sniffing,42714,42597,42714,117
grooming,42783,42714,42783,69
stepping,42833,42783,42833,50
climbing,42842,42833,42842,9
grooming,42992,42842,42992,150
stepping,43038,42992,43038,46
sniffing,43051,43038,43051,13
climbing,43091,43051,43091,40
stepping,43140,43091,43140,49
left_turning,43154,43140,43154,14
sniffing,43209,43154,43209,55
trotting,43248,43209,43248,39
walking,43284,43248,43284,36
trotting,43361,43284,43361,77
sniffing,43460,43361,43460,99
climbing,43559,43460,43559,99
rearing,43593,43559,43593,34
stepping,43606,43593,43606,13
grooming,43705,43606,43705,99
sniffing,43810,43705,43810,105
stepping,43855,43810,43855,45
sniffing,43856,43855,43856,1
rising,43872,43856,43872,16
sniffing,43983,43872,43983,111
grooming,44065,43983,44065,82
rearing,44134,44065,44134,69
grooming,44135,44134,44135,1
sniffing,44207,44135,44207,72
rising,44246,44207,44246,39
walking,44293,44246,44293,47
rearing,44294,44293,44294,1
jumping,44363,44294,44363,69
climbing,44394,44363,44394,31
rearing,44474,44394,44474,80
grooming,44617,44474,44617,143
hunching,44658,44617,44658,41
rising,44773,44658,44773,115
walking,44815,44773,44815,42
stepping,44827,44815,44827,12
walking,44845,44827,44845,18
stepping,44876,44845,44876,31
climbing,44881,44876,44881,5
running,44900,44881,44900,19
stepping,44930,44900,44930,30
walking,44990,44930,44990,60
sniffing,44991,44990,44991,1
grooming,45225,44991,45225,234
rearing,45237,45225,45237,12
hunching,45248,45237,45248,11
grooming,45249,45248,45249,1
rising,45250,45249,45250,1
climbing,45251,45250,45251,1
right_turning,45283,45251,45283,32
sniffing,45330,45283,45330,47
hunching,45422,45330,45422,92
grooming,45423,45422,45423,1
rising,45424,45423,45424,1
left_turning,45474,45424,45474,50
walking,45494,45474,45494,20
scratching,45495,45494,45495,1
stepping,45558,45495,45558,63
sniffing,45676,45558,45676,118
stepping,45727,45676,45727,51
grooming,45728,45727,45728,1
rising,45751,45728,45751,23
right_turning,45787,45751,45787,36
sniffing,45820,45787,45820,33
rising,45859,45820,45859,39
grooming,45860,45859,45860,1
climbing,45945,45860,45945,85
grooming,46024,45945,46024,79
sniffing,46087,46024,46087,63
grooming,46196,46087,46196,109
hunching,46227,46196,46227,31
scratching,46228,46227,46228,1
right_turning,46236,46228,46236,8
walking,46266,46236,46266,30
running,46288,46266,46288,22
sniffing,46327,46288,46327,39
right_turning,46384,46327,46384,57
walking,46406,46384,46406,22
grooming,46407,46406,46407,1
left_turning,46420,46407,46420,13
walking,46511,46420,46511,91
stepping,46512,46511,46512,1
left_turning,46513,46512,46513,1
stepping,46525,46513,46525,12
walking,46526,46525,46526,1
sniffing,46549,46526,46549,23
stepping,46556,46549,46556,7
walking,46625,46556,46625,69
rearing,46674,46625,46674,49
left_turning,46681,46674,46681,7
stepping,46694,46681,46694,13
sniffing,46881,46694,46881,187
stepping,46909,46881,46909,28
sniffing,47235,46909,47235,326
stepping,47280,47235,47280,45
trotting,47295,47280,47295,15
walking,47377,47295,47377,82
left_turning,47378,47377,47378,1
stepping,47393,47378,47393,15
sniffing,47437,47393,47437,44
rearing,47438,47437,47438,1
hunching,47524,47438,47524,86
rearing,47541,47524,47541,17
sniffing,47617,47541,47617,76
rearing,47689,47617,47689,72
climbing,47737,47689,47737,48
walking,47738,47737,47738,1
trotting,47751,47738,47751,13
rising,47793,47751,47793,42
hunching,47910,47793,47910,117
grooming,48230,47910,48230,320
rearing,48244,48230,48244,14
grooming,48245,48244,48245,1
stepping,48246,48245,48246,1
climbing,48268,48246,48268,22
left_turning,48332,48268,48332,64
walking,48388,48332,48388,56
sniffing,48396,48388,48396,8
walking,48439,48396,48439,43
rising,48440,48439,48440,1
stepping,48508,48440,48508,68
sniffing,48683,48508,48683,175
stepping,48723,48683,48723,40
grooming,48724,48723,48724,1
scratching,48725,48724,48725,1
grooming,48726,48725,48726,1
climbing,48838,48726,48838,112
left_turning,48849,48838,48849,11
walking,48970,48849,48970,121
trotting,48987,48970,48987,17
rising,49001,48987,49001,14
climbing,49002,49001,49002,1
walking,49007,49002,49007,5
stepping,49083,49007,49083,76
sniffing,49084,49083,49084,1
right_turning,49085,49084,49085,1
stepping,49132,49085,49132,47
walking,49133,49132,49133,1
stepping,49176,49133,49176,43
rising,49269,49176,49269,93
grooming,49376,49269,49376,107
running,49407,49376,49407,31
sniffing,49408,49407,49408,1
walking,49410,49408,49410,2
climbing,49509,49410,49509,99
grooming,49596,49509,49596,87
walking,49643,49596,49643,47
stepping,49660,49643,49660,17
sniffing,49661,49660,49661,1
rising,49821,49661,49821,160
climbing,49889,49821,49889,68
rearing,49919,49889,49919,30
trotting,49972,49919,49972,53
sniffing,50079,49972,50079,107
walking,50080,50079,50080,1
stepping,50137,50080,50137,57
walking,50169,50137,50169,32
sniffing,50253,50169,50253,84
stepping,50290,50253,50290,37
walking,50388,50290,50388,98
stepping,50417,50388,50417,29
hunching,50480,50417,50480,63
rearing,50514,50480,50514,34
grooming,50515,50514,50515,1
sniffing,50534,50515,50534,19
stepping,50590,50534,50590,56
climbing,50725,50590,50725,135
grooming,50816,50725,50816,91
scratching,50817,50816,50817,1
sniffing,50852,50817,50852,35
walking,50853,50852,50853,1
climbing,50901,50853,50901,48
running,50919,50901,50919,18
right_turning,50920,50919,50920,1
stepping,50972,50920,50972,52
sniffing,51347,50972,51347,375
walking,51457,51347,51457,110
grooming,51458,51457,51458,1
sniffing,51469,51458,51469,11
walking,51481,51469,51481,12
sniffing,51694,51481,51694,213
stepping,51763,51694,51763,69
trotting,51807,51763,51807,44
rearing,51816,51807,51816,9
sniffing,51843,51816,51843,27
rising,51878,51843,51878,35
climbing,51879,51878,51879,1
stepping,51902,51879,51902,23
trotting,51912,51902,51912,10
climbing,51927,51912,51927,15
rising,51935,51927,51935,8
sniffing,52008,51935,52008,73
walking,52049,52008,52049,41
stepping,52056,52049,52056,7
walking,52061,52056,52061,5
sniffing,52132,52061,52132,71
left_turning,52167,52132,52167,35
sniffing,52281,52167,52281,114
stepping,52298,52281,52298,17
sniffing,52308,52298,52308,10
stepping,52343,52308,52343,35
right_turning,52374,52343,52374,31
stepping,52425,52374,52425,51
walking,52426,52425,52426,1
scratching,52427,52426,52427,1
grooming,52592,52427,52592,165
climbing,52662,52592,52662,70
trotting,52683,52662,52683,21
stepping,52684,52683,52684,1
sniffing,52790,52684,52790,106
stepping,52861,52790,52861,71
sniffing,52918,52861,52918,57
stepping,52963,52918,52963,45
sniffing,53101,52963,53101,138
rising,53203,53101,53203,102
grooming,53675,53203,53675,472
rearing,53774,53675,53774,99
grooming,53775,53774,53775,1
walking,53805,53775,53805,30
sniffing,53876,53805,53876,71
walking,53918,53876,53918,42
sniffing,53932,53918,53932,14
walking,53981,53932,53981,49
sniffing,53982,53981,53982,1
rising,53984,53982,53984,2
grooming,54375,53984,54375,391
right_turning,54381,54375,54381,6
running,54425,54381,54425,44
stepping,54489,54425,54489,64
trotting,54508,54489,54508,19
climbing,54567,54508,54567,59
grooming,54568,54567,54568,1
climbing,54641,54568,54641,73
grooming,54831,54641,54831,190
walking,54859,54831,54859,28
sniffing,54860,54859,54860,1
climbing,54862,54860,54862,2
trotting,54902,54862,54902,40
sniffing,55069,54902,55069,167
left_turning,55145,55069,55145,76
sniffing,55250,55145,55250,105
stepping,55318,55250,55318,68
walking,55397,55318,55397,79
rising,55422,55397,55422,25
stepping,55433,55422,55433,11
rearing,55536,55433,55536,103
stepping,55594,55536,55594,58
sniffing,55698,55594,55698,104
left_turning,55704,55698,55704,6
trotting,55731,55704,55731,27
rising,55755,55731,55755,24
rearing,55798,55755,55798,43
trotting,55826,55798,55826,28
walking,55907,55826,55907,81
climbing,55975,55907,55975,68
right_turning,55983,55975,55983,8
walking,56021,55983,56021,38
sniffing,56097,56021,56097,76
grooming,56122,56097,56122,25
hunching,56147,56122,56147,25
grooming,56283,56147,56283,136
sniffing,56438,56283,56438,155
stepping,56472,56438,56472,34
rising,56497,56472,56497,25
rearing,56528,56497,56528,31
grooming,56663,56528,56663,135
scratching,56664,56663,56664,1
walking,56709,56664,56709,45
sniffing,56711,56709,56711,2
trotting,56718,56711,56718,7
walking,56777,56718,56777,59
right_turning,56813,56777,56813,36
running,56820,56813,56820,7
stepping,56833,56820,56833,13
walking,56916,56833,56916,83
sniffing,56918,56916,56918,2
walking,56919,56918,56919,1
running,56970,56919,56970,51
rising,57001,56970,57001,31
left_turning,57070,57001,57070,69
sniffing,57107,57070,57107,37
rearing,57108,57107,57108,1
walking,57126,57108,57126,18
rising,57134,57126,57134,8
sniffing,57135,57134,57135,1
stepping,57161,57135,57161,26
sniffing,57192,57161,57192,31
stepping,57208,57192,57208,16
sniffing,57335,57208,57335,127
walking,57337,57335,57337,2
left_turning,57338,57337,57338,1
grooming,57339,57338,57339,1
rearing,57383,57339,57383,44
grooming,57384,57383,57384,1
hunching,57427,57384,57427,43
rising,57468,57427,57468,41
sniffing,57580,57468,57580,112
right_turning,57603,57580,57603,23
walking,57680,57603,57680,77
stepping,57681,57680,57681,1
sniffing,57796,57681,57796,115
stepping,57841,57796,57841,45
grooming,58055,57841,58055,214
hunching,58303,58055,58303,248
grooming,58429,58303,58429,126
hunching,58476,58429,58476,47
rearing,58522,58476,58522,46
climbing,58604,58522,58604,82
grooming,58618,58604,58618,14
hunching,58665,58618,58665,47
grooming,58759,58665,58759,94
rearing,58760,58759,58760,1
climbing,58826,58760,58826,66
sniffing,58840,58826,58840,14
walking,58901,58840,58901,61
sniffing,59042,58901,59042,141
walking,59110,59042,59110,68
sniffing,59135,59110,59135,25
rising,59156,59135,59156,21
right_turning,59186,59156,59186,30
climbing,59187,59186,59187,1
grooming,59188,59187,59188,1
left_turning,59249,59188,59249,61
sniffing,59266,59249,59266,17
stepping,59300,59266,59300,34
grooming,59387,59300,59387,87
stepping,59433,59387,59433,46
walking,59466,59433,59466,33
stepping,59526,59466,59526,60
walking,59527,59526,59527,1
right_turning,59528,59527,59528,1
sniffing,59600,59528,59600,72
rising,59605,59600,59605,5
rearing,59607,59605,59607,2
climbing,59663,59607,59663,56
grooming,59815,59663,59815,152
sniffing,59831,59815,59831,16
rising,59853,59831,59853,22
stepping,59887,59853,59887,34
sniffing,59975,59887,59975,88
walking,59978,59975,59978,3
sniffing,60017,59978,60017,39
walking,60052,60017,60052,35
stepping,60078,60052,60078,26
sniffing,60106,60078,60106,28
rising,60108,60106,60108,2
grooming,60109,60108,60109,1
running,60136,60109,60136,27
climbing,60216,60136,60216,80
sniffing,60348,60216,60348,132
rearing,60349,60348,60349,1
climbing,60411,60349,60411,62
walking,60424,60411,60424,13
right_turning,60425,60424,60425,1
stepping,60476,60425,60476,51
sniffing,60525,60476,60525,49
grooming,60526,60525,60526,1
rearing,60560,60526,60560,34
grooming,60561,60560,60561,1
sniffing,60776,60561,60776,215
stepping,60832,60776,60832,56
grooming,60899,60832,60899,67
stepping,60951,60899,60951,52
climbing,61057,60951,61057,106
sniffing,61119,61057,61119,62
rising,61141,61119,61141,22
grooming,61144,61141,61144,3
stepping,61145,61144,61145,1
trotting,61146,61145,61146,1
walking,61160,61146,61160,14
sniffing,61240,61160,61240,80
grooming,61385,61240,61385,145
walking,61433,61385,61433,48
climbing,61567,61433,61567,134
right_turning,61586,61567,61586,19
walking,61680,61586,61680,94
climbing,61759,61680,61759,79
grooming,61929,61759,61929,170
hunching,61930,61929,61930,1
grooming,62573,61930,62573,643
hunching,62574,62573,62574,1
grooming,62587,62574,62587,13
climbing,62658,62587,62658,71
right_turning,62659,62658,62659,1
trotting,62731,62659,62731,72
sniffing,62813,62731,62813,82
left_turning,62847,62813,62847,34
sniffing,62900,62847,62900,53
stepping,62955,62900,62955,55
sniffing,63046,62955,63046,91
rising,63047,63046,63047,1
grooming,63291,63047,63291,244
sniffing,63371,63291,63371,80
stepping,63417,63371,63417,46
walking,63418,63417,63418,1
rising,63456,63418,63456,38
rearing,63481,63456,63481,25
grooming,63633,63481,63633,152
rearing,63667,63633,63667,34
climbing,63688,63667,63688,21
sniffing,63757,63688,63757,69
left_turning,63777,63757,63777,20
sniffing,63816,63777,63816,39
walking,63827,63816,63827,11
sniffing,63934,63827,63934,107
left_turning,63953,63934,63953,19
sniffing,64024,63953,64024,71
right_turning,64033,64024,64033,9
walking,64046,64033,64046,13
stepping,64077,64046,64077,31
grooming,64133,64077,64133,56
rearing,64134,64133,64134,1
sniffing,64162,64134,64162,28
stepping,64188,64162,64188,26
running,64228,64188,64228,40
walking,64324,64228,64324,96
sniffing,64325,64324,64325,1
rising,64401,64325,64401,76
climbing,64574,64401,64574,173
sniffing,64800,64574,64800,226
stepping,64883,64800,64883,83
grooming,64884,64883,64884,1
rising,64919,64884,64919,35
sniffing,65003,64919,65003,84
walking,65052,65003,65052,49
right_turning,65088,65052,65088,36
climbing,65100,65088,65100,12
sniffing,65134,65100,65134,34
trotting,65135,65134,65135,1
stepping,65207,65135,65207,72
rising,65244,65207,65244,37
walking,65285,65244,65285,41
sniffing,65286,65285,65286,1
left_turning,65298,65286,65298,12
sniffing,65348,65298,65348,50
walking,65405,65348,65405,57
sniffing,65426,65405,65426,21
rearing,65427,65426,65427,1
hunching,65476,65427,65476,49
grooming,65577,65476,65577,101
rising,65630,65577,65630,53
climbing,65631,65630,65631,1
grooming,65801,65631,65801,170
rearing,65874,65801,65874,73
rising,65885,65874,65885,11
left_turning,65892,65885,65892,7
climbing,65957,65892,65957,65
sniffing,66117,65957,66117,160
walking,66145,66117,66145,28
sniffing,66243,66145,66243,98
rising,66299,66243,66299,56
climbing,66378,66299,66378,79
sniffing,66457,66378,66457,79
left_turning,66488,66457,66488,31
walking,66521,66488,66521,33
stepping,66539,66521,66539,18
climbing,66578,66539,66578,39
left_turning,66610,66578,66610,32
grooming,66611,66610,66611,1
rearing,66637,66611,66637,26
grooming,66768,66637,66768,131
rearing,66769,66768,66769,1
left_turning,66785,66769,66785,16
walking,66813,66785,66813,28
sniffing,66974,66813,66974,161
walking,66994,66974,66994,20
stepping,67043,66994,67043,49
climbing,67103,67043,67103,60
walking,67168,67103,67168,65
stepping,67211,67168,67211,43
sniffing,67275,67211,67275,64
rising,67290,67275,67290,15
rearing,67294,67290,67294,4
grooming,67614,67294,67614,320
left_turning,67648,67614,67648,34
rising,67717,67648,67717,69
rearing,67775,67717,67775,58
stepping,67789,67775,67789,14
walking,67822,67789,67822,33
rising,67858,67822,67858,36
walking,67902,67858,67902,44
stepping,67933,67902,67933,31
sniffing,68028,67933,68028,95
grooming,68029,68028,68029,1
rising,68144,68029,68144,115
rearing,68180,68144,68180,36
rising,68206,68180,68206,26
grooming,68628,68206,68628,422
left_turning,68632,68628,68632,4
sniffing,68727,68632,68727,95
right_turning,68737,68727,68737,10
walking,68861,68737,68861,124
stepping,68923,68861,68923,62
climbing,69007,68923,69007,84
running,69025,69007,69025,18
stepping,69072,69025,69072,47
left_turning,69129,69072,69129,57
trotting,69133,69129,69133,4
walking,69154,69133,69154,21
sniffing,69155,69154,69155,1
climbing,69279,69155,69279,124
right_turning,69310,69279,69310,31
running,69322,69310,69322,12
trotting,69323,69322,69323,1
sniffing,69422,69323,69422,99
climbing,69476,69422,69476,54
rearing,69498,69476,69498,22
sniffing,69569,69498,69569,71
hunching,69617,69569,69617,48
grooming,69618,69617,69618,1
rising,69649,69618,69649,31
climbing,69779,69649,69779,130
rearing,69831,69779,69831,52
grooming,69847,69831,69847,16
sniffing,69848,69847,69848,1
stepping,69902,69848,69902,54
walking,69937,69902,69937,35
sniffing,69951,69937,69951,14
walking,69974,69951,69974,23
left_turning,70050,69974,70050,76
stepping,70051,70050,70051,1
sniffing,70078,70051,70078,27
stepping,70156,70078,70156,78
sniffing,70206,70156,70206,50
walking,70276,70206,70276,70
sniffing,70298,70276,70298,22
grooming,70308,70298,70308,10
rising,70360,70308,70360,52
climbing,70425,70360,70425,65
grooming,70426,70425,70426,1
left_turning,70427,70426,70427,1
sniffing,70504,70427,70504,77
rising,70517,70504,70517,13
rearing,70645,70517,70645,128
climbing,70851,70645,70851,206
sniffing,70873,70851,70873,22
rising,70931,70873,70931,58
rearing,71011,70931,71011,80
climbing,71109,71011,71109,98
grooming,71556,71109,71556,447
hunching,71573,71556,71573,17
grooming,71626,71573,71626,53
sniffing,71644,71626,71644,18
walking,71666,71644,71666,22
sniffing,71778,71666,71778,112
walking,71862,71778,71862,84
climbing,71863,71862,71863,1
walking,72007,71863,72007,144
rearing,72049,72007,72049,42
hunching,72071,72049,72071,22
rearing,72196,72071,72196,125
grooming,72227,72196,72227,31
sniffing,72273,72227,72273,46
walking,72319,72273,72319,46
stepping,72327,72319,72327,8
grooming,72559,72327,72559,232
stepping,72574,72559,72574,15
sniffing,72634,72574,72634,60
right_turning,72635,72634,72635,1
sniffing,72636,72635,72636,1
walking,72662,72636,72662,26
stepping,72705,72662,72705,43
walking,72728,72705,72728,23
stepping,72757,72728,72757,29
right_turning,72788,72757,72788,31
sniffing,72807,72788,72807,19
grooming,72889,72807,72889,82
sniffing,73029,72889,73029,140
grooming,73091,73029,73091,62
walking,73150,73091,73150,59
grooming,73193,73150,73193,43
stepping,73245,73193,73245,52
walking,73283,73245,73283,38
trotting,73293,73283,73293,10
climbing,73337,73293,73337,44
left_turning,73338,73337,73338,1
walking,73398,73338,73398,60
running,73435,73398,73435,37
stepping,73557,73435,73557,122
sniffing,73619,73557,73619,62
right_turning,73641,73619,73641,22
sniffing,73751,73641,73751,110
stepping,73767,73751,73767,16
sniffing,73805,73767,73805,38
stepping,73839,73805,73839,34
sniffing,73900,73839,73900,61
walking,74094,73900,74094,194
climbing,74095,74094,74095,1
walking,74130,74095,74130,35
trotting,74152,74130,74152,22
walking,74244,74152,74244,92
right_turning,74258,74244,74258,14
rising,74259,74258,74259,1
rearing,74351,74259,74351,92
running,74357,74351,74357,6
stepping,74401,74357,74401,44
sniffing,74461,74401,74461,60
stepping,74494,74461,74494,33
grooming,74668,74494,74668,174
walking,74706,74668,74706,38
sniffing,74804,74706,74804,98
walking,74888,74804,74888,84
stepping,74909,74888,74909,21
walking,74941,74909,74941,32
rising,74954,74941,74954,13
climbing,75013,74954,75013,59
grooming,75371,75013,75371,358
sniffing,75434,75371,75434,63
stepping,75485,75434,75485,51
trotting,75518,75485,75518,33
walking,75519,75518,75519,1
stepping,75569,75519,75569,50
sniffing,75570,75569,75570,1
grooming,75829,75570,75829,259
rearing,75881,75829,75881,52
grooming,76072,75881,76072,191
rearing,76088,76072,76088,16
grooming,76213,76088,76213,125
running,76228,76213,76228,15
climbing,76240,76228,76240,12
left_turning,76247,76240,76247,7
rising,76248,76247,76248,1
hunching,76308,76248,76308,60
sniffing,76378,76308,76378,70
rising,76379,76378,76379,1
walking,76380,76379,76380,1
sniffing,76381,76380,76381,1
rising,76384,76381,76384,3
walking,76385,76384,76385,1
right_turning,76408,76385,76408,23
walking,76494,76408,76494,86
scratching,76495,76494,76495,1
walking,76496,76495,76496,1
stepping,76497,76496,76497,1
sniffing,76550,76497,76550,53
climbing,76551,76550,76551,1
walking,76576,76551,76576,25
sniffing,76587,76576,76587,11
walking,76610,76587,76610,23
trotting,76634,76610,76634,24
rising,76651,76634,76651,17
rearing,76658,76651,76658,7
sniffing,76755,76658,76755,97
rearing,76860,76755,76860,105
rising,76891,76860,76891,31
grooming,76912,76891,76912,21
climbing,77125,76912,77125,213
trotting,77131,77125,77131,6
sniffing,77323,77131,77323,192
stepping,77328,77323,77328,5
grooming,77645,77328,77645,317
left_turning,77708,77645,77708,63
stepping,77745,77708,77745,37
walking,77746,77745,77746,1
sniffing,77747,77746,77747,1
rising,77767,77747,77767,20
rearing,77795,77767,77795,28
left_turning,77870,77795,77870,75
walking,77871,77870,77871,1
sniffing,77887,77871,77887,16
rising,77922,77887,77922,35
climbing,78060,77922,78060,138
sniffing,78064,78060,78064,4
grooming,78065,78064,78065,1
walking,78076,78065,78076,11
rising,78109,78076,78109,33
grooming,78120,78109,78120,11
rearing,78191,78120,78191,71
rising,78198,78191,78198,7
rearing,78234,78198,78234,36
grooming,78747,78234,78747,513
walking,78765,78747,78765,18
sniffing,78954,78765,78954,189
trotting,78956,78954,78956,2
sniffing,79096,78956,79096,140
stepping,79099,79096,79099,3
climbing,79113,79099,79113,14
left_turning,79148,79113,79148,35
walking,79195,79148,79195,47
stepping,79227,79195,79227,32
sniffing,79228,79227,79228,1
walking,79316,79228,79316,88
sniffing,79367,79316,79367,51
walking,79446,79367,79446,79
sniffing,79462,79446,79462,16
rearing,79527,79462,79527,65
climbing,79567,79527,79567,40
walking,79583,79567,79583,16
sniffing,79629,79583,79629,46
left_turning,79678,79629,79678,49
sniffing,79793,79678,79793,115
right_turning,79804,79793,79804,11
walking,79904,79804,79904,100
climbing,79912,79904,79912,8
trotting,79929,79912,79929,17
left_turning,79997,79929,79997,68
walking,80026,79997,80026,29
rising,80027,80026,80027,1
stepping,80048,80027,80048,21
running,80057,80048,80057,9
walking,80058,80057,80058,1
scratching,80059,80058,80059,1
grooming,80369,80059,80369,310
stepping,80384,80369,80384,15
sniffing,80457,80384,80457,73
walking,80520,80457,80520,63
sniffing,80643,80520,80643,123
grooming,80644,80643,80644,1
sniffing,80994,80644,80994,350
walking,81090,80994,81090,96
stepping,81130,81090,81130,40
grooming,81544,81130,81544,414
left_turning,81587,81544,81587,43
climbing,81661,81587,81661,74
rearing,81720,81661,81720,59
climbing,81721,81720,81721,1
stepping,81754,81721,81754,33
sniffing,81851,81754,81851,97
left_turning,81900,81851,81900,49
walking,81932,81900,81932,32
stepping,81966,81932,81966,34
walking,82036,81966,82036,70
climbing,82037,82036,82037,1
walking,82089,82037,82089,52
sniffing,82128,82089,82128,39
grooming,82558,82128,82558,430
sniffing,82667,82558,82667,109
right_turning,82686,82667,82686,19
walking,82687,82686,82687,1
rearing,82753,82687,82753,66
grooming,82754,82753,82754,1
stepping,82808,82754,82808,54
rising,82821,82808,82821,13
rearing,82822,82821,82822,1
right_turning,82846,82822,82846,24
walking,82907,82846,82907,61
sniffing,82920,82907,82920,13
walking,82974,82920,82974,54
sniffing,83046,82974,83046,72
hunching,83125,83046,83125,79
grooming,83435,83125,83435,310
rearing,83521,83435,83521,86
climbing,83535,83521,83535,14
rearing,83638,83535,83638,103
stepping,83639,83638,83639,1
rising,83640,83639,83640,1
walking,83680,83640,83680,40
sniffing,83810,83680,83810,130
walking,83903,83810,83903,93
left_turning,83971,83903,83971,68
walking,84004,83971,84004,33
stepping,84055,84004,84055,51
sniffing,84108,84055,84108,53
hunching,84162,84108,84162,54
grooming,84703,84162,84703,541
rising,84790,84703,84790,87
rearing,84791,84790,84791,1
rising,84820,84791,84820,29
rearing,84856,84820,84856,36
grooming,84857,84856,84857,1
rising,84903,84857,84903,46
rearing,84951,84903,84951,48
grooming,84952,84951,84952,1
climbing,85072,84952,85072,120
grooming,85073,85072,85073,1
running,85087,85073,85087,14
left_turning,85137,85087,85137,50
trotting,85159,85137,85159,22
sniffing,85281,85159,85281,122
rising,85330,85281,85330,49
climbing,85426,85330,85426,96
grooming,85519,85426,85519,93
sniffing,85613,85519,85613,94
rearing,85735,85613,85735,122
grooming,85994,85735,85994,259
rearing,85995,85994,85995,1
rising,86036,85995,86036,41
rearing,86043,86036,86043,7
hunching,86044,86043,86044,1
rearing,86063,86044,86063,19
grooming,86351,86063,86351,288
rearing,86373,86351,86373,22
stepping,86385,86373,86385,12
grooming,86899,86385,86899,514
stepping,86900,86899,86900,1
grooming,87185,86900,87185,285
scratching,87186,87185,87186,1
grooming,87241,87186,87241,55
sniffing,87425,87241,87425,184
grooming,87442,87425,87442,17
sniffing,87508,87442,87508,66
stepping,87547,87508,87547,39
walking,87622,87547,87622,75
sniffing,87623,87622,87623,1
stepping,87664,87623,87664,41
rising,87730,87664,87730,66
sniffing,87731,87730,87731,1
walking,87744,87731,87744,13
climbing,87787,87744,87787,43
stepping,87836,87787,87836,49
sniffing,87943,87836,87943,107
grooming,87992,87943,87992,49
rising,88006,87992,88006,14
climbing,88036,88006,88036,30
rising,88110,88036,88110,74
climbing,88119,88110,88119,9
rearing,88161,88119,88161,42
climbing,88165,88161,88165,4
running,88169,88165,88169,4
trotting,88199,88169,88199,30
walking,88269,88199,88269,70
running,88321,88269,88321,52
right_turning,88325,88321,88325,4
rearing,88377,88325,88377,52
grooming,88493,88377,88493,116
rearing,88509,88493,88509,16
climbing,88590,88509,88590,81
grooming,88690,88590,88690,100
rearing,88737,88690,88737,47
rising,88770,88737,88770,33
grooming,88956,88770,88956,186
rearing,89015,88956,89015,59
hunching,89081,89015,89081,66
grooming,89233,89081,89233,152
rearing,89319,89233,89319,86
sniffing,89358,89319,89358,39
grooming,89396,89358,89396,38
stepping,89397,89396,89397,1
walking,89419,89397,89419,22
sniffing,89558,89419,89558,139
climbing,89623,89558,89623,65
walking,89653,89623,89653,30
right_turning,89673,89653,89673,20
sniffing,89773,89673,89773,100
grooming,89774,89773,89774,1
sniffing,89823,89774,89823,49
rising,89899,89823,89899,76
sniffing,89900,89899,89900,1
grooming,90021,89900,90021,121
stepping,90093,90021,90093,72
rearing,90124,90093,90124,31
sniffing,90274,90124,90274,150
right_turning,90275,90274,90275,1
trotting,90291,90275,90291,16
sniffing,90511,90291,90511,220
walking,90577,90511,90577,66
climbing,90635,90577,90635,58
stepping,90658,90635,90658,23
left_turning,90739,90658,90739,81
sniffing,90833,90739,90833,94
stepping,90904,90833,90904,71
rising,90905,90904,90905,1
sniffing,90996,90905,90996,91
walking,91055,90996,91055,59
climbing,91056,91055,91056,1
running,91080,91056,91080,24
trotting,91091,91080,91091,11
walking,91102,91091,91102,11
right_turning,91137,91102,91137,35
walking,91138,91137,91138,1
left_turning,91175,91138,91175,37
stepping,91213,91175,91213,38
climbing,91311,91213,91311,98
grooming,91415,91311,91415,104
sniffing,91572,91415,91572,157
stepping,91676,91572,91676,104
sniffing,91766,91676,91766,90
rearing,91789,91766,91789,23
rising,91878,91789,91878,89
climbing,91911,91878,91911,33
walking,91956,91911,91956,45
sniffing,92030,91956,92030,74
rising,92054,92030,92054,24
rearing,92120,92054,92120,66
sniffing,92290,92120,92290,170
stepping,92359,92290,92359,69
sniffing,92360,92359,92360,1
walking,92419,92360,92419,59
stepping,92450,92419,92450,31
sniffing,92578,92450,92578,128
rising,92606,92578,92606,28
sniffing,92724,92606,92724,118
walking,92772,92724,92772,48
grooming,92977,92772,92977,205
sniffing,92978,92977,92978,1
rearing,93073,92978,93073,95
grooming,93206,93073,93206,133
climbing,93253,93206,93253,47
rising,93332,93253,93332,79
sniffing,93353,93332,93353,21
rising,93536,93353,93536,183
climbing,93563,93536,93563,27
hunching,93611,93563,93611,48
sniffing,93639,93611,93639,28
running,93676,93639,93676,37
trotting,93718,93676,93718,42
sniffing,93719,93718,93719,1
rising,93723,93719,93723,4
climbing,93810,93723,93810,87
running,93831,93810,93831,21
stepping,93880,93831,93880,49
sniffing,93924,93880,93924,44
grooming,94132,93924,94132,208
rearing,94150,94132,94150,18
hunching,94180,94150,94180,30
rearing,94181,94180,94181,1
grooming,94269,94181,94269,88
sniffing,94556,94269,94556,287
stepping,94566,94556,94566,10
rising,94567,94566,94567,1
climbing,94579,94567,94579,12
rising,94580,94579,94580,1
right_turning,94640,94580,94640,60
walking,94657,94640,94657,17
sniffing,94699,94657,94699,42
rising,94804,94699,94804,105
rearing,94836,94804,94836,32
grooming,95255,94836,95255,419
rising,95315,95255,95315,60
climbing,95379,95315,95379,64
walking,95380,95379,95380,1
sniffing,95631,95380,95631,251
rising,95668,95631,95668,37
rearing,95769,95668,95769,101
grooming,95790,95769,95790,21
rearing,95875,95790,95875,85
sniffing,95876,95875,95876,1
rising,95993,95876,95993,117
rearing,96031,95993,96031,38
hunching,96083,96031,96083,52
rearing,96218,96083,96218,135
rising,96229,96218,96229,11
right_turning,96242,96229,96242,13
stepping,96274,96242,96274,32
rising,96323,96274,96323,49
walking,96324,96323,96324,1
sniffing,96462,96324,96462,138
climbing,96488,96462,96488,26
sniffing,96527,96488,96527,39
left_turning,96551,96527,96551,24
stepping,96616,96551,96616,65
walking,96635,96616,96635,19
left_turning,96704,96635,96704,69
walking,96725,96704,96725,21
stepping,96772,96725,96772,47
rising,96847,96772,96847,75
rearing,96864,96847,96864,17
grooming,96967,96864,96967,103
sniffing,96979,96967,96979,12
stepping,97026,96979,97026,47
walking,97029,97026,97029,3
trotting,97069,97029,97069,40
climbing,97175,97069,97175,106
rearing,97229,97175,97229,54
rising,97314,97229,97314,85
sniffing,97364,97314,97364,50
rearing,97434,97364,97434,70
climbing,97441,97434,97441,7
hunching,97478,97441,97478,37
grooming,97479,97478,97479,1
rearing,97597,97479,97597,118
climbing,97659,97597,97659,62
walking,97684,97659,97684,25
rearing,97695,97684,97695,11
climbing,97740,97695,97740,45
rising,97758,97740,97758,18
sniffing,97850,97758,97850,92
walking,97888,97850,97888,38
rising,97889,97888,97889,1
right_turning,97916,97889,97916,27
walking,97975,97916,97975,59
stepping,97982,97975,97982,7
rising,97998,97982,97998,16
sniffing,98082,97998,98082,84
left_turning,98112,98082,98112,30
grooming,98411,98112,98411,299
rearing,98469,98411,98469,58
grooming,98545,98469,98545,76
trotting,98556,98545,98556,11
sniffing,98712,98556,98712,156
grooming,98932,98712,98932,220
rearing,99153,98932,99153,221
walking,99187,99153,99187,34
stepping,99224,99187,99224,37
rearing,99360,99224,99360,136
grooming,99361,99360,99361,1
climbing,99391,99361,99391,30
running,99436,99391,99436,45
walking,99448,99436,99448,12
sniffing,99528,99448,99528,80
rising,99552,99528,99552,24
rearing,99598,99552,99598,46
climbing,99687,99598,99687,89
left_turning,99726,99687,99726,39
sniffing,99895,99726,99895,169
climbing,99905,99895,99905,10
stepping,99923,99905,99923,18
sniffing,99924,99923,99924,1
rising,99961,99924,99961,37
sniffing,99995,99961,99995,34
walking,100087,99995,100087,92
stepping,100174,100087,100174,87
sniffing,100220,100174,100220,46
stepping,100284,100220,100284,64
rising,100340,100284,100340,56
rearing,100446,100340,100446,106
rising,100463,100446,100463,17
sniffing,100722,100463,100722,259
left_turning,100753,100722,100753,31
walking,100877,100753,100877,124
sniffing,100931,100877,100931,54
rising,100994,100931,100994,63
left_turning,101033,100994,101033,39
sniffing,101101,101033,101101,68
scratching,101102,101101,101102,1
right_turning,101147,101102,101147,45
sniffing,101251,101147,101251,104
stepping,101296,101251,101296,45
sniffing,101357,101296,101357,61
climbing,101516,101357,101516,159
rising,101536,101516,101536,20
rearing,101567,101536,101567,31
walking,101584,101567,101584,17
grooming,101947,101584,101947,363
stepping,101956,101947,101956,9
sniffing,102018,101956,102018,62
stepping,102019,102018,102019,1
sniffing,102032,102019,102032,13
stepping,102059,102032,102059,27
walking,102119,102059,102119,60
stepping,102188,102119,102188,69
sniffing,102280,102188,102280,92
walking,102347,102280,102347,67
sniffing,102541,102347,102541,194
grooming,102543,102541,102543,2
trotting,102587,102543,102587,44
sniffing,102753,102587,102753,166
grooming,102896,102753,102896,143
rearing,102998,102896,102998,102
grooming,102999,102998,102999,1
rearing,103065,102999,103065,66
sniffing,103146,103065,103146,81
walking,103226,103146,103226,80
sniffing,103279,103226,103279,53
walking,103342,103279,103342,63
sniffing,103420,103342,103420,78
right_turning,103421,103420,103421,1
stepping,103459,103421,103459,38
walking,103498,103459,103498,39
sniffing,103499,103498,103499,1
rising,103538,103499,103538,39
walking,103586,103538,103586,48
stepping,103667,103586,103667,81
walking,103707,103667,103707,40
sniffing,103746,103707,103746,39
rising,103813,103746,103813,67
stepping,103853,103813,103853,40
rising,103960,103853,103960,107
sniffing,104052,103960,104052,92
rising,104076,104052,104076,24
sniffing,104229,104076,104229,153
left_turning,104264,104229,104264,35
walking,104325,104264,104325,61
stepping,104386,104325,104386,61
walking,104410,104386,104410,24
sniffing,104411,104410,104411,1
grooming,104531,104411,104531,120
rearing,104532,104531,104532,1
climbing,104619,104532,104619,87
stepping,104698,104619,104698,79
sniffing,104786,104698,104786,88
rising,104868,104786,104868,82
rearing,104954,104868,104954,86
hunching,104990,104954,104990,36
rearing,105053,104990,105053,63
grooming,105054,105053,105054,1
sniffing,105068,105054,105068,14
walking,105119,105068,105119,51
sniffing,105259,105119,105259,140
rising,105374,105259,105374,115
rearing,105375,105374,105375,1
grooming,105376,105375,105376,1
rearing,105451,105376,105451,75
grooming,105717,105451,105717,266
rearing,105727,105717,105727,10
grooming,105728,105727,105728,1
sniffing,105768,105728,105768,40
scratching,105769,105768,105769,1
left_turning,105803,105769,105803,34
walking,105815,105803,105815,12
stepping,105829,105815,105829,14
walking,105858,105829,105858,29
stepping,105937,105858,105937,79
sniffing,106004,105937,106004,67
grooming,106005,106004,106005,1
rearing,106158,106005,106158,153
climbing,106302,106158,106302,144
rising,106342,106302,106342,40
sniffing,106440,106342,106440,98
rearing,106522,106440,106522,82
climbing,106556,106522,106556,34
left_turning,106586,106556,106586,30
grooming,107459,106586,107459,873
climbing,107613,107459,107613,154
running,107614,107613,107614,1
trotting,107637,107614,107637,23
sniffing,107773,107637,107773,136
walking,107958,107773,107958,185
sniffing,107959,107958,107959,1
rearing,107960,107959,107960,1
sniffing,107970,107960,107970,10
grooming,107971,107970,107971,1
left_turning,108000,107971,108000,29
