revised_movement_label,segBoundary,segBoundary_start,segBoundary_end,length
walking,21,0,21,21
sniffing,140,21,140,119
climbing,172,140,172,32
walking,178,172,178,6
sniffing,200,178,200,22
rising,256,200,256,56
climbing,275,256,275,19
rearing,320,275,320,45
climbing,350,320,350,30
rising,351,350,351,1
climbing,376,351,376,25
sniffing,383,376,383,7
left_turning,393,383,393,10
sniffing,394,393,394,1
rising,474,394,474,80
climbing,491,474,491,17
walking,533,491,533,42
sniffing,562,533,562,29
right_turning,594,562,594,32
walking,677,594,677,83
left_turning,683,677,683,6
walking,718,683,718,35
sniffing,719,718,719,1
climbing,745,719,745,26
sniffing,788,745,788,43
left_turning,827,788,827,39
sniffing,926,827,926,99
climbing,991,926,991,65
sniffing,1075,991,1075,84
rising,1119,1075,1119,44
trotting,1151,1119,1151,32
sniffing,1205,1151,1205,54
walking,1216,1205,1216,11
right_turning,1228,1216,1228,12
walking,1229,1228,1229,1
trotting,1269,1229,1269,40
left_turning,1296,1269,1296,27
sniffing,1320,1296,1320,24
rising,1346,1320,1346,26
left_turning,1359,1346,1359,13
trotting,1368,1359,1368,9
walking,1369,1368,1369,1
right_turning,1388,1369,1388,19
stepping,1428,1388,1428,40
rising,1443,1428,1443,15
walking,1539,1443,1539,96
running,1580,1539,1580,41
walking,1590,1580,1590,10
sniffing,1661,1590,1661,71
walking,1684,1661,1684,23
sniffing,1757,1684,1757,73
trotting,1782,1757,1782,25
walking,1798,1782,1798,16
trotting,1817,1798,1817,19
sniffing,1818,1817,1818,1
hunching,1832,1818,1832,14
sniffing,1915,1832,1915,83
rising,1916,1915,1916,1
hunching,1927,1916,1927,11
sniffing,1928,1927,1928,1
walking,1976,1928,1976,48
trotting,2024,1976,2024,48
rising,2058,2024,2058,34
climbing,2109,2058,2109,51
sniffing,2160,2109,2160,51
rising,2169,2160,2169,9
climbing,2222,2169,2222,53
rising,2223,2222,2223,1
right_turning,2231,2223,2231,8
walking,2280,2231,2280,49
rising,2304,2280,2304,24
walking,2345,2304,2345,41
sniffing,2351,2345,2351,6
climbing,2410,2351,2410,59
sniffing,2411,2410,2411,1
climbing,2490,2411,2490,79
sniffing,2556,2490,2556,66
climbing,2569,2556,2569,13
trotting,2583,2569,2583,14
sniffing,2612,2583,2612,29
climbing,2649,2612,2649,37
rising,2663,2649,2663,14
sniffing,2695,2663,2695,32
rising,2696,2695,2696,1
climbing,2752,2696,2752,56
sniffing,2850,2752,2850,98
rising,2978,2850,2978,128
grooming,2979,2978,2979,1
right_turning,3012,2979,3012,33
walking,3013,3012,3013,1
sniffing,3115,3013,3115,102
walking,3134,3115,3134,19
left_turning,3135,3134,3135,1
rising,3136,3135,3136,1
climbing,3153,3136,3153,17
sniffing,3228,3153,3228,75
walking,3251,3228,3251,23
sniffing,3252,3251,3252,1
right_turning,3265,3252,3265,13
rising,3272,3265,3272,7
rearing,3273,3272,3273,1
hunching,3281,3273,3281,8
sniffing,3291,3281,3291,10
rearing,3337,3291,3337,46
hunching,3404,3337,3404,67
climbing,3425,3404,3425,21
walking,3430,3425,3430,5
trotting,3488,3430,3488,58
walking,3489,3488,3489,1
trotting,3511,3489,3511,22
sniffing,3542,3511,3542,31
walking,3597,3542,3597,55
rising,3605,3597,3605,8
walking,3606,3605,3606,1
climbing,3638,3606,3638,32
rising,3687,3638,3687,49
walking,3705,3687,3705,18
sniffing,3706,3705,3706,1
grooming,3956,3706,3956,250
walking,3957,3956,3957,1
rising,3958,3957,3958,1
sniffing,4015,3958,4015,57
climbing,4016,4015,4016,1
sniffing,4085,4016,4085,69
left_turning,4099,4085,4099,14
sniffing,4168,4099,4168,69
climbing,4183,4168,4183,15
sniffing,4184,4183,4184,1
left_turning,4227,4184,4227,43
sniffing,4270,4227,4270,43
walking,4275,4270,4275,5
sniffing,4378,4275,4378,103
trotting,4393,4378,4393,15
stepping,4407,4393,4407,14
sniffing,4434,4407,4434,27
rearing,4481,4434,4481,47
rising,4503,4481,4503,22
sniffing,4504,4503,4504,1
rising,4505,4504,4505,1
climbing,4543,4505,4543,38
sniffing,4544,4543,4544,1
grooming,4545,4544,4545,1
hunching,4700,4545,4700,155
sniffing,4701,4700,4701,1
walking,4747,4701,4747,46
sniffing,4748,4747,4748,1
walking,4749,4748,4749,1
left_turning,4779,4749,4779,30
sniffing,4792,4779,4792,13
walking,4875,4792,4875,83
rising,4876,4875,4876,1
sniffing,4912,4876,4912,36
walking,4927,4912,4927,15
trotting,4937,4927,4937,10
rising,4967,4937,4967,30
trotting,5004,4967,5004,37
walking,5018,5004,5018,14
sniffing,5040,5018,5040,22
right_turning,5051,5040,5051,11
sniffing,5083,5051,5083,32
rising,5100,5083,5100,17
climbing,5127,5100,5127,27
walking,5174,5127,5174,47
sniffing,5190,5174,5190,16
left_turning,5222,5190,5222,32
running,5249,5222,5249,27
sniffing,5292,5249,5292,43
rising,5358,5292,5358,66
rearing,5408,5358,5408,50
climbing,5442,5408,5442,34
right_turning,5445,5442,5445,3
rising,5498,5445,5498,53
right_turning,5499,5498,5499,1
walking,5559,5499,5559,60
left_turning,5581,5559,5581,22
trotting,5598,5581,5598,17
stepping,5622,5598,5622,24
climbing,5665,5622,5665,43
walking,5704,5665,5704,39
rising,5762,5704,5762,58
sniffing,5763,5762,5763,1
walking,5819,5763,5819,56
hunching,5878,5819,5878,59
right_turning,5916,5878,5916,38
walking,5946,5916,5946,30
climbing,6010,5946,6010,64
trotting,6038,6010,6038,28
sniffing,6101,6038,6101,63
climbing,6155,6101,6155,54
sniffing,6230,6155,6230,75
rising,6246,6230,6246,16
grooming,6274,6246,6274,28
left_turning,6297,6274,6297,23
trotting,6305,6297,6305,8
rising,6492,6305,6492,187
climbing,6551,6492,6551,59
rising,6610,6551,6610,59
sniffing,6679,6610,6679,69
rising,6711,6679,6711,32
climbing,6767,6711,6767,56
walking,6772,6767,6772,5
climbing,6809,6772,6809,37
sniffing,6909,6809,6909,100
rising,6928,6909,6928,19
rearing,7039,6928,7039,111
climbing,7064,7039,7064,25
walking,7101,7064,7101,37
rising,7184,7101,7184,83
right_turning,7210,7184,7210,26
running,7253,7210,7253,43
walking,7254,7253,7254,1
trotting,7255,7254,7255,1
sniffing,7280,7255,7280,25
rising,7328,7280,7328,48
climbing,7383,7328,7383,55
left_turning,7405,7383,7405,22
running,7430,7405,7430,25
sniffing,7431,7430,7431,1
climbing,7476,7431,7476,45
sniffing,7602,7476,7602,126
right_turning,7618,7602,7618,16
left_turning,7619,7618,7619,1
trotting,7652,7619,7652,33
climbing,7661,7652,7661,9
right_turning,7686,7661,7686,25
stepping,7695,7686,7695,9
right_turning,7735,7695,7735,40
walking,7768,7735,7768,33
sniffing,7806,7768,7806,38
right_turning,7841,7806,7841,35
walking,7857,7841,7857,16
stepping,7886,7857,7886,29
walking,7934,7886,7934,48
sniffing,7954,7934,7954,20
walking,7983,7954,7983,29
left_turning,7988,7983,7988,5
running,8013,7988,8013,25
left_turning,8054,8013,8054,41
sniffing,8127,8054,8127,73
trotting,8146,8127,8146,19
sniffing,8147,8146,8147,1
walking,8148,8147,8148,1
rising,8240,8148,8240,92
sniffing,8303,8240,8303,63
climbing,8340,8303,8340,37
sniffing,8546,8340,8546,206
climbing,8620,8546,8620,74
right_turning,8629,8620,8629,9
walking,8658,8629,8658,29
sniffing,8659,8658,8659,1
climbing,8707,8659,8707,48
walking,8789,8707,8789,82
sniffing,8800,8789,8800,11
climbing,8849,8800,8849,49
sniffing,8850,8849,8850,1
rising,8938,8850,8938,88
climbing,8981,8938,8981,43
sniffing,8982,8981,8982,1
rising,9010,8982,9010,28
climbing,9050,9010,9050,40
sniffing,9051,9050,9051,1
walking,9065,9051,9065,14
sniffing,9103,9065,9103,38
walking,9117,9103,9117,14
running,9153,9117,9153,36
sniffing,9194,9153,9194,41
left_turning,9211,9194,9211,17
stepping,9247,9211,9247,36
sniffing,9283,9247,9283,36
walking,9305,9283,9305,22
left_turning,9347,9305,9347,42
sniffing,9427,9347,9427,80
left_turning,9428,9427,9428,1
sniffing,9462,9428,9462,34
walking,9519,9462,9519,57
sniffing,9520,9519,9520,1
left_turning,9534,9520,9534,14
walking,9541,9534,9541,7
trotting,9557,9541,9557,16
sniffing,9638,9557,9638,81
rising,9724,9638,9724,86
stepping,9761,9724,9761,37
walking,9777,9761,9777,16
sniffing,9941,9777,9941,164
left_turning,9954,9941,9954,13
sniffing,9987,9954,9987,33
trotting,10031,9987,10031,44
running,10044,10031,10044,13
stepping,10067,10044,10067,23
walking,10095,10067,10095,28
sniffing,10136,10095,10136,41
walking,10141,10136,10141,5
sniffing,10228,10141,10228,87
climbing,10234,10228,10234,6
rising,10308,10234,10308,74
sniffing,10309,10308,10309,1
hunching,10433,10309,10433,124
trotting,10444,10433,10444,11
sniffing,10468,10444,10468,24
walking,10512,10468,10512,44
rising,10513,10512,10513,1
climbing,10548,10513,10548,35
rising,10830,10548,10830,282
climbing,10859,10830,10859,29
right_turning,10888,10859,10888,29
walking,10918,10888,10918,30
sniffing,10919,10918,10919,1
left_turning,10920,10919,10920,1
trotting,10950,10920,10950,30
sniffing,10999,10950,10999,49
stepping,11026,10999,11026,27
climbing,11070,11026,11070,44
hunching,11193,11070,11193,123
right_turning,11194,11193,11194,1
sniffing,11209,11194,11209,15
walking,11235,11209,11235,26
hunching,11236,11235,11236,1
sniffing,11344,11236,11344,108
walking,11345,11344,11345,1
sniffing,11370,11345,11370,25
climbing,11451,11370,11451,81
sniffing,11689,11451,11689,238
rising,11737,11689,11737,48
sniffing,11777,11737,11777,40
climbing,11832,11777,11832,55
trotting,11862,11832,11862,30
sniffing,11980,11862,11980,118
walking,11992,11980,11992,12
sniffing,12027,11992,12027,35
right_turning,12028,12027,12028,1
walking,12038,12028,12038,10
sniffing,12061,12038,12061,23
walking,12062,12061,12062,1
rising,12120,12062,12120,58
sniffing,12135,12120,12135,15
walking,12144,12135,12144,9
climbing,12220,12144,12220,76
rising,12252,12220,12252,32
sniffing,12329,12252,12329,77
left_turning,12340,12329,12340,11
trotting,12369,12340,12369,29
walking,12375,12369,12375,6
climbing,12386,12375,12386,11
rising,12450,12386,12450,64
stepping,12456,12450,12456,6
trotting,12499,12456,12499,43
sniffing,12551,12499,12551,52
climbing,12580,12551,12580,29
sniffing,12631,12580,12631,51
hunching,12663,12631,12663,32
walking,12664,12663,12664,1
sniffing,12665,12664,12665,1
walking,12678,12665,12678,13
left_turning,12689,12678,12689,11
sniffing,12759,12689,12759,70
walking,12837,12759,12837,78
sniffing,12838,12837,12838,1
trotting,12856,12838,12856,18
sniffing,12924,12856,12924,68
walking,12954,12924,12954,30
sniffing,12968,12954,12968,14
rising,13092,12968,13092,124
left_turning,13159,13092,13159,67
sniffing,13175,13159,13175,16
right_turning,13214,13175,13214,39
sniffing,13231,13214,13231,17
walking,13232,13231,13232,1
sniffing,13233,13232,13233,1
rising,13234,13233,13234,1
left_turning,13244,13234,13244,10
trotting,13285,13244,13285,41
right_turning,13292,13285,13292,7
walking,13294,13292,13294,2
left_turning,13333,13294,13333,39
sniffing,13334,13333,13334,1
rising,13394,13334,13394,60
climbing,13433,13394,13433,39
left_turning,13434,13433,13434,1
running,13447,13434,13447,13
left_turning,13456,13447,13456,9
walking,13546,13456,13546,90
left_turning,13554,13546,13554,8
sniffing,13605,13554,13605,51
walking,13611,13605,13611,6
climbing,13639,13611,13639,28
walking,13745,13639,13745,106
rising,13761,13745,13761,16
climbing,13860,13761,13860,99
rising,13911,13860,13911,51
climbing,13929,13911,13929,18
rising,14058,13929,14058,129
climbing,14122,14058,14122,64
sniffing,14302,14122,14302,180
walking,14371,14302,14371,69
sniffing,14456,14371,14456,85
climbing,14526,14456,14526,70
walking,14531,14526,14531,5
sniffing,14563,14531,14563,32
left_turning,14582,14563,14582,19
sniffing,14665,14582,14665,83
rising,14666,14665,14666,1
sniffing,14736,14666,14736,70
climbing,14755,14736,14755,19
sniffing,14801,14755,14801,46
left_turning,14802,14801,14802,1
running,14837,14802,14837,35
walking,14847,14837,14847,10
running,14853,14847,14853,6
sniffing,14856,14853,14856,3
left_turning,14865,14856,14865,9
stepping,14881,14865,14881,16
climbing,14893,14881,14893,12
trotting,14898,14893,14898,5
running,14920,14898,14920,22
right_turning,14924,14920,14924,4
stepping,14999,14924,14999,75
walking,15049,14999,15049,50
stepping,15085,15049,15085,36
sniffing,15124,15085,15124,39
rising,15125,15124,15125,1
walking,15186,15125,15186,61
trotting,15205,15186,15205,19
climbing,15206,15205,15206,1
rising,15399,15206,15399,193
climbing,15435,15399,15435,36
right_turning,15452,15435,15452,17
rising,15507,15452,15507,55
sniffing,15508,15507,15508,1
rising,15534,15508,15534,26
hunching,15752,15534,15752,218
grooming,15753,15752,15753,1
left_turning,15787,15753,15787,34
walking,15819,15787,15819,32
sniffing,15820,15819,15820,1
rising,15823,15820,15823,3
sniffing,15824,15823,15824,1
rising,15858,15824,15858,34
climbing,15916,15858,15916,58
sniffing,15945,15916,15945,29
climbing,15977,15945,15977,32
left_turning,15998,15977,15998,21
walking,16007,15998,16007,9
sniffing,16101,16007,16101,94
climbing,16136,16101,16136,35
rising,16191,16136,16191,55
walking,16238,16191,16238,47
sniffing,16283,16238,16283,45
left_turning,16310,16283,16310,27
walking,16327,16310,16327,17
sniffing,16328,16327,16328,1
walking,16347,16328,16347,19
right_turning,16379,16347,16379,32
left_turning,16425,16379,16425,46
right_turning,16472,16425,16472,47
walking,16477,16472,16477,5
rising,16478,16477,16478,1
hunching,16497,16478,16497,19
rearing,16498,16497,16498,1
left_turning,16544,16498,16544,46
sniffing,16545,16544,16545,1
hunching,16651,16545,16651,106
right_turning,16672,16651,16672,21
rising,16686,16672,16686,14
climbing,16775,16686,16775,89
sniffing,16776,16775,16776,1
walking,16824,16776,16824,48
running,16840,16824,16840,16
sniffing,16931,16840,16931,91
left_turning,16987,16931,16987,56
walking,16988,16987,16988,1
left_turning,17009,16988,17009,21
walking,17010,17009,17010,1
left_turning,17019,17010,17019,9
rising,17135,17019,17135,116
rearing,17257,17135,17257,122
right_turning,17292,17257,17292,35
trotting,17322,17292,17322,30
left_turning,17323,17322,17323,1
walking,17340,17323,17340,17
sniffing,17498,17340,17498,158
trotting,17524,17498,17524,26
stepping,17529,17524,17529,5
rising,17530,17529,17530,1
sniffing,17546,17530,17546,16
stepping,17547,17546,17547,1
rising,17616,17547,17616,69
sniffing,17630,17616,17630,14
walking,17664,17630,17664,34
trotting,17671,17664,17671,7
sniffing,17741,17671,17741,70
walking,17892,17741,17892,151
climbing,17924,17892,17924,32
walking,17925,17924,17925,1
rising,17950,17925,17950,25
sniffing,17993,17950,17993,43
left_turning,17996,17993,17996,3
sniffing,18009,17996,18009,13
walking,18010,18009,18010,1
sniffing,18041,18010,18041,31
climbing,18051,18041,18051,10
sniffing,18154,18051,18154,103
walking,18167,18154,18167,13
sniffing,18196,18167,18196,29
climbing,18274,18196,18274,78
trotting,18294,18274,18294,20
stepping,18310,18294,18310,16
trotting,18333,18310,18333,23
walking,18345,18333,18345,12
left_turning,18408,18345,18408,63
walking,18433,18408,18433,25
stepping,18434,18433,18434,1
sniffing,18435,18434,18435,1
hunching,18517,18435,18517,82
sniffing,18518,18517,18518,1
rising,18550,18518,18550,32
walking,18563,18550,18563,13
sniffing,18630,18563,18630,67
trotting,18661,18630,18661,31
rising,18685,18661,18685,24
grooming,19047,18685,19047,362
rearing,19053,19047,19053,6
grooming,19349,19053,19349,296
rearing,19432,19349,19432,83
sniffing,19433,19432,19433,1
climbing,19436,19433,19436,3
rearing,19580,19436,19580,144
grooming,19835,19580,19835,255
hunching,19857,19835,19857,22
climbing,19931,19857,19931,74
hunching,19932,19931,19932,1
climbing,20022,19932,20022,90
left_turning,20037,20022,20037,15
sniffing,20073,20037,20073,36
right_turning,20081,20073,20081,8
running,20117,20081,20117,36
stepping,20125,20117,20125,8
sniffing,20153,20125,20153,28
left_turning,20196,20153,20196,43
sniffing,20319,20196,20319,123
left_turning,20352,20319,20352,33
running,20368,20352,20368,16
sniffing,20369,20368,20369,1
climbing,20422,20369,20422,53
walking,20455,20422,20455,33
left_turning,20457,20455,20457,2
sniffing,20538,20457,20538,81
rearing,20568,20538,20568,30
sniffing,20688,20568,20688,120
left_turning,20689,20688,20689,1
climbing,20770,20689,20770,81
walking,20789,20770,20789,19
climbing,20850,20789,20850,61
trotting,20896,20850,20896,46
sniffing,20989,20896,20989,93
climbing,20990,20989,20990,1
sniffing,21056,20990,21056,66
walking,21078,21056,21078,22
sniffing,21100,21078,21100,22
rising,21122,21100,21122,22
trotting,21151,21122,21151,29
sniffing,21152,21151,21152,1
walking,21201,21152,21201,49
right_turning,21258,21201,21258,57
walking,21269,21258,21269,11
hunching,21356,21269,21356,87
rising,21381,21356,21381,25
climbing,21418,21381,21418,37
trotting,21443,21418,21443,25
rising,21455,21443,21455,12
rearing,21549,21455,21549,94
walking,21575,21549,21575,26
sniffing,21619,21575,21619,44
trotting,21681,21619,21681,62
walking,21682,21681,21682,1
sniffing,21732,21682,21732,50
right_turning,21771,21732,21771,39
walking,21823,21771,21823,52
climbing,21866,21823,21866,43
rising,21912,21866,21912,46
walking,21931,21912,21931,19
sniffing,21932,21931,21932,1
trotting,21954,21932,21954,22
sniffing,21955,21954,21955,1
hunching,22056,21955,22056,101
climbing,22076,22056,22076,20
walking,22124,22076,22124,48
sniffing,22172,22124,22172,48
rising,22183,22172,22183,11
walking,22191,22183,22191,8
right_turning,22219,22191,22219,28
rearing,22317,22219,22317,98
sniffing,22318,22317,22318,1
walking,22342,22318,22342,24
climbing,22412,22342,22412,70
rearing,22423,22412,22423,11
sniffing,22440,22423,22440,17
trotting,22457,22440,22457,17
sniffing,22458,22457,22458,1
trotting,22509,22458,22509,51
hunching,22791,22509,22791,282
climbing,22837,22791,22837,46
trotting,22867,22837,22867,30
walking,22868,22867,22868,1
sniffing,22907,22868,22907,39
left_turning,22919,22907,22919,12
sniffing,22950,22919,22950,31
left_turning,22951,22950,22951,1
stepping,22952,22951,22952,1
sniffing,22960,22952,22960,8
walking,22986,22960,22986,26
sniffing,23035,22986,23035,49
grooming,23036,23035,23036,1
rising,23045,23036,23045,9
climbing,23086,23045,23086,41
rising,23109,23086,23109,23
grooming,23110,23109,23110,1
hunching,23214,23110,23214,104
right_turning,23275,23214,23275,61
walking,23277,23275,23277,2
sniffing,23278,23277,23278,1
right_turning,23348,23278,23348,70
sniffing,23430,23348,23430,82
rising,23475,23430,23475,45
climbing,23528,23475,23528,53
sniffing,23570,23528,23570,42
left_turning,23593,23570,23593,23
rising,23594,23593,23594,1
left_turning,23633,23594,23633,39
walking,23665,23633,23665,32
sniffing,23681,23665,23681,16
left_turning,23691,23681,23691,10
running,23719,23691,23719,28
rising,23743,23719,23743,24
climbing,23779,23743,23779,36
sniffing,23865,23779,23865,86
rising,23963,23865,23963,98
climbing,23995,23963,23995,32
stepping,24008,23995,24008,13
sniffing,24009,24008,24009,1
right_turning,24010,24009,24010,1
stepping,24027,24010,24027,17
hunching,24038,24027,24038,11
grooming,24039,24038,24039,1
hunching,24104,24039,24104,65
sniffing,24196,24104,24196,92
trotting,24226,24196,24226,30
left_turning,24285,24226,24285,59
sniffing,24305,24285,24305,20
grooming,24568,24305,24568,263
right_turning,24596,24568,24596,28
running,24651,24596,24651,55
walking,24666,24651,24666,15
sniffing,24703,24666,24703,37
climbing,24745,24703,24745,42
running,24769,24745,24769,24
stepping,24801,24769,24801,32
sniffing,24833,24801,24833,32
left_turning,24834,24833,24834,1
trotting,24869,24834,24869,35
sniffing,24925,24869,24925,56
stepping,24978,24925,24978,53
sniffing,24979,24978,24979,1
walking,25011,24979,25011,32
left_turning,25042,25011,25042,31
running,25073,25042,25073,31
trotting,25097,25073,25097,24
walking,25123,25097,25123,26
trotting,25127,25123,25127,4
climbing,25158,25127,25158,31
hunching,25197,25158,25197,39
sniffing,25233,25197,25233,36
walking,25293,25233,25293,60
sniffing,25310,25293,25310,17
rising,25314,25310,25314,4
climbing,25337,25314,25337,23
right_turning,25364,25337,25364,27
rising,25530,25364,25530,166
sniffing,25580,25530,25580,50
rising,25678,25580,25678,98
walking,25688,25678,25688,10
rearing,25773,25688,25773,85
grooming,26038,25773,26038,265
sniffing,26090,26038,26090,52
rising,26113,26090,26113,23
sniffing,26143,26113,26143,30
hunching,26159,26143,26159,16
climbing,26162,26159,26162,3
stepping,26215,26162,26215,53
sniffing,26279,26215,26279,64
rearing,26328,26279,26328,49
walking,26344,26328,26344,16
sniffing,26345,26344,26345,1
rearing,26369,26345,26369,24
sniffing,26370,26369,26370,1
grooming,26444,26370,26444,74
walking,26496,26444,26496,52
sniffing,26532,26496,26532,36
walking,26533,26532,26533,1
climbing,26613,26533,26613,80
left_turning,26634,26613,26634,21
trotting,26676,26634,26676,42
walking,26700,26676,26700,24
sniffing,26751,26700,26751,51
rising,26889,26751,26889,138
climbing,26936,26889,26936,47
running,26937,26936,26937,1
sniffing,26938,26937,26938,1
rising,26989,26938,26989,51
sniffing,27137,26989,27137,148
left_turning,27138,27137,27138,1
walking,27164,27138,27164,26
rising,27221,27164,27221,57
sniffing,27222,27221,27222,1
rearing,27326,27222,27326,104
right_turning,27327,27326,27327,1
rising,27403,27327,27403,76
sniffing,27404,27403,27404,1
right_turning,27420,27404,27420,16
sniffing,27483,27420,27483,63
right_turning,27501,27483,27501,18
walking,27502,27501,27502,1
stepping,27543,27502,27543,41
sniffing,27631,27543,27631,88
rising,27632,27631,27632,1
hunching,27777,27632,27777,145
sniffing,27778,27777,27778,1
climbing,27821,27778,27821,43
hunching,27863,27821,27863,42
sniffing,27923,27863,27923,60
grooming,27924,27923,27924,1
rising,27945,27924,27945,21
climbing,27983,27945,27983,38
running,28003,27983,28003,20
sniffing,28093,28003,28093,90
climbing,28140,28093,28140,47
right_turning,28141,28140,28141,1
rising,28219,28141,28219,78
sniffing,28296,28219,28296,77
grooming,28596,28296,28596,300
rearing,28745,28596,28745,149
left_turning,28754,28745,28754,9
running,28767,28754,28767,13
rising,28768,28767,28768,1
walking,28791,28768,28791,23
running,28807,28791,28807,16
left_turning,28871,28807,28871,64
trotting,28886,28871,28886,15
running,28901,28886,28901,15
walking,28902,28901,28902,1
stepping,28952,28902,28952,50
rearing,29018,28952,29018,66
rising,29078,29018,29078,60
sniffing,29127,29078,29127,49
left_turning,29191,29127,29191,64
sniffing,29205,29191,29205,14
left_turning,29206,29205,29206,1
sniffing,29291,29206,29291,85
left_turning,29314,29291,29314,23
rising,29369,29314,29369,55
climbing,29518,29369,29518,149
rising,29537,29518,29537,19
left_turning,29555,29537,29555,18
sniffing,29605,29555,29605,50
rising,29645,29605,29645,40
stepping,29711,29645,29711,66
sniffing,29754,29711,29754,43
climbing,29829,29754,29829,75
rising,29880,29829,29880,51
trotting,29911,29880,29911,31
sniffing,29958,29911,29958,47
climbing,30089,29958,30089,131
trotting,30131,30089,30131,42
sniffing,30132,30131,30132,1
rising,30133,30132,30133,1
sniffing,30171,30133,30171,38
rising,30190,30171,30190,19
left_turning,30239,30190,30239,49
sniffing,30262,30239,30262,23
left_turning,30278,30262,30278,16
walking,30300,30278,30300,22
sniffing,30340,30300,30340,40
walking,30348,30340,30348,8
trotting,30349,30348,30349,1
walking,30350,30349,30350,1
sniffing,30351,30350,30351,1
left_turning,30389,30351,30389,38
sniffing,30393,30389,30393,4
hunching,30442,30393,30442,49
sniffing,30489,30442,30489,47
rising,30551,30489,30551,62
climbing,30553,30551,30553,2
walking,30594,30553,30594,41
rising,30624,30594,30624,30
sniffing,30643,30624,30643,19
trotting,30684,30643,30684,41
sniffing,30738,30684,30738,54
left_turning,30756,30738,30756,18
rising,30807,30756,30807,51
climbing,30830,30807,30830,23
right_turning,30838,30830,30838,8
walking,30852,30838,30852,14
sniffing,30853,30852,30853,1
climbing,30883,30853,30883,30
sniffing,30915,30883,30915,32
grooming,30943,30915,30943,28
rising,31035,30943,31035,92
sniffing,31177,31035,31177,142
walking,31242,31177,31242,65
climbing,31313,31242,31313,71
rising,31314,31313,31314,1
sniffing,31323,31314,31323,9
climbing,31347,31323,31347,24
hunching,31348,31347,31348,1
rearing,31436,31348,31436,88
sniffing,31530,31436,31530,94
climbing,31535,31530,31535,5
rising,31585,31535,31585,50
climbing,31657,31585,31657,72
rearing,31730,31657,31730,73
rising,31767,31730,31767,37
climbing,31848,31767,31848,81
running,31864,31848,31864,16
walking,31924,31864,31924,60
climbing,31938,31924,31938,14
walking,32002,31938,32002,64
sniffing,32020,32002,32020,18
walking,32037,32020,32037,17
left_turning,32038,32037,32038,1
rising,32050,32038,32050,12
trotting,32065,32050,32065,15
rising,32141,32065,32141,76
climbing,32176,32141,32176,35
rearing,32177,32176,32177,1
trotting,32232,32177,32232,55
walking,32233,32232,32233,1
rising,32305,32233,32305,72
climbing,32374,32305,32374,69
hunching,32497,32374,32497,123
rearing,32498,32497,32498,1
rising,32515,32498,32515,17
sniffing,32666,32515,32666,151
walking,32668,32666,32668,2
sniffing,32669,32668,32669,1
rising,32747,32669,32747,78
trotting,32762,32747,32762,15
rising,32766,32762,32766,4
rearing,32970,32766,32970,204
sniffing,32998,32970,32998,28
rearing,33059,32998,33059,61
grooming,33060,33059,33060,1
rearing,33099,33060,33099,39
sniffing,33100,33099,33100,1
rising,33146,33100,33146,46
walking,33189,33146,33189,43
left_turning,33214,33189,33214,25
walking,33276,33214,33276,62
climbing,33329,33276,33329,53
walking,33350,33329,33350,21
rising,33357,33350,33357,7
sniffing,33416,33357,33416,59
climbing,33521,33416,33521,105
rising,33528,33521,33528,7
walking,33562,33528,33562,34
right_turning,33573,33562,33573,11
climbing,33607,33573,33607,34
walking,33617,33607,33617,10
rising,33618,33617,33618,1
hunching,33619,33618,33619,1
climbing,33625,33619,33625,6
running,33660,33625,33660,35
sniffing,33720,33660,33720,60
walking,33739,33720,33739,19
sniffing,33798,33739,33798,59
climbing,33895,33798,33895,97
sniffing,33915,33895,33915,20
left_turning,33938,33915,33938,23
sniffing,33957,33938,33957,19
trotting,33958,33957,33958,1
rising,33964,33958,33964,6
climbing,34032,33964,34032,68
rising,34050,34032,34050,18
climbing,34081,34050,34081,31
sniffing,34143,34081,34143,62
rising,34153,34143,34153,10
sniffing,34159,34153,34159,6
walking,34160,34159,34160,1
sniffing,34362,34160,34362,202
rising,34430,34362,34430,68
walking,34452,34430,34452,22
climbing,34453,34452,34453,1
walking,34467,34453,34467,14
rising,34478,34467,34478,11
sniffing,34479,34478,34479,1
walking,34503,34479,34503,24
left_turning,34505,34503,34505,2
walking,34555,34505,34555,50
jumping,34588,34555,34588,33
sniffing,34632,34588,34632,44
rearing,34633,34632,34633,1
sniffing,34801,34633,34801,168
left_turning,34853,34801,34853,52
walking,34868,34853,34868,15
climbing,34925,34868,34925,57
right_turning,34953,34925,34953,28
walking,34963,34953,34963,10
sniffing,35112,34963,35112,149
trotting,35138,35112,35138,26
walking,35143,35138,35143,5
climbing,35181,35143,35181,38
sniffing,35182,35181,35182,1
rising,35183,35182,35183,1
climbing,35242,35183,35242,59
running,35247,35242,35247,5
climbing,35278,35247,35278,31
sniffing,35415,35278,35415,137
climbing,35469,35415,35469,54
grooming,35852,35469,35852,383
rearing,35956,35852,35956,104
grooming,36105,35956,36105,149
left_turning,36106,36105,36106,1
walking,36107,36106,36107,1
sniffing,36177,36107,36177,70
right_turning,36212,36177,36212,35
running,36235,36212,36235,23
sniffing,36280,36235,36280,45
left_turning,36350,36280,36350,70
sniffing,36351,36350,36351,1
left_turning,36374,36351,36374,23
sniffing,36396,36374,36396,22
left_turning,36443,36396,36443,47
sniffing,36529,36443,36529,86
stepping,36541,36529,36541,12
walking,36588,36541,36588,47
sniffing,36719,36588,36719,131
left_turning,36720,36719,36720,1
stepping,36731,36720,36731,11
walking,36749,36731,36749,18
climbing,36767,36749,36767,18
grooming,36768,36767,36768,1
hunching,37006,36768,37006,238
climbing,37063,37006,37063,57
walking,37092,37063,37092,29
sniffing,37109,37092,37109,17
right_turning,37156,37109,37156,47
rising,37157,37156,37157,1
trotting,37176,37157,37176,19
sniffing,37369,37176,37369,193
left_turning,37375,37369,37375,6
sniffing,37427,37375,37427,52
walking,37428,37427,37428,1
sniffing,37526,37428,37526,98
left_turning,37564,37526,37564,38
sniffing,37719,37564,37719,155
rising,37720,37719,37720,1
rearing,37756,37720,37756,36
sniffing,37837,37756,37837,81
rising,37838,37837,37838,1
sniffing,37954,37838,37954,116
walking,37986,37954,37986,32
left_turning,38016,37986,38016,30
trotting,38048,38016,38048,32
stepping,38060,38048,38060,12
rising,38086,38060,38086,26
stepping,38118,38086,38118,32
walking,38119,38118,38119,1
sniffing,38151,38119,38151,32
rising,38163,38151,38163,12
sniffing,38195,38163,38195,32
right_turning,38211,38195,38211,16
sniffing,38212,38211,38212,1
right_turning,38227,38212,38227,15
left_turning,38229,38227,38229,2
trotting,38249,38229,38249,20
stepping,38250,38249,38250,1
trotting,38276,38250,38276,26
walking,38290,38276,38290,14
rearing,38291,38290,38291,1
grooming,38873,38291,38873,582
rearing,38874,38873,38874,1
right_turning,38875,38874,38875,1
walking,38935,38875,38935,60
rising,38963,38935,38963,28
sniffing,39033,38963,39033,70
stepping,39083,39033,39083,50
climbing,39132,39083,39132,49
walking,39150,39132,39150,18
climbing,39157,39150,39157,7
walking,39158,39157,39158,1
sniffing,39159,39158,39159,1
climbing,39189,39159,39189,30
walking,39190,39189,39190,1
left_turning,39200,39190,39200,10
sniffing,39247,39200,39247,47
grooming,39248,39247,39248,1
walking,39263,39248,39263,15
rearing,39264,39263,39264,1
walking,39290,39264,39290,26
left_turning,39293,39290,39293,3
walking,39322,39293,39322,29
climbing,39373,39322,39373,51
left_turning,39390,39373,39390,17
sniffing,39391,39390,39391,1
right_turning,39413,39391,39413,22
walking,39467,39413,39467,54
climbing,39505,39467,39505,38
walking,39563,39505,39563,58
climbing,39608,39563,39608,45
sniffing,39653,39608,39653,45
walking,39658,39653,39658,5
rising,39676,39658,39676,18
sniffing,39677,39676,39677,1
grooming,40009,39677,40009,332
rearing,40022,40009,40022,13
walking,40053,40022,40053,31
rising,40054,40053,40054,1
climbing,40058,40054,40058,4
walking,40082,40058,40082,24
rearing,40133,40082,40133,51
climbing,40158,40133,40158,25
walking,40203,40158,40203,45
right_turning,40204,40203,40204,1
climbing,40208,40204,40208,4
right_turning,40221,40208,40221,13
running,40281,40221,40281,60
walking,40319,40281,40319,38
trotting,40345,40319,40345,26
sniffing,40385,40345,40385,40
rising,40423,40385,40423,38
climbing,40432,40423,40432,9
right_turning,40471,40432,40471,39
running,40532,40471,40532,61
sniffing,40564,40532,40564,32
right_turning,40573,40564,40573,9
rising,40574,40573,40574,1
trotting,40578,40574,40578,4
sniffing,40645,40578,40645,67
right_turning,40667,40645,40667,22
running,40710,40667,40710,43
sniffing,40712,40710,40712,2
climbing,40749,40712,40749,37
rising,40786,40749,40786,37
sniffing,40809,40786,40809,23
walking,40821,40809,40821,12
left_turning,40867,40821,40867,46
walking,40883,40867,40883,16
rising,40894,40883,40894,11
rearing,41008,40894,41008,114
climbing,41067,41008,41067,59
grooming,41132,41067,41132,65
hunching,41240,41132,41240,108
sniffing,41241,41240,41241,1
climbing,41242,41241,41242,1
right_turning,41252,41242,41252,10
left_turning,41263,41252,41263,11
sniffing,41373,41263,41373,110
rising,41400,41373,41400,27
sniffing,41444,41400,41444,44
climbing,41506,41444,41506,62
rising,41507,41506,41507,1
sniffing,41521,41507,41521,14
rising,41522,41521,41522,1
walking,41556,41522,41556,34
right_turning,41577,41556,41577,21
trotting,41605,41577,41605,28
walking,41620,41605,41620,15
trotting,41643,41620,41643,23
walking,41644,41643,41644,1
left_turning,41645,41644,41645,1
walking,41692,41645,41692,47
left_turning,41705,41692,41705,13
sniffing,41783,41705,41783,78
climbing,41815,41783,41815,32
sniffing,41905,41815,41905,90
rearing,42065,41905,42065,160
sniffing,42066,42065,42066,1
rising,42067,42066,42067,1
climbing,42107,42067,42107,40
walking,42152,42107,42152,45
sniffing,42222,42152,42222,70
rising,42254,42222,42254,32
right_turning,42255,42254,42255,1
walking,42256,42255,42256,1
rearing,42257,42256,42257,1
grooming,42258,42257,42258,1
stepping,42294,42258,42294,36
sniffing,42301,42294,42301,7
rising,42302,42301,42302,1
climbing,42357,42302,42357,55
hunching,42424,42357,42424,67
sniffing,42427,42424,42427,3
rising,42469,42427,42469,42
climbing,42518,42469,42518,49
rising,42565,42518,42565,47
left_turning,42650,42565,42650,85
walking,42651,42650,42651,1
left_turning,42717,42651,42717,66
sniffing,42725,42717,42725,8
walking,42747,42725,42747,22
sniffing,42748,42747,42748,1
climbing,42770,42748,42770,22
running,42814,42770,42814,44
stepping,42815,42814,42815,1
rising,42816,42815,42816,1
right_turning,42850,42816,42850,34
left_turning,42914,42850,42914,64
right_turning,42934,42914,42934,20
sniffing,43136,42934,43136,202
climbing,43185,43136,43185,49
right_turning,43195,43185,43195,10
left_turning,43196,43195,43196,1
running,43220,43196,43220,24
trotting,43246,43220,43246,26
walking,43283,43246,43283,37
rearing,43427,43283,43427,144
grooming,43502,43427,43502,75
stepping,43533,43502,43533,31
sniffing,43554,43533,43554,21
left_turning,43578,43554,43578,24
sniffing,43627,43578,43627,49
right_turning,43664,43627,43664,37
walking,43665,43664,43665,1
trotting,43686,43665,43686,21
left_turning,43687,43686,43687,1
walking,43736,43687,43736,49
left_turning,43753,43736,43753,17
sniffing,43836,43753,43836,83
right_turning,43877,43836,43877,41
running,43900,43877,43900,23
sniffing,43976,43900,43976,76
climbing,43988,43976,43988,12
walking,44002,43988,44002,14
stepping,44030,44002,44030,28
walking,44080,44030,44080,50
sniffing,44102,44080,44102,22
rising,44103,44102,44103,1
sniffing,44223,44103,44223,120
grooming,44274,44223,44274,51
rising,44294,44274,44294,20
trotting,44326,44294,44326,32
climbing,44337,44326,44337,11
hunching,44338,44337,44338,1
right_turning,44355,44338,44355,17
trotting,44366,44355,44366,11
left_turning,44376,44366,44376,10
rising,44425,44376,44425,49
climbing,44486,44425,44486,61
rising,44563,44486,44563,77
sniffing,44570,44563,44570,7
walking,44595,44570,44595,25
sniffing,44632,44595,44632,37
right_turning,44657,44632,44657,25
walking,44687,44657,44687,30
rising,44728,44687,44728,41
climbing,44748,44728,44748,20
trotting,44799,44748,44799,51
walking,44808,44799,44808,9
rising,44885,44808,44885,77
climbing,44927,44885,44927,42
running,44974,44927,44974,47
walking,45018,44974,45018,44
running,45043,45018,45043,25
walking,45050,45043,45050,7
stepping,45108,45050,45108,58
walking,45117,45108,45117,9
trotting,45128,45117,45128,11
stepping,45171,45128,45171,43
walking,45237,45171,45237,66
left_turning,45281,45237,45281,44
walking,45310,45281,45310,29
sniffing,45326,45310,45326,16
rearing,45529,45326,45529,203
climbing,45575,45529,45575,46
trotting,45614,45575,45614,39
walking,45643,45614,45643,29
sniffing,45652,45643,45652,9
pausing,45850,45652,45850,198
sniffing,45955,45850,45955,105
walking,45956,45955,45956,1
sniffing,46042,45956,46042,86
walking,46069,46042,46069,27
sniffing,46088,46069,46088,19
pausing,46429,46088,46429,341
sniffing,46430,46429,46430,1
rising,46476,46430,46476,46
climbing,46499,46476,46499,23
rearing,46500,46499,46500,1
climbing,46508,46500,46508,8
sniffing,46673,46508,46673,165
walking,46680,46673,46680,7
sniffing,46681,46680,46681,1
left_turning,46682,46681,46682,1
trotting,46690,46682,46690,8
sniffing,46729,46690,46729,39
walking,46746,46729,46746,17
rising,46758,46746,46758,12
climbing,46759,46758,46759,1
rising,46760,46759,46760,1
climbing,46778,46760,46778,18
grooming,46779,46778,46779,1
rising,46811,46779,46811,32
rearing,46830,46811,46830,19
grooming,46832,46830,46832,2
sniffing,46928,46832,46928,96
left_turning,46951,46928,46951,23
sniffing,46999,46951,46999,48
walking,47048,46999,47048,49
stepping,47049,47048,47049,1
walking,47054,47049,47054,5
sniffing,47157,47054,47157,103
walking,47160,47157,47160,3
sniffing,47264,47160,47264,104
rising,47321,47264,47321,57
climbing,47342,47321,47342,21
right_turning,47354,47342,47354,12
sniffing,47455,47354,47455,101
climbing,47505,47455,47505,50
running,47516,47505,47516,11
sniffing,47571,47516,47571,55
left_turning,47639,47571,47639,68
sniffing,47718,47639,47718,79
grooming,47947,47718,47947,229
hunching,47985,47947,47985,38
right_turning,48044,47985,48044,59
rising,48057,48044,48057,13
climbing,48079,48057,48079,22
hunching,48080,48079,48080,1
climbing,48129,48080,48129,49
rising,48272,48129,48272,143
climbing,48320,48272,48320,48
trotting,48327,48320,48327,7
sniffing,48427,48327,48427,100
walking,48460,48427,48460,33
sniffing,48461,48460,48461,1
rising,48462,48461,48462,1
sniffing,48483,48462,48483,21
stepping,48496,48483,48496,13
rising,48498,48496,48498,2
sniffing,48551,48498,48551,53
trotting,48573,48551,48573,22
walking,48575,48573,48575,2
hunching,48687,48575,48687,112
grooming,48914,48687,48914,227
walking,48915,48914,48915,1
rising,48952,48915,48952,37
climbing,48983,48952,48983,31
trotting,48988,48983,48988,5
sniffing,49056,48988,49056,68
walking,49094,49056,49094,38
left_turning,49115,49094,49115,21
rising,49116,49115,49116,1
climbing,49141,49116,49141,25
walking,49144,49141,49144,3
right_turning,49171,49144,49171,27
walking,49199,49171,49199,28
sniffing,49200,49199,49200,1
trotting,49215,49200,49215,15
walking,49244,49215,49244,29
sniffing,49282,49244,49282,38
hunching,49368,49282,49368,86
trotting,49384,49368,49384,16
sniffing,49439,49384,49439,55
trotting,49473,49439,49473,34
right_turning,49498,49473,49498,25
sniffing,49588,49498,49588,90
walking,49613,49588,49613,25
sniffing,49681,49613,49681,68
climbing,49751,49681,49751,70
rising,49773,49751,49773,22
rearing,49817,49773,49817,44
rising,49818,49817,49818,1
climbing,49873,49818,49873,55
rising,49934,49873,49934,61
sniffing,49974,49934,49974,40
walking,49994,49974,49994,20
rising,50074,49994,50074,80
trotting,50075,50074,50075,1
rising,50110,50075,50110,35
sniffing,50132,50110,50132,22
walking,50142,50132,50142,10
trotting,50160,50142,50160,18
rising,50179,50160,50179,19
climbing,50231,50179,50231,52
trotting,50255,50231,50255,24
sniffing,50325,50255,50325,70
rising,50385,50325,50385,60
sniffing,50442,50385,50442,57
stepping,50464,50442,50464,22
sniffing,50483,50464,50483,19
rising,50506,50483,50506,23
climbing,50572,50506,50572,66
grooming,50697,50572,50697,125
left_turning,50698,50697,50698,1
sniffing,50953,50698,50953,255
rising,50978,50953,50978,25
sniffing,51043,50978,51043,65
rearing,51155,51043,51155,112
climbing,51198,51155,51198,43
grooming,51207,51198,51207,9
climbing,51271,51207,51271,64
walking,51295,51271,51295,24
sniffing,51296,51295,51296,1
rising,51297,51296,51297,1
walking,51341,51297,51341,44
trotting,51345,51341,51345,4
left_turning,51381,51345,51381,36
running,51400,51381,51400,19
sniffing,51445,51400,51445,45
rising,51469,51445,51469,24
walking,51517,51469,51517,48
rising,51556,51517,51556,39
rearing,51601,51556,51601,45
left_turning,51602,51601,51602,1
sniffing,51678,51602,51678,76
walking,51720,51678,51720,42
sniffing,51740,51720,51740,20
hunching,51741,51740,51741,1
sniffing,51763,51741,51763,22
right_turning,51793,51763,51793,30
stepping,51805,51793,51805,12
walking,51825,51805,51825,20
sniffing,51886,51825,51886,61
walking,51969,51886,51969,83
sniffing,52010,51969,52010,41
rising,52030,52010,52030,20
climbing,52059,52030,52059,29
walking,52110,52059,52110,51
sniffing,52140,52110,52140,30
grooming,52141,52140,52141,1
rearing,52252,52141,52252,111
sniffing,52253,52252,52253,1
rising,52318,52253,52318,65
left_turning,52348,52318,52348,30
sniffing,52353,52348,52353,5
left_turning,52371,52353,52371,18
rising,52422,52371,52422,51
walking,52423,52422,52423,1
sniffing,52567,52423,52567,144
trotting,52606,52567,52606,39
walking,52643,52606,52643,37
right_turning,52644,52643,52644,1
walking,52676,52644,52676,32
right_turning,52683,52676,52683,7
trotting,52700,52683,52700,17
sniffing,52840,52700,52840,140
walking,52875,52840,52875,35
stepping,52901,52875,52901,26
walking,52902,52901,52902,1
left_turning,52943,52902,52943,41
sniffing,52962,52943,52962,19
rearing,52998,52962,52998,36
left_turning,53043,52998,53043,45
stepping,53074,53043,53074,31
sniffing,53075,53074,53075,1
left_turning,53110,53075,53110,35
sniffing,53111,53110,53111,1
trotting,53112,53111,53112,1
sniffing,53158,53112,53158,46
stepping,53204,53158,53204,46
sniffing,53248,53204,53248,44
stepping,53249,53248,53249,1
sniffing,53447,53249,53447,198
rising,53448,53447,53448,1
climbing,53467,53448,53467,19
right_turning,53477,53467,53477,10
trotting,53501,53477,53501,24
walking,53513,53501,53513,12
stepping,53587,53513,53587,74
sniffing,53661,53587,53661,74
rising,53688,53661,53688,27
rearing,53705,53688,53705,17
rising,53731,53705,53731,26
sniffing,53810,53731,53810,79
pausing,54128,53810,54128,318
sniffing,54248,54128,54248,120
rising,54292,54248,54292,44
left_turning,54307,54292,54307,15
sniffing,54340,54307,54340,33
left_turning,54377,54340,54377,37
running,54386,54377,54386,9
sniffing,54458,54386,54458,72
climbing,54487,54458,54487,29
left_turning,54576,54487,54576,89
sniffing,54679,54576,54679,103
walking,54683,54679,54683,4
climbing,54778,54683,54778,95
rearing,54810,54778,54810,32
rising,54893,54810,54893,83
climbing,54894,54893,54894,1
walking,54910,54894,54910,16
rising,54911,54910,54911,1
sniffing,54936,54911,54936,25
rising,55023,54936,55023,87
sniffing,55117,55023,55117,94
left_turning,55135,55117,55135,18
sniffing,55159,55135,55159,24
walking,55227,55159,55227,68
sniffing,55263,55227,55263,36
right_turning,55281,55263,55281,18
hunching,55331,55281,55331,50
rising,55368,55331,55368,37
hunching,55370,55368,55370,2
sniffing,55402,55370,55402,32
jumping,55464,55402,55464,62
trotting,55506,55464,55506,42
sniffing,55592,55506,55592,86
rising,55596,55592,55596,4
climbing,55609,55596,55609,13
rising,55610,55609,55610,1
climbing,55631,55610,55631,21
sniffing,55635,55631,55635,4
rising,55636,55635,55636,1
rearing,55637,55636,55637,1
hunching,55679,55637,55679,42
right_turning,55688,55679,55688,9
trotting,55697,55688,55697,9
walking,55713,55697,55713,16
left_turning,55788,55713,55788,75
running,55817,55788,55817,29
trotting,55837,55817,55837,20
stepping,55882,55837,55882,45
sniffing,55949,55882,55949,67
rising,55966,55949,55966,17
right_turning,55980,55966,55980,14
trotting,55981,55980,55981,1
left_turning,55982,55981,55982,1
sniffing,56076,55982,56076,94
right_turning,56099,56076,56099,23
trotting,56144,56099,56144,45
sniffing,56232,56144,56232,88
rising,56249,56232,56249,17
sniffing,56299,56249,56299,50
walking,56306,56299,56306,7
rising,56348,56306,56348,42
sniffing,56371,56348,56371,23
walking,56379,56371,56379,8
left_turning,56380,56379,56380,1
sniffing,56462,56380,56462,82
rising,56493,56462,56493,31
climbing,56540,56493,56540,47
sniffing,56549,56540,56549,9
left_turning,56555,56549,56555,6
sniffing,56570,56555,56570,15
trotting,56600,56570,56600,30
sniffing,56708,56600,56708,108
climbing,56736,56708,56736,28
right_turning,56757,56736,56757,21
walking,56784,56757,56784,27
rising,56785,56784,56785,1
sniffing,56789,56785,56789,4
rising,56812,56789,56812,23
sniffing,56930,56812,56930,118
walking,56932,56930,56932,2
stepping,56940,56932,56940,8
sniffing,56948,56940,56948,8
hunching,56959,56948,56959,11
grooming,56960,56959,56960,1
rearing,56974,56960,56974,14
sniffing,57063,56974,57063,89
walking,57134,57063,57134,71
rising,57145,57134,57145,11
stepping,57174,57145,57174,29
sniffing,57199,57174,57199,25
right_turning,57236,57199,57236,37
walking,57266,57236,57266,30
climbing,57267,57266,57267,1
sniffing,57312,57267,57312,45
trotting,57355,57312,57355,43
walking,57414,57355,57414,59
left_turning,57454,57414,57454,40
trotting,57463,57454,57463,9
walking,57469,57463,57469,6
sniffing,57470,57469,57470,1
left_turning,57475,57470,57475,5
trotting,57502,57475,57502,27
sniffing,57504,57502,57504,2
left_turning,57557,57504,57557,53
sniffing,57586,57557,57586,29
rising,57620,57586,57620,34
left_turning,57680,57620,57680,60
sniffing,57681,57680,57681,1
grooming,58175,57681,58175,494
left_turning,58196,58175,58196,21
running,58240,58196,58240,44
rearing,58272,58240,58272,32
hunching,58273,58272,58273,1
grooming,58335,58273,58335,62
rearing,58348,58335,58348,13
grooming,58631,58348,58631,283
sniffing,58632,58631,58632,1
rising,58639,58632,58639,7
climbing,58676,58639,58676,37
rearing,58677,58676,58677,1
rising,58749,58677,58749,72
climbing,58767,58749,58767,18
right_turning,58790,58767,58790,23
walking,58822,58790,58822,32
climbing,58849,58822,58849,27
rising,58850,58849,58850,1
trotting,58851,58850,58851,1
rising,58852,58851,58852,1
hunching,58987,58852,58987,135
climbing,59046,58987,59046,59
left_turning,59047,59046,59047,1
sniffing,59070,59047,59070,23
hunching,59153,59070,59153,83
sniffing,59223,59153,59223,70
rising,59256,59223,59256,33
climbing,59284,59256,59284,28
running,59298,59284,59298,14
trotting,59326,59298,59326,28
climbing,59366,59326,59366,40
sniffing,59367,59366,59367,1
climbing,59395,59367,59395,28
sniffing,59661,59395,59661,266
rearing,59662,59661,59662,1
sniffing,59733,59662,59733,71
walking,59764,59733,59764,31
sniffing,59827,59764,59827,63
rising,59930,59827,59930,103
hunching,59988,59930,59988,58
grooming,59989,59988,59989,1
left_turning,60043,59989,60043,54
climbing,60126,60043,60126,83
rising,60234,60126,60234,108
climbing,60302,60234,60302,68
rising,60317,60302,60317,15
left_turning,60350,60317,60350,33
trotting,60367,60350,60367,17
running,60389,60367,60389,22
sniffing,60467,60389,60467,78
walking,60550,60467,60550,83
climbing,60586,60550,60586,36
walking,60590,60586,60590,4
sniffing,60638,60590,60638,48
rising,60691,60638,60691,53
left_turning,60715,60691,60715,24
walking,60790,60715,60790,75
right_turning,60817,60790,60817,27
running,60873,60817,60873,56
sniffing,60900,60873,60900,27
right_turning,60901,60900,60901,1
stepping,60963,60901,60963,62
rearing,61015,60963,61015,52
hunching,61084,61015,61084,69
sniffing,61086,61084,61086,2
left_turning,61112,61086,61112,26
rearing,61146,61112,61146,34
sniffing,61316,61146,61316,170
running,61327,61316,61327,11
sniffing,61386,61327,61386,59
rising,61455,61386,61455,69
sniffing,61478,61455,61478,23
walking,61516,61478,61516,38
sniffing,61614,61516,61614,98
rising,61615,61614,61615,1
climbing,61661,61615,61661,46
grooming,61851,61661,61851,190
rearing,61852,61851,61852,1
climbing,61912,61852,61912,60
rearing,61913,61912,61913,1
climbing,61956,61913,61956,43
hunching,62007,61956,62007,51
climbing,62075,62007,62075,68
sniffing,62082,62075,62082,7
right_turning,62104,62082,62104,22
stepping,62126,62104,62126,22
sniffing,62247,62126,62247,121
grooming,62375,62247,62375,128
hunching,62410,62375,62410,35
sniffing,62503,62410,62503,93
stepping,62539,62503,62539,36
walking,62559,62539,62559,20
rising,62641,62559,62641,82
walking,62650,62641,62650,9
rising,62651,62650,62651,1
climbing,62703,62651,62703,52
grooming,62704,62703,62704,1
left_turning,62753,62704,62753,49
sniffing,62792,62753,62792,39
right_turning,62829,62792,62829,37
walking,62848,62829,62848,19
sniffing,62849,62848,62849,1
left_turning,62853,62849,62853,4
trotting,62854,62853,62854,1
right_turning,62865,62854,62865,11
walking,62866,62865,62866,1
sniffing,62886,62866,62886,20
hunching,63000,62886,63000,114
grooming,63145,63000,63145,145
sniffing,63146,63145,63146,1
left_turning,63162,63146,63162,16
walking,63206,63162,63206,44
sniffing,63324,63206,63324,118
right_turning,63357,63324,63357,33
stepping,63404,63357,63404,47
walking,63450,63404,63450,46
rearing,63451,63450,63451,1
grooming,63470,63451,63470,19
sniffing,63523,63470,63523,53
rising,63556,63523,63556,33
sniffing,63614,63556,63614,58
pausing,63765,63614,63765,151
sniffing,63801,63765,63801,36
rising,63885,63801,63885,84
climbing,63900,63885,63900,15
sniffing,63901,63900,63901,1
rising,63902,63901,63902,1
grooming,64179,63902,64179,277
sniffing,64213,64179,64213,34
pausing,64364,64213,64364,151
sniffing,64365,64364,64365,1
rising,64405,64365,64405,40
left_turning,64460,64405,64460,55
trotting,64461,64460,64461,1
sniffing,64495,64461,64495,34
left_turning,64500,64495,64500,5
sniffing,64570,64500,64570,70
grooming,64653,64570,64653,83
sniffing,64654,64653,64654,1
left_turning,64661,64654,64661,7
trotting,64667,64661,64667,6
rising,64668,64667,64668,1
sniffing,64741,64668,64741,73
rising,64813,64741,64813,72
grooming,64953,64813,64953,140
sniffing,65034,64953,65034,81
rising,65035,65034,65035,1
walking,65056,65035,65056,21
sniffing,65150,65056,65150,94
left_turning,65153,65150,65153,3
stepping,65218,65153,65218,65
sniffing,65254,65218,65254,36
walking,65276,65254,65276,22
rising,65283,65276,65283,7
climbing,65306,65283,65306,23
sniffing,65453,65306,65453,147
walking,65477,65453,65477,24
rising,65571,65477,65571,94
rearing,65673,65571,65673,102
sniffing,65674,65673,65674,1
rising,65675,65674,65675,1
climbing,65676,65675,65676,1
walking,65702,65676,65702,26
left_turning,65741,65702,65741,39
sniffing,65754,65741,65754,13
stepping,65770,65754,65770,16
rearing,65803,65770,65803,33
sniffing,65939,65803,65939,136
rising,65940,65939,65940,1
sniffing,66091,65940,66091,151
left_turning,66105,66091,66105,14
hunching,66139,66105,66139,34
sniffing,66141,66139,66141,2
walking,66172,66141,66172,31
rising,66173,66172,66173,1
climbing,66218,66173,66218,45
right_turning,66228,66218,66228,10
walking,66259,66228,66259,31
sniffing,66302,66259,66302,43
rising,66389,66302,66389,87
hunching,66473,66389,66473,84
right_turning,66494,66473,66494,21
stepping,66510,66494,66510,16
walking,66547,66510,66547,37
trotting,66612,66547,66612,65
sniffing,66681,66612,66681,69
walking,66709,66681,66709,28
rising,66741,66709,66741,32
trotting,66747,66741,66747,6
rising,66748,66747,66748,1
right_turning,66775,66748,66775,27
walking,66803,66775,66803,28
jumping,66866,66803,66866,63
climbing,66867,66866,66867,1
rising,66875,66867,66875,8
climbing,66914,66875,66914,39
right_turning,66930,66914,66930,16
left_turning,66947,66930,66947,17
walking,66960,66947,66960,13
stepping,66982,66960,66982,22
walking,66983,66982,66983,1
right_turning,67007,66983,67007,24
trotting,67030,67007,67030,23
walking,67062,67030,67062,32
hunching,67196,67062,67196,134
sniffing,67306,67196,67306,110
climbing,67363,67306,67363,57
rising,67440,67363,67440,77
rearing,67636,67440,67636,196
walking,67640,67636,67640,4
sniffing,67771,67640,67771,131
walking,67802,67771,67802,31
left_turning,67807,67802,67807,5
sniffing,67808,67807,67808,1
climbing,67862,67808,67862,54
sniffing,67863,67862,67863,1
trotting,67902,67863,67902,39
stepping,67926,67902,67926,24
right_turning,67933,67926,67933,7
sniffing,68014,67933,68014,81
rising,68060,68014,68060,46
sniffing,68083,68060,68083,23
rising,68141,68083,68141,58
climbing,68162,68141,68162,21
grooming,68306,68162,68306,144
sniffing,68357,68306,68357,51
left_turning,68406,68357,68406,49
sniffing,68830,68406,68830,424
rising,68898,68830,68898,68
hunching,69020,68898,69020,122
right_turning,69056,69020,69056,36
rising,69083,69056,69083,27
walking,69084,69083,69084,1
rising,69239,69084,69239,155
climbing,69313,69239,69313,74
right_turning,69346,69313,69346,33
walking,69361,69346,69361,15
right_turning,69404,69361,69404,43
trotting,69439,69404,69439,35
walking,69477,69439,69477,38
sniffing,69563,69477,69563,86
left_turning,69592,69563,69592,29
rising,69593,69592,69593,1
rearing,69659,69593,69659,66
hunching,69681,69659,69681,22
rearing,69784,69681,69784,103
hunching,69828,69784,69828,44
grooming,69958,69828,69958,130
sniffing,69959,69958,69959,1
rising,70115,69959,70115,156
grooming,70279,70115,70279,164
rearing,70342,70279,70342,63
hunching,70362,70342,70362,20
right_turning,70374,70362,70374,12
walking,70391,70374,70391,17
rearing,70392,70391,70392,1
climbing,70419,70392,70419,27
rising,70420,70419,70420,1
right_turning,70428,70420,70428,8
rising,70458,70428,70458,30
climbing,70468,70458,70468,10
running,70480,70468,70480,12
trotting,70485,70480,70485,5
right_turning,70507,70485,70507,22
running,70546,70507,70546,39
rising,70583,70546,70583,37
climbing,70618,70583,70618,35
right_turning,70625,70618,70625,7
sniffing,70715,70625,70715,90
rising,70716,70715,70716,1
rearing,70872,70716,70872,156
rising,70916,70872,70916,44
climbing,71006,70916,71006,90
rising,71028,71006,71028,22
sniffing,71090,71028,71090,62
grooming,71221,71090,71221,131
sniffing,71387,71221,71387,166
climbing,71412,71387,71412,25
walking,71413,71412,71413,1
sniffing,71485,71413,71485,72
walking,71520,71485,71520,35
left_turning,71560,71520,71560,40
running,71599,71560,71599,39
trotting,71626,71599,71626,27
walking,71669,71626,71669,43
sniffing,71725,71669,71725,56
rising,71726,71725,71726,1
rearing,71809,71726,71809,83
trotting,71832,71809,71832,23
right_turning,71847,71832,71847,15
sniffing,71921,71847,71921,74
left_turning,71972,71921,71972,51
walking,72028,71972,72028,56
sniffing,72157,72028,72157,129
right_turning,72205,72157,72205,48
sniffing,72206,72205,72206,1
stepping,72215,72206,72215,9
walking,72320,72215,72320,105
rearing,72325,72320,72325,5
sniffing,72390,72325,72390,65
climbing,72412,72390,72412,22
walking,72438,72412,72438,26
sniffing,72439,72438,72439,1
grooming,72606,72439,72606,167
sniffing,72622,72606,72622,16
climbing,72699,72622,72699,77
sniffing,72730,72699,72730,31
climbing,72817,72730,72817,87
trotting,72820,72817,72820,3
left_turning,72821,72820,72821,1
sniffing,72886,72821,72886,65
walking,72915,72886,72915,29
climbing,72984,72915,72984,69
right_turning,72994,72984,72994,10
walking,72995,72994,72995,1
sniffing,73178,72995,73178,183
climbing,73194,73178,73194,16
rearing,73299,73194,73299,105
grooming,73461,73299,73461,162
rearing,73477,73461,73477,16
running,73486,73477,73486,9
trotting,73509,73486,73509,23
left_turning,73570,73509,73570,61
walking,73646,73570,73646,76
rising,73650,73646,73650,4
climbing,73714,73650,73714,64
rising,73736,73714,73736,22
right_turning,73744,73736,73744,8
sniffing,73775,73744,73775,31
right_turning,73808,73775,73808,33
trotting,73826,73808,73826,18
climbing,73894,73826,73894,68
left_turning,73898,73894,73898,4
sniffing,73912,73898,73912,14
left_turning,73913,73912,73913,1
stepping,73925,73913,73925,12
sniffing,73926,73925,73926,1
left_turning,73952,73926,73952,26
sniffing,73975,73952,73975,23
grooming,73976,73975,73976,1
hunching,74054,73976,74054,78
sniffing,74078,74054,74078,24
rising,74089,74078,74089,11
sniffing,74149,74089,74149,60
rearing,74150,74149,74150,1
walking,74202,74150,74202,52
left_turning,74203,74202,74203,1
sniffing,74293,74203,74293,90
rising,74352,74293,74352,59
left_turning,74394,74352,74394,42
sniffing,74435,74394,74435,41
left_turning,74523,74435,74523,88
sniffing,74635,74523,74635,112
walking,74654,74635,74654,19
running,74668,74654,74668,14
rising,74689,74668,74689,21
climbing,74719,74689,74719,30
trotting,74720,74719,74720,1
sniffing,74786,74720,74786,66
climbing,74869,74786,74869,83
rising,74889,74869,74889,20
sniffing,74972,74889,74972,83
rearing,74978,74972,74978,6
climbing,75008,74978,75008,30
sniffing,75054,75008,75054,46
trotting,75081,75054,75081,27
rising,75135,75081,75135,54
climbing,75136,75135,75136,1
rising,75166,75136,75166,30
climbing,75245,75166,75245,79
trotting,75276,75245,75276,31
running,75309,75276,75309,33
walking,75311,75309,75311,2
climbing,75363,75311,75363,52
rearing,75410,75363,75410,47
left_turning,75463,75410,75463,53
rising,75496,75463,75496,33
climbing,75505,75496,75505,9
right_turning,75540,75505,75540,35
climbing,75599,75540,75599,59
rearing,75600,75599,75600,1
rising,75622,75600,75622,22
sniffing,75643,75622,75643,21
stepping,75701,75643,75701,58
hunching,75740,75701,75740,39
sniffing,75791,75740,75791,51
grooming,76201,75791,76201,410
rising,76255,76201,76255,54
climbing,76260,76255,76260,5
walking,76290,76260,76290,30
sniffing,76344,76290,76344,54
rising,76352,76344,76352,8
climbing,76353,76352,76353,1
rearing,76354,76353,76354,1
sniffing,76414,76354,76414,60
climbing,76430,76414,76430,16
rearing,76523,76430,76523,93
walking,76561,76523,76561,38
rearing,76603,76561,76603,42
sniffing,76637,76603,76637,34
pausing,76787,76637,76787,150
sniffing,76881,76787,76881,94
rising,76927,76881,76927,46
sniffing,76977,76927,76977,50
walking,76987,76977,76987,10
trotting,77001,76987,77001,14
walking,77002,77001,77002,1
sniffing,77003,77002,77003,1
rising,77035,77003,77035,32
climbing,77092,77035,77092,57
sniffing,77188,77092,77188,96
trotting,77241,77188,77241,53
sniffing,77313,77241,77313,72
pausing,77462,77313,77462,149
sniffing,77463,77462,77463,1
rising,77516,77463,77516,53
climbing,77540,77516,77540,24
trotting,77554,77540,77554,14
sniffing,77617,77554,77617,63
climbing,77683,77617,77683,66
sniffing,77684,77683,77684,1
rising,77695,77684,77695,11
climbing,77913,77695,77913,218
sniffing,77923,77913,77923,10
rearing,78135,77923,78135,212
rising,78149,78135,78149,14
right_turning,78150,78149,78150,1
rising,78207,78150,78207,57
left_turning,78227,78207,78227,20
rising,78271,78227,78271,44
climbing,78342,78271,78342,71
trotting,78349,78342,78349,7
sniffing,78381,78349,78381,32
stepping,78383,78381,78383,2
rising,78411,78383,78411,28
sniffing,78421,78411,78421,10
walking,78428,78421,78428,7
sniffing,78458,78428,78458,30
hunching,78508,78458,78508,50
rising,78540,78508,78540,32
sniffing,78577,78540,78577,37
walking,78578,78577,78578,1
sniffing,78640,78578,78640,62
rising,78665,78640,78665,25
rearing,78725,78665,78725,60
grooming,78726,78725,78726,1
sniffing,78749,78726,78749,23
trotting,78753,78749,78753,4
walking,78770,78753,78770,17
sniffing,78791,78770,78791,21
rearing,78792,78791,78792,1
walking,78823,78792,78823,31
sniffing,78967,78823,78967,144
climbing,79022,78967,79022,55
rearing,79106,79022,79106,84
rising,79131,79106,79131,25
climbing,79180,79131,79180,49
sniffing,79272,79180,79272,92
walking,79289,79272,79289,17
trotting,79302,79289,79302,13
rising,79321,79302,79321,19
sniffing,79326,79321,79326,5
left_turning,79403,79326,79403,77
rising,79436,79403,79436,33
climbing,79486,79436,79486,50
rearing,79491,79486,79491,5
hunching,79583,79491,79583,92
grooming,79611,79583,79611,28
rearing,79705,79611,79705,94
left_turning,79709,79705,79709,4
rising,79781,79709,79781,72
climbing,79825,79781,79825,44
sniffing,79826,79825,79826,1
rearing,79857,79826,79857,31
sniffing,79867,79857,79867,10
left_turning,79868,79867,79868,1
sniffing,79908,79868,79908,40
climbing,79920,79908,79920,12
rising,79976,79920,79976,56
climbing,80042,79976,80042,66
rising,80058,80042,80058,16
rearing,80059,80058,80059,1
rising,80130,80059,80130,71
left_turning,80133,80130,80133,3
trotting,80168,80133,80168,35
sniffing,80267,80168,80267,99
running,80287,80267,80287,20
rising,80288,80287,80288,1
climbing,80353,80288,80353,65
rising,80365,80353,80365,12
sniffing,80528,80365,80528,163
stepping,80529,80528,80529,1
rising,80535,80529,80535,6
climbing,80555,80535,80555,20
walking,80584,80555,80584,29
stepping,80641,80584,80641,57
walking,80682,80641,80682,41
stepping,80696,80682,80696,14
rising,80729,80696,80729,33
climbing,80772,80729,80772,43
right_turning,80775,80772,80775,3
stepping,80795,80775,80795,20
left_turning,80860,80795,80860,65
trotting,80875,80860,80875,15
walking,80889,80875,80889,14
sniffing,80890,80889,80890,1
rising,80891,80890,80891,1
walking,80918,80891,80918,27
rearing,80941,80918,80941,23
grooming,80942,80941,80942,1
hunching,81000,80942,81000,58
right_turning,81008,81000,81008,8
walking,81018,81008,81018,10
rising,81035,81018,81035,17
climbing,81061,81035,81061,26
walking,81146,81061,81146,85
running,81185,81146,81185,39
rising,81209,81185,81209,24
climbing,81312,81209,81312,103
left_turning,81349,81312,81349,37
trotting,81361,81349,81361,12
sniffing,81362,81361,81362,1
rearing,81454,81362,81454,92
right_turning,81478,81454,81478,24
left_turning,81505,81478,81505,27
running,81523,81505,81523,18
trotting,81534,81523,81534,11
walking,81612,81534,81612,78
sniffing,81666,81612,81666,54
right_turning,81691,81666,81691,25
walking,81755,81691,81755,64
stepping,81770,81755,81770,15
rearing,81902,81770,81902,132
hunching,81903,81902,81903,1
rising,81904,81903,81904,1
rearing,81905,81904,81905,1
sniffing,81906,81905,81906,1
rising,81907,81906,81907,1
sniffing,81936,81907,81936,29
right_turning,81962,81936,81962,26
sniffing,82231,81962,82231,269
rising,82310,82231,82310,79
climbing,82319,82310,82319,9
rearing,82370,82319,82370,51
left_turning,82394,82370,82394,24
sniffing,82439,82394,82439,45
rising,82473,82439,82473,34
climbing,82556,82473,82556,83
grooming,82557,82556,82557,1
walking,82564,82557,82564,7
rising,82616,82564,82616,52
sniffing,82651,82616,82651,35
rising,82716,82651,82716,65
grooming,82854,82716,82854,138
rearing,82855,82854,82855,1
grooming,82873,82855,82873,18
sniffing,83008,82873,83008,135
rising,83031,83008,83031,23
climbing,83066,83031,83066,35
walking,83096,83066,83096,30
rising,83097,83096,83097,1
rearing,83143,83097,83143,46
rising,83165,83143,83165,22
sniffing,83196,83165,83196,31
rising,83197,83196,83197,1
climbing,83243,83197,83243,46
rising,83272,83243,83272,29
sniffing,83275,83272,83275,3
grooming,83456,83275,83456,181
rearing,83457,83456,83457,1
climbing,83460,83457,83460,3
sniffing,83473,83460,83473,13
rising,83496,83473,83496,23
hunching,83617,83496,83617,121
rising,83619,83617,83619,2
sniffing,83620,83619,83620,1
grooming,84043,83620,84043,423
sniffing,84073,84043,84073,30
walking,84093,84073,84093,20
sniffing,84094,84093,84094,1
rising,84172,84094,84172,78
sniffing,84231,84172,84231,59
left_turning,84294,84231,84294,63
walking,84326,84294,84326,32
sniffing,84347,84326,84347,21
walking,84355,84347,84355,8
sniffing,84448,84355,84448,93
walking,84480,84448,84480,32
sniffing,84523,84480,84523,43
grooming,84962,84523,84962,439
rising,84985,84962,84985,23
sniffing,85093,84985,85093,108
left_turning,85094,85093,85094,1
walking,85095,85094,85095,1
stepping,85128,85095,85128,33
rearing,85182,85128,85182,54
sniffing,85199,85182,85199,17
rising,85277,85199,85277,78
climbing,85338,85277,85338,61
sniffing,85467,85338,85467,129
climbing,85609,85467,85609,142
sniffing,85610,85609,85610,1
climbing,85658,85610,85658,48
sniffing,85659,85658,85659,1
left_turning,85664,85659,85664,5
sniffing,85740,85664,85740,76
pausing,86088,85740,86088,348
sniffing,86089,86088,86089,1
walking,86136,86089,86136,47
left_turning,86137,86136,86137,1
sniffing,86183,86137,86183,46
right_turning,86199,86183,86199,16
walking,86245,86199,86245,46
sniffing,86318,86245,86318,73
left_turning,86365,86318,86365,47
climbing,86431,86365,86431,66
grooming,86648,86431,86648,217
rearing,86649,86648,86649,1
sniffing,86723,86649,86723,74
rearing,86809,86723,86809,86
walking,86848,86809,86848,39
right_turning,86849,86848,86849,1
walking,86938,86849,86938,89
sniffing,86947,86938,86947,9
walking,87017,86947,87017,70
sniffing,87037,87017,87037,20
walking,87044,87037,87044,7
stepping,87087,87044,87087,43
walking,87117,87087,87117,30
climbing,87145,87117,87145,28
rearing,87146,87145,87146,1
rising,87195,87146,87195,49
walking,87247,87195,87247,52
sniffing,87349,87247,87349,102
left_turning,87374,87349,87374,25
trotting,87403,87374,87403,29
rising,87406,87403,87406,3
climbing,87507,87406,87507,101
rearing,87658,87507,87658,151
walking,87697,87658,87697,39
sniffing,87698,87697,87698,1
trotting,87718,87698,87718,20
sniffing,87725,87718,87725,7
right_turning,87734,87725,87734,9
running,87755,87734,87755,21
left_turning,87815,87755,87815,60
walking,87829,87815,87829,14
sniffing,87968,87829,87968,139
rising,88000,87968,88000,32
hunching,88019,88000,88019,19
rearing,88268,88019,88268,249
sniffing,88339,88268,88339,71
walking,88368,88339,88368,29
sniffing,88369,88368,88369,1
walking,88404,88369,88404,35
climbing,88427,88404,88427,23
rearing,88428,88427,88428,1
left_turning,88499,88428,88499,71
walking,88519,88499,88519,20
running,88538,88519,88538,19
rising,88559,88538,88559,21
climbing,88623,88559,88623,64
rising,88759,88623,88759,136
left_turning,88809,88759,88809,50
sniffing,88861,88809,88861,52
rising,88879,88861,88879,18
climbing,88950,88879,88950,71
right_turning,88961,88950,88961,11
sniffing,89020,88961,89020,59
walking,89021,89020,89021,1
sniffing,89069,89021,89069,48
hunching,89156,89069,89156,87
stepping,89160,89156,89160,4
sniffing,89198,89160,89198,38
rising,89223,89198,89223,25
climbing,89292,89223,89292,69
trotting,89293,89292,89293,1
sniffing,89363,89293,89363,70
rising,89428,89363,89428,65
sniffing,89429,89428,89429,1
rising,89491,89429,89491,62
climbing,89557,89491,89557,66
rising,89606,89557,89606,49
climbing,89674,89606,89674,68
rearing,89802,89674,89802,128
left_turning,89803,89802,89803,1
stepping,89867,89803,89867,64
climbing,89920,89867,89920,53
sniffing,89972,89920,89972,52
left_turning,90100,89972,90100,128
sniffing,90101,90100,90101,1
left_turning,90142,90101,90142,41
walking,90225,90142,90225,83
stepping,90226,90225,90226,1
sniffing,90291,90226,90291,65
grooming,90406,90291,90406,115
sniffing,90449,90406,90449,43
left_turning,90461,90449,90461,12
trotting,90471,90461,90471,10
rising,90472,90471,90472,1
climbing,90538,90472,90538,66
sniffing,90558,90538,90558,20
left_turning,90602,90558,90602,44
rising,90603,90602,90603,1
climbing,90625,90603,90625,22
sniffing,90632,90625,90632,7
left_turning,90633,90632,90633,1
sniffing,90634,90633,90634,1
left_turning,90639,90634,90639,5
stepping,90648,90639,90648,9
sniffing,90701,90648,90701,53
left_turning,90702,90701,90702,1
sniffing,90779,90702,90779,77
rearing,90786,90779,90786,7
grooming,90787,90786,90787,1
hunching,90814,90787,90814,27
climbing,90872,90814,90872,58
grooming,90902,90872,90902,30
climbing,90970,90902,90970,68
right_turning,90977,90970,90977,7
trotting,91006,90977,91006,29
walking,91019,91006,91019,13
rising,91048,91019,91048,29
rearing,91141,91048,91141,93
hunching,91459,91141,91459,318
sniffing,91463,91459,91463,4
walking,91523,91463,91523,60
rearing,91528,91523,91528,5
hunching,91529,91528,91529,1
sniffing,91530,91529,91530,1
climbing,91570,91530,91570,40
walking,91621,91570,91621,51
grooming,91686,91621,91686,65
sniffing,91771,91686,91771,85
walking,91784,91771,91784,13
stepping,91799,91784,91799,15
right_turning,91818,91799,91818,19
left_turning,91820,91818,91820,2
walking,91824,91820,91824,4
left_turning,91889,91824,91889,65
stepping,91958,91889,91958,69
walking,91967,91958,91967,9
stepping,91998,91967,91998,31
left_turning,92039,91998,92039,41
walking,92065,92039,92065,26
sniffing,92066,92065,92066,1
walking,92067,92066,92067,1
running,92068,92067,92068,1
sniffing,92069,92068,92069,1
climbing,92101,92069,92101,32
rising,92102,92101,92102,1
sniffing,92103,92102,92103,1
walking,92105,92103,92105,2
rising,92137,92105,92137,32
climbing,92187,92137,92187,50
walking,92188,92187,92188,1
sniffing,92263,92188,92263,75
stepping,92402,92263,92402,139
walking,92427,92402,92427,25
rearing,92492,92427,92492,65
grooming,92558,92492,92558,66
hunching,92619,92558,92619,61
sniffing,92864,92619,92864,245
rising,92872,92864,92872,8
sniffing,92910,92872,92910,38
climbing,92946,92910,92946,36
rearing,92956,92946,92956,10
climbing,92963,92956,92963,7
left_turning,92975,92963,92975,12
sniffing,92983,92975,92983,8
climbing,93077,92983,93077,94
rearing,93196,93077,93196,119
right_turning,93200,93196,93200,4
walking,93223,93200,93223,23
sniffing,93270,93223,93270,47
left_turning,93277,93270,93277,7
sniffing,93546,93277,93546,269
walking,93578,93546,93578,32
rising,93587,93578,93587,9
left_turning,93593,93587,93593,6
walking,93626,93593,93626,33
trotting,93627,93626,93627,1
sniffing,93719,93627,93719,92
stepping,93720,93719,93720,1
walking,93722,93720,93722,2
sniffing,93723,93722,93723,1
grooming,93895,93723,93895,172
climbing,93896,93895,93896,1
rearing,93958,93896,93958,62
grooming,93959,93958,93959,1
climbing,93994,93959,93994,35
right_turning,94019,93994,94019,25
stepping,94026,94019,94026,7
rising,94074,94026,94074,48
sniffing,94119,94074,94119,45
walking,94153,94119,94153,34
climbing,94198,94153,94198,45
rising,94258,94198,94258,60
climbing,94306,94258,94306,48
rearing,94307,94306,94307,1
rising,94308,94307,94308,1
climbing,94309,94308,94309,1
left_turning,94405,94309,94405,96
sniffing,94460,94405,94460,55
rearing,94497,94460,94497,37
rising,94575,94497,94575,78
right_turning,94576,94575,94576,1
climbing,94577,94576,94577,1
rising,94592,94577,94592,15
rearing,94593,94592,94593,1
sniffing,94656,94593,94656,63
stepping,94674,94656,94674,18
walking,94675,94674,94675,1
sniffing,94764,94675,94764,89
left_turning,94805,94764,94805,41
trotting,94821,94805,94821,16
sniffing,94880,94821,94880,59
rising,95014,94880,95014,134
climbing,95078,95014,95078,64
walking,95119,95078,95119,41
rising,95120,95119,95120,1
climbing,95195,95120,95195,75
walking,95216,95195,95216,21
stepping,95228,95216,95228,12
rising,95229,95228,95229,1
climbing,95235,95229,95235,6
sniffing,95270,95235,95270,35
right_turning,95281,95270,95281,11
sniffing,95282,95281,95282,1
rising,95283,95282,95283,1
rearing,95356,95283,95356,73
sniffing,95418,95356,95418,62
left_turning,95449,95418,95449,31
rearing,95472,95449,95472,23
left_turning,95482,95472,95482,10
sniffing,95521,95482,95521,39
right_turning,95539,95521,95539,18
trotting,95569,95539,95569,30
rising,95607,95569,95607,38
climbing,95634,95607,95634,27
walking,95651,95634,95651,17
left_turning,95652,95651,95652,1
walking,95695,95652,95695,43
sniffing,95786,95695,95786,91
running,95818,95786,95818,32
stepping,95851,95818,95851,33
climbing,95881,95851,95881,30
hunching,95882,95881,95882,1
rising,95900,95882,95900,18
climbing,95947,95900,95947,47
rising,95962,95947,95962,15
rearing,96005,95962,96005,43
pausing,96390,96005,96390,385
walking,96414,96390,96414,24
sniffing,96478,96414,96478,64
left_turning,96479,96478,96479,1
sniffing,96483,96479,96483,4
walking,96533,96483,96533,50
sniffing,96537,96533,96537,4
left_turning,96538,96537,96538,1
sniffing,96625,96538,96625,87
right_turning,96626,96625,96626,1
running,96664,96626,96664,38
walking,96678,96664,96678,14
sniffing,96680,96678,96680,2
right_turning,96700,96680,96700,20
trotting,96726,96700,96726,26
walking,96735,96726,96735,9
rising,96745,96735,96745,10
climbing,96762,96745,96762,17
sniffing,96849,96762,96849,87
climbing,96862,96849,96862,13
walking,96919,96862,96919,57
sniffing,96920,96919,96920,1
rearing,96946,96920,96946,26
walking,96950,96946,96950,4
left_turning,96974,96950,96974,24
stepping,97019,96974,97019,45
walking,97020,97019,97020,1
rising,97021,97020,97021,1
climbing,97022,97021,97022,1
walking,97045,97022,97045,23
stepping,97082,97045,97082,37
trotting,97089,97082,97089,7
stepping,97106,97089,97106,17
walking,97136,97106,97136,30
rising,97142,97136,97142,6
climbing,97143,97142,97143,1
rearing,97216,97143,97216,73
sniffing,97260,97216,97260,44
rising,97261,97260,97261,1
climbing,97268,97261,97268,7
running,97297,97268,97297,29
sniffing,97298,97297,97298,1
rising,97318,97298,97318,20
climbing,97380,97318,97380,62
grooming,97492,97380,97492,112
climbing,97533,97492,97533,41
grooming,97534,97533,97534,1
sniffing,97540,97534,97540,6
rearing,97542,97540,97542,2
grooming,97543,97542,97543,1
hunching,97642,97543,97642,99
climbing,97669,97642,97669,27
rearing,97670,97669,97670,1
hunching,97715,97670,97715,45
climbing,97801,97715,97801,86
right_turning,97808,97801,97808,7
stepping,97812,97808,97812,4
walking,97844,97812,97844,32
sniffing,97886,97844,97886,42
rearing,97923,97886,97923,37
sniffing,97943,97923,97943,20
climbing,97965,97943,97965,22
stepping,97972,97965,97972,7
right_turning,97983,97972,97983,11
walking,98065,97983,98065,82
climbing,98066,98065,98066,1
sniffing,98067,98066,98067,1
right_turning,98074,98067,98074,7
rearing,98117,98074,98117,43
walking,98164,98117,98164,47
sniffing,98165,98164,98165,1
climbing,98230,98165,98230,65
right_turning,98242,98230,98242,12
rising,98273,98242,98273,31
sniffing,98306,98273,98306,33
walking,98321,98306,98321,15
rising,98327,98321,98327,6
sniffing,98337,98327,98337,10
walking,98376,98337,98376,39
sniffing,98477,98376,98477,101
walking,98478,98477,98478,1
sniffing,98569,98478,98569,91
walking,98650,98569,98650,81
sniffing,98651,98650,98651,1
right_turning,98663,98651,98663,12
trotting,98698,98663,98698,35
sniffing,98728,98698,98728,30
walking,98741,98728,98741,13
rearing,98751,98741,98751,10
right_turning,98785,98751,98785,34
walking,98792,98785,98792,7
sniffing,98873,98792,98873,81
hunching,98922,98873,98922,49
grooming,99893,98922,99893,971
sniffing,99954,99893,99954,61
rising,100026,99954,100026,72
climbing,100132,100026,100132,106
rising,100226,100132,100226,94
climbing,100265,100226,100265,39
sniffing,100266,100265,100266,1
hunching,100351,100266,100351,85
grooming,100352,100351,100352,1
rearing,100425,100352,100425,73
rising,100426,100425,100426,1
climbing,100453,100426,100453,27
walking,100466,100453,100466,13
sniffing,100559,100466,100559,93
climbing,100566,100559,100566,7
trotting,100593,100566,100593,27
sniffing,100726,100593,100726,133
rising,100834,100726,100834,108
climbing,100922,100834,100922,88
rising,100923,100922,100923,1
climbing,100970,100923,100970,47
sniffing,100981,100970,100981,11
grooming,100982,100981,100982,1
sniffing,101013,100982,101013,31
left_turning,101037,101013,101037,24
walking,101053,101037,101053,16
rising,101142,101053,101142,89
left_turning,101143,101142,101143,1
walking,101180,101143,101180,37
left_turning,101249,101180,101249,69
sniffing,101318,101249,101318,69
climbing,101354,101318,101354,36
sniffing,101381,101354,101381,27
running,101390,101381,101390,9
left_turning,101413,101390,101413,23
climbing,101441,101413,101441,28
rearing,101450,101441,101450,9
sniffing,101559,101450,101559,109
right_turning,101560,101559,101560,1
sniffing,101611,101560,101611,51
hunching,101682,101611,101682,71
right_turning,101720,101682,101720,38
rising,101773,101720,101773,53
climbing,101827,101773,101827,54
sniffing,101905,101827,101905,78
rising,101986,101905,101986,81
rearing,102044,101986,102044,58
hunching,102162,102044,102162,118
sniffing,102208,102162,102208,46
walking,102235,102208,102235,27
rising,102356,102235,102356,121
sniffing,102411,102356,102411,55
pausing,102412,102411,102412,1
sniffing,102517,102412,102517,105
walking,102590,102517,102590,73
sniffing,102636,102590,102636,46
rising,102637,102636,102637,1
sniffing,102694,102637,102694,57
hunching,102695,102694,102695,1
grooming,103398,102695,103398,703
left_turning,103399,103398,103399,1
stepping,103501,103399,103501,102
sniffing,103600,103501,103600,99
pausing,103601,103600,103601,1
right_turning,103617,103601,103617,16
trotting,103664,103617,103664,47
sniffing,103708,103664,103708,44
left_turning,103744,103708,103744,36
stepping,103757,103744,103757,13
sniffing,103761,103757,103761,4
rising,103762,103761,103762,1
sniffing,103793,103762,103793,31
stepping,103804,103793,103804,11
sniffing,103875,103804,103875,71
grooming,104107,103875,104107,232
climbing,104196,104107,104196,89
grooming,104393,104196,104393,197
sniffing,104458,104393,104458,65
climbing,104542,104458,104542,84
trotting,104555,104542,104555,13
sniffing,104601,104555,104601,46
stepping,104637,104601,104637,36
sniffing,104768,104637,104768,131
trotting,104825,104768,104825,57
rising,104853,104825,104853,28
rearing,104907,104853,104907,54
sniffing,104908,104907,104908,1
rising,104909,104908,104909,1
sniffing,104978,104909,104978,69
hunching,105089,104978,105089,111
rising,105127,105089,105127,38
walking,105164,105127,105164,37
sniffing,105271,105164,105271,107
rising,105277,105271,105277,6
climbing,105278,105277,105278,1
rearing,105286,105278,105286,8
sniffing,105366,105286,105366,80
rising,105436,105366,105436,70
climbing,105602,105436,105602,166
grooming,105658,105602,105658,56
left_turning,105666,105658,105666,8
rising,105719,105666,105719,53
hunching,105776,105719,105776,57
climbing,105808,105776,105808,32
rising,105809,105808,105809,1
sniffing,105810,105809,105810,1
climbing,105811,105810,105811,1
running,105828,105811,105828,17
sniffing,105829,105828,105829,1
walking,105837,105829,105837,8
left_turning,105904,105837,105904,67
trotting,105920,105904,105920,16
climbing,105990,105920,105990,70
rising,106072,105990,106072,82
sniffing,106142,106072,106142,70
grooming,106242,106142,106242,100
rearing,106346,106242,106346,104
walking,106392,106346,106392,46
sniffing,106494,106392,106494,102
rising,106495,106494,106495,1
walking,106513,106495,106513,18
stepping,106529,106513,106529,16
sniffing,106640,106529,106640,111
walking,106687,106640,106687,47
sniffing,106782,106687,106782,95
rising,106789,106782,106789,7
sniffing,106825,106789,106825,36
rearing,106871,106825,106871,46
sniffing,106924,106871,106924,53
right_turning,106968,106924,106968,44
sniffing,106969,106968,106969,1
rearing,106970,106969,106970,1
sniffing,106984,106970,106984,14
walking,107020,106984,107020,36
sniffing,107085,107020,107085,65
walking,107121,107085,107121,36
left_turning,107162,107121,107162,41
walking,107181,107162,107181,19
climbing,107222,107181,107222,41
rising,107258,107222,107258,36
hunching,107414,107258,107414,156
grooming,107599,107414,107599,185
walking,107630,107599,107630,31
trotting,107631,107630,107631,1
sniffing,107701,107631,107701,70
hunching,107749,107701,107749,48
grooming,107750,107749,107750,1
sniffing,107883,107750,107883,133
grooming,108000,107883,108000,117
