revised_movement_label,segBoundary,segBoundary_start,segBoundary_end,length
sniffing,107,0,107,107
rising,219,107,219,112
sniffing,220,219,220,1
climbing,269,220,269,49
sniffing,313,269,313,44
trotting,362,313,362,49
right_turning,372,362,372,10
trotting,376,372,376,4
walking,413,376,413,37
sniffing,471,413,471,58
pausing,472,471,472,1
sniffing,590,472,590,118
walking,655,590,655,65
trotting,671,655,671,16
walking,718,671,718,47
sniffing,767,718,767,49
walking,811,767,811,44
stepping,823,811,823,12
climbing,838,823,838,15
walking,847,838,847,9
sniffing,906,847,906,59
walking,931,906,931,25
sniffing,1038,931,1038,107
rising,1066,1038,1066,28
climbing,1111,1066,1111,45
sniffing,1112,1111,1112,1
rising,1128,1112,1128,16
climbing,1197,1128,1197,69
rearing,1544,1197,1544,347
rising,1600,1544,1600,56
left_turning,1617,1600,1617,17
rising,1675,1617,1675,58
walking,1711,1675,1711,36
rising,1800,1711,1800,89
sniffing,1826,1800,1826,26
rising,1864,1826,1864,38
trotting,1936,1864,1936,72
sniffing,1937,1936,1937,1
walking,1982,1937,1982,45
sniffing,1997,1982,1997,15
running,2037,1997,2037,40
stepping,2038,2037,2038,1
climbing,2089,2038,2089,51
right_turning,2105,2089,2105,16
trotting,2106,2105,2106,1
walking,2190,2106,2190,84
trotting,2197,2190,2197,7
stepping,2229,2197,2229,32
right_turning,2230,2229,2230,1
trotting,2275,2230,2275,45
left_turning,2328,2275,2328,53
rising,2329,2328,2329,1
sniffing,2342,2329,2342,13
climbing,2366,2342,2366,24
rising,2540,2366,2540,174
stepping,2578,2540,2578,38
walking,2592,2578,2592,14
climbing,2621,2592,2621,29
hunching,2701,2621,2701,80
climbing,2724,2701,2724,23
sniffing,2815,2724,2815,91
climbing,2850,2815,2850,35
right_turning,2878,2850,2878,28
sniffing,2901,2878,2901,23
rising,2902,2901,2902,1
right_turning,2921,2902,2921,19
sniffing,2981,2921,2981,60
climbing,3033,2981,3033,52
sniffing,3034,3033,3034,1
rising,3035,3034,3035,1
walking,3059,3035,3059,24
sniffing,3079,3059,3079,20
climbing,3101,3079,3101,22
walking,3123,3101,3123,22
left_turning,3157,3123,3157,34
rearing,3240,3157,3240,83
walking,3277,3240,3277,37
climbing,3339,3277,3339,62
running,3378,3339,3378,39
left_turning,3398,3378,3398,20
trotting,3399,3398,3399,1
sniffing,3400,3399,3400,1
left_turning,3442,3400,3442,42
sniffing,3443,3442,3443,1
running,3446,3443,3446,3
walking,3494,3446,3494,48
running,3499,3494,3499,5
trotting,3505,3499,3505,6
sniffing,3531,3505,3531,26
left_turning,3545,3531,3545,14
sniffing,3573,3545,3573,28
trotting,3575,3573,3575,2
rising,3605,3575,3605,30
climbing,3667,3605,3667,62
walking,3674,3667,3674,7
rising,3695,3674,3695,21
sniffing,3696,3695,3696,1
climbing,3697,3696,3697,1
rearing,3773,3697,3773,76
right_turning,3776,3773,3776,3
stepping,3796,3776,3796,20
left_turning,3801,3796,3801,5
walking,3875,3801,3875,74
rising,3911,3875,3911,36
sniffing,3942,3911,3942,31
rising,3943,3942,3943,1
climbing,3975,3943,3975,32
trotting,4000,3975,4000,25
rising,4058,4000,4058,58
climbing,4084,4058,4084,26
rising,4305,4084,4305,221
rearing,4306,4305,4306,1
rising,4307,4306,4307,1
climbing,4369,4307,4369,62
sniffing,4398,4369,4398,29
rearing,4493,4398,4493,95
rising,4568,4493,4568,75
sniffing,4589,4568,4589,21
rising,4657,4589,4657,68
climbing,4694,4657,4694,37
rearing,4695,4694,4695,1
sniffing,4727,4695,4727,32
hunching,4813,4727,4813,86
sniffing,4814,4813,4814,1
left_turning,4825,4814,4825,11
sniffing,4863,4825,4863,38
climbing,4934,4863,4934,71
sniffing,5018,4934,5018,84
walking,5034,5018,5034,16
sniffing,5035,5034,5035,1
trotting,5057,5035,5057,22
left_turning,5115,5057,5115,58
trotting,5142,5115,5142,27
walking,5151,5142,5151,9
sniffing,5177,5151,5177,26
rising,5236,5177,5236,59
walking,5291,5236,5291,55
sniffing,5292,5291,5292,1
pausing,5293,5292,5293,1
sniffing,5316,5293,5316,23
climbing,5357,5316,5357,41
sniffing,5371,5357,5371,14
trotting,5372,5371,5372,1
left_turning,5439,5372,5439,67
sniffing,5509,5439,5509,70
rising,5510,5509,5510,1
sniffing,5581,5510,5581,71
left_turning,5613,5581,5613,32
walking,5659,5613,5659,46
rising,5722,5659,5722,63
walking,5735,5722,5735,13
rising,5736,5735,5736,1
walking,5775,5736,5775,39
sniffing,5809,5775,5809,34
rising,5810,5809,5810,1
climbing,5873,5810,5873,63
walking,5879,5873,5879,6
rising,6196,5879,6196,317
rearing,6365,6196,6365,169
sniffing,6366,6365,6366,1
climbing,6430,6366,6430,64
rising,6520,6430,6520,90
climbing,6576,6520,6576,56
rearing,6681,6576,6681,105
walking,6722,6681,6722,41
running,6755,6722,6755,33
walking,6801,6755,6801,46
rising,6891,6801,6891,90
sniffing,6916,6891,6916,25
left_turning,6979,6916,6979,63
walking,7032,6979,7032,53
left_turning,7045,7032,7045,13
sniffing,7089,7045,7089,44
walking,7097,7089,7097,8
left_turning,7111,7097,7111,14
trotting,7129,7111,7129,18
walking,7152,7129,7152,23
climbing,7209,7152,7209,57
rearing,7210,7209,7210,1
left_turning,7223,7210,7223,13
rising,7224,7223,7224,1
left_turning,7232,7224,7232,8
walking,7241,7232,7241,9
left_turning,7262,7241,7262,21
sniffing,7346,7262,7346,84
climbing,7368,7346,7368,22
sniffing,7409,7368,7409,41
rising,7501,7409,7501,92
climbing,7556,7501,7556,55
sniffing,7699,7556,7699,143
hunching,7979,7699,7979,280
rearing,7994,7979,7994,15
sniffing,7995,7994,7995,1
stepping,8034,7995,8034,39
sniffing,8100,8034,8100,66
rising,8101,8100,8101,1
sniffing,8175,8101,8175,74
climbing,8198,8175,8198,23
walking,8223,8198,8223,25
running,8249,8223,8249,26
walking,8299,8249,8299,50
left_turning,8300,8299,8300,1
sniffing,8302,8300,8302,2
climbing,8341,8302,8341,39
sniffing,8469,8341,8469,128
left_turning,8505,8469,8505,36
sniffing,8506,8505,8506,1
trotting,8512,8506,8512,6
walking,8531,8512,8531,19
left_turning,8544,8531,8544,13
walking,8562,8544,8562,18
left_turning,8576,8562,8576,14
sniffing,8577,8576,8577,1
rising,8578,8577,8578,1
walking,8579,8578,8579,1
climbing,8602,8579,8602,23
walking,8631,8602,8631,29
stepping,8658,8631,8658,27
sniffing,8659,8658,8659,1
walking,8684,8659,8684,25
rising,8801,8684,8801,117
climbing,8835,8801,8835,34
rising,8936,8835,8936,101
climbing,8972,8936,8972,36
sniffing,9006,8972,9006,34
walking,9017,9006,9017,11
sniffing,9048,9017,9048,31
rising,9061,9048,9061,13
sniffing,9072,9061,9072,11
left_turning,9123,9072,9123,51
sniffing,9124,9123,9124,1
walking,9226,9124,9226,102
rising,9372,9226,9372,146
sniffing,9439,9372,9439,67
trotting,9466,9439,9466,27
rising,9485,9466,9485,19
walking,9494,9485,9494,9
climbing,9552,9494,9552,58
sniffing,9562,9552,9562,10
trotting,9574,9562,9574,12
sniffing,9600,9574,9600,26
climbing,9683,9600,9683,83
walking,9705,9683,9705,22
rising,9766,9705,9766,61
climbing,9797,9766,9797,31
sniffing,9855,9797,9855,58
right_turning,9885,9855,9885,30
running,9895,9885,9895,10
sniffing,9896,9895,9896,1
stepping,9956,9896,9956,60
left_turning,9960,9956,9960,4
sniffing,10018,9960,10018,58
walking,10066,10018,10066,48
climbing,10105,10066,10105,39
running,10129,10105,10129,24
sniffing,10215,10129,10215,86
walking,10229,10215,10229,14
sniffing,10247,10229,10247,18
rising,10250,10247,10250,3
rearing,10323,10250,10323,73
left_turning,10354,10323,10354,31
sniffing,10447,10354,10447,93
left_turning,10462,10447,10462,15
sniffing,10540,10462,10540,78
rising,10608,10540,10608,68
climbing,10628,10608,10628,20
right_turning,10633,10628,10633,5
sniffing,10690,10633,10690,57
walking,10752,10690,10752,62
sniffing,10790,10752,10790,38
walking,10791,10790,10791,1
sniffing,10799,10791,10799,8
climbing,10856,10799,10856,57
rising,10857,10856,10857,1
sniffing,10902,10857,10902,45
rising,10910,10902,10910,8
walking,10916,10910,10916,6
climbing,10948,10916,10948,32
sniffing,11045,10948,11045,97
left_turning,11078,11045,11078,33
running,11095,11078,11095,17
left_turning,11113,11095,11113,18
sniffing,11138,11113,11138,25
rising,11224,11138,11224,86
hunching,11259,11224,11259,35
rearing,11260,11259,11260,1
sniffing,11322,11260,11322,62
running,11368,11322,11368,46
walking,11441,11368,11441,73
left_turning,11467,11441,11467,26
rising,11482,11467,11482,15
climbing,11483,11482,11483,1
rising,11484,11483,11484,1
sniffing,11569,11484,11569,85
right_turning,11588,11569,11588,19
rising,11589,11588,11589,1
sniffing,11632,11589,11632,43
rising,11635,11632,11635,3
sniffing,11662,11635,11662,27
stepping,11707,11662,11707,45
walking,11782,11707,11782,75
trotting,11800,11782,11800,18
sniffing,11801,11800,11801,1
walking,11823,11801,11823,22
climbing,11891,11823,11891,68
running,11920,11891,11920,29
sniffing,12064,11920,12064,144
walking,12075,12064,12075,11
sniffing,12150,12075,12150,75
rising,12169,12150,12169,19
right_turning,12183,12169,12183,14
sniffing,12207,12183,12207,24
left_turning,12265,12207,12265,58
trotting,12316,12265,12316,51
sniffing,12361,12316,12361,45
rising,12390,12361,12390,29
walking,12440,12390,12440,50
sniffing,12523,12440,12523,83
walking,12600,12523,12600,77
sniffing,12624,12600,12624,24
climbing,12667,12624,12667,43
sniffing,12713,12667,12713,46
running,12732,12713,12732,19
sniffing,12733,12732,12733,1
left_turning,12771,12733,12771,38
walking,12809,12771,12809,38
sniffing,12810,12809,12810,1
stepping,12811,12810,12811,1
sniffing,12841,12811,12841,30
rearing,13041,12841,13041,200
trotting,13100,13041,13100,59
sniffing,13175,13100,13175,75
walking,13220,13175,13220,45
sniffing,13251,13220,13251,31
left_turning,13282,13251,13282,31
sniffing,13341,13282,13341,59
running,13353,13341,13353,12
walking,13407,13353,13407,54
rising,13482,13407,13482,75
sniffing,13511,13482,13511,29
climbing,13539,13511,13539,28
rearing,13568,13539,13568,29
sniffing,13625,13568,13625,57
climbing,13663,13625,13663,38
walking,13685,13663,13685,22
rising,13701,13685,13701,16
sniffing,13832,13701,13832,131
rearing,13833,13832,13833,1
climbing,13889,13833,13889,56
walking,13906,13889,13906,17
trotting,13933,13906,13933,27
sniffing,13955,13933,13955,22
rising,14012,13955,14012,57
walking,14013,14012,14013,1
rising,14366,14013,14366,353
climbing,14434,14366,14434,68
right_turning,14463,14434,14463,29
walking,14542,14463,14542,79
climbing,14600,14542,14600,58
trotting,14613,14600,14613,13
walking,14655,14613,14655,42
sniffing,14766,14655,14766,111
climbing,14835,14766,14835,69
sniffing,14836,14835,14836,1
climbing,14897,14836,14897,61
rising,14934,14897,14934,37
sniffing,14935,14934,14935,1
walking,14952,14935,14952,17
trotting,14957,14952,14957,5
running,14992,14957,14992,35
walking,15001,14992,15001,9
sniffing,15055,15001,15055,54
walking,15103,15055,15103,48
sniffing,15185,15103,15185,82
right_turning,15209,15185,15209,24
sniffing,15248,15209,15248,39
pausing,15249,15248,15249,1
sniffing,15310,15249,15310,61
climbing,15360,15310,15360,50
walking,15399,15360,15399,39
sniffing,15495,15399,15495,96
walking,15515,15495,15515,20
rising,15557,15515,15557,42
climbing,15613,15557,15613,56
walking,15672,15613,15672,59
sniffing,15673,15672,15673,1
rising,15680,15673,15680,7
walking,15766,15680,15766,86
sniffing,15807,15766,15807,41
rising,15914,15807,15914,107
climbing,15954,15914,15954,40
left_turning,15981,15954,15981,27
walking,15982,15981,15982,1
sniffing,16063,15982,16063,81
climbing,16178,16063,16178,115
left_turning,16220,16178,16220,42
sniffing,16244,16220,16244,24
rising,16316,16244,16316,72
climbing,16376,16316,16376,60
sniffing,16406,16376,16406,30
trotting,16450,16406,16450,44
walking,16488,16450,16488,38
rising,16510,16488,16510,22
walking,16549,16510,16549,39
sniffing,16639,16549,16639,90
walking,16651,16639,16651,12
sniffing,16698,16651,16698,47
rising,16699,16698,16699,1
climbing,16726,16699,16726,27
rearing,16810,16726,16810,84
climbing,16850,16810,16850,40
rising,16920,16850,16920,70
climbing,16955,16920,16955,35
left_turning,16963,16955,16963,8
sniffing,17052,16963,17052,89
climbing,17109,17052,17109,57
walking,17158,17109,17158,49
stepping,17173,17158,17173,15
climbing,17174,17173,17174,1
running,17228,17174,17228,54
walking,17240,17228,17240,12
sniffing,17241,17240,17241,1
running,17259,17241,17259,18
rising,17287,17259,17287,28
climbing,17310,17287,17310,23
right_turning,17311,17310,17311,1
walking,17329,17311,17329,18
left_turning,17334,17329,17334,5
running,17366,17334,17366,32
walking,17367,17366,17367,1
sniffing,17417,17367,17417,50
walking,17475,17417,17475,58
trotting,17545,17475,17545,70
walking,17577,17545,17577,32
sniffing,17705,17577,17705,128
stepping,17728,17705,17728,23
right_turning,17729,17728,17729,1
walking,17790,17729,17790,61
sniffing,17836,17790,17836,46
climbing,17844,17836,17844,8
sniffing,17872,17844,17872,28
climbing,17933,17872,17933,61
sniffing,18024,17933,18024,91
rearing,18025,18024,18025,1
hunching,18026,18025,18026,1
rising,18065,18026,18065,39
sniffing,18093,18065,18093,28
climbing,18121,18093,18121,28
sniffing,18122,18121,18122,1
stepping,18136,18122,18136,14
rising,18152,18136,18152,16
sniffing,18153,18152,18153,1
right_turning,18176,18153,18176,23
rising,18177,18176,18177,1
climbing,18196,18177,18196,19
rising,18197,18196,18197,1
climbing,18202,18197,18202,5
rising,18203,18202,18203,1
walking,18255,18203,18255,52
sniffing,18291,18255,18291,36
stepping,18300,18291,18300,9
right_turning,18323,18300,18323,23
trotting,18360,18323,18360,37
walking,18383,18360,18383,23
right_turning,18402,18383,18402,19
walking,18442,18402,18442,40
sniffing,18460,18442,18460,18
left_turning,18472,18460,18472,12
rising,18503,18472,18503,31
climbing,18514,18503,18514,11
sniffing,18608,18514,18608,94
rearing,18609,18608,18609,1
grooming,18667,18609,18667,58
right_turning,18742,18667,18742,75
walking,18825,18742,18825,83
rising,18826,18825,18826,1
sniffing,18869,18826,18869,43
rising,18914,18869,18914,45
climbing,18938,18914,18938,24
right_turning,18943,18938,18943,5
stepping,18957,18943,18957,14
sniffing,18984,18957,18984,27
trotting,18999,18984,18999,15
sniffing,19017,18999,19017,18
right_turning,19040,19017,19040,23
walking,19061,19040,19061,21
sniffing,19168,19061,19168,107
trotting,19169,19168,19169,1
sniffing,19201,19169,19201,32
walking,19221,19201,19221,20
sniffing,19278,19221,19278,57
walking,19279,19278,19279,1
sniffing,19280,19279,19280,1
rising,19356,19280,19356,76
rearing,19403,19356,19403,47
climbing,19456,19403,19456,53
sniffing,19457,19456,19457,1
right_turning,19463,19457,19463,6
walking,19478,19463,19478,15
sniffing,19518,19478,19518,40
left_turning,19579,19518,19579,61
sniffing,19602,19579,19602,23
rising,19617,19602,19617,15
climbing,19701,19617,19701,84
sniffing,19702,19701,19702,1
hunching,19759,19702,19759,57
sniffing,19784,19759,19784,25
left_turning,19830,19784,19830,46
sniffing,19901,19830,19901,71
grooming,20168,19901,20168,267
climbing,20226,20168,20226,58
left_turning,20227,20226,20227,1
sniffing,20291,20227,20291,64
stepping,20292,20291,20292,1
rising,20293,20292,20293,1
walking,20321,20293,20321,28
sniffing,20362,20321,20362,41
grooming,20828,20362,20828,466
rising,20829,20828,20829,1
sniffing,20830,20829,20830,1
walking,20880,20830,20880,50
stepping,20895,20880,20895,15
sniffing,20991,20895,20991,96
walking,21029,20991,21029,38
rising,21034,21029,21034,5
climbing,21070,21034,21070,36
sniffing,21140,21070,21140,70
stepping,21151,21140,21151,11
hunching,21152,21151,21152,1
climbing,21156,21152,21156,4
right_turning,21157,21156,21157,1
walking,21158,21157,21158,1
sniffing,21170,21158,21170,12
walking,21235,21170,21235,65
left_turning,21267,21235,21267,32
rising,21270,21267,21270,3
climbing,21271,21270,21271,1
running,21289,21271,21289,18
sniffing,21306,21289,21306,17
rising,21365,21306,21365,59
left_turning,21366,21365,21366,1
sniffing,21367,21366,21367,1
walking,21405,21367,21405,38
sniffing,21406,21405,21406,1
left_turning,21434,21406,21434,28
sniffing,21452,21434,21452,18
left_turning,21493,21452,21493,41
walking,21510,21493,21510,17
trotting,21567,21510,21567,57
right_turning,21568,21567,21568,1
sniffing,21569,21568,21569,1
left_turning,21602,21569,21602,33
walking,21611,21602,21611,9
left_turning,21691,21611,21691,80
sniffing,21692,21691,21692,1
left_turning,21716,21692,21716,24
walking,21761,21716,21761,45
climbing,21817,21761,21817,56
rising,21852,21817,21852,35
climbing,21873,21852,21873,21
sniffing,21992,21873,21992,119
left_turning,21998,21992,21998,6
walking,21999,21998,21999,1
left_turning,22010,21999,22010,11
walking,22023,22010,22023,13
rising,22036,22023,22036,13
trotting,22069,22036,22069,33
rising,22138,22069,22138,69
climbing,22179,22138,22179,41
right_turning,22200,22179,22200,21
trotting,22233,22200,22233,33
walking,22234,22233,22234,1
stepping,22250,22234,22250,16
sniffing,22287,22250,22287,37
right_turning,22319,22287,22319,32
walking,22357,22319,22357,38
sniffing,22361,22357,22361,4
right_turning,22394,22361,22394,33
trotting,22431,22394,22431,37
sniffing,22487,22431,22487,56
rising,22488,22487,22488,1
climbing,22522,22488,22522,34
sniffing,22547,22522,22547,25
rising,22565,22547,22565,18
hunching,22677,22565,22677,112
right_turning,22678,22677,22678,1
rising,22679,22678,22679,1
sniffing,22731,22679,22731,52
trotting,22799,22731,22799,68
walking,22834,22799,22834,35
rising,22872,22834,22872,38
sniffing,22903,22872,22903,31
rising,22904,22903,22904,1
sniffing,22932,22904,22932,28
grooming,23009,22932,23009,77
climbing,23040,23009,23040,31
walking,23060,23040,23060,20
left_turning,23075,23060,23075,15
sniffing,23085,23075,23085,10
walking,23090,23085,23090,5
stepping,23102,23090,23102,12
sniffing,23119,23102,23119,17
climbing,23147,23119,23147,28
walking,23215,23147,23215,68
jumping,23216,23215,23216,1
sniffing,23233,23216,23233,17
trotting,23264,23233,23264,31
rising,23348,23264,23348,84
sniffing,23389,23348,23389,41
climbing,23404,23389,23404,15
rising,23405,23404,23405,1
climbing,23439,23405,23439,34
walking,23460,23439,23460,21
rising,23574,23460,23574,114
sniffing,23651,23574,23651,77
hunching,23652,23651,23652,1
rising,23653,23652,23653,1
rearing,23758,23653,23758,105
left_turning,23779,23758,23779,21
trotting,23808,23779,23808,29
walking,23838,23808,23838,30
sniffing,23839,23838,23839,1
walking,23883,23839,23883,44
stepping,23897,23883,23897,14
trotting,23911,23897,23911,14
hunching,24055,23911,24055,144
right_turning,24097,24055,24097,42
walking,24169,24097,24169,72
rising,24211,24169,24211,42
climbing,24284,24211,24284,73
rising,24318,24284,24318,34
sniffing,24339,24318,24339,21
walking,24366,24339,24366,27
rising,24367,24366,24367,1
walking,24404,24367,24404,37
stepping,24440,24404,24440,36
sniffing,24458,24440,24458,18
climbing,24521,24458,24521,63
sniffing,24522,24521,24522,1
climbing,24592,24522,24592,70
rising,24657,24592,24657,65
sniffing,24714,24657,24714,57
climbing,24722,24714,24722,8
rearing,24788,24722,24788,66
sniffing,24851,24788,24851,63
walking,24876,24851,24876,25
climbing,24936,24876,24936,60
sniffing,24992,24936,24992,56
walking,24995,24992,24995,3
jumping,24996,24995,24996,1
sniffing,25075,24996,25075,79
walking,25118,25075,25118,43
sniffing,25127,25118,25127,9
rearing,25152,25127,25152,25
rising,25282,25152,25282,130
climbing,25344,25282,25344,62
sniffing,25426,25344,25426,82
walking,25439,25426,25439,13
trotting,25440,25439,25440,1
walking,25469,25440,25469,29
right_turning,25506,25469,25506,37
sniffing,25544,25506,25544,38
walking,25584,25544,25584,40
sniffing,25662,25584,25662,78
climbing,25689,25662,25689,27
sniffing,25811,25689,25811,122
right_turning,25825,25811,25825,14
walking,25830,25825,25830,5
rising,25862,25830,25862,32
sniffing,25936,25862,25936,74
left_turning,25942,25936,25942,6
running,26007,25942,26007,65
rising,26021,26007,26021,14
walking,26078,26021,26078,57
stepping,26125,26078,26125,47
right_turning,26126,26125,26126,1
rising,26166,26126,26166,40
climbing,26171,26166,26171,5
sniffing,26212,26171,26212,41
walking,26214,26212,26214,2
climbing,26315,26214,26315,101
rising,26316,26315,26316,1
climbing,26344,26316,26344,28
left_turning,26394,26344,26394,50
sniffing,26395,26394,26395,1
rising,26433,26395,26433,38
rearing,26509,26433,26509,76
left_turning,26515,26509,26515,6
walking,26537,26515,26537,22
sniffing,26658,26537,26658,121
stepping,26662,26658,26662,4
sniffing,26663,26662,26663,1
rising,26664,26663,26664,1
walking,26745,26664,26745,81
trotting,26783,26745,26783,38
sniffing,26784,26783,26784,1
right_turning,26792,26784,26792,8
sniffing,26855,26792,26855,63
rising,26895,26855,26895,40
climbing,26945,26895,26945,50
rising,26946,26945,26946,1
sniffing,26961,26946,26961,15
rearing,27010,26961,27010,49
climbing,27011,27010,27011,1
right_turning,27053,27011,27053,42
trotting,27062,27053,27062,9
hunching,27063,27062,27063,1
rising,27110,27063,27110,47
climbing,27133,27110,27133,23
hunching,27183,27133,27183,50
right_turning,27185,27183,27185,2
walking,27242,27185,27242,57
stepping,27275,27242,27275,33
rising,27293,27275,27293,18
rearing,27356,27293,27356,63
sniffing,27373,27356,27373,17
rising,27391,27373,27391,18
sniffing,27532,27391,27532,141
walking,27564,27532,27564,32
sniffing,27650,27564,27650,86
rearing,27758,27650,27758,108
rising,27759,27758,27759,1
rearing,27760,27759,27760,1
walking,27835,27760,27835,75
rising,27863,27835,27863,28
climbing,27884,27863,27884,21
sniffing,28013,27884,28013,129
rising,28041,28013,28041,28
sniffing,28090,28041,28090,49
left_turning,28091,28090,28091,1
trotting,28114,28091,28114,23
stepping,28200,28114,28200,86
walking,28246,28200,28246,46
sniffing,28340,28246,28340,94
rising,28409,28340,28409,69
left_turning,28423,28409,28423,14
sniffing,28424,28423,28424,1
walking,28474,28424,28474,50
sniffing,28502,28474,28502,28
right_turning,28509,28502,28509,7
stepping,28531,28509,28531,22
sniffing,28606,28531,28606,75
right_turning,28641,28606,28641,35
walking,28656,28641,28656,15
right_turning,28671,28656,28671,15
stepping,28672,28671,28672,1
left_turning,28723,28672,28723,51
walking,28738,28723,28738,15
sniffing,28792,28738,28792,54
climbing,28838,28792,28838,46
hunching,28997,28838,28997,159
rearing,28998,28997,28998,1
rising,29021,28998,29021,23
sniffing,29044,29021,29044,23
left_turning,29045,29044,29045,1
sniffing,29151,29045,29151,106
right_turning,29162,29151,29162,11
trotting,29185,29162,29185,23
rising,29186,29185,29186,1
climbing,29228,29186,29228,42
left_turning,29256,29228,29256,28
rising,29262,29256,29262,6
sniffing,29294,29262,29294,32
rising,29316,29294,29316,22
sniffing,29319,29316,29319,3
climbing,29331,29319,29331,12
trotting,29357,29331,29357,26
sniffing,29358,29357,29358,1
rising,29453,29358,29453,95
sniffing,29476,29453,29476,23
left_turning,29502,29476,29502,26
walking,29528,29502,29528,26
sniffing,29609,29528,29609,81
walking,29616,29609,29616,7
left_turning,29617,29616,29617,1
running,29640,29617,29640,23
trotting,29641,29640,29641,1
rising,29652,29641,29652,11
sniffing,29664,29652,29664,12
right_turning,29687,29664,29687,23
left_turning,29695,29687,29695,8
sniffing,29701,29695,29701,6
stepping,29721,29701,29721,20
sniffing,29798,29721,29798,77
walking,29818,29798,29818,20
sniffing,29859,29818,29859,41
rising,29927,29859,29927,68
climbing,29995,29927,29995,68
sniffing,29996,29995,29996,1
rising,30032,29996,30032,36
running,30050,30032,30050,18
walking,30109,30050,30109,59
rising,30116,30109,30116,7
sniffing,30236,30116,30236,120
walking,30252,30236,30252,16
sniffing,30364,30252,30364,112
trotting,30366,30364,30366,2
running,30372,30366,30372,6
walking,30393,30372,30393,21
trotting,30418,30393,30418,25
left_turning,30433,30418,30433,15
sniffing,30463,30433,30463,30
walking,30496,30463,30496,33
right_turning,30518,30496,30518,22
walking,30547,30518,30547,29
rising,30567,30547,30567,20
walking,30605,30567,30605,38
sniffing,30677,30605,30677,72
walking,30687,30677,30687,10
sniffing,30688,30687,30688,1
left_turning,30717,30688,30717,29
running,30756,30717,30756,39
walking,30795,30756,30795,39
sniffing,30833,30795,30833,38
left_turning,30866,30833,30866,33
walking,30896,30866,30896,30
sniffing,30915,30896,30915,19
rising,31028,30915,31028,113
sniffing,31118,31028,31118,90
right_turning,31148,31118,31148,30
walking,31235,31148,31235,87
sniffing,31272,31235,31272,37
walking,31289,31272,31289,17
climbing,31360,31289,31360,71
rising,31392,31360,31392,32
climbing,31432,31392,31432,40
walking,31441,31432,31441,9
trotting,31443,31441,31443,2
walking,31517,31443,31517,74
sniffing,31534,31517,31534,17
rising,31592,31534,31592,58
sniffing,31593,31592,31593,1
hunching,31622,31593,31622,29
rising,31685,31622,31685,63
sniffing,31818,31685,31818,133
rising,31922,31818,31922,104
walking,31925,31922,31925,3
trotting,31935,31925,31935,10
sniffing,32080,31935,32080,145
climbing,32129,32080,32129,49
right_turning,32149,32129,32149,20
walking,32190,32149,32190,41
sniffing,32191,32190,32191,1
rising,32259,32191,32259,68
trotting,32283,32259,32283,24
rising,32303,32283,32303,20
left_turning,32338,32303,32338,35
sniffing,32366,32338,32366,28
walking,32378,32366,32378,12
climbing,32465,32378,32465,87
rearing,32466,32465,32466,1
hunching,32520,32466,32520,54
climbing,32563,32520,32563,43
walking,32595,32563,32595,32
rising,32632,32595,32632,37
sniffing,32637,32632,32637,5
walking,32653,32637,32653,16
left_turning,32670,32653,32670,17
rising,32705,32670,32705,35
walking,32706,32705,32706,1
rising,32848,32706,32848,142
climbing,32907,32848,32907,59
sniffing,32960,32907,32960,53
rising,32961,32960,32961,1
climbing,33012,32961,33012,51
sniffing,33024,33012,33024,12
hunching,33179,33024,33179,155
rearing,33262,33179,33262,83
climbing,33279,33262,33279,17
rising,33342,33279,33342,63
walking,33385,33342,33385,43
climbing,33430,33385,33430,45
rising,33460,33430,33460,30
walking,33511,33460,33511,51
rising,33531,33511,33531,20
sniffing,33567,33531,33567,36
walking,33569,33567,33569,2
hunching,33570,33569,33570,1
right_turning,33588,33570,33588,18
trotting,33601,33588,33601,13
walking,33627,33601,33627,26
sniffing,33763,33627,33763,136
trotting,33778,33763,33778,15
walking,33779,33778,33779,1
left_turning,33786,33779,33786,7
stepping,33831,33786,33831,45
right_turning,33832,33831,33832,1
trotting,33885,33832,33885,53
walking,33931,33885,33931,46
sniffing,34022,33931,34022,91
left_turning,34037,34022,34037,15
rising,34119,34037,34119,82
sniffing,34194,34119,34194,75
walking,34196,34194,34196,2
sniffing,34236,34196,34236,40
rising,34322,34236,34322,86
sniffing,34323,34322,34323,1
climbing,34376,34323,34376,53
running,34395,34376,34395,19
walking,34429,34395,34429,34
sniffing,34525,34429,34525,96
trotting,34535,34525,34535,10
sniffing,34572,34535,34572,37
pausing,34573,34572,34573,1
sniffing,34575,34573,34575,2
stepping,34576,34575,34576,1
sniffing,34577,34576,34577,1
stepping,34595,34577,34595,18
sniffing,34681,34595,34681,86
rising,34739,34681,34739,58
sniffing,34899,34739,34899,160
pausing,34900,34899,34900,1
sniffing,34901,34900,34901,1
walking,34963,34901,34963,62
sniffing,35051,34963,35051,88
rising,35062,35051,35062,11
climbing,35087,35062,35087,25
walking,35156,35087,35156,69
left_turning,35165,35156,35165,9
sniffing,35187,35165,35187,22
left_turning,35214,35187,35214,27
rising,35243,35214,35243,29
sniffing,35312,35243,35312,69
left_turning,35313,35312,35313,1
rising,35337,35313,35337,24
climbing,35338,35337,35338,1
rearing,35592,35338,35592,254
right_turning,35618,35592,35618,26
trotting,35633,35618,35633,15
sniffing,35634,35633,35634,1
rising,35701,35634,35701,67
climbing,35728,35701,35728,27
right_turning,35729,35728,35729,1
sniffing,35730,35729,35730,1
hunching,35805,35730,35805,75
rising,35865,35805,35865,60
climbing,35928,35865,35928,63
walking,35987,35928,35987,59
sniffing,36022,35987,36022,35
climbing,36057,36022,36057,35
trotting,36069,36057,36069,12
sniffing,36091,36069,36091,22
climbing,36172,36091,36172,81
sniffing,36173,36172,36173,1
rising,36174,36173,36174,1
climbing,36247,36174,36247,73
walking,36271,36247,36271,24
sniffing,36309,36271,36309,38
left_turning,36315,36309,36315,6
sniffing,36371,36315,36371,56
rising,36386,36371,36386,15
climbing,36486,36386,36486,100
walking,36497,36486,36497,11
sniffing,36540,36497,36540,43
rising,36541,36540,36541,1
climbing,36542,36541,36542,1
running,36568,36542,36568,26
sniffing,36623,36568,36623,55
rising,36665,36623,36665,42
climbing,36687,36665,36687,22
sniffing,36744,36687,36744,57
rearing,36836,36744,36836,92
rising,36842,36836,36842,6
climbing,36882,36842,36882,40
hunching,36957,36882,36957,75
rearing,36973,36957,36973,16
walking,36977,36973,36977,4
rising,36983,36977,36983,6
right_turning,37007,36983,37007,24
sniffing,37047,37007,37047,40
rearing,37048,37047,37048,1
grooming,37049,37048,37049,1
right_turning,37050,37049,37050,1
walking,37068,37050,37068,18
rising,37188,37068,37188,120
climbing,37248,37188,37248,60
sniffing,37250,37248,37250,2
hunching,37254,37250,37254,4
rearing,37256,37254,37256,2
climbing,37303,37256,37303,47
rearing,37394,37303,37394,91
walking,37408,37394,37408,14
sniffing,37438,37408,37438,30
hunching,37662,37438,37662,224
sniffing,37759,37662,37759,97
rising,37809,37759,37809,50
sniffing,37901,37809,37901,92
right_turning,37929,37901,37929,28
running,37952,37929,37952,23
sniffing,37985,37952,37985,33
pausing,38136,37985,38136,151
sniffing,38197,38136,38197,61
walking,38229,38197,38229,32
sniffing,38233,38229,38233,4
rising,38236,38233,38236,3
sniffing,38237,38236,38237,1
left_turning,38277,38237,38277,40
right_turning,38287,38277,38287,10
walking,38318,38287,38318,31
rising,38319,38318,38319,1
rearing,38458,38319,38458,139
sniffing,38519,38458,38519,61
rising,38520,38519,38520,1
climbing,38580,38520,38580,60
walking,38589,38580,38589,9
trotting,38632,38589,38632,43
walking,38635,38632,38635,3
sniffing,38651,38635,38651,16
rising,38679,38651,38679,28
climbing,38726,38679,38726,47
running,38748,38726,38748,22
rising,38803,38748,38803,55
walking,38895,38803,38895,92
climbing,38951,38895,38951,56
walking,38987,38951,38987,36
trotting,39051,38987,39051,64
sniffing,39052,39051,39052,1
rising,39054,39052,39054,2
sniffing,39110,39054,39110,56
rising,39139,39110,39139,29
grooming,39140,39139,39140,1
hunching,39141,39140,39141,1
climbing,39192,39141,39192,51
rising,39267,39192,39267,75
sniffing,39326,39267,39326,59
walking,39380,39326,39380,54
sniffing,39437,39380,39437,57
rearing,39438,39437,39438,1
walking,39454,39438,39454,16
sniffing,39497,39454,39497,43
climbing,39505,39497,39505,8
walking,39519,39505,39519,14
left_turning,39539,39519,39539,20
walking,39573,39539,39573,34
sniffing,39614,39573,39614,41
walking,39615,39614,39615,1
climbing,39666,39615,39666,51
right_turning,39668,39666,39668,2
walking,39713,39668,39713,45
climbing,39741,39713,39741,28
rearing,39757,39741,39757,16
grooming,39758,39757,39758,1
sniffing,39772,39758,39772,14
hunching,39916,39772,39916,144
right_turning,39919,39916,39919,3
walking,39936,39919,39936,17
climbing,39975,39936,39975,39
left_turning,39997,39975,39997,22
sniffing,39998,39997,39998,1
left_turning,40032,39998,40032,34
trotting,40043,40032,40043,11
walking,40126,40043,40126,83
stepping,40127,40126,40127,1
sniffing,40184,40127,40184,57
walking,40217,40184,40217,33
trotting,40229,40217,40229,12
walking,40242,40229,40242,13
sniffing,40271,40242,40271,29
left_turning,40293,40271,40293,22
sniffing,40317,40293,40317,24
rising,40341,40317,40341,24
walking,40353,40341,40353,12
rising,40392,40353,40392,39
climbing,40420,40392,40420,28
rising,40447,40420,40447,27
rearing,40532,40447,40532,85
walking,40536,40532,40536,4
rising,40547,40536,40547,11
climbing,40589,40547,40589,42
rising,40638,40589,40638,49
right_turning,40663,40638,40663,25
trotting,40714,40663,40714,51
left_turning,40715,40714,40715,1
sniffing,40740,40715,40740,25
trotting,40741,40740,40741,1
climbing,40762,40741,40762,21
walking,40808,40762,40808,46
sniffing,40809,40808,40809,1
walking,40834,40809,40834,25
trotting,40895,40834,40895,61
walking,40928,40895,40928,33
sniffing,40999,40928,40999,71
trotting,41016,40999,41016,17
walking,41073,41016,41073,57
rising,41092,41073,41092,19
climbing,41129,41092,41129,37
running,41143,41129,41143,14
sniffing,41171,41143,41171,28
rising,41213,41171,41213,42
climbing,41315,41213,41315,102
grooming,41674,41315,41674,359
rearing,41895,41674,41895,221
climbing,41917,41895,41917,22
walking,41959,41917,41959,42
stepping,41974,41959,41974,15
walking,41982,41974,41982,8
sniffing,42012,41982,42012,30
rising,42028,42012,42028,16
rearing,42180,42028,42180,152
grooming,42418,42180,42418,238
stepping,42464,42418,42464,46
sniffing,42483,42464,42483,19
walking,42521,42483,42521,38
sniffing,42539,42521,42539,18
right_turning,42545,42539,42545,6
running,42571,42545,42571,26
right_turning,42581,42571,42581,10
walking,42614,42581,42614,33
climbing,42641,42614,42641,27
hunching,42691,42641,42691,50
walking,42731,42691,42731,40
sniffing,42766,42731,42766,35
left_turning,42901,42766,42901,135
walking,42921,42901,42921,20
sniffing,43019,42921,43019,98
rising,43021,43019,43021,2
rearing,43131,43021,43131,110
grooming,43531,43131,43531,400
rearing,43605,43531,43605,74
right_turning,43612,43605,43612,7
walking,43668,43612,43668,56
sniffing,43763,43668,43763,95
walking,43774,43763,43774,11
climbing,43831,43774,43831,57
trotting,43900,43831,43900,69
walking,43938,43900,43938,38
right_turning,43947,43938,43947,9
sniffing,43980,43947,43980,33
hunching,44013,43980,44013,33
climbing,44080,44013,44080,67
sniffing,44111,44080,44111,31
stepping,44152,44111,44152,41
walking,44190,44152,44190,38
sniffing,44218,44190,44218,28
walking,44219,44218,44219,1
jumping,44220,44219,44220,1
rising,44269,44220,44269,49
climbing,44341,44269,44341,72
rising,44366,44341,44366,25
climbing,44469,44366,44469,103
grooming,44518,44469,44518,49
rearing,44519,44518,44519,1
walking,44552,44519,44552,33
left_turning,44570,44552,44570,18
walking,44621,44570,44621,51
stepping,44622,44621,44622,1
rising,44642,44622,44642,20
hunching,44737,44642,44737,95
sniffing,44936,44737,44936,199
walking,44965,44936,44965,29
sniffing,45005,44965,45005,40
walking,45036,45005,45036,31
rising,45102,45036,45102,66
grooming,45103,45102,45103,1
left_turning,45151,45103,45151,48
sniffing,45156,45151,45156,5
left_turning,45168,45156,45168,12
trotting,45203,45168,45203,35
stepping,45266,45203,45266,63
sniffing,45267,45266,45267,1
climbing,45322,45267,45322,55
sniffing,45330,45322,45330,8
rising,45331,45330,45331,1
climbing,45378,45331,45378,47
trotting,45383,45378,45383,5
rising,45402,45383,45402,19
climbing,45465,45402,45465,63
rearing,45488,45465,45488,23
rising,45513,45488,45513,25
climbing,45577,45513,45577,64
walking,45578,45577,45578,1
sniffing,45600,45578,45600,22
walking,45613,45600,45613,13
sniffing,45642,45613,45642,29
walking,45662,45642,45662,20
rising,45732,45662,45732,70
climbing,45802,45732,45802,70
sniffing,45833,45802,45833,31
rearing,45845,45833,45845,12
walking,45911,45845,45911,66
left_turning,45912,45911,45912,1
sniffing,45974,45912,45974,62
rising,46016,45974,46016,42
climbing,46028,46016,46028,12
sniffing,46095,46028,46095,67
trotting,46152,46095,46152,57
left_turning,46189,46152,46189,37
trotting,46221,46189,46221,32
sniffing,46339,46221,46339,118
walking,46376,46339,46376,37
sniffing,46410,46376,46410,34
walking,46453,46410,46453,43
trotting,46454,46453,46454,1
stepping,46455,46454,46455,1
left_turning,46533,46455,46533,78
sniffing,46582,46533,46582,49
rising,46584,46582,46584,2
jumping,46602,46584,46602,18
sniffing,46616,46602,46616,14
left_turning,46656,46616,46656,40
sniffing,46663,46656,46663,7
running,46675,46663,46675,12
walking,46721,46675,46721,46
trotting,46724,46721,46724,3
sniffing,46725,46724,46725,1
climbing,46795,46725,46795,70
walking,46819,46795,46819,24
left_turning,46851,46819,46851,32
sniffing,46852,46851,46852,1
walking,46892,46852,46892,40
stepping,46987,46892,46987,95
sniffing,47038,46987,47038,51
running,47062,47038,47062,24
left_turning,47096,47062,47096,34
walking,47114,47096,47114,18
sniffing,47176,47114,47176,62
rising,47177,47176,47177,1
trotting,47182,47177,47182,5
sniffing,47183,47182,47183,1
right_turning,47192,47183,47192,9
left_turning,47244,47192,47244,52
sniffing,47350,47244,47350,106
rising,47387,47350,47387,37
sniffing,47388,47387,47388,1
stepping,47420,47388,47420,32
sniffing,47488,47420,47488,68
rising,47489,47488,47489,1
climbing,47533,47489,47533,44
sniffing,47534,47533,47534,1
trotting,47559,47534,47559,25
stepping,47600,47559,47600,41
sniffing,47716,47600,47716,116
right_turning,47739,47716,47739,23
trotting,47789,47739,47789,50
sniffing,47790,47789,47790,1
rising,47791,47790,47791,1
sniffing,47811,47791,47811,20
walking,47829,47811,47829,18
sniffing,47890,47829,47890,61
climbing,47955,47890,47955,65
sniffing,48044,47955,48044,89
right_turning,48056,48044,48056,12
walking,48109,48056,48109,53
rising,48192,48109,48192,83
climbing,48299,48192,48299,107
rearing,48361,48299,48361,62
climbing,48412,48361,48412,51
right_turning,48442,48412,48442,30
stepping,48472,48442,48472,30
climbing,48512,48472,48512,40
rising,48529,48512,48529,17
rearing,48554,48529,48554,25
left_turning,48555,48554,48555,1
walking,48582,48555,48582,27
rising,48642,48582,48642,60
climbing,48724,48642,48724,82
rearing,48725,48724,48725,1
walking,48745,48725,48745,20
hunching,48875,48745,48875,130
grooming,49032,48875,49032,157
left_turning,49111,49032,49111,79
walking,49126,49111,49126,15
right_turning,49154,49126,49154,28
stepping,49183,49154,49183,29
sniffing,49189,49183,49189,6
rising,49311,49189,49311,122
sniffing,49349,49311,49349,38
rising,49350,49349,49350,1
left_turning,49431,49350,49431,81
trotting,49455,49431,49455,24
rising,49456,49455,49456,1
climbing,49477,49456,49477,21
trotting,49481,49477,49481,4
walking,49501,49481,49501,20
climbing,49545,49501,49545,44
left_turning,49546,49545,49546,1
walking,49596,49546,49596,50
stepping,49635,49596,49635,39
walking,49643,49635,49643,8
right_turning,49658,49643,49658,15
walking,49659,49658,49659,1
sniffing,49708,49659,49708,49
walking,49722,49708,49722,14
sniffing,49749,49722,49749,27
rising,49805,49749,49805,56
left_turning,49884,49805,49884,79
rising,49885,49884,49885,1
rearing,49941,49885,49941,56
hunching,50075,49941,50075,134
climbing,50113,50075,50113,38
sniffing,50148,50113,50148,35
stepping,50184,50148,50184,36
sniffing,50294,50184,50294,110
walking,50322,50294,50322,28
rising,50331,50322,50331,9
left_turning,50337,50331,50337,6
walking,50338,50337,50338,1
climbing,50391,50338,50391,53
walking,50426,50391,50426,35
sniffing,50542,50426,50542,116
rearing,50607,50542,50607,65
sniffing,50608,50607,50608,1
rising,50617,50608,50617,9
sniffing,50637,50617,50637,20
trotting,50653,50637,50653,16
sniffing,50659,50653,50659,6
rearing,50660,50659,50660,1
sniffing,50770,50660,50770,110
walking,50771,50770,50771,1
sniffing,50843,50771,50843,72
rising,50856,50843,50856,13
climbing,50918,50856,50918,62
sniffing,50919,50918,50919,1
rearing,51053,50919,51053,134
sniffing,51054,51053,51054,1
walking,51092,51054,51092,38
stepping,51157,51092,51157,65
sniffing,51158,51157,51158,1
climbing,51213,51158,51213,55
rearing,51308,51213,51308,95
sniffing,51403,51308,51403,95
rising,51404,51403,51404,1
walking,51448,51404,51448,44
sniffing,51464,51448,51464,16
right_turning,51470,51464,51470,6
sniffing,51502,51470,51502,32
climbing,51520,51502,51520,18
rising,51560,51520,51560,40
walking,51598,51560,51598,38
rising,51633,51598,51633,35
left_turning,51659,51633,51659,26
walking,51674,51659,51674,15
sniffing,51730,51674,51730,56
rising,51731,51730,51731,1
climbing,51747,51731,51747,16
walking,51776,51747,51776,29
sniffing,51777,51776,51777,1
rearing,51799,51777,51799,22
hunching,51865,51799,51865,66
walking,51887,51865,51887,22
stepping,51963,51887,51963,76
sniffing,51993,51963,51993,30
rearing,52033,51993,52033,40
walking,52041,52033,52041,8
rearing,52079,52041,52079,38
sniffing,52084,52079,52084,5
walking,52108,52084,52108,24
sniffing,52141,52108,52141,33
trotting,52157,52141,52157,16
sniffing,52221,52157,52221,64
right_turning,52255,52221,52255,34
sniffing,52352,52255,52352,97
rising,52355,52352,52355,3
climbing,52423,52355,52423,68
right_turning,52446,52423,52446,23
sniffing,52447,52446,52447,1
rearing,52448,52447,52448,1
rising,52449,52448,52449,1
sniffing,52551,52449,52551,102
climbing,52576,52551,52576,25
rising,52577,52576,52577,1
climbing,52623,52577,52623,46
rising,52636,52623,52636,13
rearing,52637,52636,52637,1
climbing,52689,52637,52689,52
left_turning,52703,52689,52703,14
walking,52770,52703,52770,67
trotting,52785,52770,52785,15
sniffing,52852,52785,52852,67
stepping,52934,52852,52934,82
sniffing,53011,52934,53011,77
rising,53041,53011,53041,30
sniffing,53042,53041,53042,1
rising,53043,53042,53043,1
walking,53044,53043,53044,1
sniffing,53083,53044,53083,39
climbing,53154,53083,53154,71
trotting,53194,53154,53194,40
walking,53215,53194,53215,21
climbing,53224,53215,53224,9
rising,53237,53224,53237,13
walking,53264,53237,53264,27
sniffing,53302,53264,53302,38
right_turning,53307,53302,53307,5
trotting,53342,53307,53342,35
sniffing,53343,53342,53343,1
walking,53344,53343,53344,1
rising,53345,53344,53345,1
left_turning,53393,53345,53393,48
sniffing,53458,53393,53458,65
rising,53508,53458,53508,50
climbing,53582,53508,53582,74
rearing,53583,53582,53583,1
sniffing,53654,53583,53654,71
right_turning,53674,53654,53674,20
sniffing,53753,53674,53753,79
walking,53818,53753,53818,65
climbing,53908,53818,53908,90
trotting,53954,53908,53954,46
walking,54014,53954,54014,60
left_turning,54015,54014,54015,1
walking,54048,54015,54048,33
sniffing,54103,54048,54103,55
trotting,54104,54103,54104,1
walking,54119,54104,54119,15
sniffing,54120,54119,54120,1
hunching,54177,54120,54177,57
climbing,54231,54177,54231,54
sniffing,54311,54231,54311,80
left_turning,54373,54311,54373,62
rising,54416,54373,54416,43
climbing,54417,54416,54417,1
hunching,54489,54417,54489,72
right_turning,54537,54489,54537,48
walking,54577,54537,54577,40
sniffing,54615,54577,54615,38
walking,54627,54615,54627,12
trotting,54649,54627,54649,22
right_turning,54667,54649,54667,18
walking,54668,54667,54668,1
rearing,54669,54668,54669,1
hunching,54688,54669,54688,19
rearing,54689,54688,54689,1
sniffing,54767,54689,54767,78
rising,54832,54767,54832,65
climbing,54860,54832,54860,28
walking,54862,54860,54862,2
rising,54950,54862,54950,88
sniffing,54966,54950,54966,16
right_turning,54977,54966,54977,11
sniffing,55053,54977,55053,76
stepping,55065,55053,55065,12
rearing,55066,55065,55066,1
walking,55108,55066,55108,42
sniffing,55125,55108,55125,17
rising,55148,55125,55148,23
climbing,55179,55148,55179,31
rearing,55180,55179,55180,1
grooming,55266,55180,55266,86
stepping,55314,55266,55314,48
sniffing,55381,55314,55381,67
left_turning,55433,55381,55433,52
trotting,55445,55433,55445,12
sniffing,55446,55445,55446,1
walking,55486,55446,55486,40
jumping,55562,55486,55562,76
rearing,55563,55562,55563,1
trotting,55593,55563,55593,30
climbing,55594,55593,55594,1
walking,55611,55594,55611,17
left_turning,55622,55611,55622,11
rising,55643,55622,55643,21
grooming,56228,55643,56228,585
trotting,56240,56228,56240,12
sniffing,56308,56240,56308,68
hunching,56429,56308,56429,121
right_turning,56467,56429,56467,38
running,56485,56467,56485,18
stepping,56530,56485,56530,45
sniffing,56678,56530,56678,148
rising,56710,56678,56710,32
grooming,56806,56710,56806,96
trotting,56852,56806,56852,46
sniffing,56900,56852,56900,48
rearing,56901,56900,56901,1
walking,56914,56901,56914,13
sniffing,56924,56914,56924,10
right_turning,56931,56924,56931,7
running,56960,56931,56960,29
sniffing,56998,56960,56998,38
left_turning,57009,56998,57009,11
sniffing,57046,57009,57046,37
left_turning,57143,57046,57143,97
sniffing,57320,57143,57320,177
rising,57402,57320,57402,82
climbing,57437,57402,57437,35
hunching,57487,57437,57487,50
sniffing,57526,57487,57526,39
rising,57546,57526,57546,20
sniffing,57563,57546,57563,17
walking,57610,57563,57610,47
sniffing,57617,57610,57617,7
rising,57618,57617,57618,1
climbing,57694,57618,57694,76
walking,57720,57694,57720,26
left_turning,57747,57720,57747,27
sniffing,57819,57747,57819,72
walking,57885,57819,57885,66
rising,57886,57885,57886,1
climbing,57938,57886,57938,52
hunching,58032,57938,58032,94
climbing,58053,58032,58053,21
left_turning,58079,58053,58079,26
sniffing,58177,58079,58177,98
running,58184,58177,58184,7
rising,58231,58184,58231,47
climbing,58238,58231,58238,7
sniffing,58334,58238,58334,96
walking,58335,58334,58335,1
stepping,58358,58335,58358,23
climbing,58394,58358,58394,36
walking,58415,58394,58415,21
climbing,58416,58415,58416,1
sniffing,58478,58416,58478,62
running,58508,58478,58508,30
rising,58787,58508,58787,279
sniffing,58791,58787,58791,4
rising,58792,58791,58792,1
walking,58858,58792,58858,66
climbing,58876,58858,58876,18
walking,58900,58876,58900,24
trotting,58915,58900,58915,15
stepping,58940,58915,58940,25
left_turning,58979,58940,58979,39
walking,59016,58979,59016,37
sniffing,59017,59016,59017,1
rising,59112,59017,59112,95
climbing,59173,59112,59173,61
grooming,59768,59173,59768,595
rearing,59890,59768,59890,122
climbing,59920,59890,59920,30
right_turning,59959,59920,59959,39
running,59970,59959,59970,11
left_turning,59997,59970,59997,27
sniffing,60010,59997,60010,13
grooming,60071,60010,60071,61
trotting,60087,60071,60087,16
left_turning,60196,60087,60196,109
sniffing,60281,60196,60281,85
rising,60282,60281,60282,1
rearing,60348,60282,60348,66
walking,60412,60348,60412,64
climbing,60426,60412,60426,14
walking,60466,60426,60466,40
climbing,60505,60466,60505,39
sniffing,60506,60505,60506,1
walking,60509,60506,60509,3
sniffing,60579,60509,60579,70
left_turning,60605,60579,60605,26
walking,60640,60605,60640,35
trotting,60664,60640,60664,24
walking,60688,60664,60688,24
climbing,60721,60688,60721,33
sniffing,60815,60721,60815,94
pausing,60816,60815,60816,1
grooming,60840,60816,60840,24
left_turning,60894,60840,60894,54
walking,60903,60894,60903,9
climbing,60951,60903,60951,48
rearing,60957,60951,60957,6
climbing,61030,60957,61030,73
right_turning,61068,61030,61068,38
trotting,61103,61068,61103,35
rising,61163,61103,61163,60
walking,61191,61163,61191,28
sniffing,61219,61191,61219,28
rising,61241,61219,61241,22
hunching,61334,61241,61334,93
grooming,61658,61334,61658,324
stepping,61720,61658,61720,62
jumping,61794,61720,61794,74
rearing,61877,61794,61877,83
sniffing,61978,61877,61978,101
walking,62009,61978,62009,31
sniffing,62066,62009,62066,57
walking,62092,62066,62092,26
rising,62118,62092,62118,26
climbing,62137,62118,62137,19
walking,62138,62137,62138,1
sniffing,62344,62138,62344,206
walking,62348,62344,62348,4
climbing,62392,62348,62392,44
sniffing,62402,62392,62402,10
walking,62424,62402,62424,22
sniffing,62492,62424,62492,68
pausing,62493,62492,62493,1
rising,62533,62493,62533,40
climbing,62596,62533,62596,63
rearing,62661,62596,62661,65
climbing,62676,62661,62676,15
sniffing,62723,62676,62723,47
rising,62734,62723,62734,11
sniffing,62794,62734,62794,60
rising,62812,62794,62812,18
sniffing,62888,62812,62888,76
stepping,63008,62888,63008,120
sniffing,63119,63008,63119,111
walking,63123,63119,63123,4
right_turning,63139,63123,63139,16
walking,63171,63139,63171,32
sniffing,63184,63171,63184,13
running,63219,63184,63219,35
walking,63260,63219,63260,41
sniffing,63300,63260,63300,40
rearing,63322,63300,63322,22
right_turning,63331,63322,63331,9
trotting,63341,63331,63341,10
sniffing,63367,63341,63367,26
rising,63369,63367,63369,2
left_turning,63380,63369,63380,11
walking,63425,63380,63425,45
climbing,63462,63425,63462,37
sniffing,63493,63462,63493,31
walking,63525,63493,63525,32
rising,63563,63525,63563,38
left_turning,63589,63563,63589,26
sniffing,63696,63589,63696,107
rising,63697,63696,63697,1
sniffing,63799,63697,63799,102
walking,63800,63799,63800,1
rising,63861,63800,63861,61
climbing,63894,63861,63894,33
rising,63895,63894,63895,1
climbing,63916,63895,63916,21
sniffing,63917,63916,63917,1
left_turning,63972,63917,63972,55
trotting,63999,63972,63999,27
sniffing,64089,63999,64089,90
left_turning,64148,64089,64148,59
rising,64212,64148,64212,64
climbing,64259,64212,64259,47
sniffing,64299,64259,64299,40
climbing,64329,64299,64329,30
walking,64377,64329,64377,48
left_turning,64384,64377,64384,7
rising,64460,64384,64460,76
climbing,64493,64460,64493,33
rearing,64505,64493,64505,12
rising,64537,64505,64537,32
sniffing,64570,64537,64570,33
climbing,64571,64570,64571,1
rearing,64611,64571,64611,40
hunching,64716,64611,64716,105
sniffing,64717,64716,64717,1
left_turning,64744,64717,64744,27
walking,64769,64744,64769,25
sniffing,64793,64769,64793,24
rising,64852,64793,64852,59
grooming,65197,64852,65197,345
right_turning,65208,65197,65208,11
rising,65209,65208,65209,1
sniffing,65263,65209,65263,54
rising,65372,65263,65372,109
sniffing,65373,65372,65373,1
rising,65379,65373,65379,6
climbing,65388,65379,65388,9
sniffing,65389,65388,65389,1
rising,65415,65389,65415,26
climbing,65454,65415,65454,39
walking,65455,65454,65455,1
sniffing,65491,65455,65491,36
walking,65525,65491,65525,34
rising,65640,65525,65640,115
hunching,65707,65640,65707,67
climbing,65836,65707,65836,129
running,65869,65836,65869,33
sniffing,66128,65869,66128,259
left_turning,66157,66128,66157,29
trotting,66181,66157,66181,24
rising,66188,66181,66188,7
climbing,66255,66188,66255,67
rising,66256,66255,66256,1
climbing,66289,66256,66289,33
walking,66333,66289,66333,44
rising,66334,66333,66334,1
hunching,66467,66334,66467,133
rearing,66468,66467,66468,1
climbing,66522,66468,66522,54
hunching,66556,66522,66556,34
sniffing,66635,66556,66635,79
left_turning,66678,66635,66678,43
rising,66739,66678,66739,61
climbing,66868,66739,66868,129
trotting,66912,66868,66912,44
sniffing,66913,66912,66913,1
climbing,66914,66913,66914,1
walking,66915,66914,66915,1
rising,66916,66915,66916,1
rearing,66955,66916,66955,39
stepping,66956,66955,66956,1
walking,66973,66956,66973,17
sniffing,67072,66973,67072,99
walking,67091,67072,67091,19
stepping,67160,67091,67160,69
climbing,67257,67160,67257,97
rearing,67258,67257,67258,1
rising,67296,67258,67296,38
rearing,67386,67296,67386,90
climbing,67442,67386,67442,56
grooming,67443,67442,67443,1
sniffing,67503,67443,67503,60
walking,67513,67503,67513,10
sniffing,67572,67513,67572,59
pausing,67723,67572,67723,151
left_turning,67732,67723,67732,9
sniffing,67767,67732,67767,35
grooming,67794,67767,67794,27
sniffing,67795,67794,67795,1
walking,67845,67795,67845,50
rising,67846,67845,67846,1
sniffing,67847,67846,67847,1
running,67856,67847,67856,9
right_turning,67860,67856,67860,4
walking,67893,67860,67893,33
trotting,67920,67893,67920,27
sniffing,68027,67920,68027,107
rising,68117,68027,68117,90
sniffing,68147,68117,68147,30
rising,68217,68147,68217,70
climbing,68253,68217,68253,36
walking,68290,68253,68290,37
climbing,68369,68290,68369,79
sniffing,68370,68369,68370,1
hunching,68371,68370,68371,1
sniffing,68410,68371,68410,39
climbing,68462,68410,68462,52
running,68468,68462,68468,6
trotting,68512,68468,68512,44
sniffing,68523,68512,68523,11
walking,68542,68523,68542,19
sniffing,68559,68542,68559,17
rising,68594,68559,68594,35
climbing,68600,68594,68600,6
walking,68654,68600,68654,54
left_turning,68655,68654,68655,1
sniffing,68762,68655,68762,107
climbing,68774,68762,68774,12
right_turning,68799,68774,68799,25
sniffing,68800,68799,68800,1
rising,68814,68800,68814,14
climbing,68833,68814,68833,19
grooming,69028,68833,69028,195
climbing,69104,69028,69104,76
walking,69105,69104,69105,1
rising,69182,69105,69182,77
grooming,69289,69182,69289,107
rearing,69332,69289,69332,43
trotting,69335,69332,69335,3
climbing,69336,69335,69336,1
sniffing,69431,69336,69431,95
climbing,69493,69431,69493,62
rising,69602,69493,69602,109
rearing,69655,69602,69655,53
sniffing,69768,69655,69768,113
right_turning,69787,69768,69787,19
left_turning,69855,69787,69855,68
sniffing,69867,69855,69867,12
left_turning,69987,69867,69987,120
sniffing,70040,69987,70040,53
walking,70056,70040,70056,16
sniffing,70140,70056,70140,84
rising,70141,70140,70141,1
left_turning,70187,70141,70187,46
sniffing,70188,70187,70188,1
walking,70259,70188,70259,71
climbing,70269,70259,70269,10
hunching,70332,70269,70332,63
grooming,70500,70332,70500,168
rearing,70591,70500,70591,91
climbing,70598,70591,70598,7
left_turning,70633,70598,70633,35
sniffing,70770,70633,70770,137
left_turning,70795,70770,70795,25
sniffing,70819,70795,70819,24
climbing,70820,70819,70820,1
sniffing,70835,70820,70835,15
climbing,70896,70835,70896,61
rearing,70916,70896,70916,20
running,70924,70916,70924,8
sniffing,70941,70924,70941,17
rising,70982,70941,70982,41
sniffing,70983,70982,70983,1
walking,71043,70983,71043,60
hunching,71102,71043,71102,59
walking,71106,71102,71106,4
trotting,71127,71106,71127,21
hunching,71188,71127,71188,61
rearing,71317,71188,71317,129
grooming,71551,71317,71551,234
sniffing,71604,71551,71604,53
left_turning,71605,71604,71605,1
rising,71617,71605,71617,12
trotting,71642,71617,71642,25
right_turning,71655,71642,71655,13
trotting,71684,71655,71684,29
rising,71835,71684,71835,151
sniffing,71905,71835,71905,70
walking,71912,71905,71912,7
sniffing,71955,71912,71955,43
rising,71956,71955,71956,1
sniffing,72004,71956,72004,48
stepping,72005,72004,72005,1
sniffing,72051,72005,72051,46
left_turning,72071,72051,72071,20
stepping,72146,72071,72146,75
sniffing,72240,72146,72240,94
climbing,72274,72240,72274,34
walking,72308,72274,72308,34
sniffing,72374,72308,72374,66
left_turning,72375,72374,72375,1
sniffing,72417,72375,72417,42
rising,72418,72417,72418,1
climbing,72450,72418,72450,32
left_turning,72451,72450,72451,1
trotting,72493,72451,72493,42
left_turning,72494,72493,72494,1
rising,72497,72494,72497,3
right_turning,72509,72497,72509,12
running,72555,72509,72555,46
right_turning,72571,72555,72571,16
sniffing,72572,72571,72572,1
rising,72573,72572,72573,1
grooming,73382,72573,73382,809
rearing,73383,73382,73383,1
climbing,73414,73383,73414,31
rising,73419,73414,73419,5
climbing,73502,73419,73502,83
trotting,73510,73502,73510,8
walking,73541,73510,73541,31
sniffing,73542,73541,73542,1
climbing,73589,73542,73589,47
rising,73606,73589,73606,17
rearing,73607,73606,73607,1
grooming,73643,73607,73643,36
walking,73661,73643,73661,18
sniffing,73735,73661,73735,74
grooming,74039,73735,74039,304
trotting,74059,74039,74059,20
sniffing,74116,74059,74116,57
grooming,74476,74116,74476,360
rearing,74537,74476,74537,61
climbing,74563,74537,74563,26
walking,74608,74563,74608,45
sniffing,74631,74608,74631,23
left_turning,74693,74631,74693,62
walking,74719,74693,74719,26
sniffing,74815,74719,74815,96
walking,74862,74815,74862,47
climbing,74885,74862,74885,23
walking,74899,74885,74899,14
sniffing,74924,74899,74924,25
rising,74936,74924,74936,12
sniffing,74944,74936,74944,8
trotting,74990,74944,74990,46
sniffing,75136,74990,75136,146
walking,75169,75136,75169,33
sniffing,75237,75169,75237,68
climbing,75263,75237,75263,26
rising,75276,75263,75276,13
sniffing,75277,75276,75277,1
rising,75287,75277,75287,10
walking,75382,75287,75382,95
left_turning,75411,75382,75411,29
stepping,75443,75411,75443,32
walking,75468,75443,75468,25
sniffing,75476,75468,75476,8
stepping,75499,75476,75499,23
walking,75525,75499,75525,26
sniffing,75526,75525,75526,1
walking,75551,75526,75551,25
trotting,75567,75551,75567,16
rising,75568,75567,75568,1
walking,75585,75568,75585,17
sniffing,75586,75585,75586,1
right_turning,75606,75586,75606,20
running,75647,75606,75647,41
rearing,75658,75647,75658,11
climbing,75687,75658,75687,29
sniffing,75747,75687,75747,60
walking,75754,75747,75754,7
stepping,75755,75754,75755,1
sniffing,75843,75755,75843,88
stepping,75877,75843,75877,34
sniffing,75987,75877,75987,110
walking,76028,75987,76028,41
rising,76034,76028,76034,6
sniffing,76096,76034,76096,62
climbing,76113,76096,76113,17
right_turning,76145,76113,76145,32
walking,76183,76145,76183,38
left_turning,76184,76183,76184,1
walking,76226,76184,76226,42
rearing,76302,76226,76302,76
left_turning,76366,76302,76366,64
walking,76395,76366,76395,29
trotting,76414,76395,76414,19
walking,76440,76414,76440,26
sniffing,76441,76440,76441,1
rising,76448,76441,76448,7
climbing,76501,76448,76501,53
walking,76529,76501,76529,28
sniffing,76545,76529,76545,16
walking,76565,76545,76565,20
stepping,76566,76565,76566,1
sniffing,76657,76566,76657,91
hunching,76667,76657,76667,10
sniffing,76668,76667,76668,1
walking,76689,76668,76689,21
right_turning,76690,76689,76690,1
walking,76692,76690,76692,2
sniffing,76702,76692,76702,10
walking,76731,76702,76731,29
sniffing,76833,76731,76833,102
left_turning,76834,76833,76834,1
right_turning,76845,76834,76845,11
left_turning,76897,76845,76897,52
sniffing,76898,76897,76898,1
walking,76924,76898,76924,26
right_turning,76942,76924,76942,18
hunching,77046,76942,77046,104
rising,77047,77046,77047,1
walking,77048,77047,77048,1
sniffing,77049,77048,77049,1
climbing,77058,77049,77058,9
right_turning,77059,77058,77059,1
walking,77106,77059,77106,47
climbing,77173,77106,77173,67
right_turning,77192,77173,77192,19
sniffing,77193,77192,77193,1
stepping,77225,77193,77225,32
hunching,77234,77225,77234,9
running,77253,77234,77253,19
rising,77288,77253,77288,35
climbing,77298,77288,77298,10
rising,77343,77298,77343,45
climbing,77405,77343,77405,62
sniffing,77431,77405,77431,26
pausing,77581,77431,77581,150
sniffing,77606,77581,77606,25
climbing,77660,77606,77660,54
sniffing,77681,77660,77681,21
right_turning,77721,77681,77721,40
walking,77766,77721,77766,45
trotting,77788,77766,77788,22
walking,77811,77788,77811,23
sniffing,77850,77811,77850,39
right_turning,77869,77850,77869,19
walking,77895,77869,77895,26
climbing,77929,77895,77929,34
running,77938,77929,77938,9
walking,77966,77938,77966,28
sniffing,78007,77966,78007,41
climbing,78064,78007,78064,57
right_turning,78065,78064,78065,1
trotting,78083,78065,78083,18
sniffing,78084,78083,78084,1
hunching,78113,78084,78113,29
climbing,78138,78113,78138,25
sniffing,78197,78138,78197,59
right_turning,78232,78197,78232,35
stepping,78269,78232,78269,37
climbing,78270,78269,78270,1
walking,78326,78270,78326,56
sniffing,78328,78326,78328,2
grooming,78329,78328,78329,1
walking,78347,78329,78347,18
climbing,78420,78347,78420,73
rising,78447,78420,78447,27
sniffing,78473,78447,78473,26
walking,78488,78473,78488,15
sniffing,78539,78488,78539,51
walking,78589,78539,78589,50
sniffing,78680,78589,78680,91
stepping,78705,78680,78705,25
sniffing,78729,78705,78729,24
grooming,79125,78729,79125,396
rearing,79186,79125,79186,61
right_turning,79205,79186,79205,19
trotting,79227,79205,79227,22
rising,79271,79227,79271,44
sniffing,79403,79271,79403,132
stepping,79472,79403,79472,69
sniffing,79508,79472,79508,36
climbing,79536,79508,79536,28
rising,79537,79536,79537,1
climbing,79557,79537,79557,20
sniffing,79617,79557,79617,60
grooming,79748,79617,79748,131
sniffing,79780,79748,79780,32
walking,79789,79780,79789,9
rearing,79790,79789,79790,1
hunching,79832,79790,79832,42
sniffing,79833,79832,79833,1
left_turning,79868,79833,79868,35
right_turning,79907,79868,79907,39
running,79935,79907,79935,28
trotting,79943,79935,79943,8
stepping,79971,79943,79971,28
left_turning,79985,79971,79985,14
trotting,80003,79985,80003,18
sniffing,80004,80003,80004,1
left_turning,80038,80004,80038,34
running,80079,80038,80079,41
sniffing,80140,80079,80140,61
right_turning,80197,80140,80197,57
left_turning,80246,80197,80246,49
trotting,80257,80246,80257,11
sniffing,80273,80257,80273,16
walking,80292,80273,80292,19
rising,80295,80292,80295,3
right_turning,80296,80295,80296,1
rising,80306,80296,80306,10
trotting,80317,80306,80317,11
left_turning,80359,80317,80359,42
walking,80379,80359,80379,20
right_turning,80417,80379,80417,38
walking,80466,80417,80466,49
climbing,80467,80466,80467,1
rising,80519,80467,80519,52
sniffing,80520,80519,80520,1
left_turning,80521,80520,80521,1
sniffing,80555,80521,80555,34
walking,80556,80555,80556,1
sniffing,80565,80556,80565,9
left_turning,80590,80565,80590,25
walking,80598,80590,80598,8
sniffing,80619,80598,80619,21
hunching,80642,80619,80642,23
right_turning,80657,80642,80657,15
trotting,80687,80657,80687,30
hunching,80748,80687,80748,61
rearing,80769,80748,80769,21
trotting,80812,80769,80812,43
rearing,80813,80812,80813,1
walking,80817,80813,80817,4
sniffing,80843,80817,80843,26
stepping,80849,80843,80849,6
rising,80924,80849,80924,75
climbing,81113,80924,81113,189
grooming,81114,81113,81114,1
rearing,81116,81114,81116,2
rising,81159,81116,81159,43
sniffing,81179,81159,81179,20
running,81203,81179,81203,24
trotting,81232,81203,81232,29
sniffing,81233,81232,81233,1
hunching,81542,81233,81542,309
grooming,81628,81542,81628,86
sniffing,81629,81628,81629,1
rearing,81630,81629,81630,1
climbing,81679,81630,81679,49
right_turning,81680,81679,81680,1
walking,81681,81680,81681,1
climbing,81711,81681,81711,30
sniffing,81722,81711,81722,11
rising,81781,81722,81781,59
rearing,81782,81781,81782,1
grooming,81880,81782,81880,98
sniffing,81893,81880,81893,13
climbing,82009,81893,82009,116
sniffing,82127,82009,82127,118
rising,82192,82127,82192,65
climbing,82264,82192,82264,72
grooming,82327,82264,82327,63
rearing,82549,82327,82549,222
grooming,82675,82549,82675,126
running,82696,82675,82696,21
stepping,82718,82696,82718,22
left_turning,82751,82718,82751,33
walking,82752,82751,82752,1
rising,82753,82752,82753,1
climbing,82773,82753,82773,20
sniffing,82859,82773,82859,86
right_turning,82876,82859,82876,17
left_turning,82990,82876,82990,114
walking,83047,82990,83047,57
sniffing,83173,83047,83173,126
grooming,83214,83173,83214,41
hunching,83215,83214,83215,1
rising,83286,83215,83286,71
climbing,83308,83286,83308,22
rising,83321,83308,83321,13
sniffing,83327,83321,83327,6
rising,83328,83327,83328,1
sniffing,83329,83328,83329,1
left_turning,83330,83329,83330,1
stepping,83331,83330,83331,1
rearing,83352,83331,83352,21
sniffing,83712,83352,83712,360
hunching,83713,83712,83713,1
left_turning,83744,83713,83744,31
sniffing,83780,83744,83780,36
left_turning,83781,83780,83781,1
rising,83806,83781,83806,25
climbing,83825,83806,83825,19
sniffing,83848,83825,83848,23
climbing,83944,83848,83944,96
walking,83962,83944,83962,18
climbing,84031,83962,84031,69
walking,84052,84031,84052,21
sniffing,84149,84052,84149,97
climbing,84212,84149,84212,63
right_turning,84237,84212,84237,25
left_turning,84238,84237,84238,1
sniffing,84251,84238,84251,13
walking,84274,84251,84274,23
right_turning,84291,84274,84291,17
trotting,84315,84291,84315,24
sniffing,84329,84315,84329,14
rising,84423,84329,84423,94
sniffing,84425,84423,84425,2
pausing,84569,84425,84569,144
sniffing,84628,84569,84628,59
walking,84645,84628,84645,17
running,84660,84645,84660,15
walking,84679,84660,84679,19
running,84684,84679,84684,5
sniffing,84752,84684,84752,68
right_turning,84805,84752,84805,53
trotting,84855,84805,84855,50
sniffing,84957,84855,84957,102
rising,85021,84957,85021,64
sniffing,85022,85021,85022,1
left_turning,85079,85022,85079,57
trotting,85128,85079,85128,49
sniffing,85202,85128,85202,74
grooming,85203,85202,85203,1
climbing,85219,85203,85219,16
rising,85259,85219,85259,40
climbing,85296,85259,85296,37
walking,85344,85296,85344,48
stepping,85457,85344,85457,113
sniffing,85493,85457,85493,36
left_turning,85542,85493,85542,49
walking,85568,85542,85568,26
sniffing,85667,85568,85667,99
rearing,85778,85667,85778,111
walking,85815,85778,85815,37
sniffing,85908,85815,85908,93
grooming,86139,85908,86139,231
rising,86170,86139,86170,31
climbing,86285,86170,86285,115
rearing,86421,86285,86421,136
rising,86422,86421,86422,1
sniffing,86463,86422,86463,41
running,86487,86463,86487,24
left_turning,86557,86487,86557,70
trotting,86578,86557,86578,21
sniffing,86585,86578,86585,7
grooming,86659,86585,86659,74
rearing,86660,86659,86660,1
rising,86720,86660,86720,60
left_turning,86738,86720,86738,18
walking,86822,86738,86822,84
rising,86871,86822,86871,49
walking,86884,86871,86884,13
stepping,86941,86884,86941,57
sniffing,87002,86941,87002,61
right_turning,87018,87002,87018,16
stepping,87036,87018,87036,18
sniffing,87094,87036,87094,58
rising,87123,87094,87123,29
rearing,87189,87123,87189,66
climbing,87243,87189,87243,54
rearing,87244,87243,87244,1
rising,87311,87244,87311,67
sniffing,87429,87311,87429,118
rising,87445,87429,87445,16
sniffing,87524,87445,87524,79
hunching,87621,87524,87621,97
right_turning,87622,87621,87622,1
stepping,87670,87622,87670,48
sniffing,87710,87670,87710,40
walking,87727,87710,87727,17
rising,87759,87727,87759,32
left_turning,87766,87759,87766,7
running,87780,87766,87780,14
sniffing,87781,87780,87781,1
hunching,87830,87781,87830,49
grooming,88057,87830,88057,227
climbing,88102,88057,88102,45
sniffing,88200,88102,88200,98
rising,88213,88200,88213,13
sniffing,88237,88213,88237,24
walking,88247,88237,88247,10
sniffing,88289,88247,88289,42
right_turning,88290,88289,88290,1
trotting,88333,88290,88333,43
rearing,88380,88333,88380,47
sniffing,88381,88380,88381,1
pausing,88424,88381,88424,43
sniffing,88431,88424,88431,7
climbing,88473,88431,88473,42
sniffing,88533,88473,88533,60
grooming,88537,88533,88537,4
rearing,88540,88537,88540,3
left_turning,88557,88540,88557,17
sniffing,88561,88557,88561,4
walking,88578,88561,88578,17
sniffing,88658,88578,88658,80
walking,88675,88658,88675,17
sniffing,88729,88675,88729,54
climbing,88766,88729,88766,37
walking,88793,88766,88793,27
sniffing,88812,88793,88812,19
climbing,88869,88812,88869,57
grooming,89147,88869,89147,278
rearing,89282,89147,89282,135
walking,89295,89282,89295,13
sniffing,89296,89295,89296,1
rising,89297,89296,89297,1
climbing,89336,89297,89336,39
hunching,89746,89336,89746,410
sniffing,89848,89746,89848,102
grooming,90006,89848,90006,158
rearing,90086,90006,90086,80
rising,90096,90086,90096,10
climbing,90119,90096,90119,23
sniffing,90170,90119,90170,51
rising,90226,90170,90226,56
climbing,90259,90226,90259,33
grooming,90424,90259,90424,165
right_turning,90425,90424,90425,1
sniffing,90426,90425,90426,1
climbing,90435,90426,90435,9
rising,90455,90435,90455,20
sniffing,90484,90455,90484,29
left_turning,90498,90484,90498,14
sniffing,90587,90498,90587,89
walking,90610,90587,90610,23
rising,90660,90610,90660,50
sniffing,90661,90660,90661,1
hunching,90670,90661,90670,9
walking,90705,90670,90705,35
stepping,90749,90705,90749,44
sniffing,90858,90749,90858,109
rearing,90873,90858,90873,15
grooming,90914,90873,90914,41
hunching,91079,90914,91079,165
rearing,91146,91079,91146,67
left_turning,91161,91146,91161,15
sniffing,91195,91161,91195,34
trotting,91200,91195,91200,5
sniffing,91223,91200,91223,23
grooming,91423,91223,91423,200
rearing,91424,91423,91424,1
left_turning,91425,91424,91425,1
sniffing,91430,91425,91430,5
grooming,91503,91430,91503,73
rising,91504,91503,91504,1
sniffing,91505,91504,91505,1
rearing,91613,91505,91613,108
grooming,91923,91613,91923,310
rearing,92001,91923,92001,78
rising,92016,92001,92016,15
climbing,92035,92016,92035,19
rising,92074,92035,92074,39
climbing,92120,92074,92120,46
grooming,92182,92120,92182,62
rearing,92264,92182,92264,82
grooming,92488,92264,92488,224
left_turning,92494,92488,92494,6
sniffing,92600,92494,92600,106
rearing,92601,92600,92601,1
sniffing,92602,92601,92602,1
climbing,92653,92602,92653,51
walking,92729,92653,92729,76
sniffing,92796,92729,92796,67
walking,92797,92796,92797,1
climbing,92848,92797,92848,51
hunching,92939,92848,92939,91
right_turning,92965,92939,92965,26
walking,92978,92965,92978,13
climbing,93065,92978,93065,87
rising,93066,93065,93066,1
climbing,93077,93066,93077,11
grooming,93122,93077,93122,45
rearing,93169,93122,93169,47
hunching,93187,93169,93187,18
rising,93205,93187,93205,18
climbing,93239,93205,93239,34
sniffing,93285,93239,93285,46
stepping,93336,93285,93336,51
climbing,93355,93336,93355,19
trotting,93370,93355,93370,15
walking,93406,93370,93406,36
hunching,93490,93406,93490,84
grooming,93529,93490,93529,39
rearing,93688,93529,93688,159
climbing,93697,93688,93697,9
left_turning,93712,93697,93712,15
running,93737,93712,93737,25
walking,93760,93737,93760,23
left_turning,93801,93760,93801,41
sniffing,93913,93801,93913,112
grooming,94260,93913,94260,347
rearing,94303,94260,94303,43
sniffing,94432,94303,94432,129
rising,94486,94432,94486,54
climbing,94551,94486,94551,65
right_turning,94560,94551,94560,9
left_turning,94569,94560,94569,9
sniffing,94619,94569,94619,50
trotting,94652,94619,94652,33
sniffing,94698,94652,94698,46
walking,94718,94698,94718,20
sniffing,94744,94718,94744,26
right_turning,94790,94744,94790,46
trotting,94802,94790,94802,12
sniffing,94803,94802,94803,1
rising,94821,94803,94821,18
grooming,94952,94821,94952,131
sniffing,94953,94952,94953,1
right_turning,94996,94953,94996,43
stepping,95023,94996,95023,27
sniffing,95039,95023,95039,16
rising,95053,95039,95053,14
hunching,95054,95053,95054,1
rising,95069,95054,95069,15
rearing,95094,95069,95094,25
walking,95126,95094,95126,32
stepping,95178,95126,95178,52
sniffing,95237,95178,95237,59
walking,95238,95237,95238,1
rising,95267,95238,95267,29
climbing,95320,95267,95320,53
rearing,95395,95320,95395,75
rising,95418,95395,95418,23
sniffing,95464,95418,95464,46
left_turning,95475,95464,95475,11
sniffing,95545,95475,95545,70
climbing,95561,95545,95561,16
rising,95649,95561,95649,88
sniffing,95717,95649,95717,68
left_turning,95754,95717,95754,37
climbing,95765,95754,95765,11
rising,95804,95765,95804,39
climbing,95873,95804,95873,69
walking,95904,95873,95904,31
left_turning,95905,95904,95905,1
sniffing,95951,95905,95951,46
rearing,95988,95951,95988,37
sniffing,95989,95988,95989,1
rising,96036,95989,96036,47
rearing,96128,96036,96128,92
sniffing,96182,96128,96182,54
left_turning,96254,96182,96254,72
rising,96271,96254,96271,17
climbing,96341,96271,96341,70
running,96347,96341,96347,6
rising,96406,96347,96406,59
sniffing,96408,96406,96408,2
stepping,96417,96408,96417,9
walking,96449,96417,96449,32
sniffing,96469,96449,96469,20
right_turning,96501,96469,96501,32
left_turning,96586,96501,96586,85
running,96624,96586,96624,38
rising,96625,96624,96625,1
climbing,96626,96625,96626,1
walking,96685,96626,96685,59
sniffing,96745,96685,96745,60
right_turning,96758,96745,96758,13
walking,96773,96758,96773,15
sniffing,96815,96773,96815,42
trotting,96849,96815,96849,34
rising,96903,96849,96903,54
walking,96945,96903,96945,42
left_turning,96996,96945,96996,51
hunching,97030,96996,97030,34
rearing,97090,97030,97090,60
running,97133,97090,97133,43
walking,97134,97133,97134,1
sniffing,97147,97134,97147,13
grooming,97184,97147,97184,37
sniffing,97238,97184,97238,54
climbing,97285,97238,97285,47
rearing,97386,97285,97386,101
left_turning,97426,97386,97426,40
walking,97440,97426,97440,14
trotting,97459,97440,97459,19
right_turning,97497,97459,97497,38
left_turning,97498,97497,97498,1
sniffing,97537,97498,97537,39
walking,97575,97537,97575,38
sniffing,97635,97575,97635,60
left_turning,97649,97635,97649,14
rising,97683,97649,97683,34
climbing,97709,97683,97709,26
sniffing,97859,97709,97859,150
rising,97903,97859,97903,44
rearing,97904,97903,97904,1
climbing,97905,97904,97905,1
left_turning,97913,97905,97913,8
sniffing,97940,97913,97940,27
rising,97960,97940,97960,20
climbing,97966,97960,97966,6
rearing,98103,97966,98103,137
climbing,98127,98103,98127,24
rising,98150,98127,98150,23
grooming,98151,98150,98151,1
sniffing,98179,98151,98179,28
rearing,98198,98179,98198,19
climbing,98244,98198,98244,46
pausing,98479,98244,98479,235
sniffing,98542,98479,98542,63
rearing,98557,98542,98557,15
hunching,98558,98557,98558,1
grooming,98559,98558,98559,1
climbing,98583,98559,98583,24
rising,98624,98583,98624,41
walking,98708,98624,98708,84
sniffing,98709,98708,98709,1
stepping,98813,98709,98813,104
climbing,98882,98813,98882,69
grooming,98883,98882,98883,1
climbing,98898,98883,98898,15
rearing,98919,98898,98919,21
grooming,99018,98919,99018,99
sniffing,99072,99018,99072,54
rising,99073,99072,99073,1
climbing,99143,99073,99143,70
grooming,99245,99143,99245,102
climbing,99313,99245,99313,68
rising,99338,99313,99338,25
running,99370,99338,99370,32
sniffing,99428,99370,99428,58
grooming,99429,99428,99429,1
rearing,99488,99429,99488,59
grooming,100085,99488,100085,597
left_turning,100135,100085,100135,50
sniffing,100208,100135,100208,73
rearing,100290,100208,100290,82
left_turning,100309,100290,100309,19
walking,100353,100309,100353,44
left_turning,100369,100353,100369,16
stepping,100381,100369,100381,12
sniffing,100396,100381,100396,15
rising,100431,100396,100431,35
left_turning,100446,100431,100446,15
walking,100447,100446,100447,1
sniffing,100500,100447,100500,53
rising,100501,100500,100501,1
stepping,100524,100501,100524,23
left_turning,100571,100524,100571,47
rising,100572,100571,100572,1
rearing,100573,100572,100573,1
climbing,100574,100573,100574,1
rearing,100704,100574,100704,130
climbing,100769,100704,100769,65
right_turning,100781,100769,100781,12
running,100804,100781,100804,23
rising,100808,100804,100808,4
sniffing,100837,100808,100837,29
left_turning,100900,100837,100900,63
climbing,100949,100900,100949,49
sniffing,101060,100949,101060,111
rising,101072,101060,101072,12
climbing,101094,101072,101094,22
sniffing,101156,101094,101156,62
grooming,101251,101156,101251,95
sniffing,101281,101251,101281,30
stepping,101282,101281,101282,1
walking,101311,101282,101311,29
sniffing,101428,101311,101428,117
rising,101435,101428,101435,7
climbing,101559,101435,101559,124
rearing,101560,101559,101560,1
sniffing,101576,101560,101576,16
left_turning,101577,101576,101577,1
running,101602,101577,101602,25
sniffing,101677,101602,101677,75
rearing,101678,101677,101678,1
sniffing,101679,101678,101679,1
walking,101728,101679,101728,49
sniffing,101818,101728,101818,90
right_turning,101819,101818,101819,1
walking,101833,101819,101833,14
sniffing,101862,101833,101862,29
rising,101977,101862,101977,115
sniffing,102072,101977,102072,95
pausing,102073,102072,102073,1
sniffing,102099,102073,102099,26
rising,102146,102099,102146,47
climbing,102187,102146,102187,41
walking,102207,102187,102207,20
left_turning,102238,102207,102238,31
sniffing,102337,102238,102337,99
rising,102375,102337,102375,38
walking,102389,102375,102389,14
sniffing,102445,102389,102445,56
trotting,102482,102445,102482,37
sniffing,102733,102482,102733,251
climbing,102755,102733,102755,22
rising,102762,102755,102762,7
sniffing,102763,102762,102763,1
stepping,102778,102763,102778,15
walking,102818,102778,102818,40
sniffing,102921,102818,102921,103
right_turning,102934,102921,102934,13
sniffing,102935,102934,102935,1
walking,102979,102935,102979,44
sniffing,103067,102979,103067,88
rearing,103138,103067,103138,71
climbing,103169,103138,103169,31
hunching,103332,103169,103332,163
walking,103365,103332,103365,33
sniffing,103456,103365,103456,91
pausing,103457,103456,103457,1
sniffing,103528,103457,103528,71
pausing,103529,103528,103529,1
climbing,103578,103529,103578,49
hunching,103744,103578,103744,166
grooming,103745,103744,103745,1
climbing,103746,103745,103746,1
rearing,103850,103746,103850,104
rising,103864,103850,103864,14
sniffing,103865,103864,103865,1
rising,103902,103865,103902,37
sniffing,103933,103902,103933,31
left_turning,103934,103933,103934,1
walking,104011,103934,104011,77
sniffing,104012,104011,104012,1
rising,104069,104012,104069,57
sniffing,104128,104069,104128,59
rising,104213,104128,104213,85
stepping,104214,104213,104214,1
rising,104253,104214,104253,39
sniffing,104286,104253,104286,33
rising,104323,104286,104323,37
sniffing,104592,104323,104592,269
right_turning,104600,104592,104600,8
climbing,104601,104600,104601,1
sniffing,104644,104601,104644,43
right_turning,104661,104644,104661,17
sniffing,104754,104661,104754,93
rising,104755,104754,104755,1
sniffing,104785,104755,104785,30
rising,104786,104785,104786,1
grooming,104831,104786,104831,45
hunching,104876,104831,104876,45
climbing,104950,104876,104950,74
running,104967,104950,104967,17
walking,104981,104967,104981,14
running,104995,104981,104995,14
right_turning,105025,104995,105025,30
sniffing,105083,105025,105083,58
climbing,105155,105083,105155,72
grooming,105167,105155,105167,12
climbing,105194,105167,105194,27
grooming,105572,105194,105572,378
climbing,105622,105572,105622,50
sniffing,105726,105622,105726,104
rising,105860,105726,105860,134
pausing,105861,105860,105861,1
sniffing,105938,105861,105938,77
rising,106006,105938,106006,68
sniffing,106007,106006,106007,1
climbing,106108,106007,106108,101
rising,106127,106108,106127,19
sniffing,106158,106127,106158,31
grooming,106250,106158,106250,92
climbing,106311,106250,106311,61
hunching,106349,106311,106349,38
rearing,106399,106349,106399,50
sniffing,106674,106399,106674,275
rising,106692,106674,106692,18
rearing,106789,106692,106789,97
hunching,106927,106789,106927,138
grooming,106928,106927,106928,1
hunching,106953,106928,106953,25
sniffing,106954,106953,106954,1
rising,107046,106954,107046,92
rearing,107154,107046,107154,108
grooming,107155,107154,107155,1
rearing,107156,107155,107156,1
climbing,107230,107156,107230,74
right_turning,107232,107230,107232,2
walking,107233,107232,107233,1
right_turning,107243,107233,107243,10
walking,107311,107243,107311,68
sniffing,107345,107311,107345,34
pausing,107346,107345,107346,1
climbing,107388,107346,107388,42
sniffing,107410,107388,107410,22
walking,107442,107410,107442,32
rising,107458,107442,107458,16
walking,107477,107458,107477,19
sniffing,107479,107477,107479,2
rising,107497,107479,107497,18
sniffing,107594,107497,107594,97
grooming,108000,107594,108000,406
