revised_movement_label,segBoundary,segBoundary_start,segBoundary_end,length
rising,13,0,13,13
right_turning,24,13,24,11
sniffing,29,24,29,5
rising,54,29,54,25
climbing,114,54,114,60
left_turning,132,114,132,18
sniffing,332,132,332,200
left_turning,345,332,345,13
walking,360,345,360,15
climbing,409,360,409,49
right_turning,483,409,483,74
stepping,514,483,514,31
sniffing,550,514,550,36
grooming,582,550,582,32
walking,618,582,618,36
running,646,618,646,28
left_turning,678,646,678,32
trotting,684,678,684,6
sniffing,708,684,708,24
climbing,758,708,758,50
rearing,816,758,816,58
climbing,841,816,841,25
sniffing,897,841,897,56
trotting,933,897,933,36
right_turning,943,933,943,10
stepping,966,943,966,23
walking,1046,966,1046,80
sniffing,1064,1046,1064,18
walking,1112,1064,1112,48
sniffing,1159,1112,1159,47
walking,1172,1159,1172,13
right_turning,1191,1172,1191,19
rising,1192,1191,1192,1
left_turning,1203,1192,1203,11
walking,1245,1203,1245,42
sniffing,1407,1245,1407,162
running,1412,1407,1412,5
left_turning,1420,1412,1420,8
sniffing,1536,1420,1536,116
left_turning,1583,1536,1583,47
sniffing,1630,1583,1630,47
walking,1662,1630,1662,32
sniffing,1663,1662,1663,1
right_turning,1691,1663,1691,28
trotting,1705,1691,1705,14
sniffing,1727,1705,1727,22
left_turning,1734,1727,1734,7
walking,1748,1734,1748,14
right_turning,1755,1748,1755,7
stepping,1824,1755,1824,69
walking,1921,1824,1921,97
sniffing,1977,1921,1977,56
walking,1993,1977,1993,16
left_turning,2022,1993,2022,29
sniffing,2149,2022,2149,127
climbing,2166,2149,2166,17
hunching,2288,2166,2288,122
sniffing,2326,2288,2326,38
climbing,2363,2326,2363,37
sniffing,2452,2363,2452,89
walking,2455,2452,2455,3
left_turning,2516,2455,2516,61
walking,2517,2516,2517,1
sniffing,2605,2517,2605,88
trotting,2622,2605,2622,17
sniffing,2655,2622,2655,33
rising,2677,2655,2677,22
stepping,2708,2677,2708,31
rising,2736,2708,2736,28
climbing,2782,2736,2782,46
rising,2803,2782,2803,21
rearing,2923,2803,2923,120
sniffing,2948,2923,2948,25
walking,3014,2948,3014,66
trotting,3016,3014,3016,2
walking,3053,3016,3053,37
stepping,3118,3053,3118,65
walking,3192,3118,3192,74
right_turning,3218,3192,3218,26
walking,3274,3218,3274,56
left_turning,3275,3274,3275,1
walking,3276,3275,3276,1
sniffing,3277,3276,3277,1
stepping,3315,3277,3315,38
sniffing,3330,3315,3330,15
left_turning,3366,3330,3366,36
walking,3372,3366,3372,6
climbing,3400,3372,3400,28
walking,3480,3400,3480,80
trotting,3506,3480,3506,26
running,3507,3506,3507,1
stepping,3526,3507,3526,19
trotting,3555,3526,3555,29
sniffing,3703,3555,3703,148
left_turning,3710,3703,3710,7
walking,3727,3710,3727,17
climbing,3768,3727,3768,41
rising,3795,3768,3795,27
climbing,3839,3795,3839,44
sniffing,3840,3839,3840,1
trotting,3848,3840,3848,8
walking,3941,3848,3941,93
sniffing,3942,3941,3942,1
running,3972,3942,3972,30
walking,3973,3972,3973,1
sniffing,3974,3973,3974,1
walking,3975,3974,3975,1
sniffing,3996,3975,3996,21
rising,3997,3996,3997,1
climbing,4049,3997,4049,52
sniffing,4095,4049,4095,46
rising,4096,4095,4096,1
left_turning,4119,4096,4119,23
stepping,4242,4119,4242,123
rising,4283,4242,4283,41
climbing,4327,4283,4327,44
stepping,4333,4327,4333,6
rising,4334,4333,4334,1
sniffing,4341,4334,4341,7
rising,4342,4341,4342,1
sniffing,4355,4342,4355,13
rearing,4356,4355,4356,1
climbing,4388,4356,4388,32
walking,4396,4388,4396,8
stepping,4402,4396,4402,6
sniffing,4403,4402,4403,1
walking,4417,4403,4417,14
sniffing,4418,4417,4418,1
running,4437,4418,4437,19
walking,4452,4437,4452,15
sniffing,4453,4452,4453,1
rising,4454,4453,4454,1
climbing,4455,4454,4455,1
sniffing,4463,4455,4463,8
left_turning,4487,4463,4487,24
rising,4488,4487,4488,1
left_turning,4527,4488,4527,39
walking,4555,4527,4555,28
sniffing,4566,4555,4566,11
climbing,4640,4566,4640,74
walking,4682,4640,4682,42
hunching,4701,4682,4701,19
sniffing,4830,4701,4830,129
climbing,4876,4830,4876,46
sniffing,4892,4876,4892,16
walking,4981,4892,4981,89
sniffing,4982,4981,4982,1
rising,5069,4982,5069,87
sniffing,5118,5069,5118,49
rising,5204,5118,5204,86
trotting,5277,5204,5277,73
sniffing,5278,5277,5278,1
walking,5319,5278,5319,41
running,5356,5319,5356,37
trotting,5391,5356,5391,35
walking,5418,5391,5418,27
climbing,5422,5418,5422,4
right_turning,5443,5422,5443,21
rearing,5481,5443,5481,38
left_turning,5543,5481,5543,62
sniffing,5623,5543,5623,80
rising,5624,5623,5624,1
climbing,5649,5624,5649,25
left_turning,5661,5649,5661,12
sniffing,5673,5661,5673,12
trotting,5704,5673,5704,31
walking,5773,5704,5773,69
sniffing,5849,5773,5849,76
walking,5887,5849,5887,38
climbing,5903,5887,5903,16
trotting,5915,5903,5915,12
sniffing,5954,5915,5954,39
rising,5981,5954,5981,27
climbing,6035,5981,6035,54
sniffing,6093,6035,6093,58
rising,6187,6093,6187,94
running,6224,6187,6224,37
walking,6225,6224,6225,1
trotting,6281,6225,6281,56
walking,6366,6281,6366,85
sniffing,6402,6366,6402,36
rising,6526,6402,6526,124
left_turning,6558,6526,6558,32
sniffing,6559,6558,6559,1
rising,6560,6559,6560,1
sniffing,6577,6560,6577,17
rising,6632,6577,6632,55
sniffing,6700,6632,6700,68
rising,6716,6700,6716,16
climbing,6759,6716,6759,43
sniffing,6810,6759,6810,51
rising,6886,6810,6886,76
left_turning,6893,6886,6893,7
rising,6955,6893,6955,62
walking,7045,6955,7045,90
climbing,7046,7045,7046,1
hunching,7108,7046,7108,62
right_turning,7117,7108,7117,9
walking,7131,7117,7131,14
climbing,7168,7131,7168,37
hunching,7285,7168,7285,117
climbing,7311,7285,7311,26
trotting,7355,7311,7355,44
sniffing,7377,7355,7377,22
climbing,7436,7377,7436,59
sniffing,7437,7436,7437,1
walking,7459,7437,7459,22
sniffing,7470,7459,7470,11
rising,7471,7470,7471,1
climbing,7532,7471,7532,61
walking,7581,7532,7581,49
climbing,7621,7581,7621,40
rearing,7711,7621,7711,90
rising,7793,7711,7793,82
sniffing,7897,7793,7897,104
trotting,7928,7897,7928,31
sniffing,7958,7928,7958,30
walking,8004,7958,8004,46
left_turning,8009,8004,8009,5
sniffing,8010,8009,8010,1
climbing,8070,8010,8070,60
walking,8071,8070,8071,1
climbing,8105,8071,8105,34
sniffing,8191,8105,8191,86
trotting,8221,8191,8221,30
sniffing,8336,8221,8336,115
climbing,8387,8336,8387,51
right_turning,8388,8387,8388,1
running,8413,8388,8413,25
trotting,8423,8413,8423,10
walking,8424,8423,8424,1
sniffing,8425,8424,8425,1
grooming,8426,8425,8426,1
left_turning,8481,8426,8481,55
running,8484,8481,8484,3
left_turning,8485,8484,8485,1
walking,8493,8485,8493,8
running,8526,8493,8526,33
trotting,8539,8526,8539,13
stepping,8572,8539,8572,33
sniffing,8573,8572,8573,1
climbing,8602,8573,8602,29
right_turning,8603,8602,8603,1
trotting,8622,8603,8622,19
left_turning,8645,8622,8645,23
sniffing,8669,8645,8669,24
climbing,8695,8669,8695,26
sniffing,8696,8695,8696,1
right_turning,8723,8696,8723,27
walking,8788,8723,8788,65
sniffing,8789,8788,8789,1
climbing,8852,8789,8852,63
walking,8895,8852,8895,43
climbing,8922,8895,8922,27
sniffing,9015,8922,9015,93
climbing,9043,9015,9043,28
walking,9044,9043,9044,1
sniffing,9045,9044,9045,1
right_turning,9046,9045,9046,1
walking,9047,9046,9047,1
sniffing,9048,9047,9048,1
walking,9081,9048,9081,33
sniffing,9094,9081,9094,13
rising,9095,9094,9095,1
rearing,9130,9095,9130,35
trotting,9150,9130,9150,20
sniffing,9159,9150,9159,9
walking,9183,9159,9183,24
sniffing,9189,9183,9189,6
left_turning,9190,9189,9190,1
walking,9191,9190,9191,1
rising,9192,9191,9192,1
rearing,9279,9192,9279,87
sniffing,9297,9279,9297,18
stepping,9320,9297,9320,23
hunching,9342,9320,9342,22
rearing,9687,9342,9687,345
rising,9688,9687,9688,1
sniffing,9689,9688,9689,1
right_turning,9719,9689,9719,30
stepping,9720,9719,9720,1
walking,9751,9720,9751,31
climbing,9813,9751,9813,62
right_turning,9846,9813,9846,33
stepping,9879,9846,9879,33
walking,9880,9879,9880,1
rising,9881,9880,9881,1
trotting,9933,9881,9933,52
right_turning,9967,9933,9967,34
trotting,9998,9967,9998,31
walking,10026,9998,10026,28
climbing,10038,10026,10038,12
sniffing,10106,10038,10106,68
walking,10197,10106,10197,91
trotting,10223,10197,10223,26
running,10257,10223,10257,34
rising,10313,10257,10313,56
climbing,10356,10313,10356,43
sniffing,10357,10356,10357,1
climbing,10407,10357,10407,50
stepping,10438,10407,10438,31
walking,10528,10438,10528,90
climbing,10608,10528,10608,80
rearing,10663,10608,10663,55
hunching,10791,10663,10791,128
walking,10792,10791,10792,1
left_turning,10793,10792,10793,1
walking,10811,10793,10811,18
sniffing,10962,10811,10962,151
climbing,10987,10962,10987,25
hunching,11072,10987,11072,85
right_turning,11095,11072,11095,23
left_turning,11143,11095,11143,48
walking,11144,11143,11144,1
sniffing,11208,11144,11208,64
trotting,11215,11208,11215,7
stepping,11219,11215,11219,4
walking,11285,11219,11285,66
sniffing,11296,11285,11296,11
left_turning,11317,11296,11317,21
running,11321,11317,11321,4
trotting,11327,11321,11327,6
sniffing,11405,11327,11405,78
stepping,11455,11405,11455,50
right_turning,11485,11455,11485,30
trotting,11494,11485,11494,9
sniffing,11545,11494,11545,51
climbing,11582,11545,11582,37
walking,11583,11582,11583,1
sniffing,11640,11583,11640,57
rearing,11722,11640,11722,82
sniffing,11748,11722,11748,26
right_turning,11760,11748,11760,12
walking,11821,11760,11821,61
sniffing,11826,11821,11826,5
left_turning,11827,11826,11827,1
trotting,11855,11827,11855,28
sniffing,11859,11855,11859,4
left_turning,11906,11859,11906,47
sniffing,11988,11906,11988,82
climbing,12030,11988,12030,42
walking,12041,12030,12041,11
rising,12113,12041,12113,72
rearing,12274,12113,12274,161
walking,12275,12274,12275,1
left_turning,12284,12275,12284,9
rising,12338,12284,12338,54
sniffing,12343,12338,12343,5
stepping,12415,12343,12415,72
left_turning,12448,12415,12448,33
walking,12491,12448,12491,43
rising,12586,12491,12586,95
sniffing,12587,12586,12587,1
left_turning,12646,12587,12646,59
sniffing,12647,12646,12647,1
left_turning,12654,12647,12654,7
rising,12755,12654,12755,101
climbing,12766,12755,12766,11
sniffing,12786,12766,12786,20
rising,12823,12786,12823,37
walking,12830,12823,12830,7
climbing,12831,12830,12831,1
sniffing,12870,12831,12870,39
left_turning,12923,12870,12923,53
walking,12974,12923,12974,51
rising,12993,12974,12993,19
climbing,13035,12993,13035,42
sniffing,13066,13035,13066,31
left_turning,13091,13066,13091,25
walking,13152,13091,13152,61
sniffing,13153,13152,13153,1
rising,13154,13153,13154,1
climbing,13198,13154,13198,44
trotting,13227,13198,13227,29
rising,13276,13227,13276,49
climbing,13326,13276,13326,50
trotting,13340,13326,13340,14
walking,13383,13340,13383,43
climbing,13402,13383,13402,19
sniffing,13476,13402,13476,74
stepping,13477,13476,13477,1
climbing,13496,13477,13496,19
left_turning,13498,13496,13498,2
sniffing,13553,13498,13553,55
left_turning,13607,13553,13607,54
sniffing,13680,13607,13680,73
rearing,13762,13680,13762,82
rising,13763,13762,13763,1
running,13766,13763,13766,3
walking,13780,13766,13780,14
left_turning,13837,13780,13837,57
trotting,13868,13837,13868,31
stepping,13869,13868,13869,1
climbing,13870,13869,13870,1
stepping,13915,13870,13915,45
rising,13951,13915,13951,36
climbing,13961,13951,13961,10
rearing,14000,13961,14000,39
left_turning,14025,14000,14025,25
trotting,14055,14025,14055,30
left_turning,14056,14055,14056,1
sniffing,14172,14056,14172,116
rising,14288,14172,14288,116
hunching,14323,14288,14323,35
left_turning,14333,14323,14333,10
walking,14342,14333,14342,9
sniffing,14343,14342,14343,1
left_turning,14369,14343,14369,26
stepping,14393,14369,14393,24
walking,14429,14393,14429,36
trotting,14468,14429,14468,39
sniffing,14511,14468,14511,43
left_turning,14535,14511,14535,24
sniffing,14536,14535,14536,1
rising,14621,14536,14621,85
sniffing,14716,14621,14716,95
walking,14717,14716,14717,1
sniffing,14758,14717,14758,41
climbing,14809,14758,14809,51
sniffing,14835,14809,14835,26
rising,14915,14835,14915,80
climbing,14920,14915,14920,5
sniffing,14952,14920,14952,32
walking,14953,14952,14953,1
rising,14978,14953,14978,25
climbing,14999,14978,14999,21
sniffing,15017,14999,15017,18
climbing,15042,15017,15042,25
walking,15079,15042,15079,37
trotting,15109,15079,15109,30
sniffing,15121,15109,15121,12
rising,15141,15121,15141,20
climbing,15169,15141,15169,28
rearing,15170,15169,15170,1
trotting,15185,15170,15185,15
sniffing,15198,15185,15198,13
climbing,15212,15198,15212,14
rearing,15314,15212,15314,102
rising,15342,15314,15342,28
sniffing,15395,15342,15395,53
climbing,15421,15395,15421,26
sniffing,15489,15421,15489,68
walking,15490,15489,15490,1
rising,15534,15490,15534,44
climbing,15586,15534,15586,52
walking,15628,15586,15628,42
hunching,15629,15628,15629,1
grooming,16047,15629,16047,418
rearing,16200,16047,16200,153
rising,16201,16200,16201,1
walking,16227,16201,16227,26
sniffing,16291,16227,16291,64
right_turning,16316,16291,16316,25
walking,16323,16316,16323,7
sniffing,16324,16323,16324,1
walking,16351,16324,16351,27
climbing,16390,16351,16390,39
right_turning,16401,16390,16401,11
walking,16449,16401,16449,48
climbing,16475,16449,16475,26
sniffing,16497,16475,16497,22
rising,16582,16497,16582,85
climbing,16701,16582,16701,119
left_turning,16715,16701,16715,14
rising,16716,16715,16716,1
hunching,16747,16716,16747,31
walking,16748,16747,16748,1
sniffing,16749,16748,16749,1
walking,16801,16749,16801,52
sniffing,16857,16801,16857,56
left_turning,16895,16857,16895,38
sniffing,16938,16895,16938,43
rising,17033,16938,17033,95
climbing,17082,17033,17082,49
walking,17093,17082,17093,11
hunching,17226,17093,17226,133
right_turning,17252,17226,17252,26
left_turning,17291,17252,17291,39
sniffing,17347,17291,17347,56
trotting,17371,17347,17371,24
climbing,17426,17371,17426,55
hunching,17539,17426,17539,113
right_turning,17552,17539,17552,13
walking,17596,17552,17596,44
sniffing,17637,17596,17637,41
walking,17701,17637,17701,64
sniffing,17776,17701,17776,75
walking,17831,17776,17831,55
sniffing,17905,17831,17905,74
climbing,17906,17905,17906,1
grooming,18014,17906,18014,108
rearing,18091,18014,18091,77
hunching,18174,18091,18174,83
grooming,18267,18174,18267,93
right_turning,18296,18267,18296,29
walking,18408,18296,18408,112
rising,18409,18408,18409,1
trotting,18460,18409,18460,51
right_turning,18477,18460,18477,17
running,18478,18477,18478,1
walking,18517,18478,18517,39
sniffing,18551,18517,18551,34
walking,18605,18551,18605,54
rising,18705,18605,18705,100
climbing,18748,18705,18748,43
trotting,18778,18748,18778,30
sniffing,18948,18778,18948,170
walking,18958,18948,18958,10
sniffing,18959,18958,18959,1
left_turning,18999,18959,18999,40
sniffing,19000,18999,19000,1
walking,19034,19000,19034,34
trotting,19110,19034,19110,76
rising,19111,19110,19111,1
grooming,19196,19111,19196,85
sniffing,19254,19196,19254,58
rising,19255,19254,19255,1
climbing,19277,19255,19277,22
rising,19346,19277,19346,69
climbing,19461,19346,19461,115
sniffing,19482,19461,19482,21
walking,19542,19482,19542,60
sniffing,19544,19542,19544,2
left_turning,19556,19544,19556,12
trotting,19574,19556,19574,18
right_turning,19607,19574,19607,33
rising,19643,19607,19643,36
climbing,19677,19643,19677,34
rising,19678,19677,19678,1
climbing,19679,19678,19679,1
right_turning,19680,19679,19680,1
rising,19734,19680,19734,54
climbing,19851,19734,19851,117
sniffing,19866,19851,19866,15
stepping,19919,19866,19919,53
trotting,19951,19919,19951,32
sniffing,19952,19951,19952,1
climbing,19992,19952,19992,40
hunching,19993,19992,19993,1
climbing,20069,19993,20069,76
walking,20105,20069,20105,36
sniffing,20125,20105,20125,20
stepping,20128,20125,20128,3
trotting,20151,20128,20151,23
sniffing,20153,20151,20153,2
climbing,20200,20153,20200,47
walking,20226,20200,20226,26
sniffing,20271,20226,20271,45
walking,20272,20271,20272,1
right_turning,20309,20272,20309,37
walking,20359,20309,20359,50
left_turning,20395,20359,20395,36
rising,20396,20395,20396,1
left_turning,20447,20396,20447,51
stepping,20477,20447,20477,30
left_turning,20499,20477,20499,22
walking,20505,20499,20505,6
right_turning,20528,20505,20528,23
trotting,20566,20528,20566,38
walking,20596,20566,20596,30
stepping,20618,20596,20618,22
trotting,20665,20618,20665,47
walking,20713,20665,20713,48
sniffing,20739,20713,20739,26
rearing,20941,20739,20941,202
trotting,20971,20941,20971,30
sniffing,20979,20971,20979,8
rising,21110,20979,21110,131
grooming,21440,21110,21440,330
climbing,21478,21440,21478,38
sniffing,21521,21478,21521,43
stepping,21587,21521,21587,66
sniffing,21656,21587,21656,69
rising,21783,21656,21783,127
climbing,21823,21783,21823,40
sniffing,21860,21823,21860,37
right_turning,21861,21860,21861,1
trotting,21871,21861,21871,10
sniffing,21926,21871,21926,55
right_turning,21934,21926,21934,8
running,21949,21934,21949,15
sniffing,21957,21949,21957,8
left_turning,21980,21957,21980,23
walking,22018,21980,22018,38
stepping,22023,22018,22023,5
rising,22024,22023,22024,1
climbing,22041,22024,22041,17
trotting,22096,22041,22096,55
walking,22099,22096,22099,3
left_turning,22169,22099,22169,70
walking,22189,22169,22189,20
sniffing,22190,22189,22190,1
right_turning,22216,22190,22216,26
walking,22217,22216,22217,1
rising,22240,22217,22240,23
sniffing,22366,22240,22366,126
rising,22401,22366,22401,35
rearing,22429,22401,22429,28
rising,22546,22429,22546,117
walking,22606,22546,22606,60
left_turning,22621,22606,22621,15
walking,22640,22621,22640,19
climbing,22689,22640,22689,49
trotting,22725,22689,22725,36
walking,22762,22725,22762,37
sniffing,22817,22762,22817,55
rising,22899,22817,22899,82
sniffing,22902,22899,22902,3
right_turning,22914,22902,22914,12
stepping,22944,22914,22944,30
sniffing,22977,22944,22977,33
trotting,23027,22977,23027,50
running,23077,23027,23077,50
walking,23078,23077,23078,1
stepping,23099,23078,23099,21
sniffing,23200,23099,23200,101
climbing,23246,23200,23246,46
sniffing,23306,23246,23306,60
rising,23387,23306,23387,81
climbing,23445,23387,23445,58
left_turning,23453,23445,23453,8
sniffing,23517,23453,23517,64
walking,23666,23517,23666,149
trotting,23674,23666,23674,8
hunching,23675,23674,23675,1
sniffing,23754,23675,23754,79
walking,23801,23754,23801,47
left_turning,23802,23801,23802,1
sniffing,23876,23802,23876,74
stepping,23910,23876,23910,34
left_turning,23961,23910,23961,51
walking,24000,23961,24000,39
sniffing,24032,24000,24032,32
walking,24049,24032,24049,17
sniffing,24050,24049,24050,1
trotting,24085,24050,24085,35
climbing,24114,24085,24114,29
rising,24118,24114,24118,4
sniffing,24165,24118,24165,47
rising,24226,24165,24226,61
sniffing,24260,24226,24260,34
rising,24324,24260,24324,64
sniffing,24335,24324,24335,11
walking,24362,24335,24362,27
sniffing,24363,24362,24363,1
walking,24404,24363,24404,41
rising,24480,24404,24480,76
walking,24495,24480,24495,15
stepping,24587,24495,24587,92
sniffing,24694,24587,24694,107
right_turning,24702,24694,24702,8
walking,24725,24702,24725,23
sniffing,24777,24725,24777,52
left_turning,24816,24777,24816,39
walking,24922,24816,24922,106
rising,24988,24922,24988,66
rearing,25052,24988,25052,64
grooming,25139,25052,25139,87
rearing,25239,25139,25239,100
grooming,25294,25239,25294,55
rising,25330,25294,25330,36
stepping,25365,25330,25365,35
climbing,25426,25365,25426,61
rising,25490,25426,25490,64
climbing,25528,25490,25528,38
sniffing,25529,25528,25529,1
hunching,25530,25529,25530,1
rising,25534,25530,25534,4
climbing,25574,25534,25574,40
walking,25592,25574,25592,18
sniffing,25593,25592,25593,1
right_turning,25606,25593,25606,13
trotting,25610,25606,25610,4
rising,25671,25610,25671,61
left_turning,25672,25671,25672,1
rising,25673,25672,25673,1
climbing,25688,25673,25688,15
rising,25790,25688,25790,102
grooming,25791,25790,25791,1
walking,25806,25791,25806,15
climbing,25862,25806,25862,56
trotting,25875,25862,25875,13
sniffing,25932,25875,25932,57
climbing,25967,25932,25967,35
sniffing,26017,25967,26017,50
walking,26028,26017,26028,11
sniffing,26029,26028,26029,1
climbing,26056,26029,26056,27
trotting,26073,26056,26073,17
stepping,26088,26073,26088,15
walking,26112,26088,26112,24
rising,26261,26112,26261,149
climbing,26276,26261,26276,15
rearing,26298,26276,26298,22
sniffing,26393,26298,26393,95
climbing,26467,26393,26467,74
left_turning,26473,26467,26473,6
trotting,26486,26473,26486,13
rising,26534,26486,26534,48
climbing,26548,26534,26548,14
sniffing,26571,26548,26571,23
stepping,26588,26571,26588,17
sniffing,26638,26588,26638,50
trotting,26654,26638,26654,16
walking,26701,26654,26701,47
stepping,26758,26701,26758,57
sniffing,26817,26758,26817,59
climbing,26844,26817,26844,27
trotting,26866,26844,26866,22
walking,26927,26866,26927,61
trotting,26958,26927,26958,31
running,27001,26958,27001,43
rising,27021,27001,27021,20
trotting,27088,27021,27088,67
stepping,27112,27088,27112,24
hunching,27238,27112,27238,126
climbing,27308,27238,27308,70
sniffing,27329,27308,27329,21
rising,27331,27329,27331,2
trotting,27373,27331,27373,42
sniffing,27386,27373,27386,13
walking,27449,27386,27449,63
sniffing,27450,27449,27450,1
stepping,27481,27450,27481,31
rising,27482,27481,27482,1
climbing,27504,27482,27504,22
sniffing,27566,27504,27566,62
grooming,27974,27566,27974,408
sniffing,28066,27974,28066,92
rising,28082,28066,28082,16
sniffing,28083,28082,28083,1
rising,28084,28083,28084,1
sniffing,28110,28084,28110,26
walking,28135,28110,28135,25
stepping,28206,28135,28206,71
sniffing,28216,28206,28216,10
left_turning,28226,28216,28226,10
sniffing,28314,28226,28314,88
climbing,28353,28314,28353,39
sniffing,28372,28353,28372,19
left_turning,28411,28372,28411,39
walking,28430,28411,28430,19
sniffing,28457,28430,28457,27
rising,28480,28457,28480,23
left_turning,28487,28480,28487,7
trotting,28514,28487,28514,27
sniffing,28549,28514,28549,35
climbing,28573,28549,28573,24
right_turning,28595,28573,28595,22
walking,28609,28595,28609,14
sniffing,28660,28609,28660,51
rising,28738,28660,28738,78
climbing,28774,28738,28774,36
sniffing,28834,28774,28834,60
grooming,28835,28834,28835,1
rearing,29021,28835,29021,186
rising,29022,29021,29022,1
climbing,29057,29022,29057,35
rising,29112,29057,29112,55
climbing,29160,29112,29160,48
rising,29217,29160,29217,57
sniffing,29218,29217,29218,1
walking,29241,29218,29241,23
left_turning,29242,29241,29242,1
sniffing,29265,29242,29265,23
climbing,29298,29265,29298,33
rearing,29299,29298,29299,1
trotting,29339,29299,29339,40
sniffing,29357,29339,29357,18
climbing,29395,29357,29395,38
walking,29415,29395,29415,20
sniffing,29641,29415,29641,226
hunching,29686,29641,29686,45
walking,29719,29686,29719,33
left_turning,29720,29719,29720,1
rising,29724,29720,29724,4
sniffing,29755,29724,29755,31
right_turning,29782,29755,29782,27
trotting,29802,29782,29802,20
running,29826,29802,29826,24
rising,29827,29826,29827,1
walking,29860,29827,29860,33
left_turning,29880,29860,29880,20
right_turning,29894,29880,29894,14
trotting,29928,29894,29928,34
sniffing,29929,29928,29929,1
left_turning,29935,29929,29935,6
running,29964,29935,29964,29
walking,29994,29964,29994,30
left_turning,30020,29994,30020,26
sniffing,30042,30020,30042,22
climbing,30079,30042,30079,37
rising,30108,30079,30108,29
sniffing,30171,30108,30171,63
pausing,30172,30171,30172,1
sniffing,30234,30172,30234,62
hunching,30278,30234,30278,44
right_turning,30309,30278,30309,31
rising,30364,30309,30364,55
sniffing,30404,30364,30404,40
stepping,30477,30404,30477,73
climbing,30533,30477,30533,56
trotting,30551,30533,30551,18
rearing,30552,30551,30552,1
left_turning,30553,30552,30553,1
sniffing,30560,30553,30560,7
trotting,30582,30560,30582,22
rising,30630,30582,30630,48
grooming,30678,30630,30678,48
left_turning,30685,30678,30685,7
sniffing,30688,30685,30688,3
rising,30720,30688,30720,32
right_turning,30751,30720,30751,31
left_turning,30773,30751,30773,22
sniffing,30856,30773,30856,83
left_turning,30903,30856,30903,47
stepping,30918,30903,30918,15
climbing,30958,30918,30958,40
sniffing,30963,30958,30963,5
pausing,30964,30963,30964,1
rearing,31003,30964,31003,39
rising,31004,31003,31004,1
climbing,31011,31004,31011,7
hunching,31032,31011,31032,21
climbing,31061,31032,31061,29
grooming,31325,31061,31325,264
rearing,31400,31325,31400,75
climbing,31518,31400,31518,118
sniffing,31586,31518,31586,68
trotting,31604,31586,31604,18
sniffing,31729,31604,31729,125
walking,31734,31729,31734,5
sniffing,31772,31734,31772,38
rising,31773,31772,31773,1
rearing,31823,31773,31823,50
hunching,31887,31823,31887,64
walking,31905,31887,31905,18
sniffing,31906,31905,31906,1
walking,31943,31906,31943,37
trotting,31957,31943,31957,14
left_turning,31983,31957,31983,26
rising,31990,31983,31990,7
climbing,32006,31990,32006,16
right_turning,32045,32006,32045,39
walking,32107,32045,32107,62
left_turning,32126,32107,32126,19
running,32164,32126,32164,38
hunching,32350,32164,32350,186
walking,32409,32350,32409,59
running,32426,32409,32426,17
walking,32450,32426,32450,24
climbing,32538,32450,32538,88
running,32572,32538,32572,34
rising,32621,32572,32621,49
climbing,32625,32621,32625,4
left_turning,32626,32625,32626,1
sniffing,32644,32626,32644,18
rising,32695,32644,32695,51
climbing,32759,32695,32759,64
rearing,32838,32759,32838,79
climbing,32903,32838,32903,65
walking,32953,32903,32953,50
climbing,33033,32953,33033,80
running,33034,33033,33034,1
walking,33066,33034,33066,32
stepping,33105,33066,33105,39
sniffing,33108,33105,33108,3
climbing,33194,33108,33194,86
rising,33224,33194,33224,30
walking,33288,33224,33288,64
stepping,33321,33288,33321,33
rearing,33410,33321,33410,89
sniffing,33411,33410,33411,1
walking,33427,33411,33427,16
sniffing,33476,33427,33476,49
walking,33518,33476,33518,42
running,33535,33518,33535,17
walking,33578,33535,33578,43
trotting,33594,33578,33594,16
sniffing,33660,33594,33660,66
walking,33711,33660,33711,51
climbing,33813,33711,33813,102
walking,33828,33813,33828,15
sniffing,33893,33828,33893,65
left_turning,33935,33893,33935,42
walking,33940,33935,33940,5
sniffing,34002,33940,34002,62
rising,34052,34002,34052,50
climbing,34068,34052,34068,16
rising,34204,34068,34204,136
climbing,34205,34204,34205,1
rearing,34329,34205,34329,124
grooming,34393,34329,34393,64
rearing,34394,34393,34394,1
grooming,34514,34394,34514,120
sniffing,34532,34514,34532,18
left_turning,34544,34532,34544,12
sniffing,34632,34544,34632,88
rising,34633,34632,34633,1
climbing,34684,34633,34684,51
rearing,34700,34684,34700,16
rising,34714,34700,34714,14
sniffing,34772,34714,34772,58
left_turning,34773,34772,34773,1
walking,34800,34773,34800,27
climbing,34844,34800,34844,44
left_turning,34876,34844,34876,32
walking,34904,34876,34904,28
sniffing,34905,34904,34905,1
rising,34964,34905,34964,59
trotting,35002,34964,35002,38
walking,35015,35002,35015,13
sniffing,35097,35015,35097,82
left_turning,35110,35097,35110,13
sniffing,35111,35110,35111,1
climbing,35174,35111,35174,63
sniffing,35261,35174,35261,87
climbing,35271,35261,35271,10
walking,35348,35271,35348,77
sniffing,35502,35348,35502,154
left_turning,35503,35502,35503,1
sniffing,35614,35503,35614,111
climbing,35681,35614,35681,67
walking,35710,35681,35710,29
stepping,35818,35710,35818,108
walking,35834,35818,35834,16
sniffing,35835,35834,35835,1
trotting,35878,35835,35878,43
sniffing,35962,35878,35962,84
hunching,35967,35962,35967,5
climbing,35984,35967,35984,17
left_turning,35985,35984,35985,1
running,35986,35985,35986,1
trotting,36024,35986,36024,38
walking,36025,36024,36025,1
climbing,36041,36025,36041,16
sniffing,36058,36041,36058,17
running,36090,36058,36090,32
sniffing,36091,36090,36091,1
rising,36132,36091,36132,41
climbing,36158,36132,36158,26
hunching,36258,36158,36258,100
grooming,36312,36258,36312,54
rearing,36366,36312,36366,54
sniffing,36429,36366,36429,63
rising,36513,36429,36513,84
climbing,36556,36513,36556,43
rising,36557,36556,36557,1
sniffing,36558,36557,36558,1
grooming,36927,36558,36927,369
sniffing,36928,36927,36928,1
left_turning,36929,36928,36929,1
sniffing,36930,36929,36930,1
rising,36957,36930,36957,27
right_turning,36969,36957,36969,12
walking,36980,36969,36980,11
sniffing,37044,36980,37044,64
rearing,37045,37044,37045,1
sniffing,37067,37045,37067,22
left_turning,37081,37067,37081,14
sniffing,37114,37081,37114,33
running,37150,37114,37150,36
walking,37253,37150,37253,103
rearing,37342,37253,37342,89
sniffing,37359,37342,37359,17
hunching,37360,37359,37360,1
grooming,37787,37360,37787,427
rearing,37836,37787,37836,49
grooming,37997,37836,37997,161
sniffing,38130,37997,38130,133
running,38156,38130,38156,26
sniffing,38375,38156,38375,219
walking,38392,38375,38392,17
sniffing,38481,38392,38481,89
rising,38523,38481,38523,42
jumping,38579,38523,38579,56
sniffing,38660,38579,38660,81
climbing,38710,38660,38710,50
left_turning,38766,38710,38766,56
walking,38767,38766,38767,1
stepping,38772,38767,38772,5
walking,38773,38772,38773,1
left_turning,38790,38773,38790,17
walking,38905,38790,38905,115
stepping,38950,38905,38950,45
sniffing,39024,38950,39024,74
stepping,39025,39024,39025,1
hunching,39130,39025,39130,105
grooming,39131,39130,39131,1
sniffing,39207,39131,39207,76
left_turning,39311,39207,39311,104
sniffing,39314,39311,39314,3
stepping,39330,39314,39330,16
walking,39335,39330,39335,5
sniffing,39336,39335,39336,1
hunching,39342,39336,39342,6
rearing,39343,39342,39343,1
left_turning,39364,39343,39364,21
sniffing,39372,39364,39372,8
left_turning,39408,39372,39408,36
sniffing,39514,39408,39514,106
rising,39515,39514,39515,1
rearing,39590,39515,39590,75
hunching,39675,39590,39675,85
rising,39679,39675,39679,4
rearing,39772,39679,39772,93
walking,39805,39772,39805,33
trotting,39828,39805,39828,23
sniffing,39864,39828,39864,36
rearing,39865,39864,39865,1
left_turning,39928,39865,39928,63
sniffing,39931,39928,39931,3
climbing,39939,39931,39939,8
rising,39972,39939,39972,33
climbing,40022,39972,40022,50
running,40046,40022,40046,24
walking,40080,40046,40080,34
climbing,40119,40080,40119,39
sniffing,40132,40119,40132,13
stepping,40172,40132,40172,40
sniffing,40246,40172,40246,74
rising,40247,40246,40247,1
climbing,40273,40247,40273,26
right_turning,40295,40273,40295,22
sniffing,40381,40295,40381,86
trotting,40442,40381,40442,61
climbing,40477,40442,40477,35
rising,40491,40477,40491,14
hunching,40542,40491,40542,51
sniffing,40582,40542,40582,40
rising,40618,40582,40618,36
sniffing,40657,40618,40657,39
climbing,40686,40657,40686,29
trotting,40729,40686,40729,43
walking,40757,40729,40757,28
sniffing,40824,40757,40824,67
rising,40880,40824,40880,56
climbing,40949,40880,40949,69
walking,41002,40949,41002,53
sniffing,41006,41002,41006,4
climbing,41047,41006,41047,41
trotting,41048,41047,41048,1
stepping,41072,41048,41072,24
rising,41347,41072,41347,275
sniffing,41377,41347,41377,30
rising,41378,41377,41378,1
climbing,41406,41378,41406,28
right_turning,41412,41406,41412,6
climbing,41490,41412,41490,78
hunching,41540,41490,41540,50
climbing,41586,41540,41586,46
sniffing,41587,41586,41587,1
climbing,41588,41587,41588,1
right_turning,41589,41588,41589,1
rising,41596,41589,41596,7
rearing,41648,41596,41648,52
climbing,41690,41648,41690,42
walking,41730,41690,41730,40
rising,41748,41730,41748,18
grooming,41749,41748,41749,1
rearing,41888,41749,41888,139
sniffing,41935,41888,41935,47
rising,41970,41935,41970,35
rearing,42199,41970,42199,229
grooming,42281,42199,42281,82
rising,42322,42281,42322,41
grooming,42514,42322,42514,192
sniffing,42560,42514,42560,46
left_turning,42622,42560,42622,62
trotting,42644,42622,42644,22
stepping,42654,42644,42654,10
walking,42660,42654,42660,6
rising,42661,42660,42661,1
sniffing,42699,42661,42699,38
walking,42700,42699,42700,1
right_turning,42738,42700,42738,38
walking,42790,42738,42790,52
rearing,42968,42790,42968,178
trotting,43013,42968,43013,45
left_turning,43037,43013,43037,24
walking,43052,43037,43052,15
trotting,43058,43052,43058,6
sniffing,43082,43058,43082,24
right_turning,43104,43082,43104,22
rising,43141,43104,43141,37
right_turning,43177,43141,43177,36
walking,43193,43177,43193,16
sniffing,43229,43193,43229,36
rising,43261,43229,43261,32
climbing,43262,43261,43262,1
rearing,43316,43262,43316,54
walking,43335,43316,43335,19
left_turning,43439,43335,43439,104
walking,43467,43439,43467,28
sniffing,43498,43467,43498,31
left_turning,43499,43498,43499,1
sniffing,43521,43499,43521,22
rising,43522,43521,43522,1
sniffing,43733,43522,43733,211
rearing,43734,43733,43734,1
rising,43782,43734,43782,48
climbing,43831,43782,43831,49
rearing,43914,43831,43914,83
walking,43948,43914,43948,34
sniffing,44015,43948,44015,67
walking,44037,44015,44037,22
rising,44049,44037,44049,12
grooming,44050,44049,44050,1
rising,44051,44050,44051,1
walking,44112,44051,44112,61
sniffing,44125,44112,44125,13
rising,44148,44125,44148,23
sniffing,44171,44148,44171,23
walking,44178,44171,44178,7
sniffing,44203,44178,44203,25
trotting,44218,44203,44218,15
sniffing,44272,44218,44272,54
climbing,44273,44272,44273,1
rising,44293,44273,44293,20
sniffing,44294,44293,44294,1
hunching,44317,44294,44317,23
sniffing,44336,44317,44336,19
left_turning,44441,44336,44441,105
rising,44608,44441,44608,167
sniffing,44631,44608,44631,23
left_turning,44657,44631,44657,26
sniffing,44731,44657,44731,74
rearing,44749,44731,44749,18
rising,44800,44749,44800,51
climbing,44817,44800,44817,17
grooming,44898,44817,44898,81
hunching,44899,44898,44899,1
sniffing,44976,44899,44976,77
left_turning,45032,44976,45032,56
rising,45087,45032,45087,55
left_turning,45145,45087,45145,58
sniffing,45179,45145,45179,34
walking,45224,45179,45224,45
sniffing,45234,45224,45234,10
left_turning,45250,45234,45250,16
sniffing,45256,45250,45256,6
trotting,45271,45256,45271,15
walking,45303,45271,45303,32
sniffing,45362,45303,45362,59
left_turning,45437,45362,45437,75
rising,45471,45437,45471,34
sniffing,45472,45471,45472,1
left_turning,45689,45472,45689,217
walking,45710,45689,45710,21
rearing,45725,45710,45725,15
sniffing,45774,45725,45774,49
running,45824,45774,45824,50
climbing,45867,45824,45867,43
walking,45894,45867,45894,27
left_turning,45895,45894,45895,1
walking,45924,45895,45924,29
sniffing,45925,45924,45925,1
left_turning,45993,45925,45993,68
rising,46000,45993,46000,7
walking,46042,46000,46042,42
sniffing,46164,46042,46164,122
hunching,46165,46164,46165,1
sniffing,46220,46165,46220,55
pausing,46397,46220,46397,177
sniffing,46494,46397,46494,97
right_turning,46500,46494,46500,6
sniffing,46575,46500,46575,75
walking,46612,46575,46612,37
rising,46707,46612,46707,95
left_turning,46735,46707,46735,28
trotting,46770,46735,46770,35
sniffing,46800,46770,46800,30
rising,46801,46800,46801,1
rearing,46898,46801,46898,97
climbing,46904,46898,46904,6
running,46938,46904,46938,34
trotting,47009,46938,47009,71
walking,47010,47009,47010,1
sniffing,47013,47010,47013,3
trotting,47017,47013,47017,4
rising,47079,47017,47079,62
walking,47113,47079,47113,34
sniffing,47180,47113,47180,67
rising,47214,47180,47214,34
trotting,47215,47214,47215,1
stepping,47224,47215,47224,9
sniffing,47300,47224,47300,76
trotting,47307,47300,47307,7
stepping,47373,47307,47373,66
walking,47405,47373,47405,32
climbing,47429,47405,47429,24
sniffing,47499,47429,47499,70
climbing,47608,47499,47608,109
walking,47609,47608,47609,1
sniffing,47620,47609,47620,11
left_turning,47627,47620,47627,7
walking,47634,47627,47634,7
sniffing,47646,47634,47646,12
climbing,47728,47646,47728,82
sniffing,47729,47728,47729,1
left_turning,47766,47729,47766,37
sniffing,47832,47766,47832,66
hunching,47906,47832,47906,74
sniffing,47913,47906,47913,7
walking,48011,47913,48011,98
sniffing,48085,48011,48085,74
trotting,48113,48085,48113,28
walking,48131,48113,48131,18
sniffing,48132,48131,48132,1
left_turning,48193,48132,48193,61
walking,48230,48193,48230,37
sniffing,48250,48230,48250,20
hunching,48289,48250,48289,39
stepping,48338,48289,48338,49
rearing,48339,48338,48339,1
sniffing,48380,48339,48380,41
trotting,48406,48380,48406,26
stepping,48441,48406,48441,35
trotting,48475,48441,48475,34
walking,48510,48475,48510,35
sniffing,48563,48510,48563,53
left_turning,48627,48563,48627,64
rising,48710,48627,48710,83
walking,48723,48710,48723,13
sniffing,48724,48723,48724,1
pausing,48833,48724,48833,109
sniffing,48893,48833,48893,60
climbing,48903,48893,48903,10
rearing,48979,48903,48979,76
sniffing,49017,48979,49017,38
rising,49053,49017,49053,36
trotting,49081,49053,49081,28
walking,49116,49081,49116,35
sniffing,49168,49116,49168,52
grooming,49399,49168,49399,231
sniffing,49455,49399,49455,56
climbing,49460,49455,49460,5
sniffing,49532,49460,49532,72
climbing,49536,49532,49536,4
walking,49545,49536,49545,9
sniffing,49676,49545,49676,131
left_turning,49677,49676,49677,1
sniffing,49678,49677,49678,1
pausing,49888,49678,49888,210
sniffing,49889,49888,49889,1
left_turning,49965,49889,49965,76
sniffing,50020,49965,50020,55
rising,50069,50020,50069,49
sniffing,50114,50069,50114,45
left_turning,50150,50114,50150,36
sniffing,50151,50150,50151,1
rising,50162,50151,50162,11
climbing,50236,50162,50236,74
walking,50259,50236,50259,23
left_turning,50279,50259,50279,20
sniffing,50352,50279,50352,73
walking,50365,50352,50365,13
climbing,50393,50365,50393,28
sniffing,50462,50393,50462,69
walking,50540,50462,50540,78
rising,50647,50540,50647,107
sniffing,50681,50647,50681,34
grooming,50919,50681,50919,238
rearing,51022,50919,51022,103
rising,51059,51022,51059,37
left_turning,51060,51059,51060,1
walking,51112,51060,51112,52
sniffing,51132,51112,51132,20
rising,51175,51132,51175,43
rearing,51176,51175,51176,1
sniffing,51187,51176,51187,11
left_turning,51238,51187,51238,51
sniffing,51441,51238,51441,203
climbing,51512,51441,51512,71
sniffing,51567,51512,51567,55
rising,51592,51567,51592,25
hunching,51692,51592,51692,100
sniffing,51693,51692,51693,1
left_turning,51729,51693,51729,36
sniffing,51739,51729,51739,10
rising,51759,51739,51759,20
climbing,51851,51759,51851,92
trotting,51860,51851,51860,9
stepping,51864,51860,51864,4
trotting,51886,51864,51886,22
rising,51973,51886,51973,87
sniffing,52150,51973,52150,177
rising,52176,52150,52176,26
climbing,52187,52176,52187,11
hunching,52257,52187,52257,70
sniffing,52273,52257,52273,16
walking,52312,52273,52312,39
sniffing,52370,52312,52370,58
rising,52398,52370,52398,28
climbing,52465,52398,52465,67
rising,52528,52465,52528,63
climbing,52549,52528,52549,21
running,52583,52549,52583,34
walking,52663,52583,52663,80
sniffing,52797,52663,52797,134
climbing,52851,52797,52851,54
rising,52892,52851,52892,41
climbing,52895,52892,52895,3
sniffing,52943,52895,52943,48
climbing,52991,52943,52991,48
sniffing,53018,52991,53018,27
rising,53037,53018,53037,19
left_turning,53047,53037,53047,10
walking,53085,53047,53085,38
trotting,53113,53085,53113,28
rising,53114,53113,53114,1
climbing,53129,53114,53129,15
right_turning,53130,53129,53130,1
stepping,53169,53130,53169,39
walking,53195,53169,53195,26
stepping,53210,53195,53210,15
left_turning,53211,53210,53211,1
sniffing,53212,53211,53212,1
walking,53243,53212,53243,31
right_turning,53274,53243,53274,31
walking,53311,53274,53311,37
sniffing,53312,53311,53312,1
trotting,53321,53312,53321,9
stepping,53341,53321,53341,20
sniffing,53353,53341,53353,12
left_turning,53361,53353,53361,8
sniffing,53391,53361,53391,30
rising,53460,53391,53460,69
climbing,53576,53460,53576,116
sniffing,53588,53576,53588,12
right_turning,53604,53588,53604,16
sniffing,53678,53604,53678,74
walking,53697,53678,53697,19
sniffing,53805,53697,53805,108
hunching,53806,53805,53806,1
grooming,53957,53806,53957,151
rearing,53958,53957,53958,1
sniffing,53959,53958,53959,1
right_turning,53975,53959,53975,16
walking,53986,53975,53986,11
left_turning,53989,53986,53989,3
sniffing,54046,53989,54046,57
walking,54047,54046,54047,1
sniffing,54080,54047,54080,33
left_turning,54127,54080,54127,47
walking,54133,54127,54133,6
sniffing,54184,54133,54184,51
climbing,54234,54184,54234,50
grooming,54235,54234,54235,1
trotting,54294,54235,54294,59
sniffing,54295,54294,54295,1
stepping,54337,54295,54337,42
right_turning,54340,54337,54340,3
rising,54410,54340,54410,70
climbing,54432,54410,54432,22
rearing,54486,54432,54486,54
climbing,54514,54486,54514,28
rising,54515,54514,54515,1
climbing,54516,54515,54516,1
rearing,54711,54516,54711,195
rising,54712,54711,54712,1
walking,54760,54712,54760,48
stepping,54779,54760,54779,19
walking,54785,54779,54785,6
rising,54790,54785,54790,5
climbing,54859,54790,54859,69
sniffing,54888,54859,54888,29
rising,54889,54888,54889,1
hunching,54914,54889,54914,25
walking,54915,54914,54915,1
climbing,54921,54915,54921,6
rising,54971,54921,54971,50
climbing,54989,54971,54989,18
trotting,55043,54989,55043,54
sniffing,55052,55043,55052,9
rising,55123,55052,55123,71
climbing,55133,55123,55133,10
walking,55173,55133,55173,40
climbing,55203,55173,55203,30
rearing,55248,55203,55248,45
grooming,55549,55248,55549,301
walking,55553,55549,55553,4
stepping,55581,55553,55581,28
sniffing,55614,55581,55614,33
walking,55635,55614,55635,21
trotting,55648,55635,55648,13
walking,55666,55648,55666,18
sniffing,55667,55666,55667,1
climbing,55696,55667,55696,29
grooming,55823,55696,55823,127
climbing,55876,55823,55876,53
walking,55877,55876,55877,1
rearing,55916,55877,55916,39
right_turning,55933,55916,55933,17
hunching,55980,55933,55980,47
rearing,55981,55980,55981,1
hunching,56065,55981,56065,84
rearing,56140,56065,56140,75
climbing,56145,56140,56145,5
hunching,56170,56145,56170,25
grooming,56868,56170,56868,698
climbing,56917,56868,56917,49
walking,56947,56917,56947,30
climbing,57012,56947,57012,65
running,57034,57012,57034,22
trotting,57053,57034,57053,19
stepping,57085,57053,57085,32
sniffing,57173,57085,57173,88
walking,57214,57173,57214,41
sniffing,57228,57214,57228,14
running,57254,57228,57254,26
sniffing,57345,57254,57345,91
hunching,57368,57345,57368,23
grooming,57466,57368,57466,98
climbing,57519,57466,57519,53
right_turning,57520,57519,57520,1
trotting,57535,57520,57535,15
walking,57565,57535,57565,30
sniffing,57615,57565,57615,50
rising,57738,57615,57738,123
sniffing,57761,57738,57761,23
rising,57774,57761,57774,13
climbing,57807,57774,57807,33
rising,57813,57807,57813,6
sniffing,57814,57813,57814,1
climbing,57818,57814,57818,4
sniffing,57874,57818,57874,56
trotting,57901,57874,57901,27
stepping,57931,57901,57931,30
climbing,57947,57931,57947,16
sniffing,58003,57947,58003,56
rising,58065,58003,58065,62
sniffing,58109,58065,58109,44
trotting,58155,58109,58155,46
left_turning,58196,58155,58196,41
walking,58211,58196,58211,15
rising,58280,58211,58280,69
right_turning,58308,58280,58308,28
sniffing,58403,58308,58403,95
rising,58414,58403,58414,11
left_turning,58415,58414,58415,1
sniffing,58446,58415,58446,31
climbing,58501,58446,58501,55
right_turning,58510,58501,58510,9
walking,58530,58510,58530,20
left_turning,58558,58530,58558,28
rising,58559,58558,58559,1
sniffing,58587,58559,58587,28
left_turning,58590,58587,58590,3
trotting,58613,58590,58613,23
walking,58673,58613,58673,60
sniffing,58731,58673,58731,58
rearing,58871,58731,58871,140
sniffing,58872,58871,58872,1
right_turning,58886,58872,58886,14
walking,58918,58886,58918,32
sniffing,58967,58918,58967,49
stepping,58992,58967,58992,25
walking,59054,58992,59054,62
trotting,59102,59054,59102,48
sniffing,59105,59102,59105,3
trotting,59118,59105,59118,13
walking,59141,59118,59141,23
trotting,59153,59141,59153,12
rearing,59171,59153,59171,18
left_turning,59236,59171,59236,65
walking,59247,59236,59247,11
sniffing,59264,59247,59264,17
walking,59287,59264,59287,23
sniffing,59344,59287,59344,57
walking,59355,59344,59355,11
sniffing,59368,59355,59368,13
climbing,59369,59368,59369,1
sniffing,59393,59369,59393,24
rising,59394,59393,59394,1
sniffing,59415,59394,59415,21
stepping,59462,59415,59462,47
rising,59463,59462,59463,1
walking,59464,59463,59464,1
rising,59521,59464,59521,57
rearing,59522,59521,59522,1
climbing,59540,59522,59540,18
right_turning,59541,59540,59541,1
stepping,59580,59541,59580,39
sniffing,59581,59580,59581,1
walking,59604,59581,59604,23
sniffing,59657,59604,59657,53
rising,59658,59657,59658,1
sniffing,59659,59658,59659,1
hunching,59685,59659,59685,26
right_turning,59686,59685,59686,1
hunching,59753,59686,59753,67
sniffing,59794,59753,59794,41
left_turning,59795,59794,59795,1
hunching,59851,59795,59851,56
climbing,59945,59851,59945,94
grooming,59946,59945,59946,1
rearing,60063,59946,60063,117
sniffing,60075,60063,60075,12
grooming,60105,60075,60105,30
walking,60129,60105,60129,24
rising,60197,60129,60197,68
climbing,60236,60197,60236,39
grooming,60880,60236,60880,644
rearing,60881,60880,60881,1
sniffing,60890,60881,60890,9
walking,60969,60890,60969,79
rearing,61013,60969,61013,44
walking,61047,61013,61047,34
sniffing,61048,61047,61048,1
rearing,61070,61048,61070,22
rising,61071,61070,61071,1
walking,61089,61071,61089,18
sniffing,61104,61089,61104,15
trotting,61116,61104,61116,12
walking,61192,61116,61192,76
stepping,61212,61192,61212,20
trotting,61234,61212,61234,22
walking,61267,61234,61267,33
rising,61268,61267,61268,1
rearing,61280,61268,61280,12
sniffing,61346,61280,61346,66
trotting,61360,61346,61360,14
stepping,61410,61360,61410,50
climbing,61461,61410,61461,51
sniffing,61621,61461,61621,160
climbing,61647,61621,61647,26
hunching,61682,61647,61682,35
climbing,61702,61682,61702,20
rising,61712,61702,61712,10
hunching,61764,61712,61764,52
climbing,61853,61764,61853,89
sniffing,61896,61853,61896,43
rearing,61983,61896,61983,87
rising,61984,61983,61984,1
climbing,61985,61984,61985,1
right_turning,62009,61985,62009,24
walking,62051,62009,62051,42
sniffing,62086,62051,62086,35
left_turning,62107,62086,62107,21
rearing,62198,62107,62198,91
climbing,62237,62198,62237,39
left_turning,62245,62237,62245,8
trotting,62281,62245,62281,36
walking,62314,62281,62314,33
sniffing,62354,62314,62354,40
right_turning,62375,62354,62375,21
hunching,62489,62375,62489,114
sniffing,62515,62489,62515,26
left_turning,62563,62515,62563,48
trotting,62567,62563,62567,4
left_turning,62603,62567,62603,36
sniffing,62730,62603,62730,127
left_turning,62770,62730,62770,40
trotting,62802,62770,62802,32
stepping,62841,62802,62841,39
sniffing,62842,62841,62842,1
rising,62848,62842,62848,6
walking,62860,62848,62860,12
sniffing,62861,62860,62861,1
stepping,62915,62861,62915,54
walking,62937,62915,62937,22
sniffing,63041,62937,63041,104
walking,63047,63041,63047,6
stepping,63072,63047,63072,25
rising,63137,63072,63137,65
right_turning,63160,63137,63160,23
running,63172,63160,63172,12
sniffing,63244,63172,63244,72
stepping,63283,63244,63283,39
walking,63297,63283,63297,14
rising,63325,63297,63325,28
climbing,63418,63325,63418,93
sniffing,63484,63418,63484,66
walking,63502,63484,63502,18
sniffing,63569,63502,63569,67
rising,63693,63569,63693,124
sniffing,63770,63693,63770,77
walking,63783,63770,63783,13
left_turning,63804,63783,63804,21
walking,63825,63804,63825,21
sniffing,63832,63825,63832,7
rising,63934,63832,63934,102
climbing,63941,63934,63941,7
walking,63976,63941,63976,35
climbing,64024,63976,64024,48
rising,64058,64024,64058,34
sniffing,64132,64058,64132,74
left_turning,64133,64132,64133,1
sniffing,64134,64133,64134,1
stepping,64198,64134,64198,64
climbing,64222,64198,64222,24
running,64236,64222,64236,14
right_turning,64282,64236,64282,46
rising,64324,64282,64324,42
sniffing,64387,64324,64387,63
rising,64419,64387,64419,32
sniffing,64480,64419,64480,61
rearing,64506,64480,64506,26
grooming,64642,64506,64642,136
left_turning,64674,64642,64674,32
sniffing,64675,64674,64675,1
right_turning,64703,64675,64703,28
trotting,64718,64703,64718,15
grooming,65603,64718,65603,885
climbing,65635,65603,65635,32
rearing,65699,65635,65699,64
trotting,65718,65699,65718,19
hunching,65825,65718,65825,107
grooming,66266,65825,66266,441
climbing,66317,66266,66317,51
sniffing,66453,66317,66453,136
pausing,66602,66453,66602,149
sniffing,66647,66602,66647,45
right_turning,66648,66647,66648,1
climbing,66711,66648,66711,63
sniffing,66712,66711,66712,1
rising,66816,66712,66816,104
rearing,66989,66816,66989,173
rising,67078,66989,67078,89
sniffing,67089,67078,67089,11
climbing,67203,67089,67203,114
sniffing,67275,67203,67275,72
grooming,67276,67275,67276,1
hunching,67327,67276,67327,51
grooming,67328,67327,67328,1
left_turning,67428,67328,67428,100
walking,67469,67428,67469,41
rising,67498,67469,67498,29
grooming,67644,67498,67644,146
climbing,67738,67644,67738,94
left_turning,67739,67738,67739,1
walking,67740,67739,67740,1
sniffing,67743,67740,67743,3
rising,67744,67743,67744,1
climbing,67821,67744,67821,77
sniffing,67910,67821,67910,89
walking,67911,67910,67911,1
left_turning,68004,67911,68004,93
sniffing,68062,68004,68062,58
left_turning,68065,68062,68065,3
trotting,68076,68065,68076,11
sniffing,68077,68076,68077,1
walking,68104,68077,68104,27
climbing,68122,68104,68122,18
rising,68136,68122,68136,14
sniffing,68144,68136,68144,8
climbing,68148,68144,68148,4
sniffing,68297,68148,68297,149
walking,68331,68297,68331,34
sniffing,68422,68331,68422,91
rising,68468,68422,68468,46
climbing,68474,68468,68474,6
walking,68531,68474,68531,57
sniffing,68662,68531,68662,131
walking,68663,68662,68663,1
left_turning,68681,68663,68681,18
trotting,68684,68681,68684,3
sniffing,68698,68684,68698,14
running,68742,68698,68742,44
walking,68766,68742,68766,24
sniffing,68821,68766,68821,55
rising,68829,68821,68829,8
climbing,68899,68829,68899,70
rising,68930,68899,68930,31
climbing,68967,68930,68967,37
rising,68968,68967,68968,1
climbing,69040,68968,69040,72
right_turning,69060,69040,69060,20
running,69088,69060,69088,28
trotting,69131,69088,69131,43
sniffing,69241,69131,69241,110
walking,69242,69241,69242,1
left_turning,69310,69242,69310,68
sniffing,69399,69310,69399,89
walking,69456,69399,69456,57
grooming,69913,69456,69913,457
sniffing,69914,69913,69914,1
walking,69958,69914,69958,44
trotting,69962,69958,69962,4
rising,69989,69962,69989,27
trotting,70007,69989,70007,18
sniffing,70008,70007,70008,1
walking,70032,70008,70032,24
climbing,70163,70032,70163,131
sniffing,70192,70163,70192,29
rising,70193,70192,70193,1
sniffing,70194,70193,70194,1
trotting,70226,70194,70226,32
walking,70253,70226,70253,27
stepping,70332,70253,70332,79
walking,70365,70332,70365,33
sniffing,70366,70365,70366,1
climbing,70443,70366,70443,77
rising,70493,70443,70493,50
climbing,70546,70493,70546,53
right_turning,70547,70546,70547,1
walking,70565,70547,70565,18
rising,70566,70565,70566,1
climbing,70634,70566,70634,68
trotting,70636,70634,70636,2
rising,70637,70636,70637,1
climbing,70708,70637,70708,71
running,70744,70708,70744,36
walking,70780,70744,70780,36
sniffing,70781,70780,70781,1
walking,70815,70781,70815,34
stepping,70842,70815,70842,27
left_turning,70847,70842,70847,5
sniffing,70848,70847,70848,1
left_turning,70936,70848,70936,88
hunching,70937,70936,70937,1
running,70985,70937,70985,48
stepping,71016,70985,71016,31
trotting,71022,71016,71022,6
rising,71023,71022,71023,1
sniffing,71044,71023,71044,21
rising,71047,71044,71047,3
climbing,71053,71047,71053,6
hunching,71054,71053,71054,1
right_turning,71074,71054,71074,20
trotting,71127,71074,71127,53
right_turning,71146,71127,71146,19
walking,71188,71146,71188,42
sniffing,71189,71188,71189,1
climbing,71190,71189,71190,1
right_turning,71216,71190,71216,26
walking,71226,71216,71226,10
climbing,71270,71226,71270,44
walking,71331,71270,71331,61
sniffing,71335,71331,71335,4
rearing,71486,71335,71486,151
stepping,71487,71486,71487,1
sniffing,71538,71487,71538,51
walking,71576,71538,71576,38
right_turning,71602,71576,71602,26
walking,71647,71602,71647,45
sniffing,71663,71647,71663,16
right_turning,71696,71663,71696,33
trotting,71710,71696,71710,14
walking,71757,71710,71757,47
sniffing,71823,71757,71823,66
rising,71889,71823,71889,66
climbing,71896,71889,71896,7
trotting,71908,71896,71908,12
sniffing,72011,71908,72011,103
trotting,72074,72011,72074,63
walking,72080,72074,72080,6
sniffing,72101,72080,72101,21
walking,72157,72101,72157,56
sniffing,72158,72157,72158,1
walking,72192,72158,72192,34
sniffing,72193,72192,72193,1
walking,72228,72193,72228,35
climbing,72259,72228,72259,31
right_turning,72282,72259,72282,23
running,72319,72282,72319,37
walking,72368,72319,72368,49
sniffing,72392,72368,72392,24
rising,72393,72392,72393,1
sniffing,72409,72393,72409,16
pausing,72560,72409,72560,151
sniffing,72561,72560,72561,1
trotting,72581,72561,72581,20
sniffing,72664,72581,72664,83
rising,72675,72664,72675,11
sniffing,72702,72675,72702,27
left_turning,72723,72702,72723,21
walking,72739,72723,72739,16
sniffing,72855,72739,72855,116
walking,72866,72855,72866,11
sniffing,72976,72866,72976,110
climbing,73050,72976,73050,74
rearing,73051,73050,73051,1
walking,73055,73051,73055,4
rising,73078,73055,73078,23
climbing,73083,73078,73083,5
rising,73084,73083,73084,1
sniffing,73128,73084,73128,44
rising,73172,73128,73172,44
sniffing,73173,73172,73173,1
left_turning,73174,73173,73174,1
climbing,73184,73174,73184,10
sniffing,73217,73184,73217,33
rising,73219,73217,73219,2
left_turning,73250,73219,73250,31
sniffing,73281,73250,73281,31
stepping,73295,73281,73295,14
rearing,73343,73295,73343,48
grooming,73404,73343,73404,61
sniffing,73442,73404,73442,38
stepping,73467,73442,73467,25
rising,73482,73467,73482,15
climbing,73521,73482,73521,39
walking,73560,73521,73560,39
sniffing,73626,73560,73626,66
hunching,73627,73626,73627,1
walking,73628,73627,73628,1
sniffing,73659,73628,73659,31
left_turning,73674,73659,73674,15
sniffing,73675,73674,73675,1
left_turning,73676,73675,73676,1
sniffing,73754,73676,73754,78
trotting,73755,73754,73755,1
walking,73818,73755,73818,63
left_turning,73888,73818,73888,70
sniffing,73923,73888,73923,35
walking,73980,73923,73980,57
left_turning,74041,73980,74041,61
sniffing,74106,74041,74106,65
trotting,74107,74106,74107,1
sniffing,74155,74107,74155,48
right_turning,74171,74155,74171,16
running,74196,74171,74196,25
left_turning,74197,74196,74197,1
walking,74218,74197,74218,21
sniffing,74242,74218,74242,24
right_turning,74257,74242,74257,15
walking,74302,74257,74302,45
stepping,74333,74302,74333,31
sniffing,74353,74333,74353,20
stepping,74360,74353,74360,7
walking,74379,74360,74379,19
stepping,74380,74379,74380,1
right_turning,74409,74380,74409,29
sniffing,74466,74409,74466,57
rising,74493,74466,74493,27
walking,74569,74493,74569,76
climbing,74608,74569,74608,39
stepping,74609,74608,74609,1
walking,74616,74609,74616,7
sniffing,74656,74616,74656,40
trotting,74683,74656,74683,27
rearing,74695,74683,74695,12
rising,74696,74695,74696,1
rearing,74722,74696,74722,26
hunching,74723,74722,74723,1
climbing,74753,74723,74753,30
sniffing,74811,74753,74811,58
walking,74842,74811,74842,31
sniffing,74923,74842,74923,81
rising,74963,74923,74963,40
climbing,74991,74963,74991,28
sniffing,75035,74991,75035,44
walking,75036,75035,75036,1
sniffing,75037,75036,75037,1
climbing,75039,75037,75039,2
rearing,75040,75039,75040,1
walking,75072,75040,75072,32
right_turning,75106,75072,75106,34
walking,75173,75106,75173,67
sniffing,75174,75173,75174,1
walking,75188,75174,75188,14
rearing,75287,75188,75287,99
grooming,75296,75287,75296,9
left_turning,75325,75296,75325,29
sniffing,75364,75325,75364,39
right_turning,75413,75364,75413,49
walking,75438,75413,75438,25
sniffing,75463,75438,75463,25
rising,75485,75463,75485,22
sniffing,75500,75485,75500,15
climbing,75530,75500,75530,30
trotting,75595,75530,75595,65
rising,75596,75595,75596,1
climbing,75603,75596,75603,7
stepping,75615,75603,75615,12
left_turning,75823,75615,75823,208
sniffing,75832,75823,75832,9
rearing,75926,75832,75926,94
climbing,75966,75926,75966,40
sniffing,76069,75966,76069,103
walking,76117,76069,76117,48
sniffing,76158,76117,76158,41
walking,76159,76158,76159,1
sniffing,76209,76159,76209,50
hunching,76255,76209,76255,46
rising,76256,76255,76256,1
walking,76267,76256,76267,11
sniffing,76268,76267,76268,1
left_turning,76317,76268,76317,49
climbing,76400,76317,76400,83
walking,76430,76400,76430,30
trotting,76434,76430,76434,4
walking,76459,76434,76459,25
sniffing,76491,76459,76491,32
rearing,76492,76491,76492,1
stepping,76521,76492,76521,29
right_turning,76522,76521,76522,1
walking,76539,76522,76539,17
climbing,76613,76539,76613,74
sniffing,76835,76613,76835,222
walking,76836,76835,76836,1
sniffing,76837,76836,76837,1
grooming,76838,76837,76838,1
rearing,76887,76838,76887,49
sniffing,76975,76887,76975,88
walking,77016,76975,77016,41
sniffing,77017,77016,77017,1
rearing,77031,77017,77031,14
sniffing,77032,77031,77032,1
right_turning,77065,77032,77065,33
walking,77091,77065,77091,26
sniffing,77105,77091,77105,14
rising,77193,77105,77193,88
sniffing,77224,77193,77224,31
rising,77256,77224,77256,32
sniffing,77273,77256,77273,17
rising,77280,77273,77280,7
left_turning,77358,77280,77358,78
sniffing,77492,77358,77492,134
pausing,77641,77492,77641,149
sniffing,77687,77641,77687,46
left_turning,77816,77687,77816,129
rising,77821,77816,77821,5
sniffing,77878,77821,77878,57
rising,77952,77878,77952,74
climbing,77999,77952,77999,47
rearing,78023,77999,78023,24
walking,78041,78023,78041,18
rising,78060,78041,78060,19
climbing,78138,78060,78138,78
sniffing,78224,78138,78224,86
walking,78250,78224,78250,26
climbing,78273,78250,78273,23
left_turning,78344,78273,78344,71
rising,78370,78344,78370,26
walking,78431,78370,78431,61
rising,78571,78431,78571,140
rearing,78582,78571,78582,11
walking,78618,78582,78618,36
sniffing,78619,78618,78619,1
trotting,78649,78619,78649,30
sniffing,78719,78649,78719,70
walking,78794,78719,78794,75
climbing,78849,78794,78849,55
sniffing,78854,78849,78854,5
rising,78874,78854,78874,20
climbing,78940,78874,78940,66
right_turning,78958,78940,78958,18
climbing,78981,78958,78981,23
rearing,78990,78981,78990,9
grooming,79061,78990,79061,71
right_turning,79078,79061,79078,17
stepping,79184,79078,79184,106
left_turning,79228,79184,79228,44
walking,79229,79228,79229,1
sniffing,79286,79229,79286,57
climbing,79329,79286,79329,43
rearing,79348,79329,79348,19
grooming,79366,79348,79366,18
sniffing,79487,79366,79487,121
rising,79580,79487,79580,93
sniffing,79643,79580,79643,63
left_turning,79690,79643,79690,47
sniffing,79691,79690,79691,1
pausing,79841,79691,79841,150
sniffing,79842,79841,79842,1
walking,79859,79842,79859,17
sniffing,79914,79859,79914,55
trotting,79955,79914,79955,41
sniffing,80109,79955,80109,154
rising,80120,80109,80120,11
sniffing,80141,80120,80141,21
climbing,80177,80141,80177,36
sniffing,80296,80177,80296,119
left_turning,80308,80296,80308,12
sniffing,80320,80308,80320,12
rearing,80321,80320,80321,1
sniffing,80473,80321,80473,152
right_turning,80493,80473,80493,20
walking,80550,80493,80550,57
sniffing,80551,80550,80551,1
rising,80559,80551,80559,8
sniffing,80560,80559,80560,1
left_turning,80561,80560,80561,1
walking,80598,80561,80598,37
left_turning,80639,80598,80639,41
walking,80657,80639,80657,18
rearing,80658,80657,80658,1
trotting,80665,80658,80665,7
sniffing,80666,80665,80666,1
left_turning,80667,80666,80667,1
sniffing,80722,80667,80722,55
stepping,80723,80722,80723,1
rising,80746,80723,80746,23
rearing,80848,80746,80848,102
trotting,80872,80848,80872,24
walking,80904,80872,80904,32
climbing,80924,80904,80924,20
sniffing,80967,80924,80967,43
left_turning,81027,80967,81027,60
walking,81109,81027,81109,82
sniffing,81176,81109,81176,67
climbing,81208,81176,81208,32
right_turning,81230,81208,81230,22
sniffing,81231,81230,81231,1
rising,81287,81231,81287,56
climbing,81333,81287,81333,46
rising,81334,81333,81334,1
climbing,81390,81334,81390,56
hunching,81414,81390,81414,24
rising,81559,81414,81559,145
climbing,81560,81559,81560,1
rising,81692,81560,81692,132
grooming,81697,81692,81697,5
rearing,81785,81697,81785,88
hunching,81805,81785,81805,20
climbing,81889,81805,81889,84
sniffing,81914,81889,81914,25
trotting,81934,81914,81934,20
running,81965,81934,81965,31
left_turning,81978,81965,81978,13
sniffing,82036,81978,82036,58
rising,82081,82036,82081,45
climbing,82111,82081,82111,30
walking,82149,82111,82149,38
sniffing,82243,82149,82243,94
right_turning,82268,82243,82268,25
trotting,82298,82268,82298,30
rising,82359,82298,82359,61
sniffing,82426,82359,82426,67
walking,82455,82426,82455,29
stepping,82480,82455,82480,25
left_turning,82484,82480,82484,4
sniffing,82516,82484,82516,32
stepping,82524,82516,82524,8
sniffing,82540,82524,82540,16
climbing,82589,82540,82589,49
running,82591,82589,82591,2
left_turning,82666,82591,82666,75
walking,82667,82666,82667,1
left_turning,82697,82667,82697,30
sniffing,82805,82697,82805,108
left_turning,82827,82805,82827,22
sniffing,82927,82827,82927,100
walking,82976,82927,82976,49
sniffing,83066,82976,83066,90
hunching,83084,83066,83084,18
grooming,83213,83084,83213,129
climbing,83252,83213,83252,39
right_turning,83286,83252,83286,34
left_turning,83287,83286,83287,1
rising,83315,83287,83315,28
sniffing,83398,83315,83398,83
rising,83417,83398,83417,19
hunching,83418,83417,83418,1
grooming,83691,83418,83691,273
climbing,83692,83691,83692,1
grooming,83702,83692,83702,10
climbing,83782,83702,83782,80
grooming,84060,83782,84060,278
climbing,84093,84060,84093,33
running,84132,84093,84132,39
stepping,84143,84132,84143,11
left_turning,84231,84143,84231,88
walking,84308,84231,84308,77
sniffing,84309,84308,84309,1
left_turning,84327,84309,84327,18
sniffing,84328,84327,84328,1
rising,84338,84328,84338,10
climbing,84376,84338,84376,38
rearing,84442,84376,84442,66
sniffing,84497,84442,84497,55
walking,84512,84497,84512,15
sniffing,84606,84512,84606,94
rising,84645,84606,84645,39
climbing,84681,84645,84681,36
grooming,84980,84681,84980,299
sniffing,85029,84980,85029,49
left_turning,85052,85029,85052,23
walking,85089,85052,85089,37
trotting,85118,85089,85118,29
walking,85185,85118,85185,67
trotting,85204,85185,85204,19
rising,85252,85204,85252,48
walking,85309,85252,85309,57
rearing,85463,85309,85463,154
rising,85504,85463,85504,41
sniffing,85538,85504,85538,34
left_turning,85541,85538,85541,3
walking,85589,85541,85589,48
sniffing,85590,85589,85590,1
rearing,85666,85590,85666,76
walking,85669,85666,85669,3
right_turning,85685,85669,85685,16
walking,85722,85685,85722,37
stepping,85756,85722,85756,34
rearing,85901,85756,85901,145
climbing,85976,85901,85976,75
rising,86036,85976,86036,60
sniffing,86093,86036,86093,57
rising,86094,86093,86094,1
grooming,86331,86094,86331,237
hunching,86405,86331,86405,74
sniffing,86436,86405,86436,31
walking,86460,86436,86460,24
rising,86476,86460,86476,16
sniffing,86648,86476,86648,172
rising,86649,86648,86649,1
sniffing,86679,86649,86679,30
rising,86727,86679,86727,48
sniffing,86802,86727,86802,75
left_turning,86803,86802,86803,1
stepping,86857,86803,86857,54
trotting,86868,86857,86868,11
walking,86869,86868,86869,1
sniffing,86913,86869,86913,44
walking,86971,86913,86971,58
rising,86993,86971,86993,22
rearing,87134,86993,87134,141
rising,87249,87134,87249,115
sniffing,87250,87249,87250,1
walking,87306,87250,87306,56
rising,87345,87306,87345,39
climbing,87392,87345,87392,47
sniffing,87424,87392,87424,32
rearing,87440,87424,87440,16
sniffing,87467,87440,87467,27
climbing,87526,87467,87526,59
sniffing,87527,87526,87527,1
right_turning,87548,87527,87548,21
stepping,87596,87548,87596,48
walking,87599,87596,87599,3
rising,87619,87599,87619,20
right_turning,87662,87619,87662,43
trotting,87692,87662,87692,30
sniffing,87727,87692,87727,35
hunching,87784,87727,87784,57
right_turning,87789,87784,87789,5
rising,87790,87789,87790,1
climbing,87834,87790,87834,44
walking,87871,87834,87871,37
stepping,87906,87871,87906,35
walking,87910,87906,87910,4
sniffing,87986,87910,87986,76
rising,88040,87986,88040,54
sniffing,88046,88040,88046,6
rising,88087,88046,88087,41
sniffing,88120,88087,88120,33
climbing,88121,88120,88121,1
rising,88155,88121,88155,34
sniffing,88238,88155,88238,83
rising,88239,88238,88239,1
sniffing,88262,88239,88262,23
grooming,88499,88262,88499,237
hunching,88568,88499,88568,69
rearing,88628,88568,88628,60
walking,88667,88628,88667,39
left_turning,88668,88667,88668,1
walking,88669,88668,88669,1
stepping,88692,88669,88692,23
sniffing,88730,88692,88730,38
rising,88749,88730,88749,19
sniffing,88750,88749,88750,1
right_turning,88756,88750,88756,6
trotting,88796,88756,88796,40
rearing,88815,88796,88815,19
sniffing,88816,88815,88816,1
stepping,88866,88816,88866,50
left_turning,88931,88866,88931,65
sniffing,88973,88931,88973,42
trotting,88974,88973,88974,1
sniffing,89056,88974,89056,82
pausing,89347,89056,89347,291
sniffing,89348,89347,89348,1
left_turning,89371,89348,89371,23
sniffing,89399,89371,89399,28
rising,89400,89399,89400,1
sniffing,89413,89400,89413,13
rearing,89696,89413,89696,283
left_turning,89752,89696,89752,56
trotting,89818,89752,89818,66
grooming,89819,89818,89819,1
sniffing,89858,89819,89858,39
pausing,90018,89858,90018,160
sniffing,90081,90018,90081,63
rising,90106,90081,90106,25
rearing,90132,90106,90132,26
rising,90151,90132,90151,19
climbing,90182,90151,90182,31
walking,90187,90182,90187,5
sniffing,90188,90187,90188,1
rising,90203,90188,90203,15
climbing,90272,90203,90272,69
rearing,90382,90272,90382,110
rising,90410,90382,90410,28
sniffing,90475,90410,90475,65
left_turning,90498,90475,90498,23
running,90515,90498,90515,17
left_turning,90541,90515,90541,26
walking,90562,90541,90562,21
sniffing,90643,90562,90643,81
left_turning,90656,90643,90656,13
climbing,90657,90656,90657,1
grooming,90658,90657,90658,1
sniffing,90659,90658,90659,1
climbing,90688,90659,90688,29
rearing,90779,90688,90779,91
running,90784,90779,90784,5
left_turning,90867,90784,90867,83
sniffing,90922,90867,90922,55
walking,90923,90922,90923,1
left_turning,90969,90923,90969,46
trotting,90978,90969,90978,9
walking,91012,90978,91012,34
climbing,91083,91012,91083,71
walking,91140,91083,91140,57
rising,91163,91140,91163,23
climbing,91167,91163,91167,4
sniffing,91344,91167,91344,177
right_turning,91355,91344,91355,11
sniffing,91488,91355,91488,133
climbing,91528,91488,91528,40
hunching,91603,91528,91603,75
climbing,91676,91603,91676,73
rearing,91683,91676,91683,7
hunching,91750,91683,91750,67
grooming,91751,91750,91751,1
rising,91766,91751,91766,15
walking,91796,91766,91796,30
stepping,91840,91796,91840,44
walking,91841,91840,91841,1
sniffing,91842,91841,91842,1
rising,91853,91842,91853,11
walking,91889,91853,91889,36
rearing,91970,91889,91970,81
walking,92034,91970,92034,64
trotting,92046,92034,92046,12
sniffing,92127,92046,92127,81
walking,92128,92127,92128,1
sniffing,92156,92128,92156,28
rising,92199,92156,92199,43
climbing,92214,92199,92214,15
sniffing,92282,92214,92282,68
rising,92283,92282,92283,1
sniffing,92290,92283,92290,7
climbing,92354,92290,92354,64
walking,92355,92354,92355,1
rising,92418,92355,92418,63
climbing,92465,92418,92465,47
sniffing,92468,92465,92468,3
rising,92485,92468,92485,17
hunching,92507,92485,92507,22
grooming,92514,92507,92514,7
hunching,92557,92514,92557,43
sniffing,92637,92557,92637,80
climbing,92697,92637,92697,60
walking,92717,92697,92717,20
sniffing,92745,92717,92745,28
walking,92746,92745,92746,1
stepping,92794,92746,92794,48
hunching,92799,92794,92799,5
trotting,92864,92799,92864,65
sniffing,92891,92864,92891,27
climbing,92954,92891,92954,63
right_turning,92974,92954,92974,20
stepping,92997,92974,92997,23
walking,93010,92997,93010,13
sniffing,93183,93010,93183,173
rising,93195,93183,93195,12
climbing,93211,93195,93211,16
right_turning,93239,93211,93239,28
walking,93293,93239,93293,54
sniffing,93369,93293,93369,76
right_turning,93395,93369,93395,26
climbing,93427,93395,93427,32
hunching,93499,93427,93499,72
right_turning,93500,93499,93500,1
trotting,93501,93500,93501,1
sniffing,93553,93501,93553,52
rearing,93554,93553,93554,1
climbing,93582,93554,93582,28
right_turning,93593,93582,93593,11
left_turning,93714,93593,93714,121
walking,93760,93714,93760,46
rising,93782,93760,93782,22
walking,93818,93782,93818,36
sniffing,93992,93818,93992,174
pausing,94548,93992,94548,556
sniffing,94562,94548,94562,14
rearing,94662,94562,94662,100
climbing,94735,94662,94735,73
grooming,95164,94735,95164,429
rising,95187,95164,95187,23
rearing,95188,95187,95188,1
hunching,95189,95188,95189,1
walking,95205,95189,95205,16
left_turning,95230,95205,95230,25
walking,95258,95230,95258,28
rising,95264,95258,95264,6
walking,95282,95264,95282,18
sniffing,95283,95282,95283,1
rising,95294,95283,95294,11
walking,95321,95294,95321,27
left_turning,95349,95321,95349,28
walking,95350,95349,95350,1
rearing,95351,95350,95351,1
rising,95352,95351,95352,1
climbing,95369,95352,95369,17
sniffing,95402,95369,95402,33
pausing,95625,95402,95625,223
sniffing,95626,95625,95626,1
rising,95686,95626,95686,60
climbing,95770,95686,95770,84
sniffing,95816,95770,95816,46
rising,95829,95816,95829,13
sniffing,95881,95829,95881,52
rising,95909,95881,95909,28
climbing,95911,95909,95911,2
grooming,95961,95911,95961,50
sniffing,96007,95961,96007,46
walking,96035,96007,96035,28
rearing,96050,96035,96050,15
rising,96053,96050,96053,3
right_turning,96060,96053,96060,7
left_turning,96120,96060,96120,60
walking,96144,96120,96144,24
grooming,96378,96144,96378,234
rearing,96402,96378,96402,24
sniffing,96422,96402,96422,20
rising,96423,96422,96423,1
sniffing,96460,96423,96460,37
left_turning,96466,96460,96466,6
trotting,96494,96466,96494,28
left_turning,96529,96494,96529,35
stepping,96568,96529,96568,39
rising,96619,96568,96619,51
rearing,96620,96619,96620,1
climbing,96686,96620,96686,66
walking,96737,96686,96737,51
rearing,96738,96737,96738,1
left_turning,96782,96738,96782,44
hunching,96839,96782,96839,57
rising,96867,96839,96867,28
climbing,96969,96867,96969,102
sniffing,96989,96969,96989,20
climbing,97010,96989,97010,21
sniffing,97063,97010,97063,53
pausing,97145,97063,97145,82
sniffing,97152,97145,97152,7
rising,97153,97152,97153,1
grooming,97154,97153,97154,1
sniffing,97197,97154,97197,43
climbing,97228,97197,97228,31
rearing,97271,97228,97271,43
walking,97274,97271,97274,3
climbing,97292,97274,97292,18
left_turning,97293,97292,97293,1
trotting,97337,97293,97337,44
walking,97350,97337,97350,13
climbing,97380,97350,97380,30
rising,97476,97380,97476,96
walking,97477,97476,97477,1
stepping,97543,97477,97543,66
rising,97544,97543,97544,1
climbing,97636,97544,97636,92
walking,97649,97636,97649,13
left_turning,97717,97649,97717,68
walking,97718,97717,97718,1
rising,97759,97718,97759,41
climbing,97816,97759,97816,57
sniffing,97880,97816,97880,64
left_turning,97906,97880,97906,26
sniffing,97955,97906,97955,49
grooming,97967,97955,97967,12
sniffing,97968,97967,97968,1
rising,97969,97968,97969,1
sniffing,98063,97969,98063,94
rising,98157,98063,98157,94
climbing,98230,98157,98230,73
walking,98307,98230,98307,77
rising,98308,98307,98308,1
climbing,98326,98308,98326,18
hunching,98402,98326,98402,76
sniffing,98440,98402,98440,38
trotting,98450,98440,98450,10
sniffing,98527,98450,98527,77
walking,98540,98527,98540,13
sniffing,98588,98540,98588,48
walking,98612,98588,98612,24
sniffing,98733,98612,98733,121
rearing,98775,98733,98775,42
climbing,98842,98775,98842,67
rearing,98847,98842,98847,5
rising,98913,98847,98913,66
rearing,98949,98913,98949,36
climbing,99015,98949,99015,66
sniffing,99052,99015,99052,37
left_turning,99104,99052,99104,52
rising,99105,99104,99105,1
climbing,99110,99105,99110,5
sniffing,99299,99110,99299,189
walking,99318,99299,99318,19
sniffing,99342,99318,99342,24
walking,99461,99342,99461,119
sniffing,99535,99461,99535,74
right_turning,99552,99535,99552,17
stepping,99592,99552,99592,40
left_turning,99636,99592,99636,44
stepping,99713,99636,99713,77
walking,99784,99713,99784,71
sniffing,99846,99784,99846,62
climbing,99894,99846,99894,48
hunching,100060,99894,100060,166
rearing,100180,100060,100180,120
left_turning,100190,100180,100190,10
walking,100220,100190,100220,30
sniffing,100302,100220,100302,82
pausing,100303,100302,100303,1
sniffing,100442,100303,100442,139
left_turning,100512,100442,100512,70
walking,100513,100512,100513,1
sniffing,100518,100513,100518,5
left_turning,100525,100518,100525,7
walking,100532,100525,100532,7
sniffing,100533,100532,100533,1
rising,100560,100533,100560,27
climbing,100582,100560,100582,22
right_turning,100634,100582,100634,52
sniffing,100656,100634,100656,22
right_turning,100662,100656,100662,6
rearing,100718,100662,100718,56
sniffing,100719,100718,100719,1
right_turning,100724,100719,100724,5
rising,100777,100724,100777,53
climbing,100801,100777,100801,24
grooming,100807,100801,100807,6
trotting,100831,100807,100831,24
sniffing,100903,100831,100903,72
stepping,100951,100903,100951,48
left_turning,100952,100951,100952,1
walking,100978,100952,100978,26
sniffing,101015,100978,101015,37
grooming,101016,101015,101016,1
rearing,101017,101016,101017,1
sniffing,101257,101017,101257,240
rising,101303,101257,101303,46
running,101323,101303,101323,20
walking,101335,101323,101335,12
sniffing,101340,101335,101340,5
left_turning,101367,101340,101367,27
sniffing,101368,101367,101368,1
climbing,101369,101368,101369,1
rising,101370,101369,101370,1
grooming,101774,101370,101774,404
sniffing,101947,101774,101947,173
rising,101948,101947,101948,1
walking,101949,101948,101949,1
stepping,102002,101949,102002,53
climbing,102046,102002,102046,44
sniffing,102067,102046,102067,21
rearing,102087,102067,102087,20
sniffing,102158,102087,102158,71
left_turning,102181,102158,102181,23
walking,102252,102181,102252,71
sniffing,102333,102252,102333,81
rising,102355,102333,102355,22
rearing,102380,102355,102380,25
rising,102401,102380,102401,21
grooming,102402,102401,102402,1
rearing,102530,102402,102530,128
sniffing,102629,102530,102629,99
right_turning,102665,102629,102665,36
climbing,102685,102665,102685,20
rearing,102702,102685,102702,17
hunching,102758,102702,102758,56
grooming,102868,102758,102868,110
climbing,102911,102868,102911,43
walking,102958,102911,102958,47
left_turning,102959,102958,102959,1
trotting,102991,102959,102991,32
sniffing,103102,102991,103102,111
rising,103103,103102,103103,1
climbing,103104,103103,103104,1
rising,103105,103104,103105,1
sniffing,103201,103105,103201,96
trotting,103223,103201,103223,22
rearing,103500,103223,103500,277
hunching,103573,103500,103573,73
grooming,103601,103573,103601,28
rising,103776,103601,103776,175
sniffing,103794,103776,103794,18
rising,103817,103794,103817,23
climbing,103872,103817,103872,55
rising,104160,103872,104160,288
climbing,104265,104160,104265,105
sniffing,104316,104265,104316,51
trotting,104335,104316,104335,19
sniffing,104336,104335,104336,1
pausing,104337,104336,104337,1
sniffing,104371,104337,104371,34
rising,104372,104371,104372,1
sniffing,104418,104372,104418,46
grooming,104455,104418,104455,37
climbing,104512,104455,104512,57
rising,104583,104512,104583,71
sniffing,104711,104583,104711,128
left_turning,104790,104711,104790,79
climbing,104842,104790,104842,52
grooming,104874,104842,104874,32
rearing,104921,104874,104921,47
sniffing,104964,104921,104964,43
hunching,105105,104964,105105,141
grooming,105272,105105,105272,167
rising,105273,105272,105273,1
left_turning,105316,105273,105316,43
trotting,105346,105316,105346,30
sniffing,105347,105346,105347,1
trotting,105372,105347,105372,25
walking,105433,105372,105433,61
right_turning,105435,105433,105435,2
sniffing,105443,105435,105443,8
rising,105444,105443,105444,1
climbing,105497,105444,105497,53
rising,105498,105497,105498,1
climbing,105534,105498,105534,36
grooming,105629,105534,105629,95
climbing,105683,105629,105683,54
rearing,105697,105683,105697,14
rising,105748,105697,105748,51
sniffing,105774,105748,105774,26
walking,105815,105774,105815,41
sniffing,105849,105815,105849,34
rising,105850,105849,105850,1
sniffing,105924,105850,105924,74
stepping,105925,105924,105925,1
trotting,105956,105925,105956,31
rising,106005,105956,106005,49
sniffing,106118,106005,106118,113
grooming,106234,106118,106234,116
walking,106251,106234,106251,17
sniffing,106252,106251,106252,1
climbing,106312,106252,106312,60
sniffing,106334,106312,106334,22
pausing,106335,106334,106335,1
sniffing,106336,106335,106336,1
walking,106339,106336,106339,3
sniffing,106425,106339,106425,86
hunching,106500,106425,106500,75
grooming,106625,106500,106625,125
rearing,106633,106625,106633,8
left_turning,106634,106633,106634,1
walking,106667,106634,106667,33
right_turning,106683,106667,106683,16
running,106713,106683,106713,30
walking,106727,106713,106727,14
climbing,106758,106727,106758,31
rising,106804,106758,106804,46
grooming,107319,106804,107319,515
climbing,107337,107319,107337,18
walking,107398,107337,107398,61
trotting,107439,107398,107439,41
jumping,107571,107439,107571,132
walking,107597,107571,107597,26
sniffing,107598,107597,107598,1
running,107617,107598,107617,19
sniffing,107680,107617,107680,63
rearing,107681,107680,107681,1
right_turning,107734,107681,107734,53
sniffing,107811,107734,107811,77
walking,107839,107811,107839,28
rearing,107911,107839,107911,72
grooming,107956,107911,107956,45
rearing,107957,107956,107957,1
rising,108000,107957,108000,43
