revised_movement_label,segBoundary,segBoundary_start,segBoundary_end,length
walking,54,0,54,54
climbing,77,54,77,23
trotting,82,77,82,5
walking,83,82,83,1
climbing,132,83,132,49
sniffing,133,132,133,1
climbing,183,133,183,50
walking,203,183,203,20
climbing,212,203,212,9
sniffing,262,212,262,50
climbing,299,262,299,37
right_turning,306,299,306,7
rising,317,306,317,11
sniffing,348,317,348,31
climbing,413,348,413,65
walking,448,413,448,35
rising,467,448,467,19
stepping,484,467,484,17
climbing,519,484,519,35
left_turning,551,519,551,32
running,588,551,588,37
trotting,627,588,627,39
walking,650,627,650,23
climbing,725,650,725,75
sniffing,777,725,777,52
trotting,810,777,810,33
sniffing,837,810,837,27
walking,838,837,838,1
sniffing,889,838,889,51
climbing,947,889,947,58
sniffing,948,947,948,1
rising,1032,948,1032,84
left_turning,1048,1032,1048,16
walking,1049,1048,1049,1
sniffing,1050,1049,1050,1
climbing,1085,1050,1085,35
walking,1102,1085,1102,17
sniffing,1103,1102,1103,1
trotting,1121,1103,1121,18
stepping,1127,1121,1127,6
right_turning,1133,1127,1133,6
sniffing,1215,1133,1215,82
walking,1216,1215,1216,1
sniffing,1217,1216,1217,1
trotting,1230,1217,1230,13
walking,1231,1230,1231,1
climbing,1278,1231,1278,47
sniffing,1362,1278,1362,84
grooming,1363,1362,1363,1
rearing,1387,1363,1387,24
sniffing,1435,1387,1435,48
left_turning,1446,1435,1446,11
sniffing,1502,1446,1502,56
walking,1542,1502,1542,40
rising,1556,1542,1556,14
climbing,1608,1556,1608,52
sniffing,1639,1608,1639,31
left_turning,1683,1639,1683,44
walking,1710,1683,1710,27
sniffing,1770,1710,1770,60
walking,1838,1770,1838,68
sniffing,1850,1838,1850,12
climbing,1912,1850,1912,62
right_turning,1941,1912,1941,29
sniffing,1976,1941,1976,35
left_turning,2012,1976,2012,36
rising,2061,2012,2061,49
sniffing,2112,2061,2112,51
rising,2184,2112,2184,72
walking,2197,2184,2197,13
sniffing,2226,2197,2226,29
rising,2229,2226,2229,3
climbing,2270,2229,2270,41
sniffing,2299,2270,2299,29
running,2340,2299,2340,41
walking,2363,2340,2363,23
stepping,2370,2363,2370,7
climbing,2383,2370,2383,13
sniffing,2464,2383,2464,81
rising,2542,2464,2542,78
sniffing,2606,2542,2606,64
rising,2687,2606,2687,81
sniffing,2688,2687,2688,1
right_turning,2689,2688,2689,1
rising,2789,2689,2789,100
sniffing,2836,2789,2836,47
left_turning,2837,2836,2837,1
rearing,2867,2837,2867,30
climbing,2920,2867,2920,53
left_turning,2921,2920,2921,1
sniffing,2974,2921,2974,53
stepping,2975,2974,2975,1
left_turning,2994,2975,2994,19
walking,3020,2994,3020,26
sniffing,3080,3020,3080,60
walking,3133,3080,3133,53
sniffing,3168,3133,3168,35
left_turning,3186,3168,3186,18
walking,3197,3186,3197,11
stepping,3239,3197,3239,42
walking,3268,3239,3268,29
stepping,3290,3268,3290,22
walking,3301,3290,3301,11
trotting,3323,3301,3323,22
sniffing,3324,3323,3324,1
walking,3345,3324,3345,21
trotting,3352,3345,3352,7
walking,3394,3352,3394,42
sniffing,3442,3394,3442,48
walking,3449,3442,3449,7
sniffing,3668,3449,3668,219
climbing,3691,3668,3691,23
sniffing,3692,3691,3692,1
rising,3716,3692,3716,24
left_turning,3764,3716,3764,48
running,3777,3764,3777,13
trotting,3800,3777,3800,23
walking,3801,3800,3801,1
sniffing,3812,3801,3812,11
walking,3820,3812,3820,8
climbing,3849,3820,3849,29
sniffing,3926,3849,3926,77
rising,3956,3926,3956,30
sniffing,3980,3956,3980,24
trotting,4017,3980,4017,37
walking,4018,4017,4018,1
rising,4067,4018,4067,49
rearing,4068,4067,4068,1
grooming,4195,4068,4195,127
rearing,4196,4195,4196,1
trotting,4241,4196,4241,45
sniffing,4276,4241,4276,35
left_turning,4307,4276,4307,31
climbing,4350,4307,4350,43
rising,4386,4350,4386,36
climbing,4424,4386,4424,38
sniffing,4465,4424,4465,41
right_turning,4521,4465,4521,56
trotting,4536,4521,4536,15
walking,4550,4536,4550,14
sniffing,4551,4550,4551,1
rising,4564,4551,4564,13
sniffing,4652,4564,4652,88
trotting,4695,4652,4695,43
sniffing,4815,4695,4815,120
rising,4888,4815,4888,73
sniffing,4922,4888,4922,34
rising,4923,4922,4923,1
climbing,4940,4923,4940,17
sniffing,4941,4940,4941,1
walking,4992,4941,4992,51
rising,4999,4992,4999,7
walking,5056,4999,5056,57
trotting,5086,5056,5086,30
walking,5087,5086,5087,1
sniffing,5103,5087,5103,16
climbing,5125,5103,5125,22
sniffing,5195,5125,5195,70
hunching,5196,5195,5196,1
sniffing,5248,5196,5248,52
walking,5255,5248,5255,7
right_turning,5303,5255,5303,48
walking,5390,5303,5390,87
sniffing,5432,5390,5432,42
climbing,5487,5432,5487,55
stepping,5502,5487,5502,15
climbing,5529,5502,5529,27
sniffing,5607,5529,5607,78
climbing,5644,5607,5644,37
walking,5707,5644,5707,63
climbing,5743,5707,5743,36
right_turning,5771,5743,5771,28
stepping,5773,5771,5773,2
rising,5841,5773,5841,68
stepping,5842,5841,5842,1
sniffing,5868,5842,5868,26
left_turning,5869,5868,5869,1
rising,5870,5869,5870,1
climbing,5918,5870,5918,48
left_turning,5932,5918,5932,14
walking,5969,5932,5969,37
sniffing,5970,5969,5970,1
rising,5971,5970,5971,1
climbing,6066,5971,6066,95
sniffing,6067,6066,6067,1
walking,6092,6067,6092,25
sniffing,6211,6092,6211,119
right_turning,6212,6211,6212,1
running,6240,6212,6240,28
stepping,6293,6240,6293,53
left_turning,6340,6293,6340,47
rising,6375,6340,6375,35
sniffing,6436,6375,6436,61
left_turning,6473,6436,6473,37
trotting,6489,6473,6489,16
stepping,6490,6489,6490,1
rising,6547,6490,6547,57
climbing,6599,6547,6599,52
rising,6654,6599,6654,55
climbing,6680,6654,6680,26
trotting,6715,6680,6715,35
sniffing,6717,6715,6717,2
climbing,6738,6717,6738,21
right_turning,6757,6738,6757,19
sniffing,6843,6757,6843,86
trotting,6864,6843,6864,21
sniffing,6865,6864,6865,1
walking,6885,6865,6885,20
stepping,6902,6885,6902,17
rising,6970,6902,6970,68
climbing,6995,6970,6995,25
rising,7005,6995,7005,10
climbing,7042,7005,7042,37
sniffing,7112,7042,7112,70
stepping,7119,7112,7119,7
walking,7120,7119,7120,1
running,7123,7120,7123,3
sniffing,7188,7123,7188,65
climbing,7245,7188,7245,57
stepping,7288,7245,7288,43
trotting,7328,7288,7328,40
sniffing,7336,7328,7336,8
climbing,7373,7336,7373,37
sniffing,7397,7373,7397,24
trotting,7452,7397,7452,55
sniffing,7453,7452,7453,1
right_turning,7468,7453,7468,15
climbing,7520,7468,7520,52
rising,7521,7520,7521,1
climbing,7547,7521,7547,26
walking,7548,7547,7548,1
sniffing,7632,7548,7632,84
rearing,7717,7632,7717,85
left_turning,7738,7717,7738,21
walking,7762,7738,7762,24
climbing,7808,7762,7808,46
sniffing,7909,7808,7909,101
left_turning,7998,7909,7998,89
sniffing,8022,7998,8022,24
rising,8083,8022,8083,61
climbing,8117,8083,8117,34
left_turning,8129,8117,8129,12
sniffing,8180,8129,8180,51
rising,8198,8180,8198,18
left_turning,8273,8198,8273,75
running,8322,8273,8322,49
walking,8347,8322,8347,25
rising,8377,8347,8377,30
climbing,8459,8377,8459,82
left_turning,8522,8459,8522,63
sniffing,8523,8522,8523,1
climbing,8581,8523,8581,58
walking,8622,8581,8622,41
sniffing,8623,8622,8623,1
walking,8624,8623,8624,1
sniffing,8625,8624,8625,1
left_turning,8664,8625,8664,39
right_turning,8677,8664,8677,13
walking,8696,8677,8696,19
rising,8762,8696,8762,66
climbing,8767,8762,8767,5
sniffing,8790,8767,8790,23
walking,8854,8790,8854,64
trotting,8904,8854,8904,50
rising,8949,8904,8949,45
sniffing,8979,8949,8979,30
left_turning,8997,8979,8997,18
walking,9001,8997,9001,4
left_turning,9002,9001,9002,1
walking,9003,9002,9003,1
climbing,9046,9003,9046,43
rearing,9047,9046,9047,1
grooming,9195,9047,9195,148
hunching,9196,9195,9196,1
walking,9297,9196,9297,101
sniffing,9319,9297,9319,22
walking,9322,9319,9322,3
stepping,9352,9322,9352,30
left_turning,9378,9352,9378,26
sniffing,9400,9378,9400,22
climbing,9458,9400,9458,58
sniffing,9525,9458,9525,67
climbing,9572,9525,9572,47
rising,9682,9572,9682,110
climbing,9745,9682,9745,63
sniffing,9766,9745,9766,21
rising,9767,9766,9767,1
climbing,9770,9767,9770,3
sniffing,9818,9770,9818,48
left_turning,9819,9818,9819,1
climbing,9886,9819,9886,67
left_turning,9887,9886,9887,1
climbing,9888,9887,9888,1
rising,9889,9888,9889,1
climbing,9927,9889,9927,38
walking,9953,9927,9953,26
climbing,10010,9953,10010,57
sniffing,10011,10010,10011,1
left_turning,10033,10011,10033,22
sniffing,10153,10033,10153,120
walking,10154,10153,10154,1
sniffing,10155,10154,10155,1
right_turning,10167,10155,10167,12
trotting,10191,10167,10191,24
sniffing,10192,10191,10192,1
rising,10292,10192,10292,100
right_turning,10293,10292,10293,1
sniffing,10326,10293,10326,33
climbing,10392,10326,10392,66
right_turning,10442,10392,10442,50
walking,10443,10442,10443,1
sniffing,10521,10443,10521,78
left_turning,10529,10521,10529,8
walking,10532,10529,10532,3
sniffing,10587,10532,10587,55
climbing,10625,10587,10625,38
stepping,10653,10625,10653,28
rising,10665,10653,10665,12
climbing,10692,10665,10692,27
stepping,10752,10692,10752,60
walking,10836,10752,10836,84
sniffing,10859,10836,10859,23
climbing,10922,10859,10922,63
left_turning,10932,10922,10932,10
trotting,10933,10932,10933,1
rising,10941,10933,10941,8
climbing,10973,10941,10973,32
right_turning,10991,10973,10991,18
walking,10992,10991,10992,1
sniffing,11085,10992,11085,93
trotting,11147,11085,11147,62
sniffing,11196,11147,11196,49
climbing,11248,11196,11248,52
sniffing,11267,11248,11267,19
climbing,11340,11267,11340,73
trotting,11378,11340,11378,38
sniffing,11451,11378,11451,73
climbing,11507,11451,11507,56
rising,11508,11507,11508,1
climbing,11553,11508,11553,45
trotting,11577,11553,11577,24
stepping,11596,11577,11596,19
sniffing,11604,11596,11604,8
rising,11666,11604,11666,62
sniffing,11667,11666,11667,1
walking,11705,11667,11705,38
rising,11706,11705,11706,1
sniffing,11736,11706,11736,30
walking,11800,11736,11800,64
rising,11801,11800,11801,1
climbing,11843,11801,11843,42
trotting,11849,11843,11849,6
sniffing,11901,11849,11901,52
left_turning,11915,11901,11915,14
rearing,11916,11915,11916,1
grooming,12029,11916,12029,113
walking,12064,12029,12064,35
rising,12122,12064,12122,58
climbing,12131,12122,12131,9
rising,12132,12131,12132,1
rearing,12193,12132,12193,61
running,12207,12193,12207,14
walking,12227,12207,12227,20
hunching,12307,12227,12307,80
right_turning,12329,12307,12329,22
walking,12390,12329,12390,61
sniffing,12452,12390,12452,62
walking,12467,12452,12467,15
sniffing,12468,12467,12468,1
left_turning,12479,12468,12479,11
sniffing,12598,12479,12598,119
trotting,12623,12598,12623,25
walking,12628,12623,12628,5
left_turning,12636,12628,12636,8
rearing,12637,12636,12637,1
climbing,12749,12637,12749,112
sniffing,12750,12749,12750,1
climbing,12790,12750,12790,40
walking,12817,12790,12817,27
trotting,12818,12817,12818,1
left_turning,12851,12818,12851,33
stepping,12905,12851,12905,54
sniffing,12982,12905,12982,77
walking,13014,12982,13014,32
sniffing,13090,13014,13090,76
rising,13160,13090,13160,70
climbing,13171,13160,13171,11
rising,13176,13171,13176,5
left_turning,13208,13176,13208,32
walking,13221,13208,13221,13
trotting,13268,13221,13268,47
sniffing,13305,13268,13305,37
rising,13322,13305,13322,17
left_turning,13345,13322,13345,23
walking,13369,13345,13369,24
climbing,13455,13369,13455,86
hunching,13530,13455,13530,75
sniffing,13567,13530,13567,37
rising,13568,13567,13568,1
grooming,14027,13568,14027,459
sniffing,14071,14027,14071,44
rising,14101,14071,14101,30
climbing,14119,14101,14119,18
left_turning,14162,14119,14162,43
rising,14163,14162,14163,1
climbing,14171,14163,14171,8
sniffing,14186,14171,14186,15
climbing,14219,14186,14219,33
rising,14227,14219,14227,8
sniffing,14272,14227,14272,45
rearing,14394,14272,14394,122
grooming,14395,14394,14395,1
climbing,14431,14395,14431,36
right_turning,14444,14431,14444,13
rising,14445,14444,14445,1
climbing,14446,14445,14446,1
sniffing,14447,14446,14447,1
running,14469,14447,14469,22
stepping,14513,14469,14513,44
rising,14528,14513,14528,15
walking,14539,14528,14539,11
climbing,14643,14539,14643,104
sniffing,14776,14643,14776,133
climbing,14805,14776,14805,29
rising,14813,14805,14813,8
climbing,14860,14813,14860,47
left_turning,14888,14860,14888,28
sniffing,14889,14888,14889,1
stepping,14947,14889,14947,58
rising,14967,14947,14967,20
climbing,15023,14967,15023,56
sniffing,15024,15023,15024,1
trotting,15025,15024,15025,1
walking,15086,15025,15086,61
rising,15124,15086,15124,38
climbing,15216,15124,15216,92
sniffing,15257,15216,15257,41
climbing,15299,15257,15299,42
sniffing,15300,15299,15300,1
left_turning,15330,15300,15330,30
sniffing,15376,15330,15376,46
walking,15392,15376,15392,16
sniffing,15431,15392,15431,39
running,15445,15431,15445,14
walking,15448,15445,15448,3
climbing,15498,15448,15498,50
walking,15507,15498,15507,9
left_turning,15529,15507,15529,22
sniffing,15573,15529,15573,44
right_turning,15605,15573,15605,32
sniffing,15638,15605,15638,33
trotting,15665,15638,15665,27
walking,15697,15665,15697,32
running,15719,15697,15719,22
trotting,15720,15719,15720,1
sniffing,15783,15720,15783,63
trotting,15784,15783,15784,1
rising,15807,15784,15807,23
right_turning,15812,15807,15812,5
walking,15823,15812,15823,11
sniffing,15898,15823,15898,75
climbing,15954,15898,15954,56
sniffing,15990,15954,15990,36
left_turning,15997,15990,15997,7
trotting,16013,15997,16013,16
stepping,16014,16013,16014,1
walking,16015,16014,16015,1
climbing,16065,16015,16065,50
left_turning,16096,16065,16096,31
running,16120,16096,16120,24
walking,16140,16120,16140,20
climbing,16187,16140,16187,47
sniffing,16238,16187,16238,51
running,16246,16238,16246,8
trotting,16286,16246,16286,40
sniffing,16363,16286,16363,77
hunching,16364,16363,16364,1
sniffing,16523,16364,16523,159
left_turning,16526,16523,16526,3
walking,16570,16526,16570,44
rising,16635,16570,16635,65
climbing,16647,16635,16647,12
sniffing,16648,16647,16648,1
walking,16657,16648,16657,9
sniffing,16679,16657,16679,22
rising,16710,16679,16710,31
sniffing,16732,16710,16732,22
hunching,16766,16732,16766,34
climbing,16803,16766,16803,37
sniffing,16814,16803,16814,11
trotting,16856,16814,16856,42
sniffing,16946,16856,16946,90
left_turning,16951,16946,16951,5
walking,17026,16951,17026,75
rising,17143,17026,17143,117
stepping,17158,17143,17158,15
rising,17251,17158,17251,93
sniffing,17289,17251,17289,38
trotting,17309,17289,17309,20
running,17352,17309,17352,43
walking,17385,17352,17385,33
sniffing,17386,17385,17386,1
rising,17454,17386,17454,68
rearing,17455,17454,17455,1
sniffing,17563,17455,17563,108
left_turning,17605,17563,17605,42
sniffing,17619,17605,17619,14
left_turning,17634,17619,17634,15
running,17651,17634,17651,17
sniffing,17767,17651,17767,116
rearing,17903,17767,17903,136
rising,17911,17903,17911,8
sniffing,17927,17911,17927,16
walking,17935,17927,17935,8
left_turning,17966,17935,17966,31
stepping,17992,17966,17992,26
left_turning,17993,17992,17993,1
sniffing,18016,17993,18016,23
climbing,18017,18016,18017,1
sniffing,18050,18017,18050,33
rising,18217,18050,18217,167
sniffing,18253,18217,18253,36
rising,18268,18253,18268,15
sniffing,18331,18268,18331,63
walking,18350,18331,18350,19
climbing,18351,18350,18351,1
rearing,18433,18351,18433,82
sniffing,18447,18433,18447,14
rising,18506,18447,18506,59
sniffing,18567,18506,18567,61
walking,18609,18567,18609,42
rising,18610,18609,18610,1
right_turning,18617,18610,18617,7
rising,18636,18617,18636,19
sniffing,18645,18636,18645,9
walking,18676,18645,18676,31
sniffing,18743,18676,18743,67
stepping,18749,18743,18749,6
climbing,18824,18749,18824,75
right_turning,18865,18824,18865,41
sniffing,18897,18865,18897,32
hunching,18942,18897,18942,45
rising,18963,18942,18963,21
climbing,19026,18963,19026,63
sniffing,19119,19026,19119,93
left_turning,19146,19119,19146,27
trotting,19164,19146,19164,18
sniffing,19245,19164,19245,81
stepping,19314,19245,19314,69
climbing,19355,19314,19355,41
sniffing,19362,19355,19362,7
climbing,19385,19362,19385,23
rising,19386,19385,19386,1
sniffing,19424,19386,19424,38
walking,19446,19424,19446,22
sniffing,19465,19446,19465,19
rising,19471,19465,19471,6
right_turning,19501,19471,19501,30
sniffing,19502,19501,19502,1
stepping,19504,19502,19504,2
sniffing,19517,19504,19517,13
hunching,19518,19517,19518,1
rising,19557,19518,19557,39
climbing,19566,19557,19566,9
sniffing,19567,19566,19567,1
walking,19575,19567,19575,8
sniffing,19576,19575,19576,1
left_turning,19614,19576,19614,38
walking,19624,19614,19624,10
stepping,19625,19624,19625,1
climbing,19674,19625,19674,49
rising,19686,19674,19686,12
sniffing,19745,19686,19745,59
left_turning,19779,19745,19779,34
trotting,19821,19779,19821,42
left_turning,19831,19821,19831,10
rising,19873,19831,19873,42
climbing,19874,19873,19874,1
walking,19877,19874,19877,3
sniffing,19951,19877,19951,74
rising,19994,19951,19994,43
rearing,20017,19994,20017,23
rising,20018,20017,20018,1
climbing,20074,20018,20074,56
right_turning,20093,20074,20093,19
running,20126,20093,20126,33
walking,20158,20126,20158,32
sniffing,20296,20158,20296,138
walking,20297,20296,20297,1
stepping,20298,20297,20298,1
right_turning,20358,20298,20358,60
climbing,20390,20358,20390,32
walking,20448,20390,20448,58
sniffing,20513,20448,20513,65
right_turning,20518,20513,20518,5
stepping,20568,20518,20568,50
sniffing,20619,20568,20619,51
rising,20702,20619,20702,83
right_turning,20726,20702,20726,24
running,20761,20726,20761,35
sniffing,20796,20761,20796,35
trotting,20844,20796,20844,48
sniffing,20900,20844,20900,56
walking,20901,20900,20901,1
sniffing,20967,20901,20967,66
right_turning,20978,20967,20978,11
walking,20979,20978,20979,1
rising,21023,20979,21023,44
sniffing,21126,21023,21126,103
running,21152,21126,21152,26
sniffing,21178,21152,21178,26
rising,21316,21178,21316,138
sniffing,21366,21316,21366,50
trotting,21367,21366,21367,1
left_turning,21385,21367,21385,18
walking,21398,21385,21398,13
sniffing,21419,21398,21419,21
climbing,21479,21419,21479,60
rising,21480,21479,21480,1
climbing,21559,21480,21559,79
right_turning,21600,21559,21600,41
walking,21624,21600,21624,24
sniffing,21694,21624,21694,70
rising,21707,21694,21707,13
walking,21764,21707,21764,57
sniffing,21784,21764,21784,20
walking,21800,21784,21800,16
trotting,21837,21800,21837,37
rising,21842,21837,21842,5
rearing,21905,21842,21905,63
sniffing,21942,21905,21942,37
climbing,21947,21942,21947,5
sniffing,22001,21947,22001,54
right_turning,22034,22001,22034,33
walking,22043,22034,22043,9
rearing,22044,22043,22044,1
grooming,22268,22044,22268,224
climbing,22324,22268,22324,56
sniffing,22444,22324,22444,120
walking,22445,22444,22445,1
left_turning,22477,22445,22477,32
sniffing,22526,22477,22526,49
rising,22575,22526,22575,49
climbing,22601,22575,22601,26
walking,22614,22601,22614,13
sniffing,22638,22614,22638,24
climbing,22654,22638,22654,16
sniffing,22655,22654,22655,1
climbing,22717,22655,22717,62
sniffing,22718,22717,22718,1
walking,22723,22718,22723,5
right_turning,22729,22723,22729,6
running,22751,22729,22751,22
left_turning,22776,22751,22776,25
trotting,22802,22776,22802,26
sniffing,22930,22802,22930,128
stepping,22958,22930,22958,28
sniffing,23125,22958,23125,167
rising,23148,23125,23148,23
right_turning,23159,23148,23159,11
stepping,23250,23159,23250,91
walking,23270,23250,23270,20
sniffing,23271,23270,23271,1
stepping,23294,23271,23294,23
left_turning,23295,23294,23295,1
walking,23343,23295,23343,48
left_turning,23380,23343,23380,37
sniffing,23498,23380,23498,118
walking,23547,23498,23547,49
sniffing,23637,23547,23637,90
rearing,23727,23637,23727,90
rising,23777,23727,23777,50
stepping,23813,23777,23813,36
rising,23814,23813,23814,1
sniffing,23844,23814,23844,30
rearing,24000,23844,24000,156
climbing,24012,24000,24012,12
sniffing,24040,24012,24040,28
left_turning,24050,24040,24050,10
sniffing,24123,24050,24123,73
stepping,24155,24123,24155,32
walking,24175,24155,24175,20
stepping,24186,24175,24186,11
sniffing,24193,24186,24193,7
left_turning,24206,24193,24206,13
sniffing,24255,24206,24255,49
trotting,24268,24255,24268,13
sniffing,24269,24268,24269,1
left_turning,24285,24269,24285,16
trotting,24303,24285,24303,18
sniffing,24365,24303,24365,62
stepping,24417,24365,24417,52
climbing,24499,24417,24499,82
walking,24532,24499,24532,33
trotting,24567,24532,24567,35
sniffing,24594,24567,24594,27
walking,24641,24594,24641,47
stepping,24645,24641,24645,4
rising,24669,24645,24669,24
sniffing,24733,24669,24733,64
left_turning,24766,24733,24766,33
trotting,24835,24766,24835,69
walking,24856,24835,24856,21
left_turning,24877,24856,24877,21
rising,24951,24877,24951,74
sniffing,24983,24951,24983,32
rising,25039,24983,25039,56
climbing,25064,25039,25064,25
running,25080,25064,25080,16
walking,25101,25080,25101,21
climbing,25175,25101,25175,74
sniffing,25233,25175,25233,58
climbing,25267,25233,25267,34
sniffing,25297,25267,25297,30
left_turning,25309,25297,25309,12
sniffing,25322,25309,25322,13
walking,25347,25322,25347,25
rising,25421,25347,25421,74
sniffing,25437,25421,25437,16
walking,25438,25437,25438,1
stepping,25453,25438,25453,15
rising,25457,25453,25457,4
left_turning,25463,25457,25463,6
walking,25500,25463,25500,37
sniffing,25501,25500,25501,1
rearing,25652,25501,25652,151
right_turning,25667,25652,25667,15
sniffing,25668,25667,25668,1
grooming,25938,25668,25938,270
sniffing,25963,25938,25963,25
rising,26005,25963,26005,42
climbing,26047,26005,26047,42
rising,26207,26047,26207,160
rearing,26208,26207,26208,1
grooming,26793,26208,26793,585
hunching,26814,26793,26814,21
sniffing,26907,26814,26907,93
running,26921,26907,26921,14
sniffing,26929,26921,26929,8
walking,26930,26929,26930,1
left_turning,26963,26930,26963,33
walking,27033,26963,27033,70
hunching,27157,27033,27157,124
rising,27158,27157,27158,1
sniffing,27213,27158,27213,55
left_turning,27219,27213,27219,6
walking,27220,27219,27220,1
sniffing,27328,27220,27328,108
running,27344,27328,27344,16
left_turning,27372,27344,27372,28
walking,27448,27372,27448,76
climbing,27506,27448,27506,58
right_turning,27513,27506,27513,7
walking,27514,27513,27514,1
stepping,27561,27514,27561,47
sniffing,27604,27561,27604,43
stepping,27633,27604,27633,29
left_turning,27645,27633,27645,12
sniffing,27666,27645,27666,21
rising,27698,27666,27698,32
rearing,27728,27698,27728,30
sniffing,27736,27728,27736,8
climbing,27747,27736,27747,11
rising,27809,27747,27809,62
running,27814,27809,27814,5
rising,27863,27814,27863,49
climbing,27892,27863,27892,29
running,27923,27892,27923,31
left_turning,27935,27923,27935,12
sniffing,28006,27935,28006,71
rising,28106,28006,28106,100
climbing,28184,28106,28184,78
rearing,28302,28184,28302,118
sniffing,28303,28302,28303,1
right_turning,28333,28303,28333,30
stepping,28350,28333,28350,17
walking,28361,28350,28361,11
rising,28372,28361,28372,11
sniffing,28588,28372,28588,216
pausing,28589,28588,28589,1
sniffing,28688,28589,28688,99
rising,28703,28688,28703,15
climbing,28741,28703,28741,38
left_turning,28742,28741,28742,1
sniffing,28821,28742,28821,79
right_turning,28847,28821,28847,26
trotting,28880,28847,28880,33
rising,29000,28880,29000,120
climbing,29015,29000,29015,15
rising,29087,29015,29087,72
walking,29112,29087,29112,25
left_turning,29156,29112,29156,44
trotting,29169,29156,29169,13
sniffing,29170,29169,29170,1
climbing,29230,29170,29230,60
running,29256,29230,29256,26
sniffing,29423,29256,29423,167
hunching,29468,29423,29468,45
sniffing,29585,29468,29585,117
left_turning,29629,29585,29629,44
sniffing,29717,29629,29717,88
rising,29757,29717,29757,40
climbing,29785,29757,29785,28
right_turning,29824,29785,29824,39
left_turning,29845,29824,29845,21
walking,29860,29845,29860,15
sniffing,29901,29860,29901,41
trotting,29908,29901,29908,7
walking,29910,29908,29910,2
trotting,29934,29910,29934,24
rising,29957,29934,29957,23
grooming,29958,29957,29958,1
right_turning,29981,29958,29981,23
rising,30072,29981,30072,91
climbing,30133,30072,30133,61
rearing,30134,30133,30134,1
sniffing,30172,30134,30172,38
walking,30173,30172,30173,1
left_turning,30199,30173,30199,26
rising,30200,30199,30200,1
walking,30223,30200,30223,23
sniffing,30373,30223,30373,150
walking,30394,30373,30394,21
sniffing,30413,30394,30413,19
rearing,30421,30413,30421,8
sniffing,30422,30421,30422,1
walking,30463,30422,30463,41
climbing,30475,30463,30475,12
grooming,30476,30475,30476,1
sniffing,30490,30476,30490,14
left_turning,30491,30490,30491,1
sniffing,30538,30491,30538,47
climbing,30610,30538,30610,72
rearing,30642,30610,30642,32
walking,30698,30642,30698,56
sniffing,30699,30698,30699,1
walking,30753,30699,30753,54
sniffing,30767,30753,30767,14
trotting,30784,30767,30784,17
sniffing,30831,30784,30831,47
rising,30893,30831,30893,62
walking,30906,30893,30906,13
rising,30907,30906,30907,1
hunching,31100,30907,31100,193
sniffing,31133,31100,31133,33
stepping,31173,31133,31173,40
rearing,31296,31173,31296,123
walking,31303,31296,31303,7
sniffing,31381,31303,31381,78
rising,31382,31381,31382,1
hunching,31437,31382,31437,55
sniffing,31447,31437,31447,10
left_turning,31448,31447,31448,1
trotting,31484,31448,31484,36
walking,31539,31484,31539,55
rising,31540,31539,31540,1
rearing,31633,31540,31633,93
rising,31688,31633,31688,55
grooming,31689,31688,31689,1
sniffing,31729,31689,31729,40
trotting,31768,31729,31768,39
rising,31830,31768,31830,62
sniffing,31831,31830,31831,1
walking,31832,31831,31832,1
sniffing,31899,31832,31899,67
left_turning,31900,31899,31900,1
sniffing,31920,31900,31920,20
walking,31935,31920,31935,15
climbing,32006,31935,32006,71
rising,32026,32006,32026,20
climbing,32101,32026,32101,75
rising,32102,32101,32102,1
walking,32120,32102,32120,18
sniffing,32148,32120,32148,28
grooming,32149,32148,32149,1
climbing,32224,32149,32224,75
rising,32258,32224,32258,34
climbing,32300,32258,32300,42
sniffing,32301,32300,32301,1
right_turning,32353,32301,32353,52
trotting,32354,32353,32354,1
sniffing,32417,32354,32417,63
right_turning,32430,32417,32430,13
sniffing,32492,32430,32492,62
left_turning,32493,32492,32493,1
sniffing,32494,32493,32494,1
left_turning,32495,32494,32495,1
sniffing,32517,32495,32517,22
right_turning,32544,32517,32544,27
left_turning,32605,32544,32605,61
trotting,32656,32605,32656,51
rearing,32657,32656,32657,1
grooming,32658,32657,32658,1
rearing,32764,32658,32764,106
walking,32801,32764,32801,37
sniffing,32900,32801,32900,99
trotting,32943,32900,32943,43
walking,32950,32943,32950,7
sniffing,32981,32950,32981,31
left_turning,32995,32981,32995,14
trotting,33025,32995,33025,30
sniffing,33078,33025,33078,53
rearing,33185,33078,33185,107
walking,33186,33185,33186,1
sniffing,33291,33186,33291,105
rising,33425,33291,33425,134
climbing,33430,33425,33430,5
rising,33500,33430,33500,70
hunching,33514,33500,33514,14
grooming,33891,33514,33891,377
rearing,33892,33891,33892,1
rising,33914,33892,33914,22
climbing,33976,33914,33976,62
sniffing,34088,33976,34088,112
walking,34096,34088,34096,8
rising,34145,34096,34145,49
rearing,34149,34145,34149,4
grooming,34150,34149,34150,1
pausing,34151,34150,34151,1
sniffing,34187,34151,34187,36
rising,34188,34187,34188,1
sniffing,34305,34188,34305,117
walking,34318,34305,34318,13
sniffing,34339,34318,34339,21
stepping,34376,34339,34376,37
walking,34444,34376,34444,68
climbing,34529,34444,34529,85
stepping,34557,34529,34557,28
rearing,34675,34557,34675,118
walking,34698,34675,34698,23
hunching,34699,34698,34699,1
right_turning,34700,34699,34700,1
sniffing,34704,34700,34704,4
walking,34707,34704,34707,3
stepping,34713,34707,34713,6
climbing,34808,34713,34808,95
sniffing,34904,34808,34904,96
walking,34961,34904,34961,57
right_turning,34989,34961,34989,28
hunching,35165,34989,35165,176
rising,35198,35165,35198,33
climbing,35199,35198,35199,1
trotting,35217,35199,35217,18
sniffing,35272,35217,35272,55
rising,35327,35272,35327,55
sniffing,35329,35327,35329,2
right_turning,35330,35329,35330,1
sniffing,35339,35330,35339,9
rising,35351,35339,35351,12
sniffing,35352,35351,35352,1
rearing,35482,35352,35482,130
grooming,35483,35482,35483,1
rearing,35513,35483,35513,30
grooming,36117,35513,36117,604
right_turning,36122,36117,36122,5
rearing,36167,36122,36167,45
sniffing,36230,36167,36230,63
trotting,36243,36230,36243,13
sniffing,36244,36243,36244,1
rising,36363,36244,36363,119
climbing,36370,36363,36370,7
left_turning,36390,36370,36390,20
sniffing,36419,36390,36419,29
right_turning,36431,36419,36431,12
sniffing,36487,36431,36487,56
walking,36509,36487,36509,22
sniffing,36518,36509,36518,9
hunching,36547,36518,36547,29
rising,36548,36547,36548,1
climbing,36573,36548,36573,25
sniffing,36597,36573,36597,24
walking,36618,36597,36618,21
left_turning,36675,36618,36675,57
walking,36690,36675,36690,15
climbing,36741,36690,36741,51
sniffing,36809,36741,36809,68
left_turning,36861,36809,36861,52
walking,36881,36861,36881,20
stepping,36900,36881,36900,19
rising,36939,36900,36939,39
right_turning,36993,36939,36993,54
trotting,37034,36993,37034,41
walking,37062,37034,37062,28
climbing,37102,37062,37102,40
sniffing,37163,37102,37163,61
rearing,37176,37163,37176,13
left_turning,37194,37176,37194,18
sniffing,37235,37194,37235,41
stepping,37257,37235,37257,22
trotting,37258,37257,37258,1
climbing,37312,37258,37312,54
trotting,37328,37312,37328,16
sniffing,37367,37328,37367,39
grooming,37726,37367,37726,359
hunching,37760,37726,37760,34
walking,37761,37760,37761,1
sniffing,37781,37761,37781,20
climbing,37834,37781,37834,53
sniffing,37895,37834,37895,61
stepping,37896,37895,37896,1
climbing,37901,37896,37901,5
sniffing,37902,37901,37902,1
rearing,37917,37902,37917,15
rising,37928,37917,37928,11
sniffing,37963,37928,37963,35
left_turning,38027,37963,38027,64
walking,38051,38027,38051,24
climbing,38159,38051,38159,108
walking,38210,38159,38210,51
left_turning,38212,38210,38212,2
sniffing,38221,38212,38221,9
right_turning,38229,38221,38229,8
sniffing,38314,38229,38314,85
climbing,38352,38314,38352,38
rearing,38353,38352,38353,1
climbing,38388,38353,38388,35
walking,38444,38388,38444,56
sniffing,38445,38444,38445,1
rearing,38528,38445,38528,83
right_turning,38529,38528,38529,1
walking,38530,38529,38530,1
left_turning,38531,38530,38531,1
right_turning,38553,38531,38553,22
sniffing,38567,38553,38567,14
rearing,38595,38567,38595,28
hunching,38776,38595,38776,181
stepping,38777,38776,38777,1
climbing,38836,38777,38836,59
grooming,38837,38836,38837,1
walking,38865,38837,38865,28
climbing,38892,38865,38892,27
sniffing,38893,38892,38893,1
left_turning,38894,38893,38894,1
sniffing,38962,38894,38962,68
rearing,39152,38962,39152,190
walking,39172,39152,39172,20
rising,39232,39172,39232,60
jumping,39444,39232,39444,212
trotting,39471,39444,39471,27
walking,39533,39471,39533,62
sniffing,39534,39533,39534,1
left_turning,39598,39534,39598,64
walking,39618,39598,39618,20
sniffing,39703,39618,39703,85
rearing,39716,39703,39716,13
climbing,39828,39716,39828,112
hunching,40003,39828,40003,175
sniffing,40022,40003,40022,19
rising,40053,40022,40053,31
stepping,40067,40053,40067,14
walking,40082,40067,40082,15
hunching,40099,40082,40099,17
grooming,40685,40099,40685,586
sniffing,40699,40685,40699,14
left_turning,40740,40699,40740,41
sniffing,40779,40740,40779,39
rising,40804,40779,40804,25
left_turning,40897,40804,40897,93
walking,40908,40897,40908,11
climbing,40956,40908,40956,48
sniffing,41014,40956,41014,58
walking,41040,41014,41040,26
climbing,41057,41040,41057,17
trotting,41077,41057,41077,20
walking,41078,41077,41078,1
sniffing,41079,41078,41079,1
rising,41081,41079,41081,2
climbing,41106,41081,41106,25
grooming,41232,41106,41232,126
hunching,41411,41232,41411,179
grooming,41724,41411,41724,313
walking,41763,41724,41763,39
sniffing,41785,41763,41785,22
hunching,41786,41785,41786,1
climbing,41795,41786,41795,9
rearing,41849,41795,41849,54
walking,41855,41849,41855,6
sniffing,41856,41855,41856,1
running,41878,41856,41878,22
walking,41903,41878,41903,25
climbing,41904,41903,41904,1
sniffing,41959,41904,41959,55
walking,41990,41959,41990,31
climbing,42100,41990,42100,110
right_turning,42127,42100,42127,27
running,42128,42127,42128,1
sniffing,42209,42128,42209,81
left_turning,42256,42209,42256,47
rising,42366,42256,42366,110
sniffing,42367,42366,42367,1
hunching,42368,42367,42368,1
rearing,42386,42368,42386,18
climbing,42467,42386,42467,81
right_turning,42503,42467,42503,36
sniffing,42547,42503,42547,44
climbing,42573,42547,42573,26
sniffing,42595,42573,42595,22
walking,42618,42595,42618,23
climbing,42701,42618,42701,83
rising,42735,42701,42735,34
sniffing,42736,42735,42736,1
left_turning,42789,42736,42789,53
walking,42797,42789,42797,8
rising,42798,42797,42798,1
left_turning,42852,42798,42852,54
sniffing,42853,42852,42853,1
walking,42921,42853,42921,68
climbing,42964,42921,42964,43
left_turning,42965,42964,42965,1
walking,43044,42965,43044,79
sniffing,43091,43044,43091,47
left_turning,43092,43091,43092,1
sniffing,43175,43092,43175,83
rising,43216,43175,43216,41
climbing,43217,43216,43217,1
sniffing,43220,43217,43220,3
rearing,43301,43220,43301,81
walking,43322,43301,43322,21
trotting,43353,43322,43353,31
sniffing,43354,43353,43354,1
walking,43400,43354,43400,46
sniffing,43401,43400,43401,1
rearing,43527,43401,43527,126
left_turning,43590,43527,43590,63
walking,43620,43590,43620,30
rising,43698,43620,43698,78
sniffing,43707,43698,43707,9
right_turning,43744,43707,43744,37
climbing,43771,43744,43771,27
rising,43842,43771,43842,71
walking,43853,43842,43853,11
climbing,43920,43853,43920,67
sniffing,43921,43920,43921,1
climbing,43923,43921,43923,2
sniffing,43945,43923,43945,22
walking,43974,43945,43974,29
right_turning,43986,43974,43986,12
walking,44055,43986,44055,69
left_turning,44066,44055,44066,11
running,44101,44066,44101,35
right_turning,44134,44101,44134,33
walking,44138,44134,44138,4
climbing,44139,44138,44139,1
rearing,44221,44139,44221,82
climbing,44223,44221,44223,2
sniffing,44294,44223,44294,71
climbing,44354,44294,44354,60
walking,44365,44354,44365,11
hunching,44366,44365,44366,1
sniffing,44441,44366,44441,75
rising,44450,44441,44450,9
walking,44474,44450,44474,24
trotting,44484,44474,44484,10
sniffing,44513,44484,44513,29
left_turning,44514,44513,44514,1
walking,44515,44514,44515,1
left_turning,44549,44515,44549,34
sniffing,44563,44549,44563,14
rising,44618,44563,44618,55
sniffing,44633,44618,44633,15
trotting,44647,44633,44647,14
left_turning,44648,44647,44648,1
walking,44649,44648,44649,1
stepping,44678,44649,44678,29
sniffing,44723,44678,44723,45
running,44742,44723,44742,19
trotting,44744,44742,44744,2
sniffing,44830,44744,44830,86
climbing,44927,44830,44927,97
rearing,44991,44927,44991,64
rising,45014,44991,45014,23
sniffing,45015,45014,45015,1
stepping,45063,45015,45063,48
sniffing,45159,45063,45159,96
stepping,45160,45159,45160,1
grooming,45389,45160,45389,229
sniffing,45402,45389,45402,13
trotting,45430,45402,45430,28
stepping,45462,45430,45462,32
climbing,45496,45462,45496,34
sniffing,45518,45496,45518,22
rearing,45519,45518,45519,1
grooming,45864,45519,45864,345
sniffing,46108,45864,46108,244
climbing,46151,46108,46151,43
sniffing,46170,46151,46170,19
rearing,46171,46170,46171,1
grooming,46172,46171,46172,1
rearing,46173,46172,46173,1
sniffing,46185,46173,46185,12
rising,46238,46185,46238,53
climbing,46358,46238,46358,120
rising,46359,46358,46359,1
trotting,46369,46359,46369,10
walking,46433,46369,46433,64
left_turning,46434,46433,46434,1
stepping,46435,46434,46435,1
sniffing,46436,46435,46436,1
grooming,46761,46436,46761,325
rearing,46762,46761,46762,1
trotting,46792,46762,46792,30
rising,46839,46792,46839,47
climbing,46864,46839,46864,25
trotting,46874,46864,46874,10
left_turning,46877,46874,46877,3
sniffing,46947,46877,46947,70
stepping,46973,46947,46973,26
sniffing,46981,46973,46981,8
walking,47020,46981,47020,39
sniffing,47051,47020,47051,31
walking,47072,47051,47072,21
rising,47073,47072,47073,1
climbing,47094,47073,47094,21
walking,47138,47094,47138,44
left_turning,47139,47138,47139,1
walking,47238,47139,47238,99
sniffing,47365,47238,47365,127
walking,47366,47365,47366,1
climbing,47427,47366,47427,61
rising,47430,47427,47430,3
climbing,47446,47430,47446,16
walking,47474,47446,47474,28
left_turning,47535,47474,47535,61
rising,47570,47535,47570,35
sniffing,47653,47570,47653,83
walking,47669,47653,47669,16
rising,47759,47669,47759,90
sniffing,47760,47759,47760,1
walking,47773,47760,47773,13
sniffing,47786,47773,47786,13
stepping,47860,47786,47860,74
rearing,47944,47860,47944,84
trotting,47983,47944,47983,39
stepping,47984,47983,47984,1
rising,48052,47984,48052,68
climbing,48124,48052,48124,72
rising,48202,48124,48202,78
hunching,48254,48202,48254,52
climbing,48260,48254,48260,6
stepping,48326,48260,48326,66
climbing,48429,48326,48429,103
stepping,48459,48429,48459,30
climbing,48551,48459,48551,92
rising,48583,48551,48583,32
sniffing,48640,48583,48640,57
trotting,48674,48640,48674,34
walking,48709,48674,48709,35
trotting,48786,48709,48786,77
stepping,48812,48786,48812,26
sniffing,48867,48812,48867,55
rising,48893,48867,48893,26
climbing,48920,48893,48920,27
sniffing,48975,48920,48975,55
climbing,49004,48975,49004,29
rising,49009,49004,49009,5
trotting,49032,49009,49032,23
left_turning,49033,49032,49033,1
rising,49129,49033,49129,96
climbing,49173,49129,49173,44
grooming,49300,49173,49300,127
left_turning,49305,49300,49305,5
right_turning,49331,49305,49331,26
walking,49335,49331,49335,4
left_turning,49364,49335,49364,29
sniffing,49444,49364,49444,80
grooming,49824,49444,49824,380
climbing,49853,49824,49853,29
rising,49854,49853,49854,1
sniffing,49951,49854,49951,97
walking,49952,49951,49952,1
rising,49955,49952,49955,3
rearing,49956,49955,49956,1
sniffing,49995,49956,49995,39
climbing,49996,49995,49996,1
sniffing,50016,49996,50016,20
climbing,50059,50016,50059,43
rising,50071,50059,50071,12
rearing,50072,50071,50072,1
sniffing,50197,50072,50197,125
stepping,50282,50197,50282,85
climbing,50327,50282,50327,45
rising,50370,50327,50370,43
climbing,50412,50370,50412,42
rearing,50571,50412,50571,159
rising,50572,50571,50572,1
climbing,50616,50572,50616,44
hunching,50877,50616,50877,261
climbing,50951,50877,50951,74
rearing,50960,50951,50960,9
grooming,51022,50960,51022,62
sniffing,51047,51022,51047,25
walking,51083,51047,51083,36
sniffing,51124,51083,51124,41
right_turning,51126,51124,51126,2
stepping,51151,51126,51151,25
rising,51152,51151,51152,1
sniffing,51183,51152,51183,31
rising,51184,51183,51184,1
climbing,51210,51184,51210,26
rising,51214,51210,51214,4
sniffing,51305,51214,51305,91
trotting,51344,51305,51344,39
sniffing,51483,51344,51483,139
right_turning,51493,51483,51493,10
running,51523,51493,51523,30
left_turning,51527,51523,51527,4
walking,51563,51527,51563,36
sniffing,51620,51563,51620,57
rising,51676,51620,51676,56
right_turning,51696,51676,51696,20
sniffing,51735,51696,51735,39
stepping,51763,51735,51763,28
walking,51764,51763,51764,1
sniffing,51878,51764,51878,114
left_turning,51879,51878,51879,1
walking,51887,51879,51887,8
left_turning,51916,51887,51916,29
trotting,51917,51916,51917,1
sniffing,51944,51917,51944,27
right_turning,51958,51944,51958,14
sniffing,52044,51958,52044,86
climbing,52139,52044,52139,95
right_turning,52158,52139,52158,19
sniffing,52164,52158,52164,6
walking,52188,52164,52188,24
climbing,52231,52188,52231,43
hunching,52232,52231,52232,1
rising,52247,52232,52247,15
hunching,52305,52247,52305,58
climbing,52325,52305,52325,20
rising,52327,52325,52327,2
sniffing,52398,52327,52398,71
right_turning,52439,52398,52439,41
sniffing,52493,52439,52493,54
running,52504,52493,52504,11
stepping,52578,52504,52578,74
sniffing,52590,52578,52590,12
climbing,52653,52590,52653,63
sniffing,52710,52653,52710,57
trotting,52724,52710,52724,14
sniffing,52742,52724,52742,18
rising,52823,52742,52823,81
right_turning,52834,52823,52834,11
sniffing,52905,52834,52905,71
rearing,52906,52905,52906,1
hunching,53134,52906,53134,228
right_turning,53135,53134,53135,1
walking,53189,53135,53189,54
left_turning,53226,53189,53226,37
sniffing,53320,53226,53320,94
climbing,53339,53320,53339,19
sniffing,53449,53339,53449,110
rising,53450,53449,53450,1
sniffing,53489,53450,53489,39
left_turning,53490,53489,53490,1
sniffing,53501,53490,53501,11
walking,53502,53501,53502,1
sniffing,53503,53502,53503,1
grooming,53504,53503,53504,1
left_turning,53505,53504,53505,1
rising,53510,53505,53510,5
sniffing,53636,53510,53636,126
running,53671,53636,53671,35
right_turning,53715,53671,53715,44
rising,53727,53715,53727,12
climbing,53738,53727,53738,11
running,53760,53738,53760,22
walking,53779,53760,53779,19
sniffing,53780,53779,53780,1
stepping,53786,53780,53786,6
sniffing,53798,53786,53798,12
climbing,53828,53798,53828,30
walking,53864,53828,53864,36
hunching,53865,53864,53865,1
sniffing,53869,53865,53869,4
climbing,53923,53869,53923,54
left_turning,53924,53923,53924,1
sniffing,53953,53924,53953,29
climbing,54011,53953,54011,58
walking,54039,54011,54039,28
sniffing,54164,54039,54164,125
walking,54185,54164,54185,21
sniffing,54209,54185,54209,24
left_turning,54295,54209,54295,86
sniffing,54379,54295,54379,84
walking,54478,54379,54478,99
rising,54540,54478,54540,62
climbing,54560,54540,54560,20
hunching,54686,54560,54686,126
right_turning,54700,54686,54700,14
sniffing,54733,54700,54733,33
walking,54734,54733,54734,1
rising,54754,54734,54754,20
rearing,54755,54754,54755,1
rising,54764,54755,54764,9
sniffing,54965,54764,54965,201
walking,54999,54965,54999,34
sniffing,55051,54999,55051,52
trotting,55072,55051,55072,21
rising,55151,55072,55151,79
climbing,55271,55151,55271,120
rising,55272,55271,55272,1
sniffing,55322,55272,55322,50
walking,55350,55322,55350,28
sniffing,55393,55350,55393,43
rising,55457,55393,55457,64
sniffing,55468,55457,55468,11
trotting,55479,55468,55479,11
left_turning,55500,55479,55500,21
walking,55510,55500,55510,10
sniffing,55562,55510,55562,52
left_turning,55578,55562,55578,16
trotting,55585,55578,55585,7
walking,55609,55585,55609,24
sniffing,55694,55609,55694,85
grooming,55824,55694,55824,130
sniffing,55870,55824,55870,46
climbing,55947,55870,55947,77
sniffing,55970,55947,55970,23
rearing,56023,55970,56023,53
walking,56061,56023,56061,38
stepping,56087,56061,56087,26
walking,56121,56087,56121,34
sniffing,56122,56121,56122,1
rising,56126,56122,56126,4
climbing,56135,56126,56135,9
walking,56177,56135,56177,42
jumping,56263,56177,56263,86
walking,56265,56263,56265,2
sniffing,56266,56265,56266,1
left_turning,56339,56266,56339,73
stepping,56393,56339,56393,54
rising,56422,56393,56422,29
sniffing,56521,56422,56521,99
left_turning,56522,56521,56522,1
running,56560,56522,56560,38
walking,56578,56560,56578,18
rising,56592,56578,56592,14
climbing,56635,56592,56635,43
walking,56663,56635,56663,28
rearing,56674,56663,56674,11
walking,56726,56674,56726,52
sniffing,56778,56726,56778,52
walking,56856,56778,56856,78
rising,56906,56856,56906,50
sniffing,56926,56906,56926,20
walking,56977,56926,56977,51
sniffing,57051,56977,57051,74
walking,57052,57051,57052,1
rising,57097,57052,57097,45
climbing,57098,57097,57098,1
sniffing,57109,57098,57109,11
rearing,57171,57109,57171,62
rising,57172,57171,57172,1
sniffing,57271,57172,57271,99
climbing,57361,57271,57361,90
sniffing,57384,57361,57384,23
walking,57435,57384,57435,51
rearing,57436,57435,57436,1
sniffing,57473,57436,57473,37
walking,57474,57473,57474,1
rearing,57681,57474,57681,207
grooming,57964,57681,57964,283
sniffing,58008,57964,58008,44
rising,58031,58008,58031,23
climbing,58068,58031,58068,37
trotting,58096,58068,58096,28
stepping,58185,58096,58185,89
sniffing,58202,58185,58202,17
grooming,58439,58202,58439,237
walking,58474,58439,58474,35
rising,58512,58474,58512,38
climbing,58535,58512,58535,23
walking,58536,58535,58536,1
stepping,58591,58536,58591,55
climbing,58609,58591,58609,18
walking,58648,58609,58648,39
stepping,58679,58648,58679,31
rising,58703,58679,58703,24
sniffing,58704,58703,58704,1
climbing,58744,58704,58744,40
left_turning,58745,58744,58745,1
sniffing,58833,58745,58833,88
rearing,58834,58833,58834,1
jumping,58878,58834,58878,44
rearing,58939,58878,58939,61
sniffing,58940,58939,58940,1
rising,58941,58940,58941,1
sniffing,59012,58941,59012,71
walking,59026,59012,59026,14
sniffing,59027,59026,59027,1
rising,59028,59027,59028,1
sniffing,59058,59028,59058,30
rising,59064,59058,59064,6
climbing,59090,59064,59090,26
sniffing,59113,59090,59113,23
left_turning,59133,59113,59133,20
rearing,59252,59133,59252,119
climbing,59287,59252,59287,35
rearing,59288,59287,59288,1
sniffing,59374,59288,59374,86
rising,59454,59374,59454,80
sniffing,59535,59454,59535,81
right_turning,59548,59535,59548,13
walking,59564,59548,59564,16
sniffing,59791,59564,59791,227
left_turning,59884,59791,59884,93
sniffing,59931,59884,59931,47
rising,60008,59931,60008,77
climbing,60020,60008,60020,12
left_turning,60059,60020,60059,39
stepping,60076,60059,60076,17
trotting,60112,60076,60112,36
climbing,60154,60112,60154,42
walking,60186,60154,60186,32
left_turning,60234,60186,60234,48
sniffing,60293,60234,60293,59
grooming,60582,60293,60582,289
rearing,60583,60582,60583,1
climbing,60641,60583,60641,58
walking,60642,60641,60642,1
rising,60801,60642,60801,159
climbing,60841,60801,60841,40
walking,60868,60841,60868,27
sniffing,60931,60868,60931,63
rising,60932,60931,60932,1
right_turning,60933,60932,60933,1
sniffing,60996,60933,60996,63
climbing,61018,60996,61018,22
walking,61038,61018,61038,20
left_turning,61111,61038,61111,73
walking,61171,61111,61171,60
sniffing,61193,61171,61193,22
right_turning,61200,61193,61200,7
walking,61234,61200,61234,34
rising,61255,61234,61255,21
walking,61277,61255,61277,22
sniffing,61278,61277,61278,1
stepping,61300,61278,61300,22
sniffing,61346,61300,61346,46
rearing,61347,61346,61347,1
sniffing,61376,61347,61376,29
left_turning,61390,61376,61390,14
sniffing,61418,61390,61418,28
walking,61419,61418,61419,1
climbing,61464,61419,61464,45
rearing,61592,61464,61592,128
climbing,61618,61592,61618,26
rearing,61739,61618,61739,121
rising,61782,61739,61782,43
sniffing,62019,61782,62019,237
walking,62078,62019,62078,59
sniffing,62133,62078,62133,55
climbing,62140,62133,62140,7
right_turning,62193,62140,62193,53
sniffing,62274,62193,62274,81
pausing,62275,62274,62275,1
sniffing,62294,62275,62294,19
rising,62335,62294,62335,41
sniffing,62347,62335,62347,12
grooming,62429,62347,62429,82
left_turning,62441,62429,62441,12
sniffing,62459,62441,62459,18
climbing,62472,62459,62472,13
rising,62575,62472,62575,103
grooming,63545,62575,63545,970
sniffing,63546,63545,63546,1
rising,63547,63546,63547,1
sniffing,63613,63547,63613,66
rising,63624,63613,63624,11
running,63635,63624,63635,11
rising,63640,63635,63640,5
climbing,63670,63640,63670,30
rearing,63689,63670,63689,19
sniffing,63797,63689,63797,108
rising,63817,63797,63817,20
left_turning,63833,63817,63833,16
sniffing,63834,63833,63834,1
right_turning,63856,63834,63856,22
walking,63890,63856,63890,34
sniffing,63998,63890,63998,108
rearing,64014,63998,64014,16
climbing,64064,64014,64064,50
rearing,64065,64064,64065,1
climbing,64087,64065,64087,22
walking,64123,64087,64123,36
rising,64124,64123,64124,1
sniffing,64145,64124,64145,21
right_turning,64168,64145,64168,23
trotting,64215,64168,64215,47
rearing,64238,64215,64238,23
rising,64250,64238,64250,12
climbing,64272,64250,64272,22
stepping,64342,64272,64342,70
rising,64352,64342,64352,10
sniffing,64394,64352,64394,42
rising,64474,64394,64474,80
sniffing,64527,64474,64527,53
walking,64562,64527,64562,35
left_turning,64590,64562,64590,28
sniffing,64592,64590,64592,2
running,64609,64592,64609,17
walking,64667,64609,64667,58
climbing,64770,64667,64770,103
walking,64819,64770,64819,49
rising,64914,64819,64914,95
sniffing,64942,64914,64942,28
walking,64976,64942,64976,34
sniffing,65075,64976,65075,99
climbing,65082,65075,65082,7
sniffing,65083,65082,65083,1
rising,65122,65083,65122,39
sniffing,65161,65122,65161,39
stepping,65177,65161,65177,16
sniffing,65178,65177,65178,1
right_turning,65184,65178,65184,6
running,65216,65184,65216,32
sniffing,65217,65216,65217,1
rearing,65218,65217,65218,1
sniffing,65339,65218,65339,121
climbing,65419,65339,65419,80
rising,65420,65419,65420,1
climbing,65431,65420,65431,11
running,65442,65431,65442,11
walking,65487,65442,65487,45
sniffing,65573,65487,65573,86
rising,65590,65573,65590,17
rearing,65591,65590,65591,1
grooming,65592,65591,65592,1
sniffing,65666,65592,65666,74
grooming,66095,65666,66095,429
hunching,66200,66095,66200,105
running,66210,66200,66210,10
right_turning,66231,66210,66231,21
rising,66292,66231,66292,61
climbing,66362,66292,66362,70
rising,66403,66362,66403,41
grooming,66404,66403,66404,1
left_turning,66405,66404,66405,1
sniffing,66406,66405,66406,1
rearing,66452,66406,66452,46
climbing,66497,66452,66497,45
right_turning,66549,66497,66549,52
stepping,66581,66549,66581,32
walking,66596,66581,66596,15
rising,66630,66596,66630,34
climbing,66689,66630,66689,59
left_turning,66694,66689,66694,5
sniffing,66763,66694,66763,69
left_turning,66780,66763,66780,17
walking,66785,66780,66785,5
rising,66786,66785,66786,1
rearing,66864,66786,66864,78
sniffing,66889,66864,66889,25
pausing,67040,66889,67040,151
sniffing,67139,67040,67139,99
rising,67140,67139,67140,1
sniffing,67191,67140,67191,51
rising,67250,67191,67250,59
sniffing,67298,67250,67298,48
left_turning,67383,67298,67383,85
stepping,67387,67383,67387,4
climbing,67391,67387,67391,4
sniffing,67425,67391,67425,34
rearing,67580,67425,67580,155
trotting,67606,67580,67606,26
walking,67630,67606,67630,24
rearing,67631,67630,67631,1
climbing,67714,67631,67714,83
right_turning,67733,67714,67733,19
climbing,67845,67733,67845,112
sniffing,67941,67845,67941,96
rising,68004,67941,68004,63
climbing,68081,68004,68081,77
rising,68115,68081,68115,34
hunching,68237,68115,68237,122
sniffing,68290,68237,68290,53
right_turning,68295,68290,68295,5
stepping,68296,68295,68296,1
sniffing,68399,68296,68399,103
grooming,68400,68399,68400,1
rearing,68483,68400,68483,83
grooming,69485,68483,69485,1002
running,69495,69485,69495,10
sniffing,69496,69495,69496,1
grooming,69772,69496,69772,276
sniffing,69773,69772,69773,1
right_turning,69790,69773,69790,17
sniffing,69796,69790,69796,6
rising,69799,69796,69799,3
rearing,69876,69799,69876,77
stepping,69887,69876,69887,11
left_turning,69998,69887,69998,111
trotting,69999,69998,69999,1
walking,70071,69999,70071,72
trotting,70103,70071,70103,32
rising,70133,70103,70133,30
rearing,70175,70133,70175,42
sniffing,70240,70175,70240,65
grooming,70436,70240,70436,196
rearing,70547,70436,70547,111
left_turning,70548,70547,70548,1
trotting,70567,70548,70567,19
climbing,70643,70567,70643,76
rising,70644,70643,70644,1
trotting,70657,70644,70657,13
running,70660,70657,70660,3
trotting,70683,70660,70683,23
stepping,70693,70683,70693,10
walking,70743,70693,70743,50
stepping,70744,70743,70744,1
right_turning,70773,70744,70773,29
trotting,70788,70773,70788,15
walking,70812,70788,70812,24
climbing,70918,70812,70918,106
sniffing,71180,70918,71180,262
right_turning,71201,71180,71201,21
walking,71218,71201,71218,17
sniffing,71236,71218,71236,18
left_turning,71249,71236,71249,13
sniffing,71283,71249,71283,34
right_turning,71312,71283,71312,29
sniffing,71453,71312,71453,141
climbing,71530,71453,71530,77
rearing,71545,71530,71545,15
sniffing,71630,71545,71630,85
rising,71680,71630,71680,50
climbing,71693,71680,71693,13
rising,71694,71693,71694,1
sniffing,71767,71694,71767,73
walking,71817,71767,71817,50
sniffing,71818,71817,71818,1
walking,71839,71818,71839,21
sniffing,71854,71839,71854,15
rearing,71908,71854,71908,54
climbing,71932,71908,71932,24
right_turning,71933,71932,71933,1
running,71971,71933,71971,38
right_turning,72016,71971,72016,45
sniffing,72073,72016,72073,57
walking,72092,72073,72092,19
right_turning,72098,72092,72098,6
walking,72103,72098,72103,5
sniffing,72104,72103,72104,1
rearing,72136,72104,72136,32
grooming,72386,72136,72386,250
sniffing,72490,72386,72490,104
walking,72543,72490,72543,53
rising,72553,72543,72553,10
climbing,72609,72553,72609,56
rising,72627,72609,72627,18
sniffing,72777,72627,72777,150
stepping,72789,72777,72789,12
sniffing,72793,72789,72793,4
walking,72821,72793,72821,28
rising,72833,72821,72833,12
grooming,73065,72833,73065,232
left_turning,73083,73065,73083,18
sniffing,73131,73083,73131,48
trotting,73170,73131,73170,39
walking,73205,73170,73205,35
sniffing,73253,73205,73253,48
trotting,73280,73253,73280,27
climbing,73332,73280,73332,52
rearing,73337,73332,73337,5
rising,73368,73337,73368,31
sniffing,73369,73368,73369,1
rising,73432,73369,73432,63
walking,73474,73432,73474,42
sniffing,73475,73474,73475,1
climbing,73486,73475,73486,11
left_turning,73563,73486,73563,77
sniffing,73655,73563,73655,92
trotting,73669,73655,73669,14
sniffing,73710,73669,73710,41
trotting,73718,73710,73718,8
sniffing,73769,73718,73769,51
rearing,73770,73769,73770,1
rising,73771,73770,73771,1
left_turning,73772,73771,73772,1
rearing,73881,73772,73881,109
left_turning,73890,73881,73890,9
sniffing,73976,73890,73976,86
climbing,73998,73976,73998,22
sniffing,74209,73998,74209,211
rising,74214,74209,74214,5
walking,74227,74214,74227,13
climbing,74320,74227,74320,93
sniffing,74352,74320,74352,32
grooming,74376,74352,74376,24
sniffing,74430,74376,74430,54
walking,74431,74430,74431,1
climbing,74481,74431,74481,50
rising,74482,74481,74482,1
sniffing,74603,74482,74603,121
left_turning,74635,74603,74635,32
sniffing,74637,74635,74637,2
rearing,74773,74637,74773,136
rising,74802,74773,74802,29
walking,74849,74802,74849,47
rising,74850,74849,74850,1
sniffing,74851,74850,74851,1
left_turning,74852,74851,74852,1
rising,74880,74852,74880,28
sniffing,74913,74880,74913,33
rearing,75010,74913,75010,97
climbing,75067,75010,75067,57
rearing,75117,75067,75117,50
sniffing,75147,75117,75147,30
hunching,75183,75147,75183,36
right_turning,75213,75183,75213,30
walking,75214,75213,75214,1
sniffing,75219,75214,75219,5
rearing,75333,75219,75333,114
climbing,75382,75333,75382,49
left_turning,75417,75382,75417,35
trotting,75428,75417,75428,11
walking,75486,75428,75486,58
sniffing,75572,75486,75572,86
rearing,75622,75572,75622,50
rising,75637,75622,75637,15
sniffing,75688,75637,75688,51
left_turning,75689,75688,75689,1
walking,75737,75689,75737,48
sniffing,75738,75737,75738,1
left_turning,75753,75738,75753,15
sniffing,75775,75753,75775,22
climbing,75776,75775,75776,1
left_turning,75836,75776,75836,60
sniffing,75837,75836,75837,1
hunching,75853,75837,75853,16
rising,75870,75853,75870,17
walking,75903,75870,75903,33
sniffing,75916,75903,75916,13
stepping,75956,75916,75956,40
rising,75999,75956,75999,43
sniffing,76000,75999,76000,1
left_turning,76029,76000,76029,29
walking,76041,76029,76041,12
sniffing,76059,76041,76059,18
rising,76087,76059,76087,28
sniffing,76088,76087,76088,1
right_turning,76110,76088,76110,22
walking,76135,76110,76135,25
sniffing,76269,76135,76269,134
hunching,76270,76269,76270,1
rising,76272,76270,76272,2
sniffing,76338,76272,76338,66
walking,76353,76338,76353,15
trotting,76357,76353,76357,4
left_turning,76358,76357,76358,1
walking,76433,76358,76433,75
grooming,76770,76433,76770,337
sniffing,76802,76770,76802,32
climbing,76846,76802,76846,44
trotting,76878,76846,76878,32
walking,76942,76878,76942,64
sniffing,76944,76942,76944,2
stepping,76960,76944,76960,16
rising,76975,76960,76975,15
sniffing,77019,76975,77019,44
left_turning,77104,77019,77104,85
trotting,77136,77104,77136,32
stepping,77181,77136,77181,45
sniffing,77182,77181,77182,1
trotting,77205,77182,77205,23
sniffing,77213,77205,77213,8
running,77217,77213,77217,4
climbing,77296,77217,77296,79
sniffing,77313,77296,77313,17
stepping,77356,77313,77356,43
sniffing,77360,77356,77360,4
left_turning,77379,77360,77379,19
running,77400,77379,77400,21
sniffing,77426,77400,77426,26
climbing,77487,77426,77487,61
trotting,77558,77487,77558,71
sniffing,77609,77558,77609,51
rising,77628,77609,77628,19
left_turning,77633,77628,77633,5
sniffing,77634,77633,77634,1
rising,77637,77634,77637,3
climbing,77662,77637,77662,25
walking,77668,77662,77668,6
sniffing,77835,77668,77835,167
rearing,77840,77835,77840,5
hunching,77886,77840,77886,46
right_turning,77899,77886,77899,13
stepping,77941,77899,77941,42
left_turning,77978,77941,77978,37
sniffing,78009,77978,78009,31
climbing,78045,78009,78045,36
rising,78046,78045,78046,1
sniffing,78081,78046,78081,35
grooming,78082,78081,78082,1
climbing,78142,78082,78142,60
walking,78146,78142,78146,4
sniffing,78236,78146,78236,90
running,78247,78236,78247,11
sniffing,78299,78247,78299,52
climbing,78368,78299,78368,69
hunching,78390,78368,78390,22
rearing,78571,78390,78571,181
climbing,78658,78571,78658,87
walking,78674,78658,78674,16
right_turning,78721,78674,78721,47
climbing,78744,78721,78744,23
walking,78789,78744,78789,45
sniffing,78824,78789,78824,35
walking,78862,78824,78862,38
rising,78867,78862,78867,5
sniffing,78887,78867,78887,20
rising,78898,78887,78898,11
climbing,78984,78898,78984,86
trotting,79024,78984,79024,40
left_turning,79041,79024,79041,17
walking,79067,79041,79067,26
rising,79087,79067,79087,20
climbing,79146,79087,79146,59
rising,79158,79146,79158,12
walking,79182,79158,79182,24
rising,79217,79182,79217,35
stepping,79229,79217,79229,12
climbing,79360,79229,79360,131
rising,79361,79360,79361,1
sniffing,79423,79361,79423,62
climbing,79475,79423,79475,52
right_turning,79522,79475,79522,47
trotting,79553,79522,79553,31
rising,79562,79553,79562,9
walking,79597,79562,79597,35
rearing,79638,79597,79638,41
climbing,79733,79638,79733,95
rearing,79734,79733,79734,1
walking,79797,79734,79797,63
climbing,79812,79797,79812,15
rearing,79813,79812,79813,1
climbing,79835,79813,79835,22
walking,79866,79835,79866,31
climbing,79868,79866,79868,2
walking,79869,79868,79869,1
stepping,79870,79869,79870,1
sniffing,79948,79870,79948,78
walking,79997,79948,79997,49
trotting,80005,79997,80005,8
sniffing,80055,80005,80055,50
walking,80056,80055,80056,1
sniffing,80131,80056,80131,75
climbing,80151,80131,80151,20
rising,80183,80151,80183,32
climbing,80239,80183,80239,56
rising,80285,80239,80285,46
grooming,80286,80285,80286,1
left_turning,80287,80286,80287,1
walking,80347,80287,80347,60
sniffing,80547,80347,80547,200
rising,80580,80547,80580,33
climbing,80652,80580,80652,72
sniffing,80653,80652,80653,1
rearing,80722,80653,80722,69
grooming,80728,80722,80728,6
trotting,80734,80728,80734,6
sniffing,80806,80734,80806,72
climbing,80829,80806,80829,23
left_turning,80853,80829,80853,24
right_turning,80864,80853,80864,11
walking,80865,80864,80865,1
stepping,80983,80865,80983,118
walking,81034,80983,81034,51
sniffing,81139,81034,81139,105
walking,81158,81139,81158,19
sniffing,81159,81158,81159,1
right_turning,81194,81159,81194,35
rising,81268,81194,81268,74
trotting,81289,81268,81289,21
walking,81309,81289,81309,20
sniffing,81345,81309,81345,36
climbing,81346,81345,81346,1
sniffing,81376,81346,81376,30
left_turning,81377,81376,81377,1
trotting,81379,81377,81379,2
walking,81380,81379,81380,1
rising,81431,81380,81431,51
sniffing,81432,81431,81432,1
stepping,81464,81432,81464,32
left_turning,81562,81464,81562,98
sniffing,81643,81562,81643,81
hunching,81686,81643,81686,43
right_turning,81727,81686,81727,41
running,81767,81727,81767,40
rising,81812,81767,81812,45
climbing,81880,81812,81880,68
right_turning,81903,81880,81903,23
stepping,81904,81903,81904,1
sniffing,81956,81904,81956,52
walking,81990,81956,81990,34
sniffing,81991,81990,81991,1
pausing,82419,81991,82419,428
sniffing,82430,82419,82430,11
hunching,82586,82430,82586,156
climbing,82653,82586,82653,67
rearing,82807,82653,82807,154
walking,82855,82807,82855,48
sniffing,82856,82855,82856,1
rising,82884,82856,82884,28
climbing,82894,82884,82894,10
rearing,83000,82894,83000,106
stepping,83028,83000,83028,28
left_turning,83038,83028,83038,10
sniffing,83039,83038,83039,1
rising,83047,83039,83047,8
sniffing,83048,83047,83048,1
pausing,83161,83048,83161,113
rising,83249,83161,83249,88
rearing,83250,83249,83250,1
sniffing,83251,83250,83251,1
walking,83280,83251,83280,29
sniffing,83343,83280,83343,63
climbing,83467,83343,83467,124
stepping,83555,83467,83555,88
climbing,83577,83555,83577,22
rising,83615,83577,83615,38
sniffing,83616,83615,83616,1
pausing,83712,83616,83712,96
sniffing,83779,83712,83779,67
right_turning,83844,83779,83844,65
left_turning,83879,83844,83879,35
trotting,83894,83879,83894,15
left_turning,84000,83894,84000,106
sniffing,84166,84000,84166,166
stepping,84184,84166,84184,18
walking,84200,84184,84200,16
sniffing,84201,84200,84201,1
left_turning,84243,84201,84243,42
sniffing,84347,84243,84347,104
rising,84400,84347,84400,53
climbing,84447,84400,84447,47
sniffing,84448,84447,84448,1
grooming,84578,84448,84578,130
hunching,84706,84578,84706,128
rearing,84820,84706,84820,114
sniffing,84870,84820,84870,50
rising,84871,84870,84871,1
climbing,84932,84871,84932,61
hunching,84933,84932,84933,1
climbing,84990,84933,84990,57
rising,84994,84990,84994,4
climbing,85052,84994,85052,58
rising,85053,85052,85053,1
sniffing,85165,85053,85165,112
trotting,85223,85165,85223,58
left_turning,85291,85223,85291,68
sniffing,85390,85291,85390,99
rising,85391,85390,85391,1
climbing,85423,85391,85423,32
hunching,85440,85423,85440,17
grooming,85459,85440,85459,19
rearing,85594,85459,85594,135
climbing,85617,85594,85617,23
rising,85646,85617,85646,29
climbing,85703,85646,85703,57
grooming,85938,85703,85938,235
rearing,85972,85938,85972,34
climbing,86085,85972,86085,113
right_turning,86111,86085,86111,26
sniffing,86162,86111,86162,51
climbing,86230,86162,86230,68
sniffing,86297,86230,86297,67
climbing,86347,86297,86347,50
sniffing,86356,86347,86356,9
walking,86464,86356,86464,108
stepping,86491,86464,86491,27
climbing,86518,86491,86518,27
rearing,86519,86518,86519,1
running,86541,86519,86541,22
sniffing,86542,86541,86542,1
rising,86576,86542,86576,34
stepping,86613,86576,86613,37
rising,86636,86613,86636,23
climbing,86659,86636,86659,23
sniffing,86756,86659,86756,97
rising,86811,86756,86811,55
right_turning,86826,86811,86826,15
walking,86827,86826,86827,1
left_turning,86837,86827,86837,10
sniffing,86934,86837,86934,97
rearing,86935,86934,86935,1
climbing,86964,86935,86964,29
rising,87003,86964,87003,39
sniffing,87141,87003,87141,138
climbing,87226,87141,87226,85
rising,87281,87226,87281,55
left_turning,87289,87281,87289,8
walking,87349,87289,87349,60
sniffing,87363,87349,87363,14
left_turning,87596,87363,87596,233
sniffing,87640,87596,87640,44
rearing,87681,87640,87681,41
grooming,87682,87681,87682,1
sniffing,87713,87682,87713,31
rising,87823,87713,87823,110
climbing,87859,87823,87859,36
walking,87883,87859,87883,24
rising,87884,87883,87884,1
right_turning,87885,87884,87885,1
stepping,87902,87885,87902,17
sniffing,87913,87902,87913,11
rising,87959,87913,87959,46
walking,88010,87959,88010,51
climbing,88070,88010,88070,60
walking,88086,88070,88086,16
rising,88131,88086,88131,45
climbing,88196,88131,88196,65
hunching,88197,88196,88197,1
right_turning,88227,88197,88227,30
trotting,88269,88227,88269,42
sniffing,88403,88269,88403,134
stepping,88418,88403,88418,15
walking,88466,88418,88466,48
sniffing,88467,88466,88467,1
left_turning,88521,88467,88521,54
sniffing,88554,88521,88554,33
rising,88555,88554,88555,1
walking,88632,88555,88632,77
stepping,88695,88632,88695,63
sniffing,88759,88695,88759,64
walking,88774,88759,88774,15
sniffing,88793,88774,88793,19
climbing,88863,88793,88863,70
rearing,88864,88863,88864,1
left_turning,88873,88864,88873,9
sniffing,88911,88873,88911,38
left_turning,88922,88911,88922,11
sniffing,89025,88922,89025,103
left_turning,89065,89025,89065,40
sniffing,89083,89065,89083,18
left_turning,89332,89083,89332,249
grooming,89368,89332,89368,36
sniffing,89369,89368,89369,1
grooming,89982,89369,89982,613
sniffing,90051,89982,90051,69
walking,90071,90051,90071,20
climbing,90091,90071,90091,20
running,90125,90091,90125,34
trotting,90146,90125,90146,21
sniffing,90203,90146,90203,57
stepping,90222,90203,90222,19
walking,90240,90222,90240,18
climbing,90270,90240,90270,30
walking,90288,90270,90288,18
hunching,90350,90288,90350,62
grooming,90351,90350,90351,1
sniffing,90405,90351,90405,54
climbing,90534,90405,90534,129
sniffing,90547,90534,90547,13
climbing,90580,90547,90580,33
sniffing,90643,90580,90643,63
rising,90677,90643,90677,34
climbing,90730,90677,90730,53
rising,90793,90730,90793,63
climbing,90836,90793,90836,43
sniffing,91059,90836,91059,223
left_turning,91115,91059,91115,56
rising,91160,91115,91160,45
sniffing,91162,91160,91162,2
rising,91199,91162,91199,37
climbing,91235,91199,91235,36
sniffing,91236,91235,91236,1
rising,91237,91236,91237,1
sniffing,91268,91237,91268,31
rising,91335,91268,91335,67
rearing,91481,91335,91481,146
hunching,91548,91481,91548,67
grooming,91743,91548,91743,195
rearing,91780,91743,91780,37
grooming,91800,91780,91800,20
rearing,91832,91800,91832,32
walking,91858,91832,91858,26
sniffing,91859,91858,91859,1
climbing,91921,91859,91921,62
rearing,92038,91921,92038,117
grooming,92039,92038,92039,1
rising,92053,92039,92053,14
climbing,92168,92053,92168,115
walking,92169,92168,92169,1
rising,92170,92169,92170,1
climbing,92219,92170,92219,49
sniffing,92221,92219,92221,2
right_turning,92252,92221,92252,31
sniffing,92253,92252,92253,1
left_turning,92280,92253,92280,27
sniffing,92352,92280,92352,72
stepping,92404,92352,92404,52
climbing,92412,92404,92412,8
right_turning,92428,92412,92428,16
sniffing,92464,92428,92464,36
left_turning,92492,92464,92492,28
sniffing,92533,92492,92533,41
rising,92554,92533,92554,21
climbing,92613,92554,92613,59
rearing,92626,92613,92626,13
sniffing,92731,92626,92731,105
left_turning,92781,92731,92781,50
sniffing,92814,92781,92814,33
left_turning,92851,92814,92851,37
walking,92852,92851,92852,1
sniffing,92871,92852,92871,19
climbing,92939,92871,92939,68
rearing,92994,92939,92994,55
sniffing,93051,92994,93051,57
walking,93090,93051,93090,39
sniffing,93282,93090,93282,192
grooming,93283,93282,93283,1
left_turning,93327,93283,93327,44
stepping,93328,93327,93328,1
climbing,93388,93328,93388,60
hunching,93389,93388,93389,1
climbing,93415,93389,93415,26
rising,93479,93415,93479,64
climbing,93518,93479,93518,39
sniffing,93519,93518,93519,1
trotting,93532,93519,93532,13
sniffing,93581,93532,93581,49
rising,93613,93581,93613,32
climbing,93660,93613,93660,47
left_turning,93661,93660,93661,1
sniffing,93715,93661,93715,54
pausing,93808,93715,93808,93
left_turning,93837,93808,93837,29
rising,93849,93837,93849,12
rearing,93888,93849,93888,39
sniffing,93905,93888,93905,17
left_turning,93906,93905,93906,1
sniffing,94018,93906,94018,112
rising,94052,94018,94052,34
grooming,94053,94052,94053,1
sniffing,94054,94053,94054,1
rising,94055,94054,94055,1
sniffing,94157,94055,94157,102
left_turning,94204,94157,94204,47
walking,94269,94204,94269,65
climbing,94315,94269,94315,46
right_turning,94319,94315,94319,4
walking,94378,94319,94378,59
sniffing,94552,94378,94552,174
trotting,94558,94552,94558,6
rising,94626,94558,94626,68
hunching,94648,94626,94648,22
climbing,94681,94648,94681,33
sniffing,94695,94681,94695,14
left_turning,94746,94695,94746,51
sniffing,94841,94746,94841,95
rising,94842,94841,94842,1
sniffing,94843,94842,94843,1
trotting,94873,94843,94873,30
left_turning,94874,94873,94874,1
running,94898,94874,94898,24
sniffing,94899,94898,94899,1
right_turning,94907,94899,94907,8
walking,94943,94907,94943,36
climbing,94955,94943,94955,12
rising,95018,94955,95018,63
right_turning,95056,95018,95056,38
sniffing,95119,95056,95119,63
left_turning,95120,95119,95120,1
walking,95140,95120,95140,20
rearing,95206,95140,95206,66
grooming,95634,95206,95634,428
sniffing,95653,95634,95653,19
left_turning,95680,95653,95680,27
sniffing,95750,95680,95750,70
left_turning,95751,95750,95751,1
walking,95787,95751,95787,36
stepping,95799,95787,95799,12
walking,95866,95799,95866,67
rising,95920,95866,95920,54
walking,95954,95920,95954,34
sniffing,95959,95954,95959,5
rising,95998,95959,95998,39
walking,96062,95998,96062,64
left_turning,96063,96062,96063,1
rising,96101,96063,96101,38
climbing,96140,96101,96140,39
grooming,96150,96140,96150,10
hunching,96232,96150,96232,82
grooming,96337,96232,96337,105
right_turning,96356,96337,96356,19
walking,96357,96356,96357,1
stepping,96366,96357,96366,9
walking,96378,96366,96378,12
sniffing,96419,96378,96419,41
climbing,96420,96419,96420,1
sniffing,96509,96420,96509,89
left_turning,96566,96509,96566,57
walking,96575,96566,96575,9
sniffing,96638,96575,96638,63
stepping,96657,96638,96657,19
right_turning,96671,96657,96671,14
trotting,96701,96671,96701,30
rising,96704,96701,96704,3
sniffing,96713,96704,96713,9
left_turning,96714,96713,96714,1
sniffing,96762,96714,96762,48
rising,96846,96762,96846,84
climbing,96862,96846,96862,16
sniffing,96932,96862,96932,70
walking,96971,96932,96971,39
right_turning,96978,96971,96978,7
walking,96979,96978,96979,1
sniffing,96980,96979,96980,1
jumping,97155,96980,97155,175
rising,97159,97155,97159,4
sniffing,97160,97159,97160,1
walking,97161,97160,97161,1
sniffing,97162,97161,97162,1
trotting,97163,97162,97163,1
rising,97202,97163,97202,39
climbing,97252,97202,97252,50
trotting,97277,97252,97277,25
sniffing,97335,97277,97335,58
grooming,97372,97335,97372,37
right_turning,97393,97372,97393,21
walking,97454,97393,97454,61
sniffing,97534,97454,97534,80
rising,97535,97534,97535,1
rearing,97536,97535,97536,1
hunching,97555,97536,97555,19
climbing,97601,97555,97601,46
rearing,97681,97601,97681,80
sniffing,97798,97681,97798,117
rising,97883,97798,97883,85
sniffing,97884,97883,97884,1
climbing,97953,97884,97953,69
sniffing,97954,97953,97954,1
rising,97983,97954,97983,29
sniffing,97990,97983,97990,7
walking,97991,97990,97991,1
sniffing,98041,97991,98041,50
stepping,98071,98041,98071,30
left_turning,98105,98071,98105,34
walking,98144,98105,98144,39
left_turning,98151,98144,98151,7
walking,98229,98151,98229,78
stepping,98246,98229,98246,17
rising,98271,98246,98271,25
sniffing,98354,98271,98354,83
rising,98431,98354,98431,77
sniffing,98491,98431,98491,60
grooming,98537,98491,98537,46
sniffing,98567,98537,98567,30
climbing,98568,98567,98568,1
right_turning,98598,98568,98598,30
walking,98626,98598,98626,28
stepping,98681,98626,98681,55
hunching,98791,98681,98791,110
sniffing,98837,98791,98837,46
pausing,98838,98837,98838,1
walking,98896,98838,98896,58
right_turning,98934,98896,98934,38
left_turning,98967,98934,98967,33
walking,99025,98967,99025,58
sniffing,99117,99025,99117,92
left_turning,99150,99117,99150,33
sniffing,99210,99150,99210,60
rising,99236,99210,99236,26
sniffing,99263,99236,99263,27
left_turning,99309,99263,99309,46
rising,99348,99309,99348,39
climbing,99349,99348,99349,1
rearing,99350,99349,99350,1
sniffing,99430,99350,99430,80
rising,99452,99430,99452,22
climbing,99495,99452,99495,43
rising,99567,99495,99567,72
walking,99606,99567,99606,39
sniffing,99630,99606,99630,24
rising,99647,99630,99647,17
rearing,99674,99647,99674,27
sniffing,99804,99674,99804,130
climbing,99855,99804,99855,51
rising,99990,99855,99990,135
sniffing,100083,99990,100083,93
rearing,100157,100083,100157,74
grooming,100407,100157,100407,250
sniffing,100408,100407,100408,1
rising,100426,100408,100426,18
sniffing,100436,100426,100436,10
hunching,100437,100436,100437,1
grooming,101032,100437,101032,595
sniffing,101134,101032,101134,102
pausing,101135,101134,101135,1
sniffing,101144,101135,101144,9
grooming,101188,101144,101188,44
sniffing,101264,101188,101264,76
climbing,101265,101264,101265,1
rising,101354,101265,101354,89
climbing,101367,101354,101367,13
rearing,101586,101367,101586,219
sniffing,101868,101586,101868,282
climbing,101933,101868,101933,65
running,101936,101933,101936,3
walking,101946,101936,101946,10
sniffing,101960,101946,101960,14
rearing,102030,101960,102030,70
climbing,102122,102030,102122,92
rising,102123,102122,102123,1
climbing,102173,102123,102173,50
sniffing,102252,102173,102252,79
right_turning,102253,102252,102253,1
left_turning,102374,102253,102374,121
rearing,102458,102374,102458,84
sniffing,102459,102458,102459,1
rising,102522,102459,102522,63
sniffing,102549,102522,102549,27
left_turning,102569,102549,102569,20
walking,102600,102569,102600,31
sniffing,102611,102600,102611,11
grooming,102759,102611,102759,148
rising,102769,102759,102769,10
sniffing,102770,102769,102770,1
left_turning,102816,102770,102816,46
sniffing,102936,102816,102936,120
grooming,103073,102936,103073,137
hunching,103117,103073,103117,44
sniffing,103173,103117,103173,56
left_turning,103181,103173,103181,8
trotting,103223,103181,103223,42
left_turning,103286,103223,103286,63
sniffing,103287,103286,103287,1
walking,103341,103287,103341,54
stepping,103355,103341,103355,14
sniffing,103356,103355,103356,1
rising,103395,103356,103395,39
climbing,103505,103395,103505,110
walking,103506,103505,103506,1
sniffing,103623,103506,103623,117
hunching,103632,103623,103632,9
grooming,103633,103632,103633,1
rising,103677,103633,103677,44
climbing,103678,103677,103678,1
sniffing,103820,103678,103820,142
rising,103821,103820,103821,1
sniffing,103822,103821,103822,1
walking,103885,103822,103885,63
rearing,104050,103885,104050,165
grooming,104345,104050,104345,295
sniffing,104430,104345,104430,85
left_turning,104489,104430,104489,59
climbing,104496,104489,104496,7
rearing,104625,104496,104625,129
walking,104626,104625,104626,1
sniffing,104699,104626,104699,73
grooming,105103,104699,105103,404
sniffing,105177,105103,105177,74
rising,105211,105177,105211,34
rearing,105277,105211,105277,66
climbing,105331,105277,105331,54
rearing,105332,105331,105332,1
grooming,105333,105332,105333,1
walking,105334,105333,105334,1
sniffing,105337,105334,105337,3
rising,105366,105337,105366,29
left_turning,105423,105366,105423,57
walking,105424,105423,105424,1
trotting,105443,105424,105443,19
right_turning,105444,105443,105444,1
rising,105445,105444,105445,1
sniffing,105446,105445,105446,1
rising,105471,105446,105471,25
grooming,105751,105471,105751,280
sniffing,105848,105751,105848,97
left_turning,105868,105848,105868,20
walking,105869,105868,105869,1
climbing,105877,105869,105877,8
sniffing,105904,105877,105904,27
rising,105956,105904,105956,52
sniffing,106001,105956,106001,45
rising,106002,106001,106002,1
sniffing,106060,106002,106060,58
right_turning,106101,106060,106101,41
sniffing,106142,106101,106142,41
left_turning,106143,106142,106143,1
rising,106156,106143,106156,13
right_turning,106192,106156,106192,36
walking,106205,106192,106205,13
rising,106249,106205,106249,44
sniffing,106324,106249,106324,75
stepping,106368,106324,106368,44
rising,106437,106368,106437,69
sniffing,106438,106437,106438,1
grooming,106439,106438,106439,1
sniffing,106621,106439,106621,182
rising,106622,106621,106622,1
trotting,106656,106622,106656,34
rising,106670,106656,106670,14
sniffing,106678,106670,106678,8
rising,106720,106678,106720,42
climbing,106721,106720,106721,1
hunching,106747,106721,106747,26
rising,106797,106747,106797,50
trotting,106825,106797,106825,28
sniffing,106984,106825,106984,159
right_turning,106985,106984,106985,1
left_turning,107046,106985,107046,61
sniffing,107248,107046,107248,202
rising,107262,107248,107262,14
rearing,107263,107262,107263,1
walking,107285,107263,107285,22
left_turning,107327,107285,107327,42
sniffing,107363,107327,107363,36
stepping,107376,107363,107376,13
rising,107377,107376,107377,1
sniffing,107436,107377,107436,59
rising,107448,107436,107448,12
rearing,107474,107448,107474,26
walking,107488,107474,107488,14
sniffing,107495,107488,107495,7
rearing,107496,107495,107496,1
rising,107542,107496,107542,46
climbing,107645,107542,107645,103
sniffing,107646,107645,107646,1
climbing,107683,107646,107683,37
rising,107699,107683,107699,16
climbing,107759,107699,107759,60
walking,107817,107759,107817,58
climbing,107887,107817,107887,70
sniffing,107888,107887,107888,1
pausing,107889,107888,107889,1
sniffing,107928,107889,107928,39
rearing,107929,107928,107929,1
grooming,107935,107929,107935,6
left_turning,107936,107935,107936,1
stepping,107946,107936,107946,10
sniffing,108000,107946,108000,54
