revised_movement_label,segBoundary,segBoundary_start,segBoundary_end,length
rising,29,0,29,29
sniffing,57,29,57,28
climbing,128,57,128,71
rising,144,128,144,16
hunching,193,144,193,49
sniffing,194,193,194,1
walking,220,194,220,26
sniffing,233,220,233,13
rearing,234,233,234,1
climbing,280,234,280,46
trotting,314,280,314,34
walking,333,314,333,19
trotting,374,333,374,41
walking,396,374,396,22
rising,397,396,397,1
rearing,398,397,398,1
climbing,463,398,463,65
sniffing,505,463,505,42
trotting,542,505,542,37
walking,675,542,675,133
hunching,867,675,867,192
sniffing,928,867,928,61
walking,963,928,963,35
sniffing,991,963,991,28
left_turning,1010,991,1010,19
rising,1047,1010,1047,37
climbing,1090,1047,1090,43
right_turning,1118,1090,1118,28
rearing,1173,1118,1173,55
rising,1223,1173,1223,50
climbing,1304,1223,1304,81
walking,1319,1304,1319,15
sniffing,1320,1319,1320,1
climbing,1367,1320,1367,47
walking,1412,1367,1412,45
stepping,1439,1412,1439,27
walking,1459,1439,1459,20
stepping,1475,1459,1475,16
sniffing,1476,1475,1476,1
rising,1529,1476,1529,53
climbing,1555,1529,1555,26
rising,1645,1555,1645,90
sniffing,1646,1645,1646,1
rising,1647,1646,1647,1
climbing,1684,1647,1684,37
sniffing,1730,1684,1730,46
walking,1786,1730,1786,56
trotting,1798,1786,1798,12
walking,1830,1798,1830,32
trotting,1864,1830,1864,34
walking,1874,1864,1874,10
trotting,1919,1874,1919,45
walking,2004,1919,2004,85
rising,2081,2004,2081,77
climbing,2114,2081,2114,33
right_turning,2124,2114,2124,10
climbing,2149,2124,2149,25
walking,2150,2149,2150,1
sniffing,2187,2150,2187,37
walking,2241,2187,2241,54
sniffing,2252,2241,2252,11
rising,2253,2252,2253,1
climbing,2323,2253,2323,70
sniffing,2324,2323,2324,1
walking,2325,2324,2325,1
climbing,2363,2325,2363,38
running,2364,2363,2364,1
walking,2418,2364,2418,54
trotting,2447,2418,2447,29
left_turning,2456,2447,2456,9
rising,2460,2456,2460,4
climbing,2511,2460,2511,51
hunching,2512,2511,2512,1
sniffing,2608,2512,2608,96
climbing,2654,2608,2654,46
sniffing,2774,2654,2774,120
climbing,2807,2774,2807,33
walking,2821,2807,2821,14
rising,2838,2821,2838,17
climbing,2901,2838,2901,63
hunching,2969,2901,2969,68
sniffing,3028,2969,3028,59
rising,3081,3028,3081,53
climbing,3104,3081,3104,23
sniffing,3189,3104,3189,85
climbing,3238,3189,3238,49
walking,3242,3238,3242,4
sniffing,3283,3242,3283,41
rising,3284,3283,3284,1
climbing,3330,3284,3330,46
sniffing,3367,3330,3367,37
rising,3368,3367,3368,1
right_turning,3377,3368,3377,9
trotting,3402,3377,3402,25
walking,3448,3402,3448,46
climbing,3478,3448,3478,30
left_turning,3503,3478,3503,25
sniffing,3516,3503,3516,13
climbing,3529,3516,3529,13
sniffing,3569,3529,3569,40
rising,3570,3569,3570,1
sniffing,3626,3570,3626,56
rising,3627,3626,3627,1
climbing,3658,3627,3658,31
sniffing,3784,3658,3784,126
walking,3785,3784,3785,1
rising,3820,3785,3820,35
walking,3839,3820,3839,19
running,3844,3839,3844,5
sniffing,3893,3844,3893,49
rising,3941,3893,3941,48
walking,3942,3941,3942,1
trotting,3983,3942,3983,41
sniffing,3999,3983,3999,16
walking,4009,3999,4009,10
sniffing,4053,4009,4053,44
left_turning,4084,4053,4084,31
running,4108,4084,4108,24
walking,4143,4108,4143,35
sniffing,4199,4143,4199,56
climbing,4210,4199,4210,11
sniffing,4250,4210,4250,40
hunching,4258,4250,4258,8
sniffing,4259,4258,4259,1
rising,4446,4259,4446,187
climbing,4462,4446,4462,16
walking,4488,4462,4488,26
rising,4493,4488,4493,5
left_turning,4548,4493,4548,55
sniffing,4704,4548,4704,156
climbing,4732,4704,4732,28
running,4755,4732,4755,23
rising,4756,4755,4756,1
climbing,4798,4756,4798,42
rising,4822,4798,4822,24
trotting,4843,4822,4843,21
walking,4868,4843,4868,25
sniffing,4895,4868,4895,27
rearing,4907,4895,4907,12
climbing,4939,4907,4939,32
stepping,4976,4939,4976,37
walking,4991,4976,4991,15
sniffing,5043,4991,5043,52
rising,5078,5043,5078,35
climbing,5111,5078,5111,33
rising,5217,5111,5217,106
rearing,5218,5217,5218,1
climbing,5249,5218,5249,31
rising,5253,5249,5253,4
rearing,5254,5253,5254,1
climbing,5278,5254,5278,24
trotting,5292,5278,5292,14
sniffing,5321,5292,5321,29
climbing,5356,5321,5356,35
walking,5365,5356,5365,9
rising,5366,5365,5366,1
left_turning,5369,5366,5369,3
stepping,5403,5369,5403,34
sniffing,5525,5403,5525,122
walking,5534,5525,5534,9
sniffing,5535,5534,5535,1
left_turning,5548,5535,5548,13
sniffing,5549,5548,5549,1
right_turning,5554,5549,5554,5
walking,5570,5554,5570,16
sniffing,5655,5570,5655,85
walking,5666,5655,5666,11
right_turning,5667,5666,5667,1
stepping,5680,5667,5680,13
rising,5698,5680,5698,18
sniffing,5771,5698,5771,73
rearing,5772,5771,5772,1
grooming,6524,5772,6524,752
sniffing,6550,6524,6550,26
left_turning,6594,6550,6594,44
walking,6644,6594,6644,50
sniffing,6645,6644,6645,1
walking,6646,6645,6646,1
right_turning,6654,6646,6654,8
sniffing,6804,6654,6804,150
rising,6814,6804,6814,10
stepping,6866,6814,6866,52
climbing,6870,6866,6870,4
rising,6871,6870,6871,1
sniffing,6879,6871,6879,8
climbing,6906,6879,6906,27
sniffing,6949,6906,6949,43
rising,6950,6949,6950,1
grooming,6951,6950,6951,1
hunching,7039,6951,7039,88
climbing,7094,7039,7094,55
rearing,7102,7094,7102,8
climbing,7145,7102,7145,43
rising,7230,7145,7230,85
climbing,7308,7230,7308,78
left_turning,7312,7308,7312,4
walking,7361,7312,7361,49
trotting,7372,7361,7372,11
running,7403,7372,7403,31
trotting,7422,7403,7422,19
rising,7423,7422,7423,1
stepping,7489,7423,7489,66
sniffing,7548,7489,7548,59
trotting,7558,7548,7558,10
walking,7562,7558,7562,4
trotting,7587,7562,7587,25
stepping,7614,7587,7614,27
trotting,7670,7614,7670,56
sniffing,7730,7670,7730,60
climbing,7753,7730,7753,23
sniffing,7782,7753,7782,29
left_turning,7823,7782,7823,41
trotting,7845,7823,7845,22
sniffing,7874,7845,7874,29
rising,7957,7874,7957,83
climbing,7973,7957,7973,16
right_turning,8000,7973,8000,27
climbing,8029,8000,8029,29
rising,8067,8029,8067,38
climbing,8082,8067,8082,15
sniffing,8226,8082,8226,144
stepping,8252,8226,8252,26
sniffing,8279,8252,8279,27
walking,8285,8279,8285,6
sniffing,8348,8285,8348,63
left_turning,8373,8348,8373,25
sniffing,8407,8373,8407,34
walking,8452,8407,8452,45
sniffing,8460,8452,8460,8
trotting,8491,8460,8491,31
climbing,8524,8491,8524,33
rising,8640,8524,8640,116
climbing,8641,8640,8641,1
walking,8655,8641,8655,14
rising,8719,8655,8719,64
climbing,8786,8719,8786,67
rising,8814,8786,8814,28
rearing,8849,8814,8849,35
rising,8850,8849,8850,1
sniffing,8878,8850,8878,28
rearing,9010,8878,9010,132
grooming,9027,9010,9027,17
rearing,9198,9027,9198,171
trotting,9218,9198,9218,20
walking,9278,9218,9278,60
stepping,9279,9278,9279,1
climbing,9341,9279,9341,62
sniffing,9380,9341,9380,39
climbing,9431,9380,9431,51
walking,9458,9431,9458,27
climbing,9498,9458,9498,40
rising,9522,9498,9522,24
climbing,9575,9522,9575,53
right_turning,9617,9575,9617,42
walking,9631,9617,9631,14
sniffing,9632,9631,9632,1
left_turning,9657,9632,9657,25
sniffing,9659,9657,9659,2
trotting,9660,9659,9660,1
sniffing,9839,9660,9839,179
climbing,9881,9839,9881,42
left_turning,9900,9881,9900,19
running,9918,9900,9918,18
stepping,9919,9918,9919,1
walking,9946,9919,9946,27
rising,10022,9946,10022,76
climbing,10041,10022,10041,19
sniffing,10172,10041,10172,131
right_turning,10189,10172,10189,17
sniffing,10273,10189,10273,84
rearing,10288,10273,10288,15
sniffing,10366,10288,10366,78
walking,10380,10366,10380,14
rising,10387,10380,10387,7
right_turning,10417,10387,10417,30
walking,10446,10417,10446,29
left_turning,10486,10446,10486,40
sniffing,10579,10486,10579,93
climbing,10612,10579,10612,33
rising,10613,10612,10613,1
sniffing,10614,10613,10614,1
walking,10630,10614,10630,16
sniffing,10631,10630,10631,1
walking,10681,10631,10681,50
sniffing,10703,10681,10703,22
stepping,10719,10703,10719,16
sniffing,10720,10719,10720,1
rising,10721,10720,10721,1
climbing,10722,10721,10722,1
walking,10787,10722,10787,65
stepping,10788,10787,10788,1
trotting,10824,10788,10824,36
sniffing,10866,10824,10866,42
stepping,10882,10866,10882,16
climbing,10892,10882,10892,10
walking,10975,10892,10975,83
left_turning,11004,10975,11004,29
sniffing,11096,11004,11096,92
left_turning,11134,11096,11134,38
sniffing,11169,11134,11169,35
walking,11224,11169,11224,55
rising,11233,11224,11233,9
left_turning,11280,11233,11280,47
walking,11312,11280,11312,32
sniffing,11461,11312,11461,149
rising,11500,11461,11500,39
climbing,11510,11500,11510,10
sniffing,11641,11510,11641,131
rising,11684,11641,11684,43
left_turning,11723,11684,11723,39
sniffing,11724,11723,11724,1
walking,11725,11724,11725,1
sniffing,11726,11725,11726,1
climbing,11793,11726,11793,67
sniffing,11872,11793,11872,79
rising,12030,11872,12030,158
sniffing,12110,12030,12110,80
right_turning,12119,12110,12119,9
sniffing,12120,12119,12120,1
walking,12134,12120,12134,14
sniffing,12153,12134,12153,19
left_turning,12154,12153,12154,1
sniffing,12155,12154,12155,1
walking,12205,12155,12205,50
left_turning,12235,12205,12235,30
trotting,12249,12235,12249,14
running,12268,12249,12268,19
walking,12303,12268,12303,35
sniffing,12304,12303,12304,1
walking,12361,12304,12361,57
trotting,12377,12361,12377,16
sniffing,12436,12377,12436,59
trotting,12448,12436,12448,12
climbing,12511,12448,12511,63
rising,12550,12511,12550,39
sniffing,12551,12550,12551,1
left_turning,12559,12551,12559,8
climbing,12607,12559,12607,48
trotting,12636,12607,12636,29
sniffing,12653,12636,12653,17
rearing,12711,12653,12711,58
climbing,12752,12711,12752,41
hunching,12872,12752,12872,120
sniffing,12886,12872,12886,14
walking,12941,12886,12941,55
climbing,12998,12941,12998,57
sniffing,13038,12998,13038,40
rising,13087,13038,13087,49
walking,13088,13087,13088,1
stepping,13092,13088,13092,4
climbing,13157,13092,13157,65
left_turning,13182,13157,13182,25
stepping,13248,13182,13248,66
walking,13275,13248,13275,27
sniffing,13327,13275,13327,52
rearing,13407,13327,13407,80
sniffing,13518,13407,13518,111
walking,13535,13518,13535,17
sniffing,13595,13535,13595,60
rising,13665,13595,13665,70
climbing,13666,13665,13666,1
walking,13709,13666,13709,43
sniffing,13736,13709,13736,27
climbing,13764,13736,13764,28
running,13786,13764,13786,22
walking,13823,13786,13823,37
climbing,13846,13823,13846,23
trotting,13875,13846,13875,29
sniffing,13913,13875,13913,38
left_turning,13942,13913,13942,29
right_turning,13970,13942,13970,28
walking,14002,13970,14002,32
left_turning,14049,14002,14049,47
sniffing,14107,14049,14107,58
walking,14145,14107,14145,38
left_turning,14182,14145,14182,37
rising,14354,14182,14354,172
walking,14358,14354,14358,4
sniffing,14359,14358,14359,1
walking,14360,14359,14360,1
climbing,14393,14360,14393,33
right_turning,14410,14393,14410,17
running,14424,14410,14424,14
right_turning,14448,14424,14448,24
walking,14451,14448,14451,3
climbing,14489,14451,14489,38
sniffing,14490,14489,14490,1
climbing,14528,14490,14528,38
sniffing,14529,14528,14529,1
walking,14552,14529,14552,23
trotting,14581,14552,14581,29
rising,14744,14581,14744,163
climbing,14784,14744,14784,40
hunching,14803,14784,14803,19
climbing,14861,14803,14861,58
walking,14937,14861,14937,76
stepping,14947,14937,14947,10
rising,15019,14947,15019,72
climbing,15045,15019,15045,26
rising,15208,15045,15208,163
right_turning,15223,15208,15223,15
rising,15286,15223,15286,63
sniffing,15317,15286,15317,31
stepping,15333,15317,15333,16
climbing,15395,15333,15395,62
walking,15416,15395,15416,21
sniffing,15437,15416,15437,21
rising,15476,15437,15476,39
climbing,15506,15476,15506,30
stepping,15518,15506,15518,12
walking,15526,15518,15526,8
sniffing,15593,15526,15593,67
stepping,15652,15593,15652,59
sniffing,15676,15652,15676,24
climbing,15722,15676,15722,46
sniffing,15774,15722,15774,52
rising,15804,15774,15804,30
climbing,15864,15804,15864,60
rising,15865,15864,15865,1
sniffing,15866,15865,15866,1
hunching,15867,15866,15867,1
climbing,15929,15867,15929,62
rearing,16452,15929,16452,523
grooming,16453,16452,16453,1
rearing,16893,16453,16893,440
sniffing,16979,16893,16979,86
left_turning,16980,16979,16980,1
walking,17024,16980,17024,44
sniffing,17025,17024,17025,1
walking,17048,17025,17048,23
stepping,17064,17048,17064,16
sniffing,17146,17064,17146,82
climbing,17228,17146,17228,82
right_turning,17248,17228,17248,20
running,17275,17248,17275,27
sniffing,17276,17275,17276,1
left_turning,17286,17276,17286,10
walking,17358,17286,17358,72
left_turning,17377,17358,17377,19
sniffing,17425,17377,17425,48
hunching,17640,17425,17640,215
climbing,17676,17640,17676,36
rearing,17677,17676,17677,1
sniffing,17711,17677,17711,34
left_turning,17765,17711,17765,54
walking,17835,17765,17835,70
sniffing,17982,17835,17982,147
climbing,18065,17982,18065,83
left_turning,18075,18065,18075,10
sniffing,18076,18075,18076,1
rearing,18077,18076,18077,1
sniffing,18128,18077,18128,51
trotting,18147,18128,18147,19
sniffing,18158,18147,18158,11
climbing,18275,18158,18275,117
sniffing,18296,18275,18296,21
walking,18323,18296,18323,27
trotting,18354,18323,18354,31
stepping,18379,18354,18379,25
right_turning,18403,18379,18403,24
left_turning,18442,18403,18442,39
rising,18450,18442,18450,8
rearing,18451,18450,18451,1
right_turning,18467,18451,18467,16
walking,18497,18467,18497,30
right_turning,18515,18497,18515,18
walking,18559,18515,18559,44
climbing,18581,18559,18581,22
right_turning,18623,18581,18623,42
trotting,18660,18623,18660,37
walking,18690,18660,18690,30
sniffing,18691,18690,18691,1
climbing,18723,18691,18723,32
hunching,18791,18723,18791,68
sniffing,18792,18791,18792,1
walking,18882,18792,18882,90
rising,18933,18882,18933,51
climbing,18993,18933,18993,60
right_turning,19004,18993,19004,11
trotting,19008,19004,19008,4
rising,19009,19008,19009,1
sniffing,19010,19009,19010,1
trotting,19029,19010,19029,19
rising,19289,19029,19289,260
climbing,19290,19289,19290,1
running,19314,19290,19314,24
sniffing,19342,19314,19342,28
walking,19363,19342,19363,21
sniffing,19364,19363,19364,1
walking,19384,19364,19384,20
climbing,19482,19384,19482,98
sniffing,19483,19482,19483,1
rising,19484,19483,19484,1
climbing,19559,19484,19559,75
sniffing,19591,19559,19591,32
right_turning,19594,19591,19594,3
rising,19595,19594,19595,1
climbing,19637,19595,19637,42
walking,19697,19637,19697,60
left_turning,19702,19697,19702,5
walking,19746,19702,19746,44
left_turning,19767,19746,19767,21
grooming,19871,19767,19871,104
hunching,20166,19871,20166,295
climbing,20241,20166,20241,75
rising,20242,20241,20242,1
sniffing,20264,20242,20264,22
left_turning,20265,20264,20265,1
walking,20266,20265,20266,1
sniffing,20284,20266,20284,18
stepping,20340,20284,20340,56
climbing,20347,20340,20347,7
sniffing,20385,20347,20385,38
walking,20386,20385,20386,1
rising,20387,20386,20387,1
sniffing,20544,20387,20544,157
walking,20545,20544,20545,1
climbing,20605,20545,20605,60
running,20632,20605,20632,27
walking,20635,20632,20635,3
sniffing,20659,20635,20659,24
right_turning,20704,20659,20704,45
stepping,20750,20704,20750,46
trotting,20751,20750,20751,1
walking,20795,20751,20795,44
rising,20828,20795,20828,33
sniffing,20889,20828,20889,61
left_turning,20914,20889,20914,25
rising,20915,20914,20915,1
climbing,20985,20915,20985,70
right_turning,20986,20985,20986,1
running,21016,20986,21016,30
sniffing,21081,21016,21081,65
left_turning,21108,21081,21108,27
walking,21151,21108,21151,43
right_turning,21196,21151,21196,45
sniffing,21197,21196,21197,1
rising,21198,21197,21198,1
left_turning,21249,21198,21249,51
stepping,21305,21249,21305,56
left_turning,21314,21305,21314,9
sniffing,21462,21314,21462,148
stepping,21503,21462,21503,41
walking,21538,21503,21538,35
stepping,21581,21538,21581,43
sniffing,21607,21581,21607,26
running,21628,21607,21628,21
rising,21629,21628,21629,1
rearing,21648,21629,21648,19
grooming,21981,21648,21981,333
sniffing,21991,21981,21991,10
walking,22005,21991,22005,14
sniffing,22058,22005,22058,53
walking,22059,22058,22059,1
climbing,22110,22059,22110,51
sniffing,22132,22110,22132,22
rising,22147,22132,22147,15
left_turning,22148,22147,22148,1
walking,22175,22148,22175,27
rising,22177,22175,22177,2
sniffing,22178,22177,22178,1
rising,22179,22178,22179,1
rearing,22180,22179,22180,1
climbing,22241,22180,22241,61
rising,22309,22241,22309,68
grooming,22456,22309,22456,147
hunching,22494,22456,22494,38
right_turning,22495,22494,22495,1
walking,22504,22495,22504,9
right_turning,22522,22504,22522,18
trotting,22546,22522,22546,24
sniffing,22574,22546,22574,28
climbing,22617,22574,22617,43
rising,22665,22617,22665,48
climbing,22699,22665,22699,34
sniffing,22700,22699,22700,1
walking,22705,22700,22705,5
rising,22789,22705,22789,84
climbing,22874,22789,22874,85
rising,22951,22874,22951,77
climbing,22980,22951,22980,29
sniffing,22981,22980,22981,1
stepping,22989,22981,22989,8
sniffing,23071,22989,23071,82
walking,23093,23071,23093,22
sniffing,23154,23093,23154,61
climbing,23182,23154,23182,28
trotting,23210,23182,23210,28
left_turning,23211,23210,23211,1
sniffing,23327,23211,23327,116
rising,23418,23327,23418,91
climbing,23448,23418,23448,30
rising,23450,23448,23450,2
trotting,23503,23450,23503,53
sniffing,23504,23503,23504,1
rising,23505,23504,23505,1
sniffing,23555,23505,23555,50
hunching,23556,23555,23556,1
sniffing,23614,23556,23614,58
rising,23615,23614,23615,1
sniffing,23616,23615,23616,1
rising,23617,23616,23617,1
sniffing,23636,23617,23636,19
walking,23661,23636,23661,25
left_turning,23695,23661,23695,34
stepping,23752,23695,23752,57
sniffing,23776,23752,23776,24
rearing,23979,23776,23979,203
grooming,24194,23979,24194,215
sniffing,24229,24194,24229,35
climbing,24270,24229,24270,41
sniffing,24425,24270,24425,155
stepping,24426,24425,24426,1
hunching,24436,24426,24436,10
sniffing,24437,24436,24437,1
walking,24455,24437,24455,18
stepping,24485,24455,24485,30
sniffing,24539,24485,24539,54
hunching,24564,24539,24564,25
sniffing,24604,24564,24604,40
right_turning,24605,24604,24605,1
walking,24636,24605,24636,31
hunching,24637,24636,24637,1
rising,24698,24637,24698,61
climbing,24725,24698,24725,27
trotting,24752,24725,24752,27
sniffing,24816,24752,24816,64
left_turning,24858,24816,24858,42
sniffing,25015,24858,25015,157
climbing,25069,25015,25069,54
walking,25088,25069,25088,19
hunching,25097,25088,25097,9
right_turning,25171,25097,25171,74
walking,25192,25171,25192,21
stepping,25227,25192,25227,35
walking,25229,25227,25229,2
sniffing,25257,25229,25257,28
right_turning,25285,25257,25285,28
walking,25356,25285,25356,71
sniffing,25434,25356,25434,78
walking,25489,25434,25489,55
sniffing,25561,25489,25561,72
trotting,25562,25561,25562,1
sniffing,25590,25562,25590,28
stepping,25591,25590,25591,1
hunching,25667,25591,25667,76
right_turning,25710,25667,25710,43
walking,25744,25710,25744,34
sniffing,25745,25744,25745,1
stepping,25789,25745,25789,44
sniffing,25790,25789,25790,1
rearing,25791,25790,25791,1
sniffing,25824,25791,25824,33
walking,25842,25824,25842,18
sniffing,25976,25842,25976,134
trotting,26010,25976,26010,34
sniffing,26011,26010,26011,1
climbing,26079,26011,26079,68
sniffing,26080,26079,26080,1
rearing,26081,26080,26081,1
sniffing,26097,26081,26097,16
left_turning,26142,26097,26142,45
stepping,26158,26142,26158,16
rising,26218,26158,26218,60
sniffing,26266,26218,26266,48
walking,26312,26266,26312,46
sniffing,26362,26312,26362,50
walking,26396,26362,26396,34
sniffing,26397,26396,26397,1
rearing,26398,26397,26398,1
rising,26423,26398,26423,25
sniffing,26424,26423,26424,1
hunching,26425,26424,26425,1
right_turning,26457,26425,26457,32
walking,26502,26457,26502,45
climbing,26540,26502,26540,38
grooming,26852,26540,26852,312
climbing,26853,26852,26853,1
rearing,26854,26853,26854,1
sniffing,26865,26854,26865,11
right_turning,26866,26865,26866,1
walking,26889,26866,26889,23
rising,26917,26889,26917,28
climbing,26930,26917,26930,13
sniffing,26931,26930,26931,1
walking,26975,26931,26975,44
left_turning,27012,26975,27012,37
stepping,27014,27012,27014,2
rising,27015,27014,27015,1
walking,27023,27015,27023,8
jumping,27080,27023,27080,57
rising,27084,27080,27084,4
walking,27085,27084,27085,1
climbing,27111,27085,27111,26
running,27133,27111,27133,22
walking,27147,27133,27147,14
sniffing,27148,27147,27148,1
rising,27162,27148,27162,14
climbing,27198,27162,27198,36
sniffing,27233,27198,27233,35
walking,27248,27233,27248,15
climbing,27269,27248,27269,21
running,27292,27269,27292,23
sniffing,27327,27292,27327,35
left_turning,27372,27327,27372,45
sniffing,27373,27372,27373,1
walking,27374,27373,27374,1
climbing,27410,27374,27410,36
hunching,27411,27410,27411,1
walking,27446,27411,27446,35
rearing,27447,27446,27447,1
hunching,27448,27447,27448,1
climbing,27451,27448,27451,3
rising,27847,27451,27847,396
walking,27849,27847,27849,2
rising,27892,27849,27892,43
right_turning,27922,27892,27922,30
walking,27975,27922,27975,53
sniffing,28010,27975,28010,35
rising,28042,28010,28042,32
walking,28048,28042,28048,6
stepping,28094,28048,28094,46
sniffing,28100,28094,28100,6
walking,28135,28100,28135,35
sniffing,28192,28135,28192,57
right_turning,28195,28192,28195,3
walking,28228,28195,28228,33
left_turning,28332,28228,28332,104
rising,28370,28332,28370,38
climbing,28371,28370,28371,1
walking,28396,28371,28396,25
left_turning,28411,28396,28411,15
climbing,28471,28411,28471,60
walking,28479,28471,28479,8
sniffing,28516,28479,28516,37
grooming,28775,28516,28775,259
sniffing,28855,28775,28855,80
rising,28856,28855,28856,1
climbing,28914,28856,28914,58
grooming,28942,28914,28942,28
rearing,29023,28942,29023,81
left_turning,29024,29023,29024,1
rising,29025,29024,29025,1
walking,29059,29025,29059,34
sniffing,29089,29059,29089,30
rising,29136,29089,29136,47
rearing,29258,29136,29258,122
left_turning,29322,29258,29322,64
walking,29369,29322,29369,47
climbing,29407,29369,29407,38
rearing,29408,29407,29408,1
right_turning,29478,29408,29478,70
sniffing,29639,29478,29639,161
climbing,29640,29639,29640,1
running,29651,29640,29651,11
rising,29685,29651,29685,34
running,29732,29685,29732,47
trotting,29735,29732,29735,3
left_turning,29737,29735,29737,2
sniffing,29771,29737,29771,34
left_turning,29837,29771,29837,66
walking,29875,29837,29875,38
climbing,29879,29875,29879,4
rising,29880,29879,29880,1
left_turning,29900,29880,29900,20
trotting,29907,29900,29907,7
rising,29908,29907,29908,1
climbing,29952,29908,29952,44
walking,29956,29952,29956,4
sniffing,29957,29956,29957,1
right_turning,29958,29957,29958,1
walking,29988,29958,29988,30
rising,29989,29988,29989,1
sniffing,30035,29989,30035,46
left_turning,30036,30035,30036,1
sniffing,30131,30036,30131,95
right_turning,30143,30131,30143,12
rising,30190,30143,30190,47
sniffing,30355,30190,30355,165
walking,30388,30355,30388,33
running,30408,30388,30408,20
walking,30410,30408,30410,2
sniffing,30411,30410,30411,1
climbing,30412,30411,30412,1
rising,30454,30412,30454,42
rearing,30535,30454,30535,81
climbing,30631,30535,30631,96
right_turning,30632,30631,30632,1
stepping,30679,30632,30679,47
sniffing,30731,30679,30731,52
rising,30831,30731,30831,100
sniffing,30832,30831,30832,1
walking,30856,30832,30856,24
left_turning,30857,30856,30857,1
sniffing,30927,30857,30927,70
walking,30940,30927,30940,13
sniffing,31002,30940,31002,62
climbing,31033,31002,31033,31
walking,31036,31033,31036,3
left_turning,31082,31036,31082,46
sniffing,31122,31082,31122,40
running,31155,31122,31155,33
rising,31221,31155,31221,66
climbing,31257,31221,31257,36
rising,31285,31257,31285,28
stepping,31357,31285,31357,72
sniffing,31418,31357,31418,61
rising,31433,31418,31433,15
climbing,31536,31433,31536,103
walking,31552,31536,31552,16
sniffing,31744,31552,31744,192
rising,31746,31744,31746,2
walking,31786,31746,31786,40
climbing,31833,31786,31833,47
sniffing,31884,31833,31884,51
running,31898,31884,31898,14
sniffing,31899,31898,31899,1
rising,31929,31899,31929,30
rearing,31994,31929,31994,65
grooming,31995,31994,31995,1
rearing,32198,31995,32198,203
right_turning,32213,32198,32213,15
walking,32262,32213,32262,49
climbing,32336,32262,32336,74
trotting,32337,32336,32337,1
walking,32390,32337,32390,53
sniffing,32456,32390,32456,66
rising,32467,32456,32467,11
sniffing,32493,32467,32493,26
running,32494,32493,32494,1
walking,32530,32494,32530,36
sniffing,32557,32530,32557,27
rising,32600,32557,32600,43
climbing,32682,32600,32682,82
rising,32756,32682,32756,74
sniffing,32786,32756,32786,30
grooming,33101,32786,33101,315
rearing,33124,33101,33124,23
right_turning,33148,33124,33148,24
left_turning,33208,33148,33208,60
walking,33257,33208,33257,49
sniffing,33290,33257,33290,33
trotting,33291,33290,33291,1
walking,33294,33291,33294,3
trotting,33308,33294,33308,14
rising,33369,33308,33369,61
climbing,33389,33369,33389,20
sniffing,33426,33389,33426,37
left_turning,33443,33426,33443,17
running,33450,33443,33450,7
rising,33505,33450,33505,55
climbing,33506,33505,33506,1
rising,33555,33506,33555,49
hunching,33604,33555,33604,49
sniffing,33634,33604,33634,30
left_turning,33652,33634,33652,18
walking,33675,33652,33675,23
stepping,33676,33675,33676,1
climbing,33710,33676,33710,34
sniffing,33713,33710,33713,3
walking,33735,33713,33735,22
climbing,33769,33735,33769,34
trotting,33803,33769,33803,34
stepping,33817,33803,33817,14
right_turning,33818,33817,33818,1
climbing,33890,33818,33890,72
hunching,34010,33890,34010,120
rising,34063,34010,34063,53
climbing,34112,34063,34112,49
rearing,34273,34112,34273,161
climbing,34346,34273,34346,73
trotting,34367,34346,34367,21
sniffing,34368,34367,34368,1
trotting,34393,34368,34393,25
walking,34394,34393,34394,1
sniffing,34440,34394,34440,46
right_turning,34472,34440,34472,32
walking,34502,34472,34502,30
sniffing,34588,34502,34588,86
walking,34596,34588,34596,8
climbing,34684,34596,34684,88
rearing,34721,34684,34721,37
walking,34750,34721,34750,29
climbing,34820,34750,34820,70
stepping,34858,34820,34858,38
sniffing,34943,34858,34943,85
rising,34944,34943,34944,1
climbing,34963,34944,34963,19
walking,34967,34963,34967,4
rearing,35005,34967,35005,38
sniffing,35028,35005,35028,23
rising,35087,35028,35087,59
sniffing,35092,35087,35092,5
rising,35123,35092,35123,31
climbing,35140,35123,35140,17
sniffing,35160,35140,35160,20
walking,35194,35160,35194,34
rising,35275,35194,35275,81
climbing,35325,35275,35325,50
right_turning,35335,35325,35335,10
rearing,35422,35335,35422,87
grooming,35423,35422,35423,1
climbing,35462,35423,35462,39
walking,35480,35462,35480,18
sniffing,35539,35480,35539,59
rising,35610,35539,35610,71
hunching,35619,35610,35619,9
climbing,35637,35619,35637,18
right_turning,35658,35637,35658,21
walking,35683,35658,35683,25
right_turning,35684,35683,35684,1
walking,35721,35684,35721,37
sniffing,35722,35721,35722,1
running,35723,35722,35723,1
hunching,35724,35723,35724,1
climbing,35747,35724,35747,23
walking,35748,35747,35748,1
climbing,35820,35748,35820,72
walking,35867,35820,35867,47
rising,35962,35867,35962,95
trotting,35984,35962,35984,22
left_turning,36017,35984,36017,33
sniffing,36041,36017,36041,24
hunching,36116,36041,36116,75
walking,36180,36116,36180,64
sniffing,36215,36180,36215,35
rising,36275,36215,36275,60
jumping,36323,36275,36323,48
sniffing,36373,36323,36373,50
left_turning,36440,36373,36440,67
sniffing,36473,36440,36473,33
rearing,36666,36473,36666,193
running,36676,36666,36676,10
sniffing,36750,36676,36750,74
left_turning,36751,36750,36751,1
sniffing,36787,36751,36787,36
pausing,36938,36787,36938,151
sniffing,37000,36938,37000,62
walking,37046,37000,37046,46
trotting,37072,37046,37072,26
rising,37073,37072,37073,1
walking,37104,37073,37104,31
sniffing,37157,37104,37157,53
grooming,37214,37157,37214,57
sniffing,37238,37214,37238,24
walking,37259,37238,37259,21
rearing,37269,37259,37269,10
walking,37270,37269,37270,1
right_turning,37305,37270,37305,35
walking,37333,37305,37333,28
rising,37352,37333,37352,19
rearing,37359,37352,37359,7
climbing,37391,37359,37391,32
running,37392,37391,37392,1
walking,37415,37392,37415,23
sniffing,37449,37415,37449,34
climbing,37498,37449,37498,49
rearing,37575,37498,37575,77
grooming,37576,37575,37576,1
sniffing,37577,37576,37577,1
rising,37578,37577,37578,1
right_turning,37606,37578,37606,28
walking,37715,37606,37715,109
rising,37758,37715,37758,43
climbing,37772,37758,37772,14
sniffing,37773,37772,37773,1
rearing,37895,37773,37895,122
grooming,37896,37895,37896,1
rearing,37897,37896,37897,1
climbing,37910,37897,37910,13
running,37911,37910,37911,1
rearing,37948,37911,37948,37
right_turning,37972,37948,37972,24
sniffing,38009,37972,38009,37
rising,38078,38009,38078,69
climbing,38150,38078,38150,72
sniffing,38165,38150,38165,15
left_turning,38234,38165,38234,69
sniffing,38235,38234,38235,1
climbing,38266,38235,38266,31
sniffing,38332,38266,38332,66
walking,38333,38332,38333,1
rising,38358,38333,38358,25
climbing,38439,38358,38439,81
walking,38517,38439,38517,78
sniffing,38594,38517,38594,77
left_turning,38595,38594,38595,1
right_turning,38623,38595,38623,28
stepping,38669,38623,38669,46
climbing,38750,38669,38750,81
walking,38755,38750,38755,5
sniffing,38842,38755,38842,87
left_turning,38902,38842,38902,60
walking,38913,38902,38913,11
rising,38984,38913,38984,71
climbing,38995,38984,38995,11
rising,38996,38995,38996,1
climbing,39015,38996,39015,19
sniffing,39044,39015,39044,29
hunching,39069,39044,39069,25
grooming,39111,39069,39111,42
walking,39135,39111,39135,24
sniffing,39183,39135,39183,48
rising,39218,39183,39218,35
sniffing,39261,39218,39261,43
rising,39283,39261,39283,22
sniffing,39305,39283,39305,22
right_turning,39349,39305,39349,44
walking,39401,39349,39401,52
sniffing,39467,39401,39467,66
walking,39486,39467,39486,19
climbing,39530,39486,39530,44
running,39566,39530,39566,36
rising,39575,39566,39575,9
right_turning,39588,39575,39588,13
rising,39611,39588,39611,23
climbing,39647,39611,39647,36
walking,39691,39647,39691,44
trotting,39741,39691,39741,50
walking,39742,39741,39742,1
rising,39743,39742,39743,1
climbing,39748,39743,39748,5
rising,39830,39748,39830,82
right_turning,39859,39830,39859,29
walking,39860,39859,39860,1
sniffing,39861,39860,39861,1
rearing,39870,39861,39870,9
grooming,40298,39870,40298,428
sniffing,40355,40298,40355,57
walking,40384,40355,40384,29
sniffing,40404,40384,40404,20
rising,40451,40404,40451,47
sniffing,40452,40451,40452,1
left_turning,40483,40452,40483,31
sniffing,40530,40483,40530,47
rising,40572,40530,40572,42
walking,40573,40572,40573,1
right_turning,40577,40573,40577,4
sniffing,40645,40577,40645,68
left_turning,40657,40645,40657,12
stepping,40721,40657,40721,64
rising,40784,40721,40784,63
sniffing,40827,40784,40827,43
rising,40828,40827,40828,1
climbing,40883,40828,40883,55
walking,40884,40883,40884,1
climbing,40938,40884,40938,54
rising,41002,40938,41002,64
sniffing,41045,41002,41045,43
left_turning,41147,41045,41147,102
sniffing,41202,41147,41202,55
walking,41254,41202,41254,52
rearing,41307,41254,41307,53
climbing,41366,41307,41366,59
walking,41379,41366,41379,13
left_turning,41404,41379,41404,25
sniffing,41483,41404,41483,79
rising,41495,41483,41495,12
rearing,41593,41495,41593,98
sniffing,41644,41593,41644,51
climbing,41664,41644,41664,20
running,41679,41664,41679,15
stepping,41681,41679,41681,2
climbing,41728,41681,41728,47
rearing,41863,41728,41863,135
grooming,41864,41863,41864,1
hunching,41898,41864,41898,34
rising,41925,41898,41925,27
sniffing,41926,41925,41926,1
right_turning,41946,41926,41946,20
walking,41947,41946,41947,1
rearing,42022,41947,42022,75
rising,42029,42022,42029,7
climbing,42065,42029,42065,36
walking,42078,42065,42078,13
sniffing,42079,42078,42079,1
pausing,42230,42079,42230,151
sniffing,42242,42230,42242,12
walking,42303,42242,42303,61
sniffing,42323,42303,42323,20
rising,42329,42323,42329,6
rearing,42398,42329,42398,69
grooming,42710,42398,42710,312
sniffing,42734,42710,42734,24
walking,42770,42734,42770,36
stepping,42771,42770,42771,1
climbing,42803,42771,42803,32
right_turning,42854,42803,42854,51
running,42858,42854,42858,4
sniffing,42871,42858,42871,13
rearing,42947,42871,42947,76
sniffing,42988,42947,42988,41
left_turning,43028,42988,43028,40
rising,43029,43028,43029,1
left_turning,43146,43029,43146,117
walking,43174,43146,43174,28
left_turning,43198,43174,43198,24
rising,43224,43198,43224,26
climbing,43225,43224,43225,1
trotting,43230,43225,43230,5
walking,43246,43230,43246,16
stepping,43258,43246,43258,12
sniffing,43259,43258,43259,1
left_turning,43330,43259,43330,71
trotting,43349,43330,43349,19
jumping,43360,43349,43360,11
rising,43367,43360,43367,7
climbing,43398,43367,43398,31
trotting,43450,43398,43450,52
stepping,43451,43450,43451,1
walking,43476,43451,43476,25
rearing,43519,43476,43519,43
rising,43542,43519,43542,23
rearing,43543,43542,43543,1
right_turning,43565,43543,43565,22
grooming,43715,43565,43715,150
rearing,43716,43715,43716,1
grooming,43920,43716,43920,204
rising,43938,43920,43938,18
climbing,43947,43938,43947,9
right_turning,43950,43947,43950,3
rising,44012,43950,44012,62
stepping,44013,44012,44013,1
sniffing,44065,44013,44065,52
left_turning,44093,44065,44093,28
trotting,44126,44093,44126,33
walking,44180,44126,44180,54
rising,44206,44180,44206,26
trotting,44221,44206,44221,15
sniffing,44222,44221,44222,1
rising,44260,44222,44260,38
climbing,44267,44260,44267,7
walking,44313,44267,44313,46
sniffing,44330,44313,44330,17
walking,44331,44330,44331,1
sniffing,44371,44331,44371,40
walking,44404,44371,44404,33
sniffing,44495,44404,44495,91
rising,44527,44495,44527,32
grooming,44917,44527,44917,390
stepping,44920,44917,44920,3
sniffing,44966,44920,44966,46
rearing,44991,44966,44991,25
sniffing,44992,44991,44992,1
walking,44997,44992,44997,5
climbing,45063,44997,45063,66
running,45094,45063,45094,31
sniffing,45155,45094,45155,61
walking,45177,45155,45177,22
sniffing,45178,45177,45178,1
walking,45208,45178,45208,30
sniffing,45209,45208,45209,1
rising,45256,45209,45256,47
sniffing,45281,45256,45281,25
trotting,45315,45281,45315,34
sniffing,45367,45315,45367,52
walking,45393,45367,45393,26
sniffing,45422,45393,45422,29
left_turning,45450,45422,45450,28
walking,45497,45450,45497,47
sniffing,45506,45497,45506,9
climbing,45557,45506,45557,51
running,45574,45557,45574,17
walking,45600,45574,45600,26
sniffing,45601,45600,45601,1
rising,45625,45601,45625,24
climbing,45665,45625,45665,40
right_turning,45672,45665,45672,7
running,45700,45672,45700,28
left_turning,45701,45700,45701,1
walking,45706,45701,45706,5
rearing,45784,45706,45784,78
rising,45795,45784,45795,11
walking,45800,45795,45800,5
rising,45926,45800,45926,126
rearing,45991,45926,45991,65
rising,45992,45991,45992,1
climbing,46051,45992,46051,59
stepping,46063,46051,46063,12
rising,46080,46063,46080,17
left_turning,46124,46080,46124,44
walking,46135,46124,46135,11
left_turning,46136,46135,46136,1
sniffing,46137,46136,46137,1
walking,46193,46137,46193,56
rising,46270,46193,46270,77
grooming,46271,46270,46271,1
rearing,46293,46271,46293,22
climbing,46301,46293,46301,8
walking,46349,46301,46349,48
trotting,46374,46349,46374,25
walking,46412,46374,46412,38
sniffing,46449,46412,46449,37
walking,46497,46449,46497,48
rising,46521,46497,46521,24
climbing,46556,46521,46556,35
rising,46557,46556,46557,1
sniffing,46657,46557,46657,100
rising,46674,46657,46674,17
climbing,46683,46674,46683,9
left_turning,46754,46683,46754,71
sniffing,46828,46754,46828,74
hunching,46941,46828,46941,113
grooming,47074,46941,47074,133
rising,47093,47074,47093,19
climbing,47147,47093,47147,54
rearing,47209,47147,47209,62
sniffing,47333,47209,47333,124
rising,47371,47333,47371,38
climbing,47397,47371,47397,26
sniffing,47514,47397,47514,117
rising,47619,47514,47619,105
rearing,47746,47619,47746,127
rising,47833,47746,47833,87
rearing,47851,47833,47851,18
sniffing,47874,47851,47874,23
rising,47885,47874,47885,11
rearing,48025,47885,48025,140
sniffing,48027,48025,48027,2
walking,48046,48027,48046,19
left_turning,48048,48046,48048,2
sniffing,48196,48048,48196,148
rising,48234,48196,48234,38
sniffing,48246,48234,48246,12
climbing,48251,48246,48251,5
right_turning,48263,48251,48263,12
walking,48273,48263,48273,10
sniffing,48355,48273,48355,82
running,48356,48355,48356,1
sniffing,48403,48356,48403,47
rising,48406,48403,48406,3
sniffing,48449,48406,48449,43
walking,48450,48449,48450,1
right_turning,48474,48450,48474,24
trotting,48489,48474,48489,15
sniffing,48636,48489,48636,147
climbing,48718,48636,48718,82
walking,48759,48718,48759,41
rising,48771,48759,48771,12
walking,48775,48771,48775,4
sniffing,48952,48775,48952,177
running,48961,48952,48961,9
walking,48990,48961,48990,29
trotting,49019,48990,49019,29
stepping,49071,49019,49071,52
sniffing,49095,49071,49095,24
rising,49096,49095,49096,1
rearing,49115,49096,49115,19
sniffing,49144,49115,49144,29
walking,49150,49144,49150,6
sniffing,49170,49150,49170,20
trotting,49188,49170,49188,18
sniffing,49293,49188,49293,105
left_turning,49425,49293,49425,132
sniffing,49480,49425,49480,55
walking,49512,49480,49512,32
left_turning,49513,49512,49513,1
jumping,49641,49513,49641,128
hunching,49663,49641,49663,22
grooming,49765,49663,49765,102
hunching,49882,49765,49882,117
rearing,49883,49882,49883,1
sniffing,49884,49883,49884,1
hunching,50211,49884,50211,327
right_turning,50242,50211,50242,31
trotting,50281,50242,50281,39
rising,50282,50281,50282,1
sniffing,50309,50282,50309,27
walking,50357,50309,50357,48
stepping,50380,50357,50380,23
rising,50433,50380,50433,53
climbing,50530,50433,50530,97
rising,50531,50530,50531,1
rearing,50665,50531,50665,134
grooming,51204,50665,51204,539
sniffing,51250,51204,51250,46
left_turning,51281,51250,51281,31
sniffing,51306,51281,51306,25
hunching,51307,51306,51307,1
climbing,51347,51307,51347,40
running,51391,51347,51391,44
walking,51531,51391,51531,140
sniffing,51532,51531,51532,1
walking,51533,51532,51533,1
rising,51552,51533,51552,19
climbing,51631,51552,51631,79
running,51683,51631,51683,52
jumping,51730,51683,51730,47
rising,51799,51730,51799,69
walking,51829,51799,51829,30
rising,51830,51829,51830,1
sniffing,51832,51830,51832,2
right_turning,51844,51832,51844,12
trotting,51862,51844,51862,18
sniffing,51863,51862,51863,1
left_turning,51923,51863,51923,60
sniffing,51994,51923,51994,71
rising,52013,51994,52013,19
left_turning,52014,52013,52014,1
sniffing,52147,52014,52147,133
rising,52202,52147,52202,55
right_turning,52223,52202,52223,21
trotting,52247,52223,52247,24
stepping,52267,52247,52267,20
walking,52278,52267,52278,11
climbing,52309,52278,52309,31
walking,52326,52309,52326,17
sniffing,52331,52326,52331,5
climbing,52361,52331,52361,30
walking,52397,52361,52397,36
climbing,52505,52397,52505,108
running,52540,52505,52540,35
sniffing,52562,52540,52562,22
climbing,52580,52562,52580,18
stepping,52627,52580,52627,47
sniffing,52647,52627,52647,20
rising,52648,52647,52648,1
rearing,52649,52648,52649,1
sniffing,52713,52649,52713,64
jumping,52729,52713,52729,16
sniffing,52733,52729,52733,4
climbing,52886,52733,52886,153
rising,52922,52886,52922,36
sniffing,52953,52922,52953,31
rising,53012,52953,53012,59
sniffing,53101,53012,53101,89
rising,53102,53101,53102,1
sniffing,53103,53102,53103,1
running,53119,53103,53119,16
walking,53174,53119,53174,55
sniffing,53175,53174,53175,1
right_turning,53218,53175,53218,43
rearing,53219,53218,53219,1
rising,53230,53219,53230,11
rearing,53255,53230,53255,25
climbing,53320,53255,53320,65
trotting,53356,53320,53356,36
sniffing,53386,53356,53386,30
climbing,53410,53386,53410,24
walking,53430,53410,53430,20
trotting,53431,53430,53431,1
sniffing,53432,53431,53432,1
walking,53494,53432,53494,62
sniffing,53559,53494,53559,65
stepping,53624,53559,53624,65
walking,53625,53624,53625,1
climbing,53699,53625,53699,74
sniffing,53700,53699,53700,1
rising,53756,53700,53756,56
climbing,53769,53756,53769,13
sniffing,53772,53769,53772,3
rearing,53849,53772,53849,77
sniffing,53850,53849,53850,1
rising,53889,53850,53889,39
walking,53925,53889,53925,36
sniffing,53983,53925,53983,58
walking,53984,53983,53984,1
stepping,54006,53984,54006,22
sniffing,54016,54006,54016,10
left_turning,54105,54016,54105,89
running,54129,54105,54129,24
sniffing,54144,54129,54144,15
rising,54147,54144,54147,3
climbing,54165,54147,54165,18
rising,54182,54165,54182,17
climbing,54196,54182,54196,14
hunching,54288,54196,54288,92
rising,54377,54288,54377,89
climbing,54435,54377,54435,58
grooming,54739,54435,54739,304
climbing,54776,54739,54776,37
hunching,54777,54776,54777,1
sniffing,54778,54777,54778,1
hunching,55033,54778,55033,255
right_turning,55051,55033,55051,18
running,55076,55051,55076,25
sniffing,55126,55076,55126,50
left_turning,55127,55126,55127,1
stepping,55128,55127,55128,1
sniffing,55188,55128,55188,60
rising,55189,55188,55189,1
climbing,55200,55189,55200,11
rising,55243,55200,55243,43
rearing,55244,55243,55244,1
sniffing,55259,55244,55259,15
walking,55274,55259,55274,15
sniffing,55391,55274,55391,117
rising,55405,55391,55405,14
walking,55474,55405,55474,69
climbing,55489,55474,55489,15
rising,55561,55489,55561,72
climbing,55578,55561,55578,17
left_turning,55585,55578,55585,7
trotting,55623,55585,55623,38
stepping,55647,55623,55647,24
rearing,55648,55647,55648,1
walking,55669,55648,55669,21
rising,55726,55669,55726,57
left_turning,55767,55726,55767,41
sniffing,55810,55767,55810,43
climbing,55899,55810,55899,89
walking,55900,55899,55900,1
running,55911,55900,55911,11
walking,55945,55911,55945,34
climbing,55952,55945,55952,7
sniffing,55981,55952,55981,29
rising,56020,55981,56020,39
sniffing,56095,56020,56095,75
grooming,56233,56095,56233,138
left_turning,56307,56233,56307,74
walking,56330,56307,56330,23
left_turning,56341,56330,56341,11
rearing,56390,56341,56390,49
grooming,56628,56390,56628,238
rearing,56629,56628,56629,1
climbing,56680,56629,56680,51
right_turning,56682,56680,56682,2
walking,56684,56682,56684,2
sniffing,56685,56684,56685,1
rising,56718,56685,56718,33
sniffing,56719,56718,56719,1
trotting,56746,56719,56746,27
walking,56775,56746,56775,29
rearing,56783,56775,56783,8
sniffing,56904,56783,56904,121
walking,56922,56904,56922,18
sniffing,56953,56922,56953,31
walking,56980,56953,56980,27
sniffing,57039,56980,57039,59
climbing,57066,57039,57066,27
sniffing,57204,57066,57204,138
left_turning,57252,57204,57252,48
sniffing,57330,57252,57330,78
walking,57370,57330,57370,40
sniffing,57371,57370,57371,1
climbing,57441,57371,57441,70
right_turning,57491,57441,57491,50
sniffing,57504,57491,57504,13
rising,57563,57504,57563,59
rearing,57564,57563,57564,1
grooming,57675,57564,57675,111
sniffing,57676,57675,57676,1
walking,57701,57676,57701,25
sniffing,57702,57701,57702,1
climbing,57767,57702,57767,65
rearing,57805,57767,57805,38
climbing,57824,57805,57824,19
rising,57846,57824,57846,22
climbing,57851,57846,57851,5
rising,57852,57851,57852,1
hunching,57943,57852,57943,91
sniffing,58026,57943,58026,83
left_turning,58071,58026,58071,45
walking,58089,58071,58089,18
sniffing,58160,58089,58160,71
walking,58203,58160,58203,43
rising,58334,58203,58334,131
climbing,58338,58334,58338,4
rising,58339,58338,58339,1
left_turning,58340,58339,58340,1
sniffing,58400,58340,58400,60
hunching,58408,58400,58408,8
right_turning,58437,58408,58437,29
walking,58461,58437,58461,24
rising,58561,58461,58561,100
climbing,58587,58561,58587,26
left_turning,58588,58587,58588,1
walking,58604,58588,58604,16
right_turning,58645,58604,58645,41
trotting,58653,58645,58653,8
rising,58692,58653,58692,39
hunching,58862,58692,58862,170
right_turning,58881,58862,58881,19
walking,58918,58881,58918,37
rising,59001,58918,59001,83
rearing,59124,59001,59124,123
climbing,59190,59124,59190,66
rearing,59191,59190,59191,1
rising,59192,59191,59192,1
right_turning,59231,59192,59231,39
rising,59232,59231,59232,1
sniffing,59276,59232,59276,44
left_turning,59286,59276,59286,10
walking,59375,59286,59375,89
sniffing,59467,59375,59467,92
stepping,59568,59467,59568,101
walking,59618,59568,59618,50
rising,59619,59618,59619,1
walking,59664,59619,59664,45
stepping,59668,59664,59668,4
walking,59733,59668,59733,65
sniffing,59813,59733,59813,80
walking,59814,59813,59814,1
left_turning,59829,59814,59829,15
walking,59905,59829,59905,76
left_turning,59906,59905,59906,1
sniffing,60126,59906,60126,220
hunching,60139,60126,60139,13
rising,60199,60139,60199,60
left_turning,60222,60199,60222,23
sniffing,60373,60222,60373,151
climbing,60435,60373,60435,62
walking,60447,60435,60447,12
sniffing,60448,60447,60448,1
walking,60486,60448,60486,38
trotting,60534,60486,60534,48
sniffing,60610,60534,60610,76
rising,60648,60610,60648,38
climbing,60696,60648,60696,48
running,60726,60696,60726,30
walking,60781,60726,60781,55
sniffing,60782,60781,60782,1
hunching,60790,60782,60790,8
right_turning,60811,60790,60811,21
rearing,60852,60811,60852,41
grooming,61101,60852,61101,249
trotting,61113,61101,61113,12
rearing,61164,61113,61164,51
sniffing,61241,61164,61241,77
rising,61267,61241,61267,26
climbing,61305,61267,61305,38
rising,61371,61305,61371,66
rearing,61378,61371,61378,7
sniffing,61445,61378,61445,67
walking,61468,61445,61468,23
left_turning,61497,61468,61497,29
sniffing,61657,61497,61657,160
left_turning,61658,61657,61658,1
walking,61687,61658,61687,29
sniffing,61688,61687,61688,1
left_turning,61689,61688,61689,1
walking,61716,61689,61716,27
right_turning,61757,61716,61757,41
stepping,61787,61757,61787,30
sniffing,61863,61787,61863,76
walking,61864,61863,61864,1
rearing,61871,61864,61871,7
rising,61937,61871,61937,66
sniffing,61974,61937,61974,37
walking,61998,61974,61998,24
sniffing,62076,61998,62076,78
climbing,62144,62076,62144,68
walking,62145,62144,62145,1
pausing,62146,62145,62146,1
sniffing,62223,62146,62223,77
stepping,62238,62223,62238,15
sniffing,62304,62238,62304,66
pausing,62305,62304,62305,1
sniffing,62430,62305,62430,125
rising,62523,62430,62523,93
climbing,62598,62523,62598,75
rising,62619,62598,62619,21
sniffing,62620,62619,62620,1
stepping,62655,62620,62655,35
walking,62663,62655,62663,8
sniffing,62741,62663,62741,78
grooming,62742,62741,62742,1
left_turning,62769,62742,62769,27
sniffing,62798,62769,62798,29
left_turning,62894,62798,62894,96
trotting,62928,62894,62928,34
hunching,62929,62928,62929,1
sniffing,62985,62929,62985,56
walking,63012,62985,63012,27
stepping,63027,63012,63027,15
sniffing,63028,63027,63028,1
rising,63049,63028,63049,21
left_turning,63050,63049,63050,1
trotting,63064,63050,63064,14
sniffing,63118,63064,63118,54
rearing,63135,63118,63135,17
sniffing,63400,63135,63400,265
running,63419,63400,63419,19
walking,63443,63419,63443,24
running,63474,63443,63474,31
stepping,63512,63474,63512,38
walking,63521,63512,63521,9
sniffing,63621,63521,63621,100
pausing,63772,63621,63772,151
sniffing,63816,63772,63816,44
rising,63842,63816,63842,26
climbing,63943,63842,63943,101
walking,64028,63943,64028,85
sniffing,64029,64028,64029,1
left_turning,64042,64029,64042,13
sniffing,64162,64042,64162,120
rising,64275,64162,64275,113
sniffing,64276,64275,64276,1
climbing,64310,64276,64310,34
sniffing,64413,64310,64413,103
walking,64445,64413,64445,32
sniffing,64551,64445,64551,106
left_turning,64552,64551,64552,1
sniffing,64666,64552,64666,114
rearing,64761,64666,64761,95
grooming,65029,64761,65029,268
sniffing,65076,65029,65076,47
rising,65077,65076,65077,1
climbing,65084,65077,65084,7
sniffing,65208,65084,65208,124
left_turning,65268,65208,65268,60
rising,65288,65268,65288,20
left_turning,65372,65288,65372,84
walking,65373,65372,65373,1
sniffing,65379,65373,65379,6
walking,65434,65379,65434,55
sniffing,65504,65434,65504,70
rising,65534,65504,65534,30
sniffing,65535,65534,65535,1
left_turning,65567,65535,65567,32
rising,65594,65567,65594,27
stepping,65601,65594,65601,7
rising,65693,65601,65693,92
left_turning,65694,65693,65694,1
sniffing,65747,65694,65747,53
walking,65780,65747,65780,33
rising,65851,65780,65851,71
sniffing,65852,65851,65852,1
rearing,65878,65852,65878,26
hunching,65917,65878,65917,39
rearing,66058,65917,66058,141
rising,66059,66058,66059,1
walking,66089,66059,66089,30
left_turning,66110,66089,66110,21
stepping,66136,66110,66136,26
left_turning,66212,66136,66212,76
running,66228,66212,66228,16
sniffing,66322,66228,66322,94
walking,66385,66322,66385,63
rising,66416,66385,66416,31
climbing,66437,66416,66437,21
walking,66471,66437,66471,34
sniffing,66472,66471,66472,1
walking,66504,66472,66504,32
sniffing,66553,66504,66553,49
trotting,66559,66553,66559,6
walking,66599,66559,66599,40
rising,66614,66599,66614,15
sniffing,66774,66614,66774,160
rising,66802,66774,66802,28
sniffing,66848,66802,66848,46
rising,66870,66848,66870,22
climbing,66906,66870,66906,36
sniffing,66949,66906,66949,43
rising,67007,66949,67007,58
climbing,67099,67007,67099,92
trotting,67152,67099,67152,53
right_turning,67209,67152,67209,57
walking,67237,67209,67237,28
stepping,67248,67237,67248,11
walking,67265,67248,67265,17
rearing,67266,67265,67266,1
sniffing,67275,67266,67275,9
walking,67276,67275,67276,1
sniffing,67350,67276,67350,74
rising,67351,67350,67351,1
stepping,67379,67351,67379,28
sniffing,67424,67379,67424,45
rearing,67492,67424,67492,68
walking,67498,67492,67498,6
sniffing,67573,67498,67573,75
walking,67643,67573,67643,70
rising,67644,67643,67644,1
left_turning,67719,67644,67719,75
sniffing,67729,67719,67729,10
rising,67816,67729,67816,87
climbing,67884,67816,67884,68
stepping,67898,67884,67898,14
walking,67935,67898,67935,37
left_turning,67936,67935,67936,1
rising,68020,67936,68020,84
sniffing,68041,68020,68041,21
right_turning,68061,68041,68061,20
running,68085,68061,68085,24
rising,68086,68085,68086,1
grooming,68673,68086,68673,587
climbing,68728,68673,68728,55
rising,68772,68728,68772,44
climbing,68859,68772,68859,87
rearing,68860,68859,68860,1
right_turning,68876,68860,68876,16
rearing,68995,68876,68995,119
rising,68996,68995,68996,1
rearing,68997,68996,68997,1
sniffing,69066,68997,69066,69
rearing,69149,69066,69149,83
grooming,69162,69149,69162,13
rearing,69272,69162,69272,110
climbing,69301,69272,69301,29
rearing,69302,69301,69302,1
running,69331,69302,69331,29
sniffing,69393,69331,69393,62
left_turning,69440,69393,69440,47
walking,69504,69440,69504,64
trotting,69524,69504,69524,20
sniffing,69560,69524,69560,36
walking,69582,69560,69582,22
climbing,69640,69582,69640,58
sniffing,69732,69640,69732,92
rising,69733,69732,69733,1
hunching,69851,69733,69851,118
rearing,69927,69851,69927,76
sniffing,69956,69927,69956,29
walking,69987,69956,69987,31
climbing,70053,69987,70053,66
walking,70054,70053,70054,1
sniffing,70055,70054,70055,1
rearing,70056,70055,70056,1
climbing,70130,70056,70130,74
grooming,70431,70130,70431,301
sniffing,70523,70431,70523,92
stepping,70554,70523,70554,31
walking,70569,70554,70569,15
sniffing,70615,70569,70615,46
rearing,70680,70615,70680,65
stepping,70686,70680,70686,6
rising,70718,70686,70718,32
climbing,70733,70718,70733,15
left_turning,70762,70733,70762,29
sniffing,71022,70762,71022,260
left_turning,71023,71022,71023,1
trotting,71057,71023,71057,34
left_turning,71074,71057,71074,17
sniffing,71080,71074,71080,6
right_turning,71083,71080,71083,3
rising,71113,71083,71113,30
sniffing,71114,71113,71114,1
left_turning,71146,71114,71146,32
sniffing,71216,71146,71216,70
climbing,71227,71216,71227,11
sniffing,71228,71227,71228,1
rising,71234,71228,71234,6
sniffing,71262,71234,71262,28
rearing,71631,71262,71631,369
sniffing,71697,71631,71697,66
left_turning,71712,71697,71712,15
sniffing,71813,71712,71813,101
trotting,71821,71813,71821,8
left_turning,71826,71821,71826,5
trotting,71828,71826,71828,2
sniffing,71875,71828,71875,47
trotting,71876,71875,71876,1
rising,71924,71876,71924,48
sniffing,71961,71924,71961,37
climbing,71978,71961,71978,17
sniffing,71979,71978,71979,1
rising,71980,71979,71980,1
sniffing,72022,71980,72022,42
rising,72042,72022,72042,20
sniffing,72103,72042,72103,61
right_turning,72113,72103,72113,10
walking,72122,72113,72122,9
climbing,72140,72122,72140,18
sniffing,72238,72140,72238,98
left_turning,72239,72238,72239,1
right_turning,72272,72239,72272,33
walking,72318,72272,72318,46
left_turning,72319,72318,72319,1
stepping,72331,72319,72331,12
hunching,72375,72331,72375,44
sniffing,72376,72375,72376,1
left_turning,72387,72376,72387,11
trotting,72402,72387,72402,15
walking,72443,72402,72443,41
sniffing,72509,72443,72509,66
walking,72529,72509,72529,20
rising,72604,72529,72604,75
hunching,72605,72604,72605,1
climbing,72653,72605,72653,48
rearing,72654,72653,72654,1
climbing,72704,72654,72704,50
walking,72714,72704,72714,10
left_turning,72771,72714,72771,57
sniffing,72772,72771,72772,1
climbing,72830,72772,72830,58
hunching,72985,72830,72985,155
rearing,72993,72985,72993,8
climbing,73042,72993,73042,49
left_turning,73043,73042,73043,1
sniffing,73134,73043,73134,91
rising,73194,73134,73194,60
sniffing,73273,73194,73273,79
rising,73315,73273,73315,42
climbing,73318,73315,73318,3
trotting,73338,73318,73338,20
rising,73380,73338,73380,42
climbing,73478,73380,73478,98
sniffing,73561,73478,73561,83
walking,73580,73561,73580,19
climbing,73648,73580,73648,68
rising,73660,73648,73660,12
climbing,73723,73660,73723,63
left_turning,73840,73723,73840,117
sniffing,73886,73840,73886,46
trotting,73928,73886,73928,42
sniffing,73968,73928,73968,40
rising,74008,73968,74008,40
walking,74039,74008,74039,31
climbing,74085,74039,74085,46
rising,74118,74085,74118,33
climbing,74176,74118,74176,58
hunching,74177,74176,74177,1
walking,74191,74177,74191,14
rising,74200,74191,74200,9
sniffing,74218,74200,74218,18
rearing,74276,74218,74276,58
rising,74333,74276,74333,57
sniffing,74391,74333,74391,58
left_turning,74423,74391,74423,32
grooming,74424,74423,74424,1
rearing,74447,74424,74447,23
climbing,74467,74447,74467,20
walking,74510,74467,74510,43
rising,74531,74510,74531,21
climbing,74593,74531,74593,62
rearing,74595,74593,74595,2
rising,74610,74595,74610,15
hunching,74620,74610,74620,10
grooming,74726,74620,74726,106
rearing,74807,74726,74807,81
walking,74808,74807,74808,1
climbing,74809,74808,74809,1
sniffing,74832,74809,74832,23
rearing,74877,74832,74877,45
rising,74878,74877,74878,1
sniffing,75018,74878,75018,140
climbing,75042,75018,75042,24
sniffing,75113,75042,75113,71
rearing,75165,75113,75165,52
grooming,75318,75165,75318,153
sniffing,75391,75318,75391,73
walking,75403,75391,75403,12
sniffing,75467,75403,75467,64
rising,75514,75467,75514,47
climbing,75528,75514,75528,14
walking,75532,75528,75532,4
climbing,75574,75532,75574,42
rearing,75600,75574,75600,26
rising,75615,75600,75615,15
sniffing,75710,75615,75710,95
left_turning,75789,75710,75789,79
rising,75790,75789,75790,1
climbing,75828,75790,75828,38
sniffing,75840,75828,75840,12
running,75856,75840,75856,16
left_turning,75889,75856,75889,33
rising,75890,75889,75890,1
rearing,75916,75890,75916,26
sniffing,75965,75916,75965,49
rising,76016,75965,76016,51
sniffing,76034,76016,76034,18
right_turning,76057,76034,76057,23
walking,76067,76057,76067,10
sniffing,76115,76067,76115,48
climbing,76188,76115,76188,73
sniffing,76255,76188,76255,67
rising,76478,76255,76478,223
sniffing,76549,76478,76549,71
running,76569,76549,76569,20
rising,76590,76569,76590,21
right_turning,76603,76590,76603,13
walking,76613,76603,76613,10
climbing,76665,76613,76665,52
left_turning,76672,76665,76672,7
walking,76694,76672,76694,22
rearing,76715,76694,76715,21
walking,76716,76715,76716,1
rising,76728,76716,76728,12
climbing,76754,76728,76754,26
left_turning,76757,76754,76757,3
sniffing,76762,76757,76762,5
walking,76763,76762,76763,1
sniffing,76782,76763,76782,19
running,76833,76782,76833,51
sniffing,76897,76833,76897,64
left_turning,76926,76897,76926,29
sniffing,76935,76926,76935,9
climbing,76950,76935,76950,15
walking,76993,76950,76993,43
climbing,77000,76993,77000,7
rearing,77287,77000,77287,287
sniffing,77352,77287,77352,65
walking,77353,77352,77353,1
stepping,77372,77353,77372,19
rising,77390,77372,77390,18
climbing,77412,77390,77412,22
right_turning,77460,77412,77460,48
sniffing,77505,77460,77505,45
rising,77506,77505,77506,1
sniffing,77513,77506,77513,7
pausing,77663,77513,77663,150
sniffing,77664,77663,77664,1
climbing,77665,77664,77665,1
right_turning,77684,77665,77684,19
sniffing,77685,77684,77685,1
rising,77719,77685,77719,34
climbing,77780,77719,77780,61
rearing,77797,77780,77797,17
sniffing,77821,77797,77821,24
rising,77886,77821,77886,65
hunching,77952,77886,77952,66
rising,77953,77952,77953,1
sniffing,77972,77953,77972,19
left_turning,78022,77972,78022,50
walking,78077,78022,78077,55
sniffing,78187,78077,78187,110
pausing,78337,78187,78337,150
sniffing,78487,78337,78487,150
rising,78488,78487,78488,1
walking,78521,78488,78521,33
sniffing,78535,78521,78535,14
rearing,78610,78535,78610,75
grooming,78760,78610,78760,150
sniffing,78761,78760,78761,1
rearing,78794,78761,78794,33
rising,78795,78794,78795,1
rearing,78796,78795,78796,1
sniffing,78876,78796,78876,80
rising,78895,78876,78895,19
sniffing,78972,78895,78972,77
stepping,79003,78972,79003,31
sniffing,79076,79003,79076,73
grooming,79077,79076,79077,1
rising,79092,79077,79092,15
climbing,79103,79092,79103,11
rearing,79173,79103,79173,70
sniffing,79269,79173,79269,96
rising,79312,79269,79312,43
right_turning,79344,79312,79344,32
walking,79402,79344,79402,58
sniffing,79421,79402,79421,19
left_turning,79488,79421,79488,67
sniffing,79541,79488,79541,53
walking,79562,79541,79562,21
right_turning,79587,79562,79587,25
walking,79641,79587,79641,54
climbing,79709,79641,79709,68
right_turning,79710,79709,79710,1
walking,79746,79710,79746,36
sniffing,79790,79746,79790,44
rising,79800,79790,79800,10
sniffing,79824,79800,79824,24
rearing,79854,79824,79854,30
climbing,79855,79854,79855,1
grooming,79953,79855,79953,98
climbing,79987,79953,79987,34
sniffing,80026,79987,80026,39
climbing,80160,80026,80160,134
rearing,80161,80160,80161,1
grooming,80685,80161,80685,524
rising,80697,80685,80697,12
climbing,80741,80697,80741,44
walking,80767,80741,80767,26
rearing,80834,80767,80834,67
sniffing,80862,80834,80862,28
walking,80887,80862,80887,25
sniffing,80931,80887,80931,44
walking,80975,80931,80975,44
rising,80983,80975,80983,8
walking,81021,80983,81021,38
climbing,81071,81021,81071,50
rising,81088,81071,81088,17
sniffing,81194,81088,81194,106
grooming,81195,81194,81195,1
hunching,81196,81195,81196,1
rearing,81314,81196,81314,118
left_turning,81347,81314,81347,33
sniffing,81390,81347,81390,43
left_turning,81408,81390,81408,18
sniffing,81544,81408,81544,136
rising,81574,81544,81574,30
right_turning,81635,81574,81635,61
sniffing,81680,81635,81680,45
stepping,81734,81680,81734,54
left_turning,81784,81734,81784,50
walking,81792,81784,81792,8
sniffing,81835,81792,81835,43
pausing,81949,81835,81949,114
sniffing,82037,81949,82037,88
walking,82078,82037,82078,41
rising,82109,82078,82109,31
climbing,82165,82109,82165,56
right_turning,82191,82165,82191,26
walking,82192,82191,82192,1
sniffing,82193,82192,82193,1
rising,82204,82193,82204,11
sniffing,82228,82204,82228,24
stepping,82263,82228,82263,35
sniffing,82308,82263,82308,45
rising,82339,82308,82339,31
sniffing,82398,82339,82398,59
right_turning,82404,82398,82404,6
rising,82476,82404,82476,72
left_turning,82505,82476,82505,29
sniffing,82537,82505,82537,32
rising,82547,82537,82547,10
hunching,82627,82547,82627,80
sniffing,82750,82627,82750,123
grooming,82756,82750,82756,6
climbing,82774,82756,82774,18
rearing,82775,82774,82775,1
rising,82780,82775,82780,5
rearing,82828,82780,82828,48
rising,82888,82828,82888,60
sniffing,82964,82888,82964,76
rising,82965,82964,82965,1
climbing,83008,82965,83008,43
rising,83032,83008,83032,24
rearing,83110,83032,83110,78
walking,83130,83110,83130,20
rising,83198,83130,83198,68
climbing,83299,83198,83299,101
rising,83328,83299,83328,29
sniffing,83395,83328,83395,67
rising,83396,83395,83396,1
climbing,83480,83396,83480,84
walking,83510,83480,83510,30
sniffing,83532,83510,83532,22
climbing,83603,83532,83603,71
hunching,83637,83603,83637,34
walking,83638,83637,83638,1
sniffing,83739,83638,83739,101
left_turning,83798,83739,83798,59
walking,83799,83798,83799,1
sniffing,83848,83799,83848,49
rearing,83905,83848,83905,57
grooming,84340,83905,84340,435
rising,84370,84340,84370,30
sniffing,84386,84370,84386,16
rising,84391,84386,84391,5
sniffing,84514,84391,84514,123
walking,84515,84514,84515,1
sniffing,84578,84515,84578,63
stepping,84595,84578,84595,17
walking,84644,84595,84644,49
sniffing,84785,84644,84785,141
hunching,84839,84785,84839,54
rearing,84863,84839,84863,24
sniffing,84933,84863,84933,70
walking,84976,84933,84976,43
rising,85011,84976,85011,35
climbing,85061,85011,85061,50
running,85100,85061,85100,39
rising,85182,85100,85182,82
rearing,85219,85182,85219,37
climbing,85264,85219,85264,45
walking,85289,85264,85289,25
rising,85292,85289,85292,3
walking,85339,85292,85339,47
stepping,85350,85339,85350,11
walking,85381,85350,85381,31
sniffing,85425,85381,85425,44
left_turning,85426,85425,85426,1
rising,85449,85426,85449,23
climbing,85468,85449,85468,19
sniffing,85508,85468,85508,40
rising,85604,85508,85604,96
left_turning,85652,85604,85652,48
trotting,85683,85652,85683,31
sniffing,85731,85683,85731,48
climbing,85759,85731,85759,28
right_turning,85775,85759,85775,16
trotting,85799,85775,85799,24
walking,85860,85799,85860,61
rising,85925,85860,85925,65
right_turning,85980,85925,85980,55
sniffing,86063,85980,86063,83
right_turning,86098,86063,86098,35
stepping,86120,86098,86120,22
walking,86154,86120,86154,34
sniffing,86155,86154,86155,1
walking,86167,86155,86167,12
sniffing,86168,86167,86168,1
climbing,86254,86168,86254,86
sniffing,86373,86254,86373,119
trotting,86387,86373,86387,14
sniffing,86552,86387,86552,165
rising,86635,86552,86635,83
left_turning,86636,86635,86636,1
walking,86659,86636,86659,23
sniffing,86781,86659,86781,122
grooming,87040,86781,87040,259
sniffing,87115,87040,87115,75
walking,87133,87115,87133,18
climbing,87199,87133,87199,66
right_turning,87219,87199,87219,20
trotting,87222,87219,87222,3
sniffing,87415,87222,87415,193
walking,87446,87415,87446,31
rearing,87683,87446,87683,237
hunching,87715,87683,87715,32
right_turning,87716,87715,87716,1
climbing,87757,87716,87757,41
rising,87766,87757,87766,9
climbing,87811,87766,87811,45
walking,87830,87811,87830,19
climbing,87875,87830,87875,45
rising,87915,87875,87915,40
climbing,87916,87915,87916,1
sniffing,87939,87916,87939,23
rising,87957,87939,87957,18
climbing,87981,87957,87981,24
sniffing,87982,87981,87982,1
hunching,88000,87982,88000,18
sniffing,88021,88000,88021,21
walking,88022,88021,88022,1
sniffing,88087,88022,88087,65
hunching,88088,88087,88088,1
sniffing,88183,88088,88183,95
rising,88246,88183,88246,63
climbing,88264,88246,88264,18
rising,88279,88264,88279,15
left_turning,88296,88279,88296,17
sniffing,88302,88296,88302,6
grooming,88370,88302,88370,68
rearing,88554,88370,88554,184
left_turning,88644,88554,88644,90
sniffing,88697,88644,88697,53
left_turning,88698,88697,88698,1
sniffing,88699,88698,88699,1
running,88707,88699,88707,8
walking,88708,88707,88708,1
rising,88731,88708,88731,23
rearing,88791,88731,88791,60
grooming,88904,88791,88904,113
sniffing,88969,88904,88969,65
trotting,88990,88969,88990,21
climbing,89030,88990,89030,40
walking,89042,89030,89042,12
rising,89056,89042,89056,14
right_turning,89082,89056,89082,26
walking,89139,89082,89139,57
sniffing,89217,89139,89217,78
stepping,89218,89217,89218,1
left_turning,89289,89218,89289,71
running,89325,89289,89325,36
trotting,89357,89325,89357,32
stepping,89358,89357,89358,1
walking,89359,89358,89359,1
sniffing,89360,89359,89360,1
walking,89372,89360,89372,12
stepping,89407,89372,89407,35
sniffing,89515,89407,89515,108
walking,89516,89515,89516,1
sniffing,89571,89516,89571,55
rising,89613,89571,89613,42
right_turning,89634,89613,89634,21
trotting,89665,89634,89665,31
sniffing,89666,89665,89666,1
hunching,89693,89666,89693,27
jumping,89694,89693,89694,1
sniffing,90283,89694,90283,589
right_turning,90284,90283,90284,1
trotting,90303,90284,90303,19
rising,90368,90303,90368,65
right_turning,90405,90368,90405,37
walking,90472,90405,90472,67
climbing,90563,90472,90563,91
running,90591,90563,90591,28
sniffing,90592,90591,90592,1
walking,90679,90592,90679,87
climbing,90760,90679,90760,81
sniffing,90822,90760,90822,62
climbing,90847,90822,90847,25
sniffing,90850,90847,90850,3
left_turning,90867,90850,90867,17
running,90869,90867,90869,2
walking,90928,90869,90928,59
grooming,91102,90928,91102,174
hunching,91180,91102,91180,78
grooming,91258,91180,91258,78
rearing,91319,91258,91319,61
sniffing,91355,91319,91355,36
climbing,91432,91355,91432,77
rising,91468,91432,91468,36
sniffing,91469,91468,91469,1
hunching,91470,91469,91470,1
sniffing,91817,91470,91817,347
grooming,91818,91817,91818,1
rearing,91819,91818,91819,1
rising,91853,91819,91853,34
climbing,91868,91853,91868,15
hunching,91965,91868,91965,97
rearing,92076,91965,92076,111
grooming,92089,92076,92089,13
rearing,92108,92089,92108,19
walking,92169,92108,92169,61
rising,92187,92169,92187,18
rearing,92238,92187,92238,51
rising,92239,92238,92239,1
climbing,92277,92239,92277,38
hunching,92327,92277,92327,50
sniffing,92371,92327,92371,44
rising,92372,92371,92372,1
rearing,92549,92372,92549,177
walking,92616,92549,92616,67
sniffing,92627,92616,92627,11
left_turning,92663,92627,92663,36
trotting,92684,92663,92684,21
rising,92699,92684,92699,15
climbing,92721,92699,92721,22
rising,92728,92721,92728,7
climbing,92794,92728,92794,66
rising,92836,92794,92836,42
climbing,92886,92836,92886,50
rising,92948,92886,92948,62
climbing,92995,92948,92995,47
right_turning,92996,92995,92996,1
sniffing,93076,92996,93076,80
rising,93121,93076,93121,45
walking,93155,93121,93155,34
sniffing,93279,93155,93279,124
pausing,93652,93279,93652,373
sniffing,93823,93652,93823,171
walking,93871,93823,93871,48
stepping,93921,93871,93921,50
rising,93946,93921,93946,25
rearing,94045,93946,94045,99
grooming,94046,94045,94046,1
rearing,94121,94046,94121,75
rising,94134,94121,94134,13
sniffing,94160,94134,94160,26
walking,94161,94160,94161,1
sniffing,94162,94161,94162,1
walking,94172,94162,94172,10
sniffing,94200,94172,94200,28
rising,94201,94200,94201,1
rearing,94312,94201,94312,111
grooming,94313,94312,94313,1
hunching,94436,94313,94436,123
rising,94471,94436,94471,35
left_turning,94493,94471,94493,22
walking,94574,94493,94574,81
trotting,94624,94574,94624,50
sniffing,94652,94624,94652,28
climbing,94653,94652,94653,1
left_turning,94688,94653,94688,35
sniffing,94771,94688,94771,83
right_turning,94772,94771,94772,1
walking,94797,94772,94797,25
sniffing,94856,94797,94856,59
stepping,94900,94856,94900,44
walking,94955,94900,94955,55
right_turning,95026,94955,95026,71
sniffing,95123,95026,95123,97
walking,95124,95123,95124,1
stepping,95170,95124,95170,46
sniffing,95204,95170,95204,34
right_turning,95210,95204,95210,6
walking,95238,95210,95238,28
trotting,95291,95238,95291,53
climbing,95322,95291,95322,31
sniffing,95377,95322,95377,55
rising,95411,95377,95411,34
climbing,95578,95411,95578,167
right_turning,95581,95578,95581,3
walking,95622,95581,95622,41
sniffing,95623,95622,95623,1
climbing,95627,95623,95627,4
grooming,95722,95627,95722,95
sniffing,95765,95722,95765,43
rearing,95876,95765,95876,111
walking,95906,95876,95906,30
stepping,95907,95906,95907,1
rising,95908,95907,95908,1
sniffing,96046,95908,96046,138
rising,96084,96046,96084,38
sniffing,96085,96084,96085,1
rising,96151,96085,96151,66
climbing,96228,96151,96228,77
rising,96246,96228,96246,18
left_turning,96304,96246,96304,58
trotting,96354,96304,96354,50
rising,96387,96354,96387,33
climbing,96417,96387,96417,30
walking,96441,96417,96441,24
climbing,96470,96441,96470,29
sniffing,96603,96470,96603,133
trotting,96617,96603,96617,14
walking,96672,96617,96672,55
rising,96682,96672,96682,10
sniffing,96780,96682,96780,98
left_turning,96781,96780,96781,1
trotting,96809,96781,96809,28
walking,96821,96809,96821,12
right_turning,96838,96821,96838,17
trotting,96859,96838,96859,21
right_turning,96882,96859,96882,23
walking,96884,96882,96884,2
sniffing,96885,96884,96885,1
walking,96886,96885,96886,1
rising,96937,96886,96937,51
grooming,96938,96937,96938,1
sniffing,96939,96938,96939,1
walking,96968,96939,96968,29
climbing,97020,96968,97020,52
hunching,97021,97020,97021,1
climbing,97060,97021,97060,39
grooming,97091,97060,97091,31
rearing,97230,97091,97230,139
sniffing,97231,97230,97231,1
left_turning,97232,97231,97232,1
trotting,97267,97232,97267,35
walking,97336,97267,97336,69
hunching,97438,97336,97438,102
sniffing,97439,97438,97439,1
right_turning,97440,97439,97440,1
running,97459,97440,97459,19
sniffing,97486,97459,97486,27
climbing,97498,97486,97498,12
sniffing,97613,97498,97613,115
rising,97707,97613,97707,94
right_turning,97734,97707,97734,27
trotting,97765,97734,97765,31
left_turning,97811,97765,97811,46
rearing,97819,97811,97819,8
walking,97865,97819,97865,46
right_turning,97874,97865,97874,9
left_turning,97895,97874,97895,21
stepping,97936,97895,97936,41
walking,97967,97936,97967,31
left_turning,97985,97967,97985,18
sniffing,98072,97985,98072,87
walking,98073,98072,98073,1
rising,98207,98073,98207,134
walking,98208,98207,98208,1
sniffing,98220,98208,98220,12
grooming,98221,98220,98221,1
hunching,98222,98221,98222,1
trotting,98262,98222,98262,40
walking,98263,98262,98263,1
sniffing,98300,98263,98300,37
rearing,98402,98300,98402,102
climbing,98459,98402,98459,57
hunching,98546,98459,98546,87
sniffing,98616,98546,98616,70
climbing,98672,98616,98672,56
right_turning,98691,98672,98691,19
walking,98692,98691,98692,1
sniffing,98761,98692,98761,69
stepping,98775,98761,98775,14
climbing,98836,98775,98836,61
grooming,98957,98836,98957,121
sniffing,99023,98957,99023,66
left_turning,99206,99023,99206,183
walking,99234,99206,99234,28
sniffing,99235,99234,99235,1
walking,99236,99235,99236,1
trotting,99237,99236,99237,1
rising,99238,99237,99238,1
sniffing,99335,99238,99335,97
left_turning,99392,99335,99392,57
climbing,99419,99392,99419,27
sniffing,99593,99419,99593,174
right_turning,99616,99593,99616,23
walking,99671,99616,99671,55
sniffing,99701,99671,99701,30
stepping,99711,99701,99711,10
sniffing,99769,99711,99769,58
stepping,99791,99769,99791,22
walking,99837,99791,99837,46
rising,99902,99837,99902,65
sniffing,99944,99902,99944,42
rising,99945,99944,99945,1
climbing,99996,99945,99996,51
rising,100102,99996,100102,106
rearing,100114,100102,100114,12
rising,100176,100114,100176,62
sniffing,100303,100176,100303,127
grooming,100497,100303,100497,194
sniffing,100571,100497,100571,74
grooming,100761,100571,100761,190
rearing,100907,100761,100907,146
grooming,100908,100907,100908,1
rearing,100909,100908,100909,1
rising,100986,100909,100986,77
sniffing,101026,100986,101026,40
rearing,101104,101026,101104,78
grooming,101105,101104,101105,1
rising,101106,101105,101106,1
climbing,101107,101106,101107,1
grooming,101108,101107,101108,1
hunching,101109,101108,101109,1
grooming,101171,101109,101171,62
sniffing,101178,101171,101178,7
rising,101179,101178,101179,1
climbing,101321,101179,101321,142
sniffing,101408,101321,101408,87
hunching,101499,101408,101499,91
sniffing,101573,101499,101573,74
rising,101624,101573,101624,51
sniffing,101772,101624,101772,148
right_turning,101803,101772,101803,31
sniffing,101804,101803,101804,1
right_turning,101856,101804,101856,52
walking,101882,101856,101882,26
sniffing,101883,101882,101883,1
left_turning,101890,101883,101890,7
climbing,101891,101890,101891,1
rising,101917,101891,101917,26
rearing,101918,101917,101918,1
sniffing,101971,101918,101971,53
pausing,101972,101971,101972,1
sniffing,102051,101972,102051,79
grooming,102342,102051,102342,291
rearing,102362,102342,102362,20
rising,102401,102362,102401,39
sniffing,102411,102401,102411,10
rising,102505,102411,102505,94
trotting,102545,102505,102545,40
walking,102582,102545,102582,37
rising,102618,102582,102618,36
sniffing,102640,102618,102640,22
grooming,102736,102640,102736,96
rearing,102737,102736,102737,1
hunching,102738,102737,102738,1
grooming,102773,102738,102773,35
sniffing,102846,102773,102846,73
walking,102932,102846,102932,86
rearing,102933,102932,102933,1
left_turning,102975,102933,102975,42
stepping,102999,102975,102999,24
sniffing,103089,102999,103089,90
rising,103111,103089,103111,22
sniffing,103182,103111,103182,71
rising,103230,103182,103230,48
sniffing,103239,103230,103239,9
rising,103240,103239,103240,1
right_turning,103264,103240,103264,24
stepping,103278,103264,103278,14
sniffing,103340,103278,103340,62
trotting,103388,103340,103388,48
sniffing,103389,103388,103389,1
right_turning,103422,103389,103422,33
stepping,103456,103422,103456,34
walking,103457,103456,103457,1
sniffing,103493,103457,103493,36
stepping,103532,103493,103532,39
sniffing,103569,103532,103569,37
right_turning,103575,103569,103575,6
walking,103589,103575,103589,14
stepping,103599,103589,103599,10
rising,103660,103599,103660,61
sniffing,103729,103660,103729,69
climbing,103780,103729,103780,51
rising,103846,103780,103846,66
rearing,103875,103846,103875,29
grooming,104047,103875,104047,172
sniffing,104112,104047,104112,65
left_turning,104155,104112,104155,43
sniffing,104169,104155,104169,14
rising,104170,104169,104170,1
hunching,104381,104170,104381,211
rising,104419,104381,104419,38
sniffing,104570,104419,104570,151
rising,104598,104570,104598,28
sniffing,104599,104598,104599,1
walking,104650,104599,104650,51
sniffing,104770,104650,104770,120
left_turning,104886,104770,104886,116
rising,104939,104886,104939,53
climbing,105016,104939,105016,77
walking,105048,105016,105048,32
trotting,105057,105048,105057,9
walking,105125,105057,105125,68
trotting,105185,105125,105185,60
left_turning,105247,105185,105247,62
running,105254,105247,105254,7
stepping,105313,105254,105313,59
walking,105363,105313,105363,50
sniffing,105371,105363,105371,8
grooming,105372,105371,105372,1
hunching,105399,105372,105399,27
sniffing,105443,105399,105443,44
grooming,105444,105443,105444,1
rising,105506,105444,105506,62
hunching,105731,105506,105731,225
sniffing,105770,105731,105770,39
hunching,105890,105770,105890,120
grooming,105891,105890,105891,1
sniffing,105924,105891,105924,33
climbing,106035,105924,106035,111
rising,106036,106035,106036,1
climbing,106037,106036,106037,1
rearing,106040,106037,106040,3
sniffing,106125,106040,106125,85
hunching,106228,106125,106228,103
sniffing,106244,106228,106244,16
rising,106307,106244,106307,63
sniffing,106381,106307,106381,74
pausing,106382,106381,106382,1
sniffing,106383,106382,106383,1
rearing,106388,106383,106388,5
stepping,106412,106388,106412,24
walking,106427,106412,106427,15
trotting,106453,106427,106453,26
sniffing,106454,106453,106454,1
climbing,106473,106454,106473,19
sniffing,106573,106473,106573,100
trotting,106583,106573,106583,10
sniffing,106619,106583,106619,36
right_turning,106640,106619,106640,21
walking,106679,106640,106679,39
sniffing,106726,106679,106726,47
rearing,106775,106726,106775,49
sniffing,106900,106775,106900,125
walking,106926,106900,106926,26
right_turning,106962,106926,106962,36
walking,106991,106962,106991,29
climbing,107081,106991,107081,90
trotting,107102,107081,107102,21
sniffing,107103,107102,107103,1
left_turning,107230,107103,107230,127
walking,107256,107230,107256,26
rising,107304,107256,107304,48
sniffing,107305,107304,107305,1
rising,107368,107305,107368,63
climbing,107419,107368,107419,51
grooming,107420,107419,107420,1
rearing,107421,107420,107421,1
climbing,107422,107421,107422,1
rising,107423,107422,107423,1
climbing,107458,107423,107458,35
walking,107477,107458,107477,19
climbing,107531,107477,107531,54
sniffing,107532,107531,107532,1
walking,107549,107532,107549,17
rising,107633,107549,107633,84
rearing,107766,107633,107766,133
sniffing,107801,107766,107801,35
rising,107810,107801,107810,9
sniffing,107852,107810,107852,42
rising,107868,107852,107868,16
rearing,107963,107868,107963,95
climbing,107964,107963,107964,1
sniffing,107986,107964,107986,22
climbing,108000,107986,108000,14
