revised_movement_label,segBoundary,segBoundary_start,segBoundary_end,length
rising,113,0,113,113
left_turning,114,113,114,1
stepping,135,114,135,21
walking,181,135,181,46
sniffing,210,181,210,29
climbing,260,210,260,50
trotting,261,260,261,1
left_turning,263,261,263,2
sniffing,264,263,264,1
climbing,298,264,298,34
trotting,347,298,347,49
sniffing,413,347,413,66
walking,419,413,419,6
sniffing,600,419,600,181
left_turning,609,600,609,9
walking,639,609,639,30
right_turning,653,639,653,14
walking,721,653,721,68
sniffing,733,721,733,12
left_turning,786,733,786,53
sniffing,870,786,870,84
climbing,913,870,913,43
right_turning,942,913,942,29
sniffing,1041,942,1041,99
rising,1054,1041,1054,13
climbing,1116,1054,1116,62
sniffing,1196,1116,1196,80
trotting,1206,1196,1206,10
stepping,1262,1206,1262,56
sniffing,1272,1262,1272,10
stepping,1273,1272,1273,1
climbing,1310,1273,1310,37
sniffing,1311,1310,1311,1
walking,1313,1311,1313,2
rising,1355,1313,1355,42
climbing,1369,1355,1369,14
rising,1370,1369,1370,1
climbing,1390,1370,1390,20
rearing,1462,1390,1462,72
grooming,1463,1462,1463,1
right_turning,1490,1463,1490,27
sniffing,1552,1490,1552,62
climbing,1601,1552,1601,49
sniffing,1602,1601,1602,1
walking,1614,1602,1614,12
climbing,1662,1614,1662,48
walking,1663,1662,1663,1
climbing,1682,1663,1682,19
walking,1770,1682,1770,88
climbing,1853,1770,1853,83
walking,1873,1853,1873,20
sniffing,1945,1873,1945,72
rising,1946,1945,1946,1
climbing,2004,1946,2004,58
walking,2060,2004,2060,56
left_turning,2080,2060,2080,20
sniffing,2105,2080,2105,25
trotting,2114,2105,2114,9
sniffing,2239,2114,2239,125
trotting,2252,2239,2252,13
sniffing,2262,2252,2262,10
climbing,2330,2262,2330,68
hunching,2471,2330,2471,141
rearing,2472,2471,2472,1
climbing,2493,2472,2493,21
sniffing,2511,2493,2511,18
climbing,2512,2511,2512,1
rising,2564,2512,2564,52
sniffing,2581,2564,2581,17
climbing,2599,2581,2599,18
walking,2631,2599,2631,32
sniffing,2651,2631,2651,20
climbing,2687,2651,2687,36
sniffing,2726,2687,2726,39
walking,2756,2726,2756,30
climbing,2786,2756,2786,30
sniffing,2787,2786,2787,1
right_turning,2804,2787,2804,17
walking,2808,2804,2808,4
stepping,2834,2808,2834,26
rising,2835,2834,2835,1
rearing,2836,2835,2836,1
rising,2883,2836,2883,47
walking,2886,2883,2886,3
sniffing,2887,2886,2887,1
walking,2917,2887,2917,30
sniffing,2927,2917,2927,10
rising,2928,2927,2928,1
climbing,2968,2928,2968,40
sniffing,3014,2968,3014,46
rising,3015,3014,3015,1
walking,3038,3015,3038,23
sniffing,3086,3038,3086,48
grooming,3087,3086,3087,1
hunching,3121,3087,3121,34
climbing,3146,3121,3146,25
rising,3147,3146,3147,1
climbing,3186,3147,3186,39
sniffing,3219,3186,3219,33
walking,3233,3219,3233,14
trotting,3243,3233,3243,10
rising,3253,3243,3253,10
climbing,3314,3253,3314,61
walking,3384,3314,3384,70
sniffing,3699,3384,3699,315
trotting,3715,3699,3715,16
walking,3776,3715,3776,61
rising,3823,3776,3823,47
stepping,3869,3823,3869,46
right_turning,3891,3869,3891,22
sniffing,4019,3891,4019,128
stepping,4044,4019,4044,25
hunching,4090,4044,4090,46
sniffing,4091,4090,4091,1
left_turning,4126,4091,4126,35
sniffing,4219,4126,4219,93
rising,4278,4219,4278,59
hunching,4489,4278,4489,211
climbing,4525,4489,4525,36
rearing,4571,4525,4571,46
walking,4644,4571,4644,73
sniffing,4686,4644,4686,42
climbing,4738,4686,4738,52
sniffing,4776,4738,4776,38
stepping,4784,4776,4784,8
left_turning,4814,4784,4814,30
trotting,4825,4814,4825,11
sniffing,4826,4825,4826,1
rising,4827,4826,4827,1
sniffing,4877,4827,4877,50
left_turning,4878,4877,4878,1
sniffing,4879,4878,4879,1
walking,4889,4879,4889,10
climbing,4925,4889,4925,36
sniffing,4943,4925,4943,18
right_turning,4968,4943,4968,25
walking,4981,4968,4981,13
sniffing,5022,4981,5022,41
hunching,5023,5022,5023,1
climbing,5065,5023,5065,42
rising,5066,5065,5066,1
left_turning,5100,5066,5100,34
walking,5107,5100,5107,7
sniffing,5129,5107,5129,22
climbing,5202,5129,5202,73
rising,5232,5202,5232,30
walking,5241,5232,5241,9
sniffing,5305,5241,5305,64
climbing,5321,5305,5321,16
sniffing,5322,5321,5322,1
trotting,5352,5322,5352,30
right_turning,5364,5352,5364,12
climbing,5434,5364,5434,70
rising,5437,5434,5437,3
climbing,5471,5437,5471,34
trotting,5530,5471,5530,59
sniffing,5683,5530,5683,153
rising,5749,5683,5749,66
climbing,5776,5749,5776,27
rising,5777,5776,5777,1
trotting,5816,5777,5816,39
stepping,5845,5816,5845,29
sniffing,5846,5845,5846,1
climbing,5877,5846,5877,31
sniffing,5886,5877,5886,9
walking,5891,5886,5891,5
left_turning,5892,5891,5892,1
running,5919,5892,5919,27
walking,5930,5919,5930,11
sniffing,5965,5930,5965,35
walking,6024,5965,6024,59
trotting,6034,6024,6034,10
walking,6035,6034,6035,1
sniffing,6089,6035,6089,54
rising,6122,6089,6122,33
walking,6150,6122,6150,28
sniffing,6151,6150,6151,1
trotting,6164,6151,6164,13
rising,6165,6164,6165,1
climbing,6208,6165,6208,43
sniffing,6240,6208,6240,32
walking,6274,6240,6274,34
sniffing,6275,6274,6275,1
rising,6326,6275,6326,51
left_turning,6354,6326,6354,28
sniffing,6454,6354,6454,100
rearing,6546,6454,6546,92
grooming,6681,6546,6681,135
hunching,6750,6681,6750,69
climbing,6777,6750,6777,27
trotting,6778,6777,6778,1
sniffing,6949,6778,6949,171
rising,6961,6949,6961,12
sniffing,7004,6961,7004,43
trotting,7005,7004,7005,1
walking,7066,7005,7066,61
sniffing,7156,7066,7156,90
walking,7236,7156,7236,80
rising,7367,7236,7367,131
climbing,7388,7367,7388,21
trotting,7402,7388,7402,14
sniffing,7456,7402,7456,54
climbing,7506,7456,7506,50
sniffing,7587,7506,7587,81
rising,7603,7587,7603,16
sniffing,7633,7603,7633,30
left_turning,7677,7633,7677,44
trotting,7701,7677,7701,24
sniffing,7717,7701,7717,16
walking,7718,7717,7718,1
sniffing,7724,7718,7724,6
climbing,7730,7724,7730,6
walking,7776,7730,7776,46
rising,7811,7776,7811,35
sniffing,7812,7811,7812,1
walking,7840,7812,7840,28
sniffing,7841,7840,7841,1
right_turning,7873,7841,7873,32
rising,7965,7873,7965,92
rearing,8013,7965,8013,48
sniffing,8014,8013,8014,1
walking,8043,8014,8043,29
left_turning,8097,8043,8097,54
walking,8112,8097,8112,15
right_turning,8117,8112,8117,5
walking,8121,8117,8121,4
climbing,8163,8121,8163,42
rearing,8196,8163,8196,33
rising,8220,8196,8220,24
walking,8286,8220,8286,66
trotting,8301,8286,8301,15
stepping,8302,8301,8302,1
rising,8303,8302,8303,1
sniffing,8373,8303,8373,70
rising,8433,8373,8433,60
right_turning,8434,8433,8434,1
walking,8438,8434,8438,4
left_turning,8456,8438,8456,18
sniffing,8467,8456,8467,11
stepping,8536,8467,8536,69
sniffing,8585,8536,8585,49
climbing,8607,8585,8607,22
sniffing,8704,8607,8704,97
right_turning,8748,8704,8748,44
climbing,8792,8748,8792,44
hunching,8793,8792,8793,1
sniffing,8846,8793,8846,53
right_turning,8873,8846,8873,27
sniffing,8934,8873,8934,61
pausing,8935,8934,8935,1
sniffing,8968,8935,8968,33
rising,8969,8968,8969,1
walking,9020,8969,9020,51
stepping,9043,9020,9043,23
sniffing,9044,9043,9044,1
walking,9173,9044,9173,129
trotting,9177,9173,9177,4
sniffing,9192,9177,9192,15
left_turning,9223,9192,9223,31
sniffing,9224,9223,9224,1
walking,9319,9224,9319,95
sniffing,9364,9319,9364,45
right_turning,9374,9364,9374,10
left_turning,9380,9374,9380,6
sniffing,9381,9380,9381,1
walking,9425,9381,9425,44
sniffing,9497,9425,9497,72
left_turning,9514,9497,9514,17
running,9537,9514,9537,23
trotting,9576,9537,9576,39
sniffing,9654,9576,9654,78
rising,9655,9654,9655,1
climbing,9713,9655,9713,58
trotting,9749,9713,9749,36
left_turning,9770,9749,9770,21
sniffing,9771,9770,9771,1
climbing,9816,9771,9816,45
right_turning,9844,9816,9844,28
stepping,9861,9844,9861,17
sniffing,9867,9861,9867,6
trotting,9870,9867,9870,3
rising,9962,9870,9962,92
climbing,10026,9962,10026,64
rising,10045,10026,10045,19
walking,10067,10045,10067,22
climbing,10086,10067,10086,19
rising,10087,10086,10087,1
climbing,10128,10087,10128,41
walking,10146,10128,10146,18
sniffing,10151,10146,10151,5
rising,10152,10151,10152,1
climbing,10195,10152,10195,43
trotting,10220,10195,10220,25
left_turning,10268,10220,10268,48
walking,10311,10268,10311,43
climbing,10344,10311,10344,33
rising,10386,10344,10386,42
right_turning,10411,10386,10411,25
rising,10475,10411,10475,64
stepping,10476,10475,10476,1
trotting,10539,10476,10539,63
sniffing,10664,10539,10664,125
stepping,10698,10664,10698,34
running,10719,10698,10719,21
left_turning,10746,10719,10746,27
trotting,10771,10746,10771,25
sniffing,10806,10771,10806,35
rising,10894,10806,10894,88
walking,10985,10894,10985,91
stepping,10989,10985,10989,4
rising,11010,10989,11010,21
climbing,11033,11010,11033,23
trotting,11039,11033,11039,6
rising,11127,11039,11127,88
climbing,11160,11127,11160,33
trotting,11161,11160,11161,1
sniffing,11162,11161,11162,1
right_turning,11194,11162,11194,32
climbing,11227,11194,11227,33
sniffing,11337,11227,11337,110
walking,11406,11337,11406,69
left_turning,11426,11406,11426,20
running,11435,11426,11435,9
right_turning,11443,11435,11443,8
walking,11492,11443,11492,49
sniffing,11516,11492,11516,24
climbing,11545,11516,11545,29
walking,11562,11545,11562,17
sniffing,11598,11562,11598,36
walking,11603,11598,11603,5
running,11651,11603,11651,48
walking,11652,11651,11652,1
sniffing,11707,11652,11707,55
walking,11737,11707,11737,30
climbing,11809,11737,11809,72
sniffing,11920,11809,11920,111
rising,11921,11920,11921,1
climbing,11962,11921,11962,41
stepping,11973,11962,11973,11
sniffing,12034,11973,12034,61
climbing,12040,12034,12040,6
trotting,12083,12040,12083,43
sniffing,12141,12083,12141,58
walking,12142,12141,12142,1
trotting,12149,12142,12149,7
sniffing,12181,12149,12181,32
left_turning,12182,12181,12182,1
sniffing,12220,12182,12220,38
walking,12255,12220,12255,35
sniffing,12295,12255,12295,40
walking,12322,12295,12322,27
trotting,12339,12322,12339,17
right_turning,12345,12339,12345,6
trotting,12364,12345,12364,19
rising,12467,12364,12467,103
climbing,12566,12467,12566,99
walking,12600,12566,12600,34
climbing,12629,12600,12629,29
walking,12675,12629,12675,46
sniffing,12698,12675,12698,23
rising,12788,12698,12788,90
climbing,12830,12788,12830,42
sniffing,12831,12830,12831,1
walking,12836,12831,12836,5
right_turning,12864,12836,12864,28
sniffing,12969,12864,12969,105
left_turning,13022,12969,13022,53
grooming,13197,13022,13197,175
rising,13198,13197,13198,1
left_turning,13235,13198,13235,37
sniffing,13258,13235,13258,23
walking,13265,13258,13265,7
climbing,13344,13265,13344,79
sniffing,13366,13344,13366,22
walking,13407,13366,13407,41
left_turning,13450,13407,13450,43
walking,13460,13450,13460,10
sniffing,13483,13460,13483,23
walking,13484,13483,13484,1
sniffing,13485,13484,13485,1
right_turning,13496,13485,13496,11
rising,13613,13496,13613,117
walking,13668,13613,13668,55
rising,13823,13668,13823,155
climbing,13876,13823,13876,53
right_turning,13896,13876,13896,20
trotting,13915,13896,13915,19
sniffing,13960,13915,13960,45
rising,14081,13960,14081,121
climbing,14107,14081,14107,26
walking,14136,14107,14136,29
sniffing,14157,14136,14157,21
left_turning,14188,14157,14188,31
walking,14200,14188,14200,12
rising,14212,14200,14212,12
walking,14283,14212,14283,71
stepping,14314,14283,14314,31
walking,14335,14314,14335,21
sniffing,14391,14335,14391,56
left_turning,14392,14391,14392,1
sniffing,14411,14392,14411,19
rising,14423,14411,14423,12
climbing,14436,14423,14436,13
right_turning,14458,14436,14458,22
walking,14464,14458,14464,6
sniffing,14465,14464,14465,1
rising,14511,14465,14511,46
climbing,14555,14511,14555,44
sniffing,14587,14555,14587,32
climbing,14624,14587,14624,37
rising,14625,14624,14625,1
sniffing,14704,14625,14704,79
walking,14737,14704,14737,33
climbing,14738,14737,14738,1
sniffing,14739,14738,14739,1
rising,14818,14739,14818,79
trotting,14829,14818,14829,11
running,14850,14829,14850,21
left_turning,14860,14850,14860,10
walking,14883,14860,14883,23
sniffing,14922,14883,14922,39
rising,14958,14922,14958,36
climbing,15004,14958,15004,46
left_turning,15014,15004,15014,10
sniffing,15034,15014,15034,20
left_turning,15092,15034,15092,58
sniffing,15093,15092,15093,1
rising,15233,15093,15233,140
sniffing,15410,15233,15410,177
right_turning,15411,15410,15411,1
sniffing,15412,15411,15412,1
walking,15413,15412,15413,1
left_turning,15436,15413,15436,23
sniffing,15603,15436,15603,167
climbing,15641,15603,15641,38
sniffing,15726,15641,15726,85
walking,15791,15726,15791,65
trotting,15820,15791,15820,29
rising,15929,15820,15929,109
sniffing,15997,15929,15997,68
climbing,16005,15997,16005,8
right_turning,16006,16005,16006,1
walking,16066,16006,16066,60
sniffing,16145,16066,16145,79
hunching,16258,16145,16258,113
walking,16330,16258,16330,72
sniffing,16367,16330,16367,37
right_turning,16402,16367,16402,35
trotting,16423,16402,16423,21
sniffing,16501,16423,16501,78
rising,16502,16501,16502,1
climbing,16515,16502,16515,13
sniffing,16600,16515,16600,85
left_turning,16601,16600,16601,1
walking,16680,16601,16680,79
sniffing,16721,16680,16721,41
trotting,16735,16721,16735,14
walking,16760,16735,16760,25
sniffing,16785,16760,16785,25
walking,16840,16785,16840,55
left_turning,16841,16840,16841,1
sniffing,17173,16841,17173,332
trotting,17215,17173,17215,42
left_turning,17216,17215,17216,1
trotting,17260,17216,17260,44
sniffing,17261,17260,17261,1
climbing,17332,17261,17332,71
sniffing,17354,17332,17354,22
walking,17388,17354,17388,34
climbing,17438,17388,17438,50
rising,17482,17438,17482,44
climbing,17541,17482,17541,59
rising,17542,17541,17542,1
walking,17660,17542,17660,118
left_turning,17670,17660,17670,10
trotting,17676,17670,17676,6
sniffing,17734,17676,17734,58
rising,17779,17734,17779,45
sniffing,17814,17779,17814,35
stepping,17815,17814,17815,1
trotting,17842,17815,17842,27
sniffing,17906,17842,17906,64
rising,17945,17906,17945,39
climbing,18033,17945,18033,88
trotting,18056,18033,18056,23
sniffing,18218,18056,18218,162
climbing,18287,18218,18287,69
sniffing,18320,18287,18320,33
rising,18357,18320,18357,37
sniffing,18423,18357,18423,66
climbing,18481,18423,18481,58
sniffing,18484,18481,18484,3
right_turning,18505,18484,18505,21
sniffing,18608,18505,18608,103
right_turning,18660,18608,18660,52
running,18682,18660,18682,22
sniffing,18707,18682,18707,25
rising,18782,18707,18782,75
rearing,18783,18782,18783,1
climbing,18809,18783,18809,26
sniffing,18911,18809,18911,102
hunching,19020,18911,19020,109
grooming,19351,19020,19351,331
running,19356,19351,19356,5
walking,19394,19356,19394,38
sniffing,19400,19394,19400,6
left_turning,19412,19400,19412,12
rising,19437,19412,19437,25
rearing,19438,19437,19438,1
left_turning,19462,19438,19462,24
sniffing,19463,19462,19463,1
walking,19473,19463,19473,10
stepping,19530,19473,19530,57
sniffing,19572,19530,19572,42
rising,19573,19572,19573,1
climbing,19646,19573,19646,73
walking,19656,19646,19656,10
sniffing,19728,19656,19728,72
rising,19780,19728,19780,52
rearing,19794,19780,19794,14
grooming,19909,19794,19909,115
trotting,19953,19909,19953,44
rising,20016,19953,20016,63
climbing,20048,20016,20048,32
sniffing,20056,20048,20056,8
climbing,20083,20056,20083,27
right_turning,20092,20083,20092,9
sniffing,20167,20092,20167,75
climbing,20180,20167,20180,13
sniffing,20303,20180,20303,123
walking,20314,20303,20314,11
sniffing,20396,20314,20396,82
trotting,20431,20396,20431,35
left_turning,20438,20431,20438,7
rearing,20512,20438,20512,74
sniffing,20513,20512,20513,1
climbing,20581,20513,20581,68
rising,20582,20581,20582,1
left_turning,20622,20582,20622,40
walking,20637,20622,20637,15
sniffing,20671,20637,20671,34
walking,20672,20671,20672,1
stepping,20678,20672,20678,6
sniffing,20689,20678,20689,11
running,20707,20689,20707,18
sniffing,20807,20707,20807,100
left_turning,20858,20807,20858,51
rising,20905,20858,20905,47
sniffing,20950,20905,20950,45
rising,21057,20950,21057,107
climbing,21099,21057,21099,42
walking,21100,21099,21100,1
rising,21125,21100,21125,25
sniffing,21164,21125,21164,39
pausing,21165,21164,21165,1
sniffing,21239,21165,21239,74
left_turning,21254,21239,21254,15
running,21297,21254,21297,43
left_turning,21298,21297,21298,1
walking,21314,21298,21314,16
stepping,21315,21314,21315,1
sniffing,21327,21315,21327,12
rearing,21328,21327,21328,1
climbing,21413,21328,21413,85
trotting,21424,21413,21424,11
walking,21470,21424,21470,46
sniffing,21550,21470,21550,80
left_turning,21584,21550,21584,34
sniffing,21589,21584,21589,5
walking,21590,21589,21590,1
climbing,21678,21590,21678,88
walking,21705,21678,21705,27
rearing,21840,21705,21840,135
rising,21847,21840,21847,7
climbing,21899,21847,21899,52
right_turning,21920,21899,21920,21
sniffing,22131,21920,22131,211
walking,22132,22131,22132,1
stepping,22133,22132,22133,1
hunching,22150,22133,22150,17
rearing,22156,22150,22156,6
climbing,22214,22156,22214,58
rising,22251,22214,22251,37
hunching,22252,22251,22252,1
walking,22301,22252,22301,49
rising,22302,22301,22302,1
left_turning,22353,22302,22353,51
running,22359,22353,22359,6
walking,22360,22359,22360,1
sniffing,22389,22360,22389,29
climbing,22461,22389,22461,72
sniffing,22481,22461,22481,20
right_turning,22487,22481,22487,6
running,22488,22487,22488,1
rising,22516,22488,22516,28
hunching,22517,22516,22517,1
sniffing,22524,22517,22524,7
climbing,22575,22524,22575,51
running,22619,22575,22619,44
walking,22638,22619,22638,19
right_turning,22643,22638,22643,5
rising,22710,22643,22710,67
sniffing,22826,22710,22826,116
walking,22852,22826,22852,26
sniffing,22954,22852,22954,102
walking,22982,22954,22982,28
climbing,23034,22982,23034,52
rearing,23245,23034,23245,211
hunching,23246,23245,23246,1
rising,23258,23246,23258,12
left_turning,23271,23258,23271,13
sniffing,23315,23271,23315,44
trotting,23325,23315,23325,10
sniffing,23371,23325,23371,46
left_turning,23386,23371,23386,15
walking,23396,23386,23396,10
sniffing,23397,23396,23397,1
rearing,23398,23397,23398,1
sniffing,23454,23398,23454,56
climbing,23483,23454,23483,29
stepping,23487,23483,23487,4
sniffing,23505,23487,23505,18
right_turning,23530,23505,23530,25
sniffing,23531,23530,23531,1
hunching,23564,23531,23564,33
sniffing,23565,23564,23565,1
right_turning,23566,23565,23566,1
hunching,23618,23566,23618,52
sniffing,23619,23618,23619,1
climbing,23667,23619,23667,48
sniffing,23708,23667,23708,41
rising,23776,23708,23776,68
climbing,23846,23776,23846,70
sniffing,23917,23846,23917,71
rearing,23918,23917,23918,1
grooming,24148,23918,24148,230
sniffing,24149,24148,24149,1
climbing,24176,24149,24176,27
right_turning,24189,24176,24189,13
sniffing,24262,24189,24262,73
walking,24263,24262,24263,1
sniffing,24315,24263,24315,52
right_turning,24330,24315,24330,15
trotting,24356,24330,24356,26
walking,24378,24356,24378,22
right_turning,24379,24378,24379,1
walking,24435,24379,24435,56
sniffing,24436,24435,24436,1
rearing,24520,24436,24520,84
right_turning,24526,24520,24526,6
sniffing,24527,24526,24527,1
left_turning,24571,24527,24571,44
stepping,24610,24571,24610,39
sniffing,24687,24610,24687,77
hunching,24708,24687,24708,21
climbing,24727,24708,24727,19
walking,24767,24727,24767,40
climbing,24790,24767,24790,23
trotting,24809,24790,24809,19
sniffing,24853,24809,24853,44
climbing,24891,24853,24891,38
sniffing,24920,24891,24920,29
right_turning,24924,24920,24924,4
running,24930,24924,24930,6
walking,24955,24930,24955,25
jumping,24956,24955,24956,1
sniffing,25039,24956,25039,83
right_turning,25056,25039,25056,17
trotting,25083,25056,25083,27
walking,25097,25083,25097,14
rearing,25122,25097,25122,25
rising,25171,25122,25171,49
climbing,25234,25171,25234,63
grooming,25635,25234,25635,401
hunching,25846,25635,25846,211
sniffing,25847,25846,25847,1
stepping,25877,25847,25877,30
walking,25902,25877,25902,25
left_turning,25924,25902,25924,22
trotting,25975,25924,25975,51
left_turning,26023,25975,26023,48
rising,26049,26023,26049,26
climbing,26088,26049,26088,39
rearing,26089,26088,26089,1
sniffing,26090,26089,26090,1
right_turning,26121,26090,26121,31
walking,26186,26121,26186,65
sniffing,26223,26186,26223,37
right_turning,26224,26223,26224,1
walking,26252,26224,26252,28
trotting,26295,26252,26295,43
rising,26311,26295,26311,16
hunching,26312,26311,26312,1
right_turning,26336,26312,26336,24
trotting,26369,26336,26369,33
left_turning,26408,26369,26408,39
walking,26409,26408,26409,1
right_turning,26426,26409,26426,17
sniffing,26479,26426,26479,53
rearing,26667,26479,26667,188
hunching,26678,26667,26678,11
rearing,26704,26678,26704,26
climbing,26807,26704,26807,103
walking,26844,26807,26844,37
stepping,26890,26844,26890,46
climbing,26926,26890,26926,36
walking,26939,26926,26939,13
sniffing,26940,26939,26940,1
hunching,26963,26940,26963,23
rising,26964,26963,26964,1
sniffing,26990,26964,26990,26
left_turning,27010,26990,27010,20
trotting,27030,27010,27030,20
left_turning,27041,27030,27041,11
sniffing,27105,27041,27105,64
rising,27151,27105,27151,46
rearing,27244,27151,27244,93
sniffing,27276,27244,27276,32
stepping,27331,27276,27331,55
sniffing,27338,27331,27338,7
right_turning,27372,27338,27372,34
walking,27373,27372,27373,1
sniffing,27443,27373,27443,70
left_turning,27469,27443,27469,26
walking,27493,27469,27493,24
sniffing,27530,27493,27530,37
rising,27531,27530,27531,1
running,27539,27531,27539,8
sniffing,27593,27539,27593,54
rising,27632,27593,27632,39
climbing,27653,27632,27653,21
sniffing,27690,27653,27690,37
left_turning,27691,27690,27691,1
stepping,27749,27691,27749,58
sniffing,27806,27749,27806,57
left_turning,27821,27806,27821,15
trotting,27841,27821,27841,20
rising,27881,27841,27881,40
climbing,27923,27881,27923,42
rising,27924,27923,27924,1
climbing,27984,27924,27984,60
sniffing,28058,27984,28058,74
climbing,28095,28058,28095,37
sniffing,28160,28095,28160,65
trotting,28190,28160,28190,30
walking,28199,28190,28199,9
sniffing,28275,28199,28275,76
walking,28313,28275,28313,38
stepping,28329,28313,28329,16
sniffing,28330,28329,28330,1
rising,28343,28330,28343,13
grooming,29036,28343,29036,693
sniffing,29247,29036,29247,211
stepping,29330,29247,29330,83
sniffing,29331,29330,29331,1
walking,29335,29331,29335,4
trotting,29369,29335,29369,34
walking,29381,29369,29381,12
right_turning,29387,29381,29387,6
walking,29433,29387,29433,46
sniffing,29525,29433,29525,92
climbing,29599,29525,29599,74
grooming,29600,29599,29600,1
sniffing,29606,29600,29606,6
rising,29744,29606,29744,138
climbing,29786,29744,29786,42
trotting,29820,29786,29820,34
rising,29833,29820,29833,13
right_turning,29857,29833,29857,24
trotting,29883,29857,29883,26
walking,29898,29883,29898,15
right_turning,29941,29898,29941,43
trotting,29975,29941,29975,34
walking,30013,29975,30013,38
left_turning,30023,30013,30023,10
walking,30040,30023,30040,17
climbing,30083,30040,30083,43
grooming,30306,30083,30306,223
rearing,30362,30306,30362,56
right_turning,30390,30362,30390,28
stepping,30409,30390,30409,19
walking,30410,30409,30410,1
sniffing,30432,30410,30432,22
rising,30527,30432,30527,95
climbing,30556,30527,30556,29
running,30562,30556,30562,6
walking,30590,30562,30590,28
climbing,30634,30590,30634,44
rearing,30635,30634,30635,1
hunching,30636,30635,30636,1
climbing,30650,30636,30650,14
sniffing,30718,30650,30718,68
left_turning,30884,30718,30884,166
climbing,30914,30884,30914,30
trotting,30966,30914,30966,52
rising,31038,30966,31038,72
walking,31039,31038,31039,1
sniffing,31078,31039,31078,39
left_turning,31101,31078,31101,23
running,31117,31101,31117,16
left_turning,31172,31117,31172,55
trotting,31197,31172,31197,25
stepping,31224,31197,31224,27
walking,31228,31224,31228,4
rearing,31407,31228,31407,179
rising,31408,31407,31408,1
hunching,31532,31408,31532,124
rearing,31589,31532,31589,57
right_turning,31633,31589,31633,44
stepping,31675,31633,31675,42
rising,31695,31675,31695,20
climbing,31743,31695,31743,48
sniffing,31765,31743,31765,22
walking,31797,31765,31797,32
sniffing,31837,31797,31837,40
hunching,31838,31837,31838,1
sniffing,31927,31838,31927,89
rising,31944,31927,31944,17
sniffing,31958,31944,31958,14
running,31967,31958,31967,9
rising,31983,31967,31983,16
rearing,32027,31983,32027,44
climbing,32056,32027,32056,29
hunching,32059,32056,32059,3
sniffing,32118,32059,32118,59
walking,32184,32118,32184,66
sniffing,32256,32184,32256,72
walking,32257,32256,32257,1
left_turning,32266,32257,32266,9
sniffing,32345,32266,32345,79
left_turning,32407,32345,32407,62
running,32408,32407,32408,1
walking,32421,32408,32421,13
rising,32481,32421,32481,60
grooming,32482,32481,32482,1
left_turning,32506,32482,32506,24
trotting,32554,32506,32554,48
stepping,32555,32554,32555,1
rising,32620,32555,32620,65
climbing,32676,32620,32676,56
trotting,32713,32676,32713,37
sniffing,32773,32713,32773,60
walking,32809,32773,32809,36
running,32838,32809,32838,29
sniffing,32889,32838,32889,51
walking,32928,32889,32928,39
stepping,32953,32928,32953,25
walking,32967,32953,32967,14
sniffing,32968,32967,32968,1
stepping,32982,32968,32982,14
walking,33012,32982,33012,30
sniffing,33119,33012,33119,107
rising,33136,33119,33136,17
sniffing,33207,33136,33207,71
rising,33270,33207,33270,63
walking,33309,33270,33309,39
sniffing,33344,33309,33344,35
rising,33371,33344,33371,27
rearing,33372,33371,33372,1
hunching,33454,33372,33454,82
sniffing,33524,33454,33524,70
rising,33525,33524,33525,1
sniffing,33531,33525,33531,6
stepping,33532,33531,33532,1
rising,33595,33532,33595,63
rearing,33631,33595,33631,36
sniffing,33734,33631,33734,103
walking,33775,33734,33775,41
sniffing,33830,33775,33830,55
climbing,33853,33830,33853,23
right_turning,33855,33853,33855,2
walking,33873,33855,33873,18
sniffing,33951,33873,33951,78
right_turning,33959,33951,33959,8
sniffing,33991,33959,33991,32
rising,34022,33991,34022,31
climbing,34066,34022,34066,44
running,34078,34066,34078,12
walking,34106,34078,34106,28
trotting,34147,34106,34147,41
walking,34170,34147,34170,23
climbing,34205,34170,34205,35
trotting,34224,34205,34224,19
walking,34274,34224,34274,50
sniffing,34300,34274,34300,26
right_turning,34323,34300,34323,23
walking,34359,34323,34359,36
grooming,34589,34359,34589,230
rearing,34619,34589,34619,30
right_turning,34629,34619,34629,10
left_turning,34652,34629,34652,23
trotting,34666,34652,34666,14
left_turning,34713,34666,34713,47
jumping,34763,34713,34763,50
rising,34842,34763,34842,79
climbing,34880,34842,34880,38
rearing,34881,34880,34881,1
walking,34921,34881,34921,40
sniffing,35000,34921,35000,79
left_turning,35012,35000,35012,12
walking,35019,35012,35019,7
left_turning,35059,35019,35059,40
trotting,35075,35059,35075,16
sniffing,35076,35075,35076,1
climbing,35174,35076,35174,98
rising,35182,35174,35182,8
hunching,35295,35182,35295,113
grooming,35828,35295,35828,533
rearing,35829,35828,35829,1
walking,35888,35829,35888,59
rising,35913,35888,35913,25
right_turning,35927,35913,35927,14
trotting,35951,35927,35951,24
sniffing,35971,35951,35971,20
climbing,36033,35971,36033,62
sniffing,36058,36033,36058,25
walking,36106,36058,36106,48
stepping,36107,36106,36107,1
sniffing,36126,36107,36126,19
right_turning,36127,36126,36127,1
walking,36159,36127,36159,32
climbing,36209,36159,36209,50
sniffing,36210,36209,36210,1
walking,36229,36210,36229,19
sniffing,36313,36229,36313,84
stepping,36417,36313,36417,104
climbing,36456,36417,36456,39
sniffing,36535,36456,36535,79
left_turning,36539,36535,36539,4
rising,36540,36539,36540,1
left_turning,36566,36540,36566,26
right_turning,36598,36566,36598,32
walking,36600,36598,36600,2
rearing,36691,36600,36691,91
right_turning,36702,36691,36702,11
trotting,36723,36702,36723,21
rising,36746,36723,36746,23
hunching,36835,36746,36835,89
right_turning,36870,36835,36870,35
rising,36908,36870,36908,38
climbing,36963,36908,36963,55
right_turning,36997,36963,36997,34
running,37025,36997,37025,28
sniffing,37031,37025,37031,6
rearing,37094,37031,37094,63
hunching,37104,37094,37104,10
grooming,37105,37104,37105,1
hunching,37119,37105,37119,14
sniffing,37120,37119,37120,1
trotting,37155,37120,37155,35
walking,37205,37155,37205,50
climbing,37314,37205,37314,109
right_turning,37333,37314,37333,19
walking,37370,37333,37370,37
rising,37371,37370,37371,1
climbing,37425,37371,37425,54
rising,37426,37425,37426,1
sniffing,37455,37426,37455,29
rising,37478,37455,37478,23
rearing,37505,37478,37505,27
walking,37506,37505,37506,1
left_turning,37543,37506,37543,37
sniffing,37643,37543,37643,100
running,37682,37643,37682,39
walking,37725,37682,37725,43
sniffing,37726,37725,37726,1
climbing,37755,37726,37755,29
rearing,37762,37755,37762,7
sniffing,37785,37762,37785,23
grooming,37974,37785,37974,189
sniffing,38012,37974,38012,38
right_turning,38017,38012,38017,5
trotting,38033,38017,38033,16
walking,38034,38033,38034,1
sniffing,38035,38034,38035,1
rising,38043,38035,38043,8
climbing,38087,38043,38087,44
right_turning,38105,38087,38105,18
trotting,38121,38105,38121,16
walking,38182,38121,38182,61
sniffing,38183,38182,38183,1
climbing,38235,38183,38235,52
sniffing,38290,38235,38290,55
rising,38291,38290,38291,1
climbing,38373,38291,38373,82
rearing,38438,38373,38438,65
climbing,38453,38438,38453,15
rearing,38538,38453,38538,85
rising,38549,38538,38549,11
sniffing,38564,38549,38564,15
rising,38566,38564,38566,2
sniffing,38577,38566,38577,11
stepping,38638,38577,38638,61
walking,38657,38638,38657,19
sniffing,38688,38657,38688,31
walking,38692,38688,38692,4
sniffing,38779,38692,38779,87
walking,38799,38779,38799,20
sniffing,38860,38799,38860,61
right_turning,38877,38860,38877,17
hunching,38878,38877,38878,1
rising,38883,38878,38883,5
climbing,38913,38883,38913,30
rearing,38914,38913,38914,1
right_turning,38921,38914,38921,7
stepping,38951,38921,38951,30
walking,39006,38951,39006,55
trotting,39010,39006,39010,4
sniffing,39155,39010,39155,145
walking,39156,39155,39156,1
sniffing,39157,39156,39157,1
rising,39209,39157,39209,52
right_turning,39227,39209,39227,18
walking,39242,39227,39242,15
stepping,39245,39242,39245,3
climbing,39295,39245,39295,50
right_turning,39307,39295,39307,12
walking,39308,39307,39308,1
sniffing,39358,39308,39358,50
rising,39467,39358,39467,109
walking,39490,39467,39490,23
sniffing,39491,39490,39491,1
climbing,39523,39491,39523,32
grooming,39647,39523,39647,124
right_turning,39665,39647,39665,18
walking,39666,39665,39666,1
trotting,39687,39666,39687,21
climbing,39777,39687,39777,90
sniffing,39791,39777,39791,14
walking,39793,39791,39793,2
sniffing,39800,39793,39800,7
rising,39849,39800,39849,49
walking,39882,39849,39882,33
sniffing,39883,39882,39883,1
walking,39909,39883,39909,26
left_turning,39947,39909,39947,38
sniffing,40012,39947,40012,65
rising,40122,40012,40122,110
climbing,40156,40122,40156,34
walking,40189,40156,40189,33
rising,40243,40189,40243,54
sniffing,40258,40243,40258,15
climbing,40291,40258,40291,33
sniffing,40340,40291,40340,49
trotting,40380,40340,40380,40
stepping,40433,40380,40433,53
sniffing,40638,40433,40638,205
walking,40667,40638,40667,29
sniffing,40694,40667,40694,27
rising,40756,40694,40756,62
sniffing,40796,40756,40796,40
walking,40797,40796,40797,1
rising,40831,40797,40831,34
walking,40857,40831,40857,26
climbing,40879,40857,40879,22
sniffing,40936,40879,40936,57
right_turning,40937,40936,40937,1
left_turning,40966,40937,40966,29
sniffing,41036,40966,41036,70
rearing,41135,41036,41135,99
hunching,41136,41135,41136,1
rearing,41187,41136,41187,51
grooming,41238,41187,41238,51
right_turning,41260,41238,41260,22
sniffing,41317,41260,41317,57
rearing,41423,41317,41423,106
right_turning,41468,41423,41468,45
walking,41477,41468,41477,9
sniffing,41523,41477,41523,46
right_turning,41539,41523,41539,16
stepping,41541,41539,41541,2
sniffing,41607,41541,41607,66
walking,41638,41607,41638,31
left_turning,41646,41638,41646,8
rising,41647,41646,41647,1
trotting,41700,41647,41700,53
sniffing,41733,41700,41733,33
walking,41790,41733,41790,57
sniffing,41838,41790,41838,48
climbing,41881,41838,41881,43
left_turning,41925,41881,41925,44
grooming,42224,41925,42224,299
sniffing,42229,42224,42229,5
left_turning,42281,42229,42281,52
stepping,42282,42281,42282,1
sniffing,42301,42282,42301,19
trotting,42334,42301,42334,33
running,42379,42334,42379,45
sniffing,42380,42379,42380,1
rising,42381,42380,42381,1
walking,42382,42381,42382,1
sniffing,42451,42382,42451,69
walking,42475,42451,42475,24
stepping,42544,42475,42544,69
walking,42555,42544,42555,11
climbing,42580,42555,42580,25
running,42629,42580,42629,49
walking,42633,42629,42633,4
sniffing,42688,42633,42688,55
climbing,42765,42688,42765,77
walking,42803,42765,42803,38
sniffing,42856,42803,42856,53
left_turning,42857,42856,42857,1
sniffing,42872,42857,42872,15
walking,42949,42872,42949,77
climbing,43011,42949,43011,62
trotting,43041,43011,43041,30
stepping,43042,43041,43042,1
climbing,43082,43042,43082,40
rising,43086,43082,43086,4
walking,43102,43086,43102,16
climbing,43105,43102,43105,3
walking,43124,43105,43124,19
sniffing,43214,43124,43214,90
right_turning,43224,43214,43224,10
sniffing,43302,43224,43302,78
walking,43344,43302,43344,42
sniffing,43433,43344,43433,89
walking,43489,43433,43489,56
sniffing,43565,43489,43565,76
walking,43617,43565,43617,52
trotting,43618,43617,43618,1
walking,43628,43618,43628,10
climbing,43635,43628,43635,7
rising,43698,43635,43698,63
left_turning,43759,43698,43759,61
rising,43808,43759,43808,49
sniffing,43827,43808,43827,19
climbing,43907,43827,43907,80
sniffing,43946,43907,43946,39
rearing,44172,43946,44172,226
left_turning,44188,44172,44188,16
rising,44254,44188,44254,66
sniffing,44295,44254,44295,41
rising,44342,44295,44342,47
sniffing,44397,44342,44397,55
running,44401,44397,44401,4
sniffing,44468,44401,44468,67
walking,44479,44468,44479,11
rising,44502,44479,44502,23
sniffing,44503,44502,44503,1
walking,44504,44503,44504,1
rising,44505,44504,44505,1
trotting,44552,44505,44552,47
running,44553,44552,44553,1
climbing,44627,44553,44627,74
trotting,44689,44627,44689,62
left_turning,44716,44689,44716,27
trotting,44749,44716,44749,33
walking,44777,44749,44777,28
climbing,44827,44777,44827,50
trotting,44859,44827,44859,32
left_turning,44860,44859,44860,1
trotting,44888,44860,44888,28
sniffing,45013,44888,45013,125
rising,45060,45013,45060,47
climbing,45214,45060,45214,154
left_turning,45295,45214,45295,81
sniffing,45398,45295,45398,103
climbing,45447,45398,45447,49
sniffing,45471,45447,45471,24
rising,45472,45471,45472,1
sniffing,45520,45472,45520,48
pausing,45756,45520,45756,236
sniffing,45796,45756,45796,40
rearing,45907,45796,45907,111
left_turning,45928,45907,45928,21
sniffing,46000,45928,46000,72
left_turning,46001,46000,46001,1
walking,46020,46001,46020,19
sniffing,46021,46020,46021,1
rising,46099,46021,46099,78
walking,46145,46099,46145,46
stepping,46211,46145,46211,66
trotting,46238,46211,46238,27
running,46255,46238,46255,17
sniffing,46373,46255,46373,118
rising,46389,46373,46389,16
climbing,46528,46389,46528,139
right_turning,46595,46528,46595,67
sniffing,46597,46595,46597,2
running,46617,46597,46617,20
sniffing,46667,46617,46667,50
rising,46714,46667,46714,47
stepping,46717,46714,46717,3
rising,46773,46717,46773,56
sniffing,46774,46773,46774,1
walking,46822,46774,46822,48
sniffing,46823,46822,46823,1
left_turning,46871,46823,46871,48
stepping,46894,46871,46894,23
rising,46908,46894,46908,14
climbing,47033,46908,47033,125
stepping,47055,47033,47055,22
rising,47072,47055,47072,17
climbing,47119,47072,47119,47
left_turning,47120,47119,47120,1
sniffing,47171,47120,47171,51
walking,47221,47171,47221,50
climbing,47263,47221,47263,42
walking,47278,47263,47278,15
right_turning,47311,47278,47311,33
walking,47335,47311,47335,24
left_turning,47377,47335,47377,42
walking,47394,47377,47394,17
climbing,47448,47394,47448,54
rearing,47449,47448,47449,1
sniffing,47496,47449,47496,47
walking,47551,47496,47551,55
sniffing,47688,47551,47688,137
climbing,47726,47688,47726,38
sniffing,47813,47726,47813,87
rising,47814,47813,47814,1
climbing,47897,47814,47897,83
rising,47911,47897,47911,14
climbing,47953,47911,47953,42
rising,48014,47953,48014,61
rearing,48015,48014,48015,1
climbing,48064,48015,48064,49
right_turning,48091,48064,48091,27
walking,48165,48091,48165,74
sniffing,48207,48165,48207,42
rearing,48208,48207,48208,1
trotting,48214,48208,48214,6
sniffing,48297,48214,48297,83
left_turning,48298,48297,48298,1
walking,48314,48298,48314,16
trotting,48340,48314,48340,26
walking,48352,48340,48352,12
left_turning,48414,48352,48414,62
rising,48457,48414,48457,43
climbing,48549,48457,48549,92
hunching,48573,48549,48573,24
right_turning,48576,48573,48576,3
rising,48580,48576,48580,4
sniffing,48633,48580,48633,53
left_turning,48664,48633,48664,31
sniffing,48716,48664,48716,52
right_turning,48739,48716,48739,23
trotting,48741,48739,48741,2
walking,48799,48741,48799,58
sniffing,48852,48799,48852,53
running,48907,48852,48907,55
walking,48957,48907,48957,50
trotting,48987,48957,48987,30
left_turning,49000,48987,49000,13
sniffing,49011,49000,49011,11
hunching,49198,49011,49198,187
sniffing,49238,49198,49238,40
rising,49281,49238,49281,43
climbing,49284,49281,49284,3
rising,49291,49284,49291,7
trotting,49317,49291,49317,26
sniffing,49359,49317,49359,42
climbing,49422,49359,49422,63
rearing,49480,49422,49480,58
sniffing,49481,49480,49481,1
stepping,49572,49481,49572,91
sniffing,49573,49572,49573,1
trotting,49590,49573,49590,17
walking,49591,49590,49591,1
climbing,49656,49591,49656,65
right_turning,49676,49656,49676,20
sniffing,49677,49676,49677,1
right_turning,49700,49677,49700,23
hunching,49701,49700,49701,1
climbing,49715,49701,49715,14
right_turning,49737,49715,49737,22
stepping,49815,49737,49815,78
walking,49816,49815,49816,1
sniffing,49891,49816,49891,75
right_turning,49922,49891,49922,31
sniffing,49975,49922,49975,53
jumping,50009,49975,50009,34
rising,50041,50009,50041,32
climbing,50069,50041,50069,28
trotting,50096,50069,50096,27
sniffing,50097,50096,50097,1
right_turning,50146,50097,50146,49
walking,50167,50146,50167,21
stepping,50209,50167,50209,42
running,50227,50209,50227,18
walking,50228,50227,50228,1
trotting,50276,50228,50276,48
sniffing,50382,50276,50382,106
rising,50383,50382,50383,1
rearing,50384,50383,50384,1
rising,50385,50384,50385,1
sniffing,50447,50385,50447,62
rising,50526,50447,50526,79
trotting,50574,50526,50574,48
left_turning,50648,50574,50648,74
walking,50685,50648,50685,37
sniffing,50725,50685,50725,40
climbing,50747,50725,50747,22
rearing,50749,50747,50749,2
sniffing,50764,50749,50764,15
climbing,50785,50764,50785,21
grooming,51197,50785,51197,412
rearing,51227,51197,51227,30
rising,51228,51227,51228,1
left_turning,51238,51228,51238,10
rising,51239,51238,51239,1
climbing,51290,51239,51290,51
sniffing,51291,51290,51291,1
climbing,51326,51291,51326,35
walking,51349,51326,51349,23
sniffing,51476,51349,51476,127
left_turning,51477,51476,51477,1
walking,51500,51477,51500,23
trotting,51544,51500,51544,44
sniffing,51586,51544,51586,42
rising,51587,51586,51587,1
trotting,51607,51587,51607,20
walking,51642,51607,51642,35
sniffing,51648,51642,51648,6
walking,51723,51648,51723,75
rearing,51828,51723,51828,105
sniffing,51829,51828,51829,1
left_turning,51830,51829,51830,1
climbing,51854,51830,51854,24
trotting,51878,51854,51878,24
walking,51969,51878,51969,91
sniffing,52147,51969,52147,178
running,52166,52147,52166,19
trotting,52206,52166,52206,40
left_turning,52278,52206,52278,72
walking,52300,52278,52300,22
right_turning,52330,52300,52330,30
climbing,52331,52330,52331,1
stepping,52360,52331,52360,29
sniffing,52402,52360,52402,42
walking,52413,52402,52413,11
left_turning,52459,52413,52459,46
sniffing,52558,52459,52558,99
hunching,52807,52558,52807,249
climbing,52882,52807,52882,75
hunching,53107,52882,53107,225
walking,53108,53107,53108,1
running,53143,53108,53143,35
sniffing,53237,53143,53237,94
walking,53265,53237,53265,28
rising,53297,53265,53297,32
climbing,53327,53297,53327,30
trotting,53334,53327,53334,7
sniffing,53486,53334,53486,152
right_turning,53504,53486,53504,18
rising,53505,53504,53505,1
climbing,53544,53505,53544,39
walking,53580,53544,53580,36
stepping,53598,53580,53598,18
sniffing,53656,53598,53656,58
climbing,53716,53656,53716,60
left_turning,53789,53716,53789,73
rising,53813,53789,53813,24
rearing,53838,53813,53838,25
sniffing,53872,53838,53872,34
rising,53873,53872,53873,1
rearing,53968,53873,53968,95
grooming,54134,53968,54134,166
sniffing,54135,54134,54135,1
running,54178,54135,54178,43
sniffing,54229,54178,54229,51
left_turning,54230,54229,54230,1
sniffing,54327,54230,54327,97
rising,54328,54327,54328,1
walking,54364,54328,54364,36
sniffing,54437,54364,54437,73
left_turning,54442,54437,54442,5
sniffing,54460,54442,54460,18
stepping,54466,54460,54466,6
trotting,54503,54466,54503,37
walking,54534,54503,54534,31
sniffing,54571,54534,54571,37
rising,54776,54571,54776,205
rearing,54835,54776,54835,59
left_turning,54845,54835,54845,10
walking,54892,54845,54892,47
sniffing,54965,54892,54965,73
climbing,55000,54965,55000,35
running,55050,55000,55050,50
sniffing,55106,55050,55106,56
hunching,55287,55106,55287,181
rising,55341,55287,55341,54
left_turning,55360,55341,55360,19
sniffing,55452,55360,55452,92
climbing,55502,55452,55502,50
left_turning,55682,55502,55682,180
sniffing,55744,55682,55744,62
walking,55796,55744,55796,52
rising,55896,55796,55896,100
climbing,55951,55896,55951,55
rising,56076,55951,56076,125
left_turning,56095,56076,56095,19
walking,56122,56095,56122,27
right_turning,56125,56122,56125,3
stepping,56144,56125,56144,19
walking,56191,56144,56191,47
left_turning,56224,56191,56224,33
trotting,56229,56224,56229,5
left_turning,56254,56229,56254,25
sniffing,56359,56254,56359,105
hunching,56360,56359,56360,1
grooming,56524,56360,56524,164
trotting,56538,56524,56538,14
walking,56567,56538,56567,29
sniffing,56568,56567,56568,1
walking,56569,56568,56569,1
trotting,56584,56569,56584,15
sniffing,56660,56584,56660,76
climbing,56708,56660,56708,48
grooming,56709,56708,56709,1
walking,56721,56709,56721,12
sniffing,56841,56721,56841,120
stepping,56842,56841,56842,1
sniffing,56871,56842,56871,29
walking,56920,56871,56920,49
stepping,56965,56920,56965,45
hunching,57040,56965,57040,75
rising,57392,57040,57392,352
running,57412,57392,57412,20
walking,57430,57412,57430,18
sniffing,57431,57430,57431,1
climbing,57456,57431,57456,25
rising,57491,57456,57491,35
sniffing,57492,57491,57492,1
climbing,57515,57492,57515,23
sniffing,57595,57515,57595,80
left_turning,57632,57595,57632,37
sniffing,57733,57632,57733,101
climbing,57775,57733,57775,42
sniffing,57776,57775,57776,1
left_turning,57786,57776,57786,10
walking,57810,57786,57810,24
sniffing,57811,57810,57811,1
rising,57827,57811,57827,16
climbing,57920,57827,57920,93
trotting,57961,57920,57961,41
stepping,57992,57961,57992,31
walking,57994,57992,57994,2
sniffing,58016,57994,58016,22
walking,58064,58016,58064,48
sniffing,58110,58064,58110,46
left_turning,58111,58110,58111,1
sniffing,58170,58111,58170,59
left_turning,58215,58170,58215,45
sniffing,58216,58215,58216,1
rising,58224,58216,58224,8
rearing,58247,58224,58247,23
rising,58312,58247,58312,65
climbing,58319,58312,58319,7
rising,58406,58319,58406,87
rearing,58454,58406,58454,48
trotting,58460,58454,58460,6
sniffing,58489,58460,58489,29
rearing,58541,58489,58541,52
sniffing,58631,58541,58631,90
walking,58726,58631,58726,95
sniffing,58728,58726,58728,2
left_turning,58761,58728,58761,33
walking,58810,58761,58810,49
stepping,58858,58810,58858,48
sniffing,58976,58858,58976,118
rearing,58977,58976,58977,1
sniffing,59026,58977,59026,49
rearing,59027,59026,59027,1
sniffing,59166,59027,59166,139
rising,59204,59166,59204,38
stepping,59246,59204,59246,42
sniffing,59313,59246,59313,67
walking,59321,59313,59321,8
climbing,59340,59321,59340,19
sniffing,59341,59340,59341,1
climbing,59398,59341,59398,57
rising,59433,59398,59433,35
climbing,59451,59433,59451,18
grooming,59452,59451,59452,1
stepping,59501,59452,59501,49
hunching,59502,59501,59502,1
sniffing,59503,59502,59503,1
walking,59507,59503,59507,4
sniffing,59562,59507,59562,55
left_turning,59611,59562,59611,49
walking,59612,59611,59612,1
sniffing,59657,59612,59657,45
left_turning,59658,59657,59658,1
walking,59724,59658,59724,66
sniffing,59737,59724,59737,13
walking,59757,59737,59757,20
stepping,59758,59757,59758,1
sniffing,59760,59758,59760,2
walking,59793,59760,59793,33
left_turning,59834,59793,59834,41
sniffing,60060,59834,60060,226
left_turning,60101,60060,60101,41
trotting,60103,60101,60103,2
sniffing,60311,60103,60311,208
left_turning,60352,60311,60352,41
walking,60386,60352,60386,34
left_turning,60428,60386,60428,42
walking,60491,60428,60491,63
stepping,60567,60491,60567,76
sniffing,60625,60567,60625,58
climbing,60653,60625,60653,28
walking,60732,60653,60732,79
trotting,60757,60732,60757,25
sniffing,60785,60757,60785,28
rising,60885,60785,60885,100
sniffing,60933,60885,60933,48
walking,60958,60933,60958,25
rearing,60959,60958,60959,1
sniffing,61037,60959,61037,78
grooming,61038,61037,61038,1
climbing,61071,61038,61071,33
grooming,61072,61071,61072,1
stepping,61078,61072,61078,6
grooming,61079,61078,61079,1
walking,61106,61079,61106,27
rearing,61227,61106,61227,121
right_turning,61247,61227,61247,20
trotting,61301,61247,61301,54
sniffing,61339,61301,61339,38
hunching,61353,61339,61353,14
walking,61369,61353,61369,16
rearing,61419,61369,61419,50
climbing,61464,61419,61464,45
trotting,61506,61464,61506,42
left_turning,61531,61506,61531,25
running,61549,61531,61549,18
sniffing,61654,61549,61654,105
rearing,61664,61654,61664,10
grooming,61665,61664,61665,1
sniffing,61666,61665,61666,1
walking,61685,61666,61685,19
sniffing,61712,61685,61712,27
walking,61740,61712,61740,28
sniffing,61757,61740,61757,17
climbing,61789,61757,61789,32
sniffing,61805,61789,61805,16
walking,61814,61805,61814,9
rising,61857,61814,61857,43
climbing,61946,61857,61946,89
walking,61975,61946,61975,29
sniffing,62030,61975,62030,55
right_turning,62081,62030,62081,51
walking,62128,62081,62128,47
climbing,62190,62128,62190,62
sniffing,62191,62190,62191,1
climbing,62215,62191,62215,24
rising,62285,62215,62285,70
sniffing,62332,62285,62332,47
hunching,62352,62332,62352,20
climbing,62365,62352,62365,13
trotting,62389,62365,62389,24
left_turning,62421,62389,62421,32
sniffing,62517,62421,62517,96
walking,62536,62517,62536,19
sniffing,62582,62536,62582,46
rising,62678,62582,62678,96
sniffing,62679,62678,62679,1
walking,62695,62679,62695,16
sniffing,62711,62695,62711,16
left_turning,62712,62711,62712,1
trotting,62752,62712,62752,40
running,62780,62752,62780,28
sniffing,62824,62780,62824,44
walking,62864,62824,62864,40
jumping,62898,62864,62898,34
rearing,62899,62898,62899,1
sniffing,62998,62899,62998,99
rising,63061,62998,63061,63
rearing,63062,63061,63062,1
climbing,63146,63062,63146,84
walking,63184,63146,63184,38
rising,63342,63184,63342,158
right_turning,63390,63342,63390,48
running,63402,63390,63402,12
rising,63406,63402,63406,4
walking,63407,63406,63407,1
sniffing,63561,63407,63561,154
walking,63572,63561,63572,11
sniffing,63608,63572,63608,36
hunching,63672,63608,63672,64
climbing,63692,63672,63692,20
rising,63749,63692,63749,57
climbing,63781,63749,63781,32
right_turning,63791,63781,63791,10
walking,63809,63791,63809,18
right_turning,63826,63809,63826,17
climbing,63909,63826,63909,83
rearing,63910,63909,63910,1
rising,63924,63910,63924,14
climbing,63946,63924,63946,22
sniffing,63968,63946,63968,22
rising,63996,63968,63996,28
grooming,63997,63996,63997,1
sniffing,63998,63997,63998,1
rising,64037,63998,64037,39
climbing,64083,64037,64083,46
running,64114,64083,64114,31
sniffing,64115,64114,64115,1
left_turning,64223,64115,64223,108
climbing,64242,64223,64242,19
right_turning,64261,64242,64261,19
climbing,64271,64261,64271,10
rising,64316,64271,64316,45
climbing,64380,64316,64380,64
rearing,64444,64380,64444,64
sniffing,64445,64444,64445,1
rising,64446,64445,64446,1
sniffing,64486,64446,64486,40
left_turning,64534,64486,64534,48
rising,64553,64534,64553,19
rearing,64581,64553,64581,28
sniffing,64604,64581,64604,23
rising,64605,64604,64605,1
climbing,64607,64605,64607,2
grooming,64751,64607,64751,144
sniffing,64878,64751,64878,127
walking,64895,64878,64895,17
sniffing,64937,64895,64937,42
walking,65000,64937,65000,63
climbing,65021,65000,65021,21
right_turning,65042,65021,65042,21
sniffing,65102,65042,65102,60
rising,65103,65102,65103,1
right_turning,65107,65103,65107,4
rising,65148,65107,65148,41
sniffing,65149,65148,65149,1
rising,65163,65149,65163,14
climbing,65255,65163,65255,92
grooming,65831,65255,65831,576
sniffing,65867,65831,65867,36
right_turning,65900,65867,65900,33
walking,65974,65900,65974,74
sniffing,65975,65974,65975,1
right_turning,65987,65975,65987,12
climbing,65988,65987,65988,1
running,66015,65988,66015,27
sniffing,66101,66015,66101,86
left_turning,66142,66101,66142,41
right_turning,66188,66142,66188,46
sniffing,66206,66188,66206,18
walking,66225,66206,66225,19
sniffing,66264,66225,66264,39
walking,66310,66264,66310,46
rising,66320,66310,66320,10
rearing,66326,66320,66326,6
grooming,66405,66326,66405,79
rearing,66406,66405,66406,1
sniffing,66424,66406,66424,18
rising,66449,66424,66449,25
left_turning,66516,66449,66516,67
right_turning,66523,66516,66523,7
sniffing,66528,66523,66528,5
rising,66529,66528,66529,1
sniffing,66530,66529,66530,1
right_turning,66556,66530,66556,26
walking,66573,66556,66573,17
trotting,66596,66573,66596,23
rising,66616,66596,66616,20
rearing,66699,66616,66699,83
rising,66710,66699,66710,11
sniffing,66723,66710,66723,13
rising,66731,66723,66731,8
climbing,66812,66731,66812,81
sniffing,66839,66812,66839,27
left_turning,66899,66839,66899,60
sniffing,66900,66899,66900,1
walking,66920,66900,66920,20
stepping,66937,66920,66937,17
sniffing,66938,66937,66938,1
grooming,67135,66938,67135,197
rearing,67264,67135,67264,129
sniffing,67361,67264,67361,97
walking,67388,67361,67388,27
left_turning,67401,67388,67401,13
walking,67402,67401,67402,1
right_turning,67412,67402,67412,10
sniffing,67485,67412,67485,73
walking,67498,67485,67498,13
sniffing,67508,67498,67508,10
rising,67509,67508,67509,1
right_turning,67531,67509,67531,22
walking,67578,67531,67578,47
sniffing,67762,67578,67762,184
stepping,67785,67762,67785,23
walking,67822,67785,67822,37
sniffing,67823,67822,67823,1
rising,67824,67823,67824,1
walking,67872,67824,67872,48
sniffing,67902,67872,67902,30
right_turning,67909,67902,67909,7
sniffing,67954,67909,67954,45
rising,68013,67954,68013,59
sniffing,68023,68013,68023,10
rising,68058,68023,68058,35
sniffing,68078,68058,68078,20
right_turning,68112,68078,68112,34
running,68138,68112,68138,26
walking,68140,68138,68140,2
sniffing,68187,68140,68187,47
walking,68207,68187,68207,20
jumping,68226,68207,68226,19
running,68251,68226,68251,25
sniffing,68295,68251,68295,44
walking,68314,68295,68314,19
stepping,68347,68314,68347,33
sniffing,68447,68347,68447,100
walking,68472,68447,68472,25
sniffing,68515,68472,68515,43
rising,68516,68515,68516,1
sniffing,68517,68516,68517,1
left_turning,68586,68517,68586,69
sniffing,68635,68586,68635,49
stepping,68657,68635,68657,22
climbing,68679,68657,68679,22
rearing,68768,68679,68768,89
grooming,68956,68768,68956,188
rearing,68998,68956,68998,42
grooming,69474,68998,69474,476
climbing,69480,69474,69480,6
sniffing,69543,69480,69543,63
rising,69547,69543,69547,4
climbing,69573,69547,69573,26
rising,69693,69573,69693,120
sniffing,69746,69693,69746,53
walking,69774,69746,69774,28
right_turning,69787,69774,69787,13
running,69800,69787,69800,13
walking,69801,69800,69801,1
hunching,69914,69801,69914,113
climbing,69970,69914,69970,56
rearing,70179,69970,70179,209
sniffing,70265,70179,70265,86
grooming,70266,70265,70266,1
sniffing,70267,70266,70267,1
rising,70321,70267,70321,54
climbing,70403,70321,70403,82
sniffing,70407,70403,70407,4
walking,70408,70407,70408,1
sniffing,70437,70408,70437,29
rising,70491,70437,70491,54
rearing,70509,70491,70509,18
stepping,70525,70509,70525,16
climbing,70542,70525,70542,17
stepping,70606,70542,70606,64
hunching,70714,70606,70714,108
rearing,70790,70714,70790,76
hunching,70868,70790,70868,78
rising,70869,70868,70869,1
climbing,70882,70869,70882,13
walking,70905,70882,70905,23
sniffing,70932,70905,70932,27
right_turning,70954,70932,70954,22
stepping,70963,70954,70963,9
walking,70990,70963,70990,27
left_turning,70991,70990,70991,1
sniffing,70992,70991,70992,1
walking,71033,70992,71033,41
sniffing,71114,71033,71114,81
rising,71172,71114,71172,58
sniffing,71219,71172,71219,47
rearing,71274,71219,71274,55
rising,71275,71274,71275,1
rearing,71329,71275,71329,54
rising,71442,71329,71442,113
climbing,71500,71442,71500,58
rising,71512,71500,71512,12
hunching,71609,71512,71609,97
right_turning,71638,71609,71638,29
walking,71652,71638,71652,14
left_turning,71697,71652,71697,45
stepping,71698,71697,71698,1
trotting,71730,71698,71730,32
climbing,71773,71730,71773,43
sniffing,71916,71773,71916,143
stepping,71970,71916,71970,54
sniffing,71997,71970,71997,27
walking,72016,71997,72016,19
rising,72037,72016,72037,21
sniffing,72117,72037,72117,80
walking,72118,72117,72118,1
rearing,72151,72118,72151,33
running,72200,72151,72200,49
climbing,72201,72200,72201,1
rearing,72285,72201,72285,84
running,72306,72285,72306,21
rearing,72348,72306,72348,42
rising,72362,72348,72362,14
rearing,72383,72362,72383,21
sniffing,72439,72383,72439,56
walking,72453,72439,72453,14
trotting,72509,72453,72509,56
running,72520,72509,72520,11
rearing,72521,72520,72521,1
climbing,72543,72521,72543,22
rising,72570,72543,72570,27
walking,72571,72570,72571,1
right_turning,72589,72571,72589,18
walking,72590,72589,72590,1
sniffing,72591,72590,72591,1
hunching,72695,72591,72695,104
rearing,72813,72695,72813,118
climbing,72857,72813,72857,44
grooming,72858,72857,72858,1
sniffing,72873,72858,72873,15
rearing,72935,72873,72935,62
rising,72950,72935,72950,15
climbing,72988,72950,72988,38
rising,73039,72988,73039,51
grooming,73161,73039,73161,122
sniffing,73187,73161,73187,26
rising,73188,73187,73188,1
climbing,73233,73188,73233,45
sniffing,73328,73233,73328,95
walking,73355,73328,73355,27
rearing,73432,73355,73432,77
walking,73449,73432,73449,17
left_turning,73450,73449,73450,1
sniffing,73451,73450,73451,1
right_turning,73471,73451,73471,20
walking,73521,73471,73521,50
left_turning,73536,73521,73536,15
walking,73567,73536,73567,31
climbing,73590,73567,73590,23
grooming,73591,73590,73591,1
sniffing,73630,73591,73630,39
running,73662,73630,73662,32
walking,73682,73662,73682,20
sniffing,73683,73682,73683,1
stepping,73717,73683,73717,34
rising,73765,73717,73765,48
climbing,73784,73765,73784,19
rising,73843,73784,73843,59
climbing,73893,73843,73893,50
rearing,73894,73893,73894,1
rising,73895,73894,73895,1
sniffing,73953,73895,73953,58
climbing,74030,73953,74030,77
trotting,74060,74030,74060,30
sniffing,74061,74060,74061,1
rising,74082,74061,74082,21
sniffing,74116,74082,74116,34
hunching,74168,74116,74168,52
climbing,74235,74168,74235,67
rearing,74251,74235,74251,16
right_turning,74280,74251,74280,29
walking,74281,74280,74281,1
right_turning,74294,74281,74294,13
walking,74320,74294,74320,26
rising,74396,74320,74396,76
sniffing,74402,74396,74402,6
rising,74407,74402,74407,5
sniffing,74420,74407,74420,13
stepping,74432,74420,74432,12
sniffing,74515,74432,74515,83
left_turning,74581,74515,74581,66
trotting,74609,74581,74609,28
stepping,74664,74609,74664,55
sniffing,74665,74664,74665,1
hunching,74704,74665,74704,39
grooming,74844,74704,74844,140
rearing,74957,74844,74957,113
rising,74976,74957,74976,19
sniffing,74986,74976,74986,10
rising,75010,74986,75010,24
climbing,75066,75010,75066,56
trotting,75078,75066,75078,12
walking,75121,75078,75121,43
left_turning,75160,75121,75160,39
trotting,75188,75160,75188,28
rising,75258,75188,75258,70
climbing,75325,75258,75325,67
right_turning,75332,75325,75332,7
climbing,75380,75332,75380,48
walking,75412,75380,75412,32
stepping,75430,75412,75430,18
sniffing,75569,75430,75569,139
climbing,75588,75569,75588,19
rising,75614,75588,75614,26
climbing,75653,75614,75653,39
rising,75687,75653,75687,34
climbing,75713,75687,75713,26
walking,75714,75713,75714,1
trotting,75716,75714,75716,2
sniffing,75773,75716,75773,57
rising,75779,75773,75779,6
climbing,75838,75779,75838,59
rising,75870,75838,75870,32
sniffing,75876,75870,75876,6
walking,75915,75876,75915,39
climbing,75947,75915,75947,32
right_turning,75948,75947,75948,1
walking,75963,75948,75963,15
sniffing,75964,75963,75964,1
right_turning,75983,75964,75983,19
climbing,76057,75983,76057,74
left_turning,76109,76057,76109,52
rising,76143,76109,76143,34
climbing,76166,76143,76166,23
walking,76185,76166,76185,19
climbing,76194,76185,76194,9
rearing,76195,76194,76195,1
grooming,76196,76195,76196,1
rearing,76294,76196,76294,98
sniffing,76303,76294,76303,9
rising,76353,76303,76353,50
climbing,76375,76353,76375,22
walking,76390,76375,76390,15
climbing,76449,76390,76449,59
rearing,76568,76449,76568,119
left_turning,76617,76568,76617,49
climbing,76733,76617,76733,116
grooming,76994,76733,76994,261
climbing,77028,76994,77028,34
sniffing,77078,77028,77078,50
left_turning,77125,77078,77125,47
sniffing,77174,77125,77174,49
left_turning,77188,77174,77188,14
rising,77233,77188,77233,45
sniffing,77308,77233,77308,75
climbing,77349,77308,77349,41
trotting,77359,77349,77359,10
rising,77360,77359,77360,1
sniffing,77436,77360,77436,76
rising,77440,77436,77440,4
climbing,77466,77440,77466,26
rising,77619,77466,77619,153
sniffing,77620,77619,77620,1
right_turning,77652,77620,77652,32
sniffing,77694,77652,77694,42
walking,77713,77694,77713,19
sniffing,77772,77713,77772,59
rearing,77783,77772,77783,11
sniffing,77990,77783,77990,207
stepping,78004,77990,78004,14
sniffing,78005,78004,78005,1
walking,78043,78005,78043,38
sniffing,78077,78043,78077,34
rearing,78463,78077,78463,386
walking,78486,78463,78486,23
rising,78494,78486,78494,8
left_turning,78507,78494,78507,13
walking,78531,78507,78531,24
left_turning,78618,78531,78618,87
stepping,78619,78618,78619,1
sniffing,78653,78619,78653,34
stepping,78663,78653,78663,10
rising,78692,78663,78692,29
sniffing,78760,78692,78760,68
rearing,78801,78760,78801,41
climbing,78828,78801,78828,27
rising,78842,78828,78842,14
climbing,78871,78842,78871,29
rearing,78938,78871,78938,67
left_turning,78951,78938,78951,13
running,78968,78951,78968,17
sniffing,78985,78968,78985,17
climbing,79015,78985,79015,30
walking,79016,79015,79016,1
climbing,79055,79016,79055,39
walking,79065,79055,79065,10
left_turning,79066,79065,79066,1
sniffing,79067,79066,79067,1
rising,79115,79067,79115,48
climbing,79150,79115,79150,35
rising,79179,79150,79179,29
climbing,79180,79179,79180,1
rearing,79189,79180,79189,9
rising,79197,79189,79197,8
climbing,79223,79197,79223,26
sniffing,79268,79223,79268,45
right_turning,79295,79268,79295,27
hunching,79308,79295,79308,13
climbing,79327,79308,79327,19
rearing,79362,79327,79362,35
climbing,79454,79362,79454,92
sniffing,79455,79454,79455,1
climbing,79473,79455,79473,18
rearing,79493,79473,79493,20
walking,79495,79493,79495,2
stepping,79544,79495,79544,49
climbing,79635,79544,79635,91
rearing,79795,79635,79795,160
walking,79839,79795,79839,44
rising,79840,79839,79840,1
climbing,79871,79840,79871,31
sniffing,79977,79871,79977,106
left_turning,79981,79977,79981,4
walking,80052,79981,80052,71
rising,80053,80052,80053,1
rearing,80054,80053,80054,1
climbing,80133,80054,80133,79
sniffing,80227,80133,80227,94
left_turning,80231,80227,80231,4
trotting,80261,80231,80261,30
rising,80343,80261,80343,82
right_turning,80364,80343,80364,21
trotting,80367,80364,80367,3
stepping,80368,80367,80368,1
hunching,80495,80368,80495,127
sniffing,80672,80495,80672,177
left_turning,80729,80672,80729,57
trotting,80738,80729,80738,9
sniffing,80745,80738,80745,7
climbing,80820,80745,80820,75
rising,80821,80820,80821,1
right_turning,80835,80821,80835,14
sniffing,80967,80835,80967,132
walking,80985,80967,80985,18
sniffing,80996,80985,80996,11
right_turning,81043,80996,81043,47
sniffing,81133,81043,81133,90
walking,81173,81133,81173,40
sniffing,81232,81173,81232,59
rising,81241,81232,81241,9
rearing,81313,81241,81313,72
walking,81348,81313,81348,35
sniffing,81349,81348,81349,1
left_turning,81350,81349,81350,1
sniffing,81351,81350,81351,1
walking,81375,81351,81375,24
sniffing,81454,81375,81454,79
walking,81456,81454,81456,2
rising,81457,81456,81457,1
hunching,81528,81457,81528,71
sniffing,81545,81528,81545,17
left_turning,81600,81545,81600,55
sniffing,81673,81600,81673,73
rearing,81709,81673,81709,36
walking,81728,81709,81728,19
rising,81784,81728,81784,56
grooming,82004,81784,82004,220
rearing,82005,82004,82005,1
grooming,82067,82005,82067,62
walking,82085,82067,82085,18
sniffing,82092,82085,82092,7
rising,82121,82092,82121,29
trotting,82136,82121,82136,15
sniffing,82173,82136,82173,37
stepping,82187,82173,82187,14
walking,82205,82187,82205,18
sniffing,82298,82205,82298,93
rising,82319,82298,82319,21
sniffing,82342,82319,82342,23
rising,82387,82342,82387,45
grooming,82388,82387,82388,1
sniffing,82395,82388,82395,7
left_turning,82430,82395,82430,35
trotting,82471,82430,82471,41
right_turning,82479,82471,82479,8
walking,82497,82479,82497,18
sniffing,82624,82497,82624,127
rising,82704,82624,82704,80
climbing,82740,82704,82740,36
rearing,82741,82740,82741,1
climbing,82858,82741,82858,117
sniffing,82894,82858,82894,36
right_turning,82934,82894,82934,40
walking,82962,82934,82962,28
left_turning,82963,82962,82963,1
walking,82990,82963,82990,27
sniffing,83020,82990,83020,30
rearing,83045,83020,83045,25
walking,83082,83045,83082,37
left_turning,83083,83082,83083,1
stepping,83084,83083,83084,1
sniffing,83238,83084,83238,154
climbing,83288,83238,83288,50
hunching,83431,83288,83431,143
rearing,83432,83431,83432,1
stepping,83458,83432,83458,26
trotting,83488,83458,83488,30
sniffing,83573,83488,83573,85
right_turning,83579,83573,83579,6
trotting,83580,83579,83580,1
rising,83608,83580,83608,28
sniffing,83684,83608,83684,76
walking,83724,83684,83724,40
running,83731,83724,83731,7
stepping,83786,83731,83786,55
walking,83806,83786,83806,20
stepping,83930,83806,83930,124
walking,83946,83930,83946,16
sniffing,83986,83946,83986,40
stepping,83992,83986,83992,6
walking,84020,83992,84020,28
rising,84094,84020,84094,74
sniffing,84122,84094,84122,28
walking,84146,84122,84146,24
trotting,84154,84146,84154,8
sniffing,84245,84154,84245,91
rearing,84349,84245,84349,104
grooming,84352,84349,84352,3
rearing,84422,84352,84422,70
right_turning,84455,84422,84455,33
rising,84487,84455,84487,32
climbing,84540,84487,84540,53
rearing,84626,84540,84626,86
rising,84649,84626,84649,23
climbing,84655,84649,84655,6
walking,84656,84655,84656,1
sniffing,84695,84656,84695,39
rising,84728,84695,84728,33
sniffing,84750,84728,84750,22
rising,84763,84750,84763,13
climbing,84829,84763,84829,66
sniffing,84934,84829,84934,105
rising,84955,84934,84955,21
rearing,84956,84955,84956,1
sniffing,84997,84956,84997,41
rising,85056,84997,85056,59
walking,85076,85056,85076,20
sniffing,85077,85076,85077,1
rising,85081,85077,85081,4
climbing,85138,85081,85138,57
rising,85183,85138,85183,45
rearing,85214,85183,85214,31
walking,85215,85214,85215,1
sniffing,85310,85215,85310,95
rising,85311,85310,85311,1
climbing,85336,85311,85336,25
rearing,85389,85336,85389,53
rising,85390,85389,85390,1
climbing,85444,85390,85444,54
hunching,85491,85444,85491,47
rearing,85610,85491,85610,119
rising,85626,85610,85626,16
climbing,85656,85626,85656,30
walking,85688,85656,85688,32
climbing,85755,85688,85755,67
rising,85758,85755,85758,3
rearing,85759,85758,85759,1
rising,85803,85759,85803,44
rearing,85907,85803,85907,104
hunching,86037,85907,86037,130
left_turning,86086,86037,86086,49
sniffing,86087,86086,86087,1
rising,86088,86087,86088,1
climbing,86134,86088,86134,46
sniffing,86135,86134,86135,1
hunching,86138,86135,86138,3
rearing,86174,86138,86174,36
climbing,86243,86174,86243,69
rising,86244,86243,86244,1
climbing,86319,86244,86319,75
rising,86396,86319,86396,77
climbing,86446,86396,86446,50
hunching,86535,86446,86535,89
rising,86565,86535,86565,30
left_turning,86642,86565,86642,77
walking,86680,86642,86680,38
stepping,86686,86680,86686,6
rearing,86869,86686,86869,183
sniffing,86915,86869,86915,46
climbing,86938,86915,86938,23
hunching,86955,86938,86955,17
grooming,87261,86955,87261,306
sniffing,87328,87261,87328,67
rising,87364,87328,87364,36
climbing,87451,87364,87451,87
right_turning,87457,87451,87457,6
left_turning,87481,87457,87481,24
walking,87502,87481,87502,21
stepping,87503,87502,87503,1
sniffing,87507,87503,87507,4
climbing,87546,87507,87546,39
sniffing,87596,87546,87596,50
rearing,87654,87596,87654,58
sniffing,87718,87654,87718,64
rearing,87799,87718,87799,81
walking,87800,87799,87800,1
trotting,87846,87800,87846,46
sniffing,87948,87846,87948,102
right_turning,87955,87948,87955,7
walking,88016,87955,88016,61
sniffing,88139,88016,88139,123
trotting,88142,88139,88142,3
left_turning,88172,88142,88172,30
walking,88173,88172,88173,1
stepping,88213,88173,88213,40
sniffing,88226,88213,88226,13
climbing,88268,88226,88268,42
rising,88289,88268,88289,21
hunching,88335,88289,88335,46
climbing,88412,88335,88412,77
rising,88469,88412,88469,57
right_turning,88515,88469,88515,46
left_turning,88561,88515,88561,46
sniffing,88610,88561,88610,49
walking,88665,88610,88665,55
sniffing,88666,88665,88666,1
hunching,88673,88666,88673,7
climbing,88732,88673,88732,59
left_turning,88733,88732,88733,1
walking,88814,88733,88814,81
sniffing,88815,88814,88815,1
climbing,88853,88815,88853,38
rearing,88854,88853,88854,1
grooming,88855,88854,88855,1
rearing,88939,88855,88939,84
climbing,89011,88939,89011,72
walking,89128,89011,89128,117
rearing,89129,89128,89129,1
walking,89208,89129,89208,79
sniffing,89237,89208,89237,29
hunching,89492,89237,89492,255
sniffing,89571,89492,89571,79
rising,89572,89571,89572,1
rearing,89638,89572,89638,66
rising,89664,89638,89664,26
climbing,89718,89664,89718,54
grooming,90006,89718,90006,288
sniffing,90045,90006,90045,39
climbing,90072,90045,90072,27
grooming,90073,90072,90073,1
trotting,90090,90073,90090,17
walking,90121,90090,90121,31
sniffing,90192,90121,90192,71
rising,90230,90192,90230,38
sniffing,90274,90230,90274,44
rising,90305,90274,90305,31
sniffing,90345,90305,90345,40
rising,90350,90345,90350,5
walking,90368,90350,90368,18
sniffing,90372,90368,90372,4
rising,90425,90372,90425,53
stepping,90429,90425,90429,4
walking,90457,90429,90457,28
rising,90458,90457,90458,1
sniffing,90494,90458,90494,36
left_turning,90565,90494,90565,71
sniffing,90616,90565,90616,51
climbing,90693,90616,90693,77
rearing,90705,90693,90705,12
grooming,90706,90705,90706,1
sniffing,90707,90706,90707,1
walking,90712,90707,90712,5
sniffing,90740,90712,90740,28
left_turning,90775,90740,90775,35
stepping,90830,90775,90830,55
walking,90854,90830,90854,24
sniffing,90888,90854,90888,34
grooming,90936,90888,90936,48
sniffing,90961,90936,90961,25
grooming,90962,90961,90962,1
sniffing,90994,90962,90994,32
climbing,91048,90994,91048,54
rising,91087,91048,91087,39
rearing,91161,91087,91161,74
sniffing,91254,91161,91254,93
walking,91255,91254,91255,1
sniffing,91268,91255,91268,13
rising,91269,91268,91269,1
climbing,91318,91269,91318,49
rising,91323,91318,91323,5
sniffing,91390,91323,91390,67
rising,91428,91390,91428,38
climbing,91482,91428,91482,54
sniffing,91587,91482,91587,105
rearing,91644,91587,91644,57
climbing,91675,91644,91675,31
walking,91676,91675,91676,1
sniffing,91739,91676,91739,63
walking,91765,91739,91765,26
left_turning,91778,91765,91778,13
walking,91826,91778,91826,48
sniffing,91980,91826,91980,154
climbing,92038,91980,92038,58
sniffing,92075,92038,92075,37
trotting,92101,92075,92101,26
walking,92127,92101,92127,26
rearing,92165,92127,92165,38
walking,92213,92165,92213,48
stepping,92235,92213,92235,22
walking,92300,92235,92300,65
sniffing,92301,92300,92301,1
rising,92327,92301,92327,26
climbing,92362,92327,92362,35
hunching,92434,92362,92434,72
grooming,92435,92434,92435,1
rising,92491,92435,92491,56
left_turning,92531,92491,92531,40
sniffing,92604,92531,92604,73
rising,92625,92604,92625,21
climbing,92670,92625,92670,45
grooming,92671,92670,92671,1
rising,92682,92671,92682,11
rearing,92716,92682,92716,34
grooming,92717,92716,92717,1
sniffing,92808,92717,92808,91
rising,92838,92808,92838,30
climbing,92878,92838,92878,40
rising,92879,92878,92879,1
sniffing,93077,92879,93077,198
walking,93117,93077,93117,40
rising,93128,93117,93128,11
rearing,93154,93128,93154,26
climbing,93248,93154,93248,94
hunching,93299,93248,93299,51
walking,93335,93299,93335,36
climbing,93371,93335,93371,36
rearing,93410,93371,93410,39
climbing,93424,93410,93424,14
rising,93435,93424,93435,11
sniffing,93588,93435,93588,153
pausing,93791,93588,93791,203
sniffing,93844,93791,93844,53
stepping,93845,93844,93845,1
sniffing,93888,93845,93888,43
rising,93914,93888,93914,26
climbing,93935,93914,93935,21
sniffing,93978,93935,93978,43
walking,94004,93978,94004,26
stepping,94065,94004,94065,61
sniffing,94066,94065,94066,1
climbing,94077,94066,94077,11
rising,94111,94077,94111,34
sniffing,94326,94111,94326,215
climbing,94348,94326,94348,22
sniffing,94415,94348,94415,67
pausing,94925,94415,94925,510
sniffing,94926,94925,94926,1
right_turning,94986,94926,94986,60
walking,94989,94986,94989,3
rising,95015,94989,95015,26
sniffing,95029,95015,95029,14
pausing,95224,95029,95224,195
sniffing,95268,95224,95268,44
stepping,95300,95268,95300,32
climbing,95333,95300,95333,33
rearing,95419,95333,95419,86
rising,95420,95419,95420,1
climbing,95468,95420,95468,48
rearing,95469,95468,95469,1
rising,95512,95469,95512,43
hunching,95515,95512,95515,3
sniffing,95516,95515,95516,1
rearing,95517,95516,95517,1
rising,95539,95517,95539,22
rearing,95604,95539,95604,65
sniffing,95613,95604,95613,9
left_turning,95640,95613,95640,27
walking,95660,95640,95660,20
stepping,95671,95660,95671,11
rising,95681,95671,95681,10
climbing,95711,95681,95711,30
walking,95712,95711,95712,1
sniffing,95730,95712,95730,18
rising,95764,95730,95764,34
climbing,95804,95764,95804,40
walking,95813,95804,95813,9
right_turning,95851,95813,95851,38
walking,95892,95851,95892,41
stepping,95932,95892,95932,40
sniffing,95948,95932,95948,16
right_turning,95962,95948,95962,14
sniffing,95968,95962,95968,6
left_turning,95985,95968,95985,17
walking,95993,95985,95993,8
running,96023,95993,96023,30
walking,96031,96023,96031,8
sniffing,96088,96031,96088,57
rising,96092,96088,96092,4
climbing,96175,96092,96175,83
right_turning,96189,96175,96189,14
trotting,96198,96189,96198,9
sniffing,96245,96198,96245,47
right_turning,96261,96245,96261,16
running,96293,96261,96293,32
trotting,96300,96293,96300,7
walking,96315,96300,96315,15
sniffing,96335,96315,96335,20
right_turning,96373,96335,96373,38
rising,96447,96373,96447,74
sniffing,96532,96447,96532,85
right_turning,96533,96532,96533,1
running,96574,96533,96574,41
walking,96575,96574,96575,1
sniffing,96620,96575,96620,45
grooming,96621,96620,96621,1
left_turning,96660,96621,96660,39
walking,96661,96660,96661,1
climbing,96733,96661,96733,72
rising,96766,96733,96766,33
climbing,96809,96766,96809,43
rearing,96943,96809,96943,134
left_turning,96968,96943,96968,25
running,96976,96968,96976,8
trotting,96985,96976,96985,9
rising,97038,96985,97038,53
sniffing,97104,97038,97104,66
climbing,97117,97104,97117,13
hunching,97128,97117,97128,11
walking,97162,97128,97162,34
sniffing,97202,97162,97202,40
climbing,97239,97202,97239,37
rising,97240,97239,97240,1
sniffing,97272,97240,97272,32
rising,97329,97272,97329,57
sniffing,97330,97329,97330,1
rearing,97343,97330,97343,13
sniffing,97417,97343,97417,74
pausing,97614,97417,97614,197
walking,97655,97614,97655,41
left_turning,97656,97655,97656,1
sniffing,97720,97656,97720,64
rising,97745,97720,97745,25
sniffing,97813,97745,97813,68
rising,97843,97813,97843,30
climbing,97890,97843,97890,47
right_turning,97925,97890,97925,35
walking,97960,97925,97960,35
right_turning,97975,97960,97975,15
sniffing,98014,97975,98014,39
left_turning,98064,98014,98064,50
walking,98088,98064,98088,24
sniffing,98187,98088,98187,99
rising,98256,98187,98256,69
sniffing,98362,98256,98362,106
rearing,98402,98362,98402,40
rising,98430,98402,98430,28
climbing,98465,98430,98465,35
grooming,99398,98465,99398,933
sniffing,99452,99398,99452,54
walking,99480,99452,99480,28
sniffing,99509,99480,99509,29
rising,99519,99509,99519,10
grooming,99520,99519,99520,1
climbing,99563,99520,99563,43
right_turning,99570,99563,99570,7
rising,99571,99570,99571,1
rearing,99655,99571,99655,84
right_turning,99669,99655,99669,14
walking,99728,99669,99728,59
sniffing,99729,99728,99729,1
rearing,99730,99729,99730,1
sniffing,99879,99730,99879,149
climbing,99880,99879,99880,1
walking,99928,99880,99928,48
right_turning,99951,99928,99951,23
walking,99957,99951,99957,6
climbing,100008,99957,100008,51
rising,100009,100008,100009,1
sniffing,100010,100009,100010,1
left_turning,100011,100010,100011,1
walking,100046,100011,100046,35
sniffing,100146,100046,100146,100
rising,100175,100146,100175,29
sniffing,100248,100175,100248,73
rising,100343,100248,100343,95
climbing,100344,100343,100344,1
grooming,100447,100344,100447,103
left_turning,100512,100447,100512,65
trotting,100563,100512,100563,51
sniffing,100601,100563,100601,38
pausing,100602,100601,100602,1
walking,100607,100602,100607,5
climbing,100684,100607,100684,77
walking,100697,100684,100697,13
sniffing,100722,100697,100722,25
pausing,100723,100722,100723,1
sniffing,100869,100723,100869,146
left_turning,100957,100869,100957,88
sniffing,100958,100957,100958,1
rising,100991,100958,100991,33
walking,101009,100991,101009,18
sniffing,101010,101009,101010,1
rising,101011,101010,101011,1
walking,101044,101011,101044,33
sniffing,101101,101044,101101,57
hunching,101115,101101,101115,14
climbing,101116,101115,101116,1
walking,101146,101116,101146,30
sniffing,101228,101146,101228,82
left_turning,101235,101228,101235,7
sniffing,101274,101235,101274,39
walking,101291,101274,101291,17
sniffing,101292,101291,101292,1
grooming,101293,101292,101293,1
rearing,101312,101293,101312,19
sniffing,101362,101312,101362,50
pausing,101363,101362,101363,1
sniffing,101461,101363,101461,98
climbing,101521,101461,101521,60
rearing,101522,101521,101522,1
rising,101528,101522,101528,6
climbing,101616,101528,101616,88
sniffing,101675,101616,101675,59
rising,101735,101675,101735,60
sniffing,101762,101735,101762,27
grooming,101763,101762,101763,1
sniffing,101841,101763,101841,78
left_turning,101921,101841,101921,80
walking,101954,101921,101954,33
rising,101984,101954,101984,30
rearing,102036,101984,102036,52
grooming,102086,102036,102086,50
rearing,102249,102086,102249,163
left_turning,102272,102249,102272,23
sniffing,102379,102272,102379,107
left_turning,102380,102379,102380,1
right_turning,102420,102380,102420,40
walking,102456,102420,102456,36
right_turning,102474,102456,102474,18
sniffing,102521,102474,102521,47
trotting,102546,102521,102546,25
climbing,102555,102546,102555,9
sniffing,102603,102555,102603,48
climbing,102679,102603,102679,76
grooming,102699,102679,102699,20
trotting,102715,102699,102715,16
walking,102758,102715,102758,43
rising,102759,102758,102759,1
trotting,102800,102759,102800,41
sniffing,102815,102800,102815,15
rising,102819,102815,102819,4
climbing,102854,102819,102854,35
hunching,102855,102854,102855,1
rising,102856,102855,102856,1
climbing,102913,102856,102913,57
hunching,102945,102913,102945,32
right_turning,102946,102945,102946,1
walking,102947,102946,102947,1
sniffing,102966,102947,102966,19
rising,102967,102966,102967,1
climbing,102993,102967,102993,26
sniffing,103114,102993,103114,121
left_turning,103193,103114,103193,79
trotting,103227,103193,103227,34
left_turning,103285,103227,103285,58
sniffing,103342,103285,103342,57
left_turning,103417,103342,103417,75
running,103458,103417,103458,41
rising,103542,103458,103542,84
sniffing,103586,103542,103586,44
hunching,103587,103586,103587,1
sniffing,103594,103587,103594,7
left_turning,103615,103594,103615,21
sniffing,103616,103615,103616,1
climbing,103671,103616,103671,55
grooming,103817,103671,103817,146
sniffing,103874,103817,103874,57
right_turning,103890,103874,103890,16
climbing,103916,103890,103916,26
sniffing,103990,103916,103990,74
climbing,103991,103990,103991,1
rearing,104012,103991,104012,21
rising,104031,104012,104031,19
climbing,104039,104031,104039,8
rising,104040,104039,104040,1
sniffing,104041,104040,104041,1
rising,104085,104041,104085,44
sniffing,104157,104085,104157,72
climbing,104192,104157,104192,35
sniffing,104207,104192,104207,15
pausing,104208,104207,104208,1
sniffing,104323,104208,104323,115
stepping,104324,104323,104324,1
walking,104337,104324,104337,13
climbing,104338,104337,104338,1
rising,104339,104338,104339,1
walking,104360,104339,104360,21
rising,104410,104360,104410,50
rearing,104469,104410,104469,59
sniffing,104492,104469,104492,23
walking,104535,104492,104535,43
sniffing,104623,104535,104623,88
stepping,104681,104623,104681,58
rising,104696,104681,104696,15
sniffing,104755,104696,104755,59
rising,104808,104755,104808,53
trotting,104816,104808,104816,8
left_turning,104887,104816,104887,71
stepping,104936,104887,104936,49
left_turning,104992,104936,104992,56
trotting,105003,104992,105003,11
sniffing,105126,105003,105126,123
trotting,105144,105126,105144,18
left_turning,105151,105144,105151,7
sniffing,105232,105151,105232,81
grooming,105425,105232,105425,193
left_turning,105455,105425,105455,30
stepping,105456,105455,105456,1
sniffing,105504,105456,105504,48
left_turning,105526,105504,105526,22
sniffing,105672,105526,105672,146
rising,105689,105672,105689,17
climbing,105790,105689,105790,101
sniffing,105846,105790,105846,56
climbing,105880,105846,105880,34
rising,105928,105880,105928,48
climbing,105935,105928,105935,7
sniffing,105971,105935,105971,36
left_turning,106015,105971,106015,44
sniffing,106051,106015,106051,36
left_turning,106072,106051,106072,21
grooming,106073,106072,106073,1
sniffing,106156,106073,106156,83
rising,106188,106156,106188,32
left_turning,106219,106188,106219,31
sniffing,106266,106219,106266,47
left_turning,106276,106266,106276,10
walking,106287,106276,106287,11
left_turning,106330,106287,106330,43
sniffing,106436,106330,106436,106
rising,106539,106436,106539,103
rearing,106540,106539,106540,1
grooming,106647,106540,106647,107
sniffing,106671,106647,106671,24
stepping,106693,106671,106693,22
left_turning,106714,106693,106714,21
trotting,106722,106714,106722,8
sniffing,106779,106722,106779,57
rising,106807,106779,106807,28
sniffing,106881,106807,106881,74
walking,106912,106881,106912,31
rising,106998,106912,106998,86
sniffing,107001,106998,107001,3
pausing,107002,107001,107002,1
sniffing,107003,107002,107003,1
climbing,107032,107003,107032,29
rising,107045,107032,107045,13
sniffing,107122,107045,107122,77
climbing,107151,107122,107151,29
rearing,107176,107151,107176,25
hunching,107177,107176,107177,1
grooming,107566,107177,107566,389
rising,107567,107566,107567,1
left_turning,107568,107567,107568,1
sniffing,107659,107568,107659,91
climbing,107676,107659,107676,17
rising,107700,107676,107700,24
grooming,107802,107700,107802,102
rearing,107926,107802,107926,124
sniffing,107927,107926,107927,1
rising,107928,107927,107928,1
sniffing,108000,107928,108000,72
