revised_movement_label,segBoundary,segBoundary_start,segBoundary_end,length
trotting,41,0,41,41
rising,104,41,104,63
sniffing,115,104,115,11
right_turning,124,115,124,9
stepping,126,124,126,2
walking,215,126,215,89
sniffing,317,215,317,102
walking,358,317,358,41
rearing,431,358,431,73
sniffing,553,431,553,122
left_turning,616,553,616,63
trotting,626,616,626,10
walking,691,626,691,65
sniffing,758,691,758,67
left_turning,788,758,788,30
sniffing,841,788,841,53
trotting,867,841,867,26
left_turning,868,867,868,1
sniffing,869,868,869,1
walking,893,869,893,24
sniffing,900,893,900,7
walking,946,900,946,46
left_turning,969,946,969,23
rising,970,969,970,1
hunching,1077,970,1077,107
climbing,1083,1077,1083,6
sniffing,1146,1083,1146,63
walking,1167,1146,1167,21
sniffing,1168,1167,1168,1
walking,1173,1168,1173,5
rising,1235,1173,1235,62
sniffing,1256,1235,1256,21
rising,1341,1256,1341,85
sniffing,1427,1341,1427,86
climbing,1452,1427,1452,25
rising,1503,1452,1503,51
walking,1504,1503,1504,1
trotting,1537,1504,1537,33
sniffing,1547,1537,1547,10
trotting,1555,1547,1555,8
sniffing,1682,1555,1682,127
rearing,1996,1682,1996,314
sniffing,1997,1996,1997,1
walking,1998,1997,1998,1
climbing,2033,1998,2033,35
rearing,2184,2033,2184,151
hunching,2329,2184,2329,145
climbing,2336,2329,2336,7
running,2356,2336,2356,20
sniffing,2464,2356,2464,108
climbing,2515,2464,2515,51
rising,2580,2515,2580,65
sniffing,2581,2580,2581,1
left_turning,2616,2581,2616,35
running,2640,2616,2640,24
left_turning,2712,2640,2712,72
sniffing,2734,2712,2734,22
running,2781,2734,2781,47
walking,2782,2781,2782,1
sniffing,2816,2782,2816,34
walking,2872,2816,2872,56
sniffing,2934,2872,2934,62
right_turning,2969,2934,2969,35
stepping,2970,2969,2970,1
rising,2971,2970,2971,1
stepping,2977,2971,2977,6
walking,3030,2977,3030,53
left_turning,3048,3030,3048,18
trotting,3078,3048,3078,30
right_turning,3105,3078,3105,27
walking,3206,3105,3206,101
left_turning,3207,3206,3207,1
sniffing,3261,3207,3261,54
rising,3286,3261,3286,25
sniffing,3325,3286,3325,39
climbing,3399,3325,3399,74
walking,3400,3399,3400,1
sniffing,3443,3400,3443,43
pausing,3444,3443,3444,1
sniffing,3445,3444,3445,1
climbing,3541,3445,3541,96
rising,3567,3541,3567,26
sniffing,3646,3567,3646,79
walking,3670,3646,3670,24
climbing,3736,3670,3736,66
walking,3761,3736,3761,25
trotting,3798,3761,3798,37
stepping,3840,3798,3840,42
trotting,3850,3840,3850,10
walking,3913,3850,3913,63
sniffing,4001,3913,4001,88
climbing,4013,4001,4013,12
sniffing,4118,4013,4118,105
climbing,4151,4118,4151,33
trotting,4180,4151,4180,29
walking,4213,4180,4213,33
sniffing,4241,4213,4241,28
left_turning,4253,4241,4253,12
climbing,4305,4253,4305,52
sniffing,4323,4305,4323,18
grooming,4480,4323,4480,157
sniffing,4511,4480,4511,31
climbing,4577,4511,4577,66
walking,4630,4577,4630,53
sniffing,4692,4630,4692,62
left_turning,4712,4692,4712,20
climbing,4736,4712,4736,24
rising,4771,4736,4771,35
left_turning,4772,4771,4772,1
rising,4778,4772,4778,6
sniffing,4864,4778,4864,86
rising,4941,4864,4941,77
climbing,4998,4941,4998,57
sniffing,4999,4998,4999,1
right_turning,5000,4999,5000,1
trotting,5011,5000,5011,11
sniffing,5078,5011,5078,67
rising,5140,5078,5140,62
climbing,5171,5140,5171,31
sniffing,5246,5171,5246,75
climbing,5285,5246,5285,39
trotting,5306,5285,5306,21
sniffing,5359,5306,5359,53
walking,5401,5359,5401,42
running,5409,5401,5409,8
walking,5448,5409,5448,39
climbing,5492,5448,5492,44
walking,5505,5492,5505,13
sniffing,5518,5505,5518,13
trotting,5548,5518,5548,30
sniffing,5606,5548,5606,58
climbing,5653,5606,5653,47
grooming,5782,5653,5782,129
left_turning,5841,5782,5841,59
stepping,5894,5841,5894,53
walking,5895,5894,5895,1
sniffing,5946,5895,5946,51
walking,5953,5946,5953,7
sniffing,6049,5953,6049,96
climbing,6077,6049,6077,28
rearing,6078,6077,6078,1
grooming,6079,6078,6079,1
right_turning,6129,6079,6129,50
walking,6150,6129,6150,21
rising,6235,6150,6235,85
sniffing,6272,6235,6272,37
running,6312,6272,6312,40
trotting,6318,6312,6318,6
sniffing,6461,6318,6461,143
trotting,6484,6461,6484,23
sniffing,6494,6484,6494,10
climbing,6525,6494,6525,31
sniffing,6637,6525,6637,112
pausing,6638,6637,6638,1
sniffing,6672,6638,6672,34
rising,6673,6672,6673,1
sniffing,6682,6673,6682,9
rising,6800,6682,6800,118
stepping,6807,6800,6807,7
climbing,6837,6807,6837,30
sniffing,6879,6837,6879,42
rising,6930,6879,6930,51
climbing,7001,6930,7001,71
sniffing,7095,7001,7095,94
walking,7185,7095,7185,90
climbing,7238,7185,7238,53
trotting,7287,7238,7287,49
stepping,7300,7287,7300,13
walking,7328,7300,7328,28
trotting,7367,7328,7367,39
left_turning,7390,7367,7390,23
stepping,7491,7390,7491,101
right_turning,7492,7491,7492,1
walking,7524,7492,7524,32
sniffing,7590,7524,7590,66
left_turning,7625,7590,7625,35
walking,7665,7625,7665,40
left_turning,7699,7665,7699,34
trotting,7731,7699,7731,32
walking,7762,7731,7762,31
trotting,7771,7762,7771,9
right_turning,7775,7771,7775,4
climbing,7817,7775,7817,42
sniffing,7831,7817,7831,14
rising,7928,7831,7928,97
climbing,7980,7928,7980,52
walking,7981,7980,7981,1
left_turning,7982,7981,7982,1
rising,7997,7982,7997,15
sniffing,8048,7997,8048,51
rising,8118,8048,8118,70
climbing,8150,8118,8150,32
walking,8162,8150,8162,12
rising,8211,8162,8211,49
trotting,8239,8211,8239,28
walking,8265,8239,8265,26
left_turning,8310,8265,8310,45
stepping,8360,8310,8360,50
rising,8362,8360,8362,2
climbing,8395,8362,8395,33
walking,8426,8395,8426,31
rising,8457,8426,8457,31
walking,8464,8457,8464,7
left_turning,8486,8464,8486,22
walking,8487,8486,8487,1
sniffing,8501,8487,8501,14
walking,8564,8501,8564,63
rising,8582,8564,8582,18
right_turning,8636,8582,8636,54
rising,8641,8636,8641,5
sniffing,8642,8641,8642,1
walking,8672,8642,8672,30
climbing,8682,8672,8682,10
sniffing,8683,8682,8683,1
rising,8701,8683,8701,18
climbing,8758,8701,8758,57
walking,8759,8758,8759,1
climbing,8812,8759,8812,53
rising,8813,8812,8813,1
sniffing,8868,8813,8868,55
walking,8911,8868,8911,43
sniffing,8912,8911,8912,1
left_turning,8982,8912,8982,70
sniffing,8983,8982,8983,1
left_turning,8985,8983,8985,2
sniffing,9085,8985,9085,100
walking,9086,9085,9086,1
sniffing,9128,9086,9128,42
rising,9227,9128,9227,99
left_turning,9254,9227,9254,27
sniffing,9255,9254,9255,1
trotting,9270,9255,9270,15
running,9301,9270,9301,31
sniffing,9367,9301,9367,66
trotting,9382,9367,9382,15
right_turning,9413,9382,9413,31
sniffing,9482,9413,9482,69
walking,9563,9482,9563,81
rising,9564,9563,9564,1
sniffing,9636,9564,9636,72
walking,9651,9636,9651,15
hunching,9746,9651,9746,95
rising,9804,9746,9804,58
walking,9833,9804,9833,29
climbing,9863,9833,9863,30
sniffing,9902,9863,9902,39
walking,9920,9902,9920,18
trotting,9949,9920,9949,29
sniffing,9967,9949,9967,18
trotting,10007,9967,10007,40
sniffing,10056,10007,10056,49
right_turning,10083,10056,10083,27
climbing,10135,10083,10135,52
walking,10143,10135,10143,8
sniffing,10171,10143,10171,28
trotting,10219,10171,10219,48
walking,10258,10219,10258,39
left_turning,10259,10258,10259,1
walking,10299,10259,10299,40
left_turning,10300,10299,10300,1
running,10313,10300,10313,13
rising,10322,10313,10322,9
climbing,10362,10322,10362,40
sniffing,10426,10362,10426,64
left_turning,10481,10426,10481,55
right_turning,10491,10481,10491,10
stepping,10556,10491,10556,65
sniffing,10557,10556,10557,1
trotting,10576,10557,10576,19
sniffing,10630,10576,10630,54
climbing,10663,10630,10663,33
right_turning,10718,10663,10718,55
walking,10834,10718,10834,116
sniffing,10849,10834,10849,15
walking,10892,10849,10892,43
sniffing,10893,10892,10893,1
walking,10894,10893,10894,1
rising,10968,10894,10968,74
climbing,11012,10968,11012,44
rising,11013,11012,11013,1
sniffing,11014,11013,11014,1
climbing,11038,11014,11038,24
trotting,11050,11038,11050,12
climbing,11113,11050,11113,63
sniffing,11118,11113,11118,5
rising,11225,11118,11225,107
sniffing,11281,11225,11281,56
stepping,11311,11281,11311,30
sniffing,11399,11311,11399,88
walking,11438,11399,11438,39
sniffing,11478,11438,11478,40
left_turning,11530,11478,11530,52
climbing,11566,11530,11566,36
sniffing,11621,11566,11621,55
rising,11709,11621,11709,88
sniffing,11732,11709,11732,23
rising,11749,11732,11749,17
climbing,11789,11749,11789,40
sniffing,11807,11789,11807,18
stepping,11823,11807,11823,16
walking,11835,11823,11835,12
sniffing,11836,11835,11836,1
stepping,11862,11836,11862,26
rising,11963,11862,11963,101
sniffing,12020,11963,12020,57
climbing,12068,12020,12068,48
rising,12121,12068,12121,53
climbing,12147,12121,12147,26
sniffing,12181,12147,12181,34
climbing,12276,12181,12276,95
sniffing,12277,12276,12277,1
right_turning,12286,12277,12286,9
trotting,12311,12286,12311,25
sniffing,12323,12311,12323,12
trotting,12362,12323,12362,39
stepping,12394,12362,12394,32
sniffing,12490,12394,12490,96
walking,12507,12490,12507,17
climbing,12531,12507,12531,24
trotting,12548,12531,12548,17
stepping,12592,12548,12592,44
rising,12616,12592,12616,24
climbing,12677,12616,12677,61
right_turning,12678,12677,12678,1
walking,12691,12678,12691,13
sniffing,12764,12691,12764,73
left_turning,12818,12764,12818,54
sniffing,12959,12818,12959,141
climbing,12990,12959,12990,31
trotting,13009,12990,13009,19
walking,13039,13009,13039,30
rising,13040,13039,13040,1
left_turning,13041,13040,13041,1
right_turning,13074,13041,13074,33
walking,13138,13074,13138,64
climbing,13206,13138,13206,68
right_turning,13215,13206,13215,9
stepping,13235,13215,13235,20
sniffing,13269,13235,13269,34
hunching,13270,13269,13270,1
walking,13301,13270,13301,31
sniffing,13359,13301,13359,58
rising,13360,13359,13360,1
sniffing,13383,13360,13383,23
climbing,13431,13383,13431,48
rising,13457,13431,13457,26
climbing,13495,13457,13495,38
running,13518,13495,13518,23
walking,13519,13518,13519,1
sniffing,13538,13519,13538,19
climbing,13565,13538,13565,27
sniffing,13566,13565,13566,1
climbing,13567,13566,13567,1
rising,13571,13567,13571,4
stepping,13610,13571,13610,39
trotting,13681,13610,13681,71
sniffing,13690,13681,13690,9
left_turning,13733,13690,13733,43
sniffing,13734,13733,13734,1
walking,13763,13734,13763,29
rising,13873,13763,13873,110
sniffing,13874,13873,13874,1
left_turning,13932,13874,13932,58
walking,13981,13932,13981,49
sniffing,13989,13981,13989,8
right_turning,14002,13989,14002,13
running,14017,14002,14017,15
walking,14073,14017,14073,56
right_turning,14135,14073,14135,62
sniffing,14235,14135,14235,100
walking,14337,14235,14337,102
sniffing,14416,14337,14416,79
right_turning,14427,14416,14427,11
stepping,14428,14427,14428,1
rising,14429,14428,14429,1
stepping,14430,14429,14430,1
rising,14504,14430,14504,74
climbing,14517,14504,14517,13
sniffing,14618,14517,14618,101
rising,14714,14618,14714,96
sniffing,14738,14714,14738,24
running,14745,14738,14745,7
walking,14795,14745,14795,50
rising,14842,14795,14842,47
hunching,14843,14842,14843,1
grooming,14844,14843,14844,1
sniffing,14926,14844,14926,82
walking,14988,14926,14988,62
sniffing,15062,14988,15062,74
rearing,15086,15062,15086,24
walking,15164,15086,15164,78
climbing,15207,15164,15207,43
sniffing,15273,15207,15273,66
climbing,15296,15273,15296,23
grooming,15297,15296,15297,1
sniffing,15298,15297,15298,1
left_turning,15344,15298,15344,46
trotting,15365,15344,15365,21
walking,15391,15365,15391,26
sniffing,15392,15391,15392,1
rising,15406,15392,15406,14
sniffing,15457,15406,15457,51
left_turning,15520,15457,15520,63
sniffing,15583,15520,15583,63
left_turning,15606,15583,15606,23
sniffing,15717,15606,15717,111
rising,15718,15717,15718,1
climbing,15734,15718,15734,16
rising,15897,15734,15897,163
climbing,15902,15897,15902,5
left_turning,15915,15902,15915,13
right_turning,15931,15915,15931,16
walking,15935,15931,15935,4
sniffing,15994,15935,15994,59
stepping,16035,15994,16035,41
climbing,16040,16035,16040,5
sniffing,16097,16040,16097,57
walking,16124,16097,16124,27
trotting,16134,16124,16134,10
rising,16155,16134,16155,21
climbing,16169,16155,16169,14
trotting,16183,16169,16183,14
left_turning,16257,16183,16257,74
rearing,16369,16257,16369,112
rising,16393,16369,16393,24
rearing,16394,16393,16394,1
grooming,16395,16394,16395,1
sniffing,16431,16395,16431,36
walking,16493,16431,16493,62
rising,16547,16493,16547,54
sniffing,16548,16547,16548,1
left_turning,16602,16548,16602,54
rising,16681,16602,16681,79
rearing,16682,16681,16682,1
sniffing,16697,16682,16697,15
rising,16748,16697,16748,51
sniffing,16787,16748,16787,39
walking,16827,16787,16827,40
climbing,16879,16827,16879,52
right_turning,16900,16879,16900,21
walking,16953,16900,16953,53
sniffing,17063,16953,17063,110
walking,17105,17063,17105,42
sniffing,17106,17105,17106,1
walking,17126,17106,17126,20
sniffing,17171,17126,17171,45
left_turning,17223,17171,17223,52
sniffing,17276,17223,17276,53
walking,17352,17276,17352,76
rising,17353,17352,17353,1
sniffing,17399,17353,17399,46
rising,17468,17399,17468,69
right_turning,17508,17468,17508,40
sniffing,17557,17508,17557,49
walking,17560,17557,17560,3
sniffing,17600,17560,17600,40
rearing,17627,17600,17627,27
climbing,17638,17627,17638,11
walking,17735,17638,17735,97
sniffing,17779,17735,17779,44
rising,17909,17779,17909,130
left_turning,17921,17909,17921,12
running,17957,17921,17957,36
sniffing,17981,17957,17981,24
walking,18009,17981,18009,28
sniffing,18022,18009,18022,13
climbing,18059,18022,18059,37
walking,18067,18059,18067,8
sniffing,18113,18067,18113,46
stepping,18140,18113,18140,27
walking,18172,18140,18172,32
rising,18173,18172,18173,1
rearing,18176,18173,18176,3
rising,18251,18176,18251,75
climbing,18259,18251,18259,8
walking,18293,18259,18293,34
sniffing,18328,18293,18328,35
climbing,18352,18328,18352,24
rising,18381,18352,18381,29
climbing,18412,18381,18412,31
rising,18435,18412,18435,23
climbing,18436,18435,18436,1
left_turning,18450,18436,18450,14
sniffing,18490,18450,18490,40
walking,18520,18490,18520,30
trotting,18521,18520,18521,1
sniffing,18538,18521,18538,17
climbing,18599,18538,18599,61
rising,18600,18599,18600,1
rearing,18625,18600,18625,25
grooming,18802,18625,18802,177
left_turning,18855,18802,18855,53
walking,18888,18855,18888,33
stepping,18889,18888,18889,1
walking,18913,18889,18913,24
climbing,18968,18913,18968,55
hunching,18969,18968,18969,1
rising,19012,18969,19012,43
sniffing,19101,19012,19101,89
rising,19169,19101,19169,68
sniffing,19287,19169,19287,118
climbing,19304,19287,19304,17
walking,19332,19304,19332,28
left_turning,19358,19332,19358,26
stepping,19402,19358,19402,44
hunching,19443,19402,19443,41
climbing,19489,19443,19489,46
sniffing,19515,19489,19515,26
walking,19574,19515,19574,59
trotting,19614,19574,19614,40
sniffing,19615,19614,19615,1
climbing,19697,19615,19697,82
rearing,19752,19697,19752,55
hunching,19822,19752,19822,70
climbing,19858,19822,19858,36
running,19884,19858,19884,26
walking,19889,19884,19889,5
stepping,19909,19889,19909,20
trotting,19914,19909,19914,5
grooming,19915,19914,19915,1
climbing,19916,19915,19916,1
trotting,19926,19916,19926,10
sniffing,19927,19926,19927,1
climbing,19979,19927,19979,52
rearing,20051,19979,20051,72
grooming,20053,20051,20053,2
right_turning,20067,20053,20067,14
walking,20115,20067,20115,48
trotting,20141,20115,20141,26
left_turning,20164,20141,20164,23
sniffing,20194,20164,20194,30
climbing,20234,20194,20234,40
sniffing,20235,20234,20235,1
left_turning,20243,20235,20243,8
rising,20244,20243,20244,1
climbing,20354,20244,20354,110
sniffing,20399,20354,20399,45
climbing,20452,20399,20452,53
rising,20522,20452,20522,70
climbing,20567,20522,20567,45
right_turning,20599,20567,20599,32
walking,20611,20599,20611,12
rising,20643,20611,20643,32
sniffing,20719,20643,20719,76
climbing,20797,20719,20797,78
sniffing,20798,20797,20798,1
walking,20811,20798,20811,13
sniffing,20812,20811,20812,1
left_turning,20853,20812,20853,41
rising,20854,20853,20854,1
climbing,20905,20854,20905,51
walking,20940,20905,20940,35
sniffing,20959,20940,20959,19
climbing,21028,20959,21028,69
rising,21049,21028,21049,21
climbing,21089,21049,21089,40
hunching,21201,21089,21201,112
rearing,21202,21201,21202,1
walking,21251,21202,21251,49
left_turning,21252,21251,21252,1
sniffing,21288,21252,21288,36
rearing,21289,21288,21289,1
rising,21290,21289,21290,1
climbing,21349,21290,21349,59
rising,21350,21349,21350,1
walking,21436,21350,21436,86
sniffing,21542,21436,21542,106
climbing,21599,21542,21599,57
sniffing,21716,21599,21716,117
right_turning,21728,21716,21728,12
walking,21732,21728,21732,4
sniffing,21733,21732,21733,1
left_turning,21770,21733,21770,37
trotting,21787,21770,21787,17
walking,21805,21787,21805,18
climbing,21860,21805,21860,55
walking,21871,21860,21871,11
stepping,21927,21871,21927,56
rising,21928,21927,21928,1
sniffing,21929,21928,21929,1
left_turning,21997,21929,21997,68
walking,22040,21997,22040,43
climbing,22105,22040,22105,65
left_turning,22112,22105,22112,7
sniffing,22115,22112,22115,3
stepping,22168,22115,22168,53
walking,22177,22168,22177,9
climbing,22238,22177,22238,61
right_turning,22261,22238,22261,23
running,22307,22261,22307,46
walking,22346,22307,22346,39
rising,22347,22346,22347,1
sniffing,22429,22347,22429,82
climbing,22466,22429,22466,37
left_turning,22467,22466,22467,1
sniffing,22544,22467,22544,77
rising,22592,22544,22592,48
climbing,22662,22592,22662,70
walking,22665,22662,22665,3
sniffing,22666,22665,22666,1
right_turning,22690,22666,22690,24
running,22722,22690,22722,32
rising,22754,22722,22754,32
rearing,22901,22754,22901,147
sniffing,22942,22901,22942,41
walking,23028,22942,23028,86
climbing,23062,23028,23062,34
sniffing,23116,23062,23116,54
walking,23150,23116,23150,34
sniffing,23215,23150,23215,65
walking,23253,23215,23253,38
sniffing,23290,23253,23290,37
climbing,23367,23290,23367,77
hunching,23368,23367,23368,1
sniffing,23413,23368,23413,45
right_turning,23443,23413,23443,30
rising,23444,23443,23444,1
sniffing,23533,23444,23533,89
stepping,23628,23533,23628,95
sniffing,23743,23628,23743,115
right_turning,23789,23743,23789,46
trotting,23816,23789,23816,27
sniffing,23865,23816,23865,49
rising,23880,23865,23880,15
sniffing,23921,23880,23921,41
walking,23922,23921,23922,1
climbing,24019,23922,24019,97
hunching,24115,24019,24115,96
rising,24117,24115,24117,2
sniffing,24144,24117,24144,27
rising,24180,24144,24180,36
climbing,24225,24180,24225,45
rising,24262,24225,24262,37
right_turning,24264,24262,24264,2
walking,24285,24264,24285,21
stepping,24286,24285,24286,1
walking,24330,24286,24330,44
sniffing,24389,24330,24389,59
walking,24402,24389,24402,13
climbing,24403,24402,24403,1
sniffing,24404,24403,24404,1
rising,24510,24404,24510,106
sniffing,24539,24510,24539,29
hunching,24684,24539,24684,145
climbing,24719,24684,24719,35
sniffing,24851,24719,24851,132
walking,24874,24851,24874,23
climbing,24914,24874,24914,40
sniffing,24942,24914,24942,28
climbing,24978,24942,24978,36
sniffing,25007,24978,25007,29
climbing,25061,25007,25061,54
walking,25101,25061,25101,40
sniffing,25117,25101,25117,16
rising,25118,25117,25118,1
sniffing,25250,25118,25250,132
climbing,25263,25250,25263,13
sniffing,25293,25263,25293,30
stepping,25363,25293,25363,70
sniffing,25406,25363,25406,43
climbing,25437,25406,25437,31
trotting,25438,25437,25438,1
sniffing,25491,25438,25491,53
rising,25575,25491,25575,84
sniffing,25596,25575,25596,21
rising,25606,25596,25606,10
sniffing,25618,25606,25618,12
climbing,25667,25618,25667,49
rearing,25770,25667,25770,103
sniffing,25799,25770,25799,29
rising,25823,25799,25823,24
climbing,25869,25823,25869,46
rearing,25882,25869,25882,13
sniffing,25956,25882,25956,74
trotting,25957,25956,25957,1
right_turning,25968,25957,25968,11
trotting,25997,25968,25997,29
stepping,26069,25997,26069,72
trotting,26119,26069,26119,50
sniffing,26120,26119,26120,1
rising,26141,26120,26141,21
climbing,26142,26141,26142,1
sniffing,26149,26142,26149,7
rising,26150,26149,26150,1
sniffing,26161,26150,26161,11
rising,26196,26161,26196,35
walking,26235,26196,26235,39
climbing,26243,26235,26243,8
sniffing,26324,26243,26324,81
rearing,26325,26324,26325,1
sniffing,26359,26325,26359,34
grooming,26581,26359,26581,222
walking,26606,26581,26606,25
stepping,26686,26606,26686,80
right_turning,26702,26686,26702,16
walking,26705,26702,26705,3
sniffing,26753,26705,26753,48
rising,26754,26753,26754,1
sniffing,26852,26754,26852,98
right_turning,26853,26852,26853,1
walking,26899,26853,26899,46
rising,26939,26899,26939,40
climbing,26988,26939,26988,49
sniffing,27027,26988,27027,39
rising,27058,27027,27058,31
walking,27059,27058,27059,1
sniffing,27075,27059,27075,16
walking,27081,27075,27081,6
rising,27094,27081,27094,13
stepping,27133,27094,27133,39
rising,27153,27133,27153,20
trotting,27181,27153,27181,28
left_turning,27208,27181,27208,27
sniffing,27275,27208,27275,67
left_turning,27337,27275,27337,62
trotting,27374,27337,27374,37
rising,27375,27374,27375,1
climbing,27442,27375,27442,67
left_turning,27454,27442,27454,12
sniffing,27652,27454,27652,198
trotting,27653,27652,27653,1
sniffing,27737,27653,27737,84
walking,27760,27737,27760,23
right_turning,27784,27760,27784,24
climbing,27826,27784,27826,42
walking,27874,27826,27874,48
sniffing,27875,27874,27875,1
walking,27880,27875,27880,5
rising,27900,27880,27900,20
climbing,27903,27900,27903,3
rising,27907,27903,27907,4
climbing,27939,27907,27939,32
hunching,27940,27939,27940,1
sniffing,27960,27940,27960,20
right_turning,28009,27960,28009,49
walking,28046,28009,28046,37
rising,28064,28046,28064,18
climbing,28093,28064,28093,29
walking,28105,28093,28105,12
sniffing,28106,28105,28106,1
walking,28138,28106,28138,32
right_turning,28180,28138,28180,42
walking,28223,28180,28223,43
stepping,28270,28223,28270,47
rising,28271,28270,28271,1
walking,28310,28271,28310,39
sniffing,28382,28310,28382,72
right_turning,28390,28382,28390,8
walking,28402,28390,28402,12
left_turning,28415,28402,28415,13
rising,28480,28415,28480,65
climbing,28543,28480,28543,63
walking,28555,28543,28555,12
sniffing,28575,28555,28575,20
walking,28580,28575,28580,5
rising,28627,28580,28627,47
left_turning,28634,28627,28634,7
trotting,28651,28634,28651,17
running,28659,28651,28659,8
walking,28669,28659,28669,10
trotting,28704,28669,28704,35
sniffing,28818,28704,28818,114
rising,28823,28818,28823,5
sniffing,28836,28823,28836,13
grooming,28837,28836,28837,1
rearing,28878,28837,28878,41
rising,28957,28878,28957,79
climbing,28958,28957,28958,1
walking,28959,28958,28959,1
sniffing,28999,28959,28999,40
rising,29000,28999,29000,1
climbing,29065,29000,29065,65
walking,29077,29065,29077,12
stepping,29078,29077,29078,1
walking,29129,29078,29129,51
sniffing,29186,29129,29186,57
climbing,29241,29186,29241,55
walking,29275,29241,29275,34
running,29282,29275,29282,7
rising,29283,29282,29283,1
climbing,29320,29283,29320,37
stepping,29362,29320,29362,42
right_turning,29388,29362,29388,26
walking,29432,29388,29432,44
sniffing,29452,29432,29452,20
left_turning,29466,29452,29466,14
sniffing,29474,29466,29474,8
right_turning,29508,29474,29508,34
walking,29547,29508,29547,39
sniffing,29548,29547,29548,1
hunching,29620,29548,29620,72
sniffing,29676,29620,29676,56
walking,29712,29676,29712,36
stepping,29732,29712,29732,20
walking,29779,29732,29779,47
sniffing,29842,29779,29842,63
rising,29843,29842,29843,1
walking,29845,29843,29845,2
sniffing,29868,29845,29868,23
walking,29869,29868,29869,1
rearing,29891,29869,29891,22
grooming,29892,29891,29892,1
rising,29934,29892,29934,42
walking,29948,29934,29948,14
sniffing,29977,29948,29977,29
walking,29999,29977,29999,22
sniffing,30053,29999,30053,54
climbing,30085,30053,30085,32
walking,30144,30085,30144,59
sniffing,30145,30144,30145,1
walking,30193,30145,30193,48
sniffing,30272,30193,30272,79
right_turning,30306,30272,30306,34
walking,30314,30306,30314,8
sniffing,30355,30314,30355,41
rising,30554,30355,30554,199
climbing,30586,30554,30586,32
walking,30623,30586,30623,37
sniffing,30655,30623,30655,32
left_turning,30690,30655,30690,35
trotting,30723,30690,30723,33
stepping,30724,30723,30724,1
rising,30725,30724,30725,1
climbing,30802,30725,30802,77
sniffing,30887,30802,30887,85
climbing,30927,30887,30927,40
left_turning,30928,30927,30928,1
sniffing,30944,30928,30944,16
right_turning,30966,30944,30966,22
walking,31003,30966,31003,37
sniffing,31004,31003,31004,1
right_turning,31044,31004,31044,40
sniffing,31060,31044,31060,16
rising,31070,31060,31070,10
trotting,31071,31070,31071,1
rising,31123,31071,31123,52
grooming,31324,31123,31324,201
sniffing,31325,31324,31325,1
rising,31326,31325,31326,1
rearing,31372,31326,31372,46
grooming,31583,31372,31583,211
sniffing,31584,31583,31584,1
stepping,31603,31584,31603,19
sniffing,31677,31603,31677,74
rearing,31714,31677,31714,37
grooming,31715,31714,31715,1
sniffing,31804,31715,31804,89
walking,31818,31804,31818,14
hunching,31839,31818,31839,21
sniffing,31865,31839,31865,26
walking,31880,31865,31880,15
climbing,31937,31880,31937,57
right_turning,31970,31937,31970,33
walking,31971,31970,31971,1
left_turning,32002,31971,32002,31
trotting,32019,32002,32019,17
walking,32053,32019,32053,34
stepping,32072,32053,32072,19
climbing,32094,32072,32094,22
trotting,32108,32094,32108,14
stepping,32149,32108,32149,41
walking,32150,32149,32150,1
rearing,32151,32150,32151,1
rising,32152,32151,32152,1
climbing,32180,32152,32180,28
rising,32252,32180,32252,72
left_turning,32281,32252,32281,29
walking,32307,32281,32307,26
right_turning,32325,32307,32325,18
stepping,32386,32325,32386,61
walking,32419,32386,32419,33
sniffing,32514,32419,32514,95
walking,32541,32514,32541,27
left_turning,32542,32541,32542,1
walking,32553,32542,32553,11
rearing,32665,32553,32665,112
walking,32681,32665,32681,16
left_turning,32690,32681,32690,9
sniffing,32718,32690,32718,28
rising,32741,32718,32741,23
grooming,32830,32741,32830,89
rising,32831,32830,32831,1
walking,32899,32831,32899,68
sniffing,32943,32899,32943,44
right_turning,32960,32943,32960,17
walking,32983,32960,32983,23
right_turning,32996,32983,32996,13
trotting,33018,32996,33018,22
sniffing,33078,33018,33078,60
rising,33150,33078,33150,72
walking,33155,33150,33155,5
left_turning,33178,33155,33178,23
sniffing,33233,33178,33233,55
climbing,33340,33233,33340,107
hunching,33405,33340,33405,65
rising,33444,33405,33444,39
climbing,33491,33444,33491,47
running,33516,33491,33516,25
left_turning,33524,33516,33524,8
rearing,33529,33524,33529,5
left_turning,33562,33529,33562,33
climbing,33582,33562,33582,20
rearing,33612,33582,33612,30
left_turning,33634,33612,33634,22
sniffing,33696,33634,33696,62
rising,33701,33696,33701,5
walking,33737,33701,33737,36
sniffing,33740,33737,33740,3
left_turning,33759,33740,33759,19
sniffing,33801,33759,33801,42
left_turning,33810,33801,33810,9
walking,33826,33810,33826,16
sniffing,33906,33826,33906,80
walking,33907,33906,33907,1
climbing,33931,33907,33931,24
sniffing,33971,33931,33971,40
left_turning,34079,33971,34079,108
walking,34123,34079,34123,44
sniffing,34126,34123,34126,3
climbing,34185,34126,34185,59
rising,34241,34185,34241,56
left_turning,34314,34241,34314,73
walking,34365,34314,34365,51
jumping,34420,34365,34420,55
rearing,34432,34420,34432,12
hunching,34548,34432,34548,116
right_turning,34579,34548,34579,31
trotting,34630,34579,34630,51
running,34644,34630,34644,14
sniffing,34712,34644,34712,68
left_turning,34720,34712,34720,8
rising,34721,34720,34721,1
sniffing,34726,34721,34726,5
walking,34783,34726,34783,57
sniffing,34784,34783,34784,1
right_turning,34798,34784,34798,14
rising,34833,34798,34833,35
climbing,34834,34833,34834,1
rising,34881,34834,34881,47
rearing,34924,34881,34924,43
walking,34927,34924,34927,3
climbing,34958,34927,34958,31
walking,34986,34958,34986,28
sniffing,35069,34986,35069,83
climbing,35098,35069,35098,29
sniffing,35164,35098,35164,66
rising,35272,35164,35272,108
climbing,35295,35272,35295,23
sniffing,35296,35295,35296,1
walking,35360,35296,35360,64
stepping,35438,35360,35438,78
left_turning,35504,35438,35504,66
walking,35519,35504,35519,15
climbing,35538,35519,35538,19
sniffing,35607,35538,35607,69
walking,35621,35607,35621,14
trotting,35646,35621,35646,25
sniffing,35655,35646,35655,9
trotting,35682,35655,35682,27
stepping,35705,35682,35705,23
climbing,35744,35705,35744,39
stepping,35750,35744,35750,6
sniffing,35811,35750,35811,61
rising,35886,35811,35886,75
walking,35930,35886,35930,44
sniffing,36037,35930,36037,107
rising,36079,36037,36079,42
walking,36134,36079,36134,55
stepping,36188,36134,36188,54
rearing,36321,36188,36321,133
rising,36408,36321,36408,87
left_turning,36424,36408,36424,16
sniffing,36425,36424,36425,1
walking,36445,36425,36445,20
climbing,36500,36445,36500,55
rising,36540,36500,36540,40
sniffing,36628,36540,36628,88
walking,36634,36628,36634,6
sniffing,36656,36634,36656,22
climbing,36675,36656,36675,19
walking,36700,36675,36700,25
sniffing,36753,36700,36753,53
trotting,36805,36753,36805,52
stepping,36850,36805,36850,45
sniffing,36928,36850,36928,78
hunching,36929,36928,36929,1
sniffing,36930,36929,36930,1
walking,36931,36930,36931,1
left_turning,36991,36931,36991,60
sniffing,36999,36991,36999,8
rising,37063,36999,37063,64
climbing,37150,37063,37150,87
sniffing,37246,37150,37246,96
rising,37273,37246,37273,27
climbing,37309,37273,37309,36
rearing,37310,37309,37310,1
climbing,37346,37310,37346,36
left_turning,37410,37346,37410,64
walking,37411,37410,37411,1
sniffing,37439,37411,37439,28
left_turning,37469,37439,37469,30
rising,37495,37469,37495,26
sniffing,37496,37495,37496,1
rising,37509,37496,37509,13
sniffing,37548,37509,37548,39
left_turning,37611,37548,37611,63
trotting,37626,37611,37626,15
walking,37637,37626,37637,11
sniffing,37705,37637,37705,68
walking,37723,37705,37723,18
climbing,37753,37723,37753,30
rising,37765,37753,37765,12
sniffing,37805,37765,37805,40
stepping,37829,37805,37829,24
walking,37861,37829,37861,32
rising,37862,37861,37862,1
left_turning,37891,37862,37891,29
stepping,37950,37891,37950,59
climbing,38013,37950,38013,63
rising,38030,38013,38030,17
climbing,38039,38030,38039,9
rising,38093,38039,38093,54
climbing,38154,38093,38154,61
sniffing,38165,38154,38165,11
rearing,38423,38165,38423,258
sniffing,38424,38423,38424,1
left_turning,38479,38424,38479,55
sniffing,38500,38479,38500,21
rising,38521,38500,38521,21
sniffing,38522,38521,38522,1
climbing,38573,38522,38573,51
sniffing,38671,38573,38671,98
rising,38697,38671,38697,26
climbing,38699,38697,38699,2
trotting,38748,38699,38748,49
sniffing,38790,38748,38790,42
walking,38799,38790,38799,9
stepping,38822,38799,38822,23
climbing,38823,38822,38823,1
left_turning,38824,38823,38824,1
sniffing,38846,38824,38846,22
walking,38853,38846,38853,7
stepping,38876,38853,38876,23
climbing,38914,38876,38914,38
right_turning,38915,38914,38915,1
rising,39006,38915,39006,91
sniffing,39065,39006,39065,59
hunching,39075,39065,39075,10
rearing,39113,39075,39113,38
climbing,39146,39113,39146,33
grooming,39147,39146,39147,1
hunching,39148,39147,39148,1
rising,39151,39148,39151,3
sniffing,39164,39151,39164,13
walking,39218,39164,39218,54
stepping,39233,39218,39233,15
walking,39234,39233,39234,1
left_turning,39235,39234,39235,1
rearing,39236,39235,39236,1
climbing,39259,39236,39259,23
running,39288,39259,39288,29
walking,39317,39288,39317,29
sniffing,39411,39317,39411,94
grooming,39412,39411,39412,1
rearing,39413,39412,39413,1
trotting,39463,39413,39463,50
walking,39524,39463,39524,61
sniffing,39733,39524,39733,209
stepping,39756,39733,39756,23
walking,39791,39756,39791,35
stepping,39880,39791,39880,89
rearing,39912,39880,39912,32
sniffing,39913,39912,39913,1
left_turning,39914,39913,39914,1
climbing,39987,39914,39987,73
rising,39988,39987,39988,1
rearing,40047,39988,40047,59
sniffing,40117,40047,40117,70
grooming,40277,40117,40277,160
climbing,40335,40277,40335,58
walking,40336,40335,40336,1
climbing,40409,40336,40409,73
rising,40472,40409,40472,63
climbing,40513,40472,40513,41
rearing,40557,40513,40557,44
rising,40573,40557,40573,16
grooming,40574,40573,40574,1
rearing,40658,40574,40658,84
sniffing,40671,40658,40671,13
walking,40672,40671,40672,1
rising,40673,40672,40673,1
running,40675,40673,40675,2
stepping,40686,40675,40686,11
left_turning,40772,40686,40772,86
rising,40805,40772,40805,33
sniffing,40834,40805,40834,29
hunching,40935,40834,40935,101
walking,40977,40935,40977,42
rising,40978,40977,40978,1
right_turning,40984,40978,40984,6
left_turning,41034,40984,41034,50
sniffing,41041,41034,41041,7
walking,41044,41041,41044,3
rearing,41045,41044,41045,1
sniffing,41069,41045,41069,24
walking,41092,41069,41092,23
left_turning,41159,41092,41159,67
stepping,41173,41159,41173,14
sniffing,41240,41173,41240,67
rising,41284,41240,41284,44
sniffing,41364,41284,41364,80
right_turning,41382,41364,41382,18
rearing,41383,41382,41383,1
grooming,41384,41383,41384,1
rearing,41385,41384,41385,1
left_turning,41405,41385,41405,20
trotting,41432,41405,41432,27
walking,41433,41432,41433,1
climbing,41444,41433,41444,11
walking,41483,41444,41483,39
climbing,41493,41483,41493,10
rearing,41668,41493,41668,175
right_turning,41679,41668,41679,11
walking,41696,41679,41696,17
sniffing,41848,41696,41848,152
rising,41885,41848,41885,37
climbing,41932,41885,41932,47
walking,41989,41932,41989,57
stepping,42017,41989,42017,28
walking,42064,42017,42064,47
sniffing,42094,42064,42094,30
walking,42140,42094,42140,46
left_turning,42146,42140,42146,6
walking,42147,42146,42147,1
rising,42330,42147,42330,183
climbing,42331,42330,42331,1
trotting,42366,42331,42366,35
right_turning,42367,42366,42367,1
trotting,42388,42367,42388,21
walking,42426,42388,42426,38
sniffing,42431,42426,42431,5
stepping,42487,42431,42487,56
walking,42505,42487,42505,18
sniffing,42549,42505,42549,44
climbing,42606,42549,42606,57
rearing,42783,42606,42783,177
rising,42797,42783,42797,14
stepping,42822,42797,42822,25
walking,42844,42822,42844,22
sniffing,42851,42844,42851,7
rising,43019,42851,43019,168
sniffing,43089,43019,43089,70
walking,43163,43089,43163,74
sniffing,43213,43163,43213,50
rising,43234,43213,43234,21
climbing,43239,43234,43239,5
rearing,43255,43239,43255,16
rising,43282,43255,43282,27
climbing,43319,43282,43319,37
left_turning,43359,43319,43359,40
stepping,43372,43359,43372,13
walking,43438,43372,43438,66
sniffing,43439,43438,43439,1
left_turning,43527,43439,43527,88
sniffing,43528,43527,43528,1
left_turning,43532,43528,43532,4
trotting,43579,43532,43579,47
sniffing,43580,43579,43580,1
rising,43620,43580,43620,40
climbing,43638,43620,43638,18
running,43653,43638,43653,15
walking,43684,43653,43684,31
left_turning,43706,43684,43706,22
rising,43728,43706,43728,22
stepping,43742,43728,43742,14
sniffing,43762,43742,43762,20
right_turning,43773,43762,43773,11
stepping,43774,43773,43774,1
sniffing,43835,43774,43835,61
climbing,43852,43835,43852,17
walking,43869,43852,43869,17
climbing,43876,43869,43876,7
hunching,43878,43876,43878,2
climbing,43900,43878,43900,22
trotting,43916,43900,43916,16
walking,43917,43916,43917,1
left_turning,43965,43917,43965,48
rising,43989,43965,43989,24
climbing,44041,43989,44041,52
sniffing,44042,44041,44042,1
right_turning,44044,44042,44044,2
sniffing,44097,44044,44097,53
stepping,44116,44097,44116,19
walking,44117,44116,44117,1
rising,44129,44117,44129,12
rearing,44159,44129,44159,30
sniffing,44163,44159,44163,4
rearing,44219,44163,44219,56
climbing,44271,44219,44271,52
rising,44272,44271,44272,1
climbing,44305,44272,44305,33
walking,44306,44305,44306,1
trotting,44310,44306,44310,4
left_turning,44359,44310,44359,49
sniffing,44363,44359,44363,4
walking,44436,44363,44436,73
climbing,44481,44436,44481,45
sniffing,44578,44481,44578,97
rising,44598,44578,44598,20
sniffing,44607,44598,44607,9
rising,44656,44607,44656,49
trotting,44692,44656,44692,36
rearing,44723,44692,44723,31
rising,44774,44723,44774,51
right_turning,44775,44774,44775,1
walking,44819,44775,44819,44
sniffing,44903,44819,44903,84
rising,44928,44903,44928,25
climbing,44952,44928,44952,24
trotting,44989,44952,44989,37
walking,45024,44989,45024,35
sniffing,45053,45024,45053,29
walking,45055,45053,45055,2
climbing,45093,45055,45093,38
left_turning,45094,45093,45094,1
sniffing,45186,45094,45186,92
rising,45193,45186,45193,7
left_turning,45194,45193,45194,1
walking,45219,45194,45219,25
stepping,45237,45219,45237,18
climbing,45351,45237,45351,114
grooming,45708,45351,45708,357
sniffing,45749,45708,45749,41
trotting,45827,45749,45827,78
rising,45833,45827,45833,6
climbing,45834,45833,45834,1
hunching,45835,45834,45835,1
climbing,45836,45835,45836,1
walking,45864,45836,45864,28
sniffing,45865,45864,45865,1
right_turning,45866,45865,45866,1
left_turning,45869,45866,45869,3
sniffing,45940,45869,45940,71
left_turning,45941,45940,45941,1
sniffing,46145,45941,46145,204
rising,46146,46145,46146,1
climbing,46168,46146,46168,22
walking,46196,46168,46196,28
left_turning,46210,46196,46210,14
walking,46226,46210,46226,16
sniffing,46522,46226,46522,296
left_turning,46523,46522,46523,1
rising,46524,46523,46524,1
climbing,46536,46524,46536,12
left_turning,46578,46536,46578,42
walking,46608,46578,46608,30
sniffing,46627,46608,46627,19
grooming,46640,46627,46640,13
sniffing,46715,46640,46715,75
stepping,46718,46715,46718,3
trotting,46719,46718,46719,1
walking,46720,46719,46720,1
sniffing,46734,46720,46734,14
left_turning,46735,46734,46735,1
sniffing,46807,46735,46807,72
left_turning,46833,46807,46833,26
walking,46859,46833,46859,26
left_turning,46930,46859,46930,71
stepping,46931,46930,46931,1
sniffing,46982,46931,46982,51
right_turning,46986,46982,46986,4
trotting,47041,46986,47041,55
sniffing,47110,47041,47110,69
left_turning,47138,47110,47138,28
sniffing,47211,47138,47211,73
left_turning,47212,47211,47212,1
trotting,47217,47212,47217,5
sniffing,47259,47217,47259,42
rising,47260,47259,47260,1
sniffing,47316,47260,47316,56
climbing,47387,47316,47387,71
right_turning,47388,47387,47388,1
walking,47439,47388,47439,51
sniffing,47472,47439,47472,33
trotting,47473,47472,47473,1
walking,47492,47473,47492,19
rising,47501,47492,47501,9
rearing,47579,47501,47579,78
rising,47600,47579,47600,21
climbing,47671,47600,47671,71
rearing,47777,47671,47777,106
rising,47848,47777,47848,71
climbing,47916,47848,47916,68
trotting,47959,47916,47959,43
walking,48047,47959,48047,88
rising,48116,48047,48116,69
sniffing,48195,48116,48195,79
right_turning,48197,48195,48197,2
trotting,48218,48197,48218,21
walking,48237,48218,48237,19
climbing,48317,48237,48317,80
rearing,48318,48317,48318,1
rising,48335,48318,48335,17
sniffing,48383,48335,48383,48
stepping,48410,48383,48410,27
trotting,48434,48410,48434,24
sniffing,48494,48434,48494,60
climbing,48528,48494,48528,34
rising,48560,48528,48560,32
rearing,48842,48560,48842,282
rising,48858,48842,48858,16
sniffing,48889,48858,48889,31
climbing,48890,48889,48890,1
left_turning,48979,48890,48979,89
walking,49009,48979,49009,30
stepping,49067,49009,49067,58
walking,49103,49067,49103,36
sniffing,49150,49103,49150,47
stepping,49211,49150,49211,61
rising,49227,49211,49227,16
left_turning,49228,49227,49228,1
trotting,49260,49228,49260,32
walking,49282,49260,49282,22
sniffing,49315,49282,49315,33
left_turning,49331,49315,49331,16
walking,49332,49331,49332,1
sniffing,49337,49332,49337,5
right_turning,49363,49337,49363,26
walking,49370,49363,49370,7
sniffing,49454,49370,49454,84
rising,49455,49454,49455,1
left_turning,49506,49455,49506,51
trotting,49517,49506,49517,11
right_turning,49563,49517,49563,46
sniffing,49579,49563,49579,16
walking,49593,49579,49593,14
sniffing,49637,49593,49637,44
trotting,49688,49637,49688,51
running,49689,49688,49689,1
rising,49723,49689,49723,34
climbing,49725,49723,49725,2
rising,49811,49725,49811,86
rearing,49829,49811,49829,18
rising,49830,49829,49830,1
climbing,49894,49830,49894,64
grooming,49895,49894,49895,1
sniffing,49896,49895,49896,1
walking,49950,49896,49950,54
stepping,49975,49950,49975,25
sniffing,50055,49975,50055,80
right_turning,50056,50055,50056,1
trotting,50077,50056,50077,21
rising,50141,50077,50141,64
sniffing,50142,50141,50142,1
rearing,50185,50142,50185,43
grooming,50372,50185,50372,187
rearing,50373,50372,50373,1
grooming,50549,50373,50549,176
rearing,50585,50549,50585,36
grooming,50586,50585,50586,1
sniffing,50587,50586,50587,1
climbing,50626,50587,50626,39
left_turning,50645,50626,50645,19
running,50655,50645,50655,10
sniffing,50685,50655,50685,30
stepping,50717,50685,50717,32
sniffing,50718,50717,50718,1
climbing,50816,50718,50816,98
hunching,50817,50816,50817,1
rising,50818,50817,50818,1
jumping,50911,50818,50911,93
running,50958,50911,50958,47
walking,51000,50958,51000,42
left_turning,51029,51000,51029,29
sniffing,51079,51029,51079,50
walking,51138,51079,51138,59
sniffing,51210,51138,51210,72
left_turning,51310,51210,51310,100
trotting,51322,51310,51322,12
sniffing,51371,51322,51371,49
left_turning,51408,51371,51408,37
stepping,51477,51408,51477,69
climbing,51504,51477,51504,27
running,51526,51504,51526,22
walking,51570,51526,51570,44
sniffing,51676,51570,51676,106
left_turning,51700,51676,51700,24
walking,51747,51700,51747,47
sniffing,51748,51747,51748,1
rising,51794,51748,51794,46
sniffing,51795,51794,51795,1
rearing,51819,51795,51819,24
rising,51820,51819,51820,1
sniffing,51878,51820,51878,58
rising,51945,51878,51945,67
climbing,52019,51945,52019,74
walking,52024,52019,52024,5
trotting,52074,52024,52074,50
walking,52131,52074,52131,57
stepping,52132,52131,52132,1
walking,52173,52132,52173,41
stepping,52223,52173,52223,50
climbing,52224,52223,52224,1
walking,52285,52224,52285,61
sniffing,52313,52285,52313,28
trotting,52332,52313,52332,19
left_turning,52342,52332,52342,10
sniffing,52355,52342,52355,13
grooming,52554,52355,52554,199
left_turning,52622,52554,52622,68
trotting,52623,52622,52623,1
rising,52676,52623,52676,53
sniffing,52746,52676,52746,70
climbing,52835,52746,52835,89
right_turning,52842,52835,52842,7
stepping,52886,52842,52886,44
climbing,52947,52886,52947,61
right_turning,52959,52947,52959,12
sniffing,53135,52959,53135,176
rising,53194,53135,53194,59
climbing,53248,53194,53248,54
walking,53249,53248,53249,1
rising,53267,53249,53267,18
walking,53308,53267,53308,41
sniffing,53331,53308,53331,23
right_turning,53363,53331,53363,32
trotting,53364,53363,53364,1
walking,53422,53364,53422,58
climbing,53452,53422,53452,30
grooming,53453,53452,53453,1
climbing,53503,53453,53503,50
rearing,53569,53503,53569,66
rising,53603,53569,53603,34
climbing,53673,53603,53673,70
rising,53677,53673,53677,4
sniffing,53801,53677,53801,124
trotting,53830,53801,53830,29
sniffing,53952,53830,53952,122
walking,53979,53952,53979,27
stepping,54006,53979,54006,27
trotting,54020,54006,54020,14
walking,54043,54020,54043,23
sniffing,54044,54043,54044,1
grooming,54190,54044,54190,146
rearing,54192,54190,54192,2
left_turning,54301,54192,54301,109
sniffing,54344,54301,54344,43
rising,54371,54344,54371,27
walking,54391,54371,54391,20
hunching,54456,54391,54456,65
grooming,54726,54456,54726,270
rearing,54744,54726,54744,18
rising,54767,54744,54767,23
hunching,54768,54767,54768,1
right_turning,54820,54768,54820,52
walking,54831,54820,54831,11
rearing,54955,54831,54955,124
climbing,55006,54955,55006,51
right_turning,55027,55006,55027,21
walking,55043,55027,55043,16
sniffing,55180,55043,55180,137
stepping,55181,55180,55181,1
left_turning,55182,55181,55182,1
sniffing,55195,55182,55195,13
trotting,55219,55195,55219,24
climbing,55278,55219,55278,59
walking,55311,55278,55311,33
stepping,55312,55311,55312,1
sniffing,55339,55312,55339,27
right_turning,55372,55339,55372,33
sniffing,55491,55372,55491,119
pausing,55492,55491,55492,1
sniffing,55585,55492,55585,93
climbing,55626,55585,55626,41
hunching,55678,55626,55678,52
climbing,55726,55678,55726,48
rising,55771,55726,55771,45
climbing,55777,55771,55777,6
rising,55784,55777,55784,7
climbing,55813,55784,55813,29
hunching,55814,55813,55814,1
grooming,55815,55814,55815,1
rising,55832,55815,55832,17
left_turning,55833,55832,55833,1
walking,55857,55833,55857,24
sniffing,55882,55857,55882,25
stepping,55919,55882,55919,37
walking,55923,55919,55923,4
sniffing,55973,55923,55973,50
walking,55978,55973,55978,5
rearing,56015,55978,56015,37
rising,56089,56015,56089,74
climbing,56147,56089,56147,58
grooming,56187,56147,56187,40
rearing,56258,56187,56258,71
hunching,56320,56258,56320,62
right_turning,56326,56320,56326,6
trotting,56349,56326,56349,23
rising,56350,56349,56350,1
sniffing,56351,56350,56351,1
walking,56410,56351,56410,59
hunching,56476,56410,56476,66
sniffing,56613,56476,56613,137
right_turning,56659,56613,56659,46
rising,56660,56659,56660,1
running,56668,56660,56668,8
stepping,56718,56668,56718,50
walking,56822,56718,56822,104
sniffing,56829,56822,56829,7
rising,56870,56829,56870,41
sniffing,56904,56870,56904,34
climbing,56932,56904,56932,28
sniffing,56964,56932,56964,32
left_turning,57067,56964,57067,103
walking,57095,57067,57095,28
sniffing,57096,57095,57096,1
rising,57113,57096,57113,17
right_turning,57119,57113,57119,6
walking,57138,57119,57138,19
climbing,57202,57138,57202,64
left_turning,57233,57202,57233,31
walking,57264,57233,57264,31
rising,57387,57264,57387,123
climbing,57444,57387,57444,57
rising,57445,57444,57445,1
sniffing,57573,57445,57573,128
left_turning,57574,57573,57574,1
sniffing,57619,57574,57619,45
left_turning,57620,57619,57620,1
sniffing,57649,57620,57649,29
left_turning,57697,57649,57697,48
trotting,57708,57697,57708,11
sniffing,57751,57708,57751,43
trotting,57777,57751,57777,26
climbing,57834,57777,57834,57
hunching,57835,57834,57835,1
climbing,57848,57835,57848,13
rearing,57920,57848,57920,72
climbing,57977,57920,57977,57
walking,58020,57977,58020,43
climbing,58056,58020,58056,36
running,58057,58056,58057,1
walking,58082,58057,58082,25
sniffing,58148,58082,58148,66
walking,58160,58148,58160,12
sniffing,58186,58160,58186,26
rising,58258,58186,58258,72
stepping,58279,58258,58279,21
sniffing,58405,58279,58405,126
left_turning,58406,58405,58406,1
trotting,58436,58406,58436,30
sniffing,58437,58436,58437,1
left_turning,58477,58437,58477,40
sniffing,58518,58477,58518,41
climbing,58589,58518,58589,71
rearing,58702,58589,58702,113
left_turning,58715,58702,58715,13
running,58734,58715,58734,19
left_turning,58736,58734,58736,2
stepping,58826,58736,58826,90
walking,58837,58826,58837,11
sniffing,58845,58837,58845,8
climbing,58881,58845,58881,36
sniffing,59015,58881,59015,134
left_turning,59016,59015,59016,1
walking,59054,59016,59054,38
sniffing,59110,59054,59110,56
walking,59141,59110,59141,31
sniffing,59207,59141,59207,66
stepping,59258,59207,59258,51
walking,59322,59258,59322,64
sniffing,59323,59322,59323,1
rearing,59324,59323,59324,1
left_turning,59388,59324,59388,64
sniffing,59419,59388,59419,31
right_turning,59451,59419,59451,32
climbing,59492,59451,59492,41
walking,59520,59492,59520,28
climbing,59609,59520,59609,89
sniffing,59616,59609,59616,7
right_turning,59635,59616,59635,19
left_turning,59671,59635,59671,36
walking,59764,59671,59764,93
rising,59805,59764,59805,41
walking,59819,59805,59819,14
sniffing,59858,59819,59858,39
rising,59931,59858,59931,73
left_turning,59980,59931,59980,49
sniffing,59994,59980,59994,14
rising,60429,59994,60429,435
rearing,60430,60429,60430,1
rising,60431,60430,60431,1
sniffing,60647,60431,60647,216
climbing,60720,60647,60720,73
grooming,60787,60720,60787,67
rearing,60904,60787,60904,117
sniffing,60923,60904,60923,19
trotting,60926,60923,60926,3
sniffing,60927,60926,60927,1
trotting,60964,60927,60964,37
rising,60965,60964,60965,1
hunching,60974,60965,60974,9
rising,60975,60974,60975,1
left_turning,61035,60975,61035,60
sniffing,61102,61035,61102,67
rearing,61259,61102,61259,157
walking,61277,61259,61277,18
trotting,61313,61277,61313,36
rising,61327,61313,61327,14
rearing,61328,61327,61328,1
walking,61359,61328,61359,31
climbing,61366,61359,61366,7
right_turning,61399,61366,61399,33
walking,61433,61399,61433,34
sniffing,61440,61433,61440,7
walking,61471,61440,61471,31
rising,61512,61471,61512,41
climbing,61563,61512,61563,51
walking,61566,61563,61566,3
sniffing,61573,61566,61573,7
walking,61601,61573,61601,28
sniffing,61636,61601,61636,35
walking,61669,61636,61669,33
sniffing,61733,61669,61733,64
trotting,61734,61733,61734,1
rising,61735,61734,61735,1
grooming,61980,61735,61980,245
hunching,62068,61980,62068,88
walking,62078,62068,62078,10
climbing,62120,62078,62120,42
sniffing,62260,62120,62260,140
rearing,62261,62260,62261,1
rising,62273,62261,62273,12
rearing,62358,62273,62358,85
grooming,62476,62358,62476,118
left_turning,62536,62476,62536,60
sniffing,62584,62536,62584,48
climbing,62654,62584,62654,70
rearing,62774,62654,62774,120
rising,62775,62774,62775,1
climbing,62839,62775,62839,64
hunching,62840,62839,62840,1
rearing,62841,62840,62841,1
grooming,62971,62841,62971,130
sniffing,63088,62971,63088,117
rising,63147,63088,63147,59
climbing,63197,63147,63197,50
running,63198,63197,63198,1
sniffing,63327,63198,63327,129
pausing,63477,63327,63477,150
sniffing,63542,63477,63542,65
rising,63561,63542,63561,19
walking,63608,63561,63608,47
sniffing,63651,63608,63651,43
climbing,63688,63651,63688,37
walking,63724,63688,63724,36
climbing,63725,63724,63725,1
trotting,63726,63725,63726,1
sniffing,63915,63726,63915,189
left_turning,63999,63915,63999,84
climbing,64131,63999,64131,132
walking,64158,64131,64158,27
sniffing,64295,64158,64295,137
rising,64296,64295,64296,1
climbing,64348,64296,64348,52
trotting,64358,64348,64358,10
rising,64383,64358,64383,25
sniffing,64441,64383,64441,58
rearing,64442,64441,64442,1
grooming,64443,64442,64443,1
rearing,64444,64443,64444,1
sniffing,64445,64444,64445,1
walking,64478,64445,64478,33
sniffing,64479,64478,64479,1
left_turning,64553,64479,64553,74
trotting,64575,64553,64575,22
climbing,64635,64575,64635,60
walking,64664,64635,64664,29
stepping,64718,64664,64718,54
rearing,64727,64718,64727,9
walking,64747,64727,64747,20
left_turning,64748,64747,64748,1
walking,64750,64748,64750,2
sniffing,64751,64750,64751,1
climbing,64839,64751,64839,88
rising,64891,64839,64891,52
climbing,64982,64891,64982,91
rising,65059,64982,65059,77
right_turning,65079,65059,65079,20
trotting,65080,65079,65080,1
sniffing,65225,65080,65225,145
rearing,65324,65225,65324,99
climbing,65474,65324,65474,150
hunching,65475,65474,65475,1
grooming,65583,65475,65583,108
climbing,65630,65583,65630,47
right_turning,65685,65630,65685,55
running,65709,65685,65709,24
walking,65734,65709,65734,25
climbing,65767,65734,65767,33
hunching,65840,65767,65840,73
climbing,65889,65840,65889,49
right_turning,65921,65889,65921,32
sniffing,65984,65921,65984,63
pausing,66134,65984,66134,150
sniffing,66197,66134,66197,63
trotting,66221,66197,66221,24
sniffing,66401,66221,66401,180
rising,66467,66401,66467,66
sniffing,66499,66467,66499,32
rising,66500,66499,66500,1
climbing,66566,66500,66566,66
walking,66605,66566,66605,39
sniffing,66778,66605,66778,173
rising,66779,66778,66779,1
climbing,66843,66779,66843,64
walking,66893,66843,66893,50
sniffing,66947,66893,66947,54
left_turning,66976,66947,66976,29
walking,67028,66976,67028,52
climbing,67061,67028,67061,33
trotting,67107,67061,67107,46
climbing,67127,67107,67127,20
sniffing,67172,67127,67172,45
left_turning,67337,67172,67337,165
trotting,67369,67337,67369,32
sniffing,67481,67369,67481,112
left_turning,67492,67481,67492,11
sniffing,67526,67492,67526,34
stepping,67527,67526,67527,1
sniffing,67536,67527,67536,9
walking,67572,67536,67572,36
stepping,67616,67572,67616,44
sniffing,67660,67616,67660,44
grooming,67661,67660,67661,1
climbing,67759,67661,67759,98
walking,67760,67759,67760,1
stepping,67802,67760,67802,42
right_turning,67841,67802,67841,39
walking,67869,67841,67869,28
sniffing,67964,67869,67964,95
walking,67987,67964,67987,23
climbing,68081,67987,68081,94
trotting,68092,68081,68092,11
sniffing,68179,68092,68179,87
climbing,68204,68179,68204,25
trotting,68224,68204,68224,20
sniffing,68276,68224,68276,52
left_turning,68444,68276,68444,168
trotting,68481,68444,68481,37
stepping,68509,68481,68509,28
climbing,68510,68509,68510,1
rearing,68591,68510,68591,81
climbing,68603,68591,68603,12
rearing,68604,68603,68604,1
right_turning,68610,68604,68610,6
trotting,68641,68610,68641,31
stepping,68676,68641,68676,35
left_turning,68699,68676,68699,23
sniffing,68751,68699,68751,52
rearing,68859,68751,68859,108
rising,68875,68859,68875,16
sniffing,68892,68875,68892,17
rising,68922,68892,68922,30
climbing,69012,68922,69012,90
grooming,69370,69012,69370,358
rising,69371,69370,69371,1
sniffing,69391,69371,69391,20
climbing,69433,69391,69433,42
rising,69520,69433,69520,87
sniffing,69571,69520,69571,51
hunching,69725,69571,69725,154
climbing,69740,69725,69740,15
walking,69741,69740,69741,1
climbing,69742,69741,69742,1
right_turning,69754,69742,69754,12
sniffing,69755,69754,69755,1
hunching,69833,69755,69833,78
rising,69848,69833,69848,15
rearing,69849,69848,69849,1
grooming,70285,69849,70285,436
right_turning,70292,70285,70292,7
walking,70318,70292,70318,26
sniffing,70415,70318,70415,97
rising,70431,70415,70431,16
sniffing,70503,70431,70503,72
rising,70542,70503,70542,39
climbing,70630,70542,70630,88
rearing,70682,70630,70682,52
left_turning,70722,70682,70722,40
sniffing,70749,70722,70749,27
walking,70785,70749,70785,36
sniffing,70786,70785,70786,1
grooming,70900,70786,70900,114
sniffing,70913,70900,70913,13
grooming,71203,70913,71203,290
rearing,71287,71203,71287,84
left_turning,71324,71287,71324,37
rising,71375,71324,71375,51
stepping,71386,71375,71386,11
sniffing,71428,71386,71428,42
rising,71451,71428,71451,23
grooming,71644,71451,71644,193
sniffing,71722,71644,71722,78
walking,71859,71722,71859,137
rising,71891,71859,71891,32
sniffing,72038,71891,72038,147
stepping,72067,72038,72067,29
right_turning,72100,72067,72100,33
walking,72101,72100,72101,1
left_turning,72155,72101,72155,54
sniffing,72178,72155,72178,23
left_turning,72179,72178,72179,1
walking,72213,72179,72213,34
sniffing,72234,72213,72234,21
right_turning,72253,72234,72253,19
stepping,72254,72253,72254,1
left_turning,72265,72254,72265,11
rising,72286,72265,72286,21
climbing,72349,72286,72349,63
sniffing,72398,72349,72398,49
rising,72399,72398,72399,1
rearing,72426,72399,72426,27
sniffing,72444,72426,72444,18
walking,72474,72444,72474,30
sniffing,72566,72474,72566,92
walking,72571,72566,72571,5
climbing,72632,72571,72632,61
walking,72648,72632,72648,16
rising,72656,72648,72656,8
climbing,72688,72656,72688,32
sniffing,72747,72688,72747,59
left_turning,72831,72747,72831,84
walking,72857,72831,72857,26
climbing,72900,72857,72900,43
hunching,73015,72900,73015,115
walking,73039,73015,73039,24
sniffing,73112,73039,73112,73
climbing,73171,73112,73171,59
rearing,73350,73171,73350,179
climbing,73424,73350,73424,74
sniffing,73480,73424,73480,56
rising,73487,73480,73487,7
sniffing,73580,73487,73580,93
pausing,73730,73580,73730,150
sniffing,73756,73730,73756,26
trotting,73795,73756,73795,39
sniffing,73838,73795,73838,43
left_turning,73895,73838,73895,57
sniffing,73896,73895,73896,1
grooming,73926,73896,73926,30
left_turning,73979,73926,73979,53
walking,74017,73979,74017,38
climbing,74091,74017,74091,74
rising,74173,74091,74173,82
rearing,74174,74173,74174,1
grooming,74296,74174,74296,122
rearing,74297,74296,74297,1
sniffing,74338,74297,74338,41
pausing,74488,74338,74488,150
sniffing,74529,74488,74529,41
rising,74530,74529,74530,1
climbing,74597,74530,74597,67
trotting,74639,74597,74639,42
walking,74672,74639,74672,33
rising,74688,74672,74688,16
stepping,74742,74688,74742,54
rearing,74770,74742,74770,28
sniffing,74834,74770,74834,64
rising,74889,74834,74889,55
sniffing,74959,74889,74959,70
walking,74967,74959,74967,8
trotting,74995,74967,74995,28
climbing,75022,74995,75022,27
left_turning,75063,75022,75063,41
rearing,75128,75063,75128,65
rising,75217,75128,75217,89
walking,75249,75217,75249,32
left_turning,75368,75249,75368,119
running,75395,75368,75395,27
right_turning,75441,75395,75441,46
sniffing,75442,75441,75442,1
rising,75443,75442,75443,1
sniffing,75496,75443,75496,53
rising,75551,75496,75551,55
walking,75552,75551,75552,1
climbing,75580,75552,75580,28
sniffing,75666,75580,75666,86
hunching,75698,75666,75698,32
rearing,75699,75698,75699,1
climbing,75720,75699,75720,21
rearing,75742,75720,75742,22
trotting,75750,75742,75750,8
sniffing,75865,75750,75865,115
left_turning,75915,75865,75915,50
sniffing,75965,75915,75965,50
left_turning,75992,75965,75992,27
sniffing,76026,75992,76026,34
rising,76065,76026,76065,39
climbing,76086,76065,76086,21
walking,76099,76086,76099,13
sniffing,76142,76099,76142,43
stepping,76147,76142,76147,5
sniffing,76246,76147,76246,99
climbing,76265,76246,76265,19
sniffing,76298,76265,76298,33
rising,76327,76298,76327,29
sniffing,76404,76327,76404,77
trotting,76436,76404,76436,32
walking,76504,76436,76504,68
rising,76550,76504,76550,46
sniffing,76588,76550,76588,38
rising,76655,76588,76655,67
sniffing,76674,76655,76674,19
right_turning,76681,76674,76681,7
walking,76707,76681,76707,26
sniffing,76717,76707,76717,10
trotting,76723,76717,76723,6
sniffing,76814,76723,76814,91
grooming,76893,76814,76893,79
sniffing,76894,76893,76894,1
rising,76917,76894,76917,23
walking,76947,76917,76947,30
trotting,76980,76947,76980,33
rising,77024,76980,77024,44
sniffing,77025,77024,77025,1
left_turning,77051,77025,77051,26
sniffing,77147,77051,77147,96
rearing,77168,77147,77168,21
left_turning,77211,77168,77211,43
walking,77258,77211,77258,47
climbing,77313,77258,77313,55
left_turning,77378,77313,77378,65
sniffing,77432,77378,77432,54
walking,77433,77432,77433,1
rising,77434,77433,77434,1
sniffing,77498,77434,77498,64
trotting,77530,77498,77530,32
sniffing,77572,77530,77572,42
rising,77634,77572,77634,62
sniffing,77866,77634,77866,232
walking,77867,77866,77867,1
sniffing,77971,77867,77971,104
walking,78006,77971,78006,35
sniffing,78007,78006,78007,1
right_turning,78012,78007,78012,5
walking,78053,78012,78053,41
climbing,78153,78053,78153,100
trotting,78161,78153,78161,8
sniffing,78270,78161,78270,109
rising,78271,78270,78271,1
rearing,78272,78271,78272,1
climbing,78336,78272,78336,64
grooming,78380,78336,78380,44
hunching,78520,78380,78520,140
sniffing,78567,78520,78567,47
rising,78576,78567,78576,9
climbing,78631,78576,78631,55
sniffing,78794,78631,78794,163
walking,78812,78794,78812,18
sniffing,78813,78812,78813,1
walking,78832,78813,78832,19
rising,78833,78832,78833,1
sniffing,78864,78833,78864,31
stepping,78910,78864,78910,46
sniffing,78977,78910,78977,67
left_turning,79003,78977,79003,26
sniffing,79105,79003,79105,102
rising,79106,79105,79106,1
climbing,79154,79106,79154,48
right_turning,79155,79154,79155,1
climbing,79225,79155,79225,70
sniffing,79292,79225,79292,67
climbing,79311,79292,79311,19
right_turning,79332,79311,79332,21
walking,79357,79332,79357,25
right_turning,79378,79357,79378,21
walking,79428,79378,79428,50
climbing,79457,79428,79457,29
walking,79462,79457,79462,5
rising,79509,79462,79509,47
sniffing,79510,79509,79510,1
hunching,79556,79510,79556,46
sniffing,79620,79556,79620,64
walking,79632,79620,79632,12
right_turning,79654,79632,79654,22
trotting,79691,79654,79691,37
rising,79731,79691,79731,40
climbing,79773,79731,79773,42
rearing,79808,79773,79808,35
left_turning,79866,79808,79866,58
sniffing,79890,79866,79890,24
walking,79905,79890,79905,15
rising,79940,79905,79940,35
sniffing,80040,79940,80040,100
climbing,80075,80040,80075,35
walking,80096,80075,80096,21
right_turning,80142,80096,80142,46
sniffing,80222,80142,80222,80
walking,80223,80222,80223,1
sniffing,80224,80223,80224,1
walking,80256,80224,80256,32
left_turning,80302,80256,80302,46
walking,80303,80302,80303,1
right_turning,80316,80303,80316,13
trotting,80327,80316,80327,11
stepping,80341,80327,80341,14
sniffing,80411,80341,80411,70
walking,80453,80411,80453,42
climbing,80519,80453,80519,66
grooming,80520,80519,80520,1
sniffing,80538,80520,80538,18
walking,80540,80538,80540,2
climbing,80583,80540,80583,43
sniffing,80818,80583,80818,235
left_turning,80826,80818,80826,8
sniffing,80827,80826,80827,1
rearing,81073,80827,81073,246
grooming,81255,81073,81255,182
hunching,81302,81255,81302,47
right_turning,81356,81302,81356,54
trotting,81361,81356,81361,5
walking,81391,81361,81391,30
sniffing,81473,81391,81473,82
pausing,81677,81473,81677,204
sniffing,81731,81677,81731,54
rising,81732,81731,81732,1
sniffing,81762,81732,81762,30
right_turning,81763,81762,81763,1
walking,81764,81763,81764,1
sniffing,81790,81764,81790,26
rising,81806,81790,81806,16
sniffing,81854,81806,81854,48
left_turning,81913,81854,81913,59
stepping,81922,81913,81922,9
walking,81976,81922,81976,54
sniffing,81980,81976,81980,4
running,81992,81980,81992,12
rising,82030,81992,82030,38
climbing,82031,82030,82031,1
rising,82139,82031,82139,108
sniffing,82140,82139,82140,1
grooming,82280,82140,82280,140
hunching,82415,82280,82415,135
rearing,82416,82415,82416,1
stepping,82422,82416,82422,6
sniffing,82472,82422,82472,50
rising,82473,82472,82473,1
walking,82480,82473,82480,7
sniffing,82539,82480,82539,59
stepping,82542,82539,82542,3
walking,82587,82542,82587,45
left_turning,82647,82587,82647,60
rearing,82648,82647,82648,1
grooming,82696,82648,82696,48
climbing,82754,82696,82754,58
left_turning,82808,82754,82808,54
walking,82832,82808,82832,24
climbing,82864,82832,82864,32
sniffing,82865,82864,82865,1
walking,82870,82865,82870,5
left_turning,82921,82870,82921,51
walking,82959,82921,82959,38
rising,83031,82959,83031,72
sniffing,83084,83031,83084,53
left_turning,83085,83084,83085,1
walking,83133,83085,83133,48
sniffing,83286,83133,83286,153
rising,83322,83286,83322,36
hunching,83323,83322,83323,1
rising,83324,83323,83324,1
climbing,83390,83324,83390,66
rising,83396,83390,83396,6
climbing,83433,83396,83433,37
rearing,83531,83433,83531,98
climbing,83587,83531,83587,56
rearing,83598,83587,83598,11
trotting,83606,83598,83606,8
rising,83607,83606,83607,1
sniffing,83630,83607,83630,23
rising,83669,83630,83669,39
climbing,83709,83669,83709,40
grooming,83710,83709,83710,1
hunching,83907,83710,83907,197
grooming,84156,83907,84156,249
rearing,84189,84156,84189,33
sniffing,84190,84189,84190,1
rising,84214,84190,84214,24
climbing,84288,84214,84288,74
walking,84313,84288,84313,25
sniffing,84341,84313,84341,28
stepping,84353,84341,84353,12
walking,84371,84353,84371,18
rising,84442,84371,84442,71
climbing,84585,84442,84585,143
walking,84632,84585,84632,47
rising,84655,84632,84655,23
climbing,84715,84655,84715,60
sniffing,84716,84715,84716,1
rising,84720,84716,84720,4
climbing,84826,84720,84826,106
rearing,84957,84826,84957,131
grooming,85166,84957,85166,209
rising,85173,85166,85173,7
sniffing,85174,85173,85174,1
grooming,85505,85174,85505,331
hunching,85590,85505,85590,85
sniffing,85703,85590,85703,113
climbing,85765,85703,85765,62
walking,85785,85765,85785,20
sniffing,85786,85785,85786,1
rising,85871,85786,85871,85
rearing,85872,85871,85872,1
grooming,85873,85872,85873,1
rearing,85932,85873,85932,59
hunching,86086,85932,86086,154
right_turning,86110,86086,86110,24
climbing,86164,86110,86164,54
grooming,86283,86164,86283,119
climbing,86353,86283,86353,70
rising,86381,86353,86381,28
grooming,86382,86381,86382,1
sniffing,86442,86382,86442,60
pausing,86491,86442,86491,49
sniffing,86516,86491,86516,25
rearing,86517,86516,86517,1
climbing,86548,86517,86548,31
right_turning,86583,86548,86583,35
running,86611,86583,86611,28
left_turning,86629,86611,86629,18
walking,86654,86629,86654,25
sniffing,86723,86654,86723,69
walking,86762,86723,86762,39
rising,86828,86762,86828,66
climbing,86837,86828,86837,9
sniffing,86859,86837,86859,22
walking,86884,86859,86884,25
sniffing,86885,86884,86885,1
climbing,86914,86885,86914,29
rearing,86931,86914,86931,17
grooming,87182,86931,87182,251
rearing,87218,87182,87218,36
sniffing,87292,87218,87292,74
walking,87293,87292,87293,1
running,87311,87293,87311,18
sniffing,87333,87311,87333,22
rising,87336,87333,87336,3
rearing,87391,87336,87391,55
climbing,87393,87391,87393,2
left_turning,87403,87393,87403,10
running,87430,87403,87430,27
left_turning,87450,87430,87450,20
sniffing,87549,87450,87549,99
hunching,87587,87549,87587,38
sniffing,87593,87587,87593,6
walking,87655,87593,87655,62
climbing,87656,87655,87656,1
rising,87732,87656,87732,76
climbing,87773,87732,87773,41
rising,87856,87773,87856,83
left_turning,87857,87856,87857,1
sniffing,87858,87857,87858,1
grooming,87986,87858,87986,128
rearing,88099,87986,88099,113
sniffing,88119,88099,88119,20
grooming,88378,88119,88378,259
left_turning,88425,88378,88425,47
rising,88451,88425,88451,26
sniffing,88508,88451,88508,57
left_turning,88557,88508,88557,49
sniffing,88571,88557,88571,14
trotting,88616,88571,88616,45
sniffing,88773,88616,88773,157
rising,88809,88773,88809,36
climbing,88835,88809,88835,26
rearing,88836,88835,88836,1
climbing,88902,88836,88902,66
right_turning,88908,88902,88908,6
trotting,88926,88908,88926,18
sniffing,89218,88926,89218,292
rising,89267,89218,89267,49
trotting,89274,89267,89274,7
sniffing,89312,89274,89312,38
left_turning,89313,89312,89313,1
walking,89360,89313,89360,47
sniffing,89424,89360,89424,64
right_turning,89449,89424,89449,25
sniffing,89515,89449,89515,66
walking,89582,89515,89582,67
sniffing,89650,89582,89650,68
left_turning,89651,89650,89651,1
walking,89662,89651,89662,11
sniffing,89707,89662,89707,45
walking,89727,89707,89727,20
stepping,89729,89727,89729,2
rearing,89801,89729,89801,72
sniffing,89802,89801,89802,1
walking,89838,89802,89838,36
sniffing,90041,89838,90041,203
rising,90062,90041,90062,21
sniffing,90063,90062,90063,1
climbing,90110,90063,90110,47
hunching,90207,90110,90207,97
rising,90218,90207,90218,11
climbing,90263,90218,90263,45
walking,90301,90263,90301,38
rising,90337,90301,90337,36
climbing,90363,90337,90363,26
running,90388,90363,90388,25
walking,90470,90388,90470,82
sniffing,90471,90470,90471,1
left_turning,90492,90471,90492,21
rising,90513,90492,90513,21
left_turning,90579,90513,90579,66
sniffing,90642,90579,90642,63
grooming,90811,90642,90811,169
sniffing,90812,90811,90812,1
hunching,90871,90812,90871,59
grooming,90872,90871,90872,1
left_turning,90930,90872,90930,58
stepping,90944,90930,90944,14
hunching,90945,90944,90945,1
climbing,90947,90945,90947,2
trotting,90969,90947,90969,22
rising,90992,90969,90992,23
climbing,90995,90992,90995,3
rearing,91051,90995,91051,56
sniffing,91062,91051,91062,11
walking,91063,91062,91063,1
climbing,91090,91063,91090,27
walking,91110,91090,91110,20
rising,91111,91110,91111,1
climbing,91112,91111,91112,1
right_turning,91119,91112,91119,7
walking,91175,91119,91175,56
trotting,91180,91175,91180,5
left_turning,91181,91180,91181,1
running,91187,91181,91187,6
sniffing,91218,91187,91218,31
rising,91219,91218,91219,1
climbing,91243,91219,91243,24
left_turning,91255,91243,91255,12
trotting,91275,91255,91275,20
left_turning,91276,91275,91276,1
sniffing,91281,91276,91281,5
climbing,91318,91281,91318,37
sniffing,91319,91318,91319,1
left_turning,91387,91319,91387,68
sniffing,91449,91387,91449,62
climbing,91491,91449,91491,42
hunching,91564,91491,91564,73
rearing,91565,91564,91565,1
grooming,91828,91565,91828,263
sniffing,91829,91828,91829,1
right_turning,91830,91829,91830,1
walking,91855,91830,91855,25
rising,91860,91855,91860,5
climbing,91862,91860,91862,2
sniffing,91863,91862,91863,1
left_turning,91880,91863,91880,17
running,91925,91880,91925,45
walking,91988,91925,91988,63
left_turning,92181,91988,92181,193
running,92193,92181,92193,12
walking,92249,92193,92249,56
stepping,92265,92249,92265,16
walking,92370,92265,92370,105
sniffing,92405,92370,92405,35
rising,92450,92405,92450,45
stepping,92483,92450,92483,33
walking,92526,92483,92526,43
climbing,92537,92526,92537,11
sniffing,92617,92537,92617,80
left_turning,92625,92617,92625,8
stepping,92626,92625,92626,1
walking,92670,92626,92670,44
left_turning,92699,92670,92699,29
sniffing,92727,92699,92727,28
left_turning,92751,92727,92751,24
sniffing,92822,92751,92822,71
rising,92847,92822,92847,25
right_turning,92848,92847,92848,1
trotting,92893,92848,92893,45
sniffing,92964,92893,92964,71
rising,93013,92964,93013,49
climbing,93018,93013,93018,5
rearing,93019,93018,93019,1
sniffing,93031,93019,93031,12
rising,93032,93031,93032,1
climbing,93063,93032,93063,31
right_turning,93096,93063,93096,33
walking,93154,93096,93154,58
sniffing,93180,93154,93180,26
rising,93258,93180,93258,78
walking,93280,93258,93280,22
sniffing,93281,93280,93281,1
walking,93299,93281,93299,18
stepping,93300,93299,93300,1
sniffing,93368,93300,93368,68
right_turning,93371,93368,93371,3
running,93386,93371,93386,15
walking,93400,93386,93400,14
stepping,93401,93400,93401,1
sniffing,93407,93401,93407,6
left_turning,93489,93407,93489,82
rising,93512,93489,93512,23
walking,93553,93512,93553,41
sniffing,93642,93553,93642,89
hunching,93645,93642,93645,3
left_turning,93657,93645,93657,12
walking,93670,93657,93670,13
rising,93671,93670,93671,1
sniffing,93703,93671,93703,32
left_turning,93721,93703,93721,18
sniffing,93722,93721,93722,1
left_turning,93723,93722,93723,1
walking,93746,93723,93746,23
left_turning,93827,93746,93827,81
trotting,93839,93827,93839,12
rising,93840,93839,93840,1
stepping,93846,93840,93846,6
rising,93847,93846,93847,1
rearing,93878,93847,93878,31
sniffing,93951,93878,93951,73
walking,93982,93951,93982,31
sniffing,94086,93982,94086,104
rising,94122,94086,94122,36
sniffing,94123,94122,94123,1
left_turning,94243,94123,94243,120
walking,94246,94243,94246,3
sniffing,94336,94246,94336,90
walking,94337,94336,94337,1
rising,94338,94337,94338,1
walking,94388,94338,94388,50
sniffing,94389,94388,94389,1
pausing,94861,94389,94861,472
sniffing,94924,94861,94924,63
rising,94953,94924,94953,29
sniffing,95004,94953,95004,51
left_turning,95023,95004,95023,19
sniffing,95137,95023,95137,114
rising,95138,95137,95138,1
rearing,95163,95138,95163,25
rising,95220,95163,95220,57
rearing,95221,95220,95221,1
left_turning,95222,95221,95222,1
sniffing,95223,95222,95223,1
rising,95262,95223,95262,39
sniffing,95365,95262,95365,103
climbing,95461,95365,95461,96
sniffing,95610,95461,95610,149
rising,95646,95610,95646,36
rearing,95693,95646,95693,47
rising,95719,95693,95719,26
climbing,95750,95719,95750,31
hunching,95801,95750,95801,51
grooming,96185,95801,96185,384
climbing,96270,96185,96270,85
rearing,96333,96270,96333,63
climbing,96374,96333,96374,41
sniffing,96471,96374,96471,97
rising,96475,96471,96475,4
trotting,96481,96475,96481,6
sniffing,96520,96481,96520,39
walking,96542,96520,96542,22
climbing,96568,96542,96568,26
sniffing,96569,96568,96569,1
left_turning,96668,96569,96668,99
sniffing,96722,96668,96722,54
hunching,96723,96722,96723,1
rising,96764,96723,96764,41
climbing,96794,96764,96794,30
walking,96819,96794,96819,25
rising,96833,96819,96833,14
running,96850,96833,96850,17
rearing,96921,96850,96921,71
rising,96942,96921,96942,21
sniffing,97057,96942,97057,115
walking,97115,97057,97115,58
rising,97174,97115,97174,59
left_turning,97175,97174,97175,1
sniffing,97177,97175,97177,2
walking,97199,97177,97199,22
climbing,97220,97199,97220,21
rising,97244,97220,97244,24
climbing,97261,97244,97261,17
rising,97364,97261,97364,103
sniffing,97373,97364,97373,9
grooming,97570,97373,97570,197
climbing,97598,97570,97598,28
sniffing,97683,97598,97683,85
climbing,97714,97683,97714,31
right_turning,97715,97714,97715,1
walking,97738,97715,97738,23
sniffing,97758,97738,97758,20
walking,97759,97758,97759,1
sniffing,97763,97759,97763,4
right_turning,97797,97763,97797,34
left_turning,97853,97797,97853,56
rearing,97909,97853,97909,56
grooming,98347,97909,98347,438
rearing,98348,98347,98348,1
rising,98375,98348,98375,27
left_turning,98377,98375,98377,2
trotting,98426,98377,98426,49
sniffing,98460,98426,98460,34
walking,98515,98460,98515,55
sniffing,98641,98515,98641,126
rearing,98698,98641,98698,57
hunching,98732,98698,98732,34
rising,98768,98732,98768,36
sniffing,98842,98768,98842,74
rising,98853,98842,98853,11
hunching,99042,98853,99042,189
climbing,99131,99042,99131,89
rearing,99132,99131,99132,1
sniffing,99133,99132,99133,1
rising,99220,99133,99220,87
trotting,99257,99220,99257,37
sniffing,99303,99257,99303,46
hunching,99304,99303,99304,1
rearing,99390,99304,99390,86
climbing,99391,99390,99391,1
rising,99403,99391,99403,12
sniffing,99476,99403,99476,73
grooming,99530,99476,99530,54
right_turning,99539,99530,99539,9
walking,99594,99539,99594,55
rearing,99624,99594,99624,30
sniffing,99650,99624,99650,26
walking,99685,99650,99685,35
sniffing,99781,99685,99781,96
rising,99798,99781,99798,17
rearing,99848,99798,99848,50
stepping,99878,99848,99878,30
sniffing,99882,99878,99882,4
stepping,99898,99882,99898,16
climbing,99957,99898,99957,59
rising,99958,99957,99958,1
stepping,99965,99958,99965,7
walking,100078,99965,100078,113
sniffing,100092,100078,100092,14
rising,100097,100092,100097,5
sniffing,100098,100097,100098,1
rising,100146,100098,100146,48
climbing,100147,100146,100147,1
rising,100197,100147,100197,50
trotting,100205,100197,100205,8
rising,100206,100205,100206,1
sniffing,100250,100206,100250,44
left_turning,100269,100250,100269,19
sniffing,100325,100269,100325,56
walking,100342,100325,100342,17
left_turning,100370,100342,100370,28
sniffing,100426,100370,100426,56
rearing,100500,100426,100500,74
rising,100512,100500,100512,12
sniffing,100650,100512,100650,138
left_turning,100682,100650,100682,32
climbing,100713,100682,100713,31
rearing,100752,100713,100752,39
walking,100779,100752,100779,27
left_turning,100825,100779,100825,46
sniffing,100916,100825,100916,91
climbing,100982,100916,100982,66
grooming,101127,100982,101127,145
sniffing,101165,101127,101165,38
rising,101234,101165,101234,69
sniffing,101269,101234,101269,35
right_turning,101291,101269,101291,22
running,101324,101291,101324,33
rising,101328,101324,101328,4
climbing,101329,101328,101329,1
grooming,101508,101329,101508,179
sniffing,101509,101508,101509,1
left_turning,101744,101509,101744,235
sniffing,101770,101744,101770,26
walking,101812,101770,101812,42
right_turning,101838,101812,101838,26
climbing,101868,101838,101868,30
grooming,102028,101868,102028,160
rearing,102111,102028,102111,83
grooming,102211,102111,102211,100
climbing,102248,102211,102248,37
hunching,102293,102248,102293,45
rising,102320,102293,102320,27
sniffing,102380,102320,102380,60
rising,102416,102380,102416,36
stepping,102470,102416,102470,54
sniffing,102471,102470,102471,1
climbing,102481,102471,102481,10
grooming,102802,102481,102802,321
climbing,102865,102802,102865,63
stepping,102891,102865,102891,26
right_turning,102899,102891,102899,8
sniffing,102937,102899,102937,38
rising,103001,102937,103001,64
hunching,103108,103001,103108,107
rising,103130,103108,103130,22
left_turning,103171,103130,103171,41
running,103195,103171,103195,24
sniffing,103221,103195,103221,26
left_turning,103226,103221,103226,5
sniffing,103289,103226,103289,63
left_turning,103297,103289,103297,8
walking,103298,103297,103298,1
sniffing,103355,103298,103355,57
walking,103425,103355,103425,70
sniffing,103426,103425,103426,1
climbing,103460,103426,103460,34
rising,103525,103460,103525,65
sniffing,103584,103525,103584,59
left_turning,103620,103584,103620,36
sniffing,103684,103620,103684,64
climbing,103730,103684,103730,46
rearing,103759,103730,103759,29
grooming,103992,103759,103992,233
left_turning,104003,103992,104003,11
sniffing,104086,104003,104086,83
climbing,104087,104086,104087,1
rising,104101,104087,104101,14
sniffing,104139,104101,104139,38
left_turning,104140,104139,104140,1
stepping,104157,104140,104157,17
rising,104193,104157,104193,36
climbing,104248,104193,104248,55
rearing,104284,104248,104284,36
right_turning,104320,104284,104320,36
walking,104343,104320,104343,23
sniffing,104364,104343,104364,21
rising,104365,104364,104365,1
trotting,104391,104365,104391,26
rising,104392,104391,104392,1
hunching,104393,104392,104393,1
climbing,104396,104393,104396,3
pausing,104397,104396,104397,1
sniffing,104398,104397,104398,1
right_turning,104465,104398,104465,67
left_turning,104468,104465,104468,3
sniffing,104493,104468,104493,25
left_turning,104535,104493,104535,42
sniffing,104543,104535,104543,8
walking,104574,104543,104574,31
sniffing,104575,104574,104575,1
rising,104585,104575,104585,10
sniffing,104621,104585,104621,36
right_turning,104633,104621,104633,12
sniffing,104718,104633,104718,85
grooming,104881,104718,104881,163
left_turning,104922,104881,104922,41
running,104934,104922,104934,12
left_turning,104943,104934,104943,9
sniffing,104944,104943,104944,1
left_turning,104945,104944,104945,1
walking,104989,104945,104989,44
left_turning,105028,104989,105028,39
sniffing,105068,105028,105068,40
walking,105249,105068,105249,181
rearing,105434,105249,105434,185
grooming,105435,105434,105435,1
left_turning,105514,105435,105514,79
sniffing,105521,105514,105521,7
trotting,105534,105521,105534,13
sniffing,105568,105534,105568,34
left_turning,105602,105568,105602,34
sniffing,105605,105602,105605,3
walking,105633,105605,105633,28
stepping,105645,105633,105645,12
sniffing,105694,105645,105694,49
stepping,105745,105694,105745,51
climbing,105746,105745,105746,1
rising,105747,105746,105747,1
climbing,105787,105747,105787,40
stepping,105788,105787,105788,1
walking,105809,105788,105809,21
climbing,105818,105809,105818,9
hunching,106145,105818,106145,327
rising,106240,106145,106240,95
rearing,106311,106240,106311,71
sniffing,106312,106311,106312,1
rising,106343,106312,106343,31
hunching,106403,106343,106403,60
sniffing,106475,106403,106475,72
grooming,106891,106475,106891,416
climbing,106892,106891,106892,1
sniffing,106970,106892,106970,78
left_turning,107097,106970,107097,127
sniffing,107110,107097,107110,13
rising,107165,107110,107165,55
sniffing,107223,107165,107223,58
walking,107254,107223,107254,31
trotting,107277,107254,107277,23
sniffing,107297,107277,107297,20
rearing,107388,107297,107388,91
sniffing,107479,107388,107479,91
rearing,107494,107479,107494,15
grooming,107495,107494,107495,1
sniffing,107499,107495,107499,4
walking,107563,107499,107563,64
hunching,107564,107563,107564,1
rising,107565,107564,107565,1
climbing,107579,107565,107579,14
rising,107669,107579,107669,90
sniffing,107796,107669,107796,127
rising,107851,107796,107851,55
walking,107897,107851,107897,46
sniffing,107941,107897,107941,44
rising,107966,107941,107966,25
sniffing,108000,107966,108000,34
