revised_movement_label,segBoundary,segBoundary_start,segBoundary_end,length
sniffing,225,0,225,225
climbing,280,225,280,55
left_turning,327,280,327,47
sniffing,376,327,376,49
climbing,388,376,388,12
rising,445,388,445,57
climbing,484,445,484,39
rising,485,484,485,1
stepping,497,485,497,12
sniffing,567,497,567,70
walking,568,567,568,1
left_turning,596,568,596,28
sniffing,604,596,604,8
climbing,703,604,703,99
walking,714,703,714,11
sniffing,868,714,868,154
walking,869,868,869,1
sniffing,902,869,902,33
rising,903,902,903,1
climbing,933,903,933,30
sniffing,1004,933,1004,71
trotting,1026,1004,1026,22
sniffing,1095,1026,1095,69
rising,1127,1095,1127,32
sniffing,1159,1127,1159,32
running,1179,1159,1179,20
rising,1180,1179,1180,1
climbing,1192,1180,1192,12
sniffing,1193,1192,1193,1
left_turning,1214,1193,1214,21
rising,1216,1214,1216,2
walking,1221,1216,1221,5
sniffing,1315,1221,1315,94
walking,1349,1315,1349,34
climbing,1368,1349,1368,19
sniffing,1369,1368,1369,1
left_turning,1403,1369,1403,34
trotting,1437,1403,1437,34
walking,1442,1437,1442,5
right_turning,1464,1442,1464,22
walking,1504,1464,1504,40
sniffing,1514,1504,1514,10
climbing,1545,1514,1545,31
walking,1558,1545,1558,13
sniffing,1559,1558,1559,1
walking,1560,1559,1560,1
sniffing,1588,1560,1588,28
stepping,1613,1588,1613,25
rising,1636,1613,1636,23
sniffing,1669,1636,1669,33
climbing,1735,1669,1735,66
sniffing,1818,1735,1818,83
walking,1892,1818,1892,74
stepping,1893,1892,1893,1
climbing,1940,1893,1940,47
walking,1943,1940,1943,3
climbing,1966,1943,1966,23
trotting,1998,1966,1998,32
walking,2003,1998,2003,5
sniffing,2024,2003,2024,21
climbing,2084,2024,2084,60
sniffing,2085,2084,2085,1
trotting,2129,2085,2129,44
left_turning,2157,2129,2157,28
walking,2262,2157,2262,105
trotting,2306,2262,2306,44
left_turning,2307,2306,2307,1
sniffing,2313,2307,2313,6
stepping,2333,2313,2333,20
sniffing,2403,2333,2403,70
walking,2408,2403,2408,5
climbing,2459,2408,2459,51
walking,2481,2459,2481,22
trotting,2495,2481,2495,14
walking,2570,2495,2570,75
right_turning,2572,2570,2572,2
stepping,2609,2572,2609,37
walking,2646,2609,2646,37
sniffing,2704,2646,2704,58
climbing,2747,2704,2747,43
sniffing,2784,2747,2784,37
pausing,2785,2784,2785,1
sniffing,2866,2785,2866,81
climbing,2886,2866,2886,20
sniffing,2887,2886,2887,1
rising,2962,2887,2962,75
trotting,2978,2962,2978,16
sniffing,3024,2978,3024,46
rising,3112,3024,3112,88
climbing,3141,3112,3141,29
sniffing,3161,3141,3161,20
climbing,3185,3161,3185,24
rising,3186,3185,3186,1
walking,3198,3186,3198,12
running,3208,3198,3208,10
walking,3209,3208,3209,1
rising,3210,3209,3210,1
climbing,3252,3210,3252,42
walking,3337,3252,3337,85
climbing,3372,3337,3372,35
sniffing,3497,3372,3497,125
climbing,3508,3497,3508,11
sniffing,3509,3508,3509,1
stepping,3520,3509,3520,11
sniffing,3521,3520,3521,1
rising,3575,3521,3575,54
sniffing,3646,3575,3646,71
rising,3647,3646,3647,1
grooming,3648,3647,3648,1
sniffing,3703,3648,3703,55
left_turning,3704,3703,3704,1
trotting,3743,3704,3743,39
walking,3833,3743,3833,90
climbing,3861,3833,3861,28
sniffing,3866,3861,3866,5
running,3867,3866,3867,1
walking,3912,3867,3912,45
stepping,3913,3912,3913,1
walking,3931,3913,3931,18
right_turning,3942,3931,3942,11
sniffing,4012,3942,4012,70
right_turning,4030,4012,4030,18
walking,4031,4030,4031,1
sniffing,4085,4031,4085,54
trotting,4117,4085,4117,32
left_turning,4143,4117,4143,26
trotting,4168,4143,4168,25
sniffing,4173,4168,4173,5
right_turning,4211,4173,4211,38
sniffing,4246,4211,4246,35
walking,4271,4246,4271,25
running,4273,4271,4273,2
stepping,4287,4273,4287,14
climbing,4312,4287,4312,25
walking,4369,4312,4369,57
sniffing,4407,4369,4407,38
rearing,4408,4407,4408,1
sniffing,4409,4408,4409,1
climbing,4460,4409,4460,51
right_turning,4489,4460,4489,29
sniffing,4551,4489,4551,62
rearing,4563,4551,4563,12
sniffing,4647,4563,4647,84
rising,4718,4647,4718,71
sniffing,4719,4718,4719,1
climbing,4760,4719,4760,41
trotting,4769,4760,4769,9
walking,4799,4769,4799,30
rearing,4940,4799,4940,141
rising,5010,4940,5010,70
climbing,5040,5010,5040,30
left_turning,5055,5040,5055,15
walking,5106,5055,5106,51
sniffing,5169,5106,5169,63
climbing,5178,5169,5178,9
rising,5221,5178,5221,43
climbing,5252,5221,5252,31
stepping,5265,5252,5265,13
rising,5343,5265,5343,78
walking,5410,5343,5410,67
rising,5454,5410,5454,44
walking,5506,5454,5506,52
left_turning,5507,5506,5507,1
stepping,5547,5507,5547,40
rising,5548,5547,5548,1
right_turning,5552,5548,5552,4
trotting,5584,5552,5584,32
sniffing,5585,5584,5585,1
stepping,5636,5585,5636,51
running,5659,5636,5659,23
walking,5777,5659,5777,118
stepping,5823,5777,5823,46
walking,5871,5823,5871,48
sniffing,5877,5871,5877,6
rising,5960,5877,5960,83
climbing,6013,5960,6013,53
stepping,6049,6013,6049,36
left_turning,6050,6049,6050,1
sniffing,6113,6050,6113,63
climbing,6159,6113,6159,46
sniffing,6160,6159,6160,1
climbing,6207,6160,6207,47
left_turning,6208,6207,6208,1
trotting,6236,6208,6236,28
walking,6241,6236,6241,5
climbing,6279,6241,6279,38
rearing,6417,6279,6417,138
grooming,6418,6417,6418,1
hunching,6419,6418,6419,1
sniffing,6470,6419,6470,51
climbing,6498,6470,6498,28
sniffing,6551,6498,6551,53
trotting,6566,6551,6566,15
walking,6573,6566,6573,7
climbing,6598,6573,6598,25
sniffing,6650,6598,6650,52
right_turning,6651,6650,6651,1
walking,6692,6651,6692,41
sniffing,6693,6692,6693,1
rising,6694,6693,6694,1
sniffing,6695,6694,6695,1
walking,6741,6695,6741,46
stepping,6748,6741,6748,7
walking,6783,6748,6783,35
rising,6823,6783,6823,40
trotting,6832,6823,6832,9
walking,6843,6832,6843,11
sniffing,6908,6843,6908,65
climbing,6958,6908,6958,50
trotting,6973,6958,6973,15
stepping,6999,6973,6999,26
sniffing,7064,6999,7064,65
left_turning,7069,7064,7069,5
walking,7070,7069,7070,1
left_turning,7145,7070,7145,75
running,7159,7145,7159,14
trotting,7166,7159,7166,7
sniffing,7180,7166,7180,14
right_turning,7191,7180,7191,11
sniffing,7229,7191,7229,38
climbing,7281,7229,7281,52
walking,7313,7281,7313,32
sniffing,7324,7313,7324,11
climbing,7353,7324,7353,29
trotting,7383,7353,7383,30
sniffing,7434,7383,7434,51
stepping,7515,7434,7515,81
walking,7585,7515,7585,70
sniffing,7679,7585,7679,94
right_turning,7689,7679,7689,10
sniffing,7690,7689,7690,1
rising,7775,7690,7775,85
climbing,7821,7775,7821,46
rising,7843,7821,7843,22
stepping,7856,7843,7856,13
sniffing,7857,7856,7857,1
rising,7891,7857,7891,34
grooming,7892,7891,7892,1
sniffing,7893,7892,7893,1
rising,7952,7893,7952,59
walking,8020,7952,8020,68
sniffing,8123,8020,8123,103
grooming,8560,8123,8560,437
walking,8591,8560,8591,31
left_turning,8601,8591,8601,10
sniffing,8717,8601,8717,116
rising,8738,8717,8738,21
stepping,8748,8738,8748,10
climbing,8817,8748,8817,69
left_turning,8873,8817,8873,56
sniffing,8891,8873,8891,18
climbing,8928,8891,8928,37
walking,8948,8928,8948,20
sniffing,8975,8948,8975,27
left_turning,8996,8975,8996,21
sniffing,8997,8996,8997,1
walking,9000,8997,9000,3
sniffing,9052,9000,9052,52
left_turning,9098,9052,9098,46
walking,9154,9098,9154,56
trotting,9197,9154,9197,43
sniffing,9248,9197,9248,51
walking,9249,9248,9249,1
climbing,9275,9249,9275,26
left_turning,9297,9275,9297,22
sniffing,9351,9297,9351,54
hunching,9417,9351,9417,66
rising,9418,9417,9418,1
sniffing,9458,9418,9458,40
walking,9480,9458,9480,22
stepping,9526,9480,9526,46
rising,9551,9526,9551,25
climbing,9573,9551,9573,22
sniffing,9594,9573,9594,21
rising,9612,9594,9612,18
sniffing,9646,9612,9646,34
walking,9670,9646,9670,24
climbing,9729,9670,9729,59
sniffing,9739,9729,9739,10
walking,9761,9739,9761,22
trotting,9789,9761,9789,28
running,9825,9789,9825,36
right_turning,9857,9825,9857,32
walking,9866,9857,9866,9
sniffing,9922,9866,9922,56
rearing,10018,9922,10018,96
grooming,10019,10018,10019,1
left_turning,10034,10019,10034,15
sniffing,10068,10034,10068,34
right_turning,10083,10068,10083,15
sniffing,10207,10083,10207,124
climbing,10245,10207,10245,38
rising,10267,10245,10267,22
left_turning,10276,10267,10276,9
sniffing,10349,10276,10349,73
stepping,10354,10349,10354,5
sniffing,10417,10354,10417,63
left_turning,10466,10417,10466,49
trotting,10502,10466,10502,36
sniffing,10503,10502,10503,1
walking,10564,10503,10564,61
sniffing,10624,10564,10624,60
pausing,10625,10624,10625,1
sniffing,10643,10625,10643,18
trotting,10660,10643,10660,17
sniffing,10664,10660,10664,4
walking,10677,10664,10677,13
running,10697,10677,10697,20
trotting,10726,10697,10726,29
walking,10782,10726,10782,56
sniffing,10882,10782,10882,100
rising,10924,10882,10924,42
sniffing,10996,10924,10996,72
hunching,11019,10996,11019,23
sniffing,11081,11019,11081,62
hunching,11306,11081,11306,225
walking,11318,11306,11318,12
sniffing,11363,11318,11363,45
walking,11393,11363,11393,30
climbing,11422,11393,11422,29
trotting,11469,11422,11469,47
right_turning,11497,11469,11497,28
walking,11502,11497,11502,5
sniffing,11513,11502,11513,11
right_turning,11522,11513,11522,9
walking,11542,11522,11542,20
sniffing,11543,11542,11543,1
climbing,11614,11543,11614,71
rising,11633,11614,11633,19
right_turning,11634,11633,11634,1
rising,11702,11634,11702,68
left_turning,11703,11702,11703,1
running,11752,11703,11752,49
sniffing,11849,11752,11849,97
stepping,11942,11849,11942,93
sniffing,11968,11942,11968,26
walking,11996,11968,11996,28
rising,12006,11996,12006,10
trotting,12033,12006,12033,27
walking,12055,12033,12055,22
rising,12056,12055,12056,1
climbing,12077,12056,12077,21
sniffing,12210,12077,12210,133
left_turning,12211,12210,12211,1
sniffing,12262,12211,12262,51
walking,12332,12262,12332,70
trotting,12333,12332,12333,1
sniffing,12357,12333,12357,24
left_turning,12359,12357,12359,2
sniffing,12464,12359,12464,105
climbing,12494,12464,12494,30
trotting,12525,12494,12525,31
sniffing,12552,12525,12552,27
climbing,12585,12552,12585,33
sniffing,12586,12585,12586,1
rising,12678,12586,12678,92
sniffing,12726,12678,12726,48
climbing,12752,12726,12752,26
sniffing,12753,12752,12753,1
climbing,12895,12753,12895,142
sniffing,12968,12895,12968,73
rising,13080,12968,13080,112
stepping,13097,13080,13097,17
sniffing,13159,13097,13159,62
climbing,13167,13159,13167,8
walking,13243,13167,13243,76
climbing,13328,13243,13328,85
rising,13511,13328,13511,183
sniffing,13566,13511,13566,55
left_turning,13567,13566,13567,1
walking,13605,13567,13605,38
climbing,13664,13605,13664,59
grooming,13665,13664,13665,1
right_turning,13666,13665,13666,1
hunching,13709,13666,13709,43
walking,13724,13709,13724,15
trotting,13763,13724,13763,39
sniffing,13804,13763,13804,41
walking,13822,13804,13822,18
running,13855,13822,13855,33
sniffing,13883,13855,13883,28
walking,13885,13883,13885,2
sniffing,13965,13885,13965,80
left_turning,13966,13965,13966,1
sniffing,14005,13966,14005,39
rising,14087,14005,14087,82
grooming,14140,14087,14140,53
rearing,14318,14140,14318,178
grooming,14583,14318,14583,265
hunching,14626,14583,14626,43
climbing,14648,14626,14648,22
sniffing,14649,14648,14649,1
hunching,14650,14649,14650,1
sniffing,14694,14650,14694,44
rising,14762,14694,14762,68
sniffing,14791,14762,14791,29
left_turning,14822,14791,14822,31
sniffing,14830,14822,14830,8
left_turning,14867,14830,14867,37
running,14879,14867,14879,12
left_turning,14880,14879,14880,1
trotting,14887,14880,14887,7
walking,14911,14887,14911,24
sniffing,14942,14911,14942,31
right_turning,14943,14942,14943,1
running,14944,14943,14944,1
walking,14985,14944,14985,41
sniffing,14996,14985,14996,11
rising,15055,14996,15055,59
sniffing,15075,15055,15075,20
walking,15082,15075,15082,7
climbing,15106,15082,15106,24
sniffing,15128,15106,15128,22
left_turning,15178,15128,15178,50
sniffing,15237,15178,15237,59
hunching,15351,15237,15351,114
rearing,15457,15351,15457,106
sniffing,15512,15457,15512,55
trotting,15517,15512,15517,5
sniffing,15557,15517,15557,40
rearing,15679,15557,15679,122
walking,15691,15679,15691,12
rising,15692,15691,15692,1
sniffing,15743,15692,15743,51
rising,15884,15743,15884,141
sniffing,15924,15884,15924,40
walking,16000,15924,16000,76
left_turning,16013,16000,16013,13
climbing,16058,16013,16058,45
left_turning,16084,16058,16084,26
walking,16117,16084,16117,33
sniffing,16252,16117,16252,135
rising,16417,16252,16417,165
climbing,16476,16417,16476,59
left_turning,16478,16476,16478,2
walking,16531,16478,16531,53
stepping,16584,16531,16584,53
sniffing,16613,16584,16613,29
rearing,16670,16613,16670,57
walking,16671,16670,16671,1
rising,16839,16671,16839,168
climbing,16892,16839,16892,53
sniffing,16965,16892,16965,73
walking,16966,16965,16966,1
sniffing,16998,16966,16998,32
right_turning,17038,16998,17038,40
trotting,17071,17038,17071,33
running,17096,17071,17096,25
walking,17123,17096,17123,27
rising,17124,17123,17124,1
walking,17213,17124,17213,89
trotting,17243,17213,17243,30
walking,17271,17243,17271,28
sniffing,17282,17271,17282,11
hunching,17329,17282,17329,47
rising,17376,17329,17376,47
sniffing,17446,17376,17446,70
left_turning,17469,17446,17469,23
sniffing,17470,17469,17470,1
climbing,17514,17470,17514,44
walking,17558,17514,17558,44
stepping,17563,17558,17563,5
climbing,17604,17563,17604,41
stepping,17622,17604,17622,18
left_turning,17645,17622,17645,23
sniffing,17725,17645,17725,80
rising,17737,17725,17737,12
sniffing,17738,17737,17738,1
running,17775,17738,17775,37
sniffing,17829,17775,17829,54
walking,17830,17829,17830,1
sniffing,17869,17830,17869,39
rising,17870,17869,17870,1
climbing,17893,17870,17893,23
walking,17894,17893,17894,1
rising,17911,17894,17911,17
climbing,17931,17911,17931,20
sniffing,17954,17931,17954,23
right_turning,17955,17954,17955,1
running,17970,17955,17970,15
sniffing,17996,17970,17996,26
climbing,18036,17996,18036,40
running,18070,18036,18070,34
stepping,18071,18070,18071,1
sniffing,18072,18071,18072,1
rising,18073,18072,18073,1
climbing,18165,18073,18165,92
walking,18209,18165,18209,44
sniffing,18240,18209,18240,31
left_turning,18241,18240,18241,1
trotting,18273,18241,18273,32
climbing,18306,18273,18306,33
sniffing,18397,18306,18397,91
rising,18423,18397,18423,26
grooming,18550,18423,18550,127
walking,18633,18550,18633,83
climbing,18655,18633,18655,22
rearing,18689,18655,18689,34
rising,18761,18689,18761,72
climbing,18807,18761,18807,46
hunching,18826,18807,18826,19
climbing,18895,18826,18895,69
rising,18934,18895,18934,39
grooming,19168,18934,19168,234
hunching,19169,19168,19169,1
right_turning,19192,19169,19192,23
trotting,19193,19192,19193,1
sniffing,19259,19193,19259,66
right_turning,19260,19259,19260,1
sniffing,19367,19260,19367,107
walking,19386,19367,19386,19
sniffing,19387,19386,19387,1
rising,19397,19387,19397,10
sniffing,19398,19397,19398,1
walking,19417,19398,19417,19
sniffing,19455,19417,19455,38
climbing,19500,19455,19500,45
walking,19545,19500,19545,45
sniffing,19546,19545,19546,1
climbing,19591,19546,19591,45
stepping,19606,19591,19606,15
sniffing,19654,19606,19654,48
walking,19663,19654,19663,9
sniffing,19677,19663,19677,14
climbing,19678,19677,19678,1
rearing,19724,19678,19724,46
right_turning,19762,19724,19762,38
walking,19797,19762,19797,35
right_turning,19819,19797,19819,22
stepping,19839,19819,19839,20
right_turning,19877,19839,19877,38
climbing,19914,19877,19914,37
hunching,19945,19914,19945,31
rearing,19956,19945,19956,11
climbing,19984,19956,19984,28
left_turning,20016,19984,20016,32
sniffing,20054,20016,20054,38
left_turning,20055,20054,20055,1
trotting,20121,20055,20121,66
stepping,20133,20121,20133,12
left_turning,20152,20133,20152,19
rising,20193,20152,20193,41
rearing,20277,20193,20277,84
rising,20295,20277,20295,18
hunching,20408,20295,20408,113
sniffing,20477,20408,20477,69
walking,20535,20477,20535,58
sniffing,20573,20535,20573,38
left_turning,20599,20573,20599,26
sniffing,20640,20599,20640,41
rearing,20685,20640,20685,45
sniffing,20688,20685,20688,3
rising,20772,20688,20772,84
climbing,20802,20772,20802,30
rising,20803,20802,20803,1
sniffing,20824,20803,20824,21
left_turning,20825,20824,20825,1
trotting,20846,20825,20846,21
walking,20891,20846,20891,45
climbing,20933,20891,20933,42
left_turning,20948,20933,20948,15
walking,20980,20948,20980,32
rising,21010,20980,21010,30
climbing,21053,21010,21053,43
trotting,21089,21053,21089,36
walking,21136,21089,21136,47
sniffing,21159,21136,21159,23
climbing,21225,21159,21225,66
right_turning,21256,21225,21256,31
walking,21266,21256,21266,10
rising,21286,21266,21286,20
sniffing,21475,21286,21475,189
rising,21492,21475,21492,17
sniffing,21604,21492,21604,112
walking,21605,21604,21605,1
sniffing,21643,21605,21643,38
rising,21740,21643,21740,97
climbing,21741,21740,21741,1
rearing,21757,21741,21757,16
rising,21809,21757,21809,52
climbing,21829,21809,21829,20
sniffing,21841,21829,21841,12
rising,21914,21841,21914,73
climbing,21975,21914,21975,61
grooming,22155,21975,22155,180
hunching,22229,22155,22229,74
climbing,22283,22229,22283,54
stepping,22293,22283,22293,10
right_turning,22325,22293,22325,32
running,22368,22325,22368,43
sniffing,22438,22368,22438,70
right_turning,22480,22438,22480,42
sniffing,22527,22480,22527,47
walking,22538,22527,22538,11
left_turning,22543,22538,22543,5
running,22582,22543,22582,39
trotting,22612,22582,22612,30
sniffing,22831,22612,22831,219
walking,22832,22831,22832,1
stepping,22840,22832,22840,8
rising,22879,22840,22879,39
sniffing,22880,22879,22880,1
walking,22881,22880,22881,1
rising,22898,22881,22898,17
sniffing,22950,22898,22950,52
running,22975,22950,22975,25
trotting,22991,22975,22991,16
sniffing,22992,22991,22992,1
left_turning,23046,22992,23046,54
sniffing,23074,23046,23074,28
walking,23108,23074,23108,34
sniffing,23205,23108,23205,97
right_turning,23240,23205,23240,35
walking,23288,23240,23288,48
sniffing,23382,23288,23382,94
left_turning,23419,23382,23419,37
sniffing,23440,23419,23440,21
rising,23442,23440,23442,2
climbing,23465,23442,23465,23
left_turning,23533,23465,23533,68
sniffing,23534,23533,23534,1
stepping,23535,23534,23535,1
hunching,23668,23535,23668,133
rising,23712,23668,23712,44
climbing,23730,23712,23730,18
running,23745,23730,23745,15
rising,23766,23745,23766,21
sniffing,23859,23766,23859,93
left_turning,23860,23859,23860,1
hunching,23922,23860,23922,62
rising,23936,23922,23936,14
climbing,24001,23936,24001,65
right_turning,24021,24001,24021,20
trotting,24045,24021,24045,24
hunching,24114,24045,24114,69
sniffing,24125,24114,24125,11
climbing,24154,24125,24154,29
left_turning,24156,24154,24156,2
sniffing,24207,24156,24207,51
walking,24242,24207,24242,35
sniffing,24243,24242,24243,1
rising,24276,24243,24276,33
sniffing,24360,24276,24360,84
walking,24390,24360,24390,30
sniffing,24467,24390,24467,77
hunching,24612,24467,24612,145
grooming,24613,24612,24613,1
left_turning,24635,24613,24635,22
walking,24685,24635,24685,50
sniffing,24695,24685,24695,10
walking,24734,24695,24734,39
left_turning,24809,24734,24809,75
stepping,24841,24809,24841,32
walking,24842,24841,24842,1
climbing,24888,24842,24888,46
rising,24943,24888,24943,55
climbing,24999,24943,24999,56
sniffing,25073,24999,25073,74
right_turning,25074,25073,25074,1
walking,25120,25074,25120,46
left_turning,25121,25120,25121,1
running,25133,25121,25133,12
sniffing,25134,25133,25134,1
rising,25144,25134,25144,10
sniffing,25148,25144,25148,4
rising,25227,25148,25227,79
walking,25246,25227,25246,19
sniffing,25247,25246,25247,1
left_turning,25255,25247,25255,8
sniffing,25256,25255,25256,1
climbing,25383,25256,25383,127
right_turning,25391,25383,25391,8
walking,25392,25391,25392,1
stepping,25408,25392,25408,16
trotting,25417,25408,25417,9
walking,25455,25417,25455,38
stepping,25463,25455,25463,8
walking,25481,25463,25481,18
sniffing,25545,25481,25545,64
climbing,25565,25545,25565,20
sniffing,25656,25565,25656,91
climbing,25702,25656,25702,46
sniffing,25724,25702,25724,22
stepping,25755,25724,25755,31
sniffing,25814,25755,25814,59
left_turning,25847,25814,25847,33
sniffing,25848,25847,25848,1
rising,25849,25848,25849,1
rearing,25850,25849,25850,1
climbing,25883,25850,25883,33
left_turning,25913,25883,25913,30
sniffing,26027,25913,26027,114
walking,26043,26027,26043,16
sniffing,26105,26043,26105,62
rising,26134,26105,26134,29
climbing,26197,26134,26197,63
rising,26205,26197,26205,8
walking,26221,26205,26221,16
sniffing,26268,26221,26268,47
rearing,26311,26268,26311,43
sniffing,26391,26311,26391,80
rising,26392,26391,26392,1
rearing,26456,26392,26456,64
climbing,26507,26456,26507,51
sniffing,26561,26507,26561,54
trotting,26579,26561,26579,18
walking,26609,26579,26609,30
right_turning,26653,26609,26653,44
rising,26676,26653,26676,23
rearing,26677,26676,26677,1
rising,26731,26677,26731,54
sniffing,26732,26731,26732,1
right_turning,26760,26732,26760,28
walking,26810,26760,26810,50
sniffing,27034,26810,27034,224
rising,27035,27034,27035,1
sniffing,27058,27035,27058,23
rising,27064,27058,27064,6
climbing,27109,27064,27109,45
rising,27110,27109,27110,1
trotting,27160,27110,27160,50
stepping,27191,27160,27191,31
climbing,27228,27191,27228,37
walking,27256,27228,27256,28
sniffing,27257,27256,27257,1
walking,27298,27257,27298,41
sniffing,27310,27298,27310,12
right_turning,27332,27310,27332,22
sniffing,27398,27332,27398,66
right_turning,27399,27398,27399,1
sniffing,27481,27399,27481,82
right_turning,27505,27481,27505,24
running,27524,27505,27524,19
sniffing,27560,27524,27560,36
walking,27561,27560,27561,1
left_turning,27614,27561,27614,53
right_turning,27615,27614,27615,1
walking,27651,27615,27651,36
sniffing,27679,27651,27679,28
left_turning,27692,27679,27692,13
sniffing,27700,27692,27700,8
trotting,27731,27700,27731,31
sniffing,27745,27731,27745,14
walking,27764,27745,27764,19
left_turning,27782,27764,27782,18
walking,27788,27782,27788,6
sniffing,27875,27788,27875,87
walking,27876,27875,27876,1
sniffing,27942,27876,27942,66
walking,28022,27942,28022,80
climbing,28072,28022,28072,50
sniffing,28187,28072,28187,115
climbing,28223,28187,28223,36
rearing,28283,28223,28283,60
right_turning,28301,28283,28301,18
walking,28313,28301,28313,12
sniffing,28380,28313,28380,67
left_turning,28385,28380,28385,5
sniffing,28439,28385,28439,54
rising,28516,28439,28516,77
hunching,28517,28516,28517,1
climbing,28603,28517,28603,86
walking,28617,28603,28617,14
rearing,28639,28617,28639,22
right_turning,28651,28639,28651,12
trotting,28666,28651,28666,15
rising,28891,28666,28891,225
climbing,28927,28891,28927,36
sniffing,28934,28927,28934,7
left_turning,28935,28934,28935,1
walking,29000,28935,29000,65
sniffing,29050,29000,29050,50
running,29076,29050,29076,26
sniffing,29143,29076,29143,67
right_turning,29164,29143,29164,21
sniffing,29333,29164,29333,169
walking,29361,29333,29361,28
sniffing,29491,29361,29491,130
right_turning,29508,29491,29508,17
rising,29525,29508,29525,17
sniffing,29634,29525,29634,109
rising,29696,29634,29696,62
climbing,29719,29696,29719,23
sniffing,29742,29719,29742,23
rising,29775,29742,29775,33
climbing,29823,29775,29823,48
running,29867,29823,29867,44
stepping,29876,29867,29876,9
sniffing,29877,29876,29877,1
climbing,29927,29877,29927,50
rising,29940,29927,29940,13
climbing,29995,29940,29995,55
walking,29996,29995,29996,1
climbing,30024,29996,30024,28
hunching,30045,30024,30045,21
right_turning,30069,30045,30069,24
walking,30081,30069,30081,12
rising,30151,30081,30151,70
climbing,30171,30151,30171,20
sniffing,30325,30171,30325,154
walking,30326,30325,30326,1
sniffing,30347,30326,30347,21
right_turning,30348,30347,30348,1
sniffing,30349,30348,30349,1
rising,30350,30349,30350,1
climbing,30412,30350,30412,62
walking,30468,30412,30468,56
sniffing,30507,30468,30507,39
rising,30543,30507,30543,36
climbing,30574,30543,30574,31
trotting,30583,30574,30583,9
running,30619,30583,30619,36
sniffing,30649,30619,30649,30
walking,30664,30649,30664,15
trotting,30713,30664,30713,49
climbing,30749,30713,30749,36
rearing,30789,30749,30789,40
walking,30818,30789,30818,29
climbing,30861,30818,30861,43
left_turning,30897,30861,30897,36
running,30898,30897,30898,1
walking,30913,30898,30913,15
rising,30920,30913,30920,7
left_turning,30974,30920,30974,54
sniffing,31206,30974,31206,232
stepping,31243,31206,31243,37
sniffing,31266,31243,31266,23
rising,31298,31266,31298,32
right_turning,31341,31298,31341,43
rising,31346,31341,31346,5
sniffing,31357,31346,31357,11
rising,31358,31357,31358,1
rearing,31359,31358,31359,1
rising,31447,31359,31447,88
rearing,31498,31447,31498,51
sniffing,31580,31498,31580,82
jumping,31641,31580,31641,61
left_turning,31646,31641,31646,5
walking,31647,31646,31647,1
sniffing,31844,31647,31844,197
right_turning,31866,31844,31866,22
running,31868,31866,31868,2
walking,31878,31868,31878,10
left_turning,31904,31878,31904,26
sniffing,31905,31904,31905,1
left_turning,31980,31905,31980,75
sniffing,32115,31980,32115,135
walking,32152,32115,32152,37
sniffing,32153,32152,32153,1
rising,32154,32153,32154,1
climbing,32251,32154,32251,97
sniffing,32284,32251,32284,33
left_turning,32294,32284,32294,10
sniffing,32398,32294,32398,104
rising,32420,32398,32420,22
sniffing,32507,32420,32507,87
walking,32575,32507,32575,68
stepping,32590,32575,32590,15
rising,32591,32590,32591,1
walking,32629,32591,32629,38
sniffing,32638,32629,32638,9
left_turning,32646,32638,32646,8
sniffing,32759,32646,32759,113
walking,32791,32759,32791,32
rising,32857,32791,32857,66
climbing,32930,32857,32930,73
rearing,32931,32930,32931,1
sniffing,32932,32931,32932,1
rising,32979,32932,32979,47
sniffing,33007,32979,33007,28
right_turning,33051,33007,33051,44
walking,33073,33051,33073,22
rising,33254,33073,33254,181
climbing,33293,33254,33293,39
right_turning,33306,33293,33306,13
trotting,33334,33306,33334,28
hunching,33430,33334,33430,96
grooming,33618,33430,33618,188
sniffing,33619,33618,33619,1
walking,33655,33619,33655,36
sniffing,33698,33655,33698,43
left_turning,33717,33698,33717,19
walking,33759,33717,33759,42
climbing,33760,33759,33760,1
walking,33761,33760,33761,1
sniffing,33888,33761,33888,127
climbing,33939,33888,33939,51
sniffing,33985,33939,33985,46
rising,34028,33985,34028,43
climbing,34099,34028,34099,71
right_turning,34100,34099,34100,1
left_turning,34130,34100,34130,30
sniffing,34133,34130,34133,3
left_turning,34167,34133,34167,34
sniffing,34218,34167,34218,51
walking,34254,34218,34254,36
sniffing,34292,34254,34292,38
trotting,34321,34292,34321,29
sniffing,34411,34321,34411,90
left_turning,34442,34411,34442,31
stepping,34546,34442,34546,104
climbing,34580,34546,34580,34
trotting,34588,34580,34588,8
walking,34608,34588,34608,20
rising,34688,34608,34688,80
stepping,34693,34688,34693,5
rising,34731,34693,34731,38
walking,34837,34731,34837,106
climbing,34923,34837,34923,86
rising,34937,34923,34937,14
rearing,34957,34937,34957,20
grooming,34978,34957,34978,21
hunching,35191,34978,35191,213
climbing,35259,35191,35259,68
sniffing,35342,35259,35342,83
rising,35408,35342,35408,66
hunching,35427,35408,35427,19
rising,35428,35427,35428,1
left_turning,35491,35428,35491,63
sniffing,35525,35491,35525,34
rising,35593,35525,35593,68
climbing,35643,35593,35643,50
trotting,35681,35643,35681,38
sniffing,35740,35681,35740,59
left_turning,35805,35740,35805,65
sniffing,35806,35805,35806,1
trotting,35826,35806,35826,20
rising,35841,35826,35841,15
rearing,35842,35841,35842,1
hunching,35861,35842,35861,19
rising,35862,35861,35862,1
sniffing,35927,35862,35927,65
trotting,35928,35927,35928,1
left_turning,35942,35928,35942,14
running,35971,35942,35971,29
rising,36026,35971,36026,55
climbing,36086,36026,36086,60
sniffing,36090,36086,36090,4
right_turning,36136,36090,36136,46
trotting,36185,36136,36185,49
rising,36252,36185,36252,67
climbing,36292,36252,36292,40
left_turning,36297,36292,36297,5
walking,36298,36297,36298,1
sniffing,36396,36298,36396,98
stepping,36429,36396,36429,33
walking,36430,36429,36430,1
grooming,36431,36430,36431,1
sniffing,36502,36431,36502,71
climbing,36623,36502,36623,121
right_turning,36671,36623,36671,48
sniffing,36694,36671,36694,23
left_turning,36729,36694,36729,35
walking,36759,36729,36759,30
stepping,36793,36759,36793,34
jumping,36794,36793,36794,1
walking,36816,36794,36816,22
sniffing,36835,36816,36835,19
rising,36867,36835,36867,32
climbing,36886,36867,36886,19
trotting,36896,36886,36896,10
sniffing,36913,36896,36913,17
climbing,36961,36913,36961,48
hunching,37074,36961,37074,113
rising,37095,37074,37095,21
climbing,37157,37095,37157,62
rising,37209,37157,37209,52
climbing,37221,37209,37221,12
trotting,37236,37221,37236,15
walking,37252,37236,37252,16
sniffing,37278,37252,37278,26
rising,37279,37278,37279,1
climbing,37371,37279,37371,92
rising,37372,37371,37372,1
climbing,37434,37372,37434,62
sniffing,37450,37434,37450,16
left_turning,37482,37450,37482,32
sniffing,37521,37482,37521,39
walking,37562,37521,37562,41
left_turning,37563,37562,37563,1
walking,37579,37563,37579,16
sniffing,37624,37579,37624,45
rearing,37676,37624,37676,52
walking,37706,37676,37706,30
sniffing,37770,37706,37770,64
grooming,37979,37770,37979,209
rearing,38019,37979,38019,40
sniffing,38051,38019,38051,32
rising,38070,38051,38070,19
climbing,38121,38070,38121,51
right_turning,38142,38121,38142,21
stepping,38159,38142,38159,17
sniffing,38170,38159,38170,11
left_turning,38215,38170,38215,45
rising,38233,38215,38233,18
sniffing,38235,38233,38235,2
rearing,38345,38235,38345,110
climbing,38369,38345,38369,24
walking,38370,38369,38370,1
left_turning,38397,38370,38397,27
sniffing,38449,38397,38449,52
walking,38456,38449,38456,7
rising,38457,38456,38457,1
grooming,38458,38457,38458,1
sniffing,38516,38458,38516,58
right_turning,38517,38516,38517,1
rising,38564,38517,38564,47
climbing,38571,38564,38571,7
right_turning,38574,38571,38574,3
sniffing,38575,38574,38575,1
walking,38594,38575,38594,19
trotting,38612,38594,38612,18
sniffing,38625,38612,38625,13
rising,38654,38625,38654,29
walking,38659,38654,38659,5
sniffing,38660,38659,38660,1
walking,38700,38660,38700,40
sniffing,38707,38700,38707,7
stepping,38718,38707,38718,11
sniffing,38721,38718,38721,3
trotting,38739,38721,38739,18
sniffing,38740,38739,38740,1
walking,38771,38740,38771,31
sniffing,38821,38771,38821,50
left_turning,38853,38821,38853,32
sniffing,38869,38853,38869,16
stepping,38889,38869,38889,20
sniffing,39024,38889,39024,135
grooming,39038,39024,39038,14
sniffing,39074,39038,39074,36
walking,39075,39074,39075,1
climbing,39119,39075,39119,44
sniffing,39178,39119,39178,59
right_turning,39212,39178,39212,34
stepping,39227,39212,39227,15
sniffing,39228,39227,39228,1
rising,39229,39228,39229,1
walking,39255,39229,39255,26
sniffing,39294,39255,39294,39
left_turning,39295,39294,39295,1
walking,39339,39295,39339,44
trotting,39368,39339,39368,29
walking,39387,39368,39387,19
climbing,39427,39387,39427,40
sniffing,39433,39427,39433,6
rising,39491,39433,39491,58
climbing,39492,39491,39492,1
walking,39497,39492,39497,5
climbing,39539,39497,39539,42
grooming,39540,39539,39540,1
hunching,39694,39540,39694,154
rising,39750,39694,39750,56
walking,39782,39750,39782,32
sniffing,39841,39782,39841,59
walking,39853,39841,39853,12
stepping,39882,39853,39882,29
trotting,39894,39882,39894,12
rising,39972,39894,39972,78
sniffing,40011,39972,40011,39
climbing,40029,40011,40029,18
sniffing,40088,40029,40088,59
walking,40110,40088,40110,22
sniffing,40148,40110,40148,38
rising,40149,40148,40149,1
climbing,40186,40149,40186,37
sniffing,40202,40186,40202,16
grooming,40203,40202,40203,1
walking,40239,40203,40239,36
sniffing,40361,40239,40361,122
rising,40427,40361,40427,66
climbing,40476,40427,40476,49
hunching,40494,40476,40494,18
rising,40518,40494,40518,24
climbing,40585,40518,40585,67
walking,40586,40585,40586,1
climbing,40587,40586,40587,1
hunching,40783,40587,40783,196
rearing,40885,40783,40885,102
rising,40893,40885,40893,8
climbing,40957,40893,40957,64
left_turning,40965,40957,40965,8
walking,40997,40965,40997,32
rearing,41050,40997,41050,53
left_turning,41110,41050,41110,60
walking,41129,41110,41129,19
sniffing,41153,41129,41153,24
walking,41154,41153,41154,1
sniffing,41245,41154,41245,91
left_turning,41246,41245,41246,1
sniffing,41256,41246,41256,10
stepping,41297,41256,41297,41
climbing,41321,41297,41321,24
rising,41327,41321,41327,6
sniffing,41368,41327,41368,41
climbing,41407,41368,41407,39
walking,41453,41407,41453,46
right_turning,41454,41453,41454,1
trotting,41455,41454,41455,1
walking,41488,41455,41488,33
left_turning,41528,41488,41528,40
sniffing,41599,41528,41599,71
walking,41642,41599,41642,43
rising,41657,41642,41657,15
climbing,41720,41657,41720,63
right_turning,41732,41720,41732,12
climbing,41799,41732,41799,67
trotting,41831,41799,41831,32
climbing,41850,41831,41850,19
rising,41885,41850,41885,35
climbing,41916,41885,41916,31
running,41968,41916,41968,52
trotting,42001,41968,42001,33
walking,42081,42001,42081,80
climbing,42109,42081,42109,28
trotting,42143,42109,42143,34
running,42146,42143,42146,3
sniffing,42154,42146,42154,8
grooming,42404,42154,42404,250
hunching,42529,42404,42529,125
rising,42583,42529,42583,54
right_turning,42606,42583,42606,23
climbing,42624,42606,42624,18
grooming,42625,42624,42625,1
left_turning,42664,42625,42664,39
sniffing,42737,42664,42737,73
climbing,42785,42737,42785,48
rearing,42786,42785,42786,1
grooming,42856,42786,42856,70
climbing,42926,42856,42926,70
rising,42997,42926,42997,71
sniffing,43082,42997,43082,85
grooming,43083,43082,43083,1
sniffing,43117,43083,43117,34
rising,43163,43117,43163,46
climbing,43212,43163,43212,49
running,43227,43212,43227,15
walking,43247,43227,43247,20
sniffing,43248,43247,43248,1
grooming,43609,43248,43609,361
climbing,43689,43609,43689,80
sniffing,43699,43689,43699,10
trotting,43708,43699,43708,9
stepping,43752,43708,43752,44
sniffing,43777,43752,43777,25
left_turning,43872,43777,43872,95
sniffing,43878,43872,43878,6
rearing,43879,43878,43879,1
jumping,43978,43879,43978,99
rising,44024,43978,44024,46
sniffing,44069,44024,44069,45
walking,44157,44069,44157,88
sniffing,44250,44157,44250,93
walking,44307,44250,44307,57
climbing,44404,44307,44404,97
rearing,44478,44404,44478,74
grooming,44479,44478,44479,1
stepping,44534,44479,44534,55
sniffing,44535,44534,44535,1
rising,44562,44535,44562,27
sniffing,44569,44562,44569,7
grooming,44799,44569,44799,230
hunching,44912,44799,44912,113
rearing,44945,44912,44945,33
rising,45000,44945,45000,55
sniffing,45017,45000,45017,17
left_turning,45055,45017,45055,38
walking,45094,45055,45094,39
rising,45157,45094,45157,63
rearing,45202,45157,45202,45
hunching,45230,45202,45230,28
grooming,45392,45230,45392,162
rearing,45474,45392,45474,82
climbing,45520,45474,45520,46
walking,45553,45520,45553,33
sniffing,45660,45553,45660,107
left_turning,45742,45660,45742,82
stepping,45770,45742,45770,28
walking,45775,45770,45775,5
climbing,45829,45775,45829,54
rearing,45842,45829,45842,13
sniffing,45870,45842,45870,28
left_turning,45890,45870,45890,20
rising,45983,45890,45983,93
climbing,46011,45983,46011,28
grooming,46012,46011,46012,1
sniffing,46028,46012,46028,16
left_turning,46120,46028,46120,92
rising,46187,46120,46187,67
rearing,46229,46187,46229,42
climbing,46254,46229,46254,25
sniffing,46333,46254,46333,79
walking,46347,46333,46347,14
sniffing,46348,46347,46348,1
rising,46361,46348,46361,13
rearing,46362,46361,46362,1
left_turning,46405,46362,46405,43
walking,46421,46405,46421,16
rising,46422,46421,46422,1
rearing,46534,46422,46534,112
sniffing,46682,46534,46682,148
climbing,46699,46682,46699,17
walking,46722,46699,46722,23
sniffing,46806,46722,46806,84
left_turning,46867,46806,46867,61
walking,46898,46867,46898,31
sniffing,46899,46898,46899,1
climbing,46914,46899,46914,15
right_turning,46945,46914,46945,31
trotting,46958,46945,46958,13
left_turning,46959,46958,46959,1
rising,47022,46959,47022,63
climbing,47049,47022,47049,27
rising,47224,47049,47224,175
climbing,47290,47224,47290,66
walking,47299,47290,47299,9
sniffing,47354,47299,47354,55
left_turning,47363,47354,47363,9
sniffing,47364,47363,47364,1
climbing,47405,47364,47405,41
left_turning,47434,47405,47434,29
right_turning,47468,47434,47468,34
walking,47496,47468,47496,28
stepping,47517,47496,47517,21
grooming,47766,47517,47766,249
rearing,47789,47766,47789,23
sniffing,47790,47789,47790,1
left_turning,47817,47790,47817,27
trotting,47818,47817,47818,1
sniffing,47867,47818,47867,49
climbing,47919,47867,47919,52
walking,47920,47919,47920,1
climbing,47945,47920,47945,25
walking,47950,47945,47950,5
climbing,47998,47950,47998,48
walking,48037,47998,48037,39
left_turning,48103,48037,48103,66
trotting,48127,48103,48127,24
sniffing,48128,48127,48128,1
climbing,48131,48128,48131,3
sniffing,48132,48131,48132,1
rising,48180,48132,48180,48
climbing,48195,48180,48195,15
walking,48221,48195,48221,26
climbing,48267,48221,48267,46
sniffing,48303,48267,48303,36
climbing,48325,48303,48325,22
sniffing,48381,48325,48381,56
walking,48388,48381,48388,7
sniffing,48468,48388,48468,80
walking,48469,48468,48469,1
rising,48472,48469,48472,3
sniffing,48574,48472,48574,102
climbing,48579,48574,48579,5
rearing,48620,48579,48620,41
sniffing,48642,48620,48642,22
right_turning,48643,48642,48643,1
stepping,48646,48643,48646,3
sniffing,48647,48646,48647,1
rearing,48693,48647,48693,46
walking,48714,48693,48714,21
sniffing,48733,48714,48733,19
rising,48842,48733,48842,109
sniffing,48955,48842,48955,113
rising,49012,48955,49012,57
climbing,49093,49012,49093,81
walking,49117,49093,49117,24
rising,49201,49117,49201,84
rearing,49269,49201,49269,68
left_turning,49270,49269,49270,1
jumping,49290,49270,49290,20
rising,49291,49290,49291,1
walking,49320,49291,49320,29
climbing,49367,49320,49367,47
right_turning,49411,49367,49411,44
sniffing,49412,49411,49412,1
rising,49486,49412,49486,74
sniffing,49575,49486,49575,89
walking,49598,49575,49598,23
climbing,49657,49598,49657,59
sniffing,49750,49657,49750,93
walking,49816,49750,49816,66
stepping,49845,49816,49845,29
rising,49869,49845,49869,24
climbing,49938,49869,49938,69
rearing,49967,49938,49967,29
sniffing,49968,49967,49968,1
walking,50011,49968,50011,43
trotting,50046,50011,50046,35
rising,50059,50046,50059,13
climbing,50144,50059,50144,85
left_turning,50162,50144,50162,18
climbing,50223,50162,50223,61
sniffing,50317,50223,50317,94
climbing,50400,50317,50400,83
running,50442,50400,50442,42
sniffing,50467,50442,50467,25
walking,50518,50467,50518,51
rising,50519,50518,50519,1
climbing,50550,50519,50550,31
trotting,50577,50550,50577,27
stepping,50601,50577,50601,24
sniffing,50663,50601,50663,62
climbing,50722,50663,50722,59
trotting,50762,50722,50762,40
sniffing,50857,50762,50857,95
right_turning,50866,50857,50866,9
walking,50867,50866,50867,1
rearing,50945,50867,50945,78
rising,50946,50945,50946,1
climbing,50949,50946,50949,3
left_turning,51039,50949,51039,90
sniffing,51054,51039,51054,15
left_turning,51055,51054,51055,1
sniffing,51067,51055,51067,12
rising,51068,51067,51068,1
climbing,51088,51068,51088,20
right_turning,51101,51088,51101,13
left_turning,51137,51101,51137,36
sniffing,51203,51137,51203,66
rising,51228,51203,51228,25
sniffing,51229,51228,51229,1
climbing,51342,51229,51342,113
hunching,51343,51342,51343,1
rearing,51397,51343,51397,54
sniffing,51429,51397,51429,32
climbing,51505,51429,51505,76
walking,51506,51505,51506,1
rising,51507,51506,51507,1
right_turning,51534,51507,51534,27
running,51566,51534,51566,32
walking,51594,51566,51594,28
stepping,51595,51594,51595,1
sniffing,51628,51595,51628,33
rearing,51705,51628,51705,77
rising,51764,51705,51764,59
climbing,51796,51764,51796,32
walking,51804,51796,51804,8
climbing,51872,51804,51872,68
right_turning,51873,51872,51873,1
walking,51886,51873,51886,13
sniffing,51920,51886,51920,34
rising,51929,51920,51929,9
climbing,51937,51929,51937,8
rearing,52009,51937,52009,72
trotting,52013,52009,52013,4
walking,52031,52013,52031,18
sniffing,52112,52031,52112,81
right_turning,52115,52112,52115,3
hunching,52240,52115,52240,125
rearing,52255,52240,52255,15
grooming,52256,52255,52256,1
sniffing,52268,52256,52268,12
walking,52279,52268,52279,11
rising,52280,52279,52280,1
sniffing,52403,52280,52403,123
left_turning,52414,52403,52414,11
walking,52450,52414,52450,36
sniffing,52515,52450,52515,65
walking,52566,52515,52566,51
sniffing,52578,52566,52578,12
climbing,52579,52578,52579,1
stepping,52599,52579,52599,20
climbing,52650,52599,52650,51
trotting,52661,52650,52661,11
rising,52709,52661,52709,48
left_turning,52725,52709,52725,16
sniffing,52751,52725,52751,26
walking,52772,52751,52772,21
stepping,52786,52772,52786,14
walking,52808,52786,52808,22
sniffing,52840,52808,52840,32
left_turning,52901,52840,52901,61
trotting,52914,52901,52914,13
sniffing,52939,52914,52939,25
climbing,52940,52939,52940,1
running,52953,52940,52953,13
sniffing,53051,52953,53051,98
left_turning,53078,53051,53078,27
sniffing,53122,53078,53122,44
rising,53138,53122,53138,16
left_turning,53175,53138,53175,37
walking,53190,53175,53190,15
climbing,53238,53190,53238,48
walking,53239,53238,53239,1
sniffing,53277,53239,53277,38
walking,53312,53277,53312,35
sniffing,53313,53312,53313,1
trotting,53328,53313,53328,15
stepping,53392,53328,53392,64
sniffing,53415,53392,53415,23
right_turning,53431,53415,53431,16
trotting,53482,53431,53482,51
walking,53487,53482,53487,5
sniffing,53504,53487,53504,17
walking,53505,53504,53505,1
right_turning,53522,53505,53522,17
walking,53551,53522,53551,29
sniffing,53581,53551,53581,30
pausing,53888,53581,53888,307
sniffing,53965,53888,53965,77
left_turning,53987,53965,53987,22
right_turning,54009,53987,54009,22
walking,54110,54009,54110,101
sniffing,54123,54110,54123,13
rearing,54366,54123,54366,243
sniffing,54410,54366,54410,44
left_turning,54411,54410,54411,1
right_turning,54421,54411,54421,10
running,54446,54421,54446,25
walking,54515,54446,54515,69
sniffing,54569,54515,54569,54
walking,54587,54569,54587,18
left_turning,54863,54587,54863,276
stepping,54892,54863,54892,29
sniffing,54909,54892,54909,17
rising,54910,54909,54910,1
sniffing,54969,54910,54969,59
climbing,54970,54969,54970,1
rearing,54999,54970,54999,29
trotting,55025,54999,55025,26
stepping,55028,55025,55028,3
walking,55053,55028,55053,25
climbing,55082,55053,55082,29
rearing,55170,55082,55170,88
grooming,55171,55170,55171,1
hunching,55286,55171,55286,115
sniffing,55298,55286,55298,12
left_turning,55330,55298,55330,32
walking,55379,55330,55379,49
sniffing,55383,55379,55383,4
left_turning,55384,55383,55384,1
stepping,55441,55384,55441,57
walking,55495,55441,55495,54
sniffing,55496,55495,55496,1
rising,55497,55496,55497,1
climbing,55513,55497,55513,16
walking,55554,55513,55554,41
rising,55598,55554,55598,44
climbing,55679,55598,55679,81
right_turning,55711,55679,55711,32
running,55732,55711,55732,21
rising,55782,55732,55782,50
right_turning,55821,55782,55821,39
rising,55872,55821,55872,51
hunching,56002,55872,56002,130
climbing,56003,56002,56003,1
hunching,56046,56003,56046,43
sniffing,56122,56046,56122,76
trotting,56143,56122,56143,21
hunching,56144,56143,56144,1
grooming,56145,56144,56145,1
sniffing,56267,56145,56267,122
left_turning,56293,56267,56293,26
stepping,56321,56293,56321,28
sniffing,56374,56321,56374,53
left_turning,56424,56374,56424,50
sniffing,56429,56424,56429,5
rising,56437,56429,56437,8
sniffing,56487,56437,56487,50
walking,56513,56487,56513,26
left_turning,56535,56513,56535,22
walking,56566,56535,56566,31
rising,56576,56566,56576,10
sniffing,56624,56576,56624,48
left_turning,56675,56624,56675,51
rising,56694,56675,56694,19
left_turning,56750,56694,56750,56
sniffing,56751,56750,56751,1
climbing,56847,56751,56847,96
sniffing,56950,56847,56950,103
stepping,56957,56950,56957,7
left_turning,57010,56957,57010,53
stepping,57085,57010,57085,75
sniffing,57128,57085,57128,43
grooming,57293,57128,57293,165
climbing,57341,57293,57341,48
sniffing,57342,57341,57342,1
rearing,57490,57342,57490,148
climbing,57520,57490,57520,30
sniffing,57614,57520,57614,94
stepping,57628,57614,57628,14
rising,57645,57628,57645,17
climbing,57719,57645,57719,74
trotting,57771,57719,57771,52
sniffing,57772,57771,57772,1
walking,57829,57772,57829,57
climbing,57888,57829,57888,59
rising,57889,57888,57889,1
sniffing,57952,57889,57952,63
stepping,57970,57952,57970,18
walking,57981,57970,57981,11
sniffing,58062,57981,58062,81
left_turning,58086,58062,58086,24
sniffing,58144,58086,58144,58
rising,58217,58144,58217,73
sniffing,58225,58217,58225,8
right_turning,58256,58225,58256,31
rising,58480,58256,58480,224
sniffing,58580,58480,58580,100
left_turning,58618,58580,58618,38
sniffing,58705,58618,58705,87
walking,58711,58705,58711,6
sniffing,58712,58711,58712,1
walking,58771,58712,58771,59
climbing,58828,58771,58828,57
rising,58831,58828,58831,3
sniffing,58876,58831,58876,45
walking,58923,58876,58923,47
sniffing,58995,58923,58995,72
climbing,59082,58995,59082,87
sniffing,59138,59082,59138,56
climbing,59139,59138,59139,1
grooming,60040,59139,60040,901
right_turning,60070,60040,60070,30
running,60083,60070,60083,13
sniffing,60138,60083,60138,55
climbing,60174,60138,60174,36
rising,60267,60174,60267,93
sniffing,60276,60267,60276,9
rising,60322,60276,60322,46
climbing,60435,60322,60435,113
sniffing,60454,60435,60454,19
rising,60455,60454,60455,1
rearing,60630,60455,60630,175
climbing,60682,60630,60682,52
walking,60689,60682,60689,7
left_turning,60752,60689,60752,63
stepping,60804,60752,60804,52
sniffing,60805,60804,60805,1
rising,60913,60805,60913,108
climbing,60991,60913,60991,78
sniffing,61094,60991,61094,103
rising,61107,61094,61107,13
climbing,61168,61107,61168,61
grooming,61297,61168,61297,129
rearing,61507,61297,61507,210
left_turning,61569,61507,61569,62
running,61609,61569,61609,40
sniffing,61610,61609,61610,1
walking,61634,61610,61634,24
climbing,61679,61634,61679,45
stepping,61708,61679,61708,29
climbing,61762,61708,61762,54
sniffing,61839,61762,61839,77
climbing,61873,61839,61873,34
right_turning,61874,61873,61874,1
running,61910,61874,61910,36
walking,61975,61910,61975,65
sniffing,61983,61975,61983,8
walking,62015,61983,62015,32
sniffing,62255,62015,62255,240
right_turning,62269,62255,62269,14
hunching,62308,62269,62308,39
running,62326,62308,62326,18
stepping,62342,62326,62342,16
walking,62343,62342,62343,1
rising,62344,62343,62344,1
sniffing,62408,62344,62408,64
rising,62477,62408,62477,69
climbing,62527,62477,62527,50
rearing,62573,62527,62573,46
rising,62614,62573,62614,41
rearing,62694,62614,62694,80
climbing,62746,62694,62746,52
sniffing,62812,62746,62812,66
left_turning,62813,62812,62813,1
walking,62834,62813,62834,21
climbing,62854,62834,62854,20
running,62890,62854,62890,36
left_turning,62925,62890,62925,35
sniffing,62950,62925,62950,25
left_turning,62975,62950,62975,25
sniffing,62976,62975,62976,1
walking,63015,62976,63015,39
stepping,63037,63015,63037,22
sniffing,63038,63037,63038,1
walking,63048,63038,63048,10
rising,63049,63048,63049,1
climbing,63050,63049,63050,1
running,63077,63050,63077,27
rising,63124,63077,63124,47
sniffing,63125,63124,63125,1
walking,63147,63125,63147,22
sniffing,63185,63147,63185,38
climbing,63199,63185,63199,14
rearing,63200,63199,63200,1
sniffing,63201,63200,63201,1
left_turning,63259,63201,63259,58
sniffing,63361,63259,63361,102
hunching,63510,63361,63510,149
climbing,63564,63510,63564,54
walking,63636,63564,63636,72
stepping,63637,63636,63637,1
sniffing,63689,63637,63689,52
climbing,63726,63689,63726,37
rearing,63777,63726,63777,51
walking,63778,63777,63778,1
sniffing,63831,63778,63831,53
right_turning,63835,63831,63835,4
running,63846,63835,63846,11
walking,63856,63846,63856,10
trotting,63886,63856,63886,30
walking,63951,63886,63951,65
sniffing,64040,63951,64040,89
right_turning,64069,64040,64069,29
trotting,64089,64069,64089,20
sniffing,64094,64089,64094,5
walking,64150,64094,64150,56
sniffing,64169,64150,64169,19
stepping,64237,64169,64237,68
sniffing,64282,64237,64282,45
rising,64397,64282,64397,115
grooming,64398,64397,64398,1
running,64440,64398,64440,42
left_turning,64499,64440,64499,59
sniffing,64523,64499,64523,24
trotting,64543,64523,64543,20
sniffing,64544,64543,64544,1
grooming,64568,64544,64568,24
left_turning,64569,64568,64569,1
walking,64574,64569,64574,5
sniffing,64628,64574,64628,54
grooming,64722,64628,64722,94
rearing,64739,64722,64739,17
climbing,64807,64739,64807,68
rearing,64864,64807,64864,57
rising,64896,64864,64896,32
right_turning,64933,64896,64933,37
walking,64958,64933,64958,25
climbing,64977,64958,64977,19
sniffing,65075,64977,65075,98
rising,65170,65075,65170,95
sniffing,65247,65170,65247,77
walking,65258,65247,65258,11
left_turning,65261,65258,65261,3
walking,65312,65261,65312,51
rising,65320,65312,65320,8
sniffing,65391,65320,65391,71
rearing,65407,65391,65407,16
grooming,65421,65407,65421,14
rearing,65493,65421,65493,72
climbing,65552,65493,65552,59
walking,65573,65552,65573,21
rising,65574,65573,65574,1
sniffing,65576,65574,65576,2
climbing,65622,65576,65622,46
right_turning,65628,65622,65628,6
trotting,65682,65628,65682,54
sniffing,65818,65682,65818,136
walking,65848,65818,65848,30
climbing,65865,65848,65865,17
running,65879,65865,65879,14
walking,65988,65879,65988,109
rising,65989,65988,65989,1
left_turning,65999,65989,65999,10
running,66024,65999,66024,25
rising,66025,66024,66025,1
climbing,66053,66025,66053,28
rising,66080,66053,66080,27
rearing,66082,66080,66082,2
hunching,66156,66082,66156,74
right_turning,66179,66156,66179,23
left_turning,66180,66179,66180,1
sniffing,66181,66180,66181,1
grooming,66344,66181,66344,163
rearing,66384,66344,66384,40
left_turning,66412,66384,66412,28
trotting,66448,66412,66448,36
climbing,66475,66448,66475,27
right_turning,66503,66475,66503,28
trotting,66532,66503,66532,29
rising,66623,66532,66623,91
sniffing,66780,66623,66780,157
walking,66800,66780,66800,20
sniffing,66826,66800,66826,26
trotting,66845,66826,66845,19
stepping,66926,66845,66926,81
right_turning,66928,66926,66928,2
stepping,66973,66928,66973,45
climbing,67040,66973,67040,67
rearing,67117,67040,67117,77
sniffing,67167,67117,67167,50
climbing,67190,67167,67190,23
grooming,67191,67190,67191,1
rising,67192,67191,67192,1
rearing,67193,67192,67193,1
climbing,67236,67193,67236,43
rising,67294,67236,67294,58
rearing,67381,67294,67381,87
rising,67400,67381,67400,19
sniffing,67430,67400,67430,30
rising,67486,67430,67486,56
climbing,67514,67486,67514,28
running,67550,67514,67550,36
sniffing,67577,67550,67577,27
right_turning,67597,67577,67597,20
rising,67739,67597,67739,142
stepping,67784,67739,67784,45
rising,67855,67784,67855,71
climbing,67876,67855,67876,21
trotting,67907,67876,67907,31
running,67921,67907,67921,14
walking,67958,67921,67958,37
rearing,68090,67958,68090,132
trotting,68108,68090,68108,18
walking,68162,68108,68162,54
sniffing,68222,68162,68222,60
rising,68223,68222,68223,1
stepping,68231,68223,68231,8
hunching,68238,68231,68238,7
climbing,68299,68238,68299,61
rearing,68401,68299,68401,102
walking,68412,68401,68412,11
left_turning,68459,68412,68459,47
sniffing,68476,68459,68476,17
rising,68530,68476,68530,54
sniffing,68596,68530,68596,66
pausing,68745,68596,68745,149
sniffing,68893,68745,68893,148
right_turning,68921,68893,68921,28
running,68937,68921,68937,16
walking,68980,68937,68980,43
stepping,69026,68980,69026,46
sniffing,69027,69026,69027,1
right_turning,69039,69027,69039,12
sniffing,69103,69039,69103,64
rising,69104,69103,69104,1
climbing,69191,69104,69191,87
running,69207,69191,69207,16
trotting,69238,69207,69238,31
walking,69300,69238,69300,62
climbing,69443,69300,69443,143
walking,69464,69443,69464,21
sniffing,69465,69464,69465,1
right_turning,69471,69465,69471,6
stepping,69506,69471,69506,35
rising,69507,69506,69507,1
jumping,69573,69507,69573,66
rising,69574,69573,69574,1
sniffing,69612,69574,69612,38
rising,69695,69612,69695,83
climbing,69733,69695,69733,38
hunching,69850,69733,69850,117
sniffing,69895,69850,69895,45
climbing,69937,69895,69937,42
sniffing,70094,69937,70094,157
rising,70222,70094,70222,128
sniffing,70223,70222,70223,1
rearing,70244,70223,70244,21
sniffing,70245,70244,70245,1
stepping,70284,70245,70284,39
sniffing,70435,70284,70435,151
left_turning,70458,70435,70458,23
rising,70482,70458,70482,24
climbing,70525,70482,70525,43
rising,70603,70525,70603,78
climbing,70648,70603,70648,45
sniffing,70783,70648,70783,135
rising,70784,70783,70784,1
climbing,70821,70784,70821,37
sniffing,70900,70821,70900,79
pausing,71050,70900,71050,150
sniffing,71165,71050,71165,115
rising,71253,71165,71253,88
climbing,71279,71253,71279,26
walking,71280,71279,71280,1
trotting,71320,71280,71320,40
sniffing,71421,71320,71421,101
left_turning,71429,71421,71429,8
rising,71441,71429,71441,12
climbing,71458,71441,71458,17
sniffing,71558,71458,71558,100
rising,71594,71558,71594,36
left_turning,71597,71594,71597,3
sniffing,71598,71597,71598,1
stepping,71626,71598,71626,28
hunching,71644,71626,71644,18
right_turning,71658,71644,71658,14
running,71679,71658,71679,21
rising,71745,71679,71745,66
sniffing,71767,71745,71767,22
rising,71774,71767,71774,7
walking,71806,71774,71806,32
trotting,71840,71806,71840,34
sniffing,71894,71840,71894,54
stepping,71905,71894,71905,11
sniffing,71997,71905,71997,92
walking,72021,71997,72021,24
sniffing,72034,72021,72034,13
left_turning,72077,72034,72077,43
walking,72095,72077,72095,18
climbing,72105,72095,72105,10
rearing,72156,72105,72156,51
climbing,72160,72156,72160,4
walking,72170,72160,72170,10
right_turning,72179,72170,72179,9
walking,72208,72179,72208,29
sniffing,72220,72208,72220,12
walking,72249,72220,72249,29
trotting,72270,72249,72270,21
sniffing,72284,72270,72284,14
rising,72304,72284,72304,20
climbing,72352,72304,72352,48
walking,72353,72352,72353,1
sniffing,72409,72353,72409,56
rising,72436,72409,72436,27
climbing,72452,72436,72452,16
rising,72479,72452,72479,27
climbing,72506,72479,72506,27
right_turning,72545,72506,72545,39
walking,72547,72545,72547,2
sniffing,72548,72547,72548,1
rising,72549,72548,72549,1
climbing,72557,72549,72557,8
rearing,72558,72557,72558,1
rising,72580,72558,72580,22
climbing,72626,72580,72626,46
walking,72705,72626,72705,79
sniffing,72752,72705,72752,47
walking,72765,72752,72765,13
climbing,72819,72765,72819,54
rearing,72831,72819,72831,12
climbing,72833,72831,72833,2
rising,72860,72833,72860,27
climbing,72946,72860,72946,86
left_turning,72962,72946,72962,16
walking,72979,72962,72979,17
rising,73033,72979,73033,54
climbing,73048,73033,73048,15
rising,73049,73048,73049,1
climbing,73094,73049,73094,45
right_turning,73126,73094,73126,32
walking,73152,73126,73152,26
sniffing,73199,73152,73199,47
rising,73210,73199,73210,11
walking,73246,73210,73246,36
sniffing,73324,73246,73324,78
walking,73325,73324,73325,1
left_turning,73530,73325,73530,205
trotting,73536,73530,73536,6
rising,73602,73536,73602,66
climbing,73651,73602,73651,49
trotting,73679,73651,73679,28
walking,73685,73679,73685,6
climbing,73687,73685,73687,2
hunching,73697,73687,73697,10
right_turning,73721,73697,73721,24
stepping,73751,73721,73751,30
sniffing,73752,73751,73752,1
walking,73756,73752,73756,4
sniffing,73857,73756,73857,101
rising,73912,73857,73912,55
sniffing,73952,73912,73952,40
rising,73981,73952,73981,29
sniffing,74023,73981,74023,42
left_turning,74024,74023,74024,1
sniffing,74162,74024,74162,138
climbing,74226,74162,74226,64
walking,74261,74226,74261,35
sniffing,74262,74261,74262,1
rising,74278,74262,74278,16
sniffing,74337,74278,74337,59
hunching,74430,74337,74430,93
rearing,74520,74430,74520,90
grooming,74678,74520,74678,158
rearing,74679,74678,74679,1
rising,74692,74679,74692,13
climbing,74726,74692,74726,34
walking,74736,74726,74736,10
rising,74798,74736,74798,62
sniffing,74815,74798,74815,17
rearing,74892,74815,74892,77
walking,74927,74892,74927,35
sniffing,74944,74927,74944,17
grooming,75049,74944,75049,105
rearing,75056,75049,75056,7
climbing,75152,75056,75152,96
left_turning,75187,75152,75187,35
walking,75198,75187,75198,11
rising,75256,75198,75256,58
climbing,75281,75256,75281,25
walking,75307,75281,75307,26
rising,75308,75307,75308,1
rearing,75309,75308,75309,1
climbing,75355,75309,75355,46
right_turning,75385,75355,75385,30
stepping,75394,75385,75394,9
rising,75408,75394,75408,14
climbing,75421,75408,75421,13
rising,75492,75421,75492,71
right_turning,75531,75492,75531,39
walking,75546,75531,75546,15
rising,75551,75546,75551,5
walking,75573,75551,75573,22
climbing,75619,75573,75619,46
walking,75650,75619,75650,31
sniffing,75677,75650,75677,27
left_turning,75708,75677,75708,31
sniffing,75753,75708,75753,45
stepping,75787,75753,75787,34
climbing,75817,75787,75817,30
rearing,75862,75817,75862,45
hunching,75911,75862,75911,49
sniffing,75963,75911,75963,52
walking,75976,75963,75976,13
sniffing,76079,75976,76079,103
left_turning,76108,76079,76108,29
sniffing,76191,76108,76191,83
right_turning,76192,76191,76192,1
running,76233,76192,76233,41
sniffing,76241,76233,76241,8
grooming,76242,76241,76242,1
sniffing,76352,76242,76352,110
right_turning,76365,76352,76365,13
walking,76410,76365,76410,45
left_turning,76415,76410,76415,5
walking,76436,76415,76436,21
sniffing,76437,76436,76437,1
rising,76438,76437,76438,1
sniffing,76463,76438,76463,25
walking,76539,76463,76539,76
sniffing,76558,76539,76558,19
grooming,77051,76558,77051,493
hunching,77052,77051,77052,1
rearing,77182,77052,77182,130
sniffing,77193,77182,77193,11
stepping,77215,77193,77215,22
rising,77305,77215,77305,90
sniffing,77365,77305,77365,60
rearing,77421,77365,77421,56
running,77431,77421,77431,10
sniffing,77486,77431,77486,55
grooming,77817,77486,77817,331
rearing,77861,77817,77861,44
sniffing,77862,77861,77862,1
left_turning,77908,77862,77908,46
rising,77909,77908,77909,1
walking,77952,77909,77952,43
stepping,77977,77952,77977,25
sniffing,77997,77977,77997,20
left_turning,78087,77997,78087,90
walking,78128,78087,78128,41
sniffing,78256,78128,78256,128
climbing,78303,78256,78303,47
hunching,78368,78303,78368,65
rising,78406,78368,78406,38
walking,78432,78406,78432,26
rising,78483,78432,78483,51
climbing,78525,78483,78525,42
rearing,78629,78525,78629,104
left_turning,78657,78629,78657,28
walking,78666,78657,78666,9
sniffing,78667,78666,78667,1
left_turning,78695,78667,78695,28
walking,78699,78695,78699,4
rising,78744,78699,78744,45
climbing,78782,78744,78782,38
pausing,78932,78782,78932,150
sniffing,79019,78932,79019,87
climbing,79120,79019,79120,101
rearing,79272,79120,79272,152
climbing,79282,79272,79282,10
right_turning,79285,79282,79285,3
jumping,79288,79285,79288,3
sniffing,79369,79288,79369,81
walking,79384,79369,79384,15
right_turning,79385,79384,79385,1
climbing,79456,79385,79456,71
walking,79457,79456,79457,1
trotting,79508,79457,79508,51
left_turning,79520,79508,79520,12
sniffing,79596,79520,79596,76
walking,79607,79596,79607,11
sniffing,79608,79607,79608,1
rising,79661,79608,79661,53
right_turning,79662,79661,79662,1
sniffing,79663,79662,79663,1
climbing,79664,79663,79664,1
rising,79672,79664,79672,8
climbing,79697,79672,79697,25
left_turning,79756,79697,79756,59
walking,79794,79756,79794,38
sniffing,79857,79794,79857,63
left_turning,79858,79857,79858,1
walking,79927,79858,79927,69
sniffing,79956,79927,79956,29
climbing,79983,79956,79983,27
left_turning,80032,79983,80032,49
rising,80125,80032,80125,93
left_turning,80169,80125,80169,44
sniffing,80266,80169,80266,97
walking,80299,80266,80299,33
stepping,80315,80299,80315,16
sniffing,80316,80315,80316,1
stepping,80317,80316,80317,1
climbing,80327,80317,80327,10
right_turning,80336,80327,80336,9
walking,80374,80336,80374,38
climbing,80421,80374,80421,47
right_turning,80448,80421,80448,27
walking,80495,80448,80495,47
rising,80530,80495,80530,35
sniffing,80763,80530,80763,233
climbing,80812,80763,80812,49
rising,80869,80812,80869,57
climbing,80891,80869,80891,22
walking,80940,80891,80940,49
sniffing,80941,80940,80941,1
stepping,80974,80941,80974,33
walking,81057,80974,81057,83
trotting,81081,81057,81081,24
sniffing,81143,81081,81143,62
left_turning,81144,81143,81144,1
sniffing,81233,81144,81233,89
hunching,81336,81233,81336,103
sniffing,81348,81336,81348,12
grooming,81476,81348,81476,128
climbing,81546,81476,81546,70
rising,81571,81546,81571,25
stepping,81583,81571,81583,12
sniffing,81631,81583,81631,48
climbing,81767,81631,81767,136
walking,81785,81767,81785,18
stepping,81787,81785,81787,2
sniffing,81788,81787,81788,1
stepping,81806,81788,81806,18
walking,81812,81806,81812,6
sniffing,81813,81812,81813,1
walking,81855,81813,81855,42
rising,81866,81855,81866,11
climbing,81903,81866,81903,37
rearing,82029,81903,82029,126
sniffing,82073,82029,82073,44
climbing,82080,82073,82080,7
grooming,82592,82080,82592,512
rearing,82614,82592,82614,22
hunching,82782,82614,82782,168
sniffing,82805,82782,82805,23
left_turning,82827,82805,82827,22
trotting,82834,82827,82834,7
rising,82876,82834,82876,42
right_turning,82890,82876,82890,14
walking,82891,82890,82891,1
rising,82892,82891,82892,1
rearing,82893,82892,82893,1
left_turning,82894,82893,82894,1
walking,82911,82894,82911,17
sniffing,82991,82911,82991,80
rearing,83119,82991,83119,128
rising,83238,83119,83238,119
left_turning,83239,83238,83239,1
sniffing,83301,83239,83301,62
climbing,83331,83301,83331,30
rising,83332,83331,83332,1
right_turning,83352,83332,83352,20
rising,83379,83352,83379,27
rearing,83422,83379,83422,43
grooming,83423,83422,83423,1
sniffing,83430,83423,83430,7
walking,83458,83430,83458,28
rising,83491,83458,83491,33
climbing,83516,83491,83516,25
sniffing,83559,83516,83559,43
climbing,83626,83559,83626,67
sniffing,83647,83626,83647,21
walking,83658,83647,83658,11
hunching,83659,83658,83659,1
climbing,83660,83659,83660,1
walking,83702,83660,83702,42
sniffing,83778,83702,83778,76
climbing,83860,83778,83860,82
hunching,83919,83860,83919,59
right_turning,83932,83919,83932,13
walking,83972,83932,83972,40
rising,83973,83972,83973,1
sniffing,83983,83973,83983,10
trotting,83999,83983,83999,16
rising,84134,83999,84134,135
walking,84152,84134,84152,18
stepping,84185,84152,84185,33
climbing,84229,84185,84229,44
grooming,84318,84229,84318,89
left_turning,84319,84318,84319,1
walking,84338,84319,84338,19
running,84370,84338,84370,32
trotting,84396,84370,84396,26
rising,84458,84396,84458,62
sniffing,84530,84458,84530,72
rising,84545,84530,84545,15
climbing,84573,84545,84573,28
sniffing,84614,84573,84614,41
walking,84618,84614,84618,4
sniffing,84704,84618,84704,86
rising,84723,84704,84723,19
climbing,84731,84723,84731,8
rising,84790,84731,84790,59
sniffing,84862,84790,84862,72
rising,84917,84862,84917,55
right_turning,84928,84917,84928,11
rising,84944,84928,84944,16
climbing,85037,84944,85037,93
stepping,85068,85037,85068,31
trotting,85100,85068,85100,32
walking,85156,85100,85156,56
sniffing,85195,85156,85195,39
climbing,85240,85195,85240,45
right_turning,85276,85240,85276,36
trotting,85316,85276,85316,40
running,85342,85316,85342,26
stepping,85381,85342,85381,39
left_turning,85382,85381,85382,1
trotting,85390,85382,85390,8
rising,85409,85390,85409,19
climbing,85494,85409,85494,85
grooming,86078,85494,86078,584
rearing,86104,86078,86104,26
left_turning,86110,86104,86110,6
sniffing,86152,86110,86152,42
rising,86186,86152,86186,34
climbing,86233,86186,86233,47
sniffing,86234,86233,86234,1
stepping,86264,86234,86264,30
walking,86332,86264,86332,68
sniffing,86333,86332,86333,1
climbing,86377,86333,86377,44
rearing,86389,86377,86389,12
grooming,86476,86389,86476,87
hunching,86493,86476,86493,17
grooming,86532,86493,86532,39
left_turning,86549,86532,86549,17
trotting,86585,86549,86585,36
sniffing,86603,86585,86603,18
grooming,86604,86603,86604,1
hunching,86605,86604,86605,1
climbing,86629,86605,86629,24
rearing,86665,86629,86665,36
sniffing,86732,86665,86732,67
rising,86733,86732,86733,1
right_turning,86740,86733,86740,7
stepping,86792,86740,86792,52
rising,86833,86792,86833,41
climbing,86890,86833,86890,57
left_turning,86935,86890,86935,45
sniffing,86968,86935,86968,33
left_turning,86969,86968,86969,1
sniffing,87026,86969,87026,57
right_turning,87084,87026,87084,58
sniffing,87174,87084,87174,90
walking,87180,87174,87180,6
sniffing,87181,87180,87181,1
rearing,87282,87181,87282,101
rising,87331,87282,87331,49
walking,87361,87331,87361,30
sniffing,87461,87361,87461,100
stepping,87462,87461,87462,1
sniffing,87527,87462,87527,65
climbing,87570,87527,87570,43
running,87591,87570,87591,21
sniffing,87609,87591,87609,18
grooming,87648,87609,87648,39
climbing,87706,87648,87706,58
left_turning,87726,87706,87726,20
walking,87727,87726,87727,1
climbing,87765,87727,87765,38
sniffing,87844,87765,87844,79
walking,87925,87844,87925,81
sniffing,87943,87925,87943,18
climbing,87944,87943,87944,1
right_turning,87967,87944,87967,23
trotting,87989,87967,87989,22
sniffing,88043,87989,88043,54
walking,88051,88043,88051,8
rising,88087,88051,88087,36
stepping,88102,88087,88102,15
left_turning,88114,88102,88114,12
sniffing,88124,88114,88124,10
rising,88132,88124,88132,8
sniffing,88133,88132,88133,1
right_turning,88148,88133,88148,15
walking,88185,88148,88185,37
sniffing,88207,88185,88207,22
left_turning,88260,88207,88260,53
sniffing,88261,88260,88261,1
left_turning,88286,88261,88286,25
sniffing,88287,88286,88287,1
stepping,88342,88287,88342,55
sniffing,88410,88342,88410,68
climbing,88522,88410,88522,112
grooming,89189,88522,89189,667
sniffing,89221,89189,89221,32
right_turning,89241,89221,89241,20
sniffing,89292,89241,89292,51
walking,89298,89292,89298,6
sniffing,89306,89298,89306,8
rising,89318,89306,89318,12
sniffing,89319,89318,89319,1
walking,89343,89319,89343,24
stepping,89410,89343,89410,67
walking,89459,89410,89459,49
stepping,89480,89459,89480,21
left_turning,89521,89480,89521,41
trotting,89549,89521,89549,28
rising,89550,89549,89550,1
sniffing,89630,89550,89630,80
hunching,89749,89630,89749,119
rearing,89857,89749,89857,108
climbing,89873,89857,89873,16
sniffing,89901,89873,89901,28
walking,89920,89901,89920,19
trotting,89921,89920,89921,1
running,89922,89921,89922,1
left_turning,89927,89922,89927,5
sniffing,90010,89927,90010,83
rising,90011,90010,90011,1
walking,90025,90011,90025,14
sniffing,90091,90025,90091,66
hunching,90211,90091,90211,120
running,90245,90211,90245,34
left_turning,90282,90245,90282,37
stepping,90283,90282,90283,1
walking,90354,90283,90354,71
sniffing,90355,90354,90355,1
left_turning,90413,90355,90413,58
trotting,90468,90413,90468,55
sniffing,90555,90468,90555,87
rising,90586,90555,90586,31
sniffing,90662,90586,90662,76
rearing,90678,90662,90678,16
sniffing,90768,90678,90768,90
right_turning,90812,90768,90812,44
sniffing,90842,90812,90842,30
rising,90871,90842,90871,29
sniffing,90957,90871,90957,86
stepping,90964,90957,90964,7
sniffing,90999,90964,90999,35
walking,91015,90999,91015,16
left_turning,91018,91015,91018,3
trotting,91021,91018,91021,3
sniffing,91081,91021,91081,60
pausing,91082,91081,91082,1
right_turning,91093,91082,91093,11
sniffing,91125,91093,91125,32
left_turning,91126,91125,91126,1
sniffing,91189,91126,91189,63
climbing,91217,91189,91217,28
walking,91218,91217,91218,1
sniffing,91300,91218,91300,82
climbing,91358,91300,91358,58
rising,91385,91358,91385,27
left_turning,91386,91385,91386,1
walking,91419,91386,91419,33
sniffing,91537,91419,91537,118
rising,91538,91537,91538,1
sniffing,91539,91538,91539,1
trotting,91595,91539,91595,56
walking,91616,91595,91616,21
sniffing,91617,91616,91617,1
left_turning,91672,91617,91672,55
trotting,91715,91672,91715,43
rising,91716,91715,91716,1
climbing,91831,91716,91831,115
trotting,91873,91831,91873,42
left_turning,92027,91873,92027,154
stepping,92055,92027,92055,28
walking,92094,92055,92094,39
sniffing,92096,92094,92096,2
walking,92130,92096,92130,34
sniffing,92197,92130,92197,67
grooming,92295,92197,92295,98
walking,92303,92295,92303,8
climbing,92345,92303,92345,42
walking,92363,92345,92363,18
rearing,92396,92363,92396,33
climbing,92412,92396,92412,16
hunching,92539,92412,92539,127
sniffing,92540,92539,92540,1
left_turning,92541,92540,92541,1
sniffing,92643,92541,92643,102
grooming,92644,92643,92644,1
sniffing,92692,92644,92692,48
right_turning,92701,92692,92701,9
left_turning,92741,92701,92741,40
sniffing,92805,92741,92805,64
trotting,92846,92805,92846,41
rising,92855,92846,92855,9
sniffing,92913,92855,92913,58
pausing,93496,92913,93496,583
sniffing,93509,93496,93509,13
walking,93516,93509,93516,7
sniffing,93593,93516,93593,77
rising,93627,93593,93627,34
sniffing,93628,93627,93628,1
walking,93645,93628,93645,17
sniffing,93684,93645,93684,39
right_turning,93727,93684,93727,43
rising,93738,93727,93738,11
climbing,93750,93738,93750,12
hunching,93857,93750,93857,107
walking,93901,93857,93901,44
stepping,93902,93901,93902,1
left_turning,93956,93902,93956,54
sniffing,93970,93956,93970,14
left_turning,94024,93970,94024,54
sniffing,94025,94024,94025,1
climbing,94077,94025,94077,52
left_turning,94177,94077,94177,100
sniffing,94258,94177,94258,81
climbing,94259,94258,94259,1
sniffing,94341,94259,94341,82
rising,94380,94341,94380,39
sniffing,94381,94380,94381,1
rising,94401,94381,94401,20
climbing,94407,94401,94407,6
rising,94440,94407,94440,33
climbing,94441,94440,94441,1
right_turning,94475,94441,94475,34
walking,94539,94475,94539,64
trotting,94550,94539,94550,11
sniffing,94551,94550,94551,1
rearing,94649,94551,94649,98
rising,94667,94649,94667,18
sniffing,94756,94667,94756,89
rearing,94769,94756,94769,13
climbing,94797,94769,94797,28
rearing,94825,94797,94825,28
grooming,95074,94825,95074,249
climbing,95116,95074,95116,42
grooming,95306,95116,95306,190
sniffing,95405,95306,95405,99
pausing,95721,95405,95721,316
climbing,95743,95721,95743,22
rising,95751,95743,95751,8
climbing,95840,95751,95840,89
hunching,95886,95840,95886,46
sniffing,95887,95886,95887,1
rising,95888,95887,95888,1
sniffing,95950,95888,95950,62
rising,96009,95950,96009,59
climbing,96013,96009,96013,4
sniffing,96019,96013,96019,6
trotting,96061,96019,96061,42
stepping,96096,96061,96096,35
rearing,96097,96096,96097,1
sniffing,96176,96097,96176,79
rising,96178,96176,96178,2
right_turning,96208,96178,96208,30
sniffing,96241,96208,96241,33
right_turning,96269,96241,96269,28
stepping,96306,96269,96306,37
sniffing,96307,96306,96307,1
rearing,96334,96307,96334,27
grooming,96356,96334,96356,22
rearing,96388,96356,96388,32
sniffing,96454,96388,96454,66
rising,96469,96454,96469,15
stepping,96489,96469,96489,20
rising,96493,96489,96493,4
climbing,96535,96493,96535,42
sniffing,96617,96535,96617,82
rising,96633,96617,96633,16
sniffing,96668,96633,96668,35
right_turning,96698,96668,96698,30
walking,96756,96698,96756,58
sniffing,96757,96756,96757,1
left_turning,96807,96757,96807,50
sniffing,96879,96807,96879,72
walking,96905,96879,96905,26
trotting,96918,96905,96918,13
sniffing,96986,96918,96986,68
walking,97026,96986,97026,40
left_turning,97076,97026,97076,50
walking,97111,97076,97111,35
sniffing,97203,97111,97203,92
walking,97204,97203,97204,1
rising,97223,97204,97223,19
sniffing,97330,97223,97330,107
walking,97346,97330,97346,16
sniffing,97347,97346,97347,1
rising,97351,97347,97351,4
rearing,97389,97351,97389,38
rising,97408,97389,97408,19
climbing,97439,97408,97439,31
hunching,97473,97439,97473,34
sniffing,97527,97473,97527,54
hunching,97528,97527,97528,1
sniffing,97529,97528,97529,1
walking,97560,97529,97560,31
left_turning,97595,97560,97595,35
running,97625,97595,97625,30
sniffing,97675,97625,97675,50
climbing,97680,97675,97680,5
hunching,97704,97680,97704,24
right_turning,97713,97704,97713,9
running,97752,97713,97752,39
sniffing,97753,97752,97753,1
pausing,98167,97753,98167,414
sniffing,98204,98167,98204,37
rising,98261,98204,98261,57
climbing,98262,98261,98262,1
rising,98263,98262,98263,1
climbing,98269,98263,98269,6
rising,98320,98269,98320,51
grooming,98321,98320,98321,1
rearing,98322,98321,98322,1
walking,98346,98322,98346,24
rearing,98347,98346,98347,1
sniffing,98363,98347,98363,16
walking,98396,98363,98396,33
stepping,98456,98396,98456,60
rising,98516,98456,98516,60
climbing,98545,98516,98545,29
rearing,98575,98545,98575,30
rising,98593,98575,98593,18
sniffing,98628,98593,98628,35
walking,98635,98628,98635,7
sniffing,98636,98635,98636,1
walking,98659,98636,98659,23
sniffing,98758,98659,98758,99
left_turning,98782,98758,98782,24
walking,98783,98782,98783,1
sniffing,98799,98783,98799,16
rising,98823,98799,98823,24
walking,98832,98823,98832,9
sniffing,98890,98832,98890,58
left_turning,98944,98890,98944,54
pausing,98954,98944,98954,10
sniffing,99011,98954,99011,57
climbing,99105,99011,99105,94
running,99152,99105,99152,47
right_turning,99163,99152,99163,11
trotting,99191,99163,99191,28
stepping,99204,99191,99204,13
walking,99205,99204,99205,1
right_turning,99210,99205,99210,5
trotting,99231,99210,99231,21
rising,99232,99231,99232,1
walking,99288,99232,99288,56
left_turning,99332,99288,99332,44
stepping,99344,99332,99344,12
sniffing,99378,99344,99378,34
grooming,99660,99378,99660,282
climbing,99668,99660,99668,8
rising,99669,99668,99669,1
hunching,99713,99669,99713,44
sniffing,99714,99713,99714,1
stepping,99721,99714,99721,7
walking,99743,99721,99743,22
climbing,99744,99743,99744,1
walking,99745,99744,99745,1
sniffing,99767,99745,99767,22
rising,99857,99767,99857,90
sniffing,99884,99857,99884,27
left_turning,99928,99884,99928,44
sniffing,100129,99928,100129,201
walking,100168,100129,100168,39
sniffing,100249,100168,100249,81
left_turning,100336,100249,100336,87
sniffing,100358,100336,100358,22
left_turning,100394,100358,100394,36
sniffing,100395,100394,100395,1
stepping,100404,100395,100404,9
walking,100414,100404,100414,10
sniffing,100463,100414,100463,49
grooming,100795,100463,100795,332
left_turning,100849,100795,100849,54
pausing,100850,100849,100850,1
sniffing,100922,100850,100922,72
stepping,100923,100922,100923,1
left_turning,100938,100923,100938,15
sniffing,100979,100938,100979,41
hunching,101134,100979,101134,155
rearing,101135,101134,101135,1
sniffing,101155,101135,101155,20
rising,101276,101155,101276,121
climbing,101277,101276,101277,1
grooming,101291,101277,101291,14
climbing,101385,101291,101385,94
rising,101607,101385,101607,222
walking,101652,101607,101652,45
sniffing,101653,101652,101653,1
left_turning,101659,101653,101659,6
sniffing,101743,101659,101743,84
pausing,101744,101743,101744,1
sniffing,101760,101744,101760,16
left_turning,101820,101760,101820,60
walking,101861,101820,101861,41
sniffing,101938,101861,101938,77
left_turning,101991,101938,101991,53
sniffing,102220,101991,102220,229
walking,102242,102220,102242,22
trotting,102273,102242,102273,31
sniffing,102474,102273,102474,201
trotting,102502,102474,102502,28
sniffing,102529,102502,102529,27
rising,102551,102529,102551,22
climbing,102650,102551,102650,99
stepping,102689,102650,102689,39
hunching,102690,102689,102690,1
climbing,102763,102690,102763,73
sniffing,102813,102763,102813,50
rearing,102814,102813,102814,1
rising,102855,102814,102855,41
climbing,102865,102855,102865,10
walking,102882,102865,102882,17
climbing,102967,102882,102967,85
sniffing,103267,102967,103267,300
rearing,103346,103267,103346,79
walking,103398,103346,103398,52
rearing,103544,103398,103544,146
grooming,103813,103544,103813,269
climbing,103869,103813,103869,56
hunching,103904,103869,103904,35
rearing,104144,103904,104144,240
sniffing,104163,104144,104163,19
rising,104244,104163,104244,81
climbing,104288,104244,104288,44
walking,104310,104288,104310,22
sniffing,104354,104310,104354,44
pausing,104355,104354,104355,1
sniffing,104435,104355,104435,80
right_turning,104466,104435,104466,31
trotting,104475,104466,104475,9
rising,104525,104475,104525,50
sniffing,104643,104525,104643,118
rising,104753,104643,104753,110
climbing,104862,104753,104862,109
walking,104964,104862,104964,102
left_turning,105097,104964,105097,133
rearing,105179,105097,105179,82
climbing,105187,105179,105187,8
grooming,105679,105187,105679,492
climbing,105731,105679,105731,52
walking,105738,105731,105738,7
sniffing,105739,105738,105739,1
hunching,105809,105739,105809,70
sniffing,105849,105809,105849,40
rearing,105873,105849,105873,24
grooming,105882,105873,105882,9
sniffing,105883,105882,105883,1
rearing,105968,105883,105968,85
sniffing,105969,105968,105969,1
rising,106021,105969,106021,52
rearing,106243,106021,106243,222
sniffing,106253,106243,106253,10
grooming,106520,106253,106520,267
rearing,106633,106520,106633,113
hunching,106742,106633,106742,109
sniffing,106743,106742,106743,1
rising,106782,106743,106782,39
climbing,106783,106782,106783,1
sniffing,106864,106783,106864,81
climbing,106927,106864,106927,63
sniffing,107039,106927,107039,112
walking,107084,107039,107084,45
trotting,107108,107084,107108,24
rising,107239,107108,107239,131
running,107260,107239,107260,21
left_turning,107387,107260,107387,127
grooming,107512,107387,107512,125
rearing,107532,107512,107532,20
sniffing,107602,107532,107602,70
stepping,107656,107602,107656,54
climbing,107675,107656,107675,19
running,107723,107675,107723,48
walking,107724,107723,107724,1
stepping,107779,107724,107779,55
sniffing,107780,107779,107780,1
walking,107781,107780,107781,1
sniffing,107816,107781,107816,35
left_turning,107860,107816,107860,44
sniffing,108000,107860,108000,140
