revised_movement_label,segBoundary,segBoundary_start,segBoundary_end,length
walking,5,0,5,5
running,29,5,29,24
trotting,63,29,63,34
sniffing,113,63,113,50
walking,144,113,144,31
sniffing,180,144,180,36
right_turning,183,180,183,3
stepping,204,183,204,21
climbing,251,204,251,47
left_turning,285,251,285,34
sniffing,412,285,412,127
pausing,413,412,413,1
sniffing,480,413,480,67
climbing,511,480,511,31
sniffing,525,511,525,14
left_turning,534,525,534,9
rearing,583,534,583,49
grooming,584,583,584,1
sniffing,689,584,689,105
walking,697,689,697,8
sniffing,762,697,762,65
stepping,763,762,763,1
walking,815,763,815,52
left_turning,860,815,860,45
sniffing,861,860,861,1
left_turning,930,861,930,69
trotting,960,930,960,30
rising,1057,960,1057,97
walking,1095,1057,1095,38
stepping,1120,1095,1120,25
right_turning,1122,1120,1122,2
sniffing,1140,1122,1140,18
rearing,1150,1140,1150,10
climbing,1196,1150,1196,46
walking,1213,1196,1213,17
stepping,1251,1213,1251,38
running,1281,1251,1281,30
rising,1306,1281,1306,25
right_turning,1336,1306,1336,30
walking,1362,1336,1362,26
running,1399,1362,1399,37
trotting,1427,1399,1427,28
walking,1468,1427,1468,41
sniffing,1488,1468,1488,20
climbing,1512,1488,1512,24
walking,1535,1512,1535,23
rising,1540,1535,1540,5
climbing,1569,1540,1569,29
sniffing,1622,1569,1622,53
walking,1647,1622,1647,25
sniffing,1648,1647,1648,1
left_turning,1657,1648,1657,9
walking,1717,1657,1717,60
rising,1718,1717,1718,1
sniffing,1730,1718,1730,12
left_turning,1744,1730,1744,14
sniffing,1764,1744,1764,20
trotting,1827,1764,1827,63
walking,1832,1827,1832,5
rising,1833,1832,1833,1
climbing,1867,1833,1867,34
stepping,1885,1867,1885,18
climbing,1979,1885,1979,94
sniffing,2018,1979,2018,39
rising,2378,2018,2378,360
walking,2432,2378,2432,54
sniffing,2522,2432,2522,90
trotting,2531,2522,2531,9
walking,2624,2531,2624,93
sniffing,2625,2624,2625,1
rising,2626,2625,2626,1
sniffing,2633,2626,2633,7
rising,2689,2633,2689,56
climbing,2715,2689,2715,26
hunching,2804,2715,2804,89
rising,2812,2804,2812,8
grooming,2898,2812,2898,86
climbing,2951,2898,2951,53
right_turning,2953,2951,2953,2
trotting,2980,2953,2980,27
sniffing,2981,2980,2981,1
rising,2994,2981,2994,13
climbing,3019,2994,3019,25
sniffing,3062,3019,3062,43
rearing,3214,3062,3214,152
climbing,3245,3214,3245,31
walking,3310,3245,3310,65
climbing,3367,3310,3367,57
sniffing,3378,3367,3378,11
rising,3379,3378,3379,1
sniffing,3437,3379,3437,58
rising,3483,3437,3483,46
climbing,3515,3483,3515,32
rising,3519,3515,3519,4
walking,3547,3519,3547,28
stepping,3562,3547,3562,15
sniffing,3595,3562,3595,33
left_turning,3600,3595,3600,5
rising,3623,3600,3623,23
sniffing,3664,3623,3664,41
trotting,3727,3664,3727,63
left_turning,3761,3727,3761,34
walking,3794,3761,3794,33
climbing,3841,3794,3841,47
running,3854,3841,3854,13
walking,3855,3854,3855,1
sniffing,3856,3855,3856,1
walking,3936,3856,3936,80
climbing,3965,3936,3965,29
sniffing,3971,3965,3971,6
left_turning,3972,3971,3972,1
walking,3998,3972,3998,26
rising,4120,3998,4120,122
climbing,4183,4120,4183,63
rising,4230,4183,4230,47
trotting,4283,4230,4283,53
walking,4301,4283,4301,18
sniffing,4398,4301,4398,97
trotting,4424,4398,4424,26
walking,4461,4424,4461,37
running,4471,4461,4471,10
sniffing,4472,4471,4472,1
rising,4473,4472,4473,1
sniffing,4474,4473,4474,1
walking,4524,4474,4524,50
climbing,4573,4524,4573,49
sniffing,4574,4573,4574,1
rising,4591,4574,4591,17
right_turning,4624,4591,4624,33
left_turning,4633,4624,4633,9
trotting,4642,4633,4642,9
walking,4734,4642,4734,92
stepping,4735,4734,4735,1
climbing,4801,4735,4801,66
sniffing,4821,4801,4821,20
rising,4851,4821,4851,30
sniffing,4924,4851,4924,73
left_turning,4961,4924,4961,37
rearing,4962,4961,4962,1
grooming,5257,4962,5257,295
climbing,5280,5257,5280,23
trotting,5281,5280,5281,1
sniffing,5357,5281,5357,76
trotting,5394,5357,5394,37
sniffing,5416,5394,5416,22
walking,5448,5416,5448,32
rising,5488,5448,5488,40
walking,5541,5488,5541,53
left_turning,5578,5541,5578,37
running,5595,5578,5595,17
walking,5614,5595,5614,19
climbing,5647,5614,5647,33
sniffing,5739,5647,5739,92
climbing,5746,5739,5746,7
running,5752,5746,5752,6
right_turning,5772,5752,5772,20
walking,5815,5772,5815,43
sniffing,5976,5815,5976,161
trotting,6023,5976,6023,47
stepping,6038,6023,6038,15
climbing,6090,6038,6090,52
stepping,6120,6090,6120,30
climbing,6167,6120,6167,47
rising,6261,6167,6261,94
climbing,6320,6261,6320,59
rising,6584,6320,6584,264
rearing,6620,6584,6620,36
rising,6621,6620,6621,1
right_turning,6659,6621,6659,38
rising,6692,6659,6692,33
walking,6746,6692,6746,54
sniffing,6756,6746,6756,10
walking,6776,6756,6776,20
sniffing,6777,6776,6777,1
trotting,6778,6777,6778,1
stepping,6824,6778,6824,46
walking,6853,6824,6853,29
rising,6950,6853,6950,97
climbing,6959,6950,6959,9
hunching,7036,6959,7036,77
climbing,7083,7036,7083,47
rising,7091,7083,7091,8
left_turning,7102,7091,7102,11
trotting,7110,7102,7110,8
rising,7224,7110,7224,114
climbing,7309,7224,7309,85
trotting,7368,7309,7368,59
sniffing,7369,7368,7369,1
trotting,7378,7369,7378,9
sniffing,7443,7378,7443,65
walking,7456,7443,7456,13
climbing,7471,7456,7471,15
walking,7483,7471,7483,12
sniffing,7487,7483,7487,4
trotting,7509,7487,7509,22
rising,7589,7509,7589,80
climbing,7637,7589,7637,48
walking,7638,7637,7638,1
climbing,7676,7638,7676,38
walking,7722,7676,7722,46
climbing,7757,7722,7757,35
trotting,7770,7757,7770,13
walking,7865,7770,7865,95
hunching,7909,7865,7909,44
sniffing,7910,7909,7910,1
trotting,7924,7910,7924,14
walking,7955,7924,7955,31
left_turning,7960,7955,7960,5
walking,8009,7960,8009,49
hunching,8076,8009,8076,67
rearing,8259,8076,8259,183
grooming,8348,8259,8348,89
sniffing,8390,8348,8390,42
hunching,8391,8390,8391,1
climbing,8435,8391,8435,44
left_turning,8477,8435,8477,42
sniffing,8478,8477,8478,1
walking,8500,8478,8500,22
sniffing,8559,8500,8559,59
climbing,8611,8559,8611,52
walking,8707,8611,8707,96
sniffing,8792,8707,8792,85
grooming,8793,8792,8793,1
sniffing,8803,8793,8803,10
climbing,8822,8803,8822,19
sniffing,8829,8822,8829,7
climbing,8837,8829,8837,8
rising,8897,8837,8897,60
climbing,8934,8897,8934,37
rising,8943,8934,8943,9
sniffing,8998,8943,8998,55
left_turning,9015,8998,9015,17
rearing,9021,9015,9021,6
climbing,9074,9021,9074,53
sniffing,9075,9074,9075,1
right_turning,9076,9075,9076,1
walking,9110,9076,9110,34
rising,9144,9110,9144,34
climbing,9195,9144,9195,51
walking,9257,9195,9257,62
sniffing,9266,9257,9266,9
trotting,9329,9266,9329,63
stepping,9377,9329,9377,48
trotting,9388,9377,9388,11
climbing,9462,9388,9462,74
rising,9475,9462,9475,13
sniffing,9477,9475,9477,2
walking,9557,9477,9557,80
sniffing,9612,9557,9612,55
walking,9642,9612,9642,30
sniffing,9643,9642,9643,1
right_turning,9690,9643,9690,47
walking,9691,9690,9691,1
climbing,9760,9691,9760,69
rearing,9843,9760,9843,83
rising,9859,9843,9859,16
sniffing,9912,9859,9912,53
trotting,9946,9912,9946,34
stepping,9984,9946,9984,38
sniffing,9985,9984,9985,1
rising,10096,9985,10096,111
sniffing,10147,10096,10147,51
climbing,10186,10147,10186,39
rising,10187,10186,10187,1
climbing,10238,10187,10238,51
walking,10308,10238,10308,70
sniffing,10361,10308,10361,53
right_turning,10388,10361,10388,27
left_turning,10408,10388,10408,20
sniffing,10409,10408,10409,1
rising,10483,10409,10483,74
sniffing,10577,10483,10577,94
left_turning,10617,10577,10617,40
walking,10629,10617,10629,12
sniffing,10689,10629,10689,60
walking,10746,10689,10746,57
left_turning,10782,10746,10782,36
sniffing,10849,10782,10849,67
trotting,10876,10849,10876,27
walking,10946,10876,10946,70
sniffing,11041,10946,11041,95
stepping,11047,11041,11047,6
walking,11052,11047,11052,5
rising,11053,11052,11053,1
sniffing,11078,11053,11078,25
rising,11212,11078,11212,134
sniffing,11307,11212,11307,95
left_turning,11342,11307,11342,35
walking,11400,11342,11400,58
trotting,11418,11400,11418,18
walking,11419,11418,11419,1
sniffing,11490,11419,11490,71
right_turning,11546,11490,11546,56
stepping,11593,11546,11593,47
trotting,11631,11593,11631,38
sniffing,11632,11631,11632,1
stepping,11685,11632,11685,53
sniffing,11769,11685,11769,84
left_turning,11805,11769,11805,36
walking,11806,11805,11806,1
rising,11827,11806,11827,21
climbing,11888,11827,11888,61
walking,11907,11888,11907,19
sniffing,11959,11907,11959,52
walking,12009,11959,12009,50
rearing,12015,12009,12015,6
walking,12093,12015,12093,78
right_turning,12145,12093,12145,52
trotting,12160,12145,12160,15
sniffing,12255,12160,12255,95
climbing,12290,12255,12290,35
rising,12321,12290,12321,31
sniffing,12351,12321,12351,30
rising,12372,12351,12372,21
climbing,12458,12372,12458,86
sniffing,12587,12458,12587,129
climbing,12588,12587,12588,1
rising,12762,12588,12762,174
walking,12776,12762,12776,14
sniffing,12777,12776,12777,1
grooming,12827,12777,12827,50
rearing,12871,12827,12871,44
grooming,13191,12871,13191,320
walking,13201,13191,13201,10
climbing,13286,13201,13286,85
sniffing,13287,13286,13287,1
rising,13288,13287,13288,1
climbing,13344,13288,13344,56
sniffing,13393,13344,13393,49
rising,13394,13393,13394,1
climbing,13497,13394,13497,103
sniffing,13560,13497,13560,63
hunching,13588,13560,13588,28
right_turning,13593,13588,13593,5
left_turning,13624,13593,13624,31
walking,13643,13624,13643,19
stepping,13670,13643,13670,27
climbing,13695,13670,13695,25
sniffing,13717,13695,13717,22
right_turning,13756,13717,13756,39
trotting,13792,13756,13792,36
left_turning,13813,13792,13813,21
walking,13818,13813,13818,5
sniffing,13883,13818,13883,65
climbing,13945,13883,13945,62
sniffing,14005,13945,14005,60
rising,14006,14005,14006,1
sniffing,14021,14006,14021,15
trotting,14043,14021,14043,22
sniffing,14137,14043,14137,94
left_turning,14196,14137,14196,59
walking,14201,14196,14201,5
rising,14202,14201,14202,1
walking,14219,14202,14219,17
rising,14220,14219,14220,1
climbing,14273,14220,14273,53
sniffing,14281,14273,14281,8
climbing,14326,14281,14326,45
running,14336,14326,14336,10
sniffing,14337,14336,14337,1
walking,14388,14337,14388,51
trotting,14415,14388,14415,27
sniffing,14443,14415,14443,28
climbing,14479,14443,14479,36
left_turning,14483,14479,14483,4
sniffing,14526,14483,14526,43
climbing,14538,14526,14538,12
sniffing,14589,14538,14589,51
hunching,14590,14589,14590,1
rearing,14842,14590,14842,252
sniffing,14902,14842,14902,60
left_turning,14913,14902,14913,11
sniffing,14994,14913,14994,81
rising,15012,14994,15012,18
sniffing,15013,15012,15013,1
rising,15014,15013,15014,1
walking,15061,15014,15061,47
sniffing,15078,15061,15078,17
left_turning,15104,15078,15104,26
trotting,15137,15104,15137,33
sniffing,15167,15137,15167,30
rising,15204,15167,15204,37
walking,15211,15204,15211,7
left_turning,15259,15211,15259,48
sniffing,15325,15259,15325,66
running,15347,15325,15347,22
trotting,15363,15347,15363,16
sniffing,15429,15363,15429,66
climbing,15446,15429,15446,17
sniffing,15460,15446,15460,14
rising,15540,15460,15540,80
sniffing,15595,15540,15595,55
trotting,15619,15595,15619,24
walking,15621,15619,15621,2
sniffing,15622,15621,15622,1
rising,15648,15622,15648,26
climbing,15709,15648,15709,61
sniffing,15738,15709,15738,29
right_turning,15749,15738,15749,11
trotting,15770,15749,15770,21
walking,15786,15770,15786,16
right_turning,15832,15786,15832,46
sniffing,15881,15832,15881,49
walking,15899,15881,15899,18
sniffing,15953,15899,15953,54
trotting,15956,15953,15956,3
rising,15980,15956,15980,24
sniffing,16062,15980,16062,82
walking,16084,16062,16084,22
right_turning,16117,16084,16117,33
sniffing,16195,16117,16195,78
climbing,16221,16195,16221,26
walking,16233,16221,16233,12
right_turning,16244,16233,16244,11
stepping,16288,16244,16288,44
rising,16328,16288,16328,40
walking,16375,16328,16375,47
sniffing,16386,16375,16386,11
rising,16420,16386,16420,34
sniffing,16529,16420,16529,109
climbing,16584,16529,16584,55
stepping,16602,16584,16602,18
left_turning,16642,16602,16642,40
sniffing,16677,16642,16677,35
stepping,16696,16677,16696,19
sniffing,16707,16696,16707,11
walking,16708,16707,16708,1
left_turning,16727,16708,16727,19
sniffing,16745,16727,16745,18
left_turning,16746,16745,16746,1
stepping,16836,16746,16836,90
sniffing,16854,16836,16854,18
rising,16870,16854,16870,16
climbing,16900,16870,16900,30
rising,16941,16900,16941,41
climbing,16989,16941,16989,48
walking,16996,16989,16996,7
sniffing,17027,16996,17027,31
rising,17069,17027,17069,42
sniffing,17192,17069,17192,123
stepping,17193,17192,17193,1
right_turning,17200,17193,17200,7
trotting,17221,17200,17221,21
sniffing,17341,17221,17341,120
left_turning,17348,17341,17348,7
walking,17387,17348,17387,39
trotting,17408,17387,17408,21
stepping,17418,17408,17418,10
climbing,17455,17418,17455,37
rising,17543,17455,17543,88
climbing,17593,17543,17593,50
rearing,17594,17593,17594,1
grooming,17948,17594,17948,354
rearing,17989,17948,17989,41
grooming,18234,17989,18234,245
walking,18245,18234,18245,11
sniffing,18246,18245,18246,1
rising,18260,18246,18260,14
stepping,18261,18260,18261,1
walking,18303,18261,18303,42
climbing,18323,18303,18323,20
sniffing,18354,18323,18354,31
climbing,18423,18354,18423,69
rearing,18424,18423,18424,1
left_turning,18439,18424,18439,15
trotting,18449,18439,18449,10
walking,18475,18449,18475,26
sniffing,18506,18475,18506,31
walking,18537,18506,18537,31
rising,18573,18537,18573,36
sniffing,18653,18573,18653,80
rising,18718,18653,18718,65
sniffing,18719,18718,18719,1
climbing,18758,18719,18758,39
walking,18821,18758,18821,63
sniffing,18867,18821,18867,46
rising,18919,18867,18919,52
stepping,18953,18919,18953,34
sniffing,19016,18953,19016,63
climbing,19086,19016,19086,70
right_turning,19101,19086,19101,15
walking,19110,19101,19110,9
sniffing,19111,19110,19111,1
stepping,19140,19111,19140,29
running,19166,19140,19166,26
stepping,19180,19166,19180,14
climbing,19191,19180,19191,11
rearing,19192,19191,19192,1
sniffing,19193,19192,19193,1
rising,19194,19193,19194,1
climbing,19241,19194,19241,47
sniffing,19299,19241,19299,58
running,19325,19299,19325,26
walking,19398,19325,19398,73
trotting,19410,19398,19410,12
left_turning,19425,19410,19425,15
sniffing,19426,19425,19426,1
climbing,19469,19426,19469,43
rearing,19614,19469,19614,145
climbing,19747,19614,19747,133
stepping,19759,19747,19759,12
right_turning,19769,19759,19769,10
running,19776,19769,19776,7
rising,19777,19776,19777,1
sniffing,19778,19777,19778,1
rising,19963,19778,19963,185
rearing,20002,19963,20002,39
rising,20003,20002,20003,1
stepping,20087,20003,20087,84
trotting,20130,20087,20130,43
walking,20150,20130,20150,20
rising,20180,20150,20180,30
stepping,20213,20180,20213,33
sniffing,20295,20213,20295,82
hunching,20296,20295,20296,1
climbing,20334,20296,20334,38
right_turning,20370,20334,20370,36
sniffing,20413,20370,20413,43
rising,20414,20413,20414,1
climbing,20464,20414,20464,50
rising,20573,20464,20573,109
sniffing,20619,20573,20619,46
walking,20620,20619,20620,1
rising,20638,20620,20638,18
climbing,20712,20638,20712,74
sniffing,20750,20712,20750,38
walking,20802,20750,20802,52
right_turning,20807,20802,20807,5
walking,20836,20807,20836,29
climbing,20893,20836,20893,57
rearing,20983,20893,20983,90
sniffing,21027,20983,21027,44
trotting,21040,21027,21040,13
sniffing,21107,21040,21107,67
walking,21153,21107,21153,46
rising,21194,21153,21194,41
climbing,21262,21194,21262,68
rising,21309,21262,21309,47
walking,21332,21309,21332,23
sniffing,21333,21332,21333,1
rising,21334,21333,21334,1
climbing,21361,21334,21361,27
left_turning,21380,21361,21380,19
sniffing,21444,21380,21444,64
left_turning,21465,21444,21465,21
sniffing,21506,21465,21506,41
walking,21508,21506,21508,2
left_turning,21537,21508,21537,29
walking,21538,21537,21538,1
running,21576,21538,21576,38
walking,21579,21576,21579,3
rising,21580,21579,21580,1
climbing,21632,21580,21632,52
sniffing,21671,21632,21671,39
climbing,21672,21671,21672,1
rising,21748,21672,21748,76
grooming,21987,21748,21987,239
stepping,22002,21987,22002,15
left_turning,22003,22002,22003,1
walking,22006,22003,22006,3
climbing,22031,22006,22031,25
rising,22037,22031,22037,6
walking,22076,22037,22076,39
climbing,22149,22076,22149,73
running,22159,22149,22159,10
sniffing,22202,22159,22202,43
trotting,22203,22202,22203,1
walking,22262,22203,22262,59
sniffing,22274,22262,22274,12
rising,22275,22274,22275,1
sniffing,22331,22275,22331,56
walking,22332,22331,22332,1
sniffing,22353,22332,22353,21
rising,22380,22353,22380,27
walking,22422,22380,22422,42
rising,22457,22422,22457,35
climbing,22505,22457,22505,48
sniffing,22574,22505,22574,69
rearing,22611,22574,22611,37
trotting,22652,22611,22652,41
walking,22712,22652,22712,60
rising,22739,22712,22739,27
climbing,22755,22739,22755,16
rising,22756,22755,22756,1
climbing,22808,22756,22808,52
trotting,22830,22808,22830,22
walking,22867,22830,22867,37
stepping,22914,22867,22914,47
rising,22980,22914,22980,66
climbing,23048,22980,23048,68
walking,23051,23048,23051,3
sniffing,23063,23051,23063,12
left_turning,23064,23063,23064,1
sniffing,23119,23064,23119,55
walking,23132,23119,23132,13
stepping,23144,23132,23144,12
walking,23145,23144,23145,1
climbing,23183,23145,23183,38
sniffing,23204,23183,23204,21
right_turning,23205,23204,23205,1
walking,23243,23205,23243,38
climbing,23270,23243,23270,27
rising,23310,23270,23310,40
climbing,23370,23310,23370,60
sniffing,23396,23370,23396,26
climbing,23460,23396,23460,64
sniffing,23519,23460,23519,59
rising,23574,23519,23574,55
climbing,23615,23574,23615,41
rising,23616,23615,23616,1
climbing,23657,23616,23657,41
rising,23658,23657,23658,1
grooming,23659,23658,23659,1
walking,23694,23659,23694,35
sniffing,23700,23694,23700,6
stepping,23741,23700,23741,41
sniffing,23816,23741,23816,75
walking,23856,23816,23856,40
rising,23902,23856,23902,46
climbing,23903,23902,23903,1
hunching,23966,23903,23966,63
rising,23976,23966,23976,10
right_turning,24001,23976,24001,25
rising,24002,24001,24002,1
climbing,24019,24002,24019,17
trotting,24040,24019,24040,21
sniffing,24045,24040,24045,5
climbing,24141,24045,24141,96
walking,24155,24141,24155,14
sniffing,24165,24155,24165,10
trotting,24208,24165,24208,43
rising,24260,24208,24260,52
sniffing,24304,24260,24304,44
rising,24328,24304,24328,24
climbing,24372,24328,24372,44
sniffing,24377,24372,24377,5
walking,24414,24377,24414,37
sniffing,24449,24414,24449,35
climbing,24473,24449,24473,24
trotting,24493,24473,24493,20
walking,24508,24493,24508,15
sniffing,24595,24508,24595,87
stepping,24611,24595,24611,16
sniffing,24710,24611,24710,99
walking,24711,24710,24711,1
right_turning,24726,24711,24726,15
trotting,24766,24726,24766,40
sniffing,24874,24766,24874,108
rearing,25035,24874,25035,161
rising,25036,25035,25036,1
stepping,25049,25036,25049,13
sniffing,25089,25049,25089,40
walking,25136,25089,25136,47
sniffing,25143,25136,25143,7
rising,25223,25143,25223,80
sniffing,25224,25223,25224,1
rising,25225,25224,25225,1
rearing,25283,25225,25283,58
hunching,25330,25283,25330,47
sniffing,25378,25330,25378,48
walking,25406,25378,25406,28
sniffing,25471,25406,25471,65
rearing,25493,25471,25493,22
hunching,25554,25493,25554,61
rising,25605,25554,25605,51
hunching,25638,25605,25638,33
sniffing,25640,25638,25640,2
climbing,25648,25640,25648,8
walking,25680,25648,25680,32
sniffing,25699,25680,25699,19
rising,25715,25699,25715,16
rearing,25781,25715,25781,66
sniffing,25815,25781,25815,34
rising,25816,25815,25816,1
stepping,25853,25816,25853,37
sniffing,25854,25853,25854,1
left_turning,25855,25854,25855,1
stepping,25940,25855,25940,85
left_turning,25943,25940,25943,3
sniffing,25944,25943,25944,1
rising,25945,25944,25945,1
climbing,25965,25945,25965,20
sniffing,25998,25965,25998,33
hunching,26101,25998,26101,103
walking,26152,26101,26152,51
sniffing,26172,26152,26172,20
trotting,26195,26172,26195,23
sniffing,26283,26195,26283,88
left_turning,26285,26283,26285,2
sniffing,26318,26285,26318,33
right_turning,26319,26318,26319,1
running,26344,26319,26344,25
left_turning,26389,26344,26389,45
walking,26390,26389,26390,1
sniffing,26494,26390,26494,104
walking,26537,26494,26537,43
sniffing,26602,26537,26602,65
rising,26603,26602,26603,1
rearing,26673,26603,26673,70
hunching,26674,26673,26674,1
sniffing,26686,26674,26686,12
left_turning,26721,26686,26721,35
sniffing,26730,26721,26730,9
right_turning,26731,26730,26731,1
trotting,26741,26731,26741,10
walking,26746,26741,26746,5
sniffing,26832,26746,26832,86
walking,26870,26832,26870,38
climbing,26925,26870,26925,55
sniffing,26985,26925,26985,60
walking,27017,26985,27017,32
left_turning,27047,27017,27047,30
rising,27104,27047,27104,57
sniffing,27151,27104,27151,47
left_turning,27159,27151,27159,8
trotting,27202,27159,27202,43
sniffing,27248,27202,27248,46
climbing,27289,27248,27289,41
sniffing,27298,27289,27298,9
left_turning,27372,27298,27372,74
rising,27449,27372,27449,77
sniffing,27468,27449,27468,19
walking,27548,27468,27548,80
climbing,27589,27548,27589,41
right_turning,27609,27589,27609,20
walking,27626,27609,27626,17
stepping,27670,27626,27670,44
walking,27685,27670,27685,15
left_turning,27719,27685,27719,34
running,27741,27719,27741,22
walking,27767,27741,27767,26
climbing,27822,27767,27822,55
sniffing,27977,27822,27977,155
climbing,28053,27977,28053,76
sniffing,28101,28053,28101,48
walking,28102,28101,28102,1
left_turning,28128,28102,28128,26
sniffing,28143,28128,28143,15
walking,28169,28143,28169,26
stepping,28201,28169,28201,32
trotting,28225,28201,28225,24
sniffing,28265,28225,28265,40
grooming,28345,28265,28345,80
sniffing,28350,28345,28350,5
walking,28351,28350,28351,1
sniffing,28352,28351,28352,1
walking,28365,28352,28365,13
climbing,28384,28365,28384,19
sniffing,28389,28384,28389,5
walking,28426,28389,28426,37
sniffing,28508,28426,28508,82
rising,28558,28508,28558,50
sniffing,28583,28558,28583,25
left_turning,28618,28583,28618,35
sniffing,28693,28618,28693,75
rearing,28829,28693,28829,136
rising,28830,28829,28830,1
climbing,28891,28830,28891,61
walking,28916,28891,28916,25
climbing,28942,28916,28942,26
rising,28943,28942,28943,1
sniffing,28944,28943,28944,1
rising,28975,28944,28975,31
climbing,29033,28975,29033,58
rising,29034,29033,29034,1
climbing,29079,29034,29079,45
walking,29087,29079,29087,8
running,29102,29087,29102,15
sniffing,29204,29102,29204,102
hunching,29209,29204,29209,5
left_turning,29248,29209,29248,39
sniffing,29325,29248,29325,77
rising,29398,29325,29398,73
sniffing,29440,29398,29440,42
climbing,29455,29440,29455,15
walking,29477,29455,29477,22
climbing,29526,29477,29526,49
walking,29559,29526,29559,33
climbing,29626,29559,29626,67
rearing,29658,29626,29658,32
grooming,29659,29658,29659,1
rearing,29660,29659,29660,1
sniffing,29740,29660,29740,80
trotting,29756,29740,29756,16
sniffing,29830,29756,29830,74
rising,29858,29830,29858,28
climbing,29942,29858,29942,84
rising,30005,29942,30005,63
walking,30034,30005,30034,29
jumping,30078,30034,30078,44
rising,30079,30078,30079,1
sniffing,30109,30079,30109,30
walking,30137,30109,30137,28
sniffing,30191,30137,30191,54
walking,30259,30191,30259,68
sniffing,30301,30259,30301,42
left_turning,30302,30301,30302,1
walking,30304,30302,30304,2
sniffing,30360,30304,30360,56
walking,30396,30360,30396,36
sniffing,30414,30396,30414,18
grooming,30455,30414,30455,41
left_turning,30516,30455,30516,61
trotting,30549,30516,30549,33
sniffing,30550,30549,30550,1
rising,30587,30550,30587,37
walking,30599,30587,30599,12
grooming,30600,30599,30600,1
left_turning,30658,30600,30658,58
sniffing,30716,30658,30716,58
walking,30728,30716,30728,12
sniffing,30740,30728,30740,12
rising,30758,30740,30758,18
sniffing,30759,30758,30759,1
walking,30803,30759,30803,44
left_turning,30844,30803,30844,41
walking,30868,30844,30868,24
climbing,30869,30868,30869,1
sniffing,30870,30869,30870,1
walking,30907,30870,30907,37
trotting,30932,30907,30932,25
rising,31063,30932,31063,131
sniffing,31154,31063,31154,91
rising,31155,31154,31155,1
trotting,31214,31155,31214,59
sniffing,31270,31214,31270,56
trotting,31301,31270,31301,31
sniffing,31302,31301,31302,1
climbing,31361,31302,31361,59
walking,31381,31361,31381,20
stepping,31382,31381,31382,1
trotting,31401,31382,31401,19
sniffing,31467,31401,31467,66
climbing,31468,31467,31468,1
rising,31469,31468,31469,1
stepping,31510,31469,31510,41
sniffing,31662,31510,31662,152
grooming,31691,31662,31691,29
sniffing,31856,31691,31856,165
left_turning,31864,31856,31864,8
sniffing,32004,31864,32004,140
pausing,32005,32004,32005,1
sniffing,32063,32005,32063,58
rising,32128,32063,32128,65
rearing,32162,32128,32162,34
hunching,32367,32162,32367,205
rising,32368,32367,32368,1
sniffing,32393,32368,32393,25
trotting,32412,32393,32412,19
rising,32432,32412,32432,20
sniffing,32433,32432,32433,1
rising,32510,32433,32510,77
hunching,32511,32510,32511,1
walking,32538,32511,32538,27
sniffing,32549,32538,32549,11
walking,32586,32549,32586,37
left_turning,32622,32586,32622,36
running,32638,32622,32638,16
walking,32667,32638,32667,29
stepping,32685,32667,32685,18
left_turning,32686,32685,32686,1
sniffing,32873,32686,32873,187
climbing,32891,32873,32891,18
rising,32907,32891,32907,16
sniffing,32912,32907,32912,5
walking,32927,32912,32927,15
climbing,32956,32927,32956,29
right_turning,32966,32956,32966,10
walking,33006,32966,33006,40
sniffing,33044,33006,33044,38
left_turning,33082,33044,33082,38
sniffing,33137,33082,33137,55
hunching,33188,33137,33188,51
climbing,33222,33188,33222,34
grooming,33559,33222,33559,337
sniffing,33642,33559,33642,83
grooming,33643,33642,33643,1
rising,33665,33643,33665,22
trotting,33709,33665,33709,44
climbing,33734,33709,33734,25
trotting,33753,33734,33753,19
running,33792,33753,33792,39
walking,33798,33792,33798,6
trotting,33820,33798,33820,22
walking,33821,33820,33821,1
left_turning,33822,33821,33822,1
walking,33857,33822,33857,35
sniffing,33858,33857,33858,1
left_turning,33871,33858,33871,13
rising,33950,33871,33950,79
sniffing,33951,33950,33951,1
left_turning,33969,33951,33969,18
walking,34013,33969,34013,44
sniffing,34024,34013,34024,11
walking,34044,34024,34044,20
stepping,34125,34044,34125,81
rising,34143,34125,34143,18
sniffing,34196,34143,34196,53
right_turning,34221,34196,34221,25
walking,34271,34221,34271,50
sniffing,34281,34271,34281,10
trotting,34316,34281,34316,35
stepping,34353,34316,34353,37
walking,34383,34353,34383,30
climbing,34479,34383,34479,96
grooming,34691,34479,34691,212
sniffing,34692,34691,34692,1
walking,34710,34692,34710,18
climbing,34734,34710,34734,24
grooming,34743,34734,34743,9
rearing,34744,34743,34744,1
walking,34765,34744,34765,21
trotting,34818,34765,34818,53
sniffing,34819,34818,34819,1
stepping,34820,34819,34820,1
left_turning,34841,34820,34841,21
sniffing,34889,34841,34889,48
left_turning,34945,34889,34945,56
rising,34972,34945,34972,27
left_turning,34984,34972,34984,12
walking,35017,34984,35017,33
running,35031,35017,35031,14
walking,35056,35031,35056,25
rising,35057,35056,35057,1
climbing,35058,35057,35058,1
rising,35138,35058,35138,80
climbing,35180,35138,35180,42
rising,35181,35180,35181,1
stepping,35209,35181,35209,28
rising,35270,35209,35270,61
rearing,35424,35270,35424,154
hunching,35425,35424,35425,1
climbing,35483,35425,35483,58
walking,35517,35483,35517,34
rising,35522,35517,35522,5
climbing,35589,35522,35589,67
rising,35673,35589,35673,84
rearing,35674,35673,35674,1
sniffing,35720,35674,35720,46
walking,35732,35720,35732,12
climbing,35771,35732,35771,39
hunching,35793,35771,35793,22
walking,35817,35793,35817,24
rising,35862,35817,35862,45
grooming,36275,35862,36275,413
sniffing,36390,36275,36390,115
climbing,36417,36390,36417,27
right_turning,36446,36417,36446,29
sniffing,36570,36446,36570,124
left_turning,36633,36570,36633,63
trotting,36634,36633,36634,1
sniffing,36647,36634,36647,13
walking,36688,36647,36688,41
climbing,36707,36688,36707,19
sniffing,36745,36707,36745,38
climbing,36764,36745,36764,19
right_turning,36778,36764,36778,14
walking,36779,36778,36779,1
sniffing,36780,36779,36780,1
right_turning,36794,36780,36794,14
stepping,36795,36794,36795,1
rising,36796,36795,36796,1
sniffing,36838,36796,36838,42
stepping,36889,36838,36889,51
hunching,36995,36889,36995,106
rising,37053,36995,37053,58
climbing,37082,37053,37082,29
running,37098,37082,37098,16
sniffing,37148,37098,37148,50
rising,37213,37148,37213,65
rearing,37269,37213,37269,56
trotting,37279,37269,37279,10
walking,37301,37279,37301,22
climbing,37392,37301,37392,91
rearing,37456,37392,37456,64
sniffing,37481,37456,37481,25
walking,37486,37481,37486,5
sniffing,37491,37486,37491,5
rearing,37492,37491,37492,1
hunching,37493,37492,37493,1
sniffing,37570,37493,37570,77
walking,37635,37570,37635,65
sniffing,37663,37635,37663,28
rising,37664,37663,37664,1
climbing,37699,37664,37699,35
left_turning,37725,37699,37725,26
running,37749,37725,37749,24
stepping,37750,37749,37750,1
walking,37790,37750,37790,40
sniffing,37810,37790,37810,20
right_turning,37813,37810,37813,3
walking,37878,37813,37878,65
rising,37915,37878,37915,37
climbing,37983,37915,37983,68
right_turning,37991,37983,37991,8
rising,37993,37991,37993,2
climbing,38014,37993,38014,21
rising,38017,38014,38017,3
climbing,38051,38017,38051,34
walking,38088,38051,38088,37
sniffing,38120,38088,38120,32
walking,38169,38120,38169,49
right_turning,38188,38169,38188,19
climbing,38263,38188,38263,75
trotting,38279,38263,38279,16
rising,38296,38279,38296,17
hunching,38350,38296,38350,54
climbing,38371,38350,38371,21
walking,38395,38371,38395,24
left_turning,38396,38395,38396,1
sniffing,38397,38396,38397,1
left_turning,38422,38397,38422,25
walking,38465,38422,38465,43
trotting,38512,38465,38512,47
right_turning,38545,38512,38545,33
walking,38656,38545,38656,111
right_turning,38663,38656,38663,7
stepping,38678,38663,38678,15
running,38679,38678,38679,1
walking,38680,38679,38680,1
sniffing,38689,38680,38689,9
rising,38706,38689,38706,17
sniffing,38740,38706,38740,34
climbing,38758,38740,38758,18
hunching,38761,38758,38761,3
right_turning,38767,38761,38767,6
sniffing,38825,38767,38825,58
walking,38869,38825,38869,44
sniffing,38891,38869,38891,22
walking,38940,38891,38940,49
climbing,38941,38940,38941,1
walking,38963,38941,38963,22
rising,38964,38963,38964,1
climbing,39008,38964,39008,44
running,39026,39008,39026,18
trotting,39048,39026,39048,22
walking,39061,39048,39061,13
sniffing,39099,39061,39099,38
walking,39126,39099,39126,27
hunching,39152,39126,39152,26
right_turning,39167,39152,39167,15
stepping,39168,39167,39168,1
rearing,39266,39168,39266,98
climbing,39292,39266,39292,26
rising,39304,39292,39304,12
climbing,39363,39304,39363,59
sniffing,39420,39363,39420,57
walking,39421,39420,39421,1
rising,39441,39421,39441,20
sniffing,39450,39441,39450,9
rising,39463,39450,39463,13
climbing,39486,39463,39486,23
sniffing,39561,39486,39561,75
climbing,39562,39561,39562,1
trotting,39579,39562,39579,17
sniffing,39593,39579,39593,14
rising,39618,39593,39618,25
trotting,39648,39618,39648,30
walking,39649,39648,39649,1
left_turning,39650,39649,39650,1
sniffing,39661,39650,39661,11
trotting,39674,39661,39674,13
walking,39777,39674,39777,103
sniffing,39779,39777,39779,2
rising,39790,39779,39790,11
climbing,39831,39790,39831,41
walking,39893,39831,39893,62
rising,39970,39893,39970,77
climbing,40038,39970,40038,68
rearing,40140,40038,40140,102
trotting,40163,40140,40163,23
sniffing,40248,40163,40248,85
rising,40249,40248,40249,1
trotting,40270,40249,40270,21
rising,40278,40270,40278,8
sniffing,40299,40278,40299,21
stepping,40325,40299,40325,26
sniffing,40355,40325,40355,30
left_turning,40378,40355,40378,23
walking,40379,40378,40379,1
sniffing,40449,40379,40449,70
rising,40450,40449,40450,1
sniffing,40505,40450,40505,55
walking,40510,40505,40510,5
sniffing,40511,40510,40511,1
left_turning,40526,40511,40526,15
sniffing,40580,40526,40580,54
climbing,40655,40580,40655,75
sniffing,40656,40655,40656,1
rising,40695,40656,40695,39
sniffing,40702,40695,40702,7
climbing,40716,40702,40716,14
right_turning,40771,40716,40771,55
rising,40794,40771,40794,23
sniffing,40795,40794,40795,1
climbing,40832,40795,40832,37
rising,40852,40832,40852,20
climbing,40906,40852,40906,54
rising,40935,40906,40935,29
right_turning,40993,40935,40993,58
walking,40994,40993,40994,1
sniffing,41011,40994,41011,17
walking,41087,41011,41087,76
rearing,41176,41087,41176,89
hunching,41219,41176,41219,43
sniffing,41236,41219,41236,17
walking,41287,41236,41287,51
left_turning,41291,41287,41291,4
sniffing,41318,41291,41318,27
left_turning,41319,41318,41319,1
sniffing,41362,41319,41362,43
climbing,41379,41362,41379,17
walking,41481,41379,41481,102
rising,41533,41481,41533,52
sniffing,41585,41533,41585,52
rising,41586,41585,41586,1
stepping,41587,41586,41587,1
walking,41588,41587,41588,1
sniffing,41606,41588,41606,18
grooming,41783,41606,41783,177
sniffing,41784,41783,41784,1
climbing,41842,41784,41842,58
walking,41864,41842,41864,22
climbing,41905,41864,41905,41
running,41924,41905,41924,19
sniffing,41934,41924,41934,10
right_turning,41940,41934,41940,6
jumping,41980,41940,41980,40
sniffing,42040,41980,42040,60
trotting,42051,42040,42051,11
walking,42067,42051,42067,16
trotting,42068,42067,42068,1
left_turning,42109,42068,42109,41
climbing,42185,42109,42185,76
rearing,42202,42185,42202,17
rising,42203,42202,42203,1
climbing,42227,42203,42227,24
rearing,42228,42227,42228,1
rising,42342,42228,42342,114
rearing,42376,42342,42376,34
grooming,42377,42376,42377,1
rearing,42520,42377,42520,143
trotting,42525,42520,42525,5
stepping,42543,42525,42543,18
sniffing,42603,42543,42603,60
right_turning,42616,42603,42616,13
walking,42625,42616,42625,9
rising,42631,42625,42631,6
hunching,42632,42631,42632,1
sniffing,42665,42632,42665,33
right_turning,42697,42665,42697,32
walking,42761,42697,42761,64
climbing,42794,42761,42794,33
right_turning,42800,42794,42800,6
stepping,42825,42800,42825,25
climbing,42841,42825,42841,16
walking,42885,42841,42885,44
sniffing,42950,42885,42950,65
climbing,42974,42950,42974,24
rising,43048,42974,43048,74
sniffing,43129,43048,43129,81
walking,43156,43129,43156,27
rising,43208,43156,43208,52
climbing,43268,43208,43268,60
sniffing,43326,43268,43326,58
walking,43341,43326,43341,15
sniffing,43393,43341,43393,52
walking,43407,43393,43407,14
sniffing,43469,43407,43469,62
walking,43480,43469,43480,11
right_turning,43530,43480,43530,50
stepping,43531,43530,43531,1
walking,43596,43531,43596,65
sniffing,43597,43596,43597,1
climbing,43658,43597,43658,61
rising,43659,43658,43659,1
climbing,43697,43659,43697,38
rearing,43711,43697,43711,14
climbing,43734,43711,43734,23
rising,43735,43734,43735,1
climbing,43779,43735,43779,44
sniffing,43801,43779,43801,22
walking,43828,43801,43828,27
sniffing,43863,43828,43863,35
climbing,43952,43863,43952,89
sniffing,43953,43952,43953,1
left_turning,43954,43953,43954,1
sniffing,43963,43954,43963,9
rising,44032,43963,44032,69
climbing,44057,44032,44057,25
rising,44097,44057,44097,40
rearing,44104,44097,44104,7
grooming,44137,44104,44137,33
sniffing,44140,44137,44140,3
climbing,44166,44140,44166,26
grooming,44167,44166,44167,1
sniffing,44251,44167,44251,84
walking,44263,44251,44263,12
sniffing,44276,44263,44276,13
walking,44339,44276,44339,63
sniffing,44365,44339,44365,26
climbing,44406,44365,44406,41
rearing,44408,44406,44408,2
rising,44434,44408,44434,26
climbing,44484,44434,44484,50
stepping,44494,44484,44494,10
rising,44542,44494,44542,48
sniffing,44617,44542,44617,75
walking,44651,44617,44651,34
sniffing,44667,44651,44667,16
right_turning,44679,44667,44679,12
sniffing,44694,44679,44694,15
right_turning,44706,44694,44706,12
trotting,44714,44706,44714,8
climbing,44730,44714,44730,16
rising,44792,44730,44792,62
rearing,44828,44792,44828,36
climbing,44893,44828,44893,65
right_turning,44907,44893,44907,14
sniffing,44922,44907,44922,15
walking,44926,44922,44926,4
hunching,44988,44926,44988,62
climbing,44989,44988,44989,1
grooming,45093,44989,45093,104
hunching,45239,45093,45239,146
rising,45295,45239,45295,56
right_turning,45328,45295,45328,33
stepping,45378,45328,45378,50
sniffing,45384,45378,45384,6
climbing,45390,45384,45390,6
rising,45434,45390,45434,44
right_turning,45445,45434,45445,11
rising,45491,45445,45491,46
climbing,45492,45491,45492,1
jumping,45493,45492,45493,1
hunching,45494,45493,45494,1
rising,45568,45494,45568,74
climbing,45580,45568,45580,12
rearing,45581,45580,45581,1
sniffing,45582,45581,45582,1
pausing,45823,45582,45823,241
sniffing,45976,45823,45976,153
walking,45997,45976,45997,21
stepping,45998,45997,45998,1
sniffing,46047,45998,46047,49
left_turning,46048,46047,46048,1
sniffing,46075,46048,46075,27
trotting,46115,46075,46115,40
left_turning,46155,46115,46155,40
sniffing,46282,46155,46282,127
rising,46321,46282,46321,39
sniffing,46415,46321,46415,94
rising,46430,46415,46430,15
sniffing,46436,46430,46436,6
trotting,46469,46436,46469,33
sniffing,46552,46469,46552,83
walking,46573,46552,46573,21
climbing,46574,46573,46574,1
rising,46661,46574,46661,87
sniffing,46671,46661,46671,10
walking,46680,46671,46680,9
stepping,46695,46680,46695,15
sniffing,46704,46695,46704,9
walking,46742,46704,46742,38
left_turning,46805,46742,46805,63
trotting,46806,46805,46806,1
running,46807,46806,46807,1
rising,46821,46807,46821,14
sniffing,46829,46821,46829,8
trotting,46856,46829,46856,27
sniffing,46862,46856,46862,6
walking,46929,46862,46929,67
left_turning,47026,46929,47026,97
walking,47041,47026,47041,15
sniffing,47084,47041,47084,43
rising,47107,47084,47107,23
jumping,47108,47107,47108,1
sniffing,47171,47108,47171,63
walking,47180,47171,47180,9
trotting,47231,47180,47231,51
stepping,47247,47231,47247,16
walking,47310,47247,47310,63
trotting,47355,47310,47355,45
left_turning,47383,47355,47383,28
walking,47407,47383,47407,24
sniffing,47478,47407,47478,71
rising,47503,47478,47503,25
climbing,47504,47503,47504,1
walking,47520,47504,47520,16
running,47561,47520,47561,41
sniffing,47562,47561,47562,1
trotting,47589,47562,47589,27
sniffing,47721,47589,47721,132
rearing,47816,47721,47816,95
rising,47860,47816,47860,44
left_turning,47911,47860,47911,51
walking,47956,47911,47956,45
rearing,47979,47956,47979,23
sniffing,47980,47979,47980,1
rearing,47981,47980,47981,1
sniffing,48002,47981,48002,21
rising,48007,48002,48007,5
sniffing,48008,48007,48008,1
walking,48009,48008,48009,1
trotting,48038,48009,48038,29
sniffing,48178,48038,48178,140
walking,48227,48178,48227,49
sniffing,48334,48227,48334,107
left_turning,48335,48334,48335,1
walking,48392,48335,48392,57
left_turning,48395,48392,48395,3
stepping,48431,48395,48431,36
sniffing,48549,48431,48549,118
rising,48617,48549,48617,68
hunching,48636,48617,48636,19
walking,48644,48636,48644,8
sniffing,48703,48644,48703,59
left_turning,48722,48703,48722,19
climbing,48726,48722,48726,4
running,48730,48726,48730,4
rising,48765,48730,48765,35
walking,48766,48765,48766,1
sniffing,48809,48766,48809,43
climbing,48878,48809,48878,69
rising,48896,48878,48896,18
sniffing,49006,48896,49006,110
right_turning,49007,49006,49007,1
sniffing,49099,49007,49099,92
right_turning,49120,49099,49120,21
stepping,49226,49120,49226,106
walking,49227,49226,49227,1
climbing,49264,49227,49264,37
rising,49265,49264,49265,1
sniffing,49273,49265,49273,8
walking,49335,49273,49335,62
sniffing,49370,49335,49370,35
walking,49374,49370,49374,4
sniffing,49441,49374,49441,67
rising,49453,49441,49453,12
sniffing,49516,49453,49516,63
pausing,49942,49516,49942,426
sniffing,50052,49942,50052,110
rising,50112,50052,50112,60
rearing,50210,50112,50210,98
sniffing,50211,50210,50211,1
rearing,50280,50211,50280,69
sniffing,50281,50280,50281,1
rearing,50282,50281,50282,1
jumping,50362,50282,50362,80
rising,50363,50362,50363,1
walking,50382,50363,50382,19
rising,50418,50382,50418,36
walking,50419,50418,50419,1
sniffing,50420,50419,50420,1
rising,50437,50420,50437,17
walking,50477,50437,50477,40
left_turning,50495,50477,50495,18
sniffing,50519,50495,50519,24
rising,50526,50519,50526,7
climbing,50548,50526,50548,22
rising,50605,50548,50605,57
sniffing,50684,50605,50684,79
stepping,50709,50684,50709,25
climbing,50786,50709,50786,77
trotting,50793,50786,50793,7
stepping,50855,50793,50855,62
walking,50868,50855,50868,13
left_turning,50900,50868,50900,32
sniffing,50972,50900,50972,72
stepping,51044,50972,51044,72
rising,51062,51044,51062,18
left_turning,51108,51062,51108,46
sniffing,51109,51108,51109,1
running,51121,51109,51121,12
left_turning,51177,51121,51177,56
sniffing,51251,51177,51251,74
left_turning,51282,51251,51282,31
sniffing,51283,51282,51283,1
rearing,51355,51283,51355,72
sniffing,51356,51355,51356,1
walking,51446,51356,51446,90
left_turning,51498,51446,51498,52
sniffing,51627,51498,51627,129
stepping,51679,51627,51679,52
rising,51687,51679,51687,8
climbing,51717,51687,51717,30
sniffing,51771,51717,51771,54
rising,51793,51771,51793,22
sniffing,51826,51793,51826,33
trotting,51857,51826,51857,31
right_turning,51899,51857,51899,42
walking,51900,51899,51900,1
sniffing,52091,51900,52091,191
rising,52126,52091,52126,35
climbing,52133,52126,52133,7
walking,52178,52133,52178,45
left_turning,52207,52178,52207,29
sniffing,52284,52207,52284,77
left_turning,52302,52284,52302,18
walking,52366,52302,52366,64
left_turning,52367,52366,52367,1
sniffing,52404,52367,52404,37
rearing,52451,52404,52451,47
running,52466,52451,52466,15
walking,52478,52466,52478,12
climbing,52479,52478,52479,1
rising,52532,52479,52532,53
climbing,52533,52532,52533,1
right_turning,52540,52533,52540,7
trotting,52586,52540,52586,46
sniffing,52587,52586,52587,1
walking,52590,52587,52590,3
sniffing,52629,52590,52629,39
grooming,53186,52629,53186,557
climbing,53208,53186,53208,22
right_turning,53253,53208,53253,45
sniffing,53254,53253,53254,1
rising,53255,53254,53255,1
sniffing,53356,53255,53356,101
left_turning,53561,53356,53561,205
rising,53562,53561,53562,1
right_turning,53576,53562,53576,14
walking,53610,53576,53610,34
sniffing,53611,53610,53611,1
trotting,53652,53611,53652,41
rising,53684,53652,53684,32
climbing,53685,53684,53685,1
hunching,53686,53685,53686,1
rearing,53687,53686,53687,1
sniffing,53798,53687,53798,111
rising,53811,53798,53811,13
rearing,53924,53811,53924,113
hunching,53966,53924,53966,42
rising,53967,53966,53967,1
climbing,54004,53967,54004,37
sniffing,54172,54004,54172,168
climbing,54250,54172,54250,78
rearing,54251,54250,54251,1
stepping,54308,54251,54308,57
walking,54324,54308,54324,16
rearing,54325,54324,54325,1
climbing,54330,54325,54330,5
right_turning,54331,54330,54331,1
trotting,54353,54331,54353,22
walking,54371,54353,54371,18
rising,54378,54371,54378,7
climbing,54421,54378,54421,43
sniffing,54422,54421,54422,1
rising,54436,54422,54436,14
climbing,54465,54436,54465,29
right_turning,54478,54465,54478,13
walking,54524,54478,54524,46
sniffing,54702,54524,54702,178
rearing,54789,54702,54789,87
grooming,54883,54789,54883,94
walking,54912,54883,54912,29
trotting,54975,54912,54975,63
sniffing,54976,54975,54976,1
pausing,54977,54976,54977,1
sniffing,55022,54977,55022,45
stepping,55080,55022,55080,58
left_turning,55101,55080,55101,21
walking,55124,55101,55124,23
sniffing,55249,55124,55249,125
pausing,55250,55249,55250,1
sniffing,55320,55250,55320,70
left_turning,55368,55320,55368,48
sniffing,55476,55368,55476,108
rising,55554,55476,55554,78
climbing,55574,55554,55574,20
trotting,55576,55574,55576,2
sniffing,55577,55576,55577,1
left_turning,55640,55577,55640,63
running,55692,55640,55692,52
rising,55800,55692,55800,108
sniffing,55864,55800,55864,64
climbing,55936,55864,55936,72
right_turning,55978,55936,55978,42
walking,55998,55978,55998,20
sniffing,55999,55998,55999,1
climbing,56024,55999,56024,25
walking,56046,56024,56046,22
trotting,56067,56046,56067,21
sniffing,56084,56067,56084,17
right_turning,56105,56084,56105,21
trotting,56124,56105,56124,19
walking,56174,56124,56174,50
rising,56260,56174,56260,86
climbing,56262,56260,56262,2
sniffing,56263,56262,56263,1
rising,56291,56263,56291,28
left_turning,56421,56291,56421,130
right_turning,56422,56421,56422,1
stepping,56440,56422,56440,18
sniffing,56441,56440,56441,1
grooming,56945,56441,56945,504
right_turning,56983,56945,56983,38
trotting,57031,56983,57031,48
sniffing,57033,57031,57033,2
right_turning,57063,57033,57063,30
trotting,57085,57063,57085,22
sniffing,57092,57085,57092,7
rising,57134,57092,57134,42
sniffing,57135,57134,57135,1
climbing,57138,57135,57138,3
rising,57157,57138,57157,19
right_turning,57198,57157,57198,41
sniffing,57206,57198,57206,8
left_turning,57215,57206,57215,9
walking,57275,57215,57275,60
sniffing,57285,57275,57285,10
stepping,57316,57285,57316,31
trotting,57328,57316,57328,12
sniffing,57394,57328,57394,66
hunching,57469,57394,57469,75
right_turning,57470,57469,57470,1
trotting,57516,57470,57516,46
rising,57593,57516,57593,77
walking,57594,57593,57594,1
sniffing,57690,57594,57690,96
rising,57779,57690,57779,89
stepping,57811,57779,57811,32
trotting,57823,57811,57823,12
walking,57875,57823,57875,52
sniffing,57981,57875,57981,106
grooming,57982,57981,57982,1
sniffing,57983,57982,57983,1
rising,58181,57983,58181,198
climbing,58182,58181,58182,1
grooming,58183,58182,58183,1
rearing,58184,58183,58184,1
grooming,58185,58184,58185,1
rearing,58252,58185,58252,67
hunching,58345,58252,58345,93
climbing,58386,58345,58386,41
rearing,58412,58386,58412,26
sniffing,58547,58412,58547,135
rising,58561,58547,58561,14
left_turning,58606,58561,58606,45
sniffing,58664,58606,58664,58
rising,58695,58664,58695,31
climbing,58732,58695,58732,37
rising,58747,58732,58747,15
sniffing,58820,58747,58820,73
rising,58906,58820,58906,86
climbing,58957,58906,58957,51
grooming,58958,58957,58958,1
right_turning,58974,58958,58974,16
running,58992,58974,58992,18
sniffing,59063,58992,59063,71
grooming,59634,59063,59634,571
rearing,59635,59634,59635,1
sniffing,59636,59635,59636,1
walking,59651,59636,59651,15
right_turning,59681,59651,59681,30
climbing,59735,59681,59735,54
rising,59744,59735,59744,9
sniffing,59745,59744,59745,1
grooming,59755,59745,59755,10
rearing,59853,59755,59853,98
walking,59870,59853,59870,17
left_turning,59871,59870,59871,1
walking,59905,59871,59905,34
sniffing,59951,59905,59951,46
trotting,59969,59951,59969,18
climbing,60128,59969,60128,159
hunching,60129,60128,60129,1
right_turning,60144,60129,60144,15
sniffing,60159,60144,60159,15
left_turning,60179,60159,60179,20
sniffing,60244,60179,60244,65
rising,60245,60244,60245,1
climbing,60313,60245,60313,68
grooming,60398,60313,60398,85
rearing,60465,60398,60465,67
grooming,60490,60465,60490,25
rising,60506,60490,60506,16
sniffing,60549,60506,60549,43
grooming,60616,60549,60616,67
rearing,60625,60616,60625,9
rising,60650,60625,60650,25
climbing,60651,60650,60651,1
walking,60690,60651,60690,39
hunching,60691,60690,60691,1
rearing,60858,60691,60858,167
grooming,60859,60858,60859,1
climbing,60912,60859,60912,53
walking,60948,60912,60948,36
climbing,61000,60948,61000,52
sniffing,61013,61000,61013,13
stepping,61066,61013,61066,53
sniffing,61070,61066,61070,4
walking,61090,61070,61090,20
sniffing,61192,61090,61192,102
rising,61249,61192,61249,57
climbing,61292,61249,61292,43
sniffing,61298,61292,61298,6
right_turning,61329,61298,61329,31
stepping,61340,61329,61340,11
walking,61346,61340,61346,6
sniffing,61347,61346,61347,1
rising,61348,61347,61348,1
walking,61367,61348,61367,19
rising,61368,61367,61368,1
climbing,61369,61368,61369,1
sniffing,61391,61369,61391,22
rising,61487,61391,61487,96
rearing,61605,61487,61605,118
walking,61606,61605,61606,1
climbing,61667,61606,61667,61
hunching,61668,61667,61668,1
sniffing,61749,61668,61749,81
climbing,61775,61749,61775,26
rearing,61790,61775,61790,15
rising,61919,61790,61919,129
hunching,61992,61919,61992,73
grooming,61993,61992,61993,1
sniffing,61995,61993,61995,2
left_turning,62050,61995,62050,55
walking,62115,62050,62115,65
trotting,62155,62115,62155,40
sniffing,62156,62155,62156,1
grooming,62218,62156,62218,62
walking,62232,62218,62232,14
sniffing,62251,62232,62251,19
walking,62273,62251,62273,22
right_turning,62285,62273,62285,12
sniffing,62305,62285,62305,20
stepping,62349,62305,62349,44
left_turning,62350,62349,62350,1
walking,62369,62350,62369,19
rearing,62629,62369,62629,260
rising,62675,62629,62675,46
climbing,62728,62675,62728,53
running,62741,62728,62741,13
rearing,62742,62741,62742,1
sniffing,62780,62742,62780,38
walking,62781,62780,62781,1
rearing,62799,62781,62799,18
walking,62802,62799,62802,3
left_turning,62803,62802,62803,1
walking,62852,62803,62852,49
left_turning,62861,62852,62861,9
walking,62888,62861,62888,27
left_turning,62932,62888,62932,44
sniffing,62998,62932,62998,66
left_turning,62999,62998,62999,1
rearing,63065,62999,63065,66
climbing,63119,63065,63119,54
walking,63139,63119,63139,20
stepping,63168,63139,63168,29
sniffing,63203,63168,63203,35
walking,63217,63203,63217,14
rising,63292,63217,63292,75
rearing,63367,63292,63367,75
climbing,63374,63367,63374,7
hunching,63443,63374,63443,69
rising,63444,63443,63444,1
climbing,63510,63444,63510,66
sniffing,63552,63510,63552,42
left_turning,63620,63552,63620,68
walking,63655,63620,63655,35
climbing,63762,63655,63762,107
right_turning,63767,63762,63767,5
walking,63877,63767,63877,110
left_turning,63883,63877,63883,6
walking,63904,63883,63904,21
left_turning,63905,63904,63905,1
sniffing,64033,63905,64033,128
rising,64034,64033,64034,1
stepping,64074,64034,64074,40
left_turning,64121,64074,64121,47
walking,64135,64121,64135,14
stepping,64231,64135,64231,96
left_turning,64253,64231,64253,22
walking,64254,64253,64254,1
left_turning,64283,64254,64283,29
walking,64313,64283,64313,30
rearing,64372,64313,64372,59
sniffing,64424,64372,64424,52
left_turning,64425,64424,64425,1
walking,64435,64425,64435,10
left_turning,64519,64435,64519,84
sniffing,64663,64519,64663,144
walking,64675,64663,64675,12
sniffing,64700,64675,64700,25
rearing,64729,64700,64729,29
climbing,64748,64729,64748,19
walking,64749,64748,64749,1
sniffing,64791,64749,64791,42
rising,64814,64791,64814,23
climbing,64815,64814,64815,1
rising,64836,64815,64836,21
sniffing,64930,64836,64930,94
trotting,64975,64930,64975,45
running,64978,64975,64978,3
sniffing,65010,64978,65010,32
right_turning,65011,65010,65011,1
trotting,65014,65011,65014,3
sniffing,65015,65014,65015,1
walking,65055,65015,65055,40
sniffing,65155,65055,65155,100
rising,65156,65155,65156,1
climbing,65195,65156,65195,39
sniffing,65286,65195,65286,91
rising,65295,65286,65295,9
left_turning,65307,65295,65307,12
walking,65308,65307,65308,1
sniffing,65354,65308,65354,46
left_turning,65461,65354,65461,107
walking,65474,65461,65474,13
sniffing,65511,65474,65511,37
hunching,65609,65511,65609,98
grooming,65610,65609,65610,1
sniffing,65646,65610,65646,36
walking,65647,65646,65647,1
right_turning,65667,65647,65667,20
trotting,65675,65667,65675,8
sniffing,65692,65675,65692,17
left_turning,65796,65692,65796,104
stepping,65882,65796,65882,86
rising,65954,65882,65954,72
climbing,65978,65954,65978,24
right_turning,65979,65978,65979,1
walking,66016,65979,66016,37
trotting,66045,66016,66045,29
sniffing,66098,66045,66098,53
right_turning,66102,66098,66102,4
walking,66119,66102,66119,17
left_turning,66128,66119,66128,9
sniffing,66144,66128,66144,16
rising,66201,66144,66201,57
stepping,66215,66201,66215,14
sniffing,66254,66215,66254,39
walking,66270,66254,66270,16
left_turning,66282,66270,66282,12
walking,66369,66282,66369,87
rising,66419,66369,66419,50
sniffing,66471,66419,66471,52
rising,66590,66471,66590,119
sniffing,66594,66590,66594,4
rising,66658,66594,66658,64
sniffing,66676,66658,66676,18
rising,66771,66676,66771,95
climbing,66822,66771,66822,51
rising,66823,66822,66823,1
sniffing,66855,66823,66855,32
rising,66928,66855,66928,73
sniffing,67032,66928,67032,104
rearing,67049,67032,67049,17
rising,67066,67049,67066,17
rearing,67067,67066,67067,1
climbing,67124,67067,67124,57
grooming,67506,67124,67506,382
sniffing,67608,67506,67608,102
rising,67626,67608,67626,18
climbing,67664,67626,67664,38
running,67707,67664,67707,43
trotting,67740,67707,67740,33
walking,67777,67740,67777,37
left_turning,67778,67777,67778,1
running,67803,67778,67803,25
sniffing,67808,67803,67808,5
rising,67809,67808,67809,1
sniffing,67887,67809,67887,78
rearing,67888,67887,67888,1
walking,67967,67888,67967,79
sniffing,68038,67967,68038,71
rearing,68068,68038,68068,30
sniffing,68161,68068,68161,93
rising,68212,68161,68212,51
climbing,68256,68212,68256,44
grooming,68403,68256,68403,147
hunching,68495,68403,68495,92
grooming,68496,68495,68496,1
sniffing,68587,68496,68587,91
rearing,68635,68587,68635,48
sniffing,68731,68635,68731,96
rising,68732,68731,68732,1
rearing,68733,68732,68733,1
grooming,68744,68733,68744,11
sniffing,68783,68744,68783,39
climbing,68784,68783,68784,1
rearing,68785,68784,68785,1
rising,68899,68785,68899,114
right_turning,68951,68899,68951,52
trotting,68986,68951,68986,35
stepping,69022,68986,69022,36
rearing,69110,69022,69110,88
rising,69111,69110,69111,1
climbing,69126,69111,69126,15
trotting,69131,69126,69131,5
climbing,69162,69131,69162,31
walking,69243,69162,69243,81
right_turning,69254,69243,69254,11
walking,69292,69254,69292,38
rearing,69360,69292,69360,68
climbing,69408,69360,69408,48
rearing,69439,69408,69439,31
climbing,69477,69439,69477,38
rearing,69626,69477,69626,149
right_turning,69637,69626,69637,11
walking,69638,69637,69638,1
sniffing,69699,69638,69699,61
rising,69700,69699,69700,1
climbing,69735,69700,69735,35
rearing,69736,69735,69736,1
hunching,69812,69736,69812,76
grooming,69903,69812,69903,91
sniffing,69936,69903,69936,33
rising,70027,69936,70027,91
climbing,70028,70027,70028,1
left_turning,70055,70028,70055,27
sniffing,70056,70055,70056,1
walking,70058,70056,70058,2
sniffing,70172,70058,70172,114
left_turning,70281,70172,70281,109
walking,70362,70281,70362,81
left_turning,70379,70362,70379,17
sniffing,70441,70379,70441,62
left_turning,70465,70441,70465,24
trotting,70489,70465,70489,24
rising,70490,70489,70490,1
sniffing,70541,70490,70541,51
stepping,70603,70541,70603,62
walking,70604,70603,70604,1
trotting,70634,70604,70634,30
rising,70859,70634,70859,225
climbing,70897,70859,70897,38
rearing,70898,70897,70898,1
rising,70905,70898,70905,7
right_turning,70923,70905,70923,18
climbing,70924,70923,70924,1
right_turning,70925,70924,70925,1
sniffing,70992,70925,70992,67
left_turning,71036,70992,71036,44
hunching,71083,71036,71083,47
climbing,71156,71083,71156,73
trotting,71184,71156,71184,28
left_turning,71260,71184,71260,76
sniffing,71416,71260,71416,156
walking,71508,71416,71508,92
sniffing,71574,71508,71574,66
grooming,71768,71574,71768,194
rearing,71797,71768,71797,29
sniffing,71908,71797,71908,111
rising,71909,71908,71909,1
sniffing,71989,71909,71989,80
hunching,72142,71989,72142,153
right_turning,72161,72142,72161,19
walking,72189,72161,72189,28
climbing,72318,72189,72318,129
rearing,72319,72318,72319,1
rising,72320,72319,72320,1
climbing,72321,72320,72321,1
rising,72336,72321,72336,15
walking,72392,72336,72392,56
left_turning,72451,72392,72451,59
stepping,72473,72451,72473,22
sniffing,72474,72473,72474,1
walking,72475,72474,72475,1
left_turning,72497,72475,72497,22
trotting,72511,72497,72511,14
sniffing,72701,72511,72701,190
stepping,72728,72701,72728,27
sniffing,72769,72728,72769,41
hunching,72858,72769,72858,89
walking,72886,72858,72886,28
rearing,72920,72886,72920,34
hunching,73127,72920,73127,207
right_turning,73138,73127,73138,11
sniffing,73342,73138,73342,204
climbing,73424,73342,73424,82
rising,73425,73424,73425,1
climbing,73443,73425,73443,18
walking,73468,73443,73468,25
sniffing,73505,73468,73505,37
trotting,73553,73505,73553,48
sniffing,73572,73553,73572,19
rising,73661,73572,73661,89
sniffing,73664,73661,73664,3
walking,73712,73664,73712,48
trotting,73743,73712,73743,31
sniffing,73749,73743,73749,6
right_turning,73770,73749,73770,21
sniffing,73805,73770,73805,35
walking,73806,73805,73806,1
rising,73873,73806,73873,67
climbing,73956,73873,73956,83
walking,74002,73956,74002,46
rising,74053,74002,74053,51
climbing,74102,74053,74102,49
rising,74103,74102,74103,1
sniffing,74167,74103,74167,64
rising,74168,74167,74168,1
climbing,74234,74168,74234,66
right_turning,74247,74234,74247,13
trotting,74267,74247,74267,20
sniffing,74296,74267,74296,29
grooming,74297,74296,74297,1
left_turning,74361,74297,74361,64
stepping,74377,74361,74377,16
walking,74381,74377,74381,4
rising,74418,74381,74418,37
climbing,74448,74418,74448,30
sniffing,74575,74448,74575,127
walking,74607,74575,74607,32
rearing,74660,74607,74660,53
hunching,74716,74660,74716,56
left_turning,74747,74716,74747,31
running,74770,74747,74770,23
rising,74771,74770,74771,1
climbing,74782,74771,74782,11
sniffing,74842,74782,74842,60
walking,74843,74842,74843,1
sniffing,74897,74843,74897,54
rising,74947,74897,74947,50
hunching,75035,74947,75035,88
climbing,75075,75035,75075,40
walking,75101,75075,75101,26
left_turning,75141,75101,75141,40
walking,75184,75141,75184,43
stepping,75194,75184,75194,10
walking,75224,75194,75224,30
sniffing,75251,75224,75251,27
walking,75280,75251,75280,29
sniffing,75322,75280,75322,42
rising,75348,75322,75348,26
grooming,76018,75348,76018,670
rearing,76031,76018,76031,13
climbing,76059,76031,76059,28
sniffing,76128,76059,76128,69
walking,76149,76128,76149,21
stepping,76194,76149,76194,45
left_turning,76195,76194,76195,1
sniffing,76282,76195,76282,87
rising,76287,76282,76287,5
climbing,76306,76287,76306,19
walking,76313,76306,76313,7
stepping,76327,76313,76327,14
sniffing,76376,76327,76376,49
rearing,76483,76376,76483,107
sniffing,76510,76483,76510,27
walking,76574,76510,76574,64
rising,76584,76574,76584,10
sniffing,76648,76584,76648,64
trotting,76658,76648,76658,10
left_turning,76697,76658,76697,39
sniffing,76939,76697,76939,242
rising,76940,76939,76940,1
climbing,76983,76940,76983,43
sniffing,77005,76983,77005,22
left_turning,77044,77005,77044,39
sniffing,77086,77044,77086,42
running,77093,77086,77093,7
walking,77138,77093,77138,45
sniffing,77168,77138,77168,30
climbing,77179,77168,77179,11
trotting,77203,77179,77203,24
rearing,77263,77203,77263,60
climbing,77286,77263,77286,23
walking,77287,77286,77287,1
sniffing,77288,77287,77288,1
climbing,77320,77288,77320,32
rising,77360,77320,77360,40
climbing,77368,77360,77368,8
rearing,77394,77368,77394,26
rising,77429,77394,77429,35
walking,77440,77429,77440,11
sniffing,77441,77440,77441,1
hunching,77442,77441,77442,1
trotting,77444,77442,77444,2
climbing,77533,77444,77533,89
walking,77535,77533,77535,2
right_turning,77554,77535,77554,19
walking,77571,77554,77571,17
stepping,77601,77571,77601,30
walking,77623,77601,77623,22
left_turning,77629,77623,77629,6
sniffing,77661,77629,77661,32
stepping,77700,77661,77700,39
climbing,77722,77700,77722,22
right_turning,77751,77722,77751,29
sniffing,77864,77751,77864,113
rearing,77865,77864,77865,1
sniffing,77930,77865,77930,65
rearing,77931,77930,77931,1
walking,78029,77931,78029,98
sniffing,78103,78029,78103,74
rising,78138,78103,78138,35
sniffing,78184,78138,78184,46
rising,78201,78184,78201,17
right_turning,78218,78201,78218,17
walking,78235,78218,78235,17
sniffing,78241,78235,78241,6
rising,78283,78241,78283,42
climbing,78343,78283,78343,60
walking,78355,78343,78355,12
left_turning,78378,78355,78378,23
sniffing,78379,78378,78379,1
left_turning,78405,78379,78405,26
sniffing,78586,78405,78586,181
right_turning,78595,78586,78595,9
walking,78610,78595,78610,15
sniffing,78670,78610,78670,60
right_turning,78682,78670,78682,12
trotting,78698,78682,78698,16
sniffing,78699,78698,78699,1
rearing,78718,78699,78718,19
sniffing,78719,78718,78719,1
walking,78791,78719,78791,72
sniffing,78822,78791,78822,31
walking,78865,78822,78865,43
sniffing,78984,78865,78984,119
rising,79032,78984,79032,48
sniffing,79033,79032,79033,1
climbing,79087,79033,79087,54
rising,79110,79087,79110,23
sniffing,79114,79110,79114,4
rising,79144,79114,79144,30
hunching,79231,79144,79231,87
sniffing,79310,79231,79310,79
rearing,79333,79310,79333,23
rising,79355,79333,79355,22
sniffing,79431,79355,79431,76
walking,79462,79431,79462,31
trotting,79491,79462,79491,29
walking,79524,79491,79524,33
stepping,79537,79524,79537,13
left_turning,79592,79537,79592,55
walking,79628,79592,79628,36
sniffing,79642,79628,79642,14
walking,79668,79642,79668,26
rising,79703,79668,79703,35
climbing,79736,79703,79736,33
sniffing,79763,79736,79763,27
rising,79770,79763,79770,7
climbing,79802,79770,79802,32
hunching,79864,79802,79864,62
sniffing,79894,79864,79894,30
rising,79918,79894,79918,24
sniffing,79942,79918,79942,24
hunching,79974,79942,79974,32
sniffing,79998,79974,79998,24
left_turning,80036,79998,80036,38
rising,80052,80036,80052,16
sniffing,80083,80052,80083,31
rising,80084,80083,80084,1
climbing,80134,80084,80134,50
sniffing,80135,80134,80135,1
trotting,80136,80135,80136,1
sniffing,80312,80136,80312,176
trotting,80331,80312,80331,19
rising,80332,80331,80332,1
climbing,80376,80332,80376,44
walking,80422,80376,80422,46
rising,80475,80422,80475,53
climbing,80500,80475,80500,25
sniffing,80524,80500,80524,24
rising,80567,80524,80567,43
sniffing,80610,80567,80610,43
left_turning,80639,80610,80639,29
walking,80640,80639,80640,1
sniffing,80796,80640,80796,156
walking,80834,80796,80834,38
climbing,80880,80834,80880,46
walking,80899,80880,80899,19
sniffing,81041,80899,81041,142
left_turning,81070,81041,81070,29
walking,81094,81070,81094,24
climbing,81124,81094,81124,30
rising,81137,81124,81137,13
climbing,81197,81137,81197,60
rising,81214,81197,81214,17
sniffing,81267,81214,81267,53
stepping,81278,81267,81278,11
sniffing,81512,81278,81512,234
climbing,81523,81512,81523,11
sniffing,81627,81523,81627,104
rising,81665,81627,81665,38
right_turning,81684,81665,81684,19
trotting,81713,81684,81713,29
sniffing,81731,81713,81731,18
left_turning,81752,81731,81752,21
sniffing,81773,81752,81773,21
stepping,81813,81773,81813,40
rearing,81936,81813,81936,123
sniffing,81978,81936,81978,42
left_turning,81992,81978,81992,14
climbing,82057,81992,82057,65
rearing,82058,82057,82058,1
climbing,82130,82058,82130,72
trotting,82150,82130,82150,20
sniffing,82156,82150,82156,6
left_turning,82253,82156,82253,97
rearing,82321,82253,82321,68
sniffing,82322,82321,82322,1
left_turning,82349,82322,82349,27
sniffing,82497,82349,82497,148
right_turning,82524,82497,82524,27
left_turning,82525,82524,82525,1
walking,82550,82525,82550,25
sniffing,82625,82550,82625,75
right_turning,82677,82625,82677,52
rearing,82758,82677,82758,81
sniffing,82769,82758,82769,11
walking,82819,82769,82819,50
sniffing,82866,82819,82866,47
left_turning,82896,82866,82896,30
walking,82911,82896,82911,15
climbing,82981,82911,82981,70
grooming,83324,82981,83324,343
right_turning,83325,83324,83325,1
walking,83353,83325,83353,28
left_turning,83388,83353,83388,35
sniffing,83432,83388,83432,44
stepping,83444,83432,83444,12
walking,83480,83444,83480,36
rising,83506,83480,83506,26
sniffing,83527,83506,83527,21
rising,83573,83527,83573,46
sniffing,83582,83573,83582,9
climbing,83592,83582,83592,10
left_turning,83649,83592,83649,57
sniffing,83681,83649,83681,32
climbing,83713,83681,83713,32
sniffing,83756,83713,83756,43
rearing,83788,83756,83788,32
grooming,83886,83788,83886,98
climbing,83919,83886,83919,33
rising,83920,83919,83920,1
climbing,84035,83920,84035,115
rearing,84116,84035,84116,81
sniffing,84372,84116,84372,256
walking,84402,84372,84402,30
trotting,84426,84402,84426,24
sniffing,84441,84426,84441,15
walking,84464,84441,84464,23
sniffing,84465,84464,84465,1
left_turning,84466,84465,84466,1
walking,84492,84466,84492,26
sniffing,84704,84492,84704,212
walking,84717,84704,84717,13
rising,84753,84717,84753,36
climbing,84798,84753,84798,45
walking,84827,84798,84827,29
sniffing,84833,84827,84833,6
rising,84893,84833,84893,60
climbing,84967,84893,84967,74
rearing,84989,84967,84989,22
hunching,85114,84989,85114,125
rearing,85115,85114,85115,1
rising,85176,85115,85176,61
climbing,85177,85176,85177,1
running,85214,85177,85214,37
left_turning,85215,85214,85215,1
walking,85218,85215,85218,3
sniffing,85233,85218,85233,15
walking,85234,85233,85234,1
sniffing,85235,85234,85235,1
grooming,85236,85235,85236,1
rearing,85323,85236,85323,87
sniffing,85414,85323,85414,91
left_turning,85425,85414,85425,11
sniffing,85563,85425,85563,138
right_turning,85579,85563,85579,16
left_turning,85580,85579,85580,1
trotting,85634,85580,85634,54
rising,85719,85634,85719,85
sniffing,85743,85719,85743,24
rising,85875,85743,85875,132
rearing,85948,85875,85948,73
sniffing,85958,85948,85958,10
hunching,86092,85958,86092,134
sniffing,86200,86092,86200,108
right_turning,86222,86200,86222,22
rising,86281,86222,86281,59
stepping,86316,86281,86316,35
left_turning,86381,86316,86381,65
sniffing,86394,86381,86394,13
stepping,86429,86394,86429,35
sniffing,86430,86429,86430,1
climbing,86490,86430,86490,60
walking,86532,86490,86532,42
rising,86549,86532,86549,17
sniffing,86635,86549,86635,86
rearing,86636,86635,86636,1
walking,86666,86636,86666,30
sniffing,86690,86666,86690,24
rising,86691,86690,86691,1
climbing,86725,86691,86725,34
sniffing,86776,86725,86776,51
rising,86805,86776,86805,29
sniffing,86861,86805,86861,56
grooming,86862,86861,86862,1
sniffing,86892,86862,86892,30
rising,86893,86892,86893,1
climbing,86967,86893,86967,74
walking,86995,86967,86995,28
climbing,87098,86995,87098,103
rearing,87284,87098,87284,186
sniffing,87358,87284,87358,74
walking,87359,87358,87359,1
trotting,87374,87359,87374,15
sniffing,87375,87374,87375,1
rising,87393,87375,87393,18
sniffing,87443,87393,87443,50
rearing,87444,87443,87444,1
grooming,87608,87444,87608,164
rearing,87719,87608,87719,111
grooming,87720,87719,87720,1
right_turning,87755,87720,87755,35
walking,87756,87755,87756,1
rising,87771,87756,87771,15
climbing,87809,87771,87809,38
sniffing,87810,87809,87810,1
climbing,87855,87810,87855,45
sniffing,87945,87855,87945,90
left_turning,88049,87945,88049,104
walking,88072,88049,88072,23
rearing,88073,88072,88073,1
grooming,88074,88073,88074,1
climbing,88088,88074,88088,14
rising,88089,88088,88089,1
climbing,88144,88089,88144,55
grooming,88372,88144,88372,228
sniffing,88396,88372,88396,24
hunching,88521,88396,88521,125
climbing,88580,88521,88580,59
right_turning,88622,88580,88622,42
sniffing,88632,88622,88632,10
trotting,88650,88632,88650,18
walking,88671,88650,88671,21
stepping,88685,88671,88685,14
walking,88705,88685,88705,20
sniffing,88769,88705,88769,64
rising,88771,88769,88771,2
climbing,88781,88771,88781,10
grooming,88884,88781,88884,103
rearing,88885,88884,88885,1
rising,88886,88885,88886,1
rearing,88890,88886,88890,4
hunching,89121,88890,89121,231
grooming,89122,89121,89122,1
walking,89161,89122,89161,39
climbing,89192,89161,89192,31
walking,89227,89192,89227,35
right_turning,89272,89227,89272,45
trotting,89310,89272,89310,38
sniffing,89311,89310,89311,1
right_turning,89341,89311,89341,30
left_turning,89372,89341,89372,31
stepping,89379,89372,89379,7
jumping,89380,89379,89380,1
right_turning,89393,89380,89393,13
sniffing,89482,89393,89482,89
walking,89494,89482,89494,12
stepping,89544,89494,89544,50
walking,89545,89544,89545,1
left_turning,89546,89545,89546,1
rearing,89692,89546,89692,146
climbing,89721,89692,89721,29
sniffing,89733,89721,89733,12
left_turning,89734,89733,89734,1
walking,89740,89734,89740,6
stepping,89799,89740,89799,59
walking,89840,89799,89840,41
sniffing,89886,89840,89886,46
rearing,89923,89886,89923,37
rising,90008,89923,90008,85
walking,90009,90008,90009,1
sniffing,90050,90009,90050,41
walking,90055,90050,90055,5
climbing,90105,90055,90105,50
rearing,90192,90105,90192,87
sniffing,90199,90192,90199,7
walking,90272,90199,90272,73
stepping,90307,90272,90307,35
sniffing,90389,90307,90389,82
stepping,90436,90389,90436,47
left_turning,90501,90436,90501,65
running,90524,90501,90524,23
rearing,90660,90524,90660,136
grooming,90830,90660,90830,170
sniffing,90844,90830,90844,14
rising,90848,90844,90848,4
climbing,90883,90848,90883,35
trotting,90893,90883,90893,10
sniffing,90894,90893,90894,1
walking,90922,90894,90922,28
sniffing,90975,90922,90975,53
left_turning,90985,90975,90985,10
walking,91000,90985,91000,15
sniffing,91001,91000,91001,1
hunching,91002,91001,91002,1
sniffing,91066,91002,91066,64
rising,91127,91066,91127,61
climbing,91150,91127,91150,23
rearing,91306,91150,91306,156
walking,91392,91306,91392,86
sniffing,91397,91392,91397,5
climbing,91423,91397,91423,26
grooming,91424,91423,91424,1
rearing,91445,91424,91445,21
climbing,91490,91445,91490,45
rearing,91538,91490,91538,48
climbing,91562,91538,91562,24
grooming,91653,91562,91653,91
rearing,91744,91653,91744,91
sniffing,91863,91744,91863,119
rearing,91950,91863,91950,87
rising,91951,91950,91951,1
sniffing,91990,91951,91990,39
rising,91991,91990,91991,1
walking,91992,91991,91992,1
rising,92014,91992,92014,22
rearing,92189,92014,92189,175
left_turning,92192,92189,92192,3
stepping,92209,92192,92209,17
sniffing,92226,92209,92226,17
left_turning,92265,92226,92265,39
climbing,92386,92265,92386,121
sniffing,92434,92386,92434,48
hunching,92458,92434,92458,24
grooming,92459,92458,92459,1
climbing,92464,92459,92464,5
rearing,92542,92464,92542,78
sniffing,92590,92542,92590,48
climbing,92625,92590,92625,35
rising,92654,92625,92654,29
climbing,92714,92654,92714,60
sniffing,92734,92714,92734,20
hunching,92758,92734,92758,24
grooming,92759,92758,92759,1
hunching,92800,92759,92800,41
rearing,92885,92800,92885,85
grooming,93036,92885,93036,151
climbing,93041,93036,93041,5
walking,93042,93041,93042,1
climbing,93102,93042,93102,60
rearing,93103,93102,93103,1
sniffing,93151,93103,93151,48
walking,93170,93151,93170,19
left_turning,93171,93170,93171,1
walking,93183,93171,93183,12
sniffing,93224,93183,93224,41
grooming,93371,93224,93371,147
sniffing,93393,93371,93393,22
rising,93402,93393,93402,9
climbing,93455,93402,93455,53
left_turning,93503,93455,93503,48
rising,93521,93503,93521,18
climbing,93597,93521,93597,76
sniffing,93685,93597,93685,88
trotting,93724,93685,93724,39
stepping,93725,93724,93725,1
climbing,93801,93725,93801,76
sniffing,93802,93801,93802,1
walking,93869,93802,93869,67
climbing,93897,93869,93897,28
rising,93905,93897,93905,8
climbing,94072,93905,94072,167
hunching,94205,94072,94205,133
trotting,94227,94205,94227,22
sniffing,94228,94227,94228,1
rising,94248,94228,94248,20
climbing,94312,94248,94312,64
rising,94365,94312,94365,53
stepping,94402,94365,94402,37
trotting,94439,94402,94439,37
left_turning,94471,94439,94471,32
running,94515,94471,94515,44
trotting,94516,94515,94516,1
rising,94517,94516,94517,1
climbing,94590,94517,94590,73
walking,94633,94590,94633,43
left_turning,94702,94633,94702,69
rising,94763,94702,94763,61
right_turning,94771,94763,94771,8
walking,94790,94771,94790,19
sniffing,94898,94790,94898,108
left_turning,95064,94898,95064,166
walking,95085,95064,95085,21
sniffing,95135,95085,95135,50
walking,95136,95135,95136,1
rising,95137,95136,95137,1
sniffing,95139,95137,95139,2
rising,95168,95139,95168,29
climbing,95204,95168,95204,36
grooming,95205,95204,95205,1
sniffing,95228,95205,95228,23
walking,95257,95228,95257,29
climbing,95283,95257,95283,26
left_turning,95312,95283,95312,29
sniffing,95390,95312,95390,78
rising,95391,95390,95391,1
left_turning,95413,95391,95413,22
sniffing,95439,95413,95439,26
rising,95464,95439,95464,25
sniffing,95465,95464,95465,1
left_turning,95555,95465,95555,90
sniffing,95566,95555,95566,11
stepping,95592,95566,95592,26
rising,95616,95592,95616,24
left_turning,95653,95616,95653,37
trotting,95654,95653,95654,1
walking,95677,95654,95677,23
left_turning,95725,95677,95725,48
sniffing,95804,95725,95804,79
climbing,95843,95804,95843,39
walking,95865,95843,95865,22
rising,95897,95865,95897,32
climbing,95906,95897,95906,9
left_turning,95907,95906,95907,1
rising,95948,95907,95948,41
rearing,95973,95948,95973,25
sniffing,96046,95973,96046,73
right_turning,96047,96046,96047,1
walking,96088,96047,96088,41
right_turning,96102,96088,96102,14
left_turning,96160,96102,96160,58
sniffing,96218,96160,96218,58
right_turning,96225,96218,96225,7
walking,96226,96225,96226,1
sniffing,96339,96226,96339,113
rising,96340,96339,96340,1
rearing,96389,96340,96389,49
sniffing,96390,96389,96390,1
left_turning,96419,96390,96419,29
walking,96437,96419,96437,18
climbing,96504,96437,96504,67
rising,96564,96504,96564,60
sniffing,96655,96564,96655,91
rising,96657,96655,96657,2
sniffing,96694,96657,96694,37
climbing,96759,96694,96759,65
right_turning,96787,96759,96787,28
rearing,96837,96787,96837,50
sniffing,96874,96837,96874,37
walking,96899,96874,96899,25
climbing,96902,96899,96902,3
rearing,97049,96902,97049,147
hunching,97074,97049,97074,25
sniffing,97159,97074,97159,85
left_turning,97196,97159,97196,37
sniffing,97245,97196,97245,49
walking,97269,97245,97269,24
climbing,97318,97269,97318,49
sniffing,97319,97318,97319,1
right_turning,97326,97319,97326,7
walking,97358,97326,97358,32
sniffing,97369,97358,97369,11
walking,97370,97369,97370,1
rising,97414,97370,97414,44
sniffing,97415,97414,97415,1
climbing,97465,97415,97465,50
walking,97489,97465,97489,24
trotting,97526,97489,97526,37
climbing,97551,97526,97551,25
rising,97575,97551,97575,24
climbing,97594,97575,97594,19
sniffing,97595,97594,97595,1
rearing,97602,97595,97602,7
rising,97670,97602,97670,68
climbing,97715,97670,97715,45
sniffing,97786,97715,97786,71
grooming,98008,97786,98008,222
sniffing,98009,98008,98009,1
left_turning,98012,98009,98012,3
trotting,98029,98012,98029,17
walking,98082,98029,98082,53
sniffing,98133,98082,98133,51
walking,98134,98133,98134,1
sniffing,98198,98134,98198,64
rising,98209,98198,98209,11
rearing,98236,98209,98236,27
sniffing,98237,98236,98237,1
trotting,98272,98237,98272,35
sniffing,98305,98272,98305,33
rising,98367,98305,98367,62
left_turning,98399,98367,98399,32
rising,98427,98399,98427,28
rearing,98472,98427,98472,45
rising,98494,98472,98494,22
climbing,98552,98494,98552,58
rising,98553,98552,98553,1
walking,98561,98553,98561,8
rising,98573,98561,98573,12
rearing,98687,98573,98687,114
rising,98688,98687,98688,1
grooming,99020,98688,99020,332
rearing,99093,99020,99093,73
sniffing,99172,99093,99172,79
climbing,99201,99172,99201,29
sniffing,99247,99201,99247,46
right_turning,99248,99247,99248,1
trotting,99289,99248,99289,41
walking,99317,99289,99317,28
sniffing,99364,99317,99364,47
climbing,99365,99364,99365,1
left_turning,99373,99365,99373,8
walking,99485,99373,99485,112
rising,99710,99485,99710,225
sniffing,99945,99710,99945,235
left_turning,99976,99945,99976,31
rising,100021,99976,100021,45
trotting,100026,100021,100026,5
sniffing,100189,100026,100189,163
rising,100250,100189,100250,61
climbing,100288,100250,100288,38
rising,100340,100288,100340,52
climbing,100341,100340,100341,1
walking,100342,100341,100342,1
sniffing,100343,100342,100343,1
climbing,100366,100343,100366,23
walking,100375,100366,100375,9
sniffing,100476,100375,100476,101
rising,100478,100476,100478,2
climbing,100528,100478,100528,50
sniffing,100551,100528,100551,23
pausing,100552,100551,100552,1
sniffing,100605,100552,100605,53
grooming,100656,100605,100656,51
walking,100667,100656,100667,11
sniffing,100675,100667,100675,8
climbing,100726,100675,100726,51
rearing,100727,100726,100727,1
grooming,100755,100727,100755,28
climbing,100778,100755,100778,23
right_turning,100793,100778,100793,15
trotting,100846,100793,100846,53
rising,100847,100846,100847,1
climbing,100912,100847,100912,65
walking,100966,100912,100966,54
rearing,101305,100966,101305,339
climbing,101367,101305,101367,62
sniffing,101408,101367,101408,41
pausing,101409,101408,101409,1
sniffing,101430,101409,101430,21
pausing,101431,101430,101431,1
sniffing,101499,101431,101499,68
right_turning,101500,101499,101500,1
climbing,101524,101500,101524,24
rising,101525,101524,101525,1
sniffing,101526,101525,101526,1
trotting,101538,101526,101538,12
sniffing,101606,101538,101606,68
left_turning,101654,101606,101654,48
sniffing,101711,101654,101711,57
right_turning,101765,101711,101765,54
sniffing,101905,101765,101905,140
climbing,101906,101905,101906,1
running,101923,101906,101923,17
trotting,101958,101923,101958,35
rising,102019,101958,102019,61
rearing,102120,102019,102120,101
grooming,102680,102120,102680,560
climbing,102760,102680,102760,80
rising,102794,102760,102794,34
climbing,102823,102794,102823,29
sniffing,102890,102823,102890,67
walking,102958,102890,102958,68
stepping,102963,102958,102963,5
sniffing,103035,102963,103035,72
right_turning,103064,103035,103064,29
stepping,103134,103064,103134,70
walking,103169,103134,103169,35
sniffing,103195,103169,103195,26
climbing,103196,103195,103196,1
sniffing,103235,103196,103235,39
left_turning,103245,103235,103245,10
walking,103265,103245,103265,20
left_turning,103266,103265,103266,1
walking,103267,103266,103267,1
sniffing,103436,103267,103436,169
stepping,103445,103436,103445,9
sniffing,103663,103445,103663,218
climbing,103755,103663,103755,92
sniffing,103838,103755,103838,83
rising,103862,103838,103862,24
grooming,103863,103862,103863,1
rearing,103945,103863,103945,82
sniffing,103991,103945,103991,46
left_turning,104080,103991,104080,89
walking,104163,104080,104163,83
climbing,104213,104163,104213,50
walking,104248,104213,104248,35
sniffing,104253,104248,104253,5
rising,104354,104253,104354,101
left_turning,104364,104354,104364,10
trotting,104365,104364,104365,1
sniffing,104366,104365,104366,1
trotting,104407,104366,104407,41
walking,104439,104407,104439,32
sniffing,104514,104439,104514,75
trotting,104530,104514,104530,16
walking,104555,104530,104555,25
rising,104556,104555,104556,1
climbing,104557,104556,104557,1
rearing,104646,104557,104646,89
rising,104647,104646,104647,1
grooming,104654,104647,104654,7
sniffing,104664,104654,104664,10
walking,104702,104664,104702,38
left_turning,104797,104702,104797,95
running,104808,104797,104808,11
right_turning,104834,104808,104834,26
rising,104881,104834,104881,47
stepping,104935,104881,104935,54
climbing,105004,104935,105004,69
grooming,105245,105004,105245,241
sniffing,105246,105245,105246,1
left_turning,105288,105246,105288,42
sniffing,105409,105288,105409,121
right_turning,105437,105409,105437,28
climbing,105507,105437,105507,70
rising,105553,105507,105553,46
rearing,105638,105553,105638,85
climbing,105699,105638,105699,61
sniffing,105700,105699,105700,1
rearing,105739,105700,105739,39
hunching,105887,105739,105887,148
grooming,106075,105887,106075,188
sniffing,106076,106075,106076,1
climbing,106211,106076,106211,135
sniffing,106215,106211,106215,4
rising,106231,106215,106231,16
rearing,106270,106231,106270,39
grooming,106402,106270,106402,132
right_turning,106415,106402,106415,13
rising,106461,106415,106461,46
stepping,106479,106461,106479,18
sniffing,106532,106479,106532,53
right_turning,106566,106532,106566,34
climbing,106620,106566,106620,54
walking,106628,106620,106628,8
sniffing,106686,106628,106686,58
walking,106687,106686,106687,1
rising,106688,106687,106688,1
sniffing,106695,106688,106695,7
climbing,106696,106695,106696,1
rising,106759,106696,106759,63
sniffing,106760,106759,106760,1
rising,106834,106760,106834,74
climbing,106835,106834,106835,1
sniffing,106914,106835,106914,79
left_turning,106934,106914,106934,20
trotting,106999,106934,106999,65
climbing,107028,106999,107028,29
rising,107029,107028,107029,1
sniffing,107030,107029,107030,1
climbing,107078,107030,107078,48
sniffing,107079,107078,107079,1
walking,107178,107079,107178,99
sniffing,107213,107178,107213,35
rearing,107214,107213,107214,1
climbing,107219,107214,107219,5
rising,107221,107219,107221,2
climbing,107308,107221,107308,87
running,107348,107308,107348,40
trotting,107375,107348,107375,27
sniffing,107418,107375,107418,43
rising,107419,107418,107419,1
trotting,107421,107419,107421,2
rearing,107516,107421,107516,95
right_turning,107548,107516,107548,32
trotting,107550,107548,107550,2
sniffing,107627,107550,107627,77
rising,107866,107627,107866,239
rearing,107935,107866,107935,69
walking,107956,107935,107956,21
climbing,107986,107956,107986,30
rising,108000,107986,108000,14
