revised_movement_label,segBoundary,segBoundary_start,segBoundary_end,length
trotting,5,0,5,5
left_turning,40,5,40,35
walking,62,40,62,22
sniffing,107,62,107,45
climbing,134,107,134,27
walking,173,134,173,39
rising,208,173,208,35
sniffing,210,208,210,2
rearing,211,210,211,1
trotting,237,211,237,26
sniffing,262,237,262,25
left_turning,309,262,309,47
sniffing,376,309,376,67
rearing,455,376,455,79
climbing,457,455,457,2
rising,477,457,477,20
sniffing,478,477,478,1
hunching,485,478,485,7
climbing,502,485,502,17
left_turning,547,502,547,45
climbing,628,547,628,81
rearing,629,628,629,1
hunching,630,629,630,1
stepping,656,630,656,26
left_turning,657,656,657,1
climbing,695,657,695,38
sniffing,696,695,696,1
rising,717,696,717,21
climbing,758,717,758,41
trotting,759,758,759,1
walking,800,759,800,41
rising,1069,800,1069,269
sniffing,1188,1069,1188,119
walking,1223,1188,1223,35
climbing,1263,1223,1263,40
sniffing,1294,1263,1294,31
left_turning,1313,1294,1313,19
walking,1314,1313,1314,1
sniffing,1371,1314,1371,57
walking,1417,1371,1417,46
right_turning,1418,1417,1418,1
walking,1419,1418,1419,1
trotting,1434,1419,1434,15
rising,1453,1434,1453,19
sniffing,1528,1453,1528,75
climbing,1576,1528,1576,48
rearing,1593,1576,1593,17
rising,1645,1593,1645,52
climbing,1650,1645,1650,5
sniffing,1728,1650,1728,78
running,1739,1728,1739,11
walking,1771,1739,1771,32
sniffing,1776,1771,1776,5
grooming,1898,1776,1898,122
walking,1899,1898,1899,1
trotting,1935,1899,1935,36
left_turning,1953,1935,1953,18
rising,1973,1953,1973,20
trotting,1995,1973,1995,22
left_turning,2030,1995,2030,35
sniffing,2031,2030,2031,1
climbing,2082,2031,2082,51
walking,2083,2082,2083,1
rising,2167,2083,2167,84
sniffing,2214,2167,2214,47
hunching,2275,2214,2275,61
climbing,2292,2275,2292,17
trotting,2323,2292,2323,31
left_turning,2326,2323,2326,3
sniffing,2328,2326,2328,2
rising,2403,2328,2403,75
walking,2439,2403,2439,36
sniffing,2492,2439,2492,53
climbing,2498,2492,2498,6
sniffing,2507,2498,2507,9
walking,2523,2507,2523,16
climbing,2565,2523,2565,42
walking,2678,2565,2678,113
trotting,2719,2678,2719,41
walking,2737,2719,2737,18
left_turning,2768,2737,2768,31
running,2797,2768,2797,29
walking,2798,2797,2798,1
trotting,2838,2798,2838,40
walking,2839,2838,2839,1
rising,2924,2839,2924,85
walking,2964,2924,2964,40
sniffing,3036,2964,3036,72
climbing,3093,3036,3093,57
stepping,3130,3093,3130,37
walking,3170,3130,3170,40
sniffing,3171,3170,3171,1
walking,3183,3171,3183,12
sniffing,3271,3183,3271,88
walking,3272,3271,3272,1
climbing,3317,3272,3317,45
right_turning,3343,3317,3343,26
stepping,3378,3343,3378,35
walking,3393,3378,3393,15
climbing,3433,3393,3433,40
running,3445,3433,3445,12
left_turning,3504,3445,3504,59
sniffing,3543,3504,3543,39
trotting,3544,3543,3544,1
sniffing,3545,3544,3545,1
hunching,3607,3545,3607,62
right_turning,3622,3607,3622,15
sniffing,3623,3622,3623,1
climbing,3639,3623,3639,16
walking,3656,3639,3656,17
rearing,3724,3656,3724,68
left_turning,3767,3724,3767,43
climbing,3805,3767,3805,38
rising,3813,3805,3813,8
climbing,3857,3813,3857,44
right_turning,3885,3857,3885,28
walking,3932,3885,3932,47
sniffing,3933,3932,3933,1
trotting,3938,3933,3938,5
walking,3987,3938,3987,49
climbing,4007,3987,4007,20
sniffing,4067,4007,4067,60
grooming,4369,4067,4369,302
walking,4427,4369,4427,58
sniffing,4440,4427,4440,13
walking,4485,4440,4485,45
sniffing,4505,4485,4505,20
climbing,4595,4505,4595,90
hunching,4749,4595,4749,154
rearing,4750,4749,4750,1
climbing,4785,4750,4785,35
walking,4819,4785,4819,34
climbing,4880,4819,4880,61
walking,4945,4880,4945,65
stepping,4946,4945,4946,1
rising,5021,4946,5021,75
right_turning,5027,5021,5027,6
walking,5086,5027,5086,59
sniffing,5150,5086,5150,64
climbing,5182,5150,5182,32
left_turning,5281,5182,5281,99
rising,5293,5281,5293,12
climbing,5306,5293,5306,13
sniffing,5324,5306,5324,18
right_turning,5326,5324,5326,2
rising,5391,5326,5391,65
climbing,5433,5391,5433,42
walking,5455,5433,5455,22
sniffing,5506,5455,5506,51
stepping,5509,5506,5509,3
walking,5572,5509,5572,63
sniffing,5573,5572,5573,1
rising,5574,5573,5574,1
trotting,5584,5574,5584,10
walking,5613,5584,5613,29
sniffing,5631,5613,5631,18
climbing,5687,5631,5687,56
walking,5709,5687,5709,22
rising,5732,5709,5732,23
left_turning,5738,5732,5738,6
walking,5781,5738,5781,43
sniffing,5804,5781,5804,23
running,5818,5804,5818,14
climbing,5881,5818,5881,63
sniffing,5882,5881,5882,1
climbing,5922,5882,5922,40
trotting,5945,5922,5945,23
sniffing,5947,5945,5947,2
walking,5980,5947,5980,33
left_turning,5981,5980,5981,1
walking,5982,5981,5982,1
trotting,6025,5982,6025,43
rising,6026,6025,6026,1
sniffing,6055,6026,6055,29
walking,6080,6055,6080,25
climbing,6125,6080,6125,45
walking,6184,6125,6184,59
sniffing,6237,6184,6237,53
right_turning,6245,6237,6245,8
sniffing,6303,6245,6303,58
left_turning,6304,6303,6304,1
sniffing,6344,6304,6344,40
rising,6400,6344,6400,56
walking,6401,6400,6401,1
left_turning,6405,6401,6405,4
walking,6428,6405,6428,23
sniffing,6466,6428,6466,38
trotting,6475,6466,6475,9
walking,6483,6475,6483,8
sniffing,6484,6483,6484,1
left_turning,6485,6484,6485,1
sniffing,6514,6485,6514,29
walking,6521,6514,6521,7
sniffing,6666,6521,6666,145
rearing,6684,6666,6684,18
rising,6702,6684,6702,18
sniffing,6703,6702,6703,1
grooming,6769,6703,6769,66
running,6801,6769,6801,32
walking,6824,6801,6824,23
climbing,6836,6824,6836,12
trotting,6837,6836,6837,1
stepping,6850,6837,6850,13
climbing,6911,6850,6911,61
right_turning,6925,6911,6925,14
walking,6969,6925,6969,44
left_turning,7016,6969,7016,47
trotting,7061,7016,7061,45
sniffing,7087,7061,7087,26
left_turning,7126,7087,7126,39
walking,7167,7126,7167,41
climbing,7171,7167,7171,4
walking,7234,7171,7234,63
sniffing,7235,7234,7235,1
rearing,7236,7235,7236,1
rising,7279,7236,7279,43
climbing,7358,7279,7358,79
rising,7409,7358,7409,51
sniffing,7435,7409,7435,26
left_turning,7450,7435,7450,15
trotting,7453,7450,7453,3
sniffing,7505,7453,7505,52
climbing,7534,7505,7534,29
trotting,7547,7534,7547,13
walking,7580,7547,7580,33
climbing,7624,7580,7624,44
right_turning,7625,7624,7625,1
stepping,7650,7625,7650,25
trotting,7677,7650,7677,27
walking,7698,7677,7698,21
trotting,7728,7698,7728,30
sniffing,7729,7728,7729,1
running,7760,7729,7760,31
rising,7858,7760,7858,98
right_turning,7859,7858,7859,1
sniffing,8012,7859,8012,153
walking,8049,8012,8049,37
sniffing,8148,8049,8148,99
pausing,8149,8148,8149,1
sniffing,8150,8149,8150,1
left_turning,8179,8150,8179,29
walking,8217,8179,8217,38
sniffing,8288,8217,8288,71
running,8314,8288,8314,26
trotting,8346,8314,8346,32
sniffing,8347,8346,8347,1
climbing,8417,8347,8417,70
sniffing,8467,8417,8467,50
rising,8486,8467,8486,19
sniffing,8532,8486,8532,46
rising,8560,8532,8560,28
right_turning,8602,8560,8602,42
trotting,8623,8602,8623,21
walking,8635,8623,8635,12
stepping,8689,8635,8689,54
walking,8703,8689,8703,14
climbing,8725,8703,8725,22
walking,8726,8725,8726,1
trotting,8752,8726,8752,26
left_turning,8771,8752,8771,19
sniffing,8772,8771,8772,1
left_turning,8791,8772,8791,19
sniffing,8874,8791,8874,83
climbing,8902,8874,8902,28
sniffing,8945,8902,8945,43
trotting,8966,8945,8966,21
sniffing,8967,8966,8967,1
grooming,9123,8967,9123,156
sniffing,9133,9123,9133,10
rising,9168,9133,9168,35
climbing,9169,9168,9169,1
walking,9236,9169,9236,67
stepping,9265,9236,9265,29
climbing,9297,9265,9297,32
sniffing,9298,9297,9298,1
left_turning,9327,9298,9327,29
running,9356,9327,9356,29
left_turning,9399,9356,9399,43
walking,9407,9399,9407,8
rising,9408,9407,9408,1
sniffing,9520,9408,9520,112
rearing,9521,9520,9521,1
grooming,9522,9521,9522,1
sniffing,9566,9522,9566,44
hunching,9567,9566,9567,1
right_turning,9592,9567,9592,25
running,9636,9592,9636,44
rising,9637,9636,9637,1
climbing,9679,9637,9679,42
sniffing,9681,9679,9681,2
rising,9703,9681,9703,22
sniffing,9781,9703,9781,78
stepping,9782,9781,9782,1
left_turning,9784,9782,9784,2
walking,9790,9784,9790,6
sniffing,9941,9790,9941,151
walking,9943,9941,9943,2
rising,9944,9943,9944,1
left_turning,9970,9944,9970,26
stepping,9994,9970,9994,24
right_turning,10010,9994,10010,16
running,10034,10010,10034,24
left_turning,10041,10034,10041,7
sniffing,10116,10041,10116,75
rising,10355,10116,10355,239
right_turning,10387,10355,10387,32
trotting,10388,10387,10388,1
left_turning,10411,10388,10411,23
sniffing,10491,10411,10491,80
rising,10643,10491,10643,152
left_turning,10671,10643,10671,28
stepping,10707,10671,10707,36
left_turning,10741,10707,10741,34
sniffing,10780,10741,10780,39
hunching,10988,10780,10988,208
running,11013,10988,11013,25
walking,11065,11013,11065,52
rising,11118,11065,11118,53
sniffing,11119,11118,11119,1
rising,11145,11119,11145,26
hunching,11162,11145,11162,17
rearing,11242,11162,11242,80
climbing,11289,11242,11289,47
sniffing,11385,11289,11385,96
left_turning,11433,11385,11433,48
trotting,11508,11433,11508,75
running,11524,11508,11524,16
walking,11558,11524,11558,34
rising,11607,11558,11607,49
climbing,11660,11607,11660,53
rising,11709,11660,11709,49
left_turning,11766,11709,11766,57
sniffing,11767,11766,11767,1
trotting,11768,11767,11768,1
left_turning,11769,11768,11769,1
sniffing,11770,11769,11770,1
climbing,11835,11770,11835,65
sniffing,11836,11835,11836,1
rising,11839,11836,11839,3
climbing,11843,11839,11843,4
left_turning,11906,11843,11906,63
trotting,11928,11906,11928,22
walking,11945,11928,11945,17
left_turning,11980,11945,11980,35
sniffing,12146,11980,12146,166
climbing,12147,12146,12147,1
rising,12148,12147,12148,1
sniffing,12157,12148,12157,9
rising,12187,12157,12187,30
climbing,12214,12187,12214,27
rearing,12215,12214,12215,1
rising,12292,12215,12292,77
climbing,12317,12292,12317,25
sniffing,12430,12317,12430,113
climbing,12478,12430,12478,48
walking,12527,12478,12527,49
climbing,12585,12527,12585,58
rising,12643,12585,12643,58
left_turning,12644,12643,12644,1
climbing,12668,12644,12668,24
rising,12748,12668,12748,80
sniffing,12749,12748,12749,1
rising,12775,12749,12775,26
climbing,12794,12775,12794,19
trotting,12795,12794,12795,1
sniffing,12860,12795,12860,65
walking,12889,12860,12889,29
sniffing,12928,12889,12928,39
rising,12929,12928,12929,1
climbing,12964,12929,12964,35
rearing,13033,12964,13033,69
rising,13122,13033,13122,89
left_turning,13139,13122,13139,17
rising,13180,13139,13180,41
stepping,13245,13180,13245,65
rising,13303,13245,13303,58
rearing,13477,13303,13477,174
rising,13485,13477,13485,8
sniffing,13496,13485,13496,11
stepping,13504,13496,13504,8
climbing,13597,13504,13597,93
rearing,13688,13597,13688,91
running,13725,13688,13725,37
left_turning,13741,13725,13741,16
rearing,13742,13741,13742,1
trotting,13778,13742,13778,36
running,13792,13778,13792,14
walking,13793,13792,13793,1
sniffing,13854,13793,13854,61
walking,13856,13854,13856,2
right_turning,13897,13856,13897,41
sniffing,13937,13897,13937,40
walking,13938,13937,13938,1
sniffing,13955,13938,13955,17
left_turning,13993,13955,13993,38
sniffing,13996,13993,13996,3
rising,14026,13996,14026,30
sniffing,14027,14026,14027,1
climbing,14083,14027,14083,56
stepping,14107,14083,14107,24
sniffing,14219,14107,14219,112
walking,14273,14219,14273,54
rising,14405,14273,14405,132
climbing,14447,14405,14447,42
walking,14448,14447,14448,1
sniffing,14499,14448,14499,51
walking,14534,14499,14534,35
sniffing,14540,14534,14540,6
walking,14585,14540,14585,45
left_turning,14639,14585,14639,54
rearing,14698,14639,14698,59
walking,14738,14698,14738,40
stepping,14787,14738,14787,49
climbing,14836,14787,14836,49
left_turning,14837,14836,14837,1
sniffing,14838,14837,14838,1
rising,14839,14838,14839,1
climbing,14872,14839,14872,33
grooming,14961,14872,14961,89
sniffing,14962,14961,14962,1
climbing,14967,14962,14967,5
sniffing,15025,14967,15025,58
walking,15072,15025,15072,47
climbing,15098,15072,15098,26
stepping,15131,15098,15131,33
rising,15133,15131,15133,2
sniffing,15134,15133,15134,1
rising,15162,15134,15162,28
walking,15194,15162,15194,32
trotting,15219,15194,15219,25
sniffing,15220,15219,15220,1
rising,15241,15220,15241,21
walking,15250,15241,15250,9
rising,15354,15250,15354,104
left_turning,15355,15354,15355,1
trotting,15384,15355,15384,29
right_turning,15418,15384,15418,34
walking,15458,15418,15458,40
sniffing,15459,15458,15459,1
rising,15582,15459,15582,123
hunching,15762,15582,15762,180
right_turning,15763,15762,15763,1
trotting,15811,15763,15811,48
rising,15812,15811,15812,1
climbing,15853,15812,15853,41
rearing,16172,15853,16172,319
sniffing,16198,16172,16198,26
right_turning,16199,16198,16199,1
left_turning,16252,16199,16252,53
walking,16288,16252,16288,36
sniffing,16289,16288,16289,1
rearing,16388,16289,16388,99
left_turning,16411,16388,16411,23
grooming,16790,16411,16790,379
hunching,16902,16790,16902,112
grooming,17944,16902,17944,1042
hunching,17983,17944,17983,39
grooming,18218,17983,18218,235
sniffing,18265,18218,18265,47
walking,18272,18265,18272,7
rising,18273,18272,18273,1
walking,18305,18273,18305,32
sniffing,18355,18305,18355,50
stepping,18382,18355,18382,27
right_turning,18403,18382,18403,21
sniffing,18434,18403,18434,31
rising,18435,18434,18435,1
rearing,18493,18435,18493,58
rising,18506,18493,18506,13
rearing,18507,18506,18507,1
sniffing,18508,18507,18508,1
rising,18552,18508,18552,44
stepping,18572,18552,18572,20
rising,18608,18572,18608,36
sniffing,18635,18608,18635,27
right_turning,18653,18635,18653,18
walking,18657,18653,18657,4
climbing,18721,18657,18721,64
right_turning,18759,18721,18759,38
rearing,18822,18759,18822,63
walking,18823,18822,18823,1
left_turning,18869,18823,18869,46
rearing,18937,18869,18937,68
sniffing,19057,18937,19057,120
trotting,19100,19057,19100,43
left_turning,19162,19100,19162,62
sniffing,19168,19162,19168,6
rising,19218,19168,19218,50
climbing,19248,19218,19248,30
sniffing,19249,19248,19249,1
left_turning,19250,19249,19250,1
walking,19272,19250,19272,22
rising,19294,19272,19294,22
walking,19322,19294,19322,28
stepping,19352,19322,19352,30
sniffing,19422,19352,19422,70
climbing,19431,19422,19431,9
rising,19473,19431,19473,42
sniffing,19474,19473,19474,1
rising,19490,19474,19490,16
left_turning,19491,19490,19491,1
rising,19498,19491,19498,7
sniffing,19629,19498,19629,131
walking,19631,19629,19631,2
rising,19686,19631,19686,55
climbing,19709,19686,19709,23
rearing,19791,19709,19791,82
left_turning,19822,19791,19822,31
sniffing,19847,19822,19847,25
stepping,19848,19847,19848,1
hunching,19852,19848,19852,4
walking,19873,19852,19873,21
left_turning,19881,19873,19881,8
sniffing,20016,19881,20016,135
climbing,20091,20016,20091,75
rising,20094,20091,20094,3
climbing,20169,20094,20169,75
right_turning,20189,20169,20189,20
left_turning,20198,20189,20198,9
right_turning,20202,20198,20202,4
climbing,20207,20202,20207,5
running,20215,20207,20215,8
sniffing,20296,20215,20296,81
grooming,20404,20296,20404,108
hunching,20486,20404,20486,82
climbing,20551,20486,20551,65
sniffing,20588,20551,20588,37
rising,20672,20588,20672,84
right_turning,20674,20672,20674,2
walking,20698,20674,20698,24
left_turning,20720,20698,20720,22
walking,20759,20720,20759,39
trotting,20772,20759,20772,13
walking,20800,20772,20800,28
sniffing,20855,20800,20855,55
climbing,20867,20855,20867,12
hunching,20935,20867,20935,68
climbing,20983,20935,20983,48
sniffing,20995,20983,20995,12
trotting,20997,20995,20997,2
sniffing,21015,20997,21015,18
trotting,21025,21015,21025,10
sniffing,21026,21025,21026,1
rising,21078,21026,21078,52
climbing,21111,21078,21111,33
sniffing,21176,21111,21176,65
rising,21208,21176,21208,32
climbing,21209,21208,21209,1
rearing,21247,21209,21247,38
walking,21264,21247,21264,17
rising,21266,21264,21266,2
walking,21270,21266,21270,4
sniffing,21293,21270,21293,23
right_turning,21307,21293,21307,14
trotting,21370,21307,21370,63
left_turning,21397,21370,21397,27
trotting,21456,21397,21456,59
sniffing,21457,21456,21457,1
climbing,21524,21457,21524,67
rising,21525,21524,21525,1
sniffing,21555,21525,21555,30
walking,21608,21555,21608,53
climbing,21659,21608,21659,51
walking,21666,21659,21666,7
climbing,21718,21666,21718,52
trotting,21740,21718,21740,22
walking,21778,21740,21778,38
sniffing,21795,21778,21795,17
rearing,21819,21795,21819,24
sniffing,21829,21819,21829,10
stepping,21861,21829,21861,32
hunching,21862,21861,21862,1
rising,21923,21862,21923,61
climbing,21965,21923,21965,42
sniffing,22000,21965,22000,35
trotting,22006,22000,22006,6
rising,22100,22006,22100,94
sniffing,22146,22100,22146,46
right_turning,22180,22146,22180,34
trotting,22227,22180,22227,47
walking,22279,22227,22279,52
jumping,22280,22279,22280,1
sniffing,22372,22280,22372,92
right_turning,22390,22372,22390,18
walking,22401,22390,22401,11
climbing,22483,22401,22483,82
hunching,22542,22483,22542,59
climbing,22611,22542,22611,69
walking,22634,22611,22634,23
left_turning,22645,22634,22645,11
sniffing,22674,22645,22674,29
trotting,22708,22674,22708,34
rising,22709,22708,22709,1
climbing,22722,22709,22722,13
sniffing,22727,22722,22727,5
walking,22756,22727,22756,29
stepping,22798,22756,22798,42
right_turning,22827,22798,22827,29
stepping,22828,22827,22828,1
sniffing,22878,22828,22878,50
rearing,22951,22878,22951,73
left_turning,22960,22951,22960,9
sniffing,22961,22960,22961,1
climbing,23029,22961,23029,68
sniffing,23042,23029,23042,13
left_turning,23048,23042,23048,6
walking,23049,23048,23049,1
left_turning,23063,23049,23063,14
walking,23100,23063,23100,37
stepping,23185,23100,23185,85
right_turning,23189,23185,23189,4
sniffing,23221,23189,23221,32
climbing,23260,23221,23260,39
left_turning,23287,23260,23287,27
sniffing,23370,23287,23370,83
climbing,23408,23370,23408,38
sniffing,23487,23408,23487,79
rising,23510,23487,23510,23
climbing,23578,23510,23578,68
sniffing,23659,23578,23659,81
rearing,23700,23659,23700,41
grooming,23962,23700,23962,262
sniffing,24003,23962,24003,41
rising,24030,24003,24030,27
rearing,24078,24030,24078,48
sniffing,24165,24078,24165,87
grooming,24189,24165,24189,24
left_turning,24205,24189,24205,16
walking,24238,24205,24238,33
rising,24317,24238,24317,79
climbing,24340,24317,24340,23
sniffing,24509,24340,24509,169
rising,24510,24509,24510,1
rearing,24593,24510,24593,83
rising,24690,24593,24690,97
sniffing,24810,24690,24810,120
rising,24858,24810,24858,48
sniffing,24859,24858,24859,1
climbing,24884,24859,24884,25
rising,24933,24884,24933,49
rearing,24993,24933,24993,60
climbing,25059,24993,25059,66
rearing,25159,25059,25159,100
climbing,25194,25159,25194,35
walking,25246,25194,25246,52
sniffing,25267,25246,25267,21
rising,25290,25267,25290,23
sniffing,25291,25290,25291,1
trotting,25332,25291,25332,41
left_turning,25333,25332,25333,1
climbing,25387,25333,25387,54
left_turning,25388,25387,25388,1
walking,25393,25388,25393,5
sniffing,25394,25393,25394,1
trotting,25395,25394,25395,1
rising,25434,25395,25434,39
sniffing,25507,25434,25507,73
rearing,25640,25507,25640,133
climbing,25690,25640,25690,50
rising,25691,25690,25691,1
walking,25735,25691,25735,44
sniffing,25736,25735,25736,1
stepping,25752,25736,25752,16
sniffing,25785,25752,25785,33
rising,25823,25785,25823,38
climbing,25840,25823,25840,17
rising,25858,25840,25858,18
climbing,25950,25858,25950,92
right_turning,25979,25950,25979,29
stepping,25990,25979,25990,11
rising,26025,25990,26025,35
climbing,26139,26025,26139,114
sniffing,26157,26139,26157,18
rising,26158,26157,26158,1
climbing,26187,26158,26187,29
rearing,26386,26187,26386,199
grooming,26520,26386,26520,134
walking,26524,26520,26524,4
sniffing,26616,26524,26616,92
climbing,26620,26616,26620,4
rising,26679,26620,26679,59
rearing,26684,26679,26684,5
trotting,26735,26684,26735,51
walking,26786,26735,26786,51
sniffing,26844,26786,26844,58
walking,26861,26844,26861,17
running,26882,26861,26882,21
stepping,26903,26882,26903,21
rising,26931,26903,26931,28
left_turning,26932,26931,26932,1
sniffing,26961,26932,26961,29
grooming,27314,26961,27314,353
sniffing,27315,27314,27315,1
climbing,27399,27315,27399,84
walking,27407,27399,27407,8
stepping,27419,27407,27419,12
sniffing,27443,27419,27443,24
walking,27467,27443,27467,24
right_turning,27488,27467,27488,21
rising,27558,27488,27558,70
walking,27576,27558,27576,18
sniffing,27693,27576,27693,117
rearing,27694,27693,27694,1
hunching,27737,27694,27737,43
right_turning,27769,27737,27769,32
running,27770,27769,27770,1
trotting,27786,27770,27786,16
left_turning,27801,27786,27801,15
climbing,27843,27801,27843,42
rearing,28079,27843,28079,236
walking,28114,28079,28114,35
trotting,28120,28114,28120,6
rising,28155,28120,28155,35
stepping,28192,28155,28192,37
sniffing,28193,28192,28193,1
left_turning,28218,28193,28218,25
walking,28237,28218,28237,19
sniffing,28242,28237,28242,5
climbing,28281,28242,28281,39
right_turning,28315,28281,28315,34
sniffing,28344,28315,28344,29
grooming,28447,28344,28447,103
walking,28484,28447,28484,37
rising,28556,28484,28556,72
rearing,28717,28556,28717,161
walking,28718,28717,28718,1
running,28731,28718,28731,13
walking,28736,28731,28736,5
sniffing,28814,28736,28814,78
climbing,28829,28814,28829,15
sniffing,28839,28829,28839,10
right_turning,28855,28839,28855,16
walking,28856,28855,28856,1
rising,28902,28856,28902,46
climbing,28938,28902,28938,36
rising,28939,28938,28939,1
sniffing,29018,28939,29018,79
rising,29152,29018,29152,134
walking,29187,29152,29187,35
trotting,29209,29187,29209,22
walking,29263,29209,29263,54
climbing,29264,29263,29264,1
sniffing,29299,29264,29299,35
rising,29386,29299,29386,87
sniffing,29433,29386,29433,47
left_turning,29455,29433,29455,22
walking,29461,29455,29461,6
sniffing,29569,29461,29569,108
rising,29613,29569,29613,44
climbing,29664,29613,29664,51
walking,29665,29664,29665,1
sniffing,29727,29665,29727,62
rearing,29728,29727,29728,1
hunching,29780,29728,29780,52
walking,29783,29780,29783,3
rising,29831,29783,29831,48
climbing,29917,29831,29917,86
right_turning,29961,29917,29961,44
walking,30032,29961,30032,71
sniffing,30048,30032,30048,16
right_turning,30080,30048,30080,32
trotting,30136,30080,30136,56
sniffing,30142,30136,30142,6
left_turning,30222,30142,30222,80
sniffing,30271,30222,30271,49
trotting,30277,30271,30277,6
rising,30278,30277,30278,1
stepping,30288,30278,30288,10
walking,30292,30288,30292,4
sniffing,30379,30292,30379,87
trotting,30408,30379,30408,29
walking,30462,30408,30462,54
sniffing,30495,30462,30495,33
hunching,30496,30495,30496,1
sniffing,30558,30496,30558,62
left_turning,30578,30558,30578,20
walking,30622,30578,30622,44
sniffing,30694,30622,30694,72
left_turning,30703,30694,30703,9
sniffing,30740,30703,30740,37
pausing,30741,30740,30741,1
sniffing,30774,30741,30774,33
left_turning,30780,30774,30780,6
stepping,30858,30780,30858,78
rearing,30931,30858,30931,73
walking,30952,30931,30952,21
sniffing,30969,30952,30969,17
rising,30987,30969,30987,18
hunching,31124,30987,31124,137
walking,31185,31124,31185,61
sniffing,31328,31185,31328,143
walking,31366,31328,31366,38
sniffing,31459,31366,31459,93
running,31502,31459,31502,43
sniffing,31588,31502,31588,86
climbing,31715,31588,31715,127
right_turning,31756,31715,31756,41
trotting,31772,31756,31772,16
rising,31773,31772,31773,1
right_turning,31774,31773,31774,1
walking,31800,31774,31800,26
sniffing,31809,31800,31809,9
left_turning,31841,31809,31841,32
stepping,31876,31841,31876,35
walking,31888,31876,31888,12
climbing,31944,31888,31944,56
sniffing,31945,31944,31945,1
rising,32048,31945,32048,103
rearing,32057,32048,32057,9
sniffing,32147,32057,32147,90
left_turning,32179,32147,32179,32
walking,32196,32179,32196,17
sniffing,32215,32196,32215,19
left_turning,32352,32215,32352,137
walking,32398,32352,32398,46
sniffing,32461,32398,32461,63
left_turning,32544,32461,32544,83
walking,32574,32544,32574,30
stepping,32607,32574,32607,33
walking,32608,32607,32608,1
rising,32631,32608,32631,23
right_turning,32641,32631,32641,10
walking,32661,32641,32661,20
sniffing,32694,32661,32694,33
climbing,32735,32694,32735,41
running,32741,32735,32741,6
sniffing,32742,32741,32742,1
rising,32777,32742,32777,35
walking,32806,32777,32806,29
trotting,32823,32806,32823,17
rising,32882,32823,32882,59
climbing,32932,32882,32932,50
rearing,32960,32932,32960,28
running,32977,32960,32977,17
left_turning,33026,32977,33026,49
sniffing,33120,33026,33120,94
trotting,33144,33120,33144,24
sniffing,33213,33144,33213,69
climbing,33214,33213,33214,1
rising,33229,33214,33229,15
sniffing,33291,33229,33291,62
rising,33332,33291,33332,41
sniffing,33333,33332,33333,1
left_turning,33362,33333,33362,29
rising,33364,33362,33364,2
grooming,33365,33364,33365,1
sniffing,33406,33365,33406,41
walking,33460,33406,33460,54
rising,33461,33460,33461,1
walking,33497,33461,33497,36
sniffing,33554,33497,33554,57
walking,33572,33554,33572,18
sniffing,33616,33572,33616,44
walking,33635,33616,33635,19
rising,33636,33635,33636,1
climbing,33692,33636,33692,56
sniffing,33723,33692,33723,31
climbing,33796,33723,33796,73
trotting,33813,33796,33813,17
left_turning,33875,33813,33875,62
sniffing,33935,33875,33935,60
walking,33977,33935,33977,42
sniffing,33997,33977,33997,20
climbing,34078,33997,34078,81
rising,34135,34078,34135,57
rearing,34188,34135,34188,53
walking,34197,34188,34197,9
climbing,34210,34197,34210,13
sniffing,34228,34210,34228,18
walking,34273,34228,34273,45
sniffing,34274,34273,34274,1
right_turning,34275,34274,34275,1
running,34292,34275,34292,17
sniffing,34298,34292,34298,6
walking,34351,34298,34351,53
sniffing,34442,34351,34442,91
rising,34443,34442,34443,1
sniffing,34556,34443,34556,113
trotting,34599,34556,34599,43
running,34626,34599,34626,27
rearing,34677,34626,34677,51
hunching,34699,34677,34699,22
climbing,34714,34699,34714,15
walking,34715,34714,34715,1
sniffing,34761,34715,34761,46
rising,34774,34761,34774,13
sniffing,34818,34774,34818,44
rising,34843,34818,34843,25
sniffing,34929,34843,34929,86
climbing,34962,34929,34962,33
sniffing,34977,34962,34977,15
left_turning,34986,34977,34986,9
trotting,35022,34986,35022,36
sniffing,35039,35022,35039,17
rearing,35070,35039,35070,31
sniffing,35130,35070,35130,60
rising,35131,35130,35131,1
hunching,35187,35131,35187,56
rearing,35188,35187,35188,1
climbing,35238,35188,35238,50
rising,35316,35238,35316,78
walking,35317,35316,35317,1
sniffing,35322,35317,35322,5
rearing,35523,35322,35523,201
walking,35524,35523,35524,1
left_turning,35543,35524,35543,19
rising,35586,35543,35586,43
climbing,35647,35586,35647,61
rising,35648,35647,35648,1
climbing,35691,35648,35691,43
left_turning,35730,35691,35730,39
sniffing,35789,35730,35789,59
right_turning,35828,35789,35828,39
sniffing,35854,35828,35854,26
trotting,35885,35854,35885,31
walking,35886,35885,35886,1
climbing,35938,35886,35938,52
sniffing,36008,35938,36008,70
rising,36027,36008,36027,19
sniffing,36154,36027,36154,127
climbing,36205,36154,36205,51
walking,36280,36205,36280,75
trotting,36318,36280,36318,38
sniffing,36319,36318,36319,1
walking,36352,36319,36352,33
rising,36420,36352,36420,68
sniffing,36425,36420,36425,5
climbing,36463,36425,36463,38
running,36515,36463,36515,52
rising,36547,36515,36547,32
climbing,36567,36547,36567,20
trotting,36607,36567,36607,40
sniffing,36644,36607,36644,37
hunching,36710,36644,36710,66
stepping,36712,36710,36712,2
trotting,36722,36712,36722,10
left_turning,36739,36722,36739,17
trotting,36766,36739,36766,27
climbing,36832,36766,36832,66
sniffing,36900,36832,36900,68
trotting,36919,36900,36919,19
walking,36929,36919,36929,10
trotting,36939,36929,36939,10
walking,36942,36939,36942,3
sniffing,36949,36942,36949,7
right_turning,36960,36949,36960,11
walking,36997,36960,36997,37
climbing,37032,36997,37032,35
rising,37040,37032,37040,8
right_turning,37046,37040,37046,6
sniffing,37093,37046,37093,47
climbing,37129,37093,37129,36
walking,37186,37129,37186,57
rising,37206,37186,37206,20
climbing,37245,37206,37245,39
sniffing,37259,37245,37259,14
rising,37300,37259,37300,41
sniffing,37330,37300,37330,30
left_turning,37358,37330,37358,28
sniffing,37359,37358,37359,1
rising,37421,37359,37421,62
climbing,37479,37421,37479,58
left_turning,37658,37479,37658,179
climbing,37723,37658,37723,65
right_turning,37763,37723,37763,40
sniffing,37764,37763,37764,1
hunching,37809,37764,37809,45
sniffing,37847,37809,37847,38
walking,37869,37847,37869,22
trotting,37876,37869,37876,7
walking,37922,37876,37922,46
rising,37980,37922,37980,58
climbing,38041,37980,38041,61
hunching,38133,38041,38133,92
rearing,38253,38133,38253,120
right_turning,38261,38253,38261,8
climbing,38303,38261,38303,42
sniffing,38362,38303,38362,59
rising,38366,38362,38366,4
rearing,38384,38366,38384,18
left_turning,38409,38384,38409,25
walking,38450,38409,38450,41
right_turning,38478,38450,38478,28
running,38499,38478,38499,21
rising,38500,38499,38500,1
climbing,38556,38500,38556,56
walking,38578,38556,38578,22
climbing,38602,38578,38602,24
hunching,38603,38602,38603,1
sniffing,38673,38603,38673,70
right_turning,38706,38673,38706,33
walking,38723,38706,38723,17
sniffing,38781,38723,38781,58
trotting,38813,38781,38813,32
sniffing,38867,38813,38867,54
rising,38966,38867,38966,99
walking,38980,38966,38980,14
stepping,39038,38980,39038,58
sniffing,39145,39038,39145,107
right_turning,39149,39145,39149,4
left_turning,39196,39149,39196,47
rising,39236,39196,39236,40
sniffing,39237,39236,39237,1
rearing,39260,39237,39260,23
sniffing,39295,39260,39295,35
walking,39299,39295,39299,4
climbing,39382,39299,39382,83
hunching,39385,39382,39385,3
rearing,39392,39385,39392,7
grooming,39393,39392,39393,1
stepping,39408,39393,39408,15
trotting,39465,39408,39465,57
walking,39475,39465,39475,10
climbing,39512,39475,39512,37
rising,39557,39512,39557,45
climbing,39636,39557,39636,79
right_turning,39637,39636,39637,1
walking,39644,39637,39644,7
sniffing,39645,39644,39645,1
walking,39696,39645,39696,51
climbing,39740,39696,39740,44
rearing,39741,39740,39741,1
sniffing,39775,39741,39775,34
walking,39884,39775,39884,109
rising,39919,39884,39919,35
climbing,39952,39919,39952,33
right_turning,39980,39952,39980,28
trotting,40018,39980,40018,38
stepping,40027,40018,40027,9
rearing,40063,40027,40063,36
sniffing,40118,40063,40118,55
left_turning,40119,40118,40119,1
sniffing,40120,40119,40120,1
walking,40182,40120,40182,62
stepping,40259,40182,40259,77
walking,40344,40259,40344,85
sniffing,40519,40344,40519,175
walking,40566,40519,40566,47
stepping,40568,40566,40568,2
sniffing,40627,40568,40627,59
climbing,40664,40627,40664,37
rising,40665,40664,40665,1
right_turning,40666,40665,40666,1
sniffing,40667,40666,40667,1
left_turning,40683,40667,40683,16
running,40695,40683,40695,12
sniffing,40725,40695,40725,30
right_turning,40735,40725,40735,10
stepping,40764,40735,40764,29
walking,40789,40764,40789,25
sniffing,40901,40789,40901,112
left_turning,40954,40901,40954,53
sniffing,40995,40954,40995,41
walking,40996,40995,40996,1
sniffing,41022,40996,41022,26
hunching,41051,41022,41051,29
right_turning,41093,41051,41093,42
sniffing,41163,41093,41163,70
rising,41192,41163,41192,29
rearing,41207,41192,41207,15
grooming,41226,41207,41226,19
rearing,41227,41226,41227,1
trotting,41260,41227,41260,33
rising,41261,41260,41261,1
left_turning,41286,41261,41286,25
trotting,41327,41286,41327,41
walking,41349,41327,41349,22
sniffing,41353,41349,41353,4
trotting,41412,41353,41412,59
walking,41445,41412,41445,33
stepping,41489,41445,41489,44
walking,41490,41489,41490,1
rising,41528,41490,41528,38
stepping,41608,41528,41608,80
sniffing,41665,41608,41665,57
stepping,41673,41665,41673,8
trotting,41679,41673,41679,6
walking,41748,41679,41748,69
left_turning,41843,41748,41843,95
sniffing,41886,41843,41886,43
rising,41904,41886,41904,18
walking,41937,41904,41937,33
sniffing,42002,41937,42002,65
walking,42083,42002,42083,81
stepping,42084,42083,42084,1
sniffing,42198,42084,42198,114
rising,42219,42198,42219,21
climbing,42255,42219,42255,36
trotting,42267,42255,42267,12
sniffing,42283,42267,42283,16
climbing,42324,42283,42324,41
walking,42441,42324,42441,117
rising,42502,42441,42502,61
rearing,42509,42502,42509,7
jumping,42518,42509,42518,9
running,42532,42518,42532,14
right_turning,42556,42532,42556,24
walking,42579,42556,42579,23
sniffing,42660,42579,42660,81
rising,42740,42660,42740,80
climbing,42762,42740,42762,22
sniffing,42804,42762,42804,42
trotting,42833,42804,42833,29
sniffing,42844,42833,42844,11
walking,42853,42844,42853,9
rising,42854,42853,42854,1
walking,42917,42854,42917,63
left_turning,42960,42917,42960,43
sniffing,42983,42960,42983,23
climbing,43029,42983,43029,46
right_turning,43030,43029,43030,1
walking,43041,43030,43041,11
trotting,43106,43041,43106,65
stepping,43114,43106,43114,8
sniffing,43170,43114,43170,56
left_turning,43231,43170,43231,61
walking,43232,43231,43232,1
sniffing,43233,43232,43233,1
walking,43236,43233,43236,3
sniffing,43285,43236,43285,49
walking,43298,43285,43298,13
left_turning,43304,43298,43304,6
sniffing,43332,43304,43332,28
walking,43340,43332,43340,8
trotting,43364,43340,43364,24
left_turning,43367,43364,43367,3
walking,43370,43367,43370,3
sniffing,43428,43370,43428,58
walking,43429,43428,43429,1
sniffing,43550,43429,43550,121
rising,43570,43550,43570,20
climbing,43615,43570,43615,45
running,43638,43615,43638,23
stepping,43659,43638,43659,21
climbing,43733,43659,43733,74
right_turning,43734,43733,43734,1
trotting,43757,43734,43757,23
climbing,43758,43757,43758,1
sniffing,43759,43758,43759,1
climbing,43785,43759,43785,26
right_turning,43822,43785,43822,37
trotting,43873,43822,43873,51
walking,43883,43873,43883,10
left_turning,43948,43883,43948,65
trotting,43965,43948,43965,17
rising,44005,43965,44005,40
walking,44006,44005,44006,1
sniffing,44057,44006,44057,51
pausing,44208,44057,44208,151
sniffing,44209,44208,44209,1
climbing,44253,44209,44253,44
trotting,44284,44253,44284,31
rising,44285,44284,44285,1
climbing,44360,44285,44360,75
walking,44431,44360,44431,71
rearing,44450,44431,44450,19
stepping,44478,44450,44478,28
climbing,44507,44478,44507,29
rising,44541,44507,44541,34
walking,44570,44541,44570,29
sniffing,44641,44570,44641,71
rising,44685,44641,44685,44
sniffing,44686,44685,44686,1
rising,44687,44686,44687,1
left_turning,44735,44687,44735,48
sniffing,44755,44735,44755,20
rearing,44756,44755,44756,1
stepping,44793,44756,44793,37
sniffing,44831,44793,44831,38
running,44840,44831,44840,9
sniffing,44924,44840,44924,84
walking,44927,44924,44927,3
rising,45061,44927,45061,134
sniffing,45105,45061,45105,44
stepping,45149,45105,45149,44
sniffing,45181,45149,45181,32
rising,45232,45181,45232,51
climbing,45269,45232,45269,37
left_turning,45359,45269,45359,90
sniffing,45385,45359,45385,26
right_turning,45391,45385,45391,6
sniffing,45502,45391,45502,111
left_turning,45601,45502,45601,99
sniffing,45657,45601,45657,56
trotting,45673,45657,45673,16
sniffing,45749,45673,45749,76
walking,45750,45749,45750,1
trotting,45763,45750,45763,13
left_turning,45791,45763,45791,28
trotting,45808,45791,45808,17
stepping,45832,45808,45832,24
sniffing,45913,45832,45913,81
left_turning,46043,45913,46043,130
walking,46044,46043,46044,1
left_turning,46045,46044,46045,1
sniffing,46140,46045,46140,95
stepping,46141,46140,46141,1
walking,46179,46141,46179,38
trotting,46199,46179,46199,20
running,46234,46199,46234,35
stepping,46259,46234,46259,25
sniffing,46427,46259,46427,168
walking,46462,46427,46462,35
rearing,46551,46462,46551,89
hunching,46639,46551,46639,88
climbing,46655,46639,46655,16
hunching,46656,46655,46656,1
right_turning,46695,46656,46695,39
walking,46696,46695,46696,1
rising,46707,46696,46707,11
climbing,46762,46707,46762,55
right_turning,46783,46762,46783,21
walking,46829,46783,46829,46
rising,46854,46829,46854,25
sniffing,46863,46854,46863,9
climbing,46883,46863,46883,20
running,46910,46883,46910,27
walking,46948,46910,46948,38
rising,46995,46948,46995,47
sniffing,46996,46995,46996,1
left_turning,47068,46996,47068,72
walking,47164,47068,47164,96
climbing,47285,47164,47285,121
rising,47359,47285,47359,74
sniffing,47383,47359,47383,24
walking,47459,47383,47459,76
right_turning,47503,47459,47503,44
walking,47528,47503,47528,25
sniffing,47529,47528,47529,1
stepping,47548,47529,47548,19
rearing,47610,47548,47610,62
grooming,47799,47610,47799,189
sniffing,47828,47799,47828,29
left_turning,47829,47828,47829,1
sniffing,47830,47829,47830,1
climbing,47859,47830,47859,29
sniffing,47928,47859,47928,69
walking,47929,47928,47929,1
left_turning,47967,47929,47967,38
rising,48006,47967,48006,39
climbing,48035,48006,48035,29
right_turning,48083,48035,48083,48
sniffing,48109,48083,48109,26
left_turning,48111,48109,48111,2
trotting,48137,48111,48137,26
sniffing,48232,48137,48232,95
rising,48261,48232,48261,29
sniffing,48292,48261,48292,31
climbing,48324,48292,48324,32
trotting,48364,48324,48364,40
walking,48386,48364,48386,22
sniffing,48490,48386,48490,104
grooming,49165,48490,49165,675
walking,49215,49165,49215,50
rising,49235,49215,49235,20
rearing,49236,49235,49236,1
right_turning,49251,49236,49251,15
sniffing,49252,49251,49252,1
right_turning,49286,49252,49286,34
running,49319,49286,49319,33
sniffing,49381,49319,49381,62
rearing,49414,49381,49414,33
sniffing,49520,49414,49520,106
rising,49535,49520,49535,15
sniffing,49570,49535,49570,35
rising,49609,49570,49609,39
grooming,49610,49609,49610,1
climbing,49646,49610,49646,36
rising,49676,49646,49676,30
sniffing,49768,49676,49768,92
climbing,49778,49768,49778,10
rising,49794,49778,49794,16
climbing,49795,49794,49795,1
rising,49797,49795,49797,2
climbing,49859,49797,49859,62
grooming,49903,49859,49903,44
sniffing,49904,49903,49904,1
walking,49913,49904,49913,9
rising,49928,49913,49928,15
left_turning,49988,49928,49988,60
sniffing,49989,49988,49989,1
rising,50036,49989,50036,47
left_turning,50125,50036,50125,89
sniffing,50126,50125,50126,1
rising,50127,50126,50127,1
walking,50128,50127,50128,1
sniffing,50175,50128,50175,47
right_turning,50208,50175,50208,33
trotting,50220,50208,50220,12
rearing,50310,50220,50310,90
sniffing,50311,50310,50311,1
walking,50312,50311,50312,1
sniffing,50342,50312,50342,30
rising,50361,50342,50361,19
sniffing,50380,50361,50380,19
walking,50396,50380,50396,16
sniffing,50604,50396,50604,208
trotting,50631,50604,50631,27
sniffing,50636,50631,50636,5
trotting,50648,50636,50648,12
sniffing,50664,50648,50664,16
rearing,50746,50664,50746,82
grooming,51260,50746,51260,514
hunching,51265,51260,51265,5
left_turning,51266,51265,51266,1
sniffing,51267,51266,51267,1
walking,51270,51267,51270,3
sniffing,51306,51270,51306,36
rising,51307,51306,51307,1
climbing,51309,51307,51309,2
sniffing,51370,51309,51370,61
left_turning,51410,51370,51410,40
walking,51445,51410,51445,35
sniffing,51545,51445,51545,100
walking,51600,51545,51600,55
left_turning,51601,51600,51601,1
sniffing,51638,51601,51638,37
left_turning,51710,51638,51710,72
sniffing,51782,51710,51782,72
left_turning,51783,51782,51783,1
walking,51830,51783,51830,47
sniffing,51831,51830,51831,1
right_turning,51840,51831,51840,9
walking,51890,51840,51890,50
trotting,51923,51890,51923,33
walking,51962,51923,51962,39
sniffing,52227,51962,52227,265
walking,52249,52227,52249,22
rising,52274,52249,52274,25
climbing,52350,52274,52350,76
walking,52351,52350,52351,1
sniffing,52352,52351,52352,1
left_turning,52353,52352,52353,1
walking,52354,52353,52354,1
stepping,52376,52354,52376,22
walking,52391,52376,52391,15
sniffing,52452,52391,52452,61
stepping,52490,52452,52490,38
climbing,52516,52490,52516,26
rising,52517,52516,52517,1
sniffing,52575,52517,52575,58
walking,52576,52575,52576,1
stepping,52621,52576,52621,45
sniffing,52622,52621,52622,1
right_turning,52662,52622,52662,40
sniffing,52694,52662,52694,32
rising,52749,52694,52749,55
climbing,52778,52749,52778,29
left_turning,52867,52778,52867,89
sniffing,52868,52867,52868,1
rearing,53050,52868,53050,182
climbing,53077,53050,53077,27
walking,53078,53077,53078,1
left_turning,53079,53078,53079,1
sniffing,53113,53079,53113,34
right_turning,53120,53113,53120,7
sniffing,53315,53120,53315,195
rearing,53327,53315,53327,12
climbing,53335,53327,53335,8
sniffing,53336,53335,53336,1
walking,53365,53336,53365,29
rising,53366,53365,53366,1
left_turning,53416,53366,53416,50
rising,53462,53416,53462,46
sniffing,53522,53462,53522,60
right_turning,53539,53522,53539,17
trotting,53595,53539,53595,56
climbing,53789,53595,53789,194
grooming,53990,53789,53990,201
hunching,54109,53990,54109,119
sniffing,54145,54109,54145,36
grooming,54344,54145,54344,199
rising,54386,54344,54386,42
climbing,54428,54386,54428,42
right_turning,54456,54428,54456,28
walking,54492,54456,54492,36
climbing,54532,54492,54532,40
rising,54533,54532,54533,1
sniffing,54582,54533,54582,49
rising,54583,54582,54583,1
climbing,54606,54583,54606,23
rising,54655,54606,54655,49
walking,54675,54655,54675,20
sniffing,54695,54675,54695,20
walking,54727,54695,54727,32
climbing,54728,54727,54728,1
rising,54758,54728,54758,30
climbing,54770,54758,54770,12
running,54808,54770,54808,38
sniffing,54841,54808,54841,33
rising,54842,54841,54842,1
climbing,54878,54842,54878,36
right_turning,54899,54878,54899,21
trotting,54928,54899,54928,29
climbing,55002,54928,55002,74
sniffing,55003,55002,55003,1
stepping,55031,55003,55031,28
rearing,55052,55031,55052,21
sniffing,55097,55052,55097,45
stepping,55168,55097,55168,71
left_turning,55189,55168,55189,21
walking,55190,55189,55190,1
sniffing,55191,55190,55191,1
walking,55211,55191,55211,20
climbing,55227,55211,55227,16
rearing,55429,55227,55429,202
grooming,55621,55429,55621,192
rearing,55622,55621,55622,1
sniffing,55623,55622,55623,1
left_turning,55689,55623,55689,66
walking,55702,55689,55702,13
sniffing,55742,55702,55742,40
left_turning,55813,55742,55813,71
trotting,55834,55813,55834,21
stepping,55868,55834,55868,34
sniffing,55927,55868,55927,59
climbing,55968,55927,55968,41
rising,56124,55968,56124,156
climbing,56209,56124,56209,85
rearing,56210,56209,56210,1
climbing,56258,56210,56258,48
rearing,56259,56258,56259,1
climbing,56351,56259,56351,92
sniffing,56352,56351,56352,1
climbing,56395,56352,56395,43
sniffing,56442,56395,56442,47
walking,56474,56442,56474,32
climbing,56510,56474,56510,36
trotting,56552,56510,56552,42
sniffing,56651,56552,56651,99
right_turning,56672,56651,56672,21
trotting,56709,56672,56709,37
climbing,56731,56709,56731,22
sniffing,56732,56731,56732,1
climbing,56786,56732,56786,54
grooming,57293,56786,57293,507
sniffing,57305,57293,57305,12
left_turning,57371,57305,57371,66
right_turning,57407,57371,57407,36
running,57428,57407,57428,21
stepping,57467,57428,57467,39
left_turning,57479,57467,57479,12
walking,57515,57479,57515,36
rising,57574,57515,57574,59
climbing,57625,57574,57625,51
sniffing,57727,57625,57727,102
left_turning,57791,57727,57791,64
sniffing,57792,57791,57792,1
stepping,57801,57792,57801,9
sniffing,57802,57801,57802,1
stepping,57803,57802,57803,1
climbing,57845,57803,57845,42
rising,57885,57845,57885,40
sniffing,57916,57885,57916,31
climbing,57962,57916,57962,46
sniffing,57963,57962,57963,1
hunching,57964,57963,57964,1
rearing,57965,57964,57965,1
climbing,57988,57965,57988,23
running,58033,57988,58033,45
walking,58051,58033,58051,18
climbing,58085,58051,58085,34
walking,58099,58085,58099,14
trotting,58114,58099,58114,15
rising,58127,58114,58127,13
sniffing,58128,58127,58128,1
left_turning,58209,58128,58209,81
sniffing,58326,58209,58326,117
walking,58376,58326,58376,50
left_turning,58379,58376,58379,3
sniffing,58405,58379,58405,26
left_turning,58410,58405,58410,5
sniffing,58530,58410,58530,120
rising,58531,58530,58531,1
rearing,58532,58531,58532,1
stepping,58550,58532,58550,18
sniffing,58641,58550,58641,91
walking,58671,58641,58671,30
sniffing,58693,58671,58693,22
left_turning,58694,58693,58694,1
sniffing,58699,58694,58699,5
walking,58705,58699,58705,6
climbing,58746,58705,58746,41
walking,58788,58746,58788,42
left_turning,58853,58788,58853,65
sniffing,58929,58853,58929,76
rising,58998,58929,58998,69
climbing,59051,58998,59051,53
sniffing,59053,59051,59053,2
stepping,59067,59053,59067,14
rearing,59068,59067,59068,1
sniffing,59099,59068,59099,31
stepping,59101,59099,59101,2
sniffing,59102,59101,59102,1
left_turning,59134,59102,59134,32
sniffing,59196,59134,59196,62
walking,59199,59196,59199,3
sniffing,59321,59199,59321,122
rearing,59322,59321,59322,1
climbing,59380,59322,59380,58
running,59401,59380,59401,21
walking,59448,59401,59448,47
stepping,59470,59448,59470,22
climbing,59514,59470,59514,44
trotting,59526,59514,59526,12
sniffing,59744,59526,59744,218
right_turning,59775,59744,59775,31
walking,59809,59775,59809,34
sniffing,59810,59809,59810,1
walking,59868,59810,59868,58
rising,59902,59868,59902,34
climbing,59954,59902,59954,52
rearing,59955,59954,59955,1
hunching,60009,59955,60009,54
right_turning,60010,60009,60010,1
walking,60029,60010,60029,19
rearing,60095,60029,60095,66
climbing,60201,60095,60201,106
sniffing,60244,60201,60244,43
walking,60268,60244,60268,24
stepping,60284,60268,60284,16
walking,60329,60284,60329,45
rising,60335,60329,60335,6
sniffing,60403,60335,60403,68
rising,60435,60403,60435,32
left_turning,60436,60435,60436,1
sniffing,60487,60436,60487,51
rising,60550,60487,60550,63
climbing,60610,60550,60610,60
rearing,60641,60610,60641,31
sniffing,60642,60641,60642,1
rearing,60658,60642,60658,16
sniffing,60666,60658,60666,8
rising,60667,60666,60667,1
climbing,60683,60667,60683,16
sniffing,60684,60683,60684,1
walking,60709,60684,60709,25
sniffing,60869,60709,60869,160
grooming,61082,60869,61082,213
sniffing,61199,61082,61199,117
walking,61203,61199,61203,4
rising,61221,61203,61221,18
sniffing,61222,61221,61222,1
left_turning,61266,61222,61266,44
sniffing,61298,61266,61298,32
left_turning,61299,61298,61299,1
walking,61326,61299,61326,27
sniffing,61327,61326,61327,1
rising,61393,61327,61393,66
climbing,61422,61393,61422,29
stepping,61474,61422,61474,52
sniffing,61475,61474,61475,1
rising,61476,61475,61476,1
climbing,61509,61476,61509,33
running,61523,61509,61523,14
sniffing,61561,61523,61561,38
rising,61562,61561,61562,1
climbing,61693,61562,61693,131
left_turning,61826,61693,61826,133
sniffing,61830,61826,61830,4
climbing,61874,61830,61874,44
running,61889,61874,61889,15
sniffing,62044,61889,62044,155
climbing,62074,62044,62074,30
sniffing,62075,62074,62075,1
climbing,62076,62075,62076,1
grooming,62077,62076,62077,1
sniffing,62078,62077,62078,1
rising,62175,62078,62175,97
walking,62226,62175,62226,51
trotting,62256,62226,62256,30
walking,62290,62256,62290,34
rising,62291,62290,62291,1
sniffing,62307,62291,62307,16
climbing,62368,62307,62368,61
running,62400,62368,62400,32
rising,62447,62400,62447,47
sniffing,62448,62447,62448,1
rising,62497,62448,62497,49
climbing,62540,62497,62540,43
hunching,62541,62540,62541,1
left_turning,62568,62541,62568,27
rising,62777,62568,62777,209
climbing,62844,62777,62844,67
rearing,62900,62844,62900,56
walking,62934,62900,62934,34
stepping,62981,62934,62981,47
sniffing,62982,62981,62982,1
walking,63026,62982,63026,44
sniffing,63162,63026,63162,136
walking,63199,63162,63199,37
sniffing,63296,63199,63296,97
trotting,63315,63296,63315,19
running,63334,63315,63334,19
trotting,63351,63334,63351,17
rising,63352,63351,63352,1
rearing,63394,63352,63394,42
sniffing,63523,63394,63523,129
walking,63580,63523,63580,57
left_turning,63581,63580,63581,1
walking,63622,63581,63622,41
rising,63623,63622,63623,1
sniffing,63644,63623,63644,21
rising,63660,63644,63660,16
climbing,63722,63660,63722,62
walking,63737,63722,63737,15
sniffing,63809,63737,63809,72
right_turning,63824,63809,63824,15
rising,63846,63824,63846,22
climbing,63984,63846,63984,138
rising,64002,63984,64002,18
walking,64031,64002,64031,29
sniffing,64213,64031,64213,182
left_turning,64214,64213,64214,1
walking,64222,64214,64222,8
sniffing,64317,64222,64317,95
walking,64318,64317,64318,1
rising,64319,64318,64319,1
rearing,64333,64319,64333,14
rising,64361,64333,64361,28
climbing,64412,64361,64412,51
rising,64427,64412,64427,15
right_turning,64432,64427,64432,5
trotting,64478,64432,64478,46
sniffing,64525,64478,64525,47
rearing,64536,64525,64536,11
rising,64537,64536,64537,1
climbing,64599,64537,64599,62
rising,64682,64599,64682,83
climbing,64748,64682,64748,66
trotting,64756,64748,64756,8
stepping,64786,64756,64786,30
sniffing,64821,64786,64821,35
left_turning,64867,64821,64867,46
sniffing,65019,64867,65019,152
hunching,65026,65019,65026,7
climbing,65086,65026,65086,60
sniffing,65139,65086,65139,53
left_turning,65199,65139,65199,60
stepping,65222,65199,65222,23
hunching,65386,65222,65386,164
running,65396,65386,65396,10
walking,65399,65396,65399,3
rising,65410,65399,65410,11
climbing,65484,65410,65484,74
hunching,65548,65484,65548,64
grooming,65670,65548,65670,122
sniffing,65679,65670,65679,9
rising,65693,65679,65693,14
running,65718,65693,65718,25
walking,65725,65718,65725,7
sniffing,65782,65725,65782,57
right_turning,65817,65782,65817,35
sniffing,65873,65817,65873,56
climbing,65934,65873,65934,61
walking,65948,65934,65948,14
sniffing,65949,65948,65949,1
left_turning,65983,65949,65983,34
running,65988,65983,65988,5
left_turning,65989,65988,65989,1
rising,66006,65989,66006,17
climbing,66061,66006,66061,55
walking,66062,66061,66062,1
sniffing,66156,66062,66156,94
rising,66157,66156,66157,1
rearing,66182,66157,66182,25
left_turning,66233,66182,66233,51
sniffing,66327,66233,66327,94
walking,66328,66327,66328,1
sniffing,66399,66328,66399,71
walking,66496,66399,66496,97
rising,66503,66496,66503,7
grooming,66515,66503,66515,12
sniffing,66516,66515,66516,1
rising,66669,66516,66669,153
right_turning,66678,66669,66678,9
left_turning,66706,66678,66706,28
sniffing,66707,66706,66707,1
rising,66708,66707,66708,1
right_turning,66732,66708,66732,24
hunching,66780,66732,66780,48
rising,66851,66780,66851,71
climbing,66856,66851,66856,5
rising,66914,66856,66914,58
walking,66958,66914,66958,44
sniffing,67051,66958,67051,93
walking,67069,67051,67069,18
sniffing,67070,67069,67070,1
grooming,67590,67070,67590,520
running,67611,67590,67611,21
sniffing,67612,67611,67612,1
walking,67657,67612,67657,45
sniffing,67774,67657,67774,117
walking,67805,67774,67805,31
stepping,67848,67805,67848,43
rising,67849,67848,67849,1
sniffing,67863,67849,67863,14
walking,67916,67863,67916,53
sniffing,68057,67916,68057,141
rising,68064,68057,68064,7
sniffing,68065,68064,68065,1
left_turning,68073,68065,68073,8
running,68078,68073,68078,5
walking,68092,68078,68092,14
right_turning,68105,68092,68105,13
trotting,68145,68105,68145,40
walking,68191,68145,68191,46
sniffing,68192,68191,68192,1
rising,68253,68192,68253,61
hunching,68335,68253,68335,82
right_turning,68336,68335,68336,1
trotting,68347,68336,68347,11
stepping,68348,68347,68348,1
sniffing,68349,68348,68349,1
rearing,68419,68349,68419,70
rising,68462,68419,68462,43
sniffing,68477,68462,68477,15
rising,68514,68477,68514,37
rearing,68561,68514,68561,47
sniffing,68621,68561,68621,60
rising,68673,68621,68673,52
climbing,68688,68673,68688,15
walking,68738,68688,68738,50
climbing,68753,68738,68753,15
rearing,68756,68753,68756,3
grooming,69087,68756,69087,331
rising,69119,69087,69119,32
sniffing,69120,69119,69120,1
walking,69124,69120,69124,4
sniffing,69219,69124,69219,95
hunching,69406,69219,69406,187
climbing,69426,69406,69426,20
sniffing,69431,69426,69431,5
rising,69465,69431,69465,34
trotting,69489,69465,69489,24
walking,69510,69489,69510,21
rearing,69511,69510,69511,1
walking,69563,69511,69563,52
climbing,69580,69563,69580,17
right_turning,69596,69580,69596,16
rearing,69597,69596,69597,1
stepping,69647,69597,69647,50
left_turning,69665,69647,69665,18
walking,69680,69665,69680,15
rearing,69681,69680,69681,1
grooming,69859,69681,69859,178
sniffing,69913,69859,69913,54
left_turning,69914,69913,69914,1
grooming,69938,69914,69938,24
sniffing,69980,69938,69980,42
stepping,70005,69980,70005,25
sniffing,70046,70005,70046,41
grooming,70313,70046,70313,267
walking,70346,70313,70346,33
stepping,70404,70346,70404,58
sniffing,70414,70404,70414,10
rising,70415,70414,70415,1
hunching,70479,70415,70479,64
sniffing,70529,70479,70529,50
rising,70542,70529,70542,13
sniffing,70660,70542,70660,118
left_turning,70661,70660,70661,1
stepping,70694,70661,70694,33
walking,70695,70694,70695,1
sniffing,70754,70695,70754,59
stepping,70771,70754,70771,17
climbing,70834,70771,70834,63
rising,70868,70834,70868,34
climbing,70921,70868,70921,53
rising,71117,70921,71117,196
left_turning,71140,71117,71140,23
sniffing,71143,71140,71143,3
right_turning,71149,71143,71149,6
walking,71153,71149,71153,4
sniffing,71154,71153,71154,1
climbing,71187,71154,71187,33
sniffing,71242,71187,71242,55
rising,71290,71242,71290,48
sniffing,71365,71290,71365,75
trotting,71408,71365,71408,43
sniffing,71474,71408,71474,66
trotting,71485,71474,71485,11
sniffing,71486,71485,71486,1
rising,71487,71486,71487,1
climbing,71524,71487,71524,37
walking,71546,71524,71546,22
sniffing,71547,71546,71547,1
left_turning,71548,71547,71548,1
trotting,71575,71548,71575,27
sniffing,71680,71575,71680,105
walking,71701,71680,71701,21
sniffing,71796,71701,71796,95
rising,71845,71796,71845,49
climbing,71901,71845,71901,56
walking,71912,71901,71912,11
sniffing,71922,71912,71922,10
rising,71979,71922,71979,57
sniffing,71980,71979,71980,1
left_turning,72007,71980,72007,27
sniffing,72132,72007,72132,125
climbing,72180,72132,72180,48
grooming,72494,72180,72494,314
sniffing,72495,72494,72495,1
rising,72503,72495,72503,8
rearing,72551,72503,72551,48
hunching,72724,72551,72724,173
rearing,72764,72724,72764,40
sniffing,72991,72764,72991,227
grooming,73216,72991,73216,225
rearing,73217,73216,73217,1
sniffing,73248,73217,73248,31
stepping,73272,73248,73272,24
right_turning,73276,73272,73276,4
sniffing,73346,73276,73346,70
rising,73347,73346,73347,1
climbing,73365,73347,73365,18
sniffing,73372,73365,73372,7
right_turning,73379,73372,73379,7
stepping,73380,73379,73380,1
sniffing,73415,73380,73415,35
right_turning,73456,73415,73456,41
running,73473,73456,73473,17
sniffing,73519,73473,73519,46
rising,73578,73519,73578,59
right_turning,73591,73578,73591,13
trotting,73639,73591,73639,48
rising,73640,73639,73640,1
climbing,73709,73640,73709,69
rising,73781,73709,73781,72
climbing,73875,73781,73875,94
trotting,73909,73875,73909,34
sniffing,74034,73909,74034,125
stepping,74040,74034,74040,6
sniffing,74049,74040,74049,9
walking,74086,74049,74086,37
trotting,74089,74086,74089,3
walking,74094,74089,74094,5
trotting,74116,74094,74116,22
walking,74117,74116,74117,1
rising,74151,74117,74151,34
rearing,74329,74151,74329,178
trotting,74350,74329,74350,21
left_turning,74379,74350,74379,29
sniffing,74380,74379,74380,1
climbing,74435,74380,74435,55
sniffing,74466,74435,74466,31
rising,74506,74466,74506,40
sniffing,74575,74506,74575,69
walking,74624,74575,74624,49
rearing,74689,74624,74689,65
sniffing,74766,74689,74766,77
climbing,74843,74766,74843,77
walking,74868,74843,74868,25
right_turning,74869,74868,74869,1
sniffing,74972,74869,74972,103
rising,75059,74972,75059,87
sniffing,75093,75059,75093,34
left_turning,75125,75093,75125,32
sniffing,75200,75125,75200,75
rising,75201,75200,75201,1
sniffing,75202,75201,75202,1
rearing,75229,75202,75229,27
running,75259,75229,75259,30
rearing,75305,75259,75305,46
rising,75312,75305,75312,7
sniffing,75366,75312,75366,54
right_turning,75382,75366,75382,16
walking,75456,75382,75456,74
sniffing,75505,75456,75505,49
stepping,75527,75505,75527,22
trotting,75571,75527,75571,44
sniffing,75596,75571,75596,25
climbing,75660,75596,75660,64
sniffing,75720,75660,75720,60
rising,75743,75720,75743,23
left_turning,75760,75743,75760,17
walking,75761,75760,75761,1
rising,75768,75761,75768,7
climbing,75897,75768,75897,129
trotting,75917,75897,75917,20
walking,75960,75917,75960,43
sniffing,76026,75960,76026,66
grooming,76147,76026,76147,121
rearing,76172,76147,76172,25
sniffing,76216,76172,76216,44
rising,76235,76216,76235,19
sniffing,76298,76235,76298,63
left_turning,76350,76298,76350,52
walking,76351,76350,76351,1
sniffing,76352,76351,76352,1
stepping,76404,76352,76404,52
walking,76416,76404,76416,12
left_turning,76451,76416,76451,35
walking,76480,76451,76480,29
rearing,76484,76480,76484,4
left_turning,76491,76484,76491,7
sniffing,76492,76491,76492,1
rising,76493,76492,76493,1
climbing,76534,76493,76534,41
sniffing,76535,76534,76535,1
left_turning,76536,76535,76536,1
sniffing,76586,76536,76586,50
left_turning,76641,76586,76641,55
sniffing,76642,76641,76642,1
rising,76692,76642,76692,50
climbing,76725,76692,76725,33
right_turning,76763,76725,76763,38
stepping,76779,76763,76779,16
walking,76784,76779,76784,5
sniffing,76826,76784,76826,42
walking,76841,76826,76841,15
rearing,76874,76841,76874,33
left_turning,76943,76874,76943,69
sniffing,77066,76943,77066,123
left_turning,77098,77066,77098,32
sniffing,77143,77098,77143,45
left_turning,77180,77143,77180,37
trotting,77198,77180,77198,18
left_turning,77207,77198,77207,9
sniffing,77278,77207,77278,71
walking,77284,77278,77284,6
sniffing,77289,77284,77289,5
climbing,77312,77289,77312,23
sniffing,77313,77312,77313,1
walking,77314,77313,77314,1
trotting,77344,77314,77344,30
sniffing,77432,77344,77432,88
rising,77460,77432,77460,28
climbing,77486,77460,77486,26
walking,77518,77486,77518,32
sniffing,77550,77518,77550,32
stepping,77587,77550,77587,37
climbing,77628,77587,77628,41
rearing,77659,77628,77659,31
right_turning,77669,77659,77669,10
sniffing,77762,77669,77762,93
rising,77823,77762,77823,61
climbing,77872,77823,77872,49
grooming,78439,77872,78439,567
climbing,78446,78439,78446,7
rearing,78493,78446,78493,47
grooming,78494,78493,78494,1
trotting,78521,78494,78521,27
stepping,78552,78521,78552,31
rising,78577,78552,78577,25
hunching,78578,78577,78578,1
climbing,78585,78578,78585,7
left_turning,78599,78585,78599,14
trotting,78600,78599,78600,1
stepping,78618,78600,78618,18
rising,78637,78618,78637,19
rearing,78759,78637,78759,122
rising,78760,78759,78760,1
sniffing,78791,78760,78791,31
trotting,78825,78791,78825,34
walking,78835,78825,78835,10
sniffing,78895,78835,78895,60
rising,78896,78895,78896,1
rearing,78908,78896,78908,12
walking,78947,78908,78947,39
sniffing,78948,78947,78948,1
trotting,78992,78948,78992,44
walking,79062,78992,79062,70
sniffing,79121,79062,79121,59
rearing,79129,79121,79129,8
grooming,79223,79129,79223,94
hunching,79290,79223,79290,67
climbing,79331,79290,79331,41
walking,79372,79331,79372,41
sniffing,79373,79372,79373,1
rising,79425,79373,79425,52
walking,79426,79425,79426,1
sniffing,79455,79426,79455,29
walking,79490,79455,79490,35
left_turning,79543,79490,79543,53
rising,79572,79543,79572,29
climbing,79581,79572,79581,9
grooming,80501,79581,80501,920
rearing,80541,80501,80541,40
hunching,80578,80541,80578,37
sniffing,80602,80578,80602,24
rising,80654,80602,80654,52
rearing,80655,80654,80655,1
grooming,81020,80655,81020,365
rearing,81021,81020,81021,1
walking,81028,81021,81028,7
stepping,81060,81028,81060,32
trotting,81108,81060,81108,48
sniffing,81121,81108,81121,13
trotting,81135,81121,81135,14
rising,81149,81135,81149,14
sniffing,81228,81149,81228,79
rising,81229,81228,81229,1
climbing,81300,81229,81300,71
rearing,81603,81300,81603,303
hunching,81623,81603,81623,20
sniffing,81624,81623,81624,1
right_turning,81637,81624,81637,13
rearing,81638,81637,81638,1
rising,81670,81638,81670,32
walking,81698,81670,81698,28
rising,81708,81698,81708,10
rearing,81722,81708,81722,14
sniffing,81789,81722,81789,67
rising,81813,81789,81813,24
climbing,81843,81813,81843,30
rearing,81880,81843,81880,37
rising,81881,81880,81881,1
grooming,81933,81881,81933,52
climbing,81987,81933,81987,54
right_turning,81999,81987,81999,12
left_turning,82003,81999,82003,4
sniffing,82061,82003,82061,58
left_turning,82063,82061,82063,2
rising,82064,82063,82064,1
left_turning,82125,82064,82125,61
sniffing,82177,82125,82177,52
rising,82178,82177,82178,1
sniffing,82179,82178,82179,1
rising,82208,82179,82208,29
climbing,82212,82208,82212,4
sniffing,82278,82212,82278,66
hunching,82332,82278,82332,54
sniffing,82358,82332,82358,26
rising,82402,82358,82402,44
sniffing,82448,82402,82448,46
left_turning,82449,82448,82449,1
sniffing,82460,82449,82460,11
walking,82498,82460,82498,38
hunching,82534,82498,82534,36
rising,82547,82534,82547,13
sniffing,82548,82547,82548,1
rearing,82610,82548,82610,62
grooming,82724,82610,82724,114
climbing,82725,82724,82725,1
sniffing,82726,82725,82726,1
walking,82760,82726,82760,34
sniffing,82801,82760,82801,41
climbing,82890,82801,82890,89
grooming,82974,82890,82974,84
climbing,82975,82974,82975,1
right_turning,82985,82975,82985,10
trotting,83023,82985,83023,38
rising,83054,83023,83054,31
rearing,83134,83054,83134,80
sniffing,83158,83134,83158,24
rising,83174,83158,83174,16
climbing,83236,83174,83236,62
hunching,83237,83236,83237,1
walking,83263,83237,83263,26
hunching,83339,83263,83339,76
climbing,83398,83339,83398,59
rearing,83438,83398,83438,40
left_turning,83529,83438,83529,91
right_turning,83553,83529,83553,24
rearing,83778,83553,83778,225
climbing,83804,83778,83804,26
sniffing,83805,83804,83805,1
trotting,83840,83805,83840,35
rising,83856,83840,83856,16
climbing,83892,83856,83892,36
walking,83942,83892,83942,50
climbing,83958,83942,83958,16
sniffing,84045,83958,84045,87
climbing,84068,84045,84068,23
rising,84069,84068,84069,1
climbing,84122,84069,84122,53
rising,84139,84122,84139,17
rearing,84161,84139,84161,22
sniffing,84277,84161,84277,116
grooming,84403,84277,84403,126
sniffing,84416,84403,84416,13
right_turning,84429,84416,84429,13
walking,84491,84429,84491,62
sniffing,84567,84491,84567,76
pausing,84783,84567,84783,216
sniffing,84795,84783,84795,12
rearing,84880,84795,84880,85
grooming,84881,84880,84881,1
climbing,84928,84881,84928,47
walking,84978,84928,84978,50
sniffing,85053,84978,85053,75
rising,85093,85053,85093,40
sniffing,85126,85093,85126,33
right_turning,85127,85126,85127,1
running,85166,85127,85166,39
walking,85216,85166,85216,50
trotting,85219,85216,85219,3
stepping,85235,85219,85235,16
sniffing,85390,85235,85390,155
rising,85391,85390,85391,1
sniffing,85432,85391,85432,41
climbing,85477,85432,85477,45
rising,85509,85477,85509,32
climbing,85685,85509,85685,176
sniffing,85728,85685,85728,43
running,85750,85728,85750,22
sniffing,85774,85750,85774,24
hunching,85864,85774,85864,90
climbing,86048,85864,86048,184
rearing,86110,86048,86110,62
hunching,86121,86110,86121,11
climbing,86181,86121,86181,60
rising,86225,86181,86225,44
climbing,86275,86225,86275,50
rearing,86349,86275,86349,74
rising,86370,86349,86370,21
right_turning,86384,86370,86384,14
running,86418,86384,86418,34
walking,86482,86418,86482,64
left_turning,86519,86482,86519,37
walking,86562,86519,86562,43
sniffing,86637,86562,86637,75
walking,86657,86637,86657,20
rising,86671,86657,86671,14
climbing,86685,86671,86685,14
hunching,86750,86685,86750,65
climbing,86845,86750,86845,95
right_turning,86880,86845,86880,35
left_turning,86966,86880,86966,86
walking,86971,86966,86971,5
climbing,87008,86971,87008,37
trotting,87034,87008,87034,26
sniffing,87045,87034,87045,11
rising,87109,87045,87109,64
climbing,87112,87109,87112,3
hunching,87307,87112,87307,195
sniffing,87361,87307,87361,54
rising,87400,87361,87400,39
sniffing,87509,87400,87509,109
rising,87567,87509,87567,58
hunching,87568,87567,87568,1
climbing,87598,87568,87598,30
rearing,87624,87598,87624,26
hunching,87626,87624,87626,2
grooming,87805,87626,87805,179
left_turning,87818,87805,87818,13
walking,87821,87818,87821,3
sniffing,87916,87821,87916,95
walking,87945,87916,87945,29
sniffing,87972,87945,87972,27
climbing,87991,87972,87991,19
rearing,88176,87991,88176,185
grooming,88347,88176,88347,171
sniffing,88422,88347,88422,75
climbing,88423,88422,88423,1
grooming,88699,88423,88699,276
sniffing,88715,88699,88715,16
rising,88745,88715,88745,30
sniffing,88759,88745,88759,14
rising,88867,88759,88867,108
right_turning,88905,88867,88905,38
running,88920,88905,88920,15
sniffing,88991,88920,88991,71
rearing,89089,88991,89089,98
hunching,89100,89089,89100,11
climbing,89144,89100,89144,44
rising,89148,89144,89148,4
climbing,89182,89148,89182,34
rising,89183,89182,89183,1
grooming,89533,89183,89533,350
sniffing,89602,89533,89602,69
grooming,89909,89602,89909,307
hunching,89947,89909,89947,38
climbing,89991,89947,89991,44
right_turning,90030,89991,90030,39
walking,90070,90030,90070,40
sniffing,90136,90070,90136,66
stepping,90143,90136,90143,7
climbing,90192,90143,90192,49
running,90206,90192,90206,14
sniffing,90207,90206,90207,1
walking,90246,90207,90246,39
rearing,90307,90246,90307,61
climbing,90338,90307,90338,31
rising,90354,90338,90354,16
climbing,90428,90354,90428,74
rising,90429,90428,90429,1
hunching,90515,90429,90515,86
grooming,90516,90515,90516,1
hunching,90550,90516,90550,34
rearing,90626,90550,90626,76
running,90666,90626,90666,40
stepping,90667,90666,90667,1
walking,90668,90667,90668,1
rising,90692,90668,90692,24
left_turning,90741,90692,90741,49
running,90781,90741,90781,40
sniffing,90782,90781,90782,1
grooming,90783,90782,90783,1
climbing,90795,90783,90795,12
rising,90845,90795,90845,50
climbing,90846,90845,90846,1
right_turning,90865,90846,90865,19
rearing,90953,90865,90953,88
climbing,90975,90953,90975,22
grooming,90976,90975,90976,1
rising,91005,90976,91005,29
sniffing,91044,91005,91044,39
walking,91079,91044,91079,35
sniffing,91080,91079,91080,1
rearing,91152,91080,91152,72
walking,91204,91152,91204,52
rising,91248,91204,91248,44
climbing,91283,91248,91283,35
stepping,91303,91283,91303,20
trotting,91305,91303,91305,2
sniffing,91368,91305,91368,63
stepping,91391,91368,91391,23
left_turning,91466,91391,91466,75
sniffing,91519,91466,91519,53
left_turning,91520,91519,91520,1
sniffing,91573,91520,91573,53
left_turning,91606,91573,91606,33
walking,91638,91606,91638,32
sniffing,91639,91638,91639,1
walking,91652,91639,91652,13
left_turning,91653,91652,91653,1
stepping,91702,91653,91702,49
walking,91720,91702,91720,18
stepping,91762,91720,91762,42
sniffing,91794,91762,91794,32
rising,91798,91794,91798,4
trotting,91813,91798,91813,15
rising,91818,91813,91818,5
climbing,91897,91818,91897,79
rising,91932,91897,91932,35
sniffing,91955,91932,91955,23
climbing,92009,91955,92009,54
sniffing,92048,92009,92048,39
left_turning,92104,92048,92104,56
trotting,92130,92104,92130,26
climbing,92163,92130,92163,33
hunching,92164,92163,92164,1
climbing,92218,92164,92218,54
left_turning,92221,92218,92221,3
stepping,92281,92221,92281,60
walking,92299,92281,92299,18
sniffing,92475,92299,92475,176
grooming,92639,92475,92639,164
rearing,92711,92639,92711,72
rising,92740,92711,92740,29
rearing,92741,92740,92741,1
sniffing,92875,92741,92875,134
rising,92915,92875,92915,40
left_turning,92916,92915,92916,1
sniffing,93096,92916,93096,180
climbing,93137,93096,93137,41
right_turning,93141,93137,93141,4
walking,93201,93141,93201,60
trotting,93250,93201,93250,49
stepping,93315,93250,93315,65
rising,93332,93315,93332,17
climbing,93407,93332,93407,75
rearing,93583,93407,93583,176
sniffing,93680,93583,93680,97
walking,93709,93680,93709,29
rearing,93742,93709,93742,33
left_turning,93792,93742,93792,50
walking,93793,93792,93793,1
sniffing,93805,93793,93805,12
walking,93833,93805,93833,28
rising,93860,93833,93860,27
hunching,93943,93860,93943,83
rearing,94056,93943,94056,113
climbing,94074,94056,94074,18
trotting,94116,94074,94116,42
sniffing,94117,94116,94117,1
rising,94133,94117,94133,16
left_turning,94163,94133,94163,30
sniffing,94205,94163,94205,42
rising,94209,94205,94209,4
climbing,94214,94209,94214,5
walking,94245,94214,94245,31
rising,94287,94245,94287,42
climbing,94371,94287,94371,84
rearing,94393,94371,94393,22
running,94408,94393,94408,15
walking,94441,94408,94441,33
sniffing,94499,94441,94499,58
walking,94572,94499,94572,73
right_turning,94576,94572,94576,4
walking,94610,94576,94610,34
left_turning,94677,94610,94677,67
rearing,94710,94677,94710,33
sniffing,94738,94710,94738,28
right_turning,94762,94738,94762,24
sniffing,94763,94762,94763,1
rearing,94849,94763,94849,86
sniffing,94890,94849,94890,41
walking,95008,94890,95008,118
rising,95038,95008,95038,30
sniffing,95071,95038,95071,33
walking,95121,95071,95121,50
sniffing,95122,95121,95122,1
walking,95139,95122,95139,17
left_turning,95140,95139,95140,1
trotting,95188,95140,95188,48
sniffing,95305,95188,95305,117
trotting,95337,95305,95337,32
sniffing,95424,95337,95424,87
rising,95482,95424,95482,58
climbing,95503,95482,95503,21
left_turning,95519,95503,95519,16
sniffing,95594,95519,95594,75
rearing,95626,95594,95626,32
rising,95690,95626,95690,64
sniffing,95725,95690,95725,35
stepping,95765,95725,95765,40
rising,95803,95765,95803,38
climbing,95810,95803,95810,7
right_turning,95827,95810,95827,17
left_turning,95828,95827,95828,1
rising,95840,95828,95840,12
climbing,95889,95840,95889,49
sniffing,95890,95889,95890,1
trotting,95926,95890,95926,36
rising,95932,95926,95932,6
climbing,96064,95932,96064,132
sniffing,96065,96064,96065,1
rising,96137,96065,96137,72
sniffing,96167,96137,96167,30
left_turning,96241,96167,96241,74
sniffing,96242,96241,96242,1
climbing,96243,96242,96243,1
rising,96307,96243,96307,64
climbing,96395,96307,96395,88
sniffing,96400,96395,96400,5
left_turning,96412,96400,96412,12
walking,96449,96412,96449,37
climbing,96458,96449,96458,9
trotting,96467,96458,96467,9
stepping,96468,96467,96468,1
sniffing,96569,96468,96569,101
left_turning,96623,96569,96623,54
sniffing,96677,96623,96677,54
rising,96755,96677,96755,78
rearing,96783,96755,96783,28
climbing,96808,96783,96808,25
right_turning,96833,96808,96833,25
sniffing,96890,96833,96890,57
climbing,96930,96890,96930,40
left_turning,96988,96930,96988,58
walking,97001,96988,97001,13
sniffing,97006,97001,97006,5
left_turning,97053,97006,97053,47
sniffing,97113,97053,97113,60
rising,97142,97113,97142,29
right_turning,97149,97142,97149,7
running,97170,97149,97170,21
rising,97196,97170,97196,26
sniffing,97288,97196,97288,92
rearing,97472,97288,97472,184
grooming,97474,97472,97474,2
sniffing,97475,97474,97475,1
walking,97476,97475,97476,1
sniffing,97575,97476,97575,99
rising,97576,97575,97576,1
rearing,97749,97576,97749,173
running,97769,97749,97769,20
sniffing,97831,97769,97831,62
climbing,97881,97831,97881,50
left_turning,97902,97881,97902,21
walking,97911,97902,97911,9
sniffing,97964,97911,97964,53
left_turning,97994,97964,97994,30
stepping,98054,97994,98054,60
right_turning,98099,98054,98099,45
sniffing,98112,98099,98112,13
rising,98147,98112,98147,35
climbing,98154,98147,98154,7
right_turning,98180,98154,98180,26
sniffing,98249,98180,98249,69
climbing,98271,98249,98271,22
rising,98297,98271,98297,26
grooming,98298,98297,98298,1
left_turning,98364,98298,98364,66
sniffing,98496,98364,98496,132
left_turning,98497,98496,98497,1
trotting,98530,98497,98530,33
walking,98553,98530,98553,23
sniffing,98554,98553,98554,1
walking,98562,98554,98562,8
sniffing,98630,98562,98630,68
left_turning,98646,98630,98646,16
stepping,98667,98646,98667,21
left_turning,98668,98667,98668,1
sniffing,98695,98668,98695,27
climbing,98709,98695,98709,14
rearing,98710,98709,98710,1
grooming,99225,98710,99225,515
sniffing,99277,99225,99277,52
rising,99358,99277,99358,81
sniffing,99453,99358,99453,95
rising,99466,99453,99466,13
climbing,99471,99466,99471,5
rising,99472,99471,99472,1
sniffing,99474,99472,99474,2
rising,99481,99474,99481,7
grooming,99482,99481,99482,1
sniffing,99491,99482,99491,9
hunching,99493,99491,99493,2
sniffing,99564,99493,99564,71
left_turning,99565,99564,99565,1
walking,99579,99565,99579,14
sniffing,99776,99579,99776,197
grooming,99777,99776,99777,1
rising,99824,99777,99824,47
climbing,99825,99824,99825,1
rearing,99862,99825,99862,37
sniffing,99869,99862,99869,7
walking,99871,99869,99871,2
running,99908,99871,99908,37
walking,99943,99908,99943,35
rising,100055,99943,100055,112
sniffing,100164,100055,100164,109
right_turning,100178,100164,100178,14
stepping,100199,100178,100199,21
sniffing,100221,100199,100221,22
rising,100420,100221,100420,199
climbing,100495,100420,100495,75
right_turning,100530,100495,100530,35
grooming,100646,100530,100646,116
walking,100687,100646,100687,41
rising,100688,100687,100688,1
walking,100717,100688,100717,29
sniffing,100718,100717,100718,1
climbing,100721,100718,100721,3
sniffing,100722,100721,100722,1
right_turning,100766,100722,100766,44
stepping,100799,100766,100799,33
rearing,100800,100799,100800,1
climbing,100825,100800,100825,25
hunching,100871,100825,100871,46
sniffing,100939,100871,100939,68
climbing,101031,100939,101031,92
rising,101110,101031,101110,79
sniffing,101179,101110,101179,69
trotting,101191,101179,101191,12
left_turning,101341,101191,101341,150
sniffing,101371,101341,101371,30
right_turning,101382,101371,101382,11
stepping,101407,101382,101407,25
walking,101430,101407,101430,23
sniffing,101455,101430,101455,25
walking,101486,101455,101486,31
sniffing,101487,101486,101487,1
climbing,101488,101487,101488,1
right_turning,101496,101488,101496,8
walking,101574,101496,101574,78
rising,101588,101574,101588,14
rearing,101618,101588,101618,30
left_turning,101630,101618,101630,12
rising,101647,101630,101647,17
sniffing,101694,101647,101694,47
walking,101710,101694,101710,16
sniffing,101770,101710,101770,60
stepping,101797,101770,101797,27
rising,101865,101797,101865,68
rearing,101876,101865,101876,11
sniffing,101904,101876,101904,28
pausing,101905,101904,101905,1
sniffing,101906,101905,101906,1
climbing,101974,101906,101974,68
rearing,102034,101974,102034,60
sniffing,102199,102034,102199,165
rising,102200,102199,102200,1
sniffing,102262,102200,102262,62
pausing,102263,102262,102263,1
sniffing,102299,102263,102299,36
walking,102349,102299,102349,50
sniffing,102402,102349,102402,53
left_turning,102457,102402,102457,55
sniffing,102503,102457,102503,46
stepping,102520,102503,102520,17
walking,102557,102520,102557,37
left_turning,102709,102557,102709,152
sniffing,102711,102709,102711,2
rising,102788,102711,102788,77
hunching,102789,102788,102789,1
grooming,103007,102789,103007,218
climbing,103128,103007,103128,121
rising,103240,103128,103240,112
rearing,103505,103240,103505,265
sniffing,103674,103505,103674,169
climbing,103675,103674,103675,1
sniffing,103681,103675,103681,6
walking,103682,103681,103682,1
sniffing,103718,103682,103718,36
trotting,103732,103718,103732,14
sniffing,103853,103732,103853,121
rising,103940,103853,103940,87
sniffing,103980,103940,103980,40
walking,104029,103980,104029,49
rearing,104030,104029,104030,1
sniffing,104039,104030,104039,9
left_turning,104048,104039,104048,9
sniffing,104178,104048,104178,130
right_turning,104196,104178,104196,18
sniffing,104362,104196,104362,166
walking,104368,104362,104368,6
stepping,104387,104368,104387,19
walking,104423,104387,104423,36
sniffing,104474,104423,104474,51
rearing,104475,104474,104475,1
climbing,104533,104475,104533,58
walking,104560,104533,104560,27
right_turning,104576,104560,104576,16
climbing,104577,104576,104577,1
sniffing,104688,104577,104688,111
walking,104762,104688,104762,74
sniffing,104796,104762,104796,34
left_turning,104833,104796,104833,37
walking,104879,104833,104879,46
sniffing,104974,104879,104974,95
rising,105027,104974,105027,53
sniffing,105183,105027,105183,156
right_turning,105184,105183,105184,1
trotting,105220,105184,105220,36
rising,105290,105220,105290,70
sniffing,105351,105290,105351,61
climbing,105374,105351,105374,23
grooming,105375,105374,105375,1
rearing,105376,105375,105376,1
sniffing,105377,105376,105377,1
left_turning,105485,105377,105485,108
sniffing,105713,105485,105713,228
hunching,105714,105713,105714,1
sniffing,105718,105714,105718,4
rising,105754,105718,105754,36
sniffing,105808,105754,105808,54
walking,105839,105808,105839,31
rearing,105840,105839,105840,1
sniffing,105913,105840,105913,73
rising,106009,105913,106009,96
sniffing,106010,106009,106010,1
walking,106023,106010,106023,13
sniffing,106024,106023,106024,1
walking,106025,106024,106025,1
rising,106103,106025,106103,78
sniffing,106186,106103,106186,83
pausing,106187,106186,106187,1
sniffing,106205,106187,106205,18
walking,106245,106205,106245,40
stepping,106247,106245,106247,2
sniffing,106248,106247,106248,1
stepping,106330,106248,106330,82
sniffing,106362,106330,106362,32
right_turning,106364,106362,106364,2
walking,106440,106364,106440,76
sniffing,106542,106440,106542,102
stepping,106571,106542,106571,29
left_turning,106674,106571,106674,103
walking,106675,106674,106675,1
left_turning,106713,106675,106713,38
walking,106745,106713,106745,32
sniffing,106889,106745,106889,144
hunching,106948,106889,106948,59
walking,106997,106948,106997,49
rising,107005,106997,107005,8
climbing,107095,107005,107095,90
right_turning,107107,107095,107107,12
rearing,107108,107107,107108,1
climbing,107111,107108,107111,3
rising,107198,107111,107198,87
climbing,107261,107198,107261,63
walking,107282,107261,107282,21
trotting,107296,107282,107296,14
stepping,107316,107296,107316,20
sniffing,107317,107316,107317,1
stepping,107383,107317,107383,66
right_turning,107414,107383,107414,31
trotting,107417,107414,107417,3
sniffing,107454,107417,107454,37
rising,107455,107454,107455,1
sniffing,107499,107455,107499,44
rising,107540,107499,107540,41
sniffing,107541,107540,107541,1
rising,107650,107541,107650,109
climbing,107651,107650,107651,1
rising,107657,107651,107657,6
climbing,107682,107657,107682,25
rising,107686,107682,107686,4
stepping,107727,107686,107727,41
sniffing,107761,107727,107761,34
climbing,107772,107761,107772,11
right_turning,107825,107772,107825,53
trotting,107833,107825,107833,8
left_turning,107834,107833,107834,1
walking,107835,107834,107835,1
running,107869,107835,107869,34
left_turning,107870,107869,107870,1
rising,107908,107870,107908,38
climbing,107922,107908,107922,14
sniffing,107986,107922,107986,64
trotting,108000,107986,108000,14
