revised_movement_label,segBoundary,segBoundary_start,segBoundary_end,length
walking,1,0,1,1
climbing,33,1,33,32
right_turning,39,33,39,6
climbing,93,39,93,54
sniffing,111,93,111,18
trotting,112,111,112,1
walking,113,112,113,1
left_turning,142,113,142,29
trotting,150,142,150,8
rising,151,150,151,1
right_turning,193,151,193,42
sniffing,194,193,194,1
running,240,194,240,46
rising,274,240,274,34
climbing,376,274,376,102
rising,377,376,377,1
sniffing,438,377,438,61
walking,524,438,524,86
sniffing,616,524,616,92
left_turning,617,616,617,1
climbing,716,617,716,99
sniffing,754,716,754,38
climbing,787,754,787,33
left_turning,796,787,796,9
walking,858,796,858,62
running,875,858,875,17
sniffing,901,875,901,26
left_turning,935,901,935,34
trotting,960,935,960,25
sniffing,1054,960,1054,94
walking,1088,1054,1088,34
rising,1130,1088,1130,42
climbing,1193,1130,1193,63
sniffing,1215,1193,1215,22
walking,1216,1215,1216,1
rising,1244,1216,1244,28
walking,1273,1244,1273,29
rising,1300,1273,1300,27
sniffing,1301,1300,1301,1
right_turning,1322,1301,1322,21
running,1323,1322,1323,1
walking,1411,1323,1411,88
right_turning,1421,1411,1421,10
trotting,1452,1421,1452,31
sniffing,1531,1452,1531,79
trotting,1554,1531,1554,23
sniffing,1629,1554,1629,75
walking,1690,1629,1690,61
stepping,1709,1690,1709,19
trotting,1729,1709,1729,20
walking,1750,1729,1750,21
left_turning,1751,1750,1751,1
sniffing,1793,1751,1793,42
left_turning,1849,1793,1849,56
walking,1882,1849,1882,33
stepping,1883,1882,1883,1
walking,1890,1883,1890,7
sniffing,1891,1890,1891,1
climbing,1913,1891,1913,22
running,1959,1913,1959,46
walking,2005,1959,2005,46
sniffing,2072,2005,2072,67
rising,2106,2072,2106,34
walking,2136,2106,2136,30
sniffing,2164,2136,2164,28
climbing,2187,2164,2187,23
sniffing,2214,2187,2214,27
climbing,2277,2214,2277,63
left_turning,2286,2277,2286,9
sniffing,2294,2286,2294,8
climbing,2331,2294,2331,37
rising,2383,2331,2383,52
climbing,2401,2383,2401,18
sniffing,2432,2401,2432,31
climbing,2482,2432,2482,50
left_turning,2505,2482,2505,23
sniffing,2539,2505,2539,34
left_turning,2568,2539,2568,29
sniffing,2589,2568,2589,21
climbing,2604,2589,2604,15
left_turning,2605,2604,2605,1
stepping,2621,2605,2621,16
walking,2678,2621,2678,57
climbing,2750,2678,2750,72
walking,2763,2750,2763,13
trotting,2764,2763,2764,1
rising,2830,2764,2830,66
left_turning,2831,2830,2831,1
walking,2873,2831,2873,42
trotting,2874,2873,2874,1
left_turning,2905,2874,2905,31
sniffing,2988,2905,2988,83
walking,3115,2988,3115,127
stepping,3116,3115,3116,1
sniffing,3237,3116,3237,121
right_turning,3261,3237,3261,24
left_turning,3268,3261,3268,7
walking,3269,3268,3269,1
running,3270,3269,3270,1
walking,3312,3270,3312,42
left_turning,3327,3312,3327,15
climbing,3342,3327,3342,15
rising,3371,3342,3371,29
sniffing,3372,3371,3372,1
walking,3411,3372,3411,39
sniffing,3440,3411,3440,29
trotting,3466,3440,3466,26
walking,3485,3466,3485,19
left_turning,3492,3485,3492,7
walking,3539,3492,3539,47
sniffing,3578,3539,3578,39
climbing,3634,3578,3634,56
sniffing,3646,3634,3646,12
right_turning,3661,3646,3661,15
walking,3699,3661,3699,38
sniffing,3717,3699,3717,18
walking,3729,3717,3729,12
climbing,3773,3729,3773,44
sniffing,3786,3773,3786,13
rising,3787,3786,3787,1
climbing,3811,3787,3811,24
rising,3878,3811,3878,67
trotting,3893,3878,3893,15
sniffing,4043,3893,4043,150
running,4049,4043,4049,6
right_turning,4052,4049,4052,3
trotting,4096,4052,4096,44
rising,4118,4096,4118,22
sniffing,4192,4118,4192,74
left_turning,4194,4192,4194,2
sniffing,4211,4194,4211,17
climbing,4260,4211,4260,49
sniffing,4439,4260,4439,179
climbing,4492,4439,4492,53
sniffing,4547,4492,4547,55
rising,4548,4547,4548,1
climbing,4594,4548,4594,46
sniffing,4607,4594,4607,13
rising,4670,4607,4670,63
sniffing,4671,4670,4671,1
walking,4709,4671,4709,38
sniffing,4921,4709,4921,212
trotting,4924,4921,4924,3
right_turning,4928,4924,4928,4
walking,4977,4928,4977,49
sniffing,4981,4977,4981,4
climbing,5006,4981,5006,25
running,5019,5006,5019,13
sniffing,5057,5019,5057,38
rising,5058,5057,5058,1
climbing,5075,5058,5075,17
sniffing,5076,5075,5076,1
right_turning,5096,5076,5096,20
sniffing,5097,5096,5097,1
left_turning,5098,5097,5098,1
running,5121,5098,5121,23
walking,5140,5121,5140,19
sniffing,5215,5140,5215,75
grooming,5246,5215,5246,31
rearing,5477,5246,5477,231
sniffing,5559,5477,5559,82
right_turning,5582,5559,5582,23
sniffing,5763,5582,5763,181
left_turning,5764,5763,5764,1
running,5793,5764,5793,29
walking,5838,5793,5838,45
sniffing,5839,5838,5839,1
walking,5930,5839,5930,91
sniffing,5931,5930,5931,1
walking,6005,5931,6005,74
hunching,6006,6005,6006,1
climbing,6020,6006,6020,14
rising,6042,6020,6042,22
grooming,6306,6042,6306,264
rearing,6315,6306,6315,9
rising,6384,6315,6384,69
sniffing,6430,6384,6430,46
left_turning,6441,6430,6441,11
stepping,6486,6441,6486,45
climbing,6519,6486,6519,33
rearing,6579,6519,6579,60
climbing,6649,6579,6649,70
sniffing,6704,6649,6704,55
rising,6864,6704,6864,160
climbing,6884,6864,6884,20
walking,6892,6884,6892,8
trotting,6893,6892,6893,1
walking,6894,6893,6894,1
climbing,6897,6894,6897,3
sniffing,6910,6897,6910,13
rising,6958,6910,6958,48
climbing,7006,6958,7006,48
sniffing,7007,7006,7007,1
trotting,7060,7007,7060,53
sniffing,7078,7060,7078,18
climbing,7118,7078,7118,40
rearing,7119,7118,7119,1
right_turning,7133,7119,7133,14
left_turning,7176,7133,7176,43
running,7194,7176,7194,18
walking,7222,7194,7222,28
climbing,7265,7222,7265,43
walking,7315,7265,7315,50
rising,7333,7315,7333,18
climbing,7357,7333,7357,24
walking,7366,7357,7366,9
hunching,7367,7366,7367,1
right_turning,7368,7367,7368,1
walking,7398,7368,7398,30
sniffing,7427,7398,7427,29
rising,7428,7427,7428,1
climbing,7497,7428,7497,69
rearing,7498,7497,7498,1
rising,7589,7498,7589,91
left_turning,7619,7589,7619,30
sniffing,7654,7619,7654,35
rising,7683,7654,7683,29
sniffing,7684,7683,7684,1
left_turning,7708,7684,7708,24
trotting,7729,7708,7729,21
running,7730,7729,7730,1
trotting,7761,7730,7761,31
rising,7783,7761,7783,22
sniffing,7803,7783,7803,20
left_turning,7841,7803,7841,38
walking,7859,7841,7859,18
left_turning,7897,7859,7897,38
walking,7905,7897,7905,8
rising,7931,7905,7931,26
walking,7934,7931,7934,3
sniffing,7964,7934,7964,30
climbing,8055,7964,8055,91
walking,8074,8055,8074,19
sniffing,8108,8074,8108,34
walking,8161,8108,8161,53
trotting,8210,8161,8210,49
walking,8233,8210,8233,23
sniffing,8296,8233,8296,63
trotting,8298,8296,8298,2
walking,8307,8298,8307,9
sniffing,8356,8307,8356,49
stepping,8357,8356,8357,1
walking,8383,8357,8383,26
rising,8407,8383,8407,24
left_turning,8416,8407,8416,9
sniffing,8431,8416,8431,15
walking,8432,8431,8432,1
right_turning,8463,8432,8463,31
walking,8504,8463,8504,41
rearing,8505,8504,8505,1
left_turning,8540,8505,8540,35
walking,8621,8540,8621,81
sniffing,8704,8621,8704,83
rising,8798,8704,8798,94
climbing,8846,8798,8846,48
sniffing,8860,8846,8860,14
rising,8861,8860,8861,1
walking,8862,8861,8862,1
sniffing,8874,8862,8874,12
climbing,8938,8874,8938,64
sniffing,9034,8938,9034,96
rising,9098,9034,9098,64
walking,9099,9098,9099,1
climbing,9111,9099,9111,12
rising,9126,9111,9126,15
sniffing,9233,9126,9233,107
left_turning,9259,9233,9259,26
walking,9274,9259,9274,15
left_turning,9279,9274,9279,5
stepping,9311,9279,9311,32
sniffing,9398,9311,9398,87
rising,9443,9398,9443,45
climbing,9482,9443,9482,39
sniffing,9483,9482,9483,1
grooming,9491,9483,9491,8
climbing,9580,9491,9580,89
rearing,9729,9580,9729,149
climbing,9779,9729,9779,50
walking,9847,9779,9847,68
sniffing,9922,9847,9922,75
hunching,9958,9922,9958,36
climbing,10012,9958,10012,54
walking,10024,10012,10024,12
sniffing,10025,10024,10025,1
climbing,10078,10025,10078,53
right_turning,10106,10078,10106,28
walking,10189,10106,10189,83
sniffing,10252,10189,10252,63
rising,10289,10252,10289,37
rearing,10328,10289,10328,39
walking,10379,10328,10379,51
rising,10400,10379,10400,21
walking,10435,10400,10435,35
climbing,10488,10435,10488,53
walking,10509,10488,10509,21
climbing,10562,10509,10562,53
sniffing,10580,10562,10580,18
walking,10623,10580,10623,43
sniffing,10624,10623,10624,1
rearing,10625,10624,10625,1
hunching,10627,10625,10627,2
walking,10628,10627,10628,1
sniffing,10662,10628,10662,34
stepping,10678,10662,10678,16
walking,10708,10678,10708,30
sniffing,10720,10708,10720,12
left_turning,10729,10720,10729,9
walking,10829,10729,10829,100
sniffing,10860,10829,10860,31
climbing,10892,10860,10892,32
sniffing,10893,10892,10893,1
climbing,10915,10893,10915,22
walking,10972,10915,10972,57
right_turning,11008,10972,11008,36
rising,11018,11008,11018,10
climbing,11073,11018,11073,55
sniffing,11097,11073,11097,24
climbing,11139,11097,11139,42
trotting,11166,11139,11166,27
left_turning,11194,11166,11194,28
sniffing,11211,11194,11211,17
rising,11313,11211,11313,102
climbing,11350,11313,11350,37
sniffing,11360,11350,11360,10
walking,11404,11360,11404,44
rising,11405,11404,11405,1
climbing,11421,11405,11421,16
sniffing,11468,11421,11468,47
rising,11497,11468,11497,29
climbing,11568,11497,11568,71
rising,11611,11568,11611,43
sniffing,11612,11611,11612,1
running,11661,11612,11661,49
left_turning,11701,11661,11701,40
sniffing,11720,11701,11720,19
walking,11741,11720,11741,21
rising,11894,11741,11894,153
walking,11919,11894,11919,25
climbing,11962,11919,11962,43
right_turning,11982,11962,11982,20
running,12024,11982,12024,42
stepping,12044,12024,12044,20
rising,12149,12044,12149,105
sniffing,12157,12149,12157,8
left_turning,12188,12157,12188,31
trotting,12224,12188,12224,36
right_turning,12225,12224,12225,1
walking,12274,12225,12274,49
climbing,12332,12274,12332,58
sniffing,12364,12332,12364,32
climbing,12365,12364,12365,1
walking,12415,12365,12415,50
sniffing,12438,12415,12438,23
rearing,12556,12438,12556,118
walking,12693,12556,12693,137
sniffing,12694,12693,12694,1
rising,12695,12694,12695,1
walking,12715,12695,12715,20
climbing,12724,12715,12724,9
right_turning,12731,12724,12731,7
walking,12807,12731,12807,76
climbing,12854,12807,12854,47
walking,12882,12854,12882,28
climbing,12919,12882,12919,37
walking,12989,12919,12989,70
sniffing,13061,12989,13061,72
left_turning,13111,13061,13111,50
sniffing,13138,13111,13138,27
rising,13150,13138,13150,12
trotting,13210,13150,13210,60
stepping,13211,13210,13211,1
rising,13212,13211,13212,1
left_turning,13249,13212,13249,37
trotting,13259,13249,13259,10
sniffing,13320,13259,13320,61
walking,13354,13320,13354,34
rising,13370,13354,13370,16
right_turning,13410,13370,13410,40
walking,13461,13410,13461,51
sniffing,13485,13461,13485,24
right_turning,13497,13485,13497,12
sniffing,13498,13497,13498,1
walking,13519,13498,13519,21
sniffing,13551,13519,13551,32
left_turning,13602,13551,13602,51
walking,13626,13602,13626,24
climbing,13673,13626,13673,47
sniffing,13811,13673,13811,138
walking,13836,13811,13836,25
climbing,13909,13836,13909,73
walking,13954,13909,13954,45
left_turning,13976,13954,13976,22
walking,14009,13976,14009,33
left_turning,14013,14009,14013,4
sniffing,14050,14013,14050,37
right_turning,14051,14050,14051,1
stepping,14086,14051,14086,35
walking,14102,14086,14102,16
right_turning,14121,14102,14121,19
rising,14166,14121,14166,45
climbing,14213,14166,14213,47
walking,14239,14213,14239,26
stepping,14273,14239,14273,34
trotting,14284,14273,14284,11
sniffing,14306,14284,14306,22
rising,14329,14306,14329,23
hunching,14441,14329,14441,112
rearing,14442,14441,14442,1
sniffing,14470,14442,14470,28
rising,14510,14470,14510,40
sniffing,14559,14510,14559,49
climbing,14580,14559,14580,21
left_turning,14609,14580,14609,29
walking,14622,14609,14622,13
trotting,14683,14622,14683,61
walking,14684,14683,14684,1
right_turning,14700,14684,14700,16
rising,14701,14700,14701,1
climbing,14721,14701,14721,20
left_turning,14760,14721,14760,39
sniffing,14776,14760,14776,16
climbing,14805,14776,14805,29
sniffing,14878,14805,14878,73
climbing,14897,14878,14897,19
left_turning,14947,14897,14947,50
trotting,15011,14947,15011,64
stepping,15015,15011,15015,4
walking,15017,15015,15017,2
climbing,15085,15017,15085,68
walking,15130,15085,15130,45
climbing,15151,15130,15151,21
walking,15205,15151,15205,54
climbing,15250,15205,15250,45
rearing,15361,15250,15361,111
right_turning,15369,15361,15369,8
stepping,15400,15369,15400,31
sniffing,15449,15400,15449,49
hunching,15456,15449,15456,7
sniffing,15457,15456,15457,1
rising,15496,15457,15496,39
rearing,15631,15496,15631,135
sniffing,15734,15631,15734,103
walking,15749,15734,15749,15
left_turning,15770,15749,15770,21
sniffing,15906,15770,15906,136
climbing,15965,15906,15965,59
rising,15975,15965,15975,10
trotting,16045,15975,16045,70
left_turning,16068,16045,16068,23
running,16083,16068,16083,15
climbing,16109,16083,16109,26
trotting,16130,16109,16130,21
sniffing,16186,16130,16186,56
left_turning,16228,16186,16228,42
sniffing,16229,16228,16229,1
climbing,16242,16229,16242,13
right_turning,16268,16242,16268,26
sniffing,16294,16268,16294,26
climbing,16331,16294,16331,37
trotting,16388,16331,16388,57
right_turning,16404,16388,16404,16
sniffing,16407,16404,16407,3
stepping,16408,16407,16408,1
sniffing,16476,16408,16476,68
walking,16482,16476,16482,6
stepping,16538,16482,16538,56
walking,16568,16538,16568,30
stepping,16580,16568,16580,12
sniffing,16602,16580,16602,22
walking,16629,16602,16629,27
sniffing,16651,16629,16651,22
hunching,16740,16651,16740,89
sniffing,16802,16740,16802,62
climbing,16830,16802,16830,28
hunching,16831,16830,16831,1
rearing,16832,16831,16832,1
sniffing,16833,16832,16833,1
walking,16847,16833,16847,14
running,16873,16847,16873,26
walking,16916,16873,16916,43
stepping,16973,16916,16973,57
walking,17009,16973,17009,36
left_turning,17048,17009,17048,39
sniffing,17049,17048,17049,1
rising,17067,17049,17067,18
stepping,17086,17067,17086,19
rising,17104,17086,17104,18
climbing,17151,17104,17151,47
right_turning,17185,17151,17185,34
stepping,17228,17185,17228,43
sniffing,17266,17228,17266,38
rising,17338,17266,17338,72
sniffing,17360,17338,17360,22
rising,17421,17360,17421,61
walking,17477,17421,17477,56
sniffing,17511,17477,17511,34
walking,17569,17511,17569,58
sniffing,17570,17569,17570,1
left_turning,17572,17570,17572,2
walking,17619,17572,17619,47
rising,17672,17619,17672,53
climbing,17711,17672,17711,39
sniffing,17812,17711,17812,101
climbing,17885,17812,17885,73
right_turning,17907,17885,17907,22
walking,17919,17907,17919,12
sniffing,17959,17919,17959,40
walking,17960,17959,17960,1
left_turning,17989,17960,17989,29
stepping,18054,17989,18054,65
walking,18117,18054,18117,63
climbing,18189,18117,18189,72
rising,18288,18189,18288,99
sniffing,18331,18288,18331,43
stepping,18343,18331,18343,12
walking,18346,18343,18346,3
sniffing,18368,18346,18368,22
walking,18394,18368,18394,26
climbing,18436,18394,18436,42
sniffing,18506,18436,18506,70
stepping,18518,18506,18518,12
walking,18519,18518,18519,1
rising,18567,18519,18567,48
stepping,18577,18567,18577,10
climbing,18617,18577,18617,40
sniffing,18692,18617,18692,75
trotting,18695,18692,18695,3
walking,18761,18695,18761,66
sniffing,18790,18761,18790,29
running,18813,18790,18813,23
sniffing,18884,18813,18884,71
climbing,18885,18884,18885,1
sniffing,18886,18885,18886,1
rising,18952,18886,18952,66
sniffing,18953,18952,18953,1
left_turning,18970,18953,18970,17
sniffing,19076,18970,19076,106
walking,19146,19076,19146,70
rising,19147,19146,19147,1
sniffing,19186,19147,19186,39
stepping,19208,19186,19208,22
trotting,19260,19208,19260,52
left_turning,19272,19260,19272,12
sniffing,19273,19272,19273,1
stepping,19304,19273,19304,31
right_turning,19328,19304,19328,24
walking,19347,19328,19347,19
climbing,19378,19347,19378,31
sniffing,19379,19378,19379,1
walking,19426,19379,19426,47
right_turning,19429,19426,19429,3
running,19442,19429,19442,13
left_turning,19467,19442,19467,25
sniffing,19507,19467,19507,40
rising,19509,19507,19509,2
right_turning,19515,19509,19515,6
rising,19561,19515,19561,46
sniffing,19612,19561,19612,51
climbing,19613,19612,19613,1
rising,19664,19613,19664,51
sniffing,19716,19664,19716,52
rising,19717,19716,19717,1
running,19758,19717,19758,41
sniffing,19832,19758,19832,74
walking,19868,19832,19868,36
climbing,19943,19868,19943,75
trotting,19980,19943,19980,37
sniffing,20051,19980,20051,71
rising,20052,20051,20052,1
right_turning,20062,20052,20062,10
walking,20084,20062,20084,22
sniffing,20153,20084,20153,69
left_turning,20198,20153,20198,45
walking,20199,20198,20199,1
stepping,20235,20199,20235,36
sniffing,20263,20235,20263,28
rearing,20264,20263,20264,1
rising,20270,20264,20270,6
climbing,20330,20270,20330,60
rearing,20388,20330,20388,58
sniffing,20470,20388,20470,82
trotting,20499,20470,20499,29
right_turning,20527,20499,20527,28
trotting,20554,20527,20554,27
climbing,20633,20554,20633,79
trotting,20664,20633,20664,31
climbing,20713,20664,20713,49
trotting,20731,20713,20731,18
rising,20732,20731,20732,1
climbing,20778,20732,20778,46
right_turning,20795,20778,20795,17
walking,20829,20795,20829,34
sniffing,20872,20829,20872,43
walking,20909,20872,20909,37
left_turning,20937,20909,20937,28
rising,20938,20937,20938,1
climbing,20983,20938,20983,45
sniffing,20985,20983,20985,2
right_turning,20997,20985,20997,12
walking,21056,20997,21056,59
stepping,21088,21056,21088,32
climbing,21135,21088,21135,47
hunching,21197,21135,21197,62
sniffing,21236,21197,21236,39
climbing,21259,21236,21259,23
right_turning,21280,21259,21280,21
rising,21346,21280,21346,66
left_turning,21380,21346,21380,34
sniffing,21425,21380,21425,45
climbing,21468,21425,21468,43
right_turning,21473,21468,21473,5
walking,21496,21473,21496,23
sniffing,21536,21496,21536,40
walking,21551,21536,21551,15
sniffing,21599,21551,21599,48
pausing,21600,21599,21600,1
sniffing,21602,21600,21602,2
running,21645,21602,21645,43
stepping,21680,21645,21680,35
rising,21770,21680,21770,90
climbing,21848,21770,21848,78
rearing,21849,21848,21849,1
rising,21860,21849,21860,11
climbing,21907,21860,21907,47
walking,21960,21907,21960,53
sniffing,21961,21960,21961,1
climbing,21983,21961,21983,22
sniffing,22037,21983,22037,54
rising,22062,22037,22062,25
sniffing,22063,22062,22063,1
rising,22082,22063,22082,19
climbing,22101,22082,22101,19
trotting,22132,22101,22132,31
walking,22133,22132,22133,1
right_turning,22144,22133,22144,11
walking,22159,22144,22159,15
sniffing,22160,22159,22160,1
walking,22161,22160,22161,1
left_turning,22174,22161,22174,13
trotting,22190,22174,22190,16
walking,22191,22190,22191,1
sniffing,22233,22191,22233,42
walking,22248,22233,22248,15
trotting,22297,22248,22297,49
walking,22340,22297,22340,43
rising,22341,22340,22341,1
walking,22361,22341,22361,20
stepping,22369,22361,22369,8
hunching,22437,22369,22437,68
rearing,22529,22437,22529,92
sniffing,22563,22529,22563,34
climbing,22576,22563,22576,13
sniffing,22661,22576,22661,85
rising,22669,22661,22669,8
climbing,22700,22669,22700,31
walking,22746,22700,22746,46
rising,22804,22746,22804,58
sniffing,22818,22804,22818,14
rising,22907,22818,22907,89
climbing,22957,22907,22957,50
rising,22988,22957,22988,31
sniffing,23027,22988,23027,39
climbing,23090,23027,23090,63
rising,23091,23090,23091,1
walking,23099,23091,23099,8
sniffing,23100,23099,23100,1
walking,23128,23100,23128,28
sniffing,23136,23128,23136,8
walking,23150,23136,23150,14
sniffing,23190,23150,23190,40
stepping,23231,23190,23231,41
walking,23235,23231,23235,4
sniffing,23325,23235,23325,90
walking,23378,23325,23378,53
rising,23417,23378,23417,39
sniffing,23453,23417,23453,36
rising,23517,23453,23517,64
sniffing,23541,23517,23541,24
climbing,23607,23541,23607,66
rising,23611,23607,23611,4
climbing,23651,23611,23651,40
hunching,23652,23651,23652,1
sniffing,23711,23652,23711,59
walking,23713,23711,23713,2
sniffing,23718,23713,23718,5
walking,23774,23718,23774,56
left_turning,23796,23774,23796,22
walking,23817,23796,23817,21
sniffing,23873,23817,23873,56
left_turning,23903,23873,23903,30
walking,23929,23903,23929,26
stepping,23940,23929,23940,11
sniffing,23994,23940,23994,54
stepping,23996,23994,23996,2
walking,24053,23996,24053,57
sniffing,24070,24053,24070,17
left_turning,24080,24070,24080,10
sniffing,24101,24080,24101,21
trotting,24157,24101,24157,56
walking,24187,24157,24187,30
stepping,24211,24187,24211,24
rising,24249,24211,24249,38
sniffing,24305,24249,24305,56
climbing,24333,24305,24333,28
sniffing,24531,24333,24531,198
rising,24616,24531,24616,85
rearing,24887,24616,24887,271
climbing,24931,24887,24931,44
rearing,24932,24931,24932,1
right_turning,24979,24932,24979,47
walking,24980,24979,24980,1
trotting,25011,24980,25011,31
walking,25012,25011,25012,1
left_turning,25041,25012,25041,29
walking,25042,25041,25042,1
sniffing,25068,25042,25068,26
left_turning,25115,25068,25115,47
sniffing,25136,25115,25136,21
rearing,25183,25136,25183,47
climbing,25252,25183,25252,69
rearing,25253,25252,25253,1
grooming,25401,25253,25401,148
left_turning,25402,25401,25402,1
walking,25409,25402,25409,7
sniffing,25410,25409,25410,1
running,25428,25410,25428,18
walking,25429,25428,25429,1
sniffing,25435,25429,25435,6
walking,25465,25435,25465,30
stepping,25466,25465,25466,1
hunching,25467,25466,25467,1
climbing,25468,25467,25468,1
grooming,25942,25468,25942,474
left_turning,26059,25942,26059,117
sniffing,26109,26059,26109,50
rising,26110,26109,26110,1
rearing,26111,26110,26111,1
trotting,26146,26111,26146,35
walking,26226,26146,26226,80
rising,26253,26226,26253,27
climbing,26275,26253,26275,22
right_turning,26304,26275,26304,29
rising,26315,26304,26315,11
climbing,26387,26315,26387,72
grooming,26462,26387,26462,75
walking,26484,26462,26484,22
sniffing,26509,26484,26509,25
stepping,26552,26509,26552,43
trotting,26570,26552,26570,18
left_turning,26606,26570,26606,36
trotting,26647,26606,26647,41
walking,26688,26647,26688,41
climbing,26700,26688,26700,12
sniffing,26764,26700,26764,64
left_turning,26785,26764,26785,21
sniffing,26787,26785,26787,2
rearing,26826,26787,26826,39
grooming,26827,26826,26827,1
right_turning,26829,26827,26829,2
trotting,26859,26829,26859,30
rising,26946,26859,26946,87
rearing,27008,26946,27008,62
sniffing,27116,27008,27116,108
walking,27146,27116,27146,30
sniffing,27157,27146,27157,11
rising,27246,27157,27246,89
stepping,27273,27246,27273,27
sniffing,27297,27273,27297,24
rising,27320,27297,27320,23
climbing,27323,27320,27323,3
rearing,27433,27323,27433,110
climbing,27480,27433,27480,47
grooming,27481,27480,27481,1
rising,27584,27481,27584,103
climbing,27643,27584,27643,59
walking,27671,27643,27671,28
stepping,27672,27671,27672,1
walking,27725,27672,27725,53
sniffing,27744,27725,27744,19
walking,27747,27744,27747,3
sniffing,27763,27747,27763,16
rising,27794,27763,27794,31
climbing,27879,27794,27879,85
rearing,27887,27879,27887,8
rising,27945,27887,27945,58
rearing,28003,27945,28003,58
rising,28033,28003,28033,30
walking,28091,28033,28091,58
trotting,28101,28091,28101,10
sniffing,28282,28101,28282,181
rising,28350,28282,28350,68
climbing,28395,28350,28395,45
trotting,28396,28395,28396,1
sniffing,28435,28396,28435,39
climbing,28452,28435,28452,17
walking,28466,28452,28466,14
right_turning,28489,28466,28489,23
sniffing,28543,28489,28543,54
left_turning,28592,28543,28592,49
walking,28622,28592,28622,30
sniffing,28666,28622,28666,44
left_turning,28667,28666,28667,1
walking,28690,28667,28690,23
running,28711,28690,28711,21
rising,28771,28711,28771,60
climbing,28772,28771,28772,1
trotting,28828,28772,28828,56
sniffing,28851,28828,28851,23
left_turning,28869,28851,28869,18
walking,28925,28869,28925,56
rising,28926,28925,28926,1
climbing,29049,28926,29049,123
walking,29050,29049,29050,1
climbing,29118,29050,29118,68
rearing,29119,29118,29119,1
hunching,29130,29119,29130,11
climbing,29155,29130,29155,25
walking,29156,29155,29156,1
trotting,29160,29156,29160,4
walking,29181,29160,29181,21
sniffing,29182,29181,29182,1
trotting,29210,29182,29210,28
rising,29211,29210,29211,1
trotting,29236,29211,29236,25
sniffing,29272,29236,29272,36
rising,29273,29272,29273,1
sniffing,29280,29273,29280,7
walking,29296,29280,29296,16
sniffing,29297,29296,29297,1
stepping,29336,29297,29336,39
rising,29430,29336,29430,94
left_turning,29453,29430,29453,23
walking,29468,29453,29468,15
sniffing,29482,29468,29482,14
rising,29518,29482,29518,36
sniffing,29546,29518,29546,28
right_turning,29548,29546,29548,2
walking,29575,29548,29575,27
rising,29642,29575,29642,67
right_turning,29643,29642,29643,1
stepping,29669,29643,29669,26
sniffing,29671,29669,29671,2
climbing,29715,29671,29715,44
rising,29716,29715,29716,1
left_turning,29746,29716,29746,30
stepping,29747,29746,29747,1
trotting,29783,29747,29783,36
walking,29840,29783,29840,57
rising,29909,29840,29909,69
sniffing,29947,29909,29947,38
trotting,29976,29947,29976,29
stepping,29986,29976,29986,10
sniffing,30139,29986,30139,153
walking,30151,30139,30151,12
left_turning,30196,30151,30196,45
rising,30204,30196,30204,8
sniffing,30245,30204,30245,41
rearing,30246,30245,30246,1
rising,30260,30246,30260,14
walking,30304,30260,30304,44
rising,30371,30304,30371,67
climbing,30428,30371,30428,57
rearing,30616,30428,30616,188
left_turning,30691,30616,30691,75
rearing,30777,30691,30777,86
rising,30806,30777,30806,29
climbing,30814,30806,30814,8
running,30815,30814,30815,1
trotting,30851,30815,30851,36
climbing,30857,30851,30857,6
right_turning,30883,30857,30883,26
sniffing,30897,30883,30897,14
rising,30898,30897,30898,1
left_turning,30928,30898,30928,30
walking,30945,30928,30945,17
running,30972,30945,30972,27
climbing,31011,30972,31011,39
sniffing,31074,31011,31074,63
rising,31157,31074,31157,83
left_turning,31175,31157,31175,18
running,31186,31175,31186,11
walking,31233,31186,31233,47
left_turning,31253,31233,31253,20
trotting,31257,31253,31257,4
sniffing,31258,31257,31258,1
climbing,31335,31258,31335,77
trotting,31365,31335,31365,30
left_turning,31366,31365,31366,1
walking,31367,31366,31367,1
right_turning,31428,31367,31428,61
walking,31477,31428,31477,49
trotting,31523,31477,31523,46
stepping,31570,31523,31570,47
walking,31590,31570,31590,20
rising,31597,31590,31597,7
climbing,31625,31597,31625,28
walking,31668,31625,31668,43
sniffing,31669,31668,31669,1
rearing,31710,31669,31710,41
climbing,31721,31710,31721,11
walking,31817,31721,31817,96
sniffing,31855,31817,31855,38
rising,31883,31855,31883,28
climbing,31921,31883,31921,38
walking,31957,31921,31957,36
sniffing,31984,31957,31984,27
climbing,32046,31984,32046,62
sniffing,32074,32046,32074,28
walking,32138,32074,32138,64
rising,32207,32138,32207,69
left_turning,32239,32207,32239,32
sniffing,32240,32239,32240,1
rising,32241,32240,32241,1
sniffing,32244,32241,32244,3
left_turning,32270,32244,32270,26
sniffing,32322,32270,32322,52
grooming,32584,32322,32584,262
sniffing,32594,32584,32594,10
climbing,32634,32594,32634,40
sniffing,32635,32634,32635,1
walking,32638,32635,32638,3
left_turning,32665,32638,32665,27
sniffing,32691,32665,32691,26
grooming,32692,32691,32692,1
rearing,32702,32692,32702,10
climbing,32704,32702,32704,2
rearing,32747,32704,32747,43
left_turning,32768,32747,32768,21
sniffing,32786,32768,32786,18
climbing,32787,32786,32787,1
left_turning,32796,32787,32796,9
walking,32813,32796,32813,17
right_turning,32844,32813,32844,31
walking,32867,32844,32867,23
trotting,32899,32867,32899,32
rising,32986,32899,32986,87
climbing,33051,32986,33051,65
rising,33077,33051,33077,26
sniffing,33115,33077,33115,38
rising,33128,33115,33128,13
climbing,33129,33128,33129,1
running,33164,33129,33164,35
walking,33174,33164,33174,10
climbing,33281,33174,33281,107
walking,33316,33281,33316,35
sniffing,33346,33316,33346,30
climbing,33370,33346,33370,24
trotting,33379,33370,33379,9
sniffing,33497,33379,33497,118
walking,33519,33497,33519,22
sniffing,33621,33519,33621,102
trotting,33674,33621,33674,53
sniffing,33748,33674,33748,74
stepping,33753,33748,33753,5
rising,33804,33753,33804,51
hunching,33878,33804,33878,74
right_turning,33902,33878,33902,24
walking,33917,33902,33917,15
sniffing,33977,33917,33977,60
rising,34019,33977,34019,42
trotting,34045,34019,34045,26
sniffing,34068,34045,34068,23
left_turning,34097,34068,34097,29
sniffing,34098,34097,34098,1
walking,34106,34098,34106,8
grooming,34305,34106,34305,199
rearing,34347,34305,34347,42
grooming,34490,34347,34490,143
rearing,34517,34490,34517,27
sniffing,34564,34517,34564,47
left_turning,34571,34564,34571,7
hunching,34607,34571,34607,36
rearing,34675,34607,34675,68
sniffing,34778,34675,34778,103
trotting,34822,34778,34822,44
sniffing,34838,34822,34838,16
climbing,34905,34838,34905,67
rearing,34906,34905,34906,1
walking,34941,34906,34941,35
sniffing,34942,34941,34942,1
left_turning,34947,34942,34947,5
running,35002,34947,35002,55
walking,35031,35002,35031,29
sniffing,35062,35031,35062,31
left_turning,35063,35062,35063,1
walking,35113,35063,35113,50
climbing,35123,35113,35123,10
walking,35168,35123,35168,45
running,35184,35168,35184,16
walking,35224,35184,35224,40
sniffing,35229,35224,35229,5
hunching,35374,35229,35374,145
climbing,35423,35374,35423,49
rising,35471,35423,35471,48
rearing,35472,35471,35472,1
rising,35555,35472,35555,83
walking,35626,35555,35626,71
rising,35627,35626,35627,1
stepping,35710,35627,35710,83
climbing,35711,35710,35711,1
right_turning,35734,35711,35734,23
trotting,35766,35734,35766,32
sniffing,35846,35766,35846,80
rising,35918,35846,35918,72
rearing,35920,35918,35920,2
climbing,36073,35920,36073,153
sniffing,36074,36073,36074,1
rising,36075,36074,36075,1
sniffing,36165,36075,36165,90
rising,36166,36165,36166,1
sniffing,36167,36166,36167,1
rising,36186,36167,36186,19
sniffing,36187,36186,36187,1
right_turning,36190,36187,36190,3
running,36216,36190,36216,26
rising,36268,36216,36268,52
climbing,36279,36268,36279,11
walking,36294,36279,36294,15
sniffing,36355,36294,36355,61
running,36389,36355,36389,34
rising,36403,36389,36403,14
sniffing,36408,36403,36408,5
climbing,36437,36408,36437,29
walking,36462,36437,36462,25
left_turning,36525,36462,36525,63
sniffing,36600,36525,36600,75
grooming,36933,36600,36933,333
rising,36981,36933,36981,48
hunching,36982,36981,36982,1
rising,37004,36982,37004,22
rearing,37051,37004,37051,47
stepping,37086,37051,37086,35
sniffing,37152,37086,37152,66
walking,37185,37152,37185,33
sniffing,37239,37185,37239,54
rising,37278,37239,37278,39
sniffing,37321,37278,37321,43
right_turning,37325,37321,37325,4
trotting,37340,37325,37340,15
sniffing,37354,37340,37354,14
climbing,37406,37354,37406,52
sniffing,37457,37406,37457,51
rising,37458,37457,37458,1
climbing,37461,37458,37461,3
right_turning,37471,37461,37471,10
walking,37472,37471,37472,1
sniffing,37526,37472,37526,54
walking,37527,37526,37527,1
trotting,37565,37527,37565,38
walking,37566,37565,37566,1
rising,37606,37566,37606,40
climbing,37623,37606,37623,17
sniffing,37642,37623,37642,19
walking,37656,37642,37656,14
stepping,37682,37656,37682,26
walking,37706,37682,37706,24
rising,37735,37706,37735,29
climbing,37824,37735,37824,89
sniffing,37825,37824,37825,1
climbing,37888,37825,37888,63
trotting,37911,37888,37911,23
walking,37935,37911,37935,24
sniffing,37936,37935,37936,1
rearing,37937,37936,37937,1
climbing,37981,37937,37981,44
walking,38058,37981,38058,77
rising,38071,38058,38071,13
sniffing,38072,38071,38072,1
rearing,38120,38072,38120,48
sniffing,38163,38120,38163,43
walking,38174,38163,38174,11
sniffing,38209,38174,38209,35
rising,38234,38209,38234,25
climbing,38256,38234,38256,22
rising,38257,38256,38257,1
walking,38258,38257,38258,1
sniffing,38322,38258,38322,64
climbing,38361,38322,38361,39
rising,38400,38361,38400,39
walking,38452,38400,38452,52
left_turning,38470,38452,38470,18
rising,38471,38470,38471,1
walking,38472,38471,38472,1
sniffing,38473,38472,38473,1
trotting,38484,38473,38484,11
rising,38485,38484,38485,1
climbing,38502,38485,38502,17
rearing,38509,38502,38509,7
walking,38533,38509,38533,24
climbing,38540,38533,38540,7
sniffing,38592,38540,38592,52
rising,38593,38592,38593,1
climbing,38643,38593,38643,50
rising,38684,38643,38684,41
walking,38730,38684,38730,46
climbing,38731,38730,38731,1
sniffing,38745,38731,38745,14
left_turning,38746,38745,38746,1
trotting,38771,38746,38771,25
walking,38778,38771,38778,7
left_turning,38849,38778,38849,71
sniffing,38926,38849,38926,77
walking,38927,38926,38927,1
sniffing,38962,38927,38962,35
grooming,39227,38962,39227,265
sniffing,39300,39227,39300,73
right_turning,39308,39300,39308,8
stepping,39349,39308,39349,41
trotting,39380,39349,39380,31
sniffing,39398,39380,39398,18
rearing,39404,39398,39404,6
left_turning,39421,39404,39421,17
sniffing,39470,39421,39470,49
right_turning,39471,39470,39471,1
climbing,39519,39471,39519,48
hunching,39590,39519,39590,71
sniffing,39591,39590,39591,1
rising,39593,39591,39593,2
climbing,39600,39593,39600,7
trotting,39641,39600,39641,41
sniffing,39675,39641,39675,34
rising,39762,39675,39762,87
trotting,39799,39762,39799,37
stepping,39829,39799,39829,30
climbing,39876,39829,39876,47
walking,39929,39876,39929,53
right_turning,39957,39929,39957,28
walking,39998,39957,39998,41
sniffing,40032,39998,40032,34
rising,40076,40032,40076,44
sniffing,40116,40076,40116,40
rising,40199,40116,40199,83
left_turning,40320,40199,40320,121
running,40327,40320,40327,7
sniffing,40328,40327,40328,1
climbing,40357,40328,40357,29
sniffing,40492,40357,40492,135
climbing,40561,40492,40561,69
trotting,40581,40561,40581,20
rising,40595,40581,40595,14
sniffing,40671,40595,40671,76
walking,40712,40671,40712,41
sniffing,40726,40712,40726,14
left_turning,40746,40726,40746,20
sniffing,40761,40746,40761,15
rearing,40772,40761,40772,11
climbing,40785,40772,40785,13
rising,40839,40785,40839,54
running,40869,40839,40869,30
sniffing,40910,40869,40910,41
grooming,40911,40910,40911,1
sniffing,40958,40911,40958,47
rising,40990,40958,40990,32
sniffing,41004,40990,41004,14
walking,41017,41004,41017,13
rising,41072,41017,41072,55
walking,41073,41072,41073,1
sniffing,41135,41073,41135,62
running,41151,41135,41151,16
trotting,41210,41151,41210,59
sniffing,41234,41210,41234,24
walking,41250,41234,41250,16
stepping,41280,41250,41280,30
sniffing,41281,41280,41281,1
left_turning,41318,41281,41318,37
stepping,41359,41318,41359,41
walking,41384,41359,41384,25
climbing,41463,41384,41463,79
rearing,41464,41463,41464,1
walking,41468,41464,41468,4
rising,41511,41468,41511,43
sniffing,41560,41511,41560,49
rising,41577,41560,41577,17
sniffing,41617,41577,41617,40
left_turning,41636,41617,41636,19
walking,41677,41636,41677,41
sniffing,41710,41677,41710,33
rearing,41711,41710,41711,1
climbing,41721,41711,41721,10
walking,41785,41721,41785,64
trotting,41828,41785,41828,43
rising,41870,41828,41870,42
climbing,41900,41870,41900,30
walking,41931,41900,41931,31
rising,42004,41931,42004,73
sniffing,42108,42004,42108,104
rising,42191,42108,42191,83
walking,42240,42191,42240,49
sniffing,42351,42240,42351,111
walking,42376,42351,42376,25
trotting,42386,42376,42386,10
left_turning,42454,42386,42454,68
trotting,42498,42454,42498,44
running,42515,42498,42515,17
walking,42552,42515,42552,37
rising,42608,42552,42608,56
climbing,42645,42608,42645,37
grooming,42646,42645,42646,1
sniffing,42688,42646,42688,42
rising,42805,42688,42805,117
climbing,42825,42805,42825,20
sniffing,42831,42825,42831,6
rising,42902,42831,42902,71
sniffing,42982,42902,42982,80
walking,43022,42982,43022,40
stepping,43042,43022,43042,20
walking,43062,43042,43062,20
climbing,43084,43062,43084,22
right_turning,43105,43084,43105,21
walking,43114,43105,43114,9
climbing,43118,43114,43118,4
sniffing,43176,43118,43176,58
rising,43214,43176,43214,38
rearing,43215,43214,43215,1
trotting,43228,43215,43228,13
stepping,43285,43228,43285,57
sniffing,43309,43285,43309,24
walking,43310,43309,43310,1
climbing,43360,43310,43360,50
sniffing,43487,43360,43487,127
right_turning,43488,43487,43488,1
sniffing,43489,43488,43489,1
walking,43514,43489,43514,25
left_turning,43538,43514,43538,24
walking,43631,43538,43631,93
climbing,43634,43631,43634,3
walking,43647,43634,43647,13
sniffing,43680,43647,43680,33
rising,43727,43680,43727,47
climbing,43832,43727,43832,105
trotting,43845,43832,43845,13
rising,43846,43845,43846,1
climbing,43847,43846,43847,1
right_turning,43878,43847,43878,31
rearing,43943,43878,43943,65
walking,43954,43943,43954,11
sniffing,43963,43954,43963,9
left_turning,44028,43963,44028,65
trotting,44043,44028,44043,15
sniffing,44072,44043,44072,29
climbing,44073,44072,44073,1
rising,44223,44073,44223,150
left_turning,44244,44223,44244,21
walking,44257,44244,44257,13
sniffing,44340,44257,44340,83
walking,44362,44340,44362,22
left_turning,44363,44362,44363,1
sniffing,44426,44363,44426,63
walking,44477,44426,44477,51
sniffing,44480,44477,44480,3
left_turning,44538,44480,44538,58
walking,44552,44538,44552,14
sniffing,44588,44552,44588,36
trotting,44636,44588,44636,48
sniffing,44649,44636,44649,13
walking,44696,44649,44696,47
sniffing,44770,44696,44770,74
grooming,44771,44770,44771,1
left_turning,44838,44771,44838,67
sniffing,44868,44838,44868,30
walking,44891,44868,44891,23
hunching,45007,44891,45007,116
stepping,45008,45007,45008,1
walking,45067,45008,45067,59
hunching,45128,45067,45128,61
sniffing,45195,45128,45195,67
walking,45209,45195,45209,14
sniffing,45212,45209,45212,3
rising,45213,45212,45213,1
rearing,45531,45213,45531,318
climbing,45581,45531,45581,50
right_turning,45602,45581,45602,21
walking,45616,45602,45616,14
sniffing,45645,45616,45645,29
right_turning,45659,45645,45659,14
walking,45684,45659,45684,25
sniffing,45752,45684,45752,68
climbing,45797,45752,45797,45
running,45829,45797,45829,32
walking,45852,45829,45852,23
sniffing,45853,45852,45853,1
walking,45864,45853,45864,11
sniffing,45938,45864,45938,74
rising,46002,45938,46002,64
rearing,46131,46002,46131,129
rising,46185,46131,46185,54
climbing,46214,46185,46214,29
rising,46269,46214,46269,55
climbing,46313,46269,46313,44
rearing,46394,46313,46394,81
jumping,46395,46394,46395,1
running,46424,46395,46424,29
sniffing,46466,46424,46466,42
rearing,46467,46466,46467,1
rising,46518,46467,46518,51
climbing,46594,46518,46594,76
sniffing,46629,46594,46629,35
walking,46668,46629,46668,39
rearing,46669,46668,46669,1
sniffing,46709,46669,46709,40
trotting,46735,46709,46735,26
walking,46739,46735,46739,4
sniffing,46758,46739,46758,19
climbing,46759,46758,46759,1
rearing,46848,46759,46848,89
sniffing,46899,46848,46899,51
hunching,46901,46899,46901,2
climbing,46949,46901,46949,48
trotting,46975,46949,46975,26
walking,46976,46975,46976,1
hunching,47008,46976,47008,32
rising,47040,47008,47040,32
rearing,47041,47040,47041,1
hunching,47043,47041,47043,2
climbing,47083,47043,47083,40
trotting,47104,47083,47104,21
walking,47114,47104,47114,10
rearing,47125,47114,47125,11
grooming,47126,47125,47126,1
left_turning,47127,47126,47127,1
sniffing,47170,47127,47170,43
rising,47171,47170,47171,1
climbing,47272,47171,47272,101
left_turning,47275,47272,47275,3
rearing,47276,47275,47276,1
rising,47388,47276,47388,112
right_turning,47417,47388,47417,29
sniffing,47418,47417,47418,1
trotting,47437,47418,47437,19
sniffing,47589,47437,47589,152
right_turning,47613,47589,47613,24
trotting,47625,47613,47625,12
sniffing,47638,47625,47638,13
walking,47681,47638,47681,43
sniffing,47706,47681,47706,25
left_turning,47711,47706,47711,5
sniffing,47730,47711,47730,19
left_turning,47731,47730,47731,1
sniffing,47732,47731,47732,1
trotting,47742,47732,47742,10
sniffing,47750,47742,47750,8
grooming,48164,47750,48164,414
hunching,48165,48164,48165,1
grooming,48249,48165,48249,84
rearing,48250,48249,48250,1
rising,48300,48250,48300,50
walking,48362,48300,48362,62
climbing,48401,48362,48401,39
rising,48431,48401,48431,30
trotting,48445,48431,48445,14
sniffing,48512,48445,48512,67
rising,48536,48512,48536,24
walking,48547,48536,48547,11
rising,48580,48547,48580,33
walking,48585,48580,48585,5
sniffing,48590,48585,48590,5
walking,48618,48590,48618,28
stepping,48622,48618,48622,4
climbing,48662,48622,48662,40
rising,48700,48662,48700,38
hunching,48788,48700,48788,88
climbing,48814,48788,48814,26
sniffing,48852,48814,48852,38
rearing,48897,48852,48897,45
climbing,48946,48897,48946,49
walking,48962,48946,48962,16
climbing,48990,48962,48990,28
sniffing,49055,48990,49055,65
rising,49095,49055,49095,40
sniffing,49122,49095,49122,27
rising,49146,49122,49146,24
sniffing,49230,49146,49230,84
rearing,49231,49230,49231,1
grooming,49571,49231,49571,340
left_turning,49624,49571,49624,53
rising,49672,49624,49672,48
walking,49673,49672,49673,1
stepping,49674,49673,49674,1
sniffing,49675,49674,49675,1
right_turning,49719,49675,49719,44
running,49764,49719,49764,45
walking,49775,49764,49775,11
trotting,49780,49775,49780,5
stepping,49805,49780,49805,25
sniffing,49874,49805,49874,69
rearing,50018,49874,50018,144
rising,50023,50018,50023,5
sniffing,50024,50023,50024,1
rising,50025,50024,50025,1
left_turning,50173,50025,50173,148
walking,50217,50173,50217,44
sniffing,50261,50217,50261,44
climbing,50368,50261,50368,107
walking,50419,50368,50419,51
sniffing,50422,50419,50422,3
running,50433,50422,50433,11
sniffing,50505,50433,50505,72
climbing,50526,50505,50526,21
grooming,50530,50526,50530,4
hunching,50644,50530,50644,114
sniffing,50702,50644,50702,58
stepping,50703,50702,50703,1
sniffing,50748,50703,50748,45
right_turning,50762,50748,50762,14
rising,50851,50762,50851,89
climbing,50943,50851,50943,92
rearing,51090,50943,51090,147
grooming,51306,51090,51306,216
climbing,51332,51306,51332,26
rearing,51405,51332,51405,73
grooming,51406,51405,51406,1
rearing,51519,51406,51519,113
sniffing,51592,51519,51592,73
rearing,51593,51592,51593,1
sniffing,51594,51593,51594,1
walking,51650,51594,51650,56
rising,51746,51650,51746,96
rearing,51750,51746,51750,4
hunching,51886,51750,51886,136
rearing,51961,51886,51961,75
grooming,51962,51961,51962,1
sniffing,52130,51962,52130,168
right_turning,52157,52130,52157,27
sniffing,52266,52157,52266,109
right_turning,52282,52266,52282,16
walking,52309,52282,52309,27
rearing,52396,52309,52396,87
rising,52419,52396,52419,23
sniffing,52478,52419,52478,59
rising,52553,52478,52553,75
rearing,52571,52553,52571,18
sniffing,52670,52571,52670,99
walking,52671,52670,52671,1
sniffing,52820,52671,52820,149
right_turning,52828,52820,52828,8
walking,52834,52828,52834,6
sniffing,52931,52834,52931,97
running,52932,52931,52932,1
walking,52933,52932,52933,1
trotting,52978,52933,52978,45
sniffing,52993,52978,52993,15
walking,53025,52993,53025,32
sniffing,53110,53025,53110,85
rising,53129,53110,53129,19
climbing,53145,53129,53145,16
walking,53158,53145,53158,13
stepping,53212,53158,53212,54
rising,53249,53212,53249,37
walking,53308,53249,53308,59
left_turning,53367,53308,53367,59
walking,53392,53367,53392,25
rising,53393,53392,53393,1
hunching,53440,53393,53440,47
climbing,53448,53440,53448,8
hunching,53465,53448,53465,17
right_turning,53524,53465,53524,59
stepping,53548,53524,53548,24
sniffing,53618,53548,53618,70
rising,53807,53618,53807,189
climbing,53823,53807,53823,16
rising,53836,53823,53836,13
climbing,53875,53836,53875,39
rearing,53896,53875,53896,21
sniffing,53989,53896,53989,93
climbing,54014,53989,54014,25
trotting,54035,54014,54035,21
rising,54102,54035,54102,67
sniffing,54160,54102,54160,58
stepping,54219,54160,54219,59
sniffing,54220,54219,54220,1
rearing,54221,54220,54221,1
climbing,54243,54221,54243,22
running,54244,54243,54244,1
right_turning,54283,54244,54283,39
walking,54284,54283,54284,1
sniffing,54321,54284,54321,37
pausing,54322,54321,54322,1
walking,54339,54322,54339,17
climbing,54340,54339,54340,1
walking,54375,54340,54375,35
sniffing,54408,54375,54408,33
right_turning,54411,54408,54411,3
trotting,54425,54411,54425,14
rising,54510,54425,54510,85
left_turning,54511,54510,54511,1
walking,54540,54511,54540,29
running,54583,54540,54583,43
left_turning,54635,54583,54635,52
walking,54683,54635,54683,48
left_turning,54719,54683,54719,36
walking,54746,54719,54746,27
sniffing,54747,54746,54747,1
left_turning,54780,54747,54780,33
rising,54878,54780,54878,98
trotting,54934,54878,54934,56
sniffing,54979,54934,54979,45
rearing,54980,54979,54980,1
sniffing,55002,54980,55002,22
left_turning,55020,55002,55020,18
walking,55033,55020,55033,13
sniffing,55063,55033,55063,30
stepping,55093,55063,55093,30
walking,55145,55093,55145,52
left_turning,55155,55145,55155,10
walking,55171,55155,55171,16
sniffing,55202,55171,55202,31
running,55218,55202,55218,16
left_turning,55234,55218,55234,16
sniffing,55276,55234,55276,42
climbing,55333,55276,55333,57
rearing,55362,55333,55362,29
rising,55363,55362,55363,1
walking,55416,55363,55416,53
sniffing,55417,55416,55417,1
walking,55469,55417,55469,52
stepping,55520,55469,55520,51
sniffing,55693,55520,55693,173
hunching,55712,55693,55712,19
rising,55789,55712,55789,77
right_turning,55816,55789,55816,27
running,55835,55816,55835,19
walking,55870,55835,55870,35
rising,55874,55870,55874,4
climbing,55941,55874,55941,67
grooming,56487,55941,56487,546
sniffing,56541,56487,56541,54
rearing,56542,56541,56542,1
left_turning,56602,56542,56602,60
rising,56624,56602,56624,22
climbing,56660,56624,56660,36
rearing,56881,56660,56881,221
grooming,56908,56881,56908,27
left_turning,56910,56908,56910,2
sniffing,56911,56910,56911,1
rising,56912,56911,56912,1
walking,56951,56912,56951,39
left_turning,56971,56951,56971,20
trotting,57000,56971,57000,29
left_turning,57002,57000,57002,2
walking,57036,57002,57036,34
sniffing,57046,57036,57046,10
trotting,57076,57046,57076,30
rising,57077,57076,57077,1
rearing,57078,57077,57078,1
grooming,57089,57078,57089,11
sniffing,57102,57089,57102,13
walking,57130,57102,57130,28
sniffing,57177,57130,57177,47
rearing,57281,57177,57281,104
climbing,57283,57281,57283,2
sniffing,57317,57283,57317,34
trotting,57346,57317,57346,29
left_turning,57364,57346,57364,18
trotting,57377,57364,57377,13
climbing,57429,57377,57429,52
sniffing,57430,57429,57430,1
walking,57463,57430,57463,33
climbing,57473,57463,57473,10
sniffing,57558,57473,57558,85
stepping,57600,57558,57600,42
walking,57645,57600,57645,45
climbing,57654,57645,57654,9
grooming,57655,57654,57655,1
left_turning,57679,57655,57679,24
walking,57707,57679,57707,28
climbing,57719,57707,57719,12
right_turning,57721,57719,57721,2
sniffing,57754,57721,57754,33
walking,57812,57754,57812,58
sniffing,57841,57812,57841,29
walking,57875,57841,57875,34
sniffing,57947,57875,57947,72
left_turning,57949,57947,57949,2
walking,58005,57949,58005,56
hunching,58042,58005,58042,37
sniffing,58085,58042,58085,43
rising,58087,58085,58087,2
right_turning,58116,58087,58116,29
running,58153,58116,58153,37
walking,58161,58153,58161,8
stepping,58176,58161,58176,15
walking,58179,58176,58179,3
sniffing,58288,58179,58288,109
climbing,58353,58288,58353,65
trotting,58375,58353,58375,22
left_turning,58391,58375,58391,16
walking,58420,58391,58420,29
sniffing,58421,58420,58421,1
left_turning,58440,58421,58440,19
sniffing,58471,58440,58471,31
running,58501,58471,58501,30
trotting,58549,58501,58549,48
stepping,58578,58549,58578,29
sniffing,58670,58578,58670,92
rearing,58754,58670,58754,84
grooming,58768,58754,58768,14
rearing,58795,58768,58795,27
rising,58840,58795,58840,45
left_turning,58892,58840,58892,52
sniffing,58907,58892,58907,15
left_turning,58908,58907,58908,1
sniffing,58927,58908,58927,19
rising,58978,58927,58978,51
right_turning,58979,58978,58979,1
trotting,59003,58979,59003,24
left_turning,59004,59003,59004,1
sniffing,59005,59004,59005,1
rising,59011,59005,59011,6
walking,59058,59011,59058,47
sniffing,59059,59058,59059,1
climbing,59081,59059,59081,22
grooming,59082,59081,59082,1
sniffing,59159,59082,59159,77
rearing,59221,59159,59221,62
rising,59297,59221,59297,76
climbing,59359,59297,59359,62
sniffing,59360,59359,59360,1
trotting,59376,59360,59376,16
walking,59391,59376,59391,15
rising,59417,59391,59417,26
walking,59460,59417,59460,43
left_turning,59461,59460,59461,1
trotting,59483,59461,59483,22
walking,59492,59483,59492,9
climbing,59526,59492,59526,34
trotting,59541,59526,59541,15
left_turning,59542,59541,59542,1
sniffing,59614,59542,59614,72
stepping,59615,59614,59615,1
sniffing,59696,59615,59696,81
rising,59722,59696,59722,26
climbing,59751,59722,59751,29
sniffing,59839,59751,59839,88
climbing,59882,59839,59882,43
rising,59883,59882,59883,1
left_turning,59884,59883,59884,1
running,59885,59884,59885,1
sniffing,59935,59885,59935,50
rising,60037,59935,60037,102
sniffing,60126,60037,60126,89
rising,60167,60126,60167,41
sniffing,60209,60167,60209,42
climbing,60256,60209,60256,47
hunching,60340,60256,60340,84
grooming,60523,60340,60523,183
rising,60534,60523,60534,11
climbing,60581,60534,60581,47
walking,60586,60581,60586,5
sniffing,60587,60586,60587,1
left_turning,60636,60587,60636,49
sniffing,60687,60636,60687,51
walking,60725,60687,60725,38
left_turning,60759,60725,60759,34
sniffing,60766,60759,60766,7
stepping,60836,60766,60836,70
left_turning,60837,60836,60837,1
sniffing,60891,60837,60891,54
climbing,60898,60891,60898,7
rearing,61045,60898,61045,147
running,61063,61045,61063,18
rising,61064,61063,61064,1
sniffing,61151,61064,61151,87
right_turning,61186,61151,61186,35
running,61226,61186,61226,40
left_turning,61227,61226,61227,1
rising,61228,61227,61228,1
sniffing,61277,61228,61277,49
climbing,61313,61277,61313,36
rising,61361,61313,61361,48
sniffing,61448,61361,61448,87
climbing,61491,61448,61491,43
rearing,61506,61491,61506,15
grooming,61673,61506,61673,167
right_turning,61676,61673,61676,3
running,61700,61676,61700,24
sniffing,61778,61700,61778,78
rising,61845,61778,61845,67
climbing,61871,61845,61871,26
rising,62070,61871,62070,199
grooming,62071,62070,62071,1
climbing,62105,62071,62105,34
rising,62106,62105,62106,1
sniffing,62180,62106,62180,74
stepping,62181,62180,62181,1
left_turning,62182,62181,62182,1
sniffing,62211,62182,62211,29
pausing,62212,62211,62212,1
sniffing,62213,62212,62213,1
walking,62230,62213,62230,17
running,62248,62230,62248,18
stepping,62268,62248,62268,20
rising,62269,62268,62269,1
left_turning,62297,62269,62297,28
walking,62360,62297,62360,63
sniffing,62398,62360,62398,38
right_turning,62415,62398,62415,17
sniffing,62416,62415,62416,1
rising,62445,62416,62445,29
sniffing,62446,62445,62446,1
rearing,62560,62446,62560,114
climbing,62624,62560,62624,64
trotting,62671,62624,62671,47
sniffing,62775,62671,62775,104
rising,62821,62775,62821,46
rearing,62846,62821,62846,25
grooming,62884,62846,62884,38
trotting,62899,62884,62899,15
sniffing,62900,62899,62900,1
grooming,63984,62900,63984,1084
rearing,64010,63984,64010,26
sniffing,64041,64010,64041,31
trotting,64109,64041,64109,68
rising,64110,64109,64110,1
rearing,64187,64110,64187,77
sniffing,64188,64187,64188,1
climbing,64189,64188,64189,1
rearing,64343,64189,64343,154
sniffing,64377,64343,64377,34
left_turning,64400,64377,64400,23
rising,64405,64400,64405,5
sniffing,64406,64405,64406,1
walking,64436,64406,64436,30
rising,64437,64436,64437,1
right_turning,64459,64437,64459,22
stepping,64526,64459,64526,67
rising,64532,64526,64532,6
climbing,64550,64532,64550,18
walking,64571,64550,64571,21
rising,64572,64571,64572,1
rearing,64642,64572,64642,70
grooming,64643,64642,64643,1
sniffing,64726,64643,64726,83
right_turning,64751,64726,64751,25
running,64782,64751,64782,31
walking,64787,64782,64787,5
climbing,64814,64787,64814,27
sniffing,64815,64814,64815,1
rising,64851,64815,64851,36
rearing,64940,64851,64940,89
rising,64941,64940,64941,1
grooming,64942,64941,64942,1
rearing,64951,64942,64951,9
grooming,65014,64951,65014,63
hunching,65092,65014,65092,78
climbing,65137,65092,65137,45
running,65152,65137,65152,15
sniffing,65253,65152,65253,101
rising,65283,65253,65283,30
climbing,65298,65283,65298,15
right_turning,65299,65298,65299,1
running,65321,65299,65321,22
sniffing,65401,65321,65401,80
rising,65461,65401,65461,60
climbing,65472,65461,65472,11
walking,65473,65472,65473,1
sniffing,65658,65473,65658,185
climbing,65687,65658,65687,29
rising,65720,65687,65720,33
sniffing,65774,65720,65774,54
grooming,65775,65774,65775,1
stepping,65791,65775,65791,16
climbing,65835,65791,65835,44
walking,65836,65835,65836,1
rising,65859,65836,65859,23
sniffing,66011,65859,66011,152
right_turning,66019,66011,66019,8
walking,66055,66019,66055,36
hunching,66126,66055,66126,71
climbing,66171,66126,66171,45
stepping,66179,66171,66179,8
left_turning,66200,66179,66200,21
sniffing,66282,66200,66282,82
right_turning,66312,66282,66312,30
trotting,66338,66312,66338,26
rising,66339,66338,66339,1
rearing,66468,66339,66468,129
rising,66469,66468,66469,1
sniffing,66540,66469,66540,71
walking,66569,66540,66569,29
left_turning,66570,66569,66570,1
sniffing,66624,66570,66624,54
walking,66629,66624,66629,5
left_turning,66670,66629,66670,41
walking,66678,66670,66678,8
climbing,66748,66678,66748,70
walking,66749,66748,66749,1
rearing,66872,66749,66872,123
rising,66873,66872,66873,1
rearing,66894,66873,66894,21
left_turning,66895,66894,66895,1
rising,66959,66895,66959,64
trotting,66968,66959,66968,9
sniffing,67039,66968,67039,71
left_turning,67053,67039,67053,14
trotting,67072,67053,67072,19
walking,67073,67072,67073,1
climbing,67144,67073,67144,71
walking,67205,67144,67205,61
rising,67242,67205,67242,37
climbing,67303,67242,67303,61
right_turning,67326,67303,67326,23
left_turning,67408,67326,67408,82
climbing,67520,67408,67520,112
trotting,67553,67520,67553,33
rising,67594,67553,67594,41
climbing,67734,67594,67734,140
rising,67744,67734,67744,10
rearing,67768,67744,67768,24
grooming,67914,67768,67914,146
climbing,67971,67914,67971,57
sniffing,68045,67971,68045,74
grooming,68054,68045,68054,9
sniffing,68219,68054,68219,165
grooming,68365,68219,68365,146
running,68404,68365,68404,39
stepping,68426,68404,68426,22
walking,68478,68426,68478,52
sniffing,68650,68478,68650,172
walking,68710,68650,68710,60
sniffing,68711,68710,68711,1
walking,68751,68711,68751,40
sniffing,68842,68751,68842,91
rising,68915,68842,68915,73
climbing,69070,68915,69070,155
left_turning,69119,69070,69119,49
climbing,69156,69119,69156,37
sniffing,69184,69156,69184,28
left_turning,69199,69184,69199,15
trotting,69225,69199,69225,26
walking,69248,69225,69248,23
climbing,69264,69248,69264,16
grooming,69276,69264,69276,12
sniffing,69333,69276,69333,57
walking,69372,69333,69372,39
sniffing,69373,69372,69373,1
walking,69430,69373,69430,57
sniffing,69449,69430,69449,19
right_turning,69450,69449,69450,1
rearing,69502,69450,69502,52
rising,69513,69502,69513,11
climbing,69514,69513,69514,1
rearing,69613,69514,69613,99
grooming,69773,69613,69773,160
rising,69780,69773,69780,7
rearing,69827,69780,69827,47
rising,69895,69827,69895,68
rearing,69987,69895,69987,92
rising,69988,69987,69988,1
climbing,70031,69988,70031,43
right_turning,70066,70031,70066,35
climbing,70126,70066,70126,60
rearing,70346,70126,70346,220
sniffing,70347,70346,70347,1
walking,70382,70347,70382,35
left_turning,70385,70382,70385,3
trotting,70421,70385,70421,36
stepping,70438,70421,70438,17
walking,70525,70438,70525,87
sniffing,70526,70525,70526,1
right_turning,70533,70526,70533,7
trotting,70553,70533,70553,20
climbing,70597,70553,70597,44
walking,70639,70597,70639,42
stepping,70648,70639,70648,9
walking,70722,70648,70722,74
sniffing,70738,70722,70738,16
rising,70823,70738,70823,85
rearing,70824,70823,70824,1
sniffing,70840,70824,70840,16
stepping,70853,70840,70853,13
walking,70889,70853,70889,36
sniffing,70911,70889,70911,22
rearing,71034,70911,71034,123
sniffing,71065,71034,71065,31
rising,71107,71065,71107,42
sniffing,71118,71107,71118,11
walking,71119,71118,71119,1
sniffing,71194,71119,71194,75
rising,71285,71194,71285,91
rearing,71359,71285,71359,74
walking,71370,71359,71370,11
rising,71374,71370,71374,4
walking,71426,71374,71426,52
left_turning,71464,71426,71464,38
walking,71465,71464,71465,1
sniffing,71550,71465,71550,85
grooming,71551,71550,71551,1
hunching,71629,71551,71629,78
grooming,71675,71629,71675,46
rearing,71692,71675,71692,17
sniffing,71719,71692,71719,27
left_turning,71786,71719,71786,67
trotting,71844,71786,71844,58
walking,71892,71844,71892,48
rising,71893,71892,71893,1
rearing,71903,71893,71903,10
sniffing,71938,71903,71938,35
rising,71978,71938,71978,40
climbing,71995,71978,71995,17
rising,72021,71995,72021,26
climbing,72090,72021,72090,69
walking,72111,72090,72111,21
sniffing,72156,72111,72156,45
hunching,72203,72156,72203,47
rearing,72234,72203,72234,31
rising,72251,72234,72251,17
right_turning,72276,72251,72276,25
trotting,72310,72276,72310,34
sniffing,72318,72310,72318,8
stepping,72319,72318,72319,1
walking,72334,72319,72334,15
hunching,72335,72334,72335,1
climbing,72396,72335,72396,61
stepping,72467,72396,72467,71
sniffing,72540,72467,72540,73
rearing,72610,72540,72610,70
left_turning,72636,72610,72636,26
sniffing,72738,72636,72738,102
climbing,72795,72738,72795,57
rising,72865,72795,72865,70
climbing,72900,72865,72900,35
right_turning,72901,72900,72901,1
walking,72928,72901,72928,27
rising,73040,72928,73040,112
climbing,73070,73040,73070,30
sniffing,73088,73070,73088,18
left_turning,73089,73088,73089,1
sniffing,73101,73089,73101,12
rearing,73193,73101,73193,92
sniffing,73255,73193,73255,62
hunching,73355,73255,73355,100
right_turning,73380,73355,73380,25
walking,73381,73380,73381,1
rising,73426,73381,73426,45
sniffing,73442,73426,73442,16
running,73443,73442,73443,1
sniffing,73569,73443,73569,126
climbing,73613,73569,73613,44
hunching,73676,73613,73676,63
rising,73697,73676,73697,21
sniffing,73764,73697,73764,67
grooming,73876,73764,73876,112
climbing,73976,73876,73976,100
right_turning,73992,73976,73992,16
walking,73996,73992,73996,4
sniffing,74010,73996,74010,14
climbing,74024,74010,74024,14
left_turning,74025,74024,74025,1
sniffing,74039,74025,74039,14
climbing,74040,74039,74040,1
sniffing,74086,74040,74086,46
walking,74112,74086,74112,26
rising,74133,74112,74133,21
stepping,74139,74133,74139,6
sniffing,74208,74139,74208,69
walking,74212,74208,74212,4
rising,74291,74212,74291,79
climbing,74324,74291,74324,33
sniffing,74383,74324,74383,59
rising,74400,74383,74400,17
climbing,74476,74400,74476,76
walking,74477,74476,74477,1
sniffing,74512,74477,74512,35
rearing,74513,74512,74513,1
sniffing,74608,74513,74608,95
left_turning,74627,74608,74627,19
sniffing,74729,74627,74729,102
left_turning,74889,74729,74889,160
sniffing,74895,74889,74895,6
left_turning,74959,74895,74959,64
walking,74986,74959,74986,27
stepping,75028,74986,75028,42
walking,75044,75028,75044,16
sniffing,75061,75044,75061,17
rearing,75154,75061,75154,93
rising,75188,75154,75188,34
sniffing,75447,75188,75447,259
climbing,75448,75447,75448,1
sniffing,75449,75448,75449,1
left_turning,75493,75449,75493,44
sniffing,75509,75493,75509,16
rising,75510,75509,75510,1
walking,75515,75510,75515,5
sniffing,75614,75515,75614,99
stepping,75615,75614,75615,1
walking,75663,75615,75663,48
rising,75686,75663,75686,23
climbing,75750,75686,75750,64
right_turning,75767,75750,75767,17
walking,75792,75767,75792,25
stepping,75799,75792,75799,7
sniffing,75867,75799,75867,68
rising,75947,75867,75947,80
climbing,75971,75947,75971,24
rearing,76001,75971,76001,30
running,76009,76001,76009,8
sniffing,76075,76009,76075,66
grooming,76193,76075,76193,118
rearing,76287,76193,76287,94
sniffing,76314,76287,76314,27
rising,76360,76314,76360,46
rearing,76417,76360,76417,57
climbing,76490,76417,76490,73
rising,76491,76490,76491,1
sniffing,76492,76491,76492,1
rising,76493,76492,76493,1
climbing,76574,76493,76574,81
sniffing,76585,76574,76585,11
climbing,76630,76585,76630,45
trotting,76675,76630,76675,45
walking,76676,76675,76676,1
climbing,76699,76676,76699,23
left_turning,76723,76699,76723,24
sniffing,76737,76723,76737,14
rearing,76748,76737,76748,11
hunching,76862,76748,76862,114
rising,76866,76862,76866,4
sniffing,76875,76866,76875,9
walking,76966,76875,76966,91
rising,76980,76966,76980,14
sniffing,77218,76980,77218,238
rising,77243,77218,77243,25
climbing,77290,77243,77290,47
sniffing,77339,77290,77339,49
stepping,77340,77339,77340,1
sniffing,77387,77340,77387,47
walking,77409,77387,77409,22
climbing,77484,77409,77484,75
sniffing,77485,77484,77485,1
right_turning,77502,77485,77502,17
hunching,77532,77502,77532,30
sniffing,77629,77532,77629,97
right_turning,77630,77629,77630,1
sniffing,77750,77630,77750,120
rearing,77838,77750,77838,88
left_turning,77874,77838,77874,36
sniffing,77883,77874,77883,9
rising,77967,77883,77967,84
climbing,78040,77967,78040,73
sniffing,78100,78040,78100,60
right_turning,78107,78100,78107,7
walking,78125,78107,78125,18
sniffing,78146,78125,78146,21
climbing,78259,78146,78259,113
rearing,78294,78259,78294,35
rising,78300,78294,78300,6
sniffing,78374,78300,78374,74
climbing,78399,78374,78399,25
rearing,78400,78399,78400,1
grooming,78401,78400,78401,1
climbing,78430,78401,78430,29
left_turning,78448,78430,78448,18
sniffing,78507,78448,78507,59
left_turning,78577,78507,78577,70
walking,78583,78577,78583,6
sniffing,78655,78583,78655,72
rising,78656,78655,78656,1
walking,78675,78656,78675,19
stepping,78719,78675,78719,44
sniffing,78838,78719,78838,119
hunching,78871,78838,78871,33
sniffing,78932,78871,78932,61
climbing,78971,78932,78971,39
rising,78972,78971,78972,1
left_turning,78983,78972,78983,11
sniffing,78984,78983,78984,1
right_turning,79022,78984,79022,38
walking,79054,79022,79054,32
climbing,79102,79054,79102,48
rearing,79217,79102,79217,115
running,79271,79217,79271,54
rising,79280,79271,79280,9
rearing,79328,79280,79328,48
hunching,79365,79328,79365,37
climbing,79386,79365,79386,21
trotting,79387,79386,79387,1
walking,79388,79387,79388,1
rising,79407,79388,79407,19
stepping,79423,79407,79423,16
walking,79468,79423,79468,45
sniffing,79553,79468,79553,85
climbing,79611,79553,79611,58
running,79627,79611,79627,16
rearing,79723,79627,79723,96
rising,79735,79723,79735,12
sniffing,79777,79735,79777,42
climbing,79823,79777,79823,46
walking,79840,79823,79840,17
sniffing,79853,79840,79853,13
right_turning,79939,79853,79939,86
sniffing,80097,79939,80097,158
climbing,80131,80097,80131,34
rearing,80180,80131,80180,49
rising,80181,80180,80181,1
sniffing,80189,80181,80189,8
left_turning,80190,80189,80190,1
sniffing,80273,80190,80273,83
left_turning,80319,80273,80319,46
climbing,80375,80319,80375,56
sniffing,80423,80375,80423,48
walking,80480,80423,80480,57
trotting,80510,80480,80510,30
walking,80618,80510,80618,108
rearing,80687,80618,80687,69
climbing,80696,80687,80696,9
sniffing,80711,80696,80711,15
rising,80734,80711,80734,23
climbing,80759,80734,80759,25
rising,80809,80759,80809,50
sniffing,80876,80809,80876,67
rising,80902,80876,80902,26
sniffing,80919,80902,80919,17
right_turning,80921,80919,80921,2
walking,80990,80921,80990,69
sniffing,81014,80990,81014,24
grooming,81132,81014,81132,118
rearing,81147,81132,81147,15
climbing,81188,81147,81188,41
rising,81189,81188,81189,1
climbing,81201,81189,81201,12
sniffing,81202,81201,81202,1
climbing,81293,81202,81293,91
stepping,81360,81293,81360,67
walking,81380,81360,81380,20
trotting,81401,81380,81401,21
sniffing,81412,81401,81412,11
rising,81451,81412,81451,39
right_turning,81470,81451,81470,19
sniffing,81585,81470,81585,115
walking,81638,81585,81638,53
rising,81659,81638,81659,21
sniffing,81696,81659,81696,37
rising,81722,81696,81722,26
climbing,81750,81722,81750,28
rising,81751,81750,81751,1
climbing,81883,81751,81883,132
trotting,81906,81883,81906,23
left_turning,81915,81906,81915,9
sniffing,81940,81915,81940,25
walking,81972,81940,81972,32
trotting,81995,81972,81995,23
sniffing,82071,81995,82071,76
walking,82098,82071,82098,27
sniffing,82286,82098,82286,188
rising,82309,82286,82309,23
climbing,82348,82309,82348,39
left_turning,82368,82348,82368,20
sniffing,82404,82368,82404,36
rearing,82456,82404,82456,52
sniffing,82549,82456,82549,93
rising,82550,82549,82550,1
sniffing,82618,82550,82618,68
trotting,82633,82618,82633,15
sniffing,82665,82633,82665,32
rearing,82780,82665,82780,115
grooming,83030,82780,83030,250
sniffing,83063,83030,83063,33
rising,83094,83063,83094,31
hunching,83169,83094,83169,75
sniffing,83184,83169,83184,15
grooming,83475,83184,83475,291
rising,83525,83475,83525,50
trotting,83537,83525,83537,12
stepping,83560,83537,83560,23
running,83577,83560,83577,17
walking,83623,83577,83623,46
rising,83671,83623,83671,48
walking,83712,83671,83712,41
running,83729,83712,83729,17
left_turning,83749,83729,83749,20
sniffing,83760,83749,83760,11
trotting,83769,83760,83769,9
sniffing,83906,83769,83906,137
walking,83946,83906,83946,40
sniffing,84019,83946,84019,73
pausing,84127,84019,84127,108
sniffing,84128,84127,84128,1
left_turning,84182,84128,84182,54
sniffing,84187,84182,84187,5
left_turning,84188,84187,84188,1
stepping,84224,84188,84224,36
walking,84270,84224,84270,46
stepping,84274,84270,84274,4
left_turning,84321,84274,84321,47
climbing,84341,84321,84341,20
sniffing,84424,84341,84424,83
rising,84442,84424,84442,18
climbing,84466,84442,84466,24
rising,84499,84466,84499,33
grooming,84500,84499,84500,1
hunching,84885,84500,84885,385
rising,84966,84885,84966,81
sniffing,84998,84966,84998,32
trotting,85032,84998,85032,34
walking,85035,85032,85035,3
climbing,85101,85035,85101,66
rising,85102,85101,85102,1
hunching,85103,85102,85103,1
rearing,85115,85103,85115,12
rising,85130,85115,85130,15
sniffing,85156,85130,85156,26
trotting,85199,85156,85199,43
rising,85217,85199,85217,18
rearing,85244,85217,85244,27
sniffing,85271,85244,85271,27
right_turning,85272,85271,85272,1
trotting,85303,85272,85303,31
climbing,85316,85303,85316,13
rising,85362,85316,85362,46
climbing,85409,85362,85409,47
rearing,85434,85409,85434,25
sniffing,85496,85434,85496,62
walking,85532,85496,85532,36
sniffing,85533,85532,85533,1
left_turning,85573,85533,85573,40
walking,85582,85573,85582,9
hunching,85602,85582,85602,20
sniffing,85603,85602,85603,1
rising,85604,85603,85604,1
climbing,85646,85604,85646,42
walking,85666,85646,85666,20
climbing,85690,85666,85690,24
rearing,85691,85690,85691,1
climbing,85692,85691,85692,1
hunching,85712,85692,85712,20
rising,85724,85712,85724,12
climbing,85787,85724,85787,63
sniffing,85788,85787,85788,1
right_turning,85838,85788,85838,50
sniffing,86038,85838,86038,200
walking,86122,86038,86122,84
rising,86217,86122,86217,95
sniffing,86226,86217,86226,9
grooming,86725,86226,86725,499
sniffing,86738,86725,86738,13
walking,86744,86738,86744,6
rising,86796,86744,86796,52
grooming,87012,86796,87012,216
rising,87013,87012,87013,1
sniffing,87070,87013,87070,57
climbing,87180,87070,87180,110
sniffing,87185,87180,87185,5
walking,87255,87185,87255,70
left_turning,87256,87255,87256,1
sniffing,87331,87256,87331,75
rearing,87499,87331,87499,168
climbing,87500,87499,87500,1
sniffing,87570,87500,87570,70
stepping,87571,87570,87571,1
rising,87589,87571,87589,18
grooming,87660,87589,87660,71
sniffing,87661,87660,87661,1
left_turning,87729,87661,87729,68
hunching,87763,87729,87763,34
rising,87836,87763,87836,73
climbing,87853,87836,87853,17
rearing,87984,87853,87984,131
rising,87991,87984,87991,7
climbing,88084,87991,88084,93
rising,88085,88084,88085,1
sniffing,88102,88085,88102,17
grooming,88103,88102,88103,1
sniffing,88104,88103,88104,1
walking,88147,88104,88147,43
left_turning,88148,88147,88148,1
walking,88167,88148,88167,19
sniffing,88168,88167,88168,1
rising,88214,88168,88214,46
sniffing,88277,88214,88277,63
walking,88296,88277,88296,19
sniffing,88376,88296,88376,80
left_turning,88377,88376,88377,1
sniffing,88453,88377,88453,76
walking,88531,88453,88531,78
left_turning,88624,88531,88624,93
sniffing,88639,88624,88639,15
hunching,88937,88639,88937,298
sniffing,89001,88937,89001,64
stepping,89002,89001,89002,1
walking,89035,89002,89035,33
stepping,89036,89035,89036,1
sniffing,89075,89036,89075,39
trotting,89091,89075,89091,16
sniffing,89151,89091,89151,60
rising,89152,89151,89152,1
sniffing,89186,89152,89186,34
climbing,89266,89186,89266,80
rearing,89342,89266,89342,76
sniffing,89439,89342,89439,97
left_turning,89440,89439,89440,1
sniffing,89538,89440,89538,98
rising,89578,89538,89578,40
sniffing,89609,89578,89609,31
trotting,89641,89609,89641,32
sniffing,89659,89641,89659,18
stepping,89685,89659,89685,26
sniffing,89708,89685,89708,23
rearing,89798,89708,89798,90
hunching,89884,89798,89884,86
rearing,89889,89884,89889,5
walking,89910,89889,89910,21
sniffing,89961,89910,89961,51
rearing,89962,89961,89962,1
rising,90183,89962,90183,221
sniffing,90246,90183,90246,63
walking,90317,90246,90317,71
left_turning,90381,90317,90381,64
walking,90393,90381,90393,12
left_turning,90414,90393,90414,21
walking,90419,90414,90419,5
sniffing,90494,90419,90494,75
climbing,90506,90494,90506,12
trotting,90547,90506,90547,41
rising,90574,90547,90574,27
sniffing,90670,90574,90670,96
rearing,90775,90670,90775,105
grooming,90776,90775,90776,1
sniffing,90804,90776,90804,28
rearing,90823,90804,90823,19
stepping,90830,90823,90830,7
sniffing,90831,90830,90831,1
climbing,90922,90831,90922,91
hunching,90926,90922,90926,4
right_turning,90941,90926,90941,15
walking,90960,90941,90960,19
sniffing,91014,90960,91014,54
walking,91062,91014,91062,48
left_turning,91104,91062,91104,42
sniffing,91174,91104,91174,70
walking,91194,91174,91194,20
rising,91234,91194,91234,40
sniffing,91235,91234,91235,1
walking,91248,91235,91248,13
sniffing,91291,91248,91291,43
rising,91312,91291,91312,21
climbing,91377,91312,91377,65
rising,91409,91377,91409,32
climbing,91444,91409,91444,35
walking,91490,91444,91490,46
left_turning,91555,91490,91555,65
rising,91582,91555,91582,27
climbing,91622,91582,91622,40
sniffing,91653,91622,91653,31
rearing,91678,91653,91678,25
sniffing,91737,91678,91737,59
stepping,91800,91737,91800,63
right_turning,91824,91800,91824,24
sniffing,91855,91824,91855,31
climbing,91933,91855,91933,78
rearing,91944,91933,91944,11
sniffing,91959,91944,91959,15
left_turning,91969,91959,91969,10
walking,91995,91969,91995,26
sniffing,91996,91995,91996,1
climbing,92006,91996,92006,10
sniffing,92119,92006,92119,113
hunching,92197,92119,92197,78
walking,92198,92197,92198,1
sniffing,92208,92198,92208,10
trotting,92241,92208,92241,33
rising,92260,92241,92260,19
climbing,92295,92260,92295,35
sniffing,92400,92295,92400,105
climbing,92431,92400,92431,31
sniffing,92442,92431,92442,11
rising,92443,92442,92443,1
sniffing,92511,92443,92511,68
walking,92518,92511,92518,7
stepping,92533,92518,92533,15
sniffing,92666,92533,92666,133
rising,92669,92666,92669,3
stepping,92674,92669,92674,5
hunching,92675,92674,92675,1
sniffing,92715,92675,92715,40
rising,92742,92715,92742,27
climbing,92783,92742,92783,41
sniffing,92875,92783,92875,92
rising,92925,92875,92925,50
hunching,92944,92925,92944,19
sniffing,92984,92944,92984,40
trotting,92996,92984,92996,12
stepping,93039,92996,93039,43
sniffing,93115,93039,93115,76
walking,93153,93115,93153,38
rising,93198,93153,93198,45
grooming,93324,93198,93324,126
sniffing,93352,93324,93352,28
grooming,93353,93352,93353,1
sniffing,93365,93353,93365,12
climbing,93393,93365,93393,28
walking,93394,93393,93394,1
sniffing,93395,93394,93395,1
rising,93398,93395,93398,3
sniffing,93432,93398,93432,34
left_turning,93464,93432,93464,32
sniffing,93556,93464,93556,92
rising,93602,93556,93602,46
sniffing,93679,93602,93679,77
left_turning,93680,93679,93680,1
walking,93690,93680,93690,10
sniffing,93691,93690,93691,1
rearing,93717,93691,93717,26
walking,93734,93717,93734,17
sniffing,93776,93734,93776,42
walking,93777,93776,93777,1
rising,93802,93777,93802,25
sniffing,93803,93802,93803,1
climbing,93875,93803,93875,72
walking,93876,93875,93876,1
left_turning,93926,93876,93926,50
sniffing,94004,93926,94004,78
pausing,94477,94004,94477,473
walking,94545,94477,94545,68
sniffing,94632,94545,94632,87
rising,94697,94632,94697,65
sniffing,94698,94697,94698,1
left_turning,94760,94698,94760,62
trotting,94777,94760,94777,17
sniffing,94868,94777,94868,91
rearing,94913,94868,94913,45
rising,94924,94913,94924,11
rearing,95007,94924,95007,83
grooming,95072,95007,95072,65
hunching,95073,95072,95073,1
trotting,95105,95073,95105,32
sniffing,95201,95105,95201,96
rearing,95311,95201,95311,110
climbing,95313,95311,95313,2
rising,95360,95313,95360,47
climbing,95431,95360,95431,71
rising,95456,95431,95456,25
climbing,95494,95456,95494,38
walking,95515,95494,95515,21
sniffing,95535,95515,95535,20
left_turning,95536,95535,95536,1
walking,95546,95536,95546,10
sniffing,95547,95546,95547,1
walking,95574,95547,95574,27
rising,95579,95574,95579,5
walking,95599,95579,95599,20
right_turning,95639,95599,95639,40
climbing,95674,95639,95674,35
sniffing,95737,95674,95737,63
climbing,95751,95737,95751,14
rearing,95827,95751,95827,76
hunching,95913,95827,95913,86
climbing,95936,95913,95936,23
rising,95937,95936,95937,1
rearing,96006,95937,96006,69
sniffing,96182,96006,96182,176
left_turning,96183,96182,96183,1
stepping,96184,96183,96184,1
sniffing,96220,96184,96220,36
left_turning,96221,96220,96221,1
sniffing,96297,96221,96297,76
rising,96348,96297,96348,51
sniffing,96349,96348,96349,1
stepping,96374,96349,96374,25
hunching,96497,96374,96497,123
walking,96522,96497,96522,25
left_turning,96544,96522,96544,22
walking,96570,96544,96570,26
trotting,96583,96570,96583,13
left_turning,96651,96583,96651,68
sniffing,96798,96651,96798,147
rearing,96820,96798,96820,22
rising,96997,96820,96997,177
sniffing,96998,96997,96998,1
rising,96999,96998,96999,1
sniffing,97008,96999,97008,9
right_turning,97016,97008,97016,8
trotting,97060,97016,97060,44
walking,97073,97060,97073,13
trotting,97116,97073,97116,43
walking,97118,97116,97118,2
stepping,97153,97118,97153,35
sniffing,97154,97153,97154,1
rising,97231,97154,97231,77
climbing,97282,97231,97282,51
sniffing,97448,97282,97448,166
rising,97466,97448,97466,18
trotting,97504,97466,97504,38
hunching,97505,97504,97505,1
sniffing,97581,97505,97581,76
rising,97591,97581,97591,10
sniffing,97703,97591,97703,112
climbing,97727,97703,97727,24
rearing,97728,97727,97728,1
sniffing,97780,97728,97780,52
climbing,97781,97780,97781,1
left_turning,97842,97781,97842,61
walking,97843,97842,97843,1
left_turning,97908,97843,97908,65
sniffing,97942,97908,97942,34
walking,97957,97942,97957,15
rising,97971,97957,97971,14
climbing,97984,97971,97984,13
sniffing,98042,97984,98042,58
rising,98060,98042,98060,18
climbing,98069,98060,98069,9
rearing,98125,98069,98125,56
rising,98160,98125,98160,35
left_turning,98161,98160,98161,1
trotting,98180,98161,98180,19
sniffing,98233,98180,98233,53
left_turning,98234,98233,98234,1
sniffing,98269,98234,98269,35
rising,98282,98269,98282,13
sniffing,98367,98282,98367,85
trotting,98393,98367,98393,26
rising,98398,98393,98398,5
walking,98468,98398,98468,70
sniffing,98515,98468,98515,47
rearing,98542,98515,98542,27
rising,98552,98542,98552,10
walking,98558,98552,98558,6
stepping,98601,98558,98601,43
sniffing,98638,98601,98638,37
climbing,98682,98638,98682,44
sniffing,98693,98682,98693,11
climbing,98774,98693,98774,81
sniffing,98839,98774,98839,65
left_turning,98840,98839,98840,1
stepping,98896,98840,98896,56
walking,98903,98896,98903,7
climbing,98942,98903,98942,39
grooming,99198,98942,99198,256
rearing,99229,99198,99229,31
sniffing,99311,99229,99311,82
rising,99352,99311,99352,41
sniffing,99353,99352,99353,1
stepping,99425,99353,99425,72
trotting,99442,99425,99442,17
sniffing,99443,99442,99443,1
rising,99478,99443,99478,35
sniffing,99611,99478,99611,133
rearing,99612,99611,99612,1
grooming,99613,99612,99613,1
walking,99614,99613,99614,1
sniffing,99615,99614,99615,1
pausing,99616,99615,99616,1
sniffing,99617,99616,99617,1
rearing,99618,99617,99618,1
grooming,100063,99618,100063,445
left_turning,100092,100063,100092,29
sniffing,100195,100092,100195,103
grooming,100196,100195,100196,1
sniffing,100197,100196,100197,1
rearing,100289,100197,100289,92
rising,100322,100289,100322,33
climbing,100323,100322,100323,1
walking,100326,100323,100326,3
rising,100356,100326,100356,30
left_turning,100357,100356,100357,1
trotting,100358,100357,100358,1
sniffing,100359,100358,100359,1
left_turning,100376,100359,100376,17
sniffing,100434,100376,100434,58
rising,100435,100434,100435,1
rearing,100451,100435,100451,16
sniffing,100452,100451,100452,1
climbing,100455,100452,100455,3
running,100473,100455,100473,18
walking,100510,100473,100510,37
stepping,100511,100510,100511,1
sniffing,100573,100511,100573,62
rising,100609,100573,100609,36
sniffing,100614,100609,100614,5
rearing,100620,100614,100620,6
sniffing,100621,100620,100621,1
stepping,100656,100621,100656,35
hunching,100657,100656,100657,1
grooming,100658,100657,100658,1
sniffing,100688,100658,100688,30
right_turning,100695,100688,100695,7
walking,100719,100695,100719,24
left_turning,100724,100719,100724,5
walking,100849,100724,100849,125
sniffing,100866,100849,100866,17
rising,100889,100866,100889,23
climbing,100890,100889,100890,1
walking,100912,100890,100912,22
sniffing,101039,100912,101039,127
left_turning,101090,101039,101090,51
sniffing,101209,101090,101209,119
rearing,101441,101209,101441,232
rising,101504,101441,101504,63
sniffing,101555,101504,101555,51
rising,101557,101555,101557,2
climbing,101584,101557,101584,27
hunching,101634,101584,101634,50
grooming,101737,101634,101737,103
rearing,101909,101737,101909,172
grooming,102106,101909,102106,197
sniffing,102145,102106,102145,39
rising,102225,102145,102225,80
sniffing,102240,102225,102240,15
rising,102262,102240,102262,22
right_turning,102292,102262,102292,30
walking,102293,102292,102293,1
hunching,102552,102293,102552,259
rearing,102553,102552,102553,1
hunching,102554,102553,102554,1
grooming,102796,102554,102796,242
sniffing,102830,102796,102830,34
climbing,102831,102830,102831,1
left_turning,102882,102831,102882,51
stepping,102915,102882,102915,33
walking,102943,102915,102943,28
sniffing,103001,102943,103001,58
hunching,103002,103001,103002,1
right_turning,103003,103002,103003,1
rising,103388,103003,103388,385
grooming,103723,103388,103723,335
climbing,103841,103723,103841,118
sniffing,103908,103841,103908,67
walking,103909,103908,103909,1
sniffing,103931,103909,103931,22
rising,103932,103931,103932,1
climbing,104021,103932,104021,89
sniffing,104027,104021,104027,6
rising,104028,104027,104028,1
climbing,104108,104028,104108,80
sniffing,104135,104108,104135,27
walking,104166,104135,104166,31
sniffing,104259,104166,104259,93
stepping,104273,104259,104273,14
walking,104302,104273,104302,29
climbing,104373,104302,104373,71
grooming,104483,104373,104483,110
sniffing,104491,104483,104491,8
walking,104492,104491,104492,1
left_turning,104532,104492,104532,40
sniffing,104533,104532,104533,1
hunching,104567,104533,104567,34
sniffing,104584,104567,104584,17
stepping,104610,104584,104610,26
sniffing,104662,104610,104662,52
rearing,104670,104662,104670,8
climbing,104701,104670,104701,31
hunching,104878,104701,104878,177
grooming,104879,104878,104879,1
walking,104902,104879,104902,23
rising,104903,104902,104903,1
climbing,104904,104903,104904,1
rearing,105012,104904,105012,108
left_turning,105074,105012,105074,62
sniffing,105154,105074,105154,80
walking,105157,105154,105157,3
trotting,105182,105157,105182,25
stepping,105183,105182,105183,1
sniffing,105184,105183,105184,1
walking,105185,105184,105185,1
trotting,105211,105185,105211,26
climbing,105277,105211,105277,66
rising,105293,105277,105293,16
grooming,105294,105293,105294,1
hunching,105524,105294,105524,230
climbing,105588,105524,105588,64
rising,105589,105588,105589,1
trotting,105633,105589,105633,44
sniffing,105738,105633,105738,105
walking,105761,105738,105761,23
sniffing,105904,105761,105904,143
walking,105924,105904,105924,20
sniffing,106048,105924,106048,124
climbing,106102,106048,106102,54
walking,106103,106102,106103,1
sniffing,106115,106103,106115,12
hunching,106226,106115,106226,111
sniffing,106340,106226,106340,114
trotting,106345,106340,106345,5
sniffing,106483,106345,106483,138
trotting,106498,106483,106498,15
sniffing,106541,106498,106541,43
rising,106543,106541,106543,2
climbing,106584,106543,106584,41
rising,106615,106584,106615,31
rearing,106616,106615,106616,1
grooming,106632,106616,106632,16
sniffing,106734,106632,106734,102
walking,106775,106734,106775,41
trotting,106794,106775,106794,19
running,106816,106794,106816,22
right_turning,106855,106816,106855,39
sniffing,106909,106855,106909,54
pausing,106910,106909,106910,1
climbing,106947,106910,106947,37
rising,106948,106947,106948,1
sniffing,106951,106948,106951,3
rising,106956,106951,106956,5
sniffing,106978,106956,106978,22
left_turning,107018,106978,107018,40
rising,107019,107018,107019,1
sniffing,107035,107019,107035,16
hunching,107067,107035,107067,32
rearing,107183,107067,107183,116
left_turning,107184,107183,107184,1
walking,107219,107184,107219,35
rising,107220,107219,107220,1
trotting,107255,107220,107255,35
sniffing,107256,107255,107256,1
stepping,107289,107256,107289,33
rising,107290,107289,107290,1
sniffing,107321,107290,107321,31
right_turning,107363,107321,107363,42
walking,107397,107363,107397,34
running,107436,107397,107436,39
walking,107500,107436,107500,64
sniffing,107568,107500,107568,68
rising,107643,107568,107643,75
sniffing,107644,107643,107644,1
rising,107683,107644,107683,39
rearing,107871,107683,107871,188
grooming,108000,107871,108000,129
