revised_movement_label,segBoundary,segBoundary_start,segBoundary_end,length
sniffing,127,0,127,127
trotting,149,127,149,22
walking,192,149,192,43
sniffing,193,192,193,1
trotting,211,193,211,18
sniffing,221,211,221,10
climbing,263,221,263,42
grooming,551,263,551,288
sniffing,636,551,636,85
climbing,683,636,683,47
walking,735,683,735,52
climbing,771,735,771,36
right_turning,778,771,778,7
walking,797,778,797,19
sniffing,854,797,854,57
trotting,897,854,897,43
running,961,897,961,64
walking,1003,961,1003,42
sniffing,1012,1003,1012,9
left_turning,1013,1012,1013,1
walking,1020,1013,1020,7
stepping,1054,1020,1054,34
walking,1116,1054,1116,62
sniffing,1194,1116,1194,78
left_turning,1235,1194,1235,41
walking,1253,1235,1253,18
sniffing,1275,1253,1275,22
rising,1326,1275,1326,51
right_turning,1354,1326,1354,28
climbing,1371,1354,1371,17
left_turning,1372,1371,1372,1
walking,1447,1372,1447,75
climbing,1498,1447,1498,51
trotting,1499,1498,1499,1
sniffing,1556,1499,1556,57
left_turning,1594,1556,1594,38
walking,1645,1594,1645,51
climbing,1683,1645,1683,38
right_turning,1711,1683,1711,28
sniffing,1746,1711,1746,35
walking,1788,1746,1788,42
sniffing,1833,1788,1833,45
walking,1845,1833,1845,12
climbing,1886,1845,1886,41
rising,1920,1886,1920,34
trotting,1944,1920,1944,24
sniffing,2035,1944,2035,91
climbing,2053,2035,2053,18
rising,2123,2053,2123,70
trotting,2145,2123,2145,22
sniffing,2146,2145,2146,1
climbing,2198,2146,2198,52
left_turning,2207,2198,2207,9
rising,2238,2207,2238,31
walking,2306,2238,2306,68
left_turning,2308,2306,2308,2
sniffing,2397,2308,2397,89
climbing,2450,2397,2450,53
rising,2451,2450,2451,1
walking,2487,2451,2487,36
right_turning,2515,2487,2515,28
walking,2555,2515,2555,40
trotting,2587,2555,2587,32
sniffing,2633,2587,2633,46
stepping,2661,2633,2661,28
walking,2693,2661,2693,32
rising,2694,2693,2694,1
sniffing,2731,2694,2731,37
climbing,2782,2731,2782,51
sniffing,2854,2782,2854,72
trotting,2859,2854,2859,5
walking,2927,2859,2927,68
trotting,2928,2927,2928,1
rising,2941,2928,2941,13
left_turning,2979,2941,2979,38
sniffing,3020,2979,3020,41
climbing,3039,3020,3039,19
rising,3040,3039,3040,1
climbing,3087,3040,3087,47
sniffing,3104,3087,3104,17
walking,3163,3104,3163,59
climbing,3188,3163,3188,25
sniffing,3242,3188,3242,54
climbing,3292,3242,3292,50
trotting,3293,3292,3293,1
rising,3343,3293,3343,50
sniffing,3396,3343,3396,53
rising,3478,3396,3478,82
climbing,3515,3478,3515,37
walking,3551,3515,3551,36
climbing,3591,3551,3591,40
sniffing,3623,3591,3623,32
rising,3647,3623,3647,24
climbing,3694,3647,3694,47
rising,3774,3694,3774,80
climbing,3799,3774,3799,25
left_turning,3816,3799,3816,17
sniffing,3821,3816,3821,5
climbing,3862,3821,3862,41
rising,3863,3862,3863,1
climbing,3921,3863,3921,58
left_turning,3922,3921,3922,1
walking,3923,3922,3923,1
sniffing,3924,3923,3924,1
rising,4270,3924,4270,346
stepping,4289,4270,4289,19
climbing,4363,4289,4363,74
trotting,4382,4363,4382,19
walking,4396,4382,4396,14
rising,4415,4396,4415,19
climbing,4464,4415,4464,49
walking,4499,4464,4499,35
climbing,4536,4499,4536,37
walking,4560,4536,4560,24
right_turning,4564,4560,4564,4
walking,4627,4564,4627,63
sniffing,4638,4627,4638,11
walking,4657,4638,4657,19
climbing,4689,4657,4689,32
walking,4690,4689,4690,1
climbing,4727,4690,4727,37
hunching,4797,4727,4797,70
walking,4809,4797,4809,12
sniffing,4821,4809,4821,12
left_turning,4826,4821,4826,5
sniffing,4917,4826,4917,91
right_turning,4918,4917,4918,1
trotting,4923,4918,4923,5
walking,4938,4923,4938,15
sniffing,4976,4938,4976,38
running,4987,4976,4987,11
sniffing,4993,4987,4993,6
climbing,5032,4993,5032,39
sniffing,5055,5032,5055,23
rising,5056,5055,5056,1
sniffing,5113,5056,5113,57
left_turning,5233,5113,5233,120
sniffing,5294,5233,5294,61
rising,5325,5294,5325,31
sniffing,5525,5325,5525,200
rearing,5672,5525,5672,147
sniffing,5721,5672,5721,49
rising,5820,5721,5820,99
stepping,5821,5820,5821,1
walking,5822,5821,5822,1
left_turning,5848,5822,5848,26
sniffing,5905,5848,5905,57
rising,5931,5905,5931,26
sniffing,6001,5931,6001,70
walking,6016,6001,6016,15
rising,6020,6016,6020,4
sniffing,6021,6020,6021,1
climbing,6048,6021,6048,27
running,6056,6048,6056,8
trotting,6105,6056,6105,49
stepping,6121,6105,6121,16
walking,6134,6121,6134,13
rising,6159,6134,6159,25
left_turning,6206,6159,6206,47
sniffing,6207,6206,6207,1
walking,6256,6207,6256,49
left_turning,6319,6256,6319,63
walking,6352,6319,6352,33
climbing,6408,6352,6408,56
rising,6419,6408,6419,11
walking,6445,6419,6445,26
trotting,6452,6445,6452,7
walking,6548,6452,6548,96
climbing,6599,6548,6599,51
sniffing,6645,6599,6645,46
rising,6766,6645,6766,121
trotting,6794,6766,6794,28
rising,6875,6794,6875,81
rearing,6906,6875,6906,31
climbing,6963,6906,6963,57
running,6986,6963,6986,23
sniffing,7110,6986,7110,124
left_turning,7133,7110,7133,23
sniffing,7134,7133,7134,1
left_turning,7181,7134,7181,47
trotting,7214,7181,7214,33
walking,7215,7214,7215,1
rising,7216,7215,7216,1
stepping,7290,7216,7290,74
left_turning,7350,7290,7350,60
walking,7365,7350,7365,15
sniffing,7366,7365,7366,1
walking,7421,7366,7421,55
sniffing,7476,7421,7476,55
climbing,7533,7476,7533,57
sniffing,7543,7533,7543,10
climbing,7566,7543,7566,23
sniffing,7567,7566,7567,1
climbing,7623,7567,7623,56
rising,7650,7623,7650,27
walking,7671,7650,7671,21
rising,7701,7671,7701,30
sniffing,7702,7701,7702,1
walking,7768,7702,7768,66
climbing,7807,7768,7807,39
sniffing,7836,7807,7836,29
climbing,7861,7836,7861,25
sniffing,7873,7861,7873,12
climbing,7910,7873,7910,37
right_turning,7926,7910,7926,16
trotting,7962,7926,7962,36
sniffing,7986,7962,7986,24
walking,7987,7986,7987,1
sniffing,8006,7987,8006,19
climbing,8060,8006,8060,54
sniffing,8121,8060,8121,61
right_turning,8124,8121,8124,3
sniffing,8125,8124,8125,1
trotting,8158,8125,8158,33
walking,8198,8158,8198,40
stepping,8216,8198,8216,18
walking,8286,8216,8286,70
sniffing,8336,8286,8336,50
left_turning,8390,8336,8390,54
trotting,8416,8390,8416,26
left_turning,8440,8416,8440,24
walking,8467,8440,8467,27
sniffing,8553,8467,8553,86
walking,8621,8553,8621,68
climbing,8681,8621,8681,60
sniffing,8696,8681,8696,15
stepping,8742,8696,8742,46
climbing,8771,8742,8771,29
stepping,8781,8771,8781,10
left_turning,8866,8781,8866,85
sniffing,8924,8866,8924,58
walking,8925,8924,8925,1
trotting,8942,8925,8942,17
walking,8975,8942,8975,33
sniffing,9016,8975,9016,41
left_turning,9017,9016,9017,1
trotting,9039,9017,9039,22
walking,9067,9039,9067,28
sniffing,9107,9067,9107,40
running,9146,9107,9146,39
rising,9156,9146,9156,10
walking,9233,9156,9233,77
sniffing,9274,9233,9274,41
climbing,9334,9274,9334,60
sniffing,9335,9334,9335,1
stepping,9336,9335,9336,1
right_turning,9370,9336,9370,34
walking,9422,9370,9422,52
sniffing,9486,9422,9486,64
walking,9507,9486,9507,21
sniffing,9558,9507,9558,51
walking,9649,9558,9649,91
rising,9676,9649,9676,27
left_turning,9723,9676,9723,47
sniffing,9779,9723,9779,56
walking,9791,9779,9791,12
climbing,9837,9791,9837,46
rearing,9938,9837,9938,101
trotting,9963,9938,9963,25
rising,9964,9963,9964,1
sniffing,10036,9964,10036,72
trotting,10097,10036,10097,61
walking,10098,10097,10098,1
climbing,10147,10098,10147,49
left_turning,10157,10147,10157,10
sniffing,10175,10157,10175,18
rising,10200,10175,10200,25
sniffing,10201,10200,10201,1
walking,10244,10201,10244,43
rising,10273,10244,10273,29
climbing,10312,10273,10312,39
sniffing,10385,10312,10385,73
rising,10406,10385,10406,21
climbing,10455,10406,10455,49
rising,10456,10455,10456,1
climbing,10507,10456,10507,51
grooming,10737,10507,10737,230
trotting,10802,10737,10802,65
sniffing,10874,10802,10874,72
left_turning,10880,10874,10880,6
sniffing,10937,10880,10937,57
right_turning,10950,10937,10950,13
sniffing,11034,10950,11034,84
hunching,11035,11034,11035,1
grooming,11341,11035,11341,306
sniffing,11361,11341,11361,20
left_turning,11404,11361,11404,43
trotting,11411,11404,11411,7
walking,11416,11411,11416,5
climbing,11435,11416,11435,19
rearing,11463,11435,11463,28
rising,11535,11463,11535,72
left_turning,11572,11535,11572,37
sniffing,11573,11572,11573,1
walking,11579,11573,11579,6
stepping,11606,11579,11606,27
sniffing,11708,11606,11708,102
climbing,11753,11708,11753,45
left_turning,11834,11753,11834,81
right_turning,11847,11834,11847,13
walking,11894,11847,11894,47
sniffing,11899,11894,11899,5
walking,11913,11899,11913,14
rising,11914,11913,11914,1
right_turning,11932,11914,11932,18
left_turning,11973,11932,11973,41
walking,12015,11973,12015,42
sniffing,12055,12015,12055,40
walking,12105,12055,12105,50
sniffing,12188,12105,12188,83
rising,12275,12188,12275,87
rearing,12340,12275,12340,65
rising,12391,12340,12391,51
climbing,12423,12391,12423,32
running,12430,12423,12430,7
stepping,12468,12430,12468,38
trotting,12501,12468,12501,33
left_turning,12534,12501,12534,33
walking,12585,12534,12585,51
trotting,12591,12585,12591,6
stepping,12644,12591,12644,53
right_turning,12645,12644,12645,1
left_turning,12646,12645,12646,1
sniffing,12706,12646,12706,60
stepping,12731,12706,12731,25
rising,12793,12731,12793,62
right_turning,12835,12793,12835,42
walking,12836,12835,12836,1
climbing,12880,12836,12880,44
rising,12934,12880,12934,54
trotting,12954,12934,12954,20
sniffing,12977,12954,12977,23
climbing,12999,12977,12999,22
sniffing,13032,12999,13032,33
climbing,13058,13032,13058,26
rising,13101,13058,13101,43
sniffing,13113,13101,13113,12
hunching,13182,13113,13182,69
climbing,13242,13182,13242,60
sniffing,13243,13242,13243,1
right_turning,13244,13243,13244,1
walking,13275,13244,13275,31
left_turning,13309,13275,13309,34
sniffing,13331,13309,13331,22
walking,13343,13331,13343,12
left_turning,13456,13343,13456,113
rising,13503,13456,13503,47
climbing,13536,13503,13536,33
sniffing,13668,13536,13668,132
rearing,13762,13668,13762,94
rising,13827,13762,13827,65
climbing,13905,13827,13905,78
sniffing,13906,13905,13906,1
walking,13912,13906,13912,6
trotting,13972,13912,13972,60
rising,13981,13972,13981,9
sniffing,14030,13981,14030,49
rising,14255,14030,14255,225
sniffing,14278,14255,14278,23
climbing,14295,14278,14295,17
rising,14296,14295,14296,1
sniffing,14343,14296,14343,47
rearing,14516,14343,14516,173
left_turning,14517,14516,14517,1
trotting,14518,14517,14518,1
walking,14594,14518,14594,76
right_turning,14595,14594,14595,1
walking,14655,14595,14655,60
sniffing,14709,14655,14709,54
climbing,14758,14709,14758,49
walking,14775,14758,14775,17
sniffing,14830,14775,14830,55
stepping,14850,14830,14850,20
climbing,14853,14850,14853,3
rising,14927,14853,14927,74
rearing,15018,14927,15018,91
hunching,15135,15018,15135,117
sniffing,15248,15135,15248,113
walking,15296,15248,15296,48
climbing,15307,15296,15307,11
rising,15363,15307,15363,56
walking,15387,15363,15387,24
trotting,15466,15387,15466,79
stepping,15470,15466,15470,4
sniffing,15484,15470,15484,14
hunching,15612,15484,15612,128
trotting,15630,15612,15630,18
sniffing,15690,15630,15690,60
walking,15691,15690,15691,1
sniffing,15747,15691,15747,56
walking,15805,15747,15805,58
right_turning,15812,15805,15812,7
sniffing,15922,15812,15922,110
climbing,15977,15922,15977,55
sniffing,16038,15977,16038,61
climbing,16075,16038,16075,37
right_turning,16076,16075,16076,1
hunching,16182,16076,16182,106
sniffing,16287,16182,16287,105
left_turning,16322,16287,16322,35
sniffing,16352,16322,16352,30
running,16382,16352,16382,30
sniffing,16441,16382,16441,59
right_turning,16458,16441,16458,17
trotting,16492,16458,16492,34
sniffing,16509,16492,16509,17
rising,16531,16509,16531,22
climbing,16613,16531,16613,82
left_turning,16614,16613,16614,1
sniffing,16656,16614,16656,42
stepping,16700,16656,16700,44
left_turning,16706,16700,16706,6
rising,16754,16706,16754,48
climbing,16788,16754,16788,34
running,16815,16788,16815,27
sniffing,16832,16815,16832,17
hunching,16855,16832,16855,23
walking,16884,16855,16884,29
sniffing,16923,16884,16923,39
climbing,16949,16923,16949,26
sniffing,17066,16949,17066,117
hunching,17137,17066,17137,71
trotting,17138,17137,17138,1
climbing,17187,17138,17187,49
walking,17240,17187,17240,53
rising,17276,17240,17276,36
walking,17296,17276,17296,20
sniffing,17361,17296,17361,65
running,17380,17361,17380,19
sniffing,17382,17380,17382,2
climbing,17428,17382,17428,46
left_turning,17485,17428,17485,57
sniffing,17623,17485,17623,138
left_turning,17653,17623,17653,30
rising,17679,17653,17679,26
left_turning,17680,17679,17680,1
trotting,17717,17680,17717,37
right_turning,17742,17717,17742,25
walking,17746,17742,17746,4
climbing,17809,17746,17809,63
sniffing,17869,17809,17869,60
climbing,17910,17869,17910,41
trotting,17961,17910,17961,51
sniffing,17978,17961,17978,17
rising,18044,17978,18044,66
walking,18053,18044,18053,9
left_turning,18111,18053,18111,58
walking,18152,18111,18152,41
sniffing,18153,18152,18153,1
walking,18184,18153,18184,31
climbing,18199,18184,18199,15
sniffing,18284,18199,18284,85
climbing,18343,18284,18343,59
walking,18375,18343,18375,32
climbing,18434,18375,18434,59
sniffing,18435,18434,18435,1
left_turning,18511,18435,18511,76
sniffing,18564,18511,18564,53
climbing,18640,18564,18640,76
right_turning,18642,18640,18642,2
trotting,18669,18642,18669,27
rising,18718,18669,18718,49
running,18733,18718,18733,15
walking,18755,18733,18755,22
rising,18788,18755,18788,33
climbing,18815,18788,18815,27
rearing,18820,18815,18820,5
grooming,18821,18820,18821,1
right_turning,18833,18821,18833,12
sniffing,18935,18833,18935,102
left_turning,18962,18935,18962,27
sniffing,19059,18962,19059,97
left_turning,19071,19059,19071,12
rising,19140,19071,19140,69
climbing,19161,19140,19161,21
hunching,19218,19161,19218,57
rearing,19219,19218,19219,1
sniffing,19287,19219,19287,68
climbing,19373,19287,19373,86
rising,19387,19373,19387,14
rearing,19473,19387,19473,86
right_turning,19487,19473,19487,14
walking,19488,19487,19488,1
climbing,19541,19488,19541,53
sniffing,19606,19541,19606,65
rearing,19732,19606,19732,126
rising,19760,19732,19760,28
sniffing,19835,19760,19835,75
left_turning,19863,19835,19863,28
walking,19913,19863,19913,50
sniffing,19980,19913,19980,67
pausing,19981,19980,19981,1
sniffing,20030,19981,20030,49
running,20049,20030,20049,19
sniffing,20164,20049,20164,115
grooming,20455,20164,20455,291
rearing,20529,20455,20529,74
grooming,20711,20529,20711,182
rising,20804,20711,20804,93
sniffing,20816,20804,20816,12
trotting,20831,20816,20831,15
walking,20836,20831,20836,5
sniffing,20920,20836,20920,84
left_turning,20921,20920,20921,1
sniffing,20989,20921,20989,68
hunching,21011,20989,21011,22
walking,21017,21011,21017,6
sniffing,21084,21017,21084,67
running,21148,21084,21148,64
walking,21149,21148,21149,1
stepping,21227,21149,21227,78
sniffing,21285,21227,21285,58
rearing,21397,21285,21397,112
stepping,21432,21397,21432,35
sniffing,21518,21432,21518,86
walking,21559,21518,21559,41
sniffing,21625,21559,21625,66
walking,21626,21625,21626,1
sniffing,21690,21626,21690,64
walking,21726,21690,21726,36
left_turning,21727,21726,21727,1
sniffing,21786,21727,21786,59
walking,21821,21786,21821,35
climbing,21899,21821,21899,78
walking,21960,21899,21960,61
sniffing,21961,21960,21961,1
stepping,22034,21961,22034,73
rising,22121,22034,22121,87
sniffing,22135,22121,22135,14
rising,22139,22135,22139,4
sniffing,22160,22139,22160,21
trotting,22192,22160,22192,32
sniffing,22211,22192,22211,19
trotting,22235,22211,22235,24
sniffing,22252,22235,22252,17
walking,22335,22252,22335,83
sniffing,22404,22335,22404,69
left_turning,22418,22404,22418,14
sniffing,22603,22418,22603,185
right_turning,22621,22603,22621,18
stepping,22679,22621,22679,58
running,22698,22679,22698,19
sniffing,22824,22698,22824,126
rising,22825,22824,22825,1
walking,22831,22825,22831,6
right_turning,22836,22831,22836,5
walking,22916,22836,22916,80
sniffing,22993,22916,22993,77
stepping,22994,22993,22994,1
sniffing,23010,22994,23010,16
rising,23011,23010,23011,1
climbing,23076,23011,23076,65
rising,23109,23076,23109,33
hunching,23159,23109,23159,50
climbing,23215,23159,23215,56
rearing,23268,23215,23268,53
sniffing,23288,23268,23288,20
climbing,23339,23288,23339,51
sniffing,23358,23339,23358,19
walking,23407,23358,23407,49
sniffing,23495,23407,23495,88
right_turning,23501,23495,23501,6
sniffing,23588,23501,23588,87
climbing,23606,23588,23606,18
sniffing,23607,23606,23607,1
left_turning,23654,23607,23654,47
stepping,23729,23654,23729,75
sniffing,23776,23729,23776,47
right_turning,23836,23776,23836,60
rising,23868,23836,23868,32
rearing,23971,23868,23971,103
sniffing,24003,23971,24003,32
rising,24021,24003,24021,18
left_turning,24064,24021,24064,43
sniffing,24103,24064,24103,39
trotting,24132,24103,24132,29
sniffing,24253,24132,24253,121
left_turning,24267,24253,24267,14
stepping,24325,24267,24325,58
sniffing,24337,24325,24337,12
right_turning,24360,24337,24360,23
walking,24412,24360,24412,52
sniffing,24475,24412,24475,63
climbing,24476,24475,24476,1
walking,24518,24476,24518,42
sniffing,24586,24518,24586,68
rising,24589,24586,24589,3
climbing,24648,24589,24648,59
rearing,24649,24648,24649,1
walking,24681,24649,24681,32
sniffing,24742,24681,24742,61
climbing,24814,24742,24814,72
grooming,24821,24814,24821,7
rising,24822,24821,24822,1
climbing,24877,24822,24877,55
sniffing,24882,24877,24882,5
rising,24910,24882,24910,28
sniffing,24931,24910,24931,21
hunching,25011,24931,25011,80
climbing,25021,25011,25021,10
stepping,25058,25021,25058,37
rising,25066,25058,25066,8
climbing,25111,25066,25111,45
walking,25113,25111,25113,2
sniffing,25215,25113,25215,102
rising,25216,25215,25216,1
sniffing,25233,25216,25233,17
climbing,25286,25233,25286,53
walking,25295,25286,25295,9
rising,25336,25295,25336,41
sniffing,25375,25336,25375,39
climbing,25418,25375,25418,43
rearing,25532,25418,25532,114
grooming,25533,25532,25533,1
sniffing,25610,25533,25610,77
hunching,25623,25610,25623,13
grooming,26212,25623,26212,589
walking,26219,26212,26219,7
rising,26220,26219,26220,1
sniffing,26245,26220,26245,25
rearing,26446,26245,26446,201
rising,26529,26446,26529,83
left_turning,26530,26529,26530,1
sniffing,26531,26530,26531,1
right_turning,26594,26531,26594,63
walking,26617,26594,26617,23
climbing,26635,26617,26635,18
left_turning,26690,26635,26690,55
walking,26712,26690,26712,22
sniffing,26806,26712,26806,94
rearing,26988,26806,26988,182
sniffing,26989,26988,26989,1
hunching,27125,26989,27125,136
rearing,27187,27125,27187,62
climbing,27224,27187,27224,37
trotting,27226,27224,27226,2
sniffing,27327,27226,27327,101
rising,27328,27327,27328,1
rearing,27376,27328,27376,48
grooming,27377,27376,27377,1
rising,27378,27377,27378,1
climbing,27401,27378,27401,23
walking,27444,27401,27444,43
sniffing,27521,27444,27521,77
climbing,27545,27521,27545,24
right_turning,27546,27545,27546,1
walking,27655,27546,27655,109
left_turning,27656,27655,27656,1
walking,27659,27656,27659,3
left_turning,27660,27659,27660,1
running,27693,27660,27693,33
stepping,27732,27693,27732,39
sniffing,27737,27732,27737,5
climbing,27804,27737,27804,67
rising,27854,27804,27854,50
stepping,27892,27854,27892,38
trotting,27909,27892,27909,17
sniffing,27944,27909,27944,35
stepping,27971,27944,27971,27
sniffing,28050,27971,28050,79
rearing,28145,28050,28145,95
rising,28167,28145,28167,22
sniffing,28186,28167,28186,19
walking,28228,28186,28228,42
sniffing,28322,28228,28322,94
climbing,28333,28322,28333,11
sniffing,28334,28333,28334,1
walking,28387,28334,28387,53
sniffing,28471,28387,28471,84
left_turning,28472,28471,28472,1
trotting,28506,28472,28506,34
hunching,28632,28506,28632,126
rearing,28633,28632,28633,1
climbing,28698,28633,28698,65
right_turning,28716,28698,28716,18
sniffing,28717,28716,28717,1
trotting,28731,28717,28731,14
walking,28734,28731,28734,3
sniffing,28769,28734,28769,35
rising,28770,28769,28770,1
sniffing,28859,28770,28859,89
climbing,28860,28859,28860,1
rearing,28924,28860,28924,64
sniffing,28955,28924,28955,31
trotting,28972,28955,28972,17
walking,29025,28972,29025,53
sniffing,29034,29025,29034,9
trotting,29087,29034,29087,53
jumping,29140,29087,29140,53
rising,29148,29140,29148,8
jumping,29186,29148,29186,38
rearing,29265,29186,29265,79
climbing,29276,29265,29276,11
rearing,29375,29276,29375,99
sniffing,29393,29375,29393,18
walking,29430,29393,29430,37
sniffing,29431,29430,29431,1
left_turning,29432,29431,29432,1
rising,29433,29432,29433,1
sniffing,29457,29433,29457,24
rising,29458,29457,29458,1
climbing,29519,29458,29519,61
rising,29520,29519,29520,1
sniffing,29590,29520,29590,70
left_turning,29621,29590,29621,31
walking,29646,29621,29646,25
sniffing,29726,29646,29726,80
climbing,29782,29726,29782,56
walking,29819,29782,29819,37
sniffing,29830,29819,29830,11
left_turning,29886,29830,29886,56
sniffing,29887,29886,29887,1
left_turning,29888,29887,29888,1
sniffing,29889,29888,29889,1
rising,29944,29889,29944,55
trotting,29949,29944,29949,5
running,29961,29949,29961,12
climbing,30058,29961,30058,97
rearing,30160,30058,30160,102
rising,30207,30160,30207,47
right_turning,30236,30207,30236,29
running,30246,30236,30246,10
sniffing,30289,30246,30289,43
rising,30387,30289,30387,98
walking,30401,30387,30401,14
sniffing,30423,30401,30423,22
walking,30463,30423,30463,40
sniffing,30478,30463,30478,15
stepping,30501,30478,30501,23
walking,30502,30501,30502,1
sniffing,30596,30502,30596,94
walking,30620,30596,30620,24
left_turning,30621,30620,30621,1
walking,30632,30621,30632,11
sniffing,30650,30632,30650,18
rising,30744,30650,30744,94
sniffing,30745,30744,30745,1
left_turning,30818,30745,30818,73
sniffing,30917,30818,30917,99
right_turning,30927,30917,30927,10
walking,30991,30927,30991,64
sniffing,31026,30991,31026,35
trotting,31047,31026,31047,21
sniffing,31111,31047,31111,64
rising,31112,31111,31112,1
climbing,31167,31112,31167,55
sniffing,31213,31167,31213,46
right_turning,31214,31213,31214,1
trotting,31230,31214,31230,16
rising,31245,31230,31245,15
rearing,31276,31245,31276,31
right_turning,31301,31276,31301,25
walking,31313,31301,31313,12
sniffing,31335,31313,31335,22
rising,31390,31335,31390,55
sniffing,31391,31390,31391,1
walking,31392,31391,31392,1
left_turning,31414,31392,31414,22
sniffing,31427,31414,31427,13
walking,31467,31427,31467,40
left_turning,31508,31467,31508,41
walking,31525,31508,31525,17
stepping,31533,31525,31533,8
sniffing,31534,31533,31534,1
walking,31545,31534,31545,11
sniffing,31583,31545,31583,38
climbing,31594,31583,31594,11
rising,31599,31594,31599,5
sniffing,31631,31599,31631,32
left_turning,31641,31631,31641,10
rising,31644,31641,31644,3
stepping,31673,31644,31673,29
sniffing,31745,31673,31745,72
walking,31775,31745,31775,30
sniffing,31776,31775,31776,1
rising,31777,31776,31777,1
sniffing,31951,31777,31951,174
rising,31993,31951,31993,42
trotting,32014,31993,32014,21
sniffing,32069,32014,32069,55
right_turning,32095,32069,32095,26
stepping,32107,32095,32107,12
sniffing,32108,32107,32108,1
walking,32130,32108,32130,22
rising,32131,32130,32131,1
sniffing,32148,32131,32148,17
climbing,32184,32148,32184,36
rearing,32287,32184,32287,103
grooming,32300,32287,32300,13
right_turning,32301,32300,32301,1
stepping,32302,32301,32302,1
climbing,32382,32302,32382,80
rising,32416,32382,32416,34
climbing,32456,32416,32456,40
sniffing,32457,32456,32457,1
climbing,32533,32457,32533,76
trotting,32571,32533,32571,38
sniffing,32572,32571,32572,1
rising,32617,32572,32617,45
sniffing,32649,32617,32649,32
grooming,32650,32649,32650,1
rearing,32697,32650,32697,47
hunching,32780,32697,32780,83
climbing,32788,32780,32788,8
trotting,32789,32788,32789,1
walking,32801,32789,32801,12
rising,32867,32801,32867,66
left_turning,32897,32867,32897,30
walking,32908,32897,32908,11
sniffing,32988,32908,32988,80
climbing,33020,32988,33020,32
trotting,33062,33020,33062,42
rising,33106,33062,33106,44
sniffing,33159,33106,33159,53
stepping,33194,33159,33194,35
sniffing,33248,33194,33248,54
rearing,33443,33248,33443,195
grooming,33717,33443,33717,274
left_turning,33737,33717,33737,20
sniffing,33775,33737,33775,38
rising,33776,33775,33776,1
walking,33825,33776,33825,49
climbing,33891,33825,33891,66
sniffing,33892,33891,33892,1
climbing,33952,33892,33952,60
trotting,33971,33952,33971,19
stepping,34005,33971,34005,34
walking,34056,34005,34056,51
climbing,34093,34056,34093,37
walking,34123,34093,34123,30
sniffing,34124,34123,34124,1
right_turning,34150,34124,34150,26
sniffing,34213,34150,34213,63
rising,34234,34213,34234,21
grooming,34235,34234,34235,1
sniffing,34357,34235,34357,122
left_turning,34358,34357,34358,1
walking,34397,34358,34397,39
stepping,34406,34397,34406,9
rising,34437,34406,34437,31
walking,34495,34437,34495,58
sniffing,34538,34495,34538,43
rearing,34539,34538,34539,1
rising,34628,34539,34628,89
right_turning,34658,34628,34658,30
climbing,34701,34658,34701,43
sniffing,34773,34701,34773,72
climbing,34781,34773,34781,8
rearing,34884,34781,34884,103
rising,34891,34884,34891,7
sniffing,34892,34891,34892,1
rising,34893,34892,34893,1
left_turning,34894,34893,34894,1
walking,34901,34894,34901,7
sniffing,35001,34901,35001,100
right_turning,35024,35001,35024,23
walking,35048,35024,35048,24
sniffing,35097,35048,35097,49
grooming,35367,35097,35367,270
sniffing,35370,35367,35370,3
walking,35375,35370,35375,5
sniffing,35534,35375,35534,159
walking,35582,35534,35582,48
rising,35583,35582,35583,1
sniffing,35646,35583,35646,63
trotting,35647,35646,35647,1
sniffing,35648,35647,35648,1
right_turning,35663,35648,35663,15
running,35717,35663,35717,54
sniffing,35769,35717,35769,52
rising,35840,35769,35840,71
climbing,35892,35840,35892,52
right_turning,35896,35892,35896,4
trotting,35916,35896,35916,20
stepping,35942,35916,35942,26
left_turning,35980,35942,35980,38
stepping,36016,35980,36016,36
climbing,36065,36016,36065,49
rising,36120,36065,36120,55
rearing,36121,36120,36121,1
walking,36122,36121,36122,1
climbing,36155,36122,36155,33
sniffing,36259,36155,36259,104
rising,36305,36259,36305,46
climbing,36312,36305,36312,7
sniffing,36369,36312,36369,57
rising,36438,36369,36438,69
climbing,36506,36438,36506,68
rising,36565,36506,36565,59
sniffing,36566,36565,36566,1
right_turning,36602,36566,36602,36
sniffing,36707,36602,36707,105
climbing,36759,36707,36759,52
sniffing,36760,36759,36760,1
walking,36801,36760,36801,41
rising,36806,36801,36806,5
trotting,36843,36806,36843,37
walking,36868,36843,36868,25
left_turning,36911,36868,36911,43
rising,36917,36911,36917,6
climbing,36975,36917,36975,58
hunching,37001,36975,37001,26
rising,37003,37001,37003,2
sniffing,37039,37003,37039,36
climbing,37091,37039,37091,52
sniffing,37155,37091,37155,64
walking,37190,37155,37190,35
stepping,37211,37190,37211,21
sniffing,37249,37211,37249,38
running,37292,37249,37292,43
sniffing,37353,37292,37353,61
climbing,37359,37353,37359,6
sniffing,37400,37359,37400,41
climbing,37414,37400,37414,14
right_turning,37423,37414,37423,9
walking,37482,37423,37482,59
climbing,37550,37482,37550,68
sniffing,37562,37550,37562,12
left_turning,37568,37562,37568,6
walking,37569,37568,37569,1
rising,37633,37569,37633,64
walking,37686,37633,37686,53
sniffing,37697,37686,37697,11
left_turning,37736,37697,37736,39
sniffing,37737,37736,37737,1
walking,37762,37737,37762,25
sniffing,37767,37762,37767,5
right_turning,37781,37767,37781,14
rearing,37815,37781,37815,34
walking,37854,37815,37854,39
sniffing,37887,37854,37887,33
walking,37918,37887,37918,31
sniffing,37985,37918,37985,67
rearing,38109,37985,38109,124
rising,38110,38109,38110,1
sniffing,38111,38110,38111,1
rising,38161,38111,38161,50
grooming,38634,38161,38634,473
climbing,38655,38634,38655,21
running,38660,38655,38660,5
rising,38683,38660,38683,23
rearing,38814,38683,38814,131
grooming,38983,38814,38983,169
rearing,39047,38983,39047,64
hunching,39101,39047,39101,54
sniffing,39177,39101,39177,76
left_turning,39217,39177,39217,40
sniffing,39329,39217,39329,112
climbing,39346,39329,39346,17
rearing,39347,39346,39347,1
grooming,39383,39347,39383,36
right_turning,39411,39383,39411,28
grooming,39412,39411,39412,1
sniffing,39413,39412,39413,1
left_turning,39449,39413,39449,36
right_turning,39470,39449,39470,21
running,39519,39470,39519,49
sniffing,39621,39519,39621,102
rearing,39774,39621,39774,153
climbing,39821,39774,39821,47
rising,39859,39821,39859,38
climbing,39910,39859,39910,51
grooming,40097,39910,40097,187
rearing,40184,40097,40184,87
walking,40212,40184,40212,28
sniffing,40267,40212,40267,55
rising,40305,40267,40305,38
climbing,40364,40305,40364,59
rising,40435,40364,40435,71
left_turning,40484,40435,40484,49
sniffing,40537,40484,40537,53
walking,40562,40537,40562,25
climbing,40615,40562,40615,53
sniffing,40666,40615,40666,51
rising,40714,40666,40714,48
rearing,40732,40714,40732,18
walking,40753,40732,40753,21
running,40814,40753,40814,61
sniffing,40834,40814,40834,20
walking,40871,40834,40871,37
sniffing,40911,40871,40911,40
stepping,40940,40911,40940,29
trotting,40976,40940,40976,36
walking,41016,40976,41016,40
left_turning,41055,41016,41055,39
rising,41056,41055,41056,1
rearing,41057,41056,41057,1
grooming,41417,41057,41417,360
right_turning,41473,41417,41473,56
walking,41474,41473,41474,1
rising,41475,41474,41475,1
grooming,41479,41475,41479,4
sniffing,41564,41479,41564,85
rising,41589,41564,41589,25
sniffing,41590,41589,41590,1
left_turning,41633,41590,41633,43
sniffing,41675,41633,41675,42
climbing,41715,41675,41715,40
walking,41739,41715,41739,24
sniffing,41821,41739,41821,82
left_turning,41865,41821,41865,44
trotting,41879,41865,41879,14
rising,41924,41879,41924,45
sniffing,42002,41924,42002,78
grooming,42045,42002,42045,43
hunching,42046,42045,42046,1
climbing,42086,42046,42086,40
grooming,42087,42086,42087,1
rearing,42145,42087,42145,58
hunching,42207,42145,42207,62
sniffing,42244,42207,42244,37
walking,42267,42244,42267,23
rising,42327,42267,42327,60
grooming,42617,42327,42617,290
sniffing,42693,42617,42693,76
walking,42723,42693,42723,30
stepping,42741,42723,42741,18
walking,42765,42741,42765,24
rising,42813,42765,42813,48
walking,42866,42813,42866,53
stepping,42892,42866,42892,26
climbing,42909,42892,42909,17
rising,42920,42909,42920,11
climbing,42962,42920,42962,42
rearing,42963,42962,42963,1
walking,42979,42963,42979,16
sniffing,43032,42979,43032,53
climbing,43082,43032,43082,50
sniffing,43189,43082,43189,107
rising,43190,43189,43190,1
sniffing,43191,43190,43191,1
rising,43233,43191,43233,42
walking,43248,43233,43248,15
sniffing,43270,43248,43270,22
walking,43361,43270,43361,91
sniffing,43392,43361,43392,31
left_turning,43492,43392,43492,100
walking,43508,43492,43508,16
sniffing,43606,43508,43606,98
walking,43614,43606,43614,8
sniffing,43615,43614,43615,1
rising,43665,43615,43665,50
sniffing,43677,43665,43677,12
climbing,43700,43677,43700,23
rearing,43701,43700,43701,1
running,43736,43701,43736,35
sniffing,43747,43736,43747,11
left_turning,43748,43747,43748,1
sniffing,43773,43748,43773,25
left_turning,43791,43773,43791,18
walking,43828,43791,43828,37
sniffing,43844,43828,43844,16
right_turning,43864,43844,43864,20
sniffing,43865,43864,43865,1
rising,43866,43865,43866,1
climbing,43890,43866,43890,24
sniffing,44068,43890,44068,178
walking,44088,44068,44088,20
sniffing,44104,44088,44104,16
left_turning,44190,44104,44190,86
rising,44191,44190,44191,1
walking,44250,44191,44250,59
sniffing,44285,44250,44285,35
trotting,44329,44285,44329,44
sniffing,44401,44329,44401,72
walking,44443,44401,44443,42
sniffing,44537,44443,44537,94
rearing,44617,44537,44617,80
sniffing,44632,44617,44632,15
climbing,44633,44632,44633,1
sniffing,44643,44633,44643,10
rising,44652,44643,44652,9
climbing,44690,44652,44690,38
walking,44731,44690,44731,41
sniffing,44795,44731,44795,64
rearing,44926,44795,44926,131
sniffing,44930,44926,44930,4
left_turning,45000,44930,45000,70
sniffing,45064,45000,45064,64
running,45093,45064,45093,29
walking,45105,45093,45105,12
sniffing,45106,45105,45106,1
walking,45139,45106,45139,33
sniffing,45170,45139,45170,31
rising,45250,45170,45250,80
rearing,45251,45250,45251,1
climbing,45282,45251,45282,31
right_turning,45309,45282,45309,27
sniffing,45337,45309,45337,28
rising,45367,45337,45367,30
rearing,45427,45367,45427,60
rising,45428,45427,45428,1
climbing,45476,45428,45476,48
trotting,45494,45476,45494,18
sniffing,45501,45494,45501,7
stepping,45511,45501,45511,10
walking,45527,45511,45527,16
rising,45528,45527,45528,1
climbing,45539,45528,45539,11
rising,45564,45539,45564,25
grooming,45565,45564,45565,1
left_turning,45593,45565,45593,28
sniffing,45677,45593,45677,84
walking,45723,45677,45723,46
rising,45817,45723,45817,94
left_turning,45885,45817,45885,68
sniffing,45938,45885,45938,53
walking,45939,45938,45939,1
left_turning,46005,45939,46005,66
climbing,46083,46005,46083,78
rearing,46103,46083,46103,20
hunching,46104,46103,46104,1
walking,46147,46104,46147,43
climbing,46172,46147,46172,25
walking,46211,46172,46211,39
sniffing,46238,46211,46238,27
walking,46265,46238,46265,27
sniffing,46368,46265,46368,103
left_turning,46411,46368,46411,43
sniffing,46475,46411,46475,64
stepping,46489,46475,46489,14
climbing,46504,46489,46504,15
running,46545,46504,46545,41
left_turning,46635,46545,46635,90
walking,46639,46635,46639,4
trotting,46645,46639,46645,6
walking,46673,46645,46673,28
left_turning,46687,46673,46687,14
stepping,46746,46687,46746,59
rising,46782,46746,46782,36
climbing,46815,46782,46815,33
hunching,47003,46815,47003,188
trotting,47025,47003,47025,22
sniffing,47084,47025,47084,59
running,47102,47084,47102,18
sniffing,47103,47102,47103,1
rearing,47126,47103,47126,23
grooming,47238,47126,47238,112
trotting,47279,47238,47279,41
sniffing,47413,47279,47413,134
rising,47525,47413,47525,112
climbing,47532,47525,47532,7
rising,47566,47532,47566,34
sniffing,47647,47566,47647,81
right_turning,47662,47647,47662,15
walking,47700,47662,47700,38
climbing,47714,47700,47714,14
sniffing,47715,47714,47715,1
walking,47729,47715,47729,14
sniffing,47747,47729,47747,18
stepping,47761,47747,47761,14
trotting,47775,47761,47775,14
rising,47839,47775,47839,64
sniffing,47972,47839,47972,133
grooming,47973,47972,47973,1
climbing,48010,47973,48010,37
walking,48023,48010,48023,13
sniffing,48037,48023,48037,14
grooming,48755,48037,48755,718
rearing,48984,48755,48984,229
sniffing,49025,48984,49025,41
stepping,49065,49025,49065,40
sniffing,49128,49065,49128,63
left_turning,49191,49128,49191,63
right_turning,49198,49191,49198,7
walking,49200,49198,49200,2
rearing,49298,49200,49298,98
sniffing,49330,49298,49330,32
walking,49372,49330,49372,42
sniffing,49389,49372,49389,17
walking,49402,49389,49402,13
sniffing,49424,49402,49424,22
climbing,49456,49424,49456,32
left_turning,49457,49456,49457,1
trotting,49483,49457,49483,26
stepping,49516,49483,49516,33
sniffing,49578,49516,49578,62
left_turning,49635,49578,49635,57
walking,49671,49635,49671,36
left_turning,49672,49671,49672,1
rising,49698,49672,49698,26
rearing,49756,49698,49756,58
climbing,49774,49756,49774,18
running,49795,49774,49795,21
sniffing,49796,49795,49796,1
walking,49833,49796,49833,37
left_turning,49845,49833,49845,12
sniffing,49846,49845,49846,1
trotting,49890,49846,49890,44
left_turning,49891,49890,49891,1
trotting,49905,49891,49905,14
sniffing,49906,49905,49906,1
walking,49959,49906,49959,53
sniffing,49960,49959,49960,1
hunching,49961,49960,49961,1
sniffing,50105,49961,50105,144
hunching,50121,50105,50121,16
climbing,50217,50121,50217,96
rising,50274,50217,50274,57
walking,50334,50274,50334,60
left_turning,50368,50334,50368,34
sniffing,50593,50368,50593,225
hunching,50594,50593,50594,1
right_turning,50622,50594,50622,28
walking,50641,50622,50641,19
rising,50642,50641,50642,1
climbing,50694,50642,50694,52
rising,50699,50694,50699,5
left_turning,50700,50699,50700,1
rising,50757,50700,50757,57
rearing,50758,50757,50758,1
climbing,50846,50758,50846,88
rising,50898,50846,50898,52
sniffing,50952,50898,50952,54
climbing,50994,50952,50994,42
left_turning,51003,50994,51003,9
sniffing,51176,51003,51176,173
rising,51218,51176,51218,42
climbing,51359,51218,51359,141
rising,51382,51359,51382,23
climbing,51408,51382,51408,26
sniffing,51457,51408,51457,49
rising,51480,51457,51480,23
sniffing,51584,51480,51584,104
trotting,51618,51584,51618,34
running,51653,51618,51653,35
rising,51868,51653,51868,215
walking,51966,51868,51966,98
sniffing,52026,51966,52026,60
walking,52054,52026,52054,28
left_turning,52094,52054,52094,40
sniffing,52172,52094,52172,78
walking,52223,52172,52223,51
sniffing,52301,52223,52301,78
left_turning,52364,52301,52364,63
walking,52365,52364,52365,1
trotting,52389,52365,52389,24
running,52421,52389,52421,32
rising,52451,52421,52451,30
rearing,52615,52451,52615,164
sniffing,52811,52615,52811,196
left_turning,52850,52811,52850,39
rising,52856,52850,52856,6
climbing,52882,52856,52882,26
walking,52883,52882,52883,1
rising,52884,52883,52884,1
climbing,52911,52884,52911,27
rearing,52912,52911,52912,1
sniffing,52948,52912,52948,36
walking,52976,52948,52976,28
running,53009,52976,53009,33
walking,53029,53009,53029,20
sniffing,53050,53029,53050,21
trotting,53113,53050,53113,63
walking,53124,53113,53124,11
sniffing,53162,53124,53162,38
left_turning,53247,53162,53247,85
rising,53273,53247,53273,26
sniffing,53329,53273,53329,56
rising,53420,53329,53420,91
sniffing,53492,53420,53492,72
running,53506,53492,53506,14
sniffing,53566,53506,53566,60
trotting,53567,53566,53567,1
rising,53608,53567,53608,41
sniffing,53612,53608,53612,4
climbing,53725,53612,53725,113
walking,53751,53725,53751,26
stepping,53772,53751,53772,21
sniffing,53773,53772,53773,1
jumping,53810,53773,53810,37
sniffing,53824,53810,53824,14
climbing,53837,53824,53837,13
rearing,53870,53837,53870,33
rising,53906,53870,53906,36
sniffing,53907,53906,53907,1
stepping,53951,53907,53951,44
sniffing,54007,53951,54007,56
rising,54187,54007,54187,180
sniffing,54226,54187,54226,39
walking,54244,54226,54244,18
left_turning,54245,54244,54245,1
walking,54258,54245,54258,13
sniffing,54343,54258,54343,85
walking,54365,54343,54365,22
climbing,54440,54365,54440,75
rising,54510,54440,54510,70
sniffing,54562,54510,54562,52
walking,54563,54562,54563,1
stepping,54587,54563,54587,24
walking,54590,54587,54590,3
sniffing,54631,54590,54631,41
climbing,54692,54631,54692,61
walking,54724,54692,54724,32
sniffing,54744,54724,54744,20
walking,54785,54744,54785,41
rising,54829,54785,54829,44
climbing,54871,54829,54871,42
sniffing,54940,54871,54940,69
stepping,54996,54940,54996,56
sniffing,55062,54996,55062,66
left_turning,55092,55062,55092,30
stepping,55104,55092,55104,12
sniffing,55113,55104,55113,9
right_turning,55153,55113,55153,40
walking,55154,55153,55154,1
left_turning,55203,55154,55203,49
running,55217,55203,55217,14
sniffing,55220,55217,55220,3
pausing,55221,55220,55221,1
sniffing,55238,55221,55238,17
walking,55243,55238,55243,5
stepping,55264,55243,55264,21
walking,55277,55264,55277,13
left_turning,55324,55277,55324,47
trotting,55325,55324,55325,1
walking,55326,55325,55326,1
left_turning,55362,55326,55362,36
walking,55378,55362,55378,16
running,55402,55378,55402,24
walking,55440,55402,55440,38
rising,55483,55440,55483,43
sniffing,55504,55483,55504,21
walking,55540,55504,55540,36
sniffing,55662,55540,55662,122
trotting,55676,55662,55676,14
walking,55677,55676,55677,1
sniffing,55712,55677,55712,35
rearing,55715,55712,55715,3
grooming,56036,55715,56036,321
trotting,56038,56036,56038,2
walking,56061,56038,56061,23
sniffing,56099,56061,56099,38
rising,56150,56099,56150,51
trotting,56200,56150,56200,50
rising,56204,56200,56204,4
sniffing,56247,56204,56247,43
right_turning,56257,56247,56257,10
sniffing,56277,56257,56277,20
climbing,56282,56277,56282,5
sniffing,56315,56282,56315,33
left_turning,56348,56315,56348,33
walking,56365,56348,56365,17
sniffing,56381,56365,56381,16
rising,56485,56381,56485,104
rearing,56506,56485,56506,21
rising,56559,56506,56559,53
sniffing,56574,56559,56574,15
right_turning,56592,56574,56592,18
trotting,56641,56592,56641,49
stepping,56664,56641,56664,23
rearing,56665,56664,56665,1
climbing,56684,56665,56684,19
sniffing,56750,56684,56750,66
rising,56943,56750,56943,193
left_turning,56969,56943,56969,26
sniffing,56999,56969,56999,30
right_turning,57026,56999,57026,27
stepping,57046,57026,57046,20
rising,57088,57046,57088,42
walking,57089,57088,57089,1
climbing,57125,57089,57125,36
rearing,57176,57125,57176,51
grooming,57177,57176,57177,1
walking,57205,57177,57205,28
left_turning,57206,57205,57206,1
walking,57257,57206,57257,51
sniffing,57300,57257,57300,43
rising,57301,57300,57301,1
climbing,57349,57301,57349,48
rising,57401,57349,57401,52
right_turning,57429,57401,57429,28
walking,57487,57429,57487,58
sniffing,57488,57487,57488,1
rising,57535,57488,57535,47
climbing,57536,57535,57536,1
stepping,57577,57536,57577,41
rising,57586,57577,57586,9
rearing,57618,57586,57618,32
rising,57635,57618,57635,17
climbing,57636,57635,57636,1
grooming,58474,57636,58474,838
walking,58475,58474,58475,1
trotting,58499,58475,58499,24
sniffing,58521,58499,58521,22
left_turning,58575,58521,58575,54
sniffing,58591,58575,58591,16
right_turning,58625,58591,58625,34
walking,58676,58625,58676,51
sniffing,58677,58676,58677,1
right_turning,58724,58677,58724,47
trotting,58799,58724,58799,75
sniffing,58938,58799,58938,139
left_turning,58955,58938,58955,17
sniffing,59020,58955,59020,65
hunching,59021,59020,59021,1
right_turning,59064,59021,59064,43
walking,59123,59064,59123,59
sniffing,59128,59123,59128,5
grooming,59129,59128,59129,1
rising,59130,59129,59130,1
climbing,59170,59130,59170,40
grooming,59171,59170,59171,1
sniffing,59172,59171,59172,1
stepping,59191,59172,59191,19
climbing,59249,59191,59249,58
left_turning,59264,59249,59264,15
walking,59271,59264,59271,7
climbing,59323,59271,59323,52
running,59361,59323,59361,38
trotting,59391,59361,59391,30
climbing,59392,59391,59392,1
rearing,59445,59392,59445,53
walking,59464,59445,59464,19
sniffing,59474,59464,59474,10
grooming,59567,59474,59567,93
walking,59612,59567,59612,45
climbing,59694,59612,59694,82
right_turning,59749,59694,59749,55
running,59769,59749,59769,20
walking,59836,59769,59836,67
sniffing,59877,59836,59877,41
stepping,59898,59877,59898,21
hunching,60026,59898,60026,128
right_turning,60064,60026,60064,38
walking,60085,60064,60085,21
stepping,60119,60085,60119,34
walking,60165,60119,60165,46
sniffing,60236,60165,60236,71
rising,60255,60236,60255,19
stepping,60296,60255,60296,41
sniffing,60382,60296,60382,86
climbing,60421,60382,60421,39
grooming,60491,60421,60491,70
hunching,60619,60491,60619,128
rising,60648,60619,60648,29
sniffing,60724,60648,60724,76
trotting,60758,60724,60758,34
left_turning,60761,60758,60761,3
sniffing,60832,60761,60832,71
climbing,60876,60832,60876,44
sniffing,60877,60876,60877,1
left_turning,60944,60877,60944,67
sniffing,60945,60944,60945,1
rearing,61002,60945,61002,57
climbing,61161,61002,61161,159
walking,61167,61161,61167,6
sniffing,61184,61167,61184,17
running,61215,61184,61215,31
sniffing,61299,61215,61299,84
walking,61303,61299,61303,4
sniffing,61378,61303,61378,75
climbing,61396,61378,61396,18
left_turning,61457,61396,61457,61
stepping,61500,61457,61500,43
sniffing,61589,61500,61589,89
walking,61640,61589,61640,51
sniffing,61651,61640,61651,11
rising,61684,61651,61684,33
left_turning,61685,61684,61685,1
trotting,61701,61685,61701,16
left_turning,61703,61701,61703,2
rising,61717,61703,61717,14
sniffing,61799,61717,61799,82
walking,61841,61799,61841,42
sniffing,61895,61841,61895,54
walking,61915,61895,61915,20
sniffing,61987,61915,61987,72
walking,62006,61987,62006,19
sniffing,62141,62006,62141,135
grooming,62393,62141,62393,252
right_turning,62399,62393,62399,6
walking,62416,62399,62416,17
sniffing,62471,62416,62471,55
right_turning,62496,62471,62496,25
sniffing,62502,62496,62502,6
grooming,62978,62502,62978,476
rearing,62982,62978,62982,4
climbing,63060,62982,63060,78
right_turning,63084,63060,63084,24
walking,63123,63084,63123,39
rising,63151,63123,63151,28
sniffing,63152,63151,63152,1
trotting,63203,63152,63203,51
sniffing,63204,63203,63204,1
rising,63266,63204,63266,62
rearing,63271,63266,63271,5
grooming,63318,63271,63318,47
climbing,63385,63318,63385,67
right_turning,63413,63385,63413,28
walking,63429,63413,63429,16
trotting,63445,63429,63445,16
stepping,63556,63445,63556,111
walking,63592,63556,63592,36
sniffing,63611,63592,63611,19
pausing,63762,63611,63762,151
sniffing,63869,63762,63869,107
walking,63911,63869,63911,42
sniffing,63949,63911,63949,38
left_turning,63980,63949,63980,31
sniffing,64063,63980,64063,83
left_turning,64080,64063,64080,17
walking,64132,64080,64132,52
left_turning,64133,64132,64133,1
trotting,64165,64133,64165,32
rising,64166,64165,64166,1
sniffing,64168,64166,64168,2
left_turning,64178,64168,64178,10
walking,64209,64178,64209,31
sniffing,64226,64209,64226,17
rising,64227,64226,64227,1
walking,64247,64227,64247,20
sniffing,64275,64247,64275,28
walking,64312,64275,64312,37
stepping,64327,64312,64327,15
climbing,64379,64327,64379,52
rising,64463,64379,64463,84
sniffing,64464,64463,64464,1
walking,64507,64464,64507,43
trotting,64562,64507,64562,55
stepping,64563,64562,64563,1
rising,64613,64563,64613,50
walking,64676,64613,64676,63
rearing,64687,64676,64687,11
sniffing,64775,64687,64775,88
stepping,64805,64775,64805,30
trotting,64806,64805,64806,1
walking,64807,64806,64807,1
jumping,64887,64807,64887,80
rising,64925,64887,64925,38
sniffing,64926,64925,64926,1
stepping,64954,64926,64954,28
right_turning,64977,64954,64977,23
walking,65001,64977,65001,24
sniffing,65077,65001,65077,76
rising,65078,65077,65078,1
hunching,65125,65078,65125,47
walking,65126,65125,65126,1
rising,65127,65126,65127,1
walking,65158,65127,65158,31
sniffing,65260,65158,65260,102
rearing,65279,65260,65279,19
trotting,65326,65279,65326,47
sniffing,65422,65326,65422,96
left_turning,65439,65422,65439,17
rising,65513,65439,65513,74
sniffing,65625,65513,65625,112
walking,65632,65625,65632,7
climbing,65709,65632,65709,77
walking,65746,65709,65746,37
right_turning,65755,65746,65755,9
sniffing,65814,65755,65814,59
rearing,65894,65814,65894,80
climbing,65926,65894,65926,32
sniffing,65964,65926,65964,38
rising,65965,65964,65965,1
sniffing,66021,65965,66021,56
rising,66056,66021,66056,35
climbing,66159,66056,66159,103
right_turning,66183,66159,66183,24
rising,66193,66183,66193,10
climbing,66248,66193,66248,55
walking,66257,66248,66257,9
left_turning,66258,66257,66258,1
sniffing,66259,66258,66259,1
rising,66311,66259,66311,52
stepping,66383,66311,66383,72
sniffing,66415,66383,66415,32
stepping,66429,66415,66429,14
walking,66440,66429,66440,11
left_turning,66482,66440,66482,42
sniffing,66499,66482,66499,17
walking,66521,66499,66521,22
left_turning,66533,66521,66533,12
trotting,66581,66533,66581,48
walking,66589,66581,66589,8
sniffing,66590,66589,66590,1
left_turning,66614,66590,66614,24
climbing,66679,66614,66679,65
left_turning,66695,66679,66695,16
walking,66710,66695,66710,15
climbing,66711,66710,66711,1
sniffing,66712,66711,66712,1
left_turning,66785,66712,66785,73
sniffing,66874,66785,66874,89
rising,66930,66874,66930,56
climbing,66973,66930,66973,43
hunching,67304,66973,67304,331
walking,67353,67304,67353,49
rearing,67433,67353,67433,80
grooming,67856,67433,67856,423
climbing,67870,67856,67870,14
rising,67871,67870,67871,1
sniffing,67872,67871,67872,1
walking,67962,67872,67962,90
left_turning,68002,67962,68002,40
sniffing,68023,68002,68023,21
left_turning,68024,68023,68024,1
walking,68036,68024,68036,12
sniffing,68108,68036,68108,72
rearing,68440,68108,68440,332
walking,68441,68440,68441,1
sniffing,68485,68441,68485,44
climbing,68498,68485,68498,13
walking,68517,68498,68517,19
left_turning,68542,68517,68542,25
sniffing,68573,68542,68573,31
rearing,68688,68573,68688,115
sniffing,68709,68688,68709,21
rising,68770,68709,68770,61
sniffing,68798,68770,68798,28
left_turning,68854,68798,68854,56
sniffing,68876,68854,68876,22
climbing,68877,68876,68877,1
right_turning,68929,68877,68929,52
walking,68969,68929,68969,40
trotting,69018,68969,69018,49
walking,69045,69018,69045,27
sniffing,69087,69045,69087,42
left_turning,69135,69087,69135,48
rising,69153,69135,69153,18
hunching,69281,69153,69281,128
climbing,69325,69281,69325,44
rising,69326,69325,69326,1
left_turning,69367,69326,69367,41
sniffing,69379,69367,69379,12
walking,69397,69379,69397,18
sniffing,69402,69397,69402,5
left_turning,69409,69402,69409,7
sniffing,69410,69409,69410,1
rising,69455,69410,69455,45
climbing,69504,69455,69504,49
sniffing,69505,69504,69505,1
rising,69534,69505,69534,29
left_turning,69549,69534,69549,15
sniffing,69672,69549,69672,123
left_turning,69684,69672,69684,12
sniffing,69685,69684,69685,1
left_turning,69687,69685,69687,2
sniffing,69715,69687,69715,28
rising,69716,69715,69716,1
rearing,70066,69716,70066,350
right_turning,70107,70066,70107,41
walking,70148,70107,70148,41
climbing,70175,70148,70175,27
rising,70240,70175,70240,65
climbing,70308,70240,70308,68
right_turning,70315,70308,70315,7
sniffing,70341,70315,70341,26
walking,70374,70341,70374,33
left_turning,70375,70374,70375,1
sniffing,70418,70375,70418,43
rising,70420,70418,70420,2
walking,70491,70420,70491,71
sniffing,70492,70491,70492,1
rising,70546,70492,70546,54
right_turning,70576,70546,70576,30
walking,70621,70576,70621,45
climbing,70675,70621,70675,54
walking,70729,70675,70729,54
sniffing,70730,70729,70730,1
stepping,70790,70730,70790,60
rearing,70795,70790,70795,5
climbing,70801,70795,70801,6
hunching,70828,70801,70828,27
climbing,70906,70828,70906,78
sniffing,70968,70906,70968,62
left_turning,70994,70968,70994,26
walking,71054,70994,71054,60
rising,71069,71054,71069,15
rearing,71070,71069,71070,1
left_turning,71106,71070,71106,36
trotting,71161,71106,71161,55
rising,71206,71161,71206,45
sniffing,71207,71206,71207,1
left_turning,71208,71207,71208,1
trotting,71268,71208,71268,60
sniffing,71380,71268,71380,112
left_turning,71428,71380,71428,48
sniffing,71467,71428,71467,39
climbing,71518,71467,71518,51
rising,71519,71518,71519,1
sniffing,71520,71519,71520,1
walking,71536,71520,71536,16
left_turning,71603,71536,71603,67
sniffing,71604,71603,71604,1
climbing,71622,71604,71622,18
sniffing,71809,71622,71809,187
climbing,71927,71809,71927,118
right_turning,71938,71927,71938,11
sniffing,72089,71938,72089,151
left_turning,72158,72089,72158,69
trotting,72209,72158,72209,51
sniffing,72270,72209,72270,61
walking,72283,72270,72283,13
rising,72305,72283,72305,22
climbing,72327,72305,72327,22
right_turning,72347,72327,72347,20
trotting,72370,72347,72370,23
walking,72395,72370,72395,25
sniffing,72396,72395,72396,1
rising,72397,72396,72397,1
climbing,72429,72397,72429,32
hunching,72526,72429,72526,97
sniffing,72759,72526,72759,233
climbing,72836,72759,72836,77
rising,72843,72836,72843,7
sniffing,72844,72843,72844,1
rising,72874,72844,72874,30
sniffing,72875,72874,72875,1
trotting,72887,72875,72887,12
sniffing,72946,72887,72946,59
climbing,72986,72946,72986,40
rearing,73046,72986,73046,60
rising,73050,73046,73050,4
climbing,73098,73050,73098,48
left_turning,73168,73098,73168,70
sniffing,73209,73168,73209,41
rearing,73210,73209,73210,1
climbing,73249,73210,73249,39
left_turning,73358,73249,73358,109
running,73371,73358,73371,13
sniffing,73398,73371,73398,27
climbing,73441,73398,73441,43
right_turning,73442,73441,73442,1
walking,73481,73442,73481,39
trotting,73524,73481,73524,43
walking,73564,73524,73564,40
sniffing,73651,73564,73651,87
grooming,74160,73651,74160,509
rearing,74161,74160,74161,1
climbing,74268,74161,74268,107
sniffing,74308,74268,74308,40
hunching,74348,74308,74348,40
rising,74356,74348,74356,8
walking,74371,74356,74371,15
sniffing,74468,74371,74468,97
stepping,74496,74468,74496,28
sniffing,74513,74496,74513,17
right_turning,74514,74513,74514,1
walking,74565,74514,74565,51
climbing,74605,74565,74605,40
walking,74639,74605,74639,34
rearing,74640,74639,74640,1
trotting,74656,74640,74656,16
sniffing,74677,74656,74677,21
walking,74690,74677,74690,13
sniffing,74691,74690,74691,1
right_turning,74720,74691,74720,29
walking,74744,74720,74744,24
sniffing,74745,74744,74745,1
grooming,74873,74745,74873,128
rearing,74922,74873,74922,49
sniffing,74941,74922,74941,19
rearing,75249,74941,75249,308
walking,75250,75249,75250,1
stepping,75286,75250,75286,36
sniffing,75451,75286,75451,165
right_turning,75452,75451,75452,1
walking,75496,75452,75496,44
rising,75542,75496,75542,46
walking,75598,75542,75598,56
sniffing,75608,75598,75608,10
right_turning,75691,75608,75691,83
walking,75692,75691,75692,1
climbing,75693,75692,75693,1
trotting,75713,75693,75713,20
sniffing,75723,75713,75723,10
rising,75724,75723,75724,1
sniffing,75758,75724,75758,34
walking,75765,75758,75765,7
climbing,75802,75765,75802,37
sniffing,75890,75802,75890,88
climbing,75905,75890,75905,15
right_turning,75916,75905,75916,11
walking,75917,75916,75917,1
sniffing,76105,75917,76105,188
stepping,76121,76105,76121,16
trotting,76168,76121,76168,47
sniffing,76217,76168,76217,49
rising,76218,76217,76218,1
climbing,76268,76218,76268,50
grooming,76429,76268,76429,161
sniffing,76447,76429,76447,18
right_turning,76484,76447,76484,37
running,76492,76484,76492,8
sniffing,76530,76492,76530,38
climbing,76575,76530,76575,45
sniffing,76617,76575,76617,42
left_turning,76630,76617,76630,13
sniffing,76721,76630,76721,91
left_turning,76753,76721,76753,32
trotting,76754,76753,76754,1
sniffing,76833,76754,76833,79
left_turning,76837,76833,76837,4
sniffing,76838,76837,76838,1
hunching,76866,76838,76866,28
rearing,76867,76866,76867,1
rising,76901,76867,76901,34
climbing,76995,76901,76995,94
rising,77015,76995,77015,20
sniffing,77095,77015,77095,80
climbing,77096,77095,77096,1
sniffing,77097,77096,77097,1
stepping,77110,77097,77110,13
trotting,77111,77110,77111,1
walking,77112,77111,77112,1
sniffing,77136,77112,77136,24
left_turning,77167,77136,77167,31
stepping,77189,77167,77189,22
climbing,77192,77189,77192,3
walking,77245,77192,77245,53
sniffing,77255,77245,77255,10
walking,77307,77255,77307,52
sniffing,77359,77307,77359,52
rearing,77360,77359,77360,1
climbing,77495,77360,77495,135
grooming,77575,77495,77575,80
climbing,77602,77575,77602,27
grooming,78580,77602,78580,978
sniffing,78581,78580,78581,1
rising,78607,78581,78607,26
sniffing,78776,78607,78776,169
stepping,78789,78776,78789,13
walking,78855,78789,78855,66
right_turning,78869,78855,78869,14
walking,78915,78869,78915,46
sniffing,78932,78915,78932,17
trotting,78947,78932,78947,15
rising,78973,78947,78973,26
climbing,79021,78973,79021,48
right_turning,79042,79021,79042,21
sniffing,79043,79042,79043,1
climbing,79092,79043,79092,49
trotting,79112,79092,79112,20
sniffing,79118,79112,79118,6
rising,79139,79118,79139,21
climbing,79204,79139,79204,65
sniffing,79205,79204,79205,1
rising,79273,79205,79273,68
sniffing,79287,79273,79287,14
left_turning,79315,79287,79315,28
rising,79384,79315,79384,69
left_turning,79399,79384,79399,15
stepping,79446,79399,79446,47
walking,79463,79446,79463,17
sniffing,79571,79463,79571,108
grooming,79736,79571,79736,165
hunching,79772,79736,79772,36
rising,79796,79772,79796,24
walking,79813,79796,79813,17
stepping,79814,79813,79814,1
rearing,79881,79814,79881,67
climbing,79945,79881,79945,64
rising,79977,79945,79977,32
rearing,80079,79977,80079,102
left_turning,80153,80079,80153,74
sniffing,80161,80153,80161,8
left_turning,80260,80161,80260,99
walking,80295,80260,80295,35
climbing,80304,80295,80304,9
rising,80371,80304,80371,67
climbing,80388,80371,80388,17
right_turning,80407,80388,80407,19
walking,80428,80407,80428,21
sniffing,80483,80428,80483,55
left_turning,80522,80483,80522,39
walking,80525,80522,80525,3
trotting,80535,80525,80535,10
left_turning,80561,80535,80561,26
sniffing,80585,80561,80585,24
left_turning,80609,80585,80609,24
sniffing,80707,80609,80707,98
stepping,80730,80707,80730,23
walking,80748,80730,80748,18
climbing,80852,80748,80852,104
rising,80879,80852,80879,27
sniffing,80893,80879,80893,14
left_turning,80991,80893,80991,98
sniffing,81045,80991,81045,54
stepping,81052,81045,81052,7
sniffing,81140,81052,81140,88
rising,81174,81140,81174,34
hunching,81337,81174,81337,163
grooming,81813,81337,81813,476
sniffing,81833,81813,81833,20
rising,81885,81833,81885,52
sniffing,81906,81885,81906,21
walking,81940,81906,81940,34
rearing,81948,81940,81948,8
grooming,81949,81948,81949,1
sniffing,82023,81949,82023,74
rising,82024,82023,82024,1
climbing,82080,82024,82080,56
sniffing,82169,82080,82169,89
climbing,82207,82169,82207,38
rearing,82208,82207,82208,1
climbing,82289,82208,82289,81
walking,82301,82289,82301,12
stepping,82350,82301,82350,49
rearing,82447,82350,82447,97
walking,82488,82447,82488,41
sniffing,82489,82488,82489,1
hunching,82539,82489,82539,50
rearing,82628,82539,82628,89
grooming,82655,82628,82655,27
climbing,82656,82655,82656,1
grooming,82657,82656,82657,1
rearing,82779,82657,82779,122
climbing,82820,82779,82820,41
rising,82849,82820,82849,29
climbing,82902,82849,82902,53
rising,82913,82902,82913,11
sniffing,82914,82913,82914,1
right_turning,82933,82914,82933,19
walking,82934,82933,82934,1
rearing,82960,82934,82960,26
sniffing,83054,82960,83054,94
walking,83085,83054,83085,31
left_turning,83155,83085,83155,70
walking,83231,83155,83231,76
left_turning,83232,83231,83232,1
walking,83233,83232,83233,1
stepping,83234,83233,83234,1
sniffing,83261,83234,83261,27
rising,83306,83261,83306,45
climbing,83355,83306,83355,49
rising,83405,83355,83405,50
rearing,83579,83405,83579,174
trotting,83602,83579,83602,23
hunching,83664,83602,83664,62
sniffing,83683,83664,83683,19
walking,83691,83683,83691,8
sniffing,83726,83691,83726,35
rising,83733,83726,83733,7
sniffing,83763,83733,83763,30
left_turning,83786,83763,83786,23
walking,83831,83786,83831,45
rising,83835,83831,83835,4
left_turning,83887,83835,83887,52
right_turning,83888,83887,83888,1
rising,83912,83888,83912,24
walking,83959,83912,83959,47
stepping,83960,83959,83960,1
rising,84007,83960,84007,47
sniffing,84090,84007,84090,83
right_turning,84119,84090,84119,29
sniffing,84122,84119,84122,3
right_turning,84132,84122,84132,10
walking,84133,84132,84133,1
stepping,84134,84133,84134,1
walking,84164,84134,84164,30
rising,84190,84164,84190,26
sniffing,84286,84190,84286,96
left_turning,84321,84286,84321,35
stepping,84397,84321,84397,76
walking,84416,84397,84416,19
sniffing,84491,84416,84491,75
left_turning,84535,84491,84535,44
running,84569,84535,84569,34
walking,84580,84569,84580,11
rising,84626,84580,84626,46
climbing,84629,84626,84629,3
left_turning,84702,84629,84702,73
rising,84765,84702,84765,63
climbing,84801,84765,84801,36
hunching,84802,84801,84802,1
climbing,84803,84802,84803,1
hunching,84811,84803,84811,8
grooming,84941,84811,84941,130
sniffing,85024,84941,85024,83
right_turning,85061,85024,85061,37
trotting,85097,85061,85097,36
rising,85139,85097,85139,42
climbing,85257,85139,85257,118
sniffing,85277,85257,85277,20
grooming,85489,85277,85489,212
climbing,85516,85489,85516,27
sniffing,85617,85516,85617,101
rising,85653,85617,85653,36
sniffing,85683,85653,85683,30
rising,85684,85683,85684,1
hunching,85788,85684,85788,104
sniffing,85837,85788,85837,49
left_turning,85838,85837,85838,1
walking,85886,85838,85886,48
rising,85984,85886,85984,98
rearing,86111,85984,86111,127
right_turning,86140,86111,86140,29
sniffing,86148,86140,86148,8
stepping,86155,86148,86155,7
walking,86168,86155,86168,13
left_turning,86346,86168,86346,178
walking,86400,86346,86400,54
rising,86401,86400,86401,1
stepping,86426,86401,86426,25
climbing,86435,86426,86435,9
right_turning,86455,86435,86455,20
sniffing,86526,86455,86526,71
walking,86542,86526,86542,16
sniffing,86681,86542,86681,139
left_turning,86746,86681,86746,65
rising,86767,86746,86767,21
grooming,86768,86767,86768,1
rearing,86849,86768,86849,81
walking,86850,86849,86850,1
climbing,86875,86850,86875,25
hunching,86953,86875,86953,78
sniffing,86954,86953,86954,1
rising,86997,86954,86997,43
sniffing,87055,86997,87055,58
rising,87057,87055,87057,2
grooming,87566,87057,87566,509
rising,87640,87566,87640,74
climbing,87719,87640,87719,79
left_turning,87778,87719,87778,59
trotting,87803,87778,87803,25
stepping,87817,87803,87817,14
sniffing,87915,87817,87915,98
left_turning,87947,87915,87947,32
walking,87964,87947,87964,17
climbing,88054,87964,88054,90
sniffing,88084,88054,88084,30
trotting,88122,88084,88122,38
sniffing,88286,88122,88286,164
stepping,88373,88286,88373,87
sniffing,88437,88373,88437,64
left_turning,88456,88437,88456,19
walking,88507,88456,88507,51
sniffing,88585,88507,88585,78
rising,88586,88585,88586,1
rearing,88587,88586,88587,1
climbing,88658,88587,88658,71
rearing,88736,88658,88736,78
climbing,88786,88736,88786,50
walking,88787,88786,88787,1
sniffing,88870,88787,88870,83
trotting,88878,88870,88878,8
sniffing,88879,88878,88879,1
walking,88917,88879,88917,38
sniffing,88961,88917,88961,44
right_turning,88986,88961,88986,25
stepping,88988,88986,88988,2
walking,89021,88988,89021,33
sniffing,89030,89021,89030,9
rising,89043,89030,89043,13
climbing,89095,89043,89095,52
sniffing,89096,89095,89096,1
rising,89195,89096,89195,99
sniffing,89243,89195,89243,48
walking,89299,89243,89299,56
sniffing,89309,89299,89309,10
climbing,89338,89309,89338,29
sniffing,89392,89338,89392,54
grooming,89393,89392,89393,1
rearing,89394,89393,89394,1
grooming,89679,89394,89679,285
sniffing,89749,89679,89749,70
walking,89759,89749,89759,10
sniffing,89775,89759,89775,16
rising,89780,89775,89780,5
climbing,89871,89780,89871,91
rising,89892,89871,89892,21
grooming,90223,89892,90223,331
rearing,90330,90223,90330,107
sniffing,90386,90330,90386,56
walking,90439,90386,90439,53
right_turning,90440,90439,90440,1
sniffing,90444,90440,90444,4
rising,90486,90444,90486,42
grooming,90487,90486,90487,1
trotting,90497,90487,90497,10
sniffing,90498,90497,90498,1
trotting,90541,90498,90541,43
rising,90597,90541,90597,56
climbing,90645,90597,90645,48
hunching,90758,90645,90758,113
grooming,90759,90758,90759,1
sniffing,90776,90759,90776,17
left_turning,90808,90776,90808,32
walking,90868,90808,90868,60
rearing,90874,90868,90874,6
sniffing,90996,90874,90996,122
rising,90997,90996,90997,1
climbing,91068,90997,91068,71
left_turning,91078,91068,91078,10
walking,91108,91078,91108,30
sniffing,91151,91108,91151,43
stepping,91202,91151,91202,51
left_turning,91221,91202,91221,19
trotting,91242,91221,91242,21
sniffing,91447,91242,91447,205
running,91456,91447,91456,9
walking,91471,91456,91471,15
sniffing,91510,91471,91510,39
left_turning,91571,91510,91571,61
walking,91610,91571,91610,39
left_turning,91611,91610,91611,1
walking,91612,91611,91612,1
sniffing,91716,91612,91716,104
left_turning,91721,91716,91721,5
walking,91739,91721,91739,18
stepping,91740,91739,91740,1
sniffing,91774,91740,91774,34
climbing,91775,91774,91775,1
running,91784,91775,91784,9
trotting,91792,91784,91792,8
walking,91805,91792,91805,13
sniffing,91981,91805,91981,176
walking,91991,91981,91991,10
left_turning,92056,91991,92056,65
walking,92080,92056,92080,24
sniffing,92088,92080,92088,8
walking,92100,92088,92100,12
left_turning,92122,92100,92122,22
walking,92184,92122,92184,62
sniffing,92293,92184,92293,109
rising,92300,92293,92300,7
trotting,92338,92300,92338,38
walking,92339,92338,92339,1
sniffing,92358,92339,92358,19
left_turning,92535,92358,92535,177
rising,92556,92535,92556,21
left_turning,92558,92556,92558,2
rearing,92592,92558,92592,34
hunching,92705,92592,92705,113
sniffing,92707,92705,92707,2
pausing,92731,92707,92731,24
sniffing,92772,92731,92772,41
stepping,92773,92772,92773,1
climbing,92815,92773,92815,42
right_turning,92829,92815,92829,14
stepping,92870,92829,92870,41
rising,92877,92870,92877,7
climbing,92924,92877,92924,47
left_turning,92925,92924,92925,1
sniffing,92965,92925,92965,40
trotting,92981,92965,92981,16
sniffing,93005,92981,93005,24
walking,93006,93005,93006,1
climbing,93109,93006,93109,103
trotting,93131,93109,93131,22
walking,93139,93131,93139,8
climbing,93188,93139,93188,49
rising,93189,93188,93189,1
sniffing,93293,93189,93293,104
climbing,93321,93293,93321,28
hunching,93475,93321,93475,154
rearing,93476,93475,93476,1
climbing,93501,93476,93501,25
sniffing,93503,93501,93503,2
stepping,93515,93503,93515,12
trotting,93525,93515,93525,10
climbing,93560,93525,93560,35
sniffing,93598,93560,93598,38
climbing,93645,93598,93645,47
sniffing,93646,93645,93646,1
grooming,93647,93646,93647,1
rearing,93675,93647,93675,28
sniffing,93729,93675,93729,54
right_turning,93772,93729,93772,43
walking,93809,93772,93809,37
rising,93827,93809,93827,18
climbing,93890,93827,93890,63
trotting,93927,93890,93927,37
rearing,93945,93927,93945,18
climbing,93979,93945,93979,34
hunching,94059,93979,94059,80
trotting,94103,94059,94103,44
walking,94120,94103,94120,17
right_turning,94134,94120,94134,14
sniffing,94222,94134,94222,88
stepping,94223,94222,94223,1
sniffing,94230,94223,94230,7
walking,94356,94230,94356,126
climbing,94383,94356,94383,27
sniffing,94540,94383,94540,157
right_turning,94547,94540,94547,7
walking,94590,94547,94590,43
left_turning,94591,94590,94591,1
walking,94599,94591,94599,8
left_turning,94679,94599,94679,80
trotting,94703,94679,94703,24
right_turning,94717,94703,94717,14
running,94760,94717,94760,43
sniffing,94837,94760,94837,77
walking,94888,94837,94888,51
stepping,94891,94888,94891,3
sniffing,94945,94891,94945,54
right_turning,94956,94945,94956,11
sniffing,94957,94956,94957,1
trotting,94964,94957,94964,7
sniffing,95042,94964,95042,78
walking,95062,95042,95062,20
stepping,95090,95062,95090,28
sniffing,95098,95090,95098,8
left_turning,95099,95098,95099,1
walking,95100,95099,95100,1
left_turning,95168,95100,95168,68
rearing,95174,95168,95174,6
grooming,95175,95174,95175,1
sniffing,95176,95175,95176,1
rising,95249,95176,95249,73
sniffing,95261,95249,95261,12
walking,95277,95261,95277,16
rearing,95301,95277,95301,24
left_turning,95362,95301,95362,61
sniffing,95363,95362,95363,1
climbing,95392,95363,95392,29
right_turning,95403,95392,95403,11
running,95445,95403,95445,42
rearing,95475,95445,95475,30
grooming,96246,95475,96246,771
climbing,96272,96246,96272,26
walking,96281,96272,96281,9
right_turning,96317,96281,96317,36
left_turning,96365,96317,96365,48
rearing,96416,96365,96416,51
sniffing,96478,96416,96478,62
right_turning,96500,96478,96500,22
walking,96519,96500,96519,19
stepping,96557,96519,96557,38
walking,96600,96557,96600,43
left_turning,96654,96600,96654,54
sniffing,96655,96654,96655,1
left_turning,96690,96655,96690,35
walking,96735,96690,96735,45
left_turning,96801,96735,96801,66
stepping,96833,96801,96833,32
sniffing,96898,96833,96898,65
rising,96955,96898,96955,57
climbing,96965,96955,96965,10
grooming,97107,96965,97107,142
hunching,97171,97107,97171,64
rearing,97216,97171,97216,45
sniffing,97271,97216,97271,55
rising,97287,97271,97287,16
right_turning,97304,97287,97304,17
sniffing,97321,97304,97321,17
climbing,97371,97321,97371,50
rearing,97536,97371,97536,165
right_turning,97547,97536,97547,11
climbing,97620,97547,97620,73
rising,97637,97620,97637,17
trotting,97644,97637,97644,7
sniffing,97711,97644,97711,67
climbing,97712,97711,97712,1
sniffing,97802,97712,97802,90
right_turning,97817,97802,97817,15
walking,97831,97817,97831,14
hunching,97872,97831,97872,41
sniffing,97873,97872,97873,1
rising,97916,97873,97916,43
left_turning,97921,97916,97921,5
climbing,97952,97921,97952,31
right_turning,97954,97952,97954,2
trotting,97955,97954,97955,1
climbing,97956,97955,97956,1
sniffing,97967,97956,97967,11
rearing,98119,97967,98119,152
climbing,98224,98119,98224,105
trotting,98254,98224,98254,30
sniffing,98351,98254,98351,97
grooming,98352,98351,98352,1
rearing,98370,98352,98370,18
walking,98410,98370,98410,40
sniffing,98495,98410,98495,85
right_turning,98524,98495,98524,29
trotting,98586,98524,98586,62
sniffing,98587,98586,98587,1
walking,98620,98587,98620,33
climbing,98643,98620,98643,23
grooming,98714,98643,98714,71
rearing,98758,98714,98758,44
trotting,98791,98758,98791,33
left_turning,98836,98791,98836,45
trotting,98868,98836,98868,32
left_turning,98890,98868,98890,22
sniffing,98917,98890,98917,27
right_turning,98925,98917,98925,8
sniffing,98926,98925,98926,1
rising,98945,98926,98945,19
climbing,98982,98945,98982,37
right_turning,99006,98982,99006,24
walking,99010,99006,99010,4
sniffing,99148,99010,99148,138
rising,99157,99148,99157,9
climbing,99184,99157,99184,27
rising,99212,99184,99212,28
hunching,99345,99212,99345,133
sniffing,99355,99345,99355,10
left_turning,99363,99355,99363,8
walking,99375,99363,99375,12
rising,99386,99375,99386,11
climbing,99408,99386,99408,22
walking,99463,99408,99463,55
rising,99512,99463,99512,49
climbing,99513,99512,99513,1
right_turning,99578,99513,99578,65
sniffing,99595,99578,99595,17
rising,99671,99595,99671,76
left_turning,99729,99671,99729,58
walking,99764,99729,99764,35
sniffing,99843,99764,99843,79
rising,99887,99843,99887,44
sniffing,99924,99887,99924,37
rearing,99925,99924,99925,1
sniffing,100027,99925,100027,102
left_turning,100067,100027,100067,40
sniffing,100080,100067,100080,13
rising,100147,100080,100147,67
sniffing,100148,100147,100148,1
walking,100168,100148,100168,20
stepping,100194,100168,100194,26
left_turning,100195,100194,100195,1
sniffing,100212,100195,100212,17
grooming,100481,100212,100481,269
climbing,100585,100481,100585,104
rising,100651,100585,100651,66
rearing,100697,100651,100697,46
grooming,100760,100697,100760,63
sniffing,100766,100760,100766,6
grooming,100767,100766,100767,1
rearing,100768,100767,100768,1
rising,100769,100768,100769,1
grooming,100770,100769,100770,1
rearing,100798,100770,100798,28
climbing,100799,100798,100799,1
sniffing,100858,100799,100858,59
climbing,100877,100858,100877,19
sniffing,100878,100877,100878,1
rising,100879,100878,100879,1
sniffing,100968,100879,100968,89
stepping,100969,100968,100969,1
sniffing,101022,100969,101022,53
stepping,101027,101022,101027,5
rearing,101057,101027,101057,30
rising,101166,101057,101166,109
rearing,101286,101166,101286,120
right_turning,101325,101286,101325,39
sniffing,101377,101325,101377,52
rising,101410,101377,101410,33
sniffing,101428,101410,101428,18
left_turning,101429,101428,101429,1
sniffing,101614,101429,101614,185
rearing,101709,101614,101709,95
sniffing,101710,101709,101710,1
grooming,101770,101710,101770,60
sniffing,101846,101770,101846,76
rising,101847,101846,101847,1
running,101870,101847,101870,23
walking,101900,101870,101900,30
hunching,101994,101900,101994,94
grooming,102044,101994,102044,50
sniffing,102139,102044,102139,95
rising,102177,102139,102177,38
grooming,102178,102177,102178,1
sniffing,102327,102178,102327,149
pausing,102328,102327,102328,1
walking,102335,102328,102335,7
sniffing,102400,102335,102400,65
pausing,102401,102400,102401,1
sniffing,102519,102401,102519,118
grooming,102520,102519,102520,1
sniffing,102625,102520,102625,105
rising,102626,102625,102626,1
climbing,102657,102626,102657,31
sniffing,102668,102657,102668,11
trotting,102697,102668,102697,29
left_turning,102717,102697,102717,20
rising,102736,102717,102736,19
left_turning,102737,102736,102737,1
rising,102760,102737,102760,23
pausing,102761,102760,102761,1
sniffing,102762,102761,102762,1
right_turning,102771,102762,102771,9
rearing,102823,102771,102823,52
sniffing,102924,102823,102924,101
stepping,102949,102924,102949,25
sniffing,103036,102949,103036,87
rising,103093,103036,103093,57
climbing,103169,103093,103169,76
rearing,103199,103169,103199,30
sniffing,103245,103199,103245,46
left_turning,103310,103245,103310,65
walking,103333,103310,103333,23
stepping,103380,103333,103380,47
sniffing,103509,103380,103509,129
grooming,103510,103509,103510,1
sniffing,103548,103510,103548,38
stepping,103567,103548,103567,19
walking,103598,103567,103598,31
sniffing,103599,103598,103599,1
left_turning,103655,103599,103655,56
sniffing,103656,103655,103656,1
pausing,103657,103656,103657,1
walking,103691,103657,103691,34
stepping,103692,103691,103692,1
right_turning,103724,103692,103724,32
sniffing,103767,103724,103767,43
stepping,103799,103767,103799,32
sniffing,103892,103799,103892,93
pausing,103893,103892,103893,1
sniffing,103948,103893,103948,55
rising,104027,103948,104027,79
left_turning,104028,104027,104028,1
sniffing,104099,104028,104099,71
left_turning,104161,104099,104161,62
walking,104183,104161,104183,22
sniffing,104184,104183,104184,1
walking,104194,104184,104194,10
climbing,104295,104194,104295,101
sniffing,104296,104295,104296,1
climbing,104297,104296,104297,1
sniffing,104359,104297,104359,62
stepping,104399,104359,104399,40
rising,104429,104399,104429,30
climbing,104430,104429,104430,1
sniffing,104462,104430,104462,32
rising,104524,104462,104524,62
left_turning,104598,104524,104598,74
stepping,104631,104598,104631,33
sniffing,104731,104631,104731,100
right_turning,104732,104731,104732,1
walking,104760,104732,104760,28
rearing,104775,104760,104775,15
climbing,104869,104775,104869,94
rising,104899,104869,104899,30
rearing,105012,104899,105012,113
grooming,105150,105012,105150,138
hunching,105237,105150,105237,87
sniffing,105341,105237,105341,104
rising,105342,105341,105342,1
walking,105371,105342,105371,29
sniffing,105404,105371,105404,33
rising,105413,105404,105413,9
walking,105428,105413,105428,15
rising,105457,105428,105457,29
climbing,105533,105457,105533,76
grooming,105806,105533,105806,273
rearing,105813,105806,105813,7
sniffing,105814,105813,105814,1
rising,105820,105814,105820,6
walking,105834,105820,105834,14
rising,105938,105834,105938,104
sniffing,105969,105938,105969,31
rising,106059,105969,106059,90
sniffing,106060,106059,106060,1
rearing,106148,106060,106148,88
grooming,106394,106148,106394,246
sniffing,106509,106394,106509,115
grooming,106558,106509,106558,49
sniffing,106657,106558,106657,99
pausing,106658,106657,106658,1
sniffing,106659,106658,106659,1
rearing,106682,106659,106682,23
rising,106683,106682,106683,1
climbing,106776,106683,106776,93
hunching,106777,106776,106777,1
rearing,106874,106777,106874,97
sniffing,106982,106874,106982,108
pausing,106983,106982,106983,1
sniffing,107035,106983,107035,52
left_turning,107096,107035,107096,61
rising,107159,107096,107159,63
sniffing,107214,107159,107214,55
walking,107248,107214,107248,34
left_turning,107265,107248,107265,17
sniffing,107331,107265,107331,66
walking,107346,107331,107346,15
rising,107347,107346,107347,1
climbing,107348,107347,107348,1
sniffing,107349,107348,107349,1
pausing,107350,107349,107350,1
sniffing,107411,107350,107411,61
rising,107443,107411,107443,32
walking,107474,107443,107474,31
sniffing,107475,107474,107475,1
rearing,107476,107475,107476,1
running,107508,107476,107508,32
sniffing,107587,107508,107587,79
rearing,107678,107587,107678,91
climbing,107735,107678,107735,57
trotting,107766,107735,107766,31
sniffing,107781,107766,107781,15
left_turning,107782,107781,107782,1
running,107794,107782,107794,12
trotting,107818,107794,107818,24
sniffing,107879,107818,107879,61
climbing,107910,107879,107910,31
rearing,107955,107910,107955,45
sniffing,107986,107955,107986,31
walking,108000,107986,108000,14
