revised_movement_label,segBoundary,segBoundary_start,segBoundary_end,length
trotting,8,0,8,8
climbing,70,8,70,62
trotting,71,70,71,1
walking,112,71,112,41
sniffing,113,112,113,1
rising,114,113,114,1
climbing,164,114,164,50
rising,219,164,219,55
walking,254,219,254,35
sniffing,255,254,255,1
hunching,295,255,295,40
climbing,320,295,320,25
rising,354,320,354,34
left_turning,360,354,360,6
sniffing,417,360,417,57
grooming,418,417,418,1
climbing,482,418,482,64
rising,497,482,497,15
sniffing,550,497,550,53
climbing,576,550,576,26
rearing,609,576,609,33
climbing,656,609,656,47
sniffing,737,656,737,81
stepping,783,737,783,46
trotting,797,783,797,14
walking,798,797,798,1
sniffing,802,798,802,4
left_turning,834,802,834,32
climbing,861,834,861,27
right_turning,915,861,915,54
left_turning,916,915,916,1
trotting,923,916,923,7
walking,933,923,933,10
sniffing,984,933,984,51
trotting,1009,984,1009,25
stepping,1053,1009,1053,44
walking,1067,1053,1067,14
climbing,1112,1067,1112,45
sniffing,1113,1112,1113,1
trotting,1138,1113,1138,25
walking,1143,1138,1143,5
left_turning,1211,1143,1211,68
walking,1228,1211,1228,17
rising,1300,1228,1300,72
right_turning,1303,1300,1303,3
trotting,1343,1303,1343,40
sniffing,1364,1343,1364,21
walking,1365,1364,1365,1
trotting,1385,1365,1385,20
climbing,1413,1385,1413,28
sniffing,1477,1413,1477,64
rising,1555,1477,1555,78
right_turning,1556,1555,1556,1
trotting,1572,1556,1572,16
walking,1583,1572,1583,11
left_turning,1599,1583,1599,16
walking,1608,1599,1608,9
sniffing,1609,1608,1609,1
rising,1631,1609,1631,22
sniffing,1650,1631,1650,19
walking,1665,1650,1665,15
sniffing,1699,1665,1699,34
climbing,1744,1699,1744,45
sniffing,1760,1744,1760,16
right_turning,1773,1760,1773,13
walking,1775,1773,1775,2
stepping,1776,1775,1776,1
climbing,1842,1776,1842,66
trotting,1883,1842,1883,41
walking,1901,1883,1901,18
sniffing,1902,1901,1902,1
left_turning,1957,1902,1957,55
walking,2038,1957,2038,81
sniffing,2104,2038,2104,66
stepping,2112,2104,2112,8
climbing,2160,2112,2160,48
rising,2169,2160,2169,9
sniffing,2193,2169,2193,24
rising,2221,2193,2221,28
climbing,2252,2221,2252,31
sniffing,2327,2252,2327,75
left_turning,2401,2327,2401,74
running,2432,2401,2432,31
rising,2433,2432,2433,1
hunching,2437,2433,2437,4
sniffing,2484,2437,2484,47
walking,2512,2484,2512,28
sniffing,2513,2512,2513,1
climbing,2559,2513,2559,46
sniffing,2612,2559,2612,53
left_turning,2673,2612,2673,61
rising,2819,2673,2819,146
climbing,2852,2819,2852,33
left_turning,2885,2852,2885,33
sniffing,2930,2885,2930,45
trotting,2963,2930,2963,33
sniffing,2995,2963,2995,32
walking,3067,2995,3067,72
sniffing,3108,3067,3108,41
climbing,3144,3108,3144,36
walking,3228,3144,3228,84
left_turning,3320,3228,3320,92
sniffing,3326,3320,3326,6
climbing,3354,3326,3354,28
right_turning,3390,3354,3390,36
trotting,3444,3390,3444,54
walking,3524,3444,3524,80
rising,3534,3524,3534,10
sniffing,3642,3534,3642,108
walking,3673,3642,3673,31
sniffing,3710,3673,3710,37
trotting,3729,3710,3729,19
rising,3730,3729,3730,1
rearing,3921,3730,3921,191
sniffing,3922,3921,3922,1
walking,3965,3922,3965,43
left_turning,3999,3965,3999,34
trotting,4023,3999,4023,24
sniffing,4024,4023,4024,1
climbing,4044,4024,4044,20
rising,4088,4044,4088,44
walking,4089,4088,4089,1
climbing,4131,4089,4131,42
right_turning,4162,4131,4162,31
sniffing,4199,4162,4199,37
running,4241,4199,4241,42
walking,4257,4241,4257,16
rearing,4261,4257,4261,4
rising,4304,4261,4304,43
sniffing,4359,4304,4359,55
rising,4360,4359,4360,1
climbing,4390,4360,4390,30
sniffing,4395,4390,4395,5
rising,4459,4395,4459,64
climbing,4473,4459,4473,14
right_turning,4483,4473,4483,10
rising,4484,4483,4484,1
sniffing,4653,4484,4653,169
walking,4679,4653,4679,26
sniffing,4776,4679,4776,97
walking,4819,4776,4819,43
sniffing,4859,4819,4859,40
climbing,4896,4859,4896,37
left_turning,4910,4896,4910,14
walking,4947,4910,4947,37
trotting,4957,4947,4957,10
sniffing,4960,4957,4960,3
rising,4981,4960,4981,21
left_turning,5042,4981,5042,61
sniffing,5099,5042,5099,57
walking,5100,5099,5100,1
climbing,5132,5100,5132,32
sniffing,5235,5132,5235,103
climbing,5290,5235,5290,55
sniffing,5297,5290,5297,7
left_turning,5331,5297,5331,34
walking,5344,5331,5344,13
sniffing,5345,5344,5345,1
right_turning,5346,5345,5346,1
walking,5377,5346,5377,31
sniffing,5385,5377,5385,8
rising,5408,5385,5408,23
left_turning,5414,5408,5414,6
grooming,5682,5414,5682,268
sniffing,5711,5682,5711,29
walking,5771,5711,5771,60
sniffing,5772,5771,5772,1
left_turning,5870,5772,5870,98
sniffing,5903,5870,5903,33
left_turning,5945,5903,5945,42
sniffing,6053,5945,6053,108
walking,6128,6053,6128,75
stepping,6136,6128,6136,8
climbing,6171,6136,6171,35
left_turning,6198,6171,6198,27
trotting,6203,6198,6203,5
sniffing,6280,6203,6280,77
climbing,6345,6280,6345,65
rising,6442,6345,6442,97
sniffing,6483,6442,6483,41
climbing,6547,6483,6547,64
sniffing,6580,6547,6580,33
climbing,6660,6580,6660,80
stepping,6683,6660,6683,23
walking,6704,6683,6704,21
climbing,6738,6704,6738,34
walking,6773,6738,6773,35
left_turning,6793,6773,6793,20
sniffing,6844,6793,6844,51
right_turning,6870,6844,6870,26
trotting,6871,6870,6871,1
sniffing,6905,6871,6905,34
climbing,6924,6905,6924,19
sniffing,6976,6924,6976,52
left_turning,6977,6976,6977,1
walking,7033,6977,7033,56
stepping,7055,7033,7055,22
rising,7065,7055,7065,10
sniffing,7143,7065,7143,78
climbing,7204,7143,7204,61
sniffing,7270,7204,7270,66
climbing,7315,7270,7315,45
sniffing,7375,7315,7375,60
walking,7416,7375,7416,41
sniffing,7471,7416,7471,55
walking,7554,7471,7554,83
sniffing,7581,7554,7581,27
walking,7684,7581,7684,103
climbing,7722,7684,7722,38
sniffing,7759,7722,7759,37
rearing,7916,7759,7916,157
climbing,7966,7916,7966,50
walking,8018,7966,8018,52
left_turning,8064,8018,8064,46
walking,8119,8064,8119,55
sniffing,8167,8119,8167,48
right_turning,8170,8167,8170,3
climbing,8193,8170,8193,23
walking,8194,8193,8194,1
climbing,8221,8194,8221,27
trotting,8249,8221,8249,28
walking,8250,8249,8250,1
sniffing,8374,8250,8374,124
walking,8429,8374,8429,55
sniffing,8473,8429,8473,44
climbing,8594,8473,8594,121
right_turning,8615,8594,8615,21
walking,8663,8615,8663,48
climbing,8683,8663,8683,20
sniffing,8745,8683,8745,62
climbing,8807,8745,8807,62
sniffing,8808,8807,8808,1
walking,8831,8808,8831,23
left_turning,8854,8831,8854,23
rising,8890,8854,8890,36
right_turning,8915,8890,8915,25
trotting,8919,8915,8919,4
walking,8978,8919,8978,59
sniffing,9061,8978,9061,83
left_turning,9062,9061,9062,1
sniffing,9143,9062,9143,81
left_turning,9157,9143,9157,14
walking,9168,9157,9168,11
sniffing,9170,9168,9170,2
rising,9242,9170,9242,72
walking,9288,9242,9288,46
sniffing,9289,9288,9289,1
left_turning,9356,9289,9356,67
running,9385,9356,9385,29
left_turning,9462,9385,9462,77
rearing,9564,9462,9564,102
rising,9663,9564,9663,99
sniffing,9664,9663,9664,1
trotting,9726,9664,9726,62
sniffing,9768,9726,9768,42
right_turning,9769,9768,9769,1
walking,9804,9769,9804,35
left_turning,9827,9804,9827,23
sniffing,9849,9827,9849,22
left_turning,9857,9849,9857,8
sniffing,9880,9857,9880,23
left_turning,9923,9880,9923,43
sniffing,9946,9923,9946,23
walking,10043,9946,10043,97
rising,10129,10043,10129,86
left_turning,10130,10129,10130,1
sniffing,10131,10130,10131,1
walking,10139,10131,10139,8
rearing,10200,10139,10200,61
sniffing,10201,10200,10201,1
climbing,10262,10201,10262,61
walking,10288,10262,10288,26
sniffing,10355,10288,10355,67
climbing,10373,10355,10373,18
trotting,10389,10373,10389,16
sniffing,10418,10389,10418,29
rising,10492,10418,10492,74
climbing,10549,10492,10549,57
trotting,10598,10549,10598,49
sniffing,10645,10598,10645,47
hunching,10732,10645,10732,87
sniffing,10781,10732,10781,49
climbing,10806,10781,10806,25
sniffing,10808,10806,10808,2
climbing,10843,10808,10843,35
rearing,10894,10843,10894,51
trotting,10944,10894,10944,50
rising,10986,10944,10986,42
climbing,11036,10986,11036,50
rising,11048,11036,11048,12
climbing,11070,11048,11070,22
sniffing,11199,11070,11199,129
stepping,11216,11199,11216,17
sniffing,11251,11216,11251,35
walking,11275,11251,11275,24
rising,11276,11275,11276,1
trotting,11350,11276,11350,74
sniffing,11430,11350,11430,80
trotting,11445,11430,11445,15
climbing,11519,11445,11519,74
sniffing,11520,11519,11520,1
rising,11526,11520,11526,6
climbing,11565,11526,11565,39
running,11594,11565,11594,29
walking,11630,11594,11630,36
sniffing,11724,11630,11724,94
rising,11725,11724,11725,1
rearing,11757,11725,11757,32
climbing,11845,11757,11845,88
rising,11902,11845,11902,57
climbing,11940,11902,11940,38
sniffing,12026,11940,12026,86
rising,12027,12026,12027,1
grooming,12028,12027,12028,1
hunching,12060,12028,12060,32
trotting,12084,12060,12084,24
sniffing,12271,12084,12271,187
rising,12272,12271,12272,1
walking,12274,12272,12274,2
sniffing,12300,12274,12300,26
climbing,12306,12300,12306,6
trotting,12346,12306,12346,40
climbing,12362,12346,12362,16
sniffing,12363,12362,12363,1
right_turning,12399,12363,12399,36
walking,12426,12399,12426,27
climbing,12484,12426,12484,58
trotting,12502,12484,12502,18
sniffing,12539,12502,12539,37
rising,12594,12539,12594,55
sniffing,12595,12594,12595,1
trotting,12648,12595,12648,53
left_turning,12681,12648,12681,33
stepping,12696,12681,12696,15
trotting,12727,12696,12727,31
left_turning,12730,12727,12730,3
climbing,12796,12730,12796,66
left_turning,12800,12796,12800,4
climbing,12824,12800,12824,24
walking,12865,12824,12865,41
sniffing,12946,12865,12946,81
walking,12991,12946,12991,45
sniffing,13048,12991,13048,57
stepping,13070,13048,13070,22
sniffing,13075,13070,13075,5
left_turning,13124,13075,13124,49
sniffing,13125,13124,13125,1
rising,13469,13125,13469,344
climbing,13470,13469,13470,1
trotting,13515,13470,13515,45
walking,13555,13515,13555,40
climbing,13612,13555,13612,57
sniffing,13671,13612,13671,59
walking,13709,13671,13709,38
sniffing,13755,13709,13755,46
trotting,13797,13755,13797,42
sniffing,13798,13797,13798,1
left_turning,13811,13798,13811,13
rising,13812,13811,13812,1
grooming,14918,13812,14918,1106
sniffing,14919,14918,14919,1
walking,14945,14919,14945,26
climbing,15000,14945,15000,55
sniffing,15043,15000,15043,43
climbing,15065,15043,15065,22
left_turning,15086,15065,15086,21
sniffing,15097,15086,15097,11
climbing,15107,15097,15107,10
left_turning,15145,15107,15145,38
sniffing,15214,15145,15214,69
climbing,15249,15214,15249,35
sniffing,15318,15249,15318,69
climbing,15336,15318,15336,18
right_turning,15365,15336,15365,29
rising,15508,15365,15508,143
walking,15525,15508,15525,17
sniffing,15544,15525,15544,19
rising,15575,15544,15575,31
climbing,15615,15575,15615,40
sniffing,15644,15615,15644,29
left_turning,15712,15644,15712,68
running,15731,15712,15731,19
walking,15785,15731,15785,54
trotting,15821,15785,15821,36
walking,15822,15821,15822,1
climbing,15870,15822,15870,48
sniffing,15871,15870,15871,1
walking,15873,15871,15873,2
climbing,15920,15873,15920,47
walking,15949,15920,15949,29
climbing,16040,15949,16040,91
walking,16080,16040,16080,40
running,16107,16080,16107,27
sniffing,16133,16107,16133,26
rising,16342,16133,16342,209
climbing,16385,16342,16385,43
stepping,16426,16385,16426,41
walking,16478,16426,16478,52
climbing,16550,16478,16550,72
rising,16555,16550,16555,5
climbing,16603,16555,16603,48
sniffing,16619,16603,16619,16
trotting,16632,16619,16632,13
sniffing,16714,16632,16714,82
walking,16715,16714,16715,1
hunching,16781,16715,16781,66
right_turning,16785,16781,16785,4
sniffing,16951,16785,16951,166
right_turning,16956,16951,16956,5
walking,16981,16956,16981,25
sniffing,17005,16981,17005,24
climbing,17033,17005,17033,28
sniffing,17034,17033,17034,1
walking,17059,17034,17059,25
sniffing,17096,17059,17096,37
rising,17097,17096,17097,1
walking,17122,17097,17122,25
trotting,17153,17122,17153,31
stepping,17179,17153,17179,26
rising,17284,17179,17284,105
right_turning,17285,17284,17285,1
climbing,17325,17285,17325,40
right_turning,17370,17325,17370,45
running,17417,17370,17417,47
walking,17430,17417,17430,13
rising,17487,17430,17487,57
sniffing,17547,17487,17547,60
walking,17548,17547,17548,1
sniffing,17549,17548,17549,1
climbing,17582,17549,17582,33
sniffing,17602,17582,17602,20
climbing,17643,17602,17643,41
right_turning,17659,17643,17659,16
climbing,17689,17659,17689,30
sniffing,17713,17689,17713,24
climbing,17746,17713,17746,33
sniffing,17914,17746,17914,168
rising,17966,17914,17966,52
right_turning,17973,17966,17973,7
rising,17974,17973,17974,1
climbing,18070,17974,18070,96
sniffing,18071,18070,18071,1
rearing,18072,18071,18072,1
walking,18098,18072,18098,26
sniffing,18144,18098,18144,46
rising,18171,18144,18171,27
right_turning,18184,18171,18184,13
trotting,18210,18184,18210,26
stepping,18211,18210,18211,1
trotting,18233,18211,18233,22
sniffing,18297,18233,18297,64
climbing,18304,18297,18304,7
running,18319,18304,18319,15
walking,18330,18319,18330,11
rising,18360,18330,18360,30
stepping,18376,18360,18376,16
sniffing,18461,18376,18461,85
stepping,18482,18461,18482,21
sniffing,18500,18482,18500,18
climbing,18535,18500,18535,35
right_turning,18561,18535,18561,26
stepping,18562,18561,18562,1
sniffing,18605,18562,18605,43
rising,18628,18605,18628,23
grooming,18629,18628,18629,1
rearing,18701,18629,18701,72
right_turning,18727,18701,18727,26
sniffing,18774,18727,18774,47
trotting,18794,18774,18794,20
walking,18823,18794,18823,29
sniffing,18900,18823,18900,77
left_turning,18954,18900,18954,54
sniffing,19076,18954,19076,122
trotting,19130,19076,19130,54
sniffing,19377,19130,19377,247
rising,19435,19377,19435,58
climbing,19475,19435,19475,40
sniffing,19493,19475,19493,18
right_turning,19505,19493,19505,12
walking,19561,19505,19561,56
rising,19636,19561,19636,75
climbing,19663,19636,19663,27
left_turning,19694,19663,19694,31
sniffing,19695,19694,19695,1
walking,19730,19695,19730,35
stepping,19735,19730,19735,5
sniffing,19774,19735,19774,39
rising,19775,19774,19775,1
sniffing,19819,19775,19819,44
rearing,19820,19819,19820,1
sniffing,19862,19820,19862,42
climbing,19889,19862,19889,27
rising,20012,19889,20012,123
climbing,20013,20012,20013,1
sniffing,20032,20013,20032,19
left_turning,20033,20032,20033,1
trotting,20039,20033,20039,6
right_turning,20049,20039,20049,10
trotting,20057,20049,20057,8
running,20085,20057,20085,28
sniffing,20087,20085,20087,2
hunching,20088,20087,20088,1
sniffing,20160,20088,20160,72
climbing,20214,20160,20214,54
sniffing,20215,20214,20215,1
stepping,20236,20215,20236,21
sniffing,20247,20236,20247,11
walking,20325,20247,20325,78
rising,20391,20325,20391,66
climbing,20452,20391,20452,61
sniffing,20521,20452,20521,69
grooming,20522,20521,20522,1
rising,20620,20522,20620,98
climbing,20668,20620,20668,48
rearing,20790,20668,20790,122
rising,20821,20790,20821,31
climbing,20836,20821,20836,15
rearing,20874,20836,20874,38
grooming,20875,20874,20875,1
sniffing,20901,20875,20901,26
climbing,20933,20901,20933,32
walking,20939,20933,20939,6
rising,20940,20939,20940,1
climbing,20974,20940,20974,34
rising,20997,20974,20997,23
sniffing,21057,20997,21057,60
rising,21058,21057,21058,1
climbing,21106,21058,21106,48
trotting,21155,21106,21155,49
left_turning,21156,21155,21156,1
sniffing,21212,21156,21212,56
walking,21225,21212,21225,13
sniffing,21294,21225,21294,69
trotting,21319,21294,21319,25
walking,21348,21319,21348,29
sniffing,21435,21348,21435,87
hunching,21455,21435,21455,20
grooming,21577,21455,21577,122
left_turning,21593,21577,21593,16
sniffing,21638,21593,21638,45
rising,21639,21638,21639,1
sniffing,21707,21639,21707,68
walking,21715,21707,21715,8
climbing,21747,21715,21747,32
rising,21775,21747,21775,28
climbing,21776,21775,21776,1
rising,21784,21776,21784,8
hunching,21785,21784,21785,1
sniffing,21786,21785,21786,1
rising,21909,21786,21909,123
walking,21962,21909,21962,53
rising,21967,21962,21967,5
climbing,21997,21967,21997,30
hunching,22032,21997,22032,35
climbing,22064,22032,22064,32
walking,22109,22064,22109,45
left_turning,22140,22109,22140,31
sniffing,22178,22140,22178,38
grooming,22179,22178,22179,1
stepping,22207,22179,22207,28
sniffing,22229,22207,22229,22
rising,22270,22229,22270,41
sniffing,22271,22270,22271,1
climbing,22320,22271,22320,49
walking,22346,22320,22346,26
climbing,22370,22346,22370,24
sniffing,22435,22370,22435,65
rising,22436,22435,22436,1
grooming,22748,22436,22748,312
sniffing,22749,22748,22749,1
rising,22763,22749,22763,14
rearing,22823,22763,22823,60
rising,22966,22823,22966,143
sniffing,23023,22966,23023,57
rising,23035,23023,23035,12
sniffing,23060,23035,23060,25
left_turning,23096,23060,23096,36
walking,23108,23096,23108,12
rising,23129,23108,23129,21
climbing,23217,23129,23217,88
walking,23248,23217,23248,31
sniffing,23249,23248,23249,1
climbing,23331,23249,23331,82
walking,23348,23331,23348,17
rising,23349,23348,23349,1
climbing,23398,23349,23398,49
rising,23483,23398,23483,85
climbing,23513,23483,23513,30
rising,23623,23513,23623,110
sniffing,23675,23623,23675,52
running,23690,23675,23690,15
sniffing,23691,23690,23691,1
walking,23739,23691,23739,48
trotting,23775,23739,23775,36
walking,23782,23775,23782,7
sniffing,23827,23782,23827,45
left_turning,23828,23827,23828,1
walking,23866,23828,23866,38
sniffing,23913,23866,23913,47
left_turning,23960,23913,23960,47
sniffing,23981,23960,23981,21
pausing,23982,23981,23982,1
sniffing,23983,23982,23983,1
left_turning,24014,23983,24014,31
walking,24033,24014,24033,19
trotting,24055,24033,24055,22
walking,24067,24055,24067,12
rising,24068,24067,24068,1
climbing,24142,24068,24142,74
walking,24203,24142,24203,61
sniffing,24299,24203,24299,96
left_turning,24329,24299,24329,30
walking,24355,24329,24355,26
left_turning,24413,24355,24413,58
trotting,24414,24413,24414,1
rising,24495,24414,24495,81
climbing,24535,24495,24535,40
hunching,24580,24535,24580,45
sniffing,24581,24580,24581,1
rising,24582,24581,24582,1
climbing,24637,24582,24637,55
sniffing,24638,24637,24638,1
walking,24686,24638,24686,48
sniffing,24687,24686,24687,1
climbing,24807,24687,24807,120
rearing,24846,24807,24846,39
climbing,24866,24846,24866,20
hunching,24881,24866,24881,15
rising,24920,24881,24920,39
right_turning,24937,24920,24937,17
running,24959,24937,24959,22
rising,24960,24959,24960,1
grooming,25269,24960,25269,309
rearing,25400,25269,25400,131
climbing,25412,25400,25412,12
rearing,25573,25412,25573,161
left_turning,25597,25573,25597,24
stepping,25611,25597,25611,14
climbing,25737,25611,25737,126
sniffing,25806,25737,25806,69
walking,25807,25806,25807,1
stepping,25821,25807,25821,14
sniffing,25845,25821,25845,24
rising,25897,25845,25897,52
rearing,25965,25897,25965,68
walking,25966,25965,25966,1
hunching,25967,25966,25967,1
climbing,26024,25967,26024,57
rising,26027,26024,26027,3
left_turning,26039,26027,26039,12
trotting,26090,26039,26090,51
sniffing,26091,26090,26091,1
right_turning,26120,26091,26120,29
walking,26168,26120,26168,48
sniffing,26207,26168,26207,39
hunching,26270,26207,26270,63
stepping,26274,26270,26274,4
walking,26329,26274,26329,55
rising,26330,26329,26330,1
climbing,26387,26330,26387,57
trotting,26418,26387,26418,31
sniffing,26481,26418,26481,63
running,26500,26481,26500,19
climbing,26568,26500,26568,68
sniffing,26569,26568,26569,1
climbing,26693,26569,26693,124
sniffing,26786,26693,26786,93
walking,26818,26786,26818,32
sniffing,26823,26818,26823,5
rising,26892,26823,26892,69
sniffing,26945,26892,26945,53
climbing,26968,26945,26968,23
left_turning,26975,26968,26975,7
rising,26986,26975,26986,11
climbing,27053,26986,27053,67
trotting,27097,27053,27097,44
stepping,27138,27097,27138,41
walking,27293,27138,27293,155
left_turning,27303,27293,27303,10
walking,27326,27303,27326,23
running,27345,27326,27345,19
sniffing,27423,27345,27423,78
trotting,27438,27423,27438,15
sniffing,27476,27438,27476,38
rising,27560,27476,27560,84
sniffing,27620,27560,27620,60
trotting,27652,27620,27652,32
sniffing,27653,27652,27653,1
trotting,27658,27653,27658,5
stepping,27667,27658,27667,9
left_turning,27690,27667,27690,23
sniffing,27691,27690,27691,1
walking,27726,27691,27726,35
trotting,27747,27726,27747,21
walking,27764,27747,27764,17
rising,27765,27764,27765,1
climbing,27805,27765,27805,40
sniffing,27806,27805,27806,1
left_turning,27827,27806,27827,21
sniffing,27940,27827,27940,113
rising,27941,27940,27941,1
sniffing,28019,27941,28019,78
trotting,28060,28019,28060,41
hunching,28337,28060,28337,277
rising,28415,28337,28415,78
sniffing,28416,28415,28416,1
left_turning,28435,28416,28435,19
walking,28436,28435,28436,1
sniffing,28475,28436,28475,39
walking,28499,28475,28499,24
sniffing,28715,28499,28715,216
stepping,28761,28715,28761,46
sniffing,28762,28761,28762,1
stepping,28806,28762,28806,44
right_turning,28811,28806,28811,5
walking,28833,28811,28833,22
sniffing,28926,28833,28926,93
left_turning,28945,28926,28945,19
trotting,28960,28945,28960,15
stepping,29029,28960,29029,69
rearing,29103,29029,29103,74
grooming,29104,29103,29104,1
walking,29109,29104,29109,5
sniffing,29120,29109,29120,11
climbing,29146,29120,29146,26
rearing,29218,29146,29218,72
left_turning,29237,29218,29237,19
sniffing,29265,29237,29265,28
rising,29359,29265,29359,94
climbing,29453,29359,29453,94
rearing,29561,29453,29561,108
right_turning,29565,29561,29565,4
sniffing,29602,29565,29602,37
left_turning,29609,29602,29609,7
sniffing,29629,29609,29629,20
rising,29700,29629,29700,71
climbing,29759,29700,29759,59
rearing,29833,29759,29833,74
climbing,29916,29833,29916,83
hunching,30068,29916,30068,152
sniffing,30163,30068,30163,95
climbing,30210,30163,30210,47
right_turning,30227,30210,30227,17
sniffing,30262,30227,30262,35
walking,30301,30262,30301,39
left_turning,30340,30301,30340,39
rising,30356,30340,30356,16
sniffing,30422,30356,30422,66
right_turning,30463,30422,30463,41
walking,30464,30463,30464,1
sniffing,30481,30464,30481,17
trotting,30513,30481,30513,32
stepping,30554,30513,30554,41
sniffing,30639,30554,30639,85
right_turning,30646,30639,30646,7
stepping,30677,30646,30677,31
running,30694,30677,30694,17
rising,30695,30694,30695,1
sniffing,30739,30695,30739,44
walking,30776,30739,30776,37
sniffing,30813,30776,30813,37
trotting,30830,30813,30830,17
sniffing,30831,30830,30831,1
walking,30885,30831,30885,54
sniffing,30964,30885,30964,79
right_turning,30975,30964,30975,11
walking,30996,30975,30996,21
sniffing,31047,30996,31047,51
rising,31250,31047,31250,203
climbing,31277,31250,31277,27
left_turning,31320,31277,31320,43
rising,31336,31320,31336,16
walking,31343,31336,31343,7
sniffing,31391,31343,31391,48
walking,31457,31391,31457,66
hunching,31474,31457,31474,17
sniffing,31502,31474,31502,28
walking,31519,31502,31519,17
running,31565,31519,31565,46
walking,31585,31565,31585,20
left_turning,31586,31585,31586,1
sniffing,31810,31586,31810,224
left_turning,31811,31810,31811,1
sniffing,31812,31811,31812,1
left_turning,31854,31812,31854,42
rising,31855,31854,31855,1
climbing,31865,31855,31865,10
rising,31866,31865,31866,1
rearing,32132,31866,32132,266
right_turning,32172,32132,32172,40
walking,32189,32172,32189,17
sniffing,32228,32189,32228,39
left_turning,32262,32228,32262,34
walking,32274,32262,32274,12
climbing,32337,32274,32337,63
walking,32353,32337,32353,16
left_turning,32403,32353,32403,50
sniffing,32467,32403,32467,64
left_turning,32533,32467,32533,66
rising,32583,32533,32583,50
walking,32588,32583,32588,5
sniffing,32632,32588,32632,44
rearing,32735,32632,32735,103
grooming,33144,32735,33144,409
walking,33214,33144,33214,70
running,33229,33214,33229,15
rising,33281,33229,33281,52
climbing,33329,33281,33329,48
stepping,33345,33329,33345,16
sniffing,33348,33345,33348,3
rising,33403,33348,33403,55
hunching,33475,33403,33475,72
walking,33509,33475,33509,34
sniffing,33637,33509,33637,128
rearing,33726,33637,33726,89
sniffing,33731,33726,33731,5
rising,33739,33731,33739,8
climbing,33782,33739,33782,43
hunching,33863,33782,33863,81
rearing,33880,33863,33880,17
sniffing,33881,33880,33881,1
left_turning,33903,33881,33903,22
rising,33904,33903,33904,1
rearing,33905,33904,33905,1
sniffing,33978,33905,33978,73
rising,33979,33978,33979,1
rearing,33980,33979,33980,1
hunching,34087,33980,34087,107
climbing,34109,34087,34109,22
walking,34138,34109,34138,29
sniffing,34197,34138,34197,59
rising,34198,34197,34198,1
sniffing,34278,34198,34278,80
climbing,34321,34278,34321,43
sniffing,34358,34321,34358,37
left_turning,34422,34358,34422,64
trotting,34436,34422,34436,14
rearing,34534,34436,34534,98
sniffing,34557,34534,34557,23
walking,34558,34557,34558,1
rising,34580,34558,34580,22
rearing,34664,34580,34664,84
right_turning,34692,34664,34692,28
trotting,34724,34692,34724,32
sniffing,34776,34724,34776,52
walking,34794,34776,34794,18
running,34798,34794,34798,4
walking,34818,34798,34818,20
sniffing,34825,34818,34825,7
walking,34849,34825,34849,24
hunching,34979,34849,34979,130
climbing,35045,34979,35045,66
rising,35058,35045,35058,13
trotting,35080,35058,35080,22
walking,35145,35080,35145,65
sniffing,35182,35145,35182,37
climbing,35210,35182,35210,28
rising,35257,35210,35257,47
walking,35298,35257,35298,41
climbing,35325,35298,35325,27
running,35328,35325,35328,3
walking,35329,35328,35329,1
rising,35375,35329,35375,46
sniffing,35403,35375,35403,28
pausing,35404,35403,35404,1
sniffing,35441,35404,35441,37
trotting,35476,35441,35476,35
sniffing,35514,35476,35514,38
walking,35515,35514,35515,1
running,35535,35515,35535,20
climbing,35546,35535,35546,11
sniffing,35594,35546,35594,48
hunching,35608,35594,35608,14
climbing,35646,35608,35646,38
walking,35666,35646,35666,20
sniffing,35688,35666,35688,22
left_turning,35735,35688,35735,47
rising,35921,35735,35921,186
walking,35958,35921,35958,37
sniffing,36015,35958,36015,57
climbing,36064,36015,36064,49
sniffing,36128,36064,36128,64
walking,36129,36128,36129,1
sniffing,36225,36129,36225,96
rising,36243,36225,36243,18
climbing,36266,36243,36266,23
right_turning,36274,36266,36274,8
walking,36275,36274,36275,1
stepping,36293,36275,36293,18
climbing,36294,36293,36294,1
walking,36328,36294,36328,34
rising,36348,36328,36348,20
rearing,36453,36348,36453,105
walking,36479,36453,36479,26
left_turning,36495,36479,36495,16
trotting,36561,36495,36561,66
sniffing,36579,36561,36579,18
walking,36590,36579,36590,11
trotting,36615,36590,36615,25
walking,36679,36615,36679,64
sniffing,36764,36679,36764,85
climbing,36797,36764,36797,33
sniffing,36812,36797,36812,15
walking,36841,36812,36841,29
sniffing,36866,36841,36866,25
walking,36900,36866,36900,34
left_turning,36994,36900,36994,94
sniffing,37051,36994,37051,57
rising,37052,37051,37052,1
walking,37069,37052,37069,17
rising,37117,37069,37117,48
rearing,37169,37117,37169,52
rising,37215,37169,37215,46
sniffing,37216,37215,37216,1
rising,37315,37216,37315,99
sniffing,37317,37315,37317,2
rising,37345,37317,37345,28
walking,37369,37345,37369,24
climbing,37391,37369,37391,22
left_turning,37392,37391,37392,1
sniffing,37393,37392,37393,1
walking,37437,37393,37437,44
sniffing,37438,37437,37438,1
climbing,37467,37438,37467,29
right_turning,37505,37467,37505,38
walking,37506,37505,37506,1
sniffing,37518,37506,37518,12
rising,37519,37518,37519,1
sniffing,37577,37519,37577,58
rising,37639,37577,37639,62
climbing,37713,37639,37713,74
stepping,37752,37713,37752,39
sniffing,37758,37752,37758,6
left_turning,37772,37758,37772,14
sniffing,37894,37772,37894,122
climbing,37964,37894,37964,70
sniffing,37995,37964,37995,31
grooming,38017,37995,38017,22
rearing,38304,38017,38304,287
rising,38316,38304,38316,12
climbing,38337,38316,38337,21
walking,38357,38337,38357,20
stepping,38382,38357,38382,25
walking,38401,38382,38401,19
rearing,38402,38401,38402,1
rising,38407,38402,38407,5
walking,38453,38407,38453,46
trotting,38477,38453,38477,24
stepping,38537,38477,38537,60
sniffing,38578,38537,38578,41
grooming,38580,38578,38580,2
climbing,38630,38580,38630,50
sniffing,38657,38630,38657,27
left_turning,38671,38657,38671,14
sniffing,38696,38671,38696,25
right_turning,38730,38696,38730,34
sniffing,38798,38730,38798,68
left_turning,38799,38798,38799,1
rising,38862,38799,38862,63
left_turning,38907,38862,38907,45
walking,38940,38907,38940,33
sniffing,39061,38940,39061,121
rearing,39177,39061,39177,116
sniffing,39229,39177,39229,52
rising,39286,39229,39286,57
rearing,39323,39286,39323,37
rising,39345,39323,39345,22
left_turning,39346,39345,39346,1
sniffing,39364,39346,39364,18
right_turning,39384,39364,39384,20
walking,39483,39384,39483,99
sniffing,39509,39483,39509,26
rising,39581,39509,39581,72
sniffing,39667,39581,39667,86
pausing,39818,39667,39818,151
sniffing,39861,39818,39861,43
jumping,39874,39861,39874,13
running,39907,39874,39907,33
rising,39920,39907,39920,13
hunching,40078,39920,40078,158
rising,40117,40078,40117,39
climbing,40200,40117,40200,83
rising,40236,40200,40236,36
left_turning,40264,40236,40264,28
sniffing,40284,40264,40284,20
left_turning,40298,40284,40298,14
sniffing,40322,40298,40322,24
left_turning,40376,40322,40376,54
sniffing,40402,40376,40402,26
left_turning,40443,40402,40443,41
walking,40450,40443,40450,7
sniffing,40518,40450,40518,68
left_turning,40570,40518,40570,52
sniffing,40626,40570,40626,56
left_turning,40646,40626,40646,20
sniffing,40667,40646,40667,21
walking,40682,40667,40682,15
stepping,40705,40682,40705,23
walking,40728,40705,40728,23
rearing,40729,40728,40729,1
grooming,40730,40729,40730,1
climbing,40731,40730,40731,1
walking,40748,40731,40748,17
sniffing,40805,40748,40805,57
rising,40836,40805,40836,31
climbing,40889,40836,40889,53
walking,40890,40889,40890,1
left_turning,40942,40890,40942,52
rising,40943,40942,40943,1
walking,40944,40943,40944,1
sniffing,41030,40944,41030,86
rising,41080,41030,41080,50
left_turning,41149,41080,41149,69
sniffing,41210,41149,41210,61
walking,41211,41210,41211,1
rising,41293,41211,41293,82
climbing,41342,41293,41342,49
left_turning,41343,41342,41343,1
sniffing,41429,41343,41429,86
rising,41430,41429,41430,1
sniffing,41494,41430,41494,64
walking,41568,41494,41568,74
sniffing,41588,41568,41588,20
walking,41659,41588,41659,71
left_turning,41687,41659,41687,28
sniffing,41747,41687,41747,60
stepping,41753,41747,41753,6
walking,41754,41753,41754,1
sniffing,41854,41754,41854,100
rising,41855,41854,41855,1
rearing,41856,41855,41856,1
sniffing,41901,41856,41901,45
rising,41902,41901,41902,1
climbing,41948,41902,41948,46
walking,42001,41948,42001,53
climbing,42034,42001,42034,33
walking,42047,42034,42047,13
rising,42062,42047,42062,15
walking,42110,42062,42110,48
sniffing,42157,42110,42157,47
left_turning,42186,42157,42186,29
sniffing,42187,42186,42187,1
walking,42194,42187,42194,7
sniffing,42238,42194,42238,44
hunching,42274,42238,42274,36
sniffing,42289,42274,42289,15
rearing,42452,42289,42452,163
grooming,42582,42452,42582,130
hunching,42633,42582,42633,51
stepping,42675,42633,42675,42
walking,42740,42675,42740,65
sniffing,42768,42740,42768,28
climbing,42825,42768,42825,57
sniffing,42918,42825,42918,93
right_turning,42960,42918,42960,42
walking,42961,42960,42961,1
stepping,42980,42961,42980,19
walking,42991,42980,42991,11
left_turning,43025,42991,43025,34
walking,43032,43025,43032,7
climbing,43046,43032,43046,14
grooming,43051,43046,43051,5
rearing,43062,43051,43062,11
rising,43116,43062,43116,54
climbing,43205,43116,43205,89
walking,43206,43205,43206,1
rising,43207,43206,43207,1
sniffing,43208,43207,43208,1
rising,43264,43208,43264,56
sniffing,43274,43264,43274,10
walking,43308,43274,43308,34
sniffing,43373,43308,43373,65
rising,43394,43373,43394,21
climbing,43413,43394,43413,19
rising,43414,43413,43414,1
sniffing,43476,43414,43476,62
rising,43561,43476,43561,85
sniffing,43582,43561,43582,21
walking,43607,43582,43607,25
rising,43640,43607,43640,33
climbing,43764,43640,43764,124
sniffing,43783,43764,43783,19
left_turning,43843,43783,43843,60
trotting,43887,43843,43887,44
walking,43907,43887,43907,20
running,43911,43907,43911,4
rising,43929,43911,43929,18
rearing,44009,43929,44009,80
sniffing,44025,44009,44025,16
stepping,44034,44025,44034,9
sniffing,44150,44034,44150,116
walking,44177,44150,44177,27
left_turning,44270,44177,44270,93
trotting,44344,44270,44344,74
rising,44345,44344,44345,1
sniffing,44346,44345,44346,1
left_turning,44367,44346,44367,21
walking,44398,44367,44398,31
rising,44454,44398,44454,56
climbing,44507,44454,44507,53
walking,44535,44507,44535,28
sniffing,44540,44535,44540,5
rising,44545,44540,44545,5
sniffing,44601,44545,44601,56
walking,44640,44601,44640,39
pausing,44791,44640,44791,151
sniffing,44823,44791,44823,32
walking,44836,44823,44836,13
sniffing,44914,44836,44914,78
rising,44927,44914,44927,13
climbing,44957,44927,44957,30
sniffing,45021,44957,45021,64
walking,45098,45021,45098,77
jumping,45099,45098,45099,1
hunching,45192,45099,45192,93
sniffing,45214,45192,45214,22
grooming,45367,45214,45367,153
rising,45431,45367,45431,64
climbing,45463,45431,45463,32
walking,45518,45463,45518,55
stepping,45570,45518,45570,52
rising,45640,45570,45640,70
trotting,45668,45640,45668,28
running,45701,45668,45701,33
rising,45765,45701,45765,64
climbing,45783,45765,45783,18
right_turning,45830,45783,45830,47
walking,45847,45830,45847,17
sniffing,45921,45847,45921,74
rising,45942,45921,45942,21
walking,45967,45942,45967,25
rising,45968,45967,45968,1
sniffing,46027,45968,46027,59
climbing,46044,46027,46044,17
sniffing,46051,46044,46051,7
right_turning,46092,46051,46092,41
sniffing,46107,46092,46107,15
walking,46139,46107,46139,32
rising,46206,46139,46206,67
climbing,46224,46206,46224,18
stepping,46234,46224,46234,10
sniffing,46330,46234,46330,96
climbing,46387,46330,46387,57
hunching,46388,46387,46388,1
climbing,46457,46388,46457,69
rising,46458,46457,46458,1
sniffing,46499,46458,46499,41
stepping,46525,46499,46525,26
running,46533,46525,46533,8
sniffing,46613,46533,46613,80
hunching,46614,46613,46614,1
walking,46615,46614,46615,1
left_turning,46616,46615,46616,1
sniffing,46621,46616,46621,5
walking,46622,46621,46622,1
climbing,46634,46622,46634,12
left_turning,46689,46634,46689,55
sniffing,46772,46689,46772,83
climbing,46819,46772,46819,47
rising,46825,46819,46825,6
sniffing,46871,46825,46871,46
stepping,46903,46871,46903,32
sniffing,46911,46903,46911,8
climbing,46990,46911,46990,79
right_turning,46993,46990,46993,3
sniffing,47034,46993,47034,41
rising,47035,47034,47035,1
sniffing,47090,47035,47090,55
rising,47091,47090,47091,1
climbing,47157,47091,47157,66
sniffing,47194,47157,47194,37
walking,47211,47194,47211,17
sniffing,47214,47211,47214,3
walking,47241,47214,47241,27
climbing,47242,47241,47242,1
walking,47272,47242,47272,30
sniffing,47330,47272,47330,58
climbing,47356,47330,47356,26
rearing,47398,47356,47398,42
walking,47485,47398,47485,87
sniffing,47603,47485,47603,118
walking,47623,47603,47623,20
left_turning,47665,47623,47665,42
walking,47762,47665,47762,97
rising,47794,47762,47794,32
left_turning,47795,47794,47795,1
sniffing,47862,47795,47862,67
left_turning,47896,47862,47896,34
walking,47916,47896,47916,20
climbing,47942,47916,47942,26
sniffing,48060,47942,48060,118
rising,48094,48060,48094,34
climbing,48097,48094,48097,3
hunching,48098,48097,48098,1
sniffing,48155,48098,48155,57
left_turning,48221,48155,48221,66
walking,48243,48221,48243,22
sniffing,48277,48243,48277,34
climbing,48299,48277,48299,22
walking,48326,48299,48326,27
left_turning,48354,48326,48354,28
walking,48355,48354,48355,1
sniffing,48419,48355,48419,64
stepping,48486,48419,48486,67
left_turning,48521,48486,48521,35
walking,48581,48521,48581,60
running,48591,48581,48591,10
sniffing,48608,48591,48608,17
climbing,48618,48608,48618,10
running,48639,48618,48639,21
sniffing,48729,48639,48729,90
rising,48798,48729,48798,69
sniffing,48850,48798,48850,52
walking,48903,48850,48903,53
climbing,48941,48903,48941,38
trotting,48944,48941,48944,3
sniffing,48977,48944,48977,33
stepping,48978,48977,48978,1
climbing,49022,48978,49022,44
rising,49029,49022,49029,7
left_turning,49050,49029,49050,21
sniffing,49170,49050,49170,120
rising,49209,49170,49209,39
climbing,49345,49209,49345,136
rising,49362,49345,49362,17
climbing,49368,49362,49368,6
grooming,49668,49368,49668,300
rising,49820,49668,49820,152
walking,49891,49820,49891,71
rearing,49936,49891,49936,45
jumping,49937,49936,49937,1
sniffing,49953,49937,49953,16
trotting,49975,49953,49975,22
walking,49976,49975,49976,1
sniffing,50026,49976,50026,50
stepping,50027,50026,50027,1
sniffing,50225,50027,50225,198
climbing,50242,50225,50242,17
right_turning,50259,50242,50259,17
running,50267,50259,50267,8
walking,50282,50267,50282,15
sniffing,50344,50282,50344,62
walking,50409,50344,50409,65
sniffing,50452,50409,50452,43
stepping,50465,50452,50465,13
right_turning,50473,50465,50473,8
left_turning,50516,50473,50516,43
walking,50554,50516,50554,38
running,50565,50554,50565,11
stepping,50566,50565,50566,1
sniffing,50567,50566,50567,1
left_turning,50568,50567,50568,1
walking,50587,50568,50587,19
grooming,51483,50587,51483,896
walking,51528,51483,51528,45
climbing,51554,51528,51554,26
rising,51608,51554,51608,54
climbing,51673,51608,51673,65
sniffing,51706,51673,51706,33
walking,51726,51706,51726,20
sniffing,51774,51726,51774,48
walking,51775,51774,51775,1
sniffing,51844,51775,51844,69
left_turning,51850,51844,51850,6
right_turning,51873,51850,51873,23
walking,51887,51873,51887,14
sniffing,51954,51887,51954,67
left_turning,51955,51954,51955,1
walking,51991,51955,51991,36
right_turning,51999,51991,51999,8
climbing,52000,51999,52000,1
right_turning,52004,52000,52004,4
walking,52022,52004,52022,18
hunching,52044,52022,52044,22
sniffing,52045,52044,52045,1
climbing,52119,52045,52119,74
rising,52140,52119,52140,21
sniffing,52239,52140,52239,99
climbing,52345,52239,52345,106
hunching,52667,52345,52667,322
trotting,52726,52667,52726,59
walking,52788,52726,52788,62
climbing,52840,52788,52840,52
right_turning,52866,52840,52866,26
grooming,52884,52866,52884,18
rearing,52885,52884,52885,1
climbing,52952,52885,52952,67
walking,52963,52952,52963,11
trotting,53009,52963,53009,46
rising,53042,53009,53042,33
rearing,53050,53042,53050,8
hunching,53069,53050,53069,19
climbing,53095,53069,53095,26
right_turning,53132,53095,53132,37
grooming,53413,53132,53413,281
left_turning,53445,53413,53445,32
walking,53463,53445,53463,18
sniffing,53510,53463,53510,47
left_turning,53536,53510,53536,26
sniffing,53537,53536,53537,1
rising,53542,53537,53542,5
sniffing,53618,53542,53618,76
trotting,53653,53618,53653,35
sniffing,53685,53653,53685,32
climbing,53686,53685,53686,1
right_turning,53690,53686,53690,4
rising,53691,53690,53691,1
climbing,53777,53691,53777,86
rising,53837,53777,53837,60
climbing,53843,53837,53843,6
left_turning,53895,53843,53895,52
sniffing,53896,53895,53896,1
right_turning,53897,53896,53897,1
walking,53909,53897,53909,12
left_turning,53910,53909,53910,1
walking,53911,53910,53911,1
sniffing,53972,53911,53972,61
right_turning,54013,53972,54013,41
trotting,54015,54013,54015,2
sniffing,54125,54015,54125,110
left_turning,54155,54125,54155,30
sniffing,54156,54155,54156,1
rearing,54229,54156,54229,73
trotting,54250,54229,54250,21
walking,54277,54250,54277,27
climbing,54324,54277,54324,47
rearing,54468,54324,54468,144
sniffing,54542,54468,54542,74
rising,54598,54542,54598,56
right_turning,54621,54598,54621,23
running,54647,54621,54647,26
walking,54673,54647,54673,26
climbing,54714,54673,54714,41
rising,54738,54714,54738,24
climbing,54739,54738,54739,1
right_turning,54779,54739,54779,40
running,54817,54779,54817,38
sniffing,54844,54817,54844,27
hunching,54976,54844,54976,132
grooming,55097,54976,55097,121
left_turning,55295,55097,55295,198
rising,55331,55295,55331,36
sniffing,55337,55331,55337,6
walking,55364,55337,55364,27
sniffing,55365,55364,55365,1
climbing,55378,55365,55378,13
rearing,55379,55378,55379,1
hunching,55448,55379,55448,69
sniffing,55449,55448,55449,1
right_turning,55486,55449,55486,37
rising,55547,55486,55547,61
sniffing,55605,55547,55605,58
trotting,55608,55605,55608,3
rising,55639,55608,55639,31
climbing,55689,55639,55689,50
grooming,56795,55689,56795,1106
left_turning,56877,56795,56877,82
walking,56884,56877,56884,7
rising,56937,56884,56937,53
hunching,56981,56937,56981,44
rearing,57099,56981,57099,118
rising,57175,57099,57175,76
right_turning,57184,57175,57184,9
walking,57199,57184,57199,15
sniffing,57286,57199,57286,87
right_turning,57320,57286,57320,34
running,57336,57320,57336,16
trotting,57340,57336,57340,4
sniffing,57373,57340,57373,33
climbing,57390,57373,57390,17
grooming,57391,57390,57391,1
rearing,57434,57391,57434,43
grooming,57435,57434,57435,1
trotting,57476,57435,57476,41
walking,57484,57476,57484,8
sniffing,57504,57484,57504,20
stepping,57521,57504,57521,17
left_turning,57571,57521,57571,50
sniffing,57618,57571,57618,47
climbing,57701,57618,57701,83
grooming,57715,57701,57715,14
walking,57739,57715,57739,24
stepping,57769,57739,57769,30
rising,57841,57769,57841,72
walking,57900,57841,57900,59
trotting,57925,57900,57925,25
sniffing,57976,57925,57976,51
stepping,58009,57976,58009,33
sniffing,58010,58009,58010,1
climbing,58026,58010,58026,16
rising,58027,58026,58027,1
sniffing,58070,58027,58070,43
walking,58089,58070,58089,19
sniffing,58166,58089,58166,77
walking,58258,58166,58258,92
rising,58259,58258,58259,1
climbing,58284,58259,58284,25
grooming,58633,58284,58633,349
climbing,58639,58633,58639,6
sniffing,58702,58639,58702,63
right_turning,58704,58702,58704,2
trotting,58726,58704,58726,22
walking,58727,58726,58727,1
rising,58728,58727,58728,1
climbing,58781,58728,58781,53
hunching,58782,58781,58782,1
rearing,58783,58782,58783,1
sniffing,58853,58783,58853,70
hunching,58869,58853,58869,16
grooming,58870,58869,58870,1
sniffing,58871,58870,58871,1
rising,58872,58871,58872,1
climbing,58915,58872,58915,43
right_turning,58921,58915,58921,6
walking,58943,58921,58943,22
sniffing,58971,58943,58971,28
left_turning,58990,58971,58990,19
walking,58992,58990,58992,2
climbing,59008,58992,59008,16
walking,59029,59008,59029,21
sniffing,59062,59029,59062,33
walking,59108,59062,59108,46
sniffing,59161,59108,59161,53
walking,59193,59161,59193,32
rising,59286,59193,59286,93
sniffing,59287,59286,59287,1
rising,59293,59287,59293,6
jumping,59389,59293,59389,96
right_turning,59401,59389,59401,12
sniffing,59566,59401,59566,165
rearing,59574,59566,59574,8
rising,59575,59574,59575,1
rearing,59616,59575,59616,41
grooming,59820,59616,59820,204
rearing,59884,59820,59884,64
rising,59928,59884,59928,44
climbing,59982,59928,59982,54
rearing,60050,59982,60050,68
grooming,60051,60050,60051,1
sniffing,60087,60051,60087,36
climbing,60137,60087,60137,50
sniffing,60258,60137,60258,121
left_turning,60264,60258,60264,6
walking,60286,60264,60286,22
rising,60389,60286,60389,103
climbing,60419,60389,60419,30
stepping,60426,60419,60426,7
walking,60431,60426,60431,5
sniffing,60441,60431,60441,10
rising,60453,60441,60453,12
climbing,60505,60453,60505,52
walking,60517,60505,60517,12
right_turning,60524,60517,60524,7
rising,60530,60524,60530,6
sniffing,60541,60530,60541,11
walking,60552,60541,60552,11
climbing,60601,60552,60601,49
rearing,60707,60601,60707,106
left_turning,60742,60707,60742,35
trotting,60755,60742,60755,13
rising,60798,60755,60798,43
climbing,60839,60798,60839,41
sniffing,60962,60839,60962,123
trotting,61002,60962,61002,40
walking,61046,61002,61046,44
sniffing,61084,61046,61084,38
left_turning,61137,61084,61137,53
sniffing,61155,61137,61155,18
rising,61226,61155,61226,71
climbing,61262,61226,61262,36
rearing,61375,61262,61375,113
sniffing,61428,61375,61428,53
walking,61462,61428,61462,34
left_turning,61465,61462,61465,3
sniffing,61466,61465,61466,1
climbing,61533,61466,61533,67
right_turning,61552,61533,61552,19
running,61587,61552,61587,35
left_turning,61596,61587,61596,9
walking,61611,61596,61611,15
sniffing,61618,61611,61618,7
right_turning,61637,61618,61637,19
stepping,61653,61637,61653,16
sniffing,61657,61653,61657,4
stepping,61673,61657,61673,16
trotting,61676,61673,61676,3
rearing,61677,61676,61677,1
sniffing,61736,61677,61736,59
rising,61737,61736,61737,1
climbing,61767,61737,61767,30
walking,61811,61767,61811,44
stepping,61861,61811,61861,50
sniffing,61947,61861,61947,86
walking,61994,61947,61994,47
stepping,62028,61994,62028,34
sniffing,62065,62028,62065,37
rearing,62129,62065,62129,64
sniffing,62130,62129,62130,1
rising,62131,62130,62131,1
climbing,62189,62131,62189,58
hunching,62210,62189,62210,21
right_turning,62211,62210,62211,1
walking,62239,62211,62239,28
sniffing,62338,62239,62338,99
rising,62349,62338,62349,11
climbing,62397,62349,62397,48
trotting,62398,62397,62398,1
walking,62434,62398,62434,36
jumping,62467,62434,62467,33
walking,62489,62467,62489,22
climbing,62515,62489,62515,26
sniffing,62516,62515,62516,1
walking,62541,62516,62541,25
sniffing,62542,62541,62542,1
rising,62543,62542,62543,1
right_turning,62552,62543,62552,9
stepping,62578,62552,62578,26
sniffing,62592,62578,62592,14
walking,62635,62592,62635,43
sniffing,62636,62635,62636,1
rising,62637,62636,62637,1
climbing,62644,62637,62644,7
sniffing,62683,62644,62683,39
walking,62741,62683,62741,58
sniffing,62861,62741,62861,120
trotting,62869,62861,62869,8
walking,62870,62869,62870,1
rearing,63005,62870,63005,135
climbing,63052,63005,63052,47
walking,63114,63052,63114,62
sniffing,63115,63114,63115,1
rising,63116,63115,63116,1
sniffing,63117,63116,63117,1
climbing,63194,63117,63194,77
rearing,63195,63194,63195,1
walking,63249,63195,63249,54
sniffing,63312,63249,63312,63
climbing,63344,63312,63344,32
trotting,63370,63344,63370,26
sniffing,63454,63370,63454,84
rearing,63600,63454,63600,146
hunching,63640,63600,63640,40
trotting,63664,63640,63664,24
rising,63672,63664,63672,8
sniffing,63701,63672,63701,29
stepping,63711,63701,63711,10
sniffing,63712,63711,63712,1
rearing,63713,63712,63713,1
climbing,63792,63713,63792,79
rearing,63839,63792,63839,47
rising,63888,63839,63888,49
sniffing,63889,63888,63889,1
rising,63935,63889,63935,46
sniffing,63979,63935,63979,44
rising,64022,63979,64022,43
hunching,64092,64022,64092,70
climbing,64190,64092,64190,98
sniffing,64237,64190,64237,47
rising,64238,64237,64238,1
climbing,64327,64238,64327,89
right_turning,64347,64327,64347,20
walking,64348,64347,64348,1
rising,64349,64348,64349,1
stepping,64350,64349,64350,1
hunching,64454,64350,64454,104
rearing,64496,64454,64496,42
sniffing,64594,64496,64594,98
walking,64595,64594,64595,1
left_turning,64596,64595,64596,1
sniffing,64721,64596,64721,125
rising,64722,64721,64722,1
climbing,64796,64722,64796,74
walking,64813,64796,64813,17
sniffing,64907,64813,64907,94
rising,64908,64907,64908,1
running,64937,64908,64937,29
sniffing,64989,64937,64989,52
walking,65040,64989,65040,51
sniffing,65053,65040,65053,13
rising,65106,65053,65106,53
sniffing,65252,65106,65252,146
rising,65253,65252,65253,1
climbing,65301,65253,65301,48
hunching,65361,65301,65361,60
climbing,65477,65361,65477,116
grooming,65716,65477,65716,239
climbing,65766,65716,65766,50
right_turning,65775,65766,65775,9
sniffing,66018,65775,66018,243
hunching,66035,66018,66035,17
grooming,66469,66035,66469,434
rising,66534,66469,66534,65
sniffing,66586,66534,66586,52
rising,66616,66586,66616,30
climbing,66756,66616,66756,140
right_turning,66763,66756,66763,7
climbing,66840,66763,66840,77
rearing,66872,66840,66872,32
climbing,66935,66872,66935,63
right_turning,66952,66935,66952,17
walking,67015,66952,67015,63
left_turning,67051,67015,67051,36
sniffing,67085,67051,67085,34
right_turning,67101,67085,67101,16
sniffing,67120,67101,67120,19
left_turning,67123,67120,67123,3
walking,67153,67123,67153,30
rising,67214,67153,67214,61
walking,67230,67214,67230,16
left_turning,67313,67230,67313,83
rising,67347,67313,67347,34
sniffing,67433,67347,67433,86
walking,67478,67433,67478,45
rising,67479,67478,67479,1
sniffing,67480,67479,67480,1
trotting,67504,67480,67504,24
rising,67526,67504,67526,22
sniffing,67529,67526,67529,3
walking,67557,67529,67557,28
stepping,67580,67557,67580,23
walking,67620,67580,67620,40
sniffing,67746,67620,67746,126
walking,67778,67746,67778,32
sniffing,67779,67778,67779,1
walking,67804,67779,67804,25
left_turning,67830,67804,67830,26
sniffing,67922,67830,67922,92
left_turning,67981,67922,67981,59
trotting,68018,67981,68018,37
sniffing,68074,68018,68074,56
stepping,68075,68074,68075,1
sniffing,68076,68075,68076,1
climbing,68117,68076,68117,41
sniffing,68124,68117,68124,7
rising,68185,68124,68185,61
left_turning,68193,68185,68193,8
trotting,68209,68193,68209,16
rising,68280,68209,68280,71
climbing,68325,68280,68325,45
walking,68326,68325,68326,1
sniffing,68415,68326,68415,89
left_turning,68438,68415,68438,23
walking,68447,68438,68447,9
left_turning,68453,68447,68453,6
sniffing,68566,68453,68566,113
rising,68638,68566,68638,72
rearing,68779,68638,68779,141
rising,68826,68779,68826,47
sniffing,69047,68826,69047,221
rising,69073,69047,69073,26
rearing,69151,69073,69151,78
rising,69205,69151,69205,54
rearing,69259,69205,69259,54
rising,69260,69259,69260,1
rearing,69393,69260,69393,133
sniffing,69477,69393,69477,84
stepping,69488,69477,69488,11
rising,69567,69488,69567,79
climbing,69627,69567,69627,60
grooming,69628,69627,69628,1
left_turning,69649,69628,69649,21
sniffing,69677,69649,69677,28
walking,69696,69677,69696,19
right_turning,69706,69696,69706,10
sniffing,69732,69706,69732,26
trotting,69758,69732,69758,26
rising,69798,69758,69798,40
walking,69799,69798,69799,1
sniffing,69847,69799,69847,48
rising,69853,69847,69853,6
running,69882,69853,69882,29
sniffing,69917,69882,69917,35
hunching,70075,69917,70075,158
climbing,70110,70075,70110,35
sniffing,70126,70110,70126,16
trotting,70147,70126,70147,21
left_turning,70216,70147,70216,69
sniffing,70324,70216,70324,108
walking,70325,70324,70325,1
right_turning,70351,70325,70351,26
left_turning,70401,70351,70401,50
trotting,70437,70401,70437,36
sniffing,70453,70437,70453,16
climbing,70490,70453,70490,37
rising,70515,70490,70515,25
sniffing,70602,70515,70602,87
grooming,70603,70602,70603,1
rearing,70683,70603,70683,80
climbing,70797,70683,70797,114
grooming,70798,70797,70798,1
sniffing,70879,70798,70879,81
grooming,70880,70879,70880,1
climbing,70917,70880,70917,37
sniffing,70918,70917,70918,1
left_turning,70961,70918,70961,43
walking,70992,70961,70992,31
sniffing,70993,70992,70993,1
rearing,71039,70993,71039,46
rising,71073,71039,71073,34
walking,71087,71073,71087,14
rising,71093,71087,71093,6
sniffing,71094,71093,71094,1
rising,71124,71094,71124,30
climbing,71176,71124,71176,52
rising,71177,71176,71177,1
sniffing,71281,71177,71281,104
grooming,71282,71281,71282,1
rearing,71283,71282,71283,1
rising,71284,71283,71284,1
sniffing,71372,71284,71372,88
walking,71373,71372,71373,1
sniffing,71421,71373,71421,48
climbing,71422,71421,71422,1
rising,71423,71422,71423,1
sniffing,71460,71423,71460,37
right_turning,71471,71460,71471,11
trotting,71502,71471,71502,31
sniffing,71561,71502,71561,59
grooming,71890,71561,71890,329
sniffing,71932,71890,71932,42
walking,71944,71932,71944,12
sniffing,71996,71944,71996,52
left_turning,72035,71996,72035,39
walking,72081,72035,72081,46
rising,72119,72081,72119,38
rearing,72120,72119,72120,1
sniffing,72121,72120,72121,1
left_turning,72159,72121,72159,38
sniffing,72167,72159,72167,8
left_turning,72227,72167,72227,60
sniffing,72255,72227,72255,28
rising,72302,72255,72302,47
rearing,72303,72302,72303,1
trotting,72324,72303,72324,21
sniffing,72429,72324,72429,105
climbing,72451,72429,72451,22
grooming,72452,72451,72452,1
sniffing,72453,72452,72453,1
climbing,72537,72453,72537,84
trotting,72554,72537,72554,17
sniffing,72620,72554,72620,66
pausing,72769,72620,72769,149
sniffing,72770,72769,72770,1
left_turning,72826,72770,72826,56
sniffing,72838,72826,72838,12
rising,72862,72838,72862,24
stepping,72904,72862,72904,42
sniffing,73056,72904,73056,152
left_turning,73057,73056,73057,1
sniffing,73108,73057,73108,51
hunching,73191,73108,73191,83
climbing,73257,73191,73257,66
walking,73258,73257,73258,1
sniffing,73259,73258,73259,1
walking,73267,73259,73267,8
sniffing,73268,73267,73268,1
trotting,73286,73268,73286,18
walking,73321,73286,73321,35
climbing,73385,73321,73385,64
running,73410,73385,73410,25
rearing,73528,73410,73528,118
left_turning,73546,73528,73546,18
sniffing,73664,73546,73664,118
rising,73665,73664,73665,1
sniffing,73666,73665,73666,1
rising,73721,73666,73721,55
walking,73723,73721,73723,2
stepping,73745,73723,73745,22
walking,73786,73745,73786,41
stepping,73787,73786,73787,1
walking,73820,73787,73820,33
rearing,73821,73820,73821,1
rising,73849,73821,73849,28
sniffing,73933,73849,73933,84
walking,73934,73933,73934,1
rising,73968,73934,73968,34
walking,73969,73968,73969,1
sniffing,74025,73969,74025,56
rising,74033,74025,74033,8
climbing,74069,74033,74069,36
sniffing,74201,74069,74201,132
running,74226,74201,74226,25
sniffing,74227,74226,74227,1
walking,74327,74227,74327,100
grooming,74435,74327,74435,108
rearing,74494,74435,74494,59
climbing,74531,74494,74531,37
sniffing,74613,74531,74613,82
stepping,74614,74613,74614,1
rearing,74732,74614,74732,118
sniffing,74751,74732,74751,19
climbing,74861,74751,74861,110
walking,74884,74861,74884,23
sniffing,74956,74884,74956,72
left_turning,74957,74956,74957,1
climbing,74995,74957,74995,38
trotting,75004,74995,75004,9
walking,75005,75004,75005,1
rearing,75198,75005,75198,193
left_turning,75248,75198,75248,50
trotting,75255,75248,75255,7
sniffing,75256,75255,75256,1
rising,75266,75256,75266,10
rearing,75267,75266,75267,1
rising,75296,75267,75296,29
left_turning,75305,75296,75305,9
running,75315,75305,75315,10
walking,75330,75315,75330,15
sniffing,75414,75330,75414,84
walking,75498,75414,75498,84
climbing,75513,75498,75513,15
right_turning,75542,75513,75542,29
walking,75595,75542,75595,53
trotting,75599,75595,75599,4
sniffing,75602,75599,75602,3
hunching,75682,75602,75682,80
climbing,75745,75682,75745,63
rising,75762,75745,75762,17
sniffing,75803,75762,75803,41
rising,75851,75803,75851,48
climbing,75917,75851,75917,66
rearing,75918,75917,75918,1
sniffing,75976,75918,75976,58
rising,75977,75976,75977,1
hunching,75981,75977,75981,4
right_turning,75982,75981,75982,1
rising,76031,75982,76031,49
sniffing,76032,76031,76032,1
rising,76055,76032,76055,23
running,76078,76055,76078,23
right_turning,76124,76078,76124,46
sniffing,76125,76124,76125,1
rising,76179,76125,76179,54
climbing,76232,76179,76232,53
rising,76262,76232,76262,30
sniffing,76299,76262,76299,37
rising,76352,76299,76352,53
walking,76353,76352,76353,1
rising,76356,76353,76356,3
sniffing,76392,76356,76392,36
walking,76444,76392,76444,52
sniffing,76445,76444,76445,1
left_turning,76517,76445,76517,72
running,76533,76517,76533,16
sniffing,76711,76533,76711,178
rising,76740,76711,76740,29
sniffing,76741,76740,76741,1
left_turning,76804,76741,76804,63
climbing,76813,76804,76813,9
left_turning,76864,76813,76864,51
rising,76909,76864,76909,45
sniffing,76923,76909,76923,14
rising,76924,76923,76924,1
climbing,76978,76924,76978,54
rising,76996,76978,76996,18
sniffing,77150,76996,77150,154
walking,77161,77150,77161,11
rising,77177,77161,77177,16
trotting,77205,77177,77205,28
left_turning,77237,77205,77237,32
sniffing,77238,77237,77238,1
walking,77262,77238,77262,24
rearing,77263,77262,77263,1
left_turning,77295,77263,77295,32
sniffing,77327,77295,77327,32
right_turning,77353,77327,77353,26
running,77380,77353,77380,27
rising,77381,77380,77381,1
climbing,77399,77381,77399,18
sniffing,77488,77399,77488,89
grooming,77489,77488,77489,1
hunching,77616,77489,77616,127
sniffing,77648,77616,77648,32
rising,77649,77648,77649,1
climbing,77750,77649,77750,101
rearing,77808,77750,77808,58
climbing,77858,77808,77858,50
rising,77859,77858,77859,1
sniffing,77860,77859,77860,1
walking,77892,77860,77892,32
sniffing,77980,77892,77980,88
left_turning,78043,77980,78043,63
trotting,78096,78043,78096,53
climbing,78158,78096,78158,62
left_turning,78207,78158,78207,49
trotting,78219,78207,78219,12
walking,78233,78219,78233,14
sniffing,78234,78233,78234,1
stepping,78244,78234,78244,10
sniffing,78411,78244,78411,167
right_turning,78412,78411,78412,1
sniffing,78458,78412,78458,46
climbing,78502,78458,78502,44
sniffing,78503,78502,78503,1
hunching,78571,78503,78571,68
rising,78628,78571,78628,57
trotting,78655,78628,78655,27
sniffing,78722,78655,78722,67
walking,78755,78722,78755,33
rearing,78759,78755,78759,4
rising,78794,78759,78794,35
sniffing,78795,78794,78795,1
rising,78807,78795,78807,12
sniffing,78889,78807,78889,82
grooming,78890,78889,78890,1
climbing,78911,78890,78911,21
rearing,78912,78911,78912,1
sniffing,78913,78912,78913,1
rising,78923,78913,78923,10
sniffing,78924,78923,78924,1
walking,78927,78924,78927,3
climbing,79024,78927,79024,97
walking,79075,79024,79075,51
climbing,79100,79075,79100,25
rising,79106,79100,79106,6
right_turning,79157,79106,79157,51
climbing,79194,79157,79194,37
right_turning,79230,79194,79230,36
sniffing,79274,79230,79274,44
rising,79288,79274,79288,14
climbing,79294,79288,79294,6
sniffing,79320,79294,79320,26
walking,79384,79320,79384,64
sniffing,79481,79384,79481,97
rearing,79482,79481,79482,1
climbing,79527,79482,79527,45
running,79554,79527,79554,27
sniffing,79555,79554,79555,1
climbing,79603,79555,79603,48
rising,79662,79603,79662,59
sniffing,79674,79662,79674,12
climbing,79737,79674,79737,63
walking,79800,79737,79800,63
right_turning,79837,79800,79837,37
walking,79856,79837,79856,19
sniffing,79944,79856,79944,88
climbing,79977,79944,79977,33
sniffing,80053,79977,80053,76
trotting,80090,80053,80090,37
stepping,80095,80090,80095,5
left_turning,80160,80095,80160,65
rising,80176,80160,80176,16
climbing,80284,80176,80284,108
rising,80290,80284,80290,6
stepping,80397,80290,80397,107
rising,80474,80397,80474,77
climbing,80519,80474,80519,45
right_turning,80550,80519,80550,31
rising,80577,80550,80577,27
climbing,80609,80577,80609,32
sniffing,80694,80609,80694,85
rising,80704,80694,80704,10
climbing,80728,80704,80728,24
sniffing,80742,80728,80742,14
grooming,80743,80742,80743,1
rising,80753,80743,80753,10
climbing,80780,80753,80780,27
sniffing,80839,80780,80839,59
walking,80855,80839,80855,16
rising,80861,80855,80861,6
climbing,80862,80861,80862,1
stepping,80905,80862,80905,43
trotting,80913,80905,80913,8
walking,80961,80913,80961,48
rising,80988,80961,80988,27
left_turning,81047,80988,81047,59
rising,81048,81047,81048,1
climbing,81097,81048,81097,49
grooming,81278,81097,81278,181
trotting,81312,81278,81312,34
sniffing,81313,81312,81313,1
right_turning,81323,81313,81323,10
climbing,81345,81323,81345,22
running,81365,81345,81365,20
rearing,81366,81365,81366,1
sniffing,81405,81366,81405,39
left_turning,81467,81405,81467,62
sniffing,81477,81467,81477,10
rising,81556,81477,81556,79
rearing,81557,81556,81557,1
left_turning,81558,81557,81558,1
rising,81559,81558,81559,1
right_turning,81612,81559,81612,53
trotting,81625,81612,81625,13
left_turning,81686,81625,81686,61
sniffing,81865,81686,81865,179
climbing,81914,81865,81914,49
hunching,81915,81914,81915,1
right_turning,81929,81915,81929,14
walking,81942,81929,81942,13
climbing,81959,81942,81959,17
walking,81970,81959,81970,11
sniffing,82089,81970,82089,119
walking,82127,82089,82127,38
climbing,82152,82127,82152,25
rearing,82154,82152,82154,2
running,82184,82154,82184,30
walking,82191,82184,82191,7
rising,82192,82191,82192,1
sniffing,82217,82192,82217,25
walking,82231,82217,82231,14
sniffing,82274,82231,82274,43
walking,82300,82274,82300,26
sniffing,82372,82300,82372,72
left_turning,82373,82372,82373,1
sniffing,82401,82373,82401,28
right_turning,82418,82401,82418,17
walking,82457,82418,82457,39
stepping,82483,82457,82483,26
walking,82484,82483,82484,1
sniffing,82602,82484,82602,118
walking,82635,82602,82635,33
climbing,82636,82635,82636,1
grooming,82637,82636,82637,1
rearing,82672,82637,82672,35
grooming,82787,82672,82787,115
sniffing,82788,82787,82788,1
running,82809,82788,82809,21
rising,82810,82809,82810,1
climbing,82811,82810,82811,1
rising,82879,82811,82879,68
grooming,83062,82879,83062,183
right_turning,83063,83062,83063,1
sniffing,83097,83063,83097,34
climbing,83110,83097,83110,13
right_turning,83126,83110,83126,16
rising,83127,83126,83127,1
sniffing,83135,83127,83135,8
stepping,83206,83135,83206,71
walking,83233,83206,83233,27
rising,83282,83233,83282,49
left_turning,83359,83282,83359,77
running,83384,83359,83384,25
left_turning,83406,83384,83406,22
sniffing,83407,83406,83407,1
climbing,83436,83407,83436,29
walking,83486,83436,83486,50
sniffing,83487,83486,83487,1
walking,83531,83487,83531,44
sniffing,83536,83531,83536,5
rearing,83537,83536,83537,1
left_turning,83725,83537,83725,188
walking,83787,83725,83787,62
rising,83796,83787,83796,9
hunching,83850,83796,83850,54
climbing,83915,83850,83915,65
walking,83946,83915,83946,31
sniffing,83959,83946,83959,13
rearing,83980,83959,83980,21
grooming,84038,83980,84038,58
hunching,84039,84038,84039,1
rearing,84040,84039,84040,1
sniffing,84144,84040,84144,104
left_turning,84176,84144,84176,32
sniffing,84177,84176,84177,1
grooming,84322,84177,84322,145
rearing,84364,84322,84364,42
left_turning,84365,84364,84365,1
walking,84402,84365,84402,37
stepping,84440,84402,84440,38
climbing,84517,84440,84517,77
sniffing,84600,84517,84600,83
walking,84607,84600,84607,7
left_turning,84611,84607,84611,4
sniffing,84638,84611,84638,27
hunching,84676,84638,84676,38
climbing,84679,84676,84679,3
sniffing,84716,84679,84716,37
rising,84717,84716,84717,1
climbing,84777,84717,84777,60
sniffing,84778,84777,84778,1
right_turning,84784,84778,84784,6
sniffing,84799,84784,84799,15
walking,84851,84799,84851,52
sniffing,84852,84851,84852,1
rising,84853,84852,84853,1
rearing,84941,84853,84941,88
climbing,84997,84941,84997,56
sniffing,85037,84997,85037,40
walking,85085,85037,85085,48
trotting,85094,85085,85094,9
walking,85121,85094,85121,27
rising,85122,85121,85122,1
climbing,85158,85122,85158,36
rising,85179,85158,85179,21
rearing,85205,85179,85205,26
rising,85225,85205,85225,20
sniffing,85226,85225,85226,1
left_turning,85227,85226,85227,1
walking,85282,85227,85282,55
rising,85361,85282,85361,79
climbing,85362,85361,85362,1
sniffing,85454,85362,85454,92
walking,85489,85454,85489,35
sniffing,85490,85489,85490,1
rising,85506,85490,85506,16
climbing,85700,85506,85700,194
rising,85701,85700,85701,1
climbing,85764,85701,85764,63
rising,85788,85764,85788,24
rearing,85789,85788,85789,1
grooming,85932,85789,85932,143
sniffing,86021,85932,86021,89
rearing,86252,86021,86252,231
rising,86280,86252,86280,28
climbing,86342,86280,86342,62
rising,86343,86342,86343,1
left_turning,86393,86343,86393,50
trotting,86425,86393,86425,32
sniffing,86477,86425,86477,52
stepping,86481,86477,86481,4
left_turning,86536,86481,86536,55
sniffing,86562,86536,86562,26
walking,86600,86562,86600,38
sniffing,86671,86600,86671,71
right_turning,86680,86671,86680,9
walking,86752,86680,86752,72
climbing,86788,86752,86788,36
grooming,86789,86788,86789,1
walking,86790,86789,86790,1
sniffing,86848,86790,86848,58
grooming,87109,86848,87109,261
sniffing,87110,87109,87110,1
right_turning,87118,87110,87118,8
walking,87150,87118,87150,32
stepping,87155,87150,87155,5
trotting,87203,87155,87203,48
right_turning,87204,87203,87204,1
rearing,87219,87204,87219,15
walking,87272,87219,87272,53
sniffing,87340,87272,87340,68
rising,87348,87340,87348,8
climbing,87359,87348,87359,11
right_turning,87382,87359,87382,23
sniffing,87434,87382,87434,52
left_turning,87465,87434,87465,31
trotting,87499,87465,87499,34
sniffing,87535,87499,87535,36
stepping,87565,87535,87565,30
rearing,87566,87565,87566,1
rising,87567,87566,87567,1
sniffing,87643,87567,87643,76
rearing,87644,87643,87644,1
walking,87668,87644,87668,24
rising,87701,87668,87701,33
sniffing,87710,87701,87710,9
stepping,87734,87710,87734,24
sniffing,87802,87734,87802,68
right_turning,87803,87802,87803,1
left_turning,87862,87803,87862,59
sniffing,87863,87862,87863,1
right_turning,87864,87863,87864,1
sniffing,87969,87864,87969,105
rising,87990,87969,87990,21
climbing,88040,87990,88040,50
sniffing,88060,88040,88060,20
walking,88086,88060,88086,26
rearing,88087,88086,88087,1
grooming,88088,88087,88088,1
sniffing,88099,88088,88099,11
rising,88105,88099,88105,6
rearing,88106,88105,88106,1
grooming,88329,88106,88329,223
rearing,88420,88329,88420,91
grooming,88421,88420,88421,1
hunching,88828,88421,88828,407
sniffing,88872,88828,88872,44
walking,88873,88872,88873,1
sniffing,88918,88873,88918,45
left_turning,88936,88918,88936,18
walking,88966,88936,88966,30
rearing,89067,88966,89067,101
walking,89068,89067,89068,1
sniffing,89086,89068,89086,18
pausing,89227,89086,89227,141
sniffing,89277,89227,89277,50
walking,89318,89277,89318,41
stepping,89370,89318,89370,52
climbing,89439,89370,89439,69
grooming,89440,89439,89440,1
hunching,89522,89440,89522,82
rising,89523,89522,89523,1
sniffing,89529,89523,89529,6
right_turning,89542,89529,89542,13
climbing,89568,89542,89568,26
sniffing,89630,89568,89630,62
walking,89640,89630,89640,10
rearing,89724,89640,89724,84
climbing,89790,89724,89790,66
walking,89809,89790,89809,19
sniffing,89896,89809,89896,87
climbing,89969,89896,89969,73
rising,90024,89969,90024,55
walking,90082,90024,90082,58
sniffing,90105,90082,90105,23
rising,90134,90105,90134,29
climbing,90135,90134,90135,1
walking,90166,90135,90166,31
rising,90185,90166,90185,19
stepping,90194,90185,90194,9
walking,90237,90194,90237,43
sniffing,90304,90237,90304,67
stepping,90353,90304,90353,49
walking,90402,90353,90402,49
jumping,90574,90402,90574,172
rising,90589,90574,90589,15
climbing,90665,90589,90665,76
sniffing,90666,90665,90666,1
left_turning,90684,90666,90684,18
sniffing,90685,90684,90685,1
walking,90686,90685,90686,1
rising,90693,90686,90693,7
left_turning,90744,90693,90744,51
walking,90773,90744,90773,29
rising,90779,90773,90779,6
climbing,90781,90779,90781,2
hunching,90782,90781,90782,1
climbing,90827,90782,90827,45
rising,90830,90827,90830,3
stepping,90893,90830,90893,63
sniffing,90965,90893,90965,72
rising,90986,90965,90986,21
rearing,90987,90986,90987,1
grooming,91080,90987,91080,93
rearing,91134,91080,91134,54
stepping,91135,91134,91135,1
right_turning,91177,91135,91177,42
running,91198,91177,91198,21
trotting,91217,91198,91217,19
walking,91242,91217,91242,25
climbing,91252,91242,91252,10
left_turning,91258,91252,91258,6
sniffing,91259,91258,91259,1
grooming,91337,91259,91337,78
rearing,91338,91337,91338,1
hunching,91386,91338,91386,48
right_turning,91437,91386,91437,51
stepping,91438,91437,91438,1
walking,91445,91438,91445,7
stepping,91476,91445,91476,31
climbing,91569,91476,91569,93
sniffing,91583,91569,91583,14
rearing,91589,91583,91589,6
left_turning,91591,91589,91591,2
hunching,91592,91591,91592,1
rising,91593,91592,91593,1
climbing,91627,91593,91627,34
right_turning,91638,91627,91638,11
trotting,91642,91638,91642,4
sniffing,91643,91642,91643,1
climbing,91694,91643,91694,51
rearing,91695,91694,91695,1
climbing,91770,91695,91770,75
rising,91847,91770,91847,77
sniffing,91956,91847,91956,109
walking,92007,91956,92007,51
left_turning,92050,92007,92050,43
sniffing,92096,92050,92096,46
left_turning,92102,92096,92102,6
sniffing,92286,92102,92286,184
walking,92339,92286,92339,53
sniffing,92381,92339,92381,42
trotting,92396,92381,92396,15
rising,92397,92396,92397,1
sniffing,92407,92397,92407,10
left_turning,92452,92407,92452,45
sniffing,92453,92452,92453,1
walking,92463,92453,92463,10
sniffing,92496,92463,92496,33
left_turning,92509,92496,92509,13
walking,92548,92509,92548,39
sniffing,92653,92548,92653,105
climbing,92695,92653,92695,42
sniffing,92840,92695,92840,145
rising,92882,92840,92882,42
climbing,92915,92882,92915,33
grooming,93138,92915,93138,223
climbing,93145,93138,93145,7
rearing,93170,93145,93170,25
rising,93194,93170,93194,24
sniffing,93287,93194,93287,93
walking,93298,93287,93298,11
left_turning,93305,93298,93305,7
sniffing,93331,93305,93331,26
walking,93349,93331,93349,18
rising,93407,93349,93407,58
left_turning,93435,93407,93435,28
running,93444,93435,93444,9
sniffing,93548,93444,93548,104
rising,93575,93548,93575,27
sniffing,93686,93575,93686,111
walking,93739,93686,93739,53
stepping,93781,93739,93781,42
climbing,93796,93781,93796,15
hunching,93923,93796,93923,127
sniffing,93983,93923,93983,60
left_turning,93984,93983,93984,1
right_turning,93997,93984,93997,13
sniffing,94073,93997,94073,76
hunching,94074,94073,94074,1
stepping,94084,94074,94084,10
walking,94106,94084,94106,22
sniffing,94162,94106,94162,56
right_turning,94183,94162,94183,21
rising,94216,94183,94216,33
sniffing,94340,94216,94340,124
left_turning,94393,94340,94393,53
rising,94444,94393,94444,51
sniffing,94526,94444,94526,82
left_turning,94572,94526,94572,46
walking,94626,94572,94626,54
rising,94641,94626,94641,15
left_turning,94645,94641,94645,4
right_turning,94670,94645,94670,25
walking,94674,94670,94674,4
rising,94712,94674,94712,38
climbing,94726,94712,94726,14
grooming,94727,94726,94727,1
hunching,94760,94727,94760,33
grooming,94761,94760,94761,1
left_turning,94825,94761,94825,64
walking,94915,94825,94915,90
sniffing,94938,94915,94938,23
right_turning,94939,94938,94939,1
running,94967,94939,94967,28
rising,94999,94967,94999,32
sniffing,95052,94999,95052,53
walking,95127,95052,95127,75
sniffing,95159,95127,95159,32
right_turning,95178,95159,95178,19
walking,95254,95178,95254,76
sniffing,95273,95254,95273,19
rising,95275,95273,95275,2
climbing,95359,95275,95359,84
rearing,95360,95359,95360,1
grooming,95361,95360,95361,1
hunching,95362,95361,95362,1
rising,95363,95362,95363,1
climbing,95364,95363,95364,1
rising,95383,95364,95383,19
rearing,95403,95383,95403,20
climbing,95477,95403,95477,74
walking,95500,95477,95500,23
hunching,95553,95500,95553,53
rearing,95581,95553,95581,28
left_turning,95646,95581,95646,65
stepping,95647,95646,95647,1
sniffing,95648,95647,95648,1
hunching,95657,95648,95657,9
grooming,95658,95657,95658,1
hunching,95685,95658,95685,27
rising,95701,95685,95701,16
sniffing,95805,95701,95805,104
right_turning,95809,95805,95809,4
trotting,95837,95809,95837,28
walking,95869,95837,95869,32
stepping,95939,95869,95939,70
rising,96005,95939,96005,66
rearing,96043,96005,96043,38
rising,96088,96043,96088,45
climbing,96134,96088,96134,46
sniffing,96135,96134,96135,1
right_turning,96140,96135,96140,5
trotting,96157,96140,96157,17
sniffing,96227,96157,96227,70
rearing,96318,96227,96318,91
trotting,96360,96318,96360,42
climbing,96363,96360,96363,3
rearing,96410,96363,96410,47
climbing,96435,96410,96435,25
sniffing,96436,96435,96436,1
grooming,96437,96436,96437,1
sniffing,96545,96437,96545,108
climbing,96561,96545,96561,16
rising,96598,96561,96598,37
sniffing,96599,96598,96599,1
pausing,96696,96599,96696,97
sniffing,96824,96696,96824,128
rising,96829,96824,96829,5
rearing,96976,96829,96976,147
grooming,97101,96976,97101,125
climbing,97134,97101,97134,33
rising,97238,97134,97238,104
left_turning,97274,97238,97274,36
running,97294,97274,97294,20
sniffing,97373,97294,97373,79
rising,97383,97373,97383,10
left_turning,97458,97383,97458,75
sniffing,97534,97458,97534,76
walking,97576,97534,97576,42
climbing,97609,97576,97609,33
rearing,97610,97609,97610,1
rising,97625,97610,97625,15
rearing,97626,97625,97626,1
hunching,97636,97626,97636,10
sniffing,97736,97636,97736,100
pausing,98212,97736,98212,476
climbing,98246,98212,98246,34
sniffing,98317,98246,98317,71
right_turning,98335,98317,98335,18
rising,98392,98335,98392,57
sniffing,98404,98392,98404,12
walking,98448,98404,98448,44
rising,98452,98448,98452,4
rearing,98456,98452,98456,4
rising,98532,98456,98532,76
left_turning,98539,98532,98539,7
walking,98556,98539,98556,17
rising,98601,98556,98601,45
sniffing,98697,98601,98697,96
climbing,98732,98697,98732,35
rising,98763,98732,98763,31
stepping,98812,98763,98812,49
left_turning,98858,98812,98858,46
walking,98881,98858,98881,23
sniffing,98915,98881,98915,34
pausing,98916,98915,98916,1
right_turning,98917,98916,98917,1
trotting,98922,98917,98922,5
sniffing,99019,98922,99019,97
right_turning,99043,99019,99043,24
walking,99093,99043,99093,50
rising,99094,99093,99094,1
sniffing,99095,99094,99095,1
walking,99149,99095,99149,54
trotting,99171,99149,99171,22
walking,99172,99171,99172,1
rising,99265,99172,99265,93
rearing,99269,99265,99269,4
sniffing,99271,99269,99271,2
stepping,99272,99271,99272,1
walking,99307,99272,99307,35
rising,99331,99307,99331,24
left_turning,99407,99331,99407,76
climbing,99408,99407,99408,1
sniffing,99468,99408,99468,60
pausing,99469,99468,99469,1
sniffing,99565,99469,99565,96
walking,99567,99565,99567,2
trotting,99568,99567,99568,1
walking,99608,99568,99608,40
climbing,99674,99608,99674,66
rising,99719,99674,99719,45
sniffing,99794,99719,99794,75
rearing,99925,99794,99925,131
stepping,99995,99925,99995,70
right_turning,100013,99995,100013,18
rising,100014,100013,100014,1
right_turning,100045,100014,100045,31
walking,100046,100045,100046,1
sniffing,100129,100046,100129,83
rising,100132,100129,100132,3
sniffing,100135,100132,100135,3
left_turning,100136,100135,100136,1
right_turning,100166,100136,100166,30
walking,100177,100166,100177,11
sniffing,100178,100177,100178,1
right_turning,100194,100178,100194,16
walking,100243,100194,100243,49
trotting,100259,100243,100259,16
walking,100262,100259,100262,3
sniffing,100308,100262,100308,46
rising,100330,100308,100330,22
rearing,100524,100330,100524,194
sniffing,100580,100524,100580,56
right_turning,100592,100580,100592,12
walking,100621,100592,100621,29
left_turning,100641,100621,100641,20
sniffing,100675,100641,100675,34
climbing,100695,100675,100695,20
rising,100710,100695,100710,15
rearing,100847,100710,100847,137
grooming,100848,100847,100848,1
climbing,100849,100848,100849,1
rising,100971,100849,100971,122
climbing,100972,100971,100972,1
running,101009,100972,101009,37
rearing,101107,101009,101107,98
right_turning,101133,101107,101133,26
walking,101142,101133,101142,9
rising,101218,101142,101218,76
climbing,101268,101218,101268,50
rearing,101570,101268,101570,302
rising,101592,101570,101592,22
rearing,101697,101592,101697,105
grooming,101698,101697,101698,1
rearing,101737,101698,101737,39
sniffing,101781,101737,101781,44
left_turning,101789,101781,101789,8
sniffing,101860,101789,101860,71
left_turning,101945,101860,101945,85
walking,102022,101945,102022,77
sniffing,102129,102022,102129,107
rising,102130,102129,102130,1
right_turning,102145,102130,102145,15
walking,102153,102145,102153,8
sniffing,102231,102153,102231,78
rising,102294,102231,102294,63
climbing,102307,102294,102307,13
right_turning,102336,102307,102336,29
rising,102337,102336,102337,1
sniffing,102388,102337,102388,51
stepping,102415,102388,102415,27
climbing,102441,102415,102441,26
right_turning,102485,102441,102485,44
walking,102501,102485,102501,16
climbing,102513,102501,102513,12
right_turning,102533,102513,102533,20
climbing,102584,102533,102584,51
trotting,102593,102584,102593,9
sniffing,102594,102593,102594,1
left_turning,102630,102594,102630,36
trotting,102631,102630,102631,1
climbing,102665,102631,102665,34
rising,102809,102665,102809,144
hunching,102865,102809,102865,56
rearing,102899,102865,102899,34
grooming,103095,102899,103095,196
climbing,103121,103095,103121,26
walking,103134,103121,103134,13
sniffing,103227,103134,103227,93
rising,103267,103227,103267,40
sniffing,103412,103267,103412,145
right_turning,103429,103412,103429,17
walking,103466,103429,103466,37
sniffing,103467,103466,103467,1
climbing,103527,103467,103527,60
walking,103559,103527,103559,32
stepping,103628,103559,103628,69
sniffing,103683,103628,103683,55
grooming,104370,103683,104370,687
sniffing,104376,104370,104376,6
hunching,104409,104376,104409,33
sniffing,104410,104409,104410,1
grooming,104660,104410,104660,250
sniffing,104693,104660,104693,33
walking,104707,104693,104707,14
sniffing,104769,104707,104769,62
rearing,104770,104769,104770,1
grooming,104771,104770,104771,1
climbing,104844,104771,104844,73
grooming,105054,104844,105054,210
rearing,105090,105054,105090,36
grooming,105336,105090,105336,246
rearing,105395,105336,105395,59
sniffing,105485,105395,105485,90
rising,105496,105485,105496,11
sniffing,105590,105496,105590,94
right_turning,105592,105590,105592,2
walking,105710,105592,105710,118
sniffing,105711,105710,105711,1
trotting,105713,105711,105713,2
sniffing,105714,105713,105714,1
pausing,105715,105714,105715,1
sniffing,105733,105715,105733,18
trotting,105769,105733,105769,36
stepping,105783,105769,105783,14
hunching,105784,105783,105784,1
sniffing,105882,105784,105882,98
rising,105883,105882,105883,1
left_turning,105905,105883,105905,22
sniffing,105952,105905,105952,47
grooming,106114,105952,106114,162
rearing,106138,106114,106138,24
right_turning,106143,106138,106143,5
trotting,106190,106143,106190,47
running,106221,106190,106221,31
rising,106289,106221,106289,68
rearing,106353,106289,106353,64
climbing,106359,106353,106359,6
rising,106430,106359,106430,71
sniffing,106489,106430,106489,59
rising,106594,106489,106594,105
walking,106632,106594,106632,38
trotting,106643,106632,106643,11
rising,106644,106643,106644,1
running,106673,106644,106673,29
rising,106753,106673,106753,80
climbing,106776,106753,106776,23
rearing,106807,106776,106807,31
climbing,106904,106807,106904,97
sniffing,106963,106904,106963,59
climbing,107026,106963,107026,63
grooming,107027,107026,107027,1
rearing,107171,107027,107171,144
climbing,107212,107171,107212,41
rising,107223,107212,107223,11
sniffing,107345,107223,107345,122
rising,107346,107345,107346,1
grooming,107442,107346,107442,96
rearing,107443,107442,107443,1
grooming,107797,107443,107797,354
climbing,107803,107797,107803,6
rearing,107905,107803,107905,102
grooming,108000,107905,108000,95
