revised_movement_label,segBoundary,segBoundary_start,segBoundary_end,length
sniffing,35,0,35,35
right_turning,36,35,36,1
walking,60,36,60,24
sniffing,150,60,150,90
climbing,181,150,181,31
left_turning,204,181,204,23
walking,231,204,231,27
sniffing,272,231,272,41
rising,273,272,273,1
left_turning,294,273,294,21
walking,346,294,346,52
trotting,369,346,369,23
sniffing,370,369,370,1
walking,371,370,371,1
sniffing,372,371,372,1
rising,373,372,373,1
rearing,427,373,427,54
climbing,460,427,460,33
sniffing,472,460,472,12
rising,473,472,473,1
stepping,507,473,507,34
sniffing,532,507,532,25
rising,593,532,593,61
climbing,617,593,617,24
sniffing,666,617,666,49
rising,667,666,667,1
trotting,679,667,679,12
running,718,679,718,39
sniffing,828,718,828,110
walking,858,828,858,30
climbing,893,858,893,35
sniffing,913,893,913,20
left_turning,921,913,921,8
trotting,1003,921,1003,82
walking,1035,1003,1035,32
rising,1135,1035,1135,100
sniffing,1136,1135,1136,1
walking,1214,1136,1214,78
climbing,1235,1214,1235,21
walking,1294,1235,1294,59
sniffing,1393,1294,1393,99
walking,1448,1393,1448,55
stepping,1491,1448,1491,43
climbing,1503,1491,1503,12
rising,1628,1503,1628,125
right_turning,1662,1628,1662,34
walking,1730,1662,1730,68
sniffing,1789,1730,1789,59
trotting,1799,1789,1799,10
walking,1872,1799,1872,73
sniffing,1877,1872,1877,5
trotting,1899,1877,1899,22
sniffing,1956,1899,1956,57
left_turning,1978,1956,1978,22
sniffing,1979,1978,1979,1
rising,1986,1979,1986,7
rearing,2024,1986,2024,38
rising,2065,2024,2065,41
climbing,2118,2065,2118,53
rearing,2322,2118,2322,204
sniffing,2356,2322,2356,34
rising,2365,2356,2365,9
sniffing,2395,2365,2395,30
walking,2415,2395,2415,20
trotting,2416,2415,2416,1
walking,2463,2416,2463,47
sniffing,2585,2463,2585,122
rising,2624,2585,2624,39
climbing,2654,2624,2654,30
left_turning,2656,2654,2656,2
rising,2717,2656,2717,61
sniffing,2742,2717,2742,25
climbing,2787,2742,2787,45
rising,2820,2787,2820,33
climbing,2863,2820,2863,43
left_turning,2894,2863,2894,31
rising,2895,2894,2895,1
climbing,2929,2895,2929,34
sniffing,3004,2929,3004,75
walking,3117,3004,3117,113
stepping,3124,3117,3124,7
climbing,3229,3124,3229,105
sniffing,3304,3229,3304,75
climbing,3332,3304,3332,28
right_turning,3350,3332,3350,18
walking,3377,3350,3377,27
left_turning,3399,3377,3399,22
sniffing,3437,3399,3437,38
left_turning,3438,3437,3438,1
walking,3458,3438,3458,20
right_turning,3473,3458,3473,15
trotting,3495,3473,3495,22
rising,3496,3495,3496,1
hunching,3497,3496,3497,1
right_turning,3518,3497,3518,21
sniffing,3519,3518,3519,1
climbing,3553,3519,3553,34
sniffing,3565,3553,3565,12
walking,3583,3565,3583,18
left_turning,3627,3583,3627,44
trotting,3636,3627,3636,9
climbing,3675,3636,3675,39
rising,3676,3675,3676,1
trotting,3734,3676,3734,58
sniffing,3742,3734,3742,8
left_turning,3765,3742,3765,23
rising,3801,3765,3801,36
sniffing,3830,3801,3830,29
walking,3864,3830,3864,34
sniffing,3865,3864,3865,1
rising,3866,3865,3866,1
climbing,3903,3866,3903,37
rising,3949,3903,3949,46
trotting,3985,3949,3985,36
walking,4009,3985,4009,24
climbing,4034,4009,4034,25
sniffing,4068,4034,4068,34
left_turning,4101,4068,4101,33
sniffing,4102,4101,4102,1
left_turning,4116,4102,4116,14
running,4138,4116,4138,22
rising,4233,4138,4233,95
right_turning,4255,4233,4255,22
rising,4256,4255,4256,1
climbing,4284,4256,4284,28
walking,4300,4284,4300,16
hunching,4301,4300,4301,1
rearing,4364,4301,4364,63
sniffing,4407,4364,4407,43
climbing,4414,4407,4414,7
sniffing,4429,4414,4429,15
walking,4496,4429,4496,67
climbing,4557,4496,4557,61
walking,4576,4557,4576,19
hunching,4577,4576,4577,1
climbing,4616,4577,4616,39
rising,4618,4616,4618,2
climbing,4666,4618,4666,48
rising,4667,4666,4667,1
sniffing,4680,4667,4680,13
walking,4735,4680,4735,55
rearing,4736,4735,4736,1
rising,4828,4736,4828,92
running,4842,4828,4842,14
stepping,4861,4842,4861,19
climbing,4941,4861,4941,80
rising,4942,4941,4942,1
climbing,4959,4942,4959,17
rearing,5186,4959,5186,227
rising,5216,5186,5216,30
sniffing,5325,5216,5325,109
rising,5346,5325,5346,21
walking,5371,5346,5371,25
climbing,5411,5371,5411,40
left_turning,5412,5411,5412,1
running,5432,5412,5432,20
sniffing,5480,5432,5480,48
left_turning,5493,5480,5493,13
walking,5507,5493,5507,14
sniffing,5576,5507,5576,69
left_turning,5616,5576,5616,40
walking,5658,5616,5658,42
sniffing,5686,5658,5686,28
walking,5749,5686,5749,63
sniffing,5830,5749,5830,81
walking,5843,5830,5843,13
sniffing,5844,5843,5844,1
left_turning,5845,5844,5845,1
sniffing,5846,5845,5846,1
stepping,5868,5846,5868,22
sniffing,5928,5868,5928,60
climbing,5972,5928,5972,44
right_turning,5993,5972,5993,21
trotting,6017,5993,6017,24
stepping,6025,6017,6025,8
sniffing,6084,6025,6084,59
walking,6138,6084,6138,54
sniffing,6139,6138,6139,1
stepping,6166,6139,6166,27
walking,6167,6166,6167,1
stepping,6197,6167,6197,30
rising,6269,6197,6269,72
climbing,6298,6269,6298,29
walking,6333,6298,6333,35
sniffing,6334,6333,6334,1
rising,6413,6334,6413,79
grooming,6414,6413,6414,1
rearing,6415,6414,6415,1
climbing,6519,6415,6519,104
sniffing,6526,6519,6526,7
climbing,6587,6526,6587,61
sniffing,6591,6587,6591,4
walking,6698,6591,6698,107
stepping,6746,6698,6746,48
sniffing,6789,6746,6789,43
rising,6790,6789,6790,1
running,6815,6790,6815,25
walking,6864,6815,6864,49
rising,6986,6864,6986,122
right_turning,6989,6986,6989,3
walking,7148,6989,7148,159
running,7181,7148,7181,33
trotting,7201,7181,7201,20
walking,7210,7201,7210,9
sniffing,7211,7210,7211,1
left_turning,7234,7211,7234,23
sniffing,7323,7234,7323,89
climbing,7344,7323,7344,21
rising,7365,7344,7365,21
trotting,7367,7365,7367,2
climbing,7393,7367,7393,26
left_turning,7409,7393,7409,16
walking,7500,7409,7500,91
trotting,7508,7500,7508,8
sniffing,7618,7508,7618,110
walking,7629,7618,7629,11
rising,7697,7629,7697,68
climbing,7744,7697,7744,47
walking,7784,7744,7784,40
sniffing,7891,7784,7891,107
rising,7892,7891,7892,1
sniffing,7967,7892,7967,75
walking,8034,7967,8034,67
sniffing,8035,8034,8035,1
rising,8036,8035,8036,1
climbing,8068,8036,8068,32
walking,8086,8068,8086,18
left_turning,8101,8086,8101,15
sniffing,8159,8101,8159,58
rising,8227,8159,8227,68
climbing,8284,8227,8284,57
rising,8339,8284,8339,55
climbing,8374,8339,8374,35
sniffing,8423,8374,8423,49
left_turning,8452,8423,8452,29
stepping,8454,8452,8454,2
rising,8477,8454,8477,23
walking,8519,8477,8519,42
sniffing,8549,8519,8549,30
trotting,8550,8549,8550,1
sniffing,8613,8550,8613,63
walking,8649,8613,8649,36
left_turning,8700,8649,8700,51
climbing,8735,8700,8735,35
sniffing,8815,8735,8815,80
trotting,8847,8815,8847,32
rising,8878,8847,8878,31
climbing,8923,8878,8923,45
walking,8973,8923,8973,50
trotting,9035,8973,9035,62
sniffing,9036,9035,9036,1
left_turning,9037,9036,9037,1
sniffing,9038,9037,9038,1
walking,9056,9038,9056,18
sniffing,9090,9056,9090,34
stepping,9102,9090,9102,12
sniffing,9165,9102,9165,63
walking,9197,9165,9197,32
rising,9271,9197,9271,74
sniffing,9376,9271,9376,105
walking,9408,9376,9408,32
sniffing,9425,9408,9425,17
left_turning,9465,9425,9465,40
walking,9474,9465,9474,9
sniffing,9495,9474,9495,21
running,9510,9495,9510,15
sniffing,9511,9510,9511,1
walking,9553,9511,9553,42
climbing,9585,9553,9585,32
trotting,9589,9585,9589,4
running,9644,9589,9644,55
sniffing,9645,9644,9645,1
climbing,9652,9645,9652,7
left_turning,9668,9652,9668,16
sniffing,9723,9668,9723,55
walking,9749,9723,9749,26
sniffing,9750,9749,9750,1
stepping,9751,9750,9751,1
sniffing,9772,9751,9772,21
rising,9801,9772,9801,29
walking,9848,9801,9848,47
climbing,9896,9848,9896,48
sniffing,9897,9896,9897,1
right_turning,9901,9897,9901,4
walking,9959,9901,9959,58
rising,9960,9959,9960,1
sniffing,10030,9960,10030,70
trotting,10067,10030,10067,37
sniffing,10068,10067,10068,1
left_turning,10118,10068,10118,50
trotting,10136,10118,10136,18
sniffing,10214,10136,10214,78
left_turning,10245,10214,10245,31
walking,10309,10245,10309,64
sniffing,10356,10309,10356,47
walking,10381,10356,10381,25
left_turning,10410,10381,10410,29
trotting,10415,10410,10415,5
running,10434,10415,10434,19
walking,10509,10434,10509,75
sniffing,10535,10509,10535,26
rising,10536,10535,10536,1
sniffing,10614,10536,10614,78
climbing,10652,10614,10652,38
right_turning,10686,10652,10686,34
left_turning,10725,10686,10725,39
walking,10726,10725,10726,1
sniffing,10749,10726,10749,23
walking,10824,10749,10824,75
trotting,10860,10824,10860,36
stepping,10920,10860,10920,60
sniffing,10921,10920,10921,1
grooming,10922,10921,10922,1
sniffing,10950,10922,10950,28
walking,10976,10950,10976,26
stepping,11010,10976,11010,34
sniffing,11037,11010,11037,27
left_turning,11067,11037,11067,30
walking,11091,11067,11091,24
sniffing,11139,11091,11139,48
climbing,11192,11139,11192,53
walking,11278,11192,11278,86
left_turning,11300,11278,11300,22
rearing,11301,11300,11301,1
grooming,11302,11301,11302,1
rising,11415,11302,11415,113
climbing,11448,11415,11448,33
right_turning,11456,11448,11456,8
walking,11470,11456,11470,14
sniffing,11542,11470,11542,72
running,11577,11542,11577,35
walking,11608,11577,11608,31
sniffing,11609,11608,11609,1
climbing,11650,11609,11650,41
sniffing,11666,11650,11666,16
left_turning,11674,11666,11674,8
walking,11707,11674,11707,33
rising,11708,11707,11708,1
climbing,11740,11708,11740,32
sniffing,11763,11740,11763,23
walking,11804,11763,11804,41
sniffing,11817,11804,11817,13
left_turning,11838,11817,11838,21
sniffing,11839,11838,11839,1
left_turning,11889,11839,11889,50
running,11942,11889,11942,53
walking,11943,11942,11943,1
sniffing,11976,11943,11976,33
walking,12043,11976,12043,67
rising,12044,12043,12044,1
climbing,12094,12044,12094,50
sniffing,12110,12094,12110,16
left_turning,12137,12110,12137,27
sniffing,12185,12137,12185,48
walking,12230,12185,12230,45
climbing,12322,12230,12322,92
sniffing,12351,12322,12351,29
left_turning,12352,12351,12352,1
sniffing,12392,12352,12392,40
stepping,12403,12392,12403,11
sniffing,12426,12403,12426,23
right_turning,12440,12426,12440,14
left_turning,12482,12440,12482,42
sniffing,12606,12482,12606,124
walking,12619,12606,12619,13
sniffing,12726,12619,12726,107
stepping,12749,12726,12749,23
climbing,12793,12749,12793,44
left_turning,12802,12793,12802,9
stepping,12803,12802,12803,1
right_turning,12804,12803,12804,1
stepping,12815,12804,12815,11
sniffing,12816,12815,12816,1
climbing,12846,12816,12846,30
walking,12908,12846,12908,62
right_turning,12938,12908,12938,30
trotting,12939,12938,12939,1
running,12973,12939,12973,34
sniffing,13005,12973,13005,32
walking,13027,13005,13027,22
climbing,13057,13027,13057,30
sniffing,13092,13057,13092,35
walking,13128,13092,13128,36
sniffing,13137,13128,13137,9
rising,13169,13137,13169,32
sniffing,13175,13169,13175,6
right_turning,13200,13175,13200,25
walking,13239,13200,13239,39
sniffing,13309,13239,13309,70
rising,13321,13309,13321,12
climbing,13397,13321,13397,76
stepping,13399,13397,13399,2
walking,13424,13399,13424,25
sniffing,13499,13424,13499,75
walking,13576,13499,13576,77
rising,13617,13576,13617,41
climbing,13669,13617,13669,52
rearing,13808,13669,13808,139
walking,13850,13808,13850,42
climbing,13852,13850,13852,2
sniffing,13869,13852,13869,17
stepping,13894,13869,13894,25
climbing,13998,13894,13998,104
rising,14043,13998,14043,45
walking,14075,14043,14075,32
trotting,14097,14075,14097,22
sniffing,14143,14097,14143,46
rising,14165,14143,14165,22
stepping,14193,14165,14193,28
sniffing,14197,14193,14197,4
climbing,14263,14197,14263,66
left_turning,14328,14263,14328,65
right_turning,14331,14328,14331,3
running,14355,14331,14355,24
sniffing,14396,14355,14396,41
walking,14397,14396,14397,1
sniffing,14474,14397,14474,77
left_turning,14479,14474,14479,5
sniffing,14480,14479,14480,1
climbing,14490,14480,14490,10
right_turning,14512,14490,14512,22
running,14547,14512,14547,35
walking,14575,14547,14575,28
rising,14757,14575,14757,182
sniffing,14852,14757,14852,95
rising,14892,14852,14892,40
sniffing,14944,14892,14944,52
climbing,14969,14944,14969,25
sniffing,14970,14969,14970,1
left_turning,14989,14970,14989,19
sniffing,15007,14989,15007,18
left_turning,15030,15007,15030,23
sniffing,15031,15030,15031,1
climbing,15066,15031,15066,35
running,15070,15066,15070,4
walking,15133,15070,15133,63
trotting,15134,15133,15134,1
stepping,15154,15134,15154,20
sniffing,15172,15154,15172,18
stepping,15198,15172,15198,26
walking,15248,15198,15248,50
climbing,15296,15248,15296,48
rising,15297,15296,15297,1
right_turning,15329,15297,15329,32
trotting,15337,15329,15337,8
right_turning,15341,15337,15341,4
running,15361,15341,15361,20
sniffing,15362,15361,15362,1
rising,15363,15362,15363,1
sniffing,15458,15363,15458,95
climbing,15515,15458,15515,57
sniffing,15516,15515,15516,1
rising,15517,15516,15517,1
sniffing,15583,15517,15583,66
left_turning,15619,15583,15619,36
walking,15686,15619,15686,67
sniffing,15773,15686,15773,87
right_turning,15791,15773,15791,18
sniffing,15792,15791,15792,1
rising,15843,15792,15843,51
right_turning,15844,15843,15844,1
walking,15928,15844,15928,84
rising,16054,15928,16054,126
sniffing,16135,16054,16135,81
walking,16148,16135,16148,13
sniffing,16268,16148,16268,120
climbing,16309,16268,16309,41
trotting,16340,16309,16340,31
walking,16341,16340,16341,1
right_turning,16365,16341,16365,24
running,16376,16365,16376,11
walking,16377,16376,16377,1
sniffing,16435,16377,16435,58
rising,16436,16435,16436,1
climbing,16473,16436,16473,37
rising,16519,16473,16519,46
climbing,16546,16519,16546,27
sniffing,16547,16546,16547,1
rising,16585,16547,16585,38
climbing,16630,16585,16630,45
walking,16645,16630,16645,15
climbing,16665,16645,16665,20
walking,16669,16665,16669,4
trotting,16678,16669,16678,9
sniffing,16679,16678,16679,1
walking,16680,16679,16680,1
climbing,16745,16680,16745,65
running,16780,16745,16780,35
walking,16799,16780,16799,19
climbing,16868,16799,16868,69
sniffing,16883,16868,16883,15
walking,16907,16883,16907,24
left_turning,16960,16907,16960,53
sniffing,17000,16960,17000,40
rising,17017,17000,17017,17
rearing,17206,17017,17206,189
rising,17207,17206,17207,1
sniffing,17208,17207,17208,1
walking,17254,17208,17254,46
left_turning,17255,17254,17255,1
walking,17301,17255,17301,46
sniffing,17329,17301,17329,28
rising,17378,17329,17378,49
sniffing,17391,17378,17391,13
walking,17435,17391,17435,44
sniffing,17442,17435,17442,7
rising,17506,17442,17506,64
walking,17507,17506,17507,1
sniffing,17508,17507,17508,1
climbing,17552,17508,17552,44
rearing,17556,17552,17556,4
climbing,17615,17556,17615,59
rising,17629,17615,17629,14
climbing,17630,17629,17630,1
sniffing,17740,17630,17740,110
left_turning,17796,17740,17796,56
rising,17905,17796,17905,109
sniffing,17979,17905,17979,74
walking,18069,17979,18069,90
sniffing,18076,18069,18076,7
climbing,18134,18076,18134,58
sniffing,18154,18134,18154,20
walking,18251,18154,18251,97
climbing,18295,18251,18295,44
stepping,18296,18295,18296,1
trotting,18315,18296,18315,19
left_turning,18350,18315,18350,35
trotting,18372,18350,18372,22
walking,18415,18372,18415,43
climbing,18450,18415,18450,35
left_turning,18451,18450,18451,1
right_turning,18454,18451,18454,3
rising,18491,18454,18491,37
sniffing,18536,18491,18536,45
climbing,18561,18536,18561,25
left_turning,18609,18561,18609,48
sniffing,18721,18609,18721,112
walking,18754,18721,18754,33
sniffing,18755,18754,18755,1
left_turning,18773,18755,18773,18
sniffing,18786,18773,18786,13
right_turning,18853,18786,18853,67
walking,18892,18853,18892,39
grooming,18893,18892,18893,1
left_turning,18894,18893,18894,1
sniffing,18919,18894,18919,25
grooming,18920,18919,18920,1
hunching,18957,18920,18957,37
climbing,19023,18957,19023,66
right_turning,19055,19023,19055,32
walking,19091,19055,19091,36
sniffing,19092,19091,19092,1
rearing,19093,19092,19093,1
grooming,19364,19093,19364,271
rising,19420,19364,19420,56
climbing,19455,19420,19455,35
rearing,19570,19455,19570,115
grooming,19571,19570,19571,1
hunching,19645,19571,19645,74
sniffing,19670,19645,19670,25
walking,19672,19670,19672,2
sniffing,19676,19672,19676,4
right_turning,19700,19676,19700,24
trotting,19720,19700,19720,20
left_turning,19721,19720,19721,1
walking,19744,19721,19744,23
sniffing,19805,19744,19805,61
climbing,19846,19805,19846,41
sniffing,19899,19846,19899,53
rising,19900,19899,19900,1
climbing,19958,19900,19958,58
sniffing,20041,19958,20041,83
right_turning,20084,20041,20084,43
sniffing,20115,20084,20115,31
walking,20174,20115,20174,59
climbing,20236,20174,20236,62
sniffing,20303,20236,20303,67
hunching,20321,20303,20321,18
rearing,20322,20321,20322,1
hunching,20323,20322,20323,1
sniffing,20324,20323,20324,1
rising,20418,20324,20418,94
sniffing,20448,20418,20448,30
climbing,20489,20448,20489,41
rising,20490,20489,20490,1
climbing,20502,20490,20502,12
hunching,20503,20502,20503,1
climbing,20536,20503,20536,33
rising,20602,20536,20602,66
right_turning,20612,20602,20612,10
walking,20617,20612,20617,5
left_turning,20671,20617,20671,54
running,20695,20671,20695,24
trotting,20765,20695,20765,70
stepping,20800,20765,20800,35
sniffing,20878,20800,20878,78
climbing,20956,20878,20956,78
rising,20957,20956,20957,1
climbing,21018,20957,21018,61
hunching,21062,21018,21062,44
sniffing,21063,21062,21063,1
trotting,21082,21063,21082,19
sniffing,21090,21082,21090,8
left_turning,21091,21090,21091,1
sniffing,21118,21091,21118,27
walking,21140,21118,21140,22
stepping,21160,21140,21160,20
walking,21167,21160,21167,7
sniffing,21168,21167,21168,1
trotting,21180,21168,21180,12
walking,21222,21180,21222,42
rising,21236,21222,21236,14
climbing,21310,21236,21310,74
left_turning,21322,21310,21322,12
sniffing,21355,21322,21355,33
rearing,21356,21355,21356,1
right_turning,21384,21356,21384,28
rising,21385,21384,21385,1
climbing,21476,21385,21476,91
hunching,21537,21476,21537,61
sniffing,21614,21537,21614,77
rearing,21615,21614,21615,1
climbing,21633,21615,21633,18
rearing,21714,21633,21714,81
climbing,21761,21714,21761,47
running,21779,21761,21779,18
rising,21786,21779,21786,7
climbing,21809,21786,21809,23
hunching,21838,21809,21838,29
grooming,21839,21838,21839,1
sniffing,21844,21839,21844,5
walking,21887,21844,21887,43
climbing,21916,21887,21916,29
left_turning,21917,21916,21917,1
sniffing,21918,21917,21918,1
left_turning,21981,21918,21981,63
sniffing,22052,21981,22052,71
walking,22062,22052,22062,10
sniffing,22126,22062,22126,64
grooming,22474,22126,22474,348
sniffing,22481,22474,22481,7
walking,22483,22481,22483,2
sniffing,22494,22483,22494,11
right_turning,22521,22494,22521,27
walking,22565,22521,22565,44
sniffing,22579,22565,22579,14
left_turning,22638,22579,22638,59
rising,22744,22638,22744,106
sniffing,22777,22744,22777,33
walking,22808,22777,22808,31
left_turning,22821,22808,22821,13
sniffing,22826,22821,22826,5
climbing,22899,22826,22899,73
rising,22900,22899,22900,1
sniffing,22909,22900,22909,9
rising,22918,22909,22918,9
grooming,23046,22918,23046,128
hunching,23168,23046,23168,122
sniffing,23169,23168,23169,1
climbing,23218,23169,23218,49
right_turning,23237,23218,23237,19
sniffing,23303,23237,23303,66
stepping,23366,23303,23366,63
sniffing,23412,23366,23412,46
left_turning,23437,23412,23437,25
walking,23442,23437,23442,5
sniffing,23484,23442,23484,42
climbing,23537,23484,23537,53
rising,23577,23537,23577,40
sniffing,23578,23577,23578,1
rising,23592,23578,23592,14
sniffing,23593,23592,23593,1
rearing,23594,23593,23594,1
sniffing,23670,23594,23670,76
stepping,23703,23670,23703,33
rearing,23762,23703,23762,59
sniffing,23905,23762,23905,143
walking,23949,23905,23949,44
climbing,24025,23949,24025,76
left_turning,24060,24025,24060,35
walking,24076,24060,24076,16
climbing,24175,24076,24175,99
trotting,24194,24175,24194,19
sniffing,24195,24194,24195,1
left_turning,24197,24195,24197,2
walking,24213,24197,24213,16
left_turning,24214,24213,24214,1
running,24242,24214,24242,28
walking,24265,24242,24265,23
sniffing,24289,24265,24289,24
left_turning,24322,24289,24322,33
sniffing,24357,24322,24357,35
rising,24364,24357,24364,7
climbing,24414,24364,24414,50
left_turning,24415,24414,24415,1
running,24434,24415,24434,19
sniffing,24435,24434,24435,1
climbing,24543,24435,24543,108
right_turning,24544,24543,24544,1
walking,24632,24544,24632,88
sniffing,24706,24632,24706,74
climbing,24737,24706,24737,31
rising,24738,24737,24738,1
right_turning,24761,24738,24761,23
walking,24812,24761,24812,51
climbing,24813,24812,24813,1
sniffing,24870,24813,24870,57
walking,24911,24870,24911,41
stepping,24916,24911,24916,5
walking,24917,24916,24917,1
sniffing,24921,24917,24921,4
climbing,24952,24921,24952,31
rising,24997,24952,24997,45
sniffing,24998,24997,24998,1
climbing,25025,24998,25025,27
rising,25064,25025,25064,39
rearing,25072,25064,25072,8
sniffing,25073,25072,25073,1
grooming,25193,25073,25193,120
rearing,25194,25193,25194,1
sniffing,25200,25194,25200,6
walking,25248,25200,25248,48
sniffing,25289,25248,25289,41
walking,25352,25289,25352,63
sniffing,25419,25352,25419,67
grooming,25508,25419,25508,89
rearing,25548,25508,25548,40
grooming,25726,25548,25726,178
sniffing,25785,25726,25785,59
climbing,25826,25785,25826,41
trotting,25827,25826,25827,1
sniffing,25864,25827,25864,37
rising,25893,25864,25893,29
sniffing,25918,25893,25918,25
stepping,25969,25918,25969,51
sniffing,26017,25969,26017,48
right_turning,26030,26017,26030,13
walking,26031,26030,26031,1
trotting,26053,26031,26053,22
walking,26083,26053,26083,30
sniffing,26084,26083,26084,1
walking,26095,26084,26095,11
trotting,26096,26095,26096,1
climbing,26145,26096,26145,49
left_turning,26177,26145,26177,32
sniffing,26194,26177,26194,17
trotting,26229,26194,26229,35
rising,26230,26229,26230,1
climbing,26333,26230,26333,103
trotting,26334,26333,26334,1
walking,26348,26334,26348,14
left_turning,26355,26348,26355,7
sniffing,26412,26355,26412,57
stepping,26532,26412,26532,120
rising,26548,26532,26548,16
hunching,26577,26548,26577,29
rising,26578,26577,26578,1
walking,26596,26578,26596,18
climbing,26607,26596,26607,11
sniffing,26659,26607,26659,52
stepping,26672,26659,26672,13
rising,26747,26672,26747,75
climbing,26780,26747,26780,33
hunching,26781,26780,26781,1
sniffing,26782,26781,26782,1
climbing,26809,26782,26809,27
sniffing,26814,26809,26814,5
trotting,26841,26814,26841,27
rising,26842,26841,26842,1
grooming,26843,26842,26843,1
walking,26871,26843,26871,28
climbing,26906,26871,26906,35
trotting,26913,26906,26913,7
rising,26928,26913,26928,15
climbing,26954,26928,26954,26
trotting,26992,26954,26992,38
sniffing,27103,26992,27103,111
rising,27104,27103,27104,1
climbing,27190,27104,27190,86
walking,27231,27190,27231,41
sniffing,27232,27231,27232,1
walking,27257,27232,27257,25
rising,27337,27257,27337,80
sniffing,27356,27337,27356,19
rising,27374,27356,27374,18
right_turning,27402,27374,27402,28
climbing,27445,27402,27445,43
walking,27464,27445,27464,19
trotting,27507,27464,27507,43
sniffing,27603,27507,27603,96
walking,27614,27603,27614,11
sniffing,27634,27614,27634,20
rising,27818,27634,27818,184
hunching,27838,27818,27838,20
rising,27892,27838,27892,54
left_turning,27978,27892,27978,86
walking,28056,27978,28056,78
trotting,28057,28056,28057,1
walking,28065,28057,28065,8
stepping,28096,28065,28096,31
walking,28110,28096,28110,14
sniffing,28115,28110,28115,5
rearing,28220,28115,28220,105
rising,28223,28220,28223,3
walking,28239,28223,28239,16
sniffing,28297,28239,28297,58
left_turning,28310,28297,28310,13
rearing,28399,28310,28399,89
climbing,28403,28399,28403,4
sniffing,28448,28403,28448,45
rising,28493,28448,28493,45
climbing,28553,28493,28553,60
walking,28581,28553,28581,28
climbing,28630,28581,28630,49
rearing,28879,28630,28879,249
rising,28926,28879,28926,47
rearing,28927,28926,28927,1
walking,28938,28927,28938,11
running,28941,28938,28941,3
sniffing,29012,28941,29012,71
rising,29013,29012,29013,1
climbing,29060,29013,29060,47
sniffing,29130,29060,29130,70
climbing,29181,29130,29181,51
walking,29240,29181,29240,59
sniffing,29327,29240,29327,87
climbing,29345,29327,29345,18
trotting,29347,29345,29347,2
sniffing,29422,29347,29422,75
walking,29431,29422,29431,9
running,29456,29431,29456,25
walking,29478,29456,29478,22
climbing,29547,29478,29547,69
sniffing,29558,29547,29558,11
rising,29582,29558,29582,24
climbing,29646,29582,29646,64
running,29662,29646,29662,16
sniffing,29755,29662,29755,93
left_turning,29769,29755,29769,14
sniffing,29781,29769,29781,12
stepping,29807,29781,29807,26
sniffing,29835,29807,29835,28
rising,29855,29835,29855,20
walking,29864,29855,29864,9
sniffing,29872,29864,29872,8
hunching,29905,29872,29905,33
rising,29939,29905,29939,34
sniffing,29988,29939,29988,49
walking,30016,29988,30016,28
sniffing,30063,30016,30063,47
left_turning,30131,30063,30131,68
walking,30164,30131,30164,33
rising,30193,30164,30193,29
climbing,30239,30193,30239,46
sniffing,30240,30239,30240,1
rearing,30385,30240,30385,145
climbing,30463,30385,30463,78
sniffing,30497,30463,30497,34
rising,30509,30497,30509,12
climbing,30553,30509,30553,44
sniffing,30695,30553,30695,142
stepping,30762,30695,30762,67
climbing,30763,30762,30763,1
stepping,30766,30763,30766,3
rearing,30774,30766,30774,8
climbing,30790,30774,30790,16
right_turning,30824,30790,30824,34
stepping,30848,30824,30848,24
sniffing,30907,30848,30907,59
trotting,30923,30907,30923,16
walking,30924,30923,30924,1
sniffing,30987,30924,30987,63
climbing,31083,30987,31083,96
rearing,31131,31083,31131,48
walking,31170,31131,31170,39
sniffing,31210,31170,31210,40
rearing,31262,31210,31262,52
right_turning,31282,31262,31282,20
walking,31351,31282,31351,69
sniffing,31376,31351,31376,25
climbing,31392,31376,31392,16
rearing,31473,31392,31473,81
sniffing,31670,31473,31670,197
walking,31683,31670,31683,13
left_turning,31684,31683,31684,1
walking,31742,31684,31742,58
rising,31777,31742,31777,35
climbing,31802,31777,31802,25
rising,31837,31802,31837,35
climbing,31908,31837,31908,71
left_turning,31909,31908,31909,1
rearing,32125,31909,32125,216
rising,32150,32125,32150,25
climbing,32212,32150,32212,62
sniffing,32261,32212,32261,49
right_turning,32269,32261,32269,8
walking,32316,32269,32316,47
sniffing,32365,32316,32365,49
left_turning,32375,32365,32375,10
walking,32381,32375,32381,6
sniffing,32387,32381,32387,6
rising,32404,32387,32404,17
climbing,32457,32404,32457,53
trotting,32485,32457,32485,28
stepping,32486,32485,32486,1
walking,32517,32486,32517,31
sniffing,32580,32517,32580,63
right_turning,32592,32580,32592,12
trotting,32599,32592,32599,7
walking,32623,32599,32623,24
rising,32645,32623,32645,22
sniffing,32739,32645,32739,94
rising,32756,32739,32756,17
left_turning,32826,32756,32826,70
rising,32834,32826,32834,8
sniffing,32907,32834,32907,73
walking,32955,32907,32955,48
sniffing,32991,32955,32991,36
stepping,32993,32991,32993,2
walking,33037,32993,33037,44
climbing,33095,33037,33095,58
right_turning,33097,33095,33097,2
trotting,33114,33097,33114,17
sniffing,33178,33114,33178,64
climbing,33198,33178,33198,20
walking,33224,33198,33224,26
left_turning,33281,33224,33281,57
walking,33289,33281,33289,8
sniffing,33299,33289,33299,10
left_turning,33333,33299,33333,34
sniffing,33334,33333,33334,1
right_turning,33335,33334,33335,1
climbing,33356,33335,33356,21
sniffing,33357,33356,33357,1
left_turning,33404,33357,33404,47
sniffing,33434,33404,33434,30
right_turning,33455,33434,33455,21
trotting,33480,33455,33480,25
walking,33496,33480,33496,16
sniffing,33504,33496,33504,8
left_turning,33505,33504,33505,1
running,33525,33505,33525,20
climbing,33595,33525,33595,70
sniffing,33669,33595,33669,74
walking,33698,33669,33698,29
sniffing,33713,33698,33713,15
left_turning,33765,33713,33765,52
running,33789,33765,33789,24
walking,33795,33789,33795,6
rising,33831,33795,33831,36
climbing,33848,33831,33848,17
trotting,33893,33848,33893,45
running,33926,33893,33926,33
walking,33958,33926,33958,32
left_turning,34012,33958,34012,54
stepping,34130,34012,34130,118
walking,34142,34130,34142,12
sniffing,34175,34142,34175,33
right_turning,34185,34175,34185,10
left_turning,34186,34185,34186,1
rising,34187,34186,34187,1
sniffing,34278,34187,34278,91
left_turning,34310,34278,34310,32
sniffing,34421,34310,34421,111
walking,34436,34421,34436,15
climbing,34453,34436,34453,17
sniffing,34498,34453,34498,45
walking,34548,34498,34548,50
climbing,34553,34548,34553,5
rising,34746,34553,34746,193
walking,34750,34746,34750,4
rising,34771,34750,34771,21
climbing,34848,34771,34848,77
rearing,34947,34848,34947,99
grooming,34948,34947,34948,1
rearing,34981,34948,34981,33
hunching,35041,34981,35041,60
walking,35066,35041,35066,25
trotting,35067,35066,35067,1
sniffing,35077,35067,35077,10
grooming,35406,35077,35406,329
rearing,35407,35406,35407,1
rising,35408,35407,35408,1
left_turning,35435,35408,35435,27
running,35508,35435,35508,73
left_turning,35577,35508,35577,69
trotting,35608,35577,35608,31
stepping,35609,35608,35609,1
rising,35662,35609,35662,53
rearing,35663,35662,35663,1
rising,35709,35663,35709,46
left_turning,35710,35709,35710,1
walking,35748,35710,35748,38
climbing,35834,35748,35834,86
running,35868,35834,35868,34
sniffing,35958,35868,35958,90
rising,35959,35958,35959,1
sniffing,35960,35959,35960,1
grooming,36162,35960,36162,202
rearing,36242,36162,36242,80
grooming,36754,36242,36754,512
sniffing,36783,36754,36783,29
left_turning,36904,36783,36904,121
trotting,36905,36904,36905,1
left_turning,36926,36905,36926,21
sniffing,36938,36926,36938,12
rising,36952,36938,36952,14
sniffing,36993,36952,36993,41
left_turning,36994,36993,36994,1
sniffing,37036,36994,37036,42
climbing,37091,37036,37091,55
running,37092,37091,37092,1
walking,37154,37092,37154,62
sniffing,37155,37154,37155,1
walking,37171,37155,37171,16
sniffing,37193,37171,37193,22
right_turning,37200,37193,37200,7
walking,37230,37200,37230,30
left_turning,37231,37230,37231,1
sniffing,37238,37231,37238,7
rising,37251,37238,37251,13
rearing,37319,37251,37319,68
sniffing,37320,37319,37320,1
walking,37358,37320,37358,38
rising,37359,37358,37359,1
sniffing,37449,37359,37449,90
running,37455,37449,37455,6
sniffing,37456,37455,37456,1
climbing,37462,37456,37462,6
sniffing,37609,37462,37609,147
rearing,37610,37609,37610,1
sniffing,37613,37610,37613,3
rearing,37614,37613,37614,1
climbing,37690,37614,37690,76
rearing,37691,37690,37691,1
right_turning,37694,37691,37694,3
sniffing,37695,37694,37695,1
climbing,37696,37695,37696,1
walking,37712,37696,37712,16
climbing,37724,37712,37724,12
hunching,37795,37724,37795,71
sniffing,37806,37795,37806,11
hunching,37915,37806,37915,109
walking,37930,37915,37930,15
sniffing,37966,37930,37966,36
rising,38024,37966,38024,58
walking,38081,38024,38081,57
left_turning,38083,38081,38083,2
sniffing,38104,38083,38104,21
right_turning,38107,38104,38107,3
rising,38126,38107,38126,19
climbing,38191,38126,38191,65
rearing,38192,38191,38192,1
rising,38222,38192,38222,30
climbing,38260,38222,38260,38
left_turning,38280,38260,38280,20
trotting,38308,38280,38308,28
stepping,38316,38308,38316,8
rearing,38369,38316,38369,53
climbing,38413,38369,38413,44
right_turning,38455,38413,38455,42
walking,38461,38455,38461,6
climbing,38492,38461,38492,31
walking,38550,38492,38550,58
sniffing,38621,38550,38621,71
walking,38658,38621,38658,37
rising,38684,38658,38684,26
climbing,38761,38684,38761,77
walking,38762,38761,38762,1
sniffing,38826,38762,38826,64
climbing,38924,38826,38924,98
left_turning,38947,38924,38947,23
running,38974,38947,38974,27
trotting,38991,38974,38991,17
walking,39017,38991,39017,26
left_turning,39018,39017,39018,1
walking,39019,39018,39019,1
jumping,39067,39019,39067,48
rising,39148,39067,39148,81
sniffing,39227,39148,39227,79
hunching,39228,39227,39228,1
walking,39266,39228,39266,38
sniffing,39352,39266,39352,86
rising,39362,39352,39362,10
sniffing,39405,39362,39405,43
left_turning,39440,39405,39440,35
sniffing,39456,39440,39456,16
rising,39505,39456,39505,49
stepping,39507,39505,39507,2
sniffing,39508,39507,39508,1
rising,39522,39508,39522,14
stepping,39549,39522,39549,27
left_turning,39565,39549,39565,16
trotting,39589,39565,39589,24
walking,39590,39589,39590,1
sniffing,39613,39590,39613,23
left_turning,39615,39613,39615,2
sniffing,39652,39615,39652,37
hunching,39839,39652,39839,187
grooming,39895,39839,39895,56
right_turning,39936,39895,39936,41
walking,39937,39936,39937,1
sniffing,39972,39937,39972,35
walking,39992,39972,39992,20
sniffing,40081,39992,40081,89
walking,40082,40081,40082,1
sniffing,40083,40082,40083,1
walking,40140,40083,40140,57
rearing,40141,40140,40141,1
walking,40181,40141,40181,40
sniffing,40221,40181,40221,40
rising,40247,40221,40247,26
sniffing,40288,40247,40288,41
rising,40308,40288,40308,20
climbing,40324,40308,40324,16
walking,40372,40324,40372,48
rising,40373,40372,40373,1
climbing,40407,40373,40407,34
sniffing,40409,40407,40409,2
walking,40461,40409,40461,52
climbing,40503,40461,40503,42
rising,40504,40503,40504,1
climbing,40543,40504,40543,39
hunching,40577,40543,40577,34
rearing,40640,40577,40640,63
climbing,40671,40640,40671,31
right_turning,40672,40671,40672,1
sniffing,40785,40672,40785,113
rising,40845,40785,40845,60
climbing,40887,40845,40887,42
grooming,40888,40887,40888,1
rising,40908,40888,40908,20
climbing,40988,40908,40988,80
right_turning,40995,40988,40995,7
trotting,41054,40995,41054,59
left_turning,41055,41054,41055,1
trotting,41073,41055,41073,18
right_turning,41100,41073,41100,27
climbing,41118,41100,41118,18
running,41145,41118,41145,27
walking,41186,41145,41186,41
hunching,41196,41186,41196,10
rising,41233,41196,41233,37
climbing,41263,41233,41263,30
sniffing,41292,41263,41292,29
rearing,41293,41292,41293,1
walking,41304,41293,41304,11
sniffing,41356,41304,41356,52
rising,41509,41356,41509,153
walking,41528,41509,41528,19
sniffing,41581,41528,41581,53
rising,41643,41581,41643,62
sniffing,41644,41643,41644,1
walking,41702,41644,41702,58
left_turning,41736,41702,41736,34
sniffing,41737,41736,41737,1
left_turning,41749,41737,41749,12
sniffing,41792,41749,41792,43
left_turning,41793,41792,41793,1
sniffing,41831,41793,41831,38
right_turning,41840,41831,41840,9
walking,41880,41840,41880,40
sniffing,41881,41880,41881,1
rising,41882,41881,41882,1
left_turning,41888,41882,41888,6
walking,41898,41888,41898,10
sniffing,42007,41898,42007,109
walking,42054,42007,42054,47
climbing,42084,42054,42084,30
rearing,42085,42084,42085,1
grooming,42099,42085,42099,14
hunching,42176,42099,42176,77
grooming,42177,42176,42177,1
rearing,42466,42177,42466,289
rising,42467,42466,42467,1
left_turning,42485,42467,42485,18
sniffing,42526,42485,42526,41
trotting,42558,42526,42558,32
left_turning,42599,42558,42599,41
sniffing,42664,42599,42664,65
trotting,42715,42664,42715,51
sniffing,42791,42715,42791,76
left_turning,42809,42791,42809,18
sniffing,42884,42809,42884,75
walking,42930,42884,42930,46
hunching,43038,42930,43038,108
grooming,43249,43038,43249,211
left_turning,43312,43249,43312,63
sniffing,43313,43312,43313,1
hunching,43360,43313,43360,47
grooming,43418,43360,43418,58
sniffing,43521,43418,43521,103
trotting,43534,43521,43534,13
sniffing,43566,43534,43566,32
left_turning,43571,43566,43571,5
sniffing,43587,43571,43587,16
walking,43631,43587,43631,44
stepping,43668,43631,43668,37
walking,43679,43668,43679,11
sniffing,43712,43679,43712,33
rising,43763,43712,43763,51
walking,43827,43763,43827,64
rising,43905,43827,43905,78
sniffing,43923,43905,43923,18
walking,43950,43923,43950,27
climbing,43970,43950,43970,20
hunching,43971,43970,43971,1
grooming,44040,43971,44040,69
sniffing,44045,44040,44045,5
climbing,44090,44045,44090,45
rising,44092,44090,44092,2
rearing,44176,44092,44176,84
sniffing,44221,44176,44221,45
left_turning,44234,44221,44234,13
sniffing,44269,44234,44269,35
right_turning,44270,44269,44270,1
climbing,44291,44270,44291,21
sniffing,44383,44291,44383,92
rising,44402,44383,44402,19
climbing,44444,44402,44444,42
rearing,44644,44444,44644,200
rising,44663,44644,44663,19
sniffing,44673,44663,44673,10
stepping,44706,44673,44706,33
rising,44727,44706,44727,21
rearing,44793,44727,44793,66
right_turning,44794,44793,44794,1
walking,44795,44794,44795,1
trotting,44827,44795,44827,32
sniffing,44838,44827,44838,11
rising,44883,44838,44883,45
hunching,45020,44883,45020,137
sniffing,45077,45020,45077,57
jumping,45167,45077,45167,90
hunching,45209,45167,45209,42
sniffing,45256,45209,45256,47
rising,45257,45256,45257,1
sniffing,45258,45257,45258,1
hunching,45310,45258,45310,52
climbing,45367,45310,45367,57
rearing,45439,45367,45439,72
walking,45453,45439,45453,14
stepping,45490,45453,45490,37
rising,45532,45490,45532,42
climbing,45644,45532,45644,112
trotting,45645,45644,45645,1
rising,45671,45645,45671,26
rearing,45811,45671,45811,140
climbing,45828,45811,45828,17
walking,45878,45828,45878,50
climbing,45930,45878,45930,52
left_turning,45955,45930,45955,25
sniffing,45956,45955,45956,1
walking,45975,45956,45975,19
trotting,45987,45975,45987,12
walking,45988,45987,45988,1
climbing,46044,45988,46044,56
hunching,46065,46044,46065,21
climbing,46081,46065,46081,16
right_turning,46084,46081,46084,3
stepping,46127,46084,46127,43
sniffing,46299,46127,46299,172
climbing,46359,46299,46359,60
trotting,46421,46359,46421,62
walking,46422,46421,46422,1
sniffing,46529,46422,46529,107
stepping,46531,46529,46531,2
walking,46560,46531,46560,29
sniffing,46591,46560,46591,31
walking,46603,46591,46603,12
sniffing,46636,46603,46636,33
rising,46667,46636,46667,31
walking,46668,46667,46668,1
sniffing,46710,46668,46710,42
trotting,46734,46710,46734,24
sniffing,46735,46734,46735,1
climbing,46755,46735,46755,20
running,46788,46755,46788,33
stepping,46817,46788,46817,29
sniffing,46818,46817,46818,1
rising,46876,46818,46876,58
sniffing,46877,46876,46877,1
left_turning,46925,46877,46925,48
sniffing,46997,46925,46997,72
rising,46998,46997,46998,1
climbing,47043,46998,47043,45
sniffing,47118,47043,47118,75
stepping,47138,47118,47138,20
sniffing,47139,47138,47139,1
right_turning,47168,47139,47168,29
trotting,47169,47168,47169,1
left_turning,47192,47169,47192,23
sniffing,47228,47192,47228,36
rising,47229,47228,47229,1
sniffing,47269,47229,47269,40
right_turning,47285,47269,47285,16
walking,47335,47285,47335,50
sniffing,47336,47335,47336,1
rising,47337,47336,47337,1
sniffing,47338,47337,47338,1
rearing,47499,47338,47499,161
rising,47584,47499,47584,85
right_turning,47632,47584,47632,48
walking,47659,47632,47659,27
left_turning,47716,47659,47716,57
sniffing,47794,47716,47794,78
walking,47810,47794,47810,16
rearing,47811,47810,47811,1
left_turning,47835,47811,47835,24
walking,47842,47835,47842,7
stepping,47912,47842,47912,70
rising,47926,47912,47926,14
climbing,47983,47926,47983,57
sniffing,48120,47983,48120,137
walking,48169,48120,48169,49
stepping,48237,48169,48237,68
sniffing,48238,48237,48238,1
walking,48304,48238,48304,66
left_turning,48464,48304,48464,160
sniffing,48465,48464,48465,1
stepping,48551,48465,48551,86
sniffing,48612,48551,48612,61
climbing,48665,48612,48665,53
sniffing,48666,48665,48666,1
rising,48714,48666,48714,48
climbing,48781,48714,48781,67
left_turning,48825,48781,48825,44
sniffing,48920,48825,48920,95
right_turning,48942,48920,48942,22
walking,48961,48942,48961,19
trotting,48965,48961,48965,4
sniffing,48966,48965,48966,1
climbing,49011,48966,49011,45
rearing,49083,49011,49083,72
walking,49106,49083,49106,23
rising,49153,49106,49153,47
climbing,49171,49153,49171,18
sniffing,49235,49171,49235,64
rising,49270,49235,49270,35
climbing,49338,49270,49338,68
trotting,49389,49338,49389,51
running,49415,49389,49415,26
climbing,49455,49415,49455,40
sniffing,49508,49455,49508,53
stepping,49530,49508,49530,22
walking,49550,49530,49550,20
sniffing,49583,49550,49583,33
right_turning,49605,49583,49605,22
left_turning,49687,49605,49687,82
trotting,49709,49687,49709,22
sniffing,49710,49709,49710,1
walking,49751,49710,49751,41
sniffing,49776,49751,49776,25
stepping,49833,49776,49833,57
walking,49858,49833,49858,25
sniffing,49888,49858,49888,30
rising,49898,49888,49898,10
sniffing,49899,49898,49899,1
climbing,50053,49899,50053,154
sniffing,50069,50053,50069,16
rearing,50070,50069,50070,1
sniffing,50071,50070,50071,1
rising,50072,50071,50072,1
climbing,50099,50072,50099,27
rising,50148,50099,50148,49
walking,50169,50148,50169,21
sniffing,50170,50169,50170,1
walking,50185,50170,50185,15
sniffing,50243,50185,50243,58
rearing,50319,50243,50319,76
sniffing,50329,50319,50329,10
right_turning,50345,50329,50345,16
walking,50429,50345,50429,84
rising,50454,50429,50454,25
climbing,50477,50454,50477,23
rising,50544,50477,50544,67
climbing,50573,50544,50573,29
walking,50574,50573,50574,1
rising,50638,50574,50638,64
climbing,50664,50638,50664,26
walking,50665,50664,50665,1
rising,50666,50665,50666,1
sniffing,50742,50666,50742,76
rising,50778,50742,50778,36
walking,50779,50778,50779,1
sniffing,50867,50779,50867,88
hunching,50948,50867,50948,81
right_turning,50958,50948,50958,10
walking,51008,50958,51008,50
climbing,51091,51008,51091,83
sniffing,51092,51091,51092,1
climbing,51093,51092,51093,1
sniffing,51112,51093,51112,19
walking,51140,51112,51140,28
rising,51141,51140,51141,1
grooming,51169,51141,51169,28
rearing,51249,51169,51249,80
left_turning,51268,51249,51268,19
walking,51297,51268,51297,29
sniffing,51298,51297,51298,1
left_turning,51376,51298,51376,78
walking,51409,51376,51409,33
climbing,51429,51409,51429,20
walking,51497,51429,51497,68
sniffing,51604,51497,51604,107
walking,51629,51604,51629,25
sniffing,51674,51629,51674,45
climbing,51695,51674,51695,21
right_turning,51696,51695,51696,1
trotting,51724,51696,51724,28
stepping,51774,51724,51774,50
left_turning,51775,51774,51775,1
rising,51795,51775,51795,20
grooming,52378,51795,52378,583
hunching,52551,52378,52551,173
grooming,52596,52551,52596,45
rising,52597,52596,52597,1
sniffing,52679,52597,52679,82
rising,52696,52679,52696,17
climbing,52725,52696,52725,29
stepping,52731,52725,52731,6
climbing,52761,52731,52761,30
hunching,52935,52761,52935,174
sniffing,53045,52935,53045,110
rising,53054,53045,53054,9
sniffing,53083,53054,53083,29
climbing,53125,53083,53125,42
rising,53166,53125,53166,41
left_turning,53218,53166,53218,52
sniffing,53219,53218,53219,1
rising,53262,53219,53262,43
climbing,53292,53262,53292,30
running,53305,53292,53305,13
sniffing,53306,53305,53306,1
running,53326,53306,53326,20
walking,53345,53326,53345,19
sniffing,53346,53345,53346,1
climbing,53400,53346,53400,54
rising,53432,53400,53432,32
climbing,53501,53432,53501,69
rising,53545,53501,53545,44
rearing,53591,53545,53591,46
walking,53592,53591,53592,1
left_turning,53685,53592,53685,93
sniffing,53708,53685,53708,23
right_turning,53731,53708,53731,23
climbing,53760,53731,53760,29
right_turning,53763,53760,53763,3
rising,53766,53763,53766,3
climbing,53781,53766,53781,15
hunching,53863,53781,53863,82
right_turning,53864,53863,53864,1
left_turning,53883,53864,53883,19
grooming,54094,53883,54094,211
rearing,54185,54094,54185,91
climbing,54228,54185,54228,43
sniffing,54229,54228,54229,1
stepping,54233,54229,54233,4
left_turning,54243,54233,54243,10
sniffing,54406,54243,54406,163
walking,54420,54406,54420,14
stepping,54455,54420,54455,35
sniffing,54456,54455,54456,1
climbing,54483,54456,54483,27
sniffing,54512,54483,54512,29
climbing,54584,54512,54584,72
stepping,54632,54584,54632,48
right_turning,54650,54632,54650,18
climbing,54738,54650,54738,88
sniffing,54739,54738,54739,1
walking,54758,54739,54758,19
sniffing,54759,54758,54759,1
left_turning,54760,54759,54760,1
walking,54828,54760,54828,68
climbing,54848,54828,54848,20
rearing,54979,54848,54979,131
right_turning,54980,54979,54980,1
trotting,55013,54980,55013,33
sniffing,55115,55013,55115,102
climbing,55156,55115,55156,41
grooming,55254,55156,55254,98
trotting,55293,55254,55293,39
stepping,55383,55293,55383,90
sniffing,55388,55383,55388,5
walking,55398,55388,55398,10
sniffing,55428,55398,55428,30
rising,55429,55428,55429,1
climbing,55475,55429,55475,46
sniffing,55476,55475,55476,1
hunching,55540,55476,55540,64
walking,55586,55540,55586,46
rising,55676,55586,55676,90
sniffing,55759,55676,55759,83
walking,55772,55759,55772,13
rising,55842,55772,55842,70
sniffing,55921,55842,55921,79
left_turning,55964,55921,55964,43
sniffing,56062,55964,56062,98
left_turning,56112,56062,56112,50
stepping,56150,56112,56150,38
climbing,56210,56150,56210,60
rearing,56248,56210,56248,38
walking,56276,56248,56276,28
climbing,56277,56276,56277,1
rising,56278,56277,56278,1
climbing,56303,56278,56303,25
left_turning,56304,56303,56304,1
sniffing,56509,56304,56509,205
rearing,56565,56509,56565,56
sniffing,56664,56565,56664,99
climbing,56707,56664,56707,43
grooming,56767,56707,56767,60
rising,56781,56767,56781,14
climbing,56803,56781,56803,22
rearing,56858,56803,56858,55
grooming,57020,56858,57020,162
rearing,57100,57020,57100,80
hunching,57135,57100,57135,35
rearing,57285,57135,57285,150
sniffing,57286,57285,57286,1
walking,57302,57286,57302,16
left_turning,57318,57302,57318,16
stepping,57332,57318,57332,14
sniffing,57342,57332,57342,10
walking,57355,57342,57355,13
rising,57361,57355,57361,6
trotting,57410,57361,57410,49
sniffing,57491,57410,57491,81
rising,57534,57491,57534,43
walking,57564,57534,57564,30
rearing,57565,57564,57565,1
sniffing,57650,57565,57650,85
left_turning,57651,57650,57651,1
walking,57675,57651,57675,24
sniffing,57696,57675,57696,21
climbing,57725,57696,57725,29
sniffing,57740,57725,57740,15
walking,57741,57740,57741,1
sniffing,57763,57741,57763,22
rearing,57887,57763,57887,124
sniffing,57953,57887,57953,66
rising,58003,57953,58003,50
grooming,58004,58003,58004,1
rearing,58063,58004,58063,59
grooming,58095,58063,58095,32
rearing,58136,58095,58136,41
rising,58183,58136,58183,47
climbing,58210,58183,58210,27
sniffing,58239,58210,58239,29
right_turning,58257,58239,58257,18
walking,58262,58257,58262,5
right_turning,58280,58262,58280,18
rising,58296,58280,58296,16
sniffing,58348,58296,58348,52
rearing,58349,58348,58349,1
climbing,58408,58349,58408,59
rising,58444,58408,58444,36
climbing,58445,58444,58445,1
rearing,58446,58445,58446,1
left_turning,58458,58446,58458,12
sniffing,58459,58458,58459,1
rearing,58710,58459,58710,251
walking,58757,58710,58757,47
left_turning,58790,58757,58790,33
stepping,58799,58790,58799,9
sniffing,58803,58799,58803,4
rising,58804,58803,58804,1
grooming,58922,58804,58922,118
rearing,59059,58922,59059,137
sniffing,59114,59059,59114,55
climbing,59131,59114,59131,17
sniffing,59261,59131,59261,130
rising,59262,59261,59262,1
sniffing,59392,59262,59392,130
walking,59398,59392,59398,6
rising,59399,59398,59399,1
right_turning,59426,59399,59426,27
walking,59458,59426,59458,32
sniffing,59488,59458,59488,30
rising,59489,59488,59489,1
climbing,59524,59489,59524,35
sniffing,59550,59524,59550,26
grooming,60283,59550,60283,733
climbing,60360,60283,60360,77
rearing,60512,60360,60512,152
climbing,60560,60512,60560,48
sniffing,60604,60560,60604,44
rising,60630,60604,60630,26
climbing,60658,60630,60658,28
sniffing,60754,60658,60754,96
right_turning,60763,60754,60763,9
running,60778,60763,60778,15
stepping,60781,60778,60781,3
sniffing,60858,60781,60858,77
climbing,60904,60858,60904,46
running,60922,60904,60922,18
rising,60976,60922,60976,54
sniffing,61035,60976,61035,59
left_turning,61046,61035,61046,11
stepping,61047,61046,61047,1
walking,61072,61047,61072,25
sniffing,61073,61072,61073,1
climbing,61074,61073,61074,1
sniffing,61075,61074,61075,1
climbing,61146,61075,61146,71
left_turning,61153,61146,61153,7
sniffing,61284,61153,61284,131
trotting,61289,61284,61289,5
rising,61314,61289,61314,25
climbing,61404,61314,61404,90
rising,61405,61404,61405,1
walking,61428,61405,61428,23
sniffing,61478,61428,61478,50
left_turning,61521,61478,61521,43
sniffing,61567,61521,61567,46
rising,61568,61567,61568,1
sniffing,61632,61568,61632,64
rising,61671,61632,61671,39
sniffing,61672,61671,61672,1
left_turning,61696,61672,61696,24
walking,61746,61696,61746,50
sniffing,61747,61746,61747,1
rising,61748,61747,61748,1
climbing,61815,61748,61815,67
sniffing,61816,61815,61816,1
rising,61909,61816,61909,93
sniffing,62009,61909,62009,100
stepping,62037,62009,62037,28
right_turning,62092,62037,62092,55
sniffing,62155,62092,62155,63
climbing,62190,62155,62190,35
rising,62191,62190,62191,1
climbing,62204,62191,62204,13
rearing,62262,62204,62262,58
right_turning,62263,62262,62263,1
walking,62264,62263,62264,1
stepping,62265,62264,62265,1
rising,62272,62265,62272,7
rearing,62321,62272,62321,49
rising,62328,62321,62328,7
rearing,62329,62328,62329,1
climbing,62346,62329,62346,17
sniffing,62394,62346,62394,48
walking,62434,62394,62434,40
left_turning,62472,62434,62472,38
stepping,62508,62472,62508,36
sniffing,62515,62508,62515,7
left_turning,62585,62515,62585,70
stepping,62586,62585,62586,1
right_turning,62617,62586,62617,31
rising,62618,62617,62618,1
climbing,62628,62618,62628,10
walking,62631,62628,62631,3
sniffing,62670,62631,62670,39
walking,62708,62670,62708,38
stepping,62744,62708,62744,36
sniffing,62971,62744,62971,227
walking,63010,62971,63010,39
left_turning,63011,63010,63011,1
rising,63041,63011,63041,30
sniffing,63130,63041,63130,89
rising,63179,63130,63179,49
left_turning,63180,63179,63180,1
sniffing,63221,63180,63221,41
hunching,63259,63221,63259,38
sniffing,63308,63259,63308,49
rising,63344,63308,63344,36
left_turning,63345,63344,63345,1
sniffing,63415,63345,63415,70
walking,63490,63415,63490,75
rising,63539,63490,63539,49
walking,63540,63539,63540,1
sniffing,63624,63540,63624,84
walking,63625,63624,63625,1
climbing,63646,63625,63646,21
trotting,63664,63646,63664,18
walking,63698,63664,63698,34
climbing,63763,63698,63763,65
walking,63794,63763,63794,31
rearing,63795,63794,63795,1
climbing,63856,63795,63856,61
hunching,63926,63856,63926,70
right_turning,63956,63926,63956,30
trotting,63980,63956,63980,24
walking,63983,63980,63983,3
rising,64040,63983,64040,57
rearing,64041,64040,64041,1
stepping,64086,64041,64086,45
climbing,64112,64086,64112,26
walking,64123,64112,64123,11
climbing,64210,64123,64210,87
right_turning,64233,64210,64233,23
running,64234,64233,64234,1
trotting,64291,64234,64291,57
sniffing,64352,64291,64352,61
rising,64357,64352,64357,5
sniffing,64408,64357,64408,51
climbing,64464,64408,64464,56
sniffing,64491,64464,64491,27
walking,64549,64491,64549,58
running,64594,64549,64594,45
sniffing,64634,64594,64634,40
climbing,64666,64634,64666,32
sniffing,64667,64666,64667,1
rising,64733,64667,64733,66
sniffing,64734,64733,64734,1
right_turning,64756,64734,64756,22
trotting,64776,64756,64776,20
right_turning,64791,64776,64791,15
walking,64807,64791,64807,16
sniffing,64911,64807,64911,104
pausing,65062,64911,65062,151
sniffing,65103,65062,65103,41
pausing,65254,65103,65254,151
sniffing,65352,65254,65352,98
left_turning,65414,65352,65414,62
walking,65450,65414,65450,36
stepping,65458,65450,65458,8
walking,65486,65458,65486,28
sniffing,65497,65486,65497,11
rising,65620,65497,65620,123
walking,65639,65620,65639,19
sniffing,65698,65639,65698,59
left_turning,65779,65698,65779,81
sniffing,65787,65779,65787,8
rearing,65793,65787,65793,6
rising,65804,65793,65804,11
climbing,65813,65804,65813,9
trotting,65829,65813,65829,16
sniffing,65848,65829,65848,19
climbing,65880,65848,65880,32
walking,65882,65880,65882,2
stepping,65915,65882,65915,33
left_turning,65987,65915,65987,72
walking,66038,65987,66038,51
sniffing,66060,66038,66060,22
walking,66075,66060,66075,15
sniffing,66159,66075,66159,84
left_turning,66267,66159,66267,108
sniffing,66268,66267,66268,1
rearing,66269,66268,66269,1
climbing,66292,66269,66292,23
walking,66311,66292,66311,19
stepping,66344,66311,66344,33
left_turning,66387,66344,66387,43
sniffing,66531,66387,66531,144
stepping,66557,66531,66557,26
right_turning,66558,66557,66558,1
trotting,66569,66558,66569,11
sniffing,66654,66569,66654,85
rising,66672,66654,66672,18
sniffing,66692,66672,66692,20
walking,66728,66692,66728,36
sniffing,66736,66728,66736,8
walking,66737,66736,66737,1
sniffing,66907,66737,66907,170
left_turning,66913,66907,66913,6
walking,66951,66913,66951,38
rising,67076,66951,67076,125
climbing,67139,67076,67139,63
rising,67150,67139,67150,11
climbing,67151,67150,67151,1
walking,67152,67151,67152,1
climbing,67188,67152,67188,36
trotting,67231,67188,67231,43
sniffing,67232,67231,67232,1
climbing,67276,67232,67276,44
sniffing,67310,67276,67310,34
walking,67348,67310,67348,38
sniffing,67418,67348,67418,70
rising,67419,67418,67419,1
climbing,67475,67419,67475,56
walking,67499,67475,67499,24
right_turning,67511,67499,67511,12
walking,67514,67511,67514,3
climbing,67581,67514,67581,67
rising,67582,67581,67582,1
walking,67615,67582,67615,33
rising,67793,67615,67793,178
climbing,67917,67793,67917,124
rearing,68016,67917,68016,99
sniffing,68037,68016,68037,21
rising,68045,68037,68045,8
sniffing,68046,68045,68046,1
climbing,68047,68046,68047,1
walking,68076,68047,68076,29
rising,68115,68076,68115,39
climbing,68265,68115,68265,150
rearing,68291,68265,68291,26
stepping,68335,68291,68335,44
rising,68336,68335,68336,1
sniffing,68452,68336,68452,116
walking,68474,68452,68474,22
sniffing,68529,68474,68529,55
climbing,68530,68529,68530,1
rising,68549,68530,68549,19
climbing,68593,68549,68593,44
walking,68661,68593,68661,68
left_turning,68691,68661,68691,30
sniffing,68692,68691,68692,1
climbing,68733,68692,68733,41
rising,68767,68733,68767,34
sniffing,68771,68767,68771,4
rising,68813,68771,68813,42
sniffing,68875,68813,68875,62
rising,68935,68875,68935,60
sniffing,68997,68935,68997,62
pausing,69148,68997,69148,151
sniffing,69186,69148,69186,38
rising,69235,69186,69235,49
left_turning,69265,69235,69265,30
walking,69298,69265,69298,33
sniffing,69328,69298,69328,30
rising,69329,69328,69329,1
sniffing,69347,69329,69347,18
stepping,69430,69347,69430,83
rising,69456,69430,69456,26
climbing,69458,69456,69458,2
running,69499,69458,69499,41
sniffing,69519,69499,69519,20
left_turning,69543,69519,69543,24
rising,69580,69543,69580,37
climbing,69654,69580,69654,74
rearing,69743,69654,69743,89
sniffing,69744,69743,69744,1
rising,69809,69744,69809,65
climbing,69810,69809,69810,1
rising,69811,69810,69811,1
climbing,69851,69811,69851,40
rearing,69852,69851,69852,1
sniffing,69862,69852,69862,10
walking,69916,69862,69916,54
sniffing,69971,69916,69971,55
rearing,69972,69971,69972,1
climbing,70047,69972,70047,75
running,70054,70047,70054,7
sniffing,70055,70054,70055,1
trotting,70088,70055,70088,33
left_turning,70151,70088,70151,63
walking,70184,70151,70184,33
sniffing,70247,70184,70247,63
hunching,70386,70247,70386,139
walking,70444,70386,70444,58
sniffing,70510,70444,70510,66
rising,70547,70510,70547,37
grooming,70701,70547,70701,154
hunching,70702,70701,70702,1
walking,70730,70702,70730,28
sniffing,70782,70730,70782,52
stepping,70837,70782,70837,55
sniffing,70869,70837,70869,32
stepping,70919,70869,70919,50
climbing,70965,70919,70965,46
rising,70985,70965,70985,20
climbing,71024,70985,71024,39
trotting,71044,71024,71044,20
left_turning,71179,71044,71179,135
sniffing,71227,71179,71227,48
walking,71265,71227,71265,38
sniffing,71440,71265,71440,175
walking,71485,71440,71485,45
sniffing,71486,71485,71486,1
walking,71490,71486,71490,4
trotting,71511,71490,71511,21
right_turning,71521,71511,71521,10
walking,71540,71521,71540,19
climbing,71555,71540,71555,15
running,71587,71555,71587,32
walking,71632,71587,71632,45
running,71633,71632,71633,1
walking,71666,71633,71666,33
right_turning,71667,71666,71667,1
climbing,71733,71667,71733,66
rearing,71795,71733,71795,62
hunching,71829,71795,71829,34
rearing,71878,71829,71878,49
walking,71892,71878,71892,14
climbing,71971,71892,71971,79
rearing,72120,71971,72120,149
rising,72161,72120,72161,41
climbing,72203,72161,72203,42
sniffing,72281,72203,72281,78
climbing,72340,72281,72340,59
grooming,72485,72340,72485,145
rearing,72497,72485,72497,12
climbing,72518,72497,72518,21
rearing,72522,72518,72522,4
grooming,72523,72522,72523,1
rising,72533,72523,72533,10
sniffing,72667,72533,72667,134
left_turning,72670,72667,72670,3
rising,72721,72670,72721,51
right_turning,72733,72721,72733,12
running,72746,72733,72746,13
sniffing,72756,72746,72756,10
right_turning,72769,72756,72769,13
walking,72794,72769,72794,25
stepping,72860,72794,72860,66
sniffing,72866,72860,72866,6
rising,72874,72866,72874,8
stepping,72884,72874,72884,10
walking,72913,72884,72913,29
sniffing,72914,72913,72914,1
stepping,72929,72914,72929,15
hunching,72980,72929,72980,51
climbing,73019,72980,73019,39
walking,73027,73019,73027,8
sniffing,73075,73027,73075,48
climbing,73123,73075,73123,48
sniffing,73237,73123,73237,114
left_turning,73276,73237,73276,39
sniffing,73376,73276,73376,100
grooming,73514,73376,73514,138
sniffing,73555,73514,73555,41
walking,73610,73555,73610,55
sniffing,73611,73610,73611,1
rising,73612,73611,73612,1
climbing,73654,73612,73654,42
sniffing,73732,73654,73732,78
rising,73773,73732,73773,41
sniffing,73841,73773,73841,68
rising,73842,73841,73842,1
rearing,73901,73842,73901,59
climbing,73977,73901,73977,76
left_turning,73986,73977,73986,9
walking,74020,73986,74020,34
sniffing,74064,74020,74064,44
rearing,74096,74064,74096,32
hunching,74161,74096,74161,65
right_turning,74189,74161,74189,28
trotting,74207,74189,74207,18
left_turning,74231,74207,74231,24
sniffing,74275,74231,74275,44
climbing,74311,74275,74311,36
rising,74339,74311,74339,28
sniffing,74340,74339,74340,1
rearing,74341,74340,74341,1
hunching,74342,74341,74342,1
walking,74368,74342,74368,26
sniffing,74369,74368,74369,1
rising,74389,74369,74389,20
trotting,74406,74389,74406,17
left_turning,74407,74406,74407,1
sniffing,74486,74407,74486,79
left_turning,74547,74486,74547,61
walking,74557,74547,74557,10
sniffing,74558,74557,74558,1
climbing,74581,74558,74581,23
walking,74605,74581,74605,24
sniffing,74695,74605,74695,90
rising,74696,74695,74696,1
sniffing,74738,74696,74738,42
walking,74756,74738,74756,18
rearing,74757,74756,74757,1
rising,74799,74757,74799,42
climbing,74800,74799,74800,1
pausing,74950,74800,74950,150
sniffing,74951,74950,74951,1
rising,74952,74951,74952,1
climbing,75117,74952,75117,165
rearing,75121,75117,75121,4
climbing,75151,75121,75151,30
rearing,75225,75151,75225,74
sniffing,75269,75225,75269,44
grooming,75270,75269,75270,1
sniffing,75352,75270,75352,82
walking,75377,75352,75377,25
climbing,75406,75377,75406,29
hunching,75562,75406,75562,156
right_turning,75585,75562,75585,23
sniffing,75621,75585,75621,36
walking,75638,75621,75638,17
sniffing,75646,75638,75646,8
left_turning,75658,75646,75658,12
walking,75690,75658,75690,32
sniffing,75851,75690,75851,161
right_turning,75873,75851,75873,22
walking,75908,75873,75908,35
sniffing,75937,75908,75937,29
grooming,75969,75937,75969,32
rising,76041,75969,76041,72
sniffing,76042,76041,76042,1
left_turning,76225,76042,76225,183
sniffing,76325,76225,76325,100
rising,76367,76325,76367,42
rearing,76487,76367,76487,120
rising,76498,76487,76498,11
climbing,76515,76498,76515,17
right_turning,76516,76515,76516,1
stepping,76563,76516,76563,47
walking,76629,76563,76629,66
trotting,76645,76629,76645,16
running,76672,76645,76672,27
sniffing,76673,76672,76673,1
right_turning,76707,76673,76707,34
walking,76708,76707,76708,1
climbing,76718,76708,76718,10
sniffing,76804,76718,76804,86
trotting,76852,76804,76852,48
sniffing,76883,76852,76883,31
rising,76884,76883,76884,1
climbing,76951,76884,76951,67
jumping,76973,76951,76973,22
walking,76974,76973,76974,1
sniffing,77044,76974,77044,70
right_turning,77085,77044,77085,41
rising,77103,77085,77103,18
sniffing,77180,77103,77180,77
rising,77243,77180,77243,63
climbing,77333,77243,77333,90
sniffing,77334,77333,77334,1
rising,77335,77334,77335,1
climbing,77407,77335,77407,72
sniffing,77475,77407,77475,68
rising,77534,77475,77534,59
right_turning,77548,77534,77548,14
trotting,77589,77548,77589,41
sniffing,77630,77589,77630,41
rising,77660,77630,77660,30
sniffing,77688,77660,77688,28
rising,77691,77688,77691,3
rearing,77692,77691,77692,1
rising,77696,77692,77696,4
sniffing,77697,77696,77697,1
walking,77725,77697,77725,28
climbing,77770,77725,77770,45
sniffing,77771,77770,77771,1
right_turning,77780,77771,77780,9
walking,77781,77780,77781,1
rising,77833,77781,77833,52
left_turning,77907,77833,77907,74
walking,77922,77907,77922,15
sniffing,77983,77922,77983,61
stepping,78030,77983,78030,47
left_turning,78067,78030,78067,37
sniffing,78076,78067,78076,9
stepping,78123,78076,78123,47
rising,78132,78123,78132,9
left_turning,78161,78132,78161,29
walking,78222,78161,78222,61
sniffing,78223,78222,78223,1
walking,78247,78223,78247,24
sniffing,78332,78247,78332,85
rearing,78404,78332,78404,72
rising,78405,78404,78405,1
sniffing,78464,78405,78464,59
right_turning,78475,78464,78475,11
walking,78504,78475,78504,29
climbing,78505,78504,78505,1
trotting,78514,78505,78514,9
sniffing,78515,78514,78515,1
right_turning,78539,78515,78539,24
walking,78545,78539,78545,6
climbing,78565,78545,78565,20
right_turning,78592,78565,78592,27
walking,78606,78592,78606,14
sniffing,78643,78606,78643,37
walking,78700,78643,78700,57
sniffing,78732,78700,78732,32
walking,78777,78732,78777,45
rising,78787,78777,78787,10
left_turning,78821,78787,78821,34
sniffing,78867,78821,78867,46
right_turning,78906,78867,78906,39
climbing,78907,78906,78907,1
left_turning,78947,78907,78947,40
sniffing,79004,78947,79004,57
rearing,79043,79004,79043,39
walking,79071,79043,79071,28
right_turning,79098,79071,79098,27
walking,79135,79098,79135,37
left_turning,79157,79135,79157,22
rising,79189,79157,79189,32
sniffing,79214,79189,79214,25
pausing,79363,79214,79363,149
sniffing,79589,79363,79589,226
walking,79603,79589,79603,14
climbing,79642,79603,79642,39
hunching,79644,79642,79644,2
left_turning,79662,79644,79662,18
sniffing,79692,79662,79692,30
rising,79724,79692,79724,32
sniffing,79725,79724,79725,1
running,79730,79725,79730,5
walking,79738,79730,79738,8
climbing,79792,79738,79792,54
rising,79793,79792,79793,1
climbing,79794,79793,79794,1
sniffing,79796,79794,79796,2
walking,79808,79796,79808,12
stepping,79818,79808,79818,10
rising,79840,79818,79840,22
stepping,79873,79840,79873,33
walking,79891,79873,79891,18
rearing,79892,79891,79892,1
rising,79921,79892,79921,29
sniffing,79963,79921,79963,42
walking,79995,79963,79995,32
sniffing,80076,79995,80076,81
running,80116,80076,80116,40
sniffing,80227,80116,80227,111
rising,80244,80227,80244,17
sniffing,80299,80244,80299,55
rising,80303,80299,80303,4
left_turning,80307,80303,80307,4
running,80342,80307,80342,35
left_turning,80343,80342,80343,1
walking,80394,80343,80394,51
running,80430,80394,80430,36
right_turning,80435,80430,80435,5
climbing,80535,80435,80535,100
jumping,80536,80535,80536,1
sniffing,80583,80536,80583,47
rising,80584,80583,80584,1
walking,80593,80584,80593,9
sniffing,80619,80593,80619,26
walking,80624,80619,80624,5
stepping,80653,80624,80653,29
climbing,80654,80653,80654,1
running,80678,80654,80678,24
walking,80690,80678,80690,12
climbing,80741,80690,80741,51
trotting,80765,80741,80765,24
sniffing,80794,80765,80794,29
rising,80817,80794,80817,23
right_turning,80820,80817,80820,3
trotting,80832,80820,80832,12
sniffing,80859,80832,80859,27
walking,80892,80859,80892,33
left_turning,80893,80892,80893,1
walking,80920,80893,80920,27
sniffing,80926,80920,80926,6
left_turning,80927,80926,80927,1
trotting,80928,80927,80928,1
rising,80944,80928,80944,16
rearing,81094,80944,81094,150
walking,81100,81094,81100,6
sniffing,81101,81100,81101,1
left_turning,81140,81101,81140,39
right_turning,81146,81140,81146,6
trotting,81147,81146,81147,1
left_turning,81206,81147,81206,59
trotting,81235,81206,81235,29
walking,81262,81235,81262,27
sniffing,81282,81262,81282,20
walking,81360,81282,81360,78
stepping,81383,81360,81383,23
climbing,81403,81383,81403,20
rearing,81404,81403,81404,1
walking,81411,81404,81411,7
sniffing,81580,81411,81580,169
walking,81604,81580,81604,24
sniffing,81643,81604,81643,39
hunching,81644,81643,81644,1
sniffing,81690,81644,81690,46
hunching,81691,81690,81691,1
grooming,81692,81691,81692,1
hunching,81812,81692,81812,120
climbing,81879,81812,81879,67
walking,81880,81879,81880,1
sniffing,81897,81880,81897,17
running,81917,81897,81917,20
walking,81918,81917,81918,1
sniffing,81972,81918,81972,54
rising,81984,81972,81984,12
sniffing,82079,81984,82079,95
rising,82105,82079,82105,26
rearing,82205,82105,82205,100
sniffing,82206,82205,82206,1
left_turning,82313,82206,82313,107
trotting,82351,82313,82351,38
sniffing,82437,82351,82437,86
rising,82464,82437,82464,27
grooming,82588,82464,82588,124
walking,82645,82588,82645,57
sniffing,82685,82645,82685,40
grooming,82686,82685,82686,1
sniffing,82780,82686,82780,94
left_turning,82795,82780,82795,15
sniffing,82822,82795,82822,27
walking,82867,82822,82867,45
rising,82869,82867,82869,2
sniffing,82986,82869,82986,117
hunching,83030,82986,83030,44
sniffing,83031,83030,83031,1
rising,83032,83031,83032,1
climbing,83033,83032,83033,1
right_turning,83047,83033,83047,14
walking,83072,83047,83072,25
stepping,83078,83072,83078,6
climbing,83106,83078,83106,28
walking,83120,83106,83120,14
sniffing,83153,83120,83153,33
rising,83215,83153,83215,62
climbing,83250,83215,83250,35
grooming,83831,83250,83831,581
rearing,83837,83831,83837,6
grooming,83838,83837,83838,1
sniffing,83863,83838,83863,25
right_turning,83864,83863,83864,1
rising,83886,83864,83886,22
climbing,83913,83886,83913,27
rearing,83946,83913,83946,33
sniffing,83947,83946,83947,1
hunching,83948,83947,83948,1
rearing,83949,83948,83949,1
running,83953,83949,83953,4
sniffing,84076,83953,84076,123
left_turning,84101,84076,84101,25
walking,84122,84101,84122,21
climbing,84144,84122,84144,22
grooming,84169,84144,84169,25
sniffing,84242,84169,84242,73
rising,84256,84242,84256,14
sniffing,84257,84256,84257,1
walking,84270,84257,84270,13
right_turning,84287,84270,84287,17
stepping,84288,84287,84288,1
left_turning,84289,84288,84289,1
walking,84294,84289,84294,5
rising,84357,84294,84357,63
sniffing,84531,84357,84531,174
walking,84582,84531,84582,51
rising,84583,84582,84583,1
climbing,84641,84583,84641,58
rising,84675,84641,84675,34
left_turning,84684,84675,84684,9
walking,84731,84684,84731,47
left_turning,84732,84731,84732,1
stepping,84781,84732,84781,49
walking,84812,84781,84812,31
rising,84852,84812,84852,40
sniffing,84915,84852,84915,63
left_turning,84998,84915,84998,83
sniffing,85025,84998,85025,27
left_turning,85026,85025,85026,1
walking,85033,85026,85033,7
climbing,85074,85033,85074,41
sniffing,85148,85074,85148,74
climbing,85239,85148,85239,91
walking,85282,85239,85282,43
sniffing,85348,85282,85348,66
rising,85450,85348,85450,102
climbing,85475,85450,85475,25
walking,85535,85475,85535,60
rising,85592,85535,85592,57
stepping,85593,85592,85593,1
rising,85618,85593,85618,25
climbing,85619,85618,85619,1
rising,85651,85619,85651,32
pausing,85904,85651,85904,253
sniffing,86034,85904,86034,130
rearing,86035,86034,86035,1
rising,86041,86035,86041,6
sniffing,86110,86041,86110,69
left_turning,86111,86110,86111,1
walking,86127,86111,86127,16
sniffing,86244,86127,86244,117
rising,86245,86244,86245,1
climbing,86267,86245,86267,22
running,86293,86267,86293,26
sniffing,86336,86293,86336,43
climbing,86369,86336,86369,33
rising,86370,86369,86370,1
climbing,86371,86370,86371,1
sniffing,86408,86371,86408,37
rearing,86409,86408,86409,1
sniffing,86410,86409,86410,1
rising,86461,86410,86461,51
climbing,86482,86461,86482,21
left_turning,86483,86482,86483,1
sniffing,86595,86483,86595,112
rising,86668,86595,86668,73
sniffing,86759,86668,86759,91
right_turning,86766,86759,86766,7
trotting,86770,86766,86770,4
sniffing,86862,86770,86862,92
trotting,86863,86862,86863,1
sniffing,86953,86863,86953,90
walking,87009,86953,87009,56
rising,87101,87009,87101,92
grooming,87102,87101,87102,1
sniffing,87228,87102,87228,126
rising,87294,87228,87294,66
climbing,87349,87294,87349,55
sniffing,87408,87349,87408,59
left_turning,87425,87408,87425,17
walking,87443,87425,87443,18
sniffing,87598,87443,87598,155
left_turning,87599,87598,87599,1
walking,87619,87599,87619,20
sniffing,87622,87619,87622,3
right_turning,87632,87622,87632,10
sniffing,87644,87632,87644,12
walking,87675,87644,87675,31
left_turning,87676,87675,87676,1
sniffing,87677,87676,87677,1
climbing,87687,87677,87687,10
rising,87697,87687,87697,10
hunching,87807,87697,87807,110
sniffing,87878,87807,87878,71
rearing,87986,87878,87986,108
rising,88047,87986,88047,61
climbing,88074,88047,88074,27
walking,88115,88074,88115,41
climbing,88135,88115,88135,20
grooming,88650,88135,88650,515
climbing,88670,88650,88670,20
rising,88719,88670,88719,49
grooming,88720,88719,88720,1
rearing,88820,88720,88820,100
rising,88826,88820,88826,6
sniffing,88841,88826,88841,15
left_turning,88908,88841,88908,67
stepping,88968,88908,88968,60
rearing,89031,88968,89031,63
climbing,89040,89031,89040,9
running,89068,89040,89068,28
sniffing,89182,89068,89182,114
left_turning,89183,89182,89183,1
sniffing,89263,89183,89263,80
walking,89329,89263,89329,66
sniffing,89357,89329,89357,28
pausing,89568,89357,89568,211
sniffing,89656,89568,89656,88
rising,89686,89656,89686,30
sniffing,89761,89686,89761,75
walking,89783,89761,89783,22
sniffing,89796,89783,89796,13
rearing,89890,89796,89890,94
climbing,89891,89890,89891,1
hunching,89892,89891,89892,1
climbing,89893,89892,89893,1
rising,89926,89893,89926,33
stepping,89950,89926,89950,24
rearing,90011,89950,90011,61
climbing,90114,90011,90114,103
sniffing,90115,90114,90115,1
walking,90135,90115,90135,20
climbing,90194,90135,90194,59
sniffing,90272,90194,90272,78
walking,90309,90272,90309,37
sniffing,90428,90309,90428,119
climbing,90466,90428,90466,38
sniffing,90518,90466,90518,52
rising,90534,90518,90534,16
sniffing,90624,90534,90624,90
trotting,90636,90624,90636,12
sniffing,90747,90636,90747,111
rising,90760,90747,90760,13
sniffing,90772,90760,90772,12
rising,90805,90772,90805,33
sniffing,90891,90805,90891,86
walking,90951,90891,90951,60
sniffing,90988,90951,90988,37
walking,91023,90988,91023,35
trotting,91071,91023,91071,48
walking,91078,91071,91078,7
rising,91079,91078,91079,1
climbing,91091,91079,91091,12
grooming,91189,91091,91189,98
sniffing,91325,91189,91325,136
walking,91338,91325,91338,13
climbing,91353,91338,91353,15
hunching,91457,91353,91457,104
trotting,91487,91457,91487,30
walking,91508,91487,91508,21
rising,91527,91508,91527,19
left_turning,91562,91527,91562,35
walking,91607,91562,91607,45
sniffing,91608,91607,91608,1
walking,91609,91608,91609,1
rearing,91630,91609,91630,21
jumping,91692,91630,91692,62
trotting,91709,91692,91709,17
walking,91753,91709,91753,44
sniffing,91754,91753,91754,1
climbing,91846,91754,91846,92
rearing,91889,91846,91889,43
walking,91917,91889,91917,28
sniffing,91918,91917,91918,1
rising,91963,91918,91963,45
climbing,92025,91963,92025,62
rearing,92047,92025,92047,22
grooming,92219,92047,92219,172
sniffing,92220,92219,92220,1
grooming,92442,92220,92442,222
climbing,92450,92442,92450,8
rearing,92451,92450,92451,1
rising,92479,92451,92479,28
climbing,92528,92479,92528,49
walking,92563,92528,92563,35
left_turning,92564,92563,92564,1
trotting,92571,92564,92571,7
rising,92651,92571,92651,80
sniffing,92695,92651,92695,44
rearing,92740,92695,92740,45
climbing,92752,92740,92752,12
running,92756,92752,92756,4
sniffing,92792,92756,92792,36
grooming,92970,92792,92970,178
hunching,93055,92970,93055,85
sniffing,93056,93055,93056,1
rising,93086,93056,93086,30
rearing,93163,93086,93163,77
sniffing,93267,93163,93267,104
walking,93322,93267,93322,55
trotting,93324,93322,93324,2
rising,93339,93324,93339,15
climbing,93381,93339,93381,42
sniffing,93382,93381,93382,1
left_turning,93444,93382,93444,62
stepping,93469,93444,93469,25
sniffing,93521,93469,93521,52
pausing,93620,93521,93620,99
sniffing,93690,93620,93690,70
walking,93719,93690,93719,29
rising,93769,93719,93769,50
rearing,93827,93769,93827,58
grooming,93828,93827,93828,1
rearing,93941,93828,93941,113
walking,93958,93941,93958,17
rising,93962,93958,93962,4
climbing,93997,93962,93997,35
hunching,94038,93997,94038,41
walking,94085,94038,94085,47
sniffing,94140,94085,94140,55
grooming,95019,94140,95019,879
sniffing,95092,95019,95092,73
walking,95130,95092,95130,38
rising,95144,95130,95144,14
sniffing,95155,95144,95155,11
walking,95273,95155,95273,118
stepping,95306,95273,95306,33
walking,95332,95306,95332,26
trotting,95354,95332,95354,22
walking,95355,95354,95355,1
stepping,95362,95355,95362,7
climbing,95397,95362,95397,35
running,95436,95397,95436,39
walking,95448,95436,95448,12
trotting,95492,95448,95492,44
sniffing,95539,95492,95539,47
pausing,95775,95539,95775,236
sniffing,95847,95775,95847,72
right_turning,95850,95847,95850,3
walking,95897,95850,95897,47
sniffing,95898,95897,95898,1
rearing,95899,95898,95899,1
climbing,95934,95899,95934,35
rearing,95935,95934,95935,1
grooming,96089,95935,96089,154
rearing,96111,96089,96111,22
climbing,96150,96111,96150,39
right_turning,96182,96150,96182,32
rising,96214,96182,96214,32
rearing,96248,96214,96248,34
sniffing,96257,96248,96257,9
rising,96274,96257,96274,17
right_turning,96303,96274,96303,29
trotting,96309,96303,96309,6
rising,96311,96309,96311,2
rearing,96312,96311,96312,1
rising,96336,96312,96336,24
sniffing,96374,96336,96374,38
left_turning,96375,96374,96375,1
rising,96376,96375,96376,1
climbing,96435,96376,96435,59
rearing,96449,96435,96449,14
rising,96450,96449,96450,1
sniffing,96473,96450,96473,23
rearing,96474,96473,96474,1
grooming,96475,96474,96475,1
rearing,96630,96475,96630,155
climbing,96645,96630,96645,15
walking,96700,96645,96700,55
trotting,96723,96700,96723,23
rising,96753,96723,96753,30
climbing,96808,96753,96808,55
hunching,96819,96808,96819,11
sniffing,96820,96819,96820,1
walking,96828,96820,96828,8
sniffing,96829,96828,96829,1
rising,96830,96829,96830,1
climbing,96845,96830,96845,15
rearing,96914,96845,96914,69
sniffing,96966,96914,96966,52
right_turning,96994,96966,96994,28
rising,97072,96994,97072,78
sniffing,97075,97072,97075,3
trotting,97103,97075,97103,28
sniffing,97104,97103,97104,1
walking,97117,97104,97117,13
sniffing,97125,97117,97125,8
rising,97126,97125,97126,1
climbing,97177,97126,97177,51
rising,97185,97177,97185,8
climbing,97196,97185,97196,11
sniffing,97249,97196,97249,53
rearing,97250,97249,97250,1
grooming,97270,97250,97270,20
sniffing,97327,97270,97327,57
left_turning,97379,97327,97379,52
trotting,97421,97379,97421,42
sniffing,97422,97421,97422,1
left_turning,97468,97422,97468,46
stepping,97490,97468,97490,22
sniffing,97564,97490,97564,74
rising,97650,97564,97650,86
sniffing,97740,97650,97740,90
rising,97762,97740,97762,22
climbing,97778,97762,97778,16
hunching,97898,97778,97898,120
climbing,97906,97898,97906,8
rearing,97908,97906,97908,2
sniffing,97931,97908,97931,23
rearing,98101,97931,98101,170
grooming,98102,98101,98102,1
rising,98144,98102,98144,42
sniffing,98161,98144,98161,17
rising,98165,98161,98165,4
climbing,98175,98165,98175,10
rearing,98214,98175,98214,39
hunching,98299,98214,98299,85
climbing,98314,98299,98314,15
walking,98375,98314,98375,61
sniffing,98387,98375,98387,12
climbing,98434,98387,98434,47
hunching,98596,98434,98596,162
grooming,98919,98596,98919,323
hunching,98938,98919,98938,19
trotting,98962,98938,98962,24
sniffing,99068,98962,99068,106
grooming,99348,99068,99348,280
sniffing,99349,99348,99349,1
right_turning,99392,99349,99392,43
climbing,99450,99392,99450,58
sniffing,99452,99450,99452,2
climbing,99542,99452,99542,90
grooming,99675,99542,99675,133
rearing,99837,99675,99837,162
grooming,99838,99837,99838,1
climbing,99840,99838,99840,2
sniffing,100017,99840,100017,177
right_turning,100037,100017,100037,20
sniffing,100099,100037,100099,62
climbing,100112,100099,100112,13
rising,100113,100112,100113,1
climbing,100258,100113,100258,145
walking,100278,100258,100278,20
climbing,100279,100278,100279,1
grooming,100280,100279,100280,1
sniffing,100332,100280,100332,52
left_turning,100378,100332,100378,46
trotting,100379,100378,100379,1
sniffing,100406,100379,100406,27
rising,100463,100406,100463,57
running,100492,100463,100492,29
sniffing,100506,100492,100506,14
rising,100588,100506,100588,82
climbing,100669,100588,100669,81
stepping,100694,100669,100694,25
sniffing,100742,100694,100742,48
rising,100832,100742,100832,90
sniffing,100833,100832,100833,1
rising,100881,100833,100881,48
climbing,100882,100881,100882,1
rearing,100959,100882,100959,77
climbing,100963,100959,100963,4
rearing,101053,100963,101053,90
grooming,101520,101053,101520,467
rearing,101569,101520,101569,49
right_turning,101575,101569,101575,6
rising,101734,101575,101734,159
sniffing,101794,101734,101794,60
rising,101862,101794,101862,68
climbing,101932,101862,101932,70
rearing,102078,101932,102078,146
grooming,102171,102078,102171,93
rearing,102297,102171,102297,126
grooming,102298,102297,102298,1
climbing,102299,102298,102299,1
right_turning,102334,102299,102334,35
sniffing,102362,102334,102362,28
left_turning,102397,102362,102397,35
walking,102420,102397,102420,23
sniffing,102463,102420,102463,43
climbing,102524,102463,102524,61
rearing,102525,102524,102525,1
sniffing,102658,102525,102658,133
walking,102663,102658,102663,5
sniffing,102664,102663,102664,1
left_turning,102665,102664,102665,1
sniffing,102725,102665,102725,60
grooming,102757,102725,102757,32
rearing,102836,102757,102836,79
grooming,102852,102836,102852,16
climbing,102879,102852,102879,27
rising,102880,102879,102880,1
sniffing,103002,102880,103002,122
rising,103023,103002,103023,21
climbing,103064,103023,103064,41
walking,103075,103064,103075,11
stepping,103076,103075,103076,1
walking,103114,103076,103114,38
climbing,103190,103114,103190,76
grooming,103551,103190,103551,361
sniffing,103575,103551,103575,24
right_turning,103620,103575,103620,45
rearing,103686,103620,103686,66
walking,103757,103686,103757,71
sniffing,103867,103757,103867,110
climbing,103876,103867,103876,9
sniffing,103922,103876,103922,46
right_turning,103933,103922,103933,11
sniffing,103995,103933,103995,62
hunching,104145,103995,104145,150
rearing,104216,104145,104216,71
left_turning,104221,104216,104221,5
rising,104387,104221,104387,166
left_turning,104388,104387,104388,1
sniffing,104427,104388,104427,39
left_turning,104428,104427,104428,1
sniffing,104516,104428,104516,88
right_turning,104517,104516,104517,1
walking,104527,104517,104527,10
climbing,104528,104527,104528,1
walking,104560,104528,104560,32
sniffing,104567,104560,104567,7
walking,104584,104567,104584,17
sniffing,104683,104584,104683,99
pausing,104684,104683,104684,1
sniffing,104706,104684,104706,22
rearing,104755,104706,104755,49
climbing,104772,104755,104772,17
rising,104773,104772,104773,1
walking,104803,104773,104803,30
left_turning,104872,104803,104872,69
sniffing,104904,104872,104904,32
stepping,104935,104904,104935,31
sniffing,105017,104935,105017,82
walking,105065,105017,105065,48
sniffing,105066,105065,105066,1
right_turning,105083,105066,105083,17
walking,105103,105083,105103,20
stepping,105115,105103,105115,12
climbing,105217,105115,105217,102
hunching,105218,105217,105218,1
climbing,105219,105218,105219,1
rising,105248,105219,105248,29
climbing,105341,105248,105341,93
walking,105342,105341,105342,1
sniffing,105464,105342,105464,122
walking,105514,105464,105514,50
rearing,105576,105514,105576,62
rising,105793,105576,105793,217
sniffing,105794,105793,105794,1
rising,105813,105794,105813,19
climbing,105858,105813,105858,45
grooming,106131,105858,106131,273
climbing,106219,106131,106219,88
sniffing,106276,106219,106276,57
rising,106388,106276,106388,112
climbing,106461,106388,106461,73
rising,106469,106461,106469,8
sniffing,106486,106469,106486,17
rising,106531,106486,106531,45
hunching,106532,106531,106532,1
trotting,106558,106532,106558,26
rising,106609,106558,106609,51
climbing,106681,106609,106681,72
left_turning,106683,106681,106683,2
running,106696,106683,106696,13
right_turning,106710,106696,106710,14
trotting,106714,106710,106714,4
walking,106715,106714,106715,1
sniffing,106736,106715,106736,21
walking,106744,106736,106744,8
stepping,106781,106744,106781,37
walking,106782,106781,106782,1
rising,106897,106782,106897,115
rearing,106898,106897,106898,1
left_turning,106930,106898,106930,32
sniffing,106971,106930,106971,41
stepping,107023,106971,107023,52
sniffing,107048,107023,107048,25
pausing,107049,107048,107049,1
sniffing,107132,107049,107132,83
rearing,107187,107132,107187,55
rising,107203,107187,107203,16
climbing,107227,107203,107227,24
trotting,107231,107227,107231,4
stepping,107262,107231,107262,31
sniffing,107302,107262,107302,40
climbing,107362,107302,107362,60
sniffing,107540,107362,107540,178
pausing,107541,107540,107541,1
sniffing,107605,107541,107605,64
pausing,107606,107605,107606,1
sniffing,107607,107606,107607,1
rising,107608,107607,107608,1
right_turning,107609,107608,107609,1
running,107634,107609,107634,25
sniffing,107712,107634,107712,78
running,107756,107712,107756,44
rising,107758,107756,107758,2
climbing,107768,107758,107768,10
left_turning,107868,107768,107868,100
sniffing,107869,107868,107869,1
pausing,107870,107869,107870,1
sniffing,107962,107870,107962,92
right_turning,107963,107962,107963,1
trotting,107989,107963,107989,26
sniffing,108000,107989,108000,11
