revised_movement_label,segBoundary,segBoundary_start,segBoundary_end,length
walking,34,0,34,34
running,68,34,68,34
stepping,97,68,97,29
rising,108,97,108,11
climbing,123,108,123,15
rising,185,123,185,62
sniffing,249,185,249,64
trotting,313,249,313,64
rising,339,313,339,26
sniffing,371,339,371,32
rearing,535,371,535,164
hunching,536,535,536,1
sniffing,537,536,537,1
rising,606,537,606,69
right_turning,636,606,636,30
walking,683,636,683,47
rising,695,683,695,12
climbing,736,695,736,41
trotting,764,736,764,28
sniffing,804,764,804,40
walking,828,804,828,24
climbing,872,828,872,44
running,893,872,893,21
walking,894,893,894,1
sniffing,895,894,895,1
climbing,896,895,896,1
rising,997,896,997,101
climbing,1013,997,1013,16
sniffing,1054,1013,1054,41
left_turning,1075,1054,1075,21
walking,1104,1075,1104,29
climbing,1173,1104,1173,69
sniffing,1259,1173,1259,86
climbing,1307,1259,1307,48
rising,1346,1307,1346,39
rearing,1412,1346,1412,66
sniffing,1454,1412,1454,42
right_turning,1473,1454,1473,19
walking,1480,1473,1480,7
running,1496,1480,1496,16
walking,1542,1496,1542,46
rising,1585,1542,1585,43
grooming,1668,1585,1668,83
rearing,1736,1668,1736,68
rising,1737,1736,1737,1
climbing,1782,1737,1782,45
right_turning,1840,1782,1840,58
sniffing,1856,1840,1856,16
climbing,1893,1856,1893,37
walking,1914,1893,1914,21
rising,1927,1914,1927,13
sniffing,1999,1927,1999,72
walking,2042,1999,2042,43
stepping,2106,2042,2106,64
walking,2143,2106,2143,37
left_turning,2186,2143,2186,43
sniffing,2282,2186,2282,96
walking,2291,2282,2291,9
rising,2308,2291,2308,17
right_turning,2329,2308,2329,21
trotting,2365,2329,2365,36
sniffing,2409,2365,2409,44
rising,2419,2409,2419,10
climbing,2470,2419,2470,51
sniffing,2510,2470,2510,40
climbing,2567,2510,2567,57
sniffing,2613,2567,2613,46
trotting,2648,2613,2648,35
sniffing,2701,2648,2701,53
left_turning,2740,2701,2740,39
walking,2764,2740,2764,24
sniffing,2832,2764,2832,68
left_turning,2863,2832,2863,31
walking,2888,2863,2888,25
sniffing,2932,2888,2932,44
left_turning,2952,2932,2952,20
sniffing,3098,2952,3098,146
left_turning,3099,3098,3099,1
rising,3170,3099,3170,71
trotting,3190,3170,3190,20
walking,3191,3190,3191,1
climbing,3224,3191,3224,33
rising,3290,3224,3290,66
walking,3291,3290,3291,1
climbing,3393,3291,3393,102
trotting,3398,3393,3398,5
rising,3473,3398,3473,75
walking,3512,3473,3512,39
rearing,3513,3512,3513,1
grooming,3514,3513,3514,1
sniffing,3546,3514,3546,32
walking,3547,3546,3547,1
sniffing,3597,3547,3597,50
stepping,3598,3597,3598,1
sniffing,3697,3598,3697,99
walking,3702,3697,3702,5
sniffing,3750,3702,3750,48
walking,3758,3750,3758,8
climbing,3797,3758,3797,39
sniffing,3855,3797,3855,58
walking,3856,3855,3856,1
rising,3993,3856,3993,137
climbing,4041,3993,4041,48
rising,4085,4041,4085,44
sniffing,4151,4085,4151,66
walking,4220,4151,4220,69
sniffing,4221,4220,4221,1
left_turning,4276,4221,4276,55
sniffing,4348,4276,4348,72
stepping,4366,4348,4366,18
walking,4439,4366,4439,73
rising,4712,4439,4712,273
climbing,4746,4712,4746,34
sniffing,4799,4746,4799,53
walking,4800,4799,4800,1
rearing,4965,4800,4965,165
grooming,5003,4965,5003,38
rearing,5004,5003,5004,1
sniffing,5013,5004,5013,9
left_turning,5031,5013,5031,18
rising,5039,5031,5039,8
sniffing,5113,5039,5113,74
walking,5170,5113,5170,57
climbing,5217,5170,5217,47
sniffing,5279,5217,5279,62
climbing,5340,5279,5340,61
trotting,5373,5340,5373,33
sniffing,5451,5373,5451,78
rising,5490,5451,5490,39
climbing,5537,5490,5537,47
hunching,5607,5537,5607,70
rising,5608,5607,5608,1
sniffing,5699,5608,5699,91
walking,5719,5699,5719,20
climbing,5745,5719,5745,26
sniffing,5772,5745,5772,27
walking,5803,5772,5803,31
sniffing,5820,5803,5820,17
right_turning,5841,5820,5841,21
sniffing,5842,5841,5842,1
running,5855,5842,5855,13
walking,5856,5855,5856,1
sniffing,5865,5856,5865,9
rising,5866,5865,5866,1
right_turning,5882,5866,5882,16
walking,5921,5882,5921,39
rising,5971,5921,5971,50
climbing,6064,5971,6064,93
walking,6065,6064,6065,1
climbing,6097,6065,6097,32
left_turning,6149,6097,6149,52
climbing,6174,6149,6174,25
rising,6245,6174,6245,71
climbing,6255,6245,6255,10
right_turning,6278,6255,6278,23
walking,6321,6278,6321,43
left_turning,6333,6321,6333,12
sniffing,6334,6333,6334,1
rising,6350,6334,6350,16
grooming,6351,6350,6351,1
hunching,6462,6351,6462,111
sniffing,6518,6462,6518,56
climbing,6559,6518,6559,41
left_turning,6573,6559,6573,14
rising,6645,6573,6645,72
walking,6722,6645,6722,77
climbing,6742,6722,6742,20
sniffing,6743,6742,6743,1
rising,6805,6743,6805,62
rearing,6835,6805,6835,30
sniffing,6931,6835,6931,96
walking,7001,6931,7001,70
climbing,7024,7001,7024,23
rising,7078,7024,7078,54
climbing,7172,7078,7172,94
sniffing,7187,7172,7187,15
stepping,7231,7187,7231,44
sniffing,7264,7231,7264,33
left_turning,7279,7264,7279,15
sniffing,7280,7279,7280,1
left_turning,7294,7280,7294,14
running,7306,7294,7306,12
climbing,7348,7306,7348,42
walking,7376,7348,7376,28
sniffing,7377,7376,7377,1
walking,7416,7377,7416,39
running,7430,7416,7430,14
sniffing,7447,7430,7447,17
walking,7488,7447,7488,41
rising,7522,7488,7522,34
walking,7523,7522,7523,1
rising,7577,7523,7577,54
walking,7578,7577,7578,1
sniffing,7621,7578,7621,43
running,7652,7621,7652,31
trotting,7660,7652,7660,8
left_turning,7674,7660,7674,14
sniffing,7735,7674,7735,61
hunching,7801,7735,7801,66
rising,7802,7801,7802,1
sniffing,7832,7802,7832,30
climbing,7867,7832,7867,35
sniffing,7888,7867,7888,21
trotting,7929,7888,7929,41
sniffing,7933,7929,7933,4
walking,7934,7933,7934,1
running,7955,7934,7955,21
walking,7968,7955,7968,13
right_turning,7991,7968,7991,23
trotting,8013,7991,8013,22
running,8035,8013,8035,22
sniffing,8115,8035,8115,80
rising,8139,8115,8139,24
left_turning,8154,8139,8154,15
rising,8201,8154,8201,47
climbing,8279,8201,8279,78
trotting,8319,8279,8319,40
sniffing,8388,8319,8388,69
climbing,8401,8388,8401,13
walking,8428,8401,8428,27
sniffing,8470,8428,8470,42
walking,8487,8470,8487,17
left_turning,8510,8487,8510,23
walking,8581,8510,8581,71
trotting,8592,8581,8592,11
sniffing,8627,8592,8627,35
walking,8645,8627,8645,18
stepping,8702,8645,8702,57
sniffing,8703,8702,8703,1
pausing,8704,8703,8704,1
sniffing,8815,8704,8815,111
rearing,8826,8815,8826,11
rising,8885,8826,8885,59
sniffing,8935,8885,8935,50
right_turning,8954,8935,8954,19
walking,8964,8954,8964,10
stepping,8982,8964,8982,18
walking,9057,8982,9057,75
sniffing,9133,9057,9133,76
climbing,9164,9133,9164,31
trotting,9199,9164,9199,35
walking,9201,9199,9201,2
sniffing,9273,9201,9273,72
walking,9274,9273,9274,1
running,9316,9274,9316,42
right_turning,9350,9316,9350,34
walking,9428,9350,9428,78
sniffing,9444,9428,9444,16
climbing,9489,9444,9489,45
rising,9532,9489,9532,43
hunching,9577,9532,9577,45
left_turning,9578,9577,9578,1
walking,9602,9578,9602,24
sniffing,9605,9602,9605,3
climbing,9608,9605,9608,3
rearing,9677,9608,9677,69
climbing,9744,9677,9744,67
rearing,9745,9744,9745,1
rising,9805,9745,9805,60
sniffing,9977,9805,9977,172
left_turning,9988,9977,9988,11
walking,9989,9988,9989,1
stepping,9990,9989,9990,1
trotting,10036,9990,10036,46
right_turning,10056,10036,10056,20
walking,10069,10056,10069,13
rearing,10152,10069,10152,83
grooming,10153,10152,10153,1
sniffing,10168,10153,10168,15
stepping,10202,10168,10202,34
trotting,10204,10202,10204,2
left_turning,10221,10204,10221,17
rising,10222,10221,10222,1
sniffing,10246,10222,10246,24
stepping,10278,10246,10278,32
sniffing,10362,10278,10362,84
trotting,10372,10362,10372,10
sniffing,10373,10372,10373,1
walking,10387,10373,10387,14
sniffing,10415,10387,10415,28
right_turning,10432,10415,10432,17
climbing,10484,10432,10484,52
rearing,10921,10484,10921,437
climbing,10953,10921,10953,32
rising,10954,10953,10954,1
climbing,10991,10954,10991,37
rising,10992,10991,10992,1
climbing,11044,10992,11044,52
left_turning,11084,11044,11084,40
walking,11128,11084,11128,44
trotting,11145,11128,11145,17
sniffing,11146,11145,11146,1
rising,11171,11146,11171,25
walking,11195,11171,11195,24
stepping,11212,11195,11212,17
rising,11276,11212,11276,64
sniffing,11337,11276,11337,61
climbing,11339,11337,11339,2
rising,11381,11339,11381,42
rearing,11393,11381,11393,12
rising,11444,11393,11444,51
stepping,11450,11444,11450,6
sniffing,11451,11450,11451,1
walking,11461,11451,11461,10
sniffing,11490,11461,11490,29
right_turning,11524,11490,11524,34
stepping,11556,11524,11556,32
left_turning,11598,11556,11598,42
climbing,11627,11598,11627,29
rearing,11628,11627,11628,1
right_turning,11632,11628,11632,4
trotting,11656,11632,11656,24
sniffing,11688,11656,11688,32
left_turning,11700,11688,11700,12
sniffing,11701,11700,11701,1
rising,11853,11701,11853,152
climbing,11892,11853,11892,39
trotting,11900,11892,11900,8
rising,11979,11900,11979,79
climbing,12004,11979,12004,25
sniffing,12067,12004,12067,63
walking,12073,12067,12073,6
sniffing,12123,12073,12123,50
walking,12192,12123,12192,69
left_turning,12208,12192,12208,16
walking,12209,12208,12209,1
rising,12234,12209,12234,25
left_turning,12235,12234,12235,1
rising,12236,12235,12236,1
stepping,12247,12236,12247,11
walking,12259,12247,12259,12
sniffing,12376,12259,12376,117
running,12394,12376,12394,18
stepping,12395,12394,12395,1
right_turning,12425,12395,12425,30
walking,12461,12425,12461,36
rising,12462,12461,12462,1
climbing,12479,12462,12479,17
sniffing,12562,12479,12562,83
climbing,12629,12562,12629,67
running,12671,12629,12671,42
walking,12706,12671,12706,35
sniffing,12707,12706,12707,1
trotting,12745,12707,12745,38
walking,12758,12745,12758,13
sniffing,12795,12758,12795,37
grooming,13291,12795,13291,496
rearing,13442,13291,13442,151
hunching,13502,13442,13502,60
rearing,13691,13502,13691,189
left_turning,13730,13691,13730,39
sniffing,13757,13730,13757,27
right_turning,13783,13757,13783,26
walking,13809,13783,13809,26
sniffing,13815,13809,13815,6
right_turning,13843,13815,13843,28
trotting,13864,13843,13864,21
sniffing,13944,13864,13944,80
rising,13953,13944,13953,9
walking,13959,13953,13959,6
left_turning,13976,13959,13976,17
sniffing,14015,13976,14015,39
walking,14062,14015,14062,47
rising,14129,14062,14129,67
stepping,14156,14129,14156,27
left_turning,14190,14156,14190,34
walking,14221,14190,14221,31
sniffing,14240,14221,14240,19
rising,14417,14240,14417,177
rearing,14423,14417,14423,6
sniffing,14473,14423,14473,50
right_turning,14474,14473,14474,1
trotting,14487,14474,14487,13
walking,14511,14487,14511,24
rising,14512,14511,14512,1
sniffing,14513,14512,14513,1
left_turning,14570,14513,14570,57
sniffing,14604,14570,14604,34
rising,14681,14604,14681,77
left_turning,14682,14681,14682,1
sniffing,14761,14682,14761,79
rising,14795,14761,14795,34
sniffing,14835,14795,14835,40
stepping,14896,14835,14896,61
walking,14920,14896,14920,24
climbing,14965,14920,14965,45
rising,15017,14965,15017,52
climbing,15044,15017,15044,27
sniffing,15088,15044,15088,44
trotting,15149,15088,15149,61
climbing,15166,15149,15166,17
rising,15212,15166,15212,46
walking,15213,15212,15213,1
left_turning,15228,15213,15228,15
trotting,15252,15228,15252,24
walking,15307,15252,15307,55
left_turning,15340,15307,15340,33
trotting,15376,15340,15376,36
left_turning,15391,15376,15391,15
walking,15465,15391,15465,74
sniffing,15522,15465,15522,57
trotting,15549,15522,15549,27
walking,15599,15549,15599,50
rising,15611,15599,15611,12
climbing,15656,15611,15656,45
walking,15663,15656,15663,7
rising,15715,15663,15715,52
grooming,15736,15715,15736,21
sniffing,15847,15736,15847,111
trotting,15859,15847,15859,12
left_turning,15860,15859,15860,1
sniffing,15904,15860,15904,44
rearing,16007,15904,16007,103
grooming,16201,16007,16201,194
walking,16227,16201,16227,26
trotting,16241,16227,16241,14
sniffing,16304,16241,16304,63
trotting,16331,16304,16331,27
rising,16332,16331,16332,1
climbing,16354,16332,16354,22
walking,16355,16354,16355,1
sniffing,16390,16355,16390,35
stepping,16391,16390,16391,1
walking,16424,16391,16424,33
rising,16427,16424,16427,3
sniffing,16505,16427,16505,78
hunching,16580,16505,16580,75
walking,16623,16580,16623,43
stepping,16624,16623,16624,1
trotting,16625,16624,16625,1
rising,16653,16625,16653,28
climbing,16703,16653,16703,50
walking,16705,16703,16705,2
left_turning,16739,16705,16739,34
sniffing,16832,16739,16832,93
rising,16834,16832,16834,2
climbing,16850,16834,16850,16
grooming,17163,16850,17163,313
sniffing,17175,17163,17175,12
trotting,17199,17175,17199,24
rising,17206,17199,17206,7
sniffing,17207,17206,17207,1
left_turning,17214,17207,17214,7
sniffing,17215,17214,17215,1
walking,17216,17215,17216,1
rising,17217,17216,17217,1
right_turning,17218,17217,17218,1
stepping,17245,17218,17245,27
sniffing,17266,17245,17266,21
left_turning,17276,17266,17276,10
sniffing,17323,17276,17323,47
rising,17391,17323,17391,68
climbing,17450,17391,17450,59
right_turning,17451,17450,17451,1
rising,17499,17451,17499,48
climbing,17523,17499,17523,24
sniffing,17568,17523,17568,45
walking,17598,17568,17598,30
sniffing,17711,17598,17711,113
walking,17714,17711,17714,3
sniffing,17753,17714,17753,39
stepping,17781,17753,17781,28
walking,17797,17781,17797,16
sniffing,17841,17797,17841,44
rising,17867,17841,17867,26
climbing,17892,17867,17892,25
rising,17911,17892,17911,19
walking,17941,17911,17941,30
trotting,17966,17941,17966,25
walking,18003,17966,18003,37
climbing,18048,18003,18048,45
stepping,18083,18048,18083,35
walking,18122,18083,18122,39
rearing,18127,18122,18127,5
right_turning,18128,18127,18128,1
walking,18195,18128,18195,67
right_turning,18199,18195,18199,4
walking,18249,18199,18249,50
sniffing,18332,18249,18332,83
climbing,18387,18332,18387,55
running,18388,18387,18388,1
sniffing,18491,18388,18491,103
right_turning,18511,18491,18511,20
sniffing,18551,18511,18551,40
trotting,18560,18551,18560,9
walking,18588,18560,18588,28
left_turning,18624,18588,18624,36
sniffing,18681,18624,18681,57
right_turning,18726,18681,18726,45
trotting,18773,18726,18773,47
sniffing,18774,18773,18774,1
walking,18775,18774,18775,1
trotting,18776,18775,18776,1
walking,18802,18776,18802,26
sniffing,18865,18802,18865,63
trotting,18908,18865,18908,43
sniffing,18958,18908,18958,50
rising,18959,18958,18959,1
sniffing,18979,18959,18979,20
rising,18993,18979,18993,14
sniffing,19016,18993,19016,23
stepping,19021,19016,19021,5
sniffing,19062,19021,19062,41
stepping,19082,19062,19082,20
trotting,19112,19082,19112,30
walking,19140,19112,19140,28
climbing,19158,19140,19158,18
walking,19201,19158,19201,43
right_turning,19202,19201,19202,1
walking,19218,19202,19218,16
sniffing,19219,19218,19219,1
trotting,19235,19219,19235,16
left_turning,19267,19235,19267,32
sniffing,19268,19267,19268,1
stepping,19310,19268,19310,42
sniffing,19349,19310,19349,39
trotting,19387,19349,19387,38
climbing,19460,19387,19460,73
rising,19490,19460,19490,30
climbing,19538,19490,19538,48
walking,19554,19538,19554,16
sniffing,19560,19554,19560,6
walking,19596,19560,19596,36
sniffing,19641,19596,19641,45
rearing,19934,19641,19934,293
running,19955,19934,19955,21
walking,19956,19955,19956,1
left_turning,19982,19956,19982,26
running,20012,19982,20012,30
stepping,20050,20012,20050,38
sniffing,20051,20050,20051,1
left_turning,20084,20051,20084,33
sniffing,20145,20084,20145,61
walking,20183,20145,20183,38
sniffing,20238,20183,20238,55
walking,20289,20238,20289,51
right_turning,20318,20289,20318,29
walking,20353,20318,20353,35
stepping,20354,20353,20354,1
hunching,20435,20354,20435,81
climbing,20475,20435,20475,40
rising,20545,20475,20545,70
walking,20571,20545,20571,26
sniffing,20572,20571,20572,1
grooming,20573,20572,20573,1
rearing,20667,20573,20667,94
running,20688,20667,20688,21
rising,20732,20688,20732,44
left_turning,20779,20732,20779,47
walking,20787,20779,20787,8
sniffing,20831,20787,20831,44
rising,20914,20831,20914,83
sniffing,20959,20914,20959,45
rearing,20966,20959,20966,7
sniffing,20967,20966,20967,1
right_turning,21002,20967,21002,35
walking,21026,21002,21026,24
climbing,21042,21026,21042,16
rearing,21245,21042,21245,203
sniffing,21343,21245,21343,98
rising,21406,21343,21406,63
grooming,22006,21406,22006,600
climbing,22033,22006,22033,27
trotting,22035,22033,22035,2
walking,22049,22035,22049,14
trotting,22073,22049,22073,24
right_turning,22092,22073,22092,19
running,22116,22092,22116,24
walking,22128,22116,22128,12
rising,22129,22128,22129,1
right_turning,22130,22129,22130,1
walking,22131,22130,22131,1
sniffing,22132,22131,22132,1
right_turning,22146,22132,22146,14
walking,22169,22146,22169,23
sniffing,22170,22169,22170,1
rising,22171,22170,22171,1
climbing,22259,22171,22259,88
rising,22330,22259,22330,71
climbing,22331,22330,22331,1
sniffing,22374,22331,22374,43
rearing,22422,22374,22422,48
sniffing,22434,22422,22434,12
walking,22435,22434,22435,1
climbing,22455,22435,22455,20
sniffing,22518,22455,22518,63
right_turning,22550,22518,22550,32
walking,22555,22550,22555,5
climbing,22606,22555,22606,51
rearing,22607,22606,22607,1
grooming,22802,22607,22802,195
sniffing,22803,22802,22803,1
walking,22809,22803,22809,6
sniffing,22820,22809,22820,11
climbing,22894,22820,22894,74
rising,22982,22894,22982,88
climbing,23012,22982,23012,30
right_turning,23046,23012,23046,34
stepping,23102,23046,23102,56
walking,23174,23102,23174,72
sniffing,23188,23174,23188,14
left_turning,23205,23188,23205,17
walking,23222,23205,23222,17
rising,23289,23222,23289,67
climbing,23318,23289,23318,29
rising,23324,23318,23324,6
walking,23351,23324,23351,27
stepping,23378,23351,23378,27
sniffing,23398,23378,23398,20
right_turning,23435,23398,23435,37
walking,23461,23435,23461,26
left_turning,23533,23461,23533,72
walking,23588,23533,23588,55
stepping,23607,23588,23607,19
walking,23676,23607,23676,69
climbing,23738,23676,23738,62
walking,23815,23738,23815,77
left_turning,23816,23815,23816,1
rising,23883,23816,23883,67
climbing,23949,23883,23949,66
sniffing,23986,23949,23986,37
rising,24014,23986,24014,28
rearing,24049,24014,24049,35
left_turning,24073,24049,24073,24
trotting,24074,24073,24074,1
climbing,24114,24074,24114,40
sniffing,24139,24114,24139,25
stepping,24186,24139,24186,47
sniffing,24270,24186,24270,84
walking,24277,24270,24277,7
rising,24308,24277,24308,31
climbing,24321,24308,24321,13
rearing,24362,24321,24362,41
rising,24442,24362,24442,80
climbing,24473,24442,24473,31
rising,24498,24473,24498,25
running,24531,24498,24531,33
left_turning,24566,24531,24566,35
sniffing,24622,24566,24622,56
rising,24641,24622,24641,19
climbing,24684,24641,24684,43
sniffing,24733,24684,24733,49
running,24758,24733,24758,25
sniffing,24807,24758,24807,49
climbing,24826,24807,24826,19
hunching,24893,24826,24893,67
rising,24894,24893,24894,1
climbing,24964,24894,24964,70
sniffing,25006,24964,25006,42
climbing,25043,25006,25043,37
rearing,25044,25043,25044,1
sniffing,25045,25044,25045,1
left_turning,25085,25045,25085,40
walking,25097,25085,25097,12
sniffing,25131,25097,25131,34
stepping,25163,25131,25163,32
sniffing,25308,25163,25308,145
walking,25355,25308,25355,47
sniffing,25478,25355,25478,123
rearing,25479,25478,25479,1
left_turning,25500,25479,25500,21
right_turning,25504,25500,25504,4
stepping,25551,25504,25551,47
sniffing,25643,25551,25643,92
rising,25644,25643,25644,1
climbing,25656,25644,25656,12
rising,25657,25656,25657,1
climbing,25681,25657,25681,24
right_turning,25721,25681,25721,40
walking,25752,25721,25752,31
climbing,25798,25752,25798,46
rearing,25799,25798,25799,1
rising,25871,25799,25871,72
climbing,25947,25871,25947,76
stepping,25993,25947,25993,46
climbing,26097,25993,26097,104
walking,26153,26097,26153,56
climbing,26197,26153,26197,44
running,26203,26197,26203,6
walking,26234,26203,26234,31
sniffing,26364,26234,26364,130
rising,26429,26364,26429,65
walking,26457,26429,26457,28
right_turning,26464,26457,26464,7
walking,26467,26464,26467,3
sniffing,26487,26467,26487,20
walking,26536,26487,26536,49
sniffing,26553,26536,26553,17
left_turning,26566,26553,26566,13
sniffing,26567,26566,26567,1
rearing,26610,26567,26610,43
grooming,26611,26610,26611,1
rising,26612,26611,26612,1
climbing,26619,26612,26619,7
rising,26672,26619,26672,53
sniffing,26673,26672,26673,1
walking,26686,26673,26686,13
rising,26816,26686,26816,130
climbing,26868,26816,26868,52
rising,26870,26868,26870,2
climbing,26914,26870,26914,44
right_turning,26932,26914,26932,18
walking,26975,26932,26975,43
sniffing,26976,26975,26976,1
walking,26986,26976,26986,10
rising,27055,26986,27055,69
climbing,27113,27055,27113,58
sniffing,27162,27113,27162,49
rising,27243,27162,27243,81
walking,27251,27243,27251,8
trotting,27311,27251,27311,60
running,27353,27311,27353,42
sniffing,27363,27353,27363,10
trotting,27392,27363,27392,29
hunching,27603,27392,27603,211
sniffing,27648,27603,27648,45
rising,27682,27648,27682,34
climbing,27717,27682,27717,35
running,27736,27717,27736,19
walking,27797,27736,27797,61
sniffing,27798,27797,27798,1
trotting,27832,27798,27832,34
sniffing,27912,27832,27912,80
rising,27951,27912,27951,39
walking,27955,27951,27955,4
climbing,28001,27955,28001,46
grooming,28002,28001,28002,1
walking,28023,28002,28023,21
rising,28024,28023,28024,1
jumping,28089,28024,28089,65
trotting,28113,28089,28113,24
walking,28144,28113,28144,31
sniffing,28210,28144,28210,66
grooming,28491,28210,28491,281
sniffing,28580,28491,28580,89
walking,28586,28580,28586,6
sniffing,28642,28586,28642,56
trotting,28669,28642,28669,27
sniffing,28696,28669,28696,27
climbing,28743,28696,28743,47
walking,28777,28743,28777,34
sniffing,28813,28777,28813,36
trotting,28844,28813,28844,31
rising,28918,28844,28918,74
right_turning,28919,28918,28919,1
rising,29010,28919,29010,91
climbing,29041,29010,29041,31
walking,29046,29041,29046,5
left_turning,29093,29046,29093,47
sniffing,29094,29093,29094,1
stepping,29124,29094,29124,30
walking,29139,29124,29139,15
sniffing,29140,29139,29140,1
climbing,29207,29140,29207,67
rising,29238,29207,29238,31
rearing,29239,29238,29239,1
sniffing,29240,29239,29240,1
rearing,29416,29240,29416,176
sniffing,29460,29416,29460,44
walking,29485,29460,29485,25
sniffing,29579,29485,29579,94
rising,29580,29579,29580,1
climbing,29629,29580,29629,49
sniffing,29630,29629,29630,1
trotting,29651,29630,29651,21
rising,29714,29651,29714,63
climbing,29763,29714,29763,49
sniffing,29764,29763,29764,1
walking,29809,29764,29809,45
sniffing,29887,29809,29887,78
trotting,29910,29887,29910,23
walking,29956,29910,29956,46
trotting,29987,29956,29987,31
walking,29995,29987,29995,8
climbing,30034,29995,30034,39
rearing,30062,30034,30062,28
rising,30114,30062,30114,52
running,30146,30114,30146,32
sniffing,30152,30146,30152,6
left_turning,30168,30152,30168,16
hunching,30267,30168,30267,99
sniffing,30350,30267,30350,83
rising,30382,30350,30382,32
sniffing,30393,30382,30393,11
right_turning,30425,30393,30425,32
stepping,30539,30425,30539,114
sniffing,30610,30539,30610,71
hunching,30680,30610,30680,70
walking,30686,30680,30686,6
sniffing,30756,30686,30756,70
trotting,30760,30756,30760,4
stepping,30851,30760,30851,91
sniffing,30916,30851,30916,65
rising,30938,30916,30938,22
hunching,30939,30938,30939,1
rising,30946,30939,30946,7
sniffing,30947,30946,30947,1
left_turning,30952,30947,30952,5
walking,30953,30952,30953,1
trotting,30972,30953,30972,19
stepping,31012,30972,31012,40
climbing,31040,31012,31040,28
sniffing,31176,31040,31176,136
stepping,31177,31176,31177,1
sniffing,31219,31177,31219,42
rising,31237,31219,31237,18
right_turning,31245,31237,31245,8
rearing,31266,31245,31266,21
grooming,32630,31266,32630,1364
rearing,32631,32630,32631,1
grooming,32694,32631,32694,63
rearing,32725,32694,32725,31
grooming,32806,32725,32806,81
left_turning,32808,32806,32808,2
walking,32831,32808,32831,23
stepping,32898,32831,32898,67
walking,32919,32898,32919,21
stepping,32979,32919,32979,60
walking,32991,32979,32991,12
stepping,33011,32991,33011,20
walking,33049,33011,33049,38
sniffing,33055,33049,33055,6
climbing,33106,33055,33106,51
walking,33107,33106,33107,1
sniffing,33133,33107,33133,26
left_turning,33198,33133,33198,65
walking,33204,33198,33204,6
rearing,33244,33204,33244,40
rising,33265,33244,33265,21
sniffing,33266,33265,33266,1
rising,33319,33266,33319,53
sniffing,33394,33319,33394,75
walking,33429,33394,33429,35
climbing,33466,33429,33466,37
walking,33484,33466,33484,18
trotting,33503,33484,33503,19
sniffing,33504,33503,33504,1
trotting,33527,33504,33527,23
sniffing,33528,33527,33528,1
running,33553,33528,33553,25
walking,33554,33553,33554,1
sniffing,33555,33554,33555,1
walking,33562,33555,33562,7
sniffing,33601,33562,33601,39
climbing,33629,33601,33629,28
rearing,33745,33629,33745,116
right_turning,33755,33745,33755,10
stepping,33759,33755,33759,4
sniffing,33785,33759,33785,26
left_turning,33805,33785,33805,20
trotting,33819,33805,33819,14
stepping,33839,33819,33839,20
rising,33857,33839,33857,18
climbing,33920,33857,33920,63
rearing,34032,33920,34032,112
trotting,34086,34032,34086,54
walking,34129,34086,34129,43
sniffing,34153,34129,34153,24
rising,34207,34153,34207,54
rearing,34274,34207,34274,67
trotting,34294,34274,34294,20
sniffing,34416,34294,34416,122
climbing,34450,34416,34450,34
walking,34484,34450,34484,34
rising,34493,34484,34493,9
sniffing,34495,34493,34495,2
pausing,34496,34495,34496,1
sniffing,34512,34496,34512,16
walking,34528,34512,34528,16
rising,34529,34528,34529,1
climbing,34602,34529,34602,73
rising,34603,34602,34603,1
walking,34635,34603,34635,32
sniffing,34669,34635,34669,34
rising,34670,34669,34670,1
hunching,34727,34670,34727,57
rising,34728,34727,34728,1
walking,34743,34728,34743,15
climbing,34758,34743,34758,15
sniffing,34759,34758,34759,1
left_turning,34760,34759,34760,1
walking,34772,34760,34772,12
sniffing,34823,34772,34823,51
rising,34863,34823,34863,40
rearing,34887,34863,34887,24
left_turning,34908,34887,34908,21
walking,34909,34908,34909,1
climbing,34958,34909,34958,49
rising,34963,34958,34963,5
trotting,35043,34963,35043,80
sniffing,35044,35043,35044,1
climbing,35092,35044,35092,48
sniffing,35166,35092,35166,74
left_turning,35187,35166,35187,21
rising,35188,35187,35188,1
sniffing,35263,35188,35263,75
rising,35308,35263,35308,45
sniffing,35321,35308,35321,13
climbing,35339,35321,35339,18
rising,35363,35339,35363,24
sniffing,35378,35363,35378,15
rising,35425,35378,35425,47
walking,35428,35425,35428,3
trotting,35462,35428,35462,34
left_turning,35466,35462,35466,4
trotting,35493,35466,35493,27
sniffing,35494,35493,35494,1
walking,35500,35494,35500,6
stepping,35531,35500,35531,31
grooming,35532,35531,35532,1
right_turning,35553,35532,35553,21
running,35593,35553,35593,40
walking,35606,35593,35606,13
right_turning,35607,35606,35607,1
walking,35623,35607,35623,16
stepping,35654,35623,35654,31
rising,35727,35654,35727,73
trotting,35750,35727,35750,23
sniffing,35830,35750,35830,80
walking,35850,35830,35850,20
stepping,35912,35850,35912,62
right_turning,35958,35912,35958,46
walking,35960,35958,35960,2
sniffing,35983,35960,35983,23
rearing,36000,35983,36000,17
left_turning,36039,36000,36039,39
sniffing,36043,36039,36043,4
left_turning,36059,36043,36059,16
hunching,36124,36059,36124,65
grooming,36172,36124,36172,48
sniffing,36205,36172,36205,33
right_turning,36223,36205,36223,18
sniffing,36240,36223,36240,17
rearing,36255,36240,36255,15
hunching,36321,36255,36321,66
sniffing,36394,36321,36394,73
rising,36395,36394,36395,1
climbing,36434,36395,36434,39
walking,36493,36434,36493,59
rising,36539,36493,36539,46
climbing,36572,36539,36572,33
rising,36573,36572,36573,1
sniffing,36594,36573,36594,21
running,36602,36594,36602,8
walking,36603,36602,36603,1
stepping,36650,36603,36650,47
walking,36651,36650,36651,1
sniffing,36762,36651,36762,111
hunching,36873,36762,36873,111
stepping,36896,36873,36896,23
hunching,36897,36896,36897,1
rising,36955,36897,36955,58
sniffing,36984,36955,36984,29
rearing,36985,36984,36985,1
climbing,37087,36985,37087,102
rearing,37251,37087,37251,164
right_turning,37263,37251,37263,12
left_turning,37269,37263,37269,6
trotting,37293,37269,37293,24
stepping,37323,37293,37323,30
climbing,37324,37323,37324,1
right_turning,37366,37324,37366,42
stepping,37379,37366,37379,13
walking,37415,37379,37415,36
climbing,37433,37415,37433,18
running,37441,37433,37441,8
sniffing,37496,37441,37496,55
trotting,37531,37496,37531,35
rising,37543,37531,37543,12
climbing,37571,37543,37571,28
running,37614,37571,37614,43
walking,37666,37614,37666,52
sniffing,37681,37666,37681,15
climbing,37720,37681,37720,39
walking,37735,37720,37735,15
sniffing,37750,37735,37750,15
rising,37782,37750,37782,32
sniffing,37962,37782,37962,180
rising,37963,37962,37963,1
right_turning,37968,37963,37968,5
sniffing,38061,37968,38061,93
climbing,38084,38061,38084,23
walking,38102,38084,38102,18
rising,38107,38102,38107,5
walking,38108,38107,38108,1
sniffing,38186,38108,38186,78
left_turning,38191,38186,38191,5
walking,38199,38191,38199,8
running,38224,38199,38224,25
sniffing,38261,38224,38261,37
rising,38314,38261,38314,53
trotting,38325,38314,38325,11
sniffing,38358,38325,38358,33
right_turning,38392,38358,38392,34
trotting,38420,38392,38420,28
walking,38439,38420,38439,19
left_turning,38448,38439,38448,9
rising,38449,38448,38449,1
climbing,38466,38449,38466,17
walking,38475,38466,38475,9
climbing,38522,38475,38522,47
rising,38523,38522,38523,1
climbing,38599,38523,38599,76
right_turning,38624,38599,38624,25
sniffing,38638,38624,38638,14
running,38679,38638,38679,41
walking,38723,38679,38723,44
left_turning,38747,38723,38747,24
sniffing,38748,38747,38748,1
climbing,38811,38748,38811,63
grooming,39036,38811,39036,225
climbing,39073,39036,39073,37
walking,39102,39073,39102,29
left_turning,39103,39102,39103,1
sniffing,39155,39103,39155,52
climbing,39213,39155,39213,58
rising,39214,39213,39214,1
climbing,39255,39214,39255,41
right_turning,39305,39255,39305,50
left_turning,39306,39305,39306,1
rising,39321,39306,39321,15
walking,39322,39321,39322,1
climbing,39346,39322,39346,24
walking,39369,39346,39369,23
stepping,39401,39369,39401,32
rising,39418,39401,39418,17
sniffing,39441,39418,39441,23
rising,39491,39441,39491,50
sniffing,39495,39491,39495,4
climbing,39524,39495,39524,29
sniffing,39586,39524,39586,62
rising,39604,39586,39604,18
jumping,39605,39604,39605,1
rising,39660,39605,39660,55
climbing,39766,39660,39766,106
grooming,39767,39766,39767,1
rearing,39903,39767,39903,136
rising,39930,39903,39930,27
trotting,39963,39930,39963,33
stepping,39990,39963,39990,27
walking,39991,39990,39991,1
trotting,40029,39991,40029,38
climbing,40087,40029,40087,58
right_turning,40103,40087,40103,16
sniffing,40152,40103,40152,49
rising,40212,40152,40212,60
sniffing,40327,40212,40327,115
rising,40338,40327,40338,11
hunching,40454,40338,40454,116
climbing,40501,40454,40501,47
rising,40510,40501,40510,9
sniffing,40516,40510,40516,6
rising,40548,40516,40548,32
grooming,40614,40548,40614,66
rearing,40615,40614,40615,1
sniffing,40664,40615,40664,49
rising,40721,40664,40721,57
running,40760,40721,40760,39
sniffing,40786,40760,40786,26
pausing,40937,40786,40937,151
sniffing,40938,40937,40938,1
rising,40978,40938,40978,40
right_turning,40986,40978,40986,8
walking,41048,40986,41048,62
left_turning,41072,41048,41072,24
sniffing,41073,41072,41073,1
running,41077,41073,41077,4
rearing,41148,41077,41148,71
grooming,41149,41148,41149,1
sniffing,41198,41149,41198,49
stepping,41221,41198,41221,23
rising,41240,41221,41240,19
sniffing,41277,41240,41277,37
left_turning,41320,41277,41320,43
stepping,41321,41320,41321,1
sniffing,41322,41321,41322,1
walking,41326,41322,41326,4
rising,41327,41326,41327,1
climbing,41410,41327,41410,83
rearing,41432,41410,41432,22
climbing,41495,41432,41495,63
walking,41562,41495,41562,67
rearing,41564,41562,41564,2
climbing,41628,41564,41628,64
walking,41656,41628,41656,28
sniffing,41707,41656,41707,51
walking,41708,41707,41708,1
sniffing,41722,41708,41722,14
rising,41755,41722,41755,33
grooming,41756,41755,41756,1
sniffing,41812,41756,41812,56
hunching,41933,41812,41933,121
sniffing,42008,41933,42008,75
climbing,42055,42008,42055,47
rearing,42103,42055,42103,48
climbing,42122,42103,42122,19
sniffing,42126,42122,42126,4
grooming,42322,42126,42322,196
rearing,42323,42322,42323,1
stepping,42354,42323,42354,31
walking,42400,42354,42400,46
stepping,42426,42400,42426,26
climbing,42443,42426,42443,17
rearing,42622,42443,42622,179
running,42652,42622,42652,30
sniffing,42701,42652,42701,49
rising,42752,42701,42752,51
left_turning,42763,42752,42763,11
sniffing,42809,42763,42809,46
rising,42822,42809,42822,13
walking,42886,42822,42886,64
stepping,42956,42886,42956,70
walking,42979,42956,42979,23
climbing,42989,42979,42989,10
sniffing,43106,42989,43106,117
left_turning,43138,43106,43138,32
trotting,43161,43138,43161,23
stepping,43187,43161,43187,26
walking,43209,43187,43209,22
sniffing,43297,43209,43297,88
rising,43299,43297,43299,2
sniffing,43372,43299,43372,73
right_turning,43403,43372,43403,31
walking,43409,43403,43409,6
trotting,43410,43409,43410,1
walking,43456,43410,43456,46
rearing,43586,43456,43586,130
grooming,43679,43586,43679,93
sniffing,43743,43679,43743,64
walking,43768,43743,43768,25
sniffing,43975,43768,43975,207
left_turning,44015,43975,44015,40
rising,44083,44015,44083,68
right_turning,44125,44083,44125,42
walking,44140,44125,44140,15
sniffing,44141,44140,44141,1
walking,44169,44141,44169,28
climbing,44220,44169,44220,51
running,44221,44220,44221,1
walking,44266,44221,44266,45
sniffing,44294,44266,44294,28
left_turning,44295,44294,44295,1
sniffing,44296,44295,44296,1
rising,44313,44296,44313,17
climbing,44399,44313,44399,86
right_turning,44427,44399,44427,28
sniffing,44428,44427,44428,1
right_turning,44448,44428,44448,20
trotting,44476,44448,44476,28
walking,44509,44476,44509,33
climbing,44525,44509,44525,16
rising,44543,44525,44543,18
climbing,44558,44543,44558,15
running,44584,44558,44584,26
rising,44585,44584,44585,1
walking,44632,44585,44632,47
climbing,44722,44632,44722,90
hunching,44809,44722,44809,87
climbing,44847,44809,44847,38
rearing,44898,44847,44898,51
rising,44958,44898,44958,60
climbing,44993,44958,44993,35
right_turning,45029,44993,45029,36
walking,45032,45029,45032,3
sniffing,45045,45032,45045,13
running,45067,45045,45067,22
sniffing,45110,45067,45110,43
left_turning,45149,45110,45149,39
stepping,45181,45149,45181,32
rising,45204,45181,45204,23
climbing,45213,45204,45213,9
sniffing,45330,45213,45330,117
right_turning,45343,45330,45343,13
sniffing,45495,45343,45495,152
left_turning,45538,45495,45538,43
sniffing,45596,45538,45596,58
walking,45628,45596,45628,32
left_turning,45637,45628,45637,9
walking,45674,45637,45674,37
climbing,45745,45674,45745,71
sniffing,45826,45745,45826,81
rising,45917,45826,45917,91
grooming,46305,45917,46305,388
hunching,46306,46305,46306,1
rearing,46350,46306,46350,44
sniffing,46379,46350,46379,29
rearing,46414,46379,46414,35
walking,46471,46414,46471,57
sniffing,46472,46471,46472,1
walking,46495,46472,46495,23
left_turning,46530,46495,46530,35
walking,46577,46530,46577,47
sniffing,46731,46577,46731,154
rising,46791,46731,46791,60
left_turning,46813,46791,46813,22
running,46833,46813,46833,20
trotting,46871,46833,46871,38
left_turning,46913,46871,46913,42
sniffing,46914,46913,46914,1
walking,46984,46914,46984,70
sniffing,47108,46984,47108,124
pausing,47407,47108,47407,299
sniffing,47408,47407,47408,1
hunching,47557,47408,47557,149
rising,47563,47557,47563,6
sniffing,47589,47563,47589,26
walking,47599,47589,47599,10
rising,47607,47599,47607,8
sniffing,47644,47607,47644,37
right_turning,47665,47644,47665,21
sniffing,47727,47665,47727,62
climbing,47789,47727,47789,62
sniffing,47922,47789,47922,133
left_turning,47996,47922,47996,74
walking,48004,47996,48004,8
sniffing,48005,48004,48005,1
rising,48054,48005,48054,49
climbing,48071,48054,48071,17
hunching,48132,48071,48132,61
rearing,48206,48132,48206,74
sniffing,48207,48206,48207,1
rising,48280,48207,48280,73
sniffing,48329,48280,48329,49
left_turning,48332,48329,48332,3
trotting,48336,48332,48336,4
walking,48383,48336,48383,47
stepping,48397,48383,48397,14
walking,48459,48397,48459,62
climbing,48481,48459,48481,22
sniffing,48550,48481,48550,69
hunching,48551,48550,48551,1
rising,48585,48551,48585,34
sniffing,48635,48585,48635,50
rising,48690,48635,48690,55
climbing,48725,48690,48725,35
walking,48754,48725,48754,29
sniffing,48755,48754,48755,1
walking,48781,48755,48781,26
sniffing,48815,48781,48815,34
rising,48871,48815,48871,56
rearing,48872,48871,48872,1
grooming,48987,48872,48987,115
rearing,49048,48987,49048,61
walking,49136,49048,49136,88
sniffing,49166,49136,49166,30
climbing,49176,49166,49176,10
rising,49177,49176,49177,1
climbing,49224,49177,49224,47
walking,49225,49224,49225,1
rising,49250,49225,49250,25
climbing,49293,49250,49293,43
left_turning,49294,49293,49294,1
trotting,49304,49294,49304,10
rising,49370,49304,49370,66
sniffing,49408,49370,49408,38
walking,49435,49408,49435,27
rearing,49567,49435,49567,132
sniffing,49592,49567,49592,25
rising,49645,49592,49645,53
sniffing,49759,49645,49759,114
climbing,49760,49759,49760,1
sniffing,49791,49760,49791,31
climbing,49837,49791,49837,46
right_turning,49876,49837,49876,39
trotting,49895,49876,49895,19
sniffing,49992,49895,49992,97
left_turning,50034,49992,50034,42
sniffing,50062,50034,50062,28
left_turning,50111,50062,50111,49
walking,50119,50111,50119,8
sniffing,50207,50119,50207,88
rising,50208,50207,50208,1
climbing,50245,50208,50245,37
hunching,50262,50245,50262,17
sniffing,50274,50262,50274,12
climbing,50341,50274,50341,67
sniffing,50393,50341,50393,52
rearing,50425,50393,50425,32
left_turning,50469,50425,50469,44
running,50518,50469,50518,49
sniffing,50588,50518,50588,70
walking,50627,50588,50627,39
rising,50697,50627,50697,70
sniffing,50790,50697,50790,93
climbing,50824,50790,50824,34
hunching,51001,50824,51001,177
rearing,51100,51001,51100,99
walking,51138,51100,51138,38
left_turning,51157,51138,51157,19
sniffing,51206,51157,51206,49
left_turning,51219,51206,51219,13
walking,51234,51219,51234,15
sniffing,51235,51234,51235,1
climbing,51416,51235,51416,181
sniffing,51417,51416,51417,1
hunching,51442,51417,51442,25
walking,51458,51442,51458,16
sniffing,51494,51458,51494,36
left_turning,51552,51494,51552,58
walking,51576,51552,51576,24
rising,51668,51576,51668,92
climbing,51734,51668,51734,66
rising,51789,51734,51789,55
sniffing,51834,51789,51834,45
rising,51835,51834,51835,1
pausing,51984,51835,51984,149
sniffing,52059,51984,52059,75
climbing,52129,52059,52129,70
sniffing,52192,52129,52192,63
rising,52193,52192,52193,1
trotting,52215,52193,52215,22
sniffing,52242,52215,52242,27
rising,52315,52242,52315,73
hunching,52387,52315,52387,72
walking,52394,52387,52394,7
left_turning,52398,52394,52398,4
sniffing,52463,52398,52463,65
climbing,52478,52463,52478,15
sniffing,52589,52478,52589,111
climbing,52645,52589,52645,56
trotting,52689,52645,52689,44
walking,52690,52689,52690,1
trotting,52721,52690,52721,31
sniffing,52765,52721,52765,44
climbing,52812,52765,52812,47
running,52851,52812,52851,39
left_turning,52923,52851,52923,72
trotting,52935,52923,52935,12
walking,52976,52935,52976,41
sniffing,52994,52976,52994,18
walking,53030,52994,53030,36
climbing,53067,53030,53067,37
rising,53103,53067,53103,36
sniffing,53253,53103,53253,150
walking,53265,53253,53265,12
left_turning,53335,53265,53335,70
rising,53364,53335,53364,29
climbing,53411,53364,53411,47
stepping,53460,53411,53460,49
rearing,53545,53460,53545,85
sniffing,53569,53545,53569,24
walking,53625,53569,53625,56
stepping,53653,53625,53653,28
walking,53703,53653,53703,50
sniffing,53724,53703,53724,21
hunching,53786,53724,53786,62
rising,53803,53786,53803,17
sniffing,53910,53803,53910,107
walking,53936,53910,53936,26
climbing,53965,53936,53965,29
right_turning,54021,53965,54021,56
trotting,54048,54021,54048,27
stepping,54064,54048,54064,16
walking,54086,54064,54086,22
sniffing,54170,54086,54170,84
grooming,54171,54170,54171,1
sniffing,54268,54171,54268,97
trotting,54292,54268,54292,24
rising,54293,54292,54293,1
sniffing,54354,54293,54354,61
walking,54355,54354,54355,1
rising,54356,54355,54356,1
walking,54393,54356,54393,37
sniffing,54438,54393,54438,45
left_turning,54491,54438,54491,53
stepping,54545,54491,54545,54
walking,54574,54545,54574,29
sniffing,54625,54574,54625,51
left_turning,54675,54625,54675,50
sniffing,54709,54675,54709,34
rising,54710,54709,54710,1
right_turning,54711,54710,54711,1
stepping,54739,54711,54739,28
walking,54819,54739,54819,80
rising,54863,54819,54863,44
sniffing,54864,54863,54864,1
walking,54873,54864,54873,9
sniffing,54874,54873,54874,1
left_turning,54963,54874,54963,89
sniffing,54997,54963,54997,34
running,54999,54997,54999,2
walking,55023,54999,55023,24
left_turning,55024,55023,55024,1
running,55050,55024,55050,26
sniffing,55051,55050,55051,1
walking,55116,55051,55116,65
climbing,55137,55116,55137,21
grooming,55472,55137,55472,335
rearing,55473,55472,55473,1
grooming,55474,55473,55474,1
rearing,55633,55474,55633,159
climbing,55658,55633,55658,25
right_turning,55705,55658,55705,47
running,55731,55705,55731,26
sniffing,55734,55731,55734,3
rising,55847,55734,55847,113
trotting,55872,55847,55872,25
rising,55912,55872,55912,40
hunching,55954,55912,55954,42
rising,55997,55954,55997,43
climbing,55998,55997,55998,1
left_turning,56052,55998,56052,54
sniffing,56141,56052,56141,89
walking,56206,56141,56206,65
stepping,56207,56206,56207,1
sniffing,56244,56207,56244,37
stepping,56245,56244,56245,1
rearing,56317,56245,56317,72
rising,56399,56317,56399,82
climbing,56443,56399,56443,44
rearing,56575,56443,56575,132
climbing,56620,56575,56620,45
walking,56644,56620,56644,24
sniffing,56654,56644,56654,10
walking,56681,56654,56681,27
running,56698,56681,56698,17
trotting,56738,56698,56738,40
sniffing,56836,56738,56836,98
rising,56872,56836,56872,36
climbing,56891,56872,56891,19
sniffing,56930,56891,56930,39
walking,56949,56930,56949,19
sniffing,57044,56949,57044,95
walking,57064,57044,57064,20
sniffing,57116,57064,57116,52
climbing,57178,57116,57178,62
rising,57179,57178,57179,1
jumping,57217,57179,57217,38
trotting,57238,57217,57238,21
rising,57239,57238,57239,1
walking,57248,57239,57248,9
sniffing,57322,57248,57322,74
walking,57323,57322,57323,1
rearing,57383,57323,57383,60
grooming,57384,57383,57384,1
left_turning,57455,57384,57455,71
sniffing,57532,57455,57532,77
left_turning,57558,57532,57558,26
sniffing,57618,57558,57618,60
pausing,57619,57618,57619,1
sniffing,57620,57619,57620,1
climbing,57681,57620,57681,61
grooming,57783,57681,57783,102
sniffing,57889,57783,57889,106
grooming,58064,57889,58064,175
climbing,58094,58064,58094,30
rising,58124,58094,58124,30
walking,58125,58124,58125,1
climbing,58126,58125,58126,1
hunching,58127,58126,58127,1
sniffing,58137,58127,58137,10
walking,58177,58137,58177,40
sniffing,58257,58177,58257,80
walking,58260,58257,58260,3
rising,58261,58260,58261,1
right_turning,58276,58261,58276,15
trotting,58289,58276,58289,13
sniffing,58307,58289,58307,18
running,58331,58307,58331,24
stepping,58376,58331,58376,45
rising,58377,58376,58377,1
climbing,58419,58377,58419,42
walking,58425,58419,58425,6
stepping,58428,58425,58428,3
sniffing,58445,58428,58445,17
walking,58467,58445,58467,22
trotting,58468,58467,58468,1
walking,58510,58468,58510,42
running,58536,58510,58536,26
walking,58552,58536,58552,16
sniffing,58588,58552,58588,36
grooming,58673,58588,58673,85
left_turning,58747,58673,58747,74
sniffing,58900,58747,58900,153
grooming,59186,58900,59186,286
rearing,59187,59186,59187,1
hunching,59198,59187,59198,11
rising,59199,59198,59199,1
climbing,59200,59199,59200,1
rising,59202,59200,59202,2
walking,59232,59202,59232,30
sniffing,59261,59232,59261,29
right_turning,59269,59261,59269,8
walking,59306,59269,59306,37
sniffing,59434,59306,59434,128
rearing,59507,59434,59507,73
trotting,59537,59507,59537,30
stepping,59553,59537,59553,16
sniffing,59596,59553,59596,43
rising,59597,59596,59597,1
sniffing,59665,59597,59665,68
left_turning,59667,59665,59667,2
sniffing,59689,59667,59689,22
climbing,59706,59689,59706,17
sniffing,59770,59706,59770,64
rearing,59771,59770,59771,1
right_turning,59772,59771,59772,1
climbing,59777,59772,59777,5
left_turning,59868,59777,59868,91
rearing,59996,59868,59996,128
right_turning,60017,59996,60017,21
walking,60052,60017,60052,35
rising,60071,60052,60071,19
trotting,60120,60071,60120,49
sniffing,60121,60120,60121,1
rearing,60186,60121,60186,65
sniffing,60187,60186,60187,1
rising,60238,60187,60238,51
jumping,60290,60238,60290,52
sniffing,60358,60290,60358,68
rearing,60384,60358,60384,26
sniffing,60385,60384,60385,1
left_turning,60444,60385,60444,59
sniffing,60562,60444,60562,118
climbing,60587,60562,60587,25
sniffing,60616,60587,60616,29
walking,60645,60616,60645,29
sniffing,60733,60645,60733,88
grooming,60734,60733,60734,1
left_turning,60750,60734,60750,16
sniffing,60751,60750,60751,1
left_turning,60781,60751,60781,30
sniffing,60849,60781,60849,68
climbing,60919,60849,60919,70
walking,60949,60919,60949,30
climbing,60998,60949,60998,49
sniffing,61033,60998,61033,35
climbing,61063,61033,61063,30
rising,61104,61063,61104,41
climbing,61114,61104,61114,10
rearing,61183,61114,61183,69
climbing,61195,61183,61195,12
right_turning,61256,61195,61256,61
rising,61257,61256,61257,1
sniffing,61338,61257,61338,81
left_turning,61513,61338,61513,175
walking,61542,61513,61542,29
left_turning,61558,61542,61558,16
sniffing,61587,61558,61587,29
rising,61598,61587,61598,11
trotting,61623,61598,61623,25
sniffing,61624,61623,61624,1
walking,61670,61624,61670,46
sniffing,61687,61670,61687,17
rising,61688,61687,61688,1
hunching,61725,61688,61725,37
right_turning,61743,61725,61743,18
sniffing,61752,61743,61752,9
climbing,61768,61752,61768,16
walking,61769,61768,61769,1
climbing,61828,61769,61828,59
sniffing,61892,61828,61892,64
stepping,61912,61892,61912,20
walking,61915,61912,61915,3
right_turning,61917,61915,61917,2
walking,61918,61917,61918,1
climbing,61933,61918,61933,15
right_turning,61976,61933,61976,43
running,61998,61976,61998,22
left_turning,61999,61998,61999,1
sniffing,62037,61999,62037,38
climbing,62047,62037,62047,10
walking,62107,62047,62107,60
climbing,62128,62107,62128,21
walking,62198,62128,62198,70
left_turning,62229,62198,62229,31
running,62235,62229,62235,6
sniffing,62252,62235,62252,17
walking,62282,62252,62282,30
rising,62338,62282,62338,56
rearing,62406,62338,62406,68
sniffing,62407,62406,62407,1
hunching,62479,62407,62479,72
sniffing,62488,62479,62488,9
walking,62545,62488,62545,57
sniffing,62759,62545,62759,214
walking,62772,62759,62772,13
sniffing,62835,62772,62835,63
left_turning,63086,62835,63086,251
sniffing,63173,63086,63173,87
walking,63193,63173,63193,20
rearing,63225,63193,63225,32
rising,63284,63225,63284,59
grooming,63285,63284,63285,1
right_turning,63297,63285,63297,12
climbing,63317,63297,63317,20
sniffing,63438,63317,63438,121
right_turning,63458,63438,63458,20
climbing,63508,63458,63508,50
rising,63514,63508,63514,6
sniffing,63568,63514,63568,54
walking,63611,63568,63611,43
sniffing,63621,63611,63621,10
rising,63640,63621,63640,19
sniffing,63752,63640,63752,112
walking,63765,63752,63765,13
sniffing,63766,63765,63766,1
rising,63767,63766,63767,1
climbing,63779,63767,63779,12
trotting,63784,63779,63784,5
stepping,63816,63784,63816,32
sniffing,63895,63816,63895,79
hunching,63920,63895,63920,25
right_turning,63921,63920,63921,1
stepping,63922,63921,63922,1
walking,63930,63922,63930,8
sniffing,63945,63930,63945,15
rearing,63971,63945,63971,26
grooming,64483,63971,64483,512
left_turning,64534,64483,64534,51
sniffing,64718,64534,64718,184
right_turning,64760,64718,64760,42
hunching,64768,64760,64768,8
rising,64833,64768,64833,65
sniffing,65012,64833,65012,179
rising,65036,65012,65036,24
walking,65037,65036,65037,1
stepping,65081,65037,65081,44
walking,65088,65081,65088,7
rearing,65209,65088,65209,121
grooming,65210,65209,65210,1
rearing,65269,65210,65269,59
grooming,65270,65269,65270,1
hunching,65271,65270,65271,1
rising,65301,65271,65301,30
climbing,65391,65301,65391,90
rising,65412,65391,65412,21
climbing,65434,65412,65434,22
rising,65456,65434,65456,22
climbing,65500,65456,65500,44
rising,65512,65500,65512,12
climbing,65545,65512,65545,33
rearing,65642,65545,65642,97
rising,65705,65642,65705,63
sniffing,65725,65705,65725,20
walking,65769,65725,65769,44
climbing,65831,65769,65831,62
rising,65856,65831,65856,25
rearing,65878,65856,65878,22
sniffing,65982,65878,65982,104
grooming,66205,65982,66205,223
hunching,66282,66205,66282,77
rearing,66283,66282,66283,1
sniffing,66309,66283,66309,26
grooming,66310,66309,66310,1
climbing,66349,66310,66349,39
rising,66350,66349,66350,1
grooming,66351,66350,66351,1
rearing,66352,66351,66352,1
running,66357,66352,66357,5
sniffing,66509,66357,66509,152
walking,66544,66509,66544,35
sniffing,66685,66544,66685,141
trotting,66696,66685,66696,11
stepping,66736,66696,66736,40
left_turning,66773,66736,66773,37
sniffing,66800,66773,66800,27
running,66838,66800,66838,38
sniffing,66842,66838,66842,4
climbing,66879,66842,66879,37
hunching,66994,66879,66994,115
walking,67044,66994,67044,50
jumping,67220,67044,67220,176
rising,67254,67220,67254,34
climbing,67296,67254,67296,42
hunching,67401,67296,67401,105
sniffing,67498,67401,67498,97
rising,67510,67498,67510,12
sniffing,67739,67510,67739,229
trotting,67791,67739,67791,52
walking,67822,67791,67822,31
left_turning,67849,67822,67849,27
sniffing,67952,67849,67952,103
walking,67986,67952,67986,34
sniffing,68041,67986,68041,55
left_turning,68054,68041,68054,13
sniffing,68057,68054,68057,3
climbing,68135,68057,68135,78
sniffing,68186,68135,68186,51
stepping,68193,68186,68193,7
climbing,68232,68193,68232,39
left_turning,68258,68232,68258,26
trotting,68267,68258,68267,9
sniffing,68293,68267,68293,26
climbing,68316,68293,68316,23
hunching,68346,68316,68346,30
stepping,68425,68346,68425,79
rising,68480,68425,68480,55
climbing,68539,68480,68539,59
hunching,68540,68539,68540,1
sniffing,68613,68540,68613,73
rising,68649,68613,68649,36
sniffing,68691,68649,68691,42
rising,68725,68691,68725,34
rearing,68859,68725,68859,134
rising,68860,68859,68860,1
sniffing,68899,68860,68899,39
walking,68906,68899,68906,7
sniffing,68907,68906,68907,1
left_turning,68918,68907,68918,11
sniffing,68957,68918,68957,39
left_turning,68958,68957,68958,1
stepping,69039,68958,69039,81
left_turning,69058,69039,69058,19
sniffing,69059,69058,69059,1
left_turning,69106,69059,69106,47
walking,69184,69106,69184,78
left_turning,69245,69184,69245,61
stepping,69257,69245,69257,12
sniffing,69366,69257,69366,109
walking,69377,69366,69377,11
sniffing,69441,69377,69441,64
walking,69457,69441,69457,16
rising,69550,69457,69550,93
climbing,69616,69550,69616,66
left_turning,69653,69616,69653,37
sniffing,69654,69653,69654,1
rearing,69827,69654,69827,173
grooming,69879,69827,69879,52
rearing,69948,69879,69948,69
climbing,69953,69948,69953,5
right_turning,69954,69953,69954,1
walking,69955,69954,69955,1
sniffing,70050,69955,70050,95
walking,70067,70050,70067,17
climbing,70097,70067,70097,30
rearing,70120,70097,70120,23
grooming,70242,70120,70242,122
hunching,70318,70242,70318,76
climbing,70399,70318,70399,81
rearing,70412,70399,70412,13
trotting,70451,70412,70451,39
sniffing,70588,70451,70588,137
walking,70633,70588,70633,45
sniffing,70651,70633,70651,18
left_turning,70652,70651,70652,1
sniffing,70755,70652,70755,103
stepping,70756,70755,70756,1
sniffing,70767,70756,70767,11
left_turning,70809,70767,70809,42
walking,70837,70809,70837,28
sniffing,70838,70837,70838,1
walking,70883,70838,70883,45
left_turning,70884,70883,70884,1
rising,70967,70884,70967,83
rearing,70986,70967,70986,19
rising,71082,70986,71082,96
climbing,71112,71082,71112,30
walking,71156,71112,71156,44
trotting,71173,71156,71173,17
sniffing,71258,71173,71258,85
hunching,71300,71258,71300,42
sniffing,71301,71300,71301,1
walking,71335,71301,71335,34
climbing,71336,71335,71336,1
trotting,71355,71336,71355,19
sniffing,71356,71355,71356,1
stepping,71403,71356,71403,47
rising,71422,71403,71422,19
climbing,71503,71422,71503,81
hunching,71582,71503,71582,79
climbing,71583,71582,71583,1
rising,71646,71583,71646,63
walking,71679,71646,71679,33
sniffing,71680,71679,71680,1
walking,71707,71680,71707,27
sniffing,71721,71707,71721,14
left_turning,71748,71721,71748,27
sniffing,71749,71748,71749,1
grooming,71910,71749,71910,161
sniffing,71911,71910,71911,1
left_turning,71934,71911,71934,23
walking,71935,71934,71935,1
stepping,71944,71935,71944,9
rearing,72035,71944,72035,91
climbing,72066,72035,72066,31
sniffing,72087,72066,72087,21
left_turning,72133,72087,72133,46
sniffing,72134,72133,72134,1
left_turning,72135,72134,72135,1
sniffing,72214,72135,72214,79
left_turning,72270,72214,72270,56
sniffing,72446,72270,72446,176
rising,72469,72446,72469,23
sniffing,72551,72469,72551,82
rising,72563,72551,72563,12
climbing,72639,72563,72639,76
grooming,72659,72639,72659,20
trotting,72702,72659,72702,43
sniffing,72739,72702,72739,37
walking,72777,72739,72777,38
sniffing,72778,72777,72778,1
grooming,72811,72778,72811,33
rearing,72812,72811,72812,1
climbing,72841,72812,72841,29
sniffing,72880,72841,72880,39
walking,72891,72880,72891,11
right_turning,72909,72891,72909,18
walking,72991,72909,72991,82
trotting,73019,72991,73019,28
hunching,73020,73019,73020,1
rearing,73029,73020,73029,9
running,73056,73029,73056,27
sniffing,73095,73056,73095,39
walking,73117,73095,73117,22
stepping,73159,73117,73159,42
sniffing,73320,73159,73320,161
hunching,73437,73320,73437,117
sniffing,73438,73437,73438,1
rising,73485,73438,73485,47
sniffing,73595,73485,73595,110
trotting,73646,73595,73646,51
walking,73725,73646,73725,79
left_turning,73743,73725,73743,18
running,73787,73743,73787,44
sniffing,73920,73787,73920,133
rising,73933,73920,73933,13
sniffing,73934,73933,73934,1
rearing,73988,73934,73988,54
climbing,73989,73988,73989,1
walking,74041,73989,74041,52
climbing,74091,74041,74091,50
rising,74127,74091,74127,36
sniffing,74159,74127,74159,32
trotting,74192,74159,74192,33
rising,74264,74192,74264,72
climbing,74354,74264,74354,90
rising,74392,74354,74392,38
climbing,74433,74392,74433,41
walking,74434,74433,74434,1
rising,74471,74434,74471,37
climbing,74501,74471,74501,30
hunching,74502,74501,74502,1
climbing,74559,74502,74559,57
rearing,74560,74559,74560,1
left_turning,74594,74560,74594,34
sniffing,74595,74594,74595,1
rising,74605,74595,74605,10
climbing,74645,74605,74645,40
left_turning,74675,74645,74675,30
sniffing,74721,74675,74721,46
grooming,74722,74721,74722,1
pausing,74871,74722,74871,149
sniffing,74961,74871,74961,90
rising,74970,74961,74970,9
rearing,74971,74970,74971,1
rising,75029,74971,75029,58
right_turning,75040,75029,75040,11
walking,75050,75040,75050,10
sniffing,75051,75050,75051,1
rising,75085,75051,75085,34
climbing,75122,75085,75122,37
sniffing,75198,75122,75198,76
right_turning,75215,75198,75215,17
trotting,75244,75215,75244,29
sniffing,75279,75244,75279,35
left_turning,75280,75279,75280,1
rising,75281,75280,75281,1
sniffing,75433,75281,75433,152
rising,75484,75433,75484,51
rearing,75652,75484,75652,168
climbing,75681,75652,75681,29
rising,75770,75681,75770,89
climbing,75810,75770,75810,40
walking,75843,75810,75843,33
rising,75869,75843,75869,26
climbing,75886,75869,75886,17
rising,75914,75886,75914,28
sniffing,75959,75914,75959,45
left_turning,75987,75959,75987,28
stepping,75989,75987,75989,2
walking,76003,75989,76003,14
trotting,76036,76003,76036,33
rising,76076,76036,76076,40
sniffing,76183,76076,76183,107
rising,76184,76183,76184,1
sniffing,76243,76184,76243,59
right_turning,76276,76243,76276,33
sniffing,76338,76276,76338,62
stepping,76359,76338,76359,21
sniffing,76433,76359,76433,74
walking,76471,76433,76471,38
sniffing,76549,76471,76549,78
climbing,76614,76549,76614,65
sniffing,76739,76614,76739,125
grooming,77044,76739,77044,305
sniffing,77061,77044,77061,17
walking,77070,77061,77070,9
climbing,77167,77070,77167,97
grooming,77207,77167,77207,40
sniffing,77235,77207,77235,28
right_turning,77273,77235,77273,38
rising,77341,77273,77341,68
sniffing,77368,77341,77368,27
climbing,77443,77368,77443,75
rearing,77592,77443,77592,149
climbing,77666,77592,77666,74
trotting,77674,77666,77674,8
sniffing,77682,77674,77682,8
walking,77694,77682,77694,12
trotting,77720,77694,77720,26
sniffing,77721,77720,77721,1
walking,77751,77721,77751,30
left_turning,77809,77751,77809,58
walking,77845,77809,77845,36
rising,77883,77845,77883,38
hunching,77884,77883,77884,1
climbing,77989,77884,77989,105
grooming,77990,77989,77990,1
running,78027,77990,78027,37
sniffing,78085,78027,78085,58
climbing,78112,78085,78112,27
running,78134,78112,78134,22
stepping,78161,78134,78161,27
climbing,78222,78161,78222,61
hunching,78354,78222,78354,132
grooming,78490,78354,78490,136
rearing,78509,78490,78509,19
grooming,78711,78509,78711,202
trotting,78715,78711,78715,4
sniffing,78716,78715,78716,1
climbing,78739,78716,78739,23
sniffing,78810,78739,78810,71
left_turning,78834,78810,78834,24
trotting,78845,78834,78845,11
walking,78880,78845,78880,35
rearing,78940,78880,78940,60
climbing,78941,78940,78941,1
walking,78961,78941,78961,20
sniffing,78993,78961,78993,32
left_turning,78994,78993,78994,1
sniffing,79048,78994,79048,54
stepping,79069,79048,79069,21
right_turning,79078,79069,79078,9
stepping,79079,79078,79079,1
walking,79107,79079,79107,28
climbing,79154,79107,79154,47
hunching,79284,79154,79284,130
walking,79291,79284,79291,7
trotting,79322,79291,79322,31
sniffing,79332,79322,79332,10
right_turning,79360,79332,79360,28
walking,79370,79360,79370,10
sniffing,79432,79370,79432,62
rising,79459,79432,79459,27
climbing,79481,79459,79481,22
rising,79484,79481,79484,3
sniffing,79537,79484,79537,53
rising,79548,79537,79548,11
climbing,79570,79548,79570,22
walking,79588,79570,79588,18
trotting,79616,79588,79616,28
sniffing,79647,79616,79647,31
walking,79648,79647,79648,1
sniffing,79649,79648,79649,1
walking,79650,79649,79650,1
stepping,79673,79650,79673,23
walking,79717,79673,79717,44
right_turning,79718,79717,79718,1
walking,79740,79718,79740,22
left_turning,79761,79740,79761,21
rising,79762,79761,79762,1
rearing,79899,79762,79899,137
rising,79922,79899,79922,23
climbing,79947,79922,79947,25
rearing,80047,79947,80047,100
sniffing,80061,80047,80061,14
rearing,80062,80061,80062,1
climbing,80124,80062,80124,62
right_turning,80141,80124,80141,17
walking,80169,80141,80169,28
right_turning,80192,80169,80192,23
walking,80213,80192,80213,21
rising,80226,80213,80226,13
right_turning,80230,80226,80230,4
rising,80231,80230,80231,1
sniffing,80350,80231,80350,119
walking,80355,80350,80355,5
rearing,80488,80355,80488,133
grooming,80585,80488,80585,97
rearing,80619,80585,80619,34
grooming,80773,80619,80773,154
sniffing,80792,80773,80792,19
walking,80822,80792,80822,30
trotting,80855,80822,80855,33
walking,80871,80855,80871,16
left_turning,80910,80871,80910,39
rising,80951,80910,80951,41
sniffing,81092,80951,81092,141
pausing,81539,81092,81539,447
sniffing,81592,81539,81592,53
rising,81593,81592,81593,1
sniffing,81722,81593,81722,129
grooming,81795,81722,81795,73
sniffing,81863,81795,81863,68
rising,81870,81863,81870,7
climbing,81883,81870,81883,13
rising,81884,81883,81884,1
walking,81885,81884,81885,1
rising,81943,81885,81943,58
climbing,81977,81943,81977,34
hunching,82019,81977,82019,42
rising,82020,82019,82020,1
right_turning,82044,82020,82044,24
walking,82123,82044,82123,79
trotting,82136,82123,82136,13
sniffing,82173,82136,82173,37
walking,82201,82173,82201,28
trotting,82238,82201,82238,37
sniffing,82251,82238,82251,13
grooming,82252,82251,82252,1
climbing,82330,82252,82330,78
sniffing,82331,82330,82331,1
rising,82342,82331,82342,11
climbing,82377,82342,82377,35
rearing,82378,82377,82378,1
sniffing,82492,82378,82492,114
climbing,82534,82492,82534,42
left_turning,82627,82534,82627,93
running,82644,82627,82644,17
rising,82658,82644,82658,14
left_turning,82659,82658,82659,1
sniffing,82694,82659,82694,35
stepping,82732,82694,82732,38
rearing,82789,82732,82789,57
rising,82795,82789,82795,6
sniffing,82796,82795,82796,1
right_turning,82820,82796,82820,24
rising,82883,82820,82883,63
climbing,82967,82883,82967,84
left_turning,82968,82967,82968,1
right_turning,82976,82968,82976,8
running,82981,82976,82981,5
stepping,83019,82981,83019,38
running,83047,83019,83047,28
sniffing,83080,83047,83080,33
rising,83081,83080,83081,1
climbing,83093,83081,83093,12
walking,83143,83093,83143,50
rising,83189,83143,83189,46
climbing,83208,83189,83208,19
right_turning,83209,83208,83209,1
sniffing,83226,83209,83226,17
left_turning,83346,83226,83346,120
sniffing,83398,83346,83398,52
climbing,83399,83398,83399,1
left_turning,83400,83399,83400,1
sniffing,83449,83400,83449,49
rising,83488,83449,83488,39
climbing,83504,83488,83504,16
sniffing,83505,83504,83505,1
trotting,83531,83505,83531,26
rising,83627,83531,83627,96
rearing,83819,83627,83819,192
left_turning,83844,83819,83844,25
sniffing,83989,83844,83989,145
trotting,84012,83989,84012,23
left_turning,84035,84012,84035,23
walking,84055,84035,84055,20
climbing,84127,84055,84127,72
sniffing,84228,84127,84228,101
walking,84249,84228,84249,21
stepping,84253,84249,84253,4
sniffing,84301,84253,84301,48
walking,84305,84301,84305,4
rising,84307,84305,84307,2
left_turning,84323,84307,84323,16
right_turning,84358,84323,84358,35
sniffing,84359,84358,84359,1
trotting,84388,84359,84388,29
rearing,84426,84388,84426,38
rising,84461,84426,84461,35
climbing,84487,84461,84487,26
left_turning,84688,84487,84688,201
sniffing,84748,84688,84748,60
walking,84816,84748,84816,68
left_turning,84817,84816,84817,1
walking,84852,84817,84852,35
sniffing,84951,84852,84951,99
walking,84972,84951,84972,21
sniffing,85043,84972,85043,71
right_turning,85065,85043,85065,22
rising,85123,85065,85123,58
climbing,85168,85123,85168,45
walking,85169,85168,85169,1
stepping,85230,85169,85230,61
right_turning,85239,85230,85239,9
stepping,85280,85239,85280,41
rearing,85394,85280,85394,114
climbing,85546,85394,85546,152
sniffing,85547,85546,85547,1
rising,85548,85547,85548,1
sniffing,85634,85548,85634,86
climbing,85646,85634,85646,12
rising,85705,85646,85705,59
left_turning,85791,85705,85791,86
sniffing,85802,85791,85802,11
walking,85862,85802,85862,60
sniffing,85935,85862,85935,73
walking,85978,85935,85978,43
stepping,86002,85978,86002,24
trotting,86004,86002,86004,2
sniffing,86086,86004,86086,82
hunching,86137,86086,86137,51
sniffing,86213,86137,86213,76
walking,86232,86213,86232,19
climbing,86277,86232,86277,45
rising,86302,86277,86302,25
sniffing,86379,86302,86379,77
rising,86381,86379,86381,2
sniffing,86382,86381,86382,1
left_turning,86445,86382,86445,63
rearing,86520,86445,86520,75
left_turning,86609,86520,86609,89
walking,86618,86609,86618,9
climbing,86619,86618,86619,1
sniffing,86620,86619,86620,1
right_turning,86627,86620,86627,7
trotting,86681,86627,86681,54
walking,86703,86681,86703,22
left_turning,86740,86703,86740,37
sniffing,86850,86740,86850,110
rising,86869,86850,86869,19
climbing,86889,86869,86889,20
right_turning,86901,86889,86901,12
trotting,86923,86901,86923,22
sniffing,86940,86923,86940,17
rising,86950,86940,86950,10
rearing,87084,86950,87084,134
grooming,87291,87084,87291,207
hunching,87453,87291,87453,162
grooming,87595,87453,87595,142
climbing,87602,87595,87602,7
rearing,87616,87602,87616,14
rising,87674,87616,87674,58
climbing,87684,87674,87684,10
hunching,87730,87684,87730,46
grooming,87833,87730,87833,103
rearing,87881,87833,87881,48
rising,87882,87881,87882,1
climbing,87957,87882,87957,75
rising,87958,87957,87958,1
grooming,87963,87958,87963,5
sniffing,88106,87963,88106,143
right_turning,88150,88106,88150,44
walking,88227,88150,88227,77
left_turning,88319,88227,88319,92
running,88354,88319,88354,35
sniffing,88383,88354,88383,29
left_turning,88384,88383,88384,1
sniffing,88496,88384,88496,112
trotting,88554,88496,88554,58
rising,88645,88554,88645,91
right_turning,88665,88645,88665,20
sniffing,88671,88665,88671,6
climbing,88722,88671,88722,51
sniffing,88751,88722,88751,29
stepping,88797,88751,88797,46
walking,88850,88797,88850,53
sniffing,88973,88850,88973,123
rising,89028,88973,89028,55
right_turning,89048,89028,89048,20
walking,89049,89048,89049,1
stepping,89069,89049,89069,20
climbing,89138,89069,89138,69
hunching,89311,89138,89311,173
sniffing,89312,89311,89312,1
rising,89313,89312,89313,1
sniffing,89401,89313,89401,88
rising,89427,89401,89427,26
sniffing,89452,89427,89452,25
left_turning,89553,89452,89553,101
sniffing,89573,89553,89573,20
stepping,89611,89573,89611,38
walking,89641,89611,89641,30
sniffing,89642,89641,89642,1
left_turning,89674,89642,89674,32
walking,89754,89674,89754,80
sniffing,89801,89754,89801,47
climbing,89857,89801,89857,56
right_turning,89870,89857,89870,13
walking,89916,89870,89916,46
left_turning,89931,89916,89931,15
trotting,89933,89931,89933,2
hunching,89970,89933,89970,37
rearing,90136,89970,90136,166
climbing,90174,90136,90174,38
rearing,90365,90174,90365,191
sniffing,90446,90365,90446,81
climbing,90490,90446,90490,44
right_turning,90515,90490,90515,25
rising,90540,90515,90540,25
climbing,90590,90540,90590,50
rising,90649,90590,90649,59
climbing,90693,90649,90693,44
sniffing,90694,90693,90694,1
rising,90699,90694,90699,5
sniffing,90783,90699,90783,84
stepping,90817,90783,90817,34
walking,90856,90817,90856,39
left_turning,90977,90856,90977,121
sniffing,91006,90977,91006,29
walking,91048,91006,91048,42
rearing,91136,91048,91136,88
rising,91181,91136,91181,45
climbing,91203,91181,91203,22
grooming,91244,91203,91244,41
hunching,91245,91244,91245,1
sniffing,91266,91245,91266,21
walking,91303,91266,91303,37
sniffing,91362,91303,91362,59
stepping,91403,91362,91403,41
trotting,91404,91403,91404,1
rising,91450,91404,91450,46
climbing,91488,91450,91488,38
trotting,91523,91488,91523,35
walking,91563,91523,91563,40
sniffing,91564,91563,91564,1
walking,91609,91564,91609,45
sniffing,91626,91609,91626,17
stepping,91648,91626,91648,22
rising,91661,91648,91661,13
sniffing,91666,91661,91666,5
left_turning,91708,91666,91708,42
rising,91722,91708,91722,14
climbing,91741,91722,91741,19
sniffing,91888,91741,91888,147
left_turning,91930,91888,91930,42
walking,91962,91930,91962,32
left_turning,92034,91962,92034,72
sniffing,92060,92034,92060,26
climbing,92108,92060,92108,48
walking,92125,92108,92125,17
rearing,92145,92125,92145,20
grooming,92249,92145,92249,104
sniffing,92306,92249,92306,57
climbing,92318,92306,92318,12
rising,92338,92318,92338,20
rearing,92372,92338,92372,34
grooming,92396,92372,92396,24
climbing,92462,92396,92462,66
trotting,92518,92462,92518,56
walking,92558,92518,92558,40
left_turning,92582,92558,92582,24
sniffing,92667,92582,92667,85
grooming,92854,92667,92854,187
walking,92910,92854,92910,56
left_turning,92914,92910,92914,4
walking,92915,92914,92915,1
right_turning,92919,92915,92919,4
trotting,92963,92919,92963,44
walking,92964,92963,92964,1
stepping,92984,92964,92984,20
rising,93034,92984,93034,50
walking,93035,93034,93035,1
left_turning,93068,93035,93068,33
walking,93102,93068,93102,34
sniffing,93185,93102,93185,83
right_turning,93193,93185,93193,8
left_turning,93194,93193,93194,1
walking,93234,93194,93234,40
sniffing,93239,93234,93239,5
left_turning,93258,93239,93258,19
walking,93294,93258,93294,36
stepping,93357,93294,93357,63
left_turning,93386,93357,93386,29
running,93444,93386,93444,58
stepping,93445,93444,93445,1
walking,93484,93445,93484,39
rising,93553,93484,93553,69
rearing,93554,93553,93554,1
sniffing,93626,93554,93626,72
climbing,93683,93626,93683,57
walking,93740,93683,93740,57
sniffing,93745,93740,93745,5
rising,93793,93745,93793,48
jumping,93820,93793,93820,27
rearing,93925,93820,93925,105
walking,93944,93925,93944,19
right_turning,93951,93944,93951,7
stepping,93969,93951,93969,18
sniffing,93972,93969,93972,3
stepping,93973,93972,93973,1
rising,94037,93973,94037,64
sniffing,94060,94037,94060,23
right_turning,94074,94060,94074,14
running,94111,94074,94111,37
sniffing,94143,94111,94143,32
pausing,94358,94143,94358,215
sniffing,94407,94358,94407,49
left_turning,94426,94407,94426,19
climbing,94427,94426,94427,1
sniffing,94431,94427,94431,4
rising,94440,94431,94440,9
sniffing,94535,94440,94535,95
trotting,94603,94535,94603,68
rising,94676,94603,94676,73
trotting,94734,94676,94734,58
walking,94775,94734,94775,41
left_turning,94793,94775,94793,18
sniffing,94946,94793,94946,153
left_turning,94998,94946,94998,52
sniffing,95081,94998,95081,83
rising,95090,95081,95090,9
climbing,95142,95090,95142,52
rearing,95233,95142,95233,91
climbing,95243,95233,95243,10
hunching,95349,95243,95349,106
grooming,95369,95349,95369,20
rearing,95370,95369,95370,1
hunching,95440,95370,95440,70
sniffing,95461,95440,95461,21
walking,95504,95461,95504,43
sniffing,95571,95504,95571,67
rising,95573,95571,95573,2
sniffing,95592,95573,95592,19
rising,95593,95592,95593,1
sniffing,95630,95593,95630,37
rising,95631,95630,95631,1
climbing,95717,95631,95717,86
right_turning,95737,95717,95737,20
sniffing,95836,95737,95836,99
left_turning,95895,95836,95895,59
walking,95950,95895,95950,55
rising,95985,95950,95985,35
walking,96000,95985,96000,15
rising,96018,96000,96018,18
climbing,96076,96018,96076,58
rising,96140,96076,96140,64
rearing,96150,96140,96150,10
climbing,96192,96150,96192,42
grooming,96364,96192,96364,172
left_turning,96365,96364,96365,1
trotting,96387,96365,96387,22
walking,96405,96387,96405,18
sniffing,96492,96405,96492,87
left_turning,96543,96492,96543,51
walking,96577,96543,96577,34
stepping,96599,96577,96599,22
walking,96632,96599,96632,33
right_turning,96674,96632,96674,42
sniffing,96675,96674,96675,1
hunching,96836,96675,96836,161
climbing,96872,96836,96872,36
rising,96873,96872,96873,1
sniffing,96931,96873,96931,58
trotting,97012,96931,97012,81
stepping,97067,97012,97067,55
sniffing,97157,97067,97157,90
walking,97226,97157,97226,69
sniffing,97236,97226,97236,10
rising,97237,97236,97237,1
rearing,97321,97237,97321,84
walking,97322,97321,97322,1
sniffing,97352,97322,97352,30
rising,97353,97352,97353,1
walking,97382,97353,97382,29
sniffing,97453,97382,97453,71
rearing,97480,97453,97480,27
rising,97530,97480,97530,50
climbing,97549,97530,97549,19
trotting,97560,97549,97560,11
running,97578,97560,97578,18
trotting,97604,97578,97604,26
walking,97615,97604,97615,11
sniffing,97623,97615,97623,8
walking,97667,97623,97667,44
left_turning,97708,97667,97708,41
climbing,97730,97708,97730,22
grooming,97884,97730,97884,154
climbing,97887,97884,97887,3
trotting,97936,97887,97936,49
sniffing,97993,97936,97993,57
rising,98002,97993,98002,9
climbing,98052,98002,98052,50
rearing,98076,98052,98076,24
rising,98080,98076,98080,4
stepping,98091,98080,98091,11
rising,98112,98091,98112,21
stepping,98155,98112,98155,43
right_turning,98184,98155,98184,29
stepping,98201,98184,98201,17
walking,98241,98201,98241,40
left_turning,98242,98241,98242,1
walking,98308,98242,98308,66
rising,98314,98308,98314,6
climbing,98393,98314,98393,79
left_turning,98448,98393,98448,55
trotting,98461,98448,98461,13
walking,98476,98461,98476,15
grooming,98605,98476,98605,129
rising,98606,98605,98606,1
rearing,98676,98606,98676,70
rising,98677,98676,98677,1
sniffing,98726,98677,98726,49
climbing,98728,98726,98728,2
walking,98773,98728,98773,45
left_turning,98814,98773,98814,41
trotting,98837,98814,98837,23
rising,98859,98837,98859,22
climbing,98894,98859,98894,35
rising,98909,98894,98909,15
climbing,98969,98909,98969,60
rearing,98997,98969,98997,28
rising,99029,98997,99029,32
sniffing,99034,99029,99034,5
left_turning,99041,99034,99041,7
rising,99186,99041,99186,145
sniffing,99187,99186,99187,1
rising,99210,99187,99210,23
sniffing,99211,99210,99211,1
rising,99212,99211,99212,1
sniffing,99213,99212,99213,1
left_turning,99214,99213,99214,1
walking,99266,99214,99266,52
sniffing,99337,99266,99337,71
hunching,99392,99337,99392,55
climbing,99407,99392,99407,15
grooming,99408,99407,99408,1
walking,99444,99408,99444,36
right_turning,99494,99444,99494,50
rising,99495,99494,99495,1
rearing,99529,99495,99529,34
sniffing,99742,99529,99742,213
rising,99773,99742,99773,31
left_turning,99843,99773,99843,70
sniffing,99896,99843,99896,53
left_turning,99897,99896,99897,1
walking,99920,99897,99920,23
rearing,100033,99920,100033,113
sniffing,100142,100033,100142,109
rising,100155,100142,100155,13
trotting,100179,100155,100179,24
sniffing,100229,100179,100229,50
rearing,100256,100229,100256,27
left_turning,100279,100256,100279,23
climbing,100375,100279,100375,96
hunching,100443,100375,100443,68
rearing,100444,100443,100444,1
climbing,100454,100444,100454,10
rising,100503,100454,100503,49
grooming,100661,100503,100661,158
sniffing,100771,100661,100771,110
left_turning,100802,100771,100802,31
running,100803,100802,100803,1
sniffing,100805,100803,100805,2
walking,100816,100805,100816,11
rising,100934,100816,100934,118
climbing,100991,100934,100991,57
walking,101029,100991,101029,38
stepping,101108,101029,101108,79
sniffing,101162,101108,101162,54
left_turning,101171,101162,101171,9
running,101184,101171,101184,13
sniffing,101187,101184,101187,3
right_turning,101221,101187,101221,34
sniffing,101236,101221,101236,15
walking,101291,101236,101291,55
climbing,101308,101291,101308,17
left_turning,101370,101308,101370,62
trotting,101386,101370,101386,16
sniffing,101387,101386,101387,1
rising,101466,101387,101466,79
sniffing,101467,101466,101467,1
walking,101468,101467,101468,1
sniffing,101598,101468,101598,130
pausing,101599,101598,101599,1
sniffing,101739,101599,101739,140
walking,101771,101739,101771,32
trotting,101803,101771,101803,32
stepping,101841,101803,101841,38
climbing,101928,101841,101928,87
rearing,102033,101928,102033,105
grooming,102115,102033,102115,82
climbing,102180,102115,102180,65
rising,102187,102180,102187,7
climbing,102245,102187,102245,58
hunching,102288,102245,102288,43
sniffing,102299,102288,102299,11
rising,102300,102299,102300,1
sniffing,102387,102300,102387,87
right_turning,102447,102387,102447,60
sniffing,102506,102447,102506,59
hunching,102529,102506,102529,23
sniffing,102581,102529,102581,52
rising,102719,102581,102719,138
climbing,102821,102719,102821,102
walking,102876,102821,102876,55
left_turning,102881,102876,102881,5
sniffing,102882,102881,102882,1
rising,103033,102882,103033,151
climbing,103064,103033,103064,31
grooming,103065,103064,103065,1
sniffing,103087,103065,103087,22
trotting,103116,103087,103116,29
stepping,103164,103116,103164,48
climbing,103171,103164,103171,7
grooming,103172,103171,103172,1
rearing,103173,103172,103173,1
climbing,103174,103173,103174,1
right_turning,103182,103174,103182,8
walking,103201,103182,103201,19
rising,103241,103201,103241,40
sniffing,103242,103241,103242,1
walking,103254,103242,103254,12
left_turning,103266,103254,103266,12
sniffing,103337,103266,103337,71
rising,103388,103337,103388,51
hunching,103393,103388,103393,5
grooming,103394,103393,103394,1
rearing,103395,103394,103395,1
climbing,103406,103395,103406,11
rising,103426,103406,103426,20
climbing,103472,103426,103472,46
rearing,103583,103472,103583,111
sniffing,103664,103583,103664,81
rearing,103665,103664,103665,1
rising,103666,103665,103666,1
sniffing,103748,103666,103748,82
running,103785,103748,103785,37
rising,103876,103785,103876,91
rearing,103935,103876,103935,59
sniffing,103983,103935,103983,48
walking,104023,103983,104023,40
sniffing,104024,104023,104024,1
running,104041,104024,104041,17
sniffing,104070,104041,104070,29
rising,104150,104070,104150,80
climbing,104202,104150,104202,52
rearing,104276,104202,104276,74
rising,104346,104276,104346,70
climbing,104515,104346,104515,169
rising,104573,104515,104573,58
pausing,104574,104573,104574,1
sniffing,104617,104574,104617,43
right_turning,104635,104617,104635,18
walking,104647,104635,104647,12
sniffing,104721,104647,104721,74
left_turning,104722,104721,104722,1
sniffing,104755,104722,104755,33
stepping,104786,104755,104786,31
hunching,104787,104786,104787,1
grooming,105392,104787,105392,605
climbing,105449,105392,105449,57
sniffing,105482,105449,105482,33
running,105484,105482,105484,2
rising,105485,105484,105485,1
sniffing,105486,105485,105486,1
rising,105487,105486,105487,1
rearing,105852,105487,105852,365
grooming,106040,105852,106040,188
hunching,106150,106040,106150,110
sniffing,106151,106150,106151,1
walking,106212,106151,106212,61
climbing,106213,106212,106213,1
sniffing,106246,106213,106246,33
left_turning,106247,106246,106247,1
sniffing,106276,106247,106276,29
walking,106319,106276,106319,43
sniffing,106458,106319,106458,139
walking,106471,106458,106471,13
sniffing,106559,106471,106559,88
grooming,106590,106559,106590,31
rising,106634,106590,106634,44
sniffing,106635,106634,106635,1
right_turning,106641,106635,106641,6
sniffing,106761,106641,106761,120
rising,106762,106761,106762,1
sniffing,106805,106762,106805,43
walking,106854,106805,106854,49
rising,106900,106854,106900,46
climbing,106979,106900,106979,79
rearing,107068,106979,107068,89
climbing,107108,107068,107108,40
rearing,107283,107108,107283,175
rising,107284,107283,107284,1
sniffing,107326,107284,107326,42
grooming,107763,107326,107763,437
left_turning,107815,107763,107815,52
sniffing,107816,107815,107816,1
walking,107845,107816,107845,29
sniffing,107885,107845,107885,40
trotting,107886,107885,107886,1
rearing,107960,107886,107960,74
sniffing,108000,107960,108000,40
