revised_movement_label,segBoundary,segBoundary_start,segBoundary_end,length
sniffing,257,0,257,257
walking,258,257,258,1
climbing,332,258,332,74
rising,389,332,389,57
right_turning,410,389,410,21
left_turning,437,410,437,27
sniffing,497,437,497,60
walking,511,497,511,14
sniffing,512,511,512,1
rising,518,512,518,6
right_turning,545,518,545,27
walking,593,545,593,48
sniffing,623,593,623,30
grooming,624,623,624,1
rearing,625,624,625,1
climbing,683,625,683,58
sniffing,684,683,684,1
running,712,684,712,28
right_turning,736,712,736,24
rising,783,736,783,47
trotting,811,783,811,28
sniffing,826,811,826,15
walking,845,826,845,19
climbing,878,845,878,33
sniffing,885,878,885,7
right_turning,887,885,887,2
sniffing,951,887,951,64
stepping,974,951,974,23
walking,975,974,975,1
sniffing,976,975,976,1
grooming,1071,976,1071,95
sniffing,1164,1071,1164,93
climbing,1188,1164,1188,24
right_turning,1194,1188,1194,6
walking,1287,1194,1287,93
climbing,1289,1287,1289,2
sniffing,1378,1289,1378,89
walking,1379,1378,1379,1
sniffing,1398,1379,1398,19
left_turning,1401,1398,1401,3
trotting,1449,1401,1449,48
sniffing,1478,1449,1478,29
walking,1512,1478,1512,34
sniffing,1599,1512,1599,87
right_turning,1645,1599,1645,46
walking,1666,1645,1666,21
climbing,1725,1666,1725,59
walking,1739,1725,1739,14
rising,1759,1739,1759,20
climbing,1811,1759,1811,52
sniffing,1812,1811,1812,1
rising,1813,1812,1813,1
climbing,1860,1813,1860,47
sniffing,1861,1860,1861,1
climbing,1920,1861,1920,59
right_turning,1950,1920,1950,30
walking,2049,1950,2049,99
running,2073,2049,2073,24
sniffing,2083,2073,2083,10
walking,2115,2083,2115,32
sniffing,2127,2115,2127,12
rearing,2191,2127,2191,64
grooming,2192,2191,2192,1
rearing,2255,2192,2255,63
climbing,2289,2255,2289,34
sniffing,2351,2289,2351,62
stepping,2364,2351,2364,13
walking,2441,2364,2441,77
sniffing,2459,2441,2459,18
right_turning,2460,2459,2460,1
trotting,2461,2460,2461,1
sniffing,2462,2461,2462,1
rearing,2463,2462,2463,1
rising,2502,2463,2502,39
left_turning,2564,2502,2564,62
walking,2575,2564,2575,11
rising,2605,2575,2605,30
sniffing,2652,2605,2652,47
walking,2704,2652,2704,52
running,2729,2704,2729,25
walking,2810,2729,2810,81
stepping,2862,2810,2862,52
climbing,2904,2862,2904,42
sniffing,2905,2904,2905,1
climbing,2942,2905,2942,37
walking,2954,2942,2954,12
trotting,2970,2954,2970,16
sniffing,2971,2970,2971,1
walking,2993,2971,2993,22
rearing,3115,2993,3115,122
climbing,3198,3115,3198,83
rising,3201,3198,3201,3
climbing,3229,3201,3229,28
walking,3257,3229,3257,28
running,3275,3257,3275,18
rising,3344,3275,3344,69
climbing,3398,3344,3398,54
trotting,3410,3398,3410,12
walking,3456,3410,3456,46
climbing,3494,3456,3494,38
right_turning,3528,3494,3528,34
sniffing,3642,3528,3642,114
climbing,3698,3642,3698,56
sniffing,3748,3698,3748,50
walking,3811,3748,3811,63
climbing,3831,3811,3831,20
trotting,3847,3831,3847,16
sniffing,3882,3847,3882,35
rising,3928,3882,3928,46
climbing,3957,3928,3957,29
walking,3975,3957,3975,18
climbing,4031,3975,4031,56
sniffing,4158,4031,4158,127
climbing,4201,4158,4201,43
walking,4234,4201,4234,33
rising,4292,4234,4292,58
right_turning,4293,4292,4293,1
walking,4295,4293,4295,2
running,4344,4295,4344,49
walking,4405,4344,4405,61
stepping,4450,4405,4450,45
climbing,4506,4450,4506,56
rising,4576,4506,4576,70
walking,4619,4576,4619,43
rising,4620,4619,4620,1
sniffing,4734,4620,4734,114
trotting,4756,4734,4756,22
sniffing,4762,4756,4762,6
stepping,4763,4762,4763,1
climbing,4786,4763,4786,23
right_turning,4822,4786,4822,36
climbing,4879,4822,4879,57
trotting,4890,4879,4890,11
sniffing,4931,4890,4931,41
climbing,4965,4931,4965,34
rearing,4966,4965,4966,1
sniffing,5021,4966,5021,55
rising,5095,5021,5095,74
trotting,5142,5095,5142,47
sniffing,5174,5142,5174,32
rising,5253,5174,5253,79
left_turning,5278,5253,5278,25
sniffing,5318,5278,5318,40
climbing,5345,5318,5345,27
trotting,5356,5345,5356,11
walking,5389,5356,5389,33
sniffing,5444,5389,5444,55
left_turning,5487,5444,5487,43
running,5524,5487,5524,37
walking,5568,5524,5568,44
rising,5569,5568,5569,1
rearing,5606,5569,5606,37
walking,5662,5606,5662,56
stepping,5690,5662,5690,28
walking,5703,5690,5703,13
running,5731,5703,5731,28
walking,5767,5731,5767,36
sniffing,5931,5767,5931,164
rising,5932,5931,5932,1
left_turning,5939,5932,5939,7
trotting,5940,5939,5940,1
rising,5970,5940,5970,30
walking,6055,5970,6055,85
running,6092,6055,6092,37
walking,6143,6092,6143,51
sniffing,6144,6143,6144,1
right_turning,6171,6144,6171,27
walking,6192,6171,6192,21
climbing,6226,6192,6226,34
right_turning,6256,6226,6256,30
hunching,6312,6256,6312,56
sniffing,6313,6312,6313,1
stepping,6354,6313,6354,41
climbing,6359,6354,6359,5
sniffing,6361,6359,6361,2
walking,6416,6361,6416,55
sniffing,6446,6416,6446,30
rising,6507,6446,6507,61
right_turning,6514,6507,6514,7
running,6541,6514,6541,27
trotting,6549,6541,6549,8
rearing,6734,6549,6734,185
climbing,6755,6734,6755,21
walking,6837,6755,6837,82
climbing,6910,6837,6910,73
rising,6957,6910,6957,47
right_turning,6961,6957,6961,4
rising,7024,6961,7024,63
climbing,7065,7024,7065,41
left_turning,7090,7065,7090,25
trotting,7095,7090,7095,5
sniffing,7142,7095,7142,47
walking,7222,7142,7222,80
running,7238,7222,7238,16
rising,7295,7238,7295,57
sniffing,7361,7295,7361,66
climbing,7422,7361,7422,61
right_turning,7432,7422,7432,10
walking,7443,7432,7443,11
rising,7516,7443,7516,73
sniffing,7533,7516,7533,17
stepping,7587,7533,7587,54
sniffing,7588,7587,7588,1
right_turning,7596,7588,7596,8
sniffing,7623,7596,7623,27
walking,7673,7623,7673,50
sniffing,7679,7673,7679,6
trotting,7693,7679,7693,14
left_turning,7702,7693,7702,9
walking,7703,7702,7703,1
sniffing,7734,7703,7734,31
trotting,7757,7734,7757,23
walking,7811,7757,7811,54
climbing,7845,7811,7845,34
right_turning,7861,7845,7861,16
walking,7876,7861,7876,15
climbing,7905,7876,7905,29
rising,7996,7905,7996,91
climbing,8041,7996,8041,45
sniffing,8084,8041,8084,43
walking,8091,8084,8091,7
sniffing,8165,8091,8165,74
left_turning,8194,8165,8194,29
walking,8262,8194,8262,68
sniffing,8288,8262,8288,26
walking,8296,8288,8296,8
climbing,8326,8296,8326,30
sniffing,8327,8326,8327,1
trotting,8379,8327,8379,52
walking,8380,8379,8380,1
sniffing,8381,8380,8381,1
rising,8382,8381,8382,1
climbing,8419,8382,8419,37
sniffing,8499,8419,8499,80
right_turning,8599,8499,8599,100
left_turning,8600,8599,8600,1
sniffing,8682,8600,8682,82
climbing,8762,8682,8762,80
rising,8766,8762,8766,4
sniffing,8809,8766,8809,43
walking,8830,8809,8830,21
trotting,8869,8830,8869,39
rising,8943,8869,8943,74
sniffing,8957,8943,8957,14
left_turning,8958,8957,8958,1
trotting,8979,8958,8979,21
stepping,8987,8979,8987,8
sniffing,9048,8987,9048,61
climbing,9049,9048,9049,1
left_turning,9074,9049,9074,25
walking,9095,9074,9095,21
trotting,9105,9095,9105,10
climbing,9127,9105,9127,22
rising,9199,9127,9199,72
rearing,9200,9199,9200,1
walking,9255,9200,9255,55
sniffing,9288,9255,9288,33
walking,9315,9288,9315,27
rising,9390,9315,9390,75
trotting,9431,9390,9431,41
sniffing,9467,9431,9467,36
right_turning,9490,9467,9490,23
trotting,9508,9490,9508,18
stepping,9604,9508,9604,96
right_turning,9655,9604,9655,51
sniffing,9736,9655,9736,81
rising,9881,9736,9881,145
left_turning,9887,9881,9887,6
sniffing,9968,9887,9968,81
rising,9973,9968,9973,5
sniffing,10032,9973,10032,59
walking,10067,10032,10067,35
climbing,10083,10067,10083,16
sniffing,10143,10083,10143,60
climbing,10163,10143,10163,20
hunching,10190,10163,10190,27
rising,10205,10190,10205,15
rearing,10270,10205,10270,65
sniffing,10324,10270,10324,54
walking,10346,10324,10346,22
right_turning,10347,10346,10347,1
walking,10348,10347,10348,1
sniffing,10400,10348,10400,52
grooming,10491,10400,10491,91
right_turning,10537,10491,10537,46
climbing,10545,10537,10545,8
sniffing,10552,10545,10552,7
left_turning,10607,10552,10607,55
walking,10646,10607,10646,39
sniffing,10651,10646,10651,5
rising,10689,10651,10689,38
sniffing,10690,10689,10690,1
rearing,11052,10690,11052,362
walking,11053,11052,11053,1
left_turning,11106,11053,11106,53
climbing,11125,11106,11125,19
running,11136,11125,11136,11
stepping,11166,11136,11166,30
sniffing,11178,11166,11178,12
rising,11191,11178,11191,13
walking,11242,11191,11242,51
sniffing,11282,11242,11282,40
climbing,11324,11282,11324,42
sniffing,11426,11324,11426,102
rising,11515,11426,11515,89
rearing,11518,11515,11518,3
climbing,11519,11518,11519,1
stepping,11598,11519,11598,79
sniffing,11599,11598,11599,1
walking,11659,11599,11659,60
right_turning,11688,11659,11688,29
running,11697,11688,11697,9
stepping,11698,11697,11698,1
left_turning,11714,11698,11714,16
sniffing,11754,11714,11754,40
climbing,11806,11754,11806,52
sniffing,11819,11806,11819,13
stepping,11822,11819,11822,3
rising,11823,11822,11823,1
left_turning,11871,11823,11871,48
running,11950,11871,11950,79
trotting,11990,11950,11990,40
stepping,12002,11990,12002,12
sniffing,12019,12002,12019,17
trotting,12042,12019,12042,23
walking,12043,12042,12043,1
sniffing,12073,12043,12073,30
running,12085,12073,12085,12
walking,12093,12085,12093,8
climbing,12171,12093,12171,78
grooming,12172,12171,12172,1
rearing,12265,12172,12265,93
left_turning,12295,12265,12295,30
sniffing,12326,12295,12326,31
left_turning,12337,12326,12337,11
rising,12365,12337,12365,28
sniffing,12366,12365,12366,1
rising,12367,12366,12367,1
climbing,12468,12367,12468,101
sniffing,12477,12468,12477,9
stepping,12513,12477,12513,36
climbing,12579,12513,12579,66
sniffing,12588,12579,12588,9
rearing,12860,12588,12860,272
grooming,12861,12860,12861,1
left_turning,12886,12861,12886,25
running,12916,12886,12916,30
sniffing,12917,12916,12917,1
rising,12925,12917,12925,8
climbing,12940,12925,12940,15
rising,12941,12940,12941,1
climbing,12999,12941,12999,58
rising,13023,12999,13023,24
climbing,13049,13023,13049,26
trotting,13094,13049,13094,45
sniffing,13120,13094,13120,26
left_turning,13136,13120,13136,16
walking,13159,13136,13159,23
running,13185,13159,13185,26
trotting,13198,13185,13198,13
rising,13216,13198,13216,18
climbing,13299,13216,13299,83
rising,13396,13299,13396,97
climbing,13423,13396,13423,27
trotting,13447,13423,13447,24
climbing,13532,13447,13532,85
sniffing,13566,13532,13566,34
stepping,13608,13566,13608,42
walking,13702,13608,13702,94
sniffing,13706,13702,13706,4
climbing,13762,13706,13762,56
rising,13830,13762,13830,68
trotting,13867,13830,13867,37
walking,13942,13867,13942,75
sniffing,14009,13942,14009,67
left_turning,14061,14009,14061,52
trotting,14092,14061,14092,31
rising,14093,14092,14093,1
climbing,14174,14093,14174,81
rising,14289,14174,14289,115
climbing,14314,14289,14314,25
right_turning,14371,14314,14371,57
stepping,14431,14371,14431,60
sniffing,14452,14431,14452,21
rising,14453,14452,14453,1
sniffing,14477,14453,14477,24
rising,14512,14477,14512,35
walking,14520,14512,14520,8
sniffing,14562,14520,14562,42
climbing,14585,14562,14585,23
trotting,14630,14585,14630,45
walking,14672,14630,14672,42
climbing,14683,14672,14683,11
walking,14725,14683,14725,42
sniffing,14789,14725,14789,64
hunching,14847,14789,14847,58
grooming,14848,14847,14848,1
hunching,14849,14848,14849,1
right_turning,14873,14849,14873,24
sniffing,14904,14873,14904,31
rising,14937,14904,14937,33
climbing,14996,14937,14996,59
sniffing,14997,14996,14997,1
climbing,15057,14997,15057,60
walking,15105,15057,15105,48
sniffing,15128,15105,15128,23
rising,15131,15128,15131,3
sniffing,15187,15131,15187,56
climbing,15202,15187,15202,15
left_turning,15270,15202,15270,68
grooming,15376,15270,15376,106
hunching,15398,15376,15398,22
sniffing,15448,15398,15448,50
walking,15449,15448,15449,1
sniffing,15456,15449,15456,7
right_turning,15457,15456,15457,1
walking,15501,15457,15501,44
sniffing,15502,15501,15502,1
running,15539,15502,15539,37
walking,15540,15539,15540,1
sniffing,15541,15540,15541,1
trotting,15569,15541,15569,28
sniffing,15630,15569,15630,61
rearing,15631,15630,15631,1
climbing,15660,15631,15660,29
sniffing,15745,15660,15745,85
walking,15749,15745,15749,4
sniffing,15750,15749,15750,1
rising,15795,15750,15795,45
sniffing,15796,15795,15796,1
rising,15804,15796,15804,8
climbing,15847,15804,15847,43
sniffing,15848,15847,15848,1
left_turning,15880,15848,15880,32
trotting,15939,15880,15939,59
walking,15940,15939,15940,1
sniffing,15967,15940,15967,27
walking,16055,15967,16055,88
sniffing,16185,16055,16185,130
left_turning,16230,16185,16230,45
walking,16283,16230,16283,53
stepping,16339,16283,16339,56
walking,16386,16339,16386,47
sniffing,16483,16386,16483,97
rising,16484,16483,16484,1
left_turning,16510,16484,16510,26
walking,16563,16510,16563,53
climbing,16594,16563,16594,31
left_turning,16606,16594,16606,12
climbing,16607,16606,16607,1
sniffing,16643,16607,16643,36
walking,16683,16643,16683,40
sniffing,16734,16683,16734,51
rising,16789,16734,16789,55
sniffing,16875,16789,16875,86
rising,16914,16875,16914,39
climbing,16948,16914,16948,34
rising,17015,16948,17015,67
climbing,17054,17015,17054,39
rising,17055,17054,17055,1
walking,17087,17055,17087,32
climbing,17135,17087,17135,48
left_turning,17136,17135,17136,1
sniffing,17279,17136,17279,143
rising,17361,17279,17361,82
sniffing,17362,17361,17362,1
rising,17417,17362,17417,55
sniffing,17423,17417,17423,6
trotting,17497,17423,17497,74
walking,17506,17497,17506,9
sniffing,17599,17506,17599,93
left_turning,17615,17599,17615,16
rearing,17706,17615,17706,91
sniffing,17758,17706,17758,52
pausing,17759,17758,17759,1
hunching,17830,17759,17830,71
left_turning,17846,17830,17846,16
walking,17880,17846,17880,34
sniffing,17881,17880,17881,1
climbing,17900,17881,17900,19
right_turning,17914,17900,17914,14
left_turning,17962,17914,17962,48
walking,18033,17962,18033,71
rearing,18066,18033,18066,33
hunching,18108,18066,18108,42
trotting,18120,18108,18120,12
sniffing,18232,18120,18232,112
left_turning,18278,18232,18278,46
walking,18297,18278,18297,19
left_turning,18328,18297,18328,31
sniffing,18452,18328,18452,124
left_turning,18480,18452,18480,28
walking,18481,18480,18481,1
sniffing,18508,18481,18508,27
stepping,18521,18508,18521,13
rising,18558,18521,18558,37
climbing,18600,18558,18600,42
sniffing,18678,18600,18678,78
walking,18723,18678,18723,45
left_turning,18727,18723,18727,4
sniffing,18749,18727,18749,22
walking,18806,18749,18806,57
sniffing,18839,18806,18839,33
left_turning,18858,18839,18858,19
walking,18890,18858,18890,32
sniffing,18964,18890,18964,74
stepping,19005,18964,19005,41
left_turning,19047,19005,19047,42
sniffing,19089,19047,19089,42
right_turning,19128,19089,19128,39
walking,19156,19128,19156,28
running,19164,19156,19164,8
sniffing,19246,19164,19246,82
rising,19247,19246,19247,1
sniffing,19248,19247,19248,1
left_turning,19300,19248,19300,52
sniffing,19443,19300,19443,143
left_turning,19468,19443,19468,25
sniffing,19493,19468,19493,25
left_turning,19495,19493,19495,2
running,19526,19495,19526,31
sniffing,19582,19526,19582,56
rising,19583,19582,19583,1
sniffing,19610,19583,19610,27
hunching,19805,19610,19805,195
rising,19850,19805,19850,45
climbing,19872,19850,19872,22
sniffing,19915,19872,19915,43
rearing,19916,19915,19916,1
hunching,19932,19916,19932,16
rearing,19933,19932,19933,1
sniffing,19934,19933,19934,1
stepping,19946,19934,19946,12
rising,20043,19946,20043,97
climbing,20094,20043,20094,51
right_turning,20095,20094,20095,1
sniffing,20149,20095,20149,54
trotting,20198,20149,20198,49
left_turning,20232,20198,20232,34
sniffing,20275,20232,20275,43
trotting,20291,20275,20291,16
sniffing,20292,20291,20292,1
left_turning,20301,20292,20301,9
rising,20354,20301,20354,53
sniffing,20443,20354,20443,89
trotting,20455,20443,20455,12
sniffing,20496,20455,20496,41
left_turning,20521,20496,20521,25
running,20533,20521,20533,12
left_turning,20565,20533,20565,32
sniffing,20566,20565,20566,1
walking,20625,20566,20625,59
sniffing,20626,20625,20626,1
climbing,20679,20626,20679,53
walking,20685,20679,20685,6
rising,20686,20685,20686,1
climbing,20765,20686,20765,79
rising,20788,20765,20788,23
climbing,20816,20788,20816,28
sniffing,20819,20816,20819,3
climbing,20850,20819,20850,31
hunching,20935,20850,20935,85
sniffing,20952,20935,20952,17
rearing,20953,20952,20953,1
hunching,20954,20953,20954,1
climbing,20973,20954,20973,19
rearing,21060,20973,21060,87
stepping,21114,21060,21114,54
right_turning,21165,21114,21165,51
trotting,21184,21165,21184,19
rising,21185,21184,21185,1
climbing,21241,21185,21241,56
sniffing,21295,21241,21295,54
right_turning,21343,21295,21343,48
trotting,21362,21343,21362,19
sniffing,21423,21362,21423,61
walking,21431,21423,21431,8
stepping,21460,21431,21460,29
rising,21495,21460,21495,35
sniffing,21501,21495,21501,6
walking,21521,21501,21521,20
rising,21552,21521,21552,31
climbing,21630,21552,21630,78
rising,21722,21630,21722,92
grooming,21972,21722,21972,250
left_turning,21985,21972,21985,13
walking,22031,21985,22031,46
sniffing,22032,22031,22032,1
climbing,22039,22032,22039,7
rising,22042,22039,22042,3
sniffing,22048,22042,22048,6
walking,22076,22048,22076,28
left_turning,22088,22076,22088,12
walking,22162,22088,22162,74
climbing,22254,22162,22254,92
trotting,22300,22254,22300,46
left_turning,22353,22300,22353,53
sniffing,22393,22353,22393,40
walking,22419,22393,22419,26
stepping,22497,22419,22497,78
sniffing,22565,22497,22565,68
rising,22650,22565,22650,85
stepping,22695,22650,22695,45
rearing,22696,22695,22696,1
sniffing,22704,22696,22704,8
left_turning,22764,22704,22764,60
sniffing,22765,22764,22765,1
climbing,22766,22765,22766,1
sniffing,22816,22766,22816,50
rising,22841,22816,22841,25
left_turning,22852,22841,22852,11
sniffing,22909,22852,22909,57
climbing,22918,22909,22918,9
walking,22941,22918,22941,23
climbing,22994,22941,22994,53
sniffing,23003,22994,23003,9
left_turning,23018,23003,23018,15
running,23032,23018,23032,14
left_turning,23056,23032,23056,24
trotting,23094,23056,23094,38
sniffing,23132,23094,23132,38
rearing,23133,23132,23133,1
grooming,23442,23133,23442,309
rearing,23448,23442,23448,6
sniffing,23488,23448,23488,40
rising,23521,23488,23521,33
climbing,23583,23521,23583,62
rising,23607,23583,23607,24
climbing,23608,23607,23608,1
rising,23662,23608,23662,54
walking,23728,23662,23728,66
sniffing,23806,23728,23806,78
left_turning,23854,23806,23854,48
trotting,23877,23854,23877,23
sniffing,23965,23877,23965,88
walking,23992,23965,23992,27
left_turning,23996,23992,23996,4
trotting,24049,23996,24049,53
running,24052,24049,24052,3
walking,24115,24052,24115,63
sniffing,24183,24115,24183,68
rising,24204,24183,24204,21
climbing,24224,24204,24224,20
rearing,24225,24224,24225,1
right_turning,24239,24225,24239,14
rising,24245,24239,24245,6
grooming,24488,24245,24488,243
right_turning,24554,24488,24554,66
walking,24614,24554,24614,60
left_turning,24640,24614,24640,26
sniffing,24641,24640,24641,1
walking,24642,24641,24642,1
rising,24731,24642,24731,89
rearing,24984,24731,24984,253
trotting,25012,24984,25012,28
sniffing,25063,25012,25063,51
rearing,25077,25063,25077,14
hunching,25078,25077,25078,1
climbing,25161,25078,25161,83
sniffing,25165,25161,25165,4
right_turning,25174,25165,25174,9
trotting,25201,25174,25201,27
climbing,25252,25201,25252,51
right_turning,25276,25252,25276,24
left_turning,25315,25276,25315,39
rising,25396,25315,25396,81
climbing,25449,25396,25449,53
sniffing,25450,25449,25450,1
hunching,25537,25450,25537,87
rising,25558,25537,25558,21
climbing,25617,25558,25617,59
sniffing,25678,25617,25678,61
walking,25738,25678,25738,60
sniffing,25813,25738,25813,75
climbing,25856,25813,25856,43
sniffing,25912,25856,25912,56
walking,25988,25912,25988,76
rising,25989,25988,25989,1
climbing,26053,25989,26053,64
rising,26056,26053,26056,3
climbing,26098,26056,26098,42
sniffing,26241,26098,26241,143
walking,26284,26241,26284,43
rising,26347,26284,26347,63
sniffing,26348,26347,26348,1
rising,26359,26348,26359,11
sniffing,26377,26359,26377,18
climbing,26412,26377,26412,35
sniffing,26460,26412,26460,48
rising,26486,26460,26486,26
left_turning,26505,26486,26505,19
sniffing,26506,26505,26506,1
climbing,26523,26506,26523,17
rising,26524,26523,26524,1
rearing,26576,26524,26576,52
grooming,26577,26576,26577,1
sniffing,26578,26577,26578,1
walking,26622,26578,26622,44
sniffing,26652,26622,26652,30
hunching,26825,26652,26825,173
climbing,26874,26825,26874,49
sniffing,26876,26874,26876,2
left_turning,26906,26876,26906,30
walking,26922,26906,26922,16
climbing,26944,26922,26944,22
right_turning,26945,26944,26945,1
walking,26950,26945,26950,5
sniffing,26972,26950,26972,22
walking,27005,26972,27005,33
sniffing,27044,27005,27044,39
walking,27057,27044,27057,13
left_turning,27063,27057,27063,6
sniffing,27126,27063,27126,63
left_turning,27127,27126,27127,1
sniffing,27190,27127,27190,63
rearing,27267,27190,27267,77
grooming,27548,27267,27548,281
rearing,27585,27548,27585,37
sniffing,27755,27585,27755,170
rising,27811,27755,27811,56
sniffing,27852,27811,27852,41
walking,27893,27852,27893,41
stepping,27917,27893,27917,24
sniffing,27932,27917,27932,15
climbing,27944,27932,27944,12
sniffing,28003,27944,28003,59
walking,28029,28003,28029,26
stepping,28087,28029,28087,58
sniffing,28088,28087,28088,1
right_turning,28120,28088,28120,32
sniffing,28177,28120,28177,57
climbing,28250,28177,28250,73
trotting,28270,28250,28270,20
sniffing,28298,28270,28298,28
walking,28318,28298,28318,20
sniffing,28339,28318,28339,21
climbing,28342,28339,28342,3
right_turning,28368,28342,28368,26
running,28405,28368,28405,37
rising,28418,28405,28418,13
climbing,28431,28418,28431,13
rearing,28432,28431,28432,1
climbing,28548,28432,28548,116
right_turning,28554,28548,28554,6
walking,28612,28554,28612,58
sniffing,28666,28612,28666,54
climbing,28779,28666,28779,113
sniffing,28825,28779,28825,46
hunching,28826,28825,28826,1
rising,28889,28826,28889,63
sniffing,28919,28889,28919,30
rearing,28920,28919,28920,1
hunching,29032,28920,29032,112
walking,29049,29032,29049,17
left_turning,29121,29049,29121,72
trotting,29155,29121,29155,34
sniffing,29173,29155,29173,18
walking,29228,29173,29228,55
sniffing,29229,29228,29229,1
walking,29257,29229,29257,28
sniffing,29337,29257,29337,80
walking,29358,29337,29358,21
rearing,29445,29358,29445,87
grooming,30041,29445,30041,596
rearing,30042,30041,30042,1
walking,30089,30042,30089,47
sniffing,30172,30089,30172,83
trotting,30182,30172,30182,10
sniffing,30305,30182,30305,123
climbing,30330,30305,30330,25
walking,30336,30330,30336,6
sniffing,30379,30336,30379,43
left_turning,30418,30379,30418,39
walking,30460,30418,30460,42
sniffing,30560,30460,30560,100
hunching,30713,30560,30713,153
sniffing,30753,30713,30753,40
rising,30754,30753,30754,1
sniffing,30808,30754,30808,54
rising,30809,30808,30809,1
climbing,30823,30809,30823,14
grooming,30824,30823,30824,1
sniffing,30849,30824,30849,25
trotting,30884,30849,30884,35
walking,30919,30884,30919,35
sniffing,30951,30919,30951,32
walking,30974,30951,30974,23
sniffing,30975,30974,30975,1
walking,30976,30975,30976,1
rising,30977,30976,30977,1
climbing,31017,30977,31017,40
right_turning,31040,31017,31040,23
walking,31041,31040,31041,1
rising,31061,31041,31061,20
climbing,31118,31061,31118,57
sniffing,31182,31118,31182,64
left_turning,31214,31182,31214,32
walking,31215,31214,31215,1
sniffing,31216,31215,31216,1
rising,31229,31216,31229,13
sniffing,31234,31229,31234,5
walking,31299,31234,31299,65
trotting,31341,31299,31341,42
sniffing,31375,31341,31375,34
climbing,31416,31375,31416,41
sniffing,31492,31416,31492,76
left_turning,31556,31492,31556,64
walking,31598,31556,31598,42
left_turning,31610,31598,31610,12
rising,31659,31610,31659,49
climbing,31757,31659,31757,98
rearing,31894,31757,31894,137
right_turning,31898,31894,31898,4
climbing,31964,31898,31964,66
sniffing,32141,31964,32141,177
climbing,32170,32141,32170,29
sniffing,32195,32170,32195,25
walking,32267,32195,32267,72
left_turning,32306,32267,32306,39
rising,32339,32306,32339,33
climbing,32340,32339,32340,1
left_turning,32361,32340,32361,21
walking,32410,32361,32410,49
climbing,32421,32410,32421,11
trotting,32458,32421,32458,37
hunching,32459,32458,32459,1
sniffing,32460,32459,32460,1
rising,32465,32460,32465,5
climbing,32552,32465,32552,87
running,32582,32552,32582,30
walking,32662,32582,32662,80
sniffing,32722,32662,32722,60
rising,32786,32722,32786,64
climbing,32835,32786,32835,49
sniffing,32920,32835,32920,85
trotting,32921,32920,32921,1
walking,32951,32921,32951,30
sniffing,32982,32951,32982,31
left_turning,32983,32982,32983,1
sniffing,33060,32983,33060,77
left_turning,33061,33060,33061,1
sniffing,33133,33061,33133,72
climbing,33184,33133,33184,51
rising,33219,33184,33219,35
rearing,33239,33219,33239,20
grooming,33580,33239,33580,341
walking,33586,33580,33586,6
rising,33615,33586,33615,29
right_turning,33636,33615,33636,21
left_turning,33680,33636,33680,44
sniffing,33709,33680,33709,29
trotting,33738,33709,33738,29
sniffing,33742,33738,33742,4
rising,33747,33742,33747,5
sniffing,33786,33747,33786,39
running,33806,33786,33806,20
sniffing,33822,33806,33822,16
pausing,33823,33822,33823,1
sniffing,33986,33823,33986,163
climbing,34024,33986,34024,38
sniffing,34089,34024,34089,65
rising,34119,34089,34119,30
walking,34173,34119,34173,54
climbing,34237,34173,34237,64
sniffing,34289,34237,34289,52
pausing,34290,34289,34290,1
sniffing,34325,34290,34325,35
stepping,34374,34325,34374,49
climbing,34437,34374,34437,63
sniffing,34525,34437,34525,88
rearing,34540,34525,34540,15
sniffing,34541,34540,34541,1
rising,34543,34541,34543,2
climbing,34636,34543,34636,93
sniffing,34656,34636,34656,20
left_turning,34720,34656,34720,64
sniffing,34755,34720,34755,35
walking,34789,34755,34789,34
rising,34799,34789,34799,10
grooming,35314,34799,35314,515
right_turning,35334,35314,35334,20
sniffing,35343,35334,35343,9
grooming,35433,35343,35433,90
climbing,35444,35433,35444,11
sniffing,35478,35444,35478,34
rising,35558,35478,35558,80
stepping,35615,35558,35615,57
sniffing,35647,35615,35647,32
climbing,35661,35647,35661,14
sniffing,35675,35661,35675,14
left_turning,35676,35675,35676,1
sniffing,35718,35676,35718,42
pausing,35719,35718,35719,1
sniffing,35728,35719,35728,9
left_turning,35729,35728,35729,1
running,35760,35729,35760,31
climbing,35785,35760,35785,25
hunching,35958,35785,35958,173
walking,35977,35958,35977,19
sniffing,36002,35977,36002,25
climbing,36035,36002,36035,33
right_turning,36048,36035,36048,13
walking,36089,36048,36089,41
rising,36148,36089,36148,59
climbing,36183,36148,36183,35
hunching,36184,36183,36184,1
rising,36238,36184,36238,54
rearing,36349,36238,36349,111
hunching,36432,36349,36432,83
walking,36445,36432,36445,13
sniffing,36590,36445,36590,145
rising,36591,36590,36591,1
sniffing,36622,36591,36622,31
rising,36645,36622,36645,23
rearing,36646,36645,36646,1
right_turning,36658,36646,36658,12
left_turning,36666,36658,36666,8
trotting,36730,36666,36730,64
walking,36783,36730,36783,53
sniffing,36853,36783,36853,70
trotting,36865,36853,36865,12
hunching,36866,36865,36866,1
grooming,36867,36866,36867,1
left_turning,36868,36867,36868,1
climbing,36964,36868,36964,96
right_turning,36969,36964,36969,5
sniffing,37004,36969,37004,35
walking,37054,37004,37054,50
rising,37088,37054,37088,34
sniffing,37115,37088,37115,27
climbing,37148,37115,37148,33
sniffing,37160,37148,37160,12
rising,37161,37160,37161,1
sniffing,37207,37161,37207,46
climbing,37211,37207,37211,4
walking,37223,37211,37223,12
climbing,37257,37223,37257,34
rising,37269,37257,37269,12
climbing,37338,37269,37338,69
rearing,37352,37338,37352,14
rising,37353,37352,37353,1
climbing,37410,37353,37410,57
sniffing,37457,37410,37457,47
climbing,37530,37457,37530,73
sniffing,37572,37530,37572,42
trotting,37627,37572,37627,55
hunching,37701,37627,37701,74
climbing,37759,37701,37759,58
left_turning,37805,37759,37805,46
trotting,37836,37805,37836,31
walking,37879,37836,37879,43
sniffing,37995,37879,37995,116
climbing,38020,37995,38020,25
rising,38021,38020,38021,1
sniffing,38022,38021,38022,1
stepping,38048,38022,38048,26
rearing,38064,38048,38064,16
climbing,38117,38064,38117,53
hunching,38199,38117,38199,82
right_turning,38214,38199,38214,15
running,38273,38214,38273,59
trotting,38310,38273,38310,37
climbing,38345,38310,38345,35
sniffing,38346,38345,38346,1
rising,38347,38346,38347,1
left_turning,38393,38347,38393,46
walking,38456,38393,38456,63
sniffing,38457,38456,38457,1
left_turning,38475,38457,38475,18
climbing,38479,38475,38479,4
walking,38515,38479,38515,36
pausing,38666,38515,38666,151
sniffing,38669,38666,38669,3
walking,38681,38669,38681,12
running,38730,38681,38730,49
trotting,38747,38730,38747,17
sniffing,38748,38747,38748,1
walking,38782,38748,38782,34
left_turning,38836,38782,38836,54
sniffing,38931,38836,38931,95
rising,38968,38931,38968,37
right_turning,38992,38968,38992,24
trotting,39042,38992,39042,50
walking,39065,39042,39065,23
sniffing,39232,39065,39232,167
rising,39306,39232,39306,74
rearing,39421,39306,39421,115
walking,39473,39421,39473,52
sniffing,39474,39473,39474,1
rising,39475,39474,39475,1
left_turning,39533,39475,39533,58
running,39570,39533,39570,37
walking,39583,39570,39583,13
sniffing,39676,39583,39676,93
hunching,39698,39676,39698,22
rising,39749,39698,39749,51
trotting,39773,39749,39773,24
stepping,39818,39773,39818,45
trotting,39823,39818,39823,5
walking,39834,39823,39834,11
grooming,39850,39834,39850,16
rearing,39886,39850,39886,36
grooming,39887,39886,39887,1
rearing,39888,39887,39888,1
walking,39900,39888,39900,12
sniffing,40003,39900,40003,103
climbing,40029,40003,40029,26
rearing,40030,40029,40030,1
sniffing,40127,40030,40127,97
rearing,40339,40127,40339,212
sniffing,40358,40339,40358,19
climbing,40381,40358,40381,23
hunching,40521,40381,40521,140
sniffing,40651,40521,40651,130
left_turning,40688,40651,40688,37
sniffing,40745,40688,40745,57
running,40764,40745,40764,19
left_turning,40765,40764,40765,1
sniffing,40766,40765,40766,1
rising,40785,40766,40785,19
climbing,40807,40785,40807,22
walking,40868,40807,40868,61
sniffing,40920,40868,40920,52
rising,40921,40920,40921,1
sniffing,41035,40921,41035,114
walking,41037,41035,41037,2
sniffing,41102,41037,41102,65
left_turning,41190,41102,41190,88
trotting,41196,41190,41196,6
sniffing,41327,41196,41327,131
walking,41347,41327,41347,20
climbing,41385,41347,41385,38
rising,41547,41385,41547,162
stepping,41550,41547,41550,3
walking,41570,41550,41570,20
sniffing,41684,41570,41684,114
walking,41726,41684,41726,42
rising,41732,41726,41732,6
climbing,41761,41732,41761,29
running,41768,41761,41768,7
sniffing,41790,41768,41790,22
climbing,41861,41790,41861,71
left_turning,41882,41861,41882,21
sniffing,41940,41882,41940,58
rising,41941,41940,41941,1
sniffing,41969,41941,41969,28
rising,41988,41969,41988,19
climbing,42012,41988,42012,24
walking,42033,42012,42033,21
left_turning,42035,42033,42035,2
sniffing,42057,42035,42057,22
rising,42082,42057,42082,25
climbing,42113,42082,42113,31
rising,42170,42113,42170,57
left_turning,42171,42170,42171,1
trotting,42219,42171,42219,48
sniffing,42253,42219,42253,34
hunching,42254,42253,42254,1
rising,42342,42254,42342,88
hunching,42418,42342,42418,76
walking,42435,42418,42435,17
rising,42450,42435,42450,15
climbing,42476,42450,42476,26
walking,42490,42476,42490,14
sniffing,42491,42490,42491,1
rising,42492,42491,42492,1
rearing,42606,42492,42606,114
right_turning,42607,42606,42607,1
trotting,42608,42607,42608,1
running,42631,42608,42631,23
walking,42646,42631,42646,15
climbing,42690,42646,42690,44
left_turning,42691,42690,42691,1
right_turning,42695,42691,42695,4
climbing,42760,42695,42760,65
running,42788,42760,42788,28
trotting,42814,42788,42814,26
walking,42868,42814,42868,54
climbing,42899,42868,42899,31
trotting,42911,42899,42911,12
walking,42925,42911,42925,14
stepping,42926,42925,42926,1
sniffing,43019,42926,43019,93
walking,43020,43019,43020,1
rising,43021,43020,43021,1
hunching,43100,43021,43100,79
stepping,43147,43100,43147,47
sniffing,43205,43147,43205,58
walking,43206,43205,43206,1
sniffing,43256,43206,43256,50
walking,43257,43256,43257,1
sniffing,43367,43257,43367,110
stepping,43368,43367,43368,1
rising,43386,43368,43386,18
climbing,43421,43386,43421,35
left_turning,43422,43421,43422,1
sniffing,43480,43422,43480,58
rising,43481,43480,43481,1
right_turning,43504,43481,43504,23
climbing,43600,43504,43600,96
rearing,43601,43600,43601,1
hunching,43614,43601,43614,13
sniffing,43639,43614,43639,25
right_turning,43656,43639,43656,17
rearing,43657,43656,43657,1
grooming,43658,43657,43658,1
walking,43708,43658,43708,50
rising,43709,43708,43709,1
trotting,43765,43709,43765,56
sniffing,43766,43765,43766,1
walking,43809,43766,43809,43
stepping,43810,43809,43810,1
rearing,43811,43810,43811,1
climbing,43824,43811,43824,13
right_turning,43860,43824,43860,36
walking,43861,43860,43861,1
rising,43927,43861,43927,66
rearing,44097,43927,44097,170
climbing,44147,44097,44147,50
sniffing,44169,44147,44169,22
climbing,44199,44169,44199,30
running,44233,44199,44233,34
walking,44253,44233,44253,20
sniffing,44297,44253,44297,44
walking,44308,44297,44308,11
rising,44309,44308,44309,1
running,44347,44309,44347,38
rising,44353,44347,44353,6
climbing,44406,44353,44406,53
walking,44425,44406,44425,19
sniffing,44470,44425,44470,45
stepping,44517,44470,44517,47
rearing,44601,44517,44601,84
sniffing,44655,44601,44655,54
walking,44678,44655,44678,23
rising,44906,44678,44906,228
trotting,44920,44906,44920,14
sniffing,44987,44920,44987,67
walking,45010,44987,45010,23
sniffing,45011,45010,45011,1
rising,45037,45011,45037,26
sniffing,45074,45037,45074,37
left_turning,45133,45074,45133,59
sniffing,45159,45133,45159,26
pausing,45182,45159,45182,23
sniffing,45202,45182,45202,20
walking,45229,45202,45229,27
rising,45290,45229,45290,61
climbing,45299,45290,45299,9
rearing,45300,45299,45300,1
rising,45353,45300,45353,53
rearing,45430,45353,45430,77
rising,45463,45430,45463,33
grooming,45464,45463,45464,1
left_turning,45465,45464,45465,1
sniffing,45497,45465,45497,32
right_turning,45503,45497,45503,6
walking,45555,45503,45555,52
rising,45642,45555,45642,87
right_turning,45691,45642,45691,49
climbing,45723,45691,45723,32
right_turning,45737,45723,45737,14
walking,45771,45737,45771,34
sniffing,45803,45771,45803,32
left_turning,45808,45803,45808,5
sniffing,45844,45808,45844,36
climbing,45889,45844,45889,45
rising,45929,45889,45929,40
stepping,45958,45929,45958,29
rising,46036,45958,46036,78
sniffing,46041,46036,46041,5
hunching,46225,46041,46225,184
climbing,46259,46225,46259,34
rising,46334,46259,46334,75
rearing,46416,46334,46416,82
hunching,46457,46416,46457,41
grooming,46600,46457,46600,143
rearing,46622,46600,46622,22
left_turning,46703,46622,46703,81
running,46744,46703,46744,41
sniffing,46952,46744,46952,208
walking,47009,46952,47009,57
stepping,47010,47009,47010,1
walking,47032,47010,47032,22
sniffing,47049,47032,47049,17
trotting,47061,47049,47061,12
stepping,47062,47061,47062,1
sniffing,47124,47062,47124,62
left_turning,47163,47124,47163,39
walking,47223,47163,47223,60
climbing,47253,47223,47253,30
running,47300,47253,47300,47
walking,47307,47300,47307,7
rearing,47378,47307,47378,71
hunching,47379,47378,47379,1
rising,47412,47379,47412,33
sniffing,47469,47412,47469,57
walking,47497,47469,47497,28
climbing,47561,47497,47561,64
left_turning,47563,47561,47563,2
rising,47571,47563,47571,8
hunching,47595,47571,47595,24
sniffing,47600,47595,47600,5
trotting,47655,47600,47655,55
left_turning,47707,47655,47707,52
trotting,47731,47707,47731,24
sniffing,47736,47731,47736,5
rearing,47774,47736,47774,38
rising,47798,47774,47798,24
sniffing,47917,47798,47917,119
trotting,47932,47917,47932,15
stepping,47992,47932,47992,60
sniffing,48004,47992,48004,12
left_turning,48049,48004,48049,45
walking,48097,48049,48097,48
rising,48098,48097,48098,1
grooming,48211,48098,48211,113
climbing,48227,48211,48227,16
rising,48278,48227,48278,51
sniffing,48430,48278,48430,152
climbing,48439,48430,48439,9
left_turning,48440,48439,48440,1
sniffing,48509,48440,48509,69
rising,48510,48509,48510,1
sniffing,48535,48510,48535,25
grooming,48536,48535,48536,1
trotting,48552,48536,48552,16
sniffing,48634,48552,48634,82
left_turning,48703,48634,48703,69
sniffing,48704,48703,48704,1
walking,48720,48704,48720,16
climbing,48826,48720,48826,106
rising,48836,48826,48836,10
walking,48858,48836,48858,22
sniffing,48859,48858,48859,1
walking,48873,48859,48873,14
trotting,48908,48873,48908,35
stepping,48971,48908,48971,63
sniffing,49007,48971,49007,36
rearing,49169,49007,49169,162
left_turning,49215,49169,49215,46
trotting,49244,49215,49244,29
walking,49277,49244,49277,33
sniffing,49278,49277,49278,1
walking,49306,49278,49306,28
sniffing,49376,49306,49376,70
walking,49405,49376,49405,29
trotting,49438,49405,49438,33
sniffing,49525,49438,49525,87
grooming,49526,49525,49526,1
rearing,49567,49526,49567,41
grooming,49568,49567,49568,1
left_turning,49663,49568,49663,95
walking,49702,49663,49702,39
stepping,49728,49702,49728,26
walking,49783,49728,49783,55
rising,49808,49783,49808,25
sniffing,49868,49808,49868,60
trotting,49907,49868,49907,39
climbing,49979,49907,49979,72
grooming,49980,49979,49980,1
hunching,50062,49980,50062,82
grooming,50380,50062,50380,318
rearing,50454,50380,50454,74
trotting,50478,50454,50478,24
left_turning,50576,50478,50576,98
sniffing,50651,50576,50651,75
jumping,50697,50651,50697,46
hunching,50705,50697,50705,8
grooming,50706,50705,50706,1
rearing,50804,50706,50804,98
walking,50845,50804,50845,41
sniffing,50985,50845,50985,140
walking,51018,50985,51018,33
sniffing,51067,51018,51067,49
rearing,51068,51067,51068,1
rising,51090,51068,51090,22
sniffing,51104,51090,51104,14
walking,51190,51104,51190,86
rising,51220,51190,51220,30
climbing,51344,51220,51344,124
sniffing,51426,51344,51426,82
walking,51440,51426,51440,14
sniffing,51482,51440,51482,42
walking,51499,51482,51499,17
climbing,51587,51499,51587,88
right_turning,51588,51587,51588,1
sniffing,51657,51588,51657,69
stepping,51689,51657,51689,32
hunching,51817,51689,51817,128
climbing,51865,51817,51865,48
hunching,51937,51865,51937,72
climbing,51956,51937,51956,19
rearing,52008,51956,52008,52
hunching,52009,52008,52009,1
sniffing,52090,52009,52090,81
walking,52119,52090,52119,29
climbing,52177,52119,52177,58
left_turning,52186,52177,52186,9
sniffing,52258,52186,52258,72
grooming,52259,52258,52259,1
rearing,52373,52259,52373,114
climbing,52397,52373,52397,24
sniffing,52450,52397,52450,53
rising,52490,52450,52490,40
left_turning,52491,52490,52491,1
sniffing,52492,52491,52492,1
left_turning,52516,52492,52516,24
sniffing,52590,52516,52590,74
pausing,52726,52590,52726,136
sniffing,52881,52726,52881,155
climbing,52936,52881,52936,55
running,52949,52936,52949,13
climbing,52970,52949,52970,21
grooming,52971,52970,52971,1
hunching,52972,52971,52972,1
climbing,53016,52972,53016,44
walking,53017,53016,53017,1
rising,53051,53017,53051,34
climbing,53066,53051,53066,15
rising,53081,53066,53081,15
walking,53147,53081,53147,66
sniffing,53194,53147,53194,47
walking,53212,53194,53212,18
trotting,53257,53212,53257,45
rising,53305,53257,53305,48
walking,53343,53305,53343,38
sniffing,53359,53343,53359,16
rising,53402,53359,53402,43
walking,53426,53402,53426,24
sniffing,53589,53426,53589,163
trotting,53606,53589,53606,17
rising,53667,53606,53667,61
rearing,53668,53667,53668,1
climbing,53720,53668,53720,52
right_turning,53780,53720,53780,60
rising,53809,53780,53809,29
sniffing,53860,53809,53860,51
left_turning,53904,53860,53904,44
rising,53938,53904,53938,34
left_turning,53973,53938,53973,35
sniffing,53979,53973,53979,6
climbing,53985,53979,53985,6
rearing,53986,53985,53986,1
trotting,53987,53986,53987,1
climbing,54080,53987,54080,93
trotting,54126,54080,54126,46
sniffing,54178,54126,54178,52
hunching,54179,54178,54179,1
sniffing,54258,54179,54258,79
trotting,54292,54258,54292,34
sniffing,54293,54292,54293,1
rising,54294,54293,54294,1
climbing,54307,54294,54307,13
walking,54313,54307,54313,6
rising,54341,54313,54341,28
left_turning,54367,54341,54367,26
sniffing,54368,54367,54368,1
walking,54428,54368,54428,60
rising,54429,54428,54429,1
sniffing,54505,54429,54505,76
walking,54510,54505,54510,5
rising,54534,54510,54534,24
rearing,54617,54534,54617,83
rising,54618,54617,54618,1
sniffing,54622,54618,54622,4
rising,54678,54622,54678,56
climbing,54702,54678,54702,24
right_turning,54711,54702,54711,9
sniffing,54733,54711,54733,22
rearing,54869,54733,54869,136
climbing,54900,54869,54900,31
sniffing,54982,54900,54982,82
right_turning,55011,54982,55011,29
running,55020,55011,55020,9
rearing,55116,55020,55116,96
sniffing,55154,55116,55154,38
rising,55163,55154,55163,9
stepping,55209,55163,55209,46
walking,55224,55209,55224,15
sniffing,55313,55224,55313,89
trotting,55338,55313,55338,25
sniffing,55364,55338,55364,26
left_turning,55399,55364,55399,35
sniffing,55592,55399,55592,193
rising,55609,55592,55609,17
sniffing,55625,55609,55625,16
stepping,55688,55625,55688,63
climbing,55710,55688,55710,22
hunching,55711,55710,55711,1
climbing,55775,55711,55775,64
walking,55813,55775,55813,38
climbing,55825,55813,55825,12
right_turning,55826,55825,55826,1
walking,55832,55826,55832,6
sniffing,55948,55832,55948,116
stepping,55973,55948,55973,25
rising,56034,55973,56034,61
sniffing,56066,56034,56066,32
climbing,56125,56066,56125,59
right_turning,56162,56125,56162,37
sniffing,56163,56162,56163,1
climbing,56175,56163,56175,12
sniffing,56272,56175,56272,97
pausing,56273,56272,56273,1
grooming,56275,56273,56275,2
running,56291,56275,56291,16
walking,56314,56291,56314,23
sniffing,56315,56314,56315,1
rising,56336,56315,56336,21
sniffing,56355,56336,56355,19
left_turning,56395,56355,56395,40
sniffing,56401,56395,56401,6
rearing,56512,56401,56512,111
grooming,56513,56512,56513,1
rearing,56525,56513,56525,12
grooming,56588,56525,56588,63
sniffing,56590,56588,56590,2
rising,56658,56590,56658,68
climbing,56659,56658,56659,1
rising,56660,56659,56660,1
climbing,56668,56660,56668,8
walking,56699,56668,56699,31
sniffing,56715,56699,56715,16
left_turning,56793,56715,56793,78
walking,56844,56793,56844,51
rearing,56872,56844,56872,28
grooming,57042,56872,57042,170
sniffing,57043,57042,57043,1
left_turning,57044,57043,57044,1
trotting,57084,57044,57084,40
rising,57111,57084,57111,27
climbing,57206,57111,57206,95
walking,57229,57206,57229,23
rising,57239,57229,57239,10
sniffing,57284,57239,57284,45
walking,57329,57284,57329,45
left_turning,57353,57329,57353,24
trotting,57372,57353,57372,19
walking,57373,57372,57373,1
right_turning,57380,57373,57380,7
rearing,57525,57380,57525,145
sniffing,57550,57525,57550,25
hunching,57551,57550,57551,1
sniffing,57611,57551,57611,60
rising,57634,57611,57634,23
rearing,57713,57634,57713,79
walking,57773,57713,57773,60
sniffing,57774,57773,57774,1
hunching,57800,57774,57800,26
sniffing,57808,57800,57808,8
rising,57821,57808,57821,13
sniffing,57837,57821,57837,16
left_turning,57919,57837,57919,82
hunching,58050,57919,58050,131
sniffing,58054,58050,58054,4
rising,58056,58054,58056,2
sniffing,58129,58056,58129,73
left_turning,58152,58129,58152,23
walking,58195,58152,58195,43
sniffing,58288,58195,58288,93
walking,58289,58288,58289,1
sniffing,58326,58289,58326,37
right_turning,58363,58326,58363,37
rising,58364,58363,58364,1
hunching,58365,58364,58365,1
right_turning,58383,58365,58383,18
walking,58403,58383,58403,20
hunching,58472,58403,58472,69
rearing,58535,58472,58535,63
walking,58569,58535,58569,34
rising,58570,58569,58570,1
climbing,58596,58570,58596,26
rising,58619,58596,58619,23
sniffing,58630,58619,58630,11
trotting,58636,58630,58636,6
sniffing,58637,58636,58637,1
left_turning,58638,58637,58638,1
walking,58691,58638,58691,53
left_turning,58711,58691,58711,20
sniffing,58755,58711,58755,44
trotting,58775,58755,58775,20
walking,58801,58775,58801,26
sniffing,58807,58801,58807,6
trotting,58848,58807,58848,41
rising,58963,58848,58963,115
sniffing,58983,58963,58983,20
walking,58985,58983,58985,2
rising,59095,58985,59095,110
rearing,59096,59095,59096,1
rising,59123,59096,59123,27
sniffing,59124,59123,59124,1
rising,59142,59124,59142,18
walking,59211,59142,59211,69
sniffing,59219,59211,59219,8
pausing,59220,59219,59220,1
rising,59221,59220,59221,1
grooming,59262,59221,59262,41
sniffing,59263,59262,59263,1
grooming,59264,59263,59264,1
rearing,59265,59264,59265,1
climbing,59355,59265,59355,90
rearing,59455,59355,59455,100
walking,59486,59455,59486,31
sniffing,59765,59486,59765,279
right_turning,59777,59765,59777,12
walking,59832,59777,59832,55
right_turning,59850,59832,59850,18
walking,59863,59850,59863,13
stepping,59864,59863,59864,1
rearing,59960,59864,59960,96
climbing,59991,59960,59991,31
rearing,60118,59991,60118,127
trotting,60131,60118,60131,13
rising,60139,60131,60139,8
climbing,60212,60139,60212,73
right_turning,60234,60212,60234,22
sniffing,60235,60234,60235,1
walking,60278,60235,60278,43
stepping,60279,60278,60279,1
walking,60280,60279,60280,1
sniffing,60389,60280,60389,109
left_turning,60420,60389,60420,31
walking,60421,60420,60421,1
stepping,60450,60421,60450,29
sniffing,60528,60450,60528,78
right_turning,60545,60528,60545,17
walking,60588,60545,60588,43
sniffing,60637,60588,60637,49
left_turning,60645,60637,60645,8
rising,60657,60645,60657,12
jumping,60703,60657,60703,46
walking,60741,60703,60741,38
rising,60779,60741,60779,38
climbing,60864,60779,60864,85
left_turning,60865,60864,60865,1
sniffing,60876,60865,60876,11
rising,60934,60876,60934,58
sniffing,60994,60934,60994,60
rising,60995,60994,60995,1
left_turning,61032,60995,61032,37
sniffing,61190,61032,61190,158
walking,61222,61190,61222,32
left_turning,61293,61222,61293,71
sniffing,61299,61293,61299,6
walking,61375,61299,61375,76
stepping,61430,61375,61430,55
sniffing,61467,61430,61467,37
walking,61496,61467,61496,29
climbing,61502,61496,61502,6
walking,61558,61502,61558,56
left_turning,61559,61558,61559,1
rising,61560,61559,61560,1
left_turning,61602,61560,61602,42
walking,61613,61602,61613,11
right_turning,61639,61613,61639,26
trotting,61672,61639,61672,33
sniffing,61770,61672,61770,98
pausing,61771,61770,61771,1
sniffing,61816,61771,61816,45
jumping,61928,61816,61928,112
grooming,61983,61928,61983,55
sniffing,62040,61983,62040,57
climbing,62055,62040,62055,15
walking,62074,62055,62074,19
rising,62112,62074,62112,38
climbing,62162,62112,62162,50
walking,62167,62162,62167,5
sniffing,62269,62167,62269,102
climbing,62293,62269,62293,24
rising,62329,62293,62329,36
climbing,62418,62329,62418,89
sniffing,62435,62418,62435,17
rising,62494,62435,62494,59
left_turning,62565,62494,62565,71
running,62566,62565,62566,1
rising,62692,62566,62692,126
climbing,62714,62692,62714,22
hunching,62834,62714,62834,120
rearing,62835,62834,62835,1
sniffing,62885,62835,62885,50
climbing,62911,62885,62911,26
rising,62912,62911,62912,1
right_turning,62922,62912,62922,10
walking,62948,62922,62948,26
sniffing,62987,62948,62987,39
walking,63005,62987,63005,18
stepping,63056,63005,63056,51
walking,63057,63056,63057,1
rising,63097,63057,63097,40
walking,63174,63097,63174,77
rising,63198,63174,63198,24
sniffing,63199,63198,63199,1
left_turning,63224,63199,63224,25
sniffing,63385,63224,63385,161
left_turning,63429,63385,63429,44
walking,63468,63429,63468,39
climbing,63469,63468,63469,1
hunching,63571,63469,63571,102
climbing,63605,63571,63605,34
rising,63667,63605,63667,62
sniffing,63709,63667,63709,42
grooming,63710,63709,63710,1
rearing,63770,63710,63770,60
rising,63831,63770,63831,61
right_turning,63839,63831,63839,8
trotting,63848,63839,63848,9
right_turning,63874,63848,63874,26
walking,63887,63874,63887,13
stepping,63939,63887,63939,52
sniffing,63961,63939,63961,22
pausing,64111,63961,64111,150
sniffing,64138,64111,64138,27
walking,64141,64138,64141,3
sniffing,64174,64141,64174,33
walking,64220,64174,64220,46
sniffing,64250,64220,64250,30
walking,64296,64250,64296,46
sniffing,64297,64296,64297,1
climbing,64371,64297,64371,74
running,64400,64371,64400,29
sniffing,64449,64400,64449,49
rising,64483,64449,64483,34
rearing,64588,64483,64588,105
climbing,64660,64588,64660,72
rearing,64775,64660,64775,115
rising,64792,64775,64792,17
climbing,64837,64792,64837,45
left_turning,64838,64837,64838,1
rising,64839,64838,64839,1
sniffing,64840,64839,64840,1
rising,64853,64840,64853,13
climbing,64867,64853,64867,14
sniffing,65106,64867,65106,239
walking,65182,65106,65182,76
stepping,65240,65182,65240,58
walking,65282,65240,65282,42
rearing,65302,65282,65302,20
climbing,65325,65302,65325,23
sniffing,65415,65325,65415,90
walking,65426,65415,65426,11
rising,65446,65426,65446,20
sniffing,65455,65446,65455,9
climbing,65507,65455,65507,52
right_turning,65517,65507,65517,10
walking,65576,65517,65576,59
climbing,65605,65576,65605,29
grooming,65650,65605,65650,45
climbing,65682,65650,65682,32
right_turning,65688,65682,65688,6
left_turning,65689,65688,65689,1
trotting,65703,65689,65703,14
sniffing,65798,65703,65798,95
right_turning,65850,65798,65850,52
running,65874,65850,65874,24
trotting,65901,65874,65901,27
walking,65965,65901,65965,64
sniffing,65966,65965,65966,1
climbing,66048,65966,66048,82
rearing,66174,66048,66174,126
climbing,66184,66174,66184,10
rising,66212,66184,66212,28
climbing,66240,66212,66240,28
sniffing,66303,66240,66303,63
right_turning,66320,66303,66320,17
running,66323,66320,66323,3
grooming,66324,66323,66324,1
left_turning,66354,66324,66354,30
rising,66386,66354,66386,32
climbing,66460,66386,66460,74
rising,66524,66460,66524,64
climbing,66605,66524,66605,81
right_turning,66644,66605,66644,39
climbing,66762,66644,66762,118
right_turning,66791,66762,66791,29
running,66830,66791,66830,39
sniffing,66967,66830,66967,137
right_turning,66973,66967,66973,6
trotting,67036,66973,67036,63
sniffing,67037,67036,67037,1
trotting,67070,67037,67070,33
walking,67075,67070,67075,5
stepping,67079,67075,67079,4
climbing,67156,67079,67156,77
running,67178,67156,67178,22
rising,67233,67178,67233,55
climbing,67261,67233,67261,28
hunching,67285,67261,67285,24
climbing,67436,67285,67436,151
rearing,67437,67436,67437,1
climbing,67487,67437,67487,50
rearing,67789,67487,67789,302
sniffing,67869,67789,67869,80
rising,67917,67869,67917,48
sniffing,68046,67917,68046,129
left_turning,68047,68046,68047,1
trotting,68089,68047,68089,42
sniffing,68186,68089,68186,97
left_turning,68236,68186,68236,50
sniffing,68242,68236,68242,6
left_turning,68243,68242,68243,1
walking,68273,68243,68273,30
sniffing,68326,68273,68326,53
right_turning,68345,68326,68345,19
walking,68355,68345,68355,10
rearing,68423,68355,68423,68
rising,68466,68423,68466,43
right_turning,68467,68466,68467,1
walking,68517,68467,68517,50
sniffing,68566,68517,68566,49
right_turning,68603,68566,68603,37
rising,68604,68603,68604,1
climbing,68667,68604,68667,63
walking,68685,68667,68685,18
rising,68714,68685,68714,29
climbing,68743,68714,68743,29
walking,68763,68743,68763,20
rising,68816,68763,68816,53
climbing,68837,68816,68837,21
sniffing,68967,68837,68967,130
rearing,69107,68967,69107,140
grooming,69452,69107,69452,345
rearing,69509,69452,69509,57
hunching,69583,69509,69583,74
sniffing,69605,69583,69605,22
stepping,69673,69605,69673,68
sniffing,69707,69673,69707,34
climbing,69725,69707,69725,18
sniffing,69752,69725,69752,27
walking,69775,69752,69775,23
sniffing,69895,69775,69895,120
grooming,69896,69895,69896,1
sniffing,69900,69896,69900,4
grooming,70053,69900,70053,153
sniffing,70103,70053,70103,50
grooming,70104,70103,70104,1
sniffing,70226,70104,70226,122
walking,70253,70226,70253,27
right_turning,70270,70253,70270,17
climbing,70311,70270,70311,41
sniffing,70386,70311,70386,75
hunching,70487,70386,70487,101
climbing,70562,70487,70562,75
walking,70603,70562,70603,41
sniffing,70665,70603,70665,62
walking,70687,70665,70687,22
left_turning,70692,70687,70692,5
sniffing,70789,70692,70789,97
left_turning,70803,70789,70803,14
trotting,70842,70803,70842,39
rising,70843,70842,70843,1
trotting,70860,70843,70860,17
walking,70904,70860,70904,44
sniffing,70911,70904,70911,7
walking,70912,70911,70912,1
sniffing,70934,70912,70934,22
walking,70966,70934,70966,32
sniffing,70971,70966,70971,5
rising,70996,70971,70996,25
climbing,71015,70996,71015,19
rising,71058,71015,71058,43
sniffing,71059,71058,71059,1
left_turning,71081,71059,71081,22
walking,71095,71081,71095,14
stepping,71096,71095,71096,1
hunching,71120,71096,71120,24
sniffing,71295,71120,71295,175
climbing,71324,71295,71324,29
sniffing,71346,71324,71346,22
walking,71355,71346,71355,9
sniffing,71372,71355,71372,17
hunching,71406,71372,71406,34
climbing,71407,71406,71407,1
right_turning,71418,71407,71418,11
sniffing,71419,71418,71419,1
walking,71463,71419,71463,44
rising,71499,71463,71499,36
climbing,71518,71499,71518,19
sniffing,71594,71518,71594,76
hunching,71607,71594,71607,13
sniffing,71698,71607,71698,91
walking,71751,71698,71751,53
left_turning,71795,71751,71795,44
sniffing,71815,71795,71815,20
walking,71872,71815,71872,57
sniffing,71921,71872,71921,49
walking,71945,71921,71945,24
stepping,72007,71945,72007,62
right_turning,72040,72007,72040,33
left_turning,72088,72040,72088,48
walking,72111,72088,72111,23
sniffing,72145,72111,72145,34
rising,72188,72145,72188,43
climbing,72229,72188,72229,41
walking,72264,72229,72264,35
sniffing,72299,72264,72299,35
walking,72365,72299,72365,66
rising,72427,72365,72427,62
sniffing,72485,72427,72485,58
left_turning,72569,72485,72569,84
trotting,72603,72569,72603,34
sniffing,72604,72603,72604,1
climbing,72719,72604,72719,115
trotting,72735,72719,72735,16
sniffing,72758,72735,72758,23
trotting,72769,72758,72769,11
walking,72782,72769,72782,13
rearing,72824,72782,72824,42
rising,72825,72824,72825,1
sniffing,72920,72825,72920,95
walking,72941,72920,72941,21
rising,72963,72941,72963,22
sniffing,72992,72963,72992,29
stepping,73024,72992,73024,32
sniffing,73070,73024,73070,46
climbing,73126,73070,73126,56
rising,73135,73126,73135,9
rearing,73259,73135,73259,124
right_turning,73268,73259,73268,9
walking,73300,73268,73300,32
left_turning,73440,73300,73440,140
sniffing,73468,73440,73468,28
rising,73499,73468,73499,31
sniffing,73567,73499,73567,68
stepping,73592,73567,73592,25
rising,73595,73592,73595,3
sniffing,73624,73595,73624,29
left_turning,73681,73624,73681,57
sniffing,73682,73681,73682,1
left_turning,73683,73682,73683,1
trotting,73732,73683,73732,49
rising,73768,73732,73768,36
climbing,73814,73768,73814,46
sniffing,73815,73814,73815,1
walking,73842,73815,73842,27
left_turning,73843,73842,73843,1
sniffing,73844,73843,73844,1
left_turning,73951,73844,73951,107
stepping,74018,73951,74018,67
walking,74074,74018,74074,56
sniffing,74134,74074,74134,60
right_turning,74170,74134,74170,36
trotting,74191,74170,74191,21
climbing,74235,74191,74235,44
rising,74274,74235,74274,39
sniffing,74290,74274,74290,16
grooming,74291,74290,74291,1
sniffing,74359,74291,74359,68
left_turning,74465,74359,74465,106
trotting,74522,74465,74522,57
walking,74558,74522,74558,36
sniffing,74559,74558,74559,1
right_turning,74568,74559,74568,9
sniffing,74597,74568,74597,29
walking,74658,74597,74658,61
sniffing,74702,74658,74702,44
left_turning,74703,74702,74703,1
sniffing,74788,74703,74788,85
walking,74801,74788,74801,13
left_turning,74802,74801,74802,1
sniffing,74803,74802,74803,1
left_turning,74829,74803,74829,26
walking,74872,74829,74872,43
sniffing,74958,74872,74958,86
hunching,74998,74958,74998,40
climbing,75037,74998,75037,39
sniffing,75142,75037,75142,105
rising,75174,75142,75174,32
rearing,75212,75174,75212,38
climbing,75213,75212,75213,1
rising,75214,75213,75214,1
sniffing,75306,75214,75306,92
rising,75366,75306,75366,60
walking,75385,75366,75385,19
sniffing,75386,75385,75386,1
climbing,75399,75386,75399,13
rearing,75400,75399,75400,1
climbing,75541,75400,75541,141
rising,75589,75541,75589,48
rearing,75590,75589,75590,1
sniffing,75704,75590,75704,114
walking,75724,75704,75724,20
climbing,75762,75724,75762,38
rising,75770,75762,75770,8
sniffing,75783,75770,75783,13
left_turning,75802,75783,75802,19
trotting,75803,75802,75803,1
left_turning,75934,75803,75934,131
walking,75935,75934,75935,1
sniffing,76020,75935,76020,85
right_turning,76033,76020,76033,13
climbing,76102,76033,76102,69
rising,76149,76102,76149,47
climbing,76193,76149,76193,44
stepping,76262,76193,76262,69
right_turning,76263,76262,76263,1
rising,76279,76263,76279,16
running,76293,76279,76293,14
walking,76357,76293,76357,64
grooming,76433,76357,76433,76
rearing,76604,76433,76604,171
hunching,76605,76604,76605,1
right_turning,76645,76605,76645,40
trotting,76674,76645,76674,29
sniffing,76704,76674,76704,30
climbing,76718,76704,76718,14
walking,76734,76718,76734,16
rising,76757,76734,76757,23
rearing,76781,76757,76781,24
climbing,76879,76781,76879,98
rising,76897,76879,76897,18
hunching,77010,76897,77010,113
right_turning,77025,77010,77025,15
sniffing,77123,77025,77123,98
left_turning,77124,77123,77124,1
walking,77125,77124,77125,1
sniffing,77152,77125,77152,27
climbing,77214,77152,77214,62
rising,77269,77214,77269,55
sniffing,77279,77269,77279,10
walking,77286,77279,77286,7
trotting,77305,77286,77305,19
left_turning,77306,77305,77306,1
rising,77429,77306,77429,123
sniffing,77435,77429,77435,6
stepping,77466,77435,77466,31
sniffing,77528,77466,77528,62
rising,77599,77528,77599,71
climbing,77650,77599,77650,51
sniffing,77651,77650,77651,1
climbing,77677,77651,77677,26
sniffing,77678,77677,77678,1
rising,77679,77678,77679,1
climbing,77735,77679,77735,56
rising,77773,77735,77773,38
climbing,77810,77773,77810,37
rising,77811,77810,77811,1
climbing,77883,77811,77883,72
rising,77884,77883,77884,1
walking,77958,77884,77958,74
sniffing,78018,77958,78018,60
rising,78102,78018,78102,84
climbing,78108,78102,78108,6
rearing,78205,78108,78205,97
climbing,78305,78205,78305,100
left_turning,78332,78305,78332,27
walking,78390,78332,78390,58
climbing,78421,78390,78421,31
sniffing,78422,78421,78422,1
rising,78457,78422,78457,35
walking,78458,78457,78458,1
sniffing,78500,78458,78500,42
climbing,78517,78500,78517,17
sniffing,78518,78517,78518,1
right_turning,78552,78518,78552,34
sniffing,78578,78552,78578,26
hunching,78665,78578,78665,87
grooming,78892,78665,78892,227
rearing,78912,78892,78912,20
left_turning,78960,78912,78960,48
sniffing,79059,78960,79059,99
rising,79060,79059,79060,1
climbing,79072,79060,79072,12
walking,79111,79072,79111,39
left_turning,79112,79111,79112,1
running,79124,79112,79124,12
rising,79139,79124,79139,15
rearing,79159,79139,79159,20
climbing,79232,79159,79232,73
hunching,79377,79232,79377,145
sniffing,79440,79377,79440,63
walking,79481,79440,79481,41
right_turning,79482,79481,79482,1
walking,79510,79482,79510,28
hunching,79641,79510,79641,131
right_turning,79654,79641,79654,13
sniffing,79681,79654,79681,27
rising,79731,79681,79731,50
walking,79788,79731,79788,57
climbing,79826,79788,79826,38
trotting,79827,79826,79827,1
left_turning,79856,79827,79856,29
walking,79883,79856,79883,27
rising,79937,79883,79937,54
climbing,79948,79937,79948,11
sniffing,79949,79948,79949,1
rearing,80001,79949,80001,52
rising,80040,80001,80040,39
sniffing,80041,80040,80041,1
rising,80091,80041,80091,50
left_turning,80151,80091,80151,60
walking,80190,80151,80190,39
stepping,80207,80190,80207,17
sniffing,80246,80207,80246,39
left_turning,80287,80246,80287,41
rising,80566,80287,80566,279
sniffing,80750,80566,80750,184
walking,80810,80750,80810,60
sniffing,80812,80810,80812,2
stepping,80832,80812,80832,20
climbing,80885,80832,80885,53
rearing,80980,80885,80980,95
rising,81017,80980,81017,37
climbing,81041,81017,81041,24
walking,81075,81041,81075,34
rising,81093,81075,81093,18
climbing,81136,81093,81136,43
sniffing,81223,81136,81223,87
rising,81224,81223,81224,1
sniffing,81341,81224,81341,117
climbing,81363,81341,81363,22
rising,81369,81363,81369,6
climbing,81445,81369,81445,76
sniffing,81502,81445,81502,57
stepping,81561,81502,81561,59
walking,81586,81561,81586,25
sniffing,81591,81586,81591,5
walking,81636,81591,81636,45
sniffing,81659,81636,81659,23
rising,81660,81659,81660,1
climbing,81697,81660,81697,37
walking,81726,81697,81726,29
sniffing,81744,81726,81744,18
climbing,81764,81744,81764,20
rising,81773,81764,81773,9
grooming,82046,81773,82046,273
hunching,82047,82046,82047,1
left_turning,82135,82047,82135,88
trotting,82173,82135,82173,38
sniffing,82296,82173,82296,123
left_turning,82393,82296,82393,97
sniffing,82446,82393,82446,53
right_turning,82447,82446,82447,1
sniffing,82450,82447,82450,3
rearing,82451,82450,82451,1
sniffing,82481,82451,82481,30
rising,82555,82481,82555,74
climbing,82576,82555,82576,21
sniffing,82613,82576,82613,37
right_turning,82630,82613,82630,17
rearing,82667,82630,82667,37
walking,82700,82667,82700,33
sniffing,82795,82700,82795,95
trotting,82841,82795,82841,46
sniffing,82972,82841,82972,131
rising,83032,82972,83032,60
climbing,83073,83032,83073,41
grooming,83503,83073,83503,430
hunching,83504,83503,83504,1
rising,83517,83504,83517,13
climbing,83581,83517,83581,64
walking,83643,83581,83643,62
sniffing,83687,83643,83687,44
rising,83742,83687,83742,55
sniffing,83787,83742,83787,45
hunching,83823,83787,83823,36
sniffing,83853,83823,83853,30
rising,83899,83853,83899,46
right_turning,83906,83899,83906,7
walking,83990,83906,83990,84
sniffing,83991,83990,83991,1
rising,84024,83991,84024,33
walking,84025,84024,84025,1
sniffing,84063,84025,84063,38
rising,84102,84063,84102,39
sniffing,84112,84102,84112,10
climbing,84149,84112,84149,37
sniffing,84157,84149,84157,8
left_turning,84226,84157,84226,69
running,84265,84226,84265,39
sniffing,84326,84265,84326,61
rising,84334,84326,84334,8
sniffing,84347,84334,84347,13
right_turning,84356,84347,84356,9
rearing,84357,84356,84357,1
grooming,84358,84357,84358,1
rearing,84457,84358,84457,99
walking,84497,84457,84497,40
sniffing,84498,84497,84498,1
left_turning,84577,84498,84577,79
sniffing,84604,84577,84604,27
right_turning,84611,84604,84611,7
rising,84612,84611,84612,1
rearing,84728,84612,84728,116
rising,84734,84728,84734,6
climbing,84735,84734,84735,1
rising,84749,84735,84749,14
climbing,84761,84749,84761,12
hunching,84762,84761,84762,1
grooming,84860,84762,84860,98
climbing,84861,84860,84861,1
sniffing,84868,84861,84868,7
climbing,84940,84868,84940,72
rising,85050,84940,85050,110
sniffing,85101,85050,85101,51
left_turning,85164,85101,85164,63
walking,85165,85164,85165,1
sniffing,85229,85165,85229,64
hunching,85263,85229,85263,34
right_turning,85271,85263,85271,8
sniffing,85283,85271,85283,12
left_turning,85363,85283,85363,80
sniffing,85388,85363,85388,25
rising,85423,85388,85423,35
sniffing,85429,85423,85429,6
rising,85455,85429,85455,26
walking,85517,85455,85517,62
trotting,85552,85517,85552,35
stepping,85560,85552,85560,8
walking,85603,85560,85603,43
sniffing,85604,85603,85604,1
walking,85625,85604,85625,21
climbing,85671,85625,85671,46
rising,85703,85671,85703,32
sniffing,85739,85703,85739,36
right_turning,85753,85739,85753,14
walking,85754,85753,85754,1
rising,85803,85754,85803,49
climbing,85804,85803,85804,1
walking,85872,85804,85872,68
stepping,85903,85872,85903,31
left_turning,85920,85903,85920,17
sniffing,85968,85920,85968,48
stepping,86037,85968,86037,69
walking,86042,86037,86042,5
stepping,86065,86042,86065,23
trotting,86100,86065,86100,35
running,86124,86100,86124,24
walking,86224,86124,86224,100
sniffing,86225,86224,86225,1
climbing,86273,86225,86273,48
sniffing,86367,86273,86367,94
rearing,86413,86367,86413,46
hunching,86676,86413,86676,263
rising,86688,86676,86688,12
sniffing,86689,86688,86689,1
rising,86738,86689,86738,49
climbing,86835,86738,86835,97
right_turning,86870,86835,86870,35
sniffing,86914,86870,86914,44
left_turning,86940,86914,86940,26
walking,86982,86940,86982,42
sniffing,86983,86982,86983,1
rising,87038,86983,87038,55
rearing,87116,87038,87116,78
grooming,87279,87116,87279,163
rearing,87396,87279,87396,117
rising,87397,87396,87397,1
climbing,87426,87397,87426,29
rearing,87427,87426,87427,1
hunching,87442,87427,87442,15
rearing,87751,87442,87751,309
left_turning,87833,87751,87833,82
sniffing,87879,87833,87879,46
walking,87947,87879,87947,68
sniffing,87963,87947,87963,16
rising,87997,87963,87997,34
climbing,88063,87997,88063,66
grooming,88282,88063,88282,219
left_turning,88283,88282,88283,1
sniffing,88361,88283,88361,78
walking,88362,88361,88362,1
sniffing,88487,88362,88487,125
rearing,88555,88487,88555,68
grooming,88585,88555,88585,30
running,88591,88585,88591,6
rising,88603,88591,88603,12
left_turning,88604,88603,88604,1
climbing,88646,88604,88646,42
sniffing,88708,88646,88708,62
walking,88714,88708,88714,6
left_turning,88744,88714,88744,30
walking,88777,88744,88777,33
sniffing,88841,88777,88841,64
hunching,88905,88841,88905,64
sniffing,88945,88905,88945,40
pausing,89261,88945,89261,316
sniffing,89326,89261,89326,65
left_turning,89359,89326,89359,33
sniffing,89422,89359,89422,63
rearing,89468,89422,89468,46
rising,89607,89468,89607,139
rearing,89608,89607,89608,1
trotting,89660,89608,89660,52
sniffing,89661,89660,89661,1
rising,89712,89661,89712,51
rearing,89893,89712,89893,181
sniffing,89993,89893,89993,100
right_turning,90028,89993,90028,35
walking,90097,90028,90097,69
right_turning,90114,90097,90114,17
walking,90142,90114,90142,28
sniffing,90190,90142,90190,48
rising,90191,90190,90191,1
climbing,90206,90191,90206,15
sniffing,90241,90206,90241,35
left_turning,90242,90241,90242,1
walking,90319,90242,90319,77
left_turning,90393,90319,90393,74
walking,90454,90393,90454,61
sniffing,90455,90454,90455,1
walking,90487,90455,90487,32
left_turning,90522,90487,90522,35
sniffing,90525,90522,90525,3
trotting,90528,90525,90528,3
climbing,90582,90528,90582,54
running,90623,90582,90623,41
sniffing,90640,90623,90640,17
walking,90704,90640,90704,64
rising,90713,90704,90713,9
trotting,90741,90713,90741,28
walking,90957,90741,90957,216
sniffing,91013,90957,91013,56
stepping,91097,91013,91097,84
walking,91147,91097,91147,50
stepping,91156,91147,91156,9
climbing,91226,91156,91226,70
sniffing,91227,91226,91227,1
stepping,91274,91227,91274,47
walking,91284,91274,91284,10
left_turning,91285,91284,91285,1
sniffing,91324,91285,91324,39
rising,91392,91324,91392,68
sniffing,91504,91392,91504,112
rearing,91579,91504,91579,75
walking,91625,91579,91625,46
sniffing,91693,91625,91693,68
climbing,91694,91693,91694,1
walking,91733,91694,91733,39
sniffing,91734,91733,91734,1
rising,91765,91734,91765,31
sniffing,91784,91765,91784,19
running,91817,91784,91817,33
walking,91841,91817,91841,24
sniffing,91992,91841,91992,151
left_turning,92040,91992,92040,48
sniffing,92152,92040,92152,112
rising,92205,92152,92205,53
left_turning,92262,92205,92262,57
sniffing,92318,92262,92318,56
grooming,92422,92318,92422,104
sniffing,92502,92422,92502,80
walking,92526,92502,92526,24
rising,92570,92526,92570,44
left_turning,92571,92570,92571,1
sniffing,92572,92571,92572,1
right_turning,92589,92572,92589,17
left_turning,92687,92589,92687,98
sniffing,92700,92687,92700,13
pausing,93213,92700,93213,513
sniffing,93266,93213,93266,53
rearing,93309,93266,93309,43
sniffing,93343,93309,93343,34
stepping,93358,93343,93358,15
sniffing,93359,93358,93359,1
right_turning,93388,93359,93388,29
walking,93393,93388,93393,5
rising,93413,93393,93413,20
climbing,93425,93413,93425,12
hunching,93478,93425,93478,53
climbing,93531,93478,93531,53
sniffing,93536,93531,93536,5
left_turning,93553,93536,93553,17
sniffing,93554,93553,93554,1
climbing,93555,93554,93555,1
walking,93583,93555,93583,28
rearing,93718,93583,93718,135
climbing,93769,93718,93769,51
sniffing,93845,93769,93845,76
left_turning,93861,93845,93861,16
walking,93899,93861,93899,38
rising,93918,93899,93918,19
sniffing,94010,93918,94010,92
left_turning,94043,94010,94043,33
sniffing,94114,94043,94114,71
grooming,94290,94114,94290,176
hunching,94378,94290,94378,88
climbing,94392,94378,94392,14
grooming,94393,94392,94393,1
rearing,94429,94393,94429,36
sniffing,94535,94429,94535,106
rising,94563,94535,94563,28
climbing,94564,94563,94564,1
sniffing,94621,94564,94621,57
walking,94635,94621,94635,14
sniffing,94683,94635,94683,48
climbing,94750,94683,94750,67
running,94772,94750,94772,22
sniffing,94875,94772,94875,103
right_turning,94883,94875,94883,8
walking,94958,94883,94958,75
climbing,94999,94958,94999,41
rising,95002,94999,95002,3
sniffing,95061,95002,95061,59
climbing,95116,95061,95116,55
sniffing,95232,95116,95232,116
hunching,95286,95232,95286,54
grooming,95460,95286,95460,174
rearing,95549,95460,95549,89
grooming,95550,95549,95550,1
rearing,95627,95550,95627,77
rising,95641,95627,95641,14
climbing,95679,95641,95679,38
sniffing,95723,95679,95723,44
left_turning,95787,95723,95787,64
walking,95797,95787,95797,10
rising,95798,95797,95798,1
rearing,95799,95798,95799,1
climbing,95818,95799,95818,19
walking,95864,95818,95864,46
rising,95920,95864,95920,56
sniffing,95947,95920,95947,27
walking,95965,95947,95965,18
sniffing,95982,95965,95982,17
climbing,96021,95982,96021,39
right_turning,96035,96021,96035,14
walking,96074,96035,96074,39
rising,96103,96074,96103,29
climbing,96116,96103,96116,13
rearing,96172,96116,96172,56
rising,96173,96172,96173,1
climbing,96287,96173,96287,114
sniffing,96288,96287,96288,1
left_turning,96367,96288,96367,79
sniffing,96397,96367,96397,30
stepping,96478,96397,96478,81
walking,96501,96478,96501,23
climbing,96556,96501,96556,55
hunching,96591,96556,96591,35
rising,96603,96591,96603,12
climbing,96639,96603,96639,36
walking,96673,96639,96673,34
sniffing,96723,96673,96723,50
left_turning,96772,96723,96772,49
sniffing,96825,96772,96825,53
walking,96838,96825,96838,13
sniffing,96853,96838,96853,15
rising,96854,96853,96854,1
sniffing,97061,96854,97061,207
rising,97086,97061,97086,25
walking,97114,97086,97114,28
right_turning,97117,97114,97117,3
walking,97134,97117,97134,17
sniffing,97164,97134,97164,30
stepping,97176,97164,97176,12
sniffing,97180,97176,97180,4
stepping,97198,97180,97198,18
left_turning,97199,97198,97199,1
sniffing,97200,97199,97200,1
hunching,97314,97200,97314,114
grooming,97402,97314,97402,88
hunching,97507,97402,97507,105
rearing,97576,97507,97576,69
rising,97654,97576,97654,78
walking,97709,97654,97709,55
stepping,97749,97709,97749,40
walking,97774,97749,97774,25
rising,97775,97774,97775,1
sniffing,97848,97775,97848,73
grooming,97868,97848,97868,20
climbing,97886,97868,97886,18
rising,97941,97886,97941,55
sniffing,97949,97941,97949,8
left_turning,97972,97949,97972,23
pausing,98185,97972,98185,213
sniffing,98194,98185,98194,9
rearing,98253,98194,98253,59
walking,98295,98253,98295,42
sniffing,98450,98295,98450,155
rising,98499,98450,98499,49
climbing,98543,98499,98543,44
rising,98546,98543,98546,3
sniffing,98556,98546,98556,10
rearing,98557,98556,98557,1
left_turning,98582,98557,98582,25
climbing,98649,98582,98649,67
rearing,98654,98649,98654,5
grooming,98727,98654,98727,73
hunching,98766,98727,98766,39
walking,98806,98766,98806,40
stepping,98812,98806,98812,6
walking,98843,98812,98843,31
sniffing,98923,98843,98923,80
grooming,99020,98923,99020,97
sniffing,99021,99020,99021,1
stepping,99044,99021,99044,23
left_turning,99127,99044,99127,83
climbing,99140,99127,99140,13
sniffing,99152,99140,99152,12
rearing,99267,99152,99267,115
hunching,99348,99267,99348,81
sniffing,99405,99348,99405,57
climbing,99502,99405,99502,97
sniffing,99503,99502,99503,1
grooming,99747,99503,99747,244
sniffing,99828,99747,99828,81
grooming,99829,99828,99829,1
climbing,99830,99829,99830,1
rising,99907,99830,99907,77
sniffing,99994,99907,99994,87
walking,100009,99994,100009,15
sniffing,100050,100009,100050,41
rising,100131,100050,100131,81
hunching,100185,100131,100185,54
sniffing,100261,100185,100261,76
rising,100280,100261,100280,19
grooming,100281,100280,100281,1
sniffing,100384,100281,100384,103
left_turning,100428,100384,100428,44
sniffing,100443,100428,100443,15
rising,100455,100443,100455,12
sniffing,100456,100455,100456,1
climbing,100470,100456,100470,14
rearing,100513,100470,100513,43
hunching,100525,100513,100525,12
grooming,100526,100525,100526,1
walking,100527,100526,100527,1
climbing,100544,100527,100544,17
walking,100560,100544,100560,16
right_turning,100580,100560,100580,20
walking,100633,100580,100633,53
sniffing,100680,100633,100680,47
rising,100833,100680,100833,153
left_turning,100839,100833,100839,6
stepping,100850,100839,100850,11
left_turning,100890,100850,100890,40
trotting,100926,100890,100926,36
sniffing,100927,100926,100927,1
rising,100984,100927,100984,57
sniffing,101083,100984,101083,99
rising,101084,101083,101084,1
rearing,101103,101084,101103,19
rising,101137,101103,101137,34
climbing,101234,101137,101234,97
grooming,101235,101234,101235,1
climbing,101243,101235,101243,8
sniffing,101315,101243,101315,72
walking,101327,101315,101327,12
sniffing,101328,101327,101328,1
rising,101488,101328,101488,160
hunching,101597,101488,101597,109
rising,101629,101597,101629,32
left_turning,101692,101629,101692,63
trotting,101712,101692,101712,20
walking,101716,101712,101716,4
left_turning,101720,101716,101720,4
walking,101809,101720,101809,89
left_turning,101816,101809,101816,7
sniffing,101879,101816,101879,63
rearing,101880,101879,101880,1
rising,102343,101880,102343,463
sniffing,102427,102343,102427,84
rising,102428,102427,102428,1
climbing,102484,102428,102484,56
sniffing,102600,102484,102600,116
walking,102613,102600,102613,13
sniffing,102681,102613,102681,68
running,102713,102681,102713,32
walking,102758,102713,102758,45
sniffing,102846,102758,102846,88
trotting,102872,102846,102872,26
rising,102873,102872,102873,1
rearing,103053,102873,103053,180
sniffing,103093,103053,103093,40
walking,103094,103093,103094,1
climbing,103175,103094,103175,81
hunching,103176,103175,103176,1
sniffing,103260,103176,103260,84
left_turning,103262,103260,103262,2
sniffing,103263,103262,103263,1
climbing,103307,103263,103307,44
left_turning,103308,103307,103308,1
walking,103324,103308,103324,16
climbing,103365,103324,103365,41
grooming,103517,103365,103517,152
rising,103566,103517,103566,49
sniffing,103567,103566,103567,1
running,103576,103567,103576,9
sniffing,103667,103576,103667,91
rising,103677,103667,103677,10
sniffing,103691,103677,103691,14
pausing,103692,103691,103692,1
sniffing,103716,103692,103716,24
stepping,103855,103716,103855,139
sniffing,103856,103855,103856,1
grooming,103857,103856,103857,1
climbing,103877,103857,103877,20
walking,103907,103877,103907,30
left_turning,103911,103907,103911,4
walking,103938,103911,103938,27
sniffing,103999,103938,103999,61
climbing,104017,103999,104017,18
sniffing,104119,104017,104119,102
pausing,104120,104119,104120,1
sniffing,104135,104120,104135,15
climbing,104152,104135,104152,17
rising,104155,104152,104155,3
sniffing,104290,104155,104290,135
walking,104317,104290,104317,27
sniffing,104318,104317,104318,1
left_turning,104326,104318,104326,8
walking,104327,104326,104327,1
sniffing,104393,104327,104393,66
grooming,104394,104393,104394,1
walking,104429,104394,104429,35
sniffing,104478,104429,104478,49
climbing,104479,104478,104479,1
rearing,104644,104479,104644,165
sniffing,104659,104644,104659,15
climbing,104710,104659,104710,51
trotting,104745,104710,104745,35
sniffing,104857,104745,104857,112
climbing,104858,104857,104858,1
hunching,104859,104858,104859,1
rising,104879,104859,104879,20
sniffing,104942,104879,104942,63
rising,104943,104942,104943,1
climbing,104944,104943,104944,1
rising,105033,104944,105033,89
sniffing,105034,105033,105034,1
left_turning,105161,105034,105161,127
sniffing,105162,105161,105162,1
walking,105172,105162,105172,10
sniffing,105181,105172,105181,9
walking,105205,105181,105205,24
sniffing,105417,105205,105417,212
rearing,105665,105417,105665,248
rising,105730,105665,105730,65
walking,105764,105730,105764,34
sniffing,105767,105764,105767,3
rising,105791,105767,105791,24
right_turning,105810,105791,105810,19
sniffing,105811,105810,105811,1
stepping,105812,105811,105812,1
sniffing,105881,105812,105881,69
right_turning,105900,105881,105900,19
walking,105919,105900,105919,19
sniffing,105973,105919,105973,54
walking,106027,105973,106027,54
rising,106059,106027,106059,32
climbing,106068,106059,106068,9
trotting,106115,106068,106115,47
sniffing,106181,106115,106181,66
walking,106192,106181,106192,11
climbing,106193,106192,106193,1
rearing,106194,106193,106194,1
rising,106195,106194,106195,1
climbing,106220,106195,106220,25
grooming,106221,106220,106221,1
left_turning,106279,106221,106279,58
sniffing,106357,106279,106357,78
rising,106425,106357,106425,68
sniffing,106547,106425,106547,122
rising,106560,106547,106560,13
sniffing,106598,106560,106598,38
left_turning,106731,106598,106731,133
rising,106790,106731,106790,59
hunching,106791,106790,106791,1
sniffing,106799,106791,106799,8
walking,106835,106799,106835,36
sniffing,106904,106835,106904,69
pausing,106905,106904,106905,1
sniffing,106912,106905,106912,7
rising,106993,106912,106993,81
climbing,107009,106993,107009,16
sniffing,107056,107009,107056,47
left_turning,107107,107056,107107,51
sniffing,107188,107107,107188,81
pausing,107189,107188,107189,1
sniffing,107190,107189,107190,1
stepping,107233,107190,107233,43
sniffing,107246,107233,107246,13
pausing,107247,107246,107247,1
sniffing,107285,107247,107285,38
rising,107383,107285,107383,98
climbing,107468,107383,107468,85
rising,107469,107468,107469,1
sniffing,107553,107469,107553,84
left_turning,107602,107553,107602,49
trotting,107620,107602,107620,18
stepping,107621,107620,107621,1
walking,107636,107621,107636,15
sniffing,107683,107636,107683,47
walking,107729,107683,107729,46
stepping,107778,107729,107778,49
right_turning,107785,107778,107785,7
left_turning,107820,107785,107820,35
sniffing,107906,107820,107906,86
pausing,107907,107906,107907,1
right_turning,107967,107907,107967,60
walking,107995,107967,107995,28
climbing,108000,107995,108000,5
