revised_movement_label,segBoundary,segBoundary_start,segBoundary_end,length
sniffing,112,0,112,112
left_turning,132,112,132,20
sniffing,143,132,143,11
walking,169,143,169,26
trotting,185,169,185,16
sniffing,278,185,278,93
rearing,324,278,324,46
climbing,357,324,357,33
stepping,398,357,398,41
trotting,428,398,428,30
sniffing,506,428,506,78
walking,507,506,507,1
sniffing,688,507,688,181
walking,778,688,778,90
running,801,778,801,23
sniffing,806,801,806,5
trotting,819,806,819,13
rising,937,819,937,118
trotting,938,937,938,1
sniffing,939,938,939,1
left_turning,971,939,971,32
walking,1007,971,1007,36
sniffing,1066,1007,1066,59
rising,1129,1066,1129,63
climbing,1159,1129,1159,30
right_turning,1167,1159,1167,8
sniffing,1168,1167,1168,1
walking,1214,1168,1214,46
right_turning,1224,1214,1224,10
trotting,1246,1224,1246,22
sniffing,1269,1246,1269,23
rising,1362,1269,1362,93
climbing,1377,1362,1377,15
right_turning,1411,1377,1411,34
running,1420,1411,1420,9
walking,1464,1420,1464,44
trotting,1468,1464,1468,4
sniffing,1516,1468,1516,48
walking,1526,1516,1526,10
stepping,1584,1526,1584,58
walking,1612,1584,1612,28
sniffing,1766,1612,1766,154
rising,1775,1766,1775,9
sniffing,1776,1775,1776,1
trotting,1796,1776,1796,20
left_turning,1797,1796,1797,1
sniffing,1946,1797,1946,149
walking,1969,1946,1969,23
sniffing,2026,1969,2026,57
walking,2089,2026,2089,63
sniffing,2091,2089,2091,2
rearing,2138,2091,2138,47
grooming,2292,2138,2292,154
rearing,2293,2292,2293,1
climbing,2331,2293,2331,38
right_turning,2332,2331,2332,1
climbing,2372,2332,2372,40
walking,2424,2372,2424,52
sniffing,2539,2424,2539,115
climbing,2584,2539,2584,45
sniffing,2589,2584,2589,5
walking,2645,2589,2645,56
right_turning,2685,2645,2685,40
walking,2686,2685,2686,1
climbing,2704,2686,2704,18
walking,2762,2704,2762,58
stepping,2780,2762,2780,18
climbing,2859,2780,2859,79
sniffing,2919,2859,2919,60
rising,2974,2919,2974,55
climbing,3033,2974,3033,59
rearing,3182,3033,3182,149
walking,3226,3182,3226,44
sniffing,3227,3226,3227,1
left_turning,3228,3227,3228,1
sniffing,3311,3228,3311,83
walking,3372,3311,3372,61
climbing,3389,3372,3389,17
sniffing,3396,3389,3396,7
walking,3483,3396,3483,87
sniffing,3484,3483,3484,1
rising,3548,3484,3548,64
climbing,3603,3548,3603,55
right_turning,3619,3603,3619,16
trotting,3654,3619,3654,35
walking,3688,3654,3688,34
climbing,3703,3688,3703,15
sniffing,3836,3703,3836,133
climbing,3858,3836,3858,22
right_turning,3868,3858,3868,10
rising,3913,3868,3913,45
rearing,3996,3913,3996,83
sniffing,4013,3996,4013,17
walking,4014,4013,4014,1
running,4036,4014,4036,22
sniffing,4161,4036,4161,125
running,4192,4161,4192,31
sniffing,4240,4192,4240,48
walking,4280,4240,4280,40
sniffing,4292,4280,4292,12
left_turning,4305,4292,4305,13
sniffing,4325,4305,4325,20
walking,4400,4325,4400,75
sniffing,4401,4400,4401,1
left_turning,4404,4401,4404,3
trotting,4437,4404,4437,33
rising,4506,4437,4506,69
right_turning,4543,4506,4543,37
walking,4544,4543,4544,1
climbing,4583,4544,4583,39
sniffing,4622,4583,4622,39
walking,4659,4622,4659,37
sniffing,4733,4659,4733,74
trotting,4744,4733,4744,11
sniffing,4745,4744,4745,1
right_turning,4761,4745,4761,16
sniffing,4857,4761,4857,96
left_turning,4941,4857,4941,84
walking,5004,4941,5004,63
sniffing,5005,5004,5005,1
climbing,5055,5005,5055,50
trotting,5070,5055,5070,15
climbing,5098,5070,5098,28
sniffing,5199,5098,5199,101
climbing,5255,5199,5255,56
rising,5256,5255,5256,1
climbing,5270,5256,5270,14
trotting,5294,5270,5294,24
rising,5295,5294,5295,1
climbing,5359,5295,5359,64
walking,5392,5359,5392,33
sniffing,5395,5392,5395,3
trotting,5396,5395,5396,1
walking,5397,5396,5397,1
sniffing,5522,5397,5522,125
trotting,5583,5522,5583,61
climbing,5621,5583,5621,38
right_turning,5641,5621,5641,20
sniffing,5694,5641,5694,53
left_turning,5724,5694,5724,30
walking,5794,5724,5794,70
trotting,5817,5794,5817,23
walking,5854,5817,5854,37
rising,5968,5854,5968,114
sniffing,6073,5968,6073,105
climbing,6107,6073,6107,34
sniffing,6224,6107,6224,117
trotting,6260,6224,6260,36
walking,6281,6260,6281,21
trotting,6316,6281,6316,35
walking,6351,6316,6351,35
sniffing,6399,6351,6399,48
rising,6501,6399,6501,102
sniffing,6510,6501,6510,9
climbing,6568,6510,6568,58
trotting,6593,6568,6593,25
sniffing,6594,6593,6594,1
climbing,6623,6594,6623,29
left_turning,6640,6623,6640,17
trotting,6664,6640,6664,24
sniffing,6665,6664,6665,1
climbing,6729,6665,6729,64
rising,6827,6729,6827,98
climbing,6855,6827,6855,28
walking,6863,6855,6863,8
sniffing,6864,6863,6864,1
pausing,6865,6864,6865,1
sniffing,6922,6865,6922,57
grooming,6969,6922,6969,47
sniffing,6986,6969,6986,17
walking,7009,6986,7009,23
climbing,7047,7009,7047,38
rising,7048,7047,7048,1
climbing,7103,7048,7103,55
rising,7104,7103,7104,1
right_turning,7117,7104,7117,13
sniffing,7173,7117,7173,56
rising,7236,7173,7236,63
sniffing,7248,7236,7248,12
rising,7346,7248,7346,98
climbing,7377,7346,7377,31
rising,7405,7377,7405,28
climbing,7450,7405,7450,45
sniffing,7505,7450,7505,55
rising,7506,7505,7506,1
stepping,7507,7506,7507,1
walking,7546,7507,7546,39
climbing,7580,7546,7580,34
sniffing,7582,7580,7582,2
walking,7584,7582,7584,2
sniffing,7724,7584,7724,140
rising,7725,7724,7725,1
trotting,7749,7725,7749,24
walking,7779,7749,7779,30
sniffing,7780,7779,7780,1
climbing,7811,7780,7811,31
rising,7828,7811,7828,17
walking,7888,7828,7888,60
sniffing,7997,7888,7997,109
left_turning,8019,7997,8019,22
stepping,8027,8019,8027,8
trotting,8047,8027,8047,20
sniffing,8048,8047,8048,1
grooming,8218,8048,8218,170
left_turning,8242,8218,8242,24
walking,8268,8242,8268,26
sniffing,8308,8268,8308,40
climbing,8335,8308,8335,27
rearing,8413,8335,8413,78
climbing,8431,8413,8431,18
sniffing,8518,8431,8518,87
climbing,8580,8518,8580,62
walking,8594,8580,8594,14
climbing,8634,8594,8634,40
walking,8695,8634,8695,61
sniffing,8696,8695,8696,1
walking,8709,8696,8709,13
rising,8761,8709,8761,52
sniffing,8829,8761,8829,68
rising,8932,8829,8932,103
climbing,8992,8932,8992,60
sniffing,9011,8992,9011,19
climbing,9034,9011,9034,23
sniffing,9035,9034,9035,1
trotting,9060,9035,9060,25
rising,9101,9060,9101,41
running,9150,9101,9150,49
stepping,9187,9150,9187,37
sniffing,9260,9187,9260,73
rising,9261,9260,9261,1
sniffing,9314,9261,9314,53
walking,9393,9314,9393,79
sniffing,9397,9393,9397,4
rising,9439,9397,9439,42
rearing,9450,9439,9450,11
running,9472,9450,9472,22
walking,9514,9472,9514,42
sniffing,9518,9514,9518,4
grooming,9519,9518,9519,1
right_turning,9532,9519,9532,13
left_turning,9567,9532,9567,35
walking,9577,9567,9577,10
sniffing,9622,9577,9622,45
rising,9733,9622,9733,111
climbing,9754,9733,9754,21
left_turning,9788,9754,9788,34
sniffing,9815,9788,9815,27
climbing,9862,9815,9862,47
trotting,9866,9862,9866,4
rising,9867,9866,9867,1
climbing,9906,9867,9906,39
left_turning,9964,9906,9964,58
trotting,10009,9964,10009,45
sniffing,10095,10009,10095,86
climbing,10127,10095,10127,32
sniffing,10128,10127,10128,1
climbing,10162,10128,10162,34
hunching,10173,10162,10173,11
right_turning,10185,10173,10185,12
running,10211,10185,10211,26
right_turning,10224,10211,10224,13
sniffing,10330,10224,10330,106
walking,10417,10330,10417,87
sniffing,10536,10417,10536,119
right_turning,10561,10536,10561,25
walking,10578,10561,10578,17
rising,10616,10578,10616,38
climbing,10657,10616,10657,41
trotting,10692,10657,10692,35
sniffing,10715,10692,10715,23
walking,10732,10715,10732,17
sniffing,10775,10732,10775,43
left_turning,10783,10775,10783,8
sniffing,10822,10783,10822,39
hunching,10823,10822,10823,1
sniffing,10914,10823,10914,91
trotting,10974,10914,10974,60
walking,10977,10974,10977,3
sniffing,11003,10977,11003,26
left_turning,11004,11003,11004,1
running,11011,11004,11011,7
trotting,11047,11011,11047,36
stepping,11102,11047,11102,55
rising,11103,11102,11103,1
left_turning,11124,11103,11124,21
walking,11173,11124,11173,49
sniffing,11186,11173,11186,13
walking,11187,11186,11187,1
rising,11349,11187,11349,162
sniffing,11355,11349,11355,6
left_turning,11356,11355,11356,1
walking,11438,11356,11438,82
rising,11493,11438,11493,55
running,11503,11493,11503,10
sniffing,11549,11503,11549,46
rising,11592,11549,11592,43
hunching,11648,11592,11648,56
sniffing,11675,11648,11675,27
trotting,11704,11675,11704,29
stepping,11738,11704,11738,34
rising,11739,11738,11739,1
climbing,11804,11739,11804,65
sniffing,11852,11804,11852,48
right_turning,11895,11852,11895,43
walking,11896,11895,11896,1
sniffing,11964,11896,11964,68
rising,11965,11964,11965,1
climbing,12006,11965,12006,41
left_turning,12057,12006,12057,51
walking,12071,12057,12071,14
sniffing,12143,12071,12143,72
walking,12235,12143,12235,92
right_turning,12272,12235,12272,37
walking,12311,12272,12311,39
sniffing,12363,12311,12363,52
stepping,12381,12363,12381,18
sniffing,12421,12381,12421,40
walking,12468,12421,12468,47
climbing,12518,12468,12518,50
rising,12519,12518,12519,1
climbing,12568,12519,12568,49
right_turning,12621,12568,12621,53
running,12644,12621,12644,23
right_turning,12665,12644,12665,21
rising,12676,12665,12676,11
sniffing,12677,12676,12677,1
left_turning,12694,12677,12694,17
sniffing,12741,12694,12741,47
rising,12785,12741,12785,44
stepping,12803,12785,12803,18
left_turning,12825,12803,12825,22
sniffing,12862,12825,12862,37
trotting,12881,12862,12881,19
walking,12901,12881,12901,20
left_turning,12942,12901,12942,41
sniffing,12956,12942,12956,14
rising,12957,12956,12957,1
sniffing,13046,12957,13046,89
trotting,13051,13046,13051,5
sniffing,13118,13051,13118,67
running,13163,13118,13163,45
sniffing,13165,13163,13165,2
stepping,13206,13165,13206,41
sniffing,13235,13206,13235,29
left_turning,13270,13235,13270,35
running,13281,13270,13281,11
stepping,13298,13281,13298,17
sniffing,13469,13298,13469,171
walking,13515,13469,13515,46
climbing,13530,13515,13530,15
walking,13560,13530,13560,30
climbing,13610,13560,13610,50
sniffing,13611,13610,13611,1
walking,13638,13611,13638,27
sniffing,13707,13638,13707,69
walking,13747,13707,13747,40
rising,13796,13747,13796,49
climbing,13859,13796,13859,63
trotting,13865,13859,13865,6
walking,13889,13865,13889,24
rising,13980,13889,13980,91
climbing,14010,13980,14010,30
rising,14094,14010,14094,84
left_turning,14114,14094,14114,20
sniffing,14180,14114,14180,66
right_turning,14188,14180,14188,8
walking,14236,14188,14236,48
sniffing,14242,14236,14242,6
climbing,14289,14242,14289,47
walking,14290,14289,14290,1
rising,14291,14290,14291,1
sniffing,14292,14291,14292,1
left_turning,14293,14292,14293,1
climbing,14346,14293,14346,53
sniffing,14402,14346,14402,56
rearing,14460,14402,14460,58
climbing,14514,14460,14514,54
right_turning,14558,14514,14558,44
rising,14585,14558,14585,27
climbing,14658,14585,14658,73
hunching,14767,14658,14767,109
trotting,14793,14767,14793,26
walking,14819,14793,14819,26
rising,14902,14819,14902,83
left_turning,14911,14902,14911,9
sniffing,14961,14911,14961,50
stepping,15014,14961,15014,53
climbing,15023,15014,15023,9
left_turning,15073,15023,15073,50
running,15102,15073,15102,29
trotting,15103,15102,15103,1
sniffing,15104,15103,15104,1
walking,15131,15104,15131,27
sniffing,15186,15131,15186,55
left_turning,15204,15186,15204,18
walking,15213,15204,15213,9
climbing,15230,15213,15230,17
rising,15533,15230,15533,303
running,15573,15533,15573,40
sniffing,15646,15573,15646,73
rising,15692,15646,15692,46
walking,15699,15692,15699,7
sniffing,15757,15699,15757,58
rising,15776,15757,15776,19
rearing,15884,15776,15884,108
sniffing,15928,15884,15928,44
walking,15972,15928,15972,44
right_turning,15997,15972,15997,25
sniffing,16036,15997,16036,39
stepping,16085,16036,16085,49
climbing,16138,16085,16138,53
rearing,16264,16138,16264,126
grooming,16374,16264,16374,110
sniffing,16452,16374,16452,78
walking,16487,16452,16487,35
left_turning,16511,16487,16511,24
sniffing,16549,16511,16549,38
left_turning,16550,16549,16550,1
walking,16602,16550,16602,52
sniffing,16665,16602,16665,63
walking,16695,16665,16695,30
sniffing,16727,16695,16727,32
running,16770,16727,16770,43
walking,16805,16770,16805,35
rising,16840,16805,16840,35
walking,16855,16840,16855,15
sniffing,16856,16855,16856,1
climbing,16874,16856,16874,18
rising,16913,16874,16913,39
sniffing,16938,16913,16938,25
grooming,16968,16938,16968,30
sniffing,16974,16968,16974,6
climbing,17010,16974,17010,36
trotting,17011,17010,17011,1
walking,17012,17011,17012,1
sniffing,17013,17012,17013,1
rising,17027,17013,17027,14
sniffing,17046,17027,17046,19
walking,17088,17046,17088,42
sniffing,17130,17088,17130,42
left_turning,17131,17130,17131,1
running,17179,17131,17179,48
sniffing,17260,17179,17260,81
right_turning,17289,17260,17289,29
sniffing,17345,17289,17345,56
climbing,17404,17345,17404,59
rising,17405,17404,17405,1
sniffing,17556,17405,17556,151
trotting,17557,17556,17557,1
sniffing,17632,17557,17632,75
left_turning,17633,17632,17633,1
sniffing,17641,17633,17641,8
rising,17642,17641,17642,1
climbing,17671,17642,17671,29
left_turning,17687,17671,17687,16
walking,17755,17687,17755,68
sniffing,17756,17755,17756,1
left_turning,17784,17756,17784,28
rearing,17912,17784,17912,128
left_turning,17913,17912,17913,1
sniffing,18029,17913,18029,116
right_turning,18030,18029,18030,1
walking,18042,18030,18042,12
stepping,18043,18042,18043,1
right_turning,18090,18043,18090,47
walking,18121,18090,18121,31
sniffing,18195,18121,18195,74
walking,18262,18195,18262,67
right_turning,18274,18262,18274,12
stepping,18330,18274,18330,56
walking,18347,18330,18347,17
sniffing,18401,18347,18401,54
walking,18451,18401,18451,50
left_turning,18508,18451,18508,57
pausing,18509,18508,18509,1
sniffing,18510,18509,18510,1
left_turning,18537,18510,18537,27
walking,18572,18537,18572,35
sniffing,18631,18572,18631,59
grooming,18962,18631,18962,331
rising,19015,18962,19015,53
left_turning,19021,19015,19021,6
rising,19022,19021,19022,1
left_turning,19023,19022,19023,1
sniffing,19024,19023,19024,1
rearing,19025,19024,19025,1
climbing,19031,19025,19031,6
rising,19077,19031,19077,46
climbing,19124,19077,19124,47
rising,19174,19124,19174,50
rearing,19215,19174,19215,41
climbing,19290,19215,19290,75
walking,19310,19290,19310,20
sniffing,19340,19310,19340,30
walking,19370,19340,19370,30
rearing,19560,19370,19560,190
rising,19595,19560,19595,35
climbing,19649,19595,19649,54
right_turning,19665,19649,19665,16
sniffing,19692,19665,19692,27
walking,19693,19692,19693,1
rising,19695,19693,19695,2
climbing,19741,19695,19741,46
rearing,19742,19741,19742,1
walking,19743,19742,19743,1
sniffing,19806,19743,19806,63
stepping,19811,19806,19811,5
sniffing,19817,19811,19817,6
rising,19818,19817,19818,1
rearing,19851,19818,19851,33
sniffing,19901,19851,19901,50
rising,19902,19901,19902,1
walking,19932,19902,19932,30
left_turning,19933,19932,19933,1
sniffing,19934,19933,19934,1
left_turning,19971,19934,19971,37
sniffing,20056,19971,20056,85
walking,20104,20056,20104,48
sniffing,20260,20104,20260,156
right_turning,20283,20260,20283,23
trotting,20306,20283,20306,23
sniffing,20344,20306,20344,38
stepping,20367,20344,20367,23
left_turning,20388,20367,20388,21
walking,20406,20388,20406,18
sniffing,20466,20406,20466,60
rising,20490,20466,20490,24
sniffing,20510,20490,20510,20
rearing,20511,20510,20511,1
rising,20614,20511,20614,103
sniffing,20616,20614,20616,2
walking,20757,20616,20757,141
climbing,20796,20757,20796,39
left_turning,20797,20796,20797,1
sniffing,20852,20797,20852,55
rising,20877,20852,20877,25
climbing,20931,20877,20931,54
left_turning,20976,20931,20976,45
sniffing,20985,20976,20985,9
right_turning,21022,20985,21022,37
rising,21055,21022,21055,33
climbing,21110,21055,21110,55
sniffing,21166,21110,21166,56
climbing,21205,21166,21205,39
rising,21228,21205,21228,23
climbing,21250,21228,21250,22
sniffing,21252,21250,21252,2
walking,21264,21252,21264,12
sniffing,21265,21264,21265,1
left_turning,21266,21265,21266,1
sniffing,21267,21266,21267,1
rising,21344,21267,21344,77
climbing,21401,21344,21401,57
left_turning,21416,21401,21416,15
walking,21445,21416,21445,29
rising,21510,21445,21510,65
left_turning,21545,21510,21545,35
sniffing,21546,21545,21546,1
rising,21558,21546,21558,12
grooming,21559,21558,21559,1
sniffing,21560,21559,21560,1
rising,21577,21560,21577,17
climbing,21671,21577,21671,94
sniffing,21685,21671,21685,14
stepping,21748,21685,21748,63
walking,21749,21748,21749,1
sniffing,21826,21749,21826,77
running,21827,21826,21827,1
walking,21857,21827,21857,30
rising,21883,21857,21883,26
sniffing,21934,21883,21934,51
hunching,21974,21934,21974,40
grooming,22247,21974,22247,273
walking,22294,22247,22294,47
hunching,22322,22294,22322,28
walking,22366,22322,22366,44
left_turning,22439,22366,22439,73
rising,22493,22439,22493,54
left_turning,22541,22493,22541,48
sniffing,22655,22541,22655,114
rising,22700,22655,22700,45
climbing,22701,22700,22701,1
walking,22753,22701,22753,52
sniffing,22787,22753,22787,34
grooming,23043,22787,23043,256
climbing,23115,23043,23115,72
sniffing,23124,23115,23124,9
walking,23145,23124,23145,21
trotting,23177,23145,23177,32
walking,23186,23177,23186,9
right_turning,23207,23186,23207,21
sniffing,23208,23207,23208,1
rising,23262,23208,23262,54
climbing,23285,23262,23285,23
rearing,23367,23285,23367,82
sniffing,23368,23367,23368,1
climbing,23387,23368,23387,19
sniffing,23397,23387,23397,10
stepping,23398,23397,23398,1
sniffing,23426,23398,23426,28
rising,23473,23426,23473,47
climbing,23504,23473,23504,31
trotting,23523,23504,23523,19
stepping,23552,23523,23552,29
sniffing,23564,23552,23564,12
rising,23600,23564,23600,36
climbing,23655,23600,23655,55
sniffing,23666,23655,23666,11
climbing,23728,23666,23728,62
rearing,23829,23728,23829,101
sniffing,23865,23829,23865,36
trotting,23897,23865,23897,32
rising,23957,23897,23957,60
sniffing,23958,23957,23958,1
rearing,24004,23958,24004,46
climbing,24018,24004,24018,14
rising,24027,24018,24027,9
climbing,24099,24027,24099,72
sniffing,24100,24099,24100,1
rising,24138,24100,24138,38
sniffing,24191,24138,24191,53
rising,24306,24191,24306,115
left_turning,24309,24306,24309,3
stepping,24335,24309,24335,26
walking,24353,24335,24353,18
climbing,24381,24353,24381,28
walking,24382,24381,24382,1
sniffing,24395,24382,24395,13
climbing,24436,24395,24436,41
grooming,24607,24436,24607,171
sniffing,24608,24607,24608,1
rearing,24641,24608,24641,33
grooming,24756,24641,24756,115
rising,24757,24756,24757,1
climbing,24775,24757,24775,18
stepping,24776,24775,24776,1
sniffing,24833,24776,24833,57
walking,24842,24833,24842,9
climbing,24857,24842,24857,15
right_turning,24862,24857,24862,5
stepping,24906,24862,24906,44
sniffing,24913,24906,24913,7
walking,24938,24913,24938,25
sniffing,25035,24938,25035,97
climbing,25070,25035,25070,35
trotting,25087,25070,25087,17
walking,25118,25087,25118,31
rising,25128,25118,25128,10
sniffing,25196,25128,25196,68
rising,25264,25196,25264,68
sniffing,25336,25264,25336,72
left_turning,25348,25336,25348,12
sniffing,25355,25348,25355,7
rising,25356,25355,25356,1
walking,25364,25356,25364,8
sniffing,25371,25364,25371,7
hunching,25372,25371,25372,1
rising,25405,25372,25405,33
climbing,25514,25405,25514,109
rearing,25584,25514,25584,70
trotting,25585,25584,25585,1
walking,25596,25585,25596,11
sniffing,25639,25596,25639,43
trotting,25658,25639,25658,19
walking,25684,25658,25684,26
rising,25752,25684,25752,68
rearing,25753,25752,25753,1
sniffing,25754,25753,25754,1
climbing,25796,25754,25796,42
walking,25810,25796,25810,14
climbing,25935,25810,25935,125
walking,25938,25935,25938,3
sniffing,25983,25938,25983,45
walking,26010,25983,26010,27
rising,26110,26010,26110,100
sniffing,26111,26110,26111,1
climbing,26186,26111,26186,75
walking,26226,26186,26226,40
left_turning,26232,26226,26232,6
trotting,26273,26232,26273,41
sniffing,26303,26273,26303,30
walking,26309,26303,26309,6
left_turning,26310,26309,26310,1
walking,26320,26310,26320,10
sniffing,26334,26320,26334,14
stepping,26378,26334,26378,44
rising,26379,26378,26379,1
walking,26443,26379,26443,64
trotting,26471,26443,26471,28
stepping,26485,26471,26485,14
walking,26491,26485,26491,6
left_turning,26519,26491,26519,28
sniffing,26542,26519,26542,23
left_turning,26547,26542,26547,5
sniffing,26596,26547,26596,49
climbing,26691,26596,26691,95
sniffing,26746,26691,26746,55
rising,26775,26746,26775,29
rearing,26803,26775,26803,28
sniffing,26860,26803,26860,57
walking,26878,26860,26878,18
sniffing,27072,26878,27072,194
running,27108,27072,27108,36
walking,27119,27108,27119,11
left_turning,27120,27119,27120,1
sniffing,27160,27120,27160,40
walking,27202,27160,27202,42
sniffing,27238,27202,27238,36
walking,27279,27238,27279,41
sniffing,27438,27279,27438,159
rising,27491,27438,27491,53
left_turning,27492,27491,27492,1
walking,27529,27492,27529,37
sniffing,27544,27529,27544,15
walking,27587,27544,27587,43
sniffing,27629,27587,27629,42
rearing,27630,27629,27630,1
climbing,27704,27630,27704,74
walking,27718,27704,27718,14
sniffing,27720,27718,27720,2
rising,27816,27720,27816,96
sniffing,27817,27816,27817,1
climbing,27829,27817,27829,12
walking,27830,27829,27830,1
rearing,27894,27830,27894,64
climbing,27930,27894,27930,36
running,27963,27930,27963,33
rearing,28078,27963,28078,115
grooming,28366,28078,28366,288
right_turning,28391,28366,28391,25
walking,28392,28391,28392,1
sniffing,28432,28392,28432,40
pausing,28433,28432,28433,1
sniffing,28461,28433,28461,28
rising,28557,28461,28557,96
sniffing,28622,28557,28622,65
climbing,28634,28622,28634,12
sniffing,28684,28634,28684,50
running,28721,28684,28721,37
sniffing,28759,28721,28759,38
rising,28787,28759,28787,28
sniffing,28908,28787,28908,121
pausing,28909,28908,28909,1
sniffing,28946,28909,28946,37
left_turning,29009,28946,29009,63
stepping,29063,29009,29063,54
sniffing,29084,29063,29084,21
running,29092,29084,29092,8
sniffing,29144,29092,29144,52
running,29155,29144,29155,11
rising,29192,29155,29192,37
rearing,29193,29192,29193,1
grooming,29194,29193,29194,1
sniffing,29331,29194,29331,137
rising,29335,29331,29335,4
sniffing,29427,29335,29427,92
rising,29496,29427,29496,69
rearing,29506,29496,29506,10
walking,29537,29506,29537,31
left_turning,29561,29537,29561,24
running,29572,29561,29572,11
stepping,29579,29572,29579,7
walking,29589,29579,29589,10
sniffing,29691,29589,29691,102
right_turning,29717,29691,29717,26
sniffing,29729,29717,29729,12
rising,29747,29729,29747,18
left_turning,29766,29747,29766,19
rising,29767,29766,29767,1
climbing,29810,29767,29810,43
grooming,29938,29810,29938,128
sniffing,30085,29938,30085,147
walking,30115,30085,30115,30
climbing,30188,30115,30188,73
sniffing,30306,30188,30306,118
pausing,30307,30306,30307,1
sniffing,30393,30307,30393,86
running,30430,30393,30430,37
rising,30431,30430,30431,1
climbing,30525,30431,30525,94
right_turning,30528,30525,30528,3
grooming,30584,30528,30584,56
rising,30665,30584,30665,81
trotting,30707,30665,30707,42
walking,30755,30707,30755,48
sniffing,30765,30755,30765,10
walking,30773,30765,30773,8
trotting,30791,30773,30791,18
sniffing,30832,30791,30832,41
left_turning,30838,30832,30838,6
walking,30865,30838,30865,27
sniffing,30866,30865,30866,1
climbing,30876,30866,30876,10
right_turning,30877,30876,30877,1
grooming,31180,30877,31180,303
rearing,31181,31180,31181,1
grooming,31770,31181,31770,589
sniffing,31771,31770,31771,1
left_turning,31793,31771,31793,22
walking,31844,31793,31844,51
right_turning,31864,31844,31864,20
walking,31906,31864,31906,42
left_turning,31974,31906,31974,68
sniffing,32027,31974,32027,53
walking,32079,32027,32079,52
sniffing,32080,32079,32080,1
climbing,32082,32080,32082,2
rearing,32122,32082,32122,40
left_turning,32123,32122,32123,1
trotting,32156,32123,32156,33
climbing,32189,32156,32189,33
sniffing,32305,32189,32305,116
left_turning,32328,32305,32328,23
walking,32342,32328,32342,14
sniffing,32343,32342,32343,1
climbing,32434,32343,32434,91
sniffing,32519,32434,32519,85
walking,32567,32519,32567,48
trotting,32612,32567,32612,45
sniffing,32707,32612,32707,95
stepping,32716,32707,32716,9
sniffing,32812,32716,32812,96
walking,32839,32812,32839,27
sniffing,32866,32839,32866,27
climbing,32888,32866,32888,22
sniffing,33016,32888,33016,128
right_turning,33020,33016,33020,4
trotting,33062,33020,33062,42
hunching,33187,33062,33187,125
sniffing,33237,33187,33237,50
pausing,33238,33237,33238,1
rearing,33293,33238,33293,55
grooming,33326,33293,33326,33
sniffing,33404,33326,33404,78
climbing,33423,33404,33423,19
walking,33432,33423,33432,9
stepping,33481,33432,33481,49
sniffing,33497,33481,33497,16
rising,33516,33497,33516,19
climbing,33555,33516,33555,39
sniffing,33556,33555,33556,1
right_turning,33604,33556,33604,48
rearing,33634,33604,33634,30
right_turning,33659,33634,33659,25
sniffing,33718,33659,33718,59
hunching,33842,33718,33842,124
grooming,33843,33842,33843,1
climbing,33911,33843,33911,68
sniffing,33936,33911,33936,25
right_turning,33965,33936,33965,29
walking,34030,33965,34030,65
sniffing,34046,34030,34046,16
right_turning,34072,34046,34072,26
trotting,34108,34072,34108,36
walking,34221,34108,34221,113
right_turning,34240,34221,34240,19
rising,34241,34240,34241,1
climbing,34286,34241,34286,45
rising,34287,34286,34287,1
climbing,34332,34287,34332,45
rearing,34479,34332,34479,147
grooming,34480,34479,34480,1
rising,34508,34480,34508,28
walking,34536,34508,34536,28
right_turning,34580,34536,34580,44
walking,34604,34580,34604,24
stepping,34605,34604,34605,1
sniffing,34675,34605,34675,70
climbing,34704,34675,34704,29
rising,34748,34704,34748,44
rearing,34891,34748,34891,143
grooming,34892,34891,34892,1
sniffing,34904,34892,34904,12
walking,34910,34904,34910,6
sniffing,34911,34910,34911,1
walking,34964,34911,34964,53
climbing,35004,34964,35004,40
rearing,35118,35004,35118,114
hunching,35180,35118,35180,62
rising,35222,35180,35222,42
walking,35273,35222,35273,51
climbing,35301,35273,35301,28
left_turning,35312,35301,35312,11
stepping,35392,35312,35392,80
sniffing,35467,35392,35467,75
walking,35504,35467,35504,37
sniffing,35578,35504,35578,74
stepping,35618,35578,35618,40
trotting,35625,35618,35625,7
sniffing,35683,35625,35683,58
rising,35715,35683,35715,32
sniffing,35744,35715,35744,29
grooming,35745,35744,35745,1
sniffing,35746,35745,35746,1
trotting,35787,35746,35787,41
walking,35847,35787,35847,60
rising,35913,35847,35913,66
walking,35989,35913,35989,76
rising,36014,35989,36014,25
sniffing,36015,36014,36015,1
rising,36063,36015,36063,48
climbing,36090,36063,36090,27
rising,36139,36090,36139,49
sniffing,36194,36139,36194,55
walking,36195,36194,36195,1
left_turning,36279,36195,36279,84
sniffing,36294,36279,36294,15
walking,36347,36294,36347,53
sniffing,36365,36347,36365,18
climbing,36374,36365,36374,9
rising,36400,36374,36400,26
rearing,36497,36400,36497,97
rising,36527,36497,36527,30
climbing,36606,36527,36606,79
running,36635,36606,36635,29
sniffing,36644,36635,36644,9
rising,36705,36644,36705,61
climbing,36746,36705,36746,41
hunching,36747,36746,36747,1
walking,36755,36747,36755,8
sniffing,36768,36755,36768,13
walking,36777,36768,36777,9
sniffing,36778,36777,36778,1
walking,36779,36778,36779,1
rising,36809,36779,36809,30
sniffing,36810,36809,36810,1
running,36811,36810,36811,1
walking,36846,36811,36846,35
left_turning,36916,36846,36916,70
trotting,36948,36916,36948,32
walking,36958,36948,36958,10
sniffing,37035,36958,37035,77
walking,37059,37035,37059,24
sniffing,37107,37059,37107,48
rising,37119,37107,37119,12
walking,37161,37119,37161,42
sniffing,37196,37161,37196,35
rising,37219,37196,37219,23
climbing,37294,37219,37294,75
hunching,37295,37294,37295,1
rearing,37306,37295,37306,11
grooming,37307,37306,37307,1
right_turning,37335,37307,37335,28
walking,37394,37335,37394,59
trotting,37432,37394,37432,38
left_turning,37474,37432,37474,42
sniffing,37534,37474,37534,60
left_turning,37535,37534,37535,1
sniffing,37583,37535,37583,48
climbing,37608,37583,37608,25
running,37628,37608,37628,20
walking,37674,37628,37674,46
sniffing,37710,37674,37710,36
stepping,37711,37710,37711,1
walking,37726,37711,37726,15
stepping,37761,37726,37761,35
climbing,37862,37761,37862,101
right_turning,37882,37862,37882,20
walking,37910,37882,37910,28
right_turning,37916,37910,37916,6
trotting,37920,37916,37920,4
walking,37961,37920,37961,41
rising,37990,37961,37990,29
sniffing,38070,37990,38070,80
walking,38079,38070,38079,9
climbing,38137,38079,38137,58
rising,38149,38137,38149,12
climbing,38233,38149,38233,84
sniffing,38244,38233,38244,11
left_turning,38282,38244,38282,38
sniffing,38343,38282,38343,61
right_turning,38383,38343,38383,40
sniffing,38402,38383,38402,19
hunching,38418,38402,38418,16
grooming,38587,38418,38587,169
rearing,38613,38587,38613,26
walking,38643,38613,38643,30
sniffing,38653,38643,38653,10
climbing,38754,38653,38754,101
rising,38795,38754,38795,41
sniffing,38834,38795,38834,39
rearing,38894,38834,38894,60
grooming,38895,38894,38895,1
left_turning,38941,38895,38941,46
sniffing,38946,38941,38946,5
walking,38985,38946,38985,39
left_turning,39025,38985,39025,40
climbing,39076,39025,39076,51
rising,39123,39076,39123,47
climbing,39189,39123,39189,66
left_turning,39190,39189,39190,1
trotting,39231,39190,39231,41
jumping,39232,39231,39232,1
rising,39288,39232,39288,56
sniffing,39360,39288,39360,72
climbing,39372,39360,39372,12
running,39392,39372,39392,20
walking,39414,39392,39414,22
climbing,39451,39414,39451,37
rising,39452,39451,39452,1
grooming,39453,39452,39453,1
rising,39472,39453,39472,19
sniffing,39479,39472,39479,7
walking,39579,39479,39579,100
rearing,39580,39579,39580,1
jumping,39612,39580,39612,32
running,39640,39612,39640,28
right_turning,39656,39640,39656,16
walking,39706,39656,39706,50
rising,39782,39706,39782,76
climbing,39855,39782,39855,73
rising,39938,39855,39938,83
sniffing,40005,39938,40005,67
trotting,40020,40005,40020,15
stepping,40033,40020,40033,13
trotting,40075,40033,40075,42
sniffing,40142,40075,40142,67
walking,40174,40142,40174,32
sniffing,40209,40174,40209,35
left_turning,40227,40209,40227,18
sniffing,40247,40227,40247,20
walking,40248,40247,40248,1
stepping,40258,40248,40258,10
walking,40272,40258,40272,14
left_turning,40275,40272,40275,3
trotting,40311,40275,40311,36
rising,40316,40311,40316,5
sniffing,40317,40316,40317,1
walking,40343,40317,40343,26
trotting,40367,40343,40367,24
hunching,40398,40367,40398,31
rising,40399,40398,40399,1
climbing,40431,40399,40431,32
sniffing,40484,40431,40484,53
left_turning,40503,40484,40503,19
sniffing,40570,40503,40570,67
running,40595,40570,40595,25
right_turning,40628,40595,40628,33
walking,40643,40628,40643,15
rising,40669,40643,40669,26
climbing,40732,40669,40732,63
sniffing,40733,40732,40733,1
rising,40756,40733,40756,23
sniffing,40832,40756,40832,76
right_turning,40846,40832,40846,14
walking,40888,40846,40888,42
sniffing,40945,40888,40945,57
hunching,41192,40945,41192,247
climbing,41250,41192,41250,58
rearing,41283,41250,41283,33
climbing,41344,41283,41344,61
running,41352,41344,41352,8
walking,41373,41352,41373,21
sniffing,41444,41373,41444,71
climbing,41483,41444,41483,39
rising,41486,41483,41486,3
sniffing,41505,41486,41505,19
running,41512,41505,41512,7
trotting,41548,41512,41548,36
jumping,41706,41548,41706,158
right_turning,41711,41706,41711,5
walking,41712,41711,41712,1
sniffing,41809,41712,41809,97
rising,41810,41809,41810,1
rearing,41929,41810,41929,119
sniffing,41981,41929,41981,52
right_turning,42000,41981,42000,19
trotting,42021,42000,42021,21
sniffing,42034,42021,42034,13
grooming,42076,42034,42076,42
hunching,42197,42076,42197,121
grooming,42586,42197,42586,389
sniffing,42648,42586,42648,62
walking,42701,42648,42701,53
sniffing,42702,42701,42702,1
grooming,42824,42702,42824,122
hunching,42884,42824,42884,60
climbing,42905,42884,42905,21
sniffing,42906,42905,42906,1
rearing,43014,42906,43014,108
climbing,43040,43014,43040,26
hunching,43121,43040,43121,81
rearing,43136,43121,43136,15
grooming,43137,43136,43137,1
rearing,43231,43137,43231,94
sniffing,43259,43231,43259,28
rising,43269,43259,43269,10
sniffing,43320,43269,43320,51
walking,43366,43320,43366,46
stepping,43368,43366,43368,2
sniffing,43369,43368,43369,1
grooming,43370,43369,43370,1
left_turning,43371,43370,43371,1
walking,43415,43371,43415,44
pausing,43566,43415,43566,151
sniffing,43695,43566,43695,129
climbing,43780,43695,43780,85
walking,43815,43780,43815,35
sniffing,43968,43815,43968,153
rising,44017,43968,44017,49
climbing,44051,44017,44051,34
rearing,44052,44051,44052,1
rising,44098,44052,44098,46
sniffing,44135,44098,44135,37
right_turning,44169,44135,44169,34
stepping,44182,44169,44182,13
rising,44258,44182,44258,76
left_turning,44259,44258,44259,1
sniffing,44315,44259,44315,56
rising,44316,44315,44316,1
right_turning,44372,44316,44372,56
walking,44415,44372,44415,43
rising,44427,44415,44427,12
climbing,44428,44427,44428,1
left_turning,44441,44428,44441,13
walking,44452,44441,44452,11
sniffing,44485,44452,44485,33
right_turning,44501,44485,44501,16
sniffing,44581,44501,44581,80
trotting,44620,44581,44620,39
sniffing,44621,44620,44621,1
climbing,44652,44621,44652,31
walking,44663,44652,44663,11
sniffing,44758,44663,44758,95
walking,44814,44758,44814,56
stepping,44833,44814,44833,19
rising,44876,44833,44876,43
climbing,44927,44876,44927,51
walking,44986,44927,44986,59
rearing,44995,44986,44995,9
climbing,45016,44995,45016,21
sniffing,45017,45016,45017,1
walking,45025,45017,45025,8
trotting,45045,45025,45045,20
sniffing,45179,45045,45179,134
walking,45201,45179,45201,22
stepping,45218,45201,45218,17
climbing,45255,45218,45255,37
hunching,45298,45255,45298,43
sniffing,45440,45298,45440,142
left_turning,45447,45440,45447,7
walking,45489,45447,45489,42
sniffing,45496,45489,45496,7
stepping,45600,45496,45600,104
running,45617,45600,45617,17
stepping,45635,45617,45635,18
sniffing,45660,45635,45660,25
walking,45712,45660,45712,52
left_turning,45713,45712,45713,1
trotting,45743,45713,45743,30
stepping,45791,45743,45791,48
trotting,45812,45791,45812,21
left_turning,45813,45812,45813,1
sniffing,45877,45813,45877,64
walking,45913,45877,45913,36
trotting,45953,45913,45953,40
sniffing,45954,45953,45954,1
stepping,45972,45954,45972,18
sniffing,46030,45972,46030,58
rising,46031,46030,46031,1
grooming,47113,46031,47113,1082
hunching,47224,47113,47224,111
right_turning,47241,47224,47241,17
stepping,47242,47241,47242,1
left_turning,47267,47242,47267,25
walking,47291,47267,47291,24
sniffing,47338,47291,47338,47
walking,47384,47338,47384,46
sniffing,47385,47384,47385,1
left_turning,47467,47385,47467,82
sniffing,47552,47467,47552,85
rising,47719,47552,47719,167
sniffing,47720,47719,47720,1
rising,47751,47720,47751,31
rearing,47752,47751,47752,1
rising,47753,47752,47753,1
right_turning,47771,47753,47771,18
walking,47793,47771,47793,22
sniffing,47847,47793,47847,54
trotting,47895,47847,47895,48
walking,48002,47895,48002,107
sniffing,48086,48002,48086,84
left_turning,48199,48086,48199,113
trotting,48222,48199,48222,23
left_turning,48223,48222,48223,1
walking,48270,48223,48270,47
sniffing,48338,48270,48338,68
left_turning,48339,48338,48339,1
sniffing,48340,48339,48340,1
left_turning,48377,48340,48377,37
sniffing,48457,48377,48457,80
walking,48500,48457,48500,43
stepping,48546,48500,48546,46
walking,48565,48546,48565,19
climbing,48566,48565,48566,1
right_turning,48567,48566,48567,1
trotting,48593,48567,48593,26
walking,48647,48593,48647,54
sniffing,48736,48647,48736,89
climbing,48774,48736,48774,38
walking,48802,48774,48802,28
sniffing,48803,48802,48803,1
rising,48817,48803,48817,14
walking,48865,48817,48865,48
stepping,48942,48865,48942,77
walking,48973,48942,48973,31
climbing,49076,48973,49076,103
sniffing,49077,49076,49077,1
rising,49078,49077,49078,1
sniffing,49166,49078,49166,88
rising,49210,49166,49210,44
sniffing,49286,49210,49286,76
walking,49327,49286,49327,41
trotting,49357,49327,49357,30
sniffing,49358,49357,49358,1
grooming,49473,49358,49473,115
left_turning,49485,49473,49485,12
trotting,49541,49485,49541,56
rising,49604,49541,49604,63
sniffing,49605,49604,49605,1
jumping,49623,49605,49623,18
hunching,49624,49623,49624,1
sniffing,49699,49624,49699,75
rearing,49720,49699,49720,21
climbing,49774,49720,49774,54
left_turning,49786,49774,49786,12
walking,49796,49786,49796,10
sniffing,49838,49796,49838,42
walking,49843,49838,49843,5
rising,49900,49843,49900,57
sniffing,49973,49900,49973,73
left_turning,49982,49973,49982,9
walking,50008,49982,50008,26
sniffing,50016,50008,50016,8
right_turning,50047,50016,50047,31
sniffing,50052,50047,50052,5
rising,50112,50052,50112,60
sniffing,50252,50112,50252,140
rearing,50334,50252,50334,82
grooming,50421,50334,50421,87
sniffing,50527,50421,50527,106
rising,50616,50527,50616,89
sniffing,50753,50616,50753,137
walking,50799,50753,50799,46
rising,50830,50799,50830,31
climbing,50853,50830,50853,23
sniffing,50938,50853,50938,85
running,50966,50938,50966,28
sniffing,50977,50966,50977,11
walking,51007,50977,51007,30
left_turning,51020,51007,51020,13
walking,51022,51020,51022,2
rising,51036,51022,51036,14
sniffing,51037,51036,51037,1
rising,51044,51037,51044,7
jumping,51149,51044,51149,105
sniffing,51223,51149,51223,74
right_turning,51224,51223,51224,1
walking,51272,51224,51272,48
rising,51307,51272,51307,35
climbing,51353,51307,51353,46
hunching,51438,51353,51438,85
walking,51461,51438,51461,23
sniffing,51477,51461,51477,16
rising,51478,51477,51478,1
rearing,51479,51478,51479,1
sniffing,51588,51479,51588,109
walking,51624,51588,51624,36
right_turning,51660,51624,51660,36
sniffing,51695,51660,51695,35
right_turning,51734,51695,51734,39
walking,51774,51734,51774,40
sniffing,51842,51774,51842,68
trotting,51882,51842,51882,40
stepping,51915,51882,51915,33
sniffing,51916,51915,51916,1
climbing,51921,51916,51921,5
rising,51930,51921,51930,9
rearing,51931,51930,51931,1
hunching,51932,51931,51932,1
climbing,51969,51932,51969,37
walking,52000,51969,52000,31
sniffing,52093,52000,52093,93
rising,52094,52093,52094,1
climbing,52155,52094,52155,61
hunching,52179,52155,52179,24
trotting,52180,52179,52180,1
rising,52191,52180,52191,11
climbing,52235,52191,52235,44
running,52254,52235,52254,19
walking,52267,52254,52267,13
rising,52273,52267,52273,6
sniffing,52534,52273,52534,261
jumping,52564,52534,52564,30
rising,52565,52564,52565,1
sniffing,52588,52565,52588,23
walking,52620,52588,52620,32
sniffing,52724,52620,52724,104
trotting,52758,52724,52758,34
running,52801,52758,52801,43
sniffing,52802,52801,52802,1
rising,52885,52802,52885,83
climbing,52961,52885,52961,76
hunching,53026,52961,53026,65
trotting,53054,53026,53054,28
walking,53112,53054,53112,58
climbing,53183,53112,53183,71
stepping,53222,53183,53222,39
sniffing,53237,53222,53237,15
rising,53289,53237,53289,52
sniffing,53323,53289,53323,34
walking,53333,53323,53333,10
sniffing,53342,53333,53342,9
climbing,53397,53342,53397,55
running,53419,53397,53419,22
sniffing,53420,53419,53420,1
right_turning,53438,53420,53438,18
sniffing,53441,53438,53441,3
left_turning,53454,53441,53454,13
right_turning,53455,53454,53455,1
sniffing,53490,53455,53490,35
trotting,53521,53490,53521,31
rising,53668,53521,53668,147
climbing,53671,53668,53671,3
right_turning,53673,53671,53673,2
rising,53676,53673,53676,3
climbing,53693,53676,53693,17
walking,53698,53693,53698,5
stepping,53706,53698,53706,8
climbing,53758,53706,53758,52
rearing,53817,53758,53817,59
grooming,53818,53817,53818,1
hunching,53819,53818,53819,1
stepping,53851,53819,53851,32
rising,53858,53851,53858,7
climbing,53926,53858,53926,68
rearing,53975,53926,53975,49
rising,53995,53975,53995,20
sniffing,54027,53995,54027,32
walking,54041,54027,54041,14
sniffing,54042,54041,54042,1
grooming,54462,54042,54462,420
sniffing,54495,54462,54495,33
right_turning,54501,54495,54501,6
climbing,54529,54501,54529,28
walking,54587,54529,54587,58
sniffing,54588,54587,54588,1
rearing,54620,54588,54620,32
walking,54621,54620,54621,1
rising,54663,54621,54663,42
climbing,54709,54663,54709,46
right_turning,54710,54709,54710,1
rising,54743,54710,54743,33
sniffing,54796,54743,54796,53
rising,54797,54796,54797,1
walking,54847,54797,54847,50
left_turning,54862,54847,54862,15
sniffing,54863,54862,54863,1
left_turning,54864,54863,54864,1
right_turning,54883,54864,54883,19
rearing,54914,54883,54914,31
jumping,54968,54914,54968,54
rearing,55122,54968,55122,154
sniffing,55155,55122,55155,33
rising,55274,55155,55274,119
climbing,55275,55274,55275,1
rising,55291,55275,55291,16
grooming,55417,55291,55417,126
right_turning,55429,55417,55429,12
rising,55441,55429,55441,12
rearing,55486,55441,55486,45
left_turning,55502,55486,55502,16
walking,55534,55502,55534,32
left_turning,55550,55534,55550,16
sniffing,55556,55550,55556,6
stepping,55559,55556,55559,3
sniffing,55566,55559,55566,7
rising,55567,55566,55567,1
climbing,55568,55567,55568,1
sniffing,55569,55568,55569,1
left_turning,55575,55569,55575,6
trotting,55622,55575,55622,47
rising,55710,55622,55710,88
left_turning,55718,55710,55718,8
sniffing,55719,55718,55719,1
rising,55720,55719,55720,1
climbing,55748,55720,55748,28
sniffing,55771,55748,55771,23
climbing,55819,55771,55819,48
walking,55848,55819,55848,29
sniffing,55928,55848,55928,80
stepping,55978,55928,55978,50
rearing,56040,55978,56040,62
right_turning,56042,56040,56042,2
climbing,56047,56042,56047,5
rising,56082,56047,56082,35
climbing,56108,56082,56108,26
running,56129,56108,56129,21
trotting,56159,56129,56159,30
walking,56180,56159,56180,21
rising,56225,56180,56225,45
sniffing,56263,56225,56263,38
trotting,56279,56263,56279,16
sniffing,56316,56279,56316,37
rearing,56317,56316,56317,1
climbing,56364,56317,56364,47
sniffing,56401,56364,56401,37
climbing,56485,56401,56485,84
rising,56524,56485,56524,39
hunching,56525,56524,56525,1
walking,56562,56525,56562,37
climbing,56646,56562,56646,84
walking,56681,56646,56681,35
climbing,56707,56681,56707,26
walking,56737,56707,56737,30
left_turning,56763,56737,56763,26
sniffing,56816,56763,56816,53
rising,56855,56816,56855,39
climbing,56886,56855,56886,31
walking,56915,56886,56915,29
left_turning,56916,56915,56916,1
sniffing,56933,56916,56933,17
rising,56956,56933,56956,23
rearing,57024,56956,57024,68
rising,57094,57024,57094,70
sniffing,57095,57094,57095,1
pausing,57096,57095,57096,1
sniffing,57118,57096,57118,22
running,57122,57118,57122,4
sniffing,57123,57122,57123,1
rising,57124,57123,57124,1
right_turning,57136,57124,57136,12
sniffing,57137,57136,57137,1
stepping,57195,57137,57195,58
sniffing,57233,57195,57233,38
rising,57234,57233,57234,1
sniffing,57249,57234,57249,15
rising,57256,57249,57256,7
climbing,57275,57256,57275,19
sniffing,57360,57275,57360,85
rising,57414,57360,57414,54
running,57426,57414,57426,12
walking,57444,57426,57444,18
sniffing,57451,57444,57451,7
stepping,57461,57451,57461,10
climbing,57496,57461,57496,35
hunching,57497,57496,57497,1
sniffing,57553,57497,57553,56
stepping,57608,57553,57608,55
sniffing,57632,57608,57632,24
pausing,57633,57632,57633,1
sniffing,57706,57633,57706,73
walking,57771,57706,57771,65
rising,57807,57771,57807,36
climbing,57813,57807,57813,6
right_turning,57833,57813,57833,20
sniffing,57834,57833,57834,1
rearing,57865,57834,57865,31
hunching,57876,57865,57876,11
right_turning,57886,57876,57886,10
rising,58008,57886,58008,122
sniffing,58114,58008,58114,106
trotting,58146,58114,58146,32
left_turning,58147,58146,58147,1
rearing,58238,58147,58238,91
climbing,58293,58238,58293,55
sniffing,58382,58293,58382,89
right_turning,58395,58382,58395,13
walking,58413,58395,58413,18
sniffing,58451,58413,58451,38
running,58464,58451,58464,13
sniffing,58465,58464,58465,1
rising,58493,58465,58493,28
walking,58535,58493,58535,42
stepping,58536,58535,58536,1
rearing,58652,58536,58652,116
sniffing,58701,58652,58701,49
rearing,58702,58701,58702,1
sniffing,58726,58702,58726,24
left_turning,58785,58726,58785,59
running,58788,58785,58788,3
rising,58789,58788,58789,1
left_turning,58852,58789,58852,63
walking,58863,58852,58863,11
rising,58884,58863,58884,21
climbing,58905,58884,58905,21
sniffing,58906,58905,58906,1
left_turning,59016,58906,59016,110
sniffing,59092,59016,59092,76
climbing,59143,59092,59143,51
walking,59144,59143,59144,1
sniffing,59216,59144,59216,72
rising,59220,59216,59220,4
sniffing,59221,59220,59221,1
left_turning,59443,59221,59443,222
walking,59485,59443,59485,42
sniffing,59522,59485,59522,37
rearing,59540,59522,59540,18
rising,59588,59540,59588,48
climbing,59589,59588,59589,1
rising,59660,59589,59660,71
trotting,59725,59660,59725,65
sniffing,59786,59725,59786,61
hunching,59834,59786,59834,48
sniffing,59934,59834,59934,100
rising,59945,59934,59945,11
sniffing,59946,59945,59946,1
left_turning,59970,59946,59970,24
walking,59997,59970,59997,27
stepping,60011,59997,60011,14
walking,60067,60011,60067,56
rising,60084,60067,60084,17
sniffing,60097,60084,60097,13
walking,60152,60097,60152,55
sniffing,60153,60152,60153,1
walking,60180,60153,60180,27
sniffing,60235,60180,60235,55
climbing,60275,60235,60275,40
rearing,60508,60275,60508,233
climbing,60555,60508,60555,47
grooming,60806,60555,60806,251
left_turning,60849,60806,60849,43
running,60893,60849,60893,44
rising,60895,60893,60895,2
stepping,60949,60895,60949,54
sniffing,60973,60949,60973,24
stepping,60995,60973,60995,22
walking,61011,60995,61011,16
rising,61020,61011,61020,9
running,61035,61020,61035,15
walking,61040,61035,61040,5
sniffing,61041,61040,61041,1
walking,61062,61041,61062,21
sniffing,61134,61062,61134,72
stepping,61144,61134,61144,10
running,61177,61144,61177,33
stepping,61231,61177,61231,54
hunching,61350,61231,61350,119
right_turning,61380,61350,61380,30
sniffing,61404,61380,61404,24
left_turning,61471,61404,61471,67
sniffing,61472,61471,61472,1
trotting,61498,61472,61498,26
sniffing,61533,61498,61533,35
stepping,61568,61533,61568,35
sniffing,61696,61568,61696,128
pausing,61697,61696,61697,1
sniffing,61819,61697,61819,122
trotting,61824,61819,61824,5
sniffing,61902,61824,61902,78
rearing,61973,61902,61973,71
hunching,62164,61973,62164,191
right_turning,62194,62164,62194,30
sniffing,62197,62194,62197,3
walking,62212,62197,62212,15
sniffing,62234,62212,62234,22
left_turning,62334,62234,62334,100
walking,62374,62334,62374,40
trotting,62406,62374,62406,32
running,62442,62406,62442,36
sniffing,62443,62442,62443,1
walking,62459,62443,62459,16
sniffing,62465,62459,62465,6
hunching,62544,62465,62544,79
sniffing,62545,62544,62545,1
rising,62631,62545,62631,86
rearing,62643,62631,62643,12
rising,62702,62643,62702,59
climbing,62752,62702,62752,50
rearing,62858,62752,62858,106
sniffing,62893,62858,62893,35
trotting,62968,62893,62968,75
sniffing,62978,62968,62978,10
left_turning,62979,62978,62979,1
trotting,63018,62979,63018,39
walking,63057,63018,63057,39
sniffing,63058,63057,63058,1
rising,63088,63058,63088,30
climbing,63113,63088,63113,25
walking,63183,63113,63183,70
trotting,63219,63183,63219,36
climbing,63318,63219,63318,99
grooming,63535,63318,63535,217
hunching,63591,63535,63591,56
rearing,63720,63591,63720,129
climbing,63721,63720,63721,1
rising,63732,63721,63732,11
grooming,63733,63732,63733,1
sniffing,63842,63733,63842,109
hunching,63843,63842,63843,1
rising,63844,63843,63844,1
sniffing,63889,63844,63889,45
climbing,63893,63889,63893,4
right_turning,63902,63893,63902,9
stepping,63936,63902,63936,34
sniffing,63977,63936,63977,41
grooming,64698,63977,64698,721
hunching,64829,64698,64829,131
trotting,64857,64829,64857,28
walking,64880,64857,64880,23
climbing,64885,64880,64885,5
walking,64886,64885,64886,1
sniffing,64908,64886,64908,22
walking,64934,64908,64934,26
left_turning,64952,64934,64952,18
sniffing,65013,64952,65013,61
grooming,65359,65013,65359,346
climbing,65387,65359,65387,28
hunching,65447,65387,65447,60
grooming,65448,65447,65448,1
sniffing,65484,65448,65484,36
rearing,65485,65484,65485,1
rising,65516,65485,65516,31
rearing,65572,65516,65572,56
rising,65580,65572,65580,8
climbing,65599,65580,65599,19
sniffing,65683,65599,65683,84
climbing,65736,65683,65736,53
rising,65867,65736,65867,131
sniffing,65921,65867,65921,54
trotting,65955,65921,65955,34
left_turning,66019,65955,66019,64
sniffing,66125,66019,66125,106
stepping,66126,66125,66126,1
sniffing,66199,66126,66199,73
walking,66206,66199,66206,7
left_turning,66265,66206,66265,59
rising,66313,66265,66313,48
climbing,66314,66313,66314,1
sniffing,66330,66314,66330,16
left_turning,66386,66330,66386,56
running,66403,66386,66403,17
sniffing,66463,66403,66463,60
climbing,66494,66463,66494,31
running,66511,66494,66511,17
sniffing,66512,66511,66512,1
left_turning,66538,66512,66538,26
trotting,66555,66538,66555,17
rising,66556,66555,66556,1
sniffing,66557,66556,66557,1
rearing,66577,66557,66577,20
climbing,66629,66577,66629,52
sniffing,66630,66629,66630,1
hunching,66631,66630,66631,1
climbing,66706,66631,66706,75
sniffing,66707,66706,66707,1
grooming,67107,66707,67107,400
hunching,67228,67107,67228,121
rearing,67247,67228,67247,19
sniffing,67248,67247,67248,1
right_turning,67260,67248,67260,12
sniffing,67397,67260,67397,137
rising,67398,67397,67398,1
sniffing,67627,67398,67627,229
trotting,67645,67627,67645,18
sniffing,67743,67645,67743,98
trotting,67757,67743,67757,14
sniffing,67849,67757,67849,92
walking,67923,67849,67923,74
sniffing,67942,67923,67942,19
walking,67957,67942,67957,15
rising,68035,67957,68035,78
sniffing,68062,68035,68062,27
rising,68063,68062,68063,1
left_turning,68103,68063,68103,40
walking,68203,68103,68203,100
sniffing,68242,68203,68242,39
climbing,68332,68242,68332,90
sniffing,68398,68332,68398,66
rising,68400,68398,68400,2
hunching,68498,68400,68498,98
sniffing,68580,68498,68580,82
left_turning,68642,68580,68642,62
trotting,68659,68642,68659,17
sniffing,68677,68659,68677,18
climbing,68687,68677,68687,10
rising,68690,68687,68690,3
rearing,68777,68690,68777,87
rising,68836,68777,68836,59
sniffing,68905,68836,68905,69
rearing,69169,68905,69169,264
grooming,69204,69169,69204,35
rearing,69205,69204,69205,1
sniffing,69244,69205,69244,39
rising,69249,69244,69249,5
right_turning,69256,69249,69256,7
sniffing,69329,69256,69329,73
walking,69345,69329,69345,16
left_turning,69397,69345,69397,52
sniffing,69398,69397,69398,1
hunching,69419,69398,69419,21
climbing,69465,69419,69465,46
rising,69466,69465,69466,1
climbing,69524,69466,69524,58
sniffing,69540,69524,69540,16
left_turning,69565,69540,69565,25
walking,69573,69565,69573,8
climbing,69620,69573,69620,47
rearing,69748,69620,69748,128
rising,69778,69748,69778,30
climbing,69832,69778,69832,54
rearing,70031,69832,70031,199
right_turning,70040,70031,70040,9
walking,70102,70040,70102,62
climbing,70106,70102,70106,4
rising,70147,70106,70147,41
left_turning,70219,70147,70219,72
walking,70263,70219,70263,44
left_turning,70264,70263,70264,1
sniffing,70270,70264,70270,6
left_turning,70271,70270,70271,1
trotting,70320,70271,70320,49
left_turning,70377,70320,70377,57
sniffing,70378,70377,70378,1
left_turning,70464,70378,70464,86
sniffing,70465,70464,70465,1
climbing,70535,70465,70535,70
rearing,70539,70535,70539,4
left_turning,70553,70539,70553,14
walking,70608,70553,70608,55
left_turning,70691,70608,70691,83
walking,70697,70691,70697,6
sniffing,70744,70697,70744,47
walking,70758,70744,70758,14
rearing,70762,70758,70762,4
sniffing,70911,70762,70911,149
right_turning,70947,70911,70947,36
walking,70984,70947,70984,37
jumping,71029,70984,71029,45
climbing,71053,71029,71053,24
walking,71091,71053,71091,38
sniffing,71107,71091,71107,16
climbing,71145,71107,71145,38
rearing,71146,71145,71146,1
left_turning,71157,71146,71157,11
walking,71158,71157,71158,1
sniffing,71285,71158,71285,127
walking,71327,71285,71327,42
stepping,71338,71327,71338,11
sniffing,71339,71338,71339,1
rising,71388,71339,71388,49
rearing,71452,71388,71452,64
rising,71470,71452,71470,18
grooming,71471,71470,71471,1
right_turning,71488,71471,71488,17
sniffing,71520,71488,71520,32
walking,71595,71520,71595,75
sniffing,71599,71595,71599,4
right_turning,71600,71599,71600,1
trotting,71617,71600,71617,17
walking,71637,71617,71637,20
left_turning,71727,71637,71727,90
sniffing,71843,71727,71843,116
walking,71914,71843,71914,71
rising,71922,71914,71922,8
climbing,71992,71922,71992,70
walking,71994,71992,71994,2
sniffing,72028,71994,72028,34
pausing,72178,72028,72178,150
sniffing,72193,72178,72193,15
climbing,72225,72193,72225,32
sniffing,72228,72225,72228,3
climbing,72309,72228,72309,81
rearing,72310,72309,72310,1
trotting,72334,72310,72334,24
sniffing,72466,72334,72466,132
rising,72467,72466,72467,1
sniffing,72489,72467,72489,22
left_turning,72577,72489,72577,88
sniffing,72631,72577,72631,54
rising,72649,72631,72649,18
walking,72678,72649,72678,29
sniffing,72717,72678,72717,39
grooming,72732,72717,72732,15
climbing,72782,72732,72782,50
rising,72802,72782,72802,20
climbing,72860,72802,72860,58
running,72898,72860,72898,38
climbing,72965,72898,72965,67
rearing,73016,72965,73016,51
climbing,73077,73016,73077,61
rearing,73078,73077,73078,1
walking,73089,73078,73089,11
left_turning,73178,73089,73178,89
walking,73224,73178,73224,46
sniffing,73340,73224,73340,116
left_turning,73370,73340,73370,30
walking,73390,73370,73390,20
sniffing,73457,73390,73457,67
right_turning,73473,73457,73473,16
walking,73541,73473,73541,68
climbing,73547,73541,73547,6
rising,73557,73547,73557,10
walking,73598,73557,73598,41
sniffing,73620,73598,73620,22
climbing,73635,73620,73635,15
rearing,73673,73635,73673,38
sniffing,73674,73673,73674,1
rising,73675,73674,73675,1
climbing,73750,73675,73750,75
sniffing,73883,73750,73883,133
walking,73890,73883,73890,7
rearing,74045,73890,74045,155
walking,74050,74045,74050,5
trotting,74054,74050,74054,4
rising,74119,74054,74119,65
sniffing,74141,74119,74141,22
rising,74209,74141,74209,68
walking,74271,74209,74271,62
rising,74299,74271,74299,28
sniffing,74351,74299,74351,52
right_turning,74378,74351,74378,27
walking,74379,74378,74379,1
climbing,74413,74379,74413,34
rising,74443,74413,74443,30
climbing,74557,74443,74557,114
trotting,74558,74557,74558,1
rising,74571,74558,74571,13
climbing,74600,74571,74600,29
grooming,74626,74600,74626,26
hunching,74699,74626,74699,73
rising,74700,74699,74700,1
walking,74717,74700,74717,17
climbing,74729,74717,74729,12
rearing,74899,74729,74899,170
hunching,74971,74899,74971,72
sniffing,75076,74971,75076,105
rising,75082,75076,75082,6
climbing,75165,75082,75165,83
trotting,75166,75165,75166,1
walking,75206,75166,75206,40
rising,75207,75206,75207,1
sniffing,75244,75207,75244,37
climbing,75283,75244,75283,39
sniffing,75321,75283,75321,38
walking,75402,75321,75402,81
sniffing,75425,75402,75425,23
walking,75444,75425,75444,19
sniffing,75516,75444,75516,72
left_turning,75517,75516,75517,1
running,75540,75517,75540,23
sniffing,75556,75540,75556,16
hunching,75557,75556,75557,1
right_turning,75566,75557,75566,9
sniffing,75567,75566,75567,1
right_turning,75583,75567,75583,16
sniffing,75584,75583,75584,1
walking,75664,75584,75664,80
left_turning,75682,75664,75682,18
sniffing,75750,75682,75750,68
climbing,75828,75750,75828,78
rearing,75888,75828,75888,60
grooming,76003,75888,76003,115
climbing,76029,76003,76029,26
hunching,76096,76029,76096,67
sniffing,76097,76096,76097,1
rising,76137,76097,76137,40
sniffing,76138,76137,76138,1
rearing,76216,76138,76216,78
grooming,76543,76216,76543,327
left_turning,76578,76543,76578,35
walking,76596,76578,76596,18
sniffing,76729,76596,76729,133
stepping,76771,76729,76771,42
climbing,76824,76771,76824,53
stepping,76870,76824,76870,46
walking,76942,76870,76942,72
sniffing,76975,76942,76975,33
climbing,77046,76975,77046,71
rearing,77063,77046,77063,17
walking,77106,77063,77106,43
rising,77141,77106,77141,35
climbing,77197,77141,77197,56
sniffing,77249,77197,77249,52
left_turning,77288,77249,77288,39
sniffing,77306,77288,77306,18
rising,77316,77306,77316,10
sniffing,77339,77316,77339,23
trotting,77340,77339,77340,1
walking,77378,77340,77378,38
sniffing,77390,77378,77390,12
left_turning,77391,77390,77391,1
walking,77434,77391,77434,43
stepping,77453,77434,77453,19
rising,77524,77453,77524,71
grooming,77754,77524,77754,230
sniffing,77755,77754,77755,1
left_turning,77771,77755,77771,16
sniffing,77798,77771,77798,27
stepping,77832,77798,77832,34
sniffing,77924,77832,77924,92
walking,77980,77924,77980,56
rising,78006,77980,78006,26
sniffing,78043,78006,78043,37
right_turning,78083,78043,78083,40
walking,78122,78083,78122,39
sniffing,78123,78122,78123,1
stepping,78175,78123,78175,52
walking,78210,78175,78210,35
sniffing,78220,78210,78220,10
walking,78246,78220,78246,26
stepping,78247,78246,78247,1
walking,78291,78247,78291,44
sniffing,78384,78291,78384,93
left_turning,78443,78384,78443,59
sniffing,78515,78443,78515,72
climbing,78546,78515,78546,31
sniffing,78547,78546,78547,1
climbing,78548,78547,78548,1
trotting,78587,78548,78587,39
sniffing,78621,78587,78621,34
climbing,78643,78621,78643,22
hunching,78746,78643,78746,103
sniffing,78794,78746,78794,48
left_turning,78866,78794,78866,72
sniffing,78900,78866,78900,34
rising,78917,78900,78917,17
walking,78956,78917,78956,39
rising,78965,78956,78965,9
climbing,79033,78965,79033,68
sniffing,79077,79033,79077,44
rearing,79169,79077,79169,92
rising,79177,79169,79177,8
sniffing,79178,79177,79178,1
rising,79195,79178,79195,17
rearing,79312,79195,79312,117
rising,79378,79312,79378,66
walking,79423,79378,79423,45
rising,79424,79423,79424,1
grooming,79425,79424,79425,1
sniffing,79517,79425,79517,92
rising,79552,79517,79552,35
climbing,79580,79552,79580,28
left_turning,79595,79580,79595,15
trotting,79627,79595,79627,32
sniffing,79628,79627,79628,1
rising,79679,79628,79679,51
sniffing,79692,79679,79692,13
climbing,79736,79692,79736,44
rearing,79790,79736,79790,54
climbing,79799,79790,79799,9
sniffing,79800,79799,79800,1
walking,79836,79800,79836,36
sniffing,79837,79836,79837,1
right_turning,79864,79837,79864,27
running,79899,79864,79899,35
sniffing,79998,79899,79998,99
rising,80009,79998,80009,11
climbing,80055,80009,80055,46
sniffing,80110,80055,80110,55
climbing,80152,80110,80152,42
sniffing,80153,80152,80153,1
walking,80182,80153,80182,29
climbing,80202,80182,80202,20
sniffing,80267,80202,80267,65
climbing,80275,80267,80275,8
walking,80287,80275,80287,12
climbing,80322,80287,80322,35
rising,80350,80322,80350,28
sniffing,80432,80350,80432,82
hunching,80612,80432,80612,180
sniffing,80613,80612,80613,1
rising,80682,80613,80682,69
sniffing,80714,80682,80714,32
climbing,80742,80714,80742,28
right_turning,80762,80742,80762,20
walking,80763,80762,80763,1
rearing,80786,80763,80786,23
running,80807,80786,80807,21
walking,80888,80807,80888,81
sniffing,80892,80888,80892,4
rising,80936,80892,80936,44
walking,80949,80936,80949,13
right_turning,80950,80949,80950,1
walking,81006,80950,81006,56
rearing,81014,81006,81014,8
rising,81067,81014,81067,53
sniffing,81100,81067,81100,33
rising,81147,81100,81147,47
climbing,81172,81147,81172,25
rising,81173,81172,81173,1
sniffing,81174,81173,81174,1
climbing,81217,81174,81217,43
walking,81243,81217,81243,26
stepping,81302,81243,81302,59
sniffing,81315,81302,81315,13
pausing,81625,81315,81625,310
sniffing,81641,81625,81641,16
grooming,82022,81641,82022,381
sniffing,82098,82022,82098,76
walking,82099,82098,82099,1
left_turning,82186,82099,82186,87
running,82205,82186,82205,19
left_turning,82256,82205,82256,51
walking,82302,82256,82302,46
stepping,82359,82302,82359,57
left_turning,82360,82359,82360,1
sniffing,82361,82360,82361,1
rising,82411,82361,82411,50
sniffing,82489,82411,82489,78
left_turning,82568,82489,82568,79
sniffing,82592,82568,82592,24
walking,82619,82592,82619,27
sniffing,82695,82619,82695,76
trotting,82721,82695,82721,26
left_turning,82736,82721,82736,15
sniffing,82812,82736,82812,76
rising,82813,82812,82813,1
climbing,82864,82813,82864,51
rising,82880,82864,82880,16
climbing,83002,82880,83002,122
sniffing,83023,83002,83023,21
rising,83080,83023,83080,57
climbing,83108,83080,83108,28
sniffing,83183,83108,83183,75
rising,83184,83183,83184,1
sniffing,83207,83184,83207,23
right_turning,83231,83207,83231,24
sniffing,83232,83231,83232,1
trotting,83262,83232,83262,30
left_turning,83263,83262,83263,1
walking,83308,83263,83308,45
left_turning,83342,83308,83342,34
walking,83391,83342,83391,49
sniffing,83465,83391,83465,74
rising,83527,83465,83527,62
sniffing,83554,83527,83554,27
stepping,83555,83554,83555,1
rearing,83562,83555,83562,7
grooming,83563,83562,83563,1
rearing,83610,83563,83610,47
sniffing,83611,83610,83611,1
rearing,83651,83611,83651,40
sniffing,83716,83651,83716,65
climbing,83789,83716,83789,73
right_turning,83813,83789,83813,24
running,83833,83813,83833,20
sniffing,83883,83833,83883,50
left_turning,83956,83883,83956,73
sniffing,84030,83956,84030,74
climbing,84031,84030,84031,1
hunching,84161,84031,84161,130
rising,84229,84161,84229,68
climbing,84273,84229,84273,44
rising,84274,84273,84274,1
hunching,84369,84274,84369,95
rising,84391,84369,84391,22
walking,84417,84391,84417,26
right_turning,84434,84417,84434,17
sniffing,84554,84434,84554,120
stepping,84566,84554,84566,12
walking,84567,84566,84567,1
rising,84613,84567,84613,46
right_turning,84615,84613,84615,2
trotting,84675,84615,84675,60
rearing,84730,84675,84730,55
grooming,85001,84730,85001,271
hunching,85037,85001,85037,36
grooming,85255,85037,85255,218
rearing,85256,85255,85256,1
walking,85287,85256,85287,31
sniffing,85324,85287,85324,37
left_turning,85391,85324,85391,67
walking,85446,85391,85446,55
sniffing,85447,85446,85447,1
grooming,85681,85447,85681,234
sniffing,85704,85681,85704,23
rising,85773,85704,85773,69
walking,85774,85773,85774,1
stepping,85775,85774,85775,1
walking,85822,85775,85822,47
sniffing,85889,85822,85889,67
pausing,86013,85889,86013,124
sniffing,86123,86013,86123,110
climbing,86206,86123,86206,83
hunching,86279,86206,86279,73
sniffing,86350,86279,86350,71
hunching,86351,86350,86351,1
right_turning,86361,86351,86361,10
running,86375,86361,86375,14
sniffing,86390,86375,86390,15
walking,86416,86390,86416,26
sniffing,86422,86416,86422,6
rising,86499,86422,86499,77
climbing,86536,86499,86536,37
grooming,86911,86536,86911,375
walking,86948,86911,86948,37
sniffing,87005,86948,87005,57
rising,87041,87005,87041,36
sniffing,87042,87041,87042,1
walking,87073,87042,87073,31
left_turning,87082,87073,87082,9
sniffing,87185,87082,87185,103
pausing,87188,87185,87188,3
sniffing,87319,87188,87319,131
rising,87369,87319,87369,50
grooming,88259,87369,88259,890
rearing,88343,88259,88343,84
sniffing,88356,88343,88356,13
grooming,88357,88356,88357,1
sniffing,88374,88357,88374,17
rising,88385,88374,88385,11
trotting,88386,88385,88386,1
walking,88387,88386,88387,1
sniffing,88399,88387,88399,12
right_turning,88414,88399,88414,15
sniffing,88415,88414,88415,1
stepping,88430,88415,88430,15
left_turning,88471,88430,88471,41
sniffing,88595,88471,88595,124
walking,88631,88595,88631,36
right_turning,88633,88631,88633,2
walking,88678,88633,88678,45
sniffing,88863,88678,88863,185
climbing,88864,88863,88864,1
rearing,88958,88864,88958,94
walking,89024,88958,89024,66
sniffing,89060,89024,89060,36
walking,89120,89060,89120,60
left_turning,89165,89120,89165,45
rearing,89200,89165,89200,35
rising,89201,89200,89201,1
climbing,89311,89201,89311,110
rearing,89312,89311,89312,1
hunching,89331,89312,89331,19
grooming,89529,89331,89529,198
rising,89566,89529,89566,37
sniffing,89643,89566,89643,77
walking,89675,89643,89675,32
stepping,89720,89675,89720,45
sniffing,89763,89720,89763,43
walking,89764,89763,89764,1
stepping,89775,89764,89775,11
walking,89808,89775,89808,33
stepping,89828,89808,89828,20
left_turning,89843,89828,89843,15
sniffing,89869,89843,89869,26
hunching,89971,89869,89971,102
climbing,90115,89971,90115,144
walking,90119,90115,90119,4
rearing,90120,90119,90120,1
climbing,90131,90120,90131,11
hunching,90132,90131,90132,1
grooming,90133,90132,90133,1
hunching,90157,90133,90157,24
right_turning,90158,90157,90158,1
stepping,90159,90158,90159,1
sniffing,90160,90159,90160,1
trotting,90190,90160,90190,30
rising,90227,90190,90227,37
sniffing,90323,90227,90323,96
stepping,90331,90323,90331,8
walking,90335,90331,90335,4
rising,90342,90335,90342,7
sniffing,90422,90342,90422,80
walking,90464,90422,90464,42
sniffing,90533,90464,90533,69
rearing,90534,90533,90534,1
climbing,90622,90534,90622,88
rearing,90723,90622,90723,101
sniffing,90724,90723,90724,1
climbing,90822,90724,90822,98
rising,90839,90822,90839,17
climbing,90844,90839,90844,5
grooming,90922,90844,90922,78
right_turning,90939,90922,90939,17
rising,90951,90939,90951,12
sniffing,91012,90951,91012,61
left_turning,91031,91012,91031,19
walking,91061,91031,91061,30
hunching,91099,91061,91099,38
sniffing,91106,91099,91106,7
stepping,91126,91106,91126,20
left_turning,91221,91126,91221,95
right_turning,91224,91221,91224,3
rearing,91261,91224,91261,37
rising,91262,91261,91262,1
climbing,91301,91262,91301,39
running,91333,91301,91333,32
trotting,91352,91333,91352,19
rising,91364,91352,91364,12
sniffing,91398,91364,91398,34
rising,91415,91398,91415,17
climbing,91426,91415,91426,11
right_turning,91438,91426,91438,12
running,91451,91438,91451,13
walking,91472,91451,91472,21
rising,91501,91472,91501,29
sniffing,91576,91501,91576,75
rising,91605,91576,91605,29
climbing,91686,91605,91686,81
rising,91709,91686,91709,23
hunching,91742,91709,91742,33
climbing,91815,91742,91815,73
rearing,91950,91815,91950,135
rising,91952,91950,91952,2
sniffing,92028,91952,92028,76
left_turning,92029,92028,92029,1
sniffing,92033,92029,92033,4
grooming,92538,92033,92538,505
running,92557,92538,92557,19
walking,92582,92557,92582,25
sniffing,92729,92582,92729,147
right_turning,92769,92729,92769,40
running,92804,92769,92804,35
sniffing,92845,92804,92845,41
grooming,92846,92845,92846,1
left_turning,92930,92846,92930,84
rising,92956,92930,92956,26
climbing,92959,92956,92959,3
sniffing,93024,92959,93024,65
trotting,93072,93024,93072,48
right_turning,93104,93072,93104,32
walking,93123,93104,93123,19
sniffing,93162,93123,93162,39
walking,93180,93162,93180,18
sniffing,93181,93180,93181,1
left_turning,93235,93181,93235,54
running,93236,93235,93236,1
trotting,93281,93236,93281,45
rising,93341,93281,93341,60
sniffing,93366,93341,93366,25
left_turning,93403,93366,93403,37
walking,93468,93403,93468,65
left_turning,93490,93468,93490,22
walking,93571,93490,93571,81
rising,93620,93571,93620,49
sniffing,93760,93620,93760,140
climbing,93838,93760,93838,78
grooming,94122,93838,94122,284
rearing,94210,94122,94210,88
hunching,94241,94210,94241,31
rearing,94277,94241,94277,36
walking,94324,94277,94324,47
climbing,94372,94324,94372,48
walking,94439,94372,94439,67
rising,94442,94439,94442,3
climbing,94475,94442,94475,33
rising,94507,94475,94507,32
right_turning,94564,94507,94564,57
left_turning,94603,94564,94603,39
sniffing,94715,94603,94715,112
stepping,94716,94715,94716,1
left_turning,94760,94716,94760,44
rising,94761,94760,94761,1
rearing,94807,94761,94807,46
walking,94839,94807,94839,32
sniffing,94876,94839,94876,37
rising,94911,94876,94911,35
left_turning,94964,94911,94964,53
sniffing,94997,94964,94997,33
right_turning,95031,94997,95031,34
sniffing,95071,95031,95071,40
rearing,95100,95071,95100,29
stepping,95213,95100,95213,113
walking,95249,95213,95249,36
sniffing,95265,95249,95265,16
grooming,95303,95265,95303,38
sniffing,95332,95303,95332,29
walking,95333,95332,95333,1
sniffing,95373,95333,95373,40
climbing,95425,95373,95425,52
rearing,95506,95425,95506,81
walking,95508,95506,95508,2
rising,95522,95508,95522,14
sniffing,95551,95522,95551,29
left_turning,95552,95551,95552,1
sniffing,95644,95552,95644,92
trotting,95685,95644,95685,41
sniffing,95710,95685,95710,25
rearing,95763,95710,95763,53
rising,95817,95763,95817,54
right_turning,95837,95817,95837,20
climbing,95881,95837,95881,44
trotting,95914,95881,95914,33
walking,95915,95914,95915,1
stepping,95916,95915,95916,1
climbing,95974,95916,95974,58
sniffing,96051,95974,96051,77
walking,96052,96051,96052,1
climbing,96139,96052,96139,87
walking,96227,96139,96227,88
rising,96245,96227,96245,18
sniffing,96334,96245,96334,89
left_turning,96404,96334,96404,70
walking,96418,96404,96418,14
left_turning,96446,96418,96446,28
sniffing,96480,96446,96480,34
walking,96511,96480,96511,31
sniffing,96645,96511,96645,134
walking,96685,96645,96685,40
stepping,96692,96685,96692,7
rising,96762,96692,96762,70
sniffing,96804,96762,96804,42
rising,96819,96804,96819,15
climbing,96848,96819,96848,29
rising,96889,96848,96889,41
right_turning,96902,96889,96902,13
running,96940,96902,96940,38
rising,96947,96940,96947,7
trotting,96974,96947,96974,27
sniffing,97006,96974,97006,32
rearing,97022,97006,97022,16
climbing,97031,97022,97031,9
sniffing,97138,97031,97138,107
right_turning,97159,97138,97159,21
walking,97173,97159,97173,14
climbing,97184,97173,97184,11
rearing,97253,97184,97253,69
sniffing,97254,97253,97254,1
running,97282,97254,97282,28
sniffing,97311,97282,97311,29
left_turning,97358,97311,97358,47
walking,97386,97358,97386,28
climbing,97406,97386,97406,20
grooming,97480,97406,97480,74
sniffing,97481,97480,97481,1
climbing,97518,97481,97518,37
right_turning,97535,97518,97535,17
rising,97545,97535,97545,10
climbing,97587,97545,97587,42
walking,97660,97587,97660,73
sniffing,97661,97660,97661,1
right_turning,97678,97661,97678,17
sniffing,97795,97678,97795,117
left_turning,97796,97795,97796,1
walking,97824,97796,97824,28
sniffing,97825,97824,97825,1
rising,97826,97825,97826,1
climbing,97827,97826,97827,1
rearing,97837,97827,97837,10
rising,97852,97837,97852,15
rearing,97942,97852,97942,90
rising,98116,97942,98116,174
walking,98117,98116,98117,1
trotting,98150,98117,98150,33
walking,98177,98150,98177,27
rising,98195,98177,98195,18
climbing,98237,98195,98237,42
grooming,98358,98237,98358,121
climbing,98416,98358,98416,58
sniffing,98417,98416,98417,1
left_turning,98447,98417,98447,30
sniffing,98503,98447,98503,56
rising,98525,98503,98525,22
sniffing,98526,98525,98526,1
trotting,98580,98526,98580,54
walking,98627,98580,98627,47
sniffing,98664,98627,98664,37
rearing,98701,98664,98701,37
stepping,98741,98701,98741,40
trotting,98765,98741,98765,24
rising,98766,98765,98766,1
rearing,98767,98766,98767,1
climbing,98768,98767,98768,1
rising,98798,98768,98798,30
rearing,98802,98798,98802,4
sniffing,98867,98802,98867,65
pausing,99097,98867,99097,230
sniffing,99118,99097,99118,21
rising,99143,99118,99143,25
walking,99153,99143,99153,10
hunching,99255,99153,99255,102
sniffing,99266,99255,99266,11
left_turning,99291,99266,99291,25
climbing,99292,99291,99292,1
rising,99338,99292,99338,46
stepping,99339,99338,99339,1
walking,99350,99339,99350,11
sniffing,99412,99350,99412,62
walking,99425,99412,99425,13
sniffing,99426,99425,99426,1
climbing,99512,99426,99512,86
sniffing,99513,99512,99513,1
trotting,99522,99513,99522,9
sniffing,99523,99522,99523,1
left_turning,99537,99523,99537,14
walking,99569,99537,99569,32
sniffing,99788,99569,99788,219
grooming,99864,99788,99864,76
sniffing,99956,99864,99956,92
rising,99957,99956,99957,1
sniffing,100011,99957,100011,54
rising,100112,100011,100112,101
sniffing,100134,100112,100134,22
rearing,100234,100134,100234,100
sniffing,100302,100234,100302,68
left_turning,100392,100302,100392,90
rising,100588,100392,100588,196
climbing,100591,100588,100591,3
walking,100622,100591,100622,31
sniffing,100715,100622,100715,93
rising,100736,100715,100736,21
sniffing,100850,100736,100850,114
walking,100851,100850,100851,1
sniffing,100911,100851,100911,60
climbing,100972,100911,100972,61
rising,101024,100972,101024,52
walking,101032,101024,101032,8
sniffing,101033,101032,101033,1
stepping,101034,101033,101034,1
sniffing,101062,101034,101062,28
walking,101186,101062,101186,124
rearing,101222,101186,101222,36
sniffing,101277,101222,101277,55
rearing,101319,101277,101319,42
sniffing,101320,101319,101320,1
trotting,101342,101320,101342,22
left_turning,101400,101342,101400,58
sniffing,101566,101400,101566,166
pausing,101567,101566,101567,1
sniffing,101606,101567,101606,39
pausing,101607,101606,101607,1
sniffing,101609,101607,101609,2
climbing,101645,101609,101645,36
sniffing,101689,101645,101689,44
grooming,102216,101689,102216,527
climbing,102319,102216,102319,103
rising,102340,102319,102340,21
sniffing,102341,102340,102341,1
left_turning,102342,102341,102342,1
rearing,102364,102342,102364,22
sniffing,102389,102364,102389,25
walking,102426,102389,102426,37
sniffing,102459,102426,102459,33
walking,102492,102459,102492,33
left_turning,102534,102492,102534,42
sniffing,102606,102534,102606,72
left_turning,102682,102606,102682,76
sniffing,102813,102682,102813,131
left_turning,102835,102813,102835,22
sniffing,102884,102835,102884,49
rearing,102912,102884,102912,28
climbing,102913,102912,102913,1
trotting,102931,102913,102931,18
walking,102987,102931,102987,56
right_turning,103038,102987,103038,51
walking,103039,103038,103039,1
left_turning,103055,103039,103055,16
walking,103135,103055,103135,80
sniffing,103136,103135,103136,1
rising,103137,103136,103137,1
climbing,103138,103137,103138,1
running,103144,103138,103144,6
sniffing,103145,103144,103145,1
rising,103187,103145,103187,42
rearing,103246,103187,103246,59
sniffing,103344,103246,103344,98
pausing,103345,103344,103345,1
sniffing,103346,103345,103346,1
right_turning,103390,103346,103390,44
walking,103486,103390,103486,96
stepping,103492,103486,103492,6
walking,103528,103492,103528,36
stepping,103553,103528,103553,25
walking,103592,103553,103592,39
sniffing,103718,103592,103718,126
rising,103725,103718,103725,7
climbing,103757,103725,103757,32
trotting,103766,103757,103766,9
running,103801,103766,103801,35
right_turning,103802,103801,103802,1
sniffing,103824,103802,103824,22
rising,103903,103824,103903,79
rearing,103905,103903,103905,2
climbing,103919,103905,103919,14
walking,103941,103919,103941,22
sniffing,104177,103941,104177,236
left_turning,104182,104177,104182,5
sniffing,104276,104182,104276,94
rising,104427,104276,104427,151
sniffing,104428,104427,104428,1
left_turning,104462,104428,104462,34
climbing,104600,104462,104600,138
sniffing,104715,104600,104715,115
right_turning,104731,104715,104731,16
walking,104800,104731,104800,69
stepping,104812,104800,104812,12
sniffing,104853,104812,104853,41
right_turning,104857,104853,104857,4
rearing,104858,104857,104858,1
rising,104859,104858,104859,1
walking,104867,104859,104867,8
sniffing,104967,104867,104967,100
left_turning,104987,104967,104987,20
trotting,104988,104987,104988,1
sniffing,105042,104988,105042,54
grooming,105043,105042,105043,1
rearing,105197,105043,105197,154
climbing,105286,105197,105286,89
walking,105354,105286,105354,68
rearing,105369,105354,105369,15
left_turning,105370,105369,105370,1
sniffing,105425,105370,105425,55
rising,105475,105425,105475,50
climbing,105476,105475,105476,1
rising,105503,105476,105503,27
climbing,105568,105503,105568,65
walking,105569,105568,105569,1
rising,105762,105569,105762,193
climbing,105763,105762,105763,1
sniffing,105856,105763,105856,93
right_turning,105892,105856,105892,36
rearing,105896,105892,105896,4
climbing,105972,105896,105972,76
stepping,106003,105972,106003,31
sniffing,106103,106003,106103,100
hunching,106372,106103,106372,269
climbing,106420,106372,106420,48
stepping,106471,106420,106471,51
rising,106490,106471,106490,19
sniffing,106815,106490,106815,325
grooming,106816,106815,106816,1
sniffing,106900,106816,106900,84
climbing,106997,106900,106997,97
rearing,107011,106997,107011,14
climbing,107037,107011,107037,26
walking,107092,107037,107092,55
sniffing,107155,107092,107155,63
stepping,107156,107155,107156,1
climbing,107237,107156,107237,81
rearing,107335,107237,107335,98
sniffing,107365,107335,107365,30
left_turning,107422,107365,107422,57
sniffing,107473,107422,107473,51
climbing,107474,107473,107474,1
sniffing,107475,107474,107475,1
rising,107511,107475,107511,36
sniffing,107512,107511,107512,1
right_turning,107524,107512,107524,12
walking,107560,107524,107560,36
rising,107562,107560,107562,2
sniffing,107644,107562,107644,82
pausing,107645,107644,107645,1
sniffing,107656,107645,107656,11
climbing,107739,107656,107739,83
right_turning,107751,107739,107751,12
trotting,107778,107751,107778,27
walking,107833,107778,107833,55
stepping,107844,107833,107844,11
sniffing,107976,107844,107976,132
walking,108000,107976,108000,24
