revised_movement_label,segBoundary,segBoundary_start,segBoundary_end,length
walking,8,0,8,8
trotting,21,8,21,13
left_turning,49,21,49,28
rearing,50,49,50,1
sniffing,133,50,133,83
walking,169,133,169,36
sniffing,175,169,175,6
rising,301,175,301,126
walking,308,301,308,7
trotting,325,308,325,17
left_turning,373,325,373,48
sniffing,374,373,374,1
right_turning,377,374,377,3
trotting,397,377,397,20
sniffing,454,397,454,57
climbing,466,454,466,12
walking,500,466,500,34
trotting,523,500,523,23
rising,579,523,579,56
climbing,613,579,613,34
walking,614,613,614,1
rising,660,614,660,46
climbing,717,660,717,57
sniffing,718,717,718,1
left_turning,748,718,748,30
sniffing,851,748,851,103
walking,861,851,861,10
sniffing,925,861,925,64
rising,1160,925,1160,235
sniffing,1187,1160,1187,27
grooming,1318,1187,1318,131
sniffing,1329,1318,1329,11
left_turning,1330,1329,1330,1
trotting,1357,1330,1357,27
walking,1398,1357,1398,41
sniffing,1464,1398,1464,66
climbing,1514,1464,1514,50
sniffing,1743,1514,1743,229
climbing,1817,1743,1817,74
walking,1819,1817,1819,2
sniffing,1869,1819,1869,50
climbing,1917,1869,1917,48
sniffing,1937,1917,1937,20
left_turning,1987,1937,1987,50
sniffing,1988,1987,1988,1
rearing,2044,1988,2044,56
left_turning,2060,2044,2060,16
rearing,2190,2060,2190,130
rising,2229,2190,2229,39
stepping,2246,2229,2246,17
right_turning,2279,2246,2279,33
walking,2293,2279,2293,14
climbing,2364,2293,2364,71
rising,2365,2364,2365,1
sniffing,2446,2365,2446,81
left_turning,2479,2446,2479,33
walking,2576,2479,2576,97
stepping,2654,2576,2654,78
walking,2694,2654,2694,40
rising,2695,2694,2695,1
sniffing,2696,2695,2696,1
rising,2725,2696,2725,29
left_turning,2726,2725,2726,1
running,2747,2726,2747,21
sniffing,2915,2747,2915,168
walking,2954,2915,2954,39
trotting,2976,2954,2976,22
walking,2977,2976,2977,1
climbing,3023,2977,3023,46
walking,3050,3023,3050,27
sniffing,3083,3050,3083,33
walking,3088,3083,3088,5
sniffing,3101,3088,3101,13
climbing,3140,3101,3140,39
sniffing,3170,3140,3170,30
walking,3232,3170,3232,62
sniffing,3317,3232,3317,85
walking,3356,3317,3356,39
rising,3376,3356,3376,20
walking,3445,3376,3445,69
left_turning,3467,3445,3467,22
walking,3487,3467,3487,20
trotting,3494,3487,3494,7
sniffing,3591,3494,3591,97
walking,3619,3591,3619,28
rearing,3681,3619,3681,62
climbing,3728,3681,3728,47
rising,3729,3728,3729,1
left_turning,3730,3729,3730,1
walking,3759,3730,3759,29
sniffing,3809,3759,3809,50
climbing,3850,3809,3850,41
left_turning,3851,3850,3851,1
walking,3861,3851,3861,10
rising,3862,3861,3862,1
right_turning,3899,3862,3899,37
trotting,3920,3899,3920,21
sniffing,3942,3920,3942,22
walking,4052,3942,4052,110
sniffing,4053,4052,4053,1
stepping,4077,4053,4077,24
walking,4127,4077,4127,50
climbing,4155,4127,4155,28
rising,4164,4155,4164,9
stepping,4170,4164,4170,6
sniffing,4197,4170,4197,27
climbing,4230,4197,4230,33
rising,4268,4230,4268,38
walking,4278,4268,4278,10
sniffing,4360,4278,4360,82
trotting,4388,4360,4388,28
sniffing,4404,4388,4404,16
trotting,4411,4404,4411,7
sniffing,4522,4411,4522,111
climbing,4560,4522,4560,38
rearing,4566,4560,4566,6
climbing,4606,4566,4606,40
sniffing,4657,4606,4657,51
walking,4684,4657,4684,27
sniffing,4685,4684,4685,1
rearing,4686,4685,4686,1
grooming,4687,4686,4687,1
rearing,4688,4687,4688,1
left_turning,4689,4688,4689,1
walking,4729,4689,4729,40
climbing,4744,4729,4744,15
sniffing,4863,4744,4863,119
walking,4864,4863,4864,1
sniffing,4988,4864,4988,124
stepping,5048,4988,5048,60
walking,5049,5048,5049,1
left_turning,5050,5049,5050,1
trotting,5095,5050,5095,45
climbing,5127,5095,5127,32
sniffing,5131,5127,5131,4
walking,5164,5131,5164,33
rearing,5338,5164,5338,174
stepping,5342,5338,5342,4
rising,5381,5342,5381,39
sniffing,5394,5381,5394,13
rising,5508,5394,5508,114
climbing,5536,5508,5536,28
sniffing,5553,5536,5553,17
hunching,5554,5553,5554,1
left_turning,5573,5554,5573,19
running,5642,5573,5642,69
walking,5651,5642,5651,9
left_turning,5680,5651,5680,29
walking,5709,5680,5709,29
rising,5710,5709,5710,1
grooming,5711,5710,5711,1
left_turning,5776,5711,5776,65
walking,5811,5776,5811,35
sniffing,5812,5811,5812,1
walking,5813,5812,5813,1
climbing,5846,5813,5846,33
walking,5872,5846,5872,26
rising,5874,5872,5874,2
climbing,5942,5874,5942,68
rising,5943,5942,5943,1
climbing,5962,5943,5962,19
walking,5979,5962,5979,17
sniffing,6032,5979,6032,53
climbing,6080,6032,6080,48
walking,6091,6080,6091,11
stepping,6148,6091,6148,57
sniffing,6193,6148,6193,45
rising,6317,6193,6317,124
climbing,6396,6317,6396,79
running,6407,6396,6407,11
walking,6450,6407,6450,43
left_turning,6529,6450,6529,79
walking,6604,6529,6604,75
left_turning,6605,6604,6605,1
trotting,6621,6605,6621,16
sniffing,6668,6621,6668,47
climbing,6689,6668,6689,21
rising,6690,6689,6690,1
walking,6691,6690,6691,1
sniffing,6742,6691,6742,51
climbing,6774,6742,6774,32
stepping,6780,6774,6780,6
walking,6833,6780,6833,53
climbing,6860,6833,6860,27
walking,6865,6860,6865,5
rising,6916,6865,6916,51
right_turning,6946,6916,6946,30
walking,6966,6946,6966,20
rising,7013,6966,7013,47
sniffing,7132,7013,7132,119
walking,7139,7132,7139,7
climbing,7191,7139,7191,52
sniffing,7255,7191,7255,64
trotting,7270,7255,7270,15
left_turning,7300,7270,7300,30
walking,7315,7300,7315,15
rising,7378,7315,7378,63
sniffing,7481,7378,7481,103
walking,7495,7481,7495,14
right_turning,7523,7495,7523,28
walking,7623,7523,7623,100
sniffing,7712,7623,7712,89
climbing,7762,7712,7762,50
sniffing,7794,7762,7794,32
left_turning,7795,7794,7795,1
climbing,7830,7795,7830,35
right_turning,7848,7830,7848,18
sniffing,7874,7848,7874,26
walking,7947,7874,7947,73
rising,7948,7947,7948,1
running,7956,7948,7956,8
walking,7957,7956,7957,1
trotting,7973,7957,7973,16
stepping,7999,7973,7999,26
sniffing,8054,7999,8054,55
left_turning,8083,8054,8083,29
sniffing,8169,8083,8169,86
left_turning,8240,8169,8240,71
trotting,8248,8240,8248,8
sniffing,8249,8248,8249,1
walking,8262,8249,8262,13
rising,8378,8262,8378,116
walking,8414,8378,8414,36
sniffing,8438,8414,8438,24
climbing,8496,8438,8496,58
rising,8532,8496,8532,36
sniffing,8667,8532,8667,135
climbing,8687,8667,8687,20
trotting,8690,8687,8690,3
walking,8698,8690,8698,8
climbing,8715,8698,8715,17
left_turning,8740,8715,8740,25
stepping,8794,8740,8794,54
climbing,8820,8794,8820,26
left_turning,8884,8820,8884,64
walking,8913,8884,8913,29
rising,8945,8913,8945,32
sniffing,8957,8945,8957,12
left_turning,8965,8957,8965,8
walking,9029,8965,9029,64
sniffing,9032,9029,9032,3
left_turning,9033,9032,9033,1
walking,9064,9033,9064,31
sniffing,9065,9064,9065,1
hunching,9117,9065,9117,52
climbing,9156,9117,9156,39
walking,9157,9156,9157,1
sniffing,9200,9157,9200,43
rising,9218,9200,9218,18
walking,9248,9218,9248,30
sniffing,9249,9248,9249,1
left_turning,9291,9249,9291,42
walking,9313,9291,9313,22
left_turning,9317,9313,9317,4
sniffing,9320,9317,9320,3
grooming,9727,9320,9727,407
left_turning,9769,9727,9769,42
rising,9825,9769,9825,56
climbing,9869,9825,9869,44
sniffing,9876,9869,9876,7
rising,9877,9876,9877,1
climbing,9917,9877,9917,40
trotting,9957,9917,9957,40
sniffing,9958,9957,9958,1
walking,9990,9958,9990,32
sniffing,10020,9990,10020,30
climbing,10088,10020,10088,68
walking,10112,10088,10112,24
rising,10122,10112,10122,10
climbing,10123,10122,10123,1
grooming,10312,10123,10312,189
walking,10347,10312,10347,35
sniffing,10402,10347,10402,55
rising,10435,10402,10435,33
sniffing,10476,10435,10476,41
left_turning,10477,10476,10477,1
sniffing,10508,10477,10508,31
climbing,10553,10508,10553,45
walking,10574,10553,10574,21
right_turning,10599,10574,10599,25
rising,10629,10599,10629,30
climbing,10641,10629,10641,12
rising,10642,10641,10642,1
sniffing,10705,10642,10705,63
walking,10736,10705,10736,31
stepping,10741,10736,10741,5
sniffing,10754,10741,10754,13
rising,10790,10754,10790,36
sniffing,10834,10790,10834,44
walking,10835,10834,10835,1
sniffing,10883,10835,10883,48
left_turning,10887,10883,10887,4
rearing,11063,10887,11063,176
climbing,11087,11063,11087,24
walking,11107,11087,11107,20
sniffing,11197,11107,11197,90
left_turning,11219,11197,11219,22
sniffing,11241,11219,11241,22
climbing,11286,11241,11286,45
running,11307,11286,11307,21
sniffing,11308,11307,11308,1
running,11334,11308,11334,26
sniffing,11396,11334,11396,62
right_turning,11420,11396,11420,24
sniffing,11449,11420,11449,29
walking,11482,11449,11482,33
sniffing,11507,11482,11507,25
rising,11508,11507,11508,1
trotting,11520,11508,11520,12
sniffing,11521,11520,11521,1
left_turning,11540,11521,11540,19
sniffing,11541,11540,11541,1
left_turning,11560,11541,11560,19
sniffing,11561,11560,11561,1
rising,11621,11561,11621,60
sniffing,11663,11621,11663,42
left_turning,11664,11663,11664,1
sniffing,11750,11664,11750,86
rearing,11833,11750,11833,83
climbing,11863,11833,11863,30
rising,11902,11863,11902,39
sniffing,11903,11902,11903,1
rearing,11995,11903,11995,92
left_turning,12017,11995,12017,22
trotting,12026,12017,12026,9
sniffing,12100,12026,12100,74
hunching,12160,12100,12160,60
climbing,12190,12160,12190,30
sniffing,12191,12190,12191,1
rising,12226,12191,12226,35
sniffing,12388,12226,12388,162
walking,12430,12388,12430,42
stepping,12431,12430,12431,1
sniffing,12444,12431,12444,13
walking,12455,12444,12455,11
sniffing,12470,12455,12470,15
left_turning,12491,12470,12491,21
sniffing,12572,12491,12572,81
walking,12582,12572,12582,10
rising,12630,12582,12630,48
left_turning,12637,12630,12637,7
sniffing,12702,12637,12702,65
rising,12743,12702,12743,41
left_turning,12762,12743,12762,19
sniffing,12815,12762,12815,53
rising,12932,12815,12932,117
sniffing,12985,12932,12985,53
walking,12986,12985,12986,1
sniffing,13036,12986,13036,50
rising,13070,13036,13070,34
left_turning,13113,13070,13113,43
sniffing,13199,13113,13199,86
left_turning,13204,13199,13204,5
climbing,13259,13204,13259,55
rearing,13260,13259,13260,1
climbing,13288,13260,13288,28
sniffing,13443,13288,13443,155
running,13488,13443,13488,45
sniffing,13563,13488,13563,75
walking,13564,13563,13564,1
sniffing,13565,13564,13565,1
climbing,13595,13565,13595,30
rising,13625,13595,13625,30
sniffing,13657,13625,13657,32
running,13686,13657,13686,29
rising,13692,13686,13692,6
walking,13719,13692,13719,27
sniffing,13744,13719,13744,25
walking,13770,13744,13770,26
left_turning,13825,13770,13825,55
walking,13870,13825,13870,45
rising,13985,13870,13985,115
sniffing,14020,13985,14020,35
rearing,14153,14020,14153,133
climbing,14178,14153,14178,25
running,14183,14178,14183,5
sniffing,14239,14183,14239,56
rising,14268,14239,14268,29
climbing,14365,14268,14365,97
trotting,14399,14365,14399,34
sniffing,14473,14399,14473,74
rearing,14579,14473,14579,106
rising,14584,14579,14584,5
trotting,14599,14584,14599,15
stepping,14600,14599,14600,1
walking,14630,14600,14630,30
sniffing,14650,14630,14650,20
rearing,14780,14650,14780,130
walking,14817,14780,14817,37
sniffing,14868,14817,14868,51
climbing,14937,14868,14937,69
sniffing,15002,14937,15002,65
rising,15016,15002,15016,14
sniffing,15052,15016,15052,36
left_turning,15073,15052,15073,21
sniffing,15074,15073,15074,1
rising,15080,15074,15080,6
sniffing,15132,15080,15132,52
left_turning,15158,15132,15158,26
sniffing,15305,15158,15305,147
walking,15355,15305,15355,50
sniffing,15411,15355,15411,56
left_turning,15451,15411,15451,40
sniffing,15474,15451,15474,23
rising,15563,15474,15563,89
right_turning,15593,15563,15593,30
sniffing,15603,15593,15603,10
left_turning,15672,15603,15672,69
sniffing,15691,15672,15691,19
stepping,15777,15691,15777,86
sniffing,15778,15777,15778,1
running,15807,15778,15807,29
sniffing,15879,15807,15879,72
rising,15880,15879,15880,1
climbing,15918,15880,15918,38
running,15927,15918,15927,9
rising,16009,15927,16009,82
climbing,16030,16009,16030,21
hunching,16252,16030,16252,222
right_turning,16285,16252,16285,33
walking,16381,16285,16381,96
stepping,16393,16381,16393,12
climbing,16428,16393,16428,35
left_turning,16429,16428,16429,1
rising,16431,16429,16431,2
climbing,16481,16431,16481,50
sniffing,16515,16481,16515,34
left_turning,16516,16515,16516,1
walking,16573,16516,16573,57
rising,16574,16573,16574,1
walking,16681,16574,16681,107
stepping,16730,16681,16730,49
rising,16731,16730,16731,1
climbing,16737,16731,16737,6
left_turning,16738,16737,16738,1
running,16790,16738,16790,52
rising,16836,16790,16836,46
walking,16915,16836,16915,79
stepping,16973,16915,16973,58
sniffing,17007,16973,17007,34
walking,17010,17007,17010,3
sniffing,17022,17010,17022,12
climbing,17082,17022,17082,60
right_turning,17105,17082,17105,23
sniffing,17166,17105,17166,61
right_turning,17167,17166,17167,1
trotting,17195,17167,17195,28
climbing,17196,17195,17196,1
running,17239,17196,17239,43
sniffing,17298,17239,17298,59
rising,17388,17298,17388,90
sniffing,17424,17388,17424,36
climbing,17456,17424,17456,32
right_turning,17457,17456,17457,1
sniffing,17458,17457,17458,1
left_turning,17519,17458,17519,61
trotting,17528,17519,17528,9
rising,17529,17528,17529,1
climbing,17569,17529,17569,40
walking,17628,17569,17628,59
sniffing,17660,17628,17660,32
running,17683,17660,17683,23
sniffing,17684,17683,17684,1
climbing,17699,17684,17699,15
rising,17710,17699,17710,11
right_turning,17742,17710,17742,32
sniffing,17762,17742,17762,20
rising,17763,17762,17763,1
climbing,17815,17763,17815,52
sniffing,17826,17815,17826,11
stepping,17838,17826,17838,12
walking,17845,17838,17845,7
sniffing,17936,17845,17936,91
trotting,17952,17936,17952,16
sniffing,17953,17952,17953,1
rising,17965,17953,17965,12
sniffing,17975,17965,17975,10
rising,17976,17975,17976,1
walking,17988,17976,17988,12
rising,18031,17988,18031,43
walking,18065,18031,18065,34
sniffing,18075,18065,18075,10
rising,18076,18075,18076,1
walking,18095,18076,18095,19
climbing,18195,18095,18195,100
walking,18211,18195,18211,16
climbing,18264,18211,18264,53
walking,18265,18264,18265,1
sniffing,18342,18265,18342,77
left_turning,18380,18342,18380,38
stepping,18429,18380,18429,49
sniffing,18502,18429,18502,73
walking,18578,18502,18578,76
rising,18627,18578,18627,49
climbing,18653,18627,18653,26
rising,18689,18653,18689,36
climbing,18695,18689,18695,6
rising,18766,18695,18766,71
hunching,18767,18766,18767,1
rising,18793,18767,18793,26
climbing,18880,18793,18880,87
sniffing,18960,18880,18960,80
right_turning,18981,18960,18981,21
sniffing,19055,18981,19055,74
left_turning,19086,19055,19086,31
sniffing,19234,19086,19234,148
rearing,19238,19234,19238,4
grooming,19255,19238,19255,17
walking,19278,19255,19278,23
trotting,19293,19278,19293,15
left_turning,19341,19293,19341,48
walking,19381,19341,19381,40
trotting,19423,19381,19423,42
left_turning,19424,19423,19424,1
trotting,19440,19424,19440,16
sniffing,19441,19440,19441,1
walking,19480,19441,19480,39
rising,19561,19480,19561,81
sniffing,19591,19561,19591,30
right_turning,19623,19591,19623,32
walking,19634,19623,19634,11
climbing,19701,19634,19701,67
left_turning,19702,19701,19702,1
grooming,20912,19702,20912,1210
trotting,20932,20912,20932,20
walking,20987,20932,20987,55
sniffing,21041,20987,21041,54
climbing,21127,21041,21127,86
right_turning,21128,21127,21128,1
walking,21142,21128,21142,14
right_turning,21147,21142,21147,5
trotting,21192,21147,21192,45
walking,21218,21192,21218,26
rearing,21251,21218,21251,33
trotting,21279,21251,21279,28
sniffing,21320,21279,21320,41
hunching,21419,21320,21419,99
climbing,21478,21419,21478,59
walking,21492,21478,21492,14
sniffing,21493,21492,21493,1
rising,21494,21493,21494,1
sniffing,21495,21494,21495,1
climbing,21581,21495,21581,86
rising,21682,21581,21682,101
climbing,21746,21682,21746,64
sniffing,21768,21746,21768,22
stepping,21802,21768,21802,34
trotting,21848,21802,21848,46
sniffing,21936,21848,21936,88
right_turning,21937,21936,21937,1
stepping,21964,21937,21964,27
climbing,22008,21964,22008,44
running,22027,22008,22027,19
walking,22028,22027,22028,1
climbing,22086,22028,22086,58
rising,22136,22086,22136,50
sniffing,22137,22136,22137,1
rising,22153,22137,22153,16
climbing,22162,22153,22162,9
walking,22190,22162,22190,28
sniffing,22217,22190,22217,27
rearing,22286,22217,22286,69
grooming,22373,22286,22373,87
rearing,22426,22373,22426,53
sniffing,22571,22426,22571,145
climbing,22605,22571,22605,34
sniffing,22640,22605,22640,35
trotting,22669,22640,22669,29
sniffing,22674,22669,22674,5
trotting,22689,22674,22689,15
sniffing,22713,22689,22713,24
rearing,22743,22713,22743,30
left_turning,22793,22743,22793,50
walking,22822,22793,22822,29
trotting,22880,22822,22880,58
walking,22935,22880,22935,55
sniffing,22948,22935,22948,13
left_turning,22961,22948,22961,13
rising,22962,22961,22962,1
rearing,23109,22962,23109,147
climbing,23150,23109,23150,41
rising,23151,23150,23151,1
sniffing,23194,23151,23194,43
climbing,23255,23194,23255,61
sniffing,23283,23255,23283,28
rising,23494,23283,23494,211
climbing,23563,23494,23563,69
running,23589,23563,23589,26
sniffing,23707,23589,23707,118
running,23719,23707,23719,12
sniffing,23749,23719,23749,30
left_turning,23822,23749,23822,73
running,23865,23822,23865,43
walking,23875,23865,23875,10
running,23936,23875,23936,61
walking,23964,23936,23964,28
trotting,23996,23964,23996,32
rising,24055,23996,24055,59
climbing,24117,24055,24117,62
running,24123,24117,24123,6
sniffing,24124,24123,24124,1
left_turning,24125,24124,24125,1
sniffing,24184,24125,24184,59
left_turning,24192,24184,24192,8
walking,24270,24192,24270,78
right_turning,24305,24270,24305,35
sniffing,24356,24305,24356,51
climbing,24371,24356,24371,15
trotting,24389,24371,24389,18
sniffing,24417,24389,24417,28
left_turning,24461,24417,24461,44
sniffing,24562,24461,24562,101
right_turning,24565,24562,24565,3
running,24591,24565,24591,26
sniffing,24592,24591,24592,1
walking,24593,24592,24593,1
stepping,24645,24593,24645,52
sniffing,24661,24645,24661,16
left_turning,24671,24661,24671,10
rising,24678,24671,24678,7
climbing,24716,24678,24716,38
right_turning,24720,24716,24720,4
rising,24755,24720,24755,35
climbing,24833,24755,24833,78
sniffing,24875,24833,24875,42
rising,24876,24875,24876,1
climbing,24953,24876,24953,77
sniffing,24977,24953,24977,24
left_turning,24999,24977,24999,22
sniffing,25000,24999,25000,1
stepping,25001,25000,25001,1
walking,25011,25001,25011,10
right_turning,25065,25011,25065,54
sniffing,25126,25065,25126,61
left_turning,25138,25126,25138,12
stepping,25140,25138,25140,2
rising,25168,25140,25168,28
climbing,25196,25168,25196,28
hunching,25248,25196,25248,52
rising,25290,25248,25290,42
sniffing,25325,25290,25325,35
rising,25443,25325,25443,118
right_turning,25458,25443,25458,15
walking,25497,25458,25497,39
sniffing,25650,25497,25650,153
rising,25696,25650,25696,46
climbing,25710,25696,25710,14
right_turning,25730,25710,25730,20
trotting,25776,25730,25776,46
rising,25792,25776,25792,16
hunching,25793,25792,25793,1
rising,25920,25793,25920,127
rearing,26133,25920,26133,213
sniffing,26202,26133,26202,69
walking,26219,26202,26219,17
sniffing,26220,26219,26220,1
rising,26221,26220,26221,1
sniffing,26222,26221,26222,1
rearing,26223,26222,26223,1
left_turning,26229,26223,26229,6
sniffing,26230,26229,26230,1
walking,26274,26230,26274,44
sniffing,26347,26274,26347,73
left_turning,26466,26347,26466,119
walking,26467,26466,26467,1
sniffing,26523,26467,26523,56
trotting,26527,26523,26527,4
rising,26550,26527,26550,23
climbing,26564,26550,26564,14
grooming,26565,26564,26565,1
climbing,26601,26565,26601,36
hunching,26644,26601,26644,43
sniffing,26645,26644,26645,1
rising,26659,26645,26659,14
right_turning,26663,26659,26663,4
walking,26686,26663,26686,23
sniffing,26738,26686,26738,52
rising,26770,26738,26770,32
climbing,26814,26770,26814,44
rising,26972,26814,26972,158
climbing,27033,26972,27033,61
sniffing,27242,27033,27242,209
right_turning,27253,27242,27253,11
walking,27294,27253,27294,41
trotting,27356,27294,27356,62
stepping,27401,27356,27401,45
sniffing,27407,27401,27407,6
right_turning,27443,27407,27443,36
left_turning,27486,27443,27486,43
sniffing,27487,27486,27487,1
climbing,27589,27487,27589,102
sniffing,27590,27589,27590,1
stepping,27603,27590,27603,13
walking,27626,27603,27626,23
rising,27715,27626,27715,89
right_turning,27744,27715,27744,29
trotting,27745,27744,27745,1
sniffing,27779,27745,27779,34
rearing,27818,27779,27818,39
sniffing,27884,27818,27884,66
right_turning,27897,27884,27897,13
walking,27908,27897,27908,11
sniffing,27940,27908,27940,32
rising,28086,27940,28086,146
sniffing,28093,28086,28093,7
walking,28103,28093,28103,10
trotting,28142,28103,28142,39
rising,28197,28142,28197,55
walking,28229,28197,28229,32
sniffing,28337,28229,28337,108
walking,28338,28337,28338,1
sniffing,28415,28338,28415,77
rising,28457,28415,28457,42
walking,28559,28457,28559,102
sniffing,28563,28559,28563,4
rising,28611,28563,28611,48
right_turning,28636,28611,28636,25
sniffing,28660,28636,28660,24
trotting,28691,28660,28691,31
walking,28697,28691,28697,6
rising,28698,28697,28698,1
trotting,28738,28698,28738,40
walking,28769,28738,28769,31
stepping,28782,28769,28782,13
sniffing,28848,28782,28848,66
rising,28849,28848,28849,1
climbing,28883,28849,28883,34
rearing,28940,28883,28940,57
walking,28973,28940,28973,33
sniffing,29046,28973,29046,73
walking,29119,29046,29119,73
trotting,29137,29119,29137,18
sniffing,29138,29137,29138,1
climbing,29184,29138,29184,46
hunching,29194,29184,29194,10
sniffing,29195,29194,29195,1
climbing,29234,29195,29234,39
walking,29260,29234,29260,26
trotting,29292,29260,29292,32
running,29317,29292,29317,25
stepping,29377,29317,29377,60
right_turning,29388,29377,29388,11
sniffing,29413,29388,29413,25
climbing,29469,29413,29469,56
right_turning,29475,29469,29475,6
running,29501,29475,29501,26
walking,29510,29501,29510,9
rising,29538,29510,29538,28
left_turning,29584,29538,29584,46
walking,29616,29584,29616,32
trotting,29633,29616,29633,17
rising,29710,29633,29710,77
climbing,29711,29710,29711,1
rearing,29824,29711,29824,113
right_turning,29875,29824,29875,51
left_turning,29876,29875,29876,1
sniffing,29877,29876,29877,1
rising,29907,29877,29907,30
grooming,30648,29907,30648,741
left_turning,30681,30648,30681,33
sniffing,30726,30681,30726,45
climbing,30865,30726,30865,139
running,30881,30865,30881,16
sniffing,30911,30881,30911,30
right_turning,30927,30911,30927,16
walking,30939,30927,30939,12
climbing,30946,30939,30946,7
right_turning,30958,30946,30958,12
running,30972,30958,30972,14
rising,31014,30972,31014,42
hunching,31112,31014,31112,98
walking,31127,31112,31127,15
stepping,31164,31127,31164,37
sniffing,31201,31164,31201,37
climbing,31206,31201,31206,5
rising,31234,31206,31234,28
trotting,31250,31234,31250,16
sniffing,31311,31250,31311,61
walking,31319,31311,31319,8
sniffing,31320,31319,31320,1
rising,31321,31320,31321,1
climbing,31333,31321,31333,12
sniffing,31421,31333,31421,88
rising,31435,31421,31435,14
climbing,31451,31435,31451,16
walking,31484,31451,31484,33
sniffing,31507,31484,31507,23
walking,31603,31507,31603,96
rising,31647,31603,31647,44
left_turning,31650,31647,31650,3
trotting,31676,31650,31676,26
sniffing,31746,31676,31746,70
rising,31780,31746,31780,34
walking,31786,31780,31786,6
sniffing,31787,31786,31787,1
left_turning,31812,31787,31812,25
sniffing,31866,31812,31866,54
climbing,31896,31866,31896,30
running,31918,31896,31918,22
sniffing,31973,31918,31973,55
right_turning,31974,31973,31974,1
left_turning,32029,31974,32029,55
sniffing,32160,32029,32160,131
rising,32205,32160,32205,45
climbing,32236,32205,32236,31
sniffing,32264,32236,32264,28
rising,32307,32264,32307,43
climbing,32336,32307,32336,29
sniffing,32337,32336,32337,1
rising,32349,32337,32349,12
walking,32404,32349,32404,55
stepping,32419,32404,32419,15
walking,32431,32419,32431,12
sniffing,32432,32431,32432,1
trotting,32465,32432,32465,33
sniffing,32481,32465,32481,16
climbing,32552,32481,32552,71
right_turning,32579,32552,32579,27
walking,32604,32579,32604,25
sniffing,32635,32604,32635,31
walking,32637,32635,32637,2
sniffing,32638,32637,32638,1
rising,32701,32638,32701,63
climbing,32734,32701,32734,33
trotting,32786,32734,32786,52
rising,32886,32786,32886,100
walking,32934,32886,32934,48
right_turning,32954,32934,32954,20
running,32961,32954,32961,7
walking,32969,32961,32969,8
sniffing,33012,32969,33012,43
rising,33013,33012,33013,1
climbing,33018,33013,33018,5
sniffing,33019,33018,33019,1
climbing,33038,33019,33038,19
sniffing,33108,33038,33108,70
left_turning,33128,33108,33128,20
sniffing,33129,33128,33129,1
right_turning,33130,33129,33130,1
sniffing,33191,33130,33191,61
walking,33226,33191,33226,35
running,33259,33226,33259,33
rising,33299,33259,33299,40
grooming,33300,33299,33300,1
sniffing,33423,33300,33423,123
rising,33452,33423,33452,29
left_turning,33481,33452,33481,29
sniffing,33503,33481,33503,22
stepping,33572,33503,33572,69
right_turning,33573,33572,33573,1
sniffing,33622,33573,33622,49
left_turning,33626,33622,33626,4
rising,33627,33626,33627,1
grooming,33628,33627,33628,1
sniffing,33667,33628,33667,39
climbing,33668,33667,33668,1
right_turning,33710,33668,33710,42
sniffing,33735,33710,33735,25
left_turning,33739,33735,33739,4
climbing,33770,33739,33770,31
sniffing,33806,33770,33806,36
walking,33807,33806,33807,1
rising,33850,33807,33850,43
right_turning,33900,33850,33900,50
rising,33933,33900,33933,33
trotting,33998,33933,33998,65
sniffing,33999,33998,33999,1
climbing,34069,33999,34069,70
right_turning,34092,34069,34092,23
walking,34093,34092,34093,1
hunching,34107,34093,34107,14
stepping,34161,34107,34161,54
sniffing,34162,34161,34162,1
walking,34212,34162,34212,50
left_turning,34240,34212,34240,28
walking,34251,34240,34251,11
hunching,34252,34251,34252,1
climbing,34306,34252,34306,54
sniffing,34307,34306,34307,1
left_turning,34365,34307,34365,58
sniffing,34384,34365,34384,19
rising,34439,34384,34439,55
sniffing,34440,34439,34440,1
rising,34446,34440,34446,6
sniffing,34447,34446,34447,1
trotting,34453,34447,34453,6
sniffing,34500,34453,34500,47
left_turning,34545,34500,34545,45
running,34580,34545,34580,35
rearing,34581,34580,34581,1
right_turning,34605,34581,34605,24
left_turning,34630,34605,34630,25
trotting,34654,34630,34654,24
walking,34681,34654,34681,27
stepping,34686,34681,34686,5
walking,34716,34686,34716,30
stepping,34764,34716,34764,48
sniffing,34809,34764,34809,45
grooming,35024,34809,35024,215
rising,35067,35024,35067,43
sniffing,35102,35067,35102,35
climbing,35171,35102,35171,69
hunching,35238,35171,35238,67
sniffing,35294,35238,35294,56
rising,35295,35294,35295,1
climbing,35324,35295,35324,29
sniffing,35422,35324,35422,98
walking,35424,35422,35424,2
running,35432,35424,35432,8
trotting,35433,35432,35433,1
sniffing,35486,35433,35486,53
trotting,35526,35486,35526,40
walking,35532,35526,35532,6
sniffing,35611,35532,35611,79
climbing,35612,35611,35612,1
hunching,35634,35612,35634,22
right_turning,35664,35634,35664,30
walking,35682,35664,35682,18
stepping,35728,35682,35728,46
sniffing,35754,35728,35754,26
walking,35799,35754,35799,45
sniffing,35973,35799,35973,174
walking,36018,35973,36018,45
running,36038,36018,36038,20
sniffing,36051,36038,36051,13
left_turning,36089,36051,36089,38
sniffing,36142,36089,36142,53
walking,36180,36142,36180,38
stepping,36231,36180,36231,51
sniffing,36329,36231,36329,98
rising,36373,36329,36373,44
right_turning,36395,36373,36395,22
sniffing,36474,36395,36474,79
rearing,36505,36474,36505,31
walking,36534,36505,36534,29
sniffing,36612,36534,36612,78
rising,36613,36612,36613,1
left_turning,36643,36613,36643,30
walking,36667,36643,36667,24
climbing,36704,36667,36704,37
sniffing,36712,36704,36712,8
trotting,36723,36712,36723,11
sniffing,36750,36723,36750,27
walking,36804,36750,36804,54
sniffing,36805,36804,36805,1
hunching,36933,36805,36933,128
walking,36939,36933,36939,6
climbing,36997,36939,36997,58
rising,37007,36997,37007,10
walking,37067,37007,37067,60
climbing,37115,37067,37115,48
rearing,37116,37115,37116,1
climbing,37195,37116,37195,79
rising,37213,37195,37213,18
sniffing,37214,37213,37214,1
left_turning,37292,37214,37292,78
walking,37318,37292,37318,26
sniffing,37330,37318,37330,12
trotting,37341,37330,37341,11
climbing,37372,37341,37372,31
running,37390,37372,37390,18
walking,37406,37390,37406,16
sniffing,37435,37406,37435,29
left_turning,37508,37435,37508,73
running,37533,37508,37533,25
walking,37575,37533,37575,42
sniffing,37587,37575,37587,12
hunching,37668,37587,37668,81
walking,37714,37668,37714,46
sniffing,37715,37714,37715,1
walking,37776,37715,37776,61
sniffing,37901,37776,37901,125
left_turning,37908,37901,37908,7
sniffing,37923,37908,37923,15
pausing,38074,37923,38074,151
sniffing,38084,38074,38084,10
left_turning,38126,38084,38126,42
sniffing,38127,38126,38127,1
climbing,38167,38127,38167,40
rising,38168,38167,38168,1
rearing,38274,38168,38274,106
sniffing,38275,38274,38275,1
climbing,38316,38275,38316,41
left_turning,38338,38316,38338,22
walking,38339,38338,38339,1
sniffing,38396,38339,38396,57
walking,38403,38396,38403,7
sniffing,38446,38403,38446,43
right_turning,38459,38446,38459,13
rising,38489,38459,38489,30
sniffing,38490,38489,38490,1
climbing,38565,38490,38565,75
left_turning,38586,38565,38586,21
sniffing,38631,38586,38631,45
hunching,38638,38631,38638,7
grooming,38639,38638,38639,1
rearing,38646,38639,38646,7
grooming,38647,38646,38647,1
rearing,38737,38647,38737,90
rising,38762,38737,38762,25
climbing,38783,38762,38783,21
hunching,38784,38783,38784,1
sniffing,38906,38784,38906,122
hunching,38965,38906,38965,59
sniffing,39031,38965,39031,66
climbing,39065,39031,39065,34
trotting,39110,39065,39110,45
rising,39168,39110,39168,58
sniffing,39213,39168,39213,45
walking,39220,39213,39220,7
sniffing,39230,39220,39230,10
stepping,39260,39230,39260,30
climbing,39326,39260,39326,66
walking,39350,39326,39350,24
sniffing,39446,39350,39446,96
right_turning,39479,39446,39479,33
trotting,39506,39479,39506,27
walking,39514,39506,39514,8
sniffing,39555,39514,39555,41
rising,39556,39555,39556,1
running,39593,39556,39593,37
trotting,39605,39593,39605,12
walking,39606,39605,39606,1
rising,39607,39606,39607,1
sniffing,39676,39607,39676,69
right_turning,39703,39676,39703,27
walking,39751,39703,39751,48
climbing,39787,39751,39787,36
running,39805,39787,39805,18
walking,39821,39805,39821,16
rising,40004,39821,40004,183
sniffing,40068,40004,40068,64
climbing,40147,40068,40147,79
walking,40213,40147,40213,66
sniffing,40214,40213,40214,1
stepping,40234,40214,40234,20
sniffing,40235,40234,40235,1
grooming,40236,40235,40236,1
walking,40238,40236,40238,2
rising,40280,40238,40280,42
climbing,40367,40280,40367,87
walking,40436,40367,40436,69
left_turning,40491,40436,40491,55
stepping,40492,40491,40492,1
walking,40498,40492,40498,6
sniffing,40529,40498,40529,31
walking,40538,40529,40538,9
sniffing,40602,40538,40602,64
walking,40662,40602,40662,60
sniffing,40724,40662,40724,62
rising,40762,40724,40762,38
rearing,40763,40762,40763,1
climbing,40777,40763,40777,14
sniffing,40807,40777,40807,30
climbing,40839,40807,40839,32
right_turning,40857,40839,40857,18
walking,40889,40857,40889,32
sniffing,40922,40889,40922,33
trotting,40957,40922,40957,35
sniffing,41002,40957,41002,45
rearing,41003,41002,41003,1
rising,41055,41003,41055,52
climbing,41089,41055,41089,34
hunching,41168,41089,41168,79
rearing,41266,41168,41266,98
climbing,41335,41266,41335,69
rising,41336,41335,41336,1
rearing,41337,41336,41337,1
hunching,41355,41337,41355,18
grooming,41427,41355,41427,72
right_turning,41432,41427,41432,5
climbing,41508,41432,41508,76
right_turning,41532,41508,41532,24
sniffing,41592,41532,41592,60
walking,41615,41592,41615,23
rising,41616,41615,41616,1
climbing,41685,41616,41685,69
rising,41686,41685,41686,1
rearing,41805,41686,41805,119
sniffing,41831,41805,41831,26
walking,41869,41831,41869,38
rearing,41870,41869,41870,1
climbing,41904,41870,41904,34
rising,41911,41904,41911,7
climbing,41938,41911,41938,27
walking,41972,41938,41972,34
sniffing,41973,41972,41973,1
left_turning,42040,41973,42040,67
walking,42064,42040,42064,24
rising,42115,42064,42115,51
trotting,42130,42115,42130,15
sniffing,42131,42130,42131,1
stepping,42144,42131,42144,13
rising,42145,42144,42145,1
walking,42164,42145,42164,19
climbing,42203,42164,42203,39
sniffing,42234,42203,42234,31
walking,42286,42234,42286,52
climbing,42300,42286,42300,14
rising,42301,42300,42301,1
sniffing,42461,42301,42461,160
trotting,42478,42461,42478,17
climbing,42492,42478,42492,14
sniffing,42603,42492,42603,111
rising,42718,42603,42718,115
right_turning,42727,42718,42727,9
walking,42769,42727,42769,42
climbing,42770,42769,42770,1
right_turning,42814,42770,42814,44
walking,42830,42814,42830,16
sniffing,42899,42830,42899,69
left_turning,42922,42899,42922,23
sniffing,42923,42922,42923,1
trotting,42959,42923,42959,36
walking,43022,42959,43022,63
stepping,43034,43022,43034,12
climbing,43039,43034,43039,5
rearing,43120,43039,43120,81
sniffing,43180,43120,43180,60
walking,43207,43180,43207,27
rising,43273,43207,43273,66
left_turning,43343,43273,43343,70
sniffing,43426,43343,43426,83
walking,43473,43426,43473,47
sniffing,43485,43473,43485,12
climbing,43534,43485,43534,49
rising,43535,43534,43535,1
climbing,43554,43535,43554,19
rising,43555,43554,43555,1
climbing,43570,43555,43570,15
walking,43586,43570,43586,16
sniffing,43611,43586,43611,25
climbing,43694,43611,43694,83
left_turning,43758,43694,43758,64
trotting,43775,43758,43775,17
walking,43776,43775,43776,1
sniffing,43847,43776,43847,71
walking,43871,43847,43871,24
sniffing,43966,43871,43966,95
climbing,44010,43966,44010,44
rearing,44143,44010,44143,133
walking,44185,44143,44185,42
hunching,44245,44185,44245,60
grooming,44318,44245,44318,73
walking,44355,44318,44355,37
left_turning,44373,44355,44373,18
sniffing,44444,44373,44444,71
right_turning,44461,44444,44461,17
sniffing,44462,44461,44462,1
trotting,44507,44462,44507,45
sniffing,44508,44507,44508,1
left_turning,44509,44508,44509,1
trotting,44519,44509,44519,10
sniffing,44594,44519,44594,75
stepping,44631,44594,44631,37
sniffing,44672,44631,44672,41
right_turning,44674,44672,44674,2
walking,44770,44674,44770,96
sniffing,44817,44770,44817,47
rearing,44848,44817,44848,31
climbing,44932,44848,44932,84
trotting,44977,44932,44977,45
walking,45004,44977,45004,27
sniffing,45005,45004,45005,1
walking,45012,45005,45012,7
sniffing,45065,45012,45065,53
running,45099,45065,45099,34
sniffing,45118,45099,45118,19
hunching,45253,45118,45253,135
walking,45278,45253,45278,25
sniffing,45313,45278,45313,35
walking,45334,45313,45334,21
rising,45410,45334,45410,76
walking,45439,45410,45439,29
rising,45441,45439,45441,2
right_turning,45463,45441,45463,22
walking,45486,45463,45486,23
right_turning,45501,45486,45501,15
trotting,45524,45501,45524,23
walking,45563,45524,45563,39
rearing,45631,45563,45631,68
grooming,45632,45631,45632,1
climbing,45692,45632,45692,60
grooming,45879,45692,45879,187
rearing,45912,45879,45912,33
hunching,46061,45912,46061,149
climbing,46062,46061,46062,1
right_turning,46067,46062,46067,5
climbing,46099,46067,46099,32
running,46130,46099,46130,31
trotting,46131,46130,46131,1
right_turning,46133,46131,46133,2
walking,46166,46133,46166,33
left_turning,46167,46166,46167,1
running,46191,46167,46191,24
walking,46236,46191,46236,45
sniffing,46284,46236,46284,48
walking,46307,46284,46307,23
left_turning,46354,46307,46354,47
sniffing,46361,46354,46361,7
walking,46374,46361,46374,13
left_turning,46437,46374,46437,63
sniffing,46479,46437,46479,42
left_turning,46499,46479,46499,20
walking,46559,46499,46559,60
sniffing,46560,46559,46560,1
rising,46621,46560,46621,61
climbing,46640,46621,46640,19
walking,46677,46640,46677,37
rising,46700,46677,46700,23
rearing,46718,46700,46718,18
running,46742,46718,46742,24
walking,46868,46742,46868,126
sniffing,46925,46868,46925,57
rising,46927,46925,46927,2
climbing,46938,46927,46938,11
sniffing,47055,46938,47055,117
left_turning,47056,47055,47056,1
sniffing,47158,47056,47158,102
walking,47231,47158,47231,73
sniffing,47268,47231,47268,37
climbing,47319,47268,47319,51
running,47360,47319,47360,41
stepping,47361,47360,47361,1
walking,47411,47361,47411,50
sniffing,47412,47411,47412,1
left_turning,47462,47412,47462,50
sniffing,47463,47462,47463,1
walking,47474,47463,47474,11
sniffing,47534,47474,47534,60
left_turning,47630,47534,47630,96
walking,47674,47630,47674,44
climbing,47697,47674,47697,23
rising,47728,47697,47728,31
climbing,47777,47728,47777,49
rising,47845,47777,47845,68
rearing,47865,47845,47865,20
left_turning,47911,47865,47911,46
trotting,47952,47911,47952,41
rearing,47981,47952,47981,29
climbing,47986,47981,47986,5
rearing,47987,47986,47987,1
walking,48020,47987,48020,33
sniffing,48035,48020,48035,15
stepping,48036,48035,48036,1
rising,48193,48036,48193,157
left_turning,48194,48193,48194,1
walking,48224,48194,48224,30
stepping,48261,48224,48261,37
rearing,48303,48261,48303,42
sniffing,48335,48303,48335,32
stepping,48336,48335,48336,1
sniffing,48363,48336,48363,27
left_turning,48364,48363,48364,1
walking,48382,48364,48382,18
left_turning,48434,48382,48434,52
climbing,48456,48434,48456,22
grooming,48457,48456,48457,1
rising,48458,48457,48458,1
sniffing,48465,48458,48465,7
left_turning,48507,48465,48507,42
sniffing,48508,48507,48508,1
stepping,48557,48508,48557,49
walking,48582,48557,48582,25
climbing,48598,48582,48598,16
left_turning,48651,48598,48651,53
sniffing,48740,48651,48740,89
right_turning,48771,48740,48771,31
stepping,48829,48771,48829,58
walking,48862,48829,48862,33
sniffing,48889,48862,48889,27
rising,48915,48889,48915,26
walking,48978,48915,48978,63
sniffing,48979,48978,48979,1
right_turning,48992,48979,48992,13
sniffing,49034,48992,49034,42
left_turning,49130,49034,49130,96
sniffing,49140,49130,49140,10
rising,49172,49140,49172,32
climbing,49205,49172,49205,33
trotting,49228,49205,49228,23
running,49244,49228,49244,16
rising,49334,49244,49334,90
rearing,49461,49334,49461,127
climbing,49515,49461,49515,54
trotting,49552,49515,49552,37
walking,49595,49552,49595,43
sniffing,49624,49595,49624,29
right_turning,49674,49624,49674,50
sniffing,49741,49674,49741,67
walking,49765,49741,49765,24
sniffing,49819,49765,49819,54
right_turning,49845,49819,49845,26
walking,49846,49845,49846,1
sniffing,49857,49846,49857,11
climbing,49891,49857,49891,34
rearing,49971,49891,49971,80
sniffing,49972,49971,49972,1
right_turning,49994,49972,49994,22
walking,50038,49994,50038,44
left_turning,50074,50038,50074,36
rising,50081,50074,50081,7
rearing,50458,50081,50458,377
rising,50546,50458,50546,88
rearing,50547,50546,50547,1
climbing,50548,50547,50548,1
walking,50574,50548,50574,26
rising,50638,50574,50638,64
sniffing,50673,50638,50673,35
stepping,50674,50673,50674,1
rising,50846,50674,50846,172
left_turning,50847,50846,50847,1
sniffing,50943,50847,50943,96
climbing,51009,50943,51009,66
right_turning,51027,51009,51027,18
trotting,51034,51027,51034,7
sniffing,51133,51034,51133,99
left_turning,51163,51133,51163,30
walking,51205,51163,51205,42
sniffing,51240,51205,51240,35
right_turning,51266,51240,51266,26
running,51291,51266,51291,25
sniffing,51367,51291,51367,76
climbing,51382,51367,51382,15
rearing,51427,51382,51427,45
climbing,51447,51427,51447,20
sniffing,51468,51447,51468,21
right_turning,51510,51468,51510,42
sniffing,51511,51510,51511,1
rising,51567,51511,51567,56
walking,51586,51567,51586,19
sniffing,51603,51586,51603,17
left_turning,51620,51603,51620,17
walking,51655,51620,51655,35
stepping,51685,51655,51685,30
sniffing,51710,51685,51710,25
grooming,51749,51710,51749,39
walking,51770,51749,51770,21
rearing,51822,51770,51822,52
sniffing,51883,51822,51883,61
walking,51894,51883,51894,11
sniffing,51904,51894,51904,10
climbing,51917,51904,51917,13
right_turning,51967,51917,51967,50
walking,51978,51967,51978,11
climbing,51979,51978,51979,1
walking,52006,51979,52006,27
climbing,52015,52006,52015,9
left_turning,52096,52015,52096,81
walking,52107,52096,52107,11
sniffing,52151,52107,52151,44
pausing,52392,52151,52392,241
walking,52394,52392,52394,2
sniffing,52454,52394,52454,60
stepping,52475,52454,52475,21
hunching,52692,52475,52692,217
right_turning,52693,52692,52693,1
sniffing,52694,52693,52694,1
rising,52776,52694,52776,82
sniffing,52837,52776,52837,61
rising,52902,52837,52902,65
trotting,52918,52902,52918,16
sniffing,53042,52918,53042,124
trotting,53057,53042,53057,15
walking,53096,53057,53096,39
rearing,53181,53096,53181,85
sniffing,53222,53181,53222,41
stepping,53265,53222,53265,43
rising,53266,53265,53266,1
grooming,53267,53266,53267,1
climbing,53268,53267,53268,1
rearing,53269,53268,53269,1
grooming,53270,53269,53270,1
left_turning,53278,53270,53278,8
walking,53279,53278,53279,1
stepping,53323,53279,53323,44
climbing,53397,53323,53397,74
trotting,53438,53397,53438,41
walking,53483,53438,53483,45
rearing,53509,53483,53509,26
grooming,53510,53509,53510,1
walking,53536,53510,53536,26
sniffing,53591,53536,53591,55
walking,53592,53591,53592,1
sniffing,53760,53592,53760,168
right_turning,53805,53760,53805,45
walking,53845,53805,53845,40
sniffing,53846,53845,53846,1
walking,53890,53846,53890,44
rising,53932,53890,53932,42
left_turning,54018,53932,54018,86
walking,54040,54018,54040,22
left_turning,54087,54040,54087,47
walking,54119,54087,54119,32
rearing,54275,54119,54275,156
climbing,54377,54275,54377,102
hunching,54416,54377,54416,39
right_turning,54423,54416,54423,7
left_turning,54424,54423,54424,1
hunching,54526,54424,54526,102
sniffing,54748,54526,54748,222
grooming,54749,54748,54749,1
climbing,54813,54749,54813,64
right_turning,54814,54813,54814,1
rising,54815,54814,54815,1
running,54846,54815,54846,31
sniffing,54908,54846,54908,62
climbing,54959,54908,54959,51
walking,54973,54959,54973,14
sniffing,54974,54973,54974,1
left_turning,54977,54974,54977,3
rising,55000,54977,55000,23
sniffing,55068,55000,55068,68
right_turning,55089,55068,55089,21
stepping,55161,55089,55161,72
hunching,55174,55161,55174,13
right_turning,55227,55174,55227,53
running,55251,55227,55251,24
walking,55282,55251,55282,31
rising,55400,55282,55400,118
walking,55402,55400,55402,2
left_turning,55452,55402,55452,50
running,55490,55452,55490,38
stepping,55511,55490,55511,21
left_turning,55553,55511,55553,42
trotting,55580,55553,55580,27
sniffing,55760,55580,55760,180
walking,55790,55760,55790,30
rising,55882,55790,55882,92
climbing,55883,55882,55883,1
walking,55905,55883,55905,22
left_turning,55972,55905,55972,67
sniffing,55993,55972,55993,21
trotting,56006,55993,56006,13
sniffing,56118,56006,56118,112
jumping,56119,56118,56119,1
grooming,56268,56119,56268,149
sniffing,56287,56268,56287,19
walking,56288,56287,56288,1
climbing,56342,56288,56342,54
sniffing,56417,56342,56417,75
left_turning,56442,56417,56442,25
stepping,56463,56442,56463,21
left_turning,56491,56463,56491,28
walking,56513,56491,56513,22
sniffing,56562,56513,56562,49
grooming,56890,56562,56890,328
hunching,56943,56890,56943,53
grooming,57073,56943,57073,130
sniffing,57251,57073,57251,178
rising,57282,57251,57282,31
rearing,57323,57282,57323,41
trotting,57347,57323,57347,24
stepping,57364,57347,57364,17
rising,57454,57364,57454,90
hunching,57890,57454,57890,436
climbing,57946,57890,57946,56
grooming,58290,57946,58290,344
left_turning,58291,58290,58291,1
rearing,58301,58291,58301,10
sniffing,58302,58301,58302,1
left_turning,58319,58302,58319,17
trotting,58327,58319,58327,8
sniffing,58345,58327,58345,18
rising,58369,58345,58369,24
walking,58379,58369,58379,10
climbing,58439,58379,58439,60
sniffing,58484,58439,58484,45
climbing,58545,58484,58545,61
sniffing,58555,58545,58555,10
climbing,58625,58555,58625,70
left_turning,58642,58625,58642,17
stepping,58671,58642,58671,29
trotting,58684,58671,58684,13
rising,58720,58684,58720,36
climbing,58772,58720,58772,52
walking,58798,58772,58798,26
sniffing,58886,58798,58886,88
grooming,59190,58886,59190,304
walking,59191,59190,59191,1
left_turning,59192,59191,59192,1
sniffing,59229,59192,59229,37
trotting,59253,59229,59253,24
sniffing,59304,59253,59304,51
climbing,59336,59304,59336,32
sniffing,59364,59336,59364,28
walking,59384,59364,59384,20
climbing,59385,59384,59385,1
rearing,59471,59385,59471,86
sniffing,59524,59471,59524,53
rearing,59691,59524,59691,167
grooming,59692,59691,59692,1
walking,59693,59692,59693,1
sniffing,59816,59693,59816,123
walking,59857,59816,59857,41
stepping,59915,59857,59915,58
trotting,59939,59915,59939,24
running,59975,59939,59975,36
stepping,59976,59975,59976,1
right_turning,59989,59976,59989,13
sniffing,59990,59989,59990,1
stepping,59999,59990,59999,9
walking,60000,59999,60000,1
sniffing,60182,60000,60182,182
left_turning,60203,60182,60203,21
sniffing,60348,60203,60348,145
walking,60358,60348,60358,10
sniffing,60390,60358,60390,32
rising,60397,60390,60397,7
climbing,60471,60397,60471,74
trotting,60500,60471,60500,29
rising,60510,60500,60510,10
rearing,60671,60510,60671,161
climbing,60735,60671,60735,64
rising,60744,60735,60744,9
walking,60778,60744,60778,34
sniffing,60779,60778,60779,1
rearing,60852,60779,60852,73
hunching,60890,60852,60890,38
right_turning,60929,60890,60929,39
trotting,60940,60929,60940,11
sniffing,61003,60940,61003,63
climbing,61099,61003,61099,96
sniffing,61100,61099,61100,1
walking,61157,61100,61157,57
left_turning,61212,61157,61212,55
running,61221,61212,61221,9
sniffing,61268,61221,61268,47
climbing,61329,61268,61329,61
rearing,61330,61329,61330,1
climbing,61354,61330,61354,24
hunching,61409,61354,61409,55
grooming,61415,61409,61415,6
left_turning,61442,61415,61442,27
walking,61443,61442,61443,1
sniffing,61472,61443,61472,29
left_turning,61493,61472,61493,21
running,61509,61493,61509,16
sniffing,61567,61509,61567,58
walking,61581,61567,61581,14
left_turning,61611,61581,61611,30
walking,61612,61611,61612,1
sniffing,61706,61612,61706,94
walking,61822,61706,61822,116
sniffing,61870,61822,61870,48
walking,61893,61870,61893,23
sniffing,61921,61893,61921,28
left_turning,61922,61921,61922,1
running,61925,61922,61925,3
stepping,61949,61925,61949,24
sniffing,61986,61949,61986,37
stepping,62023,61986,62023,37
walking,62040,62023,62040,17
sniffing,62071,62040,62071,31
rising,62120,62071,62120,49
rearing,62157,62120,62157,37
sniffing,62226,62157,62226,69
grooming,62420,62226,62420,194
hunching,62495,62420,62495,75
rearing,62496,62495,62496,1
rising,62497,62496,62497,1
sniffing,62577,62497,62577,80
rising,62578,62577,62578,1
hunching,62583,62578,62583,5
trotting,62584,62583,62584,1
sniffing,62677,62584,62677,93
walking,62715,62677,62715,38
rising,62860,62715,62860,145
sniffing,62887,62860,62887,27
stepping,62951,62887,62951,64
sniffing,63010,62951,63010,59
climbing,63038,63010,63038,28
trotting,63056,63038,63056,18
stepping,63118,63056,63118,62
climbing,63170,63118,63170,52
rising,63171,63170,63171,1
walking,63195,63171,63195,24
rising,63226,63195,63226,31
walking,63229,63226,63229,3
sniffing,63305,63229,63305,76
climbing,63312,63305,63312,7
rearing,63352,63312,63352,40
trotting,63371,63352,63371,19
stepping,63372,63371,63372,1
sniffing,63396,63372,63396,24
climbing,63460,63396,63460,64
sniffing,63467,63460,63467,7
right_turning,63474,63467,63474,7
trotting,63518,63474,63518,44
sniffing,63578,63518,63578,60
left_turning,63670,63578,63670,92
stepping,63673,63670,63673,3
walking,63674,63673,63674,1
climbing,63720,63674,63720,46
right_turning,63738,63720,63738,18
stepping,63749,63738,63749,11
left_turning,63763,63749,63763,14
walking,63831,63763,63831,68
sniffing,63900,63831,63900,69
rising,63965,63900,63965,65
climbing,64058,63965,64058,93
sniffing,64059,64058,64059,1
hunching,64190,64059,64190,131
grooming,64528,64190,64528,338
sniffing,64674,64528,64674,146
rising,64734,64674,64734,60
stepping,64761,64734,64761,27
walking,64821,64761,64821,60
sniffing,64903,64821,64903,82
rising,64957,64903,64957,54
left_turning,65010,64957,65010,53
sniffing,65024,65010,65024,14
rising,65040,65024,65040,16
walking,65049,65040,65049,9
sniffing,65050,65049,65050,1
pausing,65200,65050,65200,150
sniffing,65201,65200,65201,1
stepping,65205,65201,65205,4
sniffing,65236,65205,65236,31
right_turning,65237,65236,65237,1
sniffing,65382,65237,65382,145
walking,65400,65382,65400,18
left_turning,65452,65400,65452,52
walking,65482,65452,65482,30
stepping,65497,65482,65497,15
rising,65532,65497,65532,35
running,65548,65532,65548,16
walking,65558,65548,65558,10
trotting,65559,65558,65559,1
walking,65569,65559,65569,10
climbing,65642,65569,65642,73
walking,65675,65642,65675,33
sniffing,65678,65675,65678,3
right_turning,65684,65678,65684,6
climbing,65721,65684,65721,37
right_turning,65765,65721,65765,44
climbing,65793,65765,65793,28
rising,65794,65793,65794,1
right_turning,65801,65794,65801,7
sniffing,65902,65801,65902,101
left_turning,65922,65902,65922,20
walking,65923,65922,65923,1
left_turning,66009,65923,66009,86
rising,66010,66009,66010,1
hunching,66027,66010,66027,17
grooming,66053,66027,66053,26
sniffing,66170,66053,66170,117
left_turning,66171,66170,66171,1
sniffing,66172,66171,66172,1
rising,66178,66172,66178,6
sniffing,66231,66178,66231,53
walking,66296,66231,66296,65
sniffing,66360,66296,66360,64
stepping,66375,66360,66375,15
left_turning,66404,66375,66404,29
sniffing,66435,66404,66435,31
rising,66498,66435,66498,63
rearing,66641,66498,66641,143
sniffing,66718,66641,66718,77
left_turning,66743,66718,66743,25
sniffing,66744,66743,66744,1
walking,66758,66744,66758,14
sniffing,66857,66758,66857,99
left_turning,66918,66857,66918,61
sniffing,66919,66918,66919,1
walking,66940,66919,66940,21
climbing,66997,66940,66997,57
hunching,67061,66997,67061,64
sniffing,67167,67061,67167,106
walking,67216,67167,67216,49
sniffing,67465,67216,67465,249
right_turning,67501,67465,67501,36
stepping,67537,67501,67537,36
left_turning,67604,67537,67604,67
sniffing,67800,67604,67800,196
walking,67819,67800,67819,19
sniffing,67820,67819,67820,1
grooming,68084,67820,68084,264
rearing,68149,68084,68149,65
stepping,68186,68149,68186,37
sniffing,68187,68186,68187,1
walking,68222,68187,68222,35
sniffing,68303,68222,68303,81
left_turning,68371,68303,68371,68
walking,68400,68371,68400,29
sniffing,68448,68400,68448,48
walking,68464,68448,68464,16
trotting,68536,68464,68536,72
walking,68551,68536,68551,15
sniffing,68552,68551,68552,1
right_turning,68575,68552,68575,23
running,68614,68575,68614,39
sniffing,68717,68614,68717,103
walking,68736,68717,68736,19
rising,68757,68736,68757,21
climbing,68770,68757,68770,13
rearing,68773,68770,68773,3
sniffing,68810,68773,68810,37
right_turning,68836,68810,68836,26
walking,68854,68836,68854,18
rising,68855,68854,68855,1
sniffing,68883,68855,68883,28
left_turning,68900,68883,68900,17
sniffing,68967,68900,68967,67
rearing,68968,68967,68968,1
sniffing,68969,68968,68969,1
grooming,69009,68969,69009,40
hunching,69135,69009,69135,126
rising,69201,69135,69201,66
grooming,69318,69201,69318,117
sniffing,69349,69318,69349,31
walking,69388,69349,69388,39
sniffing,69405,69388,69405,17
grooming,69538,69405,69538,133
rearing,69548,69538,69548,10
sniffing,69589,69548,69589,41
rising,69590,69589,69590,1
right_turning,69599,69590,69599,9
sniffing,69600,69599,69600,1
walking,69615,69600,69615,15
rising,69649,69615,69649,34
climbing,69715,69649,69715,66
rising,69744,69715,69744,29
grooming,69745,69744,69745,1
sniffing,69757,69745,69757,12
walking,69826,69757,69826,69
sniffing,69891,69826,69891,65
rearing,69901,69891,69901,10
rising,69943,69901,69943,42
running,69960,69943,69960,17
climbing,69999,69960,69999,39
walking,70000,69999,70000,1
climbing,70031,70000,70031,31
rearing,70032,70031,70032,1
climbing,70075,70032,70075,43
walking,70103,70075,70103,28
sniffing,70173,70103,70173,70
rising,70210,70173,70210,37
climbing,70235,70210,70235,25
sniffing,70252,70235,70252,17
hunching,70272,70252,70272,20
sniffing,70273,70272,70273,1
walking,70274,70273,70274,1
sniffing,70350,70274,70350,76
rising,70415,70350,70415,65
climbing,70488,70415,70488,73
rearing,70540,70488,70540,52
climbing,70585,70540,70585,45
grooming,70729,70585,70729,144
sniffing,70872,70729,70872,143
trotting,70915,70872,70915,43
right_turning,70916,70915,70916,1
walking,70982,70916,70982,66
sniffing,70983,70982,70983,1
left_turning,70990,70983,70990,7
rising,71042,70990,71042,52
climbing,71152,71042,71152,110
rising,71227,71152,71227,75
walking,71245,71227,71245,18
rising,71273,71245,71273,28
stepping,71274,71273,71274,1
walking,71337,71274,71337,63
climbing,71349,71337,71349,12
rising,71378,71349,71378,29
sniffing,71382,71378,71382,4
climbing,71433,71382,71433,51
hunching,71492,71433,71492,59
grooming,71661,71492,71661,169
climbing,71699,71661,71699,38
trotting,71759,71699,71759,60
rising,71852,71759,71852,93
climbing,71905,71852,71905,53
rearing,71908,71905,71908,3
rising,71925,71908,71925,17
sniffing,71969,71925,71969,44
rising,71992,71969,71992,23
climbing,72029,71992,72029,37
sniffing,72050,72029,72050,21
pausing,72200,72050,72200,150
climbing,72232,72200,72232,32
trotting,72263,72232,72263,31
walking,72264,72263,72264,1
left_turning,72307,72264,72307,43
walking,72308,72307,72308,1
climbing,72362,72308,72362,54
grooming,72595,72362,72595,233
hunching,72661,72595,72661,66
sniffing,72697,72661,72697,36
rising,72732,72697,72732,35
rearing,72763,72732,72763,31
rising,72800,72763,72800,37
climbing,72849,72800,72849,49
sniffing,72850,72849,72850,1
rising,72856,72850,72856,6
sniffing,73005,72856,73005,149
hunching,73070,73005,73070,65
sniffing,73071,73070,73071,1
climbing,73115,73071,73115,44
rearing,73149,73115,73149,34
hunching,73173,73149,73173,24
grooming,73348,73173,73348,175
trotting,73363,73348,73363,15
sniffing,73379,73363,73379,16
rising,73441,73379,73441,62
climbing,73531,73441,73531,90
grooming,73532,73531,73532,1
rearing,73563,73532,73563,31
left_turning,73611,73563,73611,48
sniffing,73631,73611,73631,20
left_turning,73686,73631,73686,55
sniffing,73745,73686,73745,59
walking,73764,73745,73764,19
hunching,73792,73764,73792,28
sniffing,73817,73792,73817,25
walking,73830,73817,73830,13
climbing,73862,73830,73862,32
grooming,73863,73862,73863,1
sniffing,73903,73863,73903,40
right_turning,73905,73903,73905,2
stepping,73925,73905,73925,20
left_turning,73926,73925,73926,1
sniffing,73933,73926,73933,7
rising,73935,73933,73935,2
rearing,73996,73935,73996,61
hunching,74103,73996,74103,107
climbing,74109,74103,74109,6
rearing,74218,74109,74218,109
rising,74219,74218,74219,1
climbing,74291,74219,74291,72
walking,74315,74291,74315,24
sniffing,74380,74315,74380,65
walking,74437,74380,74437,57
sniffing,74495,74437,74495,58
stepping,74540,74495,74540,45
right_turning,74548,74540,74548,8
walking,74549,74548,74549,1
sniffing,74685,74549,74685,136
climbing,74749,74685,74749,64
trotting,74803,74749,74803,54
sniffing,74804,74803,74804,1
running,74821,74804,74821,17
walking,74883,74821,74883,62
sniffing,74914,74883,74914,31
walking,74938,74914,74938,24
sniffing,74997,74938,74997,59
trotting,75040,74997,75040,43
left_turning,75102,75040,75102,62
right_turning,75129,75102,75129,27
stepping,75133,75129,75133,4
climbing,75155,75133,75155,22
right_turning,75180,75155,75180,25
sniffing,75223,75180,75223,43
walking,75258,75223,75258,35
rearing,75259,75258,75259,1
climbing,75260,75259,75260,1
sniffing,75318,75260,75318,58
rearing,75450,75318,75450,132
climbing,75488,75450,75488,38
sniffing,75584,75488,75584,96
rearing,75593,75584,75593,9
climbing,75616,75593,75616,23
walking,75643,75616,75643,27
stepping,75653,75643,75653,10
sniffing,75769,75653,75769,116
climbing,75815,75769,75815,46
right_turning,75829,75815,75829,14
walking,75830,75829,75830,1
sniffing,75910,75830,75910,80
rising,75984,75910,75984,74
climbing,76025,75984,76025,41
sniffing,76075,76025,76075,50
hunching,76076,76075,76076,1
rising,76103,76076,76103,27
right_turning,76115,76103,76115,12
walking,76116,76115,76116,1
sniffing,76117,76116,76117,1
rising,76129,76117,76129,12
rearing,76229,76129,76229,100
walking,76270,76229,76270,41
climbing,76276,76270,76276,6
rising,76326,76276,76326,50
walking,76330,76326,76330,4
stepping,76365,76330,76365,35
rising,76387,76365,76387,22
climbing,76455,76387,76455,68
walking,76488,76455,76488,33
sniffing,76489,76488,76489,1
left_turning,76538,76489,76538,49
walking,76576,76538,76576,38
rising,76578,76576,76578,2
sniffing,76604,76578,76604,26
walking,76638,76604,76638,34
rising,76678,76638,76678,40
climbing,76685,76678,76685,7
left_turning,76712,76685,76712,27
sniffing,76749,76712,76749,37
rising,76773,76749,76773,24
climbing,76836,76773,76836,63
rising,76849,76836,76849,13
sniffing,76942,76849,76942,93
rising,76973,76942,76973,31
left_turning,76998,76973,76998,25
climbing,77064,76998,77064,66
walking,77068,77064,77068,4
sniffing,77104,77068,77104,36
walking,77138,77104,77138,34
right_turning,77159,77138,77159,21
running,77183,77159,77183,24
walking,77225,77183,77225,42
left_turning,77258,77225,77258,33
sniffing,77317,77258,77317,59
rearing,77318,77317,77318,1
climbing,77352,77318,77352,34
rising,77354,77352,77354,2
climbing,77416,77354,77416,62
rising,77439,77416,77439,23
walking,77494,77439,77494,55
climbing,77535,77494,77535,41
rising,77537,77535,77537,2
climbing,77576,77537,77576,39
right_turning,77614,77576,77614,38
running,77615,77614,77615,1
sniffing,77636,77615,77636,21
climbing,77681,77636,77681,45
right_turning,77682,77681,77682,1
walking,77722,77682,77722,40
left_turning,77786,77722,77786,64
running,77806,77786,77806,20
rising,77843,77806,77843,37
climbing,77880,77843,77880,37
right_turning,77888,77880,77888,8
walking,77917,77888,77917,29
left_turning,78033,77917,78033,116
trotting,78054,78033,78054,21
rising,78055,78054,78055,1
sniffing,78162,78055,78162,107
trotting,78187,78162,78187,25
sniffing,78188,78187,78188,1
rearing,78329,78188,78329,141
rising,78367,78329,78367,38
climbing,78507,78367,78507,140
rearing,78615,78507,78615,108
rising,78654,78615,78654,39
sniffing,78655,78654,78655,1
left_turning,78679,78655,78679,24
sniffing,78796,78679,78796,117
rearing,78843,78796,78843,47
jumping,78882,78843,78882,39
rearing,79000,78882,79000,118
grooming,79001,79000,79001,1
rising,79005,79001,79005,4
walking,79055,79005,79055,50
sniffing,79173,79055,79173,118
walking,79197,79173,79197,24
left_turning,79198,79197,79198,1
walking,79250,79198,79250,52
rising,79271,79250,79271,21
walking,79290,79271,79290,19
climbing,79313,79290,79313,23
walking,79339,79313,79339,26
sniffing,79384,79339,79384,45
climbing,79385,79384,79385,1
rising,79391,79385,79391,6
sniffing,79427,79391,79427,36
right_turning,79459,79427,79459,32
running,79475,79459,79475,16
walking,79502,79475,79502,27
climbing,79503,79502,79503,1
sniffing,79578,79503,79578,75
left_turning,79648,79578,79648,70
sniffing,79702,79648,79702,54
rearing,79703,79702,79703,1
grooming,79800,79703,79800,97
hunching,79845,79800,79845,45
sniffing,79925,79845,79925,80
left_turning,79926,79925,79926,1
rising,79990,79926,79990,64
sniffing,79991,79990,79991,1
rising,79994,79991,79994,3
walking,80026,79994,80026,32
trotting,80090,80026,80090,64
walking,80137,80090,80137,47
rearing,80138,80137,80138,1
grooming,80287,80138,80287,149
rising,80312,80287,80312,25
rearing,80340,80312,80340,28
grooming,80465,80340,80465,125
sniffing,80524,80465,80524,59
rising,80560,80524,80560,36
climbing,80606,80560,80606,46
walking,80654,80606,80654,48
sniffing,80696,80654,80696,42
climbing,80721,80696,80721,25
rearing,80796,80721,80796,75
climbing,80812,80796,80812,16
sniffing,80885,80812,80885,73
walking,80933,80885,80933,48
sniffing,80934,80933,80934,1
stepping,80979,80934,80979,45
right_turning,81039,80979,81039,60
walking,81053,81039,81053,14
stepping,81054,81053,81054,1
walking,81055,81054,81055,1
sniffing,81056,81055,81056,1
climbing,81079,81056,81079,23
running,81090,81079,81090,11
sniffing,81127,81090,81127,37
left_turning,81149,81127,81149,22
sniffing,81177,81149,81177,28
rising,81178,81177,81178,1
sniffing,81323,81178,81323,145
right_turning,81324,81323,81324,1
sniffing,81392,81324,81392,68
left_turning,81409,81392,81409,17
sniffing,81420,81409,81420,11
rising,81651,81420,81651,231
sniffing,81696,81651,81696,45
walking,81718,81696,81718,22
sniffing,81719,81718,81719,1
pausing,82201,81719,82201,482
sniffing,82202,82201,82202,1
rising,82320,82202,82320,118
climbing,82359,82320,82359,39
sniffing,82360,82359,82360,1
right_turning,82398,82360,82398,38
sniffing,82517,82398,82517,119
hunching,82518,82517,82518,1
climbing,82575,82518,82575,57
right_turning,82594,82575,82594,19
stepping,82595,82594,82595,1
rising,82662,82595,82662,67
hunching,82780,82662,82780,118
sniffing,82860,82780,82860,80
rising,82861,82860,82861,1
climbing,82899,82861,82899,38
sniffing,82900,82899,82900,1
rising,82904,82900,82904,4
rearing,82930,82904,82930,26
trotting,82960,82930,82960,30
sniffing,82961,82960,82961,1
walking,82962,82961,82962,1
rising,82990,82962,82990,28
climbing,82991,82990,82991,1
rising,83019,82991,83019,28
climbing,83086,83019,83086,67
sniffing,83087,83086,83087,1
climbing,83147,83087,83147,60
sniffing,83162,83147,83162,15
hunching,83214,83162,83214,52
sniffing,83306,83214,83306,92
left_turning,83312,83306,83312,6
running,83319,83312,83319,7
walking,83352,83319,83352,33
sniffing,83353,83352,83353,1
climbing,83398,83353,83398,45
grooming,83586,83398,83586,188
rearing,83676,83586,83676,90
left_turning,83725,83676,83725,49
walking,83811,83725,83811,86
sniffing,83927,83811,83927,116
rising,83977,83927,83977,50
climbing,84040,83977,84040,63
sniffing,84236,84040,84236,196
stepping,84249,84236,84249,13
rising,84261,84249,84261,12
sniffing,84262,84261,84262,1
left_turning,84417,84262,84417,155
walking,84450,84417,84450,33
sniffing,84463,84450,84463,13
grooming,84464,84463,84464,1
left_turning,84479,84464,84479,15
rising,84515,84479,84515,36
right_turning,84529,84515,84529,14
running,84532,84529,84532,3
sniffing,84573,84532,84573,41
walking,84645,84573,84645,72
stepping,84738,84645,84738,93
trotting,84754,84738,84754,16
walking,84769,84754,84769,15
sniffing,84813,84769,84813,44
hunching,84814,84813,84814,1
climbing,84836,84814,84836,22
grooming,84932,84836,84932,96
rearing,84989,84932,84989,57
sniffing,85050,84989,85050,61
rising,85076,85050,85076,26
climbing,85107,85076,85107,31
sniffing,85185,85107,85185,78
rising,85199,85185,85199,14
walking,85225,85199,85225,26
stepping,85226,85225,85226,1
rising,85227,85226,85227,1
walking,85269,85227,85269,42
climbing,85328,85269,85328,59
right_turning,85349,85328,85349,21
trotting,85368,85349,85368,19
sniffing,85434,85368,85434,66
grooming,85528,85434,85528,94
rearing,85550,85528,85550,22
sniffing,85594,85550,85594,44
walking,85648,85594,85648,54
sniffing,85754,85648,85754,106
rising,85756,85754,85756,2
climbing,85812,85756,85812,56
rising,85863,85812,85863,51
walking,85917,85863,85917,54
sniffing,85918,85917,85918,1
walking,85950,85918,85950,32
sniffing,85986,85950,85986,36
rising,85987,85986,85987,1
climbing,86048,85987,86048,61
right_turning,86073,86048,86073,25
sniffing,86116,86073,86116,43
walking,86144,86116,86144,28
sniffing,86202,86144,86202,58
left_turning,86243,86202,86243,41
rearing,86337,86243,86337,94
rising,86345,86337,86345,8
climbing,86350,86345,86350,5
sniffing,86459,86350,86459,109
rearing,86536,86459,86536,77
sniffing,86628,86536,86628,92
left_turning,86665,86628,86665,37
walking,86720,86665,86720,55
rising,86740,86720,86740,20
climbing,86781,86740,86781,41
sniffing,86829,86781,86829,48
grooming,87019,86829,87019,190
left_turning,87037,87019,87037,18
walking,87074,87037,87074,37
climbing,87181,87074,87181,107
rising,87220,87181,87220,39
climbing,87243,87220,87243,23
right_turning,87248,87243,87248,5
sniffing,87249,87248,87249,1
trotting,87263,87249,87263,14
rearing,87494,87263,87494,231
sniffing,87500,87494,87500,6
rising,87616,87500,87616,116
climbing,87662,87616,87662,46
right_turning,87663,87662,87663,1
running,87693,87663,87693,30
sniffing,87773,87693,87773,80
walking,87821,87773,87821,48
rising,87822,87821,87822,1
hunching,87843,87822,87843,21
sniffing,87933,87843,87933,90
hunching,87934,87933,87934,1
sniffing,87984,87934,87984,50
running,87995,87984,87995,11
left_turning,88008,87995,88008,13
sniffing,88050,88008,88050,42
rearing,88083,88050,88083,33
rising,88145,88083,88145,62
climbing,88184,88145,88184,39
right_turning,88205,88184,88205,21
left_turning,88248,88205,88248,43
walking,88259,88248,88259,11
rising,88260,88259,88260,1
sniffing,88392,88260,88392,132
rising,88397,88392,88397,5
climbing,88453,88397,88453,56
rising,88454,88453,88454,1
climbing,88481,88454,88481,27
rising,88492,88481,88492,11
climbing,88527,88492,88527,35
sniffing,88639,88527,88639,112
walking,88642,88639,88642,3
left_turning,88643,88642,88643,1
walking,88677,88643,88677,34
stepping,88678,88677,88678,1
walking,88679,88678,88679,1
rising,88700,88679,88700,21
climbing,88712,88700,88712,12
hunching,88713,88712,88713,1
right_turning,88730,88713,88730,17
walking,88786,88730,88786,56
sniffing,88840,88786,88840,54
left_turning,88877,88840,88877,37
sniffing,88889,88877,88889,12
walking,88937,88889,88937,48
sniffing,89114,88937,89114,177
rising,89179,89114,89179,65
trotting,89180,89179,89180,1
walking,89181,89180,89181,1
sniffing,89199,89181,89199,18
right_turning,89209,89199,89209,10
walking,89242,89209,89242,33
rising,89243,89242,89243,1
sniffing,89281,89243,89281,38
rearing,89317,89281,89317,36
climbing,89384,89317,89384,67
rising,89385,89384,89385,1
sniffing,89475,89385,89475,90
rising,89495,89475,89495,20
sniffing,89576,89495,89576,81
rising,89619,89576,89619,43
climbing,89723,89619,89723,104
rising,89769,89723,89769,46
climbing,89789,89769,89789,20
rising,89813,89789,89813,24
stepping,89840,89813,89840,27
sniffing,89879,89840,89879,39
left_turning,89932,89879,89932,53
sniffing,90030,89932,90030,98
grooming,90031,90030,90031,1
rearing,90166,90031,90166,135
rising,90208,90166,90208,42
walking,90269,90208,90269,61
sniffing,90316,90269,90316,47
rising,90322,90316,90322,6
running,90336,90322,90336,14
sniffing,90392,90336,90392,56
left_turning,90411,90392,90411,19
sniffing,90588,90411,90588,177
left_turning,90749,90588,90749,161
walking,90770,90749,90770,21
climbing,90811,90770,90811,41
walking,91005,90811,91005,194
sniffing,91047,91005,91047,42
rising,91048,91047,91048,1
right_turning,91049,91048,91049,1
walking,91066,91049,91066,17
sniffing,91086,91066,91086,20
trotting,91087,91086,91087,1
walking,91101,91087,91101,14
sniffing,91102,91101,91102,1
left_turning,91181,91102,91181,79
sniffing,91268,91181,91268,87
rising,91283,91268,91283,15
climbing,91298,91283,91298,15
walking,91331,91298,91331,33
sniffing,91372,91331,91372,41
grooming,91373,91372,91373,1
rearing,91430,91373,91430,57
sniffing,91582,91430,91582,152
stepping,91616,91582,91616,34
sniffing,91617,91616,91617,1
right_turning,91621,91617,91621,4
walking,91622,91621,91622,1
sniffing,91785,91622,91785,163
rearing,91827,91785,91827,42
rising,91844,91827,91844,17
trotting,91893,91844,91893,49
hunching,91925,91893,91925,32
climbing,92001,91925,92001,76
grooming,92837,92001,92837,836
hunching,92863,92837,92863,26
climbing,92921,92863,92921,58
right_turning,92922,92921,92922,1
sniffing,92923,92922,92923,1
rising,92952,92923,92952,29
walking,92982,92952,92982,30
rearing,93033,92982,93033,51
grooming,93034,93033,93034,1
rearing,93087,93034,93087,53
right_turning,93107,93087,93107,20
sniffing,93134,93107,93134,27
trotting,93164,93134,93164,30
sniffing,93261,93164,93261,97
rising,93276,93261,93276,15
climbing,93277,93276,93277,1
hunching,93278,93277,93278,1
rearing,93368,93278,93368,90
climbing,93480,93368,93480,112
rearing,93558,93480,93558,78
left_turning,93604,93558,93604,46
trotting,93609,93604,93609,5
sniffing,93610,93609,93610,1
left_turning,93611,93610,93611,1
running,93627,93611,93627,16
walking,93629,93627,93629,2
climbing,93673,93629,93673,44
right_turning,93695,93673,93695,22
trotting,93701,93695,93701,6
rising,93750,93701,93750,49
sniffing,93926,93750,93926,176
rising,93964,93926,93964,38
climbing,93965,93964,93965,1
rearing,93966,93965,93966,1
climbing,93997,93966,93997,31
walking,94021,93997,94021,24
sniffing,94069,94021,94069,48
stepping,94097,94069,94097,28
walking,94098,94097,94098,1
left_turning,94131,94098,94131,33
sniffing,94135,94131,94135,4
walking,94163,94135,94163,28
climbing,94238,94163,94238,75
sniffing,94304,94238,94304,66
rising,94310,94304,94310,6
climbing,94346,94310,94346,36
walking,94386,94346,94386,40
rising,94408,94386,94408,22
rearing,94409,94408,94409,1
climbing,94445,94409,94445,36
walking,94483,94445,94483,38
right_turning,94500,94483,94500,17
stepping,94501,94500,94501,1
sniffing,94532,94501,94532,31
running,94558,94532,94558,26
walking,94579,94558,94579,21
sniffing,94665,94579,94665,86
left_turning,94699,94665,94699,34
walking,94742,94699,94742,43
trotting,94777,94742,94777,35
walking,94778,94777,94778,1
climbing,94830,94778,94830,52
rising,94911,94830,94911,81
walking,94931,94911,94931,20
climbing,94956,94931,94956,25
running,94970,94956,94970,14
sniffing,95049,94970,95049,79
walking,95072,95049,95072,23
rising,95073,95072,95073,1
sniffing,95146,95073,95146,73
rising,95184,95146,95184,38
walking,95219,95184,95219,35
climbing,95275,95219,95275,56
walking,95289,95275,95289,14
sniffing,95406,95289,95406,117
right_turning,95419,95406,95419,13
trotting,95457,95419,95457,38
sniffing,95527,95457,95527,70
stepping,95576,95527,95576,49
walking,95597,95576,95597,21
left_turning,95664,95597,95664,67
sniffing,95787,95664,95787,123
right_turning,95805,95787,95805,18
left_turning,95893,95805,95893,88
stepping,95919,95893,95919,26
walking,96149,95919,96149,230
sniffing,96150,96149,96150,1
rising,96196,96150,96196,46
hunching,96203,96196,96203,7
grooming,96239,96203,96239,36
jumping,96240,96239,96240,1
rising,96252,96240,96252,12
sniffing,96301,96252,96301,49
climbing,96371,96301,96371,70
sniffing,96419,96371,96419,48
walking,96472,96419,96472,53
sniffing,96574,96472,96574,102
walking,96575,96574,96575,1
sniffing,96609,96575,96609,34
left_turning,96610,96609,96610,1
sniffing,96695,96610,96695,85
rising,96731,96695,96731,36
trotting,96765,96731,96765,34
rising,96814,96765,96814,49
left_turning,96853,96814,96853,39
walking,96883,96853,96883,30
stepping,96942,96883,96942,59
walking,96963,96942,96963,21
climbing,97003,96963,97003,40
running,97034,97003,97034,31
sniffing,97039,97034,97039,5
rising,97060,97039,97060,21
trotting,97084,97060,97084,24
sniffing,97253,97084,97253,169
left_turning,97346,97253,97346,93
walking,97413,97346,97413,67
sniffing,97414,97413,97414,1
climbing,97445,97414,97445,31
hunching,97515,97445,97515,70
climbing,97547,97515,97547,32
rising,97572,97547,97572,25
rearing,97636,97572,97636,64
sniffing,97637,97636,97637,1
walking,97662,97637,97662,25
sniffing,97663,97662,97663,1
hunching,97673,97663,97673,10
right_turning,97674,97673,97674,1
walking,97702,97674,97702,28
rearing,97760,97702,97760,58
climbing,97788,97760,97788,28
sniffing,97844,97788,97844,56
rising,97879,97844,97879,35
rearing,97947,97879,97947,68
sniffing,97983,97947,97983,36
rising,97984,97983,97984,1
sniffing,97996,97984,97996,12
climbing,97997,97996,97997,1
left_turning,97998,97997,97998,1
sniffing,97999,97998,97999,1
walking,98081,97999,98081,82
sniffing,98082,98081,98082,1
rising,98098,98082,98098,16
climbing,98209,98098,98209,111
hunching,98210,98209,98210,1
grooming,98211,98210,98211,1
sniffing,98275,98211,98275,64
rising,98285,98275,98285,10
climbing,98286,98285,98286,1
right_turning,98320,98286,98320,34
trotting,98347,98320,98347,27
walking,98446,98347,98446,99
sniffing,98473,98446,98473,27
grooming,98474,98473,98474,1
rising,98482,98474,98482,8
rearing,98588,98482,98588,106
rising,98603,98588,98603,15
left_turning,98616,98603,98616,13
sniffing,98702,98616,98702,86
rising,98751,98702,98751,49
hunching,98905,98751,98905,154
climbing,98947,98905,98947,42
right_turning,98968,98947,98968,21
walking,98977,98968,98977,9
sniffing,99124,98977,99124,147
left_turning,99125,99124,99125,1
sniffing,99149,99125,99149,24
hunching,99213,99149,99213,64
climbing,99307,99213,99307,94
grooming,99308,99307,99308,1
rearing,99331,99308,99331,23
rising,99378,99331,99378,47
climbing,99396,99378,99396,18
rising,99504,99396,99504,108
rearing,99516,99504,99516,12
sniffing,99517,99516,99517,1
grooming,99518,99517,99518,1
sniffing,99545,99518,99545,27
rising,99582,99545,99582,37
climbing,99603,99582,99603,21
grooming,99769,99603,99769,166
walking,99820,99769,99820,51
sniffing,99935,99820,99935,115
rising,99958,99935,99958,23
climbing,99959,99958,99959,1
rising,99960,99959,99960,1
sniffing,100018,99960,100018,58
left_turning,100064,100018,100064,46
sniffing,100157,100064,100157,93
trotting,100199,100157,100199,42
walking,100230,100199,100230,31
left_turning,100251,100230,100251,21
walking,100288,100251,100288,37
rearing,100391,100288,100391,103
grooming,100392,100391,100392,1
left_turning,100393,100392,100393,1
sniffing,100461,100393,100461,68
climbing,100485,100461,100485,24
rearing,100516,100485,100516,31
climbing,100557,100516,100557,41
rising,100558,100557,100558,1
running,100571,100558,100571,13
right_turning,100615,100571,100615,44
sniffing,100642,100615,100642,27
climbing,100720,100642,100720,78
rising,100742,100720,100742,22
sniffing,100743,100742,100743,1
left_turning,100744,100743,100744,1
walking,100785,100744,100785,41
climbing,100786,100785,100786,1
rearing,100855,100786,100855,69
sniffing,100902,100855,100902,47
rearing,100954,100902,100954,52
walking,100955,100954,100955,1
climbing,101027,100955,101027,72
rearing,101083,101027,101083,56
sniffing,101148,101083,101148,65
rising,101250,101148,101250,102
sniffing,101298,101250,101298,48
climbing,101393,101298,101393,95
right_turning,101423,101393,101423,30
rising,101478,101423,101478,55
sniffing,101479,101478,101479,1
climbing,101508,101479,101508,29
rearing,101621,101508,101621,113
left_turning,101623,101621,101623,2
sniffing,101813,101623,101813,190
rising,101814,101813,101814,1
sniffing,101854,101814,101854,40
rising,101872,101854,101872,18
sniffing,101873,101872,101873,1
walking,101912,101873,101912,39
sniffing,101942,101912,101942,30
walking,101972,101942,101972,30
sniffing,101980,101972,101980,8
left_turning,101992,101980,101992,12
walking,102002,101992,102002,10
running,102020,102002,102020,18
trotting,102050,102020,102050,30
sniffing,102090,102050,102090,40
running,102111,102090,102111,21
left_turning,102112,102111,102112,1
walking,102135,102112,102135,23
climbing,102156,102135,102156,21
hunching,102284,102156,102284,128
grooming,102392,102284,102392,108
walking,102445,102392,102445,53
left_turning,102466,102445,102466,21
grooming,102467,102466,102467,1
rearing,102484,102467,102484,17
hunching,102579,102484,102579,95
trotting,102580,102579,102580,1
rising,102596,102580,102596,16
grooming,102737,102596,102737,141
rearing,102822,102737,102822,85
left_turning,102844,102822,102844,22
sniffing,102896,102844,102896,52
rising,102920,102896,102920,24
climbing,102949,102920,102949,29
hunching,103087,102949,103087,138
stepping,103099,103087,103099,12
right_turning,103133,103099,103133,34
running,103156,103133,103156,23
walking,103189,103156,103189,33
sniffing,103321,103189,103321,132
rising,103352,103321,103352,31
climbing,103389,103352,103389,37
right_turning,103408,103389,103408,19
left_turning,103486,103408,103486,78
trotting,103524,103486,103524,38
walking,103611,103524,103611,87
sniffing,103660,103611,103660,49
walking,103661,103660,103661,1
rising,103662,103661,103662,1
rearing,103700,103662,103700,38
grooming,103825,103700,103825,125
climbing,103838,103825,103838,13
rising,103908,103838,103908,70
sniffing,103909,103908,103909,1
walking,103910,103909,103910,1
trotting,103935,103910,103935,25
left_turning,103936,103935,103936,1
walking,103965,103936,103965,29
sniffing,104014,103965,104014,49
climbing,104015,104014,104015,1
rising,104016,104015,104016,1
sniffing,104141,104016,104141,125
rearing,104145,104141,104145,4
rising,104234,104145,104234,89
rearing,104289,104234,104289,55
climbing,104305,104289,104305,16
trotting,104347,104305,104347,42
sniffing,104433,104347,104433,86
right_turning,104439,104433,104439,6
walking,104476,104439,104476,37
climbing,104496,104476,104496,20
stepping,104545,104496,104545,49
left_turning,104546,104545,104546,1
sniffing,104675,104546,104675,129
climbing,104691,104675,104691,16
grooming,104692,104691,104692,1
sniffing,104733,104692,104733,41
hunching,104826,104733,104826,93
climbing,104839,104826,104839,13
sniffing,104918,104839,104918,79
climbing,104931,104918,104931,13
rising,104962,104931,104962,31
climbing,105001,104962,105001,39
rearing,105002,105001,105002,1
sniffing,105003,105002,105003,1
rising,105051,105003,105051,48
climbing,105052,105051,105052,1
rising,105082,105052,105082,30
climbing,105168,105082,105168,86
grooming,105367,105168,105367,199
sniffing,105368,105367,105368,1
grooming,105369,105368,105369,1
rearing,105424,105369,105424,55
right_turning,105429,105424,105429,5
rising,105465,105429,105465,36
climbing,105492,105465,105492,27
right_turning,105500,105492,105500,8
rising,105580,105500,105580,80
sniffing,105617,105580,105617,37
grooming,105618,105617,105618,1
sniffing,105675,105618,105675,57
hunching,105676,105675,105676,1
grooming,105709,105676,105709,33
hunching,105735,105709,105735,26
sniffing,105736,105735,105736,1
pausing,105737,105736,105737,1
sniffing,105781,105737,105781,44
right_turning,105829,105781,105829,48
rising,105830,105829,105830,1
sniffing,105864,105830,105864,34
rising,105931,105864,105931,67
sniffing,105983,105931,105983,52
pausing,105984,105983,105984,1
sniffing,106149,105984,106149,165
walking,106208,106149,106208,59
rising,106247,106208,106247,39
stepping,106271,106247,106271,24
right_turning,106296,106271,106296,25
rising,106297,106296,106297,1
climbing,106298,106297,106298,1
sniffing,106305,106298,106305,7
grooming,106945,106305,106945,640
climbing,106961,106945,106961,16
walking,106979,106961,106979,18
rising,106980,106979,106980,1
hunching,107051,106980,107051,71
climbing,107124,107051,107124,73
rising,107135,107124,107135,11
sniffing,107136,107135,107136,1
rising,107186,107136,107186,50
grooming,107187,107186,107187,1
hunching,107328,107187,107328,141
rising,107348,107328,107348,20
sniffing,107349,107348,107349,1
rising,107403,107349,107403,54
climbing,107435,107403,107435,32
sniffing,107442,107435,107442,7
walking,107468,107442,107468,26
sniffing,107518,107468,107518,50
rising,107572,107518,107572,54
climbing,107635,107572,107635,63
rising,107708,107635,107708,73
climbing,107715,107708,107715,7
right_turning,107739,107715,107739,24
walking,107778,107739,107778,39
sniffing,107862,107778,107862,84
rising,107943,107862,107943,81
climbing,107985,107943,107985,42
sniffing,107987,107985,107987,2
walking,107988,107987,107988,1
sniffing,108000,107988,108000,12
