revised_movement_label,segBoundary,segBoundary_start,segBoundary_end,length
walking,81,0,81,81
left_turning,127,81,127,46
sniffing,128,127,128,1
right_turning,140,128,140,12
left_turning,185,140,185,45
climbing,237,185,237,52
sniffing,238,237,238,1
hunching,276,238,276,38
climbing,337,276,337,61
right_turning,338,337,338,1
walking,378,338,378,40
trotting,396,378,396,18
sniffing,423,396,423,27
climbing,468,423,468,45
left_turning,472,468,472,4
walking,516,472,516,44
climbing,554,516,554,38
rising,555,554,555,1
walking,557,555,557,2
left_turning,584,557,584,27
trotting,610,584,610,26
rising,611,610,611,1
climbing,703,611,703,92
sniffing,745,703,745,42
climbing,772,745,772,27
left_turning,773,772,773,1
walking,804,773,804,31
trotting,834,804,834,30
walking,885,834,885,51
climbing,922,885,922,37
sniffing,971,922,971,49
walking,1011,971,1011,40
climbing,1041,1011,1041,30
left_turning,1042,1041,1042,1
rising,1099,1042,1099,57
left_turning,1121,1099,1121,22
sniffing,1122,1121,1122,1
rising,1185,1122,1185,63
left_turning,1247,1185,1247,62
walking,1313,1247,1313,66
trotting,1333,1313,1333,20
walking,1350,1333,1350,17
climbing,1383,1350,1383,33
hunching,1552,1383,1552,169
sniffing,1579,1552,1579,27
walking,1624,1579,1624,45
left_turning,1639,1624,1639,15
sniffing,1662,1639,1662,23
rising,1742,1662,1742,80
walking,1778,1742,1778,36
sniffing,1827,1778,1827,49
climbing,1878,1827,1878,51
sniffing,1879,1878,1879,1
rising,1920,1879,1920,41
climbing,1955,1920,1955,35
walking,1971,1955,1971,16
climbing,2008,1971,2008,37
sniffing,2011,2008,2011,3
left_turning,2041,2011,2041,30
stepping,2072,2041,2072,31
rising,2108,2072,2108,36
climbing,2131,2108,2131,23
rising,2172,2131,2172,41
sniffing,2200,2172,2200,28
climbing,2261,2200,2261,61
walking,2267,2261,2267,6
sniffing,2301,2267,2301,34
left_turning,2321,2301,2321,20
walking,2360,2321,2360,39
climbing,2412,2360,2412,52
trotting,2439,2412,2439,27
walking,2447,2439,2447,8
sniffing,2463,2447,2463,16
rising,2510,2463,2510,47
sniffing,2519,2510,2519,9
left_turning,2543,2519,2543,24
sniffing,2544,2543,2544,1
trotting,2575,2544,2575,31
stepping,2634,2575,2634,59
climbing,2703,2634,2703,69
trotting,2706,2703,2706,3
walking,2728,2706,2728,22
sniffing,2747,2728,2747,19
rising,2769,2747,2769,22
walking,2816,2769,2816,47
rising,2963,2816,2963,147
sniffing,2964,2963,2964,1
left_turning,2978,2964,2978,14
rearing,3121,2978,3121,143
climbing,3167,3121,3167,46
left_turning,3189,3167,3189,22
sniffing,3261,3189,3261,72
trotting,3278,3261,3278,17
climbing,3294,3278,3294,16
sniffing,3328,3294,3328,34
climbing,3378,3328,3378,50
sniffing,3525,3378,3525,147
hunching,3528,3525,3528,3
climbing,3570,3528,3570,42
walking,3577,3570,3577,7
rising,3602,3577,3602,25
sniffing,3603,3602,3603,1
running,3604,3603,3604,1
walking,3644,3604,3644,40
sniffing,3645,3644,3645,1
rising,3721,3645,3721,76
rearing,3855,3721,3855,134
rising,3864,3855,3864,9
climbing,3914,3864,3914,50
trotting,3930,3914,3930,16
rising,3958,3930,3958,28
left_turning,4004,3958,4004,46
walking,4029,4004,4029,25
stepping,4058,4029,4058,29
sniffing,4153,4058,4153,95
rising,4207,4153,4207,54
climbing,4245,4207,4245,38
right_turning,4248,4245,4248,3
walking,4283,4248,4283,35
left_turning,4330,4283,4330,47
sniffing,4364,4330,4364,34
running,4368,4364,4368,4
sniffing,4401,4368,4401,33
walking,4434,4401,4434,33
sniffing,4435,4434,4435,1
walking,4460,4435,4460,25
hunching,4481,4460,4481,21
walking,4482,4481,4482,1
trotting,4518,4482,4518,36
climbing,4572,4518,4572,54
walking,4580,4572,4580,8
trotting,4598,4580,4598,18
stepping,4652,4598,4652,54
walking,4686,4652,4686,34
climbing,4737,4686,4737,51
running,4738,4737,4738,1
sniffing,4739,4738,4739,1
running,4740,4739,4740,1
sniffing,4783,4740,4783,43
left_turning,4824,4783,4824,41
walking,4832,4824,4832,8
sniffing,4904,4832,4904,72
left_turning,4905,4904,4905,1
sniffing,4971,4905,4971,66
climbing,5080,4971,5080,109
left_turning,5084,5080,5084,4
walking,5103,5084,5103,19
climbing,5138,5103,5138,35
walking,5172,5138,5172,34
sniffing,5240,5172,5240,68
climbing,5271,5240,5271,31
hunching,5330,5271,5330,59
climbing,5372,5330,5372,42
walking,5403,5372,5403,31
sniffing,5484,5403,5484,81
walking,5523,5484,5523,39
running,5544,5523,5544,21
walking,5569,5544,5569,25
sniffing,5606,5569,5606,37
stepping,5625,5606,5625,19
sniffing,5654,5625,5654,29
rearing,5715,5654,5715,61
walking,5786,5715,5786,71
right_turning,5791,5786,5791,5
walking,5852,5791,5852,61
climbing,5942,5852,5942,90
walking,5995,5942,5995,53
sniffing,6067,5995,6067,72
climbing,6128,6067,6128,61
rising,6129,6128,6129,1
climbing,6167,6129,6167,38
sniffing,6168,6167,6168,1
climbing,6198,6168,6198,30
walking,6245,6198,6245,47
sniffing,6309,6245,6309,64
rising,6338,6309,6338,29
sniffing,6362,6338,6362,24
walking,6412,6362,6412,50
sniffing,6413,6412,6413,1
climbing,6437,6413,6437,24
sniffing,6503,6437,6503,66
climbing,6542,6503,6542,39
sniffing,6602,6542,6602,60
walking,6617,6602,6617,15
climbing,6648,6617,6648,31
sniffing,6675,6648,6675,27
hunching,6721,6675,6721,46
rising,6813,6721,6813,92
climbing,6841,6813,6841,28
sniffing,6875,6841,6875,34
climbing,6940,6875,6940,65
left_turning,6962,6940,6962,22
walking,6963,6962,6963,1
sniffing,7014,6963,7014,51
rising,7087,7014,7087,73
climbing,7156,7087,7156,69
sniffing,7163,7156,7163,7
climbing,7209,7163,7209,46
sniffing,7235,7209,7235,26
walking,7239,7235,7239,4
hunching,7273,7239,7273,34
sniffing,7274,7273,7274,1
right_turning,7311,7274,7311,37
sniffing,7312,7311,7312,1
rising,7576,7312,7576,264
climbing,7622,7576,7622,46
rearing,8024,7622,8024,402
rising,8025,8024,8025,1
climbing,8077,8025,8077,52
sniffing,8078,8077,8078,1
left_turning,8079,8078,8079,1
rising,8101,8079,8101,22
sniffing,8106,8101,8106,5
walking,8109,8106,8109,3
trotting,8123,8109,8123,14
running,8154,8123,8154,31
walking,8183,8154,8183,29
rising,8220,8183,8220,37
trotting,8262,8220,8262,42
sniffing,8346,8262,8346,84
rising,8436,8346,8436,90
sniffing,8475,8436,8475,39
running,8494,8475,8494,19
walking,8548,8494,8548,54
right_turning,8566,8548,8566,18
rising,8575,8566,8575,9
walking,8635,8575,8635,60
sniffing,8655,8635,8655,20
rising,8745,8655,8745,90
sniffing,8801,8745,8801,56
rising,8854,8801,8854,53
climbing,8893,8854,8893,39
sniffing,8919,8893,8919,26
climbing,8999,8919,8999,80
walking,9052,8999,9052,53
stepping,9109,9052,9109,57
walking,9110,9109,9110,1
sniffing,9132,9110,9132,22
rising,9169,9132,9169,37
climbing,9191,9169,9191,22
left_turning,9217,9191,9217,26
right_turning,9226,9217,9226,9
running,9246,9226,9246,20
sniffing,9256,9246,9256,10
rising,9330,9256,9330,74
sniffing,9331,9330,9331,1
left_turning,9419,9331,9419,88
trotting,9420,9419,9420,1
sniffing,9428,9420,9428,8
rearing,9493,9428,9493,65
running,9516,9493,9516,23
right_turning,9521,9516,9521,5
sniffing,9569,9521,9569,48
climbing,9627,9569,9627,58
walking,9628,9627,9628,1
sniffing,9652,9628,9652,24
hunching,9664,9652,9664,12
sniffing,9665,9664,9665,1
left_turning,9699,9665,9699,34
running,9715,9699,9715,16
left_turning,9739,9715,9739,24
walking,9782,9739,9782,43
sniffing,9788,9782,9788,6
walking,9800,9788,9800,12
sniffing,9871,9800,9871,71
right_turning,9890,9871,9890,19
sniffing,9891,9890,9891,1
running,9929,9891,9929,38
sniffing,9991,9929,9991,62
left_turning,10026,9991,10026,35
trotting,10047,10026,10047,21
walking,10068,10047,10068,21
stepping,10095,10068,10095,27
sniffing,10157,10095,10157,62
rising,10239,10157,10239,82
climbing,10359,10239,10359,120
sniffing,10390,10359,10390,31
walking,10452,10390,10452,62
stepping,10459,10452,10459,7
trotting,10460,10459,10460,1
walking,10461,10460,10461,1
trotting,10478,10461,10478,17
climbing,10594,10478,10594,116
sniffing,10597,10594,10597,3
walking,10671,10597,10671,74
rising,10697,10671,10697,26
rearing,10792,10697,10792,95
rising,10904,10792,10904,112
sniffing,10944,10904,10944,40
running,10998,10944,10998,54
left_turning,10999,10998,10999,1
running,11020,10999,11020,21
sniffing,11077,11020,11077,57
rising,11152,11077,11152,75
climbing,11175,11152,11175,23
stepping,11180,11175,11180,5
trotting,11193,11180,11193,13
sniffing,11233,11193,11233,40
walking,11261,11233,11261,28
left_turning,11294,11261,11294,33
running,11346,11294,11346,52
walking,11428,11346,11428,82
rearing,11440,11428,11440,12
walking,11481,11440,11481,41
sniffing,11574,11481,11574,93
left_turning,11579,11574,11579,5
stepping,11620,11579,11620,41
trotting,11671,11620,11671,51
sniffing,11717,11671,11717,46
left_turning,11719,11717,11719,2
trotting,11741,11719,11741,22
rising,11784,11741,11784,43
climbing,11823,11784,11823,39
rearing,11825,11823,11825,2
grooming,11932,11825,11932,107
hunching,11946,11932,11946,14
right_turning,11961,11946,11961,15
sniffing,12014,11961,12014,53
trotting,12031,12014,12031,17
walking,12048,12031,12048,17
sniffing,12089,12048,12089,41
rising,12090,12089,12090,1
sniffing,12177,12090,12177,87
rearing,12178,12177,12178,1
rising,12179,12178,12179,1
hunching,12365,12179,12365,186
walking,12369,12365,12369,4
left_turning,12408,12369,12408,39
rearing,12430,12408,12430,22
sniffing,12467,12430,12467,37
rising,12504,12467,12504,37
climbing,12542,12504,12542,38
walking,12543,12542,12543,1
sniffing,12673,12543,12673,130
rising,12768,12673,12768,95
climbing,12819,12768,12819,51
sniffing,12884,12819,12884,65
climbing,12896,12884,12896,12
walking,12933,12896,12933,37
sniffing,12992,12933,12992,59
walking,13036,12992,13036,44
sniffing,13057,13036,13057,21
rising,13074,13057,13074,17
walking,13109,13074,13109,35
sniffing,13173,13109,13173,64
right_turning,13182,13173,13182,9
walking,13262,13182,13262,80
right_turning,13282,13262,13282,20
left_turning,13320,13282,13320,38
walking,13321,13320,13321,1
rising,13322,13321,13322,1
sniffing,13325,13322,13325,3
hunching,13419,13325,13419,94
sniffing,13615,13419,13615,196
rising,13710,13615,13710,95
climbing,13754,13710,13754,44
sniffing,13783,13754,13783,29
right_turning,13797,13783,13797,14
climbing,13824,13797,13824,27
right_turning,13825,13824,13825,1
climbing,13884,13825,13884,59
sniffing,13907,13884,13907,23
climbing,14009,13907,14009,102
left_turning,14036,14009,14036,27
walking,14037,14036,14037,1
right_turning,14053,14037,14053,16
running,14081,14053,14081,28
right_turning,14082,14081,14082,1
sniffing,14083,14082,14083,1
rising,14105,14083,14105,22
walking,14125,14105,14125,20
sniffing,14126,14125,14126,1
walking,14138,14126,14138,12
sniffing,14187,14138,14187,49
walking,14201,14187,14201,14
sniffing,14246,14201,14246,45
rising,14247,14246,14247,1
climbing,14293,14247,14293,46
left_turning,14333,14293,14333,40
walking,14390,14333,14390,57
rising,14444,14390,14444,54
climbing,14472,14444,14472,28
sniffing,14473,14472,14473,1
walking,14474,14473,14474,1
sniffing,14519,14474,14519,45
walking,14532,14519,14532,13
trotting,14533,14532,14533,1
walking,14626,14533,14626,93
rising,14670,14626,14670,44
climbing,14767,14670,14767,97
sniffing,14796,14767,14796,29
rising,14797,14796,14797,1
walking,14860,14797,14860,63
stepping,14890,14860,14890,30
sniffing,14945,14890,14945,55
left_turning,14960,14945,14960,15
rising,14961,14960,14961,1
climbing,14998,14961,14998,37
right_turning,15039,14998,15039,41
sniffing,15049,15039,15049,10
right_turning,15050,15049,15050,1
sniffing,15108,15050,15108,58
walking,15126,15108,15126,18
stepping,15140,15126,15140,14
trotting,15145,15140,15145,5
sniffing,15192,15145,15192,47
rearing,15193,15192,15193,1
trotting,15218,15193,15218,25
left_turning,15219,15218,15219,1
sniffing,15247,15219,15247,28
left_turning,15256,15247,15256,9
sniffing,15318,15256,15318,62
climbing,15382,15318,15382,64
sniffing,15402,15382,15402,20
right_turning,15403,15402,15403,1
trotting,15404,15403,15404,1
sniffing,15532,15404,15532,128
walking,15533,15532,15533,1
sniffing,15558,15533,15558,25
climbing,15625,15558,15625,67
trotting,15655,15625,15655,30
walking,15680,15655,15680,25
rising,15699,15680,15699,19
sniffing,15760,15699,15760,61
rising,15846,15760,15846,86
left_turning,15871,15846,15871,25
sniffing,15926,15871,15926,55
walking,15975,15926,15975,49
sniffing,16005,15975,16005,30
climbing,16056,16005,16056,51
sniffing,16122,16056,16122,66
left_turning,16166,16122,16166,44
stepping,16212,16166,16212,46
climbing,16309,16212,16309,97
sniffing,16416,16309,16416,107
climbing,16476,16416,16476,60
sniffing,16512,16476,16512,36
trotting,16517,16512,16517,5
sniffing,16518,16517,16518,1
walking,16519,16518,16519,1
stepping,16588,16519,16588,69
sniffing,16589,16588,16589,1
walking,16629,16589,16629,40
right_turning,16656,16629,16656,27
walking,16684,16656,16684,28
climbing,16744,16684,16744,60
sniffing,16745,16744,16745,1
rearing,16746,16745,16746,1
sniffing,16764,16746,16764,18
right_turning,16786,16764,16786,22
trotting,16815,16786,16815,29
stepping,16833,16815,16833,18
sniffing,16913,16833,16913,80
rising,17064,16913,17064,151
rearing,17279,17064,17279,215
left_turning,17320,17279,17320,41
right_turning,17333,17320,17333,13
left_turning,17354,17333,17354,21
walking,17410,17354,17410,56
left_turning,17427,17410,17427,17
walking,17488,17427,17488,61
climbing,17537,17488,17537,49
left_turning,17586,17537,17586,49
trotting,17611,17586,17611,25
sniffing,17668,17611,17668,57
running,17705,17668,17705,37
trotting,17706,17705,17706,1
rising,17746,17706,17746,40
walking,17763,17746,17763,17
sniffing,17817,17763,17817,54
rising,17818,17817,17818,1
left_turning,17866,17818,17866,48
running,17879,17866,17879,13
rising,18115,17879,18115,236
climbing,18218,18115,18218,103
rising,18219,18218,18219,1
climbing,18283,18219,18283,64
left_turning,18341,18283,18341,58
walking,18342,18341,18342,1
climbing,18370,18342,18370,28
sniffing,18435,18370,18435,65
left_turning,18455,18435,18455,20
trotting,18468,18455,18468,13
climbing,18487,18468,18487,19
right_turning,18523,18487,18523,36
trotting,18543,18523,18543,20
rising,18788,18543,18788,245
trotting,18823,18788,18823,35
rising,18968,18823,18968,145
climbing,18991,18968,18991,23
sniffing,18997,18991,18997,6
left_turning,19004,18997,19004,7
sniffing,19047,19004,19047,43
walking,19103,19047,19103,56
hunching,19139,19103,19139,36
climbing,19181,19139,19181,42
rising,19182,19181,19182,1
sniffing,19207,19182,19207,25
climbing,19268,19207,19268,61
sniffing,19300,19268,19300,32
climbing,19336,19300,19336,36
rearing,19380,19336,19380,44
rising,19381,19380,19381,1
walking,19382,19381,19382,1
rising,19428,19382,19428,46
climbing,19469,19428,19469,41
walking,19514,19469,19514,45
rising,19525,19514,19525,11
rearing,19600,19525,19600,75
hunching,19603,19600,19603,3
sniffing,19638,19603,19638,35
grooming,19639,19638,19639,1
sniffing,19640,19639,19640,1
trotting,19655,19640,19655,15
walking,19670,19655,19670,15
rising,19708,19670,19708,38
walking,19750,19708,19750,42
sniffing,19826,19750,19826,76
running,19855,19826,19855,29
walking,19866,19855,19866,11
left_turning,19885,19866,19885,19
sniffing,19994,19885,19994,109
walking,20005,19994,20005,11
stepping,20056,20005,20056,51
hunching,20291,20056,20291,235
sniffing,20305,20291,20305,14
walking,20351,20305,20351,46
sniffing,20481,20351,20481,130
climbing,20497,20481,20497,16
rearing,20661,20497,20661,164
rising,20707,20661,20707,46
rearing,20876,20707,20876,169
climbing,20967,20876,20967,91
rising,20992,20967,20992,25
climbing,20997,20992,20997,5
walking,21016,20997,21016,19
sniffing,21117,21016,21117,101
walking,21149,21117,21149,32
sniffing,21196,21149,21196,47
walking,21263,21196,21263,67
stepping,21298,21263,21298,35
walking,21302,21298,21302,4
rising,21347,21302,21347,45
walking,21348,21347,21348,1
left_turning,21359,21348,21359,11
sniffing,21450,21359,21450,91
climbing,21472,21450,21472,22
sniffing,21473,21472,21473,1
walking,21504,21473,21504,31
trotting,21528,21504,21528,24
rising,21562,21528,21562,34
sniffing,21594,21562,21594,32
grooming,22273,21594,22273,679
climbing,22309,22273,22309,36
right_turning,22350,22309,22350,41
sniffing,22374,22350,22374,24
stepping,22375,22374,22375,1
rising,22390,22375,22390,15
climbing,22427,22390,22427,37
left_turning,22428,22427,22428,1
stepping,22445,22428,22445,17
walking,22449,22445,22449,4
left_turning,22452,22449,22452,3
sniffing,22512,22452,22512,60
climbing,22517,22512,22517,5
sniffing,22550,22517,22550,33
walking,22573,22550,22573,23
left_turning,22618,22573,22618,45
rising,22675,22618,22675,57
walking,22676,22675,22676,1
climbing,22746,22676,22746,70
rising,22994,22746,22994,248
sniffing,22995,22994,22995,1
rising,23007,22995,23007,12
climbing,23063,23007,23063,56
sniffing,23096,23063,23096,33
stepping,23139,23096,23139,43
walking,23173,23139,23173,34
stepping,23177,23173,23177,4
sniffing,23182,23177,23182,5
walking,23207,23182,23207,25
climbing,23259,23207,23259,52
walking,23276,23259,23276,17
climbing,23306,23276,23306,30
walking,23319,23306,23319,13
sniffing,23402,23319,23402,83
climbing,23403,23402,23403,1
rising,23404,23403,23404,1
climbing,23405,23404,23405,1
hunching,23633,23405,23633,228
climbing,23686,23633,23686,53
rearing,23687,23686,23687,1
walking,23707,23687,23707,20
rising,23753,23707,23753,46
climbing,23812,23753,23812,59
running,23818,23812,23818,6
walking,23826,23818,23826,8
stepping,23881,23826,23881,55
sniffing,23882,23881,23882,1
left_turning,23902,23882,23902,20
rising,23927,23902,23927,25
left_turning,23937,23927,23937,10
sniffing,24009,23937,24009,72
left_turning,24046,24009,24046,37
walking,24106,24046,24106,60
sniffing,24148,24106,24148,42
walking,24149,24148,24149,1
sniffing,24172,24149,24172,23
climbing,24180,24172,24180,8
sniffing,24181,24180,24181,1
climbing,24182,24181,24182,1
rising,24201,24182,24201,19
left_turning,24248,24201,24248,47
rising,24279,24248,24279,31
climbing,24322,24279,24322,43
running,24327,24322,24327,5
climbing,24393,24327,24393,66
rising,24417,24393,24417,24
climbing,24469,24417,24469,52
right_turning,24489,24469,24489,20
rising,24490,24489,24490,1
sniffing,24505,24490,24505,15
rising,24523,24505,24523,18
sniffing,24524,24523,24524,1
right_turning,24556,24524,24556,32
walking,24577,24556,24577,21
left_turning,24578,24577,24578,1
stepping,24624,24578,24624,46
rising,24630,24624,24630,6
climbing,24665,24630,24665,35
rising,24729,24665,24729,64
left_turning,24767,24729,24767,38
sniffing,24800,24767,24800,33
walking,24801,24800,24801,1
sniffing,24836,24801,24836,35
rising,24837,24836,24837,1
sniffing,24911,24837,24911,74
climbing,24942,24911,24942,31
running,24955,24942,24955,13
walking,24979,24955,24979,24
sniffing,25012,24979,25012,33
walking,25027,25012,25027,15
sniffing,25094,25027,25094,67
right_turning,25135,25094,25135,41
trotting,25162,25135,25162,27
sniffing,25163,25162,25163,1
right_turning,25191,25163,25191,28
running,25193,25191,25193,2
walking,25195,25193,25195,2
sniffing,25199,25195,25199,4
right_turning,25234,25199,25234,35
climbing,25253,25234,25253,19
grooming,25290,25253,25290,37
climbing,25302,25290,25302,12
rising,25402,25302,25402,100
climbing,25427,25402,25427,25
sniffing,25428,25427,25428,1
trotting,25488,25428,25488,60
running,25499,25488,25499,11
walking,25501,25499,25501,2
right_turning,25522,25501,25522,21
rising,25565,25522,25565,43
climbing,25635,25565,25635,70
rearing,25886,25635,25886,251
climbing,25887,25886,25887,1
sniffing,25914,25887,25914,27
rising,25989,25914,25989,75
rearing,26118,25989,26118,129
rising,26190,26118,26190,72
climbing,26236,26190,26236,46
right_turning,26265,26236,26265,29
left_turning,26279,26265,26279,14
trotting,26315,26279,26315,36
walking,26331,26315,26331,16
rising,26347,26331,26347,16
sniffing,26348,26347,26348,1
rising,26383,26348,26383,35
climbing,26447,26383,26447,64
walking,26499,26447,26499,52
sniffing,26500,26499,26500,1
walking,26545,26500,26545,45
sniffing,26574,26545,26574,29
walking,26611,26574,26611,37
climbing,26612,26611,26612,1
sniffing,26613,26612,26613,1
left_turning,26633,26613,26633,20
trotting,26664,26633,26664,31
sniffing,26746,26664,26746,82
right_turning,26760,26746,26760,14
left_turning,26795,26760,26795,35
sniffing,26796,26795,26796,1
rising,26797,26796,26797,1
grooming,26798,26797,26798,1
rising,26837,26798,26837,39
stepping,26857,26837,26857,20
sniffing,26936,26857,26936,79
left_turning,26957,26936,26957,21
stepping,27009,26957,27009,52
trotting,27035,27009,27035,26
walking,27095,27035,27095,60
climbing,27148,27095,27148,53
grooming,27189,27148,27189,41
sniffing,27232,27189,27232,43
right_turning,27264,27232,27264,32
walking,27271,27264,27271,7
sniffing,27272,27271,27272,1
climbing,27273,27272,27273,1
sniffing,27307,27273,27307,34
grooming,27373,27307,27373,66
left_turning,27486,27373,27486,113
sniffing,27511,27486,27511,25
pausing,27512,27511,27512,1
sniffing,27513,27512,27513,1
rising,27514,27513,27514,1
hunching,27515,27514,27515,1
rearing,27518,27515,27518,3
sniffing,27575,27518,27575,57
left_turning,27576,27575,27576,1
sniffing,27620,27576,27620,44
walking,27659,27620,27659,39
rising,27662,27659,27662,3
climbing,27729,27662,27729,67
right_turning,27762,27729,27762,33
left_turning,27783,27762,27783,21
sniffing,27872,27783,27872,89
trotting,27890,27872,27890,18
sniffing,27910,27890,27910,20
rearing,27969,27910,27969,59
rising,27970,27969,27970,1
climbing,27992,27970,27992,22
rearing,28043,27992,28043,51
right_turning,28044,28043,28044,1
running,28083,28044,28083,39
sniffing,28102,28083,28102,19
trotting,28115,28102,28115,13
walking,28133,28115,28133,18
rising,28183,28133,28183,50
sniffing,28237,28183,28237,54
rising,28256,28237,28256,19
grooming,28406,28256,28406,150
right_turning,28426,28406,28426,20
sniffing,28529,28426,28529,103
climbing,28544,28529,28544,15
running,28552,28544,28552,8
rising,28704,28552,28704,152
stepping,28734,28704,28734,30
walking,28735,28734,28735,1
left_turning,28794,28735,28794,59
walking,28818,28794,28818,24
left_turning,28842,28818,28842,24
rising,28968,28842,28968,126
climbing,29011,28968,29011,43
walking,29012,29011,29012,1
climbing,29066,29012,29066,54
rising,29074,29066,29074,8
left_turning,29077,29074,29077,3
sniffing,29114,29077,29114,37
left_turning,29120,29114,29120,6
trotting,29133,29120,29133,13
left_turning,29174,29133,29174,41
walking,29197,29174,29197,23
trotting,29235,29197,29235,38
sniffing,29236,29235,29236,1
left_turning,29270,29236,29270,34
walking,29339,29270,29339,69
hunching,29406,29339,29406,67
sniffing,29470,29406,29470,64
walking,29498,29470,29498,28
climbing,29546,29498,29546,48
walking,29547,29546,29547,1
left_turning,29604,29547,29604,57
walking,29624,29604,29624,20
sniffing,29740,29624,29740,116
rising,29865,29740,29865,125
walking,29892,29865,29892,27
climbing,29911,29892,29911,19
walking,29915,29911,29915,4
sniffing,29975,29915,29975,60
hunching,30058,29975,30058,83
sniffing,30059,30058,30059,1
rising,30060,30059,30060,1
climbing,30078,30060,30078,18
sniffing,30134,30078,30134,56
hunching,30203,30134,30203,69
climbing,30246,30203,30246,43
left_turning,30313,30246,30313,67
rising,30317,30313,30317,4
sniffing,30338,30317,30338,21
walking,30375,30338,30375,37
sniffing,30402,30375,30402,27
climbing,30438,30402,30438,36
sniffing,30441,30438,30441,3
climbing,30485,30441,30485,44
right_turning,30510,30485,30510,25
walking,30542,30510,30542,32
sniffing,30589,30542,30589,47
stepping,30599,30589,30599,10
sniffing,30617,30599,30617,18
grooming,30832,30617,30832,215
rearing,30915,30832,30915,83
climbing,30955,30915,30955,40
trotting,30992,30955,30992,37
rising,31024,30992,31024,32
walking,31054,31024,31054,30
climbing,31107,31054,31107,53
rising,31108,31107,31108,1
sniffing,31157,31108,31157,49
rising,31169,31157,31169,12
climbing,31252,31169,31252,83
rearing,31379,31252,31379,127
sniffing,31535,31379,31535,156
stepping,31565,31535,31565,30
walking,31604,31565,31604,39
sniffing,31642,31604,31642,38
rising,31658,31642,31658,16
walking,31686,31658,31686,28
sniffing,31687,31686,31687,1
walking,31716,31687,31716,29
climbing,31756,31716,31756,40
sniffing,31775,31756,31775,19
right_turning,31803,31775,31803,28
running,31827,31803,31827,24
left_turning,31834,31827,31834,7
rising,31835,31834,31835,1
left_turning,31841,31835,31841,6
sniffing,31854,31841,31854,13
stepping,31894,31854,31894,40
sniffing,31913,31894,31913,19
walking,31937,31913,31937,24
running,31960,31937,31960,23
rising,31989,31960,31989,29
sniffing,32050,31989,32050,61
left_turning,32052,32050,32052,2
sniffing,32053,32052,32053,1
hunching,32061,32053,32061,8
right_turning,32074,32061,32074,13
walking,32091,32074,32091,17
left_turning,32092,32091,32092,1
walking,32100,32092,32100,8
climbing,32146,32100,32146,46
walking,32187,32146,32187,41
rising,32552,32187,32552,365
climbing,32610,32552,32610,58
trotting,32637,32610,32637,27
left_turning,32642,32637,32642,5
sniffing,32736,32642,32736,94
trotting,32755,32736,32755,19
sniffing,32789,32755,32789,34
rising,32939,32789,32939,150
sniffing,32983,32939,32983,44
running,32986,32983,32986,3
sniffing,33046,32986,33046,60
walking,33064,33046,33064,18
sniffing,33077,33064,33077,13
left_turning,33093,33077,33093,16
walking,33109,33093,33109,16
stepping,33130,33109,33130,21
left_turning,33131,33130,33131,1
sniffing,33176,33131,33176,45
stepping,33209,33176,33209,33
sniffing,33210,33209,33210,1
left_turning,33249,33210,33249,39
walking,33280,33249,33280,31
sniffing,33422,33280,33422,142
rising,33468,33422,33468,46
climbing,33509,33468,33509,41
rising,33573,33509,33573,64
stepping,33639,33573,33639,66
walking,33653,33639,33653,14
stepping,33654,33653,33654,1
sniffing,33764,33654,33764,110
stepping,33871,33764,33871,107
rising,33951,33871,33951,80
right_turning,33969,33951,33969,18
walking,33979,33969,33979,10
sniffing,34016,33979,34016,37
climbing,34086,34016,34086,70
rearing,34214,34086,34214,128
grooming,34215,34214,34215,1
sniffing,34312,34215,34312,97
left_turning,34335,34312,34335,23
sniffing,34422,34335,34422,87
left_turning,34512,34422,34512,90
trotting,34534,34512,34534,22
sniffing,34547,34534,34547,13
walking,34563,34547,34563,16
sniffing,34564,34563,34564,1
stepping,34599,34564,34599,35
climbing,34600,34599,34600,1
rising,34625,34600,34625,25
climbing,34664,34625,34664,39
rearing,34665,34664,34665,1
walking,34666,34665,34666,1
climbing,34668,34666,34668,2
right_turning,34671,34668,34671,3
walking,34672,34671,34672,1
sniffing,34682,34672,34682,10
rising,34807,34682,34807,125
trotting,34847,34807,34847,40
sniffing,34869,34847,34869,22
trotting,34881,34869,34881,12
sniffing,34977,34881,34977,96
rising,34983,34977,34983,6
rearing,35050,34983,35050,67
climbing,35055,35050,35055,5
sniffing,35056,35055,35056,1
stepping,35057,35056,35057,1
walking,35114,35057,35114,57
left_turning,35148,35114,35148,34
rising,35194,35148,35194,46
walking,35200,35194,35200,6
left_turning,35207,35200,35207,7
walking,35226,35207,35226,19
rearing,35231,35226,35231,5
walking,35262,35231,35262,31
climbing,35300,35262,35300,38
sniffing,35363,35300,35363,63
walking,35451,35363,35451,88
trotting,35465,35451,35465,14
rising,35488,35465,35488,23
sniffing,35585,35488,35585,97
left_turning,35617,35585,35617,32
walking,35618,35617,35618,1
sniffing,35647,35618,35647,29
grooming,35899,35647,35899,252
sniffing,35922,35899,35922,23
left_turning,35978,35922,35978,56
walking,36035,35978,36035,57
sniffing,36100,36035,36100,65
grooming,36363,36100,36363,263
hunching,36364,36363,36364,1
rising,36365,36364,36365,1
sniffing,36384,36365,36384,19
climbing,36412,36384,36412,28
right_turning,36413,36412,36413,1
walking,36438,36413,36438,25
rising,36439,36438,36439,1
grooming,37085,36439,37085,646
hunching,37140,37085,37140,55
grooming,37770,37140,37770,630
right_turning,37818,37770,37818,48
walking,37846,37818,37846,28
sniffing,37874,37846,37874,28
running,37904,37874,37904,30
rising,37933,37904,37933,29
sniffing,37976,37933,37976,43
hunching,38028,37976,38028,52
walking,38046,38028,38046,18
sniffing,38051,38046,38051,5
hunching,38357,38051,38357,306
sniffing,38427,38357,38427,70
rising,38428,38427,38428,1
sniffing,38515,38428,38515,87
climbing,38516,38515,38516,1
left_turning,38522,38516,38522,6
sniffing,38600,38522,38600,78
grooming,38762,38600,38762,162
climbing,38779,38762,38779,17
right_turning,38803,38779,38803,24
sniffing,38834,38803,38834,31
stepping,38835,38834,38835,1
sniffing,38836,38835,38836,1
right_turning,38856,38836,38856,20
trotting,38874,38856,38874,18
walking,38886,38874,38886,12
trotting,38945,38886,38945,59
sniffing,38978,38945,38978,33
walking,39046,38978,39046,68
sniffing,39073,39046,39073,27
hunching,39100,39073,39100,27
rearing,39101,39100,39101,1
left_turning,39127,39101,39127,26
walking,39131,39127,39131,4
rising,39132,39131,39132,1
rearing,39209,39132,39209,77
right_turning,39219,39209,39219,10
sniffing,39242,39219,39242,23
left_turning,39270,39242,39270,28
climbing,39399,39270,39399,129
rising,39400,39399,39400,1
climbing,39426,39400,39426,26
walking,39466,39426,39466,40
rising,39483,39466,39483,17
climbing,39496,39483,39496,13
trotting,39546,39496,39546,50
sniffing,39547,39546,39547,1
rearing,39634,39547,39634,87
rising,39635,39634,39635,1
walking,39652,39635,39652,17
rearing,39655,39652,39655,3
grooming,39656,39655,39656,1
right_turning,39682,39656,39682,26
sniffing,39778,39682,39778,96
right_turning,39786,39778,39786,8
sniffing,39898,39786,39898,112
left_turning,39899,39898,39899,1
sniffing,39973,39899,39973,74
rising,40030,39973,40030,57
left_turning,40066,40030,40066,36
walking,40069,40066,40069,3
sniffing,40134,40069,40134,65
trotting,40154,40134,40154,20
walking,40234,40154,40234,80
rising,40269,40234,40269,35
walking,40342,40269,40342,73
rising,40377,40342,40377,35
walking,40381,40377,40381,4
trotting,40410,40381,40410,29
walking,40453,40410,40453,43
sniffing,40517,40453,40517,64
rising,40577,40517,40577,60
climbing,40581,40577,40581,4
right_turning,40596,40581,40596,15
rising,40632,40596,40632,36
right_turning,40645,40632,40645,13
sniffing,40659,40645,40659,14
running,40699,40659,40699,40
trotting,40727,40699,40727,28
left_turning,40764,40727,40764,37
sniffing,40765,40764,40765,1
right_turning,40767,40765,40767,2
sniffing,40788,40767,40788,21
climbing,40864,40788,40864,76
walking,40956,40864,40956,92
sniffing,40987,40956,40987,31
rising,41261,40987,41261,274
climbing,41338,41261,41338,77
rising,41395,41338,41395,57
climbing,41396,41395,41396,1
rising,41475,41396,41475,79
climbing,41484,41475,41484,9
walking,41503,41484,41503,19
rearing,41608,41503,41608,105
climbing,41682,41608,41682,74
trotting,41707,41682,41707,25
sniffing,41709,41707,41709,2
walking,41728,41709,41728,19
sniffing,41729,41728,41729,1
hunching,41862,41729,41862,133
running,41893,41862,41893,31
walking,41940,41893,41940,47
climbing,41996,41940,41996,56
walking,42045,41996,42045,49
climbing,42064,42045,42064,19
rising,42083,42064,42083,19
sniffing,42084,42083,42084,1
left_turning,42113,42084,42113,29
sniffing,42114,42113,42114,1
stepping,42137,42114,42137,23
walking,42183,42137,42183,46
climbing,42212,42183,42212,29
sniffing,42216,42212,42216,4
rising,42282,42216,42282,66
sniffing,42323,42282,42323,41
walking,42335,42323,42335,12
sniffing,42374,42335,42374,39
hunching,42435,42374,42435,61
climbing,42482,42435,42482,47
right_turning,42486,42482,42486,4
sniffing,42548,42486,42548,62
left_turning,42574,42548,42574,26
trotting,42600,42574,42600,26
rising,42671,42600,42671,71
right_turning,42672,42671,42672,1
sniffing,42673,42672,42673,1
climbing,42766,42673,42766,93
sniffing,42770,42766,42770,4
climbing,42810,42770,42810,40
left_turning,42812,42810,42812,2
sniffing,42840,42812,42840,28
right_turning,42858,42840,42858,18
trotting,42905,42858,42905,47
sniffing,42967,42905,42967,62
climbing,42993,42967,42993,26
rising,42994,42993,42994,1
climbing,42995,42994,42995,1
sniffing,43080,42995,43080,85
trotting,43095,43080,43095,15
sniffing,43161,43095,43161,66
rearing,43267,43161,43267,106
rising,43311,43267,43311,44
sniffing,43360,43311,43360,49
climbing,43403,43360,43403,43
walking,43421,43403,43421,18
climbing,43438,43421,43438,17
running,43444,43438,43444,6
stepping,43447,43444,43447,3
walking,43489,43447,43489,42
sniffing,43501,43489,43501,12
rising,43516,43501,43516,15
right_turning,43541,43516,43541,25
walking,43583,43541,43583,42
sniffing,43640,43583,43640,57
walking,43641,43640,43641,1
sniffing,43693,43641,43693,52
rising,43694,43693,43694,1
sniffing,43696,43694,43696,2
rising,43744,43696,43744,48
sniffing,43749,43744,43749,5
rising,43797,43749,43797,48
climbing,43845,43797,43845,48
walking,43863,43845,43863,18
sniffing,43864,43863,43864,1
hunching,43921,43864,43921,57
grooming,44268,43921,44268,347
sniffing,44423,44268,44423,155
trotting,44451,44423,44451,28
walking,44486,44451,44486,35
sniffing,44488,44486,44488,2
trotting,44522,44488,44522,34
walking,44545,44522,44545,23
sniffing,44546,44545,44546,1
climbing,44565,44546,44565,19
rising,44566,44565,44566,1
climbing,44613,44566,44613,47
rearing,44682,44613,44682,69
right_turning,44723,44682,44723,41
trotting,44744,44723,44744,21
walking,44770,44744,44770,26
rising,44779,44770,44779,9
rearing,44788,44779,44788,9
sniffing,44789,44788,44789,1
walking,44790,44789,44790,1
climbing,44798,44790,44798,8
trotting,44859,44798,44859,61
sniffing,45004,44859,45004,145
climbing,45012,45004,45012,8
grooming,45013,45012,45013,1
left_turning,45063,45013,45063,50
sniffing,45149,45063,45149,86
trotting,45174,45149,45174,25
sniffing,45235,45174,45235,61
pausing,45582,45235,45582,347
sniffing,45583,45582,45583,1
running,45632,45583,45632,49
sniffing,45642,45632,45642,10
trotting,45692,45642,45692,50
stepping,45714,45692,45714,22
rising,45715,45714,45715,1
sniffing,45819,45715,45819,104
walking,45850,45819,45850,31
sniffing,45887,45850,45887,37
trotting,45888,45887,45888,1
rising,45909,45888,45909,21
climbing,45943,45909,45943,34
rearing,45944,45943,45944,1
hunching,46062,45944,46062,118
walking,46065,46062,46065,3
climbing,46118,46065,46118,53
sniffing,46169,46118,46169,51
rising,46211,46169,46211,42
hunching,46212,46211,46212,1
rising,46260,46212,46260,48
sniffing,46261,46260,46261,1
right_turning,46269,46261,46269,8
climbing,46326,46269,46326,57
left_turning,46327,46326,46327,1
walking,46353,46327,46353,26
stepping,46382,46353,46382,29
walking,46404,46382,46404,22
rising,46452,46404,46452,48
climbing,46521,46452,46521,69
walking,46572,46521,46572,51
climbing,46595,46572,46595,23
sniffing,46704,46595,46704,109
climbing,46757,46704,46757,53
rising,46758,46757,46758,1
climbing,46815,46758,46815,57
sniffing,46830,46815,46830,15
left_turning,46831,46830,46831,1
rising,46965,46831,46965,134
left_turning,47008,46965,47008,43
sniffing,47009,47008,47009,1
left_turning,47010,47009,47010,1
sniffing,47029,47010,47029,19
climbing,47072,47029,47072,43
hunching,47189,47072,47189,117
trotting,47209,47189,47209,20
rising,47214,47209,47214,5
trotting,47247,47214,47247,33
walking,47284,47247,47284,37
sniffing,47339,47284,47339,55
rising,47384,47339,47384,45
rearing,47441,47384,47441,57
rising,47527,47441,47527,86
walking,47558,47527,47558,31
sniffing,47603,47558,47603,45
pausing,47738,47603,47738,135
sniffing,47792,47738,47792,54
walking,47793,47792,47793,1
climbing,47813,47793,47813,20
sniffing,47814,47813,47814,1
walking,47838,47814,47838,24
left_turning,47874,47838,47874,36
walking,47905,47874,47905,31
left_turning,47917,47905,47917,12
sniffing,47982,47917,47982,65
rising,47983,47982,47983,1
trotting,48039,47983,48039,56
stepping,48064,48039,48064,25
climbing,48117,48064,48117,53
stepping,48133,48117,48133,16
climbing,48190,48133,48190,57
sniffing,48191,48190,48191,1
walking,48228,48191,48228,37
rising,48260,48228,48260,32
sniffing,48276,48260,48276,16
rearing,48425,48276,48425,149
sniffing,48483,48425,48483,58
trotting,48539,48483,48539,56
left_turning,48558,48539,48558,19
sniffing,48604,48558,48604,46
walking,48645,48604,48645,41
rising,48646,48645,48646,1
sniffing,48712,48646,48712,66
right_turning,48731,48712,48731,19
sniffing,48745,48731,48745,14
rising,48761,48745,48761,16
left_turning,48854,48761,48854,93
sniffing,48855,48854,48855,1
running,48880,48855,48880,25
sniffing,48937,48880,48937,57
rising,48971,48937,48971,34
walking,49011,48971,49011,40
climbing,49026,49011,49026,15
walking,49074,49026,49074,48
sniffing,49167,49074,49167,93
walking,49212,49167,49212,45
sniffing,49279,49212,49279,67
rearing,49280,49279,49280,1
sniffing,49329,49280,49329,49
rising,49330,49329,49330,1
climbing,49368,49330,49368,38
running,49384,49368,49384,16
left_turning,49385,49384,49385,1
sniffing,49509,49385,49509,124
walking,49541,49509,49541,32
climbing,49610,49541,49610,69
rising,49627,49610,49627,17
climbing,49628,49627,49628,1
rearing,49629,49628,49629,1
grooming,49630,49629,49630,1
left_turning,49645,49630,49645,15
right_turning,49665,49645,49665,20
running,49703,49665,49703,38
sniffing,49704,49703,49704,1
left_turning,49705,49704,49705,1
sniffing,49787,49705,49787,82
right_turning,49826,49787,49826,39
sniffing,49865,49826,49865,39
rising,49929,49865,49929,64
climbing,49980,49929,49980,51
rearing,50020,49980,50020,40
climbing,50095,50020,50095,75
rising,50105,50095,50105,10
sniffing,50112,50105,50112,7
left_turning,50118,50112,50118,6
sniffing,50168,50118,50168,50
stepping,50169,50168,50169,1
sniffing,50208,50169,50208,39
grooming,50209,50208,50209,1
hunching,50210,50209,50210,1
grooming,50211,50210,50211,1
rearing,50221,50211,50221,10
sniffing,50247,50221,50247,26
climbing,50305,50247,50305,58
rearing,50307,50305,50307,2
sniffing,50418,50307,50418,111
walking,50419,50418,50419,1
left_turning,50420,50419,50420,1
walking,50460,50420,50460,40
sniffing,50494,50460,50494,34
rising,50498,50494,50498,4
climbing,50555,50498,50555,57
trotting,50590,50555,50590,35
walking,50603,50590,50603,13
sniffing,50652,50603,50652,49
walking,50722,50652,50722,70
trotting,50723,50722,50723,1
sniffing,50772,50723,50772,49
walking,50825,50772,50825,53
left_turning,50882,50825,50882,57
sniffing,50992,50882,50992,110
right_turning,51017,50992,51017,25
trotting,51051,51017,51051,34
walking,51052,51051,51052,1
sniffing,51117,51052,51117,65
hunching,51201,51117,51201,84
climbing,51246,51201,51246,45
rising,51329,51246,51329,83
climbing,51392,51329,51392,63
walking,51396,51392,51396,4
sniffing,51398,51396,51398,2
left_turning,51413,51398,51413,15
trotting,51433,51413,51433,20
rising,51472,51433,51472,39
climbing,51502,51472,51502,30
rising,51536,51502,51536,34
climbing,51565,51536,51565,29
running,51587,51565,51587,22
stepping,51588,51587,51588,1
right_turning,51590,51588,51590,2
sniffing,51641,51590,51641,51
rising,51642,51641,51642,1
hunching,51643,51642,51643,1
sniffing,51736,51643,51736,93
left_turning,51793,51736,51793,57
walking,51813,51793,51813,20
rising,51839,51813,51839,26
sniffing,51925,51839,51925,86
rising,51926,51925,51926,1
left_turning,51977,51926,51977,51
walking,51986,51977,51986,9
left_turning,51987,51986,51987,1
sniffing,52119,51987,52119,132
walking,52151,52119,52151,32
rearing,52274,52151,52274,123
running,52313,52274,52313,39
rising,52360,52313,52360,47
climbing,52444,52360,52444,84
right_turning,52481,52444,52481,37
trotting,52494,52481,52494,13
walking,52496,52494,52496,2
left_turning,52498,52496,52498,2
walking,52499,52498,52499,1
rearing,52523,52499,52523,24
sniffing,52572,52523,52572,49
rising,52603,52572,52603,31
climbing,52629,52603,52629,26
walking,52633,52629,52633,4
sniffing,52634,52633,52634,1
climbing,52698,52634,52698,64
running,52744,52698,52744,46
sniffing,52800,52744,52800,56
running,52834,52800,52834,34
rising,52854,52834,52854,20
sniffing,52883,52854,52883,29
rising,52949,52883,52949,66
rearing,53029,52949,53029,80
left_turning,53062,53029,53062,33
sniffing,53172,53062,53172,110
walking,53225,53172,53225,53
sniffing,53356,53225,53356,131
left_turning,53408,53356,53408,52
walking,53439,53408,53439,31
climbing,53494,53439,53494,55
rising,53501,53494,53501,7
sniffing,53602,53501,53602,101
left_turning,53703,53602,53703,101
rising,53718,53703,53718,15
climbing,53738,53718,53738,20
walking,53765,53738,53765,27
left_turning,53822,53765,53822,57
sniffing,53939,53822,53939,117
climbing,53968,53939,53968,29
running,54009,53968,54009,41
sniffing,54012,54009,54012,3
stepping,54066,54012,54066,54
sniffing,54132,54066,54132,66
left_turning,54160,54132,54160,28
sniffing,54161,54160,54161,1
rising,54204,54161,54204,43
walking,54235,54204,54235,31
right_turning,54248,54235,54248,13
trotting,54256,54248,54256,8
walking,54292,54256,54292,36
stepping,54321,54292,54321,29
sniffing,54384,54321,54384,63
rising,54420,54384,54420,36
sniffing,54496,54420,54496,76
rising,54543,54496,54543,47
rearing,54559,54543,54559,16
climbing,54582,54559,54582,23
sniffing,54698,54582,54698,116
rearing,54699,54698,54699,1
trotting,54700,54699,54700,1
sniffing,54729,54700,54729,29
rising,54730,54729,54730,1
climbing,54761,54730,54761,31
rearing,54820,54761,54820,59
trotting,54853,54820,54853,33
rising,54905,54853,54905,52
climbing,54906,54905,54906,1
stepping,54907,54906,54907,1
climbing,54998,54907,54998,91
rising,54999,54998,54999,1
rearing,55000,54999,55000,1
sniffing,55143,55000,55143,143
walking,55153,55143,55153,10
left_turning,55185,55153,55185,32
walking,55213,55185,55213,28
left_turning,55288,55213,55288,75
running,55318,55288,55318,30
walking,55368,55318,55368,50
climbing,55369,55368,55369,1
sniffing,55412,55369,55412,43
trotting,55416,55412,55416,4
sniffing,55481,55416,55481,65
rearing,55482,55481,55482,1
sniffing,55483,55482,55483,1
climbing,55495,55483,55495,12
left_turning,55517,55495,55517,22
sniffing,55579,55517,55579,62
walking,55591,55579,55591,12
sniffing,55592,55591,55592,1
rising,55593,55592,55593,1
rearing,55671,55593,55671,78
climbing,55703,55671,55703,32
running,55735,55703,55735,32
sniffing,55776,55735,55776,41
walking,55821,55776,55821,45
stepping,55828,55821,55828,7
trotting,55829,55828,55829,1
sniffing,55884,55829,55884,55
climbing,55885,55884,55885,1
sniffing,55907,55885,55907,22
rising,55987,55907,55987,80
jumping,56034,55987,56034,47
rising,56035,56034,56035,1
climbing,56078,56035,56078,43
running,56088,56078,56088,10
left_turning,56101,56088,56101,13
sniffing,56173,56101,56173,72
walking,56194,56173,56194,21
right_turning,56226,56194,56226,32
stepping,56263,56226,56263,37
left_turning,56270,56263,56270,7
sniffing,56383,56270,56383,113
stepping,56435,56383,56435,52
walking,56456,56435,56456,21
climbing,56511,56456,56511,55
sniffing,56538,56511,56538,27
walking,56576,56538,56576,38
sniffing,56619,56576,56619,43
stepping,56674,56619,56674,55
hunching,56775,56674,56775,101
grooming,56845,56775,56845,70
trotting,56863,56845,56863,18
sniffing,56889,56863,56889,26
stepping,56894,56889,56894,5
walking,56918,56894,56918,24
sniffing,56965,56918,56965,47
rising,56994,56965,56994,29
walking,57013,56994,57013,19
left_turning,57059,57013,57059,46
sniffing,57100,57059,57100,41
stepping,57112,57100,57112,12
left_turning,57138,57112,57138,26
trotting,57180,57138,57180,42
walking,57222,57180,57222,42
sniffing,57243,57222,57243,21
climbing,57357,57243,57357,114
rearing,57360,57357,57360,3
left_turning,57369,57360,57369,9
rising,57440,57369,57440,71
climbing,57500,57440,57500,60
rising,57501,57500,57501,1
sniffing,57593,57501,57593,92
rising,57640,57593,57640,47
climbing,57706,57640,57706,66
left_turning,57839,57706,57839,133
walking,57890,57839,57890,51
climbing,57927,57890,57927,37
right_turning,57954,57927,57954,27
trotting,57988,57954,57988,34
rising,57989,57988,57989,1
sniffing,58127,57989,58127,138
left_turning,58151,58127,58151,24
walking,58204,58151,58204,53
climbing,58239,58204,58239,35
left_turning,58267,58239,58267,28
sniffing,58374,58267,58374,107
left_turning,58383,58374,58383,9
sniffing,58496,58383,58496,113
rising,58501,58496,58501,5
climbing,58565,58501,58565,64
sniffing,58572,58565,58572,7
right_turning,58580,58572,58580,8
walking,58629,58580,58629,49
running,58640,58629,58640,11
rising,58644,58640,58644,4
sniffing,58717,58644,58717,73
climbing,58770,58717,58770,53
sniffing,58800,58770,58800,30
climbing,58852,58800,58852,52
sniffing,58957,58852,58957,105
walking,58994,58957,58994,37
right_turning,59038,58994,59038,44
walking,59054,59038,59054,16
right_turning,59100,59054,59100,46
walking,59134,59100,59134,34
sniffing,59200,59134,59200,66
hunching,59271,59200,59271,71
rearing,59306,59271,59306,35
climbing,59343,59306,59343,37
rising,59344,59343,59344,1
right_turning,59383,59344,59383,39
stepping,59397,59383,59397,14
walking,59428,59397,59428,31
rising,59488,59428,59488,60
rearing,59489,59488,59489,1
climbing,59525,59489,59525,36
trotting,59537,59525,59537,12
sniffing,59538,59537,59538,1
trotting,59569,59538,59569,31
rearing,59701,59569,59701,132
walking,59715,59701,59715,14
climbing,59774,59715,59774,59
right_turning,59793,59774,59793,19
sniffing,59830,59793,59830,37
hunching,59922,59830,59922,92
walking,59923,59922,59923,1
left_turning,59950,59923,59950,27
sniffing,60081,59950,60081,131
walking,60101,60081,60101,20
left_turning,60102,60101,60102,1
running,60124,60102,60124,22
climbing,60182,60124,60182,58
hunching,60244,60182,60244,62
right_turning,60257,60244,60257,13
left_turning,60316,60257,60316,59
hunching,60405,60316,60405,89
sniffing,60406,60405,60406,1
stepping,60407,60406,60407,1
rearing,60408,60407,60408,1
sniffing,60425,60408,60425,17
pausing,60426,60425,60426,1
sniffing,60440,60426,60440,14
climbing,60476,60440,60476,36
rising,60477,60476,60477,1
climbing,60529,60477,60529,52
rising,60530,60529,60530,1
climbing,60552,60530,60552,22
rearing,60683,60552,60683,131
climbing,60729,60683,60729,46
right_turning,60755,60729,60755,26
sniffing,60756,60755,60756,1
climbing,60790,60756,60790,34
rearing,60827,60790,60827,37
sniffing,60846,60827,60846,19
jumping,60918,60846,60918,72
sniffing,61135,60918,61135,217
rearing,61174,61135,61174,39
grooming,61254,61174,61254,80
rearing,61301,61254,61301,47
grooming,61317,61301,61317,16
walking,61323,61317,61323,6
left_turning,61388,61323,61388,65
walking,61400,61388,61400,12
sniffing,61551,61400,61551,151
walking,61615,61551,61615,64
sniffing,61616,61615,61616,1
walking,61650,61616,61650,34
trotting,61702,61650,61702,52
sniffing,61707,61702,61707,5
hunching,61809,61707,61809,102
rearing,61810,61809,61810,1
grooming,61818,61810,61818,8
rising,61819,61818,61819,1
walking,61859,61819,61859,40
rising,61884,61859,61884,25
sniffing,62082,61884,62082,198
rising,62083,62082,62083,1
trotting,62101,62083,62101,18
rising,62132,62101,62132,31
climbing,62147,62132,62147,15
sniffing,62166,62147,62166,19
rearing,62286,62166,62286,120
climbing,62296,62286,62296,10
sniffing,62354,62296,62354,58
walking,62355,62354,62355,1
rising,62356,62355,62356,1
climbing,62397,62356,62397,41
rising,62426,62397,62426,29
walking,62458,62426,62458,32
sniffing,62530,62458,62530,72
climbing,62555,62530,62555,25
right_turning,62599,62555,62599,44
climbing,62749,62599,62749,150
grooming,62957,62749,62957,208
left_turning,62981,62957,62981,24
walking,63019,62981,63019,38
sniffing,63054,63019,63054,35
walking,63055,63054,63055,1
sniffing,63196,63055,63196,141
walking,63228,63196,63228,32
hunching,63295,63228,63295,67
rearing,63344,63295,63344,49
sniffing,63371,63344,63371,27
grooming,64337,63371,64337,966
sniffing,64381,64337,64381,44
walking,64382,64381,64382,1
right_turning,64388,64382,64388,6
climbing,64419,64388,64419,31
running,64438,64419,64438,19
sniffing,64472,64438,64472,34
walking,64501,64472,64501,29
left_turning,64502,64501,64502,1
trotting,64532,64502,64532,30
sniffing,64537,64532,64537,5
stepping,64548,64537,64548,11
rearing,64618,64548,64618,70
hunching,64652,64618,64652,34
sniffing,64712,64652,64712,60
walking,64745,64712,64745,33
climbing,64746,64745,64746,1
hunching,64797,64746,64797,51
rearing,64877,64797,64877,80
climbing,64943,64877,64943,66
sniffing,65015,64943,65015,72
stepping,65038,65015,65038,23
sniffing,65087,65038,65087,49
rearing,65088,65087,65088,1
climbing,65131,65088,65131,43
hunching,65446,65131,65446,315
rearing,65447,65446,65447,1
climbing,65528,65447,65528,81
left_turning,65565,65528,65565,37
trotting,65598,65565,65598,33
rising,65599,65598,65599,1
climbing,65634,65599,65634,35
rising,65702,65634,65702,68
rearing,65712,65702,65712,10
rising,65713,65712,65713,1
climbing,65769,65713,65769,56
sniffing,65837,65769,65837,68
trotting,65866,65837,65866,29
walking,65884,65866,65884,18
stepping,65885,65884,65885,1
sniffing,65886,65885,65886,1
left_turning,65887,65886,65887,1
walking,65937,65887,65937,50
rising,65938,65937,65938,1
climbing,66008,65938,66008,70
right_turning,66054,66008,66054,46
sniffing,66079,66054,66079,25
left_turning,66084,66079,66084,5
trotting,66114,66084,66114,30
walking,66177,66114,66177,63
rising,66178,66177,66178,1
sniffing,66299,66178,66299,121
rising,66358,66299,66358,59
left_turning,66487,66358,66487,129
running,66504,66487,66504,17
sniffing,66505,66504,66505,1
rising,66532,66505,66532,27
right_turning,66566,66532,66566,34
rising,66641,66566,66641,75
sniffing,66947,66641,66947,306
walking,66963,66947,66963,16
sniffing,67001,66963,67001,38
walking,67053,67001,67053,52
rising,67059,67053,67059,6
climbing,67066,67059,67066,7
grooming,67290,67066,67290,224
climbing,67342,67290,67342,52
rising,67343,67342,67343,1
jumping,67422,67343,67422,79
running,67451,67422,67451,29
sniffing,67452,67451,67452,1
pausing,67603,67452,67603,151
sniffing,67604,67603,67604,1
trotting,67643,67604,67643,39
walking,67668,67643,67668,25
climbing,67726,67668,67726,58
rising,67762,67726,67762,36
grooming,67777,67762,67777,15
right_turning,67790,67777,67790,13
climbing,67791,67790,67791,1
hunching,67792,67791,67792,1
climbing,67808,67792,67808,16
rising,67855,67808,67855,47
sniffing,67935,67855,67935,80
left_turning,67967,67935,67967,32
sniffing,68100,67967,68100,133
left_turning,68172,68100,68172,72
walking,68209,68172,68209,37
sniffing,68240,68209,68240,31
rising,68259,68240,68259,19
climbing,68334,68259,68334,75
running,68343,68334,68343,9
sniffing,68350,68343,68350,7
grooming,68419,68350,68419,69
sniffing,68435,68419,68435,16
rising,68449,68435,68449,14
hunching,68452,68449,68452,3
rising,68517,68452,68517,65
trotting,68558,68517,68558,41
sniffing,68631,68558,68631,73
trotting,68655,68631,68655,24
rising,68710,68655,68710,55
left_turning,68768,68710,68768,58
trotting,68787,68768,68787,19
walking,68826,68787,68826,39
rearing,68883,68826,68883,57
grooming,68962,68883,68962,79
right_turning,68983,68962,68983,21
running,68999,68983,68999,16
stepping,69008,68999,69008,9
climbing,69037,69008,69037,29
hunching,69138,69037,69138,101
stepping,69206,69138,69206,68
sniffing,69361,69206,69361,155
hunching,69444,69361,69444,83
grooming,69490,69444,69490,46
left_turning,69582,69490,69582,92
climbing,69670,69582,69670,88
rising,69722,69670,69722,52
climbing,69723,69722,69723,1
right_turning,69728,69723,69728,5
trotting,69751,69728,69751,23
walking,69817,69751,69817,66
climbing,69836,69817,69836,19
walking,69871,69836,69871,35
rearing,69919,69871,69919,48
grooming,70065,69919,70065,146
sniffing,70124,70065,70124,59
walking,70145,70124,70145,21
rising,70163,70145,70163,18
climbing,70197,70163,70197,34
walking,70207,70197,70207,10
stepping,70259,70207,70259,52
walking,70269,70259,70269,10
left_turning,70283,70269,70283,14
trotting,70301,70283,70301,18
climbing,70302,70301,70302,1
sniffing,70416,70302,70416,114
rising,70423,70416,70423,7
grooming,70483,70423,70483,60
hunching,70743,70483,70743,260
sniffing,70803,70743,70803,60
left_turning,70835,70803,70835,32
walking,70863,70835,70863,28
sniffing,70907,70863,70907,44
rearing,71008,70907,71008,101
sniffing,71058,71008,71058,50
climbing,71096,71058,71096,38
rearing,71099,71096,71099,3
climbing,71212,71099,71212,113
sniffing,71315,71212,71315,103
right_turning,71342,71315,71342,27
running,71363,71342,71363,21
sniffing,71456,71363,71456,93
walking,71498,71456,71498,42
stepping,71504,71498,71504,6
walking,71567,71504,71567,63
sniffing,71605,71567,71605,38
rising,71705,71605,71705,100
grooming,71706,71705,71706,1
rearing,71772,71706,71772,66
sniffing,71773,71772,71773,1
rising,71817,71773,71817,44
climbing,71865,71817,71865,48
rearing,71952,71865,71952,87
sniffing,72064,71952,72064,112
rising,72065,72064,72065,1
climbing,72130,72065,72130,65
sniffing,72236,72130,72236,106
left_turning,72237,72236,72237,1
sniffing,72238,72237,72238,1
climbing,72264,72238,72264,26
rearing,72357,72264,72357,93
climbing,72438,72357,72438,81
rising,72441,72438,72441,3
climbing,72517,72441,72517,76
sniffing,72518,72517,72518,1
climbing,72527,72518,72527,9
jumping,72576,72527,72576,49
trotting,72622,72576,72622,46
climbing,72694,72622,72694,72
sniffing,72792,72694,72792,98
climbing,72869,72792,72869,77
rising,72928,72869,72928,59
trotting,72950,72928,72950,22
sniffing,72951,72950,72951,1
climbing,72988,72951,72988,37
hunching,73106,72988,73106,118
sniffing,73159,73106,73159,53
hunching,73250,73159,73250,91
climbing,73310,73250,73310,60
rearing,73364,73310,73364,54
climbing,73412,73364,73412,48
rising,73413,73412,73413,1
climbing,73509,73413,73509,96
walking,73576,73509,73576,67
sniffing,73585,73576,73585,9
trotting,73607,73585,73607,22
rising,73608,73607,73608,1
rearing,73858,73608,73858,250
sniffing,73867,73858,73867,9
climbing,73874,73867,73874,7
hunching,73962,73874,73962,88
sniffing,74091,73962,74091,129
climbing,74131,74091,74131,40
rising,74143,74131,74143,12
sniffing,74399,74143,74399,256
left_turning,74580,74399,74580,181
running,74603,74580,74603,23
sniffing,74604,74603,74604,1
hunching,74640,74604,74640,36
trotting,74641,74640,74641,1
walking,74667,74641,74667,26
climbing,74677,74667,74677,10
sniffing,74729,74677,74729,52
trotting,74748,74729,74748,19
sniffing,74782,74748,74782,34
stepping,74801,74782,74801,19
rising,74802,74801,74802,1
sniffing,74825,74802,74825,23
rising,74890,74825,74890,65
climbing,74931,74890,74931,41
hunching,74932,74931,74932,1
sniffing,74965,74932,74965,33
rising,74978,74965,74978,13
left_turning,74979,74978,74979,1
walking,75031,74979,75031,52
left_turning,75071,75031,75071,40
sniffing,75139,75071,75139,68
climbing,75173,75139,75173,34
rising,75191,75173,75191,18
right_turning,75245,75191,75245,54
walking,75284,75245,75284,39
stepping,75302,75284,75302,18
right_turning,75329,75302,75329,27
climbing,75388,75329,75388,59
rising,75389,75388,75389,1
climbing,75427,75389,75427,38
right_turning,75432,75427,75432,5
climbing,75476,75432,75476,44
sniffing,75477,75476,75477,1
rising,75552,75477,75552,75
climbing,75581,75552,75581,29
right_turning,75602,75581,75602,21
trotting,75610,75602,75610,8
sniffing,75625,75610,75625,15
climbing,75693,75625,75693,68
grooming,75694,75693,75694,1
sniffing,75734,75694,75734,40
climbing,75756,75734,75756,22
right_turning,75761,75756,75761,5
stepping,75762,75761,75762,1
sniffing,75763,75762,75763,1
climbing,75795,75763,75795,32
sniffing,75860,75795,75860,65
hunching,75861,75860,75861,1
walking,75892,75861,75892,31
sniffing,75932,75892,75932,40
stepping,76005,75932,76005,73
sniffing,76012,76005,76012,7
right_turning,76021,76012,76021,9
running,76054,76021,76054,33
left_turning,76055,76054,76055,1
sniffing,76105,76055,76105,50
rising,76113,76105,76113,8
climbing,76114,76113,76114,1
trotting,76138,76114,76138,24
sniffing,76155,76138,76155,17
rising,76168,76155,76168,13
climbing,76204,76168,76204,36
sniffing,76237,76204,76237,33
right_turning,76265,76237,76265,28
walking,76293,76265,76293,28
left_turning,76423,76293,76423,130
sniffing,76433,76423,76433,10
hunching,76519,76433,76519,86
rising,76520,76519,76520,1
sniffing,76579,76520,76579,59
rising,76580,76579,76580,1
climbing,76606,76580,76606,26
sniffing,76651,76606,76651,45
grooming,76695,76651,76695,44
climbing,76773,76695,76773,78
rising,76774,76773,76774,1
sniffing,76775,76774,76775,1
stepping,76790,76775,76790,15
sniffing,76880,76790,76880,90
stepping,76881,76880,76881,1
climbing,76933,76881,76933,52
sniffing,76934,76933,76934,1
left_turning,76961,76934,76961,27
running,77003,76961,77003,42
stepping,77047,77003,77047,44
sniffing,77048,77047,77048,1
left_turning,77150,77048,77150,102
walking,77151,77150,77151,1
climbing,77183,77151,77183,32
walking,77210,77183,77210,27
sniffing,77266,77210,77266,56
right_turning,77292,77266,77292,26
sniffing,77293,77292,77293,1
grooming,77294,77293,77294,1
rearing,77411,77294,77411,117
rising,77460,77411,77460,49
left_turning,77481,77460,77481,21
sniffing,77573,77481,77573,92
left_turning,77588,77573,77588,15
rising,77622,77588,77622,34
climbing,77623,77622,77623,1
left_turning,77686,77623,77686,63
walking,77713,77686,77713,27
trotting,77731,77713,77731,18
walking,77758,77731,77758,27
sniffing,77807,77758,77807,49
walking,77821,77807,77821,14
left_turning,77840,77821,77840,19
stepping,77872,77840,77872,32
sniffing,77973,77872,77973,101
climbing,77974,77973,77974,1
rearing,78033,77974,78033,59
sniffing,78034,78033,78034,1
stepping,78035,78034,78035,1
sniffing,78122,78035,78122,87
hunching,78170,78122,78170,48
sniffing,78197,78170,78197,27
hunching,78283,78197,78283,86
rising,78311,78283,78311,28
climbing,78346,78311,78346,35
hunching,78375,78346,78375,29
rearing,78432,78375,78432,57
climbing,78445,78432,78445,13
left_turning,78492,78445,78492,47
sniffing,78493,78492,78493,1
climbing,78555,78493,78555,62
right_turning,78607,78555,78607,52
rising,78618,78607,78618,11
sniffing,78680,78618,78680,62
grooming,78886,78680,78886,206
left_turning,78902,78886,78902,16
sniffing,78919,78902,78919,17
pausing,79069,78919,79069,150
sniffing,79116,79069,79116,47
left_turning,79136,79116,79136,20
sniffing,79169,79136,79169,33
walking,79170,79169,79170,1
sniffing,79200,79170,79200,30
rising,79273,79200,79273,73
climbing,79323,79273,79323,50
sniffing,79368,79323,79368,45
rising,79404,79368,79404,36
climbing,79488,79404,79488,84
sniffing,79587,79488,79587,99
hunching,79681,79587,79681,94
rising,79690,79681,79690,9
sniffing,79731,79690,79731,41
rising,79742,79731,79742,11
climbing,79776,79742,79776,34
rearing,79809,79776,79809,33
climbing,79848,79809,79848,39
trotting,79864,79848,79864,16
left_turning,79965,79864,79965,101
walking,79990,79965,79990,25
rising,80041,79990,80041,51
sniffing,80133,80041,80133,92
climbing,80134,80133,80134,1
rearing,80135,80134,80135,1
sniffing,80200,80135,80200,65
left_turning,80266,80200,80266,66
walking,80291,80266,80291,25
climbing,80295,80291,80295,4
sniffing,80320,80295,80320,25
climbing,80350,80320,80350,30
sniffing,80571,80350,80571,221
rising,80582,80571,80582,11
walking,80583,80582,80583,1
stepping,80630,80583,80630,47
rising,80648,80630,80648,18
walking,80664,80648,80664,16
sniffing,80708,80664,80708,44
left_turning,80721,80708,80721,13
sniffing,80817,80721,80817,96
rising,80862,80817,80862,45
climbing,80959,80862,80959,97
rising,80969,80959,80969,10
climbing,81035,80969,81035,66
left_turning,81044,81035,81044,9
trotting,81067,81044,81067,23
climbing,81071,81067,81071,4
rearing,81079,81071,81079,8
sniffing,81138,81079,81138,59
rising,81178,81138,81178,40
climbing,81209,81178,81209,31
sniffing,81299,81209,81299,90
rearing,81437,81299,81437,138
sniffing,81438,81437,81438,1
right_turning,81449,81438,81449,11
trotting,81475,81449,81475,26
sniffing,81477,81475,81477,2
trotting,81511,81477,81511,34
stepping,81532,81511,81532,21
sniffing,81682,81532,81682,150
walking,81732,81682,81732,50
trotting,81741,81732,81741,9
stepping,81778,81741,81778,37
sniffing,81798,81778,81798,20
pausing,81799,81798,81799,1
sniffing,81800,81799,81800,1
stepping,81834,81800,81834,34
sniffing,81879,81834,81879,45
climbing,81915,81879,81915,36
walking,81932,81915,81932,17
sniffing,81944,81932,81944,12
pausing,82200,81944,82200,256
rising,82227,82200,82227,27
climbing,82295,82227,82295,68
right_turning,82318,82295,82318,23
stepping,82376,82318,82376,58
sniffing,82377,82376,82377,1
right_turning,82404,82377,82404,27
sniffing,82405,82404,82405,1
rising,82510,82405,82510,105
sniffing,82591,82510,82591,81
rising,82598,82591,82598,7
climbing,82672,82598,82672,74
rearing,82704,82672,82704,32
sniffing,82745,82704,82745,41
walking,82781,82745,82781,36
rising,82810,82781,82810,29
sniffing,82837,82810,82837,27
walking,82838,82837,82838,1
rising,82856,82838,82856,18
climbing,82908,82856,82908,52
sniffing,82998,82908,82998,90
walking,82999,82998,82999,1
sniffing,83104,82999,83104,105
walking,83170,83104,83170,66
climbing,83227,83170,83227,57
walking,83228,83227,83228,1
rising,83229,83228,83229,1
sniffing,83386,83229,83386,157
pausing,83435,83386,83435,49
sniffing,83525,83435,83525,90
climbing,83545,83525,83545,20
grooming,83608,83545,83608,63
sniffing,83642,83608,83642,34
rising,83708,83642,83708,66
right_turning,83709,83708,83709,1
left_turning,83757,83709,83757,48
walking,83815,83757,83815,58
sniffing,83818,83815,83818,3
rearing,83835,83818,83835,17
left_turning,83868,83835,83868,33
walking,83915,83868,83915,47
rearing,84044,83915,84044,129
rising,84070,84044,84070,26
climbing,84096,84070,84096,26
rearing,84097,84096,84097,1
walking,84112,84097,84112,15
rising,84148,84112,84148,36
left_turning,84149,84148,84149,1
walking,84194,84149,84194,45
sniffing,84268,84194,84268,74
walking,84286,84268,84286,18
sniffing,84375,84286,84375,89
walking,84409,84375,84409,34
climbing,84420,84409,84420,11
rearing,84421,84420,84421,1
walking,84471,84421,84471,50
sniffing,84512,84471,84512,41
rising,84641,84512,84641,129
sniffing,84642,84641,84642,1
grooming,84643,84642,84643,1
sniffing,84674,84643,84674,31
rising,84761,84674,84761,87
sniffing,84762,84761,84762,1
rising,84763,84762,84763,1
sniffing,84886,84763,84886,123
trotting,84907,84886,84907,21
sniffing,84917,84907,84917,10
climbing,84977,84917,84977,60
right_turning,85006,84977,85006,29
running,85026,85006,85026,20
stepping,85034,85026,85034,8
left_turning,85156,85034,85156,122
sniffing,85231,85156,85231,75
grooming,85314,85231,85314,83
sniffing,85351,85314,85351,37
hunching,85432,85351,85432,81
sniffing,85448,85432,85448,16
rising,85488,85448,85488,40
climbing,85537,85488,85537,49
left_turning,85551,85537,85551,14
walking,85613,85551,85613,62
climbing,85640,85613,85640,27
sniffing,85683,85640,85683,43
walking,85726,85683,85726,43
rising,85727,85726,85727,1
rearing,85812,85727,85812,85
grooming,86189,85812,86189,377
rising,86195,86189,86195,6
climbing,86200,86195,86200,5
grooming,86340,86200,86340,140
climbing,86343,86340,86343,3
rearing,86344,86343,86344,1
sniffing,86394,86344,86394,50
walking,86455,86394,86455,61
trotting,86487,86455,86487,32
sniffing,86488,86487,86488,1
hunching,86585,86488,86585,97
right_turning,86606,86585,86606,21
rising,86653,86606,86653,47
rearing,86685,86653,86685,32
rising,86686,86685,86686,1
left_turning,86694,86686,86694,8
stepping,86730,86694,86730,36
sniffing,86759,86730,86759,29
grooming,87111,86759,87111,352
rearing,87112,87111,87112,1
rising,87113,87112,87113,1
rearing,87135,87113,87135,22
grooming,87136,87135,87136,1
climbing,87187,87136,87187,51
sniffing,87197,87187,87197,10
trotting,87230,87197,87230,33
sniffing,87273,87230,87273,43
left_turning,87318,87273,87318,45
sniffing,87329,87318,87329,11
rearing,87387,87329,87387,58
rising,87388,87387,87388,1
sniffing,87495,87388,87495,107
rising,87520,87495,87520,25
grooming,87521,87520,87521,1
rearing,87522,87521,87522,1
sniffing,87569,87522,87569,47
right_turning,87602,87569,87602,33
running,87627,87602,87627,25
stepping,87647,87627,87647,20
walking,87686,87647,87686,39
rearing,87786,87686,87786,100
grooming,87787,87786,87787,1
climbing,87844,87787,87844,57
right_turning,87874,87844,87874,30
rising,87875,87874,87875,1
climbing,87921,87875,87921,46
rearing,87922,87921,87922,1
hunching,87923,87922,87923,1
rearing,88067,87923,88067,144
sniffing,88068,88067,88068,1
right_turning,88092,88068,88092,24
walking,88127,88092,88127,35
running,88139,88127,88139,12
walking,88140,88139,88140,1
stepping,88186,88140,88186,46
left_turning,88205,88186,88205,19
walking,88206,88205,88206,1
rising,88244,88206,88244,38
climbing,88305,88244,88305,61
rising,88347,88305,88347,42
climbing,88386,88347,88386,39
left_turning,88470,88386,88470,84
walking,88487,88470,88487,17
rising,88488,88487,88488,1
pausing,88767,88488,88767,279
sniffing,88768,88767,88768,1
walking,88797,88768,88797,29
sniffing,88820,88797,88820,23
rearing,88825,88820,88825,5
rising,88826,88825,88826,1
right_turning,88873,88826,88873,47
walking,88893,88873,88893,20
rearing,89009,88893,89009,116
right_turning,89021,89009,89021,12
walking,89022,89021,89022,1
sniffing,89023,89022,89023,1
rising,89050,89023,89050,27
sniffing,89051,89050,89051,1
climbing,89101,89051,89101,50
rising,89154,89101,89154,53
sniffing,89175,89154,89175,21
left_turning,89257,89175,89257,82
rising,89321,89257,89321,64
rearing,89376,89321,89376,55
climbing,89467,89376,89467,91
left_turning,89530,89467,89530,63
walking,89567,89530,89567,37
climbing,89647,89567,89647,80
rising,89658,89647,89658,11
right_turning,89706,89658,89706,48
sniffing,89761,89706,89761,55
stepping,89804,89761,89804,43
left_turning,89832,89804,89832,28
sniffing,89877,89832,89877,45
grooming,89935,89877,89935,58
walking,90001,89935,90001,66
rearing,90056,90001,90056,55
walking,90068,90056,90068,12
sniffing,90069,90068,90069,1
left_turning,90144,90069,90144,75
sniffing,90145,90144,90145,1
climbing,90146,90145,90146,1
walking,90154,90146,90154,8
climbing,90214,90154,90214,60
rearing,90257,90214,90257,43
climbing,90258,90257,90258,1
sniffing,90337,90258,90337,79
right_turning,90338,90337,90338,1
left_turning,90424,90338,90424,86
sniffing,90628,90424,90628,204
stepping,90629,90628,90629,1
sniffing,90642,90629,90642,13
left_turning,90643,90642,90643,1
sniffing,90644,90643,90644,1
rising,90647,90644,90647,3
climbing,90723,90647,90723,76
sniffing,90815,90723,90815,92
rising,90845,90815,90845,30
grooming,90846,90845,90846,1
sniffing,90891,90846,90891,45
walking,90897,90891,90897,6
sniffing,91096,90897,91096,199
rising,91141,91096,91141,45
hunching,91204,91141,91204,63
climbing,91230,91204,91230,26
grooming,91231,91230,91231,1
rearing,91286,91231,91286,55
sniffing,91353,91286,91353,67
left_turning,91354,91353,91354,1
sniffing,91453,91354,91453,99
stepping,91493,91453,91493,40
sniffing,91508,91493,91508,15
walking,91509,91508,91509,1
rising,91510,91509,91510,1
trotting,91522,91510,91522,12
left_turning,91596,91522,91596,74
sniffing,91666,91596,91666,70
rising,91702,91666,91702,36
climbing,91748,91702,91748,46
sniffing,91840,91748,91840,92
stepping,91921,91840,91921,81
rising,91962,91921,91962,41
grooming,92006,91962,92006,44
rearing,92007,92006,92007,1
walking,92039,92007,92039,32
sniffing,92045,92039,92045,6
stepping,92133,92045,92133,88
rising,92175,92133,92175,42
hunching,92231,92175,92231,56
grooming,92232,92231,92232,1
rearing,92271,92232,92271,39
grooming,92272,92271,92272,1
walking,92308,92272,92308,36
rising,92309,92308,92309,1
climbing,92426,92309,92426,117
right_turning,92427,92426,92427,1
walking,92484,92427,92484,57
rearing,92500,92484,92500,16
rising,92540,92500,92540,40
sniffing,92637,92540,92637,97
walking,92654,92637,92654,17
right_turning,92662,92654,92662,8
sniffing,92663,92662,92663,1
hunching,92763,92663,92763,100
running,92785,92763,92785,22
right_turning,92786,92785,92786,1
left_turning,92787,92786,92787,1
walking,92836,92787,92836,49
sniffing,93116,92836,93116,280
rising,93157,93116,93157,41
climbing,93199,93157,93199,42
left_turning,93228,93199,93228,29
stepping,93235,93228,93235,7
walking,93264,93235,93264,29
climbing,93294,93264,93294,30
rearing,93295,93294,93295,1
rising,93321,93295,93321,26
climbing,93353,93321,93353,32
rearing,93363,93353,93363,10
climbing,93382,93363,93382,19
walking,93383,93382,93383,1
sniffing,93384,93383,93384,1
right_turning,93419,93384,93419,35
sniffing,93448,93419,93448,29
walking,93466,93448,93466,18
sniffing,93517,93466,93517,51
left_turning,93589,93517,93589,72
sniffing,93590,93589,93590,1
grooming,93735,93590,93735,145
climbing,93741,93735,93741,6
running,93769,93741,93769,28
rearing,93844,93769,93844,75
walking,93855,93844,93855,11
trotting,93883,93855,93883,28
sniffing,93895,93883,93895,12
grooming,93896,93895,93896,1
left_turning,93910,93896,93910,14
sniffing,93911,93910,93911,1
left_turning,93931,93911,93931,20
stepping,93994,93931,93994,63
sniffing,94093,93994,94093,99
rearing,94148,94093,94148,55
rising,94149,94148,94149,1
climbing,94245,94149,94245,96
sniffing,94246,94245,94246,1
rising,94247,94246,94247,1
rearing,94248,94247,94248,1
hunching,94356,94248,94356,108
sniffing,94357,94356,94357,1
trotting,94366,94357,94366,9
rising,94397,94366,94397,31
pausing,94624,94397,94624,227
sniffing,95007,94624,95007,383
climbing,95075,95007,95075,68
sniffing,95192,95075,95192,117
rising,95221,95192,95221,29
sniffing,95422,95221,95422,201
rising,95425,95422,95425,3
climbing,95511,95425,95511,86
sniffing,95666,95511,95666,155
rising,95667,95666,95667,1
rearing,95726,95667,95726,59
sniffing,95804,95726,95804,78
rising,95811,95804,95811,7
climbing,95868,95811,95868,57
trotting,95908,95868,95908,40
left_turning,95962,95908,95962,54
sniffing,95994,95962,95994,32
walking,96006,95994,96006,12
stepping,96039,96006,96039,33
grooming,96194,96039,96194,155
rearing,96195,96194,96195,1
sniffing,96196,96195,96196,1
rearing,96228,96196,96228,32
rising,96229,96228,96229,1
sniffing,96277,96229,96277,48
grooming,96285,96277,96285,8
sniffing,96290,96285,96290,5
rising,96370,96290,96370,80
rearing,96483,96370,96483,113
rising,96496,96483,96496,13
sniffing,96573,96496,96573,77
climbing,96610,96573,96610,37
rearing,96672,96610,96672,62
sniffing,96853,96672,96853,181
left_turning,96854,96853,96854,1
sniffing,96909,96854,96909,55
climbing,96920,96909,96920,11
sniffing,97023,96920,97023,103
left_turning,97050,97023,97050,27
sniffing,97051,97050,97051,1
rising,97070,97051,97070,19
climbing,97071,97070,97071,1
sniffing,97139,97071,97139,68
rising,97153,97139,97153,14
climbing,97184,97153,97184,31
rising,97185,97184,97185,1
climbing,97268,97185,97268,83
sniffing,97269,97268,97269,1
stepping,97334,97269,97334,65
sniffing,97335,97334,97335,1
rearing,97381,97335,97381,46
climbing,97395,97381,97395,14
left_turning,97416,97395,97416,21
rising,97514,97416,97514,98
rearing,97515,97514,97515,1
stepping,97520,97515,97520,5
trotting,97534,97520,97534,14
walking,97561,97534,97561,27
right_turning,97587,97561,97587,26
walking,97588,97587,97588,1
climbing,97639,97588,97639,51
sniffing,97709,97639,97709,70
climbing,97732,97709,97732,23
sniffing,97733,97732,97733,1
right_turning,97771,97733,97771,38
running,97789,97771,97789,18
sniffing,97790,97789,97790,1
climbing,97864,97790,97864,74
rearing,97865,97864,97865,1
walking,97866,97865,97866,1
sniffing,97973,97866,97973,107
right_turning,98001,97973,98001,28
walking,98005,98001,98005,4
sniffing,98006,98005,98006,1
rising,98007,98006,98007,1
climbing,98014,98007,98014,7
right_turning,98022,98014,98022,8
left_turning,98053,98022,98053,31
sniffing,98111,98053,98111,58
running,98146,98111,98146,35
stepping,98197,98146,98197,51
sniffing,98304,98197,98304,107
stepping,98334,98304,98334,30
sniffing,98419,98334,98419,85
rising,98459,98419,98459,40
climbing,98518,98459,98518,59
sniffing,98519,98518,98519,1
right_turning,98550,98519,98550,31
walking,98586,98550,98586,36
rearing,98612,98586,98612,26
walking,98654,98612,98654,42
trotting,98712,98654,98712,58
sniffing,98713,98712,98713,1
rearing,98879,98713,98879,166
hunching,98930,98879,98930,51
walking,98986,98930,98986,56
trotting,98989,98986,98989,3
sniffing,99068,98989,99068,79
rising,99076,99068,99076,8
sniffing,99105,99076,99105,29
stepping,99109,99105,99109,4
sniffing,99126,99109,99126,17
walking,99153,99126,99153,27
left_turning,99208,99153,99208,55
sniffing,99267,99208,99267,59
grooming,99268,99267,99268,1
climbing,99300,99268,99300,32
walking,99326,99300,99326,26
rising,99351,99326,99351,25
left_turning,99400,99351,99400,49
rising,99401,99400,99401,1
rearing,99549,99401,99549,148
left_turning,99587,99549,99587,38
walking,99623,99587,99623,36
trotting,99681,99623,99681,58
walking,99685,99681,99685,4
sniffing,99796,99685,99796,111
rearing,99797,99796,99797,1
walking,99808,99797,99808,11
sniffing,99809,99808,99809,1
pausing,99810,99809,99810,1
sniffing,99840,99810,99840,30
climbing,99887,99840,99887,47
right_turning,99890,99887,99890,3
trotting,99916,99890,99916,26
sniffing,99981,99916,99981,65
rearing,100080,99981,100080,99
sniffing,100149,100080,100149,69
rising,100193,100149,100193,44
climbing,100260,100193,100260,67
rearing,100340,100260,100340,80
sniffing,100362,100340,100362,22
trotting,100403,100362,100403,41
sniffing,100441,100403,100441,38
rearing,100442,100441,100442,1
grooming,101045,100442,101045,603
sniffing,101058,101045,101058,13
stepping,101084,101058,101084,26
left_turning,101085,101084,101085,1
rearing,101086,101085,101086,1
walking,101123,101086,101123,37
sniffing,101140,101123,101140,17
hunching,101233,101140,101233,93
sniffing,101251,101233,101251,18
right_turning,101286,101251,101286,35
stepping,101313,101286,101313,27
walking,101325,101313,101325,12
sniffing,101427,101325,101427,102
hunching,101428,101427,101428,1
rising,101429,101428,101429,1
sniffing,101456,101429,101456,27
left_turning,101465,101456,101465,9
sniffing,101473,101465,101473,8
climbing,101487,101473,101487,14
sniffing,101635,101487,101635,148
stepping,101675,101635,101675,40
sniffing,101700,101675,101700,25
left_turning,101741,101700,101741,41
sniffing,101776,101741,101776,35
rearing,101777,101776,101777,1
hunching,101778,101777,101778,1
sniffing,101810,101778,101810,32
rising,101883,101810,101883,73
hunching,101886,101883,101886,3
grooming,101887,101886,101887,1
climbing,101908,101887,101908,21
rearing,102061,101908,102061,153
grooming,102216,102061,102216,155
climbing,102340,102216,102340,124
trotting,102370,102340,102370,30
sniffing,102403,102370,102403,33
rearing,102465,102403,102465,62
sniffing,102577,102465,102577,112
rising,102640,102577,102640,63
climbing,102698,102640,102698,58
walking,102743,102698,102743,45
left_turning,102786,102743,102786,43
sniffing,102826,102786,102826,40
climbing,102862,102826,102862,36
sniffing,102863,102862,102863,1
pausing,102864,102863,102864,1
sniffing,102927,102864,102927,63
right_turning,102961,102927,102961,34
walking,102965,102961,102965,4
sniffing,102966,102965,102966,1
left_turning,103020,102966,103020,54
climbing,103088,103020,103088,68
walking,103167,103088,103167,79
sniffing,103238,103167,103238,71
climbing,103239,103238,103239,1
right_turning,103280,103239,103280,41
stepping,103295,103280,103295,15
sniffing,103358,103295,103358,63
rising,103418,103358,103418,60
rearing,103512,103418,103512,94
grooming,103513,103512,103513,1
sniffing,103529,103513,103529,16
right_turning,103530,103529,103530,1
left_turning,103531,103530,103531,1
walking,103546,103531,103546,15
sniffing,103579,103546,103579,33
right_turning,103608,103579,103608,29
hunching,103661,103608,103661,53
sniffing,103774,103661,103774,113
grooming,104532,103774,104532,758
sniffing,104576,104532,104576,44
climbing,104613,104576,104613,37
right_turning,104617,104613,104617,4
walking,104635,104617,104635,18
running,104658,104635,104658,23
walking,104669,104658,104669,11
left_turning,104757,104669,104757,88
running,104789,104757,104789,32
rising,104828,104789,104828,39
walking,104861,104828,104861,33
stepping,104862,104861,104862,1
sniffing,104875,104862,104875,13
grooming,105596,104875,105596,721
sniffing,105701,105596,105701,105
rising,105753,105701,105753,52
sniffing,105757,105753,105757,4
pausing,105758,105757,105758,1
sniffing,105854,105758,105854,96
rearing,105855,105854,105855,1
sniffing,105856,105855,105856,1
climbing,105940,105856,105940,84
walking,106016,105940,106016,76
sniffing,106138,106016,106138,122
rising,106235,106138,106235,97
climbing,106289,106235,106289,54
sniffing,106293,106289,106293,4
stepping,106294,106293,106294,1
climbing,106298,106294,106298,4
grooming,106556,106298,106556,258
climbing,106563,106556,106563,7
hunching,106643,106563,106643,80
sniffing,106778,106643,106778,135
hunching,106911,106778,106911,133
sniffing,107003,106911,107003,92
climbing,107004,107003,107004,1
sniffing,107125,107004,107125,121
walking,107190,107125,107190,65
climbing,107222,107190,107222,32
sniffing,107285,107222,107285,63
rising,107297,107285,107297,12
climbing,107366,107297,107366,69
sniffing,107383,107366,107383,17
stepping,107393,107383,107393,10
rising,107401,107393,107401,8
climbing,107511,107401,107511,110
walking,107553,107511,107553,42
sniffing,107595,107553,107595,42
stepping,107615,107595,107615,20
rearing,107659,107615,107659,44
grooming,107718,107659,107718,59
sniffing,107723,107718,107723,5
pausing,107724,107723,107724,1
right_turning,107732,107724,107732,8
climbing,107785,107732,107785,53
walking,107800,107785,107800,15
sniffing,107833,107800,107833,33
left_turning,107859,107833,107859,26
sniffing,107866,107859,107866,7
left_turning,107949,107866,107949,83
trotting,107963,107949,107963,14
sniffing,107964,107963,107964,1
rising,107965,107964,107965,1
sniffing,108000,107965,108000,35
