revised_movement_label,segBoundary,segBoundary_start,segBoundary_end,length
trotting,17,0,17,17
left_turning,36,17,36,19
rearing,37,36,37,1
sniffing,38,37,38,1
climbing,130,38,130,92
sniffing,152,130,152,22
walking,193,152,193,41
sniffing,259,193,259,66
climbing,309,259,309,50
walking,394,309,394,85
rising,395,394,395,1
left_turning,398,395,398,3
rising,441,398,441,43
climbing,485,441,485,44
rearing,525,485,525,40
sniffing,570,525,570,45
left_turning,606,570,606,36
walking,661,606,661,55
sniffing,668,661,668,7
walking,714,668,714,46
right_turning,742,714,742,28
walking,746,742,746,4
sniffing,747,746,747,1
climbing,797,747,797,50
sniffing,841,797,841,44
right_turning,857,841,857,16
walking,870,857,870,13
climbing,941,870,941,71
trotting,946,941,946,5
sniffing,998,946,998,52
climbing,1029,998,1029,31
sniffing,1045,1029,1045,16
right_turning,1080,1045,1080,35
running,1124,1080,1124,44
stepping,1150,1124,1150,26
climbing,1160,1150,1160,10
rising,1197,1160,1197,37
climbing,1251,1197,1251,54
walking,1288,1251,1288,37
running,1314,1288,1314,26
stepping,1353,1314,1353,39
rising,1383,1353,1383,30
walking,1483,1383,1483,100
rising,1520,1483,1520,37
walking,1544,1520,1544,24
sniffing,1584,1544,1584,40
rising,1597,1584,1597,13
climbing,1658,1597,1658,61
walking,1694,1658,1694,36
sniffing,1759,1694,1759,65
left_turning,1766,1759,1766,7
grooming,1929,1766,1929,163
sniffing,1991,1929,1991,62
walking,2014,1991,2014,23
sniffing,2075,2014,2075,61
walking,2115,2075,2115,40
left_turning,2179,2115,2179,64
walking,2227,2179,2227,48
stepping,2235,2227,2235,8
walking,2272,2235,2272,37
stepping,2348,2272,2348,76
right_turning,2392,2348,2392,44
stepping,2393,2392,2393,1
walking,2397,2393,2397,4
rising,2410,2397,2410,13
walking,2442,2410,2442,32
rising,2603,2442,2603,161
climbing,2627,2603,2627,24
left_turning,2689,2627,2689,62
rising,2743,2689,2743,54
climbing,2781,2743,2781,38
rearing,2859,2781,2859,78
rising,2948,2859,2948,89
trotting,3003,2948,3003,55
walking,3053,3003,3053,50
left_turning,3090,3053,3090,37
rising,3215,3090,3215,125
sniffing,3230,3215,3230,15
trotting,3299,3230,3299,69
rising,3303,3299,3303,4
climbing,3382,3303,3382,79
right_turning,3383,3382,3383,1
sniffing,3384,3383,3384,1
stepping,3385,3384,3385,1
climbing,3424,3385,3424,39
sniffing,3455,3424,3455,31
right_turning,3469,3455,3469,14
walking,3529,3469,3529,60
rising,3580,3529,3580,51
sniffing,3595,3580,3595,15
stepping,3609,3595,3609,14
walking,3637,3609,3637,28
climbing,3670,3637,3670,33
stepping,3683,3670,3683,13
walking,3740,3683,3740,57
sniffing,3782,3740,3782,42
left_turning,3802,3782,3802,20
running,3832,3802,3832,30
rising,3839,3832,3839,7
walking,3854,3839,3854,15
trotting,3868,3854,3868,14
left_turning,3873,3868,3873,5
walking,3908,3873,3908,35
rising,3973,3908,3973,65
walking,4003,3973,4003,30
rising,4070,4003,4070,67
sniffing,4088,4070,4088,18
walking,4177,4088,4177,89
left_turning,4178,4177,4178,1
trotting,4221,4178,4221,43
running,4244,4221,4244,23
rising,4274,4244,4274,30
walking,4302,4274,4302,28
climbing,4358,4302,4358,56
rising,4359,4358,4359,1
climbing,4403,4359,4403,44
walking,4456,4403,4456,53
running,4487,4456,4487,31
sniffing,4507,4487,4507,20
rising,4508,4507,4508,1
sniffing,4657,4508,4657,149
right_turning,4681,4657,4681,24
rising,4698,4681,4698,17
climbing,4726,4698,4726,28
trotting,4776,4726,4776,50
walking,4891,4776,4891,115
sniffing,5012,4891,5012,121
walking,5028,5012,5028,16
sniffing,5092,5028,5092,64
rising,5198,5092,5198,106
climbing,5226,5198,5226,28
sniffing,5241,5226,5241,15
rising,5293,5241,5293,52
rearing,5387,5293,5387,94
rising,5539,5387,5539,152
sniffing,5664,5539,5664,125
walking,5700,5664,5700,36
trotting,5726,5700,5726,26
running,5755,5726,5755,29
right_turning,5786,5755,5786,31
left_turning,5807,5786,5807,21
rising,5968,5807,5968,161
climbing,6079,5968,6079,111
running,6090,6079,6090,11
walking,6094,6090,6094,4
sniffing,6118,6094,6118,24
running,6148,6118,6148,30
walking,6194,6148,6194,46
trotting,6198,6194,6198,4
stepping,6207,6198,6207,9
sniffing,6244,6207,6244,37
walking,6307,6244,6307,63
stepping,6344,6307,6344,37
climbing,6354,6344,6354,10
walking,6402,6354,6402,48
sniffing,6403,6402,6403,1
climbing,6437,6403,6437,34
sniffing,6512,6437,6512,75
rearing,6580,6512,6580,68
walking,6668,6580,6668,88
sniffing,6669,6668,6669,1
grooming,6670,6669,6670,1
climbing,6710,6670,6710,40
trotting,6725,6710,6725,15
walking,6783,6725,6783,58
sniffing,6784,6783,6784,1
rising,6818,6784,6818,34
climbing,6845,6818,6845,27
sniffing,6943,6845,6943,98
hunching,6944,6943,6944,1
sniffing,6996,6944,6996,52
climbing,7058,6996,7058,62
rising,7139,7058,7139,81
grooming,7331,7139,7331,192
sniffing,7332,7331,7332,1
hunching,7393,7332,7393,61
rearing,7533,7393,7533,140
rising,7582,7533,7582,49
climbing,7598,7582,7598,16
sniffing,7759,7598,7759,161
trotting,7787,7759,7787,28
sniffing,7790,7787,7790,3
climbing,7803,7790,7803,13
trotting,7804,7803,7804,1
walking,7860,7804,7860,56
stepping,7901,7860,7901,41
climbing,7943,7901,7943,42
sniffing,7954,7943,7954,11
grooming,7955,7954,7955,1
rearing,8060,7955,8060,105
rising,8137,8060,8137,77
stepping,8152,8137,8152,15
sniffing,8203,8152,8203,51
trotting,8222,8203,8222,19
sniffing,8223,8222,8223,1
climbing,8268,8223,8268,45
rising,8301,8268,8301,33
sniffing,8303,8301,8303,2
rising,8352,8303,8352,49
left_turning,8409,8352,8409,57
running,8432,8409,8432,23
walking,8488,8432,8488,56
climbing,8553,8488,8553,65
walking,8586,8553,8586,33
sniffing,8587,8586,8587,1
running,8616,8587,8616,29
walking,8632,8616,8632,16
left_turning,8650,8632,8650,18
climbing,8659,8650,8659,9
sniffing,8660,8659,8660,1
trotting,8665,8660,8665,5
sniffing,8731,8665,8731,66
right_turning,8766,8731,8766,35
walking,8767,8766,8767,1
left_turning,8781,8767,8781,14
walking,8793,8781,8793,12
rising,8794,8793,8794,1
walking,8799,8794,8799,5
sniffing,8800,8799,8800,1
rising,8801,8800,8801,1
sniffing,8817,8801,8817,16
rearing,8860,8817,8860,43
climbing,8886,8860,8886,26
sniffing,8927,8886,8927,41
climbing,8988,8927,8988,61
sniffing,9035,8988,9035,47
left_turning,9053,9035,9053,18
sniffing,9068,9053,9068,15
rising,9069,9068,9069,1
sniffing,9072,9069,9072,3
rising,9154,9072,9154,82
sniffing,9258,9154,9258,104
walking,9346,9258,9346,88
climbing,9379,9346,9379,33
sniffing,9380,9379,9380,1
right_turning,9398,9380,9398,18
walking,9433,9398,9433,35
sniffing,9440,9433,9440,7
climbing,9492,9440,9492,52
left_turning,9541,9492,9541,49
sniffing,9542,9541,9542,1
right_turning,9579,9542,9579,37
trotting,9602,9579,9602,23
walking,9603,9602,9603,1
rising,9676,9603,9676,73
climbing,9712,9676,9712,36
right_turning,9736,9712,9736,24
trotting,9755,9736,9755,19
stepping,9823,9755,9823,68
right_turning,9824,9823,9824,1
walking,9868,9824,9868,44
running,9908,9868,9908,40
sniffing,9909,9908,9909,1
climbing,9943,9909,9943,34
right_turning,9981,9943,9981,38
rising,9982,9981,9982,1
sniffing,9983,9982,9983,1
hunching,10094,9983,10094,111
rearing,10184,10094,10184,90
climbing,10245,10184,10245,61
hunching,10260,10245,10260,15
right_turning,10294,10260,10294,34
left_turning,10298,10294,10298,4
running,10323,10298,10323,25
stepping,10344,10323,10344,21
left_turning,10352,10344,10352,8
walking,10379,10352,10379,27
rising,10380,10379,10380,1
sniffing,10398,10380,10398,18
left_turning,10432,10398,10432,34
sniffing,10477,10432,10477,45
rising,10574,10477,10574,97
left_turning,10579,10574,10579,5
running,10609,10579,10609,30
walking,10634,10609,10634,25
rising,10661,10634,10661,27
walking,10689,10661,10689,28
sniffing,10738,10689,10738,49
climbing,10768,10738,10768,30
sniffing,10769,10768,10769,1
climbing,10823,10769,10823,54
hunching,10927,10823,10927,104
sniffing,10934,10927,10934,7
rising,10962,10934,10962,28
climbing,11009,10962,11009,47
rising,11043,11009,11043,34
stepping,11079,11043,11079,36
climbing,11104,11079,11104,25
trotting,11119,11104,11119,15
sniffing,11120,11119,11120,1
walking,11178,11120,11178,58
trotting,11180,11178,11180,2
sniffing,11214,11180,11214,34
rising,11246,11214,11246,32
climbing,11282,11246,11282,36
sniffing,11286,11282,11286,4
climbing,11315,11286,11315,29
sniffing,11367,11315,11367,52
running,11400,11367,11400,33
sniffing,11470,11400,11470,70
rising,11519,11470,11519,49
sniffing,11554,11519,11554,35
walking,11578,11554,11578,24
sniffing,11588,11578,11588,10
climbing,11653,11588,11653,65
sniffing,11680,11653,11680,27
hunching,11716,11680,11716,36
right_turning,11730,11716,11730,14
walking,11764,11730,11764,34
sniffing,11765,11764,11765,1
stepping,11771,11765,11771,6
rising,11819,11771,11819,48
left_turning,11820,11819,11820,1
grooming,12060,11820,12060,240
climbing,12119,12060,12119,59
left_turning,12135,12119,12135,16
trotting,12155,12135,12155,20
sniffing,12342,12155,12342,187
rearing,12355,12342,12355,13
grooming,12831,12355,12831,476
right_turning,12837,12831,12837,6
running,12858,12837,12858,21
rising,12859,12858,12859,1
sniffing,12860,12859,12860,1
rising,12878,12860,12878,18
climbing,12914,12878,12914,36
sniffing,12930,12914,12930,16
left_turning,12964,12930,12964,34
running,12992,12964,12992,28
walking,13035,12992,13035,43
sniffing,13051,13035,13051,16
rising,13089,13051,13089,38
left_turning,13090,13089,13090,1
running,13107,13090,13107,17
walking,13114,13107,13114,7
sniffing,13115,13114,13115,1
climbing,13161,13115,13161,46
right_turning,13174,13161,13174,13
sniffing,13222,13174,13222,48
left_turning,13223,13222,13223,1
climbing,13266,13223,13266,43
sniffing,13294,13266,13294,28
rearing,13328,13294,13328,34
rising,13374,13328,13374,46
left_turning,13394,13374,13394,20
sniffing,13550,13394,13550,156
rising,13591,13550,13591,41
climbing,13623,13591,13623,32
left_turning,13639,13623,13639,16
running,13646,13639,13646,7
walking,13720,13646,13720,74
sniffing,13721,13720,13721,1
left_turning,13772,13721,13772,51
walking,13783,13772,13783,11
rising,13784,13783,13784,1
sniffing,13839,13784,13839,55
stepping,13902,13839,13902,63
rising,13908,13902,13908,6
sniffing,13953,13908,13953,45
climbing,13963,13953,13963,10
left_turning,14040,13963,14040,77
sniffing,14137,14040,14137,97
climbing,14160,14137,14160,23
hunching,14221,14160,14221,61
sniffing,14301,14221,14301,80
climbing,14338,14301,14338,37
sniffing,14339,14338,14339,1
climbing,14387,14339,14387,48
right_turning,14396,14387,14396,9
trotting,14408,14396,14408,12
walking,14419,14408,14419,11
sniffing,14596,14419,14596,177
right_turning,14597,14596,14597,1
running,14624,14597,14624,27
walking,14625,14624,14625,1
sniffing,14626,14625,14626,1
running,14655,14626,14655,29
stepping,14687,14655,14687,32
rising,14688,14687,14688,1
sniffing,14689,14688,14689,1
rising,14773,14689,14773,84
walking,14791,14773,14791,18
trotting,14792,14791,14792,1
sniffing,14867,14792,14867,75
trotting,14910,14867,14910,43
stepping,14911,14910,14911,1
sniffing,14947,14911,14947,36
left_turning,14948,14947,14948,1
sniffing,15077,14948,15077,129
right_turning,15078,15077,15078,1
climbing,15132,15078,15132,54
stepping,15137,15132,15137,5
rising,15167,15137,15167,30
climbing,15222,15167,15222,55
right_turning,15242,15222,15242,20
trotting,15275,15242,15275,33
sniffing,15340,15275,15340,65
rising,15381,15340,15381,41
sniffing,15382,15381,15382,1
climbing,15394,15382,15394,12
rising,15395,15394,15395,1
sniffing,15507,15395,15507,112
left_turning,15566,15507,15566,59
walking,15567,15566,15567,1
sniffing,15568,15567,15568,1
walking,15618,15568,15618,50
sniffing,15664,15618,15664,46
rising,15712,15664,15712,48
sniffing,15713,15712,15713,1
hunching,15746,15713,15746,33
right_turning,15778,15746,15778,32
walking,15840,15778,15840,62
sniffing,15871,15840,15871,31
rising,15872,15871,15872,1
climbing,15960,15872,15960,88
trotting,16014,15960,16014,54
sniffing,16029,16014,16029,15
rising,16032,16029,16032,3
climbing,16042,16032,16042,10
left_turning,16069,16042,16069,27
rising,16070,16069,16070,1
sniffing,16113,16070,16113,43
rising,16153,16113,16153,40
walking,16154,16153,16154,1
sniffing,16155,16154,16155,1
climbing,16194,16155,16194,39
walking,16216,16194,16216,22
sniffing,16252,16216,16252,36
rising,16253,16252,16253,1
climbing,16313,16253,16313,60
rising,16400,16313,16400,87
sniffing,16422,16400,16422,22
rising,16445,16422,16445,23
left_turning,16500,16445,16500,55
sniffing,16545,16500,16545,45
climbing,16610,16545,16610,65
rearing,16657,16610,16657,47
rising,16658,16657,16658,1
trotting,16679,16658,16679,21
walking,16693,16679,16693,14
stepping,16749,16693,16749,56
trotting,16751,16749,16751,2
climbing,16777,16751,16777,26
sniffing,16865,16777,16865,88
rising,17032,16865,17032,167
walking,17109,17032,17109,77
sniffing,17125,17109,17125,16
walking,17164,17125,17164,39
rising,17204,17164,17204,40
climbing,17246,17204,17246,42
right_turning,17247,17246,17247,1
climbing,17292,17247,17292,45
sniffing,17318,17292,17318,26
grooming,17524,17318,17524,206
sniffing,17538,17524,17538,14
rising,17675,17538,17675,137
climbing,17739,17675,17739,64
left_turning,17780,17739,17780,41
trotting,17817,17780,17817,37
rising,17818,17817,17818,1
trotting,17856,17818,17856,38
sniffing,17903,17856,17903,47
walking,17904,17903,17904,1
rising,17955,17904,17955,51
climbing,17982,17955,17982,27
rearing,18031,17982,18031,49
right_turning,18044,18031,18044,13
trotting,18065,18044,18065,21
walking,18093,18065,18093,28
sniffing,18176,18093,18176,83
walking,18240,18176,18240,64
rising,18273,18240,18273,33
walking,18289,18273,18289,16
sniffing,18322,18289,18322,33
walking,18330,18322,18330,8
sniffing,18367,18330,18367,37
walking,18423,18367,18423,56
climbing,18436,18423,18436,13
running,18459,18436,18459,23
walking,18499,18459,18499,40
left_turning,18559,18499,18559,60
sniffing,18576,18559,18576,17
grooming,18657,18576,18657,81
rearing,18780,18657,18780,123
grooming,18781,18780,18781,1
right_turning,18808,18781,18808,27
walking,18849,18808,18849,41
sniffing,18850,18849,18850,1
walking,18878,18850,18878,28
sniffing,18923,18878,18923,45
climbing,18962,18923,18962,39
sniffing,18967,18962,18967,5
rising,19019,18967,19019,52
sniffing,19063,19019,19063,44
walking,19069,19063,19069,6
sniffing,19221,19069,19221,152
climbing,19271,19221,19271,50
sniffing,19345,19271,19345,74
trotting,19371,19345,19371,26
walking,19372,19371,19372,1
sniffing,19411,19372,19411,39
walking,19444,19411,19444,33
hunching,19538,19444,19538,94
sniffing,19579,19538,19579,41
right_turning,19589,19579,19589,10
walking,19661,19589,19661,72
stepping,19724,19661,19724,63
left_turning,19730,19724,19730,6
walking,19766,19730,19766,36
climbing,19796,19766,19796,30
rising,19813,19796,19813,17
grooming,19831,19813,19831,18
left_turning,19859,19831,19859,28
sniffing,19950,19859,19950,91
climbing,20035,19950,20035,85
rearing,20114,20035,20114,79
right_turning,20140,20114,20140,26
stepping,20195,20140,20195,55
walking,20232,20195,20232,37
sniffing,20269,20232,20269,37
walking,20287,20269,20287,18
sniffing,20288,20287,20288,1
rising,20289,20288,20289,1
climbing,20304,20289,20304,15
walking,20337,20304,20337,33
sniffing,20349,20337,20349,12
walking,20351,20349,20351,2
sniffing,20423,20351,20423,72
rising,20464,20423,20464,41
rearing,20612,20464,20612,148
grooming,21003,20612,21003,391
walking,21008,21003,21008,5
rising,21021,21008,21021,13
climbing,21037,21021,21037,16
walking,21047,21037,21047,10
trotting,21059,21047,21059,12
rearing,21194,21059,21194,135
hunching,21260,21194,21260,66
sniffing,21274,21260,21274,14
walking,21291,21274,21291,17
climbing,21320,21291,21320,29
sniffing,21333,21320,21333,13
rising,21334,21333,21334,1
hunching,21440,21334,21440,106
rising,21441,21440,21441,1
climbing,21501,21441,21501,60
walking,21509,21501,21509,8
rising,21525,21509,21525,16
sniffing,21526,21525,21526,1
right_turning,21567,21526,21567,41
rising,21579,21567,21579,12
climbing,21595,21579,21595,16
sniffing,21596,21595,21596,1
walking,21606,21596,21606,10
sniffing,21757,21606,21757,151
right_turning,21777,21757,21777,20
rising,21804,21777,21804,27
climbing,21835,21804,21835,31
trotting,21861,21835,21861,26
walking,21869,21861,21869,8
sniffing,21870,21869,21870,1
hunching,21925,21870,21925,55
grooming,21926,21925,21926,1
pausing,21927,21926,21927,1
sniffing,21928,21927,21928,1
walking,21932,21928,21932,4
sniffing,21997,21932,21997,65
walking,22033,21997,22033,36
climbing,22055,22033,22055,22
rearing,22079,22055,22079,24
sniffing,22108,22079,22108,29
walking,22165,22108,22165,57
sniffing,22247,22165,22247,82
walking,22308,22247,22308,61
left_turning,22340,22308,22340,32
walking,22397,22340,22397,57
sniffing,22412,22397,22412,15
rising,22413,22412,22413,1
climbing,22498,22413,22498,85
stepping,22508,22498,22508,10
walking,22509,22508,22509,1
climbing,22532,22509,22532,23
right_turning,22540,22532,22540,8
sniffing,22587,22540,22587,47
rising,22588,22587,22588,1
sniffing,22624,22588,22624,36
walking,22646,22624,22646,22
climbing,22706,22646,22706,60
rising,22842,22706,22842,136
walking,22890,22842,22890,48
climbing,22936,22890,22936,46
rearing,22960,22936,22960,24
rising,22966,22960,22966,6
climbing,23028,22966,23028,62
rearing,23234,23028,23234,206
sniffing,23235,23234,23235,1
rising,23236,23235,23236,1
walking,23272,23236,23272,36
sniffing,23274,23272,23274,2
hunching,23366,23274,23366,92
rearing,23395,23366,23395,29
sniffing,23441,23395,23441,46
stepping,23488,23441,23488,47
sniffing,23553,23488,23553,65
stepping,23573,23553,23573,20
trotting,23598,23573,23598,25
walking,23680,23598,23680,82
sniffing,23782,23680,23782,102
right_turning,23801,23782,23801,19
rising,23833,23801,23833,32
grooming,23967,23833,23967,134
sniffing,23979,23967,23979,12
hunching,24134,23979,24134,155
rising,24135,24134,24135,1
climbing,24196,24135,24196,61
stepping,24246,24196,24246,50
climbing,24285,24246,24285,39
running,24318,24285,24318,33
sniffing,24370,24318,24370,52
left_turning,24385,24370,24385,15
walking,24404,24385,24404,19
rising,24439,24404,24439,35
rearing,24565,24439,24565,126
climbing,24644,24565,24644,79
rising,24761,24644,24761,117
sniffing,24867,24761,24867,106
right_turning,24890,24867,24890,23
trotting,24907,24890,24907,17
sniffing,24908,24907,24908,1
right_turning,24933,24908,24933,25
walking,24939,24933,24939,6
sniffing,24943,24939,24943,4
stepping,24986,24943,24986,43
sniffing,24987,24986,24987,1
jumping,24988,24987,24988,1
climbing,25033,24988,25033,45
walking,25056,25033,25056,23
rearing,25149,25056,25149,93
sniffing,25150,25149,25150,1
left_turning,25162,25150,25162,12
stepping,25204,25162,25204,42
sniffing,25371,25204,25371,167
walking,25372,25371,25372,1
sniffing,25373,25372,25373,1
left_turning,25405,25373,25405,32
sniffing,25477,25405,25477,72
walking,25512,25477,25512,35
sniffing,25526,25512,25526,14
walking,25565,25526,25565,39
rising,25678,25565,25678,113
climbing,25693,25678,25693,15
rising,25694,25693,25694,1
climbing,25763,25694,25763,69
sniffing,25889,25763,25889,126
grooming,26127,25889,26127,238
rising,26128,26127,26128,1
trotting,26159,26128,26159,31
walking,26171,26159,26171,12
sniffing,26261,26171,26261,90
climbing,26301,26261,26301,40
walking,26314,26301,26314,13
sniffing,26315,26314,26315,1
rising,26368,26315,26368,53
sniffing,26440,26368,26440,72
climbing,26517,26440,26517,77
rearing,26518,26517,26518,1
grooming,26611,26518,26611,93
right_turning,26644,26611,26644,33
trotting,26685,26644,26685,41
walking,26694,26685,26694,9
right_turning,26695,26694,26695,1
sniffing,26707,26695,26707,12
rising,26709,26707,26709,2
grooming,26789,26709,26789,80
walking,26824,26789,26824,35
sniffing,26871,26824,26871,47
walking,26894,26871,26894,23
sniffing,26895,26894,26895,1
walking,26912,26895,26912,17
sniffing,27015,26912,27015,103
rising,27045,27015,27045,30
walking,27046,27045,27046,1
sniffing,27079,27046,27079,33
left_turning,27101,27079,27101,22
rising,27102,27101,27102,1
sniffing,27213,27102,27213,111
rearing,27230,27213,27230,17
grooming,27319,27230,27319,89
right_turning,27346,27319,27346,27
stepping,27376,27346,27376,30
rising,27386,27376,27386,10
sniffing,27442,27386,27442,56
rising,27482,27442,27482,40
climbing,27503,27482,27503,21
grooming,27527,27503,27527,24
hunching,27528,27527,27528,1
sniffing,27529,27528,27529,1
trotting,27566,27529,27566,37
rising,27628,27566,27628,62
walking,27629,27628,27629,1
sniffing,27644,27629,27644,15
walking,27680,27644,27680,36
rising,27681,27680,27681,1
walking,27713,27681,27713,32
sniffing,27740,27713,27740,27
rising,27744,27740,27744,4
climbing,27776,27744,27776,32
sniffing,27860,27776,27860,84
rising,27861,27860,27861,1
walking,27875,27861,27875,14
sniffing,27917,27875,27917,42
hunching,28023,27917,28023,106
sniffing,28024,28023,28024,1
rising,28029,28024,28029,5
left_turning,28037,28029,28037,8
walking,28081,28037,28081,44
rising,28082,28081,28082,1
sniffing,28143,28082,28143,61
rising,28150,28143,28150,7
sniffing,28151,28150,28151,1
rearing,28223,28151,28223,72
sniffing,28234,28223,28234,11
walking,28273,28234,28273,39
stepping,28296,28273,28296,23
sniffing,28297,28296,28297,1
left_turning,28332,28297,28332,35
rising,28333,28332,28333,1
left_turning,28372,28333,28372,39
sniffing,28410,28372,28410,38
rising,28491,28410,28491,81
climbing,28516,28491,28516,25
rearing,28590,28516,28590,74
rising,28655,28590,28655,65
sniffing,28679,28655,28679,24
left_turning,28680,28679,28680,1
sniffing,28733,28680,28733,53
stepping,28759,28733,28759,26
rising,28926,28759,28926,167
rearing,28984,28926,28984,58
running,29023,28984,29023,39
sniffing,29033,29023,29033,10
rising,29110,29033,29110,77
climbing,29186,29110,29186,76
trotting,29187,29186,29187,1
stepping,29224,29187,29224,37
walking,29356,29224,29356,132
sniffing,29357,29356,29357,1
trotting,29395,29357,29395,38
walking,29430,29395,29430,35
stepping,29471,29430,29471,41
sniffing,29472,29471,29472,1
stepping,29544,29472,29544,72
rearing,29545,29544,29545,1
walking,29581,29545,29581,36
jumping,29636,29581,29636,55
rising,29719,29636,29719,83
climbing,29781,29719,29781,62
walking,29782,29781,29782,1
climbing,29846,29782,29846,64
rising,29905,29846,29905,59
climbing,29913,29905,29913,8
sniffing,30036,29913,30036,123
walking,30078,30036,30078,42
sniffing,30185,30078,30185,107
left_turning,30238,30185,30238,53
walking,30246,30238,30246,8
left_turning,30247,30246,30247,1
running,30280,30247,30280,33
trotting,30312,30280,30312,32
sniffing,30405,30312,30405,93
trotting,30427,30405,30427,22
sniffing,30450,30427,30450,23
walking,30489,30450,30489,39
jumping,30545,30489,30545,56
sniffing,30587,30545,30587,42
walking,30606,30587,30606,19
rising,30731,30606,30731,125
sniffing,30836,30731,30836,105
climbing,30867,30836,30867,31
left_turning,30893,30867,30893,26
walking,30986,30893,30986,93
left_turning,30994,30986,30994,8
rising,31081,30994,31081,87
climbing,31122,31081,31122,41
rearing,31123,31122,31123,1
grooming,31243,31123,31243,120
right_turning,31289,31243,31289,46
climbing,31345,31289,31345,56
rearing,31368,31345,31368,23
climbing,31400,31368,31400,32
rising,31417,31400,31417,17
climbing,31486,31417,31486,69
running,31529,31486,31529,43
rising,31533,31529,31533,4
climbing,31586,31533,31586,53
rising,31587,31586,31587,1
trotting,31634,31587,31634,47
sniffing,31780,31634,31780,146
right_turning,31817,31780,31817,37
trotting,31837,31817,31837,20
sniffing,31866,31837,31866,29
rising,31908,31866,31908,42
climbing,31970,31908,31970,62
right_turning,31981,31970,31981,11
sniffing,31996,31981,31996,15
rising,32050,31996,32050,54
sniffing,32064,32050,32064,14
climbing,32139,32064,32139,75
rearing,32140,32139,32140,1
sniffing,32154,32140,32154,14
walking,32211,32154,32211,57
rising,32297,32211,32297,86
sniffing,32302,32297,32302,5
left_turning,32323,32302,32323,21
sniffing,32354,32323,32354,31
walking,32365,32354,32365,11
sniffing,32366,32365,32366,1
running,32382,32366,32382,16
walking,32456,32382,32456,74
sniffing,32499,32456,32499,43
left_turning,32536,32499,32536,37
walking,32543,32536,32543,7
trotting,32570,32543,32570,27
running,32584,32570,32584,14
left_turning,32585,32584,32585,1
sniffing,32638,32585,32638,53
walking,32639,32638,32639,1
sniffing,32642,32639,32642,3
right_turning,32650,32642,32650,8
walking,32706,32650,32706,56
sniffing,32894,32706,32894,188
left_turning,32910,32894,32910,16
walking,32960,32910,32960,50
left_turning,32990,32960,32990,30
walking,33026,32990,33026,36
rising,33038,33026,33038,12
sniffing,33039,33038,33039,1
left_turning,33077,33039,33077,38
walking,33101,33077,33101,24
sniffing,33158,33101,33158,57
pausing,33159,33158,33159,1
sniffing,33199,33159,33199,40
rearing,33200,33199,33200,1
walking,33225,33200,33225,25
rising,33396,33225,33396,171
stepping,33474,33396,33474,78
climbing,33515,33474,33515,41
rearing,33606,33515,33606,91
sniffing,33607,33606,33607,1
walking,33612,33607,33612,5
sniffing,33613,33612,33613,1
left_turning,33658,33613,33658,45
sniffing,33659,33658,33659,1
grooming,33753,33659,33753,94
sniffing,33810,33753,33810,57
rising,33856,33810,33856,46
sniffing,33887,33856,33887,31
grooming,33912,33887,33912,25
left_turning,33950,33912,33950,38
sniffing,33998,33950,33998,48
right_turning,34030,33998,34030,32
walking,34071,34030,34071,41
right_turning,34074,34071,34074,3
stepping,34147,34074,34147,73
walking,34193,34147,34193,46
sniffing,34298,34193,34298,105
rising,34305,34298,34305,7
walking,34306,34305,34306,1
sniffing,34408,34306,34408,102
left_turning,34460,34408,34460,52
sniffing,34484,34460,34484,24
left_turning,34519,34484,34519,35
trotting,34542,34519,34542,23
rising,34565,34542,34565,23
climbing,34619,34565,34619,54
sniffing,34645,34619,34645,26
right_turning,34675,34645,34675,30
climbing,34690,34675,34690,15
sniffing,34691,34690,34691,1
trotting,34724,34691,34724,33
sniffing,34851,34724,34851,127
walking,34852,34851,34852,1
sniffing,34946,34852,34946,94
rising,34947,34946,34947,1
climbing,35013,34947,35013,66
rearing,35089,35013,35089,76
rising,35192,35089,35192,103
climbing,35200,35192,35200,8
hunching,35201,35200,35201,1
right_turning,35207,35201,35207,6
stepping,35241,35207,35241,34
rising,35242,35241,35242,1
rearing,35352,35242,35352,110
climbing,35391,35352,35391,39
sniffing,35472,35391,35472,81
left_turning,35473,35472,35473,1
trotting,35477,35473,35477,4
stepping,35478,35477,35478,1
climbing,35582,35478,35582,104
sniffing,35679,35582,35679,97
running,35735,35679,35735,56
walking,35788,35735,35788,53
climbing,35823,35788,35823,35
rising,35847,35823,35847,24
climbing,35873,35847,35873,26
sniffing,35876,35873,35876,3
rising,35905,35876,35905,29
sniffing,35957,35905,35957,52
climbing,36006,35957,36006,49
walking,36017,36006,36017,11
right_turning,36037,36017,36037,20
stepping,36066,36037,36066,29
rising,36177,36066,36177,111
sniffing,36178,36177,36178,1
rising,36248,36178,36248,70
rearing,36253,36248,36253,5
right_turning,36282,36253,36282,29
climbing,36350,36282,36350,68
right_turning,36359,36350,36359,9
climbing,36375,36359,36375,16
sniffing,36386,36375,36386,11
grooming,36480,36386,36480,94
left_turning,36481,36480,36481,1
running,36506,36481,36506,25
sniffing,36507,36506,36507,1
stepping,36508,36507,36508,1
rising,36585,36508,36585,77
climbing,36588,36585,36588,3
hunching,36589,36588,36589,1
rising,36590,36589,36590,1
climbing,36691,36590,36691,101
rearing,36692,36691,36692,1
walking,36706,36692,36706,14
climbing,36732,36706,36732,26
sniffing,36733,36732,36733,1
pausing,36884,36733,36884,151
sniffing,36904,36884,36904,20
rising,36955,36904,36955,51
sniffing,36994,36955,36994,39
left_turning,37038,36994,37038,44
sniffing,37046,37038,37046,8
hunching,37066,37046,37066,20
grooming,37149,37066,37149,83
climbing,37244,37149,37244,95
right_turning,37249,37244,37249,5
climbing,37281,37249,37281,32
rising,37355,37281,37355,74
rearing,37356,37355,37356,1
hunching,37464,37356,37464,108
climbing,37541,37464,37541,77
rising,37596,37541,37596,55
grooming,37688,37596,37688,92
rearing,37763,37688,37763,75
climbing,37831,37763,37831,68
sniffing,37832,37831,37832,1
stepping,37844,37832,37844,12
climbing,37876,37844,37876,32
sniffing,37967,37876,37967,91
climbing,38029,37967,38029,62
sniffing,38103,38029,38103,74
trotting,38122,38103,38122,19
sniffing,38136,38122,38136,14
rising,38137,38136,38137,1
rearing,38138,38137,38138,1
rising,38139,38138,38139,1
climbing,38220,38139,38220,81
rising,38253,38220,38253,33
right_turning,38286,38253,38286,33
left_turning,38291,38286,38291,5
sniffing,38411,38291,38411,120
left_turning,38429,38411,38429,18
sniffing,38498,38429,38498,69
rising,38551,38498,38551,53
sniffing,38598,38551,38598,47
rearing,38639,38598,38639,41
climbing,38697,38639,38697,58
trotting,38724,38697,38724,27
sniffing,38725,38724,38725,1
walking,38770,38725,38770,45
trotting,38780,38770,38780,10
sniffing,38883,38780,38883,103
jumping,38938,38883,38938,55
rising,38939,38938,38939,1
climbing,38981,38939,38981,42
right_turning,38984,38981,38984,3
sniffing,38985,38984,38985,1
climbing,39074,38985,39074,89
walking,39077,39074,39077,3
trotting,39082,39077,39082,5
sniffing,39245,39082,39245,163
trotting,39259,39245,39259,14
left_turning,39279,39259,39279,20
walking,39304,39279,39304,25
left_turning,39332,39304,39332,28
sniffing,39354,39332,39354,22
grooming,39355,39354,39355,1
rearing,39505,39355,39505,150
hunching,39574,39505,39574,69
grooming,39575,39574,39575,1
hunching,39658,39575,39658,83
rising,39665,39658,39665,7
climbing,39708,39665,39708,43
right_turning,39752,39708,39752,44
left_turning,39753,39752,39753,1
rising,39793,39753,39793,40
climbing,39822,39793,39822,29
rearing,39823,39822,39823,1
climbing,39857,39823,39857,34
sniffing,39893,39857,39893,36
rising,39925,39893,39925,32
climbing,40028,39925,40028,103
rising,40042,40028,40042,14
walking,40053,40042,40053,11
climbing,40081,40053,40081,28
rising,40130,40081,40130,49
hunching,40176,40130,40176,46
walking,40208,40176,40208,32
climbing,40233,40208,40233,25
right_turning,40259,40233,40259,26
walking,40296,40259,40296,37
sniffing,40297,40296,40297,1
right_turning,40324,40297,40324,27
walking,40339,40324,40339,15
left_turning,40475,40339,40475,136
walking,40476,40475,40476,1
climbing,40514,40476,40514,38
right_turning,40535,40514,40535,21
stepping,40590,40535,40590,55
walking,40626,40590,40626,36
rearing,40670,40626,40670,44
sniffing,40738,40670,40738,68
right_turning,40743,40738,40743,5
rearing,40954,40743,40954,211
running,40964,40954,40964,10
walking,40965,40964,40965,1
sniffing,41022,40965,41022,57
hunching,41049,41022,41049,27
rearing,41050,41049,41050,1
rising,41094,41050,41094,44
climbing,41144,41094,41144,50
running,41154,41144,41154,10
sniffing,41181,41154,41181,27
jumping,41182,41181,41182,1
sniffing,41211,41182,41211,29
hunching,41236,41211,41236,25
rearing,41325,41236,41325,89
grooming,41326,41325,41326,1
sniffing,41363,41326,41363,37
walking,41390,41363,41390,27
rearing,41452,41390,41452,62
climbing,41483,41452,41483,31
grooming,41484,41483,41484,1
sniffing,41485,41484,41485,1
right_turning,41495,41485,41495,10
left_turning,41565,41495,41565,70
walking,41605,41565,41605,40
sniffing,41650,41605,41650,45
climbing,41681,41650,41681,31
rearing,41776,41681,41776,95
stepping,41825,41776,41825,49
walking,41860,41825,41860,35
stepping,41916,41860,41916,56
rising,42066,41916,42066,150
sniffing,42083,42066,42083,17
stepping,42114,42083,42114,31
climbing,42119,42114,42119,5
walking,42122,42119,42122,3
sniffing,42186,42122,42186,64
climbing,42212,42186,42212,26
right_turning,42244,42212,42244,32
stepping,42299,42244,42299,55
walking,42370,42299,42370,71
rising,42371,42370,42371,1
climbing,42410,42371,42410,39
rearing,42431,42410,42431,21
walking,42520,42431,42520,89
sniffing,42547,42520,42547,27
rearing,42601,42547,42601,54
climbing,42647,42601,42647,46
left_turning,42648,42647,42648,1
walking,42697,42648,42697,49
sniffing,42798,42697,42798,101
walking,42799,42798,42799,1
climbing,42823,42799,42823,24
right_turning,42829,42823,42829,6
rising,42898,42829,42898,69
walking,42938,42898,42938,40
sniffing,42951,42938,42951,13
trotting,42976,42951,42976,25
rising,43015,42976,43015,39
rearing,43016,43015,43016,1
grooming,43202,43016,43202,186
rearing,43221,43202,43221,19
walking,43224,43221,43224,3
rising,43282,43224,43282,58
climbing,43331,43282,43331,49
sniffing,43332,43331,43332,1
climbing,43392,43332,43392,60
rising,43443,43392,43443,51
climbing,43472,43443,43472,29
trotting,43501,43472,43501,29
sniffing,43502,43501,43502,1
trotting,43503,43502,43503,1
walking,43508,43503,43508,5
sniffing,43604,43508,43604,96
rising,43682,43604,43682,78
sniffing,43683,43682,43683,1
walking,43720,43683,43720,37
climbing,43721,43720,43721,1
rearing,43837,43721,43837,116
rising,43883,43837,43883,46
rearing,43884,43883,43884,1
climbing,43906,43884,43906,22
sniffing,43933,43906,43933,27
left_turning,43955,43933,43955,22
sniffing,44005,43955,44005,50
running,44038,44005,44038,33
sniffing,44054,44038,44054,16
rearing,44182,44054,44182,128
climbing,44211,44182,44211,29
walking,44212,44211,44212,1
sniffing,44222,44212,44222,10
left_turning,44241,44222,44241,19
sniffing,44371,44241,44371,130
climbing,44406,44371,44406,35
sniffing,44465,44406,44465,59
rearing,44613,44465,44613,148
walking,44646,44613,44646,33
sniffing,44685,44646,44685,39
left_turning,44762,44685,44762,77
trotting,44791,44762,44791,29
sniffing,44792,44791,44792,1
climbing,44814,44792,44814,22
sniffing,44862,44814,44862,48
rising,44930,44862,44930,68
climbing,44990,44930,44990,60
hunching,45001,44990,45001,11
climbing,45025,45001,45025,24
rising,45053,45025,45053,28
sniffing,45093,45053,45093,40
walking,45124,45093,45124,31
running,45159,45124,45159,35
sniffing,45294,45159,45294,135
walking,45316,45294,45316,22
climbing,45400,45316,45400,84
left_turning,45450,45400,45450,50
walking,45538,45450,45538,88
left_turning,45543,45538,45543,5
sniffing,45582,45543,45582,39
rising,45611,45582,45611,29
grooming,46063,45611,46063,452
sniffing,46064,46063,46064,1
trotting,46128,46064,46128,64
climbing,46146,46128,46146,18
rising,46184,46146,46184,38
walking,46185,46184,46185,1
trotting,46188,46185,46188,3
walking,46212,46188,46212,24
hunching,46289,46212,46289,77
sniffing,46314,46289,46314,25
walking,46361,46314,46361,47
sniffing,46426,46361,46426,65
right_turning,46442,46426,46442,16
climbing,46484,46442,46484,42
right_turning,46493,46484,46493,9
walking,46521,46493,46521,28
running,46537,46521,46537,16
walking,46546,46537,46546,9
climbing,46582,46546,46582,36
sniffing,46583,46582,46583,1
walking,46617,46583,46617,34
sniffing,46618,46617,46618,1
walking,46642,46618,46642,24
sniffing,46655,46642,46655,13
walking,46729,46655,46729,74
rearing,46730,46729,46730,1
hunching,46792,46730,46792,62
climbing,46806,46792,46806,14
sniffing,46813,46806,46813,7
rising,46824,46813,46824,11
sniffing,46827,46824,46827,3
rearing,46861,46827,46861,34
climbing,46894,46861,46894,33
sniffing,46895,46894,46895,1
rearing,46896,46895,46896,1
walking,46943,46896,46943,47
sniffing,46949,46943,46949,6
right_turning,46959,46949,46959,10
trotting,46986,46959,46986,27
sniffing,47059,46986,47059,73
trotting,47066,47059,47066,7
stepping,47079,47066,47079,13
walking,47116,47079,47116,37
left_turning,47126,47116,47126,10
rising,47127,47126,47127,1
rearing,47191,47127,47191,64
sniffing,47275,47191,47275,84
running,47336,47275,47336,61
sniffing,47337,47336,47337,1
left_turning,47338,47337,47338,1
climbing,47373,47338,47373,35
rising,47383,47373,47383,10
walking,47415,47383,47415,32
sniffing,47493,47415,47493,78
climbing,47521,47493,47521,28
sniffing,47558,47521,47558,37
left_turning,47600,47558,47600,42
rising,47619,47600,47619,19
climbing,47676,47619,47676,57
rearing,47776,47676,47776,100
sniffing,47873,47776,47873,97
left_turning,47910,47873,47910,37
sniffing,48110,47910,48110,200
left_turning,48158,48110,48158,48
walking,48159,48158,48159,1
rising,48300,48159,48300,141
walking,48360,48300,48360,60
sniffing,48468,48360,48468,108
right_turning,48500,48468,48500,32
sniffing,48565,48500,48565,65
trotting,48568,48565,48568,3
walking,48604,48568,48604,36
hunching,48605,48604,48605,1
sniffing,48724,48605,48724,119
right_turning,48725,48724,48725,1
sniffing,48824,48725,48824,99
stepping,48834,48824,48834,10
rising,48835,48834,48835,1
sniffing,48844,48835,48844,9
climbing,48909,48844,48909,65
left_turning,48934,48909,48934,25
walking,48993,48934,48993,59
rising,49035,48993,49035,42
climbing,49036,49035,49036,1
grooming,49037,49036,49037,1
walking,49051,49037,49051,14
sniffing,49052,49051,49052,1
trotting,49082,49052,49082,30
stepping,49108,49082,49108,26
climbing,49138,49108,49138,30
right_turning,49165,49138,49165,27
left_turning,49235,49165,49235,70
trotting,49256,49235,49256,21
sniffing,49320,49256,49320,64
left_turning,49360,49320,49360,40
sniffing,49504,49360,49504,144
left_turning,49533,49504,49533,29
walking,49576,49533,49576,43
climbing,49604,49576,49604,28
rising,49605,49604,49605,1
climbing,49625,49605,49625,20
rising,49681,49625,49681,56
sniffing,49812,49681,49812,131
rearing,49813,49812,49813,1
rising,49814,49813,49814,1
climbing,49853,49814,49853,39
sniffing,49953,49853,49953,100
left_turning,49966,49953,49966,13
walking,50015,49966,50015,49
rising,50112,50015,50112,97
climbing,50127,50112,50127,15
sniffing,50278,50127,50278,151
trotting,50312,50278,50312,34
rising,50372,50312,50372,60
rearing,50505,50372,50505,133
rising,50550,50505,50550,45
sniffing,50579,50550,50579,29
walking,50603,50579,50603,24
rising,50658,50603,50658,55
sniffing,50659,50658,50659,1
walking,50660,50659,50660,1
sniffing,50716,50660,50716,56
right_turning,50750,50716,50750,34
climbing,50751,50750,50751,1
walking,50753,50751,50753,2
sniffing,50846,50753,50846,93
rising,50928,50846,50928,82
grooming,51072,50928,51072,144
sniffing,51085,51072,51085,13
walking,51104,51085,51104,19
sniffing,51174,51104,51174,70
climbing,51183,51174,51183,9
hunching,51184,51183,51184,1
rising,51185,51184,51185,1
climbing,51222,51185,51222,37
sniffing,51254,51222,51254,32
walking,51356,51254,51356,102
sniffing,51496,51356,51496,140
rearing,51847,51496,51847,351
rising,51881,51847,51881,34
climbing,51921,51881,51921,40
rising,51993,51921,51993,72
rearing,52060,51993,52060,67
hunching,52136,52060,52136,76
climbing,52175,52136,52175,39
hunching,52177,52175,52177,2
rearing,52236,52177,52236,59
hunching,52237,52236,52237,1
right_turning,52238,52237,52238,1
running,52268,52238,52268,30
climbing,52371,52268,52371,103
walking,52424,52371,52424,53
sniffing,52451,52424,52451,27
walking,52476,52451,52476,25
rearing,52496,52476,52496,20
sniffing,52536,52496,52536,40
stepping,52563,52536,52563,27
sniffing,52584,52563,52584,21
walking,52598,52584,52598,14
sniffing,52639,52598,52639,41
rising,52651,52639,52651,12
rearing,52763,52651,52763,112
trotting,52826,52763,52826,63
sniffing,52845,52826,52845,19
climbing,52909,52845,52909,64
sniffing,52969,52909,52969,60
trotting,52998,52969,52998,29
running,53022,52998,53022,24
trotting,53093,53022,53093,71
stepping,53095,53093,53095,2
left_turning,53140,53095,53140,45
rising,53143,53140,53143,3
rearing,53144,53143,53144,1
hunching,53319,53144,53319,175
rising,53335,53319,53335,16
sniffing,53336,53335,53336,1
rearing,53337,53336,53337,1
stepping,53346,53337,53346,9
walking,53355,53346,53355,9
sniffing,53450,53355,53450,95
rising,53559,53450,53559,109
right_turning,53608,53559,53608,49
sniffing,53669,53608,53669,61
climbing,53700,53669,53700,31
hunching,53717,53700,53717,17
grooming,54451,53717,54451,734
rearing,54484,54451,54484,33
sniffing,54485,54484,54485,1
left_turning,54539,54485,54539,54
sniffing,54540,54539,54540,1
walking,54571,54540,54571,31
sniffing,54598,54571,54598,27
rising,54614,54598,54614,16
walking,54630,54614,54630,16
climbing,54719,54630,54719,89
grooming,54894,54719,54894,175
right_turning,54937,54894,54937,43
trotting,54981,54937,54981,44
walking,55031,54981,55031,50
sniffing,55032,55031,55032,1
rising,55090,55032,55090,58
sniffing,55155,55090,55155,65
rising,55223,55155,55223,68
rearing,55294,55223,55294,71
jumping,55315,55294,55315,21
grooming,55487,55315,55487,172
sniffing,55534,55487,55534,47
grooming,56080,55534,56080,546
walking,56089,56080,56089,9
sniffing,56090,56089,56090,1
stepping,56126,56090,56126,36
jumping,56127,56126,56127,1
sniffing,56238,56127,56238,111
walking,56251,56238,56251,13
left_turning,56293,56251,56293,42
running,56302,56293,56302,9
stepping,56322,56302,56322,20
sniffing,56323,56322,56323,1
right_turning,56353,56323,56353,30
stepping,56400,56353,56400,47
hunching,56468,56400,56468,68
sniffing,56523,56468,56523,55
rising,56524,56523,56524,1
sniffing,56559,56524,56559,35
rising,56588,56559,56588,29
rearing,56700,56588,56700,112
climbing,56748,56700,56748,48
grooming,57482,56748,57482,734
rising,57489,57482,57489,7
climbing,57528,57489,57528,39
hunching,57560,57528,57560,32
rising,57630,57560,57630,70
climbing,57661,57630,57661,31
rising,57669,57661,57669,8
sniffing,57728,57669,57728,59
trotting,57749,57728,57749,21
sniffing,57821,57749,57821,72
climbing,57886,57821,57886,65
rising,57927,57886,57927,41
hunching,57954,57927,57954,27
sniffing,57956,57954,57956,2
walking,57957,57956,57957,1
left_turning,57974,57957,57974,17
trotting,58004,57974,58004,30
sniffing,58005,58004,58005,1
grooming,58695,58005,58695,690
rearing,58751,58695,58751,56
climbing,58853,58751,58853,102
rising,58854,58853,58854,1
walking,58869,58854,58869,15
sniffing,58909,58869,58909,40
climbing,58958,58909,58958,49
sniffing,58974,58958,58974,16
rising,59066,58974,59066,92
sniffing,59126,59066,59126,60
left_turning,59127,59126,59127,1
walking,59200,59127,59200,73
sniffing,59418,59200,59418,218
trotting,59443,59418,59443,25
walking,59450,59443,59450,7
sniffing,59462,59450,59462,12
left_turning,59489,59462,59489,27
walking,59500,59489,59500,11
rising,59501,59500,59501,1
sniffing,59610,59501,59610,109
right_turning,59623,59610,59623,13
walking,59656,59623,59656,33
sniffing,59657,59656,59657,1
climbing,59734,59657,59734,77
rising,59745,59734,59745,11
climbing,59778,59745,59778,33
walking,59839,59778,59839,61
sniffing,59882,59839,59882,43
climbing,59906,59882,59906,24
hunching,59907,59906,59907,1
climbing,59986,59907,59986,79
walking,60028,59986,60028,42
left_turning,60064,60028,60064,36
walking,60082,60064,60082,18
climbing,60083,60082,60083,1
walking,60129,60083,60129,46
trotting,60144,60129,60144,15
left_turning,60168,60144,60168,24
sniffing,60185,60168,60185,17
rising,60204,60185,60204,19
sniffing,60330,60204,60330,126
hunching,60457,60330,60457,127
rising,60511,60457,60511,54
climbing,60512,60511,60512,1
grooming,60631,60512,60631,119
left_turning,60642,60631,60642,11
rearing,60643,60642,60643,1
sniffing,60644,60643,60644,1
walking,60731,60644,60731,87
climbing,60775,60731,60775,44
rearing,61015,60775,61015,240
hunching,61033,61015,61033,18
rising,61052,61033,61052,19
sniffing,61200,61052,61200,148
climbing,61302,61200,61302,102
sniffing,61442,61302,61442,140
left_turning,61503,61442,61503,61
trotting,61540,61503,61540,37
rising,61586,61540,61586,46
right_turning,61608,61586,61608,22
rising,61609,61608,61609,1
climbing,61662,61609,61662,53
sniffing,61727,61662,61727,65
right_turning,61769,61727,61769,42
running,61773,61769,61773,4
walking,61805,61773,61805,32
jumping,61891,61805,61891,86
sniffing,61900,61891,61900,9
climbing,61947,61900,61947,47
rising,61948,61947,61948,1
grooming,62239,61948,62239,291
rising,62298,62239,62298,59
sniffing,62299,62298,62299,1
left_turning,62300,62299,62300,1
sniffing,62301,62300,62301,1
rising,62348,62301,62348,47
rearing,62360,62348,62360,12
sniffing,62410,62360,62410,50
rising,62427,62410,62427,17
rearing,62437,62427,62437,10
climbing,62498,62437,62498,61
grooming,62962,62498,62962,464
walking,62964,62962,62964,2
rising,63031,62964,63031,67
climbing,63065,63031,63065,34
rearing,63066,63065,63066,1
grooming,63067,63066,63067,1
sniffing,63142,63067,63142,75
rising,63205,63142,63205,63
climbing,63240,63205,63240,35
sniffing,63310,63240,63310,70
left_turning,63342,63310,63342,32
hunching,63362,63342,63362,20
rising,63419,63362,63419,57
climbing,63496,63419,63496,77
rising,63497,63496,63497,1
sniffing,63549,63497,63549,52
stepping,63562,63549,63562,13
trotting,63563,63562,63563,1
sniffing,63602,63563,63602,39
climbing,63645,63602,63645,43
rising,63647,63645,63647,2
left_turning,63698,63647,63698,51
sniffing,63855,63698,63855,157
left_turning,63897,63855,63897,42
rising,63930,63897,63930,33
climbing,63970,63930,63970,40
walking,63976,63970,63976,6
rising,64064,63976,64064,88
left_turning,64065,64064,64065,1
sniffing,64077,64065,64077,12
rising,64101,64077,64101,24
sniffing,64128,64101,64128,27
rising,64129,64128,64129,1
climbing,64212,64129,64212,83
rising,64213,64212,64213,1
climbing,64236,64213,64236,23
running,64237,64236,64237,1
hunching,64282,64237,64282,45
rearing,64369,64282,64369,87
climbing,64500,64369,64500,131
rearing,64593,64500,64593,93
hunching,64667,64593,64667,74
sniffing,64755,64667,64755,88
rearing,64756,64755,64756,1
walking,64761,64756,64761,5
climbing,64777,64761,64777,16
walking,64817,64777,64817,40
rising,64855,64817,64855,38
left_turning,64904,64855,64904,49
trotting,64929,64904,64929,25
sniffing,64979,64929,64979,50
climbing,65114,64979,65114,135
walking,65122,65114,65122,8
sniffing,65172,65122,65172,50
walking,65194,65172,65194,22
stepping,65247,65194,65247,53
sniffing,65257,65247,65257,10
walking,65291,65257,65291,34
climbing,65316,65291,65316,25
walking,65394,65316,65394,78
sniffing,65446,65394,65446,52
grooming,65648,65446,65648,202
hunching,65797,65648,65797,149
climbing,65863,65797,65863,66
rising,65864,65863,65864,1
sniffing,65865,65864,65865,1
trotting,65877,65865,65877,12
rising,65878,65877,65878,1
sniffing,65885,65878,65885,7
rising,65972,65885,65972,87
sniffing,66136,65972,66136,164
left_turning,66283,66136,66283,147
running,66287,66283,66287,4
trotting,66322,66287,66322,35
sniffing,66409,66322,66409,87
rising,66459,66409,66459,50
walking,66460,66459,66460,1
sniffing,66461,66460,66461,1
left_turning,66462,66461,66462,1
trotting,66467,66462,66467,5
walking,66479,66467,66479,12
rising,66565,66479,66565,86
rearing,66606,66565,66606,41
climbing,66612,66606,66612,6
walking,66613,66612,66613,1
stepping,66655,66613,66655,42
sniffing,66690,66655,66690,35
right_turning,66722,66690,66722,32
rising,66723,66722,66723,1
sniffing,66804,66723,66804,81
grooming,66805,66804,66805,1
sniffing,66806,66805,66806,1
climbing,66822,66806,66822,16
running,66853,66822,66853,31
left_turning,66872,66853,66872,19
right_turning,66924,66872,66924,52
walking,66954,66924,66954,30
stepping,67005,66954,67005,51
sniffing,67046,67005,67046,41
climbing,67047,67046,67047,1
grooming,67134,67047,67134,87
sniffing,67184,67134,67184,50
walking,67207,67184,67207,23
sniffing,67232,67207,67232,25
rising,67239,67232,67239,7
walking,67256,67239,67256,17
sniffing,67257,67256,67257,1
walking,67287,67257,67287,30
sniffing,67299,67287,67299,12
left_turning,67350,67299,67350,51
walking,67379,67350,67379,29
stepping,67406,67379,67406,27
rearing,67407,67406,67407,1
left_turning,67467,67407,67467,60
sniffing,67581,67467,67581,114
right_turning,67601,67581,67601,20
running,67628,67601,67628,27
rising,67653,67628,67653,25
climbing,67677,67653,67677,24
hunching,67721,67677,67721,44
grooming,67722,67721,67722,1
sniffing,67746,67722,67746,24
hunching,67776,67746,67776,30
climbing,67784,67776,67784,8
running,67802,67784,67802,18
sniffing,67872,67802,67872,70
climbing,67895,67872,67895,23
sniffing,67945,67895,67945,50
stepping,67949,67945,67949,4
sniffing,67982,67949,67982,33
walking,67994,67982,67994,12
climbing,68072,67994,68072,78
trotting,68096,68072,68096,24
right_turning,68104,68096,68104,8
climbing,68121,68104,68121,17
trotting,68122,68121,68122,1
rising,68123,68122,68123,1
sniffing,68163,68123,68163,40
rearing,68283,68163,68283,120
sniffing,68297,68283,68297,14
grooming,68419,68297,68419,122
sniffing,68619,68419,68619,200
hunching,68708,68619,68708,89
rising,68794,68708,68794,86
sniffing,68813,68794,68813,19
climbing,68865,68813,68865,52
grooming,68938,68865,68938,73
sniffing,68976,68938,68976,38
climbing,69009,68976,69009,33
rearing,69040,69009,69040,31
sniffing,69147,69040,69147,107
left_turning,69233,69147,69233,86
running,69241,69233,69241,8
rising,69308,69241,69308,67
walking,69329,69308,69329,21
sniffing,69376,69329,69376,47
left_turning,69429,69376,69429,53
walking,69462,69429,69462,33
sniffing,69499,69462,69499,37
rising,69503,69499,69503,4
sniffing,69556,69503,69556,53
right_turning,69585,69556,69585,29
rising,69633,69585,69633,48
sniffing,69634,69633,69634,1
rising,69635,69634,69635,1
grooming,69702,69635,69702,67
rearing,69703,69702,69703,1
sniffing,69812,69703,69812,109
left_turning,69831,69812,69831,19
sniffing,69832,69831,69832,1
left_turning,69856,69832,69856,24
trotting,69857,69856,69857,1
sniffing,69895,69857,69895,38
walking,69908,69895,69908,13
stepping,69924,69908,69924,16
sniffing,69932,69924,69932,8
right_turning,69959,69932,69959,27
sniffing,70043,69959,70043,84
rising,70061,70043,70061,18
climbing,70132,70061,70132,71
trotting,70177,70132,70177,45
rising,70238,70177,70238,61
climbing,70275,70238,70275,37
right_turning,70283,70275,70283,8
sniffing,70284,70283,70284,1
stepping,70338,70284,70338,54
sniffing,70339,70338,70339,1
rising,70374,70339,70374,35
climbing,70441,70374,70441,67
hunching,70442,70441,70442,1
grooming,70486,70442,70486,44
rearing,70611,70486,70611,125
walking,70672,70611,70672,61
rising,70708,70672,70708,36
climbing,70744,70708,70744,36
walking,70745,70744,70745,1
sniffing,70834,70745,70834,89
left_turning,70916,70834,70916,82
walking,70955,70916,70955,39
climbing,70961,70955,70961,6
rearing,71048,70961,71048,87
sniffing,71062,71048,71062,14
climbing,71151,71062,71151,89
sniffing,71159,71151,71159,8
walking,71174,71159,71174,15
climbing,71228,71174,71228,54
walking,71271,71228,71271,43
climbing,71326,71271,71326,55
walking,71327,71326,71327,1
left_turning,71354,71327,71354,27
rising,71365,71354,71365,11
sniffing,71366,71365,71366,1
rearing,71367,71366,71367,1
stepping,71417,71367,71417,50
walking,71448,71417,71448,31
sniffing,71449,71448,71449,1
hunching,71592,71449,71592,143
grooming,71712,71592,71712,120
stepping,71728,71712,71728,16
rearing,71807,71728,71807,79
grooming,71808,71807,71808,1
left_turning,71858,71808,71858,50
sniffing,71892,71858,71892,34
stepping,71893,71892,71893,1
right_turning,71927,71893,71927,34
sniffing,71947,71927,71947,20
hunching,71948,71947,71948,1
grooming,72135,71948,72135,187
walking,72146,72135,72146,11
trotting,72158,72146,72158,12
climbing,72209,72158,72209,51
walking,72232,72209,72232,23
rising,72233,72232,72233,1
sniffing,72234,72233,72234,1
rising,72266,72234,72266,32
climbing,72301,72266,72301,35
rising,72321,72301,72321,20
climbing,72347,72321,72347,26
rising,72390,72347,72390,43
walking,72403,72390,72403,13
climbing,72406,72403,72406,3
sniffing,72526,72406,72526,120
climbing,72544,72526,72544,18
rising,72545,72544,72545,1
climbing,72588,72545,72588,43
sniffing,72724,72588,72724,136
rising,72751,72724,72751,27
climbing,72756,72751,72756,5
sniffing,72794,72756,72794,38
stepping,72847,72794,72847,53
left_turning,72879,72847,72879,32
walking,72916,72879,72916,37
stepping,72918,72916,72918,2
sniffing,72960,72918,72960,42
climbing,73005,72960,73005,45
rearing,73111,73005,73111,106
grooming,73206,73111,73206,95
rearing,73485,73206,73485,279
grooming,73639,73485,73639,154
sniffing,73679,73639,73679,40
trotting,73686,73679,73686,7
rising,73733,73686,73733,47
walking,73747,73733,73747,14
sniffing,73791,73747,73791,44
rising,73819,73791,73819,28
hunching,73905,73819,73905,86
rearing,74022,73905,74022,117
climbing,74080,74022,74080,58
sniffing,74164,74080,74164,84
rising,74241,74164,74241,77
climbing,74274,74241,74274,33
sniffing,74275,74274,74275,1
climbing,74344,74275,74344,69
walking,74388,74344,74388,44
sniffing,74389,74388,74389,1
walking,74431,74389,74431,42
stepping,74470,74431,74470,39
climbing,74596,74470,74596,126
left_turning,74606,74596,74606,10
rising,74621,74606,74621,15
trotting,74629,74621,74629,8
sniffing,74630,74629,74630,1
rising,74701,74630,74701,71
walking,74734,74701,74734,33
rising,74763,74734,74763,29
walking,74776,74763,74776,13
trotting,74818,74776,74818,42
sniffing,74819,74818,74819,1
stepping,74862,74819,74862,43
right_turning,74869,74862,74869,7
walking,74907,74869,74907,38
trotting,74923,74907,74923,16
stepping,75002,74923,75002,79
climbing,75112,75002,75112,110
rising,75126,75112,75126,14
climbing,75196,75126,75196,70
rearing,75308,75196,75308,112
sniffing,75309,75308,75309,1
hunching,75346,75309,75346,37
rearing,75530,75346,75530,184
grooming,75531,75530,75531,1
rearing,75558,75531,75558,27
sniffing,75608,75558,75608,50
left_turning,75625,75608,75625,17
grooming,75894,75625,75894,269
climbing,75947,75894,75947,53
grooming,75948,75947,75948,1
trotting,75966,75948,75966,18
sniffing,75980,75966,75980,14
climbing,76026,75980,76026,46
right_turning,76032,76026,76032,6
walking,76037,76032,76037,5
climbing,76101,76037,76101,64
trotting,76144,76101,76144,43
walking,76177,76144,76177,33
stepping,76189,76177,76189,12
trotting,76246,76189,76246,57
stepping,76255,76246,76255,9
sniffing,76268,76255,76268,13
rising,76269,76268,76269,1
rearing,76270,76269,76270,1
climbing,76330,76270,76330,60
sniffing,76331,76330,76331,1
walking,76352,76331,76352,21
sniffing,76401,76352,76401,49
rising,76437,76401,76437,36
climbing,76476,76437,76476,39
sniffing,76584,76476,76584,108
rising,76628,76584,76628,44
sniffing,76679,76628,76679,51
rearing,76694,76679,76694,15
rising,76728,76694,76728,34
hunching,76729,76728,76729,1
sniffing,76760,76729,76760,31
left_turning,76808,76760,76808,48
walking,76817,76808,76817,9
trotting,76846,76817,76846,29
stepping,76862,76846,76862,16
right_turning,76863,76862,76863,1
sniffing,76889,76863,76889,26
right_turning,76890,76889,76890,1
sniffing,76911,76890,76911,21
left_turning,76934,76911,76934,23
trotting,76946,76934,76946,12
walking,76977,76946,76977,31
stepping,77001,76977,77001,24
rising,77096,77001,77096,95
sniffing,77097,77096,77097,1
rearing,77130,77097,77130,33
climbing,77176,77130,77176,46
sniffing,77282,77176,77282,106
left_turning,77283,77282,77283,1
right_turning,77299,77283,77299,16
climbing,77308,77299,77308,9
trotting,77348,77308,77348,40
left_turning,77483,77348,77483,135
sniffing,77576,77483,77576,93
stepping,77581,77576,77581,5
sniffing,77612,77581,77612,31
walking,77625,77612,77625,13
rising,77626,77625,77626,1
climbing,77674,77626,77674,48
sniffing,77901,77674,77901,227
trotting,77908,77901,77908,7
climbing,77933,77908,77933,25
rearing,77948,77933,77948,15
left_turning,77961,77948,77961,13
climbing,77979,77961,77979,18
rearing,78045,77979,78045,66
grooming,78319,78045,78319,274
trotting,78349,78319,78349,30
rising,78355,78349,78355,6
climbing,78412,78355,78412,57
trotting,78422,78412,78422,10
sniffing,78530,78422,78530,108
climbing,78531,78530,78531,1
rising,78553,78531,78553,22
rearing,78656,78553,78656,103
rising,78693,78656,78693,37
climbing,78712,78693,78712,19
left_turning,78723,78712,78723,11
rising,78724,78723,78724,1
right_turning,78728,78724,78728,4
walking,78745,78728,78745,17
rising,78766,78745,78766,21
hunching,78767,78766,78767,1
sniffing,78853,78767,78853,86
rearing,78886,78853,78886,33
sniffing,78939,78886,78939,53
walking,78992,78939,78992,53
rearing,79028,78992,79028,36
grooming,79230,79028,79230,202
sniffing,79231,79230,79231,1
left_turning,79247,79231,79247,16
trotting,79271,79247,79271,24
stepping,79278,79271,79278,7
walking,79293,79278,79293,15
sniffing,79331,79293,79331,38
rising,79376,79331,79376,45
sniffing,79443,79376,79443,67
hunching,79500,79443,79500,57
right_turning,79519,79500,79519,19
walking,79550,79519,79550,31
rising,79577,79550,79577,27
sniffing,79641,79577,79641,64
trotting,79647,79641,79647,6
stepping,79675,79647,79675,28
left_turning,79676,79675,79676,1
sniffing,79722,79676,79722,46
left_turning,79727,79722,79727,5
trotting,79786,79727,79786,59
sniffing,79791,79786,79791,5
climbing,79801,79791,79801,10
jumping,79858,79801,79858,57
walking,79878,79858,79878,20
sniffing,79879,79878,79879,1
rising,79880,79879,79880,1
climbing,79908,79880,79908,28
rising,79934,79908,79934,26
sniffing,80054,79934,80054,120
rising,80055,80054,80055,1
sniffing,80093,80055,80093,38
climbing,80138,80093,80138,45
right_turning,80166,80138,80166,28
left_turning,80212,80166,80212,46
sniffing,80213,80212,80213,1
hunching,80220,80213,80220,7
sniffing,80237,80220,80237,17
walking,80246,80237,80246,9
left_turning,80256,80246,80256,10
sniffing,80356,80256,80356,100
rearing,80412,80356,80412,56
hunching,80463,80412,80463,51
rising,80464,80463,80464,1
climbing,80512,80464,80512,48
left_turning,80555,80512,80555,43
sniffing,80556,80555,80556,1
stepping,80567,80556,80567,11
rising,80609,80567,80609,42
climbing,80650,80609,80650,41
hunching,80748,80650,80748,98
climbing,80783,80748,80783,35
sniffing,80900,80783,80900,117
left_turning,80901,80900,80901,1
walking,80950,80901,80950,49
climbing,80958,80950,80958,8
rising,80997,80958,80997,39
climbing,81070,80997,81070,73
rising,81123,81070,81123,53
walking,81153,81123,81153,30
sniffing,81154,81153,81154,1
rising,81155,81154,81155,1
climbing,81188,81155,81188,33
hunching,81266,81188,81266,78
jumping,81267,81266,81267,1
right_turning,81268,81267,81268,1
trotting,81277,81268,81277,9
sniffing,81301,81277,81301,24
left_turning,81326,81301,81326,25
sniffing,81420,81326,81420,94
walking,81432,81420,81432,12
sniffing,81495,81432,81495,63
pausing,81496,81495,81496,1
sniffing,81533,81496,81533,37
walking,81553,81533,81553,20
climbing,81592,81553,81592,39
right_turning,81615,81592,81615,23
walking,81631,81615,81631,16
sniffing,81719,81631,81719,88
rearing,81824,81719,81824,105
climbing,81923,81824,81923,99
walking,81967,81923,81967,44
rearing,82005,81967,82005,38
right_turning,82006,82005,82006,1
left_turning,82011,82006,82011,5
sniffing,82012,82011,82012,1
rising,82044,82012,82044,32
climbing,82046,82044,82046,2
rearing,82143,82046,82143,97
rising,82151,82143,82151,8
sniffing,82210,82151,82210,59
rising,82248,82210,82248,38
sniffing,82249,82248,82249,1
left_turning,82269,82249,82269,20
walking,82300,82269,82300,31
left_turning,82322,82300,82322,22
walking,82342,82322,82342,20
left_turning,82343,82342,82343,1
walking,82356,82343,82356,13
stepping,82367,82356,82367,11
right_turning,82382,82367,82382,15
trotting,82400,82382,82400,18
sniffing,82439,82400,82439,39
rising,82486,82439,82486,47
climbing,82578,82486,82578,92
left_turning,82682,82578,82682,104
sniffing,82714,82682,82714,32
rising,82754,82714,82754,40
sniffing,82817,82754,82817,63
grooming,82818,82817,82818,1
rearing,82819,82818,82819,1
grooming,82820,82819,82820,1
rearing,83047,82820,83047,227
sniffing,83057,83047,83057,10
left_turning,83058,83057,83058,1
hunching,83107,83058,83107,49
climbing,83122,83107,83122,15
hunching,83166,83122,83166,44
rising,83167,83166,83167,1
climbing,83171,83167,83171,4
walking,83189,83171,83189,18
rising,83242,83189,83242,53
climbing,83290,83242,83290,48
running,83312,83290,83312,22
sniffing,83313,83312,83313,1
climbing,83315,83313,83315,2
rising,83381,83315,83381,66
climbing,83442,83381,83442,61
rearing,83461,83442,83461,19
climbing,83556,83461,83556,95
right_turning,83582,83556,83582,26
climbing,83588,83582,83588,6
sniffing,83654,83588,83654,66
rearing,83669,83654,83669,15
grooming,83670,83669,83670,1
rearing,83703,83670,83703,33
sniffing,83783,83703,83783,80
rising,83835,83783,83835,52
walking,83856,83835,83856,21
stepping,83875,83856,83875,19
left_turning,83984,83875,83984,109
walking,83985,83984,83985,1
rising,83988,83985,83988,3
trotting,83990,83988,83990,2
stepping,84037,83990,84037,47
walking,84056,84037,84056,19
left_turning,84075,84056,84075,19
rising,84107,84075,84107,32
sniffing,84163,84107,84163,56
rising,84164,84163,84164,1
climbing,84271,84164,84271,107
sniffing,84310,84271,84310,39
right_turning,84335,84310,84335,25
sniffing,84393,84335,84393,58
grooming,85495,84393,85495,1102
sniffing,85545,85495,85545,50
walking,85573,85545,85573,28
sniffing,85663,85573,85663,90
running,85696,85663,85696,33
sniffing,85713,85696,85713,17
pausing,85811,85713,85811,98
sniffing,85813,85811,85813,2
stepping,85861,85813,85861,48
rearing,85936,85861,85936,75
climbing,85943,85936,85943,7
sniffing,86002,85943,86002,59
grooming,86212,86002,86212,210
rearing,86219,86212,86219,7
climbing,86220,86219,86220,1
walking,86221,86220,86221,1
sniffing,86222,86221,86222,1
climbing,86223,86222,86223,1
hunching,86308,86223,86308,85
rearing,86309,86308,86309,1
rising,86310,86309,86310,1
sniffing,86311,86310,86311,1
climbing,86371,86311,86371,60
right_turning,86372,86371,86372,1
walking,86399,86372,86399,27
rising,86403,86399,86403,4
walking,86404,86403,86404,1
sniffing,86484,86404,86484,80
hunching,86627,86484,86627,143
rearing,86630,86627,86630,3
grooming,86694,86630,86694,64
rearing,86742,86694,86742,48
grooming,86743,86742,86743,1
sniffing,86744,86743,86744,1
hunching,86762,86744,86762,18
climbing,86778,86762,86778,16
grooming,86779,86778,86779,1
rising,86799,86779,86799,20
trotting,86802,86799,86802,3
stepping,86822,86802,86822,20
walking,86856,86822,86856,34
trotting,86878,86856,86878,22
sniffing,86879,86878,86879,1
rising,86891,86879,86891,12
stepping,86910,86891,86910,19
sniffing,87010,86910,87010,100
rearing,87032,87010,87032,22
left_turning,87049,87032,87049,17
grooming,87115,87049,87115,66
hunching,87116,87115,87116,1
left_turning,87157,87116,87157,41
walking,87214,87157,87214,57
sniffing,87313,87214,87313,99
rising,87314,87313,87314,1
climbing,87353,87314,87353,39
grooming,87547,87353,87547,194
right_turning,87548,87547,87548,1
left_turning,87610,87548,87610,62
walking,87630,87610,87630,20
sniffing,87703,87630,87703,73
pausing,87806,87703,87806,103
sniffing,87886,87806,87886,80
pausing,88066,87886,88066,180
sniffing,88087,88066,88087,21
hunching,88137,88087,88137,50
right_turning,88162,88137,88162,25
trotting,88202,88162,88202,40
walking,88230,88202,88230,28
sniffing,88320,88230,88320,90
rising,88380,88320,88380,60
climbing,88381,88380,88381,1
rearing,88426,88381,88426,45
climbing,88560,88426,88560,134
sniffing,88660,88560,88660,100
grooming,89086,88660,89086,426
rearing,89367,89086,89367,281
rising,89399,89367,89399,32
rearing,89433,89399,89433,34
climbing,89469,89433,89469,36
sniffing,89575,89469,89575,106
walking,89576,89575,89576,1
rising,89577,89576,89577,1
climbing,89615,89577,89615,38
rising,89616,89615,89616,1
sniffing,89698,89616,89698,82
running,89706,89698,89706,8
rising,89711,89706,89711,5
rearing,89741,89711,89741,30
grooming,89839,89741,89839,98
rearing,89840,89839,89840,1
grooming,90089,89840,90089,249
rearing,90130,90089,90130,41
left_turning,90144,90130,90144,14
sniffing,90188,90144,90188,44
right_turning,90228,90188,90228,40
walking,90237,90228,90237,9
climbing,90244,90237,90244,7
right_turning,90265,90244,90265,21
running,90279,90265,90279,14
walking,90289,90279,90289,10
rising,90290,90289,90290,1
sniffing,90306,90290,90306,16
left_turning,90361,90306,90361,55
walking,90384,90361,90384,23
trotting,90395,90384,90395,11
sniffing,90454,90395,90454,59
rising,90486,90454,90486,32
left_turning,90523,90486,90523,37
rising,90534,90523,90534,11
walking,90582,90534,90582,48
sniffing,90612,90582,90612,30
left_turning,90613,90612,90613,1
sniffing,90630,90613,90630,17
climbing,90684,90630,90684,54
rearing,90708,90684,90708,24
grooming,91086,90708,91086,378
sniffing,91087,91086,91087,1
left_turning,91115,91087,91115,28
walking,91135,91115,91135,20
sniffing,91160,91135,91160,25
pausing,91338,91160,91338,178
climbing,91395,91338,91395,57
running,91429,91395,91429,34
right_turning,91443,91429,91443,14
running,91467,91443,91467,24
sniffing,91516,91467,91516,49
climbing,91545,91516,91545,29
rearing,91739,91545,91739,194
sniffing,91787,91739,91787,48
rearing,91788,91787,91788,1
sniffing,91805,91788,91805,17
pausing,92020,91805,92020,215
sniffing,92030,92020,92030,10
walking,92076,92030,92076,46
sniffing,92312,92076,92312,236
walking,92317,92312,92317,5
rising,92359,92317,92359,42
sniffing,92394,92359,92394,35
rising,92395,92394,92395,1
sniffing,92427,92395,92427,32
running,92444,92427,92444,17
walking,92445,92444,92445,1
sniffing,92446,92445,92446,1
right_turning,92474,92446,92474,28
walking,92523,92474,92523,49
sniffing,92593,92523,92593,70
hunching,92626,92593,92626,33
sniffing,92646,92626,92646,20
left_turning,92662,92646,92662,16
trotting,92683,92662,92683,21
walking,92729,92683,92729,46
climbing,92746,92729,92746,17
sniffing,92747,92746,92747,1
hunching,92748,92747,92748,1
grooming,92798,92748,92798,50
sniffing,92863,92798,92863,65
rearing,92932,92863,92932,69
rising,92983,92932,92983,51
sniffing,92984,92983,92984,1
walking,92985,92984,92985,1
sniffing,93005,92985,93005,20
trotting,93038,93005,93038,33
walking,93129,93038,93129,91
rearing,93188,93129,93188,59
walking,93198,93188,93198,10
right_turning,93218,93198,93218,20
walking,93284,93218,93284,66
sniffing,93285,93284,93285,1
rising,93348,93285,93348,63
climbing,93372,93348,93372,24
running,93394,93372,93394,22
sniffing,93431,93394,93431,37
rising,93439,93431,93439,8
left_turning,93448,93439,93448,9
walking,93497,93448,93497,49
right_turning,93501,93497,93501,4
sniffing,93549,93501,93549,48
rising,93572,93549,93572,23
right_turning,93612,93572,93612,40
walking,93647,93612,93647,35
stepping,93713,93647,93713,66
sniffing,93816,93713,93816,103
trotting,93839,93816,93839,23
sniffing,93921,93839,93921,82
trotting,93960,93921,93960,39
sniffing,93966,93960,93966,6
walking,94012,93966,94012,46
left_turning,94070,94012,94070,58
walking,94086,94070,94086,16
sniffing,94147,94086,94147,61
rising,94149,94147,94149,2
climbing,94216,94149,94216,67
sniffing,94239,94216,94239,23
rising,94240,94239,94240,1
sniffing,94314,94240,94314,74
walking,94344,94314,94344,30
grooming,94345,94344,94345,1
rearing,94416,94345,94416,71
walking,94451,94416,94451,35
sniffing,94483,94451,94483,32
rearing,94518,94483,94518,35
walking,94537,94518,94537,19
right_turning,94549,94537,94549,12
running,94559,94549,94559,10
sniffing,94581,94559,94581,22
grooming,94791,94581,94791,210
sniffing,94809,94791,94809,18
climbing,94828,94809,94828,19
rising,94858,94828,94858,30
climbing,94875,94858,94875,17
running,94907,94875,94907,32
sniffing,94961,94907,94961,54
left_turning,94975,94961,94975,14
sniffing,95001,94975,95001,26
grooming,95036,95001,95036,35
hunching,95153,95036,95153,117
grooming,95154,95153,95154,1
sniffing,95189,95154,95189,35
walking,95205,95189,95205,16
rising,95229,95205,95229,24
climbing,95246,95229,95246,17
hunching,95311,95246,95311,65
walking,95339,95311,95339,28
sniffing,95340,95339,95340,1
rising,95341,95340,95341,1
sniffing,95342,95341,95342,1
right_turning,95361,95342,95361,19
walking,95385,95361,95385,24
sniffing,95406,95385,95406,21
pausing,95578,95406,95578,172
sniffing,95579,95578,95579,1
right_turning,95596,95579,95596,17
stepping,95613,95596,95613,17
rising,95672,95613,95672,59
climbing,95739,95672,95739,67
sniffing,95838,95739,95838,99
hunching,96028,95838,96028,190
grooming,96029,96028,96029,1
sniffing,96030,96029,96030,1
walking,96054,96030,96054,24
left_turning,96065,96054,96065,11
walking,96072,96065,96072,7
left_turning,96073,96072,96073,1
sniffing,96163,96073,96163,90
rising,96220,96163,96220,57
climbing,96223,96220,96223,3
sniffing,96233,96223,96233,10
left_turning,96320,96233,96320,87
walking,96338,96320,96338,18
rising,96345,96338,96345,7
climbing,96387,96345,96387,42
hunching,96452,96387,96452,65
climbing,96539,96452,96539,87
sniffing,96559,96539,96559,20
grooming,96765,96559,96765,206
right_turning,96767,96765,96767,2
running,96788,96767,96788,21
walking,96815,96788,96815,27
climbing,96954,96815,96954,139
rearing,96993,96954,96993,39
rising,97011,96993,97011,18
climbing,97050,97011,97050,39
walking,97101,97050,97101,51
sniffing,97195,97101,97195,94
rearing,97244,97195,97244,49
sniffing,97280,97244,97280,36
rising,97281,97280,97281,1
climbing,97341,97281,97341,60
sniffing,97373,97341,97373,32
stepping,97391,97373,97391,18
walking,97429,97391,97429,38
climbing,97456,97429,97456,27
rising,97473,97456,97473,17
climbing,97501,97473,97501,28
walking,97526,97501,97526,25
hunching,97537,97526,97537,11
grooming,97647,97537,97647,110
rearing,97648,97647,97648,1
rising,97678,97648,97678,30
left_turning,97714,97678,97714,36
rising,97736,97714,97736,22
sniffing,97777,97736,97777,41
running,97800,97777,97800,23
walking,97822,97800,97822,22
climbing,97830,97822,97830,8
left_turning,97838,97830,97838,8
running,97878,97838,97878,40
trotting,97895,97878,97895,17
walking,97954,97895,97954,59
sniffing,98160,97954,98160,206
rising,98162,98160,98162,2
sniffing,98163,98162,98163,1
grooming,98292,98163,98292,129
sniffing,98303,98292,98303,11
rising,98340,98303,98340,37
sniffing,98346,98340,98346,6
rising,98356,98346,98356,10
climbing,98427,98356,98427,71
hunching,98471,98427,98471,44
walking,98485,98471,98485,14
sniffing,98517,98485,98517,32
trotting,98535,98517,98535,18
sniffing,98596,98535,98596,61
grooming,98597,98596,98597,1
sniffing,98598,98597,98598,1
trotting,98631,98598,98631,33
walking,98643,98631,98643,12
rising,98644,98643,98644,1
left_turning,98705,98644,98705,61
sniffing,98825,98705,98825,120
grooming,99083,98825,99083,258
left_turning,99094,99083,99094,11
climbing,99116,99094,99116,22
walking,99162,99116,99162,46
rearing,99163,99162,99163,1
grooming,99164,99163,99164,1
sniffing,99461,99164,99461,297
right_turning,99498,99461,99498,37
trotting,99507,99498,99507,9
sniffing,99632,99507,99632,125
rising,99633,99632,99633,1
sniffing,99673,99633,99673,40
right_turning,99708,99673,99708,35
walking,99754,99708,99754,46
sniffing,99755,99754,99755,1
right_turning,99784,99755,99784,29
rising,99785,99784,99785,1
sniffing,99849,99785,99849,64
rising,99884,99849,99884,35
rearing,99961,99884,99961,77
sniffing,100026,99961,100026,65
hunching,100027,100026,100027,1
grooming,100074,100027,100074,47
hunching,100115,100074,100115,41
rising,100116,100115,100116,1
rearing,100117,100116,100117,1
sniffing,100145,100117,100145,28
pausing,100146,100145,100146,1
sniffing,100293,100146,100293,147
climbing,100295,100293,100295,2
sniffing,100334,100295,100334,39
left_turning,100351,100334,100351,17
sniffing,100352,100351,100352,1
rising,100353,100352,100353,1
sniffing,100421,100353,100421,68
rising,100452,100421,100452,31
rearing,100567,100452,100567,115
walking,100601,100567,100601,34
grooming,100695,100601,100695,94
sniffing,100832,100695,100832,137
grooming,101085,100832,101085,253
sniffing,101165,101085,101165,80
pausing,101166,101165,101166,1
sniffing,101188,101166,101188,22
stepping,101204,101188,101204,16
sniffing,101279,101204,101279,75
left_turning,101280,101279,101280,1
walking,101315,101280,101315,35
sniffing,101330,101315,101330,15
rising,101411,101330,101411,81
climbing,101412,101411,101412,1
running,101413,101412,101413,1
rising,101500,101413,101500,87
climbing,101590,101500,101590,90
rising,101591,101590,101591,1
left_turning,101592,101591,101592,1
sniffing,101661,101592,101661,69
grooming,101662,101661,101662,1
sniffing,101675,101662,101675,13
right_turning,101682,101675,101682,7
rearing,101720,101682,101720,38
climbing,101726,101720,101726,6
sniffing,101802,101726,101802,76
rising,101812,101802,101812,10
climbing,101813,101812,101813,1
grooming,101843,101813,101843,30
sniffing,101844,101843,101844,1
rising,101928,101844,101928,84
climbing,101986,101928,101986,58
sniffing,101994,101986,101994,8
walking,102019,101994,102019,25
sniffing,102125,102019,102125,106
climbing,102168,102125,102168,43
right_turning,102190,102168,102190,22
stepping,102216,102190,102216,26
sniffing,102237,102216,102237,21
grooming,102238,102237,102238,1
rearing,102334,102238,102334,96
rising,102354,102334,102354,20
rearing,102411,102354,102411,57
hunching,102433,102411,102433,22
right_turning,102466,102433,102466,33
stepping,102475,102466,102475,9
sniffing,102585,102475,102585,110
left_turning,102625,102585,102625,40
sniffing,102768,102625,102768,143
rising,102770,102768,102770,2
sniffing,102771,102770,102771,1
climbing,102841,102771,102841,70
rearing,102986,102841,102986,145
sniffing,103000,102986,103000,14
rising,103068,103000,103068,68
sniffing,103156,103068,103156,88
stepping,103157,103156,103157,1
sniffing,103158,103157,103158,1
walking,103176,103158,103176,18
right_turning,103225,103176,103225,49
sniffing,103226,103225,103226,1
stepping,103285,103226,103285,59
rising,103289,103285,103289,4
left_turning,103359,103289,103359,70
sniffing,103360,103359,103360,1
rising,103404,103360,103404,44
climbing,103471,103404,103471,67
rising,103515,103471,103515,44
sniffing,103610,103515,103610,95
trotting,103637,103610,103637,27
running,103672,103637,103672,35
walking,103711,103672,103711,39
sniffing,103778,103711,103778,67
pausing,103779,103778,103779,1
sniffing,103891,103779,103891,112
left_turning,103943,103891,103943,52
trotting,103959,103943,103959,16
walking,103962,103959,103962,3
rising,103975,103962,103975,13
sniffing,104084,103975,104084,109
rising,104086,104084,104086,2
climbing,104143,104086,104143,57
rising,104228,104143,104228,85
walking,104283,104228,104283,55
sniffing,104304,104283,104304,21
rising,104329,104304,104329,25
sniffing,104462,104329,104462,133
rising,104513,104462,104513,51
climbing,104514,104513,104514,1
rearing,104515,104514,104515,1
sniffing,104516,104515,104516,1
grooming,104517,104516,104517,1
rearing,104551,104517,104551,34
climbing,104566,104551,104566,15
rearing,104644,104566,104644,78
walking,104650,104644,104650,6
rising,104701,104650,104701,51
climbing,104762,104701,104762,61
rising,104788,104762,104788,26
walking,104845,104788,104845,57
sniffing,104883,104845,104883,38
rising,104884,104883,104884,1
sniffing,104911,104884,104911,27
rising,104975,104911,104975,64
climbing,105069,104975,105069,94
sniffing,105070,105069,105070,1
climbing,105125,105070,105125,55
rising,105163,105125,105163,38
right_turning,105199,105163,105199,36
sniffing,105279,105199,105279,80
rising,105329,105279,105329,50
climbing,105383,105329,105383,54
rising,105405,105383,105405,22
climbing,105407,105405,105407,2
rising,105424,105407,105424,17
climbing,105528,105424,105528,104
rising,105530,105528,105530,2
grooming,105531,105530,105531,1
rising,105550,105531,105550,19
walking,105663,105550,105663,113
sniffing,105724,105663,105724,61
right_turning,105729,105724,105729,5
rising,105767,105729,105767,38
left_turning,105768,105767,105768,1
walking,105834,105768,105834,66
sniffing,105877,105834,105877,43
pausing,105878,105877,105878,1
sniffing,105913,105878,105913,35
stepping,105914,105913,105914,1
climbing,105989,105914,105989,75
walking,105990,105989,105990,1
rising,105991,105990,105991,1
sniffing,106021,105991,106021,30
rearing,106022,106021,106022,1
climbing,106075,106022,106075,53
walking,106086,106075,106086,11
climbing,106133,106086,106133,47
rising,106141,106133,106141,8
sniffing,106151,106141,106151,10
rearing,106230,106151,106230,79
walking,106254,106230,106254,24
rising,106307,106254,106307,53
rearing,106308,106307,106308,1
grooming,106532,106308,106532,224
rearing,106595,106532,106595,63
hunching,106596,106595,106596,1
grooming,106900,106596,106900,304
sniffing,106971,106900,106971,71
left_turning,107015,106971,107015,44
walking,107056,107015,107056,41
sniffing,107549,107056,107549,493
left_turning,107579,107549,107579,30
walking,107652,107579,107652,73
rising,107708,107652,107708,56
pausing,107709,107708,107709,1
climbing,107746,107709,107746,37
right_turning,107804,107746,107804,58
pausing,107805,107804,107805,1
right_turning,107815,107805,107815,10
walking,107822,107815,107822,7
rearing,107823,107822,107823,1
grooming,107856,107823,107856,33
sniffing,108000,107856,108000,144
