revised_movement_label,segBoundary,segBoundary_start,segBoundary_end,length
walking,31,0,31,31
running,57,31,57,26
sniffing,58,57,58,1
rising,101,58,101,43
rearing,179,101,179,78
sniffing,230,179,230,51
rising,232,230,232,2
rearing,247,232,247,15
grooming,301,247,301,54
sniffing,436,301,436,135
climbing,464,436,464,28
sniffing,503,464,503,39
right_turning,512,503,512,9
walking,518,512,518,6
left_turning,557,518,557,39
walking,574,557,574,17
climbing,628,574,628,54
sniffing,653,628,653,25
rearing,706,653,706,53
rising,791,706,791,85
climbing,846,791,846,55
rearing,962,846,962,116
hunching,1118,962,1118,156
sniffing,1161,1118,1161,43
walking,1180,1161,1180,19
sniffing,1201,1180,1201,21
climbing,1239,1201,1239,38
stepping,1280,1239,1280,41
walking,1295,1280,1295,15
climbing,1310,1295,1310,15
sniffing,1393,1310,1393,83
left_turning,1394,1393,1394,1
sniffing,1401,1394,1401,7
walking,1402,1401,1402,1
sniffing,1522,1402,1522,120
rising,1535,1522,1535,13
sniffing,1580,1535,1580,45
climbing,1629,1580,1629,49
right_turning,1635,1629,1635,6
sniffing,1753,1635,1753,118
trotting,1782,1753,1782,29
walking,1792,1782,1792,10
rising,1793,1792,1793,1
climbing,1858,1793,1858,65
rising,1938,1858,1938,80
sniffing,1939,1938,1939,1
left_turning,1968,1939,1968,29
sniffing,2046,1968,2046,78
climbing,2085,2046,2085,39
trotting,2147,2085,2147,62
sniffing,2194,2147,2194,47
rising,2248,2194,2248,54
walking,2249,2248,2249,1
rising,2250,2249,2250,1
sniffing,2306,2250,2306,56
walking,2317,2306,2317,11
sniffing,2348,2317,2348,31
trotting,2365,2348,2365,17
sniffing,2398,2365,2398,33
stepping,2399,2398,2399,1
climbing,2426,2399,2426,27
rising,2516,2426,2516,90
sniffing,2576,2516,2576,60
trotting,2640,2576,2640,64
walking,2651,2640,2651,11
sniffing,2652,2651,2652,1
left_turning,2654,2652,2654,2
walking,2655,2654,2655,1
sniffing,2721,2655,2721,66
walking,2777,2721,2777,56
sniffing,2808,2777,2808,31
walking,2820,2808,2820,12
sniffing,2857,2820,2857,37
left_turning,2858,2857,2858,1
sniffing,2891,2858,2891,33
rising,2892,2891,2892,1
climbing,2911,2892,2911,19
walking,2975,2911,2975,64
sniffing,3011,2975,3011,36
stepping,3042,3011,3042,31
left_turning,3082,3042,3082,40
climbing,3120,3082,3120,38
sniffing,3135,3120,3135,15
trotting,3136,3135,3136,1
sniffing,3209,3136,3209,73
climbing,3273,3209,3273,64
sniffing,3331,3273,3331,58
walking,3333,3331,3333,2
stepping,3365,3333,3365,32
rising,3366,3365,3366,1
sniffing,3438,3366,3438,72
rearing,3442,3438,3442,4
hunching,3537,3442,3537,95
rearing,3603,3537,3603,66
climbing,3658,3603,3658,55
sniffing,3687,3658,3687,29
climbing,3731,3687,3731,44
left_turning,3771,3731,3771,40
sniffing,3807,3771,3807,36
walking,3850,3807,3850,43
stepping,3867,3850,3867,17
right_turning,3868,3867,3868,1
trotting,3870,3868,3870,2
sniffing,3939,3870,3939,69
climbing,3973,3939,3973,34
trotting,3994,3973,3994,21
stepping,4005,3994,4005,11
climbing,4012,4005,4012,7
rising,4045,4012,4045,33
climbing,4103,4045,4103,58
sniffing,4167,4103,4167,64
walking,4176,4167,4176,9
running,4211,4176,4211,35
sniffing,4212,4211,4212,1
left_turning,4223,4212,4223,11
rising,4363,4223,4363,140
climbing,4386,4363,4386,23
sniffing,4415,4386,4415,29
walking,4439,4415,4439,24
right_turning,4456,4439,4456,17
sniffing,4479,4456,4479,23
rising,4512,4479,4512,33
climbing,4560,4512,4560,48
hunching,4679,4560,4679,119
walking,4779,4679,4779,100
right_turning,4802,4779,4802,23
walking,4824,4802,4824,22
sniffing,4852,4824,4852,28
hunching,5189,4852,5189,337
walking,5191,5189,5191,2
rising,5264,5191,5264,73
walking,5265,5264,5265,1
rising,5266,5265,5266,1
grooming,5267,5266,5267,1
sniffing,5316,5267,5316,49
walking,5363,5316,5363,47
left_turning,5403,5363,5403,40
sniffing,5430,5403,5430,27
left_turning,5455,5430,5455,25
sniffing,5456,5455,5456,1
climbing,5506,5456,5506,50
walking,5523,5506,5523,17
rising,5564,5523,5564,41
sniffing,5670,5564,5670,106
pausing,5671,5670,5671,1
sniffing,5708,5671,5708,37
stepping,5715,5708,5715,7
climbing,5749,5715,5749,34
walking,5780,5749,5780,31
climbing,5839,5780,5839,59
trotting,5855,5839,5855,16
walking,5856,5855,5856,1
running,5881,5856,5881,25
walking,5889,5881,5889,8
sniffing,5890,5889,5890,1
rising,5908,5890,5908,18
climbing,5954,5908,5954,46
walking,5988,5954,5988,34
running,5999,5988,5999,11
climbing,6033,5999,6033,34
left_turning,6034,6033,6034,1
trotting,6051,6034,6051,17
walking,6068,6051,6068,17
sniffing,6223,6068,6223,155
trotting,6254,6223,6254,31
climbing,6315,6254,6315,61
left_turning,6316,6315,6316,1
walking,6396,6316,6396,80
sniffing,6442,6396,6442,46
left_turning,6453,6442,6453,11
trotting,6477,6453,6477,24
rising,6563,6477,6563,86
left_turning,6564,6563,6564,1
running,6578,6564,6578,14
sniffing,6672,6578,6672,94
rising,6778,6672,6778,106
climbing,6807,6778,6807,29
right_turning,6829,6807,6829,22
rearing,6994,6829,6994,165
climbing,7031,6994,7031,37
sniffing,7032,7031,7032,1
rising,7033,7032,7033,1
climbing,7070,7033,7070,37
left_turning,7115,7070,7115,45
right_turning,7125,7115,7125,10
walking,7126,7125,7126,1
climbing,7155,7126,7155,29
walking,7196,7155,7196,41
sniffing,7227,7196,7227,31
rearing,7228,7227,7228,1
sniffing,7257,7228,7257,29
rising,7375,7257,7375,118
left_turning,7376,7375,7376,1
sniffing,7377,7376,7377,1
left_turning,7378,7377,7378,1
sniffing,7379,7378,7379,1
walking,7396,7379,7396,17
rising,7521,7396,7521,125
climbing,7566,7521,7566,45
sniffing,7619,7566,7619,53
left_turning,7662,7619,7662,43
sniffing,7773,7662,7773,111
climbing,7813,7773,7813,40
stepping,7814,7813,7814,1
sniffing,7837,7814,7837,23
walking,7857,7837,7857,20
hunching,7870,7857,7870,13
rearing,7876,7870,7876,6
left_turning,7894,7876,7894,18
stepping,7905,7894,7905,11
sniffing,7908,7905,7908,3
rising,7948,7908,7948,40
climbing,7955,7948,7955,7
walking,7977,7955,7977,22
trotting,7986,7977,7986,9
sniffing,8040,7986,8040,54
walking,8067,8040,8067,27
sniffing,8290,8067,8290,223
left_turning,8338,8290,8338,48
walking,8364,8338,8364,26
right_turning,8381,8364,8381,17
trotting,8400,8381,8400,19
stepping,8428,8400,8428,28
sniffing,8466,8428,8466,38
rising,8487,8466,8487,21
walking,8488,8487,8488,1
climbing,8521,8488,8521,33
sniffing,8547,8521,8547,26
walking,8595,8547,8595,48
running,8638,8595,8638,43
walking,8664,8638,8664,26
hunching,8780,8664,8780,116
grooming,8957,8780,8957,177
rearing,8958,8957,8958,1
sniffing,9036,8958,9036,78
rearing,9076,9036,9076,40
trotting,9107,9076,9107,31
sniffing,9109,9107,9109,2
walking,9163,9109,9163,54
stepping,9164,9163,9164,1
climbing,9194,9164,9194,30
sniffing,9321,9194,9321,127
rising,9425,9321,9425,104
walking,9500,9425,9500,75
left_turning,9501,9500,9501,1
walking,9588,9501,9588,87
running,9630,9588,9630,42
right_turning,9661,9630,9661,31
trotting,9731,9661,9731,70
walking,9768,9731,9768,37
sniffing,9769,9768,9769,1
right_turning,9787,9769,9787,18
walking,9788,9787,9788,1
rising,9789,9788,9789,1
climbing,9816,9789,9816,27
walking,9847,9816,9847,31
climbing,9899,9847,9899,52
sniffing,9916,9899,9916,17
rising,9957,9916,9957,41
climbing,10002,9957,10002,45
hunching,10070,10002,10070,68
walking,10084,10070,10084,14
left_turning,10097,10084,10097,13
trotting,10127,10097,10127,30
sniffing,10128,10127,10128,1
rising,10218,10128,10218,90
climbing,10243,10218,10243,25
sniffing,10298,10243,10298,55
grooming,10330,10298,10330,32
rearing,10535,10330,10535,205
climbing,10537,10535,10537,2
hunching,10564,10537,10564,27
rearing,10565,10564,10565,1
sniffing,10572,10565,10572,7
climbing,10599,10572,10599,27
left_turning,10610,10599,10610,11
running,10632,10610,10632,22
rising,10647,10632,10647,15
climbing,10648,10647,10648,1
right_turning,10650,10648,10650,2
running,10661,10650,10661,11
trotting,10683,10661,10683,22
sniffing,10717,10683,10717,34
climbing,10846,10717,10846,129
sniffing,10918,10846,10918,72
left_turning,10941,10918,10941,23
trotting,10980,10941,10980,39
left_turning,11031,10980,11031,51
sniffing,11151,11031,11151,120
right_turning,11190,11151,11190,39
sniffing,11240,11190,11240,50
trotting,11266,11240,11266,26
running,11301,11266,11301,35
walking,11302,11301,11302,1
trotting,11345,11302,11345,43
walking,11346,11345,11346,1
sniffing,11381,11346,11381,35
climbing,11438,11381,11438,57
walking,11471,11438,11471,33
trotting,11494,11471,11494,23
sniffing,11585,11494,11585,91
rising,11718,11585,11718,133
sniffing,11765,11718,11765,47
left_turning,11811,11765,11811,46
walking,11891,11811,11891,80
rising,11967,11891,11967,76
walking,11972,11967,11972,5
sniffing,11996,11972,11996,24
rearing,12085,11996,12085,89
rising,12100,12085,12100,15
walking,12156,12100,12156,56
stepping,12171,12156,12171,15
walking,12241,12171,12241,70
sniffing,12324,12241,12324,83
rising,12384,12324,12384,60
climbing,12440,12384,12440,56
rearing,12490,12440,12490,50
rising,12522,12490,12522,32
climbing,12550,12522,12550,28
walking,12621,12550,12621,71
climbing,12637,12621,12637,16
hunching,12673,12637,12673,36
sniffing,12752,12673,12752,79
walking,12836,12752,12836,84
rising,12873,12836,12873,37
rearing,12911,12873,12911,38
climbing,12936,12911,12936,25
rising,12949,12936,12949,13
climbing,12967,12949,12967,18
left_turning,12993,12967,12993,26
sniffing,13015,12993,13015,22
rising,13153,13015,13153,138
sniffing,13170,13153,13170,17
trotting,13197,13170,13197,27
walking,13207,13197,13207,10
climbing,13290,13207,13290,83
walking,13299,13290,13299,9
trotting,13311,13299,13311,12
sniffing,13380,13311,13380,69
rising,13381,13380,13381,1
walking,13382,13381,13382,1
sniffing,13383,13382,13383,1
left_turning,13432,13383,13432,49
walking,13449,13432,13449,17
sniffing,13450,13449,13450,1
walking,13457,13450,13457,7
sniffing,13539,13457,13539,82
climbing,13597,13539,13597,58
left_turning,13612,13597,13612,15
walking,13652,13612,13652,40
left_turning,13653,13652,13653,1
sniffing,13654,13653,13654,1
left_turning,13671,13654,13671,17
walking,13676,13671,13676,5
rising,13677,13676,13677,1
sniffing,13702,13677,13702,25
rising,13741,13702,13741,39
sniffing,13773,13741,13773,32
trotting,13803,13773,13803,30
sniffing,13849,13803,13849,46
right_turning,13853,13849,13853,4
climbing,13919,13853,13919,66
walking,13954,13919,13954,35
climbing,14013,13954,14013,59
rising,14152,14013,14152,139
sniffing,14153,14152,14153,1
trotting,14165,14153,14165,12
sniffing,14242,14165,14242,77
walking,14330,14242,14330,88
sniffing,14350,14330,14350,20
left_turning,14376,14350,14376,26
sniffing,14377,14376,14377,1
walking,14417,14377,14417,40
climbing,14471,14417,14471,54
sniffing,14572,14471,14572,101
right_turning,14573,14572,14573,1
trotting,14640,14573,14640,67
sniffing,14669,14640,14669,29
rising,14716,14669,14716,47
hunching,14782,14716,14782,66
climbing,14800,14782,14800,18
sniffing,14909,14800,14909,109
walking,14935,14909,14935,26
sniffing,14961,14935,14961,26
climbing,15011,14961,15011,50
stepping,15034,15011,15034,23
sniffing,15137,15034,15137,103
trotting,15154,15137,15154,17
running,15197,15154,15197,43
walking,15228,15197,15228,31
left_turning,15232,15228,15232,4
walking,15291,15232,15291,59
trotting,15314,15291,15314,23
left_turning,15393,15314,15393,79
sniffing,15462,15393,15462,69
rising,15534,15462,15534,72
sniffing,15561,15534,15561,27
left_turning,15567,15561,15567,6
running,15611,15567,15611,44
walking,15654,15611,15654,43
sniffing,15725,15654,15725,71
walking,15765,15725,15765,40
sniffing,15799,15765,15799,34
walking,15823,15799,15823,24
stepping,15841,15823,15841,18
climbing,15874,15841,15874,33
rising,15901,15874,15901,27
sniffing,15902,15901,15902,1
rearing,15998,15902,15998,96
rising,16039,15998,16039,41
stepping,16056,16039,16056,17
trotting,16057,16056,16057,1
walking,16059,16057,16059,2
sniffing,16122,16059,16122,63
rising,16145,16122,16145,23
climbing,16206,16145,16206,61
sniffing,16254,16206,16254,48
left_turning,16255,16254,16255,1
sniffing,16256,16255,16256,1
rising,16338,16256,16338,82
stepping,16356,16338,16356,18
walking,16396,16356,16396,40
sniffing,16448,16396,16448,52
walking,16499,16448,16499,51
sniffing,16589,16499,16589,90
rising,16686,16589,16686,97
hunching,16687,16686,16687,1
walking,16688,16687,16688,1
sniffing,16689,16688,16689,1
right_turning,16690,16689,16690,1
walking,16691,16690,16691,1
sniffing,16744,16691,16744,53
stepping,16773,16744,16773,29
rising,16857,16773,16857,84
walking,16911,16857,16911,54
left_turning,16954,16911,16954,43
sniffing,16955,16954,16955,1
left_turning,16971,16955,16971,16
sniffing,17032,16971,17032,61
climbing,17081,17032,17081,49
trotting,17115,17081,17115,34
walking,17147,17115,17147,32
right_turning,17156,17147,17156,9
walking,17185,17156,17185,29
sniffing,17234,17185,17234,49
trotting,17263,17234,17263,29
sniffing,17288,17263,17288,25
walking,17317,17288,17317,29
left_turning,17323,17317,17323,6
walking,17366,17323,17366,43
trotting,17396,17366,17396,30
left_turning,17404,17396,17404,8
sniffing,17412,17404,17412,8
walking,17461,17412,17461,49
stepping,17523,17461,17523,62
climbing,17615,17523,17615,92
right_turning,17618,17615,17618,3
running,17639,17618,17639,21
walking,17640,17639,17640,1
climbing,17670,17640,17670,30
walking,17736,17670,17736,66
rising,17744,17736,17744,8
climbing,17815,17744,17815,71
right_turning,17835,17815,17835,20
trotting,17871,17835,17871,36
walking,17912,17871,17912,41
left_turning,17919,17912,17919,7
sniffing,17936,17919,17936,17
left_turning,17962,17936,17962,26
grooming,18404,17962,18404,442
rearing,18405,18404,18405,1
sniffing,18464,18405,18464,59
rearing,18465,18464,18465,1
rising,18524,18465,18524,59
climbing,18578,18524,18578,54
sniffing,18605,18578,18605,27
pausing,18606,18605,18606,1
sniffing,18643,18606,18643,37
rearing,18644,18643,18644,1
sniffing,18684,18644,18684,40
climbing,18732,18684,18732,48
trotting,18733,18732,18733,1
sniffing,18735,18733,18735,2
rising,18736,18735,18736,1
hunching,18822,18736,18822,86
sniffing,18823,18822,18823,1
left_turning,18887,18823,18887,64
walking,18956,18887,18956,69
sniffing,19026,18956,19026,70
climbing,19071,19026,19071,45
walking,19109,19071,19109,38
sniffing,19146,19109,19146,37
left_turning,19167,19146,19167,21
walking,19193,19167,19193,26
sniffing,19203,19193,19203,10
climbing,19245,19203,19245,42
running,19292,19245,19292,47
sniffing,19396,19292,19396,104
rising,19397,19396,19397,1
sniffing,19475,19397,19475,78
trotting,19514,19475,19514,39
walking,19576,19514,19576,62
sniffing,19577,19576,19577,1
right_turning,19578,19577,19578,1
grooming,19579,19578,19579,1
left_turning,19608,19579,19608,29
rising,19637,19608,19637,29
climbing,19685,19637,19685,48
right_turning,19700,19685,19700,15
walking,19702,19700,19702,2
sniffing,19703,19702,19703,1
rearing,19704,19703,19704,1
left_turning,19705,19704,19705,1
running,19707,19705,19707,2
left_turning,19719,19707,19719,12
sniffing,19720,19719,19720,1
stepping,19742,19720,19742,22
sniffing,19759,19742,19759,17
grooming,19760,19759,19760,1
walking,19772,19760,19772,12
sniffing,19854,19772,19854,82
climbing,19914,19854,19914,60
rearing,19915,19914,19915,1
rising,19963,19915,19963,48
trotting,19986,19963,19986,23
walking,20039,19986,20039,53
sniffing,20081,20039,20081,42
walking,20111,20081,20111,30
rising,20151,20111,20151,40
hunching,20216,20151,20216,65
rising,20217,20216,20217,1
walking,20234,20217,20234,17
right_turning,20267,20234,20267,33
walking,20274,20267,20274,7
rearing,20340,20274,20340,66
rising,20413,20340,20413,73
left_turning,20436,20413,20436,23
walking,20472,20436,20472,36
climbing,20512,20472,20512,40
walking,20513,20512,20513,1
sniffing,20609,20513,20609,96
right_turning,20626,20609,20626,17
trotting,20640,20626,20640,14
stepping,20673,20640,20673,33
left_turning,20674,20673,20674,1
sniffing,20751,20674,20751,77
rising,20847,20751,20847,96
running,20860,20847,20860,13
sniffing,20877,20860,20877,17
rising,20919,20877,20919,42
trotting,20952,20919,20952,33
walking,20953,20952,20953,1
sniffing,20981,20953,20981,28
rising,21028,20981,21028,47
sniffing,21059,21028,21059,31
climbing,21114,21059,21114,55
rising,21176,21114,21176,62
sniffing,21219,21176,21219,43
right_turning,21253,21219,21253,34
walking,21345,21253,21345,92
sniffing,21346,21345,21346,1
walking,21353,21346,21353,7
rearing,21354,21353,21354,1
right_turning,21375,21354,21375,21
walking,21398,21375,21398,23
sniffing,21402,21398,21402,4
stepping,21443,21402,21443,41
sniffing,21513,21443,21513,70
climbing,21567,21513,21567,54
rearing,21613,21567,21613,46
sniffing,21641,21613,21641,28
left_turning,21669,21641,21669,28
climbing,21779,21669,21779,110
rising,21786,21779,21786,7
climbing,21815,21786,21815,29
rising,21821,21815,21821,6
trotting,21838,21821,21838,17
left_turning,21854,21838,21854,16
walking,21884,21854,21884,30
sniffing,21885,21884,21885,1
left_turning,21908,21885,21908,23
stepping,21943,21908,21943,35
sniffing,21997,21943,21997,54
rising,21998,21997,21998,1
climbing,22037,21998,22037,39
walking,22065,22037,22065,28
climbing,22120,22065,22120,55
right_turning,22129,22120,22129,9
walking,22140,22129,22140,11
sniffing,22215,22140,22215,75
left_turning,22244,22215,22244,29
trotting,22285,22244,22285,41
walking,22292,22285,22292,7
left_turning,22316,22292,22316,24
walking,22340,22316,22340,24
sniffing,22341,22340,22341,1
climbing,22358,22341,22358,17
stepping,22422,22358,22422,64
left_turning,22451,22422,22451,29
sniffing,22484,22451,22484,33
rising,22541,22484,22541,57
running,22580,22541,22580,39
trotting,22615,22580,22615,35
left_turning,22623,22615,22623,8
sniffing,22689,22623,22689,66
rising,22717,22689,22717,28
rearing,22793,22717,22793,76
sniffing,22817,22793,22817,24
trotting,22825,22817,22825,8
sniffing,22842,22825,22842,17
walking,22843,22842,22843,1
jumping,22844,22843,22844,1
walking,22862,22844,22862,18
rising,22873,22862,22873,11
climbing,22885,22873,22885,12
rising,22942,22885,22942,57
sniffing,22943,22942,22943,1
walking,23016,22943,23016,73
climbing,23039,23016,23039,23
sniffing,23094,23039,23094,55
climbing,23143,23094,23143,49
walking,23158,23143,23158,15
sniffing,23293,23158,23293,135
trotting,23343,23293,23343,50
walking,23401,23343,23401,58
rising,23446,23401,23446,45
sniffing,23461,23446,23461,15
walking,23516,23461,23516,55
rearing,23517,23516,23517,1
sniffing,23568,23517,23568,51
climbing,23615,23568,23615,47
walking,23630,23615,23630,15
sniffing,23749,23630,23749,119
climbing,23759,23749,23759,10
rising,23785,23759,23785,26
trotting,23819,23785,23819,34
running,23860,23819,23860,41
sniffing,23872,23860,23872,12
hunching,23873,23872,23873,1
sniffing,23954,23873,23954,81
left_turning,23955,23954,23955,1
sniffing,23956,23955,23956,1
rising,24006,23956,24006,50
climbing,24038,24006,24038,32
rising,24060,24038,24060,22
climbing,24139,24060,24139,79
left_turning,24161,24139,24161,22
rising,24162,24161,24162,1
sniffing,24236,24162,24236,74
walking,24314,24236,24314,78
rising,24315,24314,24315,1
climbing,24350,24315,24350,35
rising,24401,24350,24401,51
sniffing,24474,24401,24474,73
rising,24492,24474,24492,18
sniffing,24633,24492,24633,141
hunching,24753,24633,24753,120
right_turning,24779,24753,24779,26
sniffing,24898,24779,24898,119
walking,24967,24898,24967,69
sniffing,24968,24967,24968,1
trotting,24996,24968,24996,28
running,25030,24996,25030,34
walking,25031,25030,25031,1
hunching,25131,25031,25131,100
rearing,25142,25131,25142,11
sniffing,25230,25142,25230,88
rising,25303,25230,25303,73
climbing,25437,25303,25437,134
rearing,25513,25437,25513,76
grooming,25634,25513,25634,121
hunching,25635,25634,25635,1
sniffing,25735,25635,25735,100
rearing,25736,25735,25736,1
sniffing,25839,25736,25839,103
left_turning,25862,25839,25862,23
sniffing,25982,25862,25982,120
stepping,26021,25982,26021,39
sniffing,26096,26021,26096,75
walking,26147,26096,26147,51
left_turning,26151,26147,26151,4
running,26168,26151,26168,17
climbing,26207,26168,26207,39
sniffing,26279,26207,26279,72
left_turning,26344,26279,26344,65
sniffing,26400,26344,26400,56
walking,26430,26400,26430,30
right_turning,26444,26430,26444,14
walking,26474,26444,26474,30
sniffing,26499,26474,26499,25
walking,26500,26499,26500,1
sniffing,26501,26500,26501,1
right_turning,26520,26501,26520,19
running,26540,26520,26540,20
left_turning,26569,26540,26569,29
rising,26620,26569,26620,51
climbing,26648,26620,26648,28
sniffing,26649,26648,26649,1
climbing,26680,26649,26680,31
sniffing,26733,26680,26733,53
left_turning,26745,26733,26745,12
walking,26769,26745,26769,24
climbing,26816,26769,26816,47
right_turning,26835,26816,26835,19
walking,26848,26835,26848,13
rising,26917,26848,26917,69
walking,26951,26917,26951,34
sniffing,26952,26951,26952,1
rising,26996,26952,26996,44
climbing,27045,26996,27045,49
sniffing,27078,27045,27078,33
rising,27447,27078,27447,369
stepping,27448,27447,27448,1
rising,27484,27448,27484,36
climbing,27557,27484,27557,73
sniffing,27602,27557,27602,45
walking,27711,27602,27711,109
sniffing,27724,27711,27724,13
rising,27774,27724,27774,50
right_turning,27799,27774,27799,25
walking,27878,27799,27878,79
climbing,27948,27878,27948,70
rearing,27949,27948,27949,1
rising,27950,27949,27950,1
sniffing,27999,27950,27999,49
left_turning,28037,27999,28037,38
rising,28052,28037,28052,15
climbing,28070,28052,28070,18
sniffing,28134,28070,28134,64
rearing,28254,28134,28254,120
climbing,28297,28254,28297,43
sniffing,28298,28297,28298,1
left_turning,28299,28298,28299,1
stepping,28329,28299,28329,30
walking,28351,28329,28351,22
right_turning,28364,28351,28364,13
sniffing,28457,28364,28457,93
walking,28499,28457,28499,42
hunching,28664,28499,28664,165
sniffing,28759,28664,28759,95
walking,28817,28759,28817,58
climbing,28829,28817,28829,12
trotting,28877,28829,28877,48
rising,28879,28877,28879,2
walking,28894,28879,28894,15
rising,28910,28894,28910,16
sniffing,28930,28910,28930,20
grooming,28967,28930,28967,37
sniffing,28968,28967,28968,1
stepping,28969,28968,28969,1
walking,29038,28969,29038,69
sniffing,29145,29038,29145,107
walking,29192,29145,29192,47
running,29216,29192,29216,24
walking,29255,29216,29255,39
trotting,29261,29255,29261,6
walking,29295,29261,29295,34
sniffing,29332,29295,29332,37
left_turning,29333,29332,29333,1
walking,29345,29333,29345,12
sniffing,29437,29345,29437,92
walking,29460,29437,29460,23
climbing,29504,29460,29504,44
walking,29544,29504,29544,40
sniffing,29584,29544,29584,40
stepping,29604,29584,29604,20
rising,29605,29604,29605,1
grooming,29606,29605,29606,1
walking,29654,29606,29654,48
sniffing,29692,29654,29692,38
climbing,29693,29692,29693,1
sniffing,29775,29693,29775,82
climbing,29826,29775,29826,51
sniffing,29948,29826,29948,122
left_turning,29993,29948,29993,45
sniffing,29994,29993,29994,1
left_turning,29995,29994,29995,1
rising,30064,29995,30064,69
rearing,30065,30064,30065,1
rising,30098,30065,30098,33
walking,30148,30098,30148,50
sniffing,30149,30148,30149,1
grooming,30161,30149,30161,12
walking,30162,30161,30162,1
sniffing,30198,30162,30198,36
walking,30210,30198,30210,12
sniffing,30211,30210,30211,1
walking,30222,30211,30222,11
climbing,30244,30222,30244,22
grooming,30390,30244,30390,146
right_turning,30414,30390,30414,24
walking,30495,30414,30495,81
left_turning,30498,30495,30498,3
sniffing,30588,30498,30588,90
grooming,30589,30588,30589,1
sniffing,30591,30589,30591,2
walking,30615,30591,30615,24
sniffing,30616,30615,30616,1
rearing,30664,30616,30664,48
rising,30670,30664,30670,6
climbing,30745,30670,30745,75
running,30748,30745,30748,3
sniffing,30805,30748,30805,57
climbing,30854,30805,30854,49
sniffing,30965,30854,30965,111
rising,31036,30965,31036,71
climbing,31077,31036,31077,41
left_turning,31127,31077,31127,50
sniffing,31136,31127,31136,9
left_turning,31137,31136,31137,1
trotting,31193,31137,31193,56
stepping,31205,31193,31205,12
walking,31250,31205,31250,45
sniffing,31274,31250,31274,24
rising,31308,31274,31308,34
jumping,31356,31308,31356,48
trotting,31382,31356,31382,26
sniffing,31438,31382,31438,56
trotting,31444,31438,31444,6
stepping,31445,31444,31445,1
climbing,31446,31445,31446,1
sniffing,31533,31446,31533,87
left_turning,31539,31533,31539,6
trotting,31546,31539,31546,7
walking,31592,31546,31592,46
rising,31643,31592,31643,51
sniffing,31688,31643,31688,45
climbing,31772,31688,31772,84
trotting,31798,31772,31798,26
sniffing,31808,31798,31808,10
walking,31824,31808,31824,16
sniffing,31835,31824,31835,11
trotting,31884,31835,31884,49
sniffing,32081,31884,32081,197
walking,32085,32081,32085,4
sniffing,32159,32085,32159,74
walking,32160,32159,32160,1
climbing,32231,32160,32231,71
rising,32295,32231,32295,64
climbing,32319,32295,32319,24
trotting,32320,32319,32320,1
sniffing,32406,32320,32406,86
right_turning,32436,32406,32436,30
walking,32528,32436,32528,92
sniffing,32529,32528,32529,1
rising,32565,32529,32565,36
right_turning,32575,32565,32575,10
sniffing,32598,32575,32598,23
rising,32634,32598,32634,36
climbing,32695,32634,32695,61
sniffing,32722,32695,32722,27
left_turning,32740,32722,32740,18
walking,32768,32740,32768,28
sniffing,32769,32768,32769,1
hunching,32844,32769,32844,75
climbing,32915,32844,32915,71
sniffing,33021,32915,33021,106
rising,33113,33021,33113,92
hunching,33154,33113,33154,41
climbing,33197,33154,33197,43
left_turning,33198,33197,33198,1
walking,33234,33198,33234,36
climbing,33287,33234,33287,53
walking,33298,33287,33298,11
left_turning,33334,33298,33334,36
rising,33393,33334,33393,59
climbing,33395,33393,33395,2
sniffing,33635,33395,33635,240
walking,33683,33635,33683,48
hunching,33693,33683,33693,10
sniffing,33706,33693,33706,13
walking,33795,33706,33795,89
sniffing,33796,33795,33796,1
right_turning,33801,33796,33801,5
rising,33804,33801,33804,3
rearing,33980,33804,33980,176
left_turning,33989,33980,33989,9
sniffing,34009,33989,34009,20
climbing,34036,34009,34036,27
walking,34048,34036,34048,12
sniffing,34168,34048,34168,120
walking,34183,34168,34183,15
sniffing,34267,34183,34267,84
walking,34310,34267,34310,43
hunching,34395,34310,34395,85
climbing,34407,34395,34407,12
rising,34470,34407,34470,63
sniffing,34539,34470,34539,69
climbing,34542,34539,34542,3
right_turning,34561,34542,34561,19
trotting,34599,34561,34599,38
rising,34600,34599,34600,1
hunching,34626,34600,34626,26
climbing,34636,34626,34636,10
rising,34689,34636,34689,53
rearing,34845,34689,34845,156
grooming,35009,34845,35009,164
left_turning,35019,35009,35019,10
walking,35020,35019,35020,1
left_turning,35047,35020,35047,27
sniffing,35145,35047,35145,98
climbing,35211,35145,35211,66
right_turning,35234,35211,35234,23
trotting,35236,35234,35236,2
climbing,35300,35236,35300,64
running,35320,35300,35320,20
rising,35391,35320,35391,71
climbing,35465,35391,35465,74
walking,35539,35465,35539,74
left_turning,35546,35539,35546,7
walking,35549,35546,35549,3
rearing,35550,35549,35550,1
grooming,35551,35550,35551,1
rising,35698,35551,35698,147
climbing,35791,35698,35791,93
rising,35830,35791,35830,39
right_turning,35852,35830,35852,22
walking,35912,35852,35912,60
running,35939,35912,35939,27
rising,35940,35939,35940,1
rearing,36092,35940,36092,152
grooming,36968,36092,36968,876
sniffing,37057,36968,37057,89
climbing,37094,37057,37094,37
hunching,37095,37094,37095,1
sniffing,37096,37095,37096,1
trotting,37107,37096,37107,11
sniffing,37166,37107,37166,59
walking,37211,37166,37211,45
sniffing,37212,37211,37212,1
left_turning,37230,37212,37230,18
trotting,37274,37230,37274,44
sniffing,37314,37274,37314,40
climbing,37352,37314,37352,38
rearing,37353,37352,37353,1
trotting,37367,37353,37367,14
rising,37374,37367,37374,7
running,37401,37374,37401,27
climbing,37498,37401,37498,97
walking,37545,37498,37545,47
sniffing,37575,37545,37575,30
walking,37594,37575,37594,19
sniffing,37601,37594,37601,7
rising,37622,37601,37622,21
climbing,37638,37622,37638,16
grooming,38008,37638,38008,370
sniffing,38047,38008,38047,39
left_turning,38071,38047,38071,24
running,38108,38071,38108,37
walking,38120,38108,38120,12
rising,38121,38120,38121,1
climbing,38122,38121,38122,1
walking,38160,38122,38160,38
climbing,38213,38160,38213,53
running,38235,38213,38235,22
sniffing,38236,38235,38236,1
trotting,38246,38236,38246,10
rising,38247,38246,38247,1
climbing,38292,38247,38292,45
rearing,38442,38292,38442,150
grooming,38759,38442,38759,317
left_turning,38760,38759,38760,1
sniffing,38806,38760,38806,46
hunching,38819,38806,38819,13
jumping,38825,38819,38825,6
rising,38872,38825,38872,47
right_turning,38902,38872,38902,30
left_turning,38934,38902,38934,32
sniffing,38960,38934,38960,26
climbing,38990,38960,38990,30
rising,39027,38990,39027,37
climbing,39064,39027,39064,37
rearing,39267,39064,39267,203
walking,39313,39267,39313,46
climbing,39328,39313,39328,15
rearing,39329,39328,39329,1
rising,39348,39329,39348,19
climbing,39418,39348,39418,70
hunching,39438,39418,39438,20
right_turning,39442,39438,39442,4
walking,39463,39442,39463,21
climbing,39479,39463,39479,16
sniffing,39480,39479,39480,1
right_turning,39485,39480,39485,5
stepping,39491,39485,39491,6
sniffing,39526,39491,39526,35
walking,39530,39526,39530,4
climbing,39567,39530,39567,37
walking,39601,39567,39601,34
sniffing,39643,39601,39643,42
walking,39656,39643,39656,13
climbing,39690,39656,39690,34
sniffing,39732,39690,39732,42
climbing,39773,39732,39773,41
walking,39784,39773,39784,11
sniffing,39801,39784,39801,17
climbing,39826,39801,39826,25
sniffing,39827,39826,39827,1
stepping,39867,39827,39867,40
sniffing,39938,39867,39938,71
walking,39968,39938,39968,30
trotting,39995,39968,39995,27
rising,40040,39995,40040,45
sniffing,40101,40040,40101,61
climbing,40143,40101,40143,42
running,40170,40143,40170,27
stepping,40231,40170,40231,61
walking,40270,40231,40270,39
rising,40271,40270,40271,1
running,40321,40271,40321,50
stepping,40334,40321,40334,13
sniffing,40411,40334,40411,77
climbing,40443,40411,40443,32
sniffing,40515,40443,40515,72
pausing,40666,40515,40666,151
sniffing,40685,40666,40685,19
climbing,40712,40685,40712,27
sniffing,40779,40712,40779,67
walking,40827,40779,40827,48
climbing,40844,40827,40844,17
rising,40860,40844,40860,16
climbing,40870,40860,40870,10
right_turning,40882,40870,40882,12
hunching,40905,40882,40905,23
stepping,40910,40905,40910,5
walking,40927,40910,40927,17
rising,40989,40927,40989,62
climbing,41016,40989,41016,27
left_turning,41017,41016,41017,1
walking,41028,41017,41028,11
climbing,41107,41028,41107,79
sniffing,41108,41107,41108,1
right_turning,41138,41108,41138,30
sniffing,41144,41138,41144,6
rising,41180,41144,41180,36
climbing,41206,41180,41206,26
sniffing,41221,41206,41221,15
climbing,41253,41221,41253,32
walking,41301,41253,41301,48
left_turning,41332,41301,41332,31
walking,41363,41332,41363,31
sniffing,41373,41363,41373,10
running,41395,41373,41395,22
sniffing,41466,41395,41466,71
trotting,41503,41466,41503,37
stepping,41540,41503,41540,37
sniffing,41548,41540,41548,8
left_turning,41549,41548,41549,1
sniffing,41596,41549,41596,47
rising,41597,41596,41597,1
sniffing,41619,41597,41619,22
rising,41690,41619,41690,71
rearing,41691,41690,41691,1
climbing,41760,41691,41760,69
walking,41776,41760,41776,16
trotting,41787,41776,41787,11
sniffing,41857,41787,41857,70
walking,41862,41857,41862,5
sniffing,41956,41862,41956,94
climbing,42049,41956,42049,93
grooming,42050,42049,42050,1
climbing,42051,42050,42051,1
right_turning,42079,42051,42079,28
walking,42100,42079,42100,21
rising,42140,42100,42140,40
left_turning,42142,42140,42142,2
trotting,42169,42142,42169,27
walking,42223,42169,42223,54
sniffing,42227,42223,42227,4
climbing,42282,42227,42282,55
walking,42287,42282,42287,5
climbing,42320,42287,42320,33
sniffing,42459,42320,42459,139
right_turning,42469,42459,42469,10
sniffing,42470,42469,42470,1
right_turning,42488,42470,42488,18
stepping,42534,42488,42534,46
climbing,42545,42534,42545,11
right_turning,42570,42545,42570,25
walking,42591,42570,42591,21
sniffing,42598,42591,42598,7
rising,42659,42598,42659,61
climbing,42738,42659,42738,79
hunching,42740,42738,42740,2
rising,42786,42740,42786,46
sniffing,42787,42786,42787,1
left_turning,42853,42787,42853,66
sniffing,42955,42853,42955,102
left_turning,42965,42955,42965,10
trotting,42997,42965,42997,32
walking,43057,42997,43057,60
sniffing,43105,43057,43105,48
left_turning,43157,43105,43157,52
walking,43204,43157,43204,47
trotting,43232,43204,43232,28
sniffing,43233,43232,43233,1
rising,43304,43233,43304,71
rearing,43359,43304,43359,55
rising,43420,43359,43420,61
climbing,43475,43420,43475,55
running,43481,43475,43481,6
walking,43522,43481,43522,41
sniffing,43541,43522,43541,19
trotting,43580,43541,43580,39
sniffing,43622,43580,43622,42
trotting,43668,43622,43668,46
sniffing,43714,43668,43714,46
walking,43727,43714,43727,13
stepping,43733,43727,43733,6
rising,43736,43733,43736,3
sniffing,43802,43736,43802,66
trotting,43842,43802,43842,40
left_turning,43920,43842,43920,78
sniffing,43957,43920,43957,37
left_turning,44007,43957,44007,50
sniffing,44008,44007,44008,1
left_turning,44009,44008,44009,1
walking,44032,44009,44032,23
rising,44033,44032,44033,1
climbing,44053,44033,44053,20
rising,44083,44053,44083,30
sniffing,44105,44083,44105,22
walking,44135,44105,44135,30
rising,44154,44135,44154,19
climbing,44217,44154,44217,63
trotting,44218,44217,44218,1
walking,44234,44218,44234,16
sniffing,44271,44234,44271,37
climbing,44304,44271,44304,33
sniffing,44378,44304,44378,74
walking,44404,44378,44404,26
sniffing,44405,44404,44405,1
right_turning,44447,44405,44447,42
stepping,44452,44447,44452,5
sniffing,44490,44452,44490,38
walking,44521,44490,44521,31
rising,44556,44521,44556,35
climbing,44557,44556,44557,1
rearing,44712,44557,44712,155
climbing,44776,44712,44776,64
walking,44804,44776,44804,28
rising,44828,44804,44828,24
walking,44843,44828,44843,15
climbing,44883,44843,44883,40
walking,44937,44883,44937,54
rising,44951,44937,44951,14
rearing,45114,44951,45114,163
left_turning,45115,45114,45115,1
trotting,45136,45115,45136,21
sniffing,45235,45136,45235,99
rearing,45320,45235,45320,85
climbing,45344,45320,45344,24
right_turning,45392,45344,45392,48
walking,45447,45392,45447,55
rising,45448,45447,45448,1
walking,45485,45448,45485,37
left_turning,45529,45485,45529,44
sniffing,45549,45529,45549,20
walking,45648,45549,45648,99
sniffing,45681,45648,45681,33
right_turning,45698,45681,45698,17
rising,45762,45698,45762,64
climbing,45824,45762,45824,62
right_turning,45870,45824,45870,46
climbing,45915,45870,45915,45
rising,45916,45915,45916,1
grooming,46086,45916,46086,170
rearing,46128,46086,46128,42
rising,46129,46128,46129,1
walking,46194,46129,46194,65
left_turning,46208,46194,46208,14
sniffing,46248,46208,46248,40
right_turning,46288,46248,46288,40
sniffing,46289,46288,46289,1
rearing,46354,46289,46354,65
sniffing,46378,46354,46378,24
stepping,46379,46378,46379,1
left_turning,46427,46379,46427,48
trotting,46439,46427,46439,12
sniffing,46463,46439,46463,24
stepping,46480,46463,46480,17
walking,46496,46480,46496,16
left_turning,46497,46496,46497,1
trotting,46512,46497,46512,15
sniffing,46519,46512,46519,7
left_turning,46565,46519,46565,46
stepping,46580,46565,46580,15
trotting,46603,46580,46603,23
sniffing,46632,46603,46632,29
stepping,46642,46632,46642,10
rising,46693,46642,46693,51
climbing,46694,46693,46694,1
rearing,46695,46694,46695,1
sniffing,46715,46695,46715,20
left_turning,46742,46715,46742,27
running,46777,46742,46777,35
sniffing,46809,46777,46809,32
walking,46815,46809,46815,6
climbing,46852,46815,46852,37
left_turning,46853,46852,46853,1
sniffing,46938,46853,46938,85
climbing,47073,46938,47073,135
sniffing,47195,47073,47195,122
left_turning,47227,47195,47227,32
walking,47271,47227,47271,44
sniffing,47272,47271,47272,1
rising,47284,47272,47284,12
climbing,47293,47284,47293,9
rising,47416,47293,47416,123
climbing,47437,47416,47437,21
walking,47499,47437,47499,62
rising,47568,47499,47568,69
sniffing,47591,47568,47591,23
grooming,47592,47591,47592,1
sniffing,47615,47592,47615,23
left_turning,47652,47615,47652,37
trotting,47660,47652,47660,8
rising,47729,47660,47729,69
rearing,47760,47729,47760,31
sniffing,47761,47760,47761,1
walking,47778,47761,47778,17
trotting,47789,47778,47789,11
left_turning,47878,47789,47878,89
sniffing,47954,47878,47954,76
grooming,48041,47954,48041,87
rearing,48122,48041,48122,81
left_turning,48147,48122,48147,25
hunching,48177,48147,48177,30
sniffing,48209,48177,48209,32
stepping,48222,48209,48222,13
sniffing,48223,48222,48223,1
rising,48249,48223,48249,26
sniffing,48267,48249,48267,18
pausing,48489,48267,48489,222
sniffing,48490,48489,48490,1
walking,48491,48490,48491,1
climbing,48525,48491,48525,34
walking,48587,48525,48587,62
sniffing,48652,48587,48652,65
left_turning,48717,48652,48717,65
rising,48748,48717,48748,31
climbing,48771,48748,48771,23
walking,48851,48771,48851,80
hunching,48852,48851,48852,1
grooming,48870,48852,48870,18
rearing,48871,48870,48871,1
sniffing,48973,48871,48973,102
running,49015,48973,49015,42
sniffing,49058,49015,49058,43
grooming,49538,49058,49538,480
sniffing,49539,49538,49539,1
walking,49578,49539,49578,39
running,49579,49578,49579,1
sniffing,49621,49579,49621,42
rising,49674,49621,49674,53
left_turning,49675,49674,49675,1
sniffing,49714,49675,49714,39
trotting,49745,49714,49745,31
walking,49746,49745,49746,1
stepping,49769,49746,49769,23
climbing,49789,49769,49789,20
rearing,49790,49789,49790,1
grooming,50065,49790,50065,275
rearing,50106,50065,50106,41
rising,50175,50106,50175,69
sniffing,50176,50175,50176,1
left_turning,50477,50176,50477,301
rising,50519,50477,50519,42
left_turning,50533,50519,50533,14
running,50557,50533,50557,24
stepping,50599,50557,50599,42
rising,50600,50599,50600,1
sniffing,50668,50600,50668,68
walking,50680,50668,50680,12
rearing,50684,50680,50684,4
sniffing,50783,50684,50783,99
walking,50790,50783,50790,7
left_turning,50825,50790,50825,35
sniffing,50925,50825,50925,100
walking,50929,50925,50929,4
left_turning,50930,50929,50930,1
walking,50961,50930,50961,31
sniffing,51028,50961,51028,67
left_turning,51029,51028,51029,1
sniffing,51030,51029,51030,1
left_turning,51058,51030,51058,28
walking,51080,51058,51080,22
left_turning,51087,51080,51087,7
sniffing,51118,51087,51118,31
walking,51137,51118,51137,19
left_turning,51139,51137,51139,2
sniffing,51140,51139,51140,1
walking,51173,51140,51173,33
stepping,51184,51173,51184,11
climbing,51194,51184,51194,10
trotting,51225,51194,51225,31
walking,51260,51225,51260,35
left_turning,51343,51260,51343,83
sniffing,51474,51343,51474,131
pausing,51770,51474,51770,296
sniffing,51787,51770,51787,17
left_turning,51841,51787,51841,54
walking,51869,51841,51869,28
sniffing,51902,51869,51902,33
climbing,51950,51902,51950,48
trotting,51964,51950,51964,14
walking,52005,51964,52005,41
sniffing,52063,52005,52063,58
rearing,52064,52063,52064,1
grooming,52166,52064,52166,102
walking,52214,52166,52214,48
climbing,52247,52214,52247,33
sniffing,52262,52247,52262,15
walking,52282,52262,52282,20
sniffing,52343,52282,52343,61
rising,52392,52343,52392,49
sniffing,52427,52392,52427,35
walking,52453,52427,52453,26
rearing,52628,52453,52628,175
rising,52936,52628,52936,308
climbing,53012,52936,53012,76
rearing,53035,53012,53035,23
sniffing,53036,53035,53036,1
left_turning,53042,53036,53042,6
walking,53072,53042,53072,30
stepping,53087,53072,53087,15
sniffing,53113,53087,53113,26
rearing,53154,53113,53154,41
grooming,53369,53154,53369,215
rearing,53370,53369,53370,1
climbing,53417,53370,53417,47
left_turning,53418,53417,53418,1
sniffing,53485,53418,53485,67
rearing,53559,53485,53559,74
walking,53576,53559,53576,17
climbing,53623,53576,53623,47
rising,53624,53623,53624,1
climbing,53645,53624,53645,21
sniffing,53702,53645,53702,57
climbing,53703,53702,53703,1
rising,53744,53703,53744,41
climbing,53795,53744,53795,51
walking,53802,53795,53802,7
trotting,53804,53802,53804,2
walking,53827,53804,53827,23
rearing,53857,53827,53857,30
sniffing,53858,53857,53858,1
right_turning,53899,53858,53899,41
walking,53915,53899,53915,16
stepping,53962,53915,53962,47
walking,53996,53962,53996,34
sniffing,54011,53996,54011,15
walking,54044,54011,54044,33
climbing,54045,54044,54045,1
rearing,54046,54045,54046,1
grooming,54047,54046,54047,1
trotting,54085,54047,54085,38
sniffing,54122,54085,54122,37
rising,54123,54122,54123,1
climbing,54195,54123,54195,72
running,54218,54195,54218,23
sniffing,54284,54218,54284,66
walking,54329,54284,54329,45
right_turning,54330,54329,54330,1
sniffing,54331,54330,54331,1
rising,54432,54331,54432,101
jumping,54503,54432,54503,71
rising,54554,54503,54554,51
rearing,54631,54554,54631,77
left_turning,54684,54631,54684,53
walking,54791,54684,54791,107
sniffing,54811,54791,54811,20
left_turning,54838,54811,54838,27
sniffing,54912,54838,54912,74
climbing,54935,54912,54935,23
rearing,54984,54935,54984,49
left_turning,55037,54984,55037,53
running,55066,55037,55066,29
trotting,55115,55066,55115,49
rising,55194,55115,55194,79
climbing,55208,55194,55208,14
rearing,55209,55208,55209,1
left_turning,55258,55209,55258,49
sniffing,55345,55258,55345,87
grooming,55346,55345,55346,1
left_turning,55347,55346,55347,1
walking,55348,55347,55348,1
left_turning,55349,55348,55349,1
sniffing,55398,55349,55398,49
right_turning,55419,55398,55419,21
trotting,55441,55419,55441,22
sniffing,55520,55441,55520,79
rising,55589,55520,55589,69
sniffing,55644,55589,55644,55
rising,55645,55644,55645,1
climbing,55664,55645,55664,19
rearing,55709,55664,55709,45
hunching,55798,55709,55798,89
right_turning,55838,55798,55838,40
hunching,55869,55838,55869,31
sniffing,55878,55869,55878,9
climbing,55922,55878,55922,44
left_turning,55930,55922,55930,8
sniffing,56052,55930,56052,122
rising,56076,56052,56076,24
trotting,56114,56076,56114,38
rising,56333,56114,56333,219
climbing,56375,56333,56375,42
sniffing,56409,56375,56409,34
walking,56410,56409,56410,1
sniffing,56487,56410,56487,77
left_turning,56522,56487,56522,35
walking,56557,56522,56557,35
sniffing,56635,56557,56635,78
hunching,56743,56635,56743,108
climbing,56813,56743,56813,70
grooming,56814,56813,56814,1
climbing,56827,56814,56827,13
sniffing,56875,56827,56875,48
pausing,56876,56875,56876,1
sniffing,56976,56876,56976,100
trotting,57014,56976,57014,38
rising,57028,57014,57028,14
sniffing,57093,57028,57093,65
trotting,57149,57093,57149,56
sniffing,57153,57149,57153,4
rising,57234,57153,57234,81
climbing,57319,57234,57319,85
sniffing,57375,57319,57375,56
left_turning,57376,57375,57376,1
sniffing,57387,57376,57387,11
climbing,57452,57387,57452,65
trotting,57463,57452,57463,11
sniffing,57464,57463,57464,1
walking,57491,57464,57491,27
climbing,57528,57491,57528,37
sniffing,57529,57528,57529,1
rising,57547,57529,57547,18
hunching,57597,57547,57597,50
rearing,57656,57597,57656,59
hunching,57657,57656,57657,1
right_turning,57658,57657,57658,1
climbing,57746,57658,57746,88
rising,57812,57746,57812,66
jumping,57813,57812,57813,1
right_turning,57822,57813,57822,9
walking,57843,57822,57843,21
sniffing,57844,57843,57844,1
pausing,57845,57844,57845,1
sniffing,57847,57845,57847,2
walking,57877,57847,57877,30
sniffing,57956,57877,57956,79
walking,58020,57956,58020,64
rising,58031,58020,58031,11
sniffing,58032,58031,58032,1
climbing,58055,58032,58055,23
hunching,58126,58055,58126,71
sniffing,58137,58126,58137,11
walking,58138,58137,58138,1
climbing,58186,58138,58186,48
sniffing,58187,58186,58187,1
grooming,58263,58187,58263,76
rising,58264,58263,58264,1
climbing,58279,58264,58279,15
rising,58280,58279,58280,1
hunching,58281,58280,58281,1
climbing,58312,58281,58312,31
sniffing,58342,58312,58342,30
rising,58354,58342,58354,12
left_turning,58364,58354,58364,10
walking,58365,58364,58365,1
stepping,58392,58365,58392,27
walking,58408,58392,58408,16
sniffing,58438,58408,58438,30
walking,58439,58438,58439,1
sniffing,58495,58439,58495,56
climbing,58560,58495,58560,65
rearing,58653,58560,58653,93
sniffing,58654,58653,58654,1
hunching,58655,58654,58655,1
right_turning,58656,58655,58656,1
sniffing,58763,58656,58763,107
climbing,58817,58763,58817,54
rising,58848,58817,58848,31
walking,58879,58848,58879,31
stepping,58913,58879,58913,34
sniffing,59042,58913,59042,129
left_turning,59118,59042,59118,76
trotting,59145,59118,59145,27
rearing,59188,59145,59188,43
walking,59230,59188,59230,42
climbing,59275,59230,59275,45
trotting,59296,59275,59296,21
walking,59297,59296,59297,1
sniffing,59298,59297,59298,1
rising,59331,59298,59331,33
rearing,59407,59331,59407,76
sniffing,59435,59407,59435,28
trotting,59462,59435,59462,27
grooming,59666,59462,59666,204
rearing,59679,59666,59679,13
hunching,59721,59679,59721,42
sniffing,59722,59721,59722,1
right_turning,59729,59722,59729,7
walking,59733,59729,59733,4
climbing,59754,59733,59754,21
grooming,59755,59754,59755,1
hunching,59895,59755,59895,140
right_turning,59925,59895,59925,30
trotting,59941,59925,59941,16
sniffing,60031,59941,60031,90
rising,60091,60031,60091,60
rearing,60118,60091,60118,27
grooming,60516,60118,60516,398
rearing,60517,60516,60517,1
rising,60613,60517,60613,96
climbing,60634,60613,60634,21
sniffing,60662,60634,60662,28
hunching,60663,60662,60663,1
grooming,60664,60663,60664,1
rearing,60707,60664,60707,43
sniffing,60708,60707,60708,1
climbing,60753,60708,60753,45
trotting,60785,60753,60785,32
sniffing,60786,60785,60786,1
running,60826,60786,60826,40
rearing,60860,60826,60860,34
climbing,60912,60860,60912,52
right_turning,60937,60912,60937,25
stepping,60966,60937,60966,29
rising,60971,60966,60971,5
climbing,61002,60971,61002,31
walking,61022,61002,61022,20
sniffing,61092,61022,61092,70
rising,61093,61092,61093,1
climbing,61170,61093,61170,77
walking,61209,61170,61209,39
left_turning,61292,61209,61292,83
trotting,61335,61292,61335,43
running,61356,61335,61356,21
walking,61373,61356,61373,17
rising,61403,61373,61403,30
rearing,61479,61403,61479,76
rising,61480,61479,61480,1
climbing,61554,61480,61554,74
walking,61596,61554,61596,42
sniffing,61597,61596,61597,1
rising,61642,61597,61642,45
sniffing,61693,61642,61693,51
rising,61694,61693,61694,1
climbing,61755,61694,61755,61
walking,61756,61755,61756,1
rising,61757,61756,61757,1
sniffing,61782,61757,61782,25
left_turning,61814,61782,61814,32
walking,61829,61814,61829,15
sniffing,61875,61829,61875,46
left_turning,61876,61875,61876,1
sniffing,62063,61876,62063,187
climbing,62216,62063,62216,153
sniffing,62218,62216,62218,2
left_turning,62244,62218,62244,26
running,62266,62244,62266,22
sniffing,62297,62266,62297,31
left_turning,62348,62297,62348,51
sniffing,62377,62348,62377,29
walking,62378,62377,62378,1
sniffing,62477,62378,62477,99
climbing,62493,62477,62493,16
grooming,62697,62493,62697,204
right_turning,62726,62697,62726,29
left_turning,62736,62726,62736,10
sniffing,62856,62736,62856,120
walking,62891,62856,62891,35
climbing,62953,62891,62953,62
rising,62980,62953,62980,27
walking,62995,62980,62995,15
rearing,63047,62995,63047,52
rising,63111,63047,63111,64
rearing,63174,63111,63174,63
climbing,63247,63174,63247,73
rearing,63248,63247,63248,1
climbing,63305,63248,63305,57
trotting,63325,63305,63325,20
sniffing,63367,63325,63367,42
left_turning,63402,63367,63402,35
sniffing,63420,63402,63420,18
rearing,63463,63420,63463,43
grooming,63836,63463,63836,373
rearing,63870,63836,63870,34
rising,63928,63870,63928,58
sniffing,63966,63928,63966,38
left_turning,63967,63966,63967,1
sniffing,63995,63967,63995,28
walking,64027,63995,64027,32
rising,64059,64027,64059,32
climbing,64109,64059,64109,50
trotting,64137,64109,64137,28
rising,64192,64137,64192,55
sniffing,64258,64192,64258,66
trotting,64299,64258,64299,41
left_turning,64319,64299,64319,20
walking,64350,64319,64350,31
rising,64351,64350,64351,1
walking,64352,64351,64352,1
sniffing,64353,64352,64353,1
stepping,64365,64353,64365,12
sniffing,64468,64365,64468,103
left_turning,64499,64468,64499,31
trotting,64546,64499,64546,47
stepping,64559,64546,64559,13
rising,64636,64559,64636,77
hunching,64754,64636,64754,118
rising,64781,64754,64781,27
climbing,64782,64781,64782,1
sniffing,64783,64782,64783,1
climbing,64799,64783,64799,16
walking,64810,64799,64810,11
rising,64811,64810,64811,1
trotting,64825,64811,64825,14
climbing,64848,64825,64848,23
right_turning,64875,64848,64875,27
walking,64895,64875,64895,20
sniffing,64896,64895,64896,1
left_turning,64911,64896,64911,15
running,64922,64911,64922,11
walking,64942,64922,64942,20
trotting,64986,64942,64986,44
rising,64987,64986,64987,1
hunching,65081,64987,65081,94
grooming,65082,65081,65082,1
climbing,65139,65082,65139,57
right_turning,65144,65139,65144,5
walking,65145,65144,65145,1
sniffing,65211,65145,65211,66
climbing,65276,65211,65276,65
walking,65299,65276,65299,23
sniffing,65331,65299,65331,32
grooming,65483,65331,65483,152
rearing,65820,65483,65820,337
grooming,65920,65820,65920,100
sniffing,65994,65920,65994,74
hunching,66080,65994,66080,86
rising,66095,66080,66095,15
sniffing,66148,66095,66148,53
rising,66196,66148,66196,48
sniffing,66209,66196,66209,13
rising,66264,66209,66264,55
sniffing,66344,66264,66344,80
trotting,66367,66344,66367,23
sniffing,66451,66367,66451,84
climbing,66488,66451,66488,37
hunching,66647,66488,66647,159
climbing,66675,66647,66675,28
sniffing,66676,66675,66676,1
grooming,66856,66676,66856,180
left_turning,66922,66856,66922,66
walking,66963,66922,66963,41
stepping,67010,66963,67010,47
sniffing,67169,67010,67169,159
rising,67191,67169,67191,22
stepping,67204,67191,67204,13
sniffing,67243,67204,67243,39
hunching,67281,67243,67281,38
sniffing,67317,67281,67317,36
climbing,67344,67317,67344,27
hunching,67439,67344,67439,95
climbing,67504,67439,67504,65
grooming,67505,67504,67505,1
rising,67564,67505,67564,59
climbing,67633,67564,67633,69
trotting,67647,67633,67647,14
left_turning,67715,67647,67715,68
sniffing,67759,67715,67759,44
right_turning,67785,67759,67785,26
stepping,67810,67785,67810,25
sniffing,67872,67810,67872,62
walking,67914,67872,67914,42
sniffing,67915,67914,67915,1
walking,67923,67915,67923,8
trotting,67939,67923,67939,16
sniffing,68049,67939,68049,110
right_turning,68053,68049,68053,4
walking,68072,68053,68072,19
rising,68120,68072,68120,48
sniffing,68194,68120,68194,74
rising,68244,68194,68244,50
hunching,68245,68244,68245,1
stepping,68255,68245,68255,10
rising,68258,68255,68258,3
rearing,68259,68258,68259,1
hunching,68390,68259,68390,131
grooming,68446,68390,68446,56
left_turning,68457,68446,68457,11
sniffing,68458,68457,68458,1
grooming,68459,68458,68459,1
rearing,68575,68459,68575,116
climbing,68584,68575,68584,9
rising,68607,68584,68607,23
sniffing,68608,68607,68608,1
rearing,68630,68608,68630,22
hunching,68665,68630,68665,35
rising,68767,68665,68767,102
rearing,68773,68767,68773,6
sniffing,68774,68773,68774,1
rearing,68878,68774,68878,104
climbing,68909,68878,68909,31
walking,68954,68909,68954,45
sniffing,68971,68954,68971,17
grooming,68972,68971,68972,1
sniffing,69058,68972,69058,86
walking,69102,69058,69102,44
sniffing,69156,69102,69156,54
left_turning,69210,69156,69210,54
sniffing,69350,69210,69350,140
trotting,69351,69350,69351,1
rising,69442,69351,69442,91
climbing,69547,69442,69547,105
rearing,69548,69547,69548,1
rising,69559,69548,69559,11
climbing,69579,69559,69579,20
walking,69590,69579,69590,11
left_turning,69607,69590,69607,17
trotting,69619,69607,69619,12
grooming,70253,69619,70253,634
running,70274,70253,70274,21
sniffing,70275,70274,70275,1
right_turning,70305,70275,70305,30
sniffing,70438,70305,70438,133
grooming,70826,70438,70826,388
rearing,70978,70826,70978,152
sniffing,71047,70978,71047,69
walking,71061,71047,71061,14
climbing,71126,71061,71126,65
rearing,71212,71126,71212,86
stepping,71217,71212,71217,5
climbing,71260,71217,71260,43
right_turning,71315,71260,71315,55
sniffing,71316,71315,71316,1
climbing,71362,71316,71362,46
trotting,71446,71362,71446,84
rising,71468,71446,71468,22
sniffing,71551,71468,71551,83
left_turning,71601,71551,71601,50
trotting,71636,71601,71636,35
walking,71679,71636,71679,43
grooming,71818,71679,71818,139
sniffing,71874,71818,71874,56
rising,71925,71874,71925,51
climbing,71953,71925,71953,28
running,71968,71953,71968,15
sniffing,71981,71968,71981,13
walking,71991,71981,71991,10
sniffing,72019,71991,72019,28
walking,72076,72019,72076,57
sniffing,72079,72076,72079,3
right_turning,72108,72079,72108,29
running,72133,72108,72133,25
stepping,72190,72133,72190,57
sniffing,72229,72190,72229,39
left_turning,72309,72229,72309,80
right_turning,72310,72309,72310,1
sniffing,72312,72310,72312,2
left_turning,72343,72312,72343,31
sniffing,72358,72343,72358,15
left_turning,72393,72358,72393,35
sniffing,72486,72393,72486,93
left_turning,72512,72486,72512,26
walking,72542,72512,72542,30
right_turning,72568,72542,72568,26
sniffing,72590,72568,72590,22
stepping,72624,72590,72624,34
sniffing,72673,72624,72673,49
left_turning,72689,72673,72689,16
rising,72690,72689,72690,1
climbing,72743,72690,72743,53
rising,72744,72743,72744,1
climbing,72752,72744,72752,8
rising,72767,72752,72767,15
running,72775,72767,72775,8
walking,72776,72775,72776,1
climbing,72846,72776,72846,70
rearing,72855,72846,72855,9
rising,72878,72855,72878,23
sniffing,72879,72878,72879,1
rising,72911,72879,72911,32
climbing,72980,72911,72980,69
rising,73021,72980,73021,41
climbing,73049,73021,73049,28
rearing,73127,73049,73127,78
left_turning,73155,73127,73155,28
sniffing,73323,73155,73323,168
rising,73353,73323,73353,30
walking,73358,73353,73358,5
sniffing,73459,73358,73459,101
right_turning,73479,73459,73479,20
running,73501,73479,73501,22
sniffing,73513,73501,73513,12
walking,73528,73513,73528,15
sniffing,73605,73528,73605,77
left_turning,73651,73605,73651,46
walking,73706,73651,73706,55
rising,73716,73706,73716,10
climbing,73737,73716,73737,21
rising,73738,73737,73738,1
sniffing,73780,73738,73780,42
climbing,73836,73780,73836,56
rising,73876,73836,73876,40
walking,73905,73876,73905,29
rearing,73911,73905,73911,6
sniffing,73912,73911,73912,1
rearing,73921,73912,73921,9
sniffing,73998,73921,73998,77
climbing,74062,73998,74062,64
rearing,74111,74062,74111,49
walking,74114,74111,74114,3
stepping,74123,74114,74123,9
left_turning,74124,74123,74124,1
sniffing,74154,74124,74154,30
left_turning,74155,74154,74155,1
running,74171,74155,74171,16
rising,74192,74171,74192,21
climbing,74261,74192,74261,69
running,74297,74261,74297,36
sniffing,74298,74297,74298,1
right_turning,74299,74298,74299,1
walking,74300,74299,74300,1
left_turning,74305,74300,74305,5
sniffing,74306,74305,74306,1
walking,74314,74306,74314,8
sniffing,74369,74314,74369,55
rising,74423,74369,74423,54
climbing,74476,74423,74476,53
sniffing,74497,74476,74497,21
stepping,74542,74497,74542,45
sniffing,74575,74542,74575,33
walking,74596,74575,74596,21
trotting,74628,74596,74628,32
sniffing,74701,74628,74701,73
left_turning,74720,74701,74720,19
sniffing,74721,74720,74721,1
rising,74759,74721,74759,38
sniffing,74832,74759,74832,73
rising,74911,74832,74911,79
hunching,74935,74911,74935,24
sniffing,74940,74935,74940,5
left_turning,74952,74940,74952,12
walking,74989,74952,74989,37
sniffing,74990,74989,74990,1
rising,74991,74990,74991,1
right_turning,74993,74991,74993,2
sniffing,75032,74993,75032,39
left_turning,75095,75032,75095,63
walking,75103,75095,75103,8
sniffing,75193,75103,75193,90
rising,75217,75193,75217,24
climbing,75228,75217,75228,11
rearing,75245,75228,75245,17
climbing,75289,75245,75289,44
rearing,75290,75289,75290,1
grooming,75291,75290,75291,1
rearing,75357,75291,75357,66
climbing,75398,75357,75398,41
walking,75440,75398,75440,42
sniffing,75531,75440,75531,91
walking,75559,75531,75559,28
left_turning,75575,75559,75575,16
trotting,75576,75575,75576,1
climbing,75644,75576,75644,68
trotting,75677,75644,75677,33
walking,75725,75677,75725,48
stepping,75735,75725,75735,10
walking,75765,75735,75765,30
sniffing,75766,75765,75766,1
left_turning,75798,75766,75798,32
sniffing,75849,75798,75849,51
climbing,75871,75849,75871,22
rising,75890,75871,75890,19
climbing,75928,75890,75928,38
rising,75929,75928,75929,1
walking,75981,75929,75981,52
climbing,76073,75981,76073,92
rising,76096,76073,76096,23
climbing,76114,76096,76114,18
trotting,76119,76114,76119,5
sniffing,76124,76119,76124,5
stepping,76156,76124,76156,32
rising,76202,76156,76202,46
climbing,76203,76202,76203,1
sniffing,76204,76203,76204,1
rising,76205,76204,76205,1
sniffing,76206,76205,76206,1
hunching,76366,76206,76366,160
sniffing,76379,76366,76379,13
hunching,76495,76379,76495,116
right_turning,76507,76495,76507,12
running,76523,76507,76523,16
walking,76528,76523,76528,5
stepping,76535,76528,76535,7
climbing,76611,76535,76611,76
right_turning,76616,76611,76616,5
sniffing,76653,76616,76653,37
climbing,76669,76653,76669,16
walking,76670,76669,76670,1
stepping,76677,76670,76677,7
sniffing,76747,76677,76747,70
left_turning,76832,76747,76832,85
walking,76844,76832,76844,12
climbing,76879,76844,76879,35
walking,76903,76879,76903,24
sniffing,76953,76903,76953,50
right_turning,76972,76953,76972,19
walking,76973,76972,76973,1
rising,77004,76973,77004,31
sniffing,77005,77004,77005,1
grooming,77027,77005,77027,22
right_turning,77053,77027,77053,26
sniffing,77110,77053,77110,57
walking,77149,77110,77149,39
rearing,77231,77149,77231,82
left_turning,77295,77231,77295,64
sniffing,77358,77295,77358,63
walking,77429,77358,77429,71
left_turning,77456,77429,77456,27
sniffing,77600,77456,77600,144
climbing,77649,77600,77649,49
left_turning,77700,77649,77700,51
sniffing,77708,77700,77708,8
hunching,77734,77708,77734,26
walking,77753,77734,77753,19
sniffing,77764,77753,77764,11
hunching,77798,77764,77798,34
walking,77799,77798,77799,1
left_turning,77823,77799,77823,24
sniffing,77877,77823,77877,54
stepping,77921,77877,77921,44
walking,77952,77921,77952,31
right_turning,77979,77952,77979,27
trotting,77984,77979,77984,5
sniffing,78106,77984,78106,122
hunching,78215,78106,78215,109
climbing,78247,78215,78247,32
rearing,78299,78247,78299,52
rising,78300,78299,78300,1
climbing,78344,78300,78344,44
hunching,78465,78344,78465,121
rising,78481,78465,78481,16
climbing,78512,78481,78512,31
left_turning,78513,78512,78513,1
sniffing,78624,78513,78624,111
right_turning,78632,78624,78632,8
walking,78657,78632,78657,25
right_turning,78692,78657,78692,35
walking,78694,78692,78694,2
rising,78739,78694,78739,45
rearing,78740,78739,78740,1
left_turning,78741,78740,78741,1
rising,78760,78741,78760,19
sniffing,78850,78760,78850,90
rising,78902,78850,78902,52
climbing,78907,78902,78907,5
right_turning,78939,78907,78939,32
sniffing,79028,78939,79028,89
trotting,79038,79028,79038,10
rising,79061,79038,79061,23
climbing,79101,79061,79101,40
sniffing,79112,79101,79112,11
stepping,79138,79112,79138,26
sniffing,79160,79138,79160,22
climbing,79235,79160,79235,75
rearing,79236,79235,79236,1
grooming,79548,79236,79548,312
sniffing,79550,79548,79550,2
right_turning,79585,79550,79585,35
rising,79599,79585,79599,14
rearing,79600,79599,79600,1
left_turning,79601,79600,79601,1
sniffing,79602,79601,79602,1
rising,79614,79602,79614,12
climbing,79664,79614,79664,50
rearing,79704,79664,79704,40
sniffing,79718,79704,79718,14
climbing,79786,79718,79786,68
right_turning,79792,79786,79792,6
sniffing,79823,79792,79823,31
walking,79867,79823,79867,44
sniffing,79940,79867,79940,73
left_turning,79970,79940,79970,30
walking,79999,79970,79999,29
right_turning,80012,79999,80012,13
running,80036,80012,80036,24
walking,80108,80036,80108,72
left_turning,80156,80108,80156,48
running,80176,80156,80176,20
sniffing,80191,80176,80191,15
rising,80206,80191,80206,15
walking,80222,80206,80222,16
sniffing,80258,80222,80258,36
hunching,80389,80258,80389,131
grooming,80614,80389,80614,225
sniffing,80638,80614,80638,24
climbing,80646,80638,80646,8
rearing,80712,80646,80712,66
sniffing,80745,80712,80745,33
left_turning,80764,80745,80764,19
sniffing,80834,80764,80834,70
right_turning,80861,80834,80861,27
walking,80862,80861,80862,1
left_turning,80869,80862,80869,7
right_turning,80870,80869,80870,1
trotting,80910,80870,80910,40
walking,80933,80910,80933,23
sniffing,81040,80933,81040,107
rising,81059,81040,81059,19
hunching,81148,81059,81148,89
sniffing,81149,81148,81149,1
rearing,81193,81149,81193,44
rising,81227,81193,81227,34
sniffing,81297,81227,81297,70
walking,81314,81297,81314,17
sniffing,81326,81314,81326,12
walking,81327,81326,81327,1
right_turning,81360,81327,81360,33
left_turning,81361,81360,81361,1
sniffing,81368,81361,81368,7
rising,81413,81368,81413,45
climbing,81418,81413,81418,5
grooming,81419,81418,81419,1
rising,81441,81419,81441,22
sniffing,81781,81441,81781,340
climbing,81835,81781,81835,54
left_turning,81836,81835,81836,1
walking,81841,81836,81841,5
rising,81850,81841,81850,9
rearing,81876,81850,81876,26
sniffing,81985,81876,81985,109
pausing,82630,81985,82630,645
sniffing,82631,82630,82631,1
right_turning,82632,82631,82632,1
sniffing,82691,82632,82691,59
left_turning,82714,82691,82714,23
sniffing,82725,82714,82725,11
rising,82752,82725,82752,27
sniffing,82787,82752,82787,35
climbing,82824,82787,82824,37
walking,82918,82824,82918,94
stepping,82935,82918,82935,17
walking,82976,82935,82976,41
rising,83013,82976,83013,37
climbing,83014,83013,83014,1
sniffing,83051,83014,83051,37
trotting,83076,83051,83076,25
sniffing,83105,83076,83105,29
hunching,83166,83105,83166,61
climbing,83239,83166,83239,73
right_turning,83250,83239,83250,11
walking,83281,83250,83281,31
sniffing,83300,83281,83300,19
rising,83339,83300,83339,39
left_turning,83347,83339,83347,8
walking,83384,83347,83384,37
sniffing,83385,83384,83385,1
rearing,83386,83385,83386,1
left_turning,83480,83386,83480,94
trotting,83513,83480,83513,33
stepping,83541,83513,83541,28
sniffing,83645,83541,83645,104
climbing,83715,83645,83715,70
running,83750,83715,83750,35
rising,83758,83750,83758,8
walking,83794,83758,83794,36
climbing,83837,83794,83837,43
sniffing,83871,83837,83871,34
right_turning,83896,83871,83896,25
rising,83899,83896,83899,3
climbing,83943,83899,83943,44
rising,83958,83943,83958,15
left_turning,83989,83958,83989,31
walking,84004,83989,84004,15
climbing,84018,84004,84018,14
rearing,84047,84018,84047,29
grooming,84048,84047,84048,1
sniffing,84049,84048,84049,1
walking,84100,84049,84100,51
sniffing,84101,84100,84101,1
rising,84102,84101,84102,1
left_turning,84122,84102,84122,20
sniffing,84173,84122,84173,51
right_turning,84174,84173,84174,1
trotting,84182,84174,84182,8
sniffing,84198,84182,84198,16
climbing,84259,84198,84259,61
rising,84323,84259,84323,64
climbing,84356,84323,84356,33
rearing,84375,84356,84375,19
rising,84376,84375,84376,1
climbing,84430,84376,84430,54
rearing,84431,84430,84431,1
rising,84440,84431,84440,9
sniffing,84441,84440,84441,1
right_turning,84445,84441,84445,4
walking,84490,84445,84490,45
sniffing,84495,84490,84495,5
right_turning,84496,84495,84496,1
walking,84510,84496,84510,14
rearing,84511,84510,84511,1
rising,84512,84511,84512,1
sniffing,84565,84512,84565,53
grooming,84566,84565,84566,1
running,84587,84566,84587,21
sniffing,84593,84587,84593,6
trotting,84641,84593,84641,48
walking,84707,84641,84707,66
sniffing,84853,84707,84853,146
walking,84871,84853,84871,18
sniffing,84968,84871,84968,97
walking,85014,84968,85014,46
sniffing,85060,85014,85060,46
rising,85061,85060,85061,1
climbing,85062,85061,85062,1
rearing,85063,85062,85063,1
sniffing,85079,85063,85079,16
left_turning,85118,85079,85118,39
walking,85194,85118,85194,76
sniffing,85252,85194,85252,58
trotting,85291,85252,85291,39
sniffing,85370,85291,85370,79
stepping,85373,85370,85373,3
walking,85392,85373,85392,19
right_turning,85406,85392,85406,14
rising,85407,85406,85407,1
climbing,85423,85407,85423,16
rising,85424,85423,85424,1
rearing,85459,85424,85459,35
sniffing,85464,85459,85464,5
rising,85515,85464,85515,51
climbing,85578,85515,85578,63
grooming,86064,85578,86064,486
climbing,86105,86064,86105,41
sniffing,86106,86105,86106,1
rising,86135,86106,86135,29
sniffing,86229,86135,86229,94
stepping,86257,86229,86257,28
sniffing,86266,86257,86266,9
rising,86283,86266,86283,17
sniffing,86284,86283,86284,1
climbing,86285,86284,86285,1
sniffing,86372,86285,86372,87
grooming,86888,86372,86888,516
climbing,87013,86888,87013,125
sniffing,87014,87013,87014,1
grooming,87260,87014,87260,246
rearing,87365,87260,87365,105
climbing,87420,87365,87420,55
sniffing,87494,87420,87494,74
climbing,87578,87494,87578,84
rising,87617,87578,87617,39
sniffing,87652,87617,87652,35
walking,87739,87652,87739,87
rearing,87740,87739,87740,1
sniffing,87759,87740,87759,19
walking,87783,87759,87783,24
left_turning,87813,87783,87813,30
sniffing,87814,87813,87814,1
walking,87843,87814,87843,29
climbing,87883,87843,87883,40
walking,87915,87883,87915,32
sniffing,87916,87915,87916,1
grooming,88048,87916,88048,132
rearing,88049,88048,88049,1
climbing,88079,88049,88079,30
rising,88122,88079,88122,43
sniffing,88193,88122,88193,71
rising,88194,88193,88194,1
sniffing,88195,88194,88195,1
hunching,88323,88195,88323,128
grooming,88606,88323,88606,283
rearing,89045,88606,89045,439
walking,89084,89045,89084,39
sniffing,89175,89084,89175,91
rising,89184,89175,89184,9
rearing,89335,89184,89335,151
climbing,89342,89335,89342,7
stepping,89363,89342,89363,21
sniffing,89460,89363,89460,97
rearing,89463,89460,89463,3
climbing,89511,89463,89511,48
sniffing,89512,89511,89512,1
trotting,89554,89512,89554,42
running,89585,89554,89585,31
left_turning,89701,89585,89701,116
sniffing,89795,89701,89795,94
climbing,89815,89795,89815,20
trotting,89848,89815,89848,33
rising,89896,89848,89896,48
sniffing,89960,89896,89960,64
climbing,90160,89960,90160,200
rearing,90161,90160,90161,1
rising,90188,90161,90188,27
grooming,90189,90188,90189,1
hunching,90277,90189,90277,88
grooming,90458,90277,90458,181
rearing,90546,90458,90546,88
sniffing,90601,90546,90601,55
right_turning,90622,90601,90622,21
left_turning,90623,90622,90623,1
walking,90661,90623,90661,38
stepping,90702,90661,90702,41
climbing,90739,90702,90739,37
walking,90755,90739,90755,16
stepping,90768,90755,90768,13
trotting,90783,90768,90783,15
walking,90797,90783,90797,14
sniffing,90879,90797,90879,82
stepping,90889,90879,90889,10
climbing,90917,90889,90917,28
walking,90929,90917,90929,12
rising,90982,90929,90982,53
sniffing,90983,90982,90983,1
right_turning,91009,90983,91009,26
left_turning,91086,91009,91086,77
sniffing,91087,91086,91087,1
climbing,91114,91087,91114,27
hunching,91115,91114,91115,1
rising,91116,91115,91116,1
climbing,91215,91116,91215,99
right_turning,91227,91215,91227,12
walking,91250,91227,91250,23
sniffing,91309,91250,91309,59
walking,91331,91309,91331,22
sniffing,91429,91331,91429,98
walking,91467,91429,91467,38
rising,91510,91467,91510,43
grooming,91527,91510,91527,17
sniffing,91600,91527,91600,73
climbing,91601,91600,91601,1
hunching,91602,91601,91602,1
sniffing,91751,91602,91751,149
grooming,91876,91751,91876,125
sniffing,91929,91876,91929,53
grooming,92177,91929,92177,248
hunching,92221,92177,92221,44
sniffing,92248,92221,92248,27
grooming,92462,92248,92462,214
rearing,92495,92462,92495,33
grooming,92589,92495,92589,94
sniffing,92590,92589,92590,1
stepping,92617,92590,92617,27
climbing,92655,92617,92655,38
hunching,92656,92655,92656,1
rising,92664,92656,92664,8
walking,92695,92664,92695,31
sniffing,92749,92695,92749,54
rising,92753,92749,92753,4
climbing,92756,92753,92756,3
grooming,92832,92756,92832,76
rearing,92833,92832,92833,1
sniffing,92893,92833,92893,60
rising,92940,92893,92940,47
sniffing,93005,92940,93005,65
right_turning,93043,93005,93043,38
sniffing,93077,93043,93077,34
stepping,93105,93077,93105,28
right_turning,93116,93105,93116,11
running,93146,93116,93146,30
rearing,93197,93146,93197,51
rising,93263,93197,93263,66
sniffing,93264,93263,93264,1
stepping,93342,93264,93342,78
sniffing,93343,93342,93343,1
climbing,93382,93343,93382,39
left_turning,93383,93382,93383,1
stepping,93413,93383,93413,30
rising,93456,93413,93456,43
right_turning,93472,93456,93472,16
sniffing,93474,93472,93474,2
rising,93475,93474,93475,1
grooming,93476,93475,93476,1
sniffing,93586,93476,93586,110
hunching,93702,93586,93702,116
sniffing,93703,93702,93703,1
walking,93755,93703,93755,52
sniffing,93816,93755,93816,61
walking,93869,93816,93869,53
sniffing,93930,93869,93930,61
climbing,93946,93930,93946,16
trotting,93972,93946,93972,26
sniffing,93973,93972,93973,1
walking,94016,93973,94016,43
sniffing,94122,94016,94122,106
rising,94123,94122,94123,1
climbing,94146,94123,94146,23
rearing,94147,94146,94147,1
climbing,94179,94147,94179,32
right_turning,94192,94179,94192,13
running,94219,94192,94219,27
sniffing,94228,94219,94228,9
rising,94291,94228,94291,63
right_turning,94298,94291,94298,7
walking,94313,94298,94313,15
stepping,94314,94313,94314,1
trotting,94359,94314,94359,45
stepping,94360,94359,94360,1
walking,94380,94360,94380,20
rising,94405,94380,94405,25
climbing,94435,94405,94435,30
rising,94489,94435,94489,54
climbing,94556,94489,94556,67
rising,94572,94556,94572,16
sniffing,94573,94572,94573,1
hunching,94655,94573,94655,82
grooming,94666,94655,94666,11
rearing,94696,94666,94696,30
sniffing,94697,94696,94697,1
rising,94698,94697,94698,1
climbing,94834,94698,94834,136
sniffing,94845,94834,94845,11
walking,94879,94845,94879,34
left_turning,94923,94879,94923,44
climbing,94949,94923,94949,26
hunching,95035,94949,95035,86
rising,95067,95035,95067,32
sniffing,95133,95067,95133,66
left_turning,95161,95133,95161,28
walking,95186,95161,95186,25
left_turning,95221,95186,95221,35
rearing,95222,95221,95222,1
rising,95262,95222,95262,40
rearing,95263,95262,95263,1
left_turning,95264,95263,95264,1
stepping,95303,95264,95303,39
rising,95332,95303,95332,29
sniffing,95376,95332,95376,44
right_turning,95383,95376,95383,7
walking,95411,95383,95411,28
sniffing,95619,95411,95619,208
left_turning,95705,95619,95705,86
stepping,95728,95705,95728,23
rising,95729,95728,95729,1
sniffing,95988,95729,95988,259
rising,96006,95988,96006,18
rearing,96051,96006,96051,45
grooming,96082,96051,96082,31
climbing,96116,96082,96116,34
hunching,96117,96116,96117,1
rearing,96139,96117,96139,22
sniffing,96140,96139,96140,1
stepping,96141,96140,96141,1
sniffing,96157,96141,96157,16
climbing,96162,96157,96162,5
running,96218,96162,96218,56
trotting,96233,96218,96233,15
walking,96281,96233,96281,48
sniffing,96371,96281,96371,90
left_turning,96372,96371,96372,1
stepping,96385,96372,96385,13
trotting,96404,96385,96404,19
left_turning,96439,96404,96439,35
climbing,96483,96439,96483,44
sniffing,96568,96483,96568,85
hunching,96662,96568,96662,94
grooming,96663,96662,96663,1
climbing,96764,96663,96764,101
right_turning,96792,96764,96792,28
walking,96809,96792,96809,17
rising,96861,96809,96861,52
climbing,96883,96861,96883,22
grooming,96946,96883,96946,63
rising,96979,96946,96979,33
climbing,96991,96979,96991,12
rearing,97022,96991,97022,31
rising,97050,97022,97050,28
rearing,97051,97050,97051,1
climbing,97122,97051,97122,71
grooming,97238,97122,97238,116
rearing,97401,97238,97401,163
sniffing,97402,97401,97402,1
pausing,97456,97402,97456,54
sniffing,97565,97456,97565,109
rising,97597,97565,97597,32
sniffing,97677,97597,97677,80
rising,97678,97677,97678,1
right_turning,97684,97678,97684,6
sniffing,97831,97684,97831,147
climbing,97878,97831,97878,47
walking,97904,97878,97904,26
sniffing,97920,97904,97920,16
right_turning,97942,97920,97942,22
trotting,97979,97942,97979,37
sniffing,98104,97979,98104,125
trotting,98105,98104,98105,1
sniffing,98126,98105,98126,21
pausing,98571,98126,98571,445
sniffing,98674,98571,98674,103
left_turning,98770,98674,98770,96
sniffing,98771,98770,98771,1
left_turning,98807,98771,98807,36
stepping,98840,98807,98840,33
left_turning,98937,98840,98937,97
sniffing,99036,98937,99036,99
hunching,99079,99036,99079,43
grooming,99080,99079,99080,1
sniffing,99114,99080,99114,34
left_turning,99162,99114,99162,48
walking,99219,99162,99219,57
sniffing,99229,99219,99229,10
left_turning,99244,99229,99244,15
climbing,99335,99244,99335,91
rearing,99339,99335,99339,4
grooming,99519,99339,99519,180
sniffing,99559,99519,99559,40
trotting,99575,99559,99575,16
sniffing,99702,99575,99702,127
pausing,99703,99702,99703,1
climbing,99747,99703,99747,44
rearing,99748,99747,99748,1
sniffing,99749,99748,99749,1
left_turning,99804,99749,99804,55
right_turning,99850,99804,99850,46
walking,99911,99850,99911,61
sniffing,99964,99911,99964,53
trotting,100005,99964,100005,41
stepping,100070,100005,100070,65
climbing,100119,100070,100119,49
walking,100141,100119,100141,22
sniffing,100253,100141,100253,112
walking,100317,100253,100317,64
left_turning,100339,100317,100339,22
climbing,100340,100339,100340,1
rising,100381,100340,100381,41
sniffing,100382,100381,100382,1
rising,100405,100382,100405,23
climbing,100427,100405,100427,22
trotting,100443,100427,100443,16
sniffing,100546,100443,100546,103
walking,100560,100546,100560,14
sniffing,100620,100560,100620,60
rising,100643,100620,100643,23
sniffing,100722,100643,100722,79
rising,100786,100722,100786,64
hunching,100898,100786,100898,112
grooming,100943,100898,100943,45
climbing,100954,100943,100954,11
sniffing,101022,100954,101022,68
grooming,101164,101022,101164,142
sniffing,101196,101164,101196,32
rising,101203,101196,101203,7
left_turning,101221,101203,101221,18
right_turning,101223,101221,101223,2
sniffing,101271,101223,101271,48
rearing,101462,101271,101462,191
rising,101501,101462,101501,39
walking,101545,101501,101545,44
trotting,101567,101545,101567,22
stepping,101573,101567,101573,6
walking,101612,101573,101612,39
grooming,101636,101612,101636,24
climbing,101652,101636,101652,16
sniffing,101680,101652,101680,28
stepping,101694,101680,101694,14
left_turning,101758,101694,101758,64
rising,101759,101758,101759,1
sniffing,101834,101759,101834,75
rising,101876,101834,101876,42
sniffing,101959,101876,101959,83
climbing,101970,101959,101970,11
right_turning,101996,101970,101996,26
walking,102032,101996,102032,36
sniffing,102072,102032,102072,40
left_turning,102088,102072,102088,16
walking,102104,102088,102104,16
climbing,102151,102104,102151,47
sniffing,102161,102151,102161,10
walking,102174,102161,102174,13
sniffing,102302,102174,102302,128
trotting,102329,102302,102329,27
walking,102359,102329,102359,30
stepping,102360,102359,102360,1
sniffing,102449,102360,102449,89
left_turning,102509,102449,102509,60
walking,102525,102509,102525,16
sniffing,102591,102525,102591,66
rising,102592,102591,102592,1
climbing,102692,102592,102692,100
rising,102711,102692,102711,19
sniffing,102783,102711,102783,72
pausing,102784,102783,102784,1
sniffing,102902,102784,102902,118
climbing,102924,102902,102924,22
rearing,102925,102924,102925,1
sniffing,102982,102925,102982,57
rising,102983,102982,102983,1
sniffing,102984,102983,102984,1
stepping,103003,102984,103003,19
sniffing,103034,103003,103034,31
pausing,103035,103034,103035,1
sniffing,103154,103035,103154,119
hunching,103164,103154,103164,10
sniffing,103263,103164,103263,99
rising,103369,103263,103369,106
walking,103423,103369,103423,54
rising,103442,103423,103442,19
climbing,103446,103442,103446,4
sniffing,103457,103446,103457,11
left_turning,103511,103457,103511,54
running,103532,103511,103532,21
stepping,103567,103532,103567,35
sniffing,103611,103567,103611,44
rising,103642,103611,103642,31
climbing,103643,103642,103643,1
sniffing,103644,103643,103644,1
rising,103705,103644,103705,61
sniffing,103857,103705,103857,152
rising,103912,103857,103912,55
rearing,104001,103912,104001,89
climbing,104022,104001,104022,21
hunching,104194,104022,104194,172
rising,104195,104194,104195,1
left_turning,104224,104195,104224,29
trotting,104284,104224,104284,60
rising,104314,104284,104314,30
sniffing,104315,104314,104315,1
grooming,104610,104315,104610,295
climbing,104611,104610,104611,1
rising,104612,104611,104612,1
pausing,104613,104612,104613,1
sniffing,104681,104613,104681,68
left_turning,104748,104681,104748,67
sniffing,104855,104748,104855,107
running,104884,104855,104884,29
walking,104939,104884,104939,55
running,104982,104939,104982,43
trotting,105031,104982,105031,49
sniffing,105084,105031,105084,53
rearing,105223,105084,105223,139
sniffing,105378,105223,105378,155
rising,105409,105378,105409,31
rearing,105571,105409,105571,162
rising,105626,105571,105626,55
rearing,105683,105626,105683,57
rising,105766,105683,105766,83
rearing,105767,105766,105767,1
rising,105768,105767,105768,1
rearing,105836,105768,105836,68
grooming,105873,105836,105873,37
climbing,105874,105873,105874,1
rising,105911,105874,105911,37
climbing,105941,105911,105941,30
right_turning,105983,105941,105983,42
walking,106027,105983,106027,44
sniffing,106052,106027,106052,25
left_turning,106098,106052,106098,46
sniffing,106099,106098,106099,1
right_turning,106125,106099,106125,26
walking,106126,106125,106126,1
sniffing,106127,106126,106127,1
grooming,106370,106127,106370,243
hunching,106453,106370,106453,83
rising,106461,106453,106461,8
sniffing,106511,106461,106511,50
left_turning,106512,106511,106512,1
walking,106541,106512,106541,29
rearing,106542,106541,106542,1
grooming,106654,106542,106654,112
rearing,106655,106654,106655,1
sniffing,106656,106655,106656,1
grooming,106784,106656,106784,128
rearing,106800,106784,106800,16
climbing,106804,106800,106804,4
right_turning,106826,106804,106826,22
walking,106827,106826,106827,1
sniffing,106879,106827,106879,52
pausing,106880,106879,106880,1
sniffing,106881,106880,106881,1
left_turning,106932,106881,106932,51
sniffing,107003,106932,107003,71
left_turning,107100,107003,107100,97
walking,107132,107100,107132,32
rising,107133,107132,107133,1
grooming,107220,107133,107220,87
climbing,107282,107220,107282,62
rising,107304,107282,107304,22
left_turning,107305,107304,107305,1
sniffing,107306,107305,107306,1
rising,107377,107306,107377,71
hunching,107378,107377,107378,1
sniffing,107518,107378,107518,140
stepping,107542,107518,107542,24
sniffing,107576,107542,107576,34
rising,107606,107576,107606,30
sniffing,107672,107606,107672,66
rising,107734,107672,107734,62
sniffing,107769,107734,107769,35
rising,107777,107769,107777,8
grooming,107993,107777,107993,216
climbing,108000,107993,108000,7
