revised_movement_label,segBoundary,segBoundary_start,segBoundary_end,length
sniffing,42,0,42,42
climbing,64,42,64,22
walking,72,64,72,8
rising,81,72,81,9
climbing,97,81,97,16
left_turning,110,97,110,13
climbing,161,110,161,51
rising,162,161,162,1
climbing,203,162,203,41
sniffing,204,203,204,1
hunching,210,204,210,6
grooming,505,210,505,295
climbing,538,505,538,33
right_turning,552,538,552,14
trotting,553,552,553,1
sniffing,554,553,554,1
walking,590,554,590,36
running,620,590,620,30
sniffing,764,620,764,144
right_turning,789,764,789,25
running,822,789,822,33
trotting,836,822,836,14
walking,848,836,848,12
stepping,888,848,888,40
sniffing,889,888,889,1
walking,916,889,916,27
sniffing,963,916,963,47
rising,1087,963,1087,124
climbing,1150,1087,1150,63
sniffing,1218,1150,1218,68
walking,1243,1218,1243,25
sniffing,1332,1243,1332,89
climbing,1393,1332,1393,61
sniffing,1426,1393,1426,33
rising,1449,1426,1449,23
climbing,1462,1449,1462,13
rearing,1651,1462,1651,189
sniffing,1652,1651,1652,1
climbing,1691,1652,1691,39
sniffing,1692,1691,1692,1
walking,1696,1692,1696,4
trotting,1730,1696,1730,34
sniffing,1764,1730,1764,34
rising,1862,1764,1862,98
left_turning,1877,1862,1877,15
sniffing,1878,1877,1878,1
rising,1894,1878,1894,16
sniffing,2105,1894,2105,211
left_turning,2141,2105,2141,36
climbing,2222,2141,2222,81
left_turning,2225,2222,2225,3
walking,2294,2225,2294,69
trotting,2321,2294,2321,27
sniffing,2322,2321,2322,1
climbing,2385,2322,2385,63
sniffing,2476,2385,2476,91
climbing,2495,2476,2495,19
right_turning,2496,2495,2496,1
trotting,2526,2496,2526,30
sniffing,2644,2526,2644,118
climbing,2674,2644,2674,30
left_turning,2680,2674,2680,6
walking,2715,2680,2715,35
running,2733,2715,2733,18
walking,2736,2733,2736,3
trotting,2751,2736,2751,15
walking,2835,2751,2835,84
sniffing,2856,2835,2856,21
climbing,2903,2856,2903,47
rising,2987,2903,2987,84
climbing,3038,2987,3038,51
sniffing,3039,3038,3039,1
climbing,3086,3039,3086,47
trotting,3105,3086,3105,19
walking,3167,3105,3167,62
stepping,3201,3167,3201,34
rising,3217,3201,3217,16
climbing,3252,3217,3252,35
sniffing,3257,3252,3257,5
rising,3258,3257,3258,1
climbing,3325,3258,3325,67
right_turning,3329,3325,3329,4
rising,3400,3329,3400,71
climbing,3438,3400,3438,38
rising,3502,3438,3502,64
walking,3503,3502,3503,1
rising,3556,3503,3556,53
sniffing,3624,3556,3624,68
walking,3653,3624,3653,29
rising,3669,3653,3669,16
left_turning,3673,3669,3673,4
trotting,3691,3673,3691,18
rising,3734,3691,3734,43
sniffing,3772,3734,3772,38
rising,3823,3772,3823,51
climbing,3841,3823,3841,18
sniffing,3915,3841,3915,74
trotting,3928,3915,3928,13
rising,3929,3928,3929,1
walking,3936,3929,3936,7
climbing,3997,3936,3997,61
walking,4054,3997,4054,57
sniffing,4078,4054,4078,24
trotting,4112,4078,4112,34
right_turning,4133,4112,4133,21
walking,4157,4133,4157,24
climbing,4272,4157,4272,115
hunching,4273,4272,4273,1
climbing,4328,4273,4328,55
sniffing,4331,4328,4331,3
climbing,4386,4331,4386,55
trotting,4413,4386,4413,27
sniffing,4449,4413,4449,36
left_turning,4451,4449,4451,2
sniffing,4531,4451,4531,80
climbing,4560,4531,4560,29
trotting,4577,4560,4577,17
left_turning,4578,4577,4578,1
walking,4579,4578,4579,1
sniffing,4652,4579,4652,73
left_turning,4683,4652,4683,31
walking,4713,4683,4713,30
climbing,4764,4713,4764,51
sniffing,4833,4764,4833,69
walking,4835,4833,4835,2
rising,4836,4835,4836,1
walking,4837,4836,4837,1
trotting,4899,4837,4899,62
sniffing,4969,4899,4969,70
pausing,4970,4969,4970,1
sniffing,5027,4970,5027,57
trotting,5061,5027,5061,34
left_turning,5083,5061,5083,22
sniffing,5121,5083,5121,38
walking,5170,5121,5170,49
climbing,5206,5170,5206,36
stepping,5215,5206,5215,9
climbing,5272,5215,5272,57
rising,5273,5272,5273,1
climbing,5382,5273,5382,109
running,5395,5382,5395,13
climbing,5416,5395,5416,21
trotting,5443,5416,5443,27
walking,5490,5443,5490,47
sniffing,5491,5490,5491,1
left_turning,5532,5491,5532,41
rearing,5692,5532,5692,160
climbing,5731,5692,5731,39
rearing,5739,5731,5739,8
climbing,5779,5739,5779,40
right_turning,5798,5779,5798,19
walking,5804,5798,5804,6
sniffing,5911,5804,5911,107
stepping,5985,5911,5985,74
sniffing,6008,5985,6008,23
rising,6058,6008,6058,50
sniffing,6234,6058,6234,176
right_turning,6251,6234,6251,17
walking,6267,6251,6267,16
left_turning,6370,6267,6370,103
stepping,6384,6370,6384,14
rising,6407,6384,6407,23
sniffing,6422,6407,6422,15
rising,6444,6422,6444,22
climbing,6475,6444,6475,31
walking,6492,6475,6492,17
sniffing,6493,6492,6493,1
left_turning,6548,6493,6548,55
trotting,6558,6548,6558,10
sniffing,6621,6558,6621,63
walking,6656,6621,6656,35
climbing,6699,6656,6699,43
rising,6700,6699,6700,1
climbing,6719,6700,6719,19
sniffing,6805,6719,6805,86
walking,6820,6805,6820,15
left_turning,6821,6820,6821,1
sniffing,6920,6821,6920,99
pausing,6921,6920,6921,1
sniffing,7046,6921,7046,125
rising,7170,7046,7170,124
left_turning,7212,7170,7212,42
walking,7287,7212,7287,75
sniffing,7288,7287,7288,1
walking,7357,7288,7357,69
climbing,7412,7357,7412,55
sniffing,7470,7412,7470,58
climbing,7579,7470,7579,109
sniffing,7598,7579,7598,19
climbing,7669,7598,7669,71
right_turning,7676,7669,7676,7
sniffing,7717,7676,7717,41
left_turning,7769,7717,7769,52
walking,7826,7769,7826,57
climbing,7867,7826,7867,41
walking,7910,7867,7910,43
sniffing,7911,7910,7911,1
walking,7965,7911,7965,54
rising,7966,7965,7966,1
sniffing,8002,7966,8002,36
trotting,8012,8002,8012,10
sniffing,8159,8012,8159,147
walking,8222,8159,8222,63
left_turning,8265,8222,8265,43
walking,8320,8265,8320,55
sniffing,8321,8320,8321,1
rising,8388,8321,8388,67
right_turning,8420,8388,8420,32
walking,8490,8420,8490,70
rising,8571,8490,8571,81
climbing,8583,8571,8583,12
rising,8625,8583,8625,42
sniffing,8733,8625,8733,108
left_turning,8769,8733,8769,36
sniffing,8879,8769,8879,110
left_turning,8901,8879,8901,22
sniffing,8913,8901,8913,12
left_turning,8942,8913,8942,29
walking,8960,8942,8960,18
trotting,8977,8960,8977,17
walking,8994,8977,8994,17
stepping,8997,8994,8997,3
sniffing,9262,8997,9262,265
left_turning,9303,9262,9303,41
trotting,9341,9303,9341,38
sniffing,9351,9341,9351,10
stepping,9393,9351,9393,42
left_turning,9394,9393,9394,1
walking,9449,9394,9449,55
right_turning,9480,9449,9480,31
climbing,9524,9480,9524,44
walking,9566,9524,9566,42
left_turning,9629,9566,9629,63
sniffing,9778,9629,9778,149
rising,9785,9778,9785,7
climbing,9826,9785,9826,41
hunching,9934,9826,9934,108
sniffing,9974,9934,9974,40
hunching,10011,9974,10011,37
rearing,10232,10011,10232,221
hunching,10270,10232,10270,38
rearing,10412,10270,10412,142
rising,10436,10412,10436,24
walking,10443,10436,10443,7
rising,10556,10443,10556,113
walking,10604,10556,10604,48
climbing,10655,10604,10655,51
trotting,10672,10655,10672,17
sniffing,10771,10672,10771,99
rearing,10865,10771,10865,94
grooming,11330,10865,11330,465
rising,11366,11330,11366,36
right_turning,11376,11366,11376,10
running,11400,11376,11400,24
left_turning,11417,11400,11417,17
trotting,11446,11417,11446,29
rising,11447,11446,11447,1
walking,11477,11447,11477,30
sniffing,11541,11477,11541,64
climbing,11566,11541,11566,25
trotting,11586,11566,11586,20
rising,11630,11586,11630,44
hunching,11796,11630,11796,166
grooming,11797,11796,11797,1
rising,11829,11797,11829,32
walking,11910,11829,11910,81
climbing,11933,11910,11933,23
right_turning,11934,11933,11934,1
sniffing,11942,11934,11942,8
walking,12016,11942,12016,74
sniffing,12053,12016,12053,37
left_turning,12080,12053,12080,27
walking,12111,12080,12111,31
right_turning,12144,12111,12144,33
walking,12152,12144,12152,8
left_turning,12189,12152,12189,37
trotting,12190,12189,12190,1
climbing,12222,12190,12222,32
right_turning,12223,12222,12223,1
trotting,12236,12223,12236,13
climbing,12299,12236,12299,63
trotting,12336,12299,12336,37
sniffing,12390,12336,12390,54
climbing,12431,12390,12431,41
sniffing,12432,12431,12432,1
left_turning,12450,12432,12450,18
sniffing,12545,12450,12545,95
climbing,12569,12545,12569,24
right_turning,12605,12569,12605,36
walking,12660,12605,12660,55
rising,12703,12660,12703,43
climbing,12768,12703,12768,65
stepping,12802,12768,12802,34
climbing,12915,12802,12915,113
walking,12916,12915,12916,1
sniffing,12925,12916,12925,9
left_turning,12945,12925,12945,20
rising,12946,12945,12946,1
climbing,12984,12946,12984,38
sniffing,12987,12984,12987,3
climbing,13006,12987,13006,19
right_turning,13051,13006,13051,45
running,13064,13051,13064,13
trotting,13083,13064,13083,19
sniffing,13110,13083,13110,27
left_turning,13139,13110,13139,29
trotting,13164,13139,13164,25
left_turning,13169,13164,13169,5
sniffing,13243,13169,13243,74
rising,13271,13243,13271,28
walking,13308,13271,13308,37
climbing,13362,13308,13362,54
rising,13415,13362,13415,53
left_turning,13416,13415,13416,1
sniffing,13475,13416,13475,59
trotting,13497,13475,13497,22
stepping,13527,13497,13527,30
walking,13535,13527,13535,8
left_turning,13565,13535,13565,30
running,13592,13565,13592,27
sniffing,13666,13592,13666,74
climbing,13690,13666,13690,24
hunching,13747,13690,13747,57
rearing,13827,13747,13827,80
walking,13828,13827,13828,1
climbing,13898,13828,13898,70
sniffing,13899,13898,13899,1
rising,13900,13899,13900,1
left_turning,13920,13900,13920,20
climbing,13946,13920,13946,26
rearing,14111,13946,14111,165
trotting,14114,14111,14114,3
climbing,14159,14114,14159,45
sniffing,14223,14159,14223,64
rising,14281,14223,14281,58
walking,14318,14281,14318,37
rising,14328,14318,14328,10
walking,14338,14328,14338,10
climbing,14366,14338,14366,28
sniffing,14391,14366,14391,25
walking,14427,14391,14427,36
stepping,14482,14427,14482,55
rising,14494,14482,14494,12
walking,14517,14494,14517,23
right_turning,14533,14517,14533,16
sniffing,14624,14533,14624,91
running,14646,14624,14646,22
stepping,14663,14646,14663,17
sniffing,14673,14663,14673,10
rising,14751,14673,14751,78
climbing,14774,14751,14774,23
rising,14814,14774,14814,40
climbing,14836,14814,14836,22
walking,14911,14836,14911,75
sniffing,14988,14911,14988,77
left_turning,15007,14988,15007,19
walking,15021,15007,15021,14
sniffing,15022,15021,15022,1
climbing,15063,15022,15063,41
trotting,15067,15063,15067,4
sniffing,15068,15067,15068,1
rising,15069,15068,15069,1
sniffing,15115,15069,15115,46
left_turning,15162,15115,15162,47
walking,15196,15162,15196,34
sniffing,15229,15196,15229,33
rising,15329,15229,15329,100
sniffing,15388,15329,15388,59
climbing,15458,15388,15458,70
right_turning,15489,15458,15489,31
left_turning,15492,15489,15492,3
sniffing,15541,15492,15541,49
left_turning,15593,15541,15593,52
sniffing,15668,15593,15668,75
climbing,15669,15668,15669,1
rearing,15670,15669,15670,1
sniffing,15697,15670,15697,27
rearing,15813,15697,15813,116
trotting,15848,15813,15848,35
rearing,15849,15848,15849,1
running,15874,15849,15874,25
walking,15915,15874,15915,41
sniffing,15917,15915,15917,2
stepping,16000,15917,16000,83
sniffing,16077,16000,16077,77
trotting,16078,16077,16078,1
walking,16079,16078,16079,1
sniffing,16099,16079,16099,20
rearing,16100,16099,16100,1
left_turning,16130,16100,16130,30
sniffing,16169,16130,16169,39
stepping,16172,16169,16172,3
climbing,16224,16172,16224,52
trotting,16279,16224,16279,55
sniffing,16280,16279,16280,1
rising,16283,16280,16283,3
climbing,16301,16283,16301,18
rising,16347,16301,16347,46
sniffing,16399,16347,16399,52
walking,16415,16399,16415,16
sniffing,16462,16415,16462,47
left_turning,16506,16462,16506,44
running,16507,16506,16507,1
right_turning,16520,16507,16520,13
walking,16540,16520,16540,20
sniffing,16562,16540,16562,22
rising,16670,16562,16670,108
climbing,16742,16670,16742,72
rearing,16794,16742,16794,52
rising,16862,16794,16862,68
left_turning,16908,16862,16908,46
sniffing,17040,16908,17040,132
climbing,17114,17040,17114,74
left_turning,17137,17114,17137,23
climbing,17189,17137,17189,52
right_turning,17194,17189,17194,5
stepping,17204,17194,17204,10
sniffing,17205,17204,17205,1
rising,17289,17205,17289,84
sniffing,17301,17289,17301,12
grooming,17302,17301,17302,1
rising,17386,17302,17386,84
sniffing,17414,17386,17414,28
left_turning,17419,17414,17419,5
sniffing,17421,17419,17421,2
rising,17422,17421,17422,1
climbing,17483,17422,17483,61
walking,17501,17483,17501,18
sniffing,17518,17501,17518,17
rising,17559,17518,17559,41
sniffing,17629,17559,17629,70
rising,17748,17629,17748,119
sniffing,17752,17748,17752,4
walking,17801,17752,17801,49
sniffing,17861,17801,17861,60
rising,17862,17861,17862,1
climbing,17892,17862,17892,30
stepping,17930,17892,17930,38
rising,18015,17930,18015,85
walking,18048,18015,18048,33
sniffing,18112,18048,18112,64
hunching,18238,18112,18238,126
right_turning,18286,18238,18286,48
trotting,18293,18286,18293,7
walking,18294,18293,18294,1
sniffing,18324,18294,18324,30
stepping,18359,18324,18359,35
walking,18376,18359,18376,17
climbing,18421,18376,18421,45
sniffing,18441,18421,18441,20
rising,18485,18441,18485,44
right_turning,18552,18485,18552,67
sniffing,18553,18552,18553,1
hunching,18584,18553,18584,31
rising,18585,18584,18585,1
sniffing,18655,18585,18655,70
climbing,18687,18655,18687,32
running,18705,18687,18705,18
climbing,18742,18705,18742,37
rearing,18845,18742,18845,103
sniffing,18865,18845,18865,20
walking,18878,18865,18878,13
sniffing,18879,18878,18879,1
rising,18880,18879,18880,1
climbing,18933,18880,18933,53
sniffing,18950,18933,18950,17
right_turning,18978,18950,18978,28
rising,19013,18978,19013,35
climbing,19075,19013,19075,62
trotting,19142,19075,19142,67
sniffing,19243,19142,19243,101
climbing,19284,19243,19284,41
rearing,19307,19284,19307,23
sniffing,19308,19307,19308,1
rising,19310,19308,19310,2
sniffing,19368,19310,19368,58
climbing,19530,19368,19530,162
trotting,19547,19530,19547,17
walking,19577,19547,19577,30
climbing,19617,19577,19617,40
trotting,19631,19617,19631,14
sniffing,19653,19631,19653,22
climbing,19685,19653,19685,32
rising,19708,19685,19708,23
grooming,20212,19708,20212,504
rearing,20253,20212,20253,41
climbing,20281,20253,20281,28
left_turning,20282,20281,20282,1
walking,20318,20282,20318,36
sniffing,20409,20318,20409,91
walking,20427,20409,20427,18
stepping,20439,20427,20439,12
sniffing,20463,20439,20463,24
grooming,20657,20463,20657,194
sniffing,20684,20657,20684,27
trotting,20741,20684,20741,57
walking,20754,20741,20754,13
climbing,20841,20754,20841,87
hunching,20842,20841,20842,1
sniffing,20876,20842,20876,34
right_turning,20890,20876,20890,14
walking,20945,20890,20945,55
sniffing,20952,20945,20952,7
hunching,21096,20952,21096,144
sniffing,21160,21096,21160,64
stepping,21161,21160,21161,1
sniffing,21201,21161,21201,40
stepping,21219,21201,21219,18
sniffing,21335,21219,21335,116
climbing,21399,21335,21399,64
rising,21433,21399,21433,34
climbing,21474,21433,21474,41
left_turning,21475,21474,21475,1
sniffing,21476,21475,21476,1
walking,21531,21476,21531,55
left_turning,21568,21531,21568,37
walking,21610,21568,21610,42
sniffing,21611,21610,21611,1
climbing,21732,21611,21732,121
sniffing,21880,21732,21880,148
right_turning,21898,21880,21898,18
trotting,21944,21898,21944,46
sniffing,21995,21944,21995,51
trotting,22006,21995,22006,11
rising,22050,22006,22050,44
climbing,22094,22050,22094,44
trotting,22119,22094,22119,25
sniffing,22175,22119,22175,56
walking,22176,22175,22176,1
sniffing,22225,22176,22225,49
walking,22260,22225,22260,35
sniffing,22299,22260,22299,39
trotting,22303,22299,22303,4
sniffing,22551,22303,22551,248
left_turning,22560,22551,22560,9
trotting,22573,22560,22573,13
stepping,22597,22573,22597,24
sniffing,22674,22597,22674,77
left_turning,22679,22674,22679,5
sniffing,22694,22679,22694,15
left_turning,22695,22694,22695,1
sniffing,22750,22695,22750,55
walking,22771,22750,22771,21
sniffing,22876,22771,22876,105
right_turning,22881,22876,22881,5
sniffing,22918,22881,22918,37
rising,23022,22918,23022,104
sniffing,23057,23022,23057,35
stepping,23058,23057,23058,1
sniffing,23063,23058,23063,5
hunching,23064,23063,23064,1
left_turning,23065,23064,23065,1
walking,23119,23065,23119,54
trotting,23126,23119,23126,7
rising,23243,23126,23243,117
sniffing,23244,23243,23244,1
climbing,23293,23244,23293,49
rising,23310,23293,23310,17
sniffing,23376,23310,23376,66
climbing,23500,23376,23500,124
hunching,23501,23500,23501,1
grooming,24069,23501,24069,568
climbing,24132,24069,24132,63
rising,24143,24132,24143,11
left_turning,24148,24143,24148,5
walking,24149,24148,24149,1
climbing,24180,24149,24180,31
rising,24273,24180,24273,93
rearing,24309,24273,24309,36
sniffing,24310,24309,24310,1
walking,24340,24310,24340,30
climbing,24400,24340,24400,60
walking,24412,24400,24412,12
stepping,24420,24412,24420,8
rising,24432,24420,24432,12
climbing,24443,24432,24443,11
sniffing,24583,24443,24583,140
rising,24603,24583,24603,20
stepping,24633,24603,24633,30
rearing,24634,24633,24634,1
sniffing,24635,24634,24635,1
rising,24726,24635,24726,91
climbing,24787,24726,24787,61
walking,24799,24787,24799,12
climbing,24909,24799,24909,110
sniffing,24955,24909,24955,46
rising,25027,24955,25027,72
sniffing,25105,25027,25105,78
right_turning,25118,25105,25118,13
sniffing,25136,25118,25136,18
stepping,25137,25136,25137,1
walking,25183,25137,25183,46
sniffing,25237,25183,25237,54
climbing,25259,25237,25259,22
sniffing,25304,25259,25304,45
left_turning,25328,25304,25328,24
sniffing,25350,25328,25350,22
rising,25402,25350,25402,52
climbing,25434,25402,25434,32
sniffing,25515,25434,25515,81
grooming,25516,25515,25516,1
climbing,25517,25516,25517,1
sniffing,25526,25517,25526,9
trotting,25565,25526,25565,39
left_turning,25589,25565,25589,24
stepping,25632,25589,25632,43
walking,25636,25632,25636,4
sniffing,25673,25636,25673,37
trotting,25714,25673,25714,41
walking,25798,25714,25798,84
left_turning,25841,25798,25841,43
sniffing,25911,25841,25911,70
left_turning,25929,25911,25929,18
rising,26079,25929,26079,150
sniffing,26105,26079,26105,26
stepping,26148,26105,26148,43
sniffing,26189,26148,26189,41
rising,26217,26189,26217,28
climbing,26243,26217,26243,26
rearing,26267,26243,26267,24
sniffing,26275,26267,26275,8
left_turning,26407,26275,26407,132
walking,26411,26407,26411,4
climbing,26427,26411,26427,16
walking,26439,26427,26439,12
climbing,26453,26439,26453,14
walking,26492,26453,26492,39
climbing,26536,26492,26536,44
sniffing,26604,26536,26604,68
left_turning,26631,26604,26631,27
rising,26711,26631,26711,80
climbing,26747,26711,26747,36
rising,26748,26747,26748,1
right_turning,26784,26748,26784,36
stepping,26838,26784,26838,54
right_turning,26855,26838,26855,17
sniffing,26856,26855,26856,1
walking,26890,26856,26890,34
sniffing,26896,26890,26896,6
trotting,26901,26896,26901,5
rising,26947,26901,26947,46
climbing,26964,26947,26964,17
walking,26981,26964,26981,17
left_turning,26982,26981,26982,1
sniffing,26986,26982,26986,4
rising,27046,26986,27046,60
trotting,27062,27046,27062,16
left_turning,27074,27062,27074,12
sniffing,27122,27074,27122,48
walking,27154,27122,27154,32
sniffing,27155,27154,27155,1
walking,27190,27155,27190,35
trotting,27223,27190,27223,33
walking,27224,27223,27224,1
sniffing,27225,27224,27225,1
rising,27235,27225,27235,10
sniffing,27269,27235,27269,34
walking,27282,27269,27282,13
hunching,27409,27282,27409,127
sniffing,27480,27409,27480,71
walking,27514,27480,27514,34
sniffing,27539,27514,27539,25
walking,27543,27539,27543,4
sniffing,27544,27543,27544,1
climbing,27549,27544,27549,5
rising,27580,27549,27580,31
sniffing,27671,27580,27671,91
climbing,27790,27671,27790,119
walking,27806,27790,27806,16
sniffing,27883,27806,27883,77
grooming,28081,27883,28081,198
rearing,28082,28081,28082,1
rising,28083,28082,28083,1
sniffing,28105,28083,28105,22
rising,28141,28105,28141,36
climbing,28170,28141,28170,29
rising,28233,28170,28233,63
sniffing,28259,28233,28259,26
walking,28276,28259,28276,17
climbing,28285,28276,28285,9
hunching,28387,28285,28387,102
right_turning,28425,28387,28425,38
trotting,28430,28425,28430,5
stepping,28466,28430,28466,36
walking,28498,28466,28498,32
sniffing,28554,28498,28554,56
trotting,28570,28554,28570,16
sniffing,28571,28570,28571,1
rising,28581,28571,28581,10
climbing,28622,28581,28622,41
rearing,28693,28622,28693,71
sniffing,28903,28693,28903,210
hunching,29037,28903,29037,134
walking,29056,29037,29056,19
rising,29094,29056,29094,38
sniffing,29095,29094,29095,1
walking,29111,29095,29111,16
rising,29163,29111,29163,52
stepping,29164,29163,29164,1
rising,29206,29164,29206,42
rearing,29250,29206,29250,44
trotting,29281,29250,29281,31
rising,29282,29281,29282,1
sniffing,29362,29282,29362,80
walking,29365,29362,29365,3
sniffing,29389,29365,29389,24
grooming,29390,29389,29390,1
rearing,29391,29390,29391,1
sniffing,29490,29391,29490,99
left_turning,29519,29490,29519,29
sniffing,29530,29519,29530,11
rising,29625,29530,29625,95
trotting,29641,29625,29641,16
sniffing,29703,29641,29703,62
rising,29704,29703,29704,1
climbing,29776,29704,29776,72
sniffing,29838,29776,29838,62
right_turning,29852,29838,29852,14
sniffing,29875,29852,29875,23
walking,29915,29875,29915,40
left_turning,29954,29915,29954,39
sniffing,29974,29954,29974,20
walking,29990,29974,29990,16
rearing,29998,29990,29998,8
rising,29999,29998,29999,1
left_turning,30065,29999,30065,66
rising,30097,30065,30097,32
climbing,30098,30097,30098,1
walking,30099,30098,30099,1
climbing,30168,30099,30168,69
rearing,30169,30168,30169,1
right_turning,30185,30169,30185,16
trotting,30213,30185,30213,28
sniffing,30264,30213,30264,51
rising,30321,30264,30321,57
climbing,30414,30321,30414,93
left_turning,30417,30414,30417,3
walking,30457,30417,30457,40
sniffing,30503,30457,30503,46
climbing,30562,30503,30562,59
running,30573,30562,30573,11
rising,30629,30573,30629,56
climbing,30651,30629,30651,22
rising,30661,30651,30661,10
climbing,30728,30661,30728,67
rising,30729,30728,30729,1
climbing,30759,30729,30759,30
rearing,30856,30759,30856,97
grooming,32038,30856,32038,1182
climbing,32043,32038,32043,5
rising,32044,32043,32044,1
climbing,32055,32044,32055,11
grooming,32056,32055,32056,1
rearing,32168,32056,32168,112
climbing,32186,32168,32186,18
rising,32235,32186,32235,49
climbing,32296,32235,32296,61
rearing,32424,32296,32424,128
trotting,32439,32424,32439,15
sniffing,32482,32439,32482,43
running,32509,32482,32509,27
walking,32513,32509,32513,4
sniffing,32535,32513,32535,22
rising,32643,32535,32643,108
climbing,32710,32643,32710,67
walking,32711,32710,32711,1
stepping,32725,32711,32725,14
rising,32818,32725,32818,93
sniffing,32819,32818,32819,1
rising,32839,32819,32839,20
climbing,32900,32839,32900,61
walking,32935,32900,32935,35
sniffing,32943,32935,32943,8
rising,32944,32943,32944,1
climbing,32981,32944,32981,37
right_turning,32986,32981,32986,5
trotting,33032,32986,33032,46
walking,33033,33032,33033,1
rising,33064,33033,33064,31
sniffing,33154,33064,33154,90
climbing,33214,33154,33214,60
rising,33353,33214,33353,139
trotting,33401,33353,33401,48
walking,33402,33401,33402,1
climbing,33473,33402,33473,71
sniffing,33515,33473,33515,42
rearing,33576,33515,33576,61
grooming,34038,33576,34038,462
sniffing,34064,34038,34064,26
right_turning,34067,34064,34067,3
sniffing,34094,34067,34094,27
rising,34101,34094,34101,7
walking,34113,34101,34113,12
left_turning,34121,34113,34121,8
climbing,34152,34121,34152,31
rearing,34153,34152,34153,1
climbing,34193,34153,34193,40
grooming,34439,34193,34439,246
sniffing,34448,34439,34448,9
walking,34456,34448,34456,8
stepping,34512,34456,34512,56
hunching,34513,34512,34513,1
climbing,34629,34513,34629,116
rising,34630,34629,34630,1
climbing,34650,34630,34650,20
rearing,34743,34650,34743,93
climbing,34791,34743,34791,48
walking,34805,34791,34805,14
sniffing,34852,34805,34852,47
left_turning,34866,34852,34866,14
walking,34879,34866,34879,13
sniffing,34881,34879,34881,2
running,34900,34881,34900,19
rising,34906,34900,34906,6
stepping,34907,34906,34907,1
walking,34960,34907,34960,53
left_turning,34989,34960,34989,29
sniffing,35079,34989,35079,90
walking,35109,35079,35109,30
sniffing,35164,35109,35164,55
walking,35186,35164,35186,22
hunching,35187,35186,35187,1
sniffing,35241,35187,35241,54
left_turning,35299,35241,35299,58
rising,35359,35299,35359,60
rearing,35418,35359,35418,59
rising,35423,35418,35423,5
climbing,35479,35423,35479,56
rising,35545,35479,35545,66
right_turning,35604,35545,35604,59
walking,35640,35604,35640,36
rearing,35768,35640,35768,128
rising,35785,35768,35785,17
trotting,35786,35785,35786,1
sniffing,35796,35786,35796,10
left_turning,35816,35796,35816,20
sniffing,35847,35816,35847,31
left_turning,35871,35847,35871,24
sniffing,35872,35871,35872,1
rising,35873,35872,35873,1
climbing,35919,35873,35919,46
rising,35920,35919,35920,1
running,35931,35920,35931,11
walking,35964,35931,35964,33
rearing,35990,35964,35990,26
sniffing,35998,35990,35998,8
walking,36005,35998,36005,7
sniffing,36034,36005,36034,29
rising,36044,36034,36044,10
climbing,36081,36044,36081,37
sniffing,36082,36081,36082,1
rising,36146,36082,36146,64
climbing,36200,36146,36200,54
right_turning,36216,36200,36216,16
sniffing,36275,36216,36275,59
stepping,36312,36275,36312,37
walking,36333,36312,36333,21
sniffing,36370,36333,36370,37
rising,36387,36370,36387,17
climbing,36431,36387,36431,44
sniffing,36472,36431,36472,41
walking,36483,36472,36483,11
sniffing,36484,36483,36484,1
hunching,36548,36484,36548,64
sniffing,36637,36548,36637,89
left_turning,36638,36637,36638,1
walking,36668,36638,36668,30
left_turning,36700,36668,36700,32
sniffing,36752,36700,36752,52
trotting,36768,36752,36768,16
left_turning,36775,36768,36775,7
walking,36781,36775,36781,6
sniffing,36843,36781,36843,62
walking,36848,36843,36848,5
rising,36849,36848,36849,1
climbing,36885,36849,36885,36
right_turning,36886,36885,36886,1
walking,36887,36886,36887,1
stepping,36915,36887,36915,28
walking,36937,36915,36937,22
rising,37008,36937,37008,71
rearing,37075,37008,37075,67
grooming,37076,37075,37076,1
climbing,37134,37076,37134,58
walking,37166,37134,37166,32
trotting,37167,37166,37167,1
sniffing,37168,37167,37168,1
climbing,37202,37168,37202,34
rising,37260,37202,37260,58
sniffing,37283,37260,37283,23
walking,37287,37283,37287,4
sniffing,37391,37287,37391,104
grooming,37606,37391,37606,215
rising,37607,37606,37607,1
sniffing,37608,37607,37608,1
rearing,37723,37608,37723,115
sniffing,37856,37723,37856,133
stepping,37881,37856,37881,25
rising,37882,37881,37882,1
climbing,37922,37882,37922,40
trotting,37954,37922,37954,32
running,37968,37954,37968,14
walking,37979,37968,37979,11
sniffing,37980,37979,37980,1
trotting,37988,37980,37988,8
rising,37989,37988,37989,1
rearing,38093,37989,38093,104
climbing,38117,38093,38117,24
rearing,38118,38117,38118,1
grooming,38342,38118,38342,224
hunching,38496,38342,38496,154
sniffing,38551,38496,38551,55
rearing,38674,38551,38674,123
sniffing,38675,38674,38675,1
rising,38682,38675,38682,7
right_turning,38713,38682,38713,31
walking,38772,38713,38772,59
rearing,39114,38772,39114,342
walking,39155,39114,39155,41
rising,39178,39155,39178,23
sniffing,39201,39178,39201,23
hunching,39215,39201,39215,14
rising,39256,39215,39256,41
grooming,39693,39256,39693,437
climbing,39732,39693,39732,39
sniffing,39776,39732,39776,44
rising,39788,39776,39788,12
climbing,39840,39788,39840,52
sniffing,39920,39840,39920,80
rising,39981,39920,39981,61
rearing,40046,39981,40046,65
right_turning,40068,40046,40068,22
climbing,40104,40068,40104,36
walking,40119,40104,40119,15
sniffing,40142,40119,40142,23
rising,40160,40142,40160,18
climbing,40169,40160,40169,9
left_turning,40253,40169,40253,84
walking,40254,40253,40254,1
sniffing,40283,40254,40283,29
rising,40284,40283,40284,1
climbing,40373,40284,40373,89
rising,40430,40373,40430,57
rearing,40431,40430,40431,1
rising,40488,40431,40488,57
sniffing,40544,40488,40544,56
climbing,40563,40544,40563,19
rising,40564,40563,40564,1
climbing,40613,40564,40613,49
left_turning,40663,40613,40663,50
right_turning,40675,40663,40675,12
grooming,40676,40675,40676,1
sniffing,40751,40676,40751,75
left_turning,40813,40751,40813,62
walking,40861,40813,40861,48
stepping,40908,40861,40908,47
walking,40929,40908,40929,21
sniffing,41021,40929,41021,92
climbing,41022,41021,41022,1
walking,41082,41022,41082,60
sniffing,41131,41082,41131,49
left_turning,41132,41131,41132,1
sniffing,41236,41132,41236,104
rising,41272,41236,41272,36
climbing,41298,41272,41298,26
left_turning,41350,41298,41350,52
walking,41368,41350,41368,18
rising,41403,41368,41403,35
climbing,41411,41403,41411,8
rising,41483,41411,41483,72
sniffing,41503,41483,41503,20
rising,41517,41503,41517,14
climbing,41590,41517,41590,73
rising,41591,41590,41591,1
trotting,41630,41591,41630,39
running,41638,41630,41638,8
rising,41645,41638,41645,7
climbing,41682,41645,41682,37
running,41729,41682,41729,47
rising,41740,41729,41740,11
walking,41752,41740,41752,12
sniffing,41873,41752,41873,121
right_turning,41890,41873,41890,17
trotting,41911,41890,41911,21
sniffing,42045,41911,42045,134
left_turning,42081,42045,42081,36
sniffing,42092,42081,42092,11
climbing,42151,42092,42151,59
left_turning,42159,42151,42159,8
trotting,42187,42159,42187,28
sniffing,42188,42187,42188,1
stepping,42193,42188,42193,5
sniffing,42269,42193,42269,76
rising,42342,42269,42342,73
walking,42378,42342,42378,36
sniffing,42451,42378,42451,73
rising,42460,42451,42460,9
climbing,42498,42460,42498,38
right_turning,42512,42498,42512,14
stepping,42522,42512,42522,10
sniffing,42557,42522,42557,35
climbing,42565,42557,42565,8
running,42577,42565,42577,12
walking,42621,42577,42621,44
sniffing,42626,42621,42626,5
climbing,42658,42626,42658,32
rearing,42659,42658,42659,1
hunching,42729,42659,42729,70
sniffing,42730,42729,42730,1
rising,42762,42730,42762,32
sniffing,42782,42762,42782,20
rising,42815,42782,42815,33
climbing,42827,42815,42827,12
sniffing,42828,42827,42828,1
rearing,42896,42828,42896,68
right_turning,42897,42896,42897,1
climbing,42997,42897,42997,100
sniffing,43009,42997,43009,12
walking,43022,43009,43022,13
sniffing,43023,43022,43023,1
climbing,43080,43023,43080,57
sniffing,43152,43080,43152,72
grooming,43429,43152,43429,277
right_turning,43453,43429,43453,24
walking,43465,43453,43465,12
sniffing,43509,43465,43509,44
running,43529,43509,43529,20
walking,43570,43529,43570,41
climbing,43611,43570,43611,41
walking,43655,43611,43655,44
rising,43667,43655,43667,12
sniffing,43736,43667,43736,69
left_turning,43737,43736,43737,1
trotting,43785,43737,43785,48
left_turning,43822,43785,43822,37
sniffing,43831,43822,43831,9
rising,43904,43831,43904,73
running,43926,43904,43926,22
stepping,43957,43926,43957,31
climbing,44011,43957,44011,54
hunching,44106,44011,44106,95
walking,44142,44106,44142,36
sniffing,44145,44142,44145,3
rising,44146,44145,44146,1
climbing,44171,44146,44171,25
hunching,44326,44171,44326,155
climbing,44358,44326,44358,32
left_turning,44359,44358,44359,1
walking,44366,44359,44366,7
climbing,44389,44366,44389,23
sniffing,44446,44389,44446,57
rising,44482,44446,44482,36
trotting,44495,44482,44495,13
left_turning,44507,44495,44507,12
rising,44524,44507,44524,17
right_turning,44540,44524,44540,16
sniffing,44712,44540,44712,172
trotting,44721,44712,44721,9
stepping,44752,44721,44752,31
sniffing,44802,44752,44802,50
rising,44855,44802,44855,53
sniffing,44911,44855,44911,56
right_turning,44933,44911,44933,22
rearing,44934,44933,44934,1
sniffing,44981,44934,44981,47
right_turning,44982,44981,44982,1
trotting,45000,44982,45000,18
rising,45125,45000,45125,125
climbing,45203,45125,45203,78
rearing,45254,45203,45254,51
rising,45306,45254,45306,52
left_turning,45318,45306,45318,12
rearing,45432,45318,45432,114
sniffing,45497,45432,45497,65
walking,45557,45497,45557,60
climbing,45606,45557,45606,49
stepping,45657,45606,45657,51
climbing,45698,45657,45698,41
sniffing,45702,45698,45702,4
left_turning,45720,45702,45720,18
walking,45726,45720,45726,6
stepping,45805,45726,45805,79
rearing,45806,45805,45806,1
climbing,45842,45806,45842,36
sniffing,45843,45842,45843,1
left_turning,45907,45843,45907,64
trotting,45934,45907,45934,27
stepping,45935,45934,45935,1
walking,45973,45935,45973,38
sniffing,45974,45973,45974,1
left_turning,45975,45974,45975,1
sniffing,46005,45975,46005,30
climbing,46063,46005,46063,58
walking,46100,46063,46100,37
grooming,46236,46100,46236,136
rearing,46294,46236,46294,58
right_turning,46295,46294,46295,1
stepping,46296,46295,46296,1
hunching,46442,46296,46442,146
climbing,46503,46442,46503,61
walking,46516,46503,46516,13
sniffing,46531,46516,46531,15
left_turning,46598,46531,46598,67
running,46634,46598,46634,36
sniffing,46650,46634,46650,16
walking,46651,46650,46651,1
running,46688,46651,46688,37
walking,46703,46688,46703,15
climbing,46716,46703,46716,13
running,46761,46716,46761,45
climbing,46833,46761,46833,72
running,46862,46833,46862,29
walking,46899,46862,46899,37
trotting,46900,46899,46900,1
walking,46964,46900,46964,64
sniffing,46965,46964,46965,1
walking,47043,46965,47043,78
sniffing,47093,47043,47093,50
left_turning,47142,47093,47142,49
walking,47178,47142,47178,36
trotting,47205,47178,47205,27
rising,47236,47205,47236,31
climbing,47310,47236,47310,74
walking,47335,47310,47335,25
sniffing,47501,47335,47501,166
trotting,47528,47501,47528,27
stepping,47605,47528,47605,77
sniffing,47606,47605,47606,1
walking,47635,47606,47635,29
sniffing,47640,47635,47640,5
left_turning,47641,47640,47641,1
sniffing,47669,47641,47669,28
trotting,47693,47669,47693,24
sniffing,47910,47693,47910,217
walking,47965,47910,47965,55
sniffing,47984,47965,47984,19
rising,48047,47984,48047,63
walking,48095,48047,48095,48
left_turning,48120,48095,48120,25
stepping,48169,48120,48169,49
right_turning,48179,48169,48179,10
sniffing,48226,48179,48226,47
trotting,48259,48226,48259,33
running,48290,48259,48290,31
rearing,48307,48290,48307,17
rising,48308,48307,48308,1
sniffing,48358,48308,48358,50
rising,48369,48358,48369,11
sniffing,48440,48369,48440,71
right_turning,48453,48440,48453,13
sniffing,48496,48453,48496,43
climbing,48564,48496,48564,68
rearing,48600,48564,48600,36
grooming,48623,48600,48623,23
climbing,48649,48623,48649,26
trotting,48656,48649,48656,7
walking,48685,48656,48685,29
left_turning,48930,48685,48930,245
sniffing,49021,48930,49021,91
rising,49031,49021,49031,10
sniffing,49069,49031,49069,38
stepping,49113,49069,49113,44
left_turning,49114,49113,49114,1
walking,49142,49114,49142,28
sniffing,49143,49142,49143,1
running,49149,49143,49149,6
sniffing,49283,49149,49283,134
hunching,49315,49283,49315,32
right_turning,49364,49315,49364,49
trotting,49414,49364,49414,50
rising,49453,49414,49453,39
hunching,49454,49453,49454,1
walking,49464,49454,49464,10
sniffing,49530,49464,49530,66
walking,49577,49530,49577,47
sniffing,49654,49577,49654,77
rising,49665,49654,49665,11
right_turning,49671,49665,49671,6
running,49677,49671,49677,6
left_turning,49694,49677,49694,17
walking,49701,49694,49701,7
sniffing,49810,49701,49810,109
grooming,50172,49810,50172,362
hunching,50173,50172,50173,1
right_turning,50191,50173,50191,18
walking,50210,50191,50210,19
left_turning,50211,50210,50211,1
walking,50288,50211,50288,77
sniffing,50289,50288,50289,1
rearing,50420,50289,50420,131
rising,50434,50420,50434,14
climbing,50472,50434,50472,38
hunching,50536,50472,50536,64
climbing,50578,50536,50578,42
walking,50639,50578,50639,61
sniffing,50670,50639,50670,31
climbing,50671,50670,50671,1
rearing,50778,50671,50778,107
climbing,50779,50778,50779,1
running,50803,50779,50803,24
walking,50804,50803,50804,1
running,50852,50804,50852,48
rising,50933,50852,50933,81
running,50959,50933,50959,26
walking,50965,50959,50965,6
left_turning,50997,50965,50997,32
trotting,51006,50997,51006,9
rising,51029,51006,51029,23
rearing,51047,51029,51047,18
rising,51060,51047,51060,13
sniffing,51078,51060,51078,18
pausing,51293,51078,51293,215
sniffing,51299,51293,51299,6
hunching,51354,51299,51354,55
sniffing,51434,51354,51434,80
right_turning,51463,51434,51463,29
left_turning,51464,51463,51464,1
running,51493,51464,51493,29
rising,51546,51493,51546,53
climbing,51568,51546,51568,22
hunching,51655,51568,51655,87
trotting,51697,51655,51697,42
sniffing,51719,51697,51719,22
stepping,51735,51719,51735,16
walking,51752,51735,51752,17
climbing,51809,51752,51809,57
trotting,51828,51809,51828,19
rising,51844,51828,51844,16
grooming,51869,51844,51869,25
left_turning,51886,51869,51886,17
walking,51976,51886,51976,90
sniffing,51977,51976,51977,1
rearing,52007,51977,52007,30
walking,52019,52007,52019,12
left_turning,52020,52019,52020,1
walking,52025,52020,52025,5
sniffing,52084,52025,52084,59
rearing,52085,52084,52085,1
left_turning,52087,52085,52087,2
rising,52088,52087,52088,1
climbing,52169,52088,52169,81
walking,52186,52169,52186,17
climbing,52213,52186,52213,27
stepping,52255,52213,52255,42
sniffing,52328,52255,52328,73
rising,52329,52328,52329,1
grooming,52420,52329,52420,91
rearing,52421,52420,52421,1
sniffing,52546,52421,52546,125
rising,52573,52546,52573,27
climbing,52602,52573,52602,29
rising,52652,52602,52652,50
climbing,52665,52652,52665,13
rising,52679,52665,52679,14
right_turning,52690,52679,52690,11
stepping,52761,52690,52761,71
walking,52793,52761,52793,32
sniffing,52794,52793,52794,1
left_turning,52853,52794,52853,59
climbing,52919,52853,52919,66
trotting,52943,52919,52943,24
left_turning,52970,52943,52970,27
sniffing,53160,52970,53160,190
right_turning,53169,53160,53169,9
walking,53189,53169,53189,20
sniffing,53222,53189,53222,33
rearing,53223,53222,53223,1
rising,53243,53223,53243,20
sniffing,53259,53243,53259,16
left_turning,53483,53259,53483,224
trotting,53496,53483,53496,13
rising,53531,53496,53531,35
rearing,53582,53531,53582,51
grooming,53662,53582,53662,80
hunching,53751,53662,53751,89
sniffing,53755,53751,53755,4
walking,53765,53755,53765,10
hunching,54014,53765,54014,249
rearing,54094,54014,54094,80
rising,54145,54094,54145,51
climbing,54251,54145,54251,106
rearing,54252,54251,54252,1
grooming,54627,54252,54627,375
climbing,54636,54627,54636,9
walking,54658,54636,54658,22
sniffing,54680,54658,54680,22
right_turning,54692,54680,54692,12
trotting,54696,54692,54696,4
walking,54697,54696,54697,1
stepping,54698,54697,54698,1
rising,54755,54698,54755,57
rearing,54756,54755,54756,1
grooming,54757,54756,54757,1
sniffing,54798,54757,54798,41
rising,54799,54798,54799,1
sniffing,54823,54799,54823,24
hunching,54873,54823,54873,50
walking,54891,54873,54891,18
sniffing,54900,54891,54900,9
rising,54901,54900,54901,1
walking,54945,54901,54945,44
rearing,55004,54945,55004,59
sniffing,55092,55004,55092,88
rising,55093,55092,55093,1
sniffing,55129,55093,55129,36
climbing,55172,55129,55172,43
hunching,55216,55172,55216,44
grooming,55217,55216,55217,1
rearing,55384,55217,55384,167
hunching,55385,55384,55385,1
grooming,55386,55385,55386,1
rearing,55387,55386,55387,1
grooming,55388,55387,55388,1
sniffing,55389,55388,55389,1
rearing,55451,55389,55451,62
left_turning,55565,55451,55565,114
walking,55566,55565,55566,1
left_turning,55567,55566,55567,1
sniffing,55610,55567,55610,43
walking,55634,55610,55634,24
sniffing,55729,55634,55729,95
rising,55730,55729,55730,1
sniffing,55856,55730,55856,126
climbing,55902,55856,55902,46
sniffing,56142,55902,56142,240
right_turning,56143,56142,56143,1
sniffing,56192,56143,56192,49
trotting,56197,56192,56197,5
sniffing,56208,56197,56208,11
walking,56232,56208,56232,24
sniffing,56236,56232,56236,4
rearing,56319,56236,56319,83
rising,56320,56319,56320,1
sniffing,56369,56320,56369,49
left_turning,56390,56369,56390,21
right_turning,56404,56390,56404,14
walking,56443,56404,56443,39
sniffing,56444,56443,56444,1
rising,56445,56444,56445,1
climbing,56520,56445,56520,75
right_turning,56528,56520,56528,8
trotting,56545,56528,56545,17
walking,56558,56545,56558,13
trotting,56586,56558,56586,28
rising,56651,56586,56651,65
walking,56652,56651,56652,1
rising,56676,56652,56676,24
climbing,56727,56676,56727,51
hunching,56728,56727,56728,1
sniffing,56729,56728,56729,1
walking,56752,56729,56752,23
sniffing,56803,56752,56803,51
stepping,56837,56803,56837,34
sniffing,56849,56837,56849,12
left_turning,56913,56849,56913,64
sniffing,56914,56913,56914,1
rising,56973,56914,56973,59
climbing,57032,56973,57032,59
rearing,57049,57032,57049,17
sniffing,57050,57049,57050,1
walking,57137,57050,57137,87
sniffing,57239,57137,57239,102
left_turning,57291,57239,57291,52
running,57299,57291,57299,8
stepping,57322,57299,57322,23
sniffing,57394,57322,57394,72
left_turning,57442,57394,57442,48
rising,57443,57442,57443,1
right_turning,57444,57443,57444,1
sniffing,57695,57444,57695,251
left_turning,57696,57695,57696,1
walking,57705,57696,57705,9
sniffing,57759,57705,57759,54
walking,57775,57759,57775,16
sniffing,57821,57775,57821,46
walking,57835,57821,57835,14
rising,57854,57835,57854,19
climbing,57942,57854,57942,88
rearing,57943,57942,57943,1
hunching,58020,57943,58020,77
left_turning,58043,58020,58043,23
trotting,58090,58043,58090,47
sniffing,58210,58090,58210,120
pausing,58211,58210,58211,1
sniffing,58272,58211,58272,61
rising,58315,58272,58315,43
grooming,58389,58315,58389,74
rearing,58421,58389,58421,32
climbing,58463,58421,58463,42
left_turning,58536,58463,58536,73
walking,58555,58536,58555,19
climbing,58613,58555,58613,58
grooming,58614,58613,58614,1
left_turning,58659,58614,58659,45
sniffing,58674,58659,58674,15
stepping,58720,58674,58720,46
left_turning,58721,58720,58721,1
sniffing,58827,58721,58827,106
climbing,58858,58827,58858,31
rising,58859,58858,58859,1
jumping,58969,58859,58969,110
hunching,59051,58969,59051,82
sniffing,59052,59051,59052,1
walking,59053,59052,59053,1
climbing,59096,59053,59096,43
hunching,59155,59096,59155,59
sniffing,59199,59155,59199,44
rearing,59239,59199,59239,40
sniffing,59275,59239,59275,36
left_turning,59308,59275,59308,33
trotting,59334,59308,59334,26
walking,59365,59334,59365,31
sniffing,59366,59365,59366,1
rising,59367,59366,59367,1
climbing,59444,59367,59444,77
rising,59480,59444,59480,36
jumping,59526,59480,59526,46
rising,59553,59526,59553,27
sniffing,59556,59553,59556,3
stepping,59576,59556,59576,20
walking,59616,59576,59616,40
sniffing,59646,59616,59646,30
walking,59647,59646,59647,1
sniffing,59648,59647,59648,1
stepping,59658,59648,59658,10
sniffing,59787,59658,59787,129
walking,59851,59787,59851,64
sniffing,59875,59851,59875,24
left_turning,59888,59875,59888,13
walking,59917,59888,59917,29
sniffing,60118,59917,60118,201
rising,60153,60118,60153,35
walking,60156,60153,60156,3
rearing,60267,60156,60267,111
grooming,60268,60267,60268,1
hunching,60392,60268,60392,124
rearing,60446,60392,60446,54
sniffing,60447,60446,60447,1
climbing,60477,60447,60477,30
sniffing,60602,60477,60602,125
rising,60637,60602,60637,35
climbing,60638,60637,60638,1
rising,60719,60638,60719,81
sniffing,60741,60719,60741,22
rising,60742,60741,60742,1
climbing,60783,60742,60783,41
rising,60784,60783,60784,1
left_turning,60785,60784,60785,1
sniffing,60871,60785,60871,86
walking,60955,60871,60955,84
left_turning,60956,60955,60956,1
walking,61006,60956,61006,50
climbing,61035,61006,61035,29
walking,61068,61035,61068,33
trotting,61114,61068,61114,46
walking,61124,61114,61124,10
climbing,61194,61124,61194,70
sniffing,61256,61194,61256,62
left_turning,61294,61256,61294,38
sniffing,61297,61294,61297,3
left_turning,61329,61297,61329,32
sniffing,61330,61329,61330,1
climbing,61389,61330,61389,59
walking,61424,61389,61424,35
left_turning,61521,61424,61521,97
walking,61569,61521,61569,48
rising,61570,61569,61570,1
sniffing,61571,61570,61571,1
pausing,61572,61571,61572,1
sniffing,61609,61572,61609,37
climbing,61651,61609,61651,42
walking,61669,61651,61669,18
sniffing,61670,61669,61670,1
climbing,61798,61670,61798,128
trotting,61833,61798,61833,35
walking,61877,61833,61877,44
stepping,61931,61877,61931,54
climbing,61996,61931,61996,65
walking,61997,61996,61997,1
sniffing,61998,61997,61998,1
hunching,61999,61998,61999,1
left_turning,62067,61999,62067,68
rising,62117,62067,62117,50
climbing,62179,62117,62179,62
trotting,62208,62179,62208,29
sniffing,62247,62208,62247,39
walking,62276,62247,62276,29
sniffing,62277,62276,62277,1
stepping,62278,62277,62278,1
sniffing,62289,62278,62289,11
rising,62333,62289,62333,44
walking,62401,62333,62401,68
sniffing,62433,62401,62433,32
rising,62517,62433,62517,84
rearing,62532,62517,62532,15
rising,62635,62532,62635,103
climbing,62715,62635,62715,80
rearing,62735,62715,62735,20
sniffing,62737,62735,62737,2
grooming,62763,62737,62763,26
rearing,62792,62763,62792,29
hunching,62944,62792,62944,152
climbing,62945,62944,62945,1
sniffing,63021,62945,63021,76
left_turning,63022,63021,63022,1
sniffing,63023,63022,63023,1
walking,63047,63023,63047,24
rising,63048,63047,63048,1
sniffing,63185,63048,63185,137
rising,63242,63185,63242,57
sniffing,63336,63242,63336,94
walking,63374,63336,63374,38
climbing,63408,63374,63408,34
rising,63461,63408,63461,53
sniffing,63462,63461,63462,1
running,63496,63462,63496,34
sniffing,63497,63496,63497,1
walking,63498,63497,63498,1
sniffing,63526,63498,63526,28
rising,63567,63526,63567,41
climbing,63647,63567,63647,80
rising,63658,63647,63658,11
sniffing,63673,63658,63673,15
walking,63734,63673,63734,61
sniffing,63735,63734,63735,1
rising,63736,63735,63736,1
rearing,63806,63736,63806,70
sniffing,63892,63806,63892,86
grooming,63893,63892,63893,1
trotting,63929,63893,63929,36
sniffing,63948,63929,63948,19
climbing,64025,63948,64025,77
rising,64134,64025,64134,109
sniffing,64209,64134,64209,75
running,64214,64209,64214,5
sniffing,64320,64214,64320,106
trotting,64356,64320,64356,36
walking,64414,64356,64414,58
rising,64417,64414,64417,3
sniffing,64540,64417,64540,123
left_turning,64575,64540,64575,35
sniffing,64598,64575,64598,23
rising,64626,64598,64626,28
sniffing,64681,64626,64681,55
rising,64682,64681,64682,1
climbing,64767,64682,64767,85
rearing,64940,64767,64940,173
stepping,64971,64940,64971,31
right_turning,64994,64971,64994,23
walking,65008,64994,65008,14
left_turning,65166,65008,65166,158
trotting,65167,65166,65167,1
rising,65208,65167,65208,41
left_turning,65241,65208,65241,33
walking,65242,65241,65242,1
trotting,65264,65242,65264,22
left_turning,65280,65264,65280,16
walking,65322,65280,65322,42
rising,65337,65322,65337,15
stepping,65363,65337,65363,26
sniffing,65401,65363,65401,38
walking,65436,65401,65436,35
sniffing,65552,65436,65552,116
rising,65568,65552,65568,16
sniffing,65694,65568,65694,126
walking,65702,65694,65702,8
left_turning,65773,65702,65773,71
walking,65790,65773,65790,17
left_turning,65791,65790,65791,1
walking,65792,65791,65792,1
rearing,65842,65792,65842,50
climbing,65869,65842,65869,27
walking,65902,65869,65902,33
sniffing,65913,65902,65913,11
left_turning,65914,65913,65914,1
stepping,65941,65914,65941,27
climbing,65997,65941,65997,56
sniffing,65998,65997,65998,1
rising,66017,65998,66017,19
climbing,66018,66017,66018,1
trotting,66019,66018,66019,1
right_turning,66049,66019,66049,30
running,66093,66049,66093,44
walking,66126,66093,66126,33
climbing,66190,66126,66190,64
right_turning,66200,66190,66200,10
trotting,66221,66200,66221,21
rising,66243,66221,66243,22
climbing,66265,66243,66265,22
rearing,66266,66265,66266,1
rising,66267,66266,66267,1
climbing,66295,66267,66295,28
walking,66388,66295,66388,93
stepping,66408,66388,66408,20
trotting,66417,66408,66417,9
sniffing,66505,66417,66505,88
grooming,66857,66505,66857,352
rearing,66858,66857,66858,1
sniffing,66859,66858,66859,1
rising,66862,66859,66862,3
climbing,66915,66862,66915,53
sniffing,66916,66915,66916,1
rising,67005,66916,67005,89
climbing,67061,67005,67061,56
right_turning,67077,67061,67077,16
rising,67121,67077,67121,44
right_turning,67146,67121,67146,25
walking,67147,67146,67147,1
rising,67228,67147,67228,81
sniffing,67297,67228,67297,69
left_turning,67360,67297,67360,63
sniffing,67445,67360,67445,85
climbing,67460,67445,67460,15
hunching,67477,67460,67477,17
sniffing,67503,67477,67503,26
trotting,67546,67503,67546,43
sniffing,67623,67546,67623,77
left_turning,67665,67623,67665,42
walking,67685,67665,67685,20
left_turning,67823,67685,67823,138
walking,67869,67823,67869,46
rearing,67955,67869,67955,86
grooming,68203,67955,68203,248
sniffing,68347,68203,68347,144
left_turning,68348,68347,68348,1
walking,68349,68348,68349,1
stepping,68365,68349,68365,16
left_turning,68408,68365,68408,43
rising,68435,68408,68435,27
sniffing,68623,68435,68623,188
walking,68667,68623,68667,44
stepping,68680,68667,68680,13
rising,68681,68680,68681,1
climbing,68713,68681,68713,32
rearing,68743,68713,68743,30
rising,68874,68743,68874,131
sniffing,68945,68874,68945,71
right_turning,68980,68945,68980,35
climbing,68985,68980,68985,5
trotting,69009,68985,69009,24
walking,69041,69009,69041,32
trotting,69085,69041,69085,44
left_turning,69086,69085,69086,1
sniffing,69136,69086,69136,50
pausing,69287,69136,69287,151
sniffing,69389,69287,69389,102
left_turning,69418,69389,69418,29
sniffing,69423,69418,69423,5
grooming,69698,69423,69698,275
hunching,69948,69698,69948,250
grooming,69970,69948,69970,22
left_turning,69994,69970,69994,24
running,70010,69994,70010,16
sniffing,70044,70010,70044,34
walking,70063,70044,70063,19
stepping,70068,70063,70068,5
trotting,70125,70068,70125,57
hunching,70129,70125,70129,4
climbing,70179,70129,70179,50
walking,70248,70179,70248,69
left_turning,70249,70248,70249,1
rising,70250,70249,70250,1
sniffing,70326,70250,70326,76
climbing,70374,70326,70374,48
rising,70385,70374,70385,11
hunching,70392,70385,70392,7
rearing,70580,70392,70580,188
walking,70612,70580,70612,32
trotting,70613,70612,70613,1
stepping,70622,70613,70622,9
sniffing,70730,70622,70730,108
trotting,70765,70730,70765,35
sniffing,70820,70765,70820,55
rearing,70971,70820,70971,151
grooming,70972,70971,70972,1
sniffing,71077,70972,71077,105
right_turning,71111,71077,71111,34
sniffing,71146,71111,71146,35
pausing,71296,71146,71296,150
sniffing,71317,71296,71317,21
left_turning,71318,71317,71318,1
trotting,71334,71318,71334,16
walking,71381,71334,71381,47
sniffing,71382,71381,71382,1
left_turning,71499,71382,71499,117
walking,71544,71499,71544,45
sniffing,71570,71544,71570,26
climbing,71646,71570,71646,76
walking,71725,71646,71725,79
sniffing,71791,71725,71791,66
left_turning,71792,71791,71792,1
climbing,71828,71792,71828,36
left_turning,71891,71828,71891,63
sniffing,71948,71891,71948,57
rising,71964,71948,71964,16
climbing,72116,71964,72116,152
grooming,72117,72116,72117,1
rising,72151,72117,72151,34
climbing,72344,72151,72344,193
rising,72360,72344,72360,16
climbing,72427,72360,72427,67
grooming,72677,72427,72677,250
climbing,72679,72677,72679,2
hunching,72739,72679,72739,60
rising,72782,72739,72782,43
grooming,72940,72782,72940,158
rearing,72998,72940,72998,58
sniffing,73060,72998,73060,62
walking,73134,73060,73134,74
sniffing,73219,73134,73219,85
rising,73230,73219,73230,11
sniffing,73253,73230,73253,23
stepping,73254,73253,73254,1
right_turning,73257,73254,73257,3
walking,73298,73257,73298,41
sniffing,73345,73298,73345,47
walking,73346,73345,73346,1
trotting,73395,73346,73395,49
walking,73424,73395,73424,29
sniffing,73447,73424,73447,23
walking,73475,73447,73475,28
stepping,73495,73475,73495,20
left_turning,73496,73495,73496,1
rising,73529,73496,73529,33
climbing,73546,73529,73546,17
trotting,73571,73546,73571,25
stepping,73625,73571,73625,54
climbing,73658,73625,73658,33
rearing,73728,73658,73728,70
rising,73800,73728,73800,72
rearing,73801,73800,73801,1
sniffing,73815,73801,73815,14
walking,73823,73815,73823,8
trotting,73838,73823,73838,15
climbing,73839,73838,73839,1
sniffing,73840,73839,73840,1
left_turning,73905,73840,73905,65
sniffing,73939,73905,73939,34
climbing,73998,73939,73998,59
walking,74039,73998,74039,41
climbing,74122,74039,74122,83
left_turning,74197,74122,74197,75
climbing,74260,74197,74260,63
rearing,74385,74260,74385,125
running,74426,74385,74426,41
hunching,74494,74426,74494,68
right_turning,74495,74494,74495,1
sniffing,74565,74495,74565,70
rising,74584,74565,74584,19
climbing,74677,74584,74677,93
walking,74684,74677,74684,7
sniffing,74685,74684,74685,1
rising,74708,74685,74708,23
sniffing,74718,74708,74718,10
rearing,74719,74718,74719,1
sniffing,74720,74719,74720,1
pausing,74870,74720,74870,150
sniffing,74899,74870,74899,29
walking,74913,74899,74913,14
climbing,74924,74913,74924,11
sniffing,74970,74924,74970,46
rising,75018,74970,75018,48
sniffing,75019,75018,75019,1
left_turning,75020,75019,75020,1
rising,75040,75020,75040,20
stepping,75089,75040,75089,49
sniffing,75285,75089,75285,196
climbing,75355,75285,75355,70
sniffing,75356,75355,75356,1
walking,75374,75356,75374,18
sniffing,75423,75374,75423,49
left_turning,75424,75423,75424,1
sniffing,75471,75424,75471,47
walking,75502,75471,75502,31
rising,75529,75502,75529,27
climbing,75558,75529,75558,29
sniffing,75559,75558,75559,1
pausing,75708,75559,75708,149
sniffing,75748,75708,75748,40
rising,75749,75748,75749,1
stepping,75780,75749,75780,31
sniffing,75813,75780,75813,33
climbing,75885,75813,75885,72
rearing,75886,75885,75886,1
rising,75887,75886,75887,1
walking,75922,75887,75922,35
stepping,75985,75922,75985,63
sniffing,76041,75985,76041,56
left_turning,76045,76041,76045,4
walking,76076,76045,76076,31
sniffing,76077,76076,76077,1
left_turning,76142,76077,76142,65
right_turning,76171,76142,76171,29
sniffing,76208,76171,76208,37
trotting,76241,76208,76241,33
stepping,76246,76241,76246,5
walking,76275,76246,76275,29
climbing,76318,76275,76318,43
rearing,76417,76318,76417,99
walking,76444,76417,76444,27
right_turning,76445,76444,76445,1
climbing,76477,76445,76477,32
walking,76478,76477,76478,1
sniffing,76479,76478,76479,1
walking,76484,76479,76484,5
sniffing,76485,76484,76485,1
climbing,76554,76485,76554,69
walking,76556,76554,76556,2
climbing,76600,76556,76600,44
rearing,76610,76600,76610,10
rising,76624,76610,76624,14
climbing,76665,76624,76665,41
right_turning,76694,76665,76694,29
stepping,76710,76694,76710,16
walking,76713,76710,76713,3
rising,76745,76713,76745,32
rearing,76754,76745,76754,9
sniffing,76755,76754,76755,1
rearing,76775,76755,76775,20
climbing,76784,76775,76784,9
rearing,77029,76784,77029,245
hunching,77030,77029,77030,1
right_turning,77056,77030,77056,26
sniffing,77057,77056,77057,1
rising,77144,77057,77144,87
walking,77145,77144,77145,1
right_turning,77183,77145,77183,38
walking,77227,77183,77227,44
sniffing,77314,77227,77314,87
left_turning,77341,77314,77341,27
sniffing,77390,77341,77390,49
stepping,77424,77390,77424,34
sniffing,77641,77424,77641,217
left_turning,77652,77641,77652,11
walking,77667,77652,77667,15
sniffing,77688,77667,77688,21
climbing,77708,77688,77708,20
hunching,77709,77708,77709,1
right_turning,77735,77709,77735,26
rising,77795,77735,77795,60
climbing,77804,77795,77804,9
rearing,77866,77804,77866,62
climbing,77904,77866,77904,38
rising,77920,77904,77920,16
walking,77954,77920,77954,34
climbing,78010,77954,78010,56
rising,78046,78010,78046,36
sniffing,78047,78046,78047,1
hunching,78050,78047,78050,3
grooming,78205,78050,78205,155
rearing,78350,78205,78350,145
climbing,78395,78350,78395,45
walking,78397,78395,78397,2
climbing,78465,78397,78465,68
walking,78493,78465,78493,28
left_turning,78494,78493,78494,1
running,78516,78494,78516,22
sniffing,78551,78516,78551,35
left_turning,78594,78551,78594,43
sniffing,78600,78594,78600,6
stepping,78625,78600,78625,25
sniffing,78657,78625,78657,32
rising,78681,78657,78681,24
climbing,78796,78681,78796,115
trotting,78820,78796,78820,24
walking,78840,78820,78840,20
sniffing,78916,78840,78916,76
right_turning,78924,78916,78924,8
running,78963,78924,78963,39
trotting,79003,78963,79003,40
walking,79055,79003,79055,52
trotting,79073,79055,79073,18
rising,79098,79073,79098,25
stepping,79134,79098,79134,36
rearing,79135,79134,79135,1
left_turning,79136,79135,79136,1
sniffing,79160,79136,79160,24
climbing,79199,79160,79199,39
sniffing,79200,79199,79200,1
stepping,79248,79200,79248,48
walking,79293,79248,79293,45
climbing,79384,79293,79384,91
rising,79385,79384,79385,1
sniffing,79524,79385,79524,139
right_turning,79544,79524,79544,20
walking,79572,79544,79572,28
climbing,79631,79572,79631,59
sniffing,79654,79631,79654,23
grooming,79873,79654,79873,219
hunching,79874,79873,79874,1
left_turning,79875,79874,79875,1
right_turning,79891,79875,79891,16
walking,79892,79891,79892,1
stepping,79938,79892,79938,46
rising,79939,79938,79939,1
trotting,79943,79939,79943,4
sniffing,80073,79943,80073,130
climbing,80098,80073,80098,25
left_turning,80101,80098,80101,3
sniffing,80223,80101,80223,122
walking,80252,80223,80252,29
left_turning,80278,80252,80278,26
sniffing,80310,80278,80310,32
walking,80323,80310,80323,13
stepping,80341,80323,80341,18
sniffing,80563,80341,80563,222
stepping,80601,80563,80601,38
sniffing,80694,80601,80694,93
trotting,80735,80694,80735,41
right_turning,80775,80735,80775,40
walking,80786,80775,80786,11
right_turning,80787,80786,80787,1
walking,80836,80787,80836,49
climbing,80871,80836,80871,35
walking,80910,80871,80910,39
left_turning,80979,80910,80979,69
sniffing,81069,80979,81069,90
climbing,81130,81069,81130,61
grooming,81131,81130,81131,1
sniffing,81173,81131,81173,42
left_turning,81199,81173,81199,26
walking,81245,81199,81245,46
sniffing,81246,81245,81246,1
rearing,81395,81246,81395,149
grooming,81884,81395,81884,489
rearing,81885,81884,81885,1
sniffing,81965,81885,81965,80
stepping,81977,81965,81977,12
sniffing,82034,81977,82034,57
grooming,82035,82034,82035,1
rearing,82093,82035,82093,58
sniffing,82130,82093,82130,37
pausing,82297,82130,82297,167
sniffing,82462,82297,82462,165
hunching,82528,82462,82528,66
rearing,82538,82528,82538,10
grooming,82738,82538,82738,200
rearing,82769,82738,82769,31
climbing,82799,82769,82799,30
rising,82820,82799,82820,21
climbing,82882,82820,82882,62
rising,82905,82882,82905,23
rearing,82983,82905,82983,78
sniffing,83039,82983,83039,56
grooming,83416,83039,83416,377
climbing,83516,83416,83516,100
running,83535,83516,83535,19
walking,83559,83535,83559,24
sniffing,83560,83559,83560,1
walking,83623,83560,83623,63
sniffing,83649,83623,83649,26
walking,83773,83649,83773,124
rising,83791,83773,83791,18
sniffing,83792,83791,83792,1
right_turning,83793,83792,83793,1
walking,83821,83793,83821,28
left_turning,83839,83821,83839,18
sniffing,83877,83839,83877,38
climbing,83945,83877,83945,68
rising,83973,83945,83973,28
climbing,84065,83973,84065,92
sniffing,84066,84065,84066,1
walking,84122,84066,84122,56
rearing,84123,84122,84123,1
trotting,84124,84123,84124,1
running,84168,84124,84168,44
left_turning,84197,84168,84197,29
walking,84248,84197,84248,51
left_turning,84281,84248,84281,33
sniffing,84282,84281,84282,1
rising,84301,84282,84301,19
rearing,84371,84301,84371,70
hunching,84456,84371,84456,85
grooming,84785,84456,84785,329
rearing,84928,84785,84928,143
left_turning,85010,84928,85010,82
running,85017,85010,85017,7
left_turning,85061,85017,85061,44
right_turning,85065,85061,85065,4
sniffing,85066,85065,85066,1
climbing,85127,85066,85127,61
walking,85165,85127,85165,38
stepping,85169,85165,85169,4
left_turning,85227,85169,85227,58
sniffing,85305,85227,85305,78
rearing,85306,85305,85306,1
rising,85343,85306,85343,37
climbing,85380,85343,85380,37
walking,85404,85380,85404,24
sniffing,85472,85404,85472,68
walking,85473,85472,85473,1
stepping,85504,85473,85504,31
trotting,85514,85504,85514,10
sniffing,85613,85514,85613,99
rising,85753,85613,85753,140
trotting,85756,85753,85756,3
walking,85781,85756,85781,25
running,85802,85781,85802,21
left_turning,85887,85802,85887,85
right_turning,85909,85887,85909,22
trotting,85929,85909,85929,20
sniffing,85954,85929,85954,25
rising,86009,85954,86009,55
rearing,86010,86009,86010,1
grooming,86200,86010,86200,190
rearing,86489,86200,86489,289
climbing,86490,86489,86490,1
running,86509,86490,86509,19
rising,86516,86509,86516,7
climbing,86519,86516,86519,3
right_turning,86546,86519,86546,27
sniffing,86615,86546,86615,69
left_turning,86654,86615,86654,39
walking,86741,86654,86741,87
sniffing,86784,86741,86784,43
hunching,86837,86784,86837,53
rearing,86878,86837,86878,41
hunching,86931,86878,86931,53
climbing,86970,86931,86970,39
rising,86971,86970,86971,1
sniffing,87020,86971,87020,49
rising,87048,87020,87048,28
climbing,87049,87048,87049,1
hunching,87050,87049,87050,1
grooming,87051,87050,87051,1
sniffing,87058,87051,87058,7
walking,87074,87058,87074,16
sniffing,87157,87074,87157,83
left_turning,87186,87157,87186,29
sniffing,87232,87186,87232,46
rising,87233,87232,87233,1
grooming,87479,87233,87479,246
trotting,87507,87479,87507,28
climbing,87561,87507,87561,54
right_turning,87573,87561,87573,12
trotting,87595,87573,87595,22
rising,87598,87595,87598,3
sniffing,87655,87598,87655,57
left_turning,87810,87655,87810,155
stepping,87883,87810,87883,73
sniffing,87924,87883,87924,41
rising,87925,87924,87925,1
climbing,87976,87925,87976,51
hunching,88025,87976,88025,49
climbing,88039,88025,88039,14
sniffing,88040,88039,88040,1
climbing,88075,88040,88075,35
rising,88076,88075,88076,1
climbing,88139,88076,88139,63
rising,88140,88139,88140,1
sniffing,88181,88140,88181,41
hunching,88182,88181,88182,1
grooming,88625,88182,88625,443
rearing,88704,88625,88704,79
grooming,88772,88704,88772,68
climbing,88773,88772,88773,1
right_turning,88774,88773,88774,1
walking,88795,88774,88795,21
sniffing,88796,88795,88796,1
rising,88797,88796,88797,1
climbing,88803,88797,88803,6
right_turning,88828,88803,88828,25
running,88856,88828,88856,28
left_turning,88923,88856,88923,67
walking,89008,88923,89008,85
sniffing,89165,89008,89165,157
trotting,89176,89165,89176,11
rising,89260,89176,89260,84
sniffing,89393,89260,89393,133
rising,89452,89393,89452,59
climbing,89533,89452,89533,81
rising,89551,89533,89551,18
sniffing,89657,89551,89657,106
climbing,89700,89657,89700,43
grooming,89780,89700,89780,80
rearing,89781,89780,89781,1
climbing,89812,89781,89812,31
rising,89865,89812,89865,53
climbing,89931,89865,89931,66
hunching,90118,89931,90118,187
climbing,90119,90118,90119,1
sniffing,90128,90119,90128,9
rising,90150,90128,90150,22
sniffing,90232,90150,90232,82
walking,90278,90232,90278,46
sniffing,90279,90278,90279,1
grooming,90412,90279,90412,133
hunching,90502,90412,90502,90
sniffing,90562,90502,90562,60
rearing,90626,90562,90626,64
walking,90640,90626,90640,14
right_turning,90664,90640,90664,24
walking,90708,90664,90708,44
sniffing,90709,90708,90709,1
climbing,90732,90709,90732,23
rising,90769,90732,90769,37
trotting,90791,90769,90791,22
sniffing,90834,90791,90834,43
stepping,90853,90834,90853,19
sniffing,90872,90853,90872,19
climbing,90932,90872,90932,60
rising,90933,90932,90933,1
left_turning,90937,90933,90937,4
climbing,90961,90937,90961,24
trotting,90997,90961,90997,36
walking,90998,90997,90998,1
rising,91016,90998,91016,18
climbing,91067,91016,91067,51
right_turning,91085,91067,91085,18
trotting,91112,91085,91112,27
rising,91133,91112,91133,21
walking,91152,91133,91152,19
rising,91158,91152,91158,6
hunching,91205,91158,91205,47
climbing,91206,91205,91206,1
sniffing,91316,91206,91316,110
hunching,91560,91316,91560,244
grooming,91626,91560,91626,66
climbing,91639,91626,91639,13
grooming,91640,91639,91640,1
sniffing,91809,91640,91809,169
rising,91829,91809,91829,20
climbing,91837,91829,91837,8
walking,91853,91837,91853,16
left_turning,91910,91853,91910,57
rearing,91916,91910,91916,6
rising,91953,91916,91953,37
sniffing,92046,91953,92046,93
walking,92079,92046,92079,33
sniffing,92080,92079,92080,1
walking,92088,92080,92088,8
climbing,92206,92088,92206,118
rearing,92207,92206,92207,1
sniffing,92208,92207,92208,1
walking,92248,92208,92248,40
rising,92249,92248,92249,1
sniffing,92260,92249,92260,11
rising,92277,92260,92277,17
sniffing,92430,92277,92430,153
rising,92445,92430,92445,15
climbing,92531,92445,92531,86
hunching,92532,92531,92532,1
rearing,92576,92532,92576,44
sniffing,92636,92576,92636,60
walking,92653,92636,92653,17
rising,92661,92653,92661,8
sniffing,92662,92661,92662,1
running,92689,92662,92689,27
sniffing,92690,92689,92690,1
walking,92699,92690,92699,9
sniffing,92731,92699,92731,32
rising,92732,92731,92732,1
walking,92778,92732,92778,46
sniffing,92780,92778,92780,2
grooming,92781,92780,92781,1
sniffing,92869,92781,92869,88
right_turning,92879,92869,92879,10
walking,92890,92879,92890,11
sniffing,92967,92890,92967,77
stepping,92996,92967,92996,29
hunching,93032,92996,93032,36
trotting,93033,93032,93033,1
left_turning,93058,93033,93058,25
walking,93102,93058,93102,44
climbing,93103,93102,93103,1
hunching,93160,93103,93160,57
grooming,93219,93160,93219,59
sniffing,93311,93219,93311,92
walking,93367,93311,93367,56
climbing,93553,93367,93553,186
running,93583,93553,93583,30
rising,93604,93583,93604,21
climbing,93662,93604,93662,58
rising,93666,93662,93666,4
climbing,93728,93666,93728,62
rising,93729,93728,93729,1
sniffing,93748,93729,93748,19
left_turning,93749,93748,93749,1
sniffing,93750,93749,93750,1
climbing,93765,93750,93765,15
walking,93817,93765,93817,52
sniffing,93818,93817,93818,1
climbing,93870,93818,93870,52
sniffing,93871,93870,93871,1
rising,93874,93871,93874,3
rearing,93887,93874,93887,13
rising,93942,93887,93942,55
rearing,93943,93942,93943,1
hunching,93944,93943,93944,1
rising,93986,93944,93986,42
sniffing,93990,93986,93990,4
rising,94021,93990,94021,31
sniffing,94022,94021,94022,1
rising,94023,94022,94023,1
sniffing,94044,94023,94044,21
walking,94074,94044,94074,30
rising,94085,94074,94085,11
rearing,94113,94085,94113,28
grooming,94354,94113,94354,241
climbing,94395,94354,94395,41
hunching,94410,94395,94410,15
sniffing,94411,94410,94411,1
rising,94420,94411,94420,9
left_turning,94600,94420,94600,180
walking,94654,94600,94654,54
sniffing,94693,94654,94693,39
rearing,94733,94693,94733,40
walking,94734,94733,94734,1
rising,94735,94734,94735,1
rearing,94792,94735,94792,57
sniffing,94793,94792,94793,1
rising,94794,94793,94794,1
rearing,94871,94794,94871,77
sniffing,94968,94871,94968,97
walking,94989,94968,94989,21
rearing,94990,94989,94990,1
rising,94991,94990,94991,1
climbing,95019,94991,95019,28
left_turning,95050,95019,95050,31
sniffing,95051,95050,95051,1
rearing,95070,95051,95070,19
sniffing,95175,95070,95175,105
walking,95248,95175,95248,73
left_turning,95273,95248,95273,25
walking,95332,95273,95332,59
left_turning,95335,95332,95335,3
sniffing,95374,95335,95374,39
rising,95375,95374,95375,1
climbing,95413,95375,95413,38
sniffing,95414,95413,95414,1
rising,95455,95414,95455,41
sniffing,95519,95455,95519,64
rearing,95662,95519,95662,143
sniffing,95663,95662,95663,1
grooming,95970,95663,95970,307
rearing,96005,95970,96005,35
sniffing,96105,96005,96105,100
rearing,96227,96105,96227,122
sniffing,96238,96227,96238,11
left_turning,96365,96238,96365,127
walking,96411,96365,96411,46
rising,96421,96411,96421,10
climbing,96450,96421,96450,29
rearing,96475,96450,96475,25
trotting,96476,96475,96476,1
sniffing,96535,96476,96535,59
climbing,96549,96535,96549,14
left_turning,96599,96549,96599,50
rising,96611,96599,96611,12
climbing,96678,96611,96678,67
hunching,96679,96678,96679,1
rising,96718,96679,96718,39
left_turning,96808,96718,96808,90
sniffing,96849,96808,96849,41
left_turning,96899,96849,96899,50
sniffing,97204,96899,97204,305
walking,97207,97204,97207,3
sniffing,97226,97207,97226,19
walking,97285,97226,97285,59
sniffing,97343,97285,97343,58
walking,97377,97343,97377,34
sniffing,97413,97377,97413,36
walking,97431,97413,97431,18
stepping,97470,97431,97470,39
right_turning,97474,97470,97474,4
left_turning,97532,97474,97532,58
walking,97548,97532,97548,16
climbing,97549,97548,97549,1
sniffing,97550,97549,97550,1
climbing,97618,97550,97618,68
sniffing,97620,97618,97620,2
hunching,97621,97620,97621,1
rising,97675,97621,97675,54
sniffing,97724,97675,97724,49
rising,97772,97724,97772,48
climbing,97820,97772,97820,48
hunching,97821,97820,97821,1
climbing,97838,97821,97838,17
rising,97889,97838,97889,51
climbing,97935,97889,97935,46
rising,97940,97935,97940,5
walking,97975,97940,97975,35
rising,97989,97975,97989,14
running,98012,97989,98012,23
trotting,98016,98012,98016,4
walking,98045,98016,98045,29
left_turning,98099,98045,98099,54
sniffing,98177,98099,98177,78
walking,98235,98177,98235,58
sniffing,98249,98235,98249,14
trotting,98261,98249,98261,12
walking,98339,98261,98339,78
left_turning,98379,98339,98379,40
sniffing,98440,98379,98440,61
right_turning,98442,98440,98442,2
trotting,98476,98442,98476,34
rearing,98557,98476,98557,81
climbing,98617,98557,98617,60
left_turning,98746,98617,98746,129
sniffing,98750,98746,98750,4
walking,98784,98750,98784,34
sniffing,98815,98784,98815,31
walking,98857,98815,98857,42
left_turning,99010,98857,99010,153
sniffing,99011,99010,99011,1
rising,99012,99011,99012,1
walking,99064,99012,99064,52
trotting,99082,99064,99082,18
sniffing,99157,99082,99157,75
walking,99158,99157,99158,1
sniffing,99288,99158,99288,130
rearing,99449,99288,99449,161
walking,99456,99449,99456,7
climbing,99457,99456,99457,1
rising,99507,99457,99507,50
sniffing,99572,99507,99572,65
rising,99573,99572,99573,1
rearing,99574,99573,99574,1
rising,99616,99574,99616,42
rearing,99780,99616,99780,164
sniffing,99786,99780,99786,6
rising,99788,99786,99788,2
sniffing,99789,99788,99789,1
walking,99869,99789,99869,80
rising,99926,99869,99926,57
rearing,99994,99926,99994,68
sniffing,100028,99994,100028,34
rising,100029,100028,100029,1
climbing,100056,100029,100056,27
sniffing,100194,100056,100194,138
rising,100205,100194,100205,11
sniffing,100238,100205,100238,33
pausing,100239,100238,100239,1
sniffing,100240,100239,100240,1
walking,100255,100240,100255,15
grooming,100373,100255,100373,118
rising,100374,100373,100374,1
rearing,100462,100374,100462,88
right_turning,100485,100462,100485,23
left_turning,100486,100485,100486,1
trotting,100487,100486,100487,1
walking,100515,100487,100515,28
left_turning,100561,100515,100561,46
sniffing,100609,100561,100609,48
climbing,100695,100609,100695,86
hunching,100696,100695,100696,1
grooming,100911,100696,100911,215
sniffing,100987,100911,100987,76
pausing,100988,100987,100988,1
sniffing,101016,100988,101016,28
walking,101017,101016,101017,1
sniffing,101095,101017,101095,78
hunching,101280,101095,101280,185
trotting,101314,101280,101314,34
walking,101372,101314,101372,58
rising,101373,101372,101373,1
sniffing,101387,101373,101387,14
left_turning,101419,101387,101419,32
running,101431,101419,101431,12
rising,101456,101431,101456,25
climbing,101457,101456,101457,1
rising,101458,101457,101458,1
sniffing,101510,101458,101510,52
left_turning,101541,101510,101541,31
sniffing,101542,101541,101542,1
rising,101543,101542,101543,1
sniffing,101544,101543,101544,1
rising,101545,101544,101545,1
sniffing,101672,101545,101672,127
rearing,101730,101672,101730,58
rising,101831,101730,101831,101
climbing,101832,101831,101832,1
right_turning,101861,101832,101861,29
rising,101963,101861,101963,102
stepping,101964,101963,101964,1
sniffing,101965,101964,101965,1
rising,102021,101965,102021,56
left_turning,102025,102021,102025,4
sniffing,102068,102025,102068,43
walking,102153,102068,102153,85
sniffing,102176,102153,102176,23
right_turning,102189,102176,102189,13
sniffing,102193,102189,102193,4
rearing,102280,102193,102280,87
hunching,102284,102280,102284,4
grooming,102285,102284,102285,1
rearing,102330,102285,102330,45
walking,102370,102330,102370,40
sniffing,102420,102370,102420,50
rising,102421,102420,102421,1
sniffing,102536,102421,102536,115
climbing,102537,102536,102537,1
rearing,102650,102537,102650,113
walking,102679,102650,102679,29
right_turning,102680,102679,102680,1
running,102713,102680,102713,33
climbing,102808,102713,102808,95
grooming,102889,102808,102889,81
rising,102958,102889,102958,69
climbing,102960,102958,102960,2
rising,102985,102960,102985,25
right_turning,103036,102985,103036,51
sniffing,103136,103036,103136,100
grooming,103137,103136,103137,1
sniffing,103138,103137,103138,1
walking,103160,103138,103160,22
sniffing,103282,103160,103282,122
right_turning,103311,103282,103311,29
trotting,103343,103311,103343,32
sniffing,103410,103343,103410,67
stepping,103491,103410,103491,81
sniffing,103602,103491,103602,111
right_turning,103620,103602,103620,18
sniffing,103637,103620,103637,17
walking,103679,103637,103679,42
rising,103680,103679,103680,1
grooming,104068,103680,104068,388
climbing,104121,104068,104121,53
sniffing,104144,104121,104144,23
rising,104194,104144,104194,50
climbing,104315,104194,104315,121
rising,104365,104315,104365,50
left_turning,104464,104365,104464,99
sniffing,104465,104464,104465,1
grooming,104466,104465,104466,1
hunching,104541,104466,104541,75
climbing,104584,104541,104584,43
rearing,104585,104584,104585,1
walking,104651,104585,104651,66
stepping,104665,104651,104665,14
sniffing,104677,104665,104677,12
left_turning,104712,104677,104712,35
trotting,104736,104712,104736,24
sniffing,104737,104736,104737,1
stepping,104804,104737,104804,67
climbing,104823,104804,104823,19
grooming,105229,104823,105229,406
sniffing,105230,105229,105230,1
grooming,105261,105230,105261,31
walking,105272,105261,105272,11
sniffing,105274,105272,105274,2
pausing,105275,105274,105275,1
sniffing,105276,105275,105276,1
pausing,105277,105276,105277,1
sniffing,105290,105277,105290,13
walking,105322,105290,105322,32
sniffing,105343,105322,105343,21
walking,105371,105343,105371,28
stepping,105379,105371,105379,8
sniffing,105390,105379,105390,11
climbing,105476,105390,105476,86
right_turning,105477,105476,105477,1
climbing,105546,105477,105546,69
trotting,105563,105546,105563,17
sniffing,105655,105563,105655,92
walking,105686,105655,105686,31
sniffing,105687,105686,105687,1
rising,105726,105687,105726,39
sniffing,105778,105726,105778,52
rearing,105826,105778,105826,48
climbing,105893,105826,105893,67
right_turning,105894,105893,105894,1
rising,105943,105894,105943,49
climbing,105985,105943,105985,42
rearing,106067,105985,106067,82
sniffing,106114,106067,106114,47
pausing,106115,106114,106115,1
sniffing,106119,106115,106119,4
climbing,106148,106119,106148,29
sniffing,106210,106148,106210,62
rearing,106211,106210,106211,1
sniffing,106220,106211,106220,9
walking,106260,106220,106260,40
sniffing,106293,106260,106293,33
grooming,106294,106293,106294,1
sniffing,106446,106294,106446,152
trotting,106510,106446,106510,64
sniffing,106580,106510,106580,70
left_turning,106638,106580,106638,58
walking,106682,106638,106682,44
right_turning,106695,106682,106695,13
walking,106715,106695,106715,20
rearing,106766,106715,106766,51
running,106814,106766,106814,48
sniffing,106815,106814,106815,1
rising,106816,106815,106816,1
climbing,106828,106816,106828,12
right_turning,106859,106828,106859,31
rising,106885,106859,106885,26
sniffing,106963,106885,106963,78
grooming,106964,106963,106964,1
sniffing,107128,106964,107128,164
rising,107138,107128,107138,10
climbing,107240,107138,107240,102
right_turning,107276,107240,107276,36
walking,107288,107276,107288,12
sniffing,107289,107288,107289,1
trotting,107316,107289,107316,27
rearing,107484,107316,107484,168
rising,107561,107484,107561,77
rearing,107562,107561,107562,1
sniffing,107563,107562,107563,1
trotting,107575,107563,107575,12
sniffing,107576,107575,107576,1
rising,107647,107576,107647,71
climbing,107654,107647,107654,7
rising,107786,107654,107786,132
sniffing,107897,107786,107897,111
climbing,107988,107897,107988,91
sniffing,108000,107988,108000,12
