revised_movement_label,segBoundary,segBoundary_start,segBoundary_end,length
rising,78,0,78,78
walking,86,78,86,8
sniffing,87,86,87,1
walking,107,87,107,20
trotting,144,107,144,37
walking,207,144,207,63
stepping,250,207,250,43
walking,293,250,293,43
sniffing,374,293,374,81
rising,399,374,399,25
right_turning,446,399,446,47
sniffing,541,446,541,95
rising,559,541,559,18
sniffing,577,559,577,18
climbing,644,577,644,67
sniffing,664,644,664,20
walking,665,664,665,1
sniffing,666,665,666,1
climbing,727,666,727,61
left_turning,780,727,780,53
trotting,781,780,781,1
left_turning,787,781,787,6
sniffing,814,787,814,27
walking,815,814,815,1
sniffing,859,815,859,44
rearing,988,859,988,129
climbing,1037,988,1037,49
rising,1038,1037,1038,1
walking,1040,1038,1040,2
stepping,1118,1040,1118,78
left_turning,1134,1118,1134,16
sniffing,1135,1134,1135,1
grooming,1183,1135,1183,48
sniffing,1237,1183,1237,54
climbing,1260,1237,1260,23
rising,1279,1260,1279,19
walking,1324,1279,1324,45
stepping,1357,1324,1357,33
trotting,1392,1357,1392,35
sniffing,1523,1392,1523,131
walking,1547,1523,1547,24
running,1579,1547,1579,32
walking,1596,1579,1596,17
left_turning,1597,1596,1597,1
sniffing,1611,1597,1611,14
trotting,1634,1611,1634,23
running,1654,1634,1654,20
sniffing,1687,1654,1687,33
grooming,1688,1687,1688,1
walking,1730,1688,1730,42
rising,1748,1730,1748,18
sniffing,1797,1748,1797,49
walking,1828,1797,1828,31
trotting,1855,1828,1855,27
walking,1856,1855,1856,1
sniffing,1967,1856,1967,111
running,1987,1967,1987,20
walking,2040,1987,2040,53
sniffing,2041,2040,2041,1
climbing,2118,2041,2118,77
trotting,2128,2118,2128,10
left_turning,2190,2128,2190,62
walking,2274,2190,2274,84
sniffing,2345,2274,2345,71
climbing,2409,2345,2409,64
left_turning,2410,2409,2410,1
sniffing,2442,2410,2442,32
walking,2461,2442,2461,19
hunching,2462,2461,2462,1
sniffing,2488,2462,2488,26
left_turning,2531,2488,2531,43
rising,2679,2531,2679,148
right_turning,2707,2679,2707,28
walking,2737,2707,2737,30
sniffing,2745,2737,2745,8
climbing,2785,2745,2785,40
trotting,2807,2785,2807,22
rising,2808,2807,2808,1
climbing,2860,2808,2860,52
sniffing,2861,2860,2861,1
stepping,2885,2861,2885,24
sniffing,2886,2885,2886,1
running,2915,2886,2915,29
walking,2916,2915,2916,1
sniffing,2939,2916,2939,23
walking,2968,2939,2968,29
stepping,3054,2968,3054,86
climbing,3113,3054,3113,59
walking,3139,3113,3139,26
sniffing,3140,3139,3140,1
trotting,3171,3140,3171,31
rising,3301,3171,3301,130
climbing,3354,3301,3354,53
walking,3378,3354,3378,24
left_turning,3403,3378,3403,25
stepping,3413,3403,3413,10
climbing,3421,3413,3421,8
stepping,3476,3421,3476,55
left_turning,3485,3476,3485,9
sniffing,3509,3485,3509,24
rising,3541,3509,3541,32
walking,3552,3541,3552,11
left_turning,3572,3552,3572,20
rising,3573,3572,3573,1
sniffing,3609,3573,3609,36
walking,3615,3609,3615,6
sniffing,3667,3615,3667,52
right_turning,3693,3667,3693,26
sniffing,3762,3693,3762,69
rising,3779,3762,3779,17
sniffing,3901,3779,3901,122
rising,3902,3901,3902,1
hunching,3982,3902,3982,80
trotting,4031,3982,4031,49
sniffing,4049,4031,4049,18
climbing,4071,4049,4071,22
left_turning,4072,4071,4072,1
walking,4094,4072,4094,22
stepping,4209,4094,4209,115
climbing,4267,4209,4267,58
walking,4345,4267,4345,78
left_turning,4346,4345,4346,1
sniffing,4427,4346,4427,81
climbing,4453,4427,4453,26
right_turning,4458,4453,4458,5
trotting,4489,4458,4489,31
sniffing,4546,4489,4546,57
walking,4569,4546,4569,23
sniffing,4664,4569,4664,95
climbing,4720,4664,4720,56
stepping,4743,4720,4743,23
walking,4779,4743,4779,36
sniffing,4780,4779,4780,1
stepping,4804,4780,4804,24
hunching,4805,4804,4805,1
sniffing,4937,4805,4937,132
rising,4963,4937,4963,26
rearing,5178,4963,5178,215
climbing,5207,5178,5207,29
hunching,5208,5207,5208,1
climbing,5222,5208,5222,14
sniffing,5277,5222,5277,55
rising,5278,5277,5278,1
climbing,5299,5278,5299,21
rising,5370,5299,5370,71
sniffing,5371,5370,5371,1
climbing,5413,5371,5413,42
right_turning,5438,5413,5438,25
climbing,5481,5438,5481,43
rising,5509,5481,5509,28
walking,5553,5509,5553,44
stepping,5593,5553,5593,40
rising,5872,5593,5872,279
climbing,5922,5872,5922,50
sniffing,5923,5922,5923,1
right_turning,5957,5923,5957,34
running,5959,5957,5959,2
hunching,5995,5959,5995,36
sniffing,6056,5995,6056,61
rising,6057,6056,6057,1
left_turning,6085,6057,6085,28
trotting,6122,6085,6122,37
rising,6162,6122,6162,40
sniffing,6243,6162,6243,81
walking,6255,6243,6255,12
sniffing,6336,6255,6336,81
rising,6337,6336,6337,1
climbing,6344,6337,6344,7
rising,6356,6344,6356,12
climbing,6411,6356,6411,55
sniffing,6483,6411,6483,72
right_turning,6485,6483,6485,2
climbing,6520,6485,6520,35
sniffing,6657,6520,6657,137
stepping,6697,6657,6697,40
walking,6698,6697,6698,1
sniffing,6796,6698,6796,98
walking,6808,6796,6808,12
right_turning,6839,6808,6839,31
walking,6840,6839,6840,1
left_turning,6865,6840,6865,25
climbing,6904,6865,6904,39
walking,7001,6904,7001,97
hunching,7002,7001,7002,1
sniffing,7037,7002,7037,35
running,7060,7037,7060,23
rising,7146,7060,7146,86
climbing,7165,7146,7165,19
sniffing,7234,7165,7234,69
climbing,7259,7234,7259,25
sniffing,7260,7259,7260,1
walking,7261,7260,7261,1
left_turning,7262,7261,7262,1
climbing,7287,7262,7287,25
walking,7297,7287,7297,10
trotting,7334,7297,7334,37
left_turning,7335,7334,7335,1
trotting,7365,7335,7365,30
walking,7418,7365,7418,53
hunching,7446,7418,7446,28
rising,7447,7446,7447,1
left_turning,7506,7447,7506,59
walking,7516,7506,7516,10
climbing,7569,7516,7569,53
sniffing,7618,7569,7618,49
climbing,7658,7618,7658,40
right_turning,7659,7658,7659,1
sniffing,7690,7659,7690,31
rising,7691,7690,7691,1
walking,7705,7691,7705,14
trotting,7721,7705,7721,16
rising,7795,7721,7795,74
left_turning,7802,7795,7802,7
stepping,7849,7802,7849,47
sniffing,7916,7849,7916,67
climbing,7954,7916,7954,38
sniffing,8062,7954,8062,108
trotting,8080,8062,8080,18
rearing,8524,8080,8524,444
climbing,8537,8524,8537,13
walking,8538,8537,8538,1
climbing,8558,8538,8558,20
sniffing,8597,8558,8597,39
rising,8677,8597,8677,80
climbing,8689,8677,8689,12
right_turning,8690,8689,8690,1
running,8722,8690,8722,32
sniffing,8810,8722,8810,88
left_turning,8842,8810,8842,32
stepping,8875,8842,8875,33
walking,8926,8875,8926,51
climbing,8966,8926,8966,40
sniffing,8994,8966,8994,28
rearing,8995,8994,8995,1
climbing,9052,8995,9052,57
sniffing,9120,9052,9120,68
climbing,9180,9120,9180,60
walking,9204,9180,9204,24
trotting,9246,9204,9246,42
climbing,9291,9246,9291,45
walking,9326,9291,9326,35
trotting,9396,9326,9396,70
left_turning,9413,9396,9413,17
walking,9414,9413,9414,1
sniffing,9420,9414,9420,6
rising,9465,9420,9465,45
climbing,9519,9465,9519,54
walking,9523,9519,9523,4
sniffing,9552,9523,9552,29
rising,9591,9552,9591,39
climbing,9663,9591,9663,72
right_turning,9669,9663,9669,6
sniffing,9670,9669,9670,1
rising,9699,9670,9699,29
climbing,9725,9699,9725,26
trotting,9758,9725,9758,33
sniffing,9759,9758,9759,1
left_turning,9811,9759,9811,52
running,9833,9811,9833,22
walking,9855,9833,9855,22
trotting,9907,9855,9907,52
walking,10008,9907,10008,101
rising,10009,10008,10009,1
sniffing,10010,10009,10010,1
climbing,10056,10010,10056,46
right_turning,10082,10056,10082,26
walking,10123,10082,10123,41
sniffing,10189,10123,10189,66
left_turning,10206,10189,10206,17
trotting,10212,10206,10212,6
sniffing,10213,10212,10213,1
rising,10281,10213,10281,68
walking,10349,10281,10349,68
sniffing,10350,10349,10350,1
right_turning,10351,10350,10351,1
walking,10394,10351,10394,43
climbing,10398,10394,10398,4
right_turning,10442,10398,10442,44
walking,10497,10442,10497,55
rising,10498,10497,10498,1
climbing,10507,10498,10507,9
trotting,10565,10507,10565,58
right_turning,10574,10565,10574,9
stepping,10594,10574,10594,20
rising,10625,10594,10625,31
right_turning,10634,10625,10634,9
walking,10645,10634,10645,11
stepping,10675,10645,10675,30
left_turning,10709,10675,10709,34
trotting,10750,10709,10750,41
sniffing,10824,10750,10824,74
climbing,10856,10824,10856,32
rising,10857,10856,10857,1
right_turning,10885,10857,10885,28
trotting,10907,10885,10907,22
walking,10908,10907,10908,1
running,10931,10908,10931,23
walking,11000,10931,11000,69
trotting,11037,11000,11037,37
rising,11095,11037,11095,58
left_turning,11104,11095,11104,9
walking,11127,11104,11127,23
rising,11128,11127,11128,1
sniffing,11203,11128,11203,75
climbing,11248,11203,11248,45
hunching,11274,11248,11274,26
left_turning,11297,11274,11297,23
sniffing,11414,11297,11414,117
rising,11503,11414,11503,89
climbing,11535,11503,11535,32
left_turning,11536,11535,11536,1
sniffing,11628,11536,11628,92
hunching,11674,11628,11674,46
climbing,11686,11674,11686,12
rising,11687,11686,11687,1
grooming,11699,11687,11699,12
sniffing,11700,11699,11700,1
rising,11741,11700,11741,41
walking,11755,11741,11755,14
climbing,11796,11755,11796,41
walking,11838,11796,11838,42
rising,11839,11838,11839,1
right_turning,11869,11839,11869,30
left_turning,11894,11869,11894,25
rearing,11899,11894,11899,5
sniffing,11994,11899,11994,95
rising,12059,11994,12059,65
right_turning,12074,12059,12074,15
walking,12075,12074,12075,1
trotting,12099,12075,12099,24
running,12129,12099,12129,30
sniffing,12130,12129,12130,1
climbing,12189,12130,12189,59
sniffing,12282,12189,12282,93
right_turning,12294,12282,12294,12
trotting,12314,12294,12314,20
sniffing,12349,12314,12349,35
hunching,12365,12349,12365,16
right_turning,12382,12365,12382,17
hunching,12408,12382,12408,26
sniffing,12409,12408,12409,1
climbing,12455,12409,12455,46
sniffing,12456,12455,12456,1
left_turning,12475,12456,12475,19
walking,12476,12475,12476,1
sniffing,12645,12476,12645,169
rising,12699,12645,12699,54
left_turning,12731,12699,12731,32
walking,12755,12731,12755,24
rising,12756,12755,12756,1
climbing,12806,12756,12806,50
rearing,12962,12806,12962,156
sniffing,13004,12962,13004,42
rearing,13005,13004,13005,1
walking,13097,13005,13097,92
climbing,13137,13097,13137,40
rearing,13153,13137,13153,16
climbing,13184,13153,13184,31
sniffing,13261,13184,13261,77
hunching,13308,13261,13308,47
rising,13355,13308,13355,47
sniffing,13390,13355,13390,35
hunching,13478,13390,13478,88
sniffing,13524,13478,13524,46
running,13539,13524,13539,15
sniffing,13580,13539,13580,41
climbing,13589,13580,13589,9
running,13611,13589,13611,22
trotting,13680,13611,13680,69
stepping,13681,13680,13681,1
walking,13695,13681,13695,14
rearing,13933,13695,13933,238
trotting,13996,13933,13996,63
running,14022,13996,14022,26
stepping,14075,14022,14075,53
walking,14092,14075,14092,17
sniffing,14164,14092,14164,72
rising,14165,14164,14165,1
grooming,14525,14165,14525,360
trotting,14551,14525,14551,26
sniffing,14671,14551,14671,120
trotting,14699,14671,14699,28
stepping,14722,14699,14722,23
climbing,14761,14722,14761,39
rising,14812,14761,14812,51
rearing,14864,14812,14864,52
grooming,14878,14864,14878,14
sniffing,14939,14878,14939,61
left_turning,14940,14939,14940,1
walking,14969,14940,14969,29
running,15013,14969,15013,44
walking,15014,15013,15014,1
trotting,15015,15014,15015,1
sniffing,15035,15015,15035,20
right_turning,15064,15035,15064,29
walking,15110,15064,15110,46
sniffing,15111,15110,15111,1
climbing,15156,15111,15156,45
left_turning,15179,15156,15179,23
sniffing,15180,15179,15180,1
walking,15202,15180,15202,22
left_turning,15203,15202,15203,1
trotting,15238,15203,15238,35
left_turning,15260,15238,15260,22
walking,15283,15260,15283,23
sniffing,15312,15283,15312,29
hunching,15382,15312,15382,70
left_turning,15407,15382,15407,25
sniffing,15468,15407,15468,61
walking,15469,15468,15469,1
stepping,15495,15469,15495,26
walking,15526,15495,15526,31
sniffing,15611,15526,15611,85
walking,15646,15611,15646,35
climbing,15688,15646,15688,42
rising,15913,15688,15913,225
climbing,15965,15913,15965,52
rising,15966,15965,15966,1
walking,16003,15966,16003,37
sniffing,16004,16003,16004,1
trotting,16043,16004,16043,39
sniffing,16066,16043,16066,23
trotting,16094,16066,16094,28
sniffing,16145,16094,16145,51
left_turning,16146,16145,16146,1
climbing,16187,16146,16187,41
running,16217,16187,16217,30
rising,16218,16217,16218,1
sniffing,16219,16218,16219,1
walking,16222,16219,16222,3
sniffing,16247,16222,16247,25
pausing,16248,16247,16248,1
sniffing,16249,16248,16249,1
rising,16279,16249,16279,30
sniffing,16301,16279,16301,22
right_turning,16302,16301,16302,1
stepping,16324,16302,16324,22
sniffing,16325,16324,16325,1
rising,16641,16325,16641,316
right_turning,16694,16641,16694,53
sniffing,16695,16694,16695,1
left_turning,16696,16695,16696,1
sniffing,16800,16696,16800,104
stepping,16844,16800,16844,44
walking,16845,16844,16845,1
sniffing,16893,16845,16893,48
right_turning,16933,16893,16933,40
walking,16983,16933,16983,50
climbing,17038,16983,17038,55
sniffing,17216,17038,17216,178
climbing,17352,17216,17352,136
sniffing,17353,17352,17353,1
walking,17354,17353,17354,1
right_turning,17376,17354,17376,22
stepping,17377,17376,17377,1
climbing,17402,17377,17402,25
rising,17481,17402,17481,79
grooming,17482,17481,17482,1
trotting,17521,17482,17521,39
sniffing,17522,17521,17522,1
left_turning,17539,17522,17539,17
walking,17549,17539,17549,10
rearing,17560,17549,17560,11
grooming,17774,17560,17774,214
rearing,17775,17774,17775,1
rising,17829,17775,17829,54
right_turning,17853,17829,17853,24
left_turning,17883,17853,17883,30
sniffing,17884,17883,17884,1
rising,17918,17884,17918,34
climbing,17979,17918,17979,61
rearing,18100,17979,18100,121
sniffing,18130,18100,18130,30
climbing,18138,18130,18138,8
sniffing,18139,18138,18139,1
trotting,18159,18139,18159,20
sniffing,18185,18159,18185,26
rising,18186,18185,18186,1
climbing,18256,18186,18256,70
rearing,18270,18256,18270,14
rising,18339,18270,18339,69
climbing,18352,18339,18352,13
rising,18405,18352,18405,53
stepping,18466,18405,18466,61
sniffing,18512,18466,18512,46
trotting,18513,18512,18513,1
rearing,18514,18513,18514,1
climbing,18544,18514,18544,30
left_turning,18578,18544,18578,34
walking,18603,18578,18603,25
left_turning,18604,18603,18604,1
sniffing,18639,18604,18639,35
left_turning,18669,18639,18669,30
walking,18703,18669,18703,34
right_turning,18727,18703,18727,24
walking,18736,18727,18736,9
left_turning,18742,18736,18742,6
trotting,18752,18742,18752,10
walking,18765,18752,18765,13
sniffing,18766,18765,18766,1
rising,18808,18766,18808,42
sniffing,18822,18808,18822,14
walking,18884,18822,18884,62
sniffing,18886,18884,18886,2
left_turning,18911,18886,18911,25
walking,18912,18911,18912,1
stepping,18952,18912,18952,40
walking,18959,18952,18959,7
stepping,19048,18959,19048,89
running,19083,19048,19083,35
walking,19095,19083,19095,12
climbing,19134,19095,19134,39
rising,19145,19134,19145,11
climbing,19207,19145,19207,62
sniffing,19247,19207,19247,40
rearing,19248,19247,19248,1
sniffing,19270,19248,19270,22
trotting,19298,19270,19298,28
left_turning,19307,19298,19307,9
stepping,19356,19307,19356,49
walking,19377,19356,19377,21
sniffing,19422,19377,19422,45
climbing,19574,19422,19574,152
right_turning,19584,19574,19584,10
walking,19622,19584,19622,38
running,19652,19622,19652,30
rising,19671,19652,19671,19
sniffing,19672,19671,19672,1
walking,19707,19672,19707,35
climbing,19788,19707,19788,81
hunching,19790,19788,19790,2
sniffing,19937,19790,19937,147
rearing,20008,19937,20008,71
climbing,20028,20008,20028,20
right_turning,20044,20028,20044,16
sniffing,20118,20044,20118,74
walking,20171,20118,20171,53
climbing,20249,20171,20249,78
grooming,20250,20249,20250,1
climbing,20314,20250,20314,64
rearing,20428,20314,20428,114
sniffing,20431,20428,20431,3
walking,20477,20431,20477,46
sniffing,20630,20477,20630,153
rising,20749,20630,20749,119
climbing,20775,20749,20775,26
right_turning,20812,20775,20812,37
trotting,20857,20812,20857,45
rising,20858,20857,20858,1
sniffing,20859,20858,20859,1
trotting,20883,20859,20883,24
stepping,20884,20883,20884,1
rising,20921,20884,20921,37
sniffing,20922,20921,20922,1
left_turning,20962,20922,20962,40
walking,20971,20962,20971,9
rising,21032,20971,21032,61
climbing,21074,21032,21074,42
sniffing,21075,21074,21075,1
walking,21091,21075,21091,16
left_turning,21092,21091,21092,1
walking,21128,21092,21128,36
climbing,21193,21128,21193,65
rising,21202,21193,21202,9
stepping,21227,21202,21227,25
walking,21228,21227,21228,1
rising,21229,21228,21229,1
grooming,21230,21229,21230,1
climbing,21244,21230,21244,14
rising,21245,21244,21245,1
rearing,21257,21245,21257,12
hunching,21302,21257,21302,45
rising,21316,21302,21316,14
climbing,21360,21316,21360,44
left_turning,21368,21360,21368,8
walking,21415,21368,21415,47
stepping,21452,21415,21452,37
walking,21453,21452,21453,1
sniffing,21454,21453,21454,1
grooming,21617,21454,21617,163
hunching,21681,21617,21681,64
walking,21695,21681,21695,14
trotting,21736,21695,21736,41
walking,21738,21736,21738,2
rising,21747,21738,21747,9
sniffing,21749,21747,21749,2
trotting,21759,21749,21759,10
running,21793,21759,21793,34
sniffing,21816,21793,21816,23
right_turning,21818,21816,21818,2
stepping,21879,21818,21879,61
hunching,21916,21879,21916,37
stepping,21961,21916,21961,45
sniffing,22066,21961,22066,105
walking,22085,22066,22085,19
climbing,22137,22085,22137,52
rearing,22239,22137,22239,102
rising,22279,22239,22279,40
sniffing,22364,22279,22364,85
left_turning,22388,22364,22388,24
sniffing,22389,22388,22389,1
rising,22481,22389,22481,92
left_turning,22482,22481,22482,1
sniffing,22554,22482,22554,72
left_turning,22576,22554,22576,22
walking,22588,22576,22588,12
left_turning,22589,22588,22589,1
rising,22631,22589,22631,42
rearing,22717,22631,22717,86
grooming,22718,22717,22718,1
hunching,22794,22718,22794,76
walking,22821,22794,22821,27
rising,22868,22821,22868,47
climbing,22904,22868,22904,36
right_turning,22915,22904,22915,11
sniffing,22969,22915,22969,54
right_turning,23000,22969,23000,31
walking,23036,23000,23036,36
sniffing,23059,23036,23059,23
left_turning,23088,23059,23088,29
sniffing,23092,23088,23092,4
walking,23129,23092,23129,37
left_turning,23140,23129,23140,11
sniffing,23177,23140,23177,37
left_turning,23215,23177,23215,38
sniffing,23225,23215,23225,10
climbing,23262,23225,23262,37
left_turning,23293,23262,23293,31
walking,23329,23293,23329,36
sniffing,23363,23329,23363,34
left_turning,23394,23363,23394,31
walking,23406,23394,23406,12
rising,23409,23406,23409,3
climbing,23483,23409,23483,74
sniffing,23484,23483,23484,1
rising,23485,23484,23485,1
grooming,23868,23485,23868,383
right_turning,23907,23868,23907,39
rising,23942,23907,23942,35
left_turning,23943,23942,23943,1
trotting,23994,23943,23994,51
sniffing,23995,23994,23995,1
walking,24021,23995,24021,26
stepping,24022,24021,24022,1
walking,24023,24022,24023,1
sniffing,24092,24023,24092,69
rearing,24171,24092,24171,79
sniffing,24195,24171,24195,24
left_turning,24218,24195,24218,23
walking,24243,24218,24243,25
sniffing,24286,24243,24286,43
climbing,24288,24286,24288,2
rising,24299,24288,24299,11
climbing,24370,24299,24370,71
walking,24387,24370,24387,17
sniffing,24436,24387,24436,49
walking,24466,24436,24466,30
rising,24499,24466,24499,33
sniffing,24500,24499,24500,1
climbing,24574,24500,24574,74
sniffing,24582,24574,24582,8
rising,24604,24582,24604,22
sniffing,24636,24604,24636,32
rising,24659,24636,24659,23
sniffing,24721,24659,24721,62
left_turning,24788,24721,24788,67
walking,24852,24788,24852,64
sniffing,24924,24852,24924,72
climbing,24969,24924,24969,45
right_turning,24974,24969,24974,5
sniffing,24975,24974,24975,1
walking,24982,24975,24982,7
sniffing,25042,24982,25042,60
walking,25062,25042,25062,20
sniffing,25102,25062,25102,40
right_turning,25112,25102,25112,10
walking,25157,25112,25157,45
sniffing,25218,25157,25218,61
grooming,25331,25218,25331,113
right_turning,25394,25331,25394,63
walking,25442,25394,25442,48
sniffing,25443,25442,25443,1
climbing,25504,25443,25504,61
right_turning,25543,25504,25543,39
left_turning,25580,25543,25580,37
walking,25632,25580,25632,52
sniffing,25796,25632,25796,164
climbing,25820,25796,25820,24
sniffing,25834,25820,25834,14
trotting,25854,25834,25854,20
rising,25855,25854,25855,1
climbing,25914,25855,25914,59
walking,25946,25914,25946,32
sniffing,25947,25946,25947,1
left_turning,26025,25947,26025,78
walking,26070,26025,26070,45
sniffing,26071,26070,26071,1
hunching,26116,26071,26116,45
sniffing,26203,26116,26203,87
rising,26249,26203,26249,46
climbing,26276,26249,26276,27
running,26289,26276,26289,13
trotting,26317,26289,26317,28
sniffing,26318,26317,26318,1
rising,26358,26318,26358,40
climbing,26363,26358,26363,5
rising,26484,26363,26484,121
climbing,26485,26484,26485,1
sniffing,26784,26485,26784,299
rising,26785,26784,26785,1
climbing,26864,26785,26864,79
sniffing,26896,26864,26896,32
left_turning,26904,26896,26904,8
walking,26946,26904,26946,42
sniffing,26994,26946,26994,48
walking,27013,26994,27013,19
climbing,27032,27013,27032,19
rising,27061,27032,27061,29
rearing,27062,27061,27062,1
sniffing,27095,27062,27095,33
trotting,27119,27095,27119,24
walking,27156,27119,27156,37
rising,27181,27156,27181,25
right_turning,27212,27181,27212,31
walking,27213,27212,27213,1
climbing,27214,27213,27214,1
sniffing,27318,27214,27318,104
rising,27360,27318,27360,42
climbing,27395,27360,27395,35
sniffing,27442,27395,27442,47
walking,27477,27442,27477,35
sniffing,27483,27477,27483,6
running,27494,27483,27494,11
sniffing,27547,27494,27547,53
rising,27599,27547,27599,52
climbing,27645,27599,27645,46
running,27663,27645,27663,18
rising,27664,27663,27664,1
sniffing,27767,27664,27767,103
rising,27768,27767,27768,1
sniffing,27791,27768,27791,23
right_turning,27828,27791,27828,37
trotting,27829,27828,27829,1
sniffing,27830,27829,27830,1
left_turning,27831,27830,27831,1
trotting,27843,27831,27843,12
sniffing,27901,27843,27901,58
walking,27956,27901,27956,55
sniffing,28043,27956,28043,87
grooming,28044,28043,28044,1
rising,28045,28044,28045,1
sniffing,28077,28045,28077,32
walking,28090,28077,28090,13
sniffing,28102,28090,28102,12
walking,28124,28102,28124,22
sniffing,28127,28124,28127,3
walking,28128,28127,28128,1
rising,28138,28128,28138,10
running,28152,28138,28152,14
rising,28203,28152,28203,51
running,28226,28203,28226,23
sniffing,28274,28226,28274,48
walking,28303,28274,28303,29
sniffing,28325,28303,28325,22
walking,28326,28325,28326,1
sniffing,28511,28326,28511,185
climbing,28537,28511,28537,26
walking,28550,28537,28550,13
left_turning,28551,28550,28551,1
stepping,28616,28551,28616,65
sniffing,28715,28616,28715,99
rising,28716,28715,28716,1
climbing,28825,28716,28825,109
sniffing,28826,28825,28826,1
left_turning,28865,28826,28865,39
rising,28895,28865,28895,30
right_turning,28903,28895,28903,8
stepping,28962,28903,28962,59
right_turning,28975,28962,28975,13
walking,29023,28975,29023,48
stepping,29068,29023,29068,45
rising,29127,29068,29127,59
sniffing,29128,29127,29128,1
climbing,29160,29128,29160,32
rising,29161,29160,29161,1
climbing,29223,29161,29223,62
rearing,29287,29223,29287,64
right_turning,29317,29287,29317,30
stepping,29341,29317,29341,24
trotting,29354,29341,29354,13
stepping,29396,29354,29396,42
walking,29421,29396,29421,25
trotting,29472,29421,29472,51
sniffing,29501,29472,29501,29
walking,29502,29501,29502,1
sniffing,29554,29502,29554,52
right_turning,29608,29554,29608,54
trotting,29640,29608,29640,32
sniffing,29659,29640,29659,19
trotting,29675,29659,29675,16
stepping,29680,29675,29680,5
walking,29730,29680,29730,50
sniffing,29803,29730,29803,73
rising,29851,29803,29851,48
climbing,29883,29851,29883,32
sniffing,29927,29883,29927,44
rearing,29940,29927,29940,13
walking,29959,29940,29959,19
sniffing,29983,29959,29983,24
walking,30018,29983,30018,35
sniffing,30071,30018,30071,53
left_turning,30100,30071,30100,29
sniffing,30124,30100,30124,24
walking,30155,30124,30155,31
climbing,30177,30155,30177,22
hunching,30195,30177,30195,18
rearing,30196,30195,30196,1
rising,30211,30196,30211,15
right_turning,30232,30211,30232,21
sniffing,30275,30232,30275,43
left_turning,30280,30275,30280,5
sniffing,30350,30280,30350,70
left_turning,30398,30350,30398,48
sniffing,30399,30398,30399,1
right_turning,30400,30399,30400,1
walking,30411,30400,30411,11
sniffing,30460,30411,30460,49
right_turning,30471,30460,30471,11
sniffing,30489,30471,30489,18
left_turning,30542,30489,30542,53
running,30604,30542,30604,62
climbing,30678,30604,30678,74
sniffing,30728,30678,30728,50
hunching,30729,30728,30729,1
left_turning,30750,30729,30750,21
sniffing,30818,30750,30818,68
right_turning,30819,30818,30819,1
rising,30862,30819,30862,43
walking,30878,30862,30878,16
climbing,30930,30878,30930,52
rising,30963,30930,30963,33
climbing,31025,30963,31025,62
grooming,31152,31025,31152,127
rising,31208,31152,31208,56
sniffing,31238,31208,31238,30
climbing,31279,31238,31279,41
rearing,31387,31279,31387,108
walking,31410,31387,31410,23
sniffing,31532,31410,31532,122
climbing,31557,31532,31557,25
rising,31594,31557,31594,37
sniffing,31660,31594,31660,66
rising,31712,31660,31712,52
right_turning,31730,31712,31730,18
sniffing,31740,31730,31740,10
left_turning,31794,31740,31794,54
sniffing,31882,31794,31882,88
rising,31883,31882,31883,1
rearing,31993,31883,31993,110
climbing,32087,31993,32087,94
rising,32110,32087,32110,23
climbing,32114,32110,32114,4
rising,32115,32114,32115,1
right_turning,32121,32115,32121,6
sniffing,32122,32121,32122,1
rising,32335,32122,32335,213
hunching,32407,32335,32407,72
rising,32461,32407,32461,54
left_turning,32471,32461,32471,10
walking,32492,32471,32492,21
stepping,32494,32492,32494,2
climbing,32537,32494,32537,43
rearing,32538,32537,32538,1
walking,32555,32538,32555,17
sniffing,32556,32555,32556,1
right_turning,32586,32556,32586,30
rising,32614,32586,32614,28
climbing,32690,32614,32690,76
rearing,32783,32690,32783,93
right_turning,32797,32783,32797,14
sniffing,32865,32797,32865,68
trotting,32906,32865,32906,41
sniffing,32951,32906,32951,45
rising,32980,32951,32980,29
stepping,33000,32980,33000,20
right_turning,33019,33000,33019,19
walking,33035,33019,33035,16
sniffing,33072,33035,33072,37
climbing,33090,33072,33090,18
sniffing,33128,33090,33128,38
trotting,33174,33128,33174,46
running,33215,33174,33215,41
trotting,33254,33215,33254,39
walking,33273,33254,33273,19
trotting,33281,33273,33281,8
stepping,33326,33281,33326,45
sniffing,33385,33326,33385,59
climbing,33403,33385,33403,18
rearing,33404,33403,33404,1
climbing,33441,33404,33441,37
right_turning,33452,33441,33452,11
sniffing,33476,33452,33476,24
walking,33524,33476,33524,48
trotting,33580,33524,33580,56
sniffing,33607,33580,33607,27
left_turning,33618,33607,33618,11
sniffing,33619,33618,33619,1
walking,33642,33619,33642,23
sniffing,33737,33642,33737,95
climbing,33744,33737,33744,7
left_turning,33782,33744,33782,38
sniffing,33799,33782,33799,17
stepping,33800,33799,33800,1
rising,33851,33800,33851,51
climbing,33874,33851,33874,23
running,33903,33874,33903,29
trotting,33904,33903,33904,1
sniffing,33979,33904,33979,75
walking,34008,33979,34008,29
sniffing,34050,34008,34050,42
rising,34084,34050,34084,34
climbing,34115,34084,34115,31
sniffing,34200,34115,34200,85
walking,34201,34200,34201,1
sniffing,34202,34201,34202,1
stepping,34224,34202,34224,22
sniffing,34314,34224,34314,90
rising,34315,34314,34315,1
climbing,34332,34315,34332,17
running,34334,34332,34334,2
jumping,34385,34334,34385,51
rearing,34417,34385,34417,32
hunching,34494,34417,34494,77
rising,34495,34494,34495,1
left_turning,34538,34495,34538,43
walking,34587,34538,34587,49
left_turning,34592,34587,34592,5
sniffing,34593,34592,34593,1
rising,34610,34593,34610,17
sniffing,34619,34610,34619,9
trotting,34646,34619,34646,27
walking,34701,34646,34701,55
sniffing,34772,34701,34772,71
walking,34803,34772,34803,31
trotting,34831,34803,34831,28
rising,34832,34831,34832,1
climbing,34897,34832,34897,65
rearing,34940,34897,34940,43
hunching,35075,34940,35075,135
walking,35084,35075,35084,9
stepping,35090,35084,35090,6
climbing,35142,35090,35142,52
right_turning,35154,35142,35154,12
trotting,35202,35154,35202,48
sniffing,35203,35202,35203,1
walking,35226,35203,35226,23
sniffing,35280,35226,35280,54
rising,35283,35280,35283,3
sniffing,35309,35283,35309,26
rising,35365,35309,35365,56
climbing,35406,35365,35406,41
rearing,35540,35406,35540,134
right_turning,35557,35540,35557,17
sniffing,35573,35557,35573,16
climbing,35605,35573,35605,32
left_turning,35612,35605,35612,7
walking,35657,35612,35657,45
climbing,35718,35657,35718,61
walking,35747,35718,35747,29
sniffing,35805,35747,35805,58
walking,35823,35805,35823,18
grooming,36262,35823,36262,439
sniffing,36347,36262,36347,85
walking,36448,36347,36448,101
left_turning,36516,36448,36516,68
sniffing,36517,36516,36517,1
climbing,36540,36517,36540,23
sniffing,36562,36540,36562,22
right_turning,36563,36562,36563,1
climbing,36564,36563,36564,1
rearing,36591,36564,36591,27
climbing,36622,36591,36622,31
walking,36678,36622,36678,56
sniffing,36679,36678,36679,1
trotting,36694,36679,36694,15
climbing,36723,36694,36723,29
walking,36805,36723,36805,82
stepping,36861,36805,36861,56
sniffing,36862,36861,36862,1
walking,36863,36862,36863,1
stepping,36880,36863,36880,17
walking,36920,36880,36920,40
sniffing,36956,36920,36956,36
walking,36957,36956,36957,1
sniffing,37033,36957,37033,76
left_turning,37051,37033,37051,18
walking,37087,37051,37087,36
running,37100,37087,37100,13
sniffing,37130,37100,37130,30
climbing,37220,37130,37220,90
right_turning,37221,37220,37221,1
trotting,37243,37221,37243,22
left_turning,37255,37243,37255,12
rising,37256,37255,37256,1
climbing,37269,37256,37269,13
walking,37293,37269,37293,24
left_turning,37328,37293,37328,35
walking,37344,37328,37344,16
sniffing,37347,37344,37347,3
walking,37387,37347,37387,40
sniffing,37427,37387,37427,40
left_turning,37462,37427,37462,35
sniffing,37497,37462,37497,35
trotting,37545,37497,37545,48
sniffing,37592,37545,37592,47
walking,37667,37592,37667,75
stepping,37681,37667,37681,14
sniffing,37732,37681,37732,51
rising,37752,37732,37752,20
hunching,37854,37752,37854,102
sniffing,37855,37854,37855,1
right_turning,37890,37855,37890,35
running,37933,37890,37933,43
sniffing,37934,37933,37934,1
walking,38015,37934,38015,81
rising,38038,38015,38038,23
climbing,38067,38038,38067,29
rearing,38211,38067,38211,144
left_turning,38251,38211,38251,40
walking,38290,38251,38290,39
rising,38311,38290,38311,21
grooming,38607,38311,38607,296
left_turning,38626,38607,38626,19
sniffing,38642,38626,38642,16
rising,38701,38642,38701,59
trotting,38703,38701,38703,2
walking,38725,38703,38725,22
sniffing,38808,38725,38808,83
grooming,38990,38808,38990,182
rising,39004,38990,39004,14
climbing,39092,39004,39092,88
rising,39122,39092,39122,30
trotting,39163,39122,39163,41
sniffing,39233,39163,39233,70
walking,39272,39233,39272,39
trotting,39316,39272,39316,44
walking,39337,39316,39337,21
sniffing,39471,39337,39471,134
rearing,39644,39471,39644,173
climbing,39680,39644,39680,36
sniffing,39737,39680,39737,57
hunching,39837,39737,39837,100
walking,39896,39837,39896,59
rising,39918,39896,39918,22
climbing,39961,39918,39961,43
right_turning,39967,39961,39967,6
trotting,39996,39967,39996,29
climbing,40043,39996,40043,47
trotting,40084,40043,40084,41
sniffing,40162,40084,40162,78
walking,40163,40162,40163,1
sniffing,40323,40163,40323,160
right_turning,40369,40323,40369,46
sniffing,40388,40369,40388,19
rising,40402,40388,40402,14
climbing,40414,40402,40414,12
rearing,40416,40414,40416,2
trotting,40437,40416,40437,21
walking,40458,40437,40458,21
stepping,40472,40458,40472,14
sniffing,40516,40472,40516,44
rising,40517,40516,40517,1
left_turning,40591,40517,40591,74
sniffing,40711,40591,40711,120
walking,40729,40711,40729,18
left_turning,40730,40729,40730,1
walking,40795,40730,40795,65
climbing,40814,40795,40814,19
walking,40832,40814,40832,18
climbing,40854,40832,40854,22
rearing,40855,40854,40855,1
sniffing,40893,40855,40893,38
walking,40894,40893,40894,1
rising,40922,40894,40922,28
walking,40923,40922,40923,1
rising,40924,40923,40924,1
climbing,40977,40924,40977,53
sniffing,41002,40977,41002,25
walking,41040,41002,41040,38
left_turning,41074,41040,41074,34
walking,41155,41074,41155,81
rising,41165,41155,41165,10
sniffing,41220,41165,41220,55
trotting,41265,41220,41265,45
sniffing,41335,41265,41335,70
climbing,41359,41335,41359,24
rising,41365,41359,41365,6
sniffing,41412,41365,41412,47
running,41413,41412,41413,1
sniffing,41431,41413,41431,18
rearing,41442,41431,41442,11
walking,41478,41442,41478,36
rising,41507,41478,41507,29
rearing,41566,41507,41566,59
left_turning,41572,41566,41572,6
rising,41585,41572,41585,13
climbing,41649,41585,41649,64
rising,41743,41649,41743,94
sniffing,41805,41743,41805,62
left_turning,41845,41805,41845,40
walking,41862,41845,41862,17
hunching,41863,41862,41863,1
sniffing,41905,41863,41905,42
grooming,42147,41905,42147,242
climbing,42175,42147,42175,28
walking,42225,42175,42225,50
hunching,42275,42225,42275,50
sniffing,42325,42275,42325,50
walking,42357,42325,42357,32
left_turning,42358,42357,42358,1
sniffing,42359,42358,42359,1
rising,42403,42359,42403,44
trotting,42410,42403,42410,7
walking,42445,42410,42445,35
rearing,42451,42445,42451,6
sniffing,42452,42451,42452,1
rising,42607,42452,42607,155
climbing,42625,42607,42625,18
sniffing,42883,42625,42883,258
stepping,42912,42883,42912,29
sniffing,43035,42912,43035,123
left_turning,43036,43035,43036,1
trotting,43068,43036,43068,32
climbing,43090,43068,43090,22
right_turning,43107,43090,43107,17
sniffing,43108,43107,43108,1
climbing,43203,43108,43203,95
walking,43243,43203,43243,40
hunching,43327,43243,43327,84
grooming,43328,43327,43328,1
right_turning,43329,43328,43329,1
trotting,43351,43329,43351,22
left_turning,43374,43351,43374,23
sniffing,43463,43374,43463,89
walking,43494,43463,43494,31
sniffing,43495,43494,43495,1
walking,43539,43495,43539,44
rising,43562,43539,43562,23
sniffing,43597,43562,43597,35
trotting,43663,43597,43663,66
walking,43664,43663,43664,1
sniffing,43707,43664,43707,43
running,43719,43707,43719,12
sniffing,43760,43719,43760,41
stepping,43770,43760,43770,10
right_turning,43782,43770,43782,12
walking,43834,43782,43834,52
sniffing,43880,43834,43880,46
climbing,43921,43880,43921,41
sniffing,43949,43921,43949,28
walking,43950,43949,43950,1
sniffing,43951,43950,43951,1
stepping,43956,43951,43956,5
rising,44009,43956,44009,53
sniffing,44010,44009,44010,1
left_turning,44011,44010,44011,1
sniffing,44069,44011,44069,58
left_turning,44114,44069,44114,45
rising,44184,44114,44184,70
sniffing,44244,44184,44244,60
left_turning,44404,44244,44404,160
sniffing,44484,44404,44484,80
left_turning,44529,44484,44529,45
walking,44535,44529,44535,6
sniffing,44617,44535,44617,82
rising,44665,44617,44665,48
left_turning,44678,44665,44678,13
stepping,44705,44678,44705,27
trotting,44738,44705,44738,33
sniffing,44770,44738,44770,32
rising,44777,44770,44777,7
climbing,44893,44777,44893,116
sniffing,44951,44893,44951,58
left_turning,44965,44951,44965,14
rising,45175,44965,45175,210
climbing,45216,45175,45216,41
walking,45255,45216,45255,39
rising,45259,45255,45259,4
climbing,45303,45259,45303,44
right_turning,45328,45303,45328,25
sniffing,45398,45328,45398,70
walking,45437,45398,45437,39
sniffing,45515,45437,45515,78
rising,45516,45515,45516,1
sniffing,45566,45516,45566,50
pausing,45838,45566,45838,272
sniffing,45963,45838,45963,125
rising,46038,45963,46038,75
sniffing,46156,46038,46156,118
rising,46231,46156,46231,75
sniffing,46261,46231,46261,30
trotting,46305,46261,46305,44
stepping,46348,46305,46348,43
sniffing,46417,46348,46417,69
stepping,46471,46417,46471,54
sniffing,46472,46471,46472,1
running,46501,46472,46501,29
rising,46503,46501,46503,2
climbing,46565,46503,46565,62
rising,46595,46565,46595,30
hunching,46604,46595,46604,9
rearing,46745,46604,46745,141
sniffing,46758,46745,46758,13
rising,46765,46758,46765,7
walking,46803,46765,46803,38
trotting,46804,46803,46804,1
sniffing,46805,46804,46805,1
rearing,46899,46805,46899,94
rising,46900,46899,46900,1
trotting,46909,46900,46909,9
rising,46912,46909,46912,3
sniffing,46942,46912,46942,30
rising,46943,46942,46943,1
climbing,47000,46943,47000,57
rising,47125,47000,47125,125
trotting,47160,47125,47160,35
left_turning,47208,47160,47208,48
walking,47209,47208,47209,1
running,47233,47209,47233,24
walking,47241,47233,47241,8
rising,47328,47241,47328,87
climbing,47375,47328,47375,47
sniffing,47423,47375,47423,48
walking,47481,47423,47481,58
sniffing,47535,47481,47535,54
left_turning,47552,47535,47552,17
stepping,47553,47552,47553,1
walking,47568,47553,47568,15
rising,47601,47568,47601,33
climbing,47619,47601,47619,18
trotting,47640,47619,47640,21
rising,47719,47640,47719,79
climbing,47760,47719,47760,41
walking,47791,47760,47791,31
rising,47869,47791,47869,78
sniffing,47973,47869,47973,104
rising,47999,47973,47999,26
climbing,48116,47999,48116,117
walking,48155,48116,48155,39
rearing,48250,48155,48250,95
grooming,48309,48250,48309,59
sniffing,48348,48309,48348,39
right_turning,48405,48348,48405,57
walking,48459,48405,48459,54
sniffing,48471,48459,48471,12
rising,48485,48471,48485,14
trotting,48489,48485,48489,4
walking,48520,48489,48520,31
sniffing,48531,48520,48531,11
rising,48532,48531,48532,1
sniffing,48557,48532,48557,25
walking,48594,48557,48594,37
sniffing,48603,48594,48603,9
rising,48605,48603,48605,2
climbing,48638,48605,48638,33
rearing,48683,48638,48683,45
sniffing,48691,48683,48691,8
rearing,48692,48691,48692,1
sniffing,48693,48692,48693,1
rising,48755,48693,48755,62
climbing,48816,48755,48816,61
left_turning,48817,48816,48817,1
sniffing,48818,48817,48818,1
left_turning,48892,48818,48892,74
rising,49031,48892,49031,139
climbing,49121,49031,49121,90
walking,49161,49121,49161,40
sniffing,49176,49161,49176,15
right_turning,49216,49176,49216,40
climbing,49229,49216,49229,13
right_turning,49252,49229,49252,23
climbing,49327,49252,49327,75
trotting,49371,49327,49371,44
walking,49407,49371,49407,36
right_turning,49415,49407,49415,8
trotting,49437,49415,49437,22
rearing,49502,49437,49502,65
sniffing,49561,49502,49561,59
left_turning,49615,49561,49615,54
walking,49616,49615,49616,1
left_turning,49663,49616,49663,47
sniffing,49664,49663,49664,1
rearing,49665,49664,49665,1
rising,49703,49665,49703,38
sniffing,49730,49703,49730,27
trotting,49733,49730,49733,3
left_turning,49816,49733,49816,83
sniffing,49818,49816,49818,2
rising,49839,49818,49839,21
walking,49915,49839,49915,76
sniffing,50011,49915,50011,96
right_turning,50023,50011,50023,12
trotting,50062,50023,50062,39
stepping,50072,50062,50072,10
left_turning,50097,50072,50097,25
sniffing,50180,50097,50180,83
walking,50194,50180,50194,14
trotting,50232,50194,50232,38
sniffing,50344,50232,50344,112
climbing,50362,50344,50362,18
sniffing,50377,50362,50377,15
right_turning,50441,50377,50441,64
hunching,50459,50441,50459,18
sniffing,50460,50459,50460,1
walking,50516,50460,50516,56
sniffing,50524,50516,50524,8
trotting,50533,50524,50533,9
sniffing,50610,50533,50610,77
walking,50619,50610,50619,9
sniffing,50764,50619,50764,145
rising,50796,50764,50796,32
left_turning,50797,50796,50797,1
walking,50833,50797,50833,36
sniffing,50889,50833,50889,56
walking,50890,50889,50890,1
rising,50917,50890,50917,27
climbing,50918,50917,50918,1
right_turning,50932,50918,50932,14
walking,50981,50932,50981,49
sniffing,50999,50981,50999,18
walking,51020,50999,51020,21
trotting,51023,51020,51023,3
rising,51171,51023,51171,148
sniffing,51172,51171,51172,1
walking,51184,51172,51184,12
trotting,51248,51184,51248,64
sniffing,51276,51248,51276,28
rising,51277,51276,51277,1
grooming,51461,51277,51461,184
rearing,51544,51461,51544,83
sniffing,51545,51544,51545,1
stepping,51565,51545,51565,20
grooming,51982,51565,51982,417
rearing,51983,51982,51983,1
right_turning,52008,51983,52008,25
stepping,52063,52008,52063,55
climbing,52114,52063,52114,51
walking,52139,52114,52139,25
sniffing,52240,52139,52240,101
trotting,52263,52240,52263,23
walking,52268,52263,52268,5
stepping,52292,52268,52292,24
sniffing,52294,52292,52294,2
rising,52400,52294,52400,106
sniffing,52414,52400,52414,14
rising,52521,52414,52521,107
right_turning,52532,52521,52532,11
sniffing,52599,52532,52599,67
climbing,52606,52599,52606,7
left_turning,52632,52606,52632,26
sniffing,52648,52632,52648,16
rising,52690,52648,52690,42
climbing,52766,52690,52766,76
sniffing,52776,52766,52776,10
walking,52784,52776,52784,8
left_turning,52785,52784,52785,1
walking,52786,52785,52786,1
left_turning,52831,52786,52831,45
trotting,52845,52831,52845,14
walking,52856,52845,52856,11
sniffing,52922,52856,52922,66
rising,53068,52922,53068,146
sniffing,53069,53068,53069,1
walking,53070,53069,53070,1
stepping,53080,53070,53080,10
trotting,53105,53080,53105,25
sniffing,53161,53105,53161,56
left_turning,53162,53161,53162,1
walking,53200,53162,53200,38
rearing,53201,53200,53201,1
sniffing,53275,53201,53275,74
left_turning,53276,53275,53276,1
walking,53317,53276,53317,41
sniffing,53318,53317,53318,1
climbing,53408,53318,53408,90
running,53431,53408,53431,23
sniffing,53496,53431,53496,65
walking,53575,53496,53575,79
rearing,53847,53575,53847,272
climbing,53863,53847,53863,16
trotting,53900,53863,53900,37
walking,53901,53900,53901,1
left_turning,53920,53901,53920,19
walking,53952,53920,53952,32
left_turning,53953,53952,53953,1
sniffing,53954,53953,53954,1
walking,54017,53954,54017,63
climbing,54065,54017,54065,48
walking,54084,54065,54084,19
right_turning,54109,54084,54109,25
sniffing,54184,54109,54184,75
climbing,54286,54184,54286,102
walking,54322,54286,54322,36
sniffing,54388,54322,54388,66
stepping,54462,54388,54462,74
left_turning,54540,54462,54540,78
walking,54571,54540,54571,31
sniffing,54572,54571,54572,1
stepping,54617,54572,54617,45
walking,54621,54617,54621,4
sniffing,54658,54621,54658,37
stepping,54690,54658,54690,32
right_turning,54700,54690,54700,10
climbing,54747,54700,54747,47
hunching,54843,54747,54843,96
trotting,54892,54843,54892,49
rising,54932,54892,54932,40
climbing,54994,54932,54994,62
rising,55029,54994,55029,35
walking,55069,55029,55069,40
rearing,55115,55069,55115,46
grooming,55116,55115,55116,1
hunching,55166,55116,55166,50
climbing,55176,55166,55176,10
sniffing,55177,55176,55177,1
rising,55199,55177,55199,22
left_turning,55226,55199,55226,27
rising,55249,55226,55249,23
walking,55283,55249,55283,34
sniffing,55360,55283,55360,77
left_turning,55382,55360,55382,22
walking,55394,55382,55394,12
rising,55427,55394,55427,33
climbing,55457,55427,55457,30
left_turning,55458,55457,55458,1
walking,55512,55458,55512,54
left_turning,55757,55512,55757,245
walking,55777,55757,55777,20
trotting,55801,55777,55801,24
rearing,55889,55801,55889,88
climbing,55908,55889,55908,19
right_turning,55935,55908,55935,27
sniffing,56029,55935,56029,94
stepping,56048,56029,56048,19
climbing,56112,56048,56112,64
rearing,56207,56112,56207,95
walking,56208,56207,56208,1
left_turning,56209,56208,56209,1
running,56220,56209,56220,11
rising,56239,56220,56239,19
stepping,56269,56239,56269,30
trotting,56297,56269,56297,28
sniffing,56312,56297,56312,15
walking,56377,56312,56377,65
rearing,56469,56377,56469,92
climbing,56516,56469,56516,47
hunching,56562,56516,56562,46
rearing,56624,56562,56624,62
climbing,56690,56624,56690,66
walking,56701,56690,56701,11
sniffing,56716,56701,56716,15
left_turning,56717,56716,56717,1
walking,56742,56717,56742,25
sniffing,56743,56742,56743,1
stepping,56757,56743,56757,14
hunching,56758,56757,56758,1
right_turning,56770,56758,56770,12
climbing,56808,56770,56808,38
trotting,56847,56808,56847,39
climbing,56899,56847,56899,52
left_turning,56908,56899,56908,9
trotting,56953,56908,56953,45
sniffing,57036,56953,57036,83
rising,57120,57036,57120,84
sniffing,57191,57120,57191,71
walking,57205,57191,57205,14
sniffing,57233,57205,57233,28
climbing,57313,57233,57313,80
hunching,57364,57313,57364,51
sniffing,57421,57364,57421,57
rearing,57468,57421,57468,47
climbing,57533,57468,57533,65
rearing,57534,57533,57534,1
walking,57586,57534,57586,52
rising,57635,57586,57635,49
sniffing,57644,57635,57644,9
walking,57711,57644,57711,67
sniffing,57778,57711,57778,67
rearing,57925,57778,57925,147
grooming,57926,57925,57926,1
climbing,57955,57926,57955,29
rising,57956,57955,57956,1
sniffing,58053,57956,58053,97
walking,58074,58053,58074,21
rising,58145,58074,58145,71
rearing,58233,58145,58233,88
rising,58342,58233,58342,109
climbing,58362,58342,58362,20
rising,58363,58362,58363,1
sniffing,58399,58363,58399,36
rearing,58400,58399,58400,1
hunching,58401,58400,58401,1
sniffing,58619,58401,58619,218
left_turning,58620,58619,58620,1
walking,58621,58620,58621,1
running,58667,58621,58667,46
left_turning,58688,58667,58688,21
trotting,58715,58688,58715,27
left_turning,58767,58715,58767,52
sniffing,58768,58767,58768,1
right_turning,58792,58768,58792,24
sniffing,58873,58792,58873,81
climbing,58951,58873,58951,78
rearing,58995,58951,58995,44
rising,59003,58995,59003,8
climbing,59050,59003,59050,47
walking,59117,59050,59117,67
left_turning,59243,59117,59243,126
sniffing,59314,59243,59314,71
climbing,59353,59314,59353,39
sniffing,59434,59353,59434,81
climbing,59482,59434,59482,48
right_turning,59500,59482,59500,18
rearing,59501,59500,59501,1
grooming,59745,59501,59745,244
rearing,59845,59745,59845,100
sniffing,59846,59845,59846,1
rising,59847,59846,59847,1
walking,59892,59847,59892,45
stepping,59907,59892,59907,15
sniffing,60006,59907,60006,99
rising,60007,60006,60007,1
climbing,60041,60007,60041,34
rising,60102,60041,60102,61
walking,60116,60102,60116,14
left_turning,60143,60116,60143,27
rising,60283,60143,60283,140
hunching,60365,60283,60365,82
grooming,60366,60365,60366,1
climbing,60419,60366,60419,53
rising,60443,60419,60443,24
climbing,60522,60443,60522,79
running,60545,60522,60545,23
rising,60600,60545,60600,55
right_turning,60607,60600,60607,7
sniffing,60617,60607,60617,10
running,60618,60617,60618,1
stepping,60654,60618,60654,36
climbing,60688,60654,60688,34
rising,60695,60688,60695,7
sniffing,60818,60695,60818,123
rising,60819,60818,60819,1
climbing,60891,60819,60891,72
walking,60892,60891,60892,1
sniffing,60977,60892,60977,85
climbing,61001,60977,61001,24
walking,61027,61001,61027,26
left_turning,61051,61027,61051,24
walking,61096,61051,61096,45
sniffing,61123,61096,61123,27
right_turning,61163,61123,61163,40
stepping,61164,61163,61164,1
walking,61165,61164,61165,1
hunching,61257,61165,61257,92
sniffing,61343,61257,61343,86
rising,61368,61343,61368,25
rearing,61563,61368,61563,195
sniffing,61574,61563,61574,11
left_turning,61587,61574,61587,13
sniffing,61588,61587,61588,1
walking,61598,61588,61598,10
sniffing,61599,61598,61599,1
climbing,61600,61599,61600,1
sniffing,61655,61600,61655,55
climbing,61702,61655,61702,47
rising,61703,61702,61703,1
climbing,61747,61703,61747,44
rearing,61748,61747,61748,1
rising,61754,61748,61754,6
climbing,61769,61754,61769,15
rising,61831,61769,61831,62
climbing,61889,61831,61889,58
rearing,61932,61889,61932,43
sniffing,62021,61932,62021,89
stepping,62045,62021,62045,24
climbing,62071,62045,62071,26
sniffing,62077,62071,62077,6
rising,62098,62077,62098,21
climbing,62102,62098,62102,4
rearing,62103,62102,62103,1
rising,62135,62103,62135,32
rearing,62147,62135,62147,12
rising,62181,62147,62181,34
climbing,62260,62181,62260,79
running,62303,62260,62303,43
walking,62336,62303,62336,33
rearing,62337,62336,62337,1
grooming,62501,62337,62501,164
trotting,62564,62501,62564,63
sniffing,62611,62564,62611,47
trotting,62643,62611,62643,32
walking,62661,62643,62661,18
climbing,62706,62661,62706,45
rising,62754,62706,62754,48
grooming,62755,62754,62755,1
rearing,62757,62755,62757,2
sniffing,62854,62757,62854,97
trotting,62866,62854,62866,12
rising,62933,62866,62933,67
sniffing,63054,62933,63054,121
climbing,63080,63054,63080,26
rising,63113,63080,63113,33
climbing,63215,63113,63215,102
sniffing,63216,63215,63216,1
rearing,63287,63216,63287,71
grooming,63545,63287,63545,258
rearing,63643,63545,63643,98
sniffing,63656,63643,63656,13
climbing,63744,63656,63744,88
walking,63791,63744,63791,47
sniffing,63834,63791,63834,43
rising,63835,63834,63835,1
climbing,63836,63835,63836,1
rearing,64195,63836,64195,359
sniffing,64196,64195,64196,1
rising,64310,64196,64310,114
sniffing,64324,64310,64324,14
pausing,64475,64324,64475,151
sniffing,64476,64475,64476,1
climbing,64521,64476,64521,45
left_turning,64551,64521,64551,30
sniffing,64552,64551,64552,1
walking,64564,64552,64564,12
climbing,64592,64564,64592,28
walking,64634,64592,64634,42
rearing,64692,64634,64692,58
sniffing,64768,64692,64768,76
left_turning,64794,64768,64794,26
walking,64795,64794,64795,1
left_turning,64845,64795,64845,50
sniffing,64850,64845,64850,5
rising,64884,64850,64884,34
sniffing,64885,64884,64885,1
rising,64917,64885,64917,32
climbing,64957,64917,64957,40
walking,64966,64957,64966,9
sniffing,65049,64966,65049,83
walking,65054,65049,65054,5
stepping,65075,65054,65075,21
left_turning,65076,65075,65076,1
climbing,65130,65076,65130,54
rising,65131,65130,65131,1
climbing,65165,65131,65165,34
trotting,65177,65165,65177,12
left_turning,65211,65177,65211,34
rising,65236,65211,65236,25
sniffing,65247,65236,65247,11
walking,65308,65247,65308,61
sniffing,65389,65308,65389,81
hunching,65395,65389,65395,6
climbing,65460,65395,65460,65
right_turning,65468,65460,65468,8
rising,65476,65468,65476,8
sniffing,65511,65476,65511,35
walking,65563,65511,65563,52
sniffing,65617,65563,65617,54
right_turning,65637,65617,65637,20
sniffing,65638,65637,65638,1
hunching,65700,65638,65700,62
grooming,65701,65700,65701,1
rearing,65702,65701,65702,1
grooming,65758,65702,65758,56
rearing,65767,65758,65767,9
left_turning,65772,65767,65772,5
walking,65808,65772,65808,36
rearing,65809,65808,65809,1
climbing,65830,65809,65830,21
hunching,65836,65830,65836,6
right_turning,65857,65836,65857,21
climbing,65858,65857,65858,1
sniffing,65859,65858,65859,1
climbing,65954,65859,65954,95
sniffing,66024,65954,66024,70
walking,66090,66024,66090,66
stepping,66103,66090,66103,13
climbing,66114,66103,66114,11
rising,66215,66114,66215,101
walking,66285,66215,66285,70
sniffing,66286,66285,66286,1
rising,66287,66286,66287,1
sniffing,66288,66287,66288,1
running,66313,66288,66313,25
rising,66354,66313,66354,41
rearing,66355,66354,66355,1
rising,66448,66355,66448,93
rearing,66513,66448,66513,65
sniffing,66516,66513,66516,3
walking,66561,66516,66561,45
climbing,66633,66561,66633,72
trotting,66650,66633,66650,17
stepping,66686,66650,66686,36
rising,66705,66686,66705,19
right_turning,66710,66705,66710,5
walking,66711,66710,66711,1
sniffing,66712,66711,66712,1
walking,66727,66712,66727,15
stepping,66768,66727,66768,41
climbing,66873,66768,66873,105
right_turning,66876,66873,66876,3
sniffing,66992,66876,66992,116
stepping,67020,66992,67020,28
rearing,67022,67020,67022,2
sniffing,67096,67022,67096,74
rising,67119,67096,67119,23
climbing,67184,67119,67184,65
sniffing,67264,67184,67264,80
climbing,67269,67264,67269,5
walking,67318,67269,67318,49
sniffing,67334,67318,67334,16
running,67343,67334,67343,9
sniffing,67371,67343,67371,28
walking,67492,67371,67492,121
sniffing,67528,67492,67528,36
climbing,67608,67528,67608,80
trotting,67639,67608,67639,31
stepping,67671,67639,67671,32
trotting,67690,67671,67690,19
sniffing,67752,67690,67752,62
climbing,67790,67752,67790,38
rearing,67791,67790,67791,1
sniffing,67866,67791,67866,75
left_turning,67877,67866,67877,11
sniffing,67912,67877,67912,35
trotting,67922,67912,67922,10
left_turning,67953,67922,67953,31
sniffing,67965,67953,67965,12
rising,68054,67965,68054,89
left_turning,68089,68054,68089,35
right_turning,68097,68089,68097,8
running,68119,68097,68119,22
walking,68188,68119,68188,69
rearing,68407,68188,68407,219
hunching,68557,68407,68557,150
sniffing,68701,68557,68701,144
left_turning,68702,68701,68702,1
sniffing,68908,68702,68908,206
rising,68912,68908,68912,4
running,68933,68912,68933,21
sniffing,68934,68933,68934,1
rising,69004,68934,69004,70
sniffing,69005,69004,69005,1
climbing,69032,69005,69032,27
right_turning,69065,69032,69065,33
sniffing,69066,69065,69066,1
rearing,69104,69066,69104,38
sniffing,69240,69104,69240,136
rising,69241,69240,69241,1
climbing,69270,69241,69270,29
rearing,69339,69270,69339,69
sniffing,69340,69339,69340,1
walking,69346,69340,69346,6
trotting,69348,69346,69348,2
sniffing,69379,69348,69379,31
rising,69414,69379,69414,35
sniffing,69497,69414,69497,83
rising,69498,69497,69498,1
sniffing,69618,69498,69618,120
left_turning,69641,69618,69641,23
sniffing,69662,69641,69662,21
rearing,69745,69662,69745,83
climbing,69814,69745,69814,69
trotting,69847,69814,69847,33
walking,69915,69847,69915,68
rising,69928,69915,69928,13
rearing,70053,69928,70053,125
sniffing,70054,70053,70054,1
rising,70055,70054,70055,1
sniffing,70060,70055,70060,5
hunching,70133,70060,70133,73
sniffing,70277,70133,70277,144
walking,70337,70277,70337,60
sniffing,70412,70337,70412,75
left_turning,70440,70412,70440,28
sniffing,70560,70440,70560,120
climbing,70562,70560,70562,2
rearing,70677,70562,70677,115
walking,70699,70677,70699,22
left_turning,70700,70699,70700,1
walking,70708,70700,70708,8
sniffing,70781,70708,70781,73
right_turning,70782,70781,70782,1
sniffing,70835,70782,70835,53
grooming,71026,70835,71026,191
sniffing,71130,71026,71130,104
walking,71145,71130,71145,15
sniffing,71189,71145,71189,44
right_turning,71190,71189,71190,1
sniffing,71236,71190,71236,46
rising,71268,71236,71268,32
climbing,71279,71268,71279,11
rising,71333,71279,71333,54
climbing,71358,71333,71358,25
hunching,71458,71358,71458,100
walking,71489,71458,71489,31
right_turning,71534,71489,71534,45
running,71554,71534,71554,20
left_turning,71614,71554,71614,60
sniffing,71615,71614,71615,1
pausing,71766,71615,71766,151
left_turning,71811,71766,71811,45
walking,71818,71811,71818,7
climbing,71881,71818,71881,63
right_turning,71899,71881,71899,18
stepping,71953,71899,71953,54
sniffing,71983,71953,71983,30
left_turning,72003,71983,72003,20
walking,72035,72003,72035,32
left_turning,72103,72035,72103,68
sniffing,72104,72103,72104,1
rising,72192,72104,72192,88
trotting,72225,72192,72225,33
left_turning,72226,72225,72226,1
climbing,72280,72226,72280,54
walking,72307,72280,72307,27
sniffing,72343,72307,72343,36
rising,72354,72343,72354,11
hunching,72425,72354,72425,71
rising,72465,72425,72465,40
sniffing,72475,72465,72475,10
rising,72484,72475,72484,9
climbing,72516,72484,72516,32
walking,72521,72516,72521,5
climbing,72564,72521,72564,43
rearing,72565,72564,72565,1
sniffing,72641,72565,72641,76
left_turning,72714,72641,72714,73
rising,72726,72714,72726,12
sniffing,72866,72726,72866,140
walking,72935,72866,72935,69
climbing,72955,72935,72955,20
sniffing,73032,72955,73032,77
grooming,73128,73032,73128,96
rearing,73162,73128,73162,34
sniffing,73228,73162,73228,66
rising,73229,73228,73229,1
sniffing,73256,73229,73256,27
rearing,73257,73256,73257,1
grooming,73363,73257,73363,106
sniffing,73364,73363,73364,1
rearing,73365,73364,73365,1
climbing,73421,73365,73421,56
walking,73454,73421,73454,33
sniffing,73455,73454,73455,1
stepping,73465,73455,73465,10
sniffing,73559,73465,73559,94
rising,73569,73559,73569,10
sniffing,73655,73569,73655,86
rising,73689,73655,73689,34
rearing,73819,73689,73819,130
climbing,73876,73819,73876,57
sniffing,73879,73876,73879,3
left_turning,73928,73879,73928,49
walking,73954,73928,73954,26
left_turning,74074,73954,74074,120
walking,74079,74074,74079,5
left_turning,74128,74079,74128,49
walking,74132,74128,74132,4
rearing,74270,74132,74270,138
left_turning,74271,74270,74271,1
sniffing,74276,74271,74276,5
climbing,74324,74276,74324,48
rising,74345,74324,74345,21
left_turning,74375,74345,74375,30
walking,74412,74375,74412,37
trotting,74456,74412,74456,44
sniffing,74464,74456,74464,8
climbing,74465,74464,74465,1
sniffing,74479,74465,74479,14
grooming,74742,74479,74742,263
walking,74788,74742,74788,46
right_turning,74803,74788,74803,15
walking,74810,74803,74810,7
sniffing,74859,74810,74859,49
walking,74913,74859,74913,54
sniffing,74995,74913,74995,82
left_turning,75018,74995,75018,23
sniffing,75081,75018,75081,63
left_turning,75161,75081,75161,80
sniffing,75162,75161,75162,1
right_turning,75183,75162,75183,21
walking,75229,75183,75229,46
stepping,75287,75229,75287,58
sniffing,75288,75287,75288,1
rearing,75416,75288,75416,128
rising,75435,75416,75435,19
sniffing,75531,75435,75531,96
walking,75567,75531,75567,36
left_turning,75568,75567,75568,1
sniffing,75569,75568,75569,1
hunching,75708,75569,75708,139
climbing,75709,75708,75709,1
left_turning,75712,75709,75712,3
trotting,75737,75712,75737,25
sniffing,75877,75737,75877,140
trotting,75893,75877,75893,16
climbing,75906,75893,75906,13
sniffing,75907,75906,75907,1
left_turning,75957,75907,75957,50
sniffing,76009,75957,76009,52
left_turning,76063,76009,76063,54
sniffing,76117,76063,76117,54
rising,76147,76117,76147,30
rearing,76181,76147,76181,34
grooming,76182,76181,76182,1
rising,76215,76182,76215,33
climbing,76237,76215,76237,22
walking,76290,76237,76290,53
stepping,76336,76290,76336,46
right_turning,76346,76336,76346,10
hunching,76425,76346,76425,79
climbing,76426,76425,76426,1
sniffing,76528,76426,76528,102
walking,76537,76528,76537,9
rearing,76780,76537,76780,243
climbing,76802,76780,76802,22
grooming,76861,76802,76861,59
hunching,76933,76861,76933,72
rising,76972,76933,76972,39
sniffing,76986,76972,76986,14
pausing,77136,76986,77136,150
sniffing,77191,77136,77191,55
trotting,77202,77191,77202,11
rising,77248,77202,77248,46
walking,77300,77248,77300,52
sniffing,77366,77300,77366,66
walking,77400,77366,77400,34
sniffing,77456,77400,77456,56
rearing,77536,77456,77536,80
running,77565,77536,77565,29
sniffing,77675,77565,77675,110
left_turning,77726,77675,77726,51
sniffing,77917,77726,77917,191
climbing,77982,77917,77982,65
rearing,78056,77982,78056,74
climbing,78213,78056,78213,157
hunching,78214,78213,78214,1
sniffing,78276,78214,78276,62
rearing,78300,78276,78300,24
sniffing,78318,78300,78318,18
climbing,78346,78318,78346,28
walking,78352,78346,78352,6
rising,78401,78352,78401,49
sniffing,78451,78401,78451,50
rearing,78491,78451,78491,40
grooming,78492,78491,78492,1
rearing,78493,78492,78493,1
grooming,78791,78493,78791,298
sniffing,79095,78791,79095,304
rearing,79096,79095,79096,1
right_turning,79131,79096,79131,35
walking,79174,79131,79174,43
climbing,79197,79174,79197,23
walking,79209,79197,79209,12
sniffing,79250,79209,79250,41
trotting,79283,79250,79283,33
stepping,79318,79283,79318,35
sniffing,79355,79318,79355,37
pausing,79504,79355,79504,149
sniffing,79538,79504,79538,34
rising,79539,79538,79539,1
left_turning,79576,79539,79576,37
sniffing,79677,79576,79677,101
stepping,79678,79677,79678,1
sniffing,79679,79678,79679,1
rising,79686,79679,79686,7
climbing,79696,79686,79696,10
walking,79756,79696,79756,60
sniffing,79784,79756,79784,28
walking,79808,79784,79808,24
sniffing,79883,79808,79883,75
rearing,79884,79883,79884,1
sniffing,79907,79884,79907,23
right_turning,79913,79907,79913,6
sniffing,79914,79913,79914,1
hunching,79960,79914,79960,46
walking,79992,79960,79992,32
left_turning,80039,79992,80039,47
running,80075,80039,80075,36
walking,80091,80075,80091,16
stepping,80092,80091,80092,1
sniffing,80095,80092,80095,3
rising,80173,80095,80173,78
sniffing,80201,80173,80201,28
walking,80202,80201,80202,1
rising,80212,80202,80212,10
climbing,80246,80212,80246,34
rearing,80409,80246,80409,163
sniffing,80434,80409,80434,25
walking,80464,80434,80464,30
sniffing,80504,80464,80504,40
rising,80529,80504,80529,25
sniffing,80599,80529,80599,70
left_turning,80629,80599,80629,30
running,80650,80629,80650,21
rearing,80757,80650,80757,107
sniffing,80758,80757,80758,1
rising,80790,80758,80790,32
right_turning,80820,80790,80820,30
walking,80821,80820,80821,1
left_turning,80822,80821,80822,1
walking,80858,80822,80858,36
climbing,80909,80858,80909,51
walking,80926,80909,80926,17
climbing,80950,80926,80950,24
walking,80951,80950,80951,1
left_turning,80952,80951,80952,1
walking,80990,80952,80990,38
left_turning,80996,80990,80996,6
walking,81001,80996,81001,5
rising,81005,81001,81005,4
climbing,81033,81005,81033,28
rising,81060,81033,81060,27
left_turning,81103,81060,81103,43
trotting,81106,81103,81106,3
rising,81115,81106,81115,9
sniffing,81157,81115,81157,42
right_turning,81186,81157,81186,29
stepping,81252,81186,81252,66
walking,81264,81252,81264,12
rising,81274,81264,81274,10
climbing,81304,81274,81304,30
trotting,81350,81304,81350,46
walking,81379,81350,81379,29
trotting,81389,81379,81389,10
sniffing,81499,81389,81499,110
walking,81509,81499,81509,10
rising,81547,81509,81547,38
right_turning,81573,81547,81573,26
sniffing,81671,81573,81671,98
walking,81725,81671,81725,54
rising,81731,81725,81731,6
climbing,81777,81731,81777,46
rearing,81864,81777,81864,87
sniffing,81892,81864,81892,28
pausing,81893,81892,81893,1
sniffing,81914,81893,81914,21
walking,81952,81914,81952,38
sniffing,82030,81952,82030,78
rising,82041,82030,82041,11
climbing,82070,82041,82070,29
rising,82087,82070,82087,17
climbing,82092,82087,82092,5
rising,82093,82092,82093,1
sniffing,82216,82093,82216,123
grooming,82217,82216,82217,1
rising,82229,82217,82229,12
grooming,82476,82229,82476,247
rising,82489,82476,82489,13
climbing,82541,82489,82541,52
rising,82615,82541,82615,74
sniffing,82616,82615,82616,1
left_turning,82634,82616,82634,18
sniffing,82701,82634,82701,67
walking,82713,82701,82713,12
rising,82721,82713,82721,8
rearing,82902,82721,82902,181
right_turning,82912,82902,82912,10
rearing,83130,82912,83130,218
rising,83131,83130,83131,1
climbing,83196,83131,83196,65
walking,83257,83196,83257,61
sniffing,83304,83257,83304,47
walking,83324,83304,83324,20
sniffing,83333,83324,83333,9
walking,83354,83333,83354,21
left_turning,83355,83354,83355,1
sniffing,83401,83355,83401,46
grooming,83776,83401,83776,375
rising,83777,83776,83777,1
climbing,83867,83777,83867,90
rearing,84097,83867,84097,230
rising,84141,84097,84141,44
sniffing,84244,84141,84244,103
stepping,84293,84244,84293,49
climbing,84357,84293,84357,64
rising,84403,84357,84403,46
climbing,84411,84403,84411,8
sniffing,84459,84411,84459,48
rising,84509,84459,84509,50
climbing,84599,84509,84599,90
walking,84614,84599,84614,15
stepping,84701,84614,84701,87
climbing,84707,84701,84707,6
stepping,84741,84707,84741,34
sniffing,84744,84741,84744,3
climbing,84785,84744,84785,41
sniffing,84819,84785,84819,34
walking,84852,84819,84852,33
left_turning,84894,84852,84894,42
running,84912,84894,84912,18
sniffing,84926,84912,84926,14
left_turning,85032,84926,85032,106
climbing,85050,85032,85050,18
rearing,85116,85050,85116,66
grooming,85264,85116,85264,148
hunching,85400,85264,85400,136
climbing,85486,85400,85486,86
right_turning,85487,85486,85487,1
walking,85507,85487,85507,20
left_turning,85593,85507,85593,86
walking,85658,85593,85658,65
sniffing,85732,85658,85732,74
walking,85769,85732,85769,37
stepping,85805,85769,85805,36
sniffing,85876,85805,85876,71
left_turning,86095,85876,86095,219
walking,86123,86095,86123,28
sniffing,86193,86123,86193,70
climbing,86213,86193,86213,20
sniffing,86315,86213,86315,102
climbing,86317,86315,86317,2
right_turning,86359,86317,86359,42
left_turning,86384,86359,86384,25
sniffing,86397,86384,86397,13
stepping,86403,86397,86403,6
walking,86445,86403,86445,42
sniffing,86475,86445,86475,30
rising,86537,86475,86537,62
climbing,86614,86537,86614,77
right_turning,86634,86614,86634,20
trotting,86668,86634,86668,34
rising,86754,86668,86754,86
climbing,86755,86754,86755,1
rising,86807,86755,86807,52
climbing,86856,86807,86856,49
rising,86882,86856,86882,26
walking,86921,86882,86921,39
sniffing,87030,86921,87030,109
rising,87195,87030,87195,165
rearing,87196,87195,87196,1
climbing,87212,87196,87212,16
rearing,87213,87212,87213,1
climbing,87262,87213,87262,49
hunching,87358,87262,87358,96
sniffing,87525,87358,87525,167
rearing,87551,87525,87551,26
trotting,87566,87551,87566,15
sniffing,87603,87566,87603,37
rising,87608,87603,87608,5
climbing,87706,87608,87706,98
rising,87707,87706,87707,1
climbing,87756,87707,87756,49
rising,87777,87756,87777,21
climbing,87804,87777,87804,27
sniffing,87805,87804,87805,1
rising,87910,87805,87910,105
climbing,87932,87910,87932,22
sniffing,88000,87932,88000,68
rising,88029,88000,88029,29
sniffing,88147,88029,88147,118
rearing,88215,88147,88215,68
hunching,88426,88215,88426,211
climbing,88461,88426,88461,35
rearing,88510,88461,88510,49
grooming,88511,88510,88511,1
hunching,88593,88511,88593,82
grooming,88594,88593,88594,1
climbing,88616,88594,88616,22
right_turning,88629,88616,88629,13
climbing,88630,88629,88630,1
sniffing,88642,88630,88642,12
grooming,89845,88642,89845,1203
left_turning,89879,89845,89879,34
sniffing,89880,89879,89880,1
rising,89892,89880,89892,12
rearing,89972,89892,89972,80
grooming,90023,89972,90023,51
rearing,90087,90023,90087,64
climbing,90088,90087,90088,1
sniffing,90098,90088,90098,10
hunching,90099,90098,90099,1
grooming,90100,90099,90100,1
sniffing,90162,90100,90162,62
rising,90221,90162,90221,59
left_turning,90222,90221,90222,1
stepping,90229,90222,90229,7
sniffing,90397,90229,90397,168
rising,90413,90397,90413,16
climbing,90442,90413,90442,29
hunching,90543,90442,90543,101
running,90545,90543,90545,2
sniffing,90556,90545,90556,11
pausing,90569,90556,90569,13
sniffing,90634,90569,90634,65
climbing,90662,90634,90662,28
sniffing,90729,90662,90729,67
walking,90743,90729,90743,14
rising,90856,90743,90856,113
sniffing,90889,90856,90889,33
rising,90972,90889,90972,83
rearing,90973,90972,90973,1
sniffing,90991,90973,90991,18
rising,91023,90991,91023,32
sniffing,91024,91023,91024,1
trotting,91067,91024,91067,43
walking,91089,91067,91089,22
stepping,91124,91089,91124,35
walking,91171,91124,91171,47
sniffing,91172,91171,91172,1
rearing,91288,91172,91288,116
rising,91312,91288,91312,24
climbing,91407,91312,91407,95
rising,91420,91407,91420,13
sniffing,91752,91420,91752,332
rising,91753,91752,91753,1
sniffing,91822,91753,91822,69
rising,91846,91822,91846,24
climbing,91847,91846,91847,1
grooming,92046,91847,92046,199
hunching,92167,92046,92167,121
rising,92168,92167,92168,1
climbing,92169,92168,92169,1
rearing,92229,92169,92229,60
hunching,92230,92229,92230,1
rearing,92333,92230,92333,103
rising,92356,92333,92356,23
climbing,92376,92356,92376,20
grooming,92417,92376,92417,41
rearing,92441,92417,92441,24
rising,92461,92441,92461,20
climbing,92494,92461,92494,33
rising,92521,92494,92521,27
climbing,92568,92521,92568,47
running,92589,92568,92589,21
walking,92595,92589,92595,6
sniffing,92626,92595,92626,31
climbing,92631,92626,92631,5
walking,92655,92631,92655,24
right_turning,92698,92655,92698,43
walking,92760,92698,92760,62
rising,92828,92760,92828,68
climbing,92910,92828,92910,82
rising,92911,92910,92911,1
climbing,92927,92911,92927,16
right_turning,92949,92927,92949,22
left_turning,92958,92949,92958,9
stepping,92965,92958,92965,7
walking,92996,92965,92996,31
right_turning,93026,92996,93026,30
sniffing,93068,93026,93068,42
left_turning,93143,93068,93143,75
running,93176,93143,93176,33
left_turning,93199,93176,93199,23
rising,93204,93199,93204,5
hunching,93309,93204,93309,105
sniffing,93350,93309,93350,41
walking,93420,93350,93420,70
sniffing,93493,93420,93493,73
left_turning,93494,93493,93494,1
sniffing,93521,93494,93521,27
climbing,93542,93521,93542,21
running,93605,93542,93605,63
rising,93650,93605,93650,45
walking,93686,93650,93686,36
left_turning,93763,93686,93763,77
right_turning,93791,93763,93791,28
walking,93832,93791,93832,41
stepping,93857,93832,93857,25
rising,93900,93857,93900,43
sniffing,93929,93900,93929,29
rising,93949,93929,93949,20
climbing,93990,93949,93990,41
hunching,94117,93990,94117,127
grooming,94125,94117,94125,8
rearing,94315,94125,94315,190
sniffing,94377,94315,94377,62
climbing,94378,94377,94378,1
walking,94419,94378,94419,41
sniffing,94585,94419,94585,166
walking,94586,94585,94586,1
climbing,94625,94586,94625,39
walking,94626,94625,94626,1
rising,94651,94626,94651,25
stepping,94663,94651,94663,12
sniffing,94746,94663,94746,83
left_turning,94839,94746,94839,93
sniffing,94841,94839,94841,2
left_turning,94870,94841,94870,29
sniffing,94871,94870,94871,1
left_turning,94872,94871,94872,1
stepping,94892,94872,94892,20
sniffing,94893,94892,94893,1
climbing,94928,94893,94928,35
grooming,94929,94928,94929,1
sniffing,95005,94929,95005,76
rising,95029,95005,95029,24
climbing,95065,95029,95065,36
walking,95092,95065,95092,27
sniffing,95190,95092,95190,98
pausing,95191,95190,95191,1
sniffing,95192,95191,95192,1
pausing,95281,95192,95281,89
sniffing,95296,95281,95296,15
grooming,95636,95296,95636,340
rearing,95656,95636,95656,20
climbing,95677,95656,95677,21
rearing,95701,95677,95701,24
rising,95738,95701,95738,37
climbing,95790,95738,95790,52
running,95804,95790,95804,14
rising,95837,95804,95837,33
climbing,95977,95837,95977,140
sniffing,95986,95977,95986,9
left_turning,96020,95986,96020,34
walking,96041,96020,96041,21
left_turning,96042,96041,96042,1
sniffing,96043,96042,96043,1
walking,96175,96043,96175,132
left_turning,96243,96175,96243,68
sniffing,96252,96243,96252,9
left_turning,96319,96252,96319,67
sniffing,96320,96319,96320,1
left_turning,96357,96320,96357,37
sniffing,96437,96357,96437,80
rising,96464,96437,96464,27
climbing,96536,96464,96536,72
walking,96585,96536,96585,49
climbing,96622,96585,96622,37
sniffing,96667,96622,96667,45
walking,96668,96667,96668,1
rising,96696,96668,96696,28
rearing,96746,96696,96746,50
walking,96747,96746,96747,1
sniffing,96748,96747,96748,1
rising,96766,96748,96766,18
climbing,96798,96766,96798,32
grooming,96799,96798,96799,1
left_turning,96848,96799,96848,49
sniffing,96897,96848,96897,49
walking,96925,96897,96925,28
stepping,96975,96925,96975,50
sniffing,97145,96975,97145,170
grooming,97225,97145,97225,80
sniffing,97259,97225,97259,34
rising,97292,97259,97292,33
walking,97333,97292,97333,41
left_turning,97434,97333,97434,101
walking,97435,97434,97435,1
rising,97476,97435,97476,41
sniffing,97602,97476,97602,126
hunching,97688,97602,97688,86
grooming,97689,97688,97689,1
sniffing,97707,97689,97707,18
grooming,97855,97707,97855,148
rearing,97928,97855,97928,73
sniffing,98025,97928,98025,97
trotting,98043,98025,98043,18
rising,98064,98043,98064,21
sniffing,98104,98064,98104,40
walking,98126,98104,98126,22
rising,98133,98126,98133,7
left_turning,98195,98133,98195,62
rising,98221,98195,98221,26
sniffing,98222,98221,98222,1
rising,98227,98222,98227,5
sniffing,98272,98227,98272,45
rising,98279,98272,98279,7
sniffing,98363,98279,98363,84
trotting,98407,98363,98407,44
climbing,98449,98407,98449,42
rising,98465,98449,98465,16
rearing,98536,98465,98536,71
climbing,98576,98536,98576,40
sniffing,98577,98576,98577,1
left_turning,98624,98577,98624,47
rising,98643,98624,98643,19
climbing,98704,98643,98704,61
rising,98728,98704,98728,24
sniffing,98781,98728,98781,53
walking,98832,98781,98832,51
sniffing,98833,98832,98833,1
left_turning,98860,98833,98860,27
walking,98910,98860,98910,50
rising,98955,98910,98955,45
climbing,99024,98955,99024,69
sniffing,99111,99024,99111,87
walking,99115,99111,99115,4
sniffing,99150,99115,99150,35
rising,99228,99150,99228,78
climbing,99229,99228,99229,1
rearing,99230,99229,99230,1
rising,99231,99230,99231,1
rearing,99456,99231,99456,225
rising,99493,99456,99493,37
rearing,99861,99493,99861,368
sniffing,99951,99861,99951,90
climbing,100002,99951,100002,51
rising,100057,100002,100057,55
sniffing,100075,100057,100075,18
left_turning,100134,100075,100134,59
running,100145,100134,100145,11
sniffing,100183,100145,100183,38
walking,100239,100183,100239,56
stepping,100245,100239,100245,6
right_turning,100258,100245,100258,13
walking,100266,100258,100266,8
rising,100268,100266,100268,2
climbing,100269,100268,100269,1
right_turning,100293,100269,100293,24
walking,100355,100293,100355,62
climbing,100430,100355,100430,75
sniffing,100509,100430,100509,79
rising,100561,100509,100561,52
climbing,100610,100561,100610,49
walking,100645,100610,100645,35
stepping,100653,100645,100653,8
right_turning,100654,100653,100654,1
sniffing,100682,100654,100682,28
right_turning,100709,100682,100709,27
sniffing,100754,100709,100754,45
rising,100758,100754,100758,4
sniffing,100759,100758,100759,1
left_turning,100799,100759,100799,40
sniffing,101032,100799,101032,233
left_turning,101038,101032,101038,6
walking,101090,101038,101090,52
left_turning,101123,101090,101123,33
sniffing,101171,101123,101171,48
stepping,101182,101171,101182,11
walking,101185,101182,101185,3
sniffing,101270,101185,101270,85
walking,101300,101270,101300,30
climbing,101383,101300,101383,83
rising,101442,101383,101442,59
sniffing,101470,101442,101470,28
rising,101528,101470,101528,58
sniffing,101569,101528,101569,41
rising,101570,101569,101570,1
rearing,101745,101570,101745,175
sniffing,101807,101745,101807,62
right_turning,101815,101807,101815,8
trotting,101858,101815,101858,43
rearing,101927,101858,101927,69
sniffing,101972,101927,101972,45
walking,102038,101972,102038,66
rearing,102122,102038,102122,84
climbing,102179,102122,102179,57
rising,102225,102179,102225,46
sniffing,102314,102225,102314,89
left_turning,102323,102314,102323,9
sniffing,102362,102323,102362,39
trotting,102368,102362,102368,6
stepping,102407,102368,102407,39
walking,102419,102407,102419,12
sniffing,102457,102419,102457,38
stepping,102468,102457,102468,11
sniffing,102553,102468,102553,85
rearing,102639,102553,102639,86
climbing,102659,102639,102659,20
grooming,102773,102659,102773,114
sniffing,102833,102773,102833,60
rising,102942,102833,102942,109
climbing,102943,102942,102943,1
sniffing,102944,102943,102944,1
walking,102947,102944,102947,3
right_turning,102956,102947,102956,9
walking,102993,102956,102993,37
rising,102994,102993,102994,1
sniffing,102995,102994,102995,1
pausing,102996,102995,102996,1
climbing,103072,102996,103072,76
rearing,103078,103072,103078,6
climbing,103194,103078,103194,116
rising,103255,103194,103255,61
sniffing,103359,103255,103359,104
rising,103394,103359,103394,35
rearing,103449,103394,103449,55
climbing,103537,103449,103537,88
walking,103560,103537,103560,23
climbing,103596,103560,103596,36
trotting,103632,103596,103632,36
stepping,103683,103632,103683,51
sniffing,103761,103683,103761,78
rearing,103843,103761,103843,82
stepping,103907,103843,103907,64
sniffing,103908,103907,103908,1
walking,103938,103908,103938,30
sniffing,103990,103938,103990,52
rising,104060,103990,104060,70
sniffing,104080,104060,104080,20
trotting,104105,104080,104105,25
sniffing,104106,104105,104106,1
trotting,104130,104106,104130,24
sniffing,104151,104130,104151,21
trotting,104203,104151,104203,52
stepping,104212,104203,104212,9
sniffing,104243,104212,104243,31
rising,104263,104243,104263,20
sniffing,104315,104263,104315,52
rising,104455,104315,104455,140
sniffing,104561,104455,104561,106
rising,104583,104561,104583,22
climbing,104727,104583,104727,144
sniffing,104728,104727,104728,1
right_turning,104752,104728,104752,24
walking,104772,104752,104772,20
rearing,104814,104772,104814,42
climbing,104881,104814,104881,67
hunching,104979,104881,104979,98
right_turning,105009,104979,105009,30
rising,105010,105009,105010,1
sniffing,105079,105010,105079,69
pausing,105080,105079,105080,1
sniffing,105081,105080,105081,1
walking,105171,105081,105171,90
sniffing,105205,105171,105205,34
left_turning,105251,105205,105251,46
walking,105302,105251,105302,51
sniffing,105303,105302,105303,1
left_turning,105304,105303,105304,1
sniffing,105305,105304,105305,1
grooming,105708,105305,105708,403
rearing,105837,105708,105837,129
walking,105838,105837,105838,1
right_turning,105861,105838,105861,23
sniffing,105907,105861,105907,46
stepping,105941,105907,105941,34
sniffing,106012,105941,106012,71
stepping,106034,106012,106034,22
right_turning,106044,106034,106044,10
walking,106088,106044,106088,44
sniffing,106182,106088,106182,94
trotting,106192,106182,106192,10
sniffing,106258,106192,106258,66
grooming,106259,106258,106259,1
hunching,106263,106259,106263,4
climbing,106343,106263,106343,80
sniffing,106441,106343,106441,98
stepping,106452,106441,106452,11
climbing,106585,106452,106585,133
rearing,106586,106585,106586,1
climbing,106587,106586,106587,1
grooming,106674,106587,106674,87
left_turning,106701,106674,106701,27
trotting,106715,106701,106715,14
walking,106716,106715,106716,1
trotting,106733,106716,106733,17
left_turning,106742,106733,106742,9
sniffing,106879,106742,106879,137
pausing,106880,106879,106880,1
sniffing,106881,106880,106881,1
walking,106902,106881,106902,21
trotting,106938,106902,106938,36
sniffing,107020,106938,107020,82
rising,107061,107020,107061,41
rearing,107142,107061,107142,81
sniffing,107143,107142,107143,1
grooming,107218,107143,107218,75
rearing,107290,107218,107290,72
sniffing,107334,107290,107334,44
pausing,107335,107334,107335,1
sniffing,107336,107335,107336,1
walking,107338,107336,107338,2
running,107357,107338,107357,19
rising,107358,107357,107358,1
climbing,107436,107358,107436,78
right_turning,107446,107436,107446,10
trotting,107454,107446,107454,8
rising,107518,107454,107518,64
climbing,107519,107518,107519,1
grooming,107520,107519,107520,1
right_turning,107521,107520,107521,1
sniffing,107532,107521,107532,11
left_turning,107533,107532,107533,1
sniffing,107626,107533,107626,93
walking,107657,107626,107657,31
sniffing,107681,107657,107681,24
right_turning,107697,107681,107697,16
rising,107698,107697,107698,1
sniffing,107789,107698,107789,91
climbing,107842,107789,107842,53
sniffing,107854,107842,107854,12
rising,107855,107854,107855,1
walking,107867,107855,107867,12
rising,107958,107867,107958,91
sniffing,107984,107958,107984,26
trotting,108000,107984,108000,16
