revised_movement_label,segBoundary,segBoundary_start,segBoundary_end,length
walking,89,0,89,89
rising,164,89,164,75
trotting,165,164,165,1
sniffing,198,165,198,33
climbing,242,198,242,44
right_turning,249,242,249,7
rising,250,249,250,1
sniffing,254,250,254,4
walking,287,254,287,33
stepping,343,287,343,56
rising,388,343,388,45
right_turning,426,388,426,38
rising,458,426,458,32
walking,501,458,501,43
trotting,518,501,518,17
walking,519,518,519,1
trotting,543,519,543,24
stepping,553,543,553,10
trotting,554,553,554,1
walking,592,554,592,38
trotting,599,592,599,7
stepping,600,599,600,1
sniffing,615,600,615,15
walking,641,615,641,26
sniffing,642,641,642,1
trotting,661,642,661,19
sniffing,686,661,686,25
rearing,730,686,730,44
hunching,731,730,731,1
rearing,851,731,851,120
sniffing,955,851,955,104
hunching,956,955,956,1
right_turning,974,956,974,18
trotting,979,974,979,5
right_turning,993,979,993,14
trotting,1014,993,1014,21
walking,1019,1014,1019,5
climbing,1045,1019,1045,26
sniffing,1093,1045,1093,48
rising,1175,1093,1175,82
rearing,1176,1175,1176,1
grooming,1177,1176,1177,1
rearing,1178,1177,1178,1
sniffing,1335,1178,1335,157
left_turning,1385,1335,1385,50
sniffing,1430,1385,1430,45
climbing,1481,1430,1481,51
right_turning,1503,1481,1503,22
sniffing,1574,1503,1574,71
trotting,1603,1574,1603,29
walking,1604,1603,1604,1
climbing,1659,1604,1659,55
walking,1693,1659,1693,34
rearing,1752,1693,1752,59
sniffing,1800,1752,1800,48
walking,1857,1800,1857,57
trotting,1868,1857,1868,11
walking,1923,1868,1923,55
sniffing,2109,1923,2109,186
rearing,2110,2109,2110,1
walking,2130,2110,2130,20
sniffing,2131,2130,2131,1
rising,2134,2131,2134,3
sniffing,2135,2134,2135,1
rising,2178,2135,2178,43
left_turning,2219,2178,2219,41
rising,2237,2219,2237,18
walking,2288,2237,2288,51
sniffing,2320,2288,2320,32
trotting,2327,2320,2327,7
rising,2328,2327,2328,1
sniffing,2370,2328,2370,42
walking,2398,2370,2398,28
sniffing,2435,2398,2435,37
rising,2436,2435,2436,1
left_turning,2453,2436,2453,17
sniffing,2490,2453,2490,37
walking,2526,2490,2526,36
running,2555,2526,2555,29
sniffing,2569,2555,2569,14
walking,2621,2569,2621,52
stepping,2626,2621,2626,5
sniffing,2627,2626,2627,1
trotting,2677,2627,2677,50
left_turning,2712,2677,2712,35
grooming,2863,2712,2863,151
rising,2907,2863,2907,44
climbing,2961,2907,2961,54
left_turning,2989,2961,2989,28
walking,2995,2989,2995,6
stepping,3026,2995,3026,31
walking,3077,3026,3077,51
sniffing,3143,3077,3143,66
right_turning,3160,3143,3160,17
trotting,3166,3160,3166,6
sniffing,3248,3166,3248,82
rising,3325,3248,3325,77
sniffing,3423,3325,3423,98
walking,3460,3423,3460,37
right_turning,3461,3460,3461,1
sniffing,3498,3461,3498,37
rising,3515,3498,3515,17
climbing,3577,3515,3577,62
walking,3608,3577,3608,31
left_turning,3687,3608,3687,79
running,3688,3687,3688,1
climbing,3738,3688,3738,50
sniffing,3739,3738,3739,1
left_turning,3740,3739,3740,1
rising,3769,3740,3769,29
climbing,3786,3769,3786,17
hunching,3911,3786,3911,125
sniffing,3945,3911,3945,34
walking,3998,3945,3998,53
sniffing,4063,3998,4063,65
climbing,4122,4063,4122,59
walking,4127,4122,4127,5
rising,4207,4127,4207,80
climbing,4275,4207,4275,68
rising,4276,4275,4276,1
walking,4277,4276,4277,1
sniffing,4430,4277,4430,153
left_turning,4464,4430,4464,34
sniffing,4477,4464,4477,13
walking,4478,4477,4478,1
sniffing,4556,4478,4556,78
walking,4574,4556,4574,18
running,4575,4574,4575,1
stepping,4576,4575,4576,1
walking,4577,4576,4577,1
sniffing,4619,4577,4619,42
hunching,4690,4619,4690,71
rearing,4774,4690,4774,84
left_turning,4828,4774,4828,54
walking,4882,4828,4882,54
rising,4951,4882,4951,69
sniffing,4964,4951,4964,13
stepping,4988,4964,4988,24
climbing,5022,4988,5022,34
left_turning,5050,5022,5050,28
trotting,5068,5050,5068,18
climbing,5092,5068,5092,24
walking,5093,5092,5093,1
climbing,5104,5093,5104,11
trotting,5129,5104,5129,25
sniffing,5195,5129,5195,66
trotting,5234,5195,5234,39
climbing,5235,5234,5235,1
trotting,5268,5235,5268,33
left_turning,5300,5268,5300,32
trotting,5324,5300,5324,24
climbing,5356,5324,5356,32
sniffing,5406,5356,5406,50
left_turning,5435,5406,5435,29
stepping,5462,5435,5462,27
sniffing,5584,5462,5584,122
stepping,5616,5584,5616,32
rising,5680,5616,5680,64
sniffing,5681,5680,5681,1
climbing,5714,5681,5714,33
trotting,5727,5714,5727,13
rising,5735,5727,5735,8
walking,5756,5735,5756,21
sniffing,5828,5756,5828,72
right_turning,5848,5828,5848,20
stepping,5853,5848,5853,5
walking,5894,5853,5894,41
left_turning,5954,5894,5954,60
trotting,5973,5954,5973,19
sniffing,6085,5973,6085,112
walking,6133,6085,6133,48
sniffing,6134,6133,6134,1
pausing,6135,6134,6135,1
stepping,6182,6135,6182,47
walking,6246,6182,6246,64
right_turning,6267,6246,6267,21
running,6281,6267,6281,14
sniffing,6312,6281,6312,31
trotting,6359,6312,6359,47
sniffing,6392,6359,6392,33
left_turning,6397,6392,6397,5
rising,6491,6397,6491,94
sniffing,6566,6491,6566,75
walking,6621,6566,6621,55
climbing,6676,6621,6676,55
rising,6699,6676,6699,23
climbing,6741,6699,6741,42
rising,6783,6741,6783,42
sniffing,6905,6783,6905,122
rising,6906,6905,6906,1
walking,6984,6906,6984,78
trotting,7010,6984,7010,26
running,7034,7010,7034,24
sniffing,7035,7034,7035,1
rising,7124,7035,7124,89
climbing,7171,7124,7171,47
walking,7193,7171,7193,22
stepping,7209,7193,7209,16
rising,7210,7209,7210,1
walking,7236,7210,7236,26
left_turning,7248,7236,7248,12
walking,7249,7248,7249,1
sniffing,7301,7249,7301,52
walking,7358,7301,7358,57
climbing,7416,7358,7416,58
sniffing,7417,7416,7417,1
rising,7422,7417,7422,5
climbing,7463,7422,7463,41
right_turning,7494,7463,7494,31
sniffing,7530,7494,7530,36
walking,7536,7530,7536,6
trotting,7537,7536,7537,1
sniffing,7582,7537,7582,45
trotting,7598,7582,7598,16
running,7640,7598,7640,42
sniffing,7710,7640,7710,70
left_turning,7778,7710,7778,68
sniffing,7783,7778,7783,5
left_turning,7796,7783,7796,13
trotting,7814,7796,7814,18
rising,7853,7814,7853,39
sniffing,7864,7853,7864,11
right_turning,7883,7864,7883,19
left_turning,7884,7883,7884,1
sniffing,7926,7884,7926,42
walking,7951,7926,7951,25
sniffing,8042,7951,8042,91
rearing,8227,8042,8227,185
climbing,8302,8227,8302,75
walking,8340,8302,8340,38
trotting,8361,8340,8361,21
sniffing,8395,8361,8395,34
walking,8443,8395,8443,48
sniffing,8561,8443,8561,118
walking,8563,8561,8563,2
climbing,8615,8563,8615,52
sniffing,8649,8615,8649,34
walking,8654,8649,8654,5
sniffing,8722,8654,8722,68
trotting,8744,8722,8744,22
walking,8766,8744,8766,22
sniffing,8767,8766,8767,1
stepping,8787,8767,8787,20
sniffing,8791,8787,8791,4
climbing,8838,8791,8838,47
sniffing,8867,8838,8867,29
walking,8889,8867,8889,22
trotting,8921,8889,8921,32
sniffing,8922,8921,8922,1
running,8955,8922,8955,33
sniffing,9008,8955,9008,53
walking,9066,9008,9066,58
rising,9077,9066,9077,11
climbing,9099,9077,9099,22
rising,9100,9099,9100,1
climbing,9122,9100,9122,22
rising,9192,9122,9192,70
hunching,9251,9192,9251,59
sniffing,9252,9251,9252,1
rising,9350,9252,9350,98
climbing,9359,9350,9359,9
right_turning,9413,9359,9413,54
walking,9421,9413,9421,8
climbing,9498,9421,9498,77
sniffing,9529,9498,9529,31
trotting,9567,9529,9567,38
walking,9590,9567,9590,23
left_turning,9623,9590,9623,33
trotting,9660,9623,9660,37
climbing,9712,9660,9712,52
sniffing,9783,9712,9783,71
climbing,9815,9783,9815,32
rearing,9816,9815,9816,1
trotting,9846,9816,9846,30
walking,9901,9846,9901,55
rising,9998,9901,9998,97
right_turning,9999,9998,9999,1
walking,10005,9999,10005,6
sniffing,10076,10005,10076,71
trotting,10086,10076,10086,10
walking,10126,10086,10126,40
hunching,10168,10126,10168,42
rising,10210,10168,10210,42
trotting,10240,10210,10240,30
walking,10241,10240,10241,1
sniffing,10483,10241,10483,242
climbing,10566,10483,10566,83
sniffing,10616,10566,10616,50
rising,10682,10616,10682,66
sniffing,10683,10682,10683,1
climbing,10727,10683,10727,44
stepping,10742,10727,10742,15
sniffing,10804,10742,10804,62
hunching,10885,10804,10885,81
rising,10938,10885,10938,53
sniffing,10939,10938,10939,1
walking,11016,10939,11016,77
sniffing,11017,11016,11017,1
walking,11094,11017,11094,77
sniffing,11149,11094,11149,55
climbing,11233,11149,11233,84
right_turning,11264,11233,11264,31
stepping,11325,11264,11325,61
walking,11369,11325,11369,44
sniffing,11487,11369,11487,118
rising,11488,11487,11488,1
climbing,11519,11488,11519,31
sniffing,11676,11519,11676,157
rearing,11677,11676,11677,1
left_turning,11679,11677,11679,2
walking,11748,11679,11748,69
rising,11787,11748,11787,39
walking,11788,11787,11788,1
sniffing,11885,11788,11885,97
rearing,11962,11885,11962,77
trotting,11963,11962,11963,1
walking,11966,11963,11966,3
rising,12101,11966,12101,135
trotting,12134,12101,12134,33
sniffing,12191,12134,12191,57
left_turning,12220,12191,12220,29
sniffing,12266,12220,12266,46
left_turning,12294,12266,12294,28
walking,12315,12294,12315,21
climbing,12373,12315,12373,58
sniffing,12393,12373,12393,20
walking,12453,12393,12453,60
climbing,12454,12453,12454,1
hunching,12455,12454,12455,1
walking,12475,12455,12475,20
left_turning,12477,12475,12477,2
climbing,12492,12477,12492,15
running,12546,12492,12546,54
sniffing,12566,12546,12566,20
walking,12576,12566,12576,10
sniffing,12693,12576,12693,117
rising,12872,12693,12872,179
climbing,12873,12872,12873,1
sniffing,12879,12873,12879,6
rising,12919,12879,12919,40
climbing,12978,12919,12978,59
rising,13039,12978,13039,61
walking,13060,13039,13060,21
trotting,13092,13060,13092,32
sniffing,13093,13092,13093,1
climbing,13124,13093,13124,31
running,13158,13124,13158,34
climbing,13211,13158,13211,53
rearing,13221,13211,13221,10
climbing,13242,13221,13242,21
right_turning,13249,13242,13249,7
walking,13269,13249,13269,20
sniffing,13301,13269,13301,32
climbing,13302,13301,13302,1
sniffing,13437,13302,13437,135
rearing,13605,13437,13605,168
sniffing,13643,13605,13643,38
rising,13644,13643,13644,1
rearing,13737,13644,13737,93
rising,13783,13737,13783,46
left_turning,13784,13783,13784,1
rising,13842,13784,13842,58
right_turning,13869,13842,13869,27
walking,13926,13869,13926,57
left_turning,13991,13926,13991,65
sniffing,13999,13991,13999,8
left_turning,14043,13999,14043,44
sniffing,14120,14043,14120,77
running,14153,14120,14153,33
walking,14182,14153,14182,29
running,14211,14182,14211,29
climbing,14227,14211,14227,16
sniffing,14307,14227,14307,80
rising,14409,14307,14409,102
climbing,14453,14409,14453,44
sniffing,14492,14453,14492,39
walking,14536,14492,14536,44
climbing,14568,14536,14568,32
sniffing,14653,14568,14653,85
rising,14681,14653,14681,28
hunching,14682,14681,14682,1
walking,14694,14682,14694,12
left_turning,14710,14694,14710,16
sniffing,14761,14710,14761,51
left_turning,14762,14761,14762,1
sniffing,14781,14762,14781,19
rising,14782,14781,14782,1
sniffing,14862,14782,14862,80
walking,14899,14862,14899,37
sniffing,14939,14899,14939,40
walking,14984,14939,14984,45
sniffing,15031,14984,15031,47
left_turning,15096,15031,15096,65
walking,15104,15096,15104,8
left_turning,15122,15104,15122,18
trotting,15161,15122,15161,39
sniffing,15162,15161,15162,1
left_turning,15169,15162,15169,7
walking,15184,15169,15184,15
sniffing,15238,15184,15238,54
trotting,15259,15238,15259,21
left_turning,15297,15259,15297,38
running,15314,15297,15314,17
walking,15360,15314,15360,46
sniffing,15399,15360,15399,39
right_turning,15400,15399,15400,1
sniffing,15401,15400,15401,1
stepping,15422,15401,15422,21
sniffing,15423,15422,15423,1
walking,15456,15423,15456,33
sniffing,15486,15456,15486,30
rising,15499,15486,15499,13
walking,15510,15499,15510,11
sniffing,15511,15510,15511,1
right_turning,15549,15511,15549,38
stepping,15557,15549,15557,8
walking,15581,15557,15581,24
left_turning,15602,15581,15602,21
running,15661,15602,15661,59
sniffing,15714,15661,15714,53
left_turning,15751,15714,15751,37
sniffing,15752,15751,15752,1
rearing,15795,15752,15795,43
sniffing,15796,15795,15796,1
rising,15962,15796,15962,166
sniffing,16076,15962,16076,114
walking,16099,16076,16099,23
trotting,16142,16099,16142,43
walking,16156,16142,16156,14
sniffing,16157,16156,16157,1
left_turning,16181,16157,16181,24
right_turning,16182,16181,16182,1
sniffing,16191,16182,16191,9
walking,16201,16191,16201,10
sniffing,16309,16201,16309,108
left_turning,16328,16309,16328,19
walking,16351,16328,16351,23
right_turning,16352,16351,16352,1
sniffing,16353,16352,16353,1
climbing,16443,16353,16443,90
right_turning,16486,16443,16486,43
walking,16498,16486,16498,12
rising,16624,16498,16624,126
trotting,16625,16624,16625,1
climbing,16652,16625,16652,27
rearing,16671,16652,16671,19
sniffing,16672,16671,16672,1
walking,16673,16672,16673,1
stepping,16696,16673,16696,23
walking,16720,16696,16720,24
sniffing,16735,16720,16735,15
rising,17060,16735,17060,325
sniffing,17076,17060,17076,16
rising,17077,17076,17077,1
climbing,17102,17077,17102,25
sniffing,17176,17102,17176,74
climbing,17222,17176,17222,46
left_turning,17259,17222,17259,37
walking,17310,17259,17310,51
sniffing,17503,17310,17503,193
climbing,17520,17503,17520,17
rising,17530,17520,17530,10
sniffing,17531,17530,17531,1
rising,17532,17531,17532,1
walking,17613,17532,17613,81
rising,17624,17613,17624,11
walking,17625,17624,17625,1
rising,17626,17625,17626,1
climbing,17655,17626,17655,29
left_turning,17667,17655,17667,12
walking,17699,17667,17699,32
sniffing,17772,17699,17772,73
rising,17773,17772,17773,1
sniffing,17774,17773,17774,1
rising,17827,17774,17827,53
sniffing,18053,17827,18053,226
hunching,18054,18053,18054,1
climbing,18114,18054,18114,60
trotting,18163,18114,18163,49
climbing,18164,18163,18164,1
rising,18201,18164,18201,37
sniffing,18202,18201,18202,1
rising,18234,18202,18234,32
climbing,18281,18234,18281,47
rearing,18283,18281,18283,2
trotting,18316,18283,18316,33
walking,18354,18316,18354,38
rising,18407,18354,18407,53
climbing,18417,18407,18417,10
trotting,18423,18417,18423,6
left_turning,18454,18423,18454,31
walking,18487,18454,18487,33
stepping,18504,18487,18504,17
sniffing,18535,18504,18535,31
climbing,18559,18535,18559,24
grooming,18759,18559,18759,200
sniffing,18772,18759,18772,13
walking,18790,18772,18790,18
sniffing,18822,18790,18822,32
rising,18837,18822,18837,15
climbing,18893,18837,18893,56
walking,18894,18893,18894,1
rising,18895,18894,18895,1
sniffing,18988,18895,18988,93
walking,19013,18988,19013,25
climbing,19096,19013,19096,83
trotting,19144,19096,19144,48
sniffing,19195,19144,19195,51
left_turning,19216,19195,19216,21
walking,19282,19216,19282,66
rising,19305,19282,19305,23
climbing,19344,19305,19344,39
walking,19364,19344,19364,20
left_turning,19404,19364,19404,40
stepping,19409,19404,19409,5
hunching,19444,19409,19444,35
rising,19479,19444,19479,35
sniffing,19532,19479,19532,53
trotting,19574,19532,19574,42
sniffing,19663,19574,19663,89
trotting,19664,19663,19664,1
walking,19712,19664,19712,48
sniffing,19733,19712,19733,21
climbing,19764,19733,19764,31
left_turning,19765,19764,19765,1
sniffing,19813,19765,19813,48
rising,19814,19813,19814,1
sniffing,19815,19814,19815,1
walking,19856,19815,19856,41
right_turning,19891,19856,19891,35
stepping,19905,19891,19905,14
sniffing,19944,19905,19944,39
climbing,20006,19944,20006,62
stepping,20041,20006,20041,35
right_turning,20049,20041,20049,8
climbing,20075,20049,20075,26
sniffing,20157,20075,20157,82
right_turning,20193,20157,20193,36
rising,20198,20193,20198,5
sniffing,20199,20198,20199,1
right_turning,20221,20199,20221,22
rising,20222,20221,20222,1
climbing,20280,20222,20280,58
sniffing,20294,20280,20294,14
rearing,20343,20294,20343,49
hunching,20344,20343,20344,1
walking,20370,20344,20370,26
sniffing,20471,20370,20471,101
climbing,20526,20471,20526,55
rising,20600,20526,20600,74
rearing,20777,20600,20777,177
sniffing,20778,20777,20778,1
rising,20794,20778,20794,16
sniffing,20892,20794,20892,98
left_turning,20935,20892,20935,43
trotting,20949,20935,20949,14
left_turning,20974,20949,20974,25
sniffing,20993,20974,20993,19
climbing,21020,20993,21020,27
sniffing,21091,21020,21091,71
rising,21132,21091,21132,41
climbing,21172,21132,21172,40
walking,21173,21172,21173,1
sniffing,21181,21173,21181,8
hunching,21213,21181,21213,32
sniffing,21271,21213,21271,58
walking,21272,21271,21272,1
sniffing,21321,21272,21321,49
right_turning,21354,21321,21354,33
sniffing,21378,21354,21378,24
climbing,21407,21378,21407,29
trotting,21435,21407,21435,28
sniffing,21529,21435,21529,94
left_turning,21558,21529,21558,29
walking,21577,21558,21577,19
left_turning,21630,21577,21630,53
running,21654,21630,21654,24
sniffing,21655,21654,21655,1
walking,21656,21655,21656,1
right_turning,21661,21656,21661,5
trotting,21688,21661,21688,27
sniffing,21727,21688,21727,39
stepping,21797,21727,21797,70
walking,21827,21797,21827,30
climbing,21854,21827,21854,27
sniffing,21896,21854,21896,42
climbing,21920,21896,21920,24
left_turning,21935,21920,21935,15
sniffing,22029,21935,22029,94
left_turning,22094,22029,22094,65
sniffing,22095,22094,22095,1
left_turning,22113,22095,22113,18
rising,22143,22113,22143,30
walking,22190,22143,22190,47
rising,22191,22190,22191,1
walking,22207,22191,22207,16
sniffing,22297,22207,22297,90
walking,22321,22297,22321,24
sniffing,22343,22321,22343,22
right_turning,22344,22343,22344,1
walking,22349,22344,22349,5
hunching,22433,22349,22433,84
climbing,22474,22433,22474,41
sniffing,22619,22474,22619,145
rising,22667,22619,22667,48
right_turning,22670,22667,22670,3
rising,22708,22670,22708,38
climbing,22725,22708,22725,17
right_turning,22757,22725,22757,32
rising,22821,22757,22821,64
sniffing,22865,22821,22865,44
walking,22866,22865,22866,1
stepping,22882,22866,22882,16
sniffing,22951,22882,22951,69
stepping,22961,22951,22961,10
sniffing,22983,22961,22983,22
rearing,23036,22983,23036,53
rising,23037,23036,23037,1
left_turning,23044,23037,23044,7
sniffing,23221,23044,23221,177
walking,23222,23221,23222,1
sniffing,23242,23222,23242,20
walking,23290,23242,23290,48
rearing,23325,23290,23325,35
hunching,23326,23325,23326,1
grooming,23349,23326,23349,23
left_turning,23353,23349,23353,4
walking,23371,23353,23371,18
sniffing,23381,23371,23381,10
running,23397,23381,23397,16
walking,23445,23397,23445,48
rising,23498,23445,23498,53
left_turning,23527,23498,23527,29
sniffing,23558,23527,23558,31
trotting,23597,23558,23597,39
right_turning,23598,23597,23598,1
stepping,23616,23598,23616,18
sniffing,23619,23616,23619,3
stepping,23675,23619,23675,56
walking,23690,23675,23690,15
sniffing,23691,23690,23691,1
rising,23707,23691,23707,16
sniffing,23760,23707,23760,53
climbing,23826,23760,23826,66
walking,23840,23826,23840,14
right_turning,23857,23840,23857,17
rising,23858,23857,23858,1
climbing,23895,23858,23895,37
hunching,23972,23895,23972,77
sniffing,23973,23972,23973,1
climbing,24007,23973,24007,34
sniffing,24083,24007,24083,76
walking,24097,24083,24097,14
sniffing,24098,24097,24098,1
climbing,24161,24098,24161,63
rising,24195,24161,24195,34
climbing,24223,24195,24223,28
sniffing,24224,24223,24224,1
trotting,24240,24224,24240,16
sniffing,24326,24240,24326,86
rising,24417,24326,24417,91
climbing,24465,24417,24465,48
trotting,24469,24465,24469,4
sniffing,24470,24469,24470,1
rearing,24477,24470,24477,7
left_turning,24540,24477,24540,63
walking,24577,24540,24577,37
rising,24663,24577,24663,86
walking,24690,24663,24690,27
sniffing,24748,24690,24748,58
stepping,24797,24748,24797,49
trotting,24814,24797,24814,17
walking,24849,24814,24849,35
sniffing,24875,24849,24875,26
walking,24938,24875,24938,63
sniffing,24996,24938,24996,58
rising,25006,24996,25006,10
trotting,25007,25006,25007,1
rising,25071,25007,25071,64
climbing,25153,25071,25153,82
rising,25154,25153,25154,1
climbing,25177,25154,25177,23
rising,25178,25177,25178,1
left_turning,25179,25178,25179,1
sniffing,25263,25179,25263,84
right_turning,25296,25263,25296,33
walking,25316,25296,25316,20
sniffing,25346,25316,25346,30
walking,25380,25346,25380,34
sniffing,25418,25380,25418,38
climbing,25480,25418,25480,62
right_turning,25507,25480,25507,27
walking,25508,25507,25508,1
sniffing,25509,25508,25509,1
rising,25510,25509,25510,1
climbing,25570,25510,25570,60
sniffing,25634,25570,25634,64
climbing,25681,25634,25681,47
sniffing,25682,25681,25682,1
left_turning,25683,25682,25683,1
walking,25703,25683,25703,20
left_turning,25721,25703,25721,18
trotting,25742,25721,25742,21
walking,25769,25742,25769,27
sniffing,25781,25769,25781,12
climbing,25829,25781,25829,48
running,25834,25829,25834,5
walking,25852,25834,25852,18
sniffing,25963,25852,25963,111
climbing,25994,25963,25994,31
rising,25995,25994,25995,1
sniffing,26072,25995,26072,77
right_turning,26134,26072,26134,62
walking,26197,26134,26197,63
stepping,26248,26197,26248,51
trotting,26282,26248,26282,34
walking,26320,26282,26320,38
sniffing,26411,26320,26411,91
rising,26501,26411,26501,90
walking,26526,26501,26526,25
sniffing,26561,26526,26561,35
right_turning,26566,26561,26566,5
walking,26567,26566,26567,1
sniffing,26615,26567,26615,48
hunching,26662,26615,26662,47
climbing,26676,26662,26676,14
sniffing,26767,26676,26767,91
left_turning,26810,26767,26810,43
sniffing,26936,26810,26936,126
climbing,27009,26936,27009,73
walking,27027,27009,27027,18
left_turning,27046,27027,27046,19
stepping,27103,27046,27103,57
walking,27126,27103,27126,23
climbing,27170,27126,27170,44
rising,27171,27170,27171,1
grooming,27540,27171,27540,369
hunching,27619,27540,27619,79
right_turning,27647,27619,27647,28
walking,27709,27647,27709,62
sniffing,27710,27709,27710,1
rearing,27761,27710,27761,51
climbing,27810,27761,27810,49
running,27829,27810,27829,19
stepping,27886,27829,27886,57
left_turning,27936,27886,27936,50
walking,27938,27936,27938,2
running,27950,27938,27950,12
sniffing,27953,27950,27953,3
rising,27954,27953,27954,1
trotting,27963,27954,27963,9
walking,27985,27963,27985,22
rising,27987,27985,27987,2
climbing,27996,27987,27996,9
running,28028,27996,28028,32
sniffing,28100,28028,28100,72
left_turning,28118,28100,28118,18
stepping,28158,28118,28158,40
sniffing,28160,28158,28160,2
left_turning,28195,28160,28195,35
stepping,28213,28195,28213,18
walking,28246,28213,28246,33
rearing,28285,28246,28285,39
sniffing,28314,28285,28314,29
right_turning,28329,28314,28329,15
rising,28391,28329,28391,62
right_turning,28416,28391,28416,25
sniffing,28533,28416,28533,117
walking,28578,28533,28578,45
rising,28631,28578,28631,53
climbing,28698,28631,28698,67
right_turning,28712,28698,28712,14
walking,28748,28712,28748,36
sniffing,28788,28748,28788,40
rising,28837,28788,28837,49
sniffing,28838,28837,28838,1
rising,28873,28838,28873,35
climbing,28878,28873,28878,5
walking,28924,28878,28924,46
trotting,28955,28924,28955,31
left_turning,28999,28955,28999,44
sniffing,29087,28999,29087,88
walking,29088,29087,29088,1
climbing,29157,29088,29157,69
grooming,29158,29157,29158,1
sniffing,29228,29158,29228,70
right_turning,29229,29228,29229,1
walking,29269,29229,29269,40
hunching,29287,29269,29287,18
sniffing,29298,29287,29298,11
trotting,29307,29298,29307,9
rising,29358,29307,29358,51
rearing,29387,29358,29387,29
climbing,29435,29387,29435,48
right_turning,29466,29435,29466,31
sniffing,29492,29466,29492,26
rising,29592,29492,29592,100
left_turning,29645,29592,29645,53
climbing,29663,29645,29663,18
walking,29664,29663,29664,1
rising,29685,29664,29685,21
sniffing,29816,29685,29816,131
left_turning,29817,29816,29817,1
running,29844,29817,29844,27
walking,29865,29844,29865,21
left_turning,29885,29865,29885,20
sniffing,29895,29885,29895,10
rising,29948,29895,29948,53
trotting,29983,29948,29983,35
sniffing,29984,29983,29984,1
climbing,30056,29984,30056,72
sniffing,30119,30056,30119,63
grooming,30249,30119,30249,130
sniffing,30250,30249,30250,1
right_turning,30267,30250,30267,17
walking,30286,30267,30286,19
left_turning,30295,30286,30295,9
walking,30328,30295,30328,33
sniffing,30374,30328,30374,46
hunching,30403,30374,30403,29
sniffing,30459,30403,30459,56
left_turning,30493,30459,30493,34
walking,30529,30493,30529,36
sniffing,30562,30529,30562,33
right_turning,30585,30562,30585,23
climbing,30699,30585,30699,114
rearing,30728,30699,30728,29
sniffing,30842,30728,30842,114
climbing,30894,30842,30894,52
walking,30928,30894,30928,34
rising,30931,30928,30931,3
sniffing,30964,30931,30964,33
rising,30996,30964,30996,32
climbing,31035,30996,31035,39
sniffing,31036,31035,31036,1
left_turning,31073,31036,31073,37
rising,31096,31073,31096,23
trotting,31113,31096,31113,17
rising,31141,31113,31141,28
left_turning,31146,31141,31146,5
rising,31217,31146,31217,71
climbing,31265,31217,31265,48
rising,31331,31265,31331,66
rearing,31385,31331,31385,54
walking,31404,31385,31404,19
sniffing,31425,31404,31425,21
grooming,31633,31425,31633,208
hunching,31661,31633,31661,28
rising,31669,31661,31669,8
sniffing,31733,31669,31733,64
rising,31774,31733,31774,41
climbing,31834,31774,31834,60
rearing,31835,31834,31835,1
trotting,31866,31835,31866,31
walking,31890,31866,31890,24
left_turning,31907,31890,31907,17
walking,31914,31907,31914,7
climbing,31945,31914,31945,31
walking,31994,31945,31994,49
running,32019,31994,32019,25
trotting,32060,32019,32060,41
sniffing,32085,32060,32085,25
rising,32103,32085,32103,18
left_turning,32224,32103,32224,121
sniffing,32291,32224,32291,67
walking,32312,32291,32312,21
sniffing,32313,32312,32313,1
walking,32342,32313,32342,29
sniffing,32343,32342,32343,1
left_turning,32394,32343,32394,51
trotting,32410,32394,32410,16
left_turning,32424,32410,32424,14
trotting,32455,32424,32455,31
sniffing,32456,32455,32456,1
rising,32457,32456,32457,1
sniffing,32464,32457,32464,7
grooming,32465,32464,32465,1
rising,32495,32465,32495,30
climbing,32496,32495,32496,1
right_turning,32510,32496,32510,14
left_turning,32513,32510,32513,3
sniffing,32582,32513,32582,69
walking,32597,32582,32597,15
sniffing,32598,32597,32598,1
rising,32663,32598,32663,65
rearing,32664,32663,32664,1
rising,32717,32664,32717,53
sniffing,32753,32717,32753,36
walking,32799,32753,32799,46
left_turning,32821,32799,32821,22
right_turning,32822,32821,32822,1
stepping,32824,32822,32824,2
left_turning,32870,32824,32870,46
climbing,32906,32870,32906,36
walking,32913,32906,32913,7
climbing,32943,32913,32943,30
rising,32997,32943,32997,54
rearing,33110,32997,33110,113
climbing,33120,33110,33120,10
stepping,33138,33120,33138,18
walking,33147,33138,33147,9
sniffing,33148,33147,33148,1
left_turning,33180,33148,33180,32
sniffing,33181,33180,33181,1
left_turning,33243,33181,33243,62
rising,33244,33243,33244,1
climbing,33289,33244,33289,45
sniffing,33295,33289,33295,6
running,33313,33295,33313,18
left_turning,33332,33313,33332,19
jumping,33394,33332,33394,62
walking,33395,33394,33395,1
sniffing,33477,33395,33477,82
grooming,33478,33477,33478,1
sniffing,33487,33478,33487,9
walking,33493,33487,33493,6
running,33523,33493,33523,30
left_turning,33549,33523,33549,26
rising,33724,33549,33724,175
climbing,33753,33724,33753,29
stepping,33766,33753,33766,13
climbing,33805,33766,33805,39
walking,33825,33805,33825,20
sniffing,33841,33825,33841,16
rising,33921,33841,33921,80
walking,33942,33921,33942,21
left_turning,33953,33942,33953,11
sniffing,34057,33953,34057,104
stepping,34095,34057,34095,38
rising,34118,34095,34118,23
rearing,34234,34118,34234,116
sniffing,34287,34234,34287,53
trotting,34307,34287,34307,20
sniffing,34356,34307,34356,49
climbing,34427,34356,34427,71
stepping,34437,34427,34437,10
trotting,34485,34437,34485,48
rising,34487,34485,34487,2
rearing,34488,34487,34488,1
sniffing,34529,34488,34529,41
rearing,34554,34529,34554,25
climbing,34598,34554,34598,44
walking,34599,34598,34599,1
trotting,34633,34599,34633,34
sniffing,34659,34633,34659,26
walking,34738,34659,34738,79
stepping,34746,34738,34746,8
walking,34772,34746,34772,26
running,34813,34772,34813,41
rising,34869,34813,34869,56
climbing,34870,34869,34870,1
rising,34917,34870,34917,47
climbing,34955,34917,34955,38
walking,34996,34955,34996,41
sniffing,35061,34996,35061,65
running,35077,35061,35077,16
rising,35090,35077,35090,13
sniffing,35103,35090,35103,13
walking,35104,35103,35104,1
climbing,35164,35104,35164,60
sniffing,35165,35164,35165,1
climbing,35195,35165,35195,30
grooming,35495,35195,35495,300
rising,35502,35495,35502,7
walking,35546,35502,35546,44
climbing,35574,35546,35574,28
running,35587,35574,35587,13
sniffing,35723,35587,35723,136
rising,35758,35723,35758,35
walking,35807,35758,35807,49
climbing,35829,35807,35829,22
running,35874,35829,35874,45
sniffing,35940,35874,35940,66
rising,35957,35940,35957,17
climbing,35984,35957,35984,27
left_turning,35985,35984,35985,1
trotting,36025,35985,36025,40
walking,36116,36025,36116,91
climbing,36140,36116,36140,24
right_turning,36152,36140,36152,12
walking,36172,36152,36172,20
sniffing,36269,36172,36269,97
climbing,36316,36269,36316,47
right_turning,36317,36316,36317,1
walking,36318,36317,36318,1
sniffing,36423,36318,36423,105
rising,36462,36423,36462,39
sniffing,36530,36462,36530,68
running,36550,36530,36550,20
stepping,36577,36550,36577,27
sniffing,36578,36577,36578,1
pausing,36729,36578,36729,151
sniffing,36759,36729,36759,30
walking,36760,36759,36760,1
sniffing,36806,36760,36806,46
left_turning,36837,36806,36837,31
sniffing,36875,36837,36875,38
left_turning,36921,36875,36921,46
walking,36922,36921,36922,1
sniffing,37046,36922,37046,124
left_turning,37100,37046,37100,54
rising,37105,37100,37105,5
grooming,37405,37105,37405,300
sniffing,37530,37405,37530,125
hunching,37569,37530,37569,39
rearing,37592,37569,37592,23
sniffing,37593,37592,37593,1
left_turning,37628,37593,37628,35
sniffing,37630,37628,37630,2
stepping,37642,37630,37642,12
rising,37643,37642,37643,1
sniffing,37748,37643,37748,105
walking,37781,37748,37781,33
sniffing,37803,37781,37803,22
rising,37813,37803,37813,10
sniffing,37814,37813,37814,1
climbing,37894,37814,37894,80
sniffing,37947,37894,37947,53
rising,37959,37947,37959,12
sniffing,37960,37959,37960,1
stepping,37992,37960,37992,32
sniffing,37993,37992,37993,1
right_turning,38022,37993,38022,29
walking,38032,38022,38032,10
climbing,38059,38032,38059,27
sniffing,38100,38059,38100,41
climbing,38139,38100,38139,39
walking,38164,38139,38164,25
sniffing,38177,38164,38177,13
rising,38178,38177,38178,1
climbing,38210,38178,38210,32
hunching,38318,38210,38318,108
stepping,38328,38318,38328,10
walking,38371,38328,38371,43
rising,38454,38371,38454,83
climbing,38491,38454,38491,37
rearing,38537,38491,38537,46
sniffing,38566,38537,38566,29
rising,38567,38566,38567,1
climbing,38587,38567,38587,20
sniffing,38624,38587,38624,37
grooming,38711,38624,38711,87
left_turning,38712,38711,38712,1
sniffing,38713,38712,38713,1
grooming,38848,38713,38848,135
walking,38849,38848,38849,1
sniffing,38992,38849,38992,143
walking,39021,38992,39021,29
left_turning,39023,39021,39023,2
climbing,39072,39023,39072,49
sniffing,39083,39072,39083,11
right_turning,39101,39083,39101,18
trotting,39116,39101,39116,15
stepping,39142,39116,39142,26
running,39167,39142,39167,25
walking,39180,39167,39180,13
climbing,39247,39180,39247,67
walking,39255,39247,39255,8
climbing,39265,39255,39265,10
walking,39295,39265,39295,30
sniffing,39358,39295,39358,63
right_turning,39389,39358,39389,31
climbing,39428,39389,39428,39
sniffing,39486,39428,39486,58
climbing,39557,39486,39557,71
left_turning,39567,39557,39567,10
rising,39568,39567,39568,1
climbing,39618,39568,39618,50
running,39628,39618,39628,10
sniffing,39635,39628,39635,7
rising,39636,39635,39636,1
jumping,39668,39636,39668,32
rising,39706,39668,39706,38
walking,39748,39706,39748,42
rising,39767,39748,39767,19
climbing,39837,39767,39837,70
running,39879,39837,39879,42
trotting,39898,39879,39898,19
walking,39907,39898,39907,9
rearing,39917,39907,39917,10
rising,39950,39917,39950,33
walking,39985,39950,39985,35
rising,40002,39985,40002,17
rearing,40117,40002,40117,115
walking,40141,40117,40141,24
sniffing,40248,40141,40248,107
rising,40274,40248,40274,26
stepping,40316,40274,40316,42
walking,40356,40316,40356,40
sniffing,40443,40356,40443,87
left_turning,40468,40443,40468,25
sniffing,40551,40468,40551,83
walking,40552,40551,40552,1
sniffing,40585,40552,40585,33
rising,40586,40585,40586,1
right_turning,40595,40586,40595,9
trotting,40606,40595,40606,11
walking,40607,40606,40607,1
sniffing,40669,40607,40669,62
rising,40670,40669,40670,1
climbing,40703,40670,40703,33
rising,40726,40703,40726,23
rearing,40746,40726,40746,20
sniffing,40870,40746,40870,124
left_turning,40871,40870,40871,1
rising,40993,40871,40993,122
climbing,41031,40993,41031,38
hunching,41349,41031,41349,318
walking,41396,41349,41396,47
climbing,41457,41396,41457,61
rising,41498,41457,41498,41
climbing,41521,41498,41521,23
grooming,41522,41521,41522,1
rearing,41569,41522,41569,47
sniffing,41639,41569,41639,70
rising,41643,41639,41643,4
walking,41666,41643,41666,23
rising,41691,41666,41691,25
sniffing,41841,41691,41841,150
running,41857,41841,41857,16
walking,41903,41857,41903,46
sniffing,41973,41903,41973,70
rearing,41974,41973,41974,1
sniffing,41975,41974,41975,1
walking,41995,41975,41995,20
stepping,41998,41995,41998,3
rising,42053,41998,42053,55
climbing,42102,42053,42102,49
walking,42162,42102,42162,60
climbing,42223,42162,42223,61
right_turning,42239,42223,42239,16
walking,42243,42239,42243,4
climbing,42267,42243,42267,24
trotting,42272,42267,42272,5
sniffing,42324,42272,42324,52
walking,42362,42324,42362,38
sniffing,42448,42362,42448,86
stepping,42461,42448,42461,13
sniffing,42496,42461,42496,35
trotting,42536,42496,42536,40
walking,42599,42536,42599,63
sniffing,42600,42599,42600,1
grooming,42601,42600,42601,1
climbing,42629,42601,42629,28
right_turning,42641,42629,42641,12
trotting,42647,42641,42647,6
left_turning,42691,42647,42691,44
sniffing,42733,42691,42733,42
stepping,42767,42733,42767,34
sniffing,42788,42767,42788,21
walking,42818,42788,42818,30
sniffing,42916,42818,42916,98
grooming,42917,42916,42917,1
sniffing,42928,42917,42928,11
rising,42934,42928,42934,6
climbing,42990,42934,42990,56
sniffing,43052,42990,43052,62
climbing,43134,43052,43134,82
trotting,43171,43134,43171,37
walking,43185,43171,43185,14
trotting,43213,43185,43213,28
sniffing,43214,43213,43214,1
rising,43323,43214,43323,109
climbing,43346,43323,43346,23
sniffing,43380,43346,43380,34
climbing,43409,43380,43409,29
rearing,43437,43409,43437,28
climbing,43469,43437,43469,32
stepping,43470,43469,43470,1
climbing,43550,43470,43550,80
rising,43569,43550,43569,19
sniffing,43596,43569,43596,27
rising,43635,43596,43635,39
climbing,43695,43635,43695,60
rising,43733,43695,43733,38
hunching,43800,43733,43800,67
rising,43801,43800,43801,1
climbing,43816,43801,43816,15
sniffing,43874,43816,43874,58
walking,43913,43874,43913,39
left_turning,43997,43913,43997,84
walking,44023,43997,44023,26
sniffing,44052,44023,44052,29
rising,44053,44052,44053,1
climbing,44054,44053,44054,1
right_turning,44072,44054,44072,18
walking,44089,44072,44089,17
sniffing,44109,44089,44109,20
rising,44138,44109,44138,29
climbing,44187,44138,44187,49
walking,44199,44187,44199,12
rising,44286,44199,44286,87
climbing,44356,44286,44356,70
walking,44362,44356,44362,6
stepping,44404,44362,44404,42
climbing,44477,44404,44477,73
right_turning,44494,44477,44494,17
stepping,44524,44494,44524,30
climbing,44609,44524,44609,85
running,44622,44609,44622,13
sniffing,44747,44622,44747,125
rising,44748,44747,44748,1
trotting,44753,44748,44753,5
walking,44770,44753,44770,17
rising,44799,44770,44799,29
climbing,44870,44799,44870,71
sniffing,44871,44870,44871,1
walking,44872,44871,44872,1
sniffing,44957,44872,44957,85
rising,44958,44957,44958,1
left_turning,44978,44958,44978,20
walking,44989,44978,44989,11
stepping,45030,44989,45030,41
rising,45089,45030,45089,59
rearing,45125,45089,45125,36
grooming,45373,45125,45373,248
rearing,45473,45373,45473,100
left_turning,45481,45473,45481,8
trotting,45502,45481,45502,21
sniffing,45580,45502,45580,78
climbing,45663,45580,45663,83
sniffing,45836,45663,45836,173
climbing,45888,45836,45888,52
walking,45913,45888,45913,25
sniffing,45953,45913,45953,40
climbing,45984,45953,45984,31
grooming,46200,45984,46200,216
sniffing,46201,46200,46201,1
climbing,46258,46201,46258,57
hunching,46428,46258,46428,170
sniffing,46444,46428,46444,16
left_turning,46496,46444,46496,52
stepping,46512,46496,46512,16
trotting,46552,46512,46552,40
left_turning,46572,46552,46572,20
sniffing,46594,46572,46594,22
rising,46606,46594,46606,12
walking,46662,46606,46662,56
rising,46697,46662,46697,35
walking,46745,46697,46745,48
trotting,46758,46745,46758,13
running,46812,46758,46812,54
walking,46813,46812,46813,1
sniffing,46850,46813,46850,37
rising,46902,46850,46902,52
climbing,46924,46902,46924,22
left_turning,47026,46924,47026,102
stepping,47052,47026,47052,26
walking,47086,47052,47086,34
sniffing,47126,47086,47126,40
rising,47127,47126,47127,1
right_turning,47142,47127,47142,15
walking,47171,47142,47171,29
trotting,47209,47171,47209,38
walking,47239,47209,47239,30
trotting,47251,47239,47251,12
walking,47283,47251,47283,32
climbing,47335,47283,47335,52
walking,47369,47335,47369,34
sniffing,47392,47369,47392,23
hunching,47643,47392,47643,251
sniffing,47680,47643,47680,37
pausing,47947,47680,47947,267
walking,48006,47947,48006,59
sniffing,48036,48006,48036,30
stepping,48052,48036,48052,16
sniffing,48081,48052,48081,29
climbing,48109,48081,48109,28
hunching,48148,48109,48148,39
climbing,48205,48148,48205,57
sniffing,48294,48205,48294,89
left_turning,48300,48294,48300,6
sniffing,48301,48300,48301,1
rising,48327,48301,48327,26
walking,48371,48327,48371,44
climbing,48387,48371,48387,16
sniffing,48393,48387,48393,6
left_turning,48448,48393,48448,55
walking,48449,48448,48449,1
sniffing,48450,48449,48450,1
walking,48476,48450,48476,26
sniffing,48520,48476,48520,44
left_turning,48521,48520,48521,1
rising,48523,48521,48523,2
sniffing,48530,48523,48530,7
climbing,48604,48530,48604,74
left_turning,48623,48604,48623,19
sniffing,48708,48623,48708,85
right_turning,48732,48708,48732,24
stepping,48772,48732,48772,40
walking,48820,48772,48820,48
rising,48829,48820,48829,9
climbing,48867,48829,48867,38
walking,48889,48867,48889,22
sniffing,48917,48889,48917,28
rising,48992,48917,48992,75
trotting,49024,48992,49024,32
rising,49048,49024,49048,24
sniffing,49049,49048,49049,1
walking,49082,49049,49082,33
grooming,49840,49082,49840,758
left_turning,49841,49840,49841,1
sniffing,49876,49841,49876,35
trotting,49891,49876,49891,15
stepping,49905,49891,49905,14
sniffing,49906,49905,49906,1
rearing,50126,49906,50126,220
stepping,50165,50126,50165,39
rising,50194,50165,50194,29
sniffing,50239,50194,50239,45
rising,50286,50239,50286,47
sniffing,50362,50286,50362,76
right_turning,50380,50362,50380,18
running,50418,50380,50418,38
sniffing,50419,50418,50419,1
right_turning,50449,50419,50449,30
walking,50486,50449,50486,37
left_turning,50493,50486,50493,7
walking,50539,50493,50539,46
rising,50552,50539,50552,13
rearing,50553,50552,50553,1
hunching,50595,50553,50595,42
sniffing,50780,50595,50780,185
walking,50821,50780,50821,41
rising,50822,50821,50822,1
sniffing,50855,50822,50855,33
stepping,50856,50855,50856,1
rearing,50918,50856,50918,62
grooming,50919,50918,50919,1
rearing,50951,50919,50951,32
sniffing,50971,50951,50971,20
rising,50972,50971,50972,1
climbing,51033,50972,51033,61
rearing,51034,51033,51034,1
climbing,51127,51034,51127,93
trotting,51162,51127,51162,35
rising,51193,51162,51193,31
climbing,51209,51193,51209,16
rearing,51264,51209,51264,55
stepping,51265,51264,51265,1
walking,51327,51265,51327,62
stepping,51373,51327,51373,46
rising,51388,51373,51388,15
sniffing,51507,51388,51507,119
climbing,51527,51507,51527,20
walking,51569,51527,51569,42
climbing,51611,51569,51611,42
walking,51616,51611,51616,5
rising,51617,51616,51617,1
stepping,51645,51617,51645,28
sniffing,51729,51645,51729,84
left_turning,51745,51729,51745,16
rearing,51808,51745,51808,63
walking,51861,51808,51861,53
sniffing,51868,51861,51868,7
left_turning,51903,51868,51903,35
sniffing,51908,51903,51908,5
walking,51922,51908,51922,14
right_turning,51930,51922,51930,8
stepping,51955,51930,51955,25
rising,51956,51955,51956,1
grooming,52053,51956,52053,97
hunching,52054,52053,52054,1
sniffing,52166,52054,52166,112
rising,52206,52166,52206,40
climbing,52242,52206,52242,36
walking,52258,52242,52258,16
grooming,52308,52258,52308,50
left_turning,52381,52308,52381,73
trotting,52382,52381,52382,1
walking,52443,52382,52443,61
stepping,52524,52443,52524,81
sniffing,52609,52524,52609,85
walking,52650,52609,52650,41
sniffing,52726,52650,52726,76
rising,52775,52726,52775,49
jumping,52929,52775,52929,154
rising,52935,52929,52935,6
sniffing,52996,52935,52996,61
trotting,53027,52996,53027,31
climbing,53091,53027,53091,64
hunching,53092,53091,53092,1
rising,53107,53092,53107,15
rearing,53127,53107,53127,20
grooming,53128,53127,53128,1
sniffing,53129,53128,53129,1
trotting,53139,53129,53139,10
stepping,53155,53139,53155,16
walking,53156,53155,53156,1
left_turning,53157,53156,53157,1
trotting,53158,53157,53158,1
walking,53186,53158,53186,28
sniffing,53348,53186,53348,162
climbing,53438,53348,53438,90
left_turning,53508,53438,53508,70
trotting,53524,53508,53524,16
walking,53558,53524,53558,34
left_turning,53603,53558,53603,45
walking,53666,53603,53666,63
left_turning,53667,53666,53667,1
walking,53734,53667,53734,67
left_turning,53765,53734,53765,31
rearing,53874,53765,53874,109
running,53923,53874,53923,49
walking,53973,53923,53973,50
sniffing,53974,53973,53974,1
stepping,54058,53974,54058,84
sniffing,54071,54058,54071,13
left_turning,54072,54071,54072,1
walking,54115,54072,54115,43
climbing,54175,54115,54175,60
right_turning,54191,54175,54191,16
climbing,54226,54191,54226,35
walking,54276,54226,54276,50
sniffing,54328,54276,54328,52
hunching,54389,54328,54389,61
rearing,54403,54389,54403,14
sniffing,54423,54403,54423,20
right_turning,54441,54423,54441,18
walking,54488,54441,54488,47
left_turning,54498,54488,54498,10
sniffing,54529,54498,54529,31
climbing,54538,54529,54538,9
sniffing,54582,54538,54582,44
climbing,54649,54582,54649,67
trotting,54663,54649,54663,14
walking,54745,54663,54745,82
sniffing,54746,54745,54746,1
stepping,54792,54746,54792,46
rising,54793,54792,54793,1
left_turning,54794,54793,54794,1
sniffing,54874,54794,54874,80
walking,54919,54874,54919,45
trotting,54940,54919,54940,21
walking,54952,54940,54952,12
sniffing,54953,54952,54953,1
right_turning,54994,54953,54994,41
trotting,54995,54994,54995,1
sniffing,55023,54995,55023,28
climbing,55040,55023,55040,17
hunching,55148,55040,55148,108
walking,55184,55148,55184,36
sniffing,55232,55184,55232,48
walking,55251,55232,55251,19
left_turning,55252,55251,55252,1
sniffing,55301,55252,55301,49
walking,55308,55301,55308,7
rearing,55342,55308,55342,34
hunching,55382,55342,55382,40
grooming,55523,55382,55523,141
rearing,55537,55523,55537,14
grooming,55538,55537,55538,1
hunching,55556,55538,55556,18
grooming,55557,55556,55557,1
hunching,55606,55557,55606,49
grooming,55673,55606,55673,67
rearing,55763,55673,55763,90
grooming,55764,55763,55764,1
left_turning,55773,55764,55773,9
trotting,55812,55773,55812,39
left_turning,55896,55812,55896,84
trotting,55932,55896,55932,36
climbing,55933,55932,55933,1
trotting,55953,55933,55953,20
stepping,55973,55953,55973,20
sniffing,56024,55973,56024,51
trotting,56049,56024,56049,25
walking,56059,56049,56059,10
sniffing,56060,56059,56060,1
hunching,56069,56060,56069,9
running,56075,56069,56075,6
left_turning,56076,56075,56076,1
walking,56077,56076,56077,1
sniffing,56078,56077,56078,1
stepping,56116,56078,56116,38
left_turning,56117,56116,56117,1
walking,56163,56117,56163,46
sniffing,56175,56163,56175,12
rising,56267,56175,56267,92
sniffing,56268,56267,56268,1
walking,56288,56268,56288,20
rearing,56396,56288,56396,108
walking,56437,56396,56437,41
sniffing,56514,56437,56514,77
stepping,56584,56514,56584,70
sniffing,56590,56584,56590,6
stepping,56611,56590,56611,21
sniffing,56619,56611,56619,8
right_turning,56640,56619,56640,21
walking,56667,56640,56667,27
sniffing,56741,56667,56741,74
rearing,56742,56741,56742,1
climbing,56823,56742,56823,81
sniffing,56864,56823,56864,41
climbing,56879,56864,56879,15
hunching,56880,56879,56880,1
stepping,56915,56880,56915,35
sniffing,56916,56915,56916,1
climbing,56953,56916,56953,37
rearing,56954,56953,56954,1
rising,56996,56954,56996,42
sniffing,56997,56996,56997,1
right_turning,57003,56997,57003,6
sniffing,57055,57003,57055,52
climbing,57088,57055,57088,33
sniffing,57211,57088,57211,123
rising,57212,57211,57212,1
grooming,57370,57212,57370,158
rearing,57459,57370,57459,89
walking,57478,57459,57478,19
left_turning,57479,57478,57479,1
rising,57480,57479,57480,1
rearing,57481,57480,57481,1
rising,57512,57481,57512,31
grooming,57635,57512,57635,123
rearing,57636,57635,57636,1
climbing,57650,57636,57650,14
rising,57675,57650,57675,25
sniffing,57698,57675,57698,23
grooming,57777,57698,57777,79
climbing,57795,57777,57795,18
rising,57806,57795,57806,11
left_turning,57829,57806,57829,23
sniffing,57847,57829,57847,18
rising,57883,57847,57883,36
walking,57929,57883,57929,46
climbing,57952,57929,57952,23
sniffing,57953,57952,57953,1
grooming,58103,57953,58103,150
left_turning,58104,58103,58104,1
sniffing,58145,58104,58145,41
climbing,58191,58145,58191,46
sniffing,58192,58191,58192,1
walking,58268,58192,58268,76
climbing,58327,58268,58327,59
grooming,58864,58327,58864,537
sniffing,58925,58864,58925,61
right_turning,58934,58925,58934,9
sniffing,59003,58934,59003,69
rising,59061,59003,59061,58
sniffing,59106,59061,59106,45
walking,59182,59106,59182,76
climbing,59191,59182,59191,9
grooming,59192,59191,59192,1
walking,59241,59192,59241,49
rising,59272,59241,59272,31
climbing,59328,59272,59328,56
rising,59362,59328,59362,34
rearing,59398,59362,59398,36
climbing,59424,59398,59424,26
grooming,59669,59424,59669,245
climbing,59693,59669,59693,24
rising,59694,59693,59694,1
climbing,59737,59694,59737,43
trotting,59761,59737,59761,24
right_turning,59775,59761,59775,14
climbing,59814,59775,59814,39
walking,59818,59814,59818,4
running,59843,59818,59843,25
sniffing,59928,59843,59928,85
rising,59953,59928,59953,25
walking,59975,59953,59975,22
rising,59976,59975,59976,1
climbing,60003,59976,60003,27
sniffing,60075,60003,60075,72
climbing,60100,60075,60100,25
trotting,60107,60100,60107,7
walking,60128,60107,60128,21
climbing,60149,60128,60149,21
sniffing,60150,60149,60150,1
pausing,60151,60150,60151,1
sniffing,60156,60151,60156,5
left_turning,60157,60156,60157,1
walking,60189,60157,60189,32
sniffing,60206,60189,60206,17
walking,60211,60206,60211,5
left_turning,60212,60211,60212,1
sniffing,60260,60212,60260,48
left_turning,60261,60260,60261,1
walking,60313,60261,60313,52
sniffing,60361,60313,60361,48
hunching,60402,60361,60402,41
grooming,60503,60402,60503,101
right_turning,60514,60503,60514,11
rearing,60515,60514,60515,1
rising,60613,60515,60613,98
sniffing,60665,60613,60665,52
walking,60695,60665,60695,30
sniffing,60696,60695,60696,1
left_turning,60748,60696,60748,52
trotting,60790,60748,60790,42
sniffing,60858,60790,60858,68
pausing,60859,60858,60859,1
rising,60868,60859,60868,9
climbing,60910,60868,60910,42
sniffing,60911,60910,60911,1
walking,60935,60911,60935,24
sniffing,60936,60935,60936,1
rising,60992,60936,60992,56
sniffing,61036,60992,61036,44
climbing,61096,61036,61096,60
rearing,61097,61096,61097,1
grooming,61098,61097,61098,1
sniffing,61114,61098,61114,16
pausing,61115,61114,61115,1
sniffing,61116,61115,61116,1
walking,61127,61116,61127,11
sniffing,61273,61127,61273,146
trotting,61308,61273,61308,35
walking,61333,61308,61333,25
sniffing,61366,61333,61366,33
left_turning,61413,61366,61413,47
walking,61427,61413,61427,14
sniffing,61430,61427,61430,3
stepping,61474,61430,61474,44
rising,61490,61474,61490,16
sniffing,61522,61490,61522,32
running,61537,61522,61537,15
left_turning,61573,61537,61573,36
sniffing,61601,61573,61601,28
stepping,61644,61601,61644,43
walking,61653,61644,61653,9
sniffing,61740,61653,61740,87
rising,61817,61740,61817,77
walking,61840,61817,61840,23
left_turning,61866,61840,61866,26
sniffing,61951,61866,61951,85
right_turning,61979,61951,61979,28
climbing,62017,61979,62017,38
right_turning,62050,62017,62050,33
sniffing,62092,62050,62092,42
left_turning,62125,62092,62125,33
sniffing,62155,62125,62155,30
walking,62206,62155,62206,51
rearing,62224,62206,62224,18
walking,62270,62224,62270,46
trotting,62276,62270,62276,6
walking,62309,62276,62309,33
rising,62328,62309,62328,19
climbing,62342,62328,62342,14
sniffing,62467,62342,62467,125
walking,62573,62467,62573,106
sniffing,62610,62573,62610,37
walking,62611,62610,62611,1
sniffing,62642,62611,62642,31
walking,62661,62642,62661,19
sniffing,62676,62661,62676,15
rising,62677,62676,62677,1
climbing,62746,62677,62746,69
grooming,63081,62746,63081,335
hunching,63154,63081,63154,73
rearing,63206,63154,63206,52
walking,63212,63206,63212,6
rising,63213,63212,63213,1
climbing,63240,63213,63240,27
sniffing,63317,63240,63317,77
left_turning,63379,63317,63379,62
walking,63415,63379,63415,36
left_turning,63436,63415,63436,21
sniffing,63495,63436,63495,59
left_turning,63540,63495,63540,45
grooming,63541,63540,63541,1
rising,63554,63541,63554,13
climbing,63606,63554,63606,52
right_turning,63615,63606,63615,9
trotting,63625,63615,63625,10
sniffing,63626,63625,63626,1
rising,63627,63626,63627,1
climbing,63636,63627,63636,9
right_turning,63645,63636,63645,9
running,63671,63645,63671,26
trotting,63694,63671,63694,23
stepping,63714,63694,63714,20
trotting,63755,63714,63755,41
sniffing,63756,63755,63756,1
rising,63798,63756,63798,42
rearing,63799,63798,63799,1
sniffing,63872,63799,63872,73
climbing,63911,63872,63911,39
trotting,63922,63911,63922,11
running,63950,63922,63950,28
trotting,63989,63950,63989,39
sniffing,63990,63989,63990,1
left_turning,64057,63990,64057,67
trotting,64073,64057,64073,16
sniffing,64134,64073,64134,61
walking,64178,64134,64178,44
climbing,64229,64178,64229,51
hunching,64348,64229,64348,119
climbing,64392,64348,64392,44
walking,64446,64392,64446,54
rearing,64447,64446,64447,1
climbing,64522,64447,64522,75
rearing,64625,64522,64625,103
left_turning,64636,64625,64636,11
sniffing,64697,64636,64697,61
walking,64698,64697,64698,1
sniffing,64728,64698,64728,30
walking,64776,64728,64776,48
climbing,64842,64776,64842,66
walking,64872,64842,64872,30
rising,64980,64872,64980,108
sniffing,65146,64980,65146,166
stepping,65152,65146,65152,6
walking,65180,65152,65180,28
rising,65224,65180,65224,44
left_turning,65244,65224,65244,20
rising,65277,65244,65277,33
trotting,65300,65277,65300,23
running,65314,65300,65314,14
left_turning,65315,65314,65315,1
walking,65328,65315,65328,13
trotting,65340,65328,65340,12
rising,65341,65340,65341,1
climbing,65443,65341,65443,102
rising,65476,65443,65476,33
climbing,65477,65476,65477,1
rising,65487,65477,65487,10
sniffing,65529,65487,65529,42
stepping,65540,65529,65540,11
rearing,65623,65540,65623,83
climbing,65688,65623,65688,65
rising,65716,65688,65716,28
sniffing,65741,65716,65741,25
left_turning,65818,65741,65818,77
rising,65903,65818,65903,85
stepping,65939,65903,65939,36
sniffing,66001,65939,66001,62
left_turning,66009,66001,66009,8
sniffing,66049,66009,66049,40
rising,66084,66049,66084,35
climbing,66134,66084,66134,50
right_turning,66140,66134,66140,6
walking,66178,66140,66178,38
sniffing,66208,66178,66208,30
rearing,66271,66208,66271,63
rising,66274,66271,66274,3
rearing,66293,66274,66293,19
climbing,66316,66293,66316,23
right_turning,66328,66316,66328,12
sniffing,66525,66328,66525,197
rising,66575,66525,66575,50
sniffing,66580,66575,66580,5
grooming,66768,66580,66768,188
climbing,66769,66768,66769,1
rearing,66866,66769,66866,97
sniffing,66991,66866,66991,125
stepping,66992,66991,66992,1
right_turning,67010,66992,67010,18
left_turning,67052,67010,67052,42
walking,67097,67052,67097,45
left_turning,67164,67097,67164,67
sniffing,67215,67164,67215,51
running,67227,67215,67227,12
walking,67256,67227,67256,29
sniffing,67294,67256,67294,38
pausing,67444,67294,67444,150
sniffing,67445,67444,67445,1
rising,67446,67445,67446,1
walking,67459,67446,67459,13
sniffing,67516,67459,67516,57
walking,67599,67516,67599,83
sniffing,67670,67599,67670,71
walking,67690,67670,67690,20
sniffing,67720,67690,67720,30
pausing,67870,67720,67870,150
sniffing,67871,67870,67871,1
walking,67872,67871,67872,1
grooming,68112,67872,68112,240
rearing,68181,68112,68181,69
sniffing,68221,68181,68221,40
walking,68279,68221,68279,58
sniffing,68366,68279,68366,87
trotting,68383,68366,68383,17
walking,68418,68383,68418,35
left_turning,68462,68418,68462,44
trotting,68487,68462,68487,25
sniffing,68584,68487,68584,97
walking,68605,68584,68605,21
rising,68606,68605,68606,1
rearing,68607,68606,68607,1
right_turning,68608,68607,68608,1
trotting,68646,68608,68646,38
grooming,68647,68646,68647,1
rearing,68657,68647,68657,10
climbing,68773,68657,68773,116
right_turning,68786,68773,68786,13
left_turning,68826,68786,68826,40
rising,68827,68826,68827,1
climbing,68875,68827,68875,48
sniffing,68876,68875,68876,1
trotting,68929,68876,68929,53
stepping,68940,68929,68940,11
sniffing,68941,68940,68941,1
rising,68952,68941,68952,11
sniffing,68972,68952,68972,20
climbing,69003,68972,69003,31
rearing,69095,69003,69095,92
walking,69196,69095,69196,101
right_turning,69217,69196,69217,21
running,69245,69217,69245,28
sniffing,69284,69245,69284,39
right_turning,69299,69284,69299,15
walking,69303,69299,69303,4
rising,69317,69303,69317,14
rearing,69318,69317,69318,1
trotting,69319,69318,69319,1
walking,69411,69319,69411,92
sniffing,69576,69411,69576,165
walking,69596,69576,69596,20
rising,69642,69596,69642,46
sniffing,69718,69642,69718,76
rising,69728,69718,69728,10
climbing,69947,69728,69947,219
right_turning,69977,69947,69977,30
rising,70191,69977,70191,214
climbing,70200,70191,70200,9
sniffing,70349,70200,70349,149
walking,70390,70349,70390,41
climbing,70439,70390,70439,49
sniffing,70440,70439,70440,1
climbing,70496,70440,70496,56
rising,70521,70496,70521,25
rearing,70665,70521,70665,144
rising,70729,70665,70729,64
trotting,70770,70729,70770,41
sniffing,70787,70770,70787,17
rising,70788,70787,70788,1
climbing,70789,70788,70789,1
sniffing,70790,70789,70790,1
rising,70795,70790,70795,5
sniffing,70828,70795,70828,33
rising,70863,70828,70863,35
climbing,70898,70863,70898,35
rising,70899,70898,70899,1
stepping,70903,70899,70903,4
rising,70908,70903,70908,5
rearing,71041,70908,71041,133
rising,71042,71041,71042,1
climbing,71076,71042,71076,34
sniffing,71132,71076,71132,56
walking,71190,71132,71190,58
left_turning,71191,71190,71191,1
sniffing,71356,71191,71356,165
rearing,71357,71356,71357,1
grooming,71695,71357,71695,338
sniffing,71779,71695,71779,84
grooming,71985,71779,71985,206
sniffing,72077,71985,72077,92
climbing,72124,72077,72124,47
sniffing,72187,72124,72187,63
rising,72219,72187,72219,32
sniffing,72362,72219,72362,143
right_turning,72378,72362,72378,16
walking,72402,72378,72402,24
rising,72415,72402,72415,13
climbing,72462,72415,72462,47
sniffing,72526,72462,72526,64
left_turning,72527,72526,72527,1
climbing,72585,72527,72585,58
running,72608,72585,72608,23
left_turning,72639,72608,72639,31
walking,72668,72639,72668,29
trotting,72681,72668,72681,13
rising,72753,72681,72753,72
walking,72782,72753,72782,29
left_turning,72783,72782,72783,1
walking,72813,72783,72813,30
left_turning,72861,72813,72861,48
walking,72889,72861,72889,28
sniffing,72926,72889,72926,37
pausing,73077,72926,73077,151
sniffing,73166,73077,73166,89
walking,73194,73166,73194,28
rearing,73195,73194,73195,1
sniffing,73200,73195,73200,5
grooming,73481,73200,73481,281
rearing,73485,73481,73485,4
sniffing,73516,73485,73516,31
rearing,73577,73516,73577,61
climbing,73658,73577,73658,81
sniffing,73706,73658,73706,48
rising,73707,73706,73707,1
walking,73724,73707,73724,17
left_turning,73725,73724,73725,1
running,73739,73725,73739,14
walking,73740,73739,73740,1
rising,73788,73740,73788,48
climbing,73853,73788,73853,65
grooming,74012,73853,74012,159
sniffing,74013,74012,74013,1
climbing,74053,74013,74053,40
trotting,74054,74053,74054,1
sniffing,74055,74054,74055,1
rearing,74074,74055,74074,19
sniffing,74122,74074,74122,48
climbing,74191,74122,74191,69
grooming,74371,74191,74371,180
sniffing,74427,74371,74427,56
climbing,74507,74427,74507,80
stepping,74560,74507,74560,53
rising,74603,74560,74603,43
rearing,74726,74603,74726,123
sniffing,74798,74726,74798,72
stepping,74799,74798,74799,1
walking,74832,74799,74832,33
climbing,74923,74832,74923,91
grooming,75170,74923,75170,247
rearing,75301,75170,75301,131
sniffing,75302,75301,75302,1
trotting,75350,75302,75350,48
walking,75379,75350,75379,29
climbing,75381,75379,75381,2
sniffing,75469,75381,75469,88
right_turning,75496,75469,75496,27
running,75498,75496,75498,2
sniffing,75499,75498,75499,1
stepping,75535,75499,75535,36
sniffing,75560,75535,75560,25
rising,75578,75560,75578,18
left_turning,75700,75578,75700,122
walking,75756,75700,75756,56
sniffing,75908,75756,75908,152
walking,75941,75908,75941,33
stepping,75967,75941,75967,26
sniffing,76024,75967,76024,57
rearing,76025,76024,76025,1
sniffing,76117,76025,76117,92
rising,76118,76117,76118,1
sniffing,76119,76118,76119,1
walking,76136,76119,76136,17
rising,76153,76136,76153,17
walking,76163,76153,76163,10
climbing,76164,76163,76164,1
right_turning,76179,76164,76179,15
sniffing,76180,76179,76180,1
walking,76215,76180,76215,35
rearing,76293,76215,76293,78
climbing,76372,76293,76372,79
right_turning,76373,76372,76373,1
walking,76390,76373,76390,17
sniffing,76458,76390,76458,68
left_turning,76482,76458,76482,24
trotting,76540,76482,76540,58
walking,76610,76540,76610,70
rearing,76685,76610,76685,75
rising,76704,76685,76704,19
walking,76727,76704,76727,23
sniffing,76787,76727,76787,60
right_turning,76821,76787,76821,34
walking,76835,76821,76835,14
climbing,76914,76835,76914,79
sniffing,76963,76914,76963,49
rising,76973,76963,76973,10
rearing,76992,76973,76992,19
sniffing,77042,76992,77042,50
climbing,77079,77042,77079,37
walking,77080,77079,77080,1
sniffing,77210,77080,77210,130
rising,77288,77210,77288,78
sniffing,77313,77288,77313,25
rearing,77394,77313,77394,81
climbing,77453,77394,77453,59
rearing,77455,77453,77455,2
stepping,77471,77455,77471,16
walking,77524,77471,77524,53
rising,77525,77524,77525,1
sniffing,77526,77525,77526,1
left_turning,77561,77526,77561,35
running,77584,77561,77584,23
sniffing,77727,77584,77727,143
grooming,77989,77727,77989,262
sniffing,77990,77989,77990,1
walking,78131,77990,78131,141
climbing,78186,78131,78186,55
rising,78187,78186,78187,1
walking,78278,78187,78278,91
sniffing,78336,78278,78336,58
rising,78337,78336,78337,1
running,78353,78337,78353,16
rising,78369,78353,78369,16
sniffing,78370,78369,78370,1
rearing,78371,78370,78371,1
rising,78372,78371,78372,1
climbing,78425,78372,78425,53
grooming,78426,78425,78426,1
rearing,78474,78426,78474,48
right_turning,78497,78474,78497,23
rising,78548,78497,78548,51
climbing,78559,78548,78559,11
sniffing,78609,78559,78609,50
left_turning,78626,78609,78626,17
walking,78670,78626,78670,44
sniffing,78677,78670,78677,7
left_turning,78763,78677,78763,86
right_turning,78793,78763,78793,30
rising,78794,78793,78794,1
climbing,78861,78794,78861,67
running,78872,78861,78872,11
right_turning,78891,78872,78891,19
climbing,78913,78891,78913,22
rearing,79019,78913,79019,106
climbing,79055,79019,79055,36
sniffing,79075,79055,79075,20
climbing,79107,79075,79107,32
right_turning,79154,79107,79154,47
walking,79205,79154,79205,51
sniffing,79206,79205,79206,1
walking,79240,79206,79240,34
sniffing,79241,79240,79241,1
left_turning,79276,79241,79276,35
walking,79299,79276,79299,23
left_turning,79327,79299,79327,28
stepping,79397,79327,79397,70
sniffing,79431,79397,79431,34
right_turning,79460,79431,79460,29
running,79477,79460,79477,17
sniffing,79528,79477,79528,51
hunching,79529,79528,79529,1
rearing,79580,79529,79580,51
walking,79597,79580,79597,17
rising,79600,79597,79600,3
left_turning,79634,79600,79634,34
sniffing,79706,79634,79706,72
rising,79724,79706,79724,18
climbing,79742,79724,79742,18
walking,79743,79742,79743,1
sniffing,79744,79743,79744,1
rearing,79793,79744,79793,49
walking,79821,79793,79821,28
left_turning,79920,79821,79920,99
sniffing,79965,79920,79965,45
climbing,79971,79965,79971,6
right_turning,80003,79971,80003,32
sniffing,80016,80003,80016,13
rising,80078,80016,80078,62
right_turning,80089,80078,80089,11
walking,80116,80089,80116,27
trotting,80153,80116,80153,37
sniffing,80154,80153,80154,1
walking,80228,80154,80228,74
rising,80229,80228,80229,1
climbing,80243,80229,80243,14
sniffing,80270,80243,80270,27
stepping,80297,80270,80297,27
right_turning,80310,80297,80310,13
running,80333,80310,80333,23
sniffing,80361,80333,80361,28
left_turning,80362,80361,80362,1
rising,80398,80362,80398,36
walking,80405,80398,80405,7
rearing,80456,80405,80456,51
sniffing,80526,80456,80526,70
rearing,80619,80526,80619,93
sniffing,80635,80619,80635,16
rising,80644,80635,80644,9
sniffing,80645,80644,80645,1
climbing,80731,80645,80731,86
sniffing,80732,80731,80732,1
hunching,80833,80732,80833,101
rising,80855,80833,80855,22
climbing,80896,80855,80896,41
rearing,81036,80896,81036,140
grooming,81254,81036,81254,218
sniffing,81272,81254,81272,18
climbing,81289,81272,81289,17
left_turning,81337,81289,81337,48
trotting,81366,81337,81366,29
sniffing,81470,81366,81470,104
climbing,81471,81470,81471,1
sniffing,81503,81471,81503,32
rising,81528,81503,81528,25
rearing,81558,81528,81558,30
left_turning,81575,81558,81575,17
sniffing,81576,81575,81576,1
hunching,81577,81576,81577,1
sniffing,81593,81577,81593,16
hunching,81716,81593,81716,123
left_turning,81751,81716,81751,35
sniffing,81753,81751,81753,2
walking,81761,81753,81761,8
sniffing,81780,81761,81780,19
trotting,81810,81780,81810,30
left_turning,81854,81810,81854,44
stepping,81888,81854,81888,34
right_turning,81889,81888,81889,1
rising,81890,81889,81890,1
rearing,81891,81890,81891,1
climbing,81974,81891,81974,83
rearing,82075,81974,82075,101
grooming,82076,82075,82076,1
climbing,82099,82076,82099,23
hunching,82299,82099,82299,200
grooming,82705,82299,82705,406
sniffing,82780,82705,82780,75
walking,82819,82780,82819,39
sniffing,82830,82819,82830,11
rearing,82875,82830,82875,45
grooming,82876,82875,82876,1
climbing,82877,82876,82877,1
sniffing,82893,82877,82893,16
pausing,83188,82893,83188,295
sniffing,83326,83188,83326,138
hunching,83330,83326,83330,4
grooming,83331,83330,83331,1
trotting,83378,83331,83378,47
walking,83399,83378,83399,21
climbing,83452,83399,83452,53
sniffing,83532,83452,83532,80
left_turning,83533,83532,83533,1
sniffing,83542,83533,83542,9
left_turning,83548,83542,83548,6
sniffing,83549,83548,83549,1
rising,83575,83549,83575,26
climbing,83600,83575,83600,25
running,83643,83600,83643,43
sniffing,83661,83643,83661,18
walking,83663,83661,83663,2
sniffing,83664,83663,83664,1
grooming,83936,83664,83936,272
rearing,84021,83936,84021,85
rising,84037,84021,84037,16
rearing,84038,84037,84038,1
right_turning,84044,84038,84044,6
trotting,84074,84044,84074,30
sniffing,84075,84074,84075,1
rising,84101,84075,84101,26
walking,84103,84101,84103,2
sniffing,84104,84103,84104,1
stepping,84105,84104,84105,1
walking,84106,84105,84106,1
sniffing,84174,84106,84174,68
rising,84276,84174,84276,102
climbing,84329,84276,84329,53
walking,84390,84329,84390,61
rising,84403,84390,84403,13
sniffing,84428,84403,84428,25
climbing,84517,84428,84517,89
rising,84518,84517,84518,1
climbing,84550,84518,84550,32
hunching,84551,84550,84551,1
sniffing,84583,84551,84583,32
rearing,84584,84583,84584,1
grooming,84585,84584,84585,1
rearing,84611,84585,84611,26
climbing,84639,84611,84639,28
sniffing,84687,84639,84687,48
pausing,84851,84687,84851,164
sniffing,84852,84851,84852,1
stepping,84908,84852,84908,56
walking,84948,84908,84948,40
sniffing,85022,84948,85022,74
rearing,85108,85022,85108,86
climbing,85178,85108,85178,70
hunching,85188,85178,85188,10
right_turning,85230,85188,85230,42
left_turning,85298,85230,85298,68
walking,85312,85298,85312,14
sniffing,85330,85312,85330,18
walking,85413,85330,85413,83
sniffing,85442,85413,85442,29
pausing,85528,85442,85528,86
sniffing,85578,85528,85578,50
left_turning,85689,85578,85689,111
sniffing,85715,85689,85715,26
hunching,85716,85715,85716,1
climbing,85752,85716,85752,36
rising,85810,85752,85810,58
climbing,85811,85810,85811,1
rearing,85906,85811,85906,95
right_turning,85917,85906,85917,11
trotting,85928,85917,85928,11
walking,85956,85928,85956,28
right_turning,85998,85956,85998,42
walking,86060,85998,86060,62
rising,86152,86060,86152,92
climbing,86179,86152,86179,27
rising,86255,86179,86255,76
hunching,86256,86255,86256,1
grooming,86257,86256,86257,1
rearing,86258,86257,86258,1
sniffing,86372,86258,86372,114
rising,86403,86372,86403,31
sniffing,86495,86403,86495,92
right_turning,86508,86495,86508,13
trotting,86542,86508,86542,34
running,86550,86542,86550,8
left_turning,86551,86550,86551,1
sniffing,86622,86551,86622,71
right_turning,86628,86622,86628,6
walking,86642,86628,86642,14
left_turning,86654,86642,86654,12
walking,86689,86654,86689,35
sniffing,86690,86689,86690,1
rising,86759,86690,86759,69
sniffing,86784,86759,86784,25
climbing,86837,86784,86837,53
stepping,86853,86837,86853,16
sniffing,86972,86853,86972,119
walking,87048,86972,87048,76
sniffing,87073,87048,87073,25
rising,87131,87073,87131,58
walking,87195,87131,87195,64
trotting,87215,87195,87215,20
sniffing,87218,87215,87218,3
grooming,87219,87218,87219,1
climbing,87333,87219,87333,114
grooming,87351,87333,87351,18
rearing,87718,87351,87718,367
left_turning,87845,87718,87845,127
walking,87854,87845,87854,9
climbing,87941,87854,87941,87
rearing,87993,87941,87993,52
climbing,87994,87993,87994,1
sniffing,88024,87994,88024,30
stepping,88062,88024,88062,38
left_turning,88063,88062,88063,1
walking,88141,88063,88141,78
sniffing,88156,88141,88156,15
rearing,88208,88156,88208,52
grooming,88501,88208,88501,293
left_turning,88502,88501,88502,1
rising,88641,88502,88641,139
climbing,88669,88641,88669,28
right_turning,88687,88669,88687,18
sniffing,88722,88687,88722,35
rising,88740,88722,88740,18
rearing,88809,88740,88809,69
rising,88826,88809,88826,17
walking,88848,88826,88848,22
climbing,88849,88848,88849,1
rising,88858,88849,88858,9
climbing,88931,88858,88931,73
rearing,89116,88931,89116,185
hunching,89163,89116,89163,47
sniffing,89213,89163,89213,50
climbing,89238,89213,89238,25
hunching,89367,89238,89367,129
rising,89381,89367,89381,14
rearing,89474,89381,89474,93
grooming,89566,89474,89566,92
hunching,89619,89566,89619,53
rearing,89725,89619,89725,106
walking,89749,89725,89749,24
stepping,89855,89749,89855,106
left_turning,89859,89855,89859,4
walking,89887,89859,89887,28
left_turning,89914,89887,89914,27
walking,89956,89914,89956,42
sniffing,90001,89956,90001,45
climbing,90058,90001,90058,57
sniffing,90089,90058,90089,31
rising,90129,90089,90129,40
sniffing,90131,90129,90131,2
climbing,90133,90131,90133,2
grooming,90935,90133,90935,802
rearing,90937,90935,90937,2
stepping,90948,90937,90948,11
left_turning,90979,90948,90979,31
sniffing,91030,90979,91030,51
rising,91068,91030,91068,38
left_turning,91069,91068,91069,1
walking,91107,91069,91107,38
sniffing,91126,91107,91126,19
grooming,91127,91126,91127,1
rising,91131,91127,91131,4
climbing,91154,91131,91154,23
right_turning,91200,91154,91200,46
walking,91204,91200,91204,4
sniffing,91263,91204,91263,59
rising,91264,91263,91264,1
left_turning,91265,91264,91265,1
rising,91311,91265,91311,46
sniffing,91352,91311,91352,41
climbing,91429,91352,91429,77
rearing,91458,91429,91458,29
rising,91492,91458,91492,34
climbing,91580,91492,91580,88
rearing,91629,91580,91629,49
sniffing,91687,91629,91687,58
left_turning,91726,91687,91726,39
rising,91769,91726,91769,43
sniffing,91835,91769,91835,66
left_turning,91880,91835,91880,45
sniffing,91947,91880,91947,67
hunching,92031,91947,92031,84
climbing,92044,92031,92044,13
right_turning,92055,92044,92055,11
trotting,92077,92055,92077,22
rising,92109,92077,92109,32
walking,92128,92109,92128,19
sniffing,92155,92128,92155,27
walking,92165,92155,92165,10
rising,92193,92165,92193,28
grooming,92351,92193,92351,158
rearing,92400,92351,92400,49
sniffing,92516,92400,92516,116
left_turning,92517,92516,92517,1
sniffing,92518,92517,92518,1
rising,92519,92518,92519,1
sniffing,92520,92519,92520,1
left_turning,92584,92520,92584,64
climbing,92621,92584,92621,37
sniffing,92759,92621,92759,138
left_turning,92785,92759,92785,26
walking,92808,92785,92808,23
rising,92828,92808,92828,20
climbing,92880,92828,92880,52
running,92917,92880,92917,37
walking,92951,92917,92951,34
sniffing,92961,92951,92961,10
hunching,93020,92961,93020,59
rising,93080,93020,93080,60
right_turning,93081,93080,93081,1
running,93103,93081,93103,22
sniffing,93202,93103,93202,99
climbing,93238,93202,93238,36
hunching,93322,93238,93322,84
rearing,93325,93322,93325,3
left_turning,93334,93325,93334,9
stepping,93385,93334,93385,51
rising,93414,93385,93414,29
climbing,93442,93414,93442,28
sniffing,93595,93442,93595,153
rising,93602,93595,93602,7
sniffing,93777,93602,93777,175
rising,93790,93777,93790,13
left_turning,93808,93790,93808,18
right_turning,93832,93808,93832,24
sniffing,93833,93832,93833,1
climbing,93856,93833,93856,23
right_turning,93873,93856,93873,17
trotting,93884,93873,93884,11
walking,93890,93884,93890,6
sniffing,93891,93890,93891,1
stepping,93935,93891,93935,44
sniffing,93936,93935,93936,1
walking,93937,93936,93937,1
sniffing,93958,93937,93958,21
left_turning,93983,93958,93983,25
walking,93999,93983,93999,16
trotting,94007,93999,94007,8
walking,94045,94007,94045,38
climbing,94099,94045,94099,54
walking,94122,94099,94122,23
left_turning,94244,94122,94244,122
running,94254,94244,94254,10
sniffing,94303,94254,94303,49
running,94327,94303,94327,24
trotting,94371,94327,94371,44
walking,94399,94371,94399,28
sniffing,94465,94399,94465,66
left_turning,94667,94465,94667,202
sniffing,94821,94667,94821,154
right_turning,94822,94821,94822,1
walking,94864,94822,94864,42
hunching,94881,94864,94881,17
rising,94885,94881,94885,4
rearing,94886,94885,94886,1
sniffing,94893,94886,94893,7
rising,94894,94893,94894,1
rearing,94896,94894,94896,2
sniffing,94934,94896,94934,38
rising,94958,94934,94958,24
climbing,94980,94958,94980,22
sniffing,94981,94980,94981,1
climbing,95052,94981,95052,71
rising,95060,95052,95060,8
sniffing,95061,95060,95061,1
rising,95095,95061,95095,34
left_turning,95153,95095,95153,58
sniffing,95229,95153,95229,76
walking,95246,95229,95246,17
left_turning,95356,95246,95356,110
walking,95406,95356,95406,50
sniffing,95407,95406,95407,1
rising,95432,95407,95432,25
climbing,95458,95432,95458,26
rising,95468,95458,95468,10
sniffing,95571,95468,95571,103
rising,95600,95571,95600,29
climbing,95634,95600,95634,34
running,95646,95634,95646,12
walking,95660,95646,95660,14
sniffing,95754,95660,95754,94
climbing,95800,95754,95800,46
sniffing,95895,95800,95895,95
stepping,95932,95895,95932,37
walking,95933,95932,95933,1
rising,95950,95933,95950,17
sniffing,95951,95950,95951,1
left_turning,95970,95951,95970,19
sniffing,95971,95970,95971,1
rising,96004,95971,96004,33
trotting,96020,96004,96020,16
walking,96022,96020,96022,2
sniffing,96105,96022,96105,83
walking,96130,96105,96130,25
right_turning,96148,96130,96148,18
running,96170,96148,96170,22
sniffing,96192,96170,96192,22
left_turning,96218,96192,96218,26
sniffing,96269,96218,96269,51
rising,96325,96269,96325,56
sniffing,96492,96325,96492,167
left_turning,96512,96492,96512,20
sniffing,96602,96512,96602,90
rising,96617,96602,96617,15
climbing,96655,96617,96655,38
sniffing,96710,96655,96710,55
climbing,96787,96710,96787,77
grooming,96805,96787,96805,18
rearing,97021,96805,97021,216
sniffing,97111,97021,97111,90
rising,97120,97111,97120,9
climbing,97211,97120,97211,91
hunching,97231,97211,97231,20
rising,97254,97231,97254,23
climbing,97291,97254,97291,37
right_turning,97292,97291,97292,1
sniffing,97308,97292,97308,16
climbing,97338,97308,97338,30
left_turning,97357,97338,97357,19
rising,97384,97357,97384,27
climbing,97436,97384,97436,52
sniffing,97465,97436,97465,29
rearing,97466,97465,97466,1
hunching,97467,97466,97467,1
sniffing,97578,97467,97578,111
left_turning,97642,97578,97642,64
walking,97652,97642,97652,10
rising,97653,97652,97653,1
rearing,97750,97653,97750,97
climbing,97790,97750,97790,40
sniffing,97810,97790,97810,20
climbing,97816,97810,97816,6
rising,97851,97816,97851,35
climbing,97896,97851,97896,45
rising,97930,97896,97930,34
grooming,97931,97930,97931,1
stepping,97951,97931,97951,20
walking,97952,97951,97952,1
rising,97953,97952,97953,1
sniffing,98007,97953,98007,54
walking,98044,98007,98044,37
right_turning,98097,98044,98097,53
walking,98104,98097,98104,7
sniffing,98126,98104,98126,22
rising,98139,98126,98139,13
rearing,98172,98139,98172,33
left_turning,98261,98172,98261,89
sniffing,98384,98261,98384,123
climbing,98480,98384,98480,96
sniffing,98524,98480,98524,44
left_turning,98540,98524,98540,16
rising,98571,98540,98571,31
climbing,98624,98571,98624,53
rising,98689,98624,98689,65
climbing,98706,98689,98706,17
sniffing,98776,98706,98776,70
left_turning,98780,98776,98780,4
rising,98806,98780,98806,26
right_turning,98822,98806,98822,16
walking,98900,98822,98900,78
sniffing,98940,98900,98940,40
rising,98963,98940,98963,23
walking,98964,98963,98964,1
stepping,98984,98964,98984,20
walking,99020,98984,99020,36
sniffing,99031,99020,99031,11
walking,99032,99031,99032,1
right_turning,99052,99032,99052,20
sniffing,99088,99052,99088,36
left_turning,99120,99088,99120,32
sniffing,99160,99120,99160,40
climbing,99161,99160,99161,1
sniffing,99355,99161,99355,194
left_turning,99367,99355,99367,12
walking,99417,99367,99417,50
sniffing,99546,99417,99546,129
left_turning,99547,99546,99547,1
walking,99593,99547,99593,46
climbing,99666,99593,99666,73
rising,99667,99666,99667,1
sniffing,99783,99667,99783,116
rising,99784,99783,99784,1
sniffing,99785,99784,99785,1
trotting,99797,99785,99797,12
left_turning,99876,99797,99876,79
rising,99935,99876,99935,59
sniffing,99936,99935,99936,1
grooming,99967,99936,99967,31
sniffing,99968,99967,99968,1
stepping,99969,99968,99969,1
climbing,100043,99969,100043,74
sniffing,100084,100043,100084,41
hunching,100097,100084,100097,13
right_turning,100110,100097,100110,13
trotting,100130,100110,100130,20
stepping,100175,100130,100175,45
sniffing,100291,100175,100291,116
rising,100292,100291,100292,1
stepping,100341,100292,100341,49
sniffing,100377,100341,100377,36
grooming,100478,100377,100478,101
climbing,100534,100478,100534,56
walking,100595,100534,100595,61
sniffing,100596,100595,100596,1
walking,100614,100596,100614,18
sniffing,100825,100614,100825,211
trotting,100875,100825,100875,50
left_turning,100947,100875,100947,72
walking,101001,100947,101001,54
rising,101114,101001,101114,113
climbing,101149,101114,101149,35
rising,101155,101149,101155,6
climbing,101209,101155,101209,54
sniffing,101294,101209,101294,85
climbing,101398,101294,101398,104
right_turning,101401,101398,101401,3
running,101406,101401,101406,5
climbing,101410,101406,101410,4
rising,101425,101410,101425,15
climbing,101466,101425,101466,41
grooming,101644,101466,101644,178
sniffing,101669,101644,101669,25
rising,101670,101669,101670,1
sniffing,101714,101670,101714,44
rising,101733,101714,101733,19
climbing,101772,101733,101772,39
right_turning,101773,101772,101773,1
rising,101824,101773,101824,51
rearing,101881,101824,101881,57
rising,101882,101881,101882,1
left_turning,101912,101882,101912,30
climbing,101913,101912,101913,1
sniffing,101932,101913,101932,19
right_turning,101933,101932,101933,1
rising,101934,101933,101934,1
sniffing,101935,101934,101935,1
pausing,101936,101935,101936,1
sniffing,101994,101936,101994,58
pausing,101995,101994,101995,1
sniffing,102063,101995,102063,68
stepping,102117,102063,102117,54
sniffing,102158,102117,102158,41
left_turning,102178,102158,102178,20
sniffing,102192,102178,102192,14
pausing,102193,102192,102193,1
sniffing,102267,102193,102267,74
hunching,102268,102267,102268,1
sniffing,102324,102268,102324,56
rearing,102339,102324,102339,15
rising,102365,102339,102365,26
sniffing,102366,102365,102366,1
rising,102381,102366,102381,15
sniffing,102382,102381,102382,1
rising,102393,102382,102393,11
rearing,102397,102393,102397,4
sniffing,102498,102397,102498,101
left_turning,102507,102498,102507,9
walking,102542,102507,102542,35
sniffing,102618,102542,102618,76
walking,102640,102618,102640,22
left_turning,102669,102640,102669,29
climbing,102715,102669,102715,46
hunching,102823,102715,102823,108
sniffing,102926,102823,102926,103
pausing,102927,102926,102927,1
sniffing,102960,102927,102960,33
rising,103006,102960,103006,46
running,103023,103006,103023,17
trotting,103072,103023,103072,49
running,103090,103072,103090,18
trotting,103116,103090,103116,26
sniffing,103123,103116,103123,7
rising,103200,103123,103200,77
climbing,103206,103200,103206,6
stepping,103234,103206,103234,28
walking,103270,103234,103270,36
climbing,103304,103270,103304,34
rearing,103342,103304,103342,38
climbing,103343,103342,103343,1
walking,103386,103343,103386,43
sniffing,103446,103386,103446,60
climbing,103518,103446,103518,72
rising,103567,103518,103567,49
trotting,103615,103567,103615,48
rising,103669,103615,103669,54
hunching,103670,103669,103670,1
rising,103686,103670,103686,16
climbing,103716,103686,103716,30
right_turning,103748,103716,103748,32
sniffing,103806,103748,103806,58
stepping,103812,103806,103812,6
walking,103877,103812,103877,65
rising,103893,103877,103893,16
climbing,103935,103893,103935,42
sniffing,104027,103935,104027,92
rearing,104178,104027,104178,151
walking,104203,104178,104203,25
sniffing,104243,104203,104243,40
rising,104306,104243,104306,63
rearing,104307,104306,104307,1
sniffing,104413,104307,104413,106
hunching,104494,104413,104494,81
rearing,104594,104494,104594,100
sniffing,104626,104594,104626,32
stepping,104655,104626,104655,29
left_turning,104697,104655,104697,42
walking,104759,104697,104759,62
sniffing,104799,104759,104799,40
rearing,104854,104799,104854,55
walking,104858,104854,104858,4
stepping,104876,104858,104876,18
climbing,104907,104876,104907,31
sniffing,104908,104907,104908,1
rearing,104909,104908,104909,1
sniffing,104924,104909,104924,15
left_turning,104938,104924,104938,14
walking,104949,104938,104949,11
climbing,104967,104949,104967,18
rising,104968,104967,104968,1
grooming,105070,104968,105070,102
climbing,105112,105070,105112,42
right_turning,105123,105112,105123,11
walking,105126,105123,105126,3
rising,105127,105126,105127,1
sniffing,105197,105127,105197,70
rising,105234,105197,105234,37
climbing,105302,105234,105302,68
rearing,105486,105302,105486,184
walking,105535,105486,105535,49
rising,105557,105535,105557,22
sniffing,105581,105557,105581,24
left_turning,105593,105581,105593,12
right_turning,105642,105593,105642,49
sniffing,105719,105642,105719,77
grooming,106034,105719,106034,315
rising,106035,106034,106035,1
sniffing,106036,106035,106036,1
rising,106072,106036,106072,36
rearing,106181,106072,106181,109
sniffing,106205,106181,106205,24
rising,106272,106205,106272,67
sniffing,106451,106272,106451,179
walking,106452,106451,106452,1
rising,106486,106452,106486,34
climbing,106487,106486,106487,1
rearing,106488,106487,106488,1
hunching,106582,106488,106582,94
sniffing,106659,106582,106659,77
rising,106682,106659,106682,23
walking,106730,106682,106730,48
sniffing,106833,106730,106833,103
climbing,106877,106833,106877,44
trotting,106890,106877,106890,13
sniffing,106921,106890,106921,31
grooming,106976,106921,106976,55
sniffing,106988,106976,106988,12
stepping,107011,106988,107011,23
sniffing,107070,107011,107070,59
rising,107071,107070,107071,1
walking,107104,107071,107104,33
sniffing,107332,107104,107332,228
rising,107378,107332,107378,46
sniffing,107379,107378,107379,1
walking,107436,107379,107436,57
rising,107437,107436,107437,1
climbing,107438,107437,107438,1
rising,107443,107438,107443,5
climbing,107499,107443,107499,56
right_turning,107532,107499,107532,33
walking,107546,107532,107546,14
rising,107547,107546,107547,1
sniffing,107611,107547,107611,64
trotting,107651,107611,107651,40
sniffing,107652,107651,107652,1
rearing,107653,107652,107653,1
sniffing,107654,107653,107654,1
rising,107690,107654,107690,36
sniffing,107763,107690,107763,73
trotting,107771,107763,107771,8
stepping,107808,107771,107808,37
rising,107821,107808,107821,13
sniffing,107858,107821,107858,37
climbing,107859,107858,107859,1
right_turning,107902,107859,107902,43
walking,107903,107902,107903,1
sniffing,107981,107903,107981,78
rising,108000,107981,108000,19
