revised_movement_label,segBoundary,segBoundary_start,segBoundary_end,length
climbing,24,0,24,24
rising,25,24,25,1
climbing,54,25,54,29
sniffing,150,54,150,96
left_turning,203,150,203,53
running,223,203,223,20
walking,261,223,261,38
trotting,325,261,325,64
sniffing,326,325,326,1
trotting,364,326,364,38
walking,413,364,413,49
grooming,633,413,633,220
walking,634,633,634,1
sniffing,768,634,768,134
stepping,807,768,807,39
walking,813,807,813,6
sniffing,846,813,846,33
climbing,899,846,899,53
rising,913,899,913,14
walking,955,913,955,42
hunching,1027,955,1027,72
rearing,1028,1027,1028,1
walking,1109,1028,1109,81
sniffing,1110,1109,1110,1
trotting,1111,1110,1111,1
sniffing,1119,1111,1119,8
walking,1150,1119,1150,31
climbing,1194,1150,1194,44
trotting,1222,1194,1222,28
walking,1232,1222,1232,10
hunching,1257,1232,1257,25
rearing,1270,1257,1270,13
sniffing,1316,1270,1316,46
stepping,1322,1316,1322,6
walking,1350,1322,1350,28
trotting,1402,1350,1402,52
right_turning,1415,1402,1415,13
trotting,1441,1415,1441,26
sniffing,1448,1441,1448,7
climbing,1498,1448,1498,50
sniffing,1511,1498,1511,13
climbing,1551,1511,1551,40
rising,1552,1551,1552,1
rearing,1654,1552,1654,102
climbing,1695,1654,1695,41
sniffing,1714,1695,1714,19
right_turning,1739,1714,1739,25
rising,1848,1739,1848,109
walking,1883,1848,1883,35
rising,1889,1883,1889,6
trotting,1904,1889,1904,15
rising,1962,1904,1962,58
running,1976,1962,1976,14
sniffing,1977,1976,1977,1
climbing,1992,1977,1992,15
sniffing,2093,1992,2093,101
climbing,2164,2093,2164,71
hunching,2231,2164,2231,67
climbing,2266,2231,2266,35
right_turning,2297,2266,2297,31
sniffing,2391,2297,2391,94
grooming,2595,2391,2595,204
sniffing,2623,2595,2623,28
rising,2624,2623,2624,1
climbing,2645,2624,2645,21
walking,2690,2645,2690,45
stepping,2725,2690,2725,35
walking,2734,2725,2734,9
climbing,2789,2734,2789,55
walking,2832,2789,2832,43
rising,2887,2832,2887,55
walking,2888,2887,2888,1
rising,2889,2888,2889,1
walking,2905,2889,2905,16
right_turning,2934,2905,2934,29
sniffing,2994,2934,2994,60
rising,3020,2994,3020,26
walking,3060,3020,3060,40
rising,3116,3060,3116,56
walking,3204,3116,3204,88
sniffing,3224,3204,3224,20
rising,3243,3224,3243,19
walking,3254,3243,3254,11
climbing,3308,3254,3308,54
sniffing,3354,3308,3354,46
rising,3439,3354,3439,85
trotting,3496,3439,3496,57
rising,3497,3496,3497,1
climbing,3548,3497,3548,51
left_turning,3549,3548,3549,1
walking,3591,3549,3591,42
sniffing,3592,3591,3592,1
climbing,3621,3592,3621,29
trotting,3635,3621,3635,14
walking,3642,3635,3642,7
trotting,3649,3642,3649,7
walking,3652,3649,3652,3
climbing,3699,3652,3699,47
sniffing,3711,3699,3711,12
climbing,3762,3711,3762,51
walking,3787,3762,3787,25
sniffing,3837,3787,3837,50
walking,3896,3837,3896,59
sniffing,3923,3896,3923,27
rising,3924,3923,3924,1
climbing,3971,3924,3971,47
right_turning,3987,3971,3987,16
trotting,4004,3987,4004,17
walking,4017,4004,4017,13
sniffing,4063,4017,4063,46
left_turning,4103,4063,4103,40
sniffing,4257,4103,4257,154
rising,4282,4257,4282,25
climbing,4325,4282,4325,43
right_turning,4368,4325,4368,43
running,4393,4368,4393,25
walking,4420,4393,4420,27
sniffing,4460,4420,4460,40
rearing,4480,4460,4480,20
climbing,4532,4480,4532,52
trotting,4533,4532,4533,1
rising,4648,4533,4648,115
climbing,4665,4648,4665,17
walking,4679,4665,4679,14
trotting,4695,4679,4695,16
stepping,4721,4695,4721,26
walking,4722,4721,4722,1
sniffing,4757,4722,4757,35
right_turning,4764,4757,4764,7
left_turning,4788,4764,4788,24
walking,4789,4788,4789,1
sniffing,4790,4789,4790,1
grooming,4791,4790,4791,1
rising,4827,4791,4827,36
sniffing,4870,4827,4870,43
rising,4907,4870,4907,37
trotting,4954,4907,4954,47
sniffing,5014,4954,5014,60
trotting,5053,5014,5053,39
climbing,5071,5053,5071,18
left_turning,5109,5071,5109,38
climbing,5190,5109,5190,81
walking,5233,5190,5233,43
stepping,5266,5233,5266,33
rising,5317,5266,5317,51
left_turning,5345,5317,5345,28
sniffing,5398,5345,5398,53
walking,5431,5398,5431,33
rising,5505,5431,5505,74
sniffing,5515,5505,5515,10
climbing,5567,5515,5567,52
walking,5600,5567,5600,33
climbing,5630,5600,5630,30
rising,5631,5630,5631,1
sniffing,5743,5631,5743,112
walking,5773,5743,5773,30
sniffing,5774,5773,5774,1
rising,5775,5774,5775,1
left_turning,5792,5775,5792,17
walking,5793,5792,5793,1
sniffing,5862,5793,5862,69
rising,5896,5862,5896,34
climbing,5946,5896,5946,50
sniffing,6004,5946,6004,58
rising,6059,6004,6059,55
hunching,6141,6059,6141,82
climbing,6175,6141,6175,34
rising,6176,6175,6176,1
sniffing,6244,6176,6244,68
stepping,6277,6244,6277,33
walking,6289,6277,6289,12
sniffing,6320,6289,6320,31
climbing,6354,6320,6354,34
sniffing,6393,6354,6393,39
right_turning,6397,6393,6397,4
running,6438,6397,6438,41
right_turning,6452,6438,6452,14
walking,6464,6452,6464,12
sniffing,6465,6464,6465,1
right_turning,6492,6465,6492,27
rising,6507,6492,6507,15
climbing,6537,6507,6537,30
sniffing,6659,6537,6659,122
stepping,6665,6659,6665,6
walking,6666,6665,6666,1
right_turning,6670,6666,6670,4
running,6692,6670,6692,22
sniffing,6724,6692,6724,32
climbing,6792,6724,6792,68
sniffing,6793,6792,6793,1
right_turning,6807,6793,6807,14
left_turning,6820,6807,6820,13
sniffing,6825,6820,6825,5
trotting,6855,6825,6855,30
walking,6912,6855,6912,57
sniffing,6969,6912,6969,57
rising,6970,6969,6970,1
sniffing,6976,6970,6976,6
walking,6977,6976,6977,1
trotting,6978,6977,6978,1
rising,7019,6978,7019,41
sniffing,7066,7019,7066,47
grooming,7067,7066,7067,1
rearing,7114,7067,7114,47
climbing,7135,7114,7135,21
running,7144,7135,7144,9
left_turning,7160,7144,7160,16
rising,7245,7160,7245,85
climbing,7306,7245,7306,61
walking,7340,7306,7340,34
climbing,7371,7340,7371,31
sniffing,7422,7371,7422,51
right_turning,7452,7422,7452,30
walking,7521,7452,7521,69
sniffing,7606,7521,7606,85
rising,7618,7606,7618,12
sniffing,7619,7618,7619,1
rising,7690,7619,7690,71
right_turning,7703,7690,7703,13
sniffing,7761,7703,7761,58
left_turning,7771,7761,7771,10
walking,7816,7771,7816,45
sniffing,7902,7816,7902,86
climbing,7958,7902,7958,56
rearing,7959,7958,7959,1
sniffing,7988,7959,7988,29
climbing,8023,7988,8023,35
hunching,8118,8023,8118,95
sniffing,8207,8118,8207,89
rising,8208,8207,8208,1
sniffing,8249,8208,8249,41
rising,8320,8249,8320,71
sniffing,8424,8320,8424,104
climbing,8465,8424,8465,41
sniffing,8594,8465,8594,129
right_turning,8599,8594,8599,5
running,8642,8599,8642,43
rising,8721,8642,8721,79
climbing,8743,8721,8743,22
right_turning,8775,8743,8775,32
rearing,8776,8775,8776,1
hunching,8835,8776,8835,59
rising,8910,8835,8910,75
walking,8919,8910,8919,9
climbing,8968,8919,8968,49
sniffing,8993,8968,8993,25
climbing,9021,8993,9021,28
rising,9162,9021,9162,141
sniffing,9163,9162,9163,1
walking,9207,9163,9207,44
rising,9324,9207,9324,117
rearing,9351,9324,9351,27
grooming,9693,9351,9693,342
hunching,9721,9693,9721,28
sniffing,9758,9721,9758,37
rearing,9798,9758,9798,40
climbing,9853,9798,9853,55
rising,9854,9853,9854,1
climbing,9900,9854,9900,46
sniffing,9901,9900,9901,1
left_turning,9922,9901,9922,21
sniffing,10019,9922,10019,97
rising,10079,10019,10079,60
trotting,10102,10079,10102,23
sniffing,10142,10102,10142,40
stepping,10169,10142,10169,27
rising,10245,10169,10245,76
left_turning,10258,10245,10258,13
sniffing,10285,10258,10285,27
climbing,10286,10285,10286,1
sniffing,10362,10286,10362,76
trotting,10371,10362,10371,9
sniffing,10452,10371,10452,81
rising,10483,10452,10483,31
sniffing,10508,10483,10508,25
right_turning,10522,10508,10522,14
trotting,10527,10522,10527,5
left_turning,10528,10527,10528,1
walking,10570,10528,10570,42
sniffing,10595,10570,10595,25
climbing,10612,10595,10612,17
right_turning,10635,10612,10635,23
walking,10636,10635,10636,1
sniffing,10684,10636,10684,48
rising,10775,10684,10775,91
climbing,10797,10775,10797,22
sniffing,10798,10797,10798,1
rearing,10833,10798,10833,35
sniffing,10835,10833,10835,2
walking,10874,10835,10874,39
climbing,10932,10874,10932,58
walking,11011,10932,11011,79
left_turning,11020,11011,11020,9
sniffing,11062,11020,11062,42
grooming,11082,11062,11082,20
climbing,11108,11082,11108,26
walking,11145,11108,11145,37
sniffing,11146,11145,11146,1
rising,11169,11146,11169,23
climbing,11231,11169,11231,62
running,11266,11231,11266,35
sniffing,11320,11266,11320,54
stepping,11337,11320,11337,17
sniffing,11354,11337,11354,17
trotting,11365,11354,11365,11
walking,11374,11365,11374,9
sniffing,11406,11374,11406,32
rising,11437,11406,11437,31
climbing,11462,11437,11462,25
sniffing,11500,11462,11500,38
rising,11528,11500,11528,28
left_turning,11576,11528,11576,48
walking,11577,11576,11577,1
stepping,11590,11577,11590,13
rising,11591,11590,11591,1
sniffing,11642,11591,11642,51
rising,11661,11642,11661,19
right_turning,11665,11661,11665,4
walking,11675,11665,11675,10
left_turning,11715,11675,11715,40
sniffing,11768,11715,11768,53
left_turning,11769,11768,11769,1
rearing,11777,11769,11777,8
rising,12123,11777,12123,346
left_turning,12143,12123,12143,20
sniffing,12311,12143,12311,168
rising,12313,12311,12313,2
rearing,12323,12313,12323,10
climbing,12342,12323,12342,19
rearing,12430,12342,12430,88
sniffing,12467,12430,12467,37
walking,12503,12467,12503,36
sniffing,12600,12503,12600,97
rearing,12601,12600,12601,1
sniffing,12692,12601,12692,91
left_turning,12728,12692,12728,36
sniffing,12764,12728,12764,36
trotting,12782,12764,12782,18
sniffing,12800,12782,12800,18
walking,12859,12800,12859,59
left_turning,12904,12859,12904,45
walking,12950,12904,12950,46
stepping,12994,12950,12994,44
climbing,13048,12994,13048,54
left_turning,13094,13048,13094,46
climbing,13147,13094,13147,53
walking,13204,13147,13204,57
rising,13249,13204,13249,45
walking,13266,13249,13266,17
sniffing,13267,13266,13267,1
rising,13590,13267,13590,323
climbing,13623,13590,13623,33
right_turning,13624,13623,13624,1
hunching,13894,13624,13894,270
rearing,13946,13894,13946,52
trotting,13966,13946,13966,20
sniffing,14004,13966,14004,38
trotting,14023,14004,14023,19
running,14061,14023,14061,38
sniffing,14079,14061,14079,18
rising,14092,14079,14092,13
sniffing,14180,14092,14180,88
right_turning,14187,14180,14187,7
stepping,14199,14187,14199,12
sniffing,14253,14199,14253,54
climbing,14283,14253,14283,30
rearing,14435,14283,14435,152
stepping,14450,14435,14450,15
sniffing,14470,14450,14470,20
walking,14524,14470,14524,54
sniffing,14684,14524,14684,160
walking,14705,14684,14705,21
rising,14736,14705,14736,31
climbing,14755,14736,14755,19
trotting,14756,14755,14756,1
walking,14778,14756,14778,22
left_turning,14807,14778,14807,29
walking,14843,14807,14843,36
sniffing,14861,14843,14861,18
walking,14916,14861,14916,55
rising,14983,14916,14983,67
hunching,15062,14983,15062,79
walking,15069,15062,15069,7
stepping,15084,15069,15084,15
walking,15098,15084,15098,14
stepping,15141,15098,15141,43
walking,15191,15141,15191,50
climbing,15227,15191,15227,36
trotting,15247,15227,15247,20
stepping,15311,15247,15311,64
walking,15327,15311,15327,16
sniffing,15328,15327,15328,1
rising,15329,15328,15329,1
left_turning,15386,15329,15386,57
rising,15387,15386,15387,1
climbing,15428,15387,15428,41
rising,15429,15428,15429,1
rearing,15550,15429,15550,121
climbing,15597,15550,15597,47
rising,15635,15597,15635,38
left_turning,15656,15635,15656,21
walking,15681,15656,15681,25
sniffing,15682,15681,15682,1
walking,15713,15682,15713,31
climbing,15755,15713,15755,42
right_turning,15763,15755,15763,8
walking,15764,15763,15764,1
sniffing,15848,15764,15848,84
left_turning,15902,15848,15902,54
sniffing,15924,15902,15924,22
walking,15925,15924,15925,1
left_turning,15959,15925,15959,34
sniffing,15969,15959,15969,10
rearing,15970,15969,15970,1
sniffing,16014,15970,16014,44
climbing,16037,16014,16037,23
hunching,16243,16037,16243,206
sniffing,16348,16243,16348,105
left_turning,16374,16348,16374,26
sniffing,16375,16374,16375,1
hunching,16417,16375,16417,42
grooming,16487,16417,16487,70
hunching,16593,16487,16593,106
right_turning,16618,16593,16618,25
walking,16646,16618,16646,28
sniffing,16746,16646,16746,100
rising,16818,16746,16818,72
walking,16825,16818,16825,7
sniffing,16890,16825,16890,65
rising,16980,16890,16980,90
climbing,17023,16980,17023,43
sniffing,17049,17023,17049,26
stepping,17083,17049,17083,34
left_turning,17102,17083,17102,19
trotting,17132,17102,17132,30
sniffing,17256,17132,17256,124
walking,17339,17256,17339,83
sniffing,17362,17339,17362,23
running,17381,17362,17381,19
walking,17382,17381,17382,1
right_turning,17397,17382,17397,15
sniffing,17410,17397,17410,13
trotting,17411,17410,17411,1
running,17417,17411,17417,6
sniffing,17465,17417,17465,48
right_turning,17527,17465,17527,62
trotting,17580,17527,17580,53
sniffing,17613,17580,17613,33
left_turning,17614,17613,17614,1
sniffing,17668,17614,17668,54
trotting,17707,17668,17707,39
climbing,17785,17707,17785,78
rising,17786,17785,17786,1
rearing,17829,17786,17829,43
sniffing,17830,17829,17830,1
walking,17870,17830,17870,40
left_turning,17900,17870,17900,30
sniffing,17901,17900,17901,1
rising,18048,17901,18048,147
sniffing,18100,18048,18100,52
left_turning,18106,18100,18106,6
stepping,18116,18106,18116,10
sniffing,18146,18116,18146,30
climbing,18196,18146,18196,50
sniffing,18258,18196,18258,62
grooming,18350,18258,18350,92
walking,18371,18350,18371,21
rising,18372,18371,18372,1
sniffing,18422,18372,18422,50
rising,18460,18422,18460,38
climbing,18583,18460,18583,123
stepping,18603,18583,18603,20
walking,18620,18603,18620,17
sniffing,18714,18620,18714,94
right_turning,18732,18714,18732,18
running,18745,18732,18745,13
rising,18746,18745,18746,1
sniffing,18747,18746,18747,1
right_turning,18750,18747,18750,3
walking,18751,18750,18751,1
sniffing,18787,18751,18787,36
left_turning,18866,18787,18866,79
sniffing,18876,18866,18876,10
climbing,18927,18876,18927,51
trotting,18964,18927,18964,37
walking,19000,18964,19000,36
sniffing,19099,19000,19099,99
walking,19181,19099,19181,82
climbing,19182,19181,19182,1
walking,19190,19182,19190,8
left_turning,19229,19190,19229,39
trotting,19230,19229,19230,1
climbing,19274,19230,19274,44
walking,19321,19274,19321,47
climbing,19325,19321,19325,4
rearing,19341,19325,19341,16
walking,19387,19341,19387,46
sniffing,19439,19387,19439,52
right_turning,19440,19439,19440,1
sniffing,19680,19440,19680,240
walking,19720,19680,19720,40
climbing,19785,19720,19785,65
stepping,19901,19785,19901,116
sniffing,19905,19901,19905,4
climbing,19967,19905,19967,62
sniffing,19968,19967,19968,1
left_turning,19975,19968,19975,7
sniffing,19984,19975,19984,9
hunching,19985,19984,19985,1
climbing,20000,19985,20000,15
walking,20016,20000,20016,16
sniffing,20064,20016,20064,48
right_turning,20078,20064,20078,14
walking,20091,20078,20091,13
rising,20243,20091,20243,152
climbing,20346,20243,20346,103
rising,20347,20346,20347,1
climbing,20402,20347,20402,55
sniffing,20403,20402,20403,1
rising,20404,20403,20404,1
climbing,20418,20404,20418,14
rising,20419,20418,20419,1
sniffing,20420,20419,20420,1
walking,20586,20420,20586,166
sniffing,20711,20586,20711,125
walking,20745,20711,20745,34
sniffing,20800,20745,20800,55
rising,20818,20800,20818,18
climbing,20850,20818,20850,32
sniffing,20890,20850,20890,40
rising,20964,20890,20964,74
walking,20967,20964,20967,3
sniffing,20987,20967,20987,20
left_turning,20989,20987,20989,2
stepping,21000,20989,21000,11
rising,21053,21000,21053,53
climbing,21082,21053,21082,29
rearing,21126,21082,21126,44
climbing,21175,21126,21175,49
sniffing,21176,21175,21176,1
right_turning,21187,21176,21187,11
sniffing,21240,21187,21240,53
rising,21283,21240,21283,43
climbing,21318,21283,21318,35
rising,21346,21318,21346,28
climbing,21364,21346,21364,18
left_turning,21395,21364,21395,31
sniffing,21456,21395,21456,61
walking,21476,21456,21476,20
rising,21477,21476,21477,1
walking,21524,21477,21524,47
sniffing,21539,21524,21539,15
rising,21540,21539,21540,1
climbing,21652,21540,21652,112
rearing,21679,21652,21679,27
sniffing,21761,21679,21761,82
rising,21762,21761,21762,1
sniffing,21854,21762,21854,92
left_turning,21865,21854,21865,11
walking,21866,21865,21866,1
sniffing,21878,21866,21878,12
rising,21955,21878,21955,77
sniffing,22020,21955,22020,65
rising,22021,22020,22021,1
climbing,22058,22021,22058,37
sniffing,22101,22058,22101,43
left_turning,22146,22101,22146,45
sniffing,22151,22146,22151,5
trotting,22187,22151,22187,36
stepping,22200,22187,22200,13
left_turning,22214,22200,22214,14
sniffing,22215,22214,22215,1
rising,22216,22215,22216,1
right_turning,22243,22216,22243,27
trotting,22269,22243,22269,26
stepping,22294,22269,22294,25
sniffing,22307,22294,22307,13
walking,22332,22307,22332,25
left_turning,22349,22332,22349,17
walking,22392,22349,22392,43
sniffing,22393,22392,22393,1
walking,22433,22393,22433,40
trotting,22464,22433,22464,31
rising,22465,22464,22465,1
sniffing,22466,22465,22466,1
walking,22467,22466,22467,1
climbing,22576,22467,22576,109
walking,22604,22576,22604,28
trotting,22628,22604,22628,24
left_turning,22629,22628,22629,1
walking,22680,22629,22680,51
stepping,22725,22680,22725,45
sniffing,22758,22725,22758,33
climbing,22802,22758,22802,44
rising,22880,22802,22880,78
climbing,22896,22880,22896,16
trotting,22903,22896,22903,7
sniffing,22923,22903,22923,20
trotting,22948,22923,22948,25
sniffing,22964,22948,22964,16
right_turning,22987,22964,22987,23
climbing,23019,22987,23019,32
rising,23020,23019,23020,1
climbing,23035,23020,23035,15
grooming,23403,23035,23403,368
sniffing,23448,23403,23448,45
climbing,23487,23448,23487,39
sniffing,23488,23487,23488,1
rising,23489,23488,23489,1
climbing,23545,23489,23545,56
rising,23622,23545,23622,77
climbing,23623,23622,23623,1
rising,23653,23623,23653,30
climbing,23670,23653,23670,17
rising,23722,23670,23722,52
climbing,23743,23722,23743,21
walking,23817,23743,23817,74
grooming,24224,23817,24224,407
climbing,24258,24224,24258,34
sniffing,24315,24258,24315,57
walking,24326,24315,24326,11
stepping,24390,24326,24390,64
walking,24407,24390,24407,17
climbing,24453,24407,24453,46
trotting,24490,24453,24490,37
walking,24526,24490,24526,36
right_turning,24536,24526,24536,10
trotting,24564,24536,24564,28
left_turning,24565,24564,24565,1
sniffing,24657,24565,24657,92
rising,24666,24657,24666,9
climbing,24751,24666,24751,85
sniffing,24827,24751,24827,76
climbing,24877,24827,24877,50
rearing,25189,24877,25189,312
climbing,25282,25189,25282,93
rearing,25339,25282,25339,57
sniffing,25461,25339,25461,122
rising,25462,25461,25462,1
climbing,25480,25462,25480,18
walking,25504,25480,25504,24
climbing,25560,25504,25560,56
walking,25561,25560,25561,1
sniffing,25703,25561,25703,142
walking,25704,25703,25704,1
left_turning,25753,25704,25753,49
walking,25801,25753,25801,48
sniffing,25847,25801,25847,46
walking,25848,25847,25848,1
left_turning,25899,25848,25899,51
trotting,25933,25899,25933,34
sniffing,25950,25933,25950,17
walking,25994,25950,25994,44
sniffing,26040,25994,26040,46
walking,26067,26040,26067,27
sniffing,26068,26067,26068,1
walking,26075,26068,26075,7
rearing,26076,26075,26076,1
sniffing,26141,26076,26141,65
left_turning,26142,26141,26142,1
trotting,26161,26142,26161,19
walking,26175,26161,26175,14
sniffing,26219,26175,26219,44
climbing,26260,26219,26260,41
sniffing,26261,26260,26261,1
left_turning,26305,26261,26305,44
walking,26355,26305,26355,50
rearing,26399,26355,26399,44
rising,26439,26399,26439,40
climbing,26440,26439,26440,1
right_turning,26455,26440,26455,15
walking,26482,26455,26482,27
jumping,26483,26482,26483,1
right_turning,26484,26483,26484,1
running,26485,26484,26485,1
sniffing,26526,26485,26526,41
climbing,26550,26526,26550,24
sniffing,26640,26550,26640,90
rising,26710,26640,26710,70
sniffing,26858,26710,26858,148
walking,26872,26858,26872,14
rising,26935,26872,26935,63
climbing,26948,26935,26948,13
sniffing,26949,26948,26949,1
climbing,26975,26949,26975,26
rising,26983,26975,26983,8
left_turning,27007,26983,27007,24
sniffing,27040,27007,27040,33
right_turning,27068,27040,27068,28
trotting,27069,27068,27069,1
left_turning,27119,27069,27119,50
running,27130,27119,27130,11
trotting,27165,27130,27165,35
rising,27524,27165,27524,359
climbing,27542,27524,27542,18
running,27571,27542,27571,29
walking,27573,27571,27573,2
sniffing,27641,27573,27641,68
left_turning,27669,27641,27669,28
stepping,27709,27669,27709,40
grooming,27710,27709,27710,1
rearing,27783,27710,27783,73
climbing,27832,27783,27832,49
walking,27833,27832,27833,1
left_turning,27900,27833,27900,67
sniffing,27925,27900,27925,25
rising,27952,27925,27952,27
right_turning,27953,27952,27953,1
climbing,28004,27953,28004,51
walking,28024,28004,28024,20
rising,28097,28024,28097,73
sniffing,28183,28097,28183,86
climbing,28231,28183,28231,48
rising,28232,28231,28232,1
rearing,28342,28232,28342,110
grooming,28351,28342,28351,9
walking,28372,28351,28372,21
rearing,28373,28372,28373,1
left_turning,28386,28373,28386,13
trotting,28423,28386,28423,37
left_turning,28472,28423,28472,49
walking,28531,28472,28531,59
sniffing,28547,28531,28547,16
walking,28550,28547,28550,3
trotting,28573,28550,28573,23
rising,28619,28573,28619,46
sniffing,28620,28619,28620,1
left_turning,28653,28620,28653,33
walking,28711,28653,28711,58
left_turning,28761,28711,28761,50
sniffing,28830,28761,28830,69
climbing,28893,28830,28893,63
sniffing,28918,28893,28918,25
rising,28935,28918,28935,17
walking,28955,28935,28955,20
rising,28969,28955,28969,14
sniffing,28970,28969,28970,1
climbing,28984,28970,28984,14
walking,29021,28984,29021,37
jumping,29062,29021,29062,41
sniffing,29063,29062,29063,1
walking,29091,29063,29091,28
sniffing,29115,29091,29115,24
rising,29116,29115,29116,1
walking,29130,29116,29130,14
left_turning,29133,29130,29133,3
sniffing,29190,29133,29190,57
walking,29220,29190,29220,30
trotting,29245,29220,29245,25
walking,29289,29245,29289,44
trotting,29309,29289,29309,20
walking,29310,29309,29310,1
rising,29350,29310,29350,40
climbing,29351,29350,29351,1
rising,29377,29351,29377,26
climbing,29477,29377,29477,100
right_turning,29512,29477,29512,35
trotting,29529,29512,29529,17
walking,29551,29529,29551,22
sniffing,29557,29551,29557,6
climbing,29608,29557,29608,51
sniffing,29683,29608,29683,75
left_turning,29684,29683,29684,1
trotting,29703,29684,29703,19
walking,29710,29703,29710,7
sniffing,29711,29710,29711,1
climbing,29724,29711,29724,13
rising,29747,29724,29747,23
climbing,29777,29747,29777,30
walking,29822,29777,29822,45
sniffing,29868,29822,29868,46
walking,29935,29868,29935,67
climbing,30017,29935,30017,82
left_turning,30068,30017,30068,51
running,30099,30068,30099,31
walking,30121,30099,30121,22
stepping,30136,30121,30136,15
rearing,30137,30136,30137,1
climbing,30161,30137,30161,24
sniffing,30250,30161,30250,89
left_turning,30251,30250,30251,1
sniffing,30333,30251,30333,82
rising,30359,30333,30359,26
climbing,30406,30359,30406,47
right_turning,30407,30406,30407,1
walking,30442,30407,30442,35
rising,30494,30442,30494,52
climbing,30574,30494,30574,80
walking,30575,30574,30575,1
sniffing,30592,30575,30592,17
walking,30616,30592,30616,24
left_turning,30617,30616,30617,1
walking,30621,30617,30621,4
sniffing,30687,30621,30687,66
walking,30690,30687,30690,3
sniffing,30741,30690,30741,51
left_turning,30742,30741,30742,1
trotting,30779,30742,30779,37
sniffing,30873,30779,30873,94
rearing,30922,30873,30922,49
sniffing,31008,30922,31008,86
left_turning,31053,31008,31053,45
sniffing,31127,31053,31127,74
rising,31144,31127,31144,17
jumping,31221,31144,31221,77
hunching,31253,31221,31253,32
right_turning,31275,31253,31275,22
walking,31303,31275,31303,28
sniffing,31393,31303,31393,90
climbing,31484,31393,31484,91
sniffing,31525,31484,31525,41
trotting,31527,31525,31527,2
walking,31528,31527,31528,1
sniffing,31529,31528,31529,1
grooming,32330,31529,32330,801
left_turning,32333,32330,32333,3
sniffing,32334,32333,32334,1
stepping,32382,32334,32382,48
rising,32383,32382,32383,1
sniffing,32384,32383,32384,1
walking,32387,32384,32387,3
climbing,32463,32387,32463,76
left_turning,32550,32463,32550,87
trotting,32592,32550,32592,42
rising,32593,32592,32593,1
climbing,32616,32593,32616,23
walking,32617,32616,32617,1
climbing,32651,32617,32651,34
hunching,32791,32651,32791,140
left_turning,32795,32791,32795,4
walking,32830,32795,32830,35
sniffing,32915,32830,32915,85
climbing,32974,32915,32974,59
sniffing,33004,32974,33004,30
stepping,33020,33004,33020,16
climbing,33092,33020,33092,72
hunching,33138,33092,33138,46
sniffing,33209,33138,33209,71
walking,33215,33209,33215,6
climbing,33272,33215,33272,57
sniffing,33293,33272,33293,21
climbing,33296,33293,33296,3
walking,33310,33296,33310,14
sniffing,33371,33310,33371,61
right_turning,33372,33371,33372,1
trotting,33373,33372,33373,1
walking,33375,33373,33375,2
rising,33404,33375,33404,29
walking,33419,33404,33419,15
sniffing,33451,33419,33451,32
walking,33465,33451,33465,14
rising,33549,33465,33549,84
right_turning,33556,33549,33556,7
left_turning,33568,33556,33568,12
walking,33616,33568,33616,48
sniffing,33636,33616,33636,20
rising,33647,33636,33647,11
right_turning,33667,33647,33667,20
sniffing,33834,33667,33834,167
stepping,33841,33834,33841,7
left_turning,33900,33841,33900,59
trotting,33905,33900,33905,5
walking,33937,33905,33937,32
sniffing,34002,33937,34002,65
running,34028,34002,34028,26
walking,34110,34028,34110,82
sniffing,34175,34110,34175,65
walking,34210,34175,34210,35
rising,34243,34210,34243,33
climbing,34298,34243,34298,55
running,34323,34298,34323,25
walking,34326,34323,34326,3
sniffing,34413,34326,34413,87
walking,34437,34413,34437,24
climbing,34502,34437,34502,65
rising,34503,34502,34503,1
sniffing,34528,34503,34528,25
rising,34557,34528,34557,29
rearing,34618,34557,34618,61
trotting,34629,34618,34629,11
walking,34661,34629,34661,32
rearing,34662,34661,34662,1
sniffing,34690,34662,34690,28
rising,34735,34690,34735,45
left_turning,34776,34735,34776,41
walking,34810,34776,34810,34
rising,34866,34810,34866,56
climbing,34894,34866,34894,28
rising,34936,34894,34936,42
sniffing,34951,34936,34951,15
rising,34960,34951,34960,9
climbing,34993,34960,34993,33
sniffing,35023,34993,35023,30
rearing,35049,35023,35049,26
right_turning,35068,35049,35068,19
climbing,35199,35068,35199,131
walking,35224,35199,35224,25
rising,35389,35224,35389,165
sniffing,35396,35389,35396,7
climbing,35458,35396,35458,62
trotting,35466,35458,35466,8
hunching,35517,35466,35517,51
sniffing,35528,35517,35528,11
climbing,35594,35528,35594,66
rising,35647,35594,35647,53
climbing,35739,35647,35739,92
rising,35773,35739,35773,34
walking,35787,35773,35787,14
climbing,35840,35787,35840,53
grooming,35841,35840,35841,1
rearing,35842,35841,35842,1
grooming,36463,35842,36463,621
right_turning,36484,36463,36484,21
trotting,36531,36484,36531,47
walking,36578,36531,36578,47
sniffing,36641,36578,36641,63
rising,36653,36641,36653,12
hunching,36654,36653,36654,1
grooming,36908,36654,36908,254
climbing,36948,36908,36948,40
sniffing,36949,36948,36949,1
grooming,37107,36949,37107,158
sniffing,37123,37107,37123,16
hunching,37178,37123,37178,55
sniffing,37189,37178,37189,11
walking,37201,37189,37201,12
climbing,37213,37201,37213,12
right_turning,37218,37213,37218,5
left_turning,37219,37218,37219,1
rearing,37306,37219,37306,87
rising,37307,37306,37307,1
walking,37315,37307,37315,8
trotting,37351,37315,37351,36
right_turning,37372,37351,37372,21
running,37386,37372,37386,14
walking,37399,37386,37399,13
climbing,37421,37399,37421,22
rearing,37596,37421,37596,175
climbing,37617,37596,37617,21
hunching,37717,37617,37717,100
grooming,37804,37717,37804,87
rearing,37805,37804,37805,1
right_turning,37806,37805,37806,1
sniffing,37876,37806,37876,70
rising,37883,37876,37883,7
sniffing,37895,37883,37895,12
right_turning,37937,37895,37937,42
sniffing,37967,37937,37967,30
rearing,38061,37967,38061,94
rising,38062,38061,38062,1
climbing,38063,38062,38063,1
hunching,38132,38063,38132,69
walking,38165,38132,38165,33
sniffing,38212,38165,38212,47
walking,38230,38212,38230,18
left_turning,38275,38230,38275,45
rising,38347,38275,38347,72
walking,38388,38347,38388,41
stepping,38408,38388,38408,20
sniffing,38436,38408,38436,28
rising,38462,38436,38462,26
climbing,38463,38462,38463,1
hunching,38488,38463,38488,25
rising,38568,38488,38568,80
sniffing,38569,38568,38569,1
left_turning,38608,38569,38608,39
rising,38650,38608,38650,42
sniffing,38784,38650,38784,134
climbing,38819,38784,38819,35
trotting,38849,38819,38849,30
jumping,38850,38849,38850,1
rising,38920,38850,38920,70
trotting,38940,38920,38940,20
stepping,38951,38940,38951,11
trotting,38959,38951,38959,8
sniffing,39048,38959,39048,89
left_turning,39092,39048,39092,44
walking,39104,39092,39104,12
sniffing,39143,39104,39143,39
trotting,39183,39143,39183,40
rising,39226,39183,39226,43
sniffing,39303,39226,39303,77
rising,39316,39303,39316,13
rearing,39317,39316,39317,1
sniffing,39336,39317,39336,19
hunching,39365,39336,39365,29
walking,39412,39365,39412,47
sniffing,39434,39412,39434,22
rising,39436,39434,39436,2
climbing,39483,39436,39483,47
sniffing,39484,39483,39484,1
walking,39530,39484,39530,46
sniffing,39531,39530,39531,1
walking,39532,39531,39532,1
climbing,39622,39532,39622,90
walking,39632,39622,39632,10
rising,39660,39632,39660,28
grooming,39763,39660,39763,103
rising,39772,39763,39772,9
rearing,39773,39772,39773,1
climbing,39819,39773,39819,46
rearing,39894,39819,39894,75
sniffing,39895,39894,39895,1
rising,39914,39895,39914,19
sniffing,39974,39914,39974,60
running,39997,39974,39997,23
walking,40047,39997,40047,50
stepping,40062,40047,40062,15
climbing,40136,40062,40136,74
rising,40179,40136,40179,43
stepping,40229,40179,40229,50
sniffing,40287,40229,40287,58
grooming,40288,40287,40288,1
sniffing,40311,40288,40311,23
walking,40350,40311,40350,39
sniffing,40353,40350,40353,3
climbing,40429,40353,40429,76
rising,40447,40429,40447,18
left_turning,40466,40447,40466,19
sniffing,40467,40466,40467,1
rising,40475,40467,40475,8
climbing,40533,40475,40533,58
hunching,40534,40533,40534,1
grooming,40672,40534,40672,138
left_turning,40675,40672,40675,3
sniffing,40676,40675,40676,1
rising,40677,40676,40677,1
sniffing,40683,40677,40683,6
trotting,40704,40683,40704,21
left_turning,40741,40704,40741,37
climbing,40750,40741,40750,9
right_turning,40782,40750,40782,32
sniffing,40851,40782,40851,69
rising,40852,40851,40852,1
sniffing,40853,40852,40853,1
left_turning,40854,40853,40854,1
rising,40912,40854,40912,58
rearing,41070,40912,41070,158
walking,41090,41070,41090,20
rearing,41165,41090,41165,75
trotting,41188,41165,41188,23
walking,41227,41188,41227,39
climbing,41284,41227,41284,57
walking,41320,41284,41320,36
stepping,41335,41320,41335,15
sniffing,41404,41335,41404,69
walking,41416,41404,41416,12
climbing,41448,41416,41448,32
walking,41484,41448,41484,36
climbing,41538,41484,41538,54
rising,41555,41538,41555,17
sniffing,41564,41555,41564,9
climbing,41612,41564,41612,48
trotting,41650,41612,41650,38
walking,41709,41650,41709,59
running,41757,41709,41757,48
stepping,41781,41757,41781,24
walking,41852,41781,41852,71
left_turning,41895,41852,41895,43
trotting,41916,41895,41916,21
walking,41948,41916,41948,32
sniffing,42023,41948,42023,75
walking,42059,42023,42059,36
sniffing,42132,42059,42132,73
right_turning,42146,42132,42146,14
walking,42195,42146,42195,49
climbing,42220,42195,42220,25
rising,42242,42220,42242,22
rearing,42270,42242,42270,28
grooming,42271,42270,42271,1
rearing,42272,42271,42272,1
climbing,42302,42272,42302,30
walking,42303,42302,42303,1
sniffing,42341,42303,42341,38
left_turning,42405,42341,42405,64
rising,42456,42405,42456,51
climbing,42498,42456,42498,42
walking,42546,42498,42546,48
sniffing,42597,42546,42597,51
rearing,42635,42597,42635,38
walking,42636,42635,42636,1
rising,42637,42636,42637,1
climbing,42694,42637,42694,57
right_turning,42734,42694,42734,40
walking,42735,42734,42735,1
rising,42777,42735,42777,42
left_turning,42816,42777,42816,39
walking,42834,42816,42834,18
left_turning,42880,42834,42880,46
sniffing,43000,42880,43000,120
climbing,43104,43000,43104,104
grooming,43105,43104,43105,1
hunching,43125,43105,43125,20
sniffing,43202,43125,43202,77
rising,43243,43202,43243,41
climbing,43286,43243,43286,43
walking,43312,43286,43312,26
sniffing,43387,43312,43387,75
rising,43453,43387,43453,66
left_turning,43454,43453,43454,1
trotting,43455,43454,43455,1
sniffing,43517,43455,43517,62
climbing,43531,43517,43531,14
sniffing,43562,43531,43562,31
walking,43563,43562,43563,1
trotting,43601,43563,43601,38
rising,43636,43601,43636,35
trotting,43652,43636,43652,16
sniffing,43674,43652,43674,22
rising,43693,43674,43693,19
sniffing,43748,43693,43748,55
rising,43790,43748,43790,42
sniffing,43856,43790,43856,66
climbing,43864,43856,43864,8
right_turning,43871,43864,43871,7
trotting,43931,43871,43931,60
walking,43972,43931,43972,41
trotting,43978,43972,43978,6
sniffing,44017,43978,44017,39
grooming,44382,44017,44382,365
rearing,44383,44382,44383,1
walking,44398,44383,44398,15
sniffing,44449,44398,44449,51
rising,44476,44449,44476,27
walking,44514,44476,44514,38
sniffing,44594,44514,44594,80
left_turning,44689,44594,44689,95
walking,44702,44689,44702,13
rising,44703,44702,44703,1
right_turning,44716,44703,44716,13
walking,44743,44716,44743,27
rearing,44747,44743,44747,4
trotting,44763,44747,44763,16
sniffing,44824,44763,44824,61
stepping,44862,44824,44862,38
climbing,44899,44862,44899,37
right_turning,44940,44899,44940,41
climbing,45017,44940,45017,77
walking,45018,45017,45018,1
sniffing,45033,45018,45033,15
left_turning,45060,45033,45060,27
walking,45127,45060,45127,67
sniffing,45128,45127,45128,1
grooming,45560,45128,45560,432
rearing,45561,45560,45561,1
left_turning,45574,45561,45574,13
sniffing,45576,45574,45576,2
left_turning,45617,45576,45617,41
walking,45625,45617,45625,8
sniffing,45670,45625,45670,45
rising,45671,45670,45671,1
hunching,45724,45671,45724,53
sniffing,45926,45724,45926,202
left_turning,45960,45926,45960,34
trotting,46009,45960,46009,49
walking,46061,46009,46061,52
sniffing,46062,46061,46062,1
right_turning,46063,46062,46063,1
sniffing,46095,46063,46095,32
trotting,46135,46095,46135,40
sniffing,46190,46135,46190,55
trotting,46202,46190,46202,12
stepping,46332,46202,46332,130
left_turning,46388,46332,46388,56
grooming,46723,46388,46723,335
rising,46740,46723,46740,17
climbing,46790,46740,46790,50
sniffing,46852,46790,46852,62
left_turning,46916,46852,46916,64
walking,46965,46916,46965,49
rising,46966,46965,46966,1
climbing,47046,46966,47046,80
rising,47088,47046,47088,42
sniffing,47153,47088,47153,65
walking,47187,47153,47187,34
sniffing,47254,47187,47254,67
rising,47260,47254,47260,6
sniffing,47385,47260,47385,125
hunching,47386,47385,47386,1
sniffing,47433,47386,47433,47
right_turning,47443,47433,47443,10
walking,47468,47443,47468,25
sniffing,47472,47468,47472,4
climbing,47512,47472,47512,40
hunching,47549,47512,47549,37
rising,47598,47549,47598,49
climbing,47648,47598,47648,50
rearing,47663,47648,47663,15
left_turning,47664,47663,47664,1
walking,47716,47664,47716,52
left_turning,47744,47716,47744,28
stepping,47756,47744,47756,12
walking,47757,47756,47757,1
rising,47827,47757,47827,70
sniffing,47979,47827,47979,152
walking,47999,47979,47999,20
sniffing,48041,47999,48041,42
left_turning,48131,48041,48131,90
trotting,48195,48131,48195,64
walking,48217,48195,48217,22
rising,48218,48217,48218,1
rearing,48229,48218,48229,11
sniffing,48265,48229,48265,36
left_turning,48266,48265,48266,1
walking,48267,48266,48267,1
rising,48332,48267,48332,65
sniffing,48409,48332,48409,77
right_turning,48424,48409,48424,15
walking,48434,48424,48434,10
sniffing,48504,48434,48504,70
rising,48505,48504,48505,1
climbing,48513,48505,48513,8
sniffing,48560,48513,48560,47
walking,48566,48560,48566,6
sniffing,48572,48566,48572,6
left_turning,48591,48572,48591,19
walking,48653,48591,48653,62
climbing,48718,48653,48718,65
hunching,48790,48718,48790,72
sniffing,48907,48790,48907,117
right_turning,48927,48907,48927,20
climbing,48948,48927,48948,21
rearing,49017,48948,49017,69
climbing,49029,49017,49029,12
rising,49035,49029,49035,6
walking,49076,49035,49076,41
rising,49077,49076,49077,1
sniffing,49146,49077,49146,69
left_turning,49176,49146,49176,30
walking,49201,49176,49201,25
sniffing,49255,49201,49255,54
rearing,49256,49255,49256,1
rising,49263,49256,49263,7
sniffing,49279,49263,49279,16
rising,49316,49279,49316,37
climbing,49346,49316,49346,30
sniffing,49347,49346,49347,1
right_turning,49348,49347,49348,1
walking,49370,49348,49370,22
rising,49396,49370,49396,26
sniffing,49409,49396,49409,13
climbing,49446,49409,49446,37
sniffing,49501,49446,49501,55
climbing,49549,49501,49549,48
grooming,49550,49549,49550,1
left_turning,49591,49550,49591,41
walking,49610,49591,49610,19
sniffing,49663,49610,49663,53
rising,49664,49663,49664,1
climbing,49704,49664,49704,40
walking,49721,49704,49721,17
left_turning,49749,49721,49749,28
walking,49773,49749,49773,24
sniffing,49828,49773,49828,55
left_turning,49829,49828,49829,1
stepping,49847,49829,49847,18
walking,49893,49847,49893,46
running,49944,49893,49944,51
sniffing,50018,49944,50018,74
walking,50028,50018,50028,10
rising,50041,50028,50041,13
right_turning,50071,50041,50071,30
trotting,50117,50071,50117,46
walking,50137,50117,50137,20
sniffing,50218,50137,50218,81
rising,50264,50218,50264,46
climbing,50349,50264,50349,85
hunching,50350,50349,50350,1
sniffing,50351,50350,50351,1
trotting,50376,50351,50376,25
sniffing,50435,50376,50435,59
right_turning,50477,50435,50477,42
walking,50527,50477,50527,50
climbing,50561,50527,50561,34
rising,50579,50561,50579,18
rearing,50610,50579,50610,31
climbing,50611,50610,50611,1
sniffing,50657,50611,50657,46
walking,50679,50657,50679,22
right_turning,50698,50679,50698,19
stepping,50711,50698,50711,13
climbing,50784,50711,50784,73
sniffing,50808,50784,50808,24
walking,50816,50808,50816,8
sniffing,50837,50816,50837,21
trotting,50891,50837,50891,54
rearing,50981,50891,50981,90
grooming,51184,50981,51184,203
climbing,51240,51184,51240,56
rearing,51241,51240,51241,1
sniffing,51291,51241,51291,50
climbing,51317,51291,51317,26
walking,51384,51317,51384,67
sniffing,51385,51384,51385,1
trotting,51416,51385,51416,31
sniffing,51444,51416,51444,28
rearing,51445,51444,51445,1
climbing,51489,51445,51489,44
sniffing,51540,51489,51540,51
right_turning,51552,51540,51552,12
sniffing,51568,51552,51568,16
left_turning,51581,51568,51581,13
walking,51592,51581,51592,11
climbing,51625,51592,51625,33
sniffing,51707,51625,51707,82
rising,51727,51707,51727,20
rearing,51745,51727,51745,18
climbing,51765,51745,51765,20
sniffing,51809,51765,51809,44
grooming,52000,51809,52000,191
rearing,52001,52000,52001,1
climbing,52111,52001,52111,110
sniffing,52205,52111,52205,94
left_turning,52266,52205,52266,61
walking,52277,52266,52277,11
left_turning,52332,52277,52332,55
walking,52370,52332,52370,38
hunching,52371,52370,52371,1
stepping,52418,52371,52418,47
running,52453,52418,52453,35
stepping,52454,52453,52454,1
walking,52467,52454,52467,13
rising,52468,52467,52468,1
sniffing,52510,52468,52510,42
right_turning,52524,52510,52524,14
sniffing,52631,52524,52631,107
rising,52704,52631,52704,73
climbing,52740,52704,52740,36
sniffing,52787,52740,52787,47
walking,52813,52787,52813,26
rising,52912,52813,52912,99
climbing,52972,52912,52972,60
trotting,53020,52972,53020,48
stepping,53042,53020,53042,22
left_turning,53075,53042,53075,33
walking,53179,53075,53179,104
sniffing,53195,53179,53195,16
rising,53196,53195,53196,1
rearing,53197,53196,53197,1
rising,53254,53197,53254,57
climbing,53283,53254,53283,29
rising,53286,53283,53286,3
walking,53287,53286,53287,1
sniffing,53299,53287,53299,12
stepping,53372,53299,53372,73
sniffing,53418,53372,53418,46
right_turning,53442,53418,53442,24
running,53443,53442,53443,1
sniffing,53458,53443,53458,15
rearing,53485,53458,53485,27
sniffing,53572,53485,53572,87
walking,53593,53572,53593,21
sniffing,53594,53593,53594,1
left_turning,53627,53594,53627,33
sniffing,53714,53627,53714,87
hunching,53820,53714,53820,106
grooming,54051,53820,54051,231
climbing,54060,54051,54060,9
right_turning,54066,54060,54066,6
walking,54104,54066,54104,38
sniffing,54105,54104,54105,1
left_turning,54106,54105,54106,1
trotting,54145,54106,54145,39
walking,54208,54145,54208,63
left_turning,54266,54208,54266,58
sniffing,54452,54266,54452,186
walking,54492,54452,54492,40
sniffing,54608,54492,54608,116
left_turning,54614,54608,54614,6
sniffing,54652,54614,54652,38
running,54662,54652,54662,10
rising,54785,54662,54785,123
jumping,54848,54785,54848,63
sniffing,54893,54848,54893,45
stepping,54894,54893,54894,1
walking,54922,54894,54922,28
rising,54951,54922,54951,29
hunching,54976,54951,54976,25
rising,54977,54976,54977,1
hunching,54989,54977,54989,12
right_turning,55031,54989,55031,42
trotting,55047,55031,55047,16
sniffing,55157,55047,55157,110
trotting,55181,55157,55181,24
walking,55212,55181,55212,31
sniffing,55213,55212,55213,1
rising,55349,55213,55349,136
sniffing,55361,55349,55361,12
climbing,55387,55361,55387,26
sniffing,55391,55387,55391,4
walking,55406,55391,55406,15
sniffing,55603,55406,55603,197
right_turning,55614,55603,55614,11
trotting,55643,55614,55643,29
right_turning,55668,55643,55668,25
left_turning,55669,55668,55669,1
sniffing,55830,55669,55830,161
rising,55831,55830,55831,1
rearing,55916,55831,55916,85
climbing,55926,55916,55926,10
right_turning,55927,55926,55927,1
stepping,55955,55927,55955,28
left_turning,55973,55955,55973,18
rising,56008,55973,56008,35
climbing,56057,56008,56057,49
trotting,56080,56057,56080,23
walking,56119,56080,56119,39
trotting,56173,56119,56173,54
sniffing,56237,56173,56237,64
trotting,56238,56237,56238,1
walking,56259,56238,56259,21
rising,56423,56259,56423,164
sniffing,56424,56423,56424,1
walking,56498,56424,56498,74
rising,56575,56498,56575,77
hunching,56688,56575,56688,113
sniffing,56737,56688,56737,49
rising,56738,56737,56738,1
climbing,56746,56738,56746,8
right_turning,56789,56746,56789,43
walking,56866,56789,56866,77
sniffing,56893,56866,56893,27
stepping,56958,56893,56958,65
trotting,57002,56958,57002,44
sniffing,57047,57002,57047,45
right_turning,57057,57047,57057,10
trotting,57091,57057,57091,34
sniffing,57154,57091,57154,63
climbing,57185,57154,57185,31
hunching,57186,57185,57186,1
sniffing,57225,57186,57225,39
walking,57252,57225,57252,27
left_turning,57258,57252,57258,6
walking,57279,57258,57279,21
trotting,57314,57279,57314,35
sniffing,57348,57314,57348,34
rising,57416,57348,57416,68
sniffing,57495,57416,57495,79
walking,57546,57495,57546,51
climbing,57598,57546,57598,52
rising,57653,57598,57653,55
sniffing,57779,57653,57779,126
left_turning,57807,57779,57807,28
walking,57858,57807,57858,51
rearing,57944,57858,57944,86
hunching,58001,57944,58001,57
climbing,58076,58001,58076,75
trotting,58101,58076,58101,25
running,58126,58101,58126,25
trotting,58130,58126,58130,4
sniffing,58140,58130,58140,10
right_turning,58194,58140,58194,54
trotting,58235,58194,58235,41
sniffing,58283,58235,58283,48
walking,58284,58283,58284,1
trotting,58292,58284,58292,8
stepping,58327,58292,58327,35
rising,58393,58327,58393,66
right_turning,58410,58393,58410,17
stepping,58463,58410,58463,53
sniffing,58543,58463,58543,80
stepping,58569,58543,58569,26
rising,58573,58569,58573,4
right_turning,58607,58573,58607,34
walking,58614,58607,58614,7
sniffing,58627,58614,58627,13
walking,58644,58627,58644,17
trotting,58667,58644,58667,23
sniffing,58723,58667,58723,56
walking,58766,58723,58766,43
sniffing,58781,58766,58781,15
rising,58826,58781,58826,45
sniffing,58926,58826,58926,100
left_turning,58987,58926,58987,61
trotting,59019,58987,59019,32
sniffing,59020,59019,59020,1
rising,59037,59020,59037,17
rearing,59150,59037,59150,113
climbing,59204,59150,59204,54
sniffing,59211,59204,59211,7
walking,59212,59211,59212,1
sniffing,59228,59212,59228,16
left_turning,59272,59228,59272,44
walking,59289,59272,59289,17
sniffing,59333,59289,59333,44
walking,59367,59333,59367,34
climbing,59414,59367,59414,47
rearing,59451,59414,59451,37
rising,59454,59451,59454,3
climbing,59495,59454,59495,41
hunching,59496,59495,59496,1
sniffing,59515,59496,59515,19
walking,59570,59515,59570,55
stepping,59592,59570,59592,22
sniffing,59593,59592,59593,1
walking,59643,59593,59643,50
climbing,59710,59643,59710,67
trotting,59752,59710,59752,42
walking,59780,59752,59780,28
sniffing,59918,59780,59918,138
left_turning,60000,59918,60000,82
sniffing,60010,60000,60010,10
rearing,60060,60010,60060,50
rising,60061,60060,60061,1
sniffing,60090,60061,60090,29
rising,60108,60090,60108,18
climbing,60171,60108,60171,63
right_turning,60182,60171,60182,11
stepping,60183,60182,60183,1
rising,60217,60183,60217,34
stepping,60218,60217,60218,1
rearing,60219,60218,60219,1
sniffing,60278,60219,60278,59
walking,60312,60278,60312,34
rearing,60388,60312,60388,76
hunching,60446,60388,60446,58
right_turning,60447,60446,60447,1
rising,60475,60447,60475,28
climbing,60533,60475,60533,58
rising,60545,60533,60545,12
running,60563,60545,60563,18
walking,60655,60563,60655,92
sniffing,60697,60655,60697,42
rising,60714,60697,60714,17
left_turning,60760,60714,60760,46
sniffing,60820,60760,60820,60
rising,60914,60820,60914,94
climbing,60951,60914,60951,37
sniffing,60952,60951,60952,1
rising,61061,60952,61061,109
right_turning,61079,61061,61079,18
hunching,61206,61079,61206,127
rearing,61207,61206,61207,1
sniffing,61325,61207,61325,118
climbing,61328,61325,61328,3
left_turning,61329,61328,61329,1
rising,61377,61329,61377,48
walking,61382,61377,61382,5
sniffing,61476,61382,61476,94
stepping,61513,61476,61513,37
walking,61544,61513,61544,31
sniffing,61545,61544,61545,1
running,61572,61545,61572,27
stepping,61607,61572,61607,35
walking,61616,61607,61616,9
left_turning,61634,61616,61634,18
sniffing,61679,61634,61679,45
left_turning,61722,61679,61722,43
walking,61724,61722,61724,2
rearing,61771,61724,61771,47
rising,61801,61771,61801,30
walking,61833,61801,61833,32
sniffing,61842,61833,61842,9
hunching,61853,61842,61853,11
rearing,61878,61853,61878,25
sniffing,61889,61878,61889,11
right_turning,61903,61889,61903,14
walking,61918,61903,61918,15
sniffing,61919,61918,61919,1
rising,61965,61919,61965,46
sniffing,61966,61965,61966,1
walking,62028,61966,62028,62
rising,62101,62028,62101,73
sniffing,62119,62101,62119,18
walking,62150,62119,62150,31
sniffing,62216,62150,62216,66
walking,62246,62216,62246,30
sniffing,62289,62246,62289,43
climbing,62320,62289,62320,31
sniffing,62404,62320,62404,84
hunching,62442,62404,62442,38
grooming,62543,62442,62543,101
climbing,62612,62543,62612,69
rising,62613,62612,62613,1
sniffing,62628,62613,62628,15
climbing,62659,62628,62659,31
rising,62724,62659,62724,65
left_turning,62725,62724,62725,1
sniffing,62726,62725,62726,1
left_turning,62772,62726,62772,46
sniffing,62784,62772,62784,12
climbing,62838,62784,62838,54
rising,62862,62838,62862,24
climbing,62899,62862,62899,37
running,62932,62899,62932,33
sniffing,62944,62932,62944,12
stepping,62959,62944,62959,15
rising,62974,62959,62974,15
climbing,63044,62974,63044,70
rising,63205,63044,63205,161
sniffing,63206,63205,63206,1
rising,63319,63206,63319,113
climbing,63366,63319,63366,47
sniffing,63419,63366,63419,53
walking,63493,63419,63493,74
climbing,63509,63493,63509,16
rising,63514,63509,63514,5
left_turning,63515,63514,63515,1
rising,63538,63515,63538,23
rearing,63543,63538,63543,5
rising,63544,63543,63544,1
sniffing,63683,63544,63683,139
left_turning,63703,63683,63703,20
sniffing,63772,63703,63772,69
climbing,63826,63772,63826,54
sniffing,63910,63826,63910,84
climbing,64007,63910,64007,97
sniffing,64008,64007,64008,1
hunching,64125,64008,64125,117
sniffing,64137,64125,64137,12
rising,64152,64137,64152,15
sniffing,64207,64152,64207,55
stepping,64240,64207,64240,33
walking,64241,64240,64241,1
sniffing,64242,64241,64242,1
rearing,64261,64242,64261,19
climbing,64292,64261,64292,31
grooming,64293,64292,64293,1
rearing,64294,64293,64294,1
walking,64318,64294,64318,24
sniffing,64447,64318,64447,129
grooming,64635,64447,64635,188
hunching,64682,64635,64682,47
rearing,64692,64682,64692,10
climbing,64756,64692,64756,64
walking,64794,64756,64794,38
sniffing,64795,64794,64795,1
rising,64815,64795,64815,20
hunching,64902,64815,64902,87
climbing,64932,64902,64932,30
hunching,64964,64932,64964,32
climbing,65026,64964,65026,62
rising,65061,65026,65061,35
rearing,65190,65061,65190,129
sniffing,65312,65190,65312,122
rising,65379,65312,65379,67
sniffing,65436,65379,65436,57
grooming,65525,65436,65525,89
rearing,65594,65525,65594,69
climbing,65664,65594,65664,70
rearing,65709,65664,65709,45
grooming,66054,65709,66054,345
rearing,66064,66054,66064,10
sniffing,66074,66064,66074,10
climbing,66182,66074,66182,108
rearing,66400,66182,66400,218
grooming,66401,66400,66401,1
climbing,66418,66401,66418,17
rearing,66558,66418,66558,140
climbing,66569,66558,66569,11
grooming,66657,66569,66657,88
trotting,66686,66657,66686,29
stepping,66687,66686,66687,1
rising,66688,66687,66688,1
climbing,66737,66688,66737,49
left_turning,66797,66737,66797,60
sniffing,66843,66797,66843,46
grooming,66928,66843,66928,85
sniffing,66945,66928,66945,17
grooming,67433,66945,67433,488
running,67468,67433,67468,35
walking,67520,67468,67520,52
left_turning,67550,67520,67550,30
sniffing,67779,67550,67779,229
walking,67824,67779,67824,45
rising,67846,67824,67846,22
sniffing,67847,67846,67847,1
left_turning,67916,67847,67916,69
sniffing,67966,67916,67966,50
walking,67992,67966,67992,26
sniffing,68094,67992,68094,102
rearing,68164,68094,68164,70
sniffing,68205,68164,68205,41
rising,68206,68205,68206,1
sniffing,68219,68206,68219,13
right_turning,68220,68219,68220,1
climbing,68261,68220,68261,41
walking,68277,68261,68277,16
right_turning,68296,68277,68296,19
walking,68330,68296,68330,34
sniffing,68417,68330,68417,87
left_turning,68505,68417,68505,88
sniffing,68576,68505,68576,71
left_turning,68593,68576,68593,17
sniffing,68594,68593,68594,1
left_turning,68603,68594,68603,9
walking,68648,68603,68648,45
sniffing,68649,68648,68649,1
walking,68712,68649,68712,63
sniffing,68814,68712,68814,102
rearing,68815,68814,68815,1
climbing,68823,68815,68823,8
trotting,68857,68823,68857,34
climbing,68884,68857,68884,27
rising,68934,68884,68934,50
sniffing,68956,68934,68956,22
rearing,69035,68956,69035,79
sniffing,69067,69035,69067,32
rising,69095,69067,69095,28
climbing,69241,69095,69241,146
left_turning,69268,69241,69268,27
running,69289,69268,69289,21
sniffing,69325,69289,69325,36
rising,69326,69325,69326,1
climbing,69400,69326,69400,74
right_turning,69429,69400,69429,29
trotting,69448,69429,69448,19
stepping,69449,69448,69449,1
rising,69483,69449,69483,34
trotting,69503,69483,69503,20
walking,69566,69503,69566,63
rising,69644,69566,69644,78
walking,69657,69644,69657,13
left_turning,69658,69657,69658,1
sniffing,69737,69658,69737,79
rising,69894,69737,69894,157
climbing,69931,69894,69931,37
running,69934,69931,69934,3
climbing,69987,69934,69987,53
right_turning,70004,69987,70004,17
trotting,70005,70004,70005,1
walking,70024,70005,70024,19
rearing,70162,70024,70162,138
rising,70194,70162,70194,32
rearing,70329,70194,70329,135
left_turning,70364,70329,70364,35
sniffing,70434,70364,70434,70
left_turning,70485,70434,70485,51
rising,70491,70485,70491,6
right_turning,70533,70491,70533,42
running,70585,70533,70585,52
sniffing,70586,70585,70586,1
pausing,70735,70586,70735,149
sniffing,70799,70735,70799,64
climbing,70802,70799,70802,3
rearing,70863,70802,70863,61
hunching,70945,70863,70945,82
sniffing,71017,70945,71017,72
stepping,71018,71017,71018,1
walking,71035,71018,71035,17
sniffing,71111,71035,71111,76
stepping,71146,71111,71146,35
sniffing,71158,71146,71158,12
left_turning,71167,71158,71167,9
sniffing,71177,71167,71177,10
climbing,71178,71177,71178,1
rearing,71287,71178,71287,109
sniffing,71304,71287,71304,17
walking,71311,71304,71311,7
sniffing,71340,71311,71340,29
right_turning,71372,71340,71372,32
walking,71434,71372,71434,62
sniffing,71467,71434,71467,33
trotting,71497,71467,71497,30
right_turning,71527,71497,71527,30
sniffing,71634,71527,71634,107
pausing,71783,71634,71783,149
sniffing,71860,71783,71860,77
left_turning,71904,71860,71904,44
sniffing,71907,71904,71907,3
rising,71917,71907,71917,10
climbing,71973,71917,71973,56
rearing,72134,71973,72134,161
grooming,72135,72134,72135,1
sniffing,72200,72135,72200,65
left_turning,72255,72200,72255,55
sniffing,72496,72255,72496,241
rising,72604,72496,72604,108
sniffing,72657,72604,72657,53
walking,72686,72657,72686,29
climbing,72703,72686,72703,17
sniffing,72704,72703,72704,1
climbing,72732,72704,72732,28
rising,72733,72732,72733,1
climbing,72786,72733,72786,53
right_turning,72791,72786,72791,5
walking,72863,72791,72863,72
sniffing,72954,72863,72954,91
rising,72955,72954,72955,1
sniffing,72956,72955,72956,1
left_turning,72997,72956,72997,41
walking,73009,72997,73009,12
sniffing,73041,73009,73041,32
climbing,73135,73041,73135,94
rising,73171,73135,73171,36
climbing,73219,73171,73219,48
sniffing,73301,73219,73301,82
rising,73358,73301,73358,57
rearing,73376,73358,73376,18
sniffing,73457,73376,73457,81
stepping,73459,73457,73459,2
hunching,73460,73459,73460,1
rising,73522,73460,73522,62
climbing,73523,73522,73523,1
sniffing,73568,73523,73568,45
rearing,73697,73568,73697,129
grooming,73972,73697,73972,275
left_turning,74029,73972,74029,57
stepping,74031,74029,74031,2
sniffing,74109,74031,74109,78
pausing,74260,74109,74260,151
sniffing,74297,74260,74297,37
climbing,74325,74297,74325,28
hunching,74345,74325,74345,20
grooming,74359,74345,74359,14
rearing,74360,74359,74360,1
walking,74393,74360,74393,33
sniffing,74440,74393,74440,47
left_turning,74448,74440,74448,8
stepping,74499,74448,74499,51
rising,74510,74499,74510,11
sniffing,74567,74510,74567,57
rising,74590,74567,74590,23
sniffing,74665,74590,74665,75
left_turning,74673,74665,74673,8
walking,74751,74673,74751,78
stepping,74752,74751,74752,1
sniffing,74806,74752,74806,54
walking,74831,74806,74831,25
rising,74865,74831,74865,34
climbing,74866,74865,74866,1
rising,74892,74866,74892,26
sniffing,74933,74892,74933,41
running,74935,74933,74935,2
sniffing,75028,74935,75028,93
rising,75029,75028,75029,1
walking,75065,75029,75065,36
rising,75089,75065,75089,24
climbing,75096,75089,75096,7
rearing,75343,75096,75343,247
grooming,75656,75343,75656,313
rising,75667,75656,75667,11
sniffing,75672,75667,75672,5
rising,75730,75672,75730,58
sniffing,75757,75730,75757,27
right_turning,75765,75757,75765,8
climbing,75827,75765,75827,62
rearing,75831,75827,75831,4
climbing,75878,75831,75878,47
walking,75908,75878,75908,30
sniffing,75963,75908,75963,55
climbing,75999,75963,75999,36
walking,76026,75999,76026,27
sniffing,76041,76026,76041,15
climbing,76116,76041,76116,75
walking,76162,76116,76162,46
right_turning,76187,76162,76187,25
walking,76190,76187,76190,3
sniffing,76191,76190,76191,1
rearing,76258,76191,76258,67
sniffing,76323,76258,76323,65
walking,76329,76323,76329,6
sniffing,76378,76329,76378,49
right_turning,76412,76378,76412,34
walking,76415,76412,76415,3
sniffing,76416,76415,76416,1
rising,76466,76416,76466,50
sniffing,76523,76466,76523,57
rearing,76674,76523,76674,151
left_turning,76675,76674,76675,1
walking,76693,76675,76693,18
sniffing,76821,76693,76821,128
climbing,76837,76821,76837,16
rising,76877,76837,76877,40
sniffing,76878,76877,76878,1
rising,76923,76878,76923,45
walking,76960,76923,76960,37
sniffing,76994,76960,76994,34
rising,77038,76994,77038,44
climbing,77090,77038,77090,52
sniffing,77115,77090,77115,25
walking,77124,77115,77124,9
sniffing,77133,77124,77133,9
walking,77195,77133,77195,62
climbing,77232,77195,77232,37
rearing,77302,77232,77302,70
sniffing,77364,77302,77364,62
climbing,77389,77364,77389,25
rising,77390,77389,77390,1
right_turning,77428,77390,77428,38
rising,77467,77428,77467,39
climbing,77528,77467,77528,61
rising,77581,77528,77581,53
sniffing,77644,77581,77644,63
walking,77652,77644,77652,8
sniffing,77653,77652,77653,1
rearing,77721,77653,77721,68
rising,77735,77721,77735,14
climbing,77736,77735,77736,1
walking,77749,77736,77749,13
sniffing,77769,77749,77769,20
trotting,77770,77769,77770,1
left_turning,77792,77770,77792,22
stepping,77806,77792,77806,14
walking,77811,77806,77811,5
right_turning,77864,77811,77864,53
trotting,77874,77864,77874,10
sniffing,77964,77874,77964,90
stepping,78020,77964,78020,56
sniffing,78090,78020,78090,70
rising,78159,78090,78159,69
sniffing,78160,78159,78160,1
trotting,78203,78160,78203,43
sniffing,78207,78203,78207,4
rising,78233,78207,78233,26
sniffing,78286,78233,78286,53
rearing,78336,78286,78336,50
left_turning,78390,78336,78390,54
sniffing,78399,78390,78399,9
rising,78448,78399,78448,49
sniffing,78449,78448,78449,1
rearing,78500,78449,78500,51
climbing,78521,78500,78521,21
rising,78526,78521,78526,5
sniffing,78527,78526,78527,1
pausing,78677,78527,78677,150
left_turning,78814,78677,78814,137
walking,78815,78814,78815,1
sniffing,78898,78815,78898,83
climbing,78956,78898,78956,58
sniffing,78984,78956,78984,28
walking,79022,78984,79022,38
rising,79041,79022,79041,19
right_turning,79076,79041,79076,35
trotting,79078,79076,79078,2
walking,79173,79078,79173,95
rearing,79355,79173,79355,182
hunching,79378,79355,79378,23
rising,79420,79378,79420,42
climbing,79442,79420,79442,22
rising,79491,79442,79491,49
right_turning,79502,79491,79502,11
trotting,79528,79502,79528,26
sniffing,79552,79528,79552,24
climbing,79613,79552,79613,61
right_turning,79626,79613,79626,13
trotting,79637,79626,79637,11
left_turning,79652,79637,79652,15
sniffing,79653,79652,79653,1
grooming,79654,79653,79654,1
hunching,79758,79654,79758,104
rising,79759,79758,79759,1
sniffing,79765,79759,79765,6
climbing,79790,79765,79790,25
walking,79792,79790,79792,2
climbing,79858,79792,79858,66
trotting,79869,79858,79869,11
left_turning,79898,79869,79898,29
climbing,79900,79898,79900,2
rearing,79962,79900,79962,62
left_turning,79963,79962,79963,1
sniffing,79964,79963,79964,1
left_turning,79967,79964,79967,3
sniffing,79968,79967,79968,1
walking,80019,79968,80019,51
sniffing,80039,80019,80039,20
stepping,80063,80039,80063,24
walking,80105,80063,80105,42
sniffing,80148,80105,80148,43
walking,80179,80148,80179,31
trotting,80195,80179,80195,16
sniffing,80271,80195,80271,76
climbing,80277,80271,80277,6
rising,80317,80277,80317,40
right_turning,80318,80317,80318,1
walking,80349,80318,80349,31
climbing,80410,80349,80410,61
rearing,80537,80410,80537,127
left_turning,80553,80537,80553,16
sniffing,80612,80553,80612,59
right_turning,80624,80612,80624,12
climbing,80653,80624,80653,29
sniffing,80665,80653,80665,12
rising,80720,80665,80720,55
walking,80769,80720,80769,49
rearing,80770,80769,80770,1
rising,80833,80770,80833,63
climbing,80901,80833,80901,68
sniffing,80932,80901,80932,31
rising,80969,80932,80969,37
right_turning,80999,80969,80999,30
sniffing,81076,80999,81076,77
grooming,81310,81076,81310,234
hunching,81334,81310,81334,24
walking,81347,81334,81347,13
climbing,81419,81347,81419,72
rearing,81441,81419,81441,22
stepping,81480,81441,81480,39
sniffing,81580,81480,81580,100
climbing,81594,81580,81594,14
rising,81616,81594,81616,22
rearing,81687,81616,81687,71
grooming,81688,81687,81688,1
rearing,81701,81688,81701,13
rising,81748,81701,81748,47
rearing,81965,81748,81965,217
grooming,82212,81965,82212,247
sniffing,82213,82212,82213,1
left_turning,82238,82213,82238,25
walking,82250,82238,82250,12
sniffing,82304,82250,82304,54
walking,82305,82304,82305,1
climbing,82368,82305,82368,63
rearing,82462,82368,82462,94
climbing,82463,82462,82463,1
sniffing,82482,82463,82482,19
walking,82496,82482,82496,14
trotting,82519,82496,82519,23
left_turning,82520,82519,82520,1
walking,82576,82520,82576,56
sniffing,82577,82576,82577,1
rearing,82630,82577,82630,53
sniffing,82687,82630,82687,57
rearing,82721,82687,82721,34
climbing,82756,82721,82756,35
walking,82763,82756,82763,7
climbing,82778,82763,82778,15
rearing,82801,82778,82801,23
sniffing,82802,82801,82802,1
grooming,82803,82802,82803,1
climbing,82858,82803,82858,55
sniffing,82960,82858,82960,102
rearing,83037,82960,83037,77
trotting,83073,83037,83073,36
rising,83088,83073,83088,15
sniffing,83108,83088,83108,20
walking,83115,83108,83115,7
left_turning,83312,83115,83312,197
sniffing,83418,83312,83418,106
left_turning,83449,83418,83449,31
sniffing,83493,83449,83493,44
trotting,83521,83493,83521,28
walking,83577,83521,83577,56
sniffing,83590,83577,83590,13
climbing,83591,83590,83591,1
hunching,83632,83591,83632,41
sniffing,83715,83632,83715,83
rearing,83716,83715,83716,1
grooming,84776,83716,84776,1060
sniffing,84832,84776,84832,56
climbing,84841,84832,84841,9
rising,84885,84841,84885,44
sniffing,84886,84885,84886,1
left_turning,84918,84886,84918,32
sniffing,85197,84918,85197,279
pausing,85391,85197,85391,194
sniffing,85392,85391,85392,1
rearing,85443,85392,85443,51
climbing,85537,85443,85537,94
rearing,85625,85537,85625,88
climbing,85661,85625,85661,36
rising,85749,85661,85749,88
sniffing,85750,85749,85750,1
walking,85805,85750,85805,55
sniffing,85806,85805,85806,1
rising,85883,85806,85883,77
grooming,86034,85883,86034,151
rearing,86104,86034,86104,70
climbing,86196,86104,86196,92
hunching,86225,86196,86225,29
climbing,86235,86225,86235,10
rising,86245,86235,86245,10
hunching,86246,86245,86246,1
right_turning,86267,86246,86267,21
rising,86325,86267,86325,58
climbing,86334,86325,86334,9
walking,86362,86334,86362,28
climbing,86366,86362,86366,4
walking,86367,86366,86367,1
running,86386,86367,86386,19
left_turning,86416,86386,86416,30
sniffing,86495,86416,86495,79
right_turning,86507,86495,86507,12
walking,86572,86507,86572,65
sniffing,86573,86572,86573,1
rising,86603,86573,86603,30
walking,86638,86603,86638,35
rising,86663,86638,86663,25
sniffing,86678,86663,86678,15
right_turning,86729,86678,86729,51
walking,86750,86729,86750,21
left_turning,86784,86750,86784,34
sniffing,86796,86784,86796,12
rising,86824,86796,86824,28
walking,86882,86824,86882,58
sniffing,86883,86882,86883,1
rising,86902,86883,86902,19
sniffing,86935,86902,86935,33
climbing,86967,86935,86967,32
rising,86997,86967,86997,30
climbing,87031,86997,87031,34
rising,87080,87031,87080,49
sniffing,87122,87080,87122,42
rising,87123,87122,87123,1
climbing,87159,87123,87159,36
walking,87204,87159,87204,45
sniffing,87236,87204,87236,32
pausing,87494,87236,87494,258
sniffing,87611,87494,87611,117
right_turning,87645,87611,87645,34
running,87681,87645,87681,36
sniffing,87686,87681,87686,5
rising,87693,87686,87693,7
grooming,88063,87693,88063,370
hunching,88065,88063,88065,2
rearing,88146,88065,88146,81
climbing,88149,88146,88149,3
sniffing,88239,88149,88239,90
rising,88240,88239,88240,1
sniffing,88321,88240,88321,81
hunching,88421,88321,88421,100
grooming,88550,88421,88550,129
sniffing,88643,88550,88643,93
left_turning,88644,88643,88644,1
sniffing,88652,88644,88652,8
grooming,88653,88652,88653,1
climbing,88663,88653,88663,10
running,88683,88663,88683,20
sniffing,88787,88683,88787,104
hunching,89019,88787,89019,232
walking,89052,89019,89052,33
sniffing,89086,89052,89086,34
walking,89091,89086,89091,5
rising,89161,89091,89161,70
climbing,89162,89161,89162,1
walking,89202,89162,89202,40
sniffing,89370,89202,89370,168
left_turning,89393,89370,89393,23
trotting,89437,89393,89437,44
sniffing,89438,89437,89438,1
stepping,89442,89438,89442,4
rising,89465,89442,89465,23
sniffing,89466,89465,89466,1
hunching,89620,89466,89620,154
sniffing,89768,89620,89768,148
rising,89769,89768,89769,1
climbing,89824,89769,89824,55
sniffing,89950,89824,89950,126
rising,89984,89950,89984,34
sniffing,89985,89984,89985,1
rising,89986,89985,89986,1
climbing,90095,89986,90095,109
right_turning,90138,90095,90138,43
walking,90156,90138,90156,18
rising,90203,90156,90203,47
sniffing,90204,90203,90204,1
grooming,90773,90204,90773,569
rearing,90881,90773,90881,108
rising,90943,90881,90943,62
walking,90980,90943,90980,37
sniffing,91030,90980,91030,50
rising,91073,91030,91073,43
sniffing,91082,91073,91082,9
hunching,91116,91082,91116,34
rising,91137,91116,91137,21
climbing,91190,91137,91190,53
rearing,91273,91190,91273,83
rising,91311,91273,91311,38
climbing,91431,91311,91431,120
sniffing,91432,91431,91432,1
walking,91433,91432,91433,1
sniffing,91636,91433,91636,203
climbing,91679,91636,91679,43
sniffing,91745,91679,91745,66
walking,91766,91745,91766,21
stepping,91780,91766,91780,14
rising,91792,91780,91792,12
climbing,91793,91792,91793,1
sniffing,91913,91793,91913,120
left_turning,91920,91913,91920,7
stepping,91947,91920,91947,27
walking,92000,91947,92000,53
right_turning,92035,92000,92035,35
sniffing,92036,92035,92036,1
climbing,92086,92036,92086,50
rising,92087,92086,92087,1
right_turning,92106,92087,92106,19
sniffing,92112,92106,92112,6
walking,92157,92112,92157,45
climbing,92158,92157,92158,1
rising,92161,92158,92161,3
left_turning,92162,92161,92162,1
rising,92163,92162,92163,1
stepping,92224,92163,92224,61
rising,92286,92224,92286,62
sniffing,92287,92286,92287,1
right_turning,92288,92287,92288,1
walking,92326,92288,92326,38
rising,92390,92326,92390,64
climbing,92394,92390,92394,4
left_turning,92445,92394,92445,51
sniffing,92446,92445,92446,1
rising,92447,92446,92447,1
sniffing,92491,92447,92491,44
climbing,92556,92491,92556,65
rearing,92672,92556,92672,116
running,92680,92672,92680,8
rising,92696,92680,92696,16
left_turning,92709,92696,92709,13
walking,92718,92709,92718,9
sniffing,92734,92718,92734,16
rising,92749,92734,92749,15
climbing,92773,92749,92773,24
rearing,92774,92773,92774,1
walking,92797,92774,92797,23
sniffing,92798,92797,92798,1
rising,92841,92798,92841,43
climbing,92888,92841,92888,47
hunching,92904,92888,92904,16
sniffing,92913,92904,92913,9
trotting,92932,92913,92932,19
sniffing,92933,92932,92933,1
rising,92934,92933,92934,1
walking,92935,92934,92935,1
left_turning,93020,92935,93020,85
walking,93042,93020,93042,22
climbing,93044,93042,93044,2
rearing,93067,93044,93067,23
sniffing,93098,93067,93098,31
left_turning,93153,93098,93153,55
stepping,93159,93153,93159,6
left_turning,93190,93159,93190,31
walking,93210,93190,93210,20
climbing,93253,93210,93253,43
grooming,93544,93253,93544,291
right_turning,93550,93544,93550,6
sniffing,93605,93550,93605,55
running,93612,93605,93612,7
rising,93623,93612,93623,11
climbing,93679,93623,93679,56
running,93695,93679,93695,16
walking,93707,93695,93707,12
jumping,93708,93707,93708,1
rising,93744,93708,93744,36
rearing,93799,93744,93799,55
rising,93814,93799,93814,15
rearing,93878,93814,93878,64
sniffing,93947,93878,93947,69
rising,93957,93947,93957,10
climbing,94019,93957,94019,62
walking,94067,94019,94067,48
left_turning,94203,94067,94203,136
sniffing,94228,94203,94228,25
left_turning,94274,94228,94274,46
rising,94299,94274,94299,25
hunching,94340,94299,94340,41
right_turning,94364,94340,94364,24
sniffing,94368,94364,94368,4
right_turning,94411,94368,94411,43
jumping,94598,94411,94598,187
rising,94677,94598,94677,79
walking,94689,94677,94689,12
climbing,94742,94689,94742,53
rearing,94747,94742,94747,5
climbing,94767,94747,94767,20
sniffing,94868,94767,94868,101
rising,94956,94868,94956,88
grooming,94983,94956,94983,27
sniffing,95055,94983,95055,72
rearing,95084,95055,95084,29
hunching,95094,95084,95094,10
sniffing,95152,95094,95152,58
walking,95182,95152,95182,30
left_turning,95230,95182,95230,48
walking,95231,95230,95231,1
rising,95251,95231,95251,20
grooming,95309,95251,95309,58
hunching,95380,95309,95380,71
sniffing,95411,95380,95411,31
climbing,95457,95411,95457,46
left_turning,95498,95457,95498,41
sniffing,95533,95498,95533,35
left_turning,95542,95533,95542,9
walking,95576,95542,95576,34
sniffing,95577,95576,95577,1
rising,95614,95577,95614,37
sniffing,95762,95614,95762,148
left_turning,95799,95762,95799,37
sniffing,95822,95799,95822,23
walking,95823,95822,95823,1
trotting,95887,95823,95887,64
sniffing,95984,95887,95984,97
trotting,96005,95984,96005,21
walking,96015,96005,96015,10
trotting,96048,96015,96048,33
rising,96091,96048,96091,43
sniffing,96141,96091,96141,50
grooming,96142,96141,96142,1
left_turning,96256,96142,96256,114
sniffing,96296,96256,96296,40
right_turning,96297,96296,96297,1
walking,96346,96297,96346,49
stepping,96395,96346,96395,49
walking,96396,96395,96396,1
stepping,96426,96396,96426,30
rising,96456,96426,96456,30
climbing,96511,96456,96511,55
sniffing,96597,96511,96597,86
climbing,96649,96597,96649,52
sniffing,96707,96649,96707,58
left_turning,96734,96707,96734,27
sniffing,96764,96734,96764,30
trotting,96792,96764,96792,28
sniffing,96877,96792,96877,85
rising,96883,96877,96883,6
climbing,96932,96883,96932,49
rising,96950,96932,96950,18
climbing,96972,96950,96972,22
rising,96998,96972,96998,26
climbing,97063,96998,97063,65
rising,97119,97063,97119,56
left_turning,97179,97119,97179,60
walking,97192,97179,97192,13
climbing,97277,97192,97277,85
rising,97294,97277,97294,17
hunching,97312,97294,97312,18
right_turning,97326,97312,97326,14
walking,97349,97326,97349,23
left_turning,97406,97349,97406,57
sniffing,97510,97406,97510,104
climbing,97561,97510,97561,51
rising,97583,97561,97583,22
sniffing,97673,97583,97673,90
left_turning,97713,97673,97713,40
walking,97825,97713,97825,112
rearing,97826,97825,97826,1
grooming,98038,97826,98038,212
rearing,98098,98038,98098,60
climbing,98143,98098,98143,45
trotting,98158,98143,98158,15
sniffing,98198,98158,98198,40
trotting,98239,98198,98239,41
rising,98265,98239,98265,26
walking,98291,98265,98291,26
trotting,98296,98291,98296,5
rising,98339,98296,98339,43
rearing,98380,98339,98380,41
sniffing,98381,98380,98381,1
walking,98422,98381,98422,41
sniffing,98470,98422,98470,48
walking,98528,98470,98528,58
sniffing,98543,98528,98543,15
walking,98544,98543,98544,1
left_turning,98582,98544,98582,38
sniffing,98583,98582,98583,1
trotting,98607,98583,98607,24
rising,98612,98607,98612,5
sniffing,98691,98612,98691,79
walking,98715,98691,98715,24
rising,98716,98715,98716,1
sniffing,98851,98716,98851,135
walking,98864,98851,98864,13
rising,98866,98864,98866,2
stepping,98891,98866,98891,25
walking,98919,98891,98919,28
sniffing,98995,98919,98995,76
walking,99031,98995,99031,36
stepping,99053,99031,99053,22
right_turning,99083,99053,99083,30
walking,99110,99083,99110,27
sniffing,99120,99110,99120,10
grooming,99236,99120,99236,116
climbing,99265,99236,99265,29
sniffing,99287,99265,99287,22
rising,99345,99287,99345,58
rearing,99346,99345,99346,1
sniffing,99355,99346,99355,9
rising,99368,99355,99368,13
walking,99369,99368,99369,1
sniffing,99420,99369,99420,51
stepping,99421,99420,99421,1
walking,99432,99421,99432,11
stepping,99454,99432,99454,22
rising,99518,99454,99518,64
left_turning,99529,99518,99529,11
sniffing,99593,99529,99593,64
walking,99594,99593,99594,1
sniffing,99634,99594,99634,40
rising,99635,99634,99635,1
climbing,99674,99635,99674,39
rearing,99736,99674,99736,62
sniffing,99752,99736,99752,16
walking,99776,99752,99776,24
rising,99777,99776,99777,1
sniffing,99851,99777,99851,74
rising,99860,99851,99860,9
sniffing,99861,99860,99861,1
rising,99889,99861,99889,28
climbing,100012,99889,100012,123
rising,100013,100012,100013,1
sniffing,100014,100013,100014,1
left_turning,100057,100014,100057,43
climbing,100110,100057,100110,53
rearing,100241,100110,100241,131
walking,100272,100241,100272,31
rearing,100286,100272,100286,14
rising,100335,100286,100335,49
climbing,100336,100335,100336,1
rearing,100337,100336,100337,1
walking,100371,100337,100371,34
rising,100372,100371,100372,1
rearing,100409,100372,100409,37
climbing,100410,100409,100410,1
rising,100435,100410,100435,25
climbing,100486,100435,100486,51
rearing,100546,100486,100546,60
climbing,100614,100546,100614,68
rising,100652,100614,100652,38
climbing,100694,100652,100694,42
rearing,100778,100694,100778,84
sniffing,100878,100778,100878,100
climbing,100938,100878,100938,60
rearing,101182,100938,101182,244
sniffing,101218,101182,101218,36
rising,101223,101218,101223,5
climbing,101244,101223,101244,21
right_turning,101264,101244,101264,20
sniffing,101265,101264,101265,1
walking,101341,101265,101341,76
sniffing,101359,101341,101359,18
left_turning,101382,101359,101382,23
trotting,101430,101382,101430,48
sniffing,101516,101430,101516,86
rising,101558,101516,101558,42
walking,101575,101558,101575,17
trotting,101607,101575,101607,32
left_turning,101617,101607,101617,10
sniffing,101633,101617,101633,16
pausing,101634,101633,101634,1
sniffing,101720,101634,101720,86
rising,101801,101720,101801,81
rearing,101802,101801,101802,1
walking,101817,101802,101817,15
sniffing,101818,101817,101818,1
rising,101819,101818,101819,1
climbing,101852,101819,101852,33
rising,101853,101852,101853,1
climbing,101952,101853,101952,99
grooming,101953,101952,101953,1
climbing,102008,101953,102008,55
sniffing,102009,102008,102009,1
rising,102036,102009,102036,27
climbing,102051,102036,102051,15
rearing,102264,102051,102264,213
sniffing,102301,102264,102301,37
stepping,102343,102301,102343,42
left_turning,102388,102343,102388,45
rising,102389,102388,102389,1
grooming,102633,102389,102633,244
sniffing,102634,102633,102634,1
grooming,102635,102634,102635,1
sniffing,102820,102635,102820,185
walking,102833,102820,102833,13
sniffing,102915,102833,102915,82
walking,102943,102915,102943,28
sniffing,102944,102943,102944,1
walking,102949,102944,102949,5
sniffing,103114,102949,103114,165
pausing,103115,103114,103115,1
sniffing,103235,103115,103235,120
grooming,103651,103235,103651,416
rearing,103652,103651,103652,1
rising,103656,103652,103656,4
climbing,103673,103656,103673,17
rearing,103674,103673,103674,1
climbing,103701,103674,103701,27
rising,103729,103701,103729,28
rearing,103744,103729,103744,15
hunching,103805,103744,103805,61
climbing,103876,103805,103876,71
rising,103907,103876,103907,31
sniffing,103910,103907,103910,3
rising,103963,103910,103963,53
climbing,104013,103963,104013,50
hunching,104152,104013,104152,139
sniffing,104153,104152,104153,1
stepping,104163,104153,104163,10
sniffing,104209,104163,104209,46
walking,104234,104209,104234,25
rearing,104334,104234,104334,100
sniffing,104335,104334,104335,1
pausing,104336,104335,104336,1
sniffing,104337,104336,104337,1
rising,104447,104337,104447,110
climbing,104450,104447,104450,3
rearing,104451,104450,104451,1
grooming,104684,104451,104684,233
sniffing,104721,104684,104721,37
left_turning,104810,104721,104810,89
sniffing,104985,104810,104985,175
rising,104986,104985,104986,1
climbing,105002,104986,105002,16
rearing,105131,105002,105131,129
grooming,105132,105131,105132,1
sniffing,105159,105132,105159,27
climbing,105177,105159,105177,18
sniffing,105202,105177,105202,25
stepping,105243,105202,105243,41
walking,105305,105243,105305,62
rising,105382,105305,105382,77
sniffing,105427,105382,105427,45
climbing,105547,105427,105547,120
hunching,105684,105547,105684,137
sniffing,105727,105684,105727,43
rising,105728,105727,105728,1
sniffing,105812,105728,105812,84
stepping,105854,105812,105854,42
trotting,105855,105854,105855,1
sniffing,105903,105855,105903,48
left_turning,105922,105903,105922,19
walking,105923,105922,105923,1
rising,105924,105923,105924,1
sniffing,106080,105924,106080,156
rising,106093,106080,106093,13
sniffing,106094,106093,106094,1
rearing,106120,106094,106120,26
right_turning,106131,106120,106131,11
sniffing,106173,106131,106173,42
hunching,106178,106173,106178,5
right_turning,106212,106178,106212,34
walking,106213,106212,106213,1
rising,106249,106213,106249,36
climbing,106250,106249,106250,1
rearing,106251,106250,106251,1
sniffing,106300,106251,106300,49
grooming,106358,106300,106358,58
climbing,106412,106358,106412,54
right_turning,106442,106412,106442,30
walking,106474,106442,106474,32
sniffing,106510,106474,106510,36
right_turning,106511,106510,106511,1
sniffing,106557,106511,106557,46
grooming,106558,106557,106558,1
sniffing,106559,106558,106559,1
walking,106581,106559,106581,22
rising,106582,106581,106582,1
climbing,106631,106582,106631,49
rising,106723,106631,106723,92
pausing,106724,106723,106724,1
sniffing,106744,106724,106744,20
rising,106745,106744,106745,1
sniffing,106748,106745,106748,3
left_turning,106836,106748,106836,88
sniffing,106897,106836,106897,61
hunching,107085,106897,107085,188
sniffing,107183,107085,107183,98
rising,107264,107183,107264,81
sniffing,107459,107264,107459,195
walking,107467,107459,107467,8
sniffing,107497,107467,107497,30
right_turning,107509,107497,107509,12
walking,107540,107509,107540,31
left_turning,107655,107540,107655,115
trotting,107679,107655,107679,24
walking,107695,107679,107695,16
sniffing,107738,107695,107738,43
walking,107759,107738,107759,21
right_turning,107760,107759,107760,1
walking,107791,107760,107791,31
rearing,107827,107791,107827,36
stepping,107838,107827,107838,11
sniffing,107896,107838,107896,58
left_turning,107897,107896,107897,1
sniffing,107961,107897,107961,64
walking,107990,107961,107990,29
stepping,108000,107990,108000,10
