revised_movement_label,segBoundary,segBoundary_start,segBoundary_end,length
rising,58,0,58,58
climbing,105,58,105,47
left_turning,124,105,124,19
sniffing,163,124,163,39
rising,223,163,223,60
climbing,306,223,306,83
rising,336,306,336,30
sniffing,377,336,377,41
rising,431,377,431,54
right_turning,466,431,466,35
walking,533,466,533,67
right_turning,553,533,553,20
walking,596,553,596,43
sniffing,665,596,665,69
rising,666,665,666,1
sniffing,670,666,670,4
climbing,694,670,694,24
rising,774,694,774,80
climbing,812,774,812,38
sniffing,813,812,813,1
walking,831,813,831,18
right_turning,832,831,832,1
rising,922,832,922,90
walking,923,922,923,1
climbing,957,923,957,34
sniffing,973,957,973,16
climbing,1022,973,1022,49
sniffing,1059,1022,1059,37
left_turning,1090,1059,1090,31
sniffing,1138,1090,1138,48
rearing,1231,1138,1231,93
climbing,1271,1231,1271,40
trotting,1337,1271,1337,66
walking,1378,1337,1378,41
rising,1384,1378,1384,6
climbing,1389,1384,1389,5
rising,1418,1389,1418,29
climbing,1450,1418,1450,32
trotting,1478,1450,1478,28
walking,1488,1478,1488,10
sniffing,1490,1488,1490,2
trotting,1499,1490,1499,9
walking,1575,1499,1575,76
sniffing,1584,1575,1584,9
walking,1604,1584,1604,20
trotting,1624,1604,1624,20
rising,1664,1624,1664,40
walking,1720,1664,1720,56
sniffing,1809,1720,1809,89
climbing,1835,1809,1835,26
rising,1893,1835,1893,58
right_turning,1901,1893,1901,8
trotting,1911,1901,1911,10
climbing,1971,1911,1971,60
right_turning,1977,1971,1977,6
walking,2072,1977,2072,95
sniffing,2073,2072,2073,1
walking,2169,2073,2169,96
climbing,2228,2169,2228,59
sniffing,2265,2228,2265,37
rising,2326,2265,2326,61
climbing,2373,2326,2373,47
trotting,2413,2373,2413,40
sniffing,2414,2413,2414,1
climbing,2498,2414,2498,84
sniffing,2499,2498,2499,1
trotting,2523,2499,2523,24
sniffing,2557,2523,2557,34
walking,2589,2557,2589,32
sniffing,2705,2589,2705,116
rising,2774,2705,2774,69
climbing,2832,2774,2832,58
grooming,2833,2832,2833,1
walking,2857,2833,2857,24
sniffing,2858,2857,2858,1
climbing,2889,2858,2889,31
walking,2993,2889,2993,104
rising,3118,2993,3118,125
sniffing,3151,3118,3151,33
climbing,3165,3151,3165,14
rising,3208,3165,3208,43
walking,3279,3208,3279,71
sniffing,3407,3279,3407,128
climbing,3447,3407,3447,40
walking,3481,3447,3481,34
left_turning,3496,3481,3496,15
walking,3590,3496,3590,94
sniffing,3591,3590,3591,1
walking,3609,3591,3609,18
rearing,3741,3609,3741,132
rising,3742,3741,3742,1
walking,3765,3742,3765,23
sniffing,3808,3765,3808,43
walking,3809,3808,3809,1
rearing,3869,3809,3869,60
left_turning,3888,3869,3888,19
trotting,3909,3888,3909,21
walking,3934,3909,3934,25
sniffing,3958,3934,3958,24
rearing,4041,3958,4041,83
rising,4058,4041,4058,17
left_turning,4059,4058,4059,1
sniffing,4136,4059,4136,77
left_turning,4158,4136,4158,22
walking,4196,4158,4196,38
sniffing,4257,4196,4257,61
walking,4258,4257,4258,1
sniffing,4259,4258,4259,1
climbing,4312,4259,4312,53
sniffing,4389,4312,4389,77
right_turning,4395,4389,4395,6
climbing,4450,4395,4450,55
walking,4451,4450,4451,1
sniffing,4503,4451,4503,52
running,4511,4503,4511,8
stepping,4539,4511,4539,28
sniffing,4603,4539,4603,64
stepping,4640,4603,4640,37
walking,4663,4640,4663,23
sniffing,4673,4663,4673,10
rising,4687,4673,4687,14
walking,4698,4687,4698,11
sniffing,4724,4698,4724,26
rising,4782,4724,4782,58
climbing,4822,4782,4822,40
sniffing,4840,4822,4840,18
left_turning,4846,4840,4846,6
walking,4868,4846,4868,22
sniffing,4869,4868,4869,1
rising,4912,4869,4912,43
left_turning,4933,4912,4933,21
sniffing,4934,4933,4934,1
climbing,4992,4934,4992,58
left_turning,5018,4992,5018,26
walking,5019,5018,5019,1
rising,5043,5019,5043,24
walking,5072,5043,5072,29
climbing,5087,5072,5087,15
sniffing,5178,5087,5178,91
grooming,5334,5178,5334,156
sniffing,5351,5334,5351,17
climbing,5393,5351,5393,42
rising,5394,5393,5394,1
stepping,5439,5394,5439,45
sniffing,5485,5439,5485,46
left_turning,5504,5485,5504,19
running,5521,5504,5521,17
walking,5581,5521,5581,60
sniffing,5587,5581,5587,6
trotting,5632,5587,5632,45
walking,5649,5632,5649,17
sniffing,5755,5649,5755,106
grooming,5909,5755,5909,154
rising,5931,5909,5931,22
sniffing,5950,5931,5950,19
rising,6000,5950,6000,50
climbing,6063,6000,6063,63
sniffing,6133,6063,6133,70
walking,6172,6133,6172,39
sniffing,6198,6172,6198,26
rising,6199,6198,6199,1
walking,6283,6199,6283,84
stepping,6351,6283,6351,68
rising,6396,6351,6396,45
rearing,6436,6396,6436,40
sniffing,6458,6436,6458,22
climbing,6515,6458,6515,57
sniffing,6539,6515,6539,24
left_turning,6563,6539,6563,24
sniffing,6564,6563,6564,1
climbing,6628,6564,6628,64
sniffing,6657,6628,6657,29
left_turning,6694,6657,6694,37
walking,6718,6694,6718,24
left_turning,6731,6718,6731,13
sniffing,6754,6731,6754,23
right_turning,6755,6754,6755,1
sniffing,6756,6755,6756,1
climbing,6808,6756,6808,52
trotting,6827,6808,6827,19
climbing,6857,6827,6857,30
grooming,7189,6857,7189,332
walking,7190,7189,7190,1
rising,7231,7190,7231,41
sniffing,7273,7231,7273,42
left_turning,7312,7273,7312,39
trotting,7339,7312,7339,27
walking,7402,7339,7402,63
rising,7405,7402,7405,3
climbing,7437,7405,7437,32
left_turning,7488,7437,7488,51
sniffing,7528,7488,7528,40
left_turning,7546,7528,7546,18
sniffing,7608,7546,7608,62
right_turning,7609,7608,7609,1
stepping,7630,7609,7630,21
rising,7727,7630,7727,97
stepping,7778,7727,7778,51
walking,7812,7778,7812,34
sniffing,7840,7812,7840,28
walking,7873,7840,7873,33
sniffing,7916,7873,7916,43
walking,7919,7916,7919,3
stepping,7937,7919,7937,18
sniffing,7997,7937,7997,60
walking,8051,7997,8051,54
stepping,8059,8051,8059,8
climbing,8064,8059,8064,5
sniffing,8212,8064,8212,148
climbing,8245,8212,8245,33
sniffing,8257,8245,8257,12
climbing,8303,8257,8303,46
rising,8371,8303,8371,68
left_turning,8396,8371,8396,25
running,8397,8396,8397,1
walking,8463,8397,8463,66
left_turning,8464,8463,8464,1
walking,8511,8464,8511,47
sniffing,8551,8511,8551,40
walking,8570,8551,8570,19
sniffing,8686,8570,8686,116
grooming,8796,8686,8796,110
sniffing,8797,8796,8797,1
trotting,8829,8797,8829,32
sniffing,8844,8829,8844,15
walking,8859,8844,8859,15
stepping,8860,8859,8860,1
rising,8925,8860,8925,65
sniffing,8997,8925,8997,72
trotting,9020,8997,9020,23
climbing,9046,9020,9046,26
rising,9059,9046,9059,13
climbing,9117,9059,9117,58
rising,9123,9117,9123,6
sniffing,9199,9123,9199,76
walking,9302,9199,9302,103
sniffing,9337,9302,9337,35
climbing,9414,9337,9414,77
walking,9434,9414,9434,20
sniffing,9467,9434,9467,33
rising,9591,9467,9591,124
sniffing,9645,9591,9645,54
climbing,9689,9645,9689,44
left_turning,9723,9689,9723,34
walking,9746,9723,9746,23
sniffing,9793,9746,9793,47
rising,9833,9793,9833,40
climbing,9922,9833,9922,89
hunching,9994,9922,9994,72
sniffing,9995,9994,9995,1
rising,10111,9995,10111,116
climbing,10128,10111,10128,17
sniffing,10165,10128,10165,37
rising,10225,10165,10225,60
climbing,10258,10225,10258,33
rearing,10429,10258,10429,171
rising,10484,10429,10484,55
climbing,10519,10484,10519,35
sniffing,10536,10519,10536,17
left_turning,10537,10536,10537,1
sniffing,10538,10537,10538,1
climbing,10573,10538,10573,35
left_turning,10624,10573,10624,51
sniffing,10678,10624,10678,54
rising,10706,10678,10706,28
climbing,10741,10706,10741,35
rising,10742,10741,10742,1
sniffing,10743,10742,10743,1
hunching,10847,10743,10847,104
right_turning,10897,10847,10897,50
rising,10974,10897,10974,77
hunching,11022,10974,11022,48
grooming,11023,11022,11023,1
walking,11024,11023,11024,1
rising,11104,11024,11104,80
sniffing,11105,11104,11105,1
rising,11127,11105,11127,22
climbing,11174,11127,11174,47
trotting,11209,11174,11209,35
sniffing,11270,11209,11270,61
stepping,11291,11270,11291,21
sniffing,11361,11291,11361,70
climbing,11375,11361,11375,14
sniffing,11404,11375,11404,29
walking,11418,11404,11418,14
rising,11419,11418,11419,1
trotting,11449,11419,11449,30
walking,11516,11449,11516,67
left_turning,11517,11516,11517,1
walking,11547,11517,11547,30
climbing,11583,11547,11583,36
grooming,11584,11583,11584,1
rearing,11595,11584,11595,11
climbing,11609,11595,11609,14
walking,11652,11609,11652,43
rising,11683,11652,11683,31
sniffing,11734,11683,11734,51
climbing,11786,11734,11786,52
stepping,11787,11786,11787,1
sniffing,11788,11787,11788,1
climbing,11816,11788,11816,28
walking,11821,11816,11821,5
rising,11911,11821,11911,90
left_turning,11976,11911,11976,65
sniffing,12005,11976,12005,29
rising,12077,12005,12077,72
walking,12083,12077,12083,6
sniffing,12130,12083,12130,47
climbing,12179,12130,12179,49
walking,12233,12179,12233,54
sniffing,12247,12233,12247,14
running,12272,12247,12272,25
trotting,12310,12272,12310,38
walking,12362,12310,12362,52
rising,12363,12362,12363,1
sniffing,12379,12363,12379,16
rising,12497,12379,12497,118
climbing,12550,12497,12550,53
sniffing,12590,12550,12590,40
walking,12642,12590,12642,52
rearing,12768,12642,12768,126
grooming,12974,12768,12974,206
rearing,13024,12974,13024,50
grooming,13075,13024,13075,51
walking,13115,13075,13115,40
sniffing,13168,13115,13168,53
walking,13231,13168,13231,63
sniffing,13278,13231,13278,47
climbing,13357,13278,13357,79
sniffing,13455,13357,13455,98
rising,13562,13455,13562,107
climbing,13606,13562,13606,44
trotting,13634,13606,13634,28
sniffing,13733,13634,13733,99
rearing,13781,13733,13781,48
rising,13916,13781,13916,135
walking,13967,13916,13967,51
trotting,14034,13967,14034,67
sniffing,14064,14034,14064,30
rising,14082,14064,14082,18
right_turning,14116,14082,14116,34
trotting,14147,14116,14147,31
walking,14149,14147,14149,2
rising,14205,14149,14205,56
walking,14247,14205,14247,42
sniffing,14273,14247,14273,26
trotting,14313,14273,14313,40
walking,14314,14313,14314,1
sniffing,14321,14314,14321,7
climbing,14347,14321,14347,26
running,14390,14347,14390,43
walking,14420,14390,14420,30
trotting,14455,14420,14455,35
left_turning,14467,14455,14467,12
rising,14488,14467,14488,21
left_turning,14520,14488,14520,32
walking,14542,14520,14542,22
climbing,14567,14542,14567,25
right_turning,14588,14567,14588,21
stepping,14618,14588,14618,30
sniffing,14619,14618,14619,1
trotting,14656,14619,14656,37
sniffing,14697,14656,14697,41
stepping,14716,14697,14716,19
walking,14755,14716,14755,39
sniffing,14779,14755,14779,24
walking,14834,14779,14834,55
rising,14835,14834,14835,1
climbing,14939,14835,14939,104
trotting,14971,14939,14971,32
walking,15013,14971,15013,42
rising,15173,15013,15173,160
rearing,15208,15173,15208,35
rising,15209,15208,15209,1
sniffing,15281,15209,15281,72
left_turning,15309,15281,15309,28
sniffing,15373,15309,15373,64
trotting,15415,15373,15415,42
sniffing,15547,15415,15547,132
left_turning,15548,15547,15548,1
rising,15625,15548,15625,77
left_turning,15653,15625,15653,28
sniffing,15654,15653,15654,1
right_turning,15685,15654,15685,31
left_turning,15693,15685,15693,8
trotting,15754,15693,15754,61
stepping,15797,15754,15797,43
sniffing,15884,15797,15884,87
left_turning,15895,15884,15895,11
sniffing,15985,15895,15985,90
climbing,16022,15985,16022,37
trotting,16044,16022,16044,22
walking,16073,16044,16073,29
climbing,16115,16073,16115,42
rising,16153,16115,16153,38
climbing,16167,16153,16167,14
sniffing,16168,16167,16168,1
climbing,16191,16168,16191,23
rising,16322,16191,16322,131
sniffing,16360,16322,16360,38
walking,16404,16360,16404,44
rising,16433,16404,16433,29
left_turning,16463,16433,16463,30
walking,16512,16463,16512,49
sniffing,16513,16512,16513,1
left_turning,16540,16513,16540,27
rising,16543,16540,16543,3
stepping,16574,16543,16574,31
walking,16576,16574,16576,2
sniffing,16648,16576,16648,72
right_turning,16659,16648,16659,11
trotting,16695,16659,16695,36
rising,16768,16695,16768,73
climbing,16815,16768,16815,47
rising,16816,16815,16816,1
sniffing,16857,16816,16857,41
left_turning,16882,16857,16882,25
rising,16883,16882,16883,1
climbing,16947,16883,16947,64
trotting,16980,16947,16980,33
rising,16995,16980,16995,15
sniffing,17050,16995,17050,55
climbing,17133,17050,17133,83
sniffing,17134,17133,17134,1
walking,17155,17134,17155,21
rising,17189,17155,17189,34
sniffing,17190,17189,17190,1
rising,17233,17190,17233,43
left_turning,17236,17233,17236,3
sniffing,17295,17236,17295,59
climbing,17321,17295,17321,26
sniffing,17379,17321,17379,58
climbing,17423,17379,17423,44
sniffing,17483,17423,17483,60
left_turning,17499,17483,17499,16
sniffing,17500,17499,17500,1
rising,17522,17500,17522,22
climbing,17530,17522,17530,8
rising,17531,17530,17531,1
running,17554,17531,17554,23
sniffing,17574,17554,17574,20
climbing,17638,17574,17638,64
sniffing,17639,17638,17639,1
stepping,17681,17639,17681,42
sniffing,17775,17681,17775,94
walking,17803,17775,17803,28
sniffing,17830,17803,17830,27
rising,17879,17830,17879,49
climbing,17880,17879,17880,1
right_turning,17893,17880,17893,13
trotting,17894,17893,17894,1
left_turning,17901,17894,17901,7
sniffing,17902,17901,17902,1
right_turning,17957,17902,17957,55
walking,18030,17957,18030,73
sniffing,18073,18030,18073,43
rising,18074,18073,18074,1
hunching,18136,18074,18136,62
climbing,18187,18136,18187,51
rising,18249,18187,18249,62
walking,18288,18249,18288,39
sniffing,18317,18288,18317,29
walking,18394,18317,18394,77
right_turning,18421,18394,18421,27
walking,18485,18421,18485,64
sniffing,18490,18485,18490,5
rising,18592,18490,18592,102
rearing,18628,18592,18628,36
sniffing,18661,18628,18661,33
hunching,18662,18661,18662,1
grooming,18663,18662,18663,1
climbing,18692,18663,18692,29
rising,18695,18692,18695,3
rearing,19191,18695,19191,496
sniffing,19235,19191,19235,44
running,19278,19235,19278,43
trotting,19306,19278,19306,28
walking,19387,19306,19387,81
rearing,19508,19387,19508,121
grooming,19509,19508,19509,1
sniffing,19587,19509,19587,78
walking,19592,19587,19592,5
trotting,19609,19592,19609,17
walking,19610,19609,19610,1
rising,19643,19610,19643,33
sniffing,19676,19643,19676,33
stepping,19725,19676,19725,49
walking,19764,19725,19764,39
sniffing,19765,19764,19765,1
walking,19775,19765,19775,10
rising,19836,19775,19836,61
climbing,19870,19836,19870,34
walking,19882,19870,19882,12
left_turning,19920,19882,19920,38
rising,20002,19920,20002,82
trotting,20021,20002,20021,19
sniffing,20067,20021,20067,46
left_turning,20085,20067,20085,18
rising,20100,20085,20100,15
climbing,20124,20100,20124,24
sniffing,20132,20124,20132,8
stepping,20152,20132,20152,20
climbing,20220,20152,20220,68
grooming,20221,20220,20221,1
sniffing,20230,20221,20230,9
rising,20260,20230,20260,30
sniffing,20409,20260,20409,149
rising,20415,20409,20415,6
rearing,20416,20415,20416,1
climbing,20430,20416,20430,14
sniffing,20476,20430,20476,46
left_turning,20545,20476,20545,69
sniffing,20607,20545,20607,62
rising,20608,20607,20608,1
climbing,20656,20608,20656,48
rising,20723,20656,20723,67
left_turning,20804,20723,20804,81
walking,20832,20804,20832,28
sniffing,20833,20832,20833,1
climbing,20889,20833,20889,56
left_turning,20919,20889,20919,30
walking,20935,20919,20935,16
trotting,20951,20935,20951,16
walking,20972,20951,20972,21
trotting,21000,20972,21000,28
sniffing,21085,21000,21085,85
stepping,21123,21085,21123,38
climbing,21181,21123,21181,58
trotting,21211,21181,21211,30
running,21260,21211,21260,49
sniffing,21376,21260,21376,116
trotting,21390,21376,21390,14
sniffing,21433,21390,21433,43
rising,21441,21433,21441,8
walking,21492,21441,21492,51
rising,21749,21492,21749,257
sniffing,21821,21749,21821,72
rising,21822,21821,21822,1
walking,21823,21822,21823,1
sniffing,21997,21823,21997,174
climbing,22034,21997,22034,37
rising,22045,22034,22045,11
hunching,22070,22045,22070,25
rearing,22071,22070,22071,1
sniffing,22107,22071,22107,36
walking,22126,22107,22126,19
rearing,22161,22126,22161,35
left_turning,22165,22161,22165,4
trotting,22176,22165,22176,11
rising,22184,22176,22184,8
climbing,22248,22184,22248,64
walking,22302,22248,22302,54
rising,22338,22302,22338,36
sniffing,22387,22338,22387,49
right_turning,22402,22387,22402,15
sniffing,22428,22402,22428,26
running,22470,22428,22470,42
right_turning,22476,22470,22476,6
stepping,22523,22476,22523,47
rising,22534,22523,22534,11
climbing,22580,22534,22580,46
walking,22607,22580,22607,27
stepping,22665,22607,22665,58
left_turning,22675,22665,22675,10
sniffing,22717,22675,22717,42
trotting,22735,22717,22735,18
sniffing,22877,22735,22877,142
walking,22897,22877,22897,20
climbing,22932,22897,22932,35
rearing,22964,22932,22964,32
stepping,22965,22964,22965,1
rising,22974,22965,22974,9
climbing,22975,22974,22975,1
stepping,22980,22975,22980,5
walking,22993,22980,22993,13
sniffing,22994,22993,22994,1
running,23041,22994,23041,47
stepping,23080,23041,23080,39
sniffing,23154,23080,23154,74
walking,23155,23154,23155,1
sniffing,23156,23155,23156,1
walking,23195,23156,23195,39
rising,23237,23195,23237,42
sniffing,23258,23237,23258,21
left_turning,23318,23258,23318,60
stepping,23322,23318,23322,4
rising,23331,23322,23331,9
climbing,23368,23331,23368,37
stepping,23394,23368,23394,26
sniffing,23435,23394,23435,41
walking,23511,23435,23511,76
stepping,23558,23511,23558,47
sniffing,23559,23558,23559,1
running,23572,23559,23572,13
walking,23592,23572,23592,20
left_turning,23605,23592,23605,13
walking,23663,23605,23663,58
climbing,23734,23663,23734,71
rising,23745,23734,23745,11
right_turning,23755,23745,23755,10
left_turning,23789,23755,23789,34
running,23817,23789,23817,28
walking,23866,23817,23866,49
climbing,23895,23866,23895,29
sniffing,23896,23895,23896,1
climbing,23939,23896,23939,43
rearing,23943,23939,23943,4
left_turning,24013,23943,24013,70
stepping,24073,24013,24073,60
right_turning,24074,24073,24074,1
walking,24103,24074,24103,29
rising,24118,24103,24118,15
rearing,24157,24118,24157,39
sniffing,24222,24157,24222,65
walking,24264,24222,24264,42
sniffing,24307,24264,24307,43
climbing,24363,24307,24363,56
sniffing,24364,24363,24364,1
walking,24392,24364,24392,28
left_turning,24425,24392,24425,33
sniffing,24445,24425,24445,20
left_turning,24461,24445,24461,16
walking,24497,24461,24497,36
sniffing,24522,24497,24522,25
climbing,24538,24522,24538,16
walking,24559,24538,24559,21
sniffing,24611,24559,24611,52
climbing,24625,24611,24625,14
stepping,24684,24625,24684,59
rising,24694,24684,24694,10
sniffing,24695,24694,24695,1
rising,24696,24695,24696,1
sniffing,24828,24696,24828,132
walking,24932,24828,24932,104
climbing,25023,24932,25023,91
running,25057,25023,25057,34
sniffing,25094,25057,25094,37
climbing,25095,25094,25095,1
running,25123,25095,25123,28
walking,25130,25123,25130,7
right_turning,25144,25130,25144,14
walking,25153,25144,25153,9
sniffing,25161,25153,25161,8
walking,25185,25161,25185,24
sniffing,25233,25185,25233,48
climbing,25249,25233,25249,16
rising,25250,25249,25250,1
sniffing,25302,25250,25302,52
climbing,25372,25302,25372,70
walking,25393,25372,25393,21
stepping,25468,25393,25468,75
rising,25469,25468,25469,1
sniffing,25510,25469,25510,41
left_turning,25549,25510,25549,39
sniffing,25649,25549,25649,100
walking,25650,25649,25650,1
stepping,25702,25650,25702,52
sniffing,25703,25702,25703,1
rising,25779,25703,25779,76
climbing,25780,25779,25780,1
rearing,25800,25780,25800,20
left_turning,25812,25800,25812,12
stepping,25859,25812,25859,47
climbing,25905,25859,25905,46
rising,25950,25905,25950,45
sniffing,26156,25950,26156,206
climbing,26203,26156,26203,47
rearing,26325,26203,26325,122
rising,26326,26325,26326,1
climbing,26372,26326,26372,46
right_turning,26404,26372,26404,32
sniffing,26454,26404,26454,50
trotting,26514,26454,26514,60
walking,26589,26514,26589,75
sniffing,26614,26589,26614,25
left_turning,26640,26614,26640,26
rising,26646,26640,26646,6
climbing,26674,26646,26674,28
left_turning,26741,26674,26741,67
sniffing,26743,26741,26743,2
rising,26778,26743,26778,35
left_turning,26810,26778,26810,32
walking,26820,26810,26820,10
climbing,26854,26820,26854,34
hunching,26926,26854,26926,72
climbing,26943,26926,26943,17
trotting,26969,26943,26969,26
sniffing,26974,26969,26974,5
walking,27001,26974,27001,27
sniffing,27045,27001,27045,44
walking,27126,27045,27126,81
trotting,27132,27126,27132,6
hunching,27156,27132,27156,24
rearing,27200,27156,27200,44
grooming,27394,27200,27394,194
left_turning,27434,27394,27434,40
trotting,27441,27434,27441,7
walking,27487,27441,27487,46
sniffing,27510,27487,27510,23
climbing,27556,27510,27556,46
walking,27601,27556,27601,45
climbing,27620,27601,27620,19
right_turning,27642,27620,27642,22
walking,27680,27642,27680,38
sniffing,27710,27680,27710,30
left_turning,27749,27710,27749,39
walking,27805,27749,27805,56
stepping,27840,27805,27840,35
sniffing,27860,27840,27860,20
grooming,27868,27860,27868,8
rearing,28061,27868,28061,193
climbing,28072,28061,28072,11
rearing,28073,28072,28073,1
right_turning,28086,28073,28086,13
walking,28100,28086,28100,14
right_turning,28121,28100,28121,21
sniffing,28122,28121,28122,1
walking,28123,28122,28123,1
sniffing,28161,28123,28161,38
walking,28218,28161,28218,57
climbing,28265,28218,28265,47
sniffing,28272,28265,28272,7
climbing,28278,28272,28278,6
sniffing,28312,28278,28312,34
left_turning,28333,28312,28333,21
walking,28334,28333,28334,1
sniffing,28335,28334,28335,1
rising,28377,28335,28377,42
hunching,28440,28377,28440,63
grooming,28805,28440,28805,365
rearing,28806,28805,28806,1
grooming,28852,28806,28852,46
rearing,28964,28852,28964,112
sniffing,29065,28964,29065,101
walking,29078,29065,29078,13
climbing,29104,29078,29104,26
rearing,29105,29104,29105,1
grooming,29106,29105,29106,1
sniffing,29120,29106,29120,14
left_turning,29133,29120,29133,13
running,29134,29133,29134,1
stepping,29171,29134,29171,37
sniffing,29240,29171,29240,69
stepping,29318,29240,29318,78
sniffing,29319,29318,29319,1
grooming,29320,29319,29320,1
walking,29345,29320,29345,25
sniffing,29372,29345,29372,27
left_turning,29373,29372,29373,1
sniffing,29457,29373,29457,84
walking,29491,29457,29491,34
climbing,29580,29491,29580,89
hunching,29581,29580,29581,1
right_turning,29596,29581,29596,15
trotting,29637,29596,29637,41
sniffing,29744,29637,29744,107
walking,29763,29744,29763,19
trotting,29791,29763,29791,28
sniffing,29823,29791,29823,32
grooming,29960,29823,29960,137
rearing,30019,29960,30019,59
grooming,30020,30019,30020,1
rearing,30021,30020,30021,1
climbing,30048,30021,30048,27
rising,30234,30048,30234,186
jumping,30307,30234,30307,73
hunching,30378,30307,30378,71
grooming,30620,30378,30620,242
sniffing,30621,30620,30621,1
walking,30639,30621,30639,18
left_turning,30643,30639,30643,4
sniffing,30666,30643,30666,23
right_turning,30699,30666,30699,33
stepping,30709,30699,30709,10
trotting,30725,30709,30725,16
running,30737,30725,30737,12
sniffing,30833,30737,30833,96
left_turning,30910,30833,30910,77
sniffing,31021,30910,31021,111
trotting,31036,31021,31036,15
sniffing,31037,31036,31037,1
climbing,31117,31037,31117,80
sniffing,31191,31117,31191,74
rising,31295,31191,31295,104
stepping,31308,31295,31308,13
walking,31352,31308,31352,44
sniffing,31353,31352,31353,1
walking,31365,31353,31365,12
hunching,31428,31365,31428,63
walking,31493,31428,31493,65
climbing,31553,31493,31553,60
left_turning,31565,31553,31565,12
walking,31568,31565,31568,3
sniffing,31569,31568,31569,1
rising,31600,31569,31600,31
right_turning,31620,31600,31620,20
hunching,31670,31620,31670,50
rising,31724,31670,31724,54
climbing,31788,31724,31788,64
right_turning,31789,31788,31789,1
climbing,31790,31789,31790,1
walking,31809,31790,31809,19
sniffing,31943,31809,31943,134
rising,31967,31943,31967,24
sniffing,32025,31967,32025,58
walking,32052,32025,32052,27
rising,32081,32052,32081,29
sniffing,32129,32081,32129,48
walking,32207,32129,32207,78
running,32247,32207,32247,40
sniffing,32314,32247,32314,67
stepping,32315,32314,32315,1
sniffing,32375,32315,32375,60
walking,32395,32375,32395,20
trotting,32419,32395,32419,24
walking,32420,32419,32420,1
climbing,32458,32420,32458,38
running,32470,32458,32470,12
sniffing,32626,32470,32626,156
walking,32655,32626,32655,29
left_turning,32673,32655,32673,18
sniffing,32674,32673,32674,1
left_turning,32678,32674,32678,4
sniffing,32701,32678,32701,23
right_turning,32718,32701,32718,17
walking,32763,32718,32763,45
sniffing,32826,32763,32826,63
walking,32861,32826,32861,35
rising,32865,32861,32865,4
sniffing,32909,32865,32909,44
stepping,32931,32909,32931,22
walking,32945,32931,32945,14
sniffing,33067,32945,33067,122
climbing,33076,33067,33076,9
sniffing,33148,33076,33148,72
right_turning,33149,33148,33149,1
rising,33201,33149,33201,52
climbing,33259,33201,33259,58
running,33273,33259,33273,14
climbing,33303,33273,33303,30
running,33311,33303,33311,8
walking,33320,33311,33320,9
stepping,33331,33320,33331,11
sniffing,33440,33331,33440,109
rising,33467,33440,33467,27
jumping,33505,33467,33505,38
rearing,33542,33505,33542,37
sniffing,33561,33542,33561,19
running,33578,33561,33578,17
walking,33590,33578,33590,12
running,33614,33590,33614,24
left_turning,33615,33614,33615,1
rising,33616,33615,33616,1
climbing,33632,33616,33632,16
rising,33711,33632,33711,79
sniffing,33712,33711,33712,1
rising,33792,33712,33792,80
hunching,33920,33792,33920,128
rising,33921,33920,33921,1
sniffing,34018,33921,34018,97
walking,34063,34018,34063,45
running,34084,34063,34084,21
sniffing,34172,34084,34172,88
walking,34223,34172,34223,51
sniffing,34263,34223,34263,40
trotting,34279,34263,34279,16
stepping,34309,34279,34309,30
rising,34373,34309,34373,64
climbing,34437,34373,34437,64
walking,34460,34437,34460,23
sniffing,34527,34460,34527,67
left_turning,34682,34527,34682,155
sniffing,34683,34682,34683,1
right_turning,34714,34683,34714,31
walking,34751,34714,34751,37
climbing,34806,34751,34806,55
sniffing,34807,34806,34807,1
rising,34808,34807,34808,1
sniffing,34850,34808,34850,42
rising,34907,34850,34907,57
walking,34923,34907,34923,16
stepping,34987,34923,34987,64
walking,34994,34987,34994,7
rearing,35056,34994,35056,62
trotting,35062,35056,35062,6
rearing,35148,35062,35148,86
climbing,35172,35148,35172,24
rising,35173,35172,35173,1
climbing,35192,35173,35192,19
sniffing,35432,35192,35432,240
rising,35454,35432,35454,22
jumping,35488,35454,35488,34
sniffing,35489,35488,35489,1
walking,35528,35489,35528,39
sniffing,35547,35528,35547,19
climbing,35625,35547,35625,78
rising,35777,35625,35777,152
rearing,35842,35777,35842,65
grooming,36100,35842,36100,258
hunching,36219,36100,36219,119
sniffing,36231,36219,36231,12
walking,36254,36231,36254,23
sniffing,36283,36254,36283,29
rising,36317,36283,36317,34
right_turning,36345,36317,36345,28
walking,36347,36345,36347,2
sniffing,36403,36347,36403,56
walking,36414,36403,36414,11
sniffing,36479,36414,36479,65
climbing,36519,36479,36519,40
rising,36533,36519,36533,14
trotting,36565,36533,36565,32
left_turning,36589,36565,36589,24
walking,36632,36589,36632,43
climbing,36685,36632,36685,53
rearing,36750,36685,36750,65
hunching,36764,36750,36764,14
rearing,36773,36764,36773,9
left_turning,36927,36773,36927,154
trotting,36951,36927,36951,24
rising,37014,36951,37014,63
climbing,37036,37014,37036,22
hunching,37111,37036,37111,75
rearing,37198,37111,37198,87
grooming,37210,37198,37210,12
right_turning,37211,37210,37211,1
sniffing,37268,37211,37268,57
left_turning,37302,37268,37302,34
right_turning,37328,37302,37328,26
rearing,37329,37328,37329,1
sniffing,37330,37329,37330,1
left_turning,37331,37330,37331,1
walking,37332,37331,37332,1
trotting,37368,37332,37368,36
left_turning,37369,37368,37369,1
sniffing,37448,37369,37448,79
rising,37498,37448,37498,50
climbing,37543,37498,37543,45
right_turning,37563,37543,37563,20
walking,37567,37563,37567,4
sniffing,37636,37567,37636,69
rising,37637,37636,37637,1
left_turning,37647,37637,37647,10
sniffing,37662,37647,37662,15
left_turning,37709,37662,37709,47
walking,37777,37709,37777,68
rising,37778,37777,37778,1
sniffing,37779,37778,37779,1
grooming,38213,37779,38213,434
left_turning,38370,38213,38370,157
sniffing,38371,38370,38371,1
walking,38446,38371,38446,75
sniffing,38531,38446,38531,85
pausing,38682,38531,38682,151
sniffing,38713,38682,38713,31
trotting,38740,38713,38740,27
rising,38756,38740,38756,16
sniffing,38770,38756,38770,14
walking,38814,38770,38814,44
left_turning,38980,38814,38980,166
climbing,39017,38980,39017,37
right_turning,39028,39017,39028,11
walking,39113,39028,39113,85
left_turning,39134,39113,39134,21
walking,39182,39134,39182,48
rising,39183,39182,39183,1
sniffing,39184,39183,39184,1
left_turning,39210,39184,39210,26
right_turning,39242,39210,39242,32
trotting,39266,39242,39266,24
stepping,39273,39266,39273,7
hunching,39274,39273,39274,1
grooming,39557,39274,39557,283
climbing,39591,39557,39591,34
rising,39663,39591,39663,72
trotting,39704,39663,39704,41
walking,39727,39704,39727,23
stepping,39747,39727,39747,20
left_turning,39768,39747,39768,21
walking,39779,39768,39779,11
rising,39785,39779,39785,6
sniffing,39800,39785,39800,15
hunching,39909,39800,39909,109
grooming,40033,39909,40033,124
rearing,40113,40033,40113,80
hunching,40426,40113,40426,313
running,40428,40426,40428,2
trotting,40460,40428,40460,32
left_turning,40515,40460,40515,55
sniffing,40524,40515,40524,9
rearing,40640,40524,40640,116
hunching,40703,40640,40703,63
rising,40721,40703,40721,18
trotting,40784,40721,40784,63
sniffing,40813,40784,40813,29
pausing,40964,40813,40964,151
sniffing,40987,40964,40987,23
climbing,41061,40987,41061,74
sniffing,41082,41061,41082,21
walking,41109,41082,41109,27
rising,41175,41109,41175,66
rearing,41230,41175,41230,55
right_turning,41231,41230,41231,1
grooming,41412,41231,41412,181
hunching,41425,41412,41425,13
sniffing,41455,41425,41455,30
rearing,41479,41455,41479,24
sniffing,41625,41479,41625,146
rising,41667,41625,41667,42
right_turning,41684,41667,41684,17
sniffing,41685,41684,41685,1
climbing,41744,41685,41744,59
sniffing,41827,41744,41827,83
walking,41860,41827,41860,33
trotting,41910,41860,41910,50
sniffing,42073,41910,42073,163
right_turning,42102,42073,42102,29
walking,42110,42102,42110,8
sniffing,42131,42110,42131,21
climbing,42210,42131,42210,79
sniffing,42305,42210,42305,95
left_turning,42306,42305,42306,1
running,42347,42306,42347,41
climbing,42400,42347,42400,53
walking,42442,42400,42442,42
sniffing,42460,42442,42460,18
walking,42485,42460,42485,25
rising,42500,42485,42500,15
sniffing,42535,42500,42535,35
walking,42571,42535,42571,36
sniffing,42579,42571,42579,8
walking,42595,42579,42595,16
climbing,42624,42595,42624,29
walking,42661,42624,42661,37
left_turning,42687,42661,42687,26
trotting,42722,42687,42722,35
sniffing,42779,42722,42779,57
rising,42780,42779,42780,1
climbing,42823,42780,42823,43
running,42866,42823,42866,43
left_turning,42895,42866,42895,29
rising,42920,42895,42920,25
climbing,42950,42920,42950,30
trotting,43002,42950,43002,52
walking,43025,43002,43025,23
rising,43026,43025,43026,1
climbing,43060,43026,43060,34
trotting,43078,43060,43078,18
sniffing,43126,43078,43126,48
walking,43145,43126,43145,19
sniffing,43150,43145,43150,5
climbing,43194,43150,43194,44
sniffing,43211,43194,43211,17
rising,43293,43211,43293,82
climbing,43305,43293,43305,12
rising,43320,43305,43320,15
sniffing,43373,43320,43373,53
rising,43374,43373,43374,1
climbing,43416,43374,43416,42
rising,43428,43416,43428,12
climbing,43530,43428,43530,102
trotting,43557,43530,43557,27
left_turning,43594,43557,43594,37
sniffing,43662,43594,43662,68
rising,43722,43662,43722,60
climbing,43747,43722,43747,25
grooming,44160,43747,44160,413
sniffing,44215,44160,44215,55
running,44228,44215,44228,13
walking,44247,44228,44247,19
running,44273,44247,44273,26
stepping,44315,44273,44315,42
running,44346,44315,44346,31
walking,44373,44346,44373,27
climbing,44424,44373,44424,51
walking,44460,44424,44460,36
sniffing,44475,44460,44475,15
rising,44514,44475,44514,39
sniffing,44520,44514,44520,6
walking,44563,44520,44563,43
sniffing,44578,44563,44578,15
right_turning,44590,44578,44590,12
hunching,44707,44590,44707,117
rearing,44817,44707,44817,110
climbing,44828,44817,44828,11
rising,44829,44828,44829,1
climbing,44885,44829,44885,56
walking,44898,44885,44898,13
rising,44924,44898,44924,26
climbing,44947,44924,44947,23
rising,45006,44947,45006,59
climbing,45036,45006,45036,30
sniffing,45099,45036,45099,63
left_turning,45181,45099,45181,82
sniffing,45219,45181,45219,38
left_turning,45245,45219,45245,26
sniffing,45259,45245,45259,14
right_turning,45291,45259,45291,32
sniffing,45319,45291,45319,28
walking,45355,45319,45355,36
rising,45382,45355,45382,27
sniffing,45448,45382,45448,66
climbing,45520,45448,45520,72
walking,45539,45520,45539,19
sniffing,45556,45539,45556,17
pausing,45804,45556,45804,248
hunching,45805,45804,45805,1
climbing,45849,45805,45849,44
right_turning,45863,45849,45863,14
walking,45910,45863,45910,47
sniffing,45997,45910,45997,87
rearing,46055,45997,46055,58
climbing,46066,46055,46066,11
rearing,46162,46066,46162,96
rising,46210,46162,46210,48
sniffing,46257,46210,46257,47
rising,46282,46257,46282,25
grooming,46453,46282,46453,171
rearing,46454,46453,46454,1
right_turning,46475,46454,46475,21
sniffing,46482,46475,46482,7
rising,46487,46482,46487,5
climbing,46523,46487,46523,36
rearing,46623,46523,46623,100
walking,46647,46623,46647,24
left_turning,46649,46647,46649,2
sniffing,46743,46649,46743,94
trotting,46750,46743,46750,7
sniffing,46773,46750,46773,23
rearing,46864,46773,46864,91
sniffing,46944,46864,46944,80
grooming,47103,46944,47103,159
stepping,47114,47103,47114,11
sniffing,47138,47114,47138,24
stepping,47139,47138,47139,1
grooming,47399,47139,47399,260
rearing,47512,47399,47512,113
climbing,47552,47512,47552,40
hunching,47623,47552,47623,71
sniffing,47664,47623,47664,41
walking,47712,47664,47712,48
rising,47713,47712,47713,1
sniffing,47731,47713,47731,18
hunching,47858,47731,47858,127
rising,47891,47858,47891,33
sniffing,47957,47891,47957,66
stepping,47958,47957,47958,1
climbing,48014,47958,48014,56
rearing,48071,48014,48071,57
hunching,48142,48071,48142,71
climbing,48201,48142,48201,59
right_turning,48202,48201,48202,1
walking,48248,48202,48248,46
running,48295,48248,48295,47
stepping,48338,48295,48338,43
sniffing,48513,48338,48513,175
climbing,48582,48513,48582,69
sniffing,48645,48582,48645,63
rising,48687,48645,48687,42
rearing,48692,48687,48692,5
hunching,48709,48692,48709,17
sniffing,48719,48709,48719,10
trotting,48751,48719,48751,32
rising,48786,48751,48786,35
climbing,48856,48786,48856,70
sniffing,48858,48856,48858,2
hunching,48872,48858,48872,14
sniffing,48901,48872,48901,29
walking,48902,48901,48902,1
climbing,48965,48902,48965,63
walking,48966,48965,48966,1
rising,49038,48966,49038,72
walking,49056,49038,49056,18
climbing,49120,49056,49120,64
rising,49173,49120,49173,53
climbing,49174,49173,49174,1
running,49202,49174,49202,28
walking,49259,49202,49259,57
climbing,49348,49259,49348,89
rising,49349,49348,49349,1
rearing,49381,49349,49381,32
left_turning,49424,49381,49424,43
climbing,49464,49424,49464,40
rearing,49473,49464,49473,9
rising,49474,49473,49474,1
climbing,49551,49474,49551,77
right_turning,49574,49551,49574,23
sniffing,49581,49574,49581,7
trotting,49613,49581,49613,32
left_turning,49614,49613,49614,1
sniffing,49717,49614,49717,103
hunching,49745,49717,49745,28
rearing,49809,49745,49809,64
grooming,50200,49809,50200,391
hunching,50367,50200,50367,167
right_turning,50371,50367,50371,4
walking,50394,50371,50394,23
sniffing,50474,50394,50474,80
trotting,50480,50474,50480,6
left_turning,50560,50480,50560,80
walking,50561,50560,50561,1
sniffing,50648,50561,50648,87
stepping,50733,50648,50733,85
rising,50734,50733,50734,1
sniffing,50735,50734,50735,1
left_turning,50809,50735,50809,74
sniffing,50810,50809,50810,1
stepping,50832,50810,50832,22
rising,50919,50832,50919,87
climbing,50962,50919,50962,43
sniffing,51010,50962,51010,48
stepping,51028,51010,51028,18
running,51038,51028,51038,10
walking,51068,51038,51068,30
climbing,51126,51068,51126,58
walking,51184,51126,51184,58
sniffing,51234,51184,51234,50
right_turning,51255,51234,51255,21
climbing,51287,51255,51287,32
grooming,51355,51287,51355,68
rearing,51637,51355,51637,282
sniffing,51655,51637,51655,18
walking,51707,51655,51707,52
trotting,51752,51707,51752,45
sniffing,51837,51752,51837,85
rearing,51838,51837,51838,1
grooming,51839,51838,51839,1
rearing,52011,51839,52011,172
left_turning,52046,52011,52046,35
walking,52076,52046,52076,30
sniffing,52113,52076,52113,37
trotting,52133,52113,52133,20
running,52134,52133,52134,1
stepping,52135,52134,52135,1
sniffing,52167,52135,52167,32
rising,52204,52167,52204,37
climbing,52281,52204,52281,77
rising,52282,52281,52282,1
grooming,52680,52282,52680,398
hunching,52735,52680,52735,55
walking,52759,52735,52759,24
rearing,53084,52759,53084,325
sniffing,53085,53084,53085,1
climbing,53124,53085,53124,39
running,53143,53124,53143,19
trotting,53156,53143,53156,13
stepping,53194,53156,53194,38
rearing,53258,53194,53258,64
stepping,53264,53258,53264,6
trotting,53288,53264,53288,24
stepping,53336,53288,53336,48
sniffing,53378,53336,53378,42
grooming,53492,53378,53492,114
sniffing,53493,53492,53493,1
rising,53569,53493,53569,76
climbing,53591,53569,53591,22
rising,53608,53591,53608,17
sniffing,53609,53608,53609,1
rearing,53723,53609,53723,114
rising,53787,53723,53787,64
grooming,53788,53787,53788,1
sniffing,53932,53788,53932,144
grooming,54118,53932,54118,186
rearing,54156,54118,54156,38
sniffing,54207,54156,54207,51
right_turning,54254,54207,54254,47
rising,54328,54254,54328,74
rearing,54430,54328,54430,102
climbing,54459,54430,54459,29
sniffing,54523,54459,54523,64
left_turning,54524,54523,54524,1
sniffing,54725,54524,54725,201
left_turning,54785,54725,54785,60
rising,54805,54785,54805,20
sniffing,54819,54805,54819,14
rising,54832,54819,54832,13
sniffing,54899,54832,54899,67
left_turning,54900,54899,54900,1
walking,54911,54900,54911,11
sniffing,54936,54911,54936,25
right_turning,54992,54936,54992,56
sniffing,55040,54992,55040,48
climbing,55067,55040,55067,27
walking,55076,55067,55076,9
hunching,55077,55076,55077,1
climbing,55168,55077,55168,91
rearing,55169,55168,55169,1
walking,55203,55169,55203,34
sniffing,55337,55203,55337,134
walking,55400,55337,55400,63
right_turning,55415,55400,55415,15
sniffing,55431,55415,55431,16
climbing,55502,55431,55502,71
walking,55507,55502,55507,5
sniffing,55516,55507,55516,9
walking,55538,55516,55538,22
sniffing,55596,55538,55596,58
rearing,55605,55596,55605,9
grooming,55623,55605,55623,18
trotting,55635,55623,55635,12
rising,55636,55635,55636,1
walking,55643,55636,55643,7
sniffing,55678,55643,55678,35
trotting,55705,55678,55705,27
sniffing,55724,55705,55724,19
hunching,55824,55724,55824,100
grooming,55825,55824,55825,1
walking,55901,55825,55901,76
sniffing,55971,55901,55971,70
climbing,56107,55971,56107,136
walking,56115,56107,56115,8
sniffing,56149,56115,56149,34
left_turning,56196,56149,56196,47
walking,56214,56196,56214,18
right_turning,56231,56214,56231,17
sniffing,56364,56231,56364,133
left_turning,56377,56364,56377,13
sniffing,56440,56377,56440,63
walking,56492,56440,56492,52
sniffing,56512,56492,56512,20
right_turning,56551,56512,56551,39
climbing,56571,56551,56571,20
walking,56637,56571,56637,66
trotting,56655,56637,56655,18
left_turning,56674,56655,56674,19
rising,56676,56674,56676,2
sniffing,56690,56676,56690,14
left_turning,56743,56690,56743,53
right_turning,56761,56743,56761,18
walking,56817,56761,56817,56
hunching,56818,56817,56818,1
stepping,56834,56818,56834,16
sniffing,56853,56834,56853,19
stepping,56914,56853,56914,61
sniffing,56989,56914,56989,75
left_turning,56990,56989,56990,1
walking,57036,56990,57036,46
stepping,57046,57036,57046,10
sniffing,57047,57046,57047,1
climbing,57062,57047,57062,15
sniffing,57156,57062,57156,94
pausing,57157,57156,57157,1
sniffing,57158,57157,57158,1
climbing,57188,57158,57188,30
rising,57189,57188,57189,1
climbing,57190,57189,57190,1
rising,57191,57190,57191,1
climbing,57255,57191,57255,64
grooming,57256,57255,57256,1
sniffing,57280,57256,57280,24
stepping,57281,57280,57281,1
sniffing,57440,57281,57440,159
climbing,57450,57440,57450,10
sniffing,57558,57450,57558,108
left_turning,57612,57558,57612,54
sniffing,57693,57612,57693,81
climbing,57731,57693,57731,38
hunching,57817,57731,57817,86
climbing,57845,57817,57845,28
sniffing,57926,57845,57926,81
right_turning,57939,57926,57939,13
walking,57986,57939,57986,47
climbing,58030,57986,58030,44
rising,58059,58030,58059,29
rearing,58060,58059,58060,1
sniffing,58116,58060,58116,56
left_turning,58161,58116,58161,45
walking,58184,58161,58184,23
trotting,58196,58184,58196,12
sniffing,58336,58196,58336,140
climbing,58410,58336,58410,74
walking,58454,58410,58454,44
left_turning,58491,58454,58491,37
walking,58514,58491,58514,23
sniffing,58604,58514,58604,90
rising,58656,58604,58656,52
rearing,58694,58656,58694,38
rising,58766,58694,58766,72
sniffing,58767,58766,58767,1
climbing,58814,58767,58814,47
rearing,58840,58814,58840,26
rising,58931,58840,58931,91
rearing,59088,58931,59088,157
climbing,59148,59088,59148,60
right_turning,59183,59148,59183,35
walking,59233,59183,59233,50
sniffing,59250,59233,59250,17
right_turning,59288,59250,59288,38
walking,59289,59288,59289,1
sniffing,59417,59289,59417,128
rearing,59428,59417,59428,11
sniffing,59493,59428,59493,65
left_turning,59515,59493,59515,22
sniffing,59552,59515,59552,37
left_turning,59553,59552,59553,1
walking,59558,59553,59558,5
sniffing,59559,59558,59559,1
grooming,59600,59559,59600,41
sniffing,59650,59600,59650,50
climbing,59673,59650,59673,23
trotting,59732,59673,59732,59
walking,59764,59732,59764,32
climbing,59798,59764,59798,34
rising,59867,59798,59867,69
left_turning,59868,59867,59868,1
walking,59940,59868,59940,72
rising,60016,59940,60016,76
climbing,60091,60016,60091,75
hunching,60118,60091,60118,27
climbing,60248,60118,60248,130
walking,60268,60248,60268,20
sniffing,60314,60268,60314,46
rearing,60418,60314,60418,104
grooming,60683,60418,60683,265
sniffing,60748,60683,60748,65
hunching,60886,60748,60886,138
grooming,61288,60886,61288,402
rearing,61408,61288,61408,120
sniffing,61409,61408,61409,1
climbing,61432,61409,61432,23
walking,61449,61432,61449,17
rising,61521,61449,61521,72
climbing,61579,61521,61579,58
rearing,61580,61579,61580,1
sniffing,61642,61580,61642,62
grooming,61858,61642,61858,216
sniffing,61892,61858,61892,34
walking,61921,61892,61921,29
trotting,61958,61921,61958,37
sniffing,61973,61958,61973,15
walking,62031,61973,62031,58
rising,62140,62031,62140,109
sniffing,62162,62140,62162,22
rising,62163,62162,62163,1
left_turning,62203,62163,62203,40
sniffing,62308,62203,62308,105
stepping,62342,62308,62342,34
walking,62403,62342,62403,61
rising,62426,62403,62426,23
sniffing,62513,62426,62513,87
walking,62566,62513,62566,53
sniffing,62590,62566,62590,24
stepping,62591,62590,62591,1
rearing,62719,62591,62719,128
hunching,62757,62719,62757,38
rising,62766,62757,62766,9
sniffing,62814,62766,62814,48
rising,62887,62814,62887,73
sniffing,62905,62887,62905,18
walking,62928,62905,62928,23
sniffing,63043,62928,63043,115
hunching,63125,63043,63125,82
sniffing,63151,63125,63151,26
rising,63196,63151,63196,45
climbing,63205,63196,63205,9
sniffing,63206,63205,63206,1
walking,63259,63206,63259,53
climbing,63275,63259,63275,16
rising,63392,63275,63392,117
climbing,63431,63392,63431,39
running,63433,63431,63433,2
right_turning,63434,63433,63434,1
trotting,63465,63434,63465,31
walking,63466,63465,63466,1
climbing,63467,63466,63467,1
grooming,64268,63467,64268,801
sniffing,64277,64268,64277,9
climbing,64318,64277,64318,41
sniffing,64399,64318,64399,81
walking,64461,64399,64461,62
rearing,64558,64461,64558,97
climbing,64559,64558,64559,1
sniffing,64731,64559,64731,172
walking,64737,64731,64737,6
rising,64746,64737,64746,9
climbing,64747,64746,64747,1
sniffing,64750,64747,64750,3
climbing,64782,64750,64782,32
walking,64821,64782,64821,39
stepping,64848,64821,64848,27
trotting,64858,64848,64858,10
right_turning,64859,64858,64859,1
walking,64881,64859,64881,22
sniffing,64943,64881,64943,62
climbing,65021,64943,65021,78
sniffing,65036,65021,65036,15
rising,65059,65036,65059,23
sniffing,65113,65059,65113,54
right_turning,65138,65113,65138,25
rising,65142,65138,65142,4
grooming,66219,65142,66219,1077
left_turning,66232,66219,66232,13
rearing,66243,66232,66243,11
walking,66260,66243,66260,17
rising,66326,66260,66326,66
climbing,66342,66326,66342,16
rearing,66419,66342,66419,77
rising,66429,66419,66429,10
left_turning,66585,66429,66585,156
walking,66615,66585,66615,30
sniffing,66672,66615,66672,57
right_turning,66695,66672,66695,23
rising,66733,66695,66733,38
rearing,66734,66733,66734,1
rising,66752,66734,66752,18
climbing,66787,66752,66787,35
walking,66822,66787,66822,35
trotting,66865,66822,66865,43
walking,66903,66865,66903,38
grooming,66904,66903,66904,1
left_turning,66912,66904,66912,8
trotting,66928,66912,66928,16
sniffing,66985,66928,66985,57
trotting,67025,66985,67025,40
hunching,67026,67025,67026,1
climbing,67035,67026,67035,9
left_turning,67065,67035,67065,30
sniffing,67098,67065,67098,33
rising,67099,67098,67099,1
walking,67100,67099,67100,1
sniffing,67136,67100,67136,36
stepping,67193,67136,67193,57
sniffing,67194,67193,67194,1
rising,67234,67194,67234,40
climbing,67286,67234,67286,52
sniffing,67426,67286,67426,140
right_turning,67450,67426,67450,24
rising,67532,67450,67532,82
sniffing,67553,67532,67553,21
walking,67556,67553,67556,3
climbing,67557,67556,67557,1
rising,67574,67557,67574,17
sniffing,67657,67574,67657,83
walking,67721,67657,67721,64
sniffing,67741,67721,67741,20
walking,67749,67741,67749,8
grooming,67785,67749,67785,36
sniffing,67930,67785,67930,145
stepping,67953,67930,67953,23
climbing,68032,67953,68032,79
walking,68057,68032,68057,25
sniffing,68107,68057,68107,50
walking,68143,68107,68143,36
sniffing,68194,68143,68194,51
left_turning,68198,68194,68198,4
trotting,68211,68198,68211,13
walking,68237,68211,68237,26
sniffing,68238,68237,68238,1
right_turning,68239,68238,68239,1
trotting,68276,68239,68276,37
climbing,68346,68276,68346,70
rising,68441,68346,68441,95
sniffing,68498,68441,68498,57
stepping,68509,68498,68509,11
climbing,68568,68509,68568,59
hunching,68569,68568,68569,1
sniffing,68596,68569,68596,27
pausing,68746,68596,68746,150
sniffing,68754,68746,68754,8
rising,68755,68754,68755,1
rearing,68756,68755,68756,1
rising,68801,68756,68801,45
sniffing,68851,68801,68851,50
rising,68878,68851,68878,27
sniffing,68879,68878,68879,1
rearing,68929,68879,68929,50
grooming,69513,68929,69513,584
sniffing,69514,69513,69514,1
right_turning,69557,69514,69557,43
walking,69586,69557,69586,29
sniffing,69615,69586,69615,29
left_turning,69680,69615,69680,65
trotting,69706,69680,69706,26
climbing,69935,69706,69935,229
running,69962,69935,69962,27
walking,69996,69962,69996,34
trotting,70009,69996,70009,13
rising,70035,70009,70035,26
sniffing,70072,70035,70072,37
left_turning,70117,70072,70117,45
trotting,70137,70117,70137,20
walking,70161,70137,70161,24
sniffing,70189,70161,70189,28
left_turning,70190,70189,70190,1
sniffing,70298,70190,70298,108
stepping,70350,70298,70350,52
walking,70400,70350,70400,50
left_turning,70451,70400,70451,51
trotting,70501,70451,70501,50
sniffing,70604,70501,70604,103
walking,70627,70604,70627,23
rising,70661,70627,70661,34
sniffing,70687,70661,70687,26
right_turning,70738,70687,70738,51
rising,70822,70738,70822,84
sniffing,70926,70822,70926,104
climbing,70991,70926,70991,65
running,71000,70991,71000,9
rising,71016,71000,71016,16
sniffing,71017,71016,71017,1
rising,71022,71017,71022,5
rearing,71049,71022,71049,27
climbing,71073,71049,71073,24
rearing,71082,71073,71082,9
sniffing,71104,71082,71104,22
rising,71114,71104,71114,10
rearing,71272,71114,71272,158
sniffing,71273,71272,71273,1
grooming,71355,71273,71355,82
climbing,71442,71355,71442,87
stepping,71487,71442,71487,45
rearing,71562,71487,71562,75
grooming,71702,71562,71702,140
rearing,71703,71702,71703,1
grooming,71705,71703,71705,2
sniffing,71706,71705,71706,1
rising,71707,71706,71707,1
climbing,71767,71707,71767,60
sniffing,71778,71767,71778,11
grooming,71779,71778,71779,1
left_turning,71828,71779,71828,49
sniffing,71923,71828,71923,95
running,71944,71923,71944,21
left_turning,72047,71944,72047,103
sniffing,72064,72047,72064,17
climbing,72157,72064,72157,93
walking,72198,72157,72198,41
climbing,72226,72198,72226,28
rising,72261,72226,72261,35
walking,72288,72261,72288,27
climbing,72291,72288,72291,3
sniffing,72292,72291,72292,1
walking,72316,72292,72316,24
rearing,72341,72316,72341,25
running,72364,72341,72364,23
trotting,72385,72364,72385,21
sniffing,72426,72385,72426,41
grooming,72642,72426,72642,216
climbing,72705,72642,72705,63
rising,72722,72705,72722,17
climbing,72740,72722,72740,18
walking,72747,72740,72747,7
climbing,72803,72747,72803,56
rearing,72899,72803,72899,96
rising,72950,72899,72950,51
sniffing,72951,72950,72951,1
climbing,73021,72951,73021,70
walking,73022,73021,73022,1
sniffing,73036,73022,73036,14
left_turning,73065,73036,73065,29
walking,73093,73065,73093,28
rearing,73243,73093,73243,150
walking,73267,73243,73267,24
rearing,73317,73267,73317,50
grooming,73374,73317,73374,57
left_turning,73405,73374,73405,31
sniffing,73469,73405,73469,64
trotting,73491,73469,73491,22
sniffing,73492,73491,73492,1
left_turning,73507,73492,73507,15
sniffing,73546,73507,73546,39
climbing,73555,73546,73555,9
hunching,73614,73555,73614,59
climbing,73659,73614,73659,45
walking,73691,73659,73691,32
sniffing,73733,73691,73733,42
walking,73811,73733,73811,78
sniffing,73927,73811,73927,116
climbing,73977,73927,73977,50
walking,73978,73977,73978,1
sniffing,73979,73978,73979,1
walking,74003,73979,74003,24
trotting,74030,74003,74030,27
hunching,74172,74030,74172,142
rising,74203,74172,74203,31
walking,74268,74203,74268,65
sniffing,74269,74268,74269,1
grooming,74449,74269,74449,180
climbing,74488,74449,74488,39
walking,74491,74488,74491,3
right_turning,74521,74491,74521,30
hunching,74558,74521,74558,37
right_turning,74559,74558,74559,1
walking,74578,74559,74578,19
trotting,74609,74578,74609,31
left_turning,74692,74609,74692,83
sniffing,74887,74692,74887,195
climbing,74946,74887,74946,59
walking,74966,74946,74966,20
stepping,74988,74966,74988,22
walking,75022,74988,75022,34
stepping,75096,75022,75096,74
sniffing,75166,75096,75166,70
right_turning,75167,75166,75167,1
walking,75193,75167,75193,26
climbing,75194,75193,75194,1
running,75213,75194,75213,19
sniffing,75214,75213,75214,1
rising,75244,75214,75244,30
climbing,75257,75244,75257,13
left_turning,75265,75257,75265,8
walking,75266,75265,75266,1
sniffing,75307,75266,75307,41
rising,75349,75307,75349,42
sniffing,75379,75349,75379,30
rearing,75450,75379,75450,71
sniffing,75455,75450,75455,5
rising,75460,75455,75460,5
climbing,75486,75460,75486,26
right_turning,75495,75486,75495,9
sniffing,75541,75495,75541,46
pausing,75690,75541,75690,149
sniffing,75795,75690,75795,105
left_turning,75850,75795,75850,55
sniffing,75881,75850,75881,31
left_turning,75933,75881,75933,52
sniffing,76044,75933,76044,111
rising,76092,76044,76092,48
sniffing,76118,76092,76118,26
walking,76176,76118,76176,58
sniffing,76177,76176,76177,1
right_turning,76213,76177,76213,36
running,76248,76213,76248,35
walking,76261,76248,76261,13
sniffing,76271,76261,76271,10
trotting,76319,76271,76319,48
sniffing,76377,76319,76377,58
walking,76411,76377,76411,34
left_turning,76412,76411,76412,1
sniffing,76459,76412,76459,47
rising,76489,76459,76489,30
climbing,76498,76489,76498,9
left_turning,76598,76498,76598,100
walking,76609,76598,76609,11
running,76612,76609,76612,3
trotting,76632,76612,76632,20
walking,76642,76632,76642,10
left_turning,76687,76642,76687,45
walking,76715,76687,76715,28
climbing,76802,76715,76802,87
right_turning,76830,76802,76830,28
stepping,76862,76830,76862,32
trotting,76867,76862,76867,5
left_turning,76900,76867,76900,33
sniffing,76901,76900,76901,1
rising,76956,76901,76956,55
climbing,76984,76956,76984,28
walking,77040,76984,77040,56
sniffing,77041,77040,77041,1
left_turning,77099,77041,77099,58
sniffing,77214,77099,77214,115
grooming,77387,77214,77387,173
rearing,77421,77387,77421,34
climbing,77422,77421,77422,1
left_turning,77444,77422,77444,22
walking,77449,77444,77449,5
left_turning,77450,77449,77450,1
sniffing,77546,77450,77546,96
grooming,77581,77546,77581,35
sniffing,77623,77581,77623,42
walking,77631,77623,77631,8
sniffing,77672,77631,77672,41
hunching,77673,77672,77673,1
walking,77777,77673,77777,104
climbing,77807,77777,77807,30
hunching,77937,77807,77937,130
climbing,77970,77937,77970,33
walking,78019,77970,78019,49
climbing,78065,78019,78065,46
right_turning,78093,78065,78093,28
walking,78109,78093,78109,16
sniffing,78163,78109,78163,54
rising,78183,78163,78183,20
sniffing,78225,78183,78225,42
walking,78292,78225,78292,67
left_turning,78295,78292,78295,3
climbing,78304,78295,78304,9
right_turning,78357,78304,78357,53
left_turning,78365,78357,78365,8
sniffing,78409,78365,78409,44
stepping,78445,78409,78445,36
walking,78479,78445,78479,34
stepping,78523,78479,78523,44
sniffing,78629,78523,78629,106
right_turning,78630,78629,78630,1
walking,78660,78630,78660,30
sniffing,78723,78660,78723,63
rearing,78881,78723,78881,158
climbing,78887,78881,78887,6
right_turning,78906,78887,78906,19
walking,78943,78906,78943,37
trotting,78971,78943,78971,28
sniffing,78972,78971,78972,1
rising,78999,78972,78999,27
sniffing,79043,78999,79043,44
rising,79044,79043,79044,1
climbing,79056,79044,79056,12
hunching,79082,79056,79082,26
right_turning,79089,79082,79089,7
stepping,79132,79089,79132,43
right_turning,79152,79132,79152,20
walking,79153,79152,79153,1
sniffing,79210,79153,79210,57
right_turning,79226,79210,79226,16
sniffing,79232,79226,79232,6
left_turning,79237,79232,79237,5
sniffing,79238,79237,79238,1
rising,79268,79238,79268,30
climbing,79337,79268,79337,69
right_turning,79354,79337,79354,17
walking,79368,79354,79368,14
sniffing,79409,79368,79409,41
climbing,79474,79409,79474,65
left_turning,79515,79474,79515,41
sniffing,79629,79515,79629,114
stepping,79638,79629,79638,9
walking,79673,79638,79673,35
sniffing,79701,79673,79701,28
climbing,79780,79701,79780,79
walking,79798,79780,79798,18
rearing,79841,79798,79841,43
grooming,79842,79841,79842,1
walking,79865,79842,79865,23
trotting,79887,79865,79887,22
walking,79940,79887,79940,53
sniffing,79951,79940,79951,11
stepping,79980,79951,79980,29
sniffing,80122,79980,80122,142
walking,80127,80122,80127,5
sniffing,80128,80127,80128,1
right_turning,80141,80128,80141,13
sniffing,80225,80141,80225,84
left_turning,80226,80225,80226,1
walking,80258,80226,80258,32
left_turning,80265,80258,80265,7
trotting,80266,80265,80266,1
walking,80291,80266,80291,25
rising,80293,80291,80293,2
climbing,80379,80293,80379,86
rising,80380,80379,80380,1
climbing,80430,80380,80430,50
sniffing,80607,80430,80607,177
rising,80647,80607,80647,40
climbing,80711,80647,80711,64
rising,80761,80711,80761,50
sniffing,80832,80761,80832,71
rising,80833,80832,80833,1
walking,80877,80833,80877,44
sniffing,80954,80877,80954,77
rising,80972,80954,80972,18
sniffing,80973,80972,80973,1
rising,80999,80973,80999,26
climbing,81123,80999,81123,124
grooming,81311,81123,81311,188
walking,81363,81311,81363,52
climbing,81395,81363,81395,32
right_turning,81417,81395,81417,22
walking,81504,81417,81504,87
trotting,81547,81504,81547,43
left_turning,81622,81547,81622,75
sniffing,81676,81622,81676,54
rearing,81755,81676,81755,79
hunching,81888,81755,81888,133
sniffing,81992,81888,81992,104
rising,81993,81992,81993,1
climbing,82054,81993,82054,61
sniffing,82055,82054,82055,1
rearing,82085,82055,82085,30
running,82114,82085,82114,29
rising,82144,82114,82144,30
stepping,82171,82144,82171,27
walking,82181,82171,82181,10
sniffing,82213,82181,82213,32
left_turning,82253,82213,82253,40
rising,82264,82253,82264,11
rearing,82265,82264,82265,1
trotting,82266,82265,82266,1
walking,82267,82266,82267,1
sniffing,82292,82267,82292,25
rising,82309,82292,82309,17
left_turning,82358,82309,82358,49
sniffing,82370,82358,82370,12
right_turning,82390,82370,82390,20
walking,82391,82390,82391,1
rising,82410,82391,82410,19
hunching,82464,82410,82464,54
rearing,82526,82464,82526,62
walking,82567,82526,82567,41
rising,82573,82567,82573,6
climbing,82594,82573,82594,21
sniffing,82595,82594,82595,1
rising,82637,82595,82637,42
sniffing,82719,82637,82719,82
stepping,82720,82719,82720,1
sniffing,82765,82720,82765,45
rising,82814,82765,82814,49
rearing,82849,82814,82849,35
rising,82886,82849,82886,37
sniffing,82927,82886,82927,41
walking,83003,82927,83003,76
climbing,83004,83003,83004,1
rearing,83192,83004,83192,188
right_turning,83195,83192,83195,3
walking,83226,83195,83226,31
rising,83300,83226,83300,74
climbing,83325,83300,83325,25
sniffing,83435,83325,83435,110
grooming,83599,83435,83599,164
left_turning,83619,83599,83619,20
walking,83667,83619,83667,48
right_turning,83695,83667,83695,28
sniffing,83710,83695,83710,15
rising,83750,83710,83750,40
walking,83783,83750,83783,33
sniffing,83784,83783,83784,1
stepping,83816,83784,83816,32
trotting,83835,83816,83835,19
walking,83836,83835,83836,1
sniffing,83871,83836,83871,35
trotting,83897,83871,83897,26
sniffing,83959,83897,83959,62
hunching,83960,83959,83960,1
sniffing,83961,83960,83961,1
left_turning,83985,83961,83985,24
walking,84056,83985,84056,71
rising,84086,84056,84086,30
climbing,84117,84086,84117,31
sniffing,84191,84117,84191,74
rising,84195,84191,84195,4
climbing,84227,84195,84227,32
walking,84257,84227,84257,30
climbing,84269,84257,84269,12
rearing,84322,84269,84322,53
rising,84323,84322,84323,1
sniffing,84370,84323,84370,47
hunching,84430,84370,84430,60
sniffing,84453,84430,84453,23
right_turning,84459,84453,84459,6
rising,84519,84459,84519,60
climbing,84520,84519,84520,1
hunching,84575,84520,84575,55
right_turning,84593,84575,84593,18
walking,84594,84593,84594,1
rising,84617,84594,84617,23
climbing,84651,84617,84651,34
hunching,84652,84651,84652,1
rearing,84659,84652,84659,7
sniffing,84679,84659,84679,20
rising,84732,84679,84732,53
climbing,84751,84732,84751,19
grooming,84829,84751,84829,78
hunching,84929,84829,84929,100
climbing,85009,84929,85009,80
rising,85029,85009,85029,20
sniffing,85105,85029,85105,76
left_turning,85184,85105,85184,79
sniffing,85265,85184,85265,81
climbing,85333,85265,85333,68
sniffing,85372,85333,85372,39
left_turning,85373,85372,85373,1
walking,85432,85373,85432,59
rising,85470,85432,85470,38
climbing,85490,85470,85490,20
right_turning,85512,85490,85512,22
running,85550,85512,85550,38
sniffing,85554,85550,85554,4
walking,85640,85554,85640,86
climbing,85675,85640,85675,35
sniffing,85702,85675,85702,27
rising,85768,85702,85768,66
climbing,85842,85768,85842,74
sniffing,85900,85842,85900,58
left_turning,85901,85900,85901,1
sniffing,85943,85901,85943,42
walking,85944,85943,85944,1
rising,85945,85944,85945,1
sniffing,85946,85945,85946,1
climbing,85947,85946,85947,1
sniffing,85948,85947,85948,1
walking,85989,85948,85989,41
sniffing,86001,85989,86001,12
climbing,86045,86001,86045,44
rising,86089,86045,86089,44
climbing,86140,86089,86140,51
sniffing,86163,86140,86163,23
rising,86164,86163,86164,1
sniffing,86227,86164,86227,63
rising,86246,86227,86246,19
rearing,86284,86246,86284,38
grooming,86396,86284,86396,112
climbing,86397,86396,86397,1
rising,86423,86397,86423,26
left_turning,86451,86423,86451,28
walking,86478,86451,86478,27
climbing,86536,86478,86536,58
hunching,86651,86536,86651,115
right_turning,86661,86651,86661,10
walking,86683,86661,86683,22
rising,86720,86683,86720,37
climbing,86739,86720,86739,19
hunching,87048,86739,87048,309
rearing,87099,87048,87099,51
climbing,87242,87099,87242,143
sniffing,87342,87242,87342,100
walking,87379,87342,87379,37
rising,87428,87379,87428,49
climbing,87484,87428,87484,56
sniffing,87540,87484,87540,56
rising,87583,87540,87583,43
rearing,87615,87583,87615,32
left_turning,87616,87615,87616,1
climbing,87617,87616,87617,1
rising,87674,87617,87674,57
sniffing,87675,87674,87675,1
walking,87710,87675,87710,35
rising,87711,87710,87711,1
climbing,87762,87711,87762,51
sniffing,87789,87762,87789,27
stepping,87810,87789,87810,21
running,87822,87810,87822,12
sniffing,87865,87822,87865,43
left_turning,87915,87865,87915,50
trotting,87951,87915,87951,36
climbing,87998,87951,87998,47
rising,88018,87998,88018,20
left_turning,88108,88018,88108,90
sniffing,88127,88108,88127,19
rising,88157,88127,88157,30
right_turning,88158,88157,88158,1
walking,88176,88158,88176,18
left_turning,88211,88176,88211,35
walking,88223,88211,88223,12
left_turning,88224,88223,88224,1
sniffing,88277,88224,88277,53
grooming,88411,88277,88411,134
sniffing,88412,88411,88412,1
walking,88413,88412,88413,1
sniffing,88467,88413,88467,54
walking,88495,88467,88495,28
climbing,88555,88495,88555,60
running,88574,88555,88574,19
left_turning,88655,88574,88655,81
walking,88676,88655,88676,21
sniffing,88731,88676,88731,55
walking,88750,88731,88750,19
climbing,88784,88750,88784,34
rearing,88875,88784,88875,91
grooming,89210,88875,89210,335
sniffing,89277,89210,89277,67
rising,89312,89277,89312,35
hunching,89313,89312,89313,1
climbing,89322,89313,89322,9
sniffing,89411,89322,89411,89
left_turning,89460,89411,89460,49
trotting,89485,89460,89485,25
left_turning,89552,89485,89552,67
sniffing,89604,89552,89604,52
trotting,89611,89604,89611,7
grooming,89612,89611,89612,1
sniffing,89713,89612,89713,101
stepping,89731,89713,89731,18
walking,89732,89731,89732,1
sniffing,89756,89732,89756,24
walking,89783,89756,89783,27
sniffing,89838,89783,89838,55
right_turning,89883,89838,89883,45
walking,89931,89883,89931,48
sniffing,89985,89931,89985,54
climbing,90045,89985,90045,60
walking,90084,90045,90084,39
climbing,90166,90084,90166,82
sniffing,90222,90166,90222,56
grooming,90315,90222,90315,93
sniffing,90316,90315,90316,1
right_turning,90317,90316,90317,1
running,90336,90317,90336,19
stepping,90343,90336,90343,7
sniffing,90438,90343,90438,95
rising,90439,90438,90439,1
sniffing,90440,90439,90440,1
rearing,90492,90440,90492,52
sniffing,90542,90492,90542,50
right_turning,90563,90542,90563,21
sniffing,90615,90563,90615,52
hunching,90729,90615,90729,114
right_turning,90730,90729,90730,1
walking,90813,90730,90813,83
left_turning,90820,90813,90820,7
climbing,90831,90820,90831,11
sniffing,90886,90831,90886,55
rising,90928,90886,90928,42
left_turning,91036,90928,91036,108
walking,91060,91036,91060,24
sniffing,91099,91060,91099,39
rising,91100,91099,91100,1
sniffing,91175,91100,91175,75
left_turning,91176,91175,91176,1
walking,91178,91176,91178,2
left_turning,91212,91178,91212,34
stepping,91244,91212,91244,32
sniffing,91259,91244,91259,15
rearing,91358,91259,91358,99
sniffing,91359,91358,91359,1
right_turning,91392,91359,91392,33
trotting,91419,91392,91419,27
right_turning,91433,91419,91433,14
sniffing,91489,91433,91489,56
walking,91568,91489,91568,79
trotting,91610,91568,91610,42
climbing,91611,91610,91611,1
right_turning,91621,91611,91621,10
sniffing,91627,91621,91627,6
rising,91656,91627,91656,29
climbing,91675,91656,91675,19
hunching,91806,91675,91806,131
sniffing,91807,91806,91807,1
left_turning,91892,91807,91892,85
running,91915,91892,91915,23
walking,91933,91915,91933,18
left_turning,92026,91933,92026,93
running,92061,92026,92061,35
sniffing,92140,92061,92140,79
trotting,92186,92140,92186,46
sniffing,92213,92186,92213,27
walking,92249,92213,92249,36
rising,92280,92249,92280,31
climbing,92281,92280,92281,1
rising,92327,92281,92327,46
rearing,92332,92327,92332,5
sniffing,92489,92332,92489,157
left_turning,92614,92489,92614,125
running,92660,92614,92660,46
trotting,92692,92660,92692,32
left_turning,92707,92692,92707,15
walking,92788,92707,92788,81
rising,92789,92788,92789,1
sniffing,92811,92789,92811,22
rising,92873,92811,92873,62
rearing,92899,92873,92899,26
rising,92921,92899,92921,22
climbing,92937,92921,92937,16
grooming,92938,92937,92938,1
walking,92966,92938,92966,28
trotting,92974,92966,92974,8
right_turning,93022,92974,93022,48
sniffing,93030,93022,93030,8
climbing,93064,93030,93064,34
walking,93115,93064,93115,51
sniffing,93116,93115,93116,1
right_turning,93149,93116,93149,33
walking,93150,93149,93150,1
climbing,93195,93150,93195,45
rising,93237,93195,93237,42
climbing,93280,93237,93280,43
walking,93333,93280,93333,53
sniffing,93355,93333,93355,22
left_turning,93363,93355,93363,8
sniffing,93523,93363,93523,160
rising,93524,93523,93524,1
grooming,93711,93524,93711,187
climbing,93712,93711,93712,1
rearing,93734,93712,93734,22
grooming,93735,93734,93735,1
rising,93736,93735,93736,1
climbing,93791,93736,93791,55
rising,93816,93791,93816,25
walking,93838,93816,93838,22
sniffing,93868,93838,93868,30
rearing,93916,93868,93916,48
grooming,94018,93916,94018,102
climbing,94064,94018,94064,46
running,94098,94064,94098,34
sniffing,94204,94098,94204,106
climbing,94245,94204,94245,41
grooming,94350,94245,94350,105
rearing,94437,94350,94437,87
climbing,94516,94437,94516,79
rising,94517,94516,94517,1
rearing,94518,94517,94518,1
climbing,94519,94518,94519,1
walking,94576,94519,94576,57
rising,94597,94576,94597,21
climbing,94669,94597,94669,72
right_turning,94674,94669,94674,5
sniffing,94697,94674,94697,23
trotting,94712,94697,94712,15
sniffing,94736,94712,94736,24
walking,94747,94736,94747,11
rising,94761,94747,94761,14
climbing,94802,94761,94802,41
rising,94803,94802,94803,1
climbing,94914,94803,94914,111
walking,94915,94914,94915,1
rearing,95120,94915,95120,205
climbing,95154,95120,95154,34
grooming,95311,95154,95311,157
left_turning,95339,95311,95339,28
walking,95393,95339,95393,54
left_turning,95394,95393,95394,1
sniffing,95435,95394,95435,41
hunching,95564,95435,95564,129
sniffing,95671,95564,95671,107
rearing,95672,95671,95672,1
climbing,95673,95672,95673,1
rising,95675,95673,95675,2
rearing,95682,95675,95682,7
sniffing,95683,95682,95683,1
walking,95703,95683,95703,20
stepping,95722,95703,95722,19
trotting,95723,95722,95723,1
walking,95745,95723,95745,22
sniffing,95924,95745,95924,179
left_turning,95943,95924,95943,19
walking,95944,95943,95944,1
left_turning,95945,95944,95945,1
sniffing,96077,95945,96077,132
climbing,96078,96077,96078,1
rising,96079,96078,96079,1
sniffing,96162,96079,96162,83
rising,96204,96162,96204,42
sniffing,96210,96204,96210,6
walking,96266,96210,96266,56
stepping,96288,96266,96288,22
walking,96314,96288,96314,26
left_turning,96336,96314,96336,22
sniffing,96337,96336,96337,1
left_turning,96338,96337,96338,1
walking,96350,96338,96350,12
climbing,96395,96350,96395,45
sniffing,96409,96395,96409,14
stepping,96423,96409,96423,14
sniffing,96424,96423,96424,1
rising,96442,96424,96442,18
sniffing,96444,96442,96444,2
rising,96466,96444,96466,22
sniffing,96540,96466,96540,74
rising,96557,96540,96557,17
sniffing,96605,96557,96605,48
stepping,96662,96605,96662,57
sniffing,96711,96662,96711,49
rising,96730,96711,96730,19
sniffing,96731,96730,96731,1
climbing,96732,96731,96732,1
walking,96735,96732,96735,3
rising,96750,96735,96750,15
sniffing,96802,96750,96802,52
rising,96838,96802,96838,36
rearing,96904,96838,96904,66
running,96937,96904,96937,33
left_turning,96938,96937,96938,1
sniffing,96994,96938,96994,56
walking,97007,96994,97007,13
sniffing,97045,97007,97045,38
walking,97085,97045,97085,40
rising,97098,97085,97098,13
sniffing,97102,97098,97102,4
left_turning,97151,97102,97151,49
sniffing,97152,97151,97152,1
left_turning,97153,97152,97153,1
stepping,97154,97153,97154,1
climbing,97167,97154,97167,13
walking,97173,97167,97173,6
rising,97193,97173,97193,20
climbing,97239,97193,97239,46
rising,97283,97239,97283,44
rearing,97326,97283,97326,43
rising,97353,97326,97353,27
sniffing,97373,97353,97373,20
left_turning,97411,97373,97411,38
sniffing,97438,97411,97438,27
climbing,97446,97438,97446,8
rearing,97447,97446,97447,1
rising,97476,97447,97476,29
walking,97510,97476,97510,34
sniffing,97582,97510,97582,72
right_turning,97584,97582,97584,2
sniffing,97726,97584,97726,142
left_turning,97757,97726,97757,31
sniffing,97825,97757,97825,68
rearing,97826,97825,97826,1
sniffing,97854,97826,97854,28
walking,97871,97854,97871,17
rising,97909,97871,97909,38
climbing,97918,97909,97918,9
rising,97930,97918,97930,12
walking,97986,97930,97986,56
left_turning,97987,97986,97987,1
sniffing,98043,97987,98043,56
left_turning,98044,98043,98044,1
climbing,98078,98044,98078,34
rising,98111,98078,98111,33
sniffing,98145,98111,98145,34
walking,98146,98145,98146,1
sniffing,98221,98146,98221,75
climbing,98240,98221,98240,19
walking,98282,98240,98282,42
rising,98315,98282,98315,33
left_turning,98344,98315,98344,29
climbing,98375,98344,98375,31
sniffing,98471,98375,98471,96
grooming,98472,98471,98472,1
climbing,98539,98472,98539,67
walking,98563,98539,98563,24
rising,98575,98563,98575,12
sniffing,98634,98575,98634,59
left_turning,98656,98634,98656,22
walking,98712,98656,98712,56
sniffing,98713,98712,98713,1
trotting,98728,98713,98728,15
left_turning,98795,98728,98795,67
right_turning,98796,98795,98796,1
left_turning,98797,98796,98797,1
rising,98812,98797,98812,15
sniffing,98817,98812,98817,5
walking,98870,98817,98870,53
rising,98889,98870,98889,19
climbing,98905,98889,98905,16
running,98958,98905,98958,53
sniffing,98978,98958,98978,20
walking,98979,98978,98979,1
left_turning,99020,98979,99020,41
sniffing,99021,99020,99021,1
stepping,99060,99021,99060,39
right_turning,99076,99060,99076,16
rising,99165,99076,99165,89
sniffing,99294,99165,99294,129
rising,99300,99294,99300,6
climbing,99385,99300,99385,85
grooming,99512,99385,99512,127
sniffing,99513,99512,99513,1
climbing,99556,99513,99556,43
grooming,99557,99556,99557,1
rearing,99560,99557,99560,3
climbing,99623,99560,99623,63
sniffing,99624,99623,99624,1
climbing,99636,99624,99636,12
rising,99709,99636,99709,73
sniffing,99758,99709,99758,49
hunching,99846,99758,99846,88
rising,99914,99846,99914,68
sniffing,99925,99914,99925,11
pausing,99926,99925,99926,1
sniffing,99927,99926,99927,1
rearing,100048,99927,100048,121
sniffing,100155,100048,100155,107
pausing,100156,100155,100156,1
sniffing,100157,100156,100157,1
trotting,100171,100157,100171,14
sniffing,100203,100171,100203,32
rising,100204,100203,100204,1
grooming,100395,100204,100395,191
rearing,100456,100395,100456,61
left_turning,100536,100456,100536,80
walking,100566,100536,100566,30
left_turning,100591,100566,100591,25
rising,100629,100591,100629,38
climbing,100684,100629,100684,55
rearing,100786,100684,100786,102
walking,100809,100786,100809,23
rising,100899,100809,100899,90
left_turning,100955,100899,100955,56
sniffing,100970,100955,100970,15
trotting,100971,100970,100971,1
running,100993,100971,100993,22
walking,101018,100993,101018,25
climbing,101043,101018,101043,25
rising,101136,101043,101136,93
walking,101159,101136,101159,23
sniffing,101170,101159,101170,11
trotting,101171,101170,101171,1
sniffing,101172,101171,101172,1
climbing,101254,101172,101254,82
walking,101263,101254,101263,9
rising,101293,101263,101293,30
sniffing,101340,101293,101340,47
grooming,101352,101340,101352,12
climbing,101381,101352,101381,29
right_turning,101396,101381,101396,15
sniffing,101458,101396,101458,62
climbing,101459,101458,101459,1
walking,101460,101459,101460,1
sniffing,101461,101460,101461,1
hunching,101462,101461,101462,1
stepping,101491,101462,101491,29
left_turning,101514,101491,101514,23
walking,101520,101514,101520,6
climbing,101572,101520,101572,52
sniffing,101627,101572,101627,55
grooming,101854,101627,101854,227
sniffing,101855,101854,101855,1
left_turning,101925,101855,101925,70
sniffing,102073,101925,102073,148
climbing,102077,102073,102077,4
rising,102131,102077,102131,54
sniffing,102192,102131,102192,61
rearing,102272,102192,102272,80
rising,102342,102272,102342,70
sniffing,102363,102342,102363,21
right_turning,102373,102363,102373,10
trotting,102401,102373,102401,28
sniffing,102487,102401,102487,86
trotting,102510,102487,102510,23
walking,102511,102510,102511,1
sniffing,102512,102511,102512,1
climbing,102513,102512,102513,1
walking,102548,102513,102548,35
left_turning,102568,102548,102568,20
sniffing,102597,102568,102597,29
climbing,102741,102597,102741,144
rising,102758,102741,102758,17
trotting,102784,102758,102784,26
sniffing,102912,102784,102912,128
pausing,102913,102912,102913,1
sniffing,102914,102913,102914,1
grooming,103078,102914,103078,164
walking,103102,103078,103102,24
sniffing,103146,103102,103146,44
left_turning,103158,103146,103158,12
sniffing,103195,103158,103195,37
grooming,103202,103195,103202,7
sniffing,103252,103202,103252,50
running,103270,103252,103270,18
sniffing,103283,103270,103283,13
rising,103302,103283,103302,19
walking,103359,103302,103359,57
stepping,103383,103359,103383,24
left_turning,103384,103383,103384,1
walking,103391,103384,103391,7
sniffing,103392,103391,103392,1
trotting,103408,103392,103408,16
left_turning,103480,103408,103480,72
jumping,103642,103480,103642,162
rising,103643,103642,103643,1
right_turning,103653,103643,103653,10
sniffing,103660,103653,103660,7
left_turning,103666,103660,103666,6
running,103693,103666,103693,27
trotting,103717,103693,103717,24
walking,103807,103717,103807,90
sniffing,103808,103807,103808,1
rising,103840,103808,103840,32
sniffing,104020,103840,104020,180
rising,104023,104020,104023,3
sniffing,104039,104023,104039,16
walking,104074,104039,104074,35
rising,104082,104074,104082,8
left_turning,104139,104082,104139,57
sniffing,104140,104139,104140,1
walking,104141,104140,104141,1
sniffing,104197,104141,104197,56
walking,104230,104197,104230,33
hunching,104231,104230,104231,1
sniffing,104243,104231,104243,12
left_turning,104244,104243,104244,1
sniffing,104245,104244,104245,1
climbing,104317,104245,104317,72
rising,104485,104317,104485,168
sniffing,104604,104485,104604,119
climbing,104643,104604,104643,39
sniffing,104708,104643,104708,65
running,104730,104708,104730,22
rising,104742,104730,104742,12
sniffing,104863,104742,104863,121
walking,104875,104863,104875,12
rearing,104876,104875,104876,1
grooming,104877,104876,104877,1
walking,104881,104877,104881,4
climbing,104882,104881,104882,1
sniffing,104883,104882,104883,1
pausing,104884,104883,104884,1
sniffing,104966,104884,104966,82
hunching,104967,104966,104967,1
right_turning,104992,104967,104992,25
rising,105123,104992,105123,131
climbing,105154,105123,105154,31
right_turning,105161,105154,105161,7
sniffing,105168,105161,105168,7
rising,105210,105168,105210,42
rearing,105399,105210,105399,189
walking,105438,105399,105438,39
sniffing,105518,105438,105518,80
rising,105519,105518,105519,1
sniffing,105637,105519,105637,118
rearing,105638,105637,105638,1
grooming,105759,105638,105759,121
rising,105831,105759,105831,72
sniffing,105963,105831,105963,132
rising,105965,105963,105965,2
climbing,106037,105965,106037,72
walking,106105,106037,106105,68
sniffing,106134,106105,106134,29
pausing,106135,106134,106135,1
sniffing,106166,106135,106166,31
left_turning,106229,106166,106229,63
sniffing,106259,106229,106259,30
grooming,106724,106259,106724,465
sniffing,106810,106724,106810,86
rising,106882,106810,106882,72
climbing,106946,106882,106946,64
rising,106996,106946,106996,50
climbing,107063,106996,107063,67
hunching,107176,107063,107176,113
grooming,107177,107176,107177,1
hunching,107235,107177,107235,58
right_turning,107238,107235,107238,3
walking,107252,107238,107252,14
sniffing,107296,107252,107296,44
walking,107301,107296,107301,5
climbing,107355,107301,107355,54
trotting,107358,107355,107358,3
left_turning,107364,107358,107364,6
sniffing,107426,107364,107426,62
climbing,107427,107426,107427,1
rearing,107428,107427,107428,1
hunching,107553,107428,107553,125
grooming,107554,107553,107554,1
left_turning,107587,107554,107587,33
running,107598,107587,107598,11
sniffing,107690,107598,107690,92
trotting,107712,107690,107712,22
walking,107739,107712,107739,27
sniffing,107800,107739,107800,61
stepping,107801,107800,107801,1
sniffing,107840,107801,107840,39
rearing,107841,107840,107841,1
sniffing,107879,107841,107879,38
climbing,107896,107879,107896,17
rising,107938,107896,107938,42
rearing,108000,107938,108000,62
